INSTRUMENT,SYMBOL,EXPIRY_DT,STRIKE_PR,OPTION_TYP,OPEN,HIGH,LOW,CLOSE,SETTLE_PR,CONTRACTS,VAL_INLAKH,OPEN_INT,CHG_IN_OI,TIMESTAMP,Unnamed: 15
FUTIDX,BANKNIFTY,28-Apr-2022,0.0,XX,36900.3,37084.25,36555.55,36906.35,36906.35,163447,1505834.63,2229800,-44450,18-APR-2022,
FUTIDX,BANKNIFTY,26-May-2022,0.0,XX,37103.7,37212.7,36685.0,37038.5,37038.5,13150,121539.42,311950,71225,18-APR-2022,
FUTIDX,BANKNIFTY,30-Jun-2022,0.0,XX,37064.55,37315.0,36840.0,37154.2,37154.2,2356,21854.59,84375,16000,18-APR-2022,
FUTIDX,FINNIFTY,26-Apr-2022,0.0,XX,17102.4,17254.6,17000.0,17134.7,17134.7,37,253.29,2040,0,18-APR-2022,
FUTIDX,FINNIFTY,31-May-2022,0.0,XX,17205.35,17205.35,17047.55,17104.65,17104.65,6,41.14,320,-40,18-APR-2022,
FUTIDX,FINNIFTY,28-Jun-2022,0.0,XX,0.0,0.0,0.0,17897.7,17176.1,0,0.0,0,0,18-APR-2022,
FUTIDX,MIDCPNIFTY,19-Apr-2022,0.0,XX,0.0,0.0,0.0,7363.45,7376.85,0,0.0,0,0,18-APR-2022,
FUTIDX,MIDCPNIFTY,26-Apr-2022,0.0,XX,7500.0,7744.95,7220.65,7250.05,7382.65,17,94.06,1125,75,18-APR-2022,
FUTIDX,MIDCPNIFTY,02-May-2022,0.0,XX,0.0,0.0,0.0,7060.05,7387.65,0,0.0,0,0,18-APR-2022,
FUTIDX,MIDCPNIFTY,10-May-2022,0.0,XX,0.0,0.0,0.0,6721.4,7394.3,0,0.0,0,0,18-APR-2022,
FUTIDX,MIDCPNIFTY,17-May-2022,0.0,XX,0.0,0.0,0.0,6981.6,7400.15,0,0.0,0,0,18-APR-2022,
FUTIDX,MIDCPNIFTY,24-May-2022,0.0,XX,0.0,0.0,0.0,7209.4,7407.0,0,0.0,0,0,18-APR-2022,
FUTIDX,MIDCPNIFTY,31-May-2022,0.0,XX,7740.0,7740.0,7050.0,7355.0,7355.0,5,27.94,600,0,18-APR-2022,
FUTIDX,MIDCPNIFTY,07-Jun-2022,0.0,XX,0.0,0.0,0.0,7654.85,7419.1,0,0.0,0,0,18-APR-2022,
FUTIDX,MIDCPNIFTY,14-Jun-2022,0.0,XX,0.0,0.0,0.0,7566.2,7425.15,0,0.0,0,0,18-APR-2022,
FUTIDX,MIDCPNIFTY,28-Jun-2022,0.0,XX,0.0,0.0,0.0,7723.85,7437.25,0,0.0,300,0,18-APR-2022,
FUTIDX,NIFTY,28-Apr-2022,0.0,XX,17221.15,17286.7,17109.95,17229.6,17229.6,205301,1766715.88,9900050,294950,18-APR-2022,
FUTIDX,NIFTY,26-May-2022,0.0,XX,17300.8,17393.0,17165.0,17276.25,17276.25,18586,160389.3,1848200,72850,18-APR-2022,
FUTIDX,NIFTY,30-Jun-2022,0.0,XX,17493.3,17493.3,17205.0,17317.7,17317.7,5554,48043.78,501950,78850,18-APR-2022,
FUTSTK,AARTIIND,28-Apr-2022,0.0,XX,947.55,954.0,930.0,944.4,944.4,837,6701.65,1904000,73100,18-APR-2022,
FUTSTK,AARTIIND,26-May-2022,0.0,XX,940.15,951.3,932.0,944.85,944.85,86,688.96,118150,26350,18-APR-2022,
FUTSTK,AARTIIND,30-Jun-2022,0.0,XX,946.0,946.0,946.0,946.0,947.5,1,8.04,6800,0,18-APR-2022,
FUTSTK,ABB,28-Apr-2022,0.0,XX,2182.05,2224.0,2141.45,2187.3,2187.3,492,2676.46,264000,-8000,18-APR-2022,
FUTSTK,ABB,26-May-2022,0.0,XX,2199.3,2199.3,2151.85,2196.95,2196.95,21,113.75,8000,1000,18-APR-2022,
FUTSTK,ABB,30-Jun-2022,0.0,XX,0.0,0.0,0.0,2180.9,2202.2,0,0.0,0,0,18-APR-2022,
FUTSTK,ABBOTINDIA,28-Apr-2022,0.0,XX,17700.1,17785.85,17354.3,17394.65,17394.65,406,1778.16,32025,325,18-APR-2022,
FUTSTK,ABBOTINDIA,26-May-2022,0.0,XX,17790.0,17790.0,17437.4,17462.85,17462.85,48,210.48,1950,175,18-APR-2022,
FUTSTK,ABBOTINDIA,30-Jun-2022,0.0,XX,17900.0,17900.0,17550.0,17550.0,17489.0,4,17.72,225,25,18-APR-2022,
FUTSTK,ABCAPITAL,28-Apr-2022,0.0,XX,115.9,116.7,113.9,115.0,115.0,811,4112.71,20385200,-607200,18-APR-2022,
FUTSTK,ABCAPITAL,26-May-2022,0.0,XX,116.4,117.05,114.5,115.5,115.5,200,1019.69,2054800,453200,18-APR-2022,
FUTSTK,ABCAPITAL,30-Jun-2022,0.0,XX,115.95,117.0,115.75,116.1,116.1,7,35.8,158400,22000,18-APR-2022,
FUTSTK,ABFRL,28-Apr-2022,0.0,XX,292.4,298.6,287.4,294.1,294.1,1449,11025.28,11250200,-75400,18-APR-2022,
FUTSTK,ABFRL,26-May-2022,0.0,XX,293.0,299.5,288.85,295.1,295.1,179,1367.46,598000,153400,18-APR-2022,
FUTSTK,ABFRL,30-Jun-2022,0.0,XX,292.7,296.6,292.7,296.6,295.7,4,30.64,39000,2600,18-APR-2022,
FUTSTK,ACC,28-Apr-2022,0.0,XX,2224.4,2261.2,2152.1,2159.15,2159.15,5819,31754.21,3041000,-31500,18-APR-2022,
FUTSTK,ACC,26-May-2022,0.0,XX,2237.65,2256.15,2160.3,2167.85,2167.85,482,2641.45,121000,28250,18-APR-2022,
FUTSTK,ACC,30-Jun-2022,0.0,XX,2219.4,2219.4,2179.0,2179.0,2173.55,7,38.3,14750,750,18-APR-2022,
FUTSTK,ADANIENT,28-Apr-2022,0.0,XX,2180.0,2246.5,2160.05,2240.2,2240.2,7965,87955.9,18831000,-19000,18-APR-2022,
FUTSTK,ADANIENT,26-May-2022,0.0,XX,2200.5,2253.95,2170.0,2247.8,2247.8,614,6801.53,306500,45500,18-APR-2022,
FUTSTK,ADANIENT,30-Jun-2022,0.0,XX,2197.85,2253.0,2184.0,2251.3,2251.3,59,654.16,39500,2500,18-APR-2022,
FUTSTK,ADANIPORTS,28-Apr-2022,0.0,XX,827.2,849.85,824.1,846.0,846.0,5300,55441.0,74761250,-315000,18-APR-2022,
FUTSTK,ADANIPORTS,26-May-2022,0.0,XX,835.95,852.85,827.6,849.45,849.45,979,10267.18,1636250,176250,18-APR-2022,
FUTSTK,ADANIPORTS,30-Jun-2022,0.0,XX,834.55,851.35,830.05,851.35,849.9,17,178.2,142500,-3750,18-APR-2022,
FUTSTK,ALKEM,28-Apr-2022,0.0,XX,3445.3,3490.0,3401.4,3471.1,3471.1,847,5836.3,203200,7400,18-APR-2022,
FUTSTK,ALKEM,26-May-2022,0.0,XX,3432.1,3472.15,3425.35,3464.55,3464.55,22,151.54,8800,-1600,18-APR-2022,
FUTSTK,ALKEM,30-Jun-2022,0.0,XX,0.0,0.0,0.0,3492.35,3473.9,0,0.0,1000,0,18-APR-2022,
FUTSTK,AMARAJABAT,28-Apr-2022,0.0,XX,566.5,571.1,560.0,570.5,570.5,789,4465.96,6646000,-42000,18-APR-2022,
FUTSTK,AMARAJABAT,26-May-2022,0.0,XX,537.25,573.0,537.25,572.65,572.65,161,913.7,486000,54000,18-APR-2022,
FUTSTK,AMARAJABAT,30-Jun-2022,0.0,XX,570.0,570.0,565.55,570.0,573.3,12,68.16,56000,3000,18-APR-2022,
FUTSTK,AMBUJACEM,28-Apr-2022,0.0,XX,361.35,379.85,361.1,365.4,365.4,10625,58519.26,28456500,-1089000,18-APR-2022,
FUTSTK,AMBUJACEM,26-May-2022,0.0,XX,370.0,381.2,362.6,366.9,366.9,822,4537.23,948000,142500,18-APR-2022,
FUTSTK,AMBUJACEM,30-Jun-2022,0.0,XX,381.05,381.05,365.0,368.5,368.5,169,934.52,772500,195000,18-APR-2022,
FUTSTK,APLLTD,28-Apr-2022,0.0,XX,772.05,779.4,768.55,776.6,776.6,354,1920.59,1692600,-16800,18-APR-2022,
FUTSTK,APLLTD,26-May-2022,0.0,XX,771.3,779.5,771.3,775.2,775.2,36,195.55,43400,11200,18-APR-2022,
FUTSTK,APLLTD,30-Jun-2022,0.0,XX,780.75,780.75,778.05,778.05,778.05,3,16.35,2800,1400,18-APR-2022,
FUTSTK,APOLLOHOSP,28-Apr-2022,0.0,XX,4707.75,4746.4,4519.6,4555.9,4555.9,5460,31380.73,1787000,-23125,18-APR-2022,
FUTSTK,APOLLOHOSP,26-May-2022,0.0,XX,4729.95,4762.8,4540.0,4576.7,4576.7,531,3065.0,61250,19625,18-APR-2022,
FUTSTK,APOLLOHOSP,30-Jun-2022,0.0,XX,4778.4,4778.4,4560.0,4597.2,4597.2,25,144.35,3625,500,18-APR-2022,
FUTSTK,APOLLOTYRE,28-Apr-2022,0.0,XX,193.0,195.45,189.05,190.55,190.55,1807,8632.12,13012500,-912500,18-APR-2022,
FUTSTK,APOLLOTYRE,26-May-2022,0.0,XX,196.3,196.3,190.0,191.35,191.35,239,1149.05,857500,175000,18-APR-2022,
FUTSTK,APOLLOTYRE,30-Jun-2022,0.0,XX,194.5,194.5,192.65,192.65,192.65,5,24.2,117500,7500,18-APR-2022,
FUTSTK,ASHOKLEY,28-Apr-2022,0.0,XX,126.5,128.85,125.6,128.1,128.1,2530,14500.01,28588500,-738000,18-APR-2022,
FUTSTK,ASHOKLEY,26-May-2022,0.0,XX,126.35,129.2,126.2,128.6,128.6,494,2850.5,2821500,1206000,18-APR-2022,
FUTSTK,ASHOKLEY,30-Jun-2022,0.0,XX,126.8,129.4,126.65,128.9,128.9,31,178.76,274500,4500,18-APR-2022,
FUTSTK,ASIANPAINT,28-Apr-2022,0.0,XX,3059.6,3065.7,3025.15,3033.85,3033.85,5951,27173.88,4903800,-13800,18-APR-2022,
FUTSTK,ASIANPAINT,26-May-2022,0.0,XX,3063.5,3075.0,3035.5,3042.45,3042.45,1055,4829.18,168600,34350,18-APR-2022,
FUTSTK,ASIANPAINT,30-Jun-2022,0.0,XX,3081.0,3081.0,3040.0,3047.5,3047.5,69,316.1,24300,3600,18-APR-2022,
FUTSTK,ASTRAL,28-Apr-2022,0.0,XX,2127.0,2127.0,2044.95,2099.95,2099.95,1484,8498.72,654225,-6875,18-APR-2022,
FUTSTK,ASTRAL,26-May-2022,0.0,XX,2097.95,2120.0,2052.95,2106.2,2106.2,157,901.0,25575,6325,18-APR-2022,
FUTSTK,ASTRAL,30-Jun-2022,0.0,XX,2073.45,2120.65,2073.45,2120.65,2118.65,6,34.51,3850,1650,18-APR-2022,
FUTSTK,ATUL,28-Apr-2022,0.0,XX,9675.05,9850.05,9600.05,9800.95,9800.95,514,3766.72,146400,-4650,18-APR-2022,
FUTSTK,ATUL,26-May-2022,0.0,XX,9721.5,9766.65,9695.2,9717.25,9717.25,49,357.15,4050,1350,18-APR-2022,
FUTSTK,ATUL,30-Jun-2022,0.0,XX,9708.05,9708.05,9708.0,9708.0,9856.1,3,21.84,225,225,18-APR-2022,
FUTSTK,AUBANK,28-Apr-2022,0.0,XX,1389.95,1398.25,1359.75,1378.9,1378.9,3107,21453.46,2072000,57000,18-APR-2022,
FUTSTK,AUBANK,26-May-2022,0.0,XX,1386.25,1395.0,1356.0,1376.45,1376.45,435,3002.26,286500,56500,18-APR-2022,
FUTSTK,AUBANK,30-Jun-2022,0.0,XX,1389.55,1390.9,1359.7,1359.7,1392.15,6,41.43,4500,500,18-APR-2022,
FUTSTK,AUROPHARMA,28-Apr-2022,0.0,XX,684.05,688.0,664.8,676.65,676.65,2821,14288.99,15003000,4500,18-APR-2022,
FUTSTK,AUROPHARMA,26-May-2022,0.0,XX,686.15,690.0,668.0,679.75,679.75,480,2442.41,510750,178500,18-APR-2022,
FUTSTK,AUROPHARMA,30-Jun-2022,0.0,XX,689.0,689.0,676.8,682.35,682.35,8,41.06,14250,-1500,18-APR-2022,
FUTSTK,AXISBANK,28-Apr-2022,0.0,XX,782.55,803.95,778.55,800.55,800.55,10259,97342.66,42206400,586800,18-APR-2022,
FUTSTK,AXISBANK,26-May-2022,0.0,XX,787.25,806.5,782.0,803.8,803.8,1975,18749.49,2398800,915600,18-APR-2022,
FUTSTK,AXISBANK,30-Jun-2022,0.0,XX,785.0,808.0,785.0,807.1,807.1,39,372.13,46800,0,18-APR-2022,
FUTSTK,BAJAJ-AUTO,28-Apr-2022,0.0,XX,3660.45,3748.1,3648.25,3699.5,3699.5,2135,19754.93,1824750,127750,18-APR-2022,
FUTSTK,BAJAJ-AUTO,26-May-2022,0.0,XX,3640.9,3740.25,3640.85,3692.4,3692.4,144,1328.77,106500,8250,18-APR-2022,
FUTSTK,BAJAJ-AUTO,30-Jun-2022,0.0,XX,3731.05,3731.05,3669.55,3679.75,3679.75,6,55.38,5500,750,18-APR-2022,
FUTSTK,BAJAJFINSV,28-Apr-2022,0.0,XX,16009.35,16031.85,15705.25,15881.35,15881.35,5275,41845.91,602050,9750,18-APR-2022,
FUTSTK,BAJAJFINSV,26-May-2022,0.0,XX,15879.45,16070.0,15777.1,15945.65,15945.65,530,4215.83,41050,8700,18-APR-2022,
FUTSTK,BAJAJFINSV,30-Jun-2022,0.0,XX,15960.0,16090.0,15865.0,16018.55,16018.55,36,287.65,4100,550,18-APR-2022,
FUTSTK,BAJFINANCE,28-Apr-2022,0.0,XX,7284.0,7389.6,7242.0,7288.55,7288.55,5492,50134.77,3947000,32375,18-APR-2022,
FUTSTK,BAJFINANCE,26-May-2022,0.0,XX,7300.0,7414.8,7270.4,7315.95,7315.95,898,8223.24,115250,26875,18-APR-2022,
FUTSTK,BAJFINANCE,30-Jun-2022,0.0,XX,7300.0,7399.45,7300.0,7322.0,7322.0,11,101.17,11750,125,18-APR-2022,
FUTSTK,BALKRISIND,28-Apr-2022,0.0,XX,2072.45,2104.5,2051.35,2090.8,2090.8,2050,8515.66,1237800,-12000,18-APR-2022,
FUTSTK,BALKRISIND,26-May-2022,0.0,XX,2079.3,2105.35,2061.75,2097.9,2097.9,181,755.58,38000,6800,18-APR-2022,
FUTSTK,BALKRISIND,30-Jun-2022,0.0,XX,2097.8,2101.8,2094.3,2101.7,2101.7,5,20.99,4000,0,18-APR-2022,
FUTSTK,BALRAMCHIN,28-Apr-2022,0.0,XX,471.2,496.7,471.2,492.8,492.8,3553,27698.68,7790400,17600,18-APR-2022,
FUTSTK,BALRAMCHIN,26-May-2022,0.0,XX,469.0,497.9,469.0,494.75,494.75,316,2476.77,670400,99200,18-APR-2022,
FUTSTK,BALRAMCHIN,30-Jun-2022,0.0,XX,483.0,496.7,483.0,496.7,495.45,14,109.83,96000,12800,18-APR-2022,
FUTSTK,BANDHANBNK,28-Apr-2022,0.0,XX,322.05,326.85,316.2,324.05,324.05,5587,32458.13,36174600,-14400,18-APR-2022,
FUTSTK,BANDHANBNK,26-May-2022,0.0,XX,324.0,327.55,317.95,324.4,324.4,1191,6945.17,1690200,813600,18-APR-2022,
FUTSTK,BANDHANBNK,30-Jun-2022,0.0,XX,321.05,325.85,321.05,323.0,325.25,3,17.45,117000,-5400,18-APR-2022,
FUTSTK,BANKBARODA,28-Apr-2022,0.0,XX,118.4,118.5,113.7,114.4,114.4,4674,63190.82,110670300,9664200,18-APR-2022,
FUTSTK,BANKBARODA,26-May-2022,0.0,XX,119.0,119.0,114.1,114.8,114.8,668,9049.75,7324200,3065400,18-APR-2022,
FUTSTK,BANKBARODA,30-Jun-2022,0.0,XX,117.9,117.9,114.4,114.85,114.85,31,420.42,737100,70200,18-APR-2022,
FUTSTK,BATAINDIA,28-Apr-2022,0.0,XX,1870.5,1980.0,1870.5,1974.45,1974.45,1349,14475.39,1456400,-28050,18-APR-2022,
FUTSTK,BATAINDIA,26-May-2022,0.0,XX,1971.0,1986.95,1926.0,1981.65,1981.65,92,991.73,54450,9350,18-APR-2022,
FUTSTK,BATAINDIA,30-Jun-2022,0.0,XX,1955.0,1955.0,1955.0,1955.0,1986.65,1,10.75,6600,0,18-APR-2022,
FUTSTK,BEL,28-Apr-2022,0.0,XX,245.1,257.0,244.5,255.2,255.2,6386,61367.11,31422200,-2014000,18-APR-2022,
FUTSTK,BEL,26-May-2022,0.0,XX,245.85,257.55,245.8,255.9,255.9,621,5987.99,1280600,254600,18-APR-2022,
FUTSTK,BEL,30-Jun-2022,0.0,XX,249.3,257.65,249.3,256.7,257.15,23,223.3,216600,15200,18-APR-2022,
FUTSTK,BERGEPAINT,28-Apr-2022,0.0,XX,715.5,722.85,707.95,719.95,719.95,657,5192.53,3974300,95700,18-APR-2022,
FUTSTK,BERGEPAINT,26-May-2022,0.0,XX,718.1,725.0,716.4,722.4,722.4,71,563.13,143000,29700,18-APR-2022,
FUTSTK,BERGEPAINT,30-Jun-2022,0.0,XX,722.7,723.15,722.7,723.15,725.0,2,15.9,8800,1100,18-APR-2022,
FUTSTK,BHARATFORG,28-Apr-2022,0.0,XX,719.85,735.05,696.95,730.6,730.6,1883,10264.03,5148000,72750,18-APR-2022,
FUTSTK,BHARATFORG,26-May-2022,0.0,XX,728.0,737.05,720.0,732.75,732.75,198,1082.16,291750,69000,18-APR-2022,
FUTSTK,BHARATFORG,30-Jun-2022,0.0,XX,0.0,0.0,0.0,739.0,734.7,0,0.0,9000,0,18-APR-2022,
FUTSTK,BHARTIARTL,28-Apr-2022,0.0,XX,740.0,741.9,725.9,732.9,732.9,6521,45347.67,48460450,704900,18-APR-2022,
FUTSTK,BHARTIARTL,26-May-2022,0.0,XX,739.9,744.3,728.45,734.55,734.55,1925,13418.73,2296150,1075400,18-APR-2022,
FUTSTK,BHARTIARTL,30-Jun-2022,0.0,XX,743.75,744.1,732.45,739.85,739.85,81,566.98,124450,7600,18-APR-2022,
FUTSTK,BHEL,28-Apr-2022,0.0,XX,54.0,55.35,53.55,54.6,54.6,1987,11336.42,99193500,997500,18-APR-2022,
FUTSTK,BHEL,26-May-2022,0.0,XX,54.2,55.55,53.85,54.85,54.85,300,1719.33,9649500,1302000,18-APR-2022,
FUTSTK,BHEL,30-Jun-2022,0.0,XX,54.7,55.7,54.1,55.0,55.0,23,132.63,1008000,0,18-APR-2022,
FUTSTK,BIOCON,28-Apr-2022,0.0,XX,349.95,351.45,339.35,343.85,343.85,1660,13117.41,14087500,41400,18-APR-2022,
FUTSTK,BIOCON,26-May-2022,0.0,XX,350.0,352.95,340.55,344.95,344.95,268,2125.28,811900,204700,18-APR-2022,
FUTSTK,BIOCON,30-Jun-2022,0.0,XX,351.1,351.35,343.0,346.55,346.15,24,191.35,85100,34500,18-APR-2022,
FUTSTK,BOSCHLTD,28-Apr-2022,0.0,XX,14150.35,14622.55,14106.75,14599.15,14599.15,566,4098.98,143700,-3150,18-APR-2022,
FUTSTK,BOSCHLTD,26-May-2022,0.0,XX,14499.5,14655.0,14359.05,14645.2,14645.2,437,3169.84,9900,750,18-APR-2022,
FUTSTK,BOSCHLTD,30-Jun-2022,0.0,XX,14576.15,14576.15,14576.15,14576.15,14697.85,1,7.28,500,0,18-APR-2022,
FUTSTK,BPCL,28-Apr-2022,0.0,XX,378.4,378.85,371.4,372.75,372.75,1485,10004.36,17521200,273600,18-APR-2022,
FUTSTK,BPCL,26-May-2022,0.0,XX,378.2,379.05,373.0,374.2,374.2,157,1062.46,777600,43200,18-APR-2022,
FUTSTK,BPCL,30-Jun-2022,0.0,XX,374.85,375.0,374.35,374.7,374.7,4,26.98,43200,3600,18-APR-2022,
FUTSTK,BRITANNIA,28-Apr-2022,0.0,XX,3337.05,3375.1,3314.8,3353.15,3353.15,1216,8147.15,1329600,4600,18-APR-2022,
FUTSTK,BRITANNIA,26-May-2022,0.0,XX,3320.05,3355.35,3294.4,3339.8,3339.8,150,998.56,61800,1200,18-APR-2022,
FUTSTK,BRITANNIA,30-Jun-2022,0.0,XX,3340.0,3353.4,3340.0,3345.0,3372.2,6,40.13,9400,400,18-APR-2022,
FUTSTK,BSOFT,28-Apr-2022,0.0,XX,439.8,444.2,424.0,426.25,426.25,3109,17522.9,4472000,-323700,18-APR-2022,
FUTSTK,BSOFT,26-May-2022,0.0,XX,447.5,447.5,426.0,428.85,428.85,418,2354.14,484900,143000,18-APR-2022,
FUTSTK,BSOFT,30-Jun-2022,0.0,XX,440.65,443.5,428.4,429.5,429.5,28,158.5,53300,2600,18-APR-2022,
FUTSTK,CANBK,28-Apr-2022,0.0,XX,238.95,240.1,232.0,235.3,235.3,2969,37763.93,41142600,118800,18-APR-2022,
FUTSTK,CANBK,26-May-2022,0.0,XX,240.0,240.85,233.0,236.1,236.1,554,7049.84,2845800,982800,18-APR-2022,
FUTSTK,CANBK,30-Jun-2022,0.0,XX,239.55,239.55,233.2,236.1,236.1,19,242.4,259200,10800,18-APR-2022,
FUTSTK,CANFINHOME,28-Apr-2022,0.0,XX,625.3,635.0,611.1,626.35,626.35,748,4542.39,3392025,-95550,18-APR-2022,
FUTSTK,CANFINHOME,26-May-2022,0.0,XX,630.0,635.0,616.4,629.0,629.0,53,323.51,132600,17550,18-APR-2022,
FUTSTK,CANFINHOME,30-Jun-2022,0.0,XX,623.1,623.1,622.85,622.85,631.6,2,12.14,7800,975,18-APR-2022,
FUTSTK,CHAMBLFERT,28-Apr-2022,0.0,XX,475.1,511.2,472.75,508.6,508.6,5154,38207.01,3120000,534000,18-APR-2022,
FUTSTK,CHAMBLFERT,26-May-2022,0.0,XX,476.0,510.0,475.0,507.65,507.65,317,2366.81,186000,36000,18-APR-2022,
FUTSTK,CHAMBLFERT,30-Jun-2022,0.0,XX,479.0,508.75,479.0,507.7,507.7,11,82.85,24000,0,18-APR-2022,
FUTSTK,CHOLAFIN,28-Apr-2022,0.0,XX,722.1,731.0,713.8,728.1,728.1,1840,16614.08,8511250,-147500,18-APR-2022,
FUTSTK,CHOLAFIN,26-May-2022,0.0,XX,720.0,732.45,717.55,730.75,730.75,230,2084.92,356250,27500,18-APR-2022,
FUTSTK,CHOLAFIN,30-Jun-2022,0.0,XX,725.9,728.2,725.6,728.2,731.05,3,27.24,13750,0,18-APR-2022,
FUTSTK,CIPLA,28-Apr-2022,0.0,XX,1009.95,1038.95,1009.95,1031.15,1031.15,3885,25905.88,7965750,-256750,18-APR-2022,
FUTSTK,CIPLA,26-May-2022,0.0,XX,1020.05,1040.15,1018.6,1034.35,1034.35,474,3166.91,366600,72800,18-APR-2022,
FUTSTK,CIPLA,30-Jun-2022,0.0,XX,1040.0,1040.0,1033.55,1035.0,1035.0,4,26.92,10400,1300,18-APR-2022,
FUTSTK,COALINDIA,28-Apr-2022,0.0,XX,187.35,191.5,184.75,190.0,190.0,5109,40552.76,37489200,848400,18-APR-2022,
FUTSTK,COALINDIA,26-May-2022,0.0,XX,181.5,192.1,181.5,190.8,190.8,893,7125.46,3901800,940800,18-APR-2022,
FUTSTK,COALINDIA,30-Jun-2022,0.0,XX,190.15,191.45,188.05,188.85,191.1,12,95.65,260400,16800,18-APR-2022,
FUTSTK,COFORGE,28-Apr-2022,0.0,XX,4070.0,4123.2,3992.65,4083.5,4083.5,3662,14847.48,956100,-12200,18-APR-2022,
FUTSTK,COFORGE,26-May-2022,0.0,XX,4058.25,4130.0,4015.0,4097.45,4097.45,277,1128.76,40300,8100,18-APR-2022,
FUTSTK,COFORGE,30-Jun-2022,0.0,XX,4109.5,4115.0,4029.75,4103.3,4103.3,23,93.56,3200,500,18-APR-2022,
FUTSTK,COLPAL,28-Apr-2022,0.0,XX,1540.3,1555.0,1520.8,1550.75,1550.75,754,4075.18,2219350,7700,18-APR-2022,
FUTSTK,COLPAL,26-May-2022,0.0,XX,1521.0,1541.0,1518.15,1539.25,1539.25,126,676.34,114800,9100,18-APR-2022,
FUTSTK,COLPAL,30-Jun-2022,0.0,XX,1543.95,1544.0,1543.95,1544.0,1557.45,4,21.61,9100,1050,18-APR-2022,
FUTSTK,CONCOR,28-Apr-2022,0.0,XX,673.7,678.9,665.05,675.6,675.6,1237,6662.41,5826400,118400,18-APR-2022,
FUTSTK,CONCOR,26-May-2022,0.0,XX,671.0,680.05,669.85,677.55,677.55,135,729.74,180800,66400,18-APR-2022,
FUTSTK,CONCOR,30-Jun-2022,0.0,XX,678.35,678.35,678.35,678.35,679.1,1,5.42,7200,-800,18-APR-2022,
FUTSTK,COROMANDEL,28-Apr-2022,0.0,XX,834.25,864.95,833.1,859.35,859.35,1724,9191.83,1311875,190625,18-APR-2022,
FUTSTK,COROMANDEL,26-May-2022,0.0,XX,823.0,865.4,823.0,862.0,862.0,138,736.22,63125,11250,18-APR-2022,
FUTSTK,COROMANDEL,30-Jun-2022,0.0,XX,0.0,0.0,0.0,845.8,863.35,0,0.0,10625,0,18-APR-2022,
FUTSTK,CROMPTON,28-Apr-2022,0.0,XX,378.7,384.9,368.95,377.6,377.6,1719,7105.13,4475900,-324500,18-APR-2022,
FUTSTK,CROMPTON,26-May-2022,0.0,XX,380.0,385.2,371.05,379.4,379.4,476,1971.93,409200,203500,18-APR-2022,
FUTSTK,CROMPTON,30-Jun-2022,0.0,XX,382.55,384.0,373.0,379.0,379.0,14,58.17,28600,6600,18-APR-2022,
FUTSTK,CUB,28-Apr-2022,0.0,XX,138.95,139.25,136.25,136.95,136.95,411,1918.27,12284200,-30600,18-APR-2022,
FUTSTK,CUB,26-May-2022,0.0,XX,137.6,139.65,136.7,137.6,137.6,42,197.12,622200,30600,18-APR-2022,
FUTSTK,CUB,30-Jun-2022,0.0,XX,138.4,138.4,137.6,138.0,138.0,4,18.76,61200,10200,18-APR-2022,
FUTSTK,CUMMINSIND,28-Apr-2022,0.0,XX,1049.75,1089.65,1049.75,1084.0,1084.0,978,6329.56,1722600,-22200,18-APR-2022,
FUTSTK,CUMMINSIND,26-May-2022,0.0,XX,1072.0,1089.9,1069.6,1084.55,1084.55,37,240.04,74400,3600,18-APR-2022,
FUTSTK,CUMMINSIND,30-Jun-2022,0.0,XX,0.0,0.0,0.0,1105.0,1090.05,0,0.0,3000,0,18-APR-2022,
FUTSTK,DABUR,28-Apr-2022,0.0,XX,552.5,564.5,551.15,563.7,563.7,1321,9251.8,11251250,-76250,18-APR-2022,
FUTSTK,DABUR,26-May-2022,0.0,XX,549.05,566.8,549.05,565.9,565.9,154,1080.69,208750,7500,18-APR-2022,
FUTSTK,DABUR,30-Jun-2022,0.0,XX,560.0,567.6,559.2,567.55,567.55,17,120.09,46250,1250,18-APR-2022,
FUTSTK,DALBHARAT,28-Apr-2022,0.0,XX,1610.75,1632.0,1593.6,1607.85,1607.85,721,2907.57,1225000,21750,18-APR-2022,
FUTSTK,DALBHARAT,26-May-2022,0.0,XX,1607.7,1637.05,1602.05,1612.95,1612.95,111,449.44,32250,5750,18-APR-2022,
FUTSTK,DALBHARAT,30-Jun-2022,0.0,XX,0.0,0.0,0.0,1600.0,1615.45,0,0.0,250,0,18-APR-2022,
FUTSTK,DEEPAKNTR,28-Apr-2022,0.0,XX,2270.0,2284.5,2227.65,2276.6,2276.6,2210,12451.69,1725000,-16500,18-APR-2022,
FUTSTK,DEEPAKNTR,26-May-2022,0.0,XX,2232.25,2291.6,2232.25,2285.55,2285.55,255,1444.61,119250,11250,18-APR-2022,
FUTSTK,DEEPAKNTR,30-Jun-2022,0.0,XX,2255.2,2298.0,2249.0,2294.25,2294.25,21,119.16,19250,250,18-APR-2022,
FUTSTK,DELTACORP,28-Apr-2022,0.0,XX,308.85,312.4,302.05,304.9,304.9,1919,13540.23,12831700,11500,18-APR-2022,
FUTSTK,DELTACORP,26-May-2022,0.0,XX,307.9,313.0,302.5,306.05,306.05,241,1705.68,710700,101200,18-APR-2022,
FUTSTK,DELTACORP,30-Jun-2022,0.0,XX,306.0,313.0,306.0,307.45,307.45,8,56.92,59800,4600,18-APR-2022,
FUTSTK,DIVISLAB,28-Apr-2022,0.0,XX,4505.0,4583.55,4460.35,4530.35,4530.35,5792,26295.22,2071700,28000,18-APR-2022,
FUTSTK,DIVISLAB,26-May-2022,0.0,XX,4500.0,4600.0,4480.85,4550.2,4550.2,671,3056.12,59600,16800,18-APR-2022,
FUTSTK,DIVISLAB,30-Jun-2022,0.0,XX,4580.0,4602.85,4562.2,4562.2,4563.15,20,91.67,4700,-100,18-APR-2022,
FUTSTK,DIXON,28-Apr-2022,0.0,XX,4370.15,4370.15,4252.9,4294.75,4294.75,1600,8617.52,600750,6375,18-APR-2022,
FUTSTK,DIXON,26-May-2022,0.0,XX,4349.3,4360.0,4252.0,4287.95,4287.95,313,1683.43,55250,8750,18-APR-2022,
FUTSTK,DIXON,30-Jun-2022,0.0,XX,4278.7,4328.05,4265.0,4295.55,4295.55,13,69.69,5750,500,18-APR-2022,
FUTSTK,DLF,28-Apr-2022,0.0,XX,382.8,391.85,380.0,389.9,389.9,5353,34101.62,38298150,-922350,18-APR-2022,
FUTSTK,DLF,26-May-2022,0.0,XX,387.8,393.15,381.5,391.4,391.4,842,5386.15,1423950,551100,18-APR-2022,
FUTSTK,DLF,30-Jun-2022,0.0,XX,391.0,393.0,387.0,393.0,393.0,18,115.63,82500,3300,18-APR-2022,
FUTSTK,DRREDDY,28-Apr-2022,0.0,XX,4270.0,4330.0,4246.05,4297.95,4297.95,4494,24078.43,2711500,23375,18-APR-2022,
FUTSTK,DRREDDY,26-May-2022,0.0,XX,4319.55,4344.6,4261.95,4312.55,4312.55,753,4047.74,106875,29500,18-APR-2022,
FUTSTK,DRREDDY,30-Jun-2022,0.0,XX,4315.85,4355.4,4285.0,4333.25,4333.25,40,215.9,14500,1500,18-APR-2022,
FUTSTK,EICHERMOT,28-Apr-2022,0.0,XX,2479.2,2526.0,2462.9,2517.25,2517.25,1486,12961.5,3298050,15750,18-APR-2022,
FUTSTK,EICHERMOT,26-May-2022,0.0,XX,2495.55,2534.9,2472.55,2526.7,2526.7,117,1024.77,85050,11200,18-APR-2022,
FUTSTK,EICHERMOT,30-Jun-2022,0.0,XX,2518.2,2520.0,2504.55,2520.0,2532.4,4,35.16,4550,0,18-APR-2022,
FUTSTK,ESCORTS,28-Apr-2022,0.0,XX,1531.3,1561.0,1512.9,1552.3,1552.3,2404,20388.23,4023800,-282150,18-APR-2022,
FUTSTK,ESCORTS,26-May-2022,0.0,XX,1531.65,1564.8,1523.15,1558.25,1558.25,293,2497.86,250250,46200,18-APR-2022,
FUTSTK,ESCORTS,30-Jun-2022,0.0,XX,1553.5,1564.0,1532.65,1563.2,1563.2,12,102.23,25300,-1650,18-APR-2022,
FUTSTK,EXIDEIND,28-Apr-2022,0.0,XX,156.1,156.35,153.45,155.55,155.55,729,4067.06,19720800,-475200,18-APR-2022,
FUTSTK,EXIDEIND,26-May-2022,0.0,XX,157.25,157.4,154.2,156.2,156.2,227,1271.01,2836800,428400,18-APR-2022,
FUTSTK,EXIDEIND,30-Jun-2022,0.0,XX,155.0,156.85,155.0,156.85,156.85,3,16.87,133200,10800,18-APR-2022,
FUTSTK,FEDERALBNK,28-Apr-2022,0.0,XX,96.95,98.15,96.0,97.05,97.05,1827,17733.95,61610000,-770000,18-APR-2022,
FUTSTK,FEDERALBNK,26-May-2022,0.0,XX,99.3,99.3,96.65,97.45,97.45,301,2933.54,6150000,1240000,18-APR-2022,
FUTSTK,FEDERALBNK,30-Jun-2022,0.0,XX,99.0,99.0,97.0,97.7,97.7,24,234.89,770000,50000,18-APR-2022,
FUTSTK,FSL,28-Apr-2022,0.0,XX,130.0,130.35,125.8,127.45,127.45,1266,4192.61,13156000,-527800,18-APR-2022,
FUTSTK,FSL,26-May-2022,0.0,XX,130.4,130.4,126.5,128.0,128.0,128,426.37,694200,80600,18-APR-2022,
FUTSTK,FSL,30-Jun-2022,0.0,XX,128.8,129.2,127.35,128.9,128.9,20,66.81,117000,20800,18-APR-2022,
FUTSTK,GAIL,28-Apr-2022,0.0,XX,167.9,170.45,167.05,168.1,168.1,2217,22799.52,27450000,-353800,18-APR-2022,
FUTSTK,GAIL,26-May-2022,0.0,XX,168.0,170.35,167.35,168.2,168.2,356,3661.3,2519300,817400,18-APR-2022,
FUTSTK,GAIL,30-Jun-2022,0.0,XX,167.65,169.0,167.5,167.8,167.8,11,112.81,195200,6100,18-APR-2022,
FUTSTK,GLENMARK,28-Apr-2022,0.0,XX,477.75,479.5,468.3,470.25,470.25,714,3880.93,6145600,129950,18-APR-2022,
FUTSTK,GLENMARK,26-May-2022,0.0,XX,481.0,481.0,469.75,471.35,471.35,79,429.23,135700,46000,18-APR-2022,
FUTSTK,GLENMARK,30-Jun-2022,0.0,XX,475.2,478.0,475.2,478.0,471.95,2,10.96,11500,1150,18-APR-2022,
FUTSTK,GMRINFRA,28-Apr-2022,0.0,XX,38.45,38.9,37.95,38.6,38.6,631,5452.97,105975000,-157500,18-APR-2022,
FUTSTK,GMRINFRA,26-May-2022,0.0,XX,38.6,38.95,38.2,38.7,38.7,101,876.35,6277500,855000,18-APR-2022,
FUTSTK,GMRINFRA,30-Jun-2022,0.0,XX,38.55,38.55,38.55,38.55,38.95,1,8.67,202500,22500,18-APR-2022,
FUTSTK,GNFC,28-Apr-2022,0.0,XX,862.4,893.2,851.1,890.3,890.3,2160,24722.56,3104400,-102700,18-APR-2022,
FUTSTK,GNFC,26-May-2022,0.0,XX,853.55,893.4,853.1,891.55,891.55,163,1864.73,278200,10400,18-APR-2022,
FUTSTK,GNFC,30-Jun-2022,0.0,XX,880.0,887.0,880.0,885.4,885.4,5,57.42,20800,-2600,18-APR-2022,
FUTSTK,GODREJCP,28-Apr-2022,0.0,XX,786.25,806.05,779.75,799.95,799.95,1974,7875.37,5923000,-60000,18-APR-2022,
FUTSTK,GODREJCP,26-May-2022,0.0,XX,786.1,809.65,786.1,803.1,803.1,184,737.37,137500,26000,18-APR-2022,
FUTSTK,GODREJCP,30-Jun-2022,0.0,XX,795.0,807.0,795.0,807.0,803.15,7,27.98,18000,-1000,18-APR-2022,
FUTSTK,GODREJPROP,28-Apr-2022,0.0,XX,1590.4,1615.25,1565.75,1610.4,1610.4,1968,10194.69,4006275,-27950,18-APR-2022,
FUTSTK,GODREJPROP,26-May-2022,0.0,XX,1581.1,1619.8,1571.0,1616.2,1616.2,311,1615.87,206375,20800,18-APR-2022,
FUTSTK,GODREJPROP,30-Jun-2022,0.0,XX,1577.6,1616.55,1577.6,1616.55,1618.55,9,46.67,14625,-1300,18-APR-2022,
FUTSTK,GRANULES,28-Apr-2022,0.0,XX,297.85,300.0,293.7,298.55,298.55,636,2927.66,11367700,-46500,18-APR-2022,
FUTSTK,GRANULES,26-May-2022,0.0,XX,297.05,301.3,295.0,299.8,299.8,92,424.73,268150,37200,18-APR-2022,
FUTSTK,GRANULES,30-Jun-2022,0.0,XX,302.7,302.7,298.05,298.05,300.3,5,23.22,31000,6200,18-APR-2022,
FUTSTK,GRASIM,28-Apr-2022,0.0,XX,1755.9,1767.5,1726.0,1743.85,1743.85,2839,23514.84,9571725,-332500,18-APR-2022,
FUTSTK,GRASIM,26-May-2022,0.0,XX,1768.45,1773.3,1735.0,1751.35,1751.35,254,2114.38,123975,25650,18-APR-2022,
FUTSTK,GRASIM,30-Jun-2022,0.0,XX,1743.7,1743.7,1743.7,1743.7,1756.15,1,8.28,8075,475,18-APR-2022,
FUTSTK,GSPL,28-Apr-2022,0.0,XX,275.3,281.6,271.9,275.0,275.0,348,1631.34,2442900,-22100,18-APR-2022,
FUTSTK,GSPL,26-May-2022,0.0,XX,279.4,280.55,273.1,275.75,275.75,56,262.58,98600,40800,18-APR-2022,
FUTSTK,GSPL,30-Jun-2022,0.0,XX,0.0,0.0,0.0,284.5,276.35,0,0.0,3400,0,18-APR-2022,
FUTSTK,GUJGASLTD,28-Apr-2022,0.0,XX,531.8,536.85,525.05,531.55,531.55,989,6566.72,3218750,-115000,18-APR-2022,
FUTSTK,GUJGASLTD,26-May-2022,0.0,XX,530.15,538.2,527.45,532.65,532.65,108,719.44,273750,27500,18-APR-2022,
FUTSTK,GUJGASLTD,30-Jun-2022,0.0,XX,529.35,537.0,529.35,532.0,532.0,9,59.99,43750,1250,18-APR-2022,
FUTSTK,HAL,28-Apr-2022,0.0,XX,1671.45,1755.9,1662.35,1740.85,1740.85,4406,36035.82,2603475,-39425,18-APR-2022,
FUTSTK,HAL,26-May-2022,0.0,XX,1681.9,1760.0,1663.4,1745.45,1745.45,332,2720.17,105450,24225,18-APR-2022,
FUTSTK,HAL,30-Jun-2022,0.0,XX,1694.0,1762.3,1684.55,1760.65,1760.65,14,115.1,20425,-475,18-APR-2022,
FUTSTK,HAVELLS,28-Apr-2022,0.0,XX,1256.6,1300.5,1256.6,1282.55,1282.55,4049,25936.48,4781000,108000,18-APR-2022,
FUTSTK,HAVELLS,26-May-2022,0.0,XX,1278.25,1301.1,1272.5,1286.4,1286.4,262,1685.91,147000,39500,18-APR-2022,
FUTSTK,HAVELLS,30-Jun-2022,0.0,XX,1289.0,1302.0,1277.0,1286.15,1286.15,14,90.12,6500,2000,18-APR-2022,
FUTSTK,HCLTECH,28-Apr-2022,0.0,XX,1109.0,1109.0,1079.35,1096.55,1096.55,9585,73281.4,21408100,185500,18-APR-2022,
FUTSTK,HCLTECH,26-May-2022,0.0,XX,1106.05,1110.55,1083.2,1100.0,1100.0,1736,13306.51,1691200,562100,18-APR-2022,
FUTSTK,HCLTECH,30-Jun-2022,0.0,XX,1129.0,1129.0,1089.0,1104.45,1104.45,211,1625.62,310800,30100,18-APR-2022,
FUTSTK,HDFC,28-Apr-2022,0.0,XX,2326.0,2329.7,2266.05,2273.0,2273.0,19718,135711.74,22633800,407700,18-APR-2022,
FUTSTK,HDFC,26-May-2022,0.0,XX,2320.15,2336.0,2272.8,2278.55,2278.55,3033,20919.21,1217700,180600,18-APR-2022,
FUTSTK,HDFC,30-Jun-2022,0.0,XX,2334.0,2337.1,2266.0,2271.8,2271.8,665,4594.32,236100,117900,18-APR-2022,
FUTSTK,HDFCAMC,28-Apr-2022,0.0,XX,2155.8,2219.0,2155.8,2180.65,2180.65,1718,7528.06,2819000,11600,18-APR-2022,
FUTSTK,HDFCAMC,26-May-2022,0.0,XX,2159.25,2219.65,2159.25,2181.3,2181.3,447,1958.43,269200,28400,18-APR-2022,
FUTSTK,HDFCAMC,30-Jun-2022,0.0,XX,2193.25,2212.0,2176.0,2178.0,2178.0,40,175.54,55600,2800,18-APR-2022,
FUTSTK,HDFCBANK,28-Apr-2022,0.0,XX,1426.35,1438.0,1397.0,1402.9,1402.9,47797,372422.01,56014750,2855050,18-APR-2022,
FUTSTK,HDFCBANK,26-May-2022,0.0,XX,1428.0,1440.55,1400.25,1406.1,1406.1,9552,74518.58,9088200,2809950,18-APR-2022,
FUTSTK,HDFCBANK,30-Jun-2022,0.0,XX,1429.75,1445.45,1402.0,1406.85,1406.85,1095,8564.83,1261700,352550,18-APR-2022,
FUTSTK,HDFCLIFE,28-Apr-2022,0.0,XX,559.0,577.75,555.9,575.45,575.45,5259,33018.46,24525600,-675400,18-APR-2022,
FUTSTK,HDFCLIFE,26-May-2022,0.0,XX,560.75,579.5,558.1,577.6,577.6,685,4309.97,943800,136400,18-APR-2022,
FUTSTK,HDFCLIFE,30-Jun-2022,0.0,XX,563.15,581.25,563.15,578.85,578.85,32,202.7,81400,-14300,18-APR-2022,
FUTSTK,HEROMOTOCO,28-Apr-2022,0.0,XX,2271.1,2302.65,2252.75,2293.95,2293.95,1917,13101.59,3659100,-75600,18-APR-2022,
FUTSTK,HEROMOTOCO,26-May-2022,0.0,XX,2270.05,2310.55,2261.25,2302.4,2302.4,209,1433.93,211500,14100,18-APR-2022,
FUTSTK,HEROMOTOCO,30-Jun-2022,0.0,XX,2297.55,2317.4,2280.0,2305.75,2305.75,18,123.86,42300,1500,18-APR-2022,
FUTSTK,HINDALCO,28-Apr-2022,0.0,XX,544.45,557.8,539.1,547.5,547.5,6258,36703.88,25293675,-38700,18-APR-2022,
FUTSTK,HINDALCO,26-May-2022,0.0,XX,546.1,558.7,541.1,549.35,549.35,742,4363.53,1546925,295625,18-APR-2022,
FUTSTK,HINDALCO,30-Jun-2022,0.0,XX,560.0,560.0,543.05,551.5,551.5,15,88.47,88150,0,18-APR-2022,
FUTSTK,HINDCOPPER,28-Apr-2022,0.0,XX,121.4,121.75,119.35,121.3,121.3,434,2252.22,16490500,-4300,18-APR-2022,
FUTSTK,HINDCOPPER,26-May-2022,0.0,XX,121.6,122.25,120.35,121.8,121.8,70,365.19,989000,81700,18-APR-2022,
FUTSTK,HINDCOPPER,30-Jun-2022,0.0,XX,121.85,121.85,121.85,121.85,122.2,1,5.23,133300,4300,18-APR-2022,
FUTSTK,HINDPETRO,28-Apr-2022,0.0,XX,287.95,292.0,282.25,283.75,283.75,1617,12462.99,13864500,-318600,18-APR-2022,
FUTSTK,HINDPETRO,26-May-2022,0.0,XX,290.0,292.5,283.55,285.2,285.2,115,890.66,467100,194400,18-APR-2022,
FUTSTK,HINDPETRO,30-Jun-2022,0.0,XX,284.5,284.5,284.5,284.5,285.8,1,7.68,18900,2700,18-APR-2022,
FUTSTK,HINDUNILVR,28-Apr-2022,0.0,XX,2149.45,2184.25,2137.55,2179.2,2179.2,5342,34771.51,10485300,-205800,18-APR-2022,
FUTSTK,HINDUNILVR,26-May-2022,0.0,XX,2146.95,2191.9,2146.05,2187.55,2187.55,813,5305.84,533700,-27000,18-APR-2022,
FUTSTK,HINDUNILVR,30-Jun-2022,0.0,XX,2150.0,2185.0,2150.0,2183.75,2183.75,83,540.58,124800,-9000,18-APR-2022,
FUTSTK,HONAUT,28-Apr-2022,0.0,XX,39841.9,40453.5,39508.75,40291.9,40291.9,155,931.21,5985,-360,18-APR-2022,
FUTSTK,HONAUT,26-May-2022,0.0,XX,40000.0,40255.35,39611.4,40255.15,40255.15,9,53.9,420,0,18-APR-2022,
FUTSTK,HONAUT,30-Jun-2022,0.0,XX,0.0,0.0,0.0,40236.05,40764.9,0,0.0,30,0,18-APR-2022,
FUTSTK,IBULHSGFIN,28-Apr-2022,0.0,XX,164.0,165.4,159.45,162.3,162.3,2621,13156.48,37107000,-957900,18-APR-2022,
FUTSTK,IBULHSGFIN,26-May-2022,0.0,XX,164.0,165.75,159.65,162.4,162.4,537,2698.72,4795700,815300,18-APR-2022,
FUTSTK,IBULHSGFIN,30-Jun-2022,0.0,XX,165.7,165.7,160.05,162.65,162.65,14,70.46,443300,9300,18-APR-2022,
FUTSTK,ICICIBANK,28-Apr-2022,0.0,XX,753.25,765.6,750.1,761.55,761.55,16616,173301.14,95745375,365750,18-APR-2022,
FUTSTK,ICICIBANK,26-May-2022,0.0,XX,755.0,767.55,752.35,763.6,763.6,2678,27991.03,6913500,1674750,18-APR-2022,
FUTSTK,ICICIBANK,30-Jun-2022,0.0,XX,758.7,768.3,757.05,766.1,766.1,110,1152.66,288750,5500,18-APR-2022,
FUTSTK,ICICIGI,28-Apr-2022,0.0,XX,1345.85,1376.6,1345.85,1360.1,1360.1,734,4245.85,2823275,19975,18-APR-2022,
FUTSTK,ICICIGI,26-May-2022,0.0,XX,1366.5,1380.0,1356.0,1366.2,1366.2,39,226.33,56950,-2550,18-APR-2022,
FUTSTK,ICICIGI,30-Jun-2022,0.0,XX,1362.8,1364.45,1362.8,1363.15,1368.9,4,23.17,1700,850,18-APR-2022,
FUTSTK,ICICIPRULI,28-Apr-2022,0.0,XX,545.55,570.8,535.05,542.1,542.1,8069,33452.03,5925750,474750,18-APR-2022,
FUTSTK,ICICIPRULI,26-May-2022,0.0,XX,548.55,572.0,537.05,543.9,543.9,557,2321.81,288000,163500,18-APR-2022,
FUTSTK,ICICIPRULI,30-Jun-2022,0.0,XX,542.0,569.0,540.5,548.45,548.45,17,70.42,9000,6750,18-APR-2022,
FUTSTK,IDEA,28-Apr-2022,0.0,XX,10.3,10.35,10.0,10.15,10.15,1659,11842.49,647640000,-17640000,18-APR-2022,
FUTSTK,IDEA,26-May-2022,0.0,XX,10.3,10.35,10.1,10.2,10.2,286,2052.15,113470000,11480000,18-APR-2022,
FUTSTK,IDEA,30-Jun-2022,0.0,XX,10.4,10.45,10.2,10.25,10.25,8,57.75,7280000,350000,18-APR-2022,
FUTSTK,IDFC,28-Apr-2022,0.0,XX,60.3,60.35,59.15,59.85,59.85,883,5275.39,110070000,-1340000,18-APR-2022,
FUTSTK,IDFC,26-May-2022,0.0,XX,60.3,60.5,59.35,60.1,60.1,148,885.89,3990000,100000,18-APR-2022,
FUTSTK,IDFC,30-Jun-2022,0.0,XX,60.45,60.45,59.7,59.7,61.15,3,18.05,220000,0,18-APR-2022,
FUTSTK,IDFCFIRSTB,28-Apr-2022,0.0,XX,40.0,41.25,40.0,40.85,40.85,2699,12204.14,217937400,-1431900,18-APR-2022,
FUTSTK,IDFCFIRSTB,26-May-2022,0.0,XX,41.1,41.35,40.5,41.05,41.05,387,1757.06,18714600,1853700,18-APR-2022,
FUTSTK,IDFCFIRSTB,30-Jun-2022,0.0,XX,41.2,41.45,40.7,41.15,41.15,51,232.68,1431900,199800,18-APR-2022,
FUTSTK,IEX,28-Apr-2022,0.0,XX,233.4,233.45,227.15,232.0,232.0,2019,17459.58,37121250,-105000,18-APR-2022,
FUTSTK,IEX,26-May-2022,0.0,XX,232.9,233.3,228.3,232.8,232.8,741,6434.13,2872500,435000,18-APR-2022,
FUTSTK,IEX,30-Jun-2022,0.0,XX,232.2,233.7,229.95,233.7,233.7,30,260.58,551250,78750,18-APR-2022,
FUTSTK,IGL,28-Apr-2022,0.0,XX,388.55,398.3,384.65,394.65,394.65,4680,25327.98,15701125,-265375,18-APR-2022,
FUTSTK,IGL,26-May-2022,0.0,XX,390.1,399.65,386.7,395.95,395.95,741,4022.55,1012000,156750,18-APR-2022,
FUTSTK,IGL,30-Jun-2022,0.0,XX,392.5,400.8,391.5,397.15,397.15,68,370.71,88000,-22000,18-APR-2022,
FUTSTK,INDHOTEL,28-Apr-2022,0.0,XX,249.6,252.5,245.15,246.8,246.8,2129,21247.63,22454826,-784290,18-APR-2022,
FUTSTK,INDHOTEL,26-May-2022,0.0,XX,250.0,253.0,246.25,247.8,247.8,253,2537.72,1234754,156858,18-APR-2022,
FUTSTK,INDHOTEL,30-Jun-2022,0.0,XX,250.4,252.95,247.15,248.5,248.5,41,411.7,273496,48264,18-APR-2022,
FUTSTK,INDIACEM,28-Apr-2022,0.0,XX,223.5,226.75,216.05,217.85,217.85,1505,9613.45,14314400,-188500,18-APR-2022,
FUTSTK,INDIACEM,26-May-2022,0.0,XX,223.35,227.25,217.0,218.8,218.8,214,1372.56,458200,139200,18-APR-2022,
FUTSTK,INDIACEM,30-Jun-2022,0.0,XX,223.2,223.2,223.2,223.2,218.7,1,6.47,75400,-2900,18-APR-2022,
FUTSTK,INDIAMART,28-Apr-2022,0.0,XX,4711.0,4895.75,4671.6,4852.4,4852.4,831,3009.86,294825,750,18-APR-2022,
FUTSTK,INDIAMART,26-May-2022,0.0,XX,4505.45,4854.95,4505.45,4823.4,4823.4,144,517.47,28050,225,18-APR-2022,
FUTSTK,INDIAMART,30-Jun-2022,0.0,XX,4750.0,4817.7,4750.0,4807.95,4807.95,24,85.94,8550,0,18-APR-2022,
FUTSTK,INDIGO,28-Apr-2022,0.0,XX,1827.0,1899.1,1827.0,1890.4,1890.4,2415,11276.75,2587750,-67000,18-APR-2022,
FUTSTK,INDIGO,26-May-2022,0.0,XX,1869.1,1904.25,1842.8,1897.05,1897.05,344,1608.74,110500,24500,18-APR-2022,
FUTSTK,INDIGO,30-Jun-2022,0.0,XX,1853.2,1890.0,1853.2,1887.0,1900.95,8,37.37,18750,500,18-APR-2022,
FUTSTK,INDUSINDBK,28-Apr-2022,0.0,XX,975.25,985.2,967.55,980.1,980.1,4463,39208.45,24248700,107100,18-APR-2022,
FUTSTK,INDUSINDBK,26-May-2022,0.0,XX,980.1,988.45,971.8,984.75,984.75,657,5796.2,1021500,237600,18-APR-2022,
FUTSTK,INDUSINDBK,30-Jun-2022,0.0,XX,980.1,990.0,975.0,986.5,986.5,13,114.98,61200,900,18-APR-2022,
FUTSTK,INDUSTOWER,28-Apr-2022,0.0,XX,216.55,217.8,212.9,216.9,216.9,1164,7011.68,15990800,-935200,18-APR-2022,
FUTSTK,INDUSTOWER,26-May-2022,0.0,XX,214.45,216.9,212.5,216.45,216.45,127,762.93,938000,86800,18-APR-2022,
FUTSTK,INDUSTOWER,30-Jun-2022,0.0,XX,214.0,216.6,214.0,216.6,216.6,2,12.05,86800,2800,18-APR-2022,
FUTSTK,INFY,28-Apr-2022,0.0,XX,1605.2,1656.4,1585.5,1623.8,1623.8,79587,389908.69,35453700,285300,18-APR-2022,
FUTSTK,INFY,26-May-2022,0.0,XX,1648.0,1661.35,1611.4,1629.8,1629.8,13486,66178.27,4285500,2021700,18-APR-2022,
FUTSTK,INFY,30-Jun-2022,0.0,XX,1680.0,1680.0,1610.0,1621.95,1621.95,2208,10781.59,905400,439800,18-APR-2022,
FUTSTK,INTELLECT,28-Apr-2022,0.0,XX,899.0,901.05,869.85,885.15,885.15,774,5128.01,1503000,21000,18-APR-2022,
FUTSTK,INTELLECT,26-May-2022,0.0,XX,889.85,900.95,874.25,887.6,887.6,235,1560.5,225750,57750,18-APR-2022,
FUTSTK,INTELLECT,30-Jun-2022,0.0,XX,902.05,902.05,883.7,883.7,888.1,3,20.06,13500,750,18-APR-2022,
FUTSTK,IOC,28-Apr-2022,0.0,XX,127.5,128.95,126.9,128.65,128.65,1592,13262.97,54197000,-955500,18-APR-2022,
FUTSTK,IOC,26-May-2022,0.0,XX,127.3,129.2,127.2,128.95,128.95,294,2455.48,1794000,-13000,18-APR-2022,
FUTSTK,IOC,30-Jun-2022,0.0,XX,128.0,129.35,128.0,129.35,129.2,16,133.84,201500,0,18-APR-2022,
FUTSTK,IPCALAB,28-Apr-2022,0.0,XX,1040.0,1046.5,1012.9,1026.8,1026.8,389,1798.77,691650,-27900,18-APR-2022,
FUTSTK,IPCALAB,26-May-2022,0.0,XX,1041.0,1045.0,1015.45,1025.95,1025.95,37,170.85,20700,1800,18-APR-2022,
FUTSTK,IPCALAB,30-Jun-2022,0.0,XX,0.0,0.0,0.0,1041.6,1031.75,0,0.0,900,0,18-APR-2022,
FUTSTK,IRCTC,28-Apr-2022,0.0,XX,767.8,768.2,744.0,757.05,757.05,3404,22438.36,12472250,393750,18-APR-2022,
FUTSTK,IRCTC,26-May-2022,0.0,XX,762.7,762.7,740.05,752.9,752.9,688,4512.01,1444625,209125,18-APR-2022,
FUTSTK,IRCTC,30-Jun-2022,0.0,XX,753.5,756.5,739.55,752.1,752.1,79,516.93,245875,28875,18-APR-2022,
FUTSTK,ITC,28-Apr-2022,0.0,XX,267.5,272.8,267.2,270.4,270.4,10884,94140.84,114393600,67200,18-APR-2022,
FUTSTK,ITC,26-May-2022,0.0,XX,268.0,272.4,267.2,270.1,270.1,1796,15506.54,10835200,1129600,18-APR-2022,
FUTSTK,ITC,30-Jun-2022,0.0,XX,266.3,270.1,265.0,267.8,267.8,245,2099.18,2371200,233600,18-APR-2022,
FUTSTK,JINDALSTEL,28-Apr-2022,0.0,XX,551.55,560.25,545.1,555.15,555.15,3487,48202.3,30197500,185000,18-APR-2022,
FUTSTK,JINDALSTEL,26-May-2022,0.0,XX,555.0,561.55,547.5,557.0,557.0,244,3384.12,687500,52500,18-APR-2022,
FUTSTK,JINDALSTEL,30-Jun-2022,0.0,XX,559.7,560.7,550.0,552.7,557.8,5,69.32,77500,5000,18-APR-2022,
FUTSTK,JKCEMENT,28-Apr-2022,0.0,XX,2740.7,2781.35,2717.25,2732.5,2732.5,465,2230.11,254100,-4900,18-APR-2022,
FUTSTK,JKCEMENT,26-May-2022,0.0,XX,2731.35,2770.0,2716.55,2735.5,2735.5,36,172.48,20825,0,18-APR-2022,
FUTSTK,JKCEMENT,30-Jun-2022,0.0,XX,0.0,0.0,0.0,2793.8,2749.6,0,0.0,700,0,18-APR-2022,
FUTSTK,JSWSTEEL,28-Apr-2022,0.0,XX,767.25,775.75,759.1,767.6,767.6,5693,59010.34,28694250,-174150,18-APR-2022,
FUTSTK,JSWSTEEL,26-May-2022,0.0,XX,749.4,778.1,749.4,770.2,770.2,386,4008.41,857250,27000,18-APR-2022,
FUTSTK,JSWSTEEL,30-Jun-2022,0.0,XX,775.2,779.65,766.05,772.0,772.0,17,177.25,37800,0,18-APR-2022,
FUTSTK,JUBLFOOD,28-Apr-2022,0.0,XX,2760.0,2875.5,2743.0,2856.05,2856.05,12862,45536.47,2144625,98125,18-APR-2022,
FUTSTK,JUBLFOOD,26-May-2022,0.0,XX,2775.45,2880.0,2760.0,2865.3,2865.3,1419,5042.6,152500,76250,18-APR-2022,
FUTSTK,JUBLFOOD,30-Jun-2022,0.0,XX,2815.15,2884.7,2809.9,2876.45,2876.45,29,103.09,6875,-1250,18-APR-2022,
FUTSTK,KOTAKBANK,28-Apr-2022,0.0,XX,1770.05,1773.7,1732.8,1752.75,1752.75,9588,67032.73,16762000,27200,18-APR-2022,
FUTSTK,KOTAKBANK,26-May-2022,0.0,XX,1776.05,1776.05,1740.95,1760.4,1760.4,1560,10952.25,1094800,309600,18-APR-2022,
FUTSTK,KOTAKBANK,30-Jun-2022,0.0,XX,1766.0,1775.0,1746.85,1767.05,1767.05,42,295.78,59200,400,18-APR-2022,
FUTSTK,L&TFH,28-Apr-2022,0.0,XX,81.6,83.8,81.15,82.55,82.55,1089,8012.55,42701340,223100,18-APR-2022,
FUTSTK,L&TFH,26-May-2022,0.0,XX,81.65,84.0,81.4,82.85,82.85,149,1098.03,4024724,455124,18-APR-2022,
FUTSTK,L&TFH,30-Jun-2022,0.0,XX,81.4,83.45,81.4,82.4,82.75,6,44.24,249872,-17848,18-APR-2022,
FUTSTK,LALPATHLAB,28-Apr-2022,0.0,XX,2655.45,2730.6,2635.15,2686.0,2686.0,1276,4281.9,763125,-9500,18-APR-2022,
FUTSTK,LALPATHLAB,26-May-2022,0.0,XX,2643.1,2704.0,2615.05,2655.1,2655.1,243,808.8,46250,-4500,18-APR-2022,
FUTSTK,LALPATHLAB,30-Jun-2022,0.0,XX,2635.0,2665.35,2620.0,2633.9,2633.9,12,39.53,8500,125,18-APR-2022,
FUTSTK,LAURUSLABS,28-Apr-2022,0.0,XX,598.2,602.2,595.55,600.6,600.6,582,3139.72,6825600,-2700,18-APR-2022,
FUTSTK,LAURUSLABS,26-May-2022,0.0,XX,602.25,603.85,598.05,602.5,602.5,243,1314.82,496800,103500,18-APR-2022,
FUTSTK,LAURUSLABS,30-Jun-2022,0.0,XX,603.1,605.0,601.2,605.0,605.0,7,38.0,70200,900,18-APR-2022,
FUTSTK,LICHSGFIN,28-Apr-2022,0.0,XX,382.3,385.9,372.5,377.1,377.1,1928,14585.97,22598000,-378000,18-APR-2022,
FUTSTK,LICHSGFIN,26-May-2022,0.0,XX,383.65,387.1,374.2,378.65,378.65,421,3200.94,1154000,302000,18-APR-2022,
FUTSTK,LICHSGFIN,30-Jun-2022,0.0,XX,385.0,385.0,376.45,380.35,380.35,8,60.84,108000,12000,18-APR-2022,
FUTSTK,LT,28-Apr-2022,0.0,XX,1746.55,1748.75,1718.0,1743.5,1743.5,4524,45108.7,12250375,176525,18-APR-2022,
FUTSTK,LT,26-May-2022,0.0,XX,1748.0,1754.0,1725.95,1750.45,1750.45,495,4955.73,641125,87400,18-APR-2022,
FUTSTK,LT,30-Jun-2022,0.0,XX,1743.0,1760.8,1735.1,1755.85,1755.85,19,191.02,57500,2300,18-APR-2022,
FUTSTK,LTI,28-Apr-2022,0.0,XX,5890.0,6085.0,5816.65,5898.8,5898.8,9262,82547.41,1361550,116100,18-APR-2022,
FUTSTK,LTI,26-May-2022,0.0,XX,5955.0,6107.7,5850.85,5909.8,5909.8,595,5316.75,64200,13800,18-APR-2022,
FUTSTK,LTI,30-Jun-2022,0.0,XX,6066.35,6094.5,5923.5,5923.5,5923.6,13,117.75,5250,150,18-APR-2022,
FUTSTK,LTTS,28-Apr-2022,0.0,XX,4434.95,4498.0,4277.5,4324.75,4324.75,3886,33883.01,895000,22200,18-APR-2022,
FUTSTK,LTTS,26-May-2022,0.0,XX,4419.7,4512.6,4291.55,4337.6,4337.6,728,6354.24,118000,42800,18-APR-2022,
FUTSTK,LTTS,30-Jun-2022,0.0,XX,4445.0,4460.0,4317.85,4355.75,4355.75,37,323.24,11600,3600,18-APR-2022,
FUTSTK,LUPIN,28-Apr-2022,0.0,XX,779.8,781.55,765.2,772.75,772.75,1609,10569.14,8240750,-158950,18-APR-2022,
FUTSTK,LUPIN,26-May-2022,0.0,XX,774.4,783.55,769.0,775.45,775.45,179,1179.04,490450,44200,18-APR-2022,
FUTSTK,LUPIN,30-Jun-2022,0.0,XX,779.9,779.9,776.0,779.0,779.0,5,33.06,39950,1700,18-APR-2022,
FUTSTK,M&M,28-Apr-2022,0.0,XX,863.35,876.55,859.5,874.85,874.85,4293,26185.92,10864700,-390600,18-APR-2022,
FUTSTK,M&M,26-May-2022,0.0,XX,866.9,879.35,864.05,878.45,878.45,252,1542.03,354900,-16800,18-APR-2022,
FUTSTK,M&M,30-Jun-2022,0.0,XX,874.7,878.85,871.7,871.7,881.6,8,48.93,42700,0,18-APR-2022,
FUTSTK,M&MFIN,28-Apr-2022,0.0,XX,181.0,182.35,175.85,178.15,178.15,2399,17161.59,32676000,-1228000,18-APR-2022,
FUTSTK,M&MFIN,26-May-2022,0.0,XX,180.4,182.55,176.5,178.85,178.85,449,3223.62,1500000,564000,18-APR-2022,
FUTSTK,M&MFIN,30-Jun-2022,0.0,XX,182.3,182.65,178.8,178.8,178.8,20,144.16,316000,12000,18-APR-2022,
FUTSTK,MANAPPURAM,28-Apr-2022,0.0,XX,122.2,124.05,119.6,123.25,123.25,1680,6151.99,29610000,-351000,18-APR-2022,
FUTSTK,MANAPPURAM,26-May-2022,0.0,XX,122.75,124.45,120.1,123.7,123.7,502,1839.49,3423000,549000,18-APR-2022,
FUTSTK,MANAPPURAM,30-Jun-2022,0.0,XX,120.8,124.5,120.8,123.9,123.9,54,198.81,534000,54000,18-APR-2022,
FUTSTK,MARICO,28-Apr-2022,0.0,XX,520.15,523.9,517.1,519.8,519.8,1257,6544.97,7443000,-99000,18-APR-2022,
FUTSTK,MARICO,26-May-2022,0.0,XX,522.0,525.45,520.05,521.4,521.4,105,548.7,191000,17000,18-APR-2022,
FUTSTK,MARICO,30-Jun-2022,0.0,XX,522.9,524.4,522.9,524.4,524.4,2,10.47,48000,1000,18-APR-2022,
FUTSTK,MARUTI,28-Apr-2022,0.0,XX,7360.0,7611.35,7353.7,7585.75,7585.75,7567,56850.21,2154200,-34100,18-APR-2022,
FUTSTK,MARUTI,26-May-2022,0.0,XX,7401.0,7636.6,7397.4,7614.85,7614.85,552,4163.63,66300,-3100,18-APR-2022,
FUTSTK,MARUTI,30-Jun-2022,0.0,XX,7521.7,7654.35,7503.6,7644.75,7644.75,59,446.1,7500,500,18-APR-2022,
FUTSTK,MCDOWELL-N,28-Apr-2022,0.0,XX,891.65,899.8,877.0,889.45,889.45,1621,18022.56,12955000,45000,18-APR-2022,
FUTSTK,MCDOWELL-N,26-May-2022,0.0,XX,881.45,902.5,881.45,893.2,893.2,259,2893.16,531250,96250,18-APR-2022,
FUTSTK,MCDOWELL-N,30-Jun-2022,0.0,XX,894.0,903.8,890.0,895.15,895.15,14,156.9,28750,10000,18-APR-2022,
FUTSTK,MCX,28-Apr-2022,0.0,XX,1389.55,1399.15,1366.9,1382.6,1382.6,831,4020.37,2170700,-49000,18-APR-2022,
FUTSTK,MCX,26-May-2022,0.0,XX,1398.3,1402.15,1375.4,1387.95,1387.95,70,340.35,94150,8400,18-APR-2022,
FUTSTK,MCX,30-Jun-2022,0.0,XX,1392.0,1392.0,1392.0,1392.0,1392.85,1,4.87,10500,350,18-APR-2022,
FUTSTK,METROPOLIS,28-Apr-2022,0.0,XX,2376.15,2472.9,2376.1,2416.75,2416.75,873,4229.4,436000,-5200,18-APR-2022,
FUTSTK,METROPOLIS,26-May-2022,0.0,XX,2405.0,2452.5,2378.85,2396.0,2396.0,80,383.14,42000,5800,18-APR-2022,
FUTSTK,METROPOLIS,30-Jun-2022,0.0,XX,2400.0,2440.0,2387.3,2387.3,2442.3,3,14.45,1600,200,18-APR-2022,
FUTSTK,MFSL,28-Apr-2022,0.0,XX,779.6,790.65,758.9,775.2,775.2,1098,5522.9,1812200,78650,18-APR-2022,
FUTSTK,MFSL,26-May-2022,0.0,XX,787.95,791.85,762.6,776.95,776.95,51,256.7,56550,9750,18-APR-2022,
FUTSTK,MFSL,30-Jun-2022,0.0,XX,0.0,0.0,0.0,801.1,779.4,0,0.0,4550,0,18-APR-2022,
FUTSTK,MGL,28-Apr-2022,0.0,XX,813.3,837.5,813.3,826.3,826.3,1001,4965.41,2760000,-25800,18-APR-2022,
FUTSTK,MGL,26-May-2022,0.0,XX,828.0,839.15,819.85,829.65,829.65,110,547.63,193800,15000,18-APR-2022,
FUTSTK,MGL,30-Jun-2022,0.0,XX,835.0,835.0,825.0,831.25,831.25,3,14.94,18000,1200,18-APR-2022,
FUTSTK,MINDTREE,28-Apr-2022,0.0,XX,3971.4,4035.9,3845.4,3975.5,3975.5,13705,107947.74,2859000,437200,18-APR-2022,
FUTSTK,MINDTREE,26-May-2022,0.0,XX,4000.0,4030.9,3861.2,3987.55,3987.55,1134,8960.92,141400,69600,18-APR-2022,
FUTSTK,MINDTREE,30-Jun-2022,0.0,XX,4009.55,4030.7,3906.2,3991.8,3991.8,109,866.48,23000,8800,18-APR-2022,
FUTSTK,MOTHERSUMI,28-Apr-2022,0.0,XX,138.95,139.8,136.5,139.35,139.35,1295,6256.76,25571000,-434000,18-APR-2022,
FUTSTK,MOTHERSUMI,26-May-2022,0.0,XX,138.2,140.2,137.0,139.85,139.85,274,1328.55,1750000,150500,18-APR-2022,
FUTSTK,MOTHERSUMI,30-Jun-2022,0.0,XX,140.0,140.85,137.8,140.45,140.45,27,131.74,343000,14000,18-APR-2022,
FUTSTK,MPHASIS,28-Apr-2022,0.0,XX,2985.1,3015.55,2830.05,2884.0,2884.0,6458,32610.16,1738450,17325,18-APR-2022,
FUTSTK,MPHASIS,26-May-2022,0.0,XX,3000.4,3025.0,2843.65,2897.75,2897.75,736,3730.71,95550,25725,18-APR-2022,
FUTSTK,MPHASIS,30-Jun-2022,0.0,XX,3000.0,3000.0,2860.0,2904.9,2904.9,70,354.67,18900,6650,18-APR-2022,
FUTSTK,MRF,28-Apr-2022,0.0,XX,66027.85,67088.95,64517.75,66472.7,66472.7,1178,7816.24,101000,1270,18-APR-2022,
FUTSTK,MRF,26-May-2022,0.0,XX,66000.0,66647.9,65500.0,66145.45,66145.45,134,884.62,5150,340,18-APR-2022,
FUTSTK,MRF,30-Jun-2022,0.0,XX,66000.0,66472.55,65412.05,66000.0,67517.2,30,197.42,1140,180,18-APR-2022,
FUTSTK,MUTHOOTFIN,28-Apr-2022,0.0,XX,1289.6,1309.75,1277.2,1303.75,1303.75,1438,6978.18,3529875,-55125,18-APR-2022,
FUTSTK,MUTHOOTFIN,26-May-2022,0.0,XX,1309.95,1313.35,1283.15,1308.4,1308.4,261,1272.28,118125,19875,18-APR-2022,
FUTSTK,MUTHOOTFIN,30-Jun-2022,0.0,XX,1305.0,1312.0,1290.95,1312.0,1330.45,10,48.68,16500,1125,18-APR-2022,
FUTSTK,NAM-INDIA,28-Apr-2022,0.0,XX,329.95,337.2,328.05,332.1,332.1,445,2376.8,2672000,-12800,18-APR-2022,
FUTSTK,NAM-INDIA,26-May-2022,0.0,XX,333.5,336.75,331.95,332.25,332.25,19,101.56,88000,11200,18-APR-2022,
FUTSTK,NAM-INDIA,30-Jun-2022,0.0,XX,334.35,334.35,334.35,334.35,334.45,2,10.69,30400,1600,18-APR-2022,
FUTSTK,NATIONALUM,28-Apr-2022,0.0,XX,119.5,122.5,117.75,120.15,120.15,1974,20128.7,82960000,-1198500,18-APR-2022,
FUTSTK,NATIONALUM,26-May-2022,0.0,XX,121.8,122.75,118.3,120.65,120.65,405,4142.85,3876000,433500,18-APR-2022,
FUTSTK,NATIONALUM,30-Jun-2022,0.0,XX,122.3,122.3,119.0,120.0,120.75,11,112.85,620500,34000,18-APR-2022,
FUTSTK,NAUKRI,28-Apr-2022,0.0,XX,4698.25,4733.0,4610.0,4676.35,4676.35,1641,9572.26,1366625,-23250,18-APR-2022,
FUTSTK,NAUKRI,26-May-2022,0.0,XX,4718.75,4749.0,4624.7,4695.3,4695.3,144,842.58,56375,4625,18-APR-2022,
FUTSTK,NAUKRI,30-Jun-2022,0.0,XX,4700.0,4700.0,4669.85,4669.85,4706.4,2,11.71,5750,250,18-APR-2022,
FUTSTK,NAVINFLUOR,28-Apr-2022,0.0,XX,3910.0,3995.0,3816.75,3979.9,3979.9,815,7171.63,399375,-5625,18-APR-2022,
FUTSTK,NAVINFLUOR,26-May-2022,0.0,XX,3878.6,3996.65,3832.05,3986.55,3986.55,37,325.04,13950,2250,18-APR-2022,
FUTSTK,NAVINFLUOR,30-Jun-2022,0.0,XX,0.0,0.0,0.0,3945.35,3998.05,0,0.0,1350,0,18-APR-2022,
FUTSTK,NBCC,28-Apr-2022,0.0,XX,40.0,40.2,39.35,39.8,39.8,282,1343.18,25944000,216000,18-APR-2022,
FUTSTK,NBCC,26-May-2022,0.0,XX,40.1,40.4,39.55,39.9,39.9,71,339.49,2520000,480000,18-APR-2022,
FUTSTK,NBCC,30-Jun-2022,0.0,XX,40.3,40.6,39.7,39.95,39.95,9,43.36,792000,60000,18-APR-2022,
FUTSTK,NESTLEIND,28-Apr-2022,0.0,XX,18523.15,18668.25,18235.95,18537.7,18537.7,2012,9301.66,280700,525,18-APR-2022,
FUTSTK,NESTLEIND,26-May-2022,0.0,XX,18313.5,18700.0,18313.5,18586.55,18586.55,222,1029.58,9900,875,18-APR-2022,
FUTSTK,NESTLEIND,30-Jun-2022,0.0,XX,18584.8,18700.0,18584.8,18651.9,18651.9,4,18.64,475,0,18-APR-2022,
FUTSTK,NMDC,28-Apr-2022,0.0,XX,167.85,170.15,166.4,168.8,168.8,1788,20169.45,55395600,-1005000,18-APR-2022,
FUTSTK,NMDC,26-May-2022,0.0,XX,169.4,170.7,167.15,169.45,169.45,294,3325.33,4669900,603000,18-APR-2022,
FUTSTK,NMDC,30-Jun-2022,0.0,XX,170.55,171.0,168.0,169.7,169.7,16,181.59,361800,40200,18-APR-2022,
FUTSTK,NTPC,28-Apr-2022,0.0,XX,155.7,163.7,154.95,163.25,163.25,16595,151938.86,79064700,11707800,18-APR-2022,
FUTSTK,NTPC,26-May-2022,0.0,XX,157.0,164.2,156.9,163.85,163.85,1190,10942.18,2918400,1157100,18-APR-2022,
FUTSTK,NTPC,30-Jun-2022,0.0,XX,158.2,164.1,158.2,164.0,164.0,49,452.28,233700,45600,18-APR-2022,
FUTSTK,OBEROIRLTY,28-Apr-2022,0.0,XX,989.9,1006.2,965.35,1001.7,1001.7,1563,10838.92,4221700,-28700,18-APR-2022,
FUTSTK,OBEROIRLTY,26-May-2022,0.0,XX,990.0,1007.6,970.0,1004.3,1004.3,136,945.44,74200,-2100,18-APR-2022,
FUTSTK,OBEROIRLTY,30-Jun-2022,0.0,XX,1002.0,1002.0,1002.0,1002.0,1005.55,1,7.01,2100,0,18-APR-2022,
FUTSTK,OFSS,28-Apr-2022,0.0,XX,3463.5,3617.55,3463.5,3585.95,3585.95,674,2999.22,446000,-8750,18-APR-2022,
FUTSTK,OFSS,26-May-2022,0.0,XX,3500.0,3577.8,3480.0,3553.2,3553.2,97,425.15,30375,5875,18-APR-2022,
FUTSTK,OFSS,30-Jun-2022,0.0,XX,3558.85,3558.85,3558.85,3558.85,3617.8,1,4.44,1625,0,18-APR-2022,
FUTSTK,ONGC,28-Apr-2022,0.0,XX,175.5,179.0,174.65,176.35,176.35,3576,48814.52,57334200,900900,18-APR-2022,
FUTSTK,ONGC,26-May-2022,0.0,XX,175.45,179.2,174.9,176.8,176.8,246,3361.78,1439900,346500,18-APR-2022,
FUTSTK,ONGC,30-Jun-2022,0.0,XX,179.0,179.0,176.85,176.85,177.3,8,109.76,77000,7700,18-APR-2022,
FUTSTK,PAGEIND,28-Apr-2022,0.0,XX,44601.05,45534.0,44551.6,45462.15,45462.15,424,5743.62,83250,1920,18-APR-2022,
FUTSTK,PAGEIND,26-May-2022,0.0,XX,45199.95,45614.8,44800.0,45521.65,45521.65,74,1001.2,2520,780,18-APR-2022,
FUTSTK,PAGEIND,30-Jun-2022,0.0,XX,0.0,0.0,0.0,45000.05,45660.35,0,0.0,90,0,18-APR-2022,
FUTSTK,PEL,28-Apr-2022,0.0,XX,2252.75,2269.2,2192.5,2232.75,2232.75,2058,12630.54,3037650,-51425,18-APR-2022,
FUTSTK,PEL,26-May-2022,0.0,XX,2265.0,2269.55,2205.6,2241.35,2241.35,130,801.09,94875,4675,18-APR-2022,
FUTSTK,PEL,30-Jun-2022,0.0,XX,2260.0,2260.0,2225.0,2225.0,2245.65,6,37.12,4950,1375,18-APR-2022,
FUTSTK,PERSISTENT,28-Apr-2022,0.0,XX,4254.45,4349.05,4216.95,4232.8,4232.8,1835,11775.93,441000,46500,18-APR-2022,
FUTSTK,PERSISTENT,26-May-2022,0.0,XX,4286.8,4361.35,4236.95,4247.05,4247.05,434,2792.54,64950,25500,18-APR-2022,
FUTSTK,PERSISTENT,30-Jun-2022,0.0,XX,4330.0,4348.95,4250.0,4250.0,4251.45,19,122.95,8550,1800,18-APR-2022,
FUTSTK,PETRONET,28-Apr-2022,0.0,XX,202.5,205.85,201.95,204.75,204.75,932,5719.71,18903000,-195000,18-APR-2022,
FUTSTK,PETRONET,26-May-2022,0.0,XX,203.0,206.2,202.85,205.3,205.3,183,1122.7,1047000,138000,18-APR-2022,
FUTSTK,PETRONET,30-Jun-2022,0.0,XX,205.1,206.5,204.2,205.95,205.75,15,92.45,114000,15000,18-APR-2022,
FUTSTK,PFC,28-Apr-2022,0.0,XX,117.75,119.8,116.7,119.2,119.2,1451,10642.12,40634800,-403000,18-APR-2022,
FUTSTK,PFC,26-May-2022,0.0,XX,117.65,120.25,117.25,119.65,119.65,268,1970.4,2232000,725400,18-APR-2022,
FUTSTK,PFC,30-Jun-2022,0.0,XX,117.85,120.35,117.85,120.15,120.15,4,29.63,173600,6200,18-APR-2022,
FUTSTK,PFIZER,28-Apr-2022,0.0,XX,4374.3,4510.0,4374.3,4473.55,4473.55,471,2618.8,135125,2625,18-APR-2022,
FUTSTK,PIDILITIND,28-Apr-2022,0.0,XX,2358.35,2384.65,2328.0,2366.1,2366.1,1125,6636.44,2926500,-65500,18-APR-2022,
FUTSTK,PIDILITIND,26-May-2022,0.0,XX,2340.0,2390.25,2339.25,2373.65,2373.65,148,876.56,72500,5000,18-APR-2022,
FUTSTK,PIDILITIND,30-Jun-2022,0.0,XX,0.0,0.0,0.0,2380.0,2384.6,0,0.0,3750,0,18-APR-2022,
FUTSTK,PIIND,28-Apr-2022,0.0,XX,2906.05,2951.15,2835.1,2933.6,2933.6,1202,8708.06,1571250,-7500,18-APR-2022,
FUTSTK,PIIND,26-May-2022,0.0,XX,2891.45,2961.35,2850.0,2938.95,2938.95,68,492.42,20250,250,18-APR-2022,
FUTSTK,PIIND,30-Jun-2022,0.0,XX,2907.0,2907.0,2907.0,2907.0,2948.2,1,7.26,500,250,18-APR-2022,
FUTSTK,PNB,28-Apr-2022,0.0,XX,36.45,36.45,35.75,36.25,36.25,2858,16493.25,201840000,-6896000,18-APR-2022,
FUTSTK,PNB,26-May-2022,0.0,XX,36.5,36.55,35.9,36.4,36.4,1033,5981.44,28256000,5664000,18-APR-2022,
FUTSTK,PNB,30-Jun-2022,0.0,XX,36.7,36.7,36.05,36.5,36.5,25,145.23,3136000,176000,18-APR-2022,
FUTSTK,POLYCAB,28-Apr-2022,0.0,XX,2550.35,2644.0,2540.35,2582.9,2582.9,974,7554.67,673800,42900,18-APR-2022,
FUTSTK,POLYCAB,26-May-2022,0.0,XX,2599.8,2646.8,2564.0,2587.9,2587.9,99,771.04,37500,10800,18-APR-2022,
FUTSTK,POLYCAB,30-Jun-2022,0.0,XX,2570.75,2570.75,2570.75,2570.75,2590.4,1,7.71,4800,0,18-APR-2022,
FUTSTK,POWERGRID,28-Apr-2022,0.0,XX,229.6,232.7,228.55,232.0,232.0,2336,28751.54,37576318,389309,18-APR-2022,
FUTSTK,POWERGRID,26-May-2022,0.0,XX,231.15,232.95,229.4,232.65,232.65,188,2316.98,1375914,-5333,18-APR-2022,
FUTSTK,POWERGRID,30-Jun-2022,0.0,XX,229.9,229.9,229.9,229.9,233.1,1,12.26,90661,0,18-APR-2022,
FUTSTK,PVR,28-Apr-2022,0.0,XX,1904.0,1904.0,1810.0,1828.7,1828.7,4472,33430.39,2547006,-266585,18-APR-2022,
FUTSTK,PVR,26-May-2022,0.0,XX,1889.4,1889.4,1819.0,1834.5,1834.5,393,2951.23,174603,15059,18-APR-2022,
FUTSTK,PVR,30-Jun-2022,0.0,XX,1868.0,1870.05,1829.4,1839.75,1839.75,25,188.28,17908,3663,18-APR-2022,
FUTSTK,RAIN,28-Apr-2022,0.0,XX,184.75,185.25,178.9,180.65,180.65,497,2261.3,6345000,-67500,18-APR-2022,
FUTSTK,RAIN,26-May-2022,0.0,XX,185.7,185.7,179.45,181.3,181.3,174,792.12,392500,142500,18-APR-2022,
FUTSTK,RAIN,30-Jun-2022,0.0,XX,182.0,182.0,182.0,182.0,181.5,1,4.55,42500,0,18-APR-2022,
FUTSTK,RAMCOCEM,28-Apr-2022,0.0,XX,808.65,811.95,794.8,806.25,806.25,936,6393.58,2588250,-117300,18-APR-2022,
FUTSTK,RAMCOCEM,26-May-2022,0.0,XX,809.9,813.0,798.2,808.55,808.55,86,590.24,89250,14450,18-APR-2022,
FUTSTK,RAMCOCEM,30-Jun-2022,0.0,XX,0.0,0.0,0.0,817.7,811.0,0,0.0,11900,0,18-APR-2022,
FUTSTK,RBLBANK,28-Apr-2022,0.0,XX,129.0,132.0,128.2,130.9,130.9,694,2617.13,44158300,-1856000,18-APR-2022,
FUTSTK,RBLBANK,26-May-2022,0.0,XX,128.65,132.0,128.65,131.3,131.3,21,79.28,4422500,-60900,18-APR-2022,
FUTSTK,RBLBANK,30-Jun-2022,0.0,XX,131.6,131.6,131.4,131.45,131.45,3,11.44,675700,-8700,18-APR-2022,
FUTSTK,RECLTD,28-Apr-2022,0.0,XX,129.0,131.5,128.9,130.95,130.95,892,6966.04,28584000,-54000,18-APR-2022,
FUTSTK,RECLTD,26-May-2022,0.0,XX,129.6,131.9,129.55,131.4,131.4,210,1644.27,1962000,516000,18-APR-2022,
FUTSTK,RECLTD,30-Jun-2022,0.0,XX,130.15,132.35,130.15,131.8,131.8,18,141.63,264000,102000,18-APR-2022,
FUTSTK,RELIANCE,28-Apr-2022,0.0,XX,2530.85,2570.3,2530.85,2554.05,2554.05,17376,110702.34,34926250,80250,18-APR-2022,
FUTSTK,RELIANCE,26-May-2022,0.0,XX,2548.5,2576.95,2540.35,2563.4,2563.4,2746,17540.85,1149250,163500,18-APR-2022,
FUTSTK,RELIANCE,30-Jun-2022,0.0,XX,2568.85,2575.0,2547.0,2568.55,2568.55,108,691.38,105750,11500,18-APR-2022,
FUTSTK,SAIL,28-Apr-2022,0.0,XX,105.85,107.55,104.5,105.45,105.45,4214,21200.42,140315000,-1235000,18-APR-2022,
FUTSTK,SAIL,26-May-2022,0.0,XX,107.1,107.9,105.0,105.95,105.95,517,2610.9,11119750,883500,18-APR-2022,
FUTSTK,SAIL,30-Jun-2022,0.0,XX,106.5,108.05,105.65,106.45,106.45,63,320.22,902500,99750,18-APR-2022,
FUTSTK,SBICARD,28-Apr-2022,0.0,XX,827.95,830.1,804.05,813.5,813.5,2502,10210.01,7060000,158500,18-APR-2022,
FUTSTK,SBICARD,26-May-2022,0.0,XX,824.0,831.0,807.75,816.55,816.55,593,2431.46,476000,112500,18-APR-2022,
FUTSTK,SBICARD,30-Jun-2022,0.0,XX,827.75,834.3,812.0,820.3,820.3,52,214.17,80000,14000,18-APR-2022,
FUTSTK,SBILIFE,28-Apr-2022,0.0,XX,1141.9,1182.35,1134.75,1174.75,1174.75,4353,38165.52,7230750,-321000,18-APR-2022,
FUTSTK,SBILIFE,26-May-2022,0.0,XX,1142.85,1186.0,1142.85,1179.15,1179.15,369,3247.62,170250,15750,18-APR-2022,
FUTSTK,SBILIFE,30-Jun-2022,0.0,XX,1146.3,1184.15,1146.3,1181.35,1181.35,10,88.1,20250,-2250,18-APR-2022,
FUTSTK,SBIN,28-Apr-2022,0.0,XX,510.75,515.75,504.45,511.05,511.05,13115,100317.43,66315000,355500,18-APR-2022,
FUTSTK,SBIN,26-May-2022,0.0,XX,513.05,516.55,505.95,512.55,512.55,2123,16277.59,4284000,1591500,18-APR-2022,
FUTSTK,SBIN,30-Jun-2022,0.0,XX,513.0,515.05,504.0,509.15,509.15,196,1497.51,414000,156000,18-APR-2022,
FUTSTK,SHREECEM,28-Apr-2022,0.0,XX,25034.0,25490.0,24867.7,25449.35,25449.35,1272,8031.45,180050,-850,18-APR-2022,
FUTSTK,SHREECEM,26-May-2022,0.0,XX,25113.95,25559.55,25000.0,25527.6,25527.6,153,966.64,6050,1025,18-APR-2022,
FUTSTK,SHREECEM,30-Jun-2022,0.0,XX,0.0,0.0,0.0,25590.2,25652.55,0,0.0,150,0,18-APR-2022,
FUTSTK,SIEMENS,28-Apr-2022,0.0,XX,2437.25,2462.8,2402.75,2455.3,2455.3,1040,6976.65,1459700,-4675,18-APR-2022,
FUTSTK,SIEMENS,26-May-2022,0.0,XX,2450.0,2470.0,2417.2,2462.85,2462.85,127,856.03,34650,16225,18-APR-2022,
FUTSTK,SIEMENS,30-Jun-2022,0.0,XX,2488.0,2488.0,2488.0,2488.0,2465.15,1,6.84,1375,275,18-APR-2022,
FUTSTK,SRF,28-Apr-2022,0.0,XX,2560.05,2649.95,2530.2,2626.9,2626.9,3732,36154.7,3089625,-22125,18-APR-2022,
FUTSTK,SRF,26-May-2022,0.0,XX,2576.55,2654.85,2540.0,2634.5,2634.5,397,3846.43,147750,45000,18-APR-2022,
FUTSTK,SRF,30-Jun-2022,0.0,XX,2571.35,2655.0,2558.5,2642.0,2642.0,16,155.77,12375,3000,18-APR-2022,
FUTSTK,SRTRANSFIN,28-Apr-2022,0.0,XX,1152.7,1180.35,1126.15,1169.15,1169.15,3905,18071.28,4022800,84400,18-APR-2022,
FUTSTK,SRTRANSFIN,26-May-2022,0.0,XX,1145.9,1180.4,1134.0,1171.85,1171.85,458,2129.04,224800,93200,18-APR-2022,
FUTSTK,SRTRANSFIN,30-Jun-2022,0.0,XX,1147.95,1182.5,1147.95,1182.5,1174.2,15,69.37,18000,3200,18-APR-2022,
FUTSTK,STAR,28-Apr-2022,0.0,XX,357.75,361.8,350.25,355.9,355.9,685,2190.55,4617000,-86400,18-APR-2022,
FUTSTK,STAR,26-May-2022,0.0,XX,360.0,363.0,351.7,357.35,357.35,183,586.72,257400,42300,18-APR-2022,
FUTSTK,STAR,30-Jun-2022,0.0,XX,358.7,359.0,355.35,358.75,358.75,10,32.19,28800,3600,18-APR-2022,
FUTSTK,SUNPHARMA,28-Apr-2022,0.0,XX,930.1,942.3,920.5,928.25,928.25,3341,21761.98,16377900,-334600,18-APR-2022,
FUTSTK,SUNPHARMA,26-May-2022,0.0,XX,942.65,942.65,924.0,931.9,931.9,298,1944.74,319200,11200,18-APR-2022,
FUTSTK,SUNPHARMA,30-Jun-2022,0.0,XX,936.9,936.9,930.0,930.3,935.45,10,65.42,24500,-2800,18-APR-2022,
FUTSTK,SUNTV,28-Apr-2022,0.0,XX,505.45,509.8,497.7,507.65,507.65,1029,7765.5,12646500,-138000,18-APR-2022,
FUTSTK,SUNTV,26-May-2022,0.0,XX,501.5,511.4,500.4,509.9,509.9,439,3322.96,729000,424500,18-APR-2022,
FUTSTK,SUNTV,30-Jun-2022,0.0,XX,504.45,512.0,504.45,511.0,511.0,17,129.63,27000,12000,18-APR-2022,
FUTSTK,SYNGENE,28-Apr-2022,0.0,XX,634.0,642.95,626.2,638.9,638.9,555,2990.2,1093950,-58650,18-APR-2022,
FUTSTK,SYNGENE,26-May-2022,0.0,XX,631.1,643.45,628.05,639.0,639.0,79,425.51,61200,7650,18-APR-2022,
FUTSTK,SYNGENE,30-Jun-2022,0.0,XX,0.0,0.0,0.0,642.2,644.9,0,0.0,3400,0,18-APR-2022,
FUTSTK,TATACHEM,28-Apr-2022,0.0,XX,951.45,994.05,951.45,989.65,989.65,2360,23017.76,5369000,-25000,18-APR-2022,
FUTSTK,TATACHEM,26-May-2022,0.0,XX,962.1,997.65,959.75,992.7,992.7,241,2365.93,254000,40000,18-APR-2022,
FUTSTK,TATACHEM,30-Jun-2022,0.0,XX,957.05,989.0,957.0,989.0,989.0,10,97.27,60000,5000,18-APR-2022,
FUTSTK,TATACOMM,28-Apr-2022,0.0,XX,1289.85,1324.6,1266.25,1312.9,1312.9,2353,12269.62,3978000,-48800,18-APR-2022,
FUTSTK,TATACOMM,26-May-2022,0.0,XX,1228.5,1328.1,1228.5,1316.7,1316.7,218,1141.29,117600,11600,18-APR-2022,
FUTSTK,TATACOMM,30-Jun-2022,0.0,XX,1295.15,1313.85,1295.15,1313.85,1318.85,2,10.43,7200,-800,18-APR-2022,
FUTSTK,TATACONSUM,28-Apr-2022,0.0,XX,817.15,827.45,811.15,825.1,825.1,2699,14934.65,8335575,-15525,18-APR-2022,
FUTSTK,TATACONSUM,26-May-2022,0.0,XX,817.0,829.65,814.0,826.75,826.75,233,1290.94,324675,16200,18-APR-2022,
FUTSTK,TATACONSUM,30-Jun-2022,0.0,XX,815.85,815.85,814.5,814.5,829.35,2,11.0,20925,1350,18-APR-2022,
FUTSTK,TATAMOTORS,28-Apr-2022,0.0,XX,428.35,436.8,424.4,434.8,434.8,8307,101896.8,82852350,-1818300,18-APR-2022,
FUTSTK,TATAMOTORS,26-May-2022,0.0,XX,430.0,438.1,425.55,436.35,436.35,1464,18038.18,8530050,1450650,18-APR-2022,
FUTSTK,TATAMOTORS,30-Jun-2022,0.0,XX,428.7,438.65,428.05,438.35,438.35,63,777.09,1316700,22800,18-APR-2022,
FUTSTK,TATAPOWER,28-Apr-2022,0.0,XX,265.65,267.0,252.5,258.35,258.35,15532,272044.35,99042750,2760750,18-APR-2022,
FUTSTK,TATAPOWER,26-May-2022,0.0,XX,265.45,265.75,254.0,259.3,259.3,2678,47047.64,15653250,7573500,18-APR-2022,
FUTSTK,TATAPOWER,30-Jun-2022,0.0,XX,274.35,274.4,256.35,259.25,259.25,221,3879.59,2072250,641250,18-APR-2022,
FUTSTK,TATASTEEL,28-Apr-2022,0.0,XX,1335.0,1361.55,1330.0,1342.85,1342.85,20878,119390.89,30492900,-486625,18-APR-2022,
FUTSTK,TATASTEEL,26-May-2022,0.0,XX,1394.0,1394.0,1335.0,1347.35,1347.35,2789,16015.64,1331525,522325,18-APR-2022,
FUTSTK,TATASTEEL,30-Jun-2022,0.0,XX,1357.6,1357.9,1327.95,1339.05,1339.05,167,949.93,106250,16150,18-APR-2022,
FUTSTK,TCS,28-Apr-2022,0.0,XX,3600.0,3620.0,3537.2,3542.2,3542.2,19967,106674.25,10546200,152400,18-APR-2022,
FUTSTK,TCS,26-May-2022,0.0,XX,3647.1,3647.1,3546.85,3551.2,3551.2,3886,20793.79,1092750,260700,18-APR-2022,
FUTSTK,TCS,30-Jun-2022,0.0,XX,3621.25,3644.9,3542.75,3547.4,3547.4,966,5163.43,253200,85200,18-APR-2022,
FUTSTK,TECHM,28-Apr-2022,0.0,XX,1385.0,1387.3,1331.2,1349.3,1349.3,8628,69745.9,13488600,-211800,18-APR-2022,
FUTSTK,TECHM,26-May-2022,0.0,XX,1368.6,1384.15,1336.0,1353.65,1353.65,1231,9968.86,985800,274200,18-APR-2022,
FUTSTK,TECHM,30-Jun-2022,0.0,XX,1372.85,1380.45,1342.75,1358.65,1358.65,156,1267.55,188400,37800,18-APR-2022,
FUTSTK,TITAN,28-Apr-2022,0.0,XX,2430.0,2508.95,2416.5,2502.3,2502.3,5076,47039.41,5761125,-219750,18-APR-2022,
FUTSTK,TITAN,26-May-2022,0.0,XX,2441.9,2515.4,2427.8,2509.7,2509.7,753,7011.68,311250,103875,18-APR-2022,
FUTSTK,TITAN,30-Jun-2022,0.0,XX,2450.0,2525.65,2444.2,2514.9,2514.9,40,373.87,25875,2250,18-APR-2022,
FUTSTK,TORNTPHARM,28-Apr-2022,0.0,XX,2851.9,2888.0,2818.65,2866.55,2866.55,755,5407.2,674750,-29000,18-APR-2022,
FUTSTK,TORNTPHARM,26-May-2022,0.0,XX,2897.05,2897.05,2849.0,2877.55,2877.55,13,93.39,8500,0,18-APR-2022,
FUTSTK,TORNTPHARM,30-Jun-2022,0.0,XX,0.0,0.0,0.0,2870.0,2878.1,0,0.0,1500,0,18-APR-2022,
FUTSTK,TORNTPOWER,28-Apr-2022,0.0,XX,543.45,569.15,540.8,564.25,564.25,2048,17189.04,3087000,262500,18-APR-2022,
FUTSTK,TORNTPOWER,26-May-2022,0.0,XX,541.5,565.95,541.5,562.7,562.7,181,1509.62,214500,73500,18-APR-2022,
FUTSTK,TORNTPOWER,30-Jun-2022,0.0,XX,554.2,563.95,553.6,562.1,562.1,19,160.1,34500,16500,18-APR-2022,
FUTSTK,TRENT,28-Apr-2022,0.0,XX,1225.0,1249.9,1217.55,1227.55,1227.55,762,6819.6,2701350,-21750,18-APR-2022,
FUTSTK,TRENT,26-May-2022,0.0,XX,1220.9,1252.9,1220.85,1232.1,1232.1,128,1150.36,172550,15225,18-APR-2022,
FUTSTK,TRENT,30-Jun-2022,0.0,XX,1248.55,1248.55,1248.55,1248.55,1233.9,1,9.05,7975,725,18-APR-2022,
FUTSTK,TVSMOTOR,28-Apr-2022,0.0,XX,638.75,666.55,638.75,657.85,657.85,2437,22341.26,7242200,-46200,18-APR-2022,
FUTSTK,TVSMOTOR,26-May-2022,0.0,XX,652.9,665.0,645.0,657.95,657.95,150,1373.87,123200,32200,18-APR-2022,
FUTSTK,TVSMOTOR,30-Jun-2022,0.0,XX,650.5,664.2,647.4,655.9,655.9,31,283.55,28000,7000,18-APR-2022,
FUTSTK,UBL,28-Apr-2022,0.0,XX,1505.1,1527.15,1500.85,1514.3,1514.3,1019,5405.97,1062600,68600,18-APR-2022,
FUTSTK,UBL,26-May-2022,0.0,XX,1518.25,1529.5,1505.2,1519.1,1515.35,29,153.83,18900,3150,18-APR-2022,
FUTSTK,UBL,30-Jun-2022,0.0,XX,0.0,0.0,0.0,1590.0,1521.55,0,0.0,350,0,18-APR-2022,
FUTSTK,ULTRACEMCO,28-Apr-2022,0.0,XX,6649.7,6710.0,6585.35,6661.9,6661.9,3675,24466.49,1933900,-67400,18-APR-2022,
FUTSTK,ULTRACEMCO,26-May-2022,0.0,XX,6686.8,6736.0,6614.1,6687.75,6687.75,442,2957.44,49600,9400,18-APR-2022,
FUTSTK,ULTRACEMCO,30-Jun-2022,0.0,XX,6672.55,6734.65,6672.55,6715.0,6715.0,10,67.15,3300,200,18-APR-2022,
FUTSTK,UPL,28-Apr-2022,0.0,XX,840.0,840.0,795.3,808.1,808.1,4206,44043.63,22492600,-159900,18-APR-2022,
FUTSTK,UPL,26-May-2022,0.0,XX,816.9,818.7,798.05,810.55,810.55,661,6937.01,798200,132600,18-APR-2022,
FUTSTK,UPL,30-Jun-2022,0.0,XX,812.25,812.25,806.45,806.45,812.0,4,42.05,36400,2600,18-APR-2022,
FUTSTK,VEDL,28-Apr-2022,0.0,XX,426.95,432.3,419.3,425.3,425.3,5344,70586.27,52430300,-2396300,18-APR-2022,
FUTSTK,VEDL,26-May-2022,0.0,XX,422.2,429.2,417.7,423.6,423.6,1617,21284.06,8999300,3596000,18-APR-2022,
FUTSTK,VEDL,30-Jun-2022,0.0,XX,428.7,428.85,421.65,423.9,423.9,21,277.25,111600,-9300,18-APR-2022,
FUTSTK,VOLTAS,28-Apr-2022,0.0,XX,1278.45,1288.85,1244.95,1251.85,1251.85,5364,33815.56,3398500,136000,18-APR-2022,
FUTSTK,VOLTAS,26-May-2022,0.0,XX,1278.0,1291.05,1247.05,1254.5,1254.5,343,2165.26,189000,47500,18-APR-2022,
FUTSTK,VOLTAS,30-Jun-2022,0.0,XX,1286.6,1286.6,1250.9,1257.1,1257.85,6,37.93,21000,1500,18-APR-2022,
FUTSTK,WHIRLPOOL,28-Apr-2022,0.0,XX,1645.05,1669.95,1614.0,1628.2,1628.2,1602,6570.3,1139000,-31250,18-APR-2022,
FUTSTK,WHIRLPOOL,26-May-2022,0.0,XX,1628.8,1674.0,1622.2,1634.0,1634.0,266,1096.15,109000,10500,18-APR-2022,
FUTSTK,WHIRLPOOL,30-Jun-2022,0.0,XX,1677.0,1677.0,1639.4,1640.2,1640.2,8,33.14,18500,0,18-APR-2022,
FUTSTK,WIPRO,28-Apr-2022,0.0,XX,548.0,549.95,537.75,540.8,540.8,13039,56704.86,27268000,-656800,18-APR-2022,
FUTSTK,WIPRO,26-May-2022,0.0,XX,550.2,556.0,539.6,542.6,542.6,2675,11656.2,4061600,768000,18-APR-2022,
FUTSTK,WIPRO,30-Jun-2022,0.0,XX,548.95,553.3,542.0,544.7,544.7,272,1189.6,661600,109600,18-APR-2022,
FUTSTK,ZEEL,28-Apr-2022,0.0,XX,274.85,278.1,268.25,275.35,275.35,5574,45710.31,83457000,-132000,18-APR-2022,
FUTSTK,ZEEL,26-May-2022,0.0,XX,276.1,278.9,269.3,276.0,276.0,1009,8303.35,4200000,1404000,18-APR-2022,
FUTSTK,ZEEL,30-Jun-2022,0.0,XX,276.9,279.1,270.85,277.3,277.3,43,354.74,219000,24000,18-APR-2022,
FUTSTK,ZYDUSLIFE,28-Apr-2022,0.0,XX,363.45,367.9,358.65,365.45,365.45,1093,4377.07,17382200,-102300,18-APR-2022,
FUTSTK,ZYDUSLIFE,26-May-2022,0.0,XX,346.45,369.5,346.45,367.0,367.0,349,1404.01,771100,205700,18-APR-2022,
FUTSTK,ZYDUSLIFE,30-Jun-2022,0.0,XX,369.0,370.9,363.45,367.6,367.6,15,60.57,155100,6600,18-APR-2022,
OPTIDX,BANKNIFTY,21-Apr-2022,31400.0,CE,5484.9,5484.9,5335.1,5335.1,5339.65,4,36.81,25,0,18-APR-2022,
OPTIDX,BANKNIFTY,21-Apr-2022,31500.0,CE,5374.25,5374.25,5344.2,5344.2,5239.65,4,36.85,0,0,18-APR-2022,
OPTIDX,BANKNIFTY,21-Apr-2022,31600.0,CE,0.0,0.0,0.0,4145.5,5139.7,0,0.0,0,0,18-APR-2022,
OPTIDX,BANKNIFTY,21-Apr-2022,31700.0,CE,0.0,0.0,0.0,4055.6,5039.75,0,0.0,0,0,18-APR-2022,
OPTIDX,BANKNIFTY,21-Apr-2022,31800.0,CE,4977.55,4977.55,4977.55,4977.55,4939.75,2,18.38,50,50,18-APR-2022,
OPTIDX,BANKNIFTY,21-Apr-2022,31900.0,CE,0.0,0.0,0.0,3877.75,4839.8,0,0.0,0,0,18-APR-2022,
OPTIDX,BANKNIFTY,21-Apr-2022,32000.0,CE,4750.0,4750.0,4750.0,4750.0,4739.85,2,18.37,50,0,18-APR-2022,
OPTIDX,BANKNIFTY,21-Apr-2022,32100.0,CE,0.0,0.0,0.0,4189.35,4639.85,0,0.0,0,0,18-APR-2022,
OPTIDX,BANKNIFTY,21-Apr-2022,32200.0,CE,0.0,0.0,0.0,5420.0,4539.9,0,0.0,50,0,18-APR-2022,
OPTIDX,BANKNIFTY,21-Apr-2022,32300.0,CE,0.0,0.0,0.0,4013.6,4439.95,0,0.0,0,0,18-APR-2022,
OPTIDX,BANKNIFTY,21-Apr-2022,32400.0,CE,0.0,0.0,0.0,4307.1,4339.95,0,0.0,0,0,18-APR-2022,
OPTIDX,BANKNIFTY,21-Apr-2022,32500.0,CE,0.0,0.0,0.0,5145.0,4240.0,0,0.0,150,0,18-APR-2022,
OPTIDX,BANKNIFTY,21-Apr-2022,32600.0,CE,0.0,0.0,0.0,4131.3,4140.05,0,0.0,0,0,18-APR-2022,
OPTIDX,BANKNIFTY,21-Apr-2022,32700.0,CE,0.0,0.0,0.0,4044.35,4040.05,0,0.0,0,0,18-APR-2022,
OPTIDX,BANKNIFTY,21-Apr-2022,32800.0,CE,0.0,0.0,0.0,3958.05,3940.1,0,0.0,0,0,18-APR-2022,
OPTIDX,BANKNIFTY,21-Apr-2022,32900.0,CE,0.0,0.0,0.0,3872.5,3840.15,0,0.0,0,0,18-APR-2022,
OPTIDX,BANKNIFTY,21-Apr-2022,33000.0,CE,3728.0,3728.0,3728.0,3728.0,3728.0,1,9.18,25,25,18-APR-2022,
OPTIDX,BANKNIFTY,21-Apr-2022,33100.0,CE,0.0,0.0,0.0,3703.5,3640.25,0,0.0,0,0,18-APR-2022,
OPTIDX,BANKNIFTY,21-Apr-2022,33200.0,CE,0.0,0.0,0.0,3620.15,3540.3,0,0.0,0,0,18-APR-2022,
OPTIDX,BANKNIFTY,21-Apr-2022,33300.0,CE,0.0,0.0,0.0,3537.6,3440.35,0,0.0,0,0,18-APR-2022,
OPTIDX,BANKNIFTY,21-Apr-2022,33400.0,CE,0.0,0.0,0.0,3455.85,3340.4,0,0.0,0,0,18-APR-2022,
OPTIDX,BANKNIFTY,21-Apr-2022,33500.0,CE,3073.3,3165.5,3073.3,3137.95,3240.5,5,45.76,150,75,18-APR-2022,
OPTIDX,BANKNIFTY,21-Apr-2022,33600.0,CE,3288.9,3288.9,3288.9,3288.9,3140.65,1,9.22,25,25,18-APR-2022,
OPTIDX,BANKNIFTY,21-Apr-2022,33700.0,CE,3208.85,3208.85,3095.3,3133.55,3133.55,4,36.83,25,25,18-APR-2022,
OPTIDX,BANKNIFTY,21-Apr-2022,33800.0,CE,3005.1,3005.1,2842.95,2842.95,2842.95,3,27.54,50,50,18-APR-2022,
OPTIDX,BANKNIFTY,21-Apr-2022,33900.0,CE,0.0,0.0,0.0,3059.95,2841.25,0,0.0,0,0,18-APR-2022,
OPTIDX,BANKNIFTY,21-Apr-2022,34000.0,CE,2896.0,3000.0,2553.9,2765.8,2765.8,199,1830.11,3500,1025,18-APR-2022,
OPTIDX,BANKNIFTY,21-Apr-2022,34100.0,CE,2796.9,2796.9,2796.9,2796.9,2796.9,12,110.69,300,300,18-APR-2022,
OPTIDX,BANKNIFTY,21-Apr-2022,34200.0,CE,2376.8,2406.5,2323.7,2323.7,2542.7,3,27.42,25,25,18-APR-2022,
OPTIDX,BANKNIFTY,21-Apr-2022,34300.0,CE,2300.0,2300.0,2300.0,2300.0,2443.5,5,45.75,125,0,18-APR-2022,
OPTIDX,BANKNIFTY,21-Apr-2022,34400.0,CE,0.0,0.0,0.0,3101.15,2344.5,0,0.0,25,0,18-APR-2022,
OPTIDX,BANKNIFTY,21-Apr-2022,34500.0,CE,2365.5,2416.0,2059.4,2368.55,2368.55,88,810.35,1350,375,18-APR-2022,
OPTIDX,BANKNIFTY,21-Apr-2022,34600.0,CE,0.0,0.0,0.0,2544.6,2147.6,0,0.0,0,0,18-APR-2022,
OPTIDX,BANKNIFTY,21-Apr-2022,34700.0,CE,2196.25,2196.25,2196.25,2196.25,2196.25,13,119.91,300,300,18-APR-2022,
OPTIDX,BANKNIFTY,21-Apr-2022,34800.0,CE,2000.0,2107.5,1758.25,2107.5,2107.5,28,257.6,400,275,18-APR-2022,
OPTIDX,BANKNIFTY,21-Apr-2022,34900.0,CE,1784.05,1784.05,1784.05,1784.05,1856.05,2,18.34,50,50,18-APR-2022,
OPTIDX,BANKNIFTY,21-Apr-2022,35000.0,CE,1944.5,2020.7,1553.2,1779.2,1779.2,1633,15007.91,31750,3625,18-APR-2022,
OPTIDX,BANKNIFTY,21-Apr-2022,35100.0,CE,1839.25,1908.1,1468.55,1799.65,1799.65,55,505.64,650,550,18-APR-2022,
OPTIDX,BANKNIFTY,21-Apr-2022,35200.0,CE,1738.05,1740.0,1404.05,1714.45,1714.45,47,432.51,500,475,18-APR-2022,
OPTIDX,BANKNIFTY,21-Apr-2022,35300.0,CE,1593.2,1711.85,1309.0,1609.85,1609.85,63,580.19,600,550,18-APR-2022,
OPTIDX,BANKNIFTY,21-Apr-2022,35400.0,CE,1599.15,1599.15,1206.95,1423.6,1423.6,153,1406.88,1000,875,18-APR-2022,
OPTIDX,BANKNIFTY,21-Apr-2022,35500.0,CE,1451.35,1534.15,1075.0,1315.65,1315.65,4186,38503.12,21150,13275,18-APR-2022,
OPTIDX,BANKNIFTY,21-Apr-2022,35600.0,CE,1365.1,1407.1,1040.0,1244.3,1244.3,450,4140.45,2625,2525,18-APR-2022,
OPTIDX,BANKNIFTY,21-Apr-2022,35700.0,CE,1315.05,1345.8,921.5,1169.2,1169.2,1679,15459.23,18125,17675,18-APR-2022,
OPTIDX,BANKNIFTY,21-Apr-2022,35800.0,CE,1192.25,1260.2,855.05,1082.85,1082.85,1632,15032.36,4775,4075,18-APR-2022,
OPTIDX,BANKNIFTY,21-Apr-2022,35900.0,CE,1104.6,1174.3,758.45,987.05,987.05,1981,18245.68,5350,5175,18-APR-2022,
OPTIDX,BANKNIFTY,21-Apr-2022,36000.0,CE,1028.6,1097.05,676.6,901.95,901.95,72801,670958.81,199000,-126650,18-APR-2022,
OPTIDX,BANKNIFTY,21-Apr-2022,36100.0,CE,943.2,1005.65,610.5,837.55,837.55,6657,61395.58,19000,18250,18-APR-2022,
OPTIDX,BANKNIFTY,21-Apr-2022,36200.0,CE,869.15,926.2,543.95,735.55,735.55,25889,238783.8,30100,29475,18-APR-2022,
OPTIDX,BANKNIFTY,21-Apr-2022,36300.0,CE,790.1,848.0,482.3,662.55,662.55,49437,456347.26,29925,29025,18-APR-2022,
OPTIDX,BANKNIFTY,21-Apr-2022,36400.0,CE,717.35,776.1,426.0,583.1,583.1,116664,1077914.11,47900,47350,18-APR-2022,
OPTIDX,BANKNIFTY,21-Apr-2022,36500.0,CE,656.55,700.0,372.85,523.55,523.55,753104,6966605.75,348650,309775,18-APR-2022,
OPTIDX,BANKNIFTY,21-Apr-2022,36600.0,CE,572.75,630.3,324.2,459.85,459.85,655230,6066952.19,234225,232925,18-APR-2022,
OPTIDX,BANKNIFTY,21-Apr-2022,36700.0,CE,523.55,567.9,281.1,404.9,404.9,959326,8897958.21,346050,332425,18-APR-2022,
OPTIDX,BANKNIFTY,21-Apr-2022,36800.0,CE,491.7,505.0,241.55,359.7,359.7,1334269,12397305.57,658650,649250,18-APR-2022,
OPTIDX,BANKNIFTY,21-Apr-2022,36900.0,CE,436.6,444.95,205.4,311.3,311.3,947546,8819139.23,592325,585575,18-APR-2022,
OPTIDX,BANKNIFTY,21-Apr-2022,37000.0,CE,391.8,395.2,174.8,266.8,266.8,1966990,18333266.26,2109400,2001800,18-APR-2022,
OPTIDX,BANKNIFTY,21-Apr-2022,37100.0,CE,326.95,349.9,146.7,221.55,221.55,570419,5324646.17,374950,364350,18-APR-2022,
OPTIDX,BANKNIFTY,21-Apr-2022,37200.0,CE,353.85,353.85,120.85,185.4,185.4,761228,7117839.96,670275,636975,18-APR-2022,
OPTIDX,BANKNIFTY,21-Apr-2022,37300.0,CE,205.1,300.0,102.75,155.3,155.3,472177,4423073.09,395750,348050,18-APR-2022,
OPTIDX,BANKNIFTY,21-Apr-2022,37400.0,CE,324.55,324.55,86.1,126.9,126.9,454317,4264079.95,506850,390750,18-APR-2022,
OPTIDX,BANKNIFTY,21-Apr-2022,37500.0,CE,200.0,200.0,71.75,105.0,105.0,1190328,11194802.53,1738225,1040150,18-APR-2022,
OPTIDX,BANKNIFTY,21-Apr-2022,37600.0,CE,249.9,249.9,59.7,84.55,84.55,476902,4494583.26,495575,250625,18-APR-2022,
OPTIDX,BANKNIFTY,21-Apr-2022,37700.0,CE,102.0,214.9,50.0,68.5,68.5,494697,4672853.8,685950,248275,18-APR-2022,
OPTIDX,BANKNIFTY,21-Apr-2022,37800.0,CE,169.8,169.8,41.8,56.35,56.35,581173,5502277.73,646550,230750,18-APR-2022,
OPTIDX,BANKNIFTY,21-Apr-2022,37900.0,CE,156.9,156.9,35.05,46.8,46.8,346874,3291848.32,574000,281400,18-APR-2022,
OPTIDX,BANKNIFTY,21-Apr-2022,38000.0,CE,114.4,114.4,29.35,37.5,37.5,965469,9183684.06,1906100,710600,18-APR-2022,
OPTIDX,BANKNIFTY,21-Apr-2022,38100.0,CE,55.05,73.55,24.65,30.85,30.85,213173,2032555.79,382975,245375,18-APR-2022,
OPTIDX,BANKNIFTY,21-Apr-2022,38200.0,CE,75.0,75.0,20.55,25.5,25.5,274438,2623190.1,577750,169600,18-APR-2022,
OPTIDX,BANKNIFTY,21-Apr-2022,38300.0,CE,59.0,59.0,17.75,21.4,21.4,235874,2260150.31,423650,259725,18-APR-2022,
OPTIDX,BANKNIFTY,21-Apr-2022,38400.0,CE,39.0,39.0,15.45,18.45,18.45,215185,2067067.75,287900,-240025,18-APR-2022,
OPTIDX,BANKNIFTY,21-Apr-2022,38500.0,CE,39.0,39.0,13.6,16.25,16.25,493524,4752737.92,1188075,403325,18-APR-2022,
OPTIDX,BANKNIFTY,21-Apr-2022,38600.0,CE,35.0,35.0,12.05,14.35,14.35,153787,1484741.21,212950,71575,18-APR-2022,
OPTIDX,BANKNIFTY,21-Apr-2022,38700.0,CE,34.9,34.9,10.8,12.8,12.8,166439,1610952.15,404925,217075,18-APR-2022,
OPTIDX,BANKNIFTY,21-Apr-2022,38800.0,CE,8.0,27.85,8.0,11.55,11.55,164710,1598267.64,353900,123200,18-APR-2022,
OPTIDX,BANKNIFTY,21-Apr-2022,38900.0,CE,23.45,23.45,8.85,10.5,10.5,116308,1131458.32,176575,21100,18-APR-2022,
OPTIDX,BANKNIFTY,21-Apr-2022,39000.0,CE,20.0,20.0,8.35,9.7,9.7,496160,4838946.04,2104325,1359400,18-APR-2022,
OPTIDX,BANKNIFTY,21-Apr-2022,39100.0,CE,17.9,17.9,7.6,8.85,8.85,74727,730642.95,148950,32550,18-APR-2022,
OPTIDX,BANKNIFTY,21-Apr-2022,39200.0,CE,16.5,16.5,7.05,8.05,8.05,96225,943226.15,279875,96250,18-APR-2022,
OPTIDX,BANKNIFTY,21-Apr-2022,39300.0,CE,14.9,14.9,6.55,7.55,7.55,68727,675389.97,170200,79625,18-APR-2022,
OPTIDX,BANKNIFTY,21-Apr-2022,39400.0,CE,12.0,12.9,6.25,7.2,7.2,62457,615324.63,131850,1525,18-APR-2022,
OPTIDX,BANKNIFTY,21-Apr-2022,39500.0,CE,9.8,10.8,5.75,6.7,6.7,314965,3110844.82,1327775,815700,18-APR-2022,
OPTIDX,BANKNIFTY,21-Apr-2022,39600.0,CE,9.6,10.4,5.5,6.55,6.55,44726,442864.45,117275,53975,18-APR-2022,
OPTIDX,BANKNIFTY,21-Apr-2022,39700.0,CE,9.0,9.0,5.4,6.25,6.25,40281,399854.07,59975,-63550,18-APR-2022,
OPTIDX,BANKNIFTY,21-Apr-2022,39800.0,CE,7.2,8.25,5.3,6.1,6.1,45678,454566.96,129900,22200,18-APR-2022,
OPTIDX,BANKNIFTY,21-Apr-2022,39900.0,CE,11.5,52.75,5.05,5.9,5.9,27919,278532.7,72475,13800,18-APR-2022,
OPTIDX,BANKNIFTY,21-Apr-2022,40000.0,CE,7.65,8.45,4.9,5.85,5.85,331562,3316090.33,1421575,538425,18-APR-2022,
OPTIDX,BANKNIFTY,21-Apr-2022,40100.0,CE,7.6,39.0,3.3,5.6,5.6,13852,138885.22,21600,-3675,18-APR-2022,
OPTIDX,BANKNIFTY,21-Apr-2022,40200.0,CE,6.0,8.6,4.05,5.4,5.4,21306,214153.26,61525,8050,18-APR-2022,
OPTIDX,BANKNIFTY,21-Apr-2022,40300.0,CE,7.65,7.65,3.1,5.15,5.15,16605,167316.14,77975,34425,18-APR-2022,
OPTIDX,BANKNIFTY,21-Apr-2022,40400.0,CE,6.15,6.25,4.35,5.2,5.2,11238,113517.81,32250,9100,18-APR-2022,
OPTIDX,BANKNIFTY,21-Apr-2022,40500.0,CE,5.05,5.95,4.15,5.0,5.0,131664,1333255.67,502625,52425,18-APR-2022,
OPTIDX,BANKNIFTY,21-Apr-2022,40600.0,CE,5.95,5.95,3.1,4.9,4.9,8212,83361.23,26750,1950,18-APR-2022,
OPTIDX,BANKNIFTY,21-Apr-2022,40700.0,CE,4.8,5.75,3.65,4.85,4.85,4238,43126.56,13125,1525,18-APR-2022,
OPTIDX,BANKNIFTY,21-Apr-2022,40800.0,CE,6.0,9.45,4.0,4.75,4.75,3391,34592.06,19125,7825,18-APR-2022,
OPTIDX,BANKNIFTY,21-Apr-2022,40900.0,CE,4.45,5.0,3.95,4.7,4.7,4059,41507.86,18250,11650,18-APR-2022,
OPTIDX,BANKNIFTY,21-Apr-2022,41000.0,CE,4.5,5.05,3.75,4.75,4.75,164538,1686697.98,1101775,760400,18-APR-2022,
OPTIDX,BANKNIFTY,21-Apr-2022,41100.0,CE,4.55,4.9,3.8,4.6,4.6,1514,15557.98,7475,-100,18-APR-2022,
OPTIDX,BANKNIFTY,21-Apr-2022,41200.0,CE,7.2,9.9,3.7,4.6,4.6,3038,31294.68,6475,1100,18-APR-2022,
OPTIDX,BANKNIFTY,21-Apr-2022,41300.0,CE,4.0,4.6,3.35,4.25,4.25,2133,22025.47,4725,2500,18-APR-2022,
OPTIDX,BANKNIFTY,21-Apr-2022,41400.0,CE,4.0,4.5,3.55,4.25,4.25,1879,19449.55,9925,-350,18-APR-2022,
OPTIDX,BANKNIFTY,21-Apr-2022,41500.0,CE,4.05,5.75,3.35,4.25,4.25,48395,502147.44,277525,124025,18-APR-2022,
OPTIDX,BANKNIFTY,21-Apr-2022,41600.0,CE,3.85,4.35,3.35,4.1,4.1,1869,19439.44,4150,-1250,18-APR-2022,
OPTIDX,BANKNIFTY,21-Apr-2022,41700.0,CE,4.2,4.4,3.2,4.1,4.1,714,7444.13,1775,1100,18-APR-2022,
OPTIDX,BANKNIFTY,21-Apr-2022,41800.0,CE,3.6,4.35,2.45,3.95,3.95,1968,20567.47,6350,3100,18-APR-2022,
OPTIDX,BANKNIFTY,21-Apr-2022,41900.0,CE,3.85,4.35,2.5,3.95,3.95,685,7176.0,3175,575,18-APR-2022,
OPTIDX,BANKNIFTY,21-Apr-2022,42000.0,CE,3.0,4.3,2.55,3.75,3.75,66166,694803.69,509250,272725,18-APR-2022,
OPTIDX,BANKNIFTY,21-Apr-2022,42100.0,CE,4.0,4.25,1.9,3.95,3.95,3021,31798.78,6400,3050,18-APR-2022,
OPTIDX,BANKNIFTY,21-Apr-2022,42200.0,CE,3.5,4.3,2.95,3.95,3.95,5334,56278.38,6100,50,18-APR-2022,
OPTIDX,BANKNIFTY,21-Apr-2022,42300.0,CE,3.3,4.25,3.05,3.7,3.7,8601,90963.34,40925,36750,18-APR-2022,
OPTIDX,BANKNIFTY,21-Apr-2022,42400.0,CE,3.65,4.2,2.9,3.75,3.75,9530,101026.43,39075,29975,18-APR-2022,
OPTIDX,BANKNIFTY,21-Apr-2022,42500.0,CE,3.25,4.15,2.5,3.5,3.5,65538,696398.57,427400,299025,18-APR-2022,
OPTIDX,BANKNIFTY,21-Apr-2022,42600.0,CE,3.0,4.1,2.7,3.4,3.4,67595,719943.71,310925,129700,18-APR-2022,
OPTIDX,BANKNIFTY,21-Apr-2022,31400.0,PE,6.2,6.2,2.0,2.15,2.15,18082,141955.73,99375,79900,18-APR-2022,
OPTIDX,BANKNIFTY,21-Apr-2022,31500.0,PE,2.65,5.0,2.05,2.2,2.2,23170,182479.12,125250,99725,18-APR-2022,
OPTIDX,BANKNIFTY,21-Apr-2022,31600.0,PE,5.0,7.55,2.05,2.6,2.6,1173,9267.63,3600,3600,18-APR-2022,
OPTIDX,BANKNIFTY,21-Apr-2022,31700.0,PE,4.7,4.7,1.7,2.5,2.5,233,1846.69,2550,2550,18-APR-2022,
OPTIDX,BANKNIFTY,21-Apr-2022,31800.0,PE,2.55,3.9,2.05,2.7,2.7,283,2250.06,1425,1425,18-APR-2022,
OPTIDX,BANKNIFTY,21-Apr-2022,31900.0,PE,3.5,3.55,2.2,2.6,2.6,738,5886.12,1475,1475,18-APR-2022,
OPTIDX,BANKNIFTY,21-Apr-2022,32000.0,PE,6.8,9.95,2.3,2.55,2.55,35891,287156.27,113750,73325,18-APR-2022,
OPTIDX,BANKNIFTY,21-Apr-2022,32100.0,PE,3.2,6.5,2.25,2.65,2.65,116,930.98,650,650,18-APR-2022,
OPTIDX,BANKNIFTY,21-Apr-2022,32200.0,PE,6.5,6.5,2.25,2.65,2.65,431,3469.91,2000,1950,18-APR-2022,
OPTIDX,BANKNIFTY,21-Apr-2022,32300.0,PE,3.25,4.0,2.3,3.05,3.05,59,476.47,1075,1075,18-APR-2022,
OPTIDX,BANKNIFTY,21-Apr-2022,32400.0,PE,4.35,5.0,2.2,2.9,2.9,673,5451.91,2525,2525,18-APR-2022,
OPTIDX,BANKNIFTY,21-Apr-2022,32500.0,PE,5.45,5.7,2.5,3.05,3.05,35283,286707.55,66525,51225,18-APR-2022,
OPTIDX,BANKNIFTY,21-Apr-2022,32600.0,PE,5.1,6.0,2.5,3.05,3.05,1703,13881.15,2100,2100,18-APR-2022,
OPTIDX,BANKNIFTY,21-Apr-2022,32700.0,PE,5.8,6.8,2.25,2.85,2.85,2087,17063.36,675,675,18-APR-2022,
OPTIDX,BANKNIFTY,21-Apr-2022,32800.0,PE,5.9,6.55,2.45,3.05,3.05,3742,30688.24,3850,3850,18-APR-2022,
OPTIDX,BANKNIFTY,21-Apr-2022,32900.0,PE,4.0,6.75,2.5,3.05,3.05,2506,20614.58,3150,3150,18-APR-2022,
OPTIDX,BANKNIFTY,21-Apr-2022,33000.0,PE,3.45,7.0,2.75,3.25,3.25,81981,676437.39,235950,103025,18-APR-2022,
OPTIDX,BANKNIFTY,21-Apr-2022,33100.0,PE,5.05,7.7,2.8,3.3,3.3,8292,68626.46,6625,6400,18-APR-2022,
OPTIDX,BANKNIFTY,21-Apr-2022,33200.0,PE,5.25,8.2,2.8,3.45,3.45,14446,119920.19,20825,19225,18-APR-2022,
OPTIDX,BANKNIFTY,21-Apr-2022,33300.0,PE,5.95,8.8,2.65,3.5,3.5,14400,119899.96,15450,15325,18-APR-2022,
OPTIDX,BANKNIFTY,21-Apr-2022,33400.0,PE,5.8,15.55,2.65,3.65,3.65,16870,140888.54,23000,23000,18-APR-2022,
OPTIDX,BANKNIFTY,21-Apr-2022,33500.0,PE,3.0,13.9,1.65,3.95,3.95,118818,995281.39,342625,210650,18-APR-2022,
OPTIDX,BANKNIFTY,21-Apr-2022,33600.0,PE,8.3,11.0,3.45,4.1,4.1,18822,158135.49,20400,16925,18-APR-2022,
OPTIDX,BANKNIFTY,21-Apr-2022,33700.0,PE,10.0,11.95,3.45,4.2,4.2,25509,214959.14,39525,35600,18-APR-2022,
OPTIDX,BANKNIFTY,21-Apr-2022,33800.0,PE,8.75,12.9,3.65,4.55,4.55,32061,270973.48,41625,38350,18-APR-2022,
OPTIDX,BANKNIFTY,21-Apr-2022,33900.0,PE,7.8,14.0,3.8,4.8,4.8,27071,229479.33,37925,35750,18-APR-2022,
OPTIDX,BANKNIFTY,21-Apr-2022,34000.0,PE,8.95,15.15,4.2,5.1,5.1,225472,1916980.57,678025,446400,18-APR-2022,
OPTIDX,BANKNIFTY,21-Apr-2022,34100.0,PE,14.8,16.55,4.25,5.4,5.4,33284,283821.15,65575,60275,18-APR-2022,
OPTIDX,BANKNIFTY,21-Apr-2022,34200.0,PE,6.95,18.0,4.45,5.75,5.75,43777,374399.49,67275,64250,18-APR-2022,
OPTIDX,BANKNIFTY,21-Apr-2022,34300.0,PE,7.85,19.8,4.05,6.2,6.2,44415,380975.71,82750,75700,18-APR-2022,
OPTIDX,BANKNIFTY,21-Apr-2022,34400.0,PE,10.8,21.8,5.05,6.95,6.95,50405,433632.35,50100,42775,18-APR-2022,
OPTIDX,BANKNIFTY,21-Apr-2022,34500.0,PE,20.95,24.0,5.75,7.65,7.65,235989,2036169.57,543800,246975,18-APR-2022,
OPTIDX,BANKNIFTY,21-Apr-2022,34600.0,PE,23.2,27.45,6.25,8.85,8.85,56250,486768.69,60775,42525,18-APR-2022,
OPTIDX,BANKNIFTY,21-Apr-2022,34700.0,PE,14.7,31.05,7.1,10.05,10.05,75878,658555.34,77600,48975,18-APR-2022,
OPTIDX,BANKNIFTY,21-Apr-2022,34800.0,PE,12.3,35.2,7.85,11.25,11.25,91586,797227.68,128325,95050,18-APR-2022,
OPTIDX,BANKNIFTY,21-Apr-2022,34900.0,PE,28.6,39.75,9.0,13.4,13.4,91632,799981.62,57950,22025,18-APR-2022,
OPTIDX,BANKNIFTY,21-Apr-2022,35000.0,PE,29.0,45.45,10.5,15.75,15.75,500502,4382440.73,826225,432650,18-APR-2022,
OPTIDX,BANKNIFTY,21-Apr-2022,35100.0,PE,33.3,51.7,12.05,18.9,18.9,120842,1061215.77,77175,57850,18-APR-2022,
OPTIDX,BANKNIFTY,21-Apr-2022,35200.0,PE,40.3,58.9,14.1,21.75,21.75,166476,1466295.97,188600,165600,18-APR-2022,
OPTIDX,BANKNIFTY,21-Apr-2022,35300.0,PE,42.65,66.9,16.35,25.1,25.1,143639,1268949.03,147150,114150,18-APR-2022,
OPTIDX,BANKNIFTY,21-Apr-2022,35400.0,PE,45.95,76.7,19.45,32.3,32.3,168787,1495609.06,313750,269125,18-APR-2022,
OPTIDX,BANKNIFTY,21-Apr-2022,35500.0,PE,65.05,87.85,22.95,37.1,37.1,629400,5594282.56,571100,270700,18-APR-2022,
OPTIDX,BANKNIFTY,21-Apr-2022,35600.0,PE,72.25,104.25,27.05,42.9,42.9,228335,2035766.32,227050,100425,18-APR-2022,
OPTIDX,BANKNIFTY,21-Apr-2022,35700.0,PE,72.45,123.0,30.0,54.4,54.4,297621,2661779.9,239350,196000,18-APR-2022,
OPTIDX,BANKNIFTY,21-Apr-2022,35800.0,PE,70.2,145.55,38.65,67.6,67.6,418215,3752190.49,273700,152700,18-APR-2022,
OPTIDX,BANKNIFTY,21-Apr-2022,35900.0,PE,92.6,175.1,46.8,80.7,80.7,330389,2973671.51,215600,141725,18-APR-2022,
OPTIDX,BANKNIFTY,21-Apr-2022,36000.0,PE,108.0,195.6,56.5,91.6,91.6,1319671,11916818.51,1113225,499800,18-APR-2022,
OPTIDX,BANKNIFTY,21-Apr-2022,36100.0,PE,136.5,234.75,68.55,114.4,114.4,334232,3028408.77,228050,172250,18-APR-2022,
OPTIDX,BANKNIFTY,21-Apr-2022,36200.0,PE,74.0,259.0,74.0,135.4,135.4,476666,4333782.4,373600,271675,18-APR-2022,
OPTIDX,BANKNIFTY,21-Apr-2022,36300.0,PE,175.75,296.0,100.0,162.7,162.7,490065,4471750.32,268675,151475,18-APR-2022,
OPTIDX,BANKNIFTY,21-Apr-2022,36400.0,PE,299.75,341.6,120.4,198.7,198.7,585134,5358881.16,262450,128850,18-APR-2022,
OPTIDX,BANKNIFTY,21-Apr-2022,36500.0,PE,274.7,380.0,144.2,227.1,227.1,1877918,17261801.27,1070125,354725,18-APR-2022,
OPTIDX,BANKNIFTY,21-Apr-2022,36600.0,PE,134.0,478.0,134.0,269.4,269.4,1044896,9641964.16,431125,327075,18-APR-2022,
OPTIDX,BANKNIFTY,21-Apr-2022,36700.0,PE,299.6,500.0,203.85,306.65,306.65,1238095,11467024.04,509250,212825,18-APR-2022,
OPTIDX,BANKNIFTY,21-Apr-2022,36800.0,PE,300.1,550.0,240.55,340.55,340.55,1427447,13270555.11,468350,281250,18-APR-2022,
OPTIDX,BANKNIFTY,21-Apr-2022,36900.0,PE,388.3,614.7,281.65,384.15,384.15,682861,6372606.27,325150,-141600,18-APR-2022,
OPTIDX,BANKNIFTY,21-Apr-2022,37000.0,PE,560.0,682.55,329.5,442.1,442.1,1051796,9858893.72,1135925,497550,18-APR-2022,
OPTIDX,BANKNIFTY,21-Apr-2022,37100.0,PE,352.65,754.6,352.65,500.5,500.5,171747,1616198.11,92525,9525,18-APR-2022,
OPTIDX,BANKNIFTY,21-Apr-2022,37200.0,PE,559.6,836.8,435.75,565.7,565.7,123988,1171868.57,84775,-54500,18-APR-2022,
OPTIDX,BANKNIFTY,21-Apr-2022,37300.0,PE,597.65,907.05,500.0,619.4,619.4,62055,588982.01,87250,-35350,18-APR-2022,
OPTIDX,BANKNIFTY,21-Apr-2022,37400.0,PE,653.0,988.15,564.25,682.4,682.4,58645,559018.2,193775,31725,18-APR-2022,
OPTIDX,BANKNIFTY,21-Apr-2022,37500.0,PE,650.0,1075.4,638.45,785.15,785.15,124594,1193432.32,463500,-223725,18-APR-2022,
OPTIDX,BANKNIFTY,21-Apr-2022,37600.0,PE,839.95,1163.85,714.05,838.55,838.55,20365,195929.17,67100,-49275,18-APR-2022,
OPTIDX,BANKNIFTY,21-Apr-2022,37700.0,PE,600.0,1258.25,600.0,925.25,925.25,12713,122913.82,92475,-34825,18-APR-2022,
OPTIDX,BANKNIFTY,21-Apr-2022,37800.0,PE,799.0,1344.45,799.0,1052.25,1052.25,16388,159219.66,84475,-51450,18-APR-2022,
OPTIDX,BANKNIFTY,21-Apr-2022,37900.0,PE,952.7,1438.55,952.7,1058.15,1058.15,5197,50724.72,38650,-17975,18-APR-2022,
OPTIDX,BANKNIFTY,21-Apr-2022,38000.0,PE,1180.0,1534.25,950.0,1179.2,1179.2,26025,255293.09,155100,-148325,18-APR-2022,
OPTIDX,BANKNIFTY,21-Apr-2022,38100.0,PE,1274.25,1630.35,1161.7,1223.0,1223.0,1214,11955.94,8225,-11175,18-APR-2022,
OPTIDX,BANKNIFTY,21-Apr-2022,38200.0,PE,1346.7,1722.65,1243.95,1372.35,1372.35,730,7229.13,10525,-4525,18-APR-2022,
OPTIDX,BANKNIFTY,21-Apr-2022,38300.0,PE,1439.9,1823.6,1341.8,1444.7,1444.7,261,2598.89,4525,-1925,18-APR-2022,
OPTIDX,BANKNIFTY,21-Apr-2022,38400.0,PE,1529.7,1923.6,1437.2,1522.5,1522.5,294,2938.07,7200,-1675,18-APR-2022,
OPTIDX,BANKNIFTY,21-Apr-2022,38500.0,PE,1590.7,2010.0,1520.1,1688.25,1688.25,2309,23216.7,62500,-12500,18-APR-2022,
OPTIDX,BANKNIFTY,21-Apr-2022,38600.0,PE,1782.5,2107.1,1682.9,1839.65,1839.65,252,2546.67,5025,-250,18-APR-2022,
OPTIDX,BANKNIFTY,21-Apr-2022,38700.0,PE,1850.55,2170.3,1713.85,1852.9,1852.9,123,1249.07,3900,-100,18-APR-2022,
OPTIDX,BANKNIFTY,21-Apr-2022,38800.0,PE,1941.85,2179.85,1910.0,1918.1,1918.1,42,428.17,1100,275,18-APR-2022,
OPTIDX,BANKNIFTY,21-Apr-2022,38900.0,PE,2012.05,2309.2,1926.05,2003.8,2003.8,35,358.2,1150,250,18-APR-2022,
OPTIDX,BANKNIFTY,21-Apr-2022,39000.0,PE,2109.15,2505.0,2020.0,2130.15,2130.15,10578,109082.49,123125,-204525,18-APR-2022,
OPTIDX,BANKNIFTY,21-Apr-2022,39100.0,PE,2426.45,2426.45,2211.25,2216.1,2216.1,17,175.69,425,375,18-APR-2022,
OPTIDX,BANKNIFTY,21-Apr-2022,39200.0,PE,2404.3,2404.3,2274.0,2322.15,2322.15,16,166.11,475,275,18-APR-2022,
OPTIDX,BANKNIFTY,21-Apr-2022,39300.0,PE,2414.25,2414.25,2414.25,2414.25,2414.25,12,125.14,350,275,18-APR-2022,
OPTIDX,BANKNIFTY,21-Apr-2022,39400.0,PE,2637.6,2835.75,2517.35,2518.0,2518.0,17,178.35,725,200,18-APR-2022,
OPTIDX,BANKNIFTY,21-Apr-2022,39500.0,PE,2582.35,2905.0,2504.95,2604.9,2604.9,81,855.06,5925,-250,18-APR-2022,
OPTIDX,BANKNIFTY,21-Apr-2022,39600.0,PE,0.0,0.0,0.0,2119.6,2859.25,0,0.0,100,0,18-APR-2022,
OPTIDX,BANKNIFTY,21-Apr-2022,39700.0,PE,2849.0,2849.0,2849.0,2849.0,2849.0,2,21.27,100,0,18-APR-2022,
OPTIDX,BANKNIFTY,21-Apr-2022,39800.0,PE,3100.0,3100.0,3100.0,3100.0,3058.45,2,21.45,50,0,18-APR-2022,
OPTIDX,BANKNIFTY,21-Apr-2022,39900.0,PE,0.0,0.0,0.0,3678.5,3158.2,0,0.0,0,0,18-APR-2022,
OPTIDX,BANKNIFTY,21-Apr-2022,40000.0,PE,3185.95,3420.0,3060.0,3227.5,3227.5,185,1999.9,11125,-1325,18-APR-2022,
OPTIDX,BANKNIFTY,21-Apr-2022,40100.0,PE,0.0,0.0,0.0,2358.7,3357.85,0,0.0,25,0,18-APR-2022,
OPTIDX,BANKNIFTY,21-Apr-2022,40200.0,PE,0.0,0.0,0.0,2269.85,3457.7,0,0.0,25,0,18-APR-2022,
OPTIDX,BANKNIFTY,21-Apr-2022,40300.0,PE,0.0,0.0,0.0,4015.35,3557.6,0,0.0,0,0,18-APR-2022,
OPTIDX,BANKNIFTY,21-Apr-2022,40400.0,PE,0.0,0.0,0.0,4101.05,3657.5,0,0.0,0,0,18-APR-2022,
OPTIDX,BANKNIFTY,21-Apr-2022,40500.0,PE,0.0,0.0,0.0,2740.2,3757.45,0,0.0,50,0,18-APR-2022,
OPTIDX,BANKNIFTY,21-Apr-2022,40600.0,PE,0.0,0.0,0.0,3512.9,3857.4,0,0.0,0,0,18-APR-2022,
OPTIDX,BANKNIFTY,21-Apr-2022,40700.0,PE,0.0,0.0,0.0,3602.8,3957.35,0,0.0,0,0,18-APR-2022,
OPTIDX,BANKNIFTY,21-Apr-2022,40800.0,PE,0.0,0.0,0.0,3693.25,4057.3,0,0.0,0,0,18-APR-2022,
OPTIDX,BANKNIFTY,21-Apr-2022,40900.0,PE,0.0,0.0,0.0,3784.25,4157.25,0,0.0,0,0,18-APR-2022,
OPTIDX,BANKNIFTY,21-Apr-2022,41000.0,PE,4000.0,4140.0,4000.0,4120.0,4257.2,21,236.91,1350,525,18-APR-2022,
OPTIDX,BANKNIFTY,21-Apr-2022,41100.0,PE,0.0,0.0,0.0,3967.9,4357.15,0,0.0,0,0,18-APR-2022,
OPTIDX,BANKNIFTY,21-Apr-2022,41200.0,PE,0.0,0.0,0.0,2756.75,4457.1,0,0.0,0,0,18-APR-2022,
OPTIDX,BANKNIFTY,21-Apr-2022,41300.0,PE,0.0,0.0,0.0,2839.8,4557.1,0,0.0,0,0,18-APR-2022,
OPTIDX,BANKNIFTY,21-Apr-2022,41400.0,PE,4580.9,4611.0,4580.9,4611.0,4657.05,4,45.99,0,0,18-APR-2022,
OPTIDX,BANKNIFTY,21-Apr-2022,41500.0,PE,0.0,0.0,0.0,4004.4,4757.0,0,0.0,50,0,18-APR-2022,
OPTIDX,BANKNIFTY,21-Apr-2022,41600.0,PE,0.0,0.0,0.0,3094.0,4856.95,0,0.0,0,0,18-APR-2022,
OPTIDX,BANKNIFTY,21-Apr-2022,41700.0,PE,0.0,0.0,0.0,3180.35,4956.95,0,0.0,0,0,18-APR-2022,
OPTIDX,BANKNIFTY,21-Apr-2022,41800.0,PE,0.0,0.0,0.0,3267.4,5056.9,0,0.0,0,0,18-APR-2022,
OPTIDX,BANKNIFTY,21-Apr-2022,41900.0,PE,0.0,0.0,0.0,3355.2,5156.85,0,0.0,0,0,18-APR-2022,
OPTIDX,BANKNIFTY,21-Apr-2022,42000.0,PE,5114.2,5431.75,5114.2,5276.4,5256.85,6,70.86,25,25,18-APR-2022,
OPTIDX,BANKNIFTY,21-Apr-2022,42100.0,PE,0.0,0.0,0.0,3532.75,5356.8,0,0.0,0,0,18-APR-2022,
OPTIDX,BANKNIFTY,21-Apr-2022,42200.0,PE,0.0,0.0,0.0,3622.5,5456.75,0,0.0,0,0,18-APR-2022,
OPTIDX,BANKNIFTY,21-Apr-2022,42300.0,PE,0.0,0.0,0.0,3712.8,5556.75,0,0.0,0,0,18-APR-2022,
OPTIDX,BANKNIFTY,21-Apr-2022,42400.0,PE,0.0,0.0,0.0,3803.7,5656.7,0,0.0,0,0,18-APR-2022,
OPTIDX,BANKNIFTY,21-Apr-2022,42500.0,PE,5617.45,5990.3,5610.65,5769.8,5756.65,9,108.43,0,0,18-APR-2022,
OPTIDX,BANKNIFTY,21-Apr-2022,42600.0,PE,0.0,0.0,0.0,3987.1,5856.65,0,0.0,0,0,18-APR-2022,
OPTIDX,BANKNIFTY,28-Apr-2022,28900.0,CE,0.0,0.0,0.0,8712.0,7861.55,0,0.0,50,0,18-APR-2022,
OPTIDX,BANKNIFTY,28-Apr-2022,29000.0,CE,7868.3,7963.95,7825.55,7825.55,7761.65,6,55.34,100,-25,18-APR-2022,
OPTIDX,BANKNIFTY,28-Apr-2022,29100.0,CE,0.0,0.0,0.0,4215.65,7661.75,0,0.0,0,0,18-APR-2022,
OPTIDX,BANKNIFTY,28-Apr-2022,29200.0,CE,0.0,0.0,0.0,4132.15,7561.9,0,0.0,0,0,18-APR-2022,
OPTIDX,BANKNIFTY,28-Apr-2022,29300.0,CE,0.0,0.0,0.0,4049.4,7462.0,0,0.0,0,0,18-APR-2022,
OPTIDX,BANKNIFTY,28-Apr-2022,29400.0,CE,0.0,0.0,0.0,3967.35,7362.1,0,0.0,0,0,18-APR-2022,
OPTIDX,BANKNIFTY,28-Apr-2022,29500.0,CE,0.0,0.0,0.0,6994.85,7262.2,0,0.0,150,0,18-APR-2022,
OPTIDX,BANKNIFTY,28-Apr-2022,29600.0,CE,0.0,0.0,0.0,3805.4,7162.35,0,0.0,0,0,18-APR-2022,
OPTIDX,BANKNIFTY,28-Apr-2022,29700.0,CE,0.0,0.0,0.0,3725.6,7062.45,0,0.0,0,0,18-APR-2022,
OPTIDX,BANKNIFTY,28-Apr-2022,29800.0,CE,0.0,0.0,0.0,3646.6,6962.55,0,0.0,0,0,18-APR-2022,
OPTIDX,BANKNIFTY,28-Apr-2022,29900.0,CE,0.0,0.0,0.0,3568.35,6862.7,0,0.0,0,0,18-APR-2022,
OPTIDX,BANKNIFTY,28-Apr-2022,30000.0,CE,6874.2,7000.0,6755.65,6920.35,6920.35,23,212.02,16325,-50,18-APR-2022,
OPTIDX,BANKNIFTY,28-Apr-2022,30100.0,CE,0.0,0.0,0.0,3414.35,6662.9,0,0.0,0,0,18-APR-2022,
OPTIDX,BANKNIFTY,28-Apr-2022,30200.0,CE,0.0,0.0,0.0,3338.6,6563.05,0,0.0,0,0,18-APR-2022,
OPTIDX,BANKNIFTY,28-Apr-2022,30300.0,CE,0.0,0.0,0.0,3263.7,6463.15,0,0.0,0,0,18-APR-2022,
OPTIDX,BANKNIFTY,28-Apr-2022,30400.0,CE,0.0,0.0,0.0,4474.85,6363.3,0,0.0,0,0,18-APR-2022,
OPTIDX,BANKNIFTY,28-Apr-2022,30500.0,CE,6397.15,6397.15,6301.9,6301.9,6263.45,5,46.09,500,-25,18-APR-2022,
OPTIDX,BANKNIFTY,28-Apr-2022,30600.0,CE,0.0,0.0,0.0,4308.2,6163.55,0,0.0,0,0,18-APR-2022,
OPTIDX,BANKNIFTY,28-Apr-2022,30700.0,CE,0.0,0.0,0.0,4225.9,6063.7,0,0.0,0,0,18-APR-2022,
OPTIDX,BANKNIFTY,28-Apr-2022,30800.0,CE,0.0,0.0,0.0,4144.3,5963.85,0,0.0,0,0,18-APR-2022,
OPTIDX,BANKNIFTY,28-Apr-2022,30900.0,CE,0.0,0.0,0.0,4557.8,5864.0,0,0.0,0,0,18-APR-2022,
OPTIDX,BANKNIFTY,28-Apr-2022,31000.0,CE,5885.1,6142.6,5560.6,5983.8,5983.8,23,211.61,3100,150,18-APR-2022,
OPTIDX,BANKNIFTY,28-Apr-2022,31100.0,CE,0.0,0.0,0.0,5380.0,5664.35,0,0.0,75,0,18-APR-2022,
OPTIDX,BANKNIFTY,28-Apr-2022,31200.0,CE,0.0,0.0,0.0,2882.6,5564.55,0,0.0,50,0,18-APR-2022,
OPTIDX,BANKNIFTY,28-Apr-2022,31300.0,CE,0.0,0.0,0.0,2737.0,5464.8,0,0.0,25,0,18-APR-2022,
OPTIDX,BANKNIFTY,28-Apr-2022,31400.0,CE,0.0,0.0,0.0,2671.3,5365.05,0,0.0,50,0,18-APR-2022,
OPTIDX,BANKNIFTY,28-Apr-2022,31500.0,CE,5386.85,5500.55,5143.75,5240.0,5265.3,14,128.89,850,-100,18-APR-2022,
OPTIDX,BANKNIFTY,28-Apr-2022,31600.0,CE,0.0,0.0,0.0,2840.15,5165.6,0,0.0,75,0,18-APR-2022,
OPTIDX,BANKNIFTY,28-Apr-2022,31700.0,CE,0.0,0.0,0.0,6620.0,5065.95,0,0.0,50,0,18-APR-2022,
OPTIDX,BANKNIFTY,28-Apr-2022,31800.0,CE,0.0,0.0,0.0,2657.9,4966.35,0,0.0,25,0,18-APR-2022,
OPTIDX,BANKNIFTY,28-Apr-2022,31900.0,CE,0.0,0.0,0.0,2375.15,4866.8,0,0.0,25,0,18-APR-2022,
OPTIDX,BANKNIFTY,28-Apr-2022,32000.0,CE,4852.75,5026.9,4720.0,5026.9,5026.9,120,1104.72,16900,-650,18-APR-2022,
OPTIDX,BANKNIFTY,28-Apr-2022,32100.0,CE,0.0,0.0,0.0,2547.6,4667.9,0,0.0,75,0,18-APR-2022,
OPTIDX,BANKNIFTY,28-Apr-2022,32200.0,CE,0.0,0.0,0.0,2871.75,4568.6,0,0.0,125,0,18-APR-2022,
OPTIDX,BANKNIFTY,28-Apr-2022,32300.0,CE,0.0,0.0,0.0,5512.5,4469.4,0,0.0,50,0,18-APR-2022,
OPTIDX,BANKNIFTY,28-Apr-2022,32400.0,CE,0.0,0.0,0.0,3264.2,4370.3,0,0.0,50,0,18-APR-2022,
OPTIDX,BANKNIFTY,28-Apr-2022,32500.0,CE,4363.75,4518.2,4078.05,4078.05,4271.35,28,258.09,7400,-450,18-APR-2022,
OPTIDX,BANKNIFTY,28-Apr-2022,32600.0,CE,0.0,0.0,0.0,2842.3,4172.55,0,0.0,125,0,18-APR-2022,
OPTIDX,BANKNIFTY,28-Apr-2022,32700.0,CE,0.0,0.0,0.0,5200.0,4073.95,0,0.0,175,0,18-APR-2022,
OPTIDX,BANKNIFTY,28-Apr-2022,32800.0,CE,0.0,0.0,0.0,5789.55,3975.5,0,0.0,225,0,18-APR-2022,
OPTIDX,BANKNIFTY,28-Apr-2022,32900.0,CE,0.0,0.0,0.0,3650.0,3877.35,0,0.0,200,0,18-APR-2022,
OPTIDX,BANKNIFTY,28-Apr-2022,33000.0,CE,3944.95,4057.55,3577.5,3944.65,3944.65,447,4114.26,24250,4275,18-APR-2022,
OPTIDX,BANKNIFTY,28-Apr-2022,33100.0,CE,0.0,0.0,0.0,3100.0,3681.8,0,0.0,250,0,18-APR-2022,
OPTIDX,BANKNIFTY,28-Apr-2022,33200.0,CE,0.0,0.0,0.0,5200.0,3584.5,0,0.0,675,0,18-APR-2022,
OPTIDX,BANKNIFTY,28-Apr-2022,33300.0,CE,3400.8,3400.8,3400.8,3400.8,3487.55,1,9.17,450,25,18-APR-2022,
OPTIDX,BANKNIFTY,28-Apr-2022,33400.0,CE,0.0,0.0,0.0,3301.5,3391.0,0,0.0,200,0,18-APR-2022,
OPTIDX,BANKNIFTY,28-Apr-2022,33500.0,CE,3450.0,3450.0,3317.05,3445.0,3294.95,15,138.47,6925,0,18-APR-2022,
OPTIDX,BANKNIFTY,28-Apr-2022,33600.0,CE,0.0,0.0,0.0,3114.55,3199.35,0,0.0,50,0,18-APR-2022,
OPTIDX,BANKNIFTY,28-Apr-2022,33700.0,CE,3359.4,3359.4,3240.0,3240.0,3104.3,5,46.2,150,0,18-APR-2022,
OPTIDX,BANKNIFTY,28-Apr-2022,33800.0,CE,3150.0,3150.0,3150.0,3150.0,3009.85,1,9.23,275,-25,18-APR-2022,
OPTIDX,BANKNIFTY,28-Apr-2022,33900.0,CE,0.0,0.0,0.0,4020.0,2916.05,0,0.0,150,0,18-APR-2022,
OPTIDX,BANKNIFTY,28-Apr-2022,34000.0,CE,2991.8,3087.3,2673.9,2910.75,2910.75,326,3003.31,26025,-250,18-APR-2022,
OPTIDX,BANKNIFTY,28-Apr-2022,34100.0,CE,0.0,0.0,0.0,3933.4,2730.6,0,0.0,975,0,18-APR-2022,
OPTIDX,BANKNIFTY,28-Apr-2022,34200.0,CE,0.0,0.0,0.0,3841.1,2639.1,0,0.0,950,0,18-APR-2022,
OPTIDX,BANKNIFTY,28-Apr-2022,34300.0,CE,2650.0,2650.0,2650.0,2650.0,2548.45,1,9.23,400,0,18-APR-2022,
OPTIDX,BANKNIFTY,28-Apr-2022,34400.0,CE,0.0,0.0,0.0,3403.85,2458.8,0,0.0,275,0,18-APR-2022,
OPTIDX,BANKNIFTY,28-Apr-2022,34500.0,CE,2440.65,2590.25,2164.6,2525.9,2525.9,112,1034.1,10825,-25,18-APR-2022,
OPTIDX,BANKNIFTY,28-Apr-2022,34600.0,CE,0.0,0.0,0.0,3359.55,2282.55,0,0.0,300,0,18-APR-2022,
OPTIDX,BANKNIFTY,28-Apr-2022,34700.0,CE,0.0,0.0,0.0,3183.35,2196.15,0,0.0,300,0,18-APR-2022,
OPTIDX,BANKNIFTY,28-Apr-2022,34800.0,CE,2065.0,2065.0,2065.0,2065.0,2110.95,1,9.21,775,25,18-APR-2022,
OPTIDX,BANKNIFTY,28-Apr-2022,34900.0,CE,0.0,0.0,0.0,3160.55,2027.05,0,0.0,500,0,18-APR-2022,
OPTIDX,BANKNIFTY,28-Apr-2022,35000.0,CE,2020.45,2150.0,1720.8,1995.75,1995.75,396,3658.07,44825,-2950,18-APR-2022,
OPTIDX,BANKNIFTY,28-Apr-2022,35100.0,CE,1892.5,1984.05,1688.55,1975.9,1975.9,15,138.67,2650,-100,18-APR-2022,
OPTIDX,BANKNIFTY,28-Apr-2022,35200.0,CE,1807.0,1807.0,1610.0,1724.85,1783.7,19,175.41,925,-150,18-APR-2022,
OPTIDX,BANKNIFTY,28-Apr-2022,35300.0,CE,1810.2,1810.2,1498.9,1498.9,1705.6,11,101.71,1250,-50,18-APR-2022,
OPTIDX,BANKNIFTY,28-Apr-2022,35400.0,CE,1593.15,1615.7,1390.95,1534.25,1629.15,14,129.28,1975,-50,18-APR-2022,
OPTIDX,BANKNIFTY,28-Apr-2022,35500.0,CE,1631.7,1710.0,1315.8,1584.25,1584.25,963,8908.4,89725,-1350,18-APR-2022,
OPTIDX,BANKNIFTY,28-Apr-2022,35600.0,CE,1587.3,1587.3,1259.55,1506.55,1506.55,78,722.46,3050,-200,18-APR-2022,
OPTIDX,BANKNIFTY,28-Apr-2022,35700.0,CE,1485.95,1510.15,1167.85,1400.25,1400.25,32,296.53,4075,-175,18-APR-2022,
OPTIDX,BANKNIFTY,28-Apr-2022,35800.0,CE,1300.0,1365.05,1130.55,1324.6,1324.6,43,398.41,2750,75,18-APR-2022,
OPTIDX,BANKNIFTY,28-Apr-2022,35900.0,CE,1268.55,1338.5,1065.25,1255.2,1255.2,64,594.33,4525,-650,18-APR-2022,
OPTIDX,BANKNIFTY,28-Apr-2022,36000.0,CE,1268.5,1358.5,942.7,1129.4,1129.4,8510,78961.92,276425,5050,18-APR-2022,
OPTIDX,BANKNIFTY,28-Apr-2022,36100.0,CE,1200.0,1226.45,890.0,1078.35,1078.35,387,3595.15,8425,-875,18-APR-2022,
OPTIDX,BANKNIFTY,28-Apr-2022,36200.0,CE,1134.2,1134.2,837.3,954.05,954.05,533,4951.37,6650,2175,18-APR-2022,
OPTIDX,BANKNIFTY,28-Apr-2022,36300.0,CE,1011.05,1082.85,758.55,909.2,909.2,583,5423.27,4350,725,18-APR-2022,
OPTIDX,BANKNIFTY,28-Apr-2022,36400.0,CE,978.4,1007.9,699.7,898.25,898.25,2058,19162.23,18425,8650,18-APR-2022,
OPTIDX,BANKNIFTY,28-Apr-2022,36500.0,CE,891.65,950.05,643.5,789.05,789.05,35663,332243.75,175425,54150,18-APR-2022,
OPTIDX,BANKNIFTY,28-Apr-2022,36600.0,CE,859.8,880.0,592.45,726.9,726.9,8379,78127.88,29050,19375,18-APR-2022,
OPTIDX,BANKNIFTY,28-Apr-2022,36700.0,CE,757.05,820.25,543.3,678.65,678.65,12864,120162.33,39650,30750,18-APR-2022,
OPTIDX,BANKNIFTY,28-Apr-2022,36800.0,CE,710.5,760.0,496.25,626.3,626.3,26679,249669.43,72950,43750,18-APR-2022,
OPTIDX,BANKNIFTY,28-Apr-2022,36900.0,CE,672.1,702.85,451.7,571.3,571.3,14387,134767.04,34475,26000,18-APR-2022,
OPTIDX,BANKNIFTY,28-Apr-2022,37000.0,CE,700.05,700.1,407.3,516.65,516.65,88311,828504.62,699800,185475,18-APR-2022,
OPTIDX,BANKNIFTY,28-Apr-2022,37100.0,CE,574.55,594.9,373.35,477.95,477.95,5709,53643.16,24675,20100,18-APR-2022,
OPTIDX,BANKNIFTY,28-Apr-2022,37200.0,CE,509.7,545.0,338.05,435.25,435.25,9384,88320.25,41950,30275,18-APR-2022,
OPTIDX,BANKNIFTY,28-Apr-2022,37300.0,CE,450.55,499.05,305.9,398.75,398.75,6003,56577.27,42475,25175,18-APR-2022,
OPTIDX,BANKNIFTY,28-Apr-2022,37400.0,CE,422.45,452.7,273.15,352.1,352.1,6689,63119.53,22475,7250,18-APR-2022,
OPTIDX,BANKNIFTY,28-Apr-2022,37500.0,CE,492.2,492.2,243.3,310.8,310.8,71481,675895.19,343925,57650,18-APR-2022,
OPTIDX,BANKNIFTY,28-Apr-2022,37600.0,CE,550.0,550.0,220.4,284.15,284.15,6251,59225.24,45225,-5875,18-APR-2022,
OPTIDX,BANKNIFTY,28-Apr-2022,37700.0,CE,313.5,378.7,197.45,247.3,247.3,11156,105897.51,104250,26625,18-APR-2022,
OPTIDX,BANKNIFTY,28-Apr-2022,37800.0,CE,360.0,360.0,176.55,219.9,219.9,11695,111195.94,99800,22925,18-APR-2022,
OPTIDX,BANKNIFTY,28-Apr-2022,37900.0,CE,180.1,318.05,156.85,197.7,197.7,5702,54321.32,48575,-7400,18-APR-2022,
OPTIDX,BANKNIFTY,28-Apr-2022,38000.0,CE,188.65,248.8,137.75,172.1,172.1,126893,1211417.86,659400,66100,18-APR-2022,
OPTIDX,BANKNIFTY,28-Apr-2022,38100.0,CE,233.6,233.6,124.5,155.2,155.2,4407,42158.84,40800,7600,18-APR-2022,
OPTIDX,BANKNIFTY,28-Apr-2022,38200.0,CE,218.1,218.15,110.15,133.0,133.0,7017,67269.32,51125,7325,18-APR-2022,
OPTIDX,BANKNIFTY,28-Apr-2022,38300.0,CE,170.05,197.7,98.0,116.4,116.4,6671,64086.25,41225,10400,18-APR-2022,
OPTIDX,BANKNIFTY,28-Apr-2022,38400.0,CE,189.0,189.0,87.55,101.9,101.9,5180,49870.91,33450,12475,18-APR-2022,
OPTIDX,BANKNIFTY,28-Apr-2022,38500.0,CE,151.0,151.0,76.8,91.0,91.0,68374,659896.59,434125,47250,18-APR-2022,
OPTIDX,BANKNIFTY,28-Apr-2022,38600.0,CE,102.45,131.15,69.4,83.2,83.2,9853,95302.72,42325,10425,18-APR-2022,
OPTIDX,BANKNIFTY,28-Apr-2022,38700.0,CE,101.0,121.2,61.5,72.05,72.05,7735,74992.57,30850,25,18-APR-2022,
OPTIDX,BANKNIFTY,28-Apr-2022,38800.0,CE,87.0,103.9,52.0,63.55,63.55,6351,61718.96,35375,6250,18-APR-2022,
OPTIDX,BANKNIFTY,28-Apr-2022,38900.0,CE,75.75,92.55,49.2,57.9,57.9,3126,30451.73,15775,4125,18-APR-2022,
OPTIDX,BANKNIFTY,28-Apr-2022,39000.0,CE,54.15,84.7,43.55,50.8,50.8,70209,685569.69,491150,-53200,18-APR-2022,
OPTIDX,BANKNIFTY,28-Apr-2022,39100.0,CE,64.2,75.25,39.45,44.75,44.75,2817,27572.82,11000,-2875,18-APR-2022,
OPTIDX,BANKNIFTY,28-Apr-2022,39200.0,CE,62.65,70.7,35.0,41.0,41.0,3231,31702.31,15125,-125,18-APR-2022,
OPTIDX,BANKNIFTY,28-Apr-2022,39300.0,CE,33.0,60.0,33.0,37.15,37.15,2274,22366.31,11675,1825,18-APR-2022,
OPTIDX,BANKNIFTY,28-Apr-2022,39400.0,CE,52.25,52.25,30.8,34.25,34.25,2816,27766.04,9950,-2375,18-APR-2022,
OPTIDX,BANKNIFTY,28-Apr-2022,39500.0,CE,52.5,52.7,27.75,31.6,31.6,46529,459882.56,227575,-77100,18-APR-2022,
OPTIDX,BANKNIFTY,28-Apr-2022,39600.0,CE,32.6,48.9,25.0,28.8,28.8,1733,17170.21,14175,-2150,18-APR-2022,
OPTIDX,BANKNIFTY,28-Apr-2022,39700.0,CE,29.85,43.75,24.7,27.9,27.9,1346,13369.38,19450,3150,18-APR-2022,
OPTIDX,BANKNIFTY,28-Apr-2022,39800.0,CE,29.9,41.2,22.0,24.8,24.8,1573,15661.73,28200,-2225,18-APR-2022,
OPTIDX,BANKNIFTY,28-Apr-2022,39900.0,CE,27.3,38.4,21.95,24.0,24.0,1356,13534.79,16950,2925,18-APR-2022,
OPTIDX,BANKNIFTY,28-Apr-2022,40000.0,CE,28.7,28.7,20.0,22.1,22.1,42584,426087.32,470825,49425,18-APR-2022,
OPTIDX,BANKNIFTY,28-Apr-2022,40100.0,CE,22.1,27.2,18.3,19.45,19.45,1927,19328.02,21025,16125,18-APR-2022,
OPTIDX,BANKNIFTY,28-Apr-2022,40200.0,CE,27.1,27.7,15.05,20.25,20.25,2004,20150.47,7900,-14775,18-APR-2022,
OPTIDX,BANKNIFTY,28-Apr-2022,40300.0,CE,17.6,24.25,14.25,19.05,19.05,205,2066.34,3875,1225,18-APR-2022,
OPTIDX,BANKNIFTY,28-Apr-2022,40400.0,CE,24.45,24.45,14.35,19.4,19.4,485,4900.78,9900,6675,18-APR-2022,
OPTIDX,BANKNIFTY,28-Apr-2022,40500.0,CE,18.05,18.65,14.1,16.15,16.15,9865,99923.51,97800,-8100,18-APR-2022,
OPTIDX,BANKNIFTY,28-Apr-2022,40600.0,CE,5.5,18.2,5.5,15.65,15.65,177,1797.22,2325,1425,18-APR-2022,
OPTIDX,BANKNIFTY,28-Apr-2022,40700.0,CE,16.75,17.6,9.75,16.1,16.1,111,1129.86,1775,400,18-APR-2022,
OPTIDX,BANKNIFTY,28-Apr-2022,40800.0,CE,11.25,17.2,10.7,16.2,16.2,65,663.23,1950,-50,18-APR-2022,
OPTIDX,BANKNIFTY,28-Apr-2022,40900.0,CE,24.45,24.45,12.65,15.0,15.0,25,255.72,1000,100,18-APR-2022,
OPTIDX,BANKNIFTY,28-Apr-2022,41000.0,CE,10.8,14.8,10.15,12.7,12.7,11553,118454.01,211625,29075,18-APR-2022,
OPTIDX,BANKNIFTY,28-Apr-2022,41100.0,CE,9.6,14.1,9.6,12.95,12.95,32,328.89,2425,275,18-APR-2022,
OPTIDX,BANKNIFTY,28-Apr-2022,41200.0,CE,11.85,13.3,10.05,10.9,10.9,166,1710.29,1625,-850,18-APR-2022,
OPTIDX,BANKNIFTY,28-Apr-2022,41300.0,CE,7.45,14.45,7.45,12.0,12.0,37,382.13,1650,250,18-APR-2022,
OPTIDX,BANKNIFTY,28-Apr-2022,41400.0,CE,11.65,15.65,7.3,11.7,11.7,34,351.99,2375,250,18-APR-2022,
OPTIDX,BANKNIFTY,28-Apr-2022,41500.0,CE,9.55,12.15,8.0,11.1,11.1,4422,45890.0,86625,-9800,18-APR-2022,
OPTIDX,BANKNIFTY,28-Apr-2022,41600.0,CE,10.1,11.9,6.15,10.85,10.85,43,447.31,3975,400,18-APR-2022,
OPTIDX,BANKNIFTY,28-Apr-2022,41700.0,CE,7.15,14.8,7.15,9.0,9.0,32,333.69,1450,200,18-APR-2022,
OPTIDX,BANKNIFTY,28-Apr-2022,41800.0,CE,3.05,14.8,2.5,12.0,4.95,63,658.47,1700,50,18-APR-2022,
OPTIDX,BANKNIFTY,28-Apr-2022,41900.0,CE,10.85,14.8,8.0,12.0,4.35,12,125.73,1100,50,18-APR-2022,
OPTIDX,BANKNIFTY,28-Apr-2022,42000.0,CE,8.15,13.95,6.6,9.75,9.75,4633,48657.26,141725,-3025,18-APR-2022,
OPTIDX,BANKNIFTY,28-Apr-2022,42100.0,CE,9.95,14.5,7.0,9.2,9.2,132,1389.63,2200,300,18-APR-2022,
OPTIDX,BANKNIFTY,28-Apr-2022,42200.0,CE,8.5,9.0,5.3,9.0,2.85,4,42.2,800,-75,18-APR-2022,
OPTIDX,BANKNIFTY,28-Apr-2022,42300.0,CE,9.7,10.5,4.7,7.15,2.45,17,179.81,1500,-100,18-APR-2022,
OPTIDX,BANKNIFTY,28-Apr-2022,42400.0,CE,14.0,14.0,5.05,5.05,2.15,2,21.2,50,25,18-APR-2022,
OPTIDX,BANKNIFTY,28-Apr-2022,42500.0,CE,5.5,9.0,5.0,8.5,8.5,1231,13081.88,37800,-975,18-APR-2022,
OPTIDX,BANKNIFTY,28-Apr-2022,42600.0,CE,8.95,15.0,7.8,9.05,9.05,49,521.97,3725,650,18-APR-2022,
OPTIDX,BANKNIFTY,28-Apr-2022,42700.0,CE,0.0,0.0,0.0,1191.2,1.35,0,0.0,0,0,18-APR-2022,
OPTIDX,BANKNIFTY,28-Apr-2022,42800.0,CE,29.4,29.4,4.25,9.3,9.3,213,2279.63,2500,1950,18-APR-2022,
OPTIDX,BANKNIFTY,28-Apr-2022,42900.0,CE,0.0,0.0,0.0,1135.75,1.0,0,0.0,0,0,18-APR-2022,
OPTIDX,BANKNIFTY,28-Apr-2022,43000.0,CE,7.4,18.0,4.55,7.75,7.75,1951,20976.87,69600,5075,18-APR-2022,
OPTIDX,BANKNIFTY,28-Apr-2022,43100.0,CE,6.0,8.6,6.0,8.25,8.25,55,592.73,2900,1025,18-APR-2022,
OPTIDX,BANKNIFTY,28-Apr-2022,43200.0,CE,7.9,8.35,6.05,7.9,7.9,109,1177.4,5200,275,18-APR-2022,
OPTIDX,BANKNIFTY,28-Apr-2022,43300.0,CE,8.0,8.0,5.1,7.5,7.5,799,8650.6,43300,-3100,18-APR-2022,
OPTIDX,BANKNIFTY,28-Apr-2022,28900.0,PE,5.5,6.6,3.9,4.4,4.4,820,5925.54,25850,1650,18-APR-2022,
OPTIDX,BANKNIFTY,28-Apr-2022,29000.0,PE,6.0,6.05,4.2,4.55,4.55,656,4756.82,32800,-525,18-APR-2022,
OPTIDX,BANKNIFTY,28-Apr-2022,29100.0,PE,0.0,0.0,0.0,269.95,0.0,0,0.0,0,0,18-APR-2022,
OPTIDX,BANKNIFTY,28-Apr-2022,29200.0,PE,0.0,0.0,0.0,285.9,0.0,0,0.0,0,0,18-APR-2022,
OPTIDX,BANKNIFTY,28-Apr-2022,29300.0,PE,0.0,0.0,0.0,302.5,0.0,0,0.0,0,0,18-APR-2022,
OPTIDX,BANKNIFTY,28-Apr-2022,29400.0,PE,0.0,0.0,0.0,319.85,0.0,0,0.0,0,0,18-APR-2022,
OPTIDX,BANKNIFTY,28-Apr-2022,29500.0,PE,5.25,5.65,4.65,4.7,4.7,93,685.99,6050,800,18-APR-2022,
OPTIDX,BANKNIFTY,28-Apr-2022,29600.0,PE,0.0,0.0,0.0,356.75,0.05,0,0.0,0,0,18-APR-2022,
OPTIDX,BANKNIFTY,28-Apr-2022,29700.0,PE,0.0,0.0,0.0,376.35,0.05,0,0.0,0,0,18-APR-2022,
OPTIDX,BANKNIFTY,28-Apr-2022,29800.0,PE,0.0,0.0,0.0,396.7,0.05,0,0.0,0,0,18-APR-2022,
OPTIDX,BANKNIFTY,28-Apr-2022,29900.0,PE,0.0,0.0,0.0,417.9,0.05,0,0.0,0,0,18-APR-2022,
OPTIDX,BANKNIFTY,28-Apr-2022,30000.0,PE,5.35,7.9,4.0,4.55,4.55,1588,11912.09,134675,-2225,18-APR-2022,
OPTIDX,BANKNIFTY,28-Apr-2022,30100.0,PE,10.0,10.0,10.0,10.0,10.0,1,7.52,650,0,18-APR-2022,
OPTIDX,BANKNIFTY,28-Apr-2022,30200.0,PE,0.0,0.0,0.0,486.35,0.05,0,0.0,0,0,18-APR-2022,
OPTIDX,BANKNIFTY,28-Apr-2022,30300.0,PE,0.0,0.0,0.0,510.85,0.05,0,0.0,0,0,18-APR-2022,
OPTIDX,BANKNIFTY,28-Apr-2022,30400.0,PE,5.95,6.3,2.05,5.1,0.1,63,478.86,875,-50,18-APR-2022,
OPTIDX,BANKNIFTY,28-Apr-2022,30500.0,PE,9.0,9.8,3.3,3.9,3.9,961,7328.75,11800,-5025,18-APR-2022,
OPTIDX,BANKNIFTY,28-Apr-2022,30600.0,PE,0.0,0.0,0.0,313.5,0.1,0,0.0,0,0,18-APR-2022,
OPTIDX,BANKNIFTY,28-Apr-2022,30700.0,PE,0.0,0.0,0.0,330.55,0.15,0,0.0,0,0,18-APR-2022,
OPTIDX,BANKNIFTY,28-Apr-2022,30800.0,PE,0.0,0.0,0.0,348.35,0.2,0,0.0,0,0,18-APR-2022,
OPTIDX,BANKNIFTY,28-Apr-2022,30900.0,PE,5.05,5.9,5.05,5.9,0.25,6,46.35,1875,-100,18-APR-2022,
OPTIDX,BANKNIFTY,28-Apr-2022,31000.0,PE,6.4,6.85,4.15,4.8,4.8,2263,17541.4,91075,-9925,18-APR-2022,
OPTIDX,BANKNIFTY,28-Apr-2022,31100.0,PE,2.8,13.0,2.8,4.3,4.3,61,474.38,1825,1000,18-APR-2022,
OPTIDX,BANKNIFTY,28-Apr-2022,31200.0,PE,26.35,26.35,3.55,6.1,6.1,121,944.02,2525,1675,18-APR-2022,
OPTIDX,BANKNIFTY,28-Apr-2022,31300.0,PE,6.45,6.45,3.65,3.65,0.55,3,23.47,1425,0,18-APR-2022,
OPTIDX,BANKNIFTY,28-Apr-2022,31400.0,PE,6.25,10.7,5.15,5.4,5.4,76,596.72,2800,800,18-APR-2022,
OPTIDX,BANKNIFTY,28-Apr-2022,31500.0,PE,7.0,8.0,4.9,5.25,5.25,1333,10499.45,27375,-4050,18-APR-2022,
OPTIDX,BANKNIFTY,28-Apr-2022,31600.0,PE,24.7,24.7,3.7,6.95,1.05,11,86.92,700,25,18-APR-2022,
OPTIDX,BANKNIFTY,28-Apr-2022,31700.0,PE,7.15,27.95,3.6,3.6,1.3,28,221.98,1050,0,18-APR-2022,
OPTIDX,BANKNIFTY,28-Apr-2022,31800.0,PE,0.0,0.0,0.0,6.85,1.55,0,0.0,900,0,18-APR-2022,
OPTIDX,BANKNIFTY,28-Apr-2022,31900.0,PE,38.35,38.35,5.85,6.35,6.35,301,2401.08,4500,2025,18-APR-2022,
OPTIDX,BANKNIFTY,28-Apr-2022,32000.0,PE,8.95,29.0,5.5,6.15,6.15,4062,32503.53,192425,7700,18-APR-2022,
OPTIDX,BANKNIFTY,28-Apr-2022,32100.0,PE,7.25,10.3,7.25,7.25,7.25,15,120.4,1050,75,18-APR-2022,
OPTIDX,BANKNIFTY,28-Apr-2022,32200.0,PE,12.25,12.25,2.95,6.65,6.65,70,563.64,1650,275,18-APR-2022,
OPTIDX,BANKNIFTY,28-Apr-2022,32300.0,PE,9.35,9.4,7.05,8.25,8.25,3,24.23,725,25,18-APR-2022,
OPTIDX,BANKNIFTY,28-Apr-2022,32400.0,PE,14.85,14.85,8.0,8.0,8.0,94,761.61,1975,1100,18-APR-2022,
OPTIDX,BANKNIFTY,28-Apr-2022,32500.0,PE,10.0,13.2,6.0,8.2,8.2,6064,49284.45,68525,9500,18-APR-2022,
OPTIDX,BANKNIFTY,28-Apr-2022,32600.0,PE,12.45,15.05,8.55,8.55,8.55,54,440.24,1475,675,18-APR-2022,
OPTIDX,BANKNIFTY,28-Apr-2022,32700.0,PE,19.8,19.8,6.2,10.8,10.8,85,695.12,1425,525,18-APR-2022,
OPTIDX,BANKNIFTY,28-Apr-2022,32800.0,PE,10.0,17.85,8.75,10.3,10.3,68,557.81,1550,200,18-APR-2022,
OPTIDX,BANKNIFTY,28-Apr-2022,32900.0,PE,14.6,16.65,10.05,12.2,12.2,97,798.14,3550,525,18-APR-2022,
OPTIDX,BANKNIFTY,28-Apr-2022,33000.0,PE,13.65,19.95,10.0,13.0,13.0,13329,110013.51,164700,18675,18-APR-2022,
OPTIDX,BANKNIFTY,28-Apr-2022,33100.0,PE,11.65,29.25,11.65,15.25,15.25,843,6979.27,9125,7200,18-APR-2022,
OPTIDX,BANKNIFTY,28-Apr-2022,33200.0,PE,22.95,30.5,12.1,14.05,14.05,198,1644.28,2250,200,18-APR-2022,
OPTIDX,BANKNIFTY,28-Apr-2022,33300.0,PE,24.9,30.4,14.0,14.9,14.9,310,2582.12,2775,675,18-APR-2022,
OPTIDX,BANKNIFTY,28-Apr-2022,33400.0,PE,28.15,31.5,12.3,17.25,17.25,649,5422.53,2175,1400,18-APR-2022,
OPTIDX,BANKNIFTY,28-Apr-2022,33500.0,PE,15.7,32.8,15.7,19.85,19.85,15766,132132.68,114425,28075,18-APR-2022,
OPTIDX,BANKNIFTY,28-Apr-2022,33600.0,PE,43.0,45.45,17.3,20.85,20.85,793,6666.11,2375,1500,18-APR-2022,
OPTIDX,BANKNIFTY,28-Apr-2022,33700.0,PE,32.8,49.0,18.8,22.2,22.2,1106,9325.64,6325,3700,18-APR-2022,
OPTIDX,BANKNIFTY,28-Apr-2022,33800.0,PE,38.55,46.25,20.55,24.45,24.45,1378,11654.1,4525,2075,18-APR-2022,
OPTIDX,BANKNIFTY,28-Apr-2022,33900.0,PE,38.75,51.9,22.6,26.65,26.65,447,3791.91,3200,350,18-APR-2022,
OPTIDX,BANKNIFTY,28-Apr-2022,34000.0,PE,25.65,53.15,24.1,31.3,31.3,29848,253993.16,316100,104000,18-APR-2022,
OPTIDX,BANKNIFTY,28-Apr-2022,34100.0,PE,55.6,58.4,28.85,35.9,35.9,442,3772.58,4125,1700,18-APR-2022,
OPTIDX,BANKNIFTY,28-Apr-2022,34200.0,PE,49.95,65.55,30.0,37.5,37.5,987,8450.13,14100,2000,18-APR-2022,
OPTIDX,BANKNIFTY,28-Apr-2022,34300.0,PE,30.35,77.25,30.35,44.25,44.25,1331,11430.68,4875,1150,18-APR-2022,
OPTIDX,BANKNIFTY,28-Apr-2022,34400.0,PE,182.3,182.3,36.95,47.7,47.7,2008,17297.39,8700,5925,18-APR-2022,
OPTIDX,BANKNIFTY,28-Apr-2022,34500.0,PE,210.6,210.65,39.0,51.4,51.4,22393,193497.84,149900,50650,18-APR-2022,
OPTIDX,BANKNIFTY,28-Apr-2022,34600.0,PE,103.65,103.65,44.4,58.4,58.4,2033,17619.81,12350,9075,18-APR-2022,
OPTIDX,BANKNIFTY,28-Apr-2022,34700.0,PE,105.65,106.15,50.0,60.65,60.65,1875,16299.78,13100,1650,18-APR-2022,
OPTIDX,BANKNIFTY,28-Apr-2022,34800.0,PE,109.65,117.25,54.0,70.85,70.85,3204,27942.5,29500,4450,18-APR-2022,
OPTIDX,BANKNIFTY,28-Apr-2022,34900.0,PE,118.0,129.4,61.9,80.3,80.3,2273,19884.88,7675,2875,18-APR-2022,
OPTIDX,BANKNIFTY,28-Apr-2022,35000.0,PE,110.0,145.85,68.8,90.9,90.9,61019,535581.84,427850,49400,18-APR-2022,
OPTIDX,BANKNIFTY,28-Apr-2022,35100.0,PE,134.7,159.15,77.5,96.75,96.75,1793,15785.78,5525,1450,18-APR-2022,
OPTIDX,BANKNIFTY,28-Apr-2022,35200.0,PE,149.95,177.2,87.25,102.05,102.05,4525,39961.68,25600,17725,18-APR-2022,
OPTIDX,BANKNIFTY,28-Apr-2022,35300.0,PE,124.8,195.8,97.05,115.2,115.2,2771,24555.56,12300,5225,18-APR-2022,
OPTIDX,BANKNIFTY,28-Apr-2022,35400.0,PE,187.6,214.35,107.1,132.25,132.25,2121,18856.48,13150,-425,18-APR-2022,
OPTIDX,BANKNIFTY,28-Apr-2022,35500.0,PE,177.9,239.9,120.05,151.1,151.1,48463,432301.61,358250,72250,18-APR-2022,
OPTIDX,BANKNIFTY,28-Apr-2022,35600.0,PE,212.1,258.75,134.3,165.7,165.7,1679,15026.19,9650,2375,18-APR-2022,
OPTIDX,BANKNIFTY,28-Apr-2022,35700.0,PE,208.25,289.0,151.6,176.25,176.25,2493,22385.55,17925,4625,18-APR-2022,
OPTIDX,BANKNIFTY,28-Apr-2022,35800.0,PE,271.25,312.45,165.45,211.25,211.25,3919,35306.86,36850,18475,18-APR-2022,
OPTIDX,BANKNIFTY,28-Apr-2022,35900.0,PE,276.6,344.0,183.35,227.85,227.85,1812,16383.05,12300,2950,18-APR-2022,
OPTIDX,BANKNIFTY,28-Apr-2022,36000.0,PE,201.9,380.15,201.8,257.35,257.35,82244,746212.47,793850,-10125,18-APR-2022,
OPTIDX,BANKNIFTY,28-Apr-2022,36100.0,PE,268.1,413.75,224.9,270.35,270.35,8176,74413.98,55150,45875,18-APR-2022,
OPTIDX,BANKNIFTY,28-Apr-2022,36200.0,PE,353.8,451.2,248.1,314.95,314.95,7308,66766.19,60175,32600,18-APR-2022,
OPTIDX,BANKNIFTY,28-Apr-2022,36300.0,PE,392.95,490.05,275.05,342.75,342.75,4708,43186.38,24700,8250,18-APR-2022,
OPTIDX,BANKNIFTY,28-Apr-2022,36400.0,PE,430.95,534.05,304.65,363.3,363.3,4623,42552.12,38550,13200,18-APR-2022,
OPTIDX,BANKNIFTY,28-Apr-2022,36500.0,PE,353.1,580.0,333.55,414.4,414.4,73007,674619.69,519175,86475,18-APR-2022,
OPTIDX,BANKNIFTY,28-Apr-2022,36600.0,PE,498.35,627.85,366.6,458.1,458.1,11497,106662.4,32125,16675,18-APR-2022,
OPTIDX,BANKNIFTY,28-Apr-2022,36700.0,PE,535.75,679.9,401.5,498.25,498.25,16641,154943.29,43175,24150,18-APR-2022,
OPTIDX,BANKNIFTY,28-Apr-2022,36800.0,PE,573.85,730.0,443.45,521.55,521.55,19352,180833.87,64725,23200,18-APR-2022,
OPTIDX,BANKNIFTY,28-Apr-2022,36900.0,PE,606.6,783.95,487.6,566.45,566.45,7957,74615.92,26250,11525,18-APR-2022,
OPTIDX,BANKNIFTY,28-Apr-2022,37000.0,PE,633.1,842.2,525.4,626.2,626.2,67595,636628.87,437025,1575,18-APR-2022,
OPTIDX,BANKNIFTY,28-Apr-2022,37100.0,PE,686.35,904.8,574.85,666.2,666.2,2506,23697.38,14275,-8300,18-APR-2022,
OPTIDX,BANKNIFTY,28-Apr-2022,37200.0,PE,734.05,970.0,627.65,727.5,727.5,3273,31077.26,21950,-14125,18-APR-2022,
OPTIDX,BANKNIFTY,28-Apr-2022,37300.0,PE,835.95,1035.8,689.35,755.05,755.05,1575,15014.39,12750,-5925,18-APR-2022,
OPTIDX,BANKNIFTY,28-Apr-2022,37400.0,PE,750.0,1100.0,750.0,839.05,839.05,1707,16340.65,19025,-10225,18-APR-2022,
OPTIDX,BANKNIFTY,28-Apr-2022,37500.0,PE,603.0,1177.55,603.0,920.6,920.6,24919,239642.05,162475,-152925,18-APR-2022,
OPTIDX,BANKNIFTY,28-Apr-2022,37600.0,PE,908.85,1227.75,866.6,982.25,982.25,3050,29442.94,26200,-25450,18-APR-2022,
OPTIDX,BANKNIFTY,28-Apr-2022,37700.0,PE,929.05,1330.55,929.05,1029.7,1029.7,2104,20404.15,19350,-15800,18-APR-2022,
OPTIDX,BANKNIFTY,28-Apr-2022,37800.0,PE,1208.95,1402.85,1009.25,1156.15,1156.15,1244,12117.68,31025,-7825,18-APR-2022,
OPTIDX,BANKNIFTY,28-Apr-2022,37900.0,PE,1087.55,1489.8,1078.85,1162.8,1162.8,668,6538.47,13250,-3875,18-APR-2022,
OPTIDX,BANKNIFTY,28-Apr-2022,38000.0,PE,1130.0,1566.3,1130.0,1244.85,1244.85,8078,79414.58,233150,-41575,18-APR-2022,
OPTIDX,BANKNIFTY,28-Apr-2022,38100.0,PE,1200.0,1656.2,1198.05,1398.6,1398.6,408,4028.16,13725,-2900,18-APR-2022,
OPTIDX,BANKNIFTY,28-Apr-2022,38200.0,PE,1389.5,1726.15,1313.45,1433.9,1433.9,535,5305.49,16025,-3700,18-APR-2022,
OPTIDX,BANKNIFTY,28-Apr-2022,38300.0,PE,1518.95,1746.85,1408.1,1462.75,1462.75,79,786.84,9175,-650,18-APR-2022,
OPTIDX,BANKNIFTY,28-Apr-2022,38400.0,PE,1523.15,1904.45,1483.75,1535.45,1535.45,472,4718.18,12725,-4550,18-APR-2022,
OPTIDX,BANKNIFTY,28-Apr-2022,38500.0,PE,1518.75,2001.1,1518.75,1648.2,1648.2,2722,27379.6,109425,-13175,18-APR-2022,
OPTIDX,BANKNIFTY,28-Apr-2022,38600.0,PE,1773.4,2063.1,1655.1,1743.05,1743.05,81,818.41,8725,-1025,18-APR-2022,
OPTIDX,BANKNIFTY,28-Apr-2022,38700.0,PE,1893.45,2148.3,1738.05,1818.6,1818.6,188,1908.82,4600,-1675,18-APR-2022,
OPTIDX,BANKNIFTY,28-Apr-2022,38800.0,PE,1886.85,2265.25,1832.0,2101.7,2101.7,43,438.15,6400,-725,18-APR-2022,
OPTIDX,BANKNIFTY,28-Apr-2022,38900.0,PE,1930.0,2316.75,1930.0,2148.65,2271.4,26,266.58,4950,125,18-APR-2022,
OPTIDX,BANKNIFTY,28-Apr-2022,39000.0,PE,1875.0,2450.1,1875.0,2267.25,2267.25,1070,11021.43,62600,-8475,18-APR-2022,
OPTIDX,BANKNIFTY,28-Apr-2022,39100.0,PE,2378.05,2516.2,2378.05,2516.2,2446.0,2,20.77,1050,-50,18-APR-2022,
OPTIDX,BANKNIFTY,28-Apr-2022,39200.0,PE,2566.3,2643.6,2275.3,2275.3,2275.3,7,73.02,1300,-75,18-APR-2022,
OPTIDX,BANKNIFTY,28-Apr-2022,39300.0,PE,2530.0,2735.5,2351.4,2351.4,2351.4,7,73.28,425,25,18-APR-2022,
OPTIDX,BANKNIFTY,28-Apr-2022,39400.0,PE,2532.5,2760.65,2466.3,2760.65,2714.95,12,125.81,275,-200,18-APR-2022,
OPTIDX,BANKNIFTY,28-Apr-2022,39500.0,PE,2630.85,2928.65,2466.2,2551.05,2551.05,296,3117.84,25475,325,18-APR-2022,
OPTIDX,BANKNIFTY,28-Apr-2022,39600.0,PE,2657.35,2801.15,2657.35,2801.15,2898.2,2,21.16,125,0,18-APR-2022,
OPTIDX,BANKNIFTY,28-Apr-2022,39700.0,PE,2800.0,2800.0,2799.6,2799.6,2990.9,3,31.87,1300,0,18-APR-2022,
OPTIDX,BANKNIFTY,28-Apr-2022,39800.0,PE,2832.9,3139.95,2832.9,3139.95,3084.25,2,21.39,1100,-25,18-APR-2022,
OPTIDX,BANKNIFTY,28-Apr-2022,39900.0,PE,3281.25,3281.25,3281.25,3281.25,3178.15,1,10.79,325,25,18-APR-2022,
OPTIDX,BANKNIFTY,28-Apr-2022,40000.0,PE,3100.0,3429.55,2948.45,3059.7,3059.7,510,5496.06,71700,-275,18-APR-2022,
OPTIDX,BANKNIFTY,28-Apr-2022,40100.0,PE,0.0,0.0,0.0,2274.95,3367.55,0,0.0,175,0,18-APR-2022,
OPTIDX,BANKNIFTY,28-Apr-2022,40200.0,PE,0.0,0.0,0.0,2421.05,3463.0,0,0.0,300,0,18-APR-2022,
OPTIDX,BANKNIFTY,28-Apr-2022,40300.0,PE,0.0,0.0,0.0,2353.9,3558.85,0,0.0,825,0,18-APR-2022,
OPTIDX,BANKNIFTY,28-Apr-2022,40400.0,PE,0.0,0.0,0.0,2734.0,3655.1,0,0.0,50,0,18-APR-2022,
OPTIDX,BANKNIFTY,28-Apr-2022,40500.0,PE,3614.95,3665.0,3439.05,3560.0,3560.0,37,407.19,6600,275,18-APR-2022,
OPTIDX,BANKNIFTY,28-Apr-2022,40600.0,PE,0.0,0.0,0.0,3123.2,3848.6,0,0.0,175,0,18-APR-2022,
OPTIDX,BANKNIFTY,28-Apr-2022,40700.0,PE,0.0,0.0,0.0,3125.05,3945.85,0,0.0,50,0,18-APR-2022,
OPTIDX,BANKNIFTY,28-Apr-2022,40800.0,PE,0.0,0.0,0.0,2787.35,4043.35,0,0.0,25,0,18-APR-2022,
OPTIDX,BANKNIFTY,28-Apr-2022,40900.0,PE,0.0,0.0,0.0,3465.05,4141.15,0,0.0,150,0,18-APR-2022,
OPTIDX,BANKNIFTY,28-Apr-2022,41000.0,PE,4100.0,4178.1,3986.35,4080.2,4239.1,25,281.83,7600,-400,18-APR-2022,
OPTIDX,BANKNIFTY,28-Apr-2022,41100.0,PE,0.0,0.0,0.0,3394.25,4337.3,0,0.0,150,0,18-APR-2022,
OPTIDX,BANKNIFTY,28-Apr-2022,41200.0,PE,4351.15,4482.6,4351.15,4482.6,4435.7,4,45.61,200,50,18-APR-2022,
OPTIDX,BANKNIFTY,28-Apr-2022,41300.0,PE,0.0,0.0,0.0,3708.35,4534.25,0,0.0,100,0,18-APR-2022,
OPTIDX,BANKNIFTY,28-Apr-2022,41400.0,PE,0.0,0.0,0.0,3410.75,4632.9,0,0.0,0,0,18-APR-2022,
OPTIDX,BANKNIFTY,28-Apr-2022,41500.0,PE,0.0,0.0,0.0,3480.3,4731.75,0,0.0,525,0,18-APR-2022,
OPTIDX,BANKNIFTY,28-Apr-2022,41600.0,PE,0.0,0.0,0.0,3131.65,4830.7,0,0.0,50,0,18-APR-2022,
OPTIDX,BANKNIFTY,28-Apr-2022,41700.0,PE,4893.5,4893.5,4642.65,4642.65,4929.75,8,92.93,50,0,18-APR-2022,
OPTIDX,BANKNIFTY,28-Apr-2022,41800.0,PE,0.0,0.0,0.0,4465.9,5028.95,0,0.0,0,0,18-APR-2022,
OPTIDX,BANKNIFTY,28-Apr-2022,41900.0,PE,0.0,0.0,0.0,4539.15,5128.2,0,0.0,0,0,18-APR-2022,
OPTIDX,BANKNIFTY,28-Apr-2022,42000.0,PE,5076.0,5323.8,5002.4,5181.6,5181.6,45,530.49,26475,-875,18-APR-2022,
OPTIDX,BANKNIFTY,28-Apr-2022,42100.0,PE,0.0,0.0,0.0,4082.8,5326.9,0,0.0,500,0,18-APR-2022,
OPTIDX,BANKNIFTY,28-Apr-2022,42200.0,PE,0.0,0.0,0.0,4350.75,5426.35,0,0.0,0,0,18-APR-2022,
OPTIDX,BANKNIFTY,28-Apr-2022,42300.0,PE,0.0,0.0,0.0,4423.8,5525.85,0,0.0,0,0,18-APR-2022,
OPTIDX,BANKNIFTY,28-Apr-2022,42400.0,PE,0.0,0.0,0.0,4497.35,5625.4,0,0.0,0,0,18-APR-2022,
OPTIDX,BANKNIFTY,28-Apr-2022,42500.0,PE,0.0,0.0,0.0,4661.5,5725.0,0,0.0,3900,0,18-APR-2022,
OPTIDX,BANKNIFTY,28-Apr-2022,42600.0,PE,0.0,0.0,0.0,4072.6,5824.65,0,0.0,0,0,18-APR-2022,
OPTIDX,BANKNIFTY,28-Apr-2022,42700.0,PE,0.0,0.0,0.0,4143.1,5924.3,0,0.0,0,0,18-APR-2022,
OPTIDX,BANKNIFTY,28-Apr-2022,42800.0,PE,0.0,0.0,0.0,4214.15,6024.0,0,0.0,0,0,18-APR-2022,
OPTIDX,BANKNIFTY,28-Apr-2022,42900.0,PE,0.0,0.0,0.0,4285.7,6123.75,0,0.0,0,0,18-APR-2022,
OPTIDX,BANKNIFTY,28-Apr-2022,43000.0,PE,6095.45,6185.6,5965.0,6057.75,6057.75,32,392.41,6450,-225,18-APR-2022,
OPTIDX,BANKNIFTY,28-Apr-2022,43100.0,PE,0.0,0.0,0.0,4430.45,6323.25,0,0.0,0,0,18-APR-2022,
OPTIDX,BANKNIFTY,28-Apr-2022,43200.0,PE,0.0,0.0,0.0,4503.55,6423.05,0,0.0,0,0,18-APR-2022,
OPTIDX,BANKNIFTY,28-Apr-2022,43300.0,PE,0.0,0.0,0.0,4577.2,6522.8,0,0.0,0,0,18-APR-2022,
OPTIDX,BANKNIFTY,05-May-2022,31400.0,CE,0.0,0.0,0.0,4350.05,5397.2,0,0.0,0,0,18-APR-2022,
OPTIDX,BANKNIFTY,05-May-2022,31500.0,CE,0.0,0.0,0.0,4403.9,5298.6,0,0.0,0,0,18-APR-2022,
OPTIDX,BANKNIFTY,05-May-2022,31600.0,CE,0.0,0.0,0.0,4318.3,5200.1,0,0.0,0,0,18-APR-2022,
OPTIDX,BANKNIFTY,05-May-2022,31700.0,CE,0.0,0.0,0.0,4233.35,5101.85,0,0.0,0,0,18-APR-2022,
OPTIDX,BANKNIFTY,05-May-2022,31800.0,CE,0.0,0.0,0.0,4149.05,5003.7,0,0.0,0,0,18-APR-2022,
OPTIDX,BANKNIFTY,05-May-2022,31900.0,CE,0.0,0.0,0.0,4065.4,4905.8,0,0.0,0,0,18-APR-2022,
OPTIDX,BANKNIFTY,05-May-2022,32000.0,CE,0.0,0.0,0.0,3982.5,4808.15,0,0.0,0,0,18-APR-2022,
OPTIDX,BANKNIFTY,05-May-2022,32100.0,CE,0.0,0.0,0.0,3900.3,4710.7,0,0.0,0,0,18-APR-2022,
OPTIDX,BANKNIFTY,05-May-2022,32200.0,CE,0.0,0.0,0.0,3818.9,4613.55,0,0.0,0,0,18-APR-2022,
OPTIDX,BANKNIFTY,05-May-2022,32300.0,CE,0.0,0.0,0.0,3738.2,4516.65,0,0.0,0,0,18-APR-2022,
OPTIDX,BANKNIFTY,05-May-2022,32400.0,CE,0.0,0.0,0.0,3658.3,4420.1,0,0.0,0,0,18-APR-2022,
OPTIDX,BANKNIFTY,05-May-2022,32500.0,CE,0.0,0.0,0.0,3579.15,4323.85,0,0.0,0,0,18-APR-2022,
OPTIDX,BANKNIFTY,05-May-2022,32600.0,CE,0.0,0.0,0.0,3500.85,4228.0,0,0.0,0,0,18-APR-2022,
OPTIDX,BANKNIFTY,05-May-2022,32700.0,CE,0.0,0.0,0.0,3423.35,4132.55,0,0.0,0,0,18-APR-2022,
OPTIDX,BANKNIFTY,05-May-2022,32800.0,CE,0.0,0.0,0.0,3346.7,4037.5,0,0.0,0,0,18-APR-2022,
OPTIDX,BANKNIFTY,05-May-2022,32900.0,CE,0.0,0.0,0.0,3270.9,3942.95,0,0.0,0,0,18-APR-2022,
OPTIDX,BANKNIFTY,05-May-2022,33000.0,CE,0.0,0.0,0.0,3195.95,3848.85,0,0.0,0,0,18-APR-2022,
OPTIDX,BANKNIFTY,05-May-2022,33100.0,CE,0.0,0.0,0.0,3123.15,3755.3,0,0.0,0,0,18-APR-2022,
OPTIDX,BANKNIFTY,05-May-2022,33200.0,CE,0.0,0.0,0.0,3049.9,3662.3,0,0.0,0,0,18-APR-2022,
OPTIDX,BANKNIFTY,05-May-2022,33300.0,CE,0.0,0.0,0.0,2977.55,3569.9,0,0.0,0,0,18-APR-2022,
OPTIDX,BANKNIFTY,05-May-2022,33400.0,CE,0.0,0.0,0.0,2906.1,3478.15,0,0.0,0,0,18-APR-2022,
OPTIDX,BANKNIFTY,05-May-2022,33500.0,CE,0.0,0.0,0.0,2834.25,3387.05,0,0.0,0,0,18-APR-2022,
OPTIDX,BANKNIFTY,05-May-2022,33600.0,CE,0.0,0.0,0.0,2764.85,3296.65,0,0.0,0,0,18-APR-2022,
OPTIDX,BANKNIFTY,05-May-2022,33700.0,CE,0.0,0.0,0.0,2696.4,3207.0,0,0.0,0,0,18-APR-2022,
OPTIDX,BANKNIFTY,05-May-2022,33800.0,CE,0.0,0.0,0.0,2628.9,3118.15,0,0.0,0,0,18-APR-2022,
OPTIDX,BANKNIFTY,05-May-2022,33900.0,CE,0.0,0.0,0.0,2562.4,3030.15,0,0.0,0,0,18-APR-2022,
OPTIDX,BANKNIFTY,05-May-2022,34000.0,CE,0.0,0.0,0.0,2496.9,2943.0,0,0.0,0,0,18-APR-2022,
OPTIDX,BANKNIFTY,05-May-2022,34100.0,CE,0.0,0.0,0.0,2432.35,2856.75,0,0.0,0,0,18-APR-2022,
OPTIDX,BANKNIFTY,05-May-2022,34200.0,CE,0.0,0.0,0.0,2368.85,2771.45,0,0.0,0,0,18-APR-2022,
OPTIDX,BANKNIFTY,05-May-2022,34300.0,CE,0.0,0.0,0.0,2306.3,2687.15,0,0.0,0,0,18-APR-2022,
OPTIDX,BANKNIFTY,05-May-2022,34400.0,CE,0.0,0.0,0.0,2244.8,2603.85,0,0.0,0,0,18-APR-2022,
OPTIDX,BANKNIFTY,05-May-2022,34500.0,CE,0.0,0.0,0.0,2184.35,2521.7,0,0.0,0,0,18-APR-2022,
OPTIDX,BANKNIFTY,05-May-2022,34600.0,CE,0.0,0.0,0.0,2124.85,2440.6,0,0.0,0,0,18-APR-2022,
OPTIDX,BANKNIFTY,05-May-2022,34700.0,CE,0.0,0.0,0.0,2066.45,2360.65,0,0.0,0,0,18-APR-2022,
OPTIDX,BANKNIFTY,05-May-2022,34800.0,CE,0.0,0.0,0.0,2009.05,2281.9,0,0.0,0,0,18-APR-2022,
OPTIDX,BANKNIFTY,05-May-2022,34900.0,CE,0.0,0.0,0.0,1952.65,2204.4,0,0.0,0,0,18-APR-2022,
OPTIDX,BANKNIFTY,05-May-2022,35000.0,CE,2075.95,2077.0,1922.95,2050.0,2050.0,19,175.97,425,425,18-APR-2022,
OPTIDX,BANKNIFTY,05-May-2022,35100.0,CE,0.0,0.0,0.0,1843.05,2054.6,0,0.0,0,0,18-APR-2022,
OPTIDX,BANKNIFTY,05-May-2022,35200.0,CE,0.0,0.0,0.0,1789.8,1980.75,0,0.0,0,0,18-APR-2022,
OPTIDX,BANKNIFTY,05-May-2022,35300.0,CE,0.0,0.0,0.0,1737.55,1906.9,0,0.0,0,0,18-APR-2022,
OPTIDX,BANKNIFTY,05-May-2022,35400.0,CE,0.0,0.0,0.0,1686.35,1836.05,0,0.0,0,0,18-APR-2022,
OPTIDX,BANKNIFTY,05-May-2022,35500.0,CE,1684.95,1716.0,1528.0,1654.95,1766.65,36,334.35,750,750,18-APR-2022,
OPTIDX,BANKNIFTY,05-May-2022,35600.0,CE,0.0,0.0,0.0,1586.9,1698.7,0,0.0,0,0,18-APR-2022,
OPTIDX,BANKNIFTY,05-May-2022,35700.0,CE,0.0,0.0,0.0,1538.8,1632.2,0,0.0,0,0,18-APR-2022,
OPTIDX,BANKNIFTY,05-May-2022,35800.0,CE,0.0,0.0,0.0,1491.75,1567.25,0,0.0,0,0,18-APR-2022,
OPTIDX,BANKNIFTY,05-May-2022,35900.0,CE,0.0,0.0,0.0,1445.65,1503.8,0,0.0,0,0,18-APR-2022,
OPTIDX,BANKNIFTY,05-May-2022,36000.0,CE,1394.95,1415.05,1169.25,1285.5,1285.5,127,1183.6,1350,1150,18-APR-2022,
OPTIDX,BANKNIFTY,05-May-2022,36100.0,CE,0.0,0.0,0.0,1356.55,1381.45,0,0.0,0,0,18-APR-2022,
OPTIDX,BANKNIFTY,05-May-2022,36200.0,CE,1063.5,1197.4,1063.5,1175.7,1175.7,4,37.31,50,50,18-APR-2022,
OPTIDX,BANKNIFTY,05-May-2022,36300.0,CE,993.3,1003.65,966.95,993.0,1265.4,5,46.61,100,100,18-APR-2022,
OPTIDX,BANKNIFTY,05-May-2022,36400.0,CE,1190.15,1190.15,907.55,1065.4,1065.4,40,373.72,475,475,18-APR-2022,
OPTIDX,BANKNIFTY,05-May-2022,36500.0,CE,1095.0,1145.55,849.65,945.55,945.55,560,5244.64,3525,3150,18-APR-2022,
OPTIDX,BANKNIFTY,05-May-2022,36600.0,CE,960.05,977.6,800.0,932.35,932.35,69,646.53,425,425,18-APR-2022,
OPTIDX,BANKNIFTY,05-May-2022,36700.0,CE,1005.0,1005.0,760.0,893.75,893.75,152,1426.64,1175,1125,18-APR-2022,
OPTIDX,BANKNIFTY,05-May-2022,36800.0,CE,881.2,960.0,698.1,842.7,842.7,307,2888.04,2675,2675,18-APR-2022,
OPTIDX,BANKNIFTY,05-May-2022,36900.0,CE,900.35,914.7,655.6,766.35,766.35,211,1987.38,1200,1200,18-APR-2022,
OPTIDX,BANKNIFTY,05-May-2022,37000.0,CE,826.35,850.5,603.55,714.9,714.9,1635,15418.35,11100,10825,18-APR-2022,
OPTIDX,BANKNIFTY,05-May-2022,37100.0,CE,746.2,767.0,569.55,684.65,684.65,184,1737.92,650,650,18-APR-2022,
OPTIDX,BANKNIFTY,05-May-2022,37200.0,CE,691.9,734.0,536.05,627.85,627.85,144,1361.46,1150,1100,18-APR-2022,
OPTIDX,BANKNIFTY,05-May-2022,37300.0,CE,657.9,675.0,490.5,573.35,573.35,65,615.51,750,600,18-APR-2022,
OPTIDX,BANKNIFTY,05-May-2022,37400.0,CE,613.45,613.5,462.95,525.8,525.8,21,199.19,250,150,18-APR-2022,
OPTIDX,BANKNIFTY,05-May-2022,37500.0,CE,593.15,607.45,413.85,469.8,469.8,1322,12551.82,9650,6400,18-APR-2022,
OPTIDX,BANKNIFTY,05-May-2022,37600.0,CE,528.95,541.0,384.9,455.75,455.75,83,789.46,950,450,18-APR-2022,
OPTIDX,BANKNIFTY,05-May-2022,37700.0,CE,463.9,505.8,359.0,397.15,397.15,97,924.2,1900,775,18-APR-2022,
OPTIDX,BANKNIFTY,05-May-2022,37800.0,CE,582.95,582.95,337.0,393.4,393.4,86,821.64,1300,675,18-APR-2022,
OPTIDX,BANKNIFTY,05-May-2022,37900.0,CE,419.45,435.9,306.5,342.25,342.25,98,937.19,1400,725,18-APR-2022,
OPTIDX,BANKNIFTY,05-May-2022,38000.0,CE,370.55,411.0,272.0,316.8,316.8,1860,17822.98,15550,10475,18-APR-2022,
OPTIDX,BANKNIFTY,05-May-2022,38100.0,CE,371.25,377.55,254.8,274.0,274.0,39,374.43,525,250,18-APR-2022,
OPTIDX,BANKNIFTY,05-May-2022,38200.0,CE,331.0,339.5,219.1,260.95,260.95,90,866.28,1150,1025,18-APR-2022,
OPTIDX,BANKNIFTY,05-May-2022,38300.0,CE,66.9,819.6,66.9,296.9,444.2,6,57.88,75,75,18-APR-2022,
OPTIDX,BANKNIFTY,05-May-2022,38400.0,CE,186.5,246.55,182.65,214.4,214.4,7,67.55,100,100,18-APR-2022,
OPTIDX,BANKNIFTY,05-May-2022,38500.0,CE,241.75,272.5,175.75,198.0,198.0,1173,11356.2,10850,6425,18-APR-2022,
OPTIDX,BANKNIFTY,05-May-2022,38600.0,CE,265.0,265.0,158.05,169.25,369.8,10,96.99,150,75,18-APR-2022,
OPTIDX,BANKNIFTY,05-May-2022,38700.0,CE,246.85,246.85,133.4,178.45,178.45,9,87.49,75,75,18-APR-2022,
OPTIDX,BANKNIFTY,05-May-2022,38800.0,CE,0.0,0.0,0.0,513.25,325.8,0,0.0,0,0,18-APR-2022,
OPTIDX,BANKNIFTY,05-May-2022,38900.0,CE,81.5,171.55,81.45,134.75,134.75,16,156.1,200,150,18-APR-2022,
OPTIDX,BANKNIFTY,05-May-2022,39000.0,CE,238.45,238.45,110.0,127.05,127.05,2049,20048.86,14275,11375,18-APR-2022,
OPTIDX,BANKNIFTY,05-May-2022,39100.0,CE,0.0,0.0,0.0,454.8,267.75,0,0.0,0,0,18-APR-2022,
OPTIDX,BANKNIFTY,05-May-2022,39200.0,CE,120.45,120.5,97.1,97.1,250.35,3,29.48,0,-50,18-APR-2022,
OPTIDX,BANKNIFTY,05-May-2022,39300.0,CE,87.75,112.4,87.75,88.5,233.95,4,39.39,75,25,18-APR-2022,
OPTIDX,BANKNIFTY,05-May-2022,39400.0,CE,71.9,110.9,71.15,86.15,86.15,17,167.79,200,200,18-APR-2022,
OPTIDX,BANKNIFTY,05-May-2022,39500.0,CE,103.25,106.55,71.7,81.15,81.15,619,6126.18,8325,7200,18-APR-2022,
OPTIDX,BANKNIFTY,05-May-2022,39600.0,CE,0.0,0.0,0.0,347.7,189.9,0,0.0,0,0,18-APR-2022,
OPTIDX,BANKNIFTY,05-May-2022,39700.0,CE,0.0,0.0,0.0,332.5,176.85,0,0.0,0,0,18-APR-2022,
OPTIDX,BANKNIFTY,05-May-2022,39800.0,CE,0.0,0.0,0.0,326.6,164.6,0,0.0,0,0,18-APR-2022,
OPTIDX,BANKNIFTY,05-May-2022,39900.0,CE,33.35,48.25,32.25,48.25,48.25,10,99.84,200,200,18-APR-2022,
OPTIDX,BANKNIFTY,05-May-2022,40000.0,CE,57.9,72.9,49.05,55.0,55.0,1278,12799.47,9650,575,18-APR-2022,
OPTIDX,BANKNIFTY,05-May-2022,40100.0,CE,148.75,148.75,29.65,76.35,76.35,6,60.26,50,50,18-APR-2022,
OPTIDX,BANKNIFTY,05-May-2022,40200.0,CE,0.0,0.0,0.0,353.25,122.45,0,0.0,25,0,18-APR-2022,
OPTIDX,BANKNIFTY,05-May-2022,40300.0,CE,0.0,0.0,0.0,321.4,113.45,0,0.0,0,0,18-APR-2022,
OPTIDX,BANKNIFTY,05-May-2022,40400.0,CE,0.0,0.0,0.0,299.55,105.1,0,0.0,0,0,18-APR-2022,
OPTIDX,BANKNIFTY,05-May-2022,40500.0,CE,54.7,61.45,36.05,43.7,43.7,39,395.33,425,375,18-APR-2022,
OPTIDX,BANKNIFTY,05-May-2022,40600.0,CE,0.0,0.0,0.0,361.65,89.9,0,0.0,0,0,18-APR-2022,
OPTIDX,BANKNIFTY,05-May-2022,40700.0,CE,0.0,0.0,0.0,345.0,83.05,0,0.0,0,0,18-APR-2022,
OPTIDX,BANKNIFTY,05-May-2022,40800.0,CE,40.0,40.0,22.5,33.45,76.65,5,51.04,125,25,18-APR-2022,
OPTIDX,BANKNIFTY,05-May-2022,40900.0,CE,229.6,229.6,33.5,33.5,70.7,11,112.67,125,125,18-APR-2022,
OPTIDX,BANKNIFTY,05-May-2022,41000.0,CE,278.5,299.95,20.05,30.65,30.65,747,7664.23,4925,3000,18-APR-2022,
OPTIDX,BANKNIFTY,05-May-2022,41100.0,CE,325.95,325.95,43.05,43.5,60.0,5,51.57,100,75,18-APR-2022,
OPTIDX,BANKNIFTY,05-May-2022,41200.0,CE,0.0,0.0,0.0,568.6,55.2,0,0.0,0,0,18-APR-2022,
OPTIDX,BANKNIFTY,05-May-2022,41300.0,CE,0.0,0.0,0.0,545.1,50.75,0,0.0,0,0,18-APR-2022,
OPTIDX,BANKNIFTY,05-May-2022,41400.0,CE,0.0,0.0,0.0,522.45,46.6,0,0.0,0,0,18-APR-2022,
OPTIDX,BANKNIFTY,05-May-2022,41500.0,CE,29.5,29.9,20.05,22.95,42.8,41,425.64,550,50,18-APR-2022,
OPTIDX,BANKNIFTY,05-May-2022,41600.0,CE,0.0,0.0,0.0,477.55,39.25,0,0.0,0,0,18-APR-2022,
OPTIDX,BANKNIFTY,05-May-2022,41700.0,CE,0.0,0.0,0.0,457.05,35.95,0,0.0,0,0,18-APR-2022,
OPTIDX,BANKNIFTY,05-May-2022,41800.0,CE,0.0,0.0,0.0,437.25,32.95,0,0.0,0,0,18-APR-2022,
OPTIDX,BANKNIFTY,05-May-2022,41900.0,CE,0.0,0.0,0.0,418.15,30.15,0,0.0,0,0,18-APR-2022,
OPTIDX,BANKNIFTY,05-May-2022,42000.0,CE,17.05,22.9,17.05,19.95,19.95,113,1187.08,3675,75,18-APR-2022,
OPTIDX,BANKNIFTY,05-May-2022,42100.0,CE,0.0,0.0,0.0,382.0,25.2,0,0.0,0,0,18-APR-2022,
OPTIDX,BANKNIFTY,05-May-2022,42200.0,CE,0.0,0.0,0.0,364.95,23.0,0,0.0,0,0,18-APR-2022,
OPTIDX,BANKNIFTY,05-May-2022,42300.0,CE,0.0,0.0,0.0,348.5,20.95,0,0.0,0,0,18-APR-2022,
OPTIDX,BANKNIFTY,05-May-2022,42400.0,CE,0.0,0.0,0.0,332.65,19.1,0,0.0,0,0,18-APR-2022,
OPTIDX,BANKNIFTY,05-May-2022,42500.0,CE,25.05,25.05,15.2,16.35,16.35,81,861.0,1950,350,18-APR-2022,
OPTIDX,BANKNIFTY,05-May-2022,42600.0,CE,17.5,17.5,7.6,12.0,15.85,67,713.79,1075,525,18-APR-2022,
OPTIDX,BANKNIFTY,05-May-2022,31400.0,PE,15.0,15.0,15.0,15.0,8.15,2,15.7,50,0,18-APR-2022,
OPTIDX,BANKNIFTY,05-May-2022,31500.0,PE,0.0,0.0,0.0,224.95,9.35,0,0.0,0,0,18-APR-2022,
OPTIDX,BANKNIFTY,05-May-2022,31600.0,PE,0.0,0.0,0.0,238.85,10.7,0,0.0,0,0,18-APR-2022,
OPTIDX,BANKNIFTY,05-May-2022,31700.0,PE,0.0,0.0,0.0,253.4,12.2,0,0.0,0,0,18-APR-2022,
OPTIDX,BANKNIFTY,05-May-2022,31800.0,PE,0.0,0.0,0.0,268.6,13.9,0,0.0,0,0,18-APR-2022,
OPTIDX,BANKNIFTY,05-May-2022,31900.0,PE,0.0,0.0,0.0,284.5,15.8,0,0.0,0,0,18-APR-2022,
OPTIDX,BANKNIFTY,05-May-2022,32000.0,PE,25.55,31.0,15.75,21.55,21.55,56,448.33,800,800,18-APR-2022,
OPTIDX,BANKNIFTY,05-May-2022,32100.0,PE,0.0,0.0,0.0,318.45,20.3,0,0.0,0,0,18-APR-2022,
OPTIDX,BANKNIFTY,05-May-2022,32200.0,PE,0.0,0.0,0.0,336.55,22.95,0,0.0,0,0,18-APR-2022,
OPTIDX,BANKNIFTY,05-May-2022,32300.0,PE,0.0,0.0,0.0,355.35,25.9,0,0.0,0,0,18-APR-2022,
OPTIDX,BANKNIFTY,05-May-2022,32400.0,PE,0.0,0.0,0.0,375.0,29.15,0,0.0,0,0,18-APR-2022,
OPTIDX,BANKNIFTY,05-May-2022,32500.0,PE,0.0,0.0,0.0,395.35,32.7,0,0.0,0,0,18-APR-2022,
OPTIDX,BANKNIFTY,05-May-2022,32600.0,PE,0.0,0.0,0.0,416.6,36.65,0,0.0,0,0,18-APR-2022,
OPTIDX,BANKNIFTY,05-May-2022,32700.0,PE,0.0,0.0,0.0,438.6,41.0,0,0.0,0,0,18-APR-2022,
OPTIDX,BANKNIFTY,05-May-2022,32800.0,PE,0.0,0.0,0.0,461.45,45.8,0,0.0,0,0,18-APR-2022,
OPTIDX,BANKNIFTY,05-May-2022,32900.0,PE,0.0,0.0,0.0,485.2,51.05,0,0.0,0,0,18-APR-2022,
OPTIDX,BANKNIFTY,05-May-2022,33000.0,PE,58.65,59.7,40.9,42.7,42.7,56,462.76,700,700,18-APR-2022,
OPTIDX,BANKNIFTY,05-May-2022,33100.0,PE,0.0,0.0,0.0,536.5,63.0,0,0.0,0,0,18-APR-2022,
OPTIDX,BANKNIFTY,05-May-2022,33200.0,PE,0.0,0.0,0.0,562.75,69.8,0,0.0,0,0,18-APR-2022,
OPTIDX,BANKNIFTY,05-May-2022,33300.0,PE,0.0,0.0,0.0,589.9,77.2,0,0.0,0,0,18-APR-2022,
OPTIDX,BANKNIFTY,05-May-2022,33400.0,PE,0.0,0.0,0.0,617.95,85.25,0,0.0,0,0,18-APR-2022,
OPTIDX,BANKNIFTY,05-May-2022,33500.0,PE,70.0,78.0,45.45,61.75,61.75,4,33.56,50,50,18-APR-2022,
OPTIDX,BANKNIFTY,05-May-2022,33600.0,PE,0.0,0.0,0.0,675.75,103.4,0,0.0,0,0,18-APR-2022,
OPTIDX,BANKNIFTY,05-May-2022,33700.0,PE,0.0,0.0,0.0,706.8,113.55,0,0.0,0,0,18-APR-2022,
OPTIDX,BANKNIFTY,05-May-2022,33800.0,PE,0.0,0.0,0.0,738.85,124.5,0,0.0,0,0,18-APR-2022,
OPTIDX,BANKNIFTY,05-May-2022,33900.0,PE,0.0,0.0,0.0,771.85,136.3,0,0.0,0,0,18-APR-2022,
OPTIDX,BANKNIFTY,05-May-2022,34000.0,PE,94.45,198.0,68.0,81.45,81.45,817,6963.72,9675,8050,18-APR-2022,
OPTIDX,BANKNIFTY,05-May-2022,34100.0,PE,0.0,0.0,0.0,840.85,162.5,0,0.0,0,0,18-APR-2022,
OPTIDX,BANKNIFTY,05-May-2022,34200.0,PE,0.0,0.0,0.0,876.85,177.05,0,0.0,0,0,18-APR-2022,
OPTIDX,BANKNIFTY,05-May-2022,34300.0,PE,0.0,0.0,0.0,913.85,192.55,0,0.0,0,0,18-APR-2022,
OPTIDX,BANKNIFTY,05-May-2022,34400.0,PE,0.0,0.0,0.0,951.85,209.1,0,0.0,0,0,18-APR-2022,
OPTIDX,BANKNIFTY,05-May-2022,34500.0,PE,100.0,170.0,100.0,118.25,118.25,396,3428.56,3400,3300,18-APR-2022,
OPTIDX,BANKNIFTY,05-May-2022,34600.0,PE,0.0,0.0,0.0,1030.95,245.4,0,0.0,0,0,18-APR-2022,
OPTIDX,BANKNIFTY,05-May-2022,34700.0,PE,0.0,0.0,0.0,1072.05,265.3,0,0.0,0,0,18-APR-2022,
OPTIDX,BANKNIFTY,05-May-2022,34800.0,PE,0.0,0.0,0.0,1114.15,286.35,0,0.0,0,0,18-APR-2022,
OPTIDX,BANKNIFTY,05-May-2022,34900.0,PE,0.0,0.0,0.0,1157.3,308.65,0,0.0,0,0,18-APR-2022,
OPTIDX,BANKNIFTY,05-May-2022,35000.0,PE,138.2,243.35,138.2,177.8,177.8,1191,10480.62,11500,9375,18-APR-2022,
OPTIDX,BANKNIFTY,05-May-2022,35100.0,PE,254.4,254.4,254.4,254.4,358.45,1,8.83,25,25,18-APR-2022,
OPTIDX,BANKNIFTY,05-May-2022,35200.0,PE,0.0,0.0,0.0,1292.95,384.45,0,0.0,0,0,18-APR-2022,
OPTIDX,BANKNIFTY,05-May-2022,35300.0,PE,0.0,0.0,0.0,1340.25,410.4,0,0.0,0,0,18-APR-2022,
OPTIDX,BANKNIFTY,05-May-2022,35400.0,PE,0.0,0.0,0.0,1388.6,439.35,0,0.0,0,0,18-APR-2022,
OPTIDX,BANKNIFTY,05-May-2022,35500.0,PE,312.15,356.0,225.7,275.85,275.85,415,3714.15,4700,3275,18-APR-2022,
OPTIDX,BANKNIFTY,05-May-2022,35600.0,PE,0.0,0.0,0.0,1488.2,501.6,0,0.0,0,0,18-APR-2022,
OPTIDX,BANKNIFTY,05-May-2022,35700.0,PE,399.5,399.5,263.55,270.05,270.05,55,494.71,1225,1225,18-APR-2022,
OPTIDX,BANKNIFTY,05-May-2022,35800.0,PE,424.8,424.8,356.0,356.0,569.8,5,45.24,50,50,18-APR-2022,
OPTIDX,BANKNIFTY,05-May-2022,35900.0,PE,418.0,462.5,314.5,314.5,314.5,24,217.82,375,375,18-APR-2022,
OPTIDX,BANKNIFTY,05-May-2022,36000.0,PE,400.0,517.6,337.85,386.85,386.85,1701,15489.95,15150,14425,18-APR-2022,
OPTIDX,BANKNIFTY,05-May-2022,36100.0,PE,489.0,546.0,391.5,448.4,448.4,21,191.99,225,225,18-APR-2022,
OPTIDX,BANKNIFTY,05-May-2022,36200.0,PE,476.0,581.0,422.5,424.5,424.5,23,211.22,225,225,18-APR-2022,
OPTIDX,BANKNIFTY,05-May-2022,36300.0,PE,488.2,636.7,441.0,477.6,477.6,45,414.43,225,225,18-APR-2022,
OPTIDX,BANKNIFTY,05-May-2022,36400.0,PE,555.05,668.0,480.6,484.85,484.85,32,295.98,250,250,18-APR-2022,
OPTIDX,BANKNIFTY,05-May-2022,36500.0,PE,571.35,723.05,505.1,548.15,548.15,1264,11730.64,10000,8675,18-APR-2022,
OPTIDX,BANKNIFTY,05-May-2022,36600.0,PE,679.0,750.05,548.0,619.0,619.0,20,186.38,225,225,18-APR-2022,
OPTIDX,BANKNIFTY,05-May-2022,36700.0,PE,820.05,820.05,585.75,647.65,647.65,97,906.88,550,550,18-APR-2022,
OPTIDX,BANKNIFTY,05-May-2022,36800.0,PE,756.5,875.0,627.0,642.6,642.6,158,1482.96,1225,1200,18-APR-2022,
OPTIDX,BANKNIFTY,05-May-2022,36900.0,PE,1470.55,1470.6,665.75,666.65,666.65,81,763.51,1175,1175,18-APR-2022,
OPTIDX,BANKNIFTY,05-May-2022,37000.0,PE,820.9,980.15,687.65,734.3,734.3,667,6310.17,4875,2275,18-APR-2022,
OPTIDX,BANKNIFTY,05-May-2022,37100.0,PE,942.1,1031.75,767.0,767.0,767.0,37,351.57,275,275,18-APR-2022,
OPTIDX,BANKNIFTY,05-May-2022,37200.0,PE,921.1,1075.45,813.0,855.2,855.2,57,543.76,550,425,18-APR-2022,
OPTIDX,BANKNIFTY,05-May-2022,37300.0,PE,936.45,1025.0,884.0,995.7,995.7,14,134.0,250,150,18-APR-2022,
OPTIDX,BANKNIFTY,05-May-2022,37400.0,PE,1077.05,1200.0,927.0,928.4,928.4,24,230.79,175,150,18-APR-2022,
OPTIDX,BANKNIFTY,05-May-2022,37500.0,PE,1100.0,1284.45,949.8,1006.1,1006.1,275,2653.03,2075,-475,18-APR-2022,
OPTIDX,BANKNIFTY,05-May-2022,37600.0,PE,1167.25,1327.35,1044.0,1049.9,1049.9,49,474.5,475,125,18-APR-2022,
OPTIDX,BANKNIFTY,05-May-2022,37700.0,PE,1154.0,1409.75,1122.45,1122.45,1122.45,9,87.62,150,25,18-APR-2022,
OPTIDX,BANKNIFTY,05-May-2022,37800.0,PE,1271.95,1343.55,1271.95,1343.55,1593.1,3,29.32,350,-50,18-APR-2022,
OPTIDX,BANKNIFTY,05-May-2022,37900.0,PE,1378.1,1378.1,1378.1,1378.1,1660.2,1,9.81,50,25,18-APR-2022,
OPTIDX,BANKNIFTY,05-May-2022,38000.0,PE,1354.9,1657.3,1284.25,1300.0,1300.0,71,700.21,2475,450,18-APR-2022,
OPTIDX,BANKNIFTY,05-May-2022,38100.0,PE,1458.15,1671.8,1403.5,1556.0,1798.4,7,69.35,150,75,18-APR-2022,
OPTIDX,BANKNIFTY,05-May-2022,38200.0,PE,1743.05,1743.05,1226.7,1226.7,1869.55,2,19.84,125,0,18-APR-2022,
OPTIDX,BANKNIFTY,05-May-2022,38300.0,PE,0.0,0.0,0.0,3213.6,1941.95,0,0.0,0,0,18-APR-2022,
OPTIDX,BANKNIFTY,05-May-2022,38400.0,PE,0.0,0.0,0.0,940.0,2015.6,0,0.0,75,0,18-APR-2022,
OPTIDX,BANKNIFTY,05-May-2022,38500.0,PE,2202.05,2202.05,1689.0,1689.0,1689.0,26,262.17,750,400,18-APR-2022,
OPTIDX,BANKNIFTY,05-May-2022,38600.0,PE,0.0,0.0,0.0,1250.0,2167.0,0,0.0,50,0,18-APR-2022,
OPTIDX,BANKNIFTY,05-May-2022,38700.0,PE,0.0,0.0,0.0,3520.35,2244.25,0,0.0,0,0,18-APR-2022,
OPTIDX,BANKNIFTY,05-May-2022,38800.0,PE,0.0,0.0,0.0,3599.1,2322.6,0,0.0,0,0,18-APR-2022,
OPTIDX,BANKNIFTY,05-May-2022,38900.0,PE,0.0,0.0,0.0,3678.45,2402.0,0,0.0,0,0,18-APR-2022,
OPTIDX,BANKNIFTY,05-May-2022,39000.0,PE,2181.35,2261.05,2094.0,2102.35,2102.35,13,133.82,450,225,18-APR-2022,
OPTIDX,BANKNIFTY,05-May-2022,39100.0,PE,0.0,0.0,0.0,3839.2,2563.95,0,0.0,0,0,18-APR-2022,
OPTIDX,BANKNIFTY,05-May-2022,39200.0,PE,0.0,0.0,0.0,3920.5,2646.4,0,0.0,0,0,18-APR-2022,
OPTIDX,BANKNIFTY,05-May-2022,39300.0,PE,0.0,0.0,0.0,4002.4,2729.8,0,0.0,0,0,18-APR-2022,
OPTIDX,BANKNIFTY,05-May-2022,39400.0,PE,0.0,0.0,0.0,4084.9,2814.05,0,0.0,0,0,18-APR-2022,
OPTIDX,BANKNIFTY,05-May-2022,39500.0,PE,0.0,0.0,0.0,4168.0,2899.2,0,0.0,0,0,18-APR-2022,
OPTIDX,BANKNIFTY,05-May-2022,39600.0,PE,0.0,0.0,0.0,4064.85,2985.2,0,0.0,0,0,18-APR-2022,
OPTIDX,BANKNIFTY,05-May-2022,39700.0,PE,0.0,0.0,0.0,4149.2,3071.95,0,0.0,0,0,18-APR-2022,
OPTIDX,BANKNIFTY,05-May-2022,39800.0,PE,0.0,0.0,0.0,4110.1,3159.5,0,0.0,0,0,18-APR-2022,
OPTIDX,BANKNIFTY,05-May-2022,39900.0,PE,0.0,0.0,0.0,3786.2,3247.75,0,0.0,0,0,18-APR-2022,
OPTIDX,BANKNIFTY,05-May-2022,40000.0,PE,0.0,0.0,0.0,3868.95,3336.7,0,0.0,0,0,18-APR-2022,
OPTIDX,BANKNIFTY,05-May-2022,40100.0,PE,0.0,0.0,0.0,3952.35,3426.3,0,0.0,0,0,18-APR-2022,
OPTIDX,BANKNIFTY,05-May-2022,40200.0,PE,0.0,0.0,0.0,4036.3,3516.55,0,0.0,0,0,18-APR-2022,
OPTIDX,BANKNIFTY,05-May-2022,40300.0,PE,0.0,0.0,0.0,4120.9,3607.4,0,0.0,0,0,18-APR-2022,
OPTIDX,BANKNIFTY,05-May-2022,40400.0,PE,0.0,0.0,0.0,4162.05,3698.8,0,0.0,0,0,18-APR-2022,
OPTIDX,BANKNIFTY,05-May-2022,40500.0,PE,0.0,0.0,0.0,3580.15,3790.75,0,0.0,0,0,18-APR-2022,
OPTIDX,BANKNIFTY,05-May-2022,40600.0,PE,0.0,0.0,0.0,3662.5,3883.25,0,0.0,0,0,18-APR-2022,
OPTIDX,BANKNIFTY,05-May-2022,40700.0,PE,0.0,0.0,0.0,3745.5,3976.2,0,0.0,0,0,18-APR-2022,
OPTIDX,BANKNIFTY,05-May-2022,40800.0,PE,0.0,0.0,0.0,3829.15,4069.6,0,0.0,0,0,18-APR-2022,
OPTIDX,BANKNIFTY,05-May-2022,40900.0,PE,0.0,0.0,0.0,3913.4,4163.5,0,0.0,0,0,18-APR-2022,
OPTIDX,BANKNIFTY,05-May-2022,41000.0,PE,0.0,0.0,0.0,3998.3,4257.75,0,0.0,0,0,18-APR-2022,
OPTIDX,BANKNIFTY,05-May-2022,41100.0,PE,0.0,0.0,0.0,4083.75,4352.4,0,0.0,0,0,18-APR-2022,
OPTIDX,BANKNIFTY,05-May-2022,41200.0,PE,0.0,0.0,0.0,2987.05,4447.4,0,0.0,0,0,18-APR-2022,
OPTIDX,BANKNIFTY,05-May-2022,41300.0,PE,0.0,0.0,0.0,3063.2,4542.75,0,0.0,0,0,18-APR-2022,
OPTIDX,BANKNIFTY,05-May-2022,41400.0,PE,0.0,0.0,0.0,3140.2,4638.45,0,0.0,0,0,18-APR-2022,
OPTIDX,BANKNIFTY,05-May-2022,41500.0,PE,0.0,0.0,0.0,3216.25,4734.45,0,0.0,0,0,18-APR-2022,
OPTIDX,BANKNIFTY,05-May-2022,41600.0,PE,0.0,0.0,0.0,3294.6,4830.7,0,0.0,0,0,18-APR-2022,
OPTIDX,BANKNIFTY,05-May-2022,41700.0,PE,0.0,0.0,0.0,3373.7,4927.2,0,0.0,0,0,18-APR-2022,
OPTIDX,BANKNIFTY,05-May-2022,41800.0,PE,0.0,0.0,0.0,3453.55,5024.0,0,0.0,0,0,18-APR-2022,
OPTIDX,BANKNIFTY,05-May-2022,41900.0,PE,0.0,0.0,0.0,3534.1,5121.0,0,0.0,0,0,18-APR-2022,
OPTIDX,BANKNIFTY,05-May-2022,42000.0,PE,0.0,0.0,0.0,3615.35,5218.25,0,0.0,0,0,18-APR-2022,
OPTIDX,BANKNIFTY,05-May-2022,42100.0,PE,0.0,0.0,0.0,3697.25,5315.65,0,0.0,0,0,18-APR-2022,
OPTIDX,BANKNIFTY,05-May-2022,42200.0,PE,0.0,0.0,0.0,3779.8,5413.3,0,0.0,0,0,18-APR-2022,
OPTIDX,BANKNIFTY,05-May-2022,42300.0,PE,0.0,0.0,0.0,3863.05,5511.05,0,0.0,0,0,18-APR-2022,
OPTIDX,BANKNIFTY,05-May-2022,42400.0,PE,0.0,0.0,0.0,3946.85,5609.05,0,0.0,0,0,18-APR-2022,
OPTIDX,BANKNIFTY,05-May-2022,42500.0,PE,0.0,0.0,0.0,4031.3,5707.15,0,0.0,0,0,18-APR-2022,
OPTIDX,BANKNIFTY,05-May-2022,42600.0,PE,0.0,0.0,0.0,4116.3,5805.4,0,0.0,0,0,18-APR-2022,
OPTIDX,BANKNIFTY,12-May-2022,33500.0,CE,0.0,0.0,0.0,4171.05,3491.95,0,0.0,0,0,18-APR-2022,
OPTIDX,BANKNIFTY,12-May-2022,33600.0,CE,0.0,0.0,0.0,4306.55,3405.65,0,0.0,0,0,18-APR-2022,
OPTIDX,BANKNIFTY,12-May-2022,33700.0,CE,0.0,0.0,0.0,4220.5,3320.15,0,0.0,0,0,18-APR-2022,
OPTIDX,BANKNIFTY,12-May-2022,33800.0,CE,0.0,0.0,0.0,4135.15,3235.5,0,0.0,0,0,18-APR-2022,
OPTIDX,BANKNIFTY,12-May-2022,33900.0,CE,0.0,0.0,0.0,4050.5,3151.7,0,0.0,0,0,18-APR-2022,
OPTIDX,BANKNIFTY,12-May-2022,34000.0,CE,0.0,0.0,0.0,3966.5,3068.8,0,0.0,0,0,18-APR-2022,
OPTIDX,BANKNIFTY,12-May-2022,34100.0,CE,0.0,0.0,0.0,3883.25,2986.8,0,0.0,0,0,18-APR-2022,
OPTIDX,BANKNIFTY,12-May-2022,34200.0,CE,0.0,0.0,0.0,3800.7,2905.8,0,0.0,0,0,18-APR-2022,
OPTIDX,BANKNIFTY,12-May-2022,34300.0,CE,0.0,0.0,0.0,3718.95,2825.75,0,0.0,0,0,18-APR-2022,
OPTIDX,BANKNIFTY,12-May-2022,34400.0,CE,0.0,0.0,0.0,3637.95,2746.7,0,0.0,0,0,18-APR-2022,
OPTIDX,BANKNIFTY,12-May-2022,34500.0,CE,0.0,0.0,0.0,3557.75,2668.65,0,0.0,0,0,18-APR-2022,
OPTIDX,BANKNIFTY,12-May-2022,34600.0,CE,0.0,0.0,0.0,3478.3,2591.7,0,0.0,0,0,18-APR-2022,
OPTIDX,BANKNIFTY,12-May-2022,34700.0,CE,0.0,0.0,0.0,3399.75,2515.8,0,0.0,0,0,18-APR-2022,
OPTIDX,BANKNIFTY,12-May-2022,34800.0,CE,0.0,0.0,0.0,3322.0,2442.4,0,0.0,0,0,18-APR-2022,
OPTIDX,BANKNIFTY,12-May-2022,34900.0,CE,0.0,0.0,0.0,3245.15,2368.6,0,0.0,0,0,18-APR-2022,
OPTIDX,BANKNIFTY,12-May-2022,35000.0,CE,0.0,0.0,0.0,3169.15,2295.95,0,0.0,0,0,18-APR-2022,
OPTIDX,BANKNIFTY,12-May-2022,35100.0,CE,0.0,0.0,0.0,3094.0,2223.1,0,0.0,0,0,18-APR-2022,
OPTIDX,BANKNIFTY,12-May-2022,35200.0,CE,0.0,0.0,0.0,3021.15,2153.05,0,0.0,0,0,18-APR-2022,
OPTIDX,BANKNIFTY,12-May-2022,35300.0,CE,0.0,0.0,0.0,2947.75,2084.15,0,0.0,0,0,18-APR-2022,
OPTIDX,BANKNIFTY,12-May-2022,35400.0,CE,0.0,0.0,0.0,2875.25,2016.5,0,0.0,0,0,18-APR-2022,
OPTIDX,BANKNIFTY,12-May-2022,35500.0,CE,0.0,0.0,0.0,2802.2,1950.1,0,0.0,0,0,18-APR-2022,
OPTIDX,BANKNIFTY,12-May-2022,35600.0,CE,0.0,0.0,0.0,2731.8,1885.0,0,0.0,0,0,18-APR-2022,
OPTIDX,BANKNIFTY,12-May-2022,35700.0,CE,0.0,0.0,0.0,2662.4,1821.15,0,0.0,0,0,18-APR-2022,
OPTIDX,BANKNIFTY,12-May-2022,35800.0,CE,0.0,0.0,0.0,2593.95,1758.6,0,0.0,0,0,18-APR-2022,
OPTIDX,BANKNIFTY,12-May-2022,35900.0,CE,0.0,0.0,0.0,2526.5,1697.35,0,0.0,0,0,18-APR-2022,
OPTIDX,BANKNIFTY,12-May-2022,36000.0,CE,0.0,0.0,0.0,2460.1,1637.4,0,0.0,0,0,18-APR-2022,
OPTIDX,BANKNIFTY,12-May-2022,36100.0,CE,0.0,0.0,0.0,2394.65,1578.8,0,0.0,0,0,18-APR-2022,
OPTIDX,BANKNIFTY,12-May-2022,36200.0,CE,0.0,0.0,0.0,2330.3,1521.5,0,0.0,0,0,18-APR-2022,
OPTIDX,BANKNIFTY,12-May-2022,36300.0,CE,0.0,0.0,0.0,2266.95,1465.5,0,0.0,0,0,18-APR-2022,
OPTIDX,BANKNIFTY,12-May-2022,36400.0,CE,0.0,0.0,0.0,2204.65,1410.9,0,0.0,0,0,18-APR-2022,
OPTIDX,BANKNIFTY,12-May-2022,36500.0,CE,1200.0,1200.0,1008.5,1182.3,1182.3,21,197.41,400,400,18-APR-2022,
OPTIDX,BANKNIFTY,12-May-2022,36600.0,CE,0.0,0.0,0.0,2083.2,1305.65,0,0.0,0,0,18-APR-2022,
OPTIDX,BANKNIFTY,12-May-2022,36700.0,CE,0.0,0.0,0.0,2024.05,1255.05,0,0.0,0,0,18-APR-2022,
OPTIDX,BANKNIFTY,12-May-2022,36800.0,CE,1059.1,1068.4,873.25,1019.65,1019.65,25,236.36,400,400,18-APR-2022,
OPTIDX,BANKNIFTY,12-May-2022,36900.0,CE,0.0,0.0,0.0,1908.95,1157.65,0,0.0,0,0,18-APR-2022,
OPTIDX,BANKNIFTY,12-May-2022,37000.0,CE,970.0,970.0,767.0,857.45,857.45,32,302.94,550,550,18-APR-2022,
OPTIDX,BANKNIFTY,12-May-2022,37100.0,CE,0.0,0.0,0.0,1798.15,1065.65,0,0.0,0,0,18-APR-2022,
OPTIDX,BANKNIFTY,12-May-2022,37200.0,CE,0.0,0.0,0.0,1744.35,1021.65,0,0.0,0,0,18-APR-2022,
OPTIDX,BANKNIFTY,12-May-2022,37300.0,CE,748.15,748.15,683.55,683.55,978.95,2,19.0,50,50,18-APR-2022,
OPTIDX,BANKNIFTY,12-May-2022,37400.0,CE,0.0,0.0,0.0,1639.95,937.5,0,0.0,0,0,18-APR-2022,
OPTIDX,BANKNIFTY,12-May-2022,37500.0,CE,763.3,764.4,564.7,686.3,686.3,37,353.04,375,350,18-APR-2022,
OPTIDX,BANKNIFTY,12-May-2022,37600.0,CE,945.35,945.35,945.35,945.35,858.45,1,9.63,25,25,18-APR-2022,
OPTIDX,BANKNIFTY,12-May-2022,37700.0,CE,0.0,0.0,0.0,1491.25,820.8,0,0.0,0,0,18-APR-2022,
OPTIDX,BANKNIFTY,12-May-2022,37800.0,CE,531.0,531.0,531.0,531.0,531.0,1,9.58,125,0,18-APR-2022,
OPTIDX,BANKNIFTY,12-May-2022,37900.0,CE,0.0,0.0,0.0,1397.5,749.15,0,0.0,0,0,18-APR-2022,
OPTIDX,BANKNIFTY,12-May-2022,38000.0,CE,499.95,565.05,418.95,449.7,449.7,40,384.83,575,175,18-APR-2022,
OPTIDX,BANKNIFTY,12-May-2022,38100.0,CE,0.0,0.0,0.0,1307.95,682.3,0,0.0,0,0,18-APR-2022,
OPTIDX,BANKNIFTY,12-May-2022,38200.0,CE,0.0,0.0,0.0,855.55,650.6,0,0.0,50,0,18-APR-2022,
OPTIDX,BANKNIFTY,12-May-2022,38300.0,CE,0.0,0.0,0.0,1222.6,620.05,0,0.0,0,0,18-APR-2022,
OPTIDX,BANKNIFTY,12-May-2022,38400.0,CE,0.0,0.0,0.0,1181.45,590.6,0,0.0,0,0,18-APR-2022,
OPTIDX,BANKNIFTY,12-May-2022,38500.0,CE,0.0,0.0,0.0,1141.3,562.25,0,0.0,0,0,18-APR-2022,
OPTIDX,BANKNIFTY,12-May-2022,38600.0,CE,0.0,0.0,0.0,1102.15,534.95,0,0.0,0,0,18-APR-2022,
OPTIDX,BANKNIFTY,12-May-2022,38700.0,CE,0.0,0.0,0.0,1064.0,508.75,0,0.0,0,0,18-APR-2022,
OPTIDX,BANKNIFTY,12-May-2022,38800.0,CE,0.0,0.0,0.0,1026.85,485.2,0,0.0,0,0,18-APR-2022,
OPTIDX,BANKNIFTY,12-May-2022,38900.0,CE,0.0,0.0,0.0,990.7,461.2,0,0.0,0,0,18-APR-2022,
OPTIDX,BANKNIFTY,12-May-2022,39000.0,CE,272.5,272.5,200.0,212.0,212.0,15,147.09,300,250,18-APR-2022,
OPTIDX,BANKNIFTY,12-May-2022,39100.0,CE,0.0,0.0,0.0,921.2,414.4,0,0.0,0,0,18-APR-2022,
OPTIDX,BANKNIFTY,12-May-2022,39200.0,CE,0.0,0.0,0.0,887.9,393.05,0,0.0,0,0,18-APR-2022,
OPTIDX,BANKNIFTY,12-May-2022,39300.0,CE,0.0,0.0,0.0,855.5,372.6,0,0.0,0,0,18-APR-2022,
OPTIDX,BANKNIFTY,12-May-2022,39400.0,CE,0.0,0.0,0.0,824.0,353.05,0,0.0,0,0,18-APR-2022,
OPTIDX,BANKNIFTY,12-May-2022,39500.0,CE,0.0,0.0,0.0,793.45,334.3,0,0.0,0,0,18-APR-2022,
OPTIDX,BANKNIFTY,12-May-2022,39600.0,CE,0.0,0.0,0.0,763.75,316.4,0,0.0,0,0,18-APR-2022,
OPTIDX,BANKNIFTY,12-May-2022,39700.0,CE,0.0,0.0,0.0,734.9,299.3,0,0.0,0,0,18-APR-2022,
OPTIDX,BANKNIFTY,12-May-2022,39800.0,CE,0.0,0.0,0.0,706.95,282.95,0,0.0,0,0,18-APR-2022,
OPTIDX,BANKNIFTY,12-May-2022,39900.0,CE,0.0,0.0,0.0,679.85,267.35,0,0.0,0,0,18-APR-2022,
OPTIDX,BANKNIFTY,12-May-2022,40000.0,CE,0.0,0.0,0.0,653.55,252.5,0,0.0,0,0,18-APR-2022,
OPTIDX,BANKNIFTY,12-May-2022,40100.0,CE,0.0,0.0,0.0,629.75,238.35,0,0.0,0,0,18-APR-2022,
OPTIDX,BANKNIFTY,12-May-2022,40200.0,CE,0.0,0.0,0.0,605.2,224.85,0,0.0,0,0,18-APR-2022,
OPTIDX,BANKNIFTY,12-May-2022,40300.0,CE,0.0,0.0,0.0,581.45,212.0,0,0.0,0,0,18-APR-2022,
OPTIDX,BANKNIFTY,12-May-2022,40400.0,CE,0.0,0.0,0.0,558.5,199.8,0,0.0,0,0,18-APR-2022,
OPTIDX,BANKNIFTY,12-May-2022,40500.0,CE,0.0,0.0,0.0,534.7,188.15,0,0.0,0,0,18-APR-2022,
OPTIDX,BANKNIFTY,12-May-2022,40600.0,CE,0.0,0.0,0.0,513.1,177.15,0,0.0,0,0,18-APR-2022,
OPTIDX,BANKNIFTY,12-May-2022,40700.0,CE,0.0,0.0,0.0,492.15,166.65,0,0.0,0,0,18-APR-2022,
OPTIDX,BANKNIFTY,12-May-2022,40800.0,CE,0.0,0.0,0.0,471.95,156.7,0,0.0,0,0,18-APR-2022,
OPTIDX,BANKNIFTY,12-May-2022,40900.0,CE,0.0,0.0,0.0,452.45,147.3,0,0.0,0,0,18-APR-2022,
OPTIDX,BANKNIFTY,12-May-2022,41000.0,CE,0.0,0.0,0.0,433.6,138.35,0,0.0,0,0,18-APR-2022,
OPTIDX,BANKNIFTY,12-May-2022,41100.0,CE,0.0,0.0,0.0,400.0,129.9,0,0.0,25,0,18-APR-2022,
OPTIDX,BANKNIFTY,12-May-2022,41200.0,CE,0.0,0.0,0.0,397.85,121.9,0,0.0,0,0,18-APR-2022,
OPTIDX,BANKNIFTY,12-May-2022,41300.0,CE,0.0,0.0,0.0,170.0,114.3,0,0.0,25,0,18-APR-2022,
OPTIDX,BANKNIFTY,12-May-2022,41400.0,CE,0.0,0.0,0.0,364.55,107.15,0,0.0,0,0,18-APR-2022,
OPTIDX,BANKNIFTY,12-May-2022,41500.0,CE,0.0,0.0,0.0,348.8,100.4,0,0.0,0,0,18-APR-2022,
OPTIDX,BANKNIFTY,12-May-2022,41600.0,CE,0.0,0.0,0.0,333.65,94.0,0,0.0,0,0,18-APR-2022,
OPTIDX,BANKNIFTY,12-May-2022,41700.0,CE,0.0,0.0,0.0,306.4,87.95,0,0.0,0,0,18-APR-2022,
OPTIDX,BANKNIFTY,12-May-2022,41800.0,CE,199.0,199.0,199.0,199.0,82.3,1,10.49,50,25,18-APR-2022,
OPTIDX,BANKNIFTY,12-May-2022,33500.0,PE,0.0,0.0,0.0,113.25,172.5,0,0.0,0,0,18-APR-2022,
OPTIDX,BANKNIFTY,12-May-2022,33600.0,PE,0.0,0.0,0.0,213.8,185.95,0,0.0,25,0,18-APR-2022,
OPTIDX,BANKNIFTY,12-May-2022,33700.0,PE,0.0,0.0,0.0,227.4,200.2,0,0.0,0,0,18-APR-2022,
OPTIDX,BANKNIFTY,12-May-2022,33800.0,PE,0.0,0.0,0.0,241.65,215.3,0,0.0,0,0,18-APR-2022,
OPTIDX,BANKNIFTY,12-May-2022,33900.0,PE,0.0,0.0,0.0,256.55,231.2,0,0.0,0,0,18-APR-2022,
OPTIDX,BANKNIFTY,12-May-2022,34000.0,PE,0.0,0.0,0.0,272.15,248.05,0,0.0,0,0,18-APR-2022,
OPTIDX,BANKNIFTY,12-May-2022,34100.0,PE,0.0,0.0,0.0,288.5,265.8,0,0.0,0,0,18-APR-2022,
OPTIDX,BANKNIFTY,12-May-2022,34200.0,PE,0.0,0.0,0.0,305.6,284.5,0,0.0,0,0,18-APR-2022,
OPTIDX,BANKNIFTY,12-May-2022,34300.0,PE,0.0,0.0,0.0,323.4,304.15,0,0.0,0,0,18-APR-2022,
OPTIDX,BANKNIFTY,12-May-2022,34400.0,PE,0.0,0.0,0.0,342.0,324.85,0,0.0,0,0,18-APR-2022,
OPTIDX,BANKNIFTY,12-May-2022,34500.0,PE,0.0,0.0,0.0,361.4,346.55,0,0.0,0,0,18-APR-2022,
OPTIDX,BANKNIFTY,12-May-2022,34600.0,PE,0.0,0.0,0.0,381.6,369.3,0,0.0,0,0,18-APR-2022,
OPTIDX,BANKNIFTY,12-May-2022,34700.0,PE,0.0,0.0,0.0,402.6,393.15,0,0.0,0,0,18-APR-2022,
OPTIDX,BANKNIFTY,12-May-2022,34800.0,PE,0.0,0.0,0.0,424.45,419.5,0,0.0,0,0,18-APR-2022,
OPTIDX,BANKNIFTY,12-May-2022,34900.0,PE,0.0,0.0,0.0,447.2,445.4,0,0.0,0,0,18-APR-2022,
OPTIDX,BANKNIFTY,12-May-2022,35000.0,PE,0.0,0.0,0.0,470.75,472.5,0,0.0,0,0,18-APR-2022,
OPTIDX,BANKNIFTY,12-May-2022,35100.0,PE,0.0,0.0,0.0,495.25,499.4,0,0.0,0,0,18-APR-2022,
OPTIDX,BANKNIFTY,12-May-2022,35200.0,PE,0.0,0.0,0.0,522.0,529.05,0,0.0,0,0,18-APR-2022,
OPTIDX,BANKNIFTY,12-May-2022,35300.0,PE,0.0,0.0,0.0,548.15,559.9,0,0.0,0,0,18-APR-2022,
OPTIDX,BANKNIFTY,12-May-2022,35400.0,PE,0.0,0.0,0.0,575.3,591.95,0,0.0,0,0,18-APR-2022,
OPTIDX,BANKNIFTY,12-May-2022,35500.0,PE,0.0,0.0,0.0,601.85,625.3,0,0.0,0,0,18-APR-2022,
OPTIDX,BANKNIFTY,12-May-2022,35600.0,PE,0.0,0.0,0.0,631.05,659.9,0,0.0,0,0,18-APR-2022,
OPTIDX,BANKNIFTY,12-May-2022,35700.0,PE,0.0,0.0,0.0,661.2,695.8,0,0.0,0,0,18-APR-2022,
OPTIDX,BANKNIFTY,12-May-2022,35800.0,PE,0.0,0.0,0.0,692.35,732.95,0,0.0,0,0,18-APR-2022,
OPTIDX,BANKNIFTY,12-May-2022,35900.0,PE,0.0,0.0,0.0,724.5,771.45,0,0.0,0,0,18-APR-2022,
OPTIDX,BANKNIFTY,12-May-2022,36000.0,PE,580.0,625.05,456.8,471.2,471.2,14,127.97,225,175,18-APR-2022,
OPTIDX,BANKNIFTY,12-May-2022,36100.0,PE,0.0,0.0,0.0,791.9,852.35,0,0.0,0,0,18-APR-2022,
OPTIDX,BANKNIFTY,12-May-2022,36200.0,PE,0.0,0.0,0.0,827.1,894.8,0,0.0,0,0,18-APR-2022,
OPTIDX,BANKNIFTY,12-May-2022,36300.0,PE,0.0,0.0,0.0,863.35,938.55,0,0.0,0,0,18-APR-2022,
OPTIDX,BANKNIFTY,12-May-2022,36400.0,PE,609.7,609.8,609.7,609.75,609.75,2,18.5,50,50,18-APR-2022,
OPTIDX,BANKNIFTY,12-May-2022,36500.0,PE,729.3,735.0,691.85,735.0,1030.1,3,27.91,50,50,18-APR-2022,
OPTIDX,BANKNIFTY,12-May-2022,36600.0,PE,760.0,800.0,760.0,800.0,1077.85,3,28.03,25,25,18-APR-2022,
OPTIDX,BANKNIFTY,12-May-2022,36700.0,PE,0.0,0.0,0.0,1018.85,1127.0,0,0.0,0,0,18-APR-2022,
OPTIDX,BANKNIFTY,12-May-2022,36800.0,PE,923.5,930.0,850.0,850.0,1177.25,5,47.13,25,0,18-APR-2022,
OPTIDX,BANKNIFTY,12-May-2022,36900.0,PE,1024.6,1024.6,986.05,986.05,1229.05,2,18.95,50,0,18-APR-2022,
OPTIDX,BANKNIFTY,12-May-2022,37000.0,PE,871.45,1065.0,871.45,901.55,1282.15,5,47.44,150,50,18-APR-2022,
OPTIDX,BANKNIFTY,12-May-2022,37100.0,PE,1150.0,1150.0,873.6,873.6,873.6,7,66.79,100,75,18-APR-2022,
OPTIDX,BANKNIFTY,12-May-2022,37200.0,PE,0.0,0.0,0.0,1237.1,1392.25,0,0.0,0,0,18-APR-2022,
OPTIDX,BANKNIFTY,12-May-2022,37300.0,PE,0.0,0.0,0.0,1284.0,1449.25,0,0.0,0,0,18-APR-2022,
OPTIDX,BANKNIFTY,12-May-2022,37400.0,PE,1256.2,1256.2,1256.2,1256.2,1507.55,1,9.66,25,25,18-APR-2022,
OPTIDX,BANKNIFTY,12-May-2022,37500.0,PE,815.05,1240.0,799.2,1190.0,1567.15,23,221.71,225,200,18-APR-2022,
OPTIDX,BANKNIFTY,12-May-2022,37600.0,PE,0.0,0.0,0.0,1430.85,1627.95,0,0.0,0,0,18-APR-2022,
OPTIDX,BANKNIFTY,12-May-2022,37700.0,PE,1365.25,1365.25,1365.25,1365.25,1690.05,1,9.76,75,-25,18-APR-2022,
OPTIDX,BANKNIFTY,12-May-2022,37800.0,PE,0.0,0.0,0.0,1534.2,1753.35,0,0.0,0,0,18-APR-2022,
OPTIDX,BANKNIFTY,12-May-2022,37900.0,PE,0.0,0.0,0.0,1587.45,1817.85,0,0.0,0,0,18-APR-2022,
OPTIDX,BANKNIFTY,12-May-2022,38000.0,PE,0.0,0.0,0.0,1641.75,1883.55,0,0.0,0,0,18-APR-2022,
OPTIDX,BANKNIFTY,12-May-2022,38100.0,PE,0.0,0.0,0.0,1697.1,1950.45,0,0.0,0,0,18-APR-2022,
OPTIDX,BANKNIFTY,12-May-2022,38200.0,PE,0.0,0.0,0.0,1753.5,2018.5,0,0.0,0,0,18-APR-2022,
OPTIDX,BANKNIFTY,12-May-2022,38300.0,PE,0.0,0.0,0.0,1810.95,2087.65,0,0.0,0,0,18-APR-2022,
OPTIDX,BANKNIFTY,12-May-2022,38400.0,PE,0.0,0.0,0.0,1869.35,2157.95,0,0.0,0,0,18-APR-2022,
OPTIDX,BANKNIFTY,12-May-2022,38500.0,PE,1441.1,1441.1,1441.1,1441.1,2229.35,2,19.97,50,50,18-APR-2022,
OPTIDX,BANKNIFTY,12-May-2022,38600.0,PE,0.0,0.0,0.0,1989.3,2301.8,0,0.0,0,0,18-APR-2022,
OPTIDX,BANKNIFTY,12-May-2022,38700.0,PE,0.0,0.0,0.0,2050.75,2375.3,0,0.0,0,0,18-APR-2022,
OPTIDX,BANKNIFTY,12-May-2022,38800.0,PE,0.0,0.0,0.0,2113.2,2451.5,0,0.0,0,0,18-APR-2022,
OPTIDX,BANKNIFTY,12-May-2022,38900.0,PE,0.0,0.0,0.0,2176.6,2527.2,0,0.0,0,0,18-APR-2022,
OPTIDX,BANKNIFTY,12-May-2022,39000.0,PE,0.0,0.0,0.0,2241.0,2602.4,0,0.0,0,0,18-APR-2022,
OPTIDX,BANKNIFTY,12-May-2022,39100.0,PE,0.0,0.0,0.0,2306.35,2679.85,0,0.0,0,0,18-APR-2022,
OPTIDX,BANKNIFTY,12-May-2022,39200.0,PE,0.0,0.0,0.0,2372.6,2758.25,0,0.0,0,0,18-APR-2022,
OPTIDX,BANKNIFTY,12-May-2022,39300.0,PE,0.0,0.0,0.0,2439.8,2837.55,0,0.0,0,0,18-APR-2022,
OPTIDX,BANKNIFTY,12-May-2022,39400.0,PE,0.0,0.0,0.0,2507.95,2917.7,0,0.0,0,0,18-APR-2022,
OPTIDX,BANKNIFTY,12-May-2022,39500.0,PE,0.0,0.0,0.0,2576.95,2998.7,0,0.0,0,0,18-APR-2022,
OPTIDX,BANKNIFTY,12-May-2022,39600.0,PE,0.0,0.0,0.0,2646.85,3080.55,0,0.0,0,0,18-APR-2022,
OPTIDX,BANKNIFTY,12-May-2022,39700.0,PE,0.0,0.0,0.0,2717.65,3163.15,0,0.0,0,0,18-APR-2022,
OPTIDX,BANKNIFTY,12-May-2022,39800.0,PE,0.0,0.0,0.0,2789.25,3246.55,0,0.0,0,0,18-APR-2022,
OPTIDX,BANKNIFTY,12-May-2022,39900.0,PE,0.0,0.0,0.0,2861.75,3330.7,0,0.0,0,0,18-APR-2022,
OPTIDX,BANKNIFTY,12-May-2022,40000.0,PE,0.0,0.0,0.0,2935.05,3415.55,0,0.0,0,0,18-APR-2022,
OPTIDX,BANKNIFTY,12-May-2022,40100.0,PE,0.0,0.0,0.0,3010.85,3501.1,0,0.0,0,0,18-APR-2022,
OPTIDX,BANKNIFTY,12-May-2022,40200.0,PE,0.0,0.0,0.0,3085.9,3587.35,0,0.0,0,0,18-APR-2022,
OPTIDX,BANKNIFTY,12-May-2022,40300.0,PE,0.0,0.0,0.0,3161.75,3674.25,0,0.0,0,0,18-APR-2022,
OPTIDX,BANKNIFTY,12-May-2022,40400.0,PE,0.0,0.0,0.0,3238.4,3761.75,0,0.0,0,0,18-APR-2022,
OPTIDX,BANKNIFTY,12-May-2022,40500.0,PE,0.0,0.0,0.0,3314.2,3849.85,0,0.0,0,0,18-APR-2022,
OPTIDX,BANKNIFTY,12-May-2022,40600.0,PE,0.0,0.0,0.0,3392.15,3938.55,0,0.0,0,0,18-APR-2022,
OPTIDX,BANKNIFTY,12-May-2022,40700.0,PE,0.0,0.0,0.0,3470.85,4027.8,0,0.0,0,0,18-APR-2022,
OPTIDX,BANKNIFTY,12-May-2022,40800.0,PE,0.0,0.0,0.0,3550.25,4117.6,0,0.0,0,0,18-APR-2022,
OPTIDX,BANKNIFTY,12-May-2022,40900.0,PE,0.0,0.0,0.0,3630.3,4207.9,0,0.0,0,0,18-APR-2022,
OPTIDX,BANKNIFTY,12-May-2022,41000.0,PE,0.0,0.0,0.0,3711.05,4298.7,0,0.0,0,0,18-APR-2022,
OPTIDX,BANKNIFTY,12-May-2022,41100.0,PE,0.0,0.0,0.0,3792.45,4389.95,0,0.0,0,0,18-APR-2022,
OPTIDX,BANKNIFTY,12-May-2022,41200.0,PE,0.0,0.0,0.0,3874.5,4481.7,0,0.0,0,0,18-APR-2022,
OPTIDX,BANKNIFTY,12-May-2022,41300.0,PE,0.0,0.0,0.0,3957.15,4573.85,0,0.0,0,0,18-APR-2022,
OPTIDX,BANKNIFTY,12-May-2022,41400.0,PE,0.0,0.0,0.0,4040.4,4666.4,0,0.0,0,0,18-APR-2022,
OPTIDX,BANKNIFTY,12-May-2022,41500.0,PE,0.0,0.0,0.0,4124.25,4759.4,0,0.0,0,0,18-APR-2022,
OPTIDX,BANKNIFTY,12-May-2022,41600.0,PE,0.0,0.0,0.0,4208.7,4852.7,0,0.0,0,0,18-APR-2022,
OPTIDX,BANKNIFTY,12-May-2022,41700.0,PE,0.0,0.0,0.0,4100.0,4946.4,0,0.0,0,0,18-APR-2022,
OPTIDX,BANKNIFTY,12-May-2022,41800.0,PE,0.0,0.0,0.0,4185.45,5040.45,0,0.0,0,0,18-APR-2022,
OPTIDX,BANKNIFTY,19-May-2022,33500.0,CE,0.0,0.0,0.0,4264.35,3602.95,0,0.0,0,0,18-APR-2022,
OPTIDX,BANKNIFTY,19-May-2022,33600.0,CE,0.0,0.0,0.0,4176.85,3519.85,0,0.0,0,0,18-APR-2022,
OPTIDX,BANKNIFTY,19-May-2022,33700.0,CE,0.0,0.0,0.0,4090.05,3437.5,0,0.0,0,0,18-APR-2022,
OPTIDX,BANKNIFTY,19-May-2022,33800.0,CE,0.0,0.0,0.0,4003.9,3356.0,0,0.0,0,0,18-APR-2022,
OPTIDX,BANKNIFTY,19-May-2022,33900.0,CE,0.0,0.0,0.0,3918.45,3275.35,0,0.0,0,0,18-APR-2022,
OPTIDX,BANKNIFTY,19-May-2022,34000.0,CE,0.0,0.0,0.0,3833.7,3195.6,0,0.0,0,0,18-APR-2022,
OPTIDX,BANKNIFTY,19-May-2022,34100.0,CE,0.0,0.0,0.0,3749.65,3116.75,0,0.0,0,0,18-APR-2022,
OPTIDX,BANKNIFTY,19-May-2022,34200.0,CE,0.0,0.0,0.0,3666.4,3038.75,0,0.0,0,0,18-APR-2022,
OPTIDX,BANKNIFTY,19-May-2022,34300.0,CE,0.0,0.0,0.0,3583.95,2961.75,0,0.0,0,0,18-APR-2022,
OPTIDX,BANKNIFTY,19-May-2022,34400.0,CE,0.0,0.0,0.0,3502.25,2885.7,0,0.0,0,0,18-APR-2022,
OPTIDX,BANKNIFTY,19-May-2022,34500.0,CE,0.0,0.0,0.0,3421.35,2810.6,0,0.0,0,0,18-APR-2022,
OPTIDX,BANKNIFTY,19-May-2022,34600.0,CE,0.0,0.0,0.0,3341.35,2737.75,0,0.0,0,0,18-APR-2022,
OPTIDX,BANKNIFTY,19-May-2022,34700.0,CE,0.0,0.0,0.0,3262.15,2664.55,0,0.0,0,0,18-APR-2022,
OPTIDX,BANKNIFTY,19-May-2022,34800.0,CE,0.0,0.0,0.0,3183.85,2592.3,0,0.0,0,0,18-APR-2022,
OPTIDX,BANKNIFTY,19-May-2022,34900.0,CE,0.0,0.0,0.0,3106.45,2519.8,0,0.0,0,0,18-APR-2022,
OPTIDX,BANKNIFTY,19-May-2022,35000.0,CE,0.0,0.0,0.0,3029.95,2449.85,0,0.0,0,0,18-APR-2022,
OPTIDX,BANKNIFTY,19-May-2022,35100.0,CE,0.0,0.0,0.0,2954.4,2381.0,0,0.0,0,0,18-APR-2022,
OPTIDX,BANKNIFTY,19-May-2022,35200.0,CE,0.0,0.0,0.0,2881.2,2313.25,0,0.0,0,0,18-APR-2022,
OPTIDX,BANKNIFTY,19-May-2022,35300.0,CE,0.0,0.0,0.0,2807.4,2246.6,0,0.0,0,0,18-APR-2022,
OPTIDX,BANKNIFTY,19-May-2022,35400.0,CE,0.0,0.0,0.0,2734.6,2181.05,0,0.0,0,0,18-APR-2022,
OPTIDX,BANKNIFTY,19-May-2022,35500.0,CE,0.0,0.0,0.0,2661.25,2116.6,0,0.0,0,0,18-APR-2022,
OPTIDX,BANKNIFTY,19-May-2022,35600.0,CE,0.0,0.0,0.0,2590.65,2053.35,0,0.0,0,0,18-APR-2022,
OPTIDX,BANKNIFTY,19-May-2022,35700.0,CE,0.0,0.0,0.0,2521.05,1991.2,0,0.0,0,0,18-APR-2022,
OPTIDX,BANKNIFTY,19-May-2022,35800.0,CE,0.0,0.0,0.0,2452.5,1930.2,0,0.0,0,0,18-APR-2022,
OPTIDX,BANKNIFTY,19-May-2022,35900.0,CE,0.0,0.0,0.0,2385.0,1870.35,0,0.0,0,0,18-APR-2022,
OPTIDX,BANKNIFTY,19-May-2022,36000.0,CE,0.0,0.0,0.0,2318.55,1811.7,0,0.0,0,0,18-APR-2022,
OPTIDX,BANKNIFTY,19-May-2022,36100.0,CE,0.0,0.0,0.0,2253.2,1754.15,0,0.0,0,0,18-APR-2022,
OPTIDX,BANKNIFTY,19-May-2022,36200.0,CE,0.0,0.0,0.0,2188.95,1697.85,0,0.0,0,0,18-APR-2022,
OPTIDX,BANKNIFTY,19-May-2022,36300.0,CE,0.0,0.0,0.0,2125.75,1642.7,0,0.0,0,0,18-APR-2022,
OPTIDX,BANKNIFTY,19-May-2022,36400.0,CE,0.0,0.0,0.0,2063.7,1588.7,0,0.0,0,0,18-APR-2022,
OPTIDX,BANKNIFTY,19-May-2022,36500.0,CE,0.0,0.0,0.0,2002.75,1535.9,0,0.0,0,0,18-APR-2022,
OPTIDX,BANKNIFTY,19-May-2022,36600.0,CE,0.0,0.0,0.0,1942.9,1484.25,0,0.0,0,0,18-APR-2022,
OPTIDX,BANKNIFTY,19-May-2022,36700.0,CE,0.0,0.0,0.0,1884.15,1433.8,0,0.0,0,0,18-APR-2022,
OPTIDX,BANKNIFTY,19-May-2022,36800.0,CE,0.0,0.0,0.0,1826.6,1384.35,0,0.0,0,0,18-APR-2022,
OPTIDX,BANKNIFTY,19-May-2022,36900.0,CE,0.0,0.0,0.0,1770.1,1336.25,0,0.0,0,0,18-APR-2022,
OPTIDX,BANKNIFTY,19-May-2022,37000.0,CE,1700.0,1700.0,950.0,950.0,1289.3,2,19.16,50,50,18-APR-2022,
OPTIDX,BANKNIFTY,19-May-2022,37100.0,CE,0.0,0.0,0.0,1660.6,1243.5,0,0.0,0,0,18-APR-2022,
OPTIDX,BANKNIFTY,19-May-2022,37200.0,CE,0.0,0.0,0.0,1607.5,1198.85,0,0.0,0,0,18-APR-2022,
OPTIDX,BANKNIFTY,19-May-2022,37300.0,CE,0.0,0.0,0.0,1555.6,1155.35,0,0.0,0,0,18-APR-2022,
OPTIDX,BANKNIFTY,19-May-2022,37400.0,CE,0.0,0.0,0.0,1504.75,1112.95,0,0.0,0,0,18-APR-2022,
OPTIDX,BANKNIFTY,19-May-2022,37500.0,CE,0.0,0.0,0.0,1454.95,1071.7,0,0.0,0,0,18-APR-2022,
OPTIDX,BANKNIFTY,19-May-2022,37600.0,CE,32.9,810.45,32.6,327.55,327.55,27,256.01,0,0,18-APR-2022,
OPTIDX,BANKNIFTY,19-May-2022,37700.0,CE,0.0,0.0,0.0,1359.0,992.55,0,0.0,0,0,18-APR-2022,
OPTIDX,BANKNIFTY,19-May-2022,37800.0,CE,0.0,0.0,0.0,1312.7,954.65,0,0.0,0,0,18-APR-2022,
OPTIDX,BANKNIFTY,19-May-2022,37900.0,CE,0.0,0.0,0.0,1267.5,917.8,0,0.0,0,0,18-APR-2022,
OPTIDX,BANKNIFTY,19-May-2022,38000.0,CE,0.0,0.0,0.0,1223.4,882.0,0,0.0,0,0,18-APR-2022,
OPTIDX,BANKNIFTY,19-May-2022,38100.0,CE,0.0,0.0,0.0,1180.4,847.25,0,0.0,0,0,18-APR-2022,
OPTIDX,BANKNIFTY,19-May-2022,38200.0,CE,0.0,0.0,0.0,1138.5,813.6,0,0.0,0,0,18-APR-2022,
OPTIDX,BANKNIFTY,19-May-2022,38300.0,CE,0.0,0.0,0.0,1097.7,780.9,0,0.0,0,0,18-APR-2022,
OPTIDX,BANKNIFTY,19-May-2022,38400.0,CE,0.0,0.0,0.0,1057.95,749.25,0,0.0,0,0,18-APR-2022,
OPTIDX,BANKNIFTY,19-May-2022,38500.0,CE,0.0,0.0,0.0,1019.3,718.6,0,0.0,0,0,18-APR-2022,
OPTIDX,BANKNIFTY,19-May-2022,38600.0,CE,0.0,0.0,0.0,981.65,688.95,0,0.0,0,0,18-APR-2022,
OPTIDX,BANKNIFTY,19-May-2022,38700.0,CE,0.0,0.0,0.0,945.05,660.2,0,0.0,0,0,18-APR-2022,
OPTIDX,BANKNIFTY,19-May-2022,38800.0,CE,0.0,0.0,0.0,909.5,632.45,0,0.0,0,0,18-APR-2022,
OPTIDX,BANKNIFTY,19-May-2022,38900.0,CE,0.0,0.0,0.0,874.95,605.6,0,0.0,0,0,18-APR-2022,
OPTIDX,BANKNIFTY,19-May-2022,39000.0,CE,0.0,0.0,0.0,841.4,579.65,0,0.0,0,0,18-APR-2022,
OPTIDX,BANKNIFTY,19-May-2022,39100.0,CE,0.0,0.0,0.0,808.8,556.3,0,0.0,0,0,18-APR-2022,
OPTIDX,BANKNIFTY,19-May-2022,39200.0,CE,0.0,0.0,0.0,777.2,532.25,0,0.0,0,0,18-APR-2022,
OPTIDX,BANKNIFTY,19-May-2022,39300.0,CE,0.0,0.0,0.0,746.55,509.1,0,0.0,0,0,18-APR-2022,
OPTIDX,BANKNIFTY,19-May-2022,39400.0,CE,0.0,0.0,0.0,716.85,485.2,0,0.0,0,0,18-APR-2022,
OPTIDX,BANKNIFTY,19-May-2022,39500.0,CE,0.0,0.0,0.0,688.1,463.55,0,0.0,0,0,18-APR-2022,
OPTIDX,BANKNIFTY,19-May-2022,39600.0,CE,0.0,0.0,0.0,660.25,442.65,0,0.0,0,0,18-APR-2022,
OPTIDX,BANKNIFTY,19-May-2022,39700.0,CE,0.0,0.0,0.0,633.25,422.55,0,0.0,0,0,18-APR-2022,
OPTIDX,BANKNIFTY,19-May-2022,39800.0,CE,0.0,0.0,0.0,607.2,403.2,0,0.0,0,0,18-APR-2022,
OPTIDX,BANKNIFTY,19-May-2022,39900.0,CE,0.0,0.0,0.0,583.65,384.6,0,0.0,0,0,18-APR-2022,
OPTIDX,BANKNIFTY,19-May-2022,40000.0,CE,0.0,0.0,0.0,559.4,366.7,0,0.0,0,0,18-APR-2022,
OPTIDX,BANKNIFTY,19-May-2022,40100.0,CE,0.0,0.0,0.0,536.0,349.45,0,0.0,0,0,18-APR-2022,
OPTIDX,BANKNIFTY,19-May-2022,40200.0,CE,0.0,0.0,0.0,511.9,332.95,0,0.0,0,0,18-APR-2022,
OPTIDX,BANKNIFTY,19-May-2022,40300.0,CE,0.0,0.0,0.0,489.95,317.05,0,0.0,0,0,18-APR-2022,
OPTIDX,BANKNIFTY,19-May-2022,40400.0,CE,0.0,0.0,0.0,468.75,301.8,0,0.0,0,0,18-APR-2022,
OPTIDX,BANKNIFTY,19-May-2022,40500.0,CE,0.0,0.0,0.0,448.35,287.2,0,0.0,0,0,18-APR-2022,
OPTIDX,BANKNIFTY,19-May-2022,40600.0,CE,0.0,0.0,0.0,428.65,273.2,0,0.0,0,0,18-APR-2022,
OPTIDX,BANKNIFTY,19-May-2022,40700.0,CE,0.0,0.0,0.0,409.65,259.75,0,0.0,0,0,18-APR-2022,
OPTIDX,BANKNIFTY,19-May-2022,40800.0,CE,0.0,0.0,0.0,391.35,246.85,0,0.0,0,0,18-APR-2022,
OPTIDX,BANKNIFTY,19-May-2022,40900.0,CE,0.0,0.0,0.0,373.75,234.55,0,0.0,0,0,18-APR-2022,
OPTIDX,BANKNIFTY,19-May-2022,41000.0,CE,0.0,0.0,0.0,356.8,222.75,0,0.0,0,0,18-APR-2022,
OPTIDX,BANKNIFTY,19-May-2022,41100.0,CE,0.0,0.0,0.0,340.5,211.45,0,0.0,0,0,18-APR-2022,
OPTIDX,BANKNIFTY,19-May-2022,41200.0,CE,0.0,0.0,0.0,324.85,200.65,0,0.0,0,0,18-APR-2022,
OPTIDX,BANKNIFTY,19-May-2022,41300.0,CE,0.0,0.0,0.0,309.8,190.35,0,0.0,0,0,18-APR-2022,
OPTIDX,BANKNIFTY,19-May-2022,41400.0,CE,0.0,0.0,0.0,295.3,180.5,0,0.0,0,0,18-APR-2022,
OPTIDX,BANKNIFTY,19-May-2022,41500.0,CE,0.0,0.0,0.0,281.4,171.1,0,0.0,0,0,18-APR-2022,
OPTIDX,BANKNIFTY,19-May-2022,33500.0,PE,0.0,0.0,0.0,176.35,253.25,0,0.0,0,0,18-APR-2022,
OPTIDX,BANKNIFTY,19-May-2022,33600.0,PE,0.0,0.0,0.0,188.5,269.75,0,0.0,0,0,18-APR-2022,
OPTIDX,BANKNIFTY,19-May-2022,33700.0,PE,0.0,0.0,0.0,201.3,287.1,0,0.0,0,0,18-APR-2022,
OPTIDX,BANKNIFTY,19-May-2022,33800.0,PE,0.0,0.0,0.0,214.8,305.25,0,0.0,0,0,18-APR-2022,
OPTIDX,BANKNIFTY,19-May-2022,33900.0,PE,0.0,0.0,0.0,228.95,324.25,0,0.0,0,0,18-APR-2022,
OPTIDX,BANKNIFTY,19-May-2022,34000.0,PE,0.0,0.0,0.0,243.85,344.1,0,0.0,0,0,18-APR-2022,
OPTIDX,BANKNIFTY,19-May-2022,34100.0,PE,0.0,0.0,0.0,259.45,364.85,0,0.0,0,0,18-APR-2022,
OPTIDX,BANKNIFTY,19-May-2022,34200.0,PE,0.0,0.0,0.0,275.8,386.55,0,0.0,0,0,18-APR-2022,
OPTIDX,BANKNIFTY,19-May-2022,34300.0,PE,0.0,0.0,0.0,292.95,409.15,0,0.0,0,0,18-APR-2022,
OPTIDX,BANKNIFTY,19-May-2022,34400.0,PE,0.0,0.0,0.0,310.9,432.75,0,0.0,0,0,18-APR-2022,
OPTIDX,BANKNIFTY,19-May-2022,34500.0,PE,0.0,0.0,0.0,329.65,457.3,0,0.0,0,0,18-APR-2022,
OPTIDX,BANKNIFTY,19-May-2022,34600.0,PE,0.0,0.0,0.0,349.25,484.1,0,0.0,0,0,18-APR-2022,
OPTIDX,BANKNIFTY,19-May-2022,34700.0,PE,0.0,0.0,0.0,369.7,510.5,0,0.0,0,0,18-APR-2022,
OPTIDX,BANKNIFTY,19-May-2022,34800.0,PE,0.0,0.0,0.0,391.05,537.95,0,0.0,0,0,18-APR-2022,
OPTIDX,BANKNIFTY,19-May-2022,34900.0,PE,0.0,0.0,0.0,413.25,565.05,0,0.0,0,0,18-APR-2022,
OPTIDX,BANKNIFTY,19-May-2022,35000.0,PE,0.0,0.0,0.0,436.4,594.75,0,0.0,0,0,18-APR-2022,
OPTIDX,BANKNIFTY,19-May-2022,35100.0,PE,0.0,0.0,0.0,460.45,625.55,0,0.0,0,0,18-APR-2022,
OPTIDX,BANKNIFTY,19-May-2022,35200.0,PE,0.0,0.0,0.0,486.85,657.4,0,0.0,0,0,18-APR-2022,
OPTIDX,BANKNIFTY,19-May-2022,35300.0,PE,0.0,0.0,0.0,512.7,690.4,0,0.0,0,0,18-APR-2022,
OPTIDX,BANKNIFTY,19-May-2022,35400.0,PE,0.0,0.0,0.0,539.55,724.5,0,0.0,0,0,18-APR-2022,
OPTIDX,BANKNIFTY,19-May-2022,35500.0,PE,0.0,0.0,0.0,565.85,759.7,0,0.0,0,0,18-APR-2022,
OPTIDX,BANKNIFTY,19-May-2022,35600.0,PE,0.0,0.0,0.0,594.85,796.05,0,0.0,0,0,18-APR-2022,
OPTIDX,BANKNIFTY,19-May-2022,35700.0,PE,0.0,0.0,0.0,624.9,833.55,0,0.0,0,0,18-APR-2022,
OPTIDX,BANKNIFTY,19-May-2022,35800.0,PE,0.0,0.0,0.0,655.95,872.2,0,0.0,0,0,18-APR-2022,
OPTIDX,BANKNIFTY,19-May-2022,35900.0,PE,0.0,0.0,0.0,688.1,912.0,0,0.0,0,0,18-APR-2022,
OPTIDX,BANKNIFTY,19-May-2022,36000.0,PE,0.0,0.0,0.0,721.3,952.95,0,0.0,0,0,18-APR-2022,
OPTIDX,BANKNIFTY,19-May-2022,36100.0,PE,0.0,0.0,0.0,755.55,995.1,0,0.0,0,0,18-APR-2022,
OPTIDX,BANKNIFTY,19-May-2022,36200.0,PE,0.0,0.0,0.0,790.9,1038.4,0,0.0,0,0,18-APR-2022,
OPTIDX,BANKNIFTY,19-May-2022,36300.0,PE,0.0,0.0,0.0,827.35,1082.9,0,0.0,0,0,18-APR-2022,
OPTIDX,BANKNIFTY,19-May-2022,36400.0,PE,0.0,0.0,0.0,864.9,1128.55,0,0.0,0,0,18-APR-2022,
OPTIDX,BANKNIFTY,19-May-2022,36500.0,PE,0.0,0.0,0.0,903.6,1175.35,0,0.0,0,0,18-APR-2022,
OPTIDX,BANKNIFTY,19-May-2022,36600.0,PE,0.0,0.0,0.0,943.35,1223.4,0,0.0,0,0,18-APR-2022,
OPTIDX,BANKNIFTY,19-May-2022,36700.0,PE,0.0,0.0,0.0,984.3,1272.55,0,0.0,0,0,18-APR-2022,
OPTIDX,BANKNIFTY,19-May-2022,36800.0,PE,0.0,0.0,0.0,1026.3,1322.75,0,0.0,0,0,18-APR-2022,
OPTIDX,BANKNIFTY,19-May-2022,36900.0,PE,0.0,0.0,0.0,1069.5,1374.3,0,0.0,0,0,18-APR-2022,
OPTIDX,BANKNIFTY,19-May-2022,37000.0,PE,0.0,0.0,0.0,1113.75,1426.95,0,0.0,0,0,18-APR-2022,
OPTIDX,BANKNIFTY,19-May-2022,37100.0,PE,0.0,0.0,0.0,1159.2,1480.8,0,0.0,0,0,18-APR-2022,
OPTIDX,BANKNIFTY,19-May-2022,37200.0,PE,0.0,0.0,0.0,1205.75,1535.8,0,0.0,0,0,18-APR-2022,
OPTIDX,BANKNIFTY,19-May-2022,37300.0,PE,0.0,0.0,0.0,1253.45,1591.95,0,0.0,0,0,18-APR-2022,
OPTIDX,BANKNIFTY,19-May-2022,37400.0,PE,0.0,0.0,0.0,1302.3,1649.2,0,0.0,0,0,18-APR-2022,
OPTIDX,BANKNIFTY,19-May-2022,37500.0,PE,0.0,0.0,0.0,1352.1,1707.6,0,0.0,0,0,18-APR-2022,
OPTIDX,BANKNIFTY,19-May-2022,37600.0,PE,0.0,0.0,0.0,1403.15,1767.1,0,0.0,0,0,18-APR-2022,
OPTIDX,BANKNIFTY,19-May-2022,37700.0,PE,0.0,0.0,0.0,1455.4,1827.7,0,0.0,0,0,18-APR-2022,
OPTIDX,BANKNIFTY,19-May-2022,37800.0,PE,0.0,0.0,0.0,1508.7,1889.45,0,0.0,0,0,18-APR-2022,
OPTIDX,BANKNIFTY,19-May-2022,37900.0,PE,0.0,0.0,0.0,1563.15,1952.2,0,0.0,0,0,18-APR-2022,
OPTIDX,BANKNIFTY,19-May-2022,38000.0,PE,0.0,0.0,0.0,1618.7,2016.1,0,0.0,0,0,18-APR-2022,
OPTIDX,BANKNIFTY,19-May-2022,38100.0,PE,0.0,0.0,0.0,1675.3,2081.0,0,0.0,0,0,18-APR-2022,
OPTIDX,BANKNIFTY,19-May-2022,38200.0,PE,0.0,0.0,0.0,1733.05,2146.95,0,0.0,0,0,18-APR-2022,
OPTIDX,BANKNIFTY,19-May-2022,38300.0,PE,0.0,0.0,0.0,1791.85,2213.9,0,0.0,0,0,18-APR-2022,
OPTIDX,BANKNIFTY,19-May-2022,38400.0,PE,0.0,0.0,0.0,1851.75,2281.9,0,0.0,0,0,18-APR-2022,
OPTIDX,BANKNIFTY,19-May-2022,38500.0,PE,0.0,0.0,0.0,1912.7,2350.9,0,0.0,0,0,18-APR-2022,
OPTIDX,BANKNIFTY,19-May-2022,38600.0,PE,0.0,0.0,0.0,1974.7,2420.85,0,0.0,0,0,18-APR-2022,
OPTIDX,BANKNIFTY,19-May-2022,38700.0,PE,0.0,0.0,0.0,2037.7,2491.75,0,0.0,0,0,18-APR-2022,
OPTIDX,BANKNIFTY,19-May-2022,38800.0,PE,0.0,0.0,0.0,2101.8,2563.65,0,0.0,0,0,18-APR-2022,
OPTIDX,BANKNIFTY,19-May-2022,38900.0,PE,0.0,0.0,0.0,2166.85,2636.4,0,0.0,0,0,18-APR-2022,
OPTIDX,BANKNIFTY,19-May-2022,39000.0,PE,0.0,0.0,0.0,2232.95,2710.1,0,0.0,0,0,18-APR-2022,
OPTIDX,BANKNIFTY,19-May-2022,39100.0,PE,0.0,0.0,0.0,2300.0,2786.4,0,0.0,0,0,18-APR-2022,
OPTIDX,BANKNIFTY,19-May-2022,39200.0,PE,0.0,0.0,0.0,2368.0,2862.05,0,0.0,0,0,18-APR-2022,
OPTIDX,BANKNIFTY,19-May-2022,39300.0,PE,0.0,0.0,0.0,2437.0,2938.5,0,0.0,0,0,18-APR-2022,
OPTIDX,BANKNIFTY,19-May-2022,39400.0,PE,0.0,0.0,0.0,2506.95,3014.25,0,0.0,0,0,18-APR-2022,
OPTIDX,BANKNIFTY,19-May-2022,39500.0,PE,0.0,0.0,0.0,2577.8,3092.2,0,0.0,0,0,18-APR-2022,
OPTIDX,BANKNIFTY,19-May-2022,39600.0,PE,0.0,0.0,0.0,2649.55,3171.0,0,0.0,0,0,18-APR-2022,
OPTIDX,BANKNIFTY,19-May-2022,39700.0,PE,0.0,0.0,0.0,2722.2,3250.5,0,0.0,0,0,18-APR-2022,
OPTIDX,BANKNIFTY,19-May-2022,39800.0,PE,0.0,0.0,0.0,2795.75,3330.8,0,0.0,0,0,18-APR-2022,
OPTIDX,BANKNIFTY,19-May-2022,39900.0,PE,0.0,0.0,0.0,2871.85,3411.8,0,0.0,0,0,18-APR-2022,
OPTIDX,BANKNIFTY,19-May-2022,40000.0,PE,0.0,0.0,0.0,2947.25,3493.55,0,0.0,0,0,18-APR-2022,
OPTIDX,BANKNIFTY,19-May-2022,40100.0,PE,0.0,0.0,0.0,3023.5,3576.0,0,0.0,0,0,18-APR-2022,
OPTIDX,BANKNIFTY,19-May-2022,40200.0,PE,0.0,0.0,0.0,3099.0,3659.1,0,0.0,0,0,18-APR-2022,
OPTIDX,BANKNIFTY,19-May-2022,40300.0,PE,0.0,0.0,0.0,3176.65,3742.85,0,0.0,0,0,18-APR-2022,
OPTIDX,BANKNIFTY,19-May-2022,40400.0,PE,0.0,0.0,0.0,3255.1,3827.25,0,0.0,0,0,18-APR-2022,
OPTIDX,BANKNIFTY,19-May-2022,40500.0,PE,0.0,0.0,0.0,3334.3,3912.3,0,0.0,0,0,18-APR-2022,
OPTIDX,BANKNIFTY,19-May-2022,40600.0,PE,0.0,0.0,0.0,3414.25,3997.9,0,0.0,0,0,18-APR-2022,
OPTIDX,BANKNIFTY,19-May-2022,40700.0,PE,0.0,0.0,0.0,3494.9,4084.1,0,0.0,0,0,18-APR-2022,
OPTIDX,BANKNIFTY,19-May-2022,40800.0,PE,0.0,0.0,0.0,3576.25,4170.85,0,0.0,0,0,18-APR-2022,
OPTIDX,BANKNIFTY,19-May-2022,40900.0,PE,0.0,0.0,0.0,3658.25,4258.2,0,0.0,0,0,18-APR-2022,
OPTIDX,BANKNIFTY,19-May-2022,41000.0,PE,0.0,0.0,0.0,3740.95,4346.0,0,0.0,0,0,18-APR-2022,
OPTIDX,BANKNIFTY,19-May-2022,41100.0,PE,0.0,0.0,0.0,3824.25,4434.35,0,0.0,0,0,18-APR-2022,
OPTIDX,BANKNIFTY,19-May-2022,41200.0,PE,0.0,0.0,0.0,3908.2,4523.2,0,0.0,0,0,18-APR-2022,
OPTIDX,BANKNIFTY,19-May-2022,41300.0,PE,0.0,0.0,0.0,3992.8,4612.55,0,0.0,0,0,18-APR-2022,
OPTIDX,BANKNIFTY,19-May-2022,41400.0,PE,0.0,0.0,0.0,4077.95,4702.3,0,0.0,0,0,18-APR-2022,
OPTIDX,BANKNIFTY,19-May-2022,41500.0,PE,0.0,0.0,0.0,4163.65,4792.55,0,0.0,0,0,18-APR-2022,
OPTIDX,BANKNIFTY,26-May-2022,28900.0,CE,0.0,0.0,0.0,4670.75,7966.15,0,0.0,0,0,18-APR-2022,
OPTIDX,BANKNIFTY,26-May-2022,29000.0,CE,0.0,0.0,0.0,4591.4,7867.6,0,0.0,0,0,18-APR-2022,
OPTIDX,BANKNIFTY,26-May-2022,29100.0,CE,0.0,0.0,0.0,4512.75,7769.15,0,0.0,0,0,18-APR-2022,
OPTIDX,BANKNIFTY,26-May-2022,29200.0,CE,0.0,0.0,0.0,4434.7,7670.85,0,0.0,0,0,18-APR-2022,
OPTIDX,BANKNIFTY,26-May-2022,29300.0,CE,0.0,0.0,0.0,4357.35,7572.6,0,0.0,0,0,18-APR-2022,
OPTIDX,BANKNIFTY,26-May-2022,29400.0,CE,0.0,0.0,0.0,4280.7,7474.5,0,0.0,0,0,18-APR-2022,
OPTIDX,BANKNIFTY,26-May-2022,29500.0,CE,0.0,0.0,0.0,8434.5,7376.55,0,0.0,0,0,18-APR-2022,
OPTIDX,BANKNIFTY,26-May-2022,29600.0,CE,0.0,0.0,0.0,4129.4,7278.7,0,0.0,0,0,18-APR-2022,
OPTIDX,BANKNIFTY,26-May-2022,29700.0,CE,0.0,0.0,0.0,4054.85,7181.0,0,0.0,0,0,18-APR-2022,
OPTIDX,BANKNIFTY,26-May-2022,29800.0,CE,0.0,0.0,0.0,3982.1,7083.45,0,0.0,0,0,18-APR-2022,
OPTIDX,BANKNIFTY,26-May-2022,29900.0,CE,0.0,0.0,0.0,3908.85,6986.1,0,0.0,0,0,18-APR-2022,
OPTIDX,BANKNIFTY,26-May-2022,30000.0,CE,6850.0,6850.0,6850.0,6850.0,6850.0,1,9.21,125,-25,18-APR-2022,
OPTIDX,BANKNIFTY,26-May-2022,30100.0,CE,0.0,0.0,0.0,3764.6,6791.85,0,0.0,0,0,18-APR-2022,
OPTIDX,BANKNIFTY,26-May-2022,30200.0,CE,0.0,0.0,0.0,3693.55,6695.05,0,0.0,0,0,18-APR-2022,
OPTIDX,BANKNIFTY,26-May-2022,30300.0,CE,0.0,0.0,0.0,3623.3,6598.45,0,0.0,0,0,18-APR-2022,
OPTIDX,BANKNIFTY,26-May-2022,30400.0,CE,0.0,0.0,0.0,4782.1,6502.1,0,0.0,0,0,18-APR-2022,
OPTIDX,BANKNIFTY,26-May-2022,30500.0,CE,0.0,0.0,0.0,4703.85,6405.95,0,0.0,0,0,18-APR-2022,
OPTIDX,BANKNIFTY,26-May-2022,30600.0,CE,0.0,0.0,0.0,4626.25,6310.05,0,0.0,0,0,18-APR-2022,
OPTIDX,BANKNIFTY,26-May-2022,30700.0,CE,0.0,0.0,0.0,4549.25,6214.4,0,0.0,0,0,18-APR-2022,
OPTIDX,BANKNIFTY,26-May-2022,30800.0,CE,0.0,0.0,0.0,4472.95,6119.05,0,0.0,0,0,18-APR-2022,
OPTIDX,BANKNIFTY,26-May-2022,30900.0,CE,0.0,0.0,0.0,4870.1,6024.0,0,0.0,0,0,18-APR-2022,
OPTIDX,BANKNIFTY,26-May-2022,31000.0,CE,0.0,0.0,0.0,6996.15,5929.25,0,0.0,75,0,18-APR-2022,
OPTIDX,BANKNIFTY,26-May-2022,31100.0,CE,0.0,0.0,0.0,4715.55,5834.8,0,0.0,0,0,18-APR-2022,
OPTIDX,BANKNIFTY,26-May-2022,31200.0,CE,0.0,0.0,0.0,4892.4,5740.7,0,0.0,0,0,18-APR-2022,
OPTIDX,BANKNIFTY,26-May-2022,31300.0,CE,0.0,0.0,0.0,4815.05,5647.0,0,0.0,0,0,18-APR-2022,
OPTIDX,BANKNIFTY,26-May-2022,31400.0,CE,0.0,0.0,0.0,4738.25,5553.6,0,0.0,0,0,18-APR-2022,
OPTIDX,BANKNIFTY,26-May-2022,31500.0,CE,0.0,0.0,0.0,6391.75,5460.65,0,0.0,25,0,18-APR-2022,
OPTIDX,BANKNIFTY,26-May-2022,31600.0,CE,0.0,0.0,0.0,4586.6,5368.05,0,0.0,0,0,18-APR-2022,
OPTIDX,BANKNIFTY,26-May-2022,31700.0,CE,0.0,0.0,0.0,4511.7,5275.9,0,0.0,0,0,18-APR-2022,
OPTIDX,BANKNIFTY,26-May-2022,31800.0,CE,0.0,0.0,0.0,4437.5,5184.2,0,0.0,0,0,18-APR-2022,
OPTIDX,BANKNIFTY,26-May-2022,31900.0,CE,0.0,0.0,0.0,4365.1,5092.95,0,0.0,0,0,18-APR-2022,
OPTIDX,BANKNIFTY,26-May-2022,32000.0,CE,5154.45,5271.5,4950.0,5068.75,5068.75,31,287.45,1100,375,18-APR-2022,
OPTIDX,BANKNIFTY,26-May-2022,32100.0,CE,0.0,0.0,0.0,4219.75,4911.9,0,0.0,0,0,18-APR-2022,
OPTIDX,BANKNIFTY,26-May-2022,32200.0,CE,0.0,0.0,0.0,4148.05,4822.1,0,0.0,0,0,18-APR-2022,
OPTIDX,BANKNIFTY,26-May-2022,32300.0,CE,0.0,0.0,0.0,4077.05,4732.9,0,0.0,0,0,18-APR-2022,
OPTIDX,BANKNIFTY,26-May-2022,32400.0,CE,0.0,0.0,0.0,4006.75,4644.2,0,0.0,0,0,18-APR-2022,
OPTIDX,BANKNIFTY,26-May-2022,32500.0,CE,0.0,0.0,0.0,5152.95,4556.1,0,0.0,0,0,18-APR-2022,
OPTIDX,BANKNIFTY,26-May-2022,32600.0,CE,0.0,0.0,0.0,3866.8,4468.55,0,0.0,0,0,18-APR-2022,
OPTIDX,BANKNIFTY,26-May-2022,32700.0,CE,0.0,0.0,0.0,3798.7,4381.65,0,0.0,0,0,18-APR-2022,
OPTIDX,BANKNIFTY,26-May-2022,32800.0,CE,0.0,0.0,0.0,3731.25,4295.35,0,0.0,0,0,18-APR-2022,
OPTIDX,BANKNIFTY,26-May-2022,32900.0,CE,0.0,0.0,0.0,3664.55,4209.7,0,0.0,0,0,18-APR-2022,
OPTIDX,BANKNIFTY,26-May-2022,33000.0,CE,4165.95,4231.35,3923.0,3923.0,4124.75,28,260.27,1450,425,18-APR-2022,
OPTIDX,BANKNIFTY,26-May-2022,33100.0,CE,0.0,0.0,0.0,3533.3,4040.45,0,0.0,0,0,18-APR-2022,
OPTIDX,BANKNIFTY,26-May-2022,33200.0,CE,0.0,0.0,0.0,3468.75,3956.85,0,0.0,0,0,18-APR-2022,
OPTIDX,BANKNIFTY,26-May-2022,33300.0,CE,0.0,0.0,0.0,3404.9,3874.0,0,0.0,0,0,18-APR-2022,
OPTIDX,BANKNIFTY,26-May-2022,33400.0,CE,0.0,0.0,0.0,3341.8,3791.85,0,0.0,0,0,18-APR-2022,
OPTIDX,BANKNIFTY,26-May-2022,33500.0,CE,3742.25,3780.95,3742.25,3780.95,3710.5,4,37.26,75,0,18-APR-2022,
OPTIDX,BANKNIFTY,26-May-2022,33600.0,CE,0.0,0.0,0.0,3217.8,3629.9,0,0.0,0,0,18-APR-2022,
OPTIDX,BANKNIFTY,26-May-2022,33700.0,CE,0.0,0.0,0.0,3156.95,3550.1,0,0.0,0,0,18-APR-2022,
OPTIDX,BANKNIFTY,26-May-2022,33800.0,CE,0.0,0.0,0.0,3096.75,3471.1,0,0.0,0,0,18-APR-2022,
OPTIDX,BANKNIFTY,26-May-2022,33900.0,CE,0.0,0.0,0.0,3037.35,3392.95,0,0.0,0,0,18-APR-2022,
OPTIDX,BANKNIFTY,26-May-2022,34000.0,CE,3500.0,3500.0,3063.0,3152.0,3152.0,82,762.72,2775,1025,18-APR-2022,
OPTIDX,BANKNIFTY,26-May-2022,34100.0,CE,0.0,0.0,0.0,2920.75,3239.15,0,0.0,0,0,18-APR-2022,
OPTIDX,BANKNIFTY,26-May-2022,34200.0,CE,0.0,0.0,0.0,2863.55,3163.55,0,0.0,0,0,18-APR-2022,
OPTIDX,BANKNIFTY,26-May-2022,34300.0,CE,0.0,0.0,0.0,2807.1,3090.25,0,0.0,0,0,18-APR-2022,
OPTIDX,BANKNIFTY,26-May-2022,34400.0,CE,0.0,0.0,0.0,2751.4,3016.35,0,0.0,0,0,18-APR-2022,
OPTIDX,BANKNIFTY,26-May-2022,34500.0,CE,2907.3,2961.6,2610.35,2814.9,2814.9,16,149.14,825,175,18-APR-2022,
OPTIDX,BANKNIFTY,26-May-2022,34600.0,CE,0.0,0.0,0.0,2642.25,2871.3,0,0.0,0,0,18-APR-2022,
OPTIDX,BANKNIFTY,26-May-2022,34700.0,CE,0.0,0.0,0.0,2588.75,2798.75,0,0.0,0,0,18-APR-2022,
OPTIDX,BANKNIFTY,26-May-2022,34800.0,CE,0.0,0.0,0.0,2536.05,2728.8,0,0.0,0,0,18-APR-2022,
OPTIDX,BANKNIFTY,26-May-2022,34900.0,CE,0.0,0.0,0.0,2260.0,2659.75,0,0.0,25,0,18-APR-2022,
OPTIDX,BANKNIFTY,26-May-2022,35000.0,CE,2465.2,2599.0,2225.4,2372.35,2372.35,576,5388.58,12450,6400,18-APR-2022,
OPTIDX,BANKNIFTY,26-May-2022,35100.0,CE,0.0,0.0,0.0,2844.7,2524.7,0,0.0,100,0,18-APR-2022,
OPTIDX,BANKNIFTY,26-May-2022,35200.0,CE,2200.0,2200.0,2200.0,2200.0,2458.7,1,9.35,125,0,18-APR-2022,
OPTIDX,BANKNIFTY,26-May-2022,35300.0,CE,2016.3,2016.3,2016.3,2016.3,2393.65,1,9.32,50,0,18-APR-2022,
OPTIDX,BANKNIFTY,26-May-2022,35400.0,CE,1980.85,2072.9,1946.35,2072.9,2329.7,6,56.12,150,0,18-APR-2022,
OPTIDX,BANKNIFTY,26-May-2022,35500.0,CE,2120.4,2183.75,1875.3,2022.65,2022.65,229,2147.39,4050,1200,18-APR-2022,
OPTIDX,BANKNIFTY,26-May-2022,35600.0,CE,0.0,0.0,0.0,2870.95,2204.8,0,0.0,200,0,18-APR-2022,
OPTIDX,BANKNIFTY,26-May-2022,35700.0,CE,1775.55,1833.0,1775.55,1799.85,2143.9,3,28.12,225,25,18-APR-2022,
OPTIDX,BANKNIFTY,26-May-2022,35800.0,CE,1740.0,1893.3,1678.55,1893.3,1893.3,14,131.48,850,250,18-APR-2022,
OPTIDX,BANKNIFTY,26-May-2022,35900.0,CE,1763.5,1839.6,1763.5,1839.4,1839.4,9,84.87,225,100,18-APR-2022,
OPTIDX,BANKNIFTY,26-May-2022,36000.0,CE,1795.0,1865.8,1547.9,1716.7,1716.7,1957,18433.45,33100,20550,18-APR-2022,
OPTIDX,BANKNIFTY,26-May-2022,36100.0,CE,1600.0,1600.0,1600.0,1600.0,1600.0,1,9.42,25,25,18-APR-2022,
OPTIDX,BANKNIFTY,26-May-2022,36200.0,CE,1677.3,1677.3,1466.15,1466.15,1855.3,7,66.15,250,75,18-APR-2022,
OPTIDX,BANKNIFTY,26-May-2022,36300.0,CE,1507.7,1536.2,1378.05,1496.65,1496.65,43,405.82,625,600,18-APR-2022,
OPTIDX,BANKNIFTY,26-May-2022,36400.0,CE,1541.95,1604.3,1311.05,1493.15,1493.15,71,670.95,1325,950,18-APR-2022,
OPTIDX,BANKNIFTY,26-May-2022,36500.0,CE,1509.15,1544.15,1249.15,1386.55,1386.55,3035,28718.16,36175,26600,18-APR-2022,
OPTIDX,BANKNIFTY,26-May-2022,36600.0,CE,1456.0,1456.0,1204.45,1331.95,1331.95,61,577.5,1050,675,18-APR-2022,
OPTIDX,BANKNIFTY,26-May-2022,36700.0,CE,1357.0,1380.0,1150.0,1273.15,1273.15,215,2040.21,2800,2425,18-APR-2022,
OPTIDX,BANKNIFTY,26-May-2022,36800.0,CE,1313.05,1365.0,1078.8,1236.85,1236.85,414,3936.4,4150,3650,18-APR-2022,
OPTIDX,BANKNIFTY,26-May-2022,36900.0,CE,1255.05,1312.0,1052.65,1172.7,1172.7,310,2950.71,3050,2725,18-APR-2022,
OPTIDX,BANKNIFTY,26-May-2022,37000.0,CE,1220.0,1263.95,999.7,1123.15,1123.15,5039,48046.93,54225,34450,18-APR-2022,
OPTIDX,BANKNIFTY,26-May-2022,37100.0,CE,1167.05,1190.0,960.0,1084.0,1084.0,54,515.54,850,575,18-APR-2022,
OPTIDX,BANKNIFTY,26-May-2022,37200.0,CE,1128.05,1152.0,914.0,1032.2,1032.2,287,2740.81,3825,3250,18-APR-2022,
OPTIDX,BANKNIFTY,26-May-2022,37300.0,CE,962.1,1106.0,869.1,990.2,990.2,314,3005.2,1850,1675,18-APR-2022,
OPTIDX,BANKNIFTY,26-May-2022,37400.0,CE,1022.05,1053.0,824.55,936.9,936.9,222,2127.7,1775,1275,18-APR-2022,
OPTIDX,BANKNIFTY,26-May-2022,37500.0,CE,1027.9,1028.0,785.45,888.9,888.9,3871,37172.31,57850,32425,18-APR-2022,
OPTIDX,BANKNIFTY,26-May-2022,37600.0,CE,935.0,958.95,747.0,840.85,840.85,153,1470.31,3225,175,18-APR-2022,
OPTIDX,BANKNIFTY,26-May-2022,37700.0,CE,915.05,916.05,726.05,808.8,808.8,137,1318.75,1975,850,18-APR-2022,
OPTIDX,BANKNIFTY,26-May-2022,37800.0,CE,840.05,869.95,678.3,714.5,714.5,129,1243.99,2000,775,18-APR-2022,
OPTIDX,BANKNIFTY,26-May-2022,37900.0,CE,820.0,832.95,646.85,705.8,705.8,128,1235.97,1750,1050,18-APR-2022,
OPTIDX,BANKNIFTY,26-May-2022,38000.0,CE,770.5,800.0,603.6,672.75,672.75,5491,53123.41,85850,14125,18-APR-2022,
OPTIDX,BANKNIFTY,26-May-2022,38100.0,CE,716.5,756.9,572.15,649.55,649.55,48,465.27,1225,450,18-APR-2022,
OPTIDX,BANKNIFTY,26-May-2022,38200.0,CE,730.0,730.0,545.9,585.65,585.65,70,679.48,1350,475,18-APR-2022,
OPTIDX,BANKNIFTY,26-May-2022,38300.0,CE,651.35,682.05,511.25,555.8,555.8,79,767.67,1625,675,18-APR-2022,
OPTIDX,BANKNIFTY,26-May-2022,38400.0,CE,618.9,642.6,486.0,544.8,544.8,304,2961.32,7600,3050,18-APR-2022,
OPTIDX,BANKNIFTY,26-May-2022,38500.0,CE,600.95,625.0,455.4,496.5,496.5,4812,46942.35,40875,17475,18-APR-2022,
OPTIDX,BANKNIFTY,26-May-2022,38600.0,CE,549.4,558.3,439.4,473.3,473.3,47,459.36,1475,200,18-APR-2022,
OPTIDX,BANKNIFTY,26-May-2022,38700.0,CE,518.1,518.1,414.0,445.3,445.3,29,283.78,775,150,18-APR-2022,
OPTIDX,BANKNIFTY,26-May-2022,38800.0,CE,429.15,471.35,395.0,407.6,407.6,31,304.03,1050,200,18-APR-2022,
OPTIDX,BANKNIFTY,26-May-2022,38900.0,CE,505.65,505.65,359.75,387.3,742.4,50,491.36,1325,50,18-APR-2022,
OPTIDX,BANKNIFTY,26-May-2022,39000.0,CE,501.0,501.0,336.2,375.2,375.2,6670,65692.49,71625,24450,18-APR-2022,
OPTIDX,BANKNIFTY,26-May-2022,39100.0,CE,404.8,418.15,334.2,334.2,687.4,25,246.71,475,-250,18-APR-2022,
OPTIDX,BANKNIFTY,26-May-2022,39200.0,CE,407.8,407.8,302.85,311.65,311.65,53,523.91,675,225,18-APR-2022,
OPTIDX,BANKNIFTY,26-May-2022,39300.0,CE,373.7,400.0,280.0,280.0,637.3,20,198.16,475,-25,18-APR-2022,
OPTIDX,BANKNIFTY,26-May-2022,39400.0,CE,346.8,379.85,266.15,266.15,612.75,6,59.57,175,50,18-APR-2022,
OPTIDX,BANKNIFTY,26-May-2022,39500.0,CE,325.5,359.15,241.35,271.4,271.4,1772,17627.18,17625,6300,18-APR-2022,
OPTIDX,BANKNIFTY,26-May-2022,39600.0,CE,351.9,351.9,236.4,236.4,566.0,18,179.5,275,100,18-APR-2022,
OPTIDX,BANKNIFTY,26-May-2022,39700.0,CE,264.45,264.45,225.0,225.0,225.0,8,79.89,125,50,18-APR-2022,
OPTIDX,BANKNIFTY,26-May-2022,39800.0,CE,270.25,315.45,206.2,213.0,213.0,69,690.63,1150,300,18-APR-2022,
OPTIDX,BANKNIFTY,26-May-2022,39900.0,CE,135.05,315.0,135.05,197.9,197.9,28,280.81,600,25,18-APR-2022,
OPTIDX,BANKNIFTY,26-May-2022,40000.0,CE,250.0,265.95,175.5,196.45,196.45,8878,89246.67,105400,33300,18-APR-2022,
OPTIDX,BANKNIFTY,26-May-2022,40100.0,CE,203.6,214.5,182.05,182.05,182.05,4,40.29,100,0,18-APR-2022,
OPTIDX,BANKNIFTY,26-May-2022,40200.0,CE,190.55,195.0,187.75,195.0,440.95,3,30.29,50,50,18-APR-2022,
OPTIDX,BANKNIFTY,26-May-2022,40300.0,CE,229.9,229.9,158.6,158.9,422.65,9,91.08,375,100,18-APR-2022,
OPTIDX,BANKNIFTY,26-May-2022,40400.0,CE,180.1,180.1,136.5,153.8,153.8,40,405.6,3475,-425,18-APR-2022,
OPTIDX,BANKNIFTY,26-May-2022,40500.0,CE,170.0,191.0,127.95,143.2,143.2,1490,15143.79,15800,-7650,18-APR-2022,
OPTIDX,BANKNIFTY,26-May-2022,40600.0,CE,160.0,160.0,140.15,140.15,140.15,6,61.12,150,125,18-APR-2022,
OPTIDX,BANKNIFTY,26-May-2022,40700.0,CE,0.0,0.0,0.0,267.9,355.8,0,0.0,25,0,18-APR-2022,
OPTIDX,BANKNIFTY,26-May-2022,40800.0,CE,0.0,0.0,0.0,251.65,340.55,0,0.0,50,0,18-APR-2022,
OPTIDX,BANKNIFTY,26-May-2022,40900.0,CE,123.8,123.8,123.8,123.8,325.85,1,10.25,25,-25,18-APR-2022,
OPTIDX,BANKNIFTY,26-May-2022,41000.0,CE,132.0,135.0,92.0,103.3,103.3,2963,30450.54,58300,8175,18-APR-2022,
OPTIDX,BANKNIFTY,26-May-2022,41100.0,CE,111.0,111.0,94.9,97.5,97.5,14,144.19,425,-50,18-APR-2022,
OPTIDX,BANKNIFTY,26-May-2022,41200.0,CE,100.0,100.0,86.1,90.5,90.5,5,51.61,125,75,18-APR-2022,
OPTIDX,BANKNIFTY,26-May-2022,41300.0,CE,78.4,78.4,78.4,78.4,272.25,1,10.34,25,25,18-APR-2022,
OPTIDX,BANKNIFTY,26-May-2022,41400.0,CE,0.0,0.0,0.0,160.1,260.1,0,0.0,25,0,18-APR-2022,
OPTIDX,BANKNIFTY,26-May-2022,41500.0,CE,84.95,95.9,70.0,77.65,77.65,459,4771.27,9750,1000,18-APR-2022,
OPTIDX,BANKNIFTY,26-May-2022,41600.0,CE,76.8,76.8,67.35,73.55,73.55,11,114.6,150,125,18-APR-2022,
OPTIDX,BANKNIFTY,26-May-2022,41700.0,CE,0.0,0.0,0.0,825.55,226.4,0,0.0,0,0,18-APR-2022,
OPTIDX,BANKNIFTY,26-May-2022,41800.0,CE,0.0,0.0,0.0,801.85,216.05,0,0.0,0,0,18-APR-2022,
OPTIDX,BANKNIFTY,26-May-2022,41900.0,CE,0.0,0.0,0.0,777.25,206.1,0,0.0,0,0,18-APR-2022,
OPTIDX,BANKNIFTY,26-May-2022,42000.0,CE,69.95,150.0,52.0,58.9,58.9,1085,11408.54,24725,8625,18-APR-2022,
OPTIDX,BANKNIFTY,26-May-2022,42100.0,CE,0.0,0.0,0.0,729.8,187.4,0,0.0,0,0,18-APR-2022,
OPTIDX,BANKNIFTY,26-May-2022,42200.0,CE,0.0,0.0,0.0,707.0,178.6,0,0.0,0,0,18-APR-2022,
OPTIDX,BANKNIFTY,26-May-2022,42300.0,CE,0.0,0.0,0.0,684.8,170.2,0,0.0,0,0,18-APR-2022,
OPTIDX,BANKNIFTY,26-May-2022,42400.0,CE,0.0,0.0,0.0,661.55,162.1,0,0.0,0,0,18-APR-2022,
OPTIDX,BANKNIFTY,26-May-2022,42500.0,CE,30.6,60.4,30.6,44.9,44.9,452,4807.24,13175,2975,18-APR-2022,
OPTIDX,BANKNIFTY,26-May-2022,42600.0,CE,0.0,0.0,0.0,619.8,146.95,0,0.0,0,0,18-APR-2022,
OPTIDX,BANKNIFTY,26-May-2022,28900.0,PE,0.0,0.0,0.0,433.4,9.55,0,0.0,0,0,18-APR-2022,
OPTIDX,BANKNIFTY,26-May-2022,29000.0,PE,16.05,46.0,14.0,25.4,25.4,290,2104.3,8350,1700,18-APR-2022,
OPTIDX,BANKNIFTY,26-May-2022,29100.0,PE,0.0,0.0,0.0,473.55,11.7,0,0.0,0,0,18-APR-2022,
OPTIDX,BANKNIFTY,26-May-2022,29200.0,PE,0.0,0.0,0.0,494.65,12.9,0,0.0,0,0,18-APR-2022,
OPTIDX,BANKNIFTY,26-May-2022,29300.0,PE,0.0,0.0,0.0,516.35,14.25,0,0.0,0,0,18-APR-2022,
OPTIDX,BANKNIFTY,26-May-2022,29400.0,PE,0.0,0.0,0.0,538.75,15.7,0,0.0,0,0,18-APR-2022,
OPTIDX,BANKNIFTY,26-May-2022,29500.0,PE,34.6,38.15,34.6,38.15,17.3,5,36.91,225,125,18-APR-2022,
OPTIDX,BANKNIFTY,26-May-2022,29600.0,PE,0.0,0.0,0.0,585.65,19.0,0,0.0,0,0,18-APR-2022,
OPTIDX,BANKNIFTY,26-May-2022,29700.0,PE,0.0,0.0,0.0,610.15,20.85,0,0.0,0,0,18-APR-2022,
OPTIDX,BANKNIFTY,26-May-2022,29800.0,PE,0.0,0.0,0.0,636.5,22.9,0,0.0,0,0,18-APR-2022,
OPTIDX,BANKNIFTY,26-May-2022,29900.0,PE,0.0,0.0,0.0,662.35,25.05,0,0.0,0,0,18-APR-2022,
OPTIDX,BANKNIFTY,26-May-2022,30000.0,PE,43.65,48.95,39.0,40.95,40.95,260,1952.78,9100,825,18-APR-2022,
OPTIDX,BANKNIFTY,26-May-2022,30100.0,PE,0.0,0.0,0.0,716.2,30.0,0,0.0,0,0,18-APR-2022,
OPTIDX,BANKNIFTY,26-May-2022,30200.0,PE,0.0,0.0,0.0,744.25,32.75,0,0.0,0,0,18-APR-2022,
OPTIDX,BANKNIFTY,26-May-2022,30300.0,PE,0.0,0.0,0.0,773.05,35.7,0,0.0,0,0,18-APR-2022,
OPTIDX,BANKNIFTY,26-May-2022,30400.0,PE,0.0,0.0,0.0,490.95,38.85,0,0.0,0,0,18-APR-2022,
OPTIDX,BANKNIFTY,26-May-2022,30500.0,PE,47.95,50.1,42.9,48.85,48.85,8,61.09,250,25,18-APR-2022,
OPTIDX,BANKNIFTY,26-May-2022,30600.0,PE,0.0,0.0,0.0,385.7,45.95,0,0.0,25,0,18-APR-2022,
OPTIDX,BANKNIFTY,26-May-2022,30700.0,PE,0.0,0.0,0.0,555.3,49.9,0,0.0,0,0,18-APR-2022,
OPTIDX,BANKNIFTY,26-May-2022,30800.0,PE,0.0,0.0,0.0,578.05,54.1,0,0.0,0,0,18-APR-2022,
OPTIDX,BANKNIFTY,26-May-2022,30900.0,PE,0.0,0.0,0.0,527.9,58.6,0,0.0,0,0,18-APR-2022,
OPTIDX,BANKNIFTY,26-May-2022,31000.0,PE,65.0,68.0,45.85,52.9,52.9,454,3525.03,10275,4825,18-APR-2022,
OPTIDX,BANKNIFTY,26-May-2022,31100.0,PE,0.0,0.0,0.0,571.35,68.5,0,0.0,0,0,18-APR-2022,
OPTIDX,BANKNIFTY,26-May-2022,31200.0,PE,0.0,0.0,0.0,45.0,74.0,0,0.0,300,0,18-APR-2022,
OPTIDX,BANKNIFTY,26-May-2022,31300.0,PE,0.0,0.0,0.0,559.35,79.8,0,0.0,0,0,18-APR-2022,
OPTIDX,BANKNIFTY,26-May-2022,31400.0,PE,60.0,60.0,60.0,60.0,86.0,1,7.86,50,0,18-APR-2022,
OPTIDX,BANKNIFTY,26-May-2022,31500.0,PE,55.0,76.5,55.0,61.9,61.9,31,244.62,525,100,18-APR-2022,
OPTIDX,BANKNIFTY,26-May-2022,31600.0,PE,0.0,0.0,0.0,627.8,99.55,0,0.0,0,0,18-APR-2022,
OPTIDX,BANKNIFTY,26-May-2022,31700.0,PE,0.0,0.0,0.0,651.85,106.95,0,0.0,0,0,18-APR-2022,
OPTIDX,BANKNIFTY,26-May-2022,31800.0,PE,0.0,0.0,0.0,676.55,114.8,0,0.0,0,0,18-APR-2022,
OPTIDX,BANKNIFTY,26-May-2022,31900.0,PE,0.0,0.0,0.0,703.15,123.1,0,0.0,0,0,18-APR-2022,
OPTIDX,BANKNIFTY,26-May-2022,32000.0,PE,88.95,105.4,76.5,80.5,80.5,1283,10292.69,32325,8525,18-APR-2022,
OPTIDX,BANKNIFTY,26-May-2022,32100.0,PE,0.0,0.0,0.0,755.7,141.15,0,0.0,0,0,18-APR-2022,
OPTIDX,BANKNIFTY,26-May-2022,32200.0,PE,0.0,0.0,0.0,782.95,150.95,0,0.0,0,0,18-APR-2022,
OPTIDX,BANKNIFTY,26-May-2022,32300.0,PE,0.0,0.0,0.0,810.9,161.3,0,0.0,0,0,18-APR-2022,
OPTIDX,BANKNIFTY,26-May-2022,32400.0,PE,0.0,0.0,0.0,2300.0,172.15,0,0.0,25,0,18-APR-2022,
OPTIDX,BANKNIFTY,26-May-2022,32500.0,PE,115.0,139.1,100.05,110.95,110.95,320,2609.33,5350,3175,18-APR-2022,
OPTIDX,BANKNIFTY,26-May-2022,32600.0,PE,0.0,0.0,0.0,897.5,195.65,0,0.0,0,0,18-APR-2022,
OPTIDX,BANKNIFTY,26-May-2022,32700.0,PE,0.0,0.0,0.0,928.35,208.3,0,0.0,0,0,18-APR-2022,
OPTIDX,BANKNIFTY,26-May-2022,32800.0,PE,0.0,0.0,0.0,959.9,221.55,0,0.0,0,0,18-APR-2022,
OPTIDX,BANKNIFTY,26-May-2022,32900.0,PE,0.0,0.0,0.0,992.15,235.45,0,0.0,0,0,18-APR-2022,
OPTIDX,BANKNIFTY,26-May-2022,33000.0,PE,158.75,190.0,132.8,146.0,146.0,2996,24835.2,64200,23075,18-APR-2022,
OPTIDX,BANKNIFTY,26-May-2022,33100.0,PE,0.0,0.0,0.0,1058.75,265.3,0,0.0,0,0,18-APR-2022,
OPTIDX,BANKNIFTY,26-May-2022,33200.0,PE,0.0,0.0,0.0,1093.15,281.3,0,0.0,0,0,18-APR-2022,
OPTIDX,BANKNIFTY,26-May-2022,33300.0,PE,0.0,0.0,0.0,133.45,297.95,0,0.0,50,0,18-APR-2022,
OPTIDX,BANKNIFTY,26-May-2022,33400.0,PE,0.0,0.0,0.0,1164.15,315.4,0,0.0,0,0,18-APR-2022,
OPTIDX,BANKNIFTY,26-May-2022,33500.0,PE,193.65,253.0,176.75,189.85,189.85,873,7357.14,15775,7300,18-APR-2022,
OPTIDX,BANKNIFTY,26-May-2022,33600.0,PE,0.0,0.0,0.0,1238.05,352.55,0,0.0,0,0,18-APR-2022,
OPTIDX,BANKNIFTY,26-May-2022,33700.0,PE,0.0,0.0,0.0,1276.15,372.3,0,0.0,0,0,18-APR-2022,
OPTIDX,BANKNIFTY,26-May-2022,33800.0,PE,0.0,0.0,0.0,1314.9,392.85,0,0.0,0,0,18-APR-2022,
OPTIDX,BANKNIFTY,26-May-2022,33900.0,PE,251.1,256.95,251.1,255.7,255.7,4,34.15,100,100,18-APR-2022,
OPTIDX,BANKNIFTY,26-May-2022,34000.0,PE,256.75,325.0,231.0,249.35,249.35,2706,23185.43,60275,7775,18-APR-2022,
OPTIDX,BANKNIFTY,26-May-2022,34100.0,PE,290.0,325.25,256.75,295.15,295.15,16,137.54,400,350,18-APR-2022,
OPTIDX,BANKNIFTY,26-May-2022,34200.0,PE,274.6,322.05,274.6,306.35,306.35,7,60.37,175,175,18-APR-2022,
OPTIDX,BANKNIFTY,26-May-2022,34300.0,PE,298.3,337.95,277.0,292.45,292.45,17,147.09,325,300,18-APR-2022,
OPTIDX,BANKNIFTY,26-May-2022,34400.0,PE,311.45,364.2,286.4,286.4,286.4,32,277.91,550,525,18-APR-2022,
OPTIDX,BANKNIFTY,26-May-2022,34500.0,PE,371.8,420.0,303.55,325.6,325.6,1970,17167.81,35025,-350,18-APR-2022,
OPTIDX,BANKNIFTY,26-May-2022,34600.0,PE,340.8,386.4,324.0,360.8,360.8,12,104.87,350,300,18-APR-2022,
OPTIDX,BANKNIFTY,26-May-2022,34700.0,PE,361.2,402.05,335.1,340.65,340.65,7,61.36,125,100,18-APR-2022,
OPTIDX,BANKNIFTY,26-May-2022,34800.0,PE,389.85,448.45,389.85,405.0,646.15,16,140.89,450,75,18-APR-2022,
OPTIDX,BANKNIFTY,26-May-2022,34900.0,PE,400.2,435.45,382.15,382.15,382.15,6,52.97,100,50,18-APR-2022,
OPTIDX,BANKNIFTY,26-May-2022,35000.0,PE,383.0,534.05,383.0,423.55,423.55,3741,33164.11,70200,7850,18-APR-2022,
OPTIDX,BANKNIFTY,26-May-2022,35100.0,PE,423.65,537.3,423.65,468.3,468.3,15,133.44,425,225,18-APR-2022,
OPTIDX,BANKNIFTY,26-May-2022,35200.0,PE,467.55,565.55,466.6,486.85,486.85,10,89.27,375,125,18-APR-2022,
OPTIDX,BANKNIFTY,26-May-2022,35300.0,PE,586.95,586.95,468.75,489.05,489.05,10,89.54,550,75,18-APR-2022,
OPTIDX,BANKNIFTY,26-May-2022,35400.0,PE,652.6,661.7,474.1,477.3,477.3,14,125.92,275,225,18-APR-2022,
OPTIDX,BANKNIFTY,26-May-2022,35500.0,PE,543.05,675.0,496.35,537.55,537.55,3862,34852.07,47475,21000,18-APR-2022,
OPTIDX,BANKNIFTY,26-May-2022,35600.0,PE,607.4,683.85,551.25,568.2,568.2,35,316.82,700,325,18-APR-2022,
OPTIDX,BANKNIFTY,26-May-2022,35700.0,PE,640.0,686.0,584.1,616.0,957.3,26,236.12,700,150,18-APR-2022,
OPTIDX,BANKNIFTY,26-May-2022,35800.0,PE,646.65,742.15,580.0,620.3,620.3,27,246.1,825,225,18-APR-2022,
OPTIDX,BANKNIFTY,26-May-2022,35900.0,PE,639.55,750.25,605.1,641.55,641.55,17,155.33,375,325,18-APR-2022,
OPTIDX,BANKNIFTY,26-May-2022,36000.0,PE,655.0,855.0,632.65,687.1,687.1,6194,56901.32,101850,27575,18-APR-2022,
OPTIDX,BANKNIFTY,26-May-2022,36100.0,PE,789.0,846.0,698.35,760.2,760.2,20,184.4,800,200,18-APR-2022,
OPTIDX,BANKNIFTY,26-May-2022,36200.0,PE,756.05,907.0,728.8,772.4,772.4,42,388.83,925,600,18-APR-2022,
OPTIDX,BANKNIFTY,26-May-2022,36300.0,PE,781.0,943.0,738.05,738.05,738.05,88,818.38,1550,1500,18-APR-2022,
OPTIDX,BANKNIFTY,26-May-2022,36400.0,PE,675.85,999.0,675.85,772.35,772.35,106,988.26,2225,25,18-APR-2022,
OPTIDX,BANKNIFTY,26-May-2022,36500.0,PE,800.1,1061.45,800.1,847.85,847.85,5042,47195.58,63350,32375,18-APR-2022,
OPTIDX,BANKNIFTY,26-May-2022,36600.0,PE,840.05,1075.05,840.05,892.85,892.85,71,667.11,1900,150,18-APR-2022,
OPTIDX,BANKNIFTY,26-May-2022,36700.0,PE,1010.0,1140.8,906.85,996.25,996.25,565,5330.15,1925,1575,18-APR-2022,
OPTIDX,BANKNIFTY,26-May-2022,36800.0,PE,1131.6,1190.0,940.2,978.4,978.4,255,2412.15,2750,1125,18-APR-2022,
OPTIDX,BANKNIFTY,26-May-2022,36900.0,PE,1116.95,1220.0,968.0,1100.25,1100.25,182,1729.93,1675,1325,18-APR-2022,
OPTIDX,BANKNIFTY,26-May-2022,37000.0,PE,985.15,1300.0,985.15,1054.4,1054.4,5154,49158.9,107200,8825,18-APR-2022,
OPTIDX,BANKNIFTY,26-May-2022,37100.0,PE,1262.95,1307.95,1082.0,1094.2,1094.2,107,1023.97,8650,100,18-APR-2022,
OPTIDX,BANKNIFTY,26-May-2022,37200.0,PE,1231.95,1406.65,1108.85,1162.75,1162.75,250,2401.34,13875,200,18-APR-2022,
OPTIDX,BANKNIFTY,26-May-2022,37300.0,PE,966.7,1419.95,966.7,1169.15,1169.15,80,771.35,975,-375,18-APR-2022,
OPTIDX,BANKNIFTY,26-May-2022,37400.0,PE,1343.95,1487.6,1256.95,1260.35,1260.35,40,387.54,3025,350,18-APR-2022,
OPTIDX,BANKNIFTY,26-May-2022,37500.0,PE,1400.45,1567.9,1252.05,1321.0,1321.0,1296,12604.82,39125,2525,18-APR-2022,
OPTIDX,BANKNIFTY,26-May-2022,37600.0,PE,1450.0,1615.1,1324.95,1376.1,1376.1,67,654.46,1175,-425,18-APR-2022,
OPTIDX,BANKNIFTY,26-May-2022,37700.0,PE,1587.95,1610.0,1407.95,1421.5,1421.5,26,254.95,425,-125,18-APR-2022,
OPTIDX,BANKNIFTY,26-May-2022,37800.0,PE,1500.0,1725.0,1473.3,1473.3,1473.3,27,265.84,950,-200,18-APR-2022,
OPTIDX,BANKNIFTY,26-May-2022,37900.0,PE,1450.45,1780.0,1450.45,1533.55,1533.55,29,286.57,725,25,18-APR-2022,
OPTIDX,BANKNIFTY,26-May-2022,38000.0,PE,1635.0,1904.2,1500.0,1620.65,1620.65,1543,15321.8,35825,575,18-APR-2022,
OPTIDX,BANKNIFTY,26-May-2022,38100.0,PE,1800.95,1800.95,1633.5,1633.5,1633.5,3,29.88,225,-50,18-APR-2022,
OPTIDX,BANKNIFTY,26-May-2022,38200.0,PE,1849.8,1858.3,1701.55,1701.55,1701.55,11,109.94,425,0,18-APR-2022,
OPTIDX,BANKNIFTY,26-May-2022,38300.0,PE,1908.6,2060.0,1777.55,1777.7,1777.7,27,271.38,350,-175,18-APR-2022,
OPTIDX,BANKNIFTY,26-May-2022,38400.0,PE,1922.5,2130.0,1841.3,1841.35,1841.35,10,100.84,325,50,18-APR-2022,
OPTIDX,BANKNIFTY,26-May-2022,38500.0,PE,1981.0,2234.45,1849.05,1969.4,1969.4,409,4143.18,10900,1825,18-APR-2022,
OPTIDX,BANKNIFTY,26-May-2022,38600.0,PE,2132.45,2251.65,2017.3,2251.65,2531.9,8,81.4,125,-25,18-APR-2022,
OPTIDX,BANKNIFTY,26-May-2022,38700.0,PE,2068.1,2308.8,2068.1,2093.8,2093.8,7,71.53,200,25,18-APR-2022,
OPTIDX,BANKNIFTY,26-May-2022,38800.0,PE,2224.05,2399.0,2101.45,2185.1,2185.1,7,71.78,375,75,18-APR-2022,
OPTIDX,BANKNIFTY,26-May-2022,38900.0,PE,2321.2,2321.2,2161.55,2161.55,2161.55,6,61.69,125,50,18-APR-2022,
OPTIDX,BANKNIFTY,26-May-2022,39000.0,PE,2304.2,2605.0,2234.05,2319.35,2319.35,250,2585.73,13375,1000,18-APR-2022,
OPTIDX,BANKNIFTY,26-May-2022,39100.0,PE,2647.25,2647.25,2339.15,2339.15,2339.15,2,20.79,125,0,18-APR-2022,
OPTIDX,BANKNIFTY,26-May-2022,39200.0,PE,0.0,0.0,0.0,1910.25,2959.05,0,0.0,275,0,18-APR-2022,
OPTIDX,BANKNIFTY,26-May-2022,39300.0,PE,2151.1,2624.35,2151.05,2624.3,3034.8,6,62.5,275,100,18-APR-2022,
OPTIDX,BANKNIFTY,26-May-2022,39400.0,PE,0.0,0.0,0.0,2042.5,3109.8,0,0.0,100,0,18-APR-2022,
OPTIDX,BANKNIFTY,26-May-2022,39500.0,PE,2817.15,2934.35,2682.95,2923.0,3185.6,24,253.73,1625,175,18-APR-2022,
OPTIDX,BANKNIFTY,26-May-2022,39600.0,PE,0.0,0.0,0.0,3971.05,3262.2,0,0.0,0,0,18-APR-2022,
OPTIDX,BANKNIFTY,26-May-2022,39700.0,PE,0.0,0.0,0.0,4041.5,3338.0,0,0.0,0,0,18-APR-2022,
OPTIDX,BANKNIFTY,26-May-2022,39800.0,PE,0.0,0.0,0.0,4112.5,3415.9,0,0.0,0,0,18-APR-2022,
OPTIDX,BANKNIFTY,26-May-2022,39900.0,PE,0.0,0.0,0.0,2389.5,3494.5,0,0.0,25,0,18-APR-2022,
OPTIDX,BANKNIFTY,26-May-2022,40000.0,PE,3186.8,3448.5,3000.0,3070.55,3070.55,172,1857.49,13750,1100,18-APR-2022,
OPTIDX,BANKNIFTY,26-May-2022,40100.0,PE,0.0,0.0,0.0,4328.8,3653.8,0,0.0,0,0,18-APR-2022,
OPTIDX,BANKNIFTY,26-May-2022,40200.0,PE,0.0,0.0,0.0,4401.95,3734.45,0,0.0,0,0,18-APR-2022,
OPTIDX,BANKNIFTY,26-May-2022,40300.0,PE,0.0,0.0,0.0,4477.25,3815.75,0,0.0,0,0,18-APR-2022,
OPTIDX,BANKNIFTY,26-May-2022,40400.0,PE,0.0,0.0,0.0,2446.4,3897.7,0,0.0,0,0,18-APR-2022,
OPTIDX,BANKNIFTY,26-May-2022,40500.0,PE,3493.65,3577.8,3493.65,3576.75,3980.2,5,55.07,600,100,18-APR-2022,
OPTIDX,BANKNIFTY,26-May-2022,40600.0,PE,0.0,0.0,0.0,3890.1,4063.35,0,0.0,0,0,18-APR-2022,
OPTIDX,BANKNIFTY,26-May-2022,40700.0,PE,0.0,0.0,0.0,3967.25,4147.1,0,0.0,0,0,18-APR-2022,
OPTIDX,BANKNIFTY,26-May-2022,40800.0,PE,0.0,0.0,0.0,4043.45,4231.4,0,0.0,0,0,18-APR-2022,
OPTIDX,BANKNIFTY,26-May-2022,40900.0,PE,0.0,0.0,0.0,4121.7,4316.25,0,0.0,0,0,18-APR-2022,
OPTIDX,BANKNIFTY,26-May-2022,41000.0,PE,4025.25,4279.4,3916.1,4179.65,4401.65,10,112.64,625,25,18-APR-2022,
OPTIDX,BANKNIFTY,26-May-2022,41100.0,PE,0.0,0.0,0.0,4279.85,4487.6,0,0.0,0,0,18-APR-2022,
OPTIDX,BANKNIFTY,26-May-2022,41200.0,PE,0.0,0.0,0.0,3282.05,4574.0,0,0.0,0,0,18-APR-2022,
OPTIDX,BANKNIFTY,26-May-2022,41300.0,PE,0.0,0.0,0.0,3352.7,4660.95,0,0.0,0,0,18-APR-2022,
OPTIDX,BANKNIFTY,26-May-2022,41400.0,PE,0.0,0.0,0.0,3424.1,4748.35,0,0.0,0,0,18-APR-2022,
OPTIDX,BANKNIFTY,26-May-2022,41500.0,PE,4478.9,4478.9,4410.55,4410.55,4836.2,4,45.94,0,0,18-APR-2022,
OPTIDX,BANKNIFTY,26-May-2022,41600.0,PE,0.0,0.0,0.0,3568.8,4924.55,0,0.0,0,0,18-APR-2022,
OPTIDX,BANKNIFTY,26-May-2022,41700.0,PE,0.0,0.0,0.0,3642.2,5013.3,0,0.0,0,0,18-APR-2022,
OPTIDX,BANKNIFTY,26-May-2022,41800.0,PE,0.0,0.0,0.0,3717.9,5102.5,0,0.0,0,0,18-APR-2022,
OPTIDX,BANKNIFTY,26-May-2022,41900.0,PE,0.0,0.0,0.0,3792.65,5192.15,0,0.0,0,0,18-APR-2022,
OPTIDX,BANKNIFTY,26-May-2022,42000.0,PE,5005.1,5200.0,4883.65,4901.5,4901.5,39,457.85,950,875,18-APR-2022,
OPTIDX,BANKNIFTY,26-May-2022,42100.0,PE,0.0,0.0,0.0,3944.05,5372.55,0,0.0,0,0,18-APR-2022,
OPTIDX,BANKNIFTY,26-May-2022,42200.0,PE,0.0,0.0,0.0,4020.65,5463.3,0,0.0,0,0,18-APR-2022,
OPTIDX,BANKNIFTY,26-May-2022,42300.0,PE,0.0,0.0,0.0,4097.85,5554.45,0,0.0,0,0,18-APR-2022,
OPTIDX,BANKNIFTY,26-May-2022,42400.0,PE,0.0,0.0,0.0,4174.0,5645.9,0,0.0,0,0,18-APR-2022,
OPTIDX,BANKNIFTY,26-May-2022,42500.0,PE,0.0,0.0,0.0,4829.45,5737.75,0,0.0,25,0,18-APR-2022,
OPTIDX,BANKNIFTY,26-May-2022,42600.0,PE,0.0,0.0,0.0,4331.05,5829.9,0,0.0,0,0,18-APR-2022,
OPTIDX,BANKNIFTY,30-Jun-2022,25500.0,CE,0.0,0.0,0.0,7857.9,11450.6,0,0.0,0,0,18-APR-2022,
OPTIDX,BANKNIFTY,30-Jun-2022,27000.0,CE,0.0,0.0,0.0,10293.2,9977.65,0,0.0,0,0,18-APR-2022,
OPTIDX,BANKNIFTY,30-Jun-2022,28500.0,CE,0.0,0.0,0.0,9291.95,8528.3,0,0.0,0,0,18-APR-2022,
OPTIDX,BANKNIFTY,30-Jun-2022,30000.0,CE,0.0,0.0,0.0,8362.8,7125.2,0,0.0,0,0,18-APR-2022,
OPTIDX,BANKNIFTY,30-Jun-2022,31500.0,CE,0.0,0.0,0.0,7504.8,5799.35,0,0.0,0,0,18-APR-2022,
OPTIDX,BANKNIFTY,30-Jun-2022,32400.0,CE,0.0,0.0,0.0,4971.15,5055.25,0,0.0,0,0,18-APR-2022,
OPTIDX,BANKNIFTY,30-Jun-2022,32500.0,CE,0.0,0.0,0.0,4895.95,4975.35,0,0.0,0,0,18-APR-2022,
OPTIDX,BANKNIFTY,30-Jun-2022,32600.0,CE,0.0,0.0,0.0,4821.3,4896.1,0,0.0,0,0,18-APR-2022,
OPTIDX,BANKNIFTY,30-Jun-2022,32700.0,CE,0.0,0.0,0.0,4748.6,4817.4,0,0.0,0,0,18-APR-2022,
OPTIDX,BANKNIFTY,30-Jun-2022,32800.0,CE,0.0,0.0,0.0,4675.1,4739.35,0,0.0,0,0,18-APR-2022,
OPTIDX,BANKNIFTY,30-Jun-2022,32900.0,CE,0.0,0.0,0.0,4602.25,4661.9,0,0.0,0,0,18-APR-2022,
OPTIDX,BANKNIFTY,30-Jun-2022,33000.0,CE,0.0,0.0,0.0,6719.1,4585.1,0,0.0,0,0,18-APR-2022,
OPTIDX,BANKNIFTY,30-Jun-2022,33100.0,CE,0.0,0.0,0.0,4458.4,4508.9,0,0.0,0,0,18-APR-2022,
OPTIDX,BANKNIFTY,30-Jun-2022,33200.0,CE,0.0,0.0,0.0,4387.4,4433.4,0,0.0,0,0,18-APR-2022,
OPTIDX,BANKNIFTY,30-Jun-2022,33300.0,CE,0.0,0.0,0.0,4317.05,4358.5,0,0.0,0,0,18-APR-2022,
OPTIDX,BANKNIFTY,30-Jun-2022,33400.0,CE,0.0,0.0,0.0,4247.4,4285.65,0,0.0,0,0,18-APR-2022,
OPTIDX,BANKNIFTY,30-Jun-2022,33500.0,CE,0.0,0.0,0.0,4178.35,4212.0,0,0.0,0,0,18-APR-2022,
OPTIDX,BANKNIFTY,30-Jun-2022,33600.0,CE,0.0,0.0,0.0,4108.55,4139.05,0,0.0,0,0,18-APR-2022,
OPTIDX,BANKNIFTY,30-Jun-2022,33700.0,CE,0.0,0.0,0.0,4040.9,4066.75,0,0.0,0,0,18-APR-2022,
OPTIDX,BANKNIFTY,30-Jun-2022,33800.0,CE,0.0,0.0,0.0,3973.95,3995.2,0,0.0,0,0,18-APR-2022,
OPTIDX,BANKNIFTY,30-Jun-2022,33900.0,CE,0.0,0.0,0.0,3907.65,3924.3,0,0.0,0,0,18-APR-2022,
OPTIDX,BANKNIFTY,30-Jun-2022,34000.0,CE,0.0,0.0,0.0,4300.0,3854.1,0,0.0,200,0,18-APR-2022,
OPTIDX,BANKNIFTY,30-Jun-2022,34100.0,CE,0.0,0.0,0.0,3777.05,3783.2,0,0.0,0,0,18-APR-2022,
OPTIDX,BANKNIFTY,30-Jun-2022,34200.0,CE,0.0,0.0,0.0,3712.75,3714.6,0,0.0,0,0,18-APR-2022,
OPTIDX,BANKNIFTY,30-Jun-2022,34300.0,CE,0.0,0.0,0.0,3649.1,3646.65,0,0.0,0,0,18-APR-2022,
OPTIDX,BANKNIFTY,30-Jun-2022,34400.0,CE,0.0,0.0,0.0,3586.2,3579.5,0,0.0,0,0,18-APR-2022,
OPTIDX,BANKNIFTY,30-Jun-2022,34500.0,CE,0.0,0.0,0.0,3493.2,3513.05,0,0.0,25,0,18-APR-2022,
OPTIDX,BANKNIFTY,30-Jun-2022,34600.0,CE,0.0,0.0,0.0,3462.4,3447.35,0,0.0,0,0,18-APR-2022,
OPTIDX,BANKNIFTY,30-Jun-2022,34700.0,CE,0.0,0.0,0.0,3401.5,3382.35,0,0.0,0,0,18-APR-2022,
OPTIDX,BANKNIFTY,30-Jun-2022,34800.0,CE,0.0,0.0,0.0,3341.3,3318.15,0,0.0,0,0,18-APR-2022,
OPTIDX,BANKNIFTY,30-Jun-2022,34900.0,CE,0.0,0.0,0.0,3281.8,3254.65,0,0.0,0,0,18-APR-2022,
OPTIDX,BANKNIFTY,30-Jun-2022,35000.0,CE,2888.25,2975.0,2656.0,2763.75,3191.9,11,104.03,375,175,18-APR-2022,
OPTIDX,BANKNIFTY,30-Jun-2022,35100.0,CE,0.0,0.0,0.0,3164.9,3129.95,0,0.0,0,0,18-APR-2022,
OPTIDX,BANKNIFTY,30-Jun-2022,35200.0,CE,0.0,0.0,0.0,3107.45,3068.75,0,0.0,0,0,18-APR-2022,
OPTIDX,BANKNIFTY,30-Jun-2022,35300.0,CE,0.0,0.0,0.0,3050.7,3008.3,0,0.0,0,0,18-APR-2022,
OPTIDX,BANKNIFTY,30-Jun-2022,35400.0,CE,0.0,0.0,0.0,2994.7,2948.6,0,0.0,0,0,18-APR-2022,
OPTIDX,BANKNIFTY,30-Jun-2022,35500.0,CE,0.0,0.0,0.0,2939.35,2889.65,0,0.0,0,0,18-APR-2022,
OPTIDX,BANKNIFTY,30-Jun-2022,35600.0,CE,0.0,0.0,0.0,2884.7,2831.5,0,0.0,0,0,18-APR-2022,
OPTIDX,BANKNIFTY,30-Jun-2022,35700.0,CE,0.0,0.0,0.0,2830.75,2774.1,0,0.0,0,0,18-APR-2022,
OPTIDX,BANKNIFTY,30-Jun-2022,35800.0,CE,0.0,0.0,0.0,2777.45,2717.45,0,0.0,0,0,18-APR-2022,
OPTIDX,BANKNIFTY,30-Jun-2022,35900.0,CE,0.0,0.0,0.0,2724.9,2661.6,0,0.0,0,0,18-APR-2022,
OPTIDX,BANKNIFTY,30-Jun-2022,36000.0,CE,2199.8,2235.2,2000.0,2075.75,2075.75,35,333.44,1800,350,18-APR-2022,
OPTIDX,BANKNIFTY,30-Jun-2022,36100.0,CE,0.0,0.0,0.0,2621.85,2552.15,0,0.0,0,0,18-APR-2022,
OPTIDX,BANKNIFTY,30-Jun-2022,36200.0,CE,0.0,0.0,0.0,2571.3,2498.6,0,0.0,0,0,18-APR-2022,
OPTIDX,BANKNIFTY,30-Jun-2022,36300.0,CE,0.0,0.0,0.0,2521.35,2445.8,0,0.0,0,0,18-APR-2022,
OPTIDX,BANKNIFTY,30-Jun-2022,36400.0,CE,0.0,0.0,0.0,2472.25,2393.8,0,0.0,0,0,18-APR-2022,
OPTIDX,BANKNIFTY,30-Jun-2022,36500.0,CE,1870.0,1892.85,1700.45,1791.15,1791.15,59,564.55,975,850,18-APR-2022,
OPTIDX,BANKNIFTY,30-Jun-2022,36600.0,CE,0.0,0.0,0.0,2376.0,2292.0,0,0.0,0,0,18-APR-2022,
OPTIDX,BANKNIFTY,30-Jun-2022,36700.0,CE,0.0,0.0,0.0,2328.95,2242.15,0,0.0,0,0,18-APR-2022,
OPTIDX,BANKNIFTY,30-Jun-2022,36800.0,CE,2222.05,2222.05,1580.05,1580.05,1580.05,9,86.97,125,125,18-APR-2022,
OPTIDX,BANKNIFTY,30-Jun-2022,36900.0,CE,0.0,0.0,0.0,2236.75,2144.95,0,0.0,0,0,18-APR-2022,
OPTIDX,BANKNIFTY,30-Jun-2022,37000.0,CE,1654.4,1732.95,1447.0,1532.65,1532.65,337,3249.11,7500,3500,18-APR-2022,
OPTIDX,BANKNIFTY,30-Jun-2022,37100.0,CE,0.0,0.0,0.0,2147.3,2050.75,0,0.0,0,0,18-APR-2022,
OPTIDX,BANKNIFTY,30-Jun-2022,37200.0,CE,0.0,0.0,0.0,2103.55,2004.8,0,0.0,0,0,18-APR-2022,
OPTIDX,BANKNIFTY,30-Jun-2022,37300.0,CE,0.0,0.0,0.0,2060.5,1959.55,0,0.0,0,0,18-APR-2022,
OPTIDX,BANKNIFTY,30-Jun-2022,37400.0,CE,0.0,0.0,0.0,1998.0,1915.05,0,0.0,25,0,18-APR-2022,
OPTIDX,BANKNIFTY,30-Jun-2022,37500.0,CE,1329.1,1458.95,1196.65,1265.1,1265.1,267,2589.69,5450,2900,18-APR-2022,
OPTIDX,BANKNIFTY,30-Jun-2022,37600.0,CE,1298.95,1298.95,1298.95,1298.95,1828.3,1,9.72,25,0,18-APR-2022,
OPTIDX,BANKNIFTY,30-Jun-2022,37700.0,CE,0.0,0.0,0.0,1894.7,1786.05,0,0.0,0,0,18-APR-2022,
OPTIDX,BANKNIFTY,30-Jun-2022,37800.0,CE,0.0,0.0,0.0,1854.85,1744.5,0,0.0,0,0,18-APR-2022,
OPTIDX,BANKNIFTY,30-Jun-2022,37900.0,CE,0.0,0.0,0.0,1815.7,1703.65,0,0.0,0,0,18-APR-2022,
OPTIDX,BANKNIFTY,30-Jun-2022,38000.0,CE,1186.3,1245.4,1021.6,1080.05,1080.05,420,4108.27,10100,2350,18-APR-2022,
OPTIDX,BANKNIFTY,30-Jun-2022,38100.0,CE,1029.45,1029.45,1029.4,1029.45,1029.45,2,19.56,125,0,18-APR-2022,
OPTIDX,BANKNIFTY,30-Jun-2022,38200.0,CE,0.0,0.0,0.0,1701.85,1585.45,0,0.0,0,0,18-APR-2022,
OPTIDX,BANKNIFTY,30-Jun-2022,38300.0,CE,0.0,0.0,0.0,1665.2,1547.45,0,0.0,0,0,18-APR-2022,
OPTIDX,BANKNIFTY,30-Jun-2022,38400.0,CE,0.0,0.0,0.0,1629.1,1510.15,0,0.0,0,0,18-APR-2022,
OPTIDX,BANKNIFTY,30-Jun-2022,38500.0,CE,989.35,1042.85,839.25,884.45,884.45,171,1685.78,2325,1800,18-APR-2022,
OPTIDX,BANKNIFTY,30-Jun-2022,38600.0,CE,0.0,0.0,0.0,1558.75,1437.6,0,0.0,0,0,18-APR-2022,
OPTIDX,BANKNIFTY,30-Jun-2022,38700.0,CE,0.0,0.0,0.0,1524.5,1402.35,0,0.0,0,0,18-APR-2022,
OPTIDX,BANKNIFTY,30-Jun-2022,38800.0,CE,0.0,0.0,0.0,1490.8,1367.75,0,0.0,0,0,18-APR-2022,
OPTIDX,BANKNIFTY,30-Jun-2022,38900.0,CE,0.0,0.0,0.0,1457.7,1333.8,0,0.0,0,0,18-APR-2022,
OPTIDX,BANKNIFTY,30-Jun-2022,39000.0,CE,811.3,880.0,700.0,728.4,728.4,1034,10293.13,21475,9600,18-APR-2022,
OPTIDX,BANKNIFTY,30-Jun-2022,39100.0,CE,0.0,0.0,0.0,1393.25,1267.95,0,0.0,0,0,18-APR-2022,
OPTIDX,BANKNIFTY,30-Jun-2022,39200.0,CE,0.0,0.0,0.0,1361.9,1235.95,0,0.0,0,0,18-APR-2022,
OPTIDX,BANKNIFTY,30-Jun-2022,39300.0,CE,0.0,0.0,0.0,1331.1,1204.65,0,0.0,0,0,18-APR-2022,
OPTIDX,BANKNIFTY,30-Jun-2022,39400.0,CE,0.0,0.0,0.0,1300.85,1173.95,0,0.0,0,0,18-APR-2022,
OPTIDX,BANKNIFTY,30-Jun-2022,39500.0,CE,703.45,777.55,575.05,592.65,592.65,92,923.22,1450,1125,18-APR-2022,
OPTIDX,BANKNIFTY,30-Jun-2022,39600.0,CE,0.0,0.0,0.0,1242.05,1114.4,0,0.0,0,0,18-APR-2022,
OPTIDX,BANKNIFTY,30-Jun-2022,39700.0,CE,0.0,0.0,0.0,1213.45,1085.55,0,0.0,0,0,18-APR-2022,
OPTIDX,BANKNIFTY,30-Jun-2022,39800.0,CE,0.0,0.0,0.0,1185.35,1057.25,0,0.0,0,0,18-APR-2022,
OPTIDX,BANKNIFTY,30-Jun-2022,39900.0,CE,0.0,0.0,0.0,1157.85,1029.6,0,0.0,0,0,18-APR-2022,
OPTIDX,BANKNIFTY,30-Jun-2022,40000.0,CE,548.75,609.25,468.1,491.05,491.05,732,7414.35,13075,1075,18-APR-2022,
OPTIDX,BANKNIFTY,30-Jun-2022,40100.0,CE,0.0,0.0,0.0,1104.3,976.05,0,0.0,0,0,18-APR-2022,
OPTIDX,BANKNIFTY,30-Jun-2022,40200.0,CE,0.0,0.0,0.0,1078.3,950.1,0,0.0,0,0,18-APR-2022,
OPTIDX,BANKNIFTY,30-Jun-2022,40300.0,CE,0.0,0.0,0.0,1052.85,926.4,0,0.0,0,0,18-APR-2022,
OPTIDX,BANKNIFTY,30-Jun-2022,40400.0,CE,0.0,0.0,0.0,1029.55,901.65,0,0.0,0,0,18-APR-2022,
OPTIDX,BANKNIFTY,30-Jun-2022,40500.0,CE,450.0,458.35,375.0,413.15,413.15,51,521.51,475,150,18-APR-2022,
OPTIDX,BANKNIFTY,30-Jun-2022,40600.0,CE,0.0,0.0,0.0,1178.95,853.9,0,0.0,0,0,18-APR-2022,
OPTIDX,BANKNIFTY,30-Jun-2022,40700.0,CE,0.0,0.0,0.0,1151.5,830.8,0,0.0,0,0,18-APR-2022,
OPTIDX,BANKNIFTY,30-Jun-2022,40800.0,CE,0.0,0.0,0.0,1124.55,808.25,0,0.0,0,0,18-APR-2022,
OPTIDX,BANKNIFTY,30-Jun-2022,40900.0,CE,0.0,0.0,0.0,1098.15,786.2,0,0.0,0,0,18-APR-2022,
OPTIDX,BANKNIFTY,30-Jun-2022,41000.0,CE,394.35,394.35,305.85,321.95,321.95,308,3183.07,5225,225,18-APR-2022,
OPTIDX,BANKNIFTY,30-Jun-2022,41100.0,CE,0.0,0.0,0.0,1046.85,743.6,0,0.0,0,0,18-APR-2022,
OPTIDX,BANKNIFTY,30-Jun-2022,41200.0,CE,0.0,0.0,0.0,1524.9,721.5,0,0.0,0,0,18-APR-2022,
OPTIDX,BANKNIFTY,30-Jun-2022,41300.0,CE,0.0,0.0,0.0,1492.1,701.3,0,0.0,0,0,18-APR-2022,
OPTIDX,BANKNIFTY,30-Jun-2022,41400.0,CE,0.0,0.0,0.0,1459.8,681.65,0,0.0,0,0,18-APR-2022,
OPTIDX,BANKNIFTY,30-Jun-2022,41500.0,CE,306.0,306.0,242.0,242.0,242.0,17,177.51,400,300,18-APR-2022,
OPTIDX,BANKNIFTY,30-Jun-2022,41600.0,CE,0.0,0.0,0.0,1396.9,643.65,0,0.0,0,0,18-APR-2022,
OPTIDX,BANKNIFTY,30-Jun-2022,41700.0,CE,0.0,0.0,0.0,1366.3,625.35,0,0.0,0,0,18-APR-2022,
OPTIDX,BANKNIFTY,30-Jun-2022,41800.0,CE,0.0,0.0,0.0,1336.2,607.45,0,0.0,0,0,18-APR-2022,
OPTIDX,BANKNIFTY,30-Jun-2022,41900.0,CE,0.0,0.0,0.0,1306.65,590.0,0,0.0,0,0,18-APR-2022,
OPTIDX,BANKNIFTY,30-Jun-2022,42000.0,CE,188.45,315.0,175.05,206.7,206.7,457,4823.48,13100,-175,18-APR-2022,
OPTIDX,BANKNIFTY,30-Jun-2022,42100.0,CE,0.0,0.0,0.0,1249.1,556.4,0,0.0,0,0,18-APR-2022,
OPTIDX,BANKNIFTY,30-Jun-2022,42200.0,CE,0.0,0.0,0.0,1221.1,540.25,0,0.0,0,0,18-APR-2022,
OPTIDX,BANKNIFTY,30-Jun-2022,42300.0,CE,0.0,0.0,0.0,1193.65,524.45,0,0.0,0,0,18-APR-2022,
OPTIDX,BANKNIFTY,30-Jun-2022,42400.0,CE,0.0,0.0,0.0,1166.65,509.05,0,0.0,0,0,18-APR-2022,
OPTIDX,BANKNIFTY,30-Jun-2022,42500.0,CE,150.1,164.0,150.05,164.0,494.05,7,74.65,800,75,18-APR-2022,
OPTIDX,BANKNIFTY,30-Jun-2022,42600.0,CE,0.0,0.0,0.0,1114.2,479.45,0,0.0,0,0,18-APR-2022,
OPTIDX,BANKNIFTY,30-Jun-2022,43500.0,CE,129.0,129.0,99.95,99.95,99.95,9,98.12,1450,-25,18-APR-2022,
OPTIDX,BANKNIFTY,30-Jun-2022,45000.0,CE,99.0,99.0,61.1,71.05,71.05,89,1002.92,7025,650,18-APR-2022,
OPTIDX,BANKNIFTY,30-Jun-2022,46500.0,CE,0.0,0.0,0.0,1042.85,135.3,0,0.0,0,0,18-APR-2022,
OPTIDX,BANKNIFTY,30-Jun-2022,25500.0,PE,0.0,0.0,0.0,28.0,5.75,0,0.0,250,0,18-APR-2022,
OPTIDX,BANKNIFTY,30-Jun-2022,27000.0,PE,0.0,0.0,0.0,1448.5,20.1,0,0.0,0,0,18-APR-2022,
OPTIDX,BANKNIFTY,30-Jun-2022,28500.0,PE,0.0,0.0,0.0,1890.7,58.05,0,0.0,0,0,18-APR-2022,
OPTIDX,BANKNIFTY,30-Jun-2022,30000.0,PE,94.95,108.95,75.8,95.2,95.2,81,609.39,8150,975,18-APR-2022,
OPTIDX,BANKNIFTY,30-Jun-2022,31500.0,PE,135.0,192.0,130.0,152.55,152.55,69,545.98,3050,1325,18-APR-2022,
OPTIDX,BANKNIFTY,30-Jun-2022,32400.0,PE,0.0,0.0,0.0,656.85,452.0,0,0.0,0,0,18-APR-2022,
OPTIDX,BANKNIFTY,30-Jun-2022,32500.0,PE,220.0,290.0,220.0,287.6,471.3,6,49.14,150,125,18-APR-2022,
OPTIDX,BANKNIFTY,30-Jun-2022,32600.0,PE,0.0,0.0,0.0,704.9,491.15,0,0.0,0,0,18-APR-2022,
OPTIDX,BANKNIFTY,30-Jun-2022,32700.0,PE,0.0,0.0,0.0,731.15,511.65,0,0.0,0,0,18-APR-2022,
OPTIDX,BANKNIFTY,30-Jun-2022,32800.0,PE,0.0,0.0,0.0,756.6,532.7,0,0.0,0,0,18-APR-2022,
OPTIDX,BANKNIFTY,30-Jun-2022,32900.0,PE,0.0,0.0,0.0,782.7,554.45,0,0.0,0,0,18-APR-2022,
OPTIDX,BANKNIFTY,30-Jun-2022,33000.0,PE,274.7,371.2,250.0,307.6,307.6,218,1816.14,6050,1675,18-APR-2022,
OPTIDX,BANKNIFTY,30-Jun-2022,33100.0,PE,0.0,0.0,0.0,836.75,599.75,0,0.0,0,0,18-APR-2022,
OPTIDX,BANKNIFTY,30-Jun-2022,33200.0,PE,495.0,495.0,495.0,495.0,623.35,1,8.42,125,0,18-APR-2022,
OPTIDX,BANKNIFTY,30-Jun-2022,33300.0,PE,0.0,0.0,0.0,893.3,647.65,0,0.0,0,0,18-APR-2022,
OPTIDX,BANKNIFTY,30-Jun-2022,33400.0,PE,0.0,0.0,0.0,922.55,673.95,0,0.0,0,0,18-APR-2022,
OPTIDX,BANKNIFTY,30-Jun-2022,33500.0,PE,372.0,430.0,370.0,396.65,396.65,22,186.45,350,250,18-APR-2022,
OPTIDX,BANKNIFTY,30-Jun-2022,33600.0,PE,0.0,0.0,0.0,981.65,725.65,0,0.0,0,0,18-APR-2022,
OPTIDX,BANKNIFTY,30-Jun-2022,33700.0,PE,0.0,0.0,0.0,1012.95,752.5,0,0.0,0,0,18-APR-2022,
OPTIDX,BANKNIFTY,30-Jun-2022,33800.0,PE,0.0,0.0,0.0,1044.9,780.1,0,0.0,0,0,18-APR-2022,
OPTIDX,BANKNIFTY,30-Jun-2022,33900.0,PE,0.0,0.0,0.0,1077.55,808.35,0,0.0,0,0,18-APR-2022,
OPTIDX,BANKNIFTY,30-Jun-2022,34000.0,PE,470.0,558.45,412.8,463.9,463.9,548,4725.58,11725,5275,18-APR-2022,
OPTIDX,BANKNIFTY,30-Jun-2022,34100.0,PE,0.0,0.0,0.0,1144.85,865.6,0,0.0,0,0,18-APR-2022,
OPTIDX,BANKNIFTY,30-Jun-2022,34200.0,PE,0.0,0.0,0.0,1179.5,896.1,0,0.0,0,0,18-APR-2022,
OPTIDX,BANKNIFTY,30-Jun-2022,34300.0,PE,0.0,0.0,0.0,1214.85,927.35,0,0.0,0,0,18-APR-2022,
OPTIDX,BANKNIFTY,30-Jun-2022,34400.0,PE,0.0,0.0,0.0,1250.85,959.35,0,0.0,0,0,18-APR-2022,
OPTIDX,BANKNIFTY,30-Jun-2022,34500.0,PE,570.85,665.0,526.8,562.0,562.0,55,482.61,2350,200,18-APR-2022,
OPTIDX,BANKNIFTY,30-Jun-2022,34600.0,PE,0.0,0.0,0.0,1324.95,1025.45,0,0.0,0,0,18-APR-2022,
OPTIDX,BANKNIFTY,30-Jun-2022,34700.0,PE,0.0,0.0,0.0,1363.0,1059.65,0,0.0,0,0,18-APR-2022,
OPTIDX,BANKNIFTY,30-Jun-2022,34800.0,PE,0.0,0.0,0.0,1401.8,1094.6,0,0.0,0,0,18-APR-2022,
OPTIDX,BANKNIFTY,30-Jun-2022,34900.0,PE,0.0,0.0,0.0,1441.2,1130.25,0,0.0,0,0,18-APR-2022,
OPTIDX,BANKNIFTY,30-Jun-2022,35000.0,PE,647.45,800.0,636.1,670.65,670.65,581,5186.99,13300,-1400,18-APR-2022,
OPTIDX,BANKNIFTY,30-Jun-2022,35100.0,PE,0.0,0.0,0.0,1522.2,1203.85,0,0.0,0,0,18-APR-2022,
OPTIDX,BANKNIFTY,30-Jun-2022,35200.0,PE,0.0,0.0,0.0,1563.7,1241.8,0,0.0,0,0,18-APR-2022,
OPTIDX,BANKNIFTY,30-Jun-2022,35300.0,PE,0.0,0.0,0.0,1605.95,1280.5,0,0.0,0,0,18-APR-2022,
OPTIDX,BANKNIFTY,30-Jun-2022,35400.0,PE,0.0,0.0,0.0,1648.85,1319.95,0,0.0,0,0,18-APR-2022,
OPTIDX,BANKNIFTY,30-Jun-2022,35500.0,PE,850.0,956.65,760.15,804.8,804.8,85,772.64,4250,575,18-APR-2022,
OPTIDX,BANKNIFTY,30-Jun-2022,35600.0,PE,0.0,0.0,0.0,1736.75,1401.15,0,0.0,0,0,18-APR-2022,
OPTIDX,BANKNIFTY,30-Jun-2022,35700.0,PE,0.0,0.0,0.0,1781.75,1442.95,0,0.0,0,0,18-APR-2022,
OPTIDX,BANKNIFTY,30-Jun-2022,35800.0,PE,0.0,0.0,0.0,1827.4,1485.45,0,0.0,0,0,18-APR-2022,
OPTIDX,BANKNIFTY,30-Jun-2022,35900.0,PE,0.0,0.0,0.0,1873.8,1528.75,0,0.0,0,0,18-APR-2022,
OPTIDX,BANKNIFTY,30-Jun-2022,36000.0,PE,1022.75,1138.7,930.0,985.8,985.8,383,3544.61,9400,-525,18-APR-2022,
OPTIDX,BANKNIFTY,30-Jun-2022,36100.0,PE,774.85,774.85,774.85,774.85,1617.6,1,9.21,25,0,18-APR-2022,
OPTIDX,BANKNIFTY,30-Jun-2022,36200.0,PE,0.0,0.0,0.0,2017.05,1663.2,0,0.0,0,0,18-APR-2022,
OPTIDX,BANKNIFTY,30-Jun-2022,36300.0,PE,0.0,0.0,0.0,2066.05,1709.55,0,0.0,0,0,18-APR-2022,
OPTIDX,BANKNIFTY,30-Jun-2022,36400.0,PE,0.0,0.0,0.0,2115.85,1756.7,0,0.0,0,0,18-APR-2022,
OPTIDX,BANKNIFTY,30-Jun-2022,36500.0,PE,1168.55,1360.0,1108.2,1202.65,1202.65,148,1395.96,2750,1800,18-APR-2022,
OPTIDX,BANKNIFTY,30-Jun-2022,36600.0,PE,0.0,0.0,0.0,2217.55,1853.25,0,0.0,0,0,18-APR-2022,
OPTIDX,BANKNIFTY,30-Jun-2022,36700.0,PE,0.0,0.0,0.0,2269.4,1902.5,0,0.0,0,0,18-APR-2022,
OPTIDX,BANKNIFTY,30-Jun-2022,36800.0,PE,1403.3,1947.3,1324.0,1398.65,1398.65,80,768.89,1000,1000,18-APR-2022,
OPTIDX,BANKNIFTY,30-Jun-2022,36900.0,PE,0.0,0.0,0.0,2375.15,2003.6,0,0.0,0,0,18-APR-2022,
OPTIDX,BANKNIFTY,30-Jun-2022,37000.0,PE,1404.25,1576.3,1330.0,1365.7,1365.7,261,2508.16,5525,975,18-APR-2022,
OPTIDX,BANKNIFTY,30-Jun-2022,37100.0,PE,0.0,0.0,0.0,2483.6,2107.75,0,0.0,0,0,18-APR-2022,
OPTIDX,BANKNIFTY,30-Jun-2022,37200.0,PE,0.0,0.0,0.0,2538.8,2160.9,0,0.0,0,0,18-APR-2022,
OPTIDX,BANKNIFTY,30-Jun-2022,37300.0,PE,0.0,0.0,0.0,2594.65,2214.85,0,0.0,0,0,18-APR-2022,
OPTIDX,BANKNIFTY,30-Jun-2022,37400.0,PE,0.0,0.0,0.0,2015.6,2269.5,0,0.0,25,0,18-APR-2022,
OPTIDX,BANKNIFTY,30-Jun-2022,37500.0,PE,1450.0,1830.0,1450.0,1588.35,1588.35,163,1595.51,4800,1125,18-APR-2022,
OPTIDX,BANKNIFTY,30-Jun-2022,37600.0,PE,1340.1,1668.05,1340.1,1668.0,2381.1,3,29.36,100,-75,18-APR-2022,
OPTIDX,BANKNIFTY,30-Jun-2022,37700.0,PE,0.0,0.0,0.0,2824.7,2437.95,0,0.0,0,0,18-APR-2022,
OPTIDX,BANKNIFTY,30-Jun-2022,37800.0,PE,0.0,0.0,0.0,2883.8,2495.55,0,0.0,0,0,18-APR-2022,
OPTIDX,BANKNIFTY,30-Jun-2022,37900.0,PE,0.0,0.0,0.0,2943.55,2553.9,0,0.0,0,0,18-APR-2022,
OPTIDX,BANKNIFTY,30-Jun-2022,38000.0,PE,1949.0,2135.0,1846.65,2005.0,2612.9,63,629.72,6350,375,18-APR-2022,
OPTIDX,BANKNIFTY,30-Jun-2022,38100.0,PE,0.0,0.0,0.0,3064.95,2672.65,0,0.0,0,0,18-APR-2022,
OPTIDX,BANKNIFTY,30-Jun-2022,38200.0,PE,0.0,0.0,0.0,3126.6,2733.1,0,0.0,0,0,18-APR-2022,
OPTIDX,BANKNIFTY,30-Jun-2022,38300.0,PE,0.0,0.0,0.0,3188.85,2794.25,0,0.0,0,0,18-APR-2022,
OPTIDX,BANKNIFTY,30-Jun-2022,38400.0,PE,0.0,0.0,0.0,1534.0,2856.1,0,0.0,50,0,18-APR-2022,
OPTIDX,BANKNIFTY,30-Jun-2022,38500.0,PE,2202.35,2336.5,2164.05,2164.05,2164.05,3,30.55,250,-50,18-APR-2022,
OPTIDX,BANKNIFTY,30-Jun-2022,38600.0,PE,0.0,0.0,0.0,3379.25,2981.9,0,0.0,0,0,18-APR-2022,
OPTIDX,BANKNIFTY,30-Jun-2022,38700.0,PE,0.0,0.0,0.0,3443.95,3045.8,0,0.0,0,0,18-APR-2022,
OPTIDX,BANKNIFTY,30-Jun-2022,38800.0,PE,0.0,0.0,0.0,1459.25,3110.35,0,0.0,250,0,18-APR-2022,
OPTIDX,BANKNIFTY,30-Jun-2022,38900.0,PE,0.0,0.0,0.0,3575.05,3175.6,0,0.0,0,0,18-APR-2022,
OPTIDX,BANKNIFTY,30-Jun-2022,39000.0,PE,2505.0,2785.5,2500.0,2576.35,2576.35,19,197.59,1900,50,18-APR-2022,
OPTIDX,BANKNIFTY,30-Jun-2022,39100.0,PE,0.0,0.0,0.0,3708.55,3308.0,0,0.0,0,0,18-APR-2022,
OPTIDX,BANKNIFTY,30-Jun-2022,39200.0,PE,0.0,0.0,0.0,3776.1,3375.2,0,0.0,0,0,18-APR-2022,
OPTIDX,BANKNIFTY,30-Jun-2022,39300.0,PE,0.0,0.0,0.0,3844.25,3443.0,0,0.0,0,0,18-APR-2022,
OPTIDX,BANKNIFTY,30-Jun-2022,39400.0,PE,0.0,0.0,0.0,3912.95,3511.45,0,0.0,0,0,18-APR-2022,
OPTIDX,BANKNIFTY,30-Jun-2022,39500.0,PE,0.0,0.0,0.0,3982.25,3580.55,0,0.0,0,0,18-APR-2022,
OPTIDX,BANKNIFTY,30-Jun-2022,39600.0,PE,0.0,0.0,0.0,4052.05,3650.2,0,0.0,0,0,18-APR-2022,
OPTIDX,BANKNIFTY,30-Jun-2022,39700.0,PE,0.0,0.0,0.0,4122.4,3720.5,0,0.0,0,0,18-APR-2022,
OPTIDX,BANKNIFTY,30-Jun-2022,39800.0,PE,0.0,0.0,0.0,4193.25,3791.4,0,0.0,0,0,18-APR-2022,
OPTIDX,BANKNIFTY,30-Jun-2022,39900.0,PE,0.0,0.0,0.0,4264.65,3862.9,0,0.0,0,0,18-APR-2022,
OPTIDX,BANKNIFTY,30-Jun-2022,40000.0,PE,3300.0,3480.0,3300.0,3480.0,3934.95,8,86.73,325,100,18-APR-2022,
OPTIDX,BANKNIFTY,30-Jun-2022,40100.0,PE,0.0,0.0,0.0,4409.05,4007.65,0,0.0,0,0,18-APR-2022,
OPTIDX,BANKNIFTY,30-Jun-2022,40200.0,PE,0.0,0.0,0.0,4482.0,4080.85,0,0.0,0,0,18-APR-2022,
OPTIDX,BANKNIFTY,30-Jun-2022,40300.0,PE,0.0,0.0,0.0,4555.45,4156.3,0,0.0,0,0,18-APR-2022,
OPTIDX,BANKNIFTY,30-Jun-2022,40400.0,PE,0.0,0.0,0.0,4631.15,4230.75,0,0.0,0,0,18-APR-2022,
OPTIDX,BANKNIFTY,30-Jun-2022,40500.0,PE,0.0,0.0,0.0,7895.8,4305.75,0,0.0,0,0,18-APR-2022,
OPTIDX,BANKNIFTY,30-Jun-2022,40600.0,PE,0.0,0.0,0.0,4217.55,4381.25,0,0.0,0,0,18-APR-2022,
OPTIDX,BANKNIFTY,30-Jun-2022,40700.0,PE,0.0,0.0,0.0,4289.05,4457.35,0,0.0,0,0,18-APR-2022,
OPTIDX,BANKNIFTY,30-Jun-2022,40800.0,PE,0.0,0.0,0.0,4361.1,4533.9,0,0.0,0,0,18-APR-2022,
OPTIDX,BANKNIFTY,30-Jun-2022,40900.0,PE,0.0,0.0,0.0,4433.65,4611.05,0,0.0,0,0,18-APR-2022,
OPTIDX,BANKNIFTY,30-Jun-2022,41000.0,PE,0.0,0.0,0.0,4506.75,4688.65,0,0.0,0,0,18-APR-2022,
OPTIDX,BANKNIFTY,30-Jun-2022,41100.0,PE,0.0,0.0,0.0,4580.35,4766.75,0,0.0,0,0,18-APR-2022,
OPTIDX,BANKNIFTY,30-Jun-2022,41200.0,PE,0.0,0.0,0.0,3680.3,4843.75,0,0.0,0,0,18-APR-2022,
OPTIDX,BANKNIFTY,30-Jun-2022,41300.0,PE,0.0,0.0,0.0,3746.45,4922.75,0,0.0,0,0,18-APR-2022,
OPTIDX,BANKNIFTY,30-Jun-2022,41400.0,PE,0.0,0.0,0.0,3813.2,5002.2,0,0.0,0,0,18-APR-2022,
OPTIDX,BANKNIFTY,30-Jun-2022,41500.0,PE,0.0,0.0,0.0,3880.5,5082.15,0,0.0,0,0,18-APR-2022,
OPTIDX,BANKNIFTY,30-Jun-2022,41600.0,PE,0.0,0.0,0.0,3948.3,5162.55,0,0.0,0,0,18-APR-2022,
OPTIDX,BANKNIFTY,30-Jun-2022,41700.0,PE,0.0,0.0,0.0,4016.7,5243.4,0,0.0,0,0,18-APR-2022,
OPTIDX,BANKNIFTY,30-Jun-2022,41800.0,PE,0.0,0.0,0.0,4085.6,5324.65,0,0.0,0,0,18-APR-2022,
OPTIDX,BANKNIFTY,30-Jun-2022,41900.0,PE,0.0,0.0,0.0,4155.05,5406.4,0,0.0,0,0,18-APR-2022,
OPTIDX,BANKNIFTY,30-Jun-2022,42000.0,PE,4600.0,5141.2,4600.0,5076.15,5488.5,16,187.87,525,400,18-APR-2022,
OPTIDX,BANKNIFTY,30-Jun-2022,42100.0,PE,0.0,0.0,0.0,4295.55,5571.1,0,0.0,0,0,18-APR-2022,
OPTIDX,BANKNIFTY,30-Jun-2022,42200.0,PE,0.0,0.0,0.0,4366.55,5654.05,0,0.0,0,0,18-APR-2022,
OPTIDX,BANKNIFTY,30-Jun-2022,42300.0,PE,0.0,0.0,0.0,4438.05,5737.4,0,0.0,0,0,18-APR-2022,
OPTIDX,BANKNIFTY,30-Jun-2022,42400.0,PE,0.0,0.0,0.0,4510.1,5821.2,0,0.0,0,0,18-APR-2022,
OPTIDX,BANKNIFTY,30-Jun-2022,42500.0,PE,0.0,0.0,0.0,4582.6,5905.35,0,0.0,0,0,18-APR-2022,
OPTIDX,BANKNIFTY,30-Jun-2022,42600.0,PE,0.0,0.0,0.0,4655.65,5989.9,0,0.0,0,0,18-APR-2022,
OPTIDX,BANKNIFTY,30-Jun-2022,43500.0,PE,0.0,0.0,0.0,7389.05,6766.7,0,0.0,0,0,18-APR-2022,
OPTIDX,BANKNIFTY,30-Jun-2022,45000.0,PE,0.0,0.0,0.0,8275.85,8114.9,0,0.0,0,0,18-APR-2022,
OPTIDX,BANKNIFTY,30-Jun-2022,46500.0,PE,0.0,0.0,0.0,8308.15,9512.75,0,0.0,0,0,18-APR-2022,
OPTIDX,BANKNIFTY,29-Sep-2022,25500.0,CE,0.0,0.0,0.0,8380.75,11802.2,0,0.0,0,0,18-APR-2022,
OPTIDX,BANKNIFTY,29-Sep-2022,27000.0,CE,0.0,0.0,0.0,8968.15,10418.5,0,0.0,0,0,18-APR-2022,
OPTIDX,BANKNIFTY,29-Sep-2022,28500.0,CE,0.0,0.0,0.0,9323.7,9090.1,0,0.0,0,0,18-APR-2022,
OPTIDX,BANKNIFTY,29-Sep-2022,30000.0,CE,0.0,0.0,0.0,9919.6,7834.25,0,0.0,0,0,18-APR-2022,
OPTIDX,BANKNIFTY,29-Sep-2022,31500.0,CE,0.0,0.0,0.0,8902.35,6667.0,0,0.0,0,0,18-APR-2022,
OPTIDX,BANKNIFTY,29-Sep-2022,33000.0,CE,0.0,0.0,0.0,7853.65,5602.1,0,0.0,0,0,18-APR-2022,
OPTIDX,BANKNIFTY,29-Sep-2022,34500.0,CE,0.0,0.0,0.0,7088.7,4646.25,0,0.0,0,0,18-APR-2022,
OPTIDX,BANKNIFTY,29-Sep-2022,36000.0,CE,0.0,0.0,0.0,6293.65,3807.25,0,0.0,0,0,18-APR-2022,
OPTIDX,BANKNIFTY,29-Sep-2022,37500.0,CE,0.0,0.0,0.0,5570.15,3082.35,0,0.0,0,0,18-APR-2022,
OPTIDX,BANKNIFTY,29-Sep-2022,39000.0,CE,0.0,0.0,0.0,4915.6,2467.05,0,0.0,0,0,18-APR-2022,
OPTIDX,BANKNIFTY,29-Sep-2022,40500.0,CE,0.0,0.0,0.0,4326.35,1953.15,0,0.0,0,0,18-APR-2022,
OPTIDX,BANKNIFTY,29-Sep-2022,42000.0,CE,0.0,0.0,0.0,3798.35,1530.4,0,0.0,0,0,18-APR-2022,
OPTIDX,BANKNIFTY,29-Sep-2022,43500.0,CE,0.0,0.0,0.0,1900.85,1190.35,0,0.0,0,0,18-APR-2022,
OPTIDX,BANKNIFTY,29-Sep-2022,45000.0,CE,0.0,0.0,0.0,1702.5,915.15,0,0.0,0,0,18-APR-2022,
OPTIDX,BANKNIFTY,29-Sep-2022,46500.0,CE,0.0,0.0,0.0,1788.6,698.35,0,0.0,0,0,18-APR-2022,
OPTIDX,BANKNIFTY,29-Sep-2022,25500.0,PE,0.0,0.0,0.0,409.35,90.85,0,0.0,0,0,18-APR-2022,
OPTIDX,BANKNIFTY,29-Sep-2022,27000.0,PE,0.0,0.0,0.0,136.6,178.8,0,0.0,25,0,18-APR-2022,
OPTIDX,BANKNIFTY,29-Sep-2022,28500.0,PE,0.0,0.0,0.0,870.55,322.05,0,0.0,0,0,18-APR-2022,
OPTIDX,BANKNIFTY,29-Sep-2022,30000.0,PE,0.0,0.0,0.0,1364.5,537.8,0,0.0,0,0,18-APR-2022,
OPTIDX,BANKNIFTY,29-Sep-2022,31500.0,PE,200.0,200.0,200.0,200.0,200.0,1,7.92,25,25,18-APR-2022,
OPTIDX,BANKNIFTY,29-Sep-2022,33000.0,PE,0.0,0.0,0.0,2289.15,1248.9,0,0.0,0,0,18-APR-2022,
OPTIDX,BANKNIFTY,29-Sep-2022,34500.0,PE,0.0,0.0,0.0,2864.1,1764.7,0,0.0,0,0,18-APR-2022,
OPTIDX,BANKNIFTY,29-Sep-2022,36000.0,PE,0.0,0.0,0.0,3512.55,2397.3,0,0.0,0,0,18-APR-2022,
OPTIDX,BANKNIFTY,29-Sep-2022,37500.0,PE,0.0,0.0,0.0,4232.55,3144.05,0,0.0,0,0,18-APR-2022,
OPTIDX,BANKNIFTY,29-Sep-2022,39000.0,PE,0.0,0.0,0.0,5021.5,4000.4,0,0.0,0,0,18-APR-2022,
OPTIDX,BANKNIFTY,29-Sep-2022,40500.0,PE,0.0,0.0,0.0,5875.75,4958.1,0,0.0,0,0,18-APR-2022,
OPTIDX,BANKNIFTY,29-Sep-2022,42000.0,PE,0.0,0.0,0.0,6791.25,6007.0,0,0.0,0,0,18-APR-2022,
OPTIDX,BANKNIFTY,29-Sep-2022,43500.0,PE,0.0,0.0,0.0,7687.3,7138.6,0,0.0,0,0,18-APR-2022,
OPTIDX,BANKNIFTY,29-Sep-2022,45000.0,PE,0.0,0.0,0.0,8531.05,8335.0,0,0.0,0,0,18-APR-2022,
OPTIDX,BANKNIFTY,29-Sep-2022,46500.0,PE,0.0,0.0,0.0,8588.85,9589.8,0,0.0,0,0,18-APR-2022,
OPTIDX,BANKNIFTY,29-Dec-2022,25500.0,CE,0.0,0.0,0.0,8897.75,12215.5,0,0.0,0,0,18-APR-2022,
OPTIDX,BANKNIFTY,29-Dec-2022,27000.0,CE,0.0,0.0,0.0,9962.9,10915.25,0,0.0,0,0,18-APR-2022,
OPTIDX,BANKNIFTY,29-Dec-2022,28500.0,CE,0.0,0.0,0.0,8860.1,9678.35,0,0.0,0,0,18-APR-2022,
OPTIDX,BANKNIFTY,29-Dec-2022,30000.0,CE,0.0,0.0,0.0,7834.4,8515.45,0,0.0,0,0,18-APR-2022,
OPTIDX,BANKNIFTY,29-Dec-2022,31500.0,CE,0.0,0.0,0.0,6889.65,7436.0,0,0.0,0,0,18-APR-2022,
OPTIDX,BANKNIFTY,29-Dec-2022,33000.0,CE,0.0,0.0,0.0,6030.45,6442.55,0,0.0,0,0,18-APR-2022,
OPTIDX,BANKNIFTY,29-Dec-2022,34500.0,CE,0.0,0.0,0.0,5253.85,5543.75,0,0.0,0,0,18-APR-2022,
OPTIDX,BANKNIFTY,29-Dec-2022,36000.0,CE,2500.0,2500.0,2500.0,2500.0,4737.85,1,9.62,150,25,18-APR-2022,
OPTIDX,BANKNIFTY,29-Dec-2022,37500.0,CE,0.0,0.0,0.0,1980.0,4022.7,0,0.0,25,0,18-APR-2022,
OPTIDX,BANKNIFTY,29-Dec-2022,39000.0,CE,0.0,0.0,0.0,1246.6,3394.8,0,0.0,25,0,18-APR-2022,
OPTIDX,BANKNIFTY,29-Dec-2022,40500.0,CE,0.0,0.0,0.0,2907.25,2848.5,0,0.0,0,0,18-APR-2022,
OPTIDX,BANKNIFTY,29-Dec-2022,42000.0,CE,0.0,0.0,0.0,2486.15,2377.4,0,0.0,0,0,18-APR-2022,
OPTIDX,BANKNIFTY,29-Dec-2022,43500.0,CE,0.0,0.0,0.0,2249.35,1974.35,0,0.0,0,0,18-APR-2022,
OPTIDX,BANKNIFTY,29-Dec-2022,45000.0,CE,0.0,0.0,0.0,2371.05,1634.75,0,0.0,0,0,18-APR-2022,
OPTIDX,BANKNIFTY,29-Dec-2022,46500.0,CE,0.0,0.0,0.0,2492.5,1347.05,0,0.0,0,0,18-APR-2022,
OPTIDX,BANKNIFTY,29-Dec-2022,25500.0,PE,0.0,0.0,0.0,665.7,240.5,0,0.0,0,0,18-APR-2022,
OPTIDX,BANKNIFTY,29-Dec-2022,27000.0,PE,0.0,0.0,0.0,350.0,396.35,0,0.0,200,0,18-APR-2022,
OPTIDX,BANKNIFTY,29-Dec-2022,28500.0,PE,0.0,0.0,0.0,350.0,615.6,0,0.0,100,0,18-APR-2022,
OPTIDX,BANKNIFTY,29-Dec-2022,30000.0,PE,0.0,0.0,0.0,345.0,908.8,0,0.0,125,0,18-APR-2022,
OPTIDX,BANKNIFTY,29-Dec-2022,31500.0,PE,0.0,0.0,0.0,2067.1,1285.45,0,0.0,0,0,18-APR-2022,
OPTIDX,BANKNIFTY,29-Dec-2022,33000.0,PE,0.0,0.0,0.0,2647.9,1748.1,0,0.0,0,0,18-APR-2022,
OPTIDX,BANKNIFTY,29-Dec-2022,34500.0,PE,0.0,0.0,0.0,3311.35,2305.45,0,0.0,0,0,18-APR-2022,
OPTIDX,BANKNIFTY,29-Dec-2022,36000.0,PE,0.0,0.0,0.0,4054.85,2955.65,0,0.0,0,0,18-APR-2022,
OPTIDX,BANKNIFTY,29-Dec-2022,37500.0,PE,2224.05,2261.05,2224.05,2261.05,3696.65,3,29.8,175,25,18-APR-2022,
OPTIDX,BANKNIFTY,29-Dec-2022,39000.0,PE,0.0,0.0,0.0,5766.75,4524.85,0,0.0,0,0,18-APR-2022,
OPTIDX,BANKNIFTY,29-Dec-2022,40500.0,PE,0.0,0.0,0.0,6724.95,5434.7,0,0.0,0,0,18-APR-2022,
OPTIDX,BANKNIFTY,29-Dec-2022,42000.0,PE,0.0,0.0,0.0,7743.9,6419.65,0,0.0,0,0,18-APR-2022,
OPTIDX,BANKNIFTY,29-Dec-2022,43500.0,PE,0.0,0.0,0.0,8534.85,7472.75,0,0.0,0,0,18-APR-2022,
OPTIDX,BANKNIFTY,29-Dec-2022,45000.0,PE,0.0,0.0,0.0,8756.55,8589.25,0,0.0,0,0,18-APR-2022,
OPTIDX,BANKNIFTY,29-Dec-2022,46500.0,PE,0.0,0.0,0.0,8832.55,9757.7,0,0.0,0,0,18-APR-2022,
OPTIDX,BANKNIFTY,30-Mar-2023,28500.0,CE,0.0,0.0,0.0,10050.15,10244.2,0,0.0,0,0,18-APR-2022,
OPTIDX,BANKNIFTY,30-Mar-2023,30000.0,CE,0.0,0.0,0.0,8978.8,9147.45,0,0.0,0,0,18-APR-2022,
OPTIDX,BANKNIFTY,30-Mar-2023,31500.0,CE,0.0,0.0,0.0,7982.05,8124.95,0,0.0,0,0,18-APR-2022,
OPTIDX,BANKNIFTY,30-Mar-2023,33000.0,CE,0.0,0.0,0.0,7062.55,7180.15,0,0.0,0,0,18-APR-2022,
OPTIDX,BANKNIFTY,30-Mar-2023,34500.0,CE,0.0,0.0,0.0,6223.8,6317.65,0,0.0,0,0,18-APR-2022,
OPTIDX,BANKNIFTY,30-Mar-2023,36000.0,CE,0.0,0.0,0.0,5462.75,5534.7,0,0.0,0,0,18-APR-2022,
OPTIDX,BANKNIFTY,30-Mar-2023,37500.0,CE,0.0,0.0,0.0,4776.75,4828.9,0,0.0,0,0,18-APR-2022,
OPTIDX,BANKNIFTY,30-Mar-2023,39000.0,CE,0.0,0.0,0.0,4162.55,4197.3,0,0.0,0,0,18-APR-2022,
OPTIDX,BANKNIFTY,30-Mar-2023,40500.0,CE,0.0,0.0,0.0,3615.75,3635.55,0,0.0,0,0,18-APR-2022,
OPTIDX,BANKNIFTY,30-Mar-2023,42000.0,CE,0.0,0.0,0.0,3131.6,3138.75,0,0.0,0,0,18-APR-2022,
OPTIDX,BANKNIFTY,30-Mar-2023,43500.0,CE,0.0,0.0,0.0,2705.0,2701.8,0,0.0,0,0,18-APR-2022,
OPTIDX,BANKNIFTY,30-Mar-2023,45000.0,CE,0.0,0.0,0.0,2579.85,2321.25,0,0.0,0,0,18-APR-2022,
OPTIDX,BANKNIFTY,30-Mar-2023,46500.0,CE,0.0,0.0,0.0,2753.65,1988.75,0,0.0,0,0,18-APR-2022,
OPTIDX,BANKNIFTY,30-Mar-2023,28500.0,PE,0.0,0.0,0.0,996.6,889.85,0,0.0,0,0,18-APR-2022,
OPTIDX,BANKNIFTY,30-Mar-2023,30000.0,PE,0.0,0.0,0.0,1363.15,1233.85,0,0.0,0,0,18-APR-2022,
OPTIDX,BANKNIFTY,30-Mar-2023,31500.0,PE,0.0,0.0,0.0,1804.25,1652.1,0,0.0,0,0,18-APR-2022,
OPTIDX,BANKNIFTY,30-Mar-2023,33000.0,PE,0.0,0.0,0.0,2322.65,2148.1,0,0.0,0,0,18-APR-2022,
OPTIDX,BANKNIFTY,30-Mar-2023,34500.0,PE,0.0,0.0,0.0,2921.8,2726.35,0,0.0,0,0,18-APR-2022,
OPTIDX,BANKNIFTY,30-Mar-2023,36000.0,PE,0.0,0.0,0.0,3598.65,3384.15,0,0.0,0,0,18-APR-2022,
OPTIDX,BANKNIFTY,30-Mar-2023,37500.0,PE,0.0,0.0,0.0,4350.55,4119.15,0,0.0,0,0,18-APR-2022,
OPTIDX,BANKNIFTY,30-Mar-2023,39000.0,PE,0.0,0.0,0.0,5174.25,4928.3,0,0.0,0,0,18-APR-2022,
OPTIDX,BANKNIFTY,30-Mar-2023,40500.0,PE,0.0,0.0,0.0,6065.4,5807.3,0,0.0,0,0,18-APR-2022,
OPTIDX,BANKNIFTY,30-Mar-2023,42000.0,PE,0.0,0.0,0.0,7019.1,6751.3,0,0.0,0,0,18-APR-2022,
OPTIDX,BANKNIFTY,30-Mar-2023,43500.0,PE,0.0,0.0,0.0,8030.4,7755.15,0,0.0,0,0,18-APR-2022,
OPTIDX,BANKNIFTY,30-Mar-2023,45000.0,PE,0.0,0.0,0.0,8583.3,8815.35,0,0.0,0,0,18-APR-2022,
OPTIDX,BANKNIFTY,30-Mar-2023,46500.0,PE,0.0,0.0,0.0,8735.95,9923.6,0,0.0,0,0,18-APR-2022,
OPTIDX,FINNIFTY,19-Apr-2022,12400.0,CE,0.0,0.0,0.0,3060.45,4636.05,0,0.0,0,0,18-APR-2022,
OPTIDX,FINNIFTY,19-Apr-2022,12500.0,CE,0.0,0.0,0.0,2962.85,4536.1,0,0.0,0,0,18-APR-2022,
OPTIDX,FINNIFTY,19-Apr-2022,12600.0,CE,0.0,0.0,0.0,2865.7,4436.1,0,0.0,0,0,18-APR-2022,
OPTIDX,FINNIFTY,19-Apr-2022,12700.0,CE,0.0,0.0,0.0,2768.95,4336.1,0,0.0,0,0,18-APR-2022,
OPTIDX,FINNIFTY,19-Apr-2022,12800.0,CE,0.0,0.0,0.0,2672.8,4236.1,0,0.0,0,0,18-APR-2022,
OPTIDX,FINNIFTY,19-Apr-2022,12900.0,CE,0.0,0.0,0.0,2577.2,4136.1,0,0.0,0,0,18-APR-2022,
OPTIDX,FINNIFTY,19-Apr-2022,13000.0,CE,0.0,0.0,0.0,2482.3,4036.15,0,0.0,0,0,18-APR-2022,
OPTIDX,FINNIFTY,19-Apr-2022,13100.0,CE,0.0,0.0,0.0,3058.45,3936.15,0,0.0,0,0,18-APR-2022,
OPTIDX,FINNIFTY,19-Apr-2022,13200.0,CE,0.0,0.0,0.0,2961.6,3836.15,0,0.0,0,0,18-APR-2022,
OPTIDX,FINNIFTY,19-Apr-2022,13300.0,CE,0.0,0.0,0.0,2865.2,3736.15,0,0.0,0,0,18-APR-2022,
OPTIDX,FINNIFTY,19-Apr-2022,13400.0,CE,0.0,0.0,0.0,3048.45,3636.2,0,0.0,0,0,18-APR-2022,
OPTIDX,FINNIFTY,19-Apr-2022,13500.0,CE,0.0,0.0,0.0,3134.75,3536.2,0,0.0,0,0,18-APR-2022,
OPTIDX,FINNIFTY,19-Apr-2022,13600.0,CE,0.0,0.0,0.0,3039.0,3436.2,0,0.0,0,0,18-APR-2022,
OPTIDX,FINNIFTY,19-Apr-2022,13700.0,CE,0.0,0.0,0.0,2943.8,3336.2,0,0.0,0,0,18-APR-2022,
OPTIDX,FINNIFTY,19-Apr-2022,13800.0,CE,0.0,0.0,0.0,2849.25,3236.2,0,0.0,0,0,18-APR-2022,
OPTIDX,FINNIFTY,19-Apr-2022,13900.0,CE,0.0,0.0,0.0,2755.4,3136.25,0,0.0,0,0,18-APR-2022,
OPTIDX,FINNIFTY,19-Apr-2022,14000.0,CE,0.0,0.0,0.0,2662.25,3036.25,0,0.0,0,0,18-APR-2022,
OPTIDX,FINNIFTY,19-Apr-2022,14100.0,CE,0.0,0.0,0.0,2570.0,2936.25,0,0.0,0,0,18-APR-2022,
OPTIDX,FINNIFTY,19-Apr-2022,14200.0,CE,0.0,0.0,0.0,2478.6,2836.25,0,0.0,0,0,18-APR-2022,
OPTIDX,FINNIFTY,19-Apr-2022,14300.0,CE,0.0,0.0,0.0,2388.2,2736.3,0,0.0,0,0,18-APR-2022,
OPTIDX,FINNIFTY,19-Apr-2022,14400.0,CE,0.0,0.0,0.0,3148.25,2636.3,0,0.0,0,0,18-APR-2022,
OPTIDX,FINNIFTY,19-Apr-2022,14500.0,CE,0.0,0.0,0.0,3188.3,2536.3,0,0.0,0,0,18-APR-2022,
OPTIDX,FINNIFTY,19-Apr-2022,14600.0,CE,0.0,0.0,0.0,3134.9,2436.3,0,0.0,0,0,18-APR-2022,
OPTIDX,FINNIFTY,19-Apr-2022,14700.0,CE,0.0,0.0,0.0,3042.1,2336.35,0,0.0,0,0,18-APR-2022,
OPTIDX,FINNIFTY,19-Apr-2022,14800.0,CE,0.0,0.0,0.0,2950.05,2236.35,0,0.0,0,0,18-APR-2022,
OPTIDX,FINNIFTY,19-Apr-2022,14900.0,CE,0.0,0.0,0.0,2858.8,2136.35,0,0.0,0,0,18-APR-2022,
OPTIDX,FINNIFTY,19-Apr-2022,15000.0,CE,0.0,0.0,0.0,2768.45,2036.35,0,0.0,0,0,18-APR-2022,
OPTIDX,FINNIFTY,19-Apr-2022,15100.0,CE,0.0,0.0,0.0,2678.95,1936.35,0,0.0,0,0,18-APR-2022,
OPTIDX,FINNIFTY,19-Apr-2022,15200.0,CE,0.0,0.0,0.0,2590.5,1836.4,0,0.0,0,0,18-APR-2022,
OPTIDX,FINNIFTY,19-Apr-2022,15300.0,CE,0.0,0.0,0.0,2503.05,1736.4,0,0.0,0,0,18-APR-2022,
OPTIDX,FINNIFTY,19-Apr-2022,15400.0,CE,0.0,0.0,0.0,2416.7,1636.4,0,0.0,0,0,18-APR-2022,
OPTIDX,FINNIFTY,19-Apr-2022,15500.0,CE,0.0,0.0,0.0,2331.5,1536.4,0,0.0,0,0,18-APR-2022,
OPTIDX,FINNIFTY,19-Apr-2022,15600.0,CE,0.0,0.0,0.0,2247.55,1436.45,0,0.0,0,0,18-APR-2022,
OPTIDX,FINNIFTY,19-Apr-2022,15700.0,CE,0.0,0.0,0.0,2164.85,1336.45,0,0.0,0,0,18-APR-2022,
OPTIDX,FINNIFTY,19-Apr-2022,15800.0,CE,0.0,0.0,0.0,2083.5,1236.45,0,0.0,0,0,18-APR-2022,
OPTIDX,FINNIFTY,19-Apr-2022,15900.0,CE,0.0,0.0,0.0,2003.6,1136.45,0,0.0,0,0,18-APR-2022,
OPTIDX,FINNIFTY,19-Apr-2022,16000.0,CE,0.0,0.0,0.0,1925.1,1036.45,0,0.0,0,0,18-APR-2022,
OPTIDX,FINNIFTY,19-Apr-2022,16100.0,CE,0.0,0.0,0.0,1848.1,936.5,0,0.0,0,0,18-APR-2022,
OPTIDX,FINNIFTY,19-Apr-2022,16200.0,CE,0.0,0.0,0.0,1772.65,836.55,0,0.0,0,0,18-APR-2022,
OPTIDX,FINNIFTY,19-Apr-2022,16300.0,CE,0.0,0.0,0.0,1699.45,736.75,0,0.0,0,0,18-APR-2022,
OPTIDX,FINNIFTY,19-Apr-2022,16400.0,CE,0.0,0.0,0.0,1627.15,637.25,0,0.0,0,0,18-APR-2022,
OPTIDX,FINNIFTY,19-Apr-2022,16500.0,CE,0.0,0.0,0.0,1555.85,538.75,0,0.0,0,0,18-APR-2022,
OPTIDX,FINNIFTY,19-Apr-2022,16600.0,CE,510.7,511.95,510.7,511.15,511.15,6,41.06,240,240,18-APR-2022,
OPTIDX,FINNIFTY,19-Apr-2022,16700.0,CE,0.0,0.0,0.0,1420.15,350.15,0,0.0,0,0,18-APR-2022,
OPTIDX,FINNIFTY,19-Apr-2022,16800.0,CE,0.0,0.0,0.0,1355.0,264.85,0,0.0,0,0,18-APR-2022,
OPTIDX,FINNIFTY,19-Apr-2022,16900.0,CE,220.0,250.0,197.2,216.1,216.1,8,54.77,120,120,18-APR-2022,
OPTIDX,FINNIFTY,19-Apr-2022,17000.0,CE,220.0,231.75,90.0,146.55,146.55,390,2671.75,4960,4960,18-APR-2022,
OPTIDX,FINNIFTY,19-Apr-2022,17100.0,CE,30.0,165.0,30.0,80.9,80.9,969,6660.29,6480,6480,18-APR-2022,
OPTIDX,FINNIFTY,19-Apr-2022,17200.0,CE,129.95,129.95,27.05,39.85,39.85,1704,11760.76,9280,9280,18-APR-2022,
OPTIDX,FINNIFTY,19-Apr-2022,17300.0,CE,120.05,120.05,13.1,19.3,19.3,1681,11653.9,12280,12280,18-APR-2022,
OPTIDX,FINNIFTY,19-Apr-2022,17400.0,CE,100.05,100.05,6.15,8.15,8.15,1745,12155.32,23600,23560,18-APR-2022,
OPTIDX,FINNIFTY,19-Apr-2022,17500.0,CE,151.9,151.9,3.5,4.45,4.45,3488,24430.07,46000,45760,18-APR-2022,
OPTIDX,FINNIFTY,19-Apr-2022,17600.0,CE,69.0,69.0,2.1,2.85,2.85,1568,11042.31,15680,15440,18-APR-2022,
OPTIDX,FINNIFTY,19-Apr-2022,17700.0,CE,1.1,15.95,1.1,2.25,2.25,1075,7612.62,15880,15640,18-APR-2022,
OPTIDX,FINNIFTY,19-Apr-2022,17800.0,CE,10.0,10.0,1.6,1.8,1.8,895,6373.27,10440,9480,18-APR-2022,
OPTIDX,FINNIFTY,19-Apr-2022,17900.0,CE,16.95,16.95,1.4,1.65,1.65,599,4289.36,14440,13600,18-APR-2022,
OPTIDX,FINNIFTY,19-Apr-2022,18000.0,CE,9.4,9.4,1.15,1.35,1.35,1422,10239.38,24600,22080,18-APR-2022,
OPTIDX,FINNIFTY,19-Apr-2022,18100.0,CE,1.5,1.5,0.7,0.7,0.7,27,195.49,760,360,18-APR-2022,
OPTIDX,FINNIFTY,19-Apr-2022,18200.0,CE,2.0,2.2,0.25,1.25,1.25,339,2468.09,5800,5240,18-APR-2022,
OPTIDX,FINNIFTY,19-Apr-2022,18300.0,CE,0.0,0.0,0.0,599.5,0.0,0,0.0,0,0,18-APR-2022,
OPTIDX,FINNIFTY,19-Apr-2022,18400.0,CE,3.5,3.5,0.5,1.0,1.0,12,88.32,400,80,18-APR-2022,
OPTIDX,FINNIFTY,19-Apr-2022,18500.0,CE,2.45,2.95,0.15,0.3,0.3,104,769.63,1400,360,18-APR-2022,
OPTIDX,FINNIFTY,19-Apr-2022,18600.0,CE,0.2,1.95,0.2,1.95,0.0,40,297.61,560,0,18-APR-2022,
OPTIDX,FINNIFTY,19-Apr-2022,18700.0,CE,3.15,3.15,0.1,1.3,0.0,23,172.05,40,40,18-APR-2022,
OPTIDX,FINNIFTY,19-Apr-2022,18800.0,CE,0.0,0.0,0.0,436.1,0.0,0,0.0,0,0,18-APR-2022,
OPTIDX,FINNIFTY,19-Apr-2022,18900.0,CE,0.0,0.0,0.0,408.05,0.0,0,0.0,0,0,18-APR-2022,
OPTIDX,FINNIFTY,19-Apr-2022,19000.0,CE,0.0,0.0,0.0,381.5,0.0,0,0.0,0,0,18-APR-2022,
OPTIDX,FINNIFTY,19-Apr-2022,19100.0,CE,0.0,0.0,0.0,1.1,0.0,0,0.0,0,0,18-APR-2022,
OPTIDX,FINNIFTY,19-Apr-2022,19200.0,CE,1.1,1.1,1.1,1.1,0.0,1,7.68,40,40,18-APR-2022,
OPTIDX,FINNIFTY,19-Apr-2022,19300.0,CE,0.0,0.0,0.0,311.15,0.0,0,0.0,0,0,18-APR-2022,
OPTIDX,FINNIFTY,19-Apr-2022,19400.0,CE,0.0,0.0,0.0,289.25,0.0,0,0.0,0,0,18-APR-2022,
OPTIDX,FINNIFTY,19-Apr-2022,19500.0,CE,0.0,0.0,0.0,269.25,0.0,0,0.0,0,0,18-APR-2022,
OPTIDX,FINNIFTY,19-Apr-2022,19600.0,CE,0.0,0.0,0.0,250.4,0.0,0,0.0,0,0,18-APR-2022,
OPTIDX,FINNIFTY,19-Apr-2022,19700.0,CE,0.0,0.0,0.0,232.65,0.0,0,0.0,0,0,18-APR-2022,
OPTIDX,FINNIFTY,19-Apr-2022,19800.0,CE,0.0,0.0,0.0,216.0,0.0,0,0.0,0,0,18-APR-2022,
OPTIDX,FINNIFTY,19-Apr-2022,19900.0,CE,0.0,0.0,0.0,200.35,0.0,0,0.0,0,0,18-APR-2022,
OPTIDX,FINNIFTY,19-Apr-2022,20000.0,CE,0.0,0.0,0.0,185.7,0.0,0,0.0,0,0,18-APR-2022,
OPTIDX,FINNIFTY,19-Apr-2022,20100.0,CE,0.0,0.0,0.0,171.95,0.0,0,0.0,0,0,18-APR-2022,
OPTIDX,FINNIFTY,19-Apr-2022,20200.0,CE,0.0,0.0,0.0,159.1,0.0,0,0.0,0,0,18-APR-2022,
OPTIDX,FINNIFTY,19-Apr-2022,20300.0,CE,0.0,0.0,0.0,147.05,0.0,0,0.0,0,0,18-APR-2022,
OPTIDX,FINNIFTY,19-Apr-2022,20400.0,CE,0.0,0.0,0.0,135.85,0.0,0,0.0,0,0,18-APR-2022,
OPTIDX,FINNIFTY,19-Apr-2022,20500.0,CE,0.0,0.0,0.0,125.35,0.0,0,0.0,0,0,18-APR-2022,
OPTIDX,FINNIFTY,19-Apr-2022,20600.0,CE,0.0,0.0,0.0,115.6,0.0,0,0.0,0,0,18-APR-2022,
OPTIDX,FINNIFTY,19-Apr-2022,20700.0,CE,0.0,0.0,0.0,9.9,0.0,0,0.0,0,0,18-APR-2022,
OPTIDX,FINNIFTY,19-Apr-2022,20800.0,CE,0.0,0.0,0.0,8.0,0.0,0,0.0,0,0,18-APR-2022,
OPTIDX,FINNIFTY,19-Apr-2022,20900.0,CE,0.0,0.0,0.0,6.45,0.0,0,0.0,0,0,18-APR-2022,
OPTIDX,FINNIFTY,19-Apr-2022,21000.0,CE,0.0,0.0,0.0,5.2,0.0,0,0.0,0,0,18-APR-2022,
OPTIDX,FINNIFTY,19-Apr-2022,21100.0,CE,0.0,0.0,0.0,4.15,0.0,0,0.0,0,0,18-APR-2022,
OPTIDX,FINNIFTY,19-Apr-2022,21200.0,CE,0.0,0.0,0.0,3.3,0.0,0,0.0,0,0,18-APR-2022,
OPTIDX,FINNIFTY,19-Apr-2022,21300.0,CE,0.0,0.0,0.0,2.6,0.0,0,0.0,0,0,18-APR-2022,
OPTIDX,FINNIFTY,19-Apr-2022,12400.0,PE,0.0,0.0,0.0,7.8,0.0,0,0.0,0,0,18-APR-2022,
OPTIDX,FINNIFTY,19-Apr-2022,12500.0,PE,0.0,0.0,0.0,9.7,0.0,0,0.0,0,0,18-APR-2022,
OPTIDX,FINNIFTY,19-Apr-2022,12600.0,PE,0.0,0.0,0.0,12.05,0.0,0,0.0,0,0,18-APR-2022,
OPTIDX,FINNIFTY,19-Apr-2022,12700.0,PE,0.0,0.0,0.0,14.85,0.0,0,0.0,0,0,18-APR-2022,
OPTIDX,FINNIFTY,19-Apr-2022,12800.0,PE,0.0,0.0,0.0,18.15,0.0,0,0.0,0,0,18-APR-2022,
OPTIDX,FINNIFTY,19-Apr-2022,12900.0,PE,0.0,0.0,0.0,22.1,0.0,0,0.0,0,0,18-APR-2022,
OPTIDX,FINNIFTY,19-Apr-2022,13000.0,PE,0.0,0.0,0.0,26.7,0.0,0,0.0,0,0,18-APR-2022,
OPTIDX,FINNIFTY,19-Apr-2022,13100.0,PE,0.0,0.0,0.0,11.85,0.0,0,0.0,0,0,18-APR-2022,
OPTIDX,FINNIFTY,19-Apr-2022,13200.0,PE,0.0,0.0,0.0,14.45,0.0,0,0.0,0,0,18-APR-2022,
OPTIDX,FINNIFTY,19-Apr-2022,13300.0,PE,0.0,0.0,0.0,17.55,0.0,0,0.0,0,0,18-APR-2022,
OPTIDX,FINNIFTY,19-Apr-2022,13400.0,PE,0.0,0.0,0.0,16.95,0.0,0,0.0,0,0,18-APR-2022,
OPTIDX,FINNIFTY,19-Apr-2022,13500.0,PE,0.0,0.0,0.0,19.15,0.0,0,0.0,0,0,18-APR-2022,
OPTIDX,FINNIFTY,19-Apr-2022,13600.0,PE,0.0,0.0,0.0,22.8,0.0,0,0.0,0,0,18-APR-2022,
OPTIDX,FINNIFTY,19-Apr-2022,13700.0,PE,0.0,0.0,0.0,27.0,0.0,0,0.0,0,0,18-APR-2022,
OPTIDX,FINNIFTY,19-Apr-2022,13800.0,PE,0.0,0.0,0.0,31.8,0.0,0,0.0,0,0,18-APR-2022,
OPTIDX,FINNIFTY,19-Apr-2022,13900.0,PE,0.0,0.0,0.0,37.3,0.0,0,0.0,0,0,18-APR-2022,
OPTIDX,FINNIFTY,19-Apr-2022,14000.0,PE,0.0,0.0,0.0,43.6,0.0,0,0.0,0,0,18-APR-2022,
OPTIDX,FINNIFTY,19-Apr-2022,14100.0,PE,0.0,0.0,0.0,50.7,0.0,0,0.0,0,0,18-APR-2022,
OPTIDX,FINNIFTY,19-Apr-2022,14200.0,PE,0.0,0.0,0.0,58.7,0.0,0,0.0,0,0,18-APR-2022,
OPTIDX,FINNIFTY,19-Apr-2022,14300.0,PE,0.0,0.0,0.0,67.65,0.0,0,0.0,0,0,18-APR-2022,
OPTIDX,FINNIFTY,19-Apr-2022,14400.0,PE,0.0,0.0,0.0,28.2,0.0,0,0.0,0,0,18-APR-2022,
OPTIDX,FINNIFTY,19-Apr-2022,14500.0,PE,0.0,0.0,0.0,40.7,0.0,0,0.0,0,0,18-APR-2022,
OPTIDX,FINNIFTY,19-Apr-2022,14600.0,PE,0.0,0.0,0.0,44.75,0.0,0,0.0,0,0,18-APR-2022,
OPTIDX,FINNIFTY,19-Apr-2022,14700.0,PE,0.0,0.0,0.0,51.25,0.0,0,0.0,0,0,18-APR-2022,
OPTIDX,FINNIFTY,19-Apr-2022,14800.0,PE,0.0,0.0,0.0,58.45,0.0,0,0.0,0,0,18-APR-2022,
OPTIDX,FINNIFTY,19-Apr-2022,14900.0,PE,19.0,19.0,19.0,19.0,0.0,1,5.96,40,40,18-APR-2022,
OPTIDX,FINNIFTY,19-Apr-2022,15000.0,PE,0.0,0.0,0.0,75.4,0.0,0,0.0,0,0,18-APR-2022,
OPTIDX,FINNIFTY,19-Apr-2022,15100.0,PE,0.0,0.0,0.0,85.2,0.0,0,0.0,0,0,18-APR-2022,
OPTIDX,FINNIFTY,19-Apr-2022,15200.0,PE,0.0,0.0,0.0,96.0,0.0,0,0.0,0,0,18-APR-2022,
OPTIDX,FINNIFTY,19-Apr-2022,15300.0,PE,0.0,0.0,0.0,107.8,0.0,0,0.0,0,0,18-APR-2022,
OPTIDX,FINNIFTY,19-Apr-2022,15400.0,PE,0.0,0.0,0.0,120.75,0.0,0,0.0,0,0,18-APR-2022,
OPTIDX,FINNIFTY,19-Apr-2022,15500.0,PE,1.0,1.5,1.0,1.0,0.0,34,210.81,1480,1320,18-APR-2022,
OPTIDX,FINNIFTY,19-Apr-2022,15600.0,PE,0.0,0.0,0.0,150.15,0.0,0,0.0,0,0,18-APR-2022,
OPTIDX,FINNIFTY,19-Apr-2022,15700.0,PE,0.0,0.0,0.0,166.75,0.0,0,0.0,0,0,18-APR-2022,
OPTIDX,FINNIFTY,19-Apr-2022,15800.0,PE,0.0,0.0,0.0,184.7,0.0,0,0.0,0,0,18-APR-2022,
OPTIDX,FINNIFTY,19-Apr-2022,15900.0,PE,0.05,0.1,0.05,0.1,0.1,10,63.6,200,200,18-APR-2022,
OPTIDX,FINNIFTY,19-Apr-2022,16000.0,PE,2.45,6.0,0.3,0.75,0.75,184,1177.74,4080,4080,18-APR-2022,
OPTIDX,FINNIFTY,19-Apr-2022,16100.0,PE,5.0,5.0,5.0,5.0,0.05,7,45.09,280,280,18-APR-2022,
OPTIDX,FINNIFTY,19-Apr-2022,16200.0,PE,0.0,0.0,0.0,270.95,0.1,0,0.0,0,0,18-APR-2022,
OPTIDX,FINNIFTY,19-Apr-2022,16300.0,PE,0.0,0.0,0.0,296.95,0.25,0,0.0,0,0,18-APR-2022,
OPTIDX,FINNIFTY,19-Apr-2022,16400.0,PE,0.0,0.0,0.0,323.95,0.75,0,0.0,0,0,18-APR-2022,
OPTIDX,FINNIFTY,19-Apr-2022,16500.0,PE,18.9,18.9,2.25,2.7,2.7,819,5406.67,12720,12720,18-APR-2022,
OPTIDX,FINNIFTY,19-Apr-2022,16600.0,PE,5.5,8.0,2.55,4.0,4.0,774,5140.83,10120,9600,18-APR-2022,
OPTIDX,FINNIFTY,19-Apr-2022,16700.0,PE,13.7,13.7,4.0,6.0,6.0,1166,7792.58,9920,9920,18-APR-2022,
OPTIDX,FINNIFTY,19-Apr-2022,16800.0,PE,15.0,24.0,8.15,11.35,11.35,855,5750.55,7800,7800,18-APR-2022,
OPTIDX,FINNIFTY,19-Apr-2022,16900.0,PE,23.2,41.35,16.0,24.1,24.1,1022,6920.35,7560,7560,18-APR-2022,
OPTIDX,FINNIFTY,19-Apr-2022,17000.0,PE,87.0,122.6,30.0,41.6,41.6,2767,18876.48,14720,13000,18-APR-2022,
OPTIDX,FINNIFTY,19-Apr-2022,17100.0,PE,140.0,174.95,53.35,76.55,76.55,933,6417.11,3920,3400,18-APR-2022,
OPTIDX,FINNIFTY,19-Apr-2022,17200.0,PE,299.0,299.0,100.05,133.15,133.15,536,3721.82,2360,2080,18-APR-2022,
OPTIDX,FINNIFTY,19-Apr-2022,17300.0,PE,997.8,997.8,152.05,205.25,205.25,86,603.54,880,880,18-APR-2022,
OPTIDX,FINNIFTY,19-Apr-2022,17400.0,PE,314.95,322.0,314.95,322.0,375.3,9,63.77,360,360,18-APR-2022,
OPTIDX,FINNIFTY,19-Apr-2022,17500.0,PE,401.3,450.0,401.3,450.0,450.0,6,43.03,280,-80,18-APR-2022,
OPTIDX,FINNIFTY,19-Apr-2022,17600.0,PE,0.0,0.0,0.0,73.0,565.5,0,0.0,0,0,18-APR-2022,
OPTIDX,FINNIFTY,19-Apr-2022,17700.0,PE,427.55,575.05,427.55,575.0,575.0,8,58.36,280,280,18-APR-2022,
OPTIDX,FINNIFTY,19-Apr-2022,17800.0,PE,674.05,694.35,673.45,673.45,763.6,7,51.74,80,80,18-APR-2022,
OPTIDX,FINNIFTY,19-Apr-2022,17900.0,PE,783.2,783.2,783.2,783.2,783.2,9,67.25,360,360,18-APR-2022,
OPTIDX,FINNIFTY,19-Apr-2022,18000.0,PE,892.1,892.1,892.1,892.1,963.35,1,7.55,40,40,18-APR-2022,
OPTIDX,FINNIFTY,19-Apr-2022,18100.0,PE,0.0,0.0,0.0,1061.0,1063.35,0,0.0,0,0,18-APR-2022,
OPTIDX,FINNIFTY,19-Apr-2022,18200.0,PE,0.0,0.0,0.0,1120.9,1163.3,0,0.0,0,0,18-APR-2022,
OPTIDX,FINNIFTY,19-Apr-2022,18300.0,PE,0.0,0.0,0.0,1182.55,1263.3,0,0.0,0,0,18-APR-2022,
OPTIDX,FINNIFTY,19-Apr-2022,18400.0,PE,0.0,0.0,0.0,1245.9,1363.3,0,0.0,0,0,18-APR-2022,
OPTIDX,FINNIFTY,19-Apr-2022,18500.0,PE,0.0,0.0,0.0,1310.9,1463.3,0,0.0,0,0,18-APR-2022,
OPTIDX,FINNIFTY,19-Apr-2022,18600.0,PE,0.0,0.0,0.0,1377.55,1563.3,0,0.0,0,0,18-APR-2022,
OPTIDX,FINNIFTY,19-Apr-2022,18700.0,PE,0.0,0.0,0.0,1445.75,1663.25,0,0.0,0,0,18-APR-2022,
OPTIDX,FINNIFTY,19-Apr-2022,18800.0,PE,0.0,0.0,0.0,1515.5,1763.25,0,0.0,0,0,18-APR-2022,
OPTIDX,FINNIFTY,19-Apr-2022,18900.0,PE,0.0,0.0,0.0,1586.75,1863.25,0,0.0,0,0,18-APR-2022,
OPTIDX,FINNIFTY,19-Apr-2022,19000.0,PE,0.0,0.0,0.0,1659.5,1963.25,0,0.0,0,0,18-APR-2022,
OPTIDX,FINNIFTY,19-Apr-2022,19100.0,PE,0.0,0.0,0.0,1734.45,2063.2,0,0.0,0,0,18-APR-2022,
OPTIDX,FINNIFTY,19-Apr-2022,19200.0,PE,0.0,0.0,0.0,1810.05,2163.2,0,0.0,0,0,18-APR-2022,
OPTIDX,FINNIFTY,19-Apr-2022,19300.0,PE,0.0,0.0,0.0,1886.95,2263.2,0,0.0,0,0,18-APR-2022,
OPTIDX,FINNIFTY,19-Apr-2022,19400.0,PE,0.0,0.0,0.0,1964.3,2363.2,0,0.0,0,0,18-APR-2022,
OPTIDX,FINNIFTY,19-Apr-2022,19500.0,PE,0.0,0.0,0.0,2043.6,2463.15,0,0.0,0,0,18-APR-2022,
OPTIDX,FINNIFTY,19-Apr-2022,19600.0,PE,0.0,0.0,0.0,2124.05,2563.15,0,0.0,0,0,18-APR-2022,
OPTIDX,FINNIFTY,19-Apr-2022,19700.0,PE,0.0,0.0,0.0,2205.6,2663.15,0,0.0,0,0,18-APR-2022,
OPTIDX,FINNIFTY,19-Apr-2022,19800.0,PE,0.0,0.0,0.0,2288.2,2763.15,0,0.0,0,0,18-APR-2022,
OPTIDX,FINNIFTY,19-Apr-2022,19900.0,PE,0.0,0.0,0.0,2371.85,2863.15,0,0.0,0,0,18-APR-2022,
OPTIDX,FINNIFTY,19-Apr-2022,20000.0,PE,0.0,0.0,0.0,2456.45,2963.1,0,0.0,0,0,18-APR-2022,
OPTIDX,FINNIFTY,19-Apr-2022,20100.0,PE,0.0,0.0,0.0,2542.0,3063.1,0,0.0,0,0,18-APR-2022,
OPTIDX,FINNIFTY,19-Apr-2022,20200.0,PE,0.0,0.0,0.0,2628.4,3163.1,0,0.0,0,0,18-APR-2022,
OPTIDX,FINNIFTY,19-Apr-2022,20300.0,PE,0.0,0.0,0.0,2715.65,3263.1,0,0.0,0,0,18-APR-2022,
OPTIDX,FINNIFTY,19-Apr-2022,20400.0,PE,0.0,0.0,0.0,2803.7,3363.05,0,0.0,0,0,18-APR-2022,
OPTIDX,FINNIFTY,19-Apr-2022,20500.0,PE,0.0,0.0,0.0,2892.5,3463.05,0,0.0,0,0,18-APR-2022,
OPTIDX,FINNIFTY,19-Apr-2022,20600.0,PE,0.0,0.0,0.0,2982.0,3563.05,0,0.0,0,0,18-APR-2022,
OPTIDX,FINNIFTY,19-Apr-2022,20700.0,PE,0.0,0.0,0.0,2398.2,3663.05,0,0.0,0,0,18-APR-2022,
OPTIDX,FINNIFTY,19-Apr-2022,20800.0,PE,0.0,0.0,0.0,2496.15,3763.05,0,0.0,0,0,18-APR-2022,
OPTIDX,FINNIFTY,19-Apr-2022,20900.0,PE,0.0,0.0,0.0,2594.4,3863.0,0,0.0,0,0,18-APR-2022,
OPTIDX,FINNIFTY,19-Apr-2022,21000.0,PE,0.0,0.0,0.0,2693.0,3963.0,0,0.0,0,0,18-APR-2022,
OPTIDX,FINNIFTY,19-Apr-2022,21100.0,PE,0.0,0.0,0.0,2791.75,4063.0,0,0.0,0,0,18-APR-2022,
OPTIDX,FINNIFTY,19-Apr-2022,21200.0,PE,0.0,0.0,0.0,2890.75,4163.0,0,0.0,0,0,18-APR-2022,
OPTIDX,FINNIFTY,19-Apr-2022,21300.0,PE,0.0,0.0,0.0,2989.9,4262.95,0,0.0,0,0,18-APR-2022,
OPTIDX,FINNIFTY,26-Apr-2022,12400.0,CE,0.0,0.0,0.0,3075.3,4645.85,0,0.0,0,0,18-APR-2022,
OPTIDX,FINNIFTY,26-Apr-2022,12500.0,CE,0.0,0.0,0.0,2978.6,4545.95,0,0.0,0,0,18-APR-2022,
OPTIDX,FINNIFTY,26-Apr-2022,12600.0,CE,0.0,0.0,0.0,2882.45,4446.0,0,0.0,0,0,18-APR-2022,
OPTIDX,FINNIFTY,26-Apr-2022,12700.0,CE,0.0,0.0,0.0,2786.8,4346.1,0,0.0,0,0,18-APR-2022,
OPTIDX,FINNIFTY,26-Apr-2022,12800.0,CE,0.0,0.0,0.0,2691.8,4246.2,0,0.0,0,0,18-APR-2022,
OPTIDX,FINNIFTY,26-Apr-2022,12900.0,CE,0.0,0.0,0.0,2597.55,4146.3,0,0.0,0,0,18-APR-2022,
OPTIDX,FINNIFTY,26-Apr-2022,13000.0,CE,0.0,0.0,0.0,2504.0,4046.4,0,0.0,0,0,18-APR-2022,
OPTIDX,FINNIFTY,26-Apr-2022,13100.0,CE,0.0,0.0,0.0,3075.45,3946.45,0,0.0,0,0,18-APR-2022,
OPTIDX,FINNIFTY,26-Apr-2022,13200.0,CE,0.0,0.0,0.0,2979.65,3846.55,0,0.0,0,0,18-APR-2022,
OPTIDX,FINNIFTY,26-Apr-2022,13300.0,CE,0.0,0.0,0.0,2884.35,3746.65,0,0.0,0,0,18-APR-2022,
OPTIDX,FINNIFTY,26-Apr-2022,13400.0,CE,0.0,0.0,0.0,3067.05,3646.75,0,0.0,0,0,18-APR-2022,
OPTIDX,FINNIFTY,26-Apr-2022,13500.0,CE,0.0,0.0,0.0,3152.95,3546.85,0,0.0,0,0,18-APR-2022,
OPTIDX,FINNIFTY,26-Apr-2022,13600.0,CE,0.0,0.0,0.0,3058.2,3446.9,0,0.0,0,0,18-APR-2022,
OPTIDX,FINNIFTY,26-Apr-2022,13700.0,CE,0.0,0.0,0.0,2964.1,3347.0,0,0.0,0,0,18-APR-2022,
OPTIDX,FINNIFTY,26-Apr-2022,13800.0,CE,0.0,0.0,0.0,2870.7,3247.1,0,0.0,0,0,18-APR-2022,
OPTIDX,FINNIFTY,26-Apr-2022,13900.0,CE,0.0,0.0,0.0,2778.0,3147.2,0,0.0,0,0,18-APR-2022,
OPTIDX,FINNIFTY,26-Apr-2022,14000.0,CE,0.0,0.0,0.0,2686.15,3047.3,0,0.0,0,0,18-APR-2022,
OPTIDX,FINNIFTY,26-Apr-2022,14100.0,CE,0.0,0.0,0.0,3121.7,2947.35,0,0.0,0,0,18-APR-2022,
OPTIDX,FINNIFTY,26-Apr-2022,14200.0,CE,0.0,0.0,0.0,3029.35,2847.45,0,0.0,0,0,18-APR-2022,
OPTIDX,FINNIFTY,26-Apr-2022,14300.0,CE,0.0,0.0,0.0,2937.75,2747.55,0,0.0,0,0,18-APR-2022,
OPTIDX,FINNIFTY,26-Apr-2022,14400.0,CE,0.0,0.0,0.0,2846.95,2647.65,0,0.0,0,0,18-APR-2022,
OPTIDX,FINNIFTY,26-Apr-2022,14500.0,CE,0.0,0.0,0.0,2757.05,2547.75,0,0.0,0,0,18-APR-2022,
OPTIDX,FINNIFTY,26-Apr-2022,14600.0,CE,0.0,0.0,0.0,3202.5,2447.85,0,0.0,0,0,18-APR-2022,
OPTIDX,FINNIFTY,26-Apr-2022,14700.0,CE,0.0,0.0,0.0,3201.0,2348.0,0,0.0,0,0,18-APR-2022,
OPTIDX,FINNIFTY,26-Apr-2022,14800.0,CE,0.0,0.0,0.0,3235.3,2248.15,0,0.0,0,0,18-APR-2022,
OPTIDX,FINNIFTY,26-Apr-2022,14900.0,CE,0.0,0.0,0.0,3146.55,2148.35,0,0.0,0,0,18-APR-2022,
OPTIDX,FINNIFTY,26-Apr-2022,15000.0,CE,0.0,0.0,0.0,3058.65,2048.65,0,0.0,0,0,18-APR-2022,
OPTIDX,FINNIFTY,26-Apr-2022,15100.0,CE,0.0,0.0,0.0,2971.7,1949.05,0,0.0,0,0,18-APR-2022,
OPTIDX,FINNIFTY,26-Apr-2022,15200.0,CE,0.0,0.0,0.0,2885.65,1849.6,0,0.0,0,0,18-APR-2022,
OPTIDX,FINNIFTY,26-Apr-2022,15300.0,CE,0.0,0.0,0.0,2800.6,1750.4,0,0.0,0,0,18-APR-2022,
OPTIDX,FINNIFTY,26-Apr-2022,15400.0,CE,0.0,0.0,0.0,2716.55,1651.55,0,0.0,0,0,18-APR-2022,
OPTIDX,FINNIFTY,26-Apr-2022,15500.0,CE,0.0,0.0,0.0,2633.6,1553.2,0,0.0,0,0,18-APR-2022,
OPTIDX,FINNIFTY,26-Apr-2022,15600.0,CE,0.0,0.0,0.0,2551.8,1455.45,0,0.0,0,0,18-APR-2022,
OPTIDX,FINNIFTY,26-Apr-2022,15700.0,CE,0.0,0.0,0.0,2471.1,1358.6,0,0.0,0,0,18-APR-2022,
OPTIDX,FINNIFTY,26-Apr-2022,15800.0,CE,0.0,0.0,0.0,2391.6,1262.85,0,0.0,0,0,18-APR-2022,
OPTIDX,FINNIFTY,26-Apr-2022,15900.0,CE,0.0,0.0,0.0,2313.35,1168.45,0,0.0,0,0,18-APR-2022,
OPTIDX,FINNIFTY,26-Apr-2022,16000.0,CE,0.0,0.0,0.0,2236.4,1075.85,0,0.0,0,0,18-APR-2022,
OPTIDX,FINNIFTY,26-Apr-2022,16100.0,CE,0.0,0.0,0.0,2160.7,985.35,0,0.0,0,0,18-APR-2022,
OPTIDX,FINNIFTY,26-Apr-2022,16200.0,CE,0.0,0.0,0.0,2087.0,897.35,0,0.0,0,0,18-APR-2022,
OPTIDX,FINNIFTY,26-Apr-2022,16300.0,CE,0.0,0.0,0.0,2013.95,812.25,0,0.0,0,0,18-APR-2022,
OPTIDX,FINNIFTY,26-Apr-2022,16400.0,CE,0.0,0.0,0.0,1942.3,730.55,0,0.0,0,0,18-APR-2022,
OPTIDX,FINNIFTY,26-Apr-2022,16500.0,CE,0.0,0.0,0.0,1872.05,652.65,0,0.0,0,0,18-APR-2022,
OPTIDX,FINNIFTY,26-Apr-2022,16600.0,CE,0.0,0.0,0.0,1802.65,578.75,0,0.0,0,0,18-APR-2022,
OPTIDX,FINNIFTY,26-Apr-2022,16700.0,CE,0.0,0.0,0.0,1735.5,509.5,0,0.0,0,0,18-APR-2022,
OPTIDX,FINNIFTY,26-Apr-2022,16800.0,CE,0.0,0.0,0.0,1669.8,445.1,0,0.0,0,0,18-APR-2022,
OPTIDX,FINNIFTY,26-Apr-2022,16900.0,CE,0.0,0.0,0.0,1605.65,385.7,0,0.0,0,0,18-APR-2022,
OPTIDX,FINNIFTY,26-Apr-2022,17000.0,CE,0.0,0.0,0.0,1543.0,331.45,0,0.0,0,0,18-APR-2022,
OPTIDX,FINNIFTY,26-Apr-2022,17100.0,CE,0.0,0.0,0.0,1481.95,282.35,0,0.0,0,0,18-APR-2022,
OPTIDX,FINNIFTY,26-Apr-2022,17200.0,CE,0.0,0.0,0.0,1422.4,238.4,0,0.0,0,0,18-APR-2022,
OPTIDX,FINNIFTY,26-Apr-2022,17300.0,CE,0.0,0.0,0.0,1364.45,199.55,0,0.0,0,0,18-APR-2022,
OPTIDX,FINNIFTY,26-Apr-2022,17400.0,CE,0.0,0.0,0.0,1308.0,165.45,0,0.0,0,0,18-APR-2022,
OPTIDX,FINNIFTY,26-Apr-2022,17500.0,CE,0.0,0.0,0.0,1253.2,135.9,0,0.0,0,0,18-APR-2022,
OPTIDX,FINNIFTY,26-Apr-2022,17600.0,CE,0.0,0.0,0.0,431.0,110.7,0,0.0,0,0,18-APR-2022,
OPTIDX,FINNIFTY,26-Apr-2022,17700.0,CE,0.0,0.0,0.0,1148.2,89.25,0,0.0,0,0,18-APR-2022,
OPTIDX,FINNIFTY,26-Apr-2022,17800.0,CE,0.0,0.0,0.0,1098.0,71.25,0,0.0,0,0,18-APR-2022,
OPTIDX,FINNIFTY,26-Apr-2022,17900.0,CE,0.0,0.0,0.0,1049.4,56.35,0,0.0,0,0,18-APR-2022,
OPTIDX,FINNIFTY,26-Apr-2022,18000.0,CE,0.0,0.0,0.0,100.0,44.1,0,0.0,40,0,18-APR-2022,
OPTIDX,FINNIFTY,26-Apr-2022,18100.0,CE,0.0,0.0,0.0,956.8,34.2,0,0.0,0,0,18-APR-2022,
OPTIDX,FINNIFTY,26-Apr-2022,18200.0,CE,0.0,0.0,0.0,912.8,26.25,0,0.0,0,0,18-APR-2022,
OPTIDX,FINNIFTY,26-Apr-2022,18300.0,CE,0.0,0.0,0.0,870.3,19.95,0,0.0,0,0,18-APR-2022,
OPTIDX,FINNIFTY,26-Apr-2022,18400.0,CE,0.0,0.0,0.0,829.25,15.0,0,0.0,0,0,18-APR-2022,
OPTIDX,FINNIFTY,26-Apr-2022,18500.0,CE,0.0,0.0,0.0,789.7,11.15,0,0.0,0,0,18-APR-2022,
OPTIDX,FINNIFTY,26-Apr-2022,18600.0,CE,0.0,0.0,0.0,751.55,8.25,0,0.0,0,0,18-APR-2022,
OPTIDX,FINNIFTY,26-Apr-2022,18700.0,CE,0.0,0.0,0.0,714.85,6.0,0,0.0,0,0,18-APR-2022,
OPTIDX,FINNIFTY,26-Apr-2022,18800.0,CE,0.0,0.0,0.0,679.5,4.35,0,0.0,0,0,18-APR-2022,
OPTIDX,FINNIFTY,26-Apr-2022,18900.0,CE,0.0,0.0,0.0,645.55,3.1,0,0.0,0,0,18-APR-2022,
OPTIDX,FINNIFTY,26-Apr-2022,19000.0,CE,0.0,0.0,0.0,612.9,2.2,0,0.0,0,0,18-APR-2022,
OPTIDX,FINNIFTY,26-Apr-2022,19100.0,CE,0.0,0.0,0.0,581.6,1.55,0,0.0,0,0,18-APR-2022,
OPTIDX,FINNIFTY,26-Apr-2022,19200.0,CE,0.0,0.0,0.0,551.55,1.1,0,0.0,0,0,18-APR-2022,
OPTIDX,FINNIFTY,26-Apr-2022,19300.0,CE,0.0,0.0,0.0,522.75,0.75,0,0.0,0,0,18-APR-2022,
OPTIDX,FINNIFTY,26-Apr-2022,19400.0,CE,0.0,0.0,0.0,495.2,0.5,0,0.0,0,0,18-APR-2022,
OPTIDX,FINNIFTY,26-Apr-2022,19500.0,CE,0.0,0.0,0.0,468.8,0.35,0,0.0,0,0,18-APR-2022,
OPTIDX,FINNIFTY,26-Apr-2022,19600.0,CE,0.0,0.0,0.0,444.4,0.25,0,0.0,0,0,18-APR-2022,
OPTIDX,FINNIFTY,26-Apr-2022,19700.0,CE,0.0,0.0,0.0,420.4,0.15,0,0.0,0,0,18-APR-2022,
OPTIDX,FINNIFTY,26-Apr-2022,19800.0,CE,0.0,0.0,0.0,397.45,0.1,0,0.0,0,0,18-APR-2022,
OPTIDX,FINNIFTY,26-Apr-2022,19900.0,CE,0.0,0.0,0.0,375.6,0.1,0,0.0,0,0,18-APR-2022,
OPTIDX,FINNIFTY,26-Apr-2022,20000.0,CE,0.0,0.0,0.0,354.0,0.05,0,0.0,0,0,18-APR-2022,
OPTIDX,FINNIFTY,26-Apr-2022,20100.0,CE,0.0,0.0,0.0,334.05,0.05,0,0.0,0,0,18-APR-2022,
OPTIDX,FINNIFTY,26-Apr-2022,20200.0,CE,0.0,0.0,0.0,315.05,0.05,0,0.0,0,0,18-APR-2022,
OPTIDX,FINNIFTY,26-Apr-2022,20300.0,CE,0.0,0.0,0.0,297.0,0.05,0,0.0,0,0,18-APR-2022,
OPTIDX,FINNIFTY,26-Apr-2022,20400.0,CE,0.0,0.0,0.0,279.8,0.05,0,0.0,0,0,18-APR-2022,
OPTIDX,FINNIFTY,26-Apr-2022,20500.0,CE,0.0,0.0,0.0,263.45,0.0,0,0.0,0,0,18-APR-2022,
OPTIDX,FINNIFTY,26-Apr-2022,20600.0,CE,0.0,0.0,0.0,247.95,0.0,0,0.0,0,0,18-APR-2022,
OPTIDX,FINNIFTY,26-Apr-2022,20700.0,CE,0.0,0.0,0.0,233.2,0.0,0,0.0,0,0,18-APR-2022,
OPTIDX,FINNIFTY,26-Apr-2022,20800.0,CE,0.0,0.0,0.0,219.25,0.0,0,0.0,0,0,18-APR-2022,
OPTIDX,FINNIFTY,26-Apr-2022,20900.0,CE,0.0,0.0,0.0,222.95,0.0,0,0.0,0,0,18-APR-2022,
OPTIDX,FINNIFTY,26-Apr-2022,21000.0,CE,0.0,0.0,0.0,209.1,0.0,0,0.0,0,0,18-APR-2022,
OPTIDX,FINNIFTY,26-Apr-2022,21100.0,CE,0.0,0.0,0.0,196.0,0.0,0,0.0,0,0,18-APR-2022,
OPTIDX,FINNIFTY,26-Apr-2022,21200.0,CE,0.0,0.0,0.0,237.6,0.0,0,0.0,0,0,18-APR-2022,
OPTIDX,FINNIFTY,26-Apr-2022,21300.0,CE,0.0,0.0,0.0,223.1,0.0,0,0.0,0,0,18-APR-2022,
OPTIDX,FINNIFTY,26-Apr-2022,21400.0,CE,0.0,0.0,0.0,209.35,0.0,0,0.0,0,0,18-APR-2022,
OPTIDX,FINNIFTY,26-Apr-2022,12400.0,PE,0.0,0.0,0.0,12.65,0.0,0,0.0,0,0,18-APR-2022,
OPTIDX,FINNIFTY,26-Apr-2022,12500.0,PE,0.0,0.0,0.0,15.4,0.0,0,0.0,0,0,18-APR-2022,
OPTIDX,FINNIFTY,26-Apr-2022,12600.0,PE,0.0,0.0,0.0,18.65,0.0,0,0.0,0,0,18-APR-2022,
OPTIDX,FINNIFTY,26-Apr-2022,12700.0,PE,0.0,0.0,0.0,22.45,0.0,0,0.0,0,0,18-APR-2022,
OPTIDX,FINNIFTY,26-Apr-2022,12800.0,PE,0.0,0.0,0.0,26.9,0.0,0,0.0,0,0,18-APR-2022,
OPTIDX,FINNIFTY,26-Apr-2022,12900.0,PE,0.0,0.0,0.0,32.05,0.0,0,0.0,0,0,18-APR-2022,
OPTIDX,FINNIFTY,26-Apr-2022,13000.0,PE,0.0,0.0,0.0,37.95,0.0,0,0.0,0,0,18-APR-2022,
OPTIDX,FINNIFTY,26-Apr-2022,13100.0,PE,0.0,0.0,0.0,18.3,0.0,0,0.0,0,0,18-APR-2022,
OPTIDX,FINNIFTY,26-Apr-2022,13200.0,PE,0.0,0.0,0.0,21.9,0.0,0,0.0,0,0,18-APR-2022,
OPTIDX,FINNIFTY,26-Apr-2022,13300.0,PE,0.0,0.0,0.0,26.05,0.0,0,0.0,0,0,18-APR-2022,
OPTIDX,FINNIFTY,26-Apr-2022,13400.0,PE,0.0,0.0,0.0,24.8,0.0,0,0.0,0,0,18-APR-2022,
OPTIDX,FINNIFTY,26-Apr-2022,13500.0,PE,0.0,0.0,0.0,26.55,0.0,0,0.0,0,0,18-APR-2022,
OPTIDX,FINNIFTY,26-Apr-2022,13600.0,PE,0.0,0.0,0.0,31.1,0.0,0,0.0,0,0,18-APR-2022,
OPTIDX,FINNIFTY,26-Apr-2022,13700.0,PE,0.0,0.0,0.0,36.3,0.0,0,0.0,0,0,18-APR-2022,
OPTIDX,FINNIFTY,26-Apr-2022,13800.0,PE,0.0,0.0,0.0,42.15,0.0,0,0.0,0,0,18-APR-2022,
OPTIDX,FINNIFTY,26-Apr-2022,13900.0,PE,0.0,0.0,0.0,48.8,0.0,0,0.0,0,0,18-APR-2022,
OPTIDX,FINNIFTY,26-Apr-2022,14000.0,PE,0.0,0.0,0.0,56.2,0.0,0,0.0,0,0,18-APR-2022,
OPTIDX,FINNIFTY,26-Apr-2022,14100.0,PE,0.0,0.0,0.0,47.65,0.0,0,0.0,0,0,18-APR-2022,
OPTIDX,FINNIFTY,26-Apr-2022,14200.0,PE,0.0,0.0,0.0,54.45,0.0,0,0.0,0,0,18-APR-2022,
OPTIDX,FINNIFTY,26-Apr-2022,14300.0,PE,0.0,0.0,0.0,62.0,0.05,0,0.0,0,0,18-APR-2022,
OPTIDX,FINNIFTY,26-Apr-2022,14400.0,PE,0.0,0.0,0.0,70.4,0.05,0,0.0,0,0,18-APR-2022,
OPTIDX,FINNIFTY,26-Apr-2022,14500.0,PE,0.0,0.0,0.0,79.65,0.05,0,0.0,0,0,18-APR-2022,
OPTIDX,FINNIFTY,26-Apr-2022,14600.0,PE,0.0,0.0,0.0,63.3,0.05,0,0.0,0,0,18-APR-2022,
OPTIDX,FINNIFTY,26-Apr-2022,14700.0,PE,0.0,0.0,0.0,83.05,0.1,0,0.0,0,0,18-APR-2022,
OPTIDX,FINNIFTY,26-Apr-2022,14800.0,PE,0.0,0.0,0.0,92.65,0.2,0,0.0,0,0,18-APR-2022,
OPTIDX,FINNIFTY,26-Apr-2022,14900.0,PE,0.0,0.0,0.0,102.9,0.3,0,0.0,0,0,18-APR-2022,
OPTIDX,FINNIFTY,26-Apr-2022,15000.0,PE,0.0,0.0,0.0,113.95,0.5,0,0.0,0,0,18-APR-2022,
OPTIDX,FINNIFTY,26-Apr-2022,15100.0,PE,0.0,0.0,0.0,125.95,0.8,0,0.0,0,0,18-APR-2022,
OPTIDX,FINNIFTY,26-Apr-2022,15200.0,PE,0.0,0.0,0.0,138.85,1.25,0,0.0,0,0,18-APR-2022,
OPTIDX,FINNIFTY,26-Apr-2022,15300.0,PE,0.0,0.0,0.0,152.8,2.0,0,0.0,0,0,18-APR-2022,
OPTIDX,FINNIFTY,26-Apr-2022,15400.0,PE,0.0,0.0,0.0,167.7,3.05,0,0.0,0,0,18-APR-2022,
OPTIDX,FINNIFTY,26-Apr-2022,15500.0,PE,0.0,0.0,0.0,183.75,4.6,0,0.0,0,0,18-APR-2022,
OPTIDX,FINNIFTY,26-Apr-2022,15600.0,PE,0.0,0.0,0.0,200.85,6.75,0,0.0,0,0,18-APR-2022,
OPTIDX,FINNIFTY,26-Apr-2022,15700.0,PE,0.0,0.0,0.0,219.15,9.8,0,0.0,0,0,18-APR-2022,
OPTIDX,FINNIFTY,26-Apr-2022,15800.0,PE,0.0,0.0,0.0,238.65,13.95,0,0.0,0,0,18-APR-2022,
OPTIDX,FINNIFTY,26-Apr-2022,15900.0,PE,0.0,0.0,0.0,259.35,19.5,0,0.0,0,0,18-APR-2022,
OPTIDX,FINNIFTY,26-Apr-2022,16000.0,PE,0.0,0.0,0.0,281.35,26.8,0,0.0,0,0,18-APR-2022,
OPTIDX,FINNIFTY,26-Apr-2022,16100.0,PE,0.0,0.0,0.0,304.65,36.2,0,0.0,0,0,18-APR-2022,
OPTIDX,FINNIFTY,26-Apr-2022,16200.0,PE,0.0,0.0,0.0,329.9,48.1,0,0.0,0,0,18-APR-2022,
OPTIDX,FINNIFTY,26-Apr-2022,16300.0,PE,0.0,0.0,0.0,355.8,62.95,0,0.0,0,0,18-APR-2022,
OPTIDX,FINNIFTY,26-Apr-2022,16400.0,PE,0.0,0.0,0.0,383.1,81.15,0,0.0,0,0,18-APR-2022,
OPTIDX,FINNIFTY,26-Apr-2022,16500.0,PE,0.0,0.0,0.0,411.85,103.1,0,0.0,0,0,18-APR-2022,
OPTIDX,FINNIFTY,26-Apr-2022,16600.0,PE,0.0,0.0,0.0,441.45,129.15,0,0.0,0,0,18-APR-2022,
OPTIDX,FINNIFTY,26-Apr-2022,16700.0,PE,0.0,0.0,0.0,473.2,159.85,0,0.0,0,0,18-APR-2022,
OPTIDX,FINNIFTY,26-Apr-2022,16800.0,PE,0.0,0.0,0.0,506.5,195.35,0,0.0,0,0,18-APR-2022,
OPTIDX,FINNIFTY,26-Apr-2022,16900.0,PE,0.0,0.0,0.0,541.3,235.85,0,0.0,0,0,18-APR-2022,
OPTIDX,FINNIFTY,26-Apr-2022,17000.0,PE,50.0,50.0,50.0,50.0,281.5,20,136.4,800,800,18-APR-2022,
OPTIDX,FINNIFTY,26-Apr-2022,17100.0,PE,0.0,0.0,0.0,615.55,332.3,0,0.0,0,0,18-APR-2022,
OPTIDX,FINNIFTY,26-Apr-2022,17200.0,PE,0.0,0.0,0.0,654.95,388.3,0,0.0,0,0,18-APR-2022,
OPTIDX,FINNIFTY,26-Apr-2022,17300.0,PE,0.0,0.0,0.0,695.95,449.3,0,0.0,0,0,18-APR-2022,
OPTIDX,FINNIFTY,26-Apr-2022,17400.0,PE,0.0,0.0,0.0,738.55,515.1,0,0.0,0,0,18-APR-2022,
OPTIDX,FINNIFTY,26-Apr-2022,17500.0,PE,0.0,0.0,0.0,782.65,585.5,0,0.0,0,0,18-APR-2022,
OPTIDX,FINNIFTY,26-Apr-2022,17600.0,PE,0.0,0.0,0.0,828.35,660.2,0,0.0,0,0,18-APR-2022,
OPTIDX,FINNIFTY,26-Apr-2022,17700.0,PE,0.0,0.0,0.0,875.6,738.65,0,0.0,0,0,18-APR-2022,
OPTIDX,FINNIFTY,26-Apr-2022,17800.0,PE,0.0,0.0,0.0,924.35,820.6,0,0.0,0,0,18-APR-2022,
OPTIDX,FINNIFTY,26-Apr-2022,17900.0,PE,0.0,0.0,0.0,974.75,905.6,0,0.0,0,0,18-APR-2022,
OPTIDX,FINNIFTY,26-Apr-2022,18000.0,PE,0.0,0.0,0.0,1026.65,993.25,0,0.0,0,0,18-APR-2022,
OPTIDX,FINNIFTY,26-Apr-2022,18100.0,PE,0.0,0.0,0.0,1080.1,1083.25,0,0.0,0,0,18-APR-2022,
OPTIDX,FINNIFTY,26-Apr-2022,18200.0,PE,0.0,0.0,0.0,1135.05,1175.2,0,0.0,0,0,18-APR-2022,
OPTIDX,FINNIFTY,26-Apr-2022,18300.0,PE,0.0,0.0,0.0,1191.5,1268.8,0,0.0,0,0,18-APR-2022,
OPTIDX,FINNIFTY,26-Apr-2022,18400.0,PE,0.0,0.0,0.0,1249.45,1363.75,0,0.0,0,0,18-APR-2022,
OPTIDX,FINNIFTY,26-Apr-2022,18500.0,PE,0.0,0.0,0.0,1308.85,1459.85,0,0.0,0,0,18-APR-2022,
OPTIDX,FINNIFTY,26-Apr-2022,18600.0,PE,0.0,0.0,0.0,1369.65,1556.85,0,0.0,0,0,18-APR-2022,
OPTIDX,FINNIFTY,26-Apr-2022,18700.0,PE,0.0,0.0,0.0,1431.9,1654.5,0,0.0,0,0,18-APR-2022,
OPTIDX,FINNIFTY,26-Apr-2022,18800.0,PE,0.0,0.0,0.0,1495.55,1752.75,0,0.0,0,0,18-APR-2022,
OPTIDX,FINNIFTY,26-Apr-2022,18900.0,PE,0.0,0.0,0.0,1560.55,1851.45,0,0.0,0,0,18-APR-2022,
OPTIDX,FINNIFTY,26-Apr-2022,19000.0,PE,0.0,0.0,0.0,1626.9,1950.45,0,0.0,0,0,18-APR-2022,
OPTIDX,FINNIFTY,26-Apr-2022,19100.0,PE,0.0,0.0,0.0,1694.55,2049.7,0,0.0,0,0,18-APR-2022,
OPTIDX,FINNIFTY,26-Apr-2022,19200.0,PE,0.0,0.0,0.0,1763.45,2149.15,0,0.0,0,0,18-APR-2022,
OPTIDX,FINNIFTY,26-Apr-2022,19300.0,PE,0.0,0.0,0.0,1833.65,2248.75,0,0.0,0,0,18-APR-2022,
OPTIDX,FINNIFTY,26-Apr-2022,19400.0,PE,0.0,0.0,0.0,1905.05,2348.4,0,0.0,0,0,18-APR-2022,
OPTIDX,FINNIFTY,26-Apr-2022,19500.0,PE,0.0,0.0,0.0,1977.6,2448.15,0,0.0,0,0,18-APR-2022,
OPTIDX,FINNIFTY,26-Apr-2022,19600.0,PE,0.0,0.0,0.0,2052.2,2547.95,0,0.0,0,0,18-APR-2022,
OPTIDX,FINNIFTY,26-Apr-2022,19700.0,PE,0.0,0.0,0.0,2127.15,2647.8,0,0.0,0,0,18-APR-2022,
OPTIDX,FINNIFTY,26-Apr-2022,19800.0,PE,0.0,0.0,0.0,2203.2,2747.65,0,0.0,0,0,18-APR-2022,
OPTIDX,FINNIFTY,26-Apr-2022,19900.0,PE,0.0,0.0,0.0,2280.3,2847.5,0,0.0,0,0,18-APR-2022,
OPTIDX,FINNIFTY,26-Apr-2022,20000.0,PE,0.0,0.0,0.0,2357.65,2947.4,0,0.0,0,0,18-APR-2022,
OPTIDX,FINNIFTY,26-Apr-2022,20100.0,PE,0.0,0.0,0.0,2436.7,3047.3,0,0.0,0,0,18-APR-2022,
OPTIDX,FINNIFTY,26-Apr-2022,20200.0,PE,0.0,0.0,0.0,2516.65,3147.2,0,0.0,0,0,18-APR-2022,
OPTIDX,FINNIFTY,26-Apr-2022,20300.0,PE,0.0,0.0,0.0,2597.55,3247.1,0,0.0,0,0,18-APR-2022,
OPTIDX,FINNIFTY,26-Apr-2022,20400.0,PE,0.0,0.0,0.0,2679.3,3347.0,0,0.0,0,0,18-APR-2022,
OPTIDX,FINNIFTY,26-Apr-2022,20500.0,PE,0.0,0.0,0.0,2761.95,3446.9,0,0.0,0,0,18-APR-2022,
OPTIDX,FINNIFTY,26-Apr-2022,20600.0,PE,0.0,0.0,0.0,2845.4,3546.8,0,0.0,0,0,18-APR-2022,
OPTIDX,FINNIFTY,26-Apr-2022,20700.0,PE,0.0,0.0,0.0,2929.65,3646.75,0,0.0,0,0,18-APR-2022,
OPTIDX,FINNIFTY,26-Apr-2022,20800.0,PE,0.0,0.0,0.0,3014.65,3746.65,0,0.0,0,0,18-APR-2022,
OPTIDX,FINNIFTY,26-Apr-2022,20900.0,PE,0.0,0.0,0.0,2861.2,3846.55,0,0.0,0,0,18-APR-2022,
OPTIDX,FINNIFTY,26-Apr-2022,21000.0,PE,0.0,0.0,0.0,2946.35,3946.45,0,0.0,0,0,18-APR-2022,
OPTIDX,FINNIFTY,26-Apr-2022,21100.0,PE,0.0,0.0,0.0,3032.3,4046.35,0,0.0,0,0,18-APR-2022,
OPTIDX,FINNIFTY,26-Apr-2022,21200.0,PE,0.0,0.0,0.0,2826.35,4146.3,0,0.0,0,0,18-APR-2022,
OPTIDX,FINNIFTY,26-Apr-2022,21300.0,PE,0.0,0.0,0.0,2910.9,4246.2,0,0.0,0,0,18-APR-2022,
OPTIDX,FINNIFTY,26-Apr-2022,21400.0,PE,0.0,0.0,0.0,2996.2,4346.1,0,0.0,0,0,18-APR-2022,
OPTIDX,FINNIFTY,02-May-2022,12400.0,CE,0.0,0.0,0.0,3088.8,4654.2,0,0.0,0,0,18-APR-2022,
OPTIDX,FINNIFTY,02-May-2022,12500.0,CE,0.0,0.0,0.0,2992.95,4554.35,0,0.0,0,0,18-APR-2022,
OPTIDX,FINNIFTY,02-May-2022,12600.0,CE,0.0,0.0,0.0,2897.65,4454.5,0,0.0,0,0,18-APR-2022,
OPTIDX,FINNIFTY,02-May-2022,12700.0,CE,0.0,0.0,0.0,2803.0,4354.7,0,0.0,0,0,18-APR-2022,
OPTIDX,FINNIFTY,02-May-2022,12800.0,CE,0.0,0.0,0.0,2709.0,4254.85,0,0.0,0,0,18-APR-2022,
OPTIDX,FINNIFTY,02-May-2022,12900.0,CE,0.0,0.0,0.0,2615.8,4155.0,0,0.0,0,0,18-APR-2022,
OPTIDX,FINNIFTY,02-May-2022,13000.0,CE,0.0,0.0,0.0,2523.45,4055.15,0,0.0,0,0,18-APR-2022,
OPTIDX,FINNIFTY,02-May-2022,13100.0,CE,0.0,0.0,0.0,3090.95,3955.3,0,0.0,0,0,18-APR-2022,
OPTIDX,FINNIFTY,02-May-2022,13200.0,CE,0.0,0.0,0.0,2996.0,3855.45,0,0.0,0,0,18-APR-2022,
OPTIDX,FINNIFTY,02-May-2022,13300.0,CE,0.0,0.0,0.0,2901.7,3755.6,0,0.0,0,0,18-APR-2022,
OPTIDX,FINNIFTY,02-May-2022,13400.0,CE,0.0,0.0,0.0,3083.8,3655.8,0,0.0,0,0,18-APR-2022,
OPTIDX,FINNIFTY,02-May-2022,13500.0,CE,0.0,0.0,0.0,2989.8,3555.95,0,0.0,0,0,18-APR-2022,
OPTIDX,FINNIFTY,02-May-2022,13600.0,CE,0.0,0.0,0.0,3082.95,3456.1,0,0.0,0,0,18-APR-2022,
OPTIDX,FINNIFTY,02-May-2022,13700.0,CE,0.0,0.0,0.0,2989.35,3356.3,0,0.0,0,0,18-APR-2022,
OPTIDX,FINNIFTY,02-May-2022,13800.0,CE,0.0,0.0,0.0,2896.45,3256.45,0,0.0,0,0,18-APR-2022,
OPTIDX,FINNIFTY,02-May-2022,13900.0,CE,0.0,0.0,0.0,3172.9,3156.65,0,0.0,0,0,18-APR-2022,
OPTIDX,FINNIFTY,02-May-2022,14000.0,CE,0.0,0.0,0.0,3079.35,3056.85,0,0.0,0,0,18-APR-2022,
OPTIDX,FINNIFTY,02-May-2022,14100.0,CE,0.0,0.0,0.0,2986.55,2957.05,0,0.0,0,0,18-APR-2022,
OPTIDX,FINNIFTY,02-May-2022,14200.0,CE,0.0,0.0,0.0,2894.45,2857.3,0,0.0,0,0,18-APR-2022,
OPTIDX,FINNIFTY,02-May-2022,14300.0,CE,0.0,0.0,0.0,2803.2,2757.6,0,0.0,0,0,18-APR-2022,
OPTIDX,FINNIFTY,02-May-2022,14400.0,CE,0.0,0.0,0.0,2712.8,2657.95,0,0.0,0,0,18-APR-2022,
OPTIDX,FINNIFTY,02-May-2022,14500.0,CE,0.0,0.0,0.0,2623.35,2558.4,0,0.0,0,0,18-APR-2022,
OPTIDX,FINNIFTY,02-May-2022,14600.0,CE,0.0,0.0,0.0,2534.9,2459.0,0,0.0,0,0,18-APR-2022,
OPTIDX,FINNIFTY,02-May-2022,14700.0,CE,0.0,0.0,0.0,2447.55,2359.75,0,0.0,0,0,18-APR-2022,
OPTIDX,FINNIFTY,02-May-2022,14800.0,CE,0.0,0.0,0.0,2361.3,2260.7,0,0.0,0,0,18-APR-2022,
OPTIDX,FINNIFTY,02-May-2022,14900.0,CE,0.0,0.0,0.0,2276.25,2161.95,0,0.0,0,0,18-APR-2022,
OPTIDX,FINNIFTY,02-May-2022,15000.0,CE,0.0,0.0,0.0,2192.45,2063.55,0,0.0,0,0,18-APR-2022,
OPTIDX,FINNIFTY,02-May-2022,15100.0,CE,0.0,0.0,0.0,2110.0,1965.6,0,0.0,0,0,18-APR-2022,
OPTIDX,FINNIFTY,02-May-2022,15200.0,CE,0.0,0.0,0.0,2028.9,1868.25,0,0.0,0,0,18-APR-2022,
OPTIDX,FINNIFTY,02-May-2022,15300.0,CE,0.0,0.0,0.0,1949.25,1771.65,0,0.0,0,0,18-APR-2022,
OPTIDX,FINNIFTY,02-May-2022,15400.0,CE,0.0,0.0,0.0,1871.1,1675.85,0,0.0,0,0,18-APR-2022,
OPTIDX,FINNIFTY,02-May-2022,15500.0,CE,0.0,0.0,0.0,1794.5,1581.15,0,0.0,0,0,18-APR-2022,
OPTIDX,FINNIFTY,02-May-2022,15600.0,CE,0.0,0.0,0.0,1719.5,1487.7,0,0.0,0,0,18-APR-2022,
OPTIDX,FINNIFTY,02-May-2022,15700.0,CE,0.0,0.0,0.0,1646.65,1395.65,0,0.0,0,0,18-APR-2022,
OPTIDX,FINNIFTY,02-May-2022,15800.0,CE,0.0,0.0,0.0,1574.9,1305.3,0,0.0,0,0,18-APR-2022,
OPTIDX,FINNIFTY,02-May-2022,15900.0,CE,0.0,0.0,0.0,1504.25,1216.9,0,0.0,0,0,18-APR-2022,
OPTIDX,FINNIFTY,02-May-2022,16000.0,CE,0.0,0.0,0.0,1436.1,1130.6,0,0.0,0,0,18-APR-2022,
OPTIDX,FINNIFTY,02-May-2022,16100.0,CE,0.0,0.0,0.0,1369.8,1046.75,0,0.0,0,0,18-APR-2022,
OPTIDX,FINNIFTY,02-May-2022,16200.0,CE,0.0,0.0,0.0,1305.35,965.5,0,0.0,0,0,18-APR-2022,
OPTIDX,FINNIFTY,02-May-2022,16300.0,CE,0.0,0.0,0.0,1242.75,887.2,0,0.0,0,0,18-APR-2022,
OPTIDX,FINNIFTY,02-May-2022,16400.0,CE,0.0,0.0,0.0,1182.05,812.55,0,0.0,0,0,18-APR-2022,
OPTIDX,FINNIFTY,02-May-2022,16500.0,CE,0.0,0.0,0.0,1123.2,739.95,0,0.0,0,0,18-APR-2022,
OPTIDX,FINNIFTY,02-May-2022,16600.0,CE,0.0,0.0,0.0,1066.3,671.6,0,0.0,0,0,18-APR-2022,
OPTIDX,FINNIFTY,02-May-2022,16700.0,CE,0.0,0.0,0.0,1011.35,606.9,0,0.0,0,0,18-APR-2022,
OPTIDX,FINNIFTY,02-May-2022,16800.0,CE,0.0,0.0,0.0,958.25,546.0,0,0.0,0,0,18-APR-2022,
OPTIDX,FINNIFTY,02-May-2022,16900.0,CE,0.0,0.0,0.0,907.1,488.95,0,0.0,0,0,18-APR-2022,
OPTIDX,FINNIFTY,02-May-2022,17000.0,CE,0.0,0.0,0.0,857.8,435.85,0,0.0,0,0,18-APR-2022,
OPTIDX,FINNIFTY,02-May-2022,17100.0,CE,0.0,0.0,0.0,810.4,386.6,0,0.0,0,0,18-APR-2022,
OPTIDX,FINNIFTY,02-May-2022,17200.0,CE,616.9,616.9,616.9,616.9,341.3,1,7.12,40,40,18-APR-2022,
OPTIDX,FINNIFTY,02-May-2022,17300.0,CE,0.0,0.0,0.0,721.3,299.85,0,0.0,0,0,18-APR-2022,
OPTIDX,FINNIFTY,02-May-2022,17400.0,CE,0.0,0.0,0.0,679.55,262.1,0,0.0,0,0,18-APR-2022,
OPTIDX,FINNIFTY,02-May-2022,17500.0,CE,0.0,0.0,0.0,639.55,228.0,0,0.0,0,0,18-APR-2022,
OPTIDX,FINNIFTY,02-May-2022,17600.0,CE,0.0,0.0,0.0,601.35,197.3,0,0.0,0,0,18-APR-2022,
OPTIDX,FINNIFTY,02-May-2022,17700.0,CE,0.0,0.0,0.0,564.85,169.85,0,0.0,0,0,18-APR-2022,
OPTIDX,FINNIFTY,02-May-2022,17800.0,CE,0.0,0.0,0.0,530.1,145.65,0,0.0,0,0,18-APR-2022,
OPTIDX,FINNIFTY,02-May-2022,17900.0,CE,0.0,0.0,0.0,497.0,124.15,0,0.0,0,0,18-APR-2022,
OPTIDX,FINNIFTY,02-May-2022,18000.0,CE,0.0,0.0,0.0,465.55,105.3,0,0.0,0,0,18-APR-2022,
OPTIDX,FINNIFTY,02-May-2022,18100.0,CE,0.0,0.0,0.0,435.65,88.8,0,0.0,0,0,18-APR-2022,
OPTIDX,FINNIFTY,02-May-2022,18200.0,CE,0.0,0.0,0.0,407.25,74.55,0,0.0,0,0,18-APR-2022,
OPTIDX,FINNIFTY,02-May-2022,18300.0,CE,0.0,0.0,0.0,380.4,62.2,0,0.0,0,0,18-APR-2022,
OPTIDX,FINNIFTY,02-May-2022,18400.0,CE,0.0,0.0,0.0,355.75,51.65,0,0.0,0,0,18-APR-2022,
OPTIDX,FINNIFTY,02-May-2022,18500.0,CE,0.0,0.0,0.0,331.85,42.7,0,0.0,0,0,18-APR-2022,
OPTIDX,FINNIFTY,02-May-2022,18600.0,CE,0.0,0.0,0.0,309.3,35.05,0,0.0,0,0,18-APR-2022,
OPTIDX,FINNIFTY,02-May-2022,18700.0,CE,0.0,0.0,0.0,287.25,28.65,0,0.0,0,0,18-APR-2022,
OPTIDX,FINNIFTY,02-May-2022,18800.0,CE,0.0,0.0,0.0,267.1,23.3,0,0.0,0,0,18-APR-2022,
OPTIDX,FINNIFTY,02-May-2022,18900.0,CE,0.0,0.0,0.0,248.15,18.85,0,0.0,0,0,18-APR-2022,
OPTIDX,FINNIFTY,02-May-2022,19000.0,CE,0.0,0.0,0.0,230.35,15.2,0,0.0,0,0,18-APR-2022,
OPTIDX,FINNIFTY,02-May-2022,19100.0,CE,0.0,0.0,0.0,213.6,12.15,0,0.0,0,0,18-APR-2022,
OPTIDX,FINNIFTY,02-May-2022,19200.0,CE,0.0,0.0,0.0,197.9,9.7,0,0.0,0,0,18-APR-2022,
OPTIDX,FINNIFTY,02-May-2022,19300.0,CE,0.0,0.0,0.0,183.2,7.7,0,0.0,0,0,18-APR-2022,
OPTIDX,FINNIFTY,02-May-2022,19400.0,CE,0.0,0.0,0.0,169.45,6.05,0,0.0,0,0,18-APR-2022,
OPTIDX,FINNIFTY,02-May-2022,19500.0,CE,0.0,0.0,0.0,156.6,4.75,0,0.0,0,0,18-APR-2022,
OPTIDX,FINNIFTY,02-May-2022,19600.0,CE,0.0,0.0,0.0,144.6,3.7,0,0.0,0,0,18-APR-2022,
OPTIDX,FINNIFTY,02-May-2022,19700.0,CE,0.0,0.0,0.0,133.35,2.9,0,0.0,0,0,18-APR-2022,
OPTIDX,FINNIFTY,02-May-2022,19800.0,CE,0.0,0.0,0.0,122.95,2.25,0,0.0,0,0,18-APR-2022,
OPTIDX,FINNIFTY,02-May-2022,19900.0,CE,0.0,0.0,0.0,113.2,1.75,0,0.0,0,0,18-APR-2022,
OPTIDX,FINNIFTY,02-May-2022,20000.0,CE,0.0,0.0,0.0,65.35,1.35,0,0.0,0,0,18-APR-2022,
OPTIDX,FINNIFTY,02-May-2022,20100.0,CE,0.0,0.0,0.0,58.85,1.0,0,0.0,0,0,18-APR-2022,
OPTIDX,FINNIFTY,02-May-2022,20200.0,CE,0.0,0.0,0.0,27.25,0.8,0,0.0,0,0,18-APR-2022,
OPTIDX,FINNIFTY,02-May-2022,20300.0,CE,0.0,0.0,0.0,27.1,0.6,0,0.0,0,0,18-APR-2022,
OPTIDX,FINNIFTY,02-May-2022,20400.0,CE,0.0,0.0,0.0,23.55,0.45,0,0.0,0,0,18-APR-2022,
OPTIDX,FINNIFTY,02-May-2022,20500.0,CE,0.0,0.0,0.0,20.4,0.35,0,0.0,0,0,18-APR-2022,
OPTIDX,FINNIFTY,02-May-2022,20600.0,CE,0.0,0.0,0.0,60.15,0.25,0,0.0,0,0,18-APR-2022,
OPTIDX,FINNIFTY,02-May-2022,20700.0,CE,0.0,0.0,0.0,53.0,0.2,0,0.0,0,0,18-APR-2022,
OPTIDX,FINNIFTY,02-May-2022,20800.0,CE,0.0,0.0,0.0,46.65,0.15,0,0.0,0,0,18-APR-2022,
OPTIDX,FINNIFTY,02-May-2022,20900.0,CE,0.0,0.0,0.0,40.95,0.1,0,0.0,0,0,18-APR-2022,
OPTIDX,FINNIFTY,02-May-2022,21000.0,CE,0.0,0.0,0.0,35.85,0.1,0,0.0,0,0,18-APR-2022,
OPTIDX,FINNIFTY,02-May-2022,21100.0,CE,0.0,0.0,0.0,31.35,0.05,0,0.0,0,0,18-APR-2022,
OPTIDX,FINNIFTY,02-May-2022,21200.0,CE,0.0,0.0,0.0,27.4,0.05,0,0.0,0,0,18-APR-2022,
OPTIDX,FINNIFTY,02-May-2022,21300.0,CE,0.0,0.0,0.0,23.85,0.05,0,0.0,0,0,18-APR-2022,
OPTIDX,FINNIFTY,02-May-2022,12400.0,PE,0.0,0.0,0.0,17.65,0.0,0,0.0,0,0,18-APR-2022,
OPTIDX,FINNIFTY,02-May-2022,12500.0,PE,0.0,0.0,0.0,21.15,0.0,0,0.0,0,0,18-APR-2022,
OPTIDX,FINNIFTY,02-May-2022,12600.0,PE,0.0,0.0,0.0,25.2,0.0,0,0.0,0,0,18-APR-2022,
OPTIDX,FINNIFTY,02-May-2022,12700.0,PE,0.0,0.0,0.0,29.9,0.0,0,0.0,0,0,18-APR-2022,
OPTIDX,FINNIFTY,02-May-2022,12800.0,PE,0.0,0.0,0.0,35.25,0.0,0,0.0,0,0,18-APR-2022,
OPTIDX,FINNIFTY,02-May-2022,12900.0,PE,0.0,0.0,0.0,41.4,0.0,0,0.0,0,0,18-APR-2022,
OPTIDX,FINNIFTY,02-May-2022,13000.0,PE,0.0,0.0,0.0,48.4,0.0,0,0.0,0,0,18-APR-2022,
OPTIDX,FINNIFTY,02-May-2022,13100.0,PE,0.0,0.0,0.0,24.75,0.0,0,0.0,0,0,18-APR-2022,
OPTIDX,FINNIFTY,02-May-2022,13200.0,PE,0.0,0.0,0.0,29.15,0.0,0,0.0,0,0,18-APR-2022,
OPTIDX,FINNIFTY,02-May-2022,13300.0,PE,0.0,0.0,0.0,34.2,0.0,0,0.0,0,0,18-APR-2022,
OPTIDX,FINNIFTY,02-May-2022,13400.0,PE,0.0,0.0,0.0,32.35,0.05,0,0.0,0,0,18-APR-2022,
OPTIDX,FINNIFTY,02-May-2022,13500.0,PE,0.0,0.0,0.0,37.65,0.05,0,0.0,0,0,18-APR-2022,
OPTIDX,FINNIFTY,02-May-2022,13600.0,PE,0.0,0.0,0.0,35.7,0.05,0,0.0,0,0,18-APR-2022,
OPTIDX,FINNIFTY,02-May-2022,13700.0,PE,0.0,0.0,0.0,41.4,0.05,0,0.0,0,0,18-APR-2022,
OPTIDX,FINNIFTY,02-May-2022,13800.0,PE,0.0,0.0,0.0,47.8,0.05,0,0.0,0,0,18-APR-2022,
OPTIDX,FINNIFTY,02-May-2022,13900.0,PE,0.0,0.0,0.0,37.55,0.1,0,0.0,0,0,18-APR-2022,
OPTIDX,FINNIFTY,02-May-2022,14000.0,PE,0.0,0.0,0.0,43.3,0.15,0,0.0,0,0,18-APR-2022,
OPTIDX,FINNIFTY,02-May-2022,14100.0,PE,0.0,0.0,0.0,49.75,0.2,0,0.0,0,0,18-APR-2022,
OPTIDX,FINNIFTY,02-May-2022,14200.0,PE,0.0,0.0,0.0,56.95,0.3,0,0.0,0,0,18-APR-2022,
OPTIDX,FINNIFTY,02-May-2022,14300.0,PE,0.0,0.0,0.0,65.0,0.45,0,0.0,0,0,18-APR-2022,
OPTIDX,FINNIFTY,02-May-2022,14400.0,PE,0.0,0.0,0.0,73.9,0.65,0,0.0,0,0,18-APR-2022,
OPTIDX,FINNIFTY,02-May-2022,14500.0,PE,0.0,0.0,0.0,83.75,0.95,0,0.0,0,0,18-APR-2022,
OPTIDX,FINNIFTY,02-May-2022,14600.0,PE,0.0,0.0,0.0,94.6,1.35,0,0.0,0,0,18-APR-2022,
OPTIDX,FINNIFTY,02-May-2022,14700.0,PE,0.0,0.0,0.0,106.5,1.9,0,0.0,0,0,18-APR-2022,
OPTIDX,FINNIFTY,02-May-2022,14800.0,PE,0.0,0.0,0.0,119.55,2.7,0,0.0,0,0,18-APR-2022,
OPTIDX,FINNIFTY,02-May-2022,14900.0,PE,0.0,0.0,0.0,133.8,3.8,0,0.0,0,0,18-APR-2022,
OPTIDX,FINNIFTY,02-May-2022,15000.0,PE,0.0,0.0,0.0,149.3,5.25,0,0.0,0,0,18-APR-2022,
OPTIDX,FINNIFTY,02-May-2022,15100.0,PE,0.0,0.0,0.0,166.1,7.15,0,0.0,0,0,18-APR-2022,
OPTIDX,FINNIFTY,02-May-2022,15200.0,PE,0.0,0.0,0.0,184.3,9.65,0,0.0,0,0,18-APR-2022,
OPTIDX,FINNIFTY,02-May-2022,15300.0,PE,0.0,0.0,0.0,203.95,12.9,0,0.0,0,0,18-APR-2022,
OPTIDX,FINNIFTY,02-May-2022,15400.0,PE,0.0,0.0,0.0,225.05,16.95,0,0.0,0,0,18-APR-2022,
OPTIDX,FINNIFTY,02-May-2022,15500.0,PE,0.0,0.0,0.0,247.75,22.1,0,0.0,0,0,18-APR-2022,
OPTIDX,FINNIFTY,02-May-2022,15600.0,PE,0.0,0.0,0.0,272.0,28.45,0,0.0,0,0,18-APR-2022,
OPTIDX,FINNIFTY,02-May-2022,15700.0,PE,0.0,0.0,0.0,298.45,36.3,0,0.0,0,0,18-APR-2022,
OPTIDX,FINNIFTY,02-May-2022,15800.0,PE,0.0,0.0,0.0,326.0,45.8,0,0.0,0,0,18-APR-2022,
OPTIDX,FINNIFTY,02-May-2022,15900.0,PE,0.0,0.0,0.0,354.65,57.2,0,0.0,0,0,18-APR-2022,
OPTIDX,FINNIFTY,02-May-2022,16000.0,PE,0.0,0.0,0.0,385.8,70.75,0,0.0,0,0,18-APR-2022,
OPTIDX,FINNIFTY,02-May-2022,16100.0,PE,0.0,0.0,0.0,418.8,86.75,0,0.0,0,0,18-APR-2022,
OPTIDX,FINNIFTY,02-May-2022,16200.0,PE,0.0,0.0,0.0,453.6,105.35,0,0.0,0,0,18-APR-2022,
OPTIDX,FINNIFTY,02-May-2022,16300.0,PE,0.0,0.0,0.0,490.3,126.85,0,0.0,0,0,18-APR-2022,
OPTIDX,FINNIFTY,02-May-2022,16400.0,PE,0.0,0.0,0.0,528.9,152.1,0,0.0,0,0,18-APR-2022,
OPTIDX,FINNIFTY,02-May-2022,16500.0,PE,0.0,0.0,0.0,569.35,179.3,0,0.0,0,0,18-APR-2022,
OPTIDX,FINNIFTY,02-May-2022,16600.0,PE,0.0,0.0,0.0,611.75,210.8,0,0.0,0,0,18-APR-2022,
OPTIDX,FINNIFTY,02-May-2022,16700.0,PE,0.0,0.0,0.0,656.05,245.95,0,0.0,0,0,18-APR-2022,
OPTIDX,FINNIFTY,02-May-2022,16800.0,PE,0.0,0.0,0.0,702.25,284.9,0,0.0,0,0,18-APR-2022,
OPTIDX,FINNIFTY,02-May-2022,16900.0,PE,0.0,0.0,0.0,750.4,327.7,0,0.0,0,0,18-APR-2022,
OPTIDX,FINNIFTY,02-May-2022,17000.0,PE,0.0,0.0,0.0,800.35,374.45,0,0.0,0,0,18-APR-2022,
OPTIDX,FINNIFTY,02-May-2022,17100.0,PE,0.0,0.0,0.0,852.25,425.0,0,0.0,0,0,18-APR-2022,
OPTIDX,FINNIFTY,02-May-2022,17200.0,PE,0.0,0.0,0.0,906.1,479.55,0,0.0,0,0,18-APR-2022,
OPTIDX,FINNIFTY,02-May-2022,17300.0,PE,0.0,0.0,0.0,961.75,537.95,0,0.0,0,0,18-APR-2022,
OPTIDX,FINNIFTY,02-May-2022,17400.0,PE,0.0,0.0,0.0,1019.25,600.05,0,0.0,0,0,18-APR-2022,
OPTIDX,FINNIFTY,02-May-2022,17500.0,PE,0.0,0.0,0.0,1078.55,665.75,0,0.0,0,0,18-APR-2022,
OPTIDX,FINNIFTY,02-May-2022,17600.0,PE,0.0,0.0,0.0,1139.6,734.9,0,0.0,0,0,18-APR-2022,
OPTIDX,FINNIFTY,02-May-2022,17700.0,PE,0.0,0.0,0.0,1202.45,807.3,0,0.0,0,0,18-APR-2022,
OPTIDX,FINNIFTY,02-May-2022,17800.0,PE,0.0,0.0,0.0,1266.95,883.0,0,0.0,0,0,18-APR-2022,
OPTIDX,FINNIFTY,02-May-2022,17900.0,PE,0.0,0.0,0.0,1333.15,961.3,0,0.0,0,0,18-APR-2022,
OPTIDX,FINNIFTY,02-May-2022,18000.0,PE,0.0,0.0,0.0,1400.95,1042.3,0,0.0,0,0,18-APR-2022,
OPTIDX,FINNIFTY,02-May-2022,18100.0,PE,0.0,0.0,0.0,1470.35,1125.65,0,0.0,0,0,18-APR-2022,
OPTIDX,FINNIFTY,02-May-2022,18200.0,PE,0.0,0.0,0.0,1541.3,1211.2,0,0.0,0,0,18-APR-2022,
OPTIDX,FINNIFTY,02-May-2022,18300.0,PE,0.0,0.0,0.0,1613.7,1298.75,0,0.0,0,0,18-APR-2022,
OPTIDX,FINNIFTY,02-May-2022,18400.0,PE,0.0,0.0,0.0,1688.35,1388.05,0,0.0,0,0,18-APR-2022,
OPTIDX,FINNIFTY,02-May-2022,18500.0,PE,0.0,0.0,0.0,1763.75,1478.9,0,0.0,0,0,18-APR-2022,
OPTIDX,FINNIFTY,02-May-2022,18600.0,PE,0.0,0.0,0.0,1840.45,1571.1,0,0.0,0,0,18-APR-2022,
OPTIDX,FINNIFTY,02-May-2022,18700.0,PE,0.0,0.0,0.0,1917.7,1664.55,0,0.0,0,0,18-APR-2022,
OPTIDX,FINNIFTY,02-May-2022,18800.0,PE,0.0,0.0,0.0,1996.85,1759.05,0,0.0,0,0,18-APR-2022,
OPTIDX,FINNIFTY,02-May-2022,18900.0,PE,0.0,0.0,0.0,2077.2,1854.45,0,0.0,0,0,18-APR-2022,
OPTIDX,FINNIFTY,02-May-2022,19000.0,PE,0.0,0.0,0.0,2158.65,1950.6,0,0.0,0,0,18-APR-2022,
OPTIDX,FINNIFTY,02-May-2022,19100.0,PE,0.0,0.0,0.0,2241.2,2047.4,0,0.0,0,0,18-APR-2022,
OPTIDX,FINNIFTY,02-May-2022,19200.0,PE,0.0,0.0,0.0,2324.8,2144.8,0,0.0,0,0,18-APR-2022,
OPTIDX,FINNIFTY,02-May-2022,19300.0,PE,0.0,0.0,0.0,2409.4,2242.65,0,0.0,0,0,18-APR-2022,
OPTIDX,FINNIFTY,02-May-2022,19400.0,PE,0.0,0.0,0.0,2494.9,2340.85,0,0.0,0,0,18-APR-2022,
OPTIDX,FINNIFTY,02-May-2022,19500.0,PE,0.0,0.0,0.0,2581.35,2439.4,0,0.0,0,0,18-APR-2022,
OPTIDX,FINNIFTY,02-May-2022,19600.0,PE,0.0,0.0,0.0,2668.6,2538.2,0,0.0,0,0,18-APR-2022,
OPTIDX,FINNIFTY,02-May-2022,19700.0,PE,0.0,0.0,0.0,2756.7,2637.2,0,0.0,0,0,18-APR-2022,
OPTIDX,FINNIFTY,02-May-2022,19800.0,PE,0.0,0.0,0.0,2845.55,2736.4,0,0.0,0,0,18-APR-2022,
OPTIDX,FINNIFTY,02-May-2022,19900.0,PE,0.0,0.0,0.0,2935.1,2835.75,0,0.0,0,0,18-APR-2022,
OPTIDX,FINNIFTY,02-May-2022,20000.0,PE,0.0,0.0,0.0,2829.25,2935.15,0,0.0,0,0,18-APR-2022,
OPTIDX,FINNIFTY,02-May-2022,20100.0,PE,0.0,0.0,0.0,2922.2,3034.7,0,0.0,0,0,18-APR-2022,
OPTIDX,FINNIFTY,02-May-2022,20200.0,PE,0.0,0.0,0.0,2983.8,3134.3,0,0.0,0,0,18-APR-2022,
OPTIDX,FINNIFTY,02-May-2022,20300.0,PE,0.0,0.0,0.0,2793.8,3233.95,0,0.0,0,0,18-APR-2022,
OPTIDX,FINNIFTY,02-May-2022,20400.0,PE,0.0,0.0,0.0,2889.9,3333.65,0,0.0,0,0,18-APR-2022,
OPTIDX,FINNIFTY,02-May-2022,20500.0,PE,0.0,0.0,0.0,2986.4,3433.4,0,0.0,0,0,18-APR-2022,
OPTIDX,FINNIFTY,02-May-2022,20600.0,PE,0.0,0.0,0.0,2318.9,3533.15,0,0.0,0,0,18-APR-2022,
OPTIDX,FINNIFTY,02-May-2022,20700.0,PE,0.0,0.0,0.0,2411.45,3632.95,0,0.0,0,0,18-APR-2022,
OPTIDX,FINNIFTY,02-May-2022,20800.0,PE,0.0,0.0,0.0,2504.75,3732.75,0,0.0,0,0,18-APR-2022,
OPTIDX,FINNIFTY,02-May-2022,20900.0,PE,0.0,0.0,0.0,2598.75,3832.55,0,0.0,0,0,18-APR-2022,
OPTIDX,FINNIFTY,02-May-2022,21000.0,PE,0.0,0.0,0.0,2693.35,3932.35,0,0.0,0,0,18-APR-2022,
OPTIDX,FINNIFTY,02-May-2022,21100.0,PE,0.0,0.0,0.0,2788.55,4032.2,0,0.0,0,0,18-APR-2022,
OPTIDX,FINNIFTY,02-May-2022,21200.0,PE,0.0,0.0,0.0,2884.25,4132.0,0,0.0,0,0,18-APR-2022,
OPTIDX,FINNIFTY,02-May-2022,21300.0,PE,0.0,0.0,0.0,2980.4,4231.85,0,0.0,0,0,18-APR-2022,
OPTIDX,FINNIFTY,10-May-2022,12500.0,CE,0.0,0.0,0.0,3145.8,4565.6,0,0.0,0,0,18-APR-2022,
OPTIDX,FINNIFTY,10-May-2022,12600.0,CE,0.0,0.0,0.0,3051.1,4465.85,0,0.0,0,0,18-APR-2022,
OPTIDX,FINNIFTY,10-May-2022,12700.0,CE,0.0,0.0,0.0,2957.05,4366.1,0,0.0,0,0,18-APR-2022,
OPTIDX,FINNIFTY,10-May-2022,12800.0,CE,0.0,0.0,0.0,2863.75,4266.35,0,0.0,0,0,18-APR-2022,
OPTIDX,FINNIFTY,10-May-2022,12900.0,CE,0.0,0.0,0.0,2771.15,4166.6,0,0.0,0,0,18-APR-2022,
OPTIDX,FINNIFTY,10-May-2022,13000.0,CE,0.0,0.0,0.0,2679.4,4066.85,0,0.0,0,0,18-APR-2022,
OPTIDX,FINNIFTY,10-May-2022,13100.0,CE,0.0,0.0,0.0,2588.55,3967.15,0,0.0,0,0,18-APR-2022,
OPTIDX,FINNIFTY,10-May-2022,13200.0,CE,0.0,0.0,0.0,2498.7,3867.4,0,0.0,0,0,18-APR-2022,
OPTIDX,FINNIFTY,10-May-2022,13300.0,CE,0.0,0.0,0.0,2409.85,3767.7,0,0.0,0,0,18-APR-2022,
OPTIDX,FINNIFTY,10-May-2022,13400.0,CE,0.0,0.0,0.0,2322.15,3668.0,0,0.0,0,0,18-APR-2022,
OPTIDX,FINNIFTY,10-May-2022,13500.0,CE,0.0,0.0,0.0,2235.65,3568.35,0,0.0,0,0,18-APR-2022,
OPTIDX,FINNIFTY,10-May-2022,13600.0,CE,0.0,0.0,0.0,2150.35,3468.7,0,0.0,0,0,18-APR-2022,
OPTIDX,FINNIFTY,10-May-2022,13700.0,CE,0.0,0.0,0.0,2066.45,3369.1,0,0.0,0,0,18-APR-2022,
OPTIDX,FINNIFTY,10-May-2022,13800.0,CE,0.0,0.0,0.0,1983.9,3269.55,0,0.0,0,0,18-APR-2022,
OPTIDX,FINNIFTY,10-May-2022,13900.0,CE,0.0,0.0,0.0,1902.85,3170.1,0,0.0,0,0,18-APR-2022,
OPTIDX,FINNIFTY,10-May-2022,14000.0,CE,0.0,0.0,0.0,1823.35,3070.7,0,0.0,0,0,18-APR-2022,
OPTIDX,FINNIFTY,10-May-2022,14100.0,CE,0.0,0.0,0.0,1745.4,2971.45,0,0.0,0,0,18-APR-2022,
OPTIDX,FINNIFTY,10-May-2022,14200.0,CE,0.0,0.0,0.0,1669.15,2872.4,0,0.0,0,0,18-APR-2022,
OPTIDX,FINNIFTY,10-May-2022,14300.0,CE,0.0,0.0,0.0,1595.15,2773.5,0,0.0,0,0,18-APR-2022,
OPTIDX,FINNIFTY,10-May-2022,14400.0,CE,0.0,0.0,0.0,1522.3,2674.85,0,0.0,0,0,18-APR-2022,
OPTIDX,FINNIFTY,10-May-2022,14500.0,CE,0.0,0.0,0.0,1451.25,2576.5,0,0.0,0,0,18-APR-2022,
OPTIDX,FINNIFTY,10-May-2022,14600.0,CE,0.0,0.0,0.0,1381.6,2478.5,0,0.0,0,0,18-APR-2022,
OPTIDX,FINNIFTY,10-May-2022,14700.0,CE,0.0,0.0,0.0,1314.5,2380.95,0,0.0,0,0,18-APR-2022,
OPTIDX,FINNIFTY,10-May-2022,14800.0,CE,0.0,0.0,0.0,1249.3,2283.95,0,0.0,0,0,18-APR-2022,
OPTIDX,FINNIFTY,10-May-2022,14900.0,CE,0.0,0.0,0.0,1186.1,2187.55,0,0.0,0,0,18-APR-2022,
OPTIDX,FINNIFTY,10-May-2022,15000.0,CE,0.0,0.0,0.0,1124.9,2091.9,0,0.0,0,0,18-APR-2022,
OPTIDX,FINNIFTY,10-May-2022,15100.0,CE,0.0,0.0,0.0,1065.75,1997.05,0,0.0,0,0,18-APR-2022,
OPTIDX,FINNIFTY,10-May-2022,15200.0,CE,0.0,0.0,0.0,1008.6,1903.2,0,0.0,0,0,18-APR-2022,
OPTIDX,FINNIFTY,10-May-2022,15300.0,CE,0.0,0.0,0.0,953.5,1810.45,0,0.0,0,0,18-APR-2022,
OPTIDX,FINNIFTY,10-May-2022,15400.0,CE,0.0,0.0,0.0,900.45,1718.95,0,0.0,0,0,18-APR-2022,
OPTIDX,FINNIFTY,10-May-2022,15500.0,CE,0.0,0.0,0.0,849.4,1628.85,0,0.0,0,0,18-APR-2022,
OPTIDX,FINNIFTY,10-May-2022,15600.0,CE,0.0,0.0,0.0,800.35,1540.3,0,0.0,0,0,18-APR-2022,
OPTIDX,FINNIFTY,10-May-2022,15700.0,CE,0.0,0.0,0.0,753.4,1453.45,0,0.0,0,0,18-APR-2022,
OPTIDX,FINNIFTY,10-May-2022,15800.0,CE,0.0,0.0,0.0,708.4,1368.5,0,0.0,0,0,18-APR-2022,
OPTIDX,FINNIFTY,10-May-2022,15900.0,CE,0.0,0.0,0.0,665.35,1285.55,0,0.0,0,0,18-APR-2022,
OPTIDX,FINNIFTY,10-May-2022,16000.0,CE,0.0,0.0,0.0,624.25,1204.8,0,0.0,0,0,18-APR-2022,
OPTIDX,FINNIFTY,10-May-2022,16100.0,CE,0.0,0.0,0.0,585.1,1126.4,0,0.0,0,0,18-APR-2022,
OPTIDX,FINNIFTY,10-May-2022,16200.0,CE,0.0,0.0,0.0,547.8,1050.5,0,0.0,0,0,18-APR-2022,
OPTIDX,FINNIFTY,10-May-2022,16300.0,CE,0.0,0.0,0.0,512.3,977.0,0,0.0,0,0,18-APR-2022,
OPTIDX,FINNIFTY,10-May-2022,16400.0,CE,0.0,0.0,0.0,478.6,906.5,0,0.0,0,0,18-APR-2022,
OPTIDX,FINNIFTY,10-May-2022,16500.0,CE,0.0,0.0,0.0,446.65,838.8,0,0.0,0,0,18-APR-2022,
OPTIDX,FINNIFTY,10-May-2022,16600.0,CE,0.0,0.0,0.0,416.4,774.1,0,0.0,0,0,18-APR-2022,
OPTIDX,FINNIFTY,10-May-2022,16700.0,CE,0.0,0.0,0.0,387.8,712.4,0,0.0,0,0,18-APR-2022,
OPTIDX,FINNIFTY,10-May-2022,16800.0,CE,0.0,0.0,0.0,360.75,653.8,0,0.0,0,0,18-APR-2022,
OPTIDX,FINNIFTY,10-May-2022,16900.0,CE,0.0,0.0,0.0,335.95,598.3,0,0.0,0,0,18-APR-2022,
OPTIDX,FINNIFTY,10-May-2022,17000.0,CE,0.0,0.0,0.0,312.1,545.95,0,0.0,0,0,18-APR-2022,
OPTIDX,FINNIFTY,10-May-2022,17100.0,CE,0.0,0.0,0.0,289.6,496.65,0,0.0,0,0,18-APR-2022,
OPTIDX,FINNIFTY,10-May-2022,17200.0,CE,0.0,0.0,0.0,267.8,450.55,0,0.0,0,0,18-APR-2022,
OPTIDX,FINNIFTY,10-May-2022,17300.0,CE,0.0,0.0,0.0,247.9,407.5,0,0.0,0,0,18-APR-2022,
OPTIDX,FINNIFTY,10-May-2022,17400.0,CE,0.0,0.0,0.0,229.25,367.45,0,0.0,0,0,18-APR-2022,
OPTIDX,FINNIFTY,10-May-2022,17500.0,CE,0.0,0.0,0.0,211.8,330.35,0,0.0,0,0,18-APR-2022,
OPTIDX,FINNIFTY,10-May-2022,17600.0,CE,0.0,0.0,0.0,195.45,296.05,0,0.0,0,0,18-APR-2022,
OPTIDX,FINNIFTY,10-May-2022,17700.0,CE,0.0,0.0,0.0,180.2,264.55,0,0.0,0,0,18-APR-2022,
OPTIDX,FINNIFTY,10-May-2022,17800.0,CE,0.0,0.0,0.0,165.95,235.65,0,0.0,0,0,18-APR-2022,
OPTIDX,FINNIFTY,10-May-2022,17900.0,CE,0.0,0.0,0.0,152.7,210.0,0,0.0,0,0,18-APR-2022,
OPTIDX,FINNIFTY,10-May-2022,18000.0,CE,0.0,0.0,0.0,140.4,185.5,0,0.0,0,0,18-APR-2022,
OPTIDX,FINNIFTY,10-May-2022,18100.0,CE,0.0,0.0,0.0,128.95,163.8,0,0.0,0,0,18-APR-2022,
OPTIDX,FINNIFTY,10-May-2022,18200.0,CE,0.0,0.0,0.0,118.3,144.15,0,0.0,0,0,18-APR-2022,
OPTIDX,FINNIFTY,10-May-2022,18300.0,CE,0.0,0.0,0.0,108.45,126.5,0,0.0,0,0,18-APR-2022,
OPTIDX,FINNIFTY,10-May-2022,18400.0,CE,0.0,0.0,0.0,99.3,110.65,0,0.0,0,0,18-APR-2022,
OPTIDX,FINNIFTY,10-May-2022,18500.0,CE,0.0,0.0,0.0,90.85,96.5,0,0.0,0,0,18-APR-2022,
OPTIDX,FINNIFTY,10-May-2022,18600.0,CE,0.0,0.0,0.0,113.7,83.9,0,0.0,0,0,18-APR-2022,
OPTIDX,FINNIFTY,10-May-2022,18700.0,CE,0.0,0.0,0.0,104.25,72.7,0,0.0,0,0,18-APR-2022,
OPTIDX,FINNIFTY,10-May-2022,18800.0,CE,0.0,0.0,0.0,95.5,62.8,0,0.0,0,0,18-APR-2022,
OPTIDX,FINNIFTY,10-May-2022,18900.0,CE,0.0,0.0,0.0,116.85,54.1,0,0.0,0,0,18-APR-2022,
OPTIDX,FINNIFTY,10-May-2022,19000.0,CE,0.0,0.0,0.0,107.25,46.45,0,0.0,0,0,18-APR-2022,
OPTIDX,FINNIFTY,10-May-2022,19100.0,CE,0.0,0.0,0.0,98.35,39.8,0,0.0,0,0,18-APR-2022,
OPTIDX,FINNIFTY,10-May-2022,19200.0,CE,0.0,0.0,0.0,84.1,33.95,0,0.0,0,0,18-APR-2022,
OPTIDX,FINNIFTY,10-May-2022,19300.0,CE,0.0,0.0,0.0,108.55,28.9,0,0.0,0,0,18-APR-2022,
OPTIDX,FINNIFTY,10-May-2022,19400.0,CE,0.0,0.0,0.0,99.4,24.55,0,0.0,0,0,18-APR-2022,
OPTIDX,FINNIFTY,10-May-2022,19500.0,CE,0.0,0.0,0.0,90.9,20.75,0,0.0,0,0,18-APR-2022,
OPTIDX,FINNIFTY,10-May-2022,19600.0,CE,0.0,0.0,0.0,92.65,17.5,0,0.0,0,0,18-APR-2022,
OPTIDX,FINNIFTY,10-May-2022,19700.0,CE,0.0,0.0,0.0,84.6,14.75,0,0.0,0,0,18-APR-2022,
OPTIDX,FINNIFTY,10-May-2022,19800.0,CE,0.0,0.0,0.0,112.05,12.35,0,0.0,0,0,18-APR-2022,
OPTIDX,FINNIFTY,10-May-2022,19900.0,CE,0.0,0.0,0.0,102.4,10.35,0,0.0,0,0,18-APR-2022,
OPTIDX,FINNIFTY,10-May-2022,20000.0,CE,0.0,0.0,0.0,93.5,8.6,0,0.0,0,0,18-APR-2022,
OPTIDX,FINNIFTY,10-May-2022,20100.0,CE,0.0,0.0,0.0,85.3,7.15,0,0.0,0,0,18-APR-2022,
OPTIDX,FINNIFTY,10-May-2022,20200.0,CE,0.0,0.0,0.0,47.8,5.95,0,0.0,0,0,18-APR-2022,
OPTIDX,FINNIFTY,10-May-2022,20300.0,CE,0.0,0.0,0.0,50.35,4.9,0,0.0,0,0,18-APR-2022,
OPTIDX,FINNIFTY,10-May-2022,20400.0,CE,0.0,0.0,0.0,44.8,4.05,0,0.0,0,0,18-APR-2022,
OPTIDX,FINNIFTY,10-May-2022,20500.0,CE,0.0,0.0,0.0,39.85,3.35,0,0.0,0,0,18-APR-2022,
OPTIDX,FINNIFTY,10-May-2022,20600.0,CE,0.0,0.0,0.0,99.0,2.75,0,0.0,0,0,18-APR-2022,
OPTIDX,FINNIFTY,10-May-2022,20700.0,CE,0.0,0.0,0.0,89.2,2.25,0,0.0,0,0,18-APR-2022,
OPTIDX,FINNIFTY,10-May-2022,20800.0,CE,0.0,0.0,0.0,80.3,1.85,0,0.0,0,0,18-APR-2022,
OPTIDX,FINNIFTY,10-May-2022,20900.0,CE,0.0,0.0,0.0,72.15,1.5,0,0.0,0,0,18-APR-2022,
OPTIDX,FINNIFTY,10-May-2022,21000.0,CE,0.0,0.0,0.0,64.75,1.2,0,0.0,0,0,18-APR-2022,
OPTIDX,FINNIFTY,10-May-2022,21100.0,CE,0.0,0.0,0.0,58.0,1.0,0,0.0,0,0,18-APR-2022,
OPTIDX,FINNIFTY,10-May-2022,21200.0,CE,0.0,0.0,0.0,51.9,0.8,0,0.0,0,0,18-APR-2022,
OPTIDX,FINNIFTY,10-May-2022,21300.0,CE,0.0,0.0,0.0,46.35,0.65,0,0.0,0,0,18-APR-2022,
OPTIDX,FINNIFTY,10-May-2022,12500.0,PE,0.0,0.0,0.0,26.45,0.0,0,0.0,0,0,18-APR-2022,
OPTIDX,FINNIFTY,10-May-2022,12600.0,PE,0.0,0.0,0.0,31.05,0.05,0,0.0,0,0,18-APR-2022,
OPTIDX,FINNIFTY,10-May-2022,12700.0,PE,0.0,0.0,0.0,36.25,0.05,0,0.0,0,0,18-APR-2022,
OPTIDX,FINNIFTY,10-May-2022,12800.0,PE,0.0,0.0,0.0,42.2,0.05,0,0.0,0,0,18-APR-2022,
OPTIDX,FINNIFTY,10-May-2022,12900.0,PE,0.0,0.0,0.0,48.9,0.05,0,0.0,0,0,18-APR-2022,
OPTIDX,FINNIFTY,10-May-2022,13000.0,PE,0.0,0.0,0.0,56.45,0.05,0,0.0,0,0,18-APR-2022,
OPTIDX,FINNIFTY,10-May-2022,13100.0,PE,0.0,0.0,0.0,64.85,0.05,0,0.0,0,0,18-APR-2022,
OPTIDX,FINNIFTY,10-May-2022,13200.0,PE,0.0,0.0,0.0,74.25,0.1,0,0.0,0,0,18-APR-2022,
OPTIDX,FINNIFTY,10-May-2022,13300.0,PE,0.0,0.0,0.0,84.7,0.15,0,0.0,0,0,18-APR-2022,
OPTIDX,FINNIFTY,10-May-2022,13400.0,PE,0.0,0.0,0.0,96.3,0.2,0,0.0,0,0,18-APR-2022,
OPTIDX,FINNIFTY,10-May-2022,13500.0,PE,0.0,0.0,0.0,109.05,0.3,0,0.0,0,0,18-APR-2022,
OPTIDX,FINNIFTY,10-May-2022,13600.0,PE,0.0,0.0,0.0,123.05,0.4,0,0.0,0,0,18-APR-2022,
OPTIDX,FINNIFTY,10-May-2022,13700.0,PE,0.0,0.0,0.0,138.4,0.55,0,0.0,0,0,18-APR-2022,
OPTIDX,FINNIFTY,10-May-2022,13800.0,PE,0.0,0.0,0.0,155.15,0.75,0,0.0,0,0,18-APR-2022,
OPTIDX,FINNIFTY,10-May-2022,13900.0,PE,0.0,0.0,0.0,173.35,1.05,0,0.0,0,0,18-APR-2022,
OPTIDX,FINNIFTY,10-May-2022,14000.0,PE,0.0,0.0,0.0,193.1,1.4,0,0.0,0,0,18-APR-2022,
OPTIDX,FINNIFTY,10-May-2022,14100.0,PE,0.0,0.0,0.0,214.45,1.95,0,0.0,0,0,18-APR-2022,
OPTIDX,FINNIFTY,10-May-2022,14200.0,PE,0.0,0.0,0.0,237.5,2.6,0,0.0,0,0,18-APR-2022,
OPTIDX,FINNIFTY,10-May-2022,14300.0,PE,0.0,0.0,0.0,262.8,3.45,0,0.0,0,0,18-APR-2022,
OPTIDX,FINNIFTY,10-May-2022,14400.0,PE,0.0,0.0,0.0,289.2,4.55,0,0.0,0,0,18-APR-2022,
OPTIDX,FINNIFTY,10-May-2022,14500.0,PE,0.0,0.0,0.0,317.45,5.95,0,0.0,0,0,18-APR-2022,
OPTIDX,FINNIFTY,10-May-2022,14600.0,PE,0.0,0.0,0.0,347.05,7.75,0,0.0,0,0,18-APR-2022,
OPTIDX,FINNIFTY,10-May-2022,14700.0,PE,0.0,0.0,0.0,379.2,9.95,0,0.0,0,0,18-APR-2022,
OPTIDX,FINNIFTY,10-May-2022,14800.0,PE,0.0,0.0,0.0,413.3,12.7,0,0.0,0,0,18-APR-2022,
OPTIDX,FINNIFTY,10-May-2022,14900.0,PE,0.0,0.0,0.0,449.4,16.05,0,0.0,0,0,18-APR-2022,
OPTIDX,FINNIFTY,10-May-2022,15000.0,PE,0.0,0.0,0.0,487.45,20.15,0,0.0,0,0,18-APR-2022,
OPTIDX,FINNIFTY,10-May-2022,15100.0,PE,0.0,0.0,0.0,527.55,25.05,0,0.0,0,0,18-APR-2022,
OPTIDX,FINNIFTY,10-May-2022,15200.0,PE,0.0,0.0,0.0,569.7,30.95,0,0.0,0,0,18-APR-2022,
OPTIDX,FINNIFTY,10-May-2022,15300.0,PE,0.0,0.0,0.0,613.9,37.95,0,0.0,0,0,18-APR-2022,
OPTIDX,FINNIFTY,10-May-2022,15400.0,PE,0.0,0.0,0.0,660.1,46.2,0,0.0,0,0,18-APR-2022,
OPTIDX,FINNIFTY,10-May-2022,15500.0,PE,0.0,0.0,0.0,708.35,55.85,0,0.0,0,0,18-APR-2022,
OPTIDX,FINNIFTY,10-May-2022,15600.0,PE,0.0,0.0,0.0,758.55,67.05,0,0.0,0,0,18-APR-2022,
OPTIDX,FINNIFTY,10-May-2022,15700.0,PE,0.0,0.0,0.0,810.85,79.95,0,0.0,0,0,18-APR-2022,
OPTIDX,FINNIFTY,10-May-2022,15800.0,PE,0.0,0.0,0.0,865.15,94.75,0,0.0,0,0,18-APR-2022,
OPTIDX,FINNIFTY,10-May-2022,15900.0,PE,0.0,0.0,0.0,921.4,111.6,0,0.0,0,0,18-APR-2022,
OPTIDX,FINNIFTY,10-May-2022,16000.0,PE,0.0,0.0,0.0,979.6,130.6,0,0.0,0,0,18-APR-2022,
OPTIDX,FINNIFTY,10-May-2022,16100.0,PE,0.0,0.0,0.0,1039.65,151.95,0,0.0,0,0,18-APR-2022,
OPTIDX,FINNIFTY,10-May-2022,16200.0,PE,0.0,0.0,0.0,1101.65,175.75,0,0.0,0,0,18-APR-2022,
OPTIDX,FINNIFTY,10-May-2022,16300.0,PE,0.0,0.0,0.0,1165.45,202.0,0,0.0,0,0,18-APR-2022,
OPTIDX,FINNIFTY,10-May-2022,16400.0,PE,0.0,0.0,0.0,1231.0,231.25,0,0.0,0,0,18-APR-2022,
OPTIDX,FINNIFTY,10-May-2022,16500.0,PE,0.0,0.0,0.0,1298.35,263.35,0,0.0,0,0,18-APR-2022,
OPTIDX,FINNIFTY,10-May-2022,16600.0,PE,0.0,0.0,0.0,1367.35,298.4,0,0.0,0,0,18-APR-2022,
OPTIDX,FINNIFTY,10-May-2022,16700.0,PE,0.0,0.0,0.0,1438.0,336.45,0,0.0,0,0,18-APR-2022,
OPTIDX,FINNIFTY,10-May-2022,16800.0,PE,0.0,0.0,0.0,1510.25,377.6,0,0.0,0,0,18-APR-2022,
OPTIDX,FINNIFTY,10-May-2022,16900.0,PE,0.0,0.0,0.0,1584.75,421.85,0,0.0,0,0,18-APR-2022,
OPTIDX,FINNIFTY,10-May-2022,17000.0,PE,0.0,0.0,0.0,1660.15,469.25,0,0.0,0,0,18-APR-2022,
OPTIDX,FINNIFTY,10-May-2022,17100.0,PE,0.0,0.0,0.0,1736.95,519.7,0,0.0,0,0,18-APR-2022,
OPTIDX,FINNIFTY,10-May-2022,17200.0,PE,0.0,0.0,0.0,1814.4,573.35,0,0.0,0,0,18-APR-2022,
OPTIDX,FINNIFTY,10-May-2022,17300.0,PE,0.0,0.0,0.0,1893.8,630.05,0,0.0,0,0,18-APR-2022,
OPTIDX,FINNIFTY,10-May-2022,17400.0,PE,0.0,0.0,0.0,1974.4,689.75,0,0.0,0,0,18-APR-2022,
OPTIDX,FINNIFTY,10-May-2022,17500.0,PE,0.0,0.0,0.0,2056.2,752.4,0,0.0,0,0,18-APR-2022,
OPTIDX,FINNIFTY,10-May-2022,17600.0,PE,0.0,0.0,0.0,2139.15,817.85,0,0.0,0,0,18-APR-2022,
OPTIDX,FINNIFTY,10-May-2022,17700.0,PE,0.0,0.0,0.0,2223.2,886.1,0,0.0,0,0,18-APR-2022,
OPTIDX,FINNIFTY,10-May-2022,17800.0,PE,0.0,0.0,0.0,2308.25,956.95,0,0.0,0,0,18-APR-2022,
OPTIDX,FINNIFTY,10-May-2022,17900.0,PE,0.0,0.0,0.0,2394.25,1031.1,0,0.0,0,0,18-APR-2022,
OPTIDX,FINNIFTY,10-May-2022,18000.0,PE,0.0,0.0,0.0,2481.2,1106.35,0,0.0,0,0,18-APR-2022,
OPTIDX,FINNIFTY,10-May-2022,18100.0,PE,0.0,0.0,0.0,2569.05,1184.35,0,0.0,0,0,18-APR-2022,
OPTIDX,FINNIFTY,10-May-2022,18200.0,PE,0.0,0.0,0.0,2657.7,1264.45,0,0.0,0,0,18-APR-2022,
OPTIDX,FINNIFTY,10-May-2022,18300.0,PE,0.0,0.0,0.0,2747.1,1346.55,0,0.0,0,0,18-APR-2022,
OPTIDX,FINNIFTY,10-May-2022,18400.0,PE,0.0,0.0,0.0,2837.25,1430.45,0,0.0,0,0,18-APR-2022,
OPTIDX,FINNIFTY,10-May-2022,18500.0,PE,0.0,0.0,0.0,2928.05,1516.05,0,0.0,0,0,18-APR-2022,
OPTIDX,FINNIFTY,10-May-2022,18600.0,PE,0.0,0.0,0.0,2735.35,1603.2,0,0.0,0,0,18-APR-2022,
OPTIDX,FINNIFTY,10-May-2022,18700.0,PE,0.0,0.0,0.0,2825.15,1691.8,0,0.0,0,0,18-APR-2022,
OPTIDX,FINNIFTY,10-May-2022,18800.0,PE,0.0,0.0,0.0,2915.7,1781.65,0,0.0,0,0,18-APR-2022,
OPTIDX,FINNIFTY,10-May-2022,18900.0,PE,0.0,0.0,0.0,2749.05,1872.7,0,0.0,0,0,18-APR-2022,
OPTIDX,FINNIFTY,10-May-2022,19000.0,PE,0.0,0.0,0.0,2838.75,1964.8,0,0.0,0,0,18-APR-2022,
OPTIDX,FINNIFTY,10-May-2022,19100.0,PE,0.0,0.0,0.0,2929.15,2057.9,0,0.0,0,0,18-APR-2022,
OPTIDX,FINNIFTY,10-May-2022,19200.0,PE,0.0,0.0,0.0,2991.15,2151.8,0,0.0,0,0,18-APR-2022,
OPTIDX,FINNIFTY,10-May-2022,19300.0,PE,0.0,0.0,0.0,2768.4,2246.5,0,0.0,0,0,18-APR-2022,
OPTIDX,FINNIFTY,10-May-2022,19400.0,PE,0.0,0.0,0.0,2858.6,2341.9,0,0.0,0,0,18-APR-2022,
OPTIDX,FINNIFTY,10-May-2022,19500.0,PE,0.0,0.0,0.0,2949.5,2437.85,0,0.0,0,0,18-APR-2022,
OPTIDX,FINNIFTY,10-May-2022,19600.0,PE,0.0,0.0,0.0,2894.1,2534.35,0,0.0,0,0,18-APR-2022,
OPTIDX,FINNIFTY,10-May-2022,19700.0,PE,0.0,0.0,0.0,2985.4,2631.35,0,0.0,0,0,18-APR-2022,
OPTIDX,FINNIFTY,10-May-2022,19800.0,PE,0.0,0.0,0.0,2658.8,2728.7,0,0.0,0,0,18-APR-2022,
OPTIDX,FINNIFTY,10-May-2022,19900.0,PE,0.0,0.0,0.0,2748.55,2826.45,0,0.0,0,0,18-APR-2022,
OPTIDX,FINNIFTY,10-May-2022,20000.0,PE,0.0,0.0,0.0,2839.1,2924.5,0,0.0,0,0,18-APR-2022,
OPTIDX,FINNIFTY,10-May-2022,20100.0,PE,0.0,0.0,0.0,2930.3,3022.8,0,0.0,0,0,18-APR-2022,
OPTIDX,FINNIFTY,10-May-2022,20200.0,PE,0.0,0.0,0.0,2985.9,3121.3,0,0.0,0,0,18-APR-2022,
OPTIDX,FINNIFTY,10-May-2022,20300.0,PE,0.0,0.0,0.0,2796.15,3220.05,0,0.0,0,0,18-APR-2022,
OPTIDX,FINNIFTY,10-May-2022,20400.0,PE,0.0,0.0,0.0,2890.2,3318.95,0,0.0,0,0,18-APR-2022,
OPTIDX,FINNIFTY,10-May-2022,20500.0,PE,0.0,0.0,0.0,2984.8,3417.95,0,0.0,0,0,18-APR-2022,
OPTIDX,FINNIFTY,10-May-2022,20600.0,PE,0.0,0.0,0.0,2336.85,3517.15,0,0.0,0,0,18-APR-2022,
OPTIDX,FINNIFTY,10-May-2022,20700.0,PE,0.0,0.0,0.0,2426.65,3616.4,0,0.0,0,0,18-APR-2022,
OPTIDX,FINNIFTY,10-May-2022,20800.0,PE,0.0,0.0,0.0,2517.3,3715.75,0,0.0,0,0,18-APR-2022,
OPTIDX,FINNIFTY,10-May-2022,20900.0,PE,0.0,0.0,0.0,2608.75,3815.15,0,0.0,0,0,18-APR-2022,
OPTIDX,FINNIFTY,10-May-2022,21000.0,PE,0.0,0.0,0.0,2700.95,3914.6,0,0.0,0,0,18-APR-2022,
OPTIDX,FINNIFTY,10-May-2022,21100.0,PE,0.0,0.0,0.0,2793.8,4014.15,0,0.0,0,0,18-APR-2022,
OPTIDX,FINNIFTY,10-May-2022,21200.0,PE,0.0,0.0,0.0,2887.25,4113.7,0,0.0,0,0,18-APR-2022,
OPTIDX,FINNIFTY,10-May-2022,21300.0,PE,0.0,0.0,0.0,2981.3,4213.3,0,0.0,0,0,18-APR-2022,
OPTIDX,FINNIFTY,17-May-2022,13400.0,CE,0.0,0.0,0.0,3088.05,3679.25,0,0.0,0,0,18-APR-2022,
OPTIDX,FINNIFTY,17-May-2022,13500.0,CE,0.0,0.0,0.0,2994.85,3579.85,0,0.0,0,0,18-APR-2022,
OPTIDX,FINNIFTY,17-May-2022,13600.0,CE,0.0,0.0,0.0,2902.45,3480.6,0,0.0,0,0,18-APR-2022,
OPTIDX,FINNIFTY,17-May-2022,13700.0,CE,0.0,0.0,0.0,2810.8,3381.4,0,0.0,0,0,18-APR-2022,
OPTIDX,FINNIFTY,17-May-2022,13800.0,CE,0.0,0.0,0.0,2720.05,3282.35,0,0.0,0,0,18-APR-2022,
OPTIDX,FINNIFTY,17-May-2022,13900.0,CE,0.0,0.0,0.0,2630.25,3183.5,0,0.0,0,0,18-APR-2022,
OPTIDX,FINNIFTY,17-May-2022,14000.0,CE,0.0,0.0,0.0,2541.4,3084.85,0,0.0,0,0,18-APR-2022,
OPTIDX,FINNIFTY,17-May-2022,14100.0,CE,0.0,0.0,0.0,2453.6,2986.4,0,0.0,0,0,18-APR-2022,
OPTIDX,FINNIFTY,17-May-2022,14200.0,CE,0.0,0.0,0.0,2366.95,2888.3,0,0.0,0,0,18-APR-2022,
OPTIDX,FINNIFTY,17-May-2022,14300.0,CE,0.0,0.0,0.0,2281.5,2790.55,0,0.0,0,0,18-APR-2022,
OPTIDX,FINNIFTY,17-May-2022,14400.0,CE,0.0,0.0,0.0,2197.25,2693.2,0,0.0,0,0,18-APR-2022,
OPTIDX,FINNIFTY,17-May-2022,14500.0,CE,0.0,0.0,0.0,2114.35,2596.3,0,0.0,0,0,18-APR-2022,
OPTIDX,FINNIFTY,17-May-2022,14600.0,CE,0.0,0.0,0.0,2032.85,2500.0,0,0.0,0,0,18-APR-2022,
OPTIDX,FINNIFTY,17-May-2022,14700.0,CE,0.0,0.0,0.0,1952.75,2404.3,0,0.0,0,0,18-APR-2022,
OPTIDX,FINNIFTY,17-May-2022,14800.0,CE,0.0,0.0,0.0,1874.15,2309.35,0,0.0,0,0,18-APR-2022,
OPTIDX,FINNIFTY,17-May-2022,14900.0,CE,0.0,0.0,0.0,1797.15,2215.2,0,0.0,0,0,18-APR-2022,
OPTIDX,FINNIFTY,17-May-2022,15000.0,CE,0.0,0.0,0.0,1721.7,2122.0,0,0.0,0,0,18-APR-2022,
OPTIDX,FINNIFTY,17-May-2022,15100.0,CE,0.0,0.0,0.0,1648.45,2029.85,0,0.0,0,0,18-APR-2022,
OPTIDX,FINNIFTY,17-May-2022,15200.0,CE,0.0,0.0,0.0,1576.3,1938.85,0,0.0,0,0,18-APR-2022,
OPTIDX,FINNIFTY,17-May-2022,15300.0,CE,0.0,0.0,0.0,1505.25,1849.1,0,0.0,0,0,18-APR-2022,
OPTIDX,FINNIFTY,17-May-2022,15400.0,CE,0.0,0.0,0.0,1436.75,1760.75,0,0.0,0,0,18-APR-2022,
OPTIDX,FINNIFTY,17-May-2022,15500.0,CE,0.0,0.0,0.0,1370.1,1673.95,0,0.0,0,0,18-APR-2022,
OPTIDX,FINNIFTY,17-May-2022,15600.0,CE,0.0,0.0,0.0,1305.3,1588.75,0,0.0,0,0,18-APR-2022,
OPTIDX,FINNIFTY,17-May-2022,15700.0,CE,0.0,0.0,0.0,1242.35,1505.3,0,0.0,0,0,18-APR-2022,
OPTIDX,FINNIFTY,17-May-2022,15800.0,CE,0.0,0.0,0.0,1181.3,1423.75,0,0.0,0,0,18-APR-2022,
OPTIDX,FINNIFTY,17-May-2022,15900.0,CE,0.0,0.0,0.0,1122.2,1344.2,0,0.0,0,0,18-APR-2022,
OPTIDX,FINNIFTY,17-May-2022,16000.0,CE,0.0,0.0,0.0,1065.05,1266.75,0,0.0,0,0,18-APR-2022,
OPTIDX,FINNIFTY,17-May-2022,16100.0,CE,0.0,0.0,0.0,1009.8,1192.15,0,0.0,0,0,18-APR-2022,
OPTIDX,FINNIFTY,17-May-2022,16200.0,CE,0.0,0.0,0.0,956.5,1119.1,0,0.0,0,0,18-APR-2022,
OPTIDX,FINNIFTY,17-May-2022,16300.0,CE,0.0,0.0,0.0,905.1,1047.9,0,0.0,0,0,18-APR-2022,
OPTIDX,FINNIFTY,17-May-2022,16400.0,CE,0.0,0.0,0.0,855.6,979.95,0,0.0,0,0,18-APR-2022,
OPTIDX,FINNIFTY,17-May-2022,16500.0,CE,0.0,0.0,0.0,808.05,914.55,0,0.0,0,0,18-APR-2022,
OPTIDX,FINNIFTY,17-May-2022,16600.0,CE,0.0,0.0,0.0,762.45,851.75,0,0.0,0,0,18-APR-2022,
OPTIDX,FINNIFTY,17-May-2022,16700.0,CE,0.0,0.0,0.0,718.7,791.65,0,0.0,0,0,18-APR-2022,
OPTIDX,FINNIFTY,17-May-2022,16800.0,CE,0.0,0.0,0.0,676.8,734.25,0,0.0,0,0,18-APR-2022,
OPTIDX,FINNIFTY,17-May-2022,16900.0,CE,0.0,0.0,0.0,636.7,679.55,0,0.0,0,0,18-APR-2022,
OPTIDX,FINNIFTY,17-May-2022,17000.0,CE,0.0,0.0,0.0,598.4,627.6,0,0.0,0,0,18-APR-2022,
OPTIDX,FINNIFTY,17-May-2022,17100.0,CE,0.0,0.0,0.0,561.9,578.3,0,0.0,0,0,18-APR-2022,
OPTIDX,FINNIFTY,17-May-2022,17200.0,CE,0.0,0.0,0.0,527.1,531.8,0,0.0,0,0,18-APR-2022,
OPTIDX,FINNIFTY,17-May-2022,17300.0,CE,0.0,0.0,0.0,493.95,487.95,0,0.0,0,0,18-APR-2022,
OPTIDX,FINNIFTY,17-May-2022,17400.0,CE,0.0,0.0,0.0,462.45,446.7,0,0.0,0,0,18-APR-2022,
OPTIDX,FINNIFTY,17-May-2022,17500.0,CE,0.0,0.0,0.0,432.55,408.1,0,0.0,0,0,18-APR-2022,
OPTIDX,FINNIFTY,17-May-2022,17600.0,CE,0.0,0.0,0.0,404.25,371.95,0,0.0,0,0,18-APR-2022,
OPTIDX,FINNIFTY,17-May-2022,17700.0,CE,0.0,0.0,0.0,377.4,338.3,0,0.0,0,0,18-APR-2022,
OPTIDX,FINNIFTY,17-May-2022,17800.0,CE,0.0,0.0,0.0,352.75,307.0,0,0.0,0,0,18-APR-2022,
OPTIDX,FINNIFTY,17-May-2022,17900.0,CE,0.0,0.0,0.0,328.9,277.95,0,0.0,0,0,18-APR-2022,
OPTIDX,FINNIFTY,17-May-2022,18000.0,CE,0.0,0.0,0.0,306.4,251.1,0,0.0,0,0,18-APR-2022,
OPTIDX,FINNIFTY,17-May-2022,18100.0,CE,0.0,0.0,0.0,284.45,227.2,0,0.0,0,0,18-APR-2022,
OPTIDX,FINNIFTY,17-May-2022,18200.0,CE,0.0,0.0,0.0,264.35,203.85,0,0.0,0,0,18-APR-2022,
OPTIDX,FINNIFTY,17-May-2022,18300.0,CE,0.0,0.0,0.0,245.5,183.0,0,0.0,0,0,18-APR-2022,
OPTIDX,FINNIFTY,17-May-2022,18400.0,CE,0.0,0.0,0.0,227.75,163.9,0,0.0,0,0,18-APR-2022,
OPTIDX,FINNIFTY,17-May-2022,18500.0,CE,0.0,0.0,0.0,211.1,146.45,0,0.0,0,0,18-APR-2022,
OPTIDX,FINNIFTY,17-May-2022,18600.0,CE,0.0,0.0,0.0,195.5,130.6,0,0.0,0,0,18-APR-2022,
OPTIDX,FINNIFTY,17-May-2022,18700.0,CE,0.0,0.0,0.0,180.9,116.2,0,0.0,0,0,18-APR-2022,
OPTIDX,FINNIFTY,17-May-2022,18800.0,CE,0.0,0.0,0.0,167.2,103.15,0,0.0,0,0,18-APR-2022,
OPTIDX,FINNIFTY,17-May-2022,18900.0,CE,0.0,0.0,0.0,154.45,91.35,0,0.0,0,0,18-APR-2022,
OPTIDX,FINNIFTY,17-May-2022,19000.0,CE,0.0,0.0,0.0,142.5,80.75,0,0.0,0,0,18-APR-2022,
OPTIDX,FINNIFTY,17-May-2022,19100.0,CE,0.0,0.0,0.0,131.4,71.2,0,0.0,0,0,18-APR-2022,
OPTIDX,FINNIFTY,17-May-2022,19200.0,CE,0.0,0.0,0.0,121.05,62.7,0,0.0,0,0,18-APR-2022,
OPTIDX,FINNIFTY,17-May-2022,19300.0,CE,0.0,0.0,0.0,111.45,55.05,0,0.0,0,0,18-APR-2022,
OPTIDX,FINNIFTY,17-May-2022,19400.0,CE,0.0,0.0,0.0,102.5,48.25,0,0.0,0,0,18-APR-2022,
OPTIDX,FINNIFTY,17-May-2022,19500.0,CE,0.0,0.0,0.0,127.15,42.2,0,0.0,0,0,18-APR-2022,
OPTIDX,FINNIFTY,17-May-2022,19600.0,CE,0.0,0.0,0.0,117.15,36.8,0,0.0,0,0,18-APR-2022,
OPTIDX,FINNIFTY,17-May-2022,19700.0,CE,0.0,0.0,0.0,107.85,32.05,0,0.0,0,0,18-APR-2022,
OPTIDX,FINNIFTY,17-May-2022,19800.0,CE,0.0,0.0,0.0,141.3,27.85,0,0.0,0,0,18-APR-2022,
OPTIDX,FINNIFTY,17-May-2022,19900.0,CE,0.0,0.0,0.0,130.2,24.15,0,0.0,0,0,18-APR-2022,
OPTIDX,FINNIFTY,17-May-2022,20000.0,CE,0.0,0.0,0.0,119.9,20.9,0,0.0,0,0,18-APR-2022,
OPTIDX,FINNIFTY,17-May-2022,20100.0,CE,0.0,0.0,0.0,110.35,18.05,0,0.0,0,0,18-APR-2022,
OPTIDX,FINNIFTY,17-May-2022,20200.0,CE,0.0,0.0,0.0,68.8,15.55,0,0.0,0,0,18-APR-2022,
OPTIDX,FINNIFTY,17-May-2022,20300.0,CE,0.0,0.0,0.0,74.1,13.4,0,0.0,0,0,18-APR-2022,
OPTIDX,FINNIFTY,17-May-2022,20400.0,CE,0.0,0.0,0.0,67.0,11.5,0,0.0,0,0,18-APR-2022,
OPTIDX,FINNIFTY,17-May-2022,20500.0,CE,0.0,0.0,0.0,60.45,9.85,0,0.0,0,0,18-APR-2022,
OPTIDX,FINNIFTY,17-May-2022,20600.0,CE,0.0,0.0,0.0,135.45,8.45,0,0.0,0,0,18-APR-2022,
OPTIDX,FINNIFTY,17-May-2022,20700.0,CE,0.0,0.0,0.0,123.7,7.2,0,0.0,0,0,18-APR-2022,
OPTIDX,FINNIFTY,17-May-2022,20800.0,CE,0.0,0.0,0.0,112.8,6.15,0,0.0,0,0,18-APR-2022,
OPTIDX,FINNIFTY,17-May-2022,20900.0,CE,0.0,0.0,0.0,102.75,5.2,0,0.0,0,0,18-APR-2022,
OPTIDX,FINNIFTY,17-May-2022,21000.0,CE,0.0,0.0,0.0,93.5,4.45,0,0.0,0,0,18-APR-2022,
OPTIDX,FINNIFTY,17-May-2022,21100.0,CE,0.0,0.0,0.0,84.95,3.75,0,0.0,0,0,18-APR-2022,
OPTIDX,FINNIFTY,17-May-2022,21200.0,CE,0.0,0.0,0.0,77.1,3.2,0,0.0,0,0,18-APR-2022,
OPTIDX,FINNIFTY,17-May-2022,21300.0,CE,0.0,0.0,0.0,69.9,2.7,0,0.0,0,0,18-APR-2022,
OPTIDX,FINNIFTY,17-May-2022,13400.0,PE,0.0,0.0,0.0,39.85,0.9,0,0.0,0,0,18-APR-2022,
OPTIDX,FINNIFTY,17-May-2022,13500.0,PE,0.0,0.0,0.0,45.95,1.2,0,0.0,0,0,18-APR-2022,
OPTIDX,FINNIFTY,17-May-2022,13600.0,PE,0.0,0.0,0.0,52.8,1.6,0,0.0,0,0,18-APR-2022,
OPTIDX,FINNIFTY,17-May-2022,13700.0,PE,0.0,0.0,0.0,60.45,2.1,0,0.0,0,0,18-APR-2022,
OPTIDX,FINNIFTY,17-May-2022,13800.0,PE,0.0,0.0,0.0,69.0,2.75,0,0.0,0,0,18-APR-2022,
OPTIDX,FINNIFTY,17-May-2022,13900.0,PE,0.0,0.0,0.0,78.45,3.55,0,0.0,0,0,18-APR-2022,
OPTIDX,FINNIFTY,17-May-2022,14000.0,PE,0.0,0.0,0.0,88.9,4.55,0,0.0,0,0,18-APR-2022,
OPTIDX,FINNIFTY,17-May-2022,14100.0,PE,0.0,0.0,0.0,100.4,5.8,0,0.0,0,0,18-APR-2022,
OPTIDX,FINNIFTY,17-May-2022,14200.0,PE,0.0,0.0,0.0,113.0,7.35,0,0.0,0,0,18-APR-2022,
OPTIDX,FINNIFTY,17-May-2022,14300.0,PE,0.0,0.0,0.0,126.85,9.25,0,0.0,0,0,18-APR-2022,
OPTIDX,FINNIFTY,17-May-2022,14400.0,PE,0.0,0.0,0.0,141.9,11.6,0,0.0,0,0,18-APR-2022,
OPTIDX,FINNIFTY,17-May-2022,14500.0,PE,0.0,0.0,0.0,158.25,14.4,0,0.0,0,0,18-APR-2022,
OPTIDX,FINNIFTY,17-May-2022,14600.0,PE,0.0,0.0,0.0,176.05,17.75,0,0.0,0,0,18-APR-2022,
OPTIDX,FINNIFTY,17-May-2022,14700.0,PE,0.0,0.0,0.0,195.25,21.7,0,0.0,0,0,18-APR-2022,
OPTIDX,FINNIFTY,17-May-2022,14800.0,PE,0.0,0.0,0.0,215.9,26.45,0,0.0,0,0,18-APR-2022,
OPTIDX,FINNIFTY,17-May-2022,14900.0,PE,0.0,0.0,0.0,238.15,32.0,0,0.0,0,0,18-APR-2022,
OPTIDX,FINNIFTY,17-May-2022,15000.0,PE,0.0,0.0,0.0,262.05,38.45,0,0.0,0,0,18-APR-2022,
OPTIDX,FINNIFTY,17-May-2022,15100.0,PE,0.0,0.0,0.0,288.05,46.0,0,0.0,0,0,18-APR-2022,
OPTIDX,FINNIFTY,17-May-2022,15200.0,PE,0.0,0.0,0.0,315.2,54.65,0,0.0,0,0,18-APR-2022,
OPTIDX,FINNIFTY,17-May-2022,15300.0,PE,0.0,0.0,0.0,343.45,64.6,0,0.0,0,0,18-APR-2022,
OPTIDX,FINNIFTY,17-May-2022,15400.0,PE,0.0,0.0,0.0,374.2,75.9,0,0.0,0,0,18-APR-2022,
OPTIDX,FINNIFTY,17-May-2022,15500.0,PE,0.0,0.0,0.0,406.85,88.75,0,0.0,0,0,18-APR-2022,
OPTIDX,FINNIFTY,17-May-2022,15600.0,PE,0.0,0.0,0.0,441.3,103.25,0,0.0,0,0,18-APR-2022,
OPTIDX,FINNIFTY,17-May-2022,15700.0,PE,0.0,0.0,0.0,477.65,119.45,0,0.0,0,0,18-APR-2022,
OPTIDX,FINNIFTY,17-May-2022,15800.0,PE,0.0,0.0,0.0,515.9,137.6,0,0.0,0,0,18-APR-2022,
OPTIDX,FINNIFTY,17-May-2022,15900.0,PE,0.0,0.0,0.0,556.1,157.7,0,0.0,0,0,18-APR-2022,
OPTIDX,FINNIFTY,17-May-2022,16000.0,PE,0.0,0.0,0.0,598.2,179.95,0,0.0,0,0,18-APR-2022,
OPTIDX,FINNIFTY,17-May-2022,16100.0,PE,0.0,0.0,0.0,642.25,205.0,0,0.0,0,0,18-APR-2022,
OPTIDX,FINNIFTY,17-May-2022,16200.0,PE,0.0,0.0,0.0,688.2,231.6,0,0.0,0,0,18-APR-2022,
OPTIDX,FINNIFTY,17-May-2022,16300.0,PE,0.0,0.0,0.0,736.1,260.1,0,0.0,0,0,18-APR-2022,
OPTIDX,FINNIFTY,17-May-2022,16400.0,PE,0.0,0.0,0.0,785.9,291.8,0,0.0,0,0,18-APR-2022,
OPTIDX,FINNIFTY,17-May-2022,16500.0,PE,0.0,0.0,0.0,837.65,326.1,0,0.0,0,0,18-APR-2022,
OPTIDX,FINNIFTY,17-May-2022,16600.0,PE,0.0,0.0,0.0,891.3,363.0,0,0.0,0,0,18-APR-2022,
OPTIDX,FINNIFTY,17-May-2022,16700.0,PE,0.0,0.0,0.0,946.8,402.55,0,0.0,0,0,18-APR-2022,
OPTIDX,FINNIFTY,17-May-2022,16800.0,PE,0.0,0.0,0.0,1004.2,444.8,0,0.0,0,0,18-APR-2022,
OPTIDX,FINNIFTY,17-May-2022,16900.0,PE,0.0,0.0,0.0,1063.4,489.8,0,0.0,0,0,18-APR-2022,
OPTIDX,FINNIFTY,17-May-2022,17000.0,PE,0.0,0.0,0.0,1124.4,537.5,0,0.0,0,0,18-APR-2022,
OPTIDX,FINNIFTY,17-May-2022,17100.0,PE,0.0,0.0,0.0,1187.15,587.9,0,0.0,0,0,18-APR-2022,
OPTIDX,FINNIFTY,17-May-2022,17200.0,PE,0.0,0.0,0.0,1251.65,641.05,0,0.0,0,0,18-APR-2022,
OPTIDX,FINNIFTY,17-May-2022,17300.0,PE,0.0,0.0,0.0,1317.8,696.9,0,0.0,0,0,18-APR-2022,
OPTIDX,FINNIFTY,17-May-2022,17400.0,PE,0.0,0.0,0.0,1385.6,755.35,0,0.0,0,0,18-APR-2022,
OPTIDX,FINNIFTY,17-May-2022,17500.0,PE,0.0,0.0,0.0,1454.95,816.4,0,0.0,0,0,18-APR-2022,
OPTIDX,FINNIFTY,17-May-2022,17600.0,PE,0.0,0.0,0.0,1525.9,879.95,0,0.0,0,0,18-APR-2022,
OPTIDX,FINNIFTY,17-May-2022,17700.0,PE,0.0,0.0,0.0,1598.35,945.95,0,0.0,0,0,18-APR-2022,
OPTIDX,FINNIFTY,17-May-2022,17800.0,PE,0.0,0.0,0.0,1673.0,1014.3,0,0.0,0,0,18-APR-2022,
OPTIDX,FINNIFTY,17-May-2022,17900.0,PE,0.0,0.0,0.0,1748.4,1084.95,0,0.0,0,0,18-APR-2022,
OPTIDX,FINNIFTY,17-May-2022,18000.0,PE,0.0,0.0,0.0,1825.2,1157.75,0,0.0,0,0,18-APR-2022,
OPTIDX,FINNIFTY,17-May-2022,18100.0,PE,0.0,0.0,0.0,1902.55,1233.55,0,0.0,0,0,18-APR-2022,
OPTIDX,FINNIFTY,17-May-2022,18200.0,PE,0.0,0.0,0.0,1981.75,1309.85,0,0.0,0,0,18-APR-2022,
OPTIDX,FINNIFTY,17-May-2022,18300.0,PE,0.0,0.0,0.0,2062.15,1388.65,0,0.0,0,0,18-APR-2022,
OPTIDX,FINNIFTY,17-May-2022,18400.0,PE,0.0,0.0,0.0,2143.7,1469.25,0,0.0,0,0,18-APR-2022,
OPTIDX,FINNIFTY,17-May-2022,18500.0,PE,0.0,0.0,0.0,2226.3,1551.5,0,0.0,0,0,18-APR-2022,
OPTIDX,FINNIFTY,17-May-2022,18600.0,PE,0.0,0.0,0.0,2310.0,1635.3,0,0.0,0,0,18-APR-2022,
OPTIDX,FINNIFTY,17-May-2022,18700.0,PE,0.0,0.0,0.0,2394.65,1720.55,0,0.0,0,0,18-APR-2022,
OPTIDX,FINNIFTY,17-May-2022,18800.0,PE,0.0,0.0,0.0,2480.3,1807.2,0,0.0,0,0,18-APR-2022,
OPTIDX,FINNIFTY,17-May-2022,18900.0,PE,0.0,0.0,0.0,2566.8,1895.1,0,0.0,0,0,18-APR-2022,
OPTIDX,FINNIFTY,17-May-2022,19000.0,PE,0.0,0.0,0.0,2654.15,1984.15,0,0.0,0,0,18-APR-2022,
OPTIDX,FINNIFTY,17-May-2022,19100.0,PE,0.0,0.0,0.0,2742.35,2074.3,0,0.0,0,0,18-APR-2022,
OPTIDX,FINNIFTY,17-May-2022,19200.0,PE,0.0,0.0,0.0,2831.25,2165.45,0,0.0,0,0,18-APR-2022,
OPTIDX,FINNIFTY,17-May-2022,19300.0,PE,0.0,0.0,0.0,2920.9,2257.45,0,0.0,0,0,18-APR-2022,
OPTIDX,FINNIFTY,17-May-2022,19400.0,PE,0.0,0.0,0.0,3011.25,2350.35,0,0.0,0,0,18-APR-2022,
OPTIDX,FINNIFTY,17-May-2022,19500.0,PE,0.0,0.0,0.0,2813.65,2443.95,0,0.0,0,0,18-APR-2022,
OPTIDX,FINNIFTY,17-May-2022,19600.0,PE,0.0,0.0,0.0,2902.95,2538.25,0,0.0,0,0,18-APR-2022,
OPTIDX,FINNIFTY,17-May-2022,19700.0,PE,0.0,0.0,0.0,2992.95,2633.15,0,0.0,0,0,18-APR-2022,
OPTIDX,FINNIFTY,17-May-2022,19800.0,PE,0.0,0.0,0.0,2672.15,2728.65,0,0.0,0,0,18-APR-2022,
OPTIDX,FINNIFTY,17-May-2022,19900.0,PE,0.0,0.0,0.0,2760.45,2824.6,0,0.0,0,0,18-APR-2022,
OPTIDX,FINNIFTY,17-May-2022,20000.0,PE,0.0,0.0,0.0,2849.5,2921.05,0,0.0,0,0,18-APR-2022,
OPTIDX,FINNIFTY,17-May-2022,20100.0,PE,0.0,0.0,0.0,2939.25,3017.85,0,0.0,0,0,18-APR-2022,
OPTIDX,FINNIFTY,17-May-2022,20200.0,PE,0.0,0.0,0.0,2990.75,3115.05,0,0.0,0,0,18-APR-2022,
OPTIDX,FINNIFTY,17-May-2022,20300.0,PE,0.0,0.0,0.0,2803.45,3212.55,0,0.0,0,0,18-APR-2022,
OPTIDX,FINNIFTY,17-May-2022,20400.0,PE,0.0,0.0,0.0,2895.8,3310.35,0,0.0,0,0,18-APR-2022,
OPTIDX,FINNIFTY,17-May-2022,20500.0,PE,0.0,0.0,0.0,2988.8,3408.35,0,0.0,0,0,18-APR-2022,
OPTIDX,FINNIFTY,17-May-2022,20600.0,PE,0.0,0.0,0.0,2356.85,3506.6,0,0.0,0,0,18-APR-2022,
OPTIDX,FINNIFTY,17-May-2022,20700.0,PE,0.0,0.0,0.0,2444.55,3605.05,0,0.0,0,0,18-APR-2022,
OPTIDX,FINNIFTY,17-May-2022,20800.0,PE,0.0,0.0,0.0,2533.2,3703.65,0,0.0,0,0,18-APR-2022,
OPTIDX,FINNIFTY,17-May-2022,20900.0,PE,0.0,0.0,0.0,2622.65,3802.45,0,0.0,0,0,18-APR-2022,
OPTIDX,FINNIFTY,17-May-2022,21000.0,PE,0.0,0.0,0.0,2712.85,3901.3,0,0.0,0,0,18-APR-2022,
OPTIDX,FINNIFTY,17-May-2022,21100.0,PE,0.0,0.0,0.0,2803.85,4000.3,0,0.0,0,0,18-APR-2022,
OPTIDX,FINNIFTY,17-May-2022,21200.0,PE,0.0,0.0,0.0,2895.5,4099.4,0,0.0,0,0,18-APR-2022,
OPTIDX,FINNIFTY,17-May-2022,21300.0,PE,0.0,0.0,0.0,2987.85,4198.6,0,0.0,0,0,18-APR-2022,
OPTIDX,FINNIFTY,24-May-2022,13600.0,CE,0.0,0.0,0.0,3139.35,3495.55,0,0.0,0,0,18-APR-2022,
OPTIDX,FINNIFTY,24-May-2022,13700.0,CE,0.0,0.0,0.0,3107.55,3397.0,0,0.0,0,0,18-APR-2022,
OPTIDX,FINNIFTY,24-May-2022,13800.0,CE,0.0,0.0,0.0,3014.35,3298.65,0,0.0,0,0,18-APR-2022,
OPTIDX,FINNIFTY,24-May-2022,13900.0,CE,0.0,0.0,0.0,3176.55,3200.65,0,0.0,0,0,18-APR-2022,
OPTIDX,FINNIFTY,24-May-2022,14000.0,CE,0.0,0.0,0.0,3083.4,3102.9,0,0.0,0,0,18-APR-2022,
OPTIDX,FINNIFTY,24-May-2022,14100.0,CE,0.0,0.0,0.0,3137.25,3005.55,0,0.0,0,0,18-APR-2022,
OPTIDX,FINNIFTY,24-May-2022,14200.0,CE,0.0,0.0,0.0,3044.85,2908.6,0,0.0,0,0,18-APR-2022,
OPTIDX,FINNIFTY,24-May-2022,14300.0,CE,0.0,0.0,0.0,2953.15,2812.15,0,0.0,0,0,18-APR-2022,
OPTIDX,FINNIFTY,24-May-2022,14400.0,CE,0.0,0.0,0.0,2862.35,2716.25,0,0.0,0,0,18-APR-2022,
OPTIDX,FINNIFTY,24-May-2022,14500.0,CE,0.0,0.0,0.0,2772.35,2620.95,0,0.0,0,0,18-APR-2022,
OPTIDX,FINNIFTY,24-May-2022,14600.0,CE,0.0,0.0,0.0,2683.35,2526.4,0,0.0,0,0,18-APR-2022,
OPTIDX,FINNIFTY,24-May-2022,14700.0,CE,0.0,0.0,0.0,2595.3,2432.6,0,0.0,0,0,18-APR-2022,
OPTIDX,FINNIFTY,24-May-2022,14800.0,CE,0.0,0.0,0.0,2508.35,2339.65,0,0.0,0,0,18-APR-2022,
OPTIDX,FINNIFTY,24-May-2022,14900.0,CE,0.0,0.0,0.0,2422.5,2247.65,0,0.0,0,0,18-APR-2022,
OPTIDX,FINNIFTY,24-May-2022,15000.0,CE,0.0,0.0,0.0,2337.8,2156.75,0,0.0,0,0,18-APR-2022,
OPTIDX,FINNIFTY,24-May-2022,15100.0,CE,0.0,0.0,0.0,2254.35,2067.0,0,0.0,0,0,18-APR-2022,
OPTIDX,FINNIFTY,24-May-2022,15200.0,CE,0.0,0.0,0.0,2172.2,1978.45,0,0.0,0,0,18-APR-2022,
OPTIDX,FINNIFTY,24-May-2022,15300.0,CE,0.0,0.0,0.0,2091.35,1891.25,0,0.0,0,0,18-APR-2022,
OPTIDX,FINNIFTY,24-May-2022,15400.0,CE,0.0,0.0,0.0,2011.95,1805.55,0,0.0,0,0,18-APR-2022,
OPTIDX,FINNIFTY,24-May-2022,15500.0,CE,0.0,0.0,0.0,1934.0,1721.35,0,0.0,0,0,18-APR-2022,
OPTIDX,FINNIFTY,24-May-2022,15600.0,CE,0.0,0.0,0.0,1857.5,1638.8,0,0.0,0,0,18-APR-2022,
OPTIDX,FINNIFTY,24-May-2022,15700.0,CE,0.0,0.0,0.0,1782.6,1558.05,0,0.0,0,0,18-APR-2022,
OPTIDX,FINNIFTY,24-May-2022,15800.0,CE,0.0,0.0,0.0,1709.8,1479.1,0,0.0,0,0,18-APR-2022,
OPTIDX,FINNIFTY,24-May-2022,15900.0,CE,0.0,0.0,0.0,1638.0,1402.05,0,0.0,0,0,18-APR-2022,
OPTIDX,FINNIFTY,24-May-2022,16000.0,CE,0.0,0.0,0.0,1567.3,1327.65,0,0.0,0,0,18-APR-2022,
OPTIDX,FINNIFTY,24-May-2022,16100.0,CE,0.0,0.0,0.0,1499.0,1254.6,0,0.0,0,0,18-APR-2022,
OPTIDX,FINNIFTY,24-May-2022,16200.0,CE,0.0,0.0,0.0,1432.5,1183.15,0,0.0,0,0,18-APR-2022,
OPTIDX,FINNIFTY,24-May-2022,16300.0,CE,0.0,0.0,0.0,1367.75,1114.65,0,0.0,0,0,18-APR-2022,
OPTIDX,FINNIFTY,24-May-2022,16400.0,CE,0.0,0.0,0.0,1304.8,1048.5,0,0.0,0,0,18-APR-2022,
OPTIDX,FINNIFTY,24-May-2022,16500.0,CE,0.0,0.0,0.0,1243.7,984.65,0,0.0,0,0,18-APR-2022,
OPTIDX,FINNIFTY,24-May-2022,16600.0,CE,0.0,0.0,0.0,1184.35,923.2,0,0.0,0,0,18-APR-2022,
OPTIDX,FINNIFTY,24-May-2022,16700.0,CE,0.0,0.0,0.0,1126.9,864.15,0,0.0,0,0,18-APR-2022,
OPTIDX,FINNIFTY,24-May-2022,16800.0,CE,0.0,0.0,0.0,1071.3,807.55,0,0.0,0,0,18-APR-2022,
OPTIDX,FINNIFTY,24-May-2022,16900.0,CE,0.0,0.0,0.0,1017.5,753.4,0,0.0,0,0,18-APR-2022,
OPTIDX,FINNIFTY,24-May-2022,17000.0,CE,0.0,0.0,0.0,965.6,701.7,0,0.0,0,0,18-APR-2022,
OPTIDX,FINNIFTY,24-May-2022,17100.0,CE,0.0,0.0,0.0,915.45,652.35,0,0.0,0,0,18-APR-2022,
OPTIDX,FINNIFTY,24-May-2022,17200.0,CE,0.0,0.0,0.0,867.2,605.55,0,0.0,0,0,18-APR-2022,
OPTIDX,FINNIFTY,24-May-2022,17300.0,CE,0.0,0.0,0.0,820.75,561.1,0,0.0,0,0,18-APR-2022,
OPTIDX,FINNIFTY,24-May-2022,17400.0,CE,0.0,0.0,0.0,776.1,519.05,0,0.0,0,0,18-APR-2022,
OPTIDX,FINNIFTY,24-May-2022,17500.0,CE,0.0,0.0,0.0,733.25,479.3,0,0.0,0,0,18-APR-2022,
OPTIDX,FINNIFTY,24-May-2022,17600.0,CE,0.0,0.0,0.0,692.15,441.85,0,0.0,0,0,18-APR-2022,
OPTIDX,FINNIFTY,24-May-2022,17700.0,CE,0.0,0.0,0.0,652.75,406.6,0,0.0,0,0,18-APR-2022,
OPTIDX,FINNIFTY,24-May-2022,17800.0,CE,0.0,0.0,0.0,615.1,373.55,0,0.0,0,0,18-APR-2022,
OPTIDX,FINNIFTY,24-May-2022,17900.0,CE,0.0,0.0,0.0,579.1,342.6,0,0.0,0,0,18-APR-2022,
OPTIDX,FINNIFTY,24-May-2022,18000.0,CE,0.0,0.0,0.0,544.7,313.65,0,0.0,0,0,18-APR-2022,
OPTIDX,FINNIFTY,24-May-2022,18100.0,CE,0.0,0.0,0.0,511.9,286.65,0,0.0,0,0,18-APR-2022,
OPTIDX,FINNIFTY,24-May-2022,18200.0,CE,0.0,0.0,0.0,480.7,262.35,0,0.0,0,0,18-APR-2022,
OPTIDX,FINNIFTY,24-May-2022,18300.0,CE,0.0,0.0,0.0,451.0,239.2,0,0.0,0,0,18-APR-2022,
OPTIDX,FINNIFTY,24-May-2022,18400.0,CE,0.0,0.0,0.0,422.75,216.9,0,0.0,0,0,18-APR-2022,
OPTIDX,FINNIFTY,24-May-2022,18500.0,CE,0.0,0.0,0.0,395.9,196.9,0,0.0,0,0,18-APR-2022,
OPTIDX,FINNIFTY,24-May-2022,18600.0,CE,0.0,0.0,0.0,371.3,178.45,0,0.0,0,0,18-APR-2022,
OPTIDX,FINNIFTY,24-May-2022,18700.0,CE,0.0,0.0,0.0,347.3,161.5,0,0.0,0,0,18-APR-2022,
OPTIDX,FINNIFTY,24-May-2022,18800.0,CE,0.0,0.0,0.0,324.65,145.85,0,0.0,0,0,18-APR-2022,
OPTIDX,FINNIFTY,24-May-2022,18900.0,CE,0.0,0.0,0.0,302.5,131.55,0,0.0,0,0,18-APR-2022,
OPTIDX,FINNIFTY,24-May-2022,19000.0,CE,0.0,0.0,0.0,282.15,118.4,0,0.0,0,0,18-APR-2022,
OPTIDX,FINNIFTY,24-May-2022,19100.0,CE,0.0,0.0,0.0,262.95,106.4,0,0.0,0,0,18-APR-2022,
OPTIDX,FINNIFTY,24-May-2022,19200.0,CE,0.0,0.0,0.0,244.9,95.5,0,0.0,0,0,18-APR-2022,
OPTIDX,FINNIFTY,24-May-2022,19300.0,CE,0.0,0.0,0.0,227.85,85.55,0,0.0,0,0,18-APR-2022,
OPTIDX,FINNIFTY,24-May-2022,19400.0,CE,0.0,0.0,0.0,211.85,76.5,0,0.0,0,0,18-APR-2022,
OPTIDX,FINNIFTY,24-May-2022,19500.0,CE,0.0,0.0,0.0,196.8,68.3,0,0.0,0,0,18-APR-2022,
OPTIDX,FINNIFTY,24-May-2022,19600.0,CE,0.0,0.0,0.0,182.65,60.85,0,0.0,0,0,18-APR-2022,
OPTIDX,FINNIFTY,24-May-2022,19700.0,CE,0.0,0.0,0.0,169.4,54.15,0,0.0,0,0,18-APR-2022,
OPTIDX,FINNIFTY,24-May-2022,19800.0,CE,0.0,0.0,0.0,157.0,48.15,0,0.0,0,0,18-APR-2022,
OPTIDX,FINNIFTY,24-May-2022,19900.0,CE,0.0,0.0,0.0,145.4,42.7,0,0.0,0,0,18-APR-2022,
OPTIDX,FINNIFTY,24-May-2022,20000.0,CE,0.0,0.0,0.0,134.55,37.8,0,0.0,0,0,18-APR-2022,
OPTIDX,FINNIFTY,24-May-2022,20100.0,CE,0.0,0.0,0.0,124.4,33.45,0,0.0,0,0,18-APR-2022,
OPTIDX,FINNIFTY,24-May-2022,20200.0,CE,0.0,0.0,0.0,91.9,29.55,0,0.0,0,0,18-APR-2022,
OPTIDX,FINNIFTY,24-May-2022,20300.0,CE,0.0,0.0,0.0,100.15,26.05,0,0.0,0,0,18-APR-2022,
OPTIDX,FINNIFTY,24-May-2022,20400.0,CE,0.0,0.0,0.0,91.5,22.9,0,0.0,0,0,18-APR-2022,
OPTIDX,FINNIFTY,24-May-2022,20500.0,CE,0.0,0.0,0.0,83.5,20.15,0,0.0,0,0,18-APR-2022,
OPTIDX,FINNIFTY,24-May-2022,20600.0,CE,0.0,0.0,0.0,173.2,17.7,0,0.0,0,0,18-APR-2022,
OPTIDX,FINNIFTY,24-May-2022,20700.0,CE,0.0,0.0,0.0,159.7,15.5,0,0.0,0,0,18-APR-2022,
OPTIDX,FINNIFTY,24-May-2022,20800.0,CE,0.0,0.0,0.0,147.05,13.55,0,0.0,0,0,18-APR-2022,
OPTIDX,FINNIFTY,24-May-2022,20900.0,CE,0.0,0.0,0.0,135.3,11.85,0,0.0,0,0,18-APR-2022,
OPTIDX,FINNIFTY,24-May-2022,21000.0,CE,0.0,0.0,0.0,124.35,10.35,0,0.0,0,0,18-APR-2022,
OPTIDX,FINNIFTY,24-May-2022,21100.0,CE,0.0,0.0,0.0,114.2,9.0,0,0.0,0,0,18-APR-2022,
OPTIDX,FINNIFTY,24-May-2022,21200.0,CE,0.0,0.0,0.0,104.75,7.85,0,0.0,0,0,18-APR-2022,
OPTIDX,FINNIFTY,24-May-2022,21300.0,CE,0.0,0.0,0.0,96.05,6.8,0,0.0,0,0,18-APR-2022,
OPTIDX,FINNIFTY,24-May-2022,13600.0,PE,0.0,0.0,0.0,32.4,4.0,0,0.0,0,0,18-APR-2022,
OPTIDX,FINNIFTY,24-May-2022,13700.0,PE,0.0,0.0,0.0,39.75,5.05,0,0.0,0,0,18-APR-2022,
OPTIDX,FINNIFTY,24-May-2022,13800.0,PE,0.0,0.0,0.0,45.8,6.3,0,0.0,0,0,18-APR-2022,
OPTIDX,FINNIFTY,24-May-2022,13900.0,PE,0.0,0.0,0.0,41.25,7.85,0,0.0,0,0,18-APR-2022,
OPTIDX,FINNIFTY,24-May-2022,14000.0,PE,0.0,0.0,0.0,47.35,9.7,0,0.0,0,0,18-APR-2022,
OPTIDX,FINNIFTY,24-May-2022,14100.0,PE,0.0,0.0,0.0,48.25,11.9,0,0.0,0,0,18-APR-2022,
OPTIDX,FINNIFTY,24-May-2022,14200.0,PE,0.0,0.0,0.0,55.1,14.55,0,0.0,0,0,18-APR-2022,
OPTIDX,FINNIFTY,24-May-2022,14300.0,PE,0.0,0.0,0.0,62.75,17.7,0,0.0,0,0,18-APR-2022,
OPTIDX,FINNIFTY,24-May-2022,14400.0,PE,0.0,0.0,0.0,71.15,21.35,0,0.0,0,0,18-APR-2022,
OPTIDX,FINNIFTY,24-May-2022,14500.0,PE,0.0,0.0,0.0,80.5,25.65,0,0.0,0,0,18-APR-2022,
OPTIDX,FINNIFTY,24-May-2022,14600.0,PE,0.0,0.0,0.0,90.75,30.65,0,0.0,0,0,18-APR-2022,
OPTIDX,FINNIFTY,24-May-2022,14700.0,PE,0.0,0.0,0.0,102.0,36.45,0,0.0,0,0,18-APR-2022,
OPTIDX,FINNIFTY,24-May-2022,14800.0,PE,0.0,0.0,0.0,114.3,43.1,0,0.0,0,0,18-APR-2022,
OPTIDX,FINNIFTY,24-May-2022,14900.0,PE,0.0,0.0,0.0,127.7,50.7,0,0.0,0,0,18-APR-2022,
OPTIDX,FINNIFTY,24-May-2022,15000.0,PE,0.0,0.0,0.0,142.3,59.35,0,0.0,0,0,18-APR-2022,
OPTIDX,FINNIFTY,24-May-2022,15100.0,PE,0.0,0.0,0.0,158.1,69.15,0,0.0,0,0,18-APR-2022,
OPTIDX,FINNIFTY,24-May-2022,15200.0,PE,0.0,0.0,0.0,175.25,80.2,0,0.0,0,0,18-APR-2022,
OPTIDX,FINNIFTY,24-May-2022,15300.0,PE,0.0,0.0,0.0,193.7,92.6,0,0.0,0,0,18-APR-2022,
OPTIDX,FINNIFTY,24-May-2022,15400.0,PE,0.0,0.0,0.0,213.55,106.45,0,0.0,0,0,18-APR-2022,
OPTIDX,FINNIFTY,24-May-2022,15500.0,PE,0.0,0.0,0.0,234.85,121.85,0,0.0,0,0,18-APR-2022,
OPTIDX,FINNIFTY,24-May-2022,15600.0,PE,0.0,0.0,0.0,257.7,138.9,0,0.0,0,0,18-APR-2022,
OPTIDX,FINNIFTY,24-May-2022,15700.0,PE,0.0,0.0,0.0,282.05,157.7,0,0.0,0,0,18-APR-2022,
OPTIDX,FINNIFTY,24-May-2022,15800.0,PE,0.0,0.0,0.0,308.55,178.35,0,0.0,0,0,18-APR-2022,
OPTIDX,FINNIFTY,24-May-2022,15900.0,PE,0.0,0.0,0.0,336.05,200.9,0,0.0,0,0,18-APR-2022,
OPTIDX,FINNIFTY,24-May-2022,16000.0,PE,0.0,0.0,0.0,364.55,226.1,0,0.0,0,0,18-APR-2022,
OPTIDX,FINNIFTY,24-May-2022,16100.0,PE,0.0,0.0,0.0,395.6,252.6,0,0.0,0,0,18-APR-2022,
OPTIDX,FINNIFTY,24-May-2022,16200.0,PE,0.0,0.0,0.0,428.35,280.75,0,0.0,0,0,18-APR-2022,
OPTIDX,FINNIFTY,24-May-2022,16300.0,PE,0.0,0.0,0.0,462.85,311.85,0,0.0,0,0,18-APR-2022,
OPTIDX,FINNIFTY,24-May-2022,16400.0,PE,0.0,0.0,0.0,499.2,345.25,0,0.0,0,0,18-APR-2022,
OPTIDX,FINNIFTY,24-May-2022,16500.0,PE,0.0,0.0,0.0,537.35,381.0,0,0.0,0,0,18-APR-2022,
OPTIDX,FINNIFTY,24-May-2022,16600.0,PE,0.0,0.0,0.0,577.3,419.1,0,0.0,0,0,18-APR-2022,
OPTIDX,FINNIFTY,24-May-2022,16700.0,PE,0.0,0.0,0.0,619.15,459.65,0,0.0,0,0,18-APR-2022,
OPTIDX,FINNIFTY,24-May-2022,16800.0,PE,0.0,0.0,0.0,662.8,502.65,0,0.0,0,0,18-APR-2022,
OPTIDX,FINNIFTY,24-May-2022,16900.0,PE,0.0,0.0,0.0,708.3,548.05,0,0.0,0,0,18-APR-2022,
OPTIDX,FINNIFTY,24-May-2022,17000.0,PE,0.0,0.0,0.0,755.65,595.95,0,0.0,0,0,18-APR-2022,
OPTIDX,FINNIFTY,24-May-2022,17100.0,PE,0.0,0.0,0.0,804.8,646.2,0,0.0,0,0,18-APR-2022,
OPTIDX,FINNIFTY,24-May-2022,17200.0,PE,0.0,0.0,0.0,855.8,698.95,0,0.0,0,0,18-APR-2022,
OPTIDX,FINNIFTY,24-May-2022,17300.0,PE,0.0,0.0,0.0,908.65,754.1,0,0.0,0,0,18-APR-2022,
OPTIDX,FINNIFTY,24-May-2022,17400.0,PE,0.0,0.0,0.0,963.3,811.6,0,0.0,0,0,18-APR-2022,
OPTIDX,FINNIFTY,24-May-2022,17500.0,PE,0.0,0.0,0.0,1019.7,871.45,0,0.0,0,0,18-APR-2022,
OPTIDX,FINNIFTY,24-May-2022,17600.0,PE,0.0,0.0,0.0,1077.85,933.6,0,0.0,0,0,18-APR-2022,
OPTIDX,FINNIFTY,24-May-2022,17700.0,PE,0.0,0.0,0.0,1137.75,997.95,0,0.0,0,0,18-APR-2022,
OPTIDX,FINNIFTY,24-May-2022,17800.0,PE,0.0,0.0,0.0,1199.4,1064.45,0,0.0,0,0,18-APR-2022,
OPTIDX,FINNIFTY,24-May-2022,17900.0,PE,0.0,0.0,0.0,1262.65,1133.05,0,0.0,0,0,18-APR-2022,
OPTIDX,FINNIFTY,24-May-2022,18000.0,PE,0.0,0.0,0.0,1327.55,1203.7,0,0.0,0,0,18-APR-2022,
OPTIDX,FINNIFTY,24-May-2022,18100.0,PE,0.0,0.0,0.0,1394.05,1276.3,0,0.0,0,0,18-APR-2022,
OPTIDX,FINNIFTY,24-May-2022,18200.0,PE,0.0,0.0,0.0,1462.1,1351.55,0,0.0,0,0,18-APR-2022,
OPTIDX,FINNIFTY,24-May-2022,18300.0,PE,0.0,0.0,0.0,1531.65,1428.0,0,0.0,0,0,18-APR-2022,
OPTIDX,FINNIFTY,24-May-2022,18400.0,PE,0.0,0.0,0.0,1602.7,1505.3,0,0.0,0,0,18-APR-2022,
OPTIDX,FINNIFTY,24-May-2022,18500.0,PE,0.0,0.0,0.0,1675.15,1584.9,0,0.0,0,0,18-APR-2022,
OPTIDX,FINNIFTY,24-May-2022,18600.0,PE,0.0,0.0,0.0,1749.8,1666.0,0,0.0,0,0,18-APR-2022,
OPTIDX,FINNIFTY,24-May-2022,18700.0,PE,0.0,0.0,0.0,1825.1,1748.6,0,0.0,0,0,18-APR-2022,
OPTIDX,FINNIFTY,24-May-2022,18800.0,PE,0.0,0.0,0.0,1901.7,1832.55,0,0.0,0,0,18-APR-2022,
OPTIDX,FINNIFTY,24-May-2022,18900.0,PE,0.0,0.0,0.0,1978.8,1917.8,0,0.0,0,0,18-APR-2022,
OPTIDX,FINNIFTY,24-May-2022,19000.0,PE,0.0,0.0,0.0,2057.75,2004.3,0,0.0,0,0,18-APR-2022,
OPTIDX,FINNIFTY,24-May-2022,19100.0,PE,0.0,0.0,0.0,2137.85,2091.85,0,0.0,0,0,18-APR-2022,
OPTIDX,FINNIFTY,24-May-2022,19200.0,PE,0.0,0.0,0.0,2219.05,2180.5,0,0.0,0,0,18-APR-2022,
OPTIDX,FINNIFTY,24-May-2022,19300.0,PE,0.0,0.0,0.0,2301.3,2270.15,0,0.0,0,0,18-APR-2022,
OPTIDX,FINNIFTY,24-May-2022,19400.0,PE,0.0,0.0,0.0,2384.55,2360.7,0,0.0,0,0,18-APR-2022,
OPTIDX,FINNIFTY,24-May-2022,19500.0,PE,0.0,0.0,0.0,2468.8,2452.05,0,0.0,0,0,18-APR-2022,
OPTIDX,FINNIFTY,24-May-2022,19600.0,PE,0.0,0.0,0.0,2553.95,2544.25,0,0.0,0,0,18-APR-2022,
OPTIDX,FINNIFTY,24-May-2022,19700.0,PE,0.0,0.0,0.0,2639.95,2637.1,0,0.0,0,0,18-APR-2022,
OPTIDX,FINNIFTY,24-May-2022,19800.0,PE,0.0,0.0,0.0,2726.85,2730.65,0,0.0,0,0,18-APR-2022,
OPTIDX,FINNIFTY,24-May-2022,19900.0,PE,0.0,0.0,0.0,2814.5,2824.8,0,0.0,0,0,18-APR-2022,
OPTIDX,FINNIFTY,24-May-2022,20000.0,PE,0.0,0.0,0.0,2902.9,2919.5,0,0.0,0,0,18-APR-2022,
OPTIDX,FINNIFTY,24-May-2022,20100.0,PE,0.0,0.0,0.0,2992.05,3014.7,0,0.0,0,0,18-APR-2022,
OPTIDX,FINNIFTY,24-May-2022,20200.0,PE,0.0,0.0,0.0,2997.75,3110.4,0,0.0,0,0,18-APR-2022,
OPTIDX,FINNIFTY,24-May-2022,20300.0,PE,0.0,0.0,0.0,2813.1,3206.45,0,0.0,0,0,18-APR-2022,
OPTIDX,FINNIFTY,24-May-2022,20400.0,PE,0.0,0.0,0.0,2903.85,3302.95,0,0.0,0,0,18-APR-2022,
OPTIDX,FINNIFTY,24-May-2022,20500.0,PE,0.0,0.0,0.0,2995.3,3399.75,0,0.0,0,0,18-APR-2022,
OPTIDX,FINNIFTY,24-May-2022,20600.0,PE,0.0,0.0,0.0,2378.1,3496.85,0,0.0,0,0,18-APR-2022,
OPTIDX,FINNIFTY,24-May-2022,20700.0,PE,0.0,0.0,0.0,2464.0,3594.25,0,0.0,0,0,18-APR-2022,
OPTIDX,FINNIFTY,24-May-2022,20800.0,PE,0.0,0.0,0.0,2550.8,3691.9,0,0.0,0,0,18-APR-2022,
OPTIDX,FINNIFTY,24-May-2022,20900.0,PE,0.0,0.0,0.0,2638.5,3789.8,0,0.0,0,0,18-APR-2022,
OPTIDX,FINNIFTY,24-May-2022,21000.0,PE,0.0,0.0,0.0,2727.0,3887.85,0,0.0,0,0,18-APR-2022,
OPTIDX,FINNIFTY,24-May-2022,21100.0,PE,0.0,0.0,0.0,2816.25,3986.1,0,0.0,0,0,18-APR-2022,
OPTIDX,FINNIFTY,24-May-2022,21200.0,PE,0.0,0.0,0.0,2906.25,4084.5,0,0.0,0,0,18-APR-2022,
OPTIDX,FINNIFTY,24-May-2022,21300.0,PE,0.0,0.0,0.0,2996.9,4183.05,0,0.0,0,0,18-APR-2022,
OPTIDX,FINNIFTY,31-May-2022,12400.0,CE,0.0,0.0,0.0,3162.0,4697.0,0,0.0,0,0,18-APR-2022,
OPTIDX,FINNIFTY,31-May-2022,12500.0,CE,0.0,0.0,0.0,3070.0,4597.65,0,0.0,0,0,18-APR-2022,
OPTIDX,FINNIFTY,31-May-2022,12600.0,CE,0.0,0.0,0.0,2978.8,4498.35,0,0.0,0,0,18-APR-2022,
OPTIDX,FINNIFTY,31-May-2022,12700.0,CE,0.0,0.0,0.0,2888.45,4399.05,0,0.0,0,0,18-APR-2022,
OPTIDX,FINNIFTY,31-May-2022,12800.0,CE,0.0,0.0,0.0,2798.95,4299.85,0,0.0,0,0,18-APR-2022,
OPTIDX,FINNIFTY,31-May-2022,12900.0,CE,0.0,0.0,0.0,2710.45,4200.7,0,0.0,0,0,18-APR-2022,
OPTIDX,FINNIFTY,31-May-2022,13000.0,CE,0.0,0.0,0.0,2622.9,4101.65,0,0.0,0,0,18-APR-2022,
OPTIDX,FINNIFTY,31-May-2022,13100.0,CE,0.0,0.0,0.0,3173.35,4002.7,0,0.0,0,0,18-APR-2022,
OPTIDX,FINNIFTY,31-May-2022,13200.0,CE,0.0,0.0,0.0,3082.6,3903.85,0,0.0,0,0,18-APR-2022,
OPTIDX,FINNIFTY,31-May-2022,13300.0,CE,0.0,0.0,0.0,2992.6,3805.15,0,0.0,0,0,18-APR-2022,
OPTIDX,FINNIFTY,31-May-2022,13400.0,CE,0.0,0.0,0.0,3171.7,3706.65,0,0.0,0,0,18-APR-2022,
OPTIDX,FINNIFTY,31-May-2022,13500.0,CE,0.0,0.0,0.0,3253.6,3608.35,0,0.0,0,0,18-APR-2022,
OPTIDX,FINNIFTY,31-May-2022,13600.0,CE,0.0,0.0,0.0,3163.55,3510.3,0,0.0,0,0,18-APR-2022,
OPTIDX,FINNIFTY,31-May-2022,13700.0,CE,0.0,0.0,0.0,3074.3,3412.5,0,0.0,0,0,18-APR-2022,
OPTIDX,FINNIFTY,31-May-2022,13800.0,CE,0.0,0.0,0.0,2985.95,3315.05,0,0.0,0,0,18-APR-2022,
OPTIDX,FINNIFTY,31-May-2022,13900.0,CE,0.0,0.0,0.0,2898.5,3217.95,0,0.0,0,0,18-APR-2022,
OPTIDX,FINNIFTY,31-May-2022,14000.0,CE,0.0,0.0,0.0,2812.0,3121.3,0,0.0,0,0,18-APR-2022,
OPTIDX,FINNIFTY,31-May-2022,14100.0,CE,0.0,0.0,0.0,2726.5,3025.1,0,0.0,0,0,18-APR-2022,
OPTIDX,FINNIFTY,31-May-2022,14200.0,CE,0.0,0.0,0.0,2642.1,2929.4,0,0.0,0,0,18-APR-2022,
OPTIDX,FINNIFTY,31-May-2022,14300.0,CE,0.0,0.0,0.0,2558.75,2834.35,0,0.0,0,0,18-APR-2022,
OPTIDX,FINNIFTY,31-May-2022,14400.0,CE,0.0,0.0,0.0,3284.2,2739.9,0,0.0,0,0,18-APR-2022,
OPTIDX,FINNIFTY,31-May-2022,14500.0,CE,0.0,0.0,0.0,3231.25,2646.2,0,0.0,0,0,18-APR-2022,
OPTIDX,FINNIFTY,31-May-2022,14600.0,CE,0.0,0.0,0.0,3143.45,2553.35,0,0.0,0,0,18-APR-2022,
OPTIDX,FINNIFTY,31-May-2022,14700.0,CE,0.0,0.0,0.0,3056.6,2461.3,0,0.0,0,0,18-APR-2022,
OPTIDX,FINNIFTY,31-May-2022,14800.0,CE,0.0,0.0,0.0,2970.6,2370.3,0,0.0,0,0,18-APR-2022,
OPTIDX,FINNIFTY,31-May-2022,14900.0,CE,0.0,0.0,0.0,2885.6,2280.3,0,0.0,0,0,18-APR-2022,
OPTIDX,FINNIFTY,31-May-2022,15000.0,CE,0.0,0.0,0.0,2801.6,2191.4,0,0.0,0,0,18-APR-2022,
OPTIDX,FINNIFTY,31-May-2022,15100.0,CE,0.0,0.0,0.0,2718.65,2103.75,0,0.0,0,0,18-APR-2022,
OPTIDX,FINNIFTY,31-May-2022,15200.0,CE,0.0,0.0,0.0,2636.8,2017.4,0,0.0,0,0,18-APR-2022,
OPTIDX,FINNIFTY,31-May-2022,15300.0,CE,0.0,0.0,0.0,2556.05,1932.4,0,0.0,0,0,18-APR-2022,
OPTIDX,FINNIFTY,31-May-2022,15400.0,CE,0.0,0.0,0.0,2476.45,1848.9,0,0.0,0,0,18-APR-2022,
OPTIDX,FINNIFTY,31-May-2022,15500.0,CE,0.0,0.0,0.0,2398.05,1766.9,0,0.0,0,0,18-APR-2022,
OPTIDX,FINNIFTY,31-May-2022,15600.0,CE,0.0,0.0,0.0,2320.9,1686.6,0,0.0,0,0,18-APR-2022,
OPTIDX,FINNIFTY,31-May-2022,15700.0,CE,0.0,0.0,0.0,2245.0,1607.95,0,0.0,0,0,18-APR-2022,
OPTIDX,FINNIFTY,31-May-2022,15800.0,CE,0.0,0.0,0.0,2170.45,1531.1,0,0.0,0,0,18-APR-2022,
OPTIDX,FINNIFTY,31-May-2022,15900.0,CE,0.0,0.0,0.0,2097.7,1456.75,0,0.0,0,0,18-APR-2022,
OPTIDX,FINNIFTY,31-May-2022,16000.0,CE,0.0,0.0,0.0,2025.7,1383.55,0,0.0,0,0,18-APR-2022,
OPTIDX,FINNIFTY,31-May-2022,16100.0,CE,0.0,0.0,0.0,1955.1,1311.7,0,0.0,0,0,18-APR-2022,
OPTIDX,FINNIFTY,31-May-2022,16200.0,CE,0.0,0.0,0.0,1885.2,1242.7,0,0.0,0,0,18-APR-2022,
OPTIDX,FINNIFTY,31-May-2022,16300.0,CE,0.0,0.0,0.0,1817.55,1175.75,0,0.0,0,0,18-APR-2022,
OPTIDX,FINNIFTY,31-May-2022,16400.0,CE,0.0,0.0,0.0,1751.35,1110.95,0,0.0,0,0,18-APR-2022,
OPTIDX,FINNIFTY,31-May-2022,16500.0,CE,0.0,0.0,0.0,1686.6,1048.35,0,0.0,0,0,18-APR-2022,
OPTIDX,FINNIFTY,31-May-2022,16600.0,CE,0.0,0.0,0.0,1623.35,987.95,0,0.0,40,0,18-APR-2022,
OPTIDX,FINNIFTY,31-May-2022,16700.0,CE,0.0,0.0,0.0,1561.55,929.75,0,0.0,0,0,18-APR-2022,
OPTIDX,FINNIFTY,31-May-2022,16800.0,CE,0.0,0.0,0.0,1501.3,873.8,0,0.0,0,0,18-APR-2022,
OPTIDX,FINNIFTY,31-May-2022,16900.0,CE,0.0,0.0,0.0,1442.55,820.1,0,0.0,0,0,18-APR-2022,
OPTIDX,FINNIFTY,31-May-2022,17000.0,CE,0.0,0.0,0.0,1385.35,768.6,0,0.0,0,0,18-APR-2022,
OPTIDX,FINNIFTY,31-May-2022,17100.0,CE,0.0,0.0,0.0,1329.6,719.3,0,0.0,0,0,18-APR-2022,
OPTIDX,FINNIFTY,31-May-2022,17200.0,CE,0.0,0.0,0.0,1275.45,672.3,0,0.0,0,0,18-APR-2022,
OPTIDX,FINNIFTY,31-May-2022,17300.0,CE,0.0,0.0,0.0,1222.75,627.45,0,0.0,0,0,18-APR-2022,
OPTIDX,FINNIFTY,31-May-2022,17400.0,CE,0.0,0.0,0.0,1171.6,584.85,0,0.0,0,0,18-APR-2022,
OPTIDX,FINNIFTY,31-May-2022,17500.0,CE,0.0,0.0,0.0,1121.9,544.3,0,0.0,0,0,18-APR-2022,
OPTIDX,FINNIFTY,31-May-2022,17600.0,CE,0.0,0.0,0.0,1073.75,505.9,0,0.0,0,0,18-APR-2022,
OPTIDX,FINNIFTY,31-May-2022,17700.0,CE,0.0,0.0,0.0,1027.1,469.55,0,0.0,0,0,18-APR-2022,
OPTIDX,FINNIFTY,31-May-2022,17800.0,CE,0.0,0.0,0.0,981.9,435.2,0,0.0,0,0,18-APR-2022,
OPTIDX,FINNIFTY,31-May-2022,17900.0,CE,0.0,0.0,0.0,938.2,402.75,0,0.0,0,0,18-APR-2022,
OPTIDX,FINNIFTY,31-May-2022,18000.0,CE,0.0,0.0,0.0,895.95,372.25,0,0.0,0,0,18-APR-2022,
OPTIDX,FINNIFTY,31-May-2022,18100.0,CE,0.0,0.0,0.0,855.1,343.55,0,0.0,0,0,18-APR-2022,
OPTIDX,FINNIFTY,31-May-2022,18200.0,CE,0.0,0.0,0.0,815.7,316.65,0,0.0,0,0,18-APR-2022,
OPTIDX,FINNIFTY,31-May-2022,18300.0,CE,0.0,0.0,0.0,777.65,292.25,0,0.0,0,0,18-APR-2022,
OPTIDX,FINNIFTY,31-May-2022,18400.0,CE,0.0,0.0,0.0,741.0,268.85,0,0.0,0,0,18-APR-2022,
OPTIDX,FINNIFTY,31-May-2022,18500.0,CE,0.0,0.0,0.0,705.7,246.2,0,0.0,0,0,18-APR-2022,
OPTIDX,FINNIFTY,31-May-2022,18600.0,CE,0.0,0.0,0.0,671.7,225.75,0,0.0,0,0,18-APR-2022,
OPTIDX,FINNIFTY,31-May-2022,18700.0,CE,0.0,0.0,0.0,639.0,206.65,0,0.0,0,0,18-APR-2022,
OPTIDX,FINNIFTY,31-May-2022,18800.0,CE,0.0,0.0,0.0,607.55,188.95,0,0.0,0,0,18-APR-2022,
OPTIDX,FINNIFTY,31-May-2022,18900.0,CE,0.0,0.0,0.0,577.35,172.5,0,0.0,0,0,18-APR-2022,
OPTIDX,FINNIFTY,31-May-2022,19000.0,CE,0.0,0.0,0.0,548.35,157.3,0,0.0,0,0,18-APR-2022,
OPTIDX,FINNIFTY,31-May-2022,19100.0,CE,0.0,0.0,0.0,520.55,143.25,0,0.0,0,0,18-APR-2022,
OPTIDX,FINNIFTY,31-May-2022,19200.0,CE,0.0,0.0,0.0,493.9,130.25,0,0.0,0,0,18-APR-2022,
OPTIDX,FINNIFTY,31-May-2022,19300.0,CE,0.0,0.0,0.0,469.15,118.3,0,0.0,0,0,18-APR-2022,
OPTIDX,FINNIFTY,31-May-2022,19400.0,CE,0.0,0.0,0.0,444.8,107.3,0,0.0,0,0,18-APR-2022,
OPTIDX,FINNIFTY,31-May-2022,19500.0,CE,0.0,0.0,0.0,421.5,97.2,0,0.0,0,0,18-APR-2022,
OPTIDX,FINNIFTY,31-May-2022,19600.0,CE,0.0,0.0,0.0,399.25,87.9,0,0.0,0,0,18-APR-2022,
OPTIDX,FINNIFTY,31-May-2022,19700.0,CE,0.0,0.0,0.0,378.0,79.4,0,0.0,0,0,18-APR-2022,
OPTIDX,FINNIFTY,31-May-2022,19800.0,CE,0.0,0.0,0.0,356.95,71.65,0,0.0,0,0,18-APR-2022,
OPTIDX,FINNIFTY,31-May-2022,19900.0,CE,0.0,0.0,0.0,337.5,64.55,0,0.0,0,0,18-APR-2022,
OPTIDX,FINNIFTY,31-May-2022,20000.0,CE,0.0,0.0,0.0,319.0,58.1,0,0.0,0,0,18-APR-2022,
OPTIDX,FINNIFTY,31-May-2022,20100.0,CE,0.0,0.0,0.0,301.3,52.25,0,0.0,0,0,18-APR-2022,
OPTIDX,FINNIFTY,31-May-2022,20200.0,CE,0.0,0.0,0.0,284.5,46.9,0,0.0,0,0,18-APR-2022,
OPTIDX,FINNIFTY,31-May-2022,20300.0,CE,0.0,0.0,0.0,268.45,42.05,0,0.0,0,0,18-APR-2022,
OPTIDX,FINNIFTY,31-May-2022,20400.0,CE,0.0,0.0,0.0,253.2,37.65,0,0.0,0,0,18-APR-2022,
OPTIDX,FINNIFTY,31-May-2022,20500.0,CE,0.0,0.0,0.0,238.75,33.7,0,0.0,0,0,18-APR-2022,
OPTIDX,FINNIFTY,31-May-2022,20600.0,CE,0.0,0.0,0.0,211.55,30.1,0,0.0,0,0,18-APR-2022,
OPTIDX,FINNIFTY,31-May-2022,20700.0,CE,0.0,0.0,0.0,196.45,26.85,0,0.0,0,0,18-APR-2022,
OPTIDX,FINNIFTY,31-May-2022,20800.0,CE,0.0,0.0,0.0,182.3,23.95,0,0.0,0,0,18-APR-2022,
OPTIDX,FINNIFTY,31-May-2022,20900.0,CE,0.0,0.0,0.0,169.05,21.3,0,0.0,0,0,18-APR-2022,
OPTIDX,FINNIFTY,31-May-2022,21000.0,CE,0.0,0.0,0.0,156.6,18.95,0,0.0,0,0,18-APR-2022,
OPTIDX,FINNIFTY,31-May-2022,21100.0,CE,0.0,0.0,0.0,145.0,16.8,0,0.0,0,0,18-APR-2022,
OPTIDX,FINNIFTY,31-May-2022,21200.0,CE,0.0,0.0,0.0,134.1,14.95,0,0.0,0,0,18-APR-2022,
OPTIDX,FINNIFTY,31-May-2022,21300.0,CE,0.0,0.0,0.0,123.95,13.25,0,0.0,0,0,18-APR-2022,
OPTIDX,FINNIFTY,31-May-2022,12400.0,PE,0.0,0.0,0.0,49.55,0.45,0,0.0,0,0,18-APR-2022,
OPTIDX,FINNIFTY,31-May-2022,12500.0,PE,0.0,0.0,0.0,56.6,0.6,0,0.0,0,0,18-APR-2022,
OPTIDX,FINNIFTY,31-May-2022,12600.0,PE,0.0,0.0,0.0,64.45,0.75,0,0.0,0,0,18-APR-2022,
OPTIDX,FINNIFTY,31-May-2022,12700.0,PE,0.0,0.0,0.0,73.1,1.0,0,0.0,0,0,18-APR-2022,
OPTIDX,FINNIFTY,31-May-2022,12800.0,PE,0.0,0.0,0.0,82.65,1.25,0,0.0,0,0,18-APR-2022,
OPTIDX,FINNIFTY,31-May-2022,12900.0,PE,0.0,0.0,0.0,93.15,1.6,0,0.0,0,0,18-APR-2022,
OPTIDX,FINNIFTY,31-May-2022,13000.0,PE,0.0,0.0,0.0,104.6,2.05,0,0.0,0,0,18-APR-2022,
OPTIDX,FINNIFTY,31-May-2022,13100.0,PE,0.0,0.0,0.0,63.6,2.6,0,0.0,0,0,18-APR-2022,
OPTIDX,FINNIFTY,31-May-2022,13200.0,PE,0.0,0.0,0.0,71.85,3.25,0,0.0,0,0,18-APR-2022,
OPTIDX,FINNIFTY,31-May-2022,13300.0,PE,0.0,0.0,0.0,80.9,4.1,0,0.0,0,0,18-APR-2022,
OPTIDX,FINNIFTY,31-May-2022,13400.0,PE,0.0,0.0,0.0,75.8,5.1,0,0.0,0,0,18-APR-2022,
OPTIDX,FINNIFTY,31-May-2022,13500.0,PE,0.0,0.0,0.0,73.05,6.3,0,0.0,0,0,18-APR-2022,
OPTIDX,FINNIFTY,31-May-2022,13600.0,PE,0.0,0.0,0.0,81.9,7.75,0,0.0,0,0,18-APR-2022,
OPTIDX,FINNIFTY,31-May-2022,13700.0,PE,0.0,0.0,0.0,91.55,9.45,0,0.0,0,0,18-APR-2022,
OPTIDX,FINNIFTY,31-May-2022,13800.0,PE,0.0,0.0,0.0,102.05,11.5,0,0.0,0,0,18-APR-2022,
OPTIDX,FINNIFTY,31-May-2022,13900.0,PE,0.0,0.0,0.0,113.5,13.9,0,0.0,0,0,18-APR-2022,
OPTIDX,FINNIFTY,31-May-2022,14000.0,PE,0.0,0.0,0.0,125.9,16.7,0,0.0,0,0,18-APR-2022,
OPTIDX,FINNIFTY,31-May-2022,14100.0,PE,0.0,0.0,0.0,139.35,20.0,0,0.0,0,0,18-APR-2022,
OPTIDX,FINNIFTY,31-May-2022,14200.0,PE,0.0,0.0,0.0,153.8,23.85,0,0.0,0,0,18-APR-2022,
OPTIDX,FINNIFTY,31-May-2022,14300.0,PE,0.0,0.0,0.0,169.35,28.25,0,0.0,0,0,18-APR-2022,
OPTIDX,FINNIFTY,31-May-2022,14400.0,PE,0.0,0.0,0.0,94.85,33.35,0,0.0,0,0,18-APR-2022,
OPTIDX,FINNIFTY,31-May-2022,14500.0,PE,0.0,0.0,0.0,105.2,39.15,0,0.0,0,0,18-APR-2022,
OPTIDX,FINNIFTY,31-May-2022,14600.0,PE,0.0,0.0,0.0,116.3,45.75,0,0.0,0,0,18-APR-2022,
OPTIDX,FINNIFTY,31-May-2022,14700.0,PE,0.0,0.0,0.0,128.25,53.25,0,0.0,0,0,18-APR-2022,
OPTIDX,FINNIFTY,31-May-2022,14800.0,PE,0.0,0.0,0.0,141.15,61.7,0,0.0,0,0,18-APR-2022,
OPTIDX,FINNIFTY,31-May-2022,14900.0,PE,0.0,0.0,0.0,155.05,71.2,0,0.0,0,0,18-APR-2022,
OPTIDX,FINNIFTY,31-May-2022,15000.0,PE,0.0,0.0,0.0,169.9,81.85,0,0.0,0,0,18-APR-2022,
OPTIDX,FINNIFTY,31-May-2022,15100.0,PE,0.0,0.0,0.0,185.85,93.7,0,0.0,0,0,18-APR-2022,
OPTIDX,FINNIFTY,31-May-2022,15200.0,PE,0.0,0.0,0.0,202.85,106.8,0,0.0,0,0,18-APR-2022,
OPTIDX,FINNIFTY,31-May-2022,15300.0,PE,0.0,0.0,0.0,220.95,121.35,0,0.0,0,0,18-APR-2022,
OPTIDX,FINNIFTY,31-May-2022,15400.0,PE,0.0,0.0,0.0,240.25,137.3,0,0.0,0,0,18-APR-2022,
OPTIDX,FINNIFTY,31-May-2022,15500.0,PE,0.0,0.0,0.0,260.75,154.85,0,0.0,0,0,18-APR-2022,
OPTIDX,FINNIFTY,31-May-2022,15600.0,PE,0.0,0.0,0.0,282.45,174.0,0,0.0,0,0,18-APR-2022,
OPTIDX,FINNIFTY,31-May-2022,15700.0,PE,0.0,0.0,0.0,305.45,194.9,0,0.0,0,0,18-APR-2022,
OPTIDX,FINNIFTY,31-May-2022,15800.0,PE,0.0,0.0,0.0,329.7,217.55,0,0.0,0,0,18-APR-2022,
OPTIDX,FINNIFTY,31-May-2022,15900.0,PE,0.0,0.0,0.0,355.9,242.7,0,0.0,0,0,18-APR-2022,
OPTIDX,FINNIFTY,31-May-2022,16000.0,PE,0.0,0.0,0.0,382.75,269.0,0,0.0,0,0,18-APR-2022,
OPTIDX,FINNIFTY,31-May-2022,16100.0,PE,0.0,0.0,0.0,411.0,296.65,0,0.0,0,0,18-APR-2022,
OPTIDX,FINNIFTY,31-May-2022,16200.0,PE,0.0,0.0,0.0,440.0,327.1,0,0.0,0,0,18-APR-2022,
OPTIDX,FINNIFTY,31-May-2022,16300.0,PE,0.0,0.0,0.0,471.2,359.7,0,0.0,0,0,18-APR-2022,
OPTIDX,FINNIFTY,31-May-2022,16400.0,PE,0.0,0.0,0.0,503.9,394.4,0,0.0,0,0,18-APR-2022,
OPTIDX,FINNIFTY,31-May-2022,16500.0,PE,0.0,0.0,0.0,538.0,431.3,0,0.0,0,0,18-APR-2022,
OPTIDX,FINNIFTY,31-May-2022,16600.0,PE,0.0,0.0,0.0,573.6,470.4,0,0.0,0,0,18-APR-2022,
OPTIDX,FINNIFTY,31-May-2022,16700.0,PE,0.0,0.0,0.0,610.7,511.7,0,0.0,0,0,18-APR-2022,
OPTIDX,FINNIFTY,31-May-2022,16800.0,PE,0.0,0.0,0.0,649.35,555.25,0,0.0,0,0,18-APR-2022,
OPTIDX,FINNIFTY,31-May-2022,16900.0,PE,0.0,0.0,0.0,689.45,601.05,0,0.0,0,0,18-APR-2022,
OPTIDX,FINNIFTY,31-May-2022,17000.0,PE,0.0,0.0,0.0,731.1,649.05,0,0.0,0,0,18-APR-2022,
OPTIDX,FINNIFTY,31-May-2022,17100.0,PE,0.0,0.0,0.0,774.25,699.25,0,0.0,0,0,18-APR-2022,
OPTIDX,FINNIFTY,31-May-2022,17200.0,PE,0.0,0.0,0.0,818.95,751.75,0,0.0,0,0,18-APR-2022,
OPTIDX,FINNIFTY,31-May-2022,17300.0,PE,0.0,0.0,0.0,865.15,806.4,0,0.0,0,0,18-APR-2022,
OPTIDX,FINNIFTY,31-May-2022,17400.0,PE,0.0,0.0,0.0,912.85,863.25,0,0.0,0,0,18-APR-2022,
OPTIDX,FINNIFTY,31-May-2022,17500.0,PE,0.0,0.0,0.0,962.05,922.25,0,0.0,0,0,18-APR-2022,
OPTIDX,FINNIFTY,31-May-2022,17600.0,PE,0.0,0.0,0.0,1012.75,983.35,0,0.0,0,0,18-APR-2022,
OPTIDX,FINNIFTY,31-May-2022,17700.0,PE,0.0,0.0,0.0,1065.0,1046.5,0,0.0,0,0,18-APR-2022,
OPTIDX,FINNIFTY,31-May-2022,17800.0,PE,0.0,0.0,0.0,1118.7,1111.65,0,0.0,0,0,18-APR-2022,
OPTIDX,FINNIFTY,31-May-2022,17900.0,PE,0.0,0.0,0.0,1173.85,1178.7,0,0.0,0,0,18-APR-2022,
OPTIDX,FINNIFTY,31-May-2022,18000.0,PE,0.0,0.0,0.0,1230.45,1247.7,0,0.0,0,0,18-APR-2022,
OPTIDX,FINNIFTY,31-May-2022,18100.0,PE,0.0,0.0,0.0,1288.5,1318.5,0,0.0,0,0,18-APR-2022,
OPTIDX,FINNIFTY,31-May-2022,18200.0,PE,0.0,0.0,0.0,1347.95,1391.1,0,0.0,0,0,18-APR-2022,
OPTIDX,FINNIFTY,31-May-2022,18300.0,PE,0.0,0.0,0.0,1408.8,1466.2,0,0.0,0,0,18-APR-2022,
OPTIDX,FINNIFTY,31-May-2022,18400.0,PE,0.0,0.0,0.0,1471.0,1542.3,0,0.0,0,0,18-APR-2022,
OPTIDX,FINNIFTY,31-May-2022,18500.0,PE,0.0,0.0,0.0,1534.55,1619.15,0,0.0,0,0,18-APR-2022,
OPTIDX,FINNIFTY,31-May-2022,18600.0,PE,0.0,0.0,0.0,1599.45,1698.2,0,0.0,0,0,18-APR-2022,
OPTIDX,FINNIFTY,31-May-2022,18700.0,PE,0.0,0.0,0.0,1665.6,1778.6,0,0.0,0,0,18-APR-2022,
OPTIDX,FINNIFTY,31-May-2022,18800.0,PE,0.0,0.0,0.0,1733.05,1860.4,0,0.0,0,0,18-APR-2022,
OPTIDX,FINNIFTY,31-May-2022,18900.0,PE,0.0,0.0,0.0,1801.7,1943.45,0,0.0,0,0,18-APR-2022,
OPTIDX,FINNIFTY,31-May-2022,19000.0,PE,0.0,0.0,0.0,1871.6,2027.75,0,0.0,0,0,18-APR-2022,
OPTIDX,FINNIFTY,31-May-2022,19100.0,PE,0.0,0.0,0.0,1942.65,2113.2,0,0.0,0,0,18-APR-2022,
OPTIDX,FINNIFTY,31-May-2022,19200.0,PE,0.0,0.0,0.0,2014.85,2199.7,0,0.0,0,0,18-APR-2022,
OPTIDX,FINNIFTY,31-May-2022,19300.0,PE,0.0,0.0,0.0,2089.0,2287.25,0,0.0,0,0,18-APR-2022,
OPTIDX,FINNIFTY,31-May-2022,19400.0,PE,0.0,0.0,0.0,2163.55,2375.75,0,0.0,0,0,18-APR-2022,
OPTIDX,FINNIFTY,31-May-2022,19500.0,PE,0.0,0.0,0.0,2239.15,2465.15,0,0.0,0,0,18-APR-2022,
OPTIDX,FINNIFTY,31-May-2022,19600.0,PE,0.0,0.0,0.0,2315.75,2555.35,0,0.0,0,0,18-APR-2022,
OPTIDX,FINNIFTY,31-May-2022,19700.0,PE,0.0,0.0,0.0,2393.35,2646.4,0,0.0,0,0,18-APR-2022,
OPTIDX,FINNIFTY,31-May-2022,19800.0,PE,0.0,0.0,0.0,2471.2,2738.1,0,0.0,0,0,18-APR-2022,
OPTIDX,FINNIFTY,31-May-2022,19900.0,PE,0.0,0.0,0.0,2550.6,2830.55,0,0.0,0,0,18-APR-2022,
OPTIDX,FINNIFTY,31-May-2022,20000.0,PE,0.0,0.0,0.0,2630.95,2923.55,0,0.0,0,0,18-APR-2022,
OPTIDX,FINNIFTY,31-May-2022,20100.0,PE,0.0,0.0,0.0,2712.15,3017.2,0,0.0,0,0,18-APR-2022,
OPTIDX,FINNIFTY,31-May-2022,20200.0,PE,0.0,0.0,0.0,2794.2,3111.35,0,0.0,0,0,18-APR-2022,
OPTIDX,FINNIFTY,31-May-2022,20300.0,PE,0.0,0.0,0.0,2877.05,3206.0,0,0.0,0,0,18-APR-2022,
OPTIDX,FINNIFTY,31-May-2022,20400.0,PE,0.0,0.0,0.0,2960.7,3301.1,0,0.0,0,0,18-APR-2022,
OPTIDX,FINNIFTY,31-May-2022,20500.0,PE,0.0,0.0,0.0,3045.05,3396.65,0,0.0,0,0,18-APR-2022,
OPTIDX,FINNIFTY,31-May-2022,20600.0,PE,0.0,0.0,0.0,2400.0,3492.55,0,0.0,0,0,18-APR-2022,
OPTIDX,FINNIFTY,31-May-2022,20700.0,PE,0.0,0.0,0.0,2484.25,3588.8,0,0.0,0,0,18-APR-2022,
OPTIDX,FINNIFTY,31-May-2022,20800.0,PE,0.0,0.0,0.0,2569.45,3685.4,0,0.0,0,0,18-APR-2022,
OPTIDX,FINNIFTY,31-May-2022,20900.0,PE,0.0,0.0,0.0,2655.55,3782.25,0,0.0,0,0,18-APR-2022,
OPTIDX,FINNIFTY,31-May-2022,21000.0,PE,0.0,0.0,0.0,2742.45,3879.4,0,0.0,0,0,18-APR-2022,
OPTIDX,FINNIFTY,31-May-2022,21100.0,PE,0.0,0.0,0.0,2830.15,3976.8,0,0.0,0,0,18-APR-2022,
OPTIDX,FINNIFTY,31-May-2022,21200.0,PE,0.0,0.0,0.0,2918.65,4074.4,0,0.0,0,0,18-APR-2022,
OPTIDX,FINNIFTY,31-May-2022,21300.0,PE,0.0,0.0,0.0,3007.8,4172.2,0,0.0,0,0,18-APR-2022,
OPTIDX,FINNIFTY,07-Jun-2022,14400.0,CE,0.0,0.0,0.0,3135.75,2765.15,0,0.0,0,0,18-APR-2022,
OPTIDX,FINNIFTY,07-Jun-2022,14500.0,CE,0.0,0.0,0.0,3041.35,2672.95,0,0.0,0,0,18-APR-2022,
OPTIDX,FINNIFTY,07-Jun-2022,14600.0,CE,0.0,0.0,0.0,3134.1,2581.7,0,0.0,0,0,18-APR-2022,
OPTIDX,FINNIFTY,07-Jun-2022,14700.0,CE,0.0,0.0,0.0,3164.55,2491.35,0,0.0,0,0,18-APR-2022,
OPTIDX,FINNIFTY,07-Jun-2022,14800.0,CE,0.0,0.0,0.0,3072.75,2402.05,0,0.0,0,0,18-APR-2022,
OPTIDX,FINNIFTY,07-Jun-2022,14900.0,CE,0.0,0.0,0.0,2981.8,2313.85,0,0.0,0,0,18-APR-2022,
OPTIDX,FINNIFTY,07-Jun-2022,15000.0,CE,0.0,0.0,0.0,3161.55,2226.8,0,0.0,0,0,18-APR-2022,
OPTIDX,FINNIFTY,07-Jun-2022,15100.0,CE,0.0,0.0,0.0,3070.45,2141.0,0,0.0,0,0,18-APR-2022,
OPTIDX,FINNIFTY,07-Jun-2022,15200.0,CE,0.0,0.0,0.0,2980.15,2056.5,0,0.0,0,0,18-APR-2022,
OPTIDX,FINNIFTY,07-Jun-2022,15300.0,CE,0.0,0.0,0.0,2890.7,1973.45,0,0.0,0,0,18-APR-2022,
OPTIDX,FINNIFTY,07-Jun-2022,15400.0,CE,0.0,0.0,0.0,2802.15,1891.8,0,0.0,0,0,18-APR-2022,
OPTIDX,FINNIFTY,07-Jun-2022,15500.0,CE,0.0,0.0,0.0,2714.6,1811.7,0,0.0,0,0,18-APR-2022,
OPTIDX,FINNIFTY,07-Jun-2022,15600.0,CE,0.0,0.0,0.0,2628.05,1733.2,0,0.0,0,0,18-APR-2022,
OPTIDX,FINNIFTY,07-Jun-2022,15700.0,CE,0.0,0.0,0.0,2542.55,1656.4,0,0.0,0,0,18-APR-2022,
OPTIDX,FINNIFTY,07-Jun-2022,15800.0,CE,0.0,0.0,0.0,2458.2,1581.25,0,0.0,0,0,18-APR-2022,
OPTIDX,FINNIFTY,07-Jun-2022,15900.0,CE,0.0,0.0,0.0,2375.05,1508.45,0,0.0,0,0,18-APR-2022,
OPTIDX,FINNIFTY,07-Jun-2022,16000.0,CE,0.0,0.0,0.0,2293.1,1436.85,0,0.0,0,0,18-APR-2022,
OPTIDX,FINNIFTY,07-Jun-2022,16100.0,CE,0.0,0.0,0.0,2212.4,1366.6,0,0.0,0,0,18-APR-2022,
OPTIDX,FINNIFTY,07-Jun-2022,16200.0,CE,0.0,0.0,0.0,2133.05,1298.95,0,0.0,0,0,18-APR-2022,
OPTIDX,FINNIFTY,07-Jun-2022,16300.0,CE,0.0,0.0,0.0,2055.1,1233.3,0,0.0,0,0,18-APR-2022,
OPTIDX,FINNIFTY,07-Jun-2022,16400.0,CE,0.0,0.0,0.0,1978.5,1169.6,0,0.0,0,0,18-APR-2022,
OPTIDX,FINNIFTY,07-Jun-2022,16500.0,CE,0.0,0.0,0.0,1903.4,1108.0,0,0.0,0,0,18-APR-2022,
OPTIDX,FINNIFTY,07-Jun-2022,16600.0,CE,0.0,0.0,0.0,1830.4,1048.4,0,0.0,0,0,18-APR-2022,
OPTIDX,FINNIFTY,07-Jun-2022,16700.0,CE,0.0,0.0,0.0,1758.2,990.9,0,0.0,0,0,18-APR-2022,
OPTIDX,FINNIFTY,07-Jun-2022,16800.0,CE,0.0,0.0,0.0,1686.9,935.45,0,0.0,0,0,18-APR-2022,
OPTIDX,FINNIFTY,07-Jun-2022,16900.0,CE,0.0,0.0,0.0,1618.05,882.1,0,0.0,0,0,18-APR-2022,
OPTIDX,FINNIFTY,07-Jun-2022,17000.0,CE,0.0,0.0,0.0,1550.8,830.85,0,0.0,0,0,18-APR-2022,
OPTIDX,FINNIFTY,07-Jun-2022,17100.0,CE,0.0,0.0,0.0,1485.25,781.55,0,0.0,0,0,18-APR-2022,
OPTIDX,FINNIFTY,07-Jun-2022,17200.0,CE,0.0,0.0,0.0,1421.35,734.4,0,0.0,0,0,18-APR-2022,
OPTIDX,FINNIFTY,07-Jun-2022,17300.0,CE,0.0,0.0,0.0,1359.15,689.3,0,0.0,0,0,18-APR-2022,
OPTIDX,FINNIFTY,07-Jun-2022,17400.0,CE,0.0,0.0,0.0,1298.7,646.2,0,0.0,0,0,18-APR-2022,
OPTIDX,FINNIFTY,07-Jun-2022,17500.0,CE,0.0,0.0,0.0,1239.95,605.05,0,0.0,0,0,18-APR-2022,
OPTIDX,FINNIFTY,07-Jun-2022,17600.0,CE,0.0,0.0,0.0,1182.95,565.9,0,0.0,0,0,18-APR-2022,
OPTIDX,FINNIFTY,07-Jun-2022,17700.0,CE,0.0,0.0,0.0,1127.7,528.65,0,0.0,0,0,18-APR-2022,
OPTIDX,FINNIFTY,07-Jun-2022,17800.0,CE,0.0,0.0,0.0,1074.2,493.3,0,0.0,0,0,18-APR-2022,
OPTIDX,FINNIFTY,07-Jun-2022,17900.0,CE,0.0,0.0,0.0,1022.4,459.75,0,0.0,0,0,18-APR-2022,
OPTIDX,FINNIFTY,07-Jun-2022,18000.0,CE,0.0,0.0,0.0,972.3,428.0,0,0.0,0,0,18-APR-2022,
OPTIDX,FINNIFTY,07-Jun-2022,18100.0,CE,0.0,0.0,0.0,923.95,397.95,0,0.0,0,0,18-APR-2022,
OPTIDX,FINNIFTY,07-Jun-2022,18200.0,CE,0.0,0.0,0.0,877.35,369.6,0,0.0,0,0,18-APR-2022,
OPTIDX,FINNIFTY,07-Jun-2022,18300.0,CE,0.0,0.0,0.0,832.45,342.9,0,0.0,0,0,18-APR-2022,
OPTIDX,FINNIFTY,07-Jun-2022,18400.0,CE,0.0,0.0,0.0,789.25,318.55,0,0.0,0,0,18-APR-2022,
OPTIDX,FINNIFTY,07-Jun-2022,18500.0,CE,0.0,0.0,0.0,747.65,295.0,0,0.0,0,0,18-APR-2022,
OPTIDX,FINNIFTY,07-Jun-2022,18600.0,CE,0.0,0.0,0.0,707.75,272.25,0,0.0,0,0,18-APR-2022,
OPTIDX,FINNIFTY,07-Jun-2022,18700.0,CE,0.0,0.0,0.0,669.4,251.45,0,0.0,0,0,18-APR-2022,
OPTIDX,FINNIFTY,07-Jun-2022,18800.0,CE,0.0,0.0,0.0,632.65,232.0,0,0.0,0,0,18-APR-2022,
OPTIDX,FINNIFTY,07-Jun-2022,18900.0,CE,0.0,0.0,0.0,597.5,213.8,0,0.0,0,0,18-APR-2022,
OPTIDX,FINNIFTY,07-Jun-2022,19000.0,CE,0.0,0.0,0.0,563.8,196.8,0,0.0,0,0,18-APR-2022,
OPTIDX,FINNIFTY,07-Jun-2022,19100.0,CE,0.0,0.0,0.0,531.65,180.95,0,0.0,0,0,18-APR-2022,
OPTIDX,FINNIFTY,07-Jun-2022,19200.0,CE,0.0,0.0,0.0,500.9,166.2,0,0.0,0,0,18-APR-2022,
OPTIDX,FINNIFTY,07-Jun-2022,19300.0,CE,0.0,0.0,0.0,471.6,152.5,0,0.0,0,0,18-APR-2022,
OPTIDX,FINNIFTY,07-Jun-2022,19400.0,CE,0.0,0.0,0.0,443.65,139.75,0,0.0,0,0,18-APR-2022,
OPTIDX,FINNIFTY,07-Jun-2022,19500.0,CE,0.0,0.0,0.0,417.05,127.95,0,0.0,0,0,18-APR-2022,
OPTIDX,FINNIFTY,07-Jun-2022,19600.0,CE,0.0,0.0,0.0,392.6,117.0,0,0.0,0,0,18-APR-2022,
OPTIDX,FINNIFTY,07-Jun-2022,19700.0,CE,0.0,0.0,0.0,368.7,106.85,0,0.0,0,0,18-APR-2022,
OPTIDX,FINNIFTY,07-Jun-2022,19800.0,CE,0.0,0.0,0.0,346.0,97.5,0,0.0,0,0,18-APR-2022,
OPTIDX,FINNIFTY,07-Jun-2022,19900.0,CE,0.0,0.0,0.0,323.7,88.9,0,0.0,0,0,18-APR-2022,
OPTIDX,FINNIFTY,07-Jun-2022,20000.0,CE,0.0,0.0,0.0,303.25,80.95,0,0.0,0,0,18-APR-2022,
OPTIDX,FINNIFTY,07-Jun-2022,20100.0,CE,0.0,0.0,0.0,283.8,73.65,0,0.0,0,0,18-APR-2022,
OPTIDX,FINNIFTY,07-Jun-2022,20200.0,CE,0.0,0.0,0.0,265.45,66.9,0,0.0,0,0,18-APR-2022,
OPTIDX,FINNIFTY,07-Jun-2022,20300.0,CE,0.0,0.0,0.0,248.1,60.75,0,0.0,0,0,18-APR-2022,
OPTIDX,FINNIFTY,07-Jun-2022,20400.0,CE,0.0,0.0,0.0,231.75,55.1,0,0.0,0,0,18-APR-2022,
OPTIDX,FINNIFTY,07-Jun-2022,20500.0,CE,0.0,0.0,0.0,216.3,49.9,0,0.0,0,0,18-APR-2022,
OPTIDX,FINNIFTY,07-Jun-2022,20600.0,CE,0.0,0.0,0.0,201.7,45.15,0,0.0,0,0,18-APR-2022,
OPTIDX,FINNIFTY,07-Jun-2022,20700.0,CE,0.0,0.0,0.0,188.0,40.85,0,0.0,0,0,18-APR-2022,
OPTIDX,FINNIFTY,07-Jun-2022,20800.0,CE,0.0,0.0,0.0,175.1,36.9,0,0.0,0,0,18-APR-2022,
OPTIDX,FINNIFTY,07-Jun-2022,20900.0,CE,0.0,0.0,0.0,162.95,33.3,0,0.0,0,0,18-APR-2022,
OPTIDX,FINNIFTY,07-Jun-2022,21000.0,CE,0.0,0.0,0.0,151.55,30.0,0,0.0,0,0,18-APR-2022,
OPTIDX,FINNIFTY,07-Jun-2022,14400.0,PE,0.0,0.0,0.0,30.85,46.9,0,0.0,0,0,18-APR-2022,
OPTIDX,FINNIFTY,07-Jun-2022,14500.0,PE,0.0,0.0,0.0,35.9,54.15,0,0.0,0,0,18-APR-2022,
OPTIDX,FINNIFTY,07-Jun-2022,14600.0,PE,0.0,0.0,0.0,54.3,62.3,0,0.0,0,0,18-APR-2022,
OPTIDX,FINNIFTY,07-Jun-2022,14700.0,PE,0.0,0.0,0.0,56.3,71.35,0,0.0,0,0,18-APR-2022,
OPTIDX,FINNIFTY,07-Jun-2022,14800.0,PE,0.0,0.0,0.0,63.8,81.5,0,0.0,0,0,18-APR-2022,
OPTIDX,FINNIFTY,07-Jun-2022,14900.0,PE,0.0,0.0,0.0,72.1,92.7,0,0.0,0,0,18-APR-2022,
OPTIDX,FINNIFTY,07-Jun-2022,15000.0,PE,0.0,0.0,0.0,63.9,105.05,0,0.0,0,0,18-APR-2022,
OPTIDX,FINNIFTY,07-Jun-2022,15100.0,PE,0.0,0.0,0.0,72.05,118.7,0,0.0,0,0,18-APR-2022,
OPTIDX,FINNIFTY,07-Jun-2022,15200.0,PE,0.0,0.0,0.0,81.05,133.65,0,0.0,0,0,18-APR-2022,
OPTIDX,FINNIFTY,07-Jun-2022,15300.0,PE,0.0,0.0,0.0,90.85,149.95,0,0.0,0,0,18-APR-2022,
OPTIDX,FINNIFTY,07-Jun-2022,15400.0,PE,0.0,0.0,0.0,101.6,167.75,0,0.0,0,0,18-APR-2022,
OPTIDX,FINNIFTY,07-Jun-2022,15500.0,PE,0.0,0.0,0.0,113.3,187.1,0,0.0,0,0,18-APR-2022,
OPTIDX,FINNIFTY,07-Jun-2022,15600.0,PE,0.0,0.0,0.0,126.05,208.0,0,0.0,0,0,18-APR-2022,
OPTIDX,FINNIFTY,07-Jun-2022,15700.0,PE,0.0,0.0,0.0,139.85,230.6,0,0.0,0,0,18-APR-2022,
OPTIDX,FINNIFTY,07-Jun-2022,15800.0,PE,0.0,0.0,0.0,154.8,254.9,0,0.0,0,0,18-APR-2022,
OPTIDX,FINNIFTY,07-Jun-2022,15900.0,PE,0.0,0.0,0.0,170.9,281.5,0,0.0,0,0,18-APR-2022,
OPTIDX,FINNIFTY,07-Jun-2022,16000.0,PE,0.0,0.0,0.0,188.2,309.35,0,0.0,0,0,18-APR-2022,
OPTIDX,FINNIFTY,07-Jun-2022,16100.0,PE,0.0,0.0,0.0,206.8,338.5,0,0.0,0,0,18-APR-2022,
OPTIDX,FINNIFTY,07-Jun-2022,16200.0,PE,0.0,0.0,0.0,226.75,370.25,0,0.0,0,0,18-APR-2022,
OPTIDX,FINNIFTY,07-Jun-2022,16300.0,PE,0.0,0.0,0.0,248.05,404.0,0,0.0,0,0,18-APR-2022,
OPTIDX,FINNIFTY,07-Jun-2022,16400.0,PE,0.0,0.0,0.0,270.75,439.75,0,0.0,0,0,18-APR-2022,
OPTIDX,FINNIFTY,07-Jun-2022,16500.0,PE,0.0,0.0,0.0,294.95,477.55,0,0.0,0,0,18-APR-2022,
OPTIDX,FINNIFTY,07-Jun-2022,16600.0,PE,0.0,0.0,0.0,321.2,517.4,0,0.0,0,0,18-APR-2022,
OPTIDX,FINNIFTY,07-Jun-2022,16700.0,PE,0.0,0.0,0.0,348.3,559.3,0,0.0,0,0,18-APR-2022,
OPTIDX,FINNIFTY,07-Jun-2022,16800.0,PE,0.0,0.0,0.0,376.25,603.3,0,0.0,0,0,18-APR-2022,
OPTIDX,FINNIFTY,07-Jun-2022,16900.0,PE,0.0,0.0,0.0,406.65,649.35,0,0.0,0,0,18-APR-2022,
OPTIDX,FINNIFTY,07-Jun-2022,17000.0,PE,0.0,0.0,0.0,438.7,697.5,0,0.0,0,0,18-APR-2022,
OPTIDX,FINNIFTY,07-Jun-2022,17100.0,PE,0.0,0.0,0.0,472.45,747.65,0,0.0,0,0,18-APR-2022,
OPTIDX,FINNIFTY,07-Jun-2022,17200.0,PE,0.0,0.0,0.0,507.8,799.9,0,0.0,0,0,18-APR-2022,
OPTIDX,FINNIFTY,07-Jun-2022,17300.0,PE,0.0,0.0,0.0,544.9,854.2,0,0.0,0,0,18-APR-2022,
OPTIDX,FINNIFTY,07-Jun-2022,17400.0,PE,0.0,0.0,0.0,583.75,910.55,0,0.0,0,0,18-APR-2022,
OPTIDX,FINNIFTY,07-Jun-2022,17500.0,PE,0.0,0.0,0.0,624.25,968.85,0,0.0,0,0,18-APR-2022,
OPTIDX,FINNIFTY,07-Jun-2022,17600.0,PE,0.0,0.0,0.0,666.55,1029.1,0,0.0,0,0,18-APR-2022,
OPTIDX,FINNIFTY,07-Jun-2022,17700.0,PE,0.0,0.0,0.0,710.55,1091.25,0,0.0,0,0,18-APR-2022,
OPTIDX,FINNIFTY,07-Jun-2022,17800.0,PE,0.0,0.0,0.0,756.3,1155.3,0,0.0,0,0,18-APR-2022,
OPTIDX,FINNIFTY,07-Jun-2022,17900.0,PE,0.0,0.0,0.0,803.8,1221.2,0,0.0,0,0,18-APR-2022,
OPTIDX,FINNIFTY,07-Jun-2022,18000.0,PE,0.0,0.0,0.0,853.0,1288.85,0,0.0,0,0,18-APR-2022,
OPTIDX,FINNIFTY,07-Jun-2022,18100.0,PE,0.0,0.0,0.0,903.95,1358.25,0,0.0,0,0,18-APR-2022,
OPTIDX,FINNIFTY,07-Jun-2022,18200.0,PE,0.0,0.0,0.0,956.6,1429.3,0,0.0,0,0,18-APR-2022,
OPTIDX,FINNIFTY,07-Jun-2022,18300.0,PE,0.0,0.0,0.0,1011.0,1502.0,0,0.0,0,0,18-APR-2022,
OPTIDX,FINNIFTY,07-Jun-2022,18400.0,PE,0.0,0.0,0.0,1067.05,1577.05,0,0.0,0,0,18-APR-2022,
OPTIDX,FINNIFTY,07-Jun-2022,18500.0,PE,0.0,0.0,0.0,1124.75,1653.0,0,0.0,0,0,18-APR-2022,
OPTIDX,FINNIFTY,07-Jun-2022,18600.0,PE,0.0,0.0,0.0,1184.1,1729.6,0,0.0,0,0,18-APR-2022,
OPTIDX,FINNIFTY,07-Jun-2022,18700.0,PE,0.0,0.0,0.0,1245.05,1808.25,0,0.0,0,0,18-APR-2022,
OPTIDX,FINNIFTY,07-Jun-2022,18800.0,PE,0.0,0.0,0.0,1307.6,1888.2,0,0.0,0,0,18-APR-2022,
OPTIDX,FINNIFTY,07-Jun-2022,18900.0,PE,0.0,0.0,0.0,1371.65,1969.4,0,0.0,0,0,18-APR-2022,
OPTIDX,FINNIFTY,07-Jun-2022,19000.0,PE,0.0,0.0,0.0,1437.3,2051.85,0,0.0,0,0,18-APR-2022,
OPTIDX,FINNIFTY,07-Jun-2022,19100.0,PE,0.0,0.0,0.0,1504.4,2135.4,0,0.0,0,0,18-APR-2022,
OPTIDX,FINNIFTY,07-Jun-2022,19200.0,PE,0.0,0.0,0.0,1572.95,2220.1,0,0.0,0,0,18-APR-2022,
OPTIDX,FINNIFTY,07-Jun-2022,19300.0,PE,0.0,0.0,0.0,1642.9,2305.8,0,0.0,0,0,18-APR-2022,
OPTIDX,FINNIFTY,07-Jun-2022,19400.0,PE,0.0,0.0,0.0,1714.25,2392.45,0,0.0,0,0,18-APR-2022,
OPTIDX,FINNIFTY,07-Jun-2022,19500.0,PE,0.0,0.0,0.0,1786.9,2480.1,0,0.0,0,0,18-APR-2022,
OPTIDX,FINNIFTY,07-Jun-2022,19600.0,PE,0.0,0.0,0.0,1861.75,2568.55,0,0.0,0,0,18-APR-2022,
OPTIDX,FINNIFTY,07-Jun-2022,19700.0,PE,0.0,0.0,0.0,1937.1,2657.85,0,0.0,0,0,18-APR-2022,
OPTIDX,FINNIFTY,07-Jun-2022,19800.0,PE,0.0,0.0,0.0,2013.7,2747.95,0,0.0,0,0,18-APR-2022,
OPTIDX,FINNIFTY,07-Jun-2022,19900.0,PE,0.0,0.0,0.0,2090.7,2838.7,0,0.0,0,0,18-APR-2022,
OPTIDX,FINNIFTY,07-Jun-2022,20000.0,PE,0.0,0.0,0.0,2169.45,2930.2,0,0.0,0,0,18-APR-2022,
OPTIDX,FINNIFTY,07-Jun-2022,20100.0,PE,0.0,0.0,0.0,2249.35,3022.3,0,0.0,0,0,18-APR-2022,
OPTIDX,FINNIFTY,07-Jun-2022,20200.0,PE,0.0,0.0,0.0,2330.25,3115.0,0,0.0,0,0,18-APR-2022,
OPTIDX,FINNIFTY,07-Jun-2022,20300.0,PE,0.0,0.0,0.0,2412.2,3208.25,0,0.0,0,0,18-APR-2022,
OPTIDX,FINNIFTY,07-Jun-2022,20400.0,PE,0.0,0.0,0.0,2495.1,3302.0,0,0.0,0,0,18-APR-2022,
OPTIDX,FINNIFTY,07-Jun-2022,20500.0,PE,0.0,0.0,0.0,2578.9,3396.25,0,0.0,0,0,18-APR-2022,
OPTIDX,FINNIFTY,07-Jun-2022,20600.0,PE,0.0,0.0,0.0,2663.6,3490.95,0,0.0,0,0,18-APR-2022,
OPTIDX,FINNIFTY,07-Jun-2022,20700.0,PE,0.0,0.0,0.0,2749.15,3586.0,0,0.0,0,0,18-APR-2022,
OPTIDX,FINNIFTY,07-Jun-2022,20800.0,PE,0.0,0.0,0.0,2835.55,3681.5,0,0.0,0,0,18-APR-2022,
OPTIDX,FINNIFTY,07-Jun-2022,20900.0,PE,0.0,0.0,0.0,2922.7,3777.3,0,0.0,0,0,18-APR-2022,
OPTIDX,FINNIFTY,07-Jun-2022,21000.0,PE,0.0,0.0,0.0,3010.55,3873.45,0,0.0,0,0,18-APR-2022,
OPTIDX,FINNIFTY,14-Jun-2022,14400.0,CE,0.0,0.0,0.0,3158.5,2791.45,0,0.0,0,0,18-APR-2022,
OPTIDX,FINNIFTY,14-Jun-2022,14500.0,CE,0.0,0.0,0.0,3065.35,2700.75,0,0.0,0,0,18-APR-2022,
OPTIDX,FINNIFTY,14-Jun-2022,14600.0,CE,0.0,0.0,0.0,3135.35,2610.95,0,0.0,0,0,18-APR-2022,
OPTIDX,FINNIFTY,14-Jun-2022,14700.0,CE,0.0,0.0,0.0,3043.65,2522.15,0,0.0,0,0,18-APR-2022,
OPTIDX,FINNIFTY,14-Jun-2022,14800.0,CE,0.0,0.0,0.0,2952.8,2434.45,0,0.0,0,0,18-APR-2022,
OPTIDX,FINNIFTY,14-Jun-2022,14900.0,CE,0.0,0.0,0.0,2862.75,2347.85,0,0.0,0,0,18-APR-2022,
OPTIDX,FINNIFTY,14-Jun-2022,15000.0,CE,0.0,0.0,0.0,2773.65,2262.4,0,0.0,0,0,18-APR-2022,
OPTIDX,FINNIFTY,14-Jun-2022,15100.0,CE,0.0,0.0,0.0,2685.5,2178.25,0,0.0,0,0,18-APR-2022,
OPTIDX,FINNIFTY,14-Jun-2022,15200.0,CE,0.0,0.0,0.0,2598.35,2095.45,0,0.0,0,0,18-APR-2022,
OPTIDX,FINNIFTY,14-Jun-2022,15300.0,CE,0.0,0.0,0.0,2512.3,2014.0,0,0.0,0,0,18-APR-2022,
OPTIDX,FINNIFTY,14-Jun-2022,15400.0,CE,0.0,0.0,0.0,2427.35,1934.0,0,0.0,0,0,18-APR-2022,
OPTIDX,FINNIFTY,14-Jun-2022,15500.0,CE,0.0,0.0,0.0,2343.6,1855.55,0,0.0,0,0,18-APR-2022,
OPTIDX,FINNIFTY,14-Jun-2022,15600.0,CE,0.0,0.0,0.0,2261.1,1778.6,0,0.0,0,0,18-APR-2022,
OPTIDX,FINNIFTY,14-Jun-2022,15700.0,CE,0.0,0.0,0.0,2179.85,1703.3,0,0.0,0,0,18-APR-2022,
OPTIDX,FINNIFTY,14-Jun-2022,15800.0,CE,0.0,0.0,0.0,2099.95,1630.2,0,0.0,0,0,18-APR-2022,
OPTIDX,FINNIFTY,14-Jun-2022,15900.0,CE,0.0,0.0,0.0,2021.5,1558.15,0,0.0,0,0,18-APR-2022,
OPTIDX,FINNIFTY,14-Jun-2022,16000.0,CE,0.0,0.0,0.0,1944.45,1487.25,0,0.0,0,0,18-APR-2022,
OPTIDX,FINNIFTY,14-Jun-2022,16100.0,CE,0.0,0.0,0.0,1868.85,1418.9,0,0.0,0,0,18-APR-2022,
OPTIDX,FINNIFTY,14-Jun-2022,16200.0,CE,0.0,0.0,0.0,1795.45,1352.4,0,0.0,0,0,18-APR-2022,
OPTIDX,FINNIFTY,14-Jun-2022,16300.0,CE,0.0,0.0,0.0,1722.85,1287.8,0,0.0,0,0,18-APR-2022,
OPTIDX,FINNIFTY,14-Jun-2022,16400.0,CE,0.0,0.0,0.0,1651.9,1225.05,0,0.0,0,0,18-APR-2022,
OPTIDX,FINNIFTY,14-Jun-2022,16500.0,CE,0.0,0.0,0.0,1582.0,1164.25,0,0.0,0,0,18-APR-2022,
OPTIDX,FINNIFTY,14-Jun-2022,16600.0,CE,0.0,0.0,0.0,1514.5,1105.35,0,0.0,0,0,18-APR-2022,
OPTIDX,FINNIFTY,14-Jun-2022,16700.0,CE,0.0,0.0,0.0,1448.7,1048.4,0,0.0,0,0,18-APR-2022,
OPTIDX,FINNIFTY,14-Jun-2022,16800.0,CE,0.0,0.0,0.0,1384.65,993.35,0,0.0,0,0,18-APR-2022,
OPTIDX,FINNIFTY,14-Jun-2022,16900.0,CE,0.0,0.0,0.0,1322.35,940.3,0,0.0,0,0,18-APR-2022,
OPTIDX,FINNIFTY,14-Jun-2022,17000.0,CE,0.0,0.0,0.0,1261.8,889.2,0,0.0,0,0,18-APR-2022,
OPTIDX,FINNIFTY,14-Jun-2022,17100.0,CE,0.0,0.0,0.0,1203.05,839.95,0,0.0,0,0,18-APR-2022,
OPTIDX,FINNIFTY,14-Jun-2022,17200.0,CE,0.0,0.0,0.0,1146.05,792.7,0,0.0,0,0,18-APR-2022,
OPTIDX,FINNIFTY,14-Jun-2022,17300.0,CE,0.0,0.0,0.0,1090.9,747.35,0,0.0,0,0,18-APR-2022,
OPTIDX,FINNIFTY,14-Jun-2022,17400.0,CE,0.0,0.0,0.0,1037.5,703.9,0,0.0,0,0,18-APR-2022,
OPTIDX,FINNIFTY,14-Jun-2022,17500.0,CE,0.0,0.0,0.0,985.9,662.3,0,0.0,0,0,18-APR-2022,
OPTIDX,FINNIFTY,14-Jun-2022,17600.0,CE,0.0,0.0,0.0,936.05,622.55,0,0.0,0,0,18-APR-2022,
OPTIDX,FINNIFTY,14-Jun-2022,17700.0,CE,0.0,0.0,0.0,888.0,584.6,0,0.0,0,0,18-APR-2022,
OPTIDX,FINNIFTY,14-Jun-2022,17800.0,CE,0.0,0.0,0.0,841.7,548.4,0,0.0,0,0,18-APR-2022,
OPTIDX,FINNIFTY,14-Jun-2022,17900.0,CE,0.0,0.0,0.0,797.2,513.95,0,0.0,0,0,18-APR-2022,
OPTIDX,FINNIFTY,14-Jun-2022,18000.0,CE,0.0,0.0,0.0,754.4,481.15,0,0.0,0,0,18-APR-2022,
OPTIDX,FINNIFTY,14-Jun-2022,18100.0,CE,0.0,0.0,0.0,713.3,450.05,0,0.0,0,0,18-APR-2022,
OPTIDX,FINNIFTY,14-Jun-2022,18200.0,CE,0.0,0.0,0.0,673.9,420.5,0,0.0,0,0,18-APR-2022,
OPTIDX,FINNIFTY,14-Jun-2022,18300.0,CE,0.0,0.0,0.0,636.1,392.5,0,0.0,0,0,18-APR-2022,
OPTIDX,FINNIFTY,14-Jun-2022,18400.0,CE,0.0,0.0,0.0,599.95,366.05,0,0.0,0,0,18-APR-2022,
OPTIDX,FINNIFTY,14-Jun-2022,18500.0,CE,0.0,0.0,0.0,565.4,341.85,0,0.0,0,0,18-APR-2022,
OPTIDX,FINNIFTY,14-Jun-2022,18600.0,CE,0.0,0.0,0.0,532.4,318.35,0,0.0,0,0,18-APR-2022,
OPTIDX,FINNIFTY,14-Jun-2022,18700.0,CE,0.0,0.0,0.0,500.9,296.2,0,0.0,0,0,18-APR-2022,
OPTIDX,FINNIFTY,14-Jun-2022,18800.0,CE,0.0,0.0,0.0,470.9,274.55,0,0.0,0,0,18-APR-2022,
OPTIDX,FINNIFTY,14-Jun-2022,18900.0,CE,0.0,0.0,0.0,442.35,254.85,0,0.0,0,0,18-APR-2022,
OPTIDX,FINNIFTY,14-Jun-2022,19000.0,CE,0.0,0.0,0.0,415.15,236.35,0,0.0,0,0,18-APR-2022,
OPTIDX,FINNIFTY,14-Jun-2022,19100.0,CE,0.0,0.0,0.0,390.1,218.95,0,0.0,0,0,18-APR-2022,
OPTIDX,FINNIFTY,14-Jun-2022,19200.0,CE,0.0,0.0,0.0,365.75,202.65,0,0.0,0,0,18-APR-2022,
OPTIDX,FINNIFTY,14-Jun-2022,19300.0,CE,0.0,0.0,0.0,342.6,187.4,0,0.0,0,0,18-APR-2022,
OPTIDX,FINNIFTY,14-Jun-2022,19400.0,CE,0.0,0.0,0.0,320.75,173.15,0,0.0,0,0,18-APR-2022,
OPTIDX,FINNIFTY,14-Jun-2022,19500.0,CE,0.0,0.0,0.0,299.2,159.8,0,0.0,0,0,18-APR-2022,
OPTIDX,FINNIFTY,14-Jun-2022,19600.0,CE,0.0,0.0,0.0,279.55,147.35,0,0.0,0,0,18-APR-2022,
OPTIDX,FINNIFTY,14-Jun-2022,19700.0,CE,0.0,0.0,0.0,260.95,135.8,0,0.0,0,0,18-APR-2022,
OPTIDX,FINNIFTY,14-Jun-2022,19800.0,CE,0.0,0.0,0.0,243.4,125.0,0,0.0,0,0,18-APR-2022,
OPTIDX,FINNIFTY,14-Jun-2022,19900.0,CE,0.0,0.0,0.0,226.9,114.95,0,0.0,0,0,18-APR-2022,
OPTIDX,FINNIFTY,14-Jun-2022,20000.0,CE,0.0,0.0,0.0,211.3,105.6,0,0.0,0,0,18-APR-2022,
OPTIDX,FINNIFTY,14-Jun-2022,20100.0,CE,0.0,0.0,0.0,196.65,96.95,0,0.0,0,0,18-APR-2022,
OPTIDX,FINNIFTY,14-Jun-2022,20200.0,CE,0.0,0.0,0.0,182.9,88.95,0,0.0,0,0,18-APR-2022,
OPTIDX,FINNIFTY,14-Jun-2022,20300.0,CE,0.0,0.0,0.0,169.95,81.5,0,0.0,0,0,18-APR-2022,
OPTIDX,FINNIFTY,14-Jun-2022,20400.0,CE,0.0,0.0,0.0,157.8,74.65,0,0.0,0,0,18-APR-2022,
OPTIDX,FINNIFTY,14-Jun-2022,20500.0,CE,0.0,0.0,0.0,146.4,68.3,0,0.0,0,0,18-APR-2022,
OPTIDX,FINNIFTY,14-Jun-2022,20600.0,CE,0.0,0.0,0.0,135.75,62.4,0,0.0,0,0,18-APR-2022,
OPTIDX,FINNIFTY,14-Jun-2022,14400.0,PE,0.0,0.0,0.0,41.95,61.55,0,0.0,0,0,18-APR-2022,
OPTIDX,FINNIFTY,14-Jun-2022,14500.0,PE,0.0,0.0,0.0,48.15,70.2,0,0.0,0,0,18-APR-2022,
OPTIDX,FINNIFTY,14-Jun-2022,14600.0,PE,0.0,0.0,0.0,56.7,79.7,0,0.0,0,0,18-APR-2022,
OPTIDX,FINNIFTY,14-Jun-2022,14700.0,PE,0.0,0.0,0.0,64.35,90.25,0,0.0,0,0,18-APR-2022,
OPTIDX,FINNIFTY,14-Jun-2022,14800.0,PE,0.0,0.0,0.0,72.75,101.9,0,0.0,0,0,18-APR-2022,
OPTIDX,FINNIFTY,14-Jun-2022,14900.0,PE,0.0,0.0,0.0,82.0,114.6,0,0.0,0,0,18-APR-2022,
OPTIDX,FINNIFTY,14-Jun-2022,15000.0,PE,0.0,0.0,0.0,92.15,128.55,0,0.0,0,0,18-APR-2022,
OPTIDX,FINNIFTY,14-Jun-2022,15100.0,PE,0.0,0.0,0.0,103.25,143.75,0,0.0,0,0,18-APR-2022,
OPTIDX,FINNIFTY,14-Jun-2022,15200.0,PE,0.0,0.0,0.0,115.4,160.25,0,0.0,0,0,18-APR-2022,
OPTIDX,FINNIFTY,14-Jun-2022,15300.0,PE,0.0,0.0,0.0,128.6,178.15,0,0.0,0,0,18-APR-2022,
OPTIDX,FINNIFTY,14-Jun-2022,15400.0,PE,0.0,0.0,0.0,142.9,197.5,0,0.0,0,0,18-APR-2022,
OPTIDX,FINNIFTY,14-Jun-2022,15500.0,PE,0.0,0.0,0.0,158.45,218.35,0,0.0,0,0,18-APR-2022,
OPTIDX,FINNIFTY,14-Jun-2022,15600.0,PE,0.0,0.0,0.0,175.2,240.75,0,0.0,0,0,18-APR-2022,
OPTIDX,FINNIFTY,14-Jun-2022,15700.0,PE,0.0,0.0,0.0,193.2,264.8,0,0.0,0,0,18-APR-2022,
OPTIDX,FINNIFTY,14-Jun-2022,15800.0,PE,0.0,0.0,0.0,212.6,291.05,0,0.0,0,0,18-APR-2022,
OPTIDX,FINNIFTY,14-Jun-2022,15900.0,PE,0.0,0.0,0.0,233.4,318.35,0,0.0,0,0,18-APR-2022,
OPTIDX,FINNIFTY,14-Jun-2022,16000.0,PE,0.0,0.0,0.0,255.6,346.75,0,0.0,0,0,18-APR-2022,
OPTIDX,FINNIFTY,14-Jun-2022,16100.0,PE,0.0,0.0,0.0,279.3,377.75,0,0.0,0,0,18-APR-2022,
OPTIDX,FINNIFTY,14-Jun-2022,16200.0,PE,0.0,0.0,0.0,305.15,410.6,0,0.0,0,0,18-APR-2022,
OPTIDX,FINNIFTY,14-Jun-2022,16300.0,PE,0.0,0.0,0.0,331.85,445.3,0,0.0,0,0,18-APR-2022,
OPTIDX,FINNIFTY,14-Jun-2022,16400.0,PE,0.0,0.0,0.0,360.2,481.9,0,0.0,0,0,18-APR-2022,
OPTIDX,FINNIFTY,14-Jun-2022,16500.0,PE,0.0,0.0,0.0,389.55,520.45,0,0.0,0,0,18-APR-2022,
OPTIDX,FINNIFTY,14-Jun-2022,16600.0,PE,0.0,0.0,0.0,421.3,560.9,0,0.0,0,0,18-APR-2022,
OPTIDX,FINNIFTY,14-Jun-2022,16700.0,PE,0.0,0.0,0.0,454.8,603.25,0,0.0,0,0,18-APR-2022,
OPTIDX,FINNIFTY,14-Jun-2022,16800.0,PE,0.0,0.0,0.0,490.0,647.6,0,0.0,0,0,18-APR-2022,
OPTIDX,FINNIFTY,14-Jun-2022,16900.0,PE,0.0,0.0,0.0,526.95,693.85,0,0.0,0,0,18-APR-2022,
OPTIDX,FINNIFTY,14-Jun-2022,17000.0,PE,0.0,0.0,0.0,565.7,742.1,0,0.0,0,0,18-APR-2022,
OPTIDX,FINNIFTY,14-Jun-2022,17100.0,PE,0.0,0.0,0.0,606.2,792.2,0,0.0,0,0,18-APR-2022,
OPTIDX,FINNIFTY,14-Jun-2022,17200.0,PE,0.0,0.0,0.0,648.5,844.3,0,0.0,0,0,18-APR-2022,
OPTIDX,FINNIFTY,14-Jun-2022,17300.0,PE,0.0,0.0,0.0,692.6,898.3,0,0.0,0,0,18-APR-2022,
OPTIDX,FINNIFTY,14-Jun-2022,17400.0,PE,0.0,0.0,0.0,738.5,954.15,0,0.0,0,0,18-APR-2022,
OPTIDX,FINNIFTY,14-Jun-2022,17500.0,PE,0.0,0.0,0.0,786.15,1011.9,0,0.0,0,0,18-APR-2022,
OPTIDX,FINNIFTY,14-Jun-2022,17600.0,PE,0.0,0.0,0.0,835.55,1071.5,0,0.0,0,0,18-APR-2022,
OPTIDX,FINNIFTY,14-Jun-2022,17700.0,PE,0.0,0.0,0.0,886.8,1132.85,0,0.0,0,0,18-APR-2022,
OPTIDX,FINNIFTY,14-Jun-2022,17800.0,PE,0.0,0.0,0.0,939.8,1196.0,0,0.0,0,0,18-APR-2022,
OPTIDX,FINNIFTY,14-Jun-2022,17900.0,PE,0.0,0.0,0.0,994.55,1260.9,0,0.0,0,0,18-APR-2022,
OPTIDX,FINNIFTY,14-Jun-2022,18000.0,PE,0.0,0.0,0.0,1051.0,1327.45,0,0.0,0,0,18-APR-2022,
OPTIDX,FINNIFTY,14-Jun-2022,18100.0,PE,0.0,0.0,0.0,1109.15,1395.65,0,0.0,0,0,18-APR-2022,
OPTIDX,FINNIFTY,14-Jun-2022,18200.0,PE,0.0,0.0,0.0,1169.05,1465.45,0,0.0,0,0,18-APR-2022,
OPTIDX,FINNIFTY,14-Jun-2022,18300.0,PE,0.0,0.0,0.0,1230.55,1536.8,0,0.0,0,0,18-APR-2022,
OPTIDX,FINNIFTY,14-Jun-2022,18400.0,PE,0.0,0.0,0.0,1293.65,1609.65,0,0.0,0,0,18-APR-2022,
OPTIDX,FINNIFTY,14-Jun-2022,18500.0,PE,0.0,0.0,0.0,1358.35,1684.8,0,0.0,0,0,18-APR-2022,
OPTIDX,FINNIFTY,14-Jun-2022,18600.0,PE,0.0,0.0,0.0,1424.65,1760.65,0,0.0,0,0,18-APR-2022,
OPTIDX,FINNIFTY,14-Jun-2022,18700.0,PE,0.0,0.0,0.0,1492.4,1837.85,0,0.0,0,0,18-APR-2022,
OPTIDX,FINNIFTY,14-Jun-2022,18800.0,PE,0.0,0.0,0.0,1561.65,1915.55,0,0.0,0,0,18-APR-2022,
OPTIDX,FINNIFTY,14-Jun-2022,18900.0,PE,0.0,0.0,0.0,1632.35,1995.2,0,0.0,0,0,18-APR-2022,
OPTIDX,FINNIFTY,14-Jun-2022,19000.0,PE,0.0,0.0,0.0,1704.45,2076.0,0,0.0,0,0,18-APR-2022,
OPTIDX,FINNIFTY,14-Jun-2022,19100.0,PE,0.0,0.0,0.0,1778.7,2157.95,0,0.0,0,0,18-APR-2022,
OPTIDX,FINNIFTY,14-Jun-2022,19200.0,PE,0.0,0.0,0.0,1853.6,2241.0,0,0.0,0,0,18-APR-2022,
OPTIDX,FINNIFTY,14-Jun-2022,19300.0,PE,0.0,0.0,0.0,1929.75,2325.1,0,0.0,0,0,18-APR-2022,
OPTIDX,FINNIFTY,14-Jun-2022,19400.0,PE,0.0,0.0,0.0,2007.1,2410.15,0,0.0,0,0,18-APR-2022,
OPTIDX,FINNIFTY,14-Jun-2022,19500.0,PE,0.0,0.0,0.0,2084.85,2496.15,0,0.0,0,0,18-APR-2022,
OPTIDX,FINNIFTY,14-Jun-2022,19600.0,PE,0.0,0.0,0.0,2164.45,2583.05,0,0.0,0,0,18-APR-2022,
OPTIDX,FINNIFTY,14-Jun-2022,19700.0,PE,0.0,0.0,0.0,2245.15,2670.8,0,0.0,0,0,18-APR-2022,
OPTIDX,FINNIFTY,14-Jun-2022,19800.0,PE,0.0,0.0,0.0,2326.9,2759.35,0,0.0,0,0,18-APR-2022,
OPTIDX,FINNIFTY,14-Jun-2022,19900.0,PE,0.0,0.0,0.0,2409.6,2848.65,0,0.0,0,0,18-APR-2022,
OPTIDX,FINNIFTY,14-Jun-2022,20000.0,PE,0.0,0.0,0.0,2493.3,2938.65,0,0.0,0,0,18-APR-2022,
OPTIDX,FINNIFTY,14-Jun-2022,20100.0,PE,0.0,0.0,0.0,2577.95,3029.35,0,0.0,0,0,18-APR-2022,
OPTIDX,FINNIFTY,14-Jun-2022,20200.0,PE,0.0,0.0,0.0,2663.45,3120.65,0,0.0,0,0,18-APR-2022,
OPTIDX,FINNIFTY,14-Jun-2022,20300.0,PE,0.0,0.0,0.0,2749.75,3212.55,0,0.0,0,0,18-APR-2022,
OPTIDX,FINNIFTY,14-Jun-2022,20400.0,PE,0.0,0.0,0.0,2836.9,3305.05,0,0.0,0,0,18-APR-2022,
OPTIDX,FINNIFTY,14-Jun-2022,20500.0,PE,0.0,0.0,0.0,2924.8,3398.0,0,0.0,0,0,18-APR-2022,
OPTIDX,FINNIFTY,14-Jun-2022,20600.0,PE,0.0,0.0,0.0,3013.4,3491.5,0,0.0,0,0,18-APR-2022,
OPTIDX,FINNIFTY,28-Jun-2022,13800.0,CE,0.0,0.0,0.0,3266.6,3392.8,0,0.0,0,0,18-APR-2022,
OPTIDX,FINNIFTY,28-Jun-2022,13900.0,CE,0.0,0.0,0.0,3177.45,3299.8,0,0.0,0,0,18-APR-2022,
OPTIDX,FINNIFTY,28-Jun-2022,14000.0,CE,0.0,0.0,0.0,3089.15,3207.5,0,0.0,0,0,18-APR-2022,
OPTIDX,FINNIFTY,28-Jun-2022,14100.0,CE,0.0,0.0,0.0,3001.7,3115.95,0,0.0,0,0,18-APR-2022,
OPTIDX,FINNIFTY,28-Jun-2022,14200.0,CE,0.0,0.0,0.0,2915.2,3025.15,0,0.0,0,0,18-APR-2022,
OPTIDX,FINNIFTY,28-Jun-2022,14300.0,CE,0.0,0.0,0.0,2829.7,2935.2,0,0.0,0,0,18-APR-2022,
OPTIDX,FINNIFTY,28-Jun-2022,14400.0,CE,0.0,0.0,0.0,2745.2,2846.15,0,0.0,0,0,18-APR-2022,
OPTIDX,FINNIFTY,28-Jun-2022,14500.0,CE,0.0,0.0,0.0,2661.75,2758.05,0,0.0,0,0,18-APR-2022,
OPTIDX,FINNIFTY,28-Jun-2022,14600.0,CE,0.0,0.0,0.0,2579.45,2670.9,0,0.0,0,0,18-APR-2022,
OPTIDX,FINNIFTY,28-Jun-2022,14700.0,CE,0.0,0.0,0.0,2498.3,2584.85,0,0.0,0,0,18-APR-2022,
OPTIDX,FINNIFTY,28-Jun-2022,14800.0,CE,0.0,0.0,0.0,2418.3,2499.85,0,0.0,0,0,18-APR-2022,
OPTIDX,FINNIFTY,28-Jun-2022,14900.0,CE,0.0,0.0,0.0,2339.55,2416.05,0,0.0,0,0,18-APR-2022,
OPTIDX,FINNIFTY,28-Jun-2022,15000.0,CE,0.0,0.0,0.0,2262.05,2333.4,0,0.0,0,0,18-APR-2022,
OPTIDX,FINNIFTY,28-Jun-2022,15100.0,CE,0.0,0.0,0.0,2185.9,2252.05,0,0.0,0,0,18-APR-2022,
OPTIDX,FINNIFTY,28-Jun-2022,15200.0,CE,0.0,0.0,0.0,2111.05,2172.0,0,0.0,0,0,18-APR-2022,
OPTIDX,FINNIFTY,28-Jun-2022,15300.0,CE,0.0,0.0,0.0,2038.1,2093.3,0,0.0,0,0,18-APR-2022,
OPTIDX,FINNIFTY,28-Jun-2022,15400.0,CE,0.0,0.0,0.0,1965.95,2016.0,0,0.0,0,0,18-APR-2022,
OPTIDX,FINNIFTY,28-Jun-2022,15500.0,CE,0.0,0.0,0.0,1895.25,1940.15,0,0.0,0,0,18-APR-2022,
OPTIDX,FINNIFTY,28-Jun-2022,15600.0,CE,0.0,0.0,0.0,1825.3,1866.35,0,0.0,0,0,18-APR-2022,
OPTIDX,FINNIFTY,28-Jun-2022,15700.0,CE,0.0,0.0,0.0,1757.6,1793.4,0,0.0,0,0,18-APR-2022,
OPTIDX,FINNIFTY,28-Jun-2022,15800.0,CE,0.0,0.0,0.0,1691.45,1722.05,0,0.0,0,0,18-APR-2022,
OPTIDX,FINNIFTY,28-Jun-2022,15900.0,CE,0.0,0.0,0.0,1626.8,1651.6,0,0.0,0,0,18-APR-2022,
OPTIDX,FINNIFTY,28-Jun-2022,16000.0,CE,0.0,0.0,0.0,1563.65,1583.55,0,0.0,0,0,18-APR-2022,
OPTIDX,FINNIFTY,28-Jun-2022,16100.0,CE,0.0,0.0,0.0,1502.1,1517.2,0,0.0,0,0,18-APR-2022,
OPTIDX,FINNIFTY,28-Jun-2022,16200.0,CE,0.0,0.0,0.0,1442.05,1452.5,0,0.0,0,0,18-APR-2022,
OPTIDX,FINNIFTY,28-Jun-2022,16300.0,CE,0.0,0.0,0.0,1383.65,1389.5,0,0.0,0,0,18-APR-2022,
OPTIDX,FINNIFTY,28-Jun-2022,16400.0,CE,0.0,0.0,0.0,1326.75,1328.2,0,0.0,0,0,18-APR-2022,
OPTIDX,FINNIFTY,28-Jun-2022,16500.0,CE,0.0,0.0,0.0,1271.45,1268.65,0,0.0,0,0,18-APR-2022,
OPTIDX,FINNIFTY,28-Jun-2022,16600.0,CE,0.0,0.0,0.0,1217.7,1210.85,0,0.0,0,0,18-APR-2022,
OPTIDX,FINNIFTY,28-Jun-2022,16700.0,CE,0.0,0.0,0.0,1165.55,1154.8,0,0.0,0,0,18-APR-2022,
OPTIDX,FINNIFTY,28-Jun-2022,16800.0,CE,0.0,0.0,0.0,1114.95,1100.45,0,0.0,0,0,18-APR-2022,
OPTIDX,FINNIFTY,28-Jun-2022,16900.0,CE,0.0,0.0,0.0,1065.85,1047.9,0,0.0,0,0,18-APR-2022,
OPTIDX,FINNIFTY,28-Jun-2022,17000.0,CE,0.0,0.0,0.0,1018.35,997.05,0,0.0,0,0,18-APR-2022,
OPTIDX,FINNIFTY,28-Jun-2022,17100.0,CE,0.0,0.0,0.0,972.4,947.85,0,0.0,0,0,18-APR-2022,
OPTIDX,FINNIFTY,28-Jun-2022,17200.0,CE,0.0,0.0,0.0,928.0,900.5,0,0.0,0,0,18-APR-2022,
OPTIDX,FINNIFTY,28-Jun-2022,17300.0,CE,0.0,0.0,0.0,885.05,854.8,0,0.0,0,0,18-APR-2022,
OPTIDX,FINNIFTY,28-Jun-2022,17400.0,CE,0.0,0.0,0.0,843.6,810.85,0,0.0,0,0,18-APR-2022,
OPTIDX,FINNIFTY,28-Jun-2022,17500.0,CE,0.0,0.0,0.0,803.65,768.5,0,0.0,0,0,18-APR-2022,
OPTIDX,FINNIFTY,28-Jun-2022,17600.0,CE,0.0,0.0,0.0,765.1,727.85,0,0.0,0,0,18-APR-2022,
OPTIDX,FINNIFTY,28-Jun-2022,17700.0,CE,0.0,0.0,0.0,728.0,688.8,0,0.0,0,0,18-APR-2022,
OPTIDX,FINNIFTY,28-Jun-2022,17800.0,CE,0.0,0.0,0.0,692.3,651.4,0,0.0,0,0,18-APR-2022,
OPTIDX,FINNIFTY,28-Jun-2022,17900.0,CE,0.0,0.0,0.0,657.95,615.5,0,0.0,0,0,18-APR-2022,
OPTIDX,FINNIFTY,28-Jun-2022,18000.0,CE,0.0,0.0,0.0,625.0,581.15,0,0.0,0,0,18-APR-2022,
OPTIDX,FINNIFTY,28-Jun-2022,18100.0,CE,0.0,0.0,0.0,593.3,548.3,0,0.0,0,0,18-APR-2022,
OPTIDX,FINNIFTY,28-Jun-2022,18200.0,CE,0.0,0.0,0.0,562.9,516.95,0,0.0,0,0,18-APR-2022,
OPTIDX,FINNIFTY,28-Jun-2022,18300.0,CE,0.0,0.0,0.0,533.8,487.0,0,0.0,0,0,18-APR-2022,
OPTIDX,FINNIFTY,28-Jun-2022,18400.0,CE,0.0,0.0,0.0,505.85,458.45,0,0.0,0,0,18-APR-2022,
OPTIDX,FINNIFTY,28-Jun-2022,18500.0,CE,0.0,0.0,0.0,479.15,431.25,0,0.0,0,0,18-APR-2022,
OPTIDX,FINNIFTY,28-Jun-2022,18600.0,CE,0.0,0.0,0.0,454.35,405.35,0,0.0,0,0,18-APR-2022,
OPTIDX,FINNIFTY,28-Jun-2022,18700.0,CE,0.0,0.0,0.0,430.0,381.6,0,0.0,0,0,18-APR-2022,
OPTIDX,FINNIFTY,28-Jun-2022,18800.0,CE,0.0,0.0,0.0,406.8,358.35,0,0.0,0,0,18-APR-2022,
OPTIDX,FINNIFTY,28-Jun-2022,18900.0,CE,0.0,0.0,0.0,384.6,336.3,0,0.0,0,0,18-APR-2022,
OPTIDX,FINNIFTY,28-Jun-2022,19000.0,CE,0.0,0.0,0.0,363.45,314.6,0,0.0,0,0,18-APR-2022,
OPTIDX,FINNIFTY,28-Jun-2022,19100.0,CE,0.0,0.0,0.0,342.55,294.7,0,0.0,0,0,18-APR-2022,
OPTIDX,FINNIFTY,28-Jun-2022,19200.0,CE,0.0,0.0,0.0,323.3,275.85,0,0.0,0,0,18-APR-2022,
OPTIDX,FINNIFTY,28-Jun-2022,19300.0,CE,0.0,0.0,0.0,304.95,258.05,0,0.0,0,0,18-APR-2022,
OPTIDX,FINNIFTY,28-Jun-2022,19400.0,CE,0.0,0.0,0.0,287.45,241.2,0,0.0,0,0,18-APR-2022,
OPTIDX,FINNIFTY,28-Jun-2022,19500.0,CE,0.0,0.0,0.0,270.85,225.3,0,0.0,0,0,18-APR-2022,
OPTIDX,FINNIFTY,28-Jun-2022,19600.0,CE,0.0,0.0,0.0,255.1,210.3,0,0.0,0,0,18-APR-2022,
OPTIDX,FINNIFTY,28-Jun-2022,19700.0,CE,0.0,0.0,0.0,240.1,196.2,0,0.0,0,0,18-APR-2022,
OPTIDX,FINNIFTY,28-Jun-2022,19800.0,CE,0.0,0.0,0.0,225.9,182.9,0,0.0,0,0,18-APR-2022,
OPTIDX,FINNIFTY,28-Jun-2022,19900.0,CE,0.0,0.0,0.0,268.0,170.35,0,0.0,0,0,18-APR-2022,
OPTIDX,FINNIFTY,28-Jun-2022,20000.0,CE,0.0,0.0,0.0,252.5,158.6,0,0.0,0,0,18-APR-2022,
OPTIDX,FINNIFTY,28-Jun-2022,20100.0,CE,0.0,0.0,0.0,237.8,147.55,0,0.0,0,0,18-APR-2022,
OPTIDX,FINNIFTY,28-Jun-2022,20200.0,CE,0.0,0.0,0.0,223.8,137.15,0,0.0,0,0,18-APR-2022,
OPTIDX,FINNIFTY,28-Jun-2022,20300.0,CE,0.0,0.0,0.0,246.45,127.45,0,0.0,0,0,18-APR-2022,
OPTIDX,FINNIFTY,28-Jun-2022,20400.0,CE,0.0,0.0,0.0,231.9,118.3,0,0.0,0,0,18-APR-2022,
OPTIDX,FINNIFTY,28-Jun-2022,20500.0,CE,0.0,0.0,0.0,218.1,109.8,0,0.0,0,0,18-APR-2022,
OPTIDX,FINNIFTY,28-Jun-2022,20600.0,CE,0.0,0.0,0.0,365.2,101.8,0,0.0,0,0,18-APR-2022,
OPTIDX,FINNIFTY,28-Jun-2022,20700.0,CE,0.0,0.0,0.0,345.5,94.35,0,0.0,0,0,18-APR-2022,
OPTIDX,FINNIFTY,28-Jun-2022,20800.0,CE,0.0,0.0,0.0,326.65,87.35,0,0.0,0,0,18-APR-2022,
OPTIDX,FINNIFTY,28-Jun-2022,20900.0,CE,0.0,0.0,0.0,308.75,80.85,0,0.0,0,0,18-APR-2022,
OPTIDX,FINNIFTY,28-Jun-2022,21000.0,CE,0.0,0.0,0.0,291.65,74.8,0,0.0,0,0,18-APR-2022,
OPTIDX,FINNIFTY,28-Jun-2022,21100.0,CE,0.0,0.0,0.0,275.35,69.15,0,0.0,0,0,18-APR-2022,
OPTIDX,FINNIFTY,28-Jun-2022,21200.0,CE,0.0,0.0,0.0,259.9,63.85,0,0.0,0,0,18-APR-2022,
OPTIDX,FINNIFTY,28-Jun-2022,21300.0,CE,0.0,0.0,0.0,245.15,58.95,0,0.0,0,0,18-APR-2022,
OPTIDX,FINNIFTY,28-Jun-2022,13800.0,PE,0.0,0.0,0.0,86.2,44.5,0,0.0,0,0,18-APR-2022,
OPTIDX,FINNIFTY,28-Jun-2022,13900.0,PE,0.0,0.0,0.0,96.0,50.7,0,0.0,0,0,18-APR-2022,
OPTIDX,FINNIFTY,28-Jun-2022,14000.0,PE,0.0,0.0,0.0,106.65,57.6,0,0.0,0,0,18-APR-2022,
OPTIDX,FINNIFTY,28-Jun-2022,14100.0,PE,0.0,0.0,0.0,118.2,65.2,0,0.0,0,0,18-APR-2022,
OPTIDX,FINNIFTY,28-Jun-2022,14200.0,PE,0.0,0.0,0.0,130.65,73.6,0,0.0,0,0,18-APR-2022,
OPTIDX,FINNIFTY,28-Jun-2022,14300.0,PE,0.0,0.0,0.0,144.1,82.85,0,0.0,0,0,18-APR-2022,
OPTIDX,FINNIFTY,28-Jun-2022,14400.0,PE,0.0,0.0,0.0,158.55,92.95,0,0.0,0,0,18-APR-2022,
OPTIDX,FINNIFTY,28-Jun-2022,14500.0,PE,0.0,0.0,0.0,174.1,104.0,0,0.0,0,0,18-APR-2022,
OPTIDX,FINNIFTY,28-Jun-2022,14600.0,PE,0.0,0.0,0.0,190.7,116.05,0,0.0,0,0,18-APR-2022,
OPTIDX,FINNIFTY,28-Jun-2022,14700.0,PE,0.0,0.0,0.0,208.5,129.15,0,0.0,0,0,18-APR-2022,
OPTIDX,FINNIFTY,28-Jun-2022,14800.0,PE,0.0,0.0,0.0,227.5,143.35,0,0.0,0,0,18-APR-2022,
OPTIDX,FINNIFTY,28-Jun-2022,14900.0,PE,0.0,0.0,0.0,247.7,158.7,0,0.0,0,0,18-APR-2022,
OPTIDX,FINNIFTY,28-Jun-2022,15000.0,PE,0.0,0.0,0.0,269.2,175.25,0,0.0,0,0,18-APR-2022,
OPTIDX,FINNIFTY,28-Jun-2022,15100.0,PE,0.0,0.0,0.0,291.95,193.1,0,0.0,0,0,18-APR-2022,
OPTIDX,FINNIFTY,28-Jun-2022,15200.0,PE,0.0,0.0,0.0,316.05,212.2,0,0.0,0,0,18-APR-2022,
OPTIDX,FINNIFTY,28-Jun-2022,15300.0,PE,0.0,0.0,0.0,342.1,232.65,0,0.0,0,0,18-APR-2022,
OPTIDX,FINNIFTY,28-Jun-2022,15400.0,PE,0.0,0.0,0.0,368.9,254.55,0,0.0,0,0,18-APR-2022,
OPTIDX,FINNIFTY,28-Jun-2022,15500.0,PE,0.0,0.0,0.0,397.15,277.85,0,0.0,0,0,18-APR-2022,
OPTIDX,FINNIFTY,28-Jun-2022,15600.0,PE,0.0,0.0,0.0,426.15,303.25,0,0.0,0,0,18-APR-2022,
OPTIDX,FINNIFTY,28-Jun-2022,15700.0,PE,0.0,0.0,0.0,457.45,329.5,0,0.0,0,0,18-APR-2022,
OPTIDX,FINNIFTY,28-Jun-2022,15800.0,PE,0.0,0.0,0.0,490.2,357.3,0,0.0,0,0,18-APR-2022,
OPTIDX,FINNIFTY,28-Jun-2022,15900.0,PE,0.0,0.0,0.0,524.5,386.05,0,0.0,0,0,18-APR-2022,
OPTIDX,FINNIFTY,28-Jun-2022,16000.0,PE,0.0,0.0,0.0,560.35,417.2,0,0.0,0,0,18-APR-2022,
OPTIDX,FINNIFTY,28-Jun-2022,16100.0,PE,0.0,0.0,0.0,597.75,450.0,0,0.0,0,0,18-APR-2022,
OPTIDX,FINNIFTY,28-Jun-2022,16200.0,PE,0.0,0.0,0.0,636.7,484.45,0,0.0,0,0,18-APR-2022,
OPTIDX,FINNIFTY,28-Jun-2022,16300.0,PE,0.0,0.0,0.0,677.2,520.65,0,0.0,0,0,18-APR-2022,
OPTIDX,FINNIFTY,28-Jun-2022,16400.0,PE,0.0,0.0,0.0,719.25,558.55,0,0.0,0,0,18-APR-2022,
OPTIDX,FINNIFTY,28-Jun-2022,16500.0,PE,0.0,0.0,0.0,762.9,598.15,0,0.0,0,0,18-APR-2022,
OPTIDX,FINNIFTY,28-Jun-2022,16600.0,PE,0.0,0.0,0.0,808.15,639.55,0,0.0,0,0,18-APR-2022,
OPTIDX,FINNIFTY,28-Jun-2022,16700.0,PE,0.0,0.0,0.0,854.95,682.65,0,0.0,0,0,18-APR-2022,
OPTIDX,FINNIFTY,28-Jun-2022,16800.0,PE,0.0,0.0,0.0,903.3,727.5,0,0.0,0,0,18-APR-2022,
OPTIDX,FINNIFTY,28-Jun-2022,16900.0,PE,0.0,0.0,0.0,953.15,774.1,0,0.0,0,0,18-APR-2022,
OPTIDX,FINNIFTY,28-Jun-2022,17000.0,PE,0.0,0.0,0.0,1004.65,822.45,0,0.0,0,0,18-APR-2022,
OPTIDX,FINNIFTY,28-Jun-2022,17100.0,PE,0.0,0.0,0.0,1057.65,872.45,0,0.0,0,0,18-APR-2022,
OPTIDX,FINNIFTY,28-Jun-2022,17200.0,PE,0.0,0.0,0.0,1112.15,924.25,0,0.0,0,0,18-APR-2022,
OPTIDX,FINNIFTY,28-Jun-2022,17300.0,PE,0.0,0.0,0.0,1168.2,977.75,0,0.0,0,0,18-APR-2022,
OPTIDX,FINNIFTY,28-Jun-2022,17400.0,PE,0.0,0.0,0.0,1225.7,1032.95,0,0.0,0,0,18-APR-2022,
OPTIDX,FINNIFTY,28-Jun-2022,17500.0,PE,0.0,0.0,0.0,1284.7,1089.8,0,0.0,0,0,18-APR-2022,
OPTIDX,FINNIFTY,28-Jun-2022,17600.0,PE,0.0,0.0,0.0,1345.15,1148.3,0,0.0,0,0,18-APR-2022,
OPTIDX,FINNIFTY,28-Jun-2022,17700.0,PE,0.0,0.0,0.0,1407.0,1208.45,0,0.0,0,0,18-APR-2022,
OPTIDX,FINNIFTY,28-Jun-2022,17800.0,PE,0.0,0.0,0.0,1470.25,1270.2,0,0.0,0,0,18-APR-2022,
OPTIDX,FINNIFTY,28-Jun-2022,17900.0,PE,0.0,0.0,0.0,1534.85,1333.5,0,0.0,0,0,18-APR-2022,
OPTIDX,FINNIFTY,28-Jun-2022,18000.0,PE,0.0,0.0,0.0,1600.85,1398.3,0,0.0,0,0,18-APR-2022,
OPTIDX,FINNIFTY,28-Jun-2022,18100.0,PE,0.0,0.0,0.0,1668.1,1464.65,0,0.0,0,0,18-APR-2022,
OPTIDX,FINNIFTY,28-Jun-2022,18200.0,PE,0.0,0.0,0.0,1736.7,1532.45,0,0.0,0,0,18-APR-2022,
OPTIDX,FINNIFTY,28-Jun-2022,18300.0,PE,0.0,0.0,0.0,1806.5,1601.7,0,0.0,0,0,18-APR-2022,
OPTIDX,FINNIFTY,28-Jun-2022,18400.0,PE,0.0,0.0,0.0,1877.55,1672.3,0,0.0,0,0,18-APR-2022,
OPTIDX,FINNIFTY,28-Jun-2022,18500.0,PE,0.0,0.0,0.0,1949.8,1744.3,0,0.0,0,0,18-APR-2022,
OPTIDX,FINNIFTY,28-Jun-2022,18600.0,PE,0.0,0.0,0.0,2023.95,1817.6,0,0.0,0,0,18-APR-2022,
OPTIDX,FINNIFTY,28-Jun-2022,18700.0,PE,0.0,0.0,0.0,2098.6,1893.0,0,0.0,0,0,18-APR-2022,
OPTIDX,FINNIFTY,28-Jun-2022,18800.0,PE,0.0,0.0,0.0,2174.3,1968.9,0,0.0,0,0,18-APR-2022,
OPTIDX,FINNIFTY,28-Jun-2022,18900.0,PE,0.0,0.0,0.0,2251.1,2046.05,0,0.0,0,0,18-APR-2022,
OPTIDX,FINNIFTY,28-Jun-2022,19000.0,PE,0.0,0.0,0.0,2328.9,2123.55,0,0.0,0,0,18-APR-2022,
OPTIDX,FINNIFTY,28-Jun-2022,19100.0,PE,0.0,0.0,0.0,2406.95,2202.8,0,0.0,0,0,18-APR-2022,
OPTIDX,FINNIFTY,28-Jun-2022,19200.0,PE,0.0,0.0,0.0,2486.65,2283.15,0,0.0,0,0,18-APR-2022,
OPTIDX,FINNIFTY,28-Jun-2022,19300.0,PE,0.0,0.0,0.0,2567.25,2364.5,0,0.0,0,0,18-APR-2022,
OPTIDX,FINNIFTY,28-Jun-2022,19400.0,PE,0.0,0.0,0.0,2648.75,2446.85,0,0.0,0,0,18-APR-2022,
OPTIDX,FINNIFTY,28-Jun-2022,19500.0,PE,0.0,0.0,0.0,2731.1,2530.1,0,0.0,0,0,18-APR-2022,
OPTIDX,FINNIFTY,28-Jun-2022,19600.0,PE,0.0,0.0,0.0,2814.25,2614.3,0,0.0,0,0,18-APR-2022,
OPTIDX,FINNIFTY,28-Jun-2022,19700.0,PE,0.0,0.0,0.0,2898.25,2699.35,0,0.0,0,0,18-APR-2022,
OPTIDX,FINNIFTY,28-Jun-2022,19800.0,PE,0.0,0.0,0.0,2983.0,2785.2,0,0.0,0,0,18-APR-2022,
OPTIDX,FINNIFTY,28-Jun-2022,19900.0,PE,0.0,0.0,0.0,2796.4,2871.85,0,0.0,0,0,18-APR-2022,
OPTIDX,FINNIFTY,28-Jun-2022,20000.0,PE,0.0,0.0,0.0,2879.85,2959.3,0,0.0,0,0,18-APR-2022,
OPTIDX,FINNIFTY,28-Jun-2022,20100.0,PE,0.0,0.0,0.0,2964.15,3047.4,0,0.0,0,0,18-APR-2022,
OPTIDX,FINNIFTY,28-Jun-2022,20200.0,PE,0.0,0.0,0.0,3049.15,3136.2,0,0.0,0,0,18-APR-2022,
OPTIDX,FINNIFTY,28-Jun-2022,20300.0,PE,0.0,0.0,0.0,2877.55,3225.65,0,0.0,0,0,18-APR-2022,
OPTIDX,FINNIFTY,28-Jun-2022,20400.0,PE,0.0,0.0,0.0,2962.0,3315.7,0,0.0,0,0,18-APR-2022,
OPTIDX,FINNIFTY,28-Jun-2022,20500.0,PE,0.0,0.0,0.0,3047.2,3406.35,0,0.0,0,0,18-APR-2022,
OPTIDX,FINNIFTY,28-Jun-2022,20600.0,PE,0.0,0.0,0.0,2487.95,3497.55,0,0.0,0,0,18-APR-2022,
OPTIDX,FINNIFTY,28-Jun-2022,20700.0,PE,0.0,0.0,0.0,2567.3,3589.25,0,0.0,0,0,18-APR-2022,
OPTIDX,FINNIFTY,28-Jun-2022,20800.0,PE,0.0,0.0,0.0,2647.5,3681.45,0,0.0,0,0,18-APR-2022,
OPTIDX,FINNIFTY,28-Jun-2022,20900.0,PE,0.0,0.0,0.0,2728.6,3774.15,0,0.0,0,0,18-APR-2022,
OPTIDX,FINNIFTY,28-Jun-2022,21000.0,PE,0.0,0.0,0.0,2810.55,3867.25,0,0.0,0,0,18-APR-2022,
OPTIDX,FINNIFTY,28-Jun-2022,21100.0,PE,0.0,0.0,0.0,2893.3,3960.75,0,0.0,0,0,18-APR-2022,
OPTIDX,FINNIFTY,28-Jun-2022,21200.0,PE,0.0,0.0,0.0,2976.8,4054.7,0,0.0,0,0,18-APR-2022,
OPTIDX,FINNIFTY,28-Jun-2022,21300.0,PE,0.0,0.0,0.0,3061.1,4148.95,0,0.0,0,0,18-APR-2022,
OPTIDX,MIDCPNIFTY,19-Apr-2022,5100.0,CE,0.0,0.0,0.0,1503.35,2276.6,0,0.0,0,0,18-APR-2022,
OPTIDX,MIDCPNIFTY,19-Apr-2022,5150.0,CE,0.0,0.0,0.0,1546.0,2226.6,0,0.0,0,0,18-APR-2022,
OPTIDX,MIDCPNIFTY,19-Apr-2022,5200.0,CE,0.0,0.0,0.0,1497.25,2176.6,0,0.0,0,0,18-APR-2022,
OPTIDX,MIDCPNIFTY,19-Apr-2022,5250.0,CE,0.0,0.0,0.0,1448.7,2126.6,0,0.0,0,0,18-APR-2022,
OPTIDX,MIDCPNIFTY,19-Apr-2022,5300.0,CE,0.0,0.0,0.0,1400.35,2076.6,0,0.0,0,0,18-APR-2022,
OPTIDX,MIDCPNIFTY,19-Apr-2022,5350.0,CE,0.0,0.0,0.0,1352.3,2026.6,0,0.0,0,0,18-APR-2022,
OPTIDX,MIDCPNIFTY,19-Apr-2022,5400.0,CE,0.0,0.0,0.0,1304.55,1976.65,0,0.0,0,0,18-APR-2022,
OPTIDX,MIDCPNIFTY,19-Apr-2022,5450.0,CE,0.0,0.0,0.0,1257.15,1926.65,0,0.0,0,0,18-APR-2022,
OPTIDX,MIDCPNIFTY,19-Apr-2022,5500.0,CE,0.0,0.0,0.0,1210.15,1876.65,0,0.0,0,0,18-APR-2022,
OPTIDX,MIDCPNIFTY,19-Apr-2022,5550.0,CE,0.0,0.0,0.0,1163.55,1826.65,0,0.0,0,0,18-APR-2022,
OPTIDX,MIDCPNIFTY,19-Apr-2022,5600.0,CE,0.0,0.0,0.0,1530.05,1776.65,0,0.0,0,0,18-APR-2022,
OPTIDX,MIDCPNIFTY,19-Apr-2022,5650.0,CE,0.0,0.0,0.0,1541.0,1726.65,0,0.0,0,0,18-APR-2022,
OPTIDX,MIDCPNIFTY,19-Apr-2022,5700.0,CE,0.0,0.0,0.0,1557.15,1676.65,0,0.0,0,0,18-APR-2022,
OPTIDX,MIDCPNIFTY,19-Apr-2022,5750.0,CE,0.0,0.0,0.0,1509.25,1626.65,0,0.0,0,0,18-APR-2022,
OPTIDX,MIDCPNIFTY,19-Apr-2022,5800.0,CE,0.0,0.0,0.0,1563.6,1576.65,0,0.0,0,0,18-APR-2022,
OPTIDX,MIDCPNIFTY,19-Apr-2022,5850.0,CE,0.0,0.0,0.0,1516.1,1526.7,0,0.0,0,0,18-APR-2022,
OPTIDX,MIDCPNIFTY,19-Apr-2022,5900.0,CE,0.0,0.0,0.0,1468.85,1476.7,0,0.0,0,0,18-APR-2022,
OPTIDX,MIDCPNIFTY,19-Apr-2022,5950.0,CE,0.0,0.0,0.0,1422.0,1426.7,0,0.0,0,0,18-APR-2022,
OPTIDX,MIDCPNIFTY,19-Apr-2022,6000.0,CE,0.0,0.0,0.0,1375.5,1376.7,0,0.0,0,0,18-APR-2022,
OPTIDX,MIDCPNIFTY,19-Apr-2022,6050.0,CE,0.0,0.0,0.0,1329.4,1326.7,0,0.0,0,0,18-APR-2022,
OPTIDX,MIDCPNIFTY,19-Apr-2022,6100.0,CE,0.0,0.0,0.0,1283.75,1276.7,0,0.0,0,0,18-APR-2022,
OPTIDX,MIDCPNIFTY,19-Apr-2022,6150.0,CE,0.0,0.0,0.0,1238.6,1226.7,0,0.0,0,0,18-APR-2022,
OPTIDX,MIDCPNIFTY,19-Apr-2022,6200.0,CE,0.0,0.0,0.0,1194.0,1176.7,0,0.0,0,0,18-APR-2022,
OPTIDX,MIDCPNIFTY,19-Apr-2022,6250.0,CE,0.0,0.0,0.0,1149.9,1126.7,0,0.0,0,0,18-APR-2022,
OPTIDX,MIDCPNIFTY,19-Apr-2022,6300.0,CE,0.0,0.0,0.0,1106.45,1076.75,0,0.0,0,0,18-APR-2022,
OPTIDX,MIDCPNIFTY,19-Apr-2022,6350.0,CE,0.0,0.0,0.0,1063.6,1026.75,0,0.0,0,0,18-APR-2022,
OPTIDX,MIDCPNIFTY,19-Apr-2022,6400.0,CE,0.0,0.0,0.0,1021.4,976.75,0,0.0,0,0,18-APR-2022,
OPTIDX,MIDCPNIFTY,19-Apr-2022,6450.0,CE,0.0,0.0,0.0,979.95,926.75,0,0.0,0,0,18-APR-2022,
OPTIDX,MIDCPNIFTY,19-Apr-2022,6500.0,CE,0.0,0.0,0.0,939.25,876.75,0,0.0,0,0,18-APR-2022,
OPTIDX,MIDCPNIFTY,19-Apr-2022,6550.0,CE,0.0,0.0,0.0,899.3,826.75,0,0.0,0,0,18-APR-2022,
OPTIDX,MIDCPNIFTY,19-Apr-2022,6600.0,CE,0.0,0.0,0.0,860.2,776.75,0,0.0,0,0,18-APR-2022,
OPTIDX,MIDCPNIFTY,19-Apr-2022,6650.0,CE,0.0,0.0,0.0,821.95,726.75,0,0.0,0,0,18-APR-2022,
OPTIDX,MIDCPNIFTY,19-Apr-2022,6700.0,CE,0.0,0.0,0.0,784.8,676.75,0,0.0,0,0,18-APR-2022,
OPTIDX,MIDCPNIFTY,19-Apr-2022,6750.0,CE,0.0,0.0,0.0,748.3,626.8,0,0.0,0,0,18-APR-2022,
OPTIDX,MIDCPNIFTY,19-Apr-2022,6800.0,CE,0.0,0.0,0.0,712.7,576.8,0,0.0,0,0,18-APR-2022,
OPTIDX,MIDCPNIFTY,19-Apr-2022,6850.0,CE,0.0,0.0,0.0,677.8,526.8,0,0.0,0,0,18-APR-2022,
OPTIDX,MIDCPNIFTY,19-Apr-2022,6900.0,CE,0.0,0.0,0.0,644.2,476.8,0,0.0,0,0,18-APR-2022,
OPTIDX,MIDCPNIFTY,19-Apr-2022,6950.0,CE,0.0,0.0,0.0,611.65,426.8,0,0.0,0,0,18-APR-2022,
OPTIDX,MIDCPNIFTY,19-Apr-2022,7000.0,CE,0.0,0.0,0.0,580.05,376.85,0,0.0,0,0,18-APR-2022,
OPTIDX,MIDCPNIFTY,19-Apr-2022,7050.0,CE,0.0,0.0,0.0,549.5,326.95,0,0.0,0,0,18-APR-2022,
OPTIDX,MIDCPNIFTY,19-Apr-2022,7100.0,CE,0.0,0.0,0.0,520.0,277.25,0,0.0,0,0,18-APR-2022,
OPTIDX,MIDCPNIFTY,19-Apr-2022,7150.0,CE,0.0,0.0,0.0,491.5,228.25,0,0.0,0,0,18-APR-2022,
OPTIDX,MIDCPNIFTY,19-Apr-2022,7200.0,CE,0.0,0.0,0.0,464.05,180.7,0,0.0,0,0,18-APR-2022,
OPTIDX,MIDCPNIFTY,19-Apr-2022,7250.0,CE,0.0,0.0,0.0,437.7,136.15,0,0.0,0,0,18-APR-2022,
OPTIDX,MIDCPNIFTY,19-Apr-2022,7300.0,CE,0.0,0.0,0.0,412.35,96.4,0,0.0,0,0,18-APR-2022,
OPTIDX,MIDCPNIFTY,19-Apr-2022,7350.0,CE,0.0,0.0,0.0,388.0,63.35,0,0.0,0,0,18-APR-2022,
OPTIDX,MIDCPNIFTY,19-Apr-2022,7400.0,CE,0.0,0.0,0.0,364.7,38.2,0,0.0,0,0,18-APR-2022,
OPTIDX,MIDCPNIFTY,19-Apr-2022,7450.0,CE,0.0,0.0,0.0,342.45,20.95,0,0.0,0,0,18-APR-2022,
OPTIDX,MIDCPNIFTY,19-Apr-2022,7500.0,CE,0.0,0.0,0.0,321.15,10.35,0,0.0,0,0,18-APR-2022,
OPTIDX,MIDCPNIFTY,19-Apr-2022,7550.0,CE,0.0,0.0,0.0,300.9,4.6,0,0.0,0,0,18-APR-2022,
OPTIDX,MIDCPNIFTY,19-Apr-2022,7600.0,CE,0.0,0.0,0.0,281.55,1.8,0,0.0,0,0,18-APR-2022,
OPTIDX,MIDCPNIFTY,19-Apr-2022,7650.0,CE,0.0,0.0,0.0,263.2,0.65,0,0.0,0,0,18-APR-2022,
OPTIDX,MIDCPNIFTY,19-Apr-2022,7700.0,CE,0.0,0.0,0.0,245.75,0.2,0,0.0,0,0,18-APR-2022,
OPTIDX,MIDCPNIFTY,19-Apr-2022,7750.0,CE,0.0,0.0,0.0,229.25,0.05,0,0.0,0,0,18-APR-2022,
OPTIDX,MIDCPNIFTY,19-Apr-2022,7800.0,CE,0.0,0.0,0.0,213.6,0.05,0,0.0,0,0,18-APR-2022,
OPTIDX,MIDCPNIFTY,19-Apr-2022,7850.0,CE,0.0,0.0,0.0,198.8,0.0,0,0.0,0,0,18-APR-2022,
OPTIDX,MIDCPNIFTY,19-Apr-2022,7900.0,CE,0.0,0.0,0.0,184.8,0.0,0,0.0,0,0,18-APR-2022,
OPTIDX,MIDCPNIFTY,19-Apr-2022,7950.0,CE,0.0,0.0,0.0,171.65,0.0,0,0.0,0,0,18-APR-2022,
OPTIDX,MIDCPNIFTY,19-Apr-2022,8000.0,CE,0.0,0.0,0.0,159.6,0.0,0,0.0,0,0,18-APR-2022,
OPTIDX,MIDCPNIFTY,19-Apr-2022,8050.0,CE,0.0,0.0,0.0,148.0,0.0,0,0.0,0,0,18-APR-2022,
OPTIDX,MIDCPNIFTY,19-Apr-2022,8100.0,CE,0.0,0.0,0.0,137.1,0.0,0,0.0,0,0,18-APR-2022,
OPTIDX,MIDCPNIFTY,19-Apr-2022,8150.0,CE,0.0,0.0,0.0,126.55,0.0,0,0.0,0,0,18-APR-2022,
OPTIDX,MIDCPNIFTY,19-Apr-2022,8200.0,CE,0.0,0.0,0.0,116.9,0.0,0,0.0,0,0,18-APR-2022,
OPTIDX,MIDCPNIFTY,19-Apr-2022,8250.0,CE,0.0,0.0,0.0,107.95,0.0,0,0.0,0,0,18-APR-2022,
OPTIDX,MIDCPNIFTY,19-Apr-2022,8300.0,CE,0.0,0.0,0.0,99.5,0.0,0,0.0,0,0,18-APR-2022,
OPTIDX,MIDCPNIFTY,19-Apr-2022,8350.0,CE,0.0,0.0,0.0,91.7,0.0,0,0.0,0,0,18-APR-2022,
OPTIDX,MIDCPNIFTY,19-Apr-2022,8400.0,CE,0.0,0.0,0.0,84.35,0.0,0,0.0,0,0,18-APR-2022,
OPTIDX,MIDCPNIFTY,19-Apr-2022,8450.0,CE,0.0,0.0,0.0,77.55,0.0,0,0.0,0,0,18-APR-2022,
OPTIDX,MIDCPNIFTY,19-Apr-2022,8500.0,CE,0.0,0.0,0.0,71.25,0.0,0,0.0,0,0,18-APR-2022,
OPTIDX,MIDCPNIFTY,19-Apr-2022,8550.0,CE,0.0,0.0,0.0,65.35,0.0,0,0.0,0,0,18-APR-2022,
OPTIDX,MIDCPNIFTY,19-Apr-2022,8600.0,CE,0.0,0.0,0.0,59.9,0.0,0,0.0,0,0,18-APR-2022,
OPTIDX,MIDCPNIFTY,19-Apr-2022,8650.0,CE,0.0,0.0,0.0,54.85,0.0,0,0.0,0,0,18-APR-2022,
OPTIDX,MIDCPNIFTY,19-Apr-2022,8700.0,CE,0.0,0.0,0.0,50.2,0.0,0,0.0,0,0,18-APR-2022,
OPTIDX,MIDCPNIFTY,19-Apr-2022,8750.0,CE,0.0,0.0,0.0,45.9,0.0,0,0.0,0,0,18-APR-2022,
OPTIDX,MIDCPNIFTY,19-Apr-2022,8800.0,CE,0.0,0.0,0.0,41.9,0.0,0,0.0,0,0,18-APR-2022,
OPTIDX,MIDCPNIFTY,19-Apr-2022,8850.0,CE,0.0,0.0,0.0,0.7,0.0,0,0.0,0,0,18-APR-2022,
OPTIDX,MIDCPNIFTY,19-Apr-2022,8900.0,CE,0.0,0.0,0.0,0.55,0.0,0,0.0,0,0,18-APR-2022,
OPTIDX,MIDCPNIFTY,19-Apr-2022,8950.0,CE,0.0,0.0,0.0,0.55,0.0,0,0.0,0,0,18-APR-2022,
OPTIDX,MIDCPNIFTY,19-Apr-2022,9000.0,CE,0.0,0.0,0.0,0.45,0.0,0,0.0,0,0,18-APR-2022,
OPTIDX,MIDCPNIFTY,19-Apr-2022,9050.0,CE,0.0,0.0,0.0,0.5,0.0,0,0.0,0,0,18-APR-2022,
OPTIDX,MIDCPNIFTY,19-Apr-2022,9100.0,CE,0.0,0.0,0.0,0.35,0.0,0,0.0,0,0,18-APR-2022,
OPTIDX,MIDCPNIFTY,19-Apr-2022,9150.0,CE,0.0,0.0,0.0,0.2,0.0,0,0.0,0,0,18-APR-2022,
OPTIDX,MIDCPNIFTY,19-Apr-2022,5100.0,PE,0.0,0.0,0.0,2.4,0.0,0,0.0,0,0,18-APR-2022,
OPTIDX,MIDCPNIFTY,19-Apr-2022,5150.0,PE,0.0,0.0,0.0,3.7,0.0,0,0.0,0,0,18-APR-2022,
OPTIDX,MIDCPNIFTY,19-Apr-2022,5200.0,PE,0.0,0.0,0.0,4.65,0.0,0,0.0,0,0,18-APR-2022,
OPTIDX,MIDCPNIFTY,19-Apr-2022,5250.0,PE,0.0,0.0,0.0,5.75,0.0,0,0.0,0,0,18-APR-2022,
OPTIDX,MIDCPNIFTY,19-Apr-2022,5300.0,PE,0.0,0.0,0.0,7.15,0.0,0,0.0,0,0,18-APR-2022,
OPTIDX,MIDCPNIFTY,19-Apr-2022,5350.0,PE,0.0,0.0,0.0,8.75,0.0,0,0.0,0,0,18-APR-2022,
OPTIDX,MIDCPNIFTY,19-Apr-2022,5400.0,PE,0.0,0.0,0.0,10.7,0.0,0,0.0,0,0,18-APR-2022,
OPTIDX,MIDCPNIFTY,19-Apr-2022,5450.0,PE,0.0,0.0,0.0,13.0,0.0,0,0.0,0,0,18-APR-2022,
OPTIDX,MIDCPNIFTY,19-Apr-2022,5500.0,PE,0.0,0.0,0.0,15.65,0.0,0,0.0,0,0,18-APR-2022,
OPTIDX,MIDCPNIFTY,19-Apr-2022,5550.0,PE,0.0,0.0,0.0,18.75,0.0,0,0.0,0,0,18-APR-2022,
OPTIDX,MIDCPNIFTY,19-Apr-2022,5600.0,PE,0.0,0.0,0.0,7.45,0.0,0,0.0,0,0,18-APR-2022,
OPTIDX,MIDCPNIFTY,19-Apr-2022,5650.0,PE,0.0,0.0,0.0,8.05,0.0,0,0.0,0,0,18-APR-2022,
OPTIDX,MIDCPNIFTY,19-Apr-2022,5700.0,PE,0.0,0.0,0.0,8.6,0.0,0,0.0,0,0,18-APR-2022,
OPTIDX,MIDCPNIFTY,19-Apr-2022,5750.0,PE,0.0,0.0,0.0,10.35,0.0,0,0.0,0,0,18-APR-2022,
OPTIDX,MIDCPNIFTY,19-Apr-2022,5800.0,PE,0.0,0.0,0.0,11.5,0.0,0,0.0,0,0,18-APR-2022,
OPTIDX,MIDCPNIFTY,19-Apr-2022,5850.0,PE,0.0,0.0,0.0,13.65,0.0,0,0.0,0,0,18-APR-2022,
OPTIDX,MIDCPNIFTY,19-Apr-2022,5900.0,PE,0.0,0.0,0.0,16.05,0.0,0,0.0,0,0,18-APR-2022,
OPTIDX,MIDCPNIFTY,19-Apr-2022,5950.0,PE,0.0,0.0,0.0,18.8,0.0,0,0.0,0,0,18-APR-2022,
OPTIDX,MIDCPNIFTY,19-Apr-2022,6000.0,PE,0.0,0.0,0.0,21.95,0.0,0,0.0,0,0,18-APR-2022,
OPTIDX,MIDCPNIFTY,19-Apr-2022,6050.0,PE,0.0,0.0,0.0,25.5,0.0,0,0.0,0,0,18-APR-2022,
OPTIDX,MIDCPNIFTY,19-Apr-2022,6100.0,PE,0.0,0.0,0.0,29.5,0.0,0,0.0,0,0,18-APR-2022,
OPTIDX,MIDCPNIFTY,19-Apr-2022,6150.0,PE,0.0,0.0,0.0,34.0,0.0,0,0.0,0,0,18-APR-2022,
OPTIDX,MIDCPNIFTY,19-Apr-2022,6200.0,PE,0.0,0.0,0.0,39.0,0.0,0,0.0,0,0,18-APR-2022,
OPTIDX,MIDCPNIFTY,19-Apr-2022,6250.0,PE,0.0,0.0,0.0,44.55,0.0,0,0.0,0,0,18-APR-2022,
OPTIDX,MIDCPNIFTY,19-Apr-2022,6300.0,PE,0.0,0.0,0.0,50.7,0.0,0,0.0,0,0,18-APR-2022,
OPTIDX,MIDCPNIFTY,19-Apr-2022,6350.0,PE,0.0,0.0,0.0,57.5,0.0,0,0.0,0,0,18-APR-2022,
OPTIDX,MIDCPNIFTY,19-Apr-2022,6400.0,PE,0.0,0.0,0.0,65.0,0.0,0,0.0,0,0,18-APR-2022,
OPTIDX,MIDCPNIFTY,19-Apr-2022,6450.0,PE,0.0,0.0,0.0,73.15,0.0,0,0.0,0,0,18-APR-2022,
OPTIDX,MIDCPNIFTY,19-Apr-2022,6500.0,PE,0.0,0.0,0.0,82.1,0.0,0,0.0,0,0,18-APR-2022,
OPTIDX,MIDCPNIFTY,19-Apr-2022,6550.0,PE,0.0,0.0,0.0,91.8,0.0,0,0.0,0,0,18-APR-2022,
OPTIDX,MIDCPNIFTY,19-Apr-2022,6600.0,PE,0.0,0.0,0.0,102.3,0.0,0,0.0,0,0,18-APR-2022,
OPTIDX,MIDCPNIFTY,19-Apr-2022,6650.0,PE,0.0,0.0,0.0,113.7,0.0,0,0.0,0,0,18-APR-2022,
OPTIDX,MIDCPNIFTY,19-Apr-2022,6700.0,PE,0.0,0.0,0.0,126.2,0.0,0,0.0,0,0,18-APR-2022,
OPTIDX,MIDCPNIFTY,19-Apr-2022,6750.0,PE,0.0,0.0,0.0,139.3,0.0,0,0.0,0,0,18-APR-2022,
OPTIDX,MIDCPNIFTY,19-Apr-2022,6800.0,PE,0.0,0.0,0.0,153.35,0.0,0,0.0,0,0,18-APR-2022,
OPTIDX,MIDCPNIFTY,19-Apr-2022,6850.0,PE,0.0,0.0,0.0,168.1,0.0,0,0.0,0,0,18-APR-2022,
OPTIDX,MIDCPNIFTY,19-Apr-2022,6900.0,PE,0.0,0.0,0.0,184.15,0.0,0,0.0,0,0,18-APR-2022,
OPTIDX,MIDCPNIFTY,19-Apr-2022,6950.0,PE,0.0,0.0,0.0,201.2,0.0,0,0.0,0,0,18-APR-2022,
OPTIDX,MIDCPNIFTY,19-Apr-2022,7000.0,PE,0.0,0.0,0.0,219.25,0.05,0,0.0,0,0,18-APR-2022,
OPTIDX,MIDCPNIFTY,19-Apr-2022,7050.0,PE,0.0,0.0,0.0,238.35,0.15,0,0.0,0,0,18-APR-2022,
OPTIDX,MIDCPNIFTY,19-Apr-2022,7100.0,PE,0.0,0.0,0.0,258.45,0.45,0,0.0,0,0,18-APR-2022,
OPTIDX,MIDCPNIFTY,19-Apr-2022,7150.0,PE,0.0,0.0,0.0,279.65,1.4,0,0.0,0,0,18-APR-2022,
OPTIDX,MIDCPNIFTY,19-Apr-2022,7200.0,PE,0.0,0.0,0.0,301.85,3.9,0,0.0,0,0,18-APR-2022,
OPTIDX,MIDCPNIFTY,19-Apr-2022,7250.0,PE,0.0,0.0,0.0,325.1,9.35,0,0.0,0,0,18-APR-2022,
OPTIDX,MIDCPNIFTY,19-Apr-2022,7300.0,PE,0.0,0.0,0.0,349.35,19.55,0,0.0,0,0,18-APR-2022,
OPTIDX,MIDCPNIFTY,19-Apr-2022,7350.0,PE,0.0,0.0,0.0,374.65,36.55,0,0.0,0,0,18-APR-2022,
OPTIDX,MIDCPNIFTY,19-Apr-2022,7400.0,PE,0.0,0.0,0.0,401.0,61.35,0,0.0,0,0,18-APR-2022,
OPTIDX,MIDCPNIFTY,19-Apr-2022,7450.0,PE,0.0,0.0,0.0,428.4,94.1,0,0.0,0,0,18-APR-2022,
OPTIDX,MIDCPNIFTY,19-Apr-2022,7500.0,PE,0.0,0.0,0.0,456.75,133.5,0,0.0,0,0,18-APR-2022,
OPTIDX,MIDCPNIFTY,19-Apr-2022,7550.0,PE,0.0,0.0,0.0,486.1,177.75,0,0.0,0,0,18-APR-2022,
OPTIDX,MIDCPNIFTY,19-Apr-2022,7600.0,PE,0.0,0.0,0.0,516.45,224.95,0,0.0,0,0,18-APR-2022,
OPTIDX,MIDCPNIFTY,19-Apr-2022,7650.0,PE,0.0,0.0,0.0,547.7,273.8,0,0.0,0,0,18-APR-2022,
OPTIDX,MIDCPNIFTY,19-Apr-2022,7700.0,PE,0.0,0.0,0.0,579.9,323.35,0,0.0,0,0,18-APR-2022,
OPTIDX,MIDCPNIFTY,19-Apr-2022,7750.0,PE,0.0,0.0,0.0,613.0,373.2,0,0.0,0,0,18-APR-2022,
OPTIDX,MIDCPNIFTY,19-Apr-2022,7800.0,PE,0.0,0.0,0.0,647.0,423.15,0,0.0,0,0,18-APR-2022,
OPTIDX,MIDCPNIFTY,19-Apr-2022,7850.0,PE,0.0,0.0,0.0,681.85,473.15,0,0.0,0,0,18-APR-2022,
OPTIDX,MIDCPNIFTY,19-Apr-2022,7900.0,PE,0.0,0.0,0.0,717.5,523.15,0,0.0,0,0,18-APR-2022,
OPTIDX,MIDCPNIFTY,19-Apr-2022,7950.0,PE,0.0,0.0,0.0,754.0,573.1,0,0.0,0,0,18-APR-2022,
OPTIDX,MIDCPNIFTY,19-Apr-2022,8000.0,PE,0.0,0.0,0.0,791.55,623.1,0,0.0,0,0,18-APR-2022,
OPTIDX,MIDCPNIFTY,19-Apr-2022,8050.0,PE,0.0,0.0,0.0,829.6,673.1,0,0.0,0,0,18-APR-2022,
OPTIDX,MIDCPNIFTY,19-Apr-2022,8100.0,PE,0.0,0.0,0.0,868.35,723.1,0,0.0,0,0,18-APR-2022,
OPTIDX,MIDCPNIFTY,19-Apr-2022,8150.0,PE,0.0,0.0,0.0,907.45,773.1,0,0.0,0,0,18-APR-2022,
OPTIDX,MIDCPNIFTY,19-Apr-2022,8200.0,PE,0.0,0.0,0.0,947.45,823.1,0,0.0,0,0,18-APR-2022,
OPTIDX,MIDCPNIFTY,19-Apr-2022,8250.0,PE,0.0,0.0,0.0,988.1,873.1,0,0.0,0,0,18-APR-2022,
OPTIDX,MIDCPNIFTY,19-Apr-2022,8300.0,PE,0.0,0.0,0.0,1029.35,923.1,0,0.0,0,0,18-APR-2022,
OPTIDX,MIDCPNIFTY,19-Apr-2022,8350.0,PE,0.0,0.0,0.0,1071.1,973.1,0,0.0,0,0,18-APR-2022,
OPTIDX,MIDCPNIFTY,19-Apr-2022,8400.0,PE,0.0,0.0,0.0,1113.45,1023.05,0,0.0,0,0,18-APR-2022,
OPTIDX,MIDCPNIFTY,19-Apr-2022,8450.0,PE,0.0,0.0,0.0,1156.3,1073.05,0,0.0,0,0,18-APR-2022,
OPTIDX,MIDCPNIFTY,19-Apr-2022,8500.0,PE,0.0,0.0,0.0,1199.6,1123.05,0,0.0,0,0,18-APR-2022,
OPTIDX,MIDCPNIFTY,19-Apr-2022,8550.0,PE,0.0,0.0,0.0,1243.35,1173.05,0,0.0,0,0,18-APR-2022,
OPTIDX,MIDCPNIFTY,19-Apr-2022,8600.0,PE,0.0,0.0,0.0,1287.55,1223.05,0,0.0,0,0,18-APR-2022,
OPTIDX,MIDCPNIFTY,19-Apr-2022,8650.0,PE,0.0,0.0,0.0,1332.15,1273.05,0,0.0,0,0,18-APR-2022,
OPTIDX,MIDCPNIFTY,19-Apr-2022,8700.0,PE,0.0,0.0,0.0,1377.1,1323.05,0,0.0,0,0,18-APR-2022,
OPTIDX,MIDCPNIFTY,19-Apr-2022,8750.0,PE,0.0,0.0,0.0,1422.45,1373.05,0,0.0,0,0,18-APR-2022,
OPTIDX,MIDCPNIFTY,19-Apr-2022,8800.0,PE,0.0,0.0,0.0,1468.1,1423.05,0,0.0,0,0,18-APR-2022,
OPTIDX,MIDCPNIFTY,19-Apr-2022,8850.0,PE,0.0,0.0,0.0,1438.55,1473.0,0,0.0,0,0,18-APR-2022,
OPTIDX,MIDCPNIFTY,19-Apr-2022,8900.0,PE,0.0,0.0,0.0,1488.3,1523.0,0,0.0,0,0,18-APR-2022,
OPTIDX,MIDCPNIFTY,19-Apr-2022,8950.0,PE,0.0,0.0,0.0,1444.15,1573.0,0,0.0,0,0,18-APR-2022,
OPTIDX,MIDCPNIFTY,19-Apr-2022,9000.0,PE,0.0,0.0,0.0,1493.95,1623.0,0,0.0,0,0,18-APR-2022,
OPTIDX,MIDCPNIFTY,19-Apr-2022,9050.0,PE,0.0,0.0,0.0,1436.8,1673.0,0,0.0,0,0,18-APR-2022,
OPTIDX,MIDCPNIFTY,19-Apr-2022,9100.0,PE,0.0,0.0,0.0,1486.6,1723.0,0,0.0,0,0,18-APR-2022,
OPTIDX,MIDCPNIFTY,19-Apr-2022,9150.0,PE,0.0,0.0,0.0,1509.3,1773.0,0,0.0,0,0,18-APR-2022,
OPTIDX,MIDCPNIFTY,26-Apr-2022,5100.0,CE,0.0,0.0,0.0,1509.15,2280.6,0,0.0,0,0,18-APR-2022,
OPTIDX,MIDCPNIFTY,26-Apr-2022,5150.0,CE,0.0,0.0,0.0,1551.95,2230.65,0,0.0,0,0,18-APR-2022,
OPTIDX,MIDCPNIFTY,26-Apr-2022,5200.0,CE,0.0,0.0,0.0,1503.55,2180.7,0,0.0,0,0,18-APR-2022,
OPTIDX,MIDCPNIFTY,26-Apr-2022,5250.0,CE,0.0,0.0,0.0,1455.4,2130.75,0,0.0,0,0,18-APR-2022,
OPTIDX,MIDCPNIFTY,26-Apr-2022,5300.0,CE,0.0,0.0,0.0,1407.55,2080.8,0,0.0,0,0,18-APR-2022,
OPTIDX,MIDCPNIFTY,26-Apr-2022,5350.0,CE,0.0,0.0,0.0,1359.95,2030.85,0,0.0,0,0,18-APR-2022,
OPTIDX,MIDCPNIFTY,26-Apr-2022,5400.0,CE,0.0,0.0,0.0,1312.7,1980.9,0,0.0,0,0,18-APR-2022,
OPTIDX,MIDCPNIFTY,26-Apr-2022,5450.0,CE,0.0,0.0,0.0,1265.9,1930.95,0,0.0,0,0,18-APR-2022,
OPTIDX,MIDCPNIFTY,26-Apr-2022,5500.0,CE,0.0,0.0,0.0,1219.45,1880.95,0,0.0,0,0,18-APR-2022,
OPTIDX,MIDCPNIFTY,26-Apr-2022,5550.0,CE,0.0,0.0,0.0,1554.35,1831.0,0,0.0,0,0,18-APR-2022,
OPTIDX,MIDCPNIFTY,26-Apr-2022,5600.0,CE,0.0,0.0,0.0,1507.0,1781.05,0,0.0,0,0,18-APR-2022,
OPTIDX,MIDCPNIFTY,26-Apr-2022,5650.0,CE,0.0,0.0,0.0,1459.9,1731.1,0,0.0,0,0,18-APR-2022,
OPTIDX,MIDCPNIFTY,26-Apr-2022,5700.0,CE,0.0,0.0,0.0,1413.2,1681.15,0,0.0,0,0,18-APR-2022,
OPTIDX,MIDCPNIFTY,26-Apr-2022,5750.0,CE,0.0,0.0,0.0,1366.9,1631.2,0,0.0,0,0,18-APR-2022,
OPTIDX,MIDCPNIFTY,26-Apr-2022,5800.0,CE,0.0,0.0,0.0,1321.0,1581.25,0,0.0,0,0,18-APR-2022,
OPTIDX,MIDCPNIFTY,26-Apr-2022,5850.0,CE,0.0,0.0,0.0,1601.35,1531.3,0,0.0,0,0,18-APR-2022,
OPTIDX,MIDCPNIFTY,26-Apr-2022,5900.0,CE,0.0,0.0,0.0,1555.65,1481.35,0,0.0,0,0,18-APR-2022,
OPTIDX,MIDCPNIFTY,26-Apr-2022,5950.0,CE,0.0,0.0,0.0,1510.35,1431.4,0,0.0,0,0,18-APR-2022,
OPTIDX,MIDCPNIFTY,26-Apr-2022,6000.0,CE,0.0,0.0,0.0,1465.5,1381.4,0,0.0,0,0,18-APR-2022,
OPTIDX,MIDCPNIFTY,26-Apr-2022,6050.0,CE,0.0,0.0,0.0,1421.05,1331.45,0,0.0,0,0,18-APR-2022,
OPTIDX,MIDCPNIFTY,26-Apr-2022,6100.0,CE,0.0,0.0,0.0,1377.1,1281.5,0,0.0,0,0,18-APR-2022,
OPTIDX,MIDCPNIFTY,26-Apr-2022,6150.0,CE,0.0,0.0,0.0,1333.65,1231.55,0,0.0,0,0,18-APR-2022,
OPTIDX,MIDCPNIFTY,26-Apr-2022,6200.0,CE,0.0,0.0,0.0,1290.75,1181.6,0,0.0,0,0,18-APR-2022,
OPTIDX,MIDCPNIFTY,26-Apr-2022,6250.0,CE,0.0,0.0,0.0,1248.45,1131.65,0,0.0,0,0,18-APR-2022,
OPTIDX,MIDCPNIFTY,26-Apr-2022,6300.0,CE,0.0,0.0,0.0,1206.7,1081.7,0,0.0,0,0,18-APR-2022,
OPTIDX,MIDCPNIFTY,26-Apr-2022,6350.0,CE,0.0,0.0,0.0,1165.55,1031.8,0,0.0,0,0,18-APR-2022,
OPTIDX,MIDCPNIFTY,26-Apr-2022,6400.0,CE,0.0,0.0,0.0,1125.05,981.9,0,0.0,0,0,18-APR-2022,
OPTIDX,MIDCPNIFTY,26-Apr-2022,6450.0,CE,0.0,0.0,0.0,1085.2,932.0,0,0.0,0,0,18-APR-2022,
OPTIDX,MIDCPNIFTY,26-Apr-2022,6500.0,CE,0.0,0.0,0.0,1046.05,882.2,0,0.0,0,0,18-APR-2022,
OPTIDX,MIDCPNIFTY,26-Apr-2022,6550.0,CE,0.0,0.0,0.0,1007.65,832.5,0,0.0,0,0,18-APR-2022,
OPTIDX,MIDCPNIFTY,26-Apr-2022,6600.0,CE,0.0,0.0,0.0,969.9,782.9,0,0.0,0,0,18-APR-2022,
OPTIDX,MIDCPNIFTY,26-Apr-2022,6650.0,CE,0.0,0.0,0.0,933.2,733.5,0,0.0,0,0,18-APR-2022,
OPTIDX,MIDCPNIFTY,26-Apr-2022,6700.0,CE,0.0,0.0,0.0,897.0,684.4,0,0.0,0,0,18-APR-2022,
OPTIDX,MIDCPNIFTY,26-Apr-2022,6750.0,CE,0.0,0.0,0.0,861.55,635.7,0,0.0,0,0,18-APR-2022,
OPTIDX,MIDCPNIFTY,26-Apr-2022,6800.0,CE,0.0,0.0,0.0,826.65,587.5,0,0.0,0,0,18-APR-2022,
OPTIDX,MIDCPNIFTY,26-Apr-2022,6850.0,CE,0.0,0.0,0.0,792.9,540.05,0,0.0,0,0,18-APR-2022,
OPTIDX,MIDCPNIFTY,26-Apr-2022,6900.0,CE,0.0,0.0,0.0,759.95,493.5,0,0.0,0,0,18-APR-2022,
OPTIDX,MIDCPNIFTY,26-Apr-2022,6950.0,CE,0.0,0.0,0.0,727.9,448.05,0,0.0,0,0,18-APR-2022,
OPTIDX,MIDCPNIFTY,26-Apr-2022,7000.0,CE,0.0,0.0,0.0,696.65,404.0,0,0.0,0,0,18-APR-2022,
OPTIDX,MIDCPNIFTY,26-Apr-2022,7050.0,CE,0.0,0.0,0.0,666.3,361.6,0,0.0,0,0,18-APR-2022,
OPTIDX,MIDCPNIFTY,26-Apr-2022,7100.0,CE,0.0,0.0,0.0,636.8,321.05,0,0.0,0,0,18-APR-2022,
OPTIDX,MIDCPNIFTY,26-Apr-2022,7150.0,CE,0.0,0.0,0.0,608.15,282.95,0,0.0,0,0,18-APR-2022,
OPTIDX,MIDCPNIFTY,26-Apr-2022,7200.0,CE,0.0,0.0,0.0,580.4,246.65,0,0.0,0,0,18-APR-2022,
OPTIDX,MIDCPNIFTY,26-Apr-2022,7250.0,CE,0.0,0.0,0.0,553.5,213.25,0,0.0,0,0,18-APR-2022,
OPTIDX,MIDCPNIFTY,26-Apr-2022,7300.0,CE,0.0,0.0,0.0,527.45,182.6,0,0.0,0,0,18-APR-2022,
OPTIDX,MIDCPNIFTY,26-Apr-2022,7350.0,CE,0.0,0.0,0.0,502.25,154.75,0,0.0,0,0,18-APR-2022,
OPTIDX,MIDCPNIFTY,26-Apr-2022,7400.0,CE,0.0,0.0,0.0,477.95,129.75,0,0.0,0,0,18-APR-2022,
OPTIDX,MIDCPNIFTY,26-Apr-2022,7450.0,CE,0.0,0.0,0.0,454.5,107.7,0,0.0,0,0,18-APR-2022,
OPTIDX,MIDCPNIFTY,26-Apr-2022,7500.0,CE,0.0,0.0,0.0,431.9,88.35,0,0.0,0,0,18-APR-2022,
OPTIDX,MIDCPNIFTY,26-Apr-2022,7550.0,CE,0.0,0.0,0.0,410.1,71.7,0,0.0,0,0,18-APR-2022,
OPTIDX,MIDCPNIFTY,26-Apr-2022,7600.0,CE,0.0,0.0,0.0,389.15,57.5,0,0.0,0,0,18-APR-2022,
OPTIDX,MIDCPNIFTY,26-Apr-2022,7650.0,CE,0.0,0.0,0.0,369.0,45.65,0,0.0,0,0,18-APR-2022,
OPTIDX,MIDCPNIFTY,26-Apr-2022,7700.0,CE,0.0,0.0,0.0,349.65,35.8,0,0.0,0,0,18-APR-2022,
OPTIDX,MIDCPNIFTY,26-Apr-2022,7750.0,CE,0.0,0.0,0.0,331.1,27.75,0,0.0,0,0,18-APR-2022,
OPTIDX,MIDCPNIFTY,26-Apr-2022,7800.0,CE,0.0,0.0,0.0,313.3,21.25,0,0.0,0,0,18-APR-2022,
OPTIDX,MIDCPNIFTY,26-Apr-2022,7850.0,CE,0.0,0.0,0.0,296.25,16.05,0,0.0,0,0,18-APR-2022,
OPTIDX,MIDCPNIFTY,26-Apr-2022,7900.0,CE,0.0,0.0,0.0,279.95,12.0,0,0.0,0,0,18-APR-2022,
OPTIDX,MIDCPNIFTY,26-Apr-2022,7950.0,CE,0.0,0.0,0.0,264.35,8.85,0,0.0,0,0,18-APR-2022,
OPTIDX,MIDCPNIFTY,26-Apr-2022,8000.0,CE,0.0,0.0,0.0,249.5,6.45,0,0.0,0,0,18-APR-2022,
OPTIDX,MIDCPNIFTY,26-Apr-2022,8050.0,CE,0.0,0.0,0.0,235.3,4.65,0,0.0,0,0,18-APR-2022,
OPTIDX,MIDCPNIFTY,26-Apr-2022,8100.0,CE,0.0,0.0,0.0,221.75,3.3,0,0.0,0,0,18-APR-2022,
OPTIDX,MIDCPNIFTY,26-Apr-2022,8150.0,CE,0.0,0.0,0.0,208.85,2.35,0,0.0,0,0,18-APR-2022,
OPTIDX,MIDCPNIFTY,26-Apr-2022,8200.0,CE,0.0,0.0,0.0,196.95,1.65,0,0.0,0,0,18-APR-2022,
OPTIDX,MIDCPNIFTY,26-Apr-2022,8250.0,CE,0.0,0.0,0.0,185.3,1.1,0,0.0,0,0,18-APR-2022,
OPTIDX,MIDCPNIFTY,26-Apr-2022,8300.0,CE,0.0,0.0,0.0,174.25,0.75,0,0.0,0,0,18-APR-2022,
OPTIDX,MIDCPNIFTY,26-Apr-2022,8350.0,CE,0.0,0.0,0.0,163.8,0.5,0,0.0,0,0,18-APR-2022,
OPTIDX,MIDCPNIFTY,26-Apr-2022,8400.0,CE,0.0,0.0,0.0,153.5,0.35,0,0.0,0,0,18-APR-2022,
OPTIDX,MIDCPNIFTY,26-Apr-2022,8450.0,CE,0.0,0.0,0.0,144.05,0.25,0,0.0,0,0,18-APR-2022,
OPTIDX,MIDCPNIFTY,26-Apr-2022,8500.0,CE,0.0,0.0,0.0,135.05,0.15,0,0.0,0,0,18-APR-2022,
OPTIDX,MIDCPNIFTY,26-Apr-2022,8550.0,CE,0.0,0.0,0.0,126.6,0.1,0,0.0,0,0,18-APR-2022,
OPTIDX,MIDCPNIFTY,26-Apr-2022,8600.0,CE,0.0,0.0,0.0,118.55,0.1,0,0.0,0,0,18-APR-2022,
OPTIDX,MIDCPNIFTY,26-Apr-2022,8650.0,CE,0.0,0.0,0.0,111.0,0.05,0,0.0,0,0,18-APR-2022,
OPTIDX,MIDCPNIFTY,26-Apr-2022,8700.0,CE,0.0,0.0,0.0,103.85,0.05,0,0.0,0,0,18-APR-2022,
OPTIDX,MIDCPNIFTY,26-Apr-2022,8750.0,CE,0.0,0.0,0.0,97.1,0.05,0,0.0,0,0,18-APR-2022,
OPTIDX,MIDCPNIFTY,26-Apr-2022,8800.0,CE,0.0,0.0,0.0,90.7,0.05,0,0.0,0,0,18-APR-2022,
OPTIDX,MIDCPNIFTY,26-Apr-2022,8850.0,CE,0.0,0.0,0.0,84.7,0.0,0,0.0,0,0,18-APR-2022,
OPTIDX,MIDCPNIFTY,26-Apr-2022,8900.0,CE,0.0,0.0,0.0,78.85,0.0,0,0.0,0,0,18-APR-2022,
OPTIDX,MIDCPNIFTY,26-Apr-2022,8950.0,CE,0.0,0.0,0.0,86.3,0.0,0,0.0,0,0,18-APR-2022,
OPTIDX,MIDCPNIFTY,26-Apr-2022,9000.0,CE,0.0,0.0,0.0,80.45,0.0,0,0.0,0,0,18-APR-2022,
OPTIDX,MIDCPNIFTY,26-Apr-2022,9050.0,CE,0.0,0.0,0.0,85.5,0.0,0,0.0,0,0,18-APR-2022,
OPTIDX,MIDCPNIFTY,26-Apr-2022,9100.0,CE,0.0,0.0,0.0,79.7,0.0,0,0.0,0,0,18-APR-2022,
OPTIDX,MIDCPNIFTY,26-Apr-2022,9150.0,CE,0.0,0.0,0.0,85.5,0.0,0,0.0,0,0,18-APR-2022,
OPTIDX,MIDCPNIFTY,26-Apr-2022,9200.0,CE,0.0,0.0,0.0,79.75,0.0,0,0.0,0,0,18-APR-2022,
OPTIDX,MIDCPNIFTY,26-Apr-2022,5100.0,PE,1.0,1.0,1.0,1.0,0.0,2,7.65,0,0,18-APR-2022,
OPTIDX,MIDCPNIFTY,26-Apr-2022,5150.0,PE,0.0,0.0,0.0,5.5,0.0,0,0.0,0,0,18-APR-2022,
OPTIDX,MIDCPNIFTY,26-Apr-2022,5200.0,PE,0.0,0.0,0.0,6.75,0.0,0,0.0,0,0,18-APR-2022,
OPTIDX,MIDCPNIFTY,26-Apr-2022,5250.0,PE,0.0,0.0,0.0,8.25,0.0,0,0.0,0,0,18-APR-2022,
OPTIDX,MIDCPNIFTY,26-Apr-2022,5300.0,PE,0.0,0.0,0.0,10.05,0.0,0,0.0,0,0,18-APR-2022,
OPTIDX,MIDCPNIFTY,26-Apr-2022,5350.0,PE,0.0,0.0,0.0,12.1,0.0,0,0.0,0,0,18-APR-2022,
OPTIDX,MIDCPNIFTY,26-Apr-2022,5400.0,PE,0.0,0.0,0.0,14.5,0.0,0,0.0,0,0,18-APR-2022,
OPTIDX,MIDCPNIFTY,26-Apr-2022,5450.0,PE,0.0,0.0,0.0,17.3,0.0,0,0.0,0,0,18-APR-2022,
OPTIDX,MIDCPNIFTY,26-Apr-2022,5500.0,PE,0.0,0.0,0.0,20.55,0.0,0,0.0,0,0,18-APR-2022,
OPTIDX,MIDCPNIFTY,26-Apr-2022,5550.0,PE,0.0,0.0,0.0,12.1,0.0,0,0.0,0,0,18-APR-2022,
OPTIDX,MIDCPNIFTY,26-Apr-2022,5600.0,PE,0.0,0.0,0.0,14.3,0.0,0,0.0,0,0,18-APR-2022,
OPTIDX,MIDCPNIFTY,26-Apr-2022,5650.0,PE,0.0,0.0,0.0,16.85,0.0,0,0.0,0,0,18-APR-2022,
OPTIDX,MIDCPNIFTY,26-Apr-2022,5700.0,PE,0.0,0.0,0.0,19.7,0.0,0,0.0,0,0,18-APR-2022,
OPTIDX,MIDCPNIFTY,26-Apr-2022,5750.0,PE,0.0,0.0,0.0,23.0,0.0,0,0.0,0,0,18-APR-2022,
OPTIDX,MIDCPNIFTY,26-Apr-2022,5800.0,PE,0.0,0.0,0.0,26.7,0.0,0,0.0,0,0,18-APR-2022,
OPTIDX,MIDCPNIFTY,26-Apr-2022,5850.0,PE,0.0,0.0,0.0,27.55,0.0,0,0.0,0,0,18-APR-2022,
OPTIDX,MIDCPNIFTY,26-Apr-2022,5900.0,PE,0.0,0.0,0.0,31.35,0.0,0,0.0,0,0,18-APR-2022,
OPTIDX,MIDCPNIFTY,26-Apr-2022,5950.0,PE,0.0,0.0,0.0,35.5,0.0,0,0.0,0,0,18-APR-2022,
OPTIDX,MIDCPNIFTY,26-Apr-2022,6000.0,PE,0.0,0.0,0.0,40.1,0.0,0,0.0,0,0,18-APR-2022,
OPTIDX,MIDCPNIFTY,26-Apr-2022,6050.0,PE,0.0,0.0,0.0,45.2,0.0,0,0.0,0,0,18-APR-2022,
OPTIDX,MIDCPNIFTY,26-Apr-2022,6100.0,PE,0.0,0.0,0.0,50.7,0.0,0,0.0,0,0,18-APR-2022,
OPTIDX,MIDCPNIFTY,26-Apr-2022,6150.0,PE,0.0,0.0,0.0,56.75,0.0,0,0.0,0,0,18-APR-2022,
OPTIDX,MIDCPNIFTY,26-Apr-2022,6200.0,PE,0.0,0.0,0.0,63.35,0.05,0,0.0,0,0,18-APR-2022,
OPTIDX,MIDCPNIFTY,26-Apr-2022,6250.0,PE,0.0,0.0,0.0,70.5,0.05,0,0.0,0,0,18-APR-2022,
OPTIDX,MIDCPNIFTY,26-Apr-2022,6300.0,PE,0.0,0.0,0.0,78.2,0.05,0,0.0,0,0,18-APR-2022,
OPTIDX,MIDCPNIFTY,26-Apr-2022,6350.0,PE,0.0,0.0,0.0,86.55,0.1,0,0.0,0,0,18-APR-2022,
OPTIDX,MIDCPNIFTY,26-Apr-2022,6400.0,PE,0.0,0.0,0.0,95.55,0.15,0,0.0,0,0,18-APR-2022,
OPTIDX,MIDCPNIFTY,26-Apr-2022,6450.0,PE,0.0,0.0,0.0,105.2,0.2,0,0.0,0,0,18-APR-2022,
OPTIDX,MIDCPNIFTY,26-Apr-2022,6500.0,PE,0.0,0.0,0.0,115.55,0.35,0,0.0,0,0,18-APR-2022,
OPTIDX,MIDCPNIFTY,26-Apr-2022,6550.0,PE,0.0,0.0,0.0,126.6,0.6,0,0.0,0,0,18-APR-2022,
OPTIDX,MIDCPNIFTY,26-Apr-2022,6600.0,PE,0.0,0.0,0.0,138.35,0.95,0,0.0,0,0,18-APR-2022,
OPTIDX,MIDCPNIFTY,26-Apr-2022,6650.0,PE,0.0,0.0,0.0,151.15,1.5,0,0.0,0,0,18-APR-2022,
OPTIDX,MIDCPNIFTY,26-Apr-2022,6700.0,PE,0.0,0.0,0.0,164.4,2.35,0,0.0,0,0,18-APR-2022,
OPTIDX,MIDCPNIFTY,26-Apr-2022,6750.0,PE,0.0,0.0,0.0,178.45,3.6,0,0.0,0,0,18-APR-2022,
OPTIDX,MIDCPNIFTY,26-Apr-2022,6800.0,PE,0.0,0.0,0.0,193.0,5.4,0,0.0,0,0,18-APR-2022,
OPTIDX,MIDCPNIFTY,26-Apr-2022,6850.0,PE,0.0,0.0,0.0,208.75,7.9,0,0.0,0,0,18-APR-2022,
OPTIDX,MIDCPNIFTY,26-Apr-2022,6900.0,PE,0.0,0.0,0.0,225.3,11.3,0,0.0,0,0,18-APR-2022,
OPTIDX,MIDCPNIFTY,26-Apr-2022,6950.0,PE,0.0,0.0,0.0,242.7,15.8,0,0.0,0,0,18-APR-2022,
OPTIDX,MIDCPNIFTY,26-Apr-2022,7000.0,PE,0.0,0.0,0.0,261.0,21.7,0,0.0,0,0,18-APR-2022,
OPTIDX,MIDCPNIFTY,26-Apr-2022,7050.0,PE,0.0,0.0,0.0,280.1,29.25,0,0.0,0,0,18-APR-2022,
OPTIDX,MIDCPNIFTY,26-Apr-2022,7100.0,PE,0.0,0.0,0.0,300.1,38.65,0,0.0,0,0,18-APR-2022,
OPTIDX,MIDCPNIFTY,26-Apr-2022,7150.0,PE,0.0,0.0,0.0,320.95,50.55,0,0.0,0,0,18-APR-2022,
OPTIDX,MIDCPNIFTY,26-Apr-2022,7200.0,PE,0.0,0.0,0.0,342.65,64.15,0,0.0,0,0,18-APR-2022,
OPTIDX,MIDCPNIFTY,26-Apr-2022,7250.0,PE,0.0,0.0,0.0,365.25,80.7,0,0.0,0,0,18-APR-2022,
OPTIDX,MIDCPNIFTY,26-Apr-2022,7300.0,PE,0.0,0.0,0.0,388.7,100.0,0,0.0,0,0,18-APR-2022,
OPTIDX,MIDCPNIFTY,26-Apr-2022,7350.0,PE,0.0,0.0,0.0,412.95,122.15,0,0.0,0,0,18-APR-2022,
OPTIDX,MIDCPNIFTY,26-Apr-2022,7400.0,PE,0.0,0.0,0.0,438.15,147.1,0,0.0,0,0,18-APR-2022,
OPTIDX,MIDCPNIFTY,26-Apr-2022,7450.0,PE,0.0,0.0,0.0,464.15,174.95,0,0.0,0,0,18-APR-2022,
OPTIDX,MIDCPNIFTY,26-Apr-2022,7500.0,PE,0.0,0.0,0.0,491.05,205.6,0,0.0,0,0,18-APR-2022,
OPTIDX,MIDCPNIFTY,26-Apr-2022,7550.0,PE,0.0,0.0,0.0,518.75,238.9,0,0.0,0,0,18-APR-2022,
OPTIDX,MIDCPNIFTY,26-Apr-2022,7600.0,PE,0.0,0.0,0.0,547.25,274.65,0,0.0,0,0,18-APR-2022,
OPTIDX,MIDCPNIFTY,26-Apr-2022,7650.0,PE,0.0,0.0,0.0,576.6,312.8,0,0.0,0,0,18-APR-2022,
OPTIDX,MIDCPNIFTY,26-Apr-2022,7700.0,PE,0.0,0.0,0.0,606.75,352.85,0,0.0,0,0,18-APR-2022,
OPTIDX,MIDCPNIFTY,26-Apr-2022,7750.0,PE,0.0,0.0,0.0,637.65,394.75,0,0.0,0,0,18-APR-2022,
OPTIDX,MIDCPNIFTY,26-Apr-2022,7800.0,PE,0.0,0.0,0.0,669.35,438.2,0,0.0,0,0,18-APR-2022,
OPTIDX,MIDCPNIFTY,26-Apr-2022,7850.0,PE,0.0,0.0,0.0,701.8,483.0,0,0.0,0,0,18-APR-2022,
OPTIDX,MIDCPNIFTY,26-Apr-2022,7900.0,PE,0.0,0.0,0.0,734.95,528.9,0,0.0,0,0,18-APR-2022,
OPTIDX,MIDCPNIFTY,26-Apr-2022,7950.0,PE,0.0,0.0,0.0,768.85,575.7,0,0.0,0,0,18-APR-2022,
OPTIDX,MIDCPNIFTY,26-Apr-2022,8000.0,PE,0.0,0.0,0.0,803.45,623.25,0,0.0,0,0,18-APR-2022,
OPTIDX,MIDCPNIFTY,26-Apr-2022,8050.0,PE,0.0,0.0,0.0,838.75,671.4,0,0.0,0,0,18-APR-2022,
OPTIDX,MIDCPNIFTY,26-Apr-2022,8100.0,PE,0.0,0.0,0.0,874.7,720.0,0,0.0,0,0,18-APR-2022,
OPTIDX,MIDCPNIFTY,26-Apr-2022,8150.0,PE,0.0,0.0,0.0,911.25,769.0,0,0.0,0,0,18-APR-2022,
OPTIDX,MIDCPNIFTY,26-Apr-2022,8200.0,PE,0.0,0.0,0.0,948.85,818.25,0,0.0,0,0,18-APR-2022,
OPTIDX,MIDCPNIFTY,26-Apr-2022,8250.0,PE,0.0,0.0,0.0,986.7,867.7,0,0.0,0,0,18-APR-2022,
OPTIDX,MIDCPNIFTY,26-Apr-2022,8300.0,PE,0.0,0.0,0.0,1025.15,917.3,0,0.0,0,0,18-APR-2022,
OPTIDX,MIDCPNIFTY,26-Apr-2022,8350.0,PE,0.0,0.0,0.0,1064.15,967.0,0,0.0,0,0,18-APR-2022,
OPTIDX,MIDCPNIFTY,26-Apr-2022,8400.0,PE,0.0,0.0,0.0,1103.35,1016.8,0,0.0,0,0,18-APR-2022,
OPTIDX,MIDCPNIFTY,26-Apr-2022,8450.0,PE,0.0,0.0,0.0,1143.35,1066.65,0,0.0,0,0,18-APR-2022,
OPTIDX,MIDCPNIFTY,26-Apr-2022,8500.0,PE,0.0,0.0,0.0,1183.9,1116.5,0,0.0,0,0,18-APR-2022,
OPTIDX,MIDCPNIFTY,26-Apr-2022,8550.0,PE,0.0,0.0,0.0,1224.9,1166.4,0,0.0,0,0,18-APR-2022,
OPTIDX,MIDCPNIFTY,26-Apr-2022,8600.0,PE,0.0,0.0,0.0,1266.35,1216.35,0,0.0,0,0,18-APR-2022,
OPTIDX,MIDCPNIFTY,26-Apr-2022,8650.0,PE,0.0,0.0,0.0,1308.25,1266.25,0,0.0,0,0,18-APR-2022,
OPTIDX,MIDCPNIFTY,26-Apr-2022,8700.0,PE,0.0,0.0,0.0,1350.6,1316.2,0,0.0,0,0,18-APR-2022,
OPTIDX,MIDCPNIFTY,26-Apr-2022,8750.0,PE,0.0,0.0,0.0,1393.3,1366.15,0,0.0,0,0,18-APR-2022,
OPTIDX,MIDCPNIFTY,26-Apr-2022,8800.0,PE,0.0,0.0,0.0,1436.45,1416.1,0,0.0,0,0,18-APR-2022,
OPTIDX,MIDCPNIFTY,26-Apr-2022,8850.0,PE,0.0,0.0,0.0,1479.9,1466.05,0,0.0,0,0,18-APR-2022,
OPTIDX,MIDCPNIFTY,26-Apr-2022,8900.0,PE,0.0,0.0,0.0,1479.45,1516.0,0,0.0,0,0,18-APR-2022,
OPTIDX,MIDCPNIFTY,26-Apr-2022,8950.0,PE,0.0,0.0,0.0,1434.55,1565.95,0,0.0,0,0,18-APR-2022,
OPTIDX,MIDCPNIFTY,26-Apr-2022,9000.0,PE,0.0,0.0,0.0,1478.2,1615.9,0,0.0,0,0,18-APR-2022,
OPTIDX,MIDCPNIFTY,26-Apr-2022,9050.0,PE,0.0,0.0,0.0,1448.3,1665.85,0,0.0,0,0,18-APR-2022,
OPTIDX,MIDCPNIFTY,26-Apr-2022,9100.0,PE,0.0,0.0,0.0,1492.0,1715.85,0,0.0,0,0,18-APR-2022,
OPTIDX,MIDCPNIFTY,26-Apr-2022,9150.0,PE,0.0,0.0,0.0,1456.65,1765.8,0,0.0,0,0,18-APR-2022,
OPTIDX,MIDCPNIFTY,26-Apr-2022,9200.0,PE,0.0,0.0,0.0,1500.4,1815.75,0,0.0,0,0,18-APR-2022,
OPTIDX,MIDCPNIFTY,02-May-2022,5100.0,CE,0.0,0.0,0.0,1514.45,2284.05,0,0.0,0,0,18-APR-2022,
OPTIDX,MIDCPNIFTY,02-May-2022,5150.0,CE,0.0,0.0,0.0,1466.1,2234.15,0,0.0,0,0,18-APR-2022,
OPTIDX,MIDCPNIFTY,02-May-2022,5200.0,CE,0.0,0.0,0.0,1418.05,2184.2,0,0.0,0,0,18-APR-2022,
OPTIDX,MIDCPNIFTY,02-May-2022,5250.0,CE,0.0,0.0,0.0,1538.95,2134.3,0,0.0,0,0,18-APR-2022,
OPTIDX,MIDCPNIFTY,02-May-2022,5300.0,CE,0.0,0.0,0.0,1490.75,2084.35,0,0.0,0,0,18-APR-2022,
OPTIDX,MIDCPNIFTY,02-May-2022,5350.0,CE,0.0,0.0,0.0,1442.8,2034.45,0,0.0,0,0,18-APR-2022,
OPTIDX,MIDCPNIFTY,02-May-2022,5400.0,CE,0.0,0.0,0.0,1561.3,1984.55,0,0.0,0,0,18-APR-2022,
OPTIDX,MIDCPNIFTY,02-May-2022,5450.0,CE,0.0,0.0,0.0,1513.4,1934.6,0,0.0,0,0,18-APR-2022,
OPTIDX,MIDCPNIFTY,02-May-2022,5500.0,CE,0.0,0.0,0.0,1559.75,1884.7,0,0.0,0,0,18-APR-2022,
OPTIDX,MIDCPNIFTY,02-May-2022,5550.0,CE,0.0,0.0,0.0,1512.15,1834.75,0,0.0,0,0,18-APR-2022,
OPTIDX,MIDCPNIFTY,02-May-2022,5600.0,CE,0.0,0.0,0.0,1464.85,1784.85,0,0.0,0,0,18-APR-2022,
OPTIDX,MIDCPNIFTY,02-May-2022,5650.0,CE,0.0,0.0,0.0,1417.9,1734.9,0,0.0,0,0,18-APR-2022,
OPTIDX,MIDCPNIFTY,02-May-2022,5700.0,CE,0.0,0.0,0.0,1371.3,1685.0,0,0.0,0,0,18-APR-2022,
OPTIDX,MIDCPNIFTY,02-May-2022,5750.0,CE,0.0,0.0,0.0,1325.15,1635.1,0,0.0,0,0,18-APR-2022,
OPTIDX,MIDCPNIFTY,02-May-2022,5800.0,CE,0.0,0.0,0.0,1279.4,1585.15,0,0.0,0,0,18-APR-2022,
OPTIDX,MIDCPNIFTY,02-May-2022,5850.0,CE,0.0,0.0,0.0,1234.15,1535.25,0,0.0,0,0,18-APR-2022,
OPTIDX,MIDCPNIFTY,02-May-2022,5900.0,CE,0.0,0.0,0.0,1189.45,1485.35,0,0.0,0,0,18-APR-2022,
OPTIDX,MIDCPNIFTY,02-May-2022,5950.0,CE,0.0,0.0,0.0,1145.3,1435.4,0,0.0,0,0,18-APR-2022,
OPTIDX,MIDCPNIFTY,02-May-2022,6000.0,CE,0.0,0.0,0.0,1101.75,1385.5,0,0.0,0,0,18-APR-2022,
OPTIDX,MIDCPNIFTY,02-May-2022,6050.0,CE,0.0,0.0,0.0,1058.85,1335.6,0,0.0,0,0,18-APR-2022,
OPTIDX,MIDCPNIFTY,02-May-2022,6100.0,CE,0.0,0.0,0.0,1016.6,1285.75,0,0.0,0,0,18-APR-2022,
OPTIDX,MIDCPNIFTY,02-May-2022,6150.0,CE,0.0,0.0,0.0,975.1,1235.9,0,0.0,0,0,18-APR-2022,
OPTIDX,MIDCPNIFTY,02-May-2022,6200.0,CE,0.0,0.0,0.0,934.3,1186.1,0,0.0,0,0,18-APR-2022,
OPTIDX,MIDCPNIFTY,02-May-2022,6250.0,CE,0.0,0.0,0.0,894.35,1136.3,0,0.0,0,0,18-APR-2022,
OPTIDX,MIDCPNIFTY,02-May-2022,6300.0,CE,0.0,0.0,0.0,855.2,1086.65,0,0.0,0,0,18-APR-2022,
OPTIDX,MIDCPNIFTY,02-May-2022,6350.0,CE,0.0,0.0,0.0,816.9,1037.05,0,0.0,0,0,18-APR-2022,
OPTIDX,MIDCPNIFTY,02-May-2022,6400.0,CE,0.0,0.0,0.0,779.75,987.6,0,0.0,0,0,18-APR-2022,
OPTIDX,MIDCPNIFTY,02-May-2022,6450.0,CE,0.0,0.0,0.0,743.2,938.35,0,0.0,0,0,18-APR-2022,
OPTIDX,MIDCPNIFTY,02-May-2022,6500.0,CE,0.0,0.0,0.0,707.65,889.35,0,0.0,0,0,18-APR-2022,
OPTIDX,MIDCPNIFTY,02-May-2022,6550.0,CE,0.0,0.0,0.0,672.75,840.65,0,0.0,0,0,18-APR-2022,
OPTIDX,MIDCPNIFTY,02-May-2022,6600.0,CE,0.0,0.0,0.0,639.2,792.4,0,0.0,0,0,18-APR-2022,
OPTIDX,MIDCPNIFTY,02-May-2022,6650.0,CE,0.0,0.0,0.0,606.65,744.6,0,0.0,0,0,18-APR-2022,
OPTIDX,MIDCPNIFTY,02-May-2022,6700.0,CE,0.0,0.0,0.0,575.1,697.4,0,0.0,0,0,18-APR-2022,
OPTIDX,MIDCPNIFTY,02-May-2022,6750.0,CE,0.0,0.0,0.0,544.6,650.95,0,0.0,0,0,18-APR-2022,
OPTIDX,MIDCPNIFTY,02-May-2022,6800.0,CE,0.0,0.0,0.0,515.15,605.35,0,0.0,0,0,18-APR-2022,
OPTIDX,MIDCPNIFTY,02-May-2022,6850.0,CE,0.0,0.0,0.0,486.75,560.8,0,0.0,0,0,18-APR-2022,
OPTIDX,MIDCPNIFTY,02-May-2022,6900.0,CE,0.0,0.0,0.0,459.4,517.35,0,0.0,0,0,18-APR-2022,
OPTIDX,MIDCPNIFTY,02-May-2022,6950.0,CE,0.0,0.0,0.0,433.1,475.25,0,0.0,0,0,18-APR-2022,
OPTIDX,MIDCPNIFTY,02-May-2022,7000.0,CE,0.0,0.0,0.0,407.85,434.6,0,0.0,0,0,18-APR-2022,
OPTIDX,MIDCPNIFTY,02-May-2022,7050.0,CE,0.0,0.0,0.0,383.6,395.55,0,0.0,0,0,18-APR-2022,
OPTIDX,MIDCPNIFTY,02-May-2022,7100.0,CE,0.0,0.0,0.0,360.45,358.45,0,0.0,0,0,18-APR-2022,
OPTIDX,MIDCPNIFTY,02-May-2022,7150.0,CE,0.0,0.0,0.0,338.3,322.75,0,0.0,0,0,18-APR-2022,
OPTIDX,MIDCPNIFTY,02-May-2022,7200.0,CE,0.0,0.0,0.0,317.15,289.3,0,0.0,0,0,18-APR-2022,
OPTIDX,MIDCPNIFTY,02-May-2022,7250.0,CE,0.0,0.0,0.0,297.0,257.95,0,0.0,0,0,18-APR-2022,
OPTIDX,MIDCPNIFTY,02-May-2022,7300.0,CE,0.0,0.0,0.0,277.85,228.7,0,0.0,0,0,18-APR-2022,
OPTIDX,MIDCPNIFTY,02-May-2022,7350.0,CE,0.0,0.0,0.0,259.6,201.65,0,0.0,0,0,18-APR-2022,
OPTIDX,MIDCPNIFTY,02-May-2022,7400.0,CE,0.0,0.0,0.0,242.3,176.7,0,0.0,0,0,18-APR-2022,
OPTIDX,MIDCPNIFTY,02-May-2022,7450.0,CE,0.0,0.0,0.0,225.9,154.0,0,0.0,0,0,18-APR-2022,
OPTIDX,MIDCPNIFTY,02-May-2022,7500.0,CE,0.0,0.0,0.0,210.4,133.4,0,0.0,0,0,18-APR-2022,
OPTIDX,MIDCPNIFTY,02-May-2022,7550.0,CE,0.0,0.0,0.0,195.75,114.8,0,0.0,0,0,18-APR-2022,
OPTIDX,MIDCPNIFTY,02-May-2022,7600.0,CE,0.0,0.0,0.0,181.95,98.25,0,0.0,0,0,18-APR-2022,
OPTIDX,MIDCPNIFTY,02-May-2022,7650.0,CE,0.0,0.0,0.0,168.9,83.55,0,0.0,0,0,18-APR-2022,
OPTIDX,MIDCPNIFTY,02-May-2022,7700.0,CE,0.0,0.0,0.0,157.0,70.95,0,0.0,0,0,18-APR-2022,
OPTIDX,MIDCPNIFTY,02-May-2022,7750.0,CE,0.0,0.0,0.0,145.5,59.4,0,0.0,0,0,18-APR-2022,
OPTIDX,MIDCPNIFTY,02-May-2022,7800.0,CE,0.0,0.0,0.0,134.45,49.55,0,0.0,0,0,18-APR-2022,
OPTIDX,MIDCPNIFTY,02-May-2022,7850.0,CE,0.0,0.0,0.0,124.35,41.1,0,0.0,0,0,18-APR-2022,
OPTIDX,MIDCPNIFTY,02-May-2022,7900.0,CE,0.0,0.0,0.0,114.85,33.9,0,0.0,0,0,18-APR-2022,
OPTIDX,MIDCPNIFTY,02-May-2022,7950.0,CE,0.0,0.0,0.0,106.0,27.75,0,0.0,0,0,18-APR-2022,
OPTIDX,MIDCPNIFTY,02-May-2022,8000.0,CE,0.0,0.0,0.0,97.7,22.6,0,0.0,0,0,18-APR-2022,
OPTIDX,MIDCPNIFTY,02-May-2022,8050.0,CE,0.0,0.0,0.0,89.95,18.3,0,0.0,0,0,18-APR-2022,
OPTIDX,MIDCPNIFTY,02-May-2022,8100.0,CE,0.0,0.0,0.0,82.8,14.7,0,0.0,0,0,18-APR-2022,
OPTIDX,MIDCPNIFTY,02-May-2022,8150.0,CE,0.0,0.0,0.0,76.1,11.75,0,0.0,0,0,18-APR-2022,
OPTIDX,MIDCPNIFTY,02-May-2022,8200.0,CE,0.0,0.0,0.0,69.85,9.3,0,0.0,0,0,18-APR-2022,
OPTIDX,MIDCPNIFTY,02-May-2022,8250.0,CE,0.0,0.0,0.0,64.1,7.35,0,0.0,0,0,18-APR-2022,
OPTIDX,MIDCPNIFTY,02-May-2022,8300.0,CE,0.0,0.0,0.0,58.75,5.75,0,0.0,0,0,18-APR-2022,
OPTIDX,MIDCPNIFTY,02-May-2022,8350.0,CE,0.0,0.0,0.0,53.75,4.5,0,0.0,0,0,18-APR-2022,
OPTIDX,MIDCPNIFTY,02-May-2022,8400.0,CE,0.0,0.0,0.0,49.2,3.5,0,0.0,0,0,18-APR-2022,
OPTIDX,MIDCPNIFTY,02-May-2022,8450.0,CE,0.0,0.0,0.0,44.95,2.7,0,0.0,0,0,18-APR-2022,
OPTIDX,MIDCPNIFTY,02-May-2022,8500.0,CE,0.0,0.0,0.0,41.05,2.05,0,0.0,0,0,18-APR-2022,
OPTIDX,MIDCPNIFTY,02-May-2022,8550.0,CE,0.0,0.0,0.0,24.0,1.55,0,0.0,0,0,18-APR-2022,
OPTIDX,MIDCPNIFTY,02-May-2022,8600.0,CE,0.0,0.0,0.0,21.4,1.2,0,0.0,0,0,18-APR-2022,
OPTIDX,MIDCPNIFTY,02-May-2022,8650.0,CE,0.0,0.0,0.0,22.3,0.9,0,0.0,0,0,18-APR-2022,
OPTIDX,MIDCPNIFTY,02-May-2022,8700.0,CE,0.0,0.0,0.0,19.85,0.65,0,0.0,0,0,18-APR-2022,
OPTIDX,MIDCPNIFTY,02-May-2022,8750.0,CE,0.0,0.0,0.0,13.5,0.5,0,0.0,0,0,18-APR-2022,
OPTIDX,MIDCPNIFTY,02-May-2022,8800.0,CE,0.0,0.0,0.0,7.95,0.4,0,0.0,0,0,18-APR-2022,
OPTIDX,MIDCPNIFTY,02-May-2022,8850.0,CE,0.0,0.0,0.0,7.2,0.3,0,0.0,0,0,18-APR-2022,
OPTIDX,MIDCPNIFTY,02-May-2022,8900.0,CE,0.0,0.0,0.0,6.15,0.2,0,0.0,0,0,18-APR-2022,
OPTIDX,MIDCPNIFTY,02-May-2022,8950.0,CE,0.0,0.0,0.0,6.8,0.15,0,0.0,0,0,18-APR-2022,
OPTIDX,MIDCPNIFTY,02-May-2022,9000.0,CE,0.0,0.0,0.0,5.75,0.1,0,0.0,0,0,18-APR-2022,
OPTIDX,MIDCPNIFTY,02-May-2022,9050.0,CE,0.0,0.0,0.0,6.7,0.1,0,0.0,0,0,18-APR-2022,
OPTIDX,MIDCPNIFTY,02-May-2022,9100.0,CE,0.0,0.0,0.0,5.7,0.05,0,0.0,0,0,18-APR-2022,
OPTIDX,MIDCPNIFTY,02-May-2022,9150.0,CE,0.0,0.0,0.0,4.7,0.05,0,0.0,0,0,18-APR-2022,
OPTIDX,MIDCPNIFTY,02-May-2022,5100.0,PE,0.0,0.0,0.0,5.85,0.0,0,0.0,0,0,18-APR-2022,
OPTIDX,MIDCPNIFTY,02-May-2022,5150.0,PE,0.0,0.0,0.0,7.2,0.0,0,0.0,0,0,18-APR-2022,
OPTIDX,MIDCPNIFTY,02-May-2022,5200.0,PE,0.0,0.0,0.0,8.85,0.0,0,0.0,0,0,18-APR-2022,
OPTIDX,MIDCPNIFTY,02-May-2022,5250.0,PE,0.0,0.0,0.0,6.7,0.0,0,0.0,0,0,18-APR-2022,
OPTIDX,MIDCPNIFTY,02-May-2022,5300.0,PE,0.0,0.0,0.0,8.15,0.0,0,0.0,0,0,18-APR-2022,
OPTIDX,MIDCPNIFTY,02-May-2022,5350.0,PE,0.0,0.0,0.0,9.85,0.0,0,0.0,0,0,18-APR-2022,
OPTIDX,MIDCPNIFTY,02-May-2022,5400.0,PE,0.0,0.0,0.0,8.65,0.0,0,0.0,0,0,18-APR-2022,
OPTIDX,MIDCPNIFTY,02-May-2022,5450.0,PE,0.0,0.0,0.0,10.4,0.0,0,0.0,0,0,18-APR-2022,
OPTIDX,MIDCPNIFTY,02-May-2022,5500.0,PE,0.0,0.0,0.0,10.85,0.0,0,0.0,0,0,18-APR-2022,
OPTIDX,MIDCPNIFTY,02-May-2022,5550.0,PE,0.0,0.0,0.0,12.9,0.0,0,0.0,0,0,18-APR-2022,
OPTIDX,MIDCPNIFTY,02-May-2022,5600.0,PE,0.0,0.0,0.0,15.25,0.0,0,0.0,0,0,18-APR-2022,
OPTIDX,MIDCPNIFTY,02-May-2022,5650.0,PE,0.0,0.0,0.0,17.9,0.0,0,0.0,0,0,18-APR-2022,
OPTIDX,MIDCPNIFTY,02-May-2022,5700.0,PE,0.0,0.0,0.0,21.0,0.0,0,0.0,0,0,18-APR-2022,
OPTIDX,MIDCPNIFTY,02-May-2022,5750.0,PE,0.0,0.0,0.0,24.45,0.0,0,0.0,0,0,18-APR-2022,
OPTIDX,MIDCPNIFTY,02-May-2022,5800.0,PE,0.0,0.0,0.0,28.4,0.0,0,0.0,0,0,18-APR-2022,
OPTIDX,MIDCPNIFTY,02-May-2022,5850.0,PE,0.0,0.0,0.0,32.8,0.05,0,0.0,0,0,18-APR-2022,
OPTIDX,MIDCPNIFTY,02-May-2022,5900.0,PE,0.0,0.0,0.0,37.7,0.05,0,0.0,0,0,18-APR-2022,
OPTIDX,MIDCPNIFTY,02-May-2022,5950.0,PE,0.0,0.0,0.0,43.2,0.05,0,0.0,0,0,18-APR-2022,
OPTIDX,MIDCPNIFTY,02-May-2022,6000.0,PE,0.0,0.0,0.0,49.3,0.05,0,0.0,0,0,18-APR-2022,
OPTIDX,MIDCPNIFTY,02-May-2022,6050.0,PE,0.0,0.0,0.0,56.05,0.1,0,0.0,0,0,18-APR-2022,
OPTIDX,MIDCPNIFTY,02-May-2022,6100.0,PE,0.0,0.0,0.0,63.45,0.15,0,0.0,0,0,18-APR-2022,
OPTIDX,MIDCPNIFTY,02-May-2022,6150.0,PE,0.0,0.0,0.0,71.55,0.2,0,0.0,0,0,18-APR-2022,
OPTIDX,MIDCPNIFTY,02-May-2022,6200.0,PE,0.0,0.0,0.0,80.45,0.3,0,0.0,0,0,18-APR-2022,
OPTIDX,MIDCPNIFTY,02-May-2022,6250.0,PE,0.0,0.0,0.0,90.1,0.5,0,0.0,0,0,18-APR-2022,
OPTIDX,MIDCPNIFTY,02-May-2022,6300.0,PE,0.0,0.0,0.0,100.6,0.7,0,0.0,0,0,18-APR-2022,
OPTIDX,MIDCPNIFTY,02-May-2022,6350.0,PE,0.0,0.0,0.0,111.95,1.05,0,0.0,0,0,18-APR-2022,
OPTIDX,MIDCPNIFTY,02-May-2022,6400.0,PE,0.0,0.0,0.0,124.45,1.55,0,0.0,0,0,18-APR-2022,
OPTIDX,MIDCPNIFTY,02-May-2022,6450.0,PE,0.0,0.0,0.0,137.55,2.2,0,0.0,0,0,18-APR-2022,
OPTIDX,MIDCPNIFTY,02-May-2022,6500.0,PE,0.0,0.0,0.0,151.6,3.1,0,0.0,0,0,18-APR-2022,
OPTIDX,MIDCPNIFTY,02-May-2022,6550.0,PE,0.0,0.0,0.0,166.4,4.35,0,0.0,0,0,18-APR-2022,
OPTIDX,MIDCPNIFTY,02-May-2022,6600.0,PE,0.0,0.0,0.0,182.45,6.0,0,0.0,0,0,18-APR-2022,
OPTIDX,MIDCPNIFTY,02-May-2022,6650.0,PE,0.0,0.0,0.0,199.55,8.1,0,0.0,0,0,18-APR-2022,
OPTIDX,MIDCPNIFTY,02-May-2022,6700.0,PE,0.0,0.0,0.0,217.65,10.85,0,0.0,0,0,18-APR-2022,
OPTIDX,MIDCPNIFTY,02-May-2022,6750.0,PE,0.0,0.0,0.0,236.8,14.3,0,0.0,0,0,18-APR-2022,
OPTIDX,MIDCPNIFTY,02-May-2022,6800.0,PE,0.0,0.0,0.0,257.0,18.65,0,0.0,0,0,18-APR-2022,
OPTIDX,MIDCPNIFTY,02-May-2022,6850.0,PE,0.0,0.0,0.0,278.25,24.0,0,0.0,0,0,18-APR-2022,
OPTIDX,MIDCPNIFTY,02-May-2022,6900.0,PE,0.0,0.0,0.0,300.55,30.5,0,0.0,0,0,18-APR-2022,
OPTIDX,MIDCPNIFTY,02-May-2022,6950.0,PE,0.0,0.0,0.0,323.9,38.3,0,0.0,0,0,18-APR-2022,
OPTIDX,MIDCPNIFTY,02-May-2022,7000.0,PE,0.0,0.0,0.0,348.25,47.55,0,0.0,0,0,18-APR-2022,
OPTIDX,MIDCPNIFTY,02-May-2022,7050.0,PE,0.0,0.0,0.0,373.7,58.45,0,0.0,0,0,18-APR-2022,
OPTIDX,MIDCPNIFTY,02-May-2022,7100.0,PE,0.0,0.0,0.0,400.15,71.3,0,0.0,0,0,18-APR-2022,
OPTIDX,MIDCPNIFTY,02-May-2022,7150.0,PE,0.0,0.0,0.0,427.65,85.5,0,0.0,0,0,18-APR-2022,
OPTIDX,MIDCPNIFTY,02-May-2022,7200.0,PE,0.0,0.0,0.0,456.15,101.95,0,0.0,0,0,18-APR-2022,
OPTIDX,MIDCPNIFTY,02-May-2022,7250.0,PE,0.0,0.0,0.0,485.65,120.5,0,0.0,0,0,18-APR-2022,
OPTIDX,MIDCPNIFTY,02-May-2022,7300.0,PE,0.0,0.0,0.0,516.1,141.2,0,0.0,0,0,18-APR-2022,
OPTIDX,MIDCPNIFTY,02-May-2022,7350.0,PE,0.0,0.0,0.0,547.55,164.05,0,0.0,0,0,18-APR-2022,
OPTIDX,MIDCPNIFTY,02-May-2022,7400.0,PE,0.0,0.0,0.0,579.9,189.05,0,0.0,0,0,18-APR-2022,
OPTIDX,MIDCPNIFTY,02-May-2022,7450.0,PE,0.0,0.0,0.0,613.15,216.25,0,0.0,0,0,18-APR-2022,
OPTIDX,MIDCPNIFTY,02-May-2022,7500.0,PE,0.0,0.0,0.0,647.25,245.55,0,0.0,0,0,18-APR-2022,
OPTIDX,MIDCPNIFTY,02-May-2022,7550.0,PE,0.0,0.0,0.0,682.25,276.95,0,0.0,0,0,18-APR-2022,
OPTIDX,MIDCPNIFTY,02-May-2022,7600.0,PE,0.0,0.0,0.0,718.05,310.3,0,0.0,0,0,18-APR-2022,
OPTIDX,MIDCPNIFTY,02-May-2022,7650.0,PE,0.0,0.0,0.0,754.7,345.5,0,0.0,0,0,18-APR-2022,
OPTIDX,MIDCPNIFTY,02-May-2022,7700.0,PE,0.0,0.0,0.0,792.4,382.85,0,0.0,0,0,18-APR-2022,
OPTIDX,MIDCPNIFTY,02-May-2022,7750.0,PE,0.0,0.0,0.0,830.6,421.15,0,0.0,0,0,18-APR-2022,
OPTIDX,MIDCPNIFTY,02-May-2022,7800.0,PE,0.0,0.0,0.0,869.2,461.3,0,0.0,0,0,18-APR-2022,
OPTIDX,MIDCPNIFTY,02-May-2022,7850.0,PE,0.0,0.0,0.0,908.7,502.75,0,0.0,0,0,18-APR-2022,
OPTIDX,MIDCPNIFTY,02-May-2022,7900.0,PE,0.0,0.0,0.0,948.85,545.45,0,0.0,0,0,18-APR-2022,
OPTIDX,MIDCPNIFTY,02-May-2022,7950.0,PE,0.0,0.0,0.0,989.65,589.25,0,0.0,0,0,18-APR-2022,
OPTIDX,MIDCPNIFTY,02-May-2022,8000.0,PE,0.0,0.0,0.0,1031.0,634.0,0,0.0,0,0,18-APR-2022,
OPTIDX,MIDCPNIFTY,02-May-2022,8050.0,PE,0.0,0.0,0.0,1072.9,679.6,0,0.0,0,0,18-APR-2022,
OPTIDX,MIDCPNIFTY,02-May-2022,8100.0,PE,0.0,0.0,0.0,1115.35,725.95,0,0.0,0,0,18-APR-2022,
OPTIDX,MIDCPNIFTY,02-May-2022,8150.0,PE,0.0,0.0,0.0,1158.3,772.9,0,0.0,0,0,18-APR-2022,
OPTIDX,MIDCPNIFTY,02-May-2022,8200.0,PE,0.0,0.0,0.0,1201.75,820.4,0,0.0,0,0,18-APR-2022,
OPTIDX,MIDCPNIFTY,02-May-2022,8250.0,PE,0.0,0.0,0.0,1245.6,868.35,0,0.0,0,0,18-APR-2022,
OPTIDX,MIDCPNIFTY,02-May-2022,8300.0,PE,0.0,0.0,0.0,1289.9,916.7,0,0.0,0,0,18-APR-2022,
OPTIDX,MIDCPNIFTY,02-May-2022,8350.0,PE,0.0,0.0,0.0,1334.55,965.35,0,0.0,0,0,18-APR-2022,
OPTIDX,MIDCPNIFTY,02-May-2022,8400.0,PE,0.0,0.0,0.0,1379.65,1014.25,0,0.0,0,0,18-APR-2022,
OPTIDX,MIDCPNIFTY,02-May-2022,8450.0,PE,0.0,0.0,0.0,1425.05,1063.35,0,0.0,0,0,18-APR-2022,
OPTIDX,MIDCPNIFTY,02-May-2022,8500.0,PE,0.0,0.0,0.0,1470.8,1112.65,0,0.0,0,0,18-APR-2022,
OPTIDX,MIDCPNIFTY,02-May-2022,8550.0,PE,0.0,0.0,0.0,1435.9,1162.1,0,0.0,0,0,18-APR-2022,
OPTIDX,MIDCPNIFTY,02-May-2022,8600.0,PE,0.0,0.0,0.0,1483.05,1211.65,0,0.0,0,0,18-APR-2022,
OPTIDX,MIDCPNIFTY,02-May-2022,8650.0,PE,0.0,0.0,0.0,1412.5,1261.25,0,0.0,0,0,18-APR-2022,
OPTIDX,MIDCPNIFTY,02-May-2022,8700.0,PE,0.0,0.0,0.0,1459.8,1310.95,0,0.0,0,0,18-APR-2022,
OPTIDX,MIDCPNIFTY,02-May-2022,8750.0,PE,0.0,0.0,0.0,1498.45,1360.7,0,0.0,0,0,18-APR-2022,
OPTIDX,MIDCPNIFTY,02-May-2022,8800.0,PE,0.0,0.0,0.0,1477.7,1410.5,0,0.0,0,0,18-APR-2022,
OPTIDX,MIDCPNIFTY,02-May-2022,8850.0,PE,0.0,0.0,0.0,1432.1,1460.35,0,0.0,0,0,18-APR-2022,
OPTIDX,MIDCPNIFTY,02-May-2022,8900.0,PE,0.0,0.0,0.0,1480.85,1510.2,0,0.0,0,0,18-APR-2022,
OPTIDX,MIDCPNIFTY,02-May-2022,8950.0,PE,0.0,0.0,0.0,1437.45,1560.05,0,0.0,0,0,18-APR-2022,
OPTIDX,MIDCPNIFTY,02-May-2022,9000.0,PE,0.0,0.0,0.0,1486.25,1609.95,0,0.0,0,0,18-APR-2022,
OPTIDX,MIDCPNIFTY,02-May-2022,9050.0,PE,0.0,0.0,0.0,1429.95,1659.85,0,0.0,0,0,18-APR-2022,
OPTIDX,MIDCPNIFTY,02-May-2022,9100.0,PE,0.0,0.0,0.0,1478.8,1709.75,0,0.0,0,0,18-APR-2022,
OPTIDX,MIDCPNIFTY,02-May-2022,9150.0,PE,0.0,0.0,0.0,1500.6,1759.65,0,0.0,0,0,18-APR-2022,
OPTIDX,MIDCPNIFTY,10-May-2022,5150.0,CE,0.0,0.0,0.0,1567.8,2238.75,0,0.0,0,0,18-APR-2022,
OPTIDX,MIDCPNIFTY,10-May-2022,5200.0,CE,0.0,0.0,0.0,1519.8,2188.9,0,0.0,0,0,18-APR-2022,
OPTIDX,MIDCPNIFTY,10-May-2022,5250.0,CE,0.0,0.0,0.0,1472.05,2139.0,0,0.0,0,0,18-APR-2022,
OPTIDX,MIDCPNIFTY,10-May-2022,5300.0,CE,0.0,0.0,0.0,1424.6,2089.15,0,0.0,0,0,18-APR-2022,
OPTIDX,MIDCPNIFTY,10-May-2022,5350.0,CE,0.0,0.0,0.0,1377.55,2039.25,0,0.0,0,0,18-APR-2022,
OPTIDX,MIDCPNIFTY,10-May-2022,5400.0,CE,0.0,0.0,0.0,1330.8,1989.4,0,0.0,0,0,18-APR-2022,
OPTIDX,MIDCPNIFTY,10-May-2022,5450.0,CE,0.0,0.0,0.0,1284.5,1939.5,0,0.0,0,0,18-APR-2022,
OPTIDX,MIDCPNIFTY,10-May-2022,5500.0,CE,0.0,0.0,0.0,1238.65,1889.65,0,0.0,0,0,18-APR-2022,
OPTIDX,MIDCPNIFTY,10-May-2022,5550.0,CE,0.0,0.0,0.0,1193.3,1839.75,0,0.0,0,0,18-APR-2022,
OPTIDX,MIDCPNIFTY,10-May-2022,5600.0,CE,0.0,0.0,0.0,1148.5,1789.9,0,0.0,0,0,18-APR-2022,
OPTIDX,MIDCPNIFTY,10-May-2022,5650.0,CE,0.0,0.0,0.0,1104.25,1740.05,0,0.0,0,0,18-APR-2022,
OPTIDX,MIDCPNIFTY,10-May-2022,5700.0,CE,0.0,0.0,0.0,1060.65,1690.2,0,0.0,0,0,18-APR-2022,
OPTIDX,MIDCPNIFTY,10-May-2022,5750.0,CE,0.0,0.0,0.0,1017.7,1640.35,0,0.0,0,0,18-APR-2022,
OPTIDX,MIDCPNIFTY,10-May-2022,5800.0,CE,0.0,0.0,0.0,975.45,1590.5,0,0.0,0,0,18-APR-2022,
OPTIDX,MIDCPNIFTY,10-May-2022,5850.0,CE,0.0,0.0,0.0,933.95,1540.7,0,0.0,0,0,18-APR-2022,
OPTIDX,MIDCPNIFTY,10-May-2022,5900.0,CE,0.0,0.0,0.0,893.25,1490.9,0,0.0,0,0,18-APR-2022,
OPTIDX,MIDCPNIFTY,10-May-2022,5950.0,CE,0.0,0.0,0.0,853.35,1441.15,0,0.0,0,0,18-APR-2022,
OPTIDX,MIDCPNIFTY,10-May-2022,6000.0,CE,0.0,0.0,0.0,814.35,1391.45,0,0.0,0,0,18-APR-2022,
OPTIDX,MIDCPNIFTY,10-May-2022,6050.0,CE,0.0,0.0,0.0,776.2,1341.8,0,0.0,0,0,18-APR-2022,
OPTIDX,MIDCPNIFTY,10-May-2022,6100.0,CE,0.0,0.0,0.0,739.25,1292.25,0,0.0,0,0,18-APR-2022,
OPTIDX,MIDCPNIFTY,10-May-2022,6150.0,CE,0.0,0.0,0.0,703.0,1242.8,0,0.0,0,0,18-APR-2022,
OPTIDX,MIDCPNIFTY,10-May-2022,6200.0,CE,0.0,0.0,0.0,667.45,1193.5,0,0.0,0,0,18-APR-2022,
OPTIDX,MIDCPNIFTY,10-May-2022,6250.0,CE,0.0,0.0,0.0,633.25,1144.4,0,0.0,0,0,18-APR-2022,
OPTIDX,MIDCPNIFTY,10-May-2022,6300.0,CE,0.0,0.0,0.0,600.05,1095.45,0,0.0,0,0,18-APR-2022,
OPTIDX,MIDCPNIFTY,10-May-2022,6350.0,CE,0.0,0.0,0.0,568.0,1046.85,0,0.0,0,0,18-APR-2022,
OPTIDX,MIDCPNIFTY,10-May-2022,6400.0,CE,0.0,0.0,0.0,536.95,998.5,0,0.0,0,0,18-APR-2022,
OPTIDX,MIDCPNIFTY,10-May-2022,6450.0,CE,0.0,0.0,0.0,507.0,950.55,0,0.0,0,0,18-APR-2022,
OPTIDX,MIDCPNIFTY,10-May-2022,6500.0,CE,0.0,0.0,0.0,478.15,903.1,0,0.0,0,0,18-APR-2022,
OPTIDX,MIDCPNIFTY,10-May-2022,6550.0,CE,0.0,0.0,0.0,450.4,856.15,0,0.0,0,0,18-APR-2022,
OPTIDX,MIDCPNIFTY,10-May-2022,6600.0,CE,0.0,0.0,0.0,423.75,809.8,0,0.0,0,0,18-APR-2022,
OPTIDX,MIDCPNIFTY,10-May-2022,6650.0,CE,0.0,0.0,0.0,398.2,764.2,0,0.0,0,0,18-APR-2022,
OPTIDX,MIDCPNIFTY,10-May-2022,6700.0,CE,0.0,0.0,0.0,373.7,719.35,0,0.0,0,0,18-APR-2022,
OPTIDX,MIDCPNIFTY,10-May-2022,6750.0,CE,0.0,0.0,0.0,350.3,675.45,0,0.0,0,0,18-APR-2022,
OPTIDX,MIDCPNIFTY,10-May-2022,6800.0,CE,0.0,0.0,0.0,328.0,632.5,0,0.0,0,0,18-APR-2022,
OPTIDX,MIDCPNIFTY,10-May-2022,6850.0,CE,0.0,0.0,0.0,306.75,590.65,0,0.0,0,0,18-APR-2022,
OPTIDX,MIDCPNIFTY,10-May-2022,6900.0,CE,0.0,0.0,0.0,286.5,550.0,0,0.0,0,0,18-APR-2022,
OPTIDX,MIDCPNIFTY,10-May-2022,6950.0,CE,0.0,0.0,0.0,267.3,510.65,0,0.0,0,0,18-APR-2022,
OPTIDX,MIDCPNIFTY,10-May-2022,7000.0,CE,0.0,0.0,0.0,249.05,472.65,0,0.0,0,0,18-APR-2022,
OPTIDX,MIDCPNIFTY,10-May-2022,7050.0,CE,0.0,0.0,0.0,231.8,436.05,0,0.0,0,0,18-APR-2022,
OPTIDX,MIDCPNIFTY,10-May-2022,7100.0,CE,0.0,0.0,0.0,215.45,401.05,0,0.0,0,0,18-APR-2022,
OPTIDX,MIDCPNIFTY,10-May-2022,7150.0,CE,0.0,0.0,0.0,200.05,367.7,0,0.0,0,0,18-APR-2022,
OPTIDX,MIDCPNIFTY,10-May-2022,7200.0,CE,0.0,0.0,0.0,185.55,335.95,0,0.0,0,0,18-APR-2022,
OPTIDX,MIDCPNIFTY,10-May-2022,7250.0,CE,0.0,0.0,0.0,171.9,305.95,0,0.0,0,0,18-APR-2022,
OPTIDX,MIDCPNIFTY,10-May-2022,7300.0,CE,0.0,0.0,0.0,159.35,277.65,0,0.0,0,0,18-APR-2022,
OPTIDX,MIDCPNIFTY,10-May-2022,7350.0,CE,0.0,0.0,0.0,147.35,251.05,0,0.0,0,0,18-APR-2022,
OPTIDX,MIDCPNIFTY,10-May-2022,7400.0,CE,0.0,0.0,0.0,136.15,226.2,0,0.0,0,0,18-APR-2022,
OPTIDX,MIDCPNIFTY,10-May-2022,7450.0,CE,0.0,0.0,0.0,125.35,203.1,0,0.0,0,0,18-APR-2022,
OPTIDX,MIDCPNIFTY,10-May-2022,7500.0,CE,0.0,0.0,0.0,115.45,181.7,0,0.0,0,0,18-APR-2022,
OPTIDX,MIDCPNIFTY,10-May-2022,7550.0,CE,0.0,0.0,0.0,106.25,161.95,0,0.0,0,0,18-APR-2022,
OPTIDX,MIDCPNIFTY,10-May-2022,7600.0,CE,0.0,0.0,0.0,97.7,143.8,0,0.0,0,0,18-APR-2022,
OPTIDX,MIDCPNIFTY,10-May-2022,7650.0,CE,0.0,0.0,0.0,89.7,127.25,0,0.0,0,0,18-APR-2022,
OPTIDX,MIDCPNIFTY,10-May-2022,7700.0,CE,0.0,0.0,0.0,82.3,112.15,0,0.0,0,0,18-APR-2022,
OPTIDX,MIDCPNIFTY,10-May-2022,7750.0,CE,0.0,0.0,0.0,75.4,98.5,0,0.0,0,0,18-APR-2022,
OPTIDX,MIDCPNIFTY,10-May-2022,7800.0,CE,0.0,0.0,0.0,69.0,86.55,0,0.0,0,0,18-APR-2022,
OPTIDX,MIDCPNIFTY,10-May-2022,7850.0,CE,0.0,0.0,0.0,63.1,75.25,0,0.0,0,0,18-APR-2022,
OPTIDX,MIDCPNIFTY,10-May-2022,7900.0,CE,0.0,0.0,0.0,57.65,65.35,0,0.0,0,0,18-APR-2022,
OPTIDX,MIDCPNIFTY,10-May-2022,7950.0,CE,0.0,0.0,0.0,52.6,56.55,0,0.0,0,0,18-APR-2022,
OPTIDX,MIDCPNIFTY,10-May-2022,8000.0,CE,0.0,0.0,0.0,47.95,48.75,0,0.0,0,0,18-APR-2022,
OPTIDX,MIDCPNIFTY,10-May-2022,8050.0,CE,0.0,0.0,0.0,43.7,41.9,0,0.0,0,0,18-APR-2022,
OPTIDX,MIDCPNIFTY,10-May-2022,8100.0,CE,0.0,0.0,0.0,39.75,35.85,0,0.0,0,0,18-APR-2022,
OPTIDX,MIDCPNIFTY,10-May-2022,8150.0,CE,0.0,0.0,0.0,36.1,30.55,0,0.0,0,0,18-APR-2022,
OPTIDX,MIDCPNIFTY,10-May-2022,8200.0,CE,0.0,0.0,0.0,48.55,25.95,0,0.0,0,0,18-APR-2022,
OPTIDX,MIDCPNIFTY,10-May-2022,8250.0,CE,0.0,0.0,0.0,44.3,22.0,0,0.0,0,0,18-APR-2022,
OPTIDX,MIDCPNIFTY,10-May-2022,8300.0,CE,0.0,0.0,0.0,40.35,18.55,0,0.0,0,0,18-APR-2022,
OPTIDX,MIDCPNIFTY,10-May-2022,8350.0,CE,0.0,0.0,0.0,36.75,15.6,0,0.0,0,0,18-APR-2022,
OPTIDX,MIDCPNIFTY,10-May-2022,8400.0,CE,0.0,0.0,0.0,36.75,13.05,0,0.0,0,0,18-APR-2022,
OPTIDX,MIDCPNIFTY,10-May-2022,8450.0,CE,0.0,0.0,0.0,32.55,10.9,0,0.0,0,0,18-APR-2022,
OPTIDX,MIDCPNIFTY,10-May-2022,8500.0,CE,0.0,0.0,0.0,37.9,9.05,0,0.0,0,0,18-APR-2022,
OPTIDX,MIDCPNIFTY,10-May-2022,8550.0,CE,0.0,0.0,0.0,34.35,7.5,0,0.0,0,0,18-APR-2022,
OPTIDX,MIDCPNIFTY,10-May-2022,8600.0,CE,0.0,0.0,0.0,31.1,6.2,0,0.0,0,0,18-APR-2022,
OPTIDX,MIDCPNIFTY,10-May-2022,8650.0,CE,0.0,0.0,0.0,33.05,5.1,0,0.0,0,0,18-APR-2022,
OPTIDX,MIDCPNIFTY,10-May-2022,8700.0,CE,0.0,0.0,0.0,29.85,4.2,0,0.0,0,0,18-APR-2022,
OPTIDX,MIDCPNIFTY,10-May-2022,8750.0,CE,0.0,0.0,0.0,22.0,3.4,0,0.0,0,0,18-APR-2022,
OPTIDX,MIDCPNIFTY,10-May-2022,8800.0,CE,0.0,0.0,0.0,15.2,2.8,0,0.0,0,0,18-APR-2022,
OPTIDX,MIDCPNIFTY,10-May-2022,8850.0,CE,0.0,0.0,0.0,14.7,2.25,0,0.0,0,0,18-APR-2022,
OPTIDX,MIDCPNIFTY,10-May-2022,8900.0,CE,0.0,0.0,0.0,12.9,1.85,0,0.0,0,0,18-APR-2022,
OPTIDX,MIDCPNIFTY,10-May-2022,8950.0,CE,0.0,0.0,0.0,14.25,1.5,0,0.0,0,0,18-APR-2022,
OPTIDX,MIDCPNIFTY,10-May-2022,9000.0,CE,0.0,0.0,0.0,12.5,1.2,0,0.0,0,0,18-APR-2022,
OPTIDX,MIDCPNIFTY,10-May-2022,9050.0,CE,0.0,0.0,0.0,14.4,0.95,0,0.0,0,0,18-APR-2022,
OPTIDX,MIDCPNIFTY,10-May-2022,9100.0,CE,0.0,0.0,0.0,12.6,0.75,0,0.0,0,0,18-APR-2022,
OPTIDX,MIDCPNIFTY,10-May-2022,9150.0,CE,0.0,0.0,0.0,11.1,0.6,0,0.0,0,0,18-APR-2022,
OPTIDX,MIDCPNIFTY,10-May-2022,5150.0,PE,0.0,0.0,0.0,7.8,0.0,0,0.0,0,0,18-APR-2022,
OPTIDX,MIDCPNIFTY,10-May-2022,5200.0,PE,0.0,0.0,0.0,9.45,0.0,0,0.0,0,0,18-APR-2022,
OPTIDX,MIDCPNIFTY,10-May-2022,5250.0,PE,0.0,0.0,0.0,11.35,0.0,0,0.0,0,0,18-APR-2022,
OPTIDX,MIDCPNIFTY,10-May-2022,5300.0,PE,0.0,0.0,0.0,13.55,0.0,0,0.0,0,0,18-APR-2022,
OPTIDX,MIDCPNIFTY,10-May-2022,5350.0,PE,0.0,0.0,0.0,16.1,0.0,0,0.0,0,0,18-APR-2022,
OPTIDX,MIDCPNIFTY,10-May-2022,5400.0,PE,0.0,0.0,0.0,19.0,0.0,0,0.0,0,0,18-APR-2022,
OPTIDX,MIDCPNIFTY,10-May-2022,5450.0,PE,0.0,0.0,0.0,22.35,0.0,0,0.0,0,0,18-APR-2022,
OPTIDX,MIDCPNIFTY,10-May-2022,5500.0,PE,0.0,0.0,0.0,26.15,0.05,0,0.0,0,0,18-APR-2022,
OPTIDX,MIDCPNIFTY,10-May-2022,5550.0,PE,0.0,0.0,0.0,30.4,0.05,0,0.0,0,0,18-APR-2022,
OPTIDX,MIDCPNIFTY,10-May-2022,5600.0,PE,0.0,0.0,0.0,35.25,0.05,0,0.0,0,0,18-APR-2022,
OPTIDX,MIDCPNIFTY,10-May-2022,5650.0,PE,0.0,0.0,0.0,40.65,0.05,0,0.0,0,0,18-APR-2022,
OPTIDX,MIDCPNIFTY,10-May-2022,5700.0,PE,0.0,0.0,0.0,46.65,0.05,0,0.0,0,0,18-APR-2022,
OPTIDX,MIDCPNIFTY,10-May-2022,5750.0,PE,0.0,0.0,0.0,53.35,0.1,0,0.0,0,0,18-APR-2022,
OPTIDX,MIDCPNIFTY,10-May-2022,5800.0,PE,0.0,0.0,0.0,60.75,0.15,0,0.0,0,0,18-APR-2022,
OPTIDX,MIDCPNIFTY,10-May-2022,5850.0,PE,0.0,0.0,0.0,68.9,0.2,0,0.0,0,0,18-APR-2022,
OPTIDX,MIDCPNIFTY,10-May-2022,5900.0,PE,0.0,0.0,0.0,77.8,0.3,0,0.0,0,0,18-APR-2022,
OPTIDX,MIDCPNIFTY,10-May-2022,5950.0,PE,0.0,0.0,0.0,87.55,0.4,0,0.0,0,0,18-APR-2022,
OPTIDX,MIDCPNIFTY,10-May-2022,6000.0,PE,0.0,0.0,0.0,98.2,0.6,0,0.0,0,0,18-APR-2022,
OPTIDX,MIDCPNIFTY,10-May-2022,6050.0,PE,0.0,0.0,0.0,109.7,0.85,0,0.0,0,0,18-APR-2022,
OPTIDX,MIDCPNIFTY,10-May-2022,6100.0,PE,0.0,0.0,0.0,122.4,1.15,0,0.0,0,0,18-APR-2022,
OPTIDX,MIDCPNIFTY,10-May-2022,6150.0,PE,0.0,0.0,0.0,135.75,1.6,0,0.0,0,0,18-APR-2022,
OPTIDX,MIDCPNIFTY,10-May-2022,6200.0,PE,0.0,0.0,0.0,149.85,2.15,0,0.0,0,0,18-APR-2022,
OPTIDX,MIDCPNIFTY,10-May-2022,6250.0,PE,0.0,0.0,0.0,165.3,2.9,0,0.0,0,0,18-APR-2022,
OPTIDX,MIDCPNIFTY,10-May-2022,6300.0,PE,0.0,0.0,0.0,181.75,3.9,0,0.0,0,0,18-APR-2022,
OPTIDX,MIDCPNIFTY,10-May-2022,6350.0,PE,0.0,0.0,0.0,199.3,5.1,0,0.0,0,0,18-APR-2022,
OPTIDX,MIDCPNIFTY,10-May-2022,6400.0,PE,0.0,0.0,0.0,217.9,6.65,0,0.0,0,0,18-APR-2022,
OPTIDX,MIDCPNIFTY,10-May-2022,6450.0,PE,0.0,0.0,0.0,237.6,8.6,0,0.0,0,0,18-APR-2022,
OPTIDX,MIDCPNIFTY,10-May-2022,6500.0,PE,0.0,0.0,0.0,258.4,11.0,0,0.0,0,0,18-APR-2022,
OPTIDX,MIDCPNIFTY,10-May-2022,6550.0,PE,0.0,0.0,0.0,280.3,13.95,0,0.0,0,0,18-APR-2022,
OPTIDX,MIDCPNIFTY,10-May-2022,6600.0,PE,0.0,0.0,0.0,303.25,17.5,0,0.0,0,0,18-APR-2022,
OPTIDX,MIDCPNIFTY,10-May-2022,6650.0,PE,0.0,0.0,0.0,327.35,21.75,0,0.0,0,0,18-APR-2022,
OPTIDX,MIDCPNIFTY,10-May-2022,6700.0,PE,0.0,0.0,0.0,352.5,26.8,0,0.0,0,0,18-APR-2022,
OPTIDX,MIDCPNIFTY,10-May-2022,6750.0,PE,0.0,0.0,0.0,378.75,32.75,0,0.0,0,0,18-APR-2022,
OPTIDX,MIDCPNIFTY,10-May-2022,6800.0,PE,0.0,0.0,0.0,406.05,39.7,0,0.0,0,0,18-APR-2022,
OPTIDX,MIDCPNIFTY,10-May-2022,6850.0,PE,0.0,0.0,0.0,434.45,47.7,0,0.0,0,0,18-APR-2022,
OPTIDX,MIDCPNIFTY,10-May-2022,6900.0,PE,0.0,0.0,0.0,463.85,56.95,0,0.0,0,0,18-APR-2022,
OPTIDX,MIDCPNIFTY,10-May-2022,6950.0,PE,0.0,0.0,0.0,494.25,67.45,0,0.0,0,0,18-APR-2022,
OPTIDX,MIDCPNIFTY,10-May-2022,7000.0,PE,0.0,0.0,0.0,525.65,79.35,0,0.0,0,0,18-APR-2022,
OPTIDX,MIDCPNIFTY,10-May-2022,7050.0,PE,0.0,0.0,0.0,558.05,92.6,0,0.0,0,0,18-APR-2022,
OPTIDX,MIDCPNIFTY,10-May-2022,7100.0,PE,0.0,0.0,0.0,591.35,107.5,0,0.0,0,0,18-APR-2022,
OPTIDX,MIDCPNIFTY,10-May-2022,7150.0,PE,0.0,0.0,0.0,625.6,124.0,0,0.0,0,0,18-APR-2022,
OPTIDX,MIDCPNIFTY,10-May-2022,7200.0,PE,0.0,0.0,0.0,660.7,142.15,0,0.0,0,0,18-APR-2022,
OPTIDX,MIDCPNIFTY,10-May-2022,7250.0,PE,0.0,0.0,0.0,696.7,162.0,0,0.0,0,0,18-APR-2022,
OPTIDX,MIDCPNIFTY,10-May-2022,7300.0,PE,0.0,0.0,0.0,733.8,183.6,0,0.0,0,0,18-APR-2022,
OPTIDX,MIDCPNIFTY,10-May-2022,7350.0,PE,0.0,0.0,0.0,771.45,206.9,0,0.0,0,0,18-APR-2022,
OPTIDX,MIDCPNIFTY,10-May-2022,7400.0,PE,0.0,0.0,0.0,809.85,231.9,0,0.0,0,0,18-APR-2022,
OPTIDX,MIDCPNIFTY,10-May-2022,7450.0,PE,0.0,0.0,0.0,848.7,258.65,0,0.0,0,0,18-APR-2022,
OPTIDX,MIDCPNIFTY,10-May-2022,7500.0,PE,0.0,0.0,0.0,888.45,287.15,0,0.0,0,0,18-APR-2022,
OPTIDX,MIDCPNIFTY,10-May-2022,7550.0,PE,0.0,0.0,0.0,928.9,317.25,0,0.0,0,0,18-APR-2022,
OPTIDX,MIDCPNIFTY,10-May-2022,7600.0,PE,0.0,0.0,0.0,969.95,349.0,0,0.0,0,0,18-APR-2022,
OPTIDX,MIDCPNIFTY,10-May-2022,7650.0,PE,0.0,0.0,0.0,1011.6,382.3,0,0.0,0,0,18-APR-2022,
OPTIDX,MIDCPNIFTY,10-May-2022,7700.0,PE,0.0,0.0,0.0,1053.85,417.1,0,0.0,0,0,18-APR-2022,
OPTIDX,MIDCPNIFTY,10-May-2022,7750.0,PE,0.0,0.0,0.0,1096.6,453.3,0,0.0,0,0,18-APR-2022,
OPTIDX,MIDCPNIFTY,10-May-2022,7800.0,PE,0.0,0.0,0.0,1139.85,491.25,0,0.0,0,0,18-APR-2022,
OPTIDX,MIDCPNIFTY,10-May-2022,7850.0,PE,0.0,0.0,0.0,1183.6,529.8,0,0.0,0,0,18-APR-2022,
OPTIDX,MIDCPNIFTY,10-May-2022,7900.0,PE,0.0,0.0,0.0,1227.75,569.8,0,0.0,0,0,18-APR-2022,
OPTIDX,MIDCPNIFTY,10-May-2022,7950.0,PE,0.0,0.0,0.0,1272.35,610.9,0,0.0,0,0,18-APR-2022,
OPTIDX,MIDCPNIFTY,10-May-2022,8000.0,PE,0.0,0.0,0.0,1317.35,652.95,0,0.0,0,0,18-APR-2022,
OPTIDX,MIDCPNIFTY,10-May-2022,8050.0,PE,0.0,0.0,0.0,1362.7,695.95,0,0.0,0,0,18-APR-2022,
OPTIDX,MIDCPNIFTY,10-May-2022,8100.0,PE,0.0,0.0,0.0,1408.4,739.8,0,0.0,0,0,18-APR-2022,
OPTIDX,MIDCPNIFTY,10-May-2022,8150.0,PE,0.0,0.0,0.0,1454.4,784.4,0,0.0,0,0,18-APR-2022,
OPTIDX,MIDCPNIFTY,10-May-2022,8200.0,PE,0.0,0.0,0.0,1341.6,829.7,0,0.0,0,0,18-APR-2022,
OPTIDX,MIDCPNIFTY,10-May-2022,8250.0,PE,0.0,0.0,0.0,1386.95,875.55,0,0.0,0,0,18-APR-2022,
OPTIDX,MIDCPNIFTY,10-May-2022,8300.0,PE,0.0,0.0,0.0,1432.65,922.0,0,0.0,0,0,18-APR-2022,
OPTIDX,MIDCPNIFTY,10-May-2022,8350.0,PE,0.0,0.0,0.0,1478.7,968.9,0,0.0,0,0,18-APR-2022,
OPTIDX,MIDCPNIFTY,10-May-2022,8400.0,PE,0.0,0.0,0.0,1481.35,1016.25,0,0.0,0,0,18-APR-2022,
OPTIDX,MIDCPNIFTY,10-May-2022,8450.0,PE,0.0,0.0,0.0,1491.35,1064.0,0,0.0,0,0,18-APR-2022,
OPTIDX,MIDCPNIFTY,10-May-2022,8500.0,PE,0.0,0.0,0.0,1392.35,1112.0,0,0.0,0,0,18-APR-2022,
OPTIDX,MIDCPNIFTY,10-May-2022,8550.0,PE,0.0,0.0,0.0,1438.45,1160.35,0,0.0,0,0,18-APR-2022,
OPTIDX,MIDCPNIFTY,10-May-2022,8600.0,PE,0.0,0.0,0.0,1484.9,1208.9,0,0.0,0,0,18-APR-2022,
OPTIDX,MIDCPNIFTY,10-May-2022,8650.0,PE,0.0,0.0,0.0,1415.35,1257.7,0,0.0,0,0,18-APR-2022,
OPTIDX,MIDCPNIFTY,10-May-2022,8700.0,PE,0.0,0.0,0.0,1461.8,1306.65,0,0.0,0,0,18-APR-2022,
OPTIDX,MIDCPNIFTY,10-May-2022,8750.0,PE,0.0,0.0,0.0,1498.95,1355.75,0,0.0,0,0,18-APR-2022,
OPTIDX,MIDCPNIFTY,10-May-2022,8800.0,PE,0.0,0.0,0.0,1476.8,1405.0,0,0.0,0,0,18-APR-2022,
OPTIDX,MIDCPNIFTY,10-May-2022,8850.0,PE,0.0,0.0,0.0,1430.5,1454.35,0,0.0,0,0,18-APR-2022,
OPTIDX,MIDCPNIFTY,10-May-2022,8900.0,PE,0.0,0.0,0.0,1478.45,1503.8,0,0.0,0,0,18-APR-2022,
OPTIDX,MIDCPNIFTY,10-May-2022,8950.0,PE,0.0,0.0,0.0,1435.85,1553.35,0,0.0,0,0,18-APR-2022,
OPTIDX,MIDCPNIFTY,10-May-2022,9000.0,PE,0.0,0.0,0.0,1483.85,1602.95,0,0.0,0,0,18-APR-2022,
OPTIDX,MIDCPNIFTY,10-May-2022,9050.0,PE,0.0,0.0,0.0,1428.5,1652.55,0,0.0,0,0,18-APR-2022,
OPTIDX,MIDCPNIFTY,10-May-2022,9100.0,PE,0.0,0.0,0.0,1476.5,1702.25,0,0.0,0,0,18-APR-2022,
OPTIDX,MIDCPNIFTY,10-May-2022,9150.0,PE,0.0,0.0,0.0,1497.6,1752.0,0,0.0,0,0,18-APR-2022,
OPTIDX,MIDCPNIFTY,17-May-2022,5450.0,CE,0.0,0.0,0.0,1531.95,1943.85,0,0.0,0,0,18-APR-2022,
OPTIDX,MIDCPNIFTY,17-May-2022,5500.0,CE,0.0,0.0,0.0,1484.45,1894.0,0,0.0,0,0,18-APR-2022,
OPTIDX,MIDCPNIFTY,17-May-2022,5550.0,CE,0.0,0.0,0.0,1437.3,1844.2,0,0.0,0,0,18-APR-2022,
OPTIDX,MIDCPNIFTY,17-May-2022,5600.0,CE,0.0,0.0,0.0,1390.45,1794.4,0,0.0,0,0,18-APR-2022,
OPTIDX,MIDCPNIFTY,17-May-2022,5650.0,CE,0.0,0.0,0.0,1344.05,1744.65,0,0.0,0,0,18-APR-2022,
OPTIDX,MIDCPNIFTY,17-May-2022,5700.0,CE,0.0,0.0,0.0,1298.0,1694.9,0,0.0,0,0,18-APR-2022,
OPTIDX,MIDCPNIFTY,17-May-2022,5750.0,CE,0.0,0.0,0.0,1252.5,1645.2,0,0.0,0,0,18-APR-2022,
OPTIDX,MIDCPNIFTY,17-May-2022,5800.0,CE,0.0,0.0,0.0,1207.45,1595.5,0,0.0,0,0,18-APR-2022,
OPTIDX,MIDCPNIFTY,17-May-2022,5850.0,CE,0.0,0.0,0.0,1162.95,1545.85,0,0.0,0,0,18-APR-2022,
OPTIDX,MIDCPNIFTY,17-May-2022,5900.0,CE,0.0,0.0,0.0,1119.05,1496.3,0,0.0,0,0,18-APR-2022,
OPTIDX,MIDCPNIFTY,17-May-2022,5950.0,CE,0.0,0.0,0.0,1075.75,1446.85,0,0.0,0,0,18-APR-2022,
OPTIDX,MIDCPNIFTY,17-May-2022,6000.0,CE,0.0,0.0,0.0,1033.1,1397.5,0,0.0,0,0,18-APR-2022,
OPTIDX,MIDCPNIFTY,17-May-2022,6050.0,CE,0.0,0.0,0.0,991.15,1348.25,0,0.0,0,0,18-APR-2022,
OPTIDX,MIDCPNIFTY,17-May-2022,6100.0,CE,0.0,0.0,0.0,950.0,1299.15,0,0.0,0,0,18-APR-2022,
OPTIDX,MIDCPNIFTY,17-May-2022,6150.0,CE,0.0,0.0,0.0,909.55,1250.3,0,0.0,0,0,18-APR-2022,
OPTIDX,MIDCPNIFTY,17-May-2022,6200.0,CE,0.0,0.0,0.0,869.95,1201.65,0,0.0,0,0,18-APR-2022,
OPTIDX,MIDCPNIFTY,17-May-2022,6250.0,CE,0.0,0.0,0.0,831.2,1153.3,0,0.0,0,0,18-APR-2022,
OPTIDX,MIDCPNIFTY,17-May-2022,6300.0,CE,0.0,0.0,0.0,793.3,1105.25,0,0.0,0,0,18-APR-2022,
OPTIDX,MIDCPNIFTY,17-May-2022,6350.0,CE,0.0,0.0,0.0,756.6,1057.6,0,0.0,0,0,18-APR-2022,
OPTIDX,MIDCPNIFTY,17-May-2022,6400.0,CE,0.0,0.0,0.0,720.5,1010.35,0,0.0,0,0,18-APR-2022,
OPTIDX,MIDCPNIFTY,17-May-2022,6450.0,CE,0.0,0.0,0.0,685.1,963.65,0,0.0,0,0,18-APR-2022,
OPTIDX,MIDCPNIFTY,17-May-2022,6500.0,CE,0.0,0.0,0.0,651.05,917.5,0,0.0,0,0,18-APR-2022,
OPTIDX,MIDCPNIFTY,17-May-2022,6550.0,CE,0.0,0.0,0.0,618.0,871.95,0,0.0,0,0,18-APR-2022,
OPTIDX,MIDCPNIFTY,17-May-2022,6600.0,CE,0.0,0.0,0.0,585.95,827.15,0,0.0,0,0,18-APR-2022,
OPTIDX,MIDCPNIFTY,17-May-2022,6650.0,CE,0.0,0.0,0.0,554.95,783.15,0,0.0,0,0,18-APR-2022,
OPTIDX,MIDCPNIFTY,17-May-2022,6700.0,CE,0.0,0.0,0.0,525.0,739.95,0,0.0,0,0,18-APR-2022,
OPTIDX,MIDCPNIFTY,17-May-2022,6750.0,CE,0.0,0.0,0.0,496.1,697.75,0,0.0,0,0,18-APR-2022,
OPTIDX,MIDCPNIFTY,17-May-2022,6800.0,CE,0.0,0.0,0.0,468.3,656.5,0,0.0,0,0,18-APR-2022,
OPTIDX,MIDCPNIFTY,17-May-2022,6850.0,CE,0.0,0.0,0.0,441.5,616.4,0,0.0,0,0,18-APR-2022,
OPTIDX,MIDCPNIFTY,17-May-2022,6900.0,CE,0.0,0.0,0.0,415.8,577.4,0,0.0,0,0,18-APR-2022,
OPTIDX,MIDCPNIFTY,17-May-2022,6950.0,CE,0.0,0.0,0.0,391.1,539.95,0,0.0,0,0,18-APR-2022,
OPTIDX,MIDCPNIFTY,17-May-2022,7000.0,CE,0.0,0.0,0.0,367.5,503.4,0,0.0,0,0,18-APR-2022,
OPTIDX,MIDCPNIFTY,17-May-2022,7050.0,CE,0.0,0.0,0.0,344.9,468.0,0,0.0,0,0,18-APR-2022,
OPTIDX,MIDCPNIFTY,17-May-2022,7100.0,CE,0.0,0.0,0.0,323.35,434.25,0,0.0,0,0,18-APR-2022,
OPTIDX,MIDCPNIFTY,17-May-2022,7150.0,CE,0.0,0.0,0.0,302.8,402.0,0,0.0,0,0,18-APR-2022,
OPTIDX,MIDCPNIFTY,17-May-2022,7200.0,CE,0.0,0.0,0.0,283.25,371.15,0,0.0,0,0,18-APR-2022,
OPTIDX,MIDCPNIFTY,17-May-2022,7250.0,CE,0.0,0.0,0.0,264.65,341.85,0,0.0,0,0,18-APR-2022,
OPTIDX,MIDCPNIFTY,17-May-2022,7300.0,CE,0.0,0.0,0.0,247.0,314.05,0,0.0,0,0,18-APR-2022,
OPTIDX,MIDCPNIFTY,17-May-2022,7350.0,CE,0.0,0.0,0.0,230.3,287.75,0,0.0,0,0,18-APR-2022,
OPTIDX,MIDCPNIFTY,17-May-2022,7400.0,CE,0.0,0.0,0.0,214.45,262.9,0,0.0,0,0,18-APR-2022,
OPTIDX,MIDCPNIFTY,17-May-2022,7450.0,CE,0.0,0.0,0.0,199.5,239.65,0,0.0,0,0,18-APR-2022,
OPTIDX,MIDCPNIFTY,17-May-2022,7500.0,CE,0.0,0.0,0.0,185.4,217.8,0,0.0,0,0,18-APR-2022,
OPTIDX,MIDCPNIFTY,17-May-2022,7550.0,CE,0.0,0.0,0.0,172.1,197.45,0,0.0,0,0,18-APR-2022,
OPTIDX,MIDCPNIFTY,17-May-2022,7600.0,CE,0.0,0.0,0.0,159.9,178.55,0,0.0,0,0,18-APR-2022,
OPTIDX,MIDCPNIFTY,17-May-2022,7650.0,CE,0.0,0.0,0.0,148.2,161.0,0,0.0,0,0,18-APR-2022,
OPTIDX,MIDCPNIFTY,17-May-2022,7700.0,CE,0.0,0.0,0.0,137.2,144.8,0,0.0,0,0,18-APR-2022,
OPTIDX,MIDCPNIFTY,17-May-2022,7750.0,CE,0.0,0.0,0.0,126.6,129.85,0,0.0,0,0,18-APR-2022,
OPTIDX,MIDCPNIFTY,17-May-2022,7800.0,CE,0.0,0.0,0.0,116.9,116.15,0,0.0,0,0,18-APR-2022,
OPTIDX,MIDCPNIFTY,17-May-2022,7850.0,CE,0.0,0.0,0.0,107.85,103.95,0,0.0,0,0,18-APR-2022,
OPTIDX,MIDCPNIFTY,17-May-2022,7900.0,CE,0.0,0.0,0.0,99.4,92.3,0,0.0,0,0,18-APR-2022,
OPTIDX,MIDCPNIFTY,17-May-2022,7950.0,CE,0.0,0.0,0.0,91.5,81.9,0,0.0,0,0,18-APR-2022,
OPTIDX,MIDCPNIFTY,17-May-2022,8000.0,CE,0.0,0.0,0.0,84.15,72.5,0,0.0,0,0,18-APR-2022,
OPTIDX,MIDCPNIFTY,17-May-2022,8050.0,CE,0.0,0.0,0.0,77.35,64.0,0,0.0,0,0,18-APR-2022,
OPTIDX,MIDCPNIFTY,17-May-2022,8100.0,CE,0.0,0.0,0.0,71.0,56.35,0,0.0,0,0,18-APR-2022,
OPTIDX,MIDCPNIFTY,17-May-2022,8150.0,CE,0.0,0.0,0.0,65.1,49.45,0,0.0,0,0,18-APR-2022,
OPTIDX,MIDCPNIFTY,17-May-2022,8200.0,CE,0.0,0.0,0.0,59.65,43.3,0,0.0,0,0,18-APR-2022,
OPTIDX,MIDCPNIFTY,17-May-2022,8250.0,CE,0.0,0.0,0.0,54.6,37.85,0,0.0,0,0,18-APR-2022,
OPTIDX,MIDCPNIFTY,17-May-2022,8300.0,CE,0.0,0.0,0.0,49.9,32.95,0,0.0,0,0,18-APR-2022,
OPTIDX,MIDCPNIFTY,17-May-2022,8350.0,CE,0.0,0.0,0.0,45.6,28.65,0,0.0,0,0,18-APR-2022,
OPTIDX,MIDCPNIFTY,17-May-2022,8400.0,CE,0.0,0.0,0.0,41.6,24.8,0,0.0,0,0,18-APR-2022,
OPTIDX,MIDCPNIFTY,17-May-2022,8450.0,CE,0.0,0.0,0.0,37.95,21.45,0,0.0,0,0,18-APR-2022,
OPTIDX,MIDCPNIFTY,17-May-2022,8500.0,CE,0.0,0.0,0.0,48.4,18.5,0,0.0,0,0,18-APR-2022,
OPTIDX,MIDCPNIFTY,17-May-2022,8550.0,CE,0.0,0.0,0.0,44.25,15.9,0,0.0,0,0,18-APR-2022,
OPTIDX,MIDCPNIFTY,17-May-2022,8600.0,CE,0.0,0.0,0.0,40.4,13.65,0,0.0,0,0,18-APR-2022,
OPTIDX,MIDCPNIFTY,17-May-2022,8650.0,CE,0.0,0.0,0.0,43.4,11.7,0,0.0,0,0,18-APR-2022,
OPTIDX,MIDCPNIFTY,17-May-2022,8700.0,CE,0.0,0.0,0.0,39.55,10.0,0,0.0,0,0,18-APR-2022,
OPTIDX,MIDCPNIFTY,17-May-2022,8750.0,CE,0.0,0.0,0.0,30.6,8.5,0,0.0,0,0,18-APR-2022,
OPTIDX,MIDCPNIFTY,17-May-2022,8800.0,CE,0.0,0.0,0.0,22.95,7.2,0,0.0,0,0,18-APR-2022,
OPTIDX,MIDCPNIFTY,17-May-2022,8850.0,CE,0.0,0.0,0.0,22.9,6.1,0,0.0,0,0,18-APR-2022,
OPTIDX,MIDCPNIFTY,17-May-2022,8900.0,CE,0.0,0.0,0.0,20.4,5.2,0,0.0,0,0,18-APR-2022,
OPTIDX,MIDCPNIFTY,17-May-2022,8950.0,CE,0.0,0.0,0.0,22.5,4.35,0,0.0,0,0,18-APR-2022,
OPTIDX,MIDCPNIFTY,17-May-2022,9000.0,CE,0.0,0.0,0.0,20.05,3.7,0,0.0,0,0,18-APR-2022,
OPTIDX,MIDCPNIFTY,17-May-2022,9050.0,CE,0.0,0.0,0.0,22.95,3.1,0,0.0,0,0,18-APR-2022,
OPTIDX,MIDCPNIFTY,17-May-2022,9100.0,CE,0.0,0.0,0.0,20.45,2.6,0,0.0,0,0,18-APR-2022,
OPTIDX,MIDCPNIFTY,17-May-2022,9150.0,CE,0.0,0.0,0.0,18.5,2.15,0,0.0,0,0,18-APR-2022,
OPTIDX,MIDCPNIFTY,17-May-2022,5450.0,PE,0.0,0.0,0.0,11.4,0.05,0,0.0,0,0,18-APR-2022,
OPTIDX,MIDCPNIFTY,17-May-2022,5500.0,PE,0.0,0.0,0.0,13.5,0.1,0,0.0,0,0,18-APR-2022,
OPTIDX,MIDCPNIFTY,17-May-2022,5550.0,PE,0.0,0.0,0.0,16.0,0.1,0,0.0,0,0,18-APR-2022,
OPTIDX,MIDCPNIFTY,17-May-2022,5600.0,PE,0.0,0.0,0.0,18.8,0.15,0,0.0,0,0,18-APR-2022,
OPTIDX,MIDCPNIFTY,17-May-2022,5650.0,PE,0.0,0.0,0.0,22.0,0.25,0,0.0,0,0,18-APR-2022,
OPTIDX,MIDCPNIFTY,17-May-2022,5700.0,PE,0.0,0.0,0.0,25.65,0.3,0,0.0,0,0,18-APR-2022,
OPTIDX,MIDCPNIFTY,17-May-2022,5750.0,PE,0.0,0.0,0.0,29.75,0.45,0,0.0,0,0,18-APR-2022,
OPTIDX,MIDCPNIFTY,17-May-2022,5800.0,PE,0.0,0.0,0.0,34.35,0.6,0,0.0,0,0,18-APR-2022,
OPTIDX,MIDCPNIFTY,17-May-2022,5850.0,PE,0.0,0.0,0.0,39.5,0.8,0,0.0,0,0,18-APR-2022,
OPTIDX,MIDCPNIFTY,17-May-2022,5900.0,PE,0.0,0.0,0.0,45.2,1.1,0,0.0,0,0,18-APR-2022,
OPTIDX,MIDCPNIFTY,17-May-2022,5950.0,PE,0.0,0.0,0.0,51.55,1.45,0,0.0,0,0,18-APR-2022,
OPTIDX,MIDCPNIFTY,17-May-2022,6000.0,PE,0.0,0.0,0.0,58.6,1.9,0,0.0,0,0,18-APR-2022,
OPTIDX,MIDCPNIFTY,17-May-2022,6050.0,PE,0.0,0.0,0.0,66.3,2.5,0,0.0,0,0,18-APR-2022,
OPTIDX,MIDCPNIFTY,17-May-2022,6100.0,PE,0.0,0.0,0.0,74.75,3.3,0,0.0,0,0,18-APR-2022,
OPTIDX,MIDCPNIFTY,17-May-2022,6150.0,PE,0.0,0.0,0.0,83.95,4.25,0,0.0,0,0,18-APR-2022,
OPTIDX,MIDCPNIFTY,17-May-2022,6200.0,PE,0.0,0.0,0.0,94.0,5.45,0,0.0,0,0,18-APR-2022,
OPTIDX,MIDCPNIFTY,17-May-2022,6250.0,PE,0.0,0.0,0.0,104.9,6.9,0,0.0,0,0,18-APR-2022,
OPTIDX,MIDCPNIFTY,17-May-2022,6300.0,PE,0.0,0.0,0.0,116.65,8.7,0,0.0,0,0,18-APR-2022,
OPTIDX,MIDCPNIFTY,17-May-2022,6350.0,PE,0.0,0.0,0.0,129.55,10.9,0,0.0,0,0,18-APR-2022,
OPTIDX,MIDCPNIFTY,17-May-2022,6400.0,PE,0.0,0.0,0.0,143.1,13.5,0,0.0,0,0,18-APR-2022,
OPTIDX,MIDCPNIFTY,17-May-2022,6450.0,PE,0.0,0.0,0.0,157.35,16.6,0,0.0,0,0,18-APR-2022,
OPTIDX,MIDCPNIFTY,17-May-2022,6500.0,PE,0.0,0.0,0.0,172.9,20.3,0,0.0,0,0,18-APR-2022,
OPTIDX,MIDCPNIFTY,17-May-2022,6550.0,PE,0.0,0.0,0.0,189.5,24.6,0,0.0,0,0,18-APR-2022,
OPTIDX,MIDCPNIFTY,17-May-2022,6600.0,PE,0.0,0.0,0.0,207.1,29.65,0,0.0,0,0,18-APR-2022,
OPTIDX,MIDCPNIFTY,17-May-2022,6650.0,PE,0.0,0.0,0.0,225.75,35.45,0,0.0,0,0,18-APR-2022,
OPTIDX,MIDCPNIFTY,17-May-2022,6700.0,PE,0.0,0.0,0.0,245.45,42.1,0,0.0,0,0,18-APR-2022,
OPTIDX,MIDCPNIFTY,17-May-2022,6750.0,PE,0.0,0.0,0.0,266.2,49.75,0,0.0,0,0,18-APR-2022,
OPTIDX,MIDCPNIFTY,17-May-2022,6800.0,PE,0.0,0.0,0.0,288.0,58.35,0,0.0,0,0,18-APR-2022,
OPTIDX,MIDCPNIFTY,17-May-2022,6850.0,PE,0.0,0.0,0.0,310.9,68.05,0,0.0,0,0,18-APR-2022,
OPTIDX,MIDCPNIFTY,17-May-2022,6900.0,PE,0.0,0.0,0.0,334.8,78.9,0,0.0,0,0,18-APR-2022,
OPTIDX,MIDCPNIFTY,17-May-2022,6950.0,PE,0.0,0.0,0.0,359.75,91.3,0,0.0,0,0,18-APR-2022,
OPTIDX,MIDCPNIFTY,17-May-2022,7000.0,PE,0.0,0.0,0.0,385.8,104.55,0,0.0,0,0,18-APR-2022,
OPTIDX,MIDCPNIFTY,17-May-2022,7050.0,PE,0.0,0.0,0.0,412.85,119.0,0,0.0,0,0,18-APR-2022,
OPTIDX,MIDCPNIFTY,17-May-2022,7100.0,PE,0.0,0.0,0.0,440.95,135.1,0,0.0,0,0,18-APR-2022,
OPTIDX,MIDCPNIFTY,17-May-2022,7150.0,PE,0.0,0.0,0.0,470.05,152.65,0,0.0,0,0,18-APR-2022,
OPTIDX,MIDCPNIFTY,17-May-2022,7200.0,PE,0.0,0.0,0.0,500.1,171.7,0,0.0,0,0,18-APR-2022,
OPTIDX,MIDCPNIFTY,17-May-2022,7250.0,PE,0.0,0.0,0.0,531.15,192.2,0,0.0,0,0,18-APR-2022,
OPTIDX,MIDCPNIFTY,17-May-2022,7300.0,PE,0.0,0.0,0.0,563.15,214.25,0,0.0,0,0,18-APR-2022,
OPTIDX,MIDCPNIFTY,17-May-2022,7350.0,PE,0.0,0.0,0.0,596.1,237.75,0,0.0,0,0,18-APR-2022,
OPTIDX,MIDCPNIFTY,17-May-2022,7400.0,PE,0.0,0.0,0.0,629.9,262.8,0,0.0,0,0,18-APR-2022,
OPTIDX,MIDCPNIFTY,17-May-2022,7450.0,PE,0.0,0.0,0.0,664.55,289.35,0,0.0,0,0,18-APR-2022,
OPTIDX,MIDCPNIFTY,17-May-2022,7500.0,PE,0.0,0.0,0.0,700.1,317.35,0,0.0,0,0,18-APR-2022,
OPTIDX,MIDCPNIFTY,17-May-2022,7550.0,PE,0.0,0.0,0.0,736.45,346.85,0,0.0,0,0,18-APR-2022,
OPTIDX,MIDCPNIFTY,17-May-2022,7600.0,PE,0.0,0.0,0.0,773.9,377.75,0,0.0,0,0,18-APR-2022,
OPTIDX,MIDCPNIFTY,17-May-2022,7650.0,PE,0.0,0.0,0.0,811.8,410.05,0,0.0,0,0,18-APR-2022,
OPTIDX,MIDCPNIFTY,17-May-2022,7700.0,PE,0.0,0.0,0.0,850.5,443.7,0,0.0,0,0,18-APR-2022,
OPTIDX,MIDCPNIFTY,17-May-2022,7750.0,PE,0.0,0.0,0.0,889.5,478.6,0,0.0,0,0,18-APR-2022,
OPTIDX,MIDCPNIFTY,17-May-2022,7800.0,PE,0.0,0.0,0.0,929.45,514.7,0,0.0,0,0,18-APR-2022,
OPTIDX,MIDCPNIFTY,17-May-2022,7850.0,PE,0.0,0.0,0.0,970.05,552.4,0,0.0,0,0,18-APR-2022,
OPTIDX,MIDCPNIFTY,17-May-2022,7900.0,PE,0.0,0.0,0.0,1011.25,590.55,0,0.0,0,0,18-APR-2022,
OPTIDX,MIDCPNIFTY,17-May-2022,7950.0,PE,0.0,0.0,0.0,1053.0,630.0,0,0.0,0,0,18-APR-2022,
OPTIDX,MIDCPNIFTY,17-May-2022,8000.0,PE,0.0,0.0,0.0,1095.3,670.4,0,0.0,0,0,18-APR-2022,
OPTIDX,MIDCPNIFTY,17-May-2022,8050.0,PE,0.0,0.0,0.0,1138.1,711.75,0,0.0,0,0,18-APR-2022,
OPTIDX,MIDCPNIFTY,17-May-2022,8100.0,PE,0.0,0.0,0.0,1181.4,753.95,0,0.0,0,0,18-APR-2022,
OPTIDX,MIDCPNIFTY,17-May-2022,8150.0,PE,0.0,0.0,0.0,1225.15,796.9,0,0.0,0,0,18-APR-2022,
OPTIDX,MIDCPNIFTY,17-May-2022,8200.0,PE,0.0,0.0,0.0,1269.35,840.6,0,0.0,0,0,18-APR-2022,
OPTIDX,MIDCPNIFTY,17-May-2022,8250.0,PE,0.0,0.0,0.0,1313.9,884.95,0,0.0,0,0,18-APR-2022,
OPTIDX,MIDCPNIFTY,17-May-2022,8300.0,PE,0.0,0.0,0.0,1358.9,929.9,0,0.0,0,0,18-APR-2022,
OPTIDX,MIDCPNIFTY,17-May-2022,8350.0,PE,0.0,0.0,0.0,1404.2,975.4,0,0.0,0,0,18-APR-2022,
OPTIDX,MIDCPNIFTY,17-May-2022,8400.0,PE,0.0,0.0,0.0,1449.9,1021.45,0,0.0,0,0,18-APR-2022,
OPTIDX,MIDCPNIFTY,17-May-2022,8450.0,PE,0.0,0.0,0.0,1495.85,1067.9,0,0.0,0,0,18-APR-2022,
OPTIDX,MIDCPNIFTY,17-May-2022,8500.0,PE,0.0,0.0,0.0,1396.05,1114.8,0,0.0,0,0,18-APR-2022,
OPTIDX,MIDCPNIFTY,17-May-2022,8550.0,PE,0.0,0.0,0.0,1441.55,1162.05,0,0.0,0,0,18-APR-2022,
OPTIDX,MIDCPNIFTY,17-May-2022,8600.0,PE,0.0,0.0,0.0,1487.35,1209.6,0,0.0,0,0,18-APR-2022,
OPTIDX,MIDCPNIFTY,17-May-2022,8650.0,PE,0.0,0.0,0.0,1418.75,1257.5,0,0.0,0,0,18-APR-2022,
OPTIDX,MIDCPNIFTY,17-May-2022,8700.0,PE,0.0,0.0,0.0,1464.6,1305.6,0,0.0,0,0,18-APR-2022,
OPTIDX,MIDCPNIFTY,17-May-2022,8750.0,PE,0.0,0.0,0.0,1500.55,1353.95,0,0.0,0,0,18-APR-2022,
OPTIDX,MIDCPNIFTY,17-May-2022,8800.0,PE,0.0,0.0,0.0,1477.45,1402.55,0,0.0,0,0,18-APR-2022,
OPTIDX,MIDCPNIFTY,17-May-2022,8850.0,PE,0.0,0.0,0.0,1431.5,1451.25,0,0.0,0,0,18-APR-2022,
OPTIDX,MIDCPNIFTY,17-May-2022,8900.0,PE,0.0,0.0,0.0,1478.75,1500.15,0,0.0,0,0,18-APR-2022,
OPTIDX,MIDCPNIFTY,17-May-2022,8950.0,PE,0.0,0.0,0.0,1436.95,1549.2,0,0.0,0,0,18-APR-2022,
OPTIDX,MIDCPNIFTY,17-May-2022,9000.0,PE,0.0,0.0,0.0,1484.25,1598.35,0,0.0,0,0,18-APR-2022,
OPTIDX,MIDCPNIFTY,17-May-2022,9050.0,PE,0.0,0.0,0.0,1429.8,1647.6,0,0.0,0,0,18-APR-2022,
OPTIDX,MIDCPNIFTY,17-May-2022,9100.0,PE,0.0,0.0,0.0,1477.05,1696.95,0,0.0,0,0,18-APR-2022,
OPTIDX,MIDCPNIFTY,17-May-2022,9150.0,PE,0.0,0.0,0.0,1497.7,1746.35,0,0.0,0,0,18-APR-2022,
OPTIDX,MIDCPNIFTY,24-May-2022,5650.0,CE,0.0,0.0,0.0,1560.65,1750.3,0,0.0,0,0,18-APR-2022,
OPTIDX,MIDCPNIFTY,24-May-2022,5700.0,CE,0.0,0.0,0.0,1513.25,1700.7,0,0.0,0,0,18-APR-2022,
OPTIDX,MIDCPNIFTY,24-May-2022,5750.0,CE,0.0,0.0,0.0,1466.2,1651.2,0,0.0,0,0,18-APR-2022,
OPTIDX,MIDCPNIFTY,24-May-2022,5800.0,CE,0.0,0.0,0.0,1419.5,1601.8,0,0.0,0,0,18-APR-2022,
OPTIDX,MIDCPNIFTY,24-May-2022,5850.0,CE,0.0,0.0,0.0,1373.15,1552.45,0,0.0,0,0,18-APR-2022,
OPTIDX,MIDCPNIFTY,24-May-2022,5900.0,CE,0.0,0.0,0.0,1327.3,1503.2,0,0.0,0,0,18-APR-2022,
OPTIDX,MIDCPNIFTY,24-May-2022,5950.0,CE,0.0,0.0,0.0,1281.85,1454.15,0,0.0,0,0,18-APR-2022,
OPTIDX,MIDCPNIFTY,24-May-2022,6000.0,CE,0.0,0.0,0.0,1236.9,1405.2,0,0.0,0,0,18-APR-2022,
OPTIDX,MIDCPNIFTY,24-May-2022,6050.0,CE,0.0,0.0,0.0,1192.5,1356.5,0,0.0,0,0,18-APR-2022,
OPTIDX,MIDCPNIFTY,24-May-2022,6100.0,CE,0.0,0.0,0.0,1148.65,1308.05,0,0.0,0,0,18-APR-2022,
OPTIDX,MIDCPNIFTY,24-May-2022,6150.0,CE,0.0,0.0,0.0,1105.4,1259.8,0,0.0,0,0,18-APR-2022,
OPTIDX,MIDCPNIFTY,24-May-2022,6200.0,CE,0.0,0.0,0.0,1062.85,1211.9,0,0.0,0,0,18-APR-2022,
OPTIDX,MIDCPNIFTY,24-May-2022,6250.0,CE,0.0,0.0,0.0,1020.95,1164.35,0,0.0,0,0,18-APR-2022,
OPTIDX,MIDCPNIFTY,24-May-2022,6300.0,CE,0.0,0.0,0.0,979.75,1117.25,0,0.0,0,0,18-APR-2022,
OPTIDX,MIDCPNIFTY,24-May-2022,6350.0,CE,0.0,0.0,0.0,939.3,1070.55,0,0.0,0,0,18-APR-2022,
OPTIDX,MIDCPNIFTY,24-May-2022,6400.0,CE,0.0,0.0,0.0,899.65,1024.4,0,0.0,0,0,18-APR-2022,
OPTIDX,MIDCPNIFTY,24-May-2022,6450.0,CE,0.0,0.0,0.0,860.8,978.8,0,0.0,0,0,18-APR-2022,
OPTIDX,MIDCPNIFTY,24-May-2022,6500.0,CE,0.0,0.0,0.0,822.85,933.85,0,0.0,0,0,18-APR-2022,
OPTIDX,MIDCPNIFTY,24-May-2022,6550.0,CE,0.0,0.0,0.0,785.95,889.55,0,0.0,0,0,18-APR-2022,
OPTIDX,MIDCPNIFTY,24-May-2022,6600.0,CE,0.0,0.0,0.0,749.7,846.05,0,0.0,0,0,18-APR-2022,
OPTIDX,MIDCPNIFTY,24-May-2022,6650.0,CE,0.0,0.0,0.0,714.1,803.35,0,0.0,0,0,18-APR-2022,
OPTIDX,MIDCPNIFTY,24-May-2022,6700.0,CE,0.0,0.0,0.0,679.8,761.5,0,0.0,0,0,18-APR-2022,
OPTIDX,MIDCPNIFTY,24-May-2022,6750.0,CE,0.0,0.0,0.0,646.45,720.6,0,0.0,0,0,18-APR-2022,
OPTIDX,MIDCPNIFTY,24-May-2022,6800.0,CE,0.0,0.0,0.0,614.15,680.7,0,0.0,0,0,18-APR-2022,
OPTIDX,MIDCPNIFTY,24-May-2022,6850.0,CE,0.0,0.0,0.0,582.8,641.9,0,0.0,0,0,18-APR-2022,
OPTIDX,MIDCPNIFTY,24-May-2022,6900.0,CE,0.0,0.0,0.0,552.45,604.45,0,0.0,0,0,18-APR-2022,
OPTIDX,MIDCPNIFTY,24-May-2022,6950.0,CE,0.0,0.0,0.0,523.15,567.8,0,0.0,0,0,18-APR-2022,
OPTIDX,MIDCPNIFTY,24-May-2022,7000.0,CE,0.0,0.0,0.0,494.9,532.1,0,0.0,0,0,18-APR-2022,
OPTIDX,MIDCPNIFTY,24-May-2022,7050.0,CE,0.0,0.0,0.0,467.65,498.0,0,0.0,0,0,18-APR-2022,
OPTIDX,MIDCPNIFTY,24-May-2022,7100.0,CE,0.0,0.0,0.0,441.45,465.15,0,0.0,0,0,18-APR-2022,
OPTIDX,MIDCPNIFTY,24-May-2022,7150.0,CE,0.0,0.0,0.0,416.2,433.65,0,0.0,0,0,18-APR-2022,
OPTIDX,MIDCPNIFTY,24-May-2022,7200.0,CE,0.0,0.0,0.0,392.05,403.45,0,0.0,0,0,18-APR-2022,
OPTIDX,MIDCPNIFTY,24-May-2022,7250.0,CE,0.0,0.0,0.0,368.9,374.6,0,0.0,0,0,18-APR-2022,
OPTIDX,MIDCPNIFTY,24-May-2022,7300.0,CE,0.0,0.0,0.0,346.7,347.1,0,0.0,0,0,18-APR-2022,
OPTIDX,MIDCPNIFTY,24-May-2022,7350.0,CE,0.0,0.0,0.0,325.55,321.0,0,0.0,0,0,18-APR-2022,
OPTIDX,MIDCPNIFTY,24-May-2022,7400.0,CE,0.0,0.0,0.0,305.35,296.2,0,0.0,0,0,18-APR-2022,
OPTIDX,MIDCPNIFTY,24-May-2022,7450.0,CE,0.0,0.0,0.0,286.1,272.75,0,0.0,0,0,18-APR-2022,
OPTIDX,MIDCPNIFTY,24-May-2022,7500.0,CE,0.0,0.0,0.0,267.75,250.65,0,0.0,0,0,18-APR-2022,
OPTIDX,MIDCPNIFTY,24-May-2022,7550.0,CE,0.0,0.0,0.0,250.35,229.9,0,0.0,0,0,18-APR-2022,
OPTIDX,MIDCPNIFTY,24-May-2022,7600.0,CE,0.0,0.0,0.0,233.8,210.4,0,0.0,0,0,18-APR-2022,
OPTIDX,MIDCPNIFTY,24-May-2022,7650.0,CE,0.0,0.0,0.0,218.15,192.15,0,0.0,0,0,18-APR-2022,
OPTIDX,MIDCPNIFTY,24-May-2022,7700.0,CE,0.0,0.0,0.0,203.35,175.1,0,0.0,0,0,18-APR-2022,
OPTIDX,MIDCPNIFTY,24-May-2022,7750.0,CE,0.0,0.0,0.0,189.35,159.25,0,0.0,0,0,18-APR-2022,
OPTIDX,MIDCPNIFTY,24-May-2022,7800.0,CE,0.0,0.0,0.0,176.1,144.5,0,0.0,0,0,18-APR-2022,
OPTIDX,MIDCPNIFTY,24-May-2022,7850.0,CE,0.0,0.0,0.0,164.0,130.9,0,0.0,0,0,18-APR-2022,
OPTIDX,MIDCPNIFTY,24-May-2022,7900.0,CE,0.0,0.0,0.0,152.35,118.65,0,0.0,0,0,18-APR-2022,
OPTIDX,MIDCPNIFTY,24-May-2022,7950.0,CE,0.0,0.0,0.0,141.35,107.15,0,0.0,0,0,18-APR-2022,
OPTIDX,MIDCPNIFTY,24-May-2022,8000.0,CE,0.0,0.0,0.0,130.7,96.15,0,0.0,0,0,18-APR-2022,
OPTIDX,MIDCPNIFTY,24-May-2022,8050.0,CE,0.0,0.0,0.0,121.0,86.4,0,0.0,0,0,18-APR-2022,
OPTIDX,MIDCPNIFTY,24-May-2022,8100.0,CE,0.0,0.0,0.0,111.9,77.45,0,0.0,0,0,18-APR-2022,
OPTIDX,MIDCPNIFTY,24-May-2022,8150.0,CE,0.0,0.0,0.0,103.4,69.3,0,0.0,0,0,18-APR-2022,
OPTIDX,MIDCPNIFTY,24-May-2022,8200.0,CE,0.0,0.0,0.0,95.45,61.9,0,0.0,0,0,18-APR-2022,
OPTIDX,MIDCPNIFTY,24-May-2022,8250.0,CE,0.0,0.0,0.0,88.0,55.15,0,0.0,0,0,18-APR-2022,
OPTIDX,MIDCPNIFTY,24-May-2022,8300.0,CE,0.0,0.0,0.0,81.1,49.05,0,0.0,0,0,18-APR-2022,
OPTIDX,MIDCPNIFTY,24-May-2022,8350.0,CE,0.0,0.0,0.0,74.65,43.55,0,0.0,0,0,18-APR-2022,
OPTIDX,MIDCPNIFTY,24-May-2022,8400.0,CE,0.0,0.0,0.0,68.65,38.55,0,0.0,0,0,18-APR-2022,
OPTIDX,MIDCPNIFTY,24-May-2022,8450.0,CE,0.0,0.0,0.0,63.05,34.1,0,0.0,0,0,18-APR-2022,
OPTIDX,MIDCPNIFTY,24-May-2022,8500.0,CE,0.0,0.0,0.0,57.9,30.1,0,0.0,0,0,18-APR-2022,
OPTIDX,MIDCPNIFTY,24-May-2022,8550.0,CE,0.0,0.0,0.0,53.1,26.5,0,0.0,0,0,18-APR-2022,
OPTIDX,MIDCPNIFTY,24-May-2022,8600.0,CE,0.0,0.0,0.0,48.65,23.3,0,0.0,0,0,18-APR-2022,
OPTIDX,MIDCPNIFTY,24-May-2022,8650.0,CE,0.0,0.0,0.0,44.55,20.4,0,0.0,0,0,18-APR-2022,
OPTIDX,MIDCPNIFTY,24-May-2022,8700.0,CE,0.0,0.0,0.0,41.15,17.9,0,0.0,0,0,18-APR-2022,
OPTIDX,MIDCPNIFTY,24-May-2022,8750.0,CE,0.0,0.0,0.0,40.0,15.65,0,0.0,0,0,18-APR-2022,
OPTIDX,MIDCPNIFTY,24-May-2022,8800.0,CE,0.0,0.0,0.0,31.8,13.65,0,0.0,0,0,18-APR-2022,
OPTIDX,MIDCPNIFTY,24-May-2022,8850.0,CE,0.0,0.0,0.0,32.25,11.85,0,0.0,0,0,18-APR-2022,
OPTIDX,MIDCPNIFTY,24-May-2022,8900.0,CE,0.0,0.0,0.0,29.1,10.3,0,0.0,0,0,18-APR-2022,
OPTIDX,MIDCPNIFTY,24-May-2022,8950.0,CE,0.0,0.0,0.0,32.0,8.95,0,0.0,0,0,18-APR-2022,
OPTIDX,MIDCPNIFTY,24-May-2022,9000.0,CE,0.0,0.0,0.0,28.85,7.75,0,0.0,0,0,18-APR-2022,
OPTIDX,MIDCPNIFTY,24-May-2022,9050.0,CE,0.0,0.0,0.0,32.75,6.7,0,0.0,0,0,18-APR-2022,
OPTIDX,MIDCPNIFTY,24-May-2022,9100.0,CE,0.0,0.0,0.0,29.6,5.8,0,0.0,0,0,18-APR-2022,
OPTIDX,MIDCPNIFTY,24-May-2022,9150.0,CE,0.0,0.0,0.0,27.25,5.0,0,0.0,0,0,18-APR-2022,
OPTIDX,MIDCPNIFTY,24-May-2022,5650.0,PE,0.0,0.0,0.0,12.55,0.65,0,0.0,0,0,18-APR-2022,
OPTIDX,MIDCPNIFTY,24-May-2022,5700.0,PE,0.0,0.0,0.0,14.8,0.9,0,0.0,0,0,18-APR-2022,
OPTIDX,MIDCPNIFTY,24-May-2022,5750.0,PE,0.0,0.0,0.0,17.35,1.15,0,0.0,0,0,18-APR-2022,
OPTIDX,MIDCPNIFTY,24-May-2022,5800.0,PE,0.0,0.0,0.0,20.3,1.5,0,0.0,0,0,18-APR-2022,
OPTIDX,MIDCPNIFTY,24-May-2022,5850.0,PE,0.0,0.0,0.0,23.6,1.95,0,0.0,0,0,18-APR-2022,
OPTIDX,MIDCPNIFTY,24-May-2022,5900.0,PE,0.0,0.0,0.0,27.35,2.55,0,0.0,0,0,18-APR-2022,
OPTIDX,MIDCPNIFTY,24-May-2022,5950.0,PE,0.0,0.0,0.0,31.55,3.25,0,0.0,0,0,18-APR-2022,
OPTIDX,MIDCPNIFTY,24-May-2022,6000.0,PE,0.0,0.0,0.0,36.25,4.15,0,0.0,0,0,18-APR-2022,
OPTIDX,MIDCPNIFTY,24-May-2022,6050.0,PE,0.0,0.0,0.0,41.5,5.2,0,0.0,0,0,18-APR-2022,
OPTIDX,MIDCPNIFTY,24-May-2022,6100.0,PE,0.0,0.0,0.0,47.3,6.5,0,0.0,0,0,18-APR-2022,
OPTIDX,MIDCPNIFTY,24-May-2022,6150.0,PE,0.0,0.0,0.0,53.7,8.1,0,0.0,0,0,18-APR-2022,
OPTIDX,MIDCPNIFTY,24-May-2022,6200.0,PE,0.0,0.0,0.0,60.75,10.0,0,0.0,0,0,18-APR-2022,
OPTIDX,MIDCPNIFTY,24-May-2022,6250.0,PE,0.0,0.0,0.0,68.5,12.25,0,0.0,0,0,18-APR-2022,
OPTIDX,MIDCPNIFTY,24-May-2022,6300.0,PE,0.0,0.0,0.0,76.95,14.9,0,0.0,0,0,18-APR-2022,
OPTIDX,MIDCPNIFTY,24-May-2022,6350.0,PE,0.0,0.0,0.0,86.15,18.0,0,0.0,0,0,18-APR-2022,
OPTIDX,MIDCPNIFTY,24-May-2022,6400.0,PE,0.0,0.0,0.0,96.1,21.6,0,0.0,0,0,18-APR-2022,
OPTIDX,MIDCPNIFTY,24-May-2022,6450.0,PE,0.0,0.0,0.0,106.9,25.8,0,0.0,0,0,18-APR-2022,
OPTIDX,MIDCPNIFTY,24-May-2022,6500.0,PE,0.0,0.0,0.0,118.6,30.65,0,0.0,0,0,18-APR-2022,
OPTIDX,MIDCPNIFTY,24-May-2022,6550.0,PE,0.0,0.0,0.0,131.35,36.15,0,0.0,0,0,18-APR-2022,
OPTIDX,MIDCPNIFTY,24-May-2022,6600.0,PE,0.0,0.0,0.0,144.75,42.45,0,0.0,0,0,18-APR-2022,
OPTIDX,MIDCPNIFTY,24-May-2022,6650.0,PE,0.0,0.0,0.0,158.75,49.5,0,0.0,0,0,18-APR-2022,
OPTIDX,MIDCPNIFTY,24-May-2022,6700.0,PE,0.0,0.0,0.0,174.1,57.5,0,0.0,0,0,18-APR-2022,
OPTIDX,MIDCPNIFTY,24-May-2022,6750.0,PE,0.0,0.0,0.0,190.4,66.4,0,0.0,0,0,18-APR-2022,
OPTIDX,MIDCPNIFTY,24-May-2022,6800.0,PE,0.0,0.0,0.0,207.7,76.3,0,0.0,0,0,18-APR-2022,
OPTIDX,MIDCPNIFTY,24-May-2022,6850.0,PE,0.0,0.0,0.0,226.0,87.25,0,0.0,0,0,18-APR-2022,
OPTIDX,MIDCPNIFTY,24-May-2022,6900.0,PE,0.0,0.0,0.0,245.35,99.55,0,0.0,0,0,18-APR-2022,
OPTIDX,MIDCPNIFTY,24-May-2022,6950.0,PE,0.0,0.0,0.0,265.65,112.7,0,0.0,0,0,18-APR-2022,
OPTIDX,MIDCPNIFTY,24-May-2022,7000.0,PE,0.0,0.0,0.0,287.05,126.8,0,0.0,0,0,18-APR-2022,
OPTIDX,MIDCPNIFTY,24-May-2022,7050.0,PE,0.0,0.0,0.0,309.4,142.5,0,0.0,0,0,18-APR-2022,
OPTIDX,MIDCPNIFTY,24-May-2022,7100.0,PE,0.0,0.0,0.0,332.85,159.45,0,0.0,0,0,18-APR-2022,
OPTIDX,MIDCPNIFTY,24-May-2022,7150.0,PE,0.0,0.0,0.0,357.25,177.7,0,0.0,0,0,18-APR-2022,
OPTIDX,MIDCPNIFTY,24-May-2022,7200.0,PE,0.0,0.0,0.0,382.75,197.3,0,0.0,0,0,18-APR-2022,
OPTIDX,MIDCPNIFTY,24-May-2022,7250.0,PE,0.0,0.0,0.0,409.2,218.25,0,0.0,0,0,18-APR-2022,
OPTIDX,MIDCPNIFTY,24-May-2022,7300.0,PE,0.0,0.0,0.0,436.7,240.6,0,0.0,0,0,18-APR-2022,
OPTIDX,MIDCPNIFTY,24-May-2022,7350.0,PE,0.0,0.0,0.0,465.15,264.25,0,0.0,0,0,18-APR-2022,
OPTIDX,MIDCPNIFTY,24-May-2022,7400.0,PE,0.0,0.0,0.0,494.6,289.25,0,0.0,0,0,18-APR-2022,
OPTIDX,MIDCPNIFTY,24-May-2022,7450.0,PE,0.0,0.0,0.0,524.95,315.6,0,0.0,0,0,18-APR-2022,
OPTIDX,MIDCPNIFTY,24-May-2022,7500.0,PE,0.0,0.0,0.0,556.3,343.3,0,0.0,0,0,18-APR-2022,
OPTIDX,MIDCPNIFTY,24-May-2022,7550.0,PE,0.0,0.0,0.0,588.5,372.3,0,0.0,0,0,18-APR-2022,
OPTIDX,MIDCPNIFTY,24-May-2022,7600.0,PE,0.0,0.0,0.0,621.65,402.6,0,0.0,0,0,18-APR-2022,
OPTIDX,MIDCPNIFTY,24-May-2022,7650.0,PE,0.0,0.0,0.0,655.6,434.15,0,0.0,0,0,18-APR-2022,
OPTIDX,MIDCPNIFTY,24-May-2022,7700.0,PE,0.0,0.0,0.0,690.45,466.9,0,0.0,0,0,18-APR-2022,
OPTIDX,MIDCPNIFTY,24-May-2022,7750.0,PE,0.0,0.0,0.0,726.05,500.85,0,0.0,0,0,18-APR-2022,
OPTIDX,MIDCPNIFTY,24-May-2022,7800.0,PE,0.0,0.0,0.0,762.5,535.9,0,0.0,0,0,18-APR-2022,
OPTIDX,MIDCPNIFTY,24-May-2022,7850.0,PE,0.0,0.0,0.0,800.0,572.05,0,0.0,0,0,18-APR-2022,
OPTIDX,MIDCPNIFTY,24-May-2022,7900.0,PE,0.0,0.0,0.0,837.95,609.6,0,0.0,0,0,18-APR-2022,
OPTIDX,MIDCPNIFTY,24-May-2022,7950.0,PE,0.0,0.0,0.0,876.65,647.85,0,0.0,0,0,18-APR-2022,
OPTIDX,MIDCPNIFTY,24-May-2022,8000.0,PE,0.0,0.0,0.0,915.65,686.7,0,0.0,0,0,18-APR-2022,
OPTIDX,MIDCPNIFTY,24-May-2022,8050.0,PE,0.0,0.0,0.0,955.55,726.75,0,0.0,0,0,18-APR-2022,
OPTIDX,MIDCPNIFTY,24-May-2022,8100.0,PE,0.0,0.0,0.0,996.1,767.6,0,0.0,0,0,18-APR-2022,
OPTIDX,MIDCPNIFTY,24-May-2022,8150.0,PE,0.0,0.0,0.0,1037.25,809.2,0,0.0,0,0,18-APR-2022,
OPTIDX,MIDCPNIFTY,24-May-2022,8200.0,PE,0.0,0.0,0.0,1078.9,851.6,0,0.0,0,0,18-APR-2022,
OPTIDX,MIDCPNIFTY,24-May-2022,8250.0,PE,0.0,0.0,0.0,1121.15,894.65,0,0.0,0,0,18-APR-2022,
OPTIDX,MIDCPNIFTY,24-May-2022,8300.0,PE,0.0,0.0,0.0,1163.85,938.3,0,0.0,0,0,18-APR-2022,
OPTIDX,MIDCPNIFTY,24-May-2022,8350.0,PE,0.0,0.0,0.0,1207.05,982.6,0,0.0,0,0,18-APR-2022,
OPTIDX,MIDCPNIFTY,24-May-2022,8400.0,PE,0.0,0.0,0.0,1250.65,1027.4,0,0.0,0,0,18-APR-2022,
OPTIDX,MIDCPNIFTY,24-May-2022,8450.0,PE,0.0,0.0,0.0,1294.7,1072.75,0,0.0,0,0,18-APR-2022,
OPTIDX,MIDCPNIFTY,24-May-2022,8500.0,PE,0.0,0.0,0.0,1339.2,1118.5,0,0.0,0,0,18-APR-2022,
OPTIDX,MIDCPNIFTY,24-May-2022,8550.0,PE,0.0,0.0,0.0,1384.05,1164.7,0,0.0,0,0,18-APR-2022,
OPTIDX,MIDCPNIFTY,24-May-2022,8600.0,PE,0.0,0.0,0.0,1429.2,1211.3,0,0.0,0,0,18-APR-2022,
OPTIDX,MIDCPNIFTY,24-May-2022,8650.0,PE,0.0,0.0,0.0,1474.75,1258.25,0,0.0,0,0,18-APR-2022,
OPTIDX,MIDCPNIFTY,24-May-2022,8700.0,PE,0.0,0.0,0.0,1499.45,1305.5,0,0.0,0,0,18-APR-2022,
OPTIDX,MIDCPNIFTY,24-May-2022,8750.0,PE,0.0,0.0,0.0,1502.95,1353.05,0,0.0,0,0,18-APR-2022,
OPTIDX,MIDCPNIFTY,24-May-2022,8800.0,PE,0.0,0.0,0.0,1479.15,1400.8,0,0.0,0,0,18-APR-2022,
OPTIDX,MIDCPNIFTY,24-May-2022,8850.0,PE,0.0,0.0,0.0,1433.7,1448.85,0,0.0,0,0,18-APR-2022,
OPTIDX,MIDCPNIFTY,24-May-2022,8900.0,PE,0.0,0.0,0.0,1480.25,1497.1,0,0.0,0,0,18-APR-2022,
OPTIDX,MIDCPNIFTY,24-May-2022,8950.0,PE,0.0,0.0,0.0,1439.25,1545.5,0,0.0,0,0,18-APR-2022,
OPTIDX,MIDCPNIFTY,24-May-2022,9000.0,PE,0.0,0.0,0.0,1485.85,1594.1,0,0.0,0,0,18-APR-2022,
OPTIDX,MIDCPNIFTY,24-May-2022,9050.0,PE,0.0,0.0,0.0,1432.35,1642.85,0,0.0,0,0,18-APR-2022,
OPTIDX,MIDCPNIFTY,24-May-2022,9100.0,PE,0.0,0.0,0.0,1478.85,1691.75,0,0.0,0,0,18-APR-2022,
OPTIDX,MIDCPNIFTY,24-May-2022,9150.0,PE,0.0,0.0,0.0,1499.1,1740.7,0,0.0,0,0,18-APR-2022,
OPTIDX,MIDCPNIFTY,31-May-2022,5100.0,CE,0.0,0.0,0.0,1543.65,2301.55,0,0.0,0,0,18-APR-2022,
OPTIDX,MIDCPNIFTY,31-May-2022,5150.0,CE,0.0,0.0,0.0,1585.85,2251.8,0,0.0,0,0,18-APR-2022,
OPTIDX,MIDCPNIFTY,31-May-2022,5200.0,CE,0.0,0.0,0.0,1539.4,2202.1,0,0.0,0,0,18-APR-2022,
OPTIDX,MIDCPNIFTY,31-May-2022,5250.0,CE,0.0,0.0,0.0,1493.3,2152.4,0,0.0,0,0,18-APR-2022,
OPTIDX,MIDCPNIFTY,31-May-2022,5300.0,CE,0.0,0.0,0.0,1447.6,2102.7,0,0.0,0,0,18-APR-2022,
OPTIDX,MIDCPNIFTY,31-May-2022,5350.0,CE,0.0,0.0,0.0,1402.35,2053.0,0,0.0,0,0,18-APR-2022,
OPTIDX,MIDCPNIFTY,31-May-2022,5400.0,CE,0.0,0.0,0.0,1357.5,2003.35,0,0.0,0,0,18-APR-2022,
OPTIDX,MIDCPNIFTY,31-May-2022,5450.0,CE,0.0,0.0,0.0,1313.2,1953.7,0,0.0,0,0,18-APR-2022,
OPTIDX,MIDCPNIFTY,31-May-2022,5500.0,CE,0.0,0.0,0.0,1269.4,1904.15,0,0.0,0,0,18-APR-2022,
OPTIDX,MIDCPNIFTY,31-May-2022,5550.0,CE,0.0,0.0,0.0,1226.2,1854.6,0,0.0,0,0,18-APR-2022,
OPTIDX,MIDCPNIFTY,31-May-2022,5600.0,CE,0.0,0.0,0.0,1579.05,1805.1,0,0.0,0,0,18-APR-2022,
OPTIDX,MIDCPNIFTY,31-May-2022,5650.0,CE,0.0,0.0,0.0,1533.6,1755.65,0,0.0,0,0,18-APR-2022,
OPTIDX,MIDCPNIFTY,31-May-2022,5700.0,CE,0.0,0.0,0.0,1488.6,1706.3,0,0.0,0,0,18-APR-2022,
OPTIDX,MIDCPNIFTY,31-May-2022,5750.0,CE,0.0,0.0,0.0,1444.05,1657.1,0,0.0,0,0,18-APR-2022,
OPTIDX,MIDCPNIFTY,31-May-2022,5800.0,CE,0.0,0.0,0.0,1399.95,1607.95,0,0.0,0,0,18-APR-2022,
OPTIDX,MIDCPNIFTY,31-May-2022,5850.0,CE,0.0,0.0,0.0,1356.35,1559.0,0,0.0,0,0,18-APR-2022,
OPTIDX,MIDCPNIFTY,31-May-2022,5900.0,CE,0.0,0.0,0.0,1313.25,1510.15,0,0.0,0,0,18-APR-2022,
OPTIDX,MIDCPNIFTY,31-May-2022,5950.0,CE,0.0,0.0,0.0,1270.75,1461.55,0,0.0,0,0,18-APR-2022,
OPTIDX,MIDCPNIFTY,31-May-2022,6000.0,CE,0.0,0.0,0.0,1228.8,1413.15,0,0.0,0,0,18-APR-2022,
OPTIDX,MIDCPNIFTY,31-May-2022,6050.0,CE,0.0,0.0,0.0,1187.45,1365.0,0,0.0,0,0,18-APR-2022,
OPTIDX,MIDCPNIFTY,31-May-2022,6100.0,CE,0.0,0.0,0.0,1146.75,1317.15,0,0.0,0,0,18-APR-2022,
OPTIDX,MIDCPNIFTY,31-May-2022,6150.0,CE,0.0,0.0,0.0,1106.7,1269.6,0,0.0,0,0,18-APR-2022,
OPTIDX,MIDCPNIFTY,31-May-2022,6200.0,CE,0.0,0.0,0.0,1067.3,1222.45,0,0.0,0,0,18-APR-2022,
OPTIDX,MIDCPNIFTY,31-May-2022,6250.0,CE,0.0,0.0,0.0,1028.6,1175.75,0,0.0,0,0,18-APR-2022,
OPTIDX,MIDCPNIFTY,31-May-2022,6300.0,CE,0.0,0.0,0.0,990.65,1129.5,0,0.0,0,0,18-APR-2022,
OPTIDX,MIDCPNIFTY,31-May-2022,6350.0,CE,0.0,0.0,0.0,953.7,1083.75,0,0.0,0,0,18-APR-2022,
OPTIDX,MIDCPNIFTY,31-May-2022,6400.0,CE,0.0,0.0,0.0,917.2,1038.55,0,0.0,0,0,18-APR-2022,
OPTIDX,MIDCPNIFTY,31-May-2022,6450.0,CE,0.0,0.0,0.0,881.5,993.95,0,0.0,0,0,18-APR-2022,
OPTIDX,MIDCPNIFTY,31-May-2022,6500.0,CE,0.0,0.0,0.0,846.6,950.05,0,0.0,0,0,18-APR-2022,
OPTIDX,MIDCPNIFTY,31-May-2022,6550.0,CE,0.0,0.0,0.0,812.25,906.9,0,0.0,0,0,18-APR-2022,
OPTIDX,MIDCPNIFTY,31-May-2022,6600.0,CE,0.0,0.0,0.0,779.0,864.45,0,0.0,0,0,18-APR-2022,
OPTIDX,MIDCPNIFTY,31-May-2022,6650.0,CE,0.0,0.0,0.0,746.65,822.9,0,0.0,0,0,18-APR-2022,
OPTIDX,MIDCPNIFTY,31-May-2022,6700.0,CE,0.0,0.0,0.0,715.1,782.15,0,0.0,0,0,18-APR-2022,
OPTIDX,MIDCPNIFTY,31-May-2022,6750.0,CE,0.0,0.0,0.0,684.4,742.35,0,0.0,0,0,18-APR-2022,
OPTIDX,MIDCPNIFTY,31-May-2022,6800.0,CE,0.0,0.0,0.0,654.55,703.55,0,0.0,0,0,18-APR-2022,
OPTIDX,MIDCPNIFTY,31-May-2022,6850.0,CE,0.0,0.0,0.0,625.6,665.75,0,0.0,0,0,18-APR-2022,
OPTIDX,MIDCPNIFTY,31-May-2022,6900.0,CE,0.0,0.0,0.0,597.5,629.25,0,0.0,0,0,18-APR-2022,
OPTIDX,MIDCPNIFTY,31-May-2022,6950.0,CE,0.0,0.0,0.0,570.25,593.25,0,0.0,0,0,18-APR-2022,
OPTIDX,MIDCPNIFTY,31-May-2022,7000.0,CE,0.0,0.0,0.0,543.85,558.75,0,0.0,0,0,18-APR-2022,
OPTIDX,MIDCPNIFTY,31-May-2022,7050.0,CE,0.0,0.0,0.0,518.35,525.45,0,0.0,0,0,18-APR-2022,
OPTIDX,MIDCPNIFTY,31-May-2022,7100.0,CE,0.0,0.0,0.0,493.65,493.3,0,0.0,0,0,18-APR-2022,
OPTIDX,MIDCPNIFTY,31-May-2022,7150.0,CE,0.0,0.0,0.0,469.8,462.35,0,0.0,0,0,18-APR-2022,
OPTIDX,MIDCPNIFTY,31-May-2022,7200.0,CE,0.0,0.0,0.0,446.85,432.65,0,0.0,0,0,18-APR-2022,
OPTIDX,MIDCPNIFTY,31-May-2022,7250.0,CE,0.0,0.0,0.0,424.7,404.2,0,0.0,0,0,18-APR-2022,
OPTIDX,MIDCPNIFTY,31-May-2022,7300.0,CE,0.0,0.0,0.0,403.35,377.0,0,0.0,0,0,18-APR-2022,
OPTIDX,MIDCPNIFTY,31-May-2022,7350.0,CE,0.0,0.0,0.0,382.85,351.0,0,0.0,0,0,18-APR-2022,
OPTIDX,MIDCPNIFTY,31-May-2022,7400.0,CE,0.0,0.0,0.0,363.15,326.25,0,0.0,0,0,18-APR-2022,
OPTIDX,MIDCPNIFTY,31-May-2022,7450.0,CE,0.0,0.0,0.0,344.2,302.75,0,0.0,0,0,18-APR-2022,
OPTIDX,MIDCPNIFTY,31-May-2022,7500.0,CE,0.0,0.0,0.0,326.05,280.45,0,0.0,0,0,18-APR-2022,
OPTIDX,MIDCPNIFTY,31-May-2022,7550.0,CE,0.0,0.0,0.0,308.65,259.4,0,0.0,0,0,18-APR-2022,
OPTIDX,MIDCPNIFTY,31-May-2022,7600.0,CE,0.0,0.0,0.0,292.0,239.5,0,0.0,0,0,18-APR-2022,
OPTIDX,MIDCPNIFTY,31-May-2022,7650.0,CE,0.0,0.0,0.0,276.05,220.7,0,0.0,0,0,18-APR-2022,
OPTIDX,MIDCPNIFTY,31-May-2022,7700.0,CE,0.0,0.0,0.0,260.8,203.1,0,0.0,0,0,18-APR-2022,
OPTIDX,MIDCPNIFTY,31-May-2022,7750.0,CE,0.0,0.0,0.0,246.2,186.55,0,0.0,0,0,18-APR-2022,
OPTIDX,MIDCPNIFTY,31-May-2022,7800.0,CE,0.0,0.0,0.0,232.3,171.05,0,0.0,0,0,18-APR-2022,
OPTIDX,MIDCPNIFTY,31-May-2022,7850.0,CE,0.0,0.0,0.0,219.05,156.6,0,0.0,0,0,18-APR-2022,
OPTIDX,MIDCPNIFTY,31-May-2022,7900.0,CE,0.0,0.0,0.0,206.8,143.15,0,0.0,0,0,18-APR-2022,
OPTIDX,MIDCPNIFTY,31-May-2022,7950.0,CE,0.0,0.0,0.0,194.8,130.95,0,0.0,0,0,18-APR-2022,
OPTIDX,MIDCPNIFTY,31-May-2022,8000.0,CE,0.0,0.0,0.0,183.45,119.4,0,0.0,0,0,18-APR-2022,
OPTIDX,MIDCPNIFTY,31-May-2022,8050.0,CE,0.0,0.0,0.0,172.6,108.35,0,0.0,0,0,18-APR-2022,
OPTIDX,MIDCPNIFTY,31-May-2022,8100.0,CE,0.0,0.0,0.0,162.05,98.4,0,0.0,0,0,18-APR-2022,
OPTIDX,MIDCPNIFTY,31-May-2022,8150.0,CE,0.0,0.0,0.0,152.25,89.2,0,0.0,0,0,18-APR-2022,
OPTIDX,MIDCPNIFTY,31-May-2022,8200.0,CE,0.0,0.0,0.0,143.0,80.75,0,0.0,0,0,18-APR-2022,
OPTIDX,MIDCPNIFTY,31-May-2022,8250.0,CE,0.0,0.0,0.0,134.2,72.95,0,0.0,0,0,18-APR-2022,
OPTIDX,MIDCPNIFTY,31-May-2022,8300.0,CE,0.0,0.0,0.0,125.9,65.8,0,0.0,0,0,18-APR-2022,
OPTIDX,MIDCPNIFTY,31-May-2022,8350.0,CE,0.0,0.0,0.0,118.0,59.3,0,0.0,0,0,18-APR-2022,
OPTIDX,MIDCPNIFTY,31-May-2022,8400.0,CE,0.0,0.0,0.0,110.55,53.3,0,0.0,0,0,18-APR-2022,
OPTIDX,MIDCPNIFTY,31-May-2022,8450.0,CE,0.0,0.0,0.0,103.55,47.85,0,0.0,0,0,18-APR-2022,
OPTIDX,MIDCPNIFTY,31-May-2022,8500.0,CE,0.0,0.0,0.0,96.9,42.9,0,0.0,0,0,18-APR-2022,
OPTIDX,MIDCPNIFTY,31-May-2022,8550.0,CE,0.0,0.0,0.0,90.65,38.4,0,0.0,0,0,18-APR-2022,
OPTIDX,MIDCPNIFTY,31-May-2022,8600.0,CE,0.0,0.0,0.0,84.75,34.35,0,0.0,0,0,18-APR-2022,
OPTIDX,MIDCPNIFTY,31-May-2022,8650.0,CE,0.0,0.0,0.0,65.85,30.65,0,0.0,0,0,18-APR-2022,
OPTIDX,MIDCPNIFTY,31-May-2022,8700.0,CE,0.0,0.0,0.0,60.85,27.3,0,0.0,0,0,18-APR-2022,
OPTIDX,MIDCPNIFTY,31-May-2022,8750.0,CE,0.0,0.0,0.0,50.05,24.3,0,0.0,0,0,18-APR-2022,
OPTIDX,MIDCPNIFTY,31-May-2022,8800.0,CE,0.0,0.0,0.0,41.45,21.55,0,0.0,0,0,18-APR-2022,
OPTIDX,MIDCPNIFTY,31-May-2022,8850.0,CE,0.0,0.0,0.0,42.45,19.15,0,0.0,0,0,18-APR-2022,
OPTIDX,MIDCPNIFTY,31-May-2022,8900.0,CE,0.0,0.0,0.0,38.65,16.95,0,0.0,0,0,18-APR-2022,
OPTIDX,MIDCPNIFTY,31-May-2022,8950.0,CE,0.0,0.0,0.0,42.35,15.0,0,0.0,0,0,18-APR-2022,
OPTIDX,MIDCPNIFTY,31-May-2022,9000.0,CE,0.0,0.0,0.0,38.6,13.25,0,0.0,0,0,18-APR-2022,
OPTIDX,MIDCPNIFTY,31-May-2022,9050.0,CE,0.0,0.0,0.0,43.55,11.7,0,0.0,0,0,18-APR-2022,
OPTIDX,MIDCPNIFTY,31-May-2022,9100.0,CE,0.0,0.0,0.0,39.7,10.3,0,0.0,0,0,18-APR-2022,
OPTIDX,MIDCPNIFTY,31-May-2022,9150.0,CE,0.0,0.0,0.0,37.05,9.05,0,0.0,0,0,18-APR-2022,
OPTIDX,MIDCPNIFTY,31-May-2022,5100.0,PE,0.0,0.0,0.0,18.1,0.05,0,0.0,0,0,18-APR-2022,
OPTIDX,MIDCPNIFTY,31-May-2022,5150.0,PE,0.0,0.0,0.0,18.75,0.1,0,0.0,0,0,18-APR-2022,
OPTIDX,MIDCPNIFTY,31-May-2022,5200.0,PE,0.0,0.0,0.0,21.75,0.1,0,0.0,0,0,18-APR-2022,
OPTIDX,MIDCPNIFTY,31-May-2022,5250.0,PE,0.0,0.0,0.0,25.1,0.15,0,0.0,0,0,18-APR-2022,
OPTIDX,MIDCPNIFTY,31-May-2022,5300.0,PE,0.0,0.0,0.0,28.85,0.2,0,0.0,0,0,18-APR-2022,
OPTIDX,MIDCPNIFTY,31-May-2022,5350.0,PE,0.0,0.0,0.0,33.0,0.3,0,0.0,0,0,18-APR-2022,
OPTIDX,MIDCPNIFTY,31-May-2022,5400.0,PE,0.0,0.0,0.0,37.65,0.4,0,0.0,0,0,18-APR-2022,
OPTIDX,MIDCPNIFTY,31-May-2022,5450.0,PE,0.0,0.0,0.0,42.8,0.5,0,0.0,0,0,18-APR-2022,
OPTIDX,MIDCPNIFTY,31-May-2022,5500.0,PE,0.0,0.0,0.0,48.45,0.65,0,0.0,0,0,18-APR-2022,
OPTIDX,MIDCPNIFTY,31-May-2022,5550.0,PE,0.0,0.0,0.0,54.7,0.85,0,0.0,0,0,18-APR-2022,
OPTIDX,MIDCPNIFTY,31-May-2022,5600.0,PE,0.0,0.0,0.0,29.5,1.1,0,0.0,0,0,18-APR-2022,
OPTIDX,MIDCPNIFTY,31-May-2022,5650.0,PE,0.0,0.0,0.0,33.5,1.45,0,0.0,0,0,18-APR-2022,
OPTIDX,MIDCPNIFTY,31-May-2022,5700.0,PE,0.0,0.0,0.0,37.95,1.85,0,0.0,0,0,18-APR-2022,
OPTIDX,MIDCPNIFTY,31-May-2022,5750.0,PE,0.0,0.0,0.0,42.8,2.35,0,0.0,0,0,18-APR-2022,
OPTIDX,MIDCPNIFTY,31-May-2022,5800.0,PE,0.0,0.0,0.0,48.15,3.0,0,0.0,0,0,18-APR-2022,
OPTIDX,MIDCPNIFTY,31-May-2022,5850.0,PE,0.0,0.0,0.0,53.95,3.75,0,0.0,0,0,18-APR-2022,
OPTIDX,MIDCPNIFTY,31-May-2022,5900.0,PE,0.0,0.0,0.0,60.35,4.7,0,0.0,0,0,18-APR-2022,
OPTIDX,MIDCPNIFTY,31-May-2022,5950.0,PE,0.0,0.0,0.0,67.25,5.8,0,0.0,0,0,18-APR-2022,
OPTIDX,MIDCPNIFTY,31-May-2022,6000.0,PE,0.0,0.0,0.0,74.75,7.15,0,0.0,0,0,18-APR-2022,
OPTIDX,MIDCPNIFTY,31-May-2022,6050.0,PE,0.0,0.0,0.0,82.85,8.75,0,0.0,0,0,18-APR-2022,
OPTIDX,MIDCPNIFTY,31-May-2022,6100.0,PE,0.0,0.0,0.0,91.55,10.65,0,0.0,0,0,18-APR-2022,
OPTIDX,MIDCPNIFTY,31-May-2022,6150.0,PE,0.0,0.0,0.0,100.95,12.9,0,0.0,0,0,18-APR-2022,
OPTIDX,MIDCPNIFTY,31-May-2022,6200.0,PE,0.0,0.0,0.0,111.0,15.5,0,0.0,0,0,18-APR-2022,
OPTIDX,MIDCPNIFTY,31-May-2022,6250.0,PE,0.0,0.0,0.0,121.75,18.55,0,0.0,0,0,18-APR-2022,
OPTIDX,MIDCPNIFTY,31-May-2022,6300.0,PE,0.0,0.0,0.0,133.25,22.0,0,0.0,0,0,18-APR-2022,
OPTIDX,MIDCPNIFTY,31-May-2022,6350.0,PE,0.0,0.0,0.0,145.7,26.0,0,0.0,0,0,18-APR-2022,
OPTIDX,MIDCPNIFTY,31-May-2022,6400.0,PE,0.0,0.0,0.0,158.65,30.6,0,0.0,0,0,18-APR-2022,
OPTIDX,MIDCPNIFTY,31-May-2022,6450.0,PE,0.0,0.0,0.0,172.4,35.75,0,0.0,0,0,18-APR-2022,
OPTIDX,MIDCPNIFTY,31-May-2022,6500.0,PE,0.0,0.0,0.0,186.9,41.6,0,0.0,0,0,18-APR-2022,
OPTIDX,MIDCPNIFTY,31-May-2022,6550.0,PE,0.0,0.0,0.0,202.0,48.15,0,0.0,0,0,18-APR-2022,
OPTIDX,MIDCPNIFTY,31-May-2022,6600.0,PE,0.0,0.0,0.0,218.2,55.5,0,0.0,0,0,18-APR-2022,
OPTIDX,MIDCPNIFTY,31-May-2022,6650.0,PE,0.0,0.0,0.0,235.25,63.65,0,0.0,0,0,18-APR-2022,
OPTIDX,MIDCPNIFTY,31-May-2022,6700.0,PE,0.0,0.0,0.0,253.15,72.7,0,0.0,0,0,18-APR-2022,
OPTIDX,MIDCPNIFTY,31-May-2022,6750.0,PE,0.0,0.0,0.0,271.9,82.65,0,0.0,0,0,18-APR-2022,
OPTIDX,MIDCPNIFTY,31-May-2022,6800.0,PE,0.0,0.0,0.0,291.5,93.6,0,0.0,0,0,18-APR-2022,
OPTIDX,MIDCPNIFTY,31-May-2022,6850.0,PE,0.0,0.0,0.0,311.95,105.55,0,0.0,0,0,18-APR-2022,
OPTIDX,MIDCPNIFTY,31-May-2022,6900.0,PE,0.0,0.0,0.0,333.3,118.8,0,0.0,0,0,18-APR-2022,
OPTIDX,MIDCPNIFTY,31-May-2022,6950.0,PE,0.0,0.0,0.0,355.5,132.55,0,0.0,0,0,18-APR-2022,
OPTIDX,MIDCPNIFTY,31-May-2022,7000.0,PE,0.0,0.0,0.0,378.55,147.8,0,0.0,0,0,18-APR-2022,
OPTIDX,MIDCPNIFTY,31-May-2022,7050.0,PE,0.0,0.0,0.0,402.45,164.25,0,0.0,0,0,18-APR-2022,
OPTIDX,MIDCPNIFTY,31-May-2022,7100.0,PE,0.0,0.0,0.0,427.2,181.85,0,0.0,0,0,18-APR-2022,
OPTIDX,MIDCPNIFTY,31-May-2022,7150.0,PE,0.0,0.0,0.0,452.8,200.65,0,0.0,0,0,18-APR-2022,
OPTIDX,MIDCPNIFTY,31-May-2022,7200.0,PE,0.0,0.0,0.0,479.25,220.7,0,0.0,0,0,18-APR-2022,
OPTIDX,MIDCPNIFTY,31-May-2022,7250.0,PE,0.0,0.0,0.0,506.55,242.0,0,0.0,0,0,18-APR-2022,
OPTIDX,MIDCPNIFTY,31-May-2022,7300.0,PE,0.0,0.0,0.0,534.7,264.55,0,0.0,0,0,18-APR-2022,
OPTIDX,MIDCPNIFTY,31-May-2022,7350.0,PE,0.0,0.0,0.0,563.6,288.3,0,0.0,0,0,18-APR-2022,
OPTIDX,MIDCPNIFTY,31-May-2022,7400.0,PE,0.0,0.0,0.0,593.3,313.3,0,0.0,0,0,18-APR-2022,
OPTIDX,MIDCPNIFTY,31-May-2022,7450.0,PE,0.0,0.0,0.0,623.85,339.55,0,0.0,0,0,18-APR-2022,
OPTIDX,MIDCPNIFTY,31-May-2022,7500.0,PE,0.0,0.0,0.0,655.1,367.0,0,0.0,0,0,18-APR-2022,
OPTIDX,MIDCPNIFTY,31-May-2022,7550.0,PE,0.0,0.0,0.0,687.15,395.7,0,0.0,0,0,18-APR-2022,
OPTIDX,MIDCPNIFTY,31-May-2022,7600.0,PE,0.0,0.0,0.0,719.9,425.5,0,0.0,0,0,18-APR-2022,
OPTIDX,MIDCPNIFTY,31-May-2022,7650.0,PE,0.0,0.0,0.0,753.4,456.5,0,0.0,0,0,18-APR-2022,
OPTIDX,MIDCPNIFTY,31-May-2022,7700.0,PE,0.0,0.0,0.0,787.6,488.65,0,0.0,0,0,18-APR-2022,
OPTIDX,MIDCPNIFTY,31-May-2022,7750.0,PE,0.0,0.0,0.0,822.45,521.85,0,0.0,0,0,18-APR-2022,
OPTIDX,MIDCPNIFTY,31-May-2022,7800.0,PE,0.0,0.0,0.0,858.0,556.1,0,0.0,0,0,18-APR-2022,
OPTIDX,MIDCPNIFTY,31-May-2022,7850.0,PE,0.0,0.0,0.0,894.2,591.4,0,0.0,0,0,18-APR-2022,
OPTIDX,MIDCPNIFTY,31-May-2022,7900.0,PE,0.0,0.0,0.0,931.3,627.7,0,0.0,0,0,18-APR-2022,
OPTIDX,MIDCPNIFTY,31-May-2022,7950.0,PE,0.0,0.0,0.0,968.8,665.25,0,0.0,0,0,18-APR-2022,
OPTIDX,MIDCPNIFTY,31-May-2022,8000.0,PE,0.0,0.0,0.0,1006.85,703.45,0,0.0,0,0,18-APR-2022,
OPTIDX,MIDCPNIFTY,31-May-2022,8050.0,PE,0.0,0.0,0.0,1045.45,742.15,0,0.0,0,0,18-APR-2022,
OPTIDX,MIDCPNIFTY,31-May-2022,8100.0,PE,0.0,0.0,0.0,1084.35,781.95,0,0.0,0,0,18-APR-2022,
OPTIDX,MIDCPNIFTY,31-May-2022,8150.0,PE,0.0,0.0,0.0,1124.0,822.5,0,0.0,0,0,18-APR-2022,
OPTIDX,MIDCPNIFTY,31-May-2022,8200.0,PE,0.0,0.0,0.0,1164.15,863.75,0,0.0,0,0,18-APR-2022,
OPTIDX,MIDCPNIFTY,31-May-2022,8250.0,PE,0.0,0.0,0.0,1204.8,905.75,0,0.0,0,0,18-APR-2022,
OPTIDX,MIDCPNIFTY,31-May-2022,8300.0,PE,0.0,0.0,0.0,1245.9,948.35,0,0.0,0,0,18-APR-2022,
OPTIDX,MIDCPNIFTY,31-May-2022,8350.0,PE,0.0,0.0,0.0,1287.5,991.6,0,0.0,0,0,18-APR-2022,
OPTIDX,MIDCPNIFTY,31-May-2022,8400.0,PE,0.0,0.0,0.0,1329.5,1035.35,0,0.0,0,0,18-APR-2022,
OPTIDX,MIDCPNIFTY,31-May-2022,8450.0,PE,0.0,0.0,0.0,1371.9,1079.65,0,0.0,0,0,18-APR-2022,
OPTIDX,MIDCPNIFTY,31-May-2022,8500.0,PE,0.0,0.0,0.0,1414.7,1124.45,0,0.0,0,0,18-APR-2022,
OPTIDX,MIDCPNIFTY,31-May-2022,8550.0,PE,0.0,0.0,0.0,1457.85,1169.7,0,0.0,0,0,18-APR-2022,
OPTIDX,MIDCPNIFTY,31-May-2022,8600.0,PE,0.0,0.0,0.0,1501.4,1215.4,0,0.0,0,0,18-APR-2022,
OPTIDX,MIDCPNIFTY,31-May-2022,8650.0,PE,0.0,0.0,0.0,1427.35,1261.45,0,0.0,0,0,18-APR-2022,
OPTIDX,MIDCPNIFTY,31-May-2022,8700.0,PE,0.0,0.0,0.0,1472.0,1307.85,0,0.0,0,0,18-APR-2022,
OPTIDX,MIDCPNIFTY,31-May-2022,8750.0,PE,0.0,0.0,0.0,1506.05,1354.6,0,0.0,0,0,18-APR-2022,
OPTIDX,MIDCPNIFTY,31-May-2022,8800.0,PE,0.0,0.0,0.0,1481.7,1401.6,0,0.0,0,0,18-APR-2022,
OPTIDX,MIDCPNIFTY,31-May-2022,8850.0,PE,0.0,0.0,0.0,1436.75,1448.95,0,0.0,0,0,18-APR-2022,
OPTIDX,MIDCPNIFTY,31-May-2022,8900.0,PE,0.0,0.0,0.0,1482.65,1496.5,0,0.0,0,0,18-APR-2022,
OPTIDX,MIDCPNIFTY,31-May-2022,8950.0,PE,0.0,0.0,0.0,1442.45,1544.3,0,0.0,0,0,18-APR-2022,
OPTIDX,MIDCPNIFTY,31-May-2022,9000.0,PE,0.0,0.0,0.0,1488.4,1592.3,0,0.0,0,0,18-APR-2022,
OPTIDX,MIDCPNIFTY,31-May-2022,9050.0,PE,0.0,0.0,0.0,1435.85,1640.5,0,0.0,0,0,18-APR-2022,
OPTIDX,MIDCPNIFTY,31-May-2022,9100.0,PE,0.0,0.0,0.0,1481.7,1688.85,0,0.0,0,0,18-APR-2022,
OPTIDX,MIDCPNIFTY,31-May-2022,9150.0,PE,0.0,0.0,0.0,1501.55,1737.35,0,0.0,0,0,18-APR-2022,
OPTIDX,MIDCPNIFTY,07-Jun-2022,6000.0,CE,0.0,0.0,0.0,1560.25,1421.75,0,0.0,0,0,18-APR-2022,
OPTIDX,MIDCPNIFTY,07-Jun-2022,6050.0,CE,0.0,0.0,0.0,1563.95,1374.2,0,0.0,0,0,18-APR-2022,
OPTIDX,MIDCPNIFTY,07-Jun-2022,6100.0,CE,0.0,0.0,0.0,1560.0,1326.95,0,0.0,0,0,18-APR-2022,
OPTIDX,MIDCPNIFTY,07-Jun-2022,6150.0,CE,0.0,0.0,0.0,1513.1,1280.15,0,0.0,0,0,18-APR-2022,
OPTIDX,MIDCPNIFTY,07-Jun-2022,6200.0,CE,0.0,0.0,0.0,1466.5,1233.75,0,0.0,0,0,18-APR-2022,
OPTIDX,MIDCPNIFTY,07-Jun-2022,6250.0,CE,0.0,0.0,0.0,1420.25,1187.8,0,0.0,0,0,18-APR-2022,
OPTIDX,MIDCPNIFTY,07-Jun-2022,6300.0,CE,0.0,0.0,0.0,1374.45,1142.35,0,0.0,0,0,18-APR-2022,
OPTIDX,MIDCPNIFTY,07-Jun-2022,6350.0,CE,0.0,0.0,0.0,1329.1,1097.45,0,0.0,0,0,18-APR-2022,
OPTIDX,MIDCPNIFTY,07-Jun-2022,6400.0,CE,0.0,0.0,0.0,1284.2,1053.15,0,0.0,0,0,18-APR-2022,
OPTIDX,MIDCPNIFTY,07-Jun-2022,6450.0,CE,0.0,0.0,0.0,1239.85,1009.5,0,0.0,0,0,18-APR-2022,
OPTIDX,MIDCPNIFTY,07-Jun-2022,6500.0,CE,0.0,0.0,0.0,1196.05,966.5,0,0.0,0,0,18-APR-2022,
OPTIDX,MIDCPNIFTY,07-Jun-2022,6550.0,CE,0.0,0.0,0.0,1152.8,924.3,0,0.0,0,0,18-APR-2022,
OPTIDX,MIDCPNIFTY,07-Jun-2022,6600.0,CE,0.0,0.0,0.0,1110.2,882.8,0,0.0,0,0,18-APR-2022,
OPTIDX,MIDCPNIFTY,07-Jun-2022,6650.0,CE,0.0,0.0,0.0,1068.2,842.2,0,0.0,0,0,18-APR-2022,
OPTIDX,MIDCPNIFTY,07-Jun-2022,6700.0,CE,0.0,0.0,0.0,1026.9,802.4,0,0.0,0,0,18-APR-2022,
OPTIDX,MIDCPNIFTY,07-Jun-2022,6750.0,CE,0.0,0.0,0.0,986.35,763.55,0,0.0,0,0,18-APR-2022,
OPTIDX,MIDCPNIFTY,07-Jun-2022,6800.0,CE,0.0,0.0,0.0,946.5,725.6,0,0.0,0,0,18-APR-2022,
OPTIDX,MIDCPNIFTY,07-Jun-2022,6850.0,CE,0.0,0.0,0.0,907.45,688.9,0,0.0,0,0,18-APR-2022,
OPTIDX,MIDCPNIFTY,07-Jun-2022,6900.0,CE,0.0,0.0,0.0,869.25,652.9,0,0.0,0,0,18-APR-2022,
OPTIDX,MIDCPNIFTY,07-Jun-2022,6950.0,CE,0.0,0.0,0.0,832.1,617.75,0,0.0,0,0,18-APR-2022,
OPTIDX,MIDCPNIFTY,07-Jun-2022,7000.0,CE,0.0,0.0,0.0,795.5,583.95,0,0.0,0,0,18-APR-2022,
OPTIDX,MIDCPNIFTY,07-Jun-2022,7050.0,CE,0.0,0.0,0.0,759.75,551.25,0,0.0,0,0,18-APR-2022,
OPTIDX,MIDCPNIFTY,07-Jun-2022,7100.0,CE,0.0,0.0,0.0,724.7,519.65,0,0.0,0,0,18-APR-2022,
OPTIDX,MIDCPNIFTY,07-Jun-2022,7150.0,CE,0.0,0.0,0.0,690.85,489.2,0,0.0,0,0,18-APR-2022,
OPTIDX,MIDCPNIFTY,07-Jun-2022,7200.0,CE,0.0,0.0,0.0,657.95,459.9,0,0.0,0,0,18-APR-2022,
OPTIDX,MIDCPNIFTY,07-Jun-2022,7250.0,CE,0.0,0.0,0.0,626.05,431.75,0,0.0,0,0,18-APR-2022,
OPTIDX,MIDCPNIFTY,07-Jun-2022,7300.0,CE,0.0,0.0,0.0,595.05,404.75,0,0.0,0,0,18-APR-2022,
OPTIDX,MIDCPNIFTY,07-Jun-2022,7350.0,CE,0.0,0.0,0.0,565.05,378.9,0,0.0,0,0,18-APR-2022,
OPTIDX,MIDCPNIFTY,07-Jun-2022,7400.0,CE,0.0,0.0,0.0,536.05,354.15,0,0.0,0,0,18-APR-2022,
OPTIDX,MIDCPNIFTY,07-Jun-2022,7450.0,CE,0.0,0.0,0.0,508.05,330.6,0,0.0,0,0,18-APR-2022,
OPTIDX,MIDCPNIFTY,07-Jun-2022,7500.0,CE,0.0,0.0,0.0,481.0,308.2,0,0.0,0,0,18-APR-2022,
OPTIDX,MIDCPNIFTY,07-Jun-2022,7550.0,CE,0.0,0.0,0.0,455.0,286.85,0,0.0,0,0,18-APR-2022,
OPTIDX,MIDCPNIFTY,07-Jun-2022,7600.0,CE,0.0,0.0,0.0,429.9,266.65,0,0.0,0,0,18-APR-2022,
OPTIDX,MIDCPNIFTY,07-Jun-2022,7650.0,CE,0.0,0.0,0.0,405.8,247.5,0,0.0,0,0,18-APR-2022,
OPTIDX,MIDCPNIFTY,07-Jun-2022,7700.0,CE,0.0,0.0,0.0,382.7,229.4,0,0.0,0,0,18-APR-2022,
OPTIDX,MIDCPNIFTY,07-Jun-2022,7750.0,CE,0.0,0.0,0.0,360.55,212.35,0,0.0,0,0,18-APR-2022,
OPTIDX,MIDCPNIFTY,07-Jun-2022,7800.0,CE,0.0,0.0,0.0,339.35,196.25,0,0.0,0,0,18-APR-2022,
OPTIDX,MIDCPNIFTY,07-Jun-2022,7850.0,CE,0.0,0.0,0.0,319.05,181.15,0,0.0,0,0,18-APR-2022,
OPTIDX,MIDCPNIFTY,07-Jun-2022,7900.0,CE,0.0,0.0,0.0,299.7,166.95,0,0.0,0,0,18-APR-2022,
OPTIDX,MIDCPNIFTY,07-Jun-2022,7950.0,CE,0.0,0.0,0.0,281.25,153.65,0,0.0,0,0,18-APR-2022,
OPTIDX,MIDCPNIFTY,07-Jun-2022,8000.0,CE,0.0,0.0,0.0,263.65,141.6,0,0.0,0,0,18-APR-2022,
OPTIDX,MIDCPNIFTY,07-Jun-2022,8050.0,CE,0.0,0.0,0.0,246.95,130.05,0,0.0,0,0,18-APR-2022,
OPTIDX,MIDCPNIFTY,07-Jun-2022,8100.0,CE,0.0,0.0,0.0,231.05,119.0,0,0.0,0,0,18-APR-2022,
OPTIDX,MIDCPNIFTY,07-Jun-2022,8150.0,CE,0.0,0.0,0.0,216.0,108.95,0,0.0,0,0,18-APR-2022,
OPTIDX,MIDCPNIFTY,07-Jun-2022,8200.0,CE,0.0,0.0,0.0,201.7,99.6,0,0.0,0,0,18-APR-2022,
OPTIDX,MIDCPNIFTY,07-Jun-2022,8250.0,CE,0.0,0.0,0.0,188.2,90.95,0,0.0,0,0,18-APR-2022,
OPTIDX,MIDCPNIFTY,07-Jun-2022,8300.0,CE,0.0,0.0,0.0,175.75,82.95,0,0.0,0,0,18-APR-2022,
OPTIDX,MIDCPNIFTY,07-Jun-2022,8350.0,CE,0.0,0.0,0.0,163.75,75.5,0,0.0,0,0,18-APR-2022,
OPTIDX,MIDCPNIFTY,07-Jun-2022,8400.0,CE,0.0,0.0,0.0,152.45,68.7,0,0.0,0,0,18-APR-2022,
OPTIDX,MIDCPNIFTY,07-Jun-2022,8450.0,CE,0.0,0.0,0.0,141.45,62.4,0,0.0,0,0,18-APR-2022,
OPTIDX,MIDCPNIFTY,07-Jun-2022,8500.0,CE,0.0,0.0,0.0,131.4,56.6,0,0.0,0,0,18-APR-2022,
OPTIDX,MIDCPNIFTY,07-Jun-2022,8550.0,CE,0.0,0.0,0.0,121.95,51.25,0,0.0,0,0,18-APR-2022,
OPTIDX,MIDCPNIFTY,07-Jun-2022,8600.0,CE,0.0,0.0,0.0,113.05,46.4,0,0.0,0,0,18-APR-2022,
OPTIDX,MIDCPNIFTY,07-Jun-2022,8650.0,CE,0.0,0.0,0.0,104.7,41.9,0,0.0,0,0,18-APR-2022,
OPTIDX,MIDCPNIFTY,07-Jun-2022,8700.0,CE,0.0,0.0,0.0,96.9,37.8,0,0.0,0,0,18-APR-2022,
OPTIDX,MIDCPNIFTY,07-Jun-2022,8750.0,CE,0.0,0.0,0.0,89.6,34.1,0,0.0,0,0,18-APR-2022,
OPTIDX,MIDCPNIFTY,07-Jun-2022,8800.0,CE,0.0,0.0,0.0,82.8,30.7,0,0.0,0,0,18-APR-2022,
OPTIDX,MIDCPNIFTY,07-Jun-2022,8850.0,CE,0.0,0.0,0.0,76.4,27.6,0,0.0,0,0,18-APR-2022,
OPTIDX,MIDCPNIFTY,07-Jun-2022,8900.0,CE,0.0,0.0,0.0,70.45,24.8,0,0.0,0,0,18-APR-2022,
OPTIDX,MIDCPNIFTY,07-Jun-2022,8950.0,CE,0.0,0.0,0.0,64.95,22.25,0,0.0,0,0,18-APR-2022,
OPTIDX,MIDCPNIFTY,07-Jun-2022,9000.0,CE,0.0,0.0,0.0,59.8,19.9,0,0.0,0,0,18-APR-2022,
OPTIDX,MIDCPNIFTY,07-Jun-2022,9050.0,CE,0.0,0.0,0.0,55.0,17.85,0,0.0,0,0,18-APR-2022,
OPTIDX,MIDCPNIFTY,07-Jun-2022,9100.0,CE,0.0,0.0,0.0,50.55,15.95,0,0.0,0,0,18-APR-2022,
OPTIDX,MIDCPNIFTY,07-Jun-2022,9150.0,CE,0.0,0.0,0.0,47.6,14.25,0,0.0,0,0,18-APR-2022,
OPTIDX,MIDCPNIFTY,07-Jun-2022,6000.0,PE,0.0,0.0,0.0,10.35,10.9,0,0.0,0,0,18-APR-2022,
OPTIDX,MIDCPNIFTY,07-Jun-2022,6050.0,PE,0.0,0.0,0.0,14.05,13.05,0,0.0,0,0,18-APR-2022,
OPTIDX,MIDCPNIFTY,07-Jun-2022,6100.0,PE,0.0,0.0,0.0,16.4,15.55,0,0.0,0,0,18-APR-2022,
OPTIDX,MIDCPNIFTY,07-Jun-2022,6150.0,PE,0.0,0.0,0.0,19.1,18.45,0,0.0,0,0,18-APR-2022,
OPTIDX,MIDCPNIFTY,07-Jun-2022,6200.0,PE,0.0,0.0,0.0,22.15,21.75,0,0.0,0,0,18-APR-2022,
OPTIDX,MIDCPNIFTY,07-Jun-2022,6250.0,PE,0.0,0.0,0.0,25.55,25.5,0,0.0,0,0,18-APR-2022,
OPTIDX,MIDCPNIFTY,07-Jun-2022,6300.0,PE,0.0,0.0,0.0,29.4,29.75,0,0.0,0,0,18-APR-2022,
OPTIDX,MIDCPNIFTY,07-Jun-2022,6350.0,PE,0.0,0.0,0.0,33.7,34.6,0,0.0,0,0,18-APR-2022,
OPTIDX,MIDCPNIFTY,07-Jun-2022,6400.0,PE,0.0,0.0,0.0,38.45,40.0,0,0.0,0,0,18-APR-2022,
OPTIDX,MIDCPNIFTY,07-Jun-2022,6450.0,PE,0.0,0.0,0.0,43.7,46.05,0,0.0,0,0,18-APR-2022,
OPTIDX,MIDCPNIFTY,07-Jun-2022,6500.0,PE,0.0,0.0,0.0,49.55,52.8,0,0.0,0,0,18-APR-2022,
OPTIDX,MIDCPNIFTY,07-Jun-2022,6550.0,PE,0.0,0.0,0.0,55.95,60.25,0,0.0,0,0,18-APR-2022,
OPTIDX,MIDCPNIFTY,07-Jun-2022,6600.0,PE,0.0,0.0,0.0,62.95,68.5,0,0.0,0,0,18-APR-2022,
OPTIDX,MIDCPNIFTY,07-Jun-2022,6650.0,PE,0.0,0.0,0.0,70.65,77.6,0,0.0,0,0,18-APR-2022,
OPTIDX,MIDCPNIFTY,07-Jun-2022,6700.0,PE,0.0,0.0,0.0,79.0,87.5,0,0.0,0,0,18-APR-2022,
OPTIDX,MIDCPNIFTY,07-Jun-2022,6750.0,PE,0.0,0.0,0.0,88.05,98.35,0,0.0,0,0,18-APR-2022,
OPTIDX,MIDCPNIFTY,07-Jun-2022,6800.0,PE,0.0,0.0,0.0,97.85,110.15,0,0.0,0,0,18-APR-2022,
OPTIDX,MIDCPNIFTY,07-Jun-2022,6850.0,PE,0.0,0.0,0.0,108.45,123.15,0,0.0,0,0,18-APR-2022,
OPTIDX,MIDCPNIFTY,07-Jun-2022,6900.0,PE,0.0,0.0,0.0,119.85,136.85,0,0.0,0,0,18-APR-2022,
OPTIDX,MIDCPNIFTY,07-Jun-2022,6950.0,PE,0.0,0.0,0.0,132.35,151.4,0,0.0,0,0,18-APR-2022,
OPTIDX,MIDCPNIFTY,07-Jun-2022,7000.0,PE,0.0,0.0,0.0,145.35,167.3,0,0.0,0,0,18-APR-2022,
OPTIDX,MIDCPNIFTY,07-Jun-2022,7050.0,PE,0.0,0.0,0.0,159.3,184.3,0,0.0,0,0,18-APR-2022,
OPTIDX,MIDCPNIFTY,07-Jun-2022,7100.0,PE,0.0,0.0,0.0,173.85,202.45,0,0.0,0,0,18-APR-2022,
OPTIDX,MIDCPNIFTY,07-Jun-2022,7150.0,PE,0.0,0.0,0.0,189.65,221.7,0,0.0,0,0,18-APR-2022,
OPTIDX,MIDCPNIFTY,07-Jun-2022,7200.0,PE,0.0,0.0,0.0,206.4,242.1,0,0.0,0,0,18-APR-2022,
OPTIDX,MIDCPNIFTY,07-Jun-2022,7250.0,PE,0.0,0.0,0.0,224.1,263.65,0,0.0,0,0,18-APR-2022,
OPTIDX,MIDCPNIFTY,07-Jun-2022,7300.0,PE,0.0,0.0,0.0,242.8,286.35,0,0.0,0,0,18-APR-2022,
OPTIDX,MIDCPNIFTY,07-Jun-2022,7350.0,PE,0.0,0.0,0.0,262.45,310.25,0,0.0,0,0,18-APR-2022,
OPTIDX,MIDCPNIFTY,07-Jun-2022,7400.0,PE,0.0,0.0,0.0,283.05,335.2,0,0.0,0,0,18-APR-2022,
OPTIDX,MIDCPNIFTY,07-Jun-2022,7450.0,PE,0.0,0.0,0.0,304.7,361.35,0,0.0,0,0,18-APR-2022,
OPTIDX,MIDCPNIFTY,07-Jun-2022,7500.0,PE,0.0,0.0,0.0,327.3,388.65,0,0.0,0,0,18-APR-2022,
OPTIDX,MIDCPNIFTY,07-Jun-2022,7550.0,PE,0.0,0.0,0.0,350.9,417.05,0,0.0,0,0,18-APR-2022,
OPTIDX,MIDCPNIFTY,07-Jun-2022,7600.0,PE,0.0,0.0,0.0,375.45,446.55,0,0.0,0,0,18-APR-2022,
OPTIDX,MIDCPNIFTY,07-Jun-2022,7650.0,PE,0.0,0.0,0.0,401.0,477.1,0,0.0,0,0,18-APR-2022,
OPTIDX,MIDCPNIFTY,07-Jun-2022,7700.0,PE,0.0,0.0,0.0,427.5,508.7,0,0.0,0,0,18-APR-2022,
OPTIDX,MIDCPNIFTY,07-Jun-2022,7750.0,PE,0.0,0.0,0.0,455.0,541.35,0,0.0,0,0,18-APR-2022,
OPTIDX,MIDCPNIFTY,07-Jun-2022,7800.0,PE,0.0,0.0,0.0,483.45,574.95,0,0.0,0,0,18-APR-2022,
OPTIDX,MIDCPNIFTY,07-Jun-2022,7850.0,PE,0.0,0.0,0.0,512.8,609.55,0,0.0,0,0,18-APR-2022,
OPTIDX,MIDCPNIFTY,07-Jun-2022,7900.0,PE,0.0,0.0,0.0,543.1,645.1,0,0.0,0,0,18-APR-2022,
OPTIDX,MIDCPNIFTY,07-Jun-2022,7950.0,PE,0.0,0.0,0.0,574.25,681.5,0,0.0,0,0,18-APR-2022,
OPTIDX,MIDCPNIFTY,07-Jun-2022,8000.0,PE,0.0,0.0,0.0,606.35,719.15,0,0.0,0,0,18-APR-2022,
OPTIDX,MIDCPNIFTY,07-Jun-2022,8050.0,PE,0.0,0.0,0.0,639.25,757.35,0,0.0,0,0,18-APR-2022,
OPTIDX,MIDCPNIFTY,07-Jun-2022,8100.0,PE,0.0,0.0,0.0,673.0,795.95,0,0.0,0,0,18-APR-2022,
OPTIDX,MIDCPNIFTY,07-Jun-2022,8150.0,PE,0.0,0.0,0.0,707.55,835.65,0,0.0,0,0,18-APR-2022,
OPTIDX,MIDCPNIFTY,07-Jun-2022,8200.0,PE,0.0,0.0,0.0,742.95,876.0,0,0.0,0,0,18-APR-2022,
OPTIDX,MIDCPNIFTY,07-Jun-2022,8250.0,PE,0.0,0.0,0.0,779.05,917.05,0,0.0,0,0,18-APR-2022,
OPTIDX,MIDCPNIFTY,07-Jun-2022,8300.0,PE,0.0,0.0,0.0,816.25,958.75,0,0.0,0,0,18-APR-2022,
OPTIDX,MIDCPNIFTY,07-Jun-2022,8350.0,PE,0.0,0.0,0.0,853.9,1001.05,0,0.0,0,0,18-APR-2022,
OPTIDX,MIDCPNIFTY,07-Jun-2022,8400.0,PE,0.0,0.0,0.0,892.25,1043.9,0,0.0,0,0,18-APR-2022,
OPTIDX,MIDCPNIFTY,07-Jun-2022,8450.0,PE,0.0,0.0,0.0,930.9,1087.35,0,0.0,0,0,18-APR-2022,
OPTIDX,MIDCPNIFTY,07-Jun-2022,8500.0,PE,0.0,0.0,0.0,970.45,1131.25,0,0.0,0,0,18-APR-2022,
OPTIDX,MIDCPNIFTY,07-Jun-2022,8550.0,PE,0.0,0.0,0.0,1010.65,1175.65,0,0.0,0,0,18-APR-2022,
OPTIDX,MIDCPNIFTY,07-Jun-2022,8600.0,PE,0.0,0.0,0.0,1051.4,1220.45,0,0.0,0,0,18-APR-2022,
OPTIDX,MIDCPNIFTY,07-Jun-2022,8650.0,PE,0.0,0.0,0.0,1092.7,1265.7,0,0.0,0,0,18-APR-2022,
OPTIDX,MIDCPNIFTY,07-Jun-2022,8700.0,PE,0.0,0.0,0.0,1134.5,1311.3,0,0.0,0,0,18-APR-2022,
OPTIDX,MIDCPNIFTY,07-Jun-2022,8750.0,PE,0.0,0.0,0.0,1176.85,1357.3,0,0.0,0,0,18-APR-2022,
OPTIDX,MIDCPNIFTY,07-Jun-2022,8800.0,PE,0.0,0.0,0.0,1219.65,1403.6,0,0.0,0,0,18-APR-2022,
OPTIDX,MIDCPNIFTY,07-Jun-2022,8850.0,PE,0.0,0.0,0.0,1262.95,1450.2,0,0.0,0,0,18-APR-2022,
OPTIDX,MIDCPNIFTY,07-Jun-2022,8900.0,PE,0.0,0.0,0.0,1306.65,1497.1,0,0.0,0,0,18-APR-2022,
OPTIDX,MIDCPNIFTY,07-Jun-2022,8950.0,PE,0.0,0.0,0.0,1350.75,1544.3,0,0.0,0,0,18-APR-2022,
OPTIDX,MIDCPNIFTY,07-Jun-2022,9000.0,PE,0.0,0.0,0.0,1395.2,1591.65,0,0.0,0,0,18-APR-2022,
OPTIDX,MIDCPNIFTY,07-Jun-2022,9050.0,PE,0.0,0.0,0.0,1440.05,1639.3,0,0.0,0,0,18-APR-2022,
OPTIDX,MIDCPNIFTY,07-Jun-2022,9100.0,PE,0.0,0.0,0.0,1485.25,1687.1,0,0.0,0,0,18-APR-2022,
OPTIDX,MIDCPNIFTY,07-Jun-2022,9150.0,PE,0.0,0.0,0.0,1504.75,1735.1,0,0.0,0,0,18-APR-2022,
OPTIDX,MIDCPNIFTY,14-Jun-2022,6000.0,CE,0.0,0.0,0.0,1568.85,1430.9,0,0.0,0,0,18-APR-2022,
OPTIDX,MIDCPNIFTY,14-Jun-2022,6050.0,CE,0.0,0.0,0.0,1521.65,1383.95,0,0.0,0,0,18-APR-2022,
OPTIDX,MIDCPNIFTY,14-Jun-2022,6100.0,CE,0.0,0.0,0.0,1474.75,1337.35,0,0.0,0,0,18-APR-2022,
OPTIDX,MIDCPNIFTY,14-Jun-2022,6150.0,CE,0.0,0.0,0.0,1428.2,1291.2,0,0.0,0,0,18-APR-2022,
OPTIDX,MIDCPNIFTY,14-Jun-2022,6200.0,CE,0.0,0.0,0.0,1382.1,1245.5,0,0.0,0,0,18-APR-2022,
OPTIDX,MIDCPNIFTY,14-Jun-2022,6250.0,CE,0.0,0.0,0.0,1336.4,1200.25,0,0.0,0,0,18-APR-2022,
OPTIDX,MIDCPNIFTY,14-Jun-2022,6300.0,CE,0.0,0.0,0.0,1291.15,1155.6,0,0.0,0,0,18-APR-2022,
OPTIDX,MIDCPNIFTY,14-Jun-2022,6350.0,CE,0.0,0.0,0.0,1246.4,1111.5,0,0.0,0,0,18-APR-2022,
OPTIDX,MIDCPNIFTY,14-Jun-2022,6400.0,CE,0.0,0.0,0.0,1202.2,1068.0,0,0.0,0,0,18-APR-2022,
OPTIDX,MIDCPNIFTY,14-Jun-2022,6450.0,CE,0.0,0.0,0.0,1158.55,1025.15,0,0.0,0,0,18-APR-2022,
OPTIDX,MIDCPNIFTY,14-Jun-2022,6500.0,CE,0.0,0.0,0.0,1115.5,983.0,0,0.0,0,0,18-APR-2022,
OPTIDX,MIDCPNIFTY,14-Jun-2022,6550.0,CE,0.0,0.0,0.0,1073.1,941.6,0,0.0,0,0,18-APR-2022,
OPTIDX,MIDCPNIFTY,14-Jun-2022,6600.0,CE,0.0,0.0,0.0,1031.4,901.0,0,0.0,0,0,18-APR-2022,
OPTIDX,MIDCPNIFTY,14-Jun-2022,6650.0,CE,0.0,0.0,0.0,990.35,861.15,0,0.0,0,0,18-APR-2022,
OPTIDX,MIDCPNIFTY,14-Jun-2022,6700.0,CE,0.0,0.0,0.0,950.1,822.2,0,0.0,0,0,18-APR-2022,
OPTIDX,MIDCPNIFTY,14-Jun-2022,6750.0,CE,0.0,0.0,0.0,910.6,784.1,0,0.0,0,0,18-APR-2022,
OPTIDX,MIDCPNIFTY,14-Jun-2022,6800.0,CE,0.0,0.0,0.0,871.9,747.2,0,0.0,0,0,18-APR-2022,
OPTIDX,MIDCPNIFTY,14-Jun-2022,6850.0,CE,0.0,0.0,0.0,834.05,710.95,0,0.0,0,0,18-APR-2022,
OPTIDX,MIDCPNIFTY,14-Jun-2022,6900.0,CE,0.0,0.0,0.0,797.3,675.35,0,0.0,0,0,18-APR-2022,
OPTIDX,MIDCPNIFTY,14-Jun-2022,6950.0,CE,0.0,0.0,0.0,761.1,641.1,0,0.0,0,0,18-APR-2022,
OPTIDX,MIDCPNIFTY,14-Jun-2022,7000.0,CE,0.0,0.0,0.0,725.55,607.9,0,0.0,0,0,18-APR-2022,
OPTIDX,MIDCPNIFTY,14-Jun-2022,7050.0,CE,0.0,0.0,0.0,691.3,575.7,0,0.0,0,0,18-APR-2022,
OPTIDX,MIDCPNIFTY,14-Jun-2022,7100.0,CE,0.0,0.0,0.0,658.0,544.6,0,0.0,0,0,18-APR-2022,
OPTIDX,MIDCPNIFTY,14-Jun-2022,7150.0,CE,0.0,0.0,0.0,625.65,514.5,0,0.0,0,0,18-APR-2022,
OPTIDX,MIDCPNIFTY,14-Jun-2022,7200.0,CE,0.0,0.0,0.0,594.3,485.55,0,0.0,0,0,18-APR-2022,
OPTIDX,MIDCPNIFTY,14-Jun-2022,7250.0,CE,0.0,0.0,0.0,563.95,457.65,0,0.0,0,0,18-APR-2022,
OPTIDX,MIDCPNIFTY,14-Jun-2022,7300.0,CE,0.0,0.0,0.0,534.6,430.8,0,0.0,0,0,18-APR-2022,
OPTIDX,MIDCPNIFTY,14-Jun-2022,7350.0,CE,0.0,0.0,0.0,506.25,405.1,0,0.0,0,0,18-APR-2022,
OPTIDX,MIDCPNIFTY,14-Jun-2022,7400.0,CE,0.0,0.0,0.0,478.9,380.4,0,0.0,0,0,18-APR-2022,
OPTIDX,MIDCPNIFTY,14-Jun-2022,7450.0,CE,0.0,0.0,0.0,452.6,356.8,0,0.0,0,0,18-APR-2022,
OPTIDX,MIDCPNIFTY,14-Jun-2022,7500.0,CE,0.0,0.0,0.0,427.25,334.25,0,0.0,0,0,18-APR-2022,
OPTIDX,MIDCPNIFTY,14-Jun-2022,7550.0,CE,0.0,0.0,0.0,402.9,312.75,0,0.0,0,0,18-APR-2022,
OPTIDX,MIDCPNIFTY,14-Jun-2022,7600.0,CE,0.0,0.0,0.0,379.55,292.3,0,0.0,0,0,18-APR-2022,
OPTIDX,MIDCPNIFTY,14-Jun-2022,7650.0,CE,0.0,0.0,0.0,357.2,272.8,0,0.0,0,0,18-APR-2022,
OPTIDX,MIDCPNIFTY,14-Jun-2022,7700.0,CE,0.0,0.0,0.0,335.8,254.35,0,0.0,0,0,18-APR-2022,
OPTIDX,MIDCPNIFTY,14-Jun-2022,7750.0,CE,0.0,0.0,0.0,315.4,236.85,0,0.0,0,0,18-APR-2022,
OPTIDX,MIDCPNIFTY,14-Jun-2022,7800.0,CE,0.0,0.0,0.0,295.9,220.3,0,0.0,0,0,18-APR-2022,
OPTIDX,MIDCPNIFTY,14-Jun-2022,7850.0,CE,0.0,0.0,0.0,277.3,204.6,0,0.0,0,0,18-APR-2022,
OPTIDX,MIDCPNIFTY,14-Jun-2022,7900.0,CE,0.0,0.0,0.0,259.65,189.85,0,0.0,0,0,18-APR-2022,
OPTIDX,MIDCPNIFTY,14-Jun-2022,7950.0,CE,0.0,0.0,0.0,242.85,175.95,0,0.0,0,0,18-APR-2022,
OPTIDX,MIDCPNIFTY,14-Jun-2022,8000.0,CE,0.0,0.0,0.0,226.9,162.85,0,0.0,0,0,18-APR-2022,
OPTIDX,MIDCPNIFTY,14-Jun-2022,8050.0,CE,0.0,0.0,0.0,211.8,150.95,0,0.0,0,0,18-APR-2022,
OPTIDX,MIDCPNIFTY,14-Jun-2022,8100.0,CE,0.0,0.0,0.0,197.5,139.5,0,0.0,0,0,18-APR-2022,
OPTIDX,MIDCPNIFTY,14-Jun-2022,8150.0,CE,0.0,0.0,0.0,184.0,128.45,0,0.0,0,0,18-APR-2022,
OPTIDX,MIDCPNIFTY,14-Jun-2022,8200.0,CE,0.0,0.0,0.0,171.6,118.35,0,0.0,0,0,18-APR-2022,
OPTIDX,MIDCPNIFTY,14-Jun-2022,8250.0,CE,0.0,0.0,0.0,159.6,108.95,0,0.0,0,0,18-APR-2022,
OPTIDX,MIDCPNIFTY,14-Jun-2022,8300.0,CE,0.0,0.0,0.0,148.35,100.2,0,0.0,0,0,18-APR-2022,
OPTIDX,MIDCPNIFTY,14-Jun-2022,8350.0,CE,0.0,0.0,0.0,137.4,92.0,0,0.0,0,0,18-APR-2022,
OPTIDX,MIDCPNIFTY,14-Jun-2022,8400.0,CE,0.0,0.0,0.0,127.4,84.4,0,0.0,0,0,18-APR-2022,
OPTIDX,MIDCPNIFTY,14-Jun-2022,8450.0,CE,0.0,0.0,0.0,118.0,77.35,0,0.0,0,0,18-APR-2022,
OPTIDX,MIDCPNIFTY,14-Jun-2022,8500.0,CE,0.0,0.0,0.0,109.2,70.8,0,0.0,0,0,18-APR-2022,
OPTIDX,MIDCPNIFTY,14-Jun-2022,8550.0,CE,0.0,0.0,0.0,100.95,64.75,0,0.0,0,0,18-APR-2022,
OPTIDX,MIDCPNIFTY,14-Jun-2022,8600.0,CE,0.0,0.0,0.0,93.25,59.15,0,0.0,0,0,18-APR-2022,
OPTIDX,MIDCPNIFTY,14-Jun-2022,8650.0,CE,0.0,0.0,0.0,86.05,53.95,0,0.0,0,0,18-APR-2022,
OPTIDX,MIDCPNIFTY,14-Jun-2022,8700.0,CE,0.0,0.0,0.0,79.35,49.15,0,0.0,0,0,18-APR-2022,
OPTIDX,MIDCPNIFTY,14-Jun-2022,8750.0,CE,0.0,0.0,0.0,73.1,44.75,0,0.0,0,0,18-APR-2022,
OPTIDX,MIDCPNIFTY,14-Jun-2022,8800.0,CE,0.0,0.0,0.0,67.25,40.7,0,0.0,0,0,18-APR-2022,
OPTIDX,MIDCPNIFTY,14-Jun-2022,8850.0,CE,0.0,0.0,0.0,61.85,37.0,0,0.0,0,0,18-APR-2022,
OPTIDX,MIDCPNIFTY,14-Jun-2022,8900.0,CE,0.0,0.0,0.0,56.8,33.6,0,0.0,0,0,18-APR-2022,
OPTIDX,MIDCPNIFTY,14-Jun-2022,8950.0,CE,0.0,0.0,0.0,52.15,30.45,0,0.0,0,0,18-APR-2022,
OPTIDX,MIDCPNIFTY,14-Jun-2022,9000.0,CE,0.0,0.0,0.0,47.85,27.6,0,0.0,0,0,18-APR-2022,
OPTIDX,MIDCPNIFTY,14-Jun-2022,6000.0,PE,0.0,0.0,0.0,14.1,15.2,0,0.0,0,0,18-APR-2022,
OPTIDX,MIDCPNIFTY,14-Jun-2022,6050.0,PE,0.0,0.0,0.0,16.5,17.95,0,0.0,0,0,18-APR-2022,
OPTIDX,MIDCPNIFTY,14-Jun-2022,6100.0,PE,0.0,0.0,0.0,19.25,21.0,0,0.0,0,0,18-APR-2022,
OPTIDX,MIDCPNIFTY,14-Jun-2022,6150.0,PE,0.0,0.0,0.0,22.4,24.5,0,0.0,0,0,18-APR-2022,
OPTIDX,MIDCPNIFTY,14-Jun-2022,6200.0,PE,0.0,0.0,0.0,25.9,28.45,0,0.0,0,0,18-APR-2022,
OPTIDX,MIDCPNIFTY,14-Jun-2022,6250.0,PE,0.0,0.0,0.0,29.8,32.95,0,0.0,0,0,18-APR-2022,
OPTIDX,MIDCPNIFTY,14-Jun-2022,6300.0,PE,0.0,0.0,0.0,34.2,37.9,0,0.0,0,0,18-APR-2022,
OPTIDX,MIDCPNIFTY,14-Jun-2022,6350.0,PE,0.0,0.0,0.0,39.1,43.5,0,0.0,0,0,18-APR-2022,
OPTIDX,MIDCPNIFTY,14-Jun-2022,6400.0,PE,0.0,0.0,0.0,44.5,49.65,0,0.0,0,0,18-APR-2022,
OPTIDX,MIDCPNIFTY,14-Jun-2022,6450.0,PE,0.0,0.0,0.0,50.5,56.5,0,0.0,0,0,18-APR-2022,
OPTIDX,MIDCPNIFTY,14-Jun-2022,6500.0,PE,0.0,0.0,0.0,57.1,64.0,0,0.0,0,0,18-APR-2022,
OPTIDX,MIDCPNIFTY,14-Jun-2022,6550.0,PE,0.0,0.0,0.0,64.35,72.3,0,0.0,0,0,18-APR-2022,
OPTIDX,MIDCPNIFTY,14-Jun-2022,6600.0,PE,0.0,0.0,0.0,72.25,81.35,0,0.0,0,0,18-APR-2022,
OPTIDX,MIDCPNIFTY,14-Jun-2022,6650.0,PE,0.0,0.0,0.0,80.9,91.2,0,0.0,0,0,18-APR-2022,
OPTIDX,MIDCPNIFTY,14-Jun-2022,6700.0,PE,0.0,0.0,0.0,90.25,101.9,0,0.0,0,0,18-APR-2022,
OPTIDX,MIDCPNIFTY,14-Jun-2022,6750.0,PE,0.0,0.0,0.0,100.35,113.45,0,0.0,0,0,18-APR-2022,
OPTIDX,MIDCPNIFTY,14-Jun-2022,6800.0,PE,0.0,0.0,0.0,111.3,126.2,0,0.0,0,0,18-APR-2022,
OPTIDX,MIDCPNIFTY,14-Jun-2022,6850.0,PE,0.0,0.0,0.0,123.1,139.6,0,0.0,0,0,18-APR-2022,
OPTIDX,MIDCPNIFTY,14-Jun-2022,6900.0,PE,0.0,0.0,0.0,135.95,153.7,0,0.0,0,0,18-APR-2022,
OPTIDX,MIDCPNIFTY,14-Jun-2022,6950.0,PE,0.0,0.0,0.0,149.45,169.15,0,0.0,0,0,18-APR-2022,
OPTIDX,MIDCPNIFTY,14-Jun-2022,7000.0,PE,0.0,0.0,0.0,163.5,185.6,0,0.0,0,0,18-APR-2022,
OPTIDX,MIDCPNIFTY,14-Jun-2022,7050.0,PE,0.0,0.0,0.0,178.9,203.05,0,0.0,0,0,18-APR-2022,
OPTIDX,MIDCPNIFTY,14-Jun-2022,7100.0,PE,0.0,0.0,0.0,195.25,221.6,0,0.0,0,0,18-APR-2022,
OPTIDX,MIDCPNIFTY,14-Jun-2022,7150.0,PE,0.0,0.0,0.0,212.55,241.25,0,0.0,0,0,18-APR-2022,
OPTIDX,MIDCPNIFTY,14-Jun-2022,7200.0,PE,0.0,0.0,0.0,230.8,261.9,0,0.0,0,0,18-APR-2022,
OPTIDX,MIDCPNIFTY,14-Jun-2022,7250.0,PE,0.0,0.0,0.0,250.1,283.7,0,0.0,0,0,18-APR-2022,
OPTIDX,MIDCPNIFTY,14-Jun-2022,7300.0,PE,0.0,0.0,0.0,270.4,306.55,0,0.0,0,0,18-APR-2022,
OPTIDX,MIDCPNIFTY,14-Jun-2022,7350.0,PE,0.0,0.0,0.0,291.65,330.45,0,0.0,0,0,18-APR-2022,
OPTIDX,MIDCPNIFTY,14-Jun-2022,7400.0,PE,0.0,0.0,0.0,313.95,355.45,0,0.0,0,0,18-APR-2022,
OPTIDX,MIDCPNIFTY,14-Jun-2022,7450.0,PE,0.0,0.0,0.0,337.25,381.5,0,0.0,0,0,18-APR-2022,
OPTIDX,MIDCPNIFTY,14-Jun-2022,7500.0,PE,0.0,0.0,0.0,361.55,408.65,0,0.0,0,0,18-APR-2022,
OPTIDX,MIDCPNIFTY,14-Jun-2022,7550.0,PE,0.0,0.0,0.0,386.85,436.8,0,0.0,0,0,18-APR-2022,
OPTIDX,MIDCPNIFTY,14-Jun-2022,7600.0,PE,0.0,0.0,0.0,413.15,466.0,0,0.0,0,0,18-APR-2022,
OPTIDX,MIDCPNIFTY,14-Jun-2022,7650.0,PE,0.0,0.0,0.0,440.4,496.2,0,0.0,0,0,18-APR-2022,
OPTIDX,MIDCPNIFTY,14-Jun-2022,7700.0,PE,0.0,0.0,0.0,468.65,527.4,0,0.0,0,0,18-APR-2022,
OPTIDX,MIDCPNIFTY,14-Jun-2022,7750.0,PE,0.0,0.0,0.0,497.85,559.6,0,0.0,0,0,18-APR-2022,
OPTIDX,MIDCPNIFTY,14-Jun-2022,7800.0,PE,0.0,0.0,0.0,528.0,592.7,0,0.0,0,0,18-APR-2022,
OPTIDX,MIDCPNIFTY,14-Jun-2022,7850.0,PE,0.0,0.0,0.0,559.05,626.7,0,0.0,0,0,18-APR-2022,
OPTIDX,MIDCPNIFTY,14-Jun-2022,7900.0,PE,0.0,0.0,0.0,591.05,661.6,0,0.0,0,0,18-APR-2022,
OPTIDX,MIDCPNIFTY,14-Jun-2022,7950.0,PE,0.0,0.0,0.0,623.9,697.35,0,0.0,0,0,18-APR-2022,
OPTIDX,MIDCPNIFTY,14-Jun-2022,8000.0,PE,0.0,0.0,0.0,657.6,733.95,0,0.0,0,0,18-APR-2022,
OPTIDX,MIDCPNIFTY,14-Jun-2022,8050.0,PE,0.0,0.0,0.0,692.1,771.7,0,0.0,0,0,18-APR-2022,
OPTIDX,MIDCPNIFTY,14-Jun-2022,8100.0,PE,0.0,0.0,0.0,727.45,809.9,0,0.0,0,0,18-APR-2022,
OPTIDX,MIDCPNIFTY,14-Jun-2022,8150.0,PE,0.0,0.0,0.0,763.55,848.55,0,0.0,0,0,18-APR-2022,
OPTIDX,MIDCPNIFTY,14-Jun-2022,8200.0,PE,0.0,0.0,0.0,800.8,888.15,0,0.0,0,0,18-APR-2022,
OPTIDX,MIDCPNIFTY,14-Jun-2022,8250.0,PE,0.0,0.0,0.0,838.45,928.4,0,0.0,0,0,18-APR-2022,
OPTIDX,MIDCPNIFTY,14-Jun-2022,8300.0,PE,0.0,0.0,0.0,876.8,969.3,0,0.0,0,0,18-APR-2022,
OPTIDX,MIDCPNIFTY,14-Jun-2022,8350.0,PE,0.0,0.0,0.0,915.5,1010.75,0,0.0,0,0,18-APR-2022,
OPTIDX,MIDCPNIFTY,14-Jun-2022,8400.0,PE,0.0,0.0,0.0,955.15,1052.85,0,0.0,0,0,18-APR-2022,
OPTIDX,MIDCPNIFTY,14-Jun-2022,8450.0,PE,0.0,0.0,0.0,995.4,1095.45,0,0.0,0,0,18-APR-2022,
OPTIDX,MIDCPNIFTY,14-Jun-2022,8500.0,PE,0.0,0.0,0.0,1036.25,1138.55,0,0.0,0,0,18-APR-2022,
OPTIDX,MIDCPNIFTY,14-Jun-2022,8550.0,PE,0.0,0.0,0.0,1077.65,1182.2,0,0.0,0,0,18-APR-2022,
OPTIDX,MIDCPNIFTY,14-Jun-2022,8600.0,PE,0.0,0.0,0.0,1119.55,1226.25,0,0.0,0,0,18-APR-2022,
OPTIDX,MIDCPNIFTY,14-Jun-2022,8650.0,PE,0.0,0.0,0.0,1162.0,1270.75,0,0.0,0,0,18-APR-2022,
OPTIDX,MIDCPNIFTY,14-Jun-2022,8700.0,PE,0.0,0.0,0.0,1204.9,1315.6,0,0.0,0,0,18-APR-2022,
OPTIDX,MIDCPNIFTY,14-Jun-2022,8750.0,PE,0.0,0.0,0.0,1248.3,1360.9,0,0.0,0,0,18-APR-2022,
OPTIDX,MIDCPNIFTY,14-Jun-2022,8800.0,PE,0.0,0.0,0.0,1292.1,1406.5,0,0.0,0,0,18-APR-2022,
OPTIDX,MIDCPNIFTY,14-Jun-2022,8850.0,PE,0.0,0.0,0.0,1336.3,1452.45,0,0.0,0,0,18-APR-2022,
OPTIDX,MIDCPNIFTY,14-Jun-2022,8900.0,PE,0.0,0.0,0.0,1380.95,1498.7,0,0.0,0,0,18-APR-2022,
OPTIDX,MIDCPNIFTY,14-Jun-2022,8950.0,PE,0.0,0.0,0.0,1425.9,1545.25,0,0.0,0,0,18-APR-2022,
OPTIDX,MIDCPNIFTY,14-Jun-2022,9000.0,PE,0.0,0.0,0.0,1471.2,1592.05,0,0.0,0,0,18-APR-2022,
OPTIDX,MIDCPNIFTY,28-Jun-2022,5700.0,CE,0.0,0.0,0.0,1590.85,1732.9,0,0.0,0,0,18-APR-2022,
OPTIDX,MIDCPNIFTY,28-Jun-2022,5750.0,CE,0.0,0.0,0.0,1545.35,1685.1,0,0.0,0,0,18-APR-2022,
OPTIDX,MIDCPNIFTY,28-Jun-2022,5800.0,CE,0.0,0.0,0.0,1500.25,1637.55,0,0.0,0,0,18-APR-2022,
OPTIDX,MIDCPNIFTY,28-Jun-2022,5850.0,CE,0.0,0.0,0.0,1455.6,1590.3,0,0.0,0,0,18-APR-2022,
OPTIDX,MIDCPNIFTY,28-Jun-2022,5900.0,CE,0.0,0.0,0.0,1411.4,1543.35,0,0.0,0,0,18-APR-2022,
OPTIDX,MIDCPNIFTY,28-Jun-2022,5950.0,CE,0.0,0.0,0.0,1367.65,1496.7,0,0.0,0,0,18-APR-2022,
OPTIDX,MIDCPNIFTY,28-Jun-2022,6000.0,CE,0.0,0.0,0.0,1324.5,1450.5,0,0.0,0,0,18-APR-2022,
OPTIDX,MIDCPNIFTY,28-Jun-2022,6050.0,CE,0.0,0.0,0.0,1281.85,1404.65,0,0.0,0,0,18-APR-2022,
OPTIDX,MIDCPNIFTY,28-Jun-2022,6100.0,CE,0.0,0.0,0.0,1239.75,1359.25,0,0.0,0,0,18-APR-2022,
OPTIDX,MIDCPNIFTY,28-Jun-2022,6150.0,CE,0.0,0.0,0.0,1198.3,1314.35,0,0.0,0,0,18-APR-2022,
OPTIDX,MIDCPNIFTY,28-Jun-2022,6200.0,CE,0.0,0.0,0.0,1157.45,1269.9,0,0.0,0,0,18-APR-2022,
OPTIDX,MIDCPNIFTY,28-Jun-2022,6250.0,CE,0.0,0.0,0.0,1117.25,1226.0,0,0.0,0,0,18-APR-2022,
OPTIDX,MIDCPNIFTY,28-Jun-2022,6300.0,CE,0.0,0.0,0.0,1077.7,1182.7,0,0.0,0,0,18-APR-2022,
OPTIDX,MIDCPNIFTY,28-Jun-2022,6350.0,CE,0.0,0.0,0.0,1038.85,1139.95,0,0.0,0,0,18-APR-2022,
OPTIDX,MIDCPNIFTY,28-Jun-2022,6400.0,CE,0.0,0.0,0.0,1000.75,1097.85,0,0.0,0,0,18-APR-2022,
OPTIDX,MIDCPNIFTY,28-Jun-2022,6450.0,CE,0.0,0.0,0.0,963.35,1056.45,0,0.0,0,0,18-APR-2022,
OPTIDX,MIDCPNIFTY,28-Jun-2022,6500.0,CE,0.0,0.0,0.0,926.95,1015.7,0,0.0,0,0,18-APR-2022,
OPTIDX,MIDCPNIFTY,28-Jun-2022,6550.0,CE,0.0,0.0,0.0,891.05,975.7,0,0.0,0,0,18-APR-2022,
OPTIDX,MIDCPNIFTY,28-Jun-2022,6600.0,CE,0.0,0.0,0.0,855.95,936.45,0,0.0,0,0,18-APR-2022,
OPTIDX,MIDCPNIFTY,28-Jun-2022,6650.0,CE,0.0,0.0,0.0,821.4,898.0,0,0.0,0,0,18-APR-2022,
OPTIDX,MIDCPNIFTY,28-Jun-2022,6700.0,CE,0.0,0.0,0.0,788.0,860.35,0,0.0,0,0,18-APR-2022,
OPTIDX,MIDCPNIFTY,28-Jun-2022,6750.0,CE,0.0,0.0,0.0,755.4,823.75,0,0.0,0,0,18-APR-2022,
OPTIDX,MIDCPNIFTY,28-Jun-2022,6800.0,CE,0.0,0.0,0.0,723.65,787.75,0,0.0,0,0,18-APR-2022,
OPTIDX,MIDCPNIFTY,28-Jun-2022,6850.0,CE,0.0,0.0,0.0,692.75,752.35,0,0.0,0,0,18-APR-2022,
OPTIDX,MIDCPNIFTY,28-Jun-2022,6900.0,CE,0.0,0.0,0.0,662.7,718.2,0,0.0,0,0,18-APR-2022,
OPTIDX,MIDCPNIFTY,28-Jun-2022,6950.0,CE,0.0,0.0,0.0,633.5,684.95,0,0.0,0,0,18-APR-2022,
OPTIDX,MIDCPNIFTY,28-Jun-2022,7000.0,CE,0.0,0.0,0.0,605.2,652.65,0,0.0,0,0,18-APR-2022,
OPTIDX,MIDCPNIFTY,28-Jun-2022,7050.0,CE,0.0,0.0,0.0,577.75,621.3,0,0.0,0,0,18-APR-2022,
OPTIDX,MIDCPNIFTY,28-Jun-2022,7100.0,CE,0.0,0.0,0.0,551.1,590.9,0,0.0,0,0,18-APR-2022,
OPTIDX,MIDCPNIFTY,28-Jun-2022,7150.0,CE,0.0,0.0,0.0,525.4,561.5,0,0.0,0,0,18-APR-2022,
OPTIDX,MIDCPNIFTY,28-Jun-2022,7200.0,CE,0.0,0.0,0.0,500.45,533.0,0,0.0,0,0,18-APR-2022,
OPTIDX,MIDCPNIFTY,28-Jun-2022,7250.0,CE,0.0,0.0,0.0,476.4,505.5,0,0.0,0,0,18-APR-2022,
OPTIDX,MIDCPNIFTY,28-Jun-2022,7300.0,CE,0.0,0.0,0.0,453.2,479.0,0,0.0,0,0,18-APR-2022,
OPTIDX,MIDCPNIFTY,28-Jun-2022,7350.0,CE,0.0,0.0,0.0,430.85,453.4,0,0.0,0,0,18-APR-2022,
OPTIDX,MIDCPNIFTY,28-Jun-2022,7400.0,CE,0.0,0.0,0.0,409.3,428.8,0,0.0,0,0,18-APR-2022,
OPTIDX,MIDCPNIFTY,28-Jun-2022,7450.0,CE,0.0,0.0,0.0,388.6,405.15,0,0.0,0,0,18-APR-2022,
OPTIDX,MIDCPNIFTY,28-Jun-2022,7500.0,CE,0.0,0.0,0.0,368.65,382.45,0,0.0,0,0,18-APR-2022,
OPTIDX,MIDCPNIFTY,28-Jun-2022,7550.0,CE,0.0,0.0,0.0,349.5,360.7,0,0.0,0,0,18-APR-2022,
OPTIDX,MIDCPNIFTY,28-Jun-2022,7600.0,CE,0.0,0.0,0.0,331.15,339.85,0,0.0,0,0,18-APR-2022,
OPTIDX,MIDCPNIFTY,28-Jun-2022,7650.0,CE,0.0,0.0,0.0,313.5,319.9,0,0.0,0,0,18-APR-2022,
OPTIDX,MIDCPNIFTY,28-Jun-2022,7700.0,CE,0.0,0.0,0.0,296.65,300.85,0,0.0,0,0,18-APR-2022,
OPTIDX,MIDCPNIFTY,28-Jun-2022,7750.0,CE,0.0,0.0,0.0,280.5,282.7,0,0.0,0,0,18-APR-2022,
OPTIDX,MIDCPNIFTY,28-Jun-2022,7800.0,CE,0.0,0.0,0.0,265.05,265.4,0,0.0,0,0,18-APR-2022,
OPTIDX,MIDCPNIFTY,28-Jun-2022,7850.0,CE,0.0,0.0,0.0,250.3,248.9,0,0.0,0,0,18-APR-2022,
OPTIDX,MIDCPNIFTY,28-Jun-2022,7900.0,CE,0.0,0.0,0.0,236.2,233.25,0,0.0,0,0,18-APR-2022,
OPTIDX,MIDCPNIFTY,28-Jun-2022,7950.0,CE,0.0,0.0,0.0,222.8,218.35,0,0.0,0,0,18-APR-2022,
OPTIDX,MIDCPNIFTY,28-Jun-2022,8000.0,CE,0.0,0.0,0.0,210.3,204.25,0,0.0,0,0,18-APR-2022,
OPTIDX,MIDCPNIFTY,28-Jun-2022,8050.0,CE,0.0,0.0,0.0,198.15,190.85,0,0.0,0,0,18-APR-2022,
OPTIDX,MIDCPNIFTY,28-Jun-2022,8100.0,CE,0.0,0.0,0.0,186.6,178.55,0,0.0,0,0,18-APR-2022,
OPTIDX,MIDCPNIFTY,28-Jun-2022,8150.0,CE,0.0,0.0,0.0,175.65,166.65,0,0.0,0,0,18-APR-2022,
OPTIDX,MIDCPNIFTY,28-Jun-2022,8200.0,CE,0.0,0.0,0.0,165.2,155.4,0,0.0,0,0,18-APR-2022,
OPTIDX,MIDCPNIFTY,28-Jun-2022,8250.0,CE,0.0,0.0,0.0,155.0,144.5,0,0.0,0,0,18-APR-2022,
OPTIDX,MIDCPNIFTY,28-Jun-2022,8300.0,CE,0.0,0.0,0.0,145.6,134.5,0,0.0,0,0,18-APR-2022,
OPTIDX,MIDCPNIFTY,28-Jun-2022,8350.0,CE,0.0,0.0,0.0,136.65,125.05,0,0.0,0,0,18-APR-2022,
OPTIDX,MIDCPNIFTY,28-Jun-2022,8400.0,CE,0.0,0.0,0.0,128.2,116.2,0,0.0,0,0,18-APR-2022,
OPTIDX,MIDCPNIFTY,28-Jun-2022,8450.0,CE,0.0,0.0,0.0,120.2,107.85,0,0.0,0,0,18-APR-2022,
OPTIDX,MIDCPNIFTY,28-Jun-2022,8500.0,CE,0.0,0.0,0.0,112.65,100.05,0,0.0,0,0,18-APR-2022,
OPTIDX,MIDCPNIFTY,28-Jun-2022,8550.0,CE,0.0,0.0,0.0,105.5,92.7,0,0.0,0,0,18-APR-2022,
OPTIDX,MIDCPNIFTY,28-Jun-2022,8600.0,CE,0.0,0.0,0.0,98.75,85.85,0,0.0,0,0,18-APR-2022,
OPTIDX,MIDCPNIFTY,28-Jun-2022,8650.0,CE,0.0,0.0,0.0,92.35,79.45,0,0.0,0,0,18-APR-2022,
OPTIDX,MIDCPNIFTY,28-Jun-2022,8700.0,CE,0.0,0.0,0.0,86.35,73.45,0,0.0,0,0,18-APR-2022,
OPTIDX,MIDCPNIFTY,28-Jun-2022,8750.0,CE,0.0,0.0,0.0,89.2,67.85,0,0.0,0,0,18-APR-2022,
OPTIDX,MIDCPNIFTY,28-Jun-2022,8800.0,CE,0.0,0.0,0.0,84.95,62.6,0,0.0,0,0,18-APR-2022,
OPTIDX,MIDCPNIFTY,28-Jun-2022,8850.0,CE,0.0,0.0,0.0,88.5,57.75,0,0.0,0,0,18-APR-2022,
OPTIDX,MIDCPNIFTY,28-Jun-2022,8900.0,CE,0.0,0.0,0.0,82.6,53.25,0,0.0,0,0,18-APR-2022,
OPTIDX,MIDCPNIFTY,28-Jun-2022,8950.0,CE,0.0,0.0,0.0,89.15,49.0,0,0.0,0,0,18-APR-2022,
OPTIDX,MIDCPNIFTY,28-Jun-2022,9000.0,CE,0.0,0.0,0.0,83.25,45.1,0,0.0,0,0,18-APR-2022,
OPTIDX,MIDCPNIFTY,28-Jun-2022,9050.0,CE,0.0,0.0,0.0,92.0,41.5,0,0.0,0,0,18-APR-2022,
OPTIDX,MIDCPNIFTY,28-Jun-2022,9100.0,CE,0.0,0.0,0.0,85.95,38.1,0,0.0,0,0,18-APR-2022,
OPTIDX,MIDCPNIFTY,28-Jun-2022,9150.0,CE,0.0,0.0,0.0,82.4,35.0,0,0.0,0,0,18-APR-2022,
OPTIDX,MIDCPNIFTY,28-Jun-2022,5700.0,PE,0.0,0.0,0.0,29.3,9.95,0,0.0,0,0,18-APR-2022,
OPTIDX,MIDCPNIFTY,28-Jun-2022,5750.0,PE,0.0,0.0,0.0,33.25,11.75,0,0.0,0,0,18-APR-2022,
OPTIDX,MIDCPNIFTY,28-Jun-2022,5800.0,PE,0.0,0.0,0.0,37.65,13.8,0,0.0,0,0,18-APR-2022,
OPTIDX,MIDCPNIFTY,28-Jun-2022,5850.0,PE,0.0,0.0,0.0,42.45,16.1,0,0.0,0,0,18-APR-2022,
OPTIDX,MIDCPNIFTY,28-Jun-2022,5900.0,PE,0.0,0.0,0.0,47.7,18.75,0,0.0,0,0,18-APR-2022,
OPTIDX,MIDCPNIFTY,28-Jun-2022,5950.0,PE,0.0,0.0,0.0,53.5,21.75,0,0.0,0,0,18-APR-2022,
OPTIDX,MIDCPNIFTY,28-Jun-2022,6000.0,PE,0.0,0.0,0.0,59.8,25.1,0,0.0,0,0,18-APR-2022,
OPTIDX,MIDCPNIFTY,28-Jun-2022,6050.0,PE,0.0,0.0,0.0,66.6,28.85,0,0.0,0,0,18-APR-2022,
OPTIDX,MIDCPNIFTY,28-Jun-2022,6100.0,PE,0.0,0.0,0.0,74.0,33.05,0,0.0,0,0,18-APR-2022,
OPTIDX,MIDCPNIFTY,28-Jun-2022,6150.0,PE,0.0,0.0,0.0,82.05,37.7,0,0.0,0,0,18-APR-2022,
OPTIDX,MIDCPNIFTY,28-Jun-2022,6200.0,PE,0.0,0.0,0.0,90.65,42.85,0,0.0,0,0,18-APR-2022,
OPTIDX,MIDCPNIFTY,28-Jun-2022,6250.0,PE,0.0,0.0,0.0,99.95,48.55,0,0.0,0,0,18-APR-2022,
OPTIDX,MIDCPNIFTY,28-Jun-2022,6300.0,PE,0.0,0.0,0.0,109.9,54.8,0,0.0,0,0,18-APR-2022,
OPTIDX,MIDCPNIFTY,28-Jun-2022,6350.0,PE,0.0,0.0,0.0,120.5,61.65,0,0.0,0,0,18-APR-2022,
OPTIDX,MIDCPNIFTY,28-Jun-2022,6400.0,PE,0.0,0.0,0.0,131.9,69.15,0,0.0,0,0,18-APR-2022,
OPTIDX,MIDCPNIFTY,28-Jun-2022,6450.0,PE,0.0,0.0,0.0,144.0,77.35,0,0.0,0,0,18-APR-2022,
OPTIDX,MIDCPNIFTY,28-Jun-2022,6500.0,PE,0.0,0.0,0.0,157.05,86.2,0,0.0,0,0,18-APR-2022,
OPTIDX,MIDCPNIFTY,28-Jun-2022,6550.0,PE,0.0,0.0,0.0,170.65,95.75,0,0.0,0,0,18-APR-2022,
OPTIDX,MIDCPNIFTY,28-Jun-2022,6600.0,PE,0.0,0.0,0.0,185.0,106.1,0,0.0,0,0,18-APR-2022,
OPTIDX,MIDCPNIFTY,28-Jun-2022,6650.0,PE,0.0,0.0,0.0,199.95,117.25,0,0.0,0,0,18-APR-2022,
OPTIDX,MIDCPNIFTY,28-Jun-2022,6700.0,PE,0.0,0.0,0.0,216.0,129.2,0,0.0,0,0,18-APR-2022,
OPTIDX,MIDCPNIFTY,28-Jun-2022,6750.0,PE,0.0,0.0,0.0,232.9,142.2,0,0.0,0,0,18-APR-2022,
OPTIDX,MIDCPNIFTY,28-Jun-2022,6800.0,PE,0.0,0.0,0.0,250.6,155.8,0,0.0,0,0,18-APR-2022,
OPTIDX,MIDCPNIFTY,28-Jun-2022,6850.0,PE,0.0,0.0,0.0,269.2,169.95,0,0.0,0,0,18-APR-2022,
OPTIDX,MIDCPNIFTY,28-Jun-2022,6900.0,PE,0.0,0.0,0.0,288.65,185.4,0,0.0,0,0,18-APR-2022,
OPTIDX,MIDCPNIFTY,28-Jun-2022,6950.0,PE,0.0,0.0,0.0,308.9,201.75,0,0.0,0,0,18-APR-2022,
OPTIDX,MIDCPNIFTY,28-Jun-2022,7000.0,PE,0.0,0.0,0.0,330.05,219.05,0,0.0,0,0,18-APR-2022,
OPTIDX,MIDCPNIFTY,28-Jun-2022,7050.0,PE,0.0,0.0,0.0,352.1,237.25,0,0.0,0,0,18-APR-2022,
OPTIDX,MIDCPNIFTY,28-Jun-2022,7100.0,PE,0.0,0.0,0.0,374.95,256.45,0,0.0,0,0,18-APR-2022,
OPTIDX,MIDCPNIFTY,28-Jun-2022,7150.0,PE,0.0,0.0,0.0,398.7,276.6,0,0.0,0,0,18-APR-2022,
OPTIDX,MIDCPNIFTY,28-Jun-2022,7200.0,PE,0.0,0.0,0.0,423.25,297.75,0,0.0,0,0,18-APR-2022,
OPTIDX,MIDCPNIFTY,28-Jun-2022,7250.0,PE,0.0,0.0,0.0,448.7,319.8,0,0.0,0,0,18-APR-2022,
OPTIDX,MIDCPNIFTY,28-Jun-2022,7300.0,PE,0.0,0.0,0.0,475.0,342.9,0,0.0,0,0,18-APR-2022,
OPTIDX,MIDCPNIFTY,28-Jun-2022,7350.0,PE,0.0,0.0,0.0,502.1,366.9,0,0.0,0,0,18-APR-2022,
OPTIDX,MIDCPNIFTY,28-Jun-2022,7400.0,PE,0.0,0.0,0.0,530.05,391.85,0,0.0,0,0,18-APR-2022,
OPTIDX,MIDCPNIFTY,28-Jun-2022,7450.0,PE,0.0,0.0,0.0,558.8,417.8,0,0.0,0,0,18-APR-2022,
OPTIDX,MIDCPNIFTY,28-Jun-2022,7500.0,PE,0.0,0.0,0.0,588.35,444.7,0,0.0,0,0,18-APR-2022,
OPTIDX,MIDCPNIFTY,28-Jun-2022,7550.0,PE,0.0,0.0,0.0,618.65,472.5,0,0.0,0,0,18-APR-2022,
OPTIDX,MIDCPNIFTY,28-Jun-2022,7600.0,PE,0.0,0.0,0.0,649.75,501.25,0,0.0,0,0,18-APR-2022,
OPTIDX,MIDCPNIFTY,28-Jun-2022,7650.0,PE,0.0,0.0,0.0,681.65,530.9,0,0.0,0,0,18-APR-2022,
OPTIDX,MIDCPNIFTY,28-Jun-2022,7700.0,PE,0.0,0.0,0.0,714.25,561.45,0,0.0,0,0,18-APR-2022,
OPTIDX,MIDCPNIFTY,28-Jun-2022,7750.0,PE,0.0,0.0,0.0,747.55,592.9,0,0.0,0,0,18-APR-2022,
OPTIDX,MIDCPNIFTY,28-Jun-2022,7800.0,PE,0.0,0.0,0.0,781.6,625.15,0,0.0,0,0,18-APR-2022,
OPTIDX,MIDCPNIFTY,28-Jun-2022,7850.0,PE,0.0,0.0,0.0,816.35,658.25,0,0.0,0,0,18-APR-2022,
OPTIDX,MIDCPNIFTY,28-Jun-2022,7900.0,PE,0.0,0.0,0.0,851.75,692.2,0,0.0,0,0,18-APR-2022,
OPTIDX,MIDCPNIFTY,28-Jun-2022,7950.0,PE,0.0,0.0,0.0,887.8,726.9,0,0.0,0,0,18-APR-2022,
OPTIDX,MIDCPNIFTY,28-Jun-2022,8000.0,PE,0.0,0.0,0.0,924.8,762.35,0,0.0,0,0,18-APR-2022,
OPTIDX,MIDCPNIFTY,28-Jun-2022,8050.0,PE,0.0,0.0,0.0,962.1,798.6,0,0.0,0,0,18-APR-2022,
OPTIDX,MIDCPNIFTY,28-Jun-2022,8100.0,PE,0.0,0.0,0.0,1000.05,835.85,0,0.0,0,0,18-APR-2022,
OPTIDX,MIDCPNIFTY,28-Jun-2022,8150.0,PE,0.0,0.0,0.0,1038.55,873.55,0,0.0,0,0,18-APR-2022,
OPTIDX,MIDCPNIFTY,28-Jun-2022,8200.0,PE,0.0,0.0,0.0,1077.6,911.9,0,0.0,0,0,18-APR-2022,
OPTIDX,MIDCPNIFTY,28-Jun-2022,8250.0,PE,0.0,0.0,0.0,1116.85,950.6,0,0.0,0,0,18-APR-2022,
OPTIDX,MIDCPNIFTY,28-Jun-2022,8300.0,PE,0.0,0.0,0.0,1156.95,990.15,0,0.0,0,0,18-APR-2022,
OPTIDX,MIDCPNIFTY,28-Jun-2022,8350.0,PE,0.0,0.0,0.0,1197.5,1030.3,0,0.0,0,0,18-APR-2022,
OPTIDX,MIDCPNIFTY,28-Jun-2022,8400.0,PE,0.0,0.0,0.0,1238.5,1071.05,0,0.0,0,0,18-APR-2022,
OPTIDX,MIDCPNIFTY,28-Jun-2022,8450.0,PE,0.0,0.0,0.0,1280.0,1112.3,0,0.0,0,0,18-APR-2022,
OPTIDX,MIDCPNIFTY,28-Jun-2022,8500.0,PE,0.0,0.0,0.0,1321.9,1154.05,0,0.0,0,0,18-APR-2022,
OPTIDX,MIDCPNIFTY,28-Jun-2022,8550.0,PE,0.0,0.0,0.0,1364.2,1196.3,0,0.0,0,0,18-APR-2022,
OPTIDX,MIDCPNIFTY,28-Jun-2022,8600.0,PE,0.0,0.0,0.0,1406.95,1239.05,0,0.0,0,0,18-APR-2022,
OPTIDX,MIDCPNIFTY,28-Jun-2022,8650.0,PE,0.0,0.0,0.0,1450.05,1282.2,0,0.0,0,0,18-APR-2022,
OPTIDX,MIDCPNIFTY,28-Jun-2022,8700.0,PE,0.0,0.0,0.0,1493.55,1325.8,0,0.0,0,0,18-APR-2022,
OPTIDX,MIDCPNIFTY,28-Jun-2022,8750.0,PE,0.0,0.0,0.0,1475.2,1369.8,0,0.0,0,0,18-APR-2022,
OPTIDX,MIDCPNIFTY,28-Jun-2022,8800.0,PE,0.0,0.0,0.0,1496.85,1414.15,0,0.0,0,0,18-APR-2022,
OPTIDX,MIDCPNIFTY,28-Jun-2022,8850.0,PE,0.0,0.0,0.0,1454.25,1458.9,0,0.0,0,0,18-APR-2022,
OPTIDX,MIDCPNIFTY,28-Jun-2022,8900.0,PE,0.0,0.0,0.0,1497.9,1503.95,0,0.0,0,0,18-APR-2022,
OPTIDX,MIDCPNIFTY,28-Jun-2022,8950.0,PE,0.0,0.0,0.0,1460.75,1549.35,0,0.0,0,0,18-APR-2022,
OPTIDX,MIDCPNIFTY,28-Jun-2022,9000.0,PE,0.0,0.0,0.0,1504.4,1595.0,0,0.0,0,0,18-APR-2022,
OPTIDX,MIDCPNIFTY,28-Jun-2022,9050.0,PE,0.0,0.0,0.0,1455.35,1640.95,0,0.0,0,0,18-APR-2022,
OPTIDX,MIDCPNIFTY,28-Jun-2022,9100.0,PE,0.0,0.0,0.0,1498.85,1687.2,0,0.0,0,0,18-APR-2022,
OPTIDX,MIDCPNIFTY,28-Jun-2022,9150.0,PE,0.0,0.0,0.0,1517.55,1733.65,0,0.0,0,0,18-APR-2022,
OPTIDX,NIFTY,21-Apr-2022,14350.0,CE,2876.55,2935.45,2757.45,2757.45,2828.5,11,94.55,100,100,18-APR-2022,
OPTIDX,NIFTY,21-Apr-2022,14400.0,CE,0.0,0.0,0.0,1598.6,2778.55,0,0.0,0,0,18-APR-2022,
OPTIDX,NIFTY,21-Apr-2022,14450.0,CE,0.0,0.0,0.0,1554.65,2728.55,0,0.0,0,0,18-APR-2022,
OPTIDX,NIFTY,21-Apr-2022,14500.0,CE,2732.1,2732.1,2646.7,2646.7,2678.55,6,51.57,100,100,18-APR-2022,
OPTIDX,NIFTY,21-Apr-2022,14550.0,CE,0.0,0.0,0.0,1467.95,2628.6,0,0.0,0,0,18-APR-2022,
OPTIDX,NIFTY,21-Apr-2022,14600.0,CE,2609.65,2625.25,2588.05,2588.05,2578.6,4,34.4,0,0,18-APR-2022,
OPTIDX,NIFTY,21-Apr-2022,14650.0,CE,2567.25,2567.25,2539.15,2539.15,2528.6,4,34.4,0,0,18-APR-2022,
OPTIDX,NIFTY,21-Apr-2022,14700.0,CE,2517.3,2517.3,2440.85,2440.85,2478.65,2,17.17,0,0,18-APR-2022,
OPTIDX,NIFTY,21-Apr-2022,14750.0,CE,2466.55,2466.55,2396.65,2396.65,2428.65,2,17.18,0,0,18-APR-2022,
OPTIDX,NIFTY,21-Apr-2022,14800.0,CE,2417.25,2417.25,2327.35,2327.35,2378.65,2,17.17,0,0,18-APR-2022,
OPTIDX,NIFTY,21-Apr-2022,14850.0,CE,2367.4,2367.4,2286.6,2286.6,2328.7,2,17.17,0,0,18-APR-2022,
OPTIDX,NIFTY,21-Apr-2022,14900.0,CE,0.0,0.0,0.0,1539.6,2278.7,0,0.0,0,0,18-APR-2022,
OPTIDX,NIFTY,21-Apr-2022,14950.0,CE,0.0,0.0,0.0,1497.6,2228.7,0,0.0,0,0,18-APR-2022,
OPTIDX,NIFTY,21-Apr-2022,15000.0,CE,2243.2,2243.2,2155.65,2155.65,2178.75,8,68.86,150,0,18-APR-2022,
OPTIDX,NIFTY,21-Apr-2022,15050.0,CE,0.0,0.0,0.0,1415.0,2128.75,0,0.0,0,0,18-APR-2022,
OPTIDX,NIFTY,21-Apr-2022,15100.0,CE,0.0,0.0,0.0,1374.45,2078.75,0,0.0,0,0,18-APR-2022,
OPTIDX,NIFTY,21-Apr-2022,15150.0,CE,0.0,0.0,0.0,1334.4,2028.8,0,0.0,0,0,18-APR-2022,
OPTIDX,NIFTY,21-Apr-2022,15200.0,CE,2017.45,2017.45,1934.8,1934.8,1978.8,2,17.17,0,0,18-APR-2022,
OPTIDX,NIFTY,21-Apr-2022,15250.0,CE,0.0,0.0,0.0,1255.9,1928.8,0,0.0,0,0,18-APR-2022,
OPTIDX,NIFTY,21-Apr-2022,15300.0,CE,1917.9,1917.9,1883.5,1883.5,1878.85,4,34.4,0,0,18-APR-2022,
OPTIDX,NIFTY,21-Apr-2022,15350.0,CE,1867.15,1867.15,1789.95,1789.95,1828.85,2,17.17,0,0,18-APR-2022,
OPTIDX,NIFTY,21-Apr-2022,15400.0,CE,0.0,0.0,0.0,1143.05,1778.85,0,0.0,0,0,18-APR-2022,
OPTIDX,NIFTY,21-Apr-2022,15450.0,CE,1768.15,1768.15,1732.8,1732.8,1728.9,5,43.0,50,50,18-APR-2022,
OPTIDX,NIFTY,21-Apr-2022,15500.0,CE,1777.8,1777.8,1646.45,1712.25,1712.25,7,60.17,500,-200,18-APR-2022,
OPTIDX,NIFTY,21-Apr-2022,15550.0,CE,0.0,0.0,0.0,1705.05,1628.9,0,0.0,0,0,18-APR-2022,
OPTIDX,NIFTY,21-Apr-2022,15600.0,CE,1617.3,1617.3,1572.0,1572.0,1578.95,4,34.38,200,100,18-APR-2022,
OPTIDX,NIFTY,21-Apr-2022,15650.0,CE,1575.9,1575.9,1516.4,1516.4,1528.95,4,34.39,150,100,18-APR-2022,
OPTIDX,NIFTY,21-Apr-2022,15700.0,CE,0.0,0.0,0.0,1805.0,1478.95,0,0.0,100,0,18-APR-2022,
OPTIDX,NIFTY,21-Apr-2022,15750.0,CE,1438.75,1444.2,1438.75,1444.2,1429.0,6,51.57,2000,150,18-APR-2022,
OPTIDX,NIFTY,21-Apr-2022,15800.0,CE,0.0,0.0,0.0,1853.3,1379.0,0,0.0,0,0,18-APR-2022,
OPTIDX,NIFTY,21-Apr-2022,15850.0,CE,0.0,0.0,0.0,1689.8,1329.05,0,0.0,0,0,18-APR-2022,
OPTIDX,NIFTY,21-Apr-2022,15900.0,CE,1294.55,1294.55,1294.55,1294.55,1279.05,1,8.59,50,50,18-APR-2022,
OPTIDX,NIFTY,21-Apr-2022,15950.0,CE,1241.0,1241.0,1241.0,1241.0,1229.05,1,8.59,50,50,18-APR-2022,
OPTIDX,NIFTY,21-Apr-2022,16000.0,CE,1238.85,1238.85,1101.7,1167.45,1167.45,81,695.97,8350,350,18-APR-2022,
OPTIDX,NIFTY,21-Apr-2022,16050.0,CE,1183.7,1183.7,1108.15,1140.8,1129.15,6,51.56,200,150,18-APR-2022,
OPTIDX,NIFTY,21-Apr-2022,16100.0,CE,1152.75,1152.75,1000.0,1091.6,1079.2,14,120.34,650,0,18-APR-2022,
OPTIDX,NIFTY,21-Apr-2022,16150.0,CE,992.05,1037.65,992.05,1037.65,1029.3,2,17.16,150,50,18-APR-2022,
OPTIDX,NIFTY,21-Apr-2022,16200.0,CE,1039.0,1045.35,943.1,987.7,979.4,43,369.55,2700,1250,18-APR-2022,
OPTIDX,NIFTY,21-Apr-2022,16250.0,CE,893.2,893.2,891.35,891.35,929.55,2,17.14,200,50,18-APR-2022,
OPTIDX,NIFTY,21-Apr-2022,16300.0,CE,914.45,914.45,828.4,912.55,879.85,50,428.49,2850,2200,18-APR-2022,
OPTIDX,NIFTY,21-Apr-2022,16350.0,CE,870.45,870.8,792.95,870.8,870.8,4,34.36,200,100,18-APR-2022,
OPTIDX,NIFTY,21-Apr-2022,16400.0,CE,844.4,857.05,705.0,788.9,788.9,84,722.5,1750,550,18-APR-2022,
OPTIDX,NIFTY,21-Apr-2022,16450.0,CE,770.9,805.05,680.0,745.0,731.65,19,163.28,600,400,18-APR-2022,
OPTIDX,NIFTY,21-Apr-2022,16500.0,CE,766.6,766.6,597.55,691.45,691.45,2061,17704.19,22100,11350,18-APR-2022,
OPTIDX,NIFTY,21-Apr-2022,16550.0,CE,669.9,697.15,594.0,627.5,627.5,42,361.11,2400,150,18-APR-2022,
OPTIDX,NIFTY,21-Apr-2022,16600.0,CE,635.85,654.4,512.3,616.05,616.05,958,8227.62,8700,4900,18-APR-2022,
OPTIDX,NIFTY,21-Apr-2022,16650.0,CE,574.0,595.35,462.65,562.9,562.9,312,2682.03,2750,2250,18-APR-2022,
OPTIDX,NIFTY,21-Apr-2022,16700.0,CE,560.6,563.45,413.6,505.8,505.8,2304,19801.92,23200,20950,18-APR-2022,
OPTIDX,NIFTY,21-Apr-2022,16750.0,CE,514.0,514.0,376.25,457.85,457.85,474,4074.33,3500,3250,18-APR-2022,
OPTIDX,NIFTY,21-Apr-2022,16800.0,CE,479.45,479.45,328.55,405.9,405.9,15041,129335.13,56550,51200,18-APR-2022,
OPTIDX,NIFTY,21-Apr-2022,16850.0,CE,442.6,442.6,297.45,378.65,378.65,1507,12962.36,9100,8550,18-APR-2022,
OPTIDX,NIFTY,21-Apr-2022,16900.0,CE,367.2,399.55,252.0,329.25,329.25,29449,253411.47,40750,33600,18-APR-2022,
OPTIDX,NIFTY,21-Apr-2022,16950.0,CE,347.2,347.2,217.85,291.25,291.25,10708,92222.9,28200,25900,18-APR-2022,
OPTIDX,NIFTY,21-Apr-2022,17000.0,CE,295.65,320.85,186.0,248.4,248.4,249127,2147292.44,521300,398550,18-APR-2022,
OPTIDX,NIFTY,21-Apr-2022,17050.0,CE,254.4,282.85,156.3,212.15,212.15,86137,742875.68,60850,59000,18-APR-2022,
OPTIDX,NIFTY,21-Apr-2022,17100.0,CE,225.25,246.25,130.05,179.0,179.0,681174,5881817.46,908400,891450,18-APR-2022,
OPTIDX,NIFTY,21-Apr-2022,17150.0,CE,197.8,214.15,107.35,147.8,147.8,617393,5338467.07,942950,940850,18-APR-2022,
OPTIDX,NIFTY,21-Apr-2022,17200.0,CE,150.0,244.35,87.5,120.8,120.8,1739140,15063173.95,3856050,3806450,18-APR-2022,
OPTIDX,NIFTY,21-Apr-2022,17250.0,CE,150.0,153.0,70.0,96.45,96.45,634842,5507201.07,1253400,1242150,18-APR-2022,
OPTIDX,NIFTY,21-Apr-2022,17300.0,CE,102.05,126.45,55.4,74.5,74.5,1326198,11523888.89,3428950,3320650,18-APR-2022,
OPTIDX,NIFTY,21-Apr-2022,17350.0,CE,75.45,104.4,42.95,56.65,56.65,465851,4055415.7,2256550,2234300,18-APR-2022,
OPTIDX,NIFTY,21-Apr-2022,17400.0,CE,100.0,100.1,33.6,42.75,42.75,1063032,9274143.78,5494850,5193950,18-APR-2022,
OPTIDX,NIFTY,21-Apr-2022,17450.0,CE,53.0,89.85,25.65,32.15,32.15,387627,3389176.94,1417950,1244050,18-APR-2022,
OPTIDX,NIFTY,21-Apr-2022,17500.0,CE,75.0,75.0,19.35,23.85,23.85,1212584,10627779.23,5726100,3628050,18-APR-2022,
OPTIDX,NIFTY,21-Apr-2022,17550.0,CE,40.0,45.5,14.5,17.9,17.9,310645,2729382.93,1217100,669500,18-APR-2022,
OPTIDX,NIFTY,21-Apr-2022,17600.0,CE,50.0,50.0,11.25,13.35,13.35,732731,6454501.53,4238400,1109100,18-APR-2022,
OPTIDX,NIFTY,21-Apr-2022,17650.0,CE,69.9,69.9,5.6,9.95,9.95,258979,2287229.08,1366150,745050,18-APR-2022,
OPTIDX,NIFTY,21-Apr-2022,17700.0,CE,25.0,40.0,6.85,7.8,7.8,783198,6935511.77,3890100,745800,18-APR-2022,
OPTIDX,NIFTY,21-Apr-2022,17750.0,CE,9.05,32.7,5.45,6.1,6.1,284892,2529599.55,1357350,879900,18-APR-2022,
OPTIDX,NIFTY,21-Apr-2022,17800.0,CE,16.85,16.85,4.55,5.05,5.05,737302,6564566.67,3575050,1563500,18-APR-2022,
OPTIDX,NIFTY,21-Apr-2022,17850.0,CE,25.9,25.9,4.05,4.4,4.4,213882,1909501.03,906350,464350,18-APR-2022,
OPTIDX,NIFTY,21-Apr-2022,17900.0,CE,14.65,14.65,3.5,3.8,3.8,527001,4717939.73,4527700,3141850,18-APR-2022,
OPTIDX,NIFTY,21-Apr-2022,17950.0,CE,9.6,9.6,3.0,3.3,3.3,128850,1156694.85,933400,540900,18-APR-2022,
OPTIDX,NIFTY,21-Apr-2022,18000.0,CE,7.65,8.65,2.75,3.0,3.0,757357,6817610.34,7403750,4223300,18-APR-2022,
OPTIDX,NIFTY,21-Apr-2022,18050.0,CE,8.9,8.9,2.4,2.65,2.65,85332,770260.38,444450,-11300,18-APR-2022,
OPTIDX,NIFTY,21-Apr-2022,18100.0,CE,5.9,5.9,2.2,2.45,2.45,415294,3759014.43,2822900,1489400,18-APR-2022,
OPTIDX,NIFTY,21-Apr-2022,18150.0,CE,4.7,4.7,2.15,2.35,2.35,48638,441453.86,213800,-252700,18-APR-2022,
OPTIDX,NIFTY,21-Apr-2022,18200.0,CE,3.0,3.85,2.0,2.25,2.25,367646,3346021.5,3799750,1968900,18-APR-2022,
OPTIDX,NIFTY,21-Apr-2022,18250.0,CE,4.0,4.0,1.75,2.15,2.15,31202,284753.76,272750,-8150,18-APR-2022,
OPTIDX,NIFTY,21-Apr-2022,18300.0,CE,2.95,3.2,1.7,2.0,2.0,210318,1924629.6,1414100,-3800,18-APR-2022,
OPTIDX,NIFTY,21-Apr-2022,18350.0,CE,3.5,3.5,1.3,1.85,1.85,22364,205212.23,216800,-47900,18-APR-2022,
OPTIDX,NIFTY,21-Apr-2022,18400.0,CE,2.25,2.55,1.3,1.85,1.85,136717,1257926.44,734700,-660700,18-APR-2022,
OPTIDX,NIFTY,21-Apr-2022,18450.0,CE,2.5,3.2,1.45,1.8,1.8,13384,123479.59,136400,-104550,18-APR-2022,
OPTIDX,NIFTY,21-Apr-2022,18500.0,CE,2.25,2.7,1.45,1.75,1.75,452917,4189876.53,3732300,-2026050,18-APR-2022,
OPTIDX,NIFTY,21-Apr-2022,18550.0,CE,2.25,2.5,1.25,1.7,1.7,7206,66841.85,105950,-22750,18-APR-2022,
OPTIDX,NIFTY,21-Apr-2022,18600.0,CE,2.5,2.5,1.35,1.65,1.65,55159,513023.53,677650,-210150,18-APR-2022,
OPTIDX,NIFTY,21-Apr-2022,18650.0,CE,2.1,5.0,1.4,1.7,1.7,6500,60617.82,70600,-6150,18-APR-2022,
OPTIDX,NIFTY,21-Apr-2022,18700.0,CE,1.95,1.95,1.3,1.6,1.6,48232,451006.62,802400,-200150,18-APR-2022,
OPTIDX,NIFTY,21-Apr-2022,18750.0,CE,1.8,1.8,1.25,1.55,1.55,2824,26477.15,24850,-4800,18-APR-2022,
OPTIDX,NIFTY,21-Apr-2022,18800.0,CE,1.55,1.85,1.25,1.6,1.6,31231,293594.43,507700,57350,18-APR-2022,
OPTIDX,NIFTY,21-Apr-2022,18850.0,CE,1.7,2.5,1.15,1.5,1.5,1261,11885.85,16250,-3550,18-APR-2022,
OPTIDX,NIFTY,21-Apr-2022,18900.0,CE,1.6,1.9,1.3,1.6,1.6,19580,185045.33,288950,86700,18-APR-2022,
OPTIDX,NIFTY,21-Apr-2022,18950.0,CE,1.55,1.6,1.2,1.55,1.55,751,7116.27,16550,5700,18-APR-2022,
OPTIDX,NIFTY,21-Apr-2022,19000.0,CE,1.65,1.7,1.2,1.55,1.55,209008,1985723.7,4918150,1843800,18-APR-2022,
OPTIDX,NIFTY,21-Apr-2022,19050.0,CE,1.45,1.6,1.05,1.45,1.45,810,7715.78,8400,4200,18-APR-2022,
OPTIDX,NIFTY,21-Apr-2022,19100.0,CE,1.5,1.55,1.1,1.45,1.45,7676,73310.86,198800,129250,18-APR-2022,
OPTIDX,NIFTY,21-Apr-2022,19150.0,CE,1.5,1.5,1.1,1.45,1.45,1157,11079.0,10750,4500,18-APR-2022,
OPTIDX,NIFTY,21-Apr-2022,19200.0,CE,1.25,1.55,1.0,1.45,1.45,8873,85186.53,173400,109000,18-APR-2022,
OPTIDX,NIFTY,21-Apr-2022,19250.0,CE,1.35,1.55,0.9,1.45,1.45,5343,51429.72,12150,-150,18-APR-2022,
OPTIDX,NIFTY,21-Apr-2022,19300.0,CE,1.25,1.55,0.9,1.45,1.45,11210,108183.39,218000,63650,18-APR-2022,
OPTIDX,NIFTY,21-Apr-2022,19350.0,CE,1.35,1.55,0.9,1.5,1.5,2128,20589.63,16000,-950,18-APR-2022,
OPTIDX,NIFTY,21-Apr-2022,19400.0,CE,1.4,1.5,0.95,1.4,1.4,8369,81184.33,190300,-77050,18-APR-2022,
OPTIDX,NIFTY,21-Apr-2022,19450.0,CE,1.25,1.45,0.9,1.25,1.25,463,4502.93,7850,-800,18-APR-2022,
OPTIDX,NIFTY,21-Apr-2022,19500.0,CE,1.2,1.5,0.9,1.35,1.35,95376,929970.92,2438700,1131350,18-APR-2022,
OPTIDX,NIFTY,21-Apr-2022,19550.0,CE,1.25,1.45,0.8,1.35,1.35,27344,267303.04,635600,383200,18-APR-2022,
OPTIDX,NIFTY,21-Apr-2022,14350.0,PE,0.6,0.85,0.3,0.4,0.4,14822,106352.13,329650,188400,18-APR-2022,
OPTIDX,NIFTY,21-Apr-2022,14400.0,PE,1.0,1.05,0.25,0.45,0.45,2848,20506.38,72500,72500,18-APR-2022,
OPTIDX,NIFTY,21-Apr-2022,14450.0,PE,0.7,1.45,0.4,0.55,0.55,3348,24190.59,4150,4150,18-APR-2022,
OPTIDX,NIFTY,21-Apr-2022,14500.0,PE,0.6,1.25,0.3,0.4,0.4,18272,132478.36,275650,219000,18-APR-2022,
OPTIDX,NIFTY,21-Apr-2022,14550.0,PE,0.95,1.05,0.4,0.5,0.5,5217,37955.92,3550,3550,18-APR-2022,
OPTIDX,NIFTY,21-Apr-2022,14600.0,PE,1.75,1.75,0.35,0.5,0.5,3515,25660.94,7950,7950,18-APR-2022,
OPTIDX,NIFTY,21-Apr-2022,14650.0,PE,1.95,1.95,0.5,0.55,0.55,7557,55358.15,3100,3100,18-APR-2022,
OPTIDX,NIFTY,21-Apr-2022,14700.0,PE,1.6,1.6,0.4,0.45,0.45,969,7122.56,10700,10700,18-APR-2022,
OPTIDX,NIFTY,21-Apr-2022,14750.0,PE,2.0,2.0,0.6,0.7,0.7,7074,52173.94,14000,14000,18-APR-2022,
OPTIDX,NIFTY,21-Apr-2022,14800.0,PE,1.4,1.4,0.4,0.55,0.55,1355,10027.6,6100,6100,18-APR-2022,
OPTIDX,NIFTY,21-Apr-2022,14850.0,PE,2.5,2.5,0.45,0.75,0.75,2182,16202.42,2200,2200,18-APR-2022,
OPTIDX,NIFTY,21-Apr-2022,14900.0,PE,1.15,1.35,0.4,0.6,0.6,4247,31642.15,5200,5200,18-APR-2022,
OPTIDX,NIFTY,21-Apr-2022,14950.0,PE,0.95,1.25,0.7,0.85,0.85,198,1480.14,2300,2300,18-APR-2022,
OPTIDX,NIFTY,21-Apr-2022,15000.0,PE,1.0,1.6,0.5,0.6,0.6,20773,155807.68,247900,177450,18-APR-2022,
OPTIDX,NIFTY,21-Apr-2022,15050.0,PE,1.1,1.1,0.6,0.65,0.65,1814,13651.28,2750,2750,18-APR-2022,
OPTIDX,NIFTY,21-Apr-2022,15100.0,PE,1.15,2.3,0.5,0.6,0.6,2099,15848.58,25450,25450,18-APR-2022,
OPTIDX,NIFTY,21-Apr-2022,15150.0,PE,1.15,1.25,0.6,0.7,0.7,1236,9363.41,3250,3250,18-APR-2022,
OPTIDX,NIFTY,21-Apr-2022,15200.0,PE,2.3,2.3,0.6,0.7,0.7,3052,23196.93,38400,38400,18-APR-2022,
OPTIDX,NIFTY,21-Apr-2022,15250.0,PE,2.25,2.25,0.7,0.75,0.75,1336,10187.7,900,900,18-APR-2022,
OPTIDX,NIFTY,21-Apr-2022,15300.0,PE,1.9,1.9,0.55,0.75,0.75,3260,24940.92,29300,29300,18-APR-2022,
OPTIDX,NIFTY,21-Apr-2022,15350.0,PE,2.3,2.3,0.45,0.7,0.7,710,5449.69,1300,1300,18-APR-2022,
OPTIDX,NIFTY,21-Apr-2022,15400.0,PE,1.95,2.0,0.55,0.75,0.75,5157,39712.05,42100,39450,18-APR-2022,
OPTIDX,NIFTY,21-Apr-2022,15450.0,PE,2.4,2.9,0.7,0.85,0.85,2045,15799.04,6100,5550,18-APR-2022,
OPTIDX,NIFTY,21-Apr-2022,15500.0,PE,1.0,2.25,0.75,0.9,0.9,50153,388718.44,645750,402150,18-APR-2022,
OPTIDX,NIFTY,21-Apr-2022,15550.0,PE,1.25,2.85,0.75,1.0,1.0,5349,41592.21,4150,4150,18-APR-2022,
OPTIDX,NIFTY,21-Apr-2022,15600.0,PE,2.25,3.0,0.75,0.85,0.85,21337,166445.29,53850,51650,18-APR-2022,
OPTIDX,NIFTY,21-Apr-2022,15650.0,PE,1.9,3.15,0.7,0.9,0.9,4489,35130.35,9550,9300,18-APR-2022,
OPTIDX,NIFTY,21-Apr-2022,15700.0,PE,2.2,2.75,0.8,0.95,0.95,25494,200150.63,127800,122150,18-APR-2022,
OPTIDX,NIFTY,21-Apr-2022,15750.0,PE,2.1,3.95,0.75,0.95,0.95,6843,53894.9,13900,11750,18-APR-2022,
OPTIDX,NIFTY,21-Apr-2022,15800.0,PE,2.3,12.7,0.95,1.15,1.15,36525,288581.99,278350,237700,18-APR-2022,
OPTIDX,NIFTY,21-Apr-2022,15850.0,PE,2.15,3.35,1.0,1.15,1.15,7425,58851.02,18900,16950,18-APR-2022,
OPTIDX,NIFTY,21-Apr-2022,15900.0,PE,6.65,6.65,1.1,1.3,1.3,36943,293737.41,183500,172950,18-APR-2022,
OPTIDX,NIFTY,21-Apr-2022,15950.0,PE,4.05,4.4,1.1,1.35,1.35,9765,77887.69,13600,11300,18-APR-2022,
OPTIDX,NIFTY,21-Apr-2022,16000.0,PE,2.95,4.0,1.25,1.45,1.45,203277,1626452.48,2038600,699450,18-APR-2022,
OPTIDX,NIFTY,21-Apr-2022,16050.0,PE,2.05,4.55,0.95,1.45,1.45,14286,114665.12,46850,41400,18-APR-2022,
OPTIDX,NIFTY,21-Apr-2022,16100.0,PE,2.05,4.95,1.15,1.65,1.65,60120,484052.44,363600,254100,18-APR-2022,
OPTIDX,NIFTY,21-Apr-2022,16150.0,PE,3.95,5.65,1.4,1.85,1.85,22381,180762.5,78000,72100,18-APR-2022,
OPTIDX,NIFTY,21-Apr-2022,16200.0,PE,2.85,6.3,1.6,2.0,2.0,142375,1153477.81,1010150,791300,18-APR-2022,
OPTIDX,NIFTY,21-Apr-2022,16250.0,PE,5.65,8.95,1.3,2.2,2.2,33856,275149.5,105650,90400,18-APR-2022,
OPTIDX,NIFTY,21-Apr-2022,16300.0,PE,3.3,8.2,2.0,2.45,2.45,150845,1229719.58,692250,478650,18-APR-2022,
OPTIDX,NIFTY,21-Apr-2022,16350.0,PE,4.15,9.45,2.05,3.0,3.0,52921,432768.67,143050,123700,18-APR-2022,
OPTIDX,NIFTY,21-Apr-2022,16400.0,PE,7.8,10.85,2.65,3.6,3.6,219934,1804104.83,1124400,740150,18-APR-2022,
OPTIDX,NIFTY,21-Apr-2022,16450.0,PE,10.45,12.7,3.2,4.25,4.25,69642,573059.16,332550,141500,18-APR-2022,
OPTIDX,NIFTY,21-Apr-2022,16500.0,PE,8.65,14.8,3.9,5.25,5.25,458513,3784698.67,3360700,1584900,18-APR-2022,
OPTIDX,NIFTY,21-Apr-2022,16550.0,PE,10.0,17.55,5.05,6.95,6.95,101124,837329.48,373500,172050,18-APR-2022,
OPTIDX,NIFTY,21-Apr-2022,16600.0,PE,11.15,20.75,6.2,8.5,8.5,345190,2867216.65,2220250,1222500,18-APR-2022,
OPTIDX,NIFTY,21-Apr-2022,16650.0,PE,20.05,39.95,8.3,10.85,10.85,151547,1262803.2,366550,304100,18-APR-2022,
OPTIDX,NIFTY,21-Apr-2022,16700.0,PE,15.0,31.85,10.9,13.65,13.65,444825,3718600.65,1750200,959400,18-APR-2022,
OPTIDX,NIFTY,21-Apr-2022,16750.0,PE,18.45,36.2,14.0,17.85,17.85,180157,1510984.37,522750,414950,18-APR-2022,
OPTIDX,NIFTY,21-Apr-2022,16800.0,PE,59.8,59.8,18.0,23.2,23.2,815143,6859546.76,2289350,1266800,18-APR-2022,
OPTIDX,NIFTY,21-Apr-2022,16850.0,PE,18.0,55.75,18.0,28.35,28.35,235755,1990542.03,525050,403600,18-APR-2022,
OPTIDX,NIFTY,21-Apr-2022,16900.0,PE,31.0,68.1,29.55,36.4,36.4,731062,6194384.39,1673500,951600,18-APR-2022,
OPTIDX,NIFTY,21-Apr-2022,16950.0,PE,55.45,83.45,37.2,45.9,45.9,333807,2838538.78,706200,514750,18-APR-2022,
OPTIDX,NIFTY,21-Apr-2022,17000.0,PE,54.85,101.75,46.65,57.3,57.3,1768482,15093959.87,3314200,1064300,18-APR-2022,
OPTIDX,NIFTY,21-Apr-2022,17050.0,PE,72.0,122.15,58.3,69.75,69.75,482604,4134788.74,542400,408750,18-APR-2022,
OPTIDX,NIFTY,21-Apr-2022,17100.0,PE,64.55,146.5,64.55,87.1,87.1,1519938,13073962.09,2176550,1257450,18-APR-2022,
OPTIDX,NIFTY,21-Apr-2022,17150.0,PE,106.4,174.5,89.6,107.7,107.7,778140,6720320.1,864750,676300,18-APR-2022,
OPTIDX,NIFTY,21-Apr-2022,17200.0,PE,101.25,205.0,101.25,129.95,129.95,1565323,13574203.53,2720250,1470350,18-APR-2022,
OPTIDX,NIFTY,21-Apr-2022,17250.0,PE,93.1,236.0,93.1,153.1,153.1,274533,2390921.0,450100,228400,18-APR-2022,
OPTIDX,NIFTY,21-Apr-2022,17300.0,PE,150.0,271.35,141.4,182.15,182.15,436164,3816422.06,1119150,-220050,18-APR-2022,
OPTIDX,NIFTY,21-Apr-2022,17350.0,PE,150.1,307.85,150.1,209.5,209.5,59524,523050.24,181600,54000,18-APR-2022,
OPTIDX,NIFTY,21-Apr-2022,17400.0,PE,200.0,349.3,200.0,244.9,244.9,165320,1460025.88,615850,-371250,18-APR-2022,
OPTIDX,NIFTY,21-Apr-2022,17450.0,PE,240.0,391.95,240.0,294.0,294.0,31928,283242.49,188800,-55850,18-APR-2022,
OPTIDX,NIFTY,21-Apr-2022,17500.0,PE,300.0,435.2,287.55,336.5,336.5,135826,1211763.05,1114450,-517550,18-APR-2022,
OPTIDX,NIFTY,21-Apr-2022,17550.0,PE,330.0,478.9,330.0,365.65,365.65,7024,62954.24,131300,-78300,18-APR-2022,
OPTIDX,NIFTY,21-Apr-2022,17600.0,PE,356.7,528.6,356.7,416.55,416.55,26224,236478.51,1048700,-357200,18-APR-2022,
OPTIDX,NIFTY,21-Apr-2022,17650.0,PE,439.9,573.95,415.0,457.8,457.8,2404,21773.95,62050,-29250,18-APR-2022,
OPTIDX,NIFTY,21-Apr-2022,17700.0,PE,485.6,617.1,457.45,495.9,495.9,11702,106608.0,365750,-187300,18-APR-2022,
OPTIDX,NIFTY,21-Apr-2022,17750.0,PE,525.5,662.9,495.9,554.95,554.95,490,4487.03,24900,-6200,18-APR-2022,
OPTIDX,NIFTY,21-Apr-2022,17800.0,PE,586.9,718.25,552.95,594.25,594.25,6473,59601.26,168800,-97150,18-APR-2022,
OPTIDX,NIFTY,21-Apr-2022,17850.0,PE,601.2,752.05,593.9,646.5,646.5,329,3045.52,25100,-2800,18-APR-2022,
OPTIDX,NIFTY,21-Apr-2022,17900.0,PE,664.1,814.9,643.4,705.7,705.7,1113,10359.17,69100,-6200,18-APR-2022,
OPTIDX,NIFTY,21-Apr-2022,17950.0,PE,720.7,827.9,710.5,742.6,742.6,131,1226.16,5950,-750,18-APR-2022,
OPTIDX,NIFTY,21-Apr-2022,18000.0,PE,776.9,911.65,742.5,808.9,808.9,3583,33704.51,168950,-13950,18-APR-2022,
OPTIDX,NIFTY,21-Apr-2022,18050.0,PE,845.55,934.2,817.45,837.8,837.8,109,1031.12,3500,-200,18-APR-2022,
OPTIDX,NIFTY,21-Apr-2022,18100.0,PE,863.4,1005.05,859.6,910.7,910.7,291,2768.63,30400,-700,18-APR-2022,
OPTIDX,NIFTY,21-Apr-2022,18150.0,PE,915.8,1025.0,910.0,937.5,937.5,128,1223.4,2450,600,18-APR-2022,
OPTIDX,NIFTY,21-Apr-2022,18200.0,PE,982.45,1104.2,955.1,1014.45,1014.45,421,4043.86,51150,-7650,18-APR-2022,
OPTIDX,NIFTY,21-Apr-2022,18250.0,PE,1072.65,1111.4,1061.65,1067.8,1070.4,78,753.9,1800,800,18-APR-2022,
OPTIDX,NIFTY,21-Apr-2022,18300.0,PE,1063.3,1161.6,1063.3,1101.7,1101.7,128,1242.89,5800,-550,18-APR-2022,
OPTIDX,NIFTY,21-Apr-2022,18350.0,PE,1141.0,1209.8,1133.0,1135.75,1135.75,17,165.89,650,-350,18-APR-2022,
OPTIDX,NIFTY,21-Apr-2022,18400.0,PE,1185.0,1262.55,1182.0,1211.65,1220.2,9,88.24,1850,0,18-APR-2022,
OPTIDX,NIFTY,21-Apr-2022,18450.0,PE,1282.2,1313.7,1267.65,1267.65,1270.15,6,59.2,650,0,18-APR-2022,
OPTIDX,NIFTY,21-Apr-2022,18500.0,PE,1289.3,1395.6,1252.45,1309.95,1309.95,81,803.34,52800,-1500,18-APR-2022,
OPTIDX,NIFTY,21-Apr-2022,18550.0,PE,1365.0,1411.6,1344.35,1344.35,1370.1,7,69.69,800,0,18-APR-2022,
OPTIDX,NIFTY,21-Apr-2022,18600.0,PE,1421.0,1450.0,1401.4,1401.4,1420.1,10,100.1,550,-100,18-APR-2022,
OPTIDX,NIFTY,21-Apr-2022,18650.0,PE,0.0,0.0,0.0,1038.3,1470.05,0,0.0,100,0,18-APR-2022,
OPTIDX,NIFTY,21-Apr-2022,18700.0,PE,1544.8,1597.15,1505.85,1505.85,1520.05,6,60.69,350,150,18-APR-2022,
OPTIDX,NIFTY,21-Apr-2022,18750.0,PE,0.0,0.0,0.0,1158.45,1570.05,0,0.0,100,0,18-APR-2022,
OPTIDX,NIFTY,21-Apr-2022,18800.0,PE,1590.0,1642.4,1590.0,1615.05,1620.0,4,40.84,550,-100,18-APR-2022,
OPTIDX,NIFTY,21-Apr-2022,18850.0,PE,0.0,0.0,0.0,1323.65,1670.0,0,0.0,700,0,18-APR-2022,
OPTIDX,NIFTY,21-Apr-2022,18900.0,PE,1754.15,1804.15,1715.65,1715.65,1715.65,5,51.63,250,0,18-APR-2022,
OPTIDX,NIFTY,21-Apr-2022,18950.0,PE,0.0,0.0,0.0,1413.05,1769.95,0,0.0,50,0,18-APR-2022,
OPTIDX,NIFTY,21-Apr-2022,19000.0,PE,1856.2,1856.2,1856.2,1856.2,1819.95,2,20.85,2150,100,18-APR-2022,
OPTIDX,NIFTY,21-Apr-2022,19050.0,PE,0.0,0.0,0.0,1454.5,1869.95,0,0.0,50,0,18-APR-2022,
OPTIDX,NIFTY,21-Apr-2022,19100.0,PE,0.0,0.0,0.0,1576.25,1919.9,0,0.0,0,0,18-APR-2022,
OPTIDX,NIFTY,21-Apr-2022,19150.0,PE,0.0,0.0,0.0,1634.4,1969.9,0,0.0,150,0,18-APR-2022,
OPTIDX,NIFTY,21-Apr-2022,19200.0,PE,1985.0,1985.0,1985.0,1985.0,1985.0,1,10.59,250,0,18-APR-2022,
OPTIDX,NIFTY,21-Apr-2022,19250.0,PE,0.0,0.0,0.0,1716.5,2069.85,0,0.0,200,0,18-APR-2022,
OPTIDX,NIFTY,21-Apr-2022,19300.0,PE,2134.35,2134.35,2134.35,2134.35,2119.85,4,42.86,200,0,18-APR-2022,
OPTIDX,NIFTY,21-Apr-2022,19350.0,PE,0.0,0.0,0.0,1819.15,2169.85,0,0.0,100,0,18-APR-2022,
OPTIDX,NIFTY,21-Apr-2022,19400.0,PE,0.0,0.0,0.0,1869.2,2219.8,0,0.0,100,0,18-APR-2022,
OPTIDX,NIFTY,21-Apr-2022,19450.0,PE,0.0,0.0,0.0,1879.4,2269.8,0,0.0,50,0,18-APR-2022,
OPTIDX,NIFTY,21-Apr-2022,19500.0,PE,2253.1,2315.85,2253.1,2286.25,2286.25,21,228.71,800,150,18-APR-2022,
OPTIDX,NIFTY,21-Apr-2022,19550.0,PE,0.0,0.0,0.0,1951.0,2369.75,0,0.0,150,0,18-APR-2022,
OPTIDX,NIFTY,28-Apr-2022,14350.0,CE,2894.0,2910.0,2790.0,2863.8,2863.8,46,395.4,66300,-600,18-APR-2022,
OPTIDX,NIFTY,28-Apr-2022,14400.0,CE,2752.0,2780.0,2752.0,2778.0,2778.0,4,34.34,2400,150,18-APR-2022,
OPTIDX,NIFTY,28-Apr-2022,14450.0,CE,0.0,0.0,0.0,3647.9,2739.95,0,0.0,50,0,18-APR-2022,
OPTIDX,NIFTY,28-Apr-2022,14500.0,CE,2760.6,2760.65,2615.7,2726.15,2726.15,1122,9649.23,343400,-52000,18-APR-2022,
OPTIDX,NIFTY,28-Apr-2022,14550.0,CE,0.0,0.0,0.0,1498.1,2640.05,0,0.0,0,0,18-APR-2022,
OPTIDX,NIFTY,28-Apr-2022,14600.0,CE,0.0,0.0,0.0,2926.3,2590.1,0,0.0,200,0,18-APR-2022,
OPTIDX,NIFTY,28-Apr-2022,14650.0,CE,0.0,0.0,0.0,1415.0,2540.15,0,0.0,0,0,18-APR-2022,
OPTIDX,NIFTY,28-Apr-2022,14700.0,CE,0.0,0.0,0.0,3126.8,2490.2,0,0.0,200,0,18-APR-2022,
OPTIDX,NIFTY,28-Apr-2022,14750.0,CE,0.0,0.0,0.0,1694.8,2440.25,0,0.0,0,0,18-APR-2022,
OPTIDX,NIFTY,28-Apr-2022,14800.0,CE,0.0,0.0,0.0,3016.1,2390.35,0,0.0,300,0,18-APR-2022,
OPTIDX,NIFTY,28-Apr-2022,14850.0,CE,0.0,0.0,0.0,1610.0,2340.4,0,0.0,0,0,18-APR-2022,
OPTIDX,NIFTY,28-Apr-2022,14900.0,CE,0.0,0.0,0.0,3012.25,2290.45,0,0.0,50,0,18-APR-2022,
OPTIDX,NIFTY,28-Apr-2022,14950.0,CE,0.0,0.0,0.0,1526.95,2240.5,0,0.0,0,0,18-APR-2022,
OPTIDX,NIFTY,28-Apr-2022,15000.0,CE,2251.0,2267.25,2112.45,2214.0,2214.0,929,7988.04,651400,-26900,18-APR-2022,
OPTIDX,NIFTY,28-Apr-2022,15050.0,CE,0.0,0.0,0.0,2505.85,2140.65,0,0.0,700,0,18-APR-2022,
OPTIDX,NIFTY,28-Apr-2022,15100.0,CE,0.0,0.0,0.0,2410.55,2090.7,0,0.0,1500,0,18-APR-2022,
OPTIDX,NIFTY,28-Apr-2022,15150.0,CE,0.0,0.0,0.0,1600.45,2040.8,0,0.0,450,0,18-APR-2022,
OPTIDX,NIFTY,28-Apr-2022,15200.0,CE,2021.0,2021.0,2021.0,2021.0,1990.9,1,8.61,1150,50,18-APR-2022,
OPTIDX,NIFTY,28-Apr-2022,15250.0,CE,0.0,0.0,0.0,2557.65,1940.95,0,0.0,400,0,18-APR-2022,
OPTIDX,NIFTY,28-Apr-2022,15300.0,CE,0.0,0.0,0.0,2214.35,1891.1,0,0.0,1300,0,18-APR-2022,
OPTIDX,NIFTY,28-Apr-2022,15350.0,CE,0.0,0.0,0.0,1150.0,1841.2,0,0.0,2250,0,18-APR-2022,
OPTIDX,NIFTY,28-Apr-2022,15400.0,CE,0.0,0.0,0.0,2181.65,1791.35,0,0.0,2850,0,18-APR-2022,
OPTIDX,NIFTY,28-Apr-2022,15450.0,CE,0.0,0.0,0.0,2227.95,1741.5,0,0.0,1400,0,18-APR-2022,
OPTIDX,NIFTY,28-Apr-2022,15500.0,CE,1775.0,1775.0,1620.0,1716.05,1716.05,297,2554.65,167600,-4050,18-APR-2022,
OPTIDX,NIFTY,28-Apr-2022,15550.0,CE,1667.25,1667.25,1667.25,1667.25,1667.25,1,8.6,950,50,18-APR-2022,
OPTIDX,NIFTY,28-Apr-2022,15600.0,CE,0.0,0.0,0.0,1935.0,1592.3,0,0.0,20400,0,18-APR-2022,
OPTIDX,NIFTY,28-Apr-2022,15650.0,CE,0.0,0.0,0.0,920.0,1542.65,0,0.0,550,0,18-APR-2022,
OPTIDX,NIFTY,28-Apr-2022,15700.0,CE,1480.0,1500.0,1424.0,1489.75,1493.15,7,60.11,10900,-250,18-APR-2022,
OPTIDX,NIFTY,28-Apr-2022,15750.0,CE,1400.35,1400.35,1400.35,1400.35,1443.7,1,8.57,700,50,18-APR-2022,
OPTIDX,NIFTY,28-Apr-2022,15800.0,CE,1350.0,1350.0,1350.0,1350.0,1394.4,6,51.45,21800,-300,18-APR-2022,
OPTIDX,NIFTY,28-Apr-2022,15850.0,CE,0.0,0.0,0.0,1774.25,1345.2,0,0.0,500,0,18-APR-2022,
OPTIDX,NIFTY,28-Apr-2022,15900.0,CE,1363.65,1368.3,1259.5,1300.0,1300.0,13,111.92,17500,100,18-APR-2022,
OPTIDX,NIFTY,28-Apr-2022,15950.0,CE,1306.55,1306.55,1254.15,1254.15,1247.45,7,60.32,1600,100,18-APR-2022,
OPTIDX,NIFTY,28-Apr-2022,16000.0,CE,1266.6,1272.85,1137.7,1239.3,1239.3,1270,10928.77,393200,1200,18-APR-2022,
OPTIDX,NIFTY,28-Apr-2022,16050.0,CE,1207.1,1207.1,1143.85,1155.1,1150.7,15,129.27,3700,0,18-APR-2022,
OPTIDX,NIFTY,28-Apr-2022,16100.0,CE,1149.95,1176.3,1050.0,1157.45,1157.45,146,1259.35,25950,-1150,18-APR-2022,
OPTIDX,NIFTY,28-Apr-2022,16150.0,CE,1105.8,1105.8,1050.0,1050.0,1055.25,6,51.65,1900,-100,18-APR-2022,
OPTIDX,NIFTY,28-Apr-2022,16200.0,CE,1047.0,1078.45,950.0,1048.0,1048.0,46,396.42,12400,-100,18-APR-2022,
OPTIDX,NIFTY,28-Apr-2022,16250.0,CE,1013.35,1013.35,1013.35,1013.35,961.55,1,8.63,4400,0,18-APR-2022,
OPTIDX,NIFTY,28-Apr-2022,16300.0,CE,966.9,976.75,840.0,962.95,962.95,82,706.07,17400,-700,18-APR-2022,
OPTIDX,NIFTY,28-Apr-2022,16350.0,CE,905.0,905.0,905.0,905.0,870.05,1,8.62,4300,-50,18-APR-2022,
OPTIDX,NIFTY,28-Apr-2022,16400.0,CE,860.0,879.2,750.0,874.65,874.65,58,499.79,41050,-450,18-APR-2022,
OPTIDX,NIFTY,28-Apr-2022,16450.0,CE,0.0,0.0,0.0,1092.55,781.35,0,0.0,5250,0,18-APR-2022,
OPTIDX,NIFTY,28-Apr-2022,16500.0,CE,794.1,814.45,665.0,757.5,757.5,2277,19619.07,328100,13750,18-APR-2022,
OPTIDX,NIFTY,28-Apr-2022,16550.0,CE,706.05,706.05,677.05,677.05,695.9,2,17.24,3600,0,18-APR-2022,
OPTIDX,NIFTY,28-Apr-2022,16600.0,CE,696.95,704.5,580.7,643.55,643.55,172,1483.26,46850,-2000,18-APR-2022,
OPTIDX,NIFTY,28-Apr-2022,16650.0,CE,653.55,653.55,562.3,587.2,614.4,22,189.58,6450,100,18-APR-2022,
OPTIDX,NIFTY,28-Apr-2022,16700.0,CE,658.0,658.0,500.0,576.75,576.75,925,7984.65,63800,6750,18-APR-2022,
OPTIDX,NIFTY,28-Apr-2022,16750.0,CE,569.0,580.8,465.0,557.7,557.7,29,250.4,5700,150,18-APR-2022,
OPTIDX,NIFTY,28-Apr-2022,16800.0,CE,552.0,552.0,418.25,499.55,499.55,2270,19611.57,70900,13300,18-APR-2022,
OPTIDX,NIFTY,28-Apr-2022,16850.0,CE,434.0,469.35,406.35,458.25,458.25,108,933.57,9850,1500,18-APR-2022,
OPTIDX,NIFTY,28-Apr-2022,16900.0,CE,480.65,480.65,350.0,415.9,415.9,1859,16086.64,51850,10050,18-APR-2022,
OPTIDX,NIFTY,28-Apr-2022,16950.0,CE,408.2,417.75,318.4,382.0,382.0,194,1679.18,13400,50,18-APR-2022,
OPTIDX,NIFTY,28-Apr-2022,17000.0,CE,400.75,400.75,280.4,345.6,345.6,36711,318205.35,883150,263150,18-APR-2022,
OPTIDX,NIFTY,28-Apr-2022,17050.0,CE,345.85,367.15,252.5,306.1,306.1,903,7831.51,11900,5200,18-APR-2022,
OPTIDX,NIFTY,28-Apr-2022,17100.0,CE,366.45,366.45,224.45,276.65,276.65,44118,383086.88,348400,207200,18-APR-2022,
OPTIDX,NIFTY,28-Apr-2022,17150.0,CE,301.35,303.6,198.05,246.3,246.3,14879,129349.21,88400,77400,18-APR-2022,
OPTIDX,NIFTY,28-Apr-2022,17200.0,CE,256.85,311.7,174.15,215.6,215.6,149939,1305744.34,1209950,938600,18-APR-2022,
OPTIDX,NIFTY,28-Apr-2022,17250.0,CE,245.3,248.2,154.0,192.45,192.45,10394,90641.24,65950,55650,18-APR-2022,
OPTIDX,NIFTY,28-Apr-2022,17300.0,CE,212.6,215.8,133.45,164.9,164.9,90858,793646.11,812300,508050,18-APR-2022,
OPTIDX,NIFTY,28-Apr-2022,17350.0,CE,188.25,191.35,116.35,142.5,142.5,5141,44970.22,53300,33100,18-APR-2022,
OPTIDX,NIFTY,28-Apr-2022,17400.0,CE,167.9,167.9,100.15,124.3,124.3,81339,712953.78,1118550,738700,18-APR-2022,
OPTIDX,NIFTY,28-Apr-2022,17450.0,CE,132.75,151.2,87.65,107.4,107.4,7791,68407.02,77250,36550,18-APR-2022,
OPTIDX,NIFTY,28-Apr-2022,17500.0,CE,127.8,142.6,75.0,90.75,90.75,155906,1371704.68,2513900,428850,18-APR-2022,
OPTIDX,NIFTY,28-Apr-2022,17550.0,CE,119.55,119.6,64.5,77.4,77.4,9048,79768.05,122050,38100,18-APR-2022,
OPTIDX,NIFTY,28-Apr-2022,17600.0,CE,119.3,119.3,54.5,64.25,64.25,77939,688625.51,1404000,0,18-APR-2022,
OPTIDX,NIFTY,28-Apr-2022,17650.0,CE,63.2,95.8,47.0,54.9,54.9,9807,86838.99,146600,61450,18-APR-2022,
OPTIDX,NIFTY,28-Apr-2022,17700.0,CE,125.0,125.05,40.1,46.0,46.0,75263,668039.3,1396650,115700,18-APR-2022,
OPTIDX,NIFTY,28-Apr-2022,17750.0,CE,65.5,90.9,34.5,38.8,38.8,11125,98996.71,140350,-21450,18-APR-2022,
OPTIDX,NIFTY,28-Apr-2022,17800.0,CE,85.0,85.0,29.2,32.3,32.3,82853,738994.58,1289300,-91500,18-APR-2022,
OPTIDX,NIFTY,28-Apr-2022,17850.0,CE,31.6,63.85,24.75,27.65,27.65,7584,67810.8,107200,31550,18-APR-2022,
OPTIDX,NIFTY,28-Apr-2022,17900.0,CE,41.0,59.9,20.8,22.8,22.8,46400,415919.99,751650,73450,18-APR-2022,
OPTIDX,NIFTY,28-Apr-2022,17950.0,CE,31.25,35.95,18.1,19.6,19.6,7372,66248.06,109450,-1300,18-APR-2022,
OPTIDX,NIFTY,28-Apr-2022,18000.0,CE,33.7,34.35,15.65,17.35,17.35,122231,1101327.67,3078100,104150,18-APR-2022,
OPTIDX,NIFTY,28-Apr-2022,18050.0,CE,32.9,32.9,13.35,14.5,14.5,8242,74454.9,143850,29000,18-APR-2022,
OPTIDX,NIFTY,28-Apr-2022,18100.0,CE,22.0,24.05,11.6,12.55,12.55,46657,422595.85,877500,116750,18-APR-2022,
OPTIDX,NIFTY,28-Apr-2022,18150.0,CE,12.1,19.4,10.05,11.05,11.05,6821,61945.2,113700,50200,18-APR-2022,
OPTIDX,NIFTY,28-Apr-2022,18200.0,CE,16.0,24.0,9.0,9.75,9.75,51999,473494.36,904450,69350,18-APR-2022,
OPTIDX,NIFTY,28-Apr-2022,18250.0,CE,4.15,18.8,4.15,8.95,8.95,11307,103233.56,208600,107900,18-APR-2022,
OPTIDX,NIFTY,28-Apr-2022,18300.0,CE,16.9,16.9,7.1,7.75,7.75,38624,353588.21,593650,-62000,18-APR-2022,
OPTIDX,NIFTY,28-Apr-2022,18350.0,CE,8.05,13.05,6.35,6.8,6.8,6755,62004.78,189000,-55350,18-APR-2022,
OPTIDX,NIFTY,28-Apr-2022,18400.0,CE,10.6,10.95,5.85,6.2,6.2,26940,247947.74,366350,-142100,18-APR-2022,
OPTIDX,NIFTY,28-Apr-2022,18450.0,CE,8.15,9.75,5.65,5.85,5.85,4365,40282.29,119050,23700,18-APR-2022,
OPTIDX,NIFTY,28-Apr-2022,18500.0,CE,5.0,8.0,4.95,5.15,5.15,38183,353312.32,1650650,-3550,18-APR-2022,
OPTIDX,NIFTY,28-Apr-2022,18550.0,CE,5.35,8.1,4.8,5.0,5.0,3079,28566.5,51400,-49900,18-APR-2022,
OPTIDX,NIFTY,28-Apr-2022,18600.0,CE,6.4,6.95,4.0,4.25,4.25,14125,131398.96,449800,-19750,18-APR-2022,
OPTIDX,NIFTY,28-Apr-2022,18650.0,CE,5.5,8.0,3.9,4.3,4.3,1774,16547.11,97150,15300,18-APR-2022,
OPTIDX,NIFTY,28-Apr-2022,18700.0,CE,4.3,5.1,3.0,3.3,3.3,15248,142598.05,633500,31400,18-APR-2022,
OPTIDX,NIFTY,28-Apr-2022,18750.0,CE,4.8,4.95,3.35,3.45,3.45,679,6366.91,32150,-18200,18-APR-2022,
OPTIDX,NIFTY,28-Apr-2022,18800.0,CE,3.15,4.25,2.85,3.1,3.1,5334,50148.95,338500,-45200,18-APR-2022,
OPTIDX,NIFTY,28-Apr-2022,18850.0,CE,4.25,4.25,2.95,3.05,3.05,300,2827.97,21050,-7850,18-APR-2022,
OPTIDX,NIFTY,28-Apr-2022,18900.0,CE,3.4,4.0,2.4,2.7,2.7,5389,50933.64,385100,-9450,18-APR-2022,
OPTIDX,NIFTY,28-Apr-2022,18950.0,CE,3.8,3.8,2.2,2.55,2.55,787,7457.91,24650,6550,18-APR-2022,
OPTIDX,NIFTY,28-Apr-2022,19000.0,CE,3.4,3.4,2.0,2.85,2.85,13258,125969.49,1996250,-85700,18-APR-2022,
OPTIDX,NIFTY,28-Apr-2022,19050.0,CE,2.3,4.0,1.85,2.95,2.95,879,8373.7,27900,-12950,18-APR-2022,
OPTIDX,NIFTY,28-Apr-2022,19100.0,CE,3.35,3.7,2.15,2.65,2.65,1058,10105.26,209750,-7500,18-APR-2022,
OPTIDX,NIFTY,28-Apr-2022,19150.0,CE,2.2,3.4,2.15,2.5,2.5,97,928.89,12000,-1750,18-APR-2022,
OPTIDX,NIFTY,28-Apr-2022,19200.0,CE,2.75,3.0,2.0,2.85,2.85,1043,10014.14,217050,-11400,18-APR-2022,
OPTIDX,NIFTY,28-Apr-2022,19250.0,CE,1.8,2.9,1.8,2.3,2.3,198,1906.01,32300,-300,18-APR-2022,
OPTIDX,NIFTY,28-Apr-2022,19300.0,CE,2.05,2.7,1.95,2.4,2.4,3900,37639.37,550350,-15800,18-APR-2022,
OPTIDX,NIFTY,28-Apr-2022,19350.0,CE,2.45,2.85,1.65,2.55,0.2,42,406.39,5550,-750,18-APR-2022,
OPTIDX,NIFTY,28-Apr-2022,19400.0,CE,1.35,2.95,1.1,2.4,2.4,558,5413.25,20500,-5150,18-APR-2022,
OPTIDX,NIFTY,28-Apr-2022,19450.0,CE,2.5,2.75,1.5,2.5,2.5,72,700.28,21450,1350,18-APR-2022,
OPTIDX,NIFTY,28-Apr-2022,19500.0,CE,2.4,2.8,1.75,2.6,2.6,4209,41042.68,184100,73600,18-APR-2022,
OPTIDX,NIFTY,28-Apr-2022,19550.0,CE,2.6,2.8,1.95,2.5,2.5,420,4105.97,51750,4700,18-APR-2022,
OPTIDX,NIFTY,28-Apr-2022,14350.0,PE,2.75,3.15,1.55,2.0,2.0,651,4671.66,140250,9250,18-APR-2022,
OPTIDX,NIFTY,28-Apr-2022,14400.0,PE,3.05,3.05,1.75,2.1,2.1,177,1274.6,38200,1450,18-APR-2022,
OPTIDX,NIFTY,28-Apr-2022,14450.0,PE,1.05,2.5,1.05,2.5,0.0,4,28.9,300,-100,18-APR-2022,
OPTIDX,NIFTY,28-Apr-2022,14500.0,PE,2.25,2.7,1.6,1.9,1.9,4555,33028.68,478250,-12150,18-APR-2022,
OPTIDX,NIFTY,28-Apr-2022,14550.0,PE,2.4,2.4,2.35,2.35,0.0,8,58.2,400,0,18-APR-2022,
OPTIDX,NIFTY,28-Apr-2022,14600.0,PE,2.5,2.85,2.5,2.8,0.0,20,146.02,4000,-400,18-APR-2022,
OPTIDX,NIFTY,28-Apr-2022,14650.0,PE,0.0,0.0,0.0,33.4,0.0,0,0.0,100,0,18-APR-2022,
OPTIDX,NIFTY,28-Apr-2022,14700.0,PE,3.65,3.65,2.25,2.7,2.7,547,4021.25,100300,300,18-APR-2022,
OPTIDX,NIFTY,28-Apr-2022,14750.0,PE,2.85,2.85,2.5,2.55,0.0,33,243.42,5750,-250,18-APR-2022,
OPTIDX,NIFTY,28-Apr-2022,14800.0,PE,3.9,4.4,2.35,2.85,2.85,300,2220.45,94300,3300,18-APR-2022,
OPTIDX,NIFTY,28-Apr-2022,14850.0,PE,0.0,0.0,0.0,3.7,0.05,0,0.0,550,0,18-APR-2022,
OPTIDX,NIFTY,28-Apr-2022,14900.0,PE,2.75,4.1,2.25,3.25,3.25,70,521.61,16100,-1000,18-APR-2022,
OPTIDX,NIFTY,28-Apr-2022,14950.0,PE,0.0,0.0,0.0,5.5,0.05,0,0.0,650,0,18-APR-2022,
OPTIDX,NIFTY,28-Apr-2022,15000.0,PE,4.45,4.8,2.6,3.05,3.05,9987,74918.86,1375300,47700,18-APR-2022,
OPTIDX,NIFTY,28-Apr-2022,15050.0,PE,2.35,2.35,2.35,2.35,0.05,1,7.52,4650,-50,18-APR-2022,
OPTIDX,NIFTY,28-Apr-2022,15100.0,PE,3.9,5.9,3.05,3.6,3.6,209,1578.38,15750,500,18-APR-2022,
OPTIDX,NIFTY,28-Apr-2022,15150.0,PE,3.6,4.9,2.4,3.4,3.4,19,143.96,5550,450,18-APR-2022,
OPTIDX,NIFTY,28-Apr-2022,15200.0,PE,3.1,6.5,3.1,4.05,4.05,849,6454.25,86600,2900,18-APR-2022,
OPTIDX,NIFTY,28-Apr-2022,15250.0,PE,4.95,5.9,3.55,5.0,0.15,47,358.48,4100,-950,18-APR-2022,
OPTIDX,NIFTY,28-Apr-2022,15300.0,PE,6.95,7.0,3.65,4.65,4.65,1483,11348.63,61150,-2300,18-APR-2022,
OPTIDX,NIFTY,28-Apr-2022,15350.0,PE,5.15,6.05,3.7,4.15,4.15,27,207.29,6300,850,18-APR-2022,
OPTIDX,NIFTY,28-Apr-2022,15400.0,PE,4.6,7.0,3.3,4.85,4.85,1179,9081.43,54050,2350,18-APR-2022,
OPTIDX,NIFTY,28-Apr-2022,15450.0,PE,5.95,7.0,4.35,4.7,4.7,33,255.01,7850,300,18-APR-2022,
OPTIDX,NIFTY,28-Apr-2022,15500.0,PE,6.0,10.0,4.35,5.1,5.1,13003,100809.95,1193850,27900,18-APR-2022,
OPTIDX,NIFTY,28-Apr-2022,15550.0,PE,6.1,7.5,4.4,5.3,5.3,76,591.13,7300,-50,18-APR-2022,
OPTIDX,NIFTY,28-Apr-2022,15600.0,PE,10.9,10.9,4.75,5.8,5.8,3604,28122.64,171050,1850,18-APR-2022,
OPTIDX,NIFTY,28-Apr-2022,15650.0,PE,9.7,9.7,5.05,5.9,5.9,196,1534.35,19150,-1050,18-APR-2022,
OPTIDX,NIFTY,28-Apr-2022,15700.0,PE,18.95,19.0,6.0,6.75,6.75,3685,28941.07,119650,4000,18-APR-2022,
OPTIDX,NIFTY,28-Apr-2022,15750.0,PE,11.75,11.8,5.65,7.2,7.2,393,3096.42,8250,-450,18-APR-2022,
OPTIDX,NIFTY,28-Apr-2022,15800.0,PE,14.9,14.9,6.55,8.2,8.2,6549,51766.25,450000,31350,18-APR-2022,
OPTIDX,NIFTY,28-Apr-2022,15850.0,PE,13.55,13.55,7.3,8.55,8.55,293,2323.43,6400,2150,18-APR-2022,
OPTIDX,NIFTY,28-Apr-2022,15900.0,PE,9.0,15.85,8.05,9.05,9.05,10498,83511.48,335600,94850,18-APR-2022,
OPTIDX,NIFTY,28-Apr-2022,15950.0,PE,7.95,16.95,7.95,10.2,10.2,2921,23311.12,10800,2250,18-APR-2022,
OPTIDX,NIFTY,28-Apr-2022,16000.0,PE,14.0,15.15,9.55,10.7,10.7,44071,352836.24,1765600,92800,18-APR-2022,
OPTIDX,NIFTY,28-Apr-2022,16050.0,PE,18.3,18.3,10.4,11.05,11.05,3399,27299.53,58750,43900,18-APR-2022,
OPTIDX,NIFTY,28-Apr-2022,16100.0,PE,18.75,18.9,11.5,12.7,12.7,21621,174215.41,438400,296250,18-APR-2022,
OPTIDX,NIFTY,28-Apr-2022,16150.0,PE,19.2,20.5,12.6,14.45,14.45,1027,8301.44,7300,-1350,18-APR-2022,
OPTIDX,NIFTY,28-Apr-2022,16200.0,PE,15.15,23.2,13.4,15.25,15.25,20999,170286.01,475900,55100,18-APR-2022,
OPTIDX,NIFTY,28-Apr-2022,16250.0,PE,17.35,25.9,15.4,16.35,16.35,2465,20052.92,39600,2950,18-APR-2022,
OPTIDX,NIFTY,28-Apr-2022,16300.0,PE,37.65,37.65,16.05,18.8,18.8,19790,161518.97,476400,68200,18-APR-2022,
OPTIDX,NIFTY,28-Apr-2022,16350.0,PE,7.2,33.5,7.05,21.25,21.25,2647,21673.82,36800,-9050,18-APR-2022,
OPTIDX,NIFTY,28-Apr-2022,16400.0,PE,26.95,38.2,15.65,23.85,23.85,52818,433910.39,1239450,582700,18-APR-2022,
OPTIDX,NIFTY,28-Apr-2022,16450.0,PE,25.85,43.0,25.05,26.75,26.75,2453,20218.02,27350,-850,18-APR-2022,
OPTIDX,NIFTY,28-Apr-2022,16500.0,PE,41.05,50.0,28.6,32.1,32.1,89766,742320.96,2931850,432750,18-APR-2022,
OPTIDX,NIFTY,28-Apr-2022,16550.0,PE,48.0,55.9,32.35,35.55,35.55,3793,31469.51,27350,-3350,18-APR-2022,
OPTIDX,NIFTY,28-Apr-2022,16600.0,PE,49.0,64.85,37.15,42.25,42.25,49744,414116.61,911300,341850,18-APR-2022,
OPTIDX,NIFTY,28-Apr-2022,16650.0,PE,63.35,72.85,42.5,48.8,48.8,12958,108240.57,68200,34400,18-APR-2022,
OPTIDX,NIFTY,28-Apr-2022,16700.0,PE,60.15,83.55,45.35,53.15,53.15,45530,381673.24,1160350,524950,18-APR-2022,
OPTIDX,NIFTY,28-Apr-2022,16750.0,PE,78.1,96.0,55.8,60.55,60.55,3961,33316.77,68700,14250,18-APR-2022,
OPTIDX,NIFTY,28-Apr-2022,16800.0,PE,74.0,106.85,62.5,69.2,69.2,85053,718000.64,1576350,377300,18-APR-2022,
OPTIDX,NIFTY,28-Apr-2022,16850.0,PE,97.95,120.05,71.7,77.65,77.65,7112,60258.31,48850,12200,18-APR-2022,
OPTIDX,NIFTY,28-Apr-2022,16900.0,PE,99.0,136.0,81.5,90.9,90.9,57279,487056.15,683250,49050,18-APR-2022,
OPTIDX,NIFTY,28-Apr-2022,16950.0,PE,62.0,153.0,62.0,104.55,104.55,5252,44827.16,54600,-9850,18-APR-2022,
OPTIDX,NIFTY,28-Apr-2022,17000.0,PE,120.05,171.9,106.05,117.95,117.95,154833,1326586.54,3026550,686750,18-APR-2022,
OPTIDX,NIFTY,28-Apr-2022,17050.0,PE,129.55,191.7,120.0,133.8,133.8,7301,62808.72,46150,-2850,18-APR-2022,
OPTIDX,NIFTY,28-Apr-2022,17100.0,PE,98.0,214.4,98.0,149.85,149.85,66699,575994.01,728750,164450,18-APR-2022,
OPTIDX,NIFTY,28-Apr-2022,17150.0,PE,191.95,238.5,154.4,169.35,169.35,14758,127955.39,88400,50150,18-APR-2022,
OPTIDX,NIFTY,28-Apr-2022,17200.0,PE,253.35,265.45,172.65,191.5,191.5,142934,1244340.22,1192450,267000,18-APR-2022,
OPTIDX,NIFTY,28-Apr-2022,17250.0,PE,160.2,293.45,160.2,211.7,211.7,6825,59675.1,70200,13400,18-APR-2022,
OPTIDX,NIFTY,28-Apr-2022,17300.0,PE,231.7,323.7,219.1,242.55,242.55,54693,480209.93,952300,-50950,18-APR-2022,
OPTIDX,NIFTY,28-Apr-2022,17350.0,PE,212.3,353.55,212.3,265.0,265.0,2654,23417.45,37400,-12750,18-APR-2022,
OPTIDX,NIFTY,28-Apr-2022,17400.0,PE,251.5,389.15,251.5,290.85,290.85,31506,279120.24,793900,-278800,18-APR-2022,
OPTIDX,NIFTY,28-Apr-2022,17450.0,PE,320.0,425.0,304.9,324.3,324.3,1991,17717.94,42900,-34650,18-APR-2022,
OPTIDX,NIFTY,28-Apr-2022,17500.0,PE,378.4,464.95,290.0,365.85,365.85,74787,668721.88,2852600,-861950,18-APR-2022,
OPTIDX,NIFTY,28-Apr-2022,17550.0,PE,393.45,498.4,373.7,391.85,391.85,1076,9669.24,42750,-20350,18-APR-2022,
OPTIDX,NIFTY,28-Apr-2022,17600.0,PE,350.0,700.0,350.0,439.4,439.4,22855,206391.32,1231800,-569250,18-APR-2022,
OPTIDX,NIFTY,28-Apr-2022,17650.0,PE,450.0,580.0,450.0,464.95,464.95,631,5725.13,23500,-4700,18-APR-2022,
OPTIDX,NIFTY,28-Apr-2022,17700.0,PE,500.0,627.95,488.6,517.1,517.1,15122,137920.76,912550,-267200,18-APR-2022,
OPTIDX,NIFTY,28-Apr-2022,17750.0,PE,558.1,663.65,535.1,545.8,545.8,415,3803.24,25550,-4500,18-APR-2022,
OPTIDX,NIFTY,28-Apr-2022,17800.0,PE,589.95,716.0,573.85,603.35,603.35,15034,138432.09,453150,-371150,18-APR-2022,
OPTIDX,NIFTY,28-Apr-2022,17850.0,PE,583.65,759.7,583.65,637.75,637.75,97,898.64,42900,-2850,18-APR-2022,
OPTIDX,NIFTY,28-Apr-2022,17900.0,PE,713.4,801.9,651.95,685.25,685.25,3025,28135.45,297750,-62400,18-APR-2022,
OPTIDX,NIFTY,28-Apr-2022,17950.0,PE,653.65,849.7,653.65,747.8,799.45,35,327.5,19100,-1000,18-APR-2022,
OPTIDX,NIFTY,28-Apr-2022,18000.0,PE,766.9,905.0,733.15,774.8,774.8,13413,126134.32,1140250,-108450,18-APR-2022,
OPTIDX,NIFTY,28-Apr-2022,18050.0,PE,783.65,912.0,783.65,820.6,820.6,184,1738.33,13300,-4950,18-APR-2022,
OPTIDX,NIFTY,28-Apr-2022,18100.0,PE,846.85,998.1,845.0,879.25,879.25,584,5548.8,171600,-12100,18-APR-2022,
OPTIDX,NIFTY,28-Apr-2022,18150.0,PE,911.95,970.0,893.6,912.4,912.4,137,1307.06,7650,-3350,18-APR-2022,
OPTIDX,NIFTY,28-Apr-2022,18200.0,PE,949.3,1092.25,942.8,973.45,973.45,541,5190.6,148600,-13050,18-APR-2022,
OPTIDX,NIFTY,28-Apr-2022,18250.0,PE,1017.8,1072.0,1011.2,1055.0,1072.85,23,221.69,4250,-500,18-APR-2022,
OPTIDX,NIFTY,28-Apr-2022,18300.0,PE,1055.15,1177.0,1042.85,1088.4,1088.4,322,3120.96,90800,-8100,18-APR-2022,
OPTIDX,NIFTY,28-Apr-2022,18350.0,PE,1094.7,1161.6,1094.7,1132.85,1132.85,7,68.14,5650,-250,18-APR-2022,
OPTIDX,NIFTY,28-Apr-2022,18400.0,PE,1146.55,1290.0,1029.85,1155.0,1155.0,182,1783.42,32350,-5900,18-APR-2022,
OPTIDX,NIFTY,28-Apr-2022,18450.0,PE,1215.5,1269.6,1196.4,1223.35,1223.35,16,157.5,3550,-450,18-APR-2022,
OPTIDX,NIFTY,28-Apr-2022,18500.0,PE,1231.15,1387.8,1229.8,1270.15,1270.15,1175,11628.46,529800,-25600,18-APR-2022,
OPTIDX,NIFTY,28-Apr-2022,18550.0,PE,1301.8,1370.2,1301.8,1345.05,1345.05,8,79.57,1250,-100,18-APR-2022,
OPTIDX,NIFTY,28-Apr-2022,18600.0,PE,1338.3,1463.3,1335.4,1385.5,1385.5,32,319.78,22650,-500,18-APR-2022,
OPTIDX,NIFTY,28-Apr-2022,18650.0,PE,1410.65,1410.65,1353.45,1353.45,1353.45,4,40.06,400,100,18-APR-2022,
OPTIDX,NIFTY,28-Apr-2022,18700.0,PE,1504.0,1574.65,1472.55,1507.2,1507.2,118,1192.17,13450,-350,18-APR-2022,
OPTIDX,NIFTY,28-Apr-2022,18750.0,PE,1516.0,1605.85,1516.0,1605.85,1557.95,4,40.6,450,-100,18-APR-2022,
OPTIDX,NIFTY,28-Apr-2022,18800.0,PE,1550.0,1670.0,1550.0,1562.5,1562.5,6,61.2,13150,0,18-APR-2022,
OPTIDX,NIFTY,28-Apr-2022,18850.0,PE,1605.75,1652.6,1605.75,1652.6,1656.95,4,40.95,200,-100,18-APR-2022,
OPTIDX,NIFTY,28-Apr-2022,18900.0,PE,0.0,0.0,0.0,1363.8,1706.55,0,0.0,3200,0,18-APR-2022,
OPTIDX,NIFTY,28-Apr-2022,18950.0,PE,1702.65,1751.9,1702.65,1751.9,1756.2,4,41.35,300,0,18-APR-2022,
OPTIDX,NIFTY,28-Apr-2022,19000.0,PE,1758.9,1878.0,1732.45,1763.05,1763.05,1043,10840.23,909850,-38400,18-APR-2022,
OPTIDX,NIFTY,28-Apr-2022,19050.0,PE,1798.15,1865.7,1798.15,1846.6,1855.7,5,52.21,300,100,18-APR-2022,
OPTIDX,NIFTY,28-Apr-2022,19100.0,PE,0.0,0.0,0.0,1559.55,1905.5,0,0.0,34000,0,18-APR-2022,
OPTIDX,NIFTY,28-Apr-2022,19150.0,PE,1898.6,1965.95,1885.25,1885.25,1885.25,7,73.72,350,100,18-APR-2022,
OPTIDX,NIFTY,28-Apr-2022,19200.0,PE,1954.65,1991.0,1954.65,1974.6,2005.15,7,74.09,52400,0,18-APR-2022,
OPTIDX,NIFTY,28-Apr-2022,19250.0,PE,1996.35,2056.8,1996.35,2056.8,2055.0,4,42.54,150,-50,18-APR-2022,
OPTIDX,NIFTY,28-Apr-2022,19300.0,PE,2038.55,2172.0,2038.55,2066.25,2066.25,242,2589.71,506550,-2000,18-APR-2022,
OPTIDX,NIFTY,28-Apr-2022,19350.0,PE,0.0,0.0,0.0,1753.75,2154.8,0,0.0,100,0,18-APR-2022,
OPTIDX,NIFTY,28-Apr-2022,19400.0,PE,2164.4,2164.4,2149.55,2149.55,2149.55,4,43.11,600,0,18-APR-2022,
OPTIDX,NIFTY,28-Apr-2022,19450.0,PE,2259.15,2259.15,2259.15,2259.15,2254.6,1,10.85,150,50,18-APR-2022,
OPTIDX,NIFTY,28-Apr-2022,19500.0,PE,2245.15,2343.6,2235.0,2250.1,2250.1,62,675.12,37150,1250,18-APR-2022,
OPTIDX,NIFTY,28-Apr-2022,19550.0,PE,0.0,0.0,0.0,1925.0,2354.45,0,0.0,250,0,18-APR-2022,
OPTIDX,NIFTY,05-May-2022,14350.0,CE,0.0,0.0,0.0,1696.7,2851.15,0,0.0,0,0,18-APR-2022,
OPTIDX,NIFTY,05-May-2022,14400.0,CE,0.0,0.0,0.0,1653.9,2801.25,0,0.0,0,0,18-APR-2022,
OPTIDX,NIFTY,05-May-2022,14450.0,CE,0.0,0.0,0.0,1611.5,2751.35,0,0.0,0,0,18-APR-2022,
OPTIDX,NIFTY,05-May-2022,14500.0,CE,0.0,0.0,0.0,1569.55,2701.45,0,0.0,0,0,18-APR-2022,
OPTIDX,NIFTY,05-May-2022,14550.0,CE,0.0,0.0,0.0,1528.05,2651.55,0,0.0,0,0,18-APR-2022,
OPTIDX,NIFTY,05-May-2022,14600.0,CE,0.0,0.0,0.0,1487.0,2601.7,0,0.0,0,0,18-APR-2022,
OPTIDX,NIFTY,05-May-2022,14650.0,CE,0.0,0.0,0.0,1446.45,2551.8,0,0.0,0,0,18-APR-2022,
OPTIDX,NIFTY,05-May-2022,14700.0,CE,0.0,0.0,0.0,1406.35,2501.95,0,0.0,0,0,18-APR-2022,
OPTIDX,NIFTY,05-May-2022,14750.0,CE,0.0,0.0,0.0,1694.65,2452.1,0,0.0,0,0,18-APR-2022,
OPTIDX,NIFTY,05-May-2022,14800.0,CE,0.0,0.0,0.0,1652.35,2402.25,0,0.0,0,0,18-APR-2022,
OPTIDX,NIFTY,05-May-2022,14850.0,CE,0.0,0.0,0.0,1610.5,2352.4,0,0.0,0,0,18-APR-2022,
OPTIDX,NIFTY,05-May-2022,14900.0,CE,0.0,0.0,0.0,1569.05,2302.6,0,0.0,0,0,18-APR-2022,
OPTIDX,NIFTY,05-May-2022,14950.0,CE,0.0,0.0,0.0,1528.1,2252.8,0,0.0,0,0,18-APR-2022,
OPTIDX,NIFTY,05-May-2022,15000.0,CE,0.0,0.0,0.0,1716.35,2203.05,0,0.0,0,0,18-APR-2022,
OPTIDX,NIFTY,05-May-2022,15050.0,CE,0.0,0.0,0.0,1674.55,2153.3,0,0.0,0,0,18-APR-2022,
OPTIDX,NIFTY,05-May-2022,15100.0,CE,0.0,0.0,0.0,1633.15,2103.6,0,0.0,0,0,18-APR-2022,
OPTIDX,NIFTY,05-May-2022,15150.0,CE,0.0,0.0,0.0,1592.2,2053.95,0,0.0,0,0,18-APR-2022,
OPTIDX,NIFTY,05-May-2022,15200.0,CE,0.0,0.0,0.0,1551.7,2004.4,0,0.0,0,0,18-APR-2022,
OPTIDX,NIFTY,05-May-2022,15250.0,CE,0.0,0.0,0.0,1511.65,1954.85,0,0.0,0,0,18-APR-2022,
OPTIDX,NIFTY,05-May-2022,15300.0,CE,0.0,0.0,0.0,1472.05,1905.4,0,0.0,0,0,18-APR-2022,
OPTIDX,NIFTY,05-May-2022,15350.0,CE,0.0,0.0,0.0,1433.0,1856.0,0,0.0,0,0,18-APR-2022,
OPTIDX,NIFTY,05-May-2022,15400.0,CE,0.0,0.0,0.0,1394.4,1806.75,0,0.0,0,0,18-APR-2022,
OPTIDX,NIFTY,05-May-2022,15450.0,CE,0.0,0.0,0.0,1356.3,1757.55,0,0.0,0,0,18-APR-2022,
OPTIDX,NIFTY,05-May-2022,15500.0,CE,0.0,0.0,0.0,1318.7,1708.55,0,0.0,0,0,18-APR-2022,
OPTIDX,NIFTY,05-May-2022,15550.0,CE,0.0,0.0,0.0,1282.25,1659.65,0,0.0,0,0,18-APR-2022,
OPTIDX,NIFTY,05-May-2022,15600.0,CE,0.0,0.0,0.0,1245.65,1610.95,0,0.0,0,0,18-APR-2022,
OPTIDX,NIFTY,05-May-2022,15650.0,CE,0.0,0.0,0.0,1209.65,1562.45,0,0.0,0,0,18-APR-2022,
OPTIDX,NIFTY,05-May-2022,15700.0,CE,0.0,0.0,0.0,1173.55,1514.15,0,0.0,0,0,18-APR-2022,
OPTIDX,NIFTY,05-May-2022,15750.0,CE,0.0,0.0,0.0,1138.7,1466.1,0,0.0,0,0,18-APR-2022,
OPTIDX,NIFTY,05-May-2022,15800.0,CE,1414.85,1414.85,1414.85,1414.85,1418.3,3,25.82,150,150,18-APR-2022,
OPTIDX,NIFTY,05-May-2022,15850.0,CE,0.0,0.0,0.0,1070.8,1370.85,0,0.0,0,0,18-APR-2022,
OPTIDX,NIFTY,05-May-2022,15900.0,CE,1332.15,1332.15,1332.15,1332.15,1323.7,1,8.61,50,50,18-APR-2022,
OPTIDX,NIFTY,05-May-2022,15950.0,CE,0.0,0.0,0.0,1005.25,1276.95,0,0.0,0,0,18-APR-2022,
OPTIDX,NIFTY,05-May-2022,16000.0,CE,1275.0,1286.05,1233.15,1262.1,1230.6,35,302.22,1500,1100,18-APR-2022,
OPTIDX,NIFTY,05-May-2022,16050.0,CE,0.0,0.0,0.0,942.1,1184.7,0,0.0,0,0,18-APR-2022,
OPTIDX,NIFTY,05-May-2022,16100.0,CE,1142.5,1168.5,1142.5,1168.5,1139.25,2,17.25,100,100,18-APR-2022,
OPTIDX,NIFTY,05-May-2022,16150.0,CE,0.0,0.0,0.0,881.45,1094.35,0,0.0,0,0,18-APR-2022,
OPTIDX,NIFTY,05-May-2022,16200.0,CE,1062.0,1062.0,1048.55,1048.55,1050.0,3,25.88,150,50,18-APR-2022,
OPTIDX,NIFTY,05-May-2022,16250.0,CE,0.0,0.0,0.0,823.2,1006.3,0,0.0,0,0,18-APR-2022,
OPTIDX,NIFTY,05-May-2022,16300.0,CE,958.75,958.75,923.85,923.85,963.2,3,25.86,150,100,18-APR-2022,
OPTIDX,NIFTY,05-May-2022,16350.0,CE,0.0,0.0,0.0,767.5,920.85,0,0.0,0,0,18-APR-2022,
OPTIDX,NIFTY,05-May-2022,16400.0,CE,881.55,888.05,834.7,888.05,888.05,4,34.51,150,150,18-APR-2022,
OPTIDX,NIFTY,05-May-2022,16450.0,CE,0.0,0.0,0.0,714.3,838.35,0,0.0,0,0,18-APR-2022,
OPTIDX,NIFTY,05-May-2022,16500.0,CE,844.8,844.8,760.0,821.25,821.25,41,354.66,1300,1250,18-APR-2022,
OPTIDX,NIFTY,05-May-2022,16550.0,CE,0.0,0.0,0.0,663.55,759.15,0,0.0,0,0,18-APR-2022,
OPTIDX,NIFTY,05-May-2022,16600.0,CE,714.65,714.65,652.0,683.2,720.85,8,69.15,100,100,18-APR-2022,
OPTIDX,NIFTY,05-May-2022,16650.0,CE,638.1,638.1,638.1,638.1,684.15,1,8.64,50,50,18-APR-2022,
OPTIDX,NIFTY,05-May-2022,16700.0,CE,678.05,682.85,576.4,609.5,609.5,21,181.82,550,450,18-APR-2022,
OPTIDX,NIFTY,05-May-2022,16750.0,CE,0.0,0.0,0.0,950.0,611.75,0,0.0,0,0,18-APR-2022,
OPTIDX,NIFTY,05-May-2022,16800.0,CE,595.0,595.0,499.0,546.0,577.5,24,208.08,450,400,18-APR-2022,
OPTIDX,NIFTY,05-May-2022,16850.0,CE,0.0,0.0,0.0,526.35,544.3,0,0.0,0,0,18-APR-2022,
OPTIDX,NIFTY,05-May-2022,16900.0,CE,576.55,576.55,425.0,487.55,487.55,71,616.86,1750,1750,18-APR-2022,
OPTIDX,NIFTY,05-May-2022,16950.0,CE,427.25,427.25,381.7,381.7,481.25,6,52.09,100,100,18-APR-2022,
OPTIDX,NIFTY,05-May-2022,17000.0,CE,458.55,470.0,364.55,418.1,418.1,666,5798.05,9550,9450,18-APR-2022,
OPTIDX,NIFTY,05-May-2022,17050.0,CE,381.65,393.5,339.5,380.0,422.7,41,356.99,800,800,18-APR-2022,
OPTIDX,NIFTY,05-May-2022,17100.0,CE,403.25,403.25,303.25,355.65,355.65,1082,9438.98,13250,12950,18-APR-2022,
OPTIDX,NIFTY,05-May-2022,17150.0,CE,317.5,336.0,294.5,329.2,329.2,161,1405.79,1800,1800,18-APR-2022,
OPTIDX,NIFTY,05-May-2022,17200.0,CE,334.25,355.75,255.0,300.5,300.5,3406,29797.33,43350,43050,18-APR-2022,
OPTIDX,NIFTY,05-May-2022,17250.0,CE,318.9,318.9,240.0,276.0,276.0,131,1148.2,3400,3400,18-APR-2022,
OPTIDX,NIFTY,05-May-2022,17300.0,CE,283.25,298.8,208.4,246.85,246.85,1976,17338.76,24450,23450,18-APR-2022,
OPTIDX,NIFTY,05-May-2022,17350.0,CE,240.2,260.7,190.0,220.8,220.8,87,765.0,800,800,18-APR-2022,
OPTIDX,NIFTY,05-May-2022,17400.0,CE,235.3,246.3,167.8,199.0,199.0,2653,23341.8,50450,47350,18-APR-2022,
OPTIDX,NIFTY,05-May-2022,17450.0,CE,200.7,214.8,151.85,185.3,185.3,211,1861.4,3950,1350,18-APR-2022,
OPTIDX,NIFTY,05-May-2022,17500.0,CE,250.0,250.0,133.9,155.5,155.5,5048,44580.43,80750,38800,18-APR-2022,
OPTIDX,NIFTY,05-May-2022,17550.0,CE,159.65,173.95,122.8,143.05,143.05,63,557.31,1650,1200,18-APR-2022,
OPTIDX,NIFTY,05-May-2022,17600.0,CE,154.05,161.35,104.55,119.75,119.75,1574,13950.16,34450,21300,18-APR-2022,
OPTIDX,NIFTY,05-May-2022,17650.0,CE,135.0,145.45,94.85,104.5,104.5,384,3409.46,8250,7250,18-APR-2022,
OPTIDX,NIFTY,05-May-2022,17700.0,CE,119.45,127.75,80.0,91.85,91.85,2553,22716.55,38300,28350,18-APR-2022,
OPTIDX,NIFTY,05-May-2022,17750.0,CE,105.85,118.5,70.15,84.6,84.6,109,972.45,3200,1750,18-APR-2022,
OPTIDX,NIFTY,05-May-2022,17800.0,CE,92.4,104.9,62.3,69.5,69.5,3355,29983.74,45800,32400,18-APR-2022,
OPTIDX,NIFTY,05-May-2022,17850.0,CE,89.2,120.75,55.0,65.6,65.6,120,1075.04,3300,2200,18-APR-2022,
OPTIDX,NIFTY,05-May-2022,17900.0,CE,72.35,82.3,47.55,50.7,50.7,2772,24886.44,37600,23800,18-APR-2022,
OPTIDX,NIFTY,05-May-2022,17950.0,CE,62.4,92.8,39.0,43.0,43.0,67,602.96,1250,1050,18-APR-2022,
OPTIDX,NIFTY,05-May-2022,18000.0,CE,77.1,77.1,35.05,38.45,38.45,7965,71862.21,129800,63200,18-APR-2022,
OPTIDX,NIFTY,05-May-2022,18050.0,CE,55.8,57.7,31.7,36.4,36.4,103,931.67,3900,1550,18-APR-2022,
OPTIDX,NIFTY,05-May-2022,18100.0,CE,36.6,51.2,26.6,28.0,28.0,2263,20516.63,50950,34600,18-APR-2022,
OPTIDX,NIFTY,05-May-2022,18150.0,CE,35.75,35.85,25.35,25.35,63.4,21,190.9,700,600,18-APR-2022,
OPTIDX,NIFTY,05-May-2022,18200.0,CE,27.8,43.95,21.85,23.25,23.25,1867,17015.28,36700,19500,18-APR-2022,
OPTIDX,NIFTY,05-May-2022,18250.0,CE,41.05,41.05,20.0,21.1,21.1,34,310.69,1600,650,18-APR-2022,
OPTIDX,NIFTY,05-May-2022,18300.0,CE,23.35,60.0,17.6,18.55,18.55,1172,10737.29,22750,6750,18-APR-2022,
OPTIDX,NIFTY,05-May-2022,18350.0,CE,17.65,22.65,17.65,21.5,40.7,7,64.29,300,250,18-APR-2022,
OPTIDX,NIFTY,05-May-2022,18400.0,CE,29.35,29.35,15.0,15.65,15.65,884,8140.87,13350,4850,18-APR-2022,
OPTIDX,NIFTY,05-May-2022,18450.0,CE,0.0,0.0,0.0,153.35,32.2,0,0.0,0,0,18-APR-2022,
OPTIDX,NIFTY,05-May-2022,18500.0,CE,23.9,23.9,10.45,13.45,13.45,2265,20969.05,58350,2300,18-APR-2022,
OPTIDX,NIFTY,05-May-2022,18550.0,CE,9.95,21.5,9.95,12.85,12.85,21,194.92,1250,450,18-APR-2022,
OPTIDX,NIFTY,05-May-2022,18600.0,CE,9.1,25.5,9.1,11.9,11.9,89,828.29,4500,450,18-APR-2022,
OPTIDX,NIFTY,05-May-2022,18650.0,CE,0.0,0.0,0.0,163.7,19.75,0,0.0,0,0,18-APR-2022,
OPTIDX,NIFTY,05-May-2022,18700.0,CE,18.55,18.55,9.35,11.5,11.5,95,888.84,7600,1250,18-APR-2022,
OPTIDX,NIFTY,05-May-2022,18750.0,CE,8.55,16.75,8.55,11.05,11.05,33,309.56,10150,550,18-APR-2022,
OPTIDX,NIFTY,05-May-2022,18800.0,CE,15.85,15.85,7.7,8.6,8.6,265,2492.23,14250,5100,18-APR-2022,
OPTIDX,NIFTY,05-May-2022,18850.0,CE,0.0,0.0,0.0,94.75,11.7,0,0.0,0,0,18-APR-2022,
OPTIDX,NIFTY,05-May-2022,18900.0,CE,8.55,10.35,7.35,8.0,8.0,90,850.89,5850,-500,18-APR-2022,
OPTIDX,NIFTY,05-May-2022,18950.0,CE,0.0,0.0,0.0,102.55,8.9,0,0.0,0,0,18-APR-2022,
OPTIDX,NIFTY,05-May-2022,19000.0,CE,5.6,8.0,5.1,6.85,6.85,1296,12316.83,101800,1100,18-APR-2022,
OPTIDX,NIFTY,05-May-2022,19050.0,CE,0.0,0.0,0.0,96.0,6.75,0,0.0,0,0,18-APR-2022,
OPTIDX,NIFTY,05-May-2022,19100.0,CE,0.0,0.0,0.0,16.4,5.85,0,0.0,50,0,18-APR-2022,
OPTIDX,NIFTY,05-May-2022,19150.0,CE,3.05,6.5,3.05,5.95,5.95,27,258.59,2350,100,18-APR-2022,
OPTIDX,NIFTY,05-May-2022,19200.0,CE,0.0,0.0,0.0,134.75,4.35,0,0.0,0,0,18-APR-2022,
OPTIDX,NIFTY,05-May-2022,19250.0,CE,0.0,0.0,0.0,125.8,3.75,0,0.0,0,0,18-APR-2022,
OPTIDX,NIFTY,05-May-2022,19300.0,CE,0.0,0.0,0.0,117.35,3.25,0,0.0,0,0,18-APR-2022,
OPTIDX,NIFTY,05-May-2022,19350.0,CE,0.0,0.0,0.0,109.35,2.8,0,0.0,0,0,18-APR-2022,
OPTIDX,NIFTY,05-May-2022,19400.0,CE,0.0,0.0,0.0,101.8,2.4,0,0.0,0,0,18-APR-2022,
OPTIDX,NIFTY,05-May-2022,19450.0,CE,0.0,0.0,0.0,94.7,2.05,0,0.0,0,0,18-APR-2022,
OPTIDX,NIFTY,05-May-2022,19500.0,CE,5.9,5.9,3.3,3.65,3.65,121,1180.01,9300,1450,18-APR-2022,
OPTIDX,NIFTY,05-May-2022,19550.0,CE,6.5,6.5,4.45,4.45,4.45,10,97.77,500,500,18-APR-2022,
OPTIDX,NIFTY,05-May-2022,14350.0,PE,0.0,0.0,0.0,86.0,0.05,0,0.0,0,0,18-APR-2022,
OPTIDX,NIFTY,05-May-2022,14400.0,PE,0.0,0.0,0.0,92.85,0.05,0,0.0,0,0,18-APR-2022,
OPTIDX,NIFTY,05-May-2022,14450.0,PE,0.0,0.0,0.0,100.1,0.05,0,0.0,0,0,18-APR-2022,
OPTIDX,NIFTY,05-May-2022,14500.0,PE,0.0,0.0,0.0,10.75,0.1,0,0.0,50,0,18-APR-2022,
OPTIDX,NIFTY,05-May-2022,14550.0,PE,0.0,0.0,0.0,116.0,0.1,0,0.0,0,0,18-APR-2022,
OPTIDX,NIFTY,05-May-2022,14600.0,PE,0.0,0.0,0.0,124.6,0.1,0,0.0,0,0,18-APR-2022,
OPTIDX,NIFTY,05-May-2022,14650.0,PE,0.0,0.0,0.0,133.7,0.15,0,0.0,0,0,18-APR-2022,
OPTIDX,NIFTY,05-May-2022,14700.0,PE,0.0,0.0,0.0,143.3,0.2,0,0.0,0,0,18-APR-2022,
OPTIDX,NIFTY,05-May-2022,14750.0,PE,0.0,0.0,0.0,97.35,0.25,0,0.0,0,0,18-APR-2022,
OPTIDX,NIFTY,05-May-2022,14800.0,PE,0.0,0.0,0.0,104.7,0.3,0,0.0,0,0,18-APR-2022,
OPTIDX,NIFTY,05-May-2022,14850.0,PE,0.0,0.0,0.0,112.5,0.35,0,0.0,0,0,18-APR-2022,
OPTIDX,NIFTY,05-May-2022,14900.0,PE,0.0,0.0,0.0,120.7,0.45,0,0.0,0,0,18-APR-2022,
OPTIDX,NIFTY,05-May-2022,14950.0,PE,0.0,0.0,0.0,129.4,0.55,0,0.0,0,0,18-APR-2022,
OPTIDX,NIFTY,05-May-2022,15000.0,PE,0.85,10.0,0.85,7.3,7.3,26,195.1,1150,1000,18-APR-2022,
OPTIDX,NIFTY,05-May-2022,15050.0,PE,0.0,0.0,0.0,117.5,0.9,0,0.0,0,0,18-APR-2022,
OPTIDX,NIFTY,05-May-2022,15100.0,PE,0.0,0.0,0.0,125.75,1.1,0,0.0,0,0,18-APR-2022,
OPTIDX,NIFTY,05-May-2022,15150.0,PE,0.0,0.0,0.0,134.45,1.35,0,0.0,0,0,18-APR-2022,
OPTIDX,NIFTY,05-May-2022,15200.0,PE,0.0,0.0,0.0,143.6,1.65,0,0.0,0,0,18-APR-2022,
OPTIDX,NIFTY,05-May-2022,15250.0,PE,0.0,0.0,0.0,153.2,2.05,0,0.0,0,0,18-APR-2022,
OPTIDX,NIFTY,05-May-2022,15300.0,PE,0.0,0.0,0.0,60.0,2.45,0,0.0,150,0,18-APR-2022,
OPTIDX,NIFTY,05-May-2022,15350.0,PE,0.0,0.0,0.0,173.8,3.0,0,0.0,0,0,18-APR-2022,
OPTIDX,NIFTY,05-May-2022,15400.0,PE,16.65,16.65,4.15,4.15,3.65,2,15.41,50,0,18-APR-2022,
OPTIDX,NIFTY,05-May-2022,15450.0,PE,0.0,0.0,0.0,196.35,4.4,0,0.0,0,0,18-APR-2022,
OPTIDX,NIFTY,05-May-2022,15500.0,PE,16.4,20.0,9.0,10.75,10.75,203,1574.51,5700,4950,18-APR-2022,
OPTIDX,NIFTY,05-May-2022,15550.0,PE,0.0,0.0,0.0,221.6,6.3,0,0.0,0,0,18-APR-2022,
OPTIDX,NIFTY,05-May-2022,15600.0,PE,0.0,0.0,0.0,234.65,7.5,0,0.0,0,0,18-APR-2022,
OPTIDX,NIFTY,05-May-2022,15650.0,PE,0.0,0.0,0.0,248.3,8.85,0,0.0,0,0,18-APR-2022,
OPTIDX,NIFTY,05-May-2022,15700.0,PE,0.0,0.0,0.0,261.8,10.5,0,0.0,0,0,18-APR-2022,
OPTIDX,NIFTY,05-May-2022,15750.0,PE,0.0,0.0,0.0,276.65,12.35,0,0.0,0,0,18-APR-2022,
OPTIDX,NIFTY,05-May-2022,15800.0,PE,12.35,25.2,12.35,18.25,18.25,82,648.65,2800,1850,18-APR-2022,
OPTIDX,NIFTY,05-May-2022,15850.0,PE,0.0,0.0,0.0,308.0,16.9,0,0.0,0,0,18-APR-2022,
OPTIDX,NIFTY,05-May-2022,15900.0,PE,16.6,28.45,16.6,22.2,22.2,37,294.54,1300,1300,18-APR-2022,
OPTIDX,NIFTY,05-May-2022,15950.0,PE,0.0,0.0,0.0,341.75,22.8,0,0.0,0,0,18-APR-2022,
OPTIDX,NIFTY,05-May-2022,16000.0,PE,36.85,36.85,16.2,24.65,24.65,1986,15915.86,57600,30950,18-APR-2022,
OPTIDX,NIFTY,05-May-2022,16050.0,PE,28.0,28.0,28.0,28.0,30.35,1,8.03,50,50,18-APR-2022,
OPTIDX,NIFTY,05-May-2022,16100.0,PE,32.95,37.15,25.6,27.55,27.55,57,459.76,1500,1500,18-APR-2022,
OPTIDX,NIFTY,05-May-2022,16150.0,PE,34.0,42.4,33.1,42.4,39.8,6,48.55,200,200,18-APR-2022,
OPTIDX,NIFTY,05-May-2022,16200.0,PE,47.85,47.85,28.65,34.75,34.75,143,1160.97,3050,2800,18-APR-2022,
OPTIDX,NIFTY,05-May-2022,16250.0,PE,0.0,0.0,0.0,457.5,51.55,0,0.0,0,0,18-APR-2022,
OPTIDX,NIFTY,05-May-2022,16300.0,PE,43.0,52.5,37.4,41.3,41.3,388,3170.64,11900,6900,18-APR-2022,
OPTIDX,NIFTY,05-May-2022,16350.0,PE,0.0,0.0,0.0,501.05,65.9,0,0.0,0,0,18-APR-2022,
OPTIDX,NIFTY,05-May-2022,16400.0,PE,55.5,69.15,43.65,47.8,47.8,409,3365.07,8500,7250,18-APR-2022,
OPTIDX,NIFTY,05-May-2022,16450.0,PE,0.0,0.0,0.0,547.15,83.25,0,0.0,0,0,18-APR-2022,
OPTIDX,NIFTY,05-May-2022,16500.0,PE,49.95,84.2,49.95,58.95,58.95,4676,38739.68,157450,107250,18-APR-2022,
OPTIDX,NIFTY,05-May-2022,16550.0,PE,70.45,93.0,65.75,68.3,68.3,27,224.39,950,550,18-APR-2022,
OPTIDX,NIFTY,05-May-2022,16600.0,PE,77.7,101.4,67.55,72.7,72.7,446,3720.42,6950,4000,18-APR-2022,
OPTIDX,NIFTY,05-May-2022,16650.0,PE,99.65,104.35,88.65,91.8,91.8,38,318.11,1300,1300,18-APR-2022,
OPTIDX,NIFTY,05-May-2022,16700.0,PE,162.65,162.65,83.0,88.75,88.75,1446,12146.27,23150,20250,18-APR-2022,
OPTIDX,NIFTY,05-May-2022,16750.0,PE,109.05,120.0,89.85,89.9,89.9,24,202.28,1050,600,18-APR-2022,
OPTIDX,NIFTY,05-May-2022,16800.0,PE,125.25,147.0,102.1,108.25,108.25,973,8231.75,16250,10200,18-APR-2022,
OPTIDX,NIFTY,05-May-2022,16850.0,PE,121.3,167.85,117.65,129.15,129.15,16,135.87,150,100,18-APR-2022,
OPTIDX,NIFTY,05-May-2022,16900.0,PE,149.6,181.35,124.9,134.0,134.0,756,6444.05,11400,7600,18-APR-2022,
OPTIDX,NIFTY,05-May-2022,16950.0,PE,155.65,175.65,133.4,150.4,150.4,32,273.71,500,300,18-APR-2022,
OPTIDX,NIFTY,05-May-2022,17000.0,PE,163.6,220.0,152.75,168.0,168.0,4324,37153.35,83550,53800,18-APR-2022,
OPTIDX,NIFTY,05-May-2022,17050.0,PE,188.35,225.0,172.15,190.05,190.05,64,552.02,1050,450,18-APR-2022,
OPTIDX,NIFTY,05-May-2022,17100.0,PE,159.05,257.85,159.05,200.6,200.6,1747,15128.82,24100,15100,18-APR-2022,
OPTIDX,NIFTY,05-May-2022,17150.0,PE,255.0,263.4,212.4,221.35,221.35,21,182.58,450,450,18-APR-2022,
OPTIDX,NIFTY,05-May-2022,17200.0,PE,192.05,311.7,192.05,242.7,242.7,2562,22373.68,37000,25550,18-APR-2022,
OPTIDX,NIFTY,05-May-2022,17250.0,PE,275.0,335.0,259.0,262.35,262.35,50,439.02,2300,2300,18-APR-2022,
OPTIDX,NIFTY,05-May-2022,17300.0,PE,295.35,365.5,275.0,284.55,284.55,806,7097.28,10000,4650,18-APR-2022,
OPTIDX,NIFTY,05-May-2022,17350.0,PE,0.0,0.0,0.0,1071.35,418.1,0,0.0,0,0,18-APR-2022,
OPTIDX,NIFTY,05-May-2022,17400.0,PE,284.65,421.0,284.65,339.55,339.55,509,4519.46,9550,-350,18-APR-2022,
OPTIDX,NIFTY,05-May-2022,17450.0,PE,380.35,417.15,352.55,360.45,360.45,13,115.91,250,100,18-APR-2022,
OPTIDX,NIFTY,05-May-2022,17500.0,PE,407.4,483.8,382.9,402.3,402.3,737,6604.05,30500,-5250,18-APR-2022,
OPTIDX,NIFTY,05-May-2022,17550.0,PE,463.4,470.0,451.6,455.0,542.0,12,108.07,350,300,18-APR-2022,
OPTIDX,NIFTY,05-May-2022,17600.0,PE,471.45,550.3,448.0,472.95,472.95,353,3193.08,7750,-2400,18-APR-2022,
OPTIDX,NIFTY,05-May-2022,17650.0,PE,756.1,756.1,321.3,490.0,490.0,23,209.34,600,-450,18-APR-2022,
OPTIDX,NIFTY,05-May-2022,17700.0,PE,543.4,600.0,517.15,554.1,554.1,98,894.96,2550,-1250,18-APR-2022,
OPTIDX,NIFTY,05-May-2022,17750.0,PE,636.45,636.45,550.15,576.15,576.15,8,73.42,800,100,18-APR-2022,
OPTIDX,NIFTY,05-May-2022,17800.0,PE,645.35,685.0,597.0,597.0,597.0,49,451.5,1000,300,18-APR-2022,
OPTIDX,NIFTY,05-May-2022,17850.0,PE,0.0,0.0,0.0,372.65,758.55,0,0.0,50,0,18-APR-2022,
OPTIDX,NIFTY,05-May-2022,17900.0,PE,690.9,768.95,678.75,762.55,797.75,30,279.28,750,400,18-APR-2022,
OPTIDX,NIFTY,05-May-2022,17950.0,PE,801.5,801.5,738.0,738.0,837.8,4,37.42,50,0,18-APR-2022,
OPTIDX,NIFTY,05-May-2022,18000.0,PE,721.15,880.85,721.15,765.0,765.0,45,423.12,2950,50,18-APR-2022,
OPTIDX,NIFTY,05-May-2022,18050.0,PE,870.5,870.5,870.5,870.5,920.05,1,9.46,150,50,18-APR-2022,
OPTIDX,NIFTY,05-May-2022,18100.0,PE,0.0,0.0,0.0,502.6,962.25,0,0.0,100,0,18-APR-2022,
OPTIDX,NIFTY,05-May-2022,18150.0,PE,0.0,0.0,0.0,1560.05,1005.05,0,0.0,0,0,18-APR-2022,
OPTIDX,NIFTY,05-May-2022,18200.0,PE,975.7,975.7,975.7,975.7,1048.45,1,9.58,350,50,18-APR-2022,
OPTIDX,NIFTY,05-May-2022,18250.0,PE,0.0,0.0,0.0,1446.75,1092.45,0,0.0,0,0,18-APR-2022,
OPTIDX,NIFTY,05-May-2022,18300.0,PE,0.0,0.0,0.0,654.7,1136.95,0,0.0,100,0,18-APR-2022,
OPTIDX,NIFTY,05-May-2022,18350.0,PE,0.0,0.0,0.0,1527.9,1181.95,0,0.0,0,0,18-APR-2022,
OPTIDX,NIFTY,05-May-2022,18400.0,PE,0.0,0.0,0.0,738.6,1227.4,0,0.0,100,0,18-APR-2022,
OPTIDX,NIFTY,05-May-2022,18450.0,PE,0.0,0.0,0.0,1522.7,1273.3,0,0.0,0,0,18-APR-2022,
OPTIDX,NIFTY,05-May-2022,18500.0,PE,1227.0,1317.0,1213.0,1264.1,1319.55,35,345.55,2700,0,18-APR-2022,
OPTIDX,NIFTY,05-May-2022,18550.0,PE,0.0,0.0,0.0,1348.1,1366.2,0,0.0,0,0,18-APR-2022,
OPTIDX,NIFTY,05-May-2022,18600.0,PE,0.0,0.0,0.0,1387.95,1413.15,0,0.0,0,0,18-APR-2022,
OPTIDX,NIFTY,05-May-2022,18650.0,PE,0.0,0.0,0.0,1428.2,1460.4,0,0.0,0,0,18-APR-2022,
OPTIDX,NIFTY,05-May-2022,18700.0,PE,0.0,0.0,0.0,1468.9,1507.95,0,0.0,0,0,18-APR-2022,
OPTIDX,NIFTY,05-May-2022,18750.0,PE,0.0,0.0,0.0,1510.0,1555.75,0,0.0,0,0,18-APR-2022,
OPTIDX,NIFTY,05-May-2022,18800.0,PE,1550.0,1550.0,1550.0,1550.0,1550.0,1,10.17,200,0,18-APR-2022,
OPTIDX,NIFTY,05-May-2022,18850.0,PE,0.0,0.0,0.0,1539.35,1652.0,0,0.0,0,0,18-APR-2022,
OPTIDX,NIFTY,05-May-2022,18900.0,PE,0.0,0.0,0.0,1019.3,1700.45,0,0.0,50,0,18-APR-2022,
OPTIDX,NIFTY,05-May-2022,18950.0,PE,0.0,0.0,0.0,1476.15,1749.0,0,0.0,0,0,18-APR-2022,
OPTIDX,NIFTY,05-May-2022,19000.0,PE,0.0,0.0,0.0,1519.1,1797.75,0,0.0,0,0,18-APR-2022,
OPTIDX,NIFTY,05-May-2022,19050.0,PE,0.0,0.0,0.0,1404.85,1846.65,0,0.0,0,0,18-APR-2022,
OPTIDX,NIFTY,05-May-2022,19100.0,PE,0.0,0.0,0.0,1447.9,1895.65,0,0.0,0,0,18-APR-2022,
OPTIDX,NIFTY,05-May-2022,19150.0,PE,0.0,0.0,0.0,1491.3,1944.8,0,0.0,0,0,18-APR-2022,
OPTIDX,NIFTY,05-May-2022,19200.0,PE,0.0,0.0,0.0,1213.15,1994.0,0,0.0,0,0,18-APR-2022,
OPTIDX,NIFTY,05-May-2022,19250.0,PE,0.0,0.0,0.0,1254.0,2043.3,0,0.0,0,0,18-APR-2022,
OPTIDX,NIFTY,05-May-2022,19300.0,PE,0.0,0.0,0.0,1295.35,2092.7,0,0.0,0,0,18-APR-2022,
OPTIDX,NIFTY,05-May-2022,19350.0,PE,0.0,0.0,0.0,1337.2,2142.1,0,0.0,0,0,18-APR-2022,
OPTIDX,NIFTY,05-May-2022,19400.0,PE,0.0,0.0,0.0,1379.5,2191.65,0,0.0,0,0,18-APR-2022,
OPTIDX,NIFTY,05-May-2022,19450.0,PE,0.0,0.0,0.0,1422.2,2241.2,0,0.0,0,0,18-APR-2022,
OPTIDX,NIFTY,05-May-2022,19500.0,PE,0.0,0.0,0.0,1465.35,2290.8,0,0.0,0,0,18-APR-2022,
OPTIDX,NIFTY,05-May-2022,19550.0,PE,0.0,0.0,0.0,1508.85,2340.45,0,0.0,0,0,18-APR-2022,
OPTIDX,NIFTY,12-May-2022,15100.0,CE,0.0,0.0,0.0,1720.35,2118.75,0,0.0,0,0,18-APR-2022,
OPTIDX,NIFTY,12-May-2022,15150.0,CE,0.0,0.0,0.0,1678.8,2069.65,0,0.0,0,0,18-APR-2022,
OPTIDX,NIFTY,12-May-2022,15200.0,CE,0.0,0.0,0.0,1637.65,2020.65,0,0.0,0,0,18-APR-2022,
OPTIDX,NIFTY,12-May-2022,15250.0,CE,0.0,0.0,0.0,1596.95,1971.8,0,0.0,0,0,18-APR-2022,
OPTIDX,NIFTY,12-May-2022,15300.0,CE,0.0,0.0,0.0,1556.65,1923.05,0,0.0,0,0,18-APR-2022,
OPTIDX,NIFTY,12-May-2022,15350.0,CE,0.0,0.0,0.0,1516.85,1874.5,0,0.0,0,0,18-APR-2022,
OPTIDX,NIFTY,12-May-2022,15400.0,CE,0.0,0.0,0.0,1477.5,1826.1,0,0.0,0,0,18-APR-2022,
OPTIDX,NIFTY,12-May-2022,15450.0,CE,0.0,0.0,0.0,1438.65,1777.9,0,0.0,0,0,18-APR-2022,
OPTIDX,NIFTY,12-May-2022,15500.0,CE,0.0,0.0,0.0,1400.3,1729.9,0,0.0,0,0,18-APR-2022,
OPTIDX,NIFTY,12-May-2022,15550.0,CE,0.0,0.0,0.0,1362.4,1682.15,0,0.0,0,0,18-APR-2022,
OPTIDX,NIFTY,12-May-2022,15600.0,CE,0.0,0.0,0.0,1325.05,1634.65,0,0.0,0,0,18-APR-2022,
OPTIDX,NIFTY,12-May-2022,15650.0,CE,0.0,0.0,0.0,1288.8,1587.45,0,0.0,0,0,18-APR-2022,
OPTIDX,NIFTY,12-May-2022,15700.0,CE,0.0,0.0,0.0,1252.45,1540.55,0,0.0,0,0,18-APR-2022,
OPTIDX,NIFTY,12-May-2022,15750.0,CE,0.0,0.0,0.0,1216.65,1493.95,0,0.0,0,0,18-APR-2022,
OPTIDX,NIFTY,12-May-2022,15800.0,CE,0.0,0.0,0.0,1180.75,1447.75,0,0.0,0,0,18-APR-2022,
OPTIDX,NIFTY,12-May-2022,15850.0,CE,0.0,0.0,0.0,1146.15,1401.9,0,0.0,0,0,18-APR-2022,
OPTIDX,NIFTY,12-May-2022,15900.0,CE,0.0,0.0,0.0,1112.1,1356.45,0,0.0,0,0,18-APR-2022,
OPTIDX,NIFTY,12-May-2022,15950.0,CE,0.0,0.0,0.0,1078.6,1311.5,0,0.0,0,0,18-APR-2022,
OPTIDX,NIFTY,12-May-2022,16000.0,CE,0.0,0.0,0.0,1045.7,1266.95,0,0.0,0,0,18-APR-2022,
OPTIDX,NIFTY,12-May-2022,16050.0,CE,0.0,0.0,0.0,1013.4,1222.95,0,0.0,0,0,18-APR-2022,
OPTIDX,NIFTY,12-May-2022,16100.0,CE,0.0,0.0,0.0,981.7,1179.5,0,0.0,0,0,18-APR-2022,
OPTIDX,NIFTY,12-May-2022,16150.0,CE,0.0,0.0,0.0,950.6,1136.55,0,0.0,0,0,18-APR-2022,
OPTIDX,NIFTY,12-May-2022,16200.0,CE,0.0,0.0,0.0,920.1,1094.25,0,0.0,0,0,18-APR-2022,
OPTIDX,NIFTY,12-May-2022,16250.0,CE,0.0,0.0,0.0,890.2,1052.55,0,0.0,0,0,18-APR-2022,
OPTIDX,NIFTY,12-May-2022,16300.0,CE,0.0,0.0,0.0,860.9,1011.55,0,0.0,0,0,18-APR-2022,
OPTIDX,NIFTY,12-May-2022,16350.0,CE,0.0,0.0,0.0,832.2,971.2,0,0.0,0,0,18-APR-2022,
OPTIDX,NIFTY,12-May-2022,16400.0,CE,0.0,0.0,0.0,804.15,931.55,0,0.0,0,0,18-APR-2022,
OPTIDX,NIFTY,12-May-2022,16450.0,CE,0.0,0.0,0.0,776.7,892.65,0,0.0,0,0,18-APR-2022,
OPTIDX,NIFTY,12-May-2022,16500.0,CE,0.0,0.0,0.0,749.85,854.55,0,0.0,0,0,18-APR-2022,
OPTIDX,NIFTY,12-May-2022,16550.0,CE,0.0,0.0,0.0,723.65,817.85,0,0.0,0,0,18-APR-2022,
OPTIDX,NIFTY,12-May-2022,16600.0,CE,0.0,0.0,0.0,698.05,780.6,0,0.0,0,0,18-APR-2022,
OPTIDX,NIFTY,12-May-2022,16650.0,CE,0.0,0.0,0.0,673.0,744.95,0,0.0,0,0,18-APR-2022,
OPTIDX,NIFTY,12-May-2022,16700.0,CE,0.0,0.0,0.0,648.65,710.2,0,0.0,0,0,18-APR-2022,
OPTIDX,NIFTY,12-May-2022,16750.0,CE,0.0,0.0,0.0,624.9,676.35,0,0.0,0,0,18-APR-2022,
OPTIDX,NIFTY,12-May-2022,16800.0,CE,0.0,0.0,0.0,601.75,643.4,0,0.0,0,0,18-APR-2022,
OPTIDX,NIFTY,12-May-2022,16850.0,CE,0.0,0.0,0.0,579.2,611.4,0,0.0,0,0,18-APR-2022,
OPTIDX,NIFTY,12-May-2022,16900.0,CE,0.0,0.0,0.0,557.3,580.35,0,0.0,0,0,18-APR-2022,
OPTIDX,NIFTY,12-May-2022,16950.0,CE,0.0,0.0,0.0,535.95,550.2,0,0.0,0,0,18-APR-2022,
OPTIDX,NIFTY,12-May-2022,17000.0,CE,0.0,0.0,0.0,822.45,521.1,0,0.0,50,0,18-APR-2022,
OPTIDX,NIFTY,12-May-2022,17050.0,CE,0.0,0.0,0.0,495.05,492.9,0,0.0,0,0,18-APR-2022,
OPTIDX,NIFTY,12-May-2022,17100.0,CE,510.0,510.0,378.5,405.5,405.5,79,691.64,1250,1200,18-APR-2022,
OPTIDX,NIFTY,12-May-2022,17150.0,CE,479.3,479.3,360.0,385.0,439.5,9,78.93,250,250,18-APR-2022,
OPTIDX,NIFTY,12-May-2022,17200.0,CE,425.0,434.0,320.85,368.45,368.45,310,2722.43,7800,7400,18-APR-2022,
OPTIDX,NIFTY,12-May-2022,17250.0,CE,0.0,0.0,0.0,420.15,389.95,0,0.0,0,0,18-APR-2022,
OPTIDX,NIFTY,12-May-2022,17300.0,CE,422.95,422.95,279.8,311.6,311.6,19,167.3,400,400,18-APR-2022,
OPTIDX,NIFTY,12-May-2022,17350.0,CE,0.0,0.0,0.0,386.05,344.35,0,0.0,0,0,18-APR-2022,
OPTIDX,NIFTY,12-May-2022,17400.0,CE,312.7,312.7,245.4,266.95,266.95,57,503.44,1200,1200,18-APR-2022,
OPTIDX,NIFTY,12-May-2022,17450.0,CE,354.0,354.0,354.0,354.0,302.6,2,17.8,100,100,18-APR-2022,
OPTIDX,NIFTY,12-May-2022,17500.0,CE,265.35,267.55,194.4,224.65,224.65,614,5440.44,20700,9400,18-APR-2022,
OPTIDX,NIFTY,12-May-2022,17550.0,CE,0.0,0.0,0.0,340.45,264.6,0,0.0,50,0,18-APR-2022,
OPTIDX,NIFTY,12-May-2022,17600.0,CE,216.2,219.6,164.45,173.75,173.75,216,1920.37,5700,5250,18-APR-2022,
OPTIDX,NIFTY,12-May-2022,17650.0,CE,0.0,0.0,0.0,296.3,230.2,0,0.0,0,0,18-APR-2022,
OPTIDX,NIFTY,12-May-2022,17700.0,CE,188.8,188.8,129.85,143.6,143.6,90,803.34,2600,1450,18-APR-2022,
OPTIDX,NIFTY,12-May-2022,17750.0,CE,150.95,150.95,150.85,150.85,199.25,2,17.9,450,0,18-APR-2022,
OPTIDX,NIFTY,12-May-2022,17800.0,CE,152.15,166.4,108.0,115.4,115.4,268,2402.18,6600,4550,18-APR-2022,
OPTIDX,NIFTY,12-May-2022,17850.0,CE,0.0,0.0,0.0,340.0,171.6,0,0.0,50,0,18-APR-2022,
OPTIDX,NIFTY,12-May-2022,17900.0,CE,118.95,121.4,80.75,86.25,86.25,90,809.87,2050,800,18-APR-2022,
OPTIDX,NIFTY,12-May-2022,17950.0,CE,0.0,0.0,0.0,224.2,147.2,0,0.0,0,0,18-APR-2022,
OPTIDX,NIFTY,12-May-2022,18000.0,CE,99.0,105.0,67.25,72.8,72.8,770,6960.86,23700,19450,18-APR-2022,
OPTIDX,NIFTY,12-May-2022,18050.0,CE,0.0,0.0,0.0,203.55,125.5,0,0.0,0,0,18-APR-2022,
OPTIDX,NIFTY,12-May-2022,18100.0,CE,81.0,81.0,54.0,56.55,56.55,38,345.09,700,450,18-APR-2022,
OPTIDX,NIFTY,12-May-2022,18150.0,CE,0.0,0.0,0.0,180.1,106.45,0,0.0,0,0,18-APR-2022,
OPTIDX,NIFTY,12-May-2022,18200.0,CE,72.5,72.6,41.65,43.75,43.75,190,1733.63,5050,2700,18-APR-2022,
OPTIDX,NIFTY,12-May-2022,18250.0,CE,0.0,0.0,0.0,208.7,89.8,0,0.0,0,0,18-APR-2022,
OPTIDX,NIFTY,12-May-2022,18300.0,CE,40.0,41.25,28.95,31.25,31.25,20,183.34,1050,650,18-APR-2022,
OPTIDX,NIFTY,12-May-2022,18350.0,CE,0.0,0.0,0.0,188.85,75.35,0,0.0,0,0,18-APR-2022,
OPTIDX,NIFTY,12-May-2022,18400.0,CE,45.05,45.05,28.35,32.25,68.9,30,276.53,1350,400,18-APR-2022,
OPTIDX,NIFTY,12-May-2022,18450.0,CE,0.0,0.0,0.0,184.3,62.95,0,0.0,0,0,18-APR-2022,
OPTIDX,NIFTY,12-May-2022,18500.0,CE,19.45,42.6,19.45,22.85,22.85,205,1898.86,7750,3050,18-APR-2022,
OPTIDX,NIFTY,12-May-2022,18550.0,CE,0.0,0.0,0.0,166.6,52.25,0,0.0,0,0,18-APR-2022,
OPTIDX,NIFTY,12-May-2022,18600.0,CE,25.0,29.4,16.75,22.5,22.5,26,242.09,2000,350,18-APR-2022,
OPTIDX,NIFTY,12-May-2022,18650.0,CE,0.0,0.0,0.0,126.05,43.15,0,0.0,100,0,18-APR-2022,
OPTIDX,NIFTY,12-May-2022,18700.0,CE,31.5,31.5,14.15,18.5,39.15,59,552.15,2700,1600,18-APR-2022,
OPTIDX,NIFTY,12-May-2022,18750.0,CE,0.0,0.0,0.0,166.6,35.5,0,0.0,0,0,18-APR-2022,
OPTIDX,NIFTY,12-May-2022,18800.0,CE,14.0,15.3,13.25,13.25,32.1,18,169.32,1250,750,18-APR-2022,
OPTIDX,NIFTY,12-May-2022,18850.0,CE,0.0,0.0,0.0,125.15,29.0,0,0.0,0,0,18-APR-2022,
OPTIDX,NIFTY,12-May-2022,18900.0,CE,0.05,10.0,0.05,10.0,26.15,3,28.35,100,0,18-APR-2022,
OPTIDX,NIFTY,12-May-2022,18950.0,CE,0.0,0.0,0.0,134.95,23.6,0,0.0,0,0,18-APR-2022,
OPTIDX,NIFTY,12-May-2022,19000.0,CE,16.65,19.8,9.5,9.95,9.95,230,2186.23,14300,6750,18-APR-2022,
OPTIDX,NIFTY,12-May-2022,19050.0,CE,0.0,0.0,0.0,130.2,19.1,0,0.0,0,0,18-APR-2022,
OPTIDX,NIFTY,12-May-2022,19100.0,CE,8.75,8.75,8.75,8.75,17.15,1,9.55,50,50,18-APR-2022,
OPTIDX,NIFTY,12-May-2022,19150.0,CE,0.0,0.0,0.0,114.6,15.35,0,0.0,0,0,18-APR-2022,
OPTIDX,NIFTY,12-May-2022,19200.0,CE,0.0,0.0,0.0,176.2,13.75,0,0.0,0,0,18-APR-2022,
OPTIDX,NIFTY,12-May-2022,19250.0,CE,0.0,0.0,0.0,166.0,12.3,0,0.0,0,0,18-APR-2022,
OPTIDX,NIFTY,12-May-2022,19300.0,CE,0.0,0.0,0.0,156.25,11.0,0,0.0,0,0,18-APR-2022,
OPTIDX,NIFTY,12-May-2022,19350.0,CE,0.0,0.0,0.0,147.0,9.8,0,0.0,0,0,18-APR-2022,
OPTIDX,NIFTY,12-May-2022,19400.0,CE,0.0,0.0,0.0,138.2,8.75,0,0.0,0,0,18-APR-2022,
OPTIDX,NIFTY,12-May-2022,19450.0,CE,0.0,0.0,0.0,129.8,7.75,0,0.0,0,0,18-APR-2022,
OPTIDX,NIFTY,12-May-2022,19500.0,CE,6.05,7.85,6.05,7.0,7.0,98,955.85,7950,50,18-APR-2022,
OPTIDX,NIFTY,12-May-2022,19550.0,CE,0.0,0.0,0.0,114.3,6.1,0,0.0,0,0,18-APR-2022,
OPTIDX,NIFTY,12-May-2022,15100.0,PE,0.0,0.0,0.0,115.85,4.35,0,0.0,0,0,18-APR-2022,
OPTIDX,NIFTY,12-May-2022,15150.0,PE,0.0,0.0,0.0,123.95,5.1,0,0.0,0,0,18-APR-2022,
OPTIDX,NIFTY,12-May-2022,15200.0,PE,0.0,0.0,0.0,14.95,5.95,0,0.0,350,0,18-APR-2022,
OPTIDX,NIFTY,12-May-2022,15250.0,PE,0.0,0.0,0.0,141.35,6.95,0,0.0,0,0,18-APR-2022,
OPTIDX,NIFTY,12-May-2022,15300.0,PE,0.15,38.0,0.15,3.1,8.1,3,22.97,200,0,18-APR-2022,
OPTIDX,NIFTY,12-May-2022,15350.0,PE,0.0,0.0,0.0,160.55,9.4,0,0.0,0,0,18-APR-2022,
OPTIDX,NIFTY,12-May-2022,15400.0,PE,0.0,0.0,0.0,170.85,10.9,0,0.0,0,0,18-APR-2022,
OPTIDX,NIFTY,12-May-2022,15450.0,PE,0.0,0.0,0.0,181.65,12.55,0,0.0,0,0,18-APR-2022,
OPTIDX,NIFTY,12-May-2022,15500.0,PE,14.1,18.5,13.5,14.8,14.8,14,108.6,800,450,18-APR-2022,
OPTIDX,NIFTY,12-May-2022,15550.0,PE,0.0,0.0,0.0,204.65,16.55,0,0.0,0,0,18-APR-2022,
OPTIDX,NIFTY,12-May-2022,15600.0,PE,0.0,0.0,0.0,216.95,18.9,0,0.0,0,0,18-APR-2022,
OPTIDX,NIFTY,12-May-2022,15650.0,PE,0.0,0.0,0.0,230.35,21.55,0,0.0,0,0,18-APR-2022,
OPTIDX,NIFTY,12-May-2022,15700.0,PE,0.0,0.0,0.0,243.6,24.5,0,0.0,0,0,18-APR-2022,
OPTIDX,NIFTY,12-May-2022,15750.0,PE,0.0,0.0,0.0,257.45,27.8,0,0.0,0,0,18-APR-2022,
OPTIDX,NIFTY,12-May-2022,15800.0,PE,29.5,33.3,24.9,24.9,24.9,7,55.4,350,350,18-APR-2022,
OPTIDX,NIFTY,12-May-2022,15850.0,PE,0.0,0.0,0.0,286.2,35.45,0,0.0,0,0,18-APR-2022,
OPTIDX,NIFTY,12-May-2022,15900.0,PE,0.0,0.0,0.0,301.8,39.9,0,0.0,0,0,18-APR-2022,
OPTIDX,NIFTY,12-May-2022,15950.0,PE,0.0,0.0,0.0,317.95,44.8,0,0.0,0,0,18-APR-2022,
OPTIDX,NIFTY,12-May-2022,16000.0,PE,30.4,54.85,30.4,39.0,39.0,128,1026.95,8500,4400,18-APR-2022,
OPTIDX,NIFTY,12-May-2022,16050.0,PE,0.0,0.0,0.0,352.05,56.0,0,0.0,0,0,18-APR-2022,
OPTIDX,NIFTY,12-May-2022,16100.0,PE,0.0,0.0,0.0,369.95,62.4,0,0.0,0,0,18-APR-2022,
OPTIDX,NIFTY,12-May-2022,16150.0,PE,0.0,0.0,0.0,388.5,69.35,0,0.0,0,0,18-APR-2022,
OPTIDX,NIFTY,12-May-2022,16200.0,PE,57.4,57.4,30.1,30.1,76.9,2,16.24,100,100,18-APR-2022,
OPTIDX,NIFTY,12-May-2022,16250.0,PE,0.0,0.0,0.0,427.35,85.05,0,0.0,0,0,18-APR-2022,
OPTIDX,NIFTY,12-May-2022,16300.0,PE,50.0,65.0,50.0,65.0,93.9,7,57.27,450,350,18-APR-2022,
OPTIDX,NIFTY,12-May-2022,16350.0,PE,0.0,0.0,0.0,468.65,103.4,0,0.0,0,0,18-APR-2022,
OPTIDX,NIFTY,12-May-2022,16400.0,PE,85.9,92.6,74.1,74.1,113.65,3,24.72,150,150,18-APR-2022,
OPTIDX,NIFTY,12-May-2022,16450.0,PE,0.0,0.0,0.0,512.4,124.6,0,0.0,0,0,18-APR-2022,
OPTIDX,NIFTY,12-May-2022,16500.0,PE,87.6,110.35,82.9,89.9,89.9,217,1800.57,8950,4450,18-APR-2022,
OPTIDX,NIFTY,12-May-2022,16550.0,PE,0.0,0.0,0.0,558.65,149.55,0,0.0,0,0,18-APR-2022,
OPTIDX,NIFTY,12-May-2022,16600.0,PE,0.0,0.0,0.0,582.7,162.15,0,0.0,0,0,18-APR-2022,
OPTIDX,NIFTY,12-May-2022,16650.0,PE,0.0,0.0,0.0,607.3,176.35,0,0.0,0,0,18-APR-2022,
OPTIDX,NIFTY,12-May-2022,16700.0,PE,125.0,150.4,115.4,121.95,121.95,40,336.55,2600,1450,18-APR-2022,
OPTIDX,NIFTY,12-May-2022,16750.0,PE,0.0,0.0,0.0,658.45,207.5,0,0.0,0,0,18-APR-2022,
OPTIDX,NIFTY,12-May-2022,16800.0,PE,140.25,178.1,136.5,146.95,146.95,125,1059.82,5300,3650,18-APR-2022,
OPTIDX,NIFTY,12-May-2022,16850.0,PE,0.0,0.0,0.0,712.05,242.25,0,0.0,0,0,18-APR-2022,
OPTIDX,NIFTY,12-May-2022,16900.0,PE,197.75,207.1,171.3,172.3,172.3,50,427.29,1700,700,18-APR-2022,
OPTIDX,NIFTY,12-May-2022,16950.0,PE,0.0,0.0,0.0,768.05,280.85,0,0.0,0,0,18-APR-2022,
OPTIDX,NIFTY,12-May-2022,17000.0,PE,219.15,260.5,199.4,213.55,213.55,323,2782.91,10750,6850,18-APR-2022,
OPTIDX,NIFTY,12-May-2022,17050.0,PE,0.0,0.0,0.0,826.4,323.25,0,0.0,0,0,18-APR-2022,
OPTIDX,NIFTY,12-May-2022,17100.0,PE,271.7,300.0,240.0,242.85,242.85,150,1302.49,4500,3300,18-APR-2022,
OPTIDX,NIFTY,12-May-2022,17150.0,PE,293.0,293.0,273.45,283.25,283.25,2,17.43,100,100,18-APR-2022,
OPTIDX,NIFTY,12-May-2022,17200.0,PE,289.0,356.5,275.1,281.75,281.75,70,613.08,2200,1550,18-APR-2022,
OPTIDX,NIFTY,12-May-2022,17250.0,PE,0.0,0.0,0.0,950.05,419.75,0,0.0,0,0,18-APR-2022,
OPTIDX,NIFTY,12-May-2022,17300.0,PE,358.75,390.0,106.3,331.15,446.35,54,476.07,850,100,18-APR-2022,
OPTIDX,NIFTY,12-May-2022,17350.0,PE,0.0,0.0,0.0,1015.2,473.9,0,0.0,0,0,18-APR-2022,
OPTIDX,NIFTY,12-May-2022,17400.0,PE,398.0,410.0,398.0,398.0,502.4,8,71.21,300,50,18-APR-2022,
OPTIDX,NIFTY,12-May-2022,17450.0,PE,0.0,0.0,0.0,1082.55,531.9,0,0.0,0,0,18-APR-2022,
OPTIDX,NIFTY,12-May-2022,17500.0,PE,429.4,489.25,429.4,479.0,562.3,28,251.47,3250,250,18-APR-2022,
OPTIDX,NIFTY,12-May-2022,17550.0,PE,400.0,400.0,400.0,400.0,593.6,1,8.97,100,0,18-APR-2022,
OPTIDX,NIFTY,12-May-2022,17600.0,PE,0.0,0.0,0.0,356.4,625.8,0,0.0,200,0,18-APR-2022,
OPTIDX,NIFTY,12-May-2022,17650.0,PE,0.0,0.0,0.0,1223.3,658.95,0,0.0,0,0,18-APR-2022,
OPTIDX,NIFTY,12-May-2022,17700.0,PE,574.4,632.95,574.4,632.95,692.9,6,54.91,250,0,18-APR-2022,
OPTIDX,NIFTY,12-May-2022,17750.0,PE,0.0,0.0,0.0,1297.35,727.7,0,0.0,0,0,18-APR-2022,
OPTIDX,NIFTY,12-May-2022,17800.0,PE,835.6,835.6,651.55,659.9,763.35,22,204.04,700,300,18-APR-2022,
OPTIDX,NIFTY,12-May-2022,17850.0,PE,0.0,0.0,0.0,1372.7,799.8,0,0.0,0,0,18-APR-2022,
OPTIDX,NIFTY,12-May-2022,17900.0,PE,928.0,928.0,928.0,928.0,837.75,1,9.41,150,-50,18-APR-2022,
OPTIDX,NIFTY,12-May-2022,17950.0,PE,0.0,0.0,0.0,1449.05,875.1,0,0.0,0,0,18-APR-2022,
OPTIDX,NIFTY,12-May-2022,18000.0,PE,670.15,799.0,670.15,799.0,913.8,2,18.73,200,-50,18-APR-2022,
OPTIDX,NIFTY,12-May-2022,18050.0,PE,0.0,0.0,0.0,1527.65,953.15,0,0.0,0,0,18-APR-2022,
OPTIDX,NIFTY,12-May-2022,18100.0,PE,0.0,0.0,0.0,1567.55,993.15,0,0.0,0,0,18-APR-2022,
OPTIDX,NIFTY,12-May-2022,18150.0,PE,0.0,0.0,0.0,1574.75,1033.8,0,0.0,0,0,18-APR-2022,
OPTIDX,NIFTY,12-May-2022,18200.0,PE,0.0,0.0,0.0,1425.05,1075.05,0,0.0,0,0,18-APR-2022,
OPTIDX,NIFTY,12-May-2022,18250.0,PE,0.0,0.0,0.0,1464.2,1116.9,0,0.0,0,0,18-APR-2022,
OPTIDX,NIFTY,12-May-2022,18300.0,PE,0.0,0.0,0.0,1503.75,1159.3,0,0.0,0,0,18-APR-2022,
OPTIDX,NIFTY,12-May-2022,18350.0,PE,0.0,0.0,0.0,1543.7,1202.2,0,0.0,0,0,18-APR-2022,
OPTIDX,NIFTY,12-May-2022,18400.0,PE,0.0,0.0,0.0,1498.8,1245.6,0,0.0,0,0,18-APR-2022,
OPTIDX,NIFTY,12-May-2022,18450.0,PE,0.0,0.0,0.0,1538.9,1289.5,0,0.0,0,0,18-APR-2022,
OPTIDX,NIFTY,12-May-2022,18500.0,PE,0.0,0.0,0.0,1579.35,1333.8,0,0.0,0,0,18-APR-2022,
OPTIDX,NIFTY,12-May-2022,18550.0,PE,0.0,0.0,0.0,1369.05,1378.55,0,0.0,0,0,18-APR-2022,
OPTIDX,NIFTY,12-May-2022,18600.0,PE,0.0,0.0,0.0,1408.0,1423.7,0,0.0,0,0,18-APR-2022,
OPTIDX,NIFTY,12-May-2022,18650.0,PE,0.0,0.0,0.0,1447.35,1469.2,0,0.0,0,0,18-APR-2022,
OPTIDX,NIFTY,12-May-2022,18700.0,PE,0.0,0.0,0.0,1487.1,1515.05,0,0.0,0,0,18-APR-2022,
OPTIDX,NIFTY,12-May-2022,18750.0,PE,0.0,0.0,0.0,1527.3,1561.2,0,0.0,0,0,18-APR-2022,
OPTIDX,NIFTY,12-May-2022,18800.0,PE,0.0,0.0,0.0,1567.9,1607.7,0,0.0,0,0,18-APR-2022,
OPTIDX,NIFTY,12-May-2022,18850.0,PE,0.0,0.0,0.0,1554.7,1654.5,0,0.0,0,0,18-APR-2022,
OPTIDX,NIFTY,12-May-2022,18900.0,PE,0.0,0.0,0.0,1451.95,1701.5,0,0.0,0,0,18-APR-2022,
OPTIDX,NIFTY,12-May-2022,18950.0,PE,0.0,0.0,0.0,1493.4,1748.8,0,0.0,0,0,18-APR-2022,
OPTIDX,NIFTY,12-May-2022,19000.0,PE,0.0,0.0,0.0,1535.2,1796.3,0,0.0,0,0,18-APR-2022,
OPTIDX,NIFTY,12-May-2022,19050.0,PE,0.0,0.0,0.0,1423.65,1844.0,0,0.0,0,0,18-APR-2022,
OPTIDX,NIFTY,12-May-2022,19100.0,PE,0.0,0.0,0.0,1465.45,1891.95,0,0.0,0,0,18-APR-2022,
OPTIDX,NIFTY,12-May-2022,19150.0,PE,0.0,0.0,0.0,1507.6,1940.0,0,0.0,0,0,18-APR-2022,
OPTIDX,NIFTY,12-May-2022,19200.0,PE,0.0,0.0,0.0,1239.2,1988.3,0,0.0,0,0,18-APR-2022,
OPTIDX,NIFTY,12-May-2022,19250.0,PE,0.0,0.0,0.0,1278.8,2036.7,0,0.0,0,0,18-APR-2022,
OPTIDX,NIFTY,12-May-2022,19300.0,PE,0.0,0.0,0.0,1318.85,2085.25,0,0.0,0,0,18-APR-2022,
OPTIDX,NIFTY,12-May-2022,19350.0,PE,0.0,0.0,0.0,1359.35,2133.9,0,0.0,0,0,18-APR-2022,
OPTIDX,NIFTY,12-May-2022,19400.0,PE,0.0,0.0,0.0,1400.35,2182.7,0,0.0,0,0,18-APR-2022,
OPTIDX,NIFTY,12-May-2022,19450.0,PE,0.0,0.0,0.0,1441.75,2231.6,0,0.0,0,0,18-APR-2022,
OPTIDX,NIFTY,12-May-2022,19500.0,PE,0.0,0.0,0.0,1483.6,2280.6,0,0.0,0,0,18-APR-2022,
OPTIDX,NIFTY,12-May-2022,19550.0,PE,0.0,0.0,0.0,1525.85,2329.7,0,0.0,0,0,18-APR-2022,
OPTIDX,NIFTY,19-May-2022,15600.0,CE,0.0,0.0,0.0,1738.3,1663.15,0,0.0,0,0,18-APR-2022,
OPTIDX,NIFTY,19-May-2022,15650.0,CE,0.0,0.0,0.0,1696.6,1617.15,0,0.0,0,0,18-APR-2022,
OPTIDX,NIFTY,19-May-2022,15700.0,CE,0.0,0.0,0.0,1655.35,1571.5,0,0.0,0,0,18-APR-2022,
OPTIDX,NIFTY,19-May-2022,15750.0,CE,0.0,0.0,0.0,1614.5,1526.25,0,0.0,0,0,18-APR-2022,
OPTIDX,NIFTY,19-May-2022,15800.0,CE,0.0,0.0,0.0,1721.0,1481.4,0,0.0,0,0,18-APR-2022,
OPTIDX,NIFTY,19-May-2022,15850.0,CE,0.0,0.0,0.0,1679.75,1436.95,0,0.0,0,0,18-APR-2022,
OPTIDX,NIFTY,19-May-2022,15900.0,CE,0.0,0.0,0.0,1638.9,1392.95,0,0.0,0,0,18-APR-2022,
OPTIDX,NIFTY,19-May-2022,15950.0,CE,0.0,0.0,0.0,1598.5,1349.4,0,0.0,0,0,18-APR-2022,
OPTIDX,NIFTY,19-May-2022,16000.0,CE,0.0,0.0,0.0,1558.55,1306.35,0,0.0,0,0,18-APR-2022,
OPTIDX,NIFTY,19-May-2022,16050.0,CE,0.0,0.0,0.0,1519.1,1263.85,0,0.0,0,0,18-APR-2022,
OPTIDX,NIFTY,19-May-2022,16100.0,CE,0.0,0.0,0.0,1480.05,1221.85,0,0.0,0,0,18-APR-2022,
OPTIDX,NIFTY,19-May-2022,16150.0,CE,0.0,0.0,0.0,1441.5,1180.45,0,0.0,0,0,18-APR-2022,
OPTIDX,NIFTY,19-May-2022,16200.0,CE,0.0,0.0,0.0,1403.45,1139.6,0,0.0,0,0,18-APR-2022,
OPTIDX,NIFTY,19-May-2022,16250.0,CE,0.0,0.0,0.0,1365.9,1099.4,0,0.0,0,0,18-APR-2022,
OPTIDX,NIFTY,19-May-2022,16300.0,CE,0.0,0.0,0.0,1329.5,1059.85,0,0.0,0,0,18-APR-2022,
OPTIDX,NIFTY,19-May-2022,16350.0,CE,0.0,0.0,0.0,1292.9,1020.95,0,0.0,0,0,18-APR-2022,
OPTIDX,NIFTY,19-May-2022,16400.0,CE,0.0,0.0,0.0,1256.8,982.7,0,0.0,0,0,18-APR-2022,
OPTIDX,NIFTY,19-May-2022,16450.0,CE,0.0,0.0,0.0,1220.6,945.8,0,0.0,0,0,18-APR-2022,
OPTIDX,NIFTY,19-May-2022,16500.0,CE,0.0,0.0,0.0,1185.7,908.9,0,0.0,0,0,18-APR-2022,
OPTIDX,NIFTY,19-May-2022,16550.0,CE,0.0,0.0,0.0,1151.35,872.1,0,0.0,0,0,18-APR-2022,
OPTIDX,NIFTY,19-May-2022,16600.0,CE,0.0,0.0,0.0,1117.6,836.8,0,0.0,0,0,18-APR-2022,
OPTIDX,NIFTY,19-May-2022,16650.0,CE,0.0,0.0,0.0,1084.35,802.25,0,0.0,0,0,18-APR-2022,
OPTIDX,NIFTY,19-May-2022,16700.0,CE,0.0,0.0,0.0,1051.7,768.55,0,0.0,0,0,18-APR-2022,
OPTIDX,NIFTY,19-May-2022,16750.0,CE,0.0,0.0,0.0,1019.65,735.6,0,0.0,0,0,18-APR-2022,
OPTIDX,NIFTY,19-May-2022,16800.0,CE,0.0,0.0,0.0,988.15,703.5,0,0.0,0,0,18-APR-2022,
OPTIDX,NIFTY,19-May-2022,16850.0,CE,0.0,0.0,0.0,957.3,672.25,0,0.0,0,0,18-APR-2022,
OPTIDX,NIFTY,19-May-2022,16900.0,CE,0.0,0.0,0.0,927.0,641.8,0,0.0,0,0,18-APR-2022,
OPTIDX,NIFTY,19-May-2022,16950.0,CE,0.0,0.0,0.0,897.3,612.2,0,0.0,0,0,18-APR-2022,
OPTIDX,NIFTY,19-May-2022,17000.0,CE,749.95,749.95,749.95,749.95,583.5,1,8.87,50,50,18-APR-2022,
OPTIDX,NIFTY,19-May-2022,17050.0,CE,0.0,0.0,0.0,839.7,555.6,0,0.0,0,0,18-APR-2022,
OPTIDX,NIFTY,19-May-2022,17100.0,CE,460.0,460.0,460.0,460.0,528.6,1,8.78,50,50,18-APR-2022,
OPTIDX,NIFTY,19-May-2022,17150.0,CE,0.0,0.0,0.0,784.5,502.45,0,0.0,0,0,18-APR-2022,
OPTIDX,NIFTY,19-May-2022,17200.0,CE,0.0,0.0,0.0,757.8,477.05,0,0.0,0,0,18-APR-2022,
OPTIDX,NIFTY,19-May-2022,17250.0,CE,0.0,0.0,0.0,731.7,452.65,0,0.0,0,0,18-APR-2022,
OPTIDX,NIFTY,19-May-2022,17300.0,CE,361.6,365.0,361.6,365.0,429.05,40,353.26,2050,2000,18-APR-2022,
OPTIDX,NIFTY,19-May-2022,17350.0,CE,0.0,0.0,0.0,681.3,406.35,0,0.0,0,0,18-APR-2022,
OPTIDX,NIFTY,19-May-2022,17400.0,CE,278.2,317.2,278.2,317.2,384.5,4,35.39,100,100,18-APR-2022,
OPTIDX,NIFTY,19-May-2022,17450.0,CE,0.0,0.0,0.0,665.05,363.45,0,0.0,50,0,18-APR-2022,
OPTIDX,NIFTY,19-May-2022,17500.0,CE,293.4,301.0,240.0,265.9,265.9,206,1829.47,6050,4900,18-APR-2022,
OPTIDX,NIFTY,19-May-2022,17550.0,CE,0.0,0.0,0.0,587.8,323.85,0,0.0,0,0,18-APR-2022,
OPTIDX,NIFTY,19-May-2022,17600.0,CE,0.0,0.0,0.0,565.9,305.3,0,0.0,0,0,18-APR-2022,
OPTIDX,NIFTY,19-May-2022,17650.0,CE,0.0,0.0,0.0,544.6,287.5,0,0.0,0,0,18-APR-2022,
OPTIDX,NIFTY,19-May-2022,17700.0,CE,0.0,0.0,0.0,311.9,270.5,0,0.0,150,0,18-APR-2022,
OPTIDX,NIFTY,19-May-2022,17750.0,CE,0.0,0.0,0.0,503.75,254.25,0,0.0,0,0,18-APR-2022,
OPTIDX,NIFTY,19-May-2022,17800.0,CE,198.9,198.9,145.0,146.9,146.9,8,71.84,300,250,18-APR-2022,
OPTIDX,NIFTY,19-May-2022,17850.0,CE,0.0,0.0,0.0,465.15,224.0,0,0.0,0,0,18-APR-2022,
OPTIDX,NIFTY,19-May-2022,17900.0,CE,0.0,0.0,0.0,446.7,209.9,0,0.0,0,0,18-APR-2022,
OPTIDX,NIFTY,19-May-2022,17950.0,CE,16.9,210.0,16.85,180.85,196.55,47,424.19,50,50,18-APR-2022,
OPTIDX,NIFTY,19-May-2022,18000.0,CE,139.75,139.75,98.0,102.3,102.3,103,932.45,4350,2800,18-APR-2022,
OPTIDX,NIFTY,19-May-2022,18050.0,CE,0.0,0.0,0.0,394.6,172.7,0,0.0,0,0,18-APR-2022,
OPTIDX,NIFTY,19-May-2022,18100.0,CE,127.75,127.75,75.3,88.05,88.05,17,154.65,700,350,18-APR-2022,
OPTIDX,NIFTY,19-May-2022,18150.0,CE,0.0,0.0,0.0,362.5,149.85,0,0.0,0,0,18-APR-2022,
OPTIDX,NIFTY,19-May-2022,18200.0,CE,0.0,0.0,0.0,347.2,139.65,0,0.0,0,0,18-APR-2022,
OPTIDX,NIFTY,19-May-2022,18250.0,CE,0.0,0.0,0.0,332.45,130.05,0,0.0,0,0,18-APR-2022,
OPTIDX,NIFTY,19-May-2022,18300.0,CE,80.0,80.0,54.7,67.15,120.95,13,119.38,650,600,18-APR-2022,
OPTIDX,NIFTY,19-May-2022,18350.0,CE,0.0,0.0,0.0,304.4,112.4,0,0.0,0,0,18-APR-2022,
OPTIDX,NIFTY,19-May-2022,18400.0,CE,46.75,52.0,46.75,52.0,104.35,15,138.36,700,700,18-APR-2022,
OPTIDX,NIFTY,19-May-2022,18450.0,CE,0.0,0.0,0.0,278.2,96.75,0,0.0,0,0,18-APR-2022,
OPTIDX,NIFTY,19-May-2022,18500.0,CE,44.35,44.35,32.0,32.8,89.65,35,324.4,2850,950,18-APR-2022,
OPTIDX,NIFTY,19-May-2022,18550.0,CE,0.0,0.0,0.0,254.75,83.0,0,0.0,0,0,18-APR-2022,
OPTIDX,NIFTY,19-May-2022,18600.0,CE,0.0,0.0,0.0,80.0,76.75,0,0.0,50,0,18-APR-2022,
OPTIDX,NIFTY,19-May-2022,18650.0,CE,0.0,0.0,0.0,231.55,70.9,0,0.0,0,0,18-APR-2022,
OPTIDX,NIFTY,19-May-2022,18700.0,CE,0.0,0.0,0.0,47.05,65.4,0,0.0,100,0,18-APR-2022,
OPTIDX,NIFTY,19-May-2022,18750.0,CE,0.0,0.0,0.0,210.65,60.3,0,0.0,0,0,18-APR-2022,
OPTIDX,NIFTY,19-May-2022,18800.0,CE,0.0,0.0,0.0,37.0,55.55,0,0.0,250,0,18-APR-2022,
OPTIDX,NIFTY,19-May-2022,18850.0,CE,0.0,0.0,0.0,156.1,51.15,0,0.0,0,0,18-APR-2022,
OPTIDX,NIFTY,19-May-2022,18900.0,CE,0.0,0.0,0.0,176.95,47.0,0,0.0,0,0,18-APR-2022,
OPTIDX,NIFTY,19-May-2022,18950.0,CE,0.0,0.0,0.0,167.65,43.15,0,0.0,0,0,18-APR-2022,
OPTIDX,NIFTY,19-May-2022,19000.0,CE,26.9,26.9,13.85,15.85,15.85,81,770.26,8300,1600,18-APR-2022,
OPTIDX,NIFTY,19-May-2022,19050.0,CE,0.0,0.0,0.0,164.8,36.3,0,0.0,0,0,18-APR-2022,
OPTIDX,NIFTY,19-May-2022,19100.0,CE,0.0,0.0,0.0,155.75,33.25,0,0.0,0,0,18-APR-2022,
OPTIDX,NIFTY,19-May-2022,19150.0,CE,0.0,0.0,0.0,147.15,30.4,0,0.0,0,0,18-APR-2022,
OPTIDX,NIFTY,19-May-2022,19200.0,CE,0.0,0.0,0.0,217.55,27.8,0,0.0,0,0,18-APR-2022,
OPTIDX,NIFTY,19-May-2022,19250.0,CE,0.0,0.0,0.0,205.6,25.4,0,0.0,0,0,18-APR-2022,
OPTIDX,NIFTY,19-May-2022,19300.0,CE,0.0,0.0,0.0,194.85,23.15,0,0.0,0,0,18-APR-2022,
OPTIDX,NIFTY,19-May-2022,19350.0,CE,0.0,0.0,0.0,184.55,21.1,0,0.0,0,0,18-APR-2022,
OPTIDX,NIFTY,19-May-2022,19400.0,CE,0.0,0.0,0.0,174.7,19.2,0,0.0,0,0,18-APR-2022,
OPTIDX,NIFTY,19-May-2022,19450.0,CE,0.0,0.0,0.0,165.3,17.5,0,0.0,0,0,18-APR-2022,
OPTIDX,NIFTY,19-May-2022,19500.0,CE,0.0,0.0,0.0,156.3,15.9,0,0.0,0,0,18-APR-2022,
OPTIDX,NIFTY,19-May-2022,19550.0,CE,0.0,0.0,0.0,147.7,14.45,0,0.0,0,0,18-APR-2022,
OPTIDX,NIFTY,19-May-2022,15600.0,PE,0.0,0.0,0.0,115.15,33.3,0,0.0,0,0,18-APR-2022,
OPTIDX,NIFTY,19-May-2022,15650.0,PE,0.0,0.0,0.0,123.1,37.1,0,0.0,0,0,18-APR-2022,
OPTIDX,NIFTY,19-May-2022,15700.0,PE,0.0,0.0,0.0,131.5,41.3,0,0.0,0,0,18-APR-2022,
OPTIDX,NIFTY,19-May-2022,15750.0,PE,0.0,0.0,0.0,140.35,45.85,0,0.0,0,0,18-APR-2022,
OPTIDX,NIFTY,19-May-2022,15800.0,PE,115.9,115.9,16.1,16.1,50.8,2,15.86,250,50,18-APR-2022,
OPTIDX,NIFTY,19-May-2022,15850.0,PE,0.0,0.0,0.0,133.65,56.15,0,0.0,0,0,18-APR-2022,
OPTIDX,NIFTY,19-May-2022,15900.0,PE,0.0,0.0,0.0,142.45,62.0,0,0.0,0,0,18-APR-2022,
OPTIDX,NIFTY,19-May-2022,15950.0,PE,0.0,0.0,0.0,151.75,68.3,0,0.0,0,0,18-APR-2022,
OPTIDX,NIFTY,19-May-2022,16000.0,PE,50.0,66.4,50.0,52.3,75.05,11,88.31,700,200,18-APR-2022,
OPTIDX,NIFTY,19-May-2022,16050.0,PE,0.0,0.0,0.0,171.6,82.35,0,0.0,0,0,18-APR-2022,
OPTIDX,NIFTY,19-May-2022,16100.0,PE,0.0,0.0,0.0,182.25,90.2,0,0.0,0,0,18-APR-2022,
OPTIDX,NIFTY,19-May-2022,16150.0,PE,0.0,0.0,0.0,193.35,98.6,0,0.0,0,0,18-APR-2022,
OPTIDX,NIFTY,19-May-2022,16200.0,PE,0.0,0.0,0.0,204.95,107.6,0,0.0,0,0,18-APR-2022,
OPTIDX,NIFTY,19-May-2022,16250.0,PE,0.0,0.0,0.0,217.05,117.2,0,0.0,0,0,18-APR-2022,
OPTIDX,NIFTY,19-May-2022,16300.0,PE,0.0,0.0,0.0,230.3,127.45,0,0.0,0,0,18-APR-2022,
OPTIDX,NIFTY,19-May-2022,16350.0,PE,0.0,0.0,0.0,243.35,138.35,0,0.0,0,0,18-APR-2022,
OPTIDX,NIFTY,19-May-2022,16400.0,PE,0.0,0.0,0.0,256.9,149.95,0,0.0,0,0,18-APR-2022,
OPTIDX,NIFTY,19-May-2022,16450.0,PE,0.0,0.0,0.0,270.4,162.9,0,0.0,0,0,18-APR-2022,
OPTIDX,NIFTY,19-May-2022,16500.0,PE,140.9,144.9,121.45,133.0,175.8,15,124.76,1700,200,18-APR-2022,
OPTIDX,NIFTY,19-May-2022,16550.0,PE,0.0,0.0,0.0,300.45,188.8,0,0.0,0,0,18-APR-2022,
OPTIDX,NIFTY,19-May-2022,16600.0,PE,0.0,0.0,0.0,316.3,203.35,0,0.0,0,0,18-APR-2022,
OPTIDX,NIFTY,19-May-2022,16650.0,PE,0.0,0.0,0.0,332.75,218.65,0,0.0,0,0,18-APR-2022,
OPTIDX,NIFTY,19-May-2022,16700.0,PE,0.0,0.0,0.0,349.75,234.7,0,0.0,0,0,18-APR-2022,
OPTIDX,NIFTY,19-May-2022,16750.0,PE,0.0,0.0,0.0,367.35,251.6,0,0.0,0,0,18-APR-2022,
OPTIDX,NIFTY,19-May-2022,16800.0,PE,0.0,0.0,0.0,385.55,269.35,0,0.0,0,0,18-APR-2022,
OPTIDX,NIFTY,19-May-2022,16850.0,PE,0.0,0.0,0.0,404.3,287.85,0,0.0,0,0,18-APR-2022,
OPTIDX,NIFTY,19-May-2022,16900.0,PE,221.0,222.0,218.0,220.55,220.55,9,77.04,450,450,18-APR-2022,
OPTIDX,NIFTY,19-May-2022,16950.0,PE,0.0,0.0,0.0,443.6,327.5,0,0.0,0,0,18-APR-2022,
OPTIDX,NIFTY,19-May-2022,17000.0,PE,270.0,289.95,244.3,244.8,244.8,37,319.46,3750,300,18-APR-2022,
OPTIDX,NIFTY,19-May-2022,17050.0,PE,0.0,0.0,0.0,485.3,370.5,0,0.0,0,0,18-APR-2022,
OPTIDX,NIFTY,19-May-2022,17100.0,PE,321.0,349.15,277.25,277.95,277.95,9,78.34,250,250,18-APR-2022,
OPTIDX,NIFTY,19-May-2022,17150.0,PE,0.0,0.0,0.0,529.45,417.0,0,0.0,0,0,18-APR-2022,
OPTIDX,NIFTY,19-May-2022,17200.0,PE,0.0,0.0,0.0,552.4,441.45,0,0.0,0,0,18-APR-2022,
OPTIDX,NIFTY,19-May-2022,17250.0,PE,0.0,0.0,0.0,576.0,466.85,0,0.0,0,0,18-APR-2022,
OPTIDX,NIFTY,19-May-2022,17300.0,PE,387.05,414.0,387.05,414.0,493.1,3,26.55,100,0,18-APR-2022,
OPTIDX,NIFTY,19-May-2022,17350.0,PE,0.0,0.0,0.0,624.9,520.2,0,0.0,0,0,18-APR-2022,
OPTIDX,NIFTY,19-May-2022,17400.0,PE,440.0,440.0,440.0,440.0,548.15,3,26.76,50,-100,18-APR-2022,
OPTIDX,NIFTY,19-May-2022,17450.0,PE,0.0,0.0,0.0,676.25,576.95,0,0.0,0,0,18-APR-2022,
OPTIDX,NIFTY,19-May-2022,17500.0,PE,471.3,533.0,471.3,498.1,606.55,8,71.99,650,100,18-APR-2022,
OPTIDX,NIFTY,19-May-2022,17550.0,PE,0.0,0.0,0.0,730.0,637.0,0,0.0,0,0,18-APR-2022,
OPTIDX,NIFTY,19-May-2022,17600.0,PE,0.0,0.0,0.0,757.75,668.2,0,0.0,0,0,18-APR-2022,
OPTIDX,NIFTY,19-May-2022,17650.0,PE,0.0,0.0,0.0,786.1,700.25,0,0.0,0,0,18-APR-2022,
OPTIDX,NIFTY,19-May-2022,17700.0,PE,0.0,0.0,0.0,411.25,733.05,0,0.0,50,0,18-APR-2022,
OPTIDX,NIFTY,19-May-2022,17750.0,PE,0.0,0.0,0.0,844.55,766.65,0,0.0,0,0,18-APR-2022,
OPTIDX,NIFTY,19-May-2022,17800.0,PE,0.0,0.0,0.0,874.65,800.95,0,0.0,0,0,18-APR-2022,
OPTIDX,NIFTY,19-May-2022,17850.0,PE,0.0,0.0,0.0,905.3,836.0,0,0.0,0,0,18-APR-2022,
OPTIDX,NIFTY,19-May-2022,17900.0,PE,0.0,0.0,0.0,438.5,871.75,0,0.0,100,0,18-APR-2022,
OPTIDX,NIFTY,19-May-2022,17950.0,PE,0.0,0.0,0.0,968.2,908.25,0,0.0,0,0,18-APR-2022,
OPTIDX,NIFTY,19-May-2022,18000.0,PE,843.4,843.4,843.4,843.4,946.15,1,9.42,100,0,18-APR-2022,
OPTIDX,NIFTY,19-May-2022,18050.0,PE,0.0,0.0,0.0,1033.35,984.05,0,0.0,0,0,18-APR-2022,
OPTIDX,NIFTY,19-May-2022,18100.0,PE,0.0,0.0,0.0,1066.7,1021.75,0,0.0,0,0,18-APR-2022,
OPTIDX,NIFTY,19-May-2022,18150.0,PE,0.0,0.0,0.0,1100.55,1060.8,0,0.0,0,0,18-APR-2022,
OPTIDX,NIFTY,19-May-2022,18200.0,PE,0.0,0.0,0.0,1134.95,1100.45,0,0.0,0,0,18-APR-2022,
OPTIDX,NIFTY,19-May-2022,18250.0,PE,0.0,0.0,0.0,1169.85,1140.6,0,0.0,0,0,18-APR-2022,
OPTIDX,NIFTY,19-May-2022,18300.0,PE,0.0,0.0,0.0,1205.2,1181.35,0,0.0,0,0,18-APR-2022,
OPTIDX,NIFTY,19-May-2022,18350.0,PE,0.0,0.0,0.0,1241.1,1222.6,0,0.0,0,0,18-APR-2022,
OPTIDX,NIFTY,19-May-2022,18400.0,PE,0.0,0.0,0.0,1277.4,1264.4,0,0.0,0,0,18-APR-2022,
OPTIDX,NIFTY,19-May-2022,18450.0,PE,0.0,0.0,0.0,1314.2,1306.65,0,0.0,0,0,18-APR-2022,
OPTIDX,NIFTY,19-May-2022,18500.0,PE,0.0,0.0,0.0,1352.3,1349.35,0,0.0,0,0,18-APR-2022,
OPTIDX,NIFTY,19-May-2022,18550.0,PE,0.0,0.0,0.0,1390.1,1392.5,0,0.0,0,0,18-APR-2022,
OPTIDX,NIFTY,19-May-2022,18600.0,PE,0.0,0.0,0.0,1428.3,1436.05,0,0.0,0,0,18-APR-2022,
OPTIDX,NIFTY,19-May-2022,18650.0,PE,0.0,0.0,0.0,1466.2,1480.05,0,0.0,0,0,18-APR-2022,
OPTIDX,NIFTY,19-May-2022,18700.0,PE,0.0,0.0,0.0,1505.2,1524.4,0,0.0,0,0,18-APR-2022,
OPTIDX,NIFTY,19-May-2022,18750.0,PE,0.0,0.0,0.0,1544.6,1569.1,0,0.0,0,0,18-APR-2022,
OPTIDX,NIFTY,19-May-2022,18800.0,PE,0.0,0.0,0.0,1584.35,1614.15,0,0.0,0,0,18-APR-2022,
OPTIDX,NIFTY,19-May-2022,18850.0,PE,0.0,0.0,0.0,1570.5,1659.55,0,0.0,0,0,18-APR-2022,
OPTIDX,NIFTY,19-May-2022,18900.0,PE,0.0,0.0,0.0,1470.5,1705.25,0,0.0,0,0,18-APR-2022,
OPTIDX,NIFTY,19-May-2022,18950.0,PE,0.0,0.0,0.0,1510.95,1751.25,0,0.0,0,0,18-APR-2022,
OPTIDX,NIFTY,19-May-2022,19000.0,PE,0.0,0.0,0.0,1551.8,1797.5,0,0.0,0,0,18-APR-2022,
OPTIDX,NIFTY,19-May-2022,19050.0,PE,0.0,0.0,0.0,1442.8,1844.0,0,0.0,0,0,18-APR-2022,
OPTIDX,NIFTY,19-May-2022,19100.0,PE,0.0,0.0,0.0,1483.5,1890.8,0,0.0,0,0,18-APR-2022,
OPTIDX,NIFTY,19-May-2022,19150.0,PE,0.0,0.0,0.0,1524.6,1937.75,0,0.0,0,0,18-APR-2022,
OPTIDX,NIFTY,19-May-2022,19200.0,PE,0.0,0.0,0.0,1265.2,1985.0,0,0.0,0,0,18-APR-2022,
OPTIDX,NIFTY,19-May-2022,19250.0,PE,0.0,0.0,0.0,1303.0,2032.4,0,0.0,0,0,18-APR-2022,
OPTIDX,NIFTY,19-May-2022,19300.0,PE,0.0,0.0,0.0,1342.0,2080.0,0,0.0,0,0,18-APR-2022,
OPTIDX,NIFTY,19-May-2022,19350.0,PE,0.0,0.0,0.0,1381.45,2127.75,0,0.0,0,0,18-APR-2022,
OPTIDX,NIFTY,19-May-2022,19400.0,PE,0.0,0.0,0.0,1421.35,2175.7,0,0.0,0,0,18-APR-2022,
OPTIDX,NIFTY,19-May-2022,19450.0,PE,0.0,0.0,0.0,1461.65,2223.75,0,0.0,0,0,18-APR-2022,
OPTIDX,NIFTY,19-May-2022,19500.0,PE,0.0,0.0,0.0,1502.4,2272.0,0,0.0,0,0,18-APR-2022,
OPTIDX,NIFTY,19-May-2022,19550.0,PE,0.0,0.0,0.0,1543.55,2320.35,0,0.0,0,0,18-APR-2022,
OPTIDX,NIFTY,26-May-2022,14350.0,CE,0.0,0.0,0.0,3277.4,2889.55,0,0.0,0,0,18-APR-2022,
OPTIDX,NIFTY,26-May-2022,14400.0,CE,0.0,0.0,0.0,1736.0,2840.15,0,0.0,0,0,18-APR-2022,
OPTIDX,NIFTY,26-May-2022,14450.0,CE,0.0,0.0,0.0,1695.4,2790.8,0,0.0,0,0,18-APR-2022,
OPTIDX,NIFTY,26-May-2022,14500.0,CE,2717.0,2775.55,2675.4,2747.8,2747.8,142,1223.42,7600,6650,18-APR-2022,
OPTIDX,NIFTY,26-May-2022,14550.0,CE,0.0,0.0,0.0,1615.5,2692.3,0,0.0,0,0,18-APR-2022,
OPTIDX,NIFTY,26-May-2022,14600.0,CE,0.0,0.0,0.0,1576.25,2643.2,0,0.0,0,0,18-APR-2022,
OPTIDX,NIFTY,26-May-2022,14650.0,CE,0.0,0.0,0.0,1537.4,2594.15,0,0.0,0,0,18-APR-2022,
OPTIDX,NIFTY,26-May-2022,14700.0,CE,0.0,0.0,0.0,1499.05,2545.15,0,0.0,0,0,18-APR-2022,
OPTIDX,NIFTY,26-May-2022,14750.0,CE,0.0,0.0,0.0,1799.8,2496.3,0,0.0,0,0,18-APR-2022,
OPTIDX,NIFTY,26-May-2022,14800.0,CE,0.0,0.0,0.0,1759.35,2447.55,0,0.0,0,0,18-APR-2022,
OPTIDX,NIFTY,26-May-2022,14850.0,CE,0.0,0.0,0.0,1719.3,2398.9,0,0.0,0,0,18-APR-2022,
OPTIDX,NIFTY,26-May-2022,14900.0,CE,0.0,0.0,0.0,1679.65,2350.35,0,0.0,0,0,18-APR-2022,
OPTIDX,NIFTY,26-May-2022,14950.0,CE,0.0,0.0,0.0,1640.45,2302.0,0,0.0,0,0,18-APR-2022,
OPTIDX,NIFTY,26-May-2022,15000.0,CE,2300.0,2320.0,2182.2,2267.4,2267.4,81,698.84,18150,2400,18-APR-2022,
OPTIDX,NIFTY,26-May-2022,15050.0,CE,0.0,0.0,0.0,1563.4,2205.7,0,0.0,0,0,18-APR-2022,
OPTIDX,NIFTY,26-May-2022,15100.0,CE,0.0,0.0,0.0,2455.3,2157.8,0,0.0,100,0,18-APR-2022,
OPTIDX,NIFTY,26-May-2022,15150.0,CE,0.0,0.0,0.0,1488.1,2110.1,0,0.0,0,0,18-APR-2022,
OPTIDX,NIFTY,26-May-2022,15200.0,CE,0.0,0.0,0.0,2849.55,2062.6,0,0.0,50,0,18-APR-2022,
OPTIDX,NIFTY,26-May-2022,15250.0,CE,0.0,0.0,0.0,1415.2,2015.35,0,0.0,0,0,18-APR-2022,
OPTIDX,NIFTY,26-May-2022,15300.0,CE,0.0,0.0,0.0,2777.9,1968.3,0,0.0,100,0,18-APR-2022,
OPTIDX,NIFTY,26-May-2022,15350.0,CE,0.0,0.0,0.0,1343.65,1921.5,0,0.0,0,0,18-APR-2022,
OPTIDX,NIFTY,26-May-2022,15400.0,CE,0.0,0.0,0.0,2713.15,1875.0,0,0.0,100,0,18-APR-2022,
OPTIDX,NIFTY,26-May-2022,15450.0,CE,0.0,0.0,0.0,1273.55,1828.75,0,0.0,0,0,18-APR-2022,
OPTIDX,NIFTY,26-May-2022,15500.0,CE,1824.95,1824.95,1739.3,1791.5,1791.5,44,380.17,7650,850,18-APR-2022,
OPTIDX,NIFTY,26-May-2022,15550.0,CE,0.0,0.0,0.0,1206.15,1737.2,0,0.0,0,0,18-APR-2022,
OPTIDX,NIFTY,26-May-2022,15600.0,CE,1650.8,1655.85,1650.8,1655.85,1691.95,2,17.25,550,100,18-APR-2022,
OPTIDX,NIFTY,26-May-2022,15650.0,CE,0.0,0.0,0.0,1140.9,1647.05,0,0.0,0,0,18-APR-2022,
OPTIDX,NIFTY,26-May-2022,15700.0,CE,0.0,0.0,0.0,1930.0,1602.55,0,0.0,450,0,18-APR-2022,
OPTIDX,NIFTY,26-May-2022,15750.0,CE,0.0,0.0,0.0,1077.75,1558.4,0,0.0,0,0,18-APR-2022,
OPTIDX,NIFTY,26-May-2022,15800.0,CE,1547.75,1549.55,1547.75,1549.55,1514.7,4,34.69,750,0,18-APR-2022,
OPTIDX,NIFTY,26-May-2022,15850.0,CE,0.0,0.0,0.0,2304.2,1471.45,0,0.0,300,0,18-APR-2022,
OPTIDX,NIFTY,26-May-2022,15900.0,CE,1468.35,1468.35,1435.05,1435.05,1428.65,4,34.7,200,50,18-APR-2022,
OPTIDX,NIFTY,26-May-2022,15950.0,CE,0.0,0.0,0.0,958.0,1386.3,0,0.0,0,0,18-APR-2022,
OPTIDX,NIFTY,26-May-2022,16000.0,CE,1375.0,1393.0,1261.0,1357.8,1357.8,796,6898.61,41350,8650,18-APR-2022,
OPTIDX,NIFTY,26-May-2022,16050.0,CE,0.0,0.0,0.0,901.4,1303.15,0,0.0,0,0,18-APR-2022,
OPTIDX,NIFTY,26-May-2022,16100.0,CE,1287.2,1287.2,1183.05,1259.8,1259.8,11,95.34,22050,100,18-APR-2022,
OPTIDX,NIFTY,26-May-2022,16150.0,CE,0.0,0.0,0.0,889.45,1222.15,0,0.0,50,0,18-APR-2022,
OPTIDX,NIFTY,26-May-2022,16200.0,CE,1190.0,1201.0,1128.15,1181.25,1181.25,15,130.27,2700,250,18-APR-2022,
OPTIDX,NIFTY,26-May-2022,16250.0,CE,0.0,0.0,0.0,794.9,1143.45,0,0.0,0,0,18-APR-2022,
OPTIDX,NIFTY,26-May-2022,16300.0,CE,1126.0,1128.2,1017.05,1052.8,1052.8,38,330.31,3400,100,18-APR-2022,
OPTIDX,NIFTY,26-May-2022,16350.0,CE,0.0,0.0,0.0,1065.75,1067.2,0,0.0,200,0,18-APR-2022,
OPTIDX,NIFTY,26-May-2022,16400.0,CE,1033.85,1056.0,930.0,1020.75,1020.75,9,78.31,3200,-50,18-APR-2022,
OPTIDX,NIFTY,26-May-2022,16450.0,CE,0.0,0.0,0.0,697.15,994.0,0,0.0,0,0,18-APR-2022,
OPTIDX,NIFTY,26-May-2022,16500.0,CE,972.35,978.3,859.0,936.9,936.9,1611,14021.32,77600,27000,18-APR-2022,
OPTIDX,NIFTY,26-May-2022,16550.0,CE,861.95,861.95,861.95,861.95,922.35,1,8.7,50,50,18-APR-2022,
OPTIDX,NIFTY,26-May-2022,16600.0,CE,850.0,855.05,784.35,830.0,830.0,91,793.15,4650,1750,18-APR-2022,
OPTIDX,NIFTY,26-May-2022,16650.0,CE,669.35,858.85,669.35,757.0,854.2,10,87.03,450,300,18-APR-2022,
OPTIDX,NIFTY,26-May-2022,16700.0,CE,794.4,822.5,709.45,778.3,778.3,164,1432.67,3800,1050,18-APR-2022,
OPTIDX,NIFTY,26-May-2022,16750.0,CE,778.15,778.15,681.0,748.05,748.05,26,227.19,1100,1050,18-APR-2022,
OPTIDX,NIFTY,26-May-2022,16800.0,CE,733.0,750.0,647.0,705.05,705.05,185,1618.17,5850,500,18-APR-2022,
OPTIDX,NIFTY,26-May-2022,16850.0,CE,708.95,708.95,615.0,615.0,726.8,7,61.28,300,100,18-APR-2022,
OPTIDX,NIFTY,26-May-2022,16900.0,CE,668.45,680.35,581.0,631.35,631.35,1177,10320.77,27000,24550,18-APR-2022,
OPTIDX,NIFTY,26-May-2022,16950.0,CE,641.6,641.6,572.0,610.0,610.0,8,70.24,650,200,18-APR-2022,
OPTIDX,NIFTY,26-May-2022,17000.0,CE,610.65,626.6,519.0,570.75,570.75,6038,53040.55,295250,79050,18-APR-2022,
OPTIDX,NIFTY,26-May-2022,17050.0,CE,580.0,580.0,496.0,548.0,548.0,43,377.99,550,-100,18-APR-2022,
OPTIDX,NIFTY,26-May-2022,17100.0,CE,612.05,612.05,463.25,509.35,509.35,2901,25529.27,61800,45250,18-APR-2022,
OPTIDX,NIFTY,26-May-2022,17150.0,CE,525.0,525.0,439.0,485.25,485.25,423,3727.17,12550,12250,18-APR-2022,
OPTIDX,NIFTY,26-May-2022,17200.0,CE,484.05,504.6,408.0,453.95,453.95,5643,49801.11,108700,86450,18-APR-2022,
OPTIDX,NIFTY,26-May-2022,17250.0,CE,415.95,470.7,387.65,427.75,427.75,257,2271.13,6400,5800,18-APR-2022,
OPTIDX,NIFTY,26-May-2022,17300.0,CE,433.4,449.25,360.15,399.6,399.6,3572,31613.53,71700,52550,18-APR-2022,
OPTIDX,NIFTY,26-May-2022,17350.0,CE,367.25,415.95,340.75,371.05,371.05,139,1231.85,2750,2150,18-APR-2022,
OPTIDX,NIFTY,26-May-2022,17400.0,CE,381.45,401.65,315.05,344.25,344.25,3489,30965.0,73050,49100,18-APR-2022,
OPTIDX,NIFTY,26-May-2022,17450.0,CE,364.0,364.0,298.5,317.75,317.75,278,2470.07,6800,5750,18-APR-2022,
OPTIDX,NIFTY,26-May-2022,17500.0,CE,315.6,360.0,272.15,302.6,302.6,21817,194213.95,866500,319950,18-APR-2022,
OPTIDX,NIFTY,26-May-2022,17550.0,CE,297.2,330.0,258.0,282.9,282.9,227,2024.36,7050,3550,18-APR-2022,
OPTIDX,NIFTY,26-May-2022,17600.0,CE,276.65,319.3,236.7,262.0,262.0,3350,29927.7,173000,39400,18-APR-2022,
OPTIDX,NIFTY,26-May-2022,17650.0,CE,253.65,282.7,219.55,235.15,235.15,333,2979.05,8800,3350,18-APR-2022,
OPTIDX,NIFTY,26-May-2022,17700.0,CE,247.85,270.9,202.0,223.45,223.45,2660,23846.84,187400,21600,18-APR-2022,
OPTIDX,NIFTY,26-May-2022,17750.0,CE,240.15,244.45,187.65,201.75,201.75,359,3223.68,7150,2450,18-APR-2022,
OPTIDX,NIFTY,26-May-2022,17800.0,CE,220.05,233.0,172.0,186.9,186.9,3712,33398.57,135250,26900,18-APR-2022,
OPTIDX,NIFTY,26-May-2022,17850.0,CE,206.9,206.95,157.3,168.7,168.7,338,3046.31,4300,2000,18-APR-2022,
OPTIDX,NIFTY,26-May-2022,17900.0,CE,195.0,213.4,142.4,156.15,156.15,3122,28195.18,149500,11650,18-APR-2022,
OPTIDX,NIFTY,26-May-2022,17950.0,CE,172.25,172.3,128.75,141.9,141.9,435,3935.16,3650,1900,18-APR-2022,
OPTIDX,NIFTY,26-May-2022,18000.0,CE,172.05,191.75,118.0,129.15,129.15,21549,195430.6,740700,166950,18-APR-2022,
OPTIDX,NIFTY,26-May-2022,18050.0,CE,162.1,162.95,108.7,116.85,116.85,489,4442.71,6450,1250,18-APR-2022,
OPTIDX,NIFTY,26-May-2022,18100.0,CE,134.0,143.15,97.7,104.85,104.85,3238,29487.76,69650,12000,18-APR-2022,
OPTIDX,NIFTY,26-May-2022,18150.0,CE,130.0,130.0,87.5,94.6,94.6,420,3832.72,5550,2950,18-APR-2022,
OPTIDX,NIFTY,26-May-2022,18200.0,CE,119.8,120.15,80.55,85.9,85.9,4493,41096.87,96800,21650,18-APR-2022,
OPTIDX,NIFTY,26-May-2022,18250.0,CE,101.15,108.4,71.6,77.2,77.2,357,3272.84,8300,4250,18-APR-2022,
OPTIDX,NIFTY,26-May-2022,18300.0,CE,88.45,100.35,66.05,69.85,69.85,3370,30967.5,89050,8150,18-APR-2022,
OPTIDX,NIFTY,26-May-2022,18350.0,CE,199.05,199.05,59.9,63.1,63.1,359,3306.37,5950,4400,18-APR-2022,
OPTIDX,NIFTY,26-May-2022,18400.0,CE,70.95,89.8,53.4,57.4,57.4,4780,44121.73,104950,59700,18-APR-2022,
OPTIDX,NIFTY,26-May-2022,18450.0,CE,163.95,163.95,48.7,52.4,52.4,424,3923.93,4000,100,18-APR-2022,
OPTIDX,NIFTY,26-May-2022,18500.0,CE,74.0,74.0,45.0,48.6,48.6,17329,160763.48,726200,104000,18-APR-2022,
OPTIDX,NIFTY,26-May-2022,18550.0,CE,66.4,66.4,41.0,43.95,43.95,243,2259.47,12350,-200,18-APR-2022,
OPTIDX,NIFTY,26-May-2022,18600.0,CE,60.1,60.1,36.9,39.95,39.95,2605,24284.99,50250,4200,18-APR-2022,
OPTIDX,NIFTY,26-May-2022,18650.0,CE,47.1,53.75,33.45,35.4,35.4,99,925.23,2500,-1100,18-APR-2022,
OPTIDX,NIFTY,26-May-2022,18700.0,CE,42.0,49.4,30.3,33.1,33.1,3147,29484.97,69050,-17350,18-APR-2022,
OPTIDX,NIFTY,26-May-2022,18750.0,CE,41.95,47.75,27.6,30.05,30.05,553,5193.73,3950,-11150,18-APR-2022,
OPTIDX,NIFTY,26-May-2022,18800.0,CE,39.05,42.0,25.1,28.35,28.35,2632,24783.23,79350,-20200,18-APR-2022,
OPTIDX,NIFTY,26-May-2022,18850.0,CE,44.0,44.0,23.5,25.7,25.7,268,2529.73,5400,2250,18-APR-2022,
OPTIDX,NIFTY,26-May-2022,18900.0,CE,34.0,35.0,21.3,23.8,23.8,1709,16172.78,53600,17250,18-APR-2022,
OPTIDX,NIFTY,26-May-2022,18950.0,CE,17.6,32.0,17.6,21.05,21.05,682,6469.32,5700,-12200,18-APR-2022,
OPTIDX,NIFTY,26-May-2022,19000.0,CE,29.9,29.9,17.1,20.4,20.4,13277,126281.75,402850,-114300,18-APR-2022,
OPTIDX,NIFTY,26-May-2022,19050.0,CE,23.25,23.3,16.15,18.55,56.65,55,524.43,2100,1350,18-APR-2022,
OPTIDX,NIFTY,26-May-2022,19100.0,CE,19.05,25.1,15.2,18.1,18.1,677,6472.08,17100,-2850,18-APR-2022,
OPTIDX,NIFTY,26-May-2022,19150.0,CE,26.8,26.8,13.15,15.35,15.35,27,258.77,2450,400,18-APR-2022,
OPTIDX,NIFTY,26-May-2022,19200.0,CE,23.0,23.0,12.45,14.65,14.65,1074,10319.0,30550,-10850,18-APR-2022,
OPTIDX,NIFTY,26-May-2022,19250.0,CE,12.35,24.95,11.4,12.3,12.3,93,895.77,3850,50,18-APR-2022,
OPTIDX,NIFTY,26-May-2022,19300.0,CE,18.2,20.0,10.55,12.2,12.2,304,2935.73,7700,-1900,18-APR-2022,
OPTIDX,NIFTY,26-May-2022,19350.0,CE,4.0,33.95,4.0,10.15,35.7,11,106.49,550,-50,18-APR-2022,
OPTIDX,NIFTY,26-May-2022,19400.0,CE,8.6,16.5,8.6,10.5,10.5,139,1349.12,9650,-2550,18-APR-2022,
OPTIDX,NIFTY,26-May-2022,19450.0,CE,18.0,24.0,8.2,8.45,30.45,94,914.66,1200,-1750,18-APR-2022,
OPTIDX,NIFTY,26-May-2022,19500.0,CE,10.0,13.25,7.4,10.05,10.05,3090,30142.7,151700,-14100,18-APR-2022,
OPTIDX,NIFTY,26-May-2022,19550.0,CE,14.0,14.65,6.65,9.95,9.95,79,772.59,4750,1450,18-APR-2022,
OPTIDX,NIFTY,26-May-2022,14350.0,PE,12.45,13.75,10.5,11.25,11.25,35,251.34,5200,500,18-APR-2022,
OPTIDX,NIFTY,26-May-2022,14400.0,PE,12.75,15.0,10.65,11.45,11.45,76,547.66,4000,1200,18-APR-2022,
OPTIDX,NIFTY,26-May-2022,14450.0,PE,0.0,0.0,0.0,149.2,3.35,0,0.0,0,0,18-APR-2022,
OPTIDX,NIFTY,26-May-2022,14500.0,PE,12.0,16.5,11.0,11.95,11.95,1406,10202.92,479200,10900,18-APR-2022,
OPTIDX,NIFTY,26-May-2022,14550.0,PE,0.0,0.0,0.0,168.4,4.45,0,0.0,0,0,18-APR-2022,
OPTIDX,NIFTY,26-May-2022,14600.0,PE,17.0,17.0,14.1,17.0,5.1,29,211.93,750,-900,18-APR-2022,
OPTIDX,NIFTY,26-May-2022,14650.0,PE,0.0,0.0,0.0,189.4,5.8,0,0.0,0,0,18-APR-2022,
OPTIDX,NIFTY,26-May-2022,14700.0,PE,0.0,0.0,0.0,16.55,6.6,0,0.0,50,0,18-APR-2022,
OPTIDX,NIFTY,26-May-2022,14750.0,PE,0.0,0.0,0.0,147.45,7.5,0,0.0,0,0,18-APR-2022,
OPTIDX,NIFTY,26-May-2022,14800.0,PE,15.85,23.05,15.5,17.1,17.1,45,333.4,9450,500,18-APR-2022,
OPTIDX,NIFTY,26-May-2022,14850.0,PE,0.0,0.0,0.0,165.95,9.65,0,0.0,0,0,18-APR-2022,
OPTIDX,NIFTY,26-May-2022,14900.0,PE,18.05,22.5,18.05,20.05,20.05,13,96.98,1100,100,18-APR-2022,
OPTIDX,NIFTY,26-May-2022,14950.0,PE,19.85,19.85,19.85,19.85,12.35,1,7.48,100,0,18-APR-2022,
OPTIDX,NIFTY,26-May-2022,15000.0,PE,17.65,27.65,17.65,19.6,19.6,4544,34130.31,432550,70100,18-APR-2022,
OPTIDX,NIFTY,26-May-2022,15050.0,PE,0.0,0.0,0.0,207.9,15.6,0,0.0,0,0,18-APR-2022,
OPTIDX,NIFTY,26-May-2022,15100.0,PE,29.0,32.0,29.0,29.35,17.5,3,22.69,850,50,18-APR-2022,
OPTIDX,NIFTY,26-May-2022,15150.0,PE,0.0,0.0,0.0,231.6,19.55,0,0.0,0,0,18-APR-2022,
OPTIDX,NIFTY,26-May-2022,15200.0,PE,29.7,31.0,21.95,29.95,29.95,28,213.2,1900,250,18-APR-2022,
OPTIDX,NIFTY,26-May-2022,15250.0,PE,0.0,0.0,0.0,257.65,24.35,0,0.0,0,0,18-APR-2022,
OPTIDX,NIFTY,26-May-2022,15300.0,PE,29.95,40.9,25.0,30.0,27.1,47,360.28,1750,100,18-APR-2022,
OPTIDX,NIFTY,26-May-2022,15350.0,PE,0.0,0.0,0.0,57.0,30.1,0,0.0,0,0,18-APR-2022,
OPTIDX,NIFTY,26-May-2022,15400.0,PE,58.95,58.95,34.0,34.8,34.8,41,316.5,2500,900,18-APR-2022,
OPTIDX,NIFTY,26-May-2022,15450.0,PE,0.0,0.0,0.0,313.9,36.9,0,0.0,0,0,18-APR-2022,
OPTIDX,NIFTY,26-May-2022,15500.0,PE,40.8,50.2,36.05,38.8,38.8,7080,55016.71,506750,118600,18-APR-2022,
OPTIDX,NIFTY,26-May-2022,15550.0,PE,0.0,0.0,0.0,345.45,44.9,0,0.0,0,0,18-APR-2022,
OPTIDX,NIFTY,26-May-2022,15600.0,PE,39.3,56.5,39.3,45.1,45.1,1241,9709.33,42400,21450,18-APR-2022,
OPTIDX,NIFTY,26-May-2022,15650.0,PE,0.0,0.0,0.0,379.15,54.3,0,0.0,0,0,18-APR-2022,
OPTIDX,NIFTY,26-May-2022,15700.0,PE,50.0,63.95,48.6,50.45,50.45,1082,8523.38,34600,16400,18-APR-2022,
OPTIDX,NIFTY,26-May-2022,15750.0,PE,0.0,0.0,0.0,414.95,65.2,0,0.0,0,0,18-APR-2022,
OPTIDX,NIFTY,26-May-2022,15800.0,PE,55.55,77.95,54.2,58.45,58.45,1939,15377.85,69850,30800,18-APR-2022,
OPTIDX,NIFTY,26-May-2022,15850.0,PE,65.0,67.15,63.2,65.2,65.2,14,111.4,350,50,18-APR-2022,
OPTIDX,NIFTY,26-May-2022,15900.0,PE,66.2,84.95,63.65,67.5,67.5,1478,11803.45,85000,23400,18-APR-2022,
OPTIDX,NIFTY,26-May-2022,15950.0,PE,49.0,89.6,49.0,74.25,74.25,32,256.4,2500,450,18-APR-2022,
OPTIDX,NIFTY,26-May-2022,16000.0,PE,69.1,99.0,69.1,79.95,79.95,15273,122835.08,1305650,181300,18-APR-2022,
OPTIDX,NIFTY,26-May-2022,16050.0,PE,52.1,102.65,52.1,87.1,108.65,21,169.45,1100,-100,18-APR-2022,
OPTIDX,NIFTY,26-May-2022,16100.0,PE,90.3,110.95,84.5,90.05,90.05,1778,14398.28,143800,17150,18-APR-2022,
OPTIDX,NIFTY,26-May-2022,16150.0,PE,100.0,103.7,99.7,102.5,127.2,6,48.75,300,-50,18-APR-2022,
OPTIDX,NIFTY,26-May-2022,16200.0,PE,71.2,126.65,71.2,101.75,101.75,4190,34165.32,265150,64900,18-APR-2022,
OPTIDX,NIFTY,26-May-2022,16250.0,PE,198.1,198.1,110.0,110.85,110.85,25,204.63,1000,150,18-APR-2022,
OPTIDX,NIFTY,26-May-2022,16300.0,PE,119.45,144.45,111.65,117.4,117.4,2622,21531.54,145450,-3800,18-APR-2022,
OPTIDX,NIFTY,26-May-2022,16350.0,PE,134.45,152.55,122.8,130.3,130.3,20,164.84,1000,100,18-APR-2022,
OPTIDX,NIFTY,26-May-2022,16400.0,PE,137.5,165.6,129.45,136.6,136.6,2296,18992.08,286000,23700,18-APR-2022,
OPTIDX,NIFTY,26-May-2022,16450.0,PE,153.85,176.2,133.75,145.35,145.35,44,365.35,800,300,18-APR-2022,
OPTIDX,NIFTY,26-May-2022,16500.0,PE,151.7,192.3,150.0,155.55,155.55,14241,118668.47,1064200,70650,18-APR-2022,
OPTIDX,NIFTY,26-May-2022,16550.0,PE,186.5,200.95,159.75,167.3,167.3,571,4775.92,4950,3150,18-APR-2022,
OPTIDX,NIFTY,26-May-2022,16600.0,PE,135.05,214.0,135.05,175.3,175.3,2495,20942.22,66850,11450,18-APR-2022,
OPTIDX,NIFTY,26-May-2022,16650.0,PE,207.6,226.45,181.75,191.3,191.3,346,2915.2,2800,600,18-APR-2022,
OPTIDX,NIFTY,26-May-2022,16700.0,PE,199.0,244.45,195.15,201.45,201.45,3054,25823.49,176500,2500,18-APR-2022,
OPTIDX,NIFTY,26-May-2022,16750.0,PE,227.95,257.35,207.15,217.05,217.05,247,2096.72,4100,2100,18-APR-2022,
OPTIDX,NIFTY,26-May-2022,16800.0,PE,199.0,275.0,199.0,228.7,228.7,3395,28928.56,93850,30450,18-APR-2022,
OPTIDX,NIFTY,26-May-2022,16850.0,PE,252.75,289.7,234.4,244.9,244.9,243,2078.47,3450,1650,18-APR-2022,
OPTIDX,NIFTY,26-May-2022,16900.0,PE,224.0,309.85,224.0,260.5,260.5,2299,19740.95,57450,30400,18-APR-2022,
OPTIDX,NIFTY,26-May-2022,16950.0,PE,295.0,325.05,269.95,270.0,270.0,83,715.49,3200,1400,18-APR-2022,
OPTIDX,NIFTY,26-May-2022,17000.0,PE,325.0,351.0,262.5,294.8,294.8,16143,139736.31,714000,138450,18-APR-2022,
OPTIDX,NIFTY,26-May-2022,17050.0,PE,355.9,364.0,296.6,306.35,306.35,181,1573.42,4500,2350,18-APR-2022,
OPTIDX,NIFTY,26-May-2022,17100.0,PE,335.25,395.45,320.0,334.4,334.4,8697,75885.39,286300,51800,18-APR-2022,
OPTIDX,NIFTY,26-May-2022,17150.0,PE,327.15,412.3,327.15,345.65,345.65,486,4257.22,13050,8800,18-APR-2022,
OPTIDX,NIFTY,26-May-2022,17200.0,PE,352.05,439.1,352.05,370.55,370.55,9288,81682.7,164750,-18650,18-APR-2022,
OPTIDX,NIFTY,26-May-2022,17250.0,PE,409.1,459.75,384.25,385.95,385.95,100,882.95,4450,550,18-APR-2022,
OPTIDX,NIFTY,26-May-2022,17300.0,PE,415.65,483.75,403.5,411.0,411.0,3400,30145.83,80700,-6250,18-APR-2022,
OPTIDX,NIFTY,26-May-2022,17350.0,PE,444.05,478.45,426.35,430.05,430.05,117,1041.66,5000,500,18-APR-2022,
OPTIDX,NIFTY,26-May-2022,17400.0,PE,472.35,541.9,451.0,464.5,464.5,2996,26786.06,286750,35100,18-APR-2022,
OPTIDX,NIFTY,26-May-2022,17450.0,PE,503.05,561.0,477.5,477.95,477.95,82,736.43,3100,100,18-APR-2022,
OPTIDX,NIFTY,26-May-2022,17500.0,PE,461.35,600.0,461.35,514.35,514.35,9587,86477.92,994500,-73500,18-APR-2022,
OPTIDX,NIFTY,26-May-2022,17550.0,PE,598.35,623.95,532.25,623.95,676.4,45,407.51,11200,-550,18-APR-2022,
OPTIDX,NIFTY,26-May-2022,17600.0,PE,554.45,660.4,554.45,571.65,571.65,1379,12547.34,115850,-9450,18-APR-2022,
OPTIDX,NIFTY,26-May-2022,17650.0,PE,640.5,687.0,595.0,606.35,606.35,78,712.66,4450,700,18-APR-2022,
OPTIDX,NIFTY,26-May-2022,17700.0,PE,610.3,718.0,594.5,630.25,630.25,714,6553.45,119350,-6800,18-APR-2022,
OPTIDX,NIFTY,26-May-2022,17750.0,PE,662.0,752.0,662.0,683.0,802.85,28,258.37,2400,250,18-APR-2022,
OPTIDX,NIFTY,26-May-2022,17800.0,PE,686.0,791.1,599.95,710.4,710.4,520,4815.62,58850,-5550,18-APR-2022,
OPTIDX,NIFTY,26-May-2022,17850.0,PE,744.0,775.0,714.1,731.6,731.6,9,83.69,1700,-50,18-APR-2022,
OPTIDX,NIFTY,26-May-2022,17900.0,PE,755.1,860.0,749.2,767.05,767.05,360,3364.75,43700,-2200,18-APR-2022,
OPTIDX,NIFTY,26-May-2022,17950.0,PE,0.0,0.0,0.0,505.4,940.35,0,0.0,1450,0,18-APR-2022,
OPTIDX,NIFTY,26-May-2022,18000.0,PE,834.95,938.0,816.15,830.9,830.9,3143,29650.45,226350,8400,18-APR-2022,
OPTIDX,NIFTY,26-May-2022,18050.0,PE,0.0,0.0,0.0,653.75,1012.95,0,0.0,1200,0,18-APR-2022,
OPTIDX,NIFTY,26-May-2022,18100.0,PE,925.5,1000.2,887.15,895.3,895.3,398,3785.27,24700,-12550,18-APR-2022,
OPTIDX,NIFTY,26-May-2022,18150.0,PE,0.0,0.0,0.0,761.1,1088.8,0,0.0,1100,0,18-APR-2022,
OPTIDX,NIFTY,26-May-2022,18200.0,PE,982.7,1092.0,982.7,1000.0,1126.5,87,836.33,14800,-950,18-APR-2022,
OPTIDX,NIFTY,26-May-2022,18250.0,PE,1070.75,1207.0,1070.75,1207.0,1165.45,3,29.11,350,0,18-APR-2022,
OPTIDX,NIFTY,26-May-2022,18300.0,PE,1099.15,1156.3,1068.9,1078.8,1204.9,70,678.79,13400,-1950,18-APR-2022,
OPTIDX,NIFTY,26-May-2022,18350.0,PE,0.0,0.0,0.0,773.95,1244.85,0,0.0,750,0,18-APR-2022,
OPTIDX,NIFTY,26-May-2022,18400.0,PE,1181.2,1261.2,1157.25,1167.65,1285.3,18,176.28,10700,-50,18-APR-2022,
OPTIDX,NIFTY,26-May-2022,18450.0,PE,1169.95,1169.95,1169.95,1169.95,1326.25,1,9.8,100,-50,18-APR-2022,
OPTIDX,NIFTY,26-May-2022,18500.0,PE,1255.55,1355.4,1230.0,1244.2,1244.2,715,7069.77,63150,-1300,18-APR-2022,
OPTIDX,NIFTY,26-May-2022,18550.0,PE,0.0,0.0,0.0,1409.75,1409.5,0,0.0,0,0,18-APR-2022,
OPTIDX,NIFTY,26-May-2022,18600.0,PE,1300.0,1450.0,1300.0,1450.0,1451.8,23,229.48,4650,-50,18-APR-2022,
OPTIDX,NIFTY,26-May-2022,18650.0,PE,0.0,0.0,0.0,770.85,1494.45,0,0.0,100,0,18-APR-2022,
OPTIDX,NIFTY,26-May-2022,18700.0,PE,1425.6,1503.0,1421.25,1482.55,1537.55,8,80.61,3150,-100,18-APR-2022,
OPTIDX,NIFTY,26-May-2022,18750.0,PE,1454.45,1454.45,1454.4,1454.4,1581.0,3,30.3,300,0,18-APR-2022,
OPTIDX,NIFTY,26-May-2022,18800.0,PE,1531.5,1628.35,1530.4,1578.0,1624.85,24,244.56,2350,-550,18-APR-2022,
OPTIDX,NIFTY,26-May-2022,18850.0,PE,0.0,0.0,0.0,1586.5,1669.0,0,0.0,0,0,18-APR-2022,
OPTIDX,NIFTY,26-May-2022,18900.0,PE,1625.4,1625.4,1612.0,1612.0,1713.55,4,41.03,450,0,18-APR-2022,
OPTIDX,NIFTY,26-May-2022,18950.0,PE,0.0,0.0,0.0,1528.5,1758.35,0,0.0,0,0,18-APR-2022,
OPTIDX,NIFTY,26-May-2022,19000.0,PE,1704.0,1824.6,1690.0,1709.9,1709.9,493,5123.63,43800,4750,18-APR-2022,
OPTIDX,NIFTY,26-May-2022,19050.0,PE,0.0,0.0,0.0,1461.85,1848.9,0,0.0,0,0,18-APR-2022,
OPTIDX,NIFTY,26-May-2022,19100.0,PE,1791.9,1811.1,1791.9,1811.1,1894.55,4,41.8,100,0,18-APR-2022,
OPTIDX,NIFTY,26-May-2022,19150.0,PE,0.0,0.0,0.0,1541.85,1940.5,0,0.0,0,0,18-APR-2022,
OPTIDX,NIFTY,26-May-2022,19200.0,PE,1980.0,1980.0,1980.0,1980.0,1986.7,1,10.59,150,50,18-APR-2022,
OPTIDX,NIFTY,26-May-2022,19250.0,PE,0.0,0.0,0.0,1327.15,2033.15,0,0.0,0,0,18-APR-2022,
OPTIDX,NIFTY,26-May-2022,19300.0,PE,1994.75,2028.65,1994.75,2028.65,2028.65,5,53.26,150,50,18-APR-2022,
OPTIDX,NIFTY,26-May-2022,19350.0,PE,0.0,0.0,0.0,1403.15,2126.6,0,0.0,0,0,18-APR-2022,
OPTIDX,NIFTY,26-May-2022,19400.0,PE,2137.5,2137.5,2137.5,2137.5,2137.5,1,10.76,300,50,18-APR-2022,
OPTIDX,NIFTY,26-May-2022,19450.0,PE,0.0,0.0,0.0,1481.5,2220.9,0,0.0,0,0,18-APR-2022,
OPTIDX,NIFTY,26-May-2022,19500.0,PE,2168.3,2294.2,2168.3,2205.7,2205.7,212,2300.92,13950,8450,18-APR-2022,
OPTIDX,NIFTY,26-May-2022,19550.0,PE,0.0,0.0,0.0,1561.55,2315.9,0,0.0,0,0,18-APR-2022,
OPTIDX,NIFTY,02-Jun-2022,15650.0,CE,0.0,0.0,0.0,1760.4,1677.7,0,0.0,0,0,18-APR-2022,
OPTIDX,NIFTY,02-Jun-2022,15700.0,CE,0.0,0.0,0.0,1793.3,1634.15,0,0.0,0,0,18-APR-2022,
OPTIDX,NIFTY,02-Jun-2022,15750.0,CE,0.0,0.0,0.0,1752.65,1591.0,0,0.0,0,0,18-APR-2022,
OPTIDX,NIFTY,02-Jun-2022,15800.0,CE,0.0,0.0,0.0,1712.35,1548.25,0,0.0,0,0,18-APR-2022,
OPTIDX,NIFTY,02-Jun-2022,15850.0,CE,0.0,0.0,0.0,1672.5,1506.0,0,0.0,0,0,18-APR-2022,
OPTIDX,NIFTY,02-Jun-2022,15900.0,CE,0.0,0.0,0.0,1633.1,1464.2,0,0.0,0,0,18-APR-2022,
OPTIDX,NIFTY,02-Jun-2022,15950.0,CE,0.0,0.0,0.0,1594.1,1422.85,0,0.0,0,0,18-APR-2022,
OPTIDX,NIFTY,02-Jun-2022,16000.0,CE,0.0,0.0,0.0,1900.0,1382.05,0,0.0,0,0,18-APR-2022,
OPTIDX,NIFTY,02-Jun-2022,16050.0,CE,0.0,0.0,0.0,2000.0,1341.7,0,0.0,0,0,18-APR-2022,
OPTIDX,NIFTY,02-Jun-2022,16100.0,CE,0.0,0.0,0.0,1479.85,1301.9,0,0.0,0,0,18-APR-2022,
OPTIDX,NIFTY,02-Jun-2022,16150.0,CE,0.0,0.0,0.0,1443.35,1262.65,0,0.0,0,0,18-APR-2022,
OPTIDX,NIFTY,02-Jun-2022,16200.0,CE,0.0,0.0,0.0,1406.6,1223.95,0,0.0,0,0,18-APR-2022,
OPTIDX,NIFTY,02-Jun-2022,16250.0,CE,0.0,0.0,0.0,1370.35,1185.8,0,0.0,0,0,18-APR-2022,
OPTIDX,NIFTY,02-Jun-2022,16300.0,CE,0.0,0.0,0.0,1334.6,1148.25,0,0.0,0,0,18-APR-2022,
OPTIDX,NIFTY,02-Jun-2022,16350.0,CE,0.0,0.0,0.0,1298.75,1111.9,0,0.0,0,0,18-APR-2022,
OPTIDX,NIFTY,02-Jun-2022,16400.0,CE,0.0,0.0,0.0,1264.1,1075.5,0,0.0,0,0,18-APR-2022,
OPTIDX,NIFTY,02-Jun-2022,16450.0,CE,0.0,0.0,0.0,1229.95,1039.05,0,0.0,0,0,18-APR-2022,
OPTIDX,NIFTY,02-Jun-2022,16500.0,CE,0.0,0.0,0.0,1196.35,1004.0,0,0.0,0,0,18-APR-2022,
OPTIDX,NIFTY,02-Jun-2022,16550.0,CE,0.0,0.0,0.0,1719.95,969.6,0,0.0,50,0,18-APR-2022,
OPTIDX,NIFTY,02-Jun-2022,16600.0,CE,0.0,0.0,0.0,1130.7,935.85,0,0.0,0,0,18-APR-2022,
OPTIDX,NIFTY,02-Jun-2022,16650.0,CE,0.0,0.0,0.0,1098.7,902.75,0,0.0,0,0,18-APR-2022,
OPTIDX,NIFTY,02-Jun-2022,16700.0,CE,0.0,0.0,0.0,1067.25,870.35,0,0.0,0,0,18-APR-2022,
OPTIDX,NIFTY,02-Jun-2022,16750.0,CE,0.0,0.0,0.0,1036.35,838.65,0,0.0,0,0,18-APR-2022,
OPTIDX,NIFTY,02-Jun-2022,16800.0,CE,0.0,0.0,0.0,1006.0,807.65,0,0.0,0,0,18-APR-2022,
OPTIDX,NIFTY,02-Jun-2022,16850.0,CE,0.0,0.0,0.0,976.2,777.35,0,0.0,0,0,18-APR-2022,
OPTIDX,NIFTY,02-Jun-2022,16900.0,CE,0.0,0.0,0.0,946.95,747.7,0,0.0,0,0,18-APR-2022,
OPTIDX,NIFTY,02-Jun-2022,16950.0,CE,0.0,0.0,0.0,918.25,718.8,0,0.0,0,0,18-APR-2022,
OPTIDX,NIFTY,02-Jun-2022,17000.0,CE,0.0,0.0,0.0,890.15,690.6,0,0.0,0,0,18-APR-2022,
OPTIDX,NIFTY,02-Jun-2022,17050.0,CE,0.0,0.0,0.0,862.55,663.15,0,0.0,0,0,18-APR-2022,
OPTIDX,NIFTY,02-Jun-2022,17100.0,CE,0.0,0.0,0.0,835.55,636.35,0,0.0,0,0,18-APR-2022,
OPTIDX,NIFTY,02-Jun-2022,17150.0,CE,0.0,0.0,0.0,809.1,610.3,0,0.0,0,0,18-APR-2022,
OPTIDX,NIFTY,02-Jun-2022,17200.0,CE,0.0,0.0,0.0,783.25,585.0,0,0.0,0,0,18-APR-2022,
OPTIDX,NIFTY,02-Jun-2022,17250.0,CE,0.0,0.0,0.0,757.9,560.3,0,0.0,0,0,18-APR-2022,
OPTIDX,NIFTY,02-Jun-2022,17300.0,CE,0.0,0.0,0.0,733.1,536.4,0,0.0,0,0,18-APR-2022,
OPTIDX,NIFTY,02-Jun-2022,17350.0,CE,0.0,0.0,0.0,708.9,513.2,0,0.0,0,0,18-APR-2022,
OPTIDX,NIFTY,02-Jun-2022,17400.0,CE,0.0,0.0,0.0,685.25,490.7,0,0.0,0,0,18-APR-2022,
OPTIDX,NIFTY,02-Jun-2022,17450.0,CE,0.0,0.0,0.0,662.15,468.9,0,0.0,0,0,18-APR-2022,
OPTIDX,NIFTY,02-Jun-2022,17500.0,CE,321.45,321.45,321.45,321.45,447.8,2,17.82,100,100,18-APR-2022,
OPTIDX,NIFTY,02-Jun-2022,17550.0,CE,0.0,0.0,0.0,617.65,427.35,0,0.0,0,0,18-APR-2022,
OPTIDX,NIFTY,02-Jun-2022,17600.0,CE,0.0,0.0,0.0,596.2,407.6,0,0.0,0,0,18-APR-2022,
OPTIDX,NIFTY,02-Jun-2022,17650.0,CE,0.0,0.0,0.0,575.3,388.55,0,0.0,0,0,18-APR-2022,
OPTIDX,NIFTY,02-Jun-2022,17700.0,CE,255.75,255.75,255.75,255.75,370.15,1,8.97,50,50,18-APR-2022,
OPTIDX,NIFTY,02-Jun-2022,17750.0,CE,0.0,0.0,0.0,535.05,352.4,0,0.0,0,0,18-APR-2022,
OPTIDX,NIFTY,02-Jun-2022,17800.0,CE,0.0,0.0,0.0,515.75,335.25,0,0.0,0,0,18-APR-2022,
OPTIDX,NIFTY,02-Jun-2022,17850.0,CE,0.0,0.0,0.0,496.95,318.8,0,0.0,0,0,18-APR-2022,
OPTIDX,NIFTY,02-Jun-2022,17900.0,CE,0.0,0.0,0.0,478.7,302.95,0,0.0,0,0,18-APR-2022,
OPTIDX,NIFTY,02-Jun-2022,17950.0,CE,0.0,0.0,0.0,460.9,287.7,0,0.0,0,0,18-APR-2022,
OPTIDX,NIFTY,02-Jun-2022,18000.0,CE,220.0,220.0,185.0,185.0,273.0,6,54.59,250,200,18-APR-2022,
OPTIDX,NIFTY,02-Jun-2022,18050.0,CE,0.0,0.0,0.0,426.85,258.95,0,0.0,0,0,18-APR-2022,
OPTIDX,NIFTY,02-Jun-2022,18100.0,CE,0.0,0.0,0.0,410.55,245.45,0,0.0,0,0,18-APR-2022,
OPTIDX,NIFTY,02-Jun-2022,18150.0,CE,0.0,0.0,0.0,394.75,232.5,0,0.0,0,0,18-APR-2022,
OPTIDX,NIFTY,02-Jun-2022,18200.0,CE,0.0,0.0,0.0,379.4,220.95,0,0.0,0,0,18-APR-2022,
OPTIDX,NIFTY,02-Jun-2022,18250.0,CE,0.0,0.0,0.0,364.55,209.15,0,0.0,0,0,18-APR-2022,
OPTIDX,NIFTY,02-Jun-2022,18300.0,CE,0.0,0.0,0.0,350.15,197.15,0,0.0,0,0,18-APR-2022,
OPTIDX,NIFTY,02-Jun-2022,18350.0,CE,0.0,0.0,0.0,336.2,186.3,0,0.0,0,0,18-APR-2022,
OPTIDX,NIFTY,02-Jun-2022,18400.0,CE,0.0,0.0,0.0,322.65,175.95,0,0.0,0,0,18-APR-2022,
OPTIDX,NIFTY,02-Jun-2022,18450.0,CE,0.0,0.0,0.0,309.55,166.1,0,0.0,0,0,18-APR-2022,
OPTIDX,NIFTY,02-Jun-2022,18500.0,CE,0.0,0.0,0.0,297.7,156.65,0,0.0,0,0,18-APR-2022,
OPTIDX,NIFTY,02-Jun-2022,18550.0,CE,0.0,0.0,0.0,285.5,147.65,0,0.0,0,0,18-APR-2022,
OPTIDX,NIFTY,02-Jun-2022,18600.0,CE,0.0,0.0,0.0,273.75,139.1,0,0.0,0,0,18-APR-2022,
OPTIDX,NIFTY,02-Jun-2022,18650.0,CE,0.0,0.0,0.0,262.4,130.95,0,0.0,0,0,18-APR-2022,
OPTIDX,NIFTY,02-Jun-2022,18700.0,CE,0.0,0.0,0.0,366.6,123.25,0,0.0,100,0,18-APR-2022,
OPTIDX,NIFTY,02-Jun-2022,18750.0,CE,0.0,0.0,0.0,238.95,115.85,0,0.0,0,0,18-APR-2022,
OPTIDX,NIFTY,02-Jun-2022,18800.0,CE,0.0,0.0,0.0,183.75,108.9,0,0.0,50,0,18-APR-2022,
OPTIDX,NIFTY,02-Jun-2022,18850.0,CE,0.0,0.0,0.0,218.15,102.25,0,0.0,0,0,18-APR-2022,
OPTIDX,NIFTY,02-Jun-2022,18900.0,CE,0.0,0.0,0.0,243.55,95.95,0,0.0,0,0,18-APR-2022,
OPTIDX,NIFTY,02-Jun-2022,18950.0,CE,0.0,0.0,0.0,232.75,90.0,0,0.0,0,0,18-APR-2022,
OPTIDX,NIFTY,02-Jun-2022,19000.0,CE,0.0,0.0,0.0,222.4,84.4,0,0.0,0,0,18-APR-2022,
OPTIDX,NIFTY,02-Jun-2022,19050.0,CE,0.0,0.0,0.0,233.35,79.05,0,0.0,0,0,18-APR-2022,
OPTIDX,NIFTY,02-Jun-2022,19100.0,CE,0.0,0.0,0.0,222.7,74.0,0,0.0,0,0,18-APR-2022,
OPTIDX,NIFTY,02-Jun-2022,19150.0,CE,0.0,0.0,0.0,212.4,69.25,0,0.0,0,0,18-APR-2022,
OPTIDX,NIFTY,02-Jun-2022,19200.0,CE,0.0,0.0,0.0,294.95,64.75,0,0.0,0,0,18-APR-2022,
OPTIDX,NIFTY,02-Jun-2022,19250.0,CE,0.0,0.0,0.0,282.95,60.5,0,0.0,0,0,18-APR-2022,
OPTIDX,NIFTY,02-Jun-2022,19300.0,CE,0.0,0.0,0.0,270.7,56.5,0,0.0,0,0,18-APR-2022,
OPTIDX,NIFTY,02-Jun-2022,19350.0,CE,0.0,0.0,0.0,258.85,52.75,0,0.0,0,0,18-APR-2022,
OPTIDX,NIFTY,02-Jun-2022,19400.0,CE,0.0,0.0,0.0,247.45,49.2,0,0.0,0,0,18-APR-2022,
OPTIDX,NIFTY,02-Jun-2022,19450.0,CE,0.0,0.0,0.0,235.7,45.85,0,0.0,0,0,18-APR-2022,
OPTIDX,NIFTY,02-Jun-2022,19500.0,CE,0.0,0.0,0.0,225.0,42.7,0,0.0,0,0,18-APR-2022,
OPTIDX,NIFTY,02-Jun-2022,19550.0,CE,0.0,0.0,0.0,214.7,39.8,0,0.0,50,0,18-APR-2022,
OPTIDX,NIFTY,02-Jun-2022,15650.0,PE,159.9,159.9,10.5,149.3,72.25,4,31.53,150,0,18-APR-2022,
OPTIDX,NIFTY,02-Jun-2022,15700.0,PE,0.0,0.0,0.0,129.25,78.45,0,0.0,100,0,18-APR-2022,
OPTIDX,NIFTY,02-Jun-2022,15750.0,PE,65.3,65.3,30.0,30.0,30.0,2,15.79,200,50,18-APR-2022,
OPTIDX,NIFTY,02-Jun-2022,15800.0,PE,0.0,0.0,0.0,162.85,92.05,0,0.0,0,0,18-APR-2022,
OPTIDX,NIFTY,02-Jun-2022,15850.0,PE,0.0,0.0,0.0,100.0,99.5,0,0.0,50,0,18-APR-2022,
OPTIDX,NIFTY,02-Jun-2022,15900.0,PE,0.0,0.0,0.0,182.8,107.45,0,0.0,0,0,18-APR-2022,
OPTIDX,NIFTY,02-Jun-2022,15950.0,PE,0.0,0.0,0.0,193.4,115.85,0,0.0,0,0,18-APR-2022,
OPTIDX,NIFTY,02-Jun-2022,16000.0,PE,0.0,0.0,0.0,81.1,124.75,0,0.0,200,0,18-APR-2022,
OPTIDX,NIFTY,02-Jun-2022,16050.0,PE,0.0,0.0,0.0,215.95,134.15,0,0.0,0,0,18-APR-2022,
OPTIDX,NIFTY,02-Jun-2022,16100.0,PE,0.0,0.0,0.0,227.95,144.1,0,0.0,0,0,18-APR-2022,
OPTIDX,NIFTY,02-Jun-2022,16150.0,PE,0.0,0.0,0.0,241.05,154.6,0,0.0,0,0,18-APR-2022,
OPTIDX,NIFTY,02-Jun-2022,16200.0,PE,0.0,0.0,0.0,253.9,165.6,0,0.0,0,0,18-APR-2022,
OPTIDX,NIFTY,02-Jun-2022,16250.0,PE,0.0,0.0,0.0,267.25,177.25,0,0.0,0,0,18-APR-2022,
OPTIDX,NIFTY,02-Jun-2022,16300.0,PE,0.0,0.0,0.0,281.1,189.4,0,0.0,0,0,18-APR-2022,
OPTIDX,NIFTY,02-Jun-2022,16350.0,PE,0.0,0.0,0.0,294.8,202.8,0,0.0,0,0,18-APR-2022,
OPTIDX,NIFTY,02-Jun-2022,16400.0,PE,0.0,0.0,0.0,309.75,216.1,0,0.0,0,0,18-APR-2022,
OPTIDX,NIFTY,02-Jun-2022,16450.0,PE,0.0,0.0,0.0,325.25,229.45,0,0.0,0,0,18-APR-2022,
OPTIDX,NIFTY,02-Jun-2022,16500.0,PE,0.0,0.0,0.0,158.25,244.1,0,0.0,150,0,18-APR-2022,
OPTIDX,NIFTY,02-Jun-2022,16550.0,PE,0.0,0.0,0.0,357.75,259.45,0,0.0,0,0,18-APR-2022,
OPTIDX,NIFTY,02-Jun-2022,16600.0,PE,0.0,0.0,0.0,374.8,275.45,0,0.0,0,0,18-APR-2022,
OPTIDX,NIFTY,02-Jun-2022,16650.0,PE,0.0,0.0,0.0,392.4,292.1,0,0.0,0,0,18-APR-2022,
OPTIDX,NIFTY,02-Jun-2022,16700.0,PE,0.0,0.0,0.0,410.55,309.45,0,0.0,0,0,18-APR-2022,
OPTIDX,NIFTY,02-Jun-2022,16750.0,PE,0.0,0.0,0.0,429.25,327.5,0,0.0,0,0,18-APR-2022,
OPTIDX,NIFTY,02-Jun-2022,16800.0,PE,0.0,0.0,0.0,470.9,346.2,0,0.0,50,0,18-APR-2022,
OPTIDX,NIFTY,02-Jun-2022,16850.0,PE,0.0,0.0,0.0,468.25,365.6,0,0.0,0,0,18-APR-2022,
OPTIDX,NIFTY,02-Jun-2022,16900.0,PE,0.0,0.0,0.0,488.6,385.75,0,0.0,0,0,18-APR-2022,
OPTIDX,NIFTY,02-Jun-2022,16950.0,PE,0.0,0.0,0.0,509.55,406.6,0,0.0,0,0,18-APR-2022,
OPTIDX,NIFTY,02-Jun-2022,17000.0,PE,0.0,0.0,0.0,199.75,428.1,0,0.0,100,0,18-APR-2022,
OPTIDX,NIFTY,02-Jun-2022,17050.0,PE,0.0,0.0,0.0,553.05,450.4,0,0.0,0,0,18-APR-2022,
OPTIDX,NIFTY,02-Jun-2022,17100.0,PE,0.0,0.0,0.0,575.65,473.35,0,0.0,0,0,18-APR-2022,
OPTIDX,NIFTY,02-Jun-2022,17150.0,PE,0.0,0.0,0.0,598.8,497.05,0,0.0,0,0,18-APR-2022,
OPTIDX,NIFTY,02-Jun-2022,17200.0,PE,0.0,0.0,0.0,622.5,521.45,0,0.0,0,0,18-APR-2022,
OPTIDX,NIFTY,02-Jun-2022,17250.0,PE,0.0,0.0,0.0,646.8,546.5,0,0.0,0,0,18-APR-2022,
OPTIDX,NIFTY,02-Jun-2022,17300.0,PE,0.0,0.0,0.0,671.55,572.35,0,0.0,0,0,18-APR-2022,
OPTIDX,NIFTY,02-Jun-2022,17350.0,PE,0.0,0.0,0.0,696.95,598.85,0,0.0,0,0,18-APR-2022,
OPTIDX,NIFTY,02-Jun-2022,17400.0,PE,0.0,0.0,0.0,342.9,626.1,0,0.0,100,0,18-APR-2022,
OPTIDX,NIFTY,02-Jun-2022,17450.0,PE,0.0,0.0,0.0,749.4,654.05,0,0.0,0,0,18-APR-2022,
OPTIDX,NIFTY,02-Jun-2022,17500.0,PE,0.0,0.0,0.0,386.7,682.65,0,0.0,250,0,18-APR-2022,
OPTIDX,NIFTY,02-Jun-2022,17550.0,PE,0.0,0.0,0.0,804.1,712.0,0,0.0,0,0,18-APR-2022,
OPTIDX,NIFTY,02-Jun-2022,17600.0,PE,0.0,0.0,0.0,832.25,742.0,0,0.0,0,0,18-APR-2022,
OPTIDX,NIFTY,02-Jun-2022,17650.0,PE,0.0,0.0,0.0,860.95,772.65,0,0.0,0,0,18-APR-2022,
OPTIDX,NIFTY,02-Jun-2022,17700.0,PE,0.0,0.0,0.0,428.9,804.0,0,0.0,0,0,18-APR-2022,
OPTIDX,NIFTY,02-Jun-2022,17750.0,PE,0.0,0.0,0.0,919.9,835.95,0,0.0,0,0,18-APR-2022,
OPTIDX,NIFTY,02-Jun-2022,17800.0,PE,0.0,0.0,0.0,950.2,868.6,0,0.0,0,0,18-APR-2022,
OPTIDX,NIFTY,02-Jun-2022,17850.0,PE,0.0,0.0,0.0,981.0,901.85,0,0.0,0,0,18-APR-2022,
OPTIDX,NIFTY,02-Jun-2022,17900.0,PE,0.0,0.0,0.0,1012.3,935.75,0,0.0,0,0,18-APR-2022,
OPTIDX,NIFTY,02-Jun-2022,17950.0,PE,0.0,0.0,0.0,1044.15,970.2,0,0.0,0,0,18-APR-2022,
OPTIDX,NIFTY,02-Jun-2022,18000.0,PE,832.0,832.0,832.0,832.0,1005.3,1,9.41,100,0,18-APR-2022,
OPTIDX,NIFTY,02-Jun-2022,18050.0,PE,0.0,0.0,0.0,1109.3,1040.95,0,0.0,0,0,18-APR-2022,
OPTIDX,NIFTY,02-Jun-2022,18100.0,PE,0.0,0.0,0.0,1142.6,1077.2,0,0.0,0,0,18-APR-2022,
OPTIDX,NIFTY,02-Jun-2022,18150.0,PE,0.0,0.0,0.0,1176.4,1114.0,0,0.0,0,0,18-APR-2022,
OPTIDX,NIFTY,02-Jun-2022,18200.0,PE,0.0,0.0,0.0,1210.65,1152.15,0,0.0,0,0,18-APR-2022,
OPTIDX,NIFTY,02-Jun-2022,18250.0,PE,0.0,0.0,0.0,1245.4,1190.15,0,0.0,0,0,18-APR-2022,
OPTIDX,NIFTY,02-Jun-2022,18300.0,PE,0.0,0.0,0.0,1280.6,1227.85,0,0.0,0,0,18-APR-2022,
OPTIDX,NIFTY,02-Jun-2022,18350.0,PE,0.0,0.0,0.0,1316.2,1266.75,0,0.0,0,0,18-APR-2022,
OPTIDX,NIFTY,02-Jun-2022,18400.0,PE,0.0,0.0,0.0,1352.3,1306.15,0,0.0,0,0,18-APR-2022,
OPTIDX,NIFTY,02-Jun-2022,18450.0,PE,0.0,0.0,0.0,1388.8,1346.0,0,0.0,0,0,18-APR-2022,
OPTIDX,NIFTY,02-Jun-2022,18500.0,PE,1173.05,1173.05,1173.05,1173.05,1386.3,1,9.83,100,50,18-APR-2022,
OPTIDX,NIFTY,02-Jun-2022,18550.0,PE,0.0,0.0,0.0,1463.95,1427.05,0,0.0,0,0,18-APR-2022,
OPTIDX,NIFTY,02-Jun-2022,18600.0,PE,0.0,0.0,0.0,1501.8,1468.25,0,0.0,0,0,18-APR-2022,
OPTIDX,NIFTY,02-Jun-2022,18650.0,PE,0.0,0.0,0.0,1540.05,1509.85,0,0.0,0,0,18-APR-2022,
OPTIDX,NIFTY,02-Jun-2022,18700.0,PE,0.0,0.0,0.0,1577.95,1551.85,0,0.0,0,0,18-APR-2022,
OPTIDX,NIFTY,02-Jun-2022,18750.0,PE,0.0,0.0,0.0,1523.95,1594.25,0,0.0,0,0,18-APR-2022,
OPTIDX,NIFTY,02-Jun-2022,18800.0,PE,0.0,0.0,0.0,1562.95,1637.0,0,0.0,0,0,18-APR-2022,
OPTIDX,NIFTY,02-Jun-2022,18850.0,PE,0.0,0.0,0.0,1602.35,1680.1,0,0.0,0,0,18-APR-2022,
OPTIDX,NIFTY,02-Jun-2022,18900.0,PE,0.0,0.0,0.0,1506.95,1723.55,0,0.0,0,0,18-APR-2022,
OPTIDX,NIFTY,02-Jun-2022,18950.0,PE,0.0,0.0,0.0,1545.8,1767.35,0,0.0,0,0,18-APR-2022,
OPTIDX,NIFTY,02-Jun-2022,19000.0,PE,0.0,0.0,0.0,1585.05,1811.45,0,0.0,0,0,18-APR-2022,
OPTIDX,NIFTY,02-Jun-2022,19050.0,PE,0.0,0.0,0.0,1480.6,1855.85,0,0.0,0,0,18-APR-2022,
OPTIDX,NIFTY,02-Jun-2022,19100.0,PE,0.0,0.0,0.0,1519.55,1900.55,0,0.0,0,0,18-APR-2022,
OPTIDX,NIFTY,02-Jun-2022,19150.0,PE,0.0,0.0,0.0,1558.95,1945.5,0,0.0,0,0,18-APR-2022,
OPTIDX,NIFTY,02-Jun-2022,19200.0,PE,0.0,0.0,0.0,1311.95,1990.75,0,0.0,0,0,18-APR-2022,
OPTIDX,NIFTY,02-Jun-2022,19250.0,PE,0.0,0.0,0.0,1349.6,2036.25,0,0.0,0,0,18-APR-2022,
OPTIDX,NIFTY,02-Jun-2022,19300.0,PE,0.0,0.0,0.0,1387.0,2082.0,0,0.0,0,0,18-APR-2022,
OPTIDX,NIFTY,02-Jun-2022,19350.0,PE,0.0,0.0,0.0,1424.85,2127.95,0,0.0,0,0,18-APR-2022,
OPTIDX,NIFTY,02-Jun-2022,19400.0,PE,0.0,0.0,0.0,1463.1,2174.15,0,0.0,0,0,18-APR-2022,
OPTIDX,NIFTY,02-Jun-2022,19450.0,PE,0.0,0.0,0.0,1501.0,2220.55,0,0.0,0,0,18-APR-2022,
OPTIDX,NIFTY,02-Jun-2022,19500.0,PE,0.0,0.0,0.0,1540.0,2267.15,0,0.0,0,0,18-APR-2022,
OPTIDX,NIFTY,02-Jun-2022,19550.0,PE,0.0,0.0,0.0,1579.4,2313.95,0,0.0,0,0,18-APR-2022,
OPTIDX,NIFTY,09-Jun-2022,16000.0,CE,0.0,0.0,0.0,1679.4,1418.85,0,0.0,0,0,18-APR-2022,
OPTIDX,NIFTY,09-Jun-2022,16050.0,CE,0.0,0.0,0.0,1708.25,1379.35,0,0.0,0,0,18-APR-2022,
OPTIDX,NIFTY,09-Jun-2022,16100.0,CE,0.0,0.0,0.0,1666.8,1340.4,0,0.0,0,0,18-APR-2022,
OPTIDX,NIFTY,09-Jun-2022,16150.0,CE,0.0,0.0,0.0,1743.2,1301.9,0,0.0,0,0,18-APR-2022,
OPTIDX,NIFTY,09-Jun-2022,16200.0,CE,0.0,0.0,0.0,1702.3,1264.0,0,0.0,0,0,18-APR-2022,
OPTIDX,NIFTY,09-Jun-2022,16250.0,CE,0.0,0.0,0.0,1661.85,1227.3,0,0.0,0,0,18-APR-2022,
OPTIDX,NIFTY,09-Jun-2022,16300.0,CE,0.0,0.0,0.0,1621.8,1190.4,0,0.0,0,0,18-APR-2022,
OPTIDX,NIFTY,09-Jun-2022,16350.0,CE,0.0,0.0,0.0,1582.25,1154.1,0,0.0,0,0,18-APR-2022,
OPTIDX,NIFTY,09-Jun-2022,16400.0,CE,0.0,0.0,0.0,1543.1,1117.7,0,0.0,0,0,18-APR-2022,
OPTIDX,NIFTY,09-Jun-2022,16450.0,CE,0.0,0.0,0.0,1504.4,1082.65,0,0.0,0,0,18-APR-2022,
OPTIDX,NIFTY,09-Jun-2022,16500.0,CE,0.0,0.0,0.0,1466.2,1048.2,0,0.0,0,0,18-APR-2022,
OPTIDX,NIFTY,09-Jun-2022,16550.0,CE,0.0,0.0,0.0,1428.45,1014.4,0,0.0,0,0,18-APR-2022,
OPTIDX,NIFTY,09-Jun-2022,16600.0,CE,0.0,0.0,0.0,1391.85,981.2,0,0.0,0,0,18-APR-2022,
OPTIDX,NIFTY,09-Jun-2022,16650.0,CE,0.0,0.0,0.0,1355.05,948.6,0,0.0,0,0,18-APR-2022,
OPTIDX,NIFTY,09-Jun-2022,16700.0,CE,0.0,0.0,0.0,850.0,916.7,0,0.0,50,0,18-APR-2022,
OPTIDX,NIFTY,09-Jun-2022,16750.0,CE,0.0,0.0,0.0,1282.2,885.4,0,0.0,0,0,18-APR-2022,
OPTIDX,NIFTY,09-Jun-2022,16800.0,CE,0.0,0.0,0.0,1247.05,854.75,0,0.0,0,0,18-APR-2022,
OPTIDX,NIFTY,09-Jun-2022,16850.0,CE,0.0,0.0,0.0,1212.35,824.75,0,0.0,0,0,18-APR-2022,
OPTIDX,NIFTY,09-Jun-2022,16900.0,CE,0.0,0.0,0.0,1178.25,795.4,0,0.0,0,0,18-APR-2022,
OPTIDX,NIFTY,09-Jun-2022,16950.0,CE,0.0,0.0,0.0,1144.7,766.75,0,0.0,0,0,18-APR-2022,
OPTIDX,NIFTY,09-Jun-2022,17000.0,CE,0.0,0.0,0.0,1111.65,738.75,0,0.0,0,0,18-APR-2022,
OPTIDX,NIFTY,09-Jun-2022,17050.0,CE,0.0,0.0,0.0,1079.2,711.4,0,0.0,0,0,18-APR-2022,
OPTIDX,NIFTY,09-Jun-2022,17100.0,CE,0.0,0.0,0.0,1047.3,684.7,0,0.0,0,0,18-APR-2022,
OPTIDX,NIFTY,09-Jun-2022,17150.0,CE,0.0,0.0,0.0,1015.95,658.7,0,0.0,0,0,18-APR-2022,
OPTIDX,NIFTY,09-Jun-2022,17200.0,CE,0.0,0.0,0.0,985.2,633.35,0,0.0,0,0,18-APR-2022,
OPTIDX,NIFTY,09-Jun-2022,17250.0,CE,0.0,0.0,0.0,955.0,608.6,0,0.0,0,0,18-APR-2022,
OPTIDX,NIFTY,09-Jun-2022,17300.0,CE,0.0,0.0,0.0,925.35,584.55,0,0.0,0,0,18-APR-2022,
OPTIDX,NIFTY,09-Jun-2022,17350.0,CE,0.0,0.0,0.0,896.35,561.2,0,0.0,0,0,18-APR-2022,
OPTIDX,NIFTY,09-Jun-2022,17400.0,CE,0.0,0.0,0.0,867.85,538.5,0,0.0,0,0,18-APR-2022,
OPTIDX,NIFTY,09-Jun-2022,17450.0,CE,0.0,0.0,0.0,840.0,516.4,0,0.0,0,0,18-APR-2022,
OPTIDX,NIFTY,09-Jun-2022,17500.0,CE,0.0,0.0,0.0,812.7,495.0,0,0.0,0,0,18-APR-2022,
OPTIDX,NIFTY,09-Jun-2022,17550.0,CE,0.0,0.0,0.0,786.0,474.2,0,0.0,0,0,18-APR-2022,
OPTIDX,NIFTY,09-Jun-2022,17600.0,CE,0.0,0.0,0.0,667.7,454.05,0,0.0,100,0,18-APR-2022,
OPTIDX,NIFTY,09-Jun-2022,17650.0,CE,0.0,0.0,0.0,734.35,434.55,0,0.0,0,0,18-APR-2022,
OPTIDX,NIFTY,09-Jun-2022,17700.0,CE,0.0,0.0,0.0,781.5,415.65,0,0.0,100,0,18-APR-2022,
OPTIDX,NIFTY,09-Jun-2022,17750.0,CE,0.0,0.0,0.0,684.95,397.4,0,0.0,0,0,18-APR-2022,
OPTIDX,NIFTY,09-Jun-2022,17800.0,CE,0.0,0.0,0.0,661.2,379.7,0,0.0,0,0,18-APR-2022,
OPTIDX,NIFTY,09-Jun-2022,17850.0,CE,0.0,0.0,0.0,637.95,362.6,0,0.0,0,0,18-APR-2022,
OPTIDX,NIFTY,09-Jun-2022,17900.0,CE,0.0,0.0,0.0,615.35,346.1,0,0.0,0,0,18-APR-2022,
OPTIDX,NIFTY,09-Jun-2022,17950.0,CE,0.0,0.0,0.0,593.25,330.2,0,0.0,0,0,18-APR-2022,
OPTIDX,NIFTY,09-Jun-2022,18000.0,CE,243.35,255.55,243.35,255.55,314.85,7,63.88,350,350,18-APR-2022,
OPTIDX,NIFTY,09-Jun-2022,18050.0,CE,0.0,0.0,0.0,550.85,300.05,0,0.0,0,0,18-APR-2022,
OPTIDX,NIFTY,09-Jun-2022,18100.0,CE,0.0,0.0,0.0,530.45,285.8,0,0.0,0,0,18-APR-2022,
OPTIDX,NIFTY,09-Jun-2022,18150.0,CE,510.6,510.6,510.6,510.6,272.05,1,9.33,50,50,18-APR-2022,
OPTIDX,NIFTY,09-Jun-2022,18200.0,CE,0.0,0.0,0.0,491.35,258.85,0,0.0,0,0,18-APR-2022,
OPTIDX,NIFTY,09-Jun-2022,18250.0,CE,0.0,0.0,0.0,472.6,246.95,0,0.0,0,0,18-APR-2022,
OPTIDX,NIFTY,09-Jun-2022,18300.0,CE,0.0,0.0,0.0,454.4,234.85,0,0.0,0,0,18-APR-2022,
OPTIDX,NIFTY,09-Jun-2022,18350.0,CE,0.0,0.0,0.0,436.75,223.2,0,0.0,0,0,18-APR-2022,
OPTIDX,NIFTY,09-Jun-2022,18400.0,CE,0.0,0.0,0.0,419.6,211.3,0,0.0,0,0,18-APR-2022,
OPTIDX,NIFTY,09-Jun-2022,18450.0,CE,0.0,0.0,0.0,402.95,200.55,0,0.0,0,0,18-APR-2022,
OPTIDX,NIFTY,09-Jun-2022,18500.0,CE,0.0,0.0,0.0,386.8,190.25,0,0.0,0,0,18-APR-2022,
OPTIDX,NIFTY,09-Jun-2022,18550.0,CE,0.0,0.0,0.0,371.2,180.35,0,0.0,0,0,18-APR-2022,
OPTIDX,NIFTY,09-Jun-2022,18600.0,CE,0.0,0.0,0.0,356.05,170.9,0,0.0,0,0,18-APR-2022,
OPTIDX,NIFTY,09-Jun-2022,18650.0,CE,0.0,0.0,0.0,341.4,161.85,0,0.0,0,0,18-APR-2022,
OPTIDX,NIFTY,09-Jun-2022,18700.0,CE,0.0,0.0,0.0,327.2,153.2,0,0.0,0,0,18-APR-2022,
OPTIDX,NIFTY,09-Jun-2022,18750.0,CE,0.0,0.0,0.0,313.5,144.95,0,0.0,0,0,18-APR-2022,
OPTIDX,NIFTY,09-Jun-2022,18800.0,CE,0.0,0.0,0.0,300.2,137.05,0,0.0,0,0,18-APR-2022,
OPTIDX,NIFTY,09-Jun-2022,18850.0,CE,0.0,0.0,0.0,287.4,129.55,0,0.0,0,0,18-APR-2022,
OPTIDX,NIFTY,09-Jun-2022,18900.0,CE,0.0,0.0,0.0,275.85,122.35,0,0.0,0,0,18-APR-2022,
OPTIDX,NIFTY,09-Jun-2022,18950.0,CE,0.0,0.0,0.0,264.0,115.55,0,0.0,0,0,18-APR-2022,
OPTIDX,NIFTY,09-Jun-2022,19000.0,CE,0.0,0.0,0.0,252.55,109.0,0,0.0,0,0,18-APR-2022,
OPTIDX,NIFTY,09-Jun-2022,19050.0,CE,0.0,0.0,0.0,240.75,102.8,0,0.0,0,0,18-APR-2022,
OPTIDX,NIFTY,09-Jun-2022,19100.0,CE,0.0,0.0,0.0,230.05,96.9,0,0.0,0,0,18-APR-2022,
OPTIDX,NIFTY,09-Jun-2022,19150.0,CE,0.0,0.0,0.0,139.3,91.3,0,0.0,50,0,18-APR-2022,
OPTIDX,NIFTY,09-Jun-2022,19200.0,CE,0.0,0.0,0.0,229.35,86.0,0,0.0,0,0,18-APR-2022,
OPTIDX,NIFTY,09-Jun-2022,19250.0,CE,0.0,0.0,0.0,218.9,80.9,0,0.0,0,0,18-APR-2022,
OPTIDX,NIFTY,09-Jun-2022,19300.0,CE,0.0,0.0,0.0,208.85,76.1,0,0.0,0,0,18-APR-2022,
OPTIDX,NIFTY,09-Jun-2022,16000.0,PE,0.0,0.0,0.0,105.35,148.65,0,0.0,0,0,18-APR-2022,
OPTIDX,NIFTY,09-Jun-2022,16050.0,PE,0.0,0.0,0.0,120.15,158.85,0,0.0,0,0,18-APR-2022,
OPTIDX,NIFTY,09-Jun-2022,16100.0,PE,0.0,0.0,0.0,128.4,169.55,0,0.0,0,0,18-APR-2022,
OPTIDX,NIFTY,09-Jun-2022,16150.0,PE,0.0,0.0,0.0,136.7,180.8,0,0.0,0,0,18-APR-2022,
OPTIDX,NIFTY,09-Jun-2022,16200.0,PE,0.0,0.0,0.0,145.45,192.55,0,0.0,0,0,18-APR-2022,
OPTIDX,NIFTY,09-Jun-2022,16250.0,PE,0.0,0.0,0.0,154.65,205.55,0,0.0,0,0,18-APR-2022,
OPTIDX,NIFTY,09-Jun-2022,16300.0,PE,0.0,0.0,0.0,164.25,218.35,0,0.0,0,0,18-APR-2022,
OPTIDX,NIFTY,09-Jun-2022,16350.0,PE,0.0,0.0,0.0,174.3,231.75,0,0.0,0,0,18-APR-2022,
OPTIDX,NIFTY,09-Jun-2022,16400.0,PE,0.0,0.0,0.0,184.8,245.05,0,0.0,0,0,18-APR-2022,
OPTIDX,NIFTY,09-Jun-2022,16450.0,PE,0.0,0.0,0.0,195.75,259.7,0,0.0,0,0,18-APR-2022,
OPTIDX,NIFTY,09-Jun-2022,16500.0,PE,0.0,0.0,0.0,207.15,274.95,0,0.0,0,0,18-APR-2022,
OPTIDX,NIFTY,09-Jun-2022,16550.0,PE,0.0,0.0,0.0,219.05,290.85,0,0.0,0,0,18-APR-2022,
OPTIDX,NIFTY,09-Jun-2022,16600.0,PE,0.0,0.0,0.0,232.15,307.35,0,0.0,0,0,18-APR-2022,
OPTIDX,NIFTY,09-Jun-2022,16650.0,PE,0.0,0.0,0.0,244.95,324.45,0,0.0,0,0,18-APR-2022,
OPTIDX,NIFTY,09-Jun-2022,16700.0,PE,0.0,0.0,0.0,258.25,342.2,0,0.0,0,0,18-APR-2022,
OPTIDX,NIFTY,09-Jun-2022,16750.0,PE,0.0,0.0,0.0,271.4,360.65,0,0.0,0,0,18-APR-2022,
OPTIDX,NIFTY,09-Jun-2022,16800.0,PE,0.0,0.0,0.0,285.85,379.7,0,0.0,0,0,18-APR-2022,
OPTIDX,NIFTY,09-Jun-2022,16850.0,PE,0.0,0.0,0.0,300.85,399.4,0,0.0,0,0,18-APR-2022,
OPTIDX,NIFTY,09-Jun-2022,16900.0,PE,0.0,0.0,0.0,316.35,419.75,0,0.0,0,0,18-APR-2022,
OPTIDX,NIFTY,09-Jun-2022,16950.0,PE,0.0,0.0,0.0,332.4,440.8,0,0.0,0,0,18-APR-2022,
OPTIDX,NIFTY,09-Jun-2022,17000.0,PE,0.0,0.0,0.0,349.0,462.45,0,0.0,0,0,18-APR-2022,
OPTIDX,NIFTY,09-Jun-2022,17050.0,PE,0.0,0.0,0.0,366.2,484.8,0,0.0,0,0,18-APR-2022,
OPTIDX,NIFTY,09-Jun-2022,17100.0,PE,0.0,0.0,0.0,383.9,507.85,0,0.0,0,0,18-APR-2022,
OPTIDX,NIFTY,09-Jun-2022,17150.0,PE,0.0,0.0,0.0,402.2,531.5,0,0.0,0,0,18-APR-2022,
OPTIDX,NIFTY,09-Jun-2022,17200.0,PE,0.0,0.0,0.0,421.1,555.85,0,0.0,0,0,18-APR-2022,
OPTIDX,NIFTY,09-Jun-2022,17250.0,PE,0.0,0.0,0.0,440.55,580.8,0,0.0,0,0,18-APR-2022,
OPTIDX,NIFTY,09-Jun-2022,17300.0,PE,0.0,0.0,0.0,460.55,606.5,0,0.0,0,0,18-APR-2022,
OPTIDX,NIFTY,09-Jun-2022,17350.0,PE,0.0,0.0,0.0,481.15,632.8,0,0.0,0,0,18-APR-2022,
OPTIDX,NIFTY,09-Jun-2022,17400.0,PE,213.5,213.5,213.5,213.5,659.8,1,8.8,50,0,18-APR-2022,
OPTIDX,NIFTY,09-Jun-2022,17450.0,PE,0.0,0.0,0.0,524.1,687.45,0,0.0,0,0,18-APR-2022,
OPTIDX,NIFTY,09-Jun-2022,17500.0,PE,0.0,0.0,0.0,546.45,715.7,0,0.0,0,0,18-APR-2022,
OPTIDX,NIFTY,09-Jun-2022,17550.0,PE,0.0,0.0,0.0,569.4,744.65,0,0.0,0,0,18-APR-2022,
OPTIDX,NIFTY,09-Jun-2022,17600.0,PE,0.0,0.0,0.0,592.9,774.2,0,0.0,0,0,18-APR-2022,
OPTIDX,NIFTY,09-Jun-2022,17650.0,PE,0.0,0.0,0.0,617.0,804.35,0,0.0,0,0,18-APR-2022,
OPTIDX,NIFTY,09-Jun-2022,17700.0,PE,0.0,0.0,0.0,641.65,835.15,0,0.0,0,0,18-APR-2022,
OPTIDX,NIFTY,09-Jun-2022,17750.0,PE,0.0,0.0,0.0,666.9,866.6,0,0.0,0,0,18-APR-2022,
OPTIDX,NIFTY,09-Jun-2022,17800.0,PE,0.0,0.0,0.0,692.75,898.6,0,0.0,0,0,18-APR-2022,
OPTIDX,NIFTY,09-Jun-2022,17850.0,PE,0.0,0.0,0.0,719.2,931.2,0,0.0,0,0,18-APR-2022,
OPTIDX,NIFTY,09-Jun-2022,17900.0,PE,0.0,0.0,0.0,746.2,964.4,0,0.0,0,0,18-APR-2022,
OPTIDX,NIFTY,09-Jun-2022,17950.0,PE,0.0,0.0,0.0,773.75,998.2,0,0.0,0,0,18-APR-2022,
OPTIDX,NIFTY,09-Jun-2022,18000.0,PE,0.0,0.0,0.0,801.9,1032.55,0,0.0,0,0,18-APR-2022,
OPTIDX,NIFTY,09-Jun-2022,18050.0,PE,0.0,0.0,0.0,830.6,1067.45,0,0.0,0,0,18-APR-2022,
OPTIDX,NIFTY,09-Jun-2022,18100.0,PE,0.0,0.0,0.0,859.85,1102.85,0,0.0,0,0,18-APR-2022,
OPTIDX,NIFTY,09-Jun-2022,18150.0,PE,0.0,0.0,0.0,889.65,1138.85,0,0.0,0,0,18-APR-2022,
OPTIDX,NIFTY,09-Jun-2022,18200.0,PE,0.0,0.0,0.0,920.0,1175.35,0,0.0,0,0,18-APR-2022,
OPTIDX,NIFTY,09-Jun-2022,18250.0,PE,0.0,0.0,0.0,950.9,1213.1,0,0.0,0,0,18-APR-2022,
OPTIDX,NIFTY,09-Jun-2022,18300.0,PE,0.0,0.0,0.0,982.35,1250.7,0,0.0,0,0,18-APR-2022,
OPTIDX,NIFTY,09-Jun-2022,18350.0,PE,0.0,0.0,0.0,1014.3,1288.8,0,0.0,0,0,18-APR-2022,
OPTIDX,NIFTY,09-Jun-2022,18400.0,PE,0.0,0.0,0.0,1046.8,1326.6,0,0.0,0,0,18-APR-2022,
OPTIDX,NIFTY,09-Jun-2022,18450.0,PE,0.0,0.0,0.0,1079.8,1365.55,0,0.0,0,0,18-APR-2022,
OPTIDX,NIFTY,09-Jun-2022,18500.0,PE,0.0,0.0,0.0,1113.3,1404.9,0,0.0,0,0,18-APR-2022,
OPTIDX,NIFTY,09-Jun-2022,18550.0,PE,0.0,0.0,0.0,1147.3,1444.75,0,0.0,0,0,18-APR-2022,
OPTIDX,NIFTY,09-Jun-2022,18600.0,PE,0.0,0.0,0.0,1181.8,1485.0,0,0.0,0,0,18-APR-2022,
OPTIDX,NIFTY,09-Jun-2022,18650.0,PE,0.0,0.0,0.0,1216.8,1525.65,0,0.0,0,0,18-APR-2022,
OPTIDX,NIFTY,09-Jun-2022,18700.0,PE,0.0,0.0,0.0,1252.25,1566.7,0,0.0,0,0,18-APR-2022,
OPTIDX,NIFTY,09-Jun-2022,18750.0,PE,0.0,0.0,0.0,1288.15,1608.1,0,0.0,0,0,18-APR-2022,
OPTIDX,NIFTY,09-Jun-2022,18800.0,PE,0.0,0.0,0.0,1324.55,1649.95,0,0.0,0,0,18-APR-2022,
OPTIDX,NIFTY,09-Jun-2022,18850.0,PE,0.0,0.0,0.0,1361.35,1692.1,0,0.0,0,0,18-APR-2022,
OPTIDX,NIFTY,09-Jun-2022,18900.0,PE,0.0,0.0,0.0,1399.5,1734.65,0,0.0,0,0,18-APR-2022,
OPTIDX,NIFTY,09-Jun-2022,18950.0,PE,0.0,0.0,0.0,1437.25,1777.5,0,0.0,0,0,18-APR-2022,
OPTIDX,NIFTY,09-Jun-2022,19000.0,PE,0.0,0.0,0.0,1475.45,1820.65,0,0.0,0,0,18-APR-2022,
OPTIDX,NIFTY,09-Jun-2022,19050.0,PE,0.0,0.0,0.0,1513.3,1864.15,0,0.0,0,0,18-APR-2022,
OPTIDX,NIFTY,09-Jun-2022,19100.0,PE,0.0,0.0,0.0,1552.25,1907.95,0,0.0,0,0,18-APR-2022,
OPTIDX,NIFTY,09-Jun-2022,19150.0,PE,0.0,0.0,0.0,1591.55,1952.05,0,0.0,0,0,18-APR-2022,
OPTIDX,NIFTY,09-Jun-2022,19200.0,PE,0.0,0.0,0.0,1512.0,1996.45,0,0.0,0,0,18-APR-2022,
OPTIDX,NIFTY,09-Jun-2022,19250.0,PE,0.0,0.0,0.0,1551.15,2041.05,0,0.0,0,0,18-APR-2022,
OPTIDX,NIFTY,09-Jun-2022,19300.0,PE,0.0,0.0,0.0,1590.75,2085.95,0,0.0,0,0,18-APR-2022,
OPTIDX,NIFTY,16-Jun-2022,16000.0,CE,0.0,0.0,0.0,1711.85,1454.95,0,0.0,0,0,18-APR-2022,
OPTIDX,NIFTY,16-Jun-2022,16050.0,CE,0.0,0.0,0.0,1670.65,1416.15,0,0.0,0,0,18-APR-2022,
OPTIDX,NIFTY,16-Jun-2022,16100.0,CE,0.0,0.0,0.0,1629.8,1377.85,0,0.0,0,0,18-APR-2022,
OPTIDX,NIFTY,16-Jun-2022,16150.0,CE,0.0,0.0,0.0,1589.4,1340.05,0,0.0,0,0,18-APR-2022,
OPTIDX,NIFTY,16-Jun-2022,16200.0,CE,0.0,0.0,0.0,1549.5,1303.45,0,0.0,0,0,18-APR-2022,
OPTIDX,NIFTY,16-Jun-2022,16250.0,CE,0.0,0.0,0.0,1510.0,1266.65,0,0.0,0,0,18-APR-2022,
OPTIDX,NIFTY,16-Jun-2022,16300.0,CE,0.0,0.0,0.0,1471.0,1230.35,0,0.0,0,0,18-APR-2022,
OPTIDX,NIFTY,16-Jun-2022,16350.0,CE,0.0,0.0,0.0,1432.45,1194.0,0,0.0,0,0,18-APR-2022,
OPTIDX,NIFTY,16-Jun-2022,16400.0,CE,0.0,0.0,0.0,1394.45,1158.9,0,0.0,0,0,18-APR-2022,
OPTIDX,NIFTY,16-Jun-2022,16450.0,CE,0.0,0.0,0.0,1356.9,1124.4,0,0.0,0,0,18-APR-2022,
OPTIDX,NIFTY,16-Jun-2022,16500.0,CE,0.0,0.0,0.0,1320.5,1090.5,0,0.0,0,0,18-APR-2022,
OPTIDX,NIFTY,16-Jun-2022,16550.0,CE,0.0,0.0,0.0,1283.9,1057.15,0,0.0,0,0,18-APR-2022,
OPTIDX,NIFTY,16-Jun-2022,16600.0,CE,0.0,0.0,0.0,1247.9,1024.4,0,0.0,0,0,18-APR-2022,
OPTIDX,NIFTY,16-Jun-2022,16650.0,CE,0.0,0.0,0.0,1211.7,992.25,0,0.0,0,0,18-APR-2022,
OPTIDX,NIFTY,16-Jun-2022,16700.0,CE,0.0,0.0,0.0,1176.85,960.65,0,0.0,0,0,18-APR-2022,
OPTIDX,NIFTY,16-Jun-2022,16750.0,CE,0.0,0.0,0.0,1142.55,929.7,0,0.0,0,0,18-APR-2022,
OPTIDX,NIFTY,16-Jun-2022,16800.0,CE,0.0,0.0,0.0,1108.8,899.4,0,0.0,0,0,18-APR-2022,
OPTIDX,NIFTY,16-Jun-2022,16850.0,CE,0.0,0.0,0.0,1075.6,869.65,0,0.0,0,0,18-APR-2022,
OPTIDX,NIFTY,16-Jun-2022,16900.0,CE,0.0,0.0,0.0,1043.0,840.55,0,0.0,0,0,18-APR-2022,
OPTIDX,NIFTY,16-Jun-2022,16950.0,CE,0.0,0.0,0.0,1011.0,812.1,0,0.0,0,0,18-APR-2022,
OPTIDX,NIFTY,16-Jun-2022,17000.0,CE,979.55,979.55,979.55,979.55,784.2,1,8.98,50,50,18-APR-2022,
OPTIDX,NIFTY,16-Jun-2022,17050.0,CE,0.0,0.0,0.0,948.75,757.0,0,0.0,0,0,18-APR-2022,
OPTIDX,NIFTY,16-Jun-2022,17100.0,CE,0.0,0.0,0.0,918.5,730.35,0,0.0,0,0,18-APR-2022,
OPTIDX,NIFTY,16-Jun-2022,17150.0,CE,0.0,0.0,0.0,888.85,704.4,0,0.0,0,0,18-APR-2022,
OPTIDX,NIFTY,16-Jun-2022,17200.0,CE,0.0,0.0,0.0,859.8,679.0,0,0.0,0,0,18-APR-2022,
OPTIDX,NIFTY,16-Jun-2022,17250.0,CE,0.0,0.0,0.0,831.4,654.2,0,0.0,0,0,18-APR-2022,
OPTIDX,NIFTY,16-Jun-2022,17300.0,CE,0.0,0.0,0.0,803.55,630.1,0,0.0,0,0,18-APR-2022,
OPTIDX,NIFTY,16-Jun-2022,17350.0,CE,0.0,0.0,0.0,776.35,606.6,0,0.0,0,0,18-APR-2022,
OPTIDX,NIFTY,16-Jun-2022,17400.0,CE,0.0,0.0,0.0,749.75,583.7,0,0.0,0,0,18-APR-2022,
OPTIDX,NIFTY,16-Jun-2022,17450.0,CE,0.0,0.0,0.0,723.75,561.4,0,0.0,0,0,18-APR-2022,
OPTIDX,NIFTY,16-Jun-2022,17500.0,CE,0.0,0.0,0.0,698.35,539.75,0,0.0,0,0,18-APR-2022,
OPTIDX,NIFTY,16-Jun-2022,17550.0,CE,0.0,0.0,0.0,673.5,518.65,0,0.0,0,0,18-APR-2022,
OPTIDX,NIFTY,16-Jun-2022,17600.0,CE,0.0,0.0,0.0,649.3,498.2,0,0.0,0,0,18-APR-2022,
OPTIDX,NIFTY,16-Jun-2022,17650.0,CE,0.0,0.0,0.0,625.75,478.3,0,0.0,0,0,18-APR-2022,
OPTIDX,NIFTY,16-Jun-2022,17700.0,CE,0.0,0.0,0.0,602.75,459.0,0,0.0,0,0,18-APR-2022,
OPTIDX,NIFTY,16-Jun-2022,17750.0,CE,0.0,0.0,0.0,580.35,440.3,0,0.0,0,0,18-APR-2022,
OPTIDX,NIFTY,16-Jun-2022,17800.0,CE,0.0,0.0,0.0,558.55,422.15,0,0.0,0,0,18-APR-2022,
OPTIDX,NIFTY,16-Jun-2022,17850.0,CE,0.0,0.0,0.0,537.35,404.55,0,0.0,0,0,18-APR-2022,
OPTIDX,NIFTY,16-Jun-2022,17900.0,CE,0.0,0.0,0.0,516.75,387.55,0,0.0,0,0,18-APR-2022,
OPTIDX,NIFTY,16-Jun-2022,17950.0,CE,0.0,0.0,0.0,496.7,371.05,0,0.0,0,0,18-APR-2022,
OPTIDX,NIFTY,16-Jun-2022,18000.0,CE,0.0,0.0,0.0,477.25,355.1,0,0.0,0,0,18-APR-2022,
OPTIDX,NIFTY,16-Jun-2022,18050.0,CE,0.0,0.0,0.0,458.35,339.7,0,0.0,0,0,18-APR-2022,
OPTIDX,NIFTY,16-Jun-2022,18100.0,CE,0.0,0.0,0.0,440.0,324.8,0,0.0,0,0,18-APR-2022,
OPTIDX,NIFTY,16-Jun-2022,18150.0,CE,0.0,0.0,0.0,422.2,310.4,0,0.0,0,0,18-APR-2022,
OPTIDX,NIFTY,16-Jun-2022,18200.0,CE,0.0,0.0,0.0,404.95,296.55,0,0.0,0,0,18-APR-2022,
OPTIDX,NIFTY,16-Jun-2022,18250.0,CE,0.0,0.0,0.0,388.25,283.15,0,0.0,0,0,18-APR-2022,
OPTIDX,NIFTY,16-Jun-2022,18300.0,CE,0.0,0.0,0.0,372.05,270.25,0,0.0,0,0,18-APR-2022,
OPTIDX,NIFTY,16-Jun-2022,18350.0,CE,0.0,0.0,0.0,356.4,258.65,0,0.0,0,0,18-APR-2022,
OPTIDX,NIFTY,16-Jun-2022,18400.0,CE,0.0,0.0,0.0,341.25,246.75,0,0.0,0,0,18-APR-2022,
OPTIDX,NIFTY,16-Jun-2022,18450.0,CE,0.0,0.0,0.0,326.6,235.3,0,0.0,0,0,18-APR-2022,
OPTIDX,NIFTY,16-Jun-2022,18500.0,CE,0.0,0.0,0.0,312.45,223.55,0,0.0,0,0,18-APR-2022,
OPTIDX,NIFTY,16-Jun-2022,18550.0,CE,0.0,0.0,0.0,298.75,212.9,0,0.0,0,0,18-APR-2022,
OPTIDX,NIFTY,16-Jun-2022,18600.0,CE,0.0,0.0,0.0,285.55,202.65,0,0.0,0,0,18-APR-2022,
OPTIDX,NIFTY,16-Jun-2022,18650.0,CE,0.0,0.0,0.0,273.6,192.85,0,0.0,0,0,18-APR-2022,
OPTIDX,NIFTY,16-Jun-2022,18700.0,CE,0.0,0.0,0.0,261.4,183.4,0,0.0,0,0,18-APR-2022,
OPTIDX,NIFTY,16-Jun-2022,18750.0,CE,0.0,0.0,0.0,249.65,174.35,0,0.0,0,0,18-APR-2022,
OPTIDX,NIFTY,16-Jun-2022,18800.0,CE,0.0,0.0,0.0,238.35,165.65,0,0.0,0,0,18-APR-2022,
OPTIDX,NIFTY,16-Jun-2022,18850.0,CE,0.0,0.0,0.0,226.7,157.35,0,0.0,0,0,18-APR-2022,
OPTIDX,NIFTY,16-Jun-2022,18900.0,CE,0.0,0.0,0.0,216.15,149.4,0,0.0,0,0,18-APR-2022,
OPTIDX,NIFTY,16-Jun-2022,18950.0,CE,0.0,0.0,0.0,206.0,141.75,0,0.0,0,0,18-APR-2022,
OPTIDX,NIFTY,16-Jun-2022,19000.0,CE,0.0,0.0,0.0,196.25,134.45,0,0.0,0,0,18-APR-2022,
OPTIDX,NIFTY,16-Jun-2022,16000.0,PE,0.0,0.0,0.0,124.85,171.75,0,0.0,0,0,18-APR-2022,
OPTIDX,NIFTY,16-Jun-2022,16050.0,PE,0.0,0.0,0.0,133.25,182.6,0,0.0,0,0,18-APR-2022,
OPTIDX,NIFTY,16-Jun-2022,16100.0,PE,0.0,0.0,0.0,142.05,193.95,0,0.0,0,0,18-APR-2022,
OPTIDX,NIFTY,16-Jun-2022,16150.0,PE,0.0,0.0,0.0,151.35,205.85,0,0.0,0,0,18-APR-2022,
OPTIDX,NIFTY,16-Jun-2022,16200.0,PE,0.0,0.0,0.0,161.05,218.9,0,0.0,0,0,18-APR-2022,
OPTIDX,NIFTY,16-Jun-2022,16250.0,PE,0.0,0.0,0.0,171.25,231.75,0,0.0,0,0,18-APR-2022,
OPTIDX,NIFTY,16-Jun-2022,16300.0,PE,0.0,0.0,0.0,181.85,245.1,0,0.0,0,0,18-APR-2022,
OPTIDX,NIFTY,16-Jun-2022,16350.0,PE,0.0,0.0,0.0,193.0,258.4,0,0.0,0,0,18-APR-2022,
OPTIDX,NIFTY,16-Jun-2022,16400.0,PE,0.0,0.0,0.0,204.6,272.95,0,0.0,0,0,18-APR-2022,
OPTIDX,NIFTY,16-Jun-2022,16450.0,PE,0.0,0.0,0.0,216.7,288.15,0,0.0,0,0,18-APR-2022,
OPTIDX,NIFTY,16-Jun-2022,16500.0,PE,0.0,0.0,0.0,230.0,303.85,0,0.0,0,0,18-APR-2022,
OPTIDX,NIFTY,16-Jun-2022,16550.0,PE,0.0,0.0,0.0,243.05,320.2,0,0.0,0,0,18-APR-2022,
OPTIDX,NIFTY,16-Jun-2022,16600.0,PE,0.0,0.0,0.0,256.65,337.1,0,0.0,0,0,18-APR-2022,
OPTIDX,NIFTY,16-Jun-2022,16650.0,PE,0.0,0.0,0.0,270.15,354.6,0,0.0,0,0,18-APR-2022,
OPTIDX,NIFTY,16-Jun-2022,16700.0,PE,0.0,0.0,0.0,284.95,372.7,0,0.0,0,0,18-APR-2022,
OPTIDX,NIFTY,16-Jun-2022,16750.0,PE,0.0,0.0,0.0,300.3,391.4,0,0.0,0,0,18-APR-2022,
OPTIDX,NIFTY,16-Jun-2022,16800.0,PE,0.0,0.0,0.0,316.2,410.7,0,0.0,0,0,18-APR-2022,
OPTIDX,NIFTY,16-Jun-2022,16850.0,PE,0.0,0.0,0.0,332.65,430.65,0,0.0,0,0,18-APR-2022,
OPTIDX,NIFTY,16-Jun-2022,16900.0,PE,0.0,0.0,0.0,349.7,451.2,0,0.0,0,0,18-APR-2022,
OPTIDX,NIFTY,16-Jun-2022,16950.0,PE,0.0,0.0,0.0,367.35,472.4,0,0.0,0,0,18-APR-2022,
OPTIDX,NIFTY,16-Jun-2022,17000.0,PE,0.0,0.0,0.0,385.55,494.2,0,0.0,0,0,18-APR-2022,
OPTIDX,NIFTY,16-Jun-2022,17050.0,PE,0.0,0.0,0.0,404.4,516.6,0,0.0,0,0,18-APR-2022,
OPTIDX,NIFTY,16-Jun-2022,17100.0,PE,0.0,0.0,0.0,423.8,539.65,0,0.0,0,0,18-APR-2022,
OPTIDX,NIFTY,16-Jun-2022,17150.0,PE,0.0,0.0,0.0,443.8,563.3,0,0.0,0,0,18-APR-2022,
OPTIDX,NIFTY,16-Jun-2022,17200.0,PE,0.0,0.0,0.0,464.45,587.6,0,0.0,0,0,18-APR-2022,
OPTIDX,NIFTY,16-Jun-2022,17250.0,PE,0.0,0.0,0.0,485.65,612.45,0,0.0,0,0,18-APR-2022,
OPTIDX,NIFTY,16-Jun-2022,17300.0,PE,0.0,0.0,0.0,507.45,638.0,0,0.0,0,0,18-APR-2022,
OPTIDX,NIFTY,16-Jun-2022,17350.0,PE,0.0,0.0,0.0,529.9,664.15,0,0.0,0,0,18-APR-2022,
OPTIDX,NIFTY,16-Jun-2022,17400.0,PE,0.0,0.0,0.0,552.95,690.9,0,0.0,0,0,18-APR-2022,
OPTIDX,NIFTY,16-Jun-2022,17450.0,PE,0.0,0.0,0.0,576.6,718.3,0,0.0,0,0,18-APR-2022,
OPTIDX,NIFTY,16-Jun-2022,17500.0,PE,0.0,0.0,0.0,600.85,746.25,0,0.0,0,0,18-APR-2022,
OPTIDX,NIFTY,16-Jun-2022,17550.0,PE,0.0,0.0,0.0,625.65,774.85,0,0.0,0,0,18-APR-2022,
OPTIDX,NIFTY,16-Jun-2022,17600.0,PE,0.0,0.0,0.0,651.15,804.05,0,0.0,0,0,18-APR-2022,
OPTIDX,NIFTY,16-Jun-2022,17650.0,PE,0.0,0.0,0.0,677.2,833.8,0,0.0,0,0,18-APR-2022,
OPTIDX,NIFTY,16-Jun-2022,17700.0,PE,0.0,0.0,0.0,703.85,864.2,0,0.0,0,0,18-APR-2022,
OPTIDX,NIFTY,16-Jun-2022,17750.0,PE,0.0,0.0,0.0,731.15,895.1,0,0.0,0,0,18-APR-2022,
OPTIDX,NIFTY,16-Jun-2022,17800.0,PE,0.0,0.0,0.0,759.0,926.65,0,0.0,0,0,18-APR-2022,
OPTIDX,NIFTY,16-Jun-2022,17850.0,PE,0.0,0.0,0.0,787.45,958.7,0,0.0,0,0,18-APR-2022,
OPTIDX,NIFTY,16-Jun-2022,17900.0,PE,0.0,0.0,0.0,816.5,991.35,0,0.0,0,0,18-APR-2022,
OPTIDX,NIFTY,16-Jun-2022,17950.0,PE,0.0,0.0,0.0,846.1,1024.5,0,0.0,0,0,18-APR-2022,
OPTIDX,NIFTY,16-Jun-2022,18000.0,PE,0.0,0.0,0.0,876.25,1058.2,0,0.0,0,0,18-APR-2022,
OPTIDX,NIFTY,16-Jun-2022,18050.0,PE,0.0,0.0,0.0,907.0,1092.45,0,0.0,0,0,18-APR-2022,
OPTIDX,NIFTY,16-Jun-2022,18100.0,PE,0.0,0.0,0.0,938.3,1127.25,0,0.0,0,0,18-APR-2022,
OPTIDX,NIFTY,16-Jun-2022,18150.0,PE,0.0,0.0,0.0,970.2,1162.5,0,0.0,0,0,18-APR-2022,
OPTIDX,NIFTY,16-Jun-2022,18200.0,PE,0.0,0.0,0.0,1002.6,1198.3,0,0.0,0,0,18-APR-2022,
OPTIDX,NIFTY,16-Jun-2022,18250.0,PE,0.0,0.0,0.0,1035.5,1234.55,0,0.0,0,0,18-APR-2022,
OPTIDX,NIFTY,16-Jun-2022,18300.0,PE,0.0,0.0,0.0,1069.0,1271.3,0,0.0,0,0,18-APR-2022,
OPTIDX,NIFTY,16-Jun-2022,18350.0,PE,0.0,0.0,0.0,1103.0,1309.35,0,0.0,0,0,18-APR-2022,
OPTIDX,NIFTY,16-Jun-2022,18400.0,PE,0.0,0.0,0.0,1137.5,1347.1,0,0.0,0,0,18-APR-2022,
OPTIDX,NIFTY,16-Jun-2022,18450.0,PE,0.0,0.0,0.0,1172.5,1385.35,0,0.0,0,0,18-APR-2022,
OPTIDX,NIFTY,16-Jun-2022,18500.0,PE,0.0,0.0,0.0,1208.0,1423.25,0,0.0,0,0,18-APR-2022,
OPTIDX,NIFTY,16-Jun-2022,18550.0,PE,0.0,0.0,0.0,1243.95,1462.25,0,0.0,0,0,18-APR-2022,
OPTIDX,NIFTY,16-Jun-2022,18600.0,PE,0.0,0.0,0.0,1280.4,1501.65,0,0.0,0,0,18-APR-2022,
OPTIDX,NIFTY,16-Jun-2022,18650.0,PE,0.0,0.0,0.0,1318.1,1541.5,0,0.0,0,0,18-APR-2022,
OPTIDX,NIFTY,16-Jun-2022,18700.0,PE,0.0,0.0,0.0,1355.6,1581.7,0,0.0,0,0,18-APR-2022,
OPTIDX,NIFTY,16-Jun-2022,18750.0,PE,0.0,0.0,0.0,1393.5,1622.35,0,0.0,0,0,18-APR-2022,
OPTIDX,NIFTY,16-Jun-2022,18800.0,PE,0.0,0.0,0.0,1431.85,1663.3,0,0.0,0,0,18-APR-2022,
OPTIDX,NIFTY,16-Jun-2022,18850.0,PE,0.0,0.0,0.0,1469.8,1704.65,0,0.0,0,0,18-APR-2022,
OPTIDX,NIFTY,16-Jun-2022,18900.0,PE,0.0,0.0,0.0,1508.9,1746.35,0,0.0,0,0,18-APR-2022,
OPTIDX,NIFTY,16-Jun-2022,18950.0,PE,0.0,0.0,0.0,1548.4,1788.35,0,0.0,0,0,18-APR-2022,
OPTIDX,NIFTY,16-Jun-2022,19000.0,PE,0.0,0.0,0.0,1588.3,1830.75,0,0.0,0,0,18-APR-2022,
OPTIDX,NIFTY,30-Jun-2022,10500.0,CE,6632.75,6700.25,6577.0,6700.25,6700.25,5,42.82,581325,250,18-APR-2022,
OPTIDX,NIFTY,30-Jun-2022,11000.0,CE,0.0,0.0,0.0,5407.45,6266.8,0,0.0,0,0,18-APR-2022,
OPTIDX,NIFTY,30-Jun-2022,11800.0,CE,0.0,0.0,0.0,3100.0,5473.6,0,0.0,12900,0,18-APR-2022,
OPTIDX,NIFTY,30-Jun-2022,12000.0,CE,0.0,0.0,0.0,6030.0,5275.3,0,0.0,100,0,18-APR-2022,
OPTIDX,NIFTY,30-Jun-2022,13000.0,CE,4290.0,4292.75,4217.0,4221.2,4221.2,5,43.14,25100,-50,18-APR-2022,
OPTIDX,NIFTY,30-Jun-2022,14000.0,CE,3325.0,3325.0,3200.0,3300.0,3300.0,11,94.94,22600,200,18-APR-2022,
OPTIDX,NIFTY,30-Jun-2022,14500.0,CE,2845.0,2845.0,2740.0,2800.6,2800.6,870,7521.5,44725,41650,18-APR-2022,
OPTIDX,NIFTY,30-Jun-2022,15000.0,CE,2360.0,2386.75,2275.0,2328.5,2328.5,158,1369.39,31850,1900,18-APR-2022,
OPTIDX,NIFTY,30-Jun-2022,15500.0,CE,1927.9,1928.0,1850.0,1856.25,1856.25,22,191.1,15500,300,18-APR-2022,
OPTIDX,NIFTY,30-Jun-2022,15950.0,CE,0.0,0.0,0.0,1883.95,1562.6,0,0.0,0,0,18-APR-2022,
OPTIDX,NIFTY,30-Jun-2022,16000.0,CE,1500.05,1500.1,1382.5,1465.6,1465.6,314,2739.86,67700,5850,18-APR-2022,
OPTIDX,NIFTY,30-Jun-2022,16050.0,CE,0.0,0.0,0.0,1806.2,1486.85,0,0.0,0,0,18-APR-2022,
OPTIDX,NIFTY,30-Jun-2022,16100.0,CE,0.0,0.0,0.0,1767.95,1450.35,0,0.0,0,0,18-APR-2022,
OPTIDX,NIFTY,30-Jun-2022,16150.0,CE,0.0,0.0,0.0,1730.05,1413.55,0,0.0,0,0,18-APR-2022,
OPTIDX,NIFTY,30-Jun-2022,16200.0,CE,0.0,0.0,0.0,1692.6,1377.3,0,0.0,0,0,18-APR-2022,
OPTIDX,NIFTY,30-Jun-2022,16250.0,CE,0.0,0.0,0.0,1656.2,1341.5,0,0.0,0,0,18-APR-2022,
OPTIDX,NIFTY,30-Jun-2022,16300.0,CE,0.0,0.0,0.0,1619.5,1305.6,0,0.0,0,0,18-APR-2022,
OPTIDX,NIFTY,30-Jun-2022,16350.0,CE,0.0,0.0,0.0,1583.25,1270.9,0,0.0,0,0,18-APR-2022,
OPTIDX,NIFTY,30-Jun-2022,16400.0,CE,0.0,0.0,0.0,1547.4,1236.75,0,0.0,0,0,18-APR-2022,
OPTIDX,NIFTY,30-Jun-2022,16450.0,CE,0.0,0.0,0.0,1512.0,1203.1,0,0.0,0,0,18-APR-2022,
OPTIDX,NIFTY,30-Jun-2022,16500.0,CE,1100.0,1112.0,1012.0,1075.5,1075.5,223,1959.05,61900,3600,18-APR-2022,
OPTIDX,NIFTY,30-Jun-2022,16550.0,CE,0.0,0.0,0.0,1442.0,1137.4,0,0.0,0,0,18-APR-2022,
OPTIDX,NIFTY,30-Jun-2022,16600.0,CE,0.0,0.0,0.0,1408.05,1105.35,0,0.0,0,0,18-APR-2022,
OPTIDX,NIFTY,30-Jun-2022,16650.0,CE,0.0,0.0,0.0,1374.55,1073.85,0,0.0,0,0,18-APR-2022,
OPTIDX,NIFTY,30-Jun-2022,16700.0,CE,0.0,0.0,0.0,1341.5,1042.85,0,0.0,0,0,18-APR-2022,
OPTIDX,NIFTY,30-Jun-2022,16750.0,CE,0.0,0.0,0.0,1308.9,1012.45,0,0.0,0,0,18-APR-2022,
OPTIDX,NIFTY,30-Jun-2022,16800.0,CE,851.8,858.9,842.0,858.9,858.9,8,70.59,400,400,18-APR-2022,
OPTIDX,NIFTY,30-Jun-2022,16850.0,CE,0.0,0.0,0.0,1245.2,953.3,0,0.0,0,0,18-APR-2022,
OPTIDX,NIFTY,30-Jun-2022,16900.0,CE,0.0,0.0,0.0,980.0,924.55,0,0.0,150,0,18-APR-2022,
OPTIDX,NIFTY,30-Jun-2022,16950.0,CE,0.0,0.0,0.0,1183.35,896.35,0,0.0,0,0,18-APR-2022,
OPTIDX,NIFTY,30-Jun-2022,17000.0,CE,770.05,771.9,680.0,733.9,733.9,1100,9748.21,188300,13950,18-APR-2022,
OPTIDX,NIFTY,30-Jun-2022,17050.0,CE,0.0,0.0,0.0,1123.5,841.65,0,0.0,0,0,18-APR-2022,
OPTIDX,NIFTY,30-Jun-2022,17100.0,CE,688.05,696.0,626.9,674.7,674.7,59,524.06,1750,1450,18-APR-2022,
OPTIDX,NIFTY,30-Jun-2022,17150.0,CE,0.0,0.0,0.0,1065.55,789.2,0,0.0,0,0,18-APR-2022,
OPTIDX,NIFTY,30-Jun-2022,17200.0,CE,665.0,665.0,570.0,618.6,618.6,245,2182.3,6650,6300,18-APR-2022,
OPTIDX,NIFTY,30-Jun-2022,17250.0,CE,0.0,0.0,0.0,1009.55,738.95,0,0.0,0,0,18-APR-2022,
OPTIDX,NIFTY,30-Jun-2022,17300.0,CE,606.25,609.55,518.45,559.5,559.5,75,669.6,1850,1300,18-APR-2022,
OPTIDX,NIFTY,30-Jun-2022,17350.0,CE,536.9,563.8,536.9,563.8,690.95,2,17.9,100,50,18-APR-2022,
OPTIDX,NIFTY,30-Jun-2022,17400.0,CE,532.7,539.0,470.15,502.95,502.95,123,1101.12,1950,1150,18-APR-2022,
OPTIDX,NIFTY,30-Jun-2022,17450.0,CE,0.0,0.0,0.0,903.45,645.15,0,0.0,0,0,18-APR-2022,
OPTIDX,NIFTY,30-Jun-2022,17500.0,CE,426.55,508.8,425.0,456.65,456.65,2180,19571.94,220250,9950,18-APR-2022,
OPTIDX,NIFTY,30-Jun-2022,17550.0,CE,0.0,0.0,0.0,853.25,601.55,0,0.0,0,0,18-APR-2022,
OPTIDX,NIFTY,30-Jun-2022,17600.0,CE,383.15,446.4,376.15,406.25,406.25,161,1449.9,8100,1900,18-APR-2022,
OPTIDX,NIFTY,30-Jun-2022,17650.0,CE,0.0,0.0,0.0,805.1,560.1,0,0.0,0,0,18-APR-2022,
OPTIDX,NIFTY,30-Jun-2022,17700.0,CE,413.65,413.65,340.85,355.05,355.05,176,1589.5,4150,-1450,18-APR-2022,
OPTIDX,NIFTY,30-Jun-2022,17750.0,CE,409.45,420.0,340.9,340.9,520.8,18,163.19,350,-350,18-APR-2022,
OPTIDX,NIFTY,30-Jun-2022,17800.0,CE,362.55,369.95,305.0,323.1,323.1,229,2076.46,14150,5150,18-APR-2022,
OPTIDX,NIFTY,30-Jun-2022,17850.0,CE,0.0,0.0,0.0,714.55,483.55,0,0.0,0,0,18-APR-2022,
OPTIDX,NIFTY,30-Jun-2022,17900.0,CE,390.0,390.0,276.05,287.05,287.05,47,427.49,19850,450,18-APR-2022,
OPTIDX,NIFTY,30-Jun-2022,17950.0,CE,0.0,0.0,0.0,672.1,448.3,0,0.0,0,0,18-APR-2022,
OPTIDX,NIFTY,30-Jun-2022,18000.0,CE,255.25,317.55,238.1,256.6,256.6,4442,40558.07,358100,30850,18-APR-2022,
OPTIDX,NIFTY,30-Jun-2022,18050.0,CE,0.0,0.0,0.0,631.55,415.05,0,0.0,0,0,18-APR-2022,
OPTIDX,NIFTY,30-Jun-2022,18100.0,CE,270.05,275.0,206.75,222.05,222.05,69,632.38,3350,200,18-APR-2022,
OPTIDX,NIFTY,30-Jun-2022,18150.0,CE,0.0,0.0,0.0,592.8,383.75,0,0.0,0,0,18-APR-2022,
OPTIDX,NIFTY,30-Jun-2022,18200.0,CE,246.7,246.8,180.05,193.15,193.15,203,1867.62,69350,1600,18-APR-2022,
OPTIDX,NIFTY,30-Jun-2022,18250.0,CE,0.0,0.0,0.0,555.85,354.3,0,0.0,0,0,18-APR-2022,
OPTIDX,NIFTY,30-Jun-2022,18300.0,CE,220.1,225.95,157.2,168.6,168.6,82,757.64,7700,650,18-APR-2022,
OPTIDX,NIFTY,30-Jun-2022,18350.0,CE,0.0,0.0,0.0,520.65,326.65,0,0.0,0,0,18-APR-2022,
OPTIDX,NIFTY,30-Jun-2022,18400.0,CE,230.0,230.0,138.0,146.15,146.15,190,1763.55,8100,1200,18-APR-2022,
OPTIDX,NIFTY,30-Jun-2022,18450.0,CE,0.0,0.0,0.0,487.2,301.45,0,0.0,0,0,18-APR-2022,
OPTIDX,NIFTY,30-Jun-2022,18500.0,CE,159.95,169.7,120.7,129.6,129.6,3837,35749.71,200950,45400,18-APR-2022,
OPTIDX,NIFTY,30-Jun-2022,18550.0,CE,0.0,0.0,0.0,455.45,277.35,0,0.0,0,0,18-APR-2022,
OPTIDX,NIFTY,30-Jun-2022,18600.0,CE,162.35,171.5,102.75,110.2,110.2,69,645.75,2800,900,18-APR-2022,
OPTIDX,NIFTY,30-Jun-2022,18650.0,CE,0.0,0.0,0.0,425.3,254.15,0,0.0,0,0,18-APR-2022,
OPTIDX,NIFTY,30-Jun-2022,18700.0,CE,120.0,123.0,90.65,95.3,95.3,579,5442.62,22400,19950,18-APR-2022,
OPTIDX,NIFTY,30-Jun-2022,18750.0,CE,0.0,0.0,0.0,396.75,233.05,0,0.0,0,0,18-APR-2022,
OPTIDX,NIFTY,30-Jun-2022,18800.0,CE,100.0,102.0,79.05,82.2,82.2,330,3116.76,13450,10700,18-APR-2022,
OPTIDX,NIFTY,30-Jun-2022,18850.0,CE,0.0,0.0,0.0,369.75,213.4,0,0.0,0,0,18-APR-2022,
OPTIDX,NIFTY,30-Jun-2022,18900.0,CE,100.0,109.85,69.0,74.7,74.7,80,759.15,4900,1000,18-APR-2022,
OPTIDX,NIFTY,30-Jun-2022,18950.0,CE,0.0,0.0,0.0,142.9,195.15,0,0.0,250,0,18-APR-2022,
OPTIDX,NIFTY,30-Jun-2022,19000.0,CE,72.05,82.5,60.8,64.7,64.7,4516,43057.41,377600,49900,18-APR-2022,
OPTIDX,NIFTY,30-Jun-2022,19050.0,CE,0.0,0.0,0.0,80.0,178.2,0,0.0,50,0,18-APR-2022,
OPTIDX,NIFTY,30-Jun-2022,19100.0,CE,63.0,63.0,54.0,54.0,170.2,10,95.77,850,400,18-APR-2022,
OPTIDX,NIFTY,30-Jun-2022,19150.0,CE,71.95,71.95,71.95,71.95,162.5,1,9.61,50,0,18-APR-2022,
OPTIDX,NIFTY,30-Jun-2022,19200.0,CE,51.9,138.85,45.0,45.0,155.1,50,481.34,2250,800,18-APR-2022,
OPTIDX,NIFTY,30-Jun-2022,19250.0,CE,0.0,0.0,0.0,65.0,148.0,0,0.0,100,0,18-APR-2022,
OPTIDX,NIFTY,30-Jun-2022,19300.0,CE,72.3,72.3,39.05,39.05,39.05,10,96.74,500,250,18-APR-2022,
OPTIDX,NIFTY,30-Jun-2022,19350.0,CE,0.0,0.0,0.0,397.3,134.6,0,0.0,0,0,18-APR-2022,
OPTIDX,NIFTY,30-Jun-2022,19400.0,CE,38.0,38.0,34.15,37.0,37.0,5,48.59,850,-50,18-APR-2022,
OPTIDX,NIFTY,30-Jun-2022,19450.0,CE,0.0,0.0,0.0,50.0,122.2,0,0.0,700,0,18-APR-2022,
OPTIDX,NIFTY,30-Jun-2022,19500.0,CE,23.1,38.95,23.05,30.8,30.8,2267,22141.1,144900,11450,18-APR-2022,
OPTIDX,NIFTY,30-Jun-2022,19550.0,CE,0.0,0.0,0.0,345.7,110.85,0,0.0,0,0,18-APR-2022,
OPTIDX,NIFTY,30-Jun-2022,20000.0,CE,25.0,25.0,18.0,19.7,19.7,2839,28419.54,237100,13000,18-APR-2022,
OPTIDX,NIFTY,30-Jun-2022,20500.0,CE,16.0,18.95,11.75,14.45,41.1,198,2030.85,42550,1650,18-APR-2022,
OPTIDX,NIFTY,30-Jun-2022,21000.0,CE,8.8,9.6,7.3,8.2,8.2,431,4527.25,124550,8050,18-APR-2022,
OPTIDX,NIFTY,30-Jun-2022,22000.0,CE,8.8,8.8,6.65,8.45,8.45,171,1881.66,23800,1200,18-APR-2022,
OPTIDX,NIFTY,30-Jun-2022,23000.0,CE,6.3,7.4,5.55,6.9,6.9,382,4394.28,54750,13900,18-APR-2022,
OPTIDX,NIFTY,30-Jun-2022,8300.0,PE,0.0,0.0,0.0,4.7,0.0,0,0.0,150,0,18-APR-2022,
OPTIDX,NIFTY,30-Jun-2022,10000.0,PE,0.0,0.0,0.0,4.85,0.0,0,0.0,1250,0,18-APR-2022,
OPTIDX,NIFTY,30-Jun-2022,10500.0,PE,3.1,5.9,3.1,4.05,4.05,11,57.77,157950,300,18-APR-2022,
OPTIDX,NIFTY,30-Jun-2022,10700.0,PE,0.0,0.0,0.0,79.35,0.0,0,0.0,925,0,18-APR-2022,
OPTIDX,NIFTY,30-Jun-2022,10800.0,PE,0.0,0.0,0.0,32.75,0.0,0,0.0,7425,0,18-APR-2022,
OPTIDX,NIFTY,30-Jun-2022,10900.0,PE,0.0,0.0,0.0,35.65,0.0,0,0.0,4275,0,18-APR-2022,
OPTIDX,NIFTY,30-Jun-2022,11000.0,PE,3.05,4.35,3.05,4.35,4.35,9,49.51,19000,0,18-APR-2022,
OPTIDX,NIFTY,30-Jun-2022,11100.0,PE,0.0,0.0,0.0,11.05,0.0,0,0.0,8250,0,18-APR-2022,
OPTIDX,NIFTY,30-Jun-2022,11200.0,PE,0.0,0.0,0.0,21.2,0.0,0,0.0,3075,0,18-APR-2022,
OPTIDX,NIFTY,30-Jun-2022,11300.0,PE,0.0,0.0,0.0,3.25,0.05,0,0.0,8700,0,18-APR-2022,
OPTIDX,NIFTY,30-Jun-2022,11400.0,PE,0.0,0.0,0.0,18.3,0.05,0,0.0,9525,0,18-APR-2022,
OPTIDX,NIFTY,30-Jun-2022,11500.0,PE,0.0,0.0,0.0,32.0,0.05,0,0.0,30325,0,18-APR-2022,
OPTIDX,NIFTY,30-Jun-2022,11600.0,PE,0.0,0.0,0.0,14.85,0.05,0,0.0,12275,0,18-APR-2022,
OPTIDX,NIFTY,30-Jun-2022,11700.0,PE,0.0,0.0,0.0,0.25,0.05,0,0.0,7100,0,18-APR-2022,
OPTIDX,NIFTY,30-Jun-2022,11800.0,PE,0.0,0.0,0.0,29.35,0.05,0,0.0,11925,0,18-APR-2022,
OPTIDX,NIFTY,30-Jun-2022,11900.0,PE,0.0,0.0,0.0,3.05,0.05,0,0.0,16650,0,18-APR-2022,
OPTIDX,NIFTY,30-Jun-2022,12000.0,PE,3.05,3.05,3.05,3.05,0.1,1,6.0,18425,0,18-APR-2022,
OPTIDX,NIFTY,30-Jun-2022,12100.0,PE,0.0,0.0,0.0,140.0,0.1,0,0.0,300,0,18-APR-2022,
OPTIDX,NIFTY,30-Jun-2022,12200.0,PE,0.0,0.0,0.0,12.0,0.15,0,0.0,225,0,18-APR-2022,
OPTIDX,NIFTY,30-Jun-2022,12300.0,PE,0.0,0.0,0.0,3.15,0.2,0,0.0,200,0,18-APR-2022,
OPTIDX,NIFTY,30-Jun-2022,12500.0,PE,10.4,14.5,6.35,7.55,7.55,145,906.8,8450,4500,18-APR-2022,
OPTIDX,NIFTY,30-Jun-2022,12600.0,PE,0.0,0.0,0.0,2.65,0.45,0,0.0,575,0,18-APR-2022,
OPTIDX,NIFTY,30-Jun-2022,12700.0,PE,0.0,0.0,0.0,0.5,0.55,0,0.0,11500,0,18-APR-2022,
OPTIDX,NIFTY,30-Jun-2022,12800.0,PE,0.0,0.0,0.0,22.0,0.75,0,0.0,25,0,18-APR-2022,
OPTIDX,NIFTY,30-Jun-2022,13000.0,PE,13.4,13.8,10.35,11.75,11.75,455,2960.27,173175,5150,18-APR-2022,
OPTIDX,NIFTY,30-Jun-2022,13400.0,PE,0.0,0.0,0.0,37.0,3.2,0,0.0,375,0,18-APR-2022,
OPTIDX,NIFTY,30-Jun-2022,14000.0,PE,17.0,23.0,17.0,18.6,18.6,996,6981.68,365800,1200,18-APR-2022,
OPTIDX,NIFTY,30-Jun-2022,14500.0,PE,31.9,36.9,28.1,29.1,29.1,948,6887.87,253625,17700,18-APR-2022,
OPTIDX,NIFTY,30-Jun-2022,15000.0,PE,54.0,63.0,50.45,52.6,52.6,3536,26617.98,765800,72600,18-APR-2022,
OPTIDX,NIFTY,30-Jun-2022,15500.0,PE,82.4,105.5,82.4,91.35,91.35,2437,19000.87,571350,53750,18-APR-2022,
OPTIDX,NIFTY,30-Jun-2022,15950.0,PE,86.0,140.0,86.0,140.0,203.95,16,128.66,3850,600,18-APR-2022,
OPTIDX,NIFTY,30-Jun-2022,16000.0,PE,145.0,179.8,138.85,155.15,155.15,4690,37896.49,1096850,86250,18-APR-2022,
OPTIDX,NIFTY,30-Jun-2022,16050.0,PE,164.0,164.0,164.0,164.0,227.35,1,8.1,50,0,18-APR-2022,
OPTIDX,NIFTY,30-Jun-2022,16100.0,PE,175.0,175.0,162.05,162.05,162.05,8,65.09,500,150,18-APR-2022,
OPTIDX,NIFTY,30-Jun-2022,16150.0,PE,0.0,0.0,0.0,245.5,253.2,0,0.0,0,0,18-APR-2022,
OPTIDX,NIFTY,30-Jun-2022,16200.0,PE,195.0,213.6,184.8,189.8,189.8,30,245.94,2300,450,18-APR-2022,
OPTIDX,NIFTY,30-Jun-2022,16250.0,PE,0.0,0.0,0.0,270.55,280.35,0,0.0,0,0,18-APR-2022,
OPTIDX,NIFTY,30-Jun-2022,16300.0,PE,227.45,235.05,192.05,204.75,204.75,52,429.38,1400,950,18-APR-2022,
OPTIDX,NIFTY,30-Jun-2022,16350.0,PE,0.0,0.0,0.0,296.55,308.85,0,0.0,0,0,18-APR-2022,
OPTIDX,NIFTY,30-Jun-2022,16400.0,PE,224.75,247.0,224.75,238.0,238.0,14,116.49,650,350,18-APR-2022,
OPTIDX,NIFTY,30-Jun-2022,16450.0,PE,0.0,0.0,0.0,324.3,340.2,0,0.0,0,0,18-APR-2022,
OPTIDX,NIFTY,30-Jun-2022,16500.0,PE,230.0,290.75,225.25,257.6,257.6,2779,23293.03,658150,10200,18-APR-2022,
OPTIDX,NIFTY,30-Jun-2022,16550.0,PE,0.0,0.0,0.0,353.2,373.65,0,0.0,0,0,18-APR-2022,
OPTIDX,NIFTY,30-Jun-2022,16600.0,PE,281.95,310.0,261.0,286.35,286.35,64,540.45,50950,400,18-APR-2022,
OPTIDX,NIFTY,30-Jun-2022,16650.0,PE,0.0,0.0,0.0,384.7,409.25,0,0.0,0,0,18-APR-2022,
OPTIDX,NIFTY,30-Jun-2022,16700.0,PE,300.0,343.8,300.0,316.75,316.75,19,161.7,800,350,18-APR-2022,
OPTIDX,NIFTY,30-Jun-2022,16750.0,PE,0.0,0.0,0.0,418.05,447.05,0,0.0,0,0,18-APR-2022,
OPTIDX,NIFTY,30-Jun-2022,16800.0,PE,327.05,379.65,327.05,347.95,347.95,177,1518.14,9050,5750,18-APR-2022,
OPTIDX,NIFTY,30-Jun-2022,16850.0,PE,0.0,0.0,0.0,453.25,487.05,0,0.0,0,0,18-APR-2022,
OPTIDX,NIFTY,30-Jun-2022,16900.0,PE,374.8,417.1,361.15,378.25,378.25,44,380.18,1750,550,18-APR-2022,
OPTIDX,NIFTY,30-Jun-2022,16950.0,PE,0.0,0.0,0.0,490.4,529.25,0,0.0,0,0,18-APR-2022,
OPTIDX,NIFTY,30-Jun-2022,17000.0,PE,357.35,466.4,357.25,417.85,417.85,4179,36399.87,595700,58250,18-APR-2022,
OPTIDX,NIFTY,30-Jun-2022,17050.0,PE,0.0,0.0,0.0,529.45,573.7,0,0.0,0,0,18-APR-2022,
OPTIDX,NIFTY,30-Jun-2022,17100.0,PE,462.45,502.9,439.45,447.5,447.5,215,1888.23,5250,3550,18-APR-2022,
OPTIDX,NIFTY,30-Jun-2022,17150.0,PE,0.0,0.0,0.0,570.45,620.4,0,0.0,0,0,18-APR-2022,
OPTIDX,NIFTY,30-Jun-2022,17200.0,PE,496.1,551.85,473.85,488.95,488.95,289,2557.3,10300,4950,18-APR-2022,
OPTIDX,NIFTY,30-Jun-2022,17250.0,PE,0.0,0.0,0.0,613.4,669.25,0,0.0,0,0,18-APR-2022,
OPTIDX,NIFTY,30-Jun-2022,17300.0,PE,549.15,586.1,523.35,535.65,535.65,170,1517.03,6200,3150,18-APR-2022,
OPTIDX,NIFTY,30-Jun-2022,17350.0,PE,0.0,0.0,0.0,658.35,720.45,0,0.0,0,0,18-APR-2022,
OPTIDX,NIFTY,30-Jun-2022,17400.0,PE,625.1,630.0,567.95,573.95,573.95,88,791.66,2950,300,18-APR-2022,
OPTIDX,NIFTY,30-Jun-2022,17450.0,PE,0.0,0.0,0.0,705.2,773.8,0,0.0,0,0,18-APR-2022,
OPTIDX,NIFTY,30-Jun-2022,17500.0,PE,596.6,700.0,580.9,629.0,629.0,2356,21376.23,319600,-4250,18-APR-2022,
OPTIDX,NIFTY,30-Jun-2022,17550.0,PE,0.0,0.0,0.0,754.0,829.35,0,0.0,0,0,18-APR-2022,
OPTIDX,NIFTY,30-Jun-2022,17600.0,PE,550.0,735.3,550.0,680.45,680.45,104,951.43,15650,3050,18-APR-2022,
OPTIDX,NIFTY,30-Jun-2022,17650.0,PE,748.1,748.1,573.2,659.3,659.3,4,36.66,50,-100,18-APR-2022,
OPTIDX,NIFTY,30-Jun-2022,17700.0,PE,750.0,787.6,713.6,740.65,740.65,121,1115.64,3950,-400,18-APR-2022,
OPTIDX,NIFTY,30-Jun-2022,17750.0,PE,0.0,0.0,0.0,538.85,946.9,0,0.0,650,0,18-APR-2022,
OPTIDX,NIFTY,30-Jun-2022,17800.0,PE,790.5,826.85,785.0,785.0,785.0,46,428.07,7300,-50,18-APR-2022,
OPTIDX,NIFTY,30-Jun-2022,17850.0,PE,0.0,0.0,0.0,675.6,1008.8,0,0.0,0,0,18-APR-2022,
OPTIDX,NIFTY,30-Jun-2022,17900.0,PE,850.9,890.45,842.2,889.55,1040.5,13,122.0,1650,-50,18-APR-2022,
OPTIDX,NIFTY,30-Jun-2022,17950.0,PE,0.0,0.0,0.0,968.6,1072.75,0,0.0,0,0,18-APR-2022,
OPTIDX,NIFTY,30-Jun-2022,18000.0,PE,869.0,1010.0,854.95,919.6,919.6,1657,15690.67,395300,-30700,18-APR-2022,
OPTIDX,NIFTY,30-Jun-2022,18050.0,PE,0.0,0.0,0.0,1027.0,1138.65,0,0.0,0,0,18-APR-2022,
OPTIDX,NIFTY,30-Jun-2022,18100.0,PE,1003.6,1020.0,1002.2,1020.0,1172.3,7,66.87,1250,100,18-APR-2022,
OPTIDX,NIFTY,30-Jun-2022,18150.0,PE,0.0,0.0,0.0,1087.2,1206.45,0,0.0,0,0,18-APR-2022,
OPTIDX,NIFTY,30-Jun-2022,18200.0,PE,1060.1,1098.35,851.05,1005.0,1005.0,7,67.35,600,-50,18-APR-2022,
OPTIDX,NIFTY,30-Jun-2022,18250.0,PE,0.0,0.0,0.0,1149.2,1276.15,0,0.0,0,0,18-APR-2022,
OPTIDX,NIFTY,30-Jun-2022,18300.0,PE,0.0,0.0,0.0,925.0,1311.7,0,0.0,1200,0,18-APR-2022,
OPTIDX,NIFTY,30-Jun-2022,18350.0,PE,0.0,0.0,0.0,1212.95,1347.65,0,0.0,0,0,18-APR-2022,
OPTIDX,NIFTY,30-Jun-2022,18400.0,PE,1200.3,1200.3,1200.3,1200.3,1384.05,1,9.8,200,50,18-APR-2022,
OPTIDX,NIFTY,30-Jun-2022,18450.0,PE,0.0,0.0,0.0,1278.45,1421.65,0,0.0,0,0,18-APR-2022,
OPTIDX,NIFTY,30-Jun-2022,18500.0,PE,1288.55,1389.25,1263.15,1306.7,1306.7,405,4010.63,31350,-900,18-APR-2022,
OPTIDX,NIFTY,30-Jun-2022,18550.0,PE,0.0,0.0,0.0,1345.65,1496.7,0,0.0,0,0,18-APR-2022,
OPTIDX,NIFTY,30-Jun-2022,18600.0,PE,0.0,0.0,0.0,1379.85,1534.85,0,0.0,0,0,18-APR-2022,
OPTIDX,NIFTY,30-Jun-2022,18650.0,PE,0.0,0.0,0.0,1414.45,1572.65,0,0.0,0,0,18-APR-2022,
OPTIDX,NIFTY,30-Jun-2022,18700.0,PE,0.0,0.0,0.0,1449.45,1611.45,0,0.0,0,0,18-APR-2022,
OPTIDX,NIFTY,30-Jun-2022,18750.0,PE,0.0,0.0,0.0,1484.85,1650.7,0,0.0,0,0,18-APR-2022,
OPTIDX,NIFTY,30-Jun-2022,18800.0,PE,0.0,0.0,0.0,1520.6,1690.25,0,0.0,0,0,18-APR-2022,
OPTIDX,NIFTY,30-Jun-2022,18850.0,PE,0.0,0.0,0.0,1556.75,1730.2,0,0.0,0,0,18-APR-2022,
OPTIDX,NIFTY,30-Jun-2022,18900.0,PE,0.0,0.0,0.0,1593.3,1770.45,0,0.0,0,0,18-APR-2022,
OPTIDX,NIFTY,30-Jun-2022,18950.0,PE,0.0,0.0,0.0,1631.0,1811.1,0,0.0,0,0,18-APR-2022,
OPTIDX,NIFTY,30-Jun-2022,19000.0,PE,1722.35,1816.75,1688.95,1713.1,1713.1,133,1379.6,36550,950,18-APR-2022,
OPTIDX,NIFTY,30-Jun-2022,19050.0,PE,0.0,0.0,0.0,1550.5,1893.3,0,0.0,0,0,18-APR-2022,
OPTIDX,NIFTY,30-Jun-2022,19100.0,PE,0.0,0.0,0.0,1587.1,1934.85,0,0.0,0,0,18-APR-2022,
OPTIDX,NIFTY,30-Jun-2022,19150.0,PE,0.0,0.0,0.0,1624.85,1976.75,0,0.0,0,0,18-APR-2022,
OPTIDX,NIFTY,30-Jun-2022,19200.0,PE,0.0,0.0,0.0,1396.45,2018.95,0,0.0,0,0,18-APR-2022,
OPTIDX,NIFTY,30-Jun-2022,19250.0,PE,0.0,0.0,0.0,1431.1,2061.4,0,0.0,0,0,18-APR-2022,
OPTIDX,NIFTY,30-Jun-2022,19300.0,PE,0.0,0.0,0.0,1466.15,2104.15,0,0.0,0,0,18-APR-2022,
OPTIDX,NIFTY,30-Jun-2022,19350.0,PE,0.0,0.0,0.0,1501.65,2147.15,0,0.0,0,0,18-APR-2022,
OPTIDX,NIFTY,30-Jun-2022,19400.0,PE,0.0,0.0,0.0,1537.45,2190.4,0,0.0,0,0,18-APR-2022,
OPTIDX,NIFTY,30-Jun-2022,19450.0,PE,0.0,0.0,0.0,1573.7,2233.95,0,0.0,0,0,18-APR-2022,
OPTIDX,NIFTY,30-Jun-2022,19500.0,PE,2140.5,2274.6,2140.5,2170.6,2170.6,106,1149.59,61150,2750,18-APR-2022,
OPTIDX,NIFTY,30-Jun-2022,19550.0,PE,0.0,0.0,0.0,1648.05,2321.75,0,0.0,0,0,18-APR-2022,
OPTIDX,NIFTY,30-Jun-2022,20000.0,PE,2600.0,2750.0,2600.0,2639.15,2639.15,111,1257.81,54850,1200,18-APR-2022,
OPTIDX,NIFTY,30-Jun-2022,21000.0,PE,3600.0,3713.0,3566.2,3597.2,3597.2,15,184.79,16600,500,18-APR-2022,
OPTIDX,NIFTY,30-Jun-2022,22000.0,PE,4664.4,4694.3,4664.4,4694.3,4647.0,2,26.67,100,50,18-APR-2022,
OPTIDX,NIFTY,30-Jun-2022,23000.0,PE,0.0,0.0,0.0,5308.15,5633.5,0,0.0,0,0,18-APR-2022,
OPTIDX,NIFTY,29-Sep-2022,11000.0,CE,0.0,0.0,0.0,5525.8,6382.5,0,0.0,0,0,18-APR-2022,
OPTIDX,NIFTY,29-Sep-2022,12000.0,CE,0.0,0.0,0.0,5584.3,5405.85,0,0.0,0,0,18-APR-2022,
OPTIDX,NIFTY,29-Sep-2022,13000.0,CE,0.0,0.0,0.0,4653.65,4443.1,0,0.0,0,0,18-APR-2022,
OPTIDX,NIFTY,29-Sep-2022,14000.0,CE,0.0,0.0,0.0,3265.3,3516.8,0,0.0,0,0,18-APR-2022,
OPTIDX,NIFTY,29-Sep-2022,14500.0,CE,0.0,0.0,0.0,2745.0,3077.85,0,0.0,50,0,18-APR-2022,
OPTIDX,NIFTY,29-Sep-2022,15000.0,CE,0.0,0.0,0.0,3000.0,2661.65,0,0.0,100,0,18-APR-2022,
OPTIDX,NIFTY,29-Sep-2022,16000.0,CE,0.0,0.0,0.0,2864.9,1915.25,0,0.0,0,0,18-APR-2022,
OPTIDX,NIFTY,29-Sep-2022,17000.0,CE,999.0,999.0,999.0,999.0,999.0,2,17.99,300,50,18-APR-2022,
OPTIDX,NIFTY,29-Sep-2022,18000.0,CE,706.0,706.0,509.0,528.25,528.25,31,287.88,4750,400,18-APR-2022,
OPTIDX,NIFTY,29-Sep-2022,19000.0,CE,273.0,306.6,228.0,249.5,249.5,32,307.93,1850,750,18-APR-2022,
OPTIDX,NIFTY,29-Sep-2022,20000.0,CE,0.0,0.0,0.0,136.95,304.0,0,0.0,550,0,18-APR-2022,
OPTIDX,NIFTY,29-Sep-2022,21000.0,CE,85.0,85.0,85.0,85.0,169.9,1,10.54,100,50,18-APR-2022,
OPTIDX,NIFTY,29-Sep-2022,22000.0,CE,0.0,0.0,0.0,229.05,91.05,0,0.0,0,0,18-APR-2022,
OPTIDX,NIFTY,29-Sep-2022,23000.0,CE,0.0,0.0,0.0,183.9,46.95,0,0.0,0,0,18-APR-2022,
OPTIDX,NIFTY,29-Sep-2022,11000.0,PE,0.0,0.0,0.0,5.3,0.8,0,0.0,0,0,18-APR-2022,
OPTIDX,NIFTY,29-Sep-2022,12000.0,PE,0.0,0.0,0.0,150.0,5.2,0,0.0,50,0,18-APR-2022,
OPTIDX,NIFTY,29-Sep-2022,13000.0,PE,0.0,0.0,0.0,32.7,23.55,0,0.0,2250,0,18-APR-2022,
OPTIDX,NIFTY,29-Sep-2022,14000.0,PE,65.05,75.0,65.05,75.0,78.3,3,21.1,6000,100,18-APR-2022,
OPTIDX,NIFTY,29-Sep-2022,15000.0,PE,169.0,169.0,122.0,122.0,122.0,5,37.87,2850,200,18-APR-2022,
OPTIDX,NIFTY,29-Sep-2022,16000.0,PE,245.0,290.0,245.0,279.65,439.0,63,512.22,4300,2200,18-APR-2022,
OPTIDX,NIFTY,29-Sep-2022,17000.0,PE,565.0,610.0,550.75,560.4,560.4,25,219.88,3650,400,18-APR-2022,
OPTIDX,NIFTY,29-Sep-2022,18000.0,PE,980.0,1071.95,949.35,982.9,982.9,35,332.35,5000,450,18-APR-2022,
OPTIDX,NIFTY,29-Sep-2022,19000.0,PE,0.0,0.0,0.0,1224.7,1986.15,0,0.0,1000,0,18-APR-2022,
OPTIDX,NIFTY,29-Sep-2022,20000.0,PE,0.0,0.0,0.0,1257.6,2752.05,0,0.0,50,0,18-APR-2022,
OPTIDX,NIFTY,29-Sep-2022,21000.0,PE,0.0,0.0,0.0,2807.95,3599.05,0,0.0,0,0,18-APR-2022,
OPTIDX,NIFTY,29-Sep-2022,22000.0,PE,0.0,0.0,0.0,4362.25,4501.25,0,0.0,0,0,18-APR-2022,
OPTIDX,NIFTY,29-Sep-2022,23000.0,PE,0.0,0.0,0.0,4875.25,5438.25,0,0.0,0,0,18-APR-2022,
OPTIDX,NIFTY,29-Dec-2022,11000.0,CE,0.0,0.0,0.0,5700.0,6501.2,0,0.0,3100,0,18-APR-2022,
OPTIDX,NIFTY,29-Dec-2022,11500.0,CE,0.0,0.0,0.0,5750.0,6021.8,0,0.0,3750,0,18-APR-2022,
OPTIDX,NIFTY,29-Dec-2022,12000.0,CE,0.0,0.0,0.0,6400.0,5546.8,0,0.0,150,0,18-APR-2022,
OPTIDX,NIFTY,29-Dec-2022,13000.0,CE,4431.1,4431.1,4431.1,4431.1,4619.7,1,8.71,8550,0,18-APR-2022,
OPTIDX,NIFTY,29-Dec-2022,13500.0,CE,0.0,0.0,0.0,2444.7,4173.35,0,0.0,3450,0,18-APR-2022,
OPTIDX,NIFTY,29-Dec-2022,14000.0,CE,0.0,0.0,0.0,4138.0,3742.8,0,0.0,22450,0,18-APR-2022,
OPTIDX,NIFTY,29-Dec-2022,14100.0,CE,0.0,0.0,0.0,4606.0,3658.9,0,0.0,112750,0,18-APR-2022,
OPTIDX,NIFTY,29-Dec-2022,14500.0,CE,0.0,0.0,0.0,3407.5,3331.45,0,0.0,3700,0,18-APR-2022,
OPTIDX,NIFTY,29-Dec-2022,15000.0,CE,2725.0,2765.0,2628.0,2750.0,2750.0,107,947.92,38225,250,18-APR-2022,
OPTIDX,NIFTY,29-Dec-2022,15500.0,CE,0.0,0.0,0.0,2622.7,2578.6,0,0.0,11400,0,18-APR-2022,
OPTIDX,NIFTY,29-Dec-2022,16000.0,CE,2050.0,2094.0,1976.1,2072.5,2072.5,32,288.31,64150,300,18-APR-2022,
OPTIDX,NIFTY,29-Dec-2022,16500.0,CE,1696.75,1696.75,1600.0,1655.0,1655.0,19,172.45,11750,500,18-APR-2022,
OPTIDX,NIFTY,29-Dec-2022,17000.0,CE,1422.8,1435.0,1341.05,1383.6,1383.6,481,4420.14,154150,7150,18-APR-2022,
OPTIDX,NIFTY,29-Dec-2022,17500.0,CE,953.1,1205.75,953.0,1080.2,1080.2,321,2984.29,126650,6700,18-APR-2022,
OPTIDX,NIFTY,29-Dec-2022,18000.0,CE,55.2,985.9,55.2,800.65,800.65,993,9341.69,260125,6350,18-APR-2022,
OPTIDX,NIFTY,29-Dec-2022,18500.0,CE,728.65,728.65,572.5,583.95,583.95,245,2339.67,34750,100,18-APR-2022,
OPTIDX,NIFTY,29-Dec-2022,19000.0,CE,494.1,525.0,424.95,428.5,428.5,718,6979.99,138650,6500,18-APR-2022,
OPTIDX,NIFTY,29-Dec-2022,19500.0,CE,366.0,366.0,318.5,322.25,322.25,107,1061.27,17800,-1150,18-APR-2022,
OPTIDX,NIFTY,29-Dec-2022,20000.0,CE,264.95,269.0,242.05,247.25,247.25,705,7139.64,164300,5100,18-APR-2022,
OPTIDX,NIFTY,29-Dec-2022,20500.0,CE,200.0,200.0,183.0,189.35,189.35,25,258.62,11400,50,18-APR-2022,
OPTIDX,NIFTY,29-Dec-2022,21000.0,CE,145.0,161.9,141.4,144.85,144.85,254,2685.74,66500,4350,18-APR-2022,
OPTIDX,NIFTY,29-Dec-2022,22000.0,CE,74.2,80.8,74.2,77.7,77.7,48,529.88,19450,200,18-APR-2022,
OPTIDX,NIFTY,29-Dec-2022,23000.0,CE,52.0,56.5,46.0,52.2,52.2,8,92.2,3400,300,18-APR-2022,
OPTIDX,NIFTY,29-Dec-2022,7500.0,PE,0.0,0.0,0.0,8.6,0.0,0,0.0,1050,0,18-APR-2022,
OPTIDX,NIFTY,29-Dec-2022,8500.0,PE,0.0,0.0,0.0,22.9,0.05,0,0.0,112700,0,18-APR-2022,
OPTIDX,NIFTY,29-Dec-2022,8700.0,PE,0.0,0.0,0.0,7.0,0.1,0,0.0,112500,0,18-APR-2022,
OPTIDX,NIFTY,29-Dec-2022,9000.0,PE,3.1,3.1,3.1,3.1,0.15,3,13.5,382725,0,18-APR-2022,
OPTIDX,NIFTY,29-Dec-2022,9500.0,PE,0.0,0.0,0.0,50.0,0.4,0,0.0,116625,0,18-APR-2022,
OPTIDX,NIFTY,29-Dec-2022,9700.0,PE,0.0,0.0,0.0,39.75,0.6,0,0.0,3075,0,18-APR-2022,
OPTIDX,NIFTY,29-Dec-2022,9900.0,PE,0.0,0.0,0.0,54.3,0.9,0,0.0,25,0,18-APR-2022,
OPTIDX,NIFTY,29-Dec-2022,10000.0,PE,0.0,0.0,0.0,59.75,1.1,0,0.0,227625,0,18-APR-2022,
OPTIDX,NIFTY,29-Dec-2022,10500.0,PE,0.0,0.0,0.0,64.95,2.6,0,0.0,308225,0,18-APR-2022,
OPTIDX,NIFTY,29-Dec-2022,10900.0,PE,0.0,0.0,0.0,698.0,4.95,0,0.0,75,0,18-APR-2022,
OPTIDX,NIFTY,29-Dec-2022,11000.0,PE,25.55,37.45,25.55,37.45,5.75,3,16.54,93575,0,18-APR-2022,
OPTIDX,NIFTY,29-Dec-2022,11100.0,PE,0.0,0.0,0.0,45.0,6.7,0,0.0,200,0,18-APR-2022,
OPTIDX,NIFTY,29-Dec-2022,11200.0,PE,0.0,0.0,0.0,2000.0,7.7,0,0.0,600,0,18-APR-2022,
OPTIDX,NIFTY,29-Dec-2022,11300.0,PE,0.0,0.0,0.0,160.0,8.9,0,0.0,1650,0,18-APR-2022,
OPTIDX,NIFTY,29-Dec-2022,11400.0,PE,0.0,0.0,0.0,943.4,10.2,0,0.0,225,0,18-APR-2022,
OPTIDX,NIFTY,29-Dec-2022,11500.0,PE,0.0,0.0,0.0,40.1,11.7,0,0.0,3225,0,18-APR-2022,
OPTIDX,NIFTY,29-Dec-2022,11600.0,PE,0.0,0.0,0.0,59.0,13.35,0,0.0,2550,0,18-APR-2022,
OPTIDX,NIFTY,29-Dec-2022,11700.0,PE,0.0,0.0,0.0,50.0,15.2,0,0.0,900,0,18-APR-2022,
OPTIDX,NIFTY,29-Dec-2022,11800.0,PE,0.0,0.0,0.0,40.0,17.25,0,0.0,3075,0,18-APR-2022,
OPTIDX,NIFTY,29-Dec-2022,11900.0,PE,0.0,0.0,0.0,43.0,19.55,0,0.0,6900,0,18-APR-2022,
OPTIDX,NIFTY,29-Dec-2022,12000.0,PE,45.45,56.9,45.45,56.9,22.1,11,66.26,30925,300,18-APR-2022,
OPTIDX,NIFTY,29-Dec-2022,12100.0,PE,0.0,0.0,0.0,100.0,24.9,0,0.0,10725,0,18-APR-2022,
OPTIDX,NIFTY,29-Dec-2022,12200.0,PE,0.0,0.0,0.0,76.5,28.0,0,0.0,11175,0,18-APR-2022,
OPTIDX,NIFTY,29-Dec-2022,12300.0,PE,0.0,0.0,0.0,98.55,31.4,0,0.0,6000,0,18-APR-2022,
OPTIDX,NIFTY,29-Dec-2022,12500.0,PE,75.0,75.0,55.0,55.0,39.2,2,12.56,13175,-50,18-APR-2022,
OPTIDX,NIFTY,29-Dec-2022,12600.0,PE,0.0,0.0,0.0,120.0,43.65,0,0.0,4575,0,18-APR-2022,
OPTIDX,NIFTY,29-Dec-2022,12700.0,PE,0.0,0.0,0.0,100.0,48.55,0,0.0,11850,0,18-APR-2022,
OPTIDX,NIFTY,29-Dec-2022,12800.0,PE,0.0,0.0,0.0,65.0,53.8,0,0.0,185575,0,18-APR-2022,
OPTIDX,NIFTY,29-Dec-2022,12900.0,PE,49.65,49.65,49.65,49.65,59.55,1,6.47,6800,50,18-APR-2022,
OPTIDX,NIFTY,29-Dec-2022,13000.0,PE,98.0,100.0,80.0,84.55,84.55,62,405.71,30400,400,18-APR-2022,
OPTIDX,NIFTY,29-Dec-2022,13100.0,PE,0.0,0.0,0.0,78.0,72.45,0,0.0,1100,0,18-APR-2022,
OPTIDX,NIFTY,29-Dec-2022,13500.0,PE,100.0,104.0,92.0,100.0,100.0,8,54.39,6100,50,18-APR-2022,
OPTIDX,NIFTY,29-Dec-2022,14000.0,PE,126.15,142.0,121.2,126.25,126.25,155,1095.02,85900,-100,18-APR-2022,
OPTIDX,NIFTY,29-Dec-2022,14100.0,PE,0.0,0.0,0.0,115.0,172.75,0,0.0,112900,0,18-APR-2022,
OPTIDX,NIFTY,29-Dec-2022,14500.0,PE,151.1,184.95,151.1,160.0,160.0,74,542.66,19250,1150,18-APR-2022,
OPTIDX,NIFTY,29-Dec-2022,15000.0,PE,199.95,238.0,199.95,219.25,219.25,552,4201.62,174725,4750,18-APR-2022,
OPTIDX,NIFTY,29-Dec-2022,15500.0,PE,282.6,321.35,257.95,298.45,298.45,420,3318.44,158350,5800,18-APR-2022,
OPTIDX,NIFTY,29-Dec-2022,16000.0,PE,399.25,440.55,374.8,408.8,408.8,430,3528.95,199800,1100,18-APR-2022,
OPTIDX,NIFTY,29-Dec-2022,16500.0,PE,477.45,580.0,477.45,532.05,532.05,235,2002.43,72050,3300,18-APR-2022,
OPTIDX,NIFTY,29-Dec-2022,17000.0,PE,585.15,737.0,585.15,690.25,690.25,914,8091.06,314150,13850,18-APR-2022,
OPTIDX,NIFTY,29-Dec-2022,17500.0,PE,4.0,919.5,4.0,863.7,863.7,464,4262.99,315650,1750,18-APR-2022,
OPTIDX,NIFTY,29-Dec-2022,18000.0,PE,3.0,1140.0,3.0,1065.55,1065.55,852,8131.55,327100,5600,18-APR-2022,
OPTIDX,NIFTY,29-Dec-2022,18500.0,PE,1300.0,1400.0,1276.85,1313.3,1313.3,215,2132.96,47950,500,18-APR-2022,
OPTIDX,NIFTY,29-Dec-2022,19000.0,PE,1650.0,1696.2,1574.2,1609.55,1609.55,267,2755.42,60050,2750,18-APR-2022,
OPTIDX,NIFTY,29-Dec-2022,20000.0,PE,2490.0,2499.9,2383.0,2420.0,2420.0,41,459.43,25200,1350,18-APR-2022,
OPTIDX,NIFTY,29-Dec-2022,21000.0,PE,3200.0,3200.0,3200.0,3200.0,3579.25,1,12.1,2650,0,18-APR-2022,
OPTIDX,NIFTY,29-Dec-2022,22000.0,PE,0.0,0.0,0.0,4303.2,4419.6,0,0.0,0,0,18-APR-2022,
OPTIDX,NIFTY,29-Dec-2022,23000.0,PE,0.0,0.0,0.0,4792.85,5303.1,0,0.0,0,0,18-APR-2022,
OPTIDX,NIFTY,30-Mar-2023,12000.0,CE,0.0,0.0,0.0,6007.65,5694.95,0,0.0,0,0,18-APR-2022,
OPTIDX,NIFTY,30-Mar-2023,13000.0,CE,0.0,0.0,0.0,5112.4,4801.6,0,0.0,0,0,18-APR-2022,
OPTIDX,NIFTY,30-Mar-2023,14000.0,CE,0.0,0.0,0.0,4268.65,3963.95,0,0.0,0,0,18-APR-2022,
OPTIDX,NIFTY,30-Mar-2023,15000.0,CE,0.0,0.0,0.0,3494.4,3201.3,0,0.0,0,0,18-APR-2022,
OPTIDX,NIFTY,30-Mar-2023,16000.0,CE,0.0,0.0,0.0,2804.4,2528.35,0,0.0,0,0,18-APR-2022,
OPTIDX,NIFTY,30-Mar-2023,17000.0,CE,0.0,0.0,0.0,2206.6,1954.7,0,0.0,0,0,18-APR-2022,
OPTIDX,NIFTY,30-Mar-2023,18000.0,CE,0.0,0.0,0.0,1704.7,1480.35,0,0.0,0,0,18-APR-2022,
OPTIDX,NIFTY,30-Mar-2023,19000.0,CE,0.0,0.0,0.0,1294.15,1099.75,0,0.0,0,0,18-APR-2022,
OPTIDX,NIFTY,30-Mar-2023,20000.0,CE,0.0,0.0,0.0,966.75,802.6,0,0.0,0,0,18-APR-2022,
OPTIDX,NIFTY,30-Mar-2023,21000.0,CE,0.0,0.0,0.0,712.55,577.6,0,0.0,0,0,18-APR-2022,
OPTIDX,NIFTY,30-Mar-2023,22000.0,CE,0.0,0.0,0.0,517.6,408.6,0,0.0,0,0,18-APR-2022,
OPTIDX,NIFTY,30-Mar-2023,23000.0,CE,0.0,0.0,0.0,403.1,285.5,0,0.0,0,0,18-APR-2022,
OPTIDX,NIFTY,30-Mar-2023,12000.0,PE,0.0,0.0,0.0,46.05,47.45,0,0.0,0,0,18-APR-2022,
OPTIDX,NIFTY,30-Mar-2023,13000.0,PE,0.0,0.0,0.0,109.4,114.6,0,0.0,0,0,18-APR-2022,
OPTIDX,NIFTY,30-Mar-2023,14000.0,PE,0.0,0.0,0.0,224.3,237.5,0,0.0,0,0,18-APR-2022,
OPTIDX,NIFTY,30-Mar-2023,15000.0,PE,0.0,0.0,0.0,408.65,435.35,0,0.0,0,0,18-APR-2022,
OPTIDX,NIFTY,30-Mar-2023,16000.0,PE,0.0,0.0,0.0,677.2,722.9,0,0.0,0,0,18-APR-2022,
OPTIDX,NIFTY,30-Mar-2023,17000.0,PE,0.0,0.0,0.0,1038.0,1109.75,0,0.0,0,0,18-APR-2022,
OPTIDX,NIFTY,30-Mar-2023,18000.0,PE,0.0,0.0,0.0,1494.7,1595.95,0,0.0,0,0,18-APR-2022,
OPTIDX,NIFTY,30-Mar-2023,19000.0,PE,0.0,0.0,0.0,2042.75,2175.85,0,0.0,0,0,18-APR-2022,
OPTIDX,NIFTY,30-Mar-2023,20000.0,PE,0.0,0.0,0.0,2673.95,2839.2,0,0.0,0,0,18-APR-2022,
OPTIDX,NIFTY,30-Mar-2023,21000.0,PE,0.0,0.0,0.0,3378.35,3574.75,0,0.0,0,0,18-APR-2022,
OPTIDX,NIFTY,30-Mar-2023,22000.0,PE,0.0,0.0,0.0,4142.0,4366.25,0,0.0,0,0,18-APR-2022,
OPTIDX,NIFTY,30-Mar-2023,23000.0,PE,0.0,0.0,0.0,4788.1,5203.65,0,0.0,0,0,18-APR-2022,
OPTIDX,NIFTY,29-Jun-2023,8500.0,CE,0.0,0.0,0.0,1775.0,9096.5,0,0.0,15975,0,18-APR-2022,
OPTIDX,NIFTY,29-Jun-2023,9500.0,CE,0.0,0.0,0.0,3103.0,8150.3,0,0.0,4050,0,18-APR-2022,
OPTIDX,NIFTY,29-Jun-2023,11000.0,CE,0.0,0.0,0.0,2420.0,6750.35,0,0.0,14925,0,18-APR-2022,
OPTIDX,NIFTY,29-Jun-2023,12000.0,CE,0.0,0.0,0.0,6006.95,5846.1,0,0.0,0,0,18-APR-2022,
OPTIDX,NIFTY,29-Jun-2023,13000.0,CE,0.0,0.0,0.0,4381.7,4982.75,0,0.0,0,0,18-APR-2022,
OPTIDX,NIFTY,29-Jun-2023,13500.0,CE,0.0,0.0,0.0,2784.25,4571.65,0,0.0,3450,0,18-APR-2022,
OPTIDX,NIFTY,29-Jun-2023,14000.0,CE,0.0,0.0,0.0,4500.0,4176.85,0,0.0,50,0,18-APR-2022,
OPTIDX,NIFTY,29-Jun-2023,14500.0,CE,0.0,0.0,0.0,2609.85,3800.05,0,0.0,2025,0,18-APR-2022,
OPTIDX,NIFTY,29-Jun-2023,15000.0,CE,0.0,0.0,0.0,2614.95,3443.3,0,0.0,3225,0,18-APR-2022,
OPTIDX,NIFTY,29-Jun-2023,15500.0,CE,0.0,0.0,0.0,2607.35,3106.55,0,0.0,825,0,18-APR-2022,
OPTIDX,NIFTY,29-Jun-2023,16000.0,CE,0.0,0.0,0.0,2037.65,2790.8,0,0.0,0,0,18-APR-2022,
OPTIDX,NIFTY,29-Jun-2023,17000.0,CE,0.0,0.0,0.0,2129.1,2227.35,0,0.0,0,0,18-APR-2022,
OPTIDX,NIFTY,29-Jun-2023,18000.0,CE,0.0,0.0,0.0,2238.2,1751.35,0,0.0,0,0,18-APR-2022,
OPTIDX,NIFTY,29-Jun-2023,19000.0,CE,0.0,0.0,0.0,1652.7,1358.3,0,0.0,0,0,18-APR-2022,
OPTIDX,NIFTY,29-Jun-2023,20000.0,CE,0.0,0.0,0.0,1674.3,1040.25,0,0.0,0,0,18-APR-2022,
OPTIDX,NIFTY,29-Jun-2023,21000.0,CE,0.0,0.0,0.0,1617.8,788.6,0,0.0,0,0,18-APR-2022,
OPTIDX,NIFTY,29-Jun-2023,22000.0,CE,0.0,0.0,0.0,727.5,591.85,0,0.0,0,0,18-APR-2022,
OPTIDX,NIFTY,29-Jun-2023,23000.0,CE,0.0,0.0,0.0,652.75,439.25,0,0.0,0,0,18-APR-2022,
OPTIDX,NIFTY,29-Jun-2023,10000.0,PE,0.0,0.0,0.0,27.0,10.2,0,0.0,88700,0,18-APR-2022,
OPTIDX,NIFTY,29-Jun-2023,10500.0,PE,0.0,0.0,0.0,35.0,18.3,0,0.0,150225,0,18-APR-2022,
OPTIDX,NIFTY,29-Jun-2023,11000.0,PE,0.0,0.0,0.0,142.0,30.95,0,0.0,281250,0,18-APR-2022,
OPTIDX,NIFTY,29-Jun-2023,11500.0,PE,0.0,0.0,0.0,91.05,49.95,0,0.0,250,0,18-APR-2022,
OPTIDX,NIFTY,29-Jun-2023,11900.0,PE,0.0,0.0,0.0,87.0,70.95,0,0.0,2175,0,18-APR-2022,
OPTIDX,NIFTY,29-Jun-2023,12000.0,PE,0.0,0.0,0.0,90.8,77.1,0,0.0,0,0,18-APR-2022,
OPTIDX,NIFTY,29-Jun-2023,12100.0,PE,0.0,0.0,0.0,144.0,83.7,0,0.0,4800,0,18-APR-2022,
OPTIDX,NIFTY,29-Jun-2023,12200.0,PE,0.0,0.0,0.0,120.0,90.7,0,0.0,775,0,18-APR-2022,
OPTIDX,NIFTY,29-Jun-2023,13000.0,PE,0.0,0.0,0.0,679.5,164.2,0,0.0,0,0,18-APR-2022,
OPTIDX,NIFTY,29-Jun-2023,13500.0,PE,0.0,0.0,0.0,200.05,228.25,0,0.0,2250,0,18-APR-2022,
OPTIDX,NIFTY,29-Jun-2023,14000.0,PE,0.0,0.0,0.0,266.5,308.65,0,0.0,6325,0,18-APR-2022,
OPTIDX,NIFTY,29-Jun-2023,15000.0,PE,0.0,0.0,0.0,350.0,525.5,0,0.0,50,0,18-APR-2022,
OPTIDX,NIFTY,29-Jun-2023,16000.0,PE,0.0,0.0,0.0,980.0,823.4,0,0.0,500,0,18-APR-2022,
OPTIDX,NIFTY,29-Jun-2023,17000.0,PE,0.0,0.0,0.0,3314.85,1210.3,0,0.0,0,0,18-APR-2022,
OPTIDX,NIFTY,29-Jun-2023,18000.0,PE,0.0,0.0,0.0,3390.65,1684.7,0,0.0,0,0,18-APR-2022,
OPTIDX,NIFTY,29-Jun-2023,19000.0,PE,0.0,0.0,0.0,3072.9,2242.05,0,0.0,0,0,18-APR-2022,
OPTIDX,NIFTY,29-Jun-2023,20000.0,PE,0.0,0.0,0.0,3015.3,2874.4,0,0.0,0,0,18-APR-2022,
OPTIDX,NIFTY,29-Jun-2023,21000.0,PE,0.0,0.0,0.0,2946.5,3573.15,0,0.0,0,0,18-APR-2022,
OPTIDX,NIFTY,29-Jun-2023,22000.0,PE,0.0,0.0,0.0,4217.9,4326.75,0,0.0,0,0,18-APR-2022,
OPTIDX,NIFTY,29-Jun-2023,23000.0,PE,0.0,0.0,0.0,4671.75,5124.55,0,0.0,0,0,18-APR-2022,
OPTIDX,NIFTY,28-Dec-2023,11000.0,CE,0.0,0.0,0.0,6166.1,7006.5,0,0.0,0,0,18-APR-2022,
OPTIDX,NIFTY,28-Dec-2023,12000.0,CE,0.0,0.0,0.0,6288.3,6148.1,0,0.0,0,0,18-APR-2022,
OPTIDX,NIFTY,28-Dec-2023,13000.0,CE,0.0,0.0,0.0,4719.55,5334.7,0,0.0,0,0,18-APR-2022,
OPTIDX,NIFTY,28-Dec-2023,14000.0,CE,0.0,0.0,0.0,2622.8,4577.65,0,0.0,0,0,18-APR-2022,
OPTIDX,NIFTY,28-Dec-2023,14500.0,CE,0.0,0.0,0.0,3006.8,4223.65,0,0.0,975,0,18-APR-2022,
OPTIDX,NIFTY,28-Dec-2023,15000.0,CE,0.0,0.0,0.0,2729.25,3886.1,0,0.0,1300,0,18-APR-2022,
OPTIDX,NIFTY,28-Dec-2023,15500.0,CE,0.0,0.0,0.0,2500.0,3566.3,0,0.0,2850,0,18-APR-2022,
OPTIDX,NIFTY,28-Dec-2023,16000.0,CE,0.0,0.0,0.0,2050.0,3264.05,0,0.0,1550,0,18-APR-2022,
OPTIDX,NIFTY,28-Dec-2023,16500.0,CE,0.0,0.0,0.0,2690.0,2981.05,0,0.0,2650,0,18-APR-2022,
OPTIDX,NIFTY,28-Dec-2023,17000.0,CE,0.0,0.0,0.0,2989.95,2716.35,0,0.0,1700,0,18-APR-2022,
OPTIDX,NIFTY,28-Dec-2023,17500.0,CE,0.0,0.0,0.0,2609.95,2469.65,0,0.0,5325,0,18-APR-2022,
OPTIDX,NIFTY,28-Dec-2023,18000.0,CE,0.0,0.0,0.0,2770.0,2240.6,0,0.0,3500,0,18-APR-2022,
OPTIDX,NIFTY,28-Dec-2023,18500.0,CE,0.0,0.0,0.0,1490.05,2028.75,0,0.0,1850,0,18-APR-2022,
OPTIDX,NIFTY,28-Dec-2023,19000.0,CE,0.0,0.0,0.0,800.0,1833.4,0,0.0,50,0,18-APR-2022,
OPTIDX,NIFTY,28-Dec-2023,20000.0,CE,0.0,0.0,0.0,1700.0,1489.35,0,0.0,350,0,18-APR-2022,
OPTIDX,NIFTY,28-Dec-2023,21000.0,CE,0.0,0.0,0.0,850.0,1202.0,0,0.0,2200,0,18-APR-2022,
OPTIDX,NIFTY,28-Dec-2023,22000.0,CE,0.0,0.0,0.0,1075.6,965.55,0,0.0,0,0,18-APR-2022,
OPTIDX,NIFTY,28-Dec-2023,23000.0,CE,0.0,0.0,0.0,992.8,771.5,0,0.0,0,0,18-APR-2022,
OPTIDX,NIFTY,28-Dec-2023,11000.0,PE,0.0,0.0,0.0,129.95,67.9,0,0.0,125,0,18-APR-2022,
OPTIDX,NIFTY,28-Dec-2023,12000.0,PE,0.0,0.0,0.0,144.3,139.95,0,0.0,0,0,18-APR-2022,
OPTIDX,NIFTY,28-Dec-2023,12700.0,PE,0.0,0.0,0.0,170.0,216.5,0,0.0,450,0,18-APR-2022,
OPTIDX,NIFTY,28-Dec-2023,13000.0,PE,0.0,0.0,0.0,790.6,257.05,0,0.0,0,0,18-APR-2022,
OPTIDX,NIFTY,28-Dec-2023,13500.0,PE,0.0,0.0,0.0,275.0,336.1,0,0.0,11050,0,18-APR-2022,
OPTIDX,NIFTY,28-Dec-2023,14000.0,PE,0.0,0.0,0.0,306.05,430.45,0,0.0,30750,0,18-APR-2022,
OPTIDX,NIFTY,28-Dec-2023,14500.0,PE,0.0,0.0,0.0,1058.0,541.7,0,0.0,49500,0,18-APR-2022,
OPTIDX,NIFTY,28-Dec-2023,15000.0,PE,0.0,0.0,0.0,395.0,669.35,0,0.0,23750,0,18-APR-2022,
OPTIDX,NIFTY,28-Dec-2023,16000.0,PE,0.0,0.0,0.0,562.45,977.8,0,0.0,1600,0,18-APR-2022,
OPTIDX,NIFTY,28-Dec-2023,17000.0,PE,0.0,0.0,0.0,3381.7,1360.5,0,0.0,0,0,18-APR-2022,
OPTIDX,NIFTY,28-Dec-2023,17500.0,PE,0.0,0.0,0.0,1170.1,1579.05,0,0.0,250,0,18-APR-2022,
OPTIDX,NIFTY,28-Dec-2023,18000.0,PE,0.0,0.0,0.0,1900.05,1815.25,0,0.0,50,0,18-APR-2022,
OPTIDX,NIFTY,28-Dec-2023,19000.0,PE,0.0,0.0,0.0,1600.0,2338.5,0,0.0,100,0,18-APR-2022,
OPTIDX,NIFTY,28-Dec-2023,20000.0,PE,0.0,0.0,0.0,3074.95,2924.9,0,0.0,0,0,18-APR-2022,
OPTIDX,NIFTY,28-Dec-2023,21000.0,PE,0.0,0.0,0.0,3002.75,3568.0,0,0.0,0,0,18-APR-2022,
OPTIDX,NIFTY,28-Dec-2023,22000.0,PE,0.0,0.0,0.0,4148.25,4262.05,0,0.0,0,0,18-APR-2022,
OPTIDX,NIFTY,28-Dec-2023,23000.0,PE,0.0,0.0,0.0,4574.85,4998.45,0,0.0,0,0,18-APR-2022,
OPTIDX,NIFTY,27-Jun-2024,11000.0,CE,0.0,0.0,0.0,6420.8,7261.55,0,0.0,0,0,18-APR-2022,
OPTIDX,NIFTY,27-Jun-2024,12000.0,CE,0.0,0.0,0.0,6562.3,6442.8,0,0.0,0,0,18-APR-2022,
OPTIDX,NIFTY,27-Jun-2024,13000.0,CE,0.0,0.0,0.0,5034.25,5669.5,0,0.0,0,0,18-APR-2022,
OPTIDX,NIFTY,27-Jun-2024,14000.0,CE,0.0,0.0,0.0,2914.15,4949.5,0,0.0,0,0,18-APR-2022,
OPTIDX,NIFTY,27-Jun-2024,15000.0,CE,0.0,0.0,0.0,2564.05,4288.9,0,0.0,0,0,18-APR-2022,
OPTIDX,NIFTY,27-Jun-2024,16000.0,CE,0.0,0.0,0.0,2666.1,3689.5,0,0.0,0,0,18-APR-2022,
OPTIDX,NIFTY,27-Jun-2024,17000.0,CE,0.0,0.0,0.0,2803.35,3154.5,0,0.0,0,0,18-APR-2022,
OPTIDX,NIFTY,27-Jun-2024,18000.0,CE,0.0,0.0,0.0,2100.0,2681.5,0,0.0,3325,0,18-APR-2022,
OPTIDX,NIFTY,27-Jun-2024,18500.0,CE,0.0,0.0,0.0,2811.9,2467.4,0,0.0,975,0,18-APR-2022,
OPTIDX,NIFTY,27-Jun-2024,19000.0,CE,0.0,0.0,0.0,2405.4,2267.6,0,0.0,0,0,18-APR-2022,
OPTIDX,NIFTY,27-Jun-2024,20000.0,CE,0.0,0.0,0.0,1999.9,1908.7,0,0.0,250,0,18-APR-2022,
OPTIDX,NIFTY,27-Jun-2024,21000.0,CE,0.0,0.0,0.0,2453.15,1600.0,0,0.0,0,0,18-APR-2022,
OPTIDX,NIFTY,27-Jun-2024,22000.0,CE,0.0,0.0,0.0,1419.95,1336.4,0,0.0,0,0,18-APR-2022,
OPTIDX,NIFTY,27-Jun-2024,23000.0,CE,0.0,0.0,0.0,1333.75,1113.85,0,0.0,0,0,18-APR-2022,
OPTIDX,NIFTY,27-Jun-2024,11000.0,PE,0.0,0.0,0.0,138.65,108.35,0,0.0,0,0,18-APR-2022,
OPTIDX,NIFTY,27-Jun-2024,12000.0,PE,0.0,0.0,0.0,195.05,200.55,0,0.0,0,0,18-APR-2022,
OPTIDX,NIFTY,27-Jun-2024,13000.0,PE,0.0,0.0,0.0,882.9,338.2,0,0.0,0,0,18-APR-2022,
OPTIDX,NIFTY,27-Jun-2024,14000.0,PE,0.0,0.0,0.0,352.5,529.2,0,0.0,10475,0,18-APR-2022,
OPTIDX,NIFTY,27-Jun-2024,15000.0,PE,0.0,0.0,0.0,479.5,779.5,0,0.0,7175,0,18-APR-2022,
OPTIDX,NIFTY,27-Jun-2024,16000.0,PE,0.0,0.0,0.0,3468.45,1091.05,0,0.0,0,0,18-APR-2022,
OPTIDX,NIFTY,27-Jun-2024,17000.0,PE,0.0,0.0,0.0,3432.4,1467.0,0,0.0,0,0,18-APR-2022,
OPTIDX,NIFTY,27-Jun-2024,18000.0,PE,0.0,0.0,0.0,3517.55,1904.95,0,0.0,0,0,18-APR-2022,
OPTIDX,NIFTY,27-Jun-2024,19000.0,PE,0.0,0.0,0.0,3169.85,2402.0,0,0.0,0,0,18-APR-2022,
OPTIDX,NIFTY,27-Jun-2024,20000.0,PE,0.0,0.0,0.0,3115.45,2954.05,0,0.0,0,0,18-APR-2022,
OPTIDX,NIFTY,27-Jun-2024,21000.0,PE,0.0,0.0,0.0,3039.2,3556.3,0,0.0,0,0,18-APR-2022,
OPTIDX,NIFTY,27-Jun-2024,22000.0,PE,0.0,0.0,0.0,4083.25,4203.65,0,0.0,0,0,18-APR-2022,
OPTIDX,NIFTY,27-Jun-2024,23000.0,PE,0.0,0.0,0.0,4487.65,4892.05,0,0.0,0,0,18-APR-2022,
OPTIDX,NIFTY,26-Dec-2024,11000.0,CE,0.0,0.0,0.0,6668.45,7511.7,0,0.0,0,0,18-APR-2022,
OPTIDX,NIFTY,26-Dec-2024,12000.0,CE,0.0,0.0,0.0,6827.35,6727.35,0,0.0,0,0,18-APR-2022,
OPTIDX,NIFTY,26-Dec-2024,13000.0,CE,0.0,0.0,0.0,5329.9,5987.35,0,0.0,0,0,18-APR-2022,
OPTIDX,NIFTY,26-Dec-2024,14000.0,CE,0.0,0.0,0.0,3189.4,5298.0,0,0.0,0,0,18-APR-2022,
OPTIDX,NIFTY,26-Dec-2024,15000.0,CE,0.0,0.0,0.0,2836.7,4661.8,0,0.0,0,0,18-APR-2022,
OPTIDX,NIFTY,26-Dec-2024,16000.0,CE,0.0,0.0,0.0,3520.0,4081.6,0,0.0,4450,0,18-APR-2022,
OPTIDX,NIFTY,26-Dec-2024,17000.0,CE,0.0,0.0,0.0,1751.95,3557.25,0,0.0,50,0,18-APR-2022,
OPTIDX,NIFTY,26-Dec-2024,18000.0,CE,0.0,0.0,0.0,3290.0,3088.3,0,0.0,8100,0,18-APR-2022,
OPTIDX,NIFTY,26-Dec-2024,18500.0,CE,0.0,0.0,0.0,2930.5,2873.65,0,0.0,200,0,18-APR-2022,
OPTIDX,NIFTY,26-Dec-2024,19000.0,CE,0.0,0.0,0.0,1250.0,2671.65,0,0.0,100,0,18-APR-2022,
OPTIDX,NIFTY,26-Dec-2024,20000.0,CE,0.0,0.0,0.0,2834.5,2304.0,0,0.0,0,0,18-APR-2022,
OPTIDX,NIFTY,26-Dec-2024,21000.0,CE,0.0,0.0,0.0,2835.55,1981.45,0,0.0,0,0,18-APR-2022,
OPTIDX,NIFTY,26-Dec-2024,22000.0,CE,0.0,0.0,0.0,1758.15,1700.0,0,0.0,0,0,18-APR-2022,
OPTIDX,NIFTY,26-Dec-2024,23000.0,CE,0.0,0.0,0.0,1671.85,1455.55,0,0.0,0,0,18-APR-2022,
OPTIDX,NIFTY,26-Dec-2024,11000.0,PE,0.0,0.0,0.0,178.8,148.4,0,0.0,0,0,18-APR-2022,
OPTIDX,NIFTY,26-Dec-2024,12000.0,PE,0.0,0.0,0.0,241.3,255.85,0,0.0,0,0,18-APR-2022,
OPTIDX,NIFTY,26-Dec-2024,13000.0,PE,0.0,0.0,0.0,960.3,407.75,0,0.0,0,0,18-APR-2022,
OPTIDX,NIFTY,26-Dec-2024,14000.0,PE,0.0,0.0,0.0,3299.85,610.25,0,0.0,0,0,18-APR-2022,
OPTIDX,NIFTY,26-Dec-2024,15000.0,PE,0.0,0.0,0.0,3397.7,865.9,0,0.0,0,0,18-APR-2022,
OPTIDX,NIFTY,26-Dec-2024,16000.0,PE,0.0,0.0,0.0,3504.15,1177.55,0,0.0,0,0,18-APR-2022,
OPTIDX,NIFTY,26-Dec-2024,17000.0,PE,0.0,0.0,0.0,3470.15,1545.0,0,0.0,0,0,18-APR-2022,
OPTIDX,NIFTY,26-Dec-2024,18000.0,PE,0.0,0.0,0.0,3557.65,1967.9,0,0.0,0,0,18-APR-2022,
OPTIDX,NIFTY,26-Dec-2024,19000.0,PE,0.0,0.0,0.0,3195.85,2443.15,0,0.0,0,0,18-APR-2022,
OPTIDX,NIFTY,26-Dec-2024,20000.0,PE,0.0,0.0,0.0,3141.5,2967.3,0,0.0,0,0,18-APR-2022,
OPTIDX,NIFTY,26-Dec-2024,21000.0,PE,0.0,0.0,0.0,3060.8,3536.6,0,0.0,0,0,18-APR-2022,
OPTIDX,NIFTY,26-Dec-2024,22000.0,PE,0.0,0.0,0.0,4020.4,4147.0,0,0.0,0,0,18-APR-2022,
OPTIDX,NIFTY,26-Dec-2024,23000.0,PE,0.0,0.0,0.0,4406.3,4794.4,0,0.0,0,0,18-APR-2022,
OPTIDX,NIFTY,26-Jun-2025,11000.0,CE,0.0,0.0,0.0,6908.25,7755.2,0,0.0,0,0,18-APR-2022,
OPTIDX,NIFTY,26-Jun-2025,12000.0,CE,0.0,0.0,0.0,7083.15,7001.15,0,0.0,0,0,18-APR-2022,
OPTIDX,NIFTY,26-Jun-2025,13000.0,CE,0.0,0.0,0.0,5609.35,6289.85,0,0.0,0,0,18-APR-2022,
OPTIDX,NIFTY,26-Jun-2025,14000.0,CE,0.0,0.0,0.0,3450.5,5625.95,0,0.0,0,0,18-APR-2022,
OPTIDX,NIFTY,26-Jun-2025,15000.0,CE,0.0,0.0,0.0,3095.8,5011.0,0,0.0,0,0,18-APR-2022,
OPTIDX,NIFTY,26-Jun-2025,16000.0,CE,0.0,0.0,0.0,3227.55,4446.85,0,0.0,0,0,18-APR-2022,
OPTIDX,NIFTY,26-Jun-2025,17000.0,CE,0.0,0.0,0.0,3405.1,3932.9,0,0.0,0,0,18-APR-2022,
OPTIDX,NIFTY,26-Jun-2025,18000.0,CE,0.0,0.0,0.0,3623.45,3468.9,0,0.0,0,0,18-APR-2022,
OPTIDX,NIFTY,26-Jun-2025,19000.0,CE,0.0,0.0,0.0,3077.9,3051.9,0,0.0,0,0,18-APR-2022,
OPTIDX,NIFTY,26-Jun-2025,20000.0,CE,0.0,0.0,0.0,3180.85,2679.15,0,0.0,0,0,18-APR-2022,
OPTIDX,NIFTY,26-Jun-2025,21000.0,CE,0.0,0.0,0.0,3199.45,2347.5,0,0.0,0,0,18-APR-2022,
OPTIDX,NIFTY,26-Jun-2025,22000.0,CE,0.0,0.0,0.0,2088.15,2053.55,0,0.0,0,0,18-APR-2022,
OPTIDX,NIFTY,26-Jun-2025,23000.0,CE,0.0,0.0,0.0,2003.65,1794.0,0,0.0,0,0,18-APR-2022,
OPTIDX,NIFTY,26-Jun-2025,11000.0,PE,0.0,0.0,0.0,215.4,186.15,0,0.0,0,0,18-APR-2022,
OPTIDX,NIFTY,26-Jun-2025,12000.0,PE,0.0,0.0,0.0,282.8,305.25,0,0.0,0,0,18-APR-2022,
OPTIDX,NIFTY,26-Jun-2025,13000.0,PE,0.0,0.0,0.0,1025.6,467.1,0,0.0,0,0,18-APR-2022,
OPTIDX,NIFTY,26-Jun-2025,14000.0,PE,0.0,0.0,0.0,645.0,676.4,0,0.0,625,0,18-APR-2022,
OPTIDX,NIFTY,26-Jun-2025,15000.0,PE,0.0,0.0,0.0,527.85,934.55,0,0.0,1650,0,18-APR-2022,
OPTIDX,NIFTY,26-Jun-2025,16000.0,PE,0.0,0.0,0.0,3530.0,1243.55,0,0.0,0,0,18-APR-2022,
OPTIDX,NIFTY,26-Jun-2025,17000.0,PE,0.0,0.0,0.0,3497.35,1602.75,0,0.0,0,0,18-APR-2022,
OPTIDX,NIFTY,26-Jun-2025,18000.0,PE,0.0,0.0,0.0,3586.15,2011.9,0,0.0,0,0,18-APR-2022,
OPTIDX,NIFTY,26-Jun-2025,19000.0,PE,0.0,0.0,0.0,3210.95,2468.05,0,0.0,0,0,18-APR-2022,
OPTIDX,NIFTY,26-Jun-2025,20000.0,PE,0.0,0.0,0.0,3156.05,2968.45,0,0.0,0,0,18-APR-2022,
OPTIDX,NIFTY,26-Jun-2025,21000.0,PE,0.0,0.0,0.0,3070.85,3509.95,0,0.0,0,0,18-APR-2022,
OPTIDX,NIFTY,26-Jun-2025,22000.0,PE,0.0,0.0,0.0,3957.4,4089.15,0,0.0,0,0,18-APR-2022,
OPTIDX,NIFTY,26-Jun-2025,23000.0,PE,0.0,0.0,0.0,4327.05,4702.7,0,0.0,0,0,18-APR-2022,
OPTIDX,NIFTY,24-Dec-2025,11000.0,CE,0.0,0.0,0.0,7138.9,7990.15,0,0.0,0,0,18-APR-2022,
OPTIDX,NIFTY,24-Dec-2025,12000.0,CE,0.0,0.0,0.0,7328.65,7263.05,0,0.0,0,0,18-APR-2022,
OPTIDX,NIFTY,24-Dec-2025,13000.0,CE,0.0,0.0,0.0,5873.4,6576.9,0,0.0,0,0,18-APR-2022,
OPTIDX,NIFTY,24-Dec-2025,14000.0,CE,0.0,0.0,0.0,4562.55,5935.2,0,0.0,0,0,18-APR-2022,
OPTIDX,NIFTY,24-Dec-2025,15000.0,CE,0.0,0.0,0.0,4179.8,5338.85,0,0.0,0,0,18-APR-2022,
OPTIDX,NIFTY,24-Dec-2025,16000.0,CE,0.0,0.0,0.0,5500.0,4789.05,0,0.0,50,0,18-APR-2022,
OPTIDX,NIFTY,24-Dec-2025,17000.0,CE,0.0,0.0,0.0,6230.0,4284.85,0,0.0,0,0,18-APR-2022,
OPTIDX,NIFTY,24-Dec-2025,18000.0,CE,0.0,0.0,0.0,3000.0,3826.35,0,0.0,50,0,18-APR-2022,
OPTIDX,NIFTY,24-Dec-2025,19000.0,CE,0.0,0.0,0.0,4000.0,3410.55,0,0.0,0,0,18-APR-2022,
OPTIDX,NIFTY,24-Dec-2025,19500.0,CE,1334.0,1334.0,1334.0,1334.0,3218.05,1,10.41,200,50,18-APR-2022,
OPTIDX,NIFTY,24-Dec-2025,20000.0,CE,0.0,0.0,0.0,2000.0,3035.25,0,0.0,0,0,18-APR-2022,
OPTIDX,NIFTY,24-Dec-2025,21000.0,CE,0.0,0.0,0.0,2499.0,2697.65,0,0.0,50,0,18-APR-2022,
OPTIDX,NIFTY,24-Dec-2025,22000.0,CE,0.0,0.0,0.0,1000.0,2394.95,0,0.0,50,0,18-APR-2022,
OPTIDX,NIFTY,24-Dec-2025,23000.0,CE,0.0,0.0,0.0,2326.6,2124.3,0,0.0,0,0,18-APR-2022,
OPTIDX,NIFTY,24-Dec-2025,11000.0,PE,0.0,0.0,0.0,248.15,220.8,0,0.0,0,0,18-APR-2022,
OPTIDX,NIFTY,24-Dec-2025,12000.0,PE,0.0,0.0,0.0,319.4,348.65,0,0.0,0,0,18-APR-2022,
OPTIDX,NIFTY,24-Dec-2025,13000.0,PE,0.0,0.0,0.0,1080.7,517.45,0,0.0,0,0,18-APR-2022,
OPTIDX,NIFTY,24-Dec-2025,14000.0,PE,0.0,0.0,0.0,2240.75,730.7,0,0.0,0,0,18-APR-2022,
OPTIDX,NIFTY,24-Dec-2025,15000.0,PE,0.0,0.0,0.0,2690.9,989.25,0,0.0,0,0,18-APR-2022,
OPTIDX,NIFTY,24-Dec-2025,16000.0,PE,0.0,0.0,0.0,674.0,1294.4,0,0.0,50,0,18-APR-2022,
OPTIDX,NIFTY,24-Dec-2025,16500.0,PE,0.0,0.0,0.0,1349.95,1464.35,0,0.0,50,0,18-APR-2022,
OPTIDX,NIFTY,24-Dec-2025,17000.0,PE,0.0,0.0,0.0,1270.0,1645.15,0,0.0,150,0,18-APR-2022,
OPTIDX,NIFTY,24-Dec-2025,18000.0,PE,0.0,0.0,0.0,3605.05,2041.55,0,0.0,0,0,18-APR-2022,
OPTIDX,NIFTY,24-Dec-2025,19000.0,PE,0.0,0.0,0.0,3217.4,2480.75,0,0.0,0,0,18-APR-2022,
OPTIDX,NIFTY,24-Dec-2025,20000.0,PE,0.0,0.0,0.0,3161.6,2960.35,0,0.0,0,0,18-APR-2022,
OPTIDX,NIFTY,24-Dec-2025,21000.0,PE,0.0,0.0,0.0,3071.9,3477.7,0,0.0,0,0,18-APR-2022,
OPTIDX,NIFTY,24-Dec-2025,22000.0,PE,0.0,0.0,0.0,3894.15,4029.95,0,0.0,0,0,18-APR-2022,
OPTIDX,NIFTY,24-Dec-2025,23000.0,PE,0.0,0.0,0.0,4249.5,4614.2,0,0.0,0,0,18-APR-2022,
OPTIDX,NIFTY,25-Jun-2026,11000.0,CE,0.0,0.0,0.0,7364.25,8220.25,0,0.0,0,0,18-APR-2022,
OPTIDX,NIFTY,25-Jun-2026,12000.0,CE,0.0,0.0,0.0,9500.0,7517.85,0,0.0,50,0,18-APR-2022,
OPTIDX,NIFTY,25-Jun-2026,13000.0,CE,0.0,0.0,0.0,6127.95,6854.5,0,0.0,0,0,18-APR-2022,
OPTIDX,NIFTY,25-Jun-2026,14000.0,CE,0.0,0.0,0.0,5657.55,6232.95,0,0.0,0,0,18-APR-2022,
OPTIDX,NIFTY,25-Jun-2026,15000.0,CE,0.0,0.0,0.0,5184.4,5653.5,0,0.0,0,0,18-APR-2022,
OPTIDX,NIFTY,25-Jun-2026,16000.0,CE,0.0,0.0,0.0,4748.3,5117.05,0,0.0,0,0,18-APR-2022,
OPTIDX,NIFTY,25-Jun-2026,17000.0,CE,0.0,0.0,0.0,4348.25,4622.35,0,0.0,0,0,18-APR-2022,
OPTIDX,NIFTY,25-Jun-2026,18000.0,CE,0.0,0.0,0.0,4577.7,4169.7,0,0.0,50,0,18-APR-2022,
OPTIDX,NIFTY,25-Jun-2026,19000.0,CE,0.0,0.0,0.0,3691.65,3756.3,0,0.0,0,0,18-APR-2022,
OPTIDX,NIFTY,25-Jun-2026,20000.0,CE,0.0,0.0,0.0,3829.5,3380.15,0,0.0,0,0,18-APR-2022,
OPTIDX,NIFTY,25-Jun-2026,21000.0,CE,0.0,0.0,0.0,3881.9,3038.85,0,0.0,0,0,18-APR-2022,
OPTIDX,NIFTY,25-Jun-2026,22000.0,CE,0.0,0.0,0.0,2722.55,2729.95,0,0.0,0,0,18-APR-2022,
OPTIDX,NIFTY,25-Jun-2026,23000.0,CE,0.0,0.0,0.0,2645.65,2450.95,0,0.0,0,0,18-APR-2022,
OPTIDX,NIFTY,25-Jun-2026,11000.0,PE,0.0,0.0,0.0,277.6,252.65,0,0.0,0,0,18-APR-2022,
OPTIDX,NIFTY,25-Jun-2026,12000.0,PE,0.0,0.0,0.0,352.1,387.15,0,0.0,0,0,18-APR-2022,
OPTIDX,NIFTY,25-Jun-2026,13000.0,PE,0.0,0.0,0.0,645.0,560.75,0,0.0,0,0,18-APR-2022,
OPTIDX,NIFTY,25-Jun-2026,14000.0,PE,0.0,0.0,0.0,1453.7,776.05,0,0.0,0,0,18-APR-2022,
OPTIDX,NIFTY,25-Jun-2026,15000.0,PE,0.0,0.0,0.0,800.0,1033.55,0,0.0,650,0,18-APR-2022,
OPTIDX,NIFTY,25-Jun-2026,16000.0,PE,0.0,0.0,0.0,2199.7,1334.0,0,0.0,0,0,18-APR-2022,
OPTIDX,NIFTY,25-Jun-2026,17000.0,PE,0.0,0.0,0.0,2627.25,1676.2,0,0.0,0,0,18-APR-2022,
OPTIDX,NIFTY,25-Jun-2026,18000.0,PE,0.0,0.0,0.0,3088.05,2060.5,0,0.0,0,0,18-APR-2022,
OPTIDX,NIFTY,25-Jun-2026,19000.0,PE,0.0,0.0,0.0,3216.7,2484.0,0,0.0,0,0,18-APR-2022,
OPTIDX,NIFTY,25-Jun-2026,20000.0,PE,0.0,0.0,0.0,3159.75,2944.75,0,0.0,0,0,18-APR-2022,
OPTIDX,NIFTY,25-Jun-2026,21000.0,PE,0.0,0.0,0.0,3065.6,3440.4,0,0.0,0,0,18-APR-2022,
OPTIDX,NIFTY,25-Jun-2026,22000.0,PE,0.0,0.0,0.0,3829.5,3968.4,0,0.0,0,0,18-APR-2022,
OPTIDX,NIFTY,25-Jun-2026,23000.0,PE,0.0,0.0,0.0,4171.75,4526.35,0,0.0,0,0,18-APR-2022,
OPTIDX,NIFTY,31-Dec-2026,11000.0,CE,0.0,0.0,0.0,7589.15,8450.2,0,0.0,0,0,18-APR-2022,
OPTIDX,NIFTY,31-Dec-2026,12000.0,CE,0.0,0.0,0.0,7807.2,7771.1,0,0.0,0,0,18-APR-2022,
OPTIDX,NIFTY,31-Dec-2026,13000.0,CE,0.0,0.0,0.0,7158.45,7129.2,0,0.0,0,0,18-APR-2022,
OPTIDX,NIFTY,31-Dec-2026,14000.0,CE,0.0,0.0,0.0,6548.5,6526.5,0,0.0,0,0,18-APR-2022,
OPTIDX,NIFTY,31-Dec-2026,15000.0,CE,0.0,0.0,0.0,5977.65,5963.1,0,0.0,0,0,18-APR-2022,
OPTIDX,NIFTY,31-Dec-2026,16000.0,CE,0.0,0.0,0.0,7330.0,5439.5,0,0.0,50,0,18-APR-2022,
OPTIDX,NIFTY,31-Dec-2026,17000.0,CE,0.0,0.0,0.0,4955.1,4955.0,0,0.0,0,0,18-APR-2022,
OPTIDX,NIFTY,31-Dec-2026,18000.0,CE,0.0,0.0,0.0,4501.45,4508.0,0,0.0,0,0,18-APR-2022,
OPTIDX,NIFTY,31-Dec-2026,19000.0,CE,0.0,0.0,0.0,4085.35,4097.9,0,0.0,0,0,18-APR-2022,
OPTIDX,NIFTY,31-Dec-2026,20000.0,CE,0.0,0.0,0.0,3704.3,3722.2,0,0.0,0,0,18-APR-2022,
OPTIDX,NIFTY,31-Dec-2026,21000.0,CE,0.0,0.0,0.0,3356.25,3378.85,0,0.0,0,0,18-APR-2022,
OPTIDX,NIFTY,31-Dec-2026,22000.0,CE,0.0,0.0,0.0,3039.0,3065.65,0,0.0,0,0,18-APR-2022,
OPTIDX,NIFTY,31-Dec-2026,23000.0,CE,0.0,0.0,0.0,1293.0,2780.45,0,0.0,150,0,18-APR-2022,
OPTIDX,NIFTY,31-Dec-2026,11000.0,PE,0.0,0.0,0.0,304.5,282.2,0,0.0,0,0,18-APR-2022,
OPTIDX,NIFTY,31-Dec-2026,12000.0,PE,0.0,0.0,0.0,381.7,421.8,0,0.0,0,0,18-APR-2022,
OPTIDX,NIFTY,31-Dec-2026,13000.0,PE,0.0,0.0,0.0,547.8,598.6,0,0.0,0,0,18-APR-2022,
OPTIDX,NIFTY,31-Dec-2026,14000.0,PE,0.0,0.0,0.0,200.0,814.65,0,0.0,50,0,18-APR-2022,
OPTIDX,NIFTY,31-Dec-2026,15000.0,PE,0.0,0.0,0.0,744.1,1069.95,0,0.0,1000,0,18-APR-2022,
OPTIDX,NIFTY,31-Dec-2026,16000.0,PE,1100.0,1249.95,900.05,1249.95,1365.0,7,59.95,450,100,18-APR-2022,
OPTIDX,NIFTY,31-Dec-2026,17000.0,PE,0.0,0.0,0.0,1604.0,1699.2,0,0.0,0,0,18-APR-2022,
OPTIDX,NIFTY,31-Dec-2026,18000.0,PE,0.0,0.0,0.0,1965.2,2070.9,0,0.0,0,0,18-APR-2022,
OPTIDX,NIFTY,31-Dec-2026,19000.0,PE,0.0,0.0,0.0,2364.0,2479.5,0,0.0,0,0,18-APR-2022,
OPTIDX,NIFTY,31-Dec-2026,20000.0,PE,0.0,0.0,0.0,2797.8,2922.5,0,0.0,0,0,18-APR-2022,
OPTIDX,NIFTY,31-Dec-2026,21000.0,PE,0.0,0.0,0.0,3264.6,3397.85,0,0.0,0,0,18-APR-2022,
OPTIDX,NIFTY,31-Dec-2026,22000.0,PE,0.0,0.0,0.0,3762.25,3903.35,0,0.0,0,0,18-APR-2022,
OPTIDX,NIFTY,31-Dec-2026,23000.0,PE,0.0,0.0,0.0,3000.0,4436.85,0,0.0,50,0,18-APR-2022,
OPTSTK,AARTIIND,28-Apr-2022,600.0,CE,0.0,0.0,0.0,379.75,340.15,0,0.0,0,0,18-APR-2022,
OPTSTK,AARTIIND,28-Apr-2022,620.0,CE,0.0,0.0,0.0,360.35,320.15,0,0.0,0,0,18-APR-2022,
OPTSTK,AARTIIND,28-Apr-2022,640.0,CE,0.0,0.0,0.0,341.05,300.2,0,0.0,0,0,18-APR-2022,
OPTSTK,AARTIIND,28-Apr-2022,660.0,CE,0.0,0.0,0.0,322.0,280.2,0,0.0,0,0,18-APR-2022,
OPTSTK,AARTIIND,28-Apr-2022,680.0,CE,0.0,0.0,0.0,303.2,260.25,0,0.0,0,0,18-APR-2022,
OPTSTK,AARTIIND,28-Apr-2022,700.0,CE,0.0,0.0,0.0,284.7,240.25,0,0.0,0,0,18-APR-2022,
OPTSTK,AARTIIND,28-Apr-2022,720.0,CE,0.0,0.0,0.0,266.55,220.3,0,0.0,0,0,18-APR-2022,
OPTSTK,AARTIIND,28-Apr-2022,740.0,CE,0.0,0.0,0.0,248.85,200.3,0,0.0,0,0,18-APR-2022,
OPTSTK,AARTIIND,28-Apr-2022,760.0,CE,0.0,0.0,0.0,231.6,180.35,0,0.0,0,0,18-APR-2022,
OPTSTK,AARTIIND,28-Apr-2022,780.0,CE,0.0,0.0,0.0,214.9,160.45,0,0.0,0,0,18-APR-2022,
OPTSTK,AARTIIND,28-Apr-2022,800.0,CE,0.0,0.0,0.0,198.8,140.65,0,0.0,0,0,18-APR-2022,
OPTSTK,AARTIIND,28-Apr-2022,820.0,CE,0.0,0.0,0.0,183.35,121.1,0,0.0,0,0,18-APR-2022,
OPTSTK,AARTIIND,28-Apr-2022,840.0,CE,0.0,0.0,0.0,168.55,102.0,0,0.0,0,0,18-APR-2022,
OPTSTK,AARTIIND,28-Apr-2022,860.0,CE,0.0,0.0,0.0,154.45,83.8,0,0.0,0,0,18-APR-2022,
OPTSTK,AARTIIND,28-Apr-2022,880.0,CE,0.0,0.0,0.0,141.05,66.8,0,0.0,0,0,18-APR-2022,
OPTSTK,AARTIIND,28-Apr-2022,900.0,CE,48.9,48.9,48.9,48.9,51.45,1,8.06,12750,0,18-APR-2022,
OPTSTK,AARTIIND,28-Apr-2022,920.0,CE,39.3,39.3,28.95,38.5,38.2,8,64.89,26350,-850,18-APR-2022,
OPTSTK,AARTIIND,28-Apr-2022,940.0,CE,26.25,26.8,17.3,25.8,25.8,36,294.55,54400,1700,18-APR-2022,
OPTSTK,AARTIIND,28-Apr-2022,960.0,CE,24.0,24.0,9.4,15.9,15.9,89,736.77,74800,5950,18-APR-2022,
OPTSTK,AARTIIND,28-Apr-2022,980.0,CE,12.3,12.55,5.65,9.15,9.15,77,646.84,113900,-1700,18-APR-2022,
OPTSTK,AARTIIND,28-Apr-2022,1000.0,CE,3.8,7.2,3.3,5.15,5.15,255,2178.22,239700,-21250,18-APR-2022,
OPTSTK,AARTIIND,28-Apr-2022,1020.0,CE,3.5,3.5,2.05,3.3,3.3,31,269.48,32300,-6800,18-APR-2022,
OPTSTK,AARTIIND,28-Apr-2022,1040.0,CE,3.0,3.0,1.35,2.2,2.2,25,221.4,45900,-8500,18-APR-2022,
OPTSTK,AARTIIND,28-Apr-2022,1060.0,CE,1.85,1.85,1.05,1.2,1.45,5,45.11,22950,850,18-APR-2022,
OPTSTK,AARTIIND,28-Apr-2022,1080.0,CE,1.7,1.7,1.7,1.7,0.8,2,18.38,13600,-850,18-APR-2022,
OPTSTK,AARTIIND,28-Apr-2022,1100.0,CE,0.15,1.2,0.15,1.0,1.0,34,318.17,95200,-11900,18-APR-2022,
OPTSTK,AARTIIND,28-Apr-2022,1120.0,CE,0.0,0.0,0.0,1.75,0.2,0,0.0,5100,0,18-APR-2022,
OPTSTK,AARTIIND,28-Apr-2022,1140.0,CE,0.8,0.8,0.8,0.8,0.1,1,9.69,2550,0,18-APR-2022,
OPTSTK,AARTIIND,28-Apr-2022,1160.0,CE,0.0,0.0,0.0,1.05,0.05,0,0.0,1700,0,18-APR-2022,
OPTSTK,AARTIIND,28-Apr-2022,1180.0,CE,0.0,0.0,0.0,3.45,0.05,0,0.0,0,0,18-APR-2022,
OPTSTK,AARTIIND,28-Apr-2022,1200.0,CE,0.0,0.0,0.0,22.9,0.05,0,0.0,0,0,18-APR-2022,
OPTSTK,AARTIIND,28-Apr-2022,1220.0,CE,0.0,0.0,0.0,20.05,0.0,0,0.0,0,0,18-APR-2022,
OPTSTK,AARTIIND,28-Apr-2022,1240.0,CE,0.0,0.0,0.0,17.5,0.0,0,0.0,0,0,18-APR-2022,
OPTSTK,AARTIIND,28-Apr-2022,1260.0,CE,0.0,0.0,0.0,15.25,0.0,0,0.0,0,0,18-APR-2022,
OPTSTK,AARTIIND,28-Apr-2022,1280.0,CE,0.0,0.0,0.0,13.3,0.0,0,0.0,0,0,18-APR-2022,
OPTSTK,AARTIIND,28-Apr-2022,1300.0,CE,0.0,0.0,0.0,11.55,0.0,0,0.0,0,0,18-APR-2022,
OPTSTK,AARTIIND,28-Apr-2022,1320.0,CE,0.0,0.0,0.0,10.0,0.0,0,0.0,0,0,18-APR-2022,
OPTSTK,AARTIIND,28-Apr-2022,600.0,PE,0.0,0.0,0.0,0.1,0.0,0,0.0,850,0,18-APR-2022,
OPTSTK,AARTIIND,28-Apr-2022,620.0,PE,0.0,0.0,0.0,1.05,0.0,0,0.0,0,0,18-APR-2022,
OPTSTK,AARTIIND,28-Apr-2022,640.0,PE,0.0,0.0,0.0,1.6,0.0,0,0.0,0,0,18-APR-2022,
OPTSTK,AARTIIND,28-Apr-2022,660.0,PE,0.0,0.0,0.0,2.35,0.0,0,0.0,0,0,18-APR-2022,
OPTSTK,AARTIIND,28-Apr-2022,680.0,PE,0.0,0.0,0.0,3.3,0.0,0,0.0,0,0,18-APR-2022,
OPTSTK,AARTIIND,28-Apr-2022,700.0,PE,0.05,0.05,0.05,0.05,0.0,3,17.85,3400,0,18-APR-2022,
OPTSTK,AARTIIND,28-Apr-2022,720.0,PE,0.0,0.0,0.0,6.25,0.0,0,0.0,0,0,18-APR-2022,
OPTSTK,AARTIIND,28-Apr-2022,740.0,PE,0.0,0.0,0.0,8.35,0.05,0,0.0,0,0,18-APR-2022,
OPTSTK,AARTIIND,28-Apr-2022,760.0,PE,0.0,0.0,0.0,10.9,0.05,0,0.0,0,0,18-APR-2022,
OPTSTK,AARTIIND,28-Apr-2022,780.0,PE,0.0,0.0,0.0,14.0,0.1,0,0.0,0,0,18-APR-2022,
OPTSTK,AARTIIND,28-Apr-2022,800.0,PE,0.0,0.0,0.0,0.35,0.3,0,0.0,17000,0,18-APR-2022,
OPTSTK,AARTIIND,28-Apr-2022,820.0,PE,0.0,0.0,0.0,2.9,0.7,0,0.0,850,0,18-APR-2022,
OPTSTK,AARTIIND,28-Apr-2022,840.0,PE,2.2,2.2,2.2,2.2,1.65,1,7.15,7650,0,18-APR-2022,
OPTSTK,AARTIIND,28-Apr-2022,860.0,PE,3.0,3.0,3.0,3.0,3.35,1,7.33,13600,0,18-APR-2022,
OPTSTK,AARTIIND,28-Apr-2022,880.0,PE,5.5,5.5,5.0,5.0,6.35,3,22.57,20400,0,18-APR-2022,
OPTSTK,AARTIIND,28-Apr-2022,900.0,PE,6.5,11.0,6.5,7.5,11.0,44,339.9,83300,-5950,18-APR-2022,
OPTSTK,AARTIIND,28-Apr-2022,920.0,PE,13.0,16.2,12.5,12.6,17.7,24,190.71,23800,-5950,18-APR-2022,
OPTSTK,AARTIIND,28-Apr-2022,940.0,PE,17.3,27.3,16.0,18.95,18.95,166,1360.38,37400,-4250,18-APR-2022,
OPTSTK,AARTIIND,28-Apr-2022,960.0,PE,33.9,40.05,29.25,30.7,38.15,39,329.4,27200,-21250,18-APR-2022,
OPTSTK,AARTIIND,28-Apr-2022,980.0,PE,50.4,52.0,40.7,44.95,44.95,8,69.9,22100,-850,18-APR-2022,
OPTSTK,AARTIIND,28-Apr-2022,1000.0,PE,58.35,73.15,58.35,73.15,67.1,5,45.31,64600,-850,18-APR-2022,
OPTSTK,AARTIIND,28-Apr-2022,1020.0,PE,0.0,0.0,0.0,72.0,84.05,0,0.0,4250,0,18-APR-2022,
OPTSTK,AARTIIND,28-Apr-2022,1040.0,PE,0.0,0.0,0.0,126.0,102.05,0,0.0,850,0,18-APR-2022,
OPTSTK,AARTIIND,28-Apr-2022,1060.0,PE,0.0,0.0,0.0,128.0,120.85,0,0.0,850,0,18-APR-2022,
OPTSTK,AARTIIND,28-Apr-2022,1080.0,PE,0.0,0.0,0.0,144.7,140.1,0,0.0,0,0,18-APR-2022,
OPTSTK,AARTIIND,28-Apr-2022,1100.0,PE,0.0,0.0,0.0,175.0,159.7,0,0.0,14450,0,18-APR-2022,
OPTSTK,AARTIIND,28-Apr-2022,1120.0,PE,0.0,0.0,0.0,173.75,179.5,0,0.0,0,0,18-APR-2022,
OPTSTK,AARTIIND,28-Apr-2022,1140.0,PE,0.0,0.0,0.0,189.1,199.35,0,0.0,0,0,18-APR-2022,
OPTSTK,AARTIIND,28-Apr-2022,1160.0,PE,0.0,0.0,0.0,204.85,219.3,0,0.0,0,0,18-APR-2022,
OPTSTK,AARTIIND,28-Apr-2022,1180.0,PE,0.0,0.0,0.0,221.0,239.25,0,0.0,0,0,18-APR-2022,
OPTSTK,AARTIIND,28-Apr-2022,1200.0,PE,0.0,0.0,0.0,237.6,259.25,0,0.0,0,0,18-APR-2022,
OPTSTK,AARTIIND,28-Apr-2022,1220.0,PE,0.0,0.0,0.0,254.5,279.2,0,0.0,0,0,18-APR-2022,
OPTSTK,AARTIIND,28-Apr-2022,1240.0,PE,0.0,0.0,0.0,271.8,299.2,0,0.0,0,0,18-APR-2022,
OPTSTK,AARTIIND,28-Apr-2022,1260.0,PE,0.0,0.0,0.0,289.35,319.15,0,0.0,0,0,18-APR-2022,
OPTSTK,AARTIIND,28-Apr-2022,1280.0,PE,0.0,0.0,0.0,307.15,339.15,0,0.0,0,0,18-APR-2022,
OPTSTK,AARTIIND,28-Apr-2022,1300.0,PE,0.0,0.0,0.0,325.2,359.1,0,0.0,0,0,18-APR-2022,
OPTSTK,AARTIIND,28-Apr-2022,1320.0,PE,0.0,0.0,0.0,343.45,379.1,0,0.0,0,0,18-APR-2022,
OPTSTK,AARTIIND,26-May-2022,600.0,CE,0.0,0.0,0.0,274.6,342.15,0,0.0,0,0,18-APR-2022,
OPTSTK,AARTIIND,26-May-2022,620.0,CE,0.0,0.0,0.0,255.95,322.25,0,0.0,0,0,18-APR-2022,
OPTSTK,AARTIIND,26-May-2022,640.0,CE,0.0,0.0,0.0,237.7,302.4,0,0.0,0,0,18-APR-2022,
OPTSTK,AARTIIND,26-May-2022,660.0,CE,0.0,0.0,0.0,219.9,282.6,0,0.0,0,0,18-APR-2022,
OPTSTK,AARTIIND,26-May-2022,680.0,CE,0.0,0.0,0.0,202.65,262.85,0,0.0,0,0,18-APR-2022,
OPTSTK,AARTIIND,26-May-2022,700.0,CE,0.0,0.0,0.0,186.0,243.25,0,0.0,0,0,18-APR-2022,
OPTSTK,AARTIIND,26-May-2022,720.0,CE,0.0,0.0,0.0,170.05,223.85,0,0.0,0,0,18-APR-2022,
OPTSTK,AARTIIND,26-May-2022,740.0,CE,0.0,0.0,0.0,154.8,204.75,0,0.0,0,0,18-APR-2022,
OPTSTK,AARTIIND,26-May-2022,760.0,CE,0.0,0.0,0.0,140.4,186.0,0,0.0,0,0,18-APR-2022,
OPTSTK,AARTIIND,26-May-2022,780.0,CE,0.0,0.0,0.0,126.75,167.75,0,0.0,0,0,18-APR-2022,
OPTSTK,AARTIIND,26-May-2022,800.0,CE,0.0,0.0,0.0,114.0,150.2,0,0.0,0,0,18-APR-2022,
OPTSTK,AARTIIND,26-May-2022,820.0,CE,0.0,0.0,0.0,102.1,133.35,0,0.0,0,0,18-APR-2022,
OPTSTK,AARTIIND,26-May-2022,840.0,CE,0.0,0.0,0.0,91.15,117.4,0,0.0,0,0,18-APR-2022,
OPTSTK,AARTIIND,26-May-2022,860.0,CE,0.0,0.0,0.0,81.0,102.5,0,0.0,0,0,18-APR-2022,
OPTSTK,AARTIIND,26-May-2022,880.0,CE,0.0,0.0,0.0,71.75,88.65,0,0.0,0,0,18-APR-2022,
OPTSTK,AARTIIND,26-May-2022,900.0,CE,0.0,0.0,0.0,63.3,76.0,0,0.0,0,0,18-APR-2022,
OPTSTK,AARTIIND,26-May-2022,920.0,CE,0.0,0.0,0.0,55.7,64.55,0,0.0,0,0,18-APR-2022,
OPTSTK,AARTIIND,26-May-2022,940.0,CE,0.0,0.0,0.0,48.8,54.35,0,0.0,0,0,18-APR-2022,
OPTSTK,AARTIIND,26-May-2022,960.0,CE,0.0,0.0,0.0,42.65,45.3,0,0.0,0,0,18-APR-2022,
OPTSTK,AARTIIND,26-May-2022,980.0,CE,0.0,0.0,0.0,37.1,37.45,0,0.0,0,0,18-APR-2022,
OPTSTK,AARTIIND,26-May-2022,1000.0,CE,0.0,0.0,0.0,28.7,30.65,0,0.0,1700,0,18-APR-2022,
OPTSTK,AARTIIND,26-May-2022,1020.0,CE,0.0,0.0,0.0,32.0,24.9,0,0.0,1700,0,18-APR-2022,
OPTSTK,AARTIIND,26-May-2022,1040.0,CE,0.0,0.0,0.0,24.1,20.1,0,0.0,0,0,18-APR-2022,
OPTSTK,AARTIIND,26-May-2022,1060.0,CE,0.0,0.0,0.0,20.75,16.0,0,0.0,0,0,18-APR-2022,
OPTSTK,AARTIIND,26-May-2022,1080.0,CE,0.0,0.0,0.0,47.0,12.7,0,0.0,0,0,18-APR-2022,
OPTSTK,AARTIIND,26-May-2022,1100.0,CE,0.0,0.0,0.0,15.25,9.95,0,0.0,0,0,18-APR-2022,
OPTSTK,AARTIIND,26-May-2022,1120.0,CE,0.0,0.0,0.0,13.05,7.75,0,0.0,0,0,18-APR-2022,
OPTSTK,AARTIIND,26-May-2022,1140.0,CE,0.0,0.0,0.0,11.15,6.0,0,0.0,0,0,18-APR-2022,
OPTSTK,AARTIIND,26-May-2022,1160.0,CE,0.0,0.0,0.0,9.45,4.6,0,0.0,0,0,18-APR-2022,
OPTSTK,AARTIIND,26-May-2022,1180.0,CE,0.0,0.0,0.0,8.05,3.55,0,0.0,0,0,18-APR-2022,
OPTSTK,AARTIIND,26-May-2022,1200.0,CE,0.0,0.0,0.0,6.8,2.65,0,0.0,0,0,18-APR-2022,
OPTSTK,AARTIIND,26-May-2022,1220.0,CE,0.0,0.0,0.0,5.75,2.0,0,0.0,0,0,18-APR-2022,
OPTSTK,AARTIIND,26-May-2022,1240.0,CE,0.0,0.0,0.0,4.85,1.5,0,0.0,0,0,18-APR-2022,
OPTSTK,AARTIIND,26-May-2022,1260.0,CE,0.0,0.0,0.0,4.1,1.15,0,0.0,0,0,18-APR-2022,
OPTSTK,AARTIIND,26-May-2022,600.0,PE,0.0,0.0,0.0,2.45,0.05,0,0.0,0,0,18-APR-2022,
OPTSTK,AARTIIND,26-May-2022,620.0,PE,0.0,0.0,0.0,3.6,0.05,0,0.0,0,0,18-APR-2022,
OPTSTK,AARTIIND,26-May-2022,640.0,PE,0.0,0.0,0.0,5.15,0.1,0,0.0,0,0,18-APR-2022,
OPTSTK,AARTIIND,26-May-2022,660.0,PE,0.0,0.0,0.0,7.15,0.2,0,0.0,0,0,18-APR-2022,
OPTSTK,AARTIIND,26-May-2022,680.0,PE,0.0,0.0,0.0,9.7,0.4,0,0.0,0,0,18-APR-2022,
OPTSTK,AARTIIND,26-May-2022,700.0,PE,0.0,0.0,0.0,12.85,0.7,0,0.0,0,0,18-APR-2022,
OPTSTK,AARTIIND,26-May-2022,720.0,PE,0.0,0.0,0.0,16.65,1.2,0,0.0,0,0,18-APR-2022,
OPTSTK,AARTIIND,26-May-2022,740.0,PE,0.0,0.0,0.0,21.2,2.0,0,0.0,0,0,18-APR-2022,
OPTSTK,AARTIIND,26-May-2022,760.0,PE,0.0,0.0,0.0,26.6,3.2,0,0.0,0,0,18-APR-2022,
OPTSTK,AARTIIND,26-May-2022,780.0,PE,0.0,0.0,0.0,32.7,4.9,0,0.0,0,0,18-APR-2022,
OPTSTK,AARTIIND,26-May-2022,800.0,PE,0.0,0.0,0.0,10.0,7.2,0,0.0,1700,0,18-APR-2022,
OPTSTK,AARTIIND,26-May-2022,820.0,PE,0.0,0.0,0.0,47.7,10.3,0,0.0,0,0,18-APR-2022,
OPTSTK,AARTIIND,26-May-2022,840.0,PE,0.0,0.0,0.0,56.5,14.25,0,0.0,0,0,18-APR-2022,
OPTSTK,AARTIIND,26-May-2022,860.0,PE,0.0,0.0,0.0,38.0,19.25,0,0.0,3400,0,18-APR-2022,
OPTSTK,AARTIIND,26-May-2022,880.0,PE,0.0,0.0,0.0,76.7,25.3,0,0.0,0,0,18-APR-2022,
OPTSTK,AARTIIND,26-May-2022,900.0,PE,25.0,25.0,25.0,25.0,32.6,1,7.86,4250,850,18-APR-2022,
OPTSTK,AARTIIND,26-May-2022,920.0,PE,0.0,0.0,0.0,100.2,41.05,0,0.0,0,0,18-APR-2022,
OPTSTK,AARTIIND,26-May-2022,940.0,PE,0.0,0.0,0.0,113.1,50.75,0,0.0,0,0,18-APR-2022,
OPTSTK,AARTIIND,26-May-2022,960.0,PE,0.0,0.0,0.0,126.75,61.65,0,0.0,0,0,18-APR-2022,
OPTSTK,AARTIIND,26-May-2022,980.0,PE,0.0,0.0,0.0,141.0,73.65,0,0.0,0,0,18-APR-2022,
OPTSTK,AARTIIND,26-May-2022,1000.0,PE,0.0,0.0,0.0,155.95,86.8,0,0.0,0,0,18-APR-2022,
OPTSTK,AARTIIND,26-May-2022,1020.0,PE,0.0,0.0,0.0,171.4,100.95,0,0.0,0,0,18-APR-2022,
OPTSTK,AARTIIND,26-May-2022,1040.0,PE,0.0,0.0,0.0,187.35,116.05,0,0.0,0,0,18-APR-2022,
OPTSTK,AARTIIND,26-May-2022,1060.0,PE,0.0,0.0,0.0,203.8,131.9,0,0.0,0,0,18-APR-2022,
OPTSTK,AARTIIND,26-May-2022,1080.0,PE,0.0,0.0,0.0,220.65,148.45,0,0.0,0,0,18-APR-2022,
OPTSTK,AARTIIND,26-May-2022,1100.0,PE,0.0,0.0,0.0,130.0,165.65,0,0.0,1700,0,18-APR-2022,
OPTSTK,AARTIIND,26-May-2022,1120.0,PE,0.0,0.0,0.0,255.5,183.4,0,0.0,0,0,18-APR-2022,
OPTSTK,AARTIIND,26-May-2022,1140.0,PE,0.0,0.0,0.0,273.35,201.55,0,0.0,0,0,18-APR-2022,
OPTSTK,AARTIIND,26-May-2022,1160.0,PE,0.0,0.0,0.0,291.5,220.05,0,0.0,0,0,18-APR-2022,
OPTSTK,AARTIIND,26-May-2022,1180.0,PE,0.0,0.0,0.0,309.85,238.85,0,0.0,0,0,18-APR-2022,
OPTSTK,AARTIIND,26-May-2022,1200.0,PE,0.0,0.0,0.0,328.4,257.95,0,0.0,0,0,18-APR-2022,
OPTSTK,AARTIIND,26-May-2022,1220.0,PE,0.0,0.0,0.0,347.15,277.2,0,0.0,0,0,18-APR-2022,
OPTSTK,AARTIIND,26-May-2022,1240.0,PE,0.0,0.0,0.0,366.05,296.6,0,0.0,0,0,18-APR-2022,
OPTSTK,AARTIIND,26-May-2022,1260.0,PE,0.0,0.0,0.0,385.05,316.1,0,0.0,0,0,18-APR-2022,
OPTSTK,AARTIIND,30-Jun-2022,600.0,CE,0.0,0.0,0.0,363.9,345.0,0,0.0,0,0,18-APR-2022,
OPTSTK,AARTIIND,30-Jun-2022,620.0,CE,0.0,0.0,0.0,344.65,325.5,0,0.0,0,0,18-APR-2022,
OPTSTK,AARTIIND,30-Jun-2022,640.0,CE,0.0,0.0,0.0,325.5,306.1,0,0.0,0,0,18-APR-2022,
OPTSTK,AARTIIND,30-Jun-2022,660.0,CE,0.0,0.0,0.0,306.65,286.95,0,0.0,0,0,18-APR-2022,
OPTSTK,AARTIIND,30-Jun-2022,680.0,CE,0.0,0.0,0.0,288.1,268.05,0,0.0,0,0,18-APR-2022,
OPTSTK,AARTIIND,30-Jun-2022,700.0,CE,0.0,0.0,0.0,269.9,249.45,0,0.0,0,0,18-APR-2022,
OPTSTK,AARTIIND,30-Jun-2022,720.0,CE,0.0,0.0,0.0,252.1,231.3,0,0.0,0,0,18-APR-2022,
OPTSTK,AARTIIND,30-Jun-2022,740.0,CE,0.0,0.0,0.0,234.75,213.6,0,0.0,0,0,18-APR-2022,
OPTSTK,AARTIIND,30-Jun-2022,760.0,CE,0.0,0.0,0.0,217.95,196.45,0,0.0,0,0,18-APR-2022,
OPTSTK,AARTIIND,30-Jun-2022,780.0,CE,0.0,0.0,0.0,201.75,179.9,0,0.0,0,0,18-APR-2022,
OPTSTK,AARTIIND,30-Jun-2022,800.0,CE,0.0,0.0,0.0,186.15,164.1,0,0.0,0,0,18-APR-2022,
OPTSTK,AARTIIND,30-Jun-2022,820.0,CE,0.0,0.0,0.0,171.25,149.05,0,0.0,0,0,18-APR-2022,
OPTSTK,AARTIIND,30-Jun-2022,840.0,CE,0.0,0.0,0.0,157.05,134.75,0,0.0,0,0,18-APR-2022,
OPTSTK,AARTIIND,30-Jun-2022,860.0,CE,0.0,0.0,0.0,143.55,121.25,0,0.0,0,0,18-APR-2022,
OPTSTK,AARTIIND,30-Jun-2022,880.0,CE,0.0,0.0,0.0,130.8,108.7,0,0.0,0,0,18-APR-2022,
OPTSTK,AARTIIND,30-Jun-2022,900.0,CE,0.0,0.0,0.0,118.9,97.05,0,0.0,0,0,18-APR-2022,
OPTSTK,AARTIIND,30-Jun-2022,920.0,CE,0.0,0.0,0.0,107.7,86.25,0,0.0,0,0,18-APR-2022,
OPTSTK,AARTIIND,30-Jun-2022,940.0,CE,0.0,0.0,0.0,97.3,76.35,0,0.0,0,0,18-APR-2022,
OPTSTK,AARTIIND,30-Jun-2022,960.0,CE,0.0,0.0,0.0,87.65,67.3,0,0.0,0,0,18-APR-2022,
OPTSTK,AARTIIND,30-Jun-2022,980.0,CE,0.0,0.0,0.0,78.75,59.1,0,0.0,0,0,18-APR-2022,
OPTSTK,AARTIIND,30-Jun-2022,1000.0,CE,0.0,0.0,0.0,70.55,51.7,0,0.0,0,0,18-APR-2022,
OPTSTK,AARTIIND,30-Jun-2022,1020.0,CE,0.0,0.0,0.0,63.05,45.05,0,0.0,0,0,18-APR-2022,
OPTSTK,AARTIIND,30-Jun-2022,1040.0,CE,0.0,0.0,0.0,56.2,39.1,0,0.0,0,0,18-APR-2022,
OPTSTK,AARTIIND,30-Jun-2022,1060.0,CE,0.0,0.0,0.0,50.0,33.85,0,0.0,0,0,18-APR-2022,
OPTSTK,AARTIIND,30-Jun-2022,1080.0,CE,0.0,0.0,0.0,44.35,29.2,0,0.0,0,0,18-APR-2022,
OPTSTK,AARTIIND,30-Jun-2022,1100.0,CE,0.0,0.0,0.0,39.3,25.1,0,0.0,0,0,18-APR-2022,
OPTSTK,AARTIIND,30-Jun-2022,1120.0,CE,0.0,0.0,0.0,34.75,21.5,0,0.0,0,0,18-APR-2022,
OPTSTK,AARTIIND,30-Jun-2022,1140.0,CE,0.0,0.0,0.0,30.65,18.35,0,0.0,0,0,18-APR-2022,
OPTSTK,AARTIIND,30-Jun-2022,1160.0,CE,0.0,0.0,0.0,26.9,15.65,0,0.0,0,0,18-APR-2022,
OPTSTK,AARTIIND,30-Jun-2022,1180.0,CE,0.0,0.0,0.0,23.65,13.3,0,0.0,0,0,18-APR-2022,
OPTSTK,AARTIIND,30-Jun-2022,1200.0,CE,0.0,0.0,0.0,20.7,11.25,0,0.0,0,0,18-APR-2022,
OPTSTK,AARTIIND,30-Jun-2022,1220.0,CE,0.0,0.0,0.0,18.1,9.5,0,0.0,0,0,18-APR-2022,
OPTSTK,AARTIIND,30-Jun-2022,1240.0,CE,0.0,0.0,0.0,15.8,8.0,0,0.0,0,0,18-APR-2022,
OPTSTK,AARTIIND,30-Jun-2022,1260.0,CE,0.0,0.0,0.0,13.8,6.75,0,0.0,0,0,18-APR-2022,
OPTSTK,AARTIIND,30-Jun-2022,600.0,PE,0.0,0.0,0.0,0.95,0.5,0,0.0,0,0,18-APR-2022,
OPTSTK,AARTIIND,30-Jun-2022,620.0,PE,0.0,0.0,0.0,1.45,0.8,0,0.0,0,0,18-APR-2022,
OPTSTK,AARTIIND,30-Jun-2022,640.0,PE,0.0,0.0,0.0,2.15,1.25,0,0.0,0,0,18-APR-2022,
OPTSTK,AARTIIND,30-Jun-2022,660.0,PE,0.0,0.0,0.0,3.05,1.9,0,0.0,0,0,18-APR-2022,
OPTSTK,AARTIIND,30-Jun-2022,680.0,PE,0.0,0.0,0.0,4.3,2.85,0,0.0,0,0,18-APR-2022,
OPTSTK,AARTIIND,30-Jun-2022,700.0,PE,0.0,0.0,0.0,5.9,4.1,0,0.0,0,0,18-APR-2022,
OPTSTK,AARTIIND,30-Jun-2022,720.0,PE,0.0,0.0,0.0,7.85,5.75,0,0.0,0,0,18-APR-2022,
OPTSTK,AARTIIND,30-Jun-2022,740.0,PE,0.0,0.0,0.0,10.35,7.85,0,0.0,0,0,18-APR-2022,
OPTSTK,AARTIIND,30-Jun-2022,760.0,PE,0.0,0.0,0.0,13.35,10.55,0,0.0,0,0,18-APR-2022,
OPTSTK,AARTIIND,30-Jun-2022,780.0,PE,0.0,0.0,0.0,16.9,13.85,0,0.0,0,0,18-APR-2022,
OPTSTK,AARTIIND,30-Jun-2022,800.0,PE,0.0,0.0,0.0,21.1,17.85,0,0.0,0,0,18-APR-2022,
OPTSTK,AARTIIND,30-Jun-2022,820.0,PE,0.0,0.0,0.0,26.0,22.65,0,0.0,0,0,18-APR-2022,
OPTSTK,AARTIIND,30-Jun-2022,840.0,PE,0.0,0.0,0.0,31.55,28.2,0,0.0,0,0,18-APR-2022,
OPTSTK,AARTIIND,30-Jun-2022,860.0,PE,0.0,0.0,0.0,37.85,34.55,0,0.0,0,0,18-APR-2022,
OPTSTK,AARTIIND,30-Jun-2022,880.0,PE,0.0,0.0,0.0,44.9,41.8,0,0.0,0,0,18-APR-2022,
OPTSTK,AARTIIND,30-Jun-2022,900.0,PE,0.0,0.0,0.0,52.75,49.95,0,0.0,0,0,18-APR-2022,
OPTSTK,AARTIIND,30-Jun-2022,920.0,PE,0.0,0.0,0.0,61.4,59.0,0,0.0,0,0,18-APR-2022,
OPTSTK,AARTIIND,30-Jun-2022,940.0,PE,0.0,0.0,0.0,70.8,68.95,0,0.0,0,0,18-APR-2022,
OPTSTK,AARTIIND,30-Jun-2022,960.0,PE,0.0,0.0,0.0,80.9,79.75,0,0.0,0,0,18-APR-2022,
OPTSTK,AARTIIND,30-Jun-2022,980.0,PE,0.0,0.0,0.0,91.8,91.35,0,0.0,0,0,18-APR-2022,
OPTSTK,AARTIIND,30-Jun-2022,1000.0,PE,0.0,0.0,0.0,103.4,103.75,0,0.0,0,0,18-APR-2022,
OPTSTK,AARTIIND,30-Jun-2022,1020.0,PE,0.0,0.0,0.0,115.7,116.95,0,0.0,0,0,18-APR-2022,
OPTSTK,AARTIIND,30-Jun-2022,1040.0,PE,0.0,0.0,0.0,128.65,130.85,0,0.0,0,0,18-APR-2022,
OPTSTK,AARTIIND,30-Jun-2022,1060.0,PE,0.0,0.0,0.0,142.2,145.45,0,0.0,0,0,18-APR-2022,
OPTSTK,AARTIIND,30-Jun-2022,1080.0,PE,0.0,0.0,0.0,156.35,160.65,0,0.0,0,0,18-APR-2022,
OPTSTK,AARTIIND,30-Jun-2022,1100.0,PE,0.0,0.0,0.0,171.1,176.35,0,0.0,0,0,18-APR-2022,
OPTSTK,AARTIIND,30-Jun-2022,1120.0,PE,0.0,0.0,0.0,186.3,192.55,0,0.0,0,0,18-APR-2022,
OPTSTK,AARTIIND,30-Jun-2022,1140.0,PE,0.0,0.0,0.0,202.0,209.25,0,0.0,0,0,18-APR-2022,
OPTSTK,AARTIIND,30-Jun-2022,1160.0,PE,0.0,0.0,0.0,218.05,226.35,0,0.0,0,0,18-APR-2022,
OPTSTK,AARTIIND,30-Jun-2022,1180.0,PE,0.0,0.0,0.0,234.55,243.85,0,0.0,0,0,18-APR-2022,
OPTSTK,AARTIIND,30-Jun-2022,1200.0,PE,0.0,0.0,0.0,251.45,261.65,0,0.0,0,0,18-APR-2022,
OPTSTK,AARTIIND,30-Jun-2022,1220.0,PE,0.0,0.0,0.0,268.65,279.7,0,0.0,0,0,18-APR-2022,
OPTSTK,AARTIIND,30-Jun-2022,1240.0,PE,0.0,0.0,0.0,286.15,298.05,0,0.0,0,0,18-APR-2022,
OPTSTK,AARTIIND,30-Jun-2022,1260.0,PE,0.0,0.0,0.0,303.9,316.6,0,0.0,0,0,18-APR-2022,
OPTSTK,ABB,28-Apr-2022,1580.0,CE,0.0,0.0,0.0,667.45,605.35,0,0.0,0,0,18-APR-2022,
OPTSTK,ABB,28-Apr-2022,1600.0,CE,0.0,0.0,0.0,648.75,585.35,0,0.0,0,0,18-APR-2022,
OPTSTK,ABB,28-Apr-2022,1620.0,CE,0.0,0.0,0.0,630.2,565.4,0,0.0,0,0,18-APR-2022,
OPTSTK,ABB,28-Apr-2022,1640.0,CE,0.0,0.0,0.0,611.8,545.4,0,0.0,0,0,18-APR-2022,
OPTSTK,ABB,28-Apr-2022,1660.0,CE,0.0,0.0,0.0,593.6,525.45,0,0.0,0,0,18-APR-2022,
OPTSTK,ABB,28-Apr-2022,1680.0,CE,0.0,0.0,0.0,575.55,505.45,0,0.0,0,0,18-APR-2022,
OPTSTK,ABB,28-Apr-2022,1700.0,CE,0.0,0.0,0.0,557.7,485.5,0,0.0,0,0,18-APR-2022,
OPTSTK,ABB,28-Apr-2022,1720.0,CE,0.0,0.0,0.0,540.05,465.5,0,0.0,0,0,18-APR-2022,
OPTSTK,ABB,28-Apr-2022,1740.0,CE,0.0,0.0,0.0,522.6,445.55,0,0.0,0,0,18-APR-2022,
OPTSTK,ABB,28-Apr-2022,1760.0,CE,0.0,0.0,0.0,505.4,425.55,0,0.0,0,0,18-APR-2022,
OPTSTK,ABB,28-Apr-2022,1780.0,CE,0.0,0.0,0.0,488.45,405.6,0,0.0,0,0,18-APR-2022,
OPTSTK,ABB,28-Apr-2022,1800.0,CE,0.0,0.0,0.0,471.7,385.65,0,0.0,0,0,18-APR-2022,
OPTSTK,ABB,28-Apr-2022,1820.0,CE,0.0,0.0,0.0,455.25,365.75,0,0.0,0,0,18-APR-2022,
OPTSTK,ABB,28-Apr-2022,1840.0,CE,0.0,0.0,0.0,439.1,345.85,0,0.0,0,0,18-APR-2022,
OPTSTK,ABB,28-Apr-2022,1860.0,CE,0.0,0.0,0.0,423.2,326.0,0,0.0,0,0,18-APR-2022,
OPTSTK,ABB,28-Apr-2022,1880.0,CE,0.0,0.0,0.0,407.6,306.2,0,0.0,0,0,18-APR-2022,
OPTSTK,ABB,28-Apr-2022,1900.0,CE,0.0,0.0,0.0,392.3,286.55,0,0.0,0,0,18-APR-2022,
OPTSTK,ABB,28-Apr-2022,1920.0,CE,0.0,0.0,0.0,377.35,267.05,0,0.0,0,0,18-APR-2022,
OPTSTK,ABB,28-Apr-2022,1940.0,CE,0.0,0.0,0.0,362.75,247.7,0,0.0,0,0,18-APR-2022,
OPTSTK,ABB,28-Apr-2022,1960.0,CE,0.0,0.0,0.0,348.4,228.65,0,0.0,0,0,18-APR-2022,
OPTSTK,ABB,28-Apr-2022,1980.0,CE,0.0,0.0,0.0,334.4,209.95,0,0.0,0,0,18-APR-2022,
OPTSTK,ABB,28-Apr-2022,2000.0,CE,0.0,0.0,0.0,233.15,191.65,0,0.0,750,0,18-APR-2022,
OPTSTK,ABB,28-Apr-2022,2020.0,CE,0.0,0.0,0.0,307.35,173.85,0,0.0,0,0,18-APR-2022,
OPTSTK,ABB,28-Apr-2022,2040.0,CE,0.0,0.0,0.0,294.4,156.65,0,0.0,0,0,18-APR-2022,
OPTSTK,ABB,28-Apr-2022,2060.0,CE,0.0,0.0,0.0,281.8,140.2,0,0.0,0,0,18-APR-2022,
OPTSTK,ABB,28-Apr-2022,2080.0,CE,0.0,0.0,0.0,269.55,124.5,0,0.0,0,0,18-APR-2022,
OPTSTK,ABB,28-Apr-2022,2100.0,CE,120.0,120.0,120.0,120.0,109.7,1,5.55,2250,250,18-APR-2022,
OPTSTK,ABB,28-Apr-2022,2120.0,CE,0.0,0.0,0.0,246.15,95.9,0,0.0,0,0,18-APR-2022,
OPTSTK,ABB,28-Apr-2022,2140.0,CE,0.0,0.0,0.0,234.95,83.1,0,0.0,0,0,18-APR-2022,
OPTSTK,ABB,28-Apr-2022,2160.0,CE,0.0,0.0,0.0,160.0,71.4,0,0.0,250,0,18-APR-2022,
OPTSTK,ABB,28-Apr-2022,2180.0,CE,0.0,0.0,0.0,213.7,60.8,0,0.0,0,0,18-APR-2022,
OPTSTK,ABB,28-Apr-2022,2200.0,CE,57.8,62.8,36.4,43.0,51.3,44,246.67,12250,1000,18-APR-2022,
OPTSTK,ABB,28-Apr-2022,2220.0,CE,0.0,0.0,0.0,193.85,42.85,0,0.0,0,0,18-APR-2022,
OPTSTK,ABB,28-Apr-2022,2240.0,CE,28.85,30.0,24.8,30.0,35.5,10,56.67,8500,0,18-APR-2022,
OPTSTK,ABB,28-Apr-2022,2260.0,CE,0.0,0.0,0.0,175.4,29.1,0,0.0,0,0,18-APR-2022,
OPTSTK,ABB,28-Apr-2022,2280.0,CE,0.0,0.0,0.0,37.2,23.7,0,0.0,250,0,18-APR-2022,
OPTSTK,ABB,28-Apr-2022,2300.0,CE,29.0,29.95,12.7,16.0,19.0,24,139.07,17750,-1750,18-APR-2022,
OPTSTK,ABB,28-Apr-2022,2320.0,CE,0.0,0.0,0.0,150.25,15.15,0,0.0,0,0,18-APR-2022,
OPTSTK,ABB,28-Apr-2022,2340.0,CE,0.0,0.0,0.0,142.5,11.95,0,0.0,0,0,18-APR-2022,
OPTSTK,ABB,28-Apr-2022,2360.0,CE,0.0,0.0,0.0,135.1,9.3,0,0.0,0,0,18-APR-2022,
OPTSTK,ABB,28-Apr-2022,2380.0,CE,0.0,0.0,0.0,16.0,7.2,0,0.0,1500,0,18-APR-2022,
OPTSTK,ABB,28-Apr-2022,2400.0,CE,10.0,10.0,3.7,5.65,5.65,15,90.18,10750,-1750,18-APR-2022,
OPTSTK,ABB,28-Apr-2022,2420.0,CE,0.0,0.0,0.0,114.7,4.2,0,0.0,0,0,18-APR-2022,
OPTSTK,ABB,28-Apr-2022,2440.0,CE,0.0,0.0,0.0,108.45,3.15,0,0.0,0,0,18-APR-2022,
OPTSTK,ABB,28-Apr-2022,2460.0,CE,0.0,0.0,0.0,102.5,2.35,0,0.0,0,0,18-APR-2022,
OPTSTK,ABB,28-Apr-2022,2480.0,CE,0.0,0.0,0.0,96.85,1.75,0,0.0,0,0,18-APR-2022,
OPTSTK,ABB,28-Apr-2022,2500.0,CE,4.0,4.0,3.1,3.1,1.25,6,37.55,1500,-750,18-APR-2022,
OPTSTK,ABB,28-Apr-2022,2520.0,CE,0.0,0.0,0.0,86.3,0.9,0,0.0,0,0,18-APR-2022,
OPTSTK,ABB,28-Apr-2022,2540.0,CE,0.0,0.0,0.0,81.5,0.65,0,0.0,0,0,18-APR-2022,
OPTSTK,ABB,28-Apr-2022,2560.0,CE,0.0,0.0,0.0,76.85,0.5,0,0.0,0,0,18-APR-2022,
OPTSTK,ABB,28-Apr-2022,2580.0,CE,0.0,0.0,0.0,72.45,0.35,0,0.0,0,0,18-APR-2022,
OPTSTK,ABB,28-Apr-2022,2600.0,CE,0.0,0.0,0.0,5.0,0.25,0,0.0,500,0,18-APR-2022,
OPTSTK,ABB,28-Apr-2022,2620.0,CE,0.0,0.0,0.0,0.3,0.15,0,0.0,0,0,18-APR-2022,
OPTSTK,ABB,28-Apr-2022,2640.0,CE,0.0,0.0,0.0,60.35,0.15,0,0.0,0,0,18-APR-2022,
OPTSTK,ABB,28-Apr-2022,2660.0,CE,0.0,0.0,0.0,56.75,0.1,0,0.0,0,0,18-APR-2022,
OPTSTK,ABB,28-Apr-2022,2680.0,CE,0.0,0.0,0.0,53.35,0.05,0,0.0,0,0,18-APR-2022,
OPTSTK,ABB,28-Apr-2022,2700.0,CE,0.0,0.0,0.0,50.15,0.05,0,0.0,0,0,18-APR-2022,
OPTSTK,ABB,28-Apr-2022,2720.0,CE,0.0,0.0,0.0,47.1,0.05,0,0.0,0,0,18-APR-2022,
OPTSTK,ABB,28-Apr-2022,2740.0,CE,0.0,0.0,0.0,44.2,0.05,0,0.0,0,0,18-APR-2022,
OPTSTK,ABB,28-Apr-2022,1580.0,PE,0.0,0.0,0.0,6.55,0.0,0,0.0,0,0,18-APR-2022,
OPTSTK,ABB,28-Apr-2022,1600.0,PE,0.0,0.0,0.0,7.65,0.0,0,0.0,0,0,18-APR-2022,
OPTSTK,ABB,28-Apr-2022,1620.0,PE,0.0,0.0,0.0,8.9,0.0,0,0.0,0,0,18-APR-2022,
OPTSTK,ABB,28-Apr-2022,1640.0,PE,0.0,0.0,0.0,10.3,0.0,0,0.0,0,0,18-APR-2022,
OPTSTK,ABB,28-Apr-2022,1660.0,PE,0.0,0.0,0.0,11.85,0.0,0,0.0,0,0,18-APR-2022,
OPTSTK,ABB,28-Apr-2022,1680.0,PE,0.0,0.0,0.0,13.6,0.0,0,0.0,0,0,18-APR-2022,
OPTSTK,ABB,28-Apr-2022,1700.0,PE,0.0,0.0,0.0,15.55,0.0,0,0.0,0,0,18-APR-2022,
OPTSTK,ABB,28-Apr-2022,1720.0,PE,0.0,0.0,0.0,17.7,0.0,0,0.0,0,0,18-APR-2022,
OPTSTK,ABB,28-Apr-2022,1740.0,PE,0.0,0.0,0.0,20.05,0.05,0,0.0,0,0,18-APR-2022,
OPTSTK,ABB,28-Apr-2022,1760.0,PE,0.0,0.0,0.0,22.6,0.05,0,0.0,0,0,18-APR-2022,
OPTSTK,ABB,28-Apr-2022,1780.0,PE,0.0,0.0,0.0,25.45,0.05,0,0.0,0,0,18-APR-2022,
OPTSTK,ABB,28-Apr-2022,1800.0,PE,0.0,0.0,0.0,28.5,0.1,0,0.0,0,0,18-APR-2022,
OPTSTK,ABB,28-Apr-2022,1820.0,PE,0.0,0.0,0.0,31.85,0.15,0,0.0,0,0,18-APR-2022,
OPTSTK,ABB,28-Apr-2022,1840.0,PE,0.0,0.0,0.0,35.5,0.2,0,0.0,0,0,18-APR-2022,
OPTSTK,ABB,28-Apr-2022,1860.0,PE,0.0,0.0,0.0,4.9,0.35,0,0.0,250,0,18-APR-2022,
OPTSTK,ABB,28-Apr-2022,1880.0,PE,0.0,0.0,0.0,43.6,0.55,0,0.0,0,0,18-APR-2022,
OPTSTK,ABB,28-Apr-2022,1900.0,PE,0.0,0.0,0.0,7.95,0.85,0,0.0,1500,0,18-APR-2022,
OPTSTK,ABB,28-Apr-2022,1920.0,PE,0.0,0.0,0.0,52.9,1.35,0,0.0,0,0,18-APR-2022,
OPTSTK,ABB,28-Apr-2022,1940.0,PE,0.0,0.0,0.0,58.1,2.0,0,0.0,0,0,18-APR-2022,
OPTSTK,ABB,28-Apr-2022,1960.0,PE,0.0,0.0,0.0,63.55,2.9,0,0.0,0,0,18-APR-2022,
OPTSTK,ABB,28-Apr-2022,1980.0,PE,0.0,0.0,0.0,69.3,4.15,0,0.0,0,0,18-APR-2022,
OPTSTK,ABB,28-Apr-2022,2000.0,PE,16.0,16.0,16.0,16.0,5.85,1,5.04,8000,0,18-APR-2022,
OPTSTK,ABB,28-Apr-2022,2020.0,PE,0.0,0.0,0.0,81.85,8.0,0,0.0,0,0,18-APR-2022,
OPTSTK,ABB,28-Apr-2022,2040.0,PE,0.0,0.0,0.0,21.5,10.8,0,0.0,250,0,18-APR-2022,
OPTSTK,ABB,28-Apr-2022,2060.0,PE,0.0,0.0,0.0,95.85,14.3,0,0.0,0,0,18-APR-2022,
OPTSTK,ABB,28-Apr-2022,2080.0,PE,0.0,0.0,0.0,26.5,18.6,0,0.0,500,0,18-APR-2022,
OPTSTK,ABB,28-Apr-2022,2100.0,PE,0.0,0.0,0.0,12.1,23.8,0,0.0,2750,0,18-APR-2022,
OPTSTK,ABB,28-Apr-2022,2120.0,PE,0.0,0.0,0.0,119.6,29.95,0,0.0,0,0,18-APR-2022,
OPTSTK,ABB,28-Apr-2022,2140.0,PE,0.0,0.0,0.0,128.2,37.15,0,0.0,0,0,18-APR-2022,
OPTSTK,ABB,28-Apr-2022,2160.0,PE,58.4,60.0,48.7,48.7,45.45,4,22.15,500,-250,18-APR-2022,
OPTSTK,ABB,28-Apr-2022,2180.0,PE,0.0,0.0,0.0,146.55,54.8,0,0.0,0,0,18-APR-2022,
OPTSTK,ABB,28-Apr-2022,2200.0,PE,51.7,87.6,51.7,66.8,65.25,17,96.34,3750,250,18-APR-2022,
OPTSTK,ABB,28-Apr-2022,2220.0,PE,0.0,0.0,0.0,166.25,76.8,0,0.0,0,0,18-APR-2022,
OPTSTK,ABB,28-Apr-2022,2240.0,PE,89.1,89.1,89.1,89.1,89.4,2,11.64,500,500,18-APR-2022,
OPTSTK,ABB,28-Apr-2022,2260.0,PE,0.0,0.0,0.0,187.4,103.0,0,0.0,0,0,18-APR-2022,
OPTSTK,ABB,28-Apr-2022,2280.0,PE,113.85,113.85,113.85,113.85,113.85,1,5.98,250,250,18-APR-2022,
OPTSTK,ABB,28-Apr-2022,2300.0,PE,0.0,0.0,0.0,275.0,132.85,0,0.0,250,0,18-APR-2022,
OPTSTK,ABB,28-Apr-2022,2320.0,PE,0.0,0.0,0.0,221.6,149.0,0,0.0,0,0,18-APR-2022,
OPTSTK,ABB,28-Apr-2022,2340.0,PE,0.0,0.0,0.0,233.7,165.75,0,0.0,0,0,18-APR-2022,
OPTSTK,ABB,28-Apr-2022,2360.0,PE,0.0,0.0,0.0,246.05,183.1,0,0.0,0,0,18-APR-2022,
OPTSTK,ABB,28-Apr-2022,2380.0,PE,0.0,0.0,0.0,258.75,201.0,0,0.0,0,0,18-APR-2022,
OPTSTK,ABB,28-Apr-2022,2400.0,PE,0.0,0.0,0.0,271.75,219.25,0,0.0,0,0,18-APR-2022,
OPTSTK,ABB,28-Apr-2022,2420.0,PE,0.0,0.0,0.0,285.0,237.9,0,0.0,0,0,18-APR-2022,
OPTSTK,ABB,28-Apr-2022,2440.0,PE,0.0,0.0,0.0,298.6,256.85,0,0.0,0,0,18-APR-2022,
OPTSTK,ABB,28-Apr-2022,2460.0,PE,0.0,0.0,0.0,312.45,276.0,0,0.0,0,0,18-APR-2022,
OPTSTK,ABB,28-Apr-2022,2480.0,PE,0.0,0.0,0.0,326.55,295.4,0,0.0,0,0,18-APR-2022,
OPTSTK,ABB,28-Apr-2022,2500.0,PE,0.0,0.0,0.0,340.95,314.9,0,0.0,0,0,18-APR-2022,
OPTSTK,ABB,28-Apr-2022,2520.0,PE,0.0,0.0,0.0,355.6,334.55,0,0.0,0,0,18-APR-2022,
OPTSTK,ABB,28-Apr-2022,2540.0,PE,0.0,0.0,0.0,370.6,354.25,0,0.0,0,0,18-APR-2022,
OPTSTK,ABB,28-Apr-2022,2560.0,PE,0.0,0.0,0.0,385.75,374.05,0,0.0,0,0,18-APR-2022,
OPTSTK,ABB,28-Apr-2022,2580.0,PE,0.0,0.0,0.0,401.1,393.9,0,0.0,0,0,18-APR-2022,
OPTSTK,ABB,28-Apr-2022,2600.0,PE,0.0,0.0,0.0,416.7,413.75,0,0.0,0,0,18-APR-2022,
OPTSTK,ABB,28-Apr-2022,2620.0,PE,0.0,0.0,0.0,432.5,433.7,0,0.0,0,0,18-APR-2022,
OPTSTK,ABB,28-Apr-2022,2640.0,PE,0.0,0.0,0.0,448.4,453.6,0,0.0,0,0,18-APR-2022,
OPTSTK,ABB,28-Apr-2022,2660.0,PE,0.0,0.0,0.0,464.6,473.55,0,0.0,0,0,18-APR-2022,
OPTSTK,ABB,28-Apr-2022,2680.0,PE,0.0,0.0,0.0,481.0,493.5,0,0.0,0,0,18-APR-2022,
OPTSTK,ABB,28-Apr-2022,2700.0,PE,0.0,0.0,0.0,497.55,513.45,0,0.0,0,0,18-APR-2022,
OPTSTK,ABB,28-Apr-2022,2720.0,PE,0.0,0.0,0.0,514.3,533.45,0,0.0,0,0,18-APR-2022,
OPTSTK,ABB,28-Apr-2022,2740.0,PE,0.0,0.0,0.0,531.2,553.4,0,0.0,0,0,18-APR-2022,
OPTSTK,ABB,26-May-2022,1580.0,CE,0.0,0.0,0.0,497.4,611.0,0,0.0,0,0,18-APR-2022,
OPTSTK,ABB,26-May-2022,1600.0,CE,0.0,0.0,0.0,479.9,591.2,0,0.0,0,0,18-APR-2022,
OPTSTK,ABB,26-May-2022,1620.0,CE,0.0,0.0,0.0,462.65,571.5,0,0.0,0,0,18-APR-2022,
OPTSTK,ABB,26-May-2022,1640.0,CE,0.0,0.0,0.0,445.65,551.85,0,0.0,0,0,18-APR-2022,
OPTSTK,ABB,26-May-2022,1660.0,CE,0.0,0.0,0.0,428.9,532.3,0,0.0,0,0,18-APR-2022,
OPTSTK,ABB,26-May-2022,1680.0,CE,0.0,0.0,0.0,412.5,512.8,0,0.0,0,0,18-APR-2022,
OPTSTK,ABB,26-May-2022,1700.0,CE,0.0,0.0,0.0,396.35,493.4,0,0.0,0,0,18-APR-2022,
OPTSTK,ABB,26-May-2022,1720.0,CE,0.0,0.0,0.0,380.55,474.1,0,0.0,0,0,18-APR-2022,
OPTSTK,ABB,26-May-2022,1740.0,CE,0.0,0.0,0.0,365.05,454.95,0,0.0,0,0,18-APR-2022,
OPTSTK,ABB,26-May-2022,1760.0,CE,0.0,0.0,0.0,349.9,435.95,0,0.0,0,0,18-APR-2022,
OPTSTK,ABB,26-May-2022,1780.0,CE,0.0,0.0,0.0,335.15,417.2,0,0.0,0,0,18-APR-2022,
OPTSTK,ABB,26-May-2022,1800.0,CE,0.0,0.0,0.0,320.65,398.6,0,0.0,0,0,18-APR-2022,
OPTSTK,ABB,26-May-2022,1820.0,CE,0.0,0.0,0.0,306.55,380.25,0,0.0,0,0,18-APR-2022,
OPTSTK,ABB,26-May-2022,1840.0,CE,0.0,0.0,0.0,292.85,362.15,0,0.0,0,0,18-APR-2022,
OPTSTK,ABB,26-May-2022,1860.0,CE,0.0,0.0,0.0,279.45,344.35,0,0.0,0,0,18-APR-2022,
OPTSTK,ABB,26-May-2022,1880.0,CE,0.0,0.0,0.0,266.5,326.85,0,0.0,0,0,18-APR-2022,
OPTSTK,ABB,26-May-2022,1900.0,CE,0.0,0.0,0.0,253.95,309.7,0,0.0,0,0,18-APR-2022,
OPTSTK,ABB,26-May-2022,1920.0,CE,0.0,0.0,0.0,241.75,292.95,0,0.0,0,0,18-APR-2022,
OPTSTK,ABB,26-May-2022,1940.0,CE,0.0,0.0,0.0,230.0,276.55,0,0.0,0,0,18-APR-2022,
OPTSTK,ABB,26-May-2022,1960.0,CE,0.0,0.0,0.0,218.6,260.65,0,0.0,0,0,18-APR-2022,
OPTSTK,ABB,26-May-2022,1980.0,CE,0.0,0.0,0.0,207.65,245.15,0,0.0,0,0,18-APR-2022,
OPTSTK,ABB,26-May-2022,2000.0,CE,0.0,0.0,0.0,197.05,230.2,0,0.0,0,0,18-APR-2022,
OPTSTK,ABB,26-May-2022,2020.0,CE,0.0,0.0,0.0,186.85,215.65,0,0.0,0,0,18-APR-2022,
OPTSTK,ABB,26-May-2022,2040.0,CE,0.0,0.0,0.0,177.05,201.55,0,0.0,0,0,18-APR-2022,
OPTSTK,ABB,26-May-2022,2060.0,CE,0.0,0.0,0.0,167.6,188.1,0,0.0,0,0,18-APR-2022,
OPTSTK,ABB,26-May-2022,2080.0,CE,0.0,0.0,0.0,158.55,175.2,0,0.0,0,0,18-APR-2022,
OPTSTK,ABB,26-May-2022,2100.0,CE,0.0,0.0,0.0,149.9,162.8,0,0.0,0,0,18-APR-2022,
OPTSTK,ABB,26-May-2022,2120.0,CE,0.0,0.0,0.0,141.6,151.0,0,0.0,0,0,18-APR-2022,
OPTSTK,ABB,26-May-2022,2140.0,CE,0.0,0.0,0.0,133.65,139.8,0,0.0,0,0,18-APR-2022,
OPTSTK,ABB,26-May-2022,2160.0,CE,0.0,0.0,0.0,126.05,129.1,0,0.0,0,0,18-APR-2022,
OPTSTK,ABB,26-May-2022,2180.0,CE,0.0,0.0,0.0,118.8,119.0,0,0.0,0,0,18-APR-2022,
OPTSTK,ABB,26-May-2022,2200.0,CE,0.0,0.0,0.0,111.85,109.5,0,0.0,0,0,18-APR-2022,
OPTSTK,ABB,26-May-2022,2220.0,CE,0.0,0.0,0.0,105.3,100.5,0,0.0,0,0,18-APR-2022,
OPTSTK,ABB,26-May-2022,2240.0,CE,0.0,0.0,0.0,99.0,92.05,0,0.0,0,0,18-APR-2022,
OPTSTK,ABB,26-May-2022,2260.0,CE,0.0,0.0,0.0,93.05,84.2,0,0.0,0,0,18-APR-2022,
OPTSTK,ABB,26-May-2022,2280.0,CE,0.0,0.0,0.0,87.4,76.8,0,0.0,0,0,18-APR-2022,
OPTSTK,ABB,26-May-2022,2300.0,CE,0.0,0.0,0.0,82.0,69.95,0,0.0,0,0,18-APR-2022,
OPTSTK,ABB,26-May-2022,2320.0,CE,0.0,0.0,0.0,77.0,63.55,0,0.0,0,0,18-APR-2022,
OPTSTK,ABB,26-May-2022,2340.0,CE,0.0,0.0,0.0,72.2,57.6,0,0.0,0,0,18-APR-2022,
OPTSTK,ABB,26-May-2022,2360.0,CE,0.0,0.0,0.0,67.65,52.15,0,0.0,0,0,18-APR-2022,
OPTSTK,ABB,26-May-2022,2380.0,CE,0.0,0.0,0.0,63.35,47.2,0,0.0,0,0,18-APR-2022,
OPTSTK,ABB,26-May-2022,2400.0,CE,0.0,0.0,0.0,59.3,42.6,0,0.0,0,0,18-APR-2022,
OPTSTK,ABB,26-May-2022,2420.0,CE,0.0,0.0,0.0,55.4,38.25,0,0.0,0,0,18-APR-2022,
OPTSTK,ABB,26-May-2022,2440.0,CE,0.0,0.0,0.0,51.75,34.35,0,0.0,0,0,18-APR-2022,
OPTSTK,ABB,26-May-2022,2460.0,CE,0.0,0.0,0.0,48.35,30.8,0,0.0,0,0,18-APR-2022,
OPTSTK,ABB,26-May-2022,2480.0,CE,0.0,0.0,0.0,45.1,27.55,0,0.0,0,0,18-APR-2022,
OPTSTK,ABB,26-May-2022,2500.0,CE,0.0,0.0,0.0,42.1,24.6,0,0.0,0,0,18-APR-2022,
OPTSTK,ABB,26-May-2022,2520.0,CE,0.0,0.0,0.0,39.25,21.95,0,0.0,0,0,18-APR-2022,
OPTSTK,ABB,26-May-2022,2540.0,CE,0.0,0.0,0.0,36.55,19.55,0,0.0,0,0,18-APR-2022,
OPTSTK,ABB,26-May-2022,2560.0,CE,0.0,0.0,0.0,34.05,17.35,0,0.0,0,0,18-APR-2022,
OPTSTK,ABB,26-May-2022,2580.0,CE,0.0,0.0,0.0,31.7,15.4,0,0.0,0,0,18-APR-2022,
OPTSTK,ABB,26-May-2022,2600.0,CE,0.0,0.0,0.0,29.5,13.6,0,0.0,0,0,18-APR-2022,
OPTSTK,ABB,26-May-2022,2620.0,CE,0.0,0.0,0.0,27.45,12.05,0,0.0,0,0,18-APR-2022,
OPTSTK,ABB,26-May-2022,2640.0,CE,0.0,0.0,0.0,25.5,10.6,0,0.0,0,0,18-APR-2022,
OPTSTK,ABB,26-May-2022,2660.0,CE,0.0,0.0,0.0,23.7,9.35,0,0.0,0,0,18-APR-2022,
OPTSTK,ABB,26-May-2022,2680.0,CE,0.0,0.0,0.0,22.0,8.2,0,0.0,0,0,18-APR-2022,
OPTSTK,ABB,26-May-2022,2700.0,CE,0.0,0.0,0.0,20.4,7.2,0,0.0,0,0,18-APR-2022,
OPTSTK,ABB,26-May-2022,2720.0,CE,0.0,0.0,0.0,18.95,6.3,0,0.0,0,0,18-APR-2022,
OPTSTK,ABB,26-May-2022,2740.0,CE,0.0,0.0,0.0,17.55,5.55,0,0.0,0,0,18-APR-2022,
OPTSTK,ABB,26-May-2022,1580.0,PE,0.0,0.0,0.0,15.35,0.45,0,0.0,0,0,18-APR-2022,
OPTSTK,ABB,26-May-2022,1600.0,PE,0.0,0.0,0.0,17.6,0.6,0,0.0,0,0,18-APR-2022,
OPTSTK,ABB,26-May-2022,1620.0,PE,0.0,0.0,0.0,20.15,0.8,0,0.0,0,0,18-APR-2022,
OPTSTK,ABB,26-May-2022,1640.0,PE,0.0,0.0,0.0,22.95,1.05,0,0.0,0,0,18-APR-2022,
OPTSTK,ABB,26-May-2022,1660.0,PE,0.0,0.0,0.0,26.0,1.4,0,0.0,0,0,18-APR-2022,
OPTSTK,ABB,26-May-2022,1680.0,PE,0.0,0.0,0.0,29.35,1.8,0,0.0,0,0,18-APR-2022,
OPTSTK,ABB,26-May-2022,1700.0,PE,0.0,0.0,0.0,33.0,2.3,0,0.0,0,0,18-APR-2022,
OPTSTK,ABB,26-May-2022,1720.0,PE,0.0,0.0,0.0,37.0,2.95,0,0.0,0,0,18-APR-2022,
OPTSTK,ABB,26-May-2022,1740.0,PE,0.0,0.0,0.0,41.25,3.7,0,0.0,0,0,18-APR-2022,
OPTSTK,ABB,26-May-2022,1760.0,PE,0.0,0.0,0.0,45.9,4.65,0,0.0,0,0,18-APR-2022,
OPTSTK,ABB,26-May-2022,1780.0,PE,0.0,0.0,0.0,50.95,5.75,0,0.0,0,0,18-APR-2022,
OPTSTK,ABB,26-May-2022,1800.0,PE,0.0,0.0,0.0,56.3,7.1,0,0.0,0,0,18-APR-2022,
OPTSTK,ABB,26-May-2022,1820.0,PE,0.0,0.0,0.0,61.95,8.65,0,0.0,0,0,18-APR-2022,
OPTSTK,ABB,26-May-2022,1840.0,PE,0.0,0.0,0.0,68.05,10.45,0,0.0,0,0,18-APR-2022,
OPTSTK,ABB,26-May-2022,1860.0,PE,0.0,0.0,0.0,74.4,12.55,0,0.0,0,0,18-APR-2022,
OPTSTK,ABB,26-May-2022,1880.0,PE,0.0,0.0,0.0,81.25,15.0,0,0.0,0,0,18-APR-2022,
OPTSTK,ABB,26-May-2022,1900.0,PE,0.0,0.0,0.0,4.0,17.75,0,0.0,250,0,18-APR-2022,
OPTSTK,ABB,26-May-2022,1920.0,PE,0.0,0.0,0.0,96.1,20.9,0,0.0,0,0,18-APR-2022,
OPTSTK,ABB,26-May-2022,1940.0,PE,0.0,0.0,0.0,104.15,24.45,0,0.0,0,0,18-APR-2022,
OPTSTK,ABB,26-May-2022,1960.0,PE,0.0,0.0,0.0,112.55,28.45,0,0.0,0,0,18-APR-2022,
OPTSTK,ABB,26-May-2022,1980.0,PE,0.0,0.0,0.0,121.35,32.85,0,0.0,0,0,18-APR-2022,
OPTSTK,ABB,26-May-2022,2000.0,PE,0.0,0.0,0.0,130.55,37.8,0,0.0,0,0,18-APR-2022,
OPTSTK,ABB,26-May-2022,2020.0,PE,0.0,0.0,0.0,140.15,43.2,0,0.0,0,0,18-APR-2022,
OPTSTK,ABB,26-May-2022,2040.0,PE,0.0,0.0,0.0,150.15,49.0,0,0.0,0,0,18-APR-2022,
OPTSTK,ABB,26-May-2022,2060.0,PE,0.0,0.0,0.0,160.5,55.45,0,0.0,0,0,18-APR-2022,
OPTSTK,ABB,26-May-2022,2080.0,PE,0.0,0.0,0.0,171.25,62.45,0,0.0,0,0,18-APR-2022,
OPTSTK,ABB,26-May-2022,2100.0,PE,0.0,0.0,0.0,182.35,70.0,0,0.0,0,0,18-APR-2022,
OPTSTK,ABB,26-May-2022,2120.0,PE,0.0,0.0,0.0,193.85,78.1,0,0.0,0,0,18-APR-2022,
OPTSTK,ABB,26-May-2022,2140.0,PE,0.0,0.0,0.0,205.7,86.8,0,0.0,0,0,18-APR-2022,
OPTSTK,ABB,26-May-2022,2160.0,PE,0.0,0.0,0.0,217.9,96.05,0,0.0,0,0,18-APR-2022,
OPTSTK,ABB,26-May-2022,2180.0,PE,0.0,0.0,0.0,230.4,105.85,0,0.0,0,0,18-APR-2022,
OPTSTK,ABB,26-May-2022,2200.0,PE,0.0,0.0,0.0,243.3,116.2,0,0.0,0,0,18-APR-2022,
OPTSTK,ABB,26-May-2022,2220.0,PE,0.0,0.0,0.0,256.5,127.15,0,0.0,0,0,18-APR-2022,
OPTSTK,ABB,26-May-2022,2240.0,PE,0.0,0.0,0.0,270.0,138.65,0,0.0,0,0,18-APR-2022,
OPTSTK,ABB,26-May-2022,2260.0,PE,0.0,0.0,0.0,283.85,150.65,0,0.0,0,0,18-APR-2022,
OPTSTK,ABB,26-May-2022,2280.0,PE,0.0,0.0,0.0,298.0,163.2,0,0.0,0,0,18-APR-2022,
OPTSTK,ABB,26-May-2022,2300.0,PE,0.0,0.0,0.0,312.4,176.2,0,0.0,0,0,18-APR-2022,
OPTSTK,ABB,26-May-2022,2320.0,PE,0.0,0.0,0.0,327.2,189.75,0,0.0,0,0,18-APR-2022,
OPTSTK,ABB,26-May-2022,2340.0,PE,0.0,0.0,0.0,342.15,203.75,0,0.0,0,0,18-APR-2022,
OPTSTK,ABB,26-May-2022,2360.0,PE,0.0,0.0,0.0,357.4,218.2,0,0.0,0,0,18-APR-2022,
OPTSTK,ABB,26-May-2022,2380.0,PE,0.0,0.0,0.0,372.9,233.15,0,0.0,0,0,18-APR-2022,
OPTSTK,ABB,26-May-2022,2400.0,PE,0.0,0.0,0.0,388.65,248.45,0,0.0,0,0,18-APR-2022,
OPTSTK,ABB,26-May-2022,2420.0,PE,0.0,0.0,0.0,404.5,264.0,0,0.0,0,0,18-APR-2022,
OPTSTK,ABB,26-May-2022,2440.0,PE,0.0,0.0,0.0,420.65,280.05,0,0.0,0,0,18-APR-2022,
OPTSTK,ABB,26-May-2022,2460.0,PE,0.0,0.0,0.0,437.05,296.4,0,0.0,0,0,18-APR-2022,
OPTSTK,ABB,26-May-2022,2480.0,PE,0.0,0.0,0.0,453.6,313.05,0,0.0,0,0,18-APR-2022,
OPTSTK,ABB,26-May-2022,2500.0,PE,0.0,0.0,0.0,470.4,330.05,0,0.0,0,0,18-APR-2022,
OPTSTK,ABB,26-May-2022,2520.0,PE,0.0,0.0,0.0,487.3,347.25,0,0.0,0,0,18-APR-2022,
OPTSTK,ABB,26-May-2022,2540.0,PE,0.0,0.0,0.0,504.45,364.75,0,0.0,0,0,18-APR-2022,
OPTSTK,ABB,26-May-2022,2560.0,PE,0.0,0.0,0.0,521.7,382.5,0,0.0,0,0,18-APR-2022,
OPTSTK,ABB,26-May-2022,2580.0,PE,0.0,0.0,0.0,539.15,400.45,0,0.0,0,0,18-APR-2022,
OPTSTK,ABB,26-May-2022,2600.0,PE,0.0,0.0,0.0,556.75,418.6,0,0.0,0,0,18-APR-2022,
OPTSTK,ABB,26-May-2022,2620.0,PE,0.0,0.0,0.0,574.45,436.9,0,0.0,0,0,18-APR-2022,
OPTSTK,ABB,26-May-2022,2640.0,PE,0.0,0.0,0.0,592.3,455.4,0,0.0,0,0,18-APR-2022,
OPTSTK,ABB,26-May-2022,2660.0,PE,0.0,0.0,0.0,610.3,474.05,0,0.0,0,0,18-APR-2022,
OPTSTK,ABB,26-May-2022,2680.0,PE,0.0,0.0,0.0,628.4,492.85,0,0.0,0,0,18-APR-2022,
OPTSTK,ABB,26-May-2022,2700.0,PE,0.0,0.0,0.0,646.6,511.75,0,0.0,0,0,18-APR-2022,
OPTSTK,ABB,26-May-2022,2720.0,PE,0.0,0.0,0.0,664.9,530.75,0,0.0,0,0,18-APR-2022,
OPTSTK,ABB,26-May-2022,2740.0,PE,0.0,0.0,0.0,683.3,549.9,0,0.0,0,0,18-APR-2022,
OPTSTK,ABB,30-Jun-2022,1580.0,CE,0.0,0.0,0.0,603.15,621.1,0,0.0,0,0,18-APR-2022,
OPTSTK,ABB,30-Jun-2022,1600.0,CE,0.0,0.0,0.0,584.75,602.1,0,0.0,0,0,18-APR-2022,
OPTSTK,ABB,30-Jun-2022,1620.0,CE,0.0,0.0,0.0,566.55,583.25,0,0.0,0,0,18-APR-2022,
OPTSTK,ABB,30-Jun-2022,1640.0,CE,0.0,0.0,0.0,548.5,564.55,0,0.0,0,0,18-APR-2022,
OPTSTK,ABB,30-Jun-2022,1660.0,CE,0.0,0.0,0.0,530.7,546.0,0,0.0,0,0,18-APR-2022,
OPTSTK,ABB,30-Jun-2022,1680.0,CE,0.0,0.0,0.0,513.1,527.6,0,0.0,0,0,18-APR-2022,
OPTSTK,ABB,30-Jun-2022,1700.0,CE,0.0,0.0,0.0,495.7,509.45,0,0.0,0,0,18-APR-2022,
OPTSTK,ABB,30-Jun-2022,1720.0,CE,0.0,0.0,0.0,478.6,491.45,0,0.0,0,0,18-APR-2022,
OPTSTK,ABB,30-Jun-2022,1740.0,CE,0.0,0.0,0.0,461.7,473.7,0,0.0,0,0,18-APR-2022,
OPTSTK,ABB,30-Jun-2022,1760.0,CE,0.0,0.0,0.0,445.1,456.2,0,0.0,0,0,18-APR-2022,
OPTSTK,ABB,30-Jun-2022,1780.0,CE,0.0,0.0,0.0,428.75,438.95,0,0.0,0,0,18-APR-2022,
OPTSTK,ABB,30-Jun-2022,1800.0,CE,0.0,0.0,0.0,412.7,421.95,0,0.0,0,0,18-APR-2022,
OPTSTK,ABB,30-Jun-2022,1820.0,CE,0.0,0.0,0.0,396.95,405.25,0,0.0,0,0,18-APR-2022,
OPTSTK,ABB,30-Jun-2022,1840.0,CE,0.0,0.0,0.0,381.55,388.85,0,0.0,0,0,18-APR-2022,
OPTSTK,ABB,30-Jun-2022,1860.0,CE,0.0,0.0,0.0,366.4,372.75,0,0.0,0,0,18-APR-2022,
OPTSTK,ABB,30-Jun-2022,1880.0,CE,0.0,0.0,0.0,351.7,357.0,0,0.0,0,0,18-APR-2022,
OPTSTK,ABB,30-Jun-2022,1900.0,CE,0.0,0.0,0.0,337.25,341.6,0,0.0,0,0,18-APR-2022,
OPTSTK,ABB,30-Jun-2022,1920.0,CE,0.0,0.0,0.0,323.15,326.55,0,0.0,0,0,18-APR-2022,
OPTSTK,ABB,30-Jun-2022,1940.0,CE,0.0,0.0,0.0,309.4,311.9,0,0.0,0,0,18-APR-2022,
OPTSTK,ABB,30-Jun-2022,1960.0,CE,0.0,0.0,0.0,295.95,297.6,0,0.0,0,0,18-APR-2022,
OPTSTK,ABB,30-Jun-2022,1980.0,CE,0.0,0.0,0.0,282.95,283.65,0,0.0,0,0,18-APR-2022,
OPTSTK,ABB,30-Jun-2022,2000.0,CE,0.0,0.0,0.0,270.3,270.0,0,0.0,0,0,18-APR-2022,
OPTSTK,ABB,30-Jun-2022,2020.0,CE,0.0,0.0,0.0,258.05,256.85,0,0.0,0,0,18-APR-2022,
OPTSTK,ABB,30-Jun-2022,2040.0,CE,0.0,0.0,0.0,246.15,244.1,0,0.0,0,0,18-APR-2022,
OPTSTK,ABB,30-Jun-2022,2060.0,CE,0.0,0.0,0.0,234.6,231.8,0,0.0,0,0,18-APR-2022,
OPTSTK,ABB,30-Jun-2022,2080.0,CE,0.0,0.0,0.0,223.5,219.9,0,0.0,0,0,18-APR-2022,
OPTSTK,ABB,30-Jun-2022,2100.0,CE,0.0,0.0,0.0,212.7,208.4,0,0.0,0,0,18-APR-2022,
OPTSTK,ABB,30-Jun-2022,2120.0,CE,0.0,0.0,0.0,202.3,197.3,0,0.0,0,0,18-APR-2022,
OPTSTK,ABB,30-Jun-2022,2140.0,CE,0.0,0.0,0.0,192.3,186.6,0,0.0,0,0,18-APR-2022,
OPTSTK,ABB,30-Jun-2022,2160.0,CE,0.0,0.0,0.0,182.6,176.35,0,0.0,0,0,18-APR-2022,
OPTSTK,ABB,30-Jun-2022,2180.0,CE,0.0,0.0,0.0,173.3,166.5,0,0.0,0,0,18-APR-2022,
OPTSTK,ABB,30-Jun-2022,2200.0,CE,0.0,0.0,0.0,164.4,157.05,0,0.0,0,0,18-APR-2022,
OPTSTK,ABB,30-Jun-2022,2220.0,CE,0.0,0.0,0.0,155.8,148.0,0,0.0,0,0,18-APR-2022,
OPTSTK,ABB,30-Jun-2022,2240.0,CE,0.0,0.0,0.0,147.55,139.35,0,0.0,0,0,18-APR-2022,
OPTSTK,ABB,30-Jun-2022,2260.0,CE,0.0,0.0,0.0,139.65,131.05,0,0.0,0,0,18-APR-2022,
OPTSTK,ABB,30-Jun-2022,2280.0,CE,0.0,0.0,0.0,132.1,123.15,0,0.0,0,0,18-APR-2022,
OPTSTK,ABB,30-Jun-2022,2300.0,CE,0.0,0.0,0.0,124.85,115.65,0,0.0,0,0,18-APR-2022,
OPTSTK,ABB,30-Jun-2022,2320.0,CE,0.0,0.0,0.0,117.95,108.5,0,0.0,0,0,18-APR-2022,
OPTSTK,ABB,30-Jun-2022,2340.0,CE,0.0,0.0,0.0,111.35,101.7,0,0.0,0,0,18-APR-2022,
OPTSTK,ABB,30-Jun-2022,2360.0,CE,0.0,0.0,0.0,105.0,95.25,0,0.0,0,0,18-APR-2022,
OPTSTK,ABB,30-Jun-2022,2380.0,CE,0.0,0.0,0.0,99.0,89.1,0,0.0,0,0,18-APR-2022,
OPTSTK,ABB,30-Jun-2022,2400.0,CE,0.0,0.0,0.0,93.3,83.3,0,0.0,0,0,18-APR-2022,
OPTSTK,ABB,30-Jun-2022,2420.0,CE,0.0,0.0,0.0,87.85,77.8,0,0.0,0,0,18-APR-2022,
OPTSTK,ABB,30-Jun-2022,2440.0,CE,0.0,0.0,0.0,82.65,72.65,0,0.0,0,0,18-APR-2022,
OPTSTK,ABB,30-Jun-2022,2460.0,CE,0.0,0.0,0.0,77.85,67.85,0,0.0,0,0,18-APR-2022,
OPTSTK,ABB,30-Jun-2022,2480.0,CE,0.0,0.0,0.0,73.2,63.25,0,0.0,0,0,18-APR-2022,
OPTSTK,ABB,30-Jun-2022,2500.0,CE,0.0,0.0,0.0,68.8,58.9,0,0.0,0,0,18-APR-2022,
OPTSTK,ABB,30-Jun-2022,2520.0,CE,0.0,0.0,0.0,64.6,54.85,0,0.0,0,0,18-APR-2022,
OPTSTK,ABB,30-Jun-2022,2540.0,CE,0.0,0.0,0.0,60.65,50.9,0,0.0,0,0,18-APR-2022,
OPTSTK,ABB,30-Jun-2022,2560.0,CE,0.0,0.0,0.0,56.8,47.3,0,0.0,0,0,18-APR-2022,
OPTSTK,ABB,30-Jun-2022,2580.0,CE,0.0,0.0,0.0,53.25,43.9,0,0.0,0,0,18-APR-2022,
OPTSTK,ABB,30-Jun-2022,2600.0,CE,0.0,0.0,0.0,49.9,40.75,0,0.0,0,0,18-APR-2022,
OPTSTK,ABB,30-Jun-2022,2620.0,CE,0.0,0.0,0.0,46.75,37.75,0,0.0,0,0,18-APR-2022,
OPTSTK,ABB,30-Jun-2022,2640.0,CE,0.0,0.0,0.0,43.75,35.0,0,0.0,0,0,18-APR-2022,
OPTSTK,ABB,30-Jun-2022,2660.0,CE,0.0,0.0,0.0,40.9,32.4,0,0.0,0,0,18-APR-2022,
OPTSTK,ABB,30-Jun-2022,2680.0,CE,0.0,0.0,0.0,38.25,29.95,0,0.0,0,0,18-APR-2022,
OPTSTK,ABB,30-Jun-2022,2700.0,CE,0.0,0.0,0.0,35.75,27.7,0,0.0,0,0,18-APR-2022,
OPTSTK,ABB,30-Jun-2022,2720.0,CE,0.0,0.0,0.0,33.4,25.6,0,0.0,0,0,18-APR-2022,
OPTSTK,ABB,30-Jun-2022,2740.0,CE,0.0,0.0,0.0,31.2,23.65,0,0.0,0,0,18-APR-2022,
OPTSTK,ABB,30-Jun-2022,1580.0,PE,0.0,0.0,0.0,8.55,4.2,0,0.0,0,0,18-APR-2022,
OPTSTK,ABB,30-Jun-2022,1600.0,PE,0.0,0.0,0.0,10.0,5.0,0,0.0,0,0,18-APR-2022,
OPTSTK,ABB,30-Jun-2022,1620.0,PE,0.0,0.0,0.0,11.55,6.0,0,0.0,0,0,18-APR-2022,
OPTSTK,ABB,30-Jun-2022,1640.0,PE,0.0,0.0,0.0,13.35,7.1,0,0.0,0,0,18-APR-2022,
OPTSTK,ABB,30-Jun-2022,1660.0,PE,0.0,0.0,0.0,15.3,8.4,0,0.0,0,0,18-APR-2022,
OPTSTK,ABB,30-Jun-2022,1680.0,PE,0.0,0.0,0.0,17.5,9.85,0,0.0,0,0,18-APR-2022,
OPTSTK,ABB,30-Jun-2022,1700.0,PE,0.0,0.0,0.0,19.9,11.5,0,0.0,0,0,18-APR-2022,
OPTSTK,ABB,30-Jun-2022,1720.0,PE,0.0,0.0,0.0,22.55,13.35,0,0.0,0,0,18-APR-2022,
OPTSTK,ABB,30-Jun-2022,1740.0,PE,0.0,0.0,0.0,25.45,15.45,0,0.0,0,0,18-APR-2022,
OPTSTK,ABB,30-Jun-2022,1760.0,PE,0.0,0.0,0.0,28.65,17.75,0,0.0,0,0,18-APR-2022,
OPTSTK,ABB,30-Jun-2022,1780.0,PE,0.0,0.0,0.0,32.1,20.3,0,0.0,0,0,18-APR-2022,
OPTSTK,ABB,30-Jun-2022,1800.0,PE,0.0,0.0,0.0,35.85,23.15,0,0.0,0,0,18-APR-2022,
OPTSTK,ABB,30-Jun-2022,1820.0,PE,0.0,0.0,0.0,39.85,26.3,0,0.0,0,0,18-APR-2022,
OPTSTK,ABB,30-Jun-2022,1840.0,PE,0.0,0.0,0.0,44.25,29.75,0,0.0,0,0,18-APR-2022,
OPTSTK,ABB,30-Jun-2022,1860.0,PE,0.0,0.0,0.0,48.9,33.5,0,0.0,0,0,18-APR-2022,
OPTSTK,ABB,30-Jun-2022,1880.0,PE,0.0,0.0,0.0,54.0,37.55,0,0.0,0,0,18-APR-2022,
OPTSTK,ABB,30-Jun-2022,1900.0,PE,0.0,0.0,0.0,59.35,41.95,0,0.0,0,0,18-APR-2022,
OPTSTK,ABB,30-Jun-2022,1920.0,PE,0.0,0.0,0.0,65.0,46.75,0,0.0,0,0,18-APR-2022,
OPTSTK,ABB,30-Jun-2022,1940.0,PE,0.0,0.0,0.0,71.05,51.95,0,0.0,0,0,18-APR-2022,
OPTSTK,ABB,30-Jun-2022,1960.0,PE,0.0,0.0,0.0,77.4,57.45,0,0.0,0,0,18-APR-2022,
OPTSTK,ABB,30-Jun-2022,1980.0,PE,0.0,0.0,0.0,84.15,63.3,0,0.0,0,0,18-APR-2022,
OPTSTK,ABB,30-Jun-2022,2000.0,PE,0.0,0.0,0.0,91.3,69.5,0,0.0,0,0,18-APR-2022,
OPTSTK,ABB,30-Jun-2022,2020.0,PE,0.0,0.0,0.0,98.85,76.2,0,0.0,0,0,18-APR-2022,
OPTSTK,ABB,30-Jun-2022,2040.0,PE,0.0,0.0,0.0,106.75,83.3,0,0.0,0,0,18-APR-2022,
OPTSTK,ABB,30-Jun-2022,2060.0,PE,0.0,0.0,0.0,115.0,90.8,0,0.0,0,0,18-APR-2022,
OPTSTK,ABB,30-Jun-2022,2080.0,PE,0.0,0.0,0.0,123.65,98.75,0,0.0,0,0,18-APR-2022,
OPTSTK,ABB,30-Jun-2022,2100.0,PE,0.0,0.0,0.0,132.7,107.05,0,0.0,0,0,18-APR-2022,
OPTSTK,ABB,30-Jun-2022,2120.0,PE,0.0,0.0,0.0,142.05,115.8,0,0.0,0,0,18-APR-2022,
OPTSTK,ABB,30-Jun-2022,2140.0,PE,0.0,0.0,0.0,151.8,124.95,0,0.0,0,0,18-APR-2022,
OPTSTK,ABB,30-Jun-2022,2160.0,PE,0.0,0.0,0.0,161.95,134.5,0,0.0,0,0,18-APR-2022,
OPTSTK,ABB,30-Jun-2022,2180.0,PE,0.0,0.0,0.0,172.45,144.5,0,0.0,0,0,18-APR-2022,
OPTSTK,ABB,30-Jun-2022,2200.0,PE,0.0,0.0,0.0,183.3,154.85,0,0.0,0,0,18-APR-2022,
OPTSTK,ABB,30-Jun-2022,2220.0,PE,0.0,0.0,0.0,194.5,165.65,0,0.0,0,0,18-APR-2022,
OPTSTK,ABB,30-Jun-2022,2240.0,PE,0.0,0.0,0.0,206.05,176.8,0,0.0,0,0,18-APR-2022,
OPTSTK,ABB,30-Jun-2022,2260.0,PE,0.0,0.0,0.0,217.95,188.4,0,0.0,0,0,18-APR-2022,
OPTSTK,ABB,30-Jun-2022,2280.0,PE,0.0,0.0,0.0,230.15,200.3,0,0.0,0,0,18-APR-2022,
OPTSTK,ABB,30-Jun-2022,2300.0,PE,0.0,0.0,0.0,242.7,212.65,0,0.0,0,0,18-APR-2022,
OPTSTK,ABB,30-Jun-2022,2320.0,PE,0.0,0.0,0.0,255.6,225.3,0,0.0,0,0,18-APR-2022,
OPTSTK,ABB,30-Jun-2022,2340.0,PE,0.0,0.0,0.0,268.75,238.35,0,0.0,0,0,18-APR-2022,
OPTSTK,ABB,30-Jun-2022,2360.0,PE,0.0,0.0,0.0,282.25,251.7,0,0.0,0,0,18-APR-2022,
OPTSTK,ABB,30-Jun-2022,2380.0,PE,0.0,0.0,0.0,296.05,265.4,0,0.0,0,0,18-APR-2022,
OPTSTK,ABB,30-Jun-2022,2400.0,PE,0.0,0.0,0.0,310.1,279.45,0,0.0,0,0,18-APR-2022,
OPTSTK,ABB,30-Jun-2022,2420.0,PE,0.0,0.0,0.0,324.45,293.8,0,0.0,0,0,18-APR-2022,
OPTSTK,ABB,30-Jun-2022,2440.0,PE,0.0,0.0,0.0,339.05,308.45,0,0.0,0,0,18-APR-2022,
OPTSTK,ABB,30-Jun-2022,2460.0,PE,0.0,0.0,0.0,354.05,323.5,0,0.0,0,0,18-APR-2022,
OPTSTK,ABB,30-Jun-2022,2480.0,PE,0.0,0.0,0.0,369.2,338.7,0,0.0,0,0,18-APR-2022,
OPTSTK,ABB,30-Jun-2022,2500.0,PE,0.0,0.0,0.0,384.55,354.2,0,0.0,0,0,18-APR-2022,
OPTSTK,ABB,30-Jun-2022,2520.0,PE,0.0,0.0,0.0,400.15,369.95,0,0.0,0,0,18-APR-2022,
OPTSTK,ABB,30-Jun-2022,2540.0,PE,0.0,0.0,0.0,416.0,385.85,0,0.0,0,0,18-APR-2022,
OPTSTK,ABB,30-Jun-2022,2560.0,PE,0.0,0.0,0.0,431.95,402.1,0,0.0,0,0,18-APR-2022,
OPTSTK,ABB,30-Jun-2022,2580.0,PE,0.0,0.0,0.0,448.2,418.55,0,0.0,0,0,18-APR-2022,
OPTSTK,ABB,30-Jun-2022,2600.0,PE,0.0,0.0,0.0,464.6,435.2,0,0.0,0,0,18-APR-2022,
OPTSTK,ABB,30-Jun-2022,2620.0,PE,0.0,0.0,0.0,481.25,452.05,0,0.0,0,0,18-APR-2022,
OPTSTK,ABB,30-Jun-2022,2640.0,PE,0.0,0.0,0.0,498.05,469.1,0,0.0,0,0,18-APR-2022,
OPTSTK,ABB,30-Jun-2022,2660.0,PE,0.0,0.0,0.0,515.0,486.35,0,0.0,0,0,18-APR-2022,
OPTSTK,ABB,30-Jun-2022,2680.0,PE,0.0,0.0,0.0,532.15,503.75,0,0.0,0,0,18-APR-2022,
OPTSTK,ABB,30-Jun-2022,2700.0,PE,0.0,0.0,0.0,549.4,521.3,0,0.0,0,0,18-APR-2022,
OPTSTK,ABB,30-Jun-2022,2720.0,PE,0.0,0.0,0.0,566.85,539.0,0,0.0,0,0,18-APR-2022,
OPTSTK,ABB,30-Jun-2022,2740.0,PE,0.0,0.0,0.0,584.4,556.9,0,0.0,0,0,18-APR-2022,
OPTSTK,ABBOTINDIA,28-Apr-2022,11750.0,CE,0.0,0.0,0.0,4612.95,5604.2,0,0.0,0,0,18-APR-2022,
OPTSTK,ABBOTINDIA,28-Apr-2022,12000.0,CE,0.0,0.0,0.0,4374.05,5354.45,0,0.0,0,0,18-APR-2022,
OPTSTK,ABBOTINDIA,28-Apr-2022,12250.0,CE,0.0,0.0,0.0,4137.75,5104.75,0,0.0,0,0,18-APR-2022,
OPTSTK,ABBOTINDIA,28-Apr-2022,12500.0,CE,0.0,0.0,0.0,3904.55,4855.05,0,0.0,0,0,18-APR-2022,
OPTSTK,ABBOTINDIA,28-Apr-2022,12750.0,CE,0.0,0.0,0.0,3675.05,4605.3,0,0.0,0,0,18-APR-2022,
OPTSTK,ABBOTINDIA,28-Apr-2022,13000.0,CE,0.0,0.0,0.0,3449.85,4355.6,0,0.0,0,0,18-APR-2022,
OPTSTK,ABBOTINDIA,28-Apr-2022,13250.0,CE,0.0,0.0,0.0,3229.55,4105.9,0,0.0,0,0,18-APR-2022,
OPTSTK,ABBOTINDIA,28-Apr-2022,13500.0,CE,0.0,0.0,0.0,3014.75,3856.15,0,0.0,0,0,18-APR-2022,
OPTSTK,ABBOTINDIA,28-Apr-2022,13750.0,CE,0.0,0.0,0.0,2806.1,3606.45,0,0.0,0,0,18-APR-2022,
OPTSTK,ABBOTINDIA,28-Apr-2022,14000.0,CE,0.0,0.0,0.0,2604.15,3356.75,0,0.0,0,0,18-APR-2022,
OPTSTK,ABBOTINDIA,28-Apr-2022,14250.0,CE,0.0,0.0,0.0,2409.45,3107.05,0,0.0,0,0,18-APR-2022,
OPTSTK,ABBOTINDIA,28-Apr-2022,14500.0,CE,0.0,0.0,0.0,2223.0,2857.5,0,0.0,0,0,18-APR-2022,
OPTSTK,ABBOTINDIA,28-Apr-2022,14750.0,CE,0.0,0.0,0.0,2044.05,2608.15,0,0.0,0,0,18-APR-2022,
OPTSTK,ABBOTINDIA,28-Apr-2022,15000.0,CE,0.0,0.0,0.0,1873.1,2359.35,0,0.0,0,0,18-APR-2022,
OPTSTK,ABBOTINDIA,28-Apr-2022,15250.0,CE,0.0,0.0,0.0,1711.75,2111.75,0,0.0,0,0,18-APR-2022,
OPTSTK,ABBOTINDIA,28-Apr-2022,15500.0,CE,0.0,0.0,0.0,1559.45,1866.5,0,0.0,0,0,18-APR-2022,
OPTSTK,ABBOTINDIA,28-Apr-2022,15750.0,CE,0.0,0.0,0.0,1416.25,1625.45,0,0.0,0,0,18-APR-2022,
OPTSTK,ABBOTINDIA,28-Apr-2022,16000.0,CE,0.0,0.0,0.0,1282.25,1391.25,0,0.0,0,0,18-APR-2022,
OPTSTK,ABBOTINDIA,28-Apr-2022,16250.0,CE,0.0,0.0,0.0,1157.3,1167.25,0,0.0,0,0,18-APR-2022,
OPTSTK,ABBOTINDIA,28-Apr-2022,16500.0,CE,0.0,0.0,0.0,1715.6,957.4,0,0.0,300,0,18-APR-2022,
OPTSTK,ABBOTINDIA,28-Apr-2022,16750.0,CE,0.0,0.0,0.0,934.25,765.55,0,0.0,0,0,18-APR-2022,
OPTSTK,ABBOTINDIA,28-Apr-2022,17000.0,CE,698.2,698.2,573.6,573.6,595.6,3,13.23,825,-50,18-APR-2022,
OPTSTK,ABBOTINDIA,28-Apr-2022,17250.0,CE,0.0,0.0,0.0,1000.0,449.85,0,0.0,100,0,18-APR-2022,
OPTSTK,ABBOTINDIA,28-Apr-2022,17500.0,CE,397.65,399.0,260.05,279.2,279.2,17,75.76,775,75,18-APR-2022,
OPTSTK,ABBOTINDIA,28-Apr-2022,17750.0,CE,0.0,0.0,0.0,730.05,233.15,0,0.0,400,0,18-APR-2022,
OPTSTK,ABBOTINDIA,28-Apr-2022,18000.0,CE,244.85,260.0,126.95,132.55,132.55,37,168.17,3100,-75,18-APR-2022,
OPTSTK,ABBOTINDIA,28-Apr-2022,18250.0,CE,170.1,170.1,120.0,153.05,105.8,4,18.39,500,-25,18-APR-2022,
OPTSTK,ABBOTINDIA,28-Apr-2022,18500.0,CE,81.95,134.7,60.0,61.7,61.7,15,69.69,1150,-50,18-APR-2022,
OPTSTK,ABBOTINDIA,28-Apr-2022,18750.0,CE,0.0,0.0,0.0,354.05,41.75,0,0.0,0,0,18-APR-2022,
OPTSTK,ABBOTINDIA,28-Apr-2022,19000.0,CE,40.0,77.0,34.95,39.5,39.5,42,199.94,3750,-275,18-APR-2022,
OPTSTK,ABBOTINDIA,28-Apr-2022,19250.0,CE,0.0,0.0,0.0,270.5,14.3,0,0.0,0,0,18-APR-2022,
OPTSTK,ABBOTINDIA,28-Apr-2022,19500.0,CE,0.0,0.0,0.0,53.7,7.95,0,0.0,600,0,18-APR-2022,
OPTSTK,ABBOTINDIA,28-Apr-2022,19750.0,CE,0.0,0.0,0.0,85.05,4.25,0,0.0,50,0,18-APR-2022,
OPTSTK,ABBOTINDIA,28-Apr-2022,20000.0,CE,23.0,24.3,13.0,21.3,21.3,19,95.09,2750,75,18-APR-2022,
OPTSTK,ABBOTINDIA,28-Apr-2022,20250.0,CE,0.0,0.0,0.0,35.0,1.15,0,0.0,75,0,18-APR-2022,
OPTSTK,ABBOTINDIA,28-Apr-2022,20500.0,CE,0.0,0.0,0.0,132.35,0.55,0,0.0,0,0,18-APR-2022,
OPTSTK,ABBOTINDIA,28-Apr-2022,20750.0,CE,0.0,0.0,0.0,113.9,0.25,0,0.0,25,0,18-APR-2022,
OPTSTK,ABBOTINDIA,28-Apr-2022,21000.0,CE,0.3,0.3,0.3,0.3,0.15,1,5.25,175,0,18-APR-2022,
OPTSTK,ABBOTINDIA,28-Apr-2022,21250.0,CE,0.0,0.0,0.0,83.95,0.05,0,0.0,0,0,18-APR-2022,
OPTSTK,ABBOTINDIA,28-Apr-2022,21500.0,CE,0.0,0.0,0.0,71.85,0.05,0,0.0,0,0,18-APR-2022,
OPTSTK,ABBOTINDIA,28-Apr-2022,21750.0,CE,0.0,0.0,0.0,61.35,0.05,0,0.0,0,0,18-APR-2022,
OPTSTK,ABBOTINDIA,28-Apr-2022,22000.0,CE,0.0,0.0,0.0,52.3,0.0,0,0.0,0,0,18-APR-2022,
OPTSTK,ABBOTINDIA,28-Apr-2022,22250.0,CE,0.0,0.0,0.0,44.5,0.0,0,0.0,0,0,18-APR-2022,
OPTSTK,ABBOTINDIA,28-Apr-2022,22500.0,CE,0.0,0.0,0.0,37.8,0.0,0,0.0,0,0,18-APR-2022,
OPTSTK,ABBOTINDIA,28-Apr-2022,22750.0,CE,0.0,0.0,0.0,32.05,0.0,0,0.0,0,0,18-APR-2022,
OPTSTK,ABBOTINDIA,28-Apr-2022,23000.0,CE,0.0,0.0,0.0,27.15,0.0,0,0.0,0,0,18-APR-2022,
OPTSTK,ABBOTINDIA,28-Apr-2022,23250.0,CE,0.0,0.0,0.0,22.95,0.0,0,0.0,0,0,18-APR-2022,
OPTSTK,ABBOTINDIA,28-Apr-2022,23500.0,CE,0.0,0.0,0.0,19.35,0.0,0,0.0,0,0,18-APR-2022,
OPTSTK,ABBOTINDIA,28-Apr-2022,23750.0,CE,0.0,0.0,0.0,16.3,0.0,0,0.0,0,0,18-APR-2022,
OPTSTK,ABBOTINDIA,28-Apr-2022,11750.0,PE,0.0,0.0,0.0,21.35,0.0,0,0.0,0,0,18-APR-2022,
OPTSTK,ABBOTINDIA,28-Apr-2022,12000.0,PE,0.0,0.0,0.0,29.85,0.0,0,0.0,0,0,18-APR-2022,
OPTSTK,ABBOTINDIA,28-Apr-2022,12250.0,PE,0.0,0.0,0.0,40.95,0.0,0,0.0,0,0,18-APR-2022,
OPTSTK,ABBOTINDIA,28-Apr-2022,12500.0,PE,0.0,0.0,0.0,55.15,0.0,0,0.0,0,0,18-APR-2022,
OPTSTK,ABBOTINDIA,28-Apr-2022,12750.0,PE,0.0,0.0,0.0,73.05,0.0,0,0.0,0,0,18-APR-2022,
OPTSTK,ABBOTINDIA,28-Apr-2022,13000.0,PE,0.0,0.0,0.0,95.25,0.0,0,0.0,0,0,18-APR-2022,
OPTSTK,ABBOTINDIA,28-Apr-2022,13250.0,PE,0.0,0.0,0.0,122.3,0.0,0,0.0,0,0,18-APR-2022,
OPTSTK,ABBOTINDIA,28-Apr-2022,13500.0,PE,0.0,0.0,0.0,154.95,0.0,0,0.0,0,0,18-APR-2022,
OPTSTK,ABBOTINDIA,28-Apr-2022,13750.0,PE,0.0,0.0,0.0,193.65,0.0,0,0.0,0,0,18-APR-2022,
OPTSTK,ABBOTINDIA,28-Apr-2022,14000.0,PE,0.0,0.0,0.0,44.0,0.05,0,0.0,50,0,18-APR-2022,
OPTSTK,ABBOTINDIA,28-Apr-2022,14250.0,PE,0.0,0.0,0.0,291.8,0.1,0,0.0,0,0,18-APR-2022,
OPTSTK,ABBOTINDIA,28-Apr-2022,14500.0,PE,0.0,0.0,0.0,352.75,0.2,0,0.0,0,0,18-APR-2022,
OPTSTK,ABBOTINDIA,28-Apr-2022,14750.0,PE,0.0,0.0,0.0,421.2,0.6,0,0.0,0,0,18-APR-2022,
OPTSTK,ABBOTINDIA,28-Apr-2022,15000.0,PE,0.0,0.0,0.0,8.9,1.5,0,0.0,225,0,18-APR-2022,
OPTSTK,ABBOTINDIA,28-Apr-2022,15250.0,PE,0.0,0.0,0.0,189.0,3.65,0,0.0,0,0,18-APR-2022,
OPTSTK,ABBOTINDIA,28-Apr-2022,15500.0,PE,0.0,0.0,0.0,14.05,8.1,0,0.0,50,0,18-APR-2022,
OPTSTK,ABBOTINDIA,28-Apr-2022,15750.0,PE,0.0,0.0,0.0,783.0,16.8,0,0.0,0,0,18-APR-2022,
OPTSTK,ABBOTINDIA,28-Apr-2022,16000.0,PE,0.0,0.0,0.0,30.0,32.3,0,0.0,550,0,18-APR-2022,
OPTSTK,ABBOTINDIA,28-Apr-2022,16250.0,PE,0.0,0.0,0.0,1018.85,58.0,0,0.0,0,0,18-APR-2022,
OPTSTK,ABBOTINDIA,28-Apr-2022,16500.0,PE,76.0,76.0,60.0,68.0,68.0,2,8.28,425,25,18-APR-2022,
OPTSTK,ABBOTINDIA,28-Apr-2022,16750.0,PE,0.0,0.0,0.0,1290.6,155.75,0,0.0,0,0,18-APR-2022,
OPTSTK,ABBOTINDIA,28-Apr-2022,17000.0,PE,176.75,176.75,94.3,161.25,161.25,19,81.47,1450,-25,18-APR-2022,
OPTSTK,ABBOTINDIA,28-Apr-2022,17250.0,PE,0.0,0.0,0.0,1596.35,339.5,0,0.0,0,0,18-APR-2022,
OPTSTK,ABBOTINDIA,28-Apr-2022,17500.0,PE,298.7,362.25,290.6,340.4,340.4,18,80.2,775,50,18-APR-2022,
OPTSTK,ABBOTINDIA,28-Apr-2022,17750.0,PE,0.0,0.0,0.0,1933.55,622.25,0,0.0,0,0,18-APR-2022,
OPTSTK,ABBOTINDIA,28-Apr-2022,18000.0,PE,588.0,703.0,588.0,681.6,799.15,5,23.28,900,-50,18-APR-2022,
OPTSTK,ABBOTINDIA,28-Apr-2022,18250.0,PE,0.0,0.0,0.0,2299.8,994.3,0,0.0,0,0,18-APR-2022,
OPTSTK,ABBOTINDIA,28-Apr-2022,18500.0,PE,0.0,0.0,0.0,2492.2,1205.85,0,0.0,0,0,18-APR-2022,
OPTSTK,ABBOTINDIA,28-Apr-2022,18750.0,PE,0.0,0.0,0.0,2689.55,1429.7,0,0.0,0,0,18-APR-2022,
OPTSTK,ABBOTINDIA,28-Apr-2022,19000.0,PE,0.0,0.0,0.0,1310.0,1662.55,0,0.0,450,0,18-APR-2022,
OPTSTK,ABBOTINDIA,28-Apr-2022,19250.0,PE,0.0,0.0,0.0,3100.8,1901.7,0,0.0,0,0,18-APR-2022,
OPTSTK,ABBOTINDIA,28-Apr-2022,19500.0,PE,0.0,0.0,0.0,3313.25,2145.05,0,0.0,0,0,18-APR-2022,
OPTSTK,ABBOTINDIA,28-Apr-2022,19750.0,PE,0.0,0.0,0.0,3529.75,2391.1,0,0.0,0,0,18-APR-2022,
OPTSTK,ABBOTINDIA,28-Apr-2022,20000.0,PE,0.0,0.0,0.0,3749.85,2638.75,0,0.0,0,0,18-APR-2022,
OPTSTK,ABBOTINDIA,28-Apr-2022,20250.0,PE,0.0,0.0,0.0,3973.25,2887.4,0,0.0,0,0,18-APR-2022,
OPTSTK,ABBOTINDIA,28-Apr-2022,20500.0,PE,0.0,0.0,0.0,4199.6,3136.55,0,0.0,0,0,18-APR-2022,
OPTSTK,ABBOTINDIA,28-Apr-2022,20750.0,PE,0.0,0.0,0.0,4428.6,3385.95,0,0.0,0,0,18-APR-2022,
OPTSTK,ABBOTINDIA,28-Apr-2022,21000.0,PE,0.0,0.0,0.0,4659.95,3635.55,0,0.0,0,0,18-APR-2022,
OPTSTK,ABBOTINDIA,28-Apr-2022,21250.0,PE,0.0,0.0,0.0,4893.4,3885.2,0,0.0,0,0,18-APR-2022,
OPTSTK,ABBOTINDIA,28-Apr-2022,21500.0,PE,0.0,0.0,0.0,5128.7,4134.9,0,0.0,0,0,18-APR-2022,
OPTSTK,ABBOTINDIA,28-Apr-2022,21750.0,PE,0.0,0.0,0.0,5365.6,4384.6,0,0.0,0,0,18-APR-2022,
OPTSTK,ABBOTINDIA,28-Apr-2022,22000.0,PE,0.0,0.0,0.0,5603.95,4634.3,0,0.0,0,0,18-APR-2022,
OPTSTK,ABBOTINDIA,28-Apr-2022,22250.0,PE,0.0,0.0,0.0,5843.55,4884.05,0,0.0,0,0,18-APR-2022,
OPTSTK,ABBOTINDIA,28-Apr-2022,22500.0,PE,0.0,0.0,0.0,6084.25,5133.75,0,0.0,0,0,18-APR-2022,
OPTSTK,ABBOTINDIA,28-Apr-2022,22750.0,PE,0.0,0.0,0.0,6325.9,5383.45,0,0.0,0,0,18-APR-2022,
OPTSTK,ABBOTINDIA,28-Apr-2022,23000.0,PE,0.0,0.0,0.0,6568.35,5633.2,0,0.0,0,0,18-APR-2022,
OPTSTK,ABBOTINDIA,28-Apr-2022,23250.0,PE,0.0,0.0,0.0,6811.55,5882.9,0,0.0,0,0,18-APR-2022,
OPTSTK,ABBOTINDIA,28-Apr-2022,23500.0,PE,0.0,0.0,0.0,7055.35,6132.6,0,0.0,0,0,18-APR-2022,
OPTSTK,ABBOTINDIA,28-Apr-2022,23750.0,PE,0.0,0.0,0.0,7299.7,6382.35,0,0.0,0,0,18-APR-2022,
OPTSTK,ABBOTINDIA,26-May-2022,11750.0,CE,0.0,0.0,0.0,5165.35,5642.9,0,0.0,0,0,18-APR-2022,
OPTSTK,ABBOTINDIA,26-May-2022,12000.0,CE,0.0,0.0,0.0,4924.05,5394.1,0,0.0,0,0,18-APR-2022,
OPTSTK,ABBOTINDIA,26-May-2022,12250.0,CE,0.0,0.0,0.0,4684.6,5145.4,0,0.0,0,0,18-APR-2022,
OPTSTK,ABBOTINDIA,26-May-2022,12500.0,CE,0.0,0.0,0.0,4447.55,4896.8,0,0.0,0,0,18-APR-2022,
OPTSTK,ABBOTINDIA,26-May-2022,12750.0,CE,0.0,0.0,0.0,4213.3,4648.45,0,0.0,0,0,18-APR-2022,
OPTSTK,ABBOTINDIA,26-May-2022,13000.0,CE,0.0,0.0,0.0,3982.35,4400.5,0,0.0,0,0,18-APR-2022,
OPTSTK,ABBOTINDIA,26-May-2022,13250.0,CE,0.0,0.0,0.0,3755.2,4153.2,0,0.0,0,0,18-APR-2022,
OPTSTK,ABBOTINDIA,26-May-2022,13500.0,CE,0.0,0.0,0.0,3532.5,3906.8,0,0.0,0,0,18-APR-2022,
OPTSTK,ABBOTINDIA,26-May-2022,13750.0,CE,0.0,0.0,0.0,3314.75,3661.8,0,0.0,0,0,18-APR-2022,
OPTSTK,ABBOTINDIA,26-May-2022,14000.0,CE,0.0,0.0,0.0,3102.45,3418.7,0,0.0,0,0,18-APR-2022,
OPTSTK,ABBOTINDIA,26-May-2022,14250.0,CE,0.0,0.0,0.0,2896.25,3178.15,0,0.0,0,0,18-APR-2022,
OPTSTK,ABBOTINDIA,26-May-2022,14500.0,CE,0.0,0.0,0.0,2696.55,2941.0,0,0.0,0,0,18-APR-2022,
OPTSTK,ABBOTINDIA,26-May-2022,14750.0,CE,0.0,0.0,0.0,2503.85,2708.15,0,0.0,0,0,18-APR-2022,
OPTSTK,ABBOTINDIA,26-May-2022,15000.0,CE,0.0,0.0,0.0,2319.15,2480.7,0,0.0,0,0,18-APR-2022,
OPTSTK,ABBOTINDIA,26-May-2022,15250.0,CE,0.0,0.0,0.0,2141.5,2259.7,0,0.0,0,0,18-APR-2022,
OPTSTK,ABBOTINDIA,26-May-2022,15500.0,CE,0.0,0.0,0.0,1971.5,2046.3,0,0.0,0,0,18-APR-2022,
OPTSTK,ABBOTINDIA,26-May-2022,15750.0,CE,0.0,0.0,0.0,1810.65,1841.7,0,0.0,0,0,18-APR-2022,
OPTSTK,ABBOTINDIA,26-May-2022,16000.0,CE,0.0,0.0,0.0,1658.35,1646.9,0,0.0,0,0,18-APR-2022,
OPTSTK,ABBOTINDIA,26-May-2022,16250.0,CE,0.0,0.0,0.0,1514.65,1463.45,0,0.0,0,0,18-APR-2022,
OPTSTK,ABBOTINDIA,26-May-2022,16500.0,CE,0.0,0.0,0.0,1379.65,1290.45,0,0.0,0,0,18-APR-2022,
OPTSTK,ABBOTINDIA,26-May-2022,16750.0,CE,0.0,0.0,0.0,1253.2,1130.6,0,0.0,0,0,18-APR-2022,
OPTSTK,ABBOTINDIA,26-May-2022,17000.0,CE,0.0,0.0,0.0,1135.35,983.5,0,0.0,0,0,18-APR-2022,
OPTSTK,ABBOTINDIA,26-May-2022,17250.0,CE,0.0,0.0,0.0,1025.8,849.4,0,0.0,0,0,18-APR-2022,
OPTSTK,ABBOTINDIA,26-May-2022,17500.0,CE,0.0,0.0,0.0,924.4,728.15,0,0.0,0,0,18-APR-2022,
OPTSTK,ABBOTINDIA,26-May-2022,17750.0,CE,0.0,0.0,0.0,830.9,619.7,0,0.0,0,0,18-APR-2022,
OPTSTK,ABBOTINDIA,26-May-2022,18000.0,CE,0.0,0.0,0.0,500.25,523.55,0,0.0,25,0,18-APR-2022,
OPTSTK,ABBOTINDIA,26-May-2022,18250.0,CE,0.0,0.0,0.0,666.15,439.1,0,0.0,0,0,18-APR-2022,
OPTSTK,ABBOTINDIA,26-May-2022,18500.0,CE,0.0,0.0,0.0,594.2,365.55,0,0.0,0,0,18-APR-2022,
OPTSTK,ABBOTINDIA,26-May-2022,18750.0,CE,0.0,0.0,0.0,529.55,303.05,0,0.0,0,0,18-APR-2022,
OPTSTK,ABBOTINDIA,26-May-2022,19000.0,CE,0.0,0.0,0.0,470.45,248.3,0,0.0,0,0,18-APR-2022,
OPTSTK,ABBOTINDIA,26-May-2022,19250.0,CE,0.0,0.0,0.0,417.05,202.4,0,0.0,0,0,18-APR-2022,
OPTSTK,ABBOTINDIA,26-May-2022,19500.0,CE,0.0,0.0,0.0,368.05,163.85,0,0.0,0,0,18-APR-2022,
OPTSTK,ABBOTINDIA,26-May-2022,19750.0,CE,0.0,0.0,0.0,324.6,131.7,0,0.0,0,0,18-APR-2022,
OPTSTK,ABBOTINDIA,26-May-2022,20000.0,CE,0.0,0.0,0.0,202.05,105.15,0,0.0,50,0,18-APR-2022,
OPTSTK,ABBOTINDIA,26-May-2022,20250.0,CE,0.0,0.0,0.0,250.9,83.4,0,0.0,0,0,18-APR-2022,
OPTSTK,ABBOTINDIA,26-May-2022,20500.0,CE,0.0,0.0,0.0,219.9,65.7,0,0.0,0,0,18-APR-2022,
OPTSTK,ABBOTINDIA,26-May-2022,20750.0,CE,0.0,0.0,0.0,192.3,51.4,0,0.0,0,0,18-APR-2022,
OPTSTK,ABBOTINDIA,26-May-2022,21000.0,CE,0.0,0.0,0.0,167.85,40.0,0,0.0,0,0,18-APR-2022,
OPTSTK,ABBOTINDIA,26-May-2022,21250.0,CE,0.0,0.0,0.0,146.2,30.9,0,0.0,0,0,18-APR-2022,
OPTSTK,ABBOTINDIA,26-May-2022,21500.0,CE,0.0,0.0,0.0,127.15,23.75,0,0.0,0,0,18-APR-2022,
OPTSTK,ABBOTINDIA,26-May-2022,21750.0,CE,0.0,0.0,0.0,110.35,18.15,0,0.0,0,0,18-APR-2022,
OPTSTK,ABBOTINDIA,26-May-2022,22000.0,CE,0.0,0.0,0.0,95.6,13.8,0,0.0,0,0,18-APR-2022,
OPTSTK,ABBOTINDIA,26-May-2022,22250.0,CE,0.0,0.0,0.0,82.7,10.4,0,0.0,0,0,18-APR-2022,
OPTSTK,ABBOTINDIA,26-May-2022,22500.0,CE,0.0,0.0,0.0,71.4,7.85,0,0.0,0,0,18-APR-2022,
OPTSTK,ABBOTINDIA,26-May-2022,22750.0,CE,0.0,0.0,0.0,61.55,5.85,0,0.0,0,0,18-APR-2022,
OPTSTK,ABBOTINDIA,26-May-2022,23000.0,CE,0.0,0.0,0.0,52.95,4.35,0,0.0,0,0,18-APR-2022,
OPTSTK,ABBOTINDIA,26-May-2022,23250.0,CE,0.0,0.0,0.0,45.5,3.25,0,0.0,0,0,18-APR-2022,
OPTSTK,ABBOTINDIA,26-May-2022,23500.0,CE,0.0,0.0,0.0,39.05,2.4,0,0.0,0,0,18-APR-2022,
OPTSTK,ABBOTINDIA,26-May-2022,23750.0,CE,0.0,0.0,0.0,33.45,1.75,0,0.0,0,0,18-APR-2022,
OPTSTK,ABBOTINDIA,26-May-2022,11750.0,PE,0.0,0.0,0.0,14.8,0.1,0,0.0,0,0,18-APR-2022,
OPTSTK,ABBOTINDIA,26-May-2022,12000.0,PE,0.0,0.0,0.0,20.85,0.2,0,0.0,0,0,18-APR-2022,
OPTSTK,ABBOTINDIA,26-May-2022,12250.0,PE,0.0,0.0,0.0,28.8,0.35,0,0.0,0,0,18-APR-2022,
OPTSTK,ABBOTINDIA,26-May-2022,12500.0,PE,0.0,0.0,0.0,39.1,0.65,0,0.0,0,0,18-APR-2022,
OPTSTK,ABBOTINDIA,26-May-2022,12750.0,PE,0.0,0.0,0.0,52.25,1.2,0,0.0,0,0,18-APR-2022,
OPTSTK,ABBOTINDIA,26-May-2022,13000.0,PE,0.0,0.0,0.0,68.65,2.15,0,0.0,0,0,18-APR-2022,
OPTSTK,ABBOTINDIA,26-May-2022,13250.0,PE,0.0,0.0,0.0,88.95,3.75,0,0.0,0,0,18-APR-2022,
OPTSTK,ABBOTINDIA,26-May-2022,13500.0,PE,0.0,0.0,0.0,113.6,6.25,0,0.0,0,0,18-APR-2022,
OPTSTK,ABBOTINDIA,26-May-2022,13750.0,PE,0.0,0.0,0.0,143.25,10.15,0,0.0,0,0,18-APR-2022,
OPTSTK,ABBOTINDIA,26-May-2022,14000.0,PE,0.0,0.0,0.0,178.35,15.9,0,0.0,0,0,18-APR-2022,
OPTSTK,ABBOTINDIA,26-May-2022,14250.0,PE,0.0,0.0,0.0,219.5,24.3,0,0.0,0,0,18-APR-2022,
OPTSTK,ABBOTINDIA,26-May-2022,14500.0,PE,0.0,0.0,0.0,267.2,36.0,0,0.0,0,0,18-APR-2022,
OPTSTK,ABBOTINDIA,26-May-2022,14750.0,PE,0.0,0.0,0.0,321.9,52.1,0,0.0,0,0,18-APR-2022,
OPTSTK,ABBOTINDIA,26-May-2022,15000.0,PE,0.0,0.0,0.0,384.55,73.5,0,0.0,0,0,18-APR-2022,
OPTSTK,ABBOTINDIA,26-May-2022,15250.0,PE,0.0,0.0,0.0,454.3,101.4,0,0.0,0,0,18-APR-2022,
OPTSTK,ABBOTINDIA,26-May-2022,15500.0,PE,0.0,0.0,0.0,531.7,136.95,0,0.0,0,0,18-APR-2022,
OPTSTK,ABBOTINDIA,26-May-2022,15750.0,PE,0.0,0.0,0.0,618.2,181.2,0,0.0,0,0,18-APR-2022,
OPTSTK,ABBOTINDIA,26-May-2022,16000.0,PE,0.0,0.0,0.0,450.05,235.35,0,0.0,25,0,18-APR-2022,
OPTSTK,ABBOTINDIA,26-May-2022,16250.0,PE,0.0,0.0,0.0,817.0,300.75,0,0.0,0,0,18-APR-2022,
OPTSTK,ABBOTINDIA,26-May-2022,16500.0,PE,0.0,0.0,0.0,929.4,376.65,0,0.0,0,0,18-APR-2022,
OPTSTK,ABBOTINDIA,26-May-2022,16750.0,PE,0.0,0.0,0.0,1050.3,465.7,0,0.0,0,0,18-APR-2022,
OPTSTK,ABBOTINDIA,26-May-2022,17000.0,PE,0.0,0.0,0.0,1179.8,567.5,0,0.0,0,0,18-APR-2022,
OPTSTK,ABBOTINDIA,26-May-2022,17250.0,PE,0.0,0.0,0.0,1317.7,682.3,0,0.0,0,0,18-APR-2022,
OPTSTK,ABBOTINDIA,26-May-2022,17500.0,PE,0.0,0.0,0.0,1463.65,809.95,0,0.0,0,0,18-APR-2022,
OPTSTK,ABBOTINDIA,26-May-2022,17750.0,PE,0.0,0.0,0.0,1617.5,950.4,0,0.0,0,0,18-APR-2022,
OPTSTK,ABBOTINDIA,26-May-2022,18000.0,PE,0.0,0.0,0.0,1778.9,1103.15,0,0.0,0,0,18-APR-2022,
OPTSTK,ABBOTINDIA,26-May-2022,18250.0,PE,0.0,0.0,0.0,1947.55,1267.55,0,0.0,0,0,18-APR-2022,
OPTSTK,ABBOTINDIA,26-May-2022,18500.0,PE,0.0,0.0,0.0,2123.0,1442.95,0,0.0,0,0,18-APR-2022,
OPTSTK,ABBOTINDIA,26-May-2022,18750.0,PE,0.0,0.0,0.0,2305.75,1629.35,0,0.0,0,0,18-APR-2022,
OPTSTK,ABBOTINDIA,26-May-2022,19000.0,PE,0.0,0.0,0.0,2494.0,1823.5,0,0.0,0,0,18-APR-2022,
OPTSTK,ABBOTINDIA,26-May-2022,19250.0,PE,0.0,0.0,0.0,2687.95,2026.5,0,0.0,0,0,18-APR-2022,
OPTSTK,ABBOTINDIA,26-May-2022,19500.0,PE,0.0,0.0,0.0,2886.35,2236.8,0,0.0,0,0,18-APR-2022,
OPTSTK,ABBOTINDIA,26-May-2022,19750.0,PE,0.0,0.0,0.0,3090.3,2453.55,0,0.0,0,0,18-APR-2022,
OPTSTK,ABBOTINDIA,26-May-2022,20000.0,PE,0.0,0.0,0.0,3298.75,2675.9,0,0.0,0,0,18-APR-2022,
OPTSTK,ABBOTINDIA,26-May-2022,20250.0,PE,0.0,0.0,0.0,3511.35,2903.05,0,0.0,0,0,18-APR-2022,
OPTSTK,ABBOTINDIA,26-May-2022,20500.0,PE,0.0,0.0,0.0,3727.7,3134.25,0,0.0,0,0,18-APR-2022,
OPTSTK,ABBOTINDIA,26-May-2022,20750.0,PE,0.0,0.0,0.0,3947.55,3368.85,0,0.0,0,0,18-APR-2022,
OPTSTK,ABBOTINDIA,26-May-2022,21000.0,PE,0.0,0.0,0.0,4170.45,3606.35,0,0.0,0,0,18-APR-2022,
OPTSTK,ABBOTINDIA,26-May-2022,21250.0,PE,0.0,0.0,0.0,4396.2,3846.15,0,0.0,0,0,18-APR-2022,
OPTSTK,ABBOTINDIA,26-May-2022,21500.0,PE,0.0,0.0,0.0,4624.55,4087.9,0,0.0,0,0,18-APR-2022,
OPTSTK,ABBOTINDIA,26-May-2022,21750.0,PE,0.0,0.0,0.0,4855.1,4331.2,0,0.0,0,0,18-APR-2022,
OPTSTK,ABBOTINDIA,26-May-2022,22000.0,PE,0.0,0.0,0.0,5087.75,4575.7,0,0.0,0,0,18-APR-2022,
OPTSTK,ABBOTINDIA,26-May-2022,22250.0,PE,0.0,0.0,0.0,5322.2,4821.25,0,0.0,0,0,18-APR-2022,
OPTSTK,ABBOTINDIA,26-May-2022,22500.0,PE,0.0,0.0,0.0,5558.3,5067.55,0,0.0,0,0,18-APR-2022,
OPTSTK,ABBOTINDIA,26-May-2022,22750.0,PE,0.0,0.0,0.0,5795.85,5314.45,0,0.0,0,0,18-APR-2022,
OPTSTK,ABBOTINDIA,26-May-2022,23000.0,PE,0.0,0.0,0.0,6034.65,5561.85,0,0.0,0,0,18-APR-2022,
OPTSTK,ABBOTINDIA,26-May-2022,23250.0,PE,0.0,0.0,0.0,6274.6,5809.65,0,0.0,0,0,18-APR-2022,
OPTSTK,ABBOTINDIA,26-May-2022,23500.0,PE,0.0,0.0,0.0,6515.5,6057.7,0,0.0,0,0,18-APR-2022,
OPTSTK,ABBOTINDIA,26-May-2022,23750.0,PE,0.0,0.0,0.0,6757.3,6305.95,0,0.0,0,0,18-APR-2022,
OPTSTK,ABBOTINDIA,30-Jun-2022,11750.0,CE,0.0,0.0,0.0,6082.6,5693.75,0,0.0,0,0,18-APR-2022,
OPTSTK,ABBOTINDIA,30-Jun-2022,12000.0,CE,0.0,0.0,0.0,5838.05,5447.7,0,0.0,0,0,18-APR-2022,
OPTSTK,ABBOTINDIA,30-Jun-2022,12250.0,CE,0.0,0.0,0.0,5594.5,5202.45,0,0.0,0,0,18-APR-2022,
OPTSTK,ABBOTINDIA,30-Jun-2022,12500.0,CE,0.0,0.0,0.0,5352.2,4958.25,0,0.0,0,0,18-APR-2022,
OPTSTK,ABBOTINDIA,30-Jun-2022,12750.0,CE,0.0,0.0,0.0,5111.55,4715.5,0,0.0,0,0,18-APR-2022,
OPTSTK,ABBOTINDIA,30-Jun-2022,13000.0,CE,0.0,0.0,0.0,4872.85,4474.55,0,0.0,0,0,18-APR-2022,
OPTSTK,ABBOTINDIA,30-Jun-2022,13250.0,CE,0.0,0.0,0.0,4636.45,4235.8,0,0.0,0,0,18-APR-2022,
OPTSTK,ABBOTINDIA,30-Jun-2022,13500.0,CE,0.0,0.0,0.0,4402.85,3999.8,0,0.0,0,0,18-APR-2022,
OPTSTK,ABBOTINDIA,30-Jun-2022,13750.0,CE,0.0,0.0,0.0,4172.5,3767.05,0,0.0,0,0,18-APR-2022,
OPTSTK,ABBOTINDIA,30-Jun-2022,14000.0,CE,0.0,0.0,0.0,3945.8,3538.2,0,0.0,0,0,18-APR-2022,
OPTSTK,ABBOTINDIA,30-Jun-2022,14250.0,CE,0.0,0.0,0.0,3723.35,3313.85,0,0.0,0,0,18-APR-2022,
OPTSTK,ABBOTINDIA,30-Jun-2022,14500.0,CE,0.0,0.0,0.0,3505.6,3094.6,0,0.0,0,0,18-APR-2022,
OPTSTK,ABBOTINDIA,30-Jun-2022,14750.0,CE,0.0,0.0,0.0,3293.05,2881.15,0,0.0,0,0,18-APR-2022,
OPTSTK,ABBOTINDIA,30-Jun-2022,15000.0,CE,0.0,0.0,0.0,3086.15,2674.05,0,0.0,0,0,18-APR-2022,
OPTSTK,ABBOTINDIA,30-Jun-2022,15250.0,CE,0.0,0.0,0.0,2885.35,2473.95,0,0.0,0,0,18-APR-2022,
OPTSTK,ABBOTINDIA,30-Jun-2022,15500.0,CE,0.0,0.0,0.0,2691.2,2281.4,0,0.0,0,0,18-APR-2022,
OPTSTK,ABBOTINDIA,30-Jun-2022,15750.0,CE,0.0,0.0,0.0,2504.55,2097.4,0,0.0,0,0,18-APR-2022,
OPTSTK,ABBOTINDIA,30-Jun-2022,16000.0,CE,0.0,0.0,0.0,2324.4,1920.45,0,0.0,0,0,18-APR-2022,
OPTSTK,ABBOTINDIA,30-Jun-2022,16250.0,CE,0.0,0.0,0.0,2151.25,1753.35,0,0.0,0,0,18-APR-2022,
OPTSTK,ABBOTINDIA,30-Jun-2022,16500.0,CE,0.0,0.0,0.0,1986.8,1595.35,0,0.0,0,0,18-APR-2022,
OPTSTK,ABBOTINDIA,30-Jun-2022,16750.0,CE,0.0,0.0,0.0,1830.45,1446.65,0,0.0,0,0,18-APR-2022,
OPTSTK,ABBOTINDIA,30-Jun-2022,17000.0,CE,0.0,0.0,0.0,1682.2,1307.4,0,0.0,0,0,18-APR-2022,
OPTSTK,ABBOTINDIA,30-Jun-2022,17250.0,CE,0.0,0.0,0.0,1542.15,1177.5,0,0.0,0,0,18-APR-2022,
OPTSTK,ABBOTINDIA,30-Jun-2022,17500.0,CE,0.0,0.0,0.0,1410.35,1056.9,0,0.0,0,0,18-APR-2022,
OPTSTK,ABBOTINDIA,30-Jun-2022,17750.0,CE,0.0,0.0,0.0,1286.55,945.5,0,0.0,0,0,18-APR-2022,
OPTSTK,ABBOTINDIA,30-Jun-2022,18000.0,CE,0.0,0.0,0.0,1170.9,843.0,0,0.0,0,0,18-APR-2022,
OPTSTK,ABBOTINDIA,30-Jun-2022,18250.0,CE,0.0,0.0,0.0,1063.1,749.15,0,0.0,0,0,18-APR-2022,
OPTSTK,ABBOTINDIA,30-Jun-2022,18500.0,CE,0.0,0.0,0.0,962.95,663.6,0,0.0,0,0,18-APR-2022,
OPTSTK,ABBOTINDIA,30-Jun-2022,18750.0,CE,0.0,0.0,0.0,870.2,585.9,0,0.0,0,0,18-APR-2022,
OPTSTK,ABBOTINDIA,30-Jun-2022,19000.0,CE,0.0,0.0,0.0,784.55,515.65,0,0.0,0,0,18-APR-2022,
OPTSTK,ABBOTINDIA,30-Jun-2022,19250.0,CE,0.0,0.0,0.0,705.75,453.3,0,0.0,0,0,18-APR-2022,
OPTSTK,ABBOTINDIA,30-Jun-2022,19500.0,CE,0.0,0.0,0.0,633.5,396.9,0,0.0,0,0,18-APR-2022,
OPTSTK,ABBOTINDIA,30-Jun-2022,19750.0,CE,0.0,0.0,0.0,567.35,345.65,0,0.0,0,0,18-APR-2022,
OPTSTK,ABBOTINDIA,30-Jun-2022,20000.0,CE,0.0,0.0,0.0,508.1,300.65,0,0.0,0,0,18-APR-2022,
OPTSTK,ABBOTINDIA,30-Jun-2022,20250.0,CE,0.0,0.0,0.0,453.45,260.75,0,0.0,0,0,18-APR-2022,
OPTSTK,ABBOTINDIA,30-Jun-2022,20500.0,CE,0.0,0.0,0.0,403.15,225.5,0,0.0,0,0,18-APR-2022,
OPTSTK,ABBOTINDIA,30-Jun-2022,20750.0,CE,0.0,0.0,0.0,358.15,194.45,0,0.0,0,0,18-APR-2022,
OPTSTK,ABBOTINDIA,30-Jun-2022,21000.0,CE,0.0,0.0,0.0,317.6,167.25,0,0.0,0,0,18-APR-2022,
OPTSTK,ABBOTINDIA,30-Jun-2022,21250.0,CE,0.0,0.0,0.0,281.1,143.45,0,0.0,0,0,18-APR-2022,
OPTSTK,ABBOTINDIA,30-Jun-2022,21500.0,CE,0.0,0.0,0.0,248.3,122.7,0,0.0,0,0,18-APR-2022,
OPTSTK,ABBOTINDIA,30-Jun-2022,21750.0,CE,0.0,0.0,0.0,218.9,104.7,0,0.0,0,0,18-APR-2022,
OPTSTK,ABBOTINDIA,30-Jun-2022,22000.0,CE,0.0,0.0,0.0,192.7,89.15,0,0.0,0,0,18-APR-2022,
OPTSTK,ABBOTINDIA,30-Jun-2022,22250.0,CE,0.0,0.0,0.0,169.3,75.7,0,0.0,0,0,18-APR-2022,
OPTSTK,ABBOTINDIA,30-Jun-2022,22500.0,CE,0.0,0.0,0.0,148.5,64.1,0,0.0,0,0,18-APR-2022,
OPTSTK,ABBOTINDIA,30-Jun-2022,22750.0,CE,0.0,0.0,0.0,130.0,54.2,0,0.0,0,0,18-APR-2022,
OPTSTK,ABBOTINDIA,30-Jun-2022,23000.0,CE,0.0,0.0,0.0,113.65,45.7,0,0.0,0,0,18-APR-2022,
OPTSTK,ABBOTINDIA,30-Jun-2022,23250.0,CE,0.0,0.0,0.0,99.2,38.45,0,0.0,0,0,18-APR-2022,
OPTSTK,ABBOTINDIA,30-Jun-2022,23500.0,CE,0.0,0.0,0.0,86.45,32.3,0,0.0,0,0,18-APR-2022,
OPTSTK,ABBOTINDIA,30-Jun-2022,23750.0,CE,0.0,0.0,0.0,75.2,27.05,0,0.0,0,0,18-APR-2022,
OPTSTK,ABBOTINDIA,30-Jun-2022,11750.0,PE,0.0,0.0,0.0,6.2,3.35,0,0.0,0,0,18-APR-2022,
OPTSTK,ABBOTINDIA,30-Jun-2022,12000.0,PE,0.0,0.0,0.0,9.0,5.15,0,0.0,0,0,18-APR-2022,
OPTSTK,ABBOTINDIA,30-Jun-2022,12250.0,PE,0.0,0.0,0.0,12.8,7.8,0,0.0,0,0,18-APR-2022,
OPTSTK,ABBOTINDIA,30-Jun-2022,12500.0,PE,0.0,0.0,0.0,17.9,11.5,0,0.0,0,0,18-APR-2022,
OPTSTK,ABBOTINDIA,30-Jun-2022,12750.0,PE,0.0,0.0,0.0,24.6,16.65,0,0.0,0,0,18-APR-2022,
OPTSTK,ABBOTINDIA,30-Jun-2022,13000.0,PE,0.0,0.0,0.0,33.3,23.55,0,0.0,0,0,18-APR-2022,
OPTSTK,ABBOTINDIA,30-Jun-2022,13250.0,PE,0.0,0.0,0.0,44.3,32.7,0,0.0,0,0,18-APR-2022,
OPTSTK,ABBOTINDIA,30-Jun-2022,13500.0,PE,0.0,0.0,0.0,58.05,44.55,0,0.0,0,0,18-APR-2022,
OPTSTK,ABBOTINDIA,30-Jun-2022,13750.0,PE,0.0,0.0,0.0,75.05,59.75,0,0.0,0,0,18-APR-2022,
OPTSTK,ABBOTINDIA,30-Jun-2022,14000.0,PE,0.0,0.0,0.0,95.75,78.75,0,0.0,0,0,18-APR-2022,
OPTSTK,ABBOTINDIA,30-Jun-2022,14250.0,PE,0.0,0.0,0.0,120.65,102.3,0,0.0,0,0,18-APR-2022,
OPTSTK,ABBOTINDIA,30-Jun-2022,14500.0,PE,0.0,0.0,0.0,150.3,130.95,0,0.0,0,0,18-APR-2022,
OPTSTK,ABBOTINDIA,30-Jun-2022,14750.0,PE,0.0,0.0,0.0,185.1,165.35,0,0.0,0,0,18-APR-2022,
OPTSTK,ABBOTINDIA,30-Jun-2022,15000.0,PE,0.0,0.0,0.0,225.55,206.15,0,0.0,0,0,18-APR-2022,
OPTSTK,ABBOTINDIA,30-Jun-2022,15250.0,PE,0.0,0.0,0.0,272.15,253.95,0,0.0,0,0,18-APR-2022,
OPTSTK,ABBOTINDIA,30-Jun-2022,15500.0,PE,0.0,0.0,0.0,325.35,309.25,0,0.0,0,0,18-APR-2022,
OPTSTK,ABBOTINDIA,30-Jun-2022,15750.0,PE,0.0,0.0,0.0,386.1,373.15,0,0.0,0,0,18-APR-2022,
OPTSTK,ABBOTINDIA,30-Jun-2022,16000.0,PE,0.0,0.0,0.0,453.3,444.1,0,0.0,0,0,18-APR-2022,
OPTSTK,ABBOTINDIA,30-Jun-2022,16250.0,PE,0.0,0.0,0.0,527.5,524.85,0,0.0,0,0,18-APR-2022,
OPTSTK,ABBOTINDIA,30-Jun-2022,16500.0,PE,0.0,0.0,0.0,610.45,614.75,0,0.0,0,0,18-APR-2022,
OPTSTK,ABBOTINDIA,30-Jun-2022,16750.0,PE,0.0,0.0,0.0,701.45,713.95,0,0.0,0,0,18-APR-2022,
OPTSTK,ABBOTINDIA,30-Jun-2022,17000.0,PE,0.0,0.0,0.0,800.6,822.55,0,0.0,0,0,18-APR-2022,
OPTSTK,ABBOTINDIA,30-Jun-2022,17250.0,PE,0.0,0.0,0.0,907.95,940.55,0,0.0,0,0,18-APR-2022,
OPTSTK,ABBOTINDIA,30-Jun-2022,17500.0,PE,0.0,0.0,0.0,1023.45,1067.8,0,0.0,0,0,18-APR-2022,
OPTSTK,ABBOTINDIA,30-Jun-2022,17750.0,PE,0.0,0.0,0.0,1147.1,1204.3,0,0.0,0,0,18-APR-2022,
OPTSTK,ABBOTINDIA,30-Jun-2022,18000.0,PE,0.0,0.0,0.0,1278.75,1349.7,0,0.0,0,0,18-APR-2022,
OPTSTK,ABBOTINDIA,30-Jun-2022,18250.0,PE,0.0,0.0,0.0,1418.35,1503.75,0,0.0,0,0,18-APR-2022,
OPTSTK,ABBOTINDIA,30-Jun-2022,18500.0,PE,0.0,0.0,0.0,1565.55,1666.05,0,0.0,0,0,18-APR-2022,
OPTSTK,ABBOTINDIA,30-Jun-2022,18750.0,PE,0.0,0.0,0.0,1720.15,1836.25,0,0.0,0,0,18-APR-2022,
OPTSTK,ABBOTINDIA,30-Jun-2022,19000.0,PE,0.0,0.0,0.0,1881.9,2013.9,0,0.0,0,0,18-APR-2022,
OPTSTK,ABBOTINDIA,30-Jun-2022,19250.0,PE,0.0,0.0,0.0,2050.5,2199.45,0,0.0,0,0,18-APR-2022,
OPTSTK,ABBOTINDIA,30-Jun-2022,19500.0,PE,0.0,0.0,0.0,2225.6,2390.9,0,0.0,0,0,18-APR-2022,
OPTSTK,ABBOTINDIA,30-Jun-2022,19750.0,PE,0.0,0.0,0.0,2406.85,2587.55,0,0.0,0,0,18-APR-2022,
OPTSTK,ABBOTINDIA,30-Jun-2022,20000.0,PE,0.0,0.0,0.0,2594.9,2790.4,0,0.0,0,0,18-APR-2022,
OPTSTK,ABBOTINDIA,30-Jun-2022,20250.0,PE,0.0,0.0,0.0,2787.7,2998.4,0,0.0,0,0,18-APR-2022,
OPTSTK,ABBOTINDIA,30-Jun-2022,20500.0,PE,0.0,0.0,0.0,2984.7,3211.0,0,0.0,0,0,18-APR-2022,
OPTSTK,ABBOTINDIA,30-Jun-2022,20750.0,PE,0.0,0.0,0.0,3187.15,3427.85,0,0.0,0,0,18-APR-2022,
OPTSTK,ABBOTINDIA,30-Jun-2022,21000.0,PE,0.0,0.0,0.0,3393.95,3648.55,0,0.0,0,0,18-APR-2022,
OPTSTK,ABBOTINDIA,30-Jun-2022,21250.0,PE,0.0,0.0,0.0,3604.8,3872.65,0,0.0,0,0,18-APR-2022,
OPTSTK,ABBOTINDIA,30-Jun-2022,21500.0,PE,0.0,0.0,0.0,3819.35,4099.8,0,0.0,0,0,18-APR-2022,
OPTSTK,ABBOTINDIA,30-Jun-2022,21750.0,PE,0.0,0.0,0.0,4037.35,4329.65,0,0.0,0,0,18-APR-2022,
OPTSTK,ABBOTINDIA,30-Jun-2022,22000.0,PE,0.0,0.0,0.0,4258.5,4561.95,0,0.0,0,0,18-APR-2022,
OPTSTK,ABBOTINDIA,30-Jun-2022,22250.0,PE,0.0,0.0,0.0,4482.45,4796.4,0,0.0,0,0,18-APR-2022,
OPTSTK,ABBOTINDIA,30-Jun-2022,22500.0,PE,0.0,0.0,0.0,4709.05,5032.7,0,0.0,0,0,18-APR-2022,
OPTSTK,ABBOTINDIA,30-Jun-2022,22750.0,PE,0.0,0.0,0.0,4937.95,5270.7,0,0.0,0,0,18-APR-2022,
OPTSTK,ABBOTINDIA,30-Jun-2022,23000.0,PE,0.0,0.0,0.0,5168.95,5510.1,0,0.0,0,0,18-APR-2022,
OPTSTK,ABBOTINDIA,30-Jun-2022,23250.0,PE,0.0,0.0,0.0,5401.85,5750.7,0,0.0,0,0,18-APR-2022,
OPTSTK,ABBOTINDIA,30-Jun-2022,23500.0,PE,0.0,0.0,0.0,5636.5,5992.45,0,0.0,0,0,18-APR-2022,
OPTSTK,ABBOTINDIA,30-Jun-2022,23750.0,PE,0.0,0.0,0.0,5872.6,6235.1,0,0.0,0,0,18-APR-2022,
OPTSTK,ABCAPITAL,28-Apr-2022,72.5,CE,0.0,0.0,0.0,45.5,42.25,0,0.0,0,0,18-APR-2022,
OPTSTK,ABCAPITAL,28-Apr-2022,75.0,CE,0.0,0.0,0.0,43.15,39.75,0,0.0,0,0,18-APR-2022,
OPTSTK,ABCAPITAL,28-Apr-2022,77.5,CE,0.0,0.0,0.0,40.85,37.25,0,0.0,0,0,18-APR-2022,
OPTSTK,ABCAPITAL,28-Apr-2022,80.0,CE,0.0,0.0,0.0,38.55,34.75,0,0.0,0,0,18-APR-2022,
OPTSTK,ABCAPITAL,28-Apr-2022,82.5,CE,0.0,0.0,0.0,36.3,32.25,0,0.0,0,0,18-APR-2022,
OPTSTK,ABCAPITAL,28-Apr-2022,85.0,CE,0.0,0.0,0.0,34.15,29.75,0,0.0,0,0,18-APR-2022,
OPTSTK,ABCAPITAL,28-Apr-2022,87.5,CE,0.0,0.0,0.0,32.0,27.25,0,0.0,0,0,18-APR-2022,
OPTSTK,ABCAPITAL,28-Apr-2022,90.0,CE,0.0,0.0,0.0,28.9,24.8,0,0.0,66000,0,18-APR-2022,
OPTSTK,ABCAPITAL,28-Apr-2022,92.5,CE,0.0,0.0,0.0,27.95,22.3,0,0.0,0,0,18-APR-2022,
OPTSTK,ABCAPITAL,28-Apr-2022,95.0,CE,0.0,0.0,0.0,26.05,19.8,0,0.0,0,0,18-APR-2022,
OPTSTK,ABCAPITAL,28-Apr-2022,97.5,CE,0.0,0.0,0.0,24.2,17.35,0,0.0,0,0,18-APR-2022,
OPTSTK,ABCAPITAL,28-Apr-2022,100.0,CE,0.0,0.0,0.0,14.45,14.95,0,0.0,35200,0,18-APR-2022,
OPTSTK,ABCAPITAL,28-Apr-2022,102.5,CE,0.0,0.0,0.0,20.75,12.65,0,0.0,0,0,18-APR-2022,
OPTSTK,ABCAPITAL,28-Apr-2022,105.0,CE,11.25,11.25,10.35,10.35,10.45,4,20.4,167200,13200,18-APR-2022,
OPTSTK,ABCAPITAL,28-Apr-2022,107.5,CE,0.0,0.0,0.0,8.7,8.45,0,0.0,13200,0,18-APR-2022,
OPTSTK,ABCAPITAL,28-Apr-2022,110.0,CE,7.15,7.35,5.6,6.3,6.3,25,128.43,611600,-39600,18-APR-2022,
OPTSTK,ABCAPITAL,28-Apr-2022,112.5,CE,4.3,5.4,4.05,4.65,4.65,7,36.06,132000,13200,18-APR-2022,
OPTSTK,ABCAPITAL,28-Apr-2022,115.0,CE,4.9,4.9,2.85,3.25,3.25,281,1464.02,1509200,-184800,18-APR-2022,
OPTSTK,ABCAPITAL,28-Apr-2022,117.5,CE,2.1,3.1,2.1,2.5,2.5,55,290.36,616000,-17600,18-APR-2022,
OPTSTK,ABCAPITAL,28-Apr-2022,120.0,CE,1.9,2.45,1.45,1.75,1.75,394,2111.85,2833600,-22000,18-APR-2022,
OPTSTK,ABCAPITAL,28-Apr-2022,122.5,CE,1.3,1.55,1.15,1.35,1.25,13,70.82,184800,-13200,18-APR-2022,
OPTSTK,ABCAPITAL,28-Apr-2022,125.0,CE,0.8,1.3,0.55,1.0,1.0,130,720.66,1020800,8800,18-APR-2022,
OPTSTK,ABCAPITAL,28-Apr-2022,127.5,CE,0.8,0.95,0.6,0.6,0.6,4,22.57,145200,0,18-APR-2022,
OPTSTK,ABCAPITAL,28-Apr-2022,130.0,CE,0.7,0.85,0.5,0.6,0.6,175,1005.84,1267200,189200,18-APR-2022,
OPTSTK,ABCAPITAL,28-Apr-2022,132.5,CE,0.0,0.0,0.0,7.0,0.2,0,0.0,0,0,18-APR-2022,
OPTSTK,ABCAPITAL,28-Apr-2022,135.0,CE,0.45,0.5,0.25,0.3,0.1,64,381.25,338800,132000,18-APR-2022,
OPTSTK,ABCAPITAL,28-Apr-2022,137.5,CE,0.0,0.0,0.0,5.75,0.1,0,0.0,0,0,18-APR-2022,
OPTSTK,ABCAPITAL,28-Apr-2022,140.0,CE,0.2,0.25,0.15,0.2,0.05,26,160.39,607200,26400,18-APR-2022,
OPTSTK,ABCAPITAL,28-Apr-2022,142.5,CE,0.0,0.0,0.0,4.65,0.05,0,0.0,0,0,18-APR-2022,
OPTSTK,ABCAPITAL,28-Apr-2022,145.0,CE,0.0,0.0,0.0,0.15,0.05,0,0.0,52800,0,18-APR-2022,
OPTSTK,ABCAPITAL,28-Apr-2022,147.5,CE,0.1,0.2,0.1,0.15,0.15,4,25.98,0,0,18-APR-2022,
OPTSTK,ABCAPITAL,28-Apr-2022,150.0,CE,0.0,0.0,0.0,0.15,0.0,0,0.0,8800,0,18-APR-2022,
OPTSTK,ABCAPITAL,28-Apr-2022,152.5,CE,1.95,1.95,0.1,0.1,0.0,2,13.51,0,0,18-APR-2022,
OPTSTK,ABCAPITAL,28-Apr-2022,155.0,CE,0.0,0.0,0.0,2.7,0.0,0,0.0,0,0,18-APR-2022,
OPTSTK,ABCAPITAL,28-Apr-2022,157.5,CE,0.0,0.0,0.0,0.1,0.0,0,0.0,8800,0,18-APR-2022,
OPTSTK,ABCAPITAL,28-Apr-2022,160.0,CE,0.1,0.1,0.1,0.1,0.0,1,7.04,4400,4400,18-APR-2022,
OPTSTK,ABCAPITAL,28-Apr-2022,72.5,PE,0.0,0.0,0.0,0.3,0.0,0,0.0,0,0,18-APR-2022,
OPTSTK,ABCAPITAL,28-Apr-2022,75.0,PE,0.0,0.0,0.0,0.4,0.0,0,0.0,0,0,18-APR-2022,
OPTSTK,ABCAPITAL,28-Apr-2022,77.5,PE,0.0,0.0,0.0,0.55,0.0,0,0.0,0,0,18-APR-2022,
OPTSTK,ABCAPITAL,28-Apr-2022,80.0,PE,0.0,0.0,0.0,0.2,0.0,0,0.0,0,0,18-APR-2022,
OPTSTK,ABCAPITAL,28-Apr-2022,82.5,PE,0.0,0.0,0.0,0.6,0.0,0,0.0,8800,0,18-APR-2022,
OPTSTK,ABCAPITAL,28-Apr-2022,85.0,PE,0.0,0.0,0.0,1.3,0.0,0,0.0,0,0,18-APR-2022,
OPTSTK,ABCAPITAL,28-Apr-2022,87.5,PE,0.0,0.0,0.0,1.65,0.0,0,0.0,0,0,18-APR-2022,
OPTSTK,ABCAPITAL,28-Apr-2022,90.0,PE,0.0,0.0,0.0,0.15,0.0,0,0.0,250800,0,18-APR-2022,
OPTSTK,ABCAPITAL,28-Apr-2022,92.5,PE,0.0,0.0,0.0,2.55,0.05,0,0.0,0,0,18-APR-2022,
OPTSTK,ABCAPITAL,28-Apr-2022,95.0,PE,0.05,0.1,0.05,0.1,0.05,4,16.73,149600,-8800,18-APR-2022,
OPTSTK,ABCAPITAL,28-Apr-2022,97.5,PE,0.0,0.0,0.0,3.75,0.1,0,0.0,0,0,18-APR-2022,
OPTSTK,ABCAPITAL,28-Apr-2022,100.0,PE,0.3,0.3,0.15,0.2,0.2,10,44.08,853600,-13200,18-APR-2022,
OPTSTK,ABCAPITAL,28-Apr-2022,102.5,PE,0.0,0.0,0.0,0.4,0.4,0,0.0,26400,0,18-APR-2022,
OPTSTK,ABCAPITAL,28-Apr-2022,105.0,PE,0.6,0.6,0.35,0.6,0.6,23,106.75,431200,-13200,18-APR-2022,
OPTSTK,ABCAPITAL,28-Apr-2022,107.5,PE,0.8,0.9,0.7,0.9,1.15,11,52.42,136400,8800,18-APR-2022,
OPTSTK,ABCAPITAL,28-Apr-2022,110.0,PE,1.35,1.6,1.05,1.4,1.4,46,225.24,708400,-4400,18-APR-2022,
OPTSTK,ABCAPITAL,28-Apr-2022,112.5,PE,1.7,2.25,1.7,2.0,2.0,7,35.25,79200,4400,18-APR-2022,
OPTSTK,ABCAPITAL,28-Apr-2022,115.0,PE,3.6,3.8,2.45,3.3,3.3,56,290.89,800800,0,18-APR-2022,
OPTSTK,ABCAPITAL,28-Apr-2022,117.5,PE,4.85,6.0,4.0,5.4,5.4,13,70.04,26400,17600,18-APR-2022,
OPTSTK,ABCAPITAL,28-Apr-2022,120.0,PE,6.8,7.65,6.15,6.15,7.1,18,100.62,281600,-17600,18-APR-2022,
OPTSTK,ABCAPITAL,28-Apr-2022,122.5,PE,0.0,0.0,0.0,14.65,8.95,0,0.0,0,0,18-APR-2022,
OPTSTK,ABCAPITAL,28-Apr-2022,125.0,PE,0.0,0.0,0.0,11.15,11.05,0,0.0,13200,0,18-APR-2022,
OPTSTK,ABCAPITAL,28-Apr-2022,127.5,PE,0.0,0.0,0.0,17.75,13.25,0,0.0,0,0,18-APR-2022,
OPTSTK,ABCAPITAL,28-Apr-2022,130.0,PE,0.0,0.0,0.0,13.15,15.55,0,0.0,22000,0,18-APR-2022,
OPTSTK,ABCAPITAL,28-Apr-2022,132.5,PE,0.0,0.0,0.0,21.2,17.9,0,0.0,0,0,18-APR-2022,
OPTSTK,ABCAPITAL,28-Apr-2022,135.0,PE,0.0,0.0,0.0,23.0,20.3,0,0.0,0,0,18-APR-2022,
OPTSTK,ABCAPITAL,28-Apr-2022,137.5,PE,0.0,0.0,0.0,24.85,22.75,0,0.0,0,0,18-APR-2022,
OPTSTK,ABCAPITAL,28-Apr-2022,140.0,PE,0.0,0.0,0.0,26.75,25.25,0,0.0,0,0,18-APR-2022,
OPTSTK,ABCAPITAL,28-Apr-2022,142.5,PE,0.0,0.0,0.0,28.7,27.75,0,0.0,0,0,18-APR-2022,
OPTSTK,ABCAPITAL,28-Apr-2022,145.0,PE,0.0,0.0,0.0,30.75,30.2,0,0.0,0,0,18-APR-2022,
OPTSTK,ABCAPITAL,28-Apr-2022,147.5,PE,0.0,0.0,0.0,32.75,32.7,0,0.0,0,0,18-APR-2022,
OPTSTK,ABCAPITAL,28-Apr-2022,150.0,PE,0.0,0.0,0.0,34.85,35.2,0,0.0,0,0,18-APR-2022,
OPTSTK,ABCAPITAL,28-Apr-2022,152.5,PE,0.0,0.0,0.0,37.0,37.7,0,0.0,0,0,18-APR-2022,
OPTSTK,ABCAPITAL,28-Apr-2022,155.0,PE,0.0,0.0,0.0,39.15,40.2,0,0.0,0,0,18-APR-2022,
OPTSTK,ABCAPITAL,28-Apr-2022,157.5,PE,0.0,0.0,0.0,41.35,42.7,0,0.0,0,0,18-APR-2022,
OPTSTK,ABCAPITAL,28-Apr-2022,160.0,PE,0.0,0.0,0.0,43.55,45.2,0,0.0,0,0,18-APR-2022,
OPTSTK,ABCAPITAL,26-May-2022,72.5,CE,0.0,0.0,0.0,28.65,42.5,0,0.0,0,0,18-APR-2022,
OPTSTK,ABCAPITAL,26-May-2022,75.0,CE,0.0,0.0,0.0,26.55,40.0,0,0.0,0,0,18-APR-2022,
OPTSTK,ABCAPITAL,26-May-2022,77.5,CE,0.0,0.0,0.0,24.5,37.55,0,0.0,0,0,18-APR-2022,
OPTSTK,ABCAPITAL,26-May-2022,80.0,CE,0.0,0.0,0.0,22.55,35.1,0,0.0,0,0,18-APR-2022,
OPTSTK,ABCAPITAL,26-May-2022,82.5,CE,0.0,0.0,0.0,20.65,32.65,0,0.0,0,0,18-APR-2022,
OPTSTK,ABCAPITAL,26-May-2022,85.0,CE,0.0,0.0,0.0,18.9,30.25,0,0.0,0,0,18-APR-2022,
OPTSTK,ABCAPITAL,26-May-2022,87.5,CE,0.0,0.0,0.0,17.2,27.85,0,0.0,0,0,18-APR-2022,
OPTSTK,ABCAPITAL,26-May-2022,90.0,CE,0.0,0.0,0.0,15.65,25.55,0,0.0,0,0,18-APR-2022,
OPTSTK,ABCAPITAL,26-May-2022,92.5,CE,0.0,0.0,0.0,14.15,23.25,0,0.0,0,0,18-APR-2022,
OPTSTK,ABCAPITAL,26-May-2022,95.0,CE,0.0,0.0,0.0,12.8,21.1,0,0.0,0,0,18-APR-2022,
OPTSTK,ABCAPITAL,26-May-2022,97.5,CE,0.0,0.0,0.0,11.55,19.0,0,0.0,0,0,18-APR-2022,
OPTSTK,ABCAPITAL,26-May-2022,100.0,CE,0.0,0.0,0.0,10.35,16.95,0,0.0,0,0,18-APR-2022,
OPTSTK,ABCAPITAL,26-May-2022,102.5,CE,0.0,0.0,0.0,9.3,15.1,0,0.0,0,0,18-APR-2022,
OPTSTK,ABCAPITAL,26-May-2022,105.0,CE,0.0,0.0,0.0,8.3,13.3,0,0.0,0,0,18-APR-2022,
OPTSTK,ABCAPITAL,26-May-2022,107.5,CE,0.0,0.0,0.0,7.4,11.65,0,0.0,0,0,18-APR-2022,
OPTSTK,ABCAPITAL,26-May-2022,110.0,CE,0.0,0.0,0.0,7.8,10.15,0,0.0,8800,0,18-APR-2022,
OPTSTK,ABCAPITAL,26-May-2022,112.5,CE,0.0,0.0,0.0,5.85,8.8,0,0.0,0,0,18-APR-2022,
OPTSTK,ABCAPITAL,26-May-2022,115.0,CE,0.0,0.0,0.0,5.2,7.55,0,0.0,0,0,18-APR-2022,
OPTSTK,ABCAPITAL,26-May-2022,117.5,CE,0.0,0.0,0.0,4.6,6.45,0,0.0,0,0,18-APR-2022,
OPTSTK,ABCAPITAL,26-May-2022,120.0,CE,5.5,5.7,4.35,4.7,4.7,19,104.42,264000,30800,18-APR-2022,
OPTSTK,ABCAPITAL,26-May-2022,122.5,CE,4.45,4.45,4.45,4.45,4.6,1,5.58,4400,4400,18-APR-2022,
OPTSTK,ABCAPITAL,26-May-2022,125.0,CE,3.0,3.5,2.75,2.75,3.85,9,50.8,74800,39600,18-APR-2022,
OPTSTK,ABCAPITAL,26-May-2022,127.5,CE,0.0,0.0,0.0,2.75,3.2,0,0.0,0,0,18-APR-2022,
OPTSTK,ABCAPITAL,26-May-2022,130.0,CE,3.9,3.9,2.2,2.25,2.65,11,64.21,52800,8800,18-APR-2022,
OPTSTK,ABCAPITAL,26-May-2022,132.5,CE,0.0,0.0,0.0,2.1,2.2,0,0.0,0,0,18-APR-2022,
OPTSTK,ABCAPITAL,26-May-2022,135.0,CE,0.0,0.0,0.0,1.85,1.8,0,0.0,0,0,18-APR-2022,
OPTSTK,ABCAPITAL,26-May-2022,137.5,CE,0.0,0.0,0.0,1.6,1.45,0,0.0,0,0,18-APR-2022,
OPTSTK,ABCAPITAL,26-May-2022,140.0,CE,2.0,2.0,1.6,1.6,1.2,2,12.47,17600,0,18-APR-2022,
OPTSTK,ABCAPITAL,26-May-2022,142.5,CE,0.0,0.0,0.0,1.25,0.95,0,0.0,0,0,18-APR-2022,
OPTSTK,ABCAPITAL,26-May-2022,145.0,CE,0.0,0.0,0.0,1.1,0.75,0,0.0,0,0,18-APR-2022,
OPTSTK,ABCAPITAL,26-May-2022,147.5,CE,0.0,0.0,0.0,0.95,0.6,0,0.0,0,0,18-APR-2022,
OPTSTK,ABCAPITAL,26-May-2022,150.0,CE,0.0,0.0,0.0,0.8,0.5,0,0.0,0,0,18-APR-2022,
OPTSTK,ABCAPITAL,26-May-2022,72.5,PE,0.0,0.0,0.0,1.1,0.05,0,0.0,0,0,18-APR-2022,
OPTSTK,ABCAPITAL,26-May-2022,75.0,PE,0.0,0.0,0.0,1.45,0.05,0,0.0,0,0,18-APR-2022,
OPTSTK,ABCAPITAL,26-May-2022,77.5,PE,0.0,0.0,0.0,1.9,0.05,0,0.0,0,0,18-APR-2022,
OPTSTK,ABCAPITAL,26-May-2022,80.0,PE,0.0,0.0,0.0,2.4,0.1,0,0.0,0,0,18-APR-2022,
OPTSTK,ABCAPITAL,26-May-2022,82.5,PE,0.0,0.0,0.0,3.0,0.15,0,0.0,0,0,18-APR-2022,
OPTSTK,ABCAPITAL,26-May-2022,85.0,PE,0.0,0.0,0.0,3.7,0.2,0,0.0,0,0,18-APR-2022,
OPTSTK,ABCAPITAL,26-May-2022,87.5,PE,0.0,0.0,0.0,4.5,0.35,0,0.0,0,0,18-APR-2022,
OPTSTK,ABCAPITAL,26-May-2022,90.0,PE,0.0,0.0,0.0,0.4,0.5,0,0.0,4400,0,18-APR-2022,
OPTSTK,ABCAPITAL,26-May-2022,92.5,PE,0.0,0.0,0.0,6.4,0.7,0,0.0,0,0,18-APR-2022,
OPTSTK,ABCAPITAL,26-May-2022,95.0,PE,0.0,0.0,0.0,7.5,1.0,0,0.0,0,0,18-APR-2022,
OPTSTK,ABCAPITAL,26-May-2022,97.5,PE,0.0,0.0,0.0,1.5,1.4,0,0.0,0,0,18-APR-2022,
OPTSTK,ABCAPITAL,26-May-2022,100.0,PE,1.75,1.75,1.75,1.75,1.9,1,4.47,8800,4400,18-APR-2022,
OPTSTK,ABCAPITAL,26-May-2022,102.5,PE,0.0,0.0,0.0,11.4,2.5,0,0.0,0,0,18-APR-2022,
OPTSTK,ABCAPITAL,26-May-2022,105.0,PE,2.0,2.0,2.0,2.0,3.2,1,4.7,4400,4400,18-APR-2022,
OPTSTK,ABCAPITAL,26-May-2022,107.5,PE,0.0,0.0,0.0,14.5,4.05,0,0.0,0,0,18-APR-2022,
OPTSTK,ABCAPITAL,26-May-2022,110.0,PE,3.65,4.25,3.65,4.25,5.0,6,30.06,246400,17600,18-APR-2022,
OPTSTK,ABCAPITAL,26-May-2022,112.5,PE,0.0,0.0,0.0,17.85,6.15,0,0.0,0,0,18-APR-2022,
OPTSTK,ABCAPITAL,26-May-2022,115.0,PE,0.0,0.0,0.0,19.7,7.4,0,0.0,0,0,18-APR-2022,
OPTSTK,ABCAPITAL,26-May-2022,117.5,PE,0.0,0.0,0.0,21.55,8.75,0,0.0,0,0,18-APR-2022,
OPTSTK,ABCAPITAL,26-May-2022,120.0,PE,9.15,9.15,8.5,9.0,10.3,3,17.01,48400,13200,18-APR-2022,
OPTSTK,ABCAPITAL,26-May-2022,122.5,PE,0.0,0.0,0.0,25.5,11.9,0,0.0,0,0,18-APR-2022,
OPTSTK,ABCAPITAL,26-May-2022,125.0,PE,0.0,0.0,0.0,27.55,13.65,0,0.0,0,0,18-APR-2022,
OPTSTK,ABCAPITAL,26-May-2022,127.5,PE,0.0,0.0,0.0,29.65,15.5,0,0.0,0,0,18-APR-2022,
OPTSTK,ABCAPITAL,26-May-2022,130.0,PE,0.0,0.0,0.0,31.75,17.45,0,0.0,0,0,18-APR-2022,
OPTSTK,ABCAPITAL,26-May-2022,132.5,PE,0.0,0.0,0.0,33.95,19.45,0,0.0,0,0,18-APR-2022,
OPTSTK,ABCAPITAL,26-May-2022,135.0,PE,0.0,0.0,0.0,36.15,21.55,0,0.0,0,0,18-APR-2022,
OPTSTK,ABCAPITAL,26-May-2022,137.5,PE,0.0,0.0,0.0,38.4,23.7,0,0.0,0,0,18-APR-2022,
OPTSTK,ABCAPITAL,26-May-2022,140.0,PE,0.0,0.0,0.0,40.65,25.9,0,0.0,0,0,18-APR-2022,
OPTSTK,ABCAPITAL,26-May-2022,142.5,PE,0.0,0.0,0.0,42.95,28.2,0,0.0,0,0,18-APR-2022,
OPTSTK,ABCAPITAL,26-May-2022,145.0,PE,0.0,0.0,0.0,45.25,30.5,0,0.0,0,0,18-APR-2022,
OPTSTK,ABCAPITAL,26-May-2022,147.5,PE,0.0,0.0,0.0,47.6,32.8,0,0.0,0,0,18-APR-2022,
OPTSTK,ABCAPITAL,26-May-2022,150.0,PE,0.0,0.0,0.0,49.95,35.2,0,0.0,0,0,18-APR-2022,
OPTSTK,ABCAPITAL,30-Jun-2022,72.5,CE,0.0,0.0,0.0,36.5,42.95,0,0.0,0,0,18-APR-2022,
OPTSTK,ABCAPITAL,30-Jun-2022,75.0,CE,0.0,0.0,0.0,34.2,40.55,0,0.0,0,0,18-APR-2022,
OPTSTK,ABCAPITAL,30-Jun-2022,77.5,CE,0.0,0.0,0.0,32.0,38.15,0,0.0,0,0,18-APR-2022,
OPTSTK,ABCAPITAL,30-Jun-2022,80.0,CE,0.0,0.0,0.0,29.85,35.8,0,0.0,0,0,18-APR-2022,
OPTSTK,ABCAPITAL,30-Jun-2022,82.5,CE,0.0,0.0,0.0,27.75,33.5,0,0.0,0,0,18-APR-2022,
OPTSTK,ABCAPITAL,30-Jun-2022,85.0,CE,0.0,0.0,0.0,25.75,31.25,0,0.0,0,0,18-APR-2022,
OPTSTK,ABCAPITAL,30-Jun-2022,87.5,CE,0.0,0.0,0.0,23.8,29.1,0,0.0,0,0,18-APR-2022,
OPTSTK,ABCAPITAL,30-Jun-2022,90.0,CE,0.0,0.0,0.0,21.95,26.95,0,0.0,0,0,18-APR-2022,
OPTSTK,ABCAPITAL,30-Jun-2022,92.5,CE,0.0,0.0,0.0,20.2,24.95,0,0.0,0,0,18-APR-2022,
OPTSTK,ABCAPITAL,30-Jun-2022,95.0,CE,0.0,0.0,0.0,18.5,22.95,0,0.0,0,0,18-APR-2022,
OPTSTK,ABCAPITAL,30-Jun-2022,97.5,CE,0.0,0.0,0.0,16.95,21.1,0,0.0,0,0,18-APR-2022,
OPTSTK,ABCAPITAL,30-Jun-2022,100.0,CE,0.0,0.0,0.0,15.45,19.3,0,0.0,0,0,18-APR-2022,
OPTSTK,ABCAPITAL,30-Jun-2022,102.5,CE,0.0,0.0,0.0,14.1,17.6,0,0.0,0,0,18-APR-2022,
OPTSTK,ABCAPITAL,30-Jun-2022,105.0,CE,0.0,0.0,0.0,12.8,16.0,0,0.0,0,0,18-APR-2022,
OPTSTK,ABCAPITAL,30-Jun-2022,107.5,CE,0.0,0.0,0.0,11.6,14.5,0,0.0,0,0,18-APR-2022,
OPTSTK,ABCAPITAL,30-Jun-2022,110.0,CE,0.0,0.0,0.0,10.45,13.1,0,0.0,0,0,18-APR-2022,
OPTSTK,ABCAPITAL,30-Jun-2022,112.5,CE,0.0,0.0,0.0,9.45,11.8,0,0.0,0,0,18-APR-2022,
OPTSTK,ABCAPITAL,30-Jun-2022,115.0,CE,0.0,0.0,0.0,8.5,10.6,0,0.0,0,0,18-APR-2022,
OPTSTK,ABCAPITAL,30-Jun-2022,117.5,CE,0.0,0.0,0.0,7.65,9.5,0,0.0,0,0,18-APR-2022,
OPTSTK,ABCAPITAL,30-Jun-2022,120.0,CE,0.0,0.0,0.0,6.85,8.5,0,0.0,0,0,18-APR-2022,
OPTSTK,ABCAPITAL,30-Jun-2022,122.5,CE,0.0,0.0,0.0,6.15,7.6,0,0.0,0,0,18-APR-2022,
OPTSTK,ABCAPITAL,30-Jun-2022,125.0,CE,0.0,0.0,0.0,5.5,6.75,0,0.0,0,0,18-APR-2022,
OPTSTK,ABCAPITAL,30-Jun-2022,127.5,CE,0.0,0.0,0.0,4.9,5.95,0,0.0,0,0,18-APR-2022,
OPTSTK,ABCAPITAL,30-Jun-2022,130.0,CE,0.0,0.0,0.0,4.35,5.3,0,0.0,0,0,18-APR-2022,
OPTSTK,ABCAPITAL,30-Jun-2022,132.5,CE,0.0,0.0,0.0,3.85,4.65,0,0.0,0,0,18-APR-2022,
OPTSTK,ABCAPITAL,30-Jun-2022,135.0,CE,0.0,0.0,0.0,3.45,4.1,0,0.0,0,0,18-APR-2022,
OPTSTK,ABCAPITAL,30-Jun-2022,137.5,CE,0.0,0.0,0.0,3.05,3.6,0,0.0,0,0,18-APR-2022,
OPTSTK,ABCAPITAL,30-Jun-2022,140.0,CE,0.0,0.0,0.0,2.7,3.15,0,0.0,0,0,18-APR-2022,
OPTSTK,ABCAPITAL,30-Jun-2022,142.5,CE,0.0,0.0,0.0,2.4,2.8,0,0.0,0,0,18-APR-2022,
OPTSTK,ABCAPITAL,30-Jun-2022,145.0,CE,0.0,0.0,0.0,2.1,2.45,0,0.0,0,0,18-APR-2022,
OPTSTK,ABCAPITAL,30-Jun-2022,147.5,CE,0.0,0.0,0.0,1.85,2.1,0,0.0,0,0,18-APR-2022,
OPTSTK,ABCAPITAL,30-Jun-2022,150.0,CE,0.0,0.0,0.0,1.65,1.85,0,0.0,0,0,18-APR-2022,
OPTSTK,ABCAPITAL,30-Jun-2022,72.5,PE,0.0,0.0,0.0,0.55,0.15,0,0.0,0,0,18-APR-2022,
OPTSTK,ABCAPITAL,30-Jun-2022,75.0,PE,0.0,0.0,0.0,0.75,0.25,0,0.0,0,0,18-APR-2022,
OPTSTK,ABCAPITAL,30-Jun-2022,77.5,PE,0.0,0.0,0.0,1.05,0.35,0,0.0,0,0,18-APR-2022,
OPTSTK,ABCAPITAL,30-Jun-2022,80.0,PE,0.0,0.0,0.0,1.35,0.5,0,0.0,0,0,18-APR-2022,
OPTSTK,ABCAPITAL,30-Jun-2022,82.5,PE,0.0,0.0,0.0,1.75,0.65,0,0.0,0,0,18-APR-2022,
OPTSTK,ABCAPITAL,30-Jun-2022,85.0,PE,0.0,0.0,0.0,2.2,0.9,0,0.0,0,0,18-APR-2022,
OPTSTK,ABCAPITAL,30-Jun-2022,87.5,PE,0.0,0.0,0.0,2.75,1.2,0,0.0,0,0,18-APR-2022,
OPTSTK,ABCAPITAL,30-Jun-2022,90.0,PE,0.0,0.0,0.0,3.35,1.55,0,0.0,0,0,18-APR-2022,
OPTSTK,ABCAPITAL,30-Jun-2022,92.5,PE,0.0,0.0,0.0,4.05,2.0,0,0.0,0,0,18-APR-2022,
OPTSTK,ABCAPITAL,30-Jun-2022,95.0,PE,0.0,0.0,0.0,4.85,2.5,0,0.0,0,0,18-APR-2022,
OPTSTK,ABCAPITAL,30-Jun-2022,97.5,PE,0.0,0.0,0.0,5.75,3.1,0,0.0,0,0,18-APR-2022,
OPTSTK,ABCAPITAL,30-Jun-2022,100.0,PE,0.0,0.0,0.0,6.75,3.8,0,0.0,0,0,18-APR-2022,
OPTSTK,ABCAPITAL,30-Jun-2022,102.5,PE,0.0,0.0,0.0,7.85,4.6,0,0.0,0,0,18-APR-2022,
OPTSTK,ABCAPITAL,30-Jun-2022,105.0,PE,0.0,0.0,0.0,9.05,5.45,0,0.0,0,0,18-APR-2022,
OPTSTK,ABCAPITAL,30-Jun-2022,107.5,PE,0.0,0.0,0.0,10.3,6.45,0,0.0,0,0,18-APR-2022,
OPTSTK,ABCAPITAL,30-Jun-2022,110.0,PE,0.0,0.0,0.0,11.65,7.55,0,0.0,0,0,18-APR-2022,
OPTSTK,ABCAPITAL,30-Jun-2022,112.5,PE,0.0,0.0,0.0,13.1,8.7,0,0.0,0,0,18-APR-2022,
OPTSTK,ABCAPITAL,30-Jun-2022,115.0,PE,0.0,0.0,0.0,14.65,10.0,0,0.0,0,0,18-APR-2022,
OPTSTK,ABCAPITAL,30-Jun-2022,117.5,PE,0.0,0.0,0.0,16.25,11.35,0,0.0,0,0,18-APR-2022,
OPTSTK,ABCAPITAL,30-Jun-2022,120.0,PE,0.0,0.0,0.0,17.95,12.85,0,0.0,0,0,18-APR-2022,
OPTSTK,ABCAPITAL,30-Jun-2022,122.5,PE,0.0,0.0,0.0,19.7,14.4,0,0.0,0,0,18-APR-2022,
OPTSTK,ABCAPITAL,30-Jun-2022,125.0,PE,0.0,0.0,0.0,21.5,16.05,0,0.0,0,0,18-APR-2022,
OPTSTK,ABCAPITAL,30-Jun-2022,127.5,PE,0.0,0.0,0.0,23.4,17.75,0,0.0,0,0,18-APR-2022,
OPTSTK,ABCAPITAL,30-Jun-2022,130.0,PE,0.0,0.0,0.0,25.35,19.55,0,0.0,0,0,18-APR-2022,
OPTSTK,ABCAPITAL,30-Jun-2022,132.5,PE,0.0,0.0,0.0,27.35,21.4,0,0.0,0,0,18-APR-2022,
OPTSTK,ABCAPITAL,30-Jun-2022,135.0,PE,0.0,0.0,0.0,29.35,23.3,0,0.0,0,0,18-APR-2022,
OPTSTK,ABCAPITAL,30-Jun-2022,137.5,PE,0.0,0.0,0.0,31.45,25.3,0,0.0,0,0,18-APR-2022,
OPTSTK,ABCAPITAL,30-Jun-2022,140.0,PE,0.0,0.0,0.0,33.6,27.35,0,0.0,0,0,18-APR-2022,
OPTSTK,ABCAPITAL,30-Jun-2022,142.5,PE,0.0,0.0,0.0,35.75,29.4,0,0.0,0,0,18-APR-2022,
OPTSTK,ABCAPITAL,30-Jun-2022,145.0,PE,0.0,0.0,0.0,37.95,31.55,0,0.0,0,0,18-APR-2022,
OPTSTK,ABCAPITAL,30-Jun-2022,147.5,PE,0.0,0.0,0.0,40.15,33.7,0,0.0,0,0,18-APR-2022,
OPTSTK,ABCAPITAL,30-Jun-2022,150.0,PE,0.0,0.0,0.0,42.4,35.9,0,0.0,0,0,18-APR-2022,
OPTSTK,ABFRL,28-Apr-2022,185.0,CE,0.0,0.0,0.0,102.15,108.45,0,0.0,0,0,18-APR-2022,
OPTSTK,ABFRL,28-Apr-2022,190.0,CE,0.0,0.0,0.0,97.45,103.45,0,0.0,0,0,18-APR-2022,
OPTSTK,ABFRL,28-Apr-2022,195.0,CE,0.0,0.0,0.0,92.85,98.45,0,0.0,0,0,18-APR-2022,
OPTSTK,ABFRL,28-Apr-2022,200.0,CE,0.0,0.0,0.0,88.35,93.45,0,0.0,0,0,18-APR-2022,
OPTSTK,ABFRL,28-Apr-2022,205.0,CE,0.0,0.0,0.0,83.9,88.45,0,0.0,0,0,18-APR-2022,
OPTSTK,ABFRL,28-Apr-2022,210.0,CE,0.0,0.0,0.0,79.55,83.45,0,0.0,0,0,18-APR-2022,
OPTSTK,ABFRL,28-Apr-2022,215.0,CE,0.0,0.0,0.0,75.3,78.45,0,0.0,0,0,18-APR-2022,
OPTSTK,ABFRL,28-Apr-2022,220.0,CE,0.0,0.0,0.0,71.15,73.45,0,0.0,0,0,18-APR-2022,
OPTSTK,ABFRL,28-Apr-2022,225.0,CE,0.0,0.0,0.0,67.1,68.5,0,0.0,0,0,18-APR-2022,
OPTSTK,ABFRL,28-Apr-2022,230.0,CE,0.0,0.0,0.0,63.2,63.5,0,0.0,0,0,18-APR-2022,
OPTSTK,ABFRL,28-Apr-2022,235.0,CE,0.0,0.0,0.0,59.4,58.5,0,0.0,0,0,18-APR-2022,
OPTSTK,ABFRL,28-Apr-2022,240.0,CE,0.0,0.0,0.0,55.75,53.55,0,0.0,0,0,18-APR-2022,
OPTSTK,ABFRL,28-Apr-2022,245.0,CE,0.0,0.0,0.0,52.25,48.6,0,0.0,0,0,18-APR-2022,
OPTSTK,ABFRL,28-Apr-2022,250.0,CE,0.0,0.0,0.0,48.85,43.7,0,0.0,0,0,18-APR-2022,
OPTSTK,ABFRL,28-Apr-2022,255.0,CE,0.0,0.0,0.0,45.6,38.9,0,0.0,0,0,18-APR-2022,
OPTSTK,ABFRL,28-Apr-2022,260.0,CE,0.0,0.0,0.0,38.0,34.2,0,0.0,2600,0,18-APR-2022,
OPTSTK,ABFRL,28-Apr-2022,265.0,CE,0.0,0.0,0.0,50.0,29.65,0,0.0,0,0,18-APR-2022,
OPTSTK,ABFRL,28-Apr-2022,270.0,CE,0.0,0.0,0.0,33.0,25.3,0,0.0,2600,0,18-APR-2022,
OPTSTK,ABFRL,28-Apr-2022,275.0,CE,0.0,0.0,0.0,34.15,21.3,0,0.0,0,0,18-APR-2022,
OPTSTK,ABFRL,28-Apr-2022,280.0,CE,17.25,17.25,17.25,17.25,17.25,2,15.45,41600,2600,18-APR-2022,
OPTSTK,ABFRL,28-Apr-2022,285.0,CE,0.0,0.0,0.0,29.3,14.25,0,0.0,0,0,18-APR-2022,
OPTSTK,ABFRL,28-Apr-2022,290.0,CE,9.45,12.0,8.95,11.1,11.1,40,312.49,70200,20800,18-APR-2022,
OPTSTK,ABFRL,28-Apr-2022,295.0,CE,6.6,10.4,6.6,8.55,8.55,37,291.93,75400,26000,18-APR-2022,
OPTSTK,ABFRL,28-Apr-2022,300.0,CE,6.05,8.0,4.35,6.45,6.45,867,6896.66,920400,-39000,18-APR-2022,
OPTSTK,ABFRL,28-Apr-2022,305.0,CE,5.0,5.7,3.35,4.85,4.85,241,1939.21,314600,0,18-APR-2022,
OPTSTK,ABFRL,28-Apr-2022,310.0,CE,3.45,5.0,2.35,3.8,3.8,935,7619.26,1744600,-634400,18-APR-2022,
OPTSTK,ABFRL,28-Apr-2022,315.0,CE,2.15,3.95,1.9,3.0,3.0,164,1354.68,392600,31200,18-APR-2022,
OPTSTK,ABFRL,28-Apr-2022,320.0,CE,2.0,3.1,1.6,2.4,2.4,599,5018.55,1302600,-101400,18-APR-2022,
OPTSTK,ABFRL,28-Apr-2022,325.0,CE,1.75,2.25,1.45,1.85,1.85,69,586.27,208000,0,18-APR-2022,
OPTSTK,ABFRL,28-Apr-2022,330.0,CE,1.75,2.1,0.75,1.55,1.55,322,2775.25,1255800,-15600,18-APR-2022,
OPTSTK,ABFRL,28-Apr-2022,335.0,CE,0.8,1.45,0.8,1.35,1.35,37,323.39,106600,7800,18-APR-2022,
OPTSTK,ABFRL,28-Apr-2022,340.0,CE,0.75,1.25,0.65,1.0,1.0,158,1400.54,579800,-57200,18-APR-2022,
OPTSTK,ABFRL,28-Apr-2022,345.0,CE,0.85,0.85,0.85,0.85,0.25,1,8.99,57200,2600,18-APR-2022,
OPTSTK,ABFRL,28-Apr-2022,350.0,CE,0.4,0.85,0.4,0.7,0.7,124,1130.48,702000,-49400,18-APR-2022,
OPTSTK,ABFRL,28-Apr-2022,355.0,CE,0.35,0.65,0.35,0.65,0.1,5,46.21,31200,-5200,18-APR-2022,
OPTSTK,ABFRL,28-Apr-2022,360.0,CE,0.4,0.5,0.4,0.5,0.5,43,402.98,189800,-15600,18-APR-2022,
OPTSTK,ABFRL,28-Apr-2022,365.0,CE,0.3,0.3,0.3,0.3,0.05,2,18.99,23400,0,18-APR-2022,
OPTSTK,ABFRL,28-Apr-2022,370.0,CE,0.2,0.3,0.15,0.2,0.2,28,269.5,213200,-28600,18-APR-2022,
OPTSTK,ABFRL,28-Apr-2022,375.0,CE,0.05,0.2,0.05,0.15,0.05,9,87.78,795600,0,18-APR-2022,
OPTSTK,ABFRL,28-Apr-2022,185.0,PE,0.0,0.0,0.0,0.1,0.0,0,0.0,2600,0,18-APR-2022,
OPTSTK,ABFRL,28-Apr-2022,190.0,PE,0.0,0.0,0.0,1.2,0.0,0,0.0,0,0,18-APR-2022,
OPTSTK,ABFRL,28-Apr-2022,195.0,PE,0.0,0.0,0.0,1.55,0.0,0,0.0,0,0,18-APR-2022,
OPTSTK,ABFRL,28-Apr-2022,200.0,PE,0.0,0.0,0.0,1.95,0.0,0,0.0,0,0,18-APR-2022,
OPTSTK,ABFRL,28-Apr-2022,205.0,PE,0.0,0.0,0.0,2.45,0.0,0,0.0,0,0,18-APR-2022,
OPTSTK,ABFRL,28-Apr-2022,210.0,PE,0.05,0.05,0.05,0.05,0.0,1,5.46,67600,0,18-APR-2022,
OPTSTK,ABFRL,28-Apr-2022,215.0,PE,0.0,0.0,0.0,3.75,0.0,0,0.0,0,0,18-APR-2022,
OPTSTK,ABFRL,28-Apr-2022,220.0,PE,0.05,0.05,0.05,0.05,0.0,2,11.44,39000,0,18-APR-2022,
OPTSTK,ABFRL,28-Apr-2022,225.0,PE,0.25,1.8,0.25,1.05,1.05,2,11.75,0,0,18-APR-2022,
OPTSTK,ABFRL,28-Apr-2022,230.0,PE,0.0,0.0,0.0,0.1,0.05,0,0.0,2600,0,18-APR-2022,
OPTSTK,ABFRL,28-Apr-2022,235.0,PE,0.0,0.0,0.0,7.65,0.05,0,0.0,0,0,18-APR-2022,
OPTSTK,ABFRL,28-Apr-2022,240.0,PE,0.0,0.0,0.0,1.0,0.05,0,0.0,0,0,18-APR-2022,
OPTSTK,ABFRL,28-Apr-2022,245.0,PE,0.0,0.0,0.0,0.8,0.1,0,0.0,2600,0,18-APR-2022,
OPTSTK,ABFRL,28-Apr-2022,250.0,PE,0.75,0.75,0.35,0.5,0.5,85,553.51,564200,5200,18-APR-2022,
OPTSTK,ABFRL,28-Apr-2022,255.0,PE,0.0,0.0,0.0,13.65,0.4,0,0.0,0,0,18-APR-2022,
OPTSTK,ABFRL,28-Apr-2022,260.0,PE,1.45,1.5,0.9,1.35,0.7,29,196.97,124800,2600,18-APR-2022,
OPTSTK,ABFRL,28-Apr-2022,265.0,PE,0.0,0.0,0.0,17.55,1.15,0,0.0,0,0,18-APR-2022,
OPTSTK,ABFRL,28-Apr-2022,270.0,PE,3.05,3.3,1.35,2.2,2.2,226,1600.84,327600,-124800,18-APR-2022,
OPTSTK,ABFRL,28-Apr-2022,275.0,PE,0.0,0.0,0.0,22.0,2.75,0,0.0,0,0,18-APR-2022,
OPTSTK,ABFRL,28-Apr-2022,280.0,PE,5.85,5.9,2.6,4.05,4.05,200,1477.53,507000,-5200,18-APR-2022,
OPTSTK,ABFRL,28-Apr-2022,285.0,PE,6.75,7.3,5.4,6.4,5.7,30,227.06,49400,-15600,18-APR-2022,
OPTSTK,ABFRL,28-Apr-2022,290.0,PE,11.55,11.55,5.0,7.25,7.25,430,3332.83,559000,-59800,18-APR-2022,
OPTSTK,ABFRL,28-Apr-2022,295.0,PE,12.25,12.25,8.25,9.3,10.3,29,230.4,78000,-10400,18-APR-2022,
OPTSTK,ABFRL,28-Apr-2022,300.0,PE,16.1,17.0,9.6,12.2,12.2,103,838.18,403000,-28600,18-APR-2022,
OPTSTK,ABFRL,28-Apr-2022,305.0,PE,16.45,17.35,14.0,15.6,16.5,16,133.22,72800,0,18-APR-2022,
OPTSTK,ABFRL,28-Apr-2022,310.0,PE,20.15,22.6,18.0,18.0,20.15,15,128.67,153400,-5200,18-APR-2022,
OPTSTK,ABFRL,28-Apr-2022,315.0,PE,26.55,26.55,26.55,26.55,24.1,1,8.88,54600,2600,18-APR-2022,
OPTSTK,ABFRL,28-Apr-2022,320.0,PE,31.05,31.05,28.2,28.2,28.3,3,27.27,78000,5200,18-APR-2022,
OPTSTK,ABFRL,28-Apr-2022,325.0,PE,0.0,0.0,0.0,21.2,32.7,0,0.0,20800,0,18-APR-2022,
OPTSTK,ABFRL,28-Apr-2022,330.0,PE,37.5,37.5,37.5,37.5,37.3,2,19.11,23400,-5200,18-APR-2022,
OPTSTK,ABFRL,28-Apr-2022,335.0,PE,0.0,0.0,0.0,34.65,42.0,0,0.0,13000,0,18-APR-2022,
OPTSTK,ABFRL,28-Apr-2022,340.0,PE,0.0,0.0,0.0,33.2,46.8,0,0.0,5200,0,18-APR-2022,
OPTSTK,ABFRL,28-Apr-2022,345.0,PE,0.0,0.0,0.0,67.6,51.65,0,0.0,0,0,18-APR-2022,
OPTSTK,ABFRL,28-Apr-2022,350.0,PE,0.0,0.0,0.0,71.6,56.55,0,0.0,0,0,18-APR-2022,
OPTSTK,ABFRL,28-Apr-2022,355.0,PE,0.0,0.0,0.0,75.7,61.5,0,0.0,0,0,18-APR-2022,
OPTSTK,ABFRL,28-Apr-2022,360.0,PE,0.0,0.0,0.0,79.85,66.45,0,0.0,0,0,18-APR-2022,
OPTSTK,ABFRL,28-Apr-2022,365.0,PE,0.0,0.0,0.0,84.1,71.45,0,0.0,0,0,18-APR-2022,
OPTSTK,ABFRL,28-Apr-2022,370.0,PE,0.0,0.0,0.0,88.4,76.4,0,0.0,0,0,18-APR-2022,
OPTSTK,ABFRL,28-Apr-2022,375.0,PE,0.0,0.0,0.0,92.75,81.4,0,0.0,0,0,18-APR-2022,
OPTSTK,ABFRL,26-May-2022,185.0,CE,0.0,0.0,0.0,70.4,109.05,0,0.0,0,0,18-APR-2022,
OPTSTK,ABFRL,26-May-2022,190.0,CE,0.0,0.0,0.0,66.15,104.1,0,0.0,0,0,18-APR-2022,
OPTSTK,ABFRL,26-May-2022,195.0,CE,0.0,0.0,0.0,62.05,99.15,0,0.0,0,0,18-APR-2022,
OPTSTK,ABFRL,26-May-2022,200.0,CE,0.0,0.0,0.0,58.05,94.2,0,0.0,0,0,18-APR-2022,
OPTSTK,ABFRL,26-May-2022,205.0,CE,0.0,0.0,0.0,54.2,89.25,0,0.0,0,0,18-APR-2022,
OPTSTK,ABFRL,26-May-2022,210.0,CE,0.0,0.0,0.0,50.45,84.4,0,0.0,0,0,18-APR-2022,
OPTSTK,ABFRL,26-May-2022,215.0,CE,0.0,0.0,0.0,46.9,79.5,0,0.0,0,0,18-APR-2022,
OPTSTK,ABFRL,26-May-2022,220.0,CE,0.0,0.0,0.0,43.5,74.7,0,0.0,0,0,18-APR-2022,
OPTSTK,ABFRL,26-May-2022,225.0,CE,0.0,0.0,0.0,40.25,69.95,0,0.0,0,0,18-APR-2022,
OPTSTK,ABFRL,26-May-2022,230.0,CE,0.0,0.0,0.0,37.2,65.3,0,0.0,0,0,18-APR-2022,
OPTSTK,ABFRL,26-May-2022,235.0,CE,0.0,0.0,0.0,34.3,60.7,0,0.0,0,0,18-APR-2022,
OPTSTK,ABFRL,26-May-2022,240.0,CE,0.0,0.0,0.0,31.55,56.2,0,0.0,0,0,18-APR-2022,
OPTSTK,ABFRL,26-May-2022,245.0,CE,0.0,0.0,0.0,29.0,51.85,0,0.0,0,0,18-APR-2022,
OPTSTK,ABFRL,26-May-2022,250.0,CE,0.0,0.0,0.0,26.55,47.65,0,0.0,0,0,18-APR-2022,
OPTSTK,ABFRL,26-May-2022,255.0,CE,0.0,0.0,0.0,24.3,43.6,0,0.0,0,0,18-APR-2022,
OPTSTK,ABFRL,26-May-2022,260.0,CE,0.0,0.0,0.0,22.2,39.7,0,0.0,0,0,18-APR-2022,
OPTSTK,ABFRL,26-May-2022,265.0,CE,0.0,0.0,0.0,20.25,36.05,0,0.0,0,0,18-APR-2022,
OPTSTK,ABFRL,26-May-2022,270.0,CE,0.0,0.0,0.0,18.45,32.55,0,0.0,0,0,18-APR-2022,
OPTSTK,ABFRL,26-May-2022,275.0,CE,0.0,0.0,0.0,16.75,29.25,0,0.0,0,0,18-APR-2022,
OPTSTK,ABFRL,26-May-2022,280.0,CE,0.0,0.0,0.0,15.2,26.15,0,0.0,0,0,18-APR-2022,
OPTSTK,ABFRL,26-May-2022,285.0,CE,0.0,0.0,0.0,13.8,23.3,0,0.0,0,0,18-APR-2022,
OPTSTK,ABFRL,26-May-2022,290.0,CE,0.0,0.0,0.0,12.5,20.7,0,0.0,0,0,18-APR-2022,
OPTSTK,ABFRL,26-May-2022,295.0,CE,0.0,0.0,0.0,11.3,18.25,0,0.0,0,0,18-APR-2022,
OPTSTK,ABFRL,26-May-2022,300.0,CE,14.05,15.5,14.05,15.5,16.05,3,24.56,2600,0,18-APR-2022,
OPTSTK,ABFRL,26-May-2022,305.0,CE,0.0,0.0,0.0,9.2,14.05,0,0.0,0,0,18-APR-2022,
OPTSTK,ABFRL,26-May-2022,310.0,CE,0.0,0.0,0.0,8.25,12.25,0,0.0,0,0,18-APR-2022,
OPTSTK,ABFRL,26-May-2022,315.0,CE,0.0,0.0,0.0,7.45,10.65,0,0.0,0,0,18-APR-2022,
OPTSTK,ABFRL,26-May-2022,320.0,CE,8.0,8.0,8.0,8.0,9.2,2,17.05,7800,2600,18-APR-2022,
OPTSTK,ABFRL,26-May-2022,325.0,CE,0.0,0.0,0.0,6.0,7.95,0,0.0,0,0,18-APR-2022,
OPTSTK,ABFRL,26-May-2022,330.0,CE,0.0,0.0,0.0,5.4,6.8,0,0.0,0,0,18-APR-2022,
OPTSTK,ABFRL,26-May-2022,335.0,CE,0.0,0.0,0.0,4.8,5.8,0,0.0,0,0,18-APR-2022,
OPTSTK,ABFRL,26-May-2022,340.0,CE,0.0,0.0,0.0,9.0,4.95,0,0.0,7800,0,18-APR-2022,
OPTSTK,ABFRL,26-May-2022,345.0,CE,0.0,0.0,0.0,3.85,4.2,0,0.0,0,0,18-APR-2022,
OPTSTK,ABFRL,26-May-2022,350.0,CE,2.5,2.5,2.5,2.5,3.55,1,9.16,2600,2600,18-APR-2022,
OPTSTK,ABFRL,26-May-2022,355.0,CE,0.0,0.0,0.0,3.05,3.0,0,0.0,0,0,18-APR-2022,
OPTSTK,ABFRL,26-May-2022,360.0,CE,0.0,0.0,0.0,2.75,2.5,0,0.0,0,0,18-APR-2022,
OPTSTK,ABFRL,26-May-2022,365.0,CE,0.0,0.0,0.0,2.45,2.1,0,0.0,0,0,18-APR-2022,
OPTSTK,ABFRL,26-May-2022,370.0,CE,0.0,0.0,0.0,2.2,1.75,0,0.0,0,0,18-APR-2022,
OPTSTK,ABFRL,26-May-2022,185.0,PE,0.0,0.0,0.0,2.7,0.05,0,0.0,0,0,18-APR-2022,
OPTSTK,ABFRL,26-May-2022,190.0,PE,0.0,0.0,0.0,3.4,0.05,0,0.0,0,0,18-APR-2022,
OPTSTK,ABFRL,26-May-2022,195.0,PE,0.0,0.0,0.0,4.2,0.05,0,0.0,0,0,18-APR-2022,
OPTSTK,ABFRL,26-May-2022,200.0,PE,0.0,0.0,0.0,1.0,0.1,0,0.0,2600,0,18-APR-2022,
OPTSTK,ABFRL,26-May-2022,205.0,PE,0.0,0.0,0.0,6.25,0.15,0,0.0,0,0,18-APR-2022,
OPTSTK,ABFRL,26-May-2022,210.0,PE,0.0,0.0,0.0,7.5,0.25,0,0.0,0,0,18-APR-2022,
OPTSTK,ABFRL,26-May-2022,215.0,PE,0.0,0.0,0.0,8.85,0.35,0,0.0,0,0,18-APR-2022,
OPTSTK,ABFRL,26-May-2022,220.0,PE,0.0,0.0,0.0,10.4,0.55,0,0.0,0,0,18-APR-2022,
OPTSTK,ABFRL,26-May-2022,225.0,PE,0.0,0.0,0.0,12.1,0.75,0,0.0,0,0,18-APR-2022,
OPTSTK,ABFRL,26-May-2022,230.0,PE,0.0,0.0,0.0,14.0,1.05,0,0.0,0,0,18-APR-2022,
OPTSTK,ABFRL,26-May-2022,235.0,PE,0.0,0.0,0.0,16.05,1.45,0,0.0,0,0,18-APR-2022,
OPTSTK,ABFRL,26-May-2022,240.0,PE,0.0,0.0,0.0,18.25,1.95,0,0.0,0,0,18-APR-2022,
OPTSTK,ABFRL,26-May-2022,245.0,PE,0.0,0.0,0.0,20.6,2.6,0,0.0,0,0,18-APR-2022,
OPTSTK,ABFRL,26-May-2022,250.0,PE,0.0,0.0,0.0,23.15,3.35,0,0.0,0,0,18-APR-2022,
OPTSTK,ABFRL,26-May-2022,255.0,PE,0.0,0.0,0.0,25.85,4.25,0,0.0,0,0,18-APR-2022,
OPTSTK,ABFRL,26-May-2022,260.0,PE,0.0,0.0,0.0,28.7,5.35,0,0.0,0,0,18-APR-2022,
OPTSTK,ABFRL,26-May-2022,265.0,PE,0.0,0.0,0.0,31.65,6.65,0,0.0,0,0,18-APR-2022,
OPTSTK,ABFRL,26-May-2022,270.0,PE,0.0,0.0,0.0,34.8,8.15,0,0.0,0,0,18-APR-2022,
OPTSTK,ABFRL,26-May-2022,275.0,PE,0.0,0.0,0.0,38.05,9.85,0,0.0,0,0,18-APR-2022,
OPTSTK,ABFRL,26-May-2022,280.0,PE,0.0,0.0,0.0,11.0,11.75,0,0.0,2600,0,18-APR-2022,
OPTSTK,ABFRL,26-May-2022,285.0,PE,0.0,0.0,0.0,45.0,13.85,0,0.0,0,0,18-APR-2022,
OPTSTK,ABFRL,26-May-2022,290.0,PE,0.0,0.0,0.0,48.65,16.2,0,0.0,0,0,18-APR-2022,
OPTSTK,ABFRL,26-May-2022,295.0,PE,0.0,0.0,0.0,52.4,18.75,0,0.0,0,0,18-APR-2022,
OPTSTK,ABFRL,26-May-2022,300.0,PE,0.0,0.0,0.0,16.0,21.55,0,0.0,2600,0,18-APR-2022,
OPTSTK,ABFRL,26-May-2022,305.0,PE,0.0,0.0,0.0,60.2,24.5,0,0.0,0,0,18-APR-2022,
OPTSTK,ABFRL,26-May-2022,310.0,PE,0.0,0.0,0.0,64.2,27.7,0,0.0,0,0,18-APR-2022,
OPTSTK,ABFRL,26-May-2022,315.0,PE,0.0,0.0,0.0,68.35,31.05,0,0.0,0,0,18-APR-2022,
OPTSTK,ABFRL,26-May-2022,320.0,PE,0.0,0.0,0.0,72.55,34.6,0,0.0,0,0,18-APR-2022,
OPTSTK,ABFRL,26-May-2022,325.0,PE,0.0,0.0,0.0,76.8,38.3,0,0.0,0,0,18-APR-2022,
OPTSTK,ABFRL,26-May-2022,330.0,PE,0.0,0.0,0.0,81.1,42.15,0,0.0,0,0,18-APR-2022,
OPTSTK,ABFRL,26-May-2022,335.0,PE,0.0,0.0,0.0,85.5,46.15,0,0.0,0,0,18-APR-2022,
OPTSTK,ABFRL,26-May-2022,340.0,PE,0.0,0.0,0.0,89.95,50.25,0,0.0,0,0,18-APR-2022,
OPTSTK,ABFRL,26-May-2022,345.0,PE,0.0,0.0,0.0,94.45,54.5,0,0.0,0,0,18-APR-2022,
OPTSTK,ABFRL,26-May-2022,350.0,PE,0.0,0.0,0.0,99.0,58.8,0,0.0,0,0,18-APR-2022,
OPTSTK,ABFRL,26-May-2022,355.0,PE,0.0,0.0,0.0,103.55,63.2,0,0.0,0,0,18-APR-2022,
OPTSTK,ABFRL,26-May-2022,360.0,PE,0.0,0.0,0.0,108.15,67.7,0,0.0,0,0,18-APR-2022,
OPTSTK,ABFRL,26-May-2022,365.0,PE,0.0,0.0,0.0,112.8,72.3,0,0.0,0,0,18-APR-2022,
OPTSTK,ABFRL,26-May-2022,370.0,PE,0.0,0.0,0.0,117.5,76.9,0,0.0,0,0,18-APR-2022,
OPTSTK,ABFRL,30-Jun-2022,190.0,CE,0.0,0.0,0.0,114.75,105.25,0,0.0,0,0,18-APR-2022,
OPTSTK,ABFRL,30-Jun-2022,195.0,CE,0.0,0.0,0.0,110.0,100.45,0,0.0,0,0,18-APR-2022,
OPTSTK,ABFRL,30-Jun-2022,200.0,CE,0.0,0.0,0.0,105.35,95.7,0,0.0,0,0,18-APR-2022,
OPTSTK,ABFRL,30-Jun-2022,205.0,CE,0.0,0.0,0.0,100.7,91.0,0,0.0,0,0,18-APR-2022,
OPTSTK,ABFRL,30-Jun-2022,210.0,CE,0.0,0.0,0.0,96.15,86.4,0,0.0,0,0,18-APR-2022,
OPTSTK,ABFRL,30-Jun-2022,215.0,CE,0.0,0.0,0.0,91.65,81.8,0,0.0,0,0,18-APR-2022,
OPTSTK,ABFRL,30-Jun-2022,220.0,CE,0.0,0.0,0.0,87.2,77.35,0,0.0,0,0,18-APR-2022,
OPTSTK,ABFRL,30-Jun-2022,225.0,CE,0.0,0.0,0.0,82.9,73.0,0,0.0,0,0,18-APR-2022,
OPTSTK,ABFRL,30-Jun-2022,230.0,CE,0.0,0.0,0.0,78.65,68.7,0,0.0,0,0,18-APR-2022,
OPTSTK,ABFRL,30-Jun-2022,235.0,CE,0.0,0.0,0.0,74.55,64.55,0,0.0,0,0,18-APR-2022,
OPTSTK,ABFRL,30-Jun-2022,240.0,CE,0.0,0.0,0.0,70.5,60.55,0,0.0,0,0,18-APR-2022,
OPTSTK,ABFRL,30-Jun-2022,245.0,CE,0.0,0.0,0.0,66.6,56.65,0,0.0,0,0,18-APR-2022,
OPTSTK,ABFRL,30-Jun-2022,250.0,CE,0.0,0.0,0.0,62.85,52.85,0,0.0,0,0,18-APR-2022,
OPTSTK,ABFRL,30-Jun-2022,255.0,CE,0.0,0.0,0.0,59.2,49.25,0,0.0,0,0,18-APR-2022,
OPTSTK,ABFRL,30-Jun-2022,260.0,CE,0.0,0.0,0.0,55.65,45.8,0,0.0,0,0,18-APR-2022,
OPTSTK,ABFRL,30-Jun-2022,265.0,CE,0.0,0.0,0.0,52.25,42.45,0,0.0,0,0,18-APR-2022,
OPTSTK,ABFRL,30-Jun-2022,270.0,CE,0.0,0.0,0.0,49.0,39.3,0,0.0,0,0,18-APR-2022,
OPTSTK,ABFRL,30-Jun-2022,275.0,CE,0.0,0.0,0.0,45.85,36.3,0,0.0,0,0,18-APR-2022,
OPTSTK,ABFRL,30-Jun-2022,280.0,CE,0.0,0.0,0.0,42.9,33.5,0,0.0,0,0,18-APR-2022,
OPTSTK,ABFRL,30-Jun-2022,285.0,CE,0.0,0.0,0.0,40.05,30.8,0,0.0,0,0,18-APR-2022,
OPTSTK,ABFRL,30-Jun-2022,290.0,CE,0.0,0.0,0.0,37.35,28.3,0,0.0,0,0,18-APR-2022,
OPTSTK,ABFRL,30-Jun-2022,295.0,CE,0.0,0.0,0.0,34.75,25.95,0,0.0,0,0,18-APR-2022,
OPTSTK,ABFRL,30-Jun-2022,300.0,CE,0.0,0.0,0.0,32.35,23.7,0,0.0,0,0,18-APR-2022,
OPTSTK,ABFRL,30-Jun-2022,305.0,CE,0.0,0.0,0.0,30.05,21.65,0,0.0,0,0,18-APR-2022,
OPTSTK,ABFRL,30-Jun-2022,310.0,CE,0.0,0.0,0.0,27.85,19.75,0,0.0,0,0,18-APR-2022,
OPTSTK,ABFRL,30-Jun-2022,315.0,CE,0.0,0.0,0.0,25.8,17.95,0,0.0,0,0,18-APR-2022,
OPTSTK,ABFRL,30-Jun-2022,320.0,CE,0.0,0.0,0.0,23.9,16.3,0,0.0,0,0,18-APR-2022,
OPTSTK,ABFRL,30-Jun-2022,325.0,CE,0.0,0.0,0.0,22.1,14.8,0,0.0,0,0,18-APR-2022,
OPTSTK,ABFRL,30-Jun-2022,330.0,CE,0.0,0.0,0.0,20.4,13.4,0,0.0,0,0,18-APR-2022,
OPTSTK,ABFRL,30-Jun-2022,335.0,CE,0.0,0.0,0.0,18.8,12.1,0,0.0,0,0,18-APR-2022,
OPTSTK,ABFRL,30-Jun-2022,340.0,CE,0.0,0.0,0.0,17.35,10.95,0,0.0,0,0,18-APR-2022,
OPTSTK,ABFRL,30-Jun-2022,345.0,CE,0.0,0.0,0.0,15.95,9.85,0,0.0,0,0,18-APR-2022,
OPTSTK,ABFRL,30-Jun-2022,350.0,CE,0.0,0.0,0.0,14.7,8.9,0,0.0,0,0,18-APR-2022,
OPTSTK,ABFRL,30-Jun-2022,355.0,CE,0.0,0.0,0.0,13.5,8.0,0,0.0,0,0,18-APR-2022,
OPTSTK,ABFRL,30-Jun-2022,360.0,CE,0.0,0.0,0.0,12.4,7.15,0,0.0,0,0,18-APR-2022,
OPTSTK,ABFRL,30-Jun-2022,365.0,CE,0.0,0.0,0.0,11.35,6.4,0,0.0,0,0,18-APR-2022,
OPTSTK,ABFRL,30-Jun-2022,370.0,CE,0.0,0.0,0.0,10.4,5.75,0,0.0,0,0,18-APR-2022,
OPTSTK,ABFRL,30-Jun-2022,190.0,PE,0.0,0.0,0.0,0.65,0.45,0,0.0,0,0,18-APR-2022,
OPTSTK,ABFRL,30-Jun-2022,195.0,PE,0.0,0.0,0.0,0.85,0.6,0,0.0,0,0,18-APR-2022,
OPTSTK,ABFRL,30-Jun-2022,200.0,PE,0.0,0.0,0.0,1.15,0.8,0,0.0,0,0,18-APR-2022,
OPTSTK,ABFRL,30-Jun-2022,205.0,PE,0.0,0.0,0.0,1.45,1.05,0,0.0,0,0,18-APR-2022,
OPTSTK,ABFRL,30-Jun-2022,210.0,PE,0.0,0.0,0.0,1.8,1.4,0,0.0,0,0,18-APR-2022,
OPTSTK,ABFRL,30-Jun-2022,215.0,PE,0.0,0.0,0.0,2.25,1.8,0,0.0,0,0,18-APR-2022,
OPTSTK,ABFRL,30-Jun-2022,220.0,PE,0.0,0.0,0.0,2.8,2.3,0,0.0,0,0,18-APR-2022,
OPTSTK,ABFRL,30-Jun-2022,225.0,PE,0.0,0.0,0.0,3.45,2.9,0,0.0,0,0,18-APR-2022,
OPTSTK,ABFRL,30-Jun-2022,230.0,PE,0.0,0.0,0.0,4.15,3.55,0,0.0,0,0,18-APR-2022,
OPTSTK,ABFRL,30-Jun-2022,235.0,PE,0.0,0.0,0.0,4.95,4.35,0,0.0,0,0,18-APR-2022,
OPTSTK,ABFRL,30-Jun-2022,240.0,PE,0.0,0.0,0.0,5.9,5.3,0,0.0,0,0,18-APR-2022,
OPTSTK,ABFRL,30-Jun-2022,245.0,PE,0.0,0.0,0.0,6.95,6.35,0,0.0,0,0,18-APR-2022,
OPTSTK,ABFRL,30-Jun-2022,250.0,PE,0.0,0.0,0.0,8.1,7.55,0,0.0,0,0,18-APR-2022,
OPTSTK,ABFRL,30-Jun-2022,255.0,PE,0.0,0.0,0.0,9.4,8.9,0,0.0,0,0,18-APR-2022,
OPTSTK,ABFRL,30-Jun-2022,260.0,PE,0.0,0.0,0.0,10.8,10.4,0,0.0,0,0,18-APR-2022,
OPTSTK,ABFRL,30-Jun-2022,265.0,PE,0.0,0.0,0.0,12.4,12.0,0,0.0,0,0,18-APR-2022,
OPTSTK,ABFRL,30-Jun-2022,270.0,PE,0.0,0.0,0.0,14.05,13.8,0,0.0,0,0,18-APR-2022,
OPTSTK,ABFRL,30-Jun-2022,275.0,PE,0.0,0.0,0.0,15.9,15.8,0,0.0,0,0,18-APR-2022,
OPTSTK,ABFRL,30-Jun-2022,280.0,PE,0.0,0.0,0.0,17.85,17.9,0,0.0,0,0,18-APR-2022,
OPTSTK,ABFRL,30-Jun-2022,285.0,PE,0.0,0.0,0.0,19.95,20.2,0,0.0,0,0,18-APR-2022,
OPTSTK,ABFRL,30-Jun-2022,290.0,PE,0.0,0.0,0.0,22.2,22.65,0,0.0,0,0,18-APR-2022,
OPTSTK,ABFRL,30-Jun-2022,295.0,PE,0.0,0.0,0.0,24.55,25.25,0,0.0,0,0,18-APR-2022,
OPTSTK,ABFRL,30-Jun-2022,300.0,PE,0.0,0.0,0.0,27.1,28.0,0,0.0,0,0,18-APR-2022,
OPTSTK,ABFRL,30-Jun-2022,305.0,PE,0.0,0.0,0.0,29.75,30.9,0,0.0,0,0,18-APR-2022,
OPTSTK,ABFRL,30-Jun-2022,310.0,PE,0.0,0.0,0.0,32.5,33.9,0,0.0,0,0,18-APR-2022,
OPTSTK,ABFRL,30-Jun-2022,315.0,PE,0.0,0.0,0.0,35.4,37.1,0,0.0,0,0,18-APR-2022,
OPTSTK,ABFRL,30-Jun-2022,320.0,PE,0.0,0.0,0.0,38.45,40.4,0,0.0,0,0,18-APR-2022,
OPTSTK,ABFRL,30-Jun-2022,325.0,PE,0.0,0.0,0.0,41.55,43.85,0,0.0,0,0,18-APR-2022,
OPTSTK,ABFRL,30-Jun-2022,330.0,PE,0.0,0.0,0.0,44.8,47.4,0,0.0,0,0,18-APR-2022,
OPTSTK,ABFRL,30-Jun-2022,335.0,PE,0.0,0.0,0.0,48.2,51.1,0,0.0,0,0,18-APR-2022,
OPTSTK,ABFRL,30-Jun-2022,340.0,PE,0.0,0.0,0.0,51.65,54.85,0,0.0,0,0,18-APR-2022,
OPTSTK,ABFRL,30-Jun-2022,345.0,PE,0.0,0.0,0.0,55.2,58.75,0,0.0,0,0,18-APR-2022,
OPTSTK,ABFRL,30-Jun-2022,350.0,PE,0.0,0.0,0.0,58.9,62.75,0,0.0,0,0,18-APR-2022,
OPTSTK,ABFRL,30-Jun-2022,355.0,PE,0.0,0.0,0.0,62.65,66.8,0,0.0,0,0,18-APR-2022,
OPTSTK,ABFRL,30-Jun-2022,360.0,PE,0.0,0.0,0.0,66.5,70.9,0,0.0,0,0,18-APR-2022,
OPTSTK,ABFRL,30-Jun-2022,365.0,PE,0.0,0.0,0.0,70.45,75.15,0,0.0,0,0,18-APR-2022,
OPTSTK,ABFRL,30-Jun-2022,370.0,PE,0.0,0.0,0.0,74.45,79.4,0,0.0,0,0,18-APR-2022,
OPTSTK,ACC,28-Apr-2022,1560.0,CE,0.0,0.0,0.0,626.05,596.95,0,0.0,0,0,18-APR-2022,
OPTSTK,ACC,28-Apr-2022,1580.0,CE,0.0,0.0,0.0,606.75,576.95,0,0.0,0,0,18-APR-2022,
OPTSTK,ACC,28-Apr-2022,1600.0,CE,0.0,0.0,0.0,587.55,556.95,0,0.0,0,0,18-APR-2022,
OPTSTK,ACC,28-Apr-2022,1620.0,CE,0.0,0.0,0.0,568.5,537.0,0,0.0,0,0,18-APR-2022,
OPTSTK,ACC,28-Apr-2022,1640.0,CE,0.0,0.0,0.0,549.55,517.0,0,0.0,0,0,18-APR-2022,
OPTSTK,ACC,28-Apr-2022,1660.0,CE,0.0,0.0,0.0,530.7,497.05,0,0.0,0,0,18-APR-2022,
OPTSTK,ACC,28-Apr-2022,1680.0,CE,0.0,0.0,0.0,512.05,477.05,0,0.0,0,0,18-APR-2022,
OPTSTK,ACC,28-Apr-2022,1700.0,CE,0.0,0.0,0.0,493.6,457.1,0,0.0,0,0,18-APR-2022,
OPTSTK,ACC,28-Apr-2022,1720.0,CE,0.0,0.0,0.0,475.3,437.1,0,0.0,0,0,18-APR-2022,
OPTSTK,ACC,28-Apr-2022,1740.0,CE,0.0,0.0,0.0,457.25,417.15,0,0.0,0,0,18-APR-2022,
OPTSTK,ACC,28-Apr-2022,1760.0,CE,0.0,0.0,0.0,439.4,397.15,0,0.0,0,0,18-APR-2022,
OPTSTK,ACC,28-Apr-2022,1780.0,CE,0.0,0.0,0.0,421.8,377.2,0,0.0,0,0,18-APR-2022,
OPTSTK,ACC,28-Apr-2022,1800.0,CE,0.0,0.0,0.0,404.45,357.2,0,0.0,0,0,18-APR-2022,
OPTSTK,ACC,28-Apr-2022,1820.0,CE,0.0,0.0,0.0,387.45,337.25,0,0.0,0,0,18-APR-2022,
OPTSTK,ACC,28-Apr-2022,1840.0,CE,0.0,0.0,0.0,370.7,317.35,0,0.0,0,0,18-APR-2022,
OPTSTK,ACC,28-Apr-2022,1860.0,CE,0.0,0.0,0.0,354.3,297.45,0,0.0,0,0,18-APR-2022,
OPTSTK,ACC,28-Apr-2022,1880.0,CE,0.0,0.0,0.0,338.2,277.6,0,0.0,0,0,18-APR-2022,
OPTSTK,ACC,28-Apr-2022,1900.0,CE,0.0,0.0,0.0,322.5,257.85,0,0.0,0,0,18-APR-2022,
OPTSTK,ACC,28-Apr-2022,1920.0,CE,0.0,0.0,0.0,307.15,238.25,0,0.0,0,0,18-APR-2022,
OPTSTK,ACC,28-Apr-2022,1940.0,CE,0.0,0.0,0.0,292.25,218.8,0,0.0,0,0,18-APR-2022,
OPTSTK,ACC,28-Apr-2022,1960.0,CE,0.0,0.0,0.0,277.7,199.65,0,0.0,0,0,18-APR-2022,
OPTSTK,ACC,28-Apr-2022,1980.0,CE,0.0,0.0,0.0,263.5,180.9,0,0.0,0,0,18-APR-2022,
OPTSTK,ACC,28-Apr-2022,2000.0,CE,180.0,180.0,164.0,166.65,166.65,3,16.28,2250,500,18-APR-2022,
OPTSTK,ACC,28-Apr-2022,2020.0,CE,0.0,0.0,0.0,236.4,144.9,0,0.0,0,0,18-APR-2022,
OPTSTK,ACC,28-Apr-2022,2040.0,CE,0.0,0.0,0.0,223.55,127.9,0,0.0,0,0,18-APR-2022,
OPTSTK,ACC,28-Apr-2022,2060.0,CE,144.9,144.9,137.5,137.5,111.8,2,11.0,3000,0,18-APR-2022,
OPTSTK,ACC,28-Apr-2022,2080.0,CE,0.0,0.0,0.0,144.6,96.75,0,0.0,2250,0,18-APR-2022,
OPTSTK,ACC,28-Apr-2022,2100.0,CE,137.0,148.0,96.0,101.75,101.75,73,403.29,31500,-2000,18-APR-2022,
OPTSTK,ACC,28-Apr-2022,2120.0,CE,87.85,87.85,87.85,87.85,87.85,1,5.51,13500,250,18-APR-2022,
OPTSTK,ACC,28-Apr-2022,2140.0,CE,97.4,100.5,69.05,71.2,71.2,55,304.93,25750,1500,18-APR-2022,
OPTSTK,ACC,28-Apr-2022,2160.0,CE,84.1,87.4,59.05,63.3,63.3,294,1636.97,50250,4000,18-APR-2022,
OPTSTK,ACC,28-Apr-2022,2180.0,CE,86.1,108.45,49.95,54.1,54.1,464,2598.38,29000,8750,18-APR-2022,
OPTSTK,ACC,28-Apr-2022,2200.0,CE,73.65,97.7,42.1,45.1,45.1,2307,13011.78,177500,68750,18-APR-2022,
OPTSTK,ACC,28-Apr-2022,2220.0,CE,64.75,85.0,35.3,37.55,37.55,496,2811.86,37250,-5750,18-APR-2022,
OPTSTK,ACC,28-Apr-2022,2240.0,CE,64.95,64.95,29.9,31.6,31.6,515,2933.19,74000,14750,18-APR-2022,
OPTSTK,ACC,28-Apr-2022,2260.0,CE,56.6,67.7,24.75,25.8,25.8,492,2820.81,55000,-3000,18-APR-2022,
OPTSTK,ACC,28-Apr-2022,2280.0,CE,50.05,50.05,20.6,21.85,21.85,256,1476.7,42250,-5750,18-APR-2022,
OPTSTK,ACC,28-Apr-2022,2300.0,CE,30.05,48.0,17.3,18.1,18.1,1330,7725.47,253000,33750,18-APR-2022,
OPTSTK,ACC,28-Apr-2022,2320.0,CE,38.0,39.9,14.65,15.4,15.4,169,988.29,19250,-2500,18-APR-2022,
OPTSTK,ACC,28-Apr-2022,2340.0,CE,45.3,45.3,11.8,12.7,12.7,161,948.27,12750,-500,18-APR-2022,
OPTSTK,ACC,28-Apr-2022,2360.0,CE,21.0,21.0,10.2,10.65,10.65,215,1275.17,24250,5250,18-APR-2022,
OPTSTK,ACC,28-Apr-2022,2380.0,CE,17.4,17.4,8.3,9.1,9.1,28,167.36,8750,0,18-APR-2022,
OPTSTK,ACC,28-Apr-2022,2400.0,CE,14.55,17.0,7.0,7.75,7.75,542,3264.34,99250,-6500,18-APR-2022,
OPTSTK,ACC,28-Apr-2022,2420.0,CE,13.05,13.05,6.25,6.25,1.1,2,12.14,3500,250,18-APR-2022,
OPTSTK,ACC,28-Apr-2022,2440.0,CE,7.05,7.15,5.7,5.8,5.8,15,91.74,23000,750,18-APR-2022,
OPTSTK,ACC,28-Apr-2022,2460.0,CE,5.9,10.1,4.35,6.0,0.5,37,228.14,7250,-2250,18-APR-2022,
OPTSTK,ACC,28-Apr-2022,2480.0,CE,6.2,6.2,3.75,4.6,0.35,16,99.36,4750,-250,18-APR-2022,
OPTSTK,ACC,28-Apr-2022,2500.0,CE,8.0,9.65,3.1,3.85,3.85,705,4414.07,110000,5250,18-APR-2022,
OPTSTK,ACC,28-Apr-2022,2520.0,CE,4.0,4.0,4.0,4.0,0.15,3,18.93,2500,-250,18-APR-2022,
OPTSTK,ACC,28-Apr-2022,2540.0,CE,0.0,0.0,0.0,37.95,0.1,0,0.0,0,0,18-APR-2022,
OPTSTK,ACC,28-Apr-2022,2560.0,CE,0.0,0.0,0.0,34.85,0.05,0,0.0,0,0,18-APR-2022,
OPTSTK,ACC,28-Apr-2022,2580.0,CE,0.0,0.0,0.0,3.35,0.05,0,0.0,4750,0,18-APR-2022,
OPTSTK,ACC,28-Apr-2022,2600.0,CE,2.15,3.0,0.85,1.35,1.35,237,1541.32,127000,1000,18-APR-2022,
OPTSTK,ACC,28-Apr-2022,2620.0,CE,0.0,0.0,0.0,26.9,0.05,0,0.0,0,0,18-APR-2022,
OPTSTK,ACC,28-Apr-2022,2640.0,CE,0.0,0.0,0.0,24.6,0.05,0,0.0,0,0,18-APR-2022,
OPTSTK,ACC,28-Apr-2022,2660.0,CE,0.0,0.0,0.0,22.5,0.0,0,0.0,0,0,18-APR-2022,
OPTSTK,ACC,28-Apr-2022,2680.0,CE,0.0,0.0,0.0,20.55,0.0,0,0.0,0,0,18-APR-2022,
OPTSTK,ACC,28-Apr-2022,2700.0,CE,0.0,0.0,0.0,18.75,0.0,0,0.0,0,0,18-APR-2022,
OPTSTK,ACC,28-Apr-2022,2720.0,CE,0.0,0.0,0.0,17.1,0.0,0,0.0,0,0,18-APR-2022,
OPTSTK,ACC,28-Apr-2022,2740.0,CE,0.0,0.0,0.0,15.6,0.0,0,0.0,0,0,18-APR-2022,
OPTSTK,ACC,28-Apr-2022,2760.0,CE,0.0,0.0,0.0,14.2,0.0,0,0.0,0,0,18-APR-2022,
OPTSTK,ACC,28-Apr-2022,2780.0,CE,0.0,0.0,0.0,12.9,0.0,0,0.0,0,0,18-APR-2022,
OPTSTK,ACC,28-Apr-2022,2800.0,CE,0.0,0.0,0.0,11.75,0.0,0,0.0,0,0,18-APR-2022,
OPTSTK,ACC,28-Apr-2022,2820.0,CE,0.0,0.0,0.0,10.65,0.0,0,0.0,0,0,18-APR-2022,
OPTSTK,ACC,28-Apr-2022,2840.0,CE,0.0,0.0,0.0,9.7,0.0,0,0.0,0,0,18-APR-2022,
OPTSTK,ACC,28-Apr-2022,2860.0,CE,0.0,0.0,0.0,8.75,0.0,0,0.0,0,0,18-APR-2022,
OPTSTK,ACC,28-Apr-2022,2880.0,CE,0.0,0.0,0.0,7.95,0.0,0,0.0,0,0,18-APR-2022,
OPTSTK,ACC,28-Apr-2022,2900.0,CE,0.0,0.0,0.0,7.2,0.0,0,0.0,0,0,18-APR-2022,
OPTSTK,ACC,28-Apr-2022,2920.0,CE,0.0,0.0,0.0,6.5,0.0,0,0.0,0,0,18-APR-2022,
OPTSTK,ACC,28-Apr-2022,2940.0,CE,0.0,0.0,0.0,5.9,0.0,0,0.0,0,0,18-APR-2022,
OPTSTK,ACC,28-Apr-2022,2960.0,CE,0.4,0.4,0.4,0.4,0.0,12,88.81,5500,0,18-APR-2022,
OPTSTK,ACC,28-Apr-2022,1560.0,PE,0.0,0.0,0.0,2.1,0.0,0,0.0,0,0,18-APR-2022,
OPTSTK,ACC,28-Apr-2022,1580.0,PE,0.0,0.0,0.0,2.6,0.0,0,0.0,0,0,18-APR-2022,
OPTSTK,ACC,28-Apr-2022,1600.0,PE,0.0,0.0,0.0,3.2,0.0,0,0.0,0,0,18-APR-2022,
OPTSTK,ACC,28-Apr-2022,1620.0,PE,0.0,0.0,0.0,3.9,0.0,0,0.0,0,0,18-APR-2022,
OPTSTK,ACC,28-Apr-2022,1640.0,PE,0.0,0.0,0.0,4.75,0.0,0,0.0,0,0,18-APR-2022,
OPTSTK,ACC,28-Apr-2022,1660.0,PE,0.0,0.0,0.0,5.7,0.0,0,0.0,0,0,18-APR-2022,
OPTSTK,ACC,28-Apr-2022,1680.0,PE,0.0,0.0,0.0,6.85,0.0,0,0.0,0,0,18-APR-2022,
OPTSTK,ACC,28-Apr-2022,1700.0,PE,0.05,0.05,0.05,0.05,0.0,3,12.75,1000,0,18-APR-2022,
OPTSTK,ACC,28-Apr-2022,1720.0,PE,0.0,0.0,0.0,9.7,0.0,0,0.0,0,0,18-APR-2022,
OPTSTK,ACC,28-Apr-2022,1740.0,PE,0.0,0.0,0.0,11.4,0.0,0,0.0,0,0,18-APR-2022,
OPTSTK,ACC,28-Apr-2022,1760.0,PE,0.0,0.0,0.0,13.35,0.05,0,0.0,0,0,18-APR-2022,
OPTSTK,ACC,28-Apr-2022,1780.0,PE,0.0,0.0,0.0,15.55,0.05,0,0.0,0,0,18-APR-2022,
OPTSTK,ACC,28-Apr-2022,1800.0,PE,1.8,2.05,0.8,1.8,1.8,58,261.23,22500,8250,18-APR-2022,
OPTSTK,ACC,28-Apr-2022,1820.0,PE,0.0,0.0,0.0,20.8,0.05,0,0.0,0,0,18-APR-2022,
OPTSTK,ACC,28-Apr-2022,1840.0,PE,0.0,0.0,0.0,23.85,0.1,0,0.0,0,0,18-APR-2022,
OPTSTK,ACC,28-Apr-2022,1860.0,PE,0.0,0.0,0.0,27.2,0.2,0,0.0,0,0,18-APR-2022,
OPTSTK,ACC,28-Apr-2022,1880.0,PE,0.0,0.0,0.0,1.9,0.35,0,0.0,750,0,18-APR-2022,
OPTSTK,ACC,28-Apr-2022,1900.0,PE,3.9,5.9,2.8,5.25,5.25,664,3161.09,70000,33250,18-APR-2022,
OPTSTK,ACC,28-Apr-2022,1920.0,PE,0.0,0.0,0.0,3.9,0.9,0,0.0,1500,0,18-APR-2022,
OPTSTK,ACC,28-Apr-2022,1940.0,PE,0.0,0.0,0.0,2.85,1.5,0,0.0,1750,0,18-APR-2022,
OPTSTK,ACC,28-Apr-2022,1960.0,PE,0.0,0.0,0.0,5.4,2.3,0,0.0,7500,0,18-APR-2022,
OPTSTK,ACC,28-Apr-2022,1980.0,PE,0.0,0.0,0.0,5.75,3.5,0,0.0,4500,0,18-APR-2022,
OPTSTK,ACC,28-Apr-2022,2000.0,PE,9.0,16.7,8.8,15.3,15.3,770,3875.45,96250,7250,18-APR-2022,
OPTSTK,ACC,28-Apr-2022,2020.0,PE,17.55,19.05,14.3,19.05,19.05,13,66.2,5500,-1750,18-APR-2022,
OPTSTK,ACC,28-Apr-2022,2040.0,PE,16.0,24.0,16.0,22.15,22.15,21,108.09,5750,3250,18-APR-2022,
OPTSTK,ACC,28-Apr-2022,2060.0,PE,19.6,28.9,18.35,27.6,27.6,168,875.01,25500,5750,18-APR-2022,
OPTSTK,ACC,28-Apr-2022,2080.0,PE,22.0,34.3,22.0,32.1,32.1,174,916.78,24250,16000,18-APR-2022,
OPTSTK,ACC,28-Apr-2022,2100.0,PE,19.0,41.45,16.0,38.8,38.8,858,4577.07,124500,19000,18-APR-2022,
OPTSTK,ACC,28-Apr-2022,2120.0,PE,44.1,48.15,34.95,45.8,45.8,98,529.6,26750,-4750,18-APR-2022,
OPTSTK,ACC,28-Apr-2022,2140.0,PE,35.95,56.6,35.0,54.2,54.2,293,1603.37,26250,-2000,18-APR-2022,
OPTSTK,ACC,28-Apr-2022,2160.0,PE,43.5,66.5,43.2,63.75,63.75,375,2077.86,23250,8500,18-APR-2022,
OPTSTK,ACC,28-Apr-2022,2180.0,PE,41.25,76.25,34.0,73.2,73.2,393,2204.56,26250,11750,18-APR-2022,
OPTSTK,ACC,28-Apr-2022,2200.0,PE,53.1,89.3,41.9,85.65,85.65,535,3038.07,54000,-4000,18-APR-2022,
OPTSTK,ACC,28-Apr-2022,2220.0,PE,68.3,97.0,60.0,95.55,95.55,100,575.38,10250,-2250,18-APR-2022,
OPTSTK,ACC,28-Apr-2022,2240.0,PE,143.4,143.4,107.15,111.6,111.6,9,52.97,9500,-500,18-APR-2022,
OPTSTK,ACC,28-Apr-2022,2260.0,PE,98.0,129.6,98.0,116.95,117.25,7,41.48,12000,-250,18-APR-2022,
OPTSTK,ACC,28-Apr-2022,2280.0,PE,87.4,137.15,87.4,137.15,133.65,3,17.98,1250,-250,18-APR-2022,
OPTSTK,ACC,28-Apr-2022,2300.0,PE,103.75,159.0,103.75,152.0,150.75,49,300.2,21000,3500,18-APR-2022,
OPTSTK,ACC,28-Apr-2022,2320.0,PE,114.25,174.25,114.25,174.25,168.5,8,49.55,1500,-250,18-APR-2022,
OPTSTK,ACC,28-Apr-2022,2340.0,PE,124.7,124.7,124.7,124.7,186.8,1,6.16,750,0,18-APR-2022,
OPTSTK,ACC,28-Apr-2022,2360.0,PE,181.65,200.5,181.55,181.55,205.5,3,19.1,1250,500,18-APR-2022,
OPTSTK,ACC,28-Apr-2022,2380.0,PE,0.0,0.0,0.0,259.6,224.5,0,0.0,0,0,18-APR-2022,
OPTSTK,ACC,28-Apr-2022,2400.0,PE,0.0,0.0,0.0,189.45,243.75,0,0.0,750,0,18-APR-2022,
OPTSTK,ACC,28-Apr-2022,2420.0,PE,0.0,0.0,0.0,288.95,263.25,0,0.0,0,0,18-APR-2022,
OPTSTK,ACC,28-Apr-2022,2440.0,PE,0.0,0.0,0.0,304.1,282.85,0,0.0,0,0,18-APR-2022,
OPTSTK,ACC,28-Apr-2022,2460.0,PE,0.0,0.0,0.0,319.5,302.6,0,0.0,0,0,18-APR-2022,
OPTSTK,ACC,28-Apr-2022,2480.0,PE,0.0,0.0,0.0,335.15,322.4,0,0.0,0,0,18-APR-2022,
OPTSTK,ACC,28-Apr-2022,2500.0,PE,0.0,0.0,0.0,351.1,342.25,0,0.0,0,0,18-APR-2022,
OPTSTK,ACC,28-Apr-2022,2520.0,PE,0.0,0.0,0.0,367.35,362.15,0,0.0,0,0,18-APR-2022,
OPTSTK,ACC,28-Apr-2022,2540.0,PE,0.0,0.0,0.0,383.8,382.1,0,0.0,0,0,18-APR-2022,
OPTSTK,ACC,28-Apr-2022,2560.0,PE,0.0,0.0,0.0,400.5,402.05,0,0.0,0,0,18-APR-2022,
OPTSTK,ACC,28-Apr-2022,2580.0,PE,0.0,0.0,0.0,417.45,422.0,0,0.0,0,0,18-APR-2022,
OPTSTK,ACC,28-Apr-2022,2600.0,PE,0.0,0.0,0.0,434.55,441.95,0,0.0,0,0,18-APR-2022,
OPTSTK,ACC,28-Apr-2022,2620.0,PE,0.0,0.0,0.0,451.9,461.95,0,0.0,0,0,18-APR-2022,
OPTSTK,ACC,28-Apr-2022,2640.0,PE,0.0,0.0,0.0,469.4,481.9,0,0.0,0,0,18-APR-2022,
OPTSTK,ACC,28-Apr-2022,2660.0,PE,0.0,0.0,0.0,487.1,501.9,0,0.0,0,0,18-APR-2022,
OPTSTK,ACC,28-Apr-2022,2680.0,PE,0.0,0.0,0.0,504.95,521.85,0,0.0,0,0,18-APR-2022,
OPTSTK,ACC,28-Apr-2022,2700.0,PE,0.0,0.0,0.0,522.95,541.85,0,0.0,0,0,18-APR-2022,
OPTSTK,ACC,28-Apr-2022,2720.0,PE,0.0,0.0,0.0,541.1,561.8,0,0.0,0,0,18-APR-2022,
OPTSTK,ACC,28-Apr-2022,2740.0,PE,0.0,0.0,0.0,559.35,581.8,0,0.0,0,0,18-APR-2022,
OPTSTK,ACC,28-Apr-2022,2760.0,PE,0.0,0.0,0.0,577.75,601.75,0,0.0,0,0,18-APR-2022,
OPTSTK,ACC,28-Apr-2022,2780.0,PE,0.0,0.0,0.0,596.25,621.75,0,0.0,0,0,18-APR-2022,
OPTSTK,ACC,28-Apr-2022,2800.0,PE,0.0,0.0,0.0,614.85,641.7,0,0.0,0,0,18-APR-2022,
OPTSTK,ACC,28-Apr-2022,2820.0,PE,0.0,0.0,0.0,633.6,661.7,0,0.0,0,0,18-APR-2022,
OPTSTK,ACC,28-Apr-2022,2840.0,PE,0.0,0.0,0.0,652.4,681.65,0,0.0,0,0,18-APR-2022,
OPTSTK,ACC,28-Apr-2022,2860.0,PE,0.0,0.0,0.0,671.3,701.65,0,0.0,0,0,18-APR-2022,
OPTSTK,ACC,28-Apr-2022,2880.0,PE,0.0,0.0,0.0,690.25,721.65,0,0.0,0,0,18-APR-2022,
OPTSTK,ACC,28-Apr-2022,2900.0,PE,0.0,0.0,0.0,709.3,741.6,0,0.0,0,0,18-APR-2022,
OPTSTK,ACC,28-Apr-2022,2920.0,PE,0.0,0.0,0.0,728.4,761.6,0,0.0,0,0,18-APR-2022,
OPTSTK,ACC,28-Apr-2022,2940.0,PE,0.0,0.0,0.0,747.55,781.55,0,0.0,0,0,18-APR-2022,
OPTSTK,ACC,28-Apr-2022,2960.0,PE,0.0,0.0,0.0,766.8,801.55,0,0.0,0,0,18-APR-2022,
OPTSTK,ACC,26-May-2022,1560.0,CE,0.0,0.0,0.0,476.9,602.15,0,0.0,0,0,18-APR-2022,
OPTSTK,ACC,26-May-2022,1580.0,CE,0.0,0.0,0.0,458.45,582.3,0,0.0,0,0,18-APR-2022,
OPTSTK,ACC,26-May-2022,1600.0,CE,0.0,0.0,0.0,440.2,562.45,0,0.0,0,0,18-APR-2022,
OPTSTK,ACC,26-May-2022,1620.0,CE,0.0,0.0,0.0,422.2,542.65,0,0.0,0,0,18-APR-2022,
OPTSTK,ACC,26-May-2022,1640.0,CE,0.0,0.0,0.0,404.45,522.85,0,0.0,0,0,18-APR-2022,
OPTSTK,ACC,26-May-2022,1660.0,CE,0.0,0.0,0.0,387.0,503.1,0,0.0,0,0,18-APR-2022,
OPTSTK,ACC,26-May-2022,1680.0,CE,0.0,0.0,0.0,369.8,483.45,0,0.0,0,0,18-APR-2022,
OPTSTK,ACC,26-May-2022,1700.0,CE,0.0,0.0,0.0,352.95,463.85,0,0.0,0,0,18-APR-2022,
OPTSTK,ACC,26-May-2022,1720.0,CE,0.0,0.0,0.0,336.45,444.3,0,0.0,0,0,18-APR-2022,
OPTSTK,ACC,26-May-2022,1740.0,CE,0.0,0.0,0.0,320.25,424.9,0,0.0,0,0,18-APR-2022,
OPTSTK,ACC,26-May-2022,1760.0,CE,0.0,0.0,0.0,304.45,405.65,0,0.0,0,0,18-APR-2022,
OPTSTK,ACC,26-May-2022,1780.0,CE,0.0,0.0,0.0,289.05,386.55,0,0.0,0,0,18-APR-2022,
OPTSTK,ACC,26-May-2022,1800.0,CE,0.0,0.0,0.0,274.1,367.65,0,0.0,0,0,18-APR-2022,
OPTSTK,ACC,26-May-2022,1820.0,CE,0.0,0.0,0.0,259.6,348.95,0,0.0,0,0,18-APR-2022,
OPTSTK,ACC,26-May-2022,1840.0,CE,0.0,0.0,0.0,245.45,330.5,0,0.0,0,0,18-APR-2022,
OPTSTK,ACC,26-May-2022,1860.0,CE,0.0,0.0,0.0,231.7,312.35,0,0.0,0,0,18-APR-2022,
OPTSTK,ACC,26-May-2022,1880.0,CE,0.0,0.0,0.0,218.5,294.55,0,0.0,0,0,18-APR-2022,
OPTSTK,ACC,26-May-2022,1900.0,CE,0.0,0.0,0.0,205.75,277.1,0,0.0,0,0,18-APR-2022,
OPTSTK,ACC,26-May-2022,1920.0,CE,0.0,0.0,0.0,193.5,260.05,0,0.0,0,0,18-APR-2022,
OPTSTK,ACC,26-May-2022,1940.0,CE,0.0,0.0,0.0,181.75,243.4,0,0.0,0,0,18-APR-2022,
OPTSTK,ACC,26-May-2022,1960.0,CE,0.0,0.0,0.0,170.45,227.3,0,0.0,0,0,18-APR-2022,
OPTSTK,ACC,26-May-2022,1980.0,CE,0.0,0.0,0.0,159.65,211.65,0,0.0,0,0,18-APR-2022,
OPTSTK,ACC,26-May-2022,2000.0,CE,0.0,0.0,0.0,149.3,196.65,0,0.0,0,0,18-APR-2022,
OPTSTK,ACC,26-May-2022,2020.0,CE,0.0,0.0,0.0,139.45,182.1,0,0.0,0,0,18-APR-2022,
OPTSTK,ACC,26-May-2022,2040.0,CE,0.0,0.0,0.0,130.1,168.1,0,0.0,0,0,18-APR-2022,
OPTSTK,ACC,26-May-2022,2060.0,CE,0.0,0.0,0.0,121.2,154.85,0,0.0,0,0,18-APR-2022,
OPTSTK,ACC,26-May-2022,2080.0,CE,0.0,0.0,0.0,112.75,142.2,0,0.0,0,0,18-APR-2022,
OPTSTK,ACC,26-May-2022,2100.0,CE,155.0,155.0,150.0,150.0,130.2,3,16.88,1250,0,18-APR-2022,
OPTSTK,ACC,26-May-2022,2120.0,CE,0.0,0.0,0.0,97.2,118.9,0,0.0,0,0,18-APR-2022,
OPTSTK,ACC,26-May-2022,2140.0,CE,0.0,0.0,0.0,90.1,108.2,0,0.0,0,0,18-APR-2022,
OPTSTK,ACC,26-May-2022,2160.0,CE,0.0,0.0,0.0,83.35,98.2,0,0.0,0,0,18-APR-2022,
OPTSTK,ACC,26-May-2022,2180.0,CE,0.0,0.0,0.0,77.05,88.85,0,0.0,0,0,18-APR-2022,
OPTSTK,ACC,26-May-2022,2200.0,CE,149.55,149.55,95.5,98.0,98.0,21,120.97,4500,2750,18-APR-2022,
OPTSTK,ACC,26-May-2022,2220.0,CE,0.0,0.0,0.0,65.6,72.1,0,0.0,0,0,18-APR-2022,
OPTSTK,ACC,26-May-2022,2240.0,CE,0.0,0.0,0.0,60.5,64.7,0,0.0,0,0,18-APR-2022,
OPTSTK,ACC,26-May-2022,2260.0,CE,0.0,0.0,0.0,82.85,57.85,0,0.0,250,0,18-APR-2022,
OPTSTK,ACC,26-May-2022,2280.0,CE,0.0,0.0,0.0,51.2,51.55,0,0.0,0,0,18-APR-2022,
OPTSTK,ACC,26-May-2022,2300.0,CE,0.0,0.0,0.0,60.05,45.85,0,0.0,1500,0,18-APR-2022,
OPTSTK,ACC,26-May-2022,2320.0,CE,0.0,0.0,0.0,43.0,40.7,0,0.0,0,0,18-APR-2022,
OPTSTK,ACC,26-May-2022,2340.0,CE,0.0,0.0,0.0,30.0,36.0,0,0.0,500,0,18-APR-2022,
OPTSTK,ACC,26-May-2022,2360.0,CE,0.0,0.0,0.0,36.0,31.65,0,0.0,0,0,18-APR-2022,
OPTSTK,ACC,26-May-2022,2380.0,CE,0.0,0.0,0.0,32.9,27.85,0,0.0,0,0,18-APR-2022,
OPTSTK,ACC,26-May-2022,2400.0,CE,30.05,40.0,30.05,40.0,24.4,2,12.17,500,500,18-APR-2022,
OPTSTK,ACC,26-May-2022,2420.0,CE,0.0,0.0,0.0,27.4,21.3,0,0.0,0,0,18-APR-2022,
OPTSTK,ACC,26-May-2022,2440.0,CE,0.0,0.0,0.0,24.95,18.55,0,0.0,0,0,18-APR-2022,
OPTSTK,ACC,26-May-2022,2460.0,CE,0.0,0.0,0.0,22.7,16.15,0,0.0,0,0,18-APR-2022,
OPTSTK,ACC,26-May-2022,2480.0,CE,0.0,0.0,0.0,20.6,14.0,0,0.0,0,0,18-APR-2022,
OPTSTK,ACC,26-May-2022,2500.0,CE,0.0,0.0,0.0,26.0,12.1,0,0.0,3000,0,18-APR-2022,
OPTSTK,ACC,26-May-2022,2520.0,CE,0.0,0.0,0.0,17.0,10.4,0,0.0,0,0,18-APR-2022,
OPTSTK,ACC,26-May-2022,2540.0,CE,0.0,0.0,0.0,15.4,8.95,0,0.0,0,0,18-APR-2022,
OPTSTK,ACC,26-May-2022,2560.0,CE,0.0,0.0,0.0,13.95,7.65,0,0.0,0,0,18-APR-2022,
OPTSTK,ACC,26-May-2022,2580.0,CE,0.0,0.0,0.0,12.6,6.55,0,0.0,0,0,18-APR-2022,
OPTSTK,ACC,26-May-2022,2600.0,CE,0.0,0.0,0.0,11.4,5.6,0,0.0,0,0,18-APR-2022,
OPTSTK,ACC,26-May-2022,2620.0,CE,0.0,0.0,0.0,10.3,4.75,0,0.0,0,0,18-APR-2022,
OPTSTK,ACC,26-May-2022,2640.0,CE,0.0,0.0,0.0,9.25,4.05,0,0.0,0,0,18-APR-2022,
OPTSTK,ACC,26-May-2022,2660.0,CE,0.0,0.0,0.0,8.35,3.4,0,0.0,0,0,18-APR-2022,
OPTSTK,ACC,26-May-2022,2680.0,CE,0.0,0.0,0.0,7.5,2.9,0,0.0,0,0,18-APR-2022,
OPTSTK,ACC,26-May-2022,2700.0,CE,0.0,0.0,0.0,1.0,2.45,0,0.0,0,0,18-APR-2022,
OPTSTK,ACC,26-May-2022,2720.0,CE,0.0,0.0,0.0,6.1,2.05,0,0.0,0,0,18-APR-2022,
OPTSTK,ACC,26-May-2022,2740.0,CE,0.0,0.0,0.0,5.45,1.7,0,0.0,0,0,18-APR-2022,
OPTSTK,ACC,26-May-2022,2760.0,CE,0.0,0.0,0.0,4.9,1.45,0,0.0,0,0,18-APR-2022,
OPTSTK,ACC,26-May-2022,2780.0,CE,0.0,0.0,0.0,4.4,1.2,0,0.0,0,0,18-APR-2022,
OPTSTK,ACC,26-May-2022,2800.0,CE,0.0,0.0,0.0,3.95,1.0,0,0.0,0,0,18-APR-2022,
OPTSTK,ACC,26-May-2022,2820.0,CE,0.0,0.0,0.0,3.55,0.85,0,0.0,0,0,18-APR-2022,
OPTSTK,ACC,26-May-2022,1560.0,PE,0.0,0.0,0.0,6.55,0.1,0,0.0,0,0,18-APR-2022,
OPTSTK,ACC,26-May-2022,1580.0,PE,0.0,0.0,0.0,7.9,0.15,0,0.0,0,0,18-APR-2022,
OPTSTK,ACC,26-May-2022,1600.0,PE,0.0,0.0,0.0,9.45,0.25,0,0.0,0,0,18-APR-2022,
OPTSTK,ACC,26-May-2022,1620.0,PE,0.0,0.0,0.0,11.25,0.35,0,0.0,0,0,18-APR-2022,
OPTSTK,ACC,26-May-2022,1640.0,PE,0.0,0.0,0.0,13.3,0.45,0,0.0,0,0,18-APR-2022,
OPTSTK,ACC,26-May-2022,1660.0,PE,0.0,0.0,0.0,15.6,0.65,0,0.0,0,0,18-APR-2022,
OPTSTK,ACC,26-May-2022,1680.0,PE,0.0,0.0,0.0,18.25,0.85,0,0.0,0,0,18-APR-2022,
OPTSTK,ACC,26-May-2022,1700.0,PE,0.0,0.0,0.0,21.15,1.2,0,0.0,0,0,18-APR-2022,
OPTSTK,ACC,26-May-2022,1720.0,PE,0.0,0.0,0.0,24.45,1.6,0,0.0,0,0,18-APR-2022,
OPTSTK,ACC,26-May-2022,1740.0,PE,0.0,0.0,0.0,28.05,2.1,0,0.0,0,0,18-APR-2022,
OPTSTK,ACC,26-May-2022,1760.0,PE,0.0,0.0,0.0,32.05,2.75,0,0.0,0,0,18-APR-2022,
OPTSTK,ACC,26-May-2022,1780.0,PE,0.0,0.0,0.0,36.45,3.55,0,0.0,0,0,18-APR-2022,
OPTSTK,ACC,26-May-2022,1800.0,PE,0.0,0.0,0.0,15.0,4.55,0,0.0,750,0,18-APR-2022,
OPTSTK,ACC,26-May-2022,1820.0,PE,0.0,0.0,0.0,46.55,5.75,0,0.0,0,0,18-APR-2022,
OPTSTK,ACC,26-May-2022,1840.0,PE,0.0,0.0,0.0,52.2,7.25,0,0.0,0,0,18-APR-2022,
OPTSTK,ACC,26-May-2022,1860.0,PE,0.0,0.0,0.0,58.25,9.0,0,0.0,0,0,18-APR-2022,
OPTSTK,ACC,26-May-2022,1880.0,PE,0.0,0.0,0.0,64.8,11.1,0,0.0,0,0,18-APR-2022,
OPTSTK,ACC,26-May-2022,1900.0,PE,15.0,19.0,15.0,19.0,13.55,2,9.58,1750,250,18-APR-2022,
OPTSTK,ACC,26-May-2022,1920.0,PE,0.0,0.0,0.0,79.4,16.4,0,0.0,0,0,18-APR-2022,
OPTSTK,ACC,26-May-2022,1940.0,PE,0.0,0.0,0.0,87.45,19.7,0,0.0,0,0,18-APR-2022,
OPTSTK,ACC,26-May-2022,1960.0,PE,0.0,0.0,0.0,95.95,23.5,0,0.0,0,0,18-APR-2022,
OPTSTK,ACC,26-May-2022,1980.0,PE,0.0,0.0,0.0,104.9,27.75,0,0.0,0,0,18-APR-2022,
OPTSTK,ACC,26-May-2022,2000.0,PE,40.0,40.0,40.0,40.0,40.0,2,10.2,1000,250,18-APR-2022,
OPTSTK,ACC,26-May-2022,2020.0,PE,0.0,0.0,0.0,124.35,38.05,0,0.0,0,0,18-APR-2022,
OPTSTK,ACC,26-May-2022,2040.0,PE,0.0,0.0,0.0,134.75,43.95,0,0.0,0,0,18-APR-2022,
OPTSTK,ACC,26-May-2022,2060.0,PE,0.0,0.0,0.0,145.65,50.6,0,0.0,0,0,18-APR-2022,
OPTSTK,ACC,26-May-2022,2080.0,PE,0.0,0.0,0.0,157.0,57.85,0,0.0,0,0,18-APR-2022,
OPTSTK,ACC,26-May-2022,2100.0,PE,70.0,70.0,70.0,70.0,65.8,1,5.42,2000,0,18-APR-2022,
OPTSTK,ACC,26-May-2022,2120.0,PE,0.0,0.0,0.0,181.0,74.35,0,0.0,0,0,18-APR-2022,
OPTSTK,ACC,26-May-2022,2140.0,PE,0.0,0.0,0.0,193.7,83.6,0,0.0,0,0,18-APR-2022,
OPTSTK,ACC,26-May-2022,2160.0,PE,0.0,0.0,0.0,206.75,93.55,0,0.0,0,0,18-APR-2022,
OPTSTK,ACC,26-May-2022,2180.0,PE,0.0,0.0,0.0,220.25,104.1,0,0.0,0,0,18-APR-2022,
OPTSTK,ACC,26-May-2022,2200.0,PE,110.0,121.15,110.0,121.15,115.3,3,17.35,1000,750,18-APR-2022,
OPTSTK,ACC,26-May-2022,2220.0,PE,0.0,0.0,0.0,248.35,127.15,0,0.0,0,0,18-APR-2022,
OPTSTK,ACC,26-May-2022,2240.0,PE,0.0,0.0,0.0,263.05,139.65,0,0.0,0,0,18-APR-2022,
OPTSTK,ACC,26-May-2022,2260.0,PE,0.0,0.0,0.0,278.0,152.7,0,0.0,0,0,18-APR-2022,
OPTSTK,ACC,26-May-2022,2280.0,PE,0.0,0.0,0.0,293.3,166.35,0,0.0,0,0,18-APR-2022,
OPTSTK,ACC,26-May-2022,2300.0,PE,0.0,0.0,0.0,308.9,180.5,0,0.0,0,0,18-APR-2022,
OPTSTK,ACC,26-May-2022,2320.0,PE,0.0,0.0,0.0,324.7,195.3,0,0.0,0,0,18-APR-2022,
OPTSTK,ACC,26-May-2022,2340.0,PE,0.0,0.0,0.0,340.9,210.55,0,0.0,0,0,18-APR-2022,
OPTSTK,ACC,26-May-2022,2360.0,PE,0.0,0.0,0.0,357.3,226.1,0,0.0,0,0,18-APR-2022,
OPTSTK,ACC,26-May-2022,2380.0,PE,0.0,0.0,0.0,374.0,242.15,0,0.0,0,0,18-APR-2022,
OPTSTK,ACC,26-May-2022,2400.0,PE,0.0,0.0,0.0,390.9,258.65,0,0.0,0,0,18-APR-2022,
OPTSTK,ACC,26-May-2022,2420.0,PE,0.0,0.0,0.0,408.05,275.45,0,0.0,0,0,18-APR-2022,
OPTSTK,ACC,26-May-2022,2440.0,PE,0.0,0.0,0.0,425.4,292.65,0,0.0,0,0,18-APR-2022,
OPTSTK,ACC,26-May-2022,2460.0,PE,0.0,0.0,0.0,442.95,310.1,0,0.0,0,0,18-APR-2022,
OPTSTK,ACC,26-May-2022,2480.0,PE,0.0,0.0,0.0,460.65,327.9,0,0.0,0,0,18-APR-2022,
OPTSTK,ACC,26-May-2022,2500.0,PE,0.0,0.0,0.0,478.55,345.9,0,0.0,0,0,18-APR-2022,
OPTSTK,ACC,26-May-2022,2520.0,PE,0.0,0.0,0.0,496.6,364.15,0,0.0,0,0,18-APR-2022,
OPTSTK,ACC,26-May-2022,2540.0,PE,0.0,0.0,0.0,514.8,382.6,0,0.0,0,0,18-APR-2022,
OPTSTK,ACC,26-May-2022,2560.0,PE,0.0,0.0,0.0,533.15,401.2,0,0.0,0,0,18-APR-2022,
OPTSTK,ACC,26-May-2022,2580.0,PE,0.0,0.0,0.0,551.6,420.0,0,0.0,0,0,18-APR-2022,
OPTSTK,ACC,26-May-2022,2600.0,PE,0.0,0.0,0.0,570.15,438.95,0,0.0,0,0,18-APR-2022,
OPTSTK,ACC,26-May-2022,2620.0,PE,0.0,0.0,0.0,588.85,458.05,0,0.0,0,0,18-APR-2022,
OPTSTK,ACC,26-May-2022,2640.0,PE,0.0,0.0,0.0,607.65,477.25,0,0.0,0,0,18-APR-2022,
OPTSTK,ACC,26-May-2022,2660.0,PE,0.0,0.0,0.0,626.5,496.55,0,0.0,0,0,18-APR-2022,
OPTSTK,ACC,26-May-2022,2680.0,PE,0.0,0.0,0.0,645.5,515.9,0,0.0,0,0,18-APR-2022,
OPTSTK,ACC,26-May-2022,2700.0,PE,0.0,0.0,0.0,664.5,535.35,0,0.0,0,0,18-APR-2022,
OPTSTK,ACC,26-May-2022,2720.0,PE,0.0,0.0,0.0,683.6,554.9,0,0.0,0,0,18-APR-2022,
OPTSTK,ACC,26-May-2022,2740.0,PE,0.0,0.0,0.0,702.8,574.5,0,0.0,0,0,18-APR-2022,
OPTSTK,ACC,26-May-2022,2760.0,PE,0.0,0.0,0.0,722.0,594.1,0,0.0,0,0,18-APR-2022,
OPTSTK,ACC,26-May-2022,2780.0,PE,0.0,0.0,0.0,741.3,613.8,0,0.0,0,0,18-APR-2022,
OPTSTK,ACC,26-May-2022,2800.0,PE,0.0,0.0,0.0,760.65,633.5,0,0.0,0,0,18-APR-2022,
OPTSTK,ACC,26-May-2022,2820.0,PE,0.0,0.0,0.0,780.0,653.25,0,0.0,0,0,18-APR-2022,
OPTSTK,ACC,30-Jun-2022,1560.0,CE,0.0,0.0,0.0,611.2,610.0,0,0.0,0,0,18-APR-2022,
OPTSTK,ACC,30-Jun-2022,1580.0,CE,0.0,0.0,0.0,592.15,590.6,0,0.0,0,0,18-APR-2022,
OPTSTK,ACC,30-Jun-2022,1600.0,CE,0.0,0.0,0.0,573.25,571.3,0,0.0,0,0,18-APR-2022,
OPTSTK,ACC,30-Jun-2022,1620.0,CE,0.0,0.0,0.0,554.45,552.1,0,0.0,0,0,18-APR-2022,
OPTSTK,ACC,30-Jun-2022,1640.0,CE,0.0,0.0,0.0,535.8,533.0,0,0.0,0,0,18-APR-2022,
OPTSTK,ACC,30-Jun-2022,1660.0,CE,0.0,0.0,0.0,517.35,514.05,0,0.0,0,0,18-APR-2022,
OPTSTK,ACC,30-Jun-2022,1680.0,CE,0.0,0.0,0.0,499.1,495.25,0,0.0,0,0,18-APR-2022,
OPTSTK,ACC,30-Jun-2022,1700.0,CE,0.0,0.0,0.0,481.0,476.65,0,0.0,0,0,18-APR-2022,
OPTSTK,ACC,30-Jun-2022,1720.0,CE,0.0,0.0,0.0,463.15,458.2,0,0.0,0,0,18-APR-2022,
OPTSTK,ACC,30-Jun-2022,1740.0,CE,0.0,0.0,0.0,445.55,440.0,0,0.0,0,0,18-APR-2022,
OPTSTK,ACC,30-Jun-2022,1760.0,CE,0.0,0.0,0.0,428.2,422.0,0,0.0,0,0,18-APR-2022,
OPTSTK,ACC,30-Jun-2022,1780.0,CE,0.0,0.0,0.0,411.1,404.25,0,0.0,0,0,18-APR-2022,
OPTSTK,ACC,30-Jun-2022,1800.0,CE,0.0,0.0,0.0,394.3,386.8,0,0.0,0,0,18-APR-2022,
OPTSTK,ACC,30-Jun-2022,1820.0,CE,0.0,0.0,0.0,377.85,369.65,0,0.0,0,0,18-APR-2022,
OPTSTK,ACC,30-Jun-2022,1840.0,CE,0.0,0.0,0.0,361.65,352.8,0,0.0,0,0,18-APR-2022,
OPTSTK,ACC,30-Jun-2022,1860.0,CE,0.0,0.0,0.0,345.85,336.3,0,0.0,0,0,18-APR-2022,
OPTSTK,ACC,30-Jun-2022,1880.0,CE,0.0,0.0,0.0,330.35,320.15,0,0.0,0,0,18-APR-2022,
OPTSTK,ACC,30-Jun-2022,1900.0,CE,0.0,0.0,0.0,315.25,304.4,0,0.0,0,0,18-APR-2022,
OPTSTK,ACC,30-Jun-2022,1920.0,CE,0.0,0.0,0.0,300.55,289.0,0,0.0,0,0,18-APR-2022,
OPTSTK,ACC,30-Jun-2022,1940.0,CE,0.0,0.0,0.0,286.2,274.1,0,0.0,0,0,18-APR-2022,
OPTSTK,ACC,30-Jun-2022,1960.0,CE,0.0,0.0,0.0,272.25,259.5,0,0.0,0,0,18-APR-2022,
OPTSTK,ACC,30-Jun-2022,1980.0,CE,0.0,0.0,0.0,258.6,245.4,0,0.0,0,0,18-APR-2022,
OPTSTK,ACC,30-Jun-2022,2000.0,CE,0.0,0.0,0.0,245.45,231.65,0,0.0,0,0,18-APR-2022,
OPTSTK,ACC,30-Jun-2022,2020.0,CE,0.0,0.0,0.0,232.75,218.45,0,0.0,0,0,18-APR-2022,
OPTSTK,ACC,30-Jun-2022,2040.0,CE,0.0,0.0,0.0,220.45,205.7,0,0.0,0,0,18-APR-2022,
OPTSTK,ACC,30-Jun-2022,2060.0,CE,0.0,0.0,0.0,208.6,193.45,0,0.0,0,0,18-APR-2022,
OPTSTK,ACC,30-Jun-2022,2080.0,CE,0.0,0.0,0.0,197.2,181.65,0,0.0,0,0,18-APR-2022,
OPTSTK,ACC,30-Jun-2022,2100.0,CE,0.0,0.0,0.0,186.2,170.35,0,0.0,0,0,18-APR-2022,
OPTSTK,ACC,30-Jun-2022,2120.0,CE,0.0,0.0,0.0,175.6,159.55,0,0.0,0,0,18-APR-2022,
OPTSTK,ACC,30-Jun-2022,2140.0,CE,0.0,0.0,0.0,165.45,149.2,0,0.0,0,0,18-APR-2022,
OPTSTK,ACC,30-Jun-2022,2160.0,CE,0.0,0.0,0.0,155.75,139.35,0,0.0,0,0,18-APR-2022,
OPTSTK,ACC,30-Jun-2022,2180.0,CE,0.0,0.0,0.0,146.45,129.95,0,0.0,0,0,18-APR-2022,
OPTSTK,ACC,30-Jun-2022,2200.0,CE,0.0,0.0,0.0,137.55,121.0,0,0.0,0,0,18-APR-2022,
OPTSTK,ACC,30-Jun-2022,2220.0,CE,0.0,0.0,0.0,129.1,112.55,0,0.0,0,0,18-APR-2022,
OPTSTK,ACC,30-Jun-2022,2240.0,CE,0.0,0.0,0.0,121.0,104.55,0,0.0,0,0,18-APR-2022,
OPTSTK,ACC,30-Jun-2022,2260.0,CE,0.0,0.0,0.0,113.35,97.0,0,0.0,0,0,18-APR-2022,
OPTSTK,ACC,30-Jun-2022,2280.0,CE,0.0,0.0,0.0,106.05,89.85,0,0.0,0,0,18-APR-2022,
OPTSTK,ACC,30-Jun-2022,2300.0,CE,0.0,0.0,0.0,99.1,83.1,0,0.0,0,0,18-APR-2022,
OPTSTK,ACC,30-Jun-2022,2320.0,CE,0.0,0.0,0.0,92.55,76.8,0,0.0,0,0,18-APR-2022,
OPTSTK,ACC,30-Jun-2022,2340.0,CE,0.0,0.0,0.0,86.35,70.85,0,0.0,0,0,18-APR-2022,
OPTSTK,ACC,30-Jun-2022,2360.0,CE,0.0,0.0,0.0,80.45,65.3,0,0.0,0,0,18-APR-2022,
OPTSTK,ACC,30-Jun-2022,2380.0,CE,0.0,0.0,0.0,74.9,60.2,0,0.0,0,0,18-APR-2022,
OPTSTK,ACC,30-Jun-2022,2400.0,CE,0.0,0.0,0.0,69.7,55.35,0,0.0,0,0,18-APR-2022,
OPTSTK,ACC,30-Jun-2022,2420.0,CE,0.0,0.0,0.0,64.9,50.85,0,0.0,0,0,18-APR-2022,
OPTSTK,ACC,30-Jun-2022,2440.0,CE,0.0,0.0,0.0,60.25,46.55,0,0.0,0,0,18-APR-2022,
OPTSTK,ACC,30-Jun-2022,2460.0,CE,0.0,0.0,0.0,55.95,42.65,0,0.0,0,0,18-APR-2022,
OPTSTK,ACC,30-Jun-2022,2480.0,CE,0.0,0.0,0.0,51.8,39.0,0,0.0,0,0,18-APR-2022,
OPTSTK,ACC,30-Jun-2022,2500.0,CE,0.0,0.0,0.0,48.0,35.65,0,0.0,0,0,18-APR-2022,
OPTSTK,ACC,30-Jun-2022,2520.0,CE,0.0,0.0,0.0,44.4,32.55,0,0.0,0,0,18-APR-2022,
OPTSTK,ACC,30-Jun-2022,2540.0,CE,0.0,0.0,0.0,41.05,29.7,0,0.0,0,0,18-APR-2022,
OPTSTK,ACC,30-Jun-2022,2560.0,CE,0.0,0.0,0.0,37.95,27.05,0,0.0,0,0,18-APR-2022,
OPTSTK,ACC,30-Jun-2022,2580.0,CE,0.0,0.0,0.0,35.05,24.6,0,0.0,0,0,18-APR-2022,
OPTSTK,ACC,30-Jun-2022,2600.0,CE,0.0,0.0,0.0,32.3,22.35,0,0.0,0,0,18-APR-2022,
OPTSTK,ACC,30-Jun-2022,2620.0,CE,0.0,0.0,0.0,29.8,20.3,0,0.0,0,0,18-APR-2022,
OPTSTK,ACC,30-Jun-2022,2640.0,CE,0.0,0.0,0.0,27.45,18.4,0,0.0,0,0,18-APR-2022,
OPTSTK,ACC,30-Jun-2022,2660.0,CE,0.0,0.0,0.0,25.25,16.65,0,0.0,0,0,18-APR-2022,
OPTSTK,ACC,30-Jun-2022,2680.0,CE,0.0,0.0,0.0,23.2,15.05,0,0.0,0,0,18-APR-2022,
OPTSTK,ACC,30-Jun-2022,2700.0,CE,0.0,0.0,0.0,21.35,13.6,0,0.0,0,0,18-APR-2022,
OPTSTK,ACC,30-Jun-2022,2720.0,CE,0.0,0.0,0.0,19.6,12.3,0,0.0,0,0,18-APR-2022,
OPTSTK,ACC,30-Jun-2022,2740.0,CE,0.0,0.0,0.0,18.0,11.1,0,0.0,0,0,18-APR-2022,
OPTSTK,ACC,30-Jun-2022,2760.0,CE,0.0,0.0,0.0,16.5,10.0,0,0.0,0,0,18-APR-2022,
OPTSTK,ACC,30-Jun-2022,2780.0,CE,0.0,0.0,0.0,15.1,9.0,0,0.0,0,0,18-APR-2022,
OPTSTK,ACC,30-Jun-2022,2800.0,CE,0.0,0.0,0.0,13.85,8.1,0,0.0,0,0,18-APR-2022,
OPTSTK,ACC,30-Jun-2022,2820.0,CE,0.0,0.0,0.0,12.65,7.3,0,0.0,0,0,18-APR-2022,
OPTSTK,ACC,30-Jun-2022,1560.0,PE,0.0,0.0,0.0,3.45,1.65,0,0.0,0,0,18-APR-2022,
OPTSTK,ACC,30-Jun-2022,1580.0,PE,0.0,0.0,0.0,4.2,2.05,0,0.0,0,0,18-APR-2022,
OPTSTK,ACC,30-Jun-2022,1600.0,PE,0.0,0.0,0.0,5.05,2.6,0,0.0,0,0,18-APR-2022,
OPTSTK,ACC,30-Jun-2022,1620.0,PE,0.0,0.0,0.0,6.05,3.2,0,0.0,0,0,18-APR-2022,
OPTSTK,ACC,30-Jun-2022,1640.0,PE,0.0,0.0,0.0,7.2,3.95,0,0.0,0,0,18-APR-2022,
OPTSTK,ACC,30-Jun-2022,1660.0,PE,0.0,0.0,0.0,8.55,4.85,0,0.0,0,0,18-APR-2022,
OPTSTK,ACC,30-Jun-2022,1680.0,PE,0.0,0.0,0.0,10.05,5.9,0,0.0,0,0,18-APR-2022,
OPTSTK,ACC,30-Jun-2022,1700.0,PE,0.0,0.0,0.0,11.8,7.1,0,0.0,0,0,18-APR-2022,
OPTSTK,ACC,30-Jun-2022,1720.0,PE,0.0,0.0,0.0,13.7,8.5,0,0.0,0,0,18-APR-2022,
OPTSTK,ACC,30-Jun-2022,1740.0,PE,0.0,0.0,0.0,15.9,10.1,0,0.0,0,0,18-APR-2022,
OPTSTK,ACC,30-Jun-2022,1760.0,PE,0.0,0.0,0.0,18.35,11.95,0,0.0,0,0,18-APR-2022,
OPTSTK,ACC,30-Jun-2022,1780.0,PE,0.0,0.0,0.0,21.05,14.05,0,0.0,0,0,18-APR-2022,
OPTSTK,ACC,30-Jun-2022,1800.0,PE,0.0,0.0,0.0,24.05,16.45,0,0.0,0,0,18-APR-2022,
OPTSTK,ACC,30-Jun-2022,1820.0,PE,0.0,0.0,0.0,27.35,19.1,0,0.0,0,0,18-APR-2022,
OPTSTK,ACC,30-Jun-2022,1840.0,PE,0.0,0.0,0.0,30.95,22.1,0,0.0,0,0,18-APR-2022,
OPTSTK,ACC,30-Jun-2022,1860.0,PE,0.0,0.0,0.0,34.95,25.4,0,0.0,0,0,18-APR-2022,
OPTSTK,ACC,30-Jun-2022,1880.0,PE,0.0,0.0,0.0,39.25,29.1,0,0.0,0,0,18-APR-2022,
OPTSTK,ACC,30-Jun-2022,1900.0,PE,0.0,0.0,0.0,43.9,33.15,0,0.0,0,0,18-APR-2022,
OPTSTK,ACC,30-Jun-2022,1920.0,PE,0.0,0.0,0.0,49.05,37.6,0,0.0,0,0,18-APR-2022,
OPTSTK,ACC,30-Jun-2022,1940.0,PE,0.0,0.0,0.0,54.45,42.5,0,0.0,0,0,18-APR-2022,
OPTSTK,ACC,30-Jun-2022,1960.0,PE,0.0,0.0,0.0,60.25,47.8,0,0.0,0,0,18-APR-2022,
OPTSTK,ACC,30-Jun-2022,1980.0,PE,0.0,0.0,0.0,66.4,53.5,0,0.0,0,0,18-APR-2022,
OPTSTK,ACC,30-Jun-2022,2000.0,PE,0.0,0.0,0.0,73.1,59.55,0,0.0,0,0,18-APR-2022,
OPTSTK,ACC,30-Jun-2022,2020.0,PE,0.0,0.0,0.0,80.15,66.2,0,0.0,0,0,18-APR-2022,
OPTSTK,ACC,30-Jun-2022,2040.0,PE,0.0,0.0,0.0,87.65,73.3,0,0.0,0,0,18-APR-2022,
OPTSTK,ACC,30-Jun-2022,2060.0,PE,0.0,0.0,0.0,95.6,80.85,0,0.0,0,0,18-APR-2022,
OPTSTK,ACC,30-Jun-2022,2080.0,PE,0.0,0.0,0.0,103.95,88.9,0,0.0,0,0,18-APR-2022,
OPTSTK,ACC,30-Jun-2022,2100.0,PE,0.0,0.0,0.0,112.75,97.45,0,0.0,0,0,18-APR-2022,
OPTSTK,ACC,30-Jun-2022,2120.0,PE,0.0,0.0,0.0,121.95,106.45,0,0.0,0,0,18-APR-2022,
OPTSTK,ACC,30-Jun-2022,2140.0,PE,0.0,0.0,0.0,131.6,115.95,0,0.0,0,0,18-APR-2022,
OPTSTK,ACC,30-Jun-2022,2160.0,PE,0.0,0.0,0.0,141.7,125.9,0,0.0,0,0,18-APR-2022,
OPTSTK,ACC,30-Jun-2022,2180.0,PE,0.0,0.0,0.0,152.15,136.35,0,0.0,0,0,18-APR-2022,
OPTSTK,ACC,30-Jun-2022,2200.0,PE,0.0,0.0,0.0,163.1,147.25,0,0.0,0,0,18-APR-2022,
OPTSTK,ACC,30-Jun-2022,2220.0,PE,0.0,0.0,0.0,174.4,158.6,0,0.0,0,0,18-APR-2022,
OPTSTK,ACC,30-Jun-2022,2240.0,PE,0.0,0.0,0.0,186.1,170.45,0,0.0,0,0,18-APR-2022,
OPTSTK,ACC,30-Jun-2022,2260.0,PE,0.0,0.0,0.0,198.2,182.7,0,0.0,0,0,18-APR-2022,
OPTSTK,ACC,30-Jun-2022,2280.0,PE,0.0,0.0,0.0,210.7,195.4,0,0.0,0,0,18-APR-2022,
OPTSTK,ACC,30-Jun-2022,2300.0,PE,0.0,0.0,0.0,223.55,208.5,0,0.0,0,0,18-APR-2022,
OPTSTK,ACC,30-Jun-2022,2320.0,PE,0.0,0.0,0.0,236.8,222.0,0,0.0,0,0,18-APR-2022,
OPTSTK,ACC,30-Jun-2022,2340.0,PE,0.0,0.0,0.0,250.35,235.9,0,0.0,0,0,18-APR-2022,
OPTSTK,ACC,30-Jun-2022,2360.0,PE,0.0,0.0,0.0,264.3,250.15,0,0.0,0,0,18-APR-2022,
OPTSTK,ACC,30-Jun-2022,2380.0,PE,0.0,0.0,0.0,278.55,264.9,0,0.0,0,0,18-APR-2022,
OPTSTK,ACC,30-Jun-2022,2400.0,PE,0.0,0.0,0.0,293.1,279.9,0,0.0,0,0,18-APR-2022,
OPTSTK,ACC,30-Jun-2022,2420.0,PE,0.0,0.0,0.0,308.1,295.2,0,0.0,0,0,18-APR-2022,
OPTSTK,ACC,30-Jun-2022,2440.0,PE,0.0,0.0,0.0,323.25,310.75,0,0.0,0,0,18-APR-2022,
OPTSTK,ACC,30-Jun-2022,2460.0,PE,0.0,0.0,0.0,338.75,326.7,0,0.0,0,0,18-APR-2022,
OPTSTK,ACC,30-Jun-2022,2480.0,PE,0.0,0.0,0.0,354.35,342.9,0,0.0,0,0,18-APR-2022,
OPTSTK,ACC,30-Jun-2022,2500.0,PE,0.0,0.0,0.0,370.35,359.35,0,0.0,0,0,18-APR-2022,
OPTSTK,ACC,30-Jun-2022,2520.0,PE,0.0,0.0,0.0,386.55,376.05,0,0.0,0,0,18-APR-2022,
OPTSTK,ACC,30-Jun-2022,2540.0,PE,0.0,0.0,0.0,403.0,393.05,0,0.0,0,0,18-APR-2022,
OPTSTK,ACC,30-Jun-2022,2560.0,PE,0.0,0.0,0.0,419.65,410.2,0,0.0,0,0,18-APR-2022,
OPTSTK,ACC,30-Jun-2022,2580.0,PE,0.0,0.0,0.0,436.55,427.6,0,0.0,0,0,18-APR-2022,
OPTSTK,ACC,30-Jun-2022,2600.0,PE,0.0,0.0,0.0,453.6,445.2,0,0.0,0,0,18-APR-2022,
OPTSTK,ACC,30-Jun-2022,2620.0,PE,0.0,0.0,0.0,470.9,462.95,0,0.0,0,0,18-APR-2022,
OPTSTK,ACC,30-Jun-2022,2640.0,PE,0.0,0.0,0.0,488.3,480.9,0,0.0,0,0,18-APR-2022,
OPTSTK,ACC,30-Jun-2022,2660.0,PE,0.0,0.0,0.0,505.95,499.0,0,0.0,0,0,18-APR-2022,
OPTSTK,ACC,30-Jun-2022,2680.0,PE,0.0,0.0,0.0,523.7,517.25,0,0.0,0,0,18-APR-2022,
OPTSTK,ACC,30-Jun-2022,2700.0,PE,0.0,0.0,0.0,541.6,535.6,0,0.0,0,0,18-APR-2022,
OPTSTK,ACC,30-Jun-2022,2720.0,PE,0.0,0.0,0.0,559.65,554.15,0,0.0,0,0,18-APR-2022,
OPTSTK,ACC,30-Jun-2022,2740.0,PE,0.0,0.0,0.0,577.8,572.75,0,0.0,0,0,18-APR-2022,
OPTSTK,ACC,30-Jun-2022,2760.0,PE,0.0,0.0,0.0,596.1,591.5,0,0.0,0,0,18-APR-2022,
OPTSTK,ACC,30-Jun-2022,2780.0,PE,0.0,0.0,0.0,614.5,610.35,0,0.0,0,0,18-APR-2022,
OPTSTK,ACC,30-Jun-2022,2800.0,PE,0.0,0.0,0.0,633.05,629.25,0,0.0,0,0,18-APR-2022,
OPTSTK,ACC,30-Jun-2022,2820.0,PE,0.0,0.0,0.0,651.65,648.25,0,0.0,0,0,18-APR-2022,
OPTSTK,ADANIENT,28-Apr-2022,1120.0,CE,0.0,0.0,0.0,588.75,1115.1,0,0.0,0,0,18-APR-2022,
OPTSTK,ADANIENT,28-Apr-2022,1140.0,CE,0.0,0.0,0.0,570.75,1095.1,0,0.0,0,0,18-APR-2022,
OPTSTK,ADANIENT,28-Apr-2022,1160.0,CE,0.0,0.0,0.0,553.0,1075.15,0,0.0,0,0,18-APR-2022,
OPTSTK,ADANIENT,28-Apr-2022,1180.0,CE,0.0,0.0,0.0,535.45,1055.15,0,0.0,0,0,18-APR-2022,
OPTSTK,ADANIENT,28-Apr-2022,1200.0,CE,0.0,0.0,0.0,518.15,1035.15,0,0.0,0,0,18-APR-2022,
OPTSTK,ADANIENT,28-Apr-2022,1220.0,CE,0.0,0.0,0.0,501.15,1015.2,0,0.0,0,0,18-APR-2022,
OPTSTK,ADANIENT,28-Apr-2022,1240.0,CE,0.0,0.0,0.0,484.35,995.2,0,0.0,0,0,18-APR-2022,
OPTSTK,ADANIENT,28-Apr-2022,1260.0,CE,0.0,0.0,0.0,467.85,975.25,0,0.0,0,0,18-APR-2022,
OPTSTK,ADANIENT,28-Apr-2022,1280.0,CE,0.0,0.0,0.0,451.65,955.25,0,0.0,0,0,18-APR-2022,
OPTSTK,ADANIENT,28-Apr-2022,1300.0,CE,0.0,0.0,0.0,435.7,935.3,0,0.0,0,0,18-APR-2022,
OPTSTK,ADANIENT,28-Apr-2022,1320.0,CE,0.0,0.0,0.0,420.1,915.3,0,0.0,0,0,18-APR-2022,
OPTSTK,ADANIENT,28-Apr-2022,1340.0,CE,0.0,0.0,0.0,404.8,895.35,0,0.0,0,0,18-APR-2022,
OPTSTK,ADANIENT,28-Apr-2022,1360.0,CE,0.0,0.0,0.0,389.85,875.35,0,0.0,0,0,18-APR-2022,
OPTSTK,ADANIENT,28-Apr-2022,1380.0,CE,0.0,0.0,0.0,375.25,855.35,0,0.0,0,0,18-APR-2022,
OPTSTK,ADANIENT,28-Apr-2022,1400.0,CE,0.0,0.0,0.0,360.95,835.4,0,0.0,0,0,18-APR-2022,
OPTSTK,ADANIENT,28-Apr-2022,1420.0,CE,0.0,0.0,0.0,346.95,815.4,0,0.0,0,0,18-APR-2022,
OPTSTK,ADANIENT,28-Apr-2022,1440.0,CE,0.0,0.0,0.0,333.35,795.45,0,0.0,0,0,18-APR-2022,
OPTSTK,ADANIENT,28-Apr-2022,1460.0,CE,0.0,0.0,0.0,320.1,775.45,0,0.0,0,0,18-APR-2022,
OPTSTK,ADANIENT,28-Apr-2022,1480.0,CE,0.0,0.0,0.0,307.1,755.5,0,0.0,0,0,18-APR-2022,
OPTSTK,ADANIENT,28-Apr-2022,1500.0,CE,0.0,0.0,0.0,294.6,735.5,0,0.0,0,0,18-APR-2022,
OPTSTK,ADANIENT,28-Apr-2022,1520.0,CE,0.0,0.0,0.0,282.4,715.55,0,0.0,0,0,18-APR-2022,
OPTSTK,ADANIENT,28-Apr-2022,1540.0,CE,0.0,0.0,0.0,270.6,695.55,0,0.0,0,0,18-APR-2022,
OPTSTK,ADANIENT,28-Apr-2022,1560.0,CE,0.0,0.0,0.0,259.1,675.6,0,0.0,0,0,18-APR-2022,
OPTSTK,ADANIENT,28-Apr-2022,1580.0,CE,0.0,0.0,0.0,248.0,655.6,0,0.0,0,0,18-APR-2022,
OPTSTK,ADANIENT,28-Apr-2022,1600.0,CE,600.0,600.0,600.0,600.0,635.6,1,11.0,3500,-500,18-APR-2022,
OPTSTK,ADANIENT,28-Apr-2022,1620.0,CE,0.0,0.0,0.0,226.9,615.65,0,0.0,0,0,18-APR-2022,
OPTSTK,ADANIENT,28-Apr-2022,1640.0,CE,0.0,0.0,0.0,216.8,595.7,0,0.0,0,0,18-APR-2022,
OPTSTK,ADANIENT,28-Apr-2022,1660.0,CE,0.0,0.0,0.0,207.1,575.7,0,0.0,0,0,18-APR-2022,
OPTSTK,ADANIENT,28-Apr-2022,1680.0,CE,0.0,0.0,0.0,462.5,555.75,0,0.0,1000,0,18-APR-2022,
OPTSTK,ADANIENT,28-Apr-2022,1700.0,CE,542.5,542.5,542.5,542.5,542.5,1,11.21,37000,0,18-APR-2022,
OPTSTK,ADANIENT,28-Apr-2022,1720.0,CE,0.0,0.0,0.0,138.85,515.85,0,0.0,500,0,18-APR-2022,
OPTSTK,ADANIENT,28-Apr-2022,1740.0,CE,0.0,0.0,0.0,171.65,495.9,0,0.0,0,0,18-APR-2022,
OPTSTK,ADANIENT,28-Apr-2022,1760.0,CE,0.0,0.0,0.0,374.5,476.0,0,0.0,2500,0,18-APR-2022,
OPTSTK,ADANIENT,28-Apr-2022,1780.0,CE,0.0,0.0,0.0,155.85,456.15,0,0.0,0,0,18-APR-2022,
OPTSTK,ADANIENT,28-Apr-2022,1800.0,CE,387.05,448.5,370.45,445.2,445.2,11,122.67,99000,-5000,18-APR-2022,
OPTSTK,ADANIENT,28-Apr-2022,1820.0,CE,0.0,0.0,0.0,389.45,416.55,0,0.0,3000,0,18-APR-2022,
OPTSTK,ADANIENT,28-Apr-2022,1840.0,CE,0.0,0.0,0.0,358.15,396.9,0,0.0,5000,0,18-APR-2022,
OPTSTK,ADANIENT,28-Apr-2022,1860.0,CE,344.15,344.15,344.15,344.15,377.3,1,11.02,10500,500,18-APR-2022,
OPTSTK,ADANIENT,28-Apr-2022,1880.0,CE,327.6,358.0,324.0,358.0,357.85,9,99.74,8500,-1000,18-APR-2022,
OPTSTK,ADANIENT,28-Apr-2022,1900.0,CE,296.0,345.0,283.0,345.0,345.0,15,165.62,113500,-5500,18-APR-2022,
OPTSTK,ADANIENT,28-Apr-2022,1920.0,CE,283.15,307.35,281.65,307.35,319.45,6,66.25,23500,-1000,18-APR-2022,
OPTSTK,ADANIENT,28-Apr-2022,1940.0,CE,256.65,305.0,253.9,305.0,305.0,6,66.6,43500,-1500,18-APR-2022,
OPTSTK,ADANIENT,28-Apr-2022,1960.0,CE,231.65,281.0,230.7,281.0,282.05,8,88.31,14500,-2500,18-APR-2022,
OPTSTK,ADANIENT,28-Apr-2022,1980.0,CE,220.0,220.0,220.0,220.0,263.8,2,22.0,27500,-1000,18-APR-2022,
OPTSTK,ADANIENT,28-Apr-2022,2000.0,CE,200.0,255.0,181.0,248.85,248.85,80,886.38,244000,-18000,18-APR-2022,
OPTSTK,ADANIENT,28-Apr-2022,2020.0,CE,182.2,225.0,182.2,225.0,228.5,3,33.31,30500,-1500,18-APR-2022,
OPTSTK,ADANIENT,28-Apr-2022,2040.0,CE,168.5,217.0,158.0,216.45,216.45,35,391.33,47500,-4500,18-APR-2022,
OPTSTK,ADANIENT,28-Apr-2022,2060.0,CE,160.0,198.0,138.0,194.2,194.2,16,178.48,30500,-5000,18-APR-2022,
OPTSTK,ADANIENT,28-Apr-2022,2080.0,CE,170.0,177.25,170.0,177.25,177.25,4,45.07,37000,-500,18-APR-2022,
OPTSTK,ADANIENT,28-Apr-2022,2100.0,CE,128.0,166.0,103.8,160.8,160.8,496,5532.46,334000,-69500,18-APR-2022,
OPTSTK,ADANIENT,28-Apr-2022,2120.0,CE,109.9,145.15,93.6,144.95,144.95,85,948.51,41000,-14500,18-APR-2022,
OPTSTK,ADANIENT,28-Apr-2022,2140.0,CE,96.3,133.1,80.0,131.35,131.35,119,1331.29,64500,5000,18-APR-2022,
OPTSTK,ADANIENT,28-Apr-2022,2160.0,CE,87.2,120.25,69.0,115.7,115.7,432,4859.47,63000,-9000,18-APR-2022,
OPTSTK,ADANIENT,28-Apr-2022,2180.0,CE,63.45,105.95,59.8,102.3,102.3,1183,13368.3,90500,-14500,18-APR-2022,
OPTSTK,ADANIENT,28-Apr-2022,2200.0,CE,75.0,93.0,50.5,89.9,89.9,6314,71802.92,855500,-154000,18-APR-2022,
OPTSTK,ADANIENT,28-Apr-2022,2220.0,CE,49.85,81.9,43.0,78.8,78.8,2153,24632.18,180000,2000,18-APR-2022,
OPTSTK,ADANIENT,28-Apr-2022,2240.0,CE,39.5,71.9,36.05,68.95,68.95,2421,27860.54,303500,152000,18-APR-2022,
OPTSTK,ADANIENT,28-Apr-2022,2260.0,CE,40.05,62.25,30.0,59.3,59.3,1258,14522.42,184500,49500,18-APR-2022,
OPTSTK,ADANIENT,28-Apr-2022,2280.0,CE,39.75,53.5,25.05,50.7,50.7,669,7769.0,81000,1500,18-APR-2022,
OPTSTK,ADANIENT,28-Apr-2022,2300.0,CE,28.05,46.25,20.95,43.55,43.55,4851,56698.23,551500,16500,18-APR-2022,
OPTSTK,ADANIENT,28-Apr-2022,2320.0,CE,16.2,39.05,16.2,36.5,36.5,455,5342.96,66000,9500,18-APR-2022,
OPTSTK,ADANIENT,28-Apr-2022,2340.0,CE,19.95,33.0,14.65,30.8,30.8,541,6397.65,123500,23500,18-APR-2022,
OPTSTK,ADANIENT,28-Apr-2022,2360.0,CE,18.0,27.75,12.15,26.0,26.0,695,8267.9,144500,-50500,18-APR-2022,
OPTSTK,ADANIENT,28-Apr-2022,2380.0,CE,15.0,23.0,10.5,21.8,21.8,386,4624.35,73000,6500,18-APR-2022,
OPTSTK,ADANIENT,28-Apr-2022,2400.0,CE,11.3,20.0,9.0,18.5,18.5,2457,29659.16,543000,-62000,18-APR-2022,
OPTSTK,ADANIENT,28-Apr-2022,2420.0,CE,10.0,16.6,7.75,15.3,15.3,434,5274.71,40000,-13000,18-APR-2022,
OPTSTK,ADANIENT,28-Apr-2022,2440.0,CE,9.4,13.85,6.4,12.6,12.6,280,3429.57,27000,6500,18-APR-2022,
OPTSTK,ADANIENT,28-Apr-2022,2460.0,CE,8.6,11.4,5.3,10.55,10.55,341,4208.78,35500,-4500,18-APR-2022,
OPTSTK,ADANIENT,28-Apr-2022,2480.0,CE,5.3,9.15,4.45,8.6,8.6,307,3817.08,77000,-2500,18-APR-2022,
OPTSTK,ADANIENT,28-Apr-2022,2500.0,CE,6.0,7.95,3.6,7.05,7.05,1458,18265.44,283500,-22000,18-APR-2022,
OPTSTK,ADANIENT,28-Apr-2022,2520.0,CE,4.6,6.25,3.05,5.7,5.7,373,4708.01,48000,2000,18-APR-2022,
OPTSTK,ADANIENT,28-Apr-2022,2540.0,CE,3.75,5.2,2.65,4.7,4.7,349,4439.31,36000,17500,18-APR-2022,
OPTSTK,ADANIENT,28-Apr-2022,1120.0,PE,0.0,0.0,0.0,11.1,0.0,0,0.0,0,0,18-APR-2022,
OPTSTK,ADANIENT,28-Apr-2022,1140.0,PE,0.0,0.0,0.0,12.9,0.0,0,0.0,0,0,18-APR-2022,
OPTSTK,ADANIENT,28-Apr-2022,1160.0,PE,0.0,0.0,0.0,14.9,0.0,0,0.0,0,0,18-APR-2022,
OPTSTK,ADANIENT,28-Apr-2022,1180.0,PE,0.0,0.0,0.0,17.2,0.0,0,0.0,0,0,18-APR-2022,
OPTSTK,ADANIENT,28-Apr-2022,1200.0,PE,0.0,0.0,0.0,19.65,0.0,0,0.0,0,0,18-APR-2022,
OPTSTK,ADANIENT,28-Apr-2022,1220.0,PE,0.0,0.0,0.0,22.4,0.0,0,0.0,0,0,18-APR-2022,
OPTSTK,ADANIENT,28-Apr-2022,1240.0,PE,0.0,0.0,0.0,25.45,0.0,0,0.0,0,0,18-APR-2022,
OPTSTK,ADANIENT,28-Apr-2022,1260.0,PE,0.0,0.0,0.0,28.7,0.0,0,0.0,0,0,18-APR-2022,
OPTSTK,ADANIENT,28-Apr-2022,1280.0,PE,0.0,0.0,0.0,32.3,0.0,0,0.0,0,0,18-APR-2022,
OPTSTK,ADANIENT,28-Apr-2022,1300.0,PE,1.65,1.65,1.3,1.6,1.6,22,143.17,256000,-500,18-APR-2022,
OPTSTK,ADANIENT,28-Apr-2022,1320.0,PE,0.0,0.0,0.0,40.35,0.0,0,0.0,0,0,18-APR-2022,
OPTSTK,ADANIENT,28-Apr-2022,1340.0,PE,0.0,0.0,0.0,44.85,0.0,0,0.0,0,0,18-APR-2022,
OPTSTK,ADANIENT,28-Apr-2022,1360.0,PE,0.0,0.0,0.0,49.65,0.0,0,0.0,0,0,18-APR-2022,
OPTSTK,ADANIENT,28-Apr-2022,1380.0,PE,0.0,0.0,0.0,54.85,0.0,0,0.0,0,0,18-APR-2022,
OPTSTK,ADANIENT,28-Apr-2022,1400.0,PE,1.95,2.2,1.7,1.75,1.75,14,98.12,171500,-1000,18-APR-2022,
OPTSTK,ADANIENT,28-Apr-2022,1420.0,PE,0.0,0.0,0.0,66.15,0.0,0,0.0,0,0,18-APR-2022,
OPTSTK,ADANIENT,28-Apr-2022,1440.0,PE,0.0,0.0,0.0,72.35,0.0,0,0.0,0,0,18-APR-2022,
OPTSTK,ADANIENT,28-Apr-2022,1460.0,PE,0.0,0.0,0.0,78.9,0.0,0,0.0,0,0,18-APR-2022,
OPTSTK,ADANIENT,28-Apr-2022,1480.0,PE,0.0,0.0,0.0,85.7,0.0,0,0.0,0,0,18-APR-2022,
OPTSTK,ADANIENT,28-Apr-2022,1500.0,PE,1.35,1.7,1.35,1.7,1.7,54,405.4,136500,3500,18-APR-2022,
OPTSTK,ADANIENT,28-Apr-2022,1520.0,PE,0.0,0.0,0.0,4.7,0.0,0,0.0,1000,0,18-APR-2022,
OPTSTK,ADANIENT,28-Apr-2022,1540.0,PE,0.0,0.0,0.0,4.0,0.0,0,0.0,2500,0,18-APR-2022,
OPTSTK,ADANIENT,28-Apr-2022,1560.0,PE,2.75,2.75,1.6,1.6,0.0,4,31.24,1000,0,18-APR-2022,
OPTSTK,ADANIENT,28-Apr-2022,1580.0,PE,0.0,0.0,0.0,3.0,0.0,0,0.0,2500,0,18-APR-2022,
OPTSTK,ADANIENT,28-Apr-2022,1600.0,PE,1.75,2.5,1.75,2.05,2.05,140,1121.42,171000,-18500,18-APR-2022,
OPTSTK,ADANIENT,28-Apr-2022,1620.0,PE,0.0,0.0,0.0,5.25,0.05,0,0.0,8000,0,18-APR-2022,
OPTSTK,ADANIENT,28-Apr-2022,1640.0,PE,1.0,1.0,1.0,1.0,1.0,10,82.05,16500,-2500,18-APR-2022,
OPTSTK,ADANIENT,28-Apr-2022,1660.0,PE,1.5,3.0,1.5,1.8,0.05,6,49.85,31500,-2500,18-APR-2022,
OPTSTK,ADANIENT,28-Apr-2022,1680.0,PE,2.0,3.65,2.0,2.45,0.05,70,589.1,25000,-3500,18-APR-2022,
OPTSTK,ADANIENT,28-Apr-2022,1700.0,PE,3.0,3.85,2.25,2.45,2.45,283,2409.71,240000,9000,18-APR-2022,
OPTSTK,ADANIENT,28-Apr-2022,1720.0,PE,3.0,3.0,3.0,3.0,0.1,1,8.61,12000,0,18-APR-2022,
OPTSTK,ADANIENT,28-Apr-2022,1740.0,PE,2.0,4.1,2.0,3.0,0.15,53,461.94,13500,-6000,18-APR-2022,
OPTSTK,ADANIENT,28-Apr-2022,1760.0,PE,3.5,3.5,2.75,2.9,2.9,31,273.26,27500,2000,18-APR-2022,
OPTSTK,ADANIENT,28-Apr-2022,1780.0,PE,2.25,3.25,2.25,3.1,0.35,18,160.45,16000,-1500,18-APR-2022,
OPTSTK,ADANIENT,28-Apr-2022,1800.0,PE,4.5,4.95,2.9,3.35,3.35,595,5366.54,289000,-40000,18-APR-2022,
OPTSTK,ADANIENT,28-Apr-2022,1820.0,PE,4.9,4.9,3.2,3.5,3.5,78,711.36,29500,2500,18-APR-2022,
OPTSTK,ADANIENT,28-Apr-2022,1840.0,PE,5.05,5.5,3.3,3.9,3.9,258,2379.08,60000,9500,18-APR-2022,
OPTSTK,ADANIENT,28-Apr-2022,1860.0,PE,6.0,6.1,3.75,4.2,4.2,188,1752.76,50000,-3000,18-APR-2022,
OPTSTK,ADANIENT,28-Apr-2022,1880.0,PE,6.2,6.45,3.95,4.55,4.55,180,1696.48,32500,3000,18-APR-2022,
OPTSTK,ADANIENT,28-Apr-2022,1900.0,PE,7.85,7.9,4.3,4.95,4.95,1218,11606.19,467500,-24000,18-APR-2022,
OPTSTK,ADANIENT,28-Apr-2022,1920.0,PE,8.05,9.1,4.95,5.6,5.6,288,2774.33,64500,-2500,18-APR-2022,
OPTSTK,ADANIENT,28-Apr-2022,1940.0,PE,8.5,10.6,5.45,6.2,6.2,188,1830.46,111000,-9500,18-APR-2022,
OPTSTK,ADANIENT,28-Apr-2022,1960.0,PE,12.0,12.65,6.1,7.1,7.1,432,4254.77,117000,-25500,18-APR-2022,
OPTSTK,ADANIENT,28-Apr-2022,1980.0,PE,12.55,14.55,7.3,8.05,8.05,265,2636.96,46000,-10000,18-APR-2022,
OPTSTK,ADANIENT,28-Apr-2022,2000.0,PE,16.05,18.05,8.7,9.7,9.7,2041,20549.31,766500,105500,18-APR-2022,
OPTSTK,ADANIENT,28-Apr-2022,2020.0,PE,19.0,21.9,10.0,11.15,11.15,279,2838.93,105000,6000,18-APR-2022,
OPTSTK,ADANIENT,28-Apr-2022,2040.0,PE,20.05,25.55,11.85,13.1,13.1,412,4239.03,82000,10000,18-APR-2022,
OPTSTK,ADANIENT,28-Apr-2022,2060.0,PE,25.15,30.15,14.0,15.45,15.45,682,7097.12,96000,-76500,18-APR-2022,
OPTSTK,ADANIENT,28-Apr-2022,2080.0,PE,30.0,37.0,17.15,18.35,18.35,479,5039.04,226000,26500,18-APR-2022,
OPTSTK,ADANIENT,28-Apr-2022,2100.0,PE,36.55,44.15,20.1,21.5,21.5,1797,19131.13,491000,43500,18-APR-2022,
OPTSTK,ADANIENT,28-Apr-2022,2120.0,PE,41.85,50.4,24.4,25.5,25.5,454,4891.45,107500,-5000,18-APR-2022,
OPTSTK,ADANIENT,28-Apr-2022,2140.0,PE,51.75,58.4,22.5,30.45,30.45,712,7767.95,100000,25500,18-APR-2022,
OPTSTK,ADANIENT,28-Apr-2022,2160.0,PE,60.85,68.4,34.15,35.6,35.6,780,8619.93,105000,15000,18-APR-2022,
OPTSTK,ADANIENT,28-Apr-2022,2180.0,PE,60.5,78.0,40.0,42.8,42.8,736,8234.26,99500,27500,18-APR-2022,
OPTSTK,ADANIENT,28-Apr-2022,2200.0,PE,76.7,89.0,47.4,49.9,49.9,1681,19017.6,246000,78000,18-APR-2022,
OPTSTK,ADANIENT,28-Apr-2022,2220.0,PE,85.8,99.5,50.25,58.5,58.5,302,3456.49,34000,17000,18-APR-2022,
OPTSTK,ADANIENT,28-Apr-2022,2240.0,PE,99.4,99.4,65.4,67.2,67.2,83,958.14,32000,20000,18-APR-2022,
OPTSTK,ADANIENT,28-Apr-2022,2260.0,PE,124.0,128.0,76.0,79.1,79.1,28,329.25,31000,5500,18-APR-2022,
OPTSTK,ADANIENT,28-Apr-2022,2280.0,PE,0.0,0.0,0.0,127.3,104.7,0,0.0,4000,0,18-APR-2022,
OPTSTK,ADANIENT,28-Apr-2022,2300.0,PE,142.45,158.0,98.9,101.05,101.05,96,1162.98,45500,8500,18-APR-2022,
OPTSTK,ADANIENT,28-Apr-2022,2320.0,PE,0.0,0.0,0.0,646.9,130.25,0,0.0,0,0,18-APR-2022,
OPTSTK,ADANIENT,28-Apr-2022,2340.0,PE,0.0,0.0,0.0,664.65,144.05,0,0.0,0,0,18-APR-2022,
OPTSTK,ADANIENT,28-Apr-2022,2360.0,PE,0.0,0.0,0.0,682.5,158.55,0,0.0,0,0,18-APR-2022,
OPTSTK,ADANIENT,28-Apr-2022,2380.0,PE,0.0,0.0,0.0,692.85,173.75,0,0.0,0,0,18-APR-2022,
OPTSTK,ADANIENT,28-Apr-2022,2400.0,PE,221.45,221.45,221.45,221.45,189.3,1,13.1,5500,-500,18-APR-2022,
OPTSTK,ADANIENT,28-Apr-2022,2420.0,PE,0.0,0.0,0.0,682.05,205.45,0,0.0,0,0,18-APR-2022,
OPTSTK,ADANIENT,28-Apr-2022,2440.0,PE,0.0,0.0,0.0,671.85,222.1,0,0.0,0,0,18-APR-2022,
OPTSTK,ADANIENT,28-Apr-2022,2460.0,PE,0.0,0.0,0.0,689.7,239.2,0,0.0,0,0,18-APR-2022,
OPTSTK,ADANIENT,28-Apr-2022,2480.0,PE,0.0,0.0,0.0,300.0,256.65,0,0.0,500,0,18-APR-2022,
OPTSTK,ADANIENT,28-Apr-2022,2500.0,PE,0.0,0.0,0.0,676.0,274.5,0,0.0,0,0,18-APR-2022,
OPTSTK,ADANIENT,28-Apr-2022,2520.0,PE,0.0,0.0,0.0,683.55,292.6,0,0.0,0,0,18-APR-2022,
OPTSTK,ADANIENT,28-Apr-2022,2540.0,PE,0.0,0.0,0.0,668.15,311.0,0,0.0,0,0,18-APR-2022,
OPTSTK,ADANIENT,26-May-2022,1120.0,CE,0.0,0.0,0.0,455.35,1118.75,0,0.0,0,0,18-APR-2022,
OPTSTK,ADANIENT,26-May-2022,1140.0,CE,0.0,0.0,0.0,438.5,1098.85,0,0.0,0,0,18-APR-2022,
OPTSTK,ADANIENT,26-May-2022,1160.0,CE,0.0,0.0,0.0,421.95,1078.95,0,0.0,0,0,18-APR-2022,
OPTSTK,ADANIENT,26-May-2022,1180.0,CE,0.0,0.0,0.0,405.75,1059.05,0,0.0,0,0,18-APR-2022,
OPTSTK,ADANIENT,26-May-2022,1200.0,CE,0.0,0.0,0.0,389.85,1039.15,0,0.0,0,0,18-APR-2022,
OPTSTK,ADANIENT,26-May-2022,1220.0,CE,0.0,0.0,0.0,374.3,1019.25,0,0.0,0,0,18-APR-2022,
OPTSTK,ADANIENT,26-May-2022,1240.0,CE,0.0,0.0,0.0,359.1,999.3,0,0.0,0,0,18-APR-2022,
OPTSTK,ADANIENT,26-May-2022,1260.0,CE,0.0,0.0,0.0,344.35,979.4,0,0.0,0,0,18-APR-2022,
OPTSTK,ADANIENT,26-May-2022,1280.0,CE,0.0,0.0,0.0,329.85,959.55,0,0.0,0,0,18-APR-2022,
OPTSTK,ADANIENT,26-May-2022,1300.0,CE,0.0,0.0,0.0,315.75,939.65,0,0.0,0,0,18-APR-2022,
OPTSTK,ADANIENT,26-May-2022,1320.0,CE,0.0,0.0,0.0,302.05,919.75,0,0.0,0,0,18-APR-2022,
OPTSTK,ADANIENT,26-May-2022,1340.0,CE,0.0,0.0,0.0,288.75,899.9,0,0.0,0,0,18-APR-2022,
OPTSTK,ADANIENT,26-May-2022,1360.0,CE,0.0,0.0,0.0,275.75,880.0,0,0.0,0,0,18-APR-2022,
OPTSTK,ADANIENT,26-May-2022,1380.0,CE,0.0,0.0,0.0,263.25,860.15,0,0.0,0,0,18-APR-2022,
OPTSTK,ADANIENT,26-May-2022,1400.0,CE,0.0,0.0,0.0,251.15,840.35,0,0.0,0,0,18-APR-2022,
OPTSTK,ADANIENT,26-May-2022,1420.0,CE,0.0,0.0,0.0,239.45,820.55,0,0.0,0,0,18-APR-2022,
OPTSTK,ADANIENT,26-May-2022,1440.0,CE,0.0,0.0,0.0,228.1,800.75,0,0.0,0,0,18-APR-2022,
OPTSTK,ADANIENT,26-May-2022,1460.0,CE,0.0,0.0,0.0,217.2,781.0,0,0.0,0,0,18-APR-2022,
OPTSTK,ADANIENT,26-May-2022,1480.0,CE,0.0,0.0,0.0,206.65,761.3,0,0.0,0,0,18-APR-2022,
OPTSTK,ADANIENT,26-May-2022,1500.0,CE,0.0,0.0,0.0,196.5,741.65,0,0.0,0,0,18-APR-2022,
OPTSTK,ADANIENT,26-May-2022,1520.0,CE,0.0,0.0,0.0,186.75,722.05,0,0.0,0,0,18-APR-2022,
OPTSTK,ADANIENT,26-May-2022,1540.0,CE,0.0,0.0,0.0,177.35,702.5,0,0.0,0,0,18-APR-2022,
OPTSTK,ADANIENT,26-May-2022,1560.0,CE,0.0,0.0,0.0,168.35,683.0,0,0.0,0,0,18-APR-2022,
OPTSTK,ADANIENT,26-May-2022,1580.0,CE,0.0,0.0,0.0,159.75,663.6,0,0.0,0,0,18-APR-2022,
OPTSTK,ADANIENT,26-May-2022,1600.0,CE,0.0,0.0,0.0,151.45,644.3,0,0.0,0,0,18-APR-2022,
OPTSTK,ADANIENT,26-May-2022,1620.0,CE,0.0,0.0,0.0,143.5,625.1,0,0.0,0,0,18-APR-2022,
OPTSTK,ADANIENT,26-May-2022,1640.0,CE,0.0,0.0,0.0,135.95,606.05,0,0.0,0,0,18-APR-2022,
OPTSTK,ADANIENT,26-May-2022,1660.0,CE,0.0,0.0,0.0,128.65,587.1,0,0.0,0,0,18-APR-2022,
OPTSTK,ADANIENT,26-May-2022,1680.0,CE,0.0,0.0,0.0,121.75,568.3,0,0.0,0,0,18-APR-2022,
OPTSTK,ADANIENT,26-May-2022,1700.0,CE,0.0,0.0,0.0,115.15,549.65,0,0.0,0,0,18-APR-2022,
OPTSTK,ADANIENT,26-May-2022,1720.0,CE,0.0,0.0,0.0,108.8,531.15,0,0.0,0,0,18-APR-2022,
OPTSTK,ADANIENT,26-May-2022,1740.0,CE,0.0,0.0,0.0,102.8,512.9,0,0.0,0,0,18-APR-2022,
OPTSTK,ADANIENT,26-May-2022,1760.0,CE,0.0,0.0,0.0,97.1,494.8,0,0.0,0,0,18-APR-2022,
OPTSTK,ADANIENT,26-May-2022,1780.0,CE,0.0,0.0,0.0,91.65,477.0,0,0.0,0,0,18-APR-2022,
OPTSTK,ADANIENT,26-May-2022,1800.0,CE,0.0,0.0,0.0,86.45,459.35,0,0.0,0,0,18-APR-2022,
OPTSTK,ADANIENT,26-May-2022,1820.0,CE,0.0,0.0,0.0,81.65,442.0,0,0.0,0,0,18-APR-2022,
OPTSTK,ADANIENT,26-May-2022,1840.0,CE,0.0,0.0,0.0,76.95,424.9,0,0.0,0,0,18-APR-2022,
OPTSTK,ADANIENT,26-May-2022,1860.0,CE,0.0,0.0,0.0,72.55,408.1,0,0.0,0,0,18-APR-2022,
OPTSTK,ADANIENT,26-May-2022,1880.0,CE,0.0,0.0,0.0,68.35,391.6,0,0.0,0,0,18-APR-2022,
OPTSTK,ADANIENT,26-May-2022,1900.0,CE,0.0,0.0,0.0,215.0,375.4,0,0.0,500,0,18-APR-2022,
OPTSTK,ADANIENT,26-May-2022,1920.0,CE,0.0,0.0,0.0,60.6,359.55,0,0.0,0,0,18-APR-2022,
OPTSTK,ADANIENT,26-May-2022,1940.0,CE,0.0,0.0,0.0,57.05,344.05,0,0.0,0,0,18-APR-2022,
OPTSTK,ADANIENT,26-May-2022,1960.0,CE,0.0,0.0,0.0,286.8,328.9,0,0.0,2000,0,18-APR-2022,
OPTSTK,ADANIENT,26-May-2022,1980.0,CE,0.0,0.0,0.0,50.4,314.15,0,0.0,0,0,18-APR-2022,
OPTSTK,ADANIENT,26-May-2022,2000.0,CE,257.6,271.45,241.8,271.45,299.7,3,33.85,5000,1000,18-APR-2022,
OPTSTK,ADANIENT,26-May-2022,2020.0,CE,0.0,0.0,0.0,44.55,285.65,0,0.0,0,0,18-APR-2022,
OPTSTK,ADANIENT,26-May-2022,2040.0,CE,0.0,0.0,0.0,222.85,271.9,0,0.0,2500,0,18-APR-2022,
OPTSTK,ADANIENT,26-May-2022,2060.0,CE,0.0,0.0,0.0,39.3,258.65,0,0.0,0,0,18-APR-2022,
OPTSTK,ADANIENT,26-May-2022,2080.0,CE,0.0,0.0,0.0,36.9,245.8,0,0.0,0,0,18-APR-2022,
OPTSTK,ADANIENT,26-May-2022,2100.0,CE,185.0,216.0,181.65,216.0,216.0,8,92.01,15000,-1500,18-APR-2022,
OPTSTK,ADANIENT,26-May-2022,2120.0,CE,0.0,0.0,0.0,32.5,221.4,0,0.0,0,0,18-APR-2022,
OPTSTK,ADANIENT,26-May-2022,2140.0,CE,0.0,0.0,0.0,158.0,209.8,0,0.0,1000,0,18-APR-2022,
OPTSTK,ADANIENT,26-May-2022,2160.0,CE,0.0,0.0,0.0,28.6,198.6,0,0.0,0,0,18-APR-2022,
OPTSTK,ADANIENT,26-May-2022,2180.0,CE,0.0,0.0,0.0,26.8,187.85,0,0.0,0,0,18-APR-2022,
OPTSTK,ADANIENT,26-May-2022,2200.0,CE,109.35,154.0,105.95,150.25,150.25,239,2781.71,51000,18000,18-APR-2022,
OPTSTK,ADANIENT,26-May-2022,2220.0,CE,0.0,0.0,0.0,122.5,167.5,0,0.0,1500,0,18-APR-2022,
OPTSTK,ADANIENT,26-May-2022,2240.0,CE,125.0,133.5,125.0,133.5,133.5,2,23.69,4000,1000,18-APR-2022,
OPTSTK,ADANIENT,26-May-2022,2260.0,CE,0.0,0.0,0.0,30.8,148.85,0,0.0,0,0,18-APR-2022,
OPTSTK,ADANIENT,26-May-2022,2280.0,CE,0.0,0.0,0.0,29.0,140.1,0,0.0,0,0,18-APR-2022,
OPTSTK,ADANIENT,26-May-2022,2300.0,CE,87.7,107.3,71.5,104.65,104.65,171,2041.14,61000,19000,18-APR-2022,
OPTSTK,ADANIENT,26-May-2022,2320.0,CE,0.0,0.0,0.0,28.3,123.8,0,0.0,0,0,18-APR-2022,
OPTSTK,ADANIENT,26-May-2022,2340.0,CE,88.45,88.45,88.45,88.45,88.45,1,12.14,1000,500,18-APR-2022,
OPTSTK,ADANIENT,26-May-2022,2360.0,CE,63.0,63.0,60.0,60.0,109.0,3,36.31,1000,500,18-APR-2022,
OPTSTK,ADANIENT,26-May-2022,2380.0,CE,0.0,0.0,0.0,65.35,102.15,0,0.0,500,0,18-APR-2022,
OPTSTK,ADANIENT,26-May-2022,2400.0,CE,53.4,71.5,46.3,70.05,70.05,78,958.89,31500,1500,18-APR-2022,
OPTSTK,ADANIENT,26-May-2022,2420.0,CE,0.0,0.0,0.0,26.75,89.45,0,0.0,0,0,18-APR-2022,
OPTSTK,ADANIENT,26-May-2022,2440.0,CE,0.0,0.0,0.0,23.1,83.6,0,0.0,0,0,18-APR-2022,
OPTSTK,ADANIENT,26-May-2022,2460.0,CE,0.0,0.0,0.0,26.6,78.05,0,0.0,0,0,18-APR-2022,
OPTSTK,ADANIENT,26-May-2022,2480.0,CE,0.0,0.0,0.0,24.9,72.8,0,0.0,0,0,18-APR-2022,
OPTSTK,ADANIENT,26-May-2022,2500.0,CE,32.1,46.9,29.0,45.55,45.55,68,863.04,25000,11000,18-APR-2022,
OPTSTK,ADANIENT,26-May-2022,2520.0,CE,0.0,0.0,0.0,42.85,63.35,0,0.0,500,0,18-APR-2022,
OPTSTK,ADANIENT,26-May-2022,2540.0,CE,38.0,38.0,38.0,38.0,38.0,1,12.89,500,500,18-APR-2022,
OPTSTK,ADANIENT,26-May-2022,1120.0,PE,0.0,0.0,0.0,19.65,0.0,0,0.0,0,0,18-APR-2022,
OPTSTK,ADANIENT,26-May-2022,1140.0,PE,0.0,0.0,0.0,22.6,0.0,0,0.0,0,0,18-APR-2022,
OPTSTK,ADANIENT,26-May-2022,1160.0,PE,0.0,0.0,0.0,25.85,0.05,0,0.0,0,0,18-APR-2022,
OPTSTK,ADANIENT,26-May-2022,1180.0,PE,0.0,0.0,0.0,29.45,0.05,0,0.0,0,0,18-APR-2022,
OPTSTK,ADANIENT,26-May-2022,1200.0,PE,0.0,0.0,0.0,33.35,0.05,0,0.0,0,0,18-APR-2022,
OPTSTK,ADANIENT,26-May-2022,1220.0,PE,0.0,0.0,0.0,37.6,0.05,0,0.0,0,0,18-APR-2022,
OPTSTK,ADANIENT,26-May-2022,1240.0,PE,0.0,0.0,0.0,42.2,0.05,0,0.0,0,0,18-APR-2022,
OPTSTK,ADANIENT,26-May-2022,1260.0,PE,0.0,0.0,0.0,47.2,0.05,0,0.0,0,0,18-APR-2022,
OPTSTK,ADANIENT,26-May-2022,1280.0,PE,0.0,0.0,0.0,52.5,0.1,0,0.0,0,0,18-APR-2022,
OPTSTK,ADANIENT,26-May-2022,1300.0,PE,0.0,0.0,0.0,58.2,0.1,0,0.0,0,0,18-APR-2022,
OPTSTK,ADANIENT,26-May-2022,1320.0,PE,0.0,0.0,0.0,64.3,0.15,0,0.0,0,0,18-APR-2022,
OPTSTK,ADANIENT,26-May-2022,1340.0,PE,0.0,0.0,0.0,70.8,0.15,0,0.0,0,0,18-APR-2022,
OPTSTK,ADANIENT,26-May-2022,1360.0,PE,0.0,0.0,0.0,77.6,0.2,0,0.0,0,0,18-APR-2022,
OPTSTK,ADANIENT,26-May-2022,1380.0,PE,0.0,0.0,0.0,84.85,0.3,0,0.0,0,0,18-APR-2022,
OPTSTK,ADANIENT,26-May-2022,1400.0,PE,0.0,0.0,0.0,92.55,0.35,0,0.0,0,0,18-APR-2022,
OPTSTK,ADANIENT,26-May-2022,1420.0,PE,0.0,0.0,0.0,100.6,0.45,0,0.0,0,0,18-APR-2022,
OPTSTK,ADANIENT,26-May-2022,1440.0,PE,0.0,0.0,0.0,109.1,0.6,0,0.0,0,0,18-APR-2022,
OPTSTK,ADANIENT,26-May-2022,1460.0,PE,0.0,0.0,0.0,117.95,0.75,0,0.0,0,0,18-APR-2022,
OPTSTK,ADANIENT,26-May-2022,1480.0,PE,0.0,0.0,0.0,127.2,0.95,0,0.0,0,0,18-APR-2022,
OPTSTK,ADANIENT,26-May-2022,1500.0,PE,0.0,0.0,0.0,136.85,1.2,0,0.0,0,0,18-APR-2022,
OPTSTK,ADANIENT,26-May-2022,1520.0,PE,0.0,0.0,0.0,146.9,1.5,0,0.0,0,0,18-APR-2022,
OPTSTK,ADANIENT,26-May-2022,1540.0,PE,0.0,0.0,0.0,157.3,1.9,0,0.0,0,0,18-APR-2022,
OPTSTK,ADANIENT,26-May-2022,1560.0,PE,0.0,0.0,0.0,168.1,2.3,0,0.0,0,0,18-APR-2022,
OPTSTK,ADANIENT,26-May-2022,1580.0,PE,0.0,0.0,0.0,179.25,2.85,0,0.0,0,0,18-APR-2022,
OPTSTK,ADANIENT,26-May-2022,1600.0,PE,0.0,0.0,0.0,10.0,3.45,0,0.0,1000,0,18-APR-2022,
OPTSTK,ADANIENT,26-May-2022,1620.0,PE,0.0,0.0,0.0,202.6,4.15,0,0.0,0,0,18-APR-2022,
OPTSTK,ADANIENT,26-May-2022,1640.0,PE,0.0,0.0,0.0,214.8,5.0,0,0.0,0,0,18-APR-2022,
OPTSTK,ADANIENT,26-May-2022,1660.0,PE,0.0,0.0,0.0,227.35,5.95,0,0.0,0,0,18-APR-2022,
OPTSTK,ADANIENT,26-May-2022,1680.0,PE,0.0,0.0,0.0,240.2,7.05,0,0.0,0,0,18-APR-2022,
OPTSTK,ADANIENT,26-May-2022,1700.0,PE,12.0,12.0,8.95,8.95,8.95,10,85.54,12000,2500,18-APR-2022,
OPTSTK,ADANIENT,26-May-2022,1720.0,PE,0.0,0.0,0.0,266.85,9.8,0,0.0,0,0,18-APR-2022,
OPTSTK,ADANIENT,26-May-2022,1740.0,PE,0.0,0.0,0.0,280.65,11.4,0,0.0,0,0,18-APR-2022,
OPTSTK,ADANIENT,26-May-2022,1760.0,PE,0.0,0.0,0.0,294.7,13.25,0,0.0,0,0,18-APR-2022,
OPTSTK,ADANIENT,26-May-2022,1780.0,PE,0.0,0.0,0.0,309.05,15.3,0,0.0,0,0,18-APR-2022,
OPTSTK,ADANIENT,26-May-2022,1800.0,PE,16.5,16.5,13.5,14.2,14.2,36,326.67,32500,12000,18-APR-2022,
OPTSTK,ADANIENT,26-May-2022,1820.0,PE,0.0,0.0,0.0,338.65,20.15,0,0.0,0,0,18-APR-2022,
OPTSTK,ADANIENT,26-May-2022,1840.0,PE,0.0,0.0,0.0,353.75,23.0,0,0.0,0,0,18-APR-2022,
OPTSTK,ADANIENT,26-May-2022,1860.0,PE,0.0,0.0,0.0,369.15,26.1,0,0.0,0,0,18-APR-2022,
OPTSTK,ADANIENT,26-May-2022,1880.0,PE,0.0,0.0,0.0,384.75,29.5,0,0.0,0,0,18-APR-2022,
OPTSTK,ADANIENT,26-May-2022,1900.0,PE,26.7,31.5,22.4,22.95,22.95,113,1088.73,36500,18000,18-APR-2022,
OPTSTK,ADANIENT,26-May-2022,1920.0,PE,0.0,0.0,0.0,416.55,37.3,0,0.0,0,0,18-APR-2022,
OPTSTK,ADANIENT,26-May-2022,1940.0,PE,0.0,0.0,0.0,432.8,41.7,0,0.0,0,0,18-APR-2022,
OPTSTK,ADANIENT,26-May-2022,1960.0,PE,0.0,0.0,0.0,33.0,46.45,0,0.0,1500,0,18-APR-2022,
OPTSTK,ADANIENT,26-May-2022,1980.0,PE,0.0,0.0,0.0,465.75,51.6,0,0.0,0,0,18-APR-2022,
OPTSTK,ADANIENT,26-May-2022,2000.0,PE,51.0,55.15,37.0,39.75,39.75,83,849.34,45500,10500,18-APR-2022,
OPTSTK,ADANIENT,26-May-2022,2020.0,PE,0.0,0.0,0.0,499.45,62.95,0,0.0,0,0,18-APR-2022,
OPTSTK,ADANIENT,26-May-2022,2040.0,PE,0.0,0.0,0.0,516.55,69.1,0,0.0,0,0,18-APR-2022,
OPTSTK,ADANIENT,26-May-2022,2060.0,PE,0.0,0.0,0.0,533.8,75.75,0,0.0,0,0,18-APR-2022,
OPTSTK,ADANIENT,26-May-2022,2080.0,PE,0.0,0.0,0.0,551.2,82.85,0,0.0,0,0,18-APR-2022,
OPTSTK,ADANIENT,26-May-2022,2100.0,PE,81.0,94.5,66.5,68.25,68.25,196,2136.23,60500,26000,18-APR-2022,
OPTSTK,ADANIENT,26-May-2022,2120.0,PE,0.0,0.0,0.0,586.35,98.2,0,0.0,0,0,18-APR-2022,
OPTSTK,ADANIENT,26-May-2022,2140.0,PE,0.0,0.0,0.0,604.15,106.55,0,0.0,0,0,18-APR-2022,
OPTSTK,ADANIENT,26-May-2022,2160.0,PE,0.0,0.0,0.0,622.05,115.25,0,0.0,0,0,18-APR-2022,
OPTSTK,ADANIENT,26-May-2022,2180.0,PE,0.0,0.0,0.0,640.05,124.4,0,0.0,0,0,18-APR-2022,
OPTSTK,ADANIENT,26-May-2022,2200.0,PE,123.95,140.0,102.1,104.25,104.25,69,798.24,31000,14500,18-APR-2022,
OPTSTK,ADANIENT,26-May-2022,2220.0,PE,0.0,0.0,0.0,676.35,143.9,0,0.0,0,0,18-APR-2022,
OPTSTK,ADANIENT,26-May-2022,2240.0,PE,0.0,0.0,0.0,631.35,154.3,0,0.0,0,0,18-APR-2022,
OPTSTK,ADANIENT,26-May-2022,2260.0,PE,0.0,0.0,0.0,649.2,165.05,0,0.0,0,0,18-APR-2022,
OPTSTK,ADANIENT,26-May-2022,2280.0,PE,0.0,0.0,0.0,667.2,176.25,0,0.0,0,0,18-APR-2022,
OPTSTK,ADANIENT,26-May-2022,2300.0,PE,0.0,0.0,0.0,190.0,187.8,0,0.0,500,0,18-APR-2022,
OPTSTK,ADANIENT,26-May-2022,2320.0,PE,0.0,0.0,0.0,680.95,199.75,0,0.0,0,0,18-APR-2022,
OPTSTK,ADANIENT,26-May-2022,2340.0,PE,0.0,0.0,0.0,685.2,212.1,0,0.0,0,0,18-APR-2022,
OPTSTK,ADANIENT,26-May-2022,2360.0,PE,0.0,0.0,0.0,628.5,224.8,0,0.0,0,0,18-APR-2022,
OPTSTK,ADANIENT,26-May-2022,2380.0,PE,0.0,0.0,0.0,162.05,237.85,0,0.0,500,0,18-APR-2022,
OPTSTK,ADANIENT,26-May-2022,2400.0,PE,0.0,0.0,0.0,664.35,251.2,0,0.0,0,0,18-APR-2022,
OPTSTK,ADANIENT,26-May-2022,2420.0,PE,0.0,0.0,0.0,682.45,264.95,0,0.0,0,0,18-APR-2022,
OPTSTK,ADANIENT,26-May-2022,2440.0,PE,0.0,0.0,0.0,685.35,279.0,0,0.0,0,0,18-APR-2022,
OPTSTK,ADANIENT,26-May-2022,2460.0,PE,0.0,0.0,0.0,648.05,293.4,0,0.0,0,0,18-APR-2022,
OPTSTK,ADANIENT,26-May-2022,2480.0,PE,0.0,0.0,0.0,666.2,308.05,0,0.0,0,0,18-APR-2022,
OPTSTK,ADANIENT,26-May-2022,2500.0,PE,0.0,0.0,0.0,684.45,323.15,0,0.0,0,0,18-APR-2022,
OPTSTK,ADANIENT,26-May-2022,2520.0,PE,0.0,0.0,0.0,691.4,338.45,0,0.0,0,0,18-APR-2022,
OPTSTK,ADANIENT,26-May-2022,2540.0,PE,0.0,0.0,0.0,675.95,354.0,0,0.0,0,0,18-APR-2022,
OPTSTK,ADANIENT,30-Jun-2022,1340.0,CE,0.0,0.0,0.0,701.55,907.6,0,0.0,0,0,18-APR-2022,
OPTSTK,ADANIENT,30-Jun-2022,1360.0,CE,0.0,0.0,0.0,683.5,888.25,0,0.0,0,0,18-APR-2022,
OPTSTK,ADANIENT,30-Jun-2022,1380.0,CE,0.0,0.0,0.0,665.65,868.95,0,0.0,0,0,18-APR-2022,
OPTSTK,ADANIENT,30-Jun-2022,1400.0,CE,0.0,0.0,0.0,647.95,849.75,0,0.0,0,0,18-APR-2022,
OPTSTK,ADANIENT,30-Jun-2022,1420.0,CE,0.0,0.0,0.0,630.5,830.65,0,0.0,0,0,18-APR-2022,
OPTSTK,ADANIENT,30-Jun-2022,1440.0,CE,0.0,0.0,0.0,613.2,811.6,0,0.0,0,0,18-APR-2022,
OPTSTK,ADANIENT,30-Jun-2022,1460.0,CE,0.0,0.0,0.0,596.15,792.7,0,0.0,0,0,18-APR-2022,
OPTSTK,ADANIENT,30-Jun-2022,1480.0,CE,0.0,0.0,0.0,579.3,773.9,0,0.0,0,0,18-APR-2022,
OPTSTK,ADANIENT,30-Jun-2022,1500.0,CE,0.0,0.0,0.0,562.7,755.2,0,0.0,0,0,18-APR-2022,
OPTSTK,ADANIENT,30-Jun-2022,1520.0,CE,0.0,0.0,0.0,546.3,736.65,0,0.0,0,0,18-APR-2022,
OPTSTK,ADANIENT,30-Jun-2022,1540.0,CE,0.0,0.0,0.0,530.15,718.2,0,0.0,0,0,18-APR-2022,
OPTSTK,ADANIENT,30-Jun-2022,1560.0,CE,0.0,0.0,0.0,514.3,699.95,0,0.0,0,0,18-APR-2022,
OPTSTK,ADANIENT,30-Jun-2022,1580.0,CE,0.0,0.0,0.0,498.65,681.85,0,0.0,0,0,18-APR-2022,
OPTSTK,ADANIENT,30-Jun-2022,1600.0,CE,0.0,0.0,0.0,483.3,663.9,0,0.0,0,0,18-APR-2022,
OPTSTK,ADANIENT,30-Jun-2022,1620.0,CE,0.0,0.0,0.0,468.2,646.15,0,0.0,0,0,18-APR-2022,
OPTSTK,ADANIENT,30-Jun-2022,1640.0,CE,0.0,0.0,0.0,453.5,628.55,0,0.0,0,0,18-APR-2022,
OPTSTK,ADANIENT,30-Jun-2022,1660.0,CE,0.0,0.0,0.0,438.95,611.2,0,0.0,0,0,18-APR-2022,
OPTSTK,ADANIENT,30-Jun-2022,1680.0,CE,0.0,0.0,0.0,424.7,594.0,0,0.0,0,0,18-APR-2022,
OPTSTK,ADANIENT,30-Jun-2022,1700.0,CE,0.0,0.0,0.0,410.75,577.05,0,0.0,0,0,18-APR-2022,
OPTSTK,ADANIENT,30-Jun-2022,1720.0,CE,0.0,0.0,0.0,397.1,560.3,0,0.0,0,0,18-APR-2022,
OPTSTK,ADANIENT,30-Jun-2022,1740.0,CE,0.0,0.0,0.0,383.7,543.8,0,0.0,0,0,18-APR-2022,
OPTSTK,ADANIENT,30-Jun-2022,1760.0,CE,0.0,0.0,0.0,370.65,527.55,0,0.0,0,0,18-APR-2022,
OPTSTK,ADANIENT,30-Jun-2022,1780.0,CE,0.0,0.0,0.0,357.8,511.55,0,0.0,0,0,18-APR-2022,
OPTSTK,ADANIENT,30-Jun-2022,1800.0,CE,0.0,0.0,0.0,345.35,495.8,0,0.0,0,0,18-APR-2022,
OPTSTK,ADANIENT,30-Jun-2022,1820.0,CE,0.0,0.0,0.0,333.25,480.3,0,0.0,0,0,18-APR-2022,
OPTSTK,ADANIENT,30-Jun-2022,1840.0,CE,0.0,0.0,0.0,321.4,465.05,0,0.0,0,0,18-APR-2022,
OPTSTK,ADANIENT,30-Jun-2022,1860.0,CE,0.0,0.0,0.0,309.85,450.1,0,0.0,0,0,18-APR-2022,
OPTSTK,ADANIENT,30-Jun-2022,1880.0,CE,0.0,0.0,0.0,298.6,435.45,0,0.0,0,0,18-APR-2022,
OPTSTK,ADANIENT,30-Jun-2022,1900.0,CE,0.0,0.0,0.0,287.7,421.05,0,0.0,0,0,18-APR-2022,
OPTSTK,ADANIENT,30-Jun-2022,1920.0,CE,0.0,0.0,0.0,277.05,406.95,0,0.0,0,0,18-APR-2022,
OPTSTK,ADANIENT,30-Jun-2022,1940.0,CE,0.0,0.0,0.0,266.7,393.1,0,0.0,0,0,18-APR-2022,
OPTSTK,ADANIENT,30-Jun-2022,1960.0,CE,0.0,0.0,0.0,256.65,379.6,0,0.0,0,0,18-APR-2022,
OPTSTK,ADANIENT,30-Jun-2022,1980.0,CE,0.0,0.0,0.0,246.9,366.3,0,0.0,0,0,18-APR-2022,
OPTSTK,ADANIENT,30-Jun-2022,2000.0,CE,0.0,0.0,0.0,237.45,353.35,0,0.0,0,0,18-APR-2022,
OPTSTK,ADANIENT,30-Jun-2022,2020.0,CE,0.0,0.0,0.0,228.25,340.75,0,0.0,0,0,18-APR-2022,
OPTSTK,ADANIENT,30-Jun-2022,2040.0,CE,0.0,0.0,0.0,219.35,328.45,0,0.0,0,0,18-APR-2022,
OPTSTK,ADANIENT,30-Jun-2022,2060.0,CE,0.0,0.0,0.0,210.75,316.45,0,0.0,0,0,18-APR-2022,
OPTSTK,ADANIENT,30-Jun-2022,2080.0,CE,0.0,0.0,0.0,202.4,304.75,0,0.0,0,0,18-APR-2022,
OPTSTK,ADANIENT,30-Jun-2022,2100.0,CE,0.0,0.0,0.0,194.35,293.4,0,0.0,0,0,18-APR-2022,
OPTSTK,ADANIENT,30-Jun-2022,2120.0,CE,0.0,0.0,0.0,186.5,282.3,0,0.0,0,0,18-APR-2022,
OPTSTK,ADANIENT,30-Jun-2022,2140.0,CE,0.0,0.0,0.0,178.95,271.55,0,0.0,0,0,18-APR-2022,
OPTSTK,ADANIENT,30-Jun-2022,2160.0,CE,0.0,0.0,0.0,171.65,261.05,0,0.0,0,0,18-APR-2022,
OPTSTK,ADANIENT,30-Jun-2022,2180.0,CE,0.0,0.0,0.0,164.6,250.9,0,0.0,0,0,18-APR-2022,
OPTSTK,ADANIENT,30-Jun-2022,2200.0,CE,0.0,0.0,0.0,200.0,241.0,0,0.0,1000,0,18-APR-2022,
OPTSTK,ADANIENT,30-Jun-2022,2220.0,CE,0.0,0.0,0.0,151.25,231.45,0,0.0,0,0,18-APR-2022,
OPTSTK,ADANIENT,30-Jun-2022,2240.0,CE,0.0,0.0,0.0,144.9,222.15,0,0.0,0,0,18-APR-2022,
OPTSTK,ADANIENT,30-Jun-2022,2260.0,CE,0.0,0.0,0.0,138.8,213.15,0,0.0,0,0,18-APR-2022,
OPTSTK,ADANIENT,30-Jun-2022,2280.0,CE,0.0,0.0,0.0,132.9,204.45,0,0.0,0,0,18-APR-2022,
OPTSTK,ADANIENT,30-Jun-2022,2300.0,CE,0.0,0.0,0.0,127.25,196.0,0,0.0,0,0,18-APR-2022,
OPTSTK,ADANIENT,30-Jun-2022,2320.0,CE,0.0,0.0,0.0,121.8,187.85,0,0.0,0,0,18-APR-2022,
OPTSTK,ADANIENT,30-Jun-2022,2340.0,CE,0.0,0.0,0.0,116.55,179.95,0,0.0,0,0,18-APR-2022,
OPTSTK,ADANIENT,30-Jun-2022,2360.0,CE,0.0,0.0,0.0,111.6,172.35,0,0.0,0,0,18-APR-2022,
OPTSTK,ADANIENT,30-Jun-2022,2380.0,CE,0.0,0.0,0.0,106.75,165.0,0,0.0,0,0,18-APR-2022,
OPTSTK,ADANIENT,30-Jun-2022,2400.0,CE,0.0,0.0,0.0,102.1,157.9,0,0.0,0,0,18-APR-2022,
OPTSTK,ADANIENT,30-Jun-2022,2420.0,CE,0.0,0.0,0.0,97.6,151.05,0,0.0,0,0,18-APR-2022,
OPTSTK,ADANIENT,30-Jun-2022,2440.0,CE,0.0,0.0,0.0,93.3,144.45,0,0.0,0,0,18-APR-2022,
OPTSTK,ADANIENT,30-Jun-2022,2460.0,CE,0.0,0.0,0.0,89.15,138.1,0,0.0,0,0,18-APR-2022,
OPTSTK,ADANIENT,30-Jun-2022,2480.0,CE,0.0,0.0,0.0,85.2,132.0,0,0.0,0,0,18-APR-2022,
OPTSTK,ADANIENT,30-Jun-2022,2500.0,CE,0.0,0.0,0.0,81.4,126.1,0,0.0,0,0,18-APR-2022,
OPTSTK,ADANIENT,30-Jun-2022,2520.0,CE,0.0,0.0,0.0,77.75,120.45,0,0.0,0,0,18-APR-2022,
OPTSTK,ADANIENT,30-Jun-2022,2540.0,CE,0.0,0.0,0.0,74.15,115.0,0,0.0,0,0,18-APR-2022,
OPTSTK,ADANIENT,30-Jun-2022,1340.0,PE,0.0,0.0,0.0,12.7,2.5,0,0.0,0,0,18-APR-2022,
OPTSTK,ADANIENT,30-Jun-2022,1360.0,PE,0.0,0.0,0.0,14.45,2.95,0,0.0,0,0,18-APR-2022,
OPTSTK,ADANIENT,30-Jun-2022,1380.0,PE,0.0,0.0,0.0,16.4,3.5,0,0.0,0,0,18-APR-2022,
OPTSTK,ADANIENT,30-Jun-2022,1400.0,PE,0.0,0.0,0.0,18.5,4.1,0,0.0,0,0,18-APR-2022,
OPTSTK,ADANIENT,30-Jun-2022,1420.0,PE,0.0,0.0,0.0,20.8,4.85,0,0.0,0,0,18-APR-2022,
OPTSTK,ADANIENT,30-Jun-2022,1440.0,PE,0.0,0.0,0.0,23.3,5.65,0,0.0,0,0,18-APR-2022,
OPTSTK,ADANIENT,30-Jun-2022,1460.0,PE,0.0,0.0,0.0,26.05,6.55,0,0.0,0,0,18-APR-2022,
OPTSTK,ADANIENT,30-Jun-2022,1480.0,PE,0.0,0.0,0.0,29.0,7.55,0,0.0,0,0,18-APR-2022,
OPTSTK,ADANIENT,30-Jun-2022,1500.0,PE,0.0,0.0,0.0,32.15,8.7,0,0.0,0,0,18-APR-2022,
OPTSTK,ADANIENT,30-Jun-2022,1520.0,PE,0.0,0.0,0.0,35.55,10.0,0,0.0,0,0,18-APR-2022,
OPTSTK,ADANIENT,30-Jun-2022,1540.0,PE,0.0,0.0,0.0,39.2,11.4,0,0.0,0,0,18-APR-2022,
OPTSTK,ADANIENT,30-Jun-2022,1560.0,PE,0.0,0.0,0.0,43.15,12.95,0,0.0,0,0,18-APR-2022,
OPTSTK,ADANIENT,30-Jun-2022,1580.0,PE,0.0,0.0,0.0,47.3,14.65,0,0.0,0,0,18-APR-2022,
OPTSTK,ADANIENT,30-Jun-2022,1600.0,PE,0.0,0.0,0.0,51.75,16.55,0,0.0,0,0,18-APR-2022,
OPTSTK,ADANIENT,30-Jun-2022,1620.0,PE,0.0,0.0,0.0,56.45,18.65,0,0.0,0,0,18-APR-2022,
OPTSTK,ADANIENT,30-Jun-2022,1640.0,PE,0.0,0.0,0.0,61.5,20.9,0,0.0,0,0,18-APR-2022,
OPTSTK,ADANIENT,30-Jun-2022,1660.0,PE,0.0,0.0,0.0,66.75,23.35,0,0.0,0,0,18-APR-2022,
OPTSTK,ADANIENT,30-Jun-2022,1680.0,PE,0.0,0.0,0.0,72.3,26.0,0,0.0,0,0,18-APR-2022,
OPTSTK,ADANIENT,30-Jun-2022,1700.0,PE,0.0,0.0,0.0,78.1,28.85,0,0.0,0,0,18-APR-2022,
OPTSTK,ADANIENT,30-Jun-2022,1720.0,PE,0.0,0.0,0.0,84.25,31.95,0,0.0,0,0,18-APR-2022,
OPTSTK,ADANIENT,30-Jun-2022,1740.0,PE,0.0,0.0,0.0,90.65,35.3,0,0.0,0,0,18-APR-2022,
OPTSTK,ADANIENT,30-Jun-2022,1760.0,PE,0.0,0.0,0.0,97.4,38.85,0,0.0,0,0,18-APR-2022,
OPTSTK,ADANIENT,30-Jun-2022,1780.0,PE,0.0,0.0,0.0,104.35,42.7,0,0.0,0,0,18-APR-2022,
OPTSTK,ADANIENT,30-Jun-2022,1800.0,PE,0.0,0.0,0.0,111.7,46.75,0,0.0,0,0,18-APR-2022,
OPTSTK,ADANIENT,30-Jun-2022,1820.0,PE,0.0,0.0,0.0,119.35,51.05,0,0.0,0,0,18-APR-2022,
OPTSTK,ADANIENT,30-Jun-2022,1840.0,PE,0.0,0.0,0.0,127.3,55.65,0,0.0,0,0,18-APR-2022,
OPTSTK,ADANIENT,30-Jun-2022,1860.0,PE,0.0,0.0,0.0,135.55,60.55,0,0.0,0,0,18-APR-2022,
OPTSTK,ADANIENT,30-Jun-2022,1880.0,PE,0.0,0.0,0.0,144.1,65.75,0,0.0,0,0,18-APR-2022,
OPTSTK,ADANIENT,30-Jun-2022,1900.0,PE,0.0,0.0,0.0,152.95,71.2,0,0.0,0,0,18-APR-2022,
OPTSTK,ADANIENT,30-Jun-2022,1920.0,PE,0.0,0.0,0.0,162.1,76.9,0,0.0,0,0,18-APR-2022,
OPTSTK,ADANIENT,30-Jun-2022,1940.0,PE,0.0,0.0,0.0,171.55,82.9,0,0.0,0,0,18-APR-2022,
OPTSTK,ADANIENT,30-Jun-2022,1960.0,PE,0.0,0.0,0.0,181.3,89.2,0,0.0,0,0,18-APR-2022,
OPTSTK,ADANIENT,30-Jun-2022,1980.0,PE,0.0,0.0,0.0,191.35,95.7,0,0.0,0,0,18-APR-2022,
OPTSTK,ADANIENT,30-Jun-2022,2000.0,PE,0.0,0.0,0.0,201.65,102.65,0,0.0,0,0,18-APR-2022,
OPTSTK,ADANIENT,30-Jun-2022,2020.0,PE,0.0,0.0,0.0,212.25,109.85,0,0.0,0,0,18-APR-2022,
OPTSTK,ADANIENT,30-Jun-2022,2040.0,PE,0.0,0.0,0.0,223.15,117.4,0,0.0,0,0,18-APR-2022,
OPTSTK,ADANIENT,30-Jun-2022,2060.0,PE,0.0,0.0,0.0,234.35,125.2,0,0.0,0,0,18-APR-2022,
OPTSTK,ADANIENT,30-Jun-2022,2080.0,PE,0.0,0.0,0.0,245.8,133.35,0,0.0,0,0,18-APR-2022,
OPTSTK,ADANIENT,30-Jun-2022,2100.0,PE,0.0,0.0,0.0,257.5,141.8,0,0.0,0,0,18-APR-2022,
OPTSTK,ADANIENT,30-Jun-2022,2120.0,PE,0.0,0.0,0.0,269.5,150.55,0,0.0,0,0,18-APR-2022,
OPTSTK,ADANIENT,30-Jun-2022,2140.0,PE,0.0,0.0,0.0,281.7,159.6,0,0.0,0,0,18-APR-2022,
OPTSTK,ADANIENT,30-Jun-2022,2160.0,PE,0.0,0.0,0.0,294.2,169.0,0,0.0,0,0,18-APR-2022,
OPTSTK,ADANIENT,30-Jun-2022,2180.0,PE,0.0,0.0,0.0,306.95,178.65,0,0.0,0,0,18-APR-2022,
OPTSTK,ADANIENT,30-Jun-2022,2200.0,PE,0.0,0.0,0.0,319.95,188.6,0,0.0,0,0,18-APR-2022,
OPTSTK,ADANIENT,30-Jun-2022,2220.0,PE,0.0,0.0,0.0,333.15,198.85,0,0.0,0,0,18-APR-2022,
OPTSTK,ADANIENT,30-Jun-2022,2240.0,PE,0.0,0.0,0.0,346.6,209.4,0,0.0,0,0,18-APR-2022,
OPTSTK,ADANIENT,30-Jun-2022,2260.0,PE,0.0,0.0,0.0,360.3,220.2,0,0.0,0,0,18-APR-2022,
OPTSTK,ADANIENT,30-Jun-2022,2280.0,PE,0.0,0.0,0.0,374.2,231.35,0,0.0,0,0,18-APR-2022,
OPTSTK,ADANIENT,30-Jun-2022,2300.0,PE,0.0,0.0,0.0,388.3,242.75,0,0.0,0,0,18-APR-2022,
OPTSTK,ADANIENT,30-Jun-2022,2320.0,PE,0.0,0.0,0.0,402.65,254.4,0,0.0,0,0,18-APR-2022,
OPTSTK,ADANIENT,30-Jun-2022,2340.0,PE,0.0,0.0,0.0,417.2,266.35,0,0.0,0,0,18-APR-2022,
OPTSTK,ADANIENT,30-Jun-2022,2360.0,PE,0.0,0.0,0.0,432.0,278.6,0,0.0,0,0,18-APR-2022,
OPTSTK,ADANIENT,30-Jun-2022,2380.0,PE,0.0,0.0,0.0,446.95,291.05,0,0.0,0,0,18-APR-2022,
OPTSTK,ADANIENT,30-Jun-2022,2400.0,PE,0.0,0.0,0.0,462.1,303.8,0,0.0,0,0,18-APR-2022,
OPTSTK,ADANIENT,30-Jun-2022,2420.0,PE,0.0,0.0,0.0,477.4,316.8,0,0.0,0,0,18-APR-2022,
OPTSTK,ADANIENT,30-Jun-2022,2440.0,PE,0.0,0.0,0.0,492.9,330.0,0,0.0,0,0,18-APR-2022,
OPTSTK,ADANIENT,30-Jun-2022,2460.0,PE,0.0,0.0,0.0,508.55,343.5,0,0.0,0,0,18-APR-2022,
OPTSTK,ADANIENT,30-Jun-2022,2480.0,PE,0.0,0.0,0.0,524.35,357.2,0,0.0,0,0,18-APR-2022,
OPTSTK,ADANIENT,30-Jun-2022,2500.0,PE,0.0,0.0,0.0,540.35,371.15,0,0.0,0,0,18-APR-2022,
OPTSTK,ADANIENT,30-Jun-2022,2520.0,PE,0.0,0.0,0.0,556.5,385.3,0,0.0,0,0,18-APR-2022,
OPTSTK,ADANIENT,30-Jun-2022,2540.0,PE,0.0,0.0,0.0,572.7,399.7,0,0.0,0,0,18-APR-2022,
OPTSTK,ADANIPORTS,28-Apr-2022,500.0,CE,0.0,0.0,0.0,217.7,343.3,0,0.0,0,0,18-APR-2022,
OPTSTK,ADANIPORTS,28-Apr-2022,510.0,CE,0.0,0.0,0.0,208.6,333.3,0,0.0,0,0,18-APR-2022,
OPTSTK,ADANIPORTS,28-Apr-2022,520.0,CE,0.0,0.0,0.0,199.6,323.3,0,0.0,0,0,18-APR-2022,
OPTSTK,ADANIPORTS,28-Apr-2022,530.0,CE,0.0,0.0,0.0,190.75,313.3,0,0.0,0,0,18-APR-2022,
OPTSTK,ADANIPORTS,28-Apr-2022,540.0,CE,0.0,0.0,0.0,182.1,303.35,0,0.0,0,0,18-APR-2022,
OPTSTK,ADANIPORTS,28-Apr-2022,550.0,CE,0.0,0.0,0.0,173.55,293.35,0,0.0,0,0,18-APR-2022,
OPTSTK,ADANIPORTS,28-Apr-2022,560.0,CE,0.0,0.0,0.0,329.5,283.35,0,0.0,0,0,18-APR-2022,
OPTSTK,ADANIPORTS,28-Apr-2022,570.0,CE,0.0,0.0,0.0,157.1,273.35,0,0.0,0,0,18-APR-2022,
OPTSTK,ADANIPORTS,28-Apr-2022,580.0,CE,0.0,0.0,0.0,149.2,263.35,0,0.0,0,0,18-APR-2022,
OPTSTK,ADANIPORTS,28-Apr-2022,590.0,CE,0.0,0.0,0.0,141.45,253.4,0,0.0,0,0,18-APR-2022,
OPTSTK,ADANIPORTS,28-Apr-2022,600.0,CE,0.0,0.0,0.0,134.0,243.4,0,0.0,0,0,18-APR-2022,
OPTSTK,ADANIPORTS,28-Apr-2022,610.0,CE,0.0,0.0,0.0,126.7,233.4,0,0.0,0,0,18-APR-2022,
OPTSTK,ADANIPORTS,28-Apr-2022,620.0,CE,0.0,0.0,0.0,119.7,223.4,0,0.0,0,0,18-APR-2022,
OPTSTK,ADANIPORTS,28-Apr-2022,630.0,CE,0.0,0.0,0.0,112.9,213.45,0,0.0,0,0,18-APR-2022,
OPTSTK,ADANIPORTS,28-Apr-2022,640.0,CE,0.0,0.0,0.0,106.35,203.45,0,0.0,0,0,18-APR-2022,
OPTSTK,ADANIPORTS,28-Apr-2022,650.0,CE,0.0,0.0,0.0,143.05,193.45,0,0.0,8750,0,18-APR-2022,
OPTSTK,ADANIPORTS,28-Apr-2022,660.0,CE,0.0,0.0,0.0,94.0,183.45,0,0.0,0,0,18-APR-2022,
OPTSTK,ADANIPORTS,28-Apr-2022,670.0,CE,0.0,0.0,0.0,161.35,173.5,0,0.0,3750,0,18-APR-2022,
OPTSTK,ADANIPORTS,28-Apr-2022,680.0,CE,0.0,0.0,0.0,173.1,163.5,0,0.0,3750,0,18-APR-2022,
OPTSTK,ADANIPORTS,28-Apr-2022,690.0,CE,0.0,0.0,0.0,77.45,153.55,0,0.0,0,0,18-APR-2022,
OPTSTK,ADANIPORTS,28-Apr-2022,700.0,CE,131.45,148.3,131.45,148.3,143.65,4,42.14,455000,1250,18-APR-2022,
OPTSTK,ADANIPORTS,28-Apr-2022,710.0,CE,0.0,0.0,0.0,149.45,133.75,0,0.0,36250,0,18-APR-2022,
OPTSTK,ADANIPORTS,28-Apr-2022,720.0,CE,0.0,0.0,0.0,125.0,123.9,0,0.0,53750,0,18-APR-2022,
OPTSTK,ADANIPORTS,28-Apr-2022,730.0,CE,0.0,0.0,0.0,110.0,114.15,0,0.0,83750,0,18-APR-2022,
OPTSTK,ADANIPORTS,28-Apr-2022,740.0,CE,108.5,108.65,108.4,108.55,108.55,3,31.81,132500,0,18-APR-2022,
OPTSTK,ADANIPORTS,28-Apr-2022,750.0,CE,86.0,98.8,86.0,98.8,98.8,19,199.42,205000,-17500,18-APR-2022,
OPTSTK,ADANIPORTS,28-Apr-2022,760.0,CE,69.7,70.0,69.0,69.0,85.8,5,51.85,135000,-1250,18-APR-2022,
OPTSTK,ADANIPORTS,28-Apr-2022,770.0,CE,61.0,80.1,61.0,79.15,79.15,6,63.29,410000,-1250,18-APR-2022,
OPTSTK,ADANIPORTS,28-Apr-2022,780.0,CE,64.0,72.8,53.5,71.5,71.5,36,377.78,193750,-6250,18-APR-2022,
OPTSTK,ADANIPORTS,28-Apr-2022,790.0,CE,49.8,64.1,49.0,63.1,63.1,10,106.19,101250,6250,18-APR-2022,
OPTSTK,ADANIPORTS,28-Apr-2022,800.0,CE,36.95,56.9,36.9,54.1,54.1,636,6717.78,930000,-7500,18-APR-2022,
OPTSTK,ADANIPORTS,28-Apr-2022,810.0,CE,37.3,48.0,32.5,46.6,46.6,26,276.63,130000,-8750,18-APR-2022,
OPTSTK,ADANIPORTS,28-Apr-2022,820.0,CE,30.6,42.25,26.8,39.0,39.0,429,4570.67,335000,-80000,18-APR-2022,
OPTSTK,ADANIPORTS,28-Apr-2022,830.0,CE,29.5,35.15,21.45,32.75,32.75,972,10415.21,212500,11250,18-APR-2022,
OPTSTK,ADANIPORTS,28-Apr-2022,840.0,CE,22.8,29.7,17.35,27.1,27.1,1398,15094.81,735000,198750,18-APR-2022,
OPTSTK,ADANIPORTS,28-Apr-2022,850.0,CE,17.05,24.5,13.9,22.25,22.25,1891,20542.96,1362500,-3750,18-APR-2022,
OPTSTK,ADANIPORTS,28-Apr-2022,860.0,CE,14.05,20.1,11.2,18.0,18.0,1579,17267.97,1578750,-153750,18-APR-2022,
OPTSTK,ADANIPORTS,28-Apr-2022,870.0,CE,10.05,16.15,8.8,14.45,14.45,947,10442.73,677500,-25000,18-APR-2022,
OPTSTK,ADANIPORTS,28-Apr-2022,880.0,CE,9.05,13.1,7.0,11.65,11.65,1022,11361.69,910000,-70000,18-APR-2022,
OPTSTK,ADANIPORTS,28-Apr-2022,890.0,CE,8.1,10.55,5.75,9.45,9.45,411,4611.96,260000,12500,18-APR-2022,
OPTSTK,ADANIPORTS,28-Apr-2022,900.0,CE,4.6,8.7,4.6,7.65,7.65,1634,18509.77,2201250,-57500,18-APR-2022,
OPTSTK,ADANIPORTS,28-Apr-2022,910.0,CE,4.8,6.75,3.75,6.0,6.0,384,4391.63,303750,32500,18-APR-2022,
OPTSTK,ADANIPORTS,28-Apr-2022,920.0,CE,4.1,5.55,3.0,4.85,4.85,498,5750.29,358750,-55000,18-APR-2022,
OPTSTK,ADANIPORTS,28-Apr-2022,930.0,CE,3.0,4.4,2.5,3.85,3.85,246,2869.22,195000,31250,18-APR-2022,
OPTSTK,ADANIPORTS,28-Apr-2022,940.0,CE,2.4,3.6,2.1,3.15,3.15,157,1849.81,225000,8750,18-APR-2022,
OPTSTK,ADANIPORTS,28-Apr-2022,950.0,CE,2.75,2.95,1.55,2.6,2.6,631,7509.35,817500,57500,18-APR-2022,
OPTSTK,ADANIPORTS,28-Apr-2022,960.0,CE,1.75,2.5,1.45,2.15,2.15,181,2175.98,263750,11250,18-APR-2022,
OPTSTK,ADANIPORTS,28-Apr-2022,970.0,CE,2.3,2.3,1.2,1.7,1.7,135,1639.38,125000,13750,18-APR-2022,
OPTSTK,ADANIPORTS,28-Apr-2022,980.0,CE,1.3,1.75,1.0,1.5,1.5,255,3127.84,601250,-25000,18-APR-2022,
OPTSTK,ADANIPORTS,28-Apr-2022,990.0,CE,1.15,1.4,0.8,1.35,0.45,91,1127.24,78750,17500,18-APR-2022,
OPTSTK,ADANIPORTS,28-Apr-2022,1000.0,CE,1.25,1.25,0.6,0.9,0.9,387,4841.43,895000,-58750,18-APR-2022,
OPTSTK,ADANIPORTS,28-Apr-2022,500.0,PE,0.35,0.35,0.35,0.35,0.0,1,6.25,30000,0,18-APR-2022,
OPTSTK,ADANIPORTS,28-Apr-2022,510.0,PE,0.0,0.0,0.0,4.15,0.0,0,0.0,0,0,18-APR-2022,
OPTSTK,ADANIPORTS,28-Apr-2022,520.0,PE,0.0,0.0,0.0,5.1,0.0,0,0.0,0,0,18-APR-2022,
OPTSTK,ADANIPORTS,28-Apr-2022,530.0,PE,0.0,0.0,0.0,6.15,0.0,0,0.0,0,0,18-APR-2022,
OPTSTK,ADANIPORTS,28-Apr-2022,540.0,PE,0.0,0.0,0.0,7.35,0.0,0,0.0,0,0,18-APR-2022,
OPTSTK,ADANIPORTS,28-Apr-2022,550.0,PE,0.0,0.0,0.0,8.75,0.0,0,0.0,0,0,18-APR-2022,
OPTSTK,ADANIPORTS,28-Apr-2022,560.0,PE,0.0,0.0,0.0,0.5,0.0,0,0.0,1250,0,18-APR-2022,
OPTSTK,ADANIPORTS,28-Apr-2022,570.0,PE,0.0,0.0,0.0,12.05,0.0,0,0.0,0,0,18-APR-2022,
OPTSTK,ADANIPORTS,28-Apr-2022,580.0,PE,0.0,0.0,0.0,14.05,0.0,0,0.0,0,0,18-APR-2022,
OPTSTK,ADANIPORTS,28-Apr-2022,590.0,PE,0.0,0.0,0.0,16.2,0.0,0,0.0,0,0,18-APR-2022,
OPTSTK,ADANIPORTS,28-Apr-2022,600.0,PE,0.5,0.5,0.5,0.5,0.0,1,7.5,108750,0,18-APR-2022,
OPTSTK,ADANIPORTS,28-Apr-2022,610.0,PE,0.0,0.0,0.0,21.25,0.0,0,0.0,0,0,18-APR-2022,
OPTSTK,ADANIPORTS,28-Apr-2022,620.0,PE,0.0,0.0,0.0,1.1,0.0,0,0.0,10000,0,18-APR-2022,
OPTSTK,ADANIPORTS,28-Apr-2022,630.0,PE,0.6,0.65,0.6,0.6,0.0,17,134.0,78750,-1250,18-APR-2022,
OPTSTK,ADANIPORTS,28-Apr-2022,640.0,PE,0.95,0.95,0.55,0.7,0.7,35,280.31,97500,-2500,18-APR-2022,
OPTSTK,ADANIPORTS,28-Apr-2022,650.0,PE,0.75,0.8,0.6,0.8,0.8,183,1488.46,298750,-6250,18-APR-2022,
OPTSTK,ADANIPORTS,28-Apr-2022,660.0,PE,0.4,0.9,0.4,0.8,0.05,44,363.45,90000,-5000,18-APR-2022,
OPTSTK,ADANIPORTS,28-Apr-2022,670.0,PE,0.0,0.0,0.0,0.95,0.05,0,0.0,30000,0,18-APR-2022,
OPTSTK,ADANIPORTS,28-Apr-2022,680.0,PE,0.9,1.05,0.85,0.95,0.95,13,110.65,120000,0,18-APR-2022,
OPTSTK,ADANIPORTS,28-Apr-2022,690.0,PE,0.8,1.0,0.8,0.9,0.1,22,190.0,61250,0,18-APR-2022,
OPTSTK,ADANIPORTS,28-Apr-2022,700.0,PE,0.75,1.2,0.75,1.1,1.1,276,2418.53,687500,-38750,18-APR-2022,
OPTSTK,ADANIPORTS,28-Apr-2022,710.0,PE,1.15,1.35,1.0,1.25,1.25,27,240.01,121250,-1250,18-APR-2022,
OPTSTK,ADANIPORTS,28-Apr-2022,720.0,PE,1.5,1.7,1.1,1.4,1.4,93,838.6,303750,-18750,18-APR-2022,
OPTSTK,ADANIPORTS,28-Apr-2022,730.0,PE,2.0,2.15,1.3,1.55,1.55,98,896.34,131250,-22500,18-APR-2022,
OPTSTK,ADANIPORTS,28-Apr-2022,740.0,PE,1.55,2.85,1.4,1.9,1.9,227,2105.91,220000,-26250,18-APR-2022,
OPTSTK,ADANIPORTS,28-Apr-2022,750.0,PE,4.0,4.0,1.85,2.3,2.3,393,3697.64,538750,-43750,18-APR-2022,
OPTSTK,ADANIPORTS,28-Apr-2022,760.0,PE,4.25,4.8,2.4,2.9,2.9,147,1402.78,267500,-15000,18-APR-2022,
OPTSTK,ADANIPORTS,28-Apr-2022,770.0,PE,6.45,6.45,3.15,3.7,3.7,231,2237.5,240000,-8750,18-APR-2022,
OPTSTK,ADANIPORTS,28-Apr-2022,780.0,PE,8.35,8.5,4.3,4.9,4.9,430,4225.91,465000,76250,18-APR-2022,
OPTSTK,ADANIPORTS,28-Apr-2022,790.0,PE,10.4,11.1,5.65,6.3,6.3,340,3393.61,223750,27500,18-APR-2022,
OPTSTK,ADANIPORTS,28-Apr-2022,800.0,PE,13.6,14.25,7.35,8.15,8.15,1026,10398.38,1342500,-132500,18-APR-2022,
OPTSTK,ADANIPORTS,28-Apr-2022,810.0,PE,16.0,18.05,9.7,10.45,10.45,330,3397.76,168750,17500,18-APR-2022,
OPTSTK,ADANIPORTS,28-Apr-2022,820.0,PE,22.75,22.75,12.5,13.2,13.2,649,6794.6,413750,0,18-APR-2022,
OPTSTK,ADANIPORTS,28-Apr-2022,830.0,PE,26.0,27.6,15.95,16.8,16.8,652,6940.79,198750,3750,18-APR-2022,
OPTSTK,ADANIPORTS,28-Apr-2022,840.0,PE,30.0,33.0,19.85,21.05,21.05,382,4131.18,342500,-18750,18-APR-2022,
OPTSTK,ADANIPORTS,28-Apr-2022,850.0,PE,33.85,38.75,25.0,26.0,26.0,218,2400.06,420000,-11250,18-APR-2022,
OPTSTK,ADANIPORTS,28-Apr-2022,860.0,PE,42.4,47.0,30.4,31.65,31.65,42,472.44,146250,-12500,18-APR-2022,
OPTSTK,ADANIPORTS,28-Apr-2022,870.0,PE,48.85,50.7,37.8,37.8,40.9,30,343.9,56250,-6250,18-APR-2022,
OPTSTK,ADANIPORTS,28-Apr-2022,880.0,PE,56.05,56.05,44.1,45.9,45.9,18,209.16,60000,7500,18-APR-2022,
OPTSTK,ADANIPORTS,28-Apr-2022,890.0,PE,0.0,0.0,0.0,56.2,55.4,0,0.0,8750,0,18-APR-2022,
OPTSTK,ADANIPORTS,28-Apr-2022,900.0,PE,11.8,80.0,11.8,62.4,62.4,19,229.79,143750,-2500,18-APR-2022,
OPTSTK,ADANIPORTS,28-Apr-2022,910.0,PE,0.0,0.0,0.0,205.45,71.7,0,0.0,0,0,18-APR-2022,
OPTSTK,ADANIPORTS,28-Apr-2022,920.0,PE,0.0,0.0,0.0,83.25,80.35,0,0.0,2500,0,18-APR-2022,
OPTSTK,ADANIPORTS,28-Apr-2022,930.0,PE,0.0,0.0,0.0,86.4,89.3,0,0.0,1250,0,18-APR-2022,
OPTSTK,ADANIPORTS,28-Apr-2022,940.0,PE,0.0,0.0,0.0,231.85,98.5,0,0.0,0,0,18-APR-2022,
OPTSTK,ADANIPORTS,28-Apr-2022,950.0,PE,0.0,0.0,0.0,106.45,107.9,0,0.0,0,0,18-APR-2022,
OPTSTK,ADANIPORTS,28-Apr-2022,960.0,PE,0.0,0.0,0.0,249.9,117.4,0,0.0,0,0,18-APR-2022,
OPTSTK,ADANIPORTS,28-Apr-2022,970.0,PE,0.0,0.0,0.0,259.0,127.05,0,0.0,0,0,18-APR-2022,
OPTSTK,ADANIPORTS,28-Apr-2022,980.0,PE,0.0,0.0,0.0,268.2,136.8,0,0.0,0,0,18-APR-2022,
OPTSTK,ADANIPORTS,28-Apr-2022,990.0,PE,0.0,0.0,0.0,277.4,146.6,0,0.0,0,0,18-APR-2022,
OPTSTK,ADANIPORTS,28-Apr-2022,1000.0,PE,0.0,0.0,0.0,286.7,156.45,0,0.0,0,0,18-APR-2022,
OPTSTK,ADANIPORTS,26-May-2022,500.0,CE,0.0,0.0,0.0,166.6,344.95,0,0.0,0,0,18-APR-2022,
OPTSTK,ADANIPORTS,26-May-2022,510.0,CE,0.0,0.0,0.0,158.1,335.0,0,0.0,0,0,18-APR-2022,
OPTSTK,ADANIPORTS,26-May-2022,520.0,CE,0.0,0.0,0.0,149.75,325.05,0,0.0,0,0,18-APR-2022,
OPTSTK,ADANIPORTS,26-May-2022,530.0,CE,0.0,0.0,0.0,141.65,315.1,0,0.0,0,0,18-APR-2022,
OPTSTK,ADANIPORTS,26-May-2022,540.0,CE,0.0,0.0,0.0,133.75,305.15,0,0.0,0,0,18-APR-2022,
OPTSTK,ADANIPORTS,26-May-2022,550.0,CE,0.0,0.0,0.0,126.1,295.2,0,0.0,0,0,18-APR-2022,
OPTSTK,ADANIPORTS,26-May-2022,560.0,CE,0.0,0.0,0.0,118.7,285.25,0,0.0,0,0,18-APR-2022,
OPTSTK,ADANIPORTS,26-May-2022,570.0,CE,0.0,0.0,0.0,111.55,275.35,0,0.0,0,0,18-APR-2022,
OPTSTK,ADANIPORTS,26-May-2022,580.0,CE,0.0,0.0,0.0,104.65,265.45,0,0.0,0,0,18-APR-2022,
OPTSTK,ADANIPORTS,26-May-2022,590.0,CE,0.0,0.0,0.0,98.0,255.55,0,0.0,0,0,18-APR-2022,
OPTSTK,ADANIPORTS,26-May-2022,600.0,CE,0.0,0.0,0.0,91.65,245.7,0,0.0,0,0,18-APR-2022,
OPTSTK,ADANIPORTS,26-May-2022,610.0,CE,0.0,0.0,0.0,85.6,235.85,0,0.0,0,0,18-APR-2022,
OPTSTK,ADANIPORTS,26-May-2022,620.0,CE,0.0,0.0,0.0,79.8,226.1,0,0.0,0,0,18-APR-2022,
OPTSTK,ADANIPORTS,26-May-2022,630.0,CE,0.0,0.0,0.0,74.3,216.35,0,0.0,0,0,18-APR-2022,
OPTSTK,ADANIPORTS,26-May-2022,640.0,CE,0.0,0.0,0.0,69.1,206.7,0,0.0,0,0,18-APR-2022,
OPTSTK,ADANIPORTS,26-May-2022,650.0,CE,0.0,0.0,0.0,64.1,197.1,0,0.0,0,0,18-APR-2022,
OPTSTK,ADANIPORTS,26-May-2022,660.0,CE,0.0,0.0,0.0,59.45,187.6,0,0.0,0,0,18-APR-2022,
OPTSTK,ADANIPORTS,26-May-2022,670.0,CE,0.0,0.0,0.0,55.0,178.25,0,0.0,0,0,18-APR-2022,
OPTSTK,ADANIPORTS,26-May-2022,680.0,CE,0.0,0.0,0.0,50.85,169.0,0,0.0,0,0,18-APR-2022,
OPTSTK,ADANIPORTS,26-May-2022,690.0,CE,0.0,0.0,0.0,46.95,159.9,0,0.0,0,0,18-APR-2022,
OPTSTK,ADANIPORTS,26-May-2022,700.0,CE,0.0,0.0,0.0,43.3,150.95,0,0.0,0,0,18-APR-2022,
OPTSTK,ADANIPORTS,26-May-2022,710.0,CE,0.0,0.0,0.0,39.85,142.15,0,0.0,0,0,18-APR-2022,
OPTSTK,ADANIPORTS,26-May-2022,720.0,CE,0.0,0.0,0.0,36.65,133.6,0,0.0,0,0,18-APR-2022,
OPTSTK,ADANIPORTS,26-May-2022,730.0,CE,0.0,0.0,0.0,140.0,125.25,0,0.0,2500,0,18-APR-2022,
OPTSTK,ADANIPORTS,26-May-2022,740.0,CE,0.0,0.0,0.0,30.85,117.15,0,0.0,0,0,18-APR-2022,
OPTSTK,ADANIPORTS,26-May-2022,750.0,CE,102.0,110.1,102.0,106.95,106.95,51,544.47,137500,-27500,18-APR-2022,
OPTSTK,ADANIPORTS,26-May-2022,760.0,CE,0.0,0.0,0.0,25.9,101.75,0,0.0,0,0,18-APR-2022,
OPTSTK,ADANIPORTS,26-May-2022,770.0,CE,0.0,0.0,0.0,58.05,94.5,0,0.0,1250,0,18-APR-2022,
OPTSTK,ADANIPORTS,26-May-2022,780.0,CE,0.0,0.0,0.0,30.0,87.45,0,0.0,1250,0,18-APR-2022,
OPTSTK,ADANIPORTS,26-May-2022,790.0,CE,0.0,0.0,0.0,19.75,80.75,0,0.0,0,0,18-APR-2022,
OPTSTK,ADANIPORTS,26-May-2022,800.0,CE,66.35,74.05,66.35,74.05,74.4,3,32.6,28750,1250,18-APR-2022,
OPTSTK,ADANIPORTS,26-May-2022,810.0,CE,0.0,0.0,0.0,60.0,68.35,0,0.0,1250,0,18-APR-2022,
OPTSTK,ADANIPORTS,26-May-2022,820.0,CE,0.0,0.0,0.0,56.2,62.65,0,0.0,23750,0,18-APR-2022,
OPTSTK,ADANIPORTS,26-May-2022,830.0,CE,0.0,0.0,0.0,70.0,57.3,0,0.0,2500,0,18-APR-2022,
OPTSTK,ADANIPORTS,26-May-2022,840.0,CE,39.25,50.05,39.25,50.0,50.0,7,77.6,7500,1250,18-APR-2022,
OPTSTK,ADANIPORTS,26-May-2022,850.0,CE,40.0,47.1,36.3,45.95,45.95,33,368.22,108750,2500,18-APR-2022,
OPTSTK,ADANIPORTS,26-May-2022,860.0,CE,35.0,42.9,34.0,41.35,41.35,19,213.11,70000,11250,18-APR-2022,
OPTSTK,ADANIPORTS,26-May-2022,870.0,CE,30.5,37.0,29.0,36.5,36.5,12,135.47,48750,7500,18-APR-2022,
OPTSTK,ADANIPORTS,26-May-2022,880.0,CE,0.0,0.0,0.0,39.0,35.15,0,0.0,1250,0,18-APR-2022,
OPTSTK,ADANIPORTS,26-May-2022,890.0,CE,0.0,0.0,0.0,7.5,31.65,0,0.0,0,0,18-APR-2022,
OPTSTK,ADANIPORTS,26-May-2022,900.0,CE,25.0,29.7,21.85,27.7,27.7,99,1144.28,141250,58750,18-APR-2022,
OPTSTK,ADANIPORTS,26-May-2022,910.0,CE,0.0,0.0,0.0,6.1,25.45,0,0.0,0,0,18-APR-2022,
OPTSTK,ADANIPORTS,26-May-2022,920.0,CE,17.15,17.7,17.0,17.0,22.75,4,46.86,7500,2500,18-APR-2022,
OPTSTK,ADANIPORTS,26-May-2022,930.0,CE,0.0,0.0,0.0,31.35,20.3,0,0.0,0,0,18-APR-2022,
OPTSTK,ADANIPORTS,26-May-2022,940.0,CE,0.0,0.0,0.0,24.8,18.05,0,0.0,1250,0,18-APR-2022,
OPTSTK,ADANIPORTS,26-May-2022,950.0,CE,19.0,19.0,11.3,15.75,15.75,24,289.64,27500,17500,18-APR-2022,
OPTSTK,ADANIPORTS,26-May-2022,960.0,CE,12.45,14.7,11.0,14.0,14.0,7,85.11,18750,5000,18-APR-2022,
OPTSTK,ADANIPORTS,26-May-2022,970.0,CE,0.0,0.0,0.0,6.4,12.5,0,0.0,0,0,18-APR-2022,
OPTSTK,ADANIPORTS,26-May-2022,980.0,CE,0.0,0.0,0.0,5.8,11.05,0,0.0,0,0,18-APR-2022,
OPTSTK,ADANIPORTS,26-May-2022,990.0,CE,0.0,0.0,0.0,5.25,9.7,0,0.0,0,0,18-APR-2022,
OPTSTK,ADANIPORTS,26-May-2022,1000.0,CE,8.5,8.85,6.1,8.85,8.85,23,289.75,40000,16250,18-APR-2022,
OPTSTK,ADANIPORTS,26-May-2022,500.0,PE,0.0,0.0,0.0,6.55,0.0,0,0.0,0,0,18-APR-2022,
OPTSTK,ADANIPORTS,26-May-2022,510.0,PE,0.0,0.0,0.0,7.9,0.05,0,0.0,0,0,18-APR-2022,
OPTSTK,ADANIPORTS,26-May-2022,520.0,PE,0.0,0.0,0.0,9.45,0.05,0,0.0,0,0,18-APR-2022,
OPTSTK,ADANIPORTS,26-May-2022,530.0,PE,0.0,0.0,0.0,11.25,0.05,0,0.0,0,0,18-APR-2022,
OPTSTK,ADANIPORTS,26-May-2022,540.0,PE,0.0,0.0,0.0,13.25,0.05,0,0.0,0,0,18-APR-2022,
OPTSTK,ADANIPORTS,26-May-2022,550.0,PE,0.0,0.0,0.0,15.5,0.05,0,0.0,0,0,18-APR-2022,
OPTSTK,ADANIPORTS,26-May-2022,560.0,PE,0.0,0.0,0.0,18.0,0.1,0,0.0,0,0,18-APR-2022,
OPTSTK,ADANIPORTS,26-May-2022,570.0,PE,0.0,0.0,0.0,20.75,0.15,0,0.0,0,0,18-APR-2022,
OPTSTK,ADANIPORTS,26-May-2022,580.0,PE,0.0,0.0,0.0,23.75,0.2,0,0.0,0,0,18-APR-2022,
OPTSTK,ADANIPORTS,26-May-2022,590.0,PE,0.0,0.0,0.0,27.0,0.25,0,0.0,0,0,18-APR-2022,
OPTSTK,ADANIPORTS,26-May-2022,600.0,PE,0.0,0.0,0.0,21.0,0.35,0,0.0,1250,0,18-APR-2022,
OPTSTK,ADANIPORTS,26-May-2022,610.0,PE,0.0,0.0,0.0,34.35,0.5,0,0.0,0,0,18-APR-2022,
OPTSTK,ADANIPORTS,26-May-2022,620.0,PE,0.0,0.0,0.0,38.5,0.65,0,0.0,0,0,18-APR-2022,
OPTSTK,ADANIPORTS,26-May-2022,630.0,PE,0.0,0.0,0.0,42.85,0.9,0,0.0,0,0,18-APR-2022,
OPTSTK,ADANIPORTS,26-May-2022,640.0,PE,0.0,0.0,0.0,47.55,1.15,0,0.0,0,0,18-APR-2022,
OPTSTK,ADANIPORTS,26-May-2022,650.0,PE,0.0,0.0,0.0,5.95,1.55,0,0.0,31250,0,18-APR-2022,
OPTSTK,ADANIPORTS,26-May-2022,660.0,PE,0.0,0.0,0.0,57.7,2.0,0,0.0,0,0,18-APR-2022,
OPTSTK,ADANIPORTS,26-May-2022,670.0,PE,0.0,0.0,0.0,63.15,2.6,0,0.0,0,0,18-APR-2022,
OPTSTK,ADANIPORTS,26-May-2022,680.0,PE,0.0,0.0,0.0,5.0,3.3,0,0.0,1250,0,18-APR-2022,
OPTSTK,ADANIPORTS,26-May-2022,690.0,PE,0.0,0.0,0.0,74.85,4.15,0,0.0,0,0,18-APR-2022,
OPTSTK,ADANIPORTS,26-May-2022,700.0,PE,6.5,7.0,4.3,4.85,4.85,16,141.18,68750,0,18-APR-2022,
OPTSTK,ADANIPORTS,26-May-2022,710.0,PE,0.0,0.0,0.0,87.55,6.35,0,0.0,0,0,18-APR-2022,
OPTSTK,ADANIPORTS,26-May-2022,720.0,PE,0.0,0.0,0.0,15.0,7.75,0,0.0,13750,0,18-APR-2022,
OPTSTK,ADANIPORTS,26-May-2022,730.0,PE,0.0,0.0,0.0,11.0,9.35,0,0.0,1250,0,18-APR-2022,
OPTSTK,ADANIPORTS,26-May-2022,740.0,PE,9.75,11.25,8.45,8.65,8.65,23,215.26,32500,25000,18-APR-2022,
OPTSTK,ADANIPORTS,26-May-2022,750.0,PE,10.0,16.0,10.0,10.7,10.7,93,886.88,117500,65000,18-APR-2022,
OPTSTK,ADANIPORTS,26-May-2022,760.0,PE,15.05,15.05,15.05,15.05,15.7,1,9.68,7500,1250,18-APR-2022,
OPTSTK,ADANIPORTS,26-May-2022,770.0,PE,16.55,16.55,16.55,16.55,18.4,2,19.66,1250,1250,18-APR-2022,
OPTSTK,ADANIPORTS,26-May-2022,780.0,PE,17.8,17.8,17.8,17.8,17.8,1,9.97,6250,1250,18-APR-2022,
OPTSTK,ADANIPORTS,26-May-2022,790.0,PE,0.0,0.0,0.0,146.6,24.6,0,0.0,0,0,18-APR-2022,
OPTSTK,ADANIPORTS,26-May-2022,800.0,PE,32.0,32.0,23.8,24.45,24.45,53,548.5,110000,33750,18-APR-2022,
OPTSTK,ADANIPORTS,26-May-2022,810.0,PE,30.0,30.0,30.0,30.0,32.1,1,10.5,2500,1250,18-APR-2022,
OPTSTK,ADANIPORTS,26-May-2022,820.0,PE,0.0,0.0,0.0,40.0,36.35,0,0.0,3750,0,18-APR-2022,
OPTSTK,ADANIPORTS,26-May-2022,830.0,PE,45.0,46.0,42.0,42.0,40.9,4,43.68,20000,3750,18-APR-2022,
OPTSTK,ADANIPORTS,26-May-2022,840.0,PE,47.05,50.0,40.05,40.25,40.25,12,132.68,41250,0,18-APR-2022,
OPTSTK,ADANIPORTS,26-May-2022,850.0,PE,53.35,53.35,53.35,53.35,51.05,1,11.29,27500,1250,18-APR-2022,
OPTSTK,ADANIPORTS,26-May-2022,860.0,PE,0.0,0.0,0.0,206.25,56.55,0,0.0,0,0,18-APR-2022,
OPTSTK,ADANIPORTS,26-May-2022,870.0,PE,0.0,0.0,0.0,215.2,62.4,0,0.0,0,0,18-APR-2022,
OPTSTK,ADANIPORTS,26-May-2022,880.0,PE,0.0,0.0,0.0,224.25,68.55,0,0.0,0,0,18-APR-2022,
OPTSTK,ADANIPORTS,26-May-2022,890.0,PE,0.0,0.0,0.0,233.35,75.0,0,0.0,0,0,18-APR-2022,
OPTSTK,ADANIPORTS,26-May-2022,900.0,PE,0.0,0.0,0.0,100.0,81.75,0,0.0,2500,0,18-APR-2022,
OPTSTK,ADANIPORTS,26-May-2022,910.0,PE,0.0,0.0,0.0,251.75,88.75,0,0.0,0,0,18-APR-2022,
OPTSTK,ADANIPORTS,26-May-2022,920.0,PE,0.0,0.0,0.0,261.05,95.95,0,0.0,0,0,18-APR-2022,
OPTSTK,ADANIPORTS,26-May-2022,930.0,PE,0.0,0.0,0.0,270.4,103.5,0,0.0,0,0,18-APR-2022,
OPTSTK,ADANIPORTS,26-May-2022,940.0,PE,0.0,0.0,0.0,279.8,111.2,0,0.0,0,0,18-APR-2022,
OPTSTK,ADANIPORTS,26-May-2022,950.0,PE,0.0,0.0,0.0,289.25,119.1,0,0.0,0,0,18-APR-2022,
OPTSTK,ADANIPORTS,26-May-2022,960.0,PE,0.0,0.0,0.0,262.15,127.25,0,0.0,0,0,18-APR-2022,
OPTSTK,ADANIPORTS,26-May-2022,970.0,PE,0.0,0.0,0.0,271.4,135.55,0,0.0,0,0,18-APR-2022,
OPTSTK,ADANIPORTS,26-May-2022,980.0,PE,0.0,0.0,0.0,280.75,144.0,0,0.0,0,0,18-APR-2022,
OPTSTK,ADANIPORTS,26-May-2022,990.0,PE,0.0,0.0,0.0,290.1,152.65,0,0.0,0,0,18-APR-2022,
OPTSTK,ADANIPORTS,26-May-2022,1000.0,PE,0.0,0.0,0.0,299.5,161.4,0,0.0,0,0,18-APR-2022,
OPTSTK,ADANIPORTS,30-Jun-2022,500.0,CE,0.0,0.0,0.0,280.75,347.15,0,0.0,0,0,18-APR-2022,
OPTSTK,ADANIPORTS,30-Jun-2022,510.0,CE,0.0,0.0,0.0,271.2,337.3,0,0.0,0,0,18-APR-2022,
OPTSTK,ADANIPORTS,30-Jun-2022,520.0,CE,0.0,0.0,0.0,261.7,327.45,0,0.0,0,0,18-APR-2022,
OPTSTK,ADANIPORTS,30-Jun-2022,530.0,CE,0.0,0.0,0.0,252.3,317.65,0,0.0,0,0,18-APR-2022,
OPTSTK,ADANIPORTS,30-Jun-2022,540.0,CE,0.0,0.0,0.0,243.0,307.9,0,0.0,0,0,18-APR-2022,
OPTSTK,ADANIPORTS,30-Jun-2022,550.0,CE,0.0,0.0,0.0,233.8,298.15,0,0.0,0,0,18-APR-2022,
OPTSTK,ADANIPORTS,30-Jun-2022,560.0,CE,0.0,0.0,0.0,224.7,288.45,0,0.0,0,0,18-APR-2022,
OPTSTK,ADANIPORTS,30-Jun-2022,570.0,CE,0.0,0.0,0.0,215.75,278.85,0,0.0,0,0,18-APR-2022,
OPTSTK,ADANIPORTS,30-Jun-2022,580.0,CE,0.0,0.0,0.0,206.9,269.25,0,0.0,0,0,18-APR-2022,
OPTSTK,ADANIPORTS,30-Jun-2022,590.0,CE,0.0,0.0,0.0,198.2,259.75,0,0.0,0,0,18-APR-2022,
OPTSTK,ADANIPORTS,30-Jun-2022,600.0,CE,0.0,0.0,0.0,189.65,250.3,0,0.0,0,0,18-APR-2022,
OPTSTK,ADANIPORTS,30-Jun-2022,610.0,CE,0.0,0.0,0.0,181.3,240.95,0,0.0,0,0,18-APR-2022,
OPTSTK,ADANIPORTS,30-Jun-2022,620.0,CE,0.0,0.0,0.0,173.1,231.75,0,0.0,0,0,18-APR-2022,
OPTSTK,ADANIPORTS,30-Jun-2022,630.0,CE,0.0,0.0,0.0,165.05,222.6,0,0.0,0,0,18-APR-2022,
OPTSTK,ADANIPORTS,30-Jun-2022,640.0,CE,0.0,0.0,0.0,157.25,213.6,0,0.0,0,0,18-APR-2022,
OPTSTK,ADANIPORTS,30-Jun-2022,650.0,CE,0.0,0.0,0.0,149.65,204.7,0,0.0,0,0,18-APR-2022,
OPTSTK,ADANIPORTS,30-Jun-2022,660.0,CE,0.0,0.0,0.0,142.25,195.95,0,0.0,0,0,18-APR-2022,
OPTSTK,ADANIPORTS,30-Jun-2022,670.0,CE,0.0,0.0,0.0,135.05,187.35,0,0.0,0,0,18-APR-2022,
OPTSTK,ADANIPORTS,30-Jun-2022,680.0,CE,0.0,0.0,0.0,128.05,178.95,0,0.0,0,0,18-APR-2022,
OPTSTK,ADANIPORTS,30-Jun-2022,690.0,CE,0.0,0.0,0.0,121.3,170.7,0,0.0,0,0,18-APR-2022,
OPTSTK,ADANIPORTS,30-Jun-2022,700.0,CE,0.0,0.0,0.0,114.75,162.65,0,0.0,0,0,18-APR-2022,
OPTSTK,ADANIPORTS,30-Jun-2022,710.0,CE,0.0,0.0,0.0,108.45,154.75,0,0.0,0,0,18-APR-2022,
OPTSTK,ADANIPORTS,30-Jun-2022,720.0,CE,0.0,0.0,0.0,102.4,147.1,0,0.0,0,0,18-APR-2022,
OPTSTK,ADANIPORTS,30-Jun-2022,730.0,CE,0.0,0.0,0.0,96.6,139.65,0,0.0,0,0,18-APR-2022,
OPTSTK,ADANIPORTS,30-Jun-2022,740.0,CE,0.0,0.0,0.0,91.0,132.4,0,0.0,0,0,18-APR-2022,
OPTSTK,ADANIPORTS,30-Jun-2022,750.0,CE,0.0,0.0,0.0,85.65,125.35,0,0.0,0,0,18-APR-2022,
OPTSTK,ADANIPORTS,30-Jun-2022,760.0,CE,0.0,0.0,0.0,80.55,118.55,0,0.0,0,0,18-APR-2022,
OPTSTK,ADANIPORTS,30-Jun-2022,770.0,CE,0.0,0.0,0.0,75.65,111.95,0,0.0,0,0,18-APR-2022,
OPTSTK,ADANIPORTS,30-Jun-2022,780.0,CE,0.0,0.0,0.0,70.95,105.65,0,0.0,0,0,18-APR-2022,
OPTSTK,ADANIPORTS,30-Jun-2022,790.0,CE,0.0,0.0,0.0,66.5,99.55,0,0.0,0,0,18-APR-2022,
OPTSTK,ADANIPORTS,30-Jun-2022,800.0,CE,0.0,0.0,0.0,62.3,93.7,0,0.0,0,0,18-APR-2022,
OPTSTK,ADANIPORTS,30-Jun-2022,810.0,CE,0.0,0.0,0.0,58.3,88.1,0,0.0,0,0,18-APR-2022,
OPTSTK,ADANIPORTS,30-Jun-2022,820.0,CE,0.0,0.0,0.0,54.5,82.7,0,0.0,0,0,18-APR-2022,
OPTSTK,ADANIPORTS,30-Jun-2022,830.0,CE,0.0,0.0,0.0,50.85,77.55,0,0.0,0,0,18-APR-2022,
OPTSTK,ADANIPORTS,30-Jun-2022,840.0,CE,0.0,0.0,0.0,47.45,72.65,0,0.0,0,0,18-APR-2022,
OPTSTK,ADANIPORTS,30-Jun-2022,850.0,CE,0.0,0.0,0.0,44.25,68.0,0,0.0,0,0,18-APR-2022,
OPTSTK,ADANIPORTS,30-Jun-2022,860.0,CE,0.0,0.0,0.0,41.2,63.55,0,0.0,0,0,18-APR-2022,
OPTSTK,ADANIPORTS,30-Jun-2022,870.0,CE,0.0,0.0,0.0,38.35,59.35,0,0.0,0,0,18-APR-2022,
OPTSTK,ADANIPORTS,30-Jun-2022,880.0,CE,0.0,0.0,0.0,35.65,55.35,0,0.0,0,0,18-APR-2022,
OPTSTK,ADANIPORTS,30-Jun-2022,890.0,CE,0.0,0.0,0.0,33.15,51.55,0,0.0,0,0,18-APR-2022,
OPTSTK,ADANIPORTS,30-Jun-2022,900.0,CE,0.0,0.0,0.0,50.05,47.95,0,0.0,2500,0,18-APR-2022,
OPTSTK,ADANIPORTS,30-Jun-2022,910.0,CE,0.0,0.0,0.0,28.6,44.6,0,0.0,0,0,18-APR-2022,
OPTSTK,ADANIPORTS,30-Jun-2022,920.0,CE,0.0,0.0,0.0,26.5,41.4,0,0.0,0,0,18-APR-2022,
OPTSTK,ADANIPORTS,30-Jun-2022,930.0,CE,0.0,0.0,0.0,24.55,38.4,0,0.0,0,0,18-APR-2022,
OPTSTK,ADANIPORTS,30-Jun-2022,940.0,CE,0.0,0.0,0.0,22.7,35.6,0,0.0,0,0,18-APR-2022,
OPTSTK,ADANIPORTS,30-Jun-2022,950.0,CE,0.0,0.0,0.0,21.0,32.95,0,0.0,0,0,18-APR-2022,
OPTSTK,ADANIPORTS,30-Jun-2022,960.0,CE,0.0,0.0,0.0,19.4,30.55,0,0.0,0,0,18-APR-2022,
OPTSTK,ADANIPORTS,30-Jun-2022,970.0,CE,0.0,0.0,0.0,17.95,28.25,0,0.0,0,0,18-APR-2022,
OPTSTK,ADANIPORTS,30-Jun-2022,980.0,CE,0.0,0.0,0.0,16.55,26.1,0,0.0,0,0,18-APR-2022,
OPTSTK,ADANIPORTS,30-Jun-2022,990.0,CE,0.0,0.0,0.0,15.3,24.05,0,0.0,0,0,18-APR-2022,
OPTSTK,ADANIPORTS,30-Jun-2022,1000.0,CE,0.0,0.0,0.0,14.1,22.15,0,0.0,0,0,18-APR-2022,
OPTSTK,ADANIPORTS,30-Jun-2022,500.0,PE,0.0,0.0,0.0,1.3,0.2,0,0.0,0,0,18-APR-2022,
OPTSTK,ADANIPORTS,30-Jun-2022,510.0,PE,0.0,0.0,0.0,1.65,0.25,0,0.0,0,0,18-APR-2022,
OPTSTK,ADANIPORTS,30-Jun-2022,520.0,PE,0.0,0.0,0.0,2.05,0.35,0,0.0,0,0,18-APR-2022,
OPTSTK,ADANIPORTS,30-Jun-2022,530.0,PE,0.0,0.0,0.0,2.55,0.45,0,0.0,0,0,18-APR-2022,
OPTSTK,ADANIPORTS,30-Jun-2022,540.0,PE,0.0,0.0,0.0,3.15,0.6,0,0.0,0,0,18-APR-2022,
OPTSTK,ADANIPORTS,30-Jun-2022,550.0,PE,0.0,0.0,0.0,3.8,0.8,0,0.0,0,0,18-APR-2022,
OPTSTK,ADANIPORTS,30-Jun-2022,560.0,PE,0.0,0.0,0.0,4.6,1.05,0,0.0,0,0,18-APR-2022,
OPTSTK,ADANIPORTS,30-Jun-2022,570.0,PE,0.0,0.0,0.0,5.55,1.3,0,0.0,0,0,18-APR-2022,
OPTSTK,ADANIPORTS,30-Jun-2022,580.0,PE,0.0,0.0,0.0,6.6,1.65,0,0.0,0,0,18-APR-2022,
OPTSTK,ADANIPORTS,30-Jun-2022,590.0,PE,0.0,0.0,0.0,7.8,2.05,0,0.0,0,0,18-APR-2022,
OPTSTK,ADANIPORTS,30-Jun-2022,600.0,PE,0.0,0.0,0.0,9.15,2.55,0,0.0,0,0,18-APR-2022,
OPTSTK,ADANIPORTS,30-Jun-2022,610.0,PE,0.0,0.0,0.0,10.65,3.1,0,0.0,0,0,18-APR-2022,
OPTSTK,ADANIPORTS,30-Jun-2022,620.0,PE,0.0,0.0,0.0,12.35,3.8,0,0.0,0,0,18-APR-2022,
OPTSTK,ADANIPORTS,30-Jun-2022,630.0,PE,0.0,0.0,0.0,14.25,4.55,0,0.0,0,0,18-APR-2022,
OPTSTK,ADANIPORTS,30-Jun-2022,640.0,PE,0.0,0.0,0.0,16.3,5.45,0,0.0,0,0,18-APR-2022,
OPTSTK,ADANIPORTS,30-Jun-2022,650.0,PE,0.0,0.0,0.0,18.6,6.5,0,0.0,0,0,18-APR-2022,
OPTSTK,ADANIPORTS,30-Jun-2022,660.0,PE,0.0,0.0,0.0,21.1,7.65,0,0.0,0,0,18-APR-2022,
OPTSTK,ADANIPORTS,30-Jun-2022,670.0,PE,0.0,0.0,0.0,23.8,9.0,0,0.0,0,0,18-APR-2022,
OPTSTK,ADANIPORTS,30-Jun-2022,680.0,PE,0.0,0.0,0.0,26.7,10.5,0,0.0,0,0,18-APR-2022,
OPTSTK,ADANIPORTS,30-Jun-2022,690.0,PE,0.0,0.0,0.0,29.85,12.15,0,0.0,0,0,18-APR-2022,
OPTSTK,ADANIPORTS,30-Jun-2022,700.0,PE,0.0,0.0,0.0,33.2,14.0,0,0.0,0,0,18-APR-2022,
OPTSTK,ADANIPORTS,30-Jun-2022,710.0,PE,0.0,0.0,0.0,36.8,16.05,0,0.0,0,0,18-APR-2022,
OPTSTK,ADANIPORTS,30-Jun-2022,720.0,PE,0.0,0.0,0.0,40.65,18.3,0,0.0,0,0,18-APR-2022,
OPTSTK,ADANIPORTS,30-Jun-2022,730.0,PE,0.0,0.0,0.0,44.7,20.75,0,0.0,0,0,18-APR-2022,
OPTSTK,ADANIPORTS,30-Jun-2022,740.0,PE,0.0,0.0,0.0,49.0,23.45,0,0.0,0,0,18-APR-2022,
OPTSTK,ADANIPORTS,30-Jun-2022,750.0,PE,0.0,0.0,0.0,53.55,26.3,0,0.0,0,0,18-APR-2022,
OPTSTK,ADANIPORTS,30-Jun-2022,760.0,PE,0.0,0.0,0.0,58.35,29.4,0,0.0,0,0,18-APR-2022,
OPTSTK,ADANIPORTS,30-Jun-2022,770.0,PE,0.0,0.0,0.0,63.35,32.75,0,0.0,0,0,18-APR-2022,
OPTSTK,ADANIPORTS,30-Jun-2022,780.0,PE,0.0,0.0,0.0,68.55,36.35,0,0.0,0,0,18-APR-2022,
OPTSTK,ADANIPORTS,30-Jun-2022,790.0,PE,0.0,0.0,0.0,74.0,40.15,0,0.0,0,0,18-APR-2022,
OPTSTK,ADANIPORTS,30-Jun-2022,800.0,PE,0.0,0.0,0.0,79.7,44.2,0,0.0,0,0,18-APR-2022,
OPTSTK,ADANIPORTS,30-Jun-2022,810.0,PE,0.0,0.0,0.0,85.55,48.5,0,0.0,0,0,18-APR-2022,
OPTSTK,ADANIPORTS,30-Jun-2022,820.0,PE,0.0,0.0,0.0,91.65,53.05,0,0.0,0,0,18-APR-2022,
OPTSTK,ADANIPORTS,30-Jun-2022,830.0,PE,0.0,0.0,0.0,97.95,57.85,0,0.0,0,0,18-APR-2022,
OPTSTK,ADANIPORTS,30-Jun-2022,840.0,PE,0.0,0.0,0.0,104.45,62.85,0,0.0,0,0,18-APR-2022,
OPTSTK,ADANIPORTS,30-Jun-2022,850.0,PE,0.0,0.0,0.0,70.0,68.1,0,0.0,1250,0,18-APR-2022,
OPTSTK,ADANIPORTS,30-Jun-2022,860.0,PE,0.0,0.0,0.0,70.95,73.55,0,0.0,0,0,18-APR-2022,
OPTSTK,ADANIPORTS,30-Jun-2022,870.0,PE,0.0,0.0,0.0,125.0,79.25,0,0.0,0,0,18-APR-2022,
OPTSTK,ADANIPORTS,30-Jun-2022,880.0,PE,0.0,0.0,0.0,132.2,85.2,0,0.0,0,0,18-APR-2022,
OPTSTK,ADANIPORTS,30-Jun-2022,890.0,PE,0.0,0.0,0.0,139.6,91.3,0,0.0,0,0,18-APR-2022,
OPTSTK,ADANIPORTS,30-Jun-2022,900.0,PE,0.0,0.0,0.0,147.15,97.65,0,0.0,0,0,18-APR-2022,
OPTSTK,ADANIPORTS,30-Jun-2022,910.0,PE,0.0,0.0,0.0,154.8,104.2,0,0.0,0,0,18-APR-2022,
OPTSTK,ADANIPORTS,30-Jun-2022,920.0,PE,0.0,0.0,0.0,162.6,110.95,0,0.0,0,0,18-APR-2022,
OPTSTK,ADANIPORTS,30-Jun-2022,930.0,PE,0.0,0.0,0.0,170.55,117.85,0,0.0,0,0,18-APR-2022,
OPTSTK,ADANIPORTS,30-Jun-2022,940.0,PE,0.0,0.0,0.0,178.6,124.95,0,0.0,0,0,18-APR-2022,
OPTSTK,ADANIPORTS,30-Jun-2022,950.0,PE,0.0,0.0,0.0,186.8,132.25,0,0.0,0,0,18-APR-2022,
OPTSTK,ADANIPORTS,30-Jun-2022,960.0,PE,0.0,0.0,0.0,195.1,139.7,0,0.0,0,0,18-APR-2022,
OPTSTK,ADANIPORTS,30-Jun-2022,970.0,PE,0.0,0.0,0.0,203.55,147.35,0,0.0,0,0,18-APR-2022,
OPTSTK,ADANIPORTS,30-Jun-2022,980.0,PE,0.0,0.0,0.0,212.05,155.1,0,0.0,0,0,18-APR-2022,
OPTSTK,ADANIPORTS,30-Jun-2022,990.0,PE,0.0,0.0,0.0,220.65,163.0,0,0.0,0,0,18-APR-2022,
OPTSTK,ADANIPORTS,30-Jun-2022,1000.0,PE,0.0,0.0,0.0,229.35,171.0,0,0.0,0,0,18-APR-2022,
OPTSTK,ALKEM,28-Apr-2022,2450.0,CE,0.0,0.0,0.0,958.95,997.3,0,0.0,0,0,18-APR-2022,
OPTSTK,ALKEM,28-Apr-2022,2500.0,CE,0.0,0.0,0.0,910.65,947.35,0,0.0,0,0,18-APR-2022,
OPTSTK,ALKEM,28-Apr-2022,2550.0,CE,0.0,0.0,0.0,862.75,897.4,0,0.0,0,0,18-APR-2022,
OPTSTK,ALKEM,28-Apr-2022,2600.0,CE,0.0,0.0,0.0,815.35,847.45,0,0.0,0,0,18-APR-2022,
OPTSTK,ALKEM,28-Apr-2022,2650.0,CE,0.0,0.0,0.0,768.55,797.5,0,0.0,0,0,18-APR-2022,
OPTSTK,ALKEM,28-Apr-2022,2700.0,CE,0.0,0.0,0.0,722.5,747.55,0,0.0,0,0,18-APR-2022,
OPTSTK,ALKEM,28-Apr-2022,2750.0,CE,0.0,0.0,0.0,677.25,697.6,0,0.0,0,0,18-APR-2022,
OPTSTK,ALKEM,28-Apr-2022,2800.0,CE,0.0,0.0,0.0,633.0,647.65,0,0.0,0,0,18-APR-2022,
OPTSTK,ALKEM,28-Apr-2022,2850.0,CE,0.0,0.0,0.0,589.85,597.75,0,0.0,0,0,18-APR-2022,
OPTSTK,ALKEM,28-Apr-2022,2900.0,CE,0.0,0.0,0.0,547.95,547.8,0,0.0,0,0,18-APR-2022,
OPTSTK,ALKEM,28-Apr-2022,2950.0,CE,0.0,0.0,0.0,507.4,497.9,0,0.0,0,0,18-APR-2022,
OPTSTK,ALKEM,28-Apr-2022,3000.0,CE,0.0,0.0,0.0,468.3,448.05,0,0.0,0,0,18-APR-2022,
OPTSTK,ALKEM,28-Apr-2022,3050.0,CE,0.0,0.0,0.0,430.9,398.35,0,0.0,0,0,18-APR-2022,
OPTSTK,ALKEM,28-Apr-2022,3100.0,CE,0.0,0.0,0.0,395.05,349.05,0,0.0,0,0,18-APR-2022,
OPTSTK,ALKEM,28-Apr-2022,3150.0,CE,0.0,0.0,0.0,360.8,300.45,0,0.0,0,0,18-APR-2022,
OPTSTK,ALKEM,28-Apr-2022,3200.0,CE,0.0,0.0,0.0,328.55,253.2,0,0.0,0,0,18-APR-2022,
OPTSTK,ALKEM,28-Apr-2022,3250.0,CE,0.0,0.0,0.0,298.15,208.15,0,0.0,0,0,18-APR-2022,
OPTSTK,ALKEM,28-Apr-2022,3300.0,CE,0.0,0.0,0.0,269.65,166.15,0,0.0,0,0,18-APR-2022,
OPTSTK,ALKEM,28-Apr-2022,3350.0,CE,0.0,0.0,0.0,243.05,128.35,0,0.0,0,0,18-APR-2022,
OPTSTK,ALKEM,28-Apr-2022,3400.0,CE,0.0,0.0,0.0,218.3,95.6,0,0.0,0,0,18-APR-2022,
OPTSTK,ALKEM,28-Apr-2022,3450.0,CE,94.05,109.8,57.45,94.45,94.45,16,112.94,1200,1000,18-APR-2022,
OPTSTK,ALKEM,28-Apr-2022,3500.0,CE,61.35,74.8,39.9,69.4,69.4,246,1749.12,20000,5400,18-APR-2022,
OPTSTK,ALKEM,28-Apr-2022,3550.0,CE,32.1,44.35,25.85,44.35,30.85,23,164.66,9600,3000,18-APR-2022,
OPTSTK,ALKEM,28-Apr-2022,3600.0,CE,21.5,38.95,20.75,35.7,35.7,61,442.68,32000,-2200,18-APR-2022,
OPTSTK,ALKEM,28-Apr-2022,3650.0,CE,17.35,22.5,17.35,22.5,11.65,3,22.01,2400,-200,18-APR-2022,
OPTSTK,ALKEM,28-Apr-2022,3700.0,CE,11.2,19.05,11.2,17.95,17.95,37,274.92,23000,-400,18-APR-2022,
OPTSTK,ALKEM,28-Apr-2022,3750.0,CE,0.0,0.0,0.0,94.0,3.65,0,0.0,0,0,18-APR-2022,
OPTSTK,ALKEM,28-Apr-2022,3800.0,CE,6.0,15.0,5.85,5.95,5.95,6,45.69,5400,-200,18-APR-2022,
OPTSTK,ALKEM,28-Apr-2022,3850.0,CE,0.0,0.0,0.0,71.75,0.95,0,0.0,0,0,18-APR-2022,
OPTSTK,ALKEM,28-Apr-2022,3900.0,CE,5.0,5.05,5.0,5.05,0.45,2,15.62,3600,0,18-APR-2022,
OPTSTK,ALKEM,28-Apr-2022,3950.0,CE,0.0,0.0,0.0,54.2,0.2,0,0.0,0,0,18-APR-2022,
OPTSTK,ALKEM,28-Apr-2022,4000.0,CE,3.25,3.25,3.25,3.25,0.1,3,24.01,11400,-600,18-APR-2022,
OPTSTK,ALKEM,28-Apr-2022,4050.0,CE,0.0,0.0,0.0,10.45,0.05,0,0.0,200,0,18-APR-2022,
OPTSTK,ALKEM,28-Apr-2022,4100.0,CE,0.0,0.0,0.0,34.8,0.05,0,0.0,0,0,18-APR-2022,
OPTSTK,ALKEM,28-Apr-2022,4150.0,CE,0.0,0.0,0.0,6.0,0.05,0,0.0,200,0,18-APR-2022,
OPTSTK,ALKEM,28-Apr-2022,4200.0,CE,0.0,0.0,0.0,4.8,0.0,0,0.0,1400,0,18-APR-2022,
OPTSTK,ALKEM,28-Apr-2022,4250.0,CE,0.0,0.0,0.0,21.85,0.0,0,0.0,0,0,18-APR-2022,
OPTSTK,ALKEM,28-Apr-2022,4300.0,CE,0.0,0.0,0.0,18.6,0.0,0,0.0,0,0,18-APR-2022,
OPTSTK,ALKEM,28-Apr-2022,4350.0,CE,0.0,0.0,0.0,15.8,0.0,0,0.0,0,0,18-APR-2022,
OPTSTK,ALKEM,28-Apr-2022,4400.0,CE,0.0,0.0,0.0,13.4,0.0,0,0.0,0,0,18-APR-2022,
OPTSTK,ALKEM,28-Apr-2022,4450.0,CE,0.0,0.0,0.0,11.3,0.0,0,0.0,0,0,18-APR-2022,
OPTSTK,ALKEM,28-Apr-2022,4500.0,CE,0.0,0.0,0.0,9.55,0.0,0,0.0,0,0,18-APR-2022,
OPTSTK,ALKEM,28-Apr-2022,4550.0,CE,0.0,0.0,0.0,8.05,0.0,0,0.0,0,0,18-APR-2022,
OPTSTK,ALKEM,28-Apr-2022,4600.0,CE,0.0,0.0,0.0,6.75,0.0,0,0.0,0,0,18-APR-2022,
OPTSTK,ALKEM,28-Apr-2022,4650.0,CE,0.0,0.0,0.0,5.65,0.0,0,0.0,0,0,18-APR-2022,
OPTSTK,ALKEM,28-Apr-2022,4700.0,CE,0.0,0.0,0.0,4.75,0.0,0,0.0,0,0,18-APR-2022,
OPTSTK,ALKEM,28-Apr-2022,4750.0,CE,0.0,0.0,0.0,3.95,0.0,0,0.0,0,0,18-APR-2022,
OPTSTK,ALKEM,28-Apr-2022,4800.0,CE,0.0,0.0,0.0,3.3,0.0,0,0.0,0,0,18-APR-2022,
OPTSTK,ALKEM,28-Apr-2022,2450.0,PE,0.0,0.0,0.0,2.7,0.0,0,0.0,0,0,18-APR-2022,
OPTSTK,ALKEM,28-Apr-2022,2500.0,PE,0.0,0.0,0.0,3.9,0.0,0,0.0,0,0,18-APR-2022,
OPTSTK,ALKEM,28-Apr-2022,2550.0,PE,0.0,0.0,0.0,5.5,0.0,0,0.0,0,0,18-APR-2022,
OPTSTK,ALKEM,28-Apr-2022,2600.0,PE,0.0,0.0,0.0,7.55,0.0,0,0.0,0,0,18-APR-2022,
OPTSTK,ALKEM,28-Apr-2022,2650.0,PE,0.0,0.0,0.0,10.25,0.0,0,0.0,0,0,18-APR-2022,
OPTSTK,ALKEM,28-Apr-2022,2700.0,PE,0.0,0.0,0.0,13.65,0.0,0,0.0,0,0,18-APR-2022,
OPTSTK,ALKEM,28-Apr-2022,2750.0,PE,0.0,0.0,0.0,17.9,0.0,0,0.0,0,0,18-APR-2022,
OPTSTK,ALKEM,28-Apr-2022,2800.0,PE,0.0,0.0,0.0,23.15,0.0,0,0.0,0,0,18-APR-2022,
OPTSTK,ALKEM,28-Apr-2022,2850.0,PE,0.0,0.0,0.0,29.5,0.0,0,0.0,0,0,18-APR-2022,
OPTSTK,ALKEM,28-Apr-2022,2900.0,PE,0.0,0.0,0.0,37.05,0.05,0,0.0,0,0,18-APR-2022,
OPTSTK,ALKEM,28-Apr-2022,2950.0,PE,0.0,0.0,0.0,1.95,0.05,0,0.0,200,0,18-APR-2022,
OPTSTK,ALKEM,28-Apr-2022,3000.0,PE,0.0,0.0,0.0,5.0,0.15,0,0.0,200,0,18-APR-2022,
OPTSTK,ALKEM,28-Apr-2022,3050.0,PE,0.0,0.0,0.0,68.45,0.4,0,0.0,0,0,18-APR-2022,
OPTSTK,ALKEM,28-Apr-2022,3100.0,PE,5.6,10.0,5.6,7.0,1.05,4,24.85,3200,0,18-APR-2022,
OPTSTK,ALKEM,28-Apr-2022,3150.0,PE,0.0,0.0,0.0,97.3,2.4,0,0.0,0,0,18-APR-2022,
OPTSTK,ALKEM,28-Apr-2022,3200.0,PE,0.0,0.0,0.0,15.0,5.1,0,0.0,800,0,18-APR-2022,
OPTSTK,ALKEM,28-Apr-2022,3250.0,PE,0.0,0.0,0.0,28.0,9.95,0,0.0,200,0,18-APR-2022,
OPTSTK,ALKEM,28-Apr-2022,3300.0,PE,45.0,45.0,30.0,30.0,17.95,5,33.34,8400,0,18-APR-2022,
OPTSTK,ALKEM,28-Apr-2022,3350.0,PE,0.0,0.0,0.0,177.45,30.05,0,0.0,0,0,18-APR-2022,
OPTSTK,ALKEM,28-Apr-2022,3400.0,PE,80.0,80.0,55.0,56.0,56.0,17,117.92,6600,400,18-APR-2022,
OPTSTK,ALKEM,28-Apr-2022,3450.0,PE,0.0,0.0,0.0,228.8,70.05,0,0.0,0,0,18-APR-2022,
OPTSTK,ALKEM,28-Apr-2022,3500.0,PE,133.0,133.0,87.4,87.45,87.45,7,50.48,4600,400,18-APR-2022,
OPTSTK,ALKEM,28-Apr-2022,3550.0,PE,0.0,0.0,0.0,287.35,132.35,0,0.0,0,0,18-APR-2022,
OPTSTK,ALKEM,28-Apr-2022,3600.0,PE,0.0,0.0,0.0,162.0,170.85,0,0.0,2200,0,18-APR-2022,
OPTSTK,ALKEM,28-Apr-2022,3650.0,PE,0.0,0.0,0.0,352.65,213.0,0,0.0,0,0,18-APR-2022,
OPTSTK,ALKEM,28-Apr-2022,3700.0,PE,280.0,298.95,270.0,298.95,258.0,3,23.89,800,400,18-APR-2022,
OPTSTK,ALKEM,28-Apr-2022,3750.0,PE,0.0,0.0,0.0,424.25,304.9,0,0.0,0,0,18-APR-2022,
OPTSTK,ALKEM,28-Apr-2022,3800.0,PE,0.0,0.0,0.0,462.05,353.1,0,0.0,0,0,18-APR-2022,
OPTSTK,ALKEM,28-Apr-2022,3850.0,PE,0.0,0.0,0.0,500.95,402.1,0,0.0,0,0,18-APR-2022,
OPTSTK,ALKEM,28-Apr-2022,3900.0,PE,0.0,0.0,0.0,541.15,451.55,0,0.0,0,0,18-APR-2022,
OPTSTK,ALKEM,28-Apr-2022,3950.0,PE,0.0,0.0,0.0,582.35,501.25,0,0.0,0,0,18-APR-2022,
OPTSTK,ALKEM,28-Apr-2022,4000.0,PE,0.0,0.0,0.0,624.5,551.1,0,0.0,0,0,18-APR-2022,
OPTSTK,ALKEM,28-Apr-2022,4050.0,PE,0.0,0.0,0.0,667.55,601.0,0,0.0,0,0,18-APR-2022,
OPTSTK,ALKEM,28-Apr-2022,4100.0,PE,0.0,0.0,0.0,711.4,650.9,0,0.0,0,0,18-APR-2022,
OPTSTK,ALKEM,28-Apr-2022,4150.0,PE,0.0,0.0,0.0,755.95,700.85,0,0.0,0,0,18-APR-2022,
OPTSTK,ALKEM,28-Apr-2022,4200.0,PE,0.0,0.0,0.0,801.1,750.8,0,0.0,0,0,18-APR-2022,
OPTSTK,ALKEM,28-Apr-2022,4250.0,PE,0.0,0.0,0.0,846.85,800.75,0,0.0,0,0,18-APR-2022,
OPTSTK,ALKEM,28-Apr-2022,4300.0,PE,0.0,0.0,0.0,893.1,850.7,0,0.0,0,0,18-APR-2022,
OPTSTK,ALKEM,28-Apr-2022,4350.0,PE,0.0,0.0,0.0,939.8,900.6,0,0.0,0,0,18-APR-2022,
OPTSTK,ALKEM,28-Apr-2022,4400.0,PE,0.0,0.0,0.0,986.85,950.55,0,0.0,0,0,18-APR-2022,
OPTSTK,ALKEM,28-Apr-2022,4450.0,PE,0.0,0.0,0.0,1034.25,1000.5,0,0.0,0,0,18-APR-2022,
OPTSTK,ALKEM,28-Apr-2022,4500.0,PE,0.0,0.0,0.0,1082.0,1050.45,0,0.0,0,0,18-APR-2022,
OPTSTK,ALKEM,28-Apr-2022,4550.0,PE,0.0,0.0,0.0,1129.95,1100.4,0,0.0,0,0,18-APR-2022,
OPTSTK,ALKEM,28-Apr-2022,4600.0,PE,0.0,0.0,0.0,1178.15,1150.35,0,0.0,0,0,18-APR-2022,
OPTSTK,ALKEM,28-Apr-2022,4650.0,PE,0.0,0.0,0.0,1226.55,1200.3,0,0.0,0,0,18-APR-2022,
OPTSTK,ALKEM,28-Apr-2022,4700.0,PE,0.0,0.0,0.0,1275.1,1250.25,0,0.0,0,0,18-APR-2022,
OPTSTK,ALKEM,28-Apr-2022,4750.0,PE,0.0,0.0,0.0,1323.8,1300.15,0,0.0,0,0,18-APR-2022,
OPTSTK,ALKEM,28-Apr-2022,4800.0,PE,0.0,0.0,0.0,1372.6,1350.1,0,0.0,0,0,18-APR-2022,
OPTSTK,ALKEM,26-May-2022,2450.0,CE,0.0,0.0,0.0,753.95,1005.35,0,0.0,0,0,18-APR-2022,
OPTSTK,ALKEM,26-May-2022,2500.0,CE,0.0,0.0,0.0,707.15,955.6,0,0.0,0,0,18-APR-2022,
OPTSTK,ALKEM,26-May-2022,2550.0,CE,0.0,0.0,0.0,661.15,905.85,0,0.0,0,0,18-APR-2022,
OPTSTK,ALKEM,26-May-2022,2600.0,CE,0.0,0.0,0.0,616.05,856.15,0,0.0,0,0,18-APR-2022,
OPTSTK,ALKEM,26-May-2022,2650.0,CE,0.0,0.0,0.0,572.05,806.5,0,0.0,0,0,18-APR-2022,
OPTSTK,ALKEM,26-May-2022,2700.0,CE,0.0,0.0,0.0,529.25,757.0,0,0.0,0,0,18-APR-2022,
OPTSTK,ALKEM,26-May-2022,2750.0,CE,0.0,0.0,0.0,487.9,707.65,0,0.0,0,0,18-APR-2022,
OPTSTK,ALKEM,26-May-2022,2800.0,CE,0.0,0.0,0.0,448.0,658.6,0,0.0,0,0,18-APR-2022,
OPTSTK,ALKEM,26-May-2022,2850.0,CE,0.0,0.0,0.0,409.8,609.9,0,0.0,0,0,18-APR-2022,
OPTSTK,ALKEM,26-May-2022,2900.0,CE,0.0,0.0,0.0,373.45,561.8,0,0.0,0,0,18-APR-2022,
OPTSTK,ALKEM,26-May-2022,2950.0,CE,0.0,0.0,0.0,338.75,514.45,0,0.0,0,0,18-APR-2022,
OPTSTK,ALKEM,26-May-2022,3000.0,CE,0.0,0.0,0.0,306.15,468.1,0,0.0,0,0,18-APR-2022,
OPTSTK,ALKEM,26-May-2022,3050.0,CE,0.0,0.0,0.0,275.55,423.0,0,0.0,0,0,18-APR-2022,
OPTSTK,ALKEM,26-May-2022,3100.0,CE,0.0,0.0,0.0,247.0,379.45,0,0.0,0,0,18-APR-2022,
OPTSTK,ALKEM,26-May-2022,3150.0,CE,0.0,0.0,0.0,220.55,337.75,0,0.0,0,0,18-APR-2022,
OPTSTK,ALKEM,26-May-2022,3200.0,CE,0.0,0.0,0.0,196.1,298.15,0,0.0,0,0,18-APR-2022,
OPTSTK,ALKEM,26-May-2022,3250.0,CE,0.0,0.0,0.0,173.65,261.05,0,0.0,0,0,18-APR-2022,
OPTSTK,ALKEM,26-May-2022,3300.0,CE,0.0,0.0,0.0,153.2,226.3,0,0.0,0,0,18-APR-2022,
OPTSTK,ALKEM,26-May-2022,3350.0,CE,0.0,0.0,0.0,134.6,194.5,0,0.0,0,0,18-APR-2022,
OPTSTK,ALKEM,26-May-2022,3400.0,CE,0.0,0.0,0.0,117.8,165.6,0,0.0,0,0,18-APR-2022,
OPTSTK,ALKEM,26-May-2022,3450.0,CE,0.0,0.0,0.0,102.7,139.6,0,0.0,0,0,18-APR-2022,
OPTSTK,ALKEM,26-May-2022,3500.0,CE,0.0,0.0,0.0,200.0,116.6,0,0.0,200,0,18-APR-2022,
OPTSTK,ALKEM,26-May-2022,3550.0,CE,0.0,0.0,0.0,77.35,96.4,0,0.0,0,0,18-APR-2022,
OPTSTK,ALKEM,26-May-2022,3600.0,CE,0.0,0.0,0.0,66.65,78.9,0,0.0,0,0,18-APR-2022,
OPTSTK,ALKEM,26-May-2022,3650.0,CE,0.0,0.0,0.0,57.25,63.95,0,0.0,0,0,18-APR-2022,
OPTSTK,ALKEM,26-May-2022,3700.0,CE,0.0,0.0,0.0,49.05,51.55,0,0.0,0,0,18-APR-2022,
OPTSTK,ALKEM,26-May-2022,3750.0,CE,0.0,0.0,0.0,41.85,40.9,0,0.0,0,0,18-APR-2022,
OPTSTK,ALKEM,26-May-2022,3800.0,CE,0.0,0.0,0.0,35.6,32.2,0,0.0,0,0,18-APR-2022,
OPTSTK,ALKEM,26-May-2022,3850.0,CE,0.0,0.0,0.0,30.2,25.1,0,0.0,0,0,18-APR-2022,
OPTSTK,ALKEM,26-May-2022,3900.0,CE,0.0,0.0,0.0,25.5,19.4,0,0.0,0,0,18-APR-2022,
OPTSTK,ALKEM,26-May-2022,3950.0,CE,0.0,0.0,0.0,21.5,14.85,0,0.0,0,0,18-APR-2022,
OPTSTK,ALKEM,26-May-2022,4000.0,CE,0.0,0.0,0.0,18.05,11.25,0,0.0,0,0,18-APR-2022,
OPTSTK,ALKEM,26-May-2022,4050.0,CE,0.0,0.0,0.0,15.1,8.45,0,0.0,0,0,18-APR-2022,
OPTSTK,ALKEM,26-May-2022,4100.0,CE,0.0,0.0,0.0,12.65,6.3,0,0.0,0,0,18-APR-2022,
OPTSTK,ALKEM,26-May-2022,4150.0,CE,0.0,0.0,0.0,10.5,4.65,0,0.0,0,0,18-APR-2022,
OPTSTK,ALKEM,26-May-2022,4200.0,CE,0.0,0.0,0.0,8.75,3.4,0,0.0,0,0,18-APR-2022,
OPTSTK,ALKEM,26-May-2022,4250.0,CE,0.0,0.0,0.0,7.25,2.5,0,0.0,0,0,18-APR-2022,
OPTSTK,ALKEM,26-May-2022,4300.0,CE,0.0,0.0,0.0,6.0,1.8,0,0.0,0,0,18-APR-2022,
OPTSTK,ALKEM,26-May-2022,4350.0,CE,0.0,0.0,0.0,4.95,1.3,0,0.0,0,0,18-APR-2022,
OPTSTK,ALKEM,26-May-2022,4400.0,CE,0.0,0.0,0.0,4.05,0.9,0,0.0,0,0,18-APR-2022,
OPTSTK,ALKEM,26-May-2022,4450.0,CE,0.0,0.0,0.0,3.35,0.65,0,0.0,0,0,18-APR-2022,
OPTSTK,ALKEM,26-May-2022,4500.0,CE,0.0,0.0,0.0,2.75,0.45,0,0.0,0,0,18-APR-2022,
OPTSTK,ALKEM,26-May-2022,4550.0,CE,0.0,0.0,0.0,2.25,0.35,0,0.0,0,0,18-APR-2022,
OPTSTK,ALKEM,26-May-2022,2450.0,PE,0.0,0.0,0.0,6.85,0.05,0,0.0,0,0,18-APR-2022,
OPTSTK,ALKEM,26-May-2022,2500.0,PE,0.0,0.0,0.0,9.55,0.05,0,0.0,0,0,18-APR-2022,
OPTSTK,ALKEM,26-May-2022,2550.0,PE,0.0,0.0,0.0,13.0,0.1,0,0.0,0,0,18-APR-2022,
OPTSTK,ALKEM,26-May-2022,2600.0,PE,0.0,0.0,0.0,17.4,0.15,0,0.0,0,0,18-APR-2022,
OPTSTK,ALKEM,26-May-2022,2650.0,PE,0.0,0.0,0.0,22.85,0.3,0,0.0,0,0,18-APR-2022,
OPTSTK,ALKEM,26-May-2022,2700.0,PE,0.0,0.0,0.0,29.55,0.6,0,0.0,0,0,18-APR-2022,
OPTSTK,ALKEM,26-May-2022,2750.0,PE,0.0,0.0,0.0,37.65,1.0,0,0.0,0,0,18-APR-2022,
OPTSTK,ALKEM,26-May-2022,2800.0,PE,0.0,0.0,0.0,47.25,1.7,0,0.0,0,0,18-APR-2022,
OPTSTK,ALKEM,26-May-2022,2850.0,PE,0.0,0.0,0.0,58.5,2.8,0,0.0,0,0,18-APR-2022,
OPTSTK,ALKEM,26-May-2022,2900.0,PE,0.0,0.0,0.0,71.65,4.5,0,0.0,0,0,18-APR-2022,
OPTSTK,ALKEM,26-May-2022,2950.0,PE,0.0,0.0,0.0,86.4,6.9,0,0.0,0,0,18-APR-2022,
OPTSTK,ALKEM,26-May-2022,3000.0,PE,0.0,0.0,0.0,24.85,10.35,0,0.0,400,0,18-APR-2022,
OPTSTK,ALKEM,26-May-2022,3050.0,PE,0.0,0.0,0.0,122.2,15.0,0,0.0,0,0,18-APR-2022,
OPTSTK,ALKEM,26-May-2022,3100.0,PE,0.0,0.0,0.0,143.15,21.25,0,0.0,0,0,18-APR-2022,
OPTSTK,ALKEM,26-May-2022,3150.0,PE,0.0,0.0,0.0,166.15,29.3,0,0.0,0,0,18-APR-2022,
OPTSTK,ALKEM,26-May-2022,3200.0,PE,0.0,0.0,0.0,191.15,39.5,0,0.0,0,0,18-APR-2022,
OPTSTK,ALKEM,26-May-2022,3250.0,PE,0.0,0.0,0.0,218.2,52.2,0,0.0,0,0,18-APR-2022,
OPTSTK,ALKEM,26-May-2022,3300.0,PE,0.0,0.0,0.0,87.4,67.2,0,0.0,400,0,18-APR-2022,
OPTSTK,ALKEM,26-May-2022,3350.0,PE,0.0,0.0,0.0,278.05,85.2,0,0.0,0,0,18-APR-2022,
OPTSTK,ALKEM,26-May-2022,3400.0,PE,0.0,0.0,0.0,310.75,106.05,0,0.0,0,0,18-APR-2022,
OPTSTK,ALKEM,26-May-2022,3450.0,PE,0.0,0.0,0.0,345.15,129.9,0,0.0,0,0,18-APR-2022,
OPTSTK,ALKEM,26-May-2022,3500.0,PE,0.0,0.0,0.0,381.1,156.65,0,0.0,0,0,18-APR-2022,
OPTSTK,ALKEM,26-May-2022,3550.0,PE,0.0,0.0,0.0,418.75,186.2,0,0.0,0,0,18-APR-2022,
OPTSTK,ALKEM,26-May-2022,3600.0,PE,0.0,0.0,0.0,457.5,218.5,0,0.0,0,0,18-APR-2022,
OPTSTK,ALKEM,26-May-2022,3650.0,PE,0.0,0.0,0.0,497.6,253.35,0,0.0,0,0,18-APR-2022,
OPTSTK,ALKEM,26-May-2022,3700.0,PE,0.0,0.0,0.0,538.85,290.7,0,0.0,0,0,18-APR-2022,
OPTSTK,ALKEM,26-May-2022,3750.0,PE,0.0,0.0,0.0,581.15,329.85,0,0.0,0,0,18-APR-2022,
OPTSTK,ALKEM,26-May-2022,3800.0,PE,0.0,0.0,0.0,624.4,370.9,0,0.0,0,0,18-APR-2022,
OPTSTK,ALKEM,26-May-2022,3850.0,PE,0.0,0.0,0.0,668.45,413.6,0,0.0,0,0,18-APR-2022,
OPTSTK,ALKEM,26-May-2022,3900.0,PE,0.0,0.0,0.0,713.25,457.7,0,0.0,0,0,18-APR-2022,
OPTSTK,ALKEM,26-May-2022,3950.0,PE,0.0,0.0,0.0,758.7,502.9,0,0.0,0,0,18-APR-2022,
OPTSTK,ALKEM,26-May-2022,4000.0,PE,0.0,0.0,0.0,804.75,549.1,0,0.0,0,0,18-APR-2022,
OPTSTK,ALKEM,26-May-2022,4050.0,PE,0.0,0.0,0.0,851.3,596.1,0,0.0,0,0,18-APR-2022,
OPTSTK,ALKEM,26-May-2022,4100.0,PE,0.0,0.0,0.0,898.25,643.7,0,0.0,0,0,18-APR-2022,
OPTSTK,ALKEM,26-May-2022,4150.0,PE,0.0,0.0,0.0,945.65,691.85,0,0.0,0,0,18-APR-2022,
OPTSTK,ALKEM,26-May-2022,4200.0,PE,0.0,0.0,0.0,993.35,740.35,0,0.0,0,0,18-APR-2022,
OPTSTK,ALKEM,26-May-2022,4250.0,PE,0.0,0.0,0.0,1041.3,789.2,0,0.0,0,0,18-APR-2022,
OPTSTK,ALKEM,26-May-2022,4300.0,PE,0.0,0.0,0.0,1089.55,838.3,0,0.0,0,0,18-APR-2022,
OPTSTK,ALKEM,26-May-2022,4350.0,PE,0.0,0.0,0.0,1137.95,887.6,0,0.0,0,0,18-APR-2022,
OPTSTK,ALKEM,26-May-2022,4400.0,PE,0.0,0.0,0.0,1186.55,937.0,0,0.0,0,0,18-APR-2022,
OPTSTK,ALKEM,26-May-2022,4450.0,PE,0.0,0.0,0.0,1235.3,986.5,0,0.0,0,0,18-APR-2022,
OPTSTK,ALKEM,26-May-2022,4500.0,PE,0.0,0.0,0.0,1284.2,1036.1,0,0.0,0,0,18-APR-2022,
OPTSTK,ALKEM,26-May-2022,4550.0,PE,0.0,0.0,0.0,1333.15,1085.75,0,0.0,0,0,18-APR-2022,
OPTSTK,ALKEM,30-Jun-2022,2450.0,CE,0.0,0.0,0.0,1197.1,1015.9,0,0.0,0,0,18-APR-2022,
OPTSTK,ALKEM,30-Jun-2022,2500.0,CE,0.0,0.0,0.0,1148.0,966.7,0,0.0,0,0,18-APR-2022,
OPTSTK,ALKEM,30-Jun-2022,2550.0,CE,0.0,0.0,0.0,1099.0,917.7,0,0.0,0,0,18-APR-2022,
OPTSTK,ALKEM,30-Jun-2022,2600.0,CE,0.0,0.0,0.0,1050.2,868.95,0,0.0,0,0,18-APR-2022,
OPTSTK,ALKEM,30-Jun-2022,2650.0,CE,0.0,0.0,0.0,1001.65,820.55,0,0.0,0,0,18-APR-2022,
OPTSTK,ALKEM,30-Jun-2022,2700.0,CE,0.0,0.0,0.0,953.4,772.55,0,0.0,0,0,18-APR-2022,
OPTSTK,ALKEM,30-Jun-2022,2750.0,CE,0.0,0.0,0.0,905.55,725.15,0,0.0,0,0,18-APR-2022,
OPTSTK,ALKEM,30-Jun-2022,2800.0,CE,0.0,0.0,0.0,858.2,678.4,0,0.0,0,0,18-APR-2022,
OPTSTK,ALKEM,30-Jun-2022,2850.0,CE,0.0,0.0,0.0,811.4,632.45,0,0.0,0,0,18-APR-2022,
OPTSTK,ALKEM,30-Jun-2022,2900.0,CE,0.0,0.0,0.0,765.3,587.5,0,0.0,0,0,18-APR-2022,
OPTSTK,ALKEM,30-Jun-2022,2950.0,CE,0.0,0.0,0.0,719.95,543.7,0,0.0,0,0,18-APR-2022,
OPTSTK,ALKEM,30-Jun-2022,3000.0,CE,0.0,0.0,0.0,675.55,501.2,0,0.0,0,0,18-APR-2022,
OPTSTK,ALKEM,30-Jun-2022,3050.0,CE,0.0,0.0,0.0,632.15,460.1,0,0.0,0,0,18-APR-2022,
OPTSTK,ALKEM,30-Jun-2022,3100.0,CE,0.0,0.0,0.0,589.85,420.65,0,0.0,0,0,18-APR-2022,
OPTSTK,ALKEM,30-Jun-2022,3150.0,CE,0.0,0.0,0.0,548.85,383.05,0,0.0,0,0,18-APR-2022,
OPTSTK,ALKEM,30-Jun-2022,3200.0,CE,0.0,0.0,0.0,509.2,347.1,0,0.0,0,0,18-APR-2022,
OPTSTK,ALKEM,30-Jun-2022,3250.0,CE,0.0,0.0,0.0,471.0,313.05,0,0.0,0,0,18-APR-2022,
OPTSTK,ALKEM,30-Jun-2022,3300.0,CE,0.0,0.0,0.0,434.45,281.2,0,0.0,0,0,18-APR-2022,
OPTSTK,ALKEM,30-Jun-2022,3350.0,CE,0.0,0.0,0.0,399.25,251.45,0,0.0,0,0,18-APR-2022,
OPTSTK,ALKEM,30-Jun-2022,3400.0,CE,0.0,0.0,0.0,365.9,223.85,0,0.0,0,0,18-APR-2022,
OPTSTK,ALKEM,30-Jun-2022,3450.0,CE,0.0,0.0,0.0,334.35,198.3,0,0.0,0,0,18-APR-2022,
OPTSTK,ALKEM,30-Jun-2022,3500.0,CE,0.0,0.0,0.0,304.55,174.9,0,0.0,0,0,18-APR-2022,
OPTSTK,ALKEM,30-Jun-2022,3550.0,CE,0.0,0.0,0.0,276.5,153.6,0,0.0,0,0,18-APR-2022,
OPTSTK,ALKEM,30-Jun-2022,3600.0,CE,0.0,0.0,0.0,250.3,134.25,0,0.0,0,0,18-APR-2022,
OPTSTK,ALKEM,30-Jun-2022,3650.0,CE,0.0,0.0,0.0,225.85,116.8,0,0.0,0,0,18-APR-2022,
OPTSTK,ALKEM,30-Jun-2022,3700.0,CE,0.0,0.0,0.0,203.2,101.15,0,0.0,0,0,18-APR-2022,
OPTSTK,ALKEM,30-Jun-2022,3750.0,CE,0.0,0.0,0.0,182.25,87.25,0,0.0,0,0,18-APR-2022,
OPTSTK,ALKEM,30-Jun-2022,3800.0,CE,0.0,0.0,0.0,162.95,75.1,0,0.0,0,0,18-APR-2022,
OPTSTK,ALKEM,30-Jun-2022,3850.0,CE,0.0,0.0,0.0,145.25,64.15,0,0.0,0,0,18-APR-2022,
OPTSTK,ALKEM,30-Jun-2022,3900.0,CE,0.0,0.0,0.0,129.1,54.65,0,0.0,0,0,18-APR-2022,
OPTSTK,ALKEM,30-Jun-2022,3950.0,CE,0.0,0.0,0.0,114.4,46.35,0,0.0,0,0,18-APR-2022,
OPTSTK,ALKEM,30-Jun-2022,4000.0,CE,0.0,0.0,0.0,101.1,39.15,0,0.0,0,0,18-APR-2022,
OPTSTK,ALKEM,30-Jun-2022,4050.0,CE,0.0,0.0,0.0,89.3,32.95,0,0.0,0,0,18-APR-2022,
OPTSTK,ALKEM,30-Jun-2022,4100.0,CE,0.0,0.0,0.0,78.4,27.6,0,0.0,0,0,18-APR-2022,
OPTSTK,ALKEM,30-Jun-2022,4150.0,CE,0.0,0.0,0.0,68.75,23.05,0,0.0,0,0,18-APR-2022,
OPTSTK,ALKEM,30-Jun-2022,4200.0,CE,0.0,0.0,0.0,60.1,19.2,0,0.0,0,0,18-APR-2022,
OPTSTK,ALKEM,30-Jun-2022,4250.0,CE,0.0,0.0,0.0,52.4,15.9,0,0.0,0,0,18-APR-2022,
OPTSTK,ALKEM,30-Jun-2022,4300.0,CE,0.0,0.0,0.0,45.55,13.15,0,0.0,0,0,18-APR-2022,
OPTSTK,ALKEM,30-Jun-2022,4350.0,CE,0.0,0.0,0.0,39.55,10.8,0,0.0,0,0,18-APR-2022,
OPTSTK,ALKEM,30-Jun-2022,4400.0,CE,0.0,0.0,0.0,34.2,8.85,0,0.0,0,0,18-APR-2022,
OPTSTK,ALKEM,30-Jun-2022,4450.0,CE,0.0,0.0,0.0,29.55,7.25,0,0.0,0,0,18-APR-2022,
OPTSTK,ALKEM,30-Jun-2022,4500.0,CE,0.0,0.0,0.0,25.45,5.9,0,0.0,0,0,18-APR-2022,
OPTSTK,ALKEM,30-Jun-2022,4550.0,CE,0.0,0.0,0.0,21.85,4.8,0,0.0,0,0,18-APR-2022,
OPTSTK,ALKEM,30-Jun-2022,2450.0,PE,0.0,0.0,0.0,0.65,0.65,0,0.0,0,0,18-APR-2022,
OPTSTK,ALKEM,30-Jun-2022,2500.0,PE,0.0,0.0,0.0,1.0,1.05,0,0.0,0,0,18-APR-2022,
OPTSTK,ALKEM,30-Jun-2022,2550.0,PE,0.0,0.0,0.0,1.5,1.6,0,0.0,0,0,18-APR-2022,
OPTSTK,ALKEM,30-Jun-2022,2600.0,PE,0.0,0.0,0.0,2.15,2.45,0,0.0,0,0,18-APR-2022,
OPTSTK,ALKEM,30-Jun-2022,2650.0,PE,0.0,0.0,0.0,3.05,3.6,0,0.0,0,0,18-APR-2022,
OPTSTK,ALKEM,30-Jun-2022,2700.0,PE,0.0,0.0,0.0,4.3,5.2,0,0.0,0,0,18-APR-2022,
OPTSTK,ALKEM,30-Jun-2022,2750.0,PE,0.0,0.0,0.0,5.95,7.35,0,0.0,0,0,18-APR-2022,
OPTSTK,ALKEM,30-Jun-2022,2800.0,PE,0.0,0.0,0.0,8.05,10.2,0,0.0,0,0,18-APR-2022,
OPTSTK,ALKEM,30-Jun-2022,2850.0,PE,0.0,0.0,0.0,10.7,13.85,0,0.0,0,0,18-APR-2022,
OPTSTK,ALKEM,30-Jun-2022,2900.0,PE,0.0,0.0,0.0,14.1,18.45,0,0.0,0,0,18-APR-2022,
OPTSTK,ALKEM,30-Jun-2022,2950.0,PE,0.0,0.0,0.0,18.25,24.25,0,0.0,0,0,18-APR-2022,
OPTSTK,ALKEM,30-Jun-2022,3000.0,PE,0.0,0.0,0.0,23.3,31.3,0,0.0,0,0,18-APR-2022,
OPTSTK,ALKEM,30-Jun-2022,3050.0,PE,0.0,0.0,0.0,29.35,39.8,0,0.0,0,0,18-APR-2022,
OPTSTK,ALKEM,30-Jun-2022,3100.0,PE,0.0,0.0,0.0,36.55,49.9,0,0.0,0,0,18-APR-2022,
OPTSTK,ALKEM,30-Jun-2022,3150.0,PE,0.0,0.0,0.0,45.05,61.85,0,0.0,0,0,18-APR-2022,
OPTSTK,ALKEM,30-Jun-2022,3200.0,PE,0.0,0.0,0.0,54.85,75.55,0,0.0,0,0,18-APR-2022,
OPTSTK,ALKEM,30-Jun-2022,3250.0,PE,0.0,0.0,0.0,66.1,91.05,0,0.0,0,0,18-APR-2022,
OPTSTK,ALKEM,30-Jun-2022,3300.0,PE,0.0,0.0,0.0,79.05,108.8,0,0.0,0,0,18-APR-2022,
OPTSTK,ALKEM,30-Jun-2022,3350.0,PE,0.0,0.0,0.0,93.3,128.6,0,0.0,0,0,18-APR-2022,
OPTSTK,ALKEM,30-Jun-2022,3400.0,PE,0.0,0.0,0.0,109.45,150.55,0,0.0,0,0,18-APR-2022,
OPTSTK,ALKEM,30-Jun-2022,3450.0,PE,0.0,0.0,0.0,127.35,174.6,0,0.0,0,0,18-APR-2022,
OPTSTK,ALKEM,30-Jun-2022,3500.0,PE,0.0,0.0,0.0,147.0,200.8,0,0.0,0,0,18-APR-2022,
OPTSTK,ALKEM,30-Jun-2022,3550.0,PE,0.0,0.0,0.0,168.5,229.05,0,0.0,0,0,18-APR-2022,
OPTSTK,ALKEM,30-Jun-2022,3600.0,PE,0.0,0.0,0.0,191.75,259.25,0,0.0,0,0,18-APR-2022,
OPTSTK,ALKEM,30-Jun-2022,3650.0,PE,0.0,0.0,0.0,216.8,291.4,0,0.0,0,0,18-APR-2022,
OPTSTK,ALKEM,30-Jun-2022,3700.0,PE,0.0,0.0,0.0,243.6,325.35,0,0.0,0,0,18-APR-2022,
OPTSTK,ALKEM,30-Jun-2022,3750.0,PE,0.0,0.0,0.0,272.1,361.0,0,0.0,0,0,18-APR-2022,
OPTSTK,ALKEM,30-Jun-2022,3800.0,PE,0.0,0.0,0.0,302.3,398.45,0,0.0,0,0,18-APR-2022,
OPTSTK,ALKEM,30-Jun-2022,3850.0,PE,0.0,0.0,0.0,334.05,437.05,0,0.0,0,0,18-APR-2022,
OPTSTK,ALKEM,30-Jun-2022,3900.0,PE,0.0,0.0,0.0,367.4,477.15,0,0.0,0,0,18-APR-2022,
OPTSTK,ALKEM,30-Jun-2022,3950.0,PE,0.0,0.0,0.0,402.2,518.4,0,0.0,0,0,18-APR-2022,
OPTSTK,ALKEM,30-Jun-2022,4000.0,PE,0.0,0.0,0.0,438.35,560.8,0,0.0,0,0,18-APR-2022,
OPTSTK,ALKEM,30-Jun-2022,4050.0,PE,0.0,0.0,0.0,476.0,604.15,0,0.0,0,0,18-APR-2022,
OPTSTK,ALKEM,30-Jun-2022,4100.0,PE,0.0,0.0,0.0,514.6,648.4,0,0.0,0,0,18-APR-2022,
OPTSTK,ALKEM,30-Jun-2022,4150.0,PE,0.0,0.0,0.0,554.4,693.45,0,0.0,0,0,18-APR-2022,
OPTSTK,ALKEM,30-Jun-2022,4200.0,PE,0.0,0.0,0.0,595.2,739.15,0,0.0,0,0,18-APR-2022,
OPTSTK,ALKEM,30-Jun-2022,4250.0,PE,0.0,0.0,0.0,637.0,785.45,0,0.0,0,0,18-APR-2022,
OPTSTK,ALKEM,30-Jun-2022,4300.0,PE,0.0,0.0,0.0,679.65,832.25,0,0.0,0,0,18-APR-2022,
OPTSTK,ALKEM,30-Jun-2022,4350.0,PE,0.0,0.0,0.0,723.1,879.5,0,0.0,0,0,18-APR-2022,
OPTSTK,ALKEM,30-Jun-2022,4400.0,PE,0.0,0.0,0.0,767.25,927.1,0,0.0,0,0,18-APR-2022,
OPTSTK,ALKEM,30-Jun-2022,4450.0,PE,0.0,0.0,0.0,812.05,975.1,0,0.0,0,0,18-APR-2022,
OPTSTK,ALKEM,30-Jun-2022,4500.0,PE,0.0,0.0,0.0,857.4,1023.3,0,0.0,0,0,18-APR-2022,
OPTSTK,ALKEM,30-Jun-2022,4550.0,PE,0.0,0.0,0.0,903.3,1071.8,0,0.0,0,0,18-APR-2022,
OPTSTK,AMARAJABAT,28-Apr-2022,425.0,CE,0.0,0.0,0.0,179.0,143.95,0,0.0,0,0,18-APR-2022,
OPTSTK,AMARAJABAT,28-Apr-2022,430.0,CE,0.0,0.0,0.0,174.15,138.95,0,0.0,0,0,18-APR-2022,
OPTSTK,AMARAJABAT,28-Apr-2022,435.0,CE,0.0,0.0,0.0,169.35,133.95,0,0.0,0,0,18-APR-2022,
OPTSTK,AMARAJABAT,28-Apr-2022,440.0,CE,0.0,0.0,0.0,164.55,128.95,0,0.0,0,0,18-APR-2022,
OPTSTK,AMARAJABAT,28-Apr-2022,445.0,CE,0.0,0.0,0.0,159.8,123.95,0,0.0,0,0,18-APR-2022,
OPTSTK,AMARAJABAT,28-Apr-2022,450.0,CE,0.0,0.0,0.0,155.05,119.0,0,0.0,0,0,18-APR-2022,
OPTSTK,AMARAJABAT,28-Apr-2022,455.0,CE,0.0,0.0,0.0,150.35,114.0,0,0.0,0,0,18-APR-2022,
OPTSTK,AMARAJABAT,28-Apr-2022,460.0,CE,0.0,0.0,0.0,145.7,109.0,0,0.0,0,0,18-APR-2022,
OPTSTK,AMARAJABAT,28-Apr-2022,465.0,CE,0.0,0.0,0.0,141.05,104.0,0,0.0,0,0,18-APR-2022,
OPTSTK,AMARAJABAT,28-Apr-2022,470.0,CE,0.0,0.0,0.0,136.45,99.0,0,0.0,0,0,18-APR-2022,
OPTSTK,AMARAJABAT,28-Apr-2022,475.0,CE,0.0,0.0,0.0,131.95,94.0,0,0.0,0,0,18-APR-2022,
OPTSTK,AMARAJABAT,28-Apr-2022,480.0,CE,0.0,0.0,0.0,127.45,89.05,0,0.0,0,0,18-APR-2022,
OPTSTK,AMARAJABAT,28-Apr-2022,485.0,CE,0.0,0.0,0.0,123.0,84.05,0,0.0,0,0,18-APR-2022,
OPTSTK,AMARAJABAT,28-Apr-2022,490.0,CE,0.0,0.0,0.0,118.6,79.1,0,0.0,0,0,18-APR-2022,
OPTSTK,AMARAJABAT,28-Apr-2022,495.0,CE,0.0,0.0,0.0,114.3,74.15,0,0.0,0,0,18-APR-2022,
OPTSTK,AMARAJABAT,28-Apr-2022,500.0,CE,0.0,0.0,0.0,68.0,69.2,0,0.0,2000,0,18-APR-2022,
OPTSTK,AMARAJABAT,28-Apr-2022,505.0,CE,0.0,0.0,0.0,105.85,64.3,0,0.0,0,0,18-APR-2022,
OPTSTK,AMARAJABAT,28-Apr-2022,510.0,CE,0.0,0.0,0.0,101.7,59.45,0,0.0,0,0,18-APR-2022,
OPTSTK,AMARAJABAT,28-Apr-2022,515.0,CE,0.0,0.0,0.0,97.7,54.7,0,0.0,0,0,18-APR-2022,
OPTSTK,AMARAJABAT,28-Apr-2022,520.0,CE,49.0,49.0,49.0,49.0,50.0,1,5.69,13000,0,18-APR-2022,
OPTSTK,AMARAJABAT,28-Apr-2022,525.0,CE,0.0,0.0,0.0,89.8,45.4,0,0.0,0,0,18-APR-2022,
OPTSTK,AMARAJABAT,28-Apr-2022,530.0,CE,0.0,0.0,0.0,86.0,40.95,0,0.0,0,0,18-APR-2022,
OPTSTK,AMARAJABAT,28-Apr-2022,535.0,CE,0.0,0.0,0.0,28.95,36.65,0,0.0,1000,0,18-APR-2022,
OPTSTK,AMARAJABAT,28-Apr-2022,540.0,CE,29.2,29.25,28.4,28.4,32.55,7,39.82,23000,-3000,18-APR-2022,
OPTSTK,AMARAJABAT,28-Apr-2022,545.0,CE,0.0,0.0,0.0,75.15,28.65,0,0.0,0,0,18-APR-2022,
OPTSTK,AMARAJABAT,28-Apr-2022,550.0,CE,21.7,25.0,19.7,25.0,25.0,8,45.74,71000,-1000,18-APR-2022,
OPTSTK,AMARAJABAT,28-Apr-2022,555.0,CE,0.0,0.0,0.0,22.45,21.6,0,0.0,7000,0,18-APR-2022,
OPTSTK,AMARAJABAT,28-Apr-2022,560.0,CE,11.9,18.65,11.9,18.25,18.25,81,466.43,82000,-2000,18-APR-2022,
OPTSTK,AMARAJABAT,28-Apr-2022,565.0,CE,13.75,14.1,9.85,14.1,15.65,22,127.08,22000,7000,18-APR-2022,
OPTSTK,AMARAJABAT,28-Apr-2022,570.0,CE,11.35,13.0,7.95,12.6,12.6,252,1462.71,153000,-22000,18-APR-2022,
OPTSTK,AMARAJABAT,28-Apr-2022,575.0,CE,8.75,10.7,7.45,10.45,10.45,19,110.94,29000,-7000,18-APR-2022,
OPTSTK,AMARAJABAT,28-Apr-2022,580.0,CE,5.0,9.4,5.0,8.5,8.5,323,1895.65,407000,-45000,18-APR-2022,
OPTSTK,AMARAJABAT,28-Apr-2022,585.0,CE,5.45,7.15,5.0,6.3,7.25,10,59.05,46000,0,18-APR-2022,
OPTSTK,AMARAJABAT,28-Apr-2022,590.0,CE,6.0,6.0,3.8,5.6,5.6,140,832.62,127000,15000,18-APR-2022,
OPTSTK,AMARAJABAT,28-Apr-2022,595.0,CE,5.0,5.0,3.8,4.0,4.6,7,41.93,19000,5000,18-APR-2022,
OPTSTK,AMARAJABAT,28-Apr-2022,600.0,CE,5.0,5.0,2.65,3.95,3.95,248,1496.18,695000,10000,18-APR-2022,
OPTSTK,AMARAJABAT,28-Apr-2022,605.0,CE,0.0,0.0,0.0,6.1,2.8,0,0.0,12000,0,18-APR-2022,
OPTSTK,AMARAJABAT,28-Apr-2022,610.0,CE,3.45,3.45,1.9,2.5,2.5,30,183.69,73000,6000,18-APR-2022,
OPTSTK,AMARAJABAT,28-Apr-2022,615.0,CE,0.0,0.0,0.0,4.0,1.65,0,0.0,0,0,18-APR-2022,
OPTSTK,AMARAJABAT,28-Apr-2022,620.0,CE,1.15,1.9,1.1,1.6,1.6,41,254.81,151000,-9000,18-APR-2022,
OPTSTK,AMARAJABAT,28-Apr-2022,625.0,CE,0.0,0.0,0.0,31.7,0.9,0,0.0,0,0,18-APR-2022,
OPTSTK,AMARAJABAT,28-Apr-2022,630.0,CE,1.15,1.3,0.9,1.25,0.65,29,183.01,58000,0,18-APR-2022,
OPTSTK,AMARAJABAT,28-Apr-2022,635.0,CE,0.0,0.0,0.0,3.2,0.5,0,0.0,0,0,18-APR-2022,
OPTSTK,AMARAJABAT,28-Apr-2022,640.0,CE,0.35,1.0,0.35,0.8,0.35,5,32.04,33000,-1000,18-APR-2022,
OPTSTK,AMARAJABAT,28-Apr-2022,645.0,CE,2.1,2.1,0.85,1.0,0.25,3,19.38,0,-2000,18-APR-2022,
OPTSTK,AMARAJABAT,28-Apr-2022,650.0,CE,0.6,0.8,0.55,0.6,0.2,32,208.19,201000,-3000,18-APR-2022,
OPTSTK,AMARAJABAT,28-Apr-2022,655.0,CE,0.0,0.0,0.0,21.65,0.15,0,0.0,0,0,18-APR-2022,
OPTSTK,AMARAJABAT,28-Apr-2022,660.0,CE,0.0,0.0,0.0,1.0,0.1,0,0.0,4000,0,18-APR-2022,
OPTSTK,AMARAJABAT,28-Apr-2022,665.0,CE,0.0,0.0,0.0,18.95,0.05,0,0.0,0,0,18-APR-2022,
OPTSTK,AMARAJABAT,28-Apr-2022,670.0,CE,0.5,0.5,0.5,0.5,0.05,1,6.7,3000,0,18-APR-2022,
OPTSTK,AMARAJABAT,28-Apr-2022,675.0,CE,0.0,0.0,0.0,16.55,0.05,0,0.0,0,0,18-APR-2022,
OPTSTK,AMARAJABAT,28-Apr-2022,680.0,CE,0.0,0.0,0.0,15.4,0.05,0,0.0,0,0,18-APR-2022,
OPTSTK,AMARAJABAT,28-Apr-2022,685.0,CE,0.0,0.0,0.0,14.4,0.05,0,0.0,0,0,18-APR-2022,
OPTSTK,AMARAJABAT,28-Apr-2022,690.0,CE,0.0,0.0,0.0,13.35,0.05,0,0.0,0,0,18-APR-2022,
OPTSTK,AMARAJABAT,28-Apr-2022,695.0,CE,0.0,0.0,0.0,12.45,0.0,0,0.0,0,0,18-APR-2022,
OPTSTK,AMARAJABAT,28-Apr-2022,700.0,CE,0.1,0.45,0.1,0.35,0.0,9,63.03,113000,-5000,18-APR-2022,
OPTSTK,AMARAJABAT,28-Apr-2022,705.0,CE,0.0,0.0,0.0,10.75,0.0,0,0.0,0,0,18-APR-2022,
OPTSTK,AMARAJABAT,28-Apr-2022,710.0,CE,0.0,0.0,0.0,10.0,0.0,0,0.0,0,0,18-APR-2022,
OPTSTK,AMARAJABAT,28-Apr-2022,715.0,CE,0.0,0.0,0.0,9.25,0.0,0,0.0,0,0,18-APR-2022,
OPTSTK,AMARAJABAT,28-Apr-2022,720.0,CE,0.0,0.0,0.0,8.6,0.0,0,0.0,0,0,18-APR-2022,
OPTSTK,AMARAJABAT,28-Apr-2022,725.0,CE,0.0,0.0,0.0,7.95,0.0,0,0.0,0,0,18-APR-2022,
OPTSTK,AMARAJABAT,28-Apr-2022,730.0,CE,0.0,0.0,0.0,7.35,0.0,0,0.0,0,0,18-APR-2022,
OPTSTK,AMARAJABAT,28-Apr-2022,735.0,CE,0.0,0.0,0.0,6.8,0.0,0,0.0,0,0,18-APR-2022,
OPTSTK,AMARAJABAT,28-Apr-2022,740.0,CE,0.0,0.0,0.0,6.3,0.0,0,0.0,0,0,18-APR-2022,
OPTSTK,AMARAJABAT,28-Apr-2022,745.0,CE,0.0,0.0,0.0,5.8,0.0,0,0.0,0,0,18-APR-2022,
OPTSTK,AMARAJABAT,28-Apr-2022,750.0,CE,0.0,0.0,0.0,5.35,0.0,0,0.0,0,0,18-APR-2022,
OPTSTK,AMARAJABAT,28-Apr-2022,755.0,CE,0.0,0.0,0.0,4.95,0.0,0,0.0,0,0,18-APR-2022,
OPTSTK,AMARAJABAT,28-Apr-2022,760.0,CE,0.0,0.0,0.0,4.55,0.0,0,0.0,0,0,18-APR-2022,
OPTSTK,AMARAJABAT,28-Apr-2022,765.0,CE,0.0,0.0,0.0,4.2,0.0,0,0.0,0,0,18-APR-2022,
OPTSTK,AMARAJABAT,28-Apr-2022,770.0,CE,0.0,0.0,0.0,3.9,0.0,0,0.0,0,0,18-APR-2022,
OPTSTK,AMARAJABAT,28-Apr-2022,775.0,CE,0.0,0.0,0.0,3.55,0.0,0,0.0,0,0,18-APR-2022,
OPTSTK,AMARAJABAT,28-Apr-2022,780.0,CE,0.0,0.0,0.0,3.3,0.0,0,0.0,0,0,18-APR-2022,
OPTSTK,AMARAJABAT,28-Apr-2022,785.0,CE,0.0,0.0,0.0,3.0,0.0,0,0.0,0,0,18-APR-2022,
OPTSTK,AMARAJABAT,28-Apr-2022,790.0,CE,0.0,0.0,0.0,2.8,0.0,0,0.0,0,0,18-APR-2022,
OPTSTK,AMARAJABAT,28-Apr-2022,795.0,CE,0.0,0.0,0.0,2.55,0.0,0,0.0,0,0,18-APR-2022,
OPTSTK,AMARAJABAT,28-Apr-2022,800.0,CE,0.0,0.0,0.0,2.35,0.0,0,0.0,0,0,18-APR-2022,
OPTSTK,AMARAJABAT,28-Apr-2022,425.0,PE,0.0,0.0,0.0,0.55,0.0,0,0.0,0,0,18-APR-2022,
OPTSTK,AMARAJABAT,28-Apr-2022,430.0,PE,0.0,0.0,0.0,0.1,0.0,0,0.0,1000,0,18-APR-2022,
OPTSTK,AMARAJABAT,28-Apr-2022,435.0,PE,0.0,0.0,0.0,0.8,0.0,0,0.0,0,0,18-APR-2022,
OPTSTK,AMARAJABAT,28-Apr-2022,440.0,PE,0.0,0.0,0.0,0.95,0.0,0,0.0,0,0,18-APR-2022,
OPTSTK,AMARAJABAT,28-Apr-2022,445.0,PE,0.0,0.0,0.0,1.15,0.0,0,0.0,0,0,18-APR-2022,
OPTSTK,AMARAJABAT,28-Apr-2022,450.0,PE,0.0,0.0,0.0,0.15,0.0,0,0.0,4000,0,18-APR-2022,
OPTSTK,AMARAJABAT,28-Apr-2022,455.0,PE,0.0,0.0,0.0,1.6,0.0,0,0.0,0,0,18-APR-2022,
OPTSTK,AMARAJABAT,28-Apr-2022,460.0,PE,0.0,0.0,0.0,1.7,0.0,0,0.0,0,0,18-APR-2022,
OPTSTK,AMARAJABAT,28-Apr-2022,465.0,PE,0.0,0.0,0.0,2.2,0.0,0,0.0,0,0,18-APR-2022,
OPTSTK,AMARAJABAT,28-Apr-2022,470.0,PE,0.0,0.0,0.0,2.6,0.05,0,0.0,0,0,18-APR-2022,
OPTSTK,AMARAJABAT,28-Apr-2022,475.0,PE,0.0,0.0,0.0,3.0,0.05,0,0.0,0,0,18-APR-2022,
OPTSTK,AMARAJABAT,28-Apr-2022,480.0,PE,0.0,0.0,0.0,3.0,0.05,0,0.0,30000,0,18-APR-2022,
OPTSTK,AMARAJABAT,28-Apr-2022,485.0,PE,0.0,0.0,0.0,3.95,0.05,0,0.0,0,0,18-APR-2022,
OPTSTK,AMARAJABAT,28-Apr-2022,490.0,PE,0.0,0.0,0.0,4.5,0.1,0,0.0,0,0,18-APR-2022,
OPTSTK,AMARAJABAT,28-Apr-2022,495.0,PE,0.0,0.0,0.0,5.15,0.1,0,0.0,0,0,18-APR-2022,
OPTSTK,AMARAJABAT,28-Apr-2022,500.0,PE,1.35,1.6,1.15,1.25,1.25,28,140.38,140000,5000,18-APR-2022,
OPTSTK,AMARAJABAT,28-Apr-2022,505.0,PE,0.0,0.0,0.0,6.6,0.3,0,0.0,0,0,18-APR-2022,
OPTSTK,AMARAJABAT,28-Apr-2022,510.0,PE,1.1,1.1,1.1,1.1,1.1,1,5.11,26000,-1000,18-APR-2022,
OPTSTK,AMARAJABAT,28-Apr-2022,515.0,PE,0.0,0.0,0.0,8.3,0.65,0,0.0,0,0,18-APR-2022,
OPTSTK,AMARAJABAT,28-Apr-2022,520.0,PE,1.95,2.1,1.85,1.9,1.9,30,156.6,47000,-7000,18-APR-2022,
OPTSTK,AMARAJABAT,28-Apr-2022,525.0,PE,0.0,0.0,0.0,10.35,1.35,0,0.0,0,0,18-APR-2022,
OPTSTK,AMARAJABAT,28-Apr-2022,530.0,PE,2.65,3.15,2.55,2.55,2.55,32,170.51,58000,-3000,18-APR-2022,
OPTSTK,AMARAJABAT,28-Apr-2022,535.0,PE,5.0,5.0,1.0,1.0,2.6,2,10.76,5000,0,18-APR-2022,
OPTSTK,AMARAJABAT,28-Apr-2022,540.0,PE,4.35,5.4,3.45,3.55,3.45,56,304.78,92000,-8000,18-APR-2022,
OPTSTK,AMARAJABAT,28-Apr-2022,545.0,PE,6.6,6.6,6.6,6.6,4.55,1,5.51,3000,1000,18-APR-2022,
OPTSTK,AMARAJABAT,28-Apr-2022,550.0,PE,8.6,8.6,5.05,5.15,5.9,59,328.4,202000,0,18-APR-2022,
OPTSTK,AMARAJABAT,28-Apr-2022,555.0,PE,11.8,11.8,6.65,8.9,7.5,5,28.18,1000,1000,18-APR-2022,
OPTSTK,AMARAJABAT,28-Apr-2022,560.0,PE,9.3,12.25,7.6,8.1,8.1,203,1156.38,106000,23000,18-APR-2022,
OPTSTK,AMARAJABAT,28-Apr-2022,565.0,PE,0.0,0.0,0.0,22.0,11.55,0,0.0,0,0,18-APR-2022,
OPTSTK,AMARAJABAT,28-Apr-2022,570.0,PE,15.4,17.75,11.5,11.5,14.0,23,134.46,83000,-2000,18-APR-2022,
OPTSTK,AMARAJABAT,28-Apr-2022,575.0,PE,0.0,0.0,0.0,25.9,16.8,0,0.0,0,0,18-APR-2022,
OPTSTK,AMARAJABAT,28-Apr-2022,580.0,PE,24.75,25.0,17.45,17.6,19.8,26,155.97,67000,0,18-APR-2022,
OPTSTK,AMARAJABAT,28-Apr-2022,585.0,PE,0.0,0.0,0.0,30.15,23.15,0,0.0,0,0,18-APR-2022,
OPTSTK,AMARAJABAT,28-Apr-2022,590.0,PE,0.0,0.0,0.0,40.0,26.7,0,0.0,2000,0,18-APR-2022,
OPTSTK,AMARAJABAT,28-Apr-2022,595.0,PE,0.0,0.0,0.0,34.85,30.5,0,0.0,0,0,18-APR-2022,
OPTSTK,AMARAJABAT,28-Apr-2022,600.0,PE,39.0,41.15,33.0,33.85,33.85,16,101.92,168000,-4000,18-APR-2022,
OPTSTK,AMARAJABAT,28-Apr-2022,605.0,PE,0.0,0.0,0.0,39.9,38.65,0,0.0,0,0,18-APR-2022,
OPTSTK,AMARAJABAT,28-Apr-2022,610.0,PE,0.0,0.0,0.0,42.6,43.0,0,0.0,0,0,18-APR-2022,
OPTSTK,AMARAJABAT,28-Apr-2022,615.0,PE,0.0,0.0,0.0,45.35,47.5,0,0.0,0,0,18-APR-2022,
OPTSTK,AMARAJABAT,28-Apr-2022,620.0,PE,0.0,0.0,0.0,75.0,52.1,0,0.0,5000,0,18-APR-2022,
OPTSTK,AMARAJABAT,28-Apr-2022,625.0,PE,0.0,0.0,0.0,51.2,56.75,0,0.0,0,0,18-APR-2022,
OPTSTK,AMARAJABAT,28-Apr-2022,630.0,PE,0.0,0.0,0.0,89.0,61.5,0,0.0,4000,0,18-APR-2022,
OPTSTK,AMARAJABAT,28-Apr-2022,635.0,PE,0.0,0.0,0.0,57.4,66.3,0,0.0,0,0,18-APR-2022,
OPTSTK,AMARAJABAT,28-Apr-2022,640.0,PE,0.0,0.0,0.0,99.0,71.2,0,0.0,3000,0,18-APR-2022,
OPTSTK,AMARAJABAT,28-Apr-2022,645.0,PE,0.0,0.0,0.0,63.95,76.1,0,0.0,0,0,18-APR-2022,
OPTSTK,AMARAJABAT,28-Apr-2022,650.0,PE,82.5,82.5,82.5,82.5,81.0,1,7.32,88000,-1000,18-APR-2022,
OPTSTK,AMARAJABAT,28-Apr-2022,655.0,PE,0.0,0.0,0.0,70.8,85.95,0,0.0,0,0,18-APR-2022,
OPTSTK,AMARAJABAT,28-Apr-2022,660.0,PE,0.0,0.0,0.0,74.35,90.9,0,0.0,0,0,18-APR-2022,
OPTSTK,AMARAJABAT,28-Apr-2022,665.0,PE,0.0,0.0,0.0,78.0,95.85,0,0.0,0,0,18-APR-2022,
OPTSTK,AMARAJABAT,28-Apr-2022,670.0,PE,0.0,0.0,0.0,81.75,100.85,0,0.0,0,0,18-APR-2022,
OPTSTK,AMARAJABAT,28-Apr-2022,675.0,PE,0.0,0.0,0.0,85.5,105.85,0,0.0,0,0,18-APR-2022,
OPTSTK,AMARAJABAT,28-Apr-2022,680.0,PE,0.0,0.0,0.0,89.35,110.8,0,0.0,0,0,18-APR-2022,
OPTSTK,AMARAJABAT,28-Apr-2022,685.0,PE,0.0,0.0,0.0,93.25,115.8,0,0.0,0,0,18-APR-2022,
OPTSTK,AMARAJABAT,28-Apr-2022,690.0,PE,0.0,0.0,0.0,97.2,120.8,0,0.0,0,0,18-APR-2022,
OPTSTK,AMARAJABAT,28-Apr-2022,695.0,PE,0.0,0.0,0.0,101.2,125.8,0,0.0,0,0,18-APR-2022,
OPTSTK,AMARAJABAT,28-Apr-2022,700.0,PE,0.0,0.0,0.0,120.0,130.8,0,0.0,11000,0,18-APR-2022,
OPTSTK,AMARAJABAT,28-Apr-2022,705.0,PE,0.0,0.0,0.0,109.4,135.8,0,0.0,0,0,18-APR-2022,
OPTSTK,AMARAJABAT,28-Apr-2022,710.0,PE,0.0,0.0,0.0,113.6,140.75,0,0.0,0,0,18-APR-2022,
OPTSTK,AMARAJABAT,28-Apr-2022,715.0,PE,0.0,0.0,0.0,117.8,145.75,0,0.0,0,0,18-APR-2022,
OPTSTK,AMARAJABAT,28-Apr-2022,720.0,PE,0.0,0.0,0.0,122.1,150.75,0,0.0,0,0,18-APR-2022,
OPTSTK,AMARAJABAT,28-Apr-2022,725.0,PE,0.0,0.0,0.0,126.4,155.75,0,0.0,0,0,18-APR-2022,
OPTSTK,AMARAJABAT,28-Apr-2022,730.0,PE,0.0,0.0,0.0,190.0,160.75,0,0.0,1000,0,18-APR-2022,
OPTSTK,AMARAJABAT,28-Apr-2022,735.0,PE,0.0,0.0,0.0,135.15,165.75,0,0.0,0,0,18-APR-2022,
OPTSTK,AMARAJABAT,28-Apr-2022,740.0,PE,0.0,0.0,0.0,139.6,170.75,0,0.0,0,0,18-APR-2022,
OPTSTK,AMARAJABAT,28-Apr-2022,745.0,PE,0.0,0.0,0.0,144.05,175.75,0,0.0,0,0,18-APR-2022,
OPTSTK,AMARAJABAT,28-Apr-2022,750.0,PE,0.0,0.0,0.0,207.0,180.75,0,0.0,5000,0,18-APR-2022,
OPTSTK,AMARAJABAT,28-Apr-2022,755.0,PE,0.0,0.0,0.0,153.1,185.7,0,0.0,0,0,18-APR-2022,
OPTSTK,AMARAJABAT,28-Apr-2022,760.0,PE,0.0,0.0,0.0,157.65,190.7,0,0.0,0,0,18-APR-2022,
OPTSTK,AMARAJABAT,28-Apr-2022,765.0,PE,0.0,0.0,0.0,162.25,195.7,0,0.0,0,0,18-APR-2022,
OPTSTK,AMARAJABAT,28-Apr-2022,770.0,PE,0.0,0.0,0.0,166.85,200.7,0,0.0,0,0,18-APR-2022,
OPTSTK,AMARAJABAT,28-Apr-2022,775.0,PE,0.0,0.0,0.0,171.5,205.7,0,0.0,0,0,18-APR-2022,
OPTSTK,AMARAJABAT,28-Apr-2022,780.0,PE,0.0,0.0,0.0,176.15,210.7,0,0.0,0,0,18-APR-2022,
OPTSTK,AMARAJABAT,28-Apr-2022,785.0,PE,0.0,0.0,0.0,180.85,215.7,0,0.0,0,0,18-APR-2022,
OPTSTK,AMARAJABAT,28-Apr-2022,790.0,PE,0.0,0.0,0.0,185.55,220.7,0,0.0,0,0,18-APR-2022,
OPTSTK,AMARAJABAT,28-Apr-2022,795.0,PE,0.0,0.0,0.0,190.25,225.7,0,0.0,0,0,18-APR-2022,
OPTSTK,AMARAJABAT,28-Apr-2022,800.0,PE,0.0,0.0,0.0,195.0,230.65,0,0.0,0,0,18-APR-2022,
OPTSTK,AMARAJABAT,26-May-2022,425.0,CE,0.0,0.0,0.0,106.75,145.45,0,0.0,0,0,18-APR-2022,
OPTSTK,AMARAJABAT,26-May-2022,430.0,CE,0.0,0.0,0.0,102.4,140.5,0,0.0,0,0,18-APR-2022,
OPTSTK,AMARAJABAT,26-May-2022,435.0,CE,0.0,0.0,0.0,98.1,135.6,0,0.0,0,0,18-APR-2022,
OPTSTK,AMARAJABAT,26-May-2022,440.0,CE,0.0,0.0,0.0,93.9,130.65,0,0.0,0,0,18-APR-2022,
OPTSTK,AMARAJABAT,26-May-2022,445.0,CE,0.0,0.0,0.0,89.75,125.75,0,0.0,0,0,18-APR-2022,
OPTSTK,AMARAJABAT,26-May-2022,450.0,CE,0.0,0.0,0.0,85.7,120.9,0,0.0,0,0,18-APR-2022,
OPTSTK,AMARAJABAT,26-May-2022,455.0,CE,0.0,0.0,0.0,81.7,116.05,0,0.0,0,0,18-APR-2022,
OPTSTK,AMARAJABAT,26-May-2022,460.0,CE,0.0,0.0,0.0,77.85,111.25,0,0.0,0,0,18-APR-2022,
OPTSTK,AMARAJABAT,26-May-2022,465.0,CE,0.0,0.0,0.0,74.05,106.45,0,0.0,0,0,18-APR-2022,
OPTSTK,AMARAJABAT,26-May-2022,470.0,CE,0.0,0.0,0.0,70.4,101.7,0,0.0,0,0,18-APR-2022,
OPTSTK,AMARAJABAT,26-May-2022,475.0,CE,0.0,0.0,0.0,66.85,97.05,0,0.0,0,0,18-APR-2022,
OPTSTK,AMARAJABAT,26-May-2022,480.0,CE,0.0,0.0,0.0,63.35,92.4,0,0.0,0,0,18-APR-2022,
OPTSTK,AMARAJABAT,26-May-2022,485.0,CE,0.0,0.0,0.0,60.0,87.85,0,0.0,0,0,18-APR-2022,
OPTSTK,AMARAJABAT,26-May-2022,490.0,CE,0.0,0.0,0.0,56.75,83.35,0,0.0,0,0,18-APR-2022,
OPTSTK,AMARAJABAT,26-May-2022,495.0,CE,0.0,0.0,0.0,53.6,78.95,0,0.0,0,0,18-APR-2022,
OPTSTK,AMARAJABAT,26-May-2022,500.0,CE,0.0,0.0,0.0,81.0,74.6,0,0.0,1000,0,18-APR-2022,
OPTSTK,AMARAJABAT,26-May-2022,505.0,CE,0.0,0.0,0.0,47.65,70.35,0,0.0,0,0,18-APR-2022,
OPTSTK,AMARAJABAT,26-May-2022,510.0,CE,0.0,0.0,0.0,44.85,66.25,0,0.0,0,0,18-APR-2022,
OPTSTK,AMARAJABAT,26-May-2022,515.0,CE,0.0,0.0,0.0,42.15,62.2,0,0.0,0,0,18-APR-2022,
OPTSTK,AMARAJABAT,26-May-2022,520.0,CE,0.0,0.0,0.0,39.6,58.3,0,0.0,0,0,18-APR-2022,
OPTSTK,AMARAJABAT,26-May-2022,525.0,CE,0.0,0.0,0.0,37.15,54.55,0,0.0,0,0,18-APR-2022,
OPTSTK,AMARAJABAT,26-May-2022,530.0,CE,0.0,0.0,0.0,34.8,50.9,0,0.0,0,0,18-APR-2022,
OPTSTK,AMARAJABAT,26-May-2022,535.0,CE,0.0,0.0,0.0,32.55,47.35,0,0.0,0,0,18-APR-2022,
OPTSTK,AMARAJABAT,26-May-2022,540.0,CE,0.0,0.0,0.0,49.0,44.0,0,0.0,0,0,18-APR-2022,
OPTSTK,AMARAJABAT,26-May-2022,545.0,CE,0.0,0.0,0.0,28.4,40.75,0,0.0,0,0,18-APR-2022,
OPTSTK,AMARAJABAT,26-May-2022,550.0,CE,0.0,0.0,0.0,26.5,37.65,0,0.0,0,0,18-APR-2022,
OPTSTK,AMARAJABAT,26-May-2022,555.0,CE,0.0,0.0,0.0,24.65,34.75,0,0.0,0,0,18-APR-2022,
OPTSTK,AMARAJABAT,26-May-2022,560.0,CE,0.0,0.0,0.0,22.95,31.95,0,0.0,0,0,18-APR-2022,
OPTSTK,AMARAJABAT,26-May-2022,565.0,CE,0.0,0.0,0.0,21.35,29.35,0,0.0,0,0,18-APR-2022,
OPTSTK,AMARAJABAT,26-May-2022,570.0,CE,0.0,0.0,0.0,19.8,26.85,0,0.0,0,0,18-APR-2022,
OPTSTK,AMARAJABAT,26-May-2022,575.0,CE,0.0,0.0,0.0,18.35,24.55,0,0.0,0,0,18-APR-2022,
OPTSTK,AMARAJABAT,26-May-2022,580.0,CE,16.45,16.45,16.45,16.45,22.35,1,5.96,1000,-1000,18-APR-2022,
OPTSTK,AMARAJABAT,26-May-2022,585.0,CE,0.0,0.0,0.0,15.75,20.3,0,0.0,0,0,18-APR-2022,
OPTSTK,AMARAJABAT,26-May-2022,590.0,CE,0.0,0.0,0.0,20.95,18.4,0,0.0,1000,0,18-APR-2022,
OPTSTK,AMARAJABAT,26-May-2022,595.0,CE,0.0,0.0,0.0,13.5,16.65,0,0.0,0,0,18-APR-2022,
OPTSTK,AMARAJABAT,26-May-2022,600.0,CE,10.6,13.5,10.55,12.45,12.45,26,159.1,54000,13000,18-APR-2022,
OPTSTK,AMARAJABAT,26-May-2022,605.0,CE,0.0,0.0,0.0,11.45,13.55,0,0.0,0,0,18-APR-2022,
OPTSTK,AMARAJABAT,26-May-2022,610.0,CE,0.0,0.0,0.0,10.55,12.15,0,0.0,0,0,18-APR-2022,
OPTSTK,AMARAJABAT,26-May-2022,615.0,CE,0.0,0.0,0.0,9.7,10.9,0,0.0,0,0,18-APR-2022,
OPTSTK,AMARAJABAT,26-May-2022,620.0,CE,0.0,0.0,0.0,7.0,9.75,0,0.0,1000,0,18-APR-2022,
OPTSTK,AMARAJABAT,26-May-2022,625.0,CE,0.0,0.0,0.0,8.2,8.7,0,0.0,0,0,18-APR-2022,
OPTSTK,AMARAJABAT,26-May-2022,630.0,CE,0.0,0.0,0.0,7.5,7.75,0,0.0,0,0,18-APR-2022,
OPTSTK,AMARAJABAT,26-May-2022,635.0,CE,0.0,0.0,0.0,6.9,6.85,0,0.0,0,0,18-APR-2022,
OPTSTK,AMARAJABAT,26-May-2022,640.0,CE,0.0,0.0,0.0,6.0,6.1,0,0.0,1000,0,18-APR-2022,
OPTSTK,AMARAJABAT,26-May-2022,645.0,CE,0.0,0.0,0.0,5.75,5.35,0,0.0,0,0,18-APR-2022,
OPTSTK,AMARAJABAT,26-May-2022,650.0,CE,0.0,0.0,0.0,6.1,4.75,0,0.0,2000,0,18-APR-2022,
OPTSTK,AMARAJABAT,26-May-2022,655.0,CE,0.0,0.0,0.0,4.8,4.15,0,0.0,0,0,18-APR-2022,
OPTSTK,AMARAJABAT,26-May-2022,660.0,CE,0.0,0.0,0.0,4.4,3.65,0,0.0,0,0,18-APR-2022,
OPTSTK,AMARAJABAT,26-May-2022,665.0,CE,0.0,0.0,0.0,4.0,3.2,0,0.0,0,0,18-APR-2022,
OPTSTK,AMARAJABAT,26-May-2022,670.0,CE,0.0,0.0,0.0,3.65,2.8,0,0.0,0,0,18-APR-2022,
OPTSTK,AMARAJABAT,26-May-2022,675.0,CE,0.0,0.0,0.0,3.35,2.45,0,0.0,0,0,18-APR-2022,
OPTSTK,AMARAJABAT,26-May-2022,680.0,CE,0.0,0.0,0.0,3.05,2.15,0,0.0,0,0,18-APR-2022,
OPTSTK,AMARAJABAT,26-May-2022,685.0,CE,0.0,0.0,0.0,2.75,1.85,0,0.0,0,0,18-APR-2022,
OPTSTK,AMARAJABAT,26-May-2022,690.0,CE,0.0,0.0,0.0,2.5,1.6,0,0.0,0,0,18-APR-2022,
OPTSTK,AMARAJABAT,26-May-2022,695.0,CE,0.0,0.0,0.0,2.25,1.4,0,0.0,0,0,18-APR-2022,
OPTSTK,AMARAJABAT,26-May-2022,700.0,CE,0.0,0.0,0.0,6.0,1.2,0,0.0,0,0,18-APR-2022,
OPTSTK,AMARAJABAT,26-May-2022,705.0,CE,0.0,0.0,0.0,1.85,1.05,0,0.0,0,0,18-APR-2022,
OPTSTK,AMARAJABAT,26-May-2022,710.0,CE,0.0,0.0,0.0,1.7,0.9,0,0.0,0,0,18-APR-2022,
OPTSTK,AMARAJABAT,26-May-2022,715.0,CE,0.0,0.0,0.0,1.55,0.75,0,0.0,0,0,18-APR-2022,
OPTSTK,AMARAJABAT,26-May-2022,720.0,CE,0.0,0.0,0.0,1.4,0.65,0,0.0,0,0,18-APR-2022,
OPTSTK,AMARAJABAT,26-May-2022,725.0,CE,0.0,0.0,0.0,1.25,0.55,0,0.0,0,0,18-APR-2022,
OPTSTK,AMARAJABAT,26-May-2022,425.0,PE,0.0,0.0,0.0,3.6,0.1,0,0.0,0,0,18-APR-2022,
OPTSTK,AMARAJABAT,26-May-2022,430.0,PE,0.0,0.0,0.0,4.2,0.15,0,0.0,0,0,18-APR-2022,
OPTSTK,AMARAJABAT,26-May-2022,435.0,PE,0.0,0.0,0.0,4.85,0.2,0,0.0,0,0,18-APR-2022,
OPTSTK,AMARAJABAT,26-May-2022,440.0,PE,0.0,0.0,0.0,5.55,0.25,0,0.0,0,0,18-APR-2022,
OPTSTK,AMARAJABAT,26-May-2022,445.0,PE,0.0,0.0,0.0,6.4,0.35,0,0.0,0,0,18-APR-2022,
OPTSTK,AMARAJABAT,26-May-2022,450.0,PE,0.0,0.0,0.0,7.3,0.45,0,0.0,0,0,18-APR-2022,
OPTSTK,AMARAJABAT,26-May-2022,455.0,PE,0.0,0.0,0.0,8.25,0.6,0,0.0,0,0,18-APR-2022,
OPTSTK,AMARAJABAT,26-May-2022,460.0,PE,0.0,0.0,0.0,9.35,0.75,0,0.0,0,0,18-APR-2022,
OPTSTK,AMARAJABAT,26-May-2022,465.0,PE,0.0,0.0,0.0,10.5,0.95,0,0.0,0,0,18-APR-2022,
OPTSTK,AMARAJABAT,26-May-2022,470.0,PE,0.0,0.0,0.0,11.8,1.2,0,0.0,0,0,18-APR-2022,
OPTSTK,AMARAJABAT,26-May-2022,475.0,PE,0.0,0.0,0.0,13.15,1.5,0,0.0,0,0,18-APR-2022,
OPTSTK,AMARAJABAT,26-May-2022,480.0,PE,0.0,0.0,0.0,14.65,1.85,0,0.0,0,0,18-APR-2022,
OPTSTK,AMARAJABAT,26-May-2022,485.0,PE,0.0,0.0,0.0,16.2,2.25,0,0.0,0,0,18-APR-2022,
OPTSTK,AMARAJABAT,26-May-2022,490.0,PE,0.0,0.0,0.0,17.9,2.75,0,0.0,0,0,18-APR-2022,
OPTSTK,AMARAJABAT,26-May-2022,495.0,PE,0.0,0.0,0.0,19.7,3.3,0,0.0,0,0,18-APR-2022,
OPTSTK,AMARAJABAT,26-May-2022,500.0,PE,4.8,4.8,4.8,4.8,3.95,1,5.04,1000,1000,18-APR-2022,
OPTSTK,AMARAJABAT,26-May-2022,505.0,PE,0.0,0.0,0.0,23.65,4.7,0,0.0,0,0,18-APR-2022,
OPTSTK,AMARAJABAT,26-May-2022,510.0,PE,0.0,0.0,0.0,25.8,5.55,0,0.0,0,0,18-APR-2022,
OPTSTK,AMARAJABAT,26-May-2022,515.0,PE,0.0,0.0,0.0,28.1,6.5,0,0.0,0,0,18-APR-2022,
OPTSTK,AMARAJABAT,26-May-2022,520.0,PE,0.0,0.0,0.0,30.45,7.55,0,0.0,0,0,18-APR-2022,
OPTSTK,AMARAJABAT,26-May-2022,525.0,PE,0.0,0.0,0.0,32.95,8.75,0,0.0,0,0,18-APR-2022,
OPTSTK,AMARAJABAT,26-May-2022,530.0,PE,0.0,0.0,0.0,35.55,10.1,0,0.0,0,0,18-APR-2022,
OPTSTK,AMARAJABAT,26-May-2022,535.0,PE,0.0,0.0,0.0,38.25,11.55,0,0.0,0,0,18-APR-2022,
OPTSTK,AMARAJABAT,26-May-2022,540.0,PE,0.0,0.0,0.0,41.1,13.15,0,0.0,0,0,18-APR-2022,
OPTSTK,AMARAJABAT,26-May-2022,545.0,PE,0.0,0.0,0.0,44.0,14.9,0,0.0,0,0,18-APR-2022,
OPTSTK,AMARAJABAT,26-May-2022,550.0,PE,16.45,16.5,13.0,13.0,16.8,4,22.62,26000,1000,18-APR-2022,
OPTSTK,AMARAJABAT,26-May-2022,555.0,PE,0.0,0.0,0.0,50.15,18.85,0,0.0,0,0,18-APR-2022,
OPTSTK,AMARAJABAT,26-May-2022,560.0,PE,0.0,0.0,0.0,21.5,21.05,0,0.0,2000,0,18-APR-2022,
OPTSTK,AMARAJABAT,26-May-2022,565.0,PE,0.0,0.0,0.0,56.7,23.4,0,0.0,0,0,18-APR-2022,
OPTSTK,AMARAJABAT,26-May-2022,570.0,PE,20.0,20.0,20.0,20.0,25.9,1,5.9,1000,1000,18-APR-2022,
OPTSTK,AMARAJABAT,26-May-2022,575.0,PE,0.0,0.0,0.0,63.65,28.55,0,0.0,0,0,18-APR-2022,
OPTSTK,AMARAJABAT,26-May-2022,580.0,PE,0.0,0.0,0.0,67.25,31.35,0,0.0,0,0,18-APR-2022,
OPTSTK,AMARAJABAT,26-May-2022,585.0,PE,0.0,0.0,0.0,70.95,34.3,0,0.0,0,0,18-APR-2022,
OPTSTK,AMARAJABAT,26-May-2022,590.0,PE,0.0,0.0,0.0,74.7,37.35,0,0.0,0,0,18-APR-2022,
OPTSTK,AMARAJABAT,26-May-2022,595.0,PE,0.0,0.0,0.0,78.55,40.6,0,0.0,0,0,18-APR-2022,
OPTSTK,AMARAJABAT,26-May-2022,600.0,PE,44.0,44.0,41.0,41.0,43.95,3,19.28,4000,2000,18-APR-2022,
OPTSTK,AMARAJABAT,26-May-2022,605.0,PE,0.0,0.0,0.0,86.4,47.4,0,0.0,0,0,18-APR-2022,
OPTSTK,AMARAJABAT,26-May-2022,610.0,PE,0.0,0.0,0.0,90.45,51.0,0,0.0,0,0,18-APR-2022,
OPTSTK,AMARAJABAT,26-May-2022,615.0,PE,0.0,0.0,0.0,94.55,54.75,0,0.0,0,0,18-APR-2022,
OPTSTK,AMARAJABAT,26-May-2022,620.0,PE,0.0,0.0,0.0,98.7,58.55,0,0.0,0,0,18-APR-2022,
OPTSTK,AMARAJABAT,26-May-2022,625.0,PE,0.0,0.0,0.0,102.95,62.5,0,0.0,0,0,18-APR-2022,
OPTSTK,AMARAJABAT,26-May-2022,630.0,PE,0.0,0.0,0.0,107.2,66.5,0,0.0,0,0,18-APR-2022,
OPTSTK,AMARAJABAT,26-May-2022,635.0,PE,0.0,0.0,0.0,111.55,70.6,0,0.0,0,0,18-APR-2022,
OPTSTK,AMARAJABAT,26-May-2022,640.0,PE,0.0,0.0,0.0,115.9,74.8,0,0.0,0,0,18-APR-2022,
OPTSTK,AMARAJABAT,26-May-2022,645.0,PE,0.0,0.0,0.0,120.3,79.05,0,0.0,0,0,18-APR-2022,
OPTSTK,AMARAJABAT,26-May-2022,650.0,PE,0.0,0.0,0.0,124.75,83.4,0,0.0,0,0,18-APR-2022,
OPTSTK,AMARAJABAT,26-May-2022,655.0,PE,0.0,0.0,0.0,129.25,87.85,0,0.0,0,0,18-APR-2022,
OPTSTK,AMARAJABAT,26-May-2022,660.0,PE,0.0,0.0,0.0,133.8,92.3,0,0.0,0,0,18-APR-2022,
OPTSTK,AMARAJABAT,26-May-2022,665.0,PE,0.0,0.0,0.0,138.35,96.8,0,0.0,0,0,18-APR-2022,
OPTSTK,AMARAJABAT,26-May-2022,670.0,PE,0.0,0.0,0.0,142.95,101.4,0,0.0,0,0,18-APR-2022,
OPTSTK,AMARAJABAT,26-May-2022,675.0,PE,0.0,0.0,0.0,147.55,106.0,0,0.0,0,0,18-APR-2022,
OPTSTK,AMARAJABAT,26-May-2022,680.0,PE,0.0,0.0,0.0,152.2,110.7,0,0.0,0,0,18-APR-2022,
OPTSTK,AMARAJABAT,26-May-2022,685.0,PE,0.0,0.0,0.0,156.9,115.4,0,0.0,0,0,18-APR-2022,
OPTSTK,AMARAJABAT,26-May-2022,690.0,PE,0.0,0.0,0.0,161.6,120.1,0,0.0,0,0,18-APR-2022,
OPTSTK,AMARAJABAT,26-May-2022,695.0,PE,0.0,0.0,0.0,166.3,124.9,0,0.0,0,0,18-APR-2022,
OPTSTK,AMARAJABAT,26-May-2022,700.0,PE,0.0,0.0,0.0,171.05,129.65,0,0.0,0,0,18-APR-2022,
OPTSTK,AMARAJABAT,26-May-2022,705.0,PE,0.0,0.0,0.0,175.8,134.5,0,0.0,0,0,18-APR-2022,
OPTSTK,AMARAJABAT,26-May-2022,710.0,PE,0.0,0.0,0.0,180.55,139.3,0,0.0,0,0,18-APR-2022,
OPTSTK,AMARAJABAT,26-May-2022,715.0,PE,0.0,0.0,0.0,185.35,144.15,0,0.0,0,0,18-APR-2022,
OPTSTK,AMARAJABAT,26-May-2022,720.0,PE,0.0,0.0,0.0,190.15,149.05,0,0.0,0,0,18-APR-2022,
OPTSTK,AMARAJABAT,26-May-2022,725.0,PE,0.0,0.0,0.0,194.95,153.9,0,0.0,0,0,18-APR-2022,
OPTSTK,AMARAJABAT,30-Jun-2022,425.0,CE,0.0,0.0,0.0,119.55,148.05,0,0.0,0,0,18-APR-2022,
OPTSTK,AMARAJABAT,30-Jun-2022,430.0,CE,0.0,0.0,0.0,115.15,143.3,0,0.0,0,0,18-APR-2022,
OPTSTK,AMARAJABAT,30-Jun-2022,435.0,CE,0.0,0.0,0.0,110.8,138.55,0,0.0,0,0,18-APR-2022,
OPTSTK,AMARAJABAT,30-Jun-2022,440.0,CE,0.0,0.0,0.0,106.55,133.9,0,0.0,0,0,18-APR-2022,
OPTSTK,AMARAJABAT,30-Jun-2022,445.0,CE,0.0,0.0,0.0,102.35,129.25,0,0.0,0,0,18-APR-2022,
OPTSTK,AMARAJABAT,30-Jun-2022,450.0,CE,0.0,0.0,0.0,98.25,124.65,0,0.0,0,0,18-APR-2022,
OPTSTK,AMARAJABAT,30-Jun-2022,455.0,CE,0.0,0.0,0.0,94.2,120.1,0,0.0,0,0,18-APR-2022,
OPTSTK,AMARAJABAT,30-Jun-2022,460.0,CE,0.0,0.0,0.0,90.25,115.6,0,0.0,0,0,18-APR-2022,
OPTSTK,AMARAJABAT,30-Jun-2022,465.0,CE,0.0,0.0,0.0,86.35,111.2,0,0.0,0,0,18-APR-2022,
OPTSTK,AMARAJABAT,30-Jun-2022,470.0,CE,0.0,0.0,0.0,82.6,106.8,0,0.0,0,0,18-APR-2022,
OPTSTK,AMARAJABAT,30-Jun-2022,475.0,CE,0.0,0.0,0.0,78.9,102.5,0,0.0,0,0,18-APR-2022,
OPTSTK,AMARAJABAT,30-Jun-2022,480.0,CE,0.0,0.0,0.0,75.3,98.3,0,0.0,0,0,18-APR-2022,
OPTSTK,AMARAJABAT,30-Jun-2022,485.0,CE,0.0,0.0,0.0,71.8,94.1,0,0.0,0,0,18-APR-2022,
OPTSTK,AMARAJABAT,30-Jun-2022,490.0,CE,0.0,0.0,0.0,68.35,90.05,0,0.0,0,0,18-APR-2022,
OPTSTK,AMARAJABAT,30-Jun-2022,495.0,CE,0.0,0.0,0.0,65.05,86.05,0,0.0,0,0,18-APR-2022,
OPTSTK,AMARAJABAT,30-Jun-2022,500.0,CE,0.0,0.0,0.0,61.85,82.15,0,0.0,0,0,18-APR-2022,
OPTSTK,AMARAJABAT,30-Jun-2022,505.0,CE,0.0,0.0,0.0,58.75,78.35,0,0.0,0,0,18-APR-2022,
OPTSTK,AMARAJABAT,30-Jun-2022,510.0,CE,0.0,0.0,0.0,55.75,74.65,0,0.0,0,0,18-APR-2022,
OPTSTK,AMARAJABAT,30-Jun-2022,515.0,CE,0.0,0.0,0.0,52.85,71.0,0,0.0,0,0,18-APR-2022,
OPTSTK,AMARAJABAT,30-Jun-2022,520.0,CE,0.0,0.0,0.0,50.05,67.5,0,0.0,0,0,18-APR-2022,
OPTSTK,AMARAJABAT,30-Jun-2022,525.0,CE,0.0,0.0,0.0,47.35,64.05,0,0.0,0,0,18-APR-2022,
OPTSTK,AMARAJABAT,30-Jun-2022,530.0,CE,0.0,0.0,0.0,44.75,60.7,0,0.0,0,0,18-APR-2022,
OPTSTK,AMARAJABAT,30-Jun-2022,535.0,CE,0.0,0.0,0.0,42.25,57.5,0,0.0,0,0,18-APR-2022,
OPTSTK,AMARAJABAT,30-Jun-2022,540.0,CE,0.0,0.0,0.0,39.9,54.4,0,0.0,0,0,18-APR-2022,
OPTSTK,AMARAJABAT,30-Jun-2022,545.0,CE,0.0,0.0,0.0,37.6,51.4,0,0.0,0,0,18-APR-2022,
OPTSTK,AMARAJABAT,30-Jun-2022,550.0,CE,0.0,0.0,0.0,35.4,48.55,0,0.0,0,0,18-APR-2022,
OPTSTK,AMARAJABAT,30-Jun-2022,555.0,CE,0.0,0.0,0.0,33.3,45.75,0,0.0,0,0,18-APR-2022,
OPTSTK,AMARAJABAT,30-Jun-2022,560.0,CE,0.0,0.0,0.0,31.35,43.1,0,0.0,0,0,18-APR-2022,
OPTSTK,AMARAJABAT,30-Jun-2022,565.0,CE,0.0,0.0,0.0,29.4,40.55,0,0.0,0,0,18-APR-2022,
OPTSTK,AMARAJABAT,30-Jun-2022,570.0,CE,0.0,0.0,0.0,27.6,38.1,0,0.0,0,0,18-APR-2022,
OPTSTK,AMARAJABAT,30-Jun-2022,575.0,CE,0.0,0.0,0.0,25.9,35.75,0,0.0,0,0,18-APR-2022,
OPTSTK,AMARAJABAT,30-Jun-2022,580.0,CE,0.0,0.0,0.0,24.25,33.55,0,0.0,0,0,18-APR-2022,
OPTSTK,AMARAJABAT,30-Jun-2022,585.0,CE,0.0,0.0,0.0,22.7,31.4,0,0.0,0,0,18-APR-2022,
OPTSTK,AMARAJABAT,30-Jun-2022,590.0,CE,0.0,0.0,0.0,21.25,29.4,0,0.0,0,0,18-APR-2022,
OPTSTK,AMARAJABAT,30-Jun-2022,595.0,CE,0.0,0.0,0.0,19.85,27.45,0,0.0,0,0,18-APR-2022,
OPTSTK,AMARAJABAT,30-Jun-2022,600.0,CE,0.0,0.0,0.0,18.55,25.65,0,0.0,0,0,18-APR-2022,
OPTSTK,AMARAJABAT,30-Jun-2022,605.0,CE,0.0,0.0,0.0,17.3,23.9,0,0.0,0,0,18-APR-2022,
OPTSTK,AMARAJABAT,30-Jun-2022,610.0,CE,0.0,0.0,0.0,16.15,22.3,0,0.0,0,0,18-APR-2022,
OPTSTK,AMARAJABAT,30-Jun-2022,615.0,CE,0.0,0.0,0.0,15.05,20.75,0,0.0,0,0,18-APR-2022,
OPTSTK,AMARAJABAT,30-Jun-2022,620.0,CE,0.0,0.0,0.0,14.0,19.25,0,0.0,0,0,18-APR-2022,
OPTSTK,AMARAJABAT,30-Jun-2022,625.0,CE,0.0,0.0,0.0,13.0,17.9,0,0.0,0,0,18-APR-2022,
OPTSTK,AMARAJABAT,30-Jun-2022,630.0,CE,0.0,0.0,0.0,12.1,16.65,0,0.0,0,0,18-APR-2022,
OPTSTK,AMARAJABAT,30-Jun-2022,635.0,CE,0.0,0.0,0.0,11.25,15.4,0,0.0,0,0,18-APR-2022,
OPTSTK,AMARAJABAT,30-Jun-2022,640.0,CE,0.0,0.0,0.0,10.45,14.3,0,0.0,0,0,18-APR-2022,
OPTSTK,AMARAJABAT,30-Jun-2022,645.0,CE,0.0,0.0,0.0,9.7,13.2,0,0.0,0,0,18-APR-2022,
OPTSTK,AMARAJABAT,30-Jun-2022,650.0,CE,0.0,0.0,0.0,8.95,12.2,0,0.0,0,0,18-APR-2022,
OPTSTK,AMARAJABAT,30-Jun-2022,655.0,CE,0.0,0.0,0.0,8.3,11.25,0,0.0,0,0,18-APR-2022,
OPTSTK,AMARAJABAT,30-Jun-2022,660.0,CE,0.0,0.0,0.0,7.7,10.4,0,0.0,0,0,18-APR-2022,
OPTSTK,AMARAJABAT,30-Jun-2022,665.0,CE,0.0,0.0,0.0,7.1,9.6,0,0.0,0,0,18-APR-2022,
OPTSTK,AMARAJABAT,30-Jun-2022,670.0,CE,0.0,0.0,0.0,6.6,8.8,0,0.0,0,0,18-APR-2022,
OPTSTK,AMARAJABAT,30-Jun-2022,675.0,CE,0.0,0.0,0.0,6.1,8.1,0,0.0,0,0,18-APR-2022,
OPTSTK,AMARAJABAT,30-Jun-2022,680.0,CE,0.0,0.0,0.0,5.6,7.45,0,0.0,0,0,18-APR-2022,
OPTSTK,AMARAJABAT,30-Jun-2022,685.0,CE,0.0,0.0,0.0,5.2,6.85,0,0.0,0,0,18-APR-2022,
OPTSTK,AMARAJABAT,30-Jun-2022,690.0,CE,0.0,0.0,0.0,4.75,6.3,0,0.0,0,0,18-APR-2022,
OPTSTK,AMARAJABAT,30-Jun-2022,695.0,CE,0.0,0.0,0.0,4.4,5.75,0,0.0,0,0,18-APR-2022,
OPTSTK,AMARAJABAT,30-Jun-2022,700.0,CE,0.0,0.0,0.0,4.05,5.3,0,0.0,0,0,18-APR-2022,
OPTSTK,AMARAJABAT,30-Jun-2022,705.0,CE,0.0,0.0,0.0,3.75,4.85,0,0.0,0,0,18-APR-2022,
OPTSTK,AMARAJABAT,30-Jun-2022,710.0,CE,0.0,0.0,0.0,3.45,4.4,0,0.0,0,0,18-APR-2022,
OPTSTK,AMARAJABAT,30-Jun-2022,715.0,CE,0.0,0.0,0.0,3.15,4.05,0,0.0,0,0,18-APR-2022,
OPTSTK,AMARAJABAT,30-Jun-2022,720.0,CE,0.0,0.0,0.0,2.9,3.7,0,0.0,0,0,18-APR-2022,
OPTSTK,AMARAJABAT,30-Jun-2022,725.0,CE,0.0,0.0,0.0,2.65,3.35,0,0.0,0,0,18-APR-2022,
OPTSTK,AMARAJABAT,30-Jun-2022,425.0,PE,0.0,0.0,0.0,3.65,1.0,0,0.0,0,0,18-APR-2022,
OPTSTK,AMARAJABAT,30-Jun-2022,430.0,PE,0.0,0.0,0.0,4.2,1.2,0,0.0,0,0,18-APR-2022,
OPTSTK,AMARAJABAT,30-Jun-2022,435.0,PE,0.0,0.0,0.0,4.85,1.45,0,0.0,0,0,18-APR-2022,
OPTSTK,AMARAJABAT,30-Jun-2022,440.0,PE,0.0,0.0,0.0,5.5,1.7,0,0.0,0,0,18-APR-2022,
OPTSTK,AMARAJABAT,30-Jun-2022,445.0,PE,0.0,0.0,0.0,6.3,2.05,0,0.0,0,0,18-APR-2022,
OPTSTK,AMARAJABAT,30-Jun-2022,450.0,PE,0.0,0.0,0.0,7.1,2.4,0,0.0,0,0,18-APR-2022,
OPTSTK,AMARAJABAT,30-Jun-2022,455.0,PE,0.0,0.0,0.0,8.0,2.8,0,0.0,0,0,18-APR-2022,
OPTSTK,AMARAJABAT,30-Jun-2022,460.0,PE,0.0,0.0,0.0,9.0,3.25,0,0.0,0,0,18-APR-2022,
OPTSTK,AMARAJABAT,30-Jun-2022,465.0,PE,0.0,0.0,0.0,10.1,3.8,0,0.0,0,0,18-APR-2022,
OPTSTK,AMARAJABAT,30-Jun-2022,470.0,PE,0.0,0.0,0.0,11.25,4.4,0,0.0,0,0,18-APR-2022,
OPTSTK,AMARAJABAT,30-Jun-2022,475.0,PE,0.0,0.0,0.0,12.5,5.05,0,0.0,0,0,18-APR-2022,
OPTSTK,AMARAJABAT,30-Jun-2022,480.0,PE,0.0,0.0,0.0,13.85,5.75,0,0.0,0,0,18-APR-2022,
OPTSTK,AMARAJABAT,30-Jun-2022,485.0,PE,0.0,0.0,0.0,15.3,6.55,0,0.0,0,0,18-APR-2022,
OPTSTK,AMARAJABAT,30-Jun-2022,490.0,PE,0.0,0.0,0.0,16.8,7.45,0,0.0,0,0,18-APR-2022,
OPTSTK,AMARAJABAT,30-Jun-2022,495.0,PE,0.0,0.0,0.0,18.45,8.4,0,0.0,0,0,18-APR-2022,
OPTSTK,AMARAJABAT,30-Jun-2022,500.0,PE,0.0,0.0,0.0,20.2,9.45,0,0.0,0,0,18-APR-2022,
OPTSTK,AMARAJABAT,30-Jun-2022,505.0,PE,0.0,0.0,0.0,22.05,10.6,0,0.0,0,0,18-APR-2022,
OPTSTK,AMARAJABAT,30-Jun-2022,510.0,PE,0.0,0.0,0.0,24.0,11.85,0,0.0,0,0,18-APR-2022,
OPTSTK,AMARAJABAT,30-Jun-2022,515.0,PE,0.0,0.0,0.0,26.05,13.2,0,0.0,0,0,18-APR-2022,
OPTSTK,AMARAJABAT,30-Jun-2022,520.0,PE,0.0,0.0,0.0,28.2,14.6,0,0.0,0,0,18-APR-2022,
OPTSTK,AMARAJABAT,30-Jun-2022,525.0,PE,0.0,0.0,0.0,30.45,16.15,0,0.0,0,0,18-APR-2022,
OPTSTK,AMARAJABAT,30-Jun-2022,530.0,PE,0.0,0.0,0.0,32.8,17.8,0,0.0,0,0,18-APR-2022,
OPTSTK,AMARAJABAT,30-Jun-2022,535.0,PE,0.0,0.0,0.0,35.25,19.55,0,0.0,0,0,18-APR-2022,
OPTSTK,AMARAJABAT,30-Jun-2022,540.0,PE,0.0,0.0,0.0,37.8,21.4,0,0.0,0,0,18-APR-2022,
OPTSTK,AMARAJABAT,30-Jun-2022,545.0,PE,0.0,0.0,0.0,40.45,23.35,0,0.0,0,0,18-APR-2022,
OPTSTK,AMARAJABAT,30-Jun-2022,550.0,PE,0.0,0.0,0.0,43.25,25.45,0,0.0,0,0,18-APR-2022,
OPTSTK,AMARAJABAT,30-Jun-2022,555.0,PE,0.0,0.0,0.0,46.1,27.6,0,0.0,0,0,18-APR-2022,
OPTSTK,AMARAJABAT,30-Jun-2022,560.0,PE,0.0,0.0,0.0,49.05,29.9,0,0.0,0,0,18-APR-2022,
OPTSTK,AMARAJABAT,30-Jun-2022,565.0,PE,0.0,0.0,0.0,52.1,32.3,0,0.0,0,0,18-APR-2022,
OPTSTK,AMARAJABAT,30-Jun-2022,570.0,PE,0.0,0.0,0.0,55.2,34.85,0,0.0,0,0,18-APR-2022,
OPTSTK,AMARAJABAT,30-Jun-2022,575.0,PE,0.0,0.0,0.0,58.45,37.45,0,0.0,0,0,18-APR-2022,
OPTSTK,AMARAJABAT,30-Jun-2022,580.0,PE,0.0,0.0,0.0,61.75,40.2,0,0.0,0,0,18-APR-2022,
OPTSTK,AMARAJABAT,30-Jun-2022,585.0,PE,0.0,0.0,0.0,65.15,43.0,0,0.0,0,0,18-APR-2022,
OPTSTK,AMARAJABAT,30-Jun-2022,590.0,PE,0.0,0.0,0.0,68.65,45.95,0,0.0,0,0,18-APR-2022,
OPTSTK,AMARAJABAT,30-Jun-2022,595.0,PE,0.0,0.0,0.0,72.2,49.0,0,0.0,0,0,18-APR-2022,
OPTSTK,AMARAJABAT,30-Jun-2022,600.0,PE,0.0,0.0,0.0,75.8,52.1,0,0.0,0,0,18-APR-2022,
OPTSTK,AMARAJABAT,30-Jun-2022,605.0,PE,0.0,0.0,0.0,79.55,55.35,0,0.0,0,0,18-APR-2022,
OPTSTK,AMARAJABAT,30-Jun-2022,610.0,PE,0.0,0.0,0.0,83.35,58.65,0,0.0,0,0,18-APR-2022,
OPTSTK,AMARAJABAT,30-Jun-2022,615.0,PE,0.0,0.0,0.0,87.2,62.05,0,0.0,0,0,18-APR-2022,
OPTSTK,AMARAJABAT,30-Jun-2022,620.0,PE,0.0,0.0,0.0,91.1,65.55,0,0.0,0,0,18-APR-2022,
OPTSTK,AMARAJABAT,30-Jun-2022,625.0,PE,0.0,0.0,0.0,95.05,69.15,0,0.0,0,0,18-APR-2022,
OPTSTK,AMARAJABAT,30-Jun-2022,630.0,PE,0.0,0.0,0.0,99.1,72.85,0,0.0,0,0,18-APR-2022,
OPTSTK,AMARAJABAT,30-Jun-2022,635.0,PE,0.0,0.0,0.0,103.15,76.6,0,0.0,0,0,18-APR-2022,
OPTSTK,AMARAJABAT,30-Jun-2022,640.0,PE,0.0,0.0,0.0,107.3,80.4,0,0.0,0,0,18-APR-2022,
OPTSTK,AMARAJABAT,30-Jun-2022,645.0,PE,0.0,0.0,0.0,111.5,84.3,0,0.0,0,0,18-APR-2022,
OPTSTK,AMARAJABAT,30-Jun-2022,650.0,PE,0.0,0.0,0.0,115.75,88.25,0,0.0,0,0,18-APR-2022,
OPTSTK,AMARAJABAT,30-Jun-2022,655.0,PE,0.0,0.0,0.0,120.0,92.25,0,0.0,0,0,18-APR-2022,
OPTSTK,AMARAJABAT,30-Jun-2022,660.0,PE,0.0,0.0,0.0,124.35,96.35,0,0.0,0,0,18-APR-2022,
OPTSTK,AMARAJABAT,30-Jun-2022,665.0,PE,0.0,0.0,0.0,128.7,100.5,0,0.0,0,0,18-APR-2022,
OPTSTK,AMARAJABAT,30-Jun-2022,670.0,PE,0.0,0.0,0.0,133.15,104.7,0,0.0,0,0,18-APR-2022,
OPTSTK,AMARAJABAT,30-Jun-2022,675.0,PE,0.0,0.0,0.0,137.6,108.95,0,0.0,0,0,18-APR-2022,
OPTSTK,AMARAJABAT,30-Jun-2022,680.0,PE,0.0,0.0,0.0,142.05,113.25,0,0.0,0,0,18-APR-2022,
OPTSTK,AMARAJABAT,30-Jun-2022,685.0,PE,0.0,0.0,0.0,146.55,117.6,0,0.0,0,0,18-APR-2022,
OPTSTK,AMARAJABAT,30-Jun-2022,690.0,PE,0.0,0.0,0.0,151.1,122.0,0,0.0,0,0,18-APR-2022,
OPTSTK,AMARAJABAT,30-Jun-2022,695.0,PE,0.0,0.0,0.0,155.7,126.45,0,0.0,0,0,18-APR-2022,
OPTSTK,AMARAJABAT,30-Jun-2022,700.0,PE,0.0,0.0,0.0,160.3,130.9,0,0.0,0,0,18-APR-2022,
OPTSTK,AMARAJABAT,30-Jun-2022,705.0,PE,0.0,0.0,0.0,164.9,135.4,0,0.0,0,0,18-APR-2022,
OPTSTK,AMARAJABAT,30-Jun-2022,710.0,PE,0.0,0.0,0.0,169.55,139.95,0,0.0,0,0,18-APR-2022,
OPTSTK,AMARAJABAT,30-Jun-2022,715.0,PE,0.0,0.0,0.0,174.25,144.55,0,0.0,0,0,18-APR-2022,
OPTSTK,AMARAJABAT,30-Jun-2022,720.0,PE,0.0,0.0,0.0,178.95,149.15,0,0.0,0,0,18-APR-2022,
OPTSTK,AMARAJABAT,30-Jun-2022,725.0,PE,0.0,0.0,0.0,183.65,153.8,0,0.0,0,0,18-APR-2022,
OPTSTK,AMBUJACEM,28-Apr-2022,200.0,CE,0.0,0.0,0.0,102.5,163.65,0,0.0,1500,0,18-APR-2022,
OPTSTK,AMBUJACEM,28-Apr-2022,205.0,CE,0.0,0.0,0.0,148.85,158.65,0,0.0,0,0,18-APR-2022,
OPTSTK,AMBUJACEM,28-Apr-2022,210.0,CE,0.0,0.0,0.0,143.9,153.65,0,0.0,0,0,18-APR-2022,
OPTSTK,AMBUJACEM,28-Apr-2022,215.0,CE,0.0,0.0,0.0,138.95,148.65,0,0.0,0,0,18-APR-2022,
OPTSTK,AMBUJACEM,28-Apr-2022,220.0,CE,0.0,0.0,0.0,134.05,143.65,0,0.0,0,0,18-APR-2022,
OPTSTK,AMBUJACEM,28-Apr-2022,225.0,CE,0.0,0.0,0.0,129.15,138.65,0,0.0,0,0,18-APR-2022,
OPTSTK,AMBUJACEM,28-Apr-2022,230.0,CE,0.0,0.0,0.0,124.25,133.7,0,0.0,0,0,18-APR-2022,
OPTSTK,AMBUJACEM,28-Apr-2022,235.0,CE,0.0,0.0,0.0,119.35,128.7,0,0.0,0,0,18-APR-2022,
OPTSTK,AMBUJACEM,28-Apr-2022,240.0,CE,0.0,0.0,0.0,66.0,123.7,0,0.0,6000,0,18-APR-2022,
OPTSTK,AMBUJACEM,28-Apr-2022,245.0,CE,0.0,0.0,0.0,109.7,118.7,0,0.0,0,0,18-APR-2022,
OPTSTK,AMBUJACEM,28-Apr-2022,250.0,CE,0.0,0.0,0.0,104.9,113.7,0,0.0,0,0,18-APR-2022,
OPTSTK,AMBUJACEM,28-Apr-2022,255.0,CE,0.0,0.0,0.0,100.2,108.7,0,0.0,0,0,18-APR-2022,
OPTSTK,AMBUJACEM,28-Apr-2022,260.0,CE,0.0,0.0,0.0,95.5,103.7,0,0.0,0,0,18-APR-2022,
OPTSTK,AMBUJACEM,28-Apr-2022,265.0,CE,0.0,0.0,0.0,90.85,98.7,0,0.0,0,0,18-APR-2022,
OPTSTK,AMBUJACEM,28-Apr-2022,270.0,CE,0.0,0.0,0.0,86.3,93.7,0,0.0,0,0,18-APR-2022,
OPTSTK,AMBUJACEM,28-Apr-2022,275.0,CE,0.0,0.0,0.0,40.65,88.75,0,0.0,1500,0,18-APR-2022,
OPTSTK,AMBUJACEM,28-Apr-2022,280.0,CE,0.0,0.0,0.0,93.35,83.75,0,0.0,42000,0,18-APR-2022,
OPTSTK,AMBUJACEM,28-Apr-2022,285.0,CE,0.0,0.0,0.0,32.05,78.75,0,0.0,1500,0,18-APR-2022,
OPTSTK,AMBUJACEM,28-Apr-2022,290.0,CE,73.55,73.55,73.55,73.55,73.75,1,5.45,82500,-1500,18-APR-2022,
OPTSTK,AMBUJACEM,28-Apr-2022,295.0,CE,0.0,0.0,0.0,64.35,68.75,0,0.0,31500,0,18-APR-2022,
OPTSTK,AMBUJACEM,28-Apr-2022,300.0,CE,71.5,71.5,62.2,65.7,65.7,21,115.54,288000,-19500,18-APR-2022,
OPTSTK,AMBUJACEM,28-Apr-2022,305.0,CE,0.0,0.0,0.0,57.45,58.8,0,0.0,111000,0,18-APR-2022,
OPTSTK,AMBUJACEM,28-Apr-2022,310.0,CE,61.5,62.15,52.9,55.25,53.85,19,104.93,196500,-21000,18-APR-2022,
OPTSTK,AMBUJACEM,28-Apr-2022,315.0,CE,56.65,56.65,49.85,51.7,48.9,6,33.11,148500,-3000,18-APR-2022,
OPTSTK,AMBUJACEM,28-Apr-2022,320.0,CE,52.25,53.0,43.5,47.7,47.7,45,247.6,469500,-6000,18-APR-2022,
OPTSTK,AMBUJACEM,28-Apr-2022,325.0,CE,46.9,46.9,39.6,41.05,39.25,8,44.02,126000,-4500,18-APR-2022,
OPTSTK,AMBUJACEM,28-Apr-2022,330.0,CE,42.35,44.65,33.45,35.65,35.65,75,412.12,372000,-28500,18-APR-2022,
OPTSTK,AMBUJACEM,28-Apr-2022,335.0,CE,38.55,38.55,29.65,31.8,30.05,10,55.26,166500,-3000,18-APR-2022,
OPTSTK,AMBUJACEM,28-Apr-2022,340.0,CE,35.15,35.15,25.0,26.8,26.8,192,1060.45,259500,-61500,18-APR-2022,
OPTSTK,AMBUJACEM,28-Apr-2022,345.0,CE,28.05,29.65,21.7,24.85,21.7,24,133.45,105000,1500,18-APR-2022,
OPTSTK,AMBUJACEM,28-Apr-2022,350.0,CE,28.0,31.3,17.5,20.45,20.45,368,2051.4,387000,-97500,18-APR-2022,
OPTSTK,AMBUJACEM,28-Apr-2022,355.0,CE,21.5,22.35,15.05,15.8,15.8,130,724.79,132000,-18000,18-APR-2022,
OPTSTK,AMBUJACEM,28-Apr-2022,360.0,CE,17.8,23.35,11.75,13.4,13.4,1114,6256.25,750000,34500,18-APR-2022,
OPTSTK,AMBUJACEM,28-Apr-2022,365.0,CE,15.05,21.15,9.7,10.85,10.85,1147,6480.05,355500,63000,18-APR-2022,
OPTSTK,AMBUJACEM,28-Apr-2022,370.0,CE,9.5,17.0,7.85,8.8,8.8,3351,19114.98,1590000,91500,18-APR-2022,
OPTSTK,AMBUJACEM,28-Apr-2022,375.0,CE,9.85,14.0,6.4,7.0,7.0,1577,9070.18,832500,75000,18-APR-2022,
OPTSTK,AMBUJACEM,28-Apr-2022,380.0,CE,7.6,11.1,5.0,5.45,5.45,3024,17537.51,1785000,91500,18-APR-2022,
OPTSTK,AMBUJACEM,28-Apr-2022,385.0,CE,5.45,8.5,3.95,4.4,4.4,551,3225.72,424500,52500,18-APR-2022,
OPTSTK,AMBUJACEM,28-Apr-2022,390.0,CE,4.55,6.9,3.1,3.4,3.4,1158,6846.47,1128000,88500,18-APR-2022,
OPTSTK,AMBUJACEM,28-Apr-2022,395.0,CE,4.45,5.6,2.6,2.9,2.9,379,2265.09,157500,25500,18-APR-2022,
OPTSTK,AMBUJACEM,28-Apr-2022,400.0,CE,3.0,5.0,2.2,2.55,2.55,3039,18370.47,2487000,634500,18-APR-2022,
OPTSTK,AMBUJACEM,28-Apr-2022,405.0,CE,2.3,3.4,1.8,2.05,2.05,275,1680.58,204000,61500,18-APR-2022,
OPTSTK,AMBUJACEM,28-Apr-2022,410.0,CE,2.0,3.2,1.45,1.7,1.7,590,3645.86,450000,73500,18-APR-2022,
OPTSTK,AMBUJACEM,28-Apr-2022,415.0,CE,1.7,2.05,1.25,1.5,1.5,97,606.12,97500,-13500,18-APR-2022,
OPTSTK,AMBUJACEM,28-Apr-2022,420.0,CE,1.5,2.15,1.05,1.2,1.2,384,2427.1,343500,-30000,18-APR-2022,
OPTSTK,AMBUJACEM,28-Apr-2022,425.0,CE,1.95,1.95,0.9,1.05,1.05,111,709.59,54000,0,18-APR-2022,
OPTSTK,AMBUJACEM,28-Apr-2022,430.0,CE,1.35,1.45,0.8,0.85,0.85,252,1629.09,169500,13500,18-APR-2022,
OPTSTK,AMBUJACEM,28-Apr-2022,435.0,CE,0.85,1.0,0.65,0.65,0.05,16,104.61,51000,1500,18-APR-2022,
OPTSTK,AMBUJACEM,28-Apr-2022,440.0,CE,0.95,0.95,0.55,0.65,0.65,367,2426.07,291000,13500,18-APR-2022,
OPTSTK,AMBUJACEM,28-Apr-2022,445.0,CE,0.0,0.0,0.0,4.15,0.05,0,0.0,0,0,18-APR-2022,
OPTSTK,AMBUJACEM,28-Apr-2022,450.0,CE,0.65,0.7,0.4,0.4,0.4,156,1054.15,244500,-18000,18-APR-2022,
OPTSTK,AMBUJACEM,28-Apr-2022,455.0,CE,0.0,0.0,0.0,3.25,0.0,0,0.0,0,0,18-APR-2022,
OPTSTK,AMBUJACEM,28-Apr-2022,460.0,CE,0.5,0.5,0.25,0.3,0.3,64,441.89,45000,-30000,18-APR-2022,
OPTSTK,AMBUJACEM,28-Apr-2022,465.0,CE,0.3,0.3,0.3,0.3,0.0,3,20.93,1500,1500,18-APR-2022,
OPTSTK,AMBUJACEM,28-Apr-2022,470.0,CE,0.15,0.15,0.15,0.15,0.0,1,7.05,16500,-1500,18-APR-2022,
OPTSTK,AMBUJACEM,28-Apr-2022,475.0,CE,0.0,0.0,0.0,0.4,0.0,0,0.0,7500,0,18-APR-2022,
OPTSTK,AMBUJACEM,28-Apr-2022,480.0,CE,0.0,0.0,0.0,0.15,0.0,0,0.0,1500,0,18-APR-2022,
OPTSTK,AMBUJACEM,28-Apr-2022,485.0,CE,0.0,0.0,0.0,0.15,0.0,0,0.0,1500,0,18-APR-2022,
OPTSTK,AMBUJACEM,28-Apr-2022,490.0,CE,0.0,0.0,0.0,0.3,0.0,0,0.0,4500,0,18-APR-2022,
OPTSTK,AMBUJACEM,28-Apr-2022,495.0,CE,0.0,0.0,0.0,0.2,0.0,0,0.0,13500,0,18-APR-2022,
OPTSTK,AMBUJACEM,28-Apr-2022,500.0,CE,0.0,0.0,0.0,0.1,0.0,0,0.0,0,0,18-APR-2022,
OPTSTK,AMBUJACEM,28-Apr-2022,505.0,CE,0.0,0.0,0.0,0.1,0.0,0,0.0,0,0,18-APR-2022,
OPTSTK,AMBUJACEM,28-Apr-2022,510.0,CE,0.0,0.0,0.0,0.1,0.0,0,0.0,19500,0,18-APR-2022,
OPTSTK,AMBUJACEM,28-Apr-2022,200.0,PE,0.0,0.0,0.0,0.05,0.0,0,0.0,21000,0,18-APR-2022,
OPTSTK,AMBUJACEM,28-Apr-2022,205.0,PE,0.0,0.0,0.0,0.05,0.0,0,0.0,0,0,18-APR-2022,
OPTSTK,AMBUJACEM,28-Apr-2022,210.0,PE,0.0,0.0,0.0,0.05,0.0,0,0.0,0,0,18-APR-2022,
OPTSTK,AMBUJACEM,28-Apr-2022,215.0,PE,0.0,0.0,0.0,0.1,0.0,0,0.0,0,0,18-APR-2022,
OPTSTK,AMBUJACEM,28-Apr-2022,220.0,PE,0.0,0.0,0.0,0.1,0.0,0,0.0,0,0,18-APR-2022,
OPTSTK,AMBUJACEM,28-Apr-2022,225.0,PE,0.0,0.0,0.0,1.0,0.0,0,0.0,16500,0,18-APR-2022,
OPTSTK,AMBUJACEM,28-Apr-2022,230.0,PE,0.0,0.0,0.0,0.2,0.0,0,0.0,0,0,18-APR-2022,
OPTSTK,AMBUJACEM,28-Apr-2022,235.0,PE,0.0,0.0,0.0,0.15,0.0,0,0.0,1500,0,18-APR-2022,
OPTSTK,AMBUJACEM,28-Apr-2022,240.0,PE,0.0,0.0,0.0,0.1,0.0,0,0.0,54000,0,18-APR-2022,
OPTSTK,AMBUJACEM,28-Apr-2022,245.0,PE,0.0,0.0,0.0,0.2,0.0,0,0.0,1500,0,18-APR-2022,
OPTSTK,AMBUJACEM,28-Apr-2022,250.0,PE,0.1,0.1,0.1,0.1,0.0,1,3.75,180000,-1500,18-APR-2022,
OPTSTK,AMBUJACEM,28-Apr-2022,255.0,PE,0.0,0.0,0.0,0.85,0.0,0,0.0,0,0,18-APR-2022,
OPTSTK,AMBUJACEM,28-Apr-2022,260.0,PE,0.2,0.4,0.2,0.35,0.35,7,27.33,93000,-3000,18-APR-2022,
OPTSTK,AMBUJACEM,28-Apr-2022,265.0,PE,0.0,0.0,0.0,3.6,0.0,0,0.0,12000,0,18-APR-2022,
OPTSTK,AMBUJACEM,28-Apr-2022,270.0,PE,0.6,0.65,0.1,0.35,0.35,15,60.82,133500,-4500,18-APR-2022,
OPTSTK,AMBUJACEM,28-Apr-2022,275.0,PE,0.05,0.35,0.05,0.3,0.3,4,16.51,30000,0,18-APR-2022,
OPTSTK,AMBUJACEM,28-Apr-2022,280.0,PE,0.1,0.2,0.1,0.2,0.0,4,16.8,226500,-1500,18-APR-2022,
OPTSTK,AMBUJACEM,28-Apr-2022,285.0,PE,0.25,0.25,0.15,0.2,0.2,13,55.61,39000,0,18-APR-2022,
OPTSTK,AMBUJACEM,28-Apr-2022,290.0,PE,0.3,0.3,0.2,0.3,0.3,12,52.24,189000,-1500,18-APR-2022,
OPTSTK,AMBUJACEM,28-Apr-2022,295.0,PE,0.3,0.4,0.3,0.4,0.05,32,141.76,33000,-4500,18-APR-2022,
OPTSTK,AMBUJACEM,28-Apr-2022,300.0,PE,0.5,0.65,0.3,0.35,0.35,221,995.74,1000500,-33000,18-APR-2022,
OPTSTK,AMBUJACEM,28-Apr-2022,305.0,PE,0.7,0.7,0.4,0.5,0.5,46,210.82,196500,-1500,18-APR-2022,
OPTSTK,AMBUJACEM,28-Apr-2022,310.0,PE,0.45,0.95,0.45,0.65,0.65,109,507.98,282000,-7500,18-APR-2022,
OPTSTK,AMBUJACEM,28-Apr-2022,315.0,PE,0.85,1.1,0.65,0.8,0.8,66,312.73,153000,-30000,18-APR-2022,
OPTSTK,AMBUJACEM,28-Apr-2022,320.0,PE,1.5,1.5,0.85,1.0,1.0,301,1449.77,436500,-1500,18-APR-2022,
OPTSTK,AMBUJACEM,28-Apr-2022,325.0,PE,1.75,1.85,1.15,1.45,1.45,83,406.34,174000,4500,18-APR-2022,
OPTSTK,AMBUJACEM,28-Apr-2022,330.0,PE,1.05,2.35,1.05,1.7,1.7,512,2548.27,568500,-37500,18-APR-2022,
OPTSTK,AMBUJACEM,28-Apr-2022,335.0,PE,2.3,3.1,1.85,2.1,2.1,296,1497.59,192000,-1500,18-APR-2022,
OPTSTK,AMBUJACEM,28-Apr-2022,340.0,PE,3.0,4.0,1.95,2.85,2.85,683,3513.36,678000,48000,18-APR-2022,
OPTSTK,AMBUJACEM,28-Apr-2022,345.0,PE,3.9,5.05,3.05,3.6,3.6,357,1867.87,241500,30000,18-APR-2022,
OPTSTK,AMBUJACEM,28-Apr-2022,350.0,PE,5.2,6.45,3.1,4.85,4.85,1366,7273.41,756000,94500,18-APR-2022,
OPTSTK,AMBUJACEM,28-Apr-2022,355.0,PE,3.85,8.3,3.85,6.35,6.35,489,2652.13,244500,18000,18-APR-2022,
OPTSTK,AMBUJACEM,28-Apr-2022,360.0,PE,7.8,10.7,4.75,8.55,8.55,1541,8518.58,451500,-118500,18-APR-2022,
OPTSTK,AMBUJACEM,28-Apr-2022,365.0,PE,7.45,13.5,6.75,10.7,10.7,807,4550.78,135000,-154500,18-APR-2022,
OPTSTK,AMBUJACEM,28-Apr-2022,370.0,PE,14.7,16.6,7.2,13.1,13.1,935,5367.31,196500,-67500,18-APR-2022,
OPTSTK,AMBUJACEM,28-Apr-2022,375.0,PE,14.05,19.5,11.8,16.55,16.55,279,1633.72,124500,22500,18-APR-2022,
OPTSTK,AMBUJACEM,28-Apr-2022,380.0,PE,8.55,23.05,8.55,18.9,18.9,133,796.86,57000,-37500,18-APR-2022,
OPTSTK,AMBUJACEM,28-Apr-2022,385.0,PE,0.0,0.0,0.0,44.45,24.0,0,0.0,0,0,18-APR-2022,
OPTSTK,AMBUJACEM,28-Apr-2022,390.0,PE,25.1,29.6,23.15,27.85,28.15,8,49.86,10500,0,18-APR-2022,
OPTSTK,AMBUJACEM,28-Apr-2022,395.0,PE,0.0,0.0,0.0,51.6,32.55,0,0.0,0,0,18-APR-2022,
OPTSTK,AMBUJACEM,28-Apr-2022,400.0,PE,32.4,37.85,32.4,37.15,37.1,4,26.17,94500,-3000,18-APR-2022,
OPTSTK,AMBUJACEM,28-Apr-2022,405.0,PE,0.0,0.0,0.0,38.2,41.75,0,0.0,1500,0,18-APR-2022,
OPTSTK,AMBUJACEM,28-Apr-2022,410.0,PE,0.0,0.0,0.0,108.0,46.55,0,0.0,3000,0,18-APR-2022,
OPTSTK,AMBUJACEM,28-Apr-2022,415.0,PE,0.0,0.0,0.0,67.15,51.4,0,0.0,0,0,18-APR-2022,
OPTSTK,AMBUJACEM,28-Apr-2022,420.0,PE,0.0,0.0,0.0,71.25,56.3,0,0.0,0,0,18-APR-2022,
OPTSTK,AMBUJACEM,28-Apr-2022,425.0,PE,0.0,0.0,0.0,75.45,61.25,0,0.0,0,0,18-APR-2022,
OPTSTK,AMBUJACEM,28-Apr-2022,430.0,PE,0.0,0.0,0.0,128.0,66.2,0,0.0,3000,0,18-APR-2022,
OPTSTK,AMBUJACEM,28-Apr-2022,435.0,PE,0.0,0.0,0.0,84.05,71.15,0,0.0,0,0,18-APR-2022,
OPTSTK,AMBUJACEM,28-Apr-2022,440.0,PE,0.0,0.0,0.0,118.0,76.15,0,0.0,1500,0,18-APR-2022,
OPTSTK,AMBUJACEM,28-Apr-2022,445.0,PE,0.0,0.0,0.0,92.85,81.15,0,0.0,0,0,18-APR-2022,
OPTSTK,AMBUJACEM,28-Apr-2022,450.0,PE,0.0,0.0,0.0,97.35,86.1,0,0.0,0,0,18-APR-2022,
OPTSTK,AMBUJACEM,28-Apr-2022,455.0,PE,0.0,0.0,0.0,101.9,91.1,0,0.0,0,0,18-APR-2022,
OPTSTK,AMBUJACEM,28-Apr-2022,460.0,PE,0.0,0.0,0.0,106.45,96.1,0,0.0,0,0,18-APR-2022,
OPTSTK,AMBUJACEM,28-Apr-2022,465.0,PE,0.0,0.0,0.0,111.05,101.1,0,0.0,0,0,18-APR-2022,
OPTSTK,AMBUJACEM,28-Apr-2022,470.0,PE,0.0,0.0,0.0,115.7,106.1,0,0.0,0,0,18-APR-2022,
OPTSTK,AMBUJACEM,28-Apr-2022,475.0,PE,0.0,0.0,0.0,120.4,111.1,0,0.0,0,0,18-APR-2022,
OPTSTK,AMBUJACEM,28-Apr-2022,480.0,PE,0.0,0.0,0.0,125.1,116.1,0,0.0,0,0,18-APR-2022,
OPTSTK,AMBUJACEM,28-Apr-2022,485.0,PE,0.0,0.0,0.0,129.85,121.05,0,0.0,0,0,18-APR-2022,
OPTSTK,AMBUJACEM,28-Apr-2022,490.0,PE,0.0,0.0,0.0,134.6,126.05,0,0.0,0,0,18-APR-2022,
OPTSTK,AMBUJACEM,28-Apr-2022,495.0,PE,0.0,0.0,0.0,139.4,131.05,0,0.0,0,0,18-APR-2022,
OPTSTK,AMBUJACEM,28-Apr-2022,500.0,PE,0.0,0.0,0.0,144.2,136.05,0,0.0,0,0,18-APR-2022,
OPTSTK,AMBUJACEM,28-Apr-2022,505.0,PE,0.0,0.0,0.0,149.05,141.05,0,0.0,0,0,18-APR-2022,
OPTSTK,AMBUJACEM,28-Apr-2022,510.0,PE,0.0,0.0,0.0,153.85,146.05,0,0.0,0,0,18-APR-2022,
OPTSTK,AMBUJACEM,26-May-2022,200.0,CE,0.0,0.0,0.0,109.25,164.3,0,0.0,0,0,18-APR-2022,
OPTSTK,AMBUJACEM,26-May-2022,205.0,CE,0.0,0.0,0.0,104.35,159.35,0,0.0,0,0,18-APR-2022,
OPTSTK,AMBUJACEM,26-May-2022,210.0,CE,0.0,0.0,0.0,99.5,154.35,0,0.0,0,0,18-APR-2022,
OPTSTK,AMBUJACEM,26-May-2022,215.0,CE,0.0,0.0,0.0,94.7,149.35,0,0.0,0,0,18-APR-2022,
OPTSTK,AMBUJACEM,26-May-2022,220.0,CE,0.0,0.0,0.0,89.95,144.4,0,0.0,0,0,18-APR-2022,
OPTSTK,AMBUJACEM,26-May-2022,225.0,CE,0.0,0.0,0.0,85.25,139.4,0,0.0,0,0,18-APR-2022,
OPTSTK,AMBUJACEM,26-May-2022,230.0,CE,0.0,0.0,0.0,80.65,134.45,0,0.0,0,0,18-APR-2022,
OPTSTK,AMBUJACEM,26-May-2022,235.0,CE,0.0,0.0,0.0,76.05,129.45,0,0.0,0,0,18-APR-2022,
OPTSTK,AMBUJACEM,26-May-2022,240.0,CE,0.0,0.0,0.0,71.6,124.5,0,0.0,0,0,18-APR-2022,
OPTSTK,AMBUJACEM,26-May-2022,245.0,CE,0.0,0.0,0.0,67.2,119.5,0,0.0,0,0,18-APR-2022,
OPTSTK,AMBUJACEM,26-May-2022,250.0,CE,0.0,0.0,0.0,62.95,114.55,0,0.0,0,0,18-APR-2022,
OPTSTK,AMBUJACEM,26-May-2022,255.0,CE,0.0,0.0,0.0,58.8,109.6,0,0.0,0,0,18-APR-2022,
OPTSTK,AMBUJACEM,26-May-2022,260.0,CE,0.0,0.0,0.0,54.8,104.65,0,0.0,0,0,18-APR-2022,
OPTSTK,AMBUJACEM,26-May-2022,265.0,CE,0.0,0.0,0.0,50.9,99.7,0,0.0,0,0,18-APR-2022,
OPTSTK,AMBUJACEM,26-May-2022,270.0,CE,0.0,0.0,0.0,47.2,94.75,0,0.0,0,0,18-APR-2022,
OPTSTK,AMBUJACEM,26-May-2022,275.0,CE,0.0,0.0,0.0,43.65,89.85,0,0.0,0,0,18-APR-2022,
OPTSTK,AMBUJACEM,26-May-2022,280.0,CE,0.0,0.0,0.0,40.2,85.0,0,0.0,0,0,18-APR-2022,
OPTSTK,AMBUJACEM,26-May-2022,285.0,CE,0.0,0.0,0.0,36.95,80.15,0,0.0,0,0,18-APR-2022,
OPTSTK,AMBUJACEM,26-May-2022,290.0,CE,0.0,0.0,0.0,33.9,75.4,0,0.0,0,0,18-APR-2022,
OPTSTK,AMBUJACEM,26-May-2022,295.0,CE,0.0,0.0,0.0,31.0,70.65,0,0.0,0,0,18-APR-2022,
OPTSTK,AMBUJACEM,26-May-2022,300.0,CE,0.0,0.0,0.0,20.8,66.0,0,0.0,1500,0,18-APR-2022,
OPTSTK,AMBUJACEM,26-May-2022,305.0,CE,0.0,0.0,0.0,19.3,61.45,0,0.0,0,0,18-APR-2022,
OPTSTK,AMBUJACEM,26-May-2022,310.0,CE,55.0,55.0,55.0,55.0,57.0,1,5.47,6000,0,18-APR-2022,
OPTSTK,AMBUJACEM,26-May-2022,315.0,CE,0.0,0.0,0.0,21.15,52.7,0,0.0,0,0,18-APR-2022,
OPTSTK,AMBUJACEM,26-May-2022,320.0,CE,0.0,0.0,0.0,27.3,48.5,0,0.0,10500,0,18-APR-2022,
OPTSTK,AMBUJACEM,26-May-2022,325.0,CE,0.0,0.0,0.0,17.2,44.5,0,0.0,0,0,18-APR-2022,
OPTSTK,AMBUJACEM,26-May-2022,330.0,CE,0.0,0.0,0.0,46.0,40.6,0,0.0,4500,0,18-APR-2022,
OPTSTK,AMBUJACEM,26-May-2022,335.0,CE,0.0,0.0,0.0,13.9,36.95,0,0.0,0,0,18-APR-2022,
OPTSTK,AMBUJACEM,26-May-2022,340.0,CE,0.0,0.0,0.0,12.4,33.4,0,0.0,0,0,18-APR-2022,
OPTSTK,AMBUJACEM,26-May-2022,345.0,CE,0.0,0.0,0.0,11.1,30.1,0,0.0,0,0,18-APR-2022,
OPTSTK,AMBUJACEM,26-May-2022,350.0,CE,30.6,30.6,29.05,29.05,27.0,3,17.08,58500,-1500,18-APR-2022,
OPTSTK,AMBUJACEM,26-May-2022,355.0,CE,0.0,0.0,0.0,8.8,24.15,0,0.0,0,0,18-APR-2022,
OPTSTK,AMBUJACEM,26-May-2022,360.0,CE,22.75,23.5,22.75,23.5,21.45,7,40.24,15000,9000,18-APR-2022,
OPTSTK,AMBUJACEM,26-May-2022,365.0,CE,0.0,0.0,0.0,17.8,19.0,0,0.0,3000,0,18-APR-2022,
OPTSTK,AMBUJACEM,26-May-2022,370.0,CE,22.0,22.3,15.7,17.65,17.65,61,356.07,49500,28500,18-APR-2022,
OPTSTK,AMBUJACEM,26-May-2022,375.0,CE,0.0,0.0,0.0,5.4,14.7,0,0.0,0,0,18-APR-2022,
OPTSTK,AMBUJACEM,26-May-2022,380.0,CE,21.2,21.9,13.55,15.9,12.8,12,71.55,7500,7500,18-APR-2022,
OPTSTK,AMBUJACEM,26-May-2022,385.0,CE,0.0,0.0,0.0,4.2,11.15,0,0.0,0,0,18-APR-2022,
OPTSTK,AMBUJACEM,26-May-2022,390.0,CE,0.0,0.0,0.0,15.0,9.65,0,0.0,3000,0,18-APR-2022,
OPTSTK,AMBUJACEM,26-May-2022,395.0,CE,0.0,0.0,0.0,9.75,8.35,0,0.0,3000,0,18-APR-2022,
OPTSTK,AMBUJACEM,26-May-2022,400.0,CE,9.5,12.8,7.0,8.95,8.95,69,423.67,91500,63000,18-APR-2022,
OPTSTK,AMBUJACEM,26-May-2022,405.0,CE,0.0,0.0,0.0,2.45,6.1,0,0.0,0,0,18-APR-2022,
OPTSTK,AMBUJACEM,26-May-2022,410.0,CE,0.0,0.0,0.0,10.0,5.2,0,0.0,1500,0,18-APR-2022,
OPTSTK,AMBUJACEM,26-May-2022,415.0,CE,0.0,0.0,0.0,1.85,4.4,0,0.0,0,0,18-APR-2022,
OPTSTK,AMBUJACEM,26-May-2022,420.0,CE,0.0,0.0,0.0,1.65,3.7,0,0.0,0,0,18-APR-2022,
OPTSTK,AMBUJACEM,26-May-2022,425.0,CE,0.0,0.0,0.0,1.4,3.15,0,0.0,0,0,18-APR-2022,
OPTSTK,AMBUJACEM,26-May-2022,430.0,CE,0.0,0.0,0.0,1.25,2.65,0,0.0,0,0,18-APR-2022,
OPTSTK,AMBUJACEM,26-May-2022,435.0,CE,0.0,0.0,0.0,1.05,2.2,0,0.0,0,0,18-APR-2022,
OPTSTK,AMBUJACEM,26-May-2022,440.0,CE,0.0,0.0,0.0,0.9,1.85,0,0.0,0,0,18-APR-2022,
OPTSTK,AMBUJACEM,26-May-2022,445.0,CE,0.0,0.0,0.0,0.8,1.5,0,0.0,0,0,18-APR-2022,
OPTSTK,AMBUJACEM,26-May-2022,450.0,CE,0.0,0.0,0.0,0.7,1.25,0,0.0,0,0,18-APR-2022,
OPTSTK,AMBUJACEM,26-May-2022,455.0,CE,0.0,0.0,0.0,0.6,1.05,0,0.0,0,0,18-APR-2022,
OPTSTK,AMBUJACEM,26-May-2022,460.0,CE,0.0,0.0,0.0,0.5,0.85,0,0.0,0,0,18-APR-2022,
OPTSTK,AMBUJACEM,26-May-2022,465.0,CE,0.0,0.0,0.0,0.45,0.7,0,0.0,0,0,18-APR-2022,
OPTSTK,AMBUJACEM,26-May-2022,200.0,PE,0.0,0.0,0.0,0.2,0.0,0,0.0,0,0,18-APR-2022,
OPTSTK,AMBUJACEM,26-May-2022,205.0,PE,0.0,0.0,0.0,0.25,0.0,0,0.0,0,0,18-APR-2022,
OPTSTK,AMBUJACEM,26-May-2022,210.0,PE,0.0,0.0,0.0,0.4,0.0,0,0.0,0,0,18-APR-2022,
OPTSTK,AMBUJACEM,26-May-2022,215.0,PE,0.0,0.0,0.0,0.5,0.0,0,0.0,0,0,18-APR-2022,
OPTSTK,AMBUJACEM,26-May-2022,220.0,PE,0.0,0.0,0.0,0.7,0.0,0,0.0,0,0,18-APR-2022,
OPTSTK,AMBUJACEM,26-May-2022,225.0,PE,0.0,0.0,0.0,0.95,0.0,0,0.0,0,0,18-APR-2022,
OPTSTK,AMBUJACEM,26-May-2022,230.0,PE,0.0,0.0,0.0,1.25,0.0,0,0.0,0,0,18-APR-2022,
OPTSTK,AMBUJACEM,26-May-2022,235.0,PE,0.0,0.0,0.0,1.65,0.0,0,0.0,0,0,18-APR-2022,
OPTSTK,AMBUJACEM,26-May-2022,240.0,PE,0.0,0.0,0.0,2.15,0.05,0,0.0,0,0,18-APR-2022,
OPTSTK,AMBUJACEM,26-May-2022,245.0,PE,0.0,0.0,0.0,2.7,0.05,0,0.0,0,0,18-APR-2022,
OPTSTK,AMBUJACEM,26-May-2022,250.0,PE,0.85,0.85,0.85,0.85,0.05,2,7.52,4500,3000,18-APR-2022,
OPTSTK,AMBUJACEM,26-May-2022,255.0,PE,0.0,0.0,0.0,4.2,0.05,0,0.0,0,0,18-APR-2022,
OPTSTK,AMBUJACEM,26-May-2022,260.0,PE,0.0,0.0,0.0,1.05,0.1,0,0.0,0,0,18-APR-2022,
OPTSTK,AMBUJACEM,26-May-2022,265.0,PE,0.0,0.0,0.0,6.2,0.1,0,0.0,0,0,18-APR-2022,
OPTSTK,AMBUJACEM,26-May-2022,270.0,PE,0.0,0.0,0.0,7.4,0.15,0,0.0,0,0,18-APR-2022,
OPTSTK,AMBUJACEM,26-May-2022,275.0,PE,0.0,0.0,0.0,8.8,0.25,0,0.0,0,0,18-APR-2022,
OPTSTK,AMBUJACEM,26-May-2022,280.0,PE,0.0,0.0,0.0,3.95,0.35,0,0.0,1500,0,18-APR-2022,
OPTSTK,AMBUJACEM,26-May-2022,285.0,PE,0.0,0.0,0.0,12.05,0.5,0,0.0,0,0,18-APR-2022,
OPTSTK,AMBUJACEM,26-May-2022,290.0,PE,0.0,0.0,0.0,13.9,0.7,0,0.0,0,0,18-APR-2022,
OPTSTK,AMBUJACEM,26-May-2022,295.0,PE,0.0,0.0,0.0,16.0,0.95,0,0.0,0,0,18-APR-2022,
OPTSTK,AMBUJACEM,26-May-2022,300.0,PE,2.9,2.9,2.9,2.9,1.3,1,4.54,25500,1500,18-APR-2022,
OPTSTK,AMBUJACEM,26-May-2022,305.0,PE,0.0,0.0,0.0,20.6,1.7,0,0.0,0,0,18-APR-2022,
OPTSTK,AMBUJACEM,26-May-2022,310.0,PE,0.0,0.0,0.0,2.0,2.25,0,0.0,1500,0,18-APR-2022,
OPTSTK,AMBUJACEM,26-May-2022,315.0,PE,0.0,0.0,0.0,25.9,2.9,0,0.0,0,0,18-APR-2022,
OPTSTK,AMBUJACEM,26-May-2022,320.0,PE,3.4,4.2,3.4,4.2,3.7,3,14.57,4500,3000,18-APR-2022,
OPTSTK,AMBUJACEM,26-May-2022,325.0,PE,0.0,0.0,0.0,31.85,4.65,0,0.0,0,0,18-APR-2022,
OPTSTK,AMBUJACEM,26-May-2022,330.0,PE,6.0,6.0,6.0,6.0,5.75,1,5.04,1500,1500,18-APR-2022,
OPTSTK,AMBUJACEM,26-May-2022,335.0,PE,0.0,0.0,0.0,38.45,7.05,0,0.0,0,0,18-APR-2022,
OPTSTK,AMBUJACEM,26-May-2022,340.0,PE,8.0,9.0,8.0,8.0,8.5,25,130.66,43500,31500,18-APR-2022,
OPTSTK,AMBUJACEM,26-May-2022,345.0,PE,0.0,0.0,0.0,45.55,10.2,0,0.0,0,0,18-APR-2022,
OPTSTK,AMBUJACEM,26-May-2022,350.0,PE,10.0,15.0,10.0,12.7,12.7,108,585.29,154500,154500,18-APR-2022,
OPTSTK,AMBUJACEM,26-May-2022,355.0,PE,0.0,0.0,0.0,53.15,14.15,0,0.0,0,0,18-APR-2022,
OPTSTK,AMBUJACEM,26-May-2022,360.0,PE,17.5,17.5,17.0,17.2,17.2,4,22.63,4500,4500,18-APR-2022,
OPTSTK,AMBUJACEM,26-May-2022,365.0,PE,0.0,0.0,0.0,61.15,19.0,0,0.0,0,0,18-APR-2022,
OPTSTK,AMBUJACEM,26-May-2022,370.0,PE,0.0,0.0,0.0,65.3,21.7,0,0.0,0,0,18-APR-2022,
OPTSTK,AMBUJACEM,26-May-2022,375.0,PE,0.0,0.0,0.0,69.5,24.6,0,0.0,0,0,18-APR-2022,
OPTSTK,AMBUJACEM,26-May-2022,380.0,PE,25.55,25.55,25.55,25.55,27.75,1,6.08,1500,1500,18-APR-2022,
OPTSTK,AMBUJACEM,26-May-2022,385.0,PE,0.0,0.0,0.0,78.2,31.05,0,0.0,0,0,18-APR-2022,
OPTSTK,AMBUJACEM,26-May-2022,390.0,PE,0.0,0.0,0.0,82.65,34.5,0,0.0,0,0,18-APR-2022,
OPTSTK,AMBUJACEM,26-May-2022,395.0,PE,0.0,0.0,0.0,87.15,38.2,0,0.0,0,0,18-APR-2022,
OPTSTK,AMBUJACEM,26-May-2022,400.0,PE,0.0,0.0,0.0,91.7,42.0,0,0.0,0,0,18-APR-2022,
OPTSTK,AMBUJACEM,26-May-2022,405.0,PE,0.0,0.0,0.0,96.25,45.9,0,0.0,0,0,18-APR-2022,
OPTSTK,AMBUJACEM,26-May-2022,410.0,PE,0.0,0.0,0.0,100.9,50.0,0,0.0,0,0,18-APR-2022,
OPTSTK,AMBUJACEM,26-May-2022,415.0,PE,0.0,0.0,0.0,105.6,54.2,0,0.0,0,0,18-APR-2022,
OPTSTK,AMBUJACEM,26-May-2022,420.0,PE,0.0,0.0,0.0,110.3,58.45,0,0.0,0,0,18-APR-2022,
OPTSTK,AMBUJACEM,26-May-2022,425.0,PE,0.0,0.0,0.0,115.0,62.85,0,0.0,0,0,18-APR-2022,
OPTSTK,AMBUJACEM,26-May-2022,430.0,PE,0.0,0.0,0.0,119.8,67.35,0,0.0,0,0,18-APR-2022,
OPTSTK,AMBUJACEM,26-May-2022,435.0,PE,0.0,0.0,0.0,124.55,71.85,0,0.0,0,0,18-APR-2022,
OPTSTK,AMBUJACEM,26-May-2022,440.0,PE,0.0,0.0,0.0,129.35,76.5,0,0.0,0,0,18-APR-2022,
OPTSTK,AMBUJACEM,26-May-2022,445.0,PE,0.0,0.0,0.0,134.2,81.15,0,0.0,0,0,18-APR-2022,
OPTSTK,AMBUJACEM,26-May-2022,450.0,PE,0.0,0.0,0.0,139.05,85.85,0,0.0,0,0,18-APR-2022,
OPTSTK,AMBUJACEM,26-May-2022,455.0,PE,0.0,0.0,0.0,143.9,90.65,0,0.0,0,0,18-APR-2022,
OPTSTK,AMBUJACEM,26-May-2022,460.0,PE,0.0,0.0,0.0,148.75,95.4,0,0.0,0,0,18-APR-2022,
OPTSTK,AMBUJACEM,26-May-2022,465.0,PE,0.0,0.0,0.0,153.65,100.25,0,0.0,0,0,18-APR-2022,
OPTSTK,AMBUJACEM,30-Jun-2022,200.0,CE,0.0,0.0,0.0,101.7,165.1,0,0.0,0,0,18-APR-2022,
OPTSTK,AMBUJACEM,30-Jun-2022,205.0,CE,0.0,0.0,0.0,96.9,160.15,0,0.0,0,0,18-APR-2022,
OPTSTK,AMBUJACEM,30-Jun-2022,210.0,CE,0.0,0.0,0.0,92.15,155.2,0,0.0,0,0,18-APR-2022,
OPTSTK,AMBUJACEM,30-Jun-2022,215.0,CE,0.0,0.0,0.0,87.4,150.25,0,0.0,0,0,18-APR-2022,
OPTSTK,AMBUJACEM,30-Jun-2022,220.0,CE,0.0,0.0,0.0,82.75,145.3,0,0.0,0,0,18-APR-2022,
OPTSTK,AMBUJACEM,30-Jun-2022,225.0,CE,0.0,0.0,0.0,78.2,140.4,0,0.0,0,0,18-APR-2022,
OPTSTK,AMBUJACEM,30-Jun-2022,230.0,CE,0.0,0.0,0.0,73.7,135.45,0,0.0,0,0,18-APR-2022,
OPTSTK,AMBUJACEM,30-Jun-2022,235.0,CE,0.0,0.0,0.0,69.3,130.55,0,0.0,0,0,18-APR-2022,
OPTSTK,AMBUJACEM,30-Jun-2022,240.0,CE,0.0,0.0,0.0,65.0,125.65,0,0.0,0,0,18-APR-2022,
OPTSTK,AMBUJACEM,30-Jun-2022,245.0,CE,0.0,0.0,0.0,60.8,120.75,0,0.0,0,0,18-APR-2022,
OPTSTK,AMBUJACEM,30-Jun-2022,250.0,CE,0.0,0.0,0.0,56.8,115.9,0,0.0,0,0,18-APR-2022,
OPTSTK,AMBUJACEM,30-Jun-2022,255.0,CE,0.0,0.0,0.0,52.85,111.05,0,0.0,0,0,18-APR-2022,
OPTSTK,AMBUJACEM,30-Jun-2022,260.0,CE,0.0,0.0,0.0,49.1,106.25,0,0.0,0,0,18-APR-2022,
OPTSTK,AMBUJACEM,30-Jun-2022,265.0,CE,0.0,0.0,0.0,45.5,101.5,0,0.0,0,0,18-APR-2022,
OPTSTK,AMBUJACEM,30-Jun-2022,270.0,CE,0.0,0.0,0.0,42.05,96.8,0,0.0,0,0,18-APR-2022,
OPTSTK,AMBUJACEM,30-Jun-2022,275.0,CE,0.0,0.0,0.0,38.75,92.15,0,0.0,0,0,18-APR-2022,
OPTSTK,AMBUJACEM,30-Jun-2022,280.0,CE,0.0,0.0,0.0,35.6,87.55,0,0.0,0,0,18-APR-2022,
OPTSTK,AMBUJACEM,30-Jun-2022,285.0,CE,0.0,0.0,0.0,32.65,83.05,0,0.0,0,0,18-APR-2022,
OPTSTK,AMBUJACEM,30-Jun-2022,290.0,CE,0.0,0.0,0.0,29.9,78.6,0,0.0,0,0,18-APR-2022,
OPTSTK,AMBUJACEM,30-Jun-2022,295.0,CE,0.0,0.0,0.0,27.3,74.25,0,0.0,0,0,18-APR-2022,
OPTSTK,AMBUJACEM,30-Jun-2022,300.0,CE,0.0,0.0,0.0,24.85,70.05,0,0.0,0,0,18-APR-2022,
OPTSTK,AMBUJACEM,30-Jun-2022,305.0,CE,0.0,0.0,0.0,22.55,65.9,0,0.0,0,0,18-APR-2022,
OPTSTK,AMBUJACEM,30-Jun-2022,310.0,CE,0.0,0.0,0.0,20.45,61.9,0,0.0,0,0,18-APR-2022,
OPTSTK,AMBUJACEM,30-Jun-2022,315.0,CE,0.0,0.0,0.0,18.5,58.0,0,0.0,0,0,18-APR-2022,
OPTSTK,AMBUJACEM,30-Jun-2022,320.0,CE,0.0,0.0,0.0,16.7,54.25,0,0.0,0,0,18-APR-2022,
OPTSTK,AMBUJACEM,30-Jun-2022,325.0,CE,0.0,0.0,0.0,15.0,50.6,0,0.0,0,0,18-APR-2022,
OPTSTK,AMBUJACEM,30-Jun-2022,330.0,CE,0.0,0.0,0.0,13.5,47.15,0,0.0,0,0,18-APR-2022,
OPTSTK,AMBUJACEM,30-Jun-2022,335.0,CE,0.0,0.0,0.0,12.1,43.8,0,0.0,0,0,18-APR-2022,
OPTSTK,AMBUJACEM,30-Jun-2022,340.0,CE,0.0,0.0,0.0,10.85,40.6,0,0.0,0,0,18-APR-2022,
OPTSTK,AMBUJACEM,30-Jun-2022,345.0,CE,0.0,0.0,0.0,9.7,37.6,0,0.0,0,0,18-APR-2022,
OPTSTK,AMBUJACEM,30-Jun-2022,350.0,CE,0.0,0.0,0.0,8.65,34.7,0,0.0,0,0,18-APR-2022,
OPTSTK,AMBUJACEM,30-Jun-2022,355.0,CE,0.0,0.0,0.0,7.65,32.0,0,0.0,0,0,18-APR-2022,
OPTSTK,AMBUJACEM,30-Jun-2022,360.0,CE,0.0,0.0,0.0,6.8,29.4,0,0.0,0,0,18-APR-2022,
OPTSTK,AMBUJACEM,30-Jun-2022,365.0,CE,0.0,0.0,0.0,6.05,27.0,0,0.0,0,0,18-APR-2022,
OPTSTK,AMBUJACEM,30-Jun-2022,370.0,CE,0.0,0.0,0.0,5.35,24.7,0,0.0,0,0,18-APR-2022,
OPTSTK,AMBUJACEM,30-Jun-2022,375.0,CE,0.0,0.0,0.0,4.75,22.6,0,0.0,0,0,18-APR-2022,
OPTSTK,AMBUJACEM,30-Jun-2022,380.0,CE,0.0,0.0,0.0,4.15,20.6,0,0.0,0,0,18-APR-2022,
OPTSTK,AMBUJACEM,30-Jun-2022,385.0,CE,0.0,0.0,0.0,3.7,18.75,0,0.0,0,0,18-APR-2022,
OPTSTK,AMBUJACEM,30-Jun-2022,390.0,CE,0.0,0.0,0.0,3.25,17.05,0,0.0,0,0,18-APR-2022,
OPTSTK,AMBUJACEM,30-Jun-2022,395.0,CE,0.0,0.0,0.0,2.85,15.45,0,0.0,0,0,18-APR-2022,
OPTSTK,AMBUJACEM,30-Jun-2022,400.0,CE,0.0,0.0,0.0,2.5,14.0,0,0.0,0,0,18-APR-2022,
OPTSTK,AMBUJACEM,30-Jun-2022,405.0,CE,0.0,0.0,0.0,2.2,12.65,0,0.0,0,0,18-APR-2022,
OPTSTK,AMBUJACEM,30-Jun-2022,410.0,CE,0.0,0.0,0.0,1.9,11.45,0,0.0,0,0,18-APR-2022,
OPTSTK,AMBUJACEM,30-Jun-2022,415.0,CE,0.0,0.0,0.0,1.65,10.3,0,0.0,0,0,18-APR-2022,
OPTSTK,AMBUJACEM,30-Jun-2022,420.0,CE,0.0,0.0,0.0,1.45,9.25,0,0.0,0,0,18-APR-2022,
OPTSTK,AMBUJACEM,30-Jun-2022,425.0,CE,0.0,0.0,0.0,1.45,8.3,0,0.0,0,0,18-APR-2022,
OPTSTK,AMBUJACEM,30-Jun-2022,430.0,CE,0.0,0.0,0.0,1.65,7.45,0,0.0,0,0,18-APR-2022,
OPTSTK,AMBUJACEM,30-Jun-2022,200.0,PE,0.0,0.0,0.0,0.35,0.05,0,0.0,0,0,18-APR-2022,
OPTSTK,AMBUJACEM,30-Jun-2022,205.0,PE,0.0,0.0,0.0,0.5,0.05,0,0.0,0,0,18-APR-2022,
OPTSTK,AMBUJACEM,30-Jun-2022,210.0,PE,0.0,0.0,0.0,0.65,0.05,0,0.0,0,0,18-APR-2022,
OPTSTK,AMBUJACEM,30-Jun-2022,215.0,PE,0.0,0.0,0.0,0.9,0.05,0,0.0,0,0,18-APR-2022,
OPTSTK,AMBUJACEM,30-Jun-2022,220.0,PE,0.0,0.0,0.0,1.2,0.05,0,0.0,0,0,18-APR-2022,
OPTSTK,AMBUJACEM,30-Jun-2022,225.0,PE,0.0,0.0,0.0,1.55,0.1,0,0.0,0,0,18-APR-2022,
OPTSTK,AMBUJACEM,30-Jun-2022,230.0,PE,0.0,0.0,0.0,2.0,0.1,0,0.0,0,0,18-APR-2022,
OPTSTK,AMBUJACEM,30-Jun-2022,235.0,PE,0.0,0.0,0.0,2.55,0.15,0,0.0,0,0,18-APR-2022,
OPTSTK,AMBUJACEM,30-Jun-2022,240.0,PE,0.0,0.0,0.0,3.2,0.2,0,0.0,0,0,18-APR-2022,
OPTSTK,AMBUJACEM,30-Jun-2022,245.0,PE,0.0,0.0,0.0,4.0,0.25,0,0.0,0,0,18-APR-2022,
OPTSTK,AMBUJACEM,30-Jun-2022,250.0,PE,0.0,0.0,0.0,4.9,0.35,0,0.0,0,0,18-APR-2022,
OPTSTK,AMBUJACEM,30-Jun-2022,255.0,PE,0.0,0.0,0.0,5.95,0.5,0,0.0,0,0,18-APR-2022,
OPTSTK,AMBUJACEM,30-Jun-2022,260.0,PE,0.0,0.0,0.0,7.15,0.65,0,0.0,0,0,18-APR-2022,
OPTSTK,AMBUJACEM,30-Jun-2022,265.0,PE,0.0,0.0,0.0,8.45,0.85,0,0.0,0,0,18-APR-2022,
OPTSTK,AMBUJACEM,30-Jun-2022,270.0,PE,0.0,0.0,0.0,9.95,1.1,0,0.0,0,0,18-APR-2022,
OPTSTK,AMBUJACEM,30-Jun-2022,275.0,PE,0.0,0.0,0.0,11.6,1.4,0,0.0,0,0,18-APR-2022,
OPTSTK,AMBUJACEM,30-Jun-2022,280.0,PE,0.0,0.0,0.0,13.4,1.75,0,0.0,0,0,18-APR-2022,
OPTSTK,AMBUJACEM,30-Jun-2022,285.0,PE,0.0,0.0,0.0,15.4,2.2,0,0.0,0,0,18-APR-2022,
OPTSTK,AMBUJACEM,30-Jun-2022,290.0,PE,0.0,0.0,0.0,17.6,2.75,0,0.0,0,0,18-APR-2022,
OPTSTK,AMBUJACEM,30-Jun-2022,295.0,PE,0.0,0.0,0.0,19.95,3.35,0,0.0,0,0,18-APR-2022,
OPTSTK,AMBUJACEM,30-Jun-2022,300.0,PE,0.0,0.0,0.0,22.45,4.1,0,0.0,0,0,18-APR-2022,
OPTSTK,AMBUJACEM,30-Jun-2022,305.0,PE,0.0,0.0,0.0,25.1,4.9,0,0.0,0,0,18-APR-2022,
OPTSTK,AMBUJACEM,30-Jun-2022,310.0,PE,0.0,0.0,0.0,27.95,5.85,0,0.0,0,0,18-APR-2022,
OPTSTK,AMBUJACEM,30-Jun-2022,315.0,PE,0.0,0.0,0.0,30.95,6.95,0,0.0,0,0,18-APR-2022,
OPTSTK,AMBUJACEM,30-Jun-2022,320.0,PE,0.0,0.0,0.0,34.05,8.15,0,0.0,0,0,18-APR-2022,
OPTSTK,AMBUJACEM,30-Jun-2022,325.0,PE,0.0,0.0,0.0,37.35,9.45,0,0.0,0,0,18-APR-2022,
OPTSTK,AMBUJACEM,30-Jun-2022,330.0,PE,0.0,0.0,0.0,40.75,10.95,0,0.0,0,0,18-APR-2022,
OPTSTK,AMBUJACEM,30-Jun-2022,335.0,PE,0.0,0.0,0.0,44.3,12.55,0,0.0,0,0,18-APR-2022,
OPTSTK,AMBUJACEM,30-Jun-2022,340.0,PE,0.0,0.0,0.0,48.0,14.35,0,0.0,0,0,18-APR-2022,
OPTSTK,AMBUJACEM,30-Jun-2022,345.0,PE,0.0,0.0,0.0,51.8,16.25,0,0.0,0,0,18-APR-2022,
OPTSTK,AMBUJACEM,30-Jun-2022,350.0,PE,0.0,0.0,0.0,55.7,18.35,0,0.0,0,0,18-APR-2022,
OPTSTK,AMBUJACEM,30-Jun-2022,355.0,PE,0.0,0.0,0.0,59.7,20.55,0,0.0,0,0,18-APR-2022,
OPTSTK,AMBUJACEM,30-Jun-2022,360.0,PE,0.0,0.0,0.0,63.8,22.95,0,0.0,0,0,18-APR-2022,
OPTSTK,AMBUJACEM,30-Jun-2022,365.0,PE,0.0,0.0,0.0,67.95,25.5,0,0.0,0,0,18-APR-2022,
OPTSTK,AMBUJACEM,30-Jun-2022,370.0,PE,0.0,0.0,0.0,72.2,28.2,0,0.0,0,0,18-APR-2022,
OPTSTK,AMBUJACEM,30-Jun-2022,375.0,PE,0.0,0.0,0.0,76.55,31.0,0,0.0,0,0,18-APR-2022,
OPTSTK,AMBUJACEM,30-Jun-2022,380.0,PE,0.0,0.0,0.0,80.95,34.0,0,0.0,0,0,18-APR-2022,
OPTSTK,AMBUJACEM,30-Jun-2022,385.0,PE,0.0,0.0,0.0,85.4,37.1,0,0.0,0,0,18-APR-2022,
OPTSTK,AMBUJACEM,30-Jun-2022,390.0,PE,0.0,0.0,0.0,89.9,40.35,0,0.0,0,0,18-APR-2022,
OPTSTK,AMBUJACEM,30-Jun-2022,395.0,PE,0.0,0.0,0.0,94.45,43.7,0,0.0,0,0,18-APR-2022,
OPTSTK,AMBUJACEM,30-Jun-2022,400.0,PE,0.0,0.0,0.0,99.05,47.2,0,0.0,0,0,18-APR-2022,
OPTSTK,AMBUJACEM,30-Jun-2022,405.0,PE,0.0,0.0,0.0,103.7,50.8,0,0.0,0,0,18-APR-2022,
OPTSTK,AMBUJACEM,30-Jun-2022,410.0,PE,0.0,0.0,0.0,108.35,54.55,0,0.0,0,0,18-APR-2022,
OPTSTK,AMBUJACEM,30-Jun-2022,415.0,PE,0.0,0.0,0.0,113.05,58.4,0,0.0,0,0,18-APR-2022,
OPTSTK,AMBUJACEM,30-Jun-2022,420.0,PE,0.0,0.0,0.0,117.8,62.3,0,0.0,0,0,18-APR-2022,
OPTSTK,AMBUJACEM,30-Jun-2022,425.0,PE,0.0,0.0,0.0,117.2,66.3,0,0.0,0,0,18-APR-2022,
OPTSTK,AMBUJACEM,30-Jun-2022,430.0,PE,0.0,0.0,0.0,115.7,70.4,0,0.0,0,0,18-APR-2022,
OPTSTK,APLLTD,28-Apr-2022,530.0,CE,0.0,0.0,0.0,214.0,245.75,0,0.0,0,0,18-APR-2022,
OPTSTK,APLLTD,28-Apr-2022,540.0,CE,0.0,0.0,0.0,204.75,235.8,0,0.0,0,0,18-APR-2022,
OPTSTK,APLLTD,28-Apr-2022,550.0,CE,0.0,0.0,0.0,195.6,225.8,0,0.0,0,0,18-APR-2022,
OPTSTK,APLLTD,28-Apr-2022,560.0,CE,0.0,0.0,0.0,186.6,215.8,0,0.0,0,0,18-APR-2022,
OPTSTK,APLLTD,28-Apr-2022,570.0,CE,0.0,0.0,0.0,177.75,205.8,0,0.0,0,0,18-APR-2022,
OPTSTK,APLLTD,28-Apr-2022,580.0,CE,0.0,0.0,0.0,169.05,195.8,0,0.0,0,0,18-APR-2022,
OPTSTK,APLLTD,28-Apr-2022,590.0,CE,0.0,0.0,0.0,160.5,185.85,0,0.0,0,0,18-APR-2022,
OPTSTK,APLLTD,28-Apr-2022,600.0,CE,0.0,0.0,0.0,152.15,175.85,0,0.0,0,0,18-APR-2022,
OPTSTK,APLLTD,28-Apr-2022,610.0,CE,0.0,0.0,0.0,144.05,165.85,0,0.0,0,0,18-APR-2022,
OPTSTK,APLLTD,28-Apr-2022,620.0,CE,0.0,0.0,0.0,136.15,155.85,0,0.0,0,0,18-APR-2022,
OPTSTK,APLLTD,28-Apr-2022,630.0,CE,0.0,0.0,0.0,128.45,145.9,0,0.0,0,0,18-APR-2022,
OPTSTK,APLLTD,28-Apr-2022,640.0,CE,0.0,0.0,0.0,121.05,135.9,0,0.0,0,0,18-APR-2022,
OPTSTK,APLLTD,28-Apr-2022,650.0,CE,0.0,0.0,0.0,113.8,125.95,0,0.0,0,0,18-APR-2022,
OPTSTK,APLLTD,28-Apr-2022,660.0,CE,0.0,0.0,0.0,106.85,116.0,0,0.0,0,0,18-APR-2022,
OPTSTK,APLLTD,28-Apr-2022,670.0,CE,0.0,0.0,0.0,100.15,106.1,0,0.0,0,0,18-APR-2022,
OPTSTK,APLLTD,28-Apr-2022,680.0,CE,0.0,0.0,0.0,93.75,96.25,0,0.0,0,0,18-APR-2022,
OPTSTK,APLLTD,28-Apr-2022,690.0,CE,0.0,0.0,0.0,87.6,86.55,0,0.0,0,0,18-APR-2022,
OPTSTK,APLLTD,28-Apr-2022,700.0,CE,0.0,0.0,0.0,81.75,77.0,0,0.0,0,0,18-APR-2022,
OPTSTK,APLLTD,28-Apr-2022,710.0,CE,0.0,0.0,0.0,76.15,67.7,0,0.0,0,0,18-APR-2022,
OPTSTK,APLLTD,28-Apr-2022,720.0,CE,0.0,0.0,0.0,70.85,58.75,0,0.0,0,0,18-APR-2022,
OPTSTK,APLLTD,28-Apr-2022,730.0,CE,0.0,0.0,0.0,69.1,50.25,0,0.0,700,0,18-APR-2022,
OPTSTK,APLLTD,28-Apr-2022,740.0,CE,0.0,0.0,0.0,25.05,42.35,0,0.0,700,0,18-APR-2022,
OPTSTK,APLLTD,28-Apr-2022,750.0,CE,33.55,33.55,33.55,33.55,33.55,1,5.48,9100,700,18-APR-2022,
OPTSTK,APLLTD,28-Apr-2022,760.0,CE,0.0,0.0,0.0,52.2,28.5,0,0.0,0,0,18-APR-2022,
OPTSTK,APLLTD,28-Apr-2022,770.0,CE,19.95,19.95,19.95,19.95,22.75,2,11.05,2800,700,18-APR-2022,
OPTSTK,APLLTD,28-Apr-2022,780.0,CE,12.9,16.95,11.5,12.85,12.85,43,239.33,46900,-4900,18-APR-2022,
OPTSTK,APLLTD,28-Apr-2022,790.0,CE,12.0,12.55,11.0,11.7,13.65,14,78.58,18200,2800,18-APR-2022,
OPTSTK,APLLTD,28-Apr-2022,800.0,CE,7.9,9.1,6.2,7.65,7.65,17,96.14,88900,-3500,18-APR-2022,
OPTSTK,APLLTD,28-Apr-2022,810.0,CE,0.0,0.0,0.0,6.5,7.55,0,0.0,6300,0,18-APR-2022,
OPTSTK,APLLTD,28-Apr-2022,820.0,CE,4.05,6.1,4.05,6.1,5.4,2,11.55,19600,-700,18-APR-2022,
OPTSTK,APLLTD,28-Apr-2022,830.0,CE,0.0,0.0,0.0,29.0,3.8,0,0.0,0,0,18-APR-2022,
OPTSTK,APLLTD,28-Apr-2022,840.0,CE,0.0,0.0,0.0,8.2,2.65,0,0.0,3500,0,18-APR-2022,
OPTSTK,APLLTD,28-Apr-2022,850.0,CE,1.9,2.0,1.55,2.0,2.0,13,77.5,47600,-700,18-APR-2022,
OPTSTK,APLLTD,28-Apr-2022,860.0,CE,0.0,0.0,0.0,1.2,1.2,0,0.0,2100,0,18-APR-2022,
OPTSTK,APLLTD,28-Apr-2022,870.0,CE,0.0,0.0,0.0,2.55,0.75,0,0.0,1400,0,18-APR-2022,
OPTSTK,APLLTD,28-Apr-2022,880.0,CE,0.0,0.0,0.0,18.35,0.5,0,0.0,0,0,18-APR-2022,
OPTSTK,APLLTD,28-Apr-2022,890.0,CE,0.0,0.0,0.0,16.7,0.3,0,0.0,0,0,18-APR-2022,
OPTSTK,APLLTD,28-Apr-2022,900.0,CE,0.0,0.0,0.0,1.5,0.2,0,0.0,3500,0,18-APR-2022,
OPTSTK,APLLTD,28-Apr-2022,910.0,CE,0.0,0.0,0.0,13.75,0.1,0,0.0,0,0,18-APR-2022,
OPTSTK,APLLTD,28-Apr-2022,920.0,CE,0.0,0.0,0.0,12.5,0.1,0,0.0,0,0,18-APR-2022,
OPTSTK,APLLTD,28-Apr-2022,930.0,CE,0.0,0.0,0.0,11.3,0.05,0,0.0,0,0,18-APR-2022,
OPTSTK,APLLTD,28-Apr-2022,940.0,CE,0.0,0.0,0.0,10.2,0.05,0,0.0,0,0,18-APR-2022,
OPTSTK,APLLTD,28-Apr-2022,950.0,CE,0.0,0.0,0.0,9.25,0.05,0,0.0,0,0,18-APR-2022,
OPTSTK,APLLTD,28-Apr-2022,960.0,CE,0.0,0.0,0.0,8.35,0.05,0,0.0,0,0,18-APR-2022,
OPTSTK,APLLTD,28-Apr-2022,970.0,CE,0.0,0.0,0.0,7.55,0.0,0,0.0,0,0,18-APR-2022,
OPTSTK,APLLTD,28-Apr-2022,980.0,CE,0.0,0.0,0.0,6.8,0.0,0,0.0,0,0,18-APR-2022,
OPTSTK,APLLTD,28-Apr-2022,990.0,CE,0.0,0.0,0.0,6.1,0.0,0,0.0,0,0,18-APR-2022,
OPTSTK,APLLTD,28-Apr-2022,1000.0,CE,0.0,0.0,0.0,5.5,0.0,0,0.0,0,0,18-APR-2022,
OPTSTK,APLLTD,28-Apr-2022,1010.0,CE,0.0,0.0,0.0,4.95,0.0,0,0.0,0,0,18-APR-2022,
OPTSTK,APLLTD,28-Apr-2022,1020.0,CE,0.0,0.0,0.0,4.45,0.0,0,0.0,0,0,18-APR-2022,
OPTSTK,APLLTD,28-Apr-2022,1030.0,CE,0.0,0.0,0.0,4.0,0.0,0,0.0,0,0,18-APR-2022,
OPTSTK,APLLTD,28-Apr-2022,1040.0,CE,0.0,0.0,0.0,3.6,0.0,0,0.0,0,0,18-APR-2022,
OPTSTK,APLLTD,28-Apr-2022,1050.0,CE,0.0,0.0,0.0,3.2,0.0,0,0.0,0,0,18-APR-2022,
OPTSTK,APLLTD,28-Apr-2022,1060.0,CE,0.0,0.0,0.0,2.85,0.0,0,0.0,0,0,18-APR-2022,
OPTSTK,APLLTD,28-Apr-2022,530.0,PE,0.0,0.0,0.0,2.45,0.0,0,0.0,0,0,18-APR-2022,
OPTSTK,APLLTD,28-Apr-2022,540.0,PE,0.0,0.0,0.0,3.1,0.0,0,0.0,0,0,18-APR-2022,
OPTSTK,APLLTD,28-Apr-2022,550.0,PE,0.0,0.0,0.0,3.8,0.0,0,0.0,0,0,18-APR-2022,
OPTSTK,APLLTD,28-Apr-2022,560.0,PE,0.0,0.0,0.0,4.7,0.0,0,0.0,0,0,18-APR-2022,
OPTSTK,APLLTD,28-Apr-2022,570.0,PE,0.0,0.0,0.0,5.75,0.0,0,0.0,0,0,18-APR-2022,
OPTSTK,APLLTD,28-Apr-2022,580.0,PE,0.0,0.0,0.0,6.95,0.0,0,0.0,0,0,18-APR-2022,
OPTSTK,APLLTD,28-Apr-2022,590.0,PE,0.0,0.0,0.0,8.3,0.0,0,0.0,0,0,18-APR-2022,
OPTSTK,APLLTD,28-Apr-2022,600.0,PE,0.0,0.0,0.0,9.85,0.0,0,0.0,0,0,18-APR-2022,
OPTSTK,APLLTD,28-Apr-2022,610.0,PE,0.0,0.0,0.0,11.65,0.0,0,0.0,0,0,18-APR-2022,
OPTSTK,APLLTD,28-Apr-2022,620.0,PE,0.0,0.0,0.0,13.6,0.0,0,0.0,0,0,18-APR-2022,
OPTSTK,APLLTD,28-Apr-2022,630.0,PE,0.0,0.0,0.0,15.85,0.05,0,0.0,0,0,18-APR-2022,
OPTSTK,APLLTD,28-Apr-2022,640.0,PE,0.0,0.0,0.0,18.3,0.05,0,0.0,0,0,18-APR-2022,
OPTSTK,APLLTD,28-Apr-2022,650.0,PE,0.0,0.0,0.0,21.0,0.05,0,0.0,0,0,18-APR-2022,
OPTSTK,APLLTD,28-Apr-2022,660.0,PE,0.0,0.0,0.0,23.95,0.1,0,0.0,0,0,18-APR-2022,
OPTSTK,APLLTD,28-Apr-2022,670.0,PE,0.0,0.0,0.0,27.15,0.2,0,0.0,0,0,18-APR-2022,
OPTSTK,APLLTD,28-Apr-2022,680.0,PE,0.0,0.0,0.0,2.0,0.35,0,0.0,700,0,18-APR-2022,
OPTSTK,APLLTD,28-Apr-2022,690.0,PE,0.0,0.0,0.0,34.4,0.6,0,0.0,0,0,18-APR-2022,
OPTSTK,APLLTD,28-Apr-2022,700.0,PE,0.0,0.0,0.0,4.0,1.05,0,0.0,34300,0,18-APR-2022,
OPTSTK,APLLTD,28-Apr-2022,710.0,PE,0.0,0.0,0.0,10.3,1.75,0,0.0,700,0,18-APR-2022,
OPTSTK,APLLTD,28-Apr-2022,720.0,PE,0.0,0.0,0.0,5.9,2.8,0,0.0,7700,0,18-APR-2022,
OPTSTK,APLLTD,28-Apr-2022,730.0,PE,0.0,0.0,0.0,10.3,4.3,0,0.0,2100,0,18-APR-2022,
OPTSTK,APLLTD,28-Apr-2022,740.0,PE,6.0,6.0,6.0,6.0,6.35,3,15.66,7000,-700,18-APR-2022,
OPTSTK,APLLTD,28-Apr-2022,750.0,PE,9.0,9.3,8.1,8.5,8.5,5,26.55,14700,-700,18-APR-2022,
OPTSTK,APLLTD,28-Apr-2022,760.0,PE,0.0,0.0,0.0,23.4,12.5,0,0.0,4200,0,18-APR-2022,
OPTSTK,APLLTD,28-Apr-2022,770.0,PE,0.0,0.0,0.0,74.15,16.75,0,0.0,0,0,18-APR-2022,
OPTSTK,APLLTD,28-Apr-2022,780.0,PE,18.5,20.0,18.5,20.0,21.75,2,11.18,1400,1400,18-APR-2022,
OPTSTK,APLLTD,28-Apr-2022,790.0,PE,0.0,0.0,0.0,86.65,27.6,0,0.0,0,0,18-APR-2022,
OPTSTK,APLLTD,28-Apr-2022,800.0,PE,0.0,0.0,0.0,44.75,34.2,0,0.0,2100,0,18-APR-2022,
OPTSTK,APLLTD,28-Apr-2022,810.0,PE,0.0,0.0,0.0,100.05,41.5,0,0.0,0,0,18-APR-2022,
OPTSTK,APLLTD,28-Apr-2022,820.0,PE,0.0,0.0,0.0,107.1,49.35,0,0.0,0,0,18-APR-2022,
OPTSTK,APLLTD,28-Apr-2022,830.0,PE,0.0,0.0,0.0,114.3,57.75,0,0.0,0,0,18-APR-2022,
OPTSTK,APLLTD,28-Apr-2022,840.0,PE,0.0,0.0,0.0,121.75,66.55,0,0.0,0,0,18-APR-2022,
OPTSTK,APLLTD,28-Apr-2022,850.0,PE,0.0,0.0,0.0,91.0,75.65,0,0.0,1400,0,18-APR-2022,
OPTSTK,APLLTD,28-Apr-2022,860.0,PE,0.0,0.0,0.0,137.15,85.05,0,0.0,0,0,18-APR-2022,
OPTSTK,APLLTD,28-Apr-2022,870.0,PE,0.0,0.0,0.0,145.05,94.65,0,0.0,0,0,18-APR-2022,
OPTSTK,APLLTD,28-Apr-2022,880.0,PE,0.0,0.0,0.0,153.15,104.35,0,0.0,0,0,18-APR-2022,
OPTSTK,APLLTD,28-Apr-2022,890.0,PE,0.0,0.0,0.0,161.4,114.15,0,0.0,0,0,18-APR-2022,
OPTSTK,APLLTD,28-Apr-2022,900.0,PE,0.0,0.0,0.0,136.55,124.05,0,0.0,2100,0,18-APR-2022,
OPTSTK,APLLTD,28-Apr-2022,910.0,PE,0.0,0.0,0.0,178.25,133.95,0,0.0,0,0,18-APR-2022,
OPTSTK,APLLTD,28-Apr-2022,920.0,PE,0.0,0.0,0.0,186.85,143.9,0,0.0,0,0,18-APR-2022,
OPTSTK,APLLTD,28-Apr-2022,930.0,PE,0.0,0.0,0.0,195.55,153.85,0,0.0,0,0,18-APR-2022,
OPTSTK,APLLTD,28-Apr-2022,940.0,PE,0.0,0.0,0.0,204.4,163.85,0,0.0,0,0,18-APR-2022,
OPTSTK,APLLTD,28-Apr-2022,950.0,PE,0.0,0.0,0.0,213.3,173.8,0,0.0,0,0,18-APR-2022,
OPTSTK,APLLTD,28-Apr-2022,960.0,PE,0.0,0.0,0.0,222.3,183.8,0,0.0,0,0,18-APR-2022,
OPTSTK,APLLTD,28-Apr-2022,970.0,PE,0.0,0.0,0.0,231.35,193.8,0,0.0,0,0,18-APR-2022,
OPTSTK,APLLTD,28-Apr-2022,980.0,PE,0.0,0.0,0.0,240.55,203.75,0,0.0,0,0,18-APR-2022,
OPTSTK,APLLTD,28-Apr-2022,990.0,PE,0.0,0.0,0.0,249.75,213.75,0,0.0,0,0,18-APR-2022,
OPTSTK,APLLTD,28-Apr-2022,1000.0,PE,0.0,0.0,0.0,259.05,223.75,0,0.0,0,0,18-APR-2022,
OPTSTK,APLLTD,28-Apr-2022,1010.0,PE,0.0,0.0,0.0,268.35,233.75,0,0.0,0,0,18-APR-2022,
OPTSTK,APLLTD,28-Apr-2022,1020.0,PE,0.0,0.0,0.0,277.75,243.7,0,0.0,0,0,18-APR-2022,
OPTSTK,APLLTD,28-Apr-2022,1030.0,PE,0.0,0.0,0.0,287.2,253.7,0,0.0,0,0,18-APR-2022,
OPTSTK,APLLTD,28-Apr-2022,1040.0,PE,0.0,0.0,0.0,296.7,263.7,0,0.0,0,0,18-APR-2022,
OPTSTK,APLLTD,28-Apr-2022,1050.0,PE,0.0,0.0,0.0,306.2,273.7,0,0.0,0,0,18-APR-2022,
OPTSTK,APLLTD,28-Apr-2022,1060.0,PE,0.0,0.0,0.0,315.8,283.7,0,0.0,0,0,18-APR-2022,
OPTSTK,APLLTD,26-May-2022,530.0,CE,0.0,0.0,0.0,181.85,247.55,0,0.0,0,0,18-APR-2022,
OPTSTK,APLLTD,26-May-2022,540.0,CE,0.0,0.0,0.0,172.9,237.6,0,0.0,0,0,18-APR-2022,
OPTSTK,APLLTD,26-May-2022,550.0,CE,0.0,0.0,0.0,164.1,227.65,0,0.0,0,0,18-APR-2022,
OPTSTK,APLLTD,26-May-2022,560.0,CE,0.0,0.0,0.0,155.45,217.75,0,0.0,0,0,18-APR-2022,
OPTSTK,APLLTD,26-May-2022,570.0,CE,0.0,0.0,0.0,147.05,207.85,0,0.0,0,0,18-APR-2022,
OPTSTK,APLLTD,26-May-2022,580.0,CE,0.0,0.0,0.0,138.8,197.95,0,0.0,0,0,18-APR-2022,
OPTSTK,APLLTD,26-May-2022,590.0,CE,0.0,0.0,0.0,130.8,188.15,0,0.0,0,0,18-APR-2022,
OPTSTK,APLLTD,26-May-2022,600.0,CE,0.0,0.0,0.0,123.05,178.35,0,0.0,0,0,18-APR-2022,
OPTSTK,APLLTD,26-May-2022,610.0,CE,0.0,0.0,0.0,115.55,168.65,0,0.0,0,0,18-APR-2022,
OPTSTK,APLLTD,26-May-2022,620.0,CE,0.0,0.0,0.0,108.3,159.0,0,0.0,0,0,18-APR-2022,
OPTSTK,APLLTD,26-May-2022,630.0,CE,0.0,0.0,0.0,101.35,149.5,0,0.0,0,0,18-APR-2022,
OPTSTK,APLLTD,26-May-2022,640.0,CE,0.0,0.0,0.0,94.6,140.1,0,0.0,0,0,18-APR-2022,
OPTSTK,APLLTD,26-May-2022,650.0,CE,0.0,0.0,0.0,88.2,130.9,0,0.0,0,0,18-APR-2022,
OPTSTK,APLLTD,26-May-2022,660.0,CE,0.0,0.0,0.0,82.05,121.85,0,0.0,0,0,18-APR-2022,
OPTSTK,APLLTD,26-May-2022,670.0,CE,0.0,0.0,0.0,76.2,113.0,0,0.0,0,0,18-APR-2022,
OPTSTK,APLLTD,26-May-2022,680.0,CE,0.0,0.0,0.0,70.65,104.4,0,0.0,0,0,18-APR-2022,
OPTSTK,APLLTD,26-May-2022,690.0,CE,0.0,0.0,0.0,65.4,96.1,0,0.0,0,0,18-APR-2022,
OPTSTK,APLLTD,26-May-2022,700.0,CE,0.0,0.0,0.0,60.4,88.1,0,0.0,0,0,18-APR-2022,
OPTSTK,APLLTD,26-May-2022,710.0,CE,0.0,0.0,0.0,55.75,80.45,0,0.0,0,0,18-APR-2022,
OPTSTK,APLLTD,26-May-2022,720.0,CE,0.0,0.0,0.0,51.3,73.15,0,0.0,0,0,18-APR-2022,
OPTSTK,APLLTD,26-May-2022,730.0,CE,0.0,0.0,0.0,47.15,66.2,0,0.0,0,0,18-APR-2022,
OPTSTK,APLLTD,26-May-2022,740.0,CE,0.0,0.0,0.0,43.3,59.65,0,0.0,0,0,18-APR-2022,
OPTSTK,APLLTD,26-May-2022,750.0,CE,0.0,0.0,0.0,39.65,53.5,0,0.0,0,0,18-APR-2022,
OPTSTK,APLLTD,26-May-2022,760.0,CE,0.0,0.0,0.0,36.3,47.8,0,0.0,0,0,18-APR-2022,
OPTSTK,APLLTD,26-May-2022,770.0,CE,0.0,0.0,0.0,33.15,42.5,0,0.0,0,0,18-APR-2022,
OPTSTK,APLLTD,26-May-2022,780.0,CE,0.0,0.0,0.0,30.25,37.6,0,0.0,0,0,18-APR-2022,
OPTSTK,APLLTD,26-May-2022,790.0,CE,0.0,0.0,0.0,27.55,33.15,0,0.0,0,0,18-APR-2022,
OPTSTK,APLLTD,26-May-2022,800.0,CE,0.0,0.0,0.0,25.1,29.1,0,0.0,0,0,18-APR-2022,
OPTSTK,APLLTD,26-May-2022,810.0,CE,0.0,0.0,0.0,22.8,25.4,0,0.0,0,0,18-APR-2022,
OPTSTK,APLLTD,26-May-2022,820.0,CE,0.0,0.0,0.0,20.65,22.1,0,0.0,0,0,18-APR-2022,
OPTSTK,APLLTD,26-May-2022,830.0,CE,0.0,0.0,0.0,18.7,19.1,0,0.0,0,0,18-APR-2022,
OPTSTK,APLLTD,26-May-2022,840.0,CE,0.0,0.0,0.0,16.9,16.5,0,0.0,0,0,18-APR-2022,
OPTSTK,APLLTD,26-May-2022,850.0,CE,0.0,0.0,0.0,11.55,14.15,0,0.0,700,0,18-APR-2022,
OPTSTK,APLLTD,26-May-2022,860.0,CE,0.0,0.0,0.0,13.8,12.1,0,0.0,0,0,18-APR-2022,
OPTSTK,APLLTD,26-May-2022,870.0,CE,0.0,0.0,0.0,12.45,10.3,0,0.0,0,0,18-APR-2022,
OPTSTK,APLLTD,26-May-2022,880.0,CE,0.0,0.0,0.0,11.2,8.7,0,0.0,0,0,18-APR-2022,
OPTSTK,APLLTD,26-May-2022,890.0,CE,0.0,0.0,0.0,10.05,7.35,0,0.0,0,0,18-APR-2022,
OPTSTK,APLLTD,26-May-2022,900.0,CE,0.0,0.0,0.0,9.05,6.2,0,0.0,0,0,18-APR-2022,
OPTSTK,APLLTD,26-May-2022,910.0,CE,0.0,0.0,0.0,8.1,5.2,0,0.0,0,0,18-APR-2022,
OPTSTK,APLLTD,26-May-2022,920.0,CE,0.0,0.0,0.0,7.25,4.3,0,0.0,0,0,18-APR-2022,
OPTSTK,APLLTD,26-May-2022,930.0,CE,0.0,0.0,0.0,6.5,3.6,0,0.0,0,0,18-APR-2022,
OPTSTK,APLLTD,26-May-2022,940.0,CE,0.0,0.0,0.0,5.8,2.95,0,0.0,0,0,18-APR-2022,
OPTSTK,APLLTD,26-May-2022,950.0,CE,0.0,0.0,0.0,5.2,2.45,0,0.0,0,0,18-APR-2022,
OPTSTK,APLLTD,26-May-2022,960.0,CE,0.0,0.0,0.0,4.65,2.0,0,0.0,0,0,18-APR-2022,
OPTSTK,APLLTD,26-May-2022,970.0,CE,0.0,0.0,0.0,4.15,1.65,0,0.0,0,0,18-APR-2022,
OPTSTK,APLLTD,26-May-2022,980.0,CE,0.0,0.0,0.0,3.7,1.35,0,0.0,0,0,18-APR-2022,
OPTSTK,APLLTD,26-May-2022,990.0,CE,0.0,0.0,0.0,3.3,1.1,0,0.0,0,0,18-APR-2022,
OPTSTK,APLLTD,26-May-2022,1000.0,CE,0.0,0.0,0.0,2.9,0.9,0,0.0,0,0,18-APR-2022,
OPTSTK,APLLTD,26-May-2022,1010.0,CE,0.0,0.0,0.0,2.6,0.75,0,0.0,0,0,18-APR-2022,
OPTSTK,APLLTD,26-May-2022,1020.0,CE,0.0,0.0,0.0,2.3,0.6,0,0.0,0,0,18-APR-2022,
OPTSTK,APLLTD,26-May-2022,530.0,PE,0.0,0.0,0.0,3.85,0.05,0,0.0,0,0,18-APR-2022,
OPTSTK,APLLTD,26-May-2022,540.0,PE,0.0,0.0,0.0,4.8,0.05,0,0.0,0,0,18-APR-2022,
OPTSTK,APLLTD,26-May-2022,550.0,PE,0.0,0.0,0.0,5.85,0.1,0,0.0,0,0,18-APR-2022,
OPTSTK,APLLTD,26-May-2022,560.0,PE,0.0,0.0,0.0,7.15,0.1,0,0.0,0,0,18-APR-2022,
OPTSTK,APLLTD,26-May-2022,570.0,PE,0.0,0.0,0.0,8.6,0.2,0,0.0,0,0,18-APR-2022,
OPTSTK,APLLTD,26-May-2022,580.0,PE,0.0,0.0,0.0,10.3,0.25,0,0.0,0,0,18-APR-2022,
OPTSTK,APLLTD,26-May-2022,590.0,PE,0.0,0.0,0.0,12.2,0.4,0,0.0,0,0,18-APR-2022,
OPTSTK,APLLTD,26-May-2022,600.0,PE,0.0,0.0,0.0,14.3,0.55,0,0.0,0,0,18-APR-2022,
OPTSTK,APLLTD,26-May-2022,610.0,PE,0.0,0.0,0.0,16.75,0.8,0,0.0,0,0,18-APR-2022,
OPTSTK,APLLTD,26-May-2022,620.0,PE,0.0,0.0,0.0,19.35,1.15,0,0.0,0,0,18-APR-2022,
OPTSTK,APLLTD,26-May-2022,630.0,PE,0.0,0.0,0.0,22.3,1.55,0,0.0,0,0,18-APR-2022,
OPTSTK,APLLTD,26-May-2022,640.0,PE,0.0,0.0,0.0,25.45,2.15,0,0.0,0,0,18-APR-2022,
OPTSTK,APLLTD,26-May-2022,650.0,PE,0.0,0.0,0.0,28.9,2.85,0,0.0,0,0,18-APR-2022,
OPTSTK,APLLTD,26-May-2022,660.0,PE,0.0,0.0,0.0,32.7,3.75,0,0.0,0,0,18-APR-2022,
OPTSTK,APLLTD,26-May-2022,670.0,PE,0.0,0.0,0.0,36.75,4.9,0,0.0,0,0,18-APR-2022,
OPTSTK,APLLTD,26-May-2022,680.0,PE,0.0,0.0,0.0,41.1,6.25,0,0.0,0,0,18-APR-2022,
OPTSTK,APLLTD,26-May-2022,690.0,PE,0.0,0.0,0.0,45.75,7.9,0,0.0,0,0,18-APR-2022,
OPTSTK,APLLTD,26-May-2022,700.0,PE,0.0,0.0,0.0,19.0,9.85,0,0.0,1400,0,18-APR-2022,
OPTSTK,APLLTD,26-May-2022,710.0,PE,0.0,0.0,0.0,55.85,12.15,0,0.0,0,0,18-APR-2022,
OPTSTK,APLLTD,26-May-2022,720.0,PE,0.0,0.0,0.0,61.35,14.8,0,0.0,0,0,18-APR-2022,
OPTSTK,APLLTD,26-May-2022,730.0,PE,0.0,0.0,0.0,67.1,17.8,0,0.0,0,0,18-APR-2022,
OPTSTK,APLLTD,26-May-2022,740.0,PE,0.0,0.0,0.0,73.1,21.25,0,0.0,0,0,18-APR-2022,
OPTSTK,APLLTD,26-May-2022,750.0,PE,0.0,0.0,0.0,20.0,25.05,0,0.0,700,0,18-APR-2022,
OPTSTK,APLLTD,26-May-2022,760.0,PE,0.0,0.0,0.0,85.9,29.3,0,0.0,0,0,18-APR-2022,
OPTSTK,APLLTD,26-May-2022,770.0,PE,0.0,0.0,0.0,92.65,33.95,0,0.0,0,0,18-APR-2022,
OPTSTK,APLLTD,26-May-2022,780.0,PE,0.0,0.0,0.0,99.6,39.05,0,0.0,0,0,18-APR-2022,
OPTSTK,APLLTD,26-May-2022,790.0,PE,0.0,0.0,0.0,106.8,44.5,0,0.0,0,0,18-APR-2022,
OPTSTK,APLLTD,26-May-2022,800.0,PE,0.0,0.0,0.0,114.25,50.4,0,0.0,0,0,18-APR-2022,
OPTSTK,APLLTD,26-May-2022,810.0,PE,0.0,0.0,0.0,121.85,56.65,0,0.0,0,0,18-APR-2022,
OPTSTK,APLLTD,26-May-2022,820.0,PE,0.0,0.0,0.0,129.65,63.3,0,0.0,0,0,18-APR-2022,
OPTSTK,APLLTD,26-May-2022,830.0,PE,0.0,0.0,0.0,137.55,70.3,0,0.0,0,0,18-APR-2022,
OPTSTK,APLLTD,26-May-2022,840.0,PE,0.0,0.0,0.0,145.7,77.65,0,0.0,0,0,18-APR-2022,
OPTSTK,APLLTD,26-May-2022,850.0,PE,0.0,0.0,0.0,153.95,85.25,0,0.0,0,0,18-APR-2022,
OPTSTK,APLLTD,26-May-2022,860.0,PE,0.0,0.0,0.0,162.35,93.15,0,0.0,0,0,18-APR-2022,
OPTSTK,APLLTD,26-May-2022,870.0,PE,0.0,0.0,0.0,170.9,101.3,0,0.0,0,0,18-APR-2022,
OPTSTK,APLLTD,26-May-2022,880.0,PE,0.0,0.0,0.0,179.55,109.7,0,0.0,0,0,18-APR-2022,
OPTSTK,APLLTD,26-May-2022,890.0,PE,0.0,0.0,0.0,188.3,118.3,0,0.0,0,0,18-APR-2022,
OPTSTK,APLLTD,26-May-2022,900.0,PE,0.0,0.0,0.0,137.0,127.05,0,0.0,700,0,18-APR-2022,
OPTSTK,APLLTD,26-May-2022,910.0,PE,0.0,0.0,0.0,206.15,136.0,0,0.0,0,0,18-APR-2022,
OPTSTK,APLLTD,26-May-2022,920.0,PE,0.0,0.0,0.0,215.2,145.1,0,0.0,0,0,18-APR-2022,
OPTSTK,APLLTD,26-May-2022,930.0,PE,0.0,0.0,0.0,224.3,154.35,0,0.0,0,0,18-APR-2022,
OPTSTK,APLLTD,26-May-2022,940.0,PE,0.0,0.0,0.0,233.55,163.65,0,0.0,0,0,18-APR-2022,
OPTSTK,APLLTD,26-May-2022,950.0,PE,0.0,0.0,0.0,242.8,173.1,0,0.0,0,0,18-APR-2022,
OPTSTK,APLLTD,26-May-2022,960.0,PE,0.0,0.0,0.0,252.15,182.65,0,0.0,0,0,18-APR-2022,
OPTSTK,APLLTD,26-May-2022,970.0,PE,0.0,0.0,0.0,261.55,192.2,0,0.0,0,0,18-APR-2022,
OPTSTK,APLLTD,26-May-2022,980.0,PE,0.0,0.0,0.0,271.0,201.85,0,0.0,0,0,18-APR-2022,
OPTSTK,APLLTD,26-May-2022,990.0,PE,0.0,0.0,0.0,280.45,211.6,0,0.0,0,0,18-APR-2022,
OPTSTK,APLLTD,26-May-2022,1000.0,PE,0.0,0.0,0.0,290.0,221.35,0,0.0,0,0,18-APR-2022,
OPTSTK,APLLTD,26-May-2022,1010.0,PE,0.0,0.0,0.0,299.6,231.1,0,0.0,0,0,18-APR-2022,
OPTSTK,APLLTD,26-May-2022,1020.0,PE,0.0,0.0,0.0,309.2,240.95,0,0.0,0,0,18-APR-2022,
OPTSTK,APLLTD,30-Jun-2022,530.0,CE,0.0,0.0,0.0,219.1,250.1,0,0.0,0,0,18-APR-2022,
OPTSTK,APLLTD,30-Jun-2022,540.0,CE,0.0,0.0,0.0,209.7,240.35,0,0.0,0,0,18-APR-2022,
OPTSTK,APLLTD,30-Jun-2022,550.0,CE,0.0,0.0,0.0,200.45,230.65,0,0.0,0,0,18-APR-2022,
OPTSTK,APLLTD,30-Jun-2022,560.0,CE,0.0,0.0,0.0,191.3,221.0,0,0.0,0,0,18-APR-2022,
OPTSTK,APLLTD,30-Jun-2022,570.0,CE,0.0,0.0,0.0,182.3,211.45,0,0.0,0,0,18-APR-2022,
OPTSTK,APLLTD,30-Jun-2022,580.0,CE,0.0,0.0,0.0,173.4,202.0,0,0.0,0,0,18-APR-2022,
OPTSTK,APLLTD,30-Jun-2022,590.0,CE,0.0,0.0,0.0,164.75,192.6,0,0.0,0,0,18-APR-2022,
OPTSTK,APLLTD,30-Jun-2022,600.0,CE,0.0,0.0,0.0,156.2,183.35,0,0.0,0,0,18-APR-2022,
OPTSTK,APLLTD,30-Jun-2022,610.0,CE,0.0,0.0,0.0,147.9,174.25,0,0.0,0,0,18-APR-2022,
OPTSTK,APLLTD,30-Jun-2022,620.0,CE,0.0,0.0,0.0,139.8,165.25,0,0.0,0,0,18-APR-2022,
OPTSTK,APLLTD,30-Jun-2022,630.0,CE,0.0,0.0,0.0,131.9,156.45,0,0.0,0,0,18-APR-2022,
OPTSTK,APLLTD,30-Jun-2022,640.0,CE,0.0,0.0,0.0,124.3,147.85,0,0.0,0,0,18-APR-2022,
OPTSTK,APLLTD,30-Jun-2022,650.0,CE,0.0,0.0,0.0,116.9,139.4,0,0.0,0,0,18-APR-2022,
OPTSTK,APLLTD,30-Jun-2022,660.0,CE,0.0,0.0,0.0,109.75,131.2,0,0.0,0,0,18-APR-2022,
OPTSTK,APLLTD,30-Jun-2022,670.0,CE,0.0,0.0,0.0,102.85,123.25,0,0.0,0,0,18-APR-2022,
OPTSTK,APLLTD,30-Jun-2022,680.0,CE,0.0,0.0,0.0,96.2,115.5,0,0.0,0,0,18-APR-2022,
OPTSTK,APLLTD,30-Jun-2022,690.0,CE,0.0,0.0,0.0,89.85,108.05,0,0.0,0,0,18-APR-2022,
OPTSTK,APLLTD,30-Jun-2022,700.0,CE,0.0,0.0,0.0,83.8,100.85,0,0.0,0,0,18-APR-2022,
OPTSTK,APLLTD,30-Jun-2022,710.0,CE,0.0,0.0,0.0,78.0,93.9,0,0.0,0,0,18-APR-2022,
OPTSTK,APLLTD,30-Jun-2022,720.0,CE,0.0,0.0,0.0,72.5,87.3,0,0.0,0,0,18-APR-2022,
OPTSTK,APLLTD,30-Jun-2022,730.0,CE,0.0,0.0,0.0,67.25,80.95,0,0.0,0,0,18-APR-2022,
OPTSTK,APLLTD,30-Jun-2022,740.0,CE,0.0,0.0,0.0,62.3,74.95,0,0.0,0,0,18-APR-2022,
OPTSTK,APLLTD,30-Jun-2022,750.0,CE,0.0,0.0,0.0,57.6,69.2,0,0.0,0,0,18-APR-2022,
OPTSTK,APLLTD,30-Jun-2022,760.0,CE,0.0,0.0,0.0,53.2,63.8,0,0.0,0,0,18-APR-2022,
OPTSTK,APLLTD,30-Jun-2022,770.0,CE,0.0,0.0,0.0,49.05,58.7,0,0.0,0,0,18-APR-2022,
OPTSTK,APLLTD,30-Jun-2022,780.0,CE,0.0,0.0,0.0,45.15,53.85,0,0.0,0,0,18-APR-2022,
OPTSTK,APLLTD,30-Jun-2022,790.0,CE,0.0,0.0,0.0,41.5,49.35,0,0.0,0,0,18-APR-2022,
OPTSTK,APLLTD,30-Jun-2022,800.0,CE,0.0,0.0,0.0,38.1,45.1,0,0.0,0,0,18-APR-2022,
OPTSTK,APLLTD,30-Jun-2022,810.0,CE,0.0,0.0,0.0,34.9,41.15,0,0.0,0,0,18-APR-2022,
OPTSTK,APLLTD,30-Jun-2022,820.0,CE,0.0,0.0,0.0,31.95,37.45,0,0.0,0,0,18-APR-2022,
OPTSTK,APLLTD,30-Jun-2022,830.0,CE,0.0,0.0,0.0,29.2,34.05,0,0.0,0,0,18-APR-2022,
OPTSTK,APLLTD,30-Jun-2022,840.0,CE,0.0,0.0,0.0,26.65,30.85,0,0.0,0,0,18-APR-2022,
OPTSTK,APLLTD,30-Jun-2022,850.0,CE,0.0,0.0,0.0,24.3,27.95,0,0.0,0,0,18-APR-2022,
OPTSTK,APLLTD,30-Jun-2022,860.0,CE,0.0,0.0,0.0,22.15,25.25,0,0.0,0,0,18-APR-2022,
OPTSTK,APLLTD,30-Jun-2022,870.0,CE,0.0,0.0,0.0,20.1,22.8,0,0.0,0,0,18-APR-2022,
OPTSTK,APLLTD,30-Jun-2022,880.0,CE,0.0,0.0,0.0,18.25,20.55,0,0.0,0,0,18-APR-2022,
OPTSTK,APLLTD,30-Jun-2022,890.0,CE,0.0,0.0,0.0,16.55,18.45,0,0.0,0,0,18-APR-2022,
OPTSTK,APLLTD,30-Jun-2022,900.0,CE,0.0,0.0,0.0,15.0,16.55,0,0.0,0,0,18-APR-2022,
OPTSTK,APLLTD,30-Jun-2022,910.0,CE,0.0,0.0,0.0,13.55,14.85,0,0.0,0,0,18-APR-2022,
OPTSTK,APLLTD,30-Jun-2022,920.0,CE,0.0,0.0,0.0,12.25,13.25,0,0.0,0,0,18-APR-2022,
OPTSTK,APLLTD,30-Jun-2022,930.0,CE,0.0,0.0,0.0,11.05,11.85,0,0.0,0,0,18-APR-2022,
OPTSTK,APLLTD,30-Jun-2022,940.0,CE,0.0,0.0,0.0,10.0,10.55,0,0.0,0,0,18-APR-2022,
OPTSTK,APLLTD,30-Jun-2022,950.0,CE,0.0,0.0,0.0,9.0,9.4,0,0.0,0,0,18-APR-2022,
OPTSTK,APLLTD,30-Jun-2022,960.0,CE,0.0,0.0,0.0,8.1,8.35,0,0.0,0,0,18-APR-2022,
OPTSTK,APLLTD,30-Jun-2022,970.0,CE,0.0,0.0,0.0,7.25,7.4,0,0.0,0,0,18-APR-2022,
OPTSTK,APLLTD,30-Jun-2022,980.0,CE,0.0,0.0,0.0,6.55,6.55,0,0.0,0,0,18-APR-2022,
OPTSTK,APLLTD,30-Jun-2022,990.0,CE,0.0,0.0,0.0,5.85,5.8,0,0.0,0,0,18-APR-2022,
OPTSTK,APLLTD,30-Jun-2022,1000.0,CE,0.0,0.0,0.0,5.25,5.15,0,0.0,0,0,18-APR-2022,
OPTSTK,APLLTD,30-Jun-2022,1010.0,CE,0.0,0.0,0.0,4.7,4.55,0,0.0,0,0,18-APR-2022,
OPTSTK,APLLTD,30-Jun-2022,1020.0,CE,0.0,0.0,0.0,4.2,4.0,0,0.0,0,0,18-APR-2022,
OPTSTK,APLLTD,30-Jun-2022,530.0,PE,0.0,0.0,0.0,1.9,0.45,0,0.0,0,0,18-APR-2022,
OPTSTK,APLLTD,30-Jun-2022,540.0,PE,0.0,0.0,0.0,2.4,0.65,0,0.0,0,0,18-APR-2022,
OPTSTK,APLLTD,30-Jun-2022,550.0,PE,0.0,0.0,0.0,3.05,0.85,0,0.0,0,0,18-APR-2022,
OPTSTK,APLLTD,30-Jun-2022,560.0,PE,0.0,0.0,0.0,3.8,1.15,0,0.0,0,0,18-APR-2022,
OPTSTK,APLLTD,30-Jun-2022,570.0,PE,0.0,0.0,0.0,4.7,1.5,0,0.0,0,0,18-APR-2022,
OPTSTK,APLLTD,30-Jun-2022,580.0,PE,0.0,0.0,0.0,5.7,1.95,0,0.0,0,0,18-APR-2022,
OPTSTK,APLLTD,30-Jun-2022,590.0,PE,0.0,0.0,0.0,6.95,2.45,0,0.0,0,0,18-APR-2022,
OPTSTK,APLLTD,30-Jun-2022,600.0,PE,0.0,0.0,0.0,8.3,3.15,0,0.0,0,0,18-APR-2022,
OPTSTK,APLLTD,30-Jun-2022,610.0,PE,0.0,0.0,0.0,9.9,3.9,0,0.0,0,0,18-APR-2022,
OPTSTK,APLLTD,30-Jun-2022,620.0,PE,0.0,0.0,0.0,11.7,4.85,0,0.0,0,0,18-APR-2022,
OPTSTK,APLLTD,30-Jun-2022,630.0,PE,0.0,0.0,0.0,13.7,6.0,0,0.0,0,0,18-APR-2022,
OPTSTK,APLLTD,30-Jun-2022,640.0,PE,0.0,0.0,0.0,15.95,7.25,0,0.0,0,0,18-APR-2022,
OPTSTK,APLLTD,30-Jun-2022,650.0,PE,0.0,0.0,0.0,18.45,8.75,0,0.0,0,0,18-APR-2022,
OPTSTK,APLLTD,30-Jun-2022,660.0,PE,0.0,0.0,0.0,21.2,10.45,0,0.0,0,0,18-APR-2022,
OPTSTK,APLLTD,30-Jun-2022,670.0,PE,0.0,0.0,0.0,24.2,12.4,0,0.0,0,0,18-APR-2022,
OPTSTK,APLLTD,30-Jun-2022,680.0,PE,0.0,0.0,0.0,27.45,14.6,0,0.0,0,0,18-APR-2022,
OPTSTK,APLLTD,30-Jun-2022,690.0,PE,0.0,0.0,0.0,31.0,17.1,0,0.0,0,0,18-APR-2022,
OPTSTK,APLLTD,30-Jun-2022,700.0,PE,0.0,0.0,0.0,34.8,19.8,0,0.0,0,0,18-APR-2022,
OPTSTK,APLLTD,30-Jun-2022,710.0,PE,0.0,0.0,0.0,38.95,22.75,0,0.0,0,0,18-APR-2022,
OPTSTK,APLLTD,30-Jun-2022,720.0,PE,0.0,0.0,0.0,43.3,26.05,0,0.0,0,0,18-APR-2022,
OPTSTK,APLLTD,30-Jun-2022,730.0,PE,0.0,0.0,0.0,48.0,29.65,0,0.0,0,0,18-APR-2022,
OPTSTK,APLLTD,30-Jun-2022,740.0,PE,0.0,0.0,0.0,52.9,33.5,0,0.0,0,0,18-APR-2022,
OPTSTK,APLLTD,30-Jun-2022,750.0,PE,0.0,0.0,0.0,58.15,37.7,0,0.0,0,0,18-APR-2022,
OPTSTK,APLLTD,30-Jun-2022,760.0,PE,0.0,0.0,0.0,63.6,42.2,0,0.0,0,0,18-APR-2022,
OPTSTK,APLLTD,30-Jun-2022,770.0,PE,0.0,0.0,0.0,69.35,47.0,0,0.0,0,0,18-APR-2022,
OPTSTK,APLLTD,30-Jun-2022,780.0,PE,0.0,0.0,0.0,75.35,52.1,0,0.0,0,0,18-APR-2022,
OPTSTK,APLLTD,30-Jun-2022,790.0,PE,0.0,0.0,0.0,81.6,57.5,0,0.0,0,0,18-APR-2022,
OPTSTK,APLLTD,30-Jun-2022,800.0,PE,0.0,0.0,0.0,88.05,63.15,0,0.0,0,0,18-APR-2022,
OPTSTK,APLLTD,30-Jun-2022,810.0,PE,0.0,0.0,0.0,94.8,69.15,0,0.0,0,0,18-APR-2022,
OPTSTK,APLLTD,30-Jun-2022,820.0,PE,0.0,0.0,0.0,101.7,75.35,0,0.0,0,0,18-APR-2022,
OPTSTK,APLLTD,30-Jun-2022,830.0,PE,0.0,0.0,0.0,108.85,81.85,0,0.0,0,0,18-APR-2022,
OPTSTK,APLLTD,30-Jun-2022,840.0,PE,0.0,0.0,0.0,116.25,88.6,0,0.0,0,0,18-APR-2022,
OPTSTK,APLLTD,30-Jun-2022,850.0,PE,0.0,0.0,0.0,123.75,95.6,0,0.0,0,0,18-APR-2022,
OPTSTK,APLLTD,30-Jun-2022,860.0,PE,0.0,0.0,0.0,131.5,102.8,0,0.0,0,0,18-APR-2022,
OPTSTK,APLLTD,30-Jun-2022,870.0,PE,0.0,0.0,0.0,139.35,110.3,0,0.0,0,0,18-APR-2022,
OPTSTK,APLLTD,30-Jun-2022,880.0,PE,0.0,0.0,0.0,147.4,117.95,0,0.0,0,0,18-APR-2022,
OPTSTK,APLLTD,30-Jun-2022,890.0,PE,0.0,0.0,0.0,155.6,125.75,0,0.0,0,0,18-APR-2022,
OPTSTK,APLLTD,30-Jun-2022,900.0,PE,0.0,0.0,0.0,163.95,133.8,0,0.0,0,0,18-APR-2022,
OPTSTK,APLLTD,30-Jun-2022,910.0,PE,0.0,0.0,0.0,172.4,142.0,0,0.0,0,0,18-APR-2022,
OPTSTK,APLLTD,30-Jun-2022,920.0,PE,0.0,0.0,0.0,181.0,150.35,0,0.0,0,0,18-APR-2022,
OPTSTK,APLLTD,30-Jun-2022,930.0,PE,0.0,0.0,0.0,189.7,158.85,0,0.0,0,0,18-APR-2022,
OPTSTK,APLLTD,30-Jun-2022,940.0,PE,0.0,0.0,0.0,198.5,167.45,0,0.0,0,0,18-APR-2022,
OPTSTK,APLLTD,30-Jun-2022,950.0,PE,0.0,0.0,0.0,207.4,176.2,0,0.0,0,0,18-APR-2022,
OPTSTK,APLLTD,30-Jun-2022,960.0,PE,0.0,0.0,0.0,216.4,185.1,0,0.0,0,0,18-APR-2022,
OPTSTK,APLLTD,30-Jun-2022,970.0,PE,0.0,0.0,0.0,225.45,194.05,0,0.0,0,0,18-APR-2022,
OPTSTK,APLLTD,30-Jun-2022,980.0,PE,0.0,0.0,0.0,234.6,203.15,0,0.0,0,0,18-APR-2022,
OPTSTK,APLLTD,30-Jun-2022,990.0,PE,0.0,0.0,0.0,243.85,212.3,0,0.0,0,0,18-APR-2022,
OPTSTK,APLLTD,30-Jun-2022,1000.0,PE,0.0,0.0,0.0,253.15,221.55,0,0.0,0,0,18-APR-2022,
OPTSTK,APLLTD,30-Jun-2022,1010.0,PE,0.0,0.0,0.0,262.5,230.85,0,0.0,0,0,18-APR-2022,
OPTSTK,APLLTD,30-Jun-2022,1020.0,PE,0.0,0.0,0.0,271.9,240.2,0,0.0,0,0,18-APR-2022,
OPTSTK,APOLLOHOSP,28-Apr-2022,3200.0,CE,0.0,0.0,0.0,1171.5,1358.1,0,0.0,0,0,18-APR-2022,
OPTSTK,APOLLOHOSP,28-Apr-2022,3300.0,CE,0.0,0.0,0.0,1086.9,1258.25,0,0.0,0,0,18-APR-2022,
OPTSTK,APOLLOHOSP,28-Apr-2022,3400.0,CE,0.0,0.0,0.0,1005.25,1158.35,0,0.0,0,0,18-APR-2022,
OPTSTK,APOLLOHOSP,28-Apr-2022,3500.0,CE,0.0,0.0,0.0,926.85,1058.5,0,0.0,0,0,18-APR-2022,
OPTSTK,APOLLOHOSP,28-Apr-2022,3600.0,CE,0.0,0.0,0.0,852.05,958.7,0,0.0,0,0,18-APR-2022,
OPTSTK,APOLLOHOSP,28-Apr-2022,3700.0,CE,0.0,0.0,0.0,780.65,859.1,0,0.0,0,0,18-APR-2022,
OPTSTK,APOLLOHOSP,28-Apr-2022,3800.0,CE,0.0,0.0,0.0,713.1,759.95,0,0.0,0,0,18-APR-2022,
OPTSTK,APOLLOHOSP,28-Apr-2022,3900.0,CE,0.0,0.0,0.0,649.3,661.85,0,0.0,0,0,18-APR-2022,
OPTSTK,APOLLOHOSP,28-Apr-2022,4000.0,CE,0.0,0.0,0.0,585.0,565.7,0,0.0,625,0,18-APR-2022,
OPTSTK,APOLLOHOSP,28-Apr-2022,4100.0,CE,0.0,0.0,0.0,533.9,473.0,0,0.0,0,0,18-APR-2022,
OPTSTK,APOLLOHOSP,28-Apr-2022,4200.0,CE,0.0,0.0,0.0,568.0,385.55,0,0.0,875,0,18-APR-2022,
OPTSTK,APOLLOHOSP,28-Apr-2022,4300.0,CE,424.45,424.55,235.0,300.0,300.0,17,97.91,2375,1125,18-APR-2022,
OPTSTK,APOLLOHOSP,28-Apr-2022,4400.0,CE,340.0,350.0,199.55,219.0,219.0,46,266.82,4500,-250,18-APR-2022,
OPTSTK,APOLLOHOSP,28-Apr-2022,4500.0,CE,265.0,265.0,141.15,157.65,157.65,1369,7967.79,25125,-7125,18-APR-2022,
OPTSTK,APOLLOHOSP,28-Apr-2022,4600.0,CE,221.2,221.2,97.7,109.3,109.3,1714,10119.92,76125,7500,18-APR-2022,
OPTSTK,APOLLOHOSP,28-Apr-2022,4700.0,CE,169.6,170.45,65.0,73.25,73.25,2945,17668.71,137000,-13875,18-APR-2022,
OPTSTK,APOLLOHOSP,28-Apr-2022,4800.0,CE,106.25,121.0,42.8,48.05,48.05,2966,18056.63,140125,38000,18-APR-2022,
OPTSTK,APOLLOHOSP,28-Apr-2022,4900.0,CE,81.45,83.4,28.4,32.6,32.6,1598,9869.88,90500,9250,18-APR-2022,
OPTSTK,APOLLOHOSP,28-Apr-2022,5000.0,CE,43.25,55.0,19.55,22.2,22.2,2449,15394.78,177250,9750,18-APR-2022,
OPTSTK,APOLLOHOSP,28-Apr-2022,5100.0,CE,36.5,36.5,13.3,15.15,15.15,1062,6794.63,38875,10000,18-APR-2022,
OPTSTK,APOLLOHOSP,28-Apr-2022,5200.0,CE,22.9,22.9,9.0,10.5,10.5,780,5082.27,55000,6000,18-APR-2022,
OPTSTK,APOLLOHOSP,28-Apr-2022,5300.0,CE,11.65,15.45,6.3,7.95,7.95,682,4525.76,20125,-125,18-APR-2022,
OPTSTK,APOLLOHOSP,28-Apr-2022,5400.0,CE,10.55,10.55,4.4,5.75,5.75,446,3013.89,13375,-5250,18-APR-2022,
OPTSTK,APOLLOHOSP,28-Apr-2022,5500.0,CE,7.0,7.0,2.95,4.45,4.45,678,4664.77,81750,-11750,18-APR-2022,
OPTSTK,APOLLOHOSP,28-Apr-2022,5600.0,CE,3.85,4.2,2.2,3.55,3.55,191,1337.77,20375,2625,18-APR-2022,
OPTSTK,APOLLOHOSP,28-Apr-2022,5700.0,CE,3.25,3.65,1.9,2.75,2.75,146,1040.72,10875,-250,18-APR-2022,
OPTSTK,APOLLOHOSP,28-Apr-2022,5800.0,CE,2.15,2.8,0.5,1.9,1.9,191,1385.2,9250,750,18-APR-2022,
OPTSTK,APOLLOHOSP,28-Apr-2022,5900.0,CE,0.0,0.0,0.0,60.5,0.1,0,0.0,0,0,18-APR-2022,
OPTSTK,APOLLOHOSP,28-Apr-2022,6000.0,CE,1.0,2.15,1.0,2.15,2.15,18,135.02,6500,-1500,18-APR-2022,
OPTSTK,APOLLOHOSP,28-Apr-2022,6100.0,CE,0.0,0.0,0.0,45.9,0.05,0,0.0,0,0,18-APR-2022,
OPTSTK,APOLLOHOSP,28-Apr-2022,6200.0,CE,0.0,0.0,0.0,39.9,0.0,0,0.0,0,0,18-APR-2022,
OPTSTK,APOLLOHOSP,28-Apr-2022,6300.0,CE,0.0,0.0,0.0,34.65,0.0,0,0.0,0,0,18-APR-2022,
OPTSTK,APOLLOHOSP,28-Apr-2022,6400.0,CE,0.0,0.0,0.0,30.1,0.0,0,0.0,0,0,18-APR-2022,
OPTSTK,APOLLOHOSP,28-Apr-2022,6500.0,CE,0.0,0.0,0.0,26.05,0.0,0,0.0,0,0,18-APR-2022,
OPTSTK,APOLLOHOSP,28-Apr-2022,3200.0,PE,0.0,0.0,0.0,45.95,0.0,0,0.0,0,0,18-APR-2022,
OPTSTK,APOLLOHOSP,28-Apr-2022,3300.0,PE,0.0,0.0,0.0,60.3,0.0,0,0.0,0,0,18-APR-2022,
OPTSTK,APOLLOHOSP,28-Apr-2022,3400.0,PE,0.0,0.0,0.0,77.6,0.05,0,0.0,0,0,18-APR-2022,
OPTSTK,APOLLOHOSP,28-Apr-2022,3500.0,PE,0.55,0.55,0.55,0.55,0.05,3,13.12,3875,-375,18-APR-2022,
OPTSTK,APOLLOHOSP,28-Apr-2022,3600.0,PE,0.0,0.0,0.0,4.0,0.15,0,0.0,375,0,18-APR-2022,
OPTSTK,APOLLOHOSP,28-Apr-2022,3700.0,PE,1.4,2.05,1.4,1.65,1.65,81,374.79,5500,-1750,18-APR-2022,
OPTSTK,APOLLOHOSP,28-Apr-2022,3800.0,PE,2.95,3.35,1.2,2.75,2.75,124,589.37,12875,-1125,18-APR-2022,
OPTSTK,APOLLOHOSP,28-Apr-2022,3900.0,PE,1.9,5.2,1.7,4.3,4.3,231,1127.21,8000,1500,18-APR-2022,
OPTSTK,APOLLOHOSP,28-Apr-2022,4000.0,PE,4.6,8.85,2.85,7.35,7.35,962,4817.16,61250,3750,18-APR-2022,
OPTSTK,APOLLOHOSP,28-Apr-2022,4100.0,PE,7.3,15.5,5.75,12.55,12.55,934,4799.24,31500,-1500,18-APR-2022,
OPTSTK,APOLLOHOSP,28-Apr-2022,4200.0,PE,13.85,28.25,10.8,22.1,22.1,872,4600.15,42250,-1250,18-APR-2022,
OPTSTK,APOLLOHOSP,28-Apr-2022,4300.0,PE,23.3,48.05,19.75,37.5,37.5,843,4566.43,38375,-5750,18-APR-2022,
OPTSTK,APOLLOHOSP,28-Apr-2022,4400.0,PE,35.8,79.1,34.4,63.25,63.25,676,3768.44,31500,1750,18-APR-2022,
OPTSTK,APOLLOHOSP,28-Apr-2022,4500.0,PE,64.9,123.65,57.0,101.85,101.85,1247,7163.65,42875,-5000,18-APR-2022,
OPTSTK,APOLLOHOSP,28-Apr-2022,4600.0,PE,90.55,177.65,86.35,151.65,151.65,1090,6446.91,25500,-7000,18-APR-2022,
OPTSTK,APOLLOHOSP,28-Apr-2022,4700.0,PE,131.5,246.0,127.8,216.8,216.8,657,3997.15,23875,-9250,18-APR-2022,
OPTSTK,APOLLOHOSP,28-Apr-2022,4800.0,PE,180.05,321.0,178.3,283.55,283.55,144,906.78,14500,-1750,18-APR-2022,
OPTSTK,APOLLOHOSP,28-Apr-2022,4900.0,PE,331.35,384.75,331.35,384.75,384.75,4,26.32,1750,0,18-APR-2022,
OPTSTK,APOLLOHOSP,28-Apr-2022,5000.0,PE,352.5,489.85,348.0,465.0,465.0,25,169.02,26000,125,18-APR-2022,
OPTSTK,APOLLOHOSP,28-Apr-2022,5100.0,PE,390.5,575.75,390.5,575.75,552.95,6,41.86,1875,-250,18-APR-2022,
OPTSTK,APOLLOHOSP,28-Apr-2022,5200.0,PE,0.0,0.0,0.0,1005.75,647.2,0,0.0,0,0,18-APR-2022,
OPTSTK,APOLLOHOSP,28-Apr-2022,5300.0,PE,0.0,0.0,0.0,1086.5,743.7,0,0.0,0,0,18-APR-2022,
OPTSTK,APOLLOHOSP,28-Apr-2022,5400.0,PE,0.0,0.0,0.0,900.0,841.65,0,0.0,125,0,18-APR-2022,
OPTSTK,APOLLOHOSP,28-Apr-2022,5500.0,PE,0.0,0.0,0.0,865.0,940.45,0,0.0,625,0,18-APR-2022,
OPTSTK,APOLLOHOSP,28-Apr-2022,5600.0,PE,0.0,0.0,0.0,1001.0,1039.75,0,0.0,750,0,18-APR-2022,
OPTSTK,APOLLOHOSP,28-Apr-2022,5700.0,PE,0.0,0.0,0.0,1427.7,1139.35,0,0.0,0,0,18-APR-2022,
OPTSTK,APOLLOHOSP,28-Apr-2022,5800.0,PE,0.0,0.0,0.0,1150.0,1239.1,0,0.0,500,0,18-APR-2022,
OPTSTK,APOLLOHOSP,28-Apr-2022,5900.0,PE,0.0,0.0,0.0,1606.8,1338.95,0,0.0,0,0,18-APR-2022,
OPTSTK,APOLLOHOSP,28-Apr-2022,6000.0,PE,0.0,0.0,0.0,1698.0,1438.8,0,0.0,0,0,18-APR-2022,
OPTSTK,APOLLOHOSP,28-Apr-2022,6100.0,PE,0.0,0.0,0.0,1790.1,1538.65,0,0.0,0,0,18-APR-2022,
OPTSTK,APOLLOHOSP,28-Apr-2022,6200.0,PE,0.0,0.0,0.0,1883.1,1638.55,0,0.0,0,0,18-APR-2022,
OPTSTK,APOLLOHOSP,28-Apr-2022,6300.0,PE,0.0,0.0,0.0,1976.8,1738.45,0,0.0,0,0,18-APR-2022,
OPTSTK,APOLLOHOSP,28-Apr-2022,6400.0,PE,0.0,0.0,0.0,2071.15,1838.3,0,0.0,0,0,18-APR-2022,
OPTSTK,APOLLOHOSP,28-Apr-2022,6500.0,PE,0.0,0.0,0.0,2166.1,1938.2,0,0.0,0,0,18-APR-2022,
OPTSTK,APOLLOHOSP,26-May-2022,3200.0,CE,0.0,0.0,0.0,1253.4,1370.6,0,0.0,0,0,18-APR-2022,
OPTSTK,APOLLOHOSP,26-May-2022,3300.0,CE,0.0,0.0,0.0,1166.85,1272.6,0,0.0,0,0,18-APR-2022,
OPTSTK,APOLLOHOSP,26-May-2022,3400.0,CE,0.0,0.0,0.0,1082.95,1175.6,0,0.0,0,0,18-APR-2022,
OPTSTK,APOLLOHOSP,26-May-2022,3500.0,CE,0.0,0.0,0.0,1002.05,1079.95,0,0.0,0,0,18-APR-2022,
OPTSTK,APOLLOHOSP,26-May-2022,3600.0,CE,0.0,0.0,0.0,924.4,986.1,0,0.0,0,0,18-APR-2022,
OPTSTK,APOLLOHOSP,26-May-2022,3700.0,CE,0.0,0.0,0.0,850.3,894.7,0,0.0,0,0,18-APR-2022,
OPTSTK,APOLLOHOSP,26-May-2022,3800.0,CE,0.0,0.0,0.0,779.65,806.25,0,0.0,0,0,18-APR-2022,
OPTSTK,APOLLOHOSP,26-May-2022,3900.0,CE,0.0,0.0,0.0,712.6,721.4,0,0.0,0,0,18-APR-2022,
OPTSTK,APOLLOHOSP,26-May-2022,4000.0,CE,0.0,0.0,0.0,649.6,640.65,0,0.0,0,0,18-APR-2022,
OPTSTK,APOLLOHOSP,26-May-2022,4100.0,CE,0.0,0.0,0.0,590.5,564.8,0,0.0,0,0,18-APR-2022,
OPTSTK,APOLLOHOSP,26-May-2022,4200.0,CE,0.0,0.0,0.0,535.3,493.65,0,0.0,0,0,18-APR-2022,
OPTSTK,APOLLOHOSP,26-May-2022,4300.0,CE,0.0,0.0,0.0,483.9,428.25,0,0.0,0,0,18-APR-2022,
OPTSTK,APOLLOHOSP,26-May-2022,4400.0,CE,0.0,0.0,0.0,436.35,368.6,0,0.0,0,0,18-APR-2022,
OPTSTK,APOLLOHOSP,26-May-2022,4500.0,CE,0.0,0.0,0.0,392.4,314.7,0,0.0,0,0,18-APR-2022,
OPTSTK,APOLLOHOSP,26-May-2022,4600.0,CE,275.0,275.0,275.0,275.0,266.5,2,12.18,250,250,18-APR-2022,
OPTSTK,APOLLOHOSP,26-May-2022,4700.0,CE,183.95,201.1,183.95,200.65,200.65,7,42.85,2125,625,18-APR-2022,
OPTSTK,APOLLOHOSP,26-May-2022,4800.0,CE,205.35,205.35,160.0,182.2,182.2,12,74.7,1125,625,18-APR-2022,
OPTSTK,APOLLOHOSP,26-May-2022,4900.0,CE,0.0,0.0,0.0,250.65,154.5,0,0.0,0,0,18-APR-2022,
OPTSTK,APOLLOHOSP,26-May-2022,5000.0,CE,130.05,130.05,101.0,112.95,112.95,58,370.62,5250,3000,18-APR-2022,
OPTSTK,APOLLOHOSP,26-May-2022,5100.0,CE,0.0,0.0,0.0,197.95,103.75,0,0.0,0,0,18-APR-2022,
OPTSTK,APOLLOHOSP,26-May-2022,5200.0,CE,0.0,0.0,0.0,120.0,83.9,0,0.0,125,0,18-APR-2022,
OPTSTK,APOLLOHOSP,26-May-2022,5300.0,CE,0.0,0.0,0.0,155.15,67.5,0,0.0,0,0,18-APR-2022,
OPTSTK,APOLLOHOSP,26-May-2022,5400.0,CE,0.0,0.0,0.0,136.75,53.95,0,0.0,0,0,18-APR-2022,
OPTSTK,APOLLOHOSP,26-May-2022,5500.0,CE,50.0,50.0,40.0,40.0,42.8,3,20.8,625,0,18-APR-2022,
OPTSTK,APOLLOHOSP,26-May-2022,5600.0,CE,0.0,0.0,0.0,106.0,33.8,0,0.0,0,0,18-APR-2022,
OPTSTK,APOLLOHOSP,26-May-2022,5700.0,CE,0.0,0.0,0.0,93.1,26.5,0,0.0,0,0,18-APR-2022,
OPTSTK,APOLLOHOSP,26-May-2022,5800.0,CE,0.0,0.0,0.0,81.6,20.65,0,0.0,0,0,18-APR-2022,
OPTSTK,APOLLOHOSP,26-May-2022,5900.0,CE,0.0,0.0,0.0,71.45,16.0,0,0.0,0,0,18-APR-2022,
OPTSTK,APOLLOHOSP,26-May-2022,6000.0,CE,0.0,0.0,0.0,62.5,12.35,0,0.0,0,0,18-APR-2022,
OPTSTK,APOLLOHOSP,26-May-2022,6100.0,CE,0.0,0.0,0.0,54.6,9.5,0,0.0,0,0,18-APR-2022,
OPTSTK,APOLLOHOSP,26-May-2022,6200.0,CE,0.0,0.0,0.0,47.6,7.25,0,0.0,0,0,18-APR-2022,
OPTSTK,APOLLOHOSP,26-May-2022,6300.0,CE,0.0,0.0,0.0,41.5,5.5,0,0.0,0,0,18-APR-2022,
OPTSTK,APOLLOHOSP,26-May-2022,6400.0,CE,0.0,0.0,0.0,36.1,4.15,0,0.0,0,0,18-APR-2022,
OPTSTK,APOLLOHOSP,26-May-2022,6500.0,CE,0.0,0.0,0.0,31.4,3.15,0,0.0,0,0,18-APR-2022,
OPTSTK,APOLLOHOSP,26-May-2022,3200.0,PE,0.0,0.0,0.0,37.95,1.95,0,0.0,0,0,18-APR-2022,
OPTSTK,APOLLOHOSP,26-May-2022,3300.0,PE,0.0,0.0,0.0,50.35,3.55,0,0.0,0,0,18-APR-2022,
OPTSTK,APOLLOHOSP,26-May-2022,3400.0,PE,0.0,0.0,0.0,65.4,6.1,0,0.0,0,0,18-APR-2022,
OPTSTK,APOLLOHOSP,26-May-2022,3500.0,PE,0.0,0.0,0.0,83.5,10.0,0,0.0,0,0,18-APR-2022,
OPTSTK,APOLLOHOSP,26-May-2022,3600.0,PE,0.0,0.0,0.0,104.8,15.75,0,0.0,0,0,18-APR-2022,
OPTSTK,APOLLOHOSP,26-May-2022,3700.0,PE,0.0,0.0,0.0,129.65,23.85,0,0.0,0,0,18-APR-2022,
OPTSTK,APOLLOHOSP,26-May-2022,3800.0,PE,0.0,0.0,0.0,157.95,34.95,0,0.0,0,0,18-APR-2022,
OPTSTK,APOLLOHOSP,26-May-2022,3900.0,PE,0.0,0.0,0.0,189.85,49.65,0,0.0,0,0,18-APR-2022,
OPTSTK,APOLLOHOSP,26-May-2022,4000.0,PE,38.0,62.0,25.05,59.5,59.5,238,1206.52,15375,13625,18-APR-2022,
OPTSTK,APOLLOHOSP,26-May-2022,4100.0,PE,67.85,70.0,67.85,70.0,92.2,5,26.05,375,250,18-APR-2022,
OPTSTK,APOLLOHOSP,26-May-2022,4200.0,PE,110.0,110.0,110.0,110.0,120.6,2,10.77,3000,250,18-APR-2022,
OPTSTK,APOLLOHOSP,26-May-2022,4300.0,PE,0.0,0.0,0.0,100.0,154.75,0,0.0,250,0,18-APR-2022,
OPTSTK,APOLLOHOSP,26-May-2022,4400.0,PE,170.0,170.0,170.0,170.0,194.65,1,5.71,625,125,18-APR-2022,
OPTSTK,APOLLOHOSP,26-May-2022,4500.0,PE,154.9,225.0,154.9,220.0,220.0,18,106.0,4000,1250,18-APR-2022,
OPTSTK,APOLLOHOSP,26-May-2022,4600.0,PE,250.0,250.0,218.65,250.0,250.0,4,24.21,875,375,18-APR-2022,
OPTSTK,APOLLOHOSP,26-May-2022,4700.0,PE,0.0,0.0,0.0,583.95,348.7,0,0.0,0,0,18-APR-2022,
OPTSTK,APOLLOHOSP,26-May-2022,4800.0,PE,0.0,0.0,0.0,649.15,411.05,0,0.0,0,0,18-APR-2022,
OPTSTK,APOLLOHOSP,26-May-2022,4900.0,PE,0.0,0.0,0.0,717.45,478.4,0,0.0,0,0,18-APR-2022,
OPTSTK,APOLLOHOSP,26-May-2022,5000.0,PE,0.0,0.0,0.0,788.6,550.35,0,0.0,0,0,18-APR-2022,
OPTSTK,APOLLOHOSP,26-May-2022,5100.0,PE,0.0,0.0,0.0,862.65,626.75,0,0.0,0,0,18-APR-2022,
OPTSTK,APOLLOHOSP,26-May-2022,5200.0,PE,0.0,0.0,0.0,939.05,706.45,0,0.0,0,0,18-APR-2022,
OPTSTK,APOLLOHOSP,26-May-2022,5300.0,PE,0.0,0.0,0.0,1017.7,789.6,0,0.0,0,0,18-APR-2022,
OPTSTK,APOLLOHOSP,26-May-2022,5400.0,PE,0.0,0.0,0.0,1098.3,875.6,0,0.0,0,0,18-APR-2022,
OPTSTK,APOLLOHOSP,26-May-2022,5500.0,PE,0.0,0.0,0.0,1181.0,964.05,0,0.0,0,0,18-APR-2022,
OPTSTK,APOLLOHOSP,26-May-2022,5600.0,PE,0.0,0.0,0.0,1265.45,1054.55,0,0.0,0,0,18-APR-2022,
OPTSTK,APOLLOHOSP,26-May-2022,5700.0,PE,0.0,0.0,0.0,1351.5,1146.85,0,0.0,0,0,18-APR-2022,
OPTSTK,APOLLOHOSP,26-May-2022,5800.0,PE,0.0,0.0,0.0,1438.95,1240.55,0,0.0,0,0,18-APR-2022,
OPTSTK,APOLLOHOSP,26-May-2022,5900.0,PE,0.0,0.0,0.0,1527.75,1335.45,0,0.0,0,0,18-APR-2022,
OPTSTK,APOLLOHOSP,26-May-2022,6000.0,PE,0.0,0.0,0.0,1617.75,1431.35,0,0.0,0,0,18-APR-2022,
OPTSTK,APOLLOHOSP,26-May-2022,6100.0,PE,0.0,0.0,0.0,1708.8,1528.05,0,0.0,0,0,18-APR-2022,
OPTSTK,APOLLOHOSP,26-May-2022,6200.0,PE,0.0,0.0,0.0,1800.75,1625.35,0,0.0,0,0,18-APR-2022,
OPTSTK,APOLLOHOSP,26-May-2022,6300.0,PE,0.0,0.0,0.0,1893.6,1723.2,0,0.0,0,0,18-APR-2022,
OPTSTK,APOLLOHOSP,26-May-2022,6400.0,PE,0.0,0.0,0.0,1987.15,1821.4,0,0.0,0,0,18-APR-2022,
OPTSTK,APOLLOHOSP,26-May-2022,6500.0,PE,0.0,0.0,0.0,2081.4,1919.95,0,0.0,0,0,18-APR-2022,
OPTSTK,APOLLOHOSP,30-Jun-2022,3200.0,CE,0.0,0.0,0.0,1377.8,1396.3,0,0.0,0,0,18-APR-2022,
OPTSTK,APOLLOHOSP,30-Jun-2022,3300.0,CE,0.0,0.0,0.0,1288.55,1303.55,0,0.0,0,0,18-APR-2022,
OPTSTK,APOLLOHOSP,30-Jun-2022,3400.0,CE,0.0,0.0,0.0,1201.7,1212.75,0,0.0,0,0,18-APR-2022,
OPTSTK,APOLLOHOSP,30-Jun-2022,3500.0,CE,0.0,0.0,0.0,1117.45,1124.25,0,0.0,0,0,18-APR-2022,
OPTSTK,APOLLOHOSP,30-Jun-2022,3600.0,CE,0.0,0.0,0.0,1036.05,1038.45,0,0.0,0,0,18-APR-2022,
OPTSTK,APOLLOHOSP,30-Jun-2022,3700.0,CE,0.0,0.0,0.0,957.8,955.6,0,0.0,0,0,18-APR-2022,
OPTSTK,APOLLOHOSP,30-Jun-2022,3800.0,CE,0.0,0.0,0.0,883.05,876.1,0,0.0,0,0,18-APR-2022,
OPTSTK,APOLLOHOSP,30-Jun-2022,3900.0,CE,0.0,0.0,0.0,811.55,800.15,0,0.0,0,0,18-APR-2022,
OPTSTK,APOLLOHOSP,30-Jun-2022,4000.0,CE,0.0,0.0,0.0,743.75,728.15,0,0.0,0,0,18-APR-2022,
OPTSTK,APOLLOHOSP,30-Jun-2022,4100.0,CE,0.0,0.0,0.0,679.55,659.8,0,0.0,0,0,18-APR-2022,
OPTSTK,APOLLOHOSP,30-Jun-2022,4200.0,CE,0.0,0.0,0.0,619.3,595.85,0,0.0,0,0,18-APR-2022,
OPTSTK,APOLLOHOSP,30-Jun-2022,4300.0,CE,0.0,0.0,0.0,562.9,536.15,0,0.0,0,0,18-APR-2022,
OPTSTK,APOLLOHOSP,30-Jun-2022,4400.0,CE,0.0,0.0,0.0,510.3,480.65,0,0.0,0,0,18-APR-2022,
OPTSTK,APOLLOHOSP,30-Jun-2022,4500.0,CE,0.0,0.0,0.0,461.35,429.35,0,0.0,0,0,18-APR-2022,
OPTSTK,APOLLOHOSP,30-Jun-2022,4600.0,CE,0.0,0.0,0.0,416.1,382.2,0,0.0,0,0,18-APR-2022,
OPTSTK,APOLLOHOSP,30-Jun-2022,4700.0,CE,454.1,454.1,454.1,454.1,339.05,1,6.44,125,125,18-APR-2022,
OPTSTK,APOLLOHOSP,30-Jun-2022,4800.0,CE,0.0,0.0,0.0,336.05,299.8,0,0.0,0,0,18-APR-2022,
OPTSTK,APOLLOHOSP,30-Jun-2022,4900.0,CE,0.0,0.0,0.0,300.95,264.25,0,0.0,0,0,18-APR-2022,
OPTSTK,APOLLOHOSP,30-Jun-2022,5000.0,CE,0.0,0.0,0.0,268.95,232.15,0,0.0,0,0,18-APR-2022,
OPTSTK,APOLLOHOSP,30-Jun-2022,5100.0,CE,0.0,0.0,0.0,239.85,203.35,0,0.0,0,0,18-APR-2022,
OPTSTK,APOLLOHOSP,30-Jun-2022,5200.0,CE,0.0,0.0,0.0,213.65,177.85,0,0.0,0,0,18-APR-2022,
OPTSTK,APOLLOHOSP,30-Jun-2022,5300.0,CE,0.0,0.0,0.0,189.85,155.0,0,0.0,0,0,18-APR-2022,
OPTSTK,APOLLOHOSP,30-Jun-2022,5400.0,CE,0.0,0.0,0.0,168.4,134.75,0,0.0,0,0,18-APR-2022,
OPTSTK,APOLLOHOSP,30-Jun-2022,5500.0,CE,0.0,0.0,0.0,149.15,116.65,0,0.0,0,0,18-APR-2022,
OPTSTK,APOLLOHOSP,30-Jun-2022,5600.0,CE,0.0,0.0,0.0,131.65,100.8,0,0.0,0,0,18-APR-2022,
OPTSTK,APOLLOHOSP,30-Jun-2022,5700.0,CE,0.0,0.0,0.0,116.15,86.95,0,0.0,0,0,18-APR-2022,
OPTSTK,APOLLOHOSP,30-Jun-2022,5800.0,CE,0.0,0.0,0.0,102.3,74.8,0,0.0,0,0,18-APR-2022,
OPTSTK,APOLLOHOSP,30-Jun-2022,5900.0,CE,0.0,0.0,0.0,89.95,64.2,0,0.0,0,0,18-APR-2022,
OPTSTK,APOLLOHOSP,30-Jun-2022,6000.0,CE,0.0,0.0,0.0,79.0,55.0,0,0.0,0,0,18-APR-2022,
OPTSTK,APOLLOHOSP,30-Jun-2022,6100.0,CE,0.0,0.0,0.0,69.3,47.05,0,0.0,0,0,18-APR-2022,
OPTSTK,APOLLOHOSP,30-Jun-2022,6200.0,CE,0.0,0.0,0.0,60.7,40.15,0,0.0,0,0,18-APR-2022,
OPTSTK,APOLLOHOSP,30-Jun-2022,6300.0,CE,0.0,0.0,0.0,53.1,34.2,0,0.0,0,0,18-APR-2022,
OPTSTK,APOLLOHOSP,30-Jun-2022,6400.0,CE,0.0,0.0,0.0,46.4,29.05,0,0.0,0,0,18-APR-2022,
OPTSTK,APOLLOHOSP,30-Jun-2022,6500.0,CE,0.0,0.0,0.0,40.5,24.65,0,0.0,0,0,18-APR-2022,
OPTSTK,APOLLOHOSP,30-Jun-2022,3200.0,PE,0.0,0.0,0.0,28.05,14.7,0,0.0,0,0,18-APR-2022,
OPTSTK,APOLLOHOSP,30-Jun-2022,3300.0,PE,0.0,0.0,0.0,37.75,21.1,0,0.0,0,0,18-APR-2022,
OPTSTK,APOLLOHOSP,30-Jun-2022,3400.0,PE,0.0,0.0,0.0,49.85,29.45,0,0.0,0,0,18-APR-2022,
OPTSTK,APOLLOHOSP,30-Jun-2022,3500.0,PE,0.0,0.0,0.0,64.55,40.1,0,0.0,0,0,18-APR-2022,
OPTSTK,APOLLOHOSP,30-Jun-2022,3600.0,PE,0.0,0.0,0.0,82.1,53.45,0,0.0,0,0,18-APR-2022,
OPTSTK,APOLLOHOSP,30-Jun-2022,3700.0,PE,0.0,0.0,0.0,102.8,69.8,0,0.0,0,0,18-APR-2022,
OPTSTK,APOLLOHOSP,30-Jun-2022,3800.0,PE,0.0,0.0,0.0,126.95,89.45,0,0.0,0,0,18-APR-2022,
OPTSTK,APOLLOHOSP,30-Jun-2022,3900.0,PE,0.0,0.0,0.0,154.45,112.65,0,0.0,0,0,18-APR-2022,
OPTSTK,APOLLOHOSP,30-Jun-2022,4000.0,PE,0.0,0.0,0.0,185.55,139.8,0,0.0,0,0,18-APR-2022,
OPTSTK,APOLLOHOSP,30-Jun-2022,4100.0,PE,0.0,0.0,0.0,220.3,170.6,0,0.0,0,0,18-APR-2022,
OPTSTK,APOLLOHOSP,30-Jun-2022,4200.0,PE,0.0,0.0,0.0,150.0,205.8,0,0.0,500,0,18-APR-2022,
OPTSTK,APOLLOHOSP,30-Jun-2022,4300.0,PE,0.0,0.0,0.0,301.6,245.25,0,0.0,0,0,18-APR-2022,
OPTSTK,APOLLOHOSP,30-Jun-2022,4400.0,PE,0.0,0.0,0.0,347.9,288.9,0,0.0,0,0,18-APR-2022,
OPTSTK,APOLLOHOSP,30-Jun-2022,4500.0,PE,0.0,0.0,0.0,250.0,336.75,0,0.0,125,0,18-APR-2022,
OPTSTK,APOLLOHOSP,30-Jun-2022,4600.0,PE,0.0,0.0,0.0,451.65,388.75,0,0.0,0,0,18-APR-2022,
OPTSTK,APOLLOHOSP,30-Jun-2022,4700.0,PE,0.0,0.0,0.0,508.85,444.8,0,0.0,0,0,18-APR-2022,
OPTSTK,APOLLOHOSP,30-Jun-2022,4800.0,PE,0.0,0.0,0.0,569.5,504.65,0,0.0,0,0,18-APR-2022,
OPTSTK,APOLLOHOSP,30-Jun-2022,4900.0,PE,0.0,0.0,0.0,633.35,568.25,0,0.0,0,0,18-APR-2022,
OPTSTK,APOLLOHOSP,30-Jun-2022,5000.0,PE,0.0,0.0,0.0,700.3,635.35,0,0.0,0,0,18-APR-2022,
OPTSTK,APOLLOHOSP,30-Jun-2022,5100.0,PE,0.0,0.0,0.0,770.1,705.7,0,0.0,0,0,18-APR-2022,
OPTSTK,APOLLOHOSP,30-Jun-2022,5200.0,PE,0.0,0.0,0.0,842.85,779.35,0,0.0,0,0,18-APR-2022,
OPTSTK,APOLLOHOSP,30-Jun-2022,5300.0,PE,0.0,0.0,0.0,918.0,855.65,0,0.0,0,0,18-APR-2022,
OPTSTK,APOLLOHOSP,30-Jun-2022,5400.0,PE,0.0,0.0,0.0,995.55,934.55,0,0.0,0,0,18-APR-2022,
OPTSTK,APOLLOHOSP,30-Jun-2022,5500.0,PE,0.0,0.0,0.0,1075.2,1015.6,0,0.0,0,0,18-APR-2022,
OPTSTK,APOLLOHOSP,30-Jun-2022,5600.0,PE,0.0,0.0,0.0,1156.65,1098.9,0,0.0,0,0,18-APR-2022,
OPTSTK,APOLLOHOSP,30-Jun-2022,5700.0,PE,0.0,0.0,0.0,1240.1,1184.2,0,0.0,0,0,18-APR-2022,
OPTSTK,APOLLOHOSP,30-Jun-2022,5800.0,PE,0.0,0.0,0.0,1325.2,1271.2,0,0.0,0,0,18-APR-2022,
OPTSTK,APOLLOHOSP,30-Jun-2022,5900.0,PE,0.0,0.0,0.0,1411.85,1359.8,0,0.0,0,0,18-APR-2022,
OPTSTK,APOLLOHOSP,30-Jun-2022,6000.0,PE,0.0,0.0,0.0,1499.8,1449.75,0,0.0,0,0,18-APR-2022,
OPTSTK,APOLLOHOSP,30-Jun-2022,6100.0,PE,0.0,0.0,0.0,1589.05,1540.9,0,0.0,0,0,18-APR-2022,
OPTSTK,APOLLOHOSP,30-Jun-2022,6200.0,PE,0.0,0.0,0.0,1679.4,1633.15,0,0.0,0,0,18-APR-2022,
OPTSTK,APOLLOHOSP,30-Jun-2022,6300.0,PE,0.0,0.0,0.0,1770.75,1726.35,0,0.0,0,0,18-APR-2022,
OPTSTK,APOLLOHOSP,30-Jun-2022,6400.0,PE,0.0,0.0,0.0,1863.0,1820.4,0,0.0,0,0,18-APR-2022,
OPTSTK,APOLLOHOSP,30-Jun-2022,6500.0,PE,0.0,0.0,0.0,1956.05,1915.15,0,0.0,0,0,18-APR-2022,
OPTSTK,APOLLOTYRE,28-Apr-2022,127.5,CE,0.0,0.0,0.0,87.05,62.75,0,0.0,0,0,18-APR-2022,
OPTSTK,APOLLOTYRE,28-Apr-2022,130.0,CE,0.0,0.0,0.0,84.6,60.25,0,0.0,0,0,18-APR-2022,
OPTSTK,APOLLOTYRE,28-Apr-2022,132.5,CE,0.0,0.0,0.0,82.2,57.75,0,0.0,0,0,18-APR-2022,
OPTSTK,APOLLOTYRE,28-Apr-2022,135.0,CE,0.0,0.0,0.0,79.8,55.25,0,0.0,0,0,18-APR-2022,
OPTSTK,APOLLOTYRE,28-Apr-2022,137.5,CE,0.0,0.0,0.0,77.4,52.75,0,0.0,0,0,18-APR-2022,
OPTSTK,APOLLOTYRE,28-Apr-2022,140.0,CE,0.0,0.0,0.0,75.0,50.3,0,0.0,0,0,18-APR-2022,
OPTSTK,APOLLOTYRE,28-Apr-2022,142.5,CE,0.0,0.0,0.0,72.65,47.8,0,0.0,0,0,18-APR-2022,
OPTSTK,APOLLOTYRE,28-Apr-2022,145.0,CE,0.0,0.0,0.0,70.3,45.3,0,0.0,0,0,18-APR-2022,
OPTSTK,APOLLOTYRE,28-Apr-2022,147.5,CE,0.0,0.0,0.0,68.0,42.8,0,0.0,0,0,18-APR-2022,
OPTSTK,APOLLOTYRE,28-Apr-2022,150.0,CE,0.0,0.0,0.0,65.7,40.3,0,0.0,0,0,18-APR-2022,
OPTSTK,APOLLOTYRE,28-Apr-2022,152.5,CE,0.0,0.0,0.0,63.4,37.8,0,0.0,0,0,18-APR-2022,
OPTSTK,APOLLOTYRE,28-Apr-2022,155.0,CE,0.0,0.0,0.0,61.15,35.3,0,0.0,0,0,18-APR-2022,
OPTSTK,APOLLOTYRE,28-Apr-2022,157.5,CE,0.0,0.0,0.0,58.95,32.85,0,0.0,0,0,18-APR-2022,
OPTSTK,APOLLOTYRE,28-Apr-2022,160.0,CE,0.0,0.0,0.0,32.0,30.35,0,0.0,2500,0,18-APR-2022,
OPTSTK,APOLLOTYRE,28-Apr-2022,162.5,CE,0.0,0.0,0.0,54.6,27.9,0,0.0,0,0,18-APR-2022,
OPTSTK,APOLLOTYRE,28-Apr-2022,165.0,CE,0.0,0.0,0.0,52.5,25.5,0,0.0,0,0,18-APR-2022,
OPTSTK,APOLLOTYRE,28-Apr-2022,167.5,CE,0.0,0.0,0.0,50.4,23.1,0,0.0,0,0,18-APR-2022,
OPTSTK,APOLLOTYRE,28-Apr-2022,170.0,CE,0.0,0.0,0.0,48.35,20.75,0,0.0,0,0,18-APR-2022,
OPTSTK,APOLLOTYRE,28-Apr-2022,172.5,CE,0.0,0.0,0.0,46.35,18.5,0,0.0,0,0,18-APR-2022,
OPTSTK,APOLLOTYRE,28-Apr-2022,175.0,CE,0.0,0.0,0.0,44.4,16.3,0,0.0,0,0,18-APR-2022,
OPTSTK,APOLLOTYRE,28-Apr-2022,177.5,CE,0.0,0.0,0.0,42.5,14.25,0,0.0,0,0,18-APR-2022,
OPTSTK,APOLLOTYRE,28-Apr-2022,180.0,CE,16.25,16.25,16.25,16.25,12.3,1,4.9,42500,0,18-APR-2022,
OPTSTK,APOLLOTYRE,28-Apr-2022,182.5,CE,0.0,0.0,0.0,38.8,10.5,0,0.0,0,0,18-APR-2022,
OPTSTK,APOLLOTYRE,28-Apr-2022,185.0,CE,10.4,10.4,8.15,9.5,9.5,31,150.34,182500,45000,18-APR-2022,
OPTSTK,APOLLOTYRE,28-Apr-2022,187.5,CE,7.1,7.75,7.1,7.7,7.35,32,155.89,72500,55000,18-APR-2022,
OPTSTK,APOLLOTYRE,28-Apr-2022,190.0,CE,6.6,7.85,5.3,5.9,5.9,340,1666.09,492500,222500,18-APR-2022,
OPTSTK,APOLLOTYRE,28-Apr-2022,192.5,CE,5.3,5.3,4.2,4.65,4.65,77,379.53,107500,40000,18-APR-2022,
OPTSTK,APOLLOTYRE,28-Apr-2022,195.0,CE,4.1,5.1,3.1,3.55,3.55,298,1480.48,435000,142500,18-APR-2022,
OPTSTK,APOLLOTYRE,28-Apr-2022,197.5,CE,4.0,4.0,2.35,2.75,2.75,87,435.74,205000,65000,18-APR-2022,
OPTSTK,APOLLOTYRE,28-Apr-2022,200.0,CE,2.6,3.3,1.8,2.15,2.15,785,3971.04,1915000,197500,18-APR-2022,
OPTSTK,APOLLOTYRE,28-Apr-2022,202.5,CE,1.95,2.4,1.45,1.7,1.7,67,342.14,172500,17500,18-APR-2022,
OPTSTK,APOLLOTYRE,28-Apr-2022,205.0,CE,1.25,1.95,1.15,1.35,1.35,312,1609.98,762500,2500,18-APR-2022,
OPTSTK,APOLLOTYRE,28-Apr-2022,207.5,CE,1.25,1.4,0.9,1.05,1.05,65,338.88,135000,62500,18-APR-2022,
OPTSTK,APOLLOTYRE,28-Apr-2022,210.0,CE,1.0,1.15,0.75,0.9,0.9,349,1840.25,1272500,-37500,18-APR-2022,
OPTSTK,APOLLOTYRE,28-Apr-2022,212.5,CE,0.75,0.75,0.65,0.7,0.55,24,127.92,60000,60000,18-APR-2022,
OPTSTK,APOLLOTYRE,28-Apr-2022,215.0,CE,0.85,0.85,0.6,0.65,0.65,147,792.5,412500,45000,18-APR-2022,
OPTSTK,APOLLOTYRE,28-Apr-2022,217.5,CE,0.0,0.0,0.0,18.7,0.3,0,0.0,0,0,18-APR-2022,
OPTSTK,APOLLOTYRE,28-Apr-2022,220.0,CE,0.4,0.55,0.4,0.5,0.5,342,1885.22,875000,-55000,18-APR-2022,
OPTSTK,APOLLOTYRE,28-Apr-2022,222.5,CE,0.0,0.0,0.0,16.65,0.15,0,0.0,0,0,18-APR-2022,
OPTSTK,APOLLOTYRE,28-Apr-2022,225.0,CE,0.4,0.45,0.3,0.35,0.35,39,219.75,162500,-2500,18-APR-2022,
OPTSTK,APOLLOTYRE,28-Apr-2022,227.5,CE,0.0,0.0,0.0,1.3,0.1,0,0.0,2500,0,18-APR-2022,
OPTSTK,APOLLOTYRE,28-Apr-2022,230.0,CE,0.25,0.35,0.2,0.3,0.3,99,570.0,380000,-85000,18-APR-2022,
OPTSTK,APOLLOTYRE,28-Apr-2022,232.5,CE,0.0,0.0,0.0,13.05,0.05,0,0.0,0,0,18-APR-2022,
OPTSTK,APOLLOTYRE,28-Apr-2022,235.0,CE,0.0,0.0,0.0,12.25,0.05,0,0.0,0,0,18-APR-2022,
OPTSTK,APOLLOTYRE,28-Apr-2022,237.5,CE,0.0,0.0,0.0,11.5,0.05,0,0.0,0,0,18-APR-2022,
OPTSTK,APOLLOTYRE,28-Apr-2022,240.0,CE,0.1,0.2,0.1,0.2,0.05,33,198.13,332500,5000,18-APR-2022,
OPTSTK,APOLLOTYRE,28-Apr-2022,242.5,CE,0.0,0.0,0.0,10.1,0.0,0,0.0,0,0,18-APR-2022,
OPTSTK,APOLLOTYRE,28-Apr-2022,245.0,CE,0.2,0.25,0.2,0.2,0.0,22,134.86,77500,-35000,18-APR-2022,
OPTSTK,APOLLOTYRE,28-Apr-2022,247.5,CE,0.0,0.0,0.0,8.9,0.0,0,0.0,0,0,18-APR-2022,
OPTSTK,APOLLOTYRE,28-Apr-2022,250.0,CE,0.1,0.2,0.1,0.2,0.0,20,125.06,215000,-50000,18-APR-2022,
OPTSTK,APOLLOTYRE,28-Apr-2022,252.5,CE,0.0,0.0,0.0,7.8,0.0,0,0.0,0,0,18-APR-2022,
OPTSTK,APOLLOTYRE,28-Apr-2022,255.0,CE,0.0,0.0,0.0,7.3,0.0,0,0.0,0,0,18-APR-2022,
OPTSTK,APOLLOTYRE,28-Apr-2022,257.5,CE,0.0,0.0,0.0,6.8,0.0,0,0.0,0,0,18-APR-2022,
OPTSTK,APOLLOTYRE,28-Apr-2022,260.0,CE,0.0,0.0,0.0,6.35,0.0,0,0.0,0,0,18-APR-2022,
OPTSTK,APOLLOTYRE,28-Apr-2022,262.5,CE,0.0,0.0,0.0,5.95,0.0,0,0.0,0,0,18-APR-2022,
OPTSTK,APOLLOTYRE,28-Apr-2022,265.0,CE,0.0,0.0,0.0,5.55,0.0,0,0.0,0,0,18-APR-2022,
OPTSTK,APOLLOTYRE,28-Apr-2022,267.5,CE,0.0,0.0,0.0,5.15,0.0,0,0.0,0,0,18-APR-2022,
OPTSTK,APOLLOTYRE,28-Apr-2022,270.0,CE,0.0,0.0,0.0,4.8,0.0,0,0.0,0,0,18-APR-2022,
OPTSTK,APOLLOTYRE,28-Apr-2022,272.5,CE,0.0,0.0,0.0,4.5,0.0,0,0.0,0,0,18-APR-2022,
OPTSTK,APOLLOTYRE,28-Apr-2022,275.0,CE,0.0,0.0,0.0,4.2,0.0,0,0.0,0,0,18-APR-2022,
OPTSTK,APOLLOTYRE,28-Apr-2022,277.5,CE,0.0,0.0,0.0,3.9,0.0,0,0.0,0,0,18-APR-2022,
OPTSTK,APOLLOTYRE,28-Apr-2022,280.0,CE,0.0,0.0,0.0,3.6,0.0,0,0.0,0,0,18-APR-2022,
OPTSTK,APOLLOTYRE,28-Apr-2022,282.5,CE,0.0,0.0,0.0,3.35,0.0,0,0.0,0,0,18-APR-2022,
OPTSTK,APOLLOTYRE,28-Apr-2022,285.0,CE,0.0,0.0,0.0,3.15,0.0,0,0.0,0,0,18-APR-2022,
OPTSTK,APOLLOTYRE,28-Apr-2022,287.5,CE,0.0,0.0,0.0,2.9,0.0,0,0.0,0,0,18-APR-2022,
OPTSTK,APOLLOTYRE,28-Apr-2022,290.0,CE,0.0,0.0,0.0,2.7,0.0,0,0.0,0,0,18-APR-2022,
OPTSTK,APOLLOTYRE,28-Apr-2022,292.5,CE,0.0,0.0,0.0,2.5,0.0,0,0.0,0,0,18-APR-2022,
OPTSTK,APOLLOTYRE,28-Apr-2022,295.0,CE,0.0,0.0,0.0,2.35,0.0,0,0.0,0,0,18-APR-2022,
OPTSTK,APOLLOTYRE,28-Apr-2022,297.5,CE,0.0,0.0,0.0,2.15,0.0,0,0.0,0,0,18-APR-2022,
OPTSTK,APOLLOTYRE,28-Apr-2022,300.0,CE,0.0,0.0,0.0,0.15,0.0,0,0.0,5000,0,18-APR-2022,
OPTSTK,APOLLOTYRE,28-Apr-2022,127.5,PE,0.0,0.0,0.0,0.1,0.0,0,0.0,2500,0,18-APR-2022,
OPTSTK,APOLLOTYRE,28-Apr-2022,130.0,PE,0.0,0.0,0.0,0.2,0.0,0,0.0,0,0,18-APR-2022,
OPTSTK,APOLLOTYRE,28-Apr-2022,132.5,PE,0.05,0.05,0.05,0.05,0.0,4,13.25,0,-10000,18-APR-2022,
OPTSTK,APOLLOTYRE,28-Apr-2022,135.0,PE,0.0,0.0,0.0,0.35,0.0,0,0.0,0,0,18-APR-2022,
OPTSTK,APOLLOTYRE,28-Apr-2022,137.5,PE,0.0,0.0,0.0,0.4,0.0,0,0.0,0,0,18-APR-2022,
OPTSTK,APOLLOTYRE,28-Apr-2022,140.0,PE,0.0,0.0,0.0,0.5,0.0,0,0.0,2500,0,18-APR-2022,
OPTSTK,APOLLOTYRE,28-Apr-2022,142.5,PE,0.0,0.0,0.0,0.6,0.0,0,0.0,0,0,18-APR-2022,
OPTSTK,APOLLOTYRE,28-Apr-2022,145.0,PE,0.0,0.0,0.0,0.75,0.0,0,0.0,0,0,18-APR-2022,
OPTSTK,APOLLOTYRE,28-Apr-2022,147.5,PE,0.0,0.0,0.0,0.9,0.0,0,0.0,0,0,18-APR-2022,
OPTSTK,APOLLOTYRE,28-Apr-2022,150.0,PE,0.3,0.45,0.3,0.3,0.3,15,56.37,52500,12500,18-APR-2022,
OPTSTK,APOLLOTYRE,28-Apr-2022,152.5,PE,0.0,0.0,0.0,0.95,0.05,0,0.0,0,0,18-APR-2022,
OPTSTK,APOLLOTYRE,28-Apr-2022,155.0,PE,0.05,0.65,0.05,0.5,0.05,40,155.52,82500,70000,18-APR-2022,
OPTSTK,APOLLOTYRE,28-Apr-2022,157.5,PE,0.0,0.0,0.0,1.75,0.05,0,0.0,0,0,18-APR-2022,
OPTSTK,APOLLOTYRE,28-Apr-2022,160.0,PE,0.15,0.95,0.15,0.7,0.1,163,654.7,255000,42500,18-APR-2022,
OPTSTK,APOLLOTYRE,28-Apr-2022,162.5,PE,0.0,0.0,0.0,2.35,0.1,0,0.0,0,0,18-APR-2022,
OPTSTK,APOLLOTYRE,28-Apr-2022,165.0,PE,0.35,1.45,0.35,1.0,1.0,121,502.23,132500,75000,18-APR-2022,
OPTSTK,APOLLOTYRE,28-Apr-2022,167.5,PE,0.0,0.0,0.0,3.1,0.3,0,0.0,0,0,18-APR-2022,
OPTSTK,APOLLOTYRE,28-Apr-2022,170.0,PE,0.6,2.1,0.55,1.45,1.45,336,1440.59,580000,107500,18-APR-2022,
OPTSTK,APOLLOTYRE,28-Apr-2022,172.5,PE,0.7,1.7,0.7,1.25,1.25,9,39.07,55000,-7500,18-APR-2022,
OPTSTK,APOLLOTYRE,28-Apr-2022,175.0,PE,0.8,2.95,0.8,2.1,2.1,905,4015.54,1282500,1132500,18-APR-2022,
OPTSTK,APOLLOTYRE,28-Apr-2022,177.5,PE,0.0,0.0,0.0,5.1,1.45,0,0.0,0,0,18-APR-2022,
OPTSTK,APOLLOTYRE,28-Apr-2022,180.0,PE,1.75,3.75,1.4,2.75,2.75,1315,6014.63,1082500,565000,18-APR-2022,
OPTSTK,APOLLOTYRE,28-Apr-2022,182.5,PE,0.0,0.0,0.0,6.35,2.7,0,0.0,0,0,18-APR-2022,
OPTSTK,APOLLOTYRE,28-Apr-2022,185.0,PE,2.65,4.85,2.35,3.7,3.7,288,1360.69,480000,92500,18-APR-2022,
OPTSTK,APOLLOTYRE,28-Apr-2022,187.5,PE,5.05,5.25,4.15,4.45,4.45,26,125.04,42500,-27500,18-APR-2022,
OPTSTK,APOLLOTYRE,28-Apr-2022,190.0,PE,3.6,6.75,3.5,5.3,5.3,348,1699.19,615000,-2500,18-APR-2022,
OPTSTK,APOLLOTYRE,28-Apr-2022,192.5,PE,5.2,8.0,4.7,6.35,6.35,69,343.04,105000,25000,18-APR-2022,
OPTSTK,APOLLOTYRE,28-Apr-2022,195.0,PE,7.9,9.5,5.65,8.1,8.1,92,466.43,322500,-62500,18-APR-2022,
OPTSTK,APOLLOTYRE,28-Apr-2022,197.5,PE,8.0,10.4,8.0,9.55,9.55,11,56.82,65000,2500,18-APR-2022,
OPTSTK,APOLLOTYRE,28-Apr-2022,200.0,PE,9.55,12.9,8.5,11.5,11.5,55,289.81,540000,-55000,18-APR-2022,
OPTSTK,APOLLOTYRE,28-Apr-2022,202.5,PE,0.0,0.0,0.0,9.6,14.0,0,0.0,75000,0,18-APR-2022,
OPTSTK,APOLLOTYRE,28-Apr-2022,205.0,PE,13.7,16.05,13.7,16.05,16.05,2,10.99,110000,-2500,18-APR-2022,
OPTSTK,APOLLOTYRE,28-Apr-2022,207.5,PE,0.0,0.0,0.0,12.55,18.2,0,0.0,5000,0,18-APR-2022,
OPTSTK,APOLLOTYRE,28-Apr-2022,210.0,PE,17.0,18.75,17.0,18.75,20.45,3,17.06,162500,0,18-APR-2022,
OPTSTK,APOLLOTYRE,28-Apr-2022,212.5,PE,0.0,0.0,0.0,18.2,22.7,0,0.0,0,0,18-APR-2022,
OPTSTK,APOLLOTYRE,28-Apr-2022,215.0,PE,0.0,0.0,0.0,25.0,25.05,0,0.0,2500,0,18-APR-2022,
OPTSTK,APOLLOTYRE,28-Apr-2022,217.5,PE,0.0,0.0,0.0,20.9,27.45,0,0.0,0,0,18-APR-2022,
OPTSTK,APOLLOTYRE,28-Apr-2022,220.0,PE,28.6,28.6,28.6,28.6,29.85,1,6.21,35000,0,18-APR-2022,
OPTSTK,APOLLOTYRE,28-Apr-2022,222.5,PE,0.0,0.0,0.0,23.75,32.3,0,0.0,0,0,18-APR-2022,
OPTSTK,APOLLOTYRE,28-Apr-2022,225.0,PE,0.0,0.0,0.0,32.55,34.75,0,0.0,15000,0,18-APR-2022,
OPTSTK,APOLLOTYRE,28-Apr-2022,227.5,PE,0.0,0.0,0.0,26.85,37.2,0,0.0,0,0,18-APR-2022,
OPTSTK,APOLLOTYRE,28-Apr-2022,230.0,PE,0.0,0.0,0.0,35.0,39.7,0,0.0,27500,0,18-APR-2022,
OPTSTK,APOLLOTYRE,28-Apr-2022,232.5,PE,0.0,0.0,0.0,30.05,42.2,0,0.0,0,0,18-APR-2022,
OPTSTK,APOLLOTYRE,28-Apr-2022,235.0,PE,0.0,0.0,0.0,31.75,44.65,0,0.0,0,0,18-APR-2022,
OPTSTK,APOLLOTYRE,28-Apr-2022,237.5,PE,0.0,0.0,0.0,33.5,47.15,0,0.0,0,0,18-APR-2022,
OPTSTK,APOLLOTYRE,28-Apr-2022,240.0,PE,0.0,0.0,0.0,46.5,49.65,0,0.0,5000,0,18-APR-2022,
OPTSTK,APOLLOTYRE,28-Apr-2022,242.5,PE,0.0,0.0,0.0,37.05,52.15,0,0.0,0,0,18-APR-2022,
OPTSTK,APOLLOTYRE,28-Apr-2022,245.0,PE,0.0,0.0,0.0,38.9,54.65,0,0.0,0,0,18-APR-2022,
OPTSTK,APOLLOTYRE,28-Apr-2022,247.5,PE,0.0,0.0,0.0,40.75,57.15,0,0.0,0,0,18-APR-2022,
OPTSTK,APOLLOTYRE,28-Apr-2022,250.0,PE,0.0,0.0,0.0,42.7,59.65,0,0.0,0,0,18-APR-2022,
OPTSTK,APOLLOTYRE,28-Apr-2022,252.5,PE,0.0,0.0,0.0,44.6,62.15,0,0.0,0,0,18-APR-2022,
OPTSTK,APOLLOTYRE,28-Apr-2022,255.0,PE,0.0,0.0,0.0,46.6,64.65,0,0.0,0,0,18-APR-2022,
OPTSTK,APOLLOTYRE,28-Apr-2022,257.5,PE,0.0,0.0,0.0,48.6,67.15,0,0.0,0,0,18-APR-2022,
OPTSTK,APOLLOTYRE,28-Apr-2022,260.0,PE,0.0,0.0,0.0,50.6,69.65,0,0.0,0,0,18-APR-2022,
OPTSTK,APOLLOTYRE,28-Apr-2022,262.5,PE,0.0,0.0,0.0,52.65,72.1,0,0.0,0,0,18-APR-2022,
OPTSTK,APOLLOTYRE,28-Apr-2022,265.0,PE,0.0,0.0,0.0,54.75,74.6,0,0.0,0,0,18-APR-2022,
OPTSTK,APOLLOTYRE,28-Apr-2022,267.5,PE,0.0,0.0,0.0,56.85,77.1,0,0.0,0,0,18-APR-2022,
OPTSTK,APOLLOTYRE,28-Apr-2022,270.0,PE,0.0,0.0,0.0,58.95,79.6,0,0.0,0,0,18-APR-2022,
OPTSTK,APOLLOTYRE,28-Apr-2022,272.5,PE,0.0,0.0,0.0,61.1,82.1,0,0.0,0,0,18-APR-2022,
OPTSTK,APOLLOTYRE,28-Apr-2022,275.0,PE,0.0,0.0,0.0,63.25,84.6,0,0.0,0,0,18-APR-2022,
OPTSTK,APOLLOTYRE,28-Apr-2022,277.5,PE,0.0,0.0,0.0,65.45,87.1,0,0.0,0,0,18-APR-2022,
OPTSTK,APOLLOTYRE,28-Apr-2022,280.0,PE,0.0,0.0,0.0,67.65,89.6,0,0.0,0,0,18-APR-2022,
OPTSTK,APOLLOTYRE,28-Apr-2022,282.5,PE,0.0,0.0,0.0,69.85,92.1,0,0.0,0,0,18-APR-2022,
OPTSTK,APOLLOTYRE,28-Apr-2022,285.0,PE,0.0,0.0,0.0,72.1,94.6,0,0.0,0,0,18-APR-2022,
OPTSTK,APOLLOTYRE,28-Apr-2022,287.5,PE,0.0,0.0,0.0,74.35,97.1,0,0.0,0,0,18-APR-2022,
OPTSTK,APOLLOTYRE,28-Apr-2022,290.0,PE,0.0,0.0,0.0,76.65,99.6,0,0.0,0,0,18-APR-2022,
OPTSTK,APOLLOTYRE,28-Apr-2022,292.5,PE,0.0,0.0,0.0,78.9,102.1,0,0.0,0,0,18-APR-2022,
OPTSTK,APOLLOTYRE,28-Apr-2022,295.0,PE,0.0,0.0,0.0,81.2,104.6,0,0.0,0,0,18-APR-2022,
OPTSTK,APOLLOTYRE,28-Apr-2022,297.5,PE,0.0,0.0,0.0,83.5,107.1,0,0.0,0,0,18-APR-2022,
OPTSTK,APOLLOTYRE,28-Apr-2022,300.0,PE,0.0,0.0,0.0,85.85,109.6,0,0.0,0,0,18-APR-2022,
OPTSTK,APOLLOTYRE,26-May-2022,127.5,CE,0.0,0.0,0.0,53.35,63.2,0,0.0,0,0,18-APR-2022,
OPTSTK,APOLLOTYRE,26-May-2022,130.0,CE,0.0,0.0,0.0,51.05,60.75,0,0.0,0,0,18-APR-2022,
OPTSTK,APOLLOTYRE,26-May-2022,132.5,CE,0.0,0.0,0.0,48.85,58.25,0,0.0,0,0,18-APR-2022,
OPTSTK,APOLLOTYRE,26-May-2022,135.0,CE,0.0,0.0,0.0,46.65,55.8,0,0.0,0,0,18-APR-2022,
OPTSTK,APOLLOTYRE,26-May-2022,137.5,CE,0.0,0.0,0.0,44.5,53.35,0,0.0,0,0,18-APR-2022,
OPTSTK,APOLLOTYRE,26-May-2022,140.0,CE,0.0,0.0,0.0,42.4,50.9,0,0.0,0,0,18-APR-2022,
OPTSTK,APOLLOTYRE,26-May-2022,142.5,CE,0.0,0.0,0.0,40.35,48.5,0,0.0,0,0,18-APR-2022,
OPTSTK,APOLLOTYRE,26-May-2022,145.0,CE,0.0,0.0,0.0,38.35,46.1,0,0.0,0,0,18-APR-2022,
OPTSTK,APOLLOTYRE,26-May-2022,147.5,CE,0.0,0.0,0.0,36.4,43.7,0,0.0,0,0,18-APR-2022,
OPTSTK,APOLLOTYRE,26-May-2022,150.0,CE,0.0,0.0,0.0,34.5,41.4,0,0.0,0,0,18-APR-2022,
OPTSTK,APOLLOTYRE,26-May-2022,152.5,CE,0.0,0.0,0.0,32.7,39.05,0,0.0,0,0,18-APR-2022,
OPTSTK,APOLLOTYRE,26-May-2022,155.0,CE,0.0,0.0,0.0,30.9,36.8,0,0.0,0,0,18-APR-2022,
OPTSTK,APOLLOTYRE,26-May-2022,157.5,CE,0.0,0.0,0.0,29.2,34.55,0,0.0,0,0,18-APR-2022,
OPTSTK,APOLLOTYRE,26-May-2022,160.0,CE,0.0,0.0,0.0,27.5,32.4,0,0.0,0,0,18-APR-2022,
OPTSTK,APOLLOTYRE,26-May-2022,162.5,CE,0.0,0.0,0.0,25.9,30.25,0,0.0,0,0,18-APR-2022,
OPTSTK,APOLLOTYRE,26-May-2022,165.0,CE,0.0,0.0,0.0,24.4,28.2,0,0.0,0,0,18-APR-2022,
OPTSTK,APOLLOTYRE,26-May-2022,167.5,CE,0.0,0.0,0.0,22.9,26.25,0,0.0,0,0,18-APR-2022,
OPTSTK,APOLLOTYRE,26-May-2022,170.0,CE,0.0,0.0,0.0,21.5,24.3,0,0.0,0,0,18-APR-2022,
OPTSTK,APOLLOTYRE,26-May-2022,172.5,CE,0.0,0.0,0.0,20.15,22.45,0,0.0,0,0,18-APR-2022,
OPTSTK,APOLLOTYRE,26-May-2022,175.0,CE,0.0,0.0,0.0,18.85,20.7,0,0.0,0,0,18-APR-2022,
OPTSTK,APOLLOTYRE,26-May-2022,177.5,CE,0.0,0.0,0.0,17.65,19.0,0,0.0,0,0,18-APR-2022,
OPTSTK,APOLLOTYRE,26-May-2022,180.0,CE,0.0,0.0,0.0,16.45,17.4,0,0.0,0,0,18-APR-2022,
OPTSTK,APOLLOTYRE,26-May-2022,182.5,CE,0.0,0.0,0.0,15.35,15.9,0,0.0,0,0,18-APR-2022,
OPTSTK,APOLLOTYRE,26-May-2022,185.0,CE,0.0,0.0,0.0,14.3,14.5,0,0.0,0,0,18-APR-2022,
OPTSTK,APOLLOTYRE,26-May-2022,187.5,CE,0.0,0.0,0.0,13.35,13.15,0,0.0,0,0,18-APR-2022,
OPTSTK,APOLLOTYRE,26-May-2022,190.0,CE,0.0,0.0,0.0,12.4,11.9,0,0.0,0,0,18-APR-2022,
OPTSTK,APOLLOTYRE,26-May-2022,192.5,CE,0.0,0.0,0.0,11.5,10.75,0,0.0,0,0,18-APR-2022,
OPTSTK,APOLLOTYRE,26-May-2022,195.0,CE,0.0,0.0,0.0,10.7,9.65,0,0.0,0,0,18-APR-2022,
OPTSTK,APOLLOTYRE,26-May-2022,197.5,CE,0.0,0.0,0.0,9.9,8.7,0,0.0,0,0,18-APR-2022,
OPTSTK,APOLLOTYRE,26-May-2022,200.0,CE,7.3,7.45,6.3,7.4,7.75,31,160.48,152500,42500,18-APR-2022,
OPTSTK,APOLLOTYRE,26-May-2022,202.5,CE,0.0,0.0,0.0,8.5,6.95,0,0.0,0,0,18-APR-2022,
OPTSTK,APOLLOTYRE,26-May-2022,205.0,CE,0.0,0.0,0.0,7.85,6.15,0,0.0,0,0,18-APR-2022,
OPTSTK,APOLLOTYRE,26-May-2022,207.5,CE,0.0,0.0,0.0,7.25,5.5,0,0.0,0,0,18-APR-2022,
OPTSTK,APOLLOTYRE,26-May-2022,210.0,CE,4.2,4.2,3.85,3.9,4.85,6,32.1,25000,10000,18-APR-2022,
OPTSTK,APOLLOTYRE,26-May-2022,212.5,CE,0.0,0.0,0.0,6.2,4.3,0,0.0,0,0,18-APR-2022,
OPTSTK,APOLLOTYRE,26-May-2022,215.0,CE,0.0,0.0,0.0,7.0,3.75,0,0.0,2500,0,18-APR-2022,
OPTSTK,APOLLOTYRE,26-May-2022,217.5,CE,0.0,0.0,0.0,5.25,3.3,0,0.0,0,0,18-APR-2022,
OPTSTK,APOLLOTYRE,26-May-2022,220.0,CE,4.45,4.45,2.35,2.55,2.9,18,100.19,47500,42500,18-APR-2022,
OPTSTK,APOLLOTYRE,26-May-2022,222.5,CE,0.0,0.0,0.0,4.45,2.55,0,0.0,0,0,18-APR-2022,
OPTSTK,APOLLOTYRE,26-May-2022,225.0,CE,0.0,0.0,0.0,4.1,2.2,0,0.0,0,0,18-APR-2022,
OPTSTK,APOLLOTYRE,26-May-2022,227.5,CE,0.0,0.0,0.0,3.75,1.95,0,0.0,0,0,18-APR-2022,
OPTSTK,APOLLOTYRE,26-May-2022,230.0,CE,0.0,0.0,0.0,2.35,1.7,0,0.0,2500,0,18-APR-2022,
OPTSTK,APOLLOTYRE,26-May-2022,232.5,CE,0.0,0.0,0.0,3.15,1.45,0,0.0,0,0,18-APR-2022,
OPTSTK,APOLLOTYRE,26-May-2022,235.0,CE,0.0,0.0,0.0,2.9,1.25,0,0.0,0,0,18-APR-2022,
OPTSTK,APOLLOTYRE,26-May-2022,237.5,CE,0.0,0.0,0.0,2.65,1.1,0,0.0,0,0,18-APR-2022,
OPTSTK,APOLLOTYRE,26-May-2022,240.0,CE,0.0,0.0,0.0,2.4,0.95,0,0.0,0,0,18-APR-2022,
OPTSTK,APOLLOTYRE,26-May-2022,242.5,CE,0.0,0.0,0.0,2.2,0.8,0,0.0,0,0,18-APR-2022,
OPTSTK,APOLLOTYRE,26-May-2022,245.0,CE,0.0,0.0,0.0,2.05,0.7,0,0.0,0,0,18-APR-2022,
OPTSTK,APOLLOTYRE,26-May-2022,247.5,CE,0.0,0.0,0.0,1.85,0.6,0,0.0,0,0,18-APR-2022,
OPTSTK,APOLLOTYRE,26-May-2022,250.0,CE,0.0,0.0,0.0,0.8,0.5,0,0.0,7500,0,18-APR-2022,
OPTSTK,APOLLOTYRE,26-May-2022,252.5,CE,0.0,0.0,0.0,1.55,0.45,0,0.0,0,0,18-APR-2022,
OPTSTK,APOLLOTYRE,26-May-2022,255.0,CE,0.0,0.0,0.0,1.4,0.35,0,0.0,0,0,18-APR-2022,
OPTSTK,APOLLOTYRE,26-May-2022,257.5,CE,0.0,0.0,0.0,1.3,0.3,0,0.0,0,0,18-APR-2022,
OPTSTK,APOLLOTYRE,26-May-2022,260.0,CE,0.0,0.0,0.0,1.15,0.25,0,0.0,0,0,18-APR-2022,
OPTSTK,APOLLOTYRE,26-May-2022,262.5,CE,0.0,0.0,0.0,1.05,0.25,0,0.0,0,0,18-APR-2022,
OPTSTK,APOLLOTYRE,26-May-2022,265.0,CE,0.0,0.0,0.0,0.95,0.2,0,0.0,0,0,18-APR-2022,
OPTSTK,APOLLOTYRE,26-May-2022,267.5,CE,0.0,0.0,0.0,0.9,0.15,0,0.0,0,0,18-APR-2022,
OPTSTK,APOLLOTYRE,26-May-2022,127.5,PE,0.0,0.0,0.0,1.0,0.05,0,0.0,0,0,18-APR-2022,
OPTSTK,APOLLOTYRE,26-May-2022,130.0,PE,0.0,0.0,0.0,1.2,0.05,0,0.0,0,0,18-APR-2022,
OPTSTK,APOLLOTYRE,26-May-2022,132.5,PE,0.0,0.0,0.0,1.45,0.1,0,0.0,0,0,18-APR-2022,
OPTSTK,APOLLOTYRE,26-May-2022,135.0,PE,0.0,0.0,0.0,1.75,0.1,0,0.0,0,0,18-APR-2022,
OPTSTK,APOLLOTYRE,26-May-2022,137.5,PE,0.0,0.0,0.0,2.1,0.15,0,0.0,0,0,18-APR-2022,
OPTSTK,APOLLOTYRE,26-May-2022,140.0,PE,0.0,0.0,0.0,2.45,0.2,0,0.0,0,0,18-APR-2022,
OPTSTK,APOLLOTYRE,26-May-2022,142.5,PE,0.0,0.0,0.0,2.9,0.25,0,0.0,0,0,18-APR-2022,
OPTSTK,APOLLOTYRE,26-May-2022,145.0,PE,0.0,0.0,0.0,3.35,0.35,0,0.0,0,0,18-APR-2022,
OPTSTK,APOLLOTYRE,26-May-2022,147.5,PE,0.0,0.0,0.0,3.85,0.45,0,0.0,0,0,18-APR-2022,
OPTSTK,APOLLOTYRE,26-May-2022,150.0,PE,0.0,0.0,0.0,4.45,0.6,0,0.0,0,0,18-APR-2022,
OPTSTK,APOLLOTYRE,26-May-2022,152.5,PE,0.0,0.0,0.0,5.1,0.8,0,0.0,0,0,18-APR-2022,
OPTSTK,APOLLOTYRE,26-May-2022,155.0,PE,0.0,0.0,0.0,5.8,1.0,0,0.0,0,0,18-APR-2022,
OPTSTK,APOLLOTYRE,26-May-2022,157.5,PE,0.0,0.0,0.0,6.55,1.25,0,0.0,0,0,18-APR-2022,
OPTSTK,APOLLOTYRE,26-May-2022,160.0,PE,3.0,3.25,2.55,2.55,1.6,59,240.26,110000,110000,18-APR-2022,
OPTSTK,APOLLOTYRE,26-May-2022,162.5,PE,0.0,0.0,0.0,8.2,1.95,0,0.0,0,0,18-APR-2022,
OPTSTK,APOLLOTYRE,26-May-2022,165.0,PE,0.0,0.0,0.0,9.15,2.4,0,0.0,0,0,18-APR-2022,
OPTSTK,APOLLOTYRE,26-May-2022,167.5,PE,0.0,0.0,0.0,10.15,2.9,0,0.0,0,0,18-APR-2022,
OPTSTK,APOLLOTYRE,26-May-2022,170.0,PE,2.8,5.0,2.8,4.2,3.45,35,152.74,77500,77500,18-APR-2022,
OPTSTK,APOLLOTYRE,26-May-2022,172.5,PE,0.0,0.0,0.0,12.35,4.1,0,0.0,0,0,18-APR-2022,
OPTSTK,APOLLOTYRE,26-May-2022,175.0,PE,3.9,4.7,3.9,4.7,4.8,4,17.95,7500,7500,18-APR-2022,
OPTSTK,APOLLOTYRE,26-May-2022,177.5,PE,0.0,0.0,0.0,14.8,5.65,0,0.0,0,0,18-APR-2022,
OPTSTK,APOLLOTYRE,26-May-2022,180.0,PE,4.4,7.5,4.4,6.6,6.6,57,265.64,70000,52500,18-APR-2022,
OPTSTK,APOLLOTYRE,26-May-2022,182.5,PE,0.0,0.0,0.0,17.45,7.5,0,0.0,0,0,18-APR-2022,
OPTSTK,APOLLOTYRE,26-May-2022,185.0,PE,0.0,0.0,0.0,5.0,8.55,0,0.0,22500,0,18-APR-2022,
OPTSTK,APOLLOTYRE,26-May-2022,187.5,PE,0.0,0.0,0.0,15.0,9.75,0,0.0,2500,0,18-APR-2022,
OPTSTK,APOLLOTYRE,26-May-2022,190.0,PE,8.55,11.1,8.4,10.0,10.95,23,114.93,62500,32500,18-APR-2022,
OPTSTK,APOLLOTYRE,26-May-2022,192.5,PE,0.0,0.0,0.0,23.5,12.3,0,0.0,0,0,18-APR-2022,
OPTSTK,APOLLOTYRE,26-May-2022,195.0,PE,10.0,13.65,10.0,12.6,13.7,5,25.96,5000,2500,18-APR-2022,
OPTSTK,APOLLOTYRE,26-May-2022,197.5,PE,0.0,0.0,0.0,26.85,15.2,0,0.0,0,0,18-APR-2022,
OPTSTK,APOLLOTYRE,26-May-2022,200.0,PE,13.5,15.35,13.5,15.35,16.8,2,10.72,42500,0,18-APR-2022,
OPTSTK,APOLLOTYRE,26-May-2022,202.5,PE,0.0,0.0,0.0,30.4,18.45,0,0.0,0,0,18-APR-2022,
OPTSTK,APOLLOTYRE,26-May-2022,205.0,PE,0.0,0.0,0.0,32.2,20.15,0,0.0,0,0,18-APR-2022,
OPTSTK,APOLLOTYRE,26-May-2022,207.5,PE,0.0,0.0,0.0,34.1,21.95,0,0.0,0,0,18-APR-2022,
OPTSTK,APOLLOTYRE,26-May-2022,210.0,PE,0.0,0.0,0.0,18.5,23.85,0,0.0,15000,0,18-APR-2022,
OPTSTK,APOLLOTYRE,26-May-2022,212.5,PE,0.0,0.0,0.0,37.95,25.75,0,0.0,0,0,18-APR-2022,
OPTSTK,APOLLOTYRE,26-May-2022,215.0,PE,0.0,0.0,0.0,39.95,27.7,0,0.0,0,0,18-APR-2022,
OPTSTK,APOLLOTYRE,26-May-2022,217.5,PE,0.0,0.0,0.0,41.95,29.75,0,0.0,0,0,18-APR-2022,
OPTSTK,APOLLOTYRE,26-May-2022,220.0,PE,0.0,0.0,0.0,44.05,31.85,0,0.0,0,0,18-APR-2022,
OPTSTK,APOLLOTYRE,26-May-2022,222.5,PE,0.0,0.0,0.0,46.1,33.95,0,0.0,0,0,18-APR-2022,
OPTSTK,APOLLOTYRE,26-May-2022,225.0,PE,0.0,0.0,0.0,48.25,36.1,0,0.0,0,0,18-APR-2022,
OPTSTK,APOLLOTYRE,26-May-2022,227.5,PE,0.0,0.0,0.0,50.35,38.3,0,0.0,0,0,18-APR-2022,
OPTSTK,APOLLOTYRE,26-May-2022,230.0,PE,0.0,0.0,0.0,52.55,40.55,0,0.0,0,0,18-APR-2022,
OPTSTK,APOLLOTYRE,26-May-2022,232.5,PE,0.0,0.0,0.0,54.7,42.85,0,0.0,0,0,18-APR-2022,
OPTSTK,APOLLOTYRE,26-May-2022,235.0,PE,0.0,0.0,0.0,56.95,45.1,0,0.0,0,0,18-APR-2022,
OPTSTK,APOLLOTYRE,26-May-2022,237.5,PE,0.0,0.0,0.0,59.15,47.45,0,0.0,0,0,18-APR-2022,
OPTSTK,APOLLOTYRE,26-May-2022,240.0,PE,0.0,0.0,0.0,61.4,49.8,0,0.0,0,0,18-APR-2022,
OPTSTK,APOLLOTYRE,26-May-2022,242.5,PE,0.0,0.0,0.0,63.7,52.15,0,0.0,0,0,18-APR-2022,
OPTSTK,APOLLOTYRE,26-May-2022,245.0,PE,0.0,0.0,0.0,65.95,54.5,0,0.0,0,0,18-APR-2022,
OPTSTK,APOLLOTYRE,26-May-2022,247.5,PE,0.0,0.0,0.0,68.25,56.9,0,0.0,0,0,18-APR-2022,
OPTSTK,APOLLOTYRE,26-May-2022,250.0,PE,0.0,0.0,0.0,70.55,59.3,0,0.0,0,0,18-APR-2022,
OPTSTK,APOLLOTYRE,26-May-2022,252.5,PE,0.0,0.0,0.0,72.9,61.7,0,0.0,0,0,18-APR-2022,
OPTSTK,APOLLOTYRE,26-May-2022,255.0,PE,0.0,0.0,0.0,75.25,64.15,0,0.0,0,0,18-APR-2022,
OPTSTK,APOLLOTYRE,26-May-2022,257.5,PE,0.0,0.0,0.0,77.6,66.6,0,0.0,0,0,18-APR-2022,
OPTSTK,APOLLOTYRE,26-May-2022,260.0,PE,0.0,0.0,0.0,79.95,69.05,0,0.0,0,0,18-APR-2022,
OPTSTK,APOLLOTYRE,26-May-2022,262.5,PE,0.0,0.0,0.0,82.3,71.45,0,0.0,0,0,18-APR-2022,
OPTSTK,APOLLOTYRE,26-May-2022,265.0,PE,0.0,0.0,0.0,84.7,73.95,0,0.0,0,0,18-APR-2022,
OPTSTK,APOLLOTYRE,26-May-2022,267.5,PE,0.0,0.0,0.0,87.1,76.4,0,0.0,0,0,18-APR-2022,
OPTSTK,APOLLOTYRE,30-Jun-2022,127.5,CE,0.0,0.0,0.0,65.45,64.0,0,0.0,0,0,18-APR-2022,
OPTSTK,APOLLOTYRE,30-Jun-2022,130.0,CE,0.0,0.0,0.0,63.1,61.65,0,0.0,0,0,18-APR-2022,
OPTSTK,APOLLOTYRE,30-Jun-2022,132.5,CE,0.0,0.0,0.0,60.8,59.25,0,0.0,0,0,18-APR-2022,
OPTSTK,APOLLOTYRE,30-Jun-2022,135.0,CE,0.0,0.0,0.0,58.5,56.9,0,0.0,0,0,18-APR-2022,
OPTSTK,APOLLOTYRE,30-Jun-2022,137.5,CE,0.0,0.0,0.0,56.25,54.6,0,0.0,0,0,18-APR-2022,
OPTSTK,APOLLOTYRE,30-Jun-2022,140.0,CE,0.0,0.0,0.0,54.05,52.3,0,0.0,0,0,18-APR-2022,
OPTSTK,APOLLOTYRE,30-Jun-2022,142.5,CE,0.0,0.0,0.0,51.85,50.05,0,0.0,0,0,18-APR-2022,
OPTSTK,APOLLOTYRE,30-Jun-2022,145.0,CE,0.0,0.0,0.0,49.7,47.8,0,0.0,0,0,18-APR-2022,
OPTSTK,APOLLOTYRE,30-Jun-2022,147.5,CE,0.0,0.0,0.0,47.6,45.6,0,0.0,0,0,18-APR-2022,
OPTSTK,APOLLOTYRE,30-Jun-2022,150.0,CE,0.0,0.0,0.0,45.5,43.5,0,0.0,0,0,18-APR-2022,
OPTSTK,APOLLOTYRE,30-Jun-2022,152.5,CE,0.0,0.0,0.0,43.5,41.4,0,0.0,0,0,18-APR-2022,
OPTSTK,APOLLOTYRE,30-Jun-2022,155.0,CE,0.0,0.0,0.0,41.5,39.3,0,0.0,0,0,18-APR-2022,
OPTSTK,APOLLOTYRE,30-Jun-2022,157.5,CE,0.0,0.0,0.0,39.55,37.3,0,0.0,0,0,18-APR-2022,
OPTSTK,APOLLOTYRE,30-Jun-2022,160.0,CE,0.0,0.0,0.0,37.7,35.35,0,0.0,0,0,18-APR-2022,
OPTSTK,APOLLOTYRE,30-Jun-2022,162.5,CE,0.0,0.0,0.0,35.85,33.45,0,0.0,0,0,18-APR-2022,
OPTSTK,APOLLOTYRE,30-Jun-2022,165.0,CE,0.0,0.0,0.0,34.1,31.65,0,0.0,0,0,18-APR-2022,
OPTSTK,APOLLOTYRE,30-Jun-2022,167.5,CE,0.0,0.0,0.0,32.35,29.85,0,0.0,0,0,18-APR-2022,
OPTSTK,APOLLOTYRE,30-Jun-2022,170.0,CE,0.0,0.0,0.0,30.7,28.15,0,0.0,0,0,18-APR-2022,
OPTSTK,APOLLOTYRE,30-Jun-2022,172.5,CE,0.0,0.0,0.0,29.1,26.45,0,0.0,0,0,18-APR-2022,
OPTSTK,APOLLOTYRE,30-Jun-2022,175.0,CE,0.0,0.0,0.0,27.5,24.9,0,0.0,0,0,18-APR-2022,
OPTSTK,APOLLOTYRE,30-Jun-2022,177.5,CE,0.0,0.0,0.0,26.05,23.35,0,0.0,0,0,18-APR-2022,
OPTSTK,APOLLOTYRE,30-Jun-2022,180.0,CE,0.0,0.0,0.0,24.6,21.9,0,0.0,0,0,18-APR-2022,
OPTSTK,APOLLOTYRE,30-Jun-2022,182.5,CE,0.0,0.0,0.0,23.2,20.5,0,0.0,0,0,18-APR-2022,
OPTSTK,APOLLOTYRE,30-Jun-2022,185.0,CE,0.0,0.0,0.0,21.9,19.15,0,0.0,0,0,18-APR-2022,
OPTSTK,APOLLOTYRE,30-Jun-2022,187.5,CE,0.0,0.0,0.0,20.6,17.85,0,0.0,0,0,18-APR-2022,
OPTSTK,APOLLOTYRE,30-Jun-2022,190.0,CE,0.0,0.0,0.0,19.4,16.65,0,0.0,0,0,18-APR-2022,
OPTSTK,APOLLOTYRE,30-Jun-2022,192.5,CE,0.0,0.0,0.0,18.25,15.5,0,0.0,0,0,18-APR-2022,
OPTSTK,APOLLOTYRE,30-Jun-2022,195.0,CE,0.0,0.0,0.0,17.15,14.45,0,0.0,0,0,18-APR-2022,
OPTSTK,APOLLOTYRE,30-Jun-2022,197.5,CE,0.0,0.0,0.0,16.1,13.4,0,0.0,0,0,18-APR-2022,
OPTSTK,APOLLOTYRE,30-Jun-2022,200.0,CE,0.0,0.0,0.0,15.1,12.45,0,0.0,0,0,18-APR-2022,
OPTSTK,APOLLOTYRE,30-Jun-2022,202.5,CE,0.0,0.0,0.0,14.15,11.5,0,0.0,0,0,18-APR-2022,
OPTSTK,APOLLOTYRE,30-Jun-2022,205.0,CE,0.0,0.0,0.0,13.25,10.65,0,0.0,0,0,18-APR-2022,
OPTSTK,APOLLOTYRE,30-Jun-2022,207.5,CE,0.0,0.0,0.0,12.35,9.85,0,0.0,0,0,18-APR-2022,
OPTSTK,APOLLOTYRE,30-Jun-2022,210.0,CE,0.0,0.0,0.0,11.55,9.1,0,0.0,0,0,18-APR-2022,
OPTSTK,APOLLOTYRE,30-Jun-2022,212.5,CE,0.0,0.0,0.0,10.8,8.4,0,0.0,0,0,18-APR-2022,
OPTSTK,APOLLOTYRE,30-Jun-2022,215.0,CE,0.0,0.0,0.0,10.1,7.75,0,0.0,0,0,18-APR-2022,
OPTSTK,APOLLOTYRE,30-Jun-2022,217.5,CE,0.0,0.0,0.0,9.4,7.15,0,0.0,0,0,18-APR-2022,
OPTSTK,APOLLOTYRE,30-Jun-2022,220.0,CE,0.0,0.0,0.0,8.75,6.55,0,0.0,0,0,18-APR-2022,
OPTSTK,APOLLOTYRE,30-Jun-2022,222.5,CE,0.0,0.0,0.0,8.15,6.0,0,0.0,0,0,18-APR-2022,
OPTSTK,APOLLOTYRE,30-Jun-2022,225.0,CE,0.0,0.0,0.0,7.6,5.55,0,0.0,0,0,18-APR-2022,
OPTSTK,APOLLOTYRE,30-Jun-2022,227.5,CE,0.0,0.0,0.0,7.05,5.05,0,0.0,0,0,18-APR-2022,
OPTSTK,APOLLOTYRE,30-Jun-2022,230.0,CE,0.0,0.0,0.0,6.6,4.65,0,0.0,0,0,18-APR-2022,
OPTSTK,APOLLOTYRE,30-Jun-2022,232.5,CE,0.0,0.0,0.0,6.1,4.25,0,0.0,0,0,18-APR-2022,
OPTSTK,APOLLOTYRE,30-Jun-2022,235.0,CE,0.0,0.0,0.0,5.65,3.9,0,0.0,0,0,18-APR-2022,
OPTSTK,APOLLOTYRE,30-Jun-2022,237.5,CE,0.0,0.0,0.0,5.25,3.55,0,0.0,0,0,18-APR-2022,
OPTSTK,APOLLOTYRE,30-Jun-2022,240.0,CE,0.0,0.0,0.0,4.9,3.25,0,0.0,0,0,18-APR-2022,
OPTSTK,APOLLOTYRE,30-Jun-2022,242.5,CE,0.0,0.0,0.0,4.5,2.95,0,0.0,0,0,18-APR-2022,
OPTSTK,APOLLOTYRE,30-Jun-2022,245.0,CE,0.0,0.0,0.0,4.2,2.7,0,0.0,0,0,18-APR-2022,
OPTSTK,APOLLOTYRE,30-Jun-2022,247.5,CE,0.0,0.0,0.0,3.9,2.45,0,0.0,0,0,18-APR-2022,
OPTSTK,APOLLOTYRE,30-Jun-2022,250.0,CE,0.0,0.0,0.0,3.6,2.25,0,0.0,0,0,18-APR-2022,
OPTSTK,APOLLOTYRE,30-Jun-2022,252.5,CE,0.0,0.0,0.0,3.3,2.05,0,0.0,0,0,18-APR-2022,
OPTSTK,APOLLOTYRE,30-Jun-2022,255.0,CE,0.0,0.0,0.0,3.05,1.85,0,0.0,0,0,18-APR-2022,
OPTSTK,APOLLOTYRE,30-Jun-2022,257.5,CE,0.0,0.0,0.0,2.85,1.7,0,0.0,0,0,18-APR-2022,
OPTSTK,APOLLOTYRE,30-Jun-2022,260.0,CE,0.0,0.0,0.0,2.6,1.5,0,0.0,0,0,18-APR-2022,
OPTSTK,APOLLOTYRE,30-Jun-2022,262.5,CE,0.0,0.0,0.0,2.4,1.4,0,0.0,0,0,18-APR-2022,
OPTSTK,APOLLOTYRE,30-Jun-2022,265.0,CE,0.0,0.0,0.0,2.25,1.25,0,0.0,0,0,18-APR-2022,
OPTSTK,APOLLOTYRE,30-Jun-2022,127.5,PE,0.0,0.0,0.0,0.6,0.35,0,0.0,0,0,18-APR-2022,
OPTSTK,APOLLOTYRE,30-Jun-2022,130.0,PE,0.0,0.0,0.0,0.75,0.45,0,0.0,0,0,18-APR-2022,
OPTSTK,APOLLOTYRE,30-Jun-2022,132.5,PE,0.0,0.0,0.0,0.9,0.55,0,0.0,0,0,18-APR-2022,
OPTSTK,APOLLOTYRE,30-Jun-2022,135.0,PE,0.0,0.0,0.0,1.1,0.65,0,0.0,0,0,18-APR-2022,
OPTSTK,APOLLOTYRE,30-Jun-2022,137.5,PE,0.0,0.0,0.0,1.3,0.85,0,0.0,0,0,18-APR-2022,
OPTSTK,APOLLOTYRE,30-Jun-2022,140.0,PE,0.0,0.0,0.0,1.55,1.0,0,0.0,0,0,18-APR-2022,
OPTSTK,APOLLOTYRE,30-Jun-2022,142.5,PE,0.0,0.0,0.0,1.85,1.25,0,0.0,0,0,18-APR-2022,
OPTSTK,APOLLOTYRE,30-Jun-2022,145.0,PE,0.0,0.0,0.0,2.15,1.5,0,0.0,0,0,18-APR-2022,
OPTSTK,APOLLOTYRE,30-Jun-2022,147.5,PE,0.0,0.0,0.0,2.55,1.75,0,0.0,0,0,18-APR-2022,
OPTSTK,APOLLOTYRE,30-Jun-2022,150.0,PE,0.0,0.0,0.0,2.95,2.1,0,0.0,0,0,18-APR-2022,
OPTSTK,APOLLOTYRE,30-Jun-2022,152.5,PE,0.0,0.0,0.0,3.4,2.5,0,0.0,0,0,18-APR-2022,
OPTSTK,APOLLOTYRE,30-Jun-2022,155.0,PE,0.0,0.0,0.0,3.85,2.9,0,0.0,0,0,18-APR-2022,
OPTSTK,APOLLOTYRE,30-Jun-2022,157.5,PE,0.0,0.0,0.0,4.4,3.4,0,0.0,0,0,18-APR-2022,
OPTSTK,APOLLOTYRE,30-Jun-2022,160.0,PE,0.0,0.0,0.0,5.0,3.9,0,0.0,0,0,18-APR-2022,
OPTSTK,APOLLOTYRE,30-Jun-2022,162.5,PE,0.0,0.0,0.0,5.65,4.5,0,0.0,0,0,18-APR-2022,
OPTSTK,APOLLOTYRE,30-Jun-2022,165.0,PE,0.0,0.0,0.0,6.35,5.15,0,0.0,0,0,18-APR-2022,
OPTSTK,APOLLOTYRE,30-Jun-2022,167.5,PE,0.0,0.0,0.0,7.1,5.85,0,0.0,0,0,18-APR-2022,
OPTSTK,APOLLOTYRE,30-Jun-2022,170.0,PE,0.0,0.0,0.0,7.9,6.6,0,0.0,0,0,18-APR-2022,
OPTSTK,APOLLOTYRE,30-Jun-2022,172.5,PE,0.0,0.0,0.0,8.75,7.4,0,0.0,0,0,18-APR-2022,
OPTSTK,APOLLOTYRE,30-Jun-2022,175.0,PE,0.0,0.0,0.0,9.7,8.3,0,0.0,0,0,18-APR-2022,
OPTSTK,APOLLOTYRE,30-Jun-2022,177.5,PE,0.0,0.0,0.0,10.65,9.25,0,0.0,0,0,18-APR-2022,
OPTSTK,APOLLOTYRE,30-Jun-2022,180.0,PE,0.0,0.0,0.0,11.7,10.25,0,0.0,0,0,18-APR-2022,
OPTSTK,APOLLOTYRE,30-Jun-2022,182.5,PE,0.0,0.0,0.0,12.8,11.35,0,0.0,0,0,18-APR-2022,
OPTSTK,APOLLOTYRE,30-Jun-2022,185.0,PE,0.0,0.0,0.0,13.95,12.5,0,0.0,0,0,18-APR-2022,
OPTSTK,APOLLOTYRE,30-Jun-2022,187.5,PE,0.0,0.0,0.0,15.15,13.7,0,0.0,0,0,18-APR-2022,
OPTSTK,APOLLOTYRE,30-Jun-2022,190.0,PE,0.0,0.0,0.0,16.4,14.95,0,0.0,0,0,18-APR-2022,
OPTSTK,APOLLOTYRE,30-Jun-2022,192.5,PE,0.0,0.0,0.0,17.7,16.3,0,0.0,0,0,18-APR-2022,
OPTSTK,APOLLOTYRE,30-Jun-2022,195.0,PE,0.0,0.0,0.0,19.1,17.7,0,0.0,0,0,18-APR-2022,
OPTSTK,APOLLOTYRE,30-Jun-2022,197.5,PE,0.0,0.0,0.0,20.5,19.15,0,0.0,0,0,18-APR-2022,
OPTSTK,APOLLOTYRE,30-Jun-2022,200.0,PE,0.0,0.0,0.0,21.95,20.65,0,0.0,0,0,18-APR-2022,
OPTSTK,APOLLOTYRE,30-Jun-2022,202.5,PE,0.0,0.0,0.0,23.5,22.2,0,0.0,0,0,18-APR-2022,
OPTSTK,APOLLOTYRE,30-Jun-2022,205.0,PE,0.0,0.0,0.0,25.05,23.8,0,0.0,0,0,18-APR-2022,
OPTSTK,APOLLOTYRE,30-Jun-2022,207.5,PE,0.0,0.0,0.0,26.7,25.5,0,0.0,0,0,18-APR-2022,
OPTSTK,APOLLOTYRE,30-Jun-2022,210.0,PE,0.0,0.0,0.0,28.35,27.2,0,0.0,0,0,18-APR-2022,
OPTSTK,APOLLOTYRE,30-Jun-2022,212.5,PE,0.0,0.0,0.0,30.05,29.0,0,0.0,0,0,18-APR-2022,
OPTSTK,APOLLOTYRE,30-Jun-2022,215.0,PE,0.0,0.0,0.0,31.8,30.8,0,0.0,0,0,18-APR-2022,
OPTSTK,APOLLOTYRE,30-Jun-2022,217.5,PE,0.0,0.0,0.0,33.6,32.7,0,0.0,0,0,18-APR-2022,
OPTSTK,APOLLOTYRE,30-Jun-2022,220.0,PE,0.0,0.0,0.0,35.45,34.6,0,0.0,0,0,18-APR-2022,
OPTSTK,APOLLOTYRE,30-Jun-2022,222.5,PE,0.0,0.0,0.0,37.35,36.55,0,0.0,0,0,18-APR-2022,
OPTSTK,APOLLOTYRE,30-Jun-2022,225.0,PE,0.0,0.0,0.0,39.25,38.55,0,0.0,0,0,18-APR-2022,
OPTSTK,APOLLOTYRE,30-Jun-2022,227.5,PE,0.0,0.0,0.0,41.2,40.55,0,0.0,0,0,18-APR-2022,
OPTSTK,APOLLOTYRE,30-Jun-2022,230.0,PE,0.0,0.0,0.0,43.15,42.6,0,0.0,0,0,18-APR-2022,
OPTSTK,APOLLOTYRE,30-Jun-2022,232.5,PE,0.0,0.0,0.0,45.15,44.7,0,0.0,0,0,18-APR-2022,
OPTSTK,APOLLOTYRE,30-Jun-2022,235.0,PE,0.0,0.0,0.0,47.2,46.8,0,0.0,0,0,18-APR-2022,
OPTSTK,APOLLOTYRE,30-Jun-2022,237.5,PE,0.0,0.0,0.0,49.25,48.95,0,0.0,0,0,18-APR-2022,
OPTSTK,APOLLOTYRE,30-Jun-2022,240.0,PE,0.0,0.0,0.0,51.35,51.1,0,0.0,0,0,18-APR-2022,
OPTSTK,APOLLOTYRE,30-Jun-2022,242.5,PE,0.0,0.0,0.0,53.45,53.3,0,0.0,0,0,18-APR-2022,
OPTSTK,APOLLOTYRE,30-Jun-2022,245.0,PE,0.0,0.0,0.0,55.6,55.5,0,0.0,0,0,18-APR-2022,
OPTSTK,APOLLOTYRE,30-Jun-2022,247.5,PE,0.0,0.0,0.0,57.75,57.75,0,0.0,0,0,18-APR-2022,
OPTSTK,APOLLOTYRE,30-Jun-2022,250.0,PE,0.0,0.0,0.0,59.95,60.0,0,0.0,0,0,18-APR-2022,
OPTSTK,APOLLOTYRE,30-Jun-2022,252.5,PE,0.0,0.0,0.0,62.15,62.3,0,0.0,0,0,18-APR-2022,
OPTSTK,APOLLOTYRE,30-Jun-2022,255.0,PE,0.0,0.0,0.0,64.4,64.6,0,0.0,0,0,18-APR-2022,
OPTSTK,APOLLOTYRE,30-Jun-2022,257.5,PE,0.0,0.0,0.0,66.6,66.9,0,0.0,0,0,18-APR-2022,
OPTSTK,APOLLOTYRE,30-Jun-2022,260.0,PE,0.0,0.0,0.0,68.9,69.2,0,0.0,0,0,18-APR-2022,
OPTSTK,APOLLOTYRE,30-Jun-2022,262.5,PE,0.0,0.0,0.0,71.15,71.55,0,0.0,0,0,18-APR-2022,
OPTSTK,APOLLOTYRE,30-Jun-2022,265.0,PE,0.0,0.0,0.0,73.45,73.9,0,0.0,0,0,18-APR-2022,
OPTSTK,ASHOKLEY,28-Apr-2022,72.5,CE,0.0,0.0,0.0,52.15,55.2,0,0.0,0,0,18-APR-2022,
OPTSTK,ASHOKLEY,28-Apr-2022,75.0,CE,0.0,0.0,0.0,56.9,52.7,0,0.0,0,0,18-APR-2022,
OPTSTK,ASHOKLEY,28-Apr-2022,77.5,CE,0.0,0.0,0.0,54.5,50.2,0,0.0,0,0,18-APR-2022,
OPTSTK,ASHOKLEY,28-Apr-2022,80.0,CE,0.0,0.0,0.0,52.1,47.7,0,0.0,0,0,18-APR-2022,
OPTSTK,ASHOKLEY,28-Apr-2022,82.5,CE,0.0,0.0,0.0,49.7,45.2,0,0.0,0,0,18-APR-2022,
OPTSTK,ASHOKLEY,28-Apr-2022,85.0,CE,0.0,0.0,0.0,47.35,42.7,0,0.0,0,0,18-APR-2022,
OPTSTK,ASHOKLEY,28-Apr-2022,87.5,CE,0.0,0.0,0.0,45.0,40.2,0,0.0,0,0,18-APR-2022,
OPTSTK,ASHOKLEY,28-Apr-2022,90.0,CE,0.0,0.0,0.0,26.0,37.7,0,0.0,4500,0,18-APR-2022,
OPTSTK,ASHOKLEY,28-Apr-2022,92.5,CE,0.0,0.0,0.0,40.45,35.2,0,0.0,0,0,18-APR-2022,
OPTSTK,ASHOKLEY,28-Apr-2022,95.0,CE,0.0,0.0,0.0,38.25,32.75,0,0.0,0,0,18-APR-2022,
OPTSTK,ASHOKLEY,28-Apr-2022,97.5,CE,0.0,0.0,0.0,36.1,30.25,0,0.0,0,0,18-APR-2022,
OPTSTK,ASHOKLEY,28-Apr-2022,100.0,CE,0.0,0.0,0.0,26.0,27.75,0,0.0,45000,0,18-APR-2022,
OPTSTK,ASHOKLEY,28-Apr-2022,102.5,CE,0.0,0.0,0.0,31.95,25.25,0,0.0,0,0,18-APR-2022,
OPTSTK,ASHOKLEY,28-Apr-2022,105.0,CE,0.0,0.0,0.0,22.0,22.75,0,0.0,31500,0,18-APR-2022,
OPTSTK,ASHOKLEY,28-Apr-2022,107.5,CE,0.0,0.0,0.0,18.05,20.3,0,0.0,13500,0,18-APR-2022,
OPTSTK,ASHOKLEY,28-Apr-2022,110.0,CE,17.55,17.55,16.95,16.95,17.9,2,11.45,279000,-4500,18-APR-2022,
OPTSTK,ASHOKLEY,28-Apr-2022,112.5,CE,0.0,0.0,0.0,10.6,15.55,0,0.0,4500,0,18-APR-2022,
OPTSTK,ASHOKLEY,28-Apr-2022,115.0,CE,13.4,13.7,11.45,13.25,13.25,21,120.47,297000,-45000,18-APR-2022,
OPTSTK,ASHOKLEY,28-Apr-2022,117.5,CE,10.0,11.4,10.0,11.2,11.2,7,40.42,234000,-9000,18-APR-2022,
OPTSTK,ASHOKLEY,28-Apr-2022,120.0,CE,7.4,9.25,6.95,8.8,8.8,150,864.82,1588500,-31500,18-APR-2022,
OPTSTK,ASHOKLEY,28-Apr-2022,122.5,CE,6.3,7.0,5.25,6.95,6.95,28,162.12,283500,-27000,18-APR-2022,
OPTSTK,ASHOKLEY,28-Apr-2022,125.0,CE,4.5,5.35,3.5,4.85,4.85,305,1775.3,1593000,13500,18-APR-2022,
OPTSTK,ASHOKLEY,28-Apr-2022,127.5,CE,2.7,3.85,2.35,3.35,3.35,293,1720.41,634500,198000,18-APR-2022,
OPTSTK,ASHOKLEY,28-Apr-2022,130.0,CE,1.85,2.75,1.6,2.2,2.2,800,4753.52,3010500,175500,18-APR-2022,
OPTSTK,ASHOKLEY,28-Apr-2022,132.5,CE,1.0,1.8,0.95,1.45,1.45,185,1113.84,738000,27000,18-APR-2022,
OPTSTK,ASHOKLEY,28-Apr-2022,135.0,CE,0.9,1.2,0.65,0.95,0.95,777,4750.72,2056500,175500,18-APR-2022,
OPTSTK,ASHOKLEY,28-Apr-2022,137.5,CE,0.8,0.85,0.45,0.65,0.65,204,1267.48,531000,-76500,18-APR-2022,
OPTSTK,ASHOKLEY,28-Apr-2022,140.0,CE,0.3,0.55,0.3,0.45,0.45,618,3904.92,2349000,-117000,18-APR-2022,
OPTSTK,ASHOKLEY,28-Apr-2022,142.5,CE,0.35,0.35,0.25,0.35,0.35,46,295.59,355500,22500,18-APR-2022,
OPTSTK,ASHOKLEY,28-Apr-2022,145.0,CE,0.3,0.3,0.15,0.2,0.2,152,993.26,756000,-49500,18-APR-2022,
OPTSTK,ASHOKLEY,28-Apr-2022,147.5,CE,0.2,0.2,0.15,0.15,0.15,3,19.93,18000,-4500,18-APR-2022,
OPTSTK,ASHOKLEY,28-Apr-2022,150.0,CE,0.2,0.2,0.1,0.15,0.15,321,2168.91,1390500,63000,18-APR-2022,
OPTSTK,ASHOKLEY,28-Apr-2022,152.5,CE,0.0,0.0,0.0,0.45,0.1,0,0.0,13500,0,18-APR-2022,
OPTSTK,ASHOKLEY,28-Apr-2022,155.0,CE,0.1,0.15,0.1,0.1,0.05,14,97.71,130500,13500,18-APR-2022,
OPTSTK,ASHOKLEY,28-Apr-2022,157.5,CE,0.0,0.0,0.0,5.25,0.05,0,0.0,0,0,18-APR-2022,
OPTSTK,ASHOKLEY,28-Apr-2022,160.0,CE,0.05,0.05,0.05,0.05,0.05,2,14.4,333000,-4500,18-APR-2022,
OPTSTK,ASHOKLEY,28-Apr-2022,162.5,CE,0.0,0.0,0.0,0.1,0.05,0,0.0,18000,0,18-APR-2022,
OPTSTK,ASHOKLEY,28-Apr-2022,165.0,CE,0.0,0.0,0.0,0.1,0.0,0,0.0,279000,0,18-APR-2022,
OPTSTK,ASHOKLEY,28-Apr-2022,167.5,CE,0.0,0.0,0.0,3.55,0.0,0,0.0,0,0,18-APR-2022,
OPTSTK,ASHOKLEY,28-Apr-2022,170.0,CE,0.05,0.05,0.05,0.05,0.0,25,191.3,157500,-103500,18-APR-2022,
OPTSTK,ASHOKLEY,28-Apr-2022,172.5,CE,0.05,0.05,0.05,0.05,0.0,5,38.82,36000,-9000,18-APR-2022,
OPTSTK,ASHOKLEY,28-Apr-2022,175.0,CE,0.0,0.0,0.0,0.1,0.0,0,0.0,45000,0,18-APR-2022,
OPTSTK,ASHOKLEY,28-Apr-2022,72.5,PE,0.0,0.0,0.0,0.05,0.0,0,0.0,117000,0,18-APR-2022,
OPTSTK,ASHOKLEY,28-Apr-2022,75.0,PE,0.0,0.0,0.0,0.05,0.0,0,0.0,18000,0,18-APR-2022,
OPTSTK,ASHOKLEY,28-Apr-2022,77.5,PE,0.0,0.0,0.0,0.2,0.0,0,0.0,0,0,18-APR-2022,
OPTSTK,ASHOKLEY,28-Apr-2022,80.0,PE,0.0,0.0,0.0,0.25,0.0,0,0.0,0,0,18-APR-2022,
OPTSTK,ASHOKLEY,28-Apr-2022,82.5,PE,0.0,0.0,0.0,0.35,0.0,0,0.0,0,0,18-APR-2022,
OPTSTK,ASHOKLEY,28-Apr-2022,85.0,PE,0.05,0.05,0.05,0.05,0.05,1,3.82,13500,0,18-APR-2022,
OPTSTK,ASHOKLEY,28-Apr-2022,87.5,PE,0.0,0.0,0.0,0.6,0.0,0,0.0,0,0,18-APR-2022,
OPTSTK,ASHOKLEY,28-Apr-2022,90.0,PE,0.1,0.1,0.05,0.05,0.05,5,20.26,387000,-13500,18-APR-2022,
OPTSTK,ASHOKLEY,28-Apr-2022,92.5,PE,0.0,0.0,0.0,0.45,0.0,0,0.0,4500,0,18-APR-2022,
OPTSTK,ASHOKLEY,28-Apr-2022,95.0,PE,0.15,0.15,0.15,0.15,0.0,1,4.28,369000,0,18-APR-2022,
OPTSTK,ASHOKLEY,28-Apr-2022,97.5,PE,0.0,0.0,0.0,0.15,0.0,0,0.0,90000,0,18-APR-2022,
OPTSTK,ASHOKLEY,28-Apr-2022,100.0,PE,0.2,0.2,0.1,0.15,0.15,15,67.59,801000,9000,18-APR-2022,
OPTSTK,ASHOKLEY,28-Apr-2022,102.5,PE,0.0,0.0,0.0,0.15,0.05,0,0.0,103500,0,18-APR-2022,
OPTSTK,ASHOKLEY,28-Apr-2022,105.0,PE,0.3,0.3,0.15,0.15,0.15,234,1107.31,805500,171000,18-APR-2022,
OPTSTK,ASHOKLEY,28-Apr-2022,107.5,PE,0.15,0.15,0.15,0.15,0.15,1,4.84,135000,4500,18-APR-2022,
OPTSTK,ASHOKLEY,28-Apr-2022,110.0,PE,0.35,0.35,0.2,0.2,0.2,318,1577.41,1453500,40500,18-APR-2022,
OPTSTK,ASHOKLEY,28-Apr-2022,112.5,PE,0.3,0.45,0.25,0.3,0.3,24,121.85,265500,-22500,18-APR-2022,
OPTSTK,ASHOKLEY,28-Apr-2022,115.0,PE,0.5,0.5,0.35,0.4,0.4,315,1636.38,1084500,-211500,18-APR-2022,
OPTSTK,ASHOKLEY,28-Apr-2022,117.5,PE,0.85,0.85,0.55,0.6,0.6,71,377.43,522000,-31500,18-APR-2022,
OPTSTK,ASHOKLEY,28-Apr-2022,120.0,PE,1.3,1.3,0.75,0.85,0.85,526,2863.13,2713500,-31500,18-APR-2022,
OPTSTK,ASHOKLEY,28-Apr-2022,122.5,PE,1.4,1.8,1.15,1.25,1.25,97,541.23,594000,67500,18-APR-2022,
OPTSTK,ASHOKLEY,28-Apr-2022,125.0,PE,2.8,2.95,1.7,1.85,1.85,596,3411.52,1665000,-22500,18-APR-2022,
OPTSTK,ASHOKLEY,28-Apr-2022,127.5,PE,3.9,4.55,2.6,2.8,2.8,221,1300.11,598500,9000,18-APR-2022,
OPTSTK,ASHOKLEY,28-Apr-2022,130.0,PE,5.6,5.8,3.95,4.25,4.25,210,1274.51,715500,-103500,18-APR-2022,
OPTSTK,ASHOKLEY,28-Apr-2022,132.5,PE,6.9,7.3,5.9,6.1,6.1,9,56.27,112500,-22500,18-APR-2022,
OPTSTK,ASHOKLEY,28-Apr-2022,135.0,PE,9.7,9.7,7.8,7.8,7.8,8,51.73,171000,0,18-APR-2022,
OPTSTK,ASHOKLEY,28-Apr-2022,137.5,PE,0.0,0.0,0.0,21.2,10.95,0,0.0,4500,0,18-APR-2022,
OPTSTK,ASHOKLEY,28-Apr-2022,140.0,PE,12.95,14.3,12.95,13.7,13.05,5,34.55,130500,4500,18-APR-2022,
OPTSTK,ASHOKLEY,28-Apr-2022,142.5,PE,0.0,0.0,0.0,19.25,15.3,0,0.0,0,0,18-APR-2022,
OPTSTK,ASHOKLEY,28-Apr-2022,145.0,PE,0.0,0.0,0.0,14.75,17.6,0,0.0,31500,0,18-APR-2022,
OPTSTK,ASHOKLEY,28-Apr-2022,147.5,PE,0.0,0.0,0.0,22.65,19.95,0,0.0,0,0,18-APR-2022,
OPTSTK,ASHOKLEY,28-Apr-2022,150.0,PE,0.0,0.0,0.0,34.0,22.4,0,0.0,45000,0,18-APR-2022,
OPTSTK,ASHOKLEY,28-Apr-2022,152.5,PE,0.0,0.0,0.0,26.3,24.85,0,0.0,0,0,18-APR-2022,
OPTSTK,ASHOKLEY,28-Apr-2022,155.0,PE,0.0,0.0,0.0,25.0,27.3,0,0.0,4500,0,18-APR-2022,
OPTSTK,ASHOKLEY,28-Apr-2022,157.5,PE,0.0,0.0,0.0,30.15,29.75,0,0.0,0,0,18-APR-2022,
OPTSTK,ASHOKLEY,28-Apr-2022,160.0,PE,0.0,0.0,0.0,29.25,32.25,0,0.0,9000,0,18-APR-2022,
OPTSTK,ASHOKLEY,28-Apr-2022,162.5,PE,0.0,0.0,0.0,34.15,34.75,0,0.0,0,0,18-APR-2022,
OPTSTK,ASHOKLEY,28-Apr-2022,165.0,PE,0.0,0.0,0.0,36.2,37.25,0,0.0,0,0,18-APR-2022,
OPTSTK,ASHOKLEY,28-Apr-2022,167.5,PE,0.0,0.0,0.0,38.3,39.75,0,0.0,0,0,18-APR-2022,
OPTSTK,ASHOKLEY,28-Apr-2022,170.0,PE,0.0,0.0,0.0,40.45,42.25,0,0.0,0,0,18-APR-2022,
OPTSTK,ASHOKLEY,28-Apr-2022,172.5,PE,0.0,0.0,0.0,42.6,44.75,0,0.0,0,0,18-APR-2022,
OPTSTK,ASHOKLEY,28-Apr-2022,175.0,PE,0.0,0.0,0.0,44.8,47.2,0,0.0,0,0,18-APR-2022,
OPTSTK,ASHOKLEY,26-May-2022,72.5,CE,0.0,0.0,0.0,42.2,55.45,0,0.0,0,0,18-APR-2022,
OPTSTK,ASHOKLEY,26-May-2022,75.0,CE,0.0,0.0,0.0,39.85,52.95,0,0.0,0,0,18-APR-2022,
OPTSTK,ASHOKLEY,26-May-2022,77.5,CE,0.0,0.0,0.0,37.55,50.45,0,0.0,0,0,18-APR-2022,
OPTSTK,ASHOKLEY,26-May-2022,80.0,CE,0.0,0.0,0.0,35.3,48.0,0,0.0,0,0,18-APR-2022,
OPTSTK,ASHOKLEY,26-May-2022,82.5,CE,0.0,0.0,0.0,33.05,45.5,0,0.0,0,0,18-APR-2022,
OPTSTK,ASHOKLEY,26-May-2022,85.0,CE,0.0,0.0,0.0,30.9,43.05,0,0.0,0,0,18-APR-2022,
OPTSTK,ASHOKLEY,26-May-2022,87.5,CE,0.0,0.0,0.0,28.8,40.55,0,0.0,0,0,18-APR-2022,
OPTSTK,ASHOKLEY,26-May-2022,90.0,CE,0.0,0.0,0.0,26.8,38.1,0,0.0,0,0,18-APR-2022,
OPTSTK,ASHOKLEY,26-May-2022,92.5,CE,0.0,0.0,0.0,24.85,35.7,0,0.0,0,0,18-APR-2022,
OPTSTK,ASHOKLEY,26-May-2022,95.0,CE,0.0,0.0,0.0,23.0,33.3,0,0.0,0,0,18-APR-2022,
OPTSTK,ASHOKLEY,26-May-2022,97.5,CE,0.0,0.0,0.0,21.2,30.95,0,0.0,0,0,18-APR-2022,
OPTSTK,ASHOKLEY,26-May-2022,100.0,CE,0.0,0.0,0.0,19.5,28.6,0,0.0,0,0,18-APR-2022,
OPTSTK,ASHOKLEY,26-May-2022,102.5,CE,0.0,0.0,0.0,17.9,26.35,0,0.0,0,0,18-APR-2022,
OPTSTK,ASHOKLEY,26-May-2022,105.0,CE,0.0,0.0,0.0,16.4,24.15,0,0.0,0,0,18-APR-2022,
OPTSTK,ASHOKLEY,26-May-2022,107.5,CE,0.0,0.0,0.0,14.95,22.0,0,0.0,0,0,18-APR-2022,
OPTSTK,ASHOKLEY,26-May-2022,110.0,CE,0.0,0.0,0.0,13.65,20.0,0,0.0,0,0,18-APR-2022,
OPTSTK,ASHOKLEY,26-May-2022,112.5,CE,0.0,0.0,0.0,12.4,18.05,0,0.0,0,0,18-APR-2022,
OPTSTK,ASHOKLEY,26-May-2022,115.0,CE,0.0,0.0,0.0,11.25,16.2,0,0.0,0,0,18-APR-2022,
OPTSTK,ASHOKLEY,26-May-2022,117.5,CE,0.0,0.0,0.0,10.15,14.45,0,0.0,0,0,18-APR-2022,
OPTSTK,ASHOKLEY,26-May-2022,120.0,CE,0.0,0.0,0.0,11.85,12.85,0,0.0,72000,0,18-APR-2022,
OPTSTK,ASHOKLEY,26-May-2022,122.5,CE,0.0,0.0,0.0,8.3,11.35,0,0.0,0,0,18-APR-2022,
OPTSTK,ASHOKLEY,26-May-2022,125.0,CE,0.0,0.0,0.0,9.15,10.0,0,0.0,18000,0,18-APR-2022,
OPTSTK,ASHOKLEY,26-May-2022,127.5,CE,0.0,0.0,0.0,6.7,8.75,0,0.0,0,0,18-APR-2022,
OPTSTK,ASHOKLEY,26-May-2022,130.0,CE,5.85,6.3,5.1,5.8,5.8,31,189.23,175500,31500,18-APR-2022,
OPTSTK,ASHOKLEY,26-May-2022,132.5,CE,0.0,0.0,0.0,5.35,6.55,0,0.0,0,0,18-APR-2022,
OPTSTK,ASHOKLEY,26-May-2022,135.0,CE,3.65,3.7,3.2,3.5,3.5,7,43.61,103500,9000,18-APR-2022,
OPTSTK,ASHOKLEY,26-May-2022,137.5,CE,0.0,0.0,0.0,4.3,4.85,0,0.0,0,0,18-APR-2022,
OPTSTK,ASHOKLEY,26-May-2022,140.0,CE,2.35,2.7,2.1,2.4,2.4,30,192.19,139500,36000,18-APR-2022,
OPTSTK,ASHOKLEY,26-May-2022,142.5,CE,0.0,0.0,0.0,3.4,3.5,0,0.0,0,0,18-APR-2022,
OPTSTK,ASHOKLEY,26-May-2022,145.0,CE,0.0,0.0,0.0,3.0,2.95,0,0.0,0,0,18-APR-2022,
OPTSTK,ASHOKLEY,26-May-2022,147.5,CE,0.0,0.0,0.0,2.7,2.5,0,0.0,0,0,18-APR-2022,
OPTSTK,ASHOKLEY,26-May-2022,150.0,CE,1.3,1.3,1.0,1.05,1.05,4,27.2,63000,13500,18-APR-2022,
OPTSTK,ASHOKLEY,26-May-2022,152.5,CE,0.0,0.0,0.0,2.1,1.75,0,0.0,0,0,18-APR-2022,
OPTSTK,ASHOKLEY,26-May-2022,155.0,CE,0.0,0.0,0.0,1.85,1.45,0,0.0,0,0,18-APR-2022,
OPTSTK,ASHOKLEY,26-May-2022,157.5,CE,0.0,0.0,0.0,1.65,1.2,0,0.0,0,0,18-APR-2022,
OPTSTK,ASHOKLEY,26-May-2022,160.0,CE,0.0,0.0,0.0,0.9,1.0,0,0.0,13500,0,18-APR-2022,
OPTSTK,ASHOKLEY,26-May-2022,162.5,CE,0.0,0.0,0.0,1.0,0.8,0,0.0,0,0,18-APR-2022,
OPTSTK,ASHOKLEY,26-May-2022,165.0,CE,0.0,0.0,0.0,1.15,0.7,0,0.0,0,0,18-APR-2022,
OPTSTK,ASHOKLEY,26-May-2022,167.5,CE,0.0,0.0,0.0,0.95,0.55,0,0.0,4500,0,18-APR-2022,
OPTSTK,ASHOKLEY,26-May-2022,72.5,PE,0.0,0.0,0.0,0.3,0.0,0,0.0,0,0,18-APR-2022,
OPTSTK,ASHOKLEY,26-May-2022,75.0,PE,0.0,0.0,0.0,0.45,0.0,0,0.0,0,0,18-APR-2022,
OPTSTK,ASHOKLEY,26-May-2022,77.5,PE,0.0,0.0,0.0,0.6,0.05,0,0.0,0,0,18-APR-2022,
OPTSTK,ASHOKLEY,26-May-2022,80.0,PE,0.0,0.0,0.0,0.8,0.05,0,0.0,0,0,18-APR-2022,
OPTSTK,ASHOKLEY,26-May-2022,82.5,PE,0.0,0.0,0.0,1.05,0.05,0,0.0,0,0,18-APR-2022,
OPTSTK,ASHOKLEY,26-May-2022,85.0,PE,0.0,0.0,0.0,1.35,0.05,0,0.0,0,0,18-APR-2022,
OPTSTK,ASHOKLEY,26-May-2022,87.5,PE,0.0,0.0,0.0,1.75,0.1,0,0.0,0,0,18-APR-2022,
OPTSTK,ASHOKLEY,26-May-2022,90.0,PE,0.5,0.5,0.5,0.5,0.1,1,4.07,18000,0,18-APR-2022,
OPTSTK,ASHOKLEY,26-May-2022,92.5,PE,0.0,0.0,0.0,2.7,0.2,0,0.0,0,0,18-APR-2022,
OPTSTK,ASHOKLEY,26-May-2022,95.0,PE,0.0,0.0,0.0,3.35,0.25,0,0.0,0,0,18-APR-2022,
OPTSTK,ASHOKLEY,26-May-2022,97.5,PE,0.0,0.0,0.0,4.5,0.4,0,0.0,4500,0,18-APR-2022,
OPTSTK,ASHOKLEY,26-May-2022,100.0,PE,1.5,1.5,0.65,0.85,0.85,8,36.35,49500,13500,18-APR-2022,
OPTSTK,ASHOKLEY,26-May-2022,102.5,PE,0.0,0.0,0.0,5.65,0.8,0,0.0,0,0,18-APR-2022,
OPTSTK,ASHOKLEY,26-May-2022,105.0,PE,0.0,0.0,0.0,2.1,1.1,0,0.0,27000,0,18-APR-2022,
OPTSTK,ASHOKLEY,26-May-2022,107.5,PE,0.0,0.0,0.0,7.7,1.45,0,0.0,0,0,18-APR-2022,
OPTSTK,ASHOKLEY,26-May-2022,110.0,PE,0.0,0.0,0.0,8.85,1.9,0,0.0,0,0,18-APR-2022,
OPTSTK,ASHOKLEY,26-May-2022,112.5,PE,0.0,0.0,0.0,10.05,2.45,0,0.0,0,0,18-APR-2022,
OPTSTK,ASHOKLEY,26-May-2022,115.0,PE,2.0,2.0,2.0,2.0,3.1,1,5.26,9000,0,18-APR-2022,
OPTSTK,ASHOKLEY,26-May-2022,117.5,PE,0.0,0.0,0.0,12.8,3.85,0,0.0,0,0,18-APR-2022,
OPTSTK,ASHOKLEY,26-May-2022,120.0,PE,3.4,3.85,3.05,3.05,3.05,13,72.16,144000,9000,18-APR-2022,
OPTSTK,ASHOKLEY,26-May-2022,122.5,PE,4.0,4.0,4.0,4.0,5.7,1,5.69,4500,4500,18-APR-2022,
OPTSTK,ASHOKLEY,26-May-2022,125.0,PE,5.45,5.45,5.0,5.1,6.85,5,29.29,45000,9000,18-APR-2022,
OPTSTK,ASHOKLEY,26-May-2022,127.5,PE,0.0,0.0,0.0,4.95,8.05,0,0.0,4500,0,18-APR-2022,
OPTSTK,ASHOKLEY,26-May-2022,130.0,PE,8.1,8.1,7.15,7.15,7.15,9,55.79,135000,9000,18-APR-2022,
OPTSTK,ASHOKLEY,26-May-2022,132.5,PE,0.0,0.0,0.0,22.85,10.9,0,0.0,0,0,18-APR-2022,
OPTSTK,ASHOKLEY,26-May-2022,135.0,PE,0.0,0.0,0.0,24.75,12.45,0,0.0,0,0,18-APR-2022,
OPTSTK,ASHOKLEY,26-May-2022,137.5,PE,0.0,0.0,0.0,26.7,14.15,0,0.0,0,0,18-APR-2022,
OPTSTK,ASHOKLEY,26-May-2022,140.0,PE,0.0,0.0,0.0,28.7,15.9,0,0.0,0,0,18-APR-2022,
OPTSTK,ASHOKLEY,26-May-2022,142.5,PE,0.0,0.0,0.0,30.75,17.8,0,0.0,0,0,18-APR-2022,
OPTSTK,ASHOKLEY,26-May-2022,145.0,PE,0.0,0.0,0.0,32.85,19.75,0,0.0,0,0,18-APR-2022,
OPTSTK,ASHOKLEY,26-May-2022,147.5,PE,0.0,0.0,0.0,35.0,21.75,0,0.0,0,0,18-APR-2022,
OPTSTK,ASHOKLEY,26-May-2022,150.0,PE,0.0,0.0,0.0,37.15,23.85,0,0.0,0,0,18-APR-2022,
OPTSTK,ASHOKLEY,26-May-2022,152.5,PE,0.0,0.0,0.0,39.35,26.0,0,0.0,0,0,18-APR-2022,
OPTSTK,ASHOKLEY,26-May-2022,155.0,PE,0.0,0.0,0.0,41.6,28.15,0,0.0,0,0,18-APR-2022,
OPTSTK,ASHOKLEY,26-May-2022,157.5,PE,0.0,0.0,0.0,43.85,30.4,0,0.0,0,0,18-APR-2022,
OPTSTK,ASHOKLEY,26-May-2022,160.0,PE,0.0,0.0,0.0,46.15,32.7,0,0.0,0,0,18-APR-2022,
OPTSTK,ASHOKLEY,26-May-2022,162.5,PE,0.0,0.0,0.0,48.45,35.0,0,0.0,0,0,18-APR-2022,
OPTSTK,ASHOKLEY,26-May-2022,165.0,PE,0.0,0.0,0.0,50.75,37.35,0,0.0,0,0,18-APR-2022,
OPTSTK,ASHOKLEY,26-May-2022,167.5,PE,0.0,0.0,0.0,53.1,39.7,0,0.0,0,0,18-APR-2022,
OPTSTK,ASHOKLEY,30-Jun-2022,72.5,CE,0.0,0.0,0.0,45.8,55.8,0,0.0,0,0,18-APR-2022,
OPTSTK,ASHOKLEY,30-Jun-2022,75.0,CE,0.0,0.0,0.0,43.45,53.3,0,0.0,0,0,18-APR-2022,
OPTSTK,ASHOKLEY,30-Jun-2022,77.5,CE,0.0,0.0,0.0,41.1,50.9,0,0.0,0,0,18-APR-2022,
OPTSTK,ASHOKLEY,30-Jun-2022,80.0,CE,0.0,0.0,0.0,38.85,48.45,0,0.0,0,0,18-APR-2022,
OPTSTK,ASHOKLEY,30-Jun-2022,82.5,CE,0.0,0.0,0.0,36.6,46.05,0,0.0,0,0,18-APR-2022,
OPTSTK,ASHOKLEY,30-Jun-2022,85.0,CE,0.0,0.0,0.0,34.4,43.65,0,0.0,0,0,18-APR-2022,
OPTSTK,ASHOKLEY,30-Jun-2022,87.5,CE,0.0,0.0,0.0,32.25,41.3,0,0.0,0,0,18-APR-2022,
OPTSTK,ASHOKLEY,30-Jun-2022,90.0,CE,0.0,0.0,0.0,30.2,39.0,0,0.0,0,0,18-APR-2022,
OPTSTK,ASHOKLEY,30-Jun-2022,92.5,CE,0.0,0.0,0.0,28.2,36.75,0,0.0,0,0,18-APR-2022,
OPTSTK,ASHOKLEY,30-Jun-2022,95.0,CE,0.0,0.0,0.0,26.3,34.5,0,0.0,0,0,18-APR-2022,
OPTSTK,ASHOKLEY,30-Jun-2022,97.5,CE,0.0,0.0,0.0,24.45,32.35,0,0.0,0,0,18-APR-2022,
OPTSTK,ASHOKLEY,30-Jun-2022,100.0,CE,0.0,0.0,0.0,22.65,30.2,0,0.0,0,0,18-APR-2022,
OPTSTK,ASHOKLEY,30-Jun-2022,102.5,CE,0.0,0.0,0.0,20.95,28.2,0,0.0,0,0,18-APR-2022,
OPTSTK,ASHOKLEY,30-Jun-2022,105.0,CE,0.0,0.0,0.0,19.35,26.2,0,0.0,0,0,18-APR-2022,
OPTSTK,ASHOKLEY,30-Jun-2022,107.5,CE,0.0,0.0,0.0,17.85,24.3,0,0.0,0,0,18-APR-2022,
OPTSTK,ASHOKLEY,30-Jun-2022,110.0,CE,0.0,0.0,0.0,16.4,22.5,0,0.0,0,0,18-APR-2022,
OPTSTK,ASHOKLEY,30-Jun-2022,112.5,CE,0.0,0.0,0.0,15.05,20.75,0,0.0,0,0,18-APR-2022,
OPTSTK,ASHOKLEY,30-Jun-2022,115.0,CE,0.0,0.0,0.0,13.8,19.1,0,0.0,0,0,18-APR-2022,
OPTSTK,ASHOKLEY,30-Jun-2022,117.5,CE,0.0,0.0,0.0,12.6,17.55,0,0.0,0,0,18-APR-2022,
OPTSTK,ASHOKLEY,30-Jun-2022,120.0,CE,0.0,0.0,0.0,11.5,16.1,0,0.0,0,0,18-APR-2022,
OPTSTK,ASHOKLEY,30-Jun-2022,122.5,CE,0.0,0.0,0.0,10.5,14.7,0,0.0,0,0,18-APR-2022,
OPTSTK,ASHOKLEY,30-Jun-2022,125.0,CE,0.0,0.0,0.0,9.55,13.4,0,0.0,0,0,18-APR-2022,
OPTSTK,ASHOKLEY,30-Jun-2022,127.5,CE,0.0,0.0,0.0,8.65,12.2,0,0.0,0,0,18-APR-2022,
OPTSTK,ASHOKLEY,30-Jun-2022,130.0,CE,0.0,0.0,0.0,7.85,11.05,0,0.0,0,0,18-APR-2022,
OPTSTK,ASHOKLEY,30-Jun-2022,132.5,CE,0.0,0.0,0.0,7.1,10.0,0,0.0,0,0,18-APR-2022,
OPTSTK,ASHOKLEY,30-Jun-2022,135.0,CE,0.0,0.0,0.0,6.45,9.05,0,0.0,0,0,18-APR-2022,
OPTSTK,ASHOKLEY,30-Jun-2022,137.5,CE,0.0,0.0,0.0,5.8,8.15,0,0.0,0,0,18-APR-2022,
OPTSTK,ASHOKLEY,30-Jun-2022,140.0,CE,0.0,0.0,0.0,5.25,7.35,0,0.0,0,0,18-APR-2022,
OPTSTK,ASHOKLEY,30-Jun-2022,142.5,CE,0.0,0.0,0.0,4.75,6.6,0,0.0,0,0,18-APR-2022,
OPTSTK,ASHOKLEY,30-Jun-2022,145.0,CE,0.0,0.0,0.0,4.25,5.95,0,0.0,0,0,18-APR-2022,
OPTSTK,ASHOKLEY,30-Jun-2022,147.5,CE,0.0,0.0,0.0,3.8,5.3,0,0.0,0,0,18-APR-2022,
OPTSTK,ASHOKLEY,30-Jun-2022,150.0,CE,0.0,0.0,0.0,3.45,4.75,0,0.0,0,0,18-APR-2022,
OPTSTK,ASHOKLEY,30-Jun-2022,152.5,CE,0.0,0.0,0.0,3.1,4.25,0,0.0,0,0,18-APR-2022,
OPTSTK,ASHOKLEY,30-Jun-2022,155.0,CE,0.0,0.0,0.0,2.75,3.8,0,0.0,0,0,18-APR-2022,
OPTSTK,ASHOKLEY,30-Jun-2022,157.5,CE,0.0,0.0,0.0,2.45,3.35,0,0.0,0,0,18-APR-2022,
OPTSTK,ASHOKLEY,30-Jun-2022,160.0,CE,0.0,0.0,0.0,2.2,3.0,0,0.0,0,0,18-APR-2022,
OPTSTK,ASHOKLEY,30-Jun-2022,162.5,CE,0.0,0.0,0.0,1.95,2.65,0,0.0,0,0,18-APR-2022,
OPTSTK,ASHOKLEY,30-Jun-2022,72.5,PE,0.0,0.0,0.0,0.3,0.05,0,0.0,0,0,18-APR-2022,
OPTSTK,ASHOKLEY,30-Jun-2022,75.0,PE,0.0,0.0,0.0,0.4,0.1,0,0.0,0,0,18-APR-2022,
OPTSTK,ASHOKLEY,30-Jun-2022,77.5,PE,0.0,0.0,0.0,0.55,0.15,0,0.0,0,0,18-APR-2022,
OPTSTK,ASHOKLEY,30-Jun-2022,80.0,PE,0.0,0.0,0.0,0.75,0.2,0,0.0,0,0,18-APR-2022,
OPTSTK,ASHOKLEY,30-Jun-2022,82.5,PE,0.0,0.0,0.0,0.95,0.25,0,0.0,0,0,18-APR-2022,
OPTSTK,ASHOKLEY,30-Jun-2022,85.0,PE,0.0,0.0,0.0,1.25,0.35,0,0.0,0,0,18-APR-2022,
OPTSTK,ASHOKLEY,30-Jun-2022,87.5,PE,0.0,0.0,0.0,1.6,0.5,0,0.0,0,0,18-APR-2022,
OPTSTK,ASHOKLEY,30-Jun-2022,90.0,PE,0.0,0.0,0.0,2.0,0.65,0,0.0,0,0,18-APR-2022,
OPTSTK,ASHOKLEY,30-Jun-2022,92.5,PE,0.0,0.0,0.0,2.5,0.85,0,0.0,0,0,18-APR-2022,
OPTSTK,ASHOKLEY,30-Jun-2022,95.0,PE,0.0,0.0,0.0,3.05,1.1,0,0.0,0,0,18-APR-2022,
OPTSTK,ASHOKLEY,30-Jun-2022,97.5,PE,0.0,0.0,0.0,3.65,1.4,0,0.0,0,0,18-APR-2022,
OPTSTK,ASHOKLEY,30-Jun-2022,100.0,PE,0.0,0.0,0.0,4.35,1.8,0,0.0,0,0,18-APR-2022,
OPTSTK,ASHOKLEY,30-Jun-2022,102.5,PE,0.0,0.0,0.0,5.15,2.2,0,0.0,0,0,18-APR-2022,
OPTSTK,ASHOKLEY,30-Jun-2022,105.0,PE,0.0,0.0,0.0,6.0,2.7,0,0.0,0,0,18-APR-2022,
OPTSTK,ASHOKLEY,30-Jun-2022,107.5,PE,0.0,0.0,0.0,6.95,3.3,0,0.0,0,0,18-APR-2022,
OPTSTK,ASHOKLEY,30-Jun-2022,110.0,PE,0.0,0.0,0.0,8.0,3.95,0,0.0,0,0,18-APR-2022,
OPTSTK,ASHOKLEY,30-Jun-2022,112.5,PE,0.0,0.0,0.0,9.15,4.7,0,0.0,0,0,18-APR-2022,
OPTSTK,ASHOKLEY,30-Jun-2022,115.0,PE,0.0,0.0,0.0,10.35,5.55,0,0.0,0,0,18-APR-2022,
OPTSTK,ASHOKLEY,30-Jun-2022,117.5,PE,0.0,0.0,0.0,11.65,6.45,0,0.0,0,0,18-APR-2022,
OPTSTK,ASHOKLEY,30-Jun-2022,120.0,PE,0.0,0.0,0.0,6.2,7.45,0,0.0,9000,0,18-APR-2022,
OPTSTK,ASHOKLEY,30-Jun-2022,122.5,PE,0.0,0.0,0.0,14.45,8.55,0,0.0,0,0,18-APR-2022,
OPTSTK,ASHOKLEY,30-Jun-2022,125.0,PE,0.0,0.0,0.0,16.0,9.75,0,0.0,0,0,18-APR-2022,
OPTSTK,ASHOKLEY,30-Jun-2022,127.5,PE,11.35,11.35,11.35,11.35,11.0,1,6.24,4500,4500,18-APR-2022,
OPTSTK,ASHOKLEY,30-Jun-2022,130.0,PE,0.0,0.0,0.0,19.25,12.35,0,0.0,0,0,18-APR-2022,
OPTSTK,ASHOKLEY,30-Jun-2022,132.5,PE,0.0,0.0,0.0,20.95,13.8,0,0.0,0,0,18-APR-2022,
OPTSTK,ASHOKLEY,30-Jun-2022,135.0,PE,0.0,0.0,0.0,22.75,15.3,0,0.0,0,0,18-APR-2022,
OPTSTK,ASHOKLEY,30-Jun-2022,137.5,PE,0.0,0.0,0.0,24.6,16.9,0,0.0,0,0,18-APR-2022,
OPTSTK,ASHOKLEY,30-Jun-2022,140.0,PE,0.0,0.0,0.0,26.5,18.55,0,0.0,0,0,18-APR-2022,
OPTSTK,ASHOKLEY,30-Jun-2022,142.5,PE,0.0,0.0,0.0,28.5,20.3,0,0.0,0,0,18-APR-2022,
OPTSTK,ASHOKLEY,30-Jun-2022,145.0,PE,0.0,0.0,0.0,30.5,22.1,0,0.0,0,0,18-APR-2022,
OPTSTK,ASHOKLEY,30-Jun-2022,147.5,PE,0.0,0.0,0.0,32.5,23.95,0,0.0,0,0,18-APR-2022,
OPTSTK,ASHOKLEY,30-Jun-2022,150.0,PE,0.0,0.0,0.0,34.6,25.9,0,0.0,0,0,18-APR-2022,
OPTSTK,ASHOKLEY,30-Jun-2022,152.5,PE,0.0,0.0,0.0,36.7,27.85,0,0.0,0,0,18-APR-2022,
OPTSTK,ASHOKLEY,30-Jun-2022,155.0,PE,0.0,0.0,0.0,38.9,29.85,0,0.0,0,0,18-APR-2022,
OPTSTK,ASHOKLEY,30-Jun-2022,157.5,PE,0.0,0.0,0.0,41.05,31.95,0,0.0,0,0,18-APR-2022,
OPTSTK,ASHOKLEY,30-Jun-2022,160.0,PE,0.0,0.0,0.0,43.25,34.05,0,0.0,0,0,18-APR-2022,
OPTSTK,ASHOKLEY,30-Jun-2022,162.5,PE,0.0,0.0,0.0,45.5,36.2,0,0.0,0,0,18-APR-2022,
OPTSTK,ASIANPAINT,28-Apr-2022,2300.0,CE,0.0,0.0,0.0,787.5,724.15,0,0.0,0,0,18-APR-2022,
OPTSTK,ASIANPAINT,28-Apr-2022,2320.0,CE,0.0,0.0,0.0,826.6,704.2,0,0.0,0,0,18-APR-2022,
OPTSTK,ASIANPAINT,28-Apr-2022,2340.0,CE,0.0,0.0,0.0,807.6,684.2,0,0.0,0,0,18-APR-2022,
OPTSTK,ASIANPAINT,28-Apr-2022,2350.0,CE,0.0,0.0,0.0,737.55,674.2,0,0.0,0,0,18-APR-2022,
OPTSTK,ASIANPAINT,28-Apr-2022,2360.0,CE,0.0,0.0,0.0,788.7,664.25,0,0.0,0,0,18-APR-2022,
OPTSTK,ASIANPAINT,28-Apr-2022,2380.0,CE,0.0,0.0,0.0,769.9,644.25,0,0.0,0,0,18-APR-2022,
OPTSTK,ASIANPAINT,28-Apr-2022,2400.0,CE,0.0,0.0,0.0,751.2,624.25,0,0.0,0,0,18-APR-2022,
OPTSTK,ASIANPAINT,28-Apr-2022,2420.0,CE,0.0,0.0,0.0,732.65,604.3,0,0.0,0,0,18-APR-2022,
OPTSTK,ASIANPAINT,28-Apr-2022,2440.0,CE,0.0,0.0,0.0,714.2,584.3,0,0.0,0,0,18-APR-2022,
OPTSTK,ASIANPAINT,28-Apr-2022,2450.0,CE,0.0,0.0,0.0,638.4,574.35,0,0.0,0,0,18-APR-2022,
OPTSTK,ASIANPAINT,28-Apr-2022,2460.0,CE,0.0,0.0,0.0,695.9,564.35,0,0.0,0,0,18-APR-2022,
OPTSTK,ASIANPAINT,28-Apr-2022,2480.0,CE,0.0,0.0,0.0,677.7,544.35,0,0.0,0,0,18-APR-2022,
OPTSTK,ASIANPAINT,28-Apr-2022,2500.0,CE,0.0,0.0,0.0,659.7,524.4,0,0.0,0,0,18-APR-2022,
OPTSTK,ASIANPAINT,28-Apr-2022,2520.0,CE,0.0,0.0,0.0,641.85,504.45,0,0.0,0,0,18-APR-2022,
OPTSTK,ASIANPAINT,28-Apr-2022,2540.0,CE,0.0,0.0,0.0,624.15,484.45,0,0.0,0,0,18-APR-2022,
OPTSTK,ASIANPAINT,28-Apr-2022,2550.0,CE,0.0,0.0,0.0,540.35,474.5,0,0.0,0,0,18-APR-2022,
OPTSTK,ASIANPAINT,28-Apr-2022,2560.0,CE,0.0,0.0,0.0,606.65,464.5,0,0.0,0,0,18-APR-2022,
OPTSTK,ASIANPAINT,28-Apr-2022,2580.0,CE,0.0,0.0,0.0,589.3,444.6,0,0.0,0,0,18-APR-2022,
OPTSTK,ASIANPAINT,28-Apr-2022,2600.0,CE,0.0,0.0,0.0,572.2,424.7,0,0.0,0,0,18-APR-2022,
OPTSTK,ASIANPAINT,28-Apr-2022,2620.0,CE,0.0,0.0,0.0,555.25,404.8,0,0.0,0,0,18-APR-2022,
OPTSTK,ASIANPAINT,28-Apr-2022,2640.0,CE,0.0,0.0,0.0,538.55,385.0,0,0.0,0,0,18-APR-2022,
OPTSTK,ASIANPAINT,28-Apr-2022,2650.0,CE,0.0,0.0,0.0,444.85,375.1,0,0.0,0,0,18-APR-2022,
OPTSTK,ASIANPAINT,28-Apr-2022,2660.0,CE,0.0,0.0,0.0,177.0,365.2,0,0.0,300,0,18-APR-2022,
OPTSTK,ASIANPAINT,28-Apr-2022,2680.0,CE,0.0,0.0,0.0,505.8,345.55,0,0.0,0,0,18-APR-2022,
OPTSTK,ASIANPAINT,28-Apr-2022,2700.0,CE,367.5,367.5,367.5,367.5,325.95,1,4.6,900,0,18-APR-2022,
OPTSTK,ASIANPAINT,28-Apr-2022,2720.0,CE,0.0,0.0,0.0,474.0,306.55,0,0.0,0,0,18-APR-2022,
OPTSTK,ASIANPAINT,28-Apr-2022,2740.0,CE,0.0,0.0,0.0,458.5,287.35,0,0.0,0,0,18-APR-2022,
OPTSTK,ASIANPAINT,28-Apr-2022,2750.0,CE,0.0,0.0,0.0,354.15,277.8,0,0.0,0,0,18-APR-2022,
OPTSTK,ASIANPAINT,28-Apr-2022,2760.0,CE,0.0,0.0,0.0,443.25,268.35,0,0.0,0,0,18-APR-2022,
OPTSTK,ASIANPAINT,28-Apr-2022,2780.0,CE,0.0,0.0,0.0,428.25,249.65,0,0.0,0,0,18-APR-2022,
OPTSTK,ASIANPAINT,28-Apr-2022,2800.0,CE,0.0,0.0,0.0,295.6,231.3,0,0.0,3300,0,18-APR-2022,
OPTSTK,ASIANPAINT,28-Apr-2022,2820.0,CE,0.0,0.0,0.0,399.2,213.35,0,0.0,0,0,18-APR-2022,
OPTSTK,ASIANPAINT,28-Apr-2022,2840.0,CE,0.0,0.0,0.0,225.95,195.9,0,0.0,150,0,18-APR-2022,
OPTSTK,ASIANPAINT,28-Apr-2022,2850.0,CE,0.0,0.0,0.0,271.1,187.35,0,0.0,0,0,18-APR-2022,
OPTSTK,ASIANPAINT,28-Apr-2022,2860.0,CE,0.0,0.0,0.0,371.15,179.0,0,0.0,0,0,18-APR-2022,
OPTSTK,ASIANPAINT,28-Apr-2022,2880.0,CE,0.0,0.0,0.0,357.45,162.7,0,0.0,0,0,18-APR-2022,
OPTSTK,ASIANPAINT,28-Apr-2022,2900.0,CE,168.85,170.0,147.05,151.35,151.35,28,128.27,12000,-900,18-APR-2022,
OPTSTK,ASIANPAINT,28-Apr-2022,2920.0,CE,0.0,0.0,0.0,331.2,132.2,0,0.0,0,0,18-APR-2022,
OPTSTK,ASIANPAINT,28-Apr-2022,2940.0,CE,0.0,0.0,0.0,318.55,118.15,0,0.0,0,0,18-APR-2022,
OPTSTK,ASIANPAINT,28-Apr-2022,2950.0,CE,0.0,0.0,0.0,198.5,111.45,0,0.0,0,0,18-APR-2022,
OPTSTK,ASIANPAINT,28-Apr-2022,2960.0,CE,105.5,105.5,103.45,103.5,103.5,3,13.78,300,300,18-APR-2022,
OPTSTK,ASIANPAINT,28-Apr-2022,2980.0,CE,147.05,147.05,147.05,147.05,92.65,1,4.69,150,150,18-APR-2022,
OPTSTK,ASIANPAINT,28-Apr-2022,3000.0,CE,83.25,95.0,71.1,73.65,73.65,314,1450.69,36450,3900,18-APR-2022,
OPTSTK,ASIANPAINT,28-Apr-2022,3020.0,CE,73.95,77.0,58.0,61.05,61.05,92,425.58,8250,3150,18-APR-2022,
OPTSTK,ASIANPAINT,28-Apr-2022,3040.0,CE,64.75,69.2,46.75,49.6,49.6,646,2999.06,22500,16350,18-APR-2022,
OPTSTK,ASIANPAINT,28-Apr-2022,3050.0,CE,68.45,68.45,43.0,45.1,45.1,484,2250.85,10800,10050,18-APR-2022,
OPTSTK,ASIANPAINT,28-Apr-2022,3060.0,CE,56.2,56.2,38.0,40.4,40.4,557,2594.32,23250,8850,18-APR-2022,
OPTSTK,ASIANPAINT,28-Apr-2022,3080.0,CE,61.8,61.8,30.55,32.55,32.55,707,3306.16,29400,5400,18-APR-2022,
OPTSTK,ASIANPAINT,28-Apr-2022,3100.0,CE,44.45,44.45,24.8,26.4,26.4,2241,10524.04,158700,34050,18-APR-2022,
OPTSTK,ASIANPAINT,28-Apr-2022,3120.0,CE,26.75,30.65,20.4,21.5,21.5,680,3207.67,36600,9000,18-APR-2022,
OPTSTK,ASIANPAINT,28-Apr-2022,3140.0,CE,30.15,30.15,16.8,17.75,17.75,649,3076.67,48450,11850,18-APR-2022,
OPTSTK,ASIANPAINT,28-Apr-2022,3150.0,CE,22.5,28.0,15.55,16.3,16.3,706,3355.95,40950,4350,18-APR-2022,
OPTSTK,ASIANPAINT,28-Apr-2022,3160.0,CE,18.1,20.65,14.3,15.15,15.15,652,3107.31,41100,3750,18-APR-2022,
OPTSTK,ASIANPAINT,28-Apr-2022,3180.0,CE,26.0,26.0,12.05,12.85,12.85,642,3076.67,52950,600,18-APR-2022,
OPTSTK,ASIANPAINT,28-Apr-2022,3200.0,CE,18.0,18.0,10.8,11.2,11.2,2274,10956.92,334800,42900,18-APR-2022,
OPTSTK,ASIANPAINT,28-Apr-2022,3220.0,CE,13.15,15.05,9.45,9.8,9.8,497,2408.44,54750,300,18-APR-2022,
OPTSTK,ASIANPAINT,28-Apr-2022,3240.0,CE,9.05,11.15,8.2,8.4,8.4,563,2743.93,26400,2700,18-APR-2022,
OPTSTK,ASIANPAINT,28-Apr-2022,3250.0,CE,7.55,10.25,7.45,8.05,8.05,282,1378.4,25050,450,18-APR-2022,
OPTSTK,ASIANPAINT,28-Apr-2022,3260.0,CE,10.55,10.55,7.1,7.5,7.5,317,1553.89,21450,6450,18-APR-2022,
OPTSTK,ASIANPAINT,28-Apr-2022,3280.0,CE,8.3,8.5,6.3,6.85,6.85,119,586.75,9750,300,18-APR-2022,
OPTSTK,ASIANPAINT,28-Apr-2022,3300.0,CE,6.05,7.6,4.45,6.3,6.3,1736,8609.32,195150,-13500,18-APR-2022,
OPTSTK,ASIANPAINT,28-Apr-2022,3320.0,CE,4.8,6.8,4.45,5.6,5.6,281,1401.7,7500,-300,18-APR-2022,
OPTSTK,ASIANPAINT,28-Apr-2022,3340.0,CE,4.55,6.2,3.55,5.05,5.05,266,1334.64,7200,300,18-APR-2022,
OPTSTK,ASIANPAINT,28-Apr-2022,3350.0,CE,4.25,5.9,3.85,4.8,4.8,402,2022.84,8700,-900,18-APR-2022,
OPTSTK,ASIANPAINT,28-Apr-2022,3360.0,CE,4.2,5.6,3.7,4.55,4.55,345,1741.12,13650,5550,18-APR-2022,
OPTSTK,ASIANPAINT,28-Apr-2022,3380.0,CE,3.65,5.15,2.75,4.4,4.4,258,1309.68,6750,2400,18-APR-2022,
OPTSTK,ASIANPAINT,28-Apr-2022,3400.0,CE,5.3,5.3,2.9,3.75,3.75,765,3905.82,105150,1500,18-APR-2022,
OPTSTK,ASIANPAINT,28-Apr-2022,3420.0,CE,3.05,4.3,2.55,3.75,3.75,225,1155.42,19050,-3000,18-APR-2022,
OPTSTK,ASIANPAINT,28-Apr-2022,3440.0,CE,2.8,3.9,2.35,3.55,3.55,189,976.14,6450,-1500,18-APR-2022,
OPTSTK,ASIANPAINT,28-Apr-2022,3450.0,CE,0.0,0.0,0.0,19.75,0.65,0,0.0,300,0,18-APR-2022,
OPTSTK,ASIANPAINT,28-Apr-2022,3460.0,CE,2.55,3.6,1.8,3.2,3.2,150,779.13,6450,-150,18-APR-2022,
OPTSTK,ASIANPAINT,28-Apr-2022,3480.0,CE,2.35,3.3,1.55,2.95,2.95,194,1013.43,4800,-750,18-APR-2022,
OPTSTK,ASIANPAINT,28-Apr-2022,3500.0,CE,3.2,3.2,1.6,2.75,2.75,834,4381.69,105900,-14550,18-APR-2022,
OPTSTK,ASIANPAINT,28-Apr-2022,3520.0,CE,0.0,0.0,0.0,2.8,0.25,0,0.0,5550,0,18-APR-2022,
OPTSTK,ASIANPAINT,28-Apr-2022,3540.0,CE,0.0,0.0,0.0,76.6,0.15,0,0.0,0,0,18-APR-2022,
OPTSTK,ASIANPAINT,28-Apr-2022,3550.0,CE,0.0,0.0,0.0,10.75,0.15,0,0.0,0,0,18-APR-2022,
OPTSTK,ASIANPAINT,28-Apr-2022,3560.0,CE,0.0,0.0,0.0,72.5,0.15,0,0.0,0,0,18-APR-2022,
OPTSTK,ASIANPAINT,28-Apr-2022,3580.0,CE,0.0,0.0,0.0,68.4,0.1,0,0.0,0,0,18-APR-2022,
OPTSTK,ASIANPAINT,28-Apr-2022,3600.0,CE,1.65,2.1,0.85,2.05,2.05,140,756.31,43950,-4200,18-APR-2022,
OPTSTK,ASIANPAINT,28-Apr-2022,3620.0,CE,0.0,0.0,0.0,61.05,0.05,0,0.0,0,0,18-APR-2022,
OPTSTK,ASIANPAINT,28-Apr-2022,3640.0,CE,0.0,0.0,0.0,57.65,0.05,0,0.0,0,0,18-APR-2022,
OPTSTK,ASIANPAINT,28-Apr-2022,3650.0,CE,0.0,0.0,0.0,5.55,0.05,0,0.0,0,0,18-APR-2022,
OPTSTK,ASIANPAINT,28-Apr-2022,3660.0,CE,0.0,0.0,0.0,54.4,0.05,0,0.0,0,0,18-APR-2022,
OPTSTK,ASIANPAINT,28-Apr-2022,3680.0,CE,0.0,0.0,0.0,51.3,0.05,0,0.0,0,0,18-APR-2022,
OPTSTK,ASIANPAINT,28-Apr-2022,3700.0,CE,0.8,1.4,0.8,1.4,0.05,17,94.37,7650,300,18-APR-2022,
OPTSTK,ASIANPAINT,28-Apr-2022,3720.0,CE,0.0,0.0,0.0,45.6,0.05,0,0.0,0,0,18-APR-2022,
OPTSTK,ASIANPAINT,28-Apr-2022,3740.0,CE,0.0,0.0,0.0,42.95,0.0,0,0.0,0,0,18-APR-2022,
OPTSTK,ASIANPAINT,28-Apr-2022,3750.0,CE,0.0,0.0,0.0,3.4,0.0,0,0.0,300,0,18-APR-2022,
OPTSTK,ASIANPAINT,28-Apr-2022,3760.0,CE,0.0,0.0,0.0,40.45,0.0,0,0.0,0,0,18-APR-2022,
OPTSTK,ASIANPAINT,28-Apr-2022,3780.0,CE,0.0,0.0,0.0,38.05,0.0,0,0.0,0,0,18-APR-2022,
OPTSTK,ASIANPAINT,28-Apr-2022,3800.0,CE,0.8,0.8,0.8,0.8,0.0,3,17.1,11400,150,18-APR-2022,
OPTSTK,ASIANPAINT,28-Apr-2022,3820.0,CE,0.0,0.0,0.0,33.65,0.0,0,0.0,0,0,18-APR-2022,
OPTSTK,ASIANPAINT,28-Apr-2022,3840.0,CE,0.0,0.0,0.0,31.65,0.0,0,0.0,0,0,18-APR-2022,
OPTSTK,ASIANPAINT,28-Apr-2022,3850.0,CE,0.0,0.0,0.0,1.3,0.0,0,0.0,0,0,18-APR-2022,
OPTSTK,ASIANPAINT,28-Apr-2022,3860.0,CE,0.0,0.0,0.0,29.7,0.0,0,0.0,0,0,18-APR-2022,
OPTSTK,ASIANPAINT,28-Apr-2022,3880.0,CE,0.0,0.0,0.0,27.9,0.0,0,0.0,0,0,18-APR-2022,
OPTSTK,ASIANPAINT,28-Apr-2022,3900.0,CE,0.5,3.0,0.2,0.65,0.65,70,409.6,6750,-900,18-APR-2022,
OPTSTK,ASIANPAINT,28-Apr-2022,3920.0,CE,0.0,0.0,0.0,0.45,0.0,0,0.0,300,0,18-APR-2022,
OPTSTK,ASIANPAINT,28-Apr-2022,2300.0,PE,0.0,0.0,0.0,4.4,0.0,0,0.0,0,0,18-APR-2022,
OPTSTK,ASIANPAINT,28-Apr-2022,2320.0,PE,0.0,0.0,0.0,5.5,0.0,0,0.0,0,0,18-APR-2022,
OPTSTK,ASIANPAINT,28-Apr-2022,2340.0,PE,0.0,0.0,0.0,1.0,0.0,0,0.0,3300,0,18-APR-2022,
OPTSTK,ASIANPAINT,28-Apr-2022,2350.0,PE,0.0,0.0,0.0,0.2,0.0,0,0.0,0,0,18-APR-2022,
OPTSTK,ASIANPAINT,28-Apr-2022,2360.0,PE,0.0,0.0,0.0,7.15,0.0,0,0.0,0,0,18-APR-2022,
OPTSTK,ASIANPAINT,28-Apr-2022,2380.0,PE,0.0,0.0,0.0,8.15,0.0,0,0.0,0,0,18-APR-2022,
OPTSTK,ASIANPAINT,28-Apr-2022,2400.0,PE,0.0,0.0,0.0,9.25,0.0,0,0.0,0,0,18-APR-2022,
OPTSTK,ASIANPAINT,28-Apr-2022,2420.0,PE,0.0,0.0,0.0,10.5,0.0,0,0.0,0,0,18-APR-2022,
OPTSTK,ASIANPAINT,28-Apr-2022,2440.0,PE,0.0,0.0,0.0,11.85,0.0,0,0.0,0,0,18-APR-2022,
OPTSTK,ASIANPAINT,28-Apr-2022,2450.0,PE,0.0,0.0,0.0,0.75,0.0,0,0.0,0,0,18-APR-2022,
OPTSTK,ASIANPAINT,28-Apr-2022,2460.0,PE,0.0,0.0,0.0,13.3,0.0,0,0.0,0,0,18-APR-2022,
OPTSTK,ASIANPAINT,28-Apr-2022,2480.0,PE,0.0,0.0,0.0,4.05,0.05,0,0.0,150,0,18-APR-2022,
OPTSTK,ASIANPAINT,28-Apr-2022,2500.0,PE,1.95,2.55,1.7,2.2,2.2,58,217.66,41400,-2250,18-APR-2022,
OPTSTK,ASIANPAINT,28-Apr-2022,2520.0,PE,0.0,0.0,0.0,90.0,0.05,0,0.0,0,0,18-APR-2022,
OPTSTK,ASIANPAINT,28-Apr-2022,2540.0,PE,0.0,0.0,0.0,20.75,0.05,0,0.0,0,0,18-APR-2022,
OPTSTK,ASIANPAINT,28-Apr-2022,2550.0,PE,0.0,0.0,0.0,2.4,0.1,0,0.0,0,0,18-APR-2022,
OPTSTK,ASIANPAINT,28-Apr-2022,2560.0,PE,0.0,0.0,0.0,23.05,0.1,0,0.0,0,0,18-APR-2022,
OPTSTK,ASIANPAINT,28-Apr-2022,2580.0,PE,0.0,0.0,0.0,25.5,0.15,0,0.0,0,0,18-APR-2022,
OPTSTK,ASIANPAINT,28-Apr-2022,2600.0,PE,3.45,3.45,1.9,3.1,3.1,97,378.69,24150,0,18-APR-2022,
OPTSTK,ASIANPAINT,28-Apr-2022,2620.0,PE,0.0,0.0,0.0,31.05,0.3,0,0.0,0,0,18-APR-2022,
OPTSTK,ASIANPAINT,28-Apr-2022,2640.0,PE,0.0,0.0,0.0,2.9,0.45,0,0.0,750,0,18-APR-2022,
OPTSTK,ASIANPAINT,28-Apr-2022,2650.0,PE,0.0,0.0,0.0,6.55,0.55,0,0.0,0,0,18-APR-2022,
OPTSTK,ASIANPAINT,28-Apr-2022,2660.0,PE,0.0,0.0,0.0,161.75,0.65,0,0.0,750,0,18-APR-2022,
OPTSTK,ASIANPAINT,28-Apr-2022,2680.0,PE,0.0,0.0,0.0,40.95,0.95,0,0.0,0,0,18-APR-2022,
OPTSTK,ASIANPAINT,28-Apr-2022,2700.0,PE,4.05,5.5,1.75,5.05,5.05,771,3126.78,58200,9900,18-APR-2022,
OPTSTK,ASIANPAINT,28-Apr-2022,2720.0,PE,0.0,0.0,0.0,48.75,1.95,0,0.0,0,0,18-APR-2022,
OPTSTK,ASIANPAINT,28-Apr-2022,2740.0,PE,0.0,0.0,0.0,2.5,2.7,0,0.0,4800,0,18-APR-2022,
OPTSTK,ASIANPAINT,28-Apr-2022,2750.0,PE,0.0,0.0,0.0,15.55,3.15,0,0.0,0,0,18-APR-2022,
OPTSTK,ASIANPAINT,28-Apr-2022,2760.0,PE,0.0,0.0,0.0,15.55,3.7,0,0.0,2250,0,18-APR-2022,
OPTSTK,ASIANPAINT,28-Apr-2022,2780.0,PE,0.0,0.0,0.0,7.9,4.95,0,0.0,4800,0,18-APR-2022,
OPTSTK,ASIANPAINT,28-Apr-2022,2800.0,PE,6.0,10.65,4.35,9.6,9.6,1004,4226.68,75300,6300,18-APR-2022,
OPTSTK,ASIANPAINT,28-Apr-2022,2820.0,PE,9.4,9.4,9.4,9.4,8.65,1,4.24,450,150,18-APR-2022,
OPTSTK,ASIANPAINT,28-Apr-2022,2840.0,PE,6.5,6.5,6.5,6.5,11.15,1,4.26,900,150,18-APR-2022,
OPTSTK,ASIANPAINT,28-Apr-2022,2850.0,PE,12.95,15.4,11.5,14.15,14.15,83,356.4,4500,1800,18-APR-2022,
OPTSTK,ASIANPAINT,28-Apr-2022,2860.0,PE,7.05,16.45,7.05,15.3,15.3,183,788.1,7800,1950,18-APR-2022,
OPTSTK,ASIANPAINT,28-Apr-2022,2880.0,PE,9.0,9.05,9.0,9.05,17.9,2,8.66,6300,-150,18-APR-2022,
OPTSTK,ASIANPAINT,28-Apr-2022,2900.0,PE,9.75,22.15,9.75,20.25,20.25,1159,5068.81,87900,14550,18-APR-2022,
OPTSTK,ASIANPAINT,28-Apr-2022,2920.0,PE,20.6,26.1,20.6,22.5,22.5,71,313.34,10800,4200,18-APR-2022,
OPTSTK,ASIANPAINT,28-Apr-2022,2940.0,PE,18.55,29.0,17.95,26.3,26.3,291,1293.53,21150,18450,18-APR-2022,
OPTSTK,ASIANPAINT,28-Apr-2022,2950.0,PE,16.15,32.0,16.15,28.9,28.9,1743,7784.29,87150,81000,18-APR-2022,
OPTSTK,ASIANPAINT,28-Apr-2022,2960.0,PE,20.0,34.35,19.6,30.25,30.25,232,1039.51,15150,9750,18-APR-2022,
OPTSTK,ASIANPAINT,28-Apr-2022,2980.0,PE,39.55,39.55,24.0,35.5,35.5,199,899.0,8850,2400,18-APR-2022,
OPTSTK,ASIANPAINT,28-Apr-2022,3000.0,PE,30.45,47.0,29.0,41.0,41.0,2225,10135.88,137850,150,18-APR-2022,
OPTSTK,ASIANPAINT,28-Apr-2022,3020.0,PE,48.6,53.85,34.2,47.45,47.45,959,4407.64,31650,18000,18-APR-2022,
OPTSTK,ASIANPAINT,28-Apr-2022,3040.0,PE,50.8,63.0,41.25,56.1,56.1,845,3917.8,30900,11400,18-APR-2022,
OPTSTK,ASIANPAINT,28-Apr-2022,3050.0,PE,44.35,129.75,44.35,60.85,60.85,653,3042.66,18150,5850,18-APR-2022,
OPTSTK,ASIANPAINT,28-Apr-2022,3060.0,PE,64.95,73.25,50.4,66.1,66.1,374,1750.31,23700,-2250,18-APR-2022,
OPTSTK,ASIANPAINT,28-Apr-2022,3080.0,PE,67.75,85.45,61.55,78.6,78.6,215,1016.85,25050,-10350,18-APR-2022,
OPTSTK,ASIANPAINT,28-Apr-2022,3100.0,PE,80.0,99.0,72.0,92.15,92.15,355,1696.46,99450,-16350,18-APR-2022,
OPTSTK,ASIANPAINT,28-Apr-2022,3120.0,PE,92.45,113.8,90.2,110.35,110.35,85,410.77,19050,-1350,18-APR-2022,
OPTSTK,ASIANPAINT,28-Apr-2022,3140.0,PE,105.6,130.0,105.05,127.35,127.35,67,327.25,21150,750,18-APR-2022,
OPTSTK,ASIANPAINT,28-Apr-2022,3150.0,PE,118.15,136.0,111.8,129.0,129.0,27,132.52,7050,-900,18-APR-2022,
OPTSTK,ASIANPAINT,28-Apr-2022,3160.0,PE,127.65,146.0,120.25,142.05,142.05,33,163.18,19500,-2250,18-APR-2022,
OPTSTK,ASIANPAINT,28-Apr-2022,3180.0,PE,168.55,168.65,136.3,157.25,157.25,51,254.79,12300,-900,18-APR-2022,
OPTSTK,ASIANPAINT,28-Apr-2022,3200.0,PE,163.5,180.0,157.45,174.5,174.5,126,636.85,106650,-7950,18-APR-2022,
OPTSTK,ASIANPAINT,28-Apr-2022,3220.0,PE,180.15,183.25,180.15,183.25,206.95,2,10.2,4650,-150,18-APR-2022,
OPTSTK,ASIANPAINT,28-Apr-2022,3240.0,PE,192.0,213.0,192.0,213.0,224.55,4,20.68,1650,0,18-APR-2022,
OPTSTK,ASIANPAINT,28-Apr-2022,3250.0,PE,0.0,0.0,0.0,145.4,233.5,0,0.0,900,0,18-APR-2022,
OPTSTK,ASIANPAINT,28-Apr-2022,3260.0,PE,0.0,0.0,0.0,267.2,242.6,0,0.0,0,0,18-APR-2022,
OPTSTK,ASIANPAINT,28-Apr-2022,3280.0,PE,0.0,0.0,0.0,279.5,260.95,0,0.0,0,0,18-APR-2022,
OPTSTK,ASIANPAINT,28-Apr-2022,3300.0,PE,253.1,269.1,243.2,269.1,269.1,7,37.37,12300,-150,18-APR-2022,
OPTSTK,ASIANPAINT,28-Apr-2022,3320.0,PE,0.0,0.0,0.0,304.95,298.5,0,0.0,0,0,18-APR-2022,
OPTSTK,ASIANPAINT,28-Apr-2022,3340.0,PE,0.0,0.0,0.0,318.05,317.65,0,0.0,0,0,18-APR-2022,
OPTSTK,ASIANPAINT,28-Apr-2022,3350.0,PE,0.0,0.0,0.0,294.25,327.3,0,0.0,0,0,18-APR-2022,
OPTSTK,ASIANPAINT,28-Apr-2022,3360.0,PE,0.0,0.0,0.0,331.45,336.95,0,0.0,0,0,18-APR-2022,
OPTSTK,ASIANPAINT,28-Apr-2022,3380.0,PE,0.0,0.0,0.0,345.05,356.4,0,0.0,0,0,18-APR-2022,
OPTSTK,ASIANPAINT,28-Apr-2022,3400.0,PE,0.0,0.0,0.0,309.95,375.95,0,0.0,5100,0,18-APR-2022,
OPTSTK,ASIANPAINT,28-Apr-2022,3420.0,PE,0.0,0.0,0.0,373.05,395.6,0,0.0,0,0,18-APR-2022,
OPTSTK,ASIANPAINT,28-Apr-2022,3440.0,PE,0.0,0.0,0.0,335.0,415.35,0,0.0,300,0,18-APR-2022,
OPTSTK,ASIANPAINT,28-Apr-2022,3450.0,PE,0.0,0.0,0.0,379.0,425.2,0,0.0,0,0,18-APR-2022,
OPTSTK,ASIANPAINT,28-Apr-2022,3460.0,PE,0.0,0.0,0.0,402.05,435.1,0,0.0,0,0,18-APR-2022,
OPTSTK,ASIANPAINT,28-Apr-2022,3480.0,PE,0.0,0.0,0.0,417.0,454.95,0,0.0,0,0,18-APR-2022,
OPTSTK,ASIANPAINT,28-Apr-2022,3500.0,PE,0.0,0.0,0.0,329.4,474.8,0,0.0,1650,0,18-APR-2022,
OPTSTK,ASIANPAINT,28-Apr-2022,3520.0,PE,0.0,0.0,0.0,447.3,494.7,0,0.0,0,0,18-APR-2022,
OPTSTK,ASIANPAINT,28-Apr-2022,3540.0,PE,0.0,0.0,0.0,462.8,514.65,0,0.0,0,0,18-APR-2022,
OPTSTK,ASIANPAINT,28-Apr-2022,3550.0,PE,0.0,0.0,0.0,469.6,524.6,0,0.0,0,0,18-APR-2022,
OPTSTK,ASIANPAINT,28-Apr-2022,3560.0,PE,0.0,0.0,0.0,478.45,534.55,0,0.0,0,0,18-APR-2022,
OPTSTK,ASIANPAINT,28-Apr-2022,3580.0,PE,0.0,0.0,0.0,494.15,554.5,0,0.0,0,0,18-APR-2022,
OPTSTK,ASIANPAINT,28-Apr-2022,3600.0,PE,0.0,0.0,0.0,510.2,574.45,0,0.0,0,0,18-APR-2022,
OPTSTK,ASIANPAINT,28-Apr-2022,3620.0,PE,0.0,0.0,0.0,526.4,594.45,0,0.0,0,0,18-APR-2022,
OPTSTK,ASIANPAINT,28-Apr-2022,3640.0,PE,0.0,0.0,0.0,542.8,614.4,0,0.0,0,0,18-APR-2022,
OPTSTK,ASIANPAINT,28-Apr-2022,3650.0,PE,0.0,0.0,0.0,564.1,624.4,0,0.0,0,0,18-APR-2022,
OPTSTK,ASIANPAINT,28-Apr-2022,3660.0,PE,0.0,0.0,0.0,559.35,634.35,0,0.0,0,0,18-APR-2022,
OPTSTK,ASIANPAINT,28-Apr-2022,3680.0,PE,0.0,0.0,0.0,576.05,654.35,0,0.0,0,0,18-APR-2022,
OPTSTK,ASIANPAINT,28-Apr-2022,3700.0,PE,0.0,0.0,0.0,580.0,674.3,0,0.0,0,0,18-APR-2022,
OPTSTK,ASIANPAINT,28-Apr-2022,3720.0,PE,0.0,0.0,0.0,609.9,694.3,0,0.0,0,0,18-APR-2022,
OPTSTK,ASIANPAINT,28-Apr-2022,3740.0,PE,0.0,0.0,0.0,627.05,714.25,0,0.0,0,0,18-APR-2022,
OPTSTK,ASIANPAINT,28-Apr-2022,3750.0,PE,0.0,0.0,0.0,661.0,724.25,0,0.0,0,0,18-APR-2022,
OPTSTK,ASIANPAINT,28-Apr-2022,3760.0,PE,0.0,0.0,0.0,644.3,734.25,0,0.0,0,0,18-APR-2022,
OPTSTK,ASIANPAINT,28-Apr-2022,3780.0,PE,0.0,0.0,0.0,661.75,754.2,0,0.0,0,0,18-APR-2022,
OPTSTK,ASIANPAINT,28-Apr-2022,3800.0,PE,0.0,0.0,0.0,679.25,774.2,0,0.0,0,0,18-APR-2022,
OPTSTK,ASIANPAINT,28-Apr-2022,3820.0,PE,0.0,0.0,0.0,696.9,794.15,0,0.0,0,0,18-APR-2022,
OPTSTK,ASIANPAINT,28-Apr-2022,3840.0,PE,0.0,0.0,0.0,714.7,814.15,0,0.0,0,0,18-APR-2022,
OPTSTK,ASIANPAINT,28-Apr-2022,3850.0,PE,0.0,0.0,0.0,759.25,824.15,0,0.0,0,0,18-APR-2022,
OPTSTK,ASIANPAINT,28-Apr-2022,3860.0,PE,0.0,0.0,0.0,732.55,834.15,0,0.0,0,0,18-APR-2022,
OPTSTK,ASIANPAINT,28-Apr-2022,3880.0,PE,0.0,0.0,0.0,750.55,854.1,0,0.0,0,0,18-APR-2022,
OPTSTK,ASIANPAINT,28-Apr-2022,3900.0,PE,0.0,0.0,0.0,785.0,874.1,0,0.0,150,0,18-APR-2022,
OPTSTK,ASIANPAINT,28-Apr-2022,3920.0,PE,0.0,0.0,0.0,800.0,894.05,0,0.0,150,0,18-APR-2022,
OPTSTK,ASIANPAINT,26-May-2022,2300.0,CE,0.0,0.0,0.0,798.45,732.3,0,0.0,0,0,18-APR-2022,
OPTSTK,ASIANPAINT,26-May-2022,2320.0,CE,0.0,0.0,0.0,779.5,712.55,0,0.0,0,0,18-APR-2022,
OPTSTK,ASIANPAINT,26-May-2022,2340.0,CE,0.0,0.0,0.0,760.6,692.8,0,0.0,0,0,18-APR-2022,
OPTSTK,ASIANPAINT,26-May-2022,2350.0,CE,0.0,0.0,0.0,748.05,683.0,0,0.0,0,0,18-APR-2022,
OPTSTK,ASIANPAINT,26-May-2022,2360.0,CE,0.0,0.0,0.0,741.8,673.15,0,0.0,0,0,18-APR-2022,
OPTSTK,ASIANPAINT,26-May-2022,2380.0,CE,0.0,0.0,0.0,723.15,653.55,0,0.0,0,0,18-APR-2022,
OPTSTK,ASIANPAINT,26-May-2022,2400.0,CE,0.0,0.0,0.0,704.6,633.95,0,0.0,0,0,18-APR-2022,
OPTSTK,ASIANPAINT,26-May-2022,2420.0,CE,0.0,0.0,0.0,686.15,614.5,0,0.0,0,0,18-APR-2022,
OPTSTK,ASIANPAINT,26-May-2022,2440.0,CE,0.0,0.0,0.0,667.9,595.05,0,0.0,0,0,18-APR-2022,
OPTSTK,ASIANPAINT,26-May-2022,2450.0,CE,0.0,0.0,0.0,652.3,585.4,0,0.0,0,0,18-APR-2022,
OPTSTK,ASIANPAINT,26-May-2022,2460.0,CE,0.0,0.0,0.0,649.75,575.75,0,0.0,0,0,18-APR-2022,
OPTSTK,ASIANPAINT,26-May-2022,2480.0,CE,0.0,0.0,0.0,631.8,556.55,0,0.0,0,0,18-APR-2022,
OPTSTK,ASIANPAINT,26-May-2022,2500.0,CE,0.0,0.0,0.0,614.0,537.45,0,0.0,0,0,18-APR-2022,
OPTSTK,ASIANPAINT,26-May-2022,2520.0,CE,0.0,0.0,0.0,596.35,518.5,0,0.0,0,0,18-APR-2022,
OPTSTK,ASIANPAINT,26-May-2022,2540.0,CE,0.0,0.0,0.0,578.9,499.7,0,0.0,0,0,18-APR-2022,
OPTSTK,ASIANPAINT,26-May-2022,2550.0,CE,0.0,0.0,0.0,559.55,490.4,0,0.0,0,0,18-APR-2022,
OPTSTK,ASIANPAINT,26-May-2022,2560.0,CE,0.0,0.0,0.0,561.7,481.1,0,0.0,0,0,18-APR-2022,
OPTSTK,ASIANPAINT,26-May-2022,2580.0,CE,0.0,0.0,0.0,544.65,462.65,0,0.0,0,0,18-APR-2022,
OPTSTK,ASIANPAINT,26-May-2022,2600.0,CE,0.0,0.0,0.0,527.85,444.4,0,0.0,0,0,18-APR-2022,
OPTSTK,ASIANPAINT,26-May-2022,2620.0,CE,0.0,0.0,0.0,511.25,426.4,0,0.0,0,0,18-APR-2022,
OPTSTK,ASIANPAINT,26-May-2022,2640.0,CE,0.0,0.0,0.0,494.9,408.65,0,0.0,0,0,18-APR-2022,
OPTSTK,ASIANPAINT,26-May-2022,2650.0,CE,0.0,0.0,0.0,471.3,399.85,0,0.0,0,0,18-APR-2022,
OPTSTK,ASIANPAINT,26-May-2022,2660.0,CE,0.0,0.0,0.0,478.75,391.1,0,0.0,0,0,18-APR-2022,
OPTSTK,ASIANPAINT,26-May-2022,2680.0,CE,0.0,0.0,0.0,462.9,373.9,0,0.0,0,0,18-APR-2022,
OPTSTK,ASIANPAINT,26-May-2022,2700.0,CE,0.0,0.0,0.0,447.3,356.95,0,0.0,0,0,18-APR-2022,
OPTSTK,ASIANPAINT,26-May-2022,2720.0,CE,0.0,0.0,0.0,431.95,340.35,0,0.0,0,0,18-APR-2022,
OPTSTK,ASIANPAINT,26-May-2022,2740.0,CE,0.0,0.0,0.0,416.85,324.1,0,0.0,0,0,18-APR-2022,
OPTSTK,ASIANPAINT,26-May-2022,2750.0,CE,0.0,0.0,0.0,389.15,316.1,0,0.0,0,0,18-APR-2022,
OPTSTK,ASIANPAINT,26-May-2022,2760.0,CE,0.0,0.0,0.0,402.2,308.2,0,0.0,0,0,18-APR-2022,
OPTSTK,ASIANPAINT,26-May-2022,2780.0,CE,0.0,0.0,0.0,387.7,292.65,0,0.0,0,0,18-APR-2022,
OPTSTK,ASIANPAINT,26-May-2022,2800.0,CE,0.0,0.0,0.0,344.2,277.55,0,0.0,3150,0,18-APR-2022,
OPTSTK,ASIANPAINT,26-May-2022,2820.0,CE,0.0,0.0,0.0,359.55,262.9,0,0.0,0,0,18-APR-2022,
OPTSTK,ASIANPAINT,26-May-2022,2840.0,CE,0.0,0.0,0.0,345.8,248.45,0,0.0,0,0,18-APR-2022,
OPTSTK,ASIANPAINT,26-May-2022,2850.0,CE,0.0,0.0,0.0,314.6,241.45,0,0.0,0,0,18-APR-2022,
OPTSTK,ASIANPAINT,26-May-2022,2860.0,CE,0.0,0.0,0.0,332.55,234.6,0,0.0,0,0,18-APR-2022,
OPTSTK,ASIANPAINT,26-May-2022,2880.0,CE,0.0,0.0,0.0,319.55,221.15,0,0.0,0,0,18-APR-2022,
OPTSTK,ASIANPAINT,26-May-2022,2900.0,CE,200.0,200.0,200.0,200.0,208.2,13,60.45,1950,1950,18-APR-2022,
OPTSTK,ASIANPAINT,26-May-2022,2920.0,CE,0.0,0.0,0.0,294.55,195.7,0,0.0,0,0,18-APR-2022,
OPTSTK,ASIANPAINT,26-May-2022,2940.0,CE,0.0,0.0,0.0,282.55,183.7,0,0.0,0,0,18-APR-2022,
OPTSTK,ASIANPAINT,26-May-2022,2950.0,CE,0.0,0.0,0.0,248.65,177.85,0,0.0,0,0,18-APR-2022,
OPTSTK,ASIANPAINT,26-May-2022,2960.0,CE,0.0,0.0,0.0,270.85,172.15,0,0.0,0,0,18-APR-2022,
OPTSTK,ASIANPAINT,26-May-2022,2980.0,CE,0.0,0.0,0.0,259.5,161.05,0,0.0,0,0,18-APR-2022,
OPTSTK,ASIANPAINT,26-May-2022,3000.0,CE,140.0,140.0,135.0,135.0,150.5,3,14.12,450,450,18-APR-2022,
OPTSTK,ASIANPAINT,26-May-2022,3020.0,CE,0.0,0.0,0.0,237.7,140.35,0,0.0,0,0,18-APR-2022,
OPTSTK,ASIANPAINT,26-May-2022,3040.0,CE,0.0,0.0,0.0,227.3,130.75,0,0.0,0,0,18-APR-2022,
OPTSTK,ASIANPAINT,26-May-2022,3050.0,CE,0.0,0.0,0.0,192.15,126.1,0,0.0,0,0,18-APR-2022,
OPTSTK,ASIANPAINT,26-May-2022,3060.0,CE,0.0,0.0,0.0,217.25,121.55,0,0.0,0,0,18-APR-2022,
OPTSTK,ASIANPAINT,26-May-2022,3080.0,CE,0.0,0.0,0.0,207.45,112.85,0,0.0,0,0,18-APR-2022,
OPTSTK,ASIANPAINT,26-May-2022,3100.0,CE,104.9,117.95,78.25,85.15,85.15,71,339.94,9600,5400,18-APR-2022,
OPTSTK,ASIANPAINT,26-May-2022,3120.0,CE,0.0,0.0,0.0,74.7,96.85,0,0.0,300,0,18-APR-2022,
OPTSTK,ASIANPAINT,26-May-2022,3140.0,CE,0.0,0.0,0.0,103.85,89.5,0,0.0,150,0,18-APR-2022,
OPTSTK,ASIANPAINT,26-May-2022,3150.0,CE,0.0,0.0,0.0,145.15,86.0,0,0.0,0,0,18-APR-2022,
OPTSTK,ASIANPAINT,26-May-2022,3160.0,CE,0.0,0.0,0.0,97.15,82.55,0,0.0,300,0,18-APR-2022,
OPTSTK,ASIANPAINT,26-May-2022,3180.0,CE,54.25,54.25,54.25,54.25,76.05,1,4.85,4350,150,18-APR-2022,
OPTSTK,ASIANPAINT,26-May-2022,3200.0,CE,55.0,61.7,52.0,53.55,53.55,158,771.7,26400,12450,18-APR-2022,
OPTSTK,ASIANPAINT,26-May-2022,3220.0,CE,0.0,0.0,0.0,147.85,64.25,0,0.0,0,0,18-APR-2022,
OPTSTK,ASIANPAINT,26-May-2022,3240.0,CE,0.0,0.0,0.0,140.55,58.9,0,0.0,0,0,18-APR-2022,
OPTSTK,ASIANPAINT,26-May-2022,3250.0,CE,0.0,0.0,0.0,107.2,56.55,0,0.0,0,0,18-APR-2022,
OPTSTK,ASIANPAINT,26-May-2022,3260.0,CE,0.0,0.0,0.0,133.5,54.1,0,0.0,0,0,18-APR-2022,
OPTSTK,ASIANPAINT,26-May-2022,3280.0,CE,35.0,35.0,35.0,35.0,49.5,1,4.97,450,0,18-APR-2022,
OPTSTK,ASIANPAINT,26-May-2022,3300.0,CE,0.1,35.85,0.05,32.15,32.15,120,599.77,34200,2100,18-APR-2022,
OPTSTK,ASIANPAINT,26-May-2022,3320.0,CE,0.0,0.0,0.0,114.05,41.1,0,0.0,0,0,18-APR-2022,
OPTSTK,ASIANPAINT,26-May-2022,3340.0,CE,0.0,0.0,0.0,108.1,37.4,0,0.0,0,0,18-APR-2022,
OPTSTK,ASIANPAINT,26-May-2022,3350.0,CE,0.0,0.0,0.0,77.4,35.65,0,0.0,0,0,18-APR-2022,
OPTSTK,ASIANPAINT,26-May-2022,3360.0,CE,0.0,0.0,0.0,102.4,34.0,0,0.0,0,0,18-APR-2022,
OPTSTK,ASIANPAINT,26-May-2022,3380.0,CE,0.0,0.0,0.0,96.9,30.85,0,0.0,0,0,18-APR-2022,
OPTSTK,ASIANPAINT,26-May-2022,3400.0,CE,28.8,30.2,17.45,20.0,20.0,13,66.7,13950,-150,18-APR-2022,
OPTSTK,ASIANPAINT,26-May-2022,3420.0,CE,0.0,0.0,0.0,86.85,25.3,0,0.0,0,0,18-APR-2022,
OPTSTK,ASIANPAINT,26-May-2022,3440.0,CE,0.0,0.0,0.0,82.15,22.85,0,0.0,0,0,18-APR-2022,
OPTSTK,ASIANPAINT,26-May-2022,3450.0,CE,0.0,0.0,0.0,54.8,21.7,0,0.0,0,0,18-APR-2022,
OPTSTK,ASIANPAINT,26-May-2022,3460.0,CE,0.0,0.0,0.0,77.6,20.6,0,0.0,0,0,18-APR-2022,
OPTSTK,ASIANPAINT,26-May-2022,3480.0,CE,0.0,0.0,0.0,73.3,18.6,0,0.0,0,0,18-APR-2022,
OPTSTK,ASIANPAINT,26-May-2022,3500.0,CE,0.05,20.0,0.05,13.4,13.4,17,89.58,6450,1050,18-APR-2022,
OPTSTK,ASIANPAINT,26-May-2022,3520.0,CE,0.0,0.0,0.0,65.15,15.0,0,0.0,0,0,18-APR-2022,
OPTSTK,ASIANPAINT,26-May-2022,3540.0,CE,0.0,0.0,0.0,61.4,13.45,0,0.0,0,0,18-APR-2022,
OPTSTK,ASIANPAINT,26-May-2022,3550.0,CE,0.0,0.0,0.0,37.95,12.75,0,0.0,0,0,18-APR-2022,
OPTSTK,ASIANPAINT,26-May-2022,3560.0,CE,0.0,0.0,0.0,57.85,12.05,0,0.0,0,0,18-APR-2022,
OPTSTK,ASIANPAINT,26-May-2022,3580.0,CE,0.0,0.0,0.0,54.5,10.8,0,0.0,0,0,18-APR-2022,
OPTSTK,ASIANPAINT,26-May-2022,3600.0,CE,8.0,8.0,7.0,7.0,7.0,7,37.87,1500,600,18-APR-2022,
OPTSTK,ASIANPAINT,26-May-2022,3620.0,CE,0.0,0.0,0.0,48.25,8.6,0,0.0,0,0,18-APR-2022,
OPTSTK,ASIANPAINT,26-May-2022,3640.0,CE,0.0,0.0,0.0,45.4,7.65,0,0.0,0,0,18-APR-2022,
OPTSTK,ASIANPAINT,26-May-2022,3650.0,CE,0.0,0.0,0.0,25.75,7.25,0,0.0,0,0,18-APR-2022,
OPTSTK,ASIANPAINT,26-May-2022,3660.0,CE,0.0,0.0,0.0,42.65,6.85,0,0.0,0,0,18-APR-2022,
OPTSTK,ASIANPAINT,26-May-2022,3680.0,CE,0.0,0.0,0.0,40.05,6.05,0,0.0,0,0,18-APR-2022,
OPTSTK,ASIANPAINT,26-May-2022,3700.0,CE,0.0,0.0,0.0,17.5,5.4,0,0.0,150,0,18-APR-2022,
OPTSTK,ASIANPAINT,26-May-2022,3720.0,CE,0.0,0.0,0.0,35.3,4.8,0,0.0,0,0,18-APR-2022,
OPTSTK,ASIANPAINT,26-May-2022,3740.0,CE,0.0,0.0,0.0,33.1,4.25,0,0.0,0,0,18-APR-2022,
OPTSTK,ASIANPAINT,26-May-2022,3750.0,CE,0.0,0.0,0.0,17.15,4.0,0,0.0,0,0,18-APR-2022,
OPTSTK,ASIANPAINT,26-May-2022,3760.0,CE,0.0,0.0,0.0,31.05,3.75,0,0.0,0,0,18-APR-2022,
OPTSTK,ASIANPAINT,26-May-2022,3780.0,CE,0.0,0.0,0.0,29.1,3.3,0,0.0,0,0,18-APR-2022,
OPTSTK,ASIANPAINT,26-May-2022,3800.0,CE,0.0,0.0,0.0,27.25,2.9,0,0.0,0,0,18-APR-2022,
OPTSTK,ASIANPAINT,26-May-2022,3820.0,CE,0.0,0.0,0.0,1.2,2.55,0,0.0,300,0,18-APR-2022,
OPTSTK,ASIANPAINT,26-May-2022,3840.0,CE,0.0,0.0,0.0,14.0,2.25,0,0.0,600,0,18-APR-2022,
OPTSTK,ASIANPAINT,26-May-2022,3850.0,CE,0.0,0.0,0.0,11.25,2.1,0,0.0,0,0,18-APR-2022,
OPTSTK,ASIANPAINT,26-May-2022,3860.0,CE,0.0,0.0,0.0,9.25,2.0,0,0.0,0,0,18-APR-2022,
OPTSTK,ASIANPAINT,26-May-2022,2300.0,PE,0.0,0.0,0.0,5.35,0.6,0,0.0,0,0,18-APR-2022,
OPTSTK,ASIANPAINT,26-May-2022,2320.0,PE,0.0,0.0,0.0,6.15,0.75,0,0.0,0,0,18-APR-2022,
OPTSTK,ASIANPAINT,26-May-2022,2340.0,PE,0.0,0.0,0.0,7.05,0.95,0,0.0,0,0,18-APR-2022,
OPTSTK,ASIANPAINT,26-May-2022,2350.0,PE,0.0,0.0,0.0,2.9,1.05,0,0.0,0,0,18-APR-2022,
OPTSTK,ASIANPAINT,26-May-2022,2360.0,PE,0.0,0.0,0.0,8.05,1.2,0,0.0,0,0,18-APR-2022,
OPTSTK,ASIANPAINT,26-May-2022,2380.0,PE,0.0,0.0,0.0,9.2,1.45,0,0.0,0,0,18-APR-2022,
OPTSTK,ASIANPAINT,26-May-2022,2400.0,PE,0.0,0.0,0.0,30.0,1.8,0,0.0,450,0,18-APR-2022,
OPTSTK,ASIANPAINT,26-May-2022,2420.0,PE,0.0,0.0,0.0,11.8,2.25,0,0.0,0,0,18-APR-2022,
OPTSTK,ASIANPAINT,26-May-2022,2440.0,PE,0.0,0.0,0.0,13.3,2.75,0,0.0,0,0,18-APR-2022,
OPTSTK,ASIANPAINT,26-May-2022,2450.0,PE,0.0,0.0,0.0,6.45,3.05,0,0.0,0,0,18-APR-2022,
OPTSTK,ASIANPAINT,26-May-2022,2460.0,PE,0.0,0.0,0.0,14.95,3.35,0,0.0,0,0,18-APR-2022,
OPTSTK,ASIANPAINT,26-May-2022,2480.0,PE,0.0,0.0,0.0,51.0,4.05,0,0.0,0,0,18-APR-2022,
OPTSTK,ASIANPAINT,26-May-2022,2500.0,PE,8.7,8.7,8.7,8.7,4.9,1,3.76,1350,0,18-APR-2022,
OPTSTK,ASIANPAINT,26-May-2022,2520.0,PE,0.0,0.0,0.0,20.95,5.85,0,0.0,0,0,18-APR-2022,
OPTSTK,ASIANPAINT,26-May-2022,2540.0,PE,0.0,0.0,0.0,23.3,6.95,0,0.0,0,0,18-APR-2022,
OPTSTK,ASIANPAINT,26-May-2022,2550.0,PE,0.0,0.0,0.0,13.05,7.55,0,0.0,0,0,18-APR-2022,
OPTSTK,ASIANPAINT,26-May-2022,2560.0,PE,0.0,0.0,0.0,25.85,8.25,0,0.0,0,0,18-APR-2022,
OPTSTK,ASIANPAINT,26-May-2022,2580.0,PE,0.0,0.0,0.0,28.6,9.7,0,0.0,0,0,18-APR-2022,
OPTSTK,ASIANPAINT,26-May-2022,2600.0,PE,9.9,10.0,9.9,10.0,10.0,2,7.82,1650,300,18-APR-2022,
OPTSTK,ASIANPAINT,26-May-2022,2620.0,PE,0.0,0.0,0.0,34.75,13.3,0,0.0,0,0,18-APR-2022,
OPTSTK,ASIANPAINT,26-May-2022,2640.0,PE,0.0,0.0,0.0,38.2,15.4,0,0.0,0,0,18-APR-2022,
OPTSTK,ASIANPAINT,26-May-2022,2650.0,PE,0.0,0.0,0.0,24.2,16.6,0,0.0,0,0,18-APR-2022,
OPTSTK,ASIANPAINT,26-May-2022,2660.0,PE,0.0,0.0,0.0,41.85,17.85,0,0.0,0,0,18-APR-2022,
OPTSTK,ASIANPAINT,26-May-2022,2680.0,PE,0.0,0.0,0.0,45.8,20.5,0,0.0,0,0,18-APR-2022,
OPTSTK,ASIANPAINT,26-May-2022,2700.0,PE,15.25,20.0,15.25,16.0,16.0,3,12.22,3150,150,18-APR-2022,
OPTSTK,ASIANPAINT,26-May-2022,2720.0,PE,0.0,0.0,0.0,54.4,26.8,0,0.0,0,0,18-APR-2022,
OPTSTK,ASIANPAINT,26-May-2022,2740.0,PE,0.0,0.0,0.0,59.15,30.45,0,0.0,0,0,18-APR-2022,
OPTSTK,ASIANPAINT,26-May-2022,2750.0,PE,0.0,0.0,0.0,41.35,32.4,0,0.0,0,0,18-APR-2022,
OPTSTK,ASIANPAINT,26-May-2022,2760.0,PE,0.0,0.0,0.0,64.25,34.45,0,0.0,0,0,18-APR-2022,
OPTSTK,ASIANPAINT,26-May-2022,2780.0,PE,0.0,0.0,0.0,69.55,38.85,0,0.0,0,0,18-APR-2022,
OPTSTK,ASIANPAINT,26-May-2022,2800.0,PE,30.0,35.0,27.35,33.0,33.0,76,322.76,13800,5400,18-APR-2022,
OPTSTK,ASIANPAINT,26-May-2022,2820.0,PE,0.0,0.0,0.0,80.95,48.9,0,0.0,0,0,18-APR-2022,
OPTSTK,ASIANPAINT,26-May-2022,2840.0,PE,0.0,0.0,0.0,87.05,54.35,0,0.0,0,0,18-APR-2022,
OPTSTK,ASIANPAINT,26-May-2022,2850.0,PE,0.0,0.0,0.0,66.2,57.35,0,0.0,0,0,18-APR-2022,
OPTSTK,ASIANPAINT,26-May-2022,2860.0,PE,0.0,0.0,0.0,93.55,60.4,0,0.0,0,0,18-APR-2022,
OPTSTK,ASIANPAINT,26-May-2022,2880.0,PE,0.0,0.0,0.0,100.35,66.9,0,0.0,0,0,18-APR-2022,
OPTSTK,ASIANPAINT,26-May-2022,2900.0,PE,40.0,58.0,40.0,56.25,56.25,93,411.93,17250,4350,18-APR-2022,
OPTSTK,ASIANPAINT,26-May-2022,2920.0,PE,0.0,0.0,0.0,114.95,81.25,0,0.0,0,0,18-APR-2022,
OPTSTK,ASIANPAINT,26-May-2022,2940.0,PE,0.0,0.0,0.0,122.7,89.15,0,0.0,0,0,18-APR-2022,
OPTSTK,ASIANPAINT,26-May-2022,2950.0,PE,0.0,0.0,0.0,44.9,93.3,0,0.0,150,0,18-APR-2022,
OPTSTK,ASIANPAINT,26-May-2022,2960.0,PE,0.0,0.0,0.0,60.0,97.5,0,0.0,150,0,18-APR-2022,
OPTSTK,ASIANPAINT,26-May-2022,2980.0,PE,0.0,0.0,0.0,139.25,106.35,0,0.0,0,0,18-APR-2022,
OPTSTK,ASIANPAINT,26-May-2022,3000.0,PE,72.0,94.65,72.0,91.45,91.45,285,1320.57,28050,2100,18-APR-2022,
OPTSTK,ASIANPAINT,26-May-2022,3020.0,PE,0.0,0.0,0.0,157.05,125.5,0,0.0,0,0,18-APR-2022,
OPTSTK,ASIANPAINT,26-May-2022,3040.0,PE,0.0,0.0,0.0,166.45,135.75,0,0.0,0,0,18-APR-2022,
OPTSTK,ASIANPAINT,26-May-2022,3050.0,PE,0.0,0.0,0.0,142.45,141.05,0,0.0,0,0,18-APR-2022,
OPTSTK,ASIANPAINT,26-May-2022,3060.0,PE,115.0,115.0,115.0,115.0,146.5,1,4.76,150,150,18-APR-2022,
OPTSTK,ASIANPAINT,26-May-2022,3080.0,PE,136.05,136.05,136.05,136.05,157.7,3,14.47,450,450,18-APR-2022,
OPTSTK,ASIANPAINT,26-May-2022,3100.0,PE,124.5,150.0,122.5,136.3,169.4,15,72.76,8550,-300,18-APR-2022,
OPTSTK,ASIANPAINT,26-May-2022,3120.0,PE,0.0,0.0,0.0,75.0,181.5,0,0.0,300,0,18-APR-2022,
OPTSTK,ASIANPAINT,26-May-2022,3140.0,PE,0.0,0.0,0.0,218.15,194.1,0,0.0,0,0,18-APR-2022,
OPTSTK,ASIANPAINT,26-May-2022,3150.0,PE,0.0,0.0,0.0,118.6,200.5,0,0.0,4350,0,18-APR-2022,
OPTSTK,ASIANPAINT,26-May-2022,3160.0,PE,0.0,0.0,0.0,92.95,207.05,0,0.0,4800,0,18-APR-2022,
OPTSTK,ASIANPAINT,26-May-2022,3180.0,PE,0.0,0.0,0.0,241.05,220.5,0,0.0,0,0,18-APR-2022,
OPTSTK,ASIANPAINT,26-May-2022,3200.0,PE,199.95,199.95,199.95,199.95,234.3,1,5.09,1500,0,18-APR-2022,
OPTSTK,ASIANPAINT,26-May-2022,3220.0,PE,0.0,0.0,0.0,265.1,248.5,0,0.0,0,0,18-APR-2022,
OPTSTK,ASIANPAINT,26-May-2022,3240.0,PE,0.0,0.0,0.0,277.6,263.05,0,0.0,0,0,18-APR-2022,
OPTSTK,ASIANPAINT,26-May-2022,3250.0,PE,0.0,0.0,0.0,256.15,270.65,0,0.0,0,0,18-APR-2022,
OPTSTK,ASIANPAINT,26-May-2022,3260.0,PE,0.0,0.0,0.0,290.35,278.15,0,0.0,0,0,18-APR-2022,
OPTSTK,ASIANPAINT,26-May-2022,3280.0,PE,0.0,0.0,0.0,303.35,293.45,0,0.0,0,0,18-APR-2022,
OPTSTK,ASIANPAINT,26-May-2022,3300.0,PE,0.0,0.0,0.0,316.65,308.95,0,0.0,0,0,18-APR-2022,
OPTSTK,ASIANPAINT,26-May-2022,3320.0,PE,0.0,0.0,0.0,330.25,324.9,0,0.0,0,0,18-APR-2022,
OPTSTK,ASIANPAINT,26-May-2022,3340.0,PE,0.0,0.0,0.0,344.1,341.1,0,0.0,0,0,18-APR-2022,
OPTSTK,ASIANPAINT,26-May-2022,3350.0,PE,0.0,0.0,0.0,325.75,349.35,0,0.0,0,0,18-APR-2022,
OPTSTK,ASIANPAINT,26-May-2022,3360.0,PE,0.0,0.0,0.0,358.15,357.6,0,0.0,0,0,18-APR-2022,
OPTSTK,ASIANPAINT,26-May-2022,3380.0,PE,0.0,0.0,0.0,372.5,374.4,0,0.0,0,0,18-APR-2022,
OPTSTK,ASIANPAINT,26-May-2022,3400.0,PE,0.0,0.0,0.0,387.05,391.4,0,0.0,0,0,18-APR-2022,
OPTSTK,ASIANPAINT,26-May-2022,3420.0,PE,0.0,0.0,0.0,402.0,408.65,0,0.0,0,0,18-APR-2022,
OPTSTK,ASIANPAINT,26-May-2022,3440.0,PE,0.0,0.0,0.0,417.05,426.1,0,0.0,0,0,18-APR-2022,
OPTSTK,ASIANPAINT,26-May-2022,3450.0,PE,0.0,0.0,0.0,402.5,434.95,0,0.0,0,0,18-APR-2022,
OPTSTK,ASIANPAINT,26-May-2022,3460.0,PE,0.0,0.0,0.0,432.35,443.8,0,0.0,0,0,18-APR-2022,
OPTSTK,ASIANPAINT,26-May-2022,3480.0,PE,0.0,0.0,0.0,447.85,461.65,0,0.0,0,0,18-APR-2022,
OPTSTK,ASIANPAINT,26-May-2022,3500.0,PE,0.0,0.0,0.0,463.4,479.7,0,0.0,0,0,18-APR-2022,
OPTSTK,ASIANPAINT,26-May-2022,3520.0,PE,0.0,0.0,0.0,479.25,497.9,0,0.0,0,0,18-APR-2022,
OPTSTK,ASIANPAINT,26-May-2022,3540.0,PE,0.0,0.0,0.0,495.3,516.3,0,0.0,0,0,18-APR-2022,
OPTSTK,ASIANPAINT,26-May-2022,3550.0,PE,0.0,0.0,0.0,485.0,525.55,0,0.0,0,0,18-APR-2022,
OPTSTK,ASIANPAINT,26-May-2022,3560.0,PE,0.0,0.0,0.0,511.55,534.8,0,0.0,0,0,18-APR-2022,
OPTSTK,ASIANPAINT,26-May-2022,3580.0,PE,0.0,0.0,0.0,528.0,553.45,0,0.0,0,0,18-APR-2022,
OPTSTK,ASIANPAINT,26-May-2022,3600.0,PE,0.0,0.0,0.0,544.55,572.2,0,0.0,0,0,18-APR-2022,
OPTSTK,ASIANPAINT,26-May-2022,3620.0,PE,0.0,0.0,0.0,561.3,591.1,0,0.0,0,0,18-APR-2022,
OPTSTK,ASIANPAINT,26-May-2022,3640.0,PE,0.0,0.0,0.0,578.25,610.05,0,0.0,0,0,18-APR-2022,
OPTSTK,ASIANPAINT,26-May-2022,3650.0,PE,0.0,0.0,0.0,572.15,619.55,0,0.0,0,0,18-APR-2022,
OPTSTK,ASIANPAINT,26-May-2022,3660.0,PE,0.0,0.0,0.0,595.3,629.1,0,0.0,0,0,18-APR-2022,
OPTSTK,ASIANPAINT,26-May-2022,3680.0,PE,0.0,0.0,0.0,612.5,648.25,0,0.0,0,0,18-APR-2022,
OPTSTK,ASIANPAINT,26-May-2022,3700.0,PE,0.0,0.0,0.0,629.85,667.5,0,0.0,0,0,18-APR-2022,
OPTSTK,ASIANPAINT,26-May-2022,3720.0,PE,0.0,0.0,0.0,647.3,686.8,0,0.0,0,0,18-APR-2022,
OPTSTK,ASIANPAINT,26-May-2022,3740.0,PE,0.0,0.0,0.0,664.9,706.15,0,0.0,0,0,18-APR-2022,
OPTSTK,ASIANPAINT,26-May-2022,3750.0,PE,0.0,0.0,0.0,662.9,715.85,0,0.0,0,0,18-APR-2022,
OPTSTK,ASIANPAINT,26-May-2022,3760.0,PE,0.0,0.0,0.0,682.65,725.6,0,0.0,0,0,18-APR-2022,
OPTSTK,ASIANPAINT,26-May-2022,3780.0,PE,0.0,0.0,0.0,700.5,745.05,0,0.0,0,0,18-APR-2022,
OPTSTK,ASIANPAINT,26-May-2022,3800.0,PE,0.0,0.0,0.0,718.45,764.6,0,0.0,0,0,18-APR-2022,
OPTSTK,ASIANPAINT,26-May-2022,3820.0,PE,0.0,0.0,0.0,573.75,784.15,0,0.0,0,0,18-APR-2022,
OPTSTK,ASIANPAINT,26-May-2022,3840.0,PE,0.0,0.0,0.0,754.65,803.75,0,0.0,0,0,18-APR-2022,
OPTSTK,ASIANPAINT,26-May-2022,3850.0,PE,0.0,0.0,0.0,756.3,813.6,0,0.0,0,0,18-APR-2022,
OPTSTK,ASIANPAINT,26-May-2022,3860.0,PE,0.0,0.0,0.0,772.9,823.4,0,0.0,0,0,18-APR-2022,
OPTSTK,ASIANPAINT,30-Jun-2022,2300.0,CE,0.0,0.0,0.0,811.8,746.25,0,0.0,0,0,18-APR-2022,
OPTSTK,ASIANPAINT,30-Jun-2022,2350.0,CE,0.0,0.0,0.0,765.1,698.95,0,0.0,0,0,18-APR-2022,
OPTSTK,ASIANPAINT,30-Jun-2022,2400.0,CE,0.0,0.0,0.0,719.15,652.4,0,0.0,0,0,18-APR-2022,
OPTSTK,ASIANPAINT,30-Jun-2022,2450.0,CE,0.0,0.0,0.0,674.1,606.75,0,0.0,0,0,18-APR-2022,
OPTSTK,ASIANPAINT,30-Jun-2022,2500.0,CE,0.0,0.0,0.0,630.0,562.15,0,0.0,0,0,18-APR-2022,
OPTSTK,ASIANPAINT,30-Jun-2022,2550.0,CE,0.0,0.0,0.0,587.1,518.75,0,0.0,0,0,18-APR-2022,
OPTSTK,ASIANPAINT,30-Jun-2022,2600.0,CE,0.0,0.0,0.0,545.45,476.8,0,0.0,0,0,18-APR-2022,
OPTSTK,ASIANPAINT,30-Jun-2022,2650.0,CE,0.0,0.0,0.0,505.15,436.35,0,0.0,0,0,18-APR-2022,
OPTSTK,ASIANPAINT,30-Jun-2022,2700.0,CE,0.0,0.0,0.0,466.4,397.65,0,0.0,0,0,18-APR-2022,
OPTSTK,ASIANPAINT,30-Jun-2022,2750.0,CE,0.0,0.0,0.0,429.35,360.9,0,0.0,0,0,18-APR-2022,
OPTSTK,ASIANPAINT,30-Jun-2022,2800.0,CE,0.0,0.0,0.0,393.8,325.85,0,0.0,0,0,18-APR-2022,
OPTSTK,ASIANPAINT,30-Jun-2022,2850.0,CE,0.0,0.0,0.0,360.0,293.05,0,0.0,0,0,18-APR-2022,
OPTSTK,ASIANPAINT,30-Jun-2022,2900.0,CE,0.0,0.0,0.0,328.1,262.35,0,0.0,0,0,18-APR-2022,
OPTSTK,ASIANPAINT,30-Jun-2022,2950.0,CE,0.0,0.0,0.0,298.1,233.8,0,0.0,0,0,18-APR-2022,
OPTSTK,ASIANPAINT,30-Jun-2022,3000.0,CE,0.0,0.0,0.0,269.95,207.4,0,0.0,0,0,18-APR-2022,
OPTSTK,ASIANPAINT,30-Jun-2022,3050.0,CE,0.0,0.0,0.0,243.7,183.2,0,0.0,0,0,18-APR-2022,
OPTSTK,ASIANPAINT,30-Jun-2022,3100.0,CE,0.0,0.0,0.0,219.25,161.05,0,0.0,0,0,18-APR-2022,
OPTSTK,ASIANPAINT,30-Jun-2022,3150.0,CE,0.0,0.0,0.0,196.7,141.0,0,0.0,0,0,18-APR-2022,
OPTSTK,ASIANPAINT,30-Jun-2022,3200.0,CE,0.0,0.0,0.0,175.9,122.9,0,0.0,0,0,18-APR-2022,
OPTSTK,ASIANPAINT,30-Jun-2022,3250.0,CE,0.0,0.0,0.0,156.8,106.65,0,0.0,0,0,18-APR-2022,
OPTSTK,ASIANPAINT,30-Jun-2022,3300.0,CE,0.0,0.0,0.0,139.4,92.15,0,0.0,0,0,18-APR-2022,
OPTSTK,ASIANPAINT,30-Jun-2022,3350.0,CE,0.0,0.0,0.0,123.55,79.45,0,0.0,0,0,18-APR-2022,
OPTSTK,ASIANPAINT,30-Jun-2022,3400.0,CE,0.0,0.0,0.0,109.15,68.15,0,0.0,0,0,18-APR-2022,
OPTSTK,ASIANPAINT,30-Jun-2022,3450.0,CE,0.0,0.0,0.0,96.35,58.1,0,0.0,0,0,18-APR-2022,
OPTSTK,ASIANPAINT,30-Jun-2022,3500.0,CE,0.0,0.0,0.0,84.7,49.45,0,0.0,0,0,18-APR-2022,
OPTSTK,ASIANPAINT,30-Jun-2022,3550.0,CE,0.0,0.0,0.0,74.2,41.9,0,0.0,0,0,18-APR-2022,
OPTSTK,ASIANPAINT,30-Jun-2022,3600.0,CE,0.0,0.0,0.0,64.85,35.35,0,0.0,0,0,18-APR-2022,
OPTSTK,ASIANPAINT,30-Jun-2022,3650.0,CE,0.0,0.0,0.0,56.55,29.75,0,0.0,0,0,18-APR-2022,
OPTSTK,ASIANPAINT,30-Jun-2022,3700.0,CE,0.0,0.0,0.0,49.2,24.95,0,0.0,0,0,18-APR-2022,
OPTSTK,ASIANPAINT,30-Jun-2022,3750.0,CE,0.0,0.0,0.0,42.7,20.8,0,0.0,0,0,18-APR-2022,
OPTSTK,ASIANPAINT,30-Jun-2022,3800.0,CE,0.0,0.0,0.0,36.95,17.35,0,0.0,0,0,18-APR-2022,
OPTSTK,ASIANPAINT,30-Jun-2022,3850.0,CE,0.0,0.0,0.0,31.95,14.4,0,0.0,0,0,18-APR-2022,
OPTSTK,ASIANPAINT,30-Jun-2022,2300.0,PE,0.0,0.0,0.0,7.65,5.25,0,0.0,0,0,18-APR-2022,
OPTSTK,ASIANPAINT,30-Jun-2022,2350.0,PE,0.0,0.0,0.0,10.45,7.5,0,0.0,0,0,18-APR-2022,
OPTSTK,ASIANPAINT,30-Jun-2022,2400.0,PE,0.0,0.0,0.0,13.95,10.55,0,0.0,0,0,18-APR-2022,
OPTSTK,ASIANPAINT,30-Jun-2022,2450.0,PE,0.0,0.0,0.0,18.35,14.45,0,0.0,0,0,18-APR-2022,
OPTSTK,ASIANPAINT,30-Jun-2022,2500.0,PE,0.0,0.0,0.0,23.8,19.4,0,0.0,0,0,18-APR-2022,
OPTSTK,ASIANPAINT,30-Jun-2022,2550.0,PE,0.0,0.0,0.0,30.35,25.65,0,0.0,0,0,18-APR-2022,
OPTSTK,ASIANPAINT,30-Jun-2022,2600.0,PE,0.0,0.0,0.0,38.15,33.25,0,0.0,0,0,18-APR-2022,
OPTSTK,ASIANPAINT,30-Jun-2022,2650.0,PE,0.0,0.0,0.0,47.35,42.4,0,0.0,0,0,18-APR-2022,
OPTSTK,ASIANPAINT,30-Jun-2022,2700.0,PE,0.0,0.0,0.0,58.05,53.25,0,0.0,0,0,18-APR-2022,
OPTSTK,ASIANPAINT,30-Jun-2022,2750.0,PE,0.0,0.0,0.0,70.45,66.1,0,0.0,0,0,18-APR-2022,
OPTSTK,ASIANPAINT,30-Jun-2022,2800.0,PE,0.0,0.0,0.0,84.45,80.6,0,0.0,0,0,18-APR-2022,
OPTSTK,ASIANPAINT,30-Jun-2022,2850.0,PE,0.0,0.0,0.0,100.05,97.35,0,0.0,0,0,18-APR-2022,
OPTSTK,ASIANPAINT,30-Jun-2022,2900.0,PE,70.0,76.0,70.0,76.0,116.25,3,13.37,450,450,18-APR-2022,
OPTSTK,ASIANPAINT,30-Jun-2022,2950.0,PE,0.0,0.0,0.0,137.15,137.3,0,0.0,0,0,18-APR-2022,
OPTSTK,ASIANPAINT,30-Jun-2022,3000.0,PE,115.0,118.0,110.0,118.0,118.0,5,23.36,600,450,18-APR-2022,
OPTSTK,ASIANPAINT,30-Jun-2022,3050.0,PE,0.0,0.0,0.0,181.65,185.8,0,0.0,0,0,18-APR-2022,
OPTSTK,ASIANPAINT,30-Jun-2022,3100.0,PE,0.0,0.0,0.0,206.75,213.25,0,0.0,0,0,18-APR-2022,
OPTSTK,ASIANPAINT,30-Jun-2022,3150.0,PE,0.0,0.0,0.0,233.6,242.8,0,0.0,0,0,18-APR-2022,
OPTSTK,ASIANPAINT,30-Jun-2022,3200.0,PE,0.0,0.0,0.0,262.3,274.25,0,0.0,0,0,18-APR-2022,
OPTSTK,ASIANPAINT,30-Jun-2022,3250.0,PE,0.0,0.0,0.0,292.7,307.6,0,0.0,0,0,18-APR-2022,
OPTSTK,ASIANPAINT,30-Jun-2022,3300.0,PE,0.0,0.0,0.0,324.75,342.65,0,0.0,0,0,18-APR-2022,
OPTSTK,ASIANPAINT,30-Jun-2022,3350.0,PE,0.0,0.0,0.0,358.35,379.55,0,0.0,0,0,18-APR-2022,
OPTSTK,ASIANPAINT,30-Jun-2022,3400.0,PE,0.0,0.0,0.0,393.45,417.85,0,0.0,0,0,18-APR-2022,
OPTSTK,ASIANPAINT,30-Jun-2022,3450.0,PE,0.0,0.0,0.0,430.1,457.35,0,0.0,0,0,18-APR-2022,
OPTSTK,ASIANPAINT,30-Jun-2022,3500.0,PE,0.0,0.0,0.0,467.95,498.25,0,0.0,0,0,18-APR-2022,
OPTSTK,ASIANPAINT,30-Jun-2022,3550.0,PE,0.0,0.0,0.0,506.9,540.3,0,0.0,0,0,18-APR-2022,
OPTSTK,ASIANPAINT,30-Jun-2022,3600.0,PE,0.0,0.0,0.0,547.05,583.35,0,0.0,0,0,18-APR-2022,
OPTSTK,ASIANPAINT,30-Jun-2022,3650.0,PE,0.0,0.0,0.0,588.25,627.3,0,0.0,0,0,18-APR-2022,
OPTSTK,ASIANPAINT,30-Jun-2022,3700.0,PE,0.0,0.0,0.0,630.35,672.05,0,0.0,0,0,18-APR-2022,
OPTSTK,ASIANPAINT,30-Jun-2022,3750.0,PE,0.0,0.0,0.0,673.3,717.55,0,0.0,0,0,18-APR-2022,
OPTSTK,ASIANPAINT,30-Jun-2022,3800.0,PE,0.0,0.0,0.0,717.05,763.6,0,0.0,0,0,18-APR-2022,
OPTSTK,ASIANPAINT,30-Jun-2022,3850.0,PE,0.0,0.0,0.0,761.5,810.25,0,0.0,0,0,18-APR-2022,
OPTSTK,ASTRAL,28-Apr-2022,1350.0,CE,0.0,0.0,0.0,628.0,752.25,0,0.0,275,0,18-APR-2022,
OPTSTK,ASTRAL,28-Apr-2022,1360.0,CE,0.0,0.0,0.0,667.35,742.25,0,0.0,0,0,18-APR-2022,
OPTSTK,ASTRAL,28-Apr-2022,1380.0,CE,0.0,0.0,0.0,647.45,722.25,0,0.0,0,0,18-APR-2022,
OPTSTK,ASTRAL,28-Apr-2022,1400.0,CE,0.0,0.0,0.0,696.4,702.3,0,0.0,0,0,18-APR-2022,
OPTSTK,ASTRAL,28-Apr-2022,1420.0,CE,0.0,0.0,0.0,607.7,682.3,0,0.0,0,0,18-APR-2022,
OPTSTK,ASTRAL,28-Apr-2022,1440.0,CE,0.0,0.0,0.0,587.9,662.35,0,0.0,0,0,18-APR-2022,
OPTSTK,ASTRAL,28-Apr-2022,1450.0,CE,0.0,0.0,0.0,650.45,652.35,0,0.0,0,0,18-APR-2022,
OPTSTK,ASTRAL,28-Apr-2022,1460.0,CE,0.0,0.0,0.0,568.1,642.35,0,0.0,0,0,18-APR-2022,
OPTSTK,ASTRAL,28-Apr-2022,1480.0,CE,0.0,0.0,0.0,548.35,622.4,0,0.0,0,0,18-APR-2022,
OPTSTK,ASTRAL,28-Apr-2022,1500.0,CE,0.0,0.0,0.0,605.5,602.4,0,0.0,0,0,18-APR-2022,
OPTSTK,ASTRAL,28-Apr-2022,1520.0,CE,0.0,0.0,0.0,509.05,582.45,0,0.0,0,0,18-APR-2022,
OPTSTK,ASTRAL,28-Apr-2022,1540.0,CE,0.0,0.0,0.0,489.5,562.45,0,0.0,0,0,18-APR-2022,
OPTSTK,ASTRAL,28-Apr-2022,1550.0,CE,0.0,0.0,0.0,561.8,552.45,0,0.0,0,0,18-APR-2022,
OPTSTK,ASTRAL,28-Apr-2022,1560.0,CE,0.0,0.0,0.0,470.1,542.5,0,0.0,0,0,18-APR-2022,
OPTSTK,ASTRAL,28-Apr-2022,1580.0,CE,0.0,0.0,0.0,450.8,522.5,0,0.0,0,0,18-APR-2022,
OPTSTK,ASTRAL,28-Apr-2022,1600.0,CE,0.0,0.0,0.0,519.45,502.55,0,0.0,0,0,18-APR-2022,
OPTSTK,ASTRAL,28-Apr-2022,1620.0,CE,0.0,0.0,0.0,412.7,482.55,0,0.0,0,0,18-APR-2022,
OPTSTK,ASTRAL,28-Apr-2022,1640.0,CE,0.0,0.0,0.0,393.9,462.6,0,0.0,0,0,18-APR-2022,
OPTSTK,ASTRAL,28-Apr-2022,1650.0,CE,0.0,0.0,0.0,478.7,452.6,0,0.0,0,0,18-APR-2022,
OPTSTK,ASTRAL,28-Apr-2022,1660.0,CE,0.0,0.0,0.0,375.35,442.65,0,0.0,0,0,18-APR-2022,
OPTSTK,ASTRAL,28-Apr-2022,1680.0,CE,0.0,0.0,0.0,357.05,422.7,0,0.0,0,0,18-APR-2022,
OPTSTK,ASTRAL,28-Apr-2022,1700.0,CE,0.0,0.0,0.0,439.6,402.8,0,0.0,0,0,18-APR-2022,
OPTSTK,ASTRAL,28-Apr-2022,1720.0,CE,0.0,0.0,0.0,321.4,382.9,0,0.0,0,0,18-APR-2022,
OPTSTK,ASTRAL,28-Apr-2022,1740.0,CE,0.0,0.0,0.0,304.05,363.05,0,0.0,0,0,18-APR-2022,
OPTSTK,ASTRAL,28-Apr-2022,1750.0,CE,0.0,0.0,0.0,402.4,353.2,0,0.0,0,0,18-APR-2022,
OPTSTK,ASTRAL,28-Apr-2022,1760.0,CE,0.0,0.0,0.0,287.1,343.3,0,0.0,0,0,18-APR-2022,
OPTSTK,ASTRAL,28-Apr-2022,1780.0,CE,0.0,0.0,0.0,270.55,323.65,0,0.0,0,0,18-APR-2022,
OPTSTK,ASTRAL,28-Apr-2022,1800.0,CE,0.0,0.0,0.0,367.05,304.1,0,0.0,0,0,18-APR-2022,
OPTSTK,ASTRAL,28-Apr-2022,1820.0,CE,0.0,0.0,0.0,238.8,284.75,0,0.0,0,0,18-APR-2022,
OPTSTK,ASTRAL,28-Apr-2022,1840.0,CE,0.0,0.0,0.0,223.6,265.6,0,0.0,0,0,18-APR-2022,
OPTSTK,ASTRAL,28-Apr-2022,1850.0,CE,0.0,0.0,0.0,333.55,256.15,0,0.0,0,0,18-APR-2022,
OPTSTK,ASTRAL,28-Apr-2022,1860.0,CE,0.0,0.0,0.0,209.05,246.75,0,0.0,0,0,18-APR-2022,
OPTSTK,ASTRAL,28-Apr-2022,1880.0,CE,0.0,0.0,0.0,194.85,228.25,0,0.0,0,0,18-APR-2022,
OPTSTK,ASTRAL,28-Apr-2022,1900.0,CE,0.0,0.0,0.0,213.0,210.15,0,0.0,825,0,18-APR-2022,
OPTSTK,ASTRAL,28-Apr-2022,1920.0,CE,0.0,0.0,0.0,168.35,192.55,0,0.0,0,0,18-APR-2022,
OPTSTK,ASTRAL,28-Apr-2022,1940.0,CE,0.0,0.0,0.0,155.95,175.5,0,0.0,0,0,18-APR-2022,
OPTSTK,ASTRAL,28-Apr-2022,1950.0,CE,0.0,0.0,0.0,80.0,167.2,0,0.0,275,0,18-APR-2022,
OPTSTK,ASTRAL,28-Apr-2022,1960.0,CE,0.0,0.0,0.0,144.2,159.05,0,0.0,0,0,18-APR-2022,
OPTSTK,ASTRAL,28-Apr-2022,1980.0,CE,0.0,0.0,0.0,133.0,143.35,0,0.0,0,0,18-APR-2022,
OPTSTK,ASTRAL,28-Apr-2022,2000.0,CE,125.95,125.95,87.25,109.0,128.5,15,86.74,9075,-2200,18-APR-2022,
OPTSTK,ASTRAL,28-Apr-2022,2020.0,CE,0.0,0.0,0.0,112.35,114.35,0,0.0,0,0,18-APR-2022,
OPTSTK,ASTRAL,28-Apr-2022,2040.0,CE,0.0,0.0,0.0,102.95,101.2,0,0.0,0,0,18-APR-2022,
OPTSTK,ASTRAL,28-Apr-2022,2050.0,CE,56.95,72.5,56.95,64.5,94.95,9,52.33,18700,275,18-APR-2022,
OPTSTK,ASTRAL,28-Apr-2022,2060.0,CE,67.35,67.35,50.0,60.15,88.95,7,40.76,4125,0,18-APR-2022,
OPTSTK,ASTRAL,28-Apr-2022,2080.0,CE,49.2,67.1,43.25,67.1,67.1,16,93.85,4950,-275,18-APR-2022,
OPTSTK,ASTRAL,28-Apr-2022,2100.0,CE,47.8,65.0,31.3,53.3,53.3,526,3110.28,50050,-275,18-APR-2022,
OPTSTK,ASTRAL,28-Apr-2022,2120.0,CE,50.25,54.95,36.4,43.05,43.05,14,83.27,7150,0,18-APR-2022,
OPTSTK,ASTRAL,28-Apr-2022,2140.0,CE,27.5,46.8,12.95,37.05,37.05,36,215.08,11275,-1100,18-APR-2022,
OPTSTK,ASTRAL,28-Apr-2022,2150.0,CE,34.35,41.0,20.15,31.95,31.95,102,611.21,19250,3300,18-APR-2022,
OPTSTK,ASTRAL,28-Apr-2022,2160.0,CE,30.85,39.0,24.0,36.6,42.15,9,54.25,4125,825,18-APR-2022,
OPTSTK,ASTRAL,28-Apr-2022,2180.0,CE,26.7,26.7,26.7,26.7,35.5,1,6.06,550,0,18-APR-2022,
OPTSTK,ASTRAL,28-Apr-2022,2200.0,CE,16.5,26.85,11.9,19.6,19.6,266,1622.35,50600,-1100,18-APR-2022,
OPTSTK,ASTRAL,28-Apr-2022,2220.0,CE,0.0,0.0,0.0,29.7,24.85,0,0.0,550,0,18-APR-2022,
OPTSTK,ASTRAL,28-Apr-2022,2240.0,CE,0.0,0.0,0.0,38.1,20.45,0,0.0,0,0,18-APR-2022,
OPTSTK,ASTRAL,28-Apr-2022,2250.0,CE,12.5,14.15,7.5,12.05,12.05,19,118.11,9625,550,18-APR-2022,
OPTSTK,ASTRAL,28-Apr-2022,2260.0,CE,0.0,0.0,0.0,34.05,16.75,0,0.0,0,0,18-APR-2022,
OPTSTK,ASTRAL,28-Apr-2022,2280.0,CE,0.0,0.0,0.0,30.45,13.6,0,0.0,0,0,18-APR-2022,
OPTSTK,ASTRAL,28-Apr-2022,2300.0,CE,6.0,8.0,4.45,6.15,6.15,60,380.4,20350,-1925,18-APR-2022,
OPTSTK,ASTRAL,28-Apr-2022,2320.0,CE,0.0,0.0,0.0,24.1,8.85,0,0.0,0,0,18-APR-2022,
OPTSTK,ASTRAL,28-Apr-2022,2340.0,CE,0.0,0.0,0.0,14.75,7.05,0,0.0,550,0,18-APR-2022,
OPTSTK,ASTRAL,28-Apr-2022,2350.0,CE,0.0,0.0,0.0,108.9,6.25,0,0.0,0,0,18-APR-2022,
OPTSTK,ASTRAL,28-Apr-2022,2360.0,CE,0.0,0.0,0.0,18.95,5.55,0,0.0,0,0,18-APR-2022,
OPTSTK,ASTRAL,28-Apr-2022,2380.0,CE,0.0,0.0,0.0,16.8,4.35,0,0.0,0,0,18-APR-2022,
OPTSTK,ASTRAL,28-Apr-2022,2400.0,CE,1.0,1.0,1.0,1.0,3.4,1,6.6,1925,-275,18-APR-2022,
OPTSTK,ASTRAL,28-Apr-2022,2420.0,CE,0.0,0.0,0.0,13.05,2.65,0,0.0,0,0,18-APR-2022,
OPTSTK,ASTRAL,28-Apr-2022,2440.0,CE,0.0,0.0,0.0,11.45,2.05,0,0.0,0,0,18-APR-2022,
OPTSTK,ASTRAL,28-Apr-2022,2450.0,CE,0.0,0.0,0.0,84.5,1.8,0,0.0,0,0,18-APR-2022,
OPTSTK,ASTRAL,28-Apr-2022,2460.0,CE,0.0,0.0,0.0,10.05,1.55,0,0.0,0,0,18-APR-2022,
OPTSTK,ASTRAL,28-Apr-2022,2480.0,CE,0.0,0.0,0.0,8.85,1.2,0,0.0,0,0,18-APR-2022,
OPTSTK,ASTRAL,28-Apr-2022,2500.0,CE,4.0,4.0,4.0,4.0,0.9,1,6.88,825,0,18-APR-2022,
OPTSTK,ASTRAL,28-Apr-2022,2520.0,CE,0.0,0.0,0.0,6.75,0.7,0,0.0,0,0,18-APR-2022,
OPTSTK,ASTRAL,28-Apr-2022,2540.0,CE,0.0,0.0,0.0,5.9,0.5,0,0.0,0,0,18-APR-2022,
OPTSTK,ASTRAL,28-Apr-2022,2550.0,CE,0.0,0.0,0.0,64.9,0.45,0,0.0,0,0,18-APR-2022,
OPTSTK,ASTRAL,28-Apr-2022,2560.0,CE,0.0,0.0,0.0,5.1,0.4,0,0.0,0,0,18-APR-2022,
OPTSTK,ASTRAL,28-Apr-2022,2580.0,CE,0.0,0.0,0.0,4.45,0.3,0,0.0,0,0,18-APR-2022,
OPTSTK,ASTRAL,28-Apr-2022,2600.0,CE,0.0,0.0,0.0,56.7,0.2,0,0.0,0,0,18-APR-2022,
OPTSTK,ASTRAL,28-Apr-2022,2620.0,CE,0.0,0.0,0.0,3.35,0.15,0,0.0,0,0,18-APR-2022,
OPTSTK,ASTRAL,28-Apr-2022,2640.0,CE,0.0,0.0,0.0,2.9,0.1,0,0.0,0,0,18-APR-2022,
OPTSTK,ASTRAL,28-Apr-2022,2650.0,CE,0.0,0.0,0.0,49.5,0.1,0,0.0,0,0,18-APR-2022,
OPTSTK,ASTRAL,28-Apr-2022,2660.0,CE,0.0,0.0,0.0,2.5,0.1,0,0.0,0,0,18-APR-2022,
OPTSTK,ASTRAL,28-Apr-2022,2680.0,CE,0.0,0.0,0.0,2.15,0.05,0,0.0,0,0,18-APR-2022,
OPTSTK,ASTRAL,28-Apr-2022,2700.0,CE,0.0,0.0,0.0,43.1,0.05,0,0.0,0,0,18-APR-2022,
OPTSTK,ASTRAL,28-Apr-2022,2720.0,CE,0.0,0.0,0.0,1.6,0.05,0,0.0,0,0,18-APR-2022,
OPTSTK,ASTRAL,28-Apr-2022,2740.0,CE,0.0,0.0,0.0,1.4,0.05,0,0.0,0,0,18-APR-2022,
OPTSTK,ASTRAL,28-Apr-2022,2750.0,CE,0.0,0.0,0.0,37.45,0.05,0,0.0,0,0,18-APR-2022,
OPTSTK,ASTRAL,28-Apr-2022,2760.0,CE,0.0,0.0,0.0,1.2,0.05,0,0.0,0,0,18-APR-2022,
OPTSTK,ASTRAL,28-Apr-2022,2780.0,CE,0.0,0.0,0.0,1.0,0.05,0,0.0,0,0,18-APR-2022,
OPTSTK,ASTRAL,28-Apr-2022,2800.0,CE,0.0,0.0,0.0,32.5,0.05,0,0.0,0,0,18-APR-2022,
OPTSTK,ASTRAL,28-Apr-2022,2850.0,CE,0.0,0.0,0.0,28.2,0.0,0,0.0,0,0,18-APR-2022,
OPTSTK,ASTRAL,28-Apr-2022,2900.0,CE,0.0,0.0,0.0,24.4,0.0,0,0.0,0,0,18-APR-2022,
OPTSTK,ASTRAL,28-Apr-2022,2950.0,CE,0.0,0.0,0.0,21.1,0.0,0,0.0,0,0,18-APR-2022,
OPTSTK,ASTRAL,28-Apr-2022,1350.0,PE,0.0,0.0,0.0,5.5,0.0,0,0.0,0,0,18-APR-2022,
OPTSTK,ASTRAL,28-Apr-2022,1360.0,PE,0.0,0.0,0.0,0.1,0.0,0,0.0,0,0,18-APR-2022,
OPTSTK,ASTRAL,28-Apr-2022,1380.0,PE,0.0,0.0,0.0,0.15,0.0,0,0.0,0,0,18-APR-2022,
OPTSTK,ASTRAL,28-Apr-2022,1400.0,PE,0.0,0.0,0.0,8.1,0.0,0,0.0,0,0,18-APR-2022,
OPTSTK,ASTRAL,28-Apr-2022,1420.0,PE,0.0,0.0,0.0,0.3,0.0,0,0.0,0,0,18-APR-2022,
OPTSTK,ASTRAL,28-Apr-2022,1440.0,PE,0.0,0.0,0.0,0.4,0.0,0,0.0,0,0,18-APR-2022,
OPTSTK,ASTRAL,28-Apr-2022,1450.0,PE,0.0,0.0,0.0,11.6,0.0,0,0.0,0,0,18-APR-2022,
OPTSTK,ASTRAL,28-Apr-2022,1460.0,PE,0.0,0.0,0.0,0.55,0.0,0,0.0,0,0,18-APR-2022,
OPTSTK,ASTRAL,28-Apr-2022,1480.0,PE,0.0,0.0,0.0,0.75,0.0,0,0.0,0,0,18-APR-2022,
OPTSTK,ASTRAL,28-Apr-2022,1500.0,PE,0.0,0.0,0.0,16.1,0.0,0,0.0,0,0,18-APR-2022,
OPTSTK,ASTRAL,28-Apr-2022,1520.0,PE,0.0,0.0,0.0,1.3,0.0,0,0.0,0,0,18-APR-2022,
OPTSTK,ASTRAL,28-Apr-2022,1540.0,PE,0.0,0.0,0.0,1.7,0.0,0,0.0,0,0,18-APR-2022,
OPTSTK,ASTRAL,28-Apr-2022,1550.0,PE,0.0,0.0,0.0,21.9,0.0,0,0.0,0,0,18-APR-2022,
OPTSTK,ASTRAL,28-Apr-2022,1560.0,PE,0.0,0.0,0.0,2.25,0.0,0,0.0,0,0,18-APR-2022,
OPTSTK,ASTRAL,28-Apr-2022,1580.0,PE,0.0,0.0,0.0,2.9,0.0,0,0.0,0,0,18-APR-2022,
OPTSTK,ASTRAL,28-Apr-2022,1600.0,PE,0.0,0.0,0.0,29.05,0.05,0,0.0,0,0,18-APR-2022,
OPTSTK,ASTRAL,28-Apr-2022,1620.0,PE,0.0,0.0,0.0,4.65,0.05,0,0.0,0,0,18-APR-2022,
OPTSTK,ASTRAL,28-Apr-2022,1640.0,PE,0.0,0.0,0.0,5.8,0.05,0,0.0,0,0,18-APR-2022,
OPTSTK,ASTRAL,28-Apr-2022,1650.0,PE,0.0,0.0,0.0,37.75,0.05,0,0.0,0,0,18-APR-2022,
OPTSTK,ASTRAL,28-Apr-2022,1660.0,PE,0.0,0.0,0.0,7.2,0.05,0,0.0,0,0,18-APR-2022,
OPTSTK,ASTRAL,28-Apr-2022,1680.0,PE,0.0,0.0,0.0,8.85,0.1,0,0.0,0,0,18-APR-2022,
OPTSTK,ASTRAL,28-Apr-2022,1700.0,PE,0.0,0.0,0.0,0.7,0.15,0,0.0,275,0,18-APR-2022,
OPTSTK,ASTRAL,28-Apr-2022,1720.0,PE,0.0,0.0,0.0,13.0,0.25,0,0.0,0,0,18-APR-2022,
OPTSTK,ASTRAL,28-Apr-2022,1740.0,PE,0.0,0.0,0.0,15.6,0.4,0,0.0,0,0,18-APR-2022,
OPTSTK,ASTRAL,28-Apr-2022,1750.0,PE,0.0,0.0,0.0,60.45,0.5,0,0.0,0,0,18-APR-2022,
OPTSTK,ASTRAL,28-Apr-2022,1760.0,PE,0.0,0.0,0.0,18.6,0.65,0,0.0,0,0,18-APR-2022,
OPTSTK,ASTRAL,28-Apr-2022,1780.0,PE,0.0,0.0,0.0,22.0,0.95,0,0.0,0,0,18-APR-2022,
OPTSTK,ASTRAL,28-Apr-2022,1800.0,PE,0.0,0.0,0.0,74.55,1.4,0,0.0,0,0,18-APR-2022,
OPTSTK,ASTRAL,28-Apr-2022,1820.0,PE,0.0,0.0,0.0,30.1,2.0,0,0.0,0,0,18-APR-2022,
OPTSTK,ASTRAL,28-Apr-2022,1840.0,PE,0.0,0.0,0.0,34.9,2.85,0,0.0,0,0,18-APR-2022,
OPTSTK,ASTRAL,28-Apr-2022,1850.0,PE,0.0,0.0,0.0,25.0,3.35,0,0.0,550,0,18-APR-2022,
OPTSTK,ASTRAL,28-Apr-2022,1860.0,PE,0.0,0.0,0.0,26.0,3.95,0,0.0,275,0,18-APR-2022,
OPTSTK,ASTRAL,28-Apr-2022,1880.0,PE,0.0,0.0,0.0,46.0,5.45,0,0.0,0,0,18-APR-2022,
OPTSTK,ASTRAL,28-Apr-2022,1900.0,PE,5.5,8.9,4.0,4.5,7.3,17,89.1,26950,-2200,18-APR-2022,
OPTSTK,ASTRAL,28-Apr-2022,1920.0,PE,0.0,0.0,0.0,59.35,9.65,0,0.0,0,0,18-APR-2022,
OPTSTK,ASTRAL,28-Apr-2022,1940.0,PE,0.0,0.0,0.0,66.9,12.6,0,0.0,0,0,18-APR-2022,
OPTSTK,ASTRAL,28-Apr-2022,1950.0,PE,0.0,0.0,0.0,9.0,14.3,0,0.0,6875,0,18-APR-2022,
OPTSTK,ASTRAL,28-Apr-2022,1960.0,PE,0.0,0.0,0.0,75.05,16.15,0,0.0,0,0,18-APR-2022,
OPTSTK,ASTRAL,28-Apr-2022,1980.0,PE,0.0,0.0,0.0,83.8,20.45,0,0.0,0,0,18-APR-2022,
OPTSTK,ASTRAL,28-Apr-2022,2000.0,PE,15.0,30.35,14.1,16.9,16.9,41,227.62,22000,1650,18-APR-2022,
OPTSTK,ASTRAL,28-Apr-2022,2020.0,PE,0.0,0.0,0.0,103.05,31.4,0,0.0,0,0,18-APR-2022,
OPTSTK,ASTRAL,28-Apr-2022,2040.0,PE,0.0,0.0,0.0,62.5,38.2,0,0.0,0,0,18-APR-2022,
OPTSTK,ASTRAL,28-Apr-2022,2050.0,PE,40.0,44.8,25.0,36.25,41.95,13,74.57,1650,825,18-APR-2022,
OPTSTK,ASTRAL,28-Apr-2022,2060.0,PE,29.05,38.8,29.05,38.8,45.95,2,11.51,275,0,18-APR-2022,
OPTSTK,ASTRAL,28-Apr-2022,2080.0,PE,0.0,0.0,0.0,41.9,54.65,0,0.0,550,0,18-APR-2022,
OPTSTK,ASTRAL,28-Apr-2022,2100.0,PE,51.95,100.95,43.25,43.25,64.3,63,374.49,13750,-550,18-APR-2022,
OPTSTK,ASTRAL,28-Apr-2022,2120.0,PE,0.0,0.0,0.0,161.3,74.9,0,0.0,0,0,18-APR-2022,
OPTSTK,ASTRAL,28-Apr-2022,2140.0,PE,0.0,0.0,0.0,174.6,86.5,0,0.0,0,0,18-APR-2022,
OPTSTK,ASTRAL,28-Apr-2022,2150.0,PE,0.0,0.0,0.0,230.1,92.65,0,0.0,0,0,18-APR-2022,
OPTSTK,ASTRAL,28-Apr-2022,2160.0,PE,0.0,0.0,0.0,188.35,99.0,0,0.0,0,0,18-APR-2022,
OPTSTK,ASTRAL,28-Apr-2022,2180.0,PE,0.0,0.0,0.0,202.65,112.35,0,0.0,0,0,18-APR-2022,
OPTSTK,ASTRAL,28-Apr-2022,2200.0,PE,131.8,167.5,111.85,111.85,126.55,19,122.37,3025,1100,18-APR-2022,
OPTSTK,ASTRAL,28-Apr-2022,2220.0,PE,0.0,0.0,0.0,232.6,141.65,0,0.0,0,0,18-APR-2022,
OPTSTK,ASTRAL,28-Apr-2022,2240.0,PE,0.0,0.0,0.0,248.05,157.2,0,0.0,0,0,18-APR-2022,
OPTSTK,ASTRAL,28-Apr-2022,2250.0,PE,0.0,0.0,0.0,292.05,165.3,0,0.0,0,0,18-APR-2022,
OPTSTK,ASTRAL,28-Apr-2022,2260.0,PE,0.0,0.0,0.0,264.0,173.5,0,0.0,0,0,18-APR-2022,
OPTSTK,ASTRAL,28-Apr-2022,2280.0,PE,0.0,0.0,0.0,280.3,190.35,0,0.0,0,0,18-APR-2022,
OPTSTK,ASTRAL,28-Apr-2022,2300.0,PE,0.0,0.0,0.0,250.0,207.7,0,0.0,275,0,18-APR-2022,
OPTSTK,ASTRAL,28-Apr-2022,2320.0,PE,0.0,0.0,0.0,313.85,225.5,0,0.0,0,0,18-APR-2022,
OPTSTK,ASTRAL,28-Apr-2022,2340.0,PE,0.0,0.0,0.0,331.1,243.7,0,0.0,0,0,18-APR-2022,
OPTSTK,ASTRAL,28-Apr-2022,2350.0,PE,0.0,0.0,0.0,360.65,252.9,0,0.0,0,0,18-APR-2022,
OPTSTK,ASTRAL,28-Apr-2022,2360.0,PE,0.0,0.0,0.0,348.6,262.2,0,0.0,0,0,18-APR-2022,
OPTSTK,ASTRAL,28-Apr-2022,2380.0,PE,0.0,0.0,0.0,366.35,281.0,0,0.0,0,0,18-APR-2022,
OPTSTK,ASTRAL,28-Apr-2022,2400.0,PE,0.0,0.0,0.0,397.3,300.0,0,0.0,0,0,18-APR-2022,
OPTSTK,ASTRAL,28-Apr-2022,2420.0,PE,0.0,0.0,0.0,402.5,319.2,0,0.0,0,0,18-APR-2022,
OPTSTK,ASTRAL,28-Apr-2022,2440.0,PE,0.0,0.0,0.0,420.85,338.6,0,0.0,0,0,18-APR-2022,
OPTSTK,ASTRAL,28-Apr-2022,2450.0,PE,0.0,0.0,0.0,435.2,348.35,0,0.0,0,0,18-APR-2022,
OPTSTK,ASTRAL,28-Apr-2022,2460.0,PE,0.0,0.0,0.0,439.4,358.1,0,0.0,0,0,18-APR-2022,
OPTSTK,ASTRAL,28-Apr-2022,2480.0,PE,0.0,0.0,0.0,458.05,377.7,0,0.0,0,0,18-APR-2022,
OPTSTK,ASTRAL,28-Apr-2022,2500.0,PE,0.0,0.0,0.0,474.4,397.4,0,0.0,0,0,18-APR-2022,
OPTSTK,ASTRAL,28-Apr-2022,2520.0,PE,0.0,0.0,0.0,495.85,417.15,0,0.0,0,0,18-APR-2022,
OPTSTK,ASTRAL,28-Apr-2022,2540.0,PE,0.0,0.0,0.0,514.95,436.95,0,0.0,0,0,18-APR-2022,
OPTSTK,ASTRAL,28-Apr-2022,2550.0,PE,0.0,0.0,0.0,514.6,446.85,0,0.0,0,0,18-APR-2022,
OPTSTK,ASTRAL,28-Apr-2022,2560.0,PE,0.0,0.0,0.0,534.1,456.8,0,0.0,0,0,18-APR-2022,
OPTSTK,ASTRAL,28-Apr-2022,2580.0,PE,0.0,0.0,0.0,553.4,476.7,0,0.0,0,0,18-APR-2022,
OPTSTK,ASTRAL,28-Apr-2022,2600.0,PE,0.0,0.0,0.0,555.9,496.6,0,0.0,0,0,18-APR-2022,
OPTSTK,ASTRAL,28-Apr-2022,2620.0,PE,0.0,0.0,0.0,592.15,516.5,0,0.0,0,0,18-APR-2022,
OPTSTK,ASTRAL,28-Apr-2022,2640.0,PE,0.0,0.0,0.0,611.65,536.45,0,0.0,0,0,18-APR-2022,
OPTSTK,ASTRAL,28-Apr-2022,2650.0,PE,0.0,0.0,0.0,598.15,546.4,0,0.0,0,0,18-APR-2022,
OPTSTK,ASTRAL,28-Apr-2022,2660.0,PE,0.0,0.0,0.0,631.2,556.4,0,0.0,0,0,18-APR-2022,
OPTSTK,ASTRAL,28-Apr-2022,2680.0,PE,0.0,0.0,0.0,650.75,576.35,0,0.0,0,0,18-APR-2022,
OPTSTK,ASTRAL,28-Apr-2022,2700.0,PE,0.0,0.0,0.0,641.2,596.3,0,0.0,0,0,18-APR-2022,
OPTSTK,ASTRAL,28-Apr-2022,2720.0,PE,0.0,0.0,0.0,690.1,616.3,0,0.0,0,0,18-APR-2022,
OPTSTK,ASTRAL,28-Apr-2022,2740.0,PE,0.0,0.0,0.0,709.8,636.25,0,0.0,0,0,18-APR-2022,
OPTSTK,ASTRAL,28-Apr-2022,2750.0,PE,0.0,0.0,0.0,685.05,646.25,0,0.0,0,0,18-APR-2022,
OPTSTK,ASTRAL,28-Apr-2022,2760.0,PE,0.0,0.0,0.0,729.55,656.25,0,0.0,0,0,18-APR-2022,
OPTSTK,ASTRAL,28-Apr-2022,2780.0,PE,0.0,0.0,0.0,749.3,676.2,0,0.0,0,0,18-APR-2022,
OPTSTK,ASTRAL,28-Apr-2022,2800.0,PE,0.0,0.0,0.0,729.6,696.2,0,0.0,0,0,18-APR-2022,
OPTSTK,ASTRAL,28-Apr-2022,2850.0,PE,0.0,0.0,0.0,774.75,746.1,0,0.0,0,0,18-APR-2022,
OPTSTK,ASTRAL,28-Apr-2022,2900.0,PE,0.0,0.0,0.0,820.45,796.05,0,0.0,0,0,18-APR-2022,
OPTSTK,ASTRAL,28-Apr-2022,2950.0,PE,0.0,0.0,0.0,866.6,846.0,0,0.0,0,0,18-APR-2022,
OPTSTK,ASTRAL,26-May-2022,1350.0,CE,0.0,0.0,0.0,467.7,756.8,0,0.0,0,0,18-APR-2022,
OPTSTK,ASTRAL,26-May-2022,1360.0,CE,0.0,0.0,0.0,673.65,746.9,0,0.0,0,0,18-APR-2022,
OPTSTK,ASTRAL,26-May-2022,1380.0,CE,0.0,0.0,0.0,654.2,727.05,0,0.0,0,0,18-APR-2022,
OPTSTK,ASTRAL,26-May-2022,1400.0,CE,0.0,0.0,0.0,425.95,707.2,0,0.0,0,0,18-APR-2022,
OPTSTK,ASTRAL,26-May-2022,1420.0,CE,0.0,0.0,0.0,615.65,687.4,0,0.0,0,0,18-APR-2022,
OPTSTK,ASTRAL,26-May-2022,1440.0,CE,0.0,0.0,0.0,596.55,667.6,0,0.0,0,0,18-APR-2022,
OPTSTK,ASTRAL,26-May-2022,1450.0,CE,0.0,0.0,0.0,386.1,657.75,0,0.0,0,0,18-APR-2022,
OPTSTK,ASTRAL,26-May-2022,1460.0,CE,0.0,0.0,0.0,577.6,647.9,0,0.0,0,0,18-APR-2022,
OPTSTK,ASTRAL,26-May-2022,1480.0,CE,0.0,0.0,0.0,558.75,628.2,0,0.0,0,0,18-APR-2022,
OPTSTK,ASTRAL,26-May-2022,1500.0,CE,0.0,0.0,0.0,348.35,608.55,0,0.0,0,0,18-APR-2022,
OPTSTK,ASTRAL,26-May-2022,1520.0,CE,0.0,0.0,0.0,521.55,589.0,0,0.0,0,0,18-APR-2022,
OPTSTK,ASTRAL,26-May-2022,1540.0,CE,0.0,0.0,0.0,503.25,569.55,0,0.0,0,0,18-APR-2022,
OPTSTK,ASTRAL,26-May-2022,1550.0,CE,0.0,0.0,0.0,312.75,559.85,0,0.0,0,0,18-APR-2022,
OPTSTK,ASTRAL,26-May-2022,1560.0,CE,0.0,0.0,0.0,485.15,550.15,0,0.0,0,0,18-APR-2022,
OPTSTK,ASTRAL,26-May-2022,1580.0,CE,0.0,0.0,0.0,467.3,530.9,0,0.0,0,0,18-APR-2022,
OPTSTK,ASTRAL,26-May-2022,1600.0,CE,0.0,0.0,0.0,279.45,511.75,0,0.0,0,0,18-APR-2022,
OPTSTK,ASTRAL,26-May-2022,1620.0,CE,0.0,0.0,0.0,432.3,492.75,0,0.0,0,0,18-APR-2022,
OPTSTK,ASTRAL,26-May-2022,1640.0,CE,0.0,0.0,0.0,415.2,473.9,0,0.0,0,0,18-APR-2022,
OPTSTK,ASTRAL,26-May-2022,1650.0,CE,0.0,0.0,0.0,248.65,464.55,0,0.0,0,0,18-APR-2022,
OPTSTK,ASTRAL,26-May-2022,1660.0,CE,0.0,0.0,0.0,398.4,455.25,0,0.0,0,0,18-APR-2022,
OPTSTK,ASTRAL,26-May-2022,1680.0,CE,0.0,0.0,0.0,381.95,436.8,0,0.0,0,0,18-APR-2022,
OPTSTK,ASTRAL,26-May-2022,1700.0,CE,0.0,0.0,0.0,220.25,418.6,0,0.0,0,0,18-APR-2022,
OPTSTK,ASTRAL,26-May-2022,1720.0,CE,0.0,0.0,0.0,349.95,400.65,0,0.0,0,0,18-APR-2022,
OPTSTK,ASTRAL,26-May-2022,1740.0,CE,0.0,0.0,0.0,334.5,382.95,0,0.0,0,0,18-APR-2022,
OPTSTK,ASTRAL,26-May-2022,1750.0,CE,0.0,0.0,0.0,194.25,374.2,0,0.0,0,0,18-APR-2022,
OPTSTK,ASTRAL,26-May-2022,1760.0,CE,0.0,0.0,0.0,319.4,365.55,0,0.0,0,0,18-APR-2022,
OPTSTK,ASTRAL,26-May-2022,1780.0,CE,0.0,0.0,0.0,304.7,348.5,0,0.0,0,0,18-APR-2022,
OPTSTK,ASTRAL,26-May-2022,1800.0,CE,0.0,0.0,0.0,170.6,331.75,0,0.0,0,0,18-APR-2022,
OPTSTK,ASTRAL,26-May-2022,1820.0,CE,0.0,0.0,0.0,276.4,315.35,0,0.0,0,0,18-APR-2022,
OPTSTK,ASTRAL,26-May-2022,1840.0,CE,0.0,0.0,0.0,262.8,299.4,0,0.0,0,0,18-APR-2022,
OPTSTK,ASTRAL,26-May-2022,1850.0,CE,0.0,0.0,0.0,149.25,291.55,0,0.0,0,0,18-APR-2022,
OPTSTK,ASTRAL,26-May-2022,1860.0,CE,0.0,0.0,0.0,249.7,283.8,0,0.0,0,0,18-APR-2022,
OPTSTK,ASTRAL,26-May-2022,1880.0,CE,0.0,0.0,0.0,237.0,268.6,0,0.0,0,0,18-APR-2022,
OPTSTK,ASTRAL,26-May-2022,1900.0,CE,0.0,0.0,0.0,130.05,253.95,0,0.0,0,0,18-APR-2022,
OPTSTK,ASTRAL,26-May-2022,1920.0,CE,0.0,0.0,0.0,212.9,239.65,0,0.0,0,0,18-APR-2022,
OPTSTK,ASTRAL,26-May-2022,1940.0,CE,0.0,0.0,0.0,201.45,225.75,0,0.0,0,0,18-APR-2022,
OPTSTK,ASTRAL,26-May-2022,1950.0,CE,0.0,0.0,0.0,112.95,219.05,0,0.0,0,0,18-APR-2022,
OPTSTK,ASTRAL,26-May-2022,1960.0,CE,0.0,0.0,0.0,190.45,212.45,0,0.0,0,0,18-APR-2022,
OPTSTK,ASTRAL,26-May-2022,1980.0,CE,0.0,0.0,0.0,179.9,199.6,0,0.0,0,0,18-APR-2022,
OPTSTK,ASTRAL,26-May-2022,2000.0,CE,218.0,218.0,218.0,218.0,187.25,1,6.09,275,275,18-APR-2022,
OPTSTK,ASTRAL,26-May-2022,2020.0,CE,0.0,0.0,0.0,160.0,175.4,0,0.0,0,0,18-APR-2022,
OPTSTK,ASTRAL,26-May-2022,2040.0,CE,0.0,0.0,0.0,150.7,164.05,0,0.0,0,0,18-APR-2022,
OPTSTK,ASTRAL,26-May-2022,2050.0,CE,0.0,0.0,0.0,84.25,158.55,0,0.0,0,0,18-APR-2022,
OPTSTK,ASTRAL,26-May-2022,2060.0,CE,0.0,0.0,0.0,141.8,153.2,0,0.0,0,0,18-APR-2022,
OPTSTK,ASTRAL,26-May-2022,2080.0,CE,0.0,0.0,0.0,133.3,142.85,0,0.0,0,0,18-APR-2022,
OPTSTK,ASTRAL,26-May-2022,2100.0,CE,0.0,0.0,0.0,72.55,133.0,0,0.0,0,0,18-APR-2022,
OPTSTK,ASTRAL,26-May-2022,2120.0,CE,0.0,0.0,0.0,117.45,123.65,0,0.0,0,0,18-APR-2022,
OPTSTK,ASTRAL,26-May-2022,2140.0,CE,0.0,0.0,0.0,110.15,114.8,0,0.0,0,0,18-APR-2022,
OPTSTK,ASTRAL,26-May-2022,2150.0,CE,0.0,0.0,0.0,62.2,110.55,0,0.0,0,0,18-APR-2022,
OPTSTK,ASTRAL,26-May-2022,2160.0,CE,0.0,0.0,0.0,103.15,106.4,0,0.0,0,0,18-APR-2022,
OPTSTK,ASTRAL,26-May-2022,2180.0,CE,0.0,0.0,0.0,96.55,98.5,0,0.0,0,0,18-APR-2022,
OPTSTK,ASTRAL,26-May-2022,2200.0,CE,0.0,0.0,0.0,53.15,91.05,0,0.0,0,0,18-APR-2022,
OPTSTK,ASTRAL,26-May-2022,2220.0,CE,0.0,0.0,0.0,84.3,84.05,0,0.0,0,0,18-APR-2022,
OPTSTK,ASTRAL,26-May-2022,2240.0,CE,0.0,0.0,0.0,78.7,77.45,0,0.0,0,0,18-APR-2022,
OPTSTK,ASTRAL,26-May-2022,2250.0,CE,0.0,0.0,0.0,45.3,74.3,0,0.0,0,0,18-APR-2022,
OPTSTK,ASTRAL,26-May-2022,2260.0,CE,0.0,0.0,0.0,73.4,71.25,0,0.0,0,0,18-APR-2022,
OPTSTK,ASTRAL,26-May-2022,2280.0,CE,0.0,0.0,0.0,68.5,65.5,0,0.0,0,0,18-APR-2022,
OPTSTK,ASTRAL,26-May-2022,2300.0,CE,0.0,0.0,0.0,38.55,60.1,0,0.0,0,0,18-APR-2022,
OPTSTK,ASTRAL,26-May-2022,2320.0,CE,0.0,0.0,0.0,59.4,55.2,0,0.0,0,0,18-APR-2022,
OPTSTK,ASTRAL,26-May-2022,2340.0,CE,0.0,0.0,0.0,55.25,50.55,0,0.0,0,0,18-APR-2022,
OPTSTK,ASTRAL,26-May-2022,2350.0,CE,0.0,0.0,0.0,32.7,48.35,0,0.0,0,0,18-APR-2022,
OPTSTK,ASTRAL,26-May-2022,2360.0,CE,0.0,0.0,0.0,51.25,46.2,0,0.0,0,0,18-APR-2022,
OPTSTK,ASTRAL,26-May-2022,2380.0,CE,0.0,0.0,0.0,47.6,42.1,0,0.0,0,0,18-APR-2022,
OPTSTK,ASTRAL,26-May-2022,2400.0,CE,0.0,0.0,0.0,27.65,38.4,0,0.0,0,0,18-APR-2022,
OPTSTK,ASTRAL,26-May-2022,2420.0,CE,0.0,0.0,0.0,40.9,34.95,0,0.0,0,0,18-APR-2022,
OPTSTK,ASTRAL,26-May-2022,2440.0,CE,0.0,0.0,0.0,37.9,31.8,0,0.0,0,0,18-APR-2022,
OPTSTK,ASTRAL,26-May-2022,2450.0,CE,0.0,0.0,0.0,23.35,30.3,0,0.0,0,0,18-APR-2022,
OPTSTK,ASTRAL,26-May-2022,2460.0,CE,0.0,0.0,0.0,35.1,28.9,0,0.0,0,0,18-APR-2022,
OPTSTK,ASTRAL,26-May-2022,2480.0,CE,0.0,0.0,0.0,32.45,26.2,0,0.0,0,0,18-APR-2022,
OPTSTK,ASTRAL,26-May-2022,2500.0,CE,0.0,0.0,0.0,19.7,23.75,0,0.0,0,0,18-APR-2022,
OPTSTK,ASTRAL,26-May-2022,2520.0,CE,0.0,0.0,0.0,27.7,21.5,0,0.0,0,0,18-APR-2022,
OPTSTK,ASTRAL,26-May-2022,2540.0,CE,0.0,0.0,0.0,25.6,19.4,0,0.0,0,0,18-APR-2022,
OPTSTK,ASTRAL,26-May-2022,2550.0,CE,0.0,0.0,0.0,16.55,18.45,0,0.0,0,0,18-APR-2022,
OPTSTK,ASTRAL,26-May-2022,2560.0,CE,0.0,0.0,0.0,23.6,17.55,0,0.0,0,0,18-APR-2022,
OPTSTK,ASTRAL,26-May-2022,2580.0,CE,0.0,0.0,0.0,21.75,15.8,0,0.0,0,0,18-APR-2022,
OPTSTK,ASTRAL,26-May-2022,2600.0,CE,0.0,0.0,0.0,13.9,14.25,0,0.0,0,0,18-APR-2022,
OPTSTK,ASTRAL,26-May-2022,2620.0,CE,0.0,0.0,0.0,18.45,12.8,0,0.0,0,0,18-APR-2022,
OPTSTK,ASTRAL,26-May-2022,2640.0,CE,0.0,0.0,0.0,17.0,11.5,0,0.0,0,0,18-APR-2022,
OPTSTK,ASTRAL,26-May-2022,2650.0,CE,0.0,0.0,0.0,11.65,10.9,0,0.0,0,0,18-APR-2022,
OPTSTK,ASTRAL,26-May-2022,2660.0,CE,0.0,0.0,0.0,15.65,10.35,0,0.0,0,0,18-APR-2022,
OPTSTK,ASTRAL,26-May-2022,2680.0,CE,0.0,0.0,0.0,14.35,9.3,0,0.0,0,0,18-APR-2022,
OPTSTK,ASTRAL,26-May-2022,2700.0,CE,0.0,0.0,0.0,9.75,8.3,0,0.0,0,0,18-APR-2022,
OPTSTK,ASTRAL,26-May-2022,1350.0,PE,0.0,0.0,0.0,20.35,0.15,0,0.0,0,0,18-APR-2022,
OPTSTK,ASTRAL,26-May-2022,1360.0,PE,0.0,0.0,0.0,1.85,0.2,0,0.0,0,0,18-APR-2022,
OPTSTK,ASTRAL,26-May-2022,1380.0,PE,0.0,0.0,0.0,2.3,0.25,0,0.0,0,0,18-APR-2022,
OPTSTK,ASTRAL,26-May-2022,1400.0,PE,0.0,0.0,0.0,28.1,0.3,0,0.0,0,0,18-APR-2022,
OPTSTK,ASTRAL,26-May-2022,1420.0,PE,0.0,0.0,0.0,3.5,0.45,0,0.0,0,0,18-APR-2022,
OPTSTK,ASTRAL,26-May-2022,1440.0,PE,0.0,0.0,0.0,4.25,0.55,0,0.0,0,0,18-APR-2022,
OPTSTK,ASTRAL,26-May-2022,1450.0,PE,0.0,0.0,0.0,37.7,0.65,0,0.0,0,0,18-APR-2022,
OPTSTK,ASTRAL,26-May-2022,1460.0,PE,0.0,0.0,0.0,5.15,0.75,0,0.0,0,0,18-APR-2022,
OPTSTK,ASTRAL,26-May-2022,1480.0,PE,0.0,0.0,0.0,6.2,0.95,0,0.0,0,0,18-APR-2022,
OPTSTK,ASTRAL,26-May-2022,1500.0,PE,0.0,0.0,0.0,49.45,1.25,0,0.0,0,0,18-APR-2022,
OPTSTK,ASTRAL,26-May-2022,1520.0,PE,0.0,0.0,0.0,8.75,1.6,0,0.0,0,0,18-APR-2022,
OPTSTK,ASTRAL,26-May-2022,1540.0,PE,0.0,0.0,0.0,10.35,2.05,0,0.0,0,0,18-APR-2022,
OPTSTK,ASTRAL,26-May-2022,1550.0,PE,0.0,0.0,0.0,63.35,2.3,0,0.0,0,0,18-APR-2022,
OPTSTK,ASTRAL,26-May-2022,1560.0,PE,0.0,0.0,0.0,12.1,2.55,0,0.0,0,0,18-APR-2022,
OPTSTK,ASTRAL,26-May-2022,1580.0,PE,0.0,0.0,0.0,14.1,3.2,0,0.0,0,0,18-APR-2022,
OPTSTK,ASTRAL,26-May-2022,1600.0,PE,0.0,0.0,0.0,79.5,3.95,0,0.0,0,0,18-APR-2022,
OPTSTK,ASTRAL,26-May-2022,1620.0,PE,0.0,0.0,0.0,18.85,4.9,0,0.0,0,0,18-APR-2022,
OPTSTK,ASTRAL,26-May-2022,1640.0,PE,0.0,0.0,0.0,21.65,5.95,0,0.0,0,0,18-APR-2022,
OPTSTK,ASTRAL,26-May-2022,1650.0,PE,0.0,0.0,0.0,98.15,6.55,0,0.0,0,0,18-APR-2022,
OPTSTK,ASTRAL,26-May-2022,1660.0,PE,0.0,0.0,0.0,24.7,7.25,0,0.0,0,0,18-APR-2022,
OPTSTK,ASTRAL,26-May-2022,1680.0,PE,0.0,0.0,0.0,28.1,8.7,0,0.0,0,0,18-APR-2022,
OPTSTK,ASTRAL,26-May-2022,1700.0,PE,0.0,0.0,0.0,30.0,10.4,0,0.0,0,0,18-APR-2022,
OPTSTK,ASTRAL,26-May-2022,1720.0,PE,0.0,0.0,0.0,35.85,12.35,0,0.0,0,0,18-APR-2022,
OPTSTK,ASTRAL,26-May-2022,1740.0,PE,0.0,0.0,0.0,40.25,14.55,0,0.0,0,0,18-APR-2022,
OPTSTK,ASTRAL,26-May-2022,1750.0,PE,0.0,0.0,0.0,142.75,15.8,0,0.0,0,0,18-APR-2022,
OPTSTK,ASTRAL,26-May-2022,1760.0,PE,0.0,0.0,0.0,45.0,17.1,0,0.0,0,0,18-APR-2022,
OPTSTK,ASTRAL,26-May-2022,1780.0,PE,0.0,0.0,0.0,50.25,19.9,0,0.0,0,0,18-APR-2022,
OPTSTK,ASTRAL,26-May-2022,1800.0,PE,0.0,0.0,0.0,168.55,23.1,0,0.0,0,0,18-APR-2022,
OPTSTK,ASTRAL,26-May-2022,1820.0,PE,0.0,0.0,0.0,61.65,26.65,0,0.0,0,0,18-APR-2022,
OPTSTK,ASTRAL,26-May-2022,1840.0,PE,0.0,0.0,0.0,67.95,30.55,0,0.0,0,0,18-APR-2022,
OPTSTK,ASTRAL,26-May-2022,1850.0,PE,0.0,0.0,0.0,196.7,32.65,0,0.0,0,0,18-APR-2022,
OPTSTK,ASTRAL,26-May-2022,1860.0,PE,0.0,0.0,0.0,74.7,34.9,0,0.0,0,0,18-APR-2022,
OPTSTK,ASTRAL,26-May-2022,1880.0,PE,0.0,0.0,0.0,81.85,39.6,0,0.0,0,0,18-APR-2022,
OPTSTK,ASTRAL,26-May-2022,1900.0,PE,0.0,0.0,0.0,39.1,44.85,0,0.0,275,0,18-APR-2022,
OPTSTK,ASTRAL,26-May-2022,1920.0,PE,0.0,0.0,0.0,97.5,50.5,0,0.0,0,0,18-APR-2022,
OPTSTK,ASTRAL,26-May-2022,1940.0,PE,0.0,0.0,0.0,105.95,56.5,0,0.0,0,0,18-APR-2022,
OPTSTK,ASTRAL,26-May-2022,1950.0,PE,0.0,0.0,0.0,259.35,59.75,0,0.0,0,0,18-APR-2022,
OPTSTK,ASTRAL,26-May-2022,1960.0,PE,0.0,0.0,0.0,114.8,63.1,0,0.0,0,0,18-APR-2022,
OPTSTK,ASTRAL,26-May-2022,1980.0,PE,0.0,0.0,0.0,124.1,70.15,0,0.0,0,0,18-APR-2022,
OPTSTK,ASTRAL,26-May-2022,2000.0,PE,0.0,0.0,0.0,59.85,77.7,0,0.0,825,0,18-APR-2022,
OPTSTK,ASTRAL,26-May-2022,2020.0,PE,0.0,0.0,0.0,143.95,85.8,0,0.0,0,0,18-APR-2022,
OPTSTK,ASTRAL,26-May-2022,2040.0,PE,0.0,0.0,0.0,154.55,94.35,0,0.0,0,0,18-APR-2022,
OPTSTK,ASTRAL,26-May-2022,2050.0,PE,0.0,0.0,0.0,329.6,98.8,0,0.0,0,0,18-APR-2022,
OPTSTK,ASTRAL,26-May-2022,2060.0,PE,0.0,0.0,0.0,165.5,103.4,0,0.0,0,0,18-APR-2022,
OPTSTK,ASTRAL,26-May-2022,2080.0,PE,0.0,0.0,0.0,176.85,113.0,0,0.0,0,0,18-APR-2022,
OPTSTK,ASTRAL,26-May-2022,2100.0,PE,0.0,0.0,0.0,367.35,123.05,0,0.0,0,0,18-APR-2022,
OPTSTK,ASTRAL,26-May-2022,2120.0,PE,0.0,0.0,0.0,200.75,133.6,0,0.0,0,0,18-APR-2022,
OPTSTK,ASTRAL,26-May-2022,2140.0,PE,0.0,0.0,0.0,213.3,144.65,0,0.0,0,0,18-APR-2022,
OPTSTK,ASTRAL,26-May-2022,2150.0,PE,0.0,0.0,0.0,406.5,150.35,0,0.0,0,0,18-APR-2022,
OPTSTK,ASTRAL,26-May-2022,2160.0,PE,0.0,0.0,0.0,226.2,156.2,0,0.0,0,0,18-APR-2022,
OPTSTK,ASTRAL,26-May-2022,2180.0,PE,0.0,0.0,0.0,239.45,168.2,0,0.0,0,0,18-APR-2022,
OPTSTK,ASTRAL,26-May-2022,2200.0,PE,0.0,0.0,0.0,446.9,180.65,0,0.0,0,0,18-APR-2022,
OPTSTK,ASTRAL,26-May-2022,2220.0,PE,0.0,0.0,0.0,266.95,193.55,0,0.0,0,0,18-APR-2022,
OPTSTK,ASTRAL,26-May-2022,2240.0,PE,0.0,0.0,0.0,281.2,206.85,0,0.0,0,0,18-APR-2022,
OPTSTK,ASTRAL,26-May-2022,2250.0,PE,0.0,0.0,0.0,488.55,213.65,0,0.0,0,0,18-APR-2022,
OPTSTK,ASTRAL,26-May-2022,2260.0,PE,0.0,0.0,0.0,295.8,220.6,0,0.0,0,0,18-APR-2022,
OPTSTK,ASTRAL,26-May-2022,2280.0,PE,0.0,0.0,0.0,310.75,234.75,0,0.0,0,0,18-APR-2022,
OPTSTK,ASTRAL,26-May-2022,2300.0,PE,0.0,0.0,0.0,531.25,249.25,0,0.0,0,0,18-APR-2022,
OPTSTK,ASTRAL,26-May-2022,2320.0,PE,0.0,0.0,0.0,341.4,264.25,0,0.0,0,0,18-APR-2022,
OPTSTK,ASTRAL,26-May-2022,2340.0,PE,0.0,0.0,0.0,357.1,279.5,0,0.0,0,0,18-APR-2022,
OPTSTK,ASTRAL,26-May-2022,2350.0,PE,0.0,0.0,0.0,574.9,287.25,0,0.0,0,0,18-APR-2022,
OPTSTK,ASTRAL,26-May-2022,2360.0,PE,0.0,0.0,0.0,373.0,295.1,0,0.0,0,0,18-APR-2022,
OPTSTK,ASTRAL,26-May-2022,2380.0,PE,0.0,0.0,0.0,389.2,310.9,0,0.0,0,0,18-APR-2022,
OPTSTK,ASTRAL,26-May-2022,2400.0,PE,0.0,0.0,0.0,619.35,327.1,0,0.0,0,0,18-APR-2022,
OPTSTK,ASTRAL,26-May-2022,2420.0,PE,0.0,0.0,0.0,422.25,343.6,0,0.0,0,0,18-APR-2022,
OPTSTK,ASTRAL,26-May-2022,2440.0,PE,0.0,0.0,0.0,439.15,360.35,0,0.0,0,0,18-APR-2022,
OPTSTK,ASTRAL,26-May-2022,2450.0,PE,0.0,0.0,0.0,664.5,368.8,0,0.0,0,0,18-APR-2022,
OPTSTK,ASTRAL,26-May-2022,2460.0,PE,0.0,0.0,0.0,456.2,377.35,0,0.0,0,0,18-APR-2022,
OPTSTK,ASTRAL,26-May-2022,2480.0,PE,0.0,0.0,0.0,473.4,394.55,0,0.0,0,0,18-APR-2022,
OPTSTK,ASTRAL,26-May-2022,2500.0,PE,0.0,0.0,0.0,710.35,412.0,0,0.0,0,0,18-APR-2022,
OPTSTK,ASTRAL,26-May-2022,2520.0,PE,0.0,0.0,0.0,508.4,429.65,0,0.0,0,0,18-APR-2022,
OPTSTK,ASTRAL,26-May-2022,2540.0,PE,0.0,0.0,0.0,526.15,447.5,0,0.0,0,0,18-APR-2022,
OPTSTK,ASTRAL,26-May-2022,2550.0,PE,0.0,0.0,0.0,756.7,456.5,0,0.0,0,0,18-APR-2022,
OPTSTK,ASTRAL,26-May-2022,2560.0,PE,0.0,0.0,0.0,544.05,465.55,0,0.0,0,0,18-APR-2022,
OPTSTK,ASTRAL,26-May-2022,2580.0,PE,0.0,0.0,0.0,562.1,483.7,0,0.0,0,0,18-APR-2022,
OPTSTK,ASTRAL,26-May-2022,2600.0,PE,0.0,0.0,0.0,803.5,502.05,0,0.0,0,0,18-APR-2022,
OPTSTK,ASTRAL,26-May-2022,2620.0,PE,0.0,0.0,0.0,598.55,520.55,0,0.0,0,0,18-APR-2022,
OPTSTK,ASTRAL,26-May-2022,2640.0,PE,0.0,0.0,0.0,616.9,539.15,0,0.0,0,0,18-APR-2022,
OPTSTK,ASTRAL,26-May-2022,2650.0,PE,0.0,0.0,0.0,850.75,548.5,0,0.0,0,0,18-APR-2022,
OPTSTK,ASTRAL,26-May-2022,2660.0,PE,0.0,0.0,0.0,635.45,557.9,0,0.0,0,0,18-APR-2022,
OPTSTK,ASTRAL,26-May-2022,2680.0,PE,0.0,0.0,0.0,654.05,576.75,0,0.0,0,0,18-APR-2022,
OPTSTK,ASTRAL,26-May-2022,2700.0,PE,0.0,0.0,0.0,898.3,595.7,0,0.0,0,0,18-APR-2022,
OPTSTK,ASTRAL,30-Jun-2022,1360.0,CE,0.0,0.0,0.0,684.7,754.6,0,0.0,0,0,18-APR-2022,
OPTSTK,ASTRAL,30-Jun-2022,1380.0,CE,0.0,0.0,0.0,666.15,735.3,0,0.0,0,0,18-APR-2022,
OPTSTK,ASTRAL,30-Jun-2022,1400.0,CE,0.0,0.0,0.0,647.75,716.1,0,0.0,0,0,18-APR-2022,
OPTSTK,ASTRAL,30-Jun-2022,1420.0,CE,0.0,0.0,0.0,629.5,696.95,0,0.0,0,0,18-APR-2022,
OPTSTK,ASTRAL,30-Jun-2022,1440.0,CE,0.0,0.0,0.0,611.45,677.9,0,0.0,0,0,18-APR-2022,
OPTSTK,ASTRAL,30-Jun-2022,1460.0,CE,0.0,0.0,0.0,593.55,659.0,0,0.0,0,0,18-APR-2022,
OPTSTK,ASTRAL,30-Jun-2022,1480.0,CE,0.0,0.0,0.0,575.85,640.25,0,0.0,0,0,18-APR-2022,
OPTSTK,ASTRAL,30-Jun-2022,1500.0,CE,0.0,0.0,0.0,558.4,621.6,0,0.0,0,0,18-APR-2022,
OPTSTK,ASTRAL,30-Jun-2022,1520.0,CE,0.0,0.0,0.0,541.15,603.15,0,0.0,0,0,18-APR-2022,
OPTSTK,ASTRAL,30-Jun-2022,1540.0,CE,0.0,0.0,0.0,524.15,584.85,0,0.0,0,0,18-APR-2022,
OPTSTK,ASTRAL,30-Jun-2022,1560.0,CE,0.0,0.0,0.0,507.35,566.75,0,0.0,0,0,18-APR-2022,
OPTSTK,ASTRAL,30-Jun-2022,1580.0,CE,0.0,0.0,0.0,490.85,548.8,0,0.0,0,0,18-APR-2022,
OPTSTK,ASTRAL,30-Jun-2022,1600.0,CE,0.0,0.0,0.0,474.55,531.1,0,0.0,0,0,18-APR-2022,
OPTSTK,ASTRAL,30-Jun-2022,1620.0,CE,0.0,0.0,0.0,458.6,513.6,0,0.0,0,0,18-APR-2022,
OPTSTK,ASTRAL,30-Jun-2022,1640.0,CE,0.0,0.0,0.0,442.9,496.35,0,0.0,0,0,18-APR-2022,
OPTSTK,ASTRAL,30-Jun-2022,1660.0,CE,0.0,0.0,0.0,427.45,479.35,0,0.0,0,0,18-APR-2022,
OPTSTK,ASTRAL,30-Jun-2022,1680.0,CE,0.0,0.0,0.0,412.35,462.6,0,0.0,0,0,18-APR-2022,
OPTSTK,ASTRAL,30-Jun-2022,1700.0,CE,0.0,0.0,0.0,397.6,446.1,0,0.0,0,0,18-APR-2022,
OPTSTK,ASTRAL,30-Jun-2022,1720.0,CE,0.0,0.0,0.0,383.1,429.9,0,0.0,0,0,18-APR-2022,
OPTSTK,ASTRAL,30-Jun-2022,1740.0,CE,0.0,0.0,0.0,368.9,414.0,0,0.0,0,0,18-APR-2022,
OPTSTK,ASTRAL,30-Jun-2022,1760.0,CE,0.0,0.0,0.0,355.05,398.4,0,0.0,0,0,18-APR-2022,
OPTSTK,ASTRAL,30-Jun-2022,1780.0,CE,0.0,0.0,0.0,341.5,383.15,0,0.0,0,0,18-APR-2022,
OPTSTK,ASTRAL,30-Jun-2022,1800.0,CE,0.0,0.0,0.0,328.25,368.25,0,0.0,0,0,18-APR-2022,
OPTSTK,ASTRAL,30-Jun-2022,1820.0,CE,0.0,0.0,0.0,315.35,353.6,0,0.0,0,0,18-APR-2022,
OPTSTK,ASTRAL,30-Jun-2022,1840.0,CE,0.0,0.0,0.0,302.85,339.3,0,0.0,0,0,18-APR-2022,
OPTSTK,ASTRAL,30-Jun-2022,1860.0,CE,0.0,0.0,0.0,290.65,325.35,0,0.0,0,0,18-APR-2022,
OPTSTK,ASTRAL,30-Jun-2022,1880.0,CE,0.0,0.0,0.0,278.8,311.75,0,0.0,0,0,18-APR-2022,
OPTSTK,ASTRAL,30-Jun-2022,1900.0,CE,0.0,0.0,0.0,267.3,298.45,0,0.0,0,0,18-APR-2022,
OPTSTK,ASTRAL,30-Jun-2022,1920.0,CE,0.0,0.0,0.0,256.15,285.6,0,0.0,0,0,18-APR-2022,
OPTSTK,ASTRAL,30-Jun-2022,1940.0,CE,0.0,0.0,0.0,245.35,273.1,0,0.0,0,0,18-APR-2022,
OPTSTK,ASTRAL,30-Jun-2022,1960.0,CE,0.0,0.0,0.0,234.85,260.95,0,0.0,0,0,18-APR-2022,
OPTSTK,ASTRAL,30-Jun-2022,1980.0,CE,0.0,0.0,0.0,224.7,249.15,0,0.0,0,0,18-APR-2022,
OPTSTK,ASTRAL,30-Jun-2022,2000.0,CE,0.0,0.0,0.0,214.85,237.75,0,0.0,0,0,18-APR-2022,
OPTSTK,ASTRAL,30-Jun-2022,2020.0,CE,0.0,0.0,0.0,205.35,226.75,0,0.0,0,0,18-APR-2022,
OPTSTK,ASTRAL,30-Jun-2022,2040.0,CE,0.0,0.0,0.0,196.15,216.05,0,0.0,0,0,18-APR-2022,
OPTSTK,ASTRAL,30-Jun-2022,2060.0,CE,0.0,0.0,0.0,187.3,205.75,0,0.0,0,0,18-APR-2022,
OPTSTK,ASTRAL,30-Jun-2022,2080.0,CE,0.0,0.0,0.0,178.75,195.8,0,0.0,0,0,18-APR-2022,
OPTSTK,ASTRAL,30-Jun-2022,2100.0,CE,0.0,0.0,0.0,170.55,186.25,0,0.0,0,0,18-APR-2022,
OPTSTK,ASTRAL,30-Jun-2022,2120.0,CE,0.0,0.0,0.0,162.6,177.0,0,0.0,0,0,18-APR-2022,
OPTSTK,ASTRAL,30-Jun-2022,2140.0,CE,0.0,0.0,0.0,154.95,168.15,0,0.0,0,0,18-APR-2022,
OPTSTK,ASTRAL,30-Jun-2022,2160.0,CE,0.0,0.0,0.0,147.65,159.6,0,0.0,0,0,18-APR-2022,
OPTSTK,ASTRAL,30-Jun-2022,2180.0,CE,0.0,0.0,0.0,140.6,151.4,0,0.0,0,0,18-APR-2022,
OPTSTK,ASTRAL,30-Jun-2022,2200.0,CE,0.0,0.0,0.0,133.8,143.55,0,0.0,0,0,18-APR-2022,
OPTSTK,ASTRAL,30-Jun-2022,2220.0,CE,0.0,0.0,0.0,127.3,136.0,0,0.0,0,0,18-APR-2022,
OPTSTK,ASTRAL,30-Jun-2022,2240.0,CE,0.0,0.0,0.0,121.05,128.75,0,0.0,0,0,18-APR-2022,
OPTSTK,ASTRAL,30-Jun-2022,2260.0,CE,0.0,0.0,0.0,115.05,121.85,0,0.0,0,0,18-APR-2022,
OPTSTK,ASTRAL,30-Jun-2022,2280.0,CE,0.0,0.0,0.0,109.35,115.25,0,0.0,0,0,18-APR-2022,
OPTSTK,ASTRAL,30-Jun-2022,2300.0,CE,0.0,0.0,0.0,103.85,108.95,0,0.0,0,0,18-APR-2022,
OPTSTK,ASTRAL,30-Jun-2022,2320.0,CE,0.0,0.0,0.0,98.6,102.9,0,0.0,0,0,18-APR-2022,
OPTSTK,ASTRAL,30-Jun-2022,2340.0,CE,0.0,0.0,0.0,93.7,97.15,0,0.0,0,0,18-APR-2022,
OPTSTK,ASTRAL,30-Jun-2022,2360.0,CE,0.0,0.0,0.0,88.9,91.7,0,0.0,0,0,18-APR-2022,
OPTSTK,ASTRAL,30-Jun-2022,2380.0,CE,0.0,0.0,0.0,84.3,86.5,0,0.0,0,0,18-APR-2022,
OPTSTK,ASTRAL,30-Jun-2022,2400.0,CE,0.0,0.0,0.0,79.95,81.65,0,0.0,0,0,18-APR-2022,
OPTSTK,ASTRAL,30-Jun-2022,2420.0,CE,0.0,0.0,0.0,75.8,76.9,0,0.0,0,0,18-APR-2022,
OPTSTK,ASTRAL,30-Jun-2022,2440.0,CE,0.0,0.0,0.0,71.8,72.45,0,0.0,0,0,18-APR-2022,
OPTSTK,ASTRAL,30-Jun-2022,2460.0,CE,0.0,0.0,0.0,68.05,68.2,0,0.0,0,0,18-APR-2022,
OPTSTK,ASTRAL,30-Jun-2022,2480.0,CE,0.0,0.0,0.0,64.35,64.2,0,0.0,0,0,18-APR-2022,
OPTSTK,ASTRAL,30-Jun-2022,2500.0,CE,0.0,0.0,0.0,60.9,60.3,0,0.0,0,0,18-APR-2022,
OPTSTK,ASTRAL,30-Jun-2022,2520.0,CE,0.0,0.0,0.0,57.65,56.65,0,0.0,0,0,18-APR-2022,
OPTSTK,ASTRAL,30-Jun-2022,2540.0,CE,0.0,0.0,0.0,54.5,53.25,0,0.0,0,0,18-APR-2022,
OPTSTK,ASTRAL,30-Jun-2022,2560.0,CE,0.0,0.0,0.0,51.55,50.0,0,0.0,0,0,18-APR-2022,
OPTSTK,ASTRAL,30-Jun-2022,2580.0,CE,0.0,0.0,0.0,48.7,46.9,0,0.0,0,0,18-APR-2022,
OPTSTK,ASTRAL,30-Jun-2022,2600.0,CE,0.0,0.0,0.0,46.05,44.0,0,0.0,0,0,18-APR-2022,
OPTSTK,ASTRAL,30-Jun-2022,2620.0,CE,0.0,0.0,0.0,43.5,41.3,0,0.0,0,0,18-APR-2022,
OPTSTK,ASTRAL,30-Jun-2022,2640.0,CE,0.0,0.0,0.0,41.1,38.7,0,0.0,0,0,18-APR-2022,
OPTSTK,ASTRAL,30-Jun-2022,2660.0,CE,0.0,0.0,0.0,38.8,36.25,0,0.0,0,0,18-APR-2022,
OPTSTK,ASTRAL,30-Jun-2022,2680.0,CE,0.0,0.0,0.0,36.6,33.95,0,0.0,0,0,18-APR-2022,
OPTSTK,ASTRAL,30-Jun-2022,2700.0,CE,0.0,0.0,0.0,34.55,31.8,0,0.0,0,0,18-APR-2022,
OPTSTK,ASTRAL,30-Jun-2022,1360.0,PE,0.0,0.0,0.0,7.45,2.4,0,0.0,0,0,18-APR-2022,
OPTSTK,ASTRAL,30-Jun-2022,1380.0,PE,0.0,0.0,0.0,8.7,2.95,0,0.0,0,0,18-APR-2022,
OPTSTK,ASTRAL,30-Jun-2022,1400.0,PE,0.0,0.0,0.0,10.1,3.55,0,0.0,0,0,18-APR-2022,
OPTSTK,ASTRAL,30-Jun-2022,1420.0,PE,0.0,0.0,0.0,11.6,4.25,0,0.0,0,0,18-APR-2022,
OPTSTK,ASTRAL,30-Jun-2022,1440.0,PE,0.0,0.0,0.0,13.35,5.05,0,0.0,0,0,18-APR-2022,
OPTSTK,ASTRAL,30-Jun-2022,1460.0,PE,0.0,0.0,0.0,15.25,5.95,0,0.0,0,0,18-APR-2022,
OPTSTK,ASTRAL,30-Jun-2022,1480.0,PE,0.0,0.0,0.0,17.35,7.0,0,0.0,0,0,18-APR-2022,
OPTSTK,ASTRAL,30-Jun-2022,1500.0,PE,0.0,0.0,0.0,19.7,8.2,0,0.0,0,0,18-APR-2022,
OPTSTK,ASTRAL,30-Jun-2022,1520.0,PE,0.0,0.0,0.0,22.2,9.6,0,0.0,0,0,18-APR-2022,
OPTSTK,ASTRAL,30-Jun-2022,1540.0,PE,0.0,0.0,0.0,25.0,11.1,0,0.0,0,0,18-APR-2022,
OPTSTK,ASTRAL,30-Jun-2022,1560.0,PE,0.0,0.0,0.0,28.0,12.8,0,0.0,0,0,18-APR-2022,
OPTSTK,ASTRAL,30-Jun-2022,1580.0,PE,0.0,0.0,0.0,31.25,14.75,0,0.0,0,0,18-APR-2022,
OPTSTK,ASTRAL,30-Jun-2022,1600.0,PE,0.0,0.0,0.0,34.8,16.85,0,0.0,0,0,18-APR-2022,
OPTSTK,ASTRAL,30-Jun-2022,1620.0,PE,0.0,0.0,0.0,38.6,19.2,0,0.0,0,0,18-APR-2022,
OPTSTK,ASTRAL,30-Jun-2022,1640.0,PE,0.0,0.0,0.0,42.7,21.75,0,0.0,0,0,18-APR-2022,
OPTSTK,ASTRAL,30-Jun-2022,1660.0,PE,0.0,0.0,0.0,47.05,24.6,0,0.0,0,0,18-APR-2022,
OPTSTK,ASTRAL,30-Jun-2022,1680.0,PE,0.0,0.0,0.0,51.75,27.65,0,0.0,0,0,18-APR-2022,
OPTSTK,ASTRAL,30-Jun-2022,1700.0,PE,0.0,0.0,0.0,56.8,31.0,0,0.0,0,0,18-APR-2022,
OPTSTK,ASTRAL,30-Jun-2022,1720.0,PE,0.0,0.0,0.0,62.05,34.65,0,0.0,0,0,18-APR-2022,
OPTSTK,ASTRAL,30-Jun-2022,1740.0,PE,0.0,0.0,0.0,67.65,38.6,0,0.0,0,0,18-APR-2022,
OPTSTK,ASTRAL,30-Jun-2022,1760.0,PE,0.0,0.0,0.0,73.6,42.8,0,0.0,0,0,18-APR-2022,
OPTSTK,ASTRAL,30-Jun-2022,1780.0,PE,0.0,0.0,0.0,79.85,47.35,0,0.0,0,0,18-APR-2022,
OPTSTK,ASTRAL,30-Jun-2022,1800.0,PE,0.0,0.0,0.0,86.35,52.3,0,0.0,0,0,18-APR-2022,
OPTSTK,ASTRAL,30-Jun-2022,1820.0,PE,0.0,0.0,0.0,93.3,57.5,0,0.0,0,0,18-APR-2022,
OPTSTK,ASTRAL,30-Jun-2022,1840.0,PE,0.0,0.0,0.0,100.55,63.05,0,0.0,0,0,18-APR-2022,
OPTSTK,ASTRAL,30-Jun-2022,1860.0,PE,0.0,0.0,0.0,108.15,68.9,0,0.0,0,0,18-APR-2022,
OPTSTK,ASTRAL,30-Jun-2022,1880.0,PE,0.0,0.0,0.0,116.1,75.15,0,0.0,0,0,18-APR-2022,
OPTSTK,ASTRAL,30-Jun-2022,1900.0,PE,0.0,0.0,0.0,124.4,81.65,0,0.0,0,0,18-APR-2022,
OPTSTK,ASTRAL,30-Jun-2022,1920.0,PE,0.0,0.0,0.0,133.0,88.65,0,0.0,0,0,18-APR-2022,
OPTSTK,ASTRAL,30-Jun-2022,1940.0,PE,0.0,0.0,0.0,142.0,95.95,0,0.0,0,0,18-APR-2022,
OPTSTK,ASTRAL,30-Jun-2022,1960.0,PE,0.0,0.0,0.0,151.3,103.65,0,0.0,0,0,18-APR-2022,
OPTSTK,ASTRAL,30-Jun-2022,1980.0,PE,0.0,0.0,0.0,160.9,111.7,0,0.0,0,0,18-APR-2022,
OPTSTK,ASTRAL,30-Jun-2022,2000.0,PE,0.0,0.0,0.0,170.85,120.15,0,0.0,0,0,18-APR-2022,
OPTSTK,ASTRAL,30-Jun-2022,2020.0,PE,0.0,0.0,0.0,181.15,128.95,0,0.0,0,0,18-APR-2022,
OPTSTK,ASTRAL,30-Jun-2022,2040.0,PE,0.0,0.0,0.0,191.75,138.1,0,0.0,0,0,18-APR-2022,
OPTSTK,ASTRAL,30-Jun-2022,2060.0,PE,0.0,0.0,0.0,202.7,147.65,0,0.0,0,0,18-APR-2022,
OPTSTK,ASTRAL,30-Jun-2022,2080.0,PE,0.0,0.0,0.0,213.95,157.5,0,0.0,0,0,18-APR-2022,
OPTSTK,ASTRAL,30-Jun-2022,2100.0,PE,0.0,0.0,0.0,225.5,167.75,0,0.0,0,0,18-APR-2022,
OPTSTK,ASTRAL,30-Jun-2022,2120.0,PE,0.0,0.0,0.0,237.35,178.35,0,0.0,0,0,18-APR-2022,
OPTSTK,ASTRAL,30-Jun-2022,2140.0,PE,0.0,0.0,0.0,249.5,189.3,0,0.0,0,0,18-APR-2022,
OPTSTK,ASTRAL,30-Jun-2022,2160.0,PE,0.0,0.0,0.0,261.95,200.6,0,0.0,0,0,18-APR-2022,
OPTSTK,ASTRAL,30-Jun-2022,2180.0,PE,0.0,0.0,0.0,274.7,212.25,0,0.0,0,0,18-APR-2022,
OPTSTK,ASTRAL,30-Jun-2022,2200.0,PE,0.0,0.0,0.0,287.7,224.2,0,0.0,0,0,18-APR-2022,
OPTSTK,ASTRAL,30-Jun-2022,2220.0,PE,0.0,0.0,0.0,301.0,236.5,0,0.0,0,0,18-APR-2022,
OPTSTK,ASTRAL,30-Jun-2022,2240.0,PE,0.0,0.0,0.0,314.55,249.1,0,0.0,0,0,18-APR-2022,
OPTSTK,ASTRAL,30-Jun-2022,2260.0,PE,0.0,0.0,0.0,328.35,262.05,0,0.0,0,0,18-APR-2022,
OPTSTK,ASTRAL,30-Jun-2022,2280.0,PE,0.0,0.0,0.0,342.4,275.25,0,0.0,0,0,18-APR-2022,
OPTSTK,ASTRAL,30-Jun-2022,2300.0,PE,0.0,0.0,0.0,356.7,288.8,0,0.0,0,0,18-APR-2022,
OPTSTK,ASTRAL,30-Jun-2022,2320.0,PE,0.0,0.0,0.0,371.25,302.6,0,0.0,0,0,18-APR-2022,
OPTSTK,ASTRAL,30-Jun-2022,2340.0,PE,0.0,0.0,0.0,386.1,316.65,0,0.0,0,0,18-APR-2022,
OPTSTK,ASTRAL,30-Jun-2022,2360.0,PE,0.0,0.0,0.0,401.15,331.0,0,0.0,0,0,18-APR-2022,
OPTSTK,ASTRAL,30-Jun-2022,2380.0,PE,0.0,0.0,0.0,416.35,345.65,0,0.0,0,0,18-APR-2022,
OPTSTK,ASTRAL,30-Jun-2022,2400.0,PE,0.0,0.0,0.0,431.75,360.6,0,0.0,0,0,18-APR-2022,
OPTSTK,ASTRAL,30-Jun-2022,2420.0,PE,0.0,0.0,0.0,447.4,375.75,0,0.0,0,0,18-APR-2022,
OPTSTK,ASTRAL,30-Jun-2022,2440.0,PE,0.0,0.0,0.0,463.2,391.1,0,0.0,0,0,18-APR-2022,
OPTSTK,ASTRAL,30-Jun-2022,2460.0,PE,0.0,0.0,0.0,479.2,406.7,0,0.0,0,0,18-APR-2022,
OPTSTK,ASTRAL,30-Jun-2022,2480.0,PE,0.0,0.0,0.0,495.3,422.5,0,0.0,0,0,18-APR-2022,
OPTSTK,ASTRAL,30-Jun-2022,2500.0,PE,0.0,0.0,0.0,511.65,438.45,0,0.0,0,0,18-APR-2022,
OPTSTK,ASTRAL,30-Jun-2022,2520.0,PE,0.0,0.0,0.0,528.2,454.65,0,0.0,0,0,18-APR-2022,
OPTSTK,ASTRAL,30-Jun-2022,2540.0,PE,0.0,0.0,0.0,544.85,471.05,0,0.0,0,0,18-APR-2022,
OPTSTK,ASTRAL,30-Jun-2022,2560.0,PE,0.0,0.0,0.0,561.65,487.6,0,0.0,0,0,18-APR-2022,
OPTSTK,ASTRAL,30-Jun-2022,2580.0,PE,0.0,0.0,0.0,578.65,504.4,0,0.0,0,0,18-APR-2022,
OPTSTK,ASTRAL,30-Jun-2022,2600.0,PE,0.0,0.0,0.0,595.75,521.3,0,0.0,0,0,18-APR-2022,
OPTSTK,ASTRAL,30-Jun-2022,2620.0,PE,0.0,0.0,0.0,613.0,538.4,0,0.0,0,0,18-APR-2022,
OPTSTK,ASTRAL,30-Jun-2022,2640.0,PE,0.0,0.0,0.0,630.35,555.65,0,0.0,0,0,18-APR-2022,
OPTSTK,ASTRAL,30-Jun-2022,2660.0,PE,0.0,0.0,0.0,647.85,573.05,0,0.0,0,0,18-APR-2022,
OPTSTK,ASTRAL,30-Jun-2022,2680.0,PE,0.0,0.0,0.0,665.5,590.55,0,0.0,0,0,18-APR-2022,
OPTSTK,ASTRAL,30-Jun-2022,2700.0,PE,0.0,0.0,0.0,683.2,608.25,0,0.0,0,0,18-APR-2022,
OPTSTK,ATUL,28-Apr-2022,6300.0,CE,0.0,0.0,0.0,3192.45,3479.75,0,0.0,0,0,18-APR-2022,
OPTSTK,ATUL,28-Apr-2022,6400.0,CE,0.0,0.0,0.0,3095.7,3379.85,0,0.0,0,0,18-APR-2022,
OPTSTK,ATUL,28-Apr-2022,6500.0,CE,0.0,0.0,0.0,2999.4,3280.0,0,0.0,0,0,18-APR-2022,
OPTSTK,ATUL,28-Apr-2022,6600.0,CE,0.0,0.0,0.0,2903.6,3180.1,0,0.0,0,0,18-APR-2022,
OPTSTK,ATUL,28-Apr-2022,6700.0,CE,0.0,0.0,0.0,2808.45,3080.2,0,0.0,0,0,18-APR-2022,
OPTSTK,ATUL,28-Apr-2022,6800.0,CE,0.0,0.0,0.0,2714.0,2980.3,0,0.0,0,0,18-APR-2022,
OPTSTK,ATUL,28-Apr-2022,6900.0,CE,0.0,0.0,0.0,2620.3,2880.45,0,0.0,0,0,18-APR-2022,
OPTSTK,ATUL,28-Apr-2022,7000.0,CE,0.0,0.0,0.0,2527.45,2780.55,0,0.0,0,0,18-APR-2022,
OPTSTK,ATUL,28-Apr-2022,7100.0,CE,0.0,0.0,0.0,2435.55,2680.65,0,0.0,0,0,18-APR-2022,
OPTSTK,ATUL,28-Apr-2022,7200.0,CE,0.0,0.0,0.0,2344.7,2580.75,0,0.0,0,0,18-APR-2022,
OPTSTK,ATUL,28-Apr-2022,7300.0,CE,0.0,0.0,0.0,2255.0,2480.9,0,0.0,0,0,18-APR-2022,
OPTSTK,ATUL,28-Apr-2022,7400.0,CE,0.0,0.0,0.0,2166.5,2381.0,0,0.0,0,0,18-APR-2022,
OPTSTK,ATUL,28-Apr-2022,7500.0,CE,0.0,0.0,0.0,2079.35,2281.1,0,0.0,0,0,18-APR-2022,
OPTSTK,ATUL,28-Apr-2022,7600.0,CE,0.0,0.0,0.0,1993.6,2181.25,0,0.0,0,0,18-APR-2022,
OPTSTK,ATUL,28-Apr-2022,7700.0,CE,0.0,0.0,0.0,1909.4,2081.35,0,0.0,0,0,18-APR-2022,
OPTSTK,ATUL,28-Apr-2022,7800.0,CE,0.0,0.0,0.0,1826.75,1981.5,0,0.0,0,0,18-APR-2022,
OPTSTK,ATUL,28-Apr-2022,7900.0,CE,0.0,0.0,0.0,1745.85,1881.65,0,0.0,0,0,18-APR-2022,
OPTSTK,ATUL,28-Apr-2022,8000.0,CE,0.0,0.0,0.0,1666.65,1781.9,0,0.0,0,0,18-APR-2022,
OPTSTK,ATUL,28-Apr-2022,8100.0,CE,0.0,0.0,0.0,1589.35,1682.2,0,0.0,0,0,18-APR-2022,
OPTSTK,ATUL,28-Apr-2022,8200.0,CE,0.0,0.0,0.0,1513.95,1582.7,0,0.0,0,0,18-APR-2022,
OPTSTK,ATUL,28-Apr-2022,8300.0,CE,0.0,0.0,0.0,1440.8,1483.4,0,0.0,0,0,18-APR-2022,
OPTSTK,ATUL,28-Apr-2022,8400.0,CE,0.0,0.0,0.0,1369.4,1384.55,0,0.0,0,0,18-APR-2022,
OPTSTK,ATUL,28-Apr-2022,8500.0,CE,0.0,0.0,0.0,1300.05,1286.25,0,0.0,0,0,18-APR-2022,
OPTSTK,ATUL,28-Apr-2022,8600.0,CE,0.0,0.0,0.0,1232.5,1188.8,0,0.0,0,0,18-APR-2022,
OPTSTK,ATUL,28-Apr-2022,8700.0,CE,0.0,0.0,0.0,1167.6,1092.5,0,0.0,0,0,18-APR-2022,
OPTSTK,ATUL,28-Apr-2022,8800.0,CE,0.0,0.0,0.0,1104.85,997.8,0,0.0,0,0,18-APR-2022,
OPTSTK,ATUL,28-Apr-2022,8900.0,CE,0.0,0.0,0.0,1044.35,905.1,0,0.0,0,0,18-APR-2022,
OPTSTK,ATUL,28-Apr-2022,9000.0,CE,0.0,0.0,0.0,986.1,815.05,0,0.0,0,0,18-APR-2022,
OPTSTK,ATUL,28-Apr-2022,9100.0,CE,0.0,0.0,0.0,930.05,728.15,0,0.0,0,0,18-APR-2022,
OPTSTK,ATUL,28-Apr-2022,9200.0,CE,0.0,0.0,0.0,876.3,645.0,0,0.0,0,0,18-APR-2022,
OPTSTK,ATUL,28-Apr-2022,9300.0,CE,0.0,0.0,0.0,824.7,566.2,0,0.0,0,0,18-APR-2022,
OPTSTK,ATUL,28-Apr-2022,9400.0,CE,0.0,0.0,0.0,775.35,492.2,0,0.0,0,0,18-APR-2022,
OPTSTK,ATUL,28-Apr-2022,9500.0,CE,0.0,0.0,0.0,728.15,423.75,0,0.0,0,0,18-APR-2022,
OPTSTK,ATUL,28-Apr-2022,9600.0,CE,0.0,0.0,0.0,683.15,361.0,0,0.0,0,0,18-APR-2022,
OPTSTK,ATUL,28-Apr-2022,9700.0,CE,223.3,225.0,223.3,225.0,304.25,3,22.32,300,150,18-APR-2022,
OPTSTK,ATUL,28-Apr-2022,9800.0,CE,200.0,200.0,200.0,200.0,253.55,1,7.5,75,75,18-APR-2022,
OPTSTK,ATUL,28-Apr-2022,9900.0,CE,199.95,199.95,35.05,117.0,117.0,3,22.6,300,0,18-APR-2022,
OPTSTK,ATUL,28-Apr-2022,10000.0,CE,143.45,179.8,94.55,131.15,131.15,26,197.59,3450,300,18-APR-2022,
OPTSTK,ATUL,28-Apr-2022,10100.0,CE,80.0,100.0,80.0,100.0,137.0,2,15.28,0,-75,18-APR-2022,
OPTSTK,ATUL,28-Apr-2022,10200.0,CE,0.0,0.0,0.0,456.1,108.95,0,0.0,0,0,18-APR-2022,
OPTSTK,ATUL,28-Apr-2022,10300.0,CE,0.0,0.0,0.0,280.0,85.8,0,0.0,150,0,18-APR-2022,
OPTSTK,ATUL,28-Apr-2022,10400.0,CE,0.0,0.0,0.0,395.55,66.65,0,0.0,0,0,18-APR-2022,
OPTSTK,ATUL,28-Apr-2022,10500.0,CE,40.0,45.6,27.05,38.05,51.15,10,79.03,4875,-75,18-APR-2022,
OPTSTK,ATUL,28-Apr-2022,10600.0,CE,0.0,0.0,0.0,50.05,38.8,0,0.0,1050,0,18-APR-2022,
OPTSTK,ATUL,28-Apr-2022,10700.0,CE,0.0,0.0,0.0,317.75,29.05,0,0.0,0,0,18-APR-2022,
OPTSTK,ATUL,28-Apr-2022,10800.0,CE,0.0,0.0,0.0,294.8,21.5,0,0.0,0,0,18-APR-2022,
OPTSTK,ATUL,28-Apr-2022,10900.0,CE,0.0,0.0,0.0,287.0,15.75,0,0.0,75,0,18-APR-2022,
OPTSTK,ATUL,28-Apr-2022,11000.0,CE,25.05,28.0,24.6,28.0,28.0,5,41.34,8850,-150,18-APR-2022,
OPTSTK,ATUL,28-Apr-2022,11100.0,CE,0.0,0.0,0.0,233.9,8.15,0,0.0,0,0,18-APR-2022,
OPTSTK,ATUL,28-Apr-2022,11200.0,CE,0.0,0.0,0.0,75.0,5.75,0,0.0,75,0,18-APR-2022,
OPTSTK,ATUL,28-Apr-2022,11300.0,CE,0.0,0.0,0.0,199.75,4.0,0,0.0,0,0,18-APR-2022,
OPTSTK,ATUL,28-Apr-2022,11400.0,CE,0.0,0.0,0.0,184.35,2.8,0,0.0,0,0,18-APR-2022,
OPTSTK,ATUL,28-Apr-2022,11500.0,CE,0.0,0.0,0.0,170.05,1.9,0,0.0,0,0,18-APR-2022,
OPTSTK,ATUL,28-Apr-2022,11600.0,CE,0.0,0.0,0.0,156.7,1.3,0,0.0,0,0,18-APR-2022,
OPTSTK,ATUL,28-Apr-2022,11700.0,CE,0.0,0.0,0.0,144.3,0.85,0,0.0,0,0,18-APR-2022,
OPTSTK,ATUL,28-Apr-2022,11800.0,CE,0.0,0.0,0.0,132.75,0.6,0,0.0,0,0,18-APR-2022,
OPTSTK,ATUL,28-Apr-2022,11900.0,CE,0.0,0.0,0.0,122.1,0.4,0,0.0,0,0,18-APR-2022,
OPTSTK,ATUL,28-Apr-2022,12000.0,CE,0.0,0.0,0.0,9.0,0.25,0,0.0,900,0,18-APR-2022,
OPTSTK,ATUL,28-Apr-2022,12100.0,CE,0.0,0.0,0.0,103.0,0.15,0,0.0,0,0,18-APR-2022,
OPTSTK,ATUL,28-Apr-2022,12200.0,CE,0.0,0.0,0.0,94.5,0.1,0,0.0,0,0,18-APR-2022,
OPTSTK,ATUL,28-Apr-2022,12300.0,CE,0.0,0.0,0.0,86.65,0.1,0,0.0,0,0,18-APR-2022,
OPTSTK,ATUL,28-Apr-2022,12400.0,CE,0.0,0.0,0.0,79.4,0.05,0,0.0,0,0,18-APR-2022,
OPTSTK,ATUL,28-Apr-2022,12500.0,CE,0.0,0.0,0.0,72.7,0.05,0,0.0,0,0,18-APR-2022,
OPTSTK,ATUL,28-Apr-2022,6300.0,PE,0.0,0.0,0.0,8.3,0.0,0,0.0,0,0,18-APR-2022,
OPTSTK,ATUL,28-Apr-2022,6400.0,PE,0.0,0.0,0.0,10.5,0.0,0,0.0,0,0,18-APR-2022,
OPTSTK,ATUL,28-Apr-2022,6500.0,PE,0.0,0.0,0.0,13.2,0.0,0,0.0,0,0,18-APR-2022,
OPTSTK,ATUL,28-Apr-2022,6600.0,PE,0.0,0.0,0.0,16.35,0.0,0,0.0,0,0,18-APR-2022,
OPTSTK,ATUL,28-Apr-2022,6700.0,PE,0.0,0.0,0.0,20.15,0.0,0,0.0,0,0,18-APR-2022,
OPTSTK,ATUL,28-Apr-2022,6800.0,PE,0.0,0.0,0.0,24.65,0.0,0,0.0,0,0,18-APR-2022,
OPTSTK,ATUL,28-Apr-2022,6900.0,PE,0.0,0.0,0.0,29.9,0.0,0,0.0,0,0,18-APR-2022,
OPTSTK,ATUL,28-Apr-2022,7000.0,PE,0.0,0.0,0.0,36.05,0.0,0,0.0,0,0,18-APR-2022,
OPTSTK,ATUL,28-Apr-2022,7100.0,PE,0.0,0.0,0.0,43.1,0.0,0,0.0,0,0,18-APR-2022,
OPTSTK,ATUL,28-Apr-2022,7200.0,PE,0.0,0.0,0.0,51.2,0.0,0,0.0,0,0,18-APR-2022,
OPTSTK,ATUL,28-Apr-2022,7300.0,PE,0.0,0.0,0.0,60.45,0.0,0,0.0,0,0,18-APR-2022,
OPTSTK,ATUL,28-Apr-2022,7400.0,PE,0.0,0.0,0.0,70.9,0.0,0,0.0,0,0,18-APR-2022,
OPTSTK,ATUL,28-Apr-2022,7500.0,PE,0.0,0.0,0.0,82.75,0.0,0,0.0,0,0,18-APR-2022,
OPTSTK,ATUL,28-Apr-2022,7600.0,PE,0.0,0.0,0.0,95.95,0.05,0,0.0,0,0,18-APR-2022,
OPTSTK,ATUL,28-Apr-2022,7700.0,PE,0.0,0.0,0.0,110.7,0.05,0,0.0,0,0,18-APR-2022,
OPTSTK,ATUL,28-Apr-2022,7800.0,PE,0.0,0.0,0.0,127.0,0.1,0,0.0,0,0,18-APR-2022,
OPTSTK,ATUL,28-Apr-2022,7900.0,PE,0.0,0.0,0.0,145.05,0.15,0,0.0,0,0,18-APR-2022,
OPTSTK,ATUL,28-Apr-2022,8000.0,PE,0.0,0.0,0.0,164.85,0.25,0,0.0,0,0,18-APR-2022,
OPTSTK,ATUL,28-Apr-2022,8100.0,PE,0.0,0.0,0.0,186.5,0.45,0,0.0,0,0,18-APR-2022,
OPTSTK,ATUL,28-Apr-2022,8200.0,PE,0.0,0.0,0.0,210.05,0.8,0,0.0,0,0,18-APR-2022,
OPTSTK,ATUL,28-Apr-2022,8300.0,PE,0.0,0.0,0.0,235.85,1.45,0,0.0,0,0,18-APR-2022,
OPTSTK,ATUL,28-Apr-2022,8400.0,PE,0.0,0.0,0.0,263.4,2.45,0,0.0,0,0,18-APR-2022,
OPTSTK,ATUL,28-Apr-2022,8500.0,PE,1.5,1.5,1.5,1.5,1.5,1,6.37,225,0,18-APR-2022,
OPTSTK,ATUL,28-Apr-2022,8600.0,PE,0.0,0.0,0.0,324.45,6.45,0,0.0,0,0,18-APR-2022,
OPTSTK,ATUL,28-Apr-2022,8700.0,PE,0.0,0.0,0.0,358.45,10.05,0,0.0,0,0,18-APR-2022,
OPTSTK,ATUL,28-Apr-2022,8800.0,PE,0.0,0.0,0.0,394.7,15.25,0,0.0,0,0,18-APR-2022,
OPTSTK,ATUL,28-Apr-2022,8900.0,PE,0.0,0.0,0.0,433.15,22.45,0,0.0,0,0,18-APR-2022,
OPTSTK,ATUL,28-Apr-2022,9000.0,PE,48.0,48.0,27.5,27.5,32.25,2,13.55,525,0,18-APR-2022,
OPTSTK,ATUL,28-Apr-2022,9100.0,PE,0.0,0.0,0.0,516.75,45.25,0,0.0,0,0,18-APR-2022,
OPTSTK,ATUL,28-Apr-2022,9200.0,PE,0.0,0.0,0.0,561.95,62.0,0,0.0,0,0,18-APR-2022,
OPTSTK,ATUL,28-Apr-2022,9300.0,PE,0.0,0.0,0.0,609.35,83.1,0,0.0,0,0,18-APR-2022,
OPTSTK,ATUL,28-Apr-2022,9400.0,PE,0.0,0.0,0.0,658.9,109.0,0,0.0,0,0,18-APR-2022,
OPTSTK,ATUL,28-Apr-2022,9500.0,PE,216.15,216.15,65.95,65.95,140.4,11,79.16,1725,-150,18-APR-2022,
OPTSTK,ATUL,28-Apr-2022,9600.0,PE,0.0,0.0,0.0,764.65,177.55,0,0.0,0,0,18-APR-2022,
OPTSTK,ATUL,28-Apr-2022,9700.0,PE,0.0,0.0,0.0,820.75,220.7,0,0.0,0,0,18-APR-2022,
OPTSTK,ATUL,28-Apr-2022,9800.0,PE,0.0,0.0,0.0,215.0,269.9,0,0.0,150,0,18-APR-2022,
OPTSTK,ATUL,28-Apr-2022,9900.0,PE,0.0,0.0,0.0,330.0,325.15,0,0.0,300,0,18-APR-2022,
OPTSTK,ATUL,28-Apr-2022,10000.0,PE,356.45,356.45,307.2,313.3,386.3,6,46.53,1050,-75,18-APR-2022,
OPTSTK,ATUL,28-Apr-2022,10100.0,PE,0.0,0.0,0.0,1065.4,453.0,0,0.0,0,0,18-APR-2022,
OPTSTK,ATUL,28-Apr-2022,10200.0,PE,0.0,0.0,0.0,1131.35,524.85,0,0.0,0,0,18-APR-2022,
OPTSTK,ATUL,28-Apr-2022,10300.0,PE,0.0,0.0,0.0,1199.15,601.55,0,0.0,0,0,18-APR-2022,
OPTSTK,ATUL,28-Apr-2022,10400.0,PE,0.0,0.0,0.0,1268.7,682.3,0,0.0,0,0,18-APR-2022,
OPTSTK,ATUL,28-Apr-2022,10500.0,PE,0.0,0.0,0.0,1339.95,766.7,0,0.0,0,0,18-APR-2022,
OPTSTK,ATUL,28-Apr-2022,10600.0,PE,0.0,0.0,0.0,1412.85,854.2,0,0.0,0,0,18-APR-2022,
OPTSTK,ATUL,28-Apr-2022,10700.0,PE,0.0,0.0,0.0,1487.8,944.4,0,0.0,0,0,18-APR-2022,
OPTSTK,ATUL,28-Apr-2022,10800.0,PE,0.0,0.0,0.0,1563.8,1036.7,0,0.0,0,0,18-APR-2022,
OPTSTK,ATUL,28-Apr-2022,10900.0,PE,0.0,0.0,0.0,1641.25,1130.8,0,0.0,0,0,18-APR-2022,
OPTSTK,ATUL,28-Apr-2022,11000.0,PE,0.0,0.0,0.0,1720.1,1226.35,0,0.0,0,0,18-APR-2022,
OPTSTK,ATUL,28-Apr-2022,11100.0,PE,0.0,0.0,0.0,1799.8,1323.0,0,0.0,0,0,18-APR-2022,
OPTSTK,ATUL,28-Apr-2022,11200.0,PE,0.0,0.0,0.0,1881.05,1420.5,0,0.0,0,0,18-APR-2022,
OPTSTK,ATUL,28-Apr-2022,11300.0,PE,0.0,0.0,0.0,1963.55,1518.65,0,0.0,0,0,18-APR-2022,
OPTSTK,ATUL,28-Apr-2022,11400.0,PE,0.0,0.0,0.0,2047.1,1617.3,0,0.0,0,0,18-APR-2022,
OPTSTK,ATUL,28-Apr-2022,11500.0,PE,0.0,0.0,0.0,2131.75,1716.3,0,0.0,0,0,18-APR-2022,
OPTSTK,ATUL,28-Apr-2022,11600.0,PE,0.0,0.0,0.0,2217.35,1815.6,0,0.0,0,0,18-APR-2022,
OPTSTK,ATUL,28-Apr-2022,11700.0,PE,0.0,0.0,0.0,2303.9,1915.05,0,0.0,0,0,18-APR-2022,
OPTSTK,ATUL,28-Apr-2022,11800.0,PE,0.0,0.0,0.0,2391.35,2014.65,0,0.0,0,0,18-APR-2022,
OPTSTK,ATUL,28-Apr-2022,11900.0,PE,0.0,0.0,0.0,2479.65,2114.35,0,0.0,0,0,18-APR-2022,
OPTSTK,ATUL,28-Apr-2022,12000.0,PE,0.0,0.0,0.0,2568.7,2214.1,0,0.0,0,0,18-APR-2022,
OPTSTK,ATUL,28-Apr-2022,12100.0,PE,0.0,0.0,0.0,2658.45,2313.9,0,0.0,0,0,18-APR-2022,
OPTSTK,ATUL,28-Apr-2022,12200.0,PE,0.0,0.0,0.0,2748.95,2413.75,0,0.0,0,0,18-APR-2022,
OPTSTK,ATUL,28-Apr-2022,12300.0,PE,0.0,0.0,0.0,2840.05,2513.6,0,0.0,0,0,18-APR-2022,
OPTSTK,ATUL,28-Apr-2022,12400.0,PE,0.0,0.0,0.0,2931.75,2613.45,0,0.0,0,0,18-APR-2022,
OPTSTK,ATUL,28-Apr-2022,12500.0,PE,0.0,0.0,0.0,3024.0,2713.35,0,0.0,0,0,18-APR-2022,
OPTSTK,ATUL,26-May-2022,6300.0,CE,0.0,0.0,0.0,2495.5,3500.6,0,0.0,0,0,18-APR-2022,
OPTSTK,ATUL,26-May-2022,6400.0,CE,0.0,0.0,0.0,2402.15,3401.05,0,0.0,0,0,18-APR-2022,
OPTSTK,ATUL,26-May-2022,6500.0,CE,0.0,0.0,0.0,2309.75,3301.6,0,0.0,0,0,18-APR-2022,
OPTSTK,ATUL,26-May-2022,6600.0,CE,0.0,0.0,0.0,2218.4,3202.15,0,0.0,0,0,18-APR-2022,
OPTSTK,ATUL,26-May-2022,6700.0,CE,0.0,0.0,0.0,2128.25,3102.8,0,0.0,0,0,18-APR-2022,
OPTSTK,ATUL,26-May-2022,6800.0,CE,0.0,0.0,0.0,2039.4,3003.5,0,0.0,0,0,18-APR-2022,
OPTSTK,ATUL,26-May-2022,6900.0,CE,0.0,0.0,0.0,1951.95,2904.3,0,0.0,0,0,18-APR-2022,
OPTSTK,ATUL,26-May-2022,7000.0,CE,0.0,0.0,0.0,1865.95,2805.25,0,0.0,0,0,18-APR-2022,
OPTSTK,ATUL,26-May-2022,7100.0,CE,0.0,0.0,0.0,1781.65,2706.35,0,0.0,0,0,18-APR-2022,
OPTSTK,ATUL,26-May-2022,7200.0,CE,0.0,0.0,0.0,1699.0,2607.7,0,0.0,0,0,18-APR-2022,
OPTSTK,ATUL,26-May-2022,7300.0,CE,0.0,0.0,0.0,1618.2,2509.4,0,0.0,0,0,18-APR-2022,
OPTSTK,ATUL,26-May-2022,7400.0,CE,0.0,0.0,0.0,1539.3,2411.4,0,0.0,0,0,18-APR-2022,
OPTSTK,ATUL,26-May-2022,7500.0,CE,0.0,0.0,0.0,1462.4,2313.9,0,0.0,0,0,18-APR-2022,
OPTSTK,ATUL,26-May-2022,7600.0,CE,0.0,0.0,0.0,1387.9,2216.95,0,0.0,0,0,18-APR-2022,
OPTSTK,ATUL,26-May-2022,7700.0,CE,0.0,0.0,0.0,1315.15,2120.7,0,0.0,0,0,18-APR-2022,
OPTSTK,ATUL,26-May-2022,7800.0,CE,0.0,0.0,0.0,1244.65,2025.2,0,0.0,0,0,18-APR-2022,
OPTSTK,ATUL,26-May-2022,7900.0,CE,0.0,0.0,0.0,1176.1,1930.65,0,0.0,0,0,18-APR-2022,
OPTSTK,ATUL,26-May-2022,8000.0,CE,0.0,0.0,0.0,1110.3,1837.2,0,0.0,0,0,18-APR-2022,
OPTSTK,ATUL,26-May-2022,8100.0,CE,0.0,0.0,0.0,1046.8,1744.95,0,0.0,0,0,18-APR-2022,
OPTSTK,ATUL,26-May-2022,8200.0,CE,0.0,0.0,0.0,985.75,1654.15,0,0.0,0,0,18-APR-2022,
OPTSTK,ATUL,26-May-2022,8300.0,CE,0.0,0.0,0.0,927.05,1564.9,0,0.0,0,0,18-APR-2022,
OPTSTK,ATUL,26-May-2022,8400.0,CE,0.0,0.0,0.0,870.8,1477.35,0,0.0,0,0,18-APR-2022,
OPTSTK,ATUL,26-May-2022,8500.0,CE,0.0,0.0,0.0,816.95,1391.75,0,0.0,0,0,18-APR-2022,
OPTSTK,ATUL,26-May-2022,8600.0,CE,0.0,0.0,0.0,765.45,1308.25,0,0.0,0,0,18-APR-2022,
OPTSTK,ATUL,26-May-2022,8700.0,CE,0.0,0.0,0.0,716.35,1227.0,0,0.0,0,0,18-APR-2022,
OPTSTK,ATUL,26-May-2022,8800.0,CE,0.0,0.0,0.0,669.6,1148.1,0,0.0,0,0,18-APR-2022,
OPTSTK,ATUL,26-May-2022,8900.0,CE,0.0,0.0,0.0,625.15,1071.8,0,0.0,0,0,18-APR-2022,
OPTSTK,ATUL,26-May-2022,9000.0,CE,0.0,0.0,0.0,582.95,998.5,0,0.0,0,0,18-APR-2022,
OPTSTK,ATUL,26-May-2022,9100.0,CE,0.0,0.0,0.0,542.95,927.2,0,0.0,0,0,18-APR-2022,
OPTSTK,ATUL,26-May-2022,9200.0,CE,0.0,0.0,0.0,505.15,859.35,0,0.0,0,0,18-APR-2022,
OPTSTK,ATUL,26-May-2022,9300.0,CE,0.0,0.0,0.0,469.45,794.5,0,0.0,0,0,18-APR-2022,
OPTSTK,ATUL,26-May-2022,9400.0,CE,0.0,0.0,0.0,435.8,732.75,0,0.0,0,0,18-APR-2022,
OPTSTK,ATUL,26-May-2022,9500.0,CE,0.0,0.0,0.0,404.1,674.1,0,0.0,0,0,18-APR-2022,
OPTSTK,ATUL,26-May-2022,9600.0,CE,0.0,0.0,0.0,374.3,618.6,0,0.0,0,0,18-APR-2022,
OPTSTK,ATUL,26-May-2022,9700.0,CE,0.0,0.0,0.0,346.3,566.25,0,0.0,0,0,18-APR-2022,
OPTSTK,ATUL,26-May-2022,9800.0,CE,0.0,0.0,0.0,320.1,516.95,0,0.0,0,0,18-APR-2022,
OPTSTK,ATUL,26-May-2022,9900.0,CE,0.0,0.0,0.0,296.0,470.8,0,0.0,0,0,18-APR-2022,
OPTSTK,ATUL,26-May-2022,10000.0,CE,0.0,0.0,0.0,273.15,427.7,0,0.0,0,0,18-APR-2022,
OPTSTK,ATUL,26-May-2022,10100.0,CE,0.0,0.0,0.0,251.85,387.6,0,0.0,0,0,18-APR-2022,
OPTSTK,ATUL,26-May-2022,10200.0,CE,0.0,0.0,0.0,231.65,350.35,0,0.0,0,0,18-APR-2022,
OPTSTK,ATUL,26-May-2022,10300.0,CE,0.0,0.0,0.0,213.1,315.9,0,0.0,0,0,18-APR-2022,
OPTSTK,ATUL,26-May-2022,10400.0,CE,0.0,0.0,0.0,195.85,284.15,0,0.0,0,0,18-APR-2022,
OPTSTK,ATUL,26-May-2022,10500.0,CE,0.0,0.0,0.0,450.0,254.95,0,0.0,0,0,18-APR-2022,
OPTSTK,ATUL,26-May-2022,10600.0,CE,0.0,0.0,0.0,164.95,228.2,0,0.0,0,0,18-APR-2022,
OPTSTK,ATUL,26-May-2022,10700.0,CE,0.0,0.0,0.0,151.2,204.3,0,0.0,0,0,18-APR-2022,
OPTSTK,ATUL,26-May-2022,10800.0,CE,0.0,0.0,0.0,138.45,181.8,0,0.0,0,0,18-APR-2022,
OPTSTK,ATUL,26-May-2022,10900.0,CE,0.0,0.0,0.0,126.7,161.6,0,0.0,0,0,18-APR-2022,
OPTSTK,ATUL,26-May-2022,11000.0,CE,113.0,113.0,113.0,113.0,143.3,2,16.66,225,150,18-APR-2022,
OPTSTK,ATUL,26-May-2022,11100.0,CE,0.0,0.0,0.0,105.8,126.8,0,0.0,0,0,18-APR-2022,
OPTSTK,ATUL,26-May-2022,11200.0,CE,0.0,0.0,0.0,96.55,111.95,0,0.0,0,0,18-APR-2022,
OPTSTK,ATUL,26-May-2022,11300.0,CE,0.0,0.0,0.0,88.05,98.6,0,0.0,0,0,18-APR-2022,
OPTSTK,ATUL,26-May-2022,11400.0,CE,0.0,0.0,0.0,80.25,86.65,0,0.0,0,0,18-APR-2022,
OPTSTK,ATUL,26-May-2022,11500.0,CE,0.0,0.0,0.0,73.1,76.0,0,0.0,0,0,18-APR-2022,
OPTSTK,ATUL,26-May-2022,11600.0,CE,0.0,0.0,0.0,66.5,66.5,0,0.0,0,0,18-APR-2022,
OPTSTK,ATUL,26-May-2022,11700.0,CE,0.0,0.0,0.0,60.45,58.1,0,0.0,0,0,18-APR-2022,
OPTSTK,ATUL,26-May-2022,11800.0,CE,0.0,0.0,0.0,54.95,50.6,0,0.0,0,0,18-APR-2022,
OPTSTK,ATUL,26-May-2022,11900.0,CE,0.0,0.0,0.0,49.9,44.0,0,0.0,0,0,18-APR-2022,
OPTSTK,ATUL,26-May-2022,12000.0,CE,0.0,0.0,0.0,45.3,38.2,0,0.0,0,0,18-APR-2022,
OPTSTK,ATUL,26-May-2022,12100.0,CE,0.0,0.0,0.0,41.05,33.1,0,0.0,0,0,18-APR-2022,
OPTSTK,ATUL,26-May-2022,12200.0,CE,0.0,0.0,0.0,37.2,28.6,0,0.0,0,0,18-APR-2022,
OPTSTK,ATUL,26-May-2022,12300.0,CE,0.0,0.0,0.0,33.7,24.65,0,0.0,0,0,18-APR-2022,
OPTSTK,ATUL,26-May-2022,6300.0,PE,0.0,0.0,0.0,24.55,0.1,0,0.0,0,0,18-APR-2022,
OPTSTK,ATUL,26-May-2022,6400.0,PE,0.0,0.0,0.0,30.1,0.15,0,0.0,0,0,18-APR-2022,
OPTSTK,ATUL,26-May-2022,6500.0,PE,0.0,0.0,0.0,36.65,0.25,0,0.0,0,0,18-APR-2022,
OPTSTK,ATUL,26-May-2022,6600.0,PE,0.0,0.0,0.0,44.3,0.35,0,0.0,0,0,18-APR-2022,
OPTSTK,ATUL,26-May-2022,6700.0,PE,0.0,0.0,0.0,53.1,0.55,0,0.0,0,0,18-APR-2022,
OPTSTK,ATUL,26-May-2022,6800.0,PE,0.0,0.0,0.0,63.15,0.8,0,0.0,0,0,18-APR-2022,
OPTSTK,ATUL,26-May-2022,6900.0,PE,0.0,0.0,0.0,74.65,1.15,0,0.0,0,0,18-APR-2022,
OPTSTK,ATUL,26-May-2022,7000.0,PE,0.0,0.0,0.0,87.65,1.7,0,0.0,0,0,18-APR-2022,
OPTSTK,ATUL,26-May-2022,7100.0,PE,0.0,0.0,0.0,102.25,2.35,0,0.0,0,0,18-APR-2022,
OPTSTK,ATUL,26-May-2022,7200.0,PE,0.0,0.0,0.0,118.6,3.3,0,0.0,0,0,18-APR-2022,
OPTSTK,ATUL,26-May-2022,7300.0,PE,0.0,0.0,0.0,136.75,4.5,0,0.0,0,0,18-APR-2022,
OPTSTK,ATUL,26-May-2022,7400.0,PE,0.0,0.0,0.0,156.8,6.1,0,0.0,0,0,18-APR-2022,
OPTSTK,ATUL,26-May-2022,7500.0,PE,0.0,0.0,0.0,178.85,8.15,0,0.0,0,0,18-APR-2022,
OPTSTK,ATUL,26-May-2022,7600.0,PE,0.0,0.0,0.0,203.3,10.75,0,0.0,0,0,18-APR-2022,
OPTSTK,ATUL,26-May-2022,7700.0,PE,0.0,0.0,0.0,229.55,14.05,0,0.0,0,0,18-APR-2022,
OPTSTK,ATUL,26-May-2022,7800.0,PE,0.0,0.0,0.0,258.0,18.15,0,0.0,0,0,18-APR-2022,
OPTSTK,ATUL,26-May-2022,7900.0,PE,0.0,0.0,0.0,288.35,23.15,0,0.0,0,0,18-APR-2022,
OPTSTK,ATUL,26-May-2022,8000.0,PE,0.0,0.0,0.0,321.5,29.25,0,0.0,0,0,18-APR-2022,
OPTSTK,ATUL,26-May-2022,8100.0,PE,0.0,0.0,0.0,357.0,36.55,0,0.0,0,0,18-APR-2022,
OPTSTK,ATUL,26-May-2022,8200.0,PE,0.0,0.0,0.0,394.85,45.3,0,0.0,0,0,18-APR-2022,
OPTSTK,ATUL,26-May-2022,8300.0,PE,0.0,0.0,0.0,435.15,55.6,0,0.0,0,0,18-APR-2022,
OPTSTK,ATUL,26-May-2022,8400.0,PE,0.0,0.0,0.0,477.85,67.65,0,0.0,0,0,18-APR-2022,
OPTSTK,ATUL,26-May-2022,8500.0,PE,0.0,0.0,0.0,522.95,81.6,0,0.0,0,0,18-APR-2022,
OPTSTK,ATUL,26-May-2022,8600.0,PE,0.0,0.0,0.0,570.4,97.65,0,0.0,0,0,18-APR-2022,
OPTSTK,ATUL,26-May-2022,8700.0,PE,0.0,0.0,0.0,620.25,115.9,0,0.0,0,0,18-APR-2022,
OPTSTK,ATUL,26-May-2022,8800.0,PE,0.0,0.0,0.0,672.45,136.6,0,0.0,0,0,18-APR-2022,
OPTSTK,ATUL,26-May-2022,8900.0,PE,0.0,0.0,0.0,726.95,159.85,0,0.0,0,0,18-APR-2022,
OPTSTK,ATUL,26-May-2022,9000.0,PE,0.0,0.0,0.0,783.7,186.1,0,0.0,0,0,18-APR-2022,
OPTSTK,ATUL,26-May-2022,9100.0,PE,0.0,0.0,0.0,842.7,214.4,0,0.0,0,0,18-APR-2022,
OPTSTK,ATUL,26-May-2022,9200.0,PE,0.0,0.0,0.0,903.8,246.1,0,0.0,0,0,18-APR-2022,
OPTSTK,ATUL,26-May-2022,9300.0,PE,0.0,0.0,0.0,967.05,280.8,0,0.0,0,0,18-APR-2022,
OPTSTK,ATUL,26-May-2022,9400.0,PE,0.0,0.0,0.0,1032.35,318.6,0,0.0,0,0,18-APR-2022,
OPTSTK,ATUL,26-May-2022,9500.0,PE,0.0,0.0,0.0,1099.6,359.5,0,0.0,0,0,18-APR-2022,
OPTSTK,ATUL,26-May-2022,9600.0,PE,0.0,0.0,0.0,1168.75,403.55,0,0.0,0,0,18-APR-2022,
OPTSTK,ATUL,26-May-2022,9700.0,PE,0.0,0.0,0.0,1239.75,450.75,0,0.0,0,0,18-APR-2022,
OPTSTK,ATUL,26-May-2022,9800.0,PE,0.0,0.0,0.0,1312.45,501.05,0,0.0,0,0,18-APR-2022,
OPTSTK,ATUL,26-May-2022,9900.0,PE,0.0,0.0,0.0,1387.35,554.45,0,0.0,0,0,18-APR-2022,
OPTSTK,ATUL,26-May-2022,10000.0,PE,0.0,0.0,0.0,1463.45,610.9,0,0.0,0,0,18-APR-2022,
OPTSTK,ATUL,26-May-2022,10100.0,PE,0.0,0.0,0.0,1541.1,670.35,0,0.0,0,0,18-APR-2022,
OPTSTK,ATUL,26-May-2022,10200.0,PE,0.0,0.0,0.0,1619.85,732.7,0,0.0,0,0,18-APR-2022,
OPTSTK,ATUL,26-May-2022,10300.0,PE,0.0,0.0,0.0,1700.25,797.8,0,0.0,0,0,18-APR-2022,
OPTSTK,ATUL,26-May-2022,10400.0,PE,0.0,0.0,0.0,1781.95,865.6,0,0.0,0,0,18-APR-2022,
OPTSTK,ATUL,26-May-2022,10500.0,PE,0.0,0.0,0.0,1864.85,935.95,0,0.0,0,0,18-APR-2022,
OPTSTK,ATUL,26-May-2022,10600.0,PE,0.0,0.0,0.0,1948.95,1008.75,0,0.0,0,0,18-APR-2022,
OPTSTK,ATUL,26-May-2022,10700.0,PE,0.0,0.0,0.0,2034.15,1084.4,0,0.0,0,0,18-APR-2022,
OPTSTK,ATUL,26-May-2022,10800.0,PE,0.0,0.0,0.0,2120.35,1161.45,0,0.0,0,0,18-APR-2022,
OPTSTK,ATUL,26-May-2022,10900.0,PE,0.0,0.0,0.0,2207.55,1240.8,0,0.0,0,0,18-APR-2022,
OPTSTK,ATUL,26-May-2022,11000.0,PE,0.0,0.0,0.0,2295.65,1322.1,0,0.0,0,0,18-APR-2022,
OPTSTK,ATUL,26-May-2022,11100.0,PE,0.0,0.0,0.0,2384.55,1405.15,0,0.0,0,0,18-APR-2022,
OPTSTK,ATUL,26-May-2022,11200.0,PE,0.0,0.0,0.0,2474.3,1489.85,0,0.0,0,0,18-APR-2022,
OPTSTK,ATUL,26-May-2022,11300.0,PE,0.0,0.0,0.0,2564.75,1576.1,0,0.0,0,0,18-APR-2022,
OPTSTK,ATUL,26-May-2022,11400.0,PE,0.0,0.0,0.0,2655.9,1663.7,0,0.0,0,0,18-APR-2022,
OPTSTK,ATUL,26-May-2022,11500.0,PE,0.0,0.0,0.0,2747.7,1752.6,0,0.0,0,0,18-APR-2022,
OPTSTK,ATUL,26-May-2022,11600.0,PE,0.0,0.0,0.0,2840.05,1842.65,0,0.0,0,0,18-APR-2022,
OPTSTK,ATUL,26-May-2022,11700.0,PE,0.0,0.0,0.0,2932.95,1933.8,0,0.0,0,0,18-APR-2022,
OPTSTK,ATUL,26-May-2022,11800.0,PE,0.0,0.0,0.0,3026.4,2025.85,0,0.0,0,0,18-APR-2022,
OPTSTK,ATUL,26-May-2022,11900.0,PE,0.0,0.0,0.0,3120.3,2118.8,0,0.0,0,0,18-APR-2022,
OPTSTK,ATUL,26-May-2022,12000.0,PE,0.0,0.0,0.0,3214.65,2212.55,0,0.0,0,0,18-APR-2022,
OPTSTK,ATUL,26-May-2022,12100.0,PE,0.0,0.0,0.0,3309.35,2307.0,0,0.0,0,0,18-APR-2022,
OPTSTK,ATUL,26-May-2022,12200.0,PE,0.0,0.0,0.0,3404.5,2402.1,0,0.0,0,0,18-APR-2022,
OPTSTK,ATUL,26-May-2022,12300.0,PE,0.0,0.0,0.0,3499.9,2497.7,0,0.0,0,0,18-APR-2022,
OPTSTK,ATUL,30-Jun-2022,6300.0,CE,0.0,0.0,0.0,4062.6,3529.1,0,0.0,0,0,18-APR-2022,
OPTSTK,ATUL,30-Jun-2022,6400.0,CE,0.0,0.0,0.0,3964.7,3430.95,0,0.0,0,0,18-APR-2022,
OPTSTK,ATUL,30-Jun-2022,6500.0,CE,0.0,0.0,0.0,3867.05,3333.0,0,0.0,0,0,18-APR-2022,
OPTSTK,ATUL,30-Jun-2022,6600.0,CE,0.0,0.0,0.0,3769.6,3235.35,0,0.0,0,0,18-APR-2022,
OPTSTK,ATUL,30-Jun-2022,6700.0,CE,0.0,0.0,0.0,3672.5,3138.1,0,0.0,0,0,18-APR-2022,
OPTSTK,ATUL,30-Jun-2022,6800.0,CE,0.0,0.0,0.0,3575.75,3041.2,0,0.0,0,0,18-APR-2022,
OPTSTK,ATUL,30-Jun-2022,6900.0,CE,0.0,0.0,0.0,3479.4,2944.8,0,0.0,0,0,18-APR-2022,
OPTSTK,ATUL,30-Jun-2022,7000.0,CE,0.0,0.0,0.0,3383.55,2848.95,0,0.0,0,0,18-APR-2022,
OPTSTK,ATUL,30-Jun-2022,7100.0,CE,0.0,0.0,0.0,3288.15,2753.75,0,0.0,0,0,18-APR-2022,
OPTSTK,ATUL,30-Jun-2022,7200.0,CE,0.0,0.0,0.0,3193.35,2659.2,0,0.0,0,0,18-APR-2022,
OPTSTK,ATUL,30-Jun-2022,7300.0,CE,0.0,0.0,0.0,3099.2,2565.45,0,0.0,0,0,18-APR-2022,
OPTSTK,ATUL,30-Jun-2022,7400.0,CE,0.0,0.0,0.0,3005.75,2472.6,0,0.0,0,0,18-APR-2022,
OPTSTK,ATUL,30-Jun-2022,7500.0,CE,0.0,0.0,0.0,2913.05,2380.7,0,0.0,0,0,18-APR-2022,
OPTSTK,ATUL,30-Jun-2022,7600.0,CE,0.0,0.0,0.0,2821.25,2289.9,0,0.0,0,0,18-APR-2022,
OPTSTK,ATUL,30-Jun-2022,7700.0,CE,0.0,0.0,0.0,2730.3,2200.25,0,0.0,0,0,18-APR-2022,
OPTSTK,ATUL,30-Jun-2022,7800.0,CE,0.0,0.0,0.0,2640.35,2111.85,0,0.0,0,0,18-APR-2022,
OPTSTK,ATUL,30-Jun-2022,7900.0,CE,0.0,0.0,0.0,2551.45,2024.8,0,0.0,0,0,18-APR-2022,
OPTSTK,ATUL,30-Jun-2022,8000.0,CE,0.0,0.0,0.0,2463.7,1939.25,0,0.0,0,0,18-APR-2022,
OPTSTK,ATUL,30-Jun-2022,8100.0,CE,0.0,0.0,0.0,2377.1,1855.2,0,0.0,0,0,18-APR-2022,
OPTSTK,ATUL,30-Jun-2022,8200.0,CE,0.0,0.0,0.0,2291.85,1772.85,0,0.0,0,0,18-APR-2022,
OPTSTK,ATUL,30-Jun-2022,8300.0,CE,0.0,0.0,0.0,2207.85,1692.2,0,0.0,0,0,18-APR-2022,
OPTSTK,ATUL,30-Jun-2022,8400.0,CE,0.0,0.0,0.0,2125.3,1613.35,0,0.0,0,0,18-APR-2022,
OPTSTK,ATUL,30-Jun-2022,8500.0,CE,0.0,0.0,0.0,2044.2,1536.4,0,0.0,0,0,18-APR-2022,
OPTSTK,ATUL,30-Jun-2022,8600.0,CE,0.0,0.0,0.0,1964.65,1461.75,0,0.0,0,0,18-APR-2022,
OPTSTK,ATUL,30-Jun-2022,8700.0,CE,0.0,0.0,0.0,1886.7,1388.75,0,0.0,0,0,18-APR-2022,
OPTSTK,ATUL,30-Jun-2022,8800.0,CE,0.0,0.0,0.0,1810.35,1317.8,0,0.0,0,0,18-APR-2022,
OPTSTK,ATUL,30-Jun-2022,8900.0,CE,0.0,0.0,0.0,1736.1,1248.65,0,0.0,0,0,18-APR-2022,
OPTSTK,ATUL,30-Jun-2022,9000.0,CE,0.0,0.0,0.0,1663.1,1182.15,0,0.0,0,0,18-APR-2022,
OPTSTK,ATUL,30-Jun-2022,9100.0,CE,0.0,0.0,0.0,1591.95,1117.9,0,0.0,0,0,18-APR-2022,
OPTSTK,ATUL,30-Jun-2022,9200.0,CE,0.0,0.0,0.0,1522.6,1055.9,0,0.0,0,0,18-APR-2022,
OPTSTK,ATUL,30-Jun-2022,9300.0,CE,0.0,0.0,0.0,1454.65,996.15,0,0.0,0,0,18-APR-2022,
OPTSTK,ATUL,30-Jun-2022,9400.0,CE,0.0,0.0,0.0,1389.15,938.7,0,0.0,0,0,18-APR-2022,
OPTSTK,ATUL,30-Jun-2022,9500.0,CE,0.0,0.0,0.0,1325.5,883.55,0,0.0,0,0,18-APR-2022,
OPTSTK,ATUL,30-Jun-2022,9600.0,CE,0.0,0.0,0.0,1263.75,830.7,0,0.0,0,0,18-APR-2022,
OPTSTK,ATUL,30-Jun-2022,9700.0,CE,0.0,0.0,0.0,1203.95,780.05,0,0.0,0,0,18-APR-2022,
OPTSTK,ATUL,30-Jun-2022,9800.0,CE,0.0,0.0,0.0,1146.1,731.7,0,0.0,0,0,18-APR-2022,
OPTSTK,ATUL,30-Jun-2022,9900.0,CE,0.0,0.0,0.0,1090.15,685.55,0,0.0,0,0,18-APR-2022,
OPTSTK,ATUL,30-Jun-2022,10000.0,CE,0.0,0.0,0.0,1036.15,641.6,0,0.0,0,0,18-APR-2022,
OPTSTK,ATUL,30-Jun-2022,10100.0,CE,0.0,0.0,0.0,984.1,599.8,0,0.0,0,0,18-APR-2022,
OPTSTK,ATUL,30-Jun-2022,10200.0,CE,0.0,0.0,0.0,933.85,560.15,0,0.0,0,0,18-APR-2022,
OPTSTK,ATUL,30-Jun-2022,10300.0,CE,0.0,0.0,0.0,885.6,522.5,0,0.0,0,0,18-APR-2022,
OPTSTK,ATUL,30-Jun-2022,10400.0,CE,0.0,0.0,0.0,839.2,486.9,0,0.0,0,0,18-APR-2022,
OPTSTK,ATUL,30-Jun-2022,10500.0,CE,0.0,0.0,0.0,794.6,453.2,0,0.0,0,0,18-APR-2022,
OPTSTK,ATUL,30-Jun-2022,10600.0,CE,0.0,0.0,0.0,751.9,421.4,0,0.0,0,0,18-APR-2022,
OPTSTK,ATUL,30-Jun-2022,10700.0,CE,0.0,0.0,0.0,710.9,391.45,0,0.0,0,0,18-APR-2022,
OPTSTK,ATUL,30-Jun-2022,10800.0,CE,0.0,0.0,0.0,671.7,363.25,0,0.0,0,0,18-APR-2022,
OPTSTK,ATUL,30-Jun-2022,10900.0,CE,0.0,0.0,0.0,634.2,336.75,0,0.0,0,0,18-APR-2022,
OPTSTK,ATUL,30-Jun-2022,11000.0,CE,0.0,0.0,0.0,598.4,312.35,0,0.0,0,0,18-APR-2022,
OPTSTK,ATUL,30-Jun-2022,11100.0,CE,0.0,0.0,0.0,564.25,289.1,0,0.0,0,0,18-APR-2022,
OPTSTK,ATUL,30-Jun-2022,11200.0,CE,0.0,0.0,0.0,531.65,267.35,0,0.0,0,0,18-APR-2022,
OPTSTK,ATUL,30-Jun-2022,11300.0,CE,0.0,0.0,0.0,500.6,246.6,0,0.0,0,0,18-APR-2022,
OPTSTK,ATUL,30-Jun-2022,11400.0,CE,0.0,0.0,0.0,471.05,227.55,0,0.0,0,0,18-APR-2022,
OPTSTK,ATUL,30-Jun-2022,11500.0,CE,0.0,0.0,0.0,443.0,209.8,0,0.0,0,0,18-APR-2022,
OPTSTK,ATUL,30-Jun-2022,11600.0,CE,0.0,0.0,0.0,416.3,193.2,0,0.0,0,0,18-APR-2022,
OPTSTK,ATUL,30-Jun-2022,11700.0,CE,0.0,0.0,0.0,391.5,177.8,0,0.0,0,0,18-APR-2022,
OPTSTK,ATUL,30-Jun-2022,11800.0,CE,0.0,0.0,0.0,367.6,163.5,0,0.0,0,0,18-APR-2022,
OPTSTK,ATUL,30-Jun-2022,11900.0,CE,0.0,0.0,0.0,344.9,150.2,0,0.0,0,0,18-APR-2022,
OPTSTK,ATUL,30-Jun-2022,12000.0,CE,0.0,0.0,0.0,323.5,137.85,0,0.0,0,0,18-APR-2022,
OPTSTK,ATUL,30-Jun-2022,12100.0,CE,0.0,0.0,0.0,303.2,126.4,0,0.0,0,0,18-APR-2022,
OPTSTK,ATUL,30-Jun-2022,12200.0,CE,0.0,0.0,0.0,283.6,115.85,0,0.0,0,0,18-APR-2022,
OPTSTK,ATUL,30-Jun-2022,12300.0,CE,0.0,0.0,0.0,265.45,106.05,0,0.0,0,0,18-APR-2022,
OPTSTK,ATUL,30-Jun-2022,6300.0,PE,0.0,0.0,0.0,3.85,3.15,0,0.0,0,0,18-APR-2022,
OPTSTK,ATUL,30-Jun-2022,6400.0,PE,0.0,0.0,0.0,4.85,4.1,0,0.0,0,0,18-APR-2022,
OPTSTK,ATUL,30-Jun-2022,6500.0,PE,0.0,0.0,0.0,6.15,5.35,0,0.0,0,0,18-APR-2022,
OPTSTK,ATUL,30-Jun-2022,6600.0,PE,0.0,0.0,0.0,7.65,6.85,0,0.0,0,0,18-APR-2022,
OPTSTK,ATUL,30-Jun-2022,6700.0,PE,0.0,0.0,0.0,9.5,8.75,0,0.0,0,0,18-APR-2022,
OPTSTK,ATUL,30-Jun-2022,6800.0,PE,0.0,0.0,0.0,11.7,11.0,0,0.0,0,0,18-APR-2022,
OPTSTK,ATUL,30-Jun-2022,6900.0,PE,0.0,0.0,0.0,14.3,13.75,0,0.0,0,0,18-APR-2022,
OPTSTK,ATUL,30-Jun-2022,7000.0,PE,0.0,0.0,0.0,17.4,17.05,0,0.0,0,0,18-APR-2022,
OPTSTK,ATUL,30-Jun-2022,7100.0,PE,0.0,0.0,0.0,20.95,21.0,0,0.0,0,0,18-APR-2022,
OPTSTK,ATUL,30-Jun-2022,7200.0,PE,0.0,0.0,0.0,25.1,25.6,0,0.0,0,0,18-APR-2022,
OPTSTK,ATUL,30-Jun-2022,7300.0,PE,0.0,0.0,0.0,29.9,31.05,0,0.0,0,0,18-APR-2022,
OPTSTK,ATUL,30-Jun-2022,7400.0,PE,0.0,0.0,0.0,35.4,37.3,0,0.0,0,0,18-APR-2022,
OPTSTK,ATUL,30-Jun-2022,7500.0,PE,0.0,0.0,0.0,41.65,44.6,0,0.0,0,0,18-APR-2022,
OPTSTK,ATUL,30-Jun-2022,7600.0,PE,0.0,0.0,0.0,48.75,52.9,0,0.0,0,0,18-APR-2022,
OPTSTK,ATUL,30-Jun-2022,7700.0,PE,0.0,0.0,0.0,56.8,62.4,0,0.0,0,0,18-APR-2022,
OPTSTK,ATUL,30-Jun-2022,7800.0,PE,0.0,0.0,0.0,65.8,73.2,0,0.0,0,0,18-APR-2022,
OPTSTK,ATUL,30-Jun-2022,7900.0,PE,0.0,0.0,0.0,75.85,85.3,0,0.0,0,0,18-APR-2022,
OPTSTK,ATUL,30-Jun-2022,8000.0,PE,0.0,0.0,0.0,87.0,98.9,0,0.0,0,0,18-APR-2022,
OPTSTK,ATUL,30-Jun-2022,8100.0,PE,0.0,0.0,0.0,99.4,114.0,0,0.0,0,0,18-APR-2022,
OPTSTK,ATUL,30-Jun-2022,8200.0,PE,0.0,0.0,0.0,113.05,130.8,0,0.0,0,0,18-APR-2022,
OPTSTK,ATUL,30-Jun-2022,8300.0,PE,0.0,0.0,0.0,128.05,149.3,0,0.0,0,0,18-APR-2022,
OPTSTK,ATUL,30-Jun-2022,8400.0,PE,0.0,0.0,0.0,144.45,169.6,0,0.0,0,0,18-APR-2022,
OPTSTK,ATUL,30-Jun-2022,8500.0,PE,0.0,0.0,0.0,162.3,191.8,0,0.0,0,0,18-APR-2022,
OPTSTK,ATUL,30-Jun-2022,8600.0,PE,0.0,0.0,0.0,181.7,216.3,0,0.0,0,0,18-APR-2022,
OPTSTK,ATUL,30-Jun-2022,8700.0,PE,0.0,0.0,0.0,202.65,242.45,0,0.0,0,0,18-APR-2022,
OPTSTK,ATUL,30-Jun-2022,8800.0,PE,0.0,0.0,0.0,225.3,270.7,0,0.0,0,0,18-APR-2022,
OPTSTK,ATUL,30-Jun-2022,8900.0,PE,0.0,0.0,0.0,249.95,300.65,0,0.0,0,0,18-APR-2022,
OPTSTK,ATUL,30-Jun-2022,9000.0,PE,0.0,0.0,0.0,275.95,333.35,0,0.0,0,0,18-APR-2022,
OPTSTK,ATUL,30-Jun-2022,9100.0,PE,0.0,0.0,0.0,303.7,368.2,0,0.0,0,0,18-APR-2022,
OPTSTK,ATUL,30-Jun-2022,9200.0,PE,0.0,0.0,0.0,333.3,405.35,0,0.0,0,0,18-APR-2022,
OPTSTK,ATUL,30-Jun-2022,9300.0,PE,0.0,0.0,0.0,364.35,444.8,0,0.0,0,0,18-APR-2022,
OPTSTK,ATUL,30-Jun-2022,9400.0,PE,0.0,0.0,0.0,397.75,486.5,0,0.0,0,0,18-APR-2022,
OPTSTK,ATUL,30-Jun-2022,9500.0,PE,0.0,0.0,0.0,433.05,530.5,0,0.0,0,0,18-APR-2022,
OPTSTK,ATUL,30-Jun-2022,9600.0,PE,0.0,0.0,0.0,470.25,576.8,0,0.0,0,0,18-APR-2022,
OPTSTK,ATUL,30-Jun-2022,9700.0,PE,0.0,0.0,0.0,509.4,625.3,0,0.0,0,0,18-APR-2022,
OPTSTK,ATUL,30-Jun-2022,9800.0,PE,0.0,0.0,0.0,550.5,676.1,0,0.0,0,0,18-APR-2022,
OPTSTK,ATUL,30-Jun-2022,9900.0,PE,0.0,0.0,0.0,593.5,729.1,0,0.0,0,0,18-APR-2022,
OPTSTK,ATUL,30-Jun-2022,10000.0,PE,0.0,0.0,0.0,638.45,784.3,0,0.0,0,0,18-APR-2022,
OPTSTK,ATUL,30-Jun-2022,10100.0,PE,0.0,0.0,0.0,685.3,841.7,0,0.0,0,0,18-APR-2022,
OPTSTK,ATUL,30-Jun-2022,10200.0,PE,0.0,0.0,0.0,734.05,901.15,0,0.0,0,0,18-APR-2022,
OPTSTK,ATUL,30-Jun-2022,10300.0,PE,0.0,0.0,0.0,784.75,962.65,0,0.0,0,0,18-APR-2022,
OPTSTK,ATUL,30-Jun-2022,10400.0,PE,0.0,0.0,0.0,837.25,1026.2,0,0.0,0,0,18-APR-2022,
OPTSTK,ATUL,30-Jun-2022,10500.0,PE,0.0,0.0,0.0,891.65,1091.7,0,0.0,0,0,18-APR-2022,
OPTSTK,ATUL,30-Jun-2022,10600.0,PE,0.0,0.0,0.0,947.85,1159.05,0,0.0,0,0,18-APR-2022,
OPTSTK,ATUL,30-Jun-2022,10700.0,PE,0.0,0.0,0.0,1005.85,1228.25,0,0.0,0,0,18-APR-2022,
OPTSTK,ATUL,30-Jun-2022,10800.0,PE,0.0,0.0,0.0,1065.6,1299.2,0,0.0,0,0,18-APR-2022,
OPTSTK,ATUL,30-Jun-2022,10900.0,PE,0.0,0.0,0.0,1127.05,1371.8,0,0.0,0,0,18-APR-2022,
OPTSTK,ATUL,30-Jun-2022,11000.0,PE,0.0,0.0,0.0,1190.2,1446.6,0,0.0,0,0,18-APR-2022,
OPTSTK,ATUL,30-Jun-2022,11100.0,PE,0.0,0.0,0.0,1254.95,1522.5,0,0.0,0,0,18-APR-2022,
OPTSTK,ATUL,30-Jun-2022,11200.0,PE,0.0,0.0,0.0,1321.35,1599.9,0,0.0,0,0,18-APR-2022,
OPTSTK,ATUL,30-Jun-2022,11300.0,PE,0.0,0.0,0.0,1389.25,1678.3,0,0.0,0,0,18-APR-2022,
OPTSTK,ATUL,30-Jun-2022,11400.0,PE,0.0,0.0,0.0,1458.65,1758.4,0,0.0,0,0,18-APR-2022,
OPTSTK,ATUL,30-Jun-2022,11500.0,PE,0.0,0.0,0.0,1529.5,1839.8,0,0.0,0,0,18-APR-2022,
OPTSTK,ATUL,30-Jun-2022,11600.0,PE,0.0,0.0,0.0,1601.8,1922.4,0,0.0,0,0,18-APR-2022,
OPTSTK,ATUL,30-Jun-2022,11700.0,PE,0.0,0.0,0.0,1675.95,2006.15,0,0.0,0,0,18-APR-2022,
OPTSTK,ATUL,30-Jun-2022,11800.0,PE,0.0,0.0,0.0,1750.95,2090.95,0,0.0,0,0,18-APR-2022,
OPTSTK,ATUL,30-Jun-2022,11900.0,PE,0.0,0.0,0.0,1827.25,2176.8,0,0.0,0,0,18-APR-2022,
OPTSTK,ATUL,30-Jun-2022,12000.0,PE,0.0,0.0,0.0,1904.75,2263.65,0,0.0,0,0,18-APR-2022,
OPTSTK,ATUL,30-Jun-2022,12100.0,PE,0.0,0.0,0.0,1983.4,2351.35,0,0.0,0,0,18-APR-2022,
OPTSTK,ATUL,30-Jun-2022,12200.0,PE,0.0,0.0,0.0,2062.75,2439.95,0,0.0,0,0,18-APR-2022,
OPTSTK,ATUL,30-Jun-2022,12300.0,PE,0.0,0.0,0.0,2143.55,2529.3,0,0.0,0,0,18-APR-2022,
OPTSTK,AUBANK,28-Apr-2022,800.0,CE,0.0,0.0,0.0,488.5,581.25,0,0.0,0,0,18-APR-2022,
OPTSTK,AUBANK,28-Apr-2022,820.0,CE,0.0,0.0,0.0,469.85,561.3,0,0.0,0,0,18-APR-2022,
OPTSTK,AUBANK,28-Apr-2022,840.0,CE,0.0,0.0,0.0,451.45,541.3,0,0.0,0,0,18-APR-2022,
OPTSTK,AUBANK,28-Apr-2022,860.0,CE,0.0,0.0,0.0,433.3,521.35,0,0.0,0,0,18-APR-2022,
OPTSTK,AUBANK,28-Apr-2022,880.0,CE,0.0,0.0,0.0,415.4,501.35,0,0.0,0,0,18-APR-2022,
OPTSTK,AUBANK,28-Apr-2022,900.0,CE,0.0,0.0,0.0,397.8,481.4,0,0.0,0,0,18-APR-2022,
OPTSTK,AUBANK,28-Apr-2022,920.0,CE,0.0,0.0,0.0,380.55,461.4,0,0.0,0,0,18-APR-2022,
OPTSTK,AUBANK,28-Apr-2022,940.0,CE,0.0,0.0,0.0,363.6,441.45,0,0.0,0,0,18-APR-2022,
OPTSTK,AUBANK,28-Apr-2022,960.0,CE,0.0,0.0,0.0,347.05,421.45,0,0.0,0,0,18-APR-2022,
OPTSTK,AUBANK,28-Apr-2022,980.0,CE,0.0,0.0,0.0,330.85,401.45,0,0.0,0,0,18-APR-2022,
OPTSTK,AUBANK,28-Apr-2022,1000.0,CE,0.0,0.0,0.0,315.05,381.5,0,0.0,0,0,18-APR-2022,
OPTSTK,AUBANK,28-Apr-2022,1020.0,CE,0.0,0.0,0.0,299.7,361.55,0,0.0,0,0,18-APR-2022,
OPTSTK,AUBANK,28-Apr-2022,1040.0,CE,0.0,0.0,0.0,284.85,341.55,0,0.0,0,0,18-APR-2022,
OPTSTK,AUBANK,28-Apr-2022,1060.0,CE,0.0,0.0,0.0,270.35,321.6,0,0.0,0,0,18-APR-2022,
OPTSTK,AUBANK,28-Apr-2022,1080.0,CE,0.0,0.0,0.0,256.35,301.7,0,0.0,0,0,18-APR-2022,
OPTSTK,AUBANK,28-Apr-2022,1100.0,CE,0.0,0.0,0.0,270.8,281.8,0,0.0,1500,0,18-APR-2022,
OPTSTK,AUBANK,28-Apr-2022,1120.0,CE,0.0,0.0,0.0,229.65,262.0,0,0.0,0,0,18-APR-2022,
OPTSTK,AUBANK,28-Apr-2022,1140.0,CE,0.0,0.0,0.0,217.1,242.3,0,0.0,0,0,18-APR-2022,
OPTSTK,AUBANK,28-Apr-2022,1160.0,CE,0.0,0.0,0.0,111.25,222.8,0,0.0,1500,0,18-APR-2022,
OPTSTK,AUBANK,28-Apr-2022,1180.0,CE,0.0,0.0,0.0,227.5,203.5,0,0.0,3000,0,18-APR-2022,
OPTSTK,AUBANK,28-Apr-2022,1200.0,CE,187.0,187.0,187.0,187.0,187.0,1,6.93,26500,500,18-APR-2022,
OPTSTK,AUBANK,28-Apr-2022,1220.0,CE,0.0,0.0,0.0,172.85,166.15,0,0.0,10000,0,18-APR-2022,
OPTSTK,AUBANK,28-Apr-2022,1240.0,CE,155.9,155.9,136.0,136.0,148.3,2,13.85,42000,-500,18-APR-2022,
OPTSTK,AUBANK,28-Apr-2022,1260.0,CE,122.05,122.05,122.05,122.05,131.15,1,6.91,17000,0,18-APR-2022,
OPTSTK,AUBANK,28-Apr-2022,1280.0,CE,127.6,127.6,118.55,118.55,114.9,2,14.03,24000,0,18-APR-2022,
OPTSTK,AUBANK,28-Apr-2022,1300.0,CE,109.95,110.0,75.85,95.0,95.0,14,97.44,53000,0,18-APR-2022,
OPTSTK,AUBANK,28-Apr-2022,1320.0,CE,84.3,84.3,78.05,78.05,85.45,3,21.03,34000,-1000,18-APR-2022,
OPTSTK,AUBANK,28-Apr-2022,1340.0,CE,75.65,75.65,50.0,64.2,64.2,20,140.21,24000,-2000,18-APR-2022,
OPTSTK,AUBANK,28-Apr-2022,1360.0,CE,59.35,61.5,38.5,48.45,48.45,57,401.06,36500,-5000,18-APR-2022,
OPTSTK,AUBANK,28-Apr-2022,1380.0,CE,5.1,51.6,4.1,38.35,38.35,186,1318.93,53500,12000,18-APR-2022,
OPTSTK,AUBANK,28-Apr-2022,1400.0,CE,36.75,44.95,22.0,28.2,28.2,1471,10546.46,242500,35000,18-APR-2022,
OPTSTK,AUBANK,28-Apr-2022,1420.0,CE,28.1,34.0,16.7,20.25,20.25,689,4975.22,149500,37500,18-APR-2022,
OPTSTK,AUBANK,28-Apr-2022,1440.0,CE,20.4,26.55,12.95,16.3,16.3,371,2707.35,64500,8000,18-APR-2022,
OPTSTK,AUBANK,28-Apr-2022,1460.0,CE,18.0,20.25,9.3,11.95,11.95,337,2483.18,60000,10000,18-APR-2022,
OPTSTK,AUBANK,28-Apr-2022,1480.0,CE,14.5,14.75,7.3,8.6,8.6,88,655.55,27500,-8500,18-APR-2022,
OPTSTK,AUBANK,28-Apr-2022,1500.0,CE,10.0,11.65,5.25,7.05,7.05,638,4811.95,174500,3500,18-APR-2022,
OPTSTK,AUBANK,28-Apr-2022,1520.0,CE,9.5,9.5,4.1,5.15,5.15,29,221.42,18000,4500,18-APR-2022,
OPTSTK,AUBANK,28-Apr-2022,1540.0,CE,5.4,5.4,2.9,3.8,3.8,77,594.38,23000,20000,18-APR-2022,
OPTSTK,AUBANK,28-Apr-2022,1560.0,CE,5.45,5.45,2.4,2.85,2.85,31,242.23,13000,3000,18-APR-2022,
OPTSTK,AUBANK,28-Apr-2022,1580.0,CE,5.2,5.2,3.55,3.75,4.0,16,126.77,8000,7000,18-APR-2022,
OPTSTK,AUBANK,28-Apr-2022,1600.0,CE,3.45,3.75,1.3,2.0,2.0,305,2443.47,111500,-8500,18-APR-2022,
OPTSTK,AUBANK,28-Apr-2022,1620.0,CE,0.0,0.0,0.0,6.05,2.1,0,0.0,500,0,18-APR-2022,
OPTSTK,AUBANK,28-Apr-2022,1640.0,CE,1.55,1.7,0.85,1.25,1.25,77,631.94,18000,3000,18-APR-2022,
OPTSTK,AUBANK,28-Apr-2022,800.0,PE,0.0,0.0,0.0,4.45,0.0,0,0.0,0,0,18-APR-2022,
OPTSTK,AUBANK,28-Apr-2022,820.0,PE,0.0,0.0,0.0,5.6,0.0,0,0.0,0,0,18-APR-2022,
OPTSTK,AUBANK,28-Apr-2022,840.0,PE,0.0,0.0,0.0,7.0,0.0,0,0.0,0,0,18-APR-2022,
OPTSTK,AUBANK,28-Apr-2022,860.0,PE,0.0,0.0,0.0,2.5,0.0,0,0.0,1000,0,18-APR-2022,
OPTSTK,AUBANK,28-Apr-2022,880.0,PE,0.0,0.0,0.0,3.5,0.0,0,0.0,500,0,18-APR-2022,
OPTSTK,AUBANK,28-Apr-2022,900.0,PE,0.0,0.0,0.0,0.3,0.0,0,0.0,3500,0,18-APR-2022,
OPTSTK,AUBANK,28-Apr-2022,920.0,PE,0.0,0.0,0.0,15.25,0.0,0,0.0,0,0,18-APR-2022,
OPTSTK,AUBANK,28-Apr-2022,940.0,PE,0.0,0.0,0.0,18.1,0.0,0,0.0,0,0,18-APR-2022,
OPTSTK,AUBANK,28-Apr-2022,960.0,PE,0.0,0.0,0.0,21.35,0.0,0,0.0,0,0,18-APR-2022,
OPTSTK,AUBANK,28-Apr-2022,980.0,PE,0.0,0.0,0.0,24.95,0.0,0,0.0,0,0,18-APR-2022,
OPTSTK,AUBANK,28-Apr-2022,1000.0,PE,0.2,0.2,0.2,0.2,0.0,7,35.0,15000,-1500,18-APR-2022,
OPTSTK,AUBANK,28-Apr-2022,1020.0,PE,0.0,0.0,0.0,33.4,0.05,0,0.0,0,0,18-APR-2022,
OPTSTK,AUBANK,28-Apr-2022,1040.0,PE,0.0,0.0,0.0,38.3,0.05,0,0.0,0,0,18-APR-2022,
OPTSTK,AUBANK,28-Apr-2022,1060.0,PE,0.0,0.0,0.0,43.6,0.05,0,0.0,0,0,18-APR-2022,
OPTSTK,AUBANK,28-Apr-2022,1080.0,PE,0.0,0.0,0.0,49.4,0.1,0,0.0,0,0,18-APR-2022,
OPTSTK,AUBANK,28-Apr-2022,1100.0,PE,1.35,1.65,1.15,1.35,1.35,93,512.13,57000,1500,18-APR-2022,
OPTSTK,AUBANK,28-Apr-2022,1120.0,PE,0.0,0.0,0.0,3.0,0.4,0,0.0,1000,0,18-APR-2022,
OPTSTK,AUBANK,28-Apr-2022,1140.0,PE,0.0,0.0,0.0,1.9,0.65,0,0.0,2500,0,18-APR-2022,
OPTSTK,AUBANK,28-Apr-2022,1160.0,PE,0.0,0.0,0.0,2.9,1.15,0,0.0,14500,0,18-APR-2022,
OPTSTK,AUBANK,28-Apr-2022,1180.0,PE,0.0,0.0,0.0,4.5,1.85,0,0.0,18000,0,18-APR-2022,
OPTSTK,AUBANK,28-Apr-2022,1200.0,PE,5.55,5.55,2.05,3.15,3.15,434,2611.02,138000,-44000,18-APR-2022,
OPTSTK,AUBANK,28-Apr-2022,1220.0,PE,6.85,6.85,2.1,2.1,2.1,2,12.24,7500,500,18-APR-2022,
OPTSTK,AUBANK,28-Apr-2022,1240.0,PE,6.95,6.95,4.3,5.3,5.3,99,616.4,57500,-1500,18-APR-2022,
OPTSTK,AUBANK,28-Apr-2022,1260.0,PE,7.0,8.8,5.75,6.35,6.35,48,304.21,34500,7000,18-APR-2022,
OPTSTK,AUBANK,28-Apr-2022,1280.0,PE,11.65,11.65,8.0,9.9,9.9,212,1367.13,35500,-8000,18-APR-2022,
OPTSTK,AUBANK,28-Apr-2022,1300.0,PE,13.95,15.2,11.0,12.9,12.9,633,4156.97,133500,-1500,18-APR-2022,
OPTSTK,AUBANK,28-Apr-2022,1320.0,PE,17.65,21.0,15.0,19.65,19.65,26,174.03,42000,-6000,18-APR-2022,
OPTSTK,AUBANK,28-Apr-2022,1340.0,PE,23.65,28.2,19.5,21.95,21.95,211,1438.89,55000,15500,18-APR-2022,
OPTSTK,AUBANK,28-Apr-2022,1360.0,PE,30.0,37.45,25.85,29.55,29.55,262,1823.3,50000,-7000,18-APR-2022,
OPTSTK,AUBANK,28-Apr-2022,1380.0,PE,52.0,52.0,33.25,36.6,36.6,549,3899.15,125500,80000,18-APR-2022,
OPTSTK,AUBANK,28-Apr-2022,1400.0,PE,55.75,62.0,43.0,46.75,46.75,683,4954.49,85500,8000,18-APR-2022,
OPTSTK,AUBANK,28-Apr-2022,1420.0,PE,59.25,59.25,59.25,59.25,71.45,1,7.39,1500,0,18-APR-2022,
OPTSTK,AUBANK,28-Apr-2022,1440.0,PE,0.0,0.0,0.0,60.7,84.75,0,0.0,1000,0,18-APR-2022,
OPTSTK,AUBANK,28-Apr-2022,1460.0,PE,89.05,89.05,89.05,89.05,99.1,2,15.49,1000,500,18-APR-2022,
OPTSTK,AUBANK,28-Apr-2022,1480.0,PE,0.0,0.0,0.0,261.55,114.45,0,0.0,0,0,18-APR-2022,
OPTSTK,AUBANK,28-Apr-2022,1500.0,PE,0.0,0.0,0.0,276.4,130.7,0,0.0,0,0,18-APR-2022,
OPTSTK,AUBANK,28-Apr-2022,1520.0,PE,0.0,0.0,0.0,291.55,147.65,0,0.0,0,0,18-APR-2022,
OPTSTK,AUBANK,28-Apr-2022,1540.0,PE,0.0,0.0,0.0,306.95,165.2,0,0.0,0,0,18-APR-2022,
OPTSTK,AUBANK,28-Apr-2022,1560.0,PE,0.0,0.0,0.0,322.6,183.35,0,0.0,0,0,18-APR-2022,
OPTSTK,AUBANK,28-Apr-2022,1580.0,PE,0.0,0.0,0.0,338.55,201.85,0,0.0,0,0,18-APR-2022,
OPTSTK,AUBANK,28-Apr-2022,1600.0,PE,0.0,0.0,0.0,354.75,220.75,0,0.0,0,0,18-APR-2022,
OPTSTK,AUBANK,28-Apr-2022,1620.0,PE,0.0,0.0,0.0,371.1,239.9,0,0.0,0,0,18-APR-2022,
OPTSTK,AUBANK,28-Apr-2022,1640.0,PE,0.0,0.0,0.0,387.75,259.3,0,0.0,0,0,18-APR-2022,
OPTSTK,AUBANK,26-May-2022,800.0,CE,0.0,0.0,0.0,395.9,583.95,0,0.0,0,0,18-APR-2022,
OPTSTK,AUBANK,26-May-2022,820.0,CE,0.0,0.0,0.0,378.05,564.05,0,0.0,0,0,18-APR-2022,
OPTSTK,AUBANK,26-May-2022,840.0,CE,0.0,0.0,0.0,360.5,544.2,0,0.0,0,0,18-APR-2022,
OPTSTK,AUBANK,26-May-2022,860.0,CE,0.0,0.0,0.0,343.3,524.35,0,0.0,0,0,18-APR-2022,
OPTSTK,AUBANK,26-May-2022,880.0,CE,0.0,0.0,0.0,326.5,504.55,0,0.0,0,0,18-APR-2022,
OPTSTK,AUBANK,26-May-2022,900.0,CE,0.0,0.0,0.0,310.1,484.8,0,0.0,0,0,18-APR-2022,
OPTSTK,AUBANK,26-May-2022,920.0,CE,0.0,0.0,0.0,294.15,465.05,0,0.0,0,0,18-APR-2022,
OPTSTK,AUBANK,26-May-2022,940.0,CE,0.0,0.0,0.0,278.6,445.45,0,0.0,0,0,18-APR-2022,
OPTSTK,AUBANK,26-May-2022,960.0,CE,0.0,0.0,0.0,263.55,425.9,0,0.0,0,0,18-APR-2022,
OPTSTK,AUBANK,26-May-2022,980.0,CE,0.0,0.0,0.0,249.0,406.5,0,0.0,0,0,18-APR-2022,
OPTSTK,AUBANK,26-May-2022,1000.0,CE,0.0,0.0,0.0,234.95,387.25,0,0.0,0,0,18-APR-2022,
OPTSTK,AUBANK,26-May-2022,1020.0,CE,0.0,0.0,0.0,221.4,368.2,0,0.0,0,0,18-APR-2022,
OPTSTK,AUBANK,26-May-2022,1040.0,CE,0.0,0.0,0.0,208.3,349.4,0,0.0,0,0,18-APR-2022,
OPTSTK,AUBANK,26-May-2022,1060.0,CE,0.0,0.0,0.0,195.8,330.8,0,0.0,0,0,18-APR-2022,
OPTSTK,AUBANK,26-May-2022,1080.0,CE,0.0,0.0,0.0,183.85,312.55,0,0.0,0,0,18-APR-2022,
OPTSTK,AUBANK,26-May-2022,1100.0,CE,0.0,0.0,0.0,172.4,294.6,0,0.0,0,0,18-APR-2022,
OPTSTK,AUBANK,26-May-2022,1120.0,CE,0.0,0.0,0.0,161.45,277.05,0,0.0,0,0,18-APR-2022,
OPTSTK,AUBANK,26-May-2022,1140.0,CE,0.0,0.0,0.0,151.05,259.95,0,0.0,0,0,18-APR-2022,
OPTSTK,AUBANK,26-May-2022,1160.0,CE,0.0,0.0,0.0,141.2,243.3,0,0.0,0,0,18-APR-2022,
OPTSTK,AUBANK,26-May-2022,1180.0,CE,0.0,0.0,0.0,131.8,227.15,0,0.0,0,0,18-APR-2022,
OPTSTK,AUBANK,26-May-2022,1200.0,CE,0.0,0.0,0.0,106.0,211.55,0,0.0,500,0,18-APR-2022,
OPTSTK,AUBANK,26-May-2022,1220.0,CE,0.0,0.0,0.0,114.5,196.55,0,0.0,0,0,18-APR-2022,
OPTSTK,AUBANK,26-May-2022,1240.0,CE,0.0,0.0,0.0,106.6,182.1,0,0.0,0,0,18-APR-2022,
OPTSTK,AUBANK,26-May-2022,1260.0,CE,0.0,0.0,0.0,99.1,168.25,0,0.0,0,0,18-APR-2022,
OPTSTK,AUBANK,26-May-2022,1280.0,CE,0.0,0.0,0.0,92.05,155.1,0,0.0,0,0,18-APR-2022,
OPTSTK,AUBANK,26-May-2022,1300.0,CE,0.0,0.0,0.0,144.5,142.6,0,0.0,1500,0,18-APR-2022,
OPTSTK,AUBANK,26-May-2022,1320.0,CE,0.0,0.0,0.0,79.25,130.8,0,0.0,0,0,18-APR-2022,
OPTSTK,AUBANK,26-May-2022,1340.0,CE,0.0,0.0,0.0,73.4,119.65,0,0.0,0,0,18-APR-2022,
OPTSTK,AUBANK,26-May-2022,1360.0,CE,0.0,0.0,0.0,67.95,109.2,0,0.0,0,0,18-APR-2022,
OPTSTK,AUBANK,26-May-2022,1380.0,CE,0.0,0.0,0.0,62.9,99.35,0,0.0,0,0,18-APR-2022,
OPTSTK,AUBANK,26-May-2022,1400.0,CE,72.5,72.5,56.65,58.05,90.2,11,80.61,15000,-1000,18-APR-2022,
OPTSTK,AUBANK,26-May-2022,1420.0,CE,0.0,0.0,0.0,68.4,81.7,0,0.0,1000,0,18-APR-2022,
OPTSTK,AUBANK,26-May-2022,1440.0,CE,0.0,0.0,0.0,57.95,73.85,0,0.0,1000,0,18-APR-2022,
OPTSTK,AUBANK,26-May-2022,1460.0,CE,0.0,0.0,0.0,45.8,66.55,0,0.0,0,0,18-APR-2022,
OPTSTK,AUBANK,26-May-2022,1480.0,CE,0.0,0.0,0.0,40.85,59.85,0,0.0,500,0,18-APR-2022,
OPTSTK,AUBANK,26-May-2022,1500.0,CE,34.05,35.0,26.0,26.0,53.7,10,76.44,27500,1500,18-APR-2022,
OPTSTK,AUBANK,26-May-2022,1520.0,CE,0.0,0.0,0.0,35.8,48.05,0,0.0,0,0,18-APR-2022,
OPTSTK,AUBANK,26-May-2022,1540.0,CE,0.0,0.0,0.0,32.95,43.0,0,0.0,0,0,18-APR-2022,
OPTSTK,AUBANK,26-May-2022,1560.0,CE,0.0,0.0,0.0,30.3,38.35,0,0.0,0,0,18-APR-2022,
OPTSTK,AUBANK,26-May-2022,1580.0,CE,0.0,0.0,0.0,27.85,34.15,0,0.0,0,0,18-APR-2022,
OPTSTK,AUBANK,26-May-2022,1600.0,CE,0.0,0.0,0.0,15.0,30.25,0,0.0,500,0,18-APR-2022,
OPTSTK,AUBANK,26-May-2022,1620.0,CE,0.0,0.0,0.0,23.5,26.8,0,0.0,0,0,18-APR-2022,
OPTSTK,AUBANK,26-May-2022,1640.0,CE,0.0,0.0,0.0,21.55,23.7,0,0.0,0,0,18-APR-2022,
OPTSTK,AUBANK,26-May-2022,800.0,PE,0.0,0.0,0.0,8.0,0.05,0,0.0,0,0,18-APR-2022,
OPTSTK,AUBANK,26-May-2022,820.0,PE,0.0,0.0,0.0,9.9,0.1,0,0.0,0,0,18-APR-2022,
OPTSTK,AUBANK,26-May-2022,840.0,PE,0.0,0.0,0.0,12.15,0.15,0,0.0,0,0,18-APR-2022,
OPTSTK,AUBANK,26-May-2022,860.0,PE,0.0,0.0,0.0,14.75,0.2,0,0.0,0,0,18-APR-2022,
OPTSTK,AUBANK,26-May-2022,880.0,PE,0.0,0.0,0.0,17.75,0.3,0,0.0,0,0,18-APR-2022,
OPTSTK,AUBANK,26-May-2022,900.0,PE,0.0,0.0,0.0,21.15,0.45,0,0.0,0,0,18-APR-2022,
OPTSTK,AUBANK,26-May-2022,920.0,PE,0.0,0.0,0.0,24.95,0.65,0,0.0,0,0,18-APR-2022,
OPTSTK,AUBANK,26-May-2022,940.0,PE,0.0,0.0,0.0,29.2,0.95,0,0.0,0,0,18-APR-2022,
OPTSTK,AUBANK,26-May-2022,960.0,PE,0.0,0.0,0.0,33.95,1.35,0,0.0,0,0,18-APR-2022,
OPTSTK,AUBANK,26-May-2022,980.0,PE,0.0,0.0,0.0,39.2,1.85,0,0.0,0,0,18-APR-2022,
OPTSTK,AUBANK,26-May-2022,1000.0,PE,0.0,0.0,0.0,44.95,2.5,0,0.0,0,0,18-APR-2022,
OPTSTK,AUBANK,26-May-2022,1020.0,PE,0.0,0.0,0.0,51.15,3.35,0,0.0,0,0,18-APR-2022,
OPTSTK,AUBANK,26-May-2022,1040.0,PE,0.0,0.0,0.0,57.85,4.45,0,0.0,0,0,18-APR-2022,
OPTSTK,AUBANK,26-May-2022,1060.0,PE,0.0,0.0,0.0,65.15,5.75,0,0.0,0,0,18-APR-2022,
OPTSTK,AUBANK,26-May-2022,1080.0,PE,0.0,0.0,0.0,73.0,7.4,0,0.0,0,0,18-APR-2022,
OPTSTK,AUBANK,26-May-2022,1100.0,PE,0.0,0.0,0.0,81.3,9.4,0,0.0,0,0,18-APR-2022,
OPTSTK,AUBANK,26-May-2022,1120.0,PE,0.0,0.0,0.0,90.2,11.75,0,0.0,0,0,18-APR-2022,
OPTSTK,AUBANK,26-May-2022,1140.0,PE,0.0,0.0,0.0,99.6,14.55,0,0.0,0,0,18-APR-2022,
OPTSTK,AUBANK,26-May-2022,1160.0,PE,0.0,0.0,0.0,109.5,17.8,0,0.0,0,0,18-APR-2022,
OPTSTK,AUBANK,26-May-2022,1180.0,PE,0.0,0.0,0.0,119.9,21.6,0,0.0,0,0,18-APR-2022,
OPTSTK,AUBANK,26-May-2022,1200.0,PE,0.0,0.0,0.0,130.8,25.9,0,0.0,0,0,18-APR-2022,
OPTSTK,AUBANK,26-May-2022,1220.0,PE,0.0,0.0,0.0,142.2,30.8,0,0.0,0,0,18-APR-2022,
OPTSTK,AUBANK,26-May-2022,1240.0,PE,0.0,0.0,0.0,154.05,36.3,0,0.0,0,0,18-APR-2022,
OPTSTK,AUBANK,26-May-2022,1260.0,PE,0.0,0.0,0.0,166.35,42.35,0,0.0,0,0,18-APR-2022,
OPTSTK,AUBANK,26-May-2022,1280.0,PE,0.0,0.0,0.0,179.1,49.1,0,0.0,0,0,18-APR-2022,
OPTSTK,AUBANK,26-May-2022,1300.0,PE,0.0,0.0,0.0,35.0,56.5,0,0.0,1000,0,18-APR-2022,
OPTSTK,AUBANK,26-May-2022,1320.0,PE,0.0,0.0,0.0,205.85,64.6,0,0.0,0,0,18-APR-2022,
OPTSTK,AUBANK,26-May-2022,1340.0,PE,0.0,0.0,0.0,219.85,73.4,0,0.0,0,0,18-APR-2022,
OPTSTK,AUBANK,26-May-2022,1360.0,PE,0.0,0.0,0.0,234.15,82.8,0,0.0,0,0,18-APR-2022,
OPTSTK,AUBANK,26-May-2022,1380.0,PE,0.0,0.0,0.0,248.95,92.95,0,0.0,0,0,18-APR-2022,
OPTSTK,AUBANK,26-May-2022,1400.0,PE,0.0,0.0,0.0,263.95,103.7,0,0.0,0,0,18-APR-2022,
OPTSTK,AUBANK,26-May-2022,1420.0,PE,0.0,0.0,0.0,279.35,115.1,0,0.0,0,0,18-APR-2022,
OPTSTK,AUBANK,26-May-2022,1440.0,PE,0.0,0.0,0.0,295.0,127.1,0,0.0,0,0,18-APR-2022,
OPTSTK,AUBANK,26-May-2022,1460.0,PE,0.0,0.0,0.0,310.95,139.75,0,0.0,0,0,18-APR-2022,
OPTSTK,AUBANK,26-May-2022,1480.0,PE,0.0,0.0,0.0,327.15,152.95,0,0.0,0,0,18-APR-2022,
OPTSTK,AUBANK,26-May-2022,1500.0,PE,0.0,0.0,0.0,343.6,166.7,0,0.0,0,0,18-APR-2022,
OPTSTK,AUBANK,26-May-2022,1520.0,PE,0.0,0.0,0.0,360.3,181.0,0,0.0,0,0,18-APR-2022,
OPTSTK,AUBANK,26-May-2022,1540.0,PE,0.0,0.0,0.0,377.25,195.85,0,0.0,0,0,18-APR-2022,
OPTSTK,AUBANK,26-May-2022,1560.0,PE,0.0,0.0,0.0,394.4,211.1,0,0.0,0,0,18-APR-2022,
OPTSTK,AUBANK,26-May-2022,1580.0,PE,0.0,0.0,0.0,411.75,226.8,0,0.0,0,0,18-APR-2022,
OPTSTK,AUBANK,26-May-2022,1600.0,PE,0.0,0.0,0.0,429.25,242.85,0,0.0,0,0,18-APR-2022,
OPTSTK,AUBANK,26-May-2022,1620.0,PE,0.0,0.0,0.0,446.95,259.3,0,0.0,0,0,18-APR-2022,
OPTSTK,AUBANK,26-May-2022,1640.0,PE,0.0,0.0,0.0,464.85,276.1,0,0.0,0,0,18-APR-2022,
OPTSTK,AUBANK,30-Jun-2022,800.0,CE,0.0,0.0,0.0,460.35,588.1,0,0.0,0,0,18-APR-2022,
OPTSTK,AUBANK,30-Jun-2022,820.0,CE,0.0,0.0,0.0,441.95,568.65,0,0.0,0,0,18-APR-2022,
OPTSTK,AUBANK,30-Jun-2022,840.0,CE,0.0,0.0,0.0,423.85,549.25,0,0.0,0,0,18-APR-2022,
OPTSTK,AUBANK,30-Jun-2022,860.0,CE,0.0,0.0,0.0,406.0,530.0,0,0.0,0,0,18-APR-2022,
OPTSTK,AUBANK,30-Jun-2022,880.0,CE,0.0,0.0,0.0,388.45,510.85,0,0.0,0,0,18-APR-2022,
OPTSTK,AUBANK,30-Jun-2022,900.0,CE,0.0,0.0,0.0,371.25,491.85,0,0.0,0,0,18-APR-2022,
OPTSTK,AUBANK,30-Jun-2022,920.0,CE,0.0,0.0,0.0,354.45,473.05,0,0.0,0,0,18-APR-2022,
OPTSTK,AUBANK,30-Jun-2022,940.0,CE,0.0,0.0,0.0,337.95,454.45,0,0.0,0,0,18-APR-2022,
OPTSTK,AUBANK,30-Jun-2022,960.0,CE,0.0,0.0,0.0,321.9,436.1,0,0.0,0,0,18-APR-2022,
OPTSTK,AUBANK,30-Jun-2022,980.0,CE,0.0,0.0,0.0,306.2,417.95,0,0.0,0,0,18-APR-2022,
OPTSTK,AUBANK,30-Jun-2022,1000.0,CE,0.0,0.0,0.0,291.0,400.1,0,0.0,0,0,18-APR-2022,
OPTSTK,AUBANK,30-Jun-2022,1020.0,CE,0.0,0.0,0.0,276.25,382.55,0,0.0,0,0,18-APR-2022,
OPTSTK,AUBANK,30-Jun-2022,1040.0,CE,0.0,0.0,0.0,261.9,365.35,0,0.0,0,0,18-APR-2022,
OPTSTK,AUBANK,30-Jun-2022,1060.0,CE,0.0,0.0,0.0,248.05,348.5,0,0.0,0,0,18-APR-2022,
OPTSTK,AUBANK,30-Jun-2022,1080.0,CE,0.0,0.0,0.0,234.7,332.0,0,0.0,0,0,18-APR-2022,
OPTSTK,AUBANK,30-Jun-2022,1100.0,CE,0.0,0.0,0.0,221.75,315.9,0,0.0,0,0,18-APR-2022,
OPTSTK,AUBANK,30-Jun-2022,1120.0,CE,0.0,0.0,0.0,209.35,300.2,0,0.0,0,0,18-APR-2022,
OPTSTK,AUBANK,30-Jun-2022,1140.0,CE,0.0,0.0,0.0,197.45,284.9,0,0.0,0,0,18-APR-2022,
OPTSTK,AUBANK,30-Jun-2022,1160.0,CE,0.0,0.0,0.0,186.05,270.15,0,0.0,0,0,18-APR-2022,
OPTSTK,AUBANK,30-Jun-2022,1180.0,CE,0.0,0.0,0.0,175.15,255.75,0,0.0,0,0,18-APR-2022,
OPTSTK,AUBANK,30-Jun-2022,1200.0,CE,0.0,0.0,0.0,164.7,241.85,0,0.0,0,0,18-APR-2022,
OPTSTK,AUBANK,30-Jun-2022,1220.0,CE,0.0,0.0,0.0,154.75,228.45,0,0.0,0,0,18-APR-2022,
OPTSTK,AUBANK,30-Jun-2022,1240.0,CE,0.0,0.0,0.0,145.25,215.5,0,0.0,0,0,18-APR-2022,
OPTSTK,AUBANK,30-Jun-2022,1260.0,CE,0.0,0.0,0.0,136.25,203.05,0,0.0,0,0,18-APR-2022,
OPTSTK,AUBANK,30-Jun-2022,1280.0,CE,0.0,0.0,0.0,127.65,191.15,0,0.0,0,0,18-APR-2022,
OPTSTK,AUBANK,30-Jun-2022,1300.0,CE,0.0,0.0,0.0,119.5,179.7,0,0.0,0,0,18-APR-2022,
OPTSTK,AUBANK,30-Jun-2022,1320.0,CE,0.0,0.0,0.0,111.8,168.75,0,0.0,0,0,18-APR-2022,
OPTSTK,AUBANK,30-Jun-2022,1340.0,CE,0.0,0.0,0.0,104.5,158.35,0,0.0,0,0,18-APR-2022,
OPTSTK,AUBANK,30-Jun-2022,1360.0,CE,0.0,0.0,0.0,97.6,148.35,0,0.0,0,0,18-APR-2022,
OPTSTK,AUBANK,30-Jun-2022,1380.0,CE,0.0,0.0,0.0,91.1,138.9,0,0.0,0,0,18-APR-2022,
OPTSTK,AUBANK,30-Jun-2022,1400.0,CE,0.0,0.0,0.0,84.95,129.9,0,0.0,0,0,18-APR-2022,
OPTSTK,AUBANK,30-Jun-2022,1420.0,CE,0.0,0.0,0.0,79.2,121.35,0,0.0,0,0,18-APR-2022,
OPTSTK,AUBANK,30-Jun-2022,1440.0,CE,0.0,0.0,0.0,73.75,113.25,0,0.0,0,0,18-APR-2022,
OPTSTK,AUBANK,30-Jun-2022,1460.0,CE,0.0,0.0,0.0,68.7,105.55,0,0.0,0,0,18-APR-2022,
OPTSTK,AUBANK,30-Jun-2022,1480.0,CE,0.0,0.0,0.0,63.95,98.35,0,0.0,0,0,18-APR-2022,
OPTSTK,AUBANK,30-Jun-2022,1500.0,CE,0.0,0.0,0.0,59.45,91.5,0,0.0,0,0,18-APR-2022,
OPTSTK,AUBANK,30-Jun-2022,1520.0,CE,0.0,0.0,0.0,55.25,85.1,0,0.0,0,0,18-APR-2022,
OPTSTK,AUBANK,30-Jun-2022,1540.0,CE,0.0,0.0,0.0,51.3,79.05,0,0.0,0,0,18-APR-2022,
OPTSTK,AUBANK,30-Jun-2022,1560.0,CE,0.0,0.0,0.0,47.65,73.35,0,0.0,0,0,18-APR-2022,
OPTSTK,AUBANK,30-Jun-2022,1580.0,CE,0.0,0.0,0.0,44.15,68.05,0,0.0,0,0,18-APR-2022,
OPTSTK,AUBANK,30-Jun-2022,1600.0,CE,0.0,0.0,0.0,40.95,63.1,0,0.0,0,0,18-APR-2022,
OPTSTK,AUBANK,30-Jun-2022,1620.0,CE,0.0,0.0,0.0,37.95,58.45,0,0.0,0,0,18-APR-2022,
OPTSTK,AUBANK,30-Jun-2022,1640.0,CE,0.0,0.0,0.0,35.15,54.1,0,0.0,0,0,18-APR-2022,
OPTSTK,AUBANK,30-Jun-2022,800.0,PE,0.0,0.0,0.0,5.65,1.0,0,0.0,0,0,18-APR-2022,
OPTSTK,AUBANK,30-Jun-2022,820.0,PE,0.0,0.0,0.0,7.1,1.35,0,0.0,0,0,18-APR-2022,
OPTSTK,AUBANK,30-Jun-2022,840.0,PE,0.0,0.0,0.0,8.75,1.8,0,0.0,0,0,18-APR-2022,
OPTSTK,AUBANK,30-Jun-2022,860.0,PE,0.0,0.0,0.0,10.7,2.35,0,0.0,0,0,18-APR-2022,
OPTSTK,AUBANK,30-Jun-2022,880.0,PE,0.0,0.0,0.0,12.95,3.05,0,0.0,0,0,18-APR-2022,
OPTSTK,AUBANK,30-Jun-2022,900.0,PE,0.0,0.0,0.0,15.55,3.9,0,0.0,0,0,18-APR-2022,
OPTSTK,AUBANK,30-Jun-2022,920.0,PE,0.0,0.0,0.0,18.5,4.9,0,0.0,0,0,18-APR-2022,
OPTSTK,AUBANK,30-Jun-2022,940.0,PE,0.0,0.0,0.0,21.8,6.15,0,0.0,0,0,18-APR-2022,
OPTSTK,AUBANK,30-Jun-2022,960.0,PE,0.0,0.0,0.0,25.55,7.6,0,0.0,0,0,18-APR-2022,
OPTSTK,AUBANK,30-Jun-2022,980.0,PE,0.0,0.0,0.0,29.65,9.3,0,0.0,0,0,18-APR-2022,
OPTSTK,AUBANK,30-Jun-2022,1000.0,PE,0.0,0.0,0.0,34.25,11.3,0,0.0,0,0,18-APR-2022,
OPTSTK,AUBANK,30-Jun-2022,1020.0,PE,0.0,0.0,0.0,39.3,13.6,0,0.0,0,0,18-APR-2022,
OPTSTK,AUBANK,30-Jun-2022,1040.0,PE,0.0,0.0,0.0,44.75,16.2,0,0.0,0,0,18-APR-2022,
OPTSTK,AUBANK,30-Jun-2022,1060.0,PE,0.0,0.0,0.0,50.65,19.15,0,0.0,0,0,18-APR-2022,
OPTSTK,AUBANK,30-Jun-2022,1080.0,PE,0.0,0.0,0.0,57.1,22.5,0,0.0,0,0,18-APR-2022,
OPTSTK,AUBANK,30-Jun-2022,1100.0,PE,0.0,0.0,0.0,63.95,26.2,0,0.0,0,0,18-APR-2022,
OPTSTK,AUBANK,30-Jun-2022,1120.0,PE,0.0,0.0,0.0,71.35,30.35,0,0.0,0,0,18-APR-2022,
OPTSTK,AUBANK,30-Jun-2022,1140.0,PE,0.0,0.0,0.0,79.25,34.9,0,0.0,0,0,18-APR-2022,
OPTSTK,AUBANK,30-Jun-2022,1160.0,PE,0.0,0.0,0.0,87.6,39.95,0,0.0,0,0,18-APR-2022,
OPTSTK,AUBANK,30-Jun-2022,1180.0,PE,0.0,0.0,0.0,96.5,45.45,0,0.0,0,0,18-APR-2022,
OPTSTK,AUBANK,30-Jun-2022,1200.0,PE,0.0,0.0,0.0,105.85,51.35,0,0.0,0,0,18-APR-2022,
OPTSTK,AUBANK,30-Jun-2022,1220.0,PE,0.0,0.0,0.0,115.65,57.75,0,0.0,0,0,18-APR-2022,
OPTSTK,AUBANK,30-Jun-2022,1240.0,PE,0.0,0.0,0.0,125.95,64.65,0,0.0,0,0,18-APR-2022,
OPTSTK,AUBANK,30-Jun-2022,1260.0,PE,0.0,0.0,0.0,136.75,72.05,0,0.0,0,0,18-APR-2022,
OPTSTK,AUBANK,30-Jun-2022,1280.0,PE,0.0,0.0,0.0,147.95,79.95,0,0.0,0,0,18-APR-2022,
OPTSTK,AUBANK,30-Jun-2022,1300.0,PE,0.0,0.0,0.0,159.6,88.35,0,0.0,0,0,18-APR-2022,
OPTSTK,AUBANK,30-Jun-2022,1320.0,PE,0.0,0.0,0.0,171.65,97.25,0,0.0,0,0,18-APR-2022,
OPTSTK,AUBANK,30-Jun-2022,1340.0,PE,0.0,0.0,0.0,184.15,106.65,0,0.0,0,0,18-APR-2022,
OPTSTK,AUBANK,30-Jun-2022,1360.0,PE,0.0,0.0,0.0,197.05,116.5,0,0.0,0,0,18-APR-2022,
OPTSTK,AUBANK,30-Jun-2022,1380.0,PE,0.0,0.0,0.0,210.35,126.85,0,0.0,0,0,18-APR-2022,
OPTSTK,AUBANK,30-Jun-2022,1400.0,PE,0.0,0.0,0.0,224.0,137.7,0,0.0,0,0,18-APR-2022,
OPTSTK,AUBANK,30-Jun-2022,1420.0,PE,0.0,0.0,0.0,238.0,148.95,0,0.0,0,0,18-APR-2022,
OPTSTK,AUBANK,30-Jun-2022,1440.0,PE,0.0,0.0,0.0,252.35,160.7,0,0.0,0,0,18-APR-2022,
OPTSTK,AUBANK,30-Jun-2022,1460.0,PE,0.0,0.0,0.0,267.1,172.85,0,0.0,0,0,18-APR-2022,
OPTSTK,AUBANK,30-Jun-2022,1480.0,PE,0.0,0.0,0.0,282.1,185.45,0,0.0,0,0,18-APR-2022,
OPTSTK,AUBANK,30-Jun-2022,1500.0,PE,0.0,0.0,0.0,297.4,198.45,0,0.0,0,0,18-APR-2022,
OPTSTK,AUBANK,30-Jun-2022,1520.0,PE,0.0,0.0,0.0,313.0,211.85,0,0.0,0,0,18-APR-2022,
OPTSTK,AUBANK,30-Jun-2022,1540.0,PE,0.0,0.0,0.0,328.85,225.65,0,0.0,0,0,18-APR-2022,
OPTSTK,AUBANK,30-Jun-2022,1560.0,PE,0.0,0.0,0.0,345.0,239.8,0,0.0,0,0,18-APR-2022,
OPTSTK,AUBANK,30-Jun-2022,1580.0,PE,0.0,0.0,0.0,361.3,254.3,0,0.0,0,0,18-APR-2022,
OPTSTK,AUBANK,30-Jun-2022,1600.0,PE,0.0,0.0,0.0,377.85,269.2,0,0.0,0,0,18-APR-2022,
OPTSTK,AUBANK,30-Jun-2022,1620.0,PE,0.0,0.0,0.0,394.65,284.4,0,0.0,0,0,18-APR-2022,
OPTSTK,AUBANK,30-Jun-2022,1640.0,PE,0.0,0.0,0.0,411.65,299.85,0,0.0,0,0,18-APR-2022,
OPTSTK,AUROPHARMA,28-Apr-2022,470.0,CE,0.0,0.0,0.0,150.15,204.25,0,0.0,0,0,18-APR-2022,
OPTSTK,AUROPHARMA,28-Apr-2022,480.0,CE,0.0,0.0,0.0,141.7,194.25,0,0.0,0,0,18-APR-2022,
OPTSTK,AUROPHARMA,28-Apr-2022,490.0,CE,0.0,0.0,0.0,133.5,184.25,0,0.0,0,0,18-APR-2022,
OPTSTK,AUROPHARMA,28-Apr-2022,500.0,CE,0.0,0.0,0.0,125.5,174.3,0,0.0,0,0,18-APR-2022,
OPTSTK,AUROPHARMA,28-Apr-2022,510.0,CE,0.0,0.0,0.0,117.75,164.3,0,0.0,0,0,18-APR-2022,
OPTSTK,AUROPHARMA,28-Apr-2022,520.0,CE,0.0,0.0,0.0,110.3,154.3,0,0.0,0,0,18-APR-2022,
OPTSTK,AUROPHARMA,28-Apr-2022,530.0,CE,0.0,0.0,0.0,103.1,144.3,0,0.0,0,0,18-APR-2022,
OPTSTK,AUROPHARMA,28-Apr-2022,540.0,CE,0.0,0.0,0.0,96.2,134.35,0,0.0,0,0,18-APR-2022,
OPTSTK,AUROPHARMA,28-Apr-2022,550.0,CE,0.0,0.0,0.0,89.55,124.35,0,0.0,0,0,18-APR-2022,
OPTSTK,AUROPHARMA,28-Apr-2022,560.0,CE,0.0,0.0,0.0,83.25,114.4,0,0.0,0,0,18-APR-2022,
OPTSTK,AUROPHARMA,28-Apr-2022,570.0,CE,0.0,0.0,0.0,77.25,104.5,0,0.0,0,0,18-APR-2022,
OPTSTK,AUROPHARMA,28-Apr-2022,580.0,CE,0.0,0.0,0.0,71.55,94.65,0,0.0,0,0,18-APR-2022,
OPTSTK,AUROPHARMA,28-Apr-2022,590.0,CE,0.0,0.0,0.0,66.15,84.95,0,0.0,0,0,18-APR-2022,
OPTSTK,AUROPHARMA,28-Apr-2022,600.0,CE,0.0,0.0,0.0,89.3,75.4,0,0.0,9750,0,18-APR-2022,
OPTSTK,AUROPHARMA,28-Apr-2022,610.0,CE,0.0,0.0,0.0,56.2,66.1,0,0.0,0,0,18-APR-2022,
OPTSTK,AUROPHARMA,28-Apr-2022,620.0,CE,0.0,0.0,0.0,52.65,57.2,0,0.0,0,0,18-APR-2022,
OPTSTK,AUROPHARMA,28-Apr-2022,630.0,CE,0.0,0.0,0.0,47.45,48.75,0,0.0,0,0,18-APR-2022,
OPTSTK,AUROPHARMA,28-Apr-2022,640.0,CE,40.0,40.0,40.0,40.0,40.9,1,5.1,3750,-750,18-APR-2022,
OPTSTK,AUROPHARMA,28-Apr-2022,650.0,CE,40.0,40.0,27.0,31.0,33.7,8,41.03,36000,0,18-APR-2022,
OPTSTK,AUROPHARMA,28-Apr-2022,660.0,CE,30.1,30.1,19.85,26.15,26.15,95,487.24,25500,12000,18-APR-2022,
OPTSTK,AUROPHARMA,28-Apr-2022,670.0,CE,27.5,27.5,13.7,19.4,19.4,368,1896.79,78000,58500,18-APR-2022,
OPTSTK,AUROPHARMA,28-Apr-2022,680.0,CE,19.65,22.45,9.9,14.0,14.0,788,4106.85,221250,54000,18-APR-2022,
OPTSTK,AUROPHARMA,28-Apr-2022,690.0,CE,15.6,16.5,7.25,9.95,9.95,580,3048.94,236250,3000,18-APR-2022,
OPTSTK,AUROPHARMA,28-Apr-2022,700.0,CE,13.0,13.0,5.2,7.1,7.1,1119,5941.99,867000,-23250,18-APR-2022,
OPTSTK,AUROPHARMA,28-Apr-2022,710.0,CE,8.55,9.5,4.25,5.55,5.55,806,4331.16,535500,-112500,18-APR-2022,
OPTSTK,AUROPHARMA,28-Apr-2022,720.0,CE,8.1,8.1,3.5,4.2,4.2,654,3555.97,628500,13500,18-APR-2022,
OPTSTK,AUROPHARMA,28-Apr-2022,730.0,CE,5.55,5.7,2.85,3.25,3.25,352,1937.13,213750,0,18-APR-2022,
OPTSTK,AUROPHARMA,28-Apr-2022,740.0,CE,4.7,4.7,2.4,2.65,2.65,248,1382.34,287250,750,18-APR-2022,
OPTSTK,AUROPHARMA,28-Apr-2022,750.0,CE,3.5,3.5,2.05,2.25,2.25,347,1958.67,471750,-26250,18-APR-2022,
OPTSTK,AUROPHARMA,28-Apr-2022,760.0,CE,2.5,2.75,1.8,1.95,1.95,108,617.38,190500,1500,18-APR-2022,
OPTSTK,AUROPHARMA,28-Apr-2022,770.0,CE,3.85,3.85,1.6,1.65,1.65,65,376.29,102000,-3750,18-APR-2022,
OPTSTK,AUROPHARMA,28-Apr-2022,780.0,CE,1.65,2.05,1.45,1.5,1.5,211,1237.05,123000,-27000,18-APR-2022,
OPTSTK,AUROPHARMA,28-Apr-2022,790.0,CE,1.45,2.0,1.45,1.45,1.45,17,100.95,23250,-7500,18-APR-2022,
OPTSTK,AUROPHARMA,28-Apr-2022,800.0,CE,1.3,1.75,1.2,1.25,1.25,368,2211.98,582750,-15000,18-APR-2022,
OPTSTK,AUROPHARMA,28-Apr-2022,810.0,CE,1.15,1.15,1.1,1.15,1.15,2,12.16,47250,-750,18-APR-2022,
OPTSTK,AUROPHARMA,28-Apr-2022,820.0,CE,1.1,1.1,0.95,1.0,1.0,5,30.78,93000,-1500,18-APR-2022,
OPTSTK,AUROPHARMA,28-Apr-2022,830.0,CE,1.45,1.45,1.45,1.45,0.05,1,6.23,3000,750,18-APR-2022,
OPTSTK,AUROPHARMA,28-Apr-2022,840.0,CE,0.0,0.0,0.0,1.3,0.05,0,0.0,7500,0,18-APR-2022,
OPTSTK,AUROPHARMA,28-Apr-2022,850.0,CE,0.85,0.95,0.7,0.75,0.75,93,593.43,217500,0,18-APR-2022,
OPTSTK,AUROPHARMA,28-Apr-2022,860.0,CE,0.65,0.7,0.65,0.7,0.05,3,19.36,10500,0,18-APR-2022,
OPTSTK,AUROPHARMA,28-Apr-2022,870.0,CE,0.0,0.0,0.0,4.1,0.0,0,0.0,0,0,18-APR-2022,
OPTSTK,AUROPHARMA,28-Apr-2022,880.0,CE,0.0,0.0,0.0,3.65,0.0,0,0.0,0,0,18-APR-2022,
OPTSTK,AUROPHARMA,28-Apr-2022,890.0,CE,0.0,0.0,0.0,3.25,0.0,0,0.0,0,0,18-APR-2022,
OPTSTK,AUROPHARMA,28-Apr-2022,470.0,PE,0.0,0.0,0.0,6.45,0.0,0,0.0,0,0,18-APR-2022,
OPTSTK,AUROPHARMA,28-Apr-2022,480.0,PE,0.0,0.0,0.0,7.9,0.0,0,0.0,0,0,18-APR-2022,
OPTSTK,AUROPHARMA,28-Apr-2022,490.0,PE,0.0,0.0,0.0,9.6,0.0,0,0.0,0,0,18-APR-2022,
OPTSTK,AUROPHARMA,28-Apr-2022,500.0,PE,0.0,0.0,0.0,0.55,0.0,0,0.0,5250,0,18-APR-2022,
OPTSTK,AUROPHARMA,28-Apr-2022,510.0,PE,0.0,0.0,0.0,13.65,0.0,0,0.0,0,0,18-APR-2022,
OPTSTK,AUROPHARMA,28-Apr-2022,520.0,PE,1.05,1.05,1.05,1.05,0.0,1,3.9,5250,0,18-APR-2022,
OPTSTK,AUROPHARMA,28-Apr-2022,530.0,PE,0.0,0.0,0.0,18.8,0.0,0,0.0,0,0,18-APR-2022,
OPTSTK,AUROPHARMA,28-Apr-2022,540.0,PE,0.0,0.0,0.0,21.8,0.05,0,0.0,0,0,18-APR-2022,
OPTSTK,AUROPHARMA,28-Apr-2022,550.0,PE,1.3,1.7,1.3,1.4,1.4,34,140.62,102000,3000,18-APR-2022,
OPTSTK,AUROPHARMA,28-Apr-2022,560.0,PE,0.0,0.0,0.0,2.4,0.1,0,0.0,4500,0,18-APR-2022,
OPTSTK,AUROPHARMA,28-Apr-2022,570.0,PE,0.9,1.7,0.9,1.6,0.15,5,21.43,5250,3000,18-APR-2022,
OPTSTK,AUROPHARMA,28-Apr-2022,580.0,PE,2.4,2.5,2.25,2.25,0.3,14,61.15,145500,750,18-APR-2022,
OPTSTK,AUROPHARMA,28-Apr-2022,590.0,PE,0.0,0.0,0.0,41.2,0.6,0,0.0,0,0,18-APR-2022,
OPTSTK,AUROPHARMA,28-Apr-2022,600.0,PE,3.7,3.7,2.35,2.65,2.65,322,1456.24,336000,-11250,18-APR-2022,
OPTSTK,AUROPHARMA,28-Apr-2022,610.0,PE,3.5,3.9,2.7,3.0,3.0,61,280.66,29250,16500,18-APR-2022,
OPTSTK,AUROPHARMA,28-Apr-2022,620.0,PE,4.2,5.55,3.35,3.35,3.35,17,79.64,25500,1500,18-APR-2022,
OPTSTK,AUROPHARMA,28-Apr-2022,630.0,PE,5.3,6.0,4.1,4.4,4.4,31,147.62,138000,-6000,18-APR-2022,
OPTSTK,AUROPHARMA,28-Apr-2022,640.0,PE,6.5,8.25,5.0,5.45,5.45,117,567.56,105750,5250,18-APR-2022,
OPTSTK,AUROPHARMA,28-Apr-2022,650.0,PE,9.0,10.6,6.8,7.25,7.25,261,1289.38,240750,-17250,18-APR-2022,
OPTSTK,AUROPHARMA,28-Apr-2022,660.0,PE,13.2,14.35,8.3,9.6,9.6,263,1324.41,89250,-15000,18-APR-2022,
OPTSTK,AUROPHARMA,28-Apr-2022,670.0,PE,14.95,18.85,10.95,12.95,12.95,332,1704.57,147000,-13500,18-APR-2022,
OPTSTK,AUROPHARMA,28-Apr-2022,680.0,PE,17.9,25.15,14.3,16.95,16.95,319,1673.06,216750,-27000,18-APR-2022,
OPTSTK,AUROPHARMA,28-Apr-2022,690.0,PE,21.6,31.25,18.75,21.4,21.4,77,413.67,102000,-1500,18-APR-2022,
OPTSTK,AUROPHARMA,28-Apr-2022,700.0,PE,27.3,40.0,24.75,30.55,30.55,139,763.72,414000,-18000,18-APR-2022,
OPTSTK,AUROPHARMA,28-Apr-2022,710.0,PE,37.95,48.35,32.45,39.2,39.2,25,140.97,98250,-4500,18-APR-2022,
OPTSTK,AUROPHARMA,28-Apr-2022,720.0,PE,48.6,58.45,48.0,48.6,48.6,14,80.9,78750,750,18-APR-2022,
OPTSTK,AUROPHARMA,28-Apr-2022,730.0,PE,49.3,53.95,49.3,53.95,59.0,3,17.6,8250,-750,18-APR-2022,
OPTSTK,AUROPHARMA,28-Apr-2022,740.0,PE,0.0,0.0,0.0,140.3,67.85,0,0.0,0,0,18-APR-2022,
OPTSTK,AUROPHARMA,28-Apr-2022,750.0,PE,0.0,0.0,0.0,71.55,77.05,0,0.0,57750,0,18-APR-2022,
OPTSTK,AUROPHARMA,28-Apr-2022,760.0,PE,0.0,0.0,0.0,157.0,86.5,0,0.0,0,0,18-APR-2022,
OPTSTK,AUROPHARMA,28-Apr-2022,770.0,PE,0.0,0.0,0.0,95.5,96.1,0,0.0,3000,0,18-APR-2022,
OPTSTK,AUROPHARMA,28-Apr-2022,780.0,PE,0.0,0.0,0.0,174.2,105.85,0,0.0,0,0,18-APR-2022,
OPTSTK,AUROPHARMA,28-Apr-2022,790.0,PE,0.0,0.0,0.0,182.95,115.7,0,0.0,0,0,18-APR-2022,
OPTSTK,AUROPHARMA,28-Apr-2022,800.0,PE,0.0,0.0,0.0,104.15,125.6,0,0.0,55500,0,18-APR-2022,
OPTSTK,AUROPHARMA,28-Apr-2022,810.0,PE,0.0,0.0,0.0,200.8,135.5,0,0.0,0,0,18-APR-2022,
OPTSTK,AUROPHARMA,28-Apr-2022,820.0,PE,0.0,0.0,0.0,209.85,145.45,0,0.0,0,0,18-APR-2022,
OPTSTK,AUROPHARMA,28-Apr-2022,830.0,PE,0.0,0.0,0.0,219.0,155.4,0,0.0,0,0,18-APR-2022,
OPTSTK,AUROPHARMA,28-Apr-2022,840.0,PE,0.0,0.0,0.0,126.5,165.4,0,0.0,3000,0,18-APR-2022,
OPTSTK,AUROPHARMA,28-Apr-2022,850.0,PE,0.0,0.0,0.0,165.0,175.35,0,0.0,35250,0,18-APR-2022,
OPTSTK,AUROPHARMA,28-Apr-2022,860.0,PE,0.0,0.0,0.0,246.85,185.35,0,0.0,0,0,18-APR-2022,
OPTSTK,AUROPHARMA,28-Apr-2022,870.0,PE,0.0,0.0,0.0,256.25,195.35,0,0.0,0,0,18-APR-2022,
OPTSTK,AUROPHARMA,28-Apr-2022,880.0,PE,0.0,0.0,0.0,265.7,205.35,0,0.0,0,0,18-APR-2022,
OPTSTK,AUROPHARMA,28-Apr-2022,890.0,PE,0.0,0.0,0.0,275.2,215.3,0,0.0,0,0,18-APR-2022,
OPTSTK,AUROPHARMA,26-May-2022,470.0,CE,0.0,0.0,0.0,147.0,205.9,0,0.0,0,0,18-APR-2022,
OPTSTK,AUROPHARMA,26-May-2022,480.0,CE,0.0,0.0,0.0,138.6,196.05,0,0.0,0,0,18-APR-2022,
OPTSTK,AUROPHARMA,26-May-2022,490.0,CE,0.0,0.0,0.0,130.4,186.2,0,0.0,0,0,18-APR-2022,
OPTSTK,AUROPHARMA,26-May-2022,500.0,CE,0.0,0.0,0.0,122.45,176.4,0,0.0,0,0,18-APR-2022,
OPTSTK,AUROPHARMA,26-May-2022,510.0,CE,0.0,0.0,0.0,114.75,166.65,0,0.0,0,0,18-APR-2022,
OPTSTK,AUROPHARMA,26-May-2022,520.0,CE,0.0,0.0,0.0,107.35,157.0,0,0.0,0,0,18-APR-2022,
OPTSTK,AUROPHARMA,26-May-2022,530.0,CE,0.0,0.0,0.0,100.25,147.45,0,0.0,0,0,18-APR-2022,
OPTSTK,AUROPHARMA,26-May-2022,540.0,CE,0.0,0.0,0.0,93.4,138.05,0,0.0,0,0,18-APR-2022,
OPTSTK,AUROPHARMA,26-May-2022,550.0,CE,0.0,0.0,0.0,86.8,128.8,0,0.0,0,0,18-APR-2022,
OPTSTK,AUROPHARMA,26-May-2022,560.0,CE,0.0,0.0,0.0,80.6,119.75,0,0.0,0,0,18-APR-2022,
OPTSTK,AUROPHARMA,26-May-2022,570.0,CE,0.0,0.0,0.0,74.65,110.9,0,0.0,0,0,18-APR-2022,
OPTSTK,AUROPHARMA,26-May-2022,580.0,CE,0.0,0.0,0.0,69.05,102.3,0,0.0,0,0,18-APR-2022,
OPTSTK,AUROPHARMA,26-May-2022,590.0,CE,0.0,0.0,0.0,63.7,94.0,0,0.0,0,0,18-APR-2022,
OPTSTK,AUROPHARMA,26-May-2022,600.0,CE,0.0,0.0,0.0,58.7,86.05,0,0.0,0,0,18-APR-2022,
OPTSTK,AUROPHARMA,26-May-2022,610.0,CE,0.0,0.0,0.0,54.0,78.4,0,0.0,0,0,18-APR-2022,
OPTSTK,AUROPHARMA,26-May-2022,620.0,CE,0.0,0.0,0.0,49.55,71.15,0,0.0,0,0,18-APR-2022,
OPTSTK,AUROPHARMA,26-May-2022,630.0,CE,0.0,0.0,0.0,45.45,64.25,0,0.0,0,0,18-APR-2022,
OPTSTK,AUROPHARMA,26-May-2022,640.0,CE,0.0,0.0,0.0,41.55,57.8,0,0.0,0,0,18-APR-2022,
OPTSTK,AUROPHARMA,26-May-2022,650.0,CE,0.0,0.0,0.0,37.95,51.75,0,0.0,0,0,18-APR-2022,
OPTSTK,AUROPHARMA,26-May-2022,660.0,CE,0.0,0.0,0.0,34.65,46.15,0,0.0,0,0,18-APR-2022,
OPTSTK,AUROPHARMA,26-May-2022,670.0,CE,0.0,0.0,0.0,31.55,40.95,0,0.0,0,0,18-APR-2022,
OPTSTK,AUROPHARMA,26-May-2022,680.0,CE,0.0,0.0,0.0,28.65,36.2,0,0.0,0,0,18-APR-2022,
OPTSTK,AUROPHARMA,26-May-2022,690.0,CE,0.0,0.0,0.0,26.05,31.8,0,0.0,0,0,18-APR-2022,
OPTSTK,AUROPHARMA,26-May-2022,700.0,CE,28.7,32.0,21.65,23.9,23.9,57,309.9,68250,20250,18-APR-2022,
OPTSTK,AUROPHARMA,26-May-2022,710.0,CE,0.0,0.0,0.0,43.0,24.3,0,0.0,750,0,18-APR-2022,
OPTSTK,AUROPHARMA,26-May-2022,720.0,CE,27.0,27.0,15.45,15.45,21.1,2,11.11,3000,1500,18-APR-2022,
OPTSTK,AUROPHARMA,26-May-2022,730.0,CE,0.0,0.0,0.0,19.85,18.25,0,0.0,750,0,18-APR-2022,
OPTSTK,AUROPHARMA,26-May-2022,740.0,CE,0.0,0.0,0.0,15.75,15.7,0,0.0,0,0,18-APR-2022,
OPTSTK,AUROPHARMA,26-May-2022,750.0,CE,14.0,14.0,10.4,10.9,10.9,22,125.6,16500,5250,18-APR-2022,
OPTSTK,AUROPHARMA,26-May-2022,760.0,CE,0.0,0.0,0.0,20.0,11.5,0,0.0,750,0,18-APR-2022,
OPTSTK,AUROPHARMA,26-May-2022,770.0,CE,0.0,0.0,0.0,11.5,9.8,0,0.0,0,0,18-APR-2022,
OPTSTK,AUROPHARMA,26-May-2022,780.0,CE,0.0,0.0,0.0,10.3,8.3,0,0.0,0,0,18-APR-2022,
OPTSTK,AUROPHARMA,26-May-2022,790.0,CE,0.0,0.0,0.0,9.25,7.0,0,0.0,0,0,18-APR-2022,
OPTSTK,AUROPHARMA,26-May-2022,800.0,CE,7.0,7.15,6.0,6.0,6.0,30,181.53,45000,18750,18-APR-2022,
OPTSTK,AUROPHARMA,26-May-2022,810.0,CE,0.0,0.0,0.0,7.4,4.95,0,0.0,0,0,18-APR-2022,
OPTSTK,AUROPHARMA,26-May-2022,820.0,CE,5.0,5.0,4.5,4.5,4.1,3,18.55,2250,2250,18-APR-2022,
OPTSTK,AUROPHARMA,26-May-2022,830.0,CE,0.0,0.0,0.0,5.95,3.45,0,0.0,0,0,18-APR-2022,
OPTSTK,AUROPHARMA,26-May-2022,840.0,CE,0.0,0.0,0.0,5.3,2.85,0,0.0,0,0,18-APR-2022,
OPTSTK,AUROPHARMA,26-May-2022,850.0,CE,0.0,0.0,0.0,4.7,2.35,0,0.0,0,0,18-APR-2022,
OPTSTK,AUROPHARMA,26-May-2022,860.0,CE,0.0,0.0,0.0,4.2,1.95,0,0.0,0,0,18-APR-2022,
OPTSTK,AUROPHARMA,26-May-2022,870.0,CE,0.0,0.0,0.0,3.75,1.6,0,0.0,0,0,18-APR-2022,
OPTSTK,AUROPHARMA,26-May-2022,880.0,CE,0.0,0.0,0.0,3.35,1.3,0,0.0,0,0,18-APR-2022,
OPTSTK,AUROPHARMA,26-May-2022,890.0,CE,0.0,0.0,0.0,2.95,1.05,0,0.0,0,0,18-APR-2022,
OPTSTK,AUROPHARMA,26-May-2022,470.0,PE,0.0,0.0,0.0,6.6,0.15,0,0.0,0,0,18-APR-2022,
OPTSTK,AUROPHARMA,26-May-2022,480.0,PE,0.0,0.0,0.0,8.1,0.2,0,0.0,0,0,18-APR-2022,
OPTSTK,AUROPHARMA,26-May-2022,490.0,PE,0.0,0.0,0.0,9.8,0.3,0,0.0,0,0,18-APR-2022,
OPTSTK,AUROPHARMA,26-May-2022,500.0,PE,0.0,0.0,0.0,11.75,0.45,0,0.0,0,0,18-APR-2022,
OPTSTK,AUROPHARMA,26-May-2022,510.0,PE,0.0,0.0,0.0,14.0,0.7,0,0.0,0,0,18-APR-2022,
OPTSTK,AUROPHARMA,26-May-2022,520.0,PE,0.0,0.0,0.0,16.5,1.0,0,0.0,0,0,18-APR-2022,
OPTSTK,AUROPHARMA,26-May-2022,530.0,PE,0.0,0.0,0.0,19.25,1.4,0,0.0,0,0,18-APR-2022,
OPTSTK,AUROPHARMA,26-May-2022,540.0,PE,0.0,0.0,0.0,22.3,1.95,0,0.0,0,0,18-APR-2022,
OPTSTK,AUROPHARMA,26-May-2022,550.0,PE,0.0,0.0,0.0,25.6,2.65,0,0.0,0,0,18-APR-2022,
OPTSTK,AUROPHARMA,26-May-2022,560.0,PE,0.0,0.0,0.0,29.25,3.55,0,0.0,0,0,18-APR-2022,
OPTSTK,AUROPHARMA,26-May-2022,570.0,PE,0.0,0.0,0.0,33.25,4.7,0,0.0,0,0,18-APR-2022,
OPTSTK,AUROPHARMA,26-May-2022,580.0,PE,0.0,0.0,0.0,37.5,6.05,0,0.0,0,0,18-APR-2022,
OPTSTK,AUROPHARMA,26-May-2022,590.0,PE,0.0,0.0,0.0,42.1,7.7,0,0.0,0,0,18-APR-2022,
OPTSTK,AUROPHARMA,26-May-2022,600.0,PE,9.0,9.2,9.0,9.2,9.2,10,45.67,7500,7500,18-APR-2022,
OPTSTK,AUROPHARMA,26-May-2022,610.0,PE,0.0,0.0,0.0,52.15,12.0,0,0.0,0,0,18-APR-2022,
OPTSTK,AUROPHARMA,26-May-2022,620.0,PE,0.0,0.0,0.0,57.65,14.75,0,0.0,0,0,18-APR-2022,
OPTSTK,AUROPHARMA,26-May-2022,630.0,PE,0.0,0.0,0.0,63.4,17.8,0,0.0,0,0,18-APR-2022,
OPTSTK,AUROPHARMA,26-May-2022,640.0,PE,0.0,0.0,0.0,69.4,21.3,0,0.0,0,0,18-APR-2022,
OPTSTK,AUROPHARMA,26-May-2022,650.0,PE,18.6,23.3,18.6,23.3,25.2,10,50.34,14250,3000,18-APR-2022,
OPTSTK,AUROPHARMA,26-May-2022,660.0,PE,25.0,25.0,24.7,24.7,29.55,2,10.27,1500,1500,18-APR-2022,
OPTSTK,AUROPHARMA,26-May-2022,670.0,PE,33.0,33.0,33.0,33.0,34.3,1,5.27,750,750,18-APR-2022,
OPTSTK,AUROPHARMA,26-May-2022,680.0,PE,32.9,39.55,31.5,33.5,39.45,6,32.18,9000,3000,18-APR-2022,
OPTSTK,AUROPHARMA,26-May-2022,690.0,PE,0.0,0.0,0.0,103.35,45.05,0,0.0,0,0,18-APR-2022,
OPTSTK,AUROPHARMA,26-May-2022,700.0,PE,43.9,50.5,43.9,44.0,51.05,23,128.99,27000,14250,18-APR-2022,
OPTSTK,AUROPHARMA,26-May-2022,710.0,PE,0.0,0.0,0.0,118.55,57.45,0,0.0,0,0,18-APR-2022,
OPTSTK,AUROPHARMA,26-May-2022,720.0,PE,0.0,0.0,0.0,126.4,64.2,0,0.0,0,0,18-APR-2022,
OPTSTK,AUROPHARMA,26-May-2022,730.0,PE,0.0,0.0,0.0,134.4,71.3,0,0.0,0,0,18-APR-2022,
OPTSTK,AUROPHARMA,26-May-2022,740.0,PE,0.0,0.0,0.0,142.55,78.75,0,0.0,0,0,18-APR-2022,
OPTSTK,AUROPHARMA,26-May-2022,750.0,PE,0.0,0.0,0.0,150.9,86.5,0,0.0,0,0,18-APR-2022,
OPTSTK,AUROPHARMA,26-May-2022,760.0,PE,0.0,0.0,0.0,159.35,94.45,0,0.0,0,0,18-APR-2022,
OPTSTK,AUROPHARMA,26-May-2022,770.0,PE,0.0,0.0,0.0,168.0,102.7,0,0.0,0,0,18-APR-2022,
OPTSTK,AUROPHARMA,26-May-2022,780.0,PE,0.0,0.0,0.0,176.7,111.15,0,0.0,0,0,18-APR-2022,
OPTSTK,AUROPHARMA,26-May-2022,790.0,PE,0.0,0.0,0.0,185.55,119.8,0,0.0,0,0,18-APR-2022,
OPTSTK,AUROPHARMA,26-May-2022,800.0,PE,0.0,0.0,0.0,194.45,128.65,0,0.0,0,0,18-APR-2022,
OPTSTK,AUROPHARMA,26-May-2022,810.0,PE,0.0,0.0,0.0,203.5,137.65,0,0.0,0,0,18-APR-2022,
OPTSTK,AUROPHARMA,26-May-2022,820.0,PE,0.0,0.0,0.0,212.6,146.8,0,0.0,0,0,18-APR-2022,
OPTSTK,AUROPHARMA,26-May-2022,830.0,PE,0.0,0.0,0.0,221.8,156.05,0,0.0,0,0,18-APR-2022,
OPTSTK,AUROPHARMA,26-May-2022,840.0,PE,0.0,0.0,0.0,231.05,165.45,0,0.0,0,0,18-APR-2022,
OPTSTK,AUROPHARMA,26-May-2022,850.0,PE,0.0,0.0,0.0,240.35,174.9,0,0.0,0,0,18-APR-2022,
OPTSTK,AUROPHARMA,26-May-2022,860.0,PE,0.0,0.0,0.0,249.75,184.45,0,0.0,0,0,18-APR-2022,
OPTSTK,AUROPHARMA,26-May-2022,870.0,PE,0.0,0.0,0.0,259.2,194.05,0,0.0,0,0,18-APR-2022,
OPTSTK,AUROPHARMA,26-May-2022,880.0,PE,0.0,0.0,0.0,268.65,203.7,0,0.0,0,0,18-APR-2022,
OPTSTK,AUROPHARMA,26-May-2022,890.0,PE,0.0,0.0,0.0,278.2,213.45,0,0.0,0,0,18-APR-2022,
OPTSTK,AUROPHARMA,30-Jun-2022,470.0,CE,0.0,0.0,0.0,206.1,208.9,0,0.0,0,0,18-APR-2022,
OPTSTK,AUROPHARMA,30-Jun-2022,480.0,CE,0.0,0.0,0.0,196.9,199.4,0,0.0,0,0,18-APR-2022,
OPTSTK,AUROPHARMA,30-Jun-2022,490.0,CE,0.0,0.0,0.0,187.85,190.0,0,0.0,0,0,18-APR-2022,
OPTSTK,AUROPHARMA,30-Jun-2022,500.0,CE,0.0,0.0,0.0,178.9,180.7,0,0.0,0,0,18-APR-2022,
OPTSTK,AUROPHARMA,30-Jun-2022,510.0,CE,0.0,0.0,0.0,170.15,171.55,0,0.0,0,0,18-APR-2022,
OPTSTK,AUROPHARMA,30-Jun-2022,520.0,CE,0.0,0.0,0.0,161.55,162.55,0,0.0,0,0,18-APR-2022,
OPTSTK,AUROPHARMA,30-Jun-2022,530.0,CE,0.0,0.0,0.0,153.15,153.75,0,0.0,0,0,18-APR-2022,
OPTSTK,AUROPHARMA,30-Jun-2022,540.0,CE,0.0,0.0,0.0,144.95,145.1,0,0.0,0,0,18-APR-2022,
OPTSTK,AUROPHARMA,30-Jun-2022,550.0,CE,0.0,0.0,0.0,137.0,136.7,0,0.0,0,0,18-APR-2022,
OPTSTK,AUROPHARMA,30-Jun-2022,560.0,CE,0.0,0.0,0.0,129.25,128.5,0,0.0,0,0,18-APR-2022,
OPTSTK,AUROPHARMA,30-Jun-2022,570.0,CE,0.0,0.0,0.0,121.8,120.55,0,0.0,0,0,18-APR-2022,
OPTSTK,AUROPHARMA,30-Jun-2022,580.0,CE,0.0,0.0,0.0,114.55,112.85,0,0.0,0,0,18-APR-2022,
OPTSTK,AUROPHARMA,30-Jun-2022,590.0,CE,0.0,0.0,0.0,107.55,105.4,0,0.0,0,0,18-APR-2022,
OPTSTK,AUROPHARMA,30-Jun-2022,600.0,CE,0.0,0.0,0.0,100.8,98.25,0,0.0,0,0,18-APR-2022,
OPTSTK,AUROPHARMA,30-Jun-2022,610.0,CE,0.0,0.0,0.0,94.35,91.35,0,0.0,0,0,18-APR-2022,
OPTSTK,AUROPHARMA,30-Jun-2022,620.0,CE,0.0,0.0,0.0,88.2,84.8,0,0.0,0,0,18-APR-2022,
OPTSTK,AUROPHARMA,30-Jun-2022,630.0,CE,0.0,0.0,0.0,82.3,78.55,0,0.0,0,0,18-APR-2022,
OPTSTK,AUROPHARMA,30-Jun-2022,640.0,CE,0.0,0.0,0.0,76.7,72.65,0,0.0,0,0,18-APR-2022,
OPTSTK,AUROPHARMA,30-Jun-2022,650.0,CE,0.0,0.0,0.0,71.35,67.0,0,0.0,0,0,18-APR-2022,
OPTSTK,AUROPHARMA,30-Jun-2022,660.0,CE,0.0,0.0,0.0,66.25,61.7,0,0.0,0,0,18-APR-2022,
OPTSTK,AUROPHARMA,30-Jun-2022,670.0,CE,0.0,0.0,0.0,61.45,56.7,0,0.0,0,0,18-APR-2022,
OPTSTK,AUROPHARMA,30-Jun-2022,680.0,CE,0.0,0.0,0.0,56.95,51.95,0,0.0,0,0,18-APR-2022,
OPTSTK,AUROPHARMA,30-Jun-2022,690.0,CE,0.0,0.0,0.0,52.7,47.55,0,0.0,0,0,18-APR-2022,
OPTSTK,AUROPHARMA,30-Jun-2022,700.0,CE,0.0,0.0,0.0,48.65,43.45,0,0.0,0,0,18-APR-2022,
OPTSTK,AUROPHARMA,30-Jun-2022,710.0,CE,0.0,0.0,0.0,44.9,39.6,0,0.0,0,0,18-APR-2022,
OPTSTK,AUROPHARMA,30-Jun-2022,720.0,CE,0.0,0.0,0.0,41.35,36.05,0,0.0,0,0,18-APR-2022,
OPTSTK,AUROPHARMA,30-Jun-2022,730.0,CE,0.0,0.0,0.0,38.05,32.75,0,0.0,0,0,18-APR-2022,
OPTSTK,AUROPHARMA,30-Jun-2022,740.0,CE,0.0,0.0,0.0,34.95,29.7,0,0.0,0,0,18-APR-2022,
OPTSTK,AUROPHARMA,30-Jun-2022,750.0,CE,0.0,0.0,0.0,32.1,26.85,0,0.0,0,0,18-APR-2022,
OPTSTK,AUROPHARMA,30-Jun-2022,760.0,CE,0.0,0.0,0.0,29.4,24.3,0,0.0,0,0,18-APR-2022,
OPTSTK,AUROPHARMA,30-Jun-2022,770.0,CE,0.0,0.0,0.0,27.0,21.95,0,0.0,0,0,18-APR-2022,
OPTSTK,AUROPHARMA,30-Jun-2022,780.0,CE,0.0,0.0,0.0,24.7,19.75,0,0.0,0,0,18-APR-2022,
OPTSTK,AUROPHARMA,30-Jun-2022,790.0,CE,0.0,0.0,0.0,22.55,17.75,0,0.0,0,0,18-APR-2022,
OPTSTK,AUROPHARMA,30-Jun-2022,800.0,CE,0.0,0.0,0.0,20.6,15.95,0,0.0,0,0,18-APR-2022,
OPTSTK,AUROPHARMA,30-Jun-2022,810.0,CE,0.0,0.0,0.0,18.75,14.3,0,0.0,0,0,18-APR-2022,
OPTSTK,AUROPHARMA,30-Jun-2022,820.0,CE,0.0,0.0,0.0,17.1,12.8,0,0.0,0,0,18-APR-2022,
OPTSTK,AUROPHARMA,30-Jun-2022,830.0,CE,0.0,0.0,0.0,15.55,11.45,0,0.0,0,0,18-APR-2022,
OPTSTK,AUROPHARMA,30-Jun-2022,840.0,CE,0.0,0.0,0.0,14.15,10.2,0,0.0,0,0,18-APR-2022,
OPTSTK,AUROPHARMA,30-Jun-2022,850.0,CE,0.0,0.0,0.0,12.85,9.1,0,0.0,0,0,18-APR-2022,
OPTSTK,AUROPHARMA,30-Jun-2022,860.0,CE,0.0,0.0,0.0,11.65,8.1,0,0.0,0,0,18-APR-2022,
OPTSTK,AUROPHARMA,30-Jun-2022,870.0,CE,0.0,0.0,0.0,10.55,7.2,0,0.0,0,0,18-APR-2022,
OPTSTK,AUROPHARMA,30-Jun-2022,880.0,CE,0.0,0.0,0.0,9.6,6.4,0,0.0,0,0,18-APR-2022,
OPTSTK,AUROPHARMA,30-Jun-2022,890.0,CE,0.0,0.0,0.0,8.65,5.7,0,0.0,0,0,18-APR-2022,
OPTSTK,AUROPHARMA,30-Jun-2022,470.0,PE,0.0,0.0,0.0,2.6,1.25,0,0.0,0,0,18-APR-2022,
OPTSTK,AUROPHARMA,30-Jun-2022,480.0,PE,0.0,0.0,0.0,3.3,1.65,0,0.0,0,0,18-APR-2022,
OPTSTK,AUROPHARMA,30-Jun-2022,490.0,PE,0.0,0.0,0.0,4.15,2.15,0,0.0,0,0,18-APR-2022,
OPTSTK,AUROPHARMA,30-Jun-2022,500.0,PE,0.0,0.0,0.0,5.1,2.8,0,0.0,0,0,18-APR-2022,
OPTSTK,AUROPHARMA,30-Jun-2022,510.0,PE,0.0,0.0,0.0,6.2,3.55,0,0.0,0,0,18-APR-2022,
OPTSTK,AUROPHARMA,30-Jun-2022,520.0,PE,0.0,0.0,0.0,7.55,4.45,0,0.0,0,0,18-APR-2022,
OPTSTK,AUROPHARMA,30-Jun-2022,530.0,PE,0.0,0.0,0.0,9.05,5.55,0,0.0,0,0,18-APR-2022,
OPTSTK,AUROPHARMA,30-Jun-2022,540.0,PE,0.0,0.0,0.0,10.75,6.85,0,0.0,0,0,18-APR-2022,
OPTSTK,AUROPHARMA,30-Jun-2022,550.0,PE,0.0,0.0,0.0,12.65,8.35,0,0.0,0,0,18-APR-2022,
OPTSTK,AUROPHARMA,30-Jun-2022,560.0,PE,0.0,0.0,0.0,14.8,10.05,0,0.0,0,0,18-APR-2022,
OPTSTK,AUROPHARMA,30-Jun-2022,570.0,PE,0.0,0.0,0.0,17.25,12.0,0,0.0,0,0,18-APR-2022,
OPTSTK,AUROPHARMA,30-Jun-2022,580.0,PE,0.0,0.0,0.0,19.9,14.2,0,0.0,0,0,18-APR-2022,
OPTSTK,AUROPHARMA,30-Jun-2022,590.0,PE,0.0,0.0,0.0,22.8,16.7,0,0.0,0,0,18-APR-2022,
OPTSTK,AUROPHARMA,30-Jun-2022,600.0,PE,0.0,0.0,0.0,25.95,19.5,0,0.0,0,0,18-APR-2022,
OPTSTK,AUROPHARMA,30-Jun-2022,610.0,PE,0.0,0.0,0.0,29.4,22.5,0,0.0,0,0,18-APR-2022,
OPTSTK,AUROPHARMA,30-Jun-2022,620.0,PE,0.0,0.0,0.0,33.1,25.85,0,0.0,0,0,18-APR-2022,
OPTSTK,AUROPHARMA,30-Jun-2022,630.0,PE,0.0,0.0,0.0,37.1,29.55,0,0.0,0,0,18-APR-2022,
OPTSTK,AUROPHARMA,30-Jun-2022,640.0,PE,0.0,0.0,0.0,41.4,33.5,0,0.0,0,0,18-APR-2022,
OPTSTK,AUROPHARMA,30-Jun-2022,650.0,PE,0.0,0.0,0.0,45.95,37.8,0,0.0,0,0,18-APR-2022,
OPTSTK,AUROPHARMA,30-Jun-2022,660.0,PE,0.0,0.0,0.0,50.8,42.4,0,0.0,0,0,18-APR-2022,
OPTSTK,AUROPHARMA,30-Jun-2022,670.0,PE,0.0,0.0,0.0,55.9,47.3,0,0.0,0,0,18-APR-2022,
OPTSTK,AUROPHARMA,30-Jun-2022,680.0,PE,0.0,0.0,0.0,61.25,52.5,0,0.0,0,0,18-APR-2022,
OPTSTK,AUROPHARMA,30-Jun-2022,690.0,PE,0.0,0.0,0.0,66.85,58.0,0,0.0,0,0,18-APR-2022,
OPTSTK,AUROPHARMA,30-Jun-2022,700.0,PE,0.0,0.0,0.0,72.75,63.8,0,0.0,0,0,18-APR-2022,
OPTSTK,AUROPHARMA,30-Jun-2022,710.0,PE,0.0,0.0,0.0,78.85,69.9,0,0.0,0,0,18-APR-2022,
OPTSTK,AUROPHARMA,30-Jun-2022,720.0,PE,0.0,0.0,0.0,85.25,76.25,0,0.0,0,0,18-APR-2022,
OPTSTK,AUROPHARMA,30-Jun-2022,730.0,PE,0.0,0.0,0.0,91.85,82.85,0,0.0,0,0,18-APR-2022,
OPTSTK,AUROPHARMA,30-Jun-2022,740.0,PE,0.0,0.0,0.0,98.65,89.7,0,0.0,0,0,18-APR-2022,
OPTSTK,AUROPHARMA,30-Jun-2022,750.0,PE,0.0,0.0,0.0,105.65,96.8,0,0.0,0,0,18-APR-2022,
OPTSTK,AUROPHARMA,30-Jun-2022,760.0,PE,0.0,0.0,0.0,112.9,104.15,0,0.0,0,0,18-APR-2022,
OPTSTK,AUROPHARMA,30-Jun-2022,770.0,PE,0.0,0.0,0.0,120.35,111.7,0,0.0,0,0,18-APR-2022,
OPTSTK,AUROPHARMA,30-Jun-2022,780.0,PE,0.0,0.0,0.0,127.95,119.45,0,0.0,0,0,18-APR-2022,
OPTSTK,AUROPHARMA,30-Jun-2022,790.0,PE,0.0,0.0,0.0,135.7,127.35,0,0.0,0,0,18-APR-2022,
OPTSTK,AUROPHARMA,30-Jun-2022,800.0,PE,0.0,0.0,0.0,143.65,135.45,0,0.0,0,0,18-APR-2022,
OPTSTK,AUROPHARMA,30-Jun-2022,810.0,PE,0.0,0.0,0.0,151.7,143.75,0,0.0,0,0,18-APR-2022,
OPTSTK,AUROPHARMA,30-Jun-2022,820.0,PE,0.0,0.0,0.0,159.9,152.15,0,0.0,0,0,18-APR-2022,
OPTSTK,AUROPHARMA,30-Jun-2022,830.0,PE,0.0,0.0,0.0,168.3,160.7,0,0.0,0,0,18-APR-2022,
OPTSTK,AUROPHARMA,30-Jun-2022,840.0,PE,0.0,0.0,0.0,176.75,169.4,0,0.0,0,0,18-APR-2022,
OPTSTK,AUROPHARMA,30-Jun-2022,850.0,PE,0.0,0.0,0.0,185.35,178.2,0,0.0,0,0,18-APR-2022,
OPTSTK,AUROPHARMA,30-Jun-2022,860.0,PE,0.0,0.0,0.0,194.05,187.1,0,0.0,0,0,18-APR-2022,
OPTSTK,AUROPHARMA,30-Jun-2022,870.0,PE,0.0,0.0,0.0,202.85,196.15,0,0.0,0,0,18-APR-2022,
OPTSTK,AUROPHARMA,30-Jun-2022,880.0,PE,0.0,0.0,0.0,211.75,205.25,0,0.0,0,0,18-APR-2022,
OPTSTK,AUROPHARMA,30-Jun-2022,890.0,PE,0.0,0.0,0.0,220.75,214.45,0,0.0,0,0,18-APR-2022,
OPTSTK,AXISBANK,28-Apr-2022,490.0,CE,0.0,0.0,0.0,289.9,309.4,0,0.0,0,0,18-APR-2022,
OPTSTK,AXISBANK,28-Apr-2022,500.0,CE,0.0,0.0,0.0,280.25,299.45,0,0.0,0,0,18-APR-2022,
OPTSTK,AXISBANK,28-Apr-2022,510.0,CE,0.0,0.0,0.0,270.7,289.45,0,0.0,0,0,18-APR-2022,
OPTSTK,AXISBANK,28-Apr-2022,520.0,CE,0.0,0.0,0.0,261.2,279.45,0,0.0,0,0,18-APR-2022,
OPTSTK,AXISBANK,28-Apr-2022,530.0,CE,0.0,0.0,0.0,251.75,269.45,0,0.0,0,0,18-APR-2022,
OPTSTK,AXISBANK,28-Apr-2022,540.0,CE,0.0,0.0,0.0,242.45,259.5,0,0.0,0,0,18-APR-2022,
OPTSTK,AXISBANK,28-Apr-2022,550.0,CE,0.0,0.0,0.0,233.2,249.5,0,0.0,0,0,18-APR-2022,
OPTSTK,AXISBANK,28-Apr-2022,560.0,CE,0.0,0.0,0.0,224.05,239.5,0,0.0,0,0,18-APR-2022,
OPTSTK,AXISBANK,28-Apr-2022,570.0,CE,0.0,0.0,0.0,215.05,229.5,0,0.0,0,0,18-APR-2022,
OPTSTK,AXISBANK,28-Apr-2022,580.0,CE,0.0,0.0,0.0,206.2,219.5,0,0.0,0,0,18-APR-2022,
OPTSTK,AXISBANK,28-Apr-2022,590.0,CE,0.0,0.0,0.0,197.45,209.55,0,0.0,0,0,18-APR-2022,
OPTSTK,AXISBANK,28-Apr-2022,600.0,CE,0.0,0.0,0.0,188.9,199.55,0,0.0,0,0,18-APR-2022,
OPTSTK,AXISBANK,28-Apr-2022,610.0,CE,0.0,0.0,0.0,180.5,189.55,0,0.0,0,0,18-APR-2022,
OPTSTK,AXISBANK,28-Apr-2022,620.0,CE,0.0,0.0,0.0,172.25,179.55,0,0.0,0,0,18-APR-2022,
OPTSTK,AXISBANK,28-Apr-2022,630.0,CE,0.0,0.0,0.0,164.2,169.6,0,0.0,0,0,18-APR-2022,
OPTSTK,AXISBANK,28-Apr-2022,640.0,CE,0.0,0.0,0.0,156.35,159.6,0,0.0,0,0,18-APR-2022,
OPTSTK,AXISBANK,28-Apr-2022,650.0,CE,0.0,0.0,0.0,149.9,149.65,0,0.0,3600,0,18-APR-2022,
OPTSTK,AXISBANK,28-Apr-2022,660.0,CE,0.0,0.0,0.0,115.8,139.7,0,0.0,9600,0,18-APR-2022,
OPTSTK,AXISBANK,28-Apr-2022,670.0,CE,0.0,0.0,0.0,115.0,129.75,0,0.0,3600,0,18-APR-2022,
OPTSTK,AXISBANK,28-Apr-2022,680.0,CE,0.0,0.0,0.0,120.0,119.85,0,0.0,7200,0,18-APR-2022,
OPTSTK,AXISBANK,28-Apr-2022,690.0,CE,0.0,0.0,0.0,66.45,110.05,0,0.0,3600,0,18-APR-2022,
OPTSTK,AXISBANK,28-Apr-2022,700.0,CE,85.35,103.2,84.5,103.2,103.2,14,132.61,100800,-3600,18-APR-2022,
OPTSTK,AXISBANK,28-Apr-2022,710.0,CE,73.75,77.9,73.7,77.9,90.8,3,28.26,39600,-1200,18-APR-2022,
OPTSTK,AXISBANK,28-Apr-2022,720.0,CE,70.75,85.0,67.05,84.3,84.3,4,38.23,75600,-2400,18-APR-2022,
OPTSTK,AXISBANK,28-Apr-2022,730.0,CE,57.0,69.1,53.0,69.1,69.1,12,113.61,122400,1200,18-APR-2022,
OPTSTK,AXISBANK,28-Apr-2022,740.0,CE,47.15,65.0,47.15,61.35,61.35,117,1123.01,253200,-76800,18-APR-2022,
OPTSTK,AXISBANK,28-Apr-2022,750.0,CE,39.05,57.0,37.8,54.25,54.25,79,754.02,256800,2400,18-APR-2022,
OPTSTK,AXISBANK,28-Apr-2022,760.0,CE,30.35,47.75,28.0,45.4,45.4,290,2769.38,402000,-152400,18-APR-2022,
OPTSTK,AXISBANK,28-Apr-2022,770.0,CE,22.4,38.05,20.7,36.05,36.05,443,4239.8,366000,-52800,18-APR-2022,
OPTSTK,AXISBANK,28-Apr-2022,780.0,CE,20.0,31.15,14.85,28.65,28.65,2858,27446.28,532800,52800,18-APR-2022,
OPTSTK,AXISBANK,28-Apr-2022,790.0,CE,15.1,23.8,10.2,21.55,21.55,3633,35123.16,1033200,43200,18-APR-2022,
OPTSTK,AXISBANK,28-Apr-2022,800.0,CE,9.85,17.45,7.0,16.05,16.05,8963,87329.15,4750800,-493200,18-APR-2022,
OPTSTK,AXISBANK,28-Apr-2022,810.0,CE,7.0,12.3,4.75,11.35,11.35,2888,28352.84,1124400,13200,18-APR-2022,
OPTSTK,AXISBANK,28-Apr-2022,820.0,CE,4.55,8.35,3.1,7.8,7.8,3048,30196.21,2672400,-45600,18-APR-2022,
OPTSTK,AXISBANK,28-Apr-2022,830.0,CE,3.6,5.75,2.3,5.3,5.3,1485,14855.76,720000,-55200,18-APR-2022,
OPTSTK,AXISBANK,28-Apr-2022,840.0,CE,2.3,4.0,1.8,3.6,3.6,1016,10272.44,597600,-60000,18-APR-2022,
OPTSTK,AXISBANK,28-Apr-2022,850.0,CE,2.55,2.8,1.35,2.55,2.55,1270,12981.28,1266000,-57600,18-APR-2022,
OPTSTK,AXISBANK,28-Apr-2022,860.0,CE,1.35,1.85,0.9,1.7,1.7,628,6490.25,1008000,8400,18-APR-2022,
OPTSTK,AXISBANK,28-Apr-2022,870.0,CE,1.15,1.35,0.7,1.15,1.15,549,5737.49,402000,66000,18-APR-2022,
OPTSTK,AXISBANK,28-Apr-2022,880.0,CE,1.05,1.05,0.6,0.9,0.9,315,3329.23,308400,-46800,18-APR-2022,
OPTSTK,AXISBANK,28-Apr-2022,890.0,CE,0.6,0.8,0.5,0.75,0.75,213,2276.55,198000,7200,18-APR-2022,
OPTSTK,AXISBANK,28-Apr-2022,900.0,CE,1.0,1.0,0.5,0.7,0.7,445,4809.35,1018800,7200,18-APR-2022,
OPTSTK,AXISBANK,28-Apr-2022,910.0,CE,0.5,0.75,0.4,0.6,0.6,88,961.55,57600,-9600,18-APR-2022,
OPTSTK,AXISBANK,28-Apr-2022,920.0,CE,0.55,0.65,0.4,0.6,0.6,161,1778.38,87600,-13200,18-APR-2022,
OPTSTK,AXISBANK,28-Apr-2022,930.0,CE,0.0,0.0,0.0,23.75,0.45,0,0.0,0,0,18-APR-2022,
OPTSTK,AXISBANK,28-Apr-2022,940.0,CE,0.45,0.55,0.3,0.45,0.45,74,835.09,36000,-1200,18-APR-2022,
OPTSTK,AXISBANK,28-Apr-2022,950.0,CE,0.7,0.7,0.35,0.45,0.45,151,1722.18,184800,8400,18-APR-2022,
OPTSTK,AXISBANK,28-Apr-2022,960.0,CE,0.35,0.5,0.15,0.5,0.5,56,645.36,73200,18000,18-APR-2022,
OPTSTK,AXISBANK,28-Apr-2022,970.0,CE,0.3,0.45,0.25,0.4,0.4,48,558.91,68400,-1200,18-APR-2022,
OPTSTK,AXISBANK,28-Apr-2022,490.0,PE,0.0,0.0,0.0,0.3,0.0,0,0.0,19200,0,18-APR-2022,
OPTSTK,AXISBANK,28-Apr-2022,500.0,PE,0.0,0.0,0.0,0.2,0.0,0,0.0,2400,0,18-APR-2022,
OPTSTK,AXISBANK,28-Apr-2022,510.0,PE,0.0,0.0,0.0,1.5,0.0,0,0.0,0,0,18-APR-2022,
OPTSTK,AXISBANK,28-Apr-2022,520.0,PE,0.0,0.0,0.0,1.9,0.0,0,0.0,0,0,18-APR-2022,
OPTSTK,AXISBANK,28-Apr-2022,530.0,PE,0.0,0.0,0.0,2.4,0.0,0,0.0,0,0,18-APR-2022,
OPTSTK,AXISBANK,28-Apr-2022,540.0,PE,0.0,0.0,0.0,2.95,0.0,0,0.0,0,0,18-APR-2022,
OPTSTK,AXISBANK,28-Apr-2022,550.0,PE,0.0,0.0,0.0,0.3,0.0,0,0.0,9600,0,18-APR-2022,
OPTSTK,AXISBANK,28-Apr-2022,560.0,PE,0.0,0.0,0.0,4.4,0.0,0,0.0,0,0,18-APR-2022,
OPTSTK,AXISBANK,28-Apr-2022,570.0,PE,0.0,0.0,0.0,5.3,0.0,0,0.0,0,0,18-APR-2022,
OPTSTK,AXISBANK,28-Apr-2022,580.0,PE,0.25,0.25,0.25,0.25,0.0,1,6.96,10800,-1200,18-APR-2022,
OPTSTK,AXISBANK,28-Apr-2022,590.0,PE,0.0,0.0,0.0,0.5,0.0,0,0.0,0,0,18-APR-2022,
OPTSTK,AXISBANK,28-Apr-2022,600.0,PE,0.3,0.35,0.2,0.3,0.3,143,1030.07,268800,-20400,18-APR-2022,
OPTSTK,AXISBANK,28-Apr-2022,610.0,PE,0.0,0.0,0.0,0.3,0.0,0,0.0,12000,0,18-APR-2022,
OPTSTK,AXISBANK,28-Apr-2022,620.0,PE,0.25,0.25,0.25,0.25,0.0,2,14.88,51600,-2400,18-APR-2022,
OPTSTK,AXISBANK,28-Apr-2022,630.0,PE,0.0,0.0,0.0,0.45,0.05,0,0.0,12000,0,18-APR-2022,
OPTSTK,AXISBANK,28-Apr-2022,640.0,PE,0.4,0.4,0.4,0.4,0.4,10,76.84,46800,-9600,18-APR-2022,
OPTSTK,AXISBANK,28-Apr-2022,650.0,PE,0.6,0.6,0.3,0.4,0.4,183,1428.21,280800,-16800,18-APR-2022,
OPTSTK,AXISBANK,28-Apr-2022,660.0,PE,0.45,0.6,0.45,0.55,0.55,60,475.54,181200,16800,18-APR-2022,
OPTSTK,AXISBANK,28-Apr-2022,670.0,PE,0.55,0.65,0.45,0.6,0.6,121,973.67,228000,-49200,18-APR-2022,
OPTSTK,AXISBANK,28-Apr-2022,680.0,PE,0.9,0.9,0.5,0.75,0.75,133,1086.31,490800,-26400,18-APR-2022,
OPTSTK,AXISBANK,28-Apr-2022,690.0,PE,0.9,1.0,0.55,0.9,0.9,92,762.66,405600,-1200,18-APR-2022,
OPTSTK,AXISBANK,28-Apr-2022,700.0,PE,1.3,1.75,0.75,1.1,1.1,1292,10869.93,1156800,-243600,18-APR-2022,
OPTSTK,AXISBANK,28-Apr-2022,710.0,PE,1.95,1.95,1.0,1.5,1.5,415,3542.89,422400,-18000,18-APR-2022,
OPTSTK,AXISBANK,28-Apr-2022,720.0,PE,2.15,2.6,1.3,1.8,1.8,726,6288.85,512400,-31200,18-APR-2022,
OPTSTK,AXISBANK,28-Apr-2022,730.0,PE,4.05,4.05,1.8,2.35,2.35,914,8035.98,499200,-93600,18-APR-2022,
OPTSTK,AXISBANK,28-Apr-2022,740.0,PE,4.55,4.55,2.45,3.05,3.05,1009,9000.91,1116000,26400,18-APR-2022,
OPTSTK,AXISBANK,28-Apr-2022,750.0,PE,6.25,6.25,3.3,3.8,3.8,1689,15296.02,1308000,34800,18-APR-2022,
OPTSTK,AXISBANK,28-Apr-2022,760.0,PE,9.0,9.0,4.3,4.8,4.8,2164,19895.43,997200,22800,18-APR-2022,
OPTSTK,AXISBANK,28-Apr-2022,770.0,PE,10.95,11.25,5.5,6.2,6.2,2298,21465.52,750000,56400,18-APR-2022,
OPTSTK,AXISBANK,28-Apr-2022,780.0,PE,13.0,15.65,7.3,8.3,8.3,3491,33164.87,1030800,259200,18-APR-2022,
OPTSTK,AXISBANK,28-Apr-2022,790.0,PE,17.7,21.0,10.1,11.5,11.5,2211,21365.17,492000,20400,18-APR-2022,
OPTSTK,AXISBANK,28-Apr-2022,800.0,PE,25.0,27.7,13.55,15.45,15.45,1066,10485.74,685200,-58800,18-APR-2022,
OPTSTK,AXISBANK,28-Apr-2022,810.0,PE,33.3,35.7,18.65,20.5,20.5,147,1474.67,92400,-2400,18-APR-2022,
OPTSTK,AXISBANK,28-Apr-2022,820.0,PE,41.8,43.6,25.5,27.3,27.3,61,625.81,80400,-10800,18-APR-2022,
OPTSTK,AXISBANK,28-Apr-2022,830.0,PE,49.25,49.25,33.8,36.65,36.65,18,188.36,34800,4800,18-APR-2022,
OPTSTK,AXISBANK,28-Apr-2022,840.0,PE,59.3,59.3,40.9,42.55,42.55,11,117.44,12000,2400,18-APR-2022,
OPTSTK,AXISBANK,28-Apr-2022,850.0,PE,65.0,67.25,48.8,50.9,50.9,16,173.85,81600,-2400,18-APR-2022,
OPTSTK,AXISBANK,28-Apr-2022,860.0,PE,0.0,0.0,0.0,117.4,65.15,0,0.0,0,0,18-APR-2022,
OPTSTK,AXISBANK,28-Apr-2022,870.0,PE,0.0,0.0,0.0,76.75,73.85,0,0.0,2400,0,18-APR-2022,
OPTSTK,AXISBANK,28-Apr-2022,880.0,PE,0.0,0.0,0.0,131.65,82.8,0,0.0,0,0,18-APR-2022,
OPTSTK,AXISBANK,28-Apr-2022,890.0,PE,0.0,0.0,0.0,139.1,92.05,0,0.0,0,0,18-APR-2022,
OPTSTK,AXISBANK,28-Apr-2022,900.0,PE,99.0,99.0,99.0,99.0,99.0,1,11.98,292800,-1200,18-APR-2022,
OPTSTK,AXISBANK,28-Apr-2022,910.0,PE,0.0,0.0,0.0,154.35,111.05,0,0.0,0,0,18-APR-2022,
OPTSTK,AXISBANK,28-Apr-2022,920.0,PE,0.0,0.0,0.0,162.2,120.75,0,0.0,0,0,18-APR-2022,
OPTSTK,AXISBANK,28-Apr-2022,930.0,PE,0.0,0.0,0.0,170.2,130.55,0,0.0,0,0,18-APR-2022,
OPTSTK,AXISBANK,28-Apr-2022,940.0,PE,0.0,0.0,0.0,178.25,140.4,0,0.0,0,0,18-APR-2022,
OPTSTK,AXISBANK,28-Apr-2022,950.0,PE,0.0,0.0,0.0,186.5,150.3,0,0.0,0,0,18-APR-2022,
OPTSTK,AXISBANK,28-Apr-2022,960.0,PE,0.0,0.0,0.0,194.85,160.2,0,0.0,0,0,18-APR-2022,
OPTSTK,AXISBANK,28-Apr-2022,970.0,PE,0.0,0.0,0.0,203.25,170.15,0,0.0,0,0,18-APR-2022,
OPTSTK,AXISBANK,26-May-2022,490.0,CE,0.0,0.0,0.0,246.95,311.05,0,0.0,0,0,18-APR-2022,
OPTSTK,AXISBANK,26-May-2022,500.0,CE,0.0,0.0,0.0,237.5,301.1,0,0.0,0,0,18-APR-2022,
OPTSTK,AXISBANK,26-May-2022,510.0,CE,0.0,0.0,0.0,228.1,291.15,0,0.0,0,0,18-APR-2022,
OPTSTK,AXISBANK,26-May-2022,520.0,CE,0.0,0.0,0.0,218.8,281.2,0,0.0,0,0,18-APR-2022,
OPTSTK,AXISBANK,26-May-2022,530.0,CE,0.0,0.0,0.0,209.65,271.25,0,0.0,0,0,18-APR-2022,
OPTSTK,AXISBANK,26-May-2022,540.0,CE,0.0,0.0,0.0,200.6,261.3,0,0.0,0,0,18-APR-2022,
OPTSTK,AXISBANK,26-May-2022,550.0,CE,0.0,0.0,0.0,191.7,251.4,0,0.0,0,0,18-APR-2022,
OPTSTK,AXISBANK,26-May-2022,560.0,CE,0.0,0.0,0.0,182.95,241.5,0,0.0,0,0,18-APR-2022,
OPTSTK,AXISBANK,26-May-2022,570.0,CE,0.0,0.0,0.0,174.35,231.6,0,0.0,0,0,18-APR-2022,
OPTSTK,AXISBANK,26-May-2022,580.0,CE,0.0,0.0,0.0,165.95,221.8,0,0.0,0,0,18-APR-2022,
OPTSTK,AXISBANK,26-May-2022,590.0,CE,0.0,0.0,0.0,157.75,211.95,0,0.0,0,0,18-APR-2022,
OPTSTK,AXISBANK,26-May-2022,600.0,CE,0.0,0.0,0.0,149.7,202.2,0,0.0,0,0,18-APR-2022,
OPTSTK,AXISBANK,26-May-2022,610.0,CE,0.0,0.0,0.0,141.9,192.55,0,0.0,0,0,18-APR-2022,
OPTSTK,AXISBANK,26-May-2022,620.0,CE,0.0,0.0,0.0,134.3,182.9,0,0.0,0,0,18-APR-2022,
OPTSTK,AXISBANK,26-May-2022,630.0,CE,0.0,0.0,0.0,127.0,173.4,0,0.0,0,0,18-APR-2022,
OPTSTK,AXISBANK,26-May-2022,640.0,CE,0.0,0.0,0.0,119.85,164.0,0,0.0,0,0,18-APR-2022,
OPTSTK,AXISBANK,26-May-2022,650.0,CE,0.0,0.0,0.0,113.0,154.75,0,0.0,0,0,18-APR-2022,
OPTSTK,AXISBANK,26-May-2022,660.0,CE,0.0,0.0,0.0,106.3,145.65,0,0.0,0,0,18-APR-2022,
OPTSTK,AXISBANK,26-May-2022,670.0,CE,0.0,0.0,0.0,99.95,136.7,0,0.0,0,0,18-APR-2022,
OPTSTK,AXISBANK,26-May-2022,680.0,CE,0.0,0.0,0.0,93.85,128.0,0,0.0,0,0,18-APR-2022,
OPTSTK,AXISBANK,26-May-2022,690.0,CE,0.0,0.0,0.0,87.95,119.5,0,0.0,0,0,18-APR-2022,
OPTSTK,AXISBANK,26-May-2022,700.0,CE,0.0,0.0,0.0,82.35,111.25,0,0.0,0,0,18-APR-2022,
OPTSTK,AXISBANK,26-May-2022,710.0,CE,0.0,0.0,0.0,77.0,103.25,0,0.0,0,0,18-APR-2022,
OPTSTK,AXISBANK,26-May-2022,720.0,CE,0.0,0.0,0.0,71.95,95.6,0,0.0,0,0,18-APR-2022,
OPTSTK,AXISBANK,26-May-2022,730.0,CE,0.0,0.0,0.0,67.1,88.2,0,0.0,0,0,18-APR-2022,
OPTSTK,AXISBANK,26-May-2022,740.0,CE,0.0,0.0,0.0,43.15,81.1,0,0.0,0,0,18-APR-2022,
OPTSTK,AXISBANK,26-May-2022,750.0,CE,61.4,63.0,56.15,61.5,74.4,10,97.11,18000,4800,18-APR-2022,
OPTSTK,AXISBANK,26-May-2022,760.0,CE,0.0,0.0,0.0,54.05,68.0,0,0.0,0,0,18-APR-2022,
OPTSTK,AXISBANK,26-May-2022,770.0,CE,0.0,0.0,0.0,50.15,61.95,0,0.0,0,0,18-APR-2022,
OPTSTK,AXISBANK,26-May-2022,780.0,CE,40.3,48.95,40.3,48.95,48.95,6,59.31,28800,1200,18-APR-2022,
OPTSTK,AXISBANK,26-May-2022,790.0,CE,36.6,42.0,33.9,41.25,41.25,17,169.0,54000,-3600,18-APR-2022,
OPTSTK,AXISBANK,26-May-2022,800.0,CE,30.0,38.95,27.7,37.7,37.7,184,1839.18,259200,31200,18-APR-2022,
OPTSTK,AXISBANK,26-May-2022,810.0,CE,26.5,34.65,26.5,33.75,33.75,6,60.51,15600,0,18-APR-2022,
OPTSTK,AXISBANK,26-May-2022,820.0,CE,27.0,29.55,21.85,28.45,28.45,32,324.71,45600,18000,18-APR-2022,
OPTSTK,AXISBANK,26-May-2022,830.0,CE,0.0,0.0,0.0,31.3,33.2,0,0.0,0,0,18-APR-2022,
OPTSTK,AXISBANK,26-May-2022,840.0,CE,17.9,17.9,17.9,17.9,29.6,1,10.29,4800,1200,18-APR-2022,
OPTSTK,AXISBANK,26-May-2022,850.0,CE,15.0,25.65,12.95,18.1,18.1,284,2948.66,240000,130800,18-APR-2022,
OPTSTK,AXISBANK,26-May-2022,860.0,CE,12.4,14.0,12.4,14.0,23.3,2,20.95,4800,0,18-APR-2022,
OPTSTK,AXISBANK,26-May-2022,870.0,CE,0.0,0.0,0.0,22.45,20.6,0,0.0,0,0,18-APR-2022,
OPTSTK,AXISBANK,26-May-2022,880.0,CE,0.0,0.0,0.0,20.6,18.2,0,0.0,0,0,18-APR-2022,
OPTSTK,AXISBANK,26-May-2022,890.0,CE,0.0,0.0,0.0,18.9,15.95,0,0.0,0,0,18-APR-2022,
OPTSTK,AXISBANK,26-May-2022,900.0,CE,6.65,8.0,6.6,7.55,7.55,68,740.3,67200,-7200,18-APR-2022,
OPTSTK,AXISBANK,26-May-2022,910.0,CE,0.0,0.0,0.0,15.85,12.2,0,0.0,0,0,18-APR-2022,
OPTSTK,AXISBANK,26-May-2022,920.0,CE,0.0,0.0,0.0,5.5,10.65,0,0.0,2400,0,18-APR-2022,
OPTSTK,AXISBANK,26-May-2022,930.0,CE,0.0,0.0,0.0,13.25,9.25,0,0.0,0,0,18-APR-2022,
OPTSTK,AXISBANK,26-May-2022,940.0,CE,0.0,0.0,0.0,12.1,8.0,0,0.0,0,0,18-APR-2022,
OPTSTK,AXISBANK,26-May-2022,950.0,CE,4.0,4.0,4.0,4.0,4.0,1,11.44,3600,1200,18-APR-2022,
OPTSTK,AXISBANK,26-May-2022,960.0,CE,0.0,0.0,0.0,10.05,5.95,0,0.0,0,0,18-APR-2022,
OPTSTK,AXISBANK,26-May-2022,970.0,CE,0.0,0.0,0.0,9.15,5.15,0,0.0,0,0,18-APR-2022,
OPTSTK,AXISBANK,26-May-2022,490.0,PE,0.0,0.0,0.0,1.55,0.05,0,0.0,0,0,18-APR-2022,
OPTSTK,AXISBANK,26-May-2022,500.0,PE,0.0,0.0,0.0,1.95,0.05,0,0.0,0,0,18-APR-2022,
OPTSTK,AXISBANK,26-May-2022,510.0,PE,0.0,0.0,0.0,2.45,0.05,0,0.0,0,0,18-APR-2022,
OPTSTK,AXISBANK,26-May-2022,520.0,PE,0.0,0.0,0.0,3.1,0.05,0,0.0,0,0,18-APR-2022,
OPTSTK,AXISBANK,26-May-2022,530.0,PE,0.0,0.0,0.0,3.8,0.05,0,0.0,0,0,18-APR-2022,
OPTSTK,AXISBANK,26-May-2022,540.0,PE,0.0,0.0,0.0,4.65,0.1,0,0.0,0,0,18-APR-2022,
OPTSTK,AXISBANK,26-May-2022,550.0,PE,0.0,0.0,0.0,5.65,0.15,0,0.0,0,0,18-APR-2022,
OPTSTK,AXISBANK,26-May-2022,560.0,PE,0.0,0.0,0.0,6.8,0.2,0,0.0,0,0,18-APR-2022,
OPTSTK,AXISBANK,26-May-2022,570.0,PE,0.0,0.0,0.0,8.1,0.25,0,0.0,0,0,18-APR-2022,
OPTSTK,AXISBANK,26-May-2022,580.0,PE,0.0,0.0,0.0,9.6,0.35,0,0.0,0,0,18-APR-2022,
OPTSTK,AXISBANK,26-May-2022,590.0,PE,0.0,0.0,0.0,11.25,0.5,0,0.0,0,0,18-APR-2022,
OPTSTK,AXISBANK,26-May-2022,600.0,PE,1.25,1.5,1.25,1.5,0.7,2,14.43,32400,-1200,18-APR-2022,
OPTSTK,AXISBANK,26-May-2022,610.0,PE,0.0,0.0,0.0,15.2,1.0,0,0.0,0,0,18-APR-2022,
OPTSTK,AXISBANK,26-May-2022,620.0,PE,0.0,0.0,0.0,17.55,1.35,0,0.0,0,0,18-APR-2022,
OPTSTK,AXISBANK,26-May-2022,630.0,PE,0.0,0.0,0.0,20.1,1.75,0,0.0,0,0,18-APR-2022,
OPTSTK,AXISBANK,26-May-2022,640.0,PE,0.0,0.0,0.0,22.85,2.35,0,0.0,0,0,18-APR-2022,
OPTSTK,AXISBANK,26-May-2022,650.0,PE,3.2,3.3,3.0,3.0,3.05,3,23.51,12000,1200,18-APR-2022,
OPTSTK,AXISBANK,26-May-2022,660.0,PE,0.0,0.0,0.0,29.1,3.9,0,0.0,0,0,18-APR-2022,
OPTSTK,AXISBANK,26-May-2022,670.0,PE,0.0,0.0,0.0,32.65,4.9,0,0.0,0,0,18-APR-2022,
OPTSTK,AXISBANK,26-May-2022,680.0,PE,0.0,0.0,0.0,12.9,6.15,0,0.0,2400,0,18-APR-2022,
OPTSTK,AXISBANK,26-May-2022,690.0,PE,0.0,0.0,0.0,40.45,7.6,0,0.0,0,0,18-APR-2022,
OPTSTK,AXISBANK,26-May-2022,700.0,PE,7.95,8.5,6.0,6.25,6.25,32,271.68,68400,10800,18-APR-2022,
OPTSTK,AXISBANK,26-May-2022,710.0,PE,0.0,0.0,0.0,49.3,11.3,0,0.0,0,0,18-APR-2022,
OPTSTK,AXISBANK,26-May-2022,720.0,PE,0.0,0.0,0.0,54.1,13.55,0,0.0,0,0,18-APR-2022,
OPTSTK,AXISBANK,26-May-2022,730.0,PE,0.0,0.0,0.0,59.15,16.15,0,0.0,0,0,18-APR-2022,
OPTSTK,AXISBANK,26-May-2022,740.0,PE,0.0,0.0,0.0,64.45,19.0,0,0.0,0,0,18-APR-2022,
OPTSTK,AXISBANK,26-May-2022,750.0,PE,18.4,22.85,14.2,14.6,14.6,81,746.23,141600,21600,18-APR-2022,
OPTSTK,AXISBANK,26-May-2022,760.0,PE,20.1,21.65,20.1,21.65,25.8,5,46.85,8400,4800,18-APR-2022,
OPTSTK,AXISBANK,26-May-2022,770.0,PE,27.1,27.1,27.1,27.1,29.7,1,9.56,26400,1200,18-APR-2022,
OPTSTK,AXISBANK,26-May-2022,780.0,PE,31.5,33.0,24.0,25.55,25.55,28,271.5,30000,10800,18-APR-2022,
OPTSTK,AXISBANK,26-May-2022,790.0,PE,35.45,35.45,28.0,28.0,28.0,3,29.62,6000,-1200,18-APR-2022,
OPTSTK,AXISBANK,26-May-2022,800.0,PE,41.2,43.2,32.5,33.7,33.7,50,501.42,55200,1200,18-APR-2022,
OPTSTK,AXISBANK,26-May-2022,810.0,PE,0.0,0.0,0.0,108.0,49.0,0,0.0,0,0,18-APR-2022,
OPTSTK,AXISBANK,26-May-2022,820.0,PE,0.0,0.0,0.0,115.1,54.65,0,0.0,0,0,18-APR-2022,
OPTSTK,AXISBANK,26-May-2022,830.0,PE,0.0,0.0,0.0,122.35,60.7,0,0.0,0,0,18-APR-2022,
OPTSTK,AXISBANK,26-May-2022,840.0,PE,0.0,0.0,0.0,129.8,67.05,0,0.0,0,0,18-APR-2022,
OPTSTK,AXISBANK,26-May-2022,850.0,PE,0.0,0.0,0.0,137.4,73.7,0,0.0,0,0,18-APR-2022,
OPTSTK,AXISBANK,26-May-2022,860.0,PE,0.0,0.0,0.0,83.85,80.65,0,0.0,0,0,18-APR-2022,
OPTSTK,AXISBANK,26-May-2022,870.0,PE,0.0,0.0,0.0,153.05,87.9,0,0.0,0,0,18-APR-2022,
OPTSTK,AXISBANK,26-May-2022,880.0,PE,0.0,0.0,0.0,161.1,95.45,0,0.0,0,0,18-APR-2022,
OPTSTK,AXISBANK,26-May-2022,890.0,PE,0.0,0.0,0.0,169.25,103.2,0,0.0,0,0,18-APR-2022,
OPTSTK,AXISBANK,26-May-2022,900.0,PE,0.0,0.0,0.0,177.6,111.15,0,0.0,0,0,18-APR-2022,
OPTSTK,AXISBANK,26-May-2022,910.0,PE,0.0,0.0,0.0,186.0,119.35,0,0.0,0,0,18-APR-2022,
OPTSTK,AXISBANK,26-May-2022,920.0,PE,0.0,0.0,0.0,194.55,127.7,0,0.0,0,0,18-APR-2022,
OPTSTK,AXISBANK,26-May-2022,930.0,PE,0.0,0.0,0.0,203.2,136.3,0,0.0,0,0,18-APR-2022,
OPTSTK,AXISBANK,26-May-2022,940.0,PE,0.0,0.0,0.0,211.95,145.0,0,0.0,0,0,18-APR-2022,
OPTSTK,AXISBANK,26-May-2022,950.0,PE,0.0,0.0,0.0,220.8,153.9,0,0.0,0,0,18-APR-2022,
OPTSTK,AXISBANK,26-May-2022,960.0,PE,0.0,0.0,0.0,229.7,162.9,0,0.0,0,0,18-APR-2022,
OPTSTK,AXISBANK,26-May-2022,970.0,PE,0.0,0.0,0.0,238.7,172.0,0,0.0,0,0,18-APR-2022,
OPTSTK,AXISBANK,30-Jun-2022,490.0,CE,0.0,0.0,0.0,277.4,313.25,0,0.0,0,0,18-APR-2022,
OPTSTK,AXISBANK,30-Jun-2022,500.0,CE,0.0,0.0,0.0,267.8,303.4,0,0.0,0,0,18-APR-2022,
OPTSTK,AXISBANK,30-Jun-2022,510.0,CE,0.0,0.0,0.0,258.25,293.6,0,0.0,0,0,18-APR-2022,
OPTSTK,AXISBANK,30-Jun-2022,520.0,CE,0.0,0.0,0.0,248.8,283.8,0,0.0,0,0,18-APR-2022,
OPTSTK,AXISBANK,30-Jun-2022,530.0,CE,0.0,0.0,0.0,239.45,274.1,0,0.0,0,0,18-APR-2022,
OPTSTK,AXISBANK,30-Jun-2022,540.0,CE,0.0,0.0,0.0,230.2,264.4,0,0.0,0,0,18-APR-2022,
OPTSTK,AXISBANK,30-Jun-2022,550.0,CE,0.0,0.0,0.0,221.05,254.75,0,0.0,0,0,18-APR-2022,
OPTSTK,AXISBANK,30-Jun-2022,560.0,CE,0.0,0.0,0.0,212.0,245.2,0,0.0,0,0,18-APR-2022,
OPTSTK,AXISBANK,30-Jun-2022,570.0,CE,0.0,0.0,0.0,203.1,235.7,0,0.0,0,0,18-APR-2022,
OPTSTK,AXISBANK,30-Jun-2022,580.0,CE,0.0,0.0,0.0,194.35,226.3,0,0.0,0,0,18-APR-2022,
OPTSTK,AXISBANK,30-Jun-2022,590.0,CE,0.0,0.0,0.0,185.8,217.0,0,0.0,0,0,18-APR-2022,
OPTSTK,AXISBANK,30-Jun-2022,600.0,CE,0.0,0.0,0.0,177.35,207.8,0,0.0,0,0,18-APR-2022,
OPTSTK,AXISBANK,30-Jun-2022,610.0,CE,0.0,0.0,0.0,169.1,198.75,0,0.0,0,0,18-APR-2022,
OPTSTK,AXISBANK,30-Jun-2022,620.0,CE,0.0,0.0,0.0,161.05,189.8,0,0.0,0,0,18-APR-2022,
OPTSTK,AXISBANK,30-Jun-2022,630.0,CE,0.0,0.0,0.0,153.15,181.05,0,0.0,0,0,18-APR-2022,
OPTSTK,AXISBANK,30-Jun-2022,640.0,CE,0.0,0.0,0.0,145.5,172.45,0,0.0,0,0,18-APR-2022,
OPTSTK,AXISBANK,30-Jun-2022,650.0,CE,0.0,0.0,0.0,138.1,164.0,0,0.0,0,0,18-APR-2022,
OPTSTK,AXISBANK,30-Jun-2022,660.0,CE,0.0,0.0,0.0,130.85,155.75,0,0.0,0,0,18-APR-2022,
OPTSTK,AXISBANK,30-Jun-2022,670.0,CE,0.0,0.0,0.0,123.85,147.7,0,0.0,0,0,18-APR-2022,
OPTSTK,AXISBANK,30-Jun-2022,680.0,CE,0.0,0.0,0.0,117.1,139.85,0,0.0,0,0,18-APR-2022,
OPTSTK,AXISBANK,30-Jun-2022,690.0,CE,0.0,0.0,0.0,110.55,132.25,0,0.0,0,0,18-APR-2022,
OPTSTK,AXISBANK,30-Jun-2022,700.0,CE,0.0,0.0,0.0,104.25,124.85,0,0.0,0,0,18-APR-2022,
OPTSTK,AXISBANK,30-Jun-2022,710.0,CE,0.0,0.0,0.0,98.2,117.7,0,0.0,0,0,18-APR-2022,
OPTSTK,AXISBANK,30-Jun-2022,720.0,CE,0.0,0.0,0.0,92.4,110.8,0,0.0,0,0,18-APR-2022,
OPTSTK,AXISBANK,30-Jun-2022,730.0,CE,0.0,0.0,0.0,86.85,104.1,0,0.0,0,0,18-APR-2022,
OPTSTK,AXISBANK,30-Jun-2022,740.0,CE,0.0,0.0,0.0,81.5,97.7,0,0.0,0,0,18-APR-2022,
OPTSTK,AXISBANK,30-Jun-2022,750.0,CE,0.0,0.0,0.0,76.45,91.6,0,0.0,0,0,18-APR-2022,
OPTSTK,AXISBANK,30-Jun-2022,760.0,CE,0.0,0.0,0.0,71.6,85.7,0,0.0,0,0,18-APR-2022,
OPTSTK,AXISBANK,30-Jun-2022,770.0,CE,0.0,0.0,0.0,67.0,80.1,0,0.0,0,0,18-APR-2022,
OPTSTK,AXISBANK,30-Jun-2022,780.0,CE,0.0,0.0,0.0,62.6,74.7,0,0.0,0,0,18-APR-2022,
OPTSTK,AXISBANK,30-Jun-2022,790.0,CE,0.0,0.0,0.0,58.45,69.6,0,0.0,0,0,18-APR-2022,
OPTSTK,AXISBANK,30-Jun-2022,800.0,CE,0.0,0.0,0.0,54.5,64.8,0,0.0,0,0,18-APR-2022,
OPTSTK,AXISBANK,30-Jun-2022,810.0,CE,0.0,0.0,0.0,50.8,60.2,0,0.0,0,0,18-APR-2022,
OPTSTK,AXISBANK,30-Jun-2022,820.0,CE,0.0,0.0,0.0,47.3,55.85,0,0.0,0,0,18-APR-2022,
OPTSTK,AXISBANK,30-Jun-2022,830.0,CE,0.0,0.0,0.0,43.95,51.75,0,0.0,0,0,18-APR-2022,
OPTSTK,AXISBANK,30-Jun-2022,840.0,CE,0.0,0.0,0.0,40.85,47.9,0,0.0,0,0,18-APR-2022,
OPTSTK,AXISBANK,30-Jun-2022,850.0,CE,30.0,30.0,30.0,30.0,30.0,1,10.56,1200,1200,18-APR-2022,
OPTSTK,AXISBANK,30-Jun-2022,860.0,CE,0.0,0.0,0.0,35.15,40.85,0,0.0,0,0,18-APR-2022,
OPTSTK,AXISBANK,30-Jun-2022,870.0,CE,0.0,0.0,0.0,32.6,37.65,0,0.0,0,0,18-APR-2022,
OPTSTK,AXISBANK,30-Jun-2022,880.0,CE,0.0,0.0,0.0,30.2,34.65,0,0.0,0,0,18-APR-2022,
OPTSTK,AXISBANK,30-Jun-2022,890.0,CE,0.0,0.0,0.0,27.95,31.85,0,0.0,0,0,18-APR-2022,
OPTSTK,AXISBANK,30-Jun-2022,900.0,CE,0.0,0.0,0.0,25.8,29.3,0,0.0,0,0,18-APR-2022,
OPTSTK,AXISBANK,30-Jun-2022,910.0,CE,0.0,0.0,0.0,23.85,26.9,0,0.0,0,0,18-APR-2022,
OPTSTK,AXISBANK,30-Jun-2022,920.0,CE,0.0,0.0,0.0,22.0,24.65,0,0.0,0,0,18-APR-2022,
OPTSTK,AXISBANK,30-Jun-2022,930.0,CE,0.0,0.0,0.0,20.25,22.6,0,0.0,0,0,18-APR-2022,
OPTSTK,AXISBANK,30-Jun-2022,940.0,CE,0.0,0.0,0.0,18.65,20.6,0,0.0,0,0,18-APR-2022,
OPTSTK,AXISBANK,30-Jun-2022,950.0,CE,0.0,0.0,0.0,17.2,18.85,0,0.0,0,0,18-APR-2022,
OPTSTK,AXISBANK,30-Jun-2022,960.0,CE,0.0,0.0,0.0,15.8,17.2,0,0.0,0,0,18-APR-2022,
OPTSTK,AXISBANK,30-Jun-2022,970.0,CE,0.0,0.0,0.0,14.55,15.65,0,0.0,0,0,18-APR-2022,
OPTSTK,AXISBANK,30-Jun-2022,490.0,PE,0.0,0.0,0.0,1.1,0.25,0,0.0,0,0,18-APR-2022,
OPTSTK,AXISBANK,30-Jun-2022,500.0,PE,0.0,0.0,0.0,1.4,0.3,0,0.0,0,0,18-APR-2022,
OPTSTK,AXISBANK,30-Jun-2022,510.0,PE,0.0,0.0,0.0,1.75,0.4,0,0.0,0,0,18-APR-2022,
OPTSTK,AXISBANK,30-Jun-2022,520.0,PE,0.0,0.0,0.0,2.2,0.55,0,0.0,0,0,18-APR-2022,
OPTSTK,AXISBANK,30-Jun-2022,530.0,PE,0.0,0.0,0.0,2.75,0.75,0,0.0,0,0,18-APR-2022,
OPTSTK,AXISBANK,30-Jun-2022,540.0,PE,0.0,0.0,0.0,3.35,0.95,0,0.0,0,0,18-APR-2022,
OPTSTK,AXISBANK,30-Jun-2022,550.0,PE,0.0,0.0,0.0,4.1,1.25,0,0.0,0,0,18-APR-2022,
OPTSTK,AXISBANK,30-Jun-2022,560.0,PE,0.0,0.0,0.0,5.0,1.6,0,0.0,0,0,18-APR-2022,
OPTSTK,AXISBANK,30-Jun-2022,570.0,PE,0.0,0.0,0.0,6.0,2.05,0,0.0,0,0,18-APR-2022,
OPTSTK,AXISBANK,30-Jun-2022,580.0,PE,0.0,0.0,0.0,7.1,2.55,0,0.0,0,0,18-APR-2022,
OPTSTK,AXISBANK,30-Jun-2022,590.0,PE,0.0,0.0,0.0,8.4,3.15,0,0.0,0,0,18-APR-2022,
OPTSTK,AXISBANK,30-Jun-2022,600.0,PE,0.0,0.0,0.0,9.9,3.9,0,0.0,0,0,18-APR-2022,
OPTSTK,AXISBANK,30-Jun-2022,610.0,PE,0.0,0.0,0.0,11.55,4.75,0,0.0,0,0,18-APR-2022,
OPTSTK,AXISBANK,30-Jun-2022,620.0,PE,0.0,0.0,0.0,13.35,5.7,0,0.0,0,0,18-APR-2022,
OPTSTK,AXISBANK,30-Jun-2022,630.0,PE,0.0,0.0,0.0,15.4,6.85,0,0.0,0,0,18-APR-2022,
OPTSTK,AXISBANK,30-Jun-2022,640.0,PE,0.0,0.0,0.0,17.65,8.15,0,0.0,0,0,18-APR-2022,
OPTSTK,AXISBANK,30-Jun-2022,650.0,PE,0.0,0.0,0.0,20.1,9.65,0,0.0,0,0,18-APR-2022,
OPTSTK,AXISBANK,30-Jun-2022,660.0,PE,0.0,0.0,0.0,22.75,11.3,0,0.0,0,0,18-APR-2022,
OPTSTK,AXISBANK,30-Jun-2022,670.0,PE,0.0,0.0,0.0,25.65,13.15,0,0.0,0,0,18-APR-2022,
OPTSTK,AXISBANK,30-Jun-2022,680.0,PE,0.0,0.0,0.0,28.8,15.25,0,0.0,0,0,18-APR-2022,
OPTSTK,AXISBANK,30-Jun-2022,690.0,PE,0.0,0.0,0.0,32.1,17.55,0,0.0,0,0,18-APR-2022,
OPTSTK,AXISBANK,30-Jun-2022,700.0,PE,10.0,10.0,10.0,10.0,10.0,1,8.52,4800,0,18-APR-2022,
OPTSTK,AXISBANK,30-Jun-2022,710.0,PE,0.0,0.0,0.0,39.6,22.85,0,0.0,0,0,18-APR-2022,
OPTSTK,AXISBANK,30-Jun-2022,720.0,PE,0.0,0.0,0.0,43.7,25.85,0,0.0,0,0,18-APR-2022,
OPTSTK,AXISBANK,30-Jun-2022,730.0,PE,0.0,0.0,0.0,48.0,29.1,0,0.0,0,0,18-APR-2022,
OPTSTK,AXISBANK,30-Jun-2022,740.0,PE,0.0,0.0,0.0,52.6,32.6,0,0.0,0,0,18-APR-2022,
OPTSTK,AXISBANK,30-Jun-2022,750.0,PE,0.0,0.0,0.0,57.4,36.4,0,0.0,0,0,18-APR-2022,
OPTSTK,AXISBANK,30-Jun-2022,760.0,PE,0.0,0.0,0.0,62.45,40.4,0,0.0,0,0,18-APR-2022,
OPTSTK,AXISBANK,30-Jun-2022,770.0,PE,0.0,0.0,0.0,67.75,44.7,0,0.0,0,0,18-APR-2022,
OPTSTK,AXISBANK,30-Jun-2022,780.0,PE,0.0,0.0,0.0,73.25,49.25,0,0.0,0,0,18-APR-2022,
OPTSTK,AXISBANK,30-Jun-2022,790.0,PE,0.0,0.0,0.0,79.0,54.1,0,0.0,0,0,18-APR-2022,
OPTSTK,AXISBANK,30-Jun-2022,800.0,PE,0.0,0.0,0.0,84.95,59.15,0,0.0,0,0,18-APR-2022,
OPTSTK,AXISBANK,30-Jun-2022,810.0,PE,0.0,0.0,0.0,91.15,64.5,0,0.0,0,0,18-APR-2022,
OPTSTK,AXISBANK,30-Jun-2022,820.0,PE,0.0,0.0,0.0,97.5,70.05,0,0.0,0,0,18-APR-2022,
OPTSTK,AXISBANK,30-Jun-2022,830.0,PE,0.0,0.0,0.0,104.1,75.9,0,0.0,0,0,18-APR-2022,
OPTSTK,AXISBANK,30-Jun-2022,840.0,PE,0.0,0.0,0.0,110.85,81.95,0,0.0,0,0,18-APR-2022,
OPTSTK,AXISBANK,30-Jun-2022,850.0,PE,0.0,0.0,0.0,117.85,88.2,0,0.0,0,0,18-APR-2022,
OPTSTK,AXISBANK,30-Jun-2022,860.0,PE,0.0,0.0,0.0,124.95,94.7,0,0.0,0,0,18-APR-2022,
OPTSTK,AXISBANK,30-Jun-2022,870.0,PE,0.0,0.0,0.0,132.3,101.45,0,0.0,0,0,18-APR-2022,
OPTSTK,AXISBANK,30-Jun-2022,880.0,PE,0.0,0.0,0.0,139.8,108.35,0,0.0,0,0,18-APR-2022,
OPTSTK,AXISBANK,30-Jun-2022,890.0,PE,0.0,0.0,0.0,147.4,115.5,0,0.0,0,0,18-APR-2022,
OPTSTK,AXISBANK,30-Jun-2022,900.0,PE,0.0,0.0,0.0,155.2,122.85,0,0.0,0,0,18-APR-2022,
OPTSTK,AXISBANK,30-Jun-2022,910.0,PE,0.0,0.0,0.0,163.15,130.35,0,0.0,0,0,18-APR-2022,
OPTSTK,AXISBANK,30-Jun-2022,920.0,PE,0.0,0.0,0.0,171.15,138.0,0,0.0,0,0,18-APR-2022,
OPTSTK,AXISBANK,30-Jun-2022,930.0,PE,0.0,0.0,0.0,179.35,145.85,0,0.0,0,0,18-APR-2022,
OPTSTK,AXISBANK,30-Jun-2022,940.0,PE,0.0,0.0,0.0,187.65,153.8,0,0.0,0,0,18-APR-2022,
OPTSTK,AXISBANK,30-Jun-2022,950.0,PE,0.0,0.0,0.0,196.05,161.95,0,0.0,0,0,18-APR-2022,
OPTSTK,AXISBANK,30-Jun-2022,960.0,PE,0.0,0.0,0.0,204.55,170.2,0,0.0,0,0,18-APR-2022,
OPTSTK,AXISBANK,30-Jun-2022,970.0,PE,0.0,0.0,0.0,213.2,178.6,0,0.0,0,0,18-APR-2022,
OPTSTK,BAJAJ-AUTO,28-Apr-2022,2700.0,CE,0.0,0.0,0.0,1189.65,1017.5,0,0.0,250,0,18-APR-2022,
OPTSTK,BAJAJ-AUTO,28-Apr-2022,2720.0,CE,0.0,0.0,0.0,819.2,997.55,0,0.0,0,0,18-APR-2022,
OPTSTK,BAJAJ-AUTO,28-Apr-2022,2740.0,CE,0.0,0.0,0.0,800.6,977.55,0,0.0,0,0,18-APR-2022,
OPTSTK,BAJAJ-AUTO,28-Apr-2022,2750.0,CE,0.0,0.0,0.0,911.7,967.55,0,0.0,0,0,18-APR-2022,
OPTSTK,BAJAJ-AUTO,28-Apr-2022,2760.0,CE,0.0,0.0,0.0,782.1,957.6,0,0.0,0,0,18-APR-2022,
OPTSTK,BAJAJ-AUTO,28-Apr-2022,2780.0,CE,0.0,0.0,0.0,763.7,937.6,0,0.0,0,0,18-APR-2022,
OPTSTK,BAJAJ-AUTO,28-Apr-2022,2800.0,CE,0.0,0.0,0.0,745.45,917.6,0,0.0,0,0,18-APR-2022,
OPTSTK,BAJAJ-AUTO,28-Apr-2022,2820.0,CE,0.0,0.0,0.0,727.35,897.65,0,0.0,0,0,18-APR-2022,
OPTSTK,BAJAJ-AUTO,28-Apr-2022,2840.0,CE,0.0,0.0,0.0,709.35,877.65,0,0.0,0,0,18-APR-2022,
OPTSTK,BAJAJ-AUTO,28-Apr-2022,2850.0,CE,0.0,0.0,0.0,812.2,867.7,0,0.0,0,0,18-APR-2022,
OPTSTK,BAJAJ-AUTO,28-Apr-2022,2860.0,CE,0.0,0.0,0.0,691.55,857.7,0,0.0,0,0,18-APR-2022,
OPTSTK,BAJAJ-AUTO,28-Apr-2022,2880.0,CE,0.0,0.0,0.0,673.85,837.7,0,0.0,0,0,18-APR-2022,
OPTSTK,BAJAJ-AUTO,28-Apr-2022,2900.0,CE,0.0,0.0,0.0,656.35,817.75,0,0.0,0,0,18-APR-2022,
OPTSTK,BAJAJ-AUTO,28-Apr-2022,2920.0,CE,0.0,0.0,0.0,639.05,797.75,0,0.0,0,0,18-APR-2022,
OPTSTK,BAJAJ-AUTO,28-Apr-2022,2940.0,CE,0.0,0.0,0.0,621.85,777.8,0,0.0,0,0,18-APR-2022,
OPTSTK,BAJAJ-AUTO,28-Apr-2022,2950.0,CE,0.0,0.0,0.0,713.0,767.8,0,0.0,0,0,18-APR-2022,
OPTSTK,BAJAJ-AUTO,28-Apr-2022,2960.0,CE,0.0,0.0,0.0,604.9,757.8,0,0.0,0,0,18-APR-2022,
OPTSTK,BAJAJ-AUTO,28-Apr-2022,2980.0,CE,0.0,0.0,0.0,588.1,737.8,0,0.0,0,0,18-APR-2022,
OPTSTK,BAJAJ-AUTO,28-Apr-2022,3000.0,CE,0.0,0.0,0.0,440.0,717.85,0,0.0,250,0,18-APR-2022,
OPTSTK,BAJAJ-AUTO,28-Apr-2022,3020.0,CE,0.0,0.0,0.0,555.2,697.85,0,0.0,0,0,18-APR-2022,
OPTSTK,BAJAJ-AUTO,28-Apr-2022,3040.0,CE,0.0,0.0,0.0,539.05,677.9,0,0.0,0,0,18-APR-2022,
OPTSTK,BAJAJ-AUTO,28-Apr-2022,3050.0,CE,0.0,0.0,0.0,614.7,667.9,0,0.0,0,0,18-APR-2022,
OPTSTK,BAJAJ-AUTO,28-Apr-2022,3060.0,CE,0.0,0.0,0.0,523.1,657.9,0,0.0,0,0,18-APR-2022,
OPTSTK,BAJAJ-AUTO,28-Apr-2022,3080.0,CE,0.0,0.0,0.0,507.4,637.95,0,0.0,0,0,18-APR-2022,
OPTSTK,BAJAJ-AUTO,28-Apr-2022,3100.0,CE,0.0,0.0,0.0,491.95,617.95,0,0.0,0,0,18-APR-2022,
OPTSTK,BAJAJ-AUTO,28-Apr-2022,3120.0,CE,0.0,0.0,0.0,476.7,598.0,0,0.0,0,0,18-APR-2022,
OPTSTK,BAJAJ-AUTO,28-Apr-2022,3140.0,CE,0.0,0.0,0.0,461.75,578.05,0,0.0,0,0,18-APR-2022,
OPTSTK,BAJAJ-AUTO,28-Apr-2022,3150.0,CE,0.0,0.0,0.0,518.3,568.05,0,0.0,0,0,18-APR-2022,
OPTSTK,BAJAJ-AUTO,28-Apr-2022,3160.0,CE,0.0,0.0,0.0,447.15,558.05,0,0.0,0,0,18-APR-2022,
OPTSTK,BAJAJ-AUTO,28-Apr-2022,3180.0,CE,0.0,0.0,0.0,432.65,538.1,0,0.0,0,0,18-APR-2022,
OPTSTK,BAJAJ-AUTO,28-Apr-2022,3200.0,CE,0.0,0.0,0.0,418.4,518.15,0,0.0,0,0,18-APR-2022,
OPTSTK,BAJAJ-AUTO,28-Apr-2022,3220.0,CE,0.0,0.0,0.0,404.45,498.25,0,0.0,0,0,18-APR-2022,
OPTSTK,BAJAJ-AUTO,28-Apr-2022,3240.0,CE,0.0,0.0,0.0,390.65,478.35,0,0.0,0,0,18-APR-2022,
OPTSTK,BAJAJ-AUTO,28-Apr-2022,3250.0,CE,0.0,0.0,0.0,425.6,468.4,0,0.0,0,0,18-APR-2022,
OPTSTK,BAJAJ-AUTO,28-Apr-2022,3260.0,CE,0.0,0.0,0.0,377.25,458.45,0,0.0,0,0,18-APR-2022,
OPTSTK,BAJAJ-AUTO,28-Apr-2022,3280.0,CE,0.0,0.0,0.0,364.15,438.65,0,0.0,0,0,18-APR-2022,
OPTSTK,BAJAJ-AUTO,28-Apr-2022,3300.0,CE,0.0,0.0,0.0,405.0,418.85,0,0.0,500,0,18-APR-2022,
OPTSTK,BAJAJ-AUTO,28-Apr-2022,3320.0,CE,0.0,0.0,0.0,338.8,399.15,0,0.0,0,0,18-APR-2022,
OPTSTK,BAJAJ-AUTO,28-Apr-2022,3340.0,CE,0.0,0.0,0.0,326.55,379.55,0,0.0,0,0,18-APR-2022,
OPTSTK,BAJAJ-AUTO,28-Apr-2022,3350.0,CE,0.0,0.0,0.0,338.7,369.8,0,0.0,0,0,18-APR-2022,
OPTSTK,BAJAJ-AUTO,28-Apr-2022,3360.0,CE,0.0,0.0,0.0,314.55,360.05,0,0.0,0,0,18-APR-2022,
OPTSTK,BAJAJ-AUTO,28-Apr-2022,3380.0,CE,0.0,0.0,0.0,302.9,340.7,0,0.0,0,0,18-APR-2022,
OPTSTK,BAJAJ-AUTO,28-Apr-2022,3400.0,CE,0.0,0.0,0.0,382.05,321.55,0,0.0,2500,0,18-APR-2022,
OPTSTK,BAJAJ-AUTO,28-Apr-2022,3420.0,CE,0.0,0.0,0.0,280.4,302.55,0,0.0,0,0,18-APR-2022,
OPTSTK,BAJAJ-AUTO,28-Apr-2022,3440.0,CE,0.0,0.0,0.0,269.55,283.85,0,0.0,0,0,18-APR-2022,
OPTSTK,BAJAJ-AUTO,28-Apr-2022,3450.0,CE,0.0,0.0,0.0,260.3,274.6,0,0.0,0,0,18-APR-2022,
OPTSTK,BAJAJ-AUTO,28-Apr-2022,3460.0,CE,0.0,0.0,0.0,259.05,265.45,0,0.0,0,0,18-APR-2022,
OPTSTK,BAJAJ-AUTO,28-Apr-2022,3480.0,CE,0.0,0.0,0.0,248.8,247.4,0,0.0,0,0,18-APR-2022,
OPTSTK,BAJAJ-AUTO,28-Apr-2022,3500.0,CE,0.0,0.0,0.0,281.2,229.75,0,0.0,3500,0,18-APR-2022,
OPTSTK,BAJAJ-AUTO,28-Apr-2022,3520.0,CE,0.0,0.0,0.0,229.15,212.6,0,0.0,0,0,18-APR-2022,
OPTSTK,BAJAJ-AUTO,28-Apr-2022,3540.0,CE,0.0,0.0,0.0,219.8,195.9,0,0.0,0,0,18-APR-2022,
OPTSTK,BAJAJ-AUTO,28-Apr-2022,3550.0,CE,0.0,0.0,0.0,192.15,187.8,0,0.0,0,0,18-APR-2022,
OPTSTK,BAJAJ-AUTO,28-Apr-2022,3560.0,CE,0.0,0.0,0.0,210.7,179.8,0,0.0,0,0,18-APR-2022,
OPTSTK,BAJAJ-AUTO,28-Apr-2022,3580.0,CE,0.0,0.0,0.0,201.85,164.3,0,0.0,0,0,18-APR-2022,
OPTSTK,BAJAJ-AUTO,28-Apr-2022,3600.0,CE,131.35,131.35,131.35,131.35,149.45,2,18.65,8000,0,18-APR-2022,
OPTSTK,BAJAJ-AUTO,28-Apr-2022,3620.0,CE,0.0,0.0,0.0,152.1,135.3,0,0.0,5500,0,18-APR-2022,
OPTSTK,BAJAJ-AUTO,28-Apr-2022,3640.0,CE,0.0,0.0,0.0,183.95,121.95,0,0.0,1750,0,18-APR-2022,
OPTSTK,BAJAJ-AUTO,28-Apr-2022,3650.0,CE,0.0,0.0,0.0,136.1,115.55,0,0.0,0,0,18-APR-2022,
OPTSTK,BAJAJ-AUTO,28-Apr-2022,3660.0,CE,0.0,0.0,0.0,106.4,109.35,0,0.0,3750,0,18-APR-2022,
OPTSTK,BAJAJ-AUTO,28-Apr-2022,3680.0,CE,90.45,114.9,75.0,78.7,78.7,12,113.07,2000,750,18-APR-2022,
OPTSTK,BAJAJ-AUTO,28-Apr-2022,3700.0,CE,63.95,99.0,62.65,69.4,69.4,1169,11030.74,82750,16750,18-APR-2022,
OPTSTK,BAJAJ-AUTO,28-Apr-2022,3720.0,CE,55.95,89.0,54.5,58.55,58.55,175,1654.23,19000,2750,18-APR-2022,
OPTSTK,BAJAJ-AUTO,28-Apr-2022,3740.0,CE,50.0,131.05,45.0,51.05,51.05,1052,9978.12,38250,25000,18-APR-2022,
OPTSTK,BAJAJ-AUTO,28-Apr-2022,3750.0,CE,49.8,74.15,43.05,46.0,46.0,259,2462.52,25000,10500,18-APR-2022,
OPTSTK,BAJAJ-AUTO,28-Apr-2022,3760.0,CE,52.95,74.8,39.9,43.0,43.0,94,894.64,13500,-1500,18-APR-2022,
OPTSTK,BAJAJ-AUTO,28-Apr-2022,3780.0,CE,35.6,51.75,34.45,36.85,36.85,76,725.51,18500,-1750,18-APR-2022,
OPTSTK,BAJAJ-AUTO,28-Apr-2022,3800.0,CE,30.55,49.45,28.0,31.4,31.4,787,7546.38,112500,11250,18-APR-2022,
OPTSTK,BAJAJ-AUTO,28-Apr-2022,3820.0,CE,29.6,30.35,23.85,26.85,26.85,130,1250.12,22750,14750,18-APR-2022,
OPTSTK,BAJAJ-AUTO,28-Apr-2022,3840.0,CE,38.05,38.05,21.2,22.2,22.2,49,473.54,17750,1000,18-APR-2022,
OPTSTK,BAJAJ-AUTO,28-Apr-2022,3850.0,CE,40.25,40.25,19.0,21.0,29.9,13,126.0,4750,1000,18-APR-2022,
OPTSTK,BAJAJ-AUTO,28-Apr-2022,3860.0,CE,33.45,33.45,19.2,20.2,20.2,13,126.21,3500,1750,18-APR-2022,
OPTSTK,BAJAJ-AUTO,28-Apr-2022,3880.0,CE,0.0,0.0,0.0,22.0,23.15,0,0.0,500,0,18-APR-2022,
OPTSTK,BAJAJ-AUTO,28-Apr-2022,3900.0,CE,14.15,23.45,12.95,14.35,14.35,673,6589.08,63250,-9000,18-APR-2022,
OPTSTK,BAJAJ-AUTO,28-Apr-2022,3920.0,CE,15.45,15.45,15.45,15.45,16.2,1,9.83,3500,0,18-APR-2022,
OPTSTK,BAJAJ-AUTO,28-Apr-2022,3940.0,CE,11.0,11.0,11.0,11.0,13.4,1,9.87,1000,-250,18-APR-2022,
OPTSTK,BAJAJ-AUTO,28-Apr-2022,3950.0,CE,0.0,0.0,0.0,37.15,12.2,0,0.0,0,0,18-APR-2022,
OPTSTK,BAJAJ-AUTO,28-Apr-2022,3960.0,CE,15.0,15.0,15.0,15.0,11.05,1,9.93,500,250,18-APR-2022,
OPTSTK,BAJAJ-AUTO,28-Apr-2022,3980.0,CE,0.0,0.0,0.0,31.0,9.05,0,0.0,250,0,18-APR-2022,
OPTSTK,BAJAJ-AUTO,28-Apr-2022,4000.0,CE,4.45,10.0,4.45,7.0,7.0,559,5601.11,80500,11750,18-APR-2022,
OPTSTK,BAJAJ-AUTO,28-Apr-2022,4020.0,CE,0.0,0.0,0.0,70.05,5.95,0,0.0,0,0,18-APR-2022,
OPTSTK,BAJAJ-AUTO,28-Apr-2022,4040.0,CE,0.0,0.0,0.0,66.4,4.8,0,0.0,0,0,18-APR-2022,
OPTSTK,BAJAJ-AUTO,28-Apr-2022,4050.0,CE,12.3,12.3,7.65,7.65,4.3,2,20.29,0,-250,18-APR-2022,
OPTSTK,BAJAJ-AUTO,28-Apr-2022,4060.0,CE,0.0,0.0,0.0,62.95,3.85,0,0.0,0,0,18-APR-2022,
OPTSTK,BAJAJ-AUTO,28-Apr-2022,4080.0,CE,0.0,0.0,0.0,59.65,3.05,0,0.0,0,0,18-APR-2022,
OPTSTK,BAJAJ-AUTO,28-Apr-2022,4100.0,CE,4.0,6.95,2.55,3.6,3.6,85,872.17,15250,-1500,18-APR-2022,
OPTSTK,BAJAJ-AUTO,28-Apr-2022,4150.0,CE,0.0,0.0,0.0,10.0,1.3,0,0.0,250,0,18-APR-2022,
OPTSTK,BAJAJ-AUTO,28-Apr-2022,4200.0,CE,2.5,3.05,1.75,2.45,2.45,24,252.15,22250,1500,18-APR-2022,
OPTSTK,BAJAJ-AUTO,28-Apr-2022,4250.0,CE,0.0,0.0,0.0,6.8,0.35,0,0.0,0,0,18-APR-2022,
OPTSTK,BAJAJ-AUTO,28-Apr-2022,4300.0,CE,1.25,1.3,1.25,1.3,0.2,3,32.25,750,250,18-APR-2022,
OPTSTK,BAJAJ-AUTO,28-Apr-2022,4350.0,CE,0.0,0.0,0.0,7.35,0.1,0,0.0,750,0,18-APR-2022,
OPTSTK,BAJAJ-AUTO,28-Apr-2022,4400.0,CE,1.6,2.0,0.6,0.8,0.05,7,77.02,750,500,18-APR-2022,
OPTSTK,BAJAJ-AUTO,28-Apr-2022,4450.0,CE,0.0,0.0,0.0,1.8,0.05,0,0.0,0,0,18-APR-2022,
OPTSTK,BAJAJ-AUTO,28-Apr-2022,4500.0,CE,0.0,0.0,0.0,1.25,0.05,0,0.0,0,0,18-APR-2022,
OPTSTK,BAJAJ-AUTO,28-Apr-2022,2700.0,PE,0.0,0.0,0.0,1.0,0.0,0,0.0,500,0,18-APR-2022,
OPTSTK,BAJAJ-AUTO,28-Apr-2022,2720.0,PE,0.0,0.0,0.0,9.8,0.0,0,0.0,0,0,18-APR-2022,
OPTSTK,BAJAJ-AUTO,28-Apr-2022,2740.0,PE,0.0,0.0,0.0,10.95,0.0,0,0.0,0,0,18-APR-2022,
OPTSTK,BAJAJ-AUTO,28-Apr-2022,2750.0,PE,0.0,0.0,0.0,0.05,0.0,0,0.0,0,0,18-APR-2022,
OPTSTK,BAJAJ-AUTO,28-Apr-2022,2760.0,PE,0.0,0.0,0.0,12.25,0.0,0,0.0,0,0,18-APR-2022,
OPTSTK,BAJAJ-AUTO,28-Apr-2022,2780.0,PE,0.0,0.0,0.0,13.65,0.0,0,0.0,0,0,18-APR-2022,
OPTSTK,BAJAJ-AUTO,28-Apr-2022,2800.0,PE,0.0,0.0,0.0,15.2,0.0,0,0.0,0,0,18-APR-2022,
OPTSTK,BAJAJ-AUTO,28-Apr-2022,2820.0,PE,0.0,0.0,0.0,16.85,0.0,0,0.0,0,0,18-APR-2022,
OPTSTK,BAJAJ-AUTO,28-Apr-2022,2840.0,PE,0.0,0.0,0.0,18.7,0.0,0,0.0,0,0,18-APR-2022,
OPTSTK,BAJAJ-AUTO,28-Apr-2022,2850.0,PE,0.0,0.0,0.0,0.2,0.0,0,0.0,0,0,18-APR-2022,
OPTSTK,BAJAJ-AUTO,28-Apr-2022,2860.0,PE,0.0,0.0,0.0,20.65,0.0,0,0.0,0,0,18-APR-2022,
OPTSTK,BAJAJ-AUTO,28-Apr-2022,2880.0,PE,0.0,0.0,0.0,22.75,0.0,0,0.0,0,0,18-APR-2022,
OPTSTK,BAJAJ-AUTO,28-Apr-2022,2900.0,PE,0.0,0.0,0.0,1.5,0.0,0,0.0,500,0,18-APR-2022,
OPTSTK,BAJAJ-AUTO,28-Apr-2022,2920.0,PE,0.0,0.0,0.0,27.5,0.0,0,0.0,0,0,18-APR-2022,
OPTSTK,BAJAJ-AUTO,28-Apr-2022,2940.0,PE,0.0,0.0,0.0,30.15,0.0,0,0.0,0,0,18-APR-2022,
OPTSTK,BAJAJ-AUTO,28-Apr-2022,2950.0,PE,0.0,0.0,0.0,0.7,0.0,0,0.0,0,0,18-APR-2022,
OPTSTK,BAJAJ-AUTO,28-Apr-2022,2960.0,PE,0.0,0.0,0.0,32.95,0.0,0,0.0,0,0,18-APR-2022,
OPTSTK,BAJAJ-AUTO,28-Apr-2022,2980.0,PE,0.0,0.0,0.0,36.0,0.0,0,0.0,0,0,18-APR-2022,
OPTSTK,BAJAJ-AUTO,28-Apr-2022,3000.0,PE,2.5,2.5,2.0,2.0,2.0,4,30.02,16500,-250,18-APR-2022,
OPTSTK,BAJAJ-AUTO,28-Apr-2022,3020.0,PE,0.0,0.0,0.0,42.6,0.0,0,0.0,0,0,18-APR-2022,
OPTSTK,BAJAJ-AUTO,28-Apr-2022,3040.0,PE,0.0,0.0,0.0,46.25,0.0,0,0.0,0,0,18-APR-2022,
OPTSTK,BAJAJ-AUTO,28-Apr-2022,3050.0,PE,0.0,0.0,0.0,2.1,0.0,0,0.0,0,0,18-APR-2022,
OPTSTK,BAJAJ-AUTO,28-Apr-2022,3060.0,PE,0.0,0.0,0.0,50.15,0.0,0,0.0,0,0,18-APR-2022,
OPTSTK,BAJAJ-AUTO,28-Apr-2022,3080.0,PE,0.0,0.0,0.0,54.2,0.05,0,0.0,0,0,18-APR-2022,
OPTSTK,BAJAJ-AUTO,28-Apr-2022,3100.0,PE,0.0,0.0,0.0,1.25,0.05,0,0.0,5750,0,18-APR-2022,
OPTSTK,BAJAJ-AUTO,28-Apr-2022,3120.0,PE,0.0,0.0,0.0,63.1,0.05,0,0.0,0,0,18-APR-2022,
OPTSTK,BAJAJ-AUTO,28-Apr-2022,3140.0,PE,0.0,0.0,0.0,67.95,0.05,0,0.0,0,0,18-APR-2022,
OPTSTK,BAJAJ-AUTO,28-Apr-2022,3150.0,PE,0.0,0.0,0.0,5.4,0.05,0,0.0,0,0,18-APR-2022,
OPTSTK,BAJAJ-AUTO,28-Apr-2022,3160.0,PE,0.0,0.0,0.0,73.1,0.05,0,0.0,0,0,18-APR-2022,
OPTSTK,BAJAJ-AUTO,28-Apr-2022,3180.0,PE,0.0,0.0,0.0,78.4,0.1,0,0.0,0,0,18-APR-2022,
OPTSTK,BAJAJ-AUTO,28-Apr-2022,3200.0,PE,3.25,3.5,2.0,2.0,2.0,5,40.03,8250,-500,18-APR-2022,
OPTSTK,BAJAJ-AUTO,28-Apr-2022,3220.0,PE,0.0,0.0,0.0,89.85,0.15,0,0.0,0,0,18-APR-2022,
OPTSTK,BAJAJ-AUTO,28-Apr-2022,3240.0,PE,0.0,0.0,0.0,95.8,0.25,0,0.0,0,0,18-APR-2022,
OPTSTK,BAJAJ-AUTO,28-Apr-2022,3250.0,PE,0.0,0.0,0.0,12.35,0.3,0,0.0,0,0,18-APR-2022,
OPTSTK,BAJAJ-AUTO,28-Apr-2022,3260.0,PE,0.0,0.0,0.0,11.0,0.35,0,0.0,1000,0,18-APR-2022,
OPTSTK,BAJAJ-AUTO,28-Apr-2022,3280.0,PE,0.0,0.0,0.0,15.0,0.5,0,0.0,500,0,18-APR-2022,
OPTSTK,BAJAJ-AUTO,28-Apr-2022,3300.0,PE,6.0,6.0,3.55,3.65,3.65,21,173.47,16000,750,18-APR-2022,
OPTSTK,BAJAJ-AUTO,28-Apr-2022,3320.0,PE,0.0,0.0,0.0,123.1,0.95,0,0.0,0,0,18-APR-2022,
OPTSTK,BAJAJ-AUTO,28-Apr-2022,3340.0,PE,0.0,0.0,0.0,130.65,1.35,0,0.0,0,0,18-APR-2022,
OPTSTK,BAJAJ-AUTO,28-Apr-2022,3350.0,PE,0.0,0.0,0.0,25.15,1.55,0,0.0,0,0,18-APR-2022,
OPTSTK,BAJAJ-AUTO,28-Apr-2022,3360.0,PE,0.0,0.0,0.0,138.45,1.8,0,0.0,0,0,18-APR-2022,
OPTSTK,BAJAJ-AUTO,28-Apr-2022,3380.0,PE,0.0,0.0,0.0,146.55,2.45,0,0.0,0,0,18-APR-2022,
OPTSTK,BAJAJ-AUTO,28-Apr-2022,3400.0,PE,7.0,9.75,6.75,8.15,8.15,74,630.51,16250,-1000,18-APR-2022,
OPTSTK,BAJAJ-AUTO,28-Apr-2022,3420.0,PE,0.0,0.0,0.0,163.65,4.25,0,0.0,0,0,18-APR-2022,
OPTSTK,BAJAJ-AUTO,28-Apr-2022,3440.0,PE,0.0,0.0,0.0,172.65,5.55,0,0.0,0,0,18-APR-2022,
OPTSTK,BAJAJ-AUTO,28-Apr-2022,3450.0,PE,0.0,0.0,0.0,46.45,6.3,0,0.0,0,0,18-APR-2022,
OPTSTK,BAJAJ-AUTO,28-Apr-2022,3460.0,PE,0.0,0.0,0.0,181.9,7.1,0,0.0,0,0,18-APR-2022,
OPTSTK,BAJAJ-AUTO,28-Apr-2022,3480.0,PE,0.0,0.0,0.0,191.45,9.05,0,0.0,0,0,18-APR-2022,
OPTSTK,BAJAJ-AUTO,28-Apr-2022,3500.0,PE,17.85,19.6,10.0,17.5,17.5,84,738.36,30000,-4000,18-APR-2022,
OPTSTK,BAJAJ-AUTO,28-Apr-2022,3520.0,PE,0.0,0.0,0.0,30.45,14.15,0,0.0,750,0,18-APR-2022,
OPTSTK,BAJAJ-AUTO,28-Apr-2022,3540.0,PE,0.0,0.0,0.0,25.2,17.45,0,0.0,1250,0,18-APR-2022,
OPTSTK,BAJAJ-AUTO,28-Apr-2022,3550.0,PE,0.0,0.0,0.0,27.0,19.35,0,0.0,750,0,18-APR-2022,
OPTSTK,BAJAJ-AUTO,28-Apr-2022,3560.0,PE,30.35,30.35,26.6,26.6,21.35,3,26.91,1000,-250,18-APR-2022,
OPTSTK,BAJAJ-AUTO,28-Apr-2022,3580.0,PE,0.0,0.0,0.0,243.45,25.8,0,0.0,0,0,18-APR-2022,
OPTSTK,BAJAJ-AUTO,28-Apr-2022,3600.0,PE,37.0,39.35,25.5,33.5,33.5,572,5196.64,61250,19000,18-APR-2022,
OPTSTK,BAJAJ-AUTO,28-Apr-2022,3620.0,PE,47.6,47.6,36.7,36.7,36.8,5,45.81,1500,1000,18-APR-2022,
OPTSTK,BAJAJ-AUTO,28-Apr-2022,3640.0,PE,46.05,50.0,44.55,44.55,44.55,4,36.86,6250,750,18-APR-2022,
OPTSTK,BAJAJ-AUTO,28-Apr-2022,3650.0,PE,50.85,56.0,50.85,56.0,47.0,6,55.55,3750,250,18-APR-2022,
OPTSTK,BAJAJ-AUTO,28-Apr-2022,3660.0,PE,49.1,49.1,49.1,49.1,50.8,1,9.27,2750,250,18-APR-2022,
OPTSTK,BAJAJ-AUTO,28-Apr-2022,3680.0,PE,63.75,71.0,56.8,61.6,61.6,76,711.47,7000,5000,18-APR-2022,
OPTSTK,BAJAJ-AUTO,28-Apr-2022,3700.0,PE,78.95,80.05,55.0,69.35,69.35,453,4270.96,64750,10250,18-APR-2022,
OPTSTK,BAJAJ-AUTO,28-Apr-2022,3720.0,PE,59.85,84.05,59.85,82.1,82.1,10,95.01,4000,500,18-APR-2022,
OPTSTK,BAJAJ-AUTO,28-Apr-2022,3740.0,PE,82.9,101.0,82.9,87.65,87.65,4,38.33,10250,250,18-APR-2022,
OPTSTK,BAJAJ-AUTO,28-Apr-2022,3750.0,PE,86.75,108.0,86.75,105.0,94.15,9,86.59,2500,750,18-APR-2022,
OPTSTK,BAJAJ-AUTO,28-Apr-2022,3760.0,PE,110.95,110.95,110.95,110.95,99.95,1,9.67,13250,250,18-APR-2022,
OPTSTK,BAJAJ-AUTO,28-Apr-2022,3780.0,PE,0.0,0.0,0.0,137.1,112.25,0,0.0,5000,0,18-APR-2022,
OPTSTK,BAJAJ-AUTO,28-Apr-2022,3800.0,PE,107.0,138.8,107.0,132.0,132.0,6,58.83,28500,-250,18-APR-2022,
OPTSTK,BAJAJ-AUTO,28-Apr-2022,3820.0,PE,0.0,0.0,0.0,395.45,139.0,0,0.0,0,0,18-APR-2022,
OPTSTK,BAJAJ-AUTO,28-Apr-2022,3840.0,PE,0.0,0.0,0.0,409.7,153.45,0,0.0,0,0,18-APR-2022,
OPTSTK,BAJAJ-AUTO,28-Apr-2022,3850.0,PE,0.0,0.0,0.0,166.45,161.1,0,0.0,750,0,18-APR-2022,
OPTSTK,BAJAJ-AUTO,28-Apr-2022,3860.0,PE,0.0,0.0,0.0,424.15,168.6,0,0.0,0,0,18-APR-2022,
OPTSTK,BAJAJ-AUTO,28-Apr-2022,3880.0,PE,0.0,0.0,0.0,438.8,184.3,0,0.0,0,0,18-APR-2022,
OPTSTK,BAJAJ-AUTO,28-Apr-2022,3900.0,PE,0.0,0.0,0.0,162.0,200.55,0,0.0,1250,0,18-APR-2022,
OPTSTK,BAJAJ-AUTO,28-Apr-2022,3920.0,PE,0.0,0.0,0.0,468.95,217.3,0,0.0,0,0,18-APR-2022,
OPTSTK,BAJAJ-AUTO,28-Apr-2022,3940.0,PE,0.0,0.0,0.0,484.25,234.55,0,0.0,0,0,18-APR-2022,
OPTSTK,BAJAJ-AUTO,28-Apr-2022,3950.0,PE,0.0,0.0,0.0,321.7,243.3,0,0.0,0,0,18-APR-2022,
OPTSTK,BAJAJ-AUTO,28-Apr-2022,3960.0,PE,0.0,0.0,0.0,499.75,252.15,0,0.0,0,0,18-APR-2022,
OPTSTK,BAJAJ-AUTO,28-Apr-2022,3980.0,PE,0.0,0.0,0.0,515.25,270.15,0,0.0,0,0,18-APR-2022,
OPTSTK,BAJAJ-AUTO,28-Apr-2022,4000.0,PE,0.0,0.0,0.0,322.2,288.45,0,0.0,2000,0,18-APR-2022,
OPTSTK,BAJAJ-AUTO,28-Apr-2022,4020.0,PE,0.0,0.0,0.0,547.05,307.0,0,0.0,0,0,18-APR-2022,
OPTSTK,BAJAJ-AUTO,28-Apr-2022,4040.0,PE,0.0,0.0,0.0,563.25,325.8,0,0.0,0,0,18-APR-2022,
OPTSTK,BAJAJ-AUTO,28-Apr-2022,4050.0,PE,0.0,0.0,0.0,406.3,335.3,0,0.0,0,0,18-APR-2022,
OPTSTK,BAJAJ-AUTO,28-Apr-2022,4060.0,PE,0.0,0.0,0.0,579.55,344.85,0,0.0,0,0,18-APR-2022,
OPTSTK,BAJAJ-AUTO,28-Apr-2022,4080.0,PE,0.0,0.0,0.0,596.05,364.0,0,0.0,0,0,18-APR-2022,
OPTSTK,BAJAJ-AUTO,28-Apr-2022,4100.0,PE,0.0,0.0,0.0,612.65,383.35,0,0.0,0,0,18-APR-2022,
OPTSTK,BAJAJ-AUTO,28-Apr-2022,4150.0,PE,0.0,0.0,0.0,496.45,432.2,0,0.0,0,0,18-APR-2022,
OPTSTK,BAJAJ-AUTO,28-Apr-2022,4200.0,PE,0.0,0.0,0.0,697.9,481.5,0,0.0,0,0,18-APR-2022,
OPTSTK,BAJAJ-AUTO,28-Apr-2022,4250.0,PE,0.0,0.0,0.0,590.45,531.15,0,0.0,0,0,18-APR-2022,
OPTSTK,BAJAJ-AUTO,28-Apr-2022,4300.0,PE,0.0,0.0,0.0,786.15,580.9,0,0.0,0,0,18-APR-2022,
OPTSTK,BAJAJ-AUTO,28-Apr-2022,4350.0,PE,0.0,0.0,0.0,686.85,630.75,0,0.0,0,0,18-APR-2022,
OPTSTK,BAJAJ-AUTO,28-Apr-2022,4400.0,PE,0.0,0.0,0.0,768.5,680.65,0,0.0,0,0,18-APR-2022,
OPTSTK,BAJAJ-AUTO,28-Apr-2022,4450.0,PE,0.0,0.0,0.0,784.8,730.6,0,0.0,0,0,18-APR-2022,
OPTSTK,BAJAJ-AUTO,28-Apr-2022,4500.0,PE,0.0,0.0,0.0,834.1,780.5,0,0.0,0,0,18-APR-2022,
OPTSTK,BAJAJ-AUTO,26-May-2022,2700.0,CE,0.0,0.0,0.0,816.4,1026.45,0,0.0,0,0,18-APR-2022,
OPTSTK,BAJAJ-AUTO,26-May-2022,2720.0,CE,0.0,0.0,0.0,797.75,1006.55,0,0.0,0,0,18-APR-2022,
OPTSTK,BAJAJ-AUTO,26-May-2022,2740.0,CE,0.0,0.0,0.0,779.2,986.65,0,0.0,0,0,18-APR-2022,
OPTSTK,BAJAJ-AUTO,26-May-2022,2750.0,CE,0.0,0.0,0.0,922.2,976.75,0,0.0,0,0,18-APR-2022,
OPTSTK,BAJAJ-AUTO,26-May-2022,2760.0,CE,0.0,0.0,0.0,760.8,966.8,0,0.0,0,0,18-APR-2022,
OPTSTK,BAJAJ-AUTO,26-May-2022,2780.0,CE,0.0,0.0,0.0,742.5,946.9,0,0.0,0,0,18-APR-2022,
OPTSTK,BAJAJ-AUTO,26-May-2022,2800.0,CE,0.0,0.0,0.0,724.35,927.05,0,0.0,0,0,18-APR-2022,
OPTSTK,BAJAJ-AUTO,26-May-2022,2820.0,CE,0.0,0.0,0.0,706.3,907.2,0,0.0,0,0,18-APR-2022,
OPTSTK,BAJAJ-AUTO,26-May-2022,2840.0,CE,0.0,0.0,0.0,688.45,887.35,0,0.0,0,0,18-APR-2022,
OPTSTK,BAJAJ-AUTO,26-May-2022,2850.0,CE,0.0,0.0,0.0,824.6,877.45,0,0.0,0,0,18-APR-2022,
OPTSTK,BAJAJ-AUTO,26-May-2022,2860.0,CE,0.0,0.0,0.0,670.7,867.55,0,0.0,0,0,18-APR-2022,
OPTSTK,BAJAJ-AUTO,26-May-2022,2880.0,CE,0.0,0.0,0.0,653.15,847.75,0,0.0,0,0,18-APR-2022,
OPTSTK,BAJAJ-AUTO,26-May-2022,2900.0,CE,0.0,0.0,0.0,635.8,828.0,0,0.0,0,0,18-APR-2022,
OPTSTK,BAJAJ-AUTO,26-May-2022,2920.0,CE,0.0,0.0,0.0,618.6,808.25,0,0.0,0,0,18-APR-2022,
OPTSTK,BAJAJ-AUTO,26-May-2022,2940.0,CE,0.0,0.0,0.0,601.55,788.5,0,0.0,0,0,18-APR-2022,
OPTSTK,BAJAJ-AUTO,26-May-2022,2950.0,CE,0.0,0.0,0.0,728.65,778.65,0,0.0,0,0,18-APR-2022,
OPTSTK,BAJAJ-AUTO,26-May-2022,2960.0,CE,0.0,0.0,0.0,584.75,768.85,0,0.0,0,0,18-APR-2022,
OPTSTK,BAJAJ-AUTO,26-May-2022,2980.0,CE,0.0,0.0,0.0,568.1,749.2,0,0.0,0,0,18-APR-2022,
OPTSTK,BAJAJ-AUTO,26-May-2022,3000.0,CE,0.0,0.0,0.0,551.7,729.65,0,0.0,0,0,18-APR-2022,
OPTSTK,BAJAJ-AUTO,26-May-2022,3020.0,CE,0.0,0.0,0.0,535.5,710.1,0,0.0,0,0,18-APR-2022,
OPTSTK,BAJAJ-AUTO,26-May-2022,3040.0,CE,0.0,0.0,0.0,519.55,690.65,0,0.0,0,0,18-APR-2022,
OPTSTK,BAJAJ-AUTO,26-May-2022,3050.0,CE,0.0,0.0,0.0,635.25,680.95,0,0.0,0,0,18-APR-2022,
OPTSTK,BAJAJ-AUTO,26-May-2022,3060.0,CE,0.0,0.0,0.0,503.8,671.25,0,0.0,0,0,18-APR-2022,
OPTSTK,BAJAJ-AUTO,26-May-2022,3080.0,CE,0.0,0.0,0.0,488.3,652.0,0,0.0,0,0,18-APR-2022,
OPTSTK,BAJAJ-AUTO,26-May-2022,3100.0,CE,0.0,0.0,0.0,473.05,632.75,0,0.0,0,0,18-APR-2022,
OPTSTK,BAJAJ-AUTO,26-May-2022,3120.0,CE,0.0,0.0,0.0,458.0,613.65,0,0.0,0,0,18-APR-2022,
OPTSTK,BAJAJ-AUTO,26-May-2022,3140.0,CE,0.0,0.0,0.0,443.35,594.7,0,0.0,0,0,18-APR-2022,
OPTSTK,BAJAJ-AUTO,26-May-2022,3150.0,CE,0.0,0.0,0.0,545.55,585.25,0,0.0,0,0,18-APR-2022,
OPTSTK,BAJAJ-AUTO,26-May-2022,3160.0,CE,0.0,0.0,0.0,428.85,575.85,0,0.0,0,0,18-APR-2022,
OPTSTK,BAJAJ-AUTO,26-May-2022,3180.0,CE,0.0,0.0,0.0,414.6,557.15,0,0.0,0,0,18-APR-2022,
OPTSTK,BAJAJ-AUTO,26-May-2022,3200.0,CE,0.0,0.0,0.0,400.6,538.55,0,0.0,0,0,18-APR-2022,
OPTSTK,BAJAJ-AUTO,26-May-2022,3220.0,CE,0.0,0.0,0.0,386.8,520.2,0,0.0,0,0,18-APR-2022,
OPTSTK,BAJAJ-AUTO,26-May-2022,3240.0,CE,0.0,0.0,0.0,373.4,501.95,0,0.0,0,0,18-APR-2022,
OPTSTK,BAJAJ-AUTO,26-May-2022,3250.0,CE,0.0,0.0,0.0,460.95,492.95,0,0.0,0,0,18-APR-2022,
OPTSTK,BAJAJ-AUTO,26-May-2022,3260.0,CE,0.0,0.0,0.0,360.25,483.95,0,0.0,0,0,18-APR-2022,
OPTSTK,BAJAJ-AUTO,26-May-2022,3280.0,CE,0.0,0.0,0.0,347.4,466.15,0,0.0,0,0,18-APR-2022,
OPTSTK,BAJAJ-AUTO,26-May-2022,3300.0,CE,0.0,0.0,0.0,334.85,448.6,0,0.0,0,0,18-APR-2022,
OPTSTK,BAJAJ-AUTO,26-May-2022,3320.0,CE,0.0,0.0,0.0,322.6,431.25,0,0.0,0,0,18-APR-2022,
OPTSTK,BAJAJ-AUTO,26-May-2022,3340.0,CE,0.0,0.0,0.0,310.6,414.2,0,0.0,0,0,18-APR-2022,
OPTSTK,BAJAJ-AUTO,26-May-2022,3350.0,CE,0.0,0.0,0.0,382.65,405.75,0,0.0,0,0,18-APR-2022,
OPTSTK,BAJAJ-AUTO,26-May-2022,3360.0,CE,0.0,0.0,0.0,298.95,397.4,0,0.0,0,0,18-APR-2022,
OPTSTK,BAJAJ-AUTO,26-May-2022,3380.0,CE,0.0,0.0,0.0,287.55,380.9,0,0.0,0,0,18-APR-2022,
OPTSTK,BAJAJ-AUTO,26-May-2022,3400.0,CE,0.0,0.0,0.0,276.45,364.65,0,0.0,0,0,18-APR-2022,
OPTSTK,BAJAJ-AUTO,26-May-2022,3420.0,CE,0.0,0.0,0.0,265.65,348.75,0,0.0,0,0,18-APR-2022,
OPTSTK,BAJAJ-AUTO,26-May-2022,3440.0,CE,0.0,0.0,0.0,255.1,333.2,0,0.0,0,0,18-APR-2022,
OPTSTK,BAJAJ-AUTO,26-May-2022,3450.0,CE,0.0,0.0,0.0,311.75,325.55,0,0.0,0,0,18-APR-2022,
OPTSTK,BAJAJ-AUTO,26-May-2022,3460.0,CE,0.0,0.0,0.0,244.9,318.0,0,0.0,0,0,18-APR-2022,
OPTSTK,BAJAJ-AUTO,26-May-2022,3480.0,CE,0.0,0.0,0.0,234.95,303.25,0,0.0,0,0,18-APR-2022,
OPTSTK,BAJAJ-AUTO,26-May-2022,3500.0,CE,0.0,0.0,0.0,225.3,288.7,0,0.0,0,0,18-APR-2022,
OPTSTK,BAJAJ-AUTO,26-May-2022,3520.0,CE,0.0,0.0,0.0,215.95,274.45,0,0.0,0,0,18-APR-2022,
OPTSTK,BAJAJ-AUTO,26-May-2022,3540.0,CE,0.0,0.0,0.0,206.9,260.7,0,0.0,0,0,18-APR-2022,
OPTSTK,BAJAJ-AUTO,26-May-2022,3550.0,CE,0.0,0.0,0.0,249.2,254.0,0,0.0,0,0,18-APR-2022,
OPTSTK,BAJAJ-AUTO,26-May-2022,3560.0,CE,0.0,0.0,0.0,198.1,247.35,0,0.0,0,0,18-APR-2022,
OPTSTK,BAJAJ-AUTO,26-May-2022,3580.0,CE,0.0,0.0,0.0,189.6,234.45,0,0.0,0,0,18-APR-2022,
OPTSTK,BAJAJ-AUTO,26-May-2022,3600.0,CE,0.0,0.0,0.0,181.35,221.9,0,0.0,0,0,18-APR-2022,
OPTSTK,BAJAJ-AUTO,26-May-2022,3620.0,CE,0.0,0.0,0.0,173.4,209.8,0,0.0,0,0,18-APR-2022,
OPTSTK,BAJAJ-AUTO,26-May-2022,3640.0,CE,0.0,0.0,0.0,165.7,198.1,0,0.0,0,0,18-APR-2022,
OPTSTK,BAJAJ-AUTO,26-May-2022,3650.0,CE,0.0,0.0,0.0,195.3,192.45,0,0.0,0,0,18-APR-2022,
OPTSTK,BAJAJ-AUTO,26-May-2022,3660.0,CE,0.0,0.0,0.0,158.25,186.85,0,0.0,0,0,18-APR-2022,
OPTSTK,BAJAJ-AUTO,26-May-2022,3680.0,CE,0.0,0.0,0.0,151.05,176.0,0,0.0,0,0,18-APR-2022,
OPTSTK,BAJAJ-AUTO,26-May-2022,3700.0,CE,0.0,0.0,0.0,144.15,165.6,0,0.0,0,0,18-APR-2022,
OPTSTK,BAJAJ-AUTO,26-May-2022,3720.0,CE,0.0,0.0,0.0,137.5,155.6,0,0.0,0,0,18-APR-2022,
OPTSTK,BAJAJ-AUTO,26-May-2022,3740.0,CE,0.0,0.0,0.0,131.05,146.05,0,0.0,0,0,18-APR-2022,
OPTSTK,BAJAJ-AUTO,26-May-2022,3750.0,CE,0.0,0.0,0.0,150.05,141.4,0,0.0,0,0,18-APR-2022,
OPTSTK,BAJAJ-AUTO,26-May-2022,3760.0,CE,0.0,0.0,0.0,124.9,136.85,0,0.0,0,0,18-APR-2022,
OPTSTK,BAJAJ-AUTO,26-May-2022,3780.0,CE,0.0,0.0,0.0,118.95,128.15,0,0.0,0,0,18-APR-2022,
OPTSTK,BAJAJ-AUTO,26-May-2022,3800.0,CE,0.0,0.0,0.0,113.2,119.8,0,0.0,0,0,18-APR-2022,
OPTSTK,BAJAJ-AUTO,26-May-2022,3820.0,CE,0.0,0.0,0.0,107.7,111.85,0,0.0,0,0,18-APR-2022,
OPTSTK,BAJAJ-AUTO,26-May-2022,3840.0,CE,0.0,0.0,0.0,102.45,104.3,0,0.0,0,0,18-APR-2022,
OPTSTK,BAJAJ-AUTO,26-May-2022,3850.0,CE,0.0,0.0,0.0,113.05,100.7,0,0.0,0,0,18-APR-2022,
OPTSTK,BAJAJ-AUTO,26-May-2022,3860.0,CE,0.0,0.0,0.0,97.55,97.15,0,0.0,0,0,18-APR-2022,
OPTSTK,BAJAJ-AUTO,26-May-2022,3880.0,CE,0.0,0.0,0.0,92.7,90.4,0,0.0,0,0,18-APR-2022,
OPTSTK,BAJAJ-AUTO,26-May-2022,3900.0,CE,50.0,50.0,50.0,50.0,84.0,1,9.87,0,-250,18-APR-2022,
OPTSTK,BAJAJ-AUTO,26-May-2022,3920.0,CE,0.0,0.0,0.0,83.65,77.9,0,0.0,0,0,18-APR-2022,
OPTSTK,BAJAJ-AUTO,26-May-2022,3940.0,CE,0.0,0.0,0.0,79.4,72.2,0,0.0,0,0,18-APR-2022,
OPTSTK,BAJAJ-AUTO,26-May-2022,3950.0,CE,0.0,0.0,0.0,83.5,69.5,0,0.0,0,0,18-APR-2022,
OPTSTK,BAJAJ-AUTO,26-May-2022,3960.0,CE,0.0,0.0,0.0,75.2,66.85,0,0.0,0,0,18-APR-2022,
OPTSTK,BAJAJ-AUTO,26-May-2022,3980.0,CE,0.0,0.0,0.0,71.3,61.95,0,0.0,0,0,18-APR-2022,
OPTSTK,BAJAJ-AUTO,26-May-2022,4000.0,CE,24.9,24.9,24.9,24.9,57.25,2,20.12,1500,500,18-APR-2022,
OPTSTK,BAJAJ-AUTO,26-May-2022,4020.0,CE,0.0,0.0,0.0,64.0,52.7,0,0.0,0,0,18-APR-2022,
OPTSTK,BAJAJ-AUTO,26-May-2022,4040.0,CE,0.0,0.0,0.0,60.6,48.5,0,0.0,0,0,18-APR-2022,
OPTSTK,BAJAJ-AUTO,26-May-2022,4050.0,CE,0.0,0.0,0.0,60.6,46.55,0,0.0,0,0,18-APR-2022,
OPTSTK,BAJAJ-AUTO,26-May-2022,4060.0,CE,0.0,0.0,0.0,57.35,44.65,0,0.0,0,0,18-APR-2022,
OPTSTK,BAJAJ-AUTO,26-May-2022,4080.0,CE,0.0,0.0,0.0,54.25,41.0,0,0.0,0,0,18-APR-2022,
OPTSTK,BAJAJ-AUTO,26-May-2022,4100.0,CE,0.0,0.0,0.0,50.0,37.65,0,0.0,250,0,18-APR-2022,
OPTSTK,BAJAJ-AUTO,26-May-2022,4150.0,CE,0.0,0.0,0.0,43.15,30.2,0,0.0,0,0,18-APR-2022,
OPTSTK,BAJAJ-AUTO,26-May-2022,4200.0,CE,0.0,0.0,0.0,38.6,24.05,0,0.0,0,0,18-APR-2022,
OPTSTK,BAJAJ-AUTO,26-May-2022,4250.0,CE,0.0,0.0,0.0,30.15,19.05,0,0.0,0,0,18-APR-2022,
OPTSTK,BAJAJ-AUTO,26-May-2022,4300.0,CE,0.0,0.0,0.0,30.8,14.95,0,0.0,0,0,18-APR-2022,
OPTSTK,BAJAJ-AUTO,26-May-2022,4350.0,CE,0.0,0.0,0.0,20.7,11.65,0,0.0,0,0,18-APR-2022,
OPTSTK,BAJAJ-AUTO,26-May-2022,4400.0,CE,0.0,0.0,0.0,25.15,9.0,0,0.0,0,0,18-APR-2022,
OPTSTK,BAJAJ-AUTO,26-May-2022,4450.0,CE,0.0,0.0,0.0,14.0,6.9,0,0.0,0,0,18-APR-2022,
OPTSTK,BAJAJ-AUTO,26-May-2022,4500.0,CE,0.0,0.0,0.0,11.45,5.3,0,0.0,0,0,18-APR-2022,
OPTSTK,BAJAJ-AUTO,26-May-2022,2700.0,PE,0.0,0.0,0.0,9.25,0.1,0,0.0,0,0,18-APR-2022,
OPTSTK,BAJAJ-AUTO,26-May-2022,2720.0,PE,0.0,0.0,0.0,10.4,0.1,0,0.0,0,0,18-APR-2022,
OPTSTK,BAJAJ-AUTO,26-May-2022,2740.0,PE,0.0,0.0,0.0,11.65,0.15,0,0.0,0,0,18-APR-2022,
OPTSTK,BAJAJ-AUTO,26-May-2022,2750.0,PE,0.0,0.0,0.0,1.4,0.15,0,0.0,0,0,18-APR-2022,
OPTSTK,BAJAJ-AUTO,26-May-2022,2760.0,PE,0.0,0.0,0.0,13.0,0.15,0,0.0,0,0,18-APR-2022,
OPTSTK,BAJAJ-AUTO,26-May-2022,2780.0,PE,0.0,0.0,0.0,14.5,0.2,0,0.0,0,0,18-APR-2022,
OPTSTK,BAJAJ-AUTO,26-May-2022,2800.0,PE,0.0,0.0,0.0,16.15,0.25,0,0.0,0,0,18-APR-2022,
OPTSTK,BAJAJ-AUTO,26-May-2022,2820.0,PE,0.0,0.0,0.0,17.9,0.3,0,0.0,0,0,18-APR-2022,
OPTSTK,BAJAJ-AUTO,26-May-2022,2840.0,PE,0.0,0.0,0.0,19.8,0.4,0,0.0,0,0,18-APR-2022,
OPTSTK,BAJAJ-AUTO,26-May-2022,2850.0,PE,0.0,0.0,0.0,3.15,0.45,0,0.0,0,0,18-APR-2022,
OPTSTK,BAJAJ-AUTO,26-May-2022,2860.0,PE,0.0,0.0,0.0,21.9,0.5,0,0.0,0,0,18-APR-2022,
OPTSTK,BAJAJ-AUTO,26-May-2022,2880.0,PE,0.0,0.0,0.0,24.1,0.6,0,0.0,0,0,18-APR-2022,
OPTSTK,BAJAJ-AUTO,26-May-2022,2900.0,PE,0.0,0.0,0.0,26.55,0.7,0,0.0,0,0,18-APR-2022,
OPTSTK,BAJAJ-AUTO,26-May-2022,2920.0,PE,0.0,0.0,0.0,29.1,0.9,0,0.0,0,0,18-APR-2022,
OPTSTK,BAJAJ-AUTO,26-May-2022,2940.0,PE,0.0,0.0,0.0,31.9,1.1,0,0.0,0,0,18-APR-2022,
OPTSTK,BAJAJ-AUTO,26-May-2022,2950.0,PE,0.0,0.0,0.0,6.5,1.2,0,0.0,0,0,18-APR-2022,
OPTSTK,BAJAJ-AUTO,26-May-2022,2960.0,PE,0.0,0.0,0.0,34.85,1.3,0,0.0,0,0,18-APR-2022,
OPTSTK,BAJAJ-AUTO,26-May-2022,2980.0,PE,0.0,0.0,0.0,38.05,1.6,0,0.0,0,0,18-APR-2022,
OPTSTK,BAJAJ-AUTO,26-May-2022,3000.0,PE,0.0,0.0,0.0,41.4,1.95,0,0.0,0,0,18-APR-2022,
OPTSTK,BAJAJ-AUTO,26-May-2022,3020.0,PE,0.0,0.0,0.0,45.0,2.35,0,0.0,0,0,18-APR-2022,
OPTSTK,BAJAJ-AUTO,26-May-2022,3040.0,PE,0.0,0.0,0.0,48.8,2.8,0,0.0,0,0,18-APR-2022,
OPTSTK,BAJAJ-AUTO,26-May-2022,3050.0,PE,0.0,0.0,0.0,12.45,3.05,0,0.0,0,0,18-APR-2022,
OPTSTK,BAJAJ-AUTO,26-May-2022,3060.0,PE,0.0,0.0,0.0,52.85,3.3,0,0.0,0,0,18-APR-2022,
OPTSTK,BAJAJ-AUTO,26-May-2022,3080.0,PE,0.0,0.0,0.0,57.15,3.95,0,0.0,0,0,18-APR-2022,
OPTSTK,BAJAJ-AUTO,26-May-2022,3100.0,PE,0.0,0.0,0.0,61.7,4.65,0,0.0,0,0,18-APR-2022,
OPTSTK,BAJAJ-AUTO,26-May-2022,3120.0,PE,0.0,0.0,0.0,66.45,5.45,0,0.0,0,0,18-APR-2022,
OPTSTK,BAJAJ-AUTO,26-May-2022,3140.0,PE,0.0,0.0,0.0,71.6,6.4,0,0.0,0,0,18-APR-2022,
OPTSTK,BAJAJ-AUTO,26-May-2022,3150.0,PE,0.0,0.0,0.0,22.15,6.9,0,0.0,0,0,18-APR-2022,
OPTSTK,BAJAJ-AUTO,26-May-2022,3160.0,PE,0.0,0.0,0.0,76.9,7.45,0,0.0,0,0,18-APR-2022,
OPTSTK,BAJAJ-AUTO,26-May-2022,3180.0,PE,0.0,0.0,0.0,82.4,8.65,0,0.0,0,0,18-APR-2022,
OPTSTK,BAJAJ-AUTO,26-May-2022,3200.0,PE,0.0,0.0,0.0,88.25,10.0,0,0.0,0,0,18-APR-2022,
OPTSTK,BAJAJ-AUTO,26-May-2022,3220.0,PE,0.0,0.0,0.0,94.2,11.5,0,0.0,0,0,18-APR-2022,
OPTSTK,BAJAJ-AUTO,26-May-2022,3240.0,PE,0.0,0.0,0.0,100.55,13.2,0,0.0,0,0,18-APR-2022,
OPTSTK,BAJAJ-AUTO,26-May-2022,3250.0,PE,0.0,0.0,0.0,36.85,14.15,0,0.0,0,0,18-APR-2022,
OPTSTK,BAJAJ-AUTO,26-May-2022,3260.0,PE,0.0,0.0,0.0,107.25,15.1,0,0.0,0,0,18-APR-2022,
OPTSTK,BAJAJ-AUTO,26-May-2022,3280.0,PE,0.0,0.0,0.0,114.2,17.25,0,0.0,0,0,18-APR-2022,
OPTSTK,BAJAJ-AUTO,26-May-2022,3300.0,PE,0.0,0.0,0.0,121.4,19.6,0,0.0,0,0,18-APR-2022,
OPTSTK,BAJAJ-AUTO,26-May-2022,3320.0,PE,0.0,0.0,0.0,128.95,22.15,0,0.0,0,0,18-APR-2022,
OPTSTK,BAJAJ-AUTO,26-May-2022,3340.0,PE,0.0,0.0,0.0,136.75,25.0,0,0.0,0,0,18-APR-2022,
OPTSTK,BAJAJ-AUTO,26-May-2022,3350.0,PE,0.0,0.0,0.0,57.95,26.5,0,0.0,0,0,18-APR-2022,
OPTSTK,BAJAJ-AUTO,26-May-2022,3360.0,PE,0.0,0.0,0.0,144.85,28.1,0,0.0,0,0,18-APR-2022,
OPTSTK,BAJAJ-AUTO,26-May-2022,3380.0,PE,0.0,0.0,0.0,153.25,31.5,0,0.0,0,0,18-APR-2022,
OPTSTK,BAJAJ-AUTO,26-May-2022,3400.0,PE,18.9,18.9,18.9,18.9,35.2,2,17.09,500,500,18-APR-2022,
OPTSTK,BAJAJ-AUTO,26-May-2022,3420.0,PE,0.0,0.0,0.0,170.95,39.2,0,0.0,0,0,18-APR-2022,
OPTSTK,BAJAJ-AUTO,26-May-2022,3440.0,PE,0.0,0.0,0.0,180.2,43.55,0,0.0,0,0,18-APR-2022,
OPTSTK,BAJAJ-AUTO,26-May-2022,3450.0,PE,0.0,0.0,0.0,86.4,45.85,0,0.0,0,0,18-APR-2022,
OPTSTK,BAJAJ-AUTO,26-May-2022,3460.0,PE,0.0,0.0,0.0,189.8,48.25,0,0.0,0,0,18-APR-2022,
OPTSTK,BAJAJ-AUTO,26-May-2022,3480.0,PE,0.0,0.0,0.0,199.65,53.45,0,0.0,0,0,18-APR-2022,
OPTSTK,BAJAJ-AUTO,26-May-2022,3500.0,PE,0.0,0.0,0.0,60.0,58.8,0,0.0,1250,0,18-APR-2022,
OPTSTK,BAJAJ-AUTO,26-May-2022,3520.0,PE,0.0,0.0,0.0,220.2,64.45,0,0.0,0,0,18-APR-2022,
OPTSTK,BAJAJ-AUTO,26-May-2022,3540.0,PE,0.0,0.0,0.0,230.95,70.6,0,0.0,0,0,18-APR-2022,
OPTSTK,BAJAJ-AUTO,26-May-2022,3550.0,PE,0.0,0.0,0.0,123.2,73.85,0,0.0,0,0,18-APR-2022,
OPTSTK,BAJAJ-AUTO,26-May-2022,3560.0,PE,0.0,0.0,0.0,241.95,77.2,0,0.0,0,0,18-APR-2022,
OPTSTK,BAJAJ-AUTO,26-May-2022,3580.0,PE,0.0,0.0,0.0,253.2,84.2,0,0.0,0,0,18-APR-2022,
OPTSTK,BAJAJ-AUTO,26-May-2022,3600.0,PE,0.0,0.0,0.0,84.0,91.55,0,0.0,1500,0,18-APR-2022,
OPTSTK,BAJAJ-AUTO,26-May-2022,3620.0,PE,0.0,0.0,0.0,276.6,99.4,0,0.0,0,0,18-APR-2022,
OPTSTK,BAJAJ-AUTO,26-May-2022,3640.0,PE,0.0,0.0,0.0,288.7,107.6,0,0.0,0,0,18-APR-2022,
OPTSTK,BAJAJ-AUTO,26-May-2022,3650.0,PE,0.0,0.0,0.0,168.65,111.9,0,0.0,0,0,18-APR-2022,
OPTSTK,BAJAJ-AUTO,26-May-2022,3660.0,PE,0.0,0.0,0.0,301.05,116.25,0,0.0,0,0,18-APR-2022,
OPTSTK,BAJAJ-AUTO,26-May-2022,3680.0,PE,0.0,0.0,0.0,313.65,125.35,0,0.0,0,0,18-APR-2022,
OPTSTK,BAJAJ-AUTO,26-May-2022,3700.0,PE,0.0,0.0,0.0,326.55,134.8,0,0.0,0,0,18-APR-2022,
OPTSTK,BAJAJ-AUTO,26-May-2022,3720.0,PE,0.0,0.0,0.0,339.65,144.7,0,0.0,0,0,18-APR-2022,
OPTSTK,BAJAJ-AUTO,26-May-2022,3740.0,PE,0.0,0.0,0.0,353.0,155.05,0,0.0,0,0,18-APR-2022,
OPTSTK,BAJAJ-AUTO,26-May-2022,3750.0,PE,0.0,0.0,0.0,222.75,160.4,0,0.0,0,0,18-APR-2022,
OPTSTK,BAJAJ-AUTO,26-May-2022,3760.0,PE,0.0,0.0,0.0,366.65,165.8,0,0.0,0,0,18-APR-2022,
OPTSTK,BAJAJ-AUTO,26-May-2022,3780.0,PE,0.0,0.0,0.0,380.45,177.0,0,0.0,0,0,18-APR-2022,
OPTSTK,BAJAJ-AUTO,26-May-2022,3800.0,PE,0.0,0.0,0.0,394.55,188.55,0,0.0,0,0,18-APR-2022,
OPTSTK,BAJAJ-AUTO,26-May-2022,3820.0,PE,0.0,0.0,0.0,408.85,200.55,0,0.0,0,0,18-APR-2022,
OPTSTK,BAJAJ-AUTO,26-May-2022,3840.0,PE,0.0,0.0,0.0,423.35,212.9,0,0.0,0,0,18-APR-2022,
OPTSTK,BAJAJ-AUTO,26-May-2022,3850.0,PE,0.0,0.0,0.0,285.1,219.25,0,0.0,0,0,18-APR-2022,
OPTSTK,BAJAJ-AUTO,26-May-2022,3860.0,PE,0.0,0.0,0.0,438.25,225.65,0,0.0,0,0,18-APR-2022,
OPTSTK,BAJAJ-AUTO,26-May-2022,3880.0,PE,0.0,0.0,0.0,453.2,238.8,0,0.0,0,0,18-APR-2022,
OPTSTK,BAJAJ-AUTO,26-May-2022,3900.0,PE,0.0,0.0,0.0,468.35,252.3,0,0.0,0,0,18-APR-2022,
OPTSTK,BAJAJ-AUTO,26-May-2022,3920.0,PE,0.0,0.0,0.0,483.7,266.15,0,0.0,0,0,18-APR-2022,
OPTSTK,BAJAJ-AUTO,26-May-2022,3940.0,PE,0.0,0.0,0.0,499.25,280.35,0,0.0,0,0,18-APR-2022,
OPTSTK,BAJAJ-AUTO,26-May-2022,3950.0,PE,0.0,0.0,0.0,354.9,287.6,0,0.0,0,0,18-APR-2022,
OPTSTK,BAJAJ-AUTO,26-May-2022,3960.0,PE,0.0,0.0,0.0,514.85,294.9,0,0.0,0,0,18-APR-2022,
OPTSTK,BAJAJ-AUTO,26-May-2022,3980.0,PE,0.0,0.0,0.0,530.75,309.95,0,0.0,0,0,18-APR-2022,
OPTSTK,BAJAJ-AUTO,26-May-2022,4000.0,PE,0.0,0.0,0.0,546.8,325.15,0,0.0,0,0,18-APR-2022,
OPTSTK,BAJAJ-AUTO,26-May-2022,4020.0,PE,0.0,0.0,0.0,563.05,340.5,0,0.0,0,0,18-APR-2022,
OPTSTK,BAJAJ-AUTO,26-May-2022,4040.0,PE,0.0,0.0,0.0,579.4,356.25,0,0.0,0,0,18-APR-2022,
OPTSTK,BAJAJ-AUTO,26-May-2022,4050.0,PE,0.0,0.0,0.0,431.35,364.2,0,0.0,0,0,18-APR-2022,
OPTSTK,BAJAJ-AUTO,26-May-2022,4060.0,PE,0.0,0.0,0.0,595.95,372.25,0,0.0,0,0,18-APR-2022,
OPTSTK,BAJAJ-AUTO,26-May-2022,4080.0,PE,0.0,0.0,0.0,612.65,388.55,0,0.0,0,0,18-APR-2022,
OPTSTK,BAJAJ-AUTO,26-May-2022,4100.0,PE,0.0,0.0,0.0,629.5,405.1,0,0.0,0,0,18-APR-2022,
OPTSTK,BAJAJ-AUTO,26-May-2022,4150.0,PE,0.0,0.0,0.0,513.25,447.45,0,0.0,0,0,18-APR-2022,
OPTSTK,BAJAJ-AUTO,26-May-2022,4200.0,PE,0.0,0.0,0.0,715.75,491.05,0,0.0,0,0,18-APR-2022,
OPTSTK,BAJAJ-AUTO,26-May-2022,4250.0,PE,0.0,0.0,0.0,599.6,535.8,0,0.0,0,0,18-APR-2022,
OPTSTK,BAJAJ-AUTO,26-May-2022,4300.0,PE,0.0,0.0,0.0,778.9,581.5,0,0.0,0,0,18-APR-2022,
OPTSTK,BAJAJ-AUTO,26-May-2022,4350.0,PE,0.0,0.0,0.0,689.5,628.0,0,0.0,0,0,18-APR-2022,
OPTSTK,BAJAJ-AUTO,26-May-2022,4400.0,PE,0.0,0.0,0.0,740.9,675.15,0,0.0,0,0,18-APR-2022,
OPTSTK,BAJAJ-AUTO,26-May-2022,4450.0,PE,0.0,0.0,0.0,782.15,722.85,0,0.0,0,0,18-APR-2022,
OPTSTK,BAJAJ-AUTO,26-May-2022,4500.0,PE,0.0,0.0,0.0,829.25,770.95,0,0.0,0,0,18-APR-2022,
OPTSTK,BAJAJ-AUTO,30-Jun-2022,2700.0,CE,0.0,0.0,0.0,986.15,1038.8,0,0.0,0,0,18-APR-2022,
OPTSTK,BAJAJ-AUTO,30-Jun-2022,2750.0,CE,0.0,0.0,0.0,938.35,989.95,0,0.0,0,0,18-APR-2022,
OPTSTK,BAJAJ-AUTO,30-Jun-2022,2800.0,CE,0.0,0.0,0.0,891.05,941.35,0,0.0,0,0,18-APR-2022,
OPTSTK,BAJAJ-AUTO,30-Jun-2022,2850.0,CE,0.0,0.0,0.0,844.3,893.1,0,0.0,0,0,18-APR-2022,
OPTSTK,BAJAJ-AUTO,30-Jun-2022,2900.0,CE,0.0,0.0,0.0,798.25,845.25,0,0.0,0,0,18-APR-2022,
OPTSTK,BAJAJ-AUTO,30-Jun-2022,2950.0,CE,0.0,0.0,0.0,752.95,797.95,0,0.0,0,0,18-APR-2022,
OPTSTK,BAJAJ-AUTO,30-Jun-2022,3000.0,CE,0.0,0.0,0.0,708.5,751.3,0,0.0,0,0,18-APR-2022,
OPTSTK,BAJAJ-AUTO,30-Jun-2022,3050.0,CE,0.0,0.0,0.0,665.05,705.4,0,0.0,0,0,18-APR-2022,
OPTSTK,BAJAJ-AUTO,30-Jun-2022,3100.0,CE,0.0,0.0,0.0,622.7,660.35,0,0.0,0,0,18-APR-2022,
OPTSTK,BAJAJ-AUTO,30-Jun-2022,3150.0,CE,0.0,0.0,0.0,581.5,616.3,0,0.0,0,0,18-APR-2022,
OPTSTK,BAJAJ-AUTO,30-Jun-2022,3200.0,CE,0.0,0.0,0.0,541.6,573.4,0,0.0,0,0,18-APR-2022,
OPTSTK,BAJAJ-AUTO,30-Jun-2022,3250.0,CE,0.0,0.0,0.0,503.1,531.8,0,0.0,0,0,18-APR-2022,
OPTSTK,BAJAJ-AUTO,30-Jun-2022,3300.0,CE,0.0,0.0,0.0,466.15,491.55,0,0.0,0,0,18-APR-2022,
OPTSTK,BAJAJ-AUTO,30-Jun-2022,3350.0,CE,0.0,0.0,0.0,430.6,452.8,0,0.0,0,0,18-APR-2022,
OPTSTK,BAJAJ-AUTO,30-Jun-2022,3400.0,CE,0.0,0.0,0.0,396.5,415.75,0,0.0,0,0,18-APR-2022,
OPTSTK,BAJAJ-AUTO,30-Jun-2022,3450.0,CE,0.0,0.0,0.0,364.3,380.15,0,0.0,0,0,18-APR-2022,
OPTSTK,BAJAJ-AUTO,30-Jun-2022,3500.0,CE,0.0,0.0,0.0,333.7,346.5,0,0.0,0,0,18-APR-2022,
OPTSTK,BAJAJ-AUTO,30-Jun-2022,3550.0,CE,0.0,0.0,0.0,304.85,314.7,0,0.0,0,0,18-APR-2022,
OPTSTK,BAJAJ-AUTO,30-Jun-2022,3600.0,CE,0.0,0.0,0.0,277.75,284.75,0,0.0,0,0,18-APR-2022,
OPTSTK,BAJAJ-AUTO,30-Jun-2022,3650.0,CE,0.0,0.0,0.0,252.3,256.75,0,0.0,0,0,18-APR-2022,
OPTSTK,BAJAJ-AUTO,30-Jun-2022,3700.0,CE,0.0,0.0,0.0,228.55,230.65,0,0.0,0,0,18-APR-2022,
OPTSTK,BAJAJ-AUTO,30-Jun-2022,3750.0,CE,0.0,0.0,0.0,206.5,206.45,0,0.0,0,0,18-APR-2022,
OPTSTK,BAJAJ-AUTO,30-Jun-2022,3800.0,CE,0.0,0.0,0.0,186.05,184.15,0,0.0,0,0,18-APR-2022,
OPTSTK,BAJAJ-AUTO,30-Jun-2022,3850.0,CE,0.0,0.0,0.0,167.2,163.65,0,0.0,0,0,18-APR-2022,
OPTSTK,BAJAJ-AUTO,30-Jun-2022,3900.0,CE,0.0,0.0,0.0,149.85,144.9,0,0.0,0,0,18-APR-2022,
OPTSTK,BAJAJ-AUTO,30-Jun-2022,3950.0,CE,0.0,0.0,0.0,133.9,127.85,0,0.0,0,0,18-APR-2022,
OPTSTK,BAJAJ-AUTO,30-Jun-2022,4000.0,CE,0.0,0.0,0.0,119.4,112.4,0,0.0,0,0,18-APR-2022,
OPTSTK,BAJAJ-AUTO,30-Jun-2022,4050.0,CE,0.0,0.0,0.0,106.15,98.5,0,0.0,0,0,18-APR-2022,
OPTSTK,BAJAJ-AUTO,30-Jun-2022,4100.0,CE,0.0,0.0,0.0,94.4,86.2,0,0.0,0,0,18-APR-2022,
OPTSTK,BAJAJ-AUTO,30-Jun-2022,4150.0,CE,0.0,0.0,0.0,83.6,75.1,0,0.0,0,0,18-APR-2022,
OPTSTK,BAJAJ-AUTO,30-Jun-2022,4200.0,CE,0.0,0.0,0.0,73.7,65.0,0,0.0,0,0,18-APR-2022,
OPTSTK,BAJAJ-AUTO,30-Jun-2022,4250.0,CE,0.0,0.0,0.0,64.9,56.2,0,0.0,0,0,18-APR-2022,
OPTSTK,BAJAJ-AUTO,30-Jun-2022,4300.0,CE,0.0,0.0,0.0,57.05,48.45,0,0.0,0,0,18-APR-2022,
OPTSTK,BAJAJ-AUTO,30-Jun-2022,4350.0,CE,0.0,0.0,0.0,50.0,41.65,0,0.0,0,0,18-APR-2022,
OPTSTK,BAJAJ-AUTO,30-Jun-2022,4400.0,CE,0.0,0.0,0.0,43.75,35.65,0,0.0,0,0,18-APR-2022,
OPTSTK,BAJAJ-AUTO,30-Jun-2022,4450.0,CE,0.0,0.0,0.0,38.2,30.45,0,0.0,0,0,18-APR-2022,
OPTSTK,BAJAJ-AUTO,30-Jun-2022,4500.0,CE,0.0,0.0,0.0,33.25,25.95,0,0.0,0,0,18-APR-2022,
OPTSTK,BAJAJ-AUTO,30-Jun-2022,2700.0,PE,0.0,0.0,0.0,4.75,1.5,0,0.0,0,0,18-APR-2022,
OPTSTK,BAJAJ-AUTO,30-Jun-2022,2750.0,PE,0.0,0.0,0.0,6.45,2.25,0,0.0,0,0,18-APR-2022,
OPTSTK,BAJAJ-AUTO,30-Jun-2022,2800.0,PE,0.0,0.0,0.0,8.6,3.2,0,0.0,0,0,18-APR-2022,
OPTSTK,BAJAJ-AUTO,30-Jun-2022,2850.0,PE,0.0,0.0,0.0,11.35,4.5,0,0.0,0,0,18-APR-2022,
OPTSTK,BAJAJ-AUTO,30-Jun-2022,2900.0,PE,0.0,0.0,0.0,14.75,6.25,0,0.0,0,0,18-APR-2022,
OPTSTK,BAJAJ-AUTO,30-Jun-2022,2950.0,PE,0.0,0.0,0.0,18.95,8.55,0,0.0,0,0,18-APR-2022,
OPTSTK,BAJAJ-AUTO,30-Jun-2022,3000.0,PE,0.0,0.0,0.0,23.95,11.45,0,0.0,0,0,18-APR-2022,
OPTSTK,BAJAJ-AUTO,30-Jun-2022,3050.0,PE,0.0,0.0,0.0,30.0,15.1,0,0.0,0,0,18-APR-2022,
OPTSTK,BAJAJ-AUTO,30-Jun-2022,3100.0,PE,0.0,0.0,0.0,37.1,19.65,0,0.0,0,0,18-APR-2022,
OPTSTK,BAJAJ-AUTO,30-Jun-2022,3150.0,PE,0.0,0.0,0.0,45.4,25.2,0,0.0,0,0,18-APR-2022,
OPTSTK,BAJAJ-AUTO,30-Jun-2022,3200.0,PE,0.0,0.0,0.0,54.95,31.9,0,0.0,0,0,18-APR-2022,
OPTSTK,BAJAJ-AUTO,30-Jun-2022,3250.0,PE,0.0,0.0,0.0,65.9,39.85,0,0.0,0,0,18-APR-2022,
OPTSTK,BAJAJ-AUTO,30-Jun-2022,3300.0,PE,0.0,0.0,0.0,78.45,49.15,0,0.0,0,0,18-APR-2022,
OPTSTK,BAJAJ-AUTO,30-Jun-2022,3350.0,PE,0.0,0.0,0.0,92.35,60.0,0,0.0,0,0,18-APR-2022,
OPTSTK,BAJAJ-AUTO,30-Jun-2022,3400.0,PE,0.0,0.0,0.0,107.75,72.55,0,0.0,0,0,18-APR-2022,
OPTSTK,BAJAJ-AUTO,30-Jun-2022,3450.0,PE,0.0,0.0,0.0,125.0,86.5,0,0.0,0,0,18-APR-2022,
OPTSTK,BAJAJ-AUTO,30-Jun-2022,3500.0,PE,0.0,0.0,0.0,100.0,102.4,0,0.0,500,0,18-APR-2022,
OPTSTK,BAJAJ-AUTO,30-Jun-2022,3550.0,PE,0.0,0.0,0.0,164.55,120.2,0,0.0,0,0,18-APR-2022,
OPTSTK,BAJAJ-AUTO,30-Jun-2022,3600.0,PE,0.0,0.0,0.0,186.9,139.85,0,0.0,0,0,18-APR-2022,
OPTSTK,BAJAJ-AUTO,30-Jun-2022,3650.0,PE,0.0,0.0,0.0,210.9,161.4,0,0.0,0,0,18-APR-2022,
OPTSTK,BAJAJ-AUTO,30-Jun-2022,3700.0,PE,198.8,198.8,198.8,198.8,184.9,1,9.74,250,250,18-APR-2022,
OPTSTK,BAJAJ-AUTO,30-Jun-2022,3750.0,PE,0.0,0.0,0.0,264.05,210.25,0,0.0,0,0,18-APR-2022,
OPTSTK,BAJAJ-AUTO,30-Jun-2022,3800.0,PE,0.0,0.0,0.0,293.1,237.5,0,0.0,0,0,18-APR-2022,
OPTSTK,BAJAJ-AUTO,30-Jun-2022,3850.0,PE,0.0,0.0,0.0,323.7,266.6,0,0.0,0,0,18-APR-2022,
OPTSTK,BAJAJ-AUTO,30-Jun-2022,3900.0,PE,0.0,0.0,0.0,355.8,297.45,0,0.0,0,0,18-APR-2022,
OPTSTK,BAJAJ-AUTO,30-Jun-2022,3950.0,PE,0.0,0.0,0.0,389.4,329.95,0,0.0,0,0,18-APR-2022,
OPTSTK,BAJAJ-AUTO,30-Jun-2022,4000.0,PE,0.0,0.0,0.0,424.35,364.1,0,0.0,0,0,18-APR-2022,
OPTSTK,BAJAJ-AUTO,30-Jun-2022,4050.0,PE,0.0,0.0,0.0,460.6,399.75,0,0.0,0,0,18-APR-2022,
OPTSTK,BAJAJ-AUTO,30-Jun-2022,4100.0,PE,0.0,0.0,0.0,498.3,437.05,0,0.0,0,0,18-APR-2022,
OPTSTK,BAJAJ-AUTO,30-Jun-2022,4150.0,PE,0.0,0.0,0.0,536.95,475.5,0,0.0,0,0,18-APR-2022,
OPTSTK,BAJAJ-AUTO,30-Jun-2022,4200.0,PE,0.0,0.0,0.0,576.5,515.0,0,0.0,0,0,18-APR-2022,
OPTSTK,BAJAJ-AUTO,30-Jun-2022,4250.0,PE,0.0,0.0,0.0,617.2,555.8,0,0.0,0,0,18-APR-2022,
OPTSTK,BAJAJ-AUTO,30-Jun-2022,4300.0,PE,0.0,0.0,0.0,658.8,597.6,0,0.0,0,0,18-APR-2022,
OPTSTK,BAJAJ-AUTO,30-Jun-2022,4350.0,PE,0.0,0.0,0.0,701.25,640.35,0,0.0,0,0,18-APR-2022,
OPTSTK,BAJAJ-AUTO,30-Jun-2022,4400.0,PE,0.0,0.0,0.0,744.5,684.0,0,0.0,0,0,18-APR-2022,
OPTSTK,BAJAJ-AUTO,30-Jun-2022,4450.0,PE,0.0,0.0,0.0,788.4,728.35,0,0.0,0,0,18-APR-2022,
OPTSTK,BAJAJ-AUTO,30-Jun-2022,4500.0,PE,0.0,0.0,0.0,832.95,773.4,0,0.0,0,0,18-APR-2022,
OPTSTK,BAJAJFINSV,28-Apr-2022,10750.0,CE,0.0,0.0,0.0,4790.0,5089.15,0,0.0,0,0,18-APR-2022,
OPTSTK,BAJAJFINSV,28-Apr-2022,11000.0,CE,0.0,0.0,0.0,4700.0,4839.45,0,0.0,50,0,18-APR-2022,
OPTSTK,BAJAJFINSV,28-Apr-2022,11250.0,CE,0.0,0.0,0.0,4336.5,4589.75,0,0.0,0,0,18-APR-2022,
OPTSTK,BAJAJFINSV,28-Apr-2022,11500.0,CE,0.0,0.0,0.0,4115.85,4340.0,0,0.0,0,0,18-APR-2022,
OPTSTK,BAJAJFINSV,28-Apr-2022,11750.0,CE,0.0,0.0,0.0,3899.75,4090.3,0,0.0,0,0,18-APR-2022,
OPTSTK,BAJAJFINSV,28-Apr-2022,12000.0,CE,0.0,0.0,0.0,5240.0,3840.6,0,0.0,550,0,18-APR-2022,
OPTSTK,BAJAJFINSV,28-Apr-2022,12250.0,CE,0.0,0.0,0.0,3482.9,3590.95,0,0.0,0,0,18-APR-2022,
OPTSTK,BAJAJFINSV,28-Apr-2022,12500.0,CE,0.0,0.0,0.0,3282.95,3341.35,0,0.0,0,0,18-APR-2022,
OPTSTK,BAJAJFINSV,28-Apr-2022,12750.0,CE,0.0,0.0,0.0,3089.05,3091.95,0,0.0,0,0,18-APR-2022,
OPTSTK,BAJAJFINSV,28-Apr-2022,13000.0,CE,2800.85,2800.85,2800.85,2800.85,2843.0,1,7.9,1400,0,18-APR-2022,
OPTSTK,BAJAJFINSV,28-Apr-2022,13250.0,CE,0.0,0.0,0.0,2721.0,2594.95,0,0.0,0,0,18-APR-2022,
OPTSTK,BAJAJFINSV,28-Apr-2022,13500.0,CE,0.0,0.0,0.0,2546.85,2348.45,0,0.0,0,0,18-APR-2022,
OPTSTK,BAJAJFINSV,28-Apr-2022,13750.0,CE,2200.0,2200.0,2150.0,2150.0,2104.65,2,15.92,300,0,18-APR-2022,
OPTSTK,BAJAJFINSV,28-Apr-2022,14000.0,CE,0.0,0.0,0.0,2370.0,1865.2,0,0.0,350,0,18-APR-2022,
OPTSTK,BAJAJFINSV,28-Apr-2022,14250.0,CE,0.0,0.0,0.0,2435.0,1632.15,0,0.0,100,0,18-APR-2022,
OPTSTK,BAJAJFINSV,28-Apr-2022,14500.0,CE,1400.0,1400.0,1400.0,1400.0,1408.15,1,7.95,50,-50,18-APR-2022,
OPTSTK,BAJAJFINSV,28-Apr-2022,14750.0,CE,0.0,0.0,0.0,1783.8,1195.95,0,0.0,0,0,18-APR-2022,
OPTSTK,BAJAJFINSV,28-Apr-2022,15000.0,CE,875.0,875.0,875.0,875.0,998.5,1,7.93,400,50,18-APR-2022,
OPTSTK,BAJAJFINSV,28-Apr-2022,15250.0,CE,0.0,0.0,0.0,1529.6,818.25,0,0.0,0,0,18-APR-2022,
OPTSTK,BAJAJFINSV,28-Apr-2022,15500.0,CE,0.0,0.0,0.0,1384.4,657.7,0,0.0,50,0,18-APR-2022,
OPTSTK,BAJAJFINSV,28-Apr-2022,15750.0,CE,545.15,550.15,422.0,492.3,492.3,192,1557.93,2950,2950,18-APR-2022,
OPTSTK,BAJAJFINSV,28-Apr-2022,16000.0,CE,388.3,458.4,314.8,366.85,366.85,1350,11052.99,13800,9100,18-APR-2022,
OPTSTK,BAJAJFINSV,28-Apr-2022,16250.0,CE,240.75,343.2,229.0,268.1,268.1,505,4172.47,7550,1750,18-APR-2022,
OPTSTK,BAJAJFINSV,28-Apr-2022,16500.0,CE,280.05,280.05,160.05,189.3,189.3,1821,15202.6,37800,5800,18-APR-2022,
OPTSTK,BAJAJFINSV,28-Apr-2022,16750.0,CE,205.95,205.95,114.9,136.3,136.3,634,5355.13,18050,-200,18-APR-2022,
OPTSTK,BAJAJFINSV,28-Apr-2022,17000.0,CE,123.45,138.45,80.9,97.05,97.05,3056,26133.93,105750,21800,18-APR-2022,
OPTSTK,BAJAJFINSV,28-Apr-2022,17250.0,CE,51.35,102.2,5.65,72.7,72.7,572,4956.11,33050,100,18-APR-2022,
OPTSTK,BAJAJFINSV,28-Apr-2022,17500.0,CE,92.45,92.45,46.2,55.4,55.4,2178,19119.25,89900,-6200,18-APR-2022,
OPTSTK,BAJAJFINSV,28-Apr-2022,17750.0,CE,44.05,59.35,37.4,44.75,44.75,380,3381.29,12700,700,18-APR-2022,
OPTSTK,BAJAJFINSV,28-Apr-2022,18000.0,CE,41.05,49.95,30.0,36.05,36.05,2241,20209.74,84850,-400,18-APR-2022,
OPTSTK,BAJAJFINSV,28-Apr-2022,18250.0,CE,30.85,38.45,23.8,29.4,29.4,339,3098.27,8850,2050,18-APR-2022,
OPTSTK,BAJAJFINSV,28-Apr-2022,18500.0,CE,33.05,34.0,20.5,27.35,27.35,675,6252.34,26250,-2400,18-APR-2022,
OPTSTK,BAJAJFINSV,28-Apr-2022,18750.0,CE,21.8,30.15,17.75,24.7,24.7,293,2750.02,9600,-200,18-APR-2022,
OPTSTK,BAJAJFINSV,28-Apr-2022,19000.0,CE,16.0,22.0,12.05,20.25,20.25,916,8710.26,50600,-500,18-APR-2022,
OPTSTK,BAJAJFINSV,28-Apr-2022,19250.0,CE,12.25,19.6,12.25,19.15,19.15,166,1599.08,4000,0,18-APR-2022,
OPTSTK,BAJAJFINSV,28-Apr-2022,19500.0,CE,11.95,17.25,11.7,16.75,16.75,358,3493.06,13000,-200,18-APR-2022,
OPTSTK,BAJAJFINSV,28-Apr-2022,19750.0,CE,0.0,0.0,0.0,300.75,0.6,0,0.0,0,0,18-APR-2022,
OPTSTK,BAJAJFINSV,28-Apr-2022,20000.0,CE,11.35,14.4,9.0,13.75,13.75,554,5543.37,28200,-2400,18-APR-2022,
OPTSTK,BAJAJFINSV,28-Apr-2022,20250.0,CE,0.0,0.0,0.0,245.5,0.2,0,0.0,0,0,18-APR-2022,
OPTSTK,BAJAJFINSV,28-Apr-2022,20500.0,CE,0.0,0.0,0.0,11.35,0.1,0,0.0,3900,0,18-APR-2022,
OPTSTK,BAJAJFINSV,28-Apr-2022,20750.0,CE,0.0,0.0,0.0,199.75,0.05,0,0.0,0,0,18-APR-2022,
OPTSTK,BAJAJFINSV,28-Apr-2022,21000.0,CE,10.95,11.0,5.85,6.0,6.0,32,336.1,7400,-450,18-APR-2022,
OPTSTK,BAJAJFINSV,28-Apr-2022,21250.0,CE,0.0,0.0,0.0,5.0,0.05,0,0.0,0,0,18-APR-2022,
OPTSTK,BAJAJFINSV,28-Apr-2022,21500.0,CE,0.0,0.0,0.0,145.65,0.05,0,0.0,0,0,18-APR-2022,
OPTSTK,BAJAJFINSV,28-Apr-2022,21750.0,CE,0.0,0.0,0.0,130.9,0.0,0,0.0,0,0,18-APR-2022,
OPTSTK,BAJAJFINSV,28-Apr-2022,22000.0,CE,3.15,3.25,0.15,3.25,3.25,23,253.01,1450,-950,18-APR-2022,
OPTSTK,BAJAJFINSV,28-Apr-2022,22250.0,CE,0.0,0.0,0.0,105.5,0.0,0,0.0,0,0,18-APR-2022,
OPTSTK,BAJAJFINSV,28-Apr-2022,10750.0,PE,0.0,0.0,0.0,68.15,0.0,0,0.0,0,0,18-APR-2022,
OPTSTK,BAJAJFINSV,28-Apr-2022,11000.0,PE,0.0,0.0,0.0,86.95,0.0,0,0.0,0,0,18-APR-2022,
OPTSTK,BAJAJFINSV,28-Apr-2022,11250.0,PE,0.0,0.0,0.0,109.5,0.0,0,0.0,0,0,18-APR-2022,
OPTSTK,BAJAJFINSV,28-Apr-2022,11500.0,PE,0.0,0.0,0.0,136.2,0.0,0,0.0,0,0,18-APR-2022,
OPTSTK,BAJAJFINSV,28-Apr-2022,11750.0,PE,0.0,0.0,0.0,167.5,0.05,0,0.0,0,0,18-APR-2022,
OPTSTK,BAJAJFINSV,28-Apr-2022,12000.0,PE,0.0,0.0,0.0,4.0,0.05,0,0.0,300,0,18-APR-2022,
OPTSTK,BAJAJFINSV,28-Apr-2022,12250.0,PE,0.0,0.0,0.0,245.45,0.1,0,0.0,0,0,18-APR-2022,
OPTSTK,BAJAJFINSV,28-Apr-2022,12500.0,PE,0.0,0.0,0.0,292.85,0.25,0,0.0,0,0,18-APR-2022,
OPTSTK,BAJAJFINSV,28-Apr-2022,12750.0,PE,0.0,0.0,0.0,346.35,0.55,0,0.0,0,0,18-APR-2022,
OPTSTK,BAJAJFINSV,28-Apr-2022,13000.0,PE,15.0,15.0,6.0,8.25,8.25,100,650.53,3550,100,18-APR-2022,
OPTSTK,BAJAJFINSV,28-Apr-2022,13250.0,PE,0.0,0.0,0.0,473.15,2.95,0,0.0,0,0,18-APR-2022,
OPTSTK,BAJAJFINSV,28-Apr-2022,13500.0,PE,29.9,29.9,29.9,29.9,6.2,2,13.52,200,100,18-APR-2022,
OPTSTK,BAJAJFINSV,28-Apr-2022,13750.0,PE,4.1,25.0,4.1,25.0,12.1,3,20.64,50,50,18-APR-2022,
OPTSTK,BAJAJFINSV,28-Apr-2022,14000.0,PE,50.0,55.0,26.6,29.85,29.85,461,3235.6,9900,350,18-APR-2022,
OPTSTK,BAJAJFINSV,28-Apr-2022,14250.0,PE,48.0,48.0,48.0,48.0,39.1,1,7.14,100,50,18-APR-2022,
OPTSTK,BAJAJFINSV,28-Apr-2022,14500.0,PE,81.0,98.25,51.0,59.15,59.15,662,4824.7,14100,2650,18-APR-2022,
OPTSTK,BAJAJFINSV,28-Apr-2022,14750.0,PE,86.8,117.0,76.65,88.7,88.7,42,311.93,1050,1000,18-APR-2022,
OPTSTK,BAJAJFINSV,28-Apr-2022,15000.0,PE,190.95,191.0,105.3,120.45,120.45,966,7314.0,32100,-2350,18-APR-2022,
OPTSTK,BAJAJFINSV,28-Apr-2022,15250.0,PE,196.0,245.05,160.3,175.8,175.8,264,2039.79,3500,550,18-APR-2022,
OPTSTK,BAJAJFINSV,28-Apr-2022,15500.0,PE,317.45,354.85,229.0,247.8,247.8,644,5085.5,17650,-5600,18-APR-2022,
OPTSTK,BAJAJFINSV,28-Apr-2022,15750.0,PE,364.7,462.55,322.55,348.05,348.05,440,3550.96,4050,-1000,18-APR-2022,
OPTSTK,BAJAJFINSV,28-Apr-2022,16000.0,PE,438.35,602.0,435.0,491.55,491.55,638,5265.85,21250,-1150,18-APR-2022,
OPTSTK,BAJAJFINSV,28-Apr-2022,16250.0,PE,663.25,734.7,574.75,597.25,597.25,86,727.0,4900,-700,18-APR-2022,
OPTSTK,BAJAJFINSV,28-Apr-2022,16500.0,PE,831.75,937.1,737.25,813.7,813.7,114,987.75,15850,-1300,18-APR-2022,
OPTSTK,BAJAJFINSV,28-Apr-2022,16750.0,PE,1000.0,1081.45,940.0,1081.45,1064.55,15,133.27,4050,-400,18-APR-2022,
OPTSTK,BAJAJFINSV,28-Apr-2022,17000.0,PE,1150.0,1350.0,1121.0,1255.85,1255.85,37,337.16,11200,-650,18-APR-2022,
OPTSTK,BAJAJFINSV,28-Apr-2022,17250.0,PE,1353.1,1535.1,1353.1,1481.1,1481.1,7,65.52,3550,-150,18-APR-2022,
OPTSTK,BAJAJFINSV,28-Apr-2022,17500.0,PE,1780.0,1780.0,1780.0,1780.0,1706.0,1,9.64,5450,0,18-APR-2022,
OPTSTK,BAJAJFINSV,28-Apr-2022,17750.0,PE,0.0,0.0,0.0,2855.9,1937.75,0,0.0,0,0,18-APR-2022,
OPTSTK,BAJAJFINSV,28-Apr-2022,18000.0,PE,0.0,0.0,0.0,1875.25,2175.15,0,0.0,1950,0,18-APR-2022,
OPTSTK,BAJAJFINSV,28-Apr-2022,18250.0,PE,0.0,0.0,0.0,3240.35,2416.6,0,0.0,0,0,18-APR-2022,
OPTSTK,BAJAJFINSV,28-Apr-2022,18500.0,PE,0.0,0.0,0.0,1812.3,2660.9,0,0.0,950,0,18-APR-2022,
OPTSTK,BAJAJFINSV,28-Apr-2022,18750.0,PE,0.0,0.0,0.0,1977.55,2907.2,0,0.0,600,0,18-APR-2022,
OPTSTK,BAJAJFINSV,28-Apr-2022,19000.0,PE,0.0,0.0,0.0,2313.7,3154.75,0,0.0,1750,0,18-APR-2022,
OPTSTK,BAJAJFINSV,28-Apr-2022,19250.0,PE,0.0,0.0,0.0,2160.0,3403.15,0,0.0,200,0,18-APR-2022,
OPTSTK,BAJAJFINSV,28-Apr-2022,19500.0,PE,3507.65,3507.65,3507.6,3507.6,3652.05,2,23.0,850,-50,18-APR-2022,
OPTSTK,BAJAJFINSV,28-Apr-2022,19750.0,PE,0.0,0.0,0.0,4485.15,3901.35,0,0.0,0,0,18-APR-2022,
OPTSTK,BAJAJFINSV,28-Apr-2022,20000.0,PE,0.0,0.0,0.0,4703.65,4150.8,0,0.0,0,0,18-APR-2022,
OPTSTK,BAJAJFINSV,28-Apr-2022,20250.0,PE,0.0,0.0,0.0,4924.75,4400.35,0,0.0,0,0,18-APR-2022,
OPTSTK,BAJAJFINSV,28-Apr-2022,20500.0,PE,0.0,0.0,0.0,5148.15,4650.0,0,0.0,0,0,18-APR-2022,
OPTSTK,BAJAJFINSV,28-Apr-2022,20750.0,PE,0.0,0.0,0.0,5373.75,4899.65,0,0.0,0,0,18-APR-2022,
OPTSTK,BAJAJFINSV,28-Apr-2022,21000.0,PE,0.0,0.0,0.0,5601.3,5149.35,0,0.0,0,0,18-APR-2022,
OPTSTK,BAJAJFINSV,28-Apr-2022,21250.0,PE,0.0,0.0,0.0,5830.75,5399.05,0,0.0,0,0,18-APR-2022,
OPTSTK,BAJAJFINSV,28-Apr-2022,21500.0,PE,0.0,0.0,0.0,6061.85,5648.8,0,0.0,0,0,18-APR-2022,
OPTSTK,BAJAJFINSV,28-Apr-2022,21750.0,PE,0.0,0.0,0.0,6294.5,5898.5,0,0.0,0,0,18-APR-2022,
OPTSTK,BAJAJFINSV,28-Apr-2022,22000.0,PE,0.0,0.0,0.0,6528.55,6148.2,0,0.0,0,0,18-APR-2022,
OPTSTK,BAJAJFINSV,28-Apr-2022,22250.0,PE,0.0,0.0,0.0,6763.9,6397.95,0,0.0,0,0,18-APR-2022,
OPTSTK,BAJAJFINSV,26-May-2022,10750.0,CE,0.0,0.0,0.0,4678.15,5126.6,0,0.0,0,0,18-APR-2022,
OPTSTK,BAJAJFINSV,26-May-2022,11000.0,CE,0.0,0.0,0.0,4450.25,4879.1,0,0.0,0,0,18-APR-2022,
OPTSTK,BAJAJFINSV,26-May-2022,11250.0,CE,0.0,0.0,0.0,4226.2,4632.35,0,0.0,0,0,18-APR-2022,
OPTSTK,BAJAJFINSV,26-May-2022,11500.0,CE,0.0,0.0,0.0,4006.5,4386.65,0,0.0,0,0,18-APR-2022,
OPTSTK,BAJAJFINSV,26-May-2022,11750.0,CE,0.0,0.0,0.0,3791.5,4142.45,0,0.0,0,0,18-APR-2022,
OPTSTK,BAJAJFINSV,26-May-2022,12000.0,CE,0.0,0.0,0.0,3581.65,3900.2,0,0.0,0,0,18-APR-2022,
OPTSTK,BAJAJFINSV,26-May-2022,12250.0,CE,0.0,0.0,0.0,3377.4,3660.5,0,0.0,0,0,18-APR-2022,
OPTSTK,BAJAJFINSV,26-May-2022,12500.0,CE,0.0,0.0,0.0,3179.0,3423.95,0,0.0,0,0,18-APR-2022,
OPTSTK,BAJAJFINSV,26-May-2022,12750.0,CE,0.0,0.0,0.0,2986.9,3191.35,0,0.0,0,0,18-APR-2022,
OPTSTK,BAJAJFINSV,26-May-2022,13000.0,CE,0.0,0.0,0.0,2801.8,2963.45,0,0.0,0,0,18-APR-2022,
OPTSTK,BAJAJFINSV,26-May-2022,13250.0,CE,0.0,0.0,0.0,2622.85,2741.1,0,0.0,0,0,18-APR-2022,
OPTSTK,BAJAJFINSV,26-May-2022,13500.0,CE,0.0,0.0,0.0,2451.0,2525.15,0,0.0,0,0,18-APR-2022,
OPTSTK,BAJAJFINSV,26-May-2022,13750.0,CE,0.0,0.0,0.0,2285.8,2316.45,0,0.0,0,0,18-APR-2022,
OPTSTK,BAJAJFINSV,26-May-2022,14000.0,CE,0.0,0.0,0.0,2128.6,2115.85,0,0.0,0,0,18-APR-2022,
OPTSTK,BAJAJFINSV,26-May-2022,14250.0,CE,0.0,0.0,0.0,1978.85,1924.05,0,0.0,0,0,18-APR-2022,
OPTSTK,BAJAJFINSV,26-May-2022,14500.0,CE,0.0,0.0,0.0,1836.45,1742.05,0,0.0,0,0,18-APR-2022,
OPTSTK,BAJAJFINSV,26-May-2022,14750.0,CE,0.0,0.0,0.0,1701.45,1569.1,0,0.0,0,0,18-APR-2022,
OPTSTK,BAJAJFINSV,26-May-2022,15000.0,CE,0.0,0.0,0.0,1573.75,1407.35,0,0.0,0,0,18-APR-2022,
OPTSTK,BAJAJFINSV,26-May-2022,15250.0,CE,0.0,0.0,0.0,1453.25,1256.4,0,0.0,0,0,18-APR-2022,
OPTSTK,BAJAJFINSV,26-May-2022,15500.0,CE,0.0,0.0,0.0,1339.85,1116.4,0,0.0,0,0,18-APR-2022,
OPTSTK,BAJAJFINSV,26-May-2022,15750.0,CE,0.0,0.0,0.0,1233.4,987.3,0,0.0,0,0,18-APR-2022,
OPTSTK,BAJAJFINSV,26-May-2022,16000.0,CE,864.95,864.95,660.9,660.9,869.1,6,50.08,300,300,18-APR-2022,
OPTSTK,BAJAJFINSV,26-May-2022,16250.0,CE,0.0,0.0,0.0,1040.5,761.5,0,0.0,0,0,18-APR-2022,
OPTSTK,BAJAJFINSV,26-May-2022,16500.0,CE,600.0,600.0,446.45,490.05,490.05,5,42.54,200,150,18-APR-2022,
OPTSTK,BAJAJFINSV,26-May-2022,16750.0,CE,424.15,475.0,424.05,424.05,424.05,4,34.37,150,0,18-APR-2022,
OPTSTK,BAJAJFINSV,26-May-2022,17000.0,CE,472.85,472.85,400.0,400.0,498.3,8,69.71,350,200,18-APR-2022,
OPTSTK,BAJAJFINSV,26-May-2022,17250.0,CE,0.0,0.0,0.0,425.0,428.75,0,0.0,50,0,18-APR-2022,
OPTSTK,BAJAJFINSV,26-May-2022,17500.0,CE,326.8,355.95,248.85,271.9,271.9,50,444.98,1850,1600,18-APR-2022,
OPTSTK,BAJAJFINSV,26-May-2022,17750.0,CE,0.0,0.0,0.0,350.0,313.8,0,0.0,350,0,18-APR-2022,
OPTSTK,BAJAJFINSV,26-May-2022,18000.0,CE,175.0,200.0,140.0,200.0,200.0,7,63.6,150,150,18-APR-2022,
OPTSTK,BAJAJFINSV,26-May-2022,18250.0,CE,0.0,0.0,0.0,499.9,225.65,0,0.0,0,0,18-APR-2022,
OPTSTK,BAJAJFINSV,26-May-2022,18500.0,CE,0.0,0.0,0.0,453.05,190.15,0,0.0,0,0,18-APR-2022,
OPTSTK,BAJAJFINSV,26-May-2022,18750.0,CE,0.0,0.0,0.0,410.6,159.65,0,0.0,0,0,18-APR-2022,
OPTSTK,BAJAJFINSV,26-May-2022,19000.0,CE,70.0,90.0,70.0,90.0,90.0,3,28.62,150,150,18-APR-2022,
OPTSTK,BAJAJFINSV,26-May-2022,19250.0,CE,0.0,0.0,0.0,336.15,111.2,0,0.0,0,0,18-APR-2022,
OPTSTK,BAJAJFINSV,26-May-2022,19500.0,CE,0.0,0.0,0.0,70.0,92.3,0,0.0,50,0,18-APR-2022,
OPTSTK,BAJAJFINSV,26-May-2022,19750.0,CE,0.0,0.0,0.0,274.05,76.35,0,0.0,0,0,18-APR-2022,
OPTSTK,BAJAJFINSV,26-May-2022,20000.0,CE,0.0,0.0,0.0,247.1,62.9,0,0.0,0,0,18-APR-2022,
OPTSTK,BAJAJFINSV,26-May-2022,20250.0,CE,0.0,0.0,0.0,222.55,51.7,0,0.0,0,0,18-APR-2022,
OPTSTK,BAJAJFINSV,26-May-2022,20500.0,CE,0.0,0.0,0.0,200.3,42.3,0,0.0,0,0,18-APR-2022,
OPTSTK,BAJAJFINSV,26-May-2022,20750.0,CE,0.0,0.0,0.0,180.1,34.5,0,0.0,0,0,18-APR-2022,
OPTSTK,BAJAJFINSV,26-May-2022,21000.0,CE,0.0,0.0,0.0,161.8,28.1,0,0.0,0,0,18-APR-2022,
OPTSTK,BAJAJFINSV,26-May-2022,21250.0,CE,0.0,0.0,0.0,145.25,22.8,0,0.0,0,0,18-APR-2022,
OPTSTK,BAJAJFINSV,26-May-2022,21500.0,CE,0.0,0.0,0.0,130.3,18.4,0,0.0,0,0,18-APR-2022,
OPTSTK,BAJAJFINSV,26-May-2022,21750.0,CE,0.0,0.0,0.0,116.8,14.85,0,0.0,0,0,18-APR-2022,
OPTSTK,BAJAJFINSV,26-May-2022,22000.0,CE,0.0,0.0,0.0,104.6,11.95,0,0.0,0,0,18-APR-2022,
OPTSTK,BAJAJFINSV,26-May-2022,22250.0,CE,0.0,0.0,0.0,93.55,9.6,0,0.0,50,0,18-APR-2022,
OPTSTK,BAJAJFINSV,26-May-2022,10750.0,PE,0.0,0.0,0.0,70.45,2.05,0,0.0,0,0,18-APR-2022,
OPTSTK,BAJAJFINSV,26-May-2022,11000.0,PE,0.0,0.0,0.0,89.95,3.45,0,0.0,0,0,18-APR-2022,
OPTSTK,BAJAJFINSV,26-May-2022,11250.0,PE,0.0,0.0,0.0,113.25,5.6,0,0.0,0,0,18-APR-2022,
OPTSTK,BAJAJFINSV,26-May-2022,11500.0,PE,0.0,0.0,0.0,140.95,8.85,0,0.0,0,0,18-APR-2022,
OPTSTK,BAJAJFINSV,26-May-2022,11750.0,PE,0.0,0.0,0.0,173.3,13.55,0,0.0,0,0,18-APR-2022,
OPTSTK,BAJAJFINSV,26-May-2022,12000.0,PE,0.0,0.0,0.0,210.85,20.2,0,0.0,0,0,18-APR-2022,
OPTSTK,BAJAJFINSV,26-May-2022,12250.0,PE,0.0,0.0,0.0,253.95,29.35,0,0.0,0,0,18-APR-2022,
OPTSTK,BAJAJFINSV,26-May-2022,12500.0,PE,0.0,0.0,0.0,303.0,41.7,0,0.0,0,0,18-APR-2022,
OPTSTK,BAJAJFINSV,26-May-2022,12750.0,PE,0.0,0.0,0.0,358.25,58.0,0,0.0,0,0,18-APR-2022,
OPTSTK,BAJAJFINSV,26-May-2022,13000.0,PE,0.0,0.0,0.0,420.55,79.0,0,0.0,0,0,18-APR-2022,
OPTSTK,BAJAJFINSV,26-May-2022,13250.0,PE,0.0,0.0,0.0,489.0,105.55,0,0.0,0,0,18-APR-2022,
OPTSTK,BAJAJFINSV,26-May-2022,13500.0,PE,0.0,0.0,0.0,564.5,138.5,0,0.0,0,0,18-APR-2022,
OPTSTK,BAJAJFINSV,26-May-2022,13750.0,PE,0.0,0.0,0.0,646.7,178.7,0,0.0,0,0,18-APR-2022,
OPTSTK,BAJAJFINSV,26-May-2022,14000.0,PE,150.0,150.0,130.0,130.0,227.0,5,35.35,450,250,18-APR-2022,
OPTSTK,BAJAJFINSV,26-May-2022,14250.0,PE,0.0,0.0,0.0,834.5,284.05,0,0.0,0,0,18-APR-2022,
OPTSTK,BAJAJFINSV,26-May-2022,14500.0,PE,164.4,276.1,164.3,220.0,220.0,22,161.66,800,750,18-APR-2022,
OPTSTK,BAJAJFINSV,26-May-2022,14750.0,PE,0.0,0.0,0.0,1051.85,426.95,0,0.0,0,0,18-APR-2022,
OPTSTK,BAJAJFINSV,26-May-2022,15000.0,PE,331.15,444.0,292.4,419.95,514.1,12,92.2,1200,200,18-APR-2022,
OPTSTK,BAJAJFINSV,26-May-2022,15250.0,PE,0.0,0.0,0.0,1298.45,612.05,0,0.0,0,0,18-APR-2022,
OPTSTK,BAJAJFINSV,26-May-2022,15500.0,PE,470.8,573.8,470.8,573.8,573.8,3,24.04,200,100,18-APR-2022,
OPTSTK,BAJAJFINSV,26-May-2022,15750.0,PE,0.0,0.0,0.0,1573.4,840.75,0,0.0,0,0,18-APR-2022,
OPTSTK,BAJAJFINSV,26-May-2022,16000.0,PE,700.0,800.0,700.0,800.0,971.4,2,16.75,100,100,18-APR-2022,
OPTSTK,BAJAJFINSV,26-May-2022,16250.0,PE,0.0,0.0,0.0,1875.2,1112.7,0,0.0,0,0,18-APR-2022,
OPTSTK,BAJAJFINSV,26-May-2022,16500.0,PE,975.95,1100.0,975.95,1100.0,1264.25,2,17.53,250,100,18-APR-2022,
OPTSTK,BAJAJFINSV,26-May-2022,16750.0,PE,0.0,0.0,0.0,2202.15,1425.6,0,0.0,0,0,18-APR-2022,
OPTSTK,BAJAJFINSV,26-May-2022,17000.0,PE,0.0,0.0,0.0,2374.4,1596.2,0,0.0,0,0,18-APR-2022,
OPTSTK,BAJAJFINSV,26-May-2022,17250.0,PE,0.0,0.0,0.0,2552.15,1775.55,0,0.0,0,0,18-APR-2022,
OPTSTK,BAJAJFINSV,26-May-2022,17500.0,PE,0.0,0.0,0.0,2735.8,1963.9,0,0.0,0,0,18-APR-2022,
OPTSTK,BAJAJFINSV,26-May-2022,17750.0,PE,0.0,0.0,0.0,2923.9,2158.35,0,0.0,0,0,18-APR-2022,
OPTSTK,BAJAJFINSV,26-May-2022,18000.0,PE,0.0,0.0,0.0,3116.6,2360.1,0,0.0,0,0,18-APR-2022,
OPTSTK,BAJAJFINSV,26-May-2022,18250.0,PE,0.0,0.0,0.0,3313.7,2568.0,0,0.0,0,0,18-APR-2022,
OPTSTK,BAJAJFINSV,26-May-2022,18500.0,PE,0.0,0.0,0.0,3514.25,2781.45,0,0.0,0,0,18-APR-2022,
OPTSTK,BAJAJFINSV,26-May-2022,18750.0,PE,0.0,0.0,0.0,3719.15,2999.8,0,0.0,0,0,18-APR-2022,
OPTSTK,BAJAJFINSV,26-May-2022,19000.0,PE,0.0,0.0,0.0,3927.65,3222.55,0,0.0,0,0,18-APR-2022,
OPTSTK,BAJAJFINSV,26-May-2022,19250.0,PE,0.0,0.0,0.0,4139.45,3449.2,0,0.0,0,0,18-APR-2022,
OPTSTK,BAJAJFINSV,26-May-2022,19500.0,PE,0.0,0.0,0.0,4354.35,3679.15,0,0.0,0,0,18-APR-2022,
OPTSTK,BAJAJFINSV,26-May-2022,19750.0,PE,0.0,0.0,0.0,4572.15,3912.1,0,0.0,0,0,18-APR-2022,
OPTSTK,BAJAJFINSV,26-May-2022,20000.0,PE,0.0,0.0,0.0,4792.55,4147.55,0,0.0,0,0,18-APR-2022,
OPTSTK,BAJAJFINSV,26-May-2022,20250.0,PE,0.0,0.0,0.0,5015.45,4385.25,0,0.0,0,0,18-APR-2022,
OPTSTK,BAJAJFINSV,26-May-2022,20500.0,PE,0.0,0.0,0.0,5240.55,4624.75,0,0.0,0,0,18-APR-2022,
OPTSTK,BAJAJFINSV,26-May-2022,20750.0,PE,0.0,0.0,0.0,5467.75,4865.85,0,0.0,0,0,18-APR-2022,
OPTSTK,BAJAJFINSV,26-May-2022,21000.0,PE,0.0,0.0,0.0,5696.85,5108.3,0,0.0,0,0,18-APR-2022,
OPTSTK,BAJAJFINSV,26-May-2022,21250.0,PE,0.0,0.0,0.0,5927.65,5351.9,0,0.0,0,0,18-APR-2022,
OPTSTK,BAJAJFINSV,26-May-2022,21500.0,PE,0.0,0.0,0.0,6160.05,5596.45,0,0.0,0,0,18-APR-2022,
OPTSTK,BAJAJFINSV,26-May-2022,21750.0,PE,0.0,0.0,0.0,6393.95,5841.8,0,0.0,0,0,18-APR-2022,
OPTSTK,BAJAJFINSV,26-May-2022,22000.0,PE,0.0,0.0,0.0,6629.15,6087.75,0,0.0,0,0,18-APR-2022,
OPTSTK,BAJAJFINSV,26-May-2022,22250.0,PE,0.0,0.0,0.0,6865.55,6334.3,0,0.0,0,0,18-APR-2022,
OPTSTK,BAJAJFINSV,30-Jun-2022,10750.0,CE,0.0,0.0,0.0,6445.85,5192.55,0,0.0,0,0,18-APR-2022,
OPTSTK,BAJAJFINSV,30-Jun-2022,11000.0,CE,0.0,0.0,0.0,6205.75,4953.55,0,0.0,0,0,18-APR-2022,
OPTSTK,BAJAJFINSV,30-Jun-2022,11250.0,CE,0.0,0.0,0.0,5967.4,4716.95,0,0.0,0,0,18-APR-2022,
OPTSTK,BAJAJFINSV,30-Jun-2022,11500.0,CE,0.0,0.0,0.0,5731.2,4483.2,0,0.0,0,0,18-APR-2022,
OPTSTK,BAJAJFINSV,30-Jun-2022,11750.0,CE,0.0,0.0,0.0,5497.35,4252.85,0,0.0,0,0,18-APR-2022,
OPTSTK,BAJAJFINSV,30-Jun-2022,12000.0,CE,0.0,0.0,0.0,5266.25,4026.25,0,0.0,0,0,18-APR-2022,
OPTSTK,BAJAJFINSV,30-Jun-2022,12250.0,CE,0.0,0.0,0.0,5038.2,3803.95,0,0.0,0,0,18-APR-2022,
OPTSTK,BAJAJFINSV,30-Jun-2022,12500.0,CE,0.0,0.0,0.0,4813.6,3586.5,0,0.0,0,0,18-APR-2022,
OPTSTK,BAJAJFINSV,30-Jun-2022,12750.0,CE,0.0,0.0,0.0,4592.7,3374.25,0,0.0,0,0,18-APR-2022,
OPTSTK,BAJAJFINSV,30-Jun-2022,13000.0,CE,0.0,0.0,0.0,4375.95,3167.8,0,0.0,0,0,18-APR-2022,
OPTSTK,BAJAJFINSV,30-Jun-2022,13250.0,CE,0.0,0.0,0.0,4163.6,2967.45,0,0.0,0,0,18-APR-2022,
OPTSTK,BAJAJFINSV,30-Jun-2022,13500.0,CE,0.0,0.0,0.0,3956.0,2773.7,0,0.0,0,0,18-APR-2022,
OPTSTK,BAJAJFINSV,30-Jun-2022,13750.0,CE,0.0,0.0,0.0,3753.45,2587.45,0,0.0,0,0,18-APR-2022,
OPTSTK,BAJAJFINSV,30-Jun-2022,14000.0,CE,0.0,0.0,0.0,3556.25,2407.7,0,0.0,0,0,18-APR-2022,
OPTSTK,BAJAJFINSV,30-Jun-2022,14250.0,CE,0.0,0.0,0.0,3364.6,2235.5,0,0.0,0,0,18-APR-2022,
OPTSTK,BAJAJFINSV,30-Jun-2022,14500.0,CE,0.0,0.0,0.0,3179.35,2070.65,0,0.0,0,0,18-APR-2022,
OPTSTK,BAJAJFINSV,30-Jun-2022,14750.0,CE,0.0,0.0,0.0,2999.4,1914.3,0,0.0,0,0,18-APR-2022,
OPTSTK,BAJAJFINSV,30-Jun-2022,15000.0,CE,0.0,0.0,0.0,2825.7,1765.9,0,0.0,0,0,18-APR-2022,
OPTSTK,BAJAJFINSV,30-Jun-2022,15250.0,CE,0.0,0.0,0.0,2657.65,1625.55,0,0.0,0,0,18-APR-2022,
OPTSTK,BAJAJFINSV,30-Jun-2022,15500.0,CE,0.0,0.0,0.0,2496.9,1493.15,0,0.0,0,0,18-APR-2022,
OPTSTK,BAJAJFINSV,30-Jun-2022,15750.0,CE,0.0,0.0,0.0,2342.7,1368.6,0,0.0,0,0,18-APR-2022,
OPTSTK,BAJAJFINSV,30-Jun-2022,16000.0,CE,0.0,0.0,0.0,2195.05,1251.9,0,0.0,0,0,18-APR-2022,
OPTSTK,BAJAJFINSV,30-Jun-2022,16250.0,CE,0.0,0.0,0.0,2054.0,1142.85,0,0.0,0,0,18-APR-2022,
OPTSTK,BAJAJFINSV,30-Jun-2022,16500.0,CE,0.0,0.0,0.0,1919.45,1041.2,0,0.0,0,0,18-APR-2022,
OPTSTK,BAJAJFINSV,30-Jun-2022,16750.0,CE,0.0,0.0,0.0,1791.4,946.75,0,0.0,0,0,18-APR-2022,
OPTSTK,BAJAJFINSV,30-Jun-2022,17000.0,CE,0.0,0.0,0.0,1669.75,859.2,0,0.0,0,0,18-APR-2022,
OPTSTK,BAJAJFINSV,30-Jun-2022,17250.0,CE,0.0,0.0,0.0,1554.45,778.3,0,0.0,0,0,18-APR-2022,
OPTSTK,BAJAJFINSV,30-Jun-2022,17500.0,CE,0.0,0.0,0.0,1445.3,703.7,0,0.0,0,0,18-APR-2022,
OPTSTK,BAJAJFINSV,30-Jun-2022,17750.0,CE,0.0,0.0,0.0,1342.25,635.1,0,0.0,0,0,18-APR-2022,
OPTSTK,BAJAJFINSV,30-Jun-2022,18000.0,CE,0.0,0.0,0.0,1245.05,573.0,0,0.0,0,0,18-APR-2022,
OPTSTK,BAJAJFINSV,30-Jun-2022,18250.0,CE,0.0,0.0,0.0,1153.6,515.65,0,0.0,0,0,18-APR-2022,
OPTSTK,BAJAJFINSV,30-Jun-2022,18500.0,CE,0.0,0.0,0.0,1067.6,463.35,0,0.0,0,0,18-APR-2022,
OPTSTK,BAJAJFINSV,30-Jun-2022,18750.0,CE,0.0,0.0,0.0,987.0,414.95,0,0.0,0,0,18-APR-2022,
OPTSTK,BAJAJFINSV,30-Jun-2022,19000.0,CE,0.0,0.0,0.0,911.45,371.5,0,0.0,0,0,18-APR-2022,
OPTSTK,BAJAJFINSV,30-Jun-2022,19250.0,CE,0.0,0.0,0.0,840.8,332.1,0,0.0,0,0,18-APR-2022,
OPTSTK,BAJAJFINSV,30-Jun-2022,19500.0,CE,0.0,0.0,0.0,774.85,296.4,0,0.0,0,0,18-APR-2022,
OPTSTK,BAJAJFINSV,30-Jun-2022,19750.0,CE,0.0,0.0,0.0,714.3,264.2,0,0.0,0,0,18-APR-2022,
OPTSTK,BAJAJFINSV,30-Jun-2022,20000.0,CE,0.0,0.0,0.0,657.2,235.1,0,0.0,0,0,18-APR-2022,
OPTSTK,BAJAJFINSV,30-Jun-2022,20250.0,CE,0.0,0.0,0.0,604.15,208.95,0,0.0,0,0,18-APR-2022,
OPTSTK,BAJAJFINSV,30-Jun-2022,20500.0,CE,0.0,0.0,0.0,554.9,185.5,0,0.0,0,0,18-APR-2022,
OPTSTK,BAJAJFINSV,30-Jun-2022,20750.0,CE,0.0,0.0,0.0,508.5,164.4,0,0.0,0,0,18-APR-2022,
OPTSTK,BAJAJFINSV,30-Jun-2022,21000.0,CE,0.0,0.0,0.0,466.1,145.55,0,0.0,0,0,18-APR-2022,
OPTSTK,BAJAJFINSV,30-Jun-2022,21250.0,CE,0.0,0.0,0.0,426.85,128.7,0,0.0,0,0,18-APR-2022,
OPTSTK,BAJAJFINSV,30-Jun-2022,21500.0,CE,0.0,0.0,0.0,390.6,113.7,0,0.0,0,0,18-APR-2022,
OPTSTK,BAJAJFINSV,30-Jun-2022,21750.0,CE,0.0,0.0,0.0,357.15,100.3,0,0.0,0,0,18-APR-2022,
OPTSTK,BAJAJFINSV,30-Jun-2022,22000.0,CE,0.0,0.0,0.0,326.3,88.35,0,0.0,0,0,18-APR-2022,
OPTSTK,BAJAJFINSV,30-Jun-2022,22250.0,CE,0.0,0.0,0.0,297.85,77.8,0,0.0,0,0,18-APR-2022,
OPTSTK,BAJAJFINSV,30-Jun-2022,10750.0,PE,0.0,0.0,0.0,22.4,24.5,0,0.0,0,0,18-APR-2022,
OPTSTK,BAJAJFINSV,30-Jun-2022,11000.0,PE,0.0,0.0,0.0,29.65,33.4,0,0.0,0,0,18-APR-2022,
OPTSTK,BAJAJFINSV,30-Jun-2022,11250.0,PE,0.0,0.0,0.0,38.65,44.65,0,0.0,0,0,18-APR-2022,
OPTSTK,BAJAJFINSV,30-Jun-2022,11500.0,PE,0.0,0.0,0.0,49.8,58.85,0,0.0,0,0,18-APR-2022,
OPTSTK,BAJAJFINSV,30-Jun-2022,11750.0,PE,0.0,0.0,0.0,63.35,76.3,0,0.0,0,0,18-APR-2022,
OPTSTK,BAJAJFINSV,30-Jun-2022,12000.0,PE,0.0,0.0,0.0,79.6,97.65,0,0.0,0,0,18-APR-2022,
OPTSTK,BAJAJFINSV,30-Jun-2022,12250.0,PE,0.0,0.0,0.0,98.95,123.25,0,0.0,0,0,18-APR-2022,
OPTSTK,BAJAJFINSV,30-Jun-2022,12500.0,PE,0.0,0.0,0.0,121.7,153.65,0,0.0,0,0,18-APR-2022,
OPTSTK,BAJAJFINSV,30-Jun-2022,12750.0,PE,0.0,0.0,0.0,148.2,189.3,0,0.0,0,0,18-APR-2022,
OPTSTK,BAJAJFINSV,30-Jun-2022,13000.0,PE,0.0,0.0,0.0,178.8,230.7,0,0.0,0,0,18-APR-2022,
OPTSTK,BAJAJFINSV,30-Jun-2022,13250.0,PE,0.0,0.0,0.0,213.85,278.25,0,0.0,0,0,18-APR-2022,
OPTSTK,BAJAJFINSV,30-Jun-2022,13500.0,PE,0.0,0.0,0.0,253.6,332.4,0,0.0,0,0,18-APR-2022,
OPTSTK,BAJAJFINSV,30-Jun-2022,13750.0,PE,0.0,0.0,0.0,298.45,394.0,0,0.0,0,0,18-APR-2022,
OPTSTK,BAJAJFINSV,30-Jun-2022,14000.0,PE,0.0,0.0,0.0,348.6,462.15,0,0.0,0,0,18-APR-2022,
OPTSTK,BAJAJFINSV,30-Jun-2022,14250.0,PE,0.0,0.0,0.0,404.35,537.85,0,0.0,0,0,18-APR-2022,
OPTSTK,BAJAJFINSV,30-Jun-2022,14500.0,PE,0.0,0.0,0.0,466.4,620.85,0,0.0,0,0,18-APR-2022,
OPTSTK,BAJAJFINSV,30-Jun-2022,14750.0,PE,0.0,0.0,0.0,533.85,712.4,0,0.0,0,0,18-APR-2022,
OPTSTK,BAJAJFINSV,30-Jun-2022,15000.0,PE,0.0,0.0,0.0,607.5,811.9,0,0.0,0,0,18-APR-2022,
OPTSTK,BAJAJFINSV,30-Jun-2022,15250.0,PE,0.0,0.0,0.0,686.85,919.4,0,0.0,0,0,18-APR-2022,
OPTSTK,BAJAJFINSV,30-Jun-2022,15500.0,PE,0.0,0.0,0.0,773.45,1034.9,0,0.0,0,0,18-APR-2022,
OPTSTK,BAJAJFINSV,30-Jun-2022,15750.0,PE,0.0,0.0,0.0,866.65,1158.25,0,0.0,0,0,18-APR-2022,
OPTSTK,BAJAJFINSV,30-Jun-2022,16000.0,PE,0.0,0.0,0.0,966.35,1289.45,0,0.0,0,0,18-APR-2022,
OPTSTK,BAJAJFINSV,30-Jun-2022,16250.0,PE,0.0,0.0,0.0,1072.65,1428.25,0,0.0,0,0,18-APR-2022,
OPTSTK,BAJAJFINSV,30-Jun-2022,16500.0,PE,0.0,0.0,0.0,1185.5,1574.5,0,0.0,0,0,18-APR-2022,
OPTSTK,BAJAJFINSV,30-Jun-2022,16750.0,PE,0.0,0.0,0.0,1304.85,1727.9,0,0.0,0,0,18-APR-2022,
OPTSTK,BAJAJFINSV,30-Jun-2022,17000.0,PE,0.0,0.0,0.0,1430.5,1888.25,0,0.0,0,0,18-APR-2022,
OPTSTK,BAJAJFINSV,30-Jun-2022,17250.0,PE,0.0,0.0,0.0,1562.6,2055.2,0,0.0,0,0,18-APR-2022,
OPTSTK,BAJAJFINSV,30-Jun-2022,17500.0,PE,0.0,0.0,0.0,1700.85,2228.5,0,0.0,0,0,18-APR-2022,
OPTSTK,BAJAJFINSV,30-Jun-2022,17750.0,PE,0.0,0.0,0.0,1845.15,2407.8,0,0.0,0,0,18-APR-2022,
OPTSTK,BAJAJFINSV,30-Jun-2022,18000.0,PE,0.0,0.0,0.0,1995.35,2593.6,0,0.0,0,0,18-APR-2022,
OPTSTK,BAJAJFINSV,30-Jun-2022,18250.0,PE,0.0,0.0,0.0,2151.25,2784.15,0,0.0,0,0,18-APR-2022,
OPTSTK,BAJAJFINSV,30-Jun-2022,18500.0,PE,0.0,0.0,0.0,2312.65,2979.7,0,0.0,0,0,18-APR-2022,
OPTSTK,BAJAJFINSV,30-Jun-2022,18750.0,PE,0.0,0.0,0.0,2479.35,3179.2,0,0.0,0,0,18-APR-2022,
OPTSTK,BAJAJFINSV,30-Jun-2022,19000.0,PE,0.0,0.0,0.0,2651.2,3383.65,0,0.0,0,0,18-APR-2022,
OPTSTK,BAJAJFINSV,30-Jun-2022,19250.0,PE,0.0,0.0,0.0,2827.95,3592.1,0,0.0,0,0,18-APR-2022,
OPTSTK,BAJAJFINSV,30-Jun-2022,19500.0,PE,0.0,0.0,0.0,3009.35,3804.3,0,0.0,0,0,18-APR-2022,
OPTSTK,BAJAJFINSV,30-Jun-2022,19750.0,PE,0.0,0.0,0.0,3196.15,4019.95,0,0.0,0,0,18-APR-2022,
OPTSTK,BAJAJFINSV,30-Jun-2022,20000.0,PE,0.0,0.0,0.0,3386.45,4238.8,0,0.0,0,0,18-APR-2022,
OPTSTK,BAJAJFINSV,30-Jun-2022,20250.0,PE,0.0,0.0,0.0,3580.8,4460.55,0,0.0,0,0,18-APR-2022,
OPTSTK,BAJAJFINSV,30-Jun-2022,20500.0,PE,0.0,0.0,0.0,3778.9,4684.9,0,0.0,0,0,18-APR-2022,
OPTSTK,BAJAJFINSV,30-Jun-2022,20750.0,PE,0.0,0.0,0.0,3979.85,4911.75,0,0.0,0,0,18-APR-2022,
OPTSTK,BAJAJFINSV,30-Jun-2022,21000.0,PE,0.0,0.0,0.0,4184.8,5140.75,0,0.0,0,0,18-APR-2022,
OPTSTK,BAJAJFINSV,30-Jun-2022,21250.0,PE,0.0,0.0,0.0,4392.95,5371.8,0,0.0,0,0,18-APR-2022,
OPTSTK,BAJAJFINSV,30-Jun-2022,21500.0,PE,0.0,0.0,0.0,4604.05,5604.65,0,0.0,0,0,18-APR-2022,
OPTSTK,BAJAJFINSV,30-Jun-2022,21750.0,PE,0.0,0.0,0.0,4818.0,5839.15,0,0.0,0,0,18-APR-2022,
OPTSTK,BAJAJFINSV,30-Jun-2022,22000.0,PE,0.0,0.0,0.0,5034.5,6075.1,0,0.0,0,0,18-APR-2022,
OPTSTK,BAJAJFINSV,30-Jun-2022,22250.0,PE,0.0,0.0,0.0,5253.45,6312.4,0,0.0,0,0,18-APR-2022,
OPTSTK,BAJFINANCE,28-Apr-2022,4700.0,CE,0.0,0.0,0.0,2213.6,2566.6,0,0.0,0,0,18-APR-2022,
OPTSTK,BAJFINANCE,28-Apr-2022,4800.0,CE,0.0,0.0,0.0,2121.55,2466.7,0,0.0,0,0,18-APR-2022,
OPTSTK,BAJFINANCE,28-Apr-2022,4900.0,CE,0.0,0.0,0.0,2030.7,2366.85,0,0.0,0,0,18-APR-2022,
OPTSTK,BAJFINANCE,28-Apr-2022,5000.0,CE,0.0,0.0,0.0,1941.25,2266.95,0,0.0,0,0,18-APR-2022,
OPTSTK,BAJFINANCE,28-Apr-2022,5100.0,CE,0.0,0.0,0.0,1853.35,2167.05,0,0.0,0,0,18-APR-2022,
OPTSTK,BAJFINANCE,28-Apr-2022,5200.0,CE,0.0,0.0,0.0,1767.05,2067.15,0,0.0,0,0,18-APR-2022,
OPTSTK,BAJFINANCE,28-Apr-2022,5300.0,CE,0.0,0.0,0.0,1682.55,1967.3,0,0.0,0,0,18-APR-2022,
OPTSTK,BAJFINANCE,28-Apr-2022,5400.0,CE,0.0,0.0,0.0,1599.95,1867.4,0,0.0,0,0,18-APR-2022,
OPTSTK,BAJFINANCE,28-Apr-2022,5500.0,CE,0.0,0.0,0.0,1910.0,1767.5,0,0.0,500,0,18-APR-2022,
OPTSTK,BAJFINANCE,28-Apr-2022,5600.0,CE,0.0,0.0,0.0,1440.85,1667.65,0,0.0,0,0,18-APR-2022,
OPTSTK,BAJFINANCE,28-Apr-2022,5700.0,CE,0.0,0.0,0.0,1364.6,1567.8,0,0.0,0,0,18-APR-2022,
OPTSTK,BAJFINANCE,28-Apr-2022,5800.0,CE,0.0,0.0,0.0,1290.8,1468.05,0,0.0,0,0,18-APR-2022,
OPTSTK,BAJFINANCE,28-Apr-2022,5900.0,CE,0.0,0.0,0.0,1219.15,1368.4,0,0.0,0,0,18-APR-2022,
OPTSTK,BAJFINANCE,28-Apr-2022,6000.0,CE,0.0,0.0,0.0,1350.0,1269.0,0,0.0,8375,0,18-APR-2022,
OPTSTK,BAJFINANCE,28-Apr-2022,6100.0,CE,0.0,0.0,0.0,1275.85,1170.0,0,0.0,250,0,18-APR-2022,
OPTSTK,BAJFINANCE,28-Apr-2022,6200.0,CE,0.0,0.0,0.0,1175.75,1071.65,0,0.0,750,0,18-APR-2022,
OPTSTK,BAJFINANCE,28-Apr-2022,6300.0,CE,0.0,0.0,0.0,1062.45,974.3,0,0.0,375,0,18-APR-2022,
OPTSTK,BAJFINANCE,28-Apr-2022,6400.0,CE,0.0,0.0,0.0,750.4,878.55,0,0.0,500,0,18-APR-2022,
OPTSTK,BAJFINANCE,28-Apr-2022,6500.0,CE,770.0,770.0,770.0,770.0,784.9,1,9.08,6000,0,18-APR-2022,
OPTSTK,BAJFINANCE,28-Apr-2022,6600.0,CE,791.7,791.7,791.7,791.7,694.15,1,9.23,4625,0,18-APR-2022,
OPTSTK,BAJFINANCE,28-Apr-2022,6700.0,CE,600.15,600.15,600.15,600.15,607.1,1,9.12,3500,0,18-APR-2022,
OPTSTK,BAJFINANCE,28-Apr-2022,6800.0,CE,575.5,575.5,538.6,538.6,524.65,2,18.39,7875,0,18-APR-2022,
OPTSTK,BAJFINANCE,28-Apr-2022,6900.0,CE,427.85,510.8,427.85,433.2,433.2,5,46.01,6000,-250,18-APR-2022,
OPTSTK,BAJFINANCE,28-Apr-2022,7000.0,CE,338.0,441.3,338.0,358.95,358.95,83,765.22,67250,0,18-APR-2022,
OPTSTK,BAJFINANCE,28-Apr-2022,7100.0,CE,275.15,360.0,271.75,291.5,291.5,52,481.06,18125,-375,18-APR-2022,
OPTSTK,BAJFINANCE,28-Apr-2022,7200.0,CE,229.45,299.0,211.5,231.5,231.5,955,8883.3,151500,-1000,18-APR-2022,
OPTSTK,BAJFINANCE,28-Apr-2022,7300.0,CE,217.5,238.3,160.35,177.9,177.9,2857,26759.94,206500,21750,18-APR-2022,
OPTSTK,BAJFINANCE,28-Apr-2022,7400.0,CE,161.6,185.0,119.0,132.3,132.3,2108,19886.05,205375,-3625,18-APR-2022,
OPTSTK,BAJFINANCE,28-Apr-2022,7500.0,CE,112.95,137.3,84.95,95.75,95.75,3598,34208.93,309000,34375,18-APR-2022,
OPTSTK,BAJFINANCE,28-Apr-2022,7600.0,CE,79.85,97.75,58.05,66.15,66.15,1585,15205.16,144750,-3875,18-APR-2022,
OPTSTK,BAJFINANCE,28-Apr-2022,7700.0,CE,55.05,65.75,36.9,43.05,43.05,1894,18342.33,194000,30000,18-APR-2022,
OPTSTK,BAJFINANCE,28-Apr-2022,7800.0,CE,35.5,43.2,23.85,28.4,28.4,2015,19727.12,261750,13375,18-APR-2022,
OPTSTK,BAJFINANCE,28-Apr-2022,7900.0,CE,21.8,28.0,15.2,19.0,19.0,974,9644.42,197875,-4125,18-APR-2022,
OPTSTK,BAJFINANCE,28-Apr-2022,8000.0,CE,23.55,23.55,11.2,14.2,14.2,1676,16791.44,365250,-10375,18-APR-2022,
OPTSTK,BAJFINANCE,28-Apr-2022,8100.0,CE,12.7,13.85,8.25,10.35,10.35,738,7482.23,79875,2875,18-APR-2022,
OPTSTK,BAJFINANCE,28-Apr-2022,8200.0,CE,8.45,10.05,6.55,7.95,7.95,609,6248.31,69875,-1000,18-APR-2022,
OPTSTK,BAJFINANCE,28-Apr-2022,8300.0,CE,6.4,7.65,5.1,6.5,6.5,437,4537.34,30000,-250,18-APR-2022,
OPTSTK,BAJFINANCE,28-Apr-2022,8400.0,CE,5.7,5.9,4.3,5.45,5.45,242,2542.53,18625,2250,18-APR-2022,
OPTSTK,BAJFINANCE,28-Apr-2022,8500.0,CE,4.85,4.9,3.2,4.55,4.55,539,5729.58,95375,-6250,18-APR-2022,
OPTSTK,BAJFINANCE,28-Apr-2022,8600.0,CE,4.1,4.1,2.8,3.95,3.95,120,1290.51,16375,-2500,18-APR-2022,
OPTSTK,BAJFINANCE,28-Apr-2022,8700.0,CE,4.0,5.1,2.45,3.65,3.65,53,576.57,8875,-500,18-APR-2022,
OPTSTK,BAJFINANCE,28-Apr-2022,8800.0,CE,3.55,3.7,0.7,3.45,3.45,150,1650.48,9000,-500,18-APR-2022,
OPTSTK,BAJFINANCE,28-Apr-2022,8900.0,CE,0.0,0.0,0.0,5.8,0.75,0,0.0,250,0,18-APR-2022,
OPTSTK,BAJFINANCE,28-Apr-2022,9000.0,CE,3.85,3.9,2.25,3.0,3.0,332,3736.18,36375,-2625,18-APR-2022,
OPTSTK,BAJFINANCE,28-Apr-2022,9100.0,CE,0.0,0.0,0.0,9.4,0.3,0,0.0,125,0,18-APR-2022,
OPTSTK,BAJFINANCE,28-Apr-2022,9200.0,CE,3.7,3.7,3.7,3.7,0.2,1,11.5,625,125,18-APR-2022,
OPTSTK,BAJFINANCE,28-Apr-2022,9300.0,CE,0.0,0.0,0.0,3.5,0.1,0,0.0,500,0,18-APR-2022,
OPTSTK,BAJFINANCE,28-Apr-2022,9400.0,CE,0.0,0.0,0.0,3.0,0.1,0,0.0,5875,0,18-APR-2022,
OPTSTK,BAJFINANCE,28-Apr-2022,4700.0,PE,0.0,0.0,0.0,29.0,0.0,0,0.0,750,0,18-APR-2022,
OPTSTK,BAJFINANCE,28-Apr-2022,4800.0,PE,0.0,0.0,0.0,34.55,0.0,0,0.0,0,0,18-APR-2022,
OPTSTK,BAJFINANCE,28-Apr-2022,4900.0,PE,0.0,0.0,0.0,42.65,0.0,0,0.0,0,0,18-APR-2022,
OPTSTK,BAJFINANCE,28-Apr-2022,5000.0,PE,1.35,1.35,1.35,1.35,0.0,1,6.25,2375,0,18-APR-2022,
OPTSTK,BAJFINANCE,28-Apr-2022,5100.0,PE,0.0,0.0,0.0,63.2,0.0,0,0.0,0,0,18-APR-2022,
OPTSTK,BAJFINANCE,28-Apr-2022,5200.0,PE,0.0,0.0,0.0,75.9,0.0,0,0.0,0,0,18-APR-2022,
OPTSTK,BAJFINANCE,28-Apr-2022,5300.0,PE,0.0,0.0,0.0,90.35,0.0,0,0.0,0,0,18-APR-2022,
OPTSTK,BAJFINANCE,28-Apr-2022,5400.0,PE,0.0,0.0,0.0,106.7,0.0,0,0.0,0,0,18-APR-2022,
OPTSTK,BAJFINANCE,28-Apr-2022,5500.0,PE,6.0,6.0,2.7,2.95,2.95,10,68.79,23125,-375,18-APR-2022,
OPTSTK,BAJFINANCE,28-Apr-2022,5600.0,PE,0.0,0.0,0.0,145.55,0.05,0,0.0,0,0,18-APR-2022,
OPTSTK,BAJFINANCE,28-Apr-2022,5700.0,PE,0.0,0.0,0.0,8.0,0.1,0,0.0,500,0,18-APR-2022,
OPTSTK,BAJFINANCE,28-Apr-2022,5800.0,PE,0.0,0.0,0.0,7.0,0.25,0,0.0,375,0,18-APR-2022,
OPTSTK,BAJFINANCE,28-Apr-2022,5900.0,PE,0.0,0.0,0.0,6.55,0.45,0,0.0,750,0,18-APR-2022,
OPTSTK,BAJFINANCE,28-Apr-2022,6000.0,PE,5.9,7.15,5.8,6.05,6.05,131,983.56,80500,750,18-APR-2022,
OPTSTK,BAJFINANCE,28-Apr-2022,6100.0,PE,8.1,8.1,8.1,8.1,1.8,2,15.27,2000,125,18-APR-2022,
OPTSTK,BAJFINANCE,28-Apr-2022,6200.0,PE,7.3,7.3,7.3,7.3,3.35,1,7.75,6375,0,18-APR-2022,
OPTSTK,BAJFINANCE,28-Apr-2022,6300.0,PE,11.45,12.45,9.1,9.65,9.65,233,1838.03,16250,125,18-APR-2022,
OPTSTK,BAJFINANCE,28-Apr-2022,6400.0,PE,14.45,15.1,10.95,11.95,11.95,265,2124.22,22875,-3750,18-APR-2022,
OPTSTK,BAJFINANCE,28-Apr-2022,6500.0,PE,17.3,19.5,13.4,14.9,14.9,490,3991.36,80500,-9250,18-APR-2022,
OPTSTK,BAJFINANCE,28-Apr-2022,6600.0,PE,27.8,27.8,16.85,19.8,19.8,252,2085.44,27125,1750,18-APR-2022,
OPTSTK,BAJFINANCE,28-Apr-2022,6700.0,PE,32.0,35.05,21.9,25.0,25.0,534,4490.46,40000,-24000,18-APR-2022,
OPTSTK,BAJFINANCE,28-Apr-2022,6800.0,PE,51.95,51.95,30.9,36.55,36.55,714,6103.68,92375,-7125,18-APR-2022,
OPTSTK,BAJFINANCE,28-Apr-2022,6900.0,PE,93.1,93.1,42.65,52.1,52.1,708,6153.56,49500,1375,18-APR-2022,
OPTSTK,BAJFINANCE,28-Apr-2022,7000.0,PE,98.2,98.2,60.0,74.25,74.25,1499,13260.45,151000,-5125,18-APR-2022,
OPTSTK,BAJFINANCE,28-Apr-2022,7100.0,PE,110.65,125.05,81.85,103.6,103.6,1029,9264.4,66375,-1000,18-APR-2022,
OPTSTK,BAJFINANCE,28-Apr-2022,7200.0,PE,158.05,168.45,112.25,142.35,142.35,1817,16675.51,172250,-6875,18-APR-2022,
OPTSTK,BAJFINANCE,28-Apr-2022,7300.0,PE,200.45,218.5,150.0,188.8,188.8,2038,19072.8,106375,250,18-APR-2022,
OPTSTK,BAJFINANCE,28-Apr-2022,7400.0,PE,288.3,288.35,196.8,246.95,246.95,319,3043.9,43125,-2750,18-APR-2022,
OPTSTK,BAJFINANCE,28-Apr-2022,7500.0,PE,318.35,335.0,251.0,311.2,311.2,169,1646.86,46375,-3125,18-APR-2022,
OPTSTK,BAJFINANCE,28-Apr-2022,7600.0,PE,311.45,372.0,311.45,372.0,427.4,9,89.41,14625,0,18-APR-2022,
OPTSTK,BAJFINANCE,28-Apr-2022,7700.0,PE,483.55,483.55,380.25,462.75,462.75,22,224.05,10500,875,18-APR-2022,
OPTSTK,BAJFINANCE,28-Apr-2022,7800.0,PE,490.5,546.35,490.5,546.35,546.35,3,31.16,4500,0,18-APR-2022,
OPTSTK,BAJFINANCE,28-Apr-2022,7900.0,PE,584.65,643.7,584.65,618.15,618.15,3,31.93,2125,-250,18-APR-2022,
OPTSTK,BAJFINANCE,28-Apr-2022,8000.0,PE,710.0,710.0,670.0,670.0,758.35,4,43.41,48250,-375,18-APR-2022,
OPTSTK,BAJFINANCE,28-Apr-2022,8100.0,PE,0.0,0.0,0.0,1435.05,849.85,0,0.0,0,0,18-APR-2022,
OPTSTK,BAJFINANCE,28-Apr-2022,8200.0,PE,0.0,0.0,0.0,1513.75,943.6,0,0.0,0,0,18-APR-2022,
OPTSTK,BAJFINANCE,28-Apr-2022,8300.0,PE,0.0,0.0,0.0,850.0,1039.0,0,0.0,125,0,18-APR-2022,
OPTSTK,BAJFINANCE,28-Apr-2022,8400.0,PE,0.0,0.0,0.0,1110.0,1135.75,0,0.0,125,0,18-APR-2022,
OPTSTK,BAJFINANCE,28-Apr-2022,8500.0,PE,0.0,0.0,0.0,1500.0,1233.45,0,0.0,125,0,18-APR-2022,
OPTSTK,BAJFINANCE,28-Apr-2022,8600.0,PE,0.0,0.0,0.0,1841.6,1331.85,0,0.0,0,0,18-APR-2022,
OPTSTK,BAJFINANCE,28-Apr-2022,8700.0,PE,0.0,0.0,0.0,1926.6,1430.75,0,0.0,0,0,18-APR-2022,
OPTSTK,BAJFINANCE,28-Apr-2022,8800.0,PE,0.0,0.0,0.0,2012.65,1529.95,0,0.0,0,0,18-APR-2022,
OPTSTK,BAJFINANCE,28-Apr-2022,8900.0,PE,0.0,0.0,0.0,2099.7,1629.45,0,0.0,0,0,18-APR-2022,
OPTSTK,BAJFINANCE,28-Apr-2022,9000.0,PE,0.0,0.0,0.0,2187.7,1729.05,0,0.0,0,0,18-APR-2022,
OPTSTK,BAJFINANCE,28-Apr-2022,9100.0,PE,0.0,0.0,0.0,2276.5,1828.75,0,0.0,0,0,18-APR-2022,
OPTSTK,BAJFINANCE,28-Apr-2022,9200.0,PE,0.0,0.0,0.0,2366.15,1928.55,0,0.0,0,0,18-APR-2022,
OPTSTK,BAJFINANCE,28-Apr-2022,9300.0,PE,0.0,0.0,0.0,2456.55,2028.35,0,0.0,0,0,18-APR-2022,
OPTSTK,BAJFINANCE,28-Apr-2022,9400.0,PE,0.0,0.0,0.0,2547.6,2128.2,0,0.0,0,0,18-APR-2022,
OPTSTK,BAJFINANCE,26-May-2022,4700.0,CE,0.0,0.0,0.0,2011.5,2582.45,0,0.0,0,0,18-APR-2022,
OPTSTK,BAJFINANCE,26-May-2022,4800.0,CE,0.0,0.0,0.0,1920.95,2483.1,0,0.0,0,0,18-APR-2022,
OPTSTK,BAJFINANCE,26-May-2022,4900.0,CE,0.0,0.0,0.0,1831.9,2383.95,0,0.0,0,0,18-APR-2022,
OPTSTK,BAJFINANCE,26-May-2022,5000.0,CE,0.0,0.0,0.0,1744.45,2284.9,0,0.0,0,0,18-APR-2022,
OPTSTK,BAJFINANCE,26-May-2022,5100.0,CE,0.0,0.0,0.0,1658.75,2186.15,0,0.0,0,0,18-APR-2022,
OPTSTK,BAJFINANCE,26-May-2022,5200.0,CE,0.0,0.0,0.0,1574.9,2087.75,0,0.0,0,0,18-APR-2022,
OPTSTK,BAJFINANCE,26-May-2022,5300.0,CE,0.0,0.0,0.0,1493.15,1989.8,0,0.0,0,0,18-APR-2022,
OPTSTK,BAJFINANCE,26-May-2022,5400.0,CE,0.0,0.0,0.0,1413.5,1892.4,0,0.0,0,0,18-APR-2022,
OPTSTK,BAJFINANCE,26-May-2022,5500.0,CE,0.0,0.0,0.0,1336.15,1795.75,0,0.0,0,0,18-APR-2022,
OPTSTK,BAJFINANCE,26-May-2022,5600.0,CE,0.0,0.0,0.0,1261.35,1700.0,0,0.0,0,0,18-APR-2022,
OPTSTK,BAJFINANCE,26-May-2022,5700.0,CE,0.0,0.0,0.0,1188.7,1605.4,0,0.0,0,0,18-APR-2022,
OPTSTK,BAJFINANCE,26-May-2022,5800.0,CE,0.0,0.0,0.0,1118.6,1512.1,0,0.0,0,0,18-APR-2022,
OPTSTK,BAJFINANCE,26-May-2022,5900.0,CE,0.0,0.0,0.0,1051.1,1420.4,0,0.0,0,0,18-APR-2022,
OPTSTK,BAJFINANCE,26-May-2022,6000.0,CE,0.0,0.0,0.0,986.05,1330.45,0,0.0,0,0,18-APR-2022,
OPTSTK,BAJFINANCE,26-May-2022,6100.0,CE,0.0,0.0,0.0,923.95,1242.6,0,0.0,0,0,18-APR-2022,
OPTSTK,BAJFINANCE,26-May-2022,6200.0,CE,0.0,0.0,0.0,864.5,1157.05,0,0.0,0,0,18-APR-2022,
OPTSTK,BAJFINANCE,26-May-2022,6300.0,CE,0.0,0.0,0.0,807.75,1074.05,0,0.0,0,0,18-APR-2022,
OPTSTK,BAJFINANCE,26-May-2022,6400.0,CE,0.0,0.0,0.0,753.75,993.85,0,0.0,0,0,18-APR-2022,
OPTSTK,BAJFINANCE,26-May-2022,6500.0,CE,0.0,0.0,0.0,702.35,916.7,0,0.0,0,0,18-APR-2022,
OPTSTK,BAJFINANCE,26-May-2022,6600.0,CE,0.0,0.0,0.0,653.55,842.9,0,0.0,0,0,18-APR-2022,
OPTSTK,BAJFINANCE,26-May-2022,6700.0,CE,0.0,0.0,0.0,607.4,771.95,0,0.0,0,0,18-APR-2022,
OPTSTK,BAJFINANCE,26-May-2022,6800.0,CE,0.0,0.0,0.0,563.8,704.9,0,0.0,0,0,18-APR-2022,
OPTSTK,BAJFINANCE,26-May-2022,6900.0,CE,0.0,0.0,0.0,522.65,641.5,0,0.0,0,0,18-APR-2022,
OPTSTK,BAJFINANCE,26-May-2022,7000.0,CE,569.8,579.0,569.8,579.0,581.8,2,18.93,2500,125,18-APR-2022,
OPTSTK,BAJFINANCE,26-May-2022,7100.0,CE,0.0,0.0,0.0,447.5,525.9,0,0.0,0,0,18-APR-2022,
OPTSTK,BAJFINANCE,26-May-2022,7200.0,CE,0.0,0.0,0.0,413.35,473.7,0,0.0,0,0,18-APR-2022,
OPTSTK,BAJFINANCE,26-May-2022,7300.0,CE,300.0,362.7,300.0,333.0,333.0,22,210.13,3500,750,18-APR-2022,
OPTSTK,BAJFINANCE,26-May-2022,7400.0,CE,292.4,330.0,270.05,288.2,380.45,37,356.44,5875,2875,18-APR-2022,
OPTSTK,BAJFINANCE,26-May-2022,7500.0,CE,221.1,297.15,221.1,246.3,246.3,100,969.25,14750,3375,18-APR-2022,
OPTSTK,BAJFINANCE,26-May-2022,7600.0,CE,222.7,237.75,210.0,218.0,301.5,5,48.9,4000,0,18-APR-2022,
OPTSTK,BAJFINANCE,26-May-2022,7700.0,CE,195.65,212.0,163.0,163.0,267.05,17,167.75,3500,1625,18-APR-2022,
OPTSTK,BAJFINANCE,26-May-2022,7800.0,CE,0.0,0.0,0.0,160.0,235.75,0,0.0,250,0,18-APR-2022,
OPTSTK,BAJFINANCE,26-May-2022,7900.0,CE,0.0,0.0,0.0,230.5,207.45,0,0.0,0,0,18-APR-2022,
OPTSTK,BAJFINANCE,26-May-2022,8000.0,CE,101.8,142.5,94.0,101.1,101.1,204,2069.03,24125,6625,18-APR-2022,
OPTSTK,BAJFINANCE,26-May-2022,8100.0,CE,0.0,0.0,0.0,193.1,159.65,0,0.0,0,0,18-APR-2022,
OPTSTK,BAJFINANCE,26-May-2022,8200.0,CE,0.0,0.0,0.0,176.6,139.0,0,0.0,0,0,18-APR-2022,
OPTSTK,BAJFINANCE,26-May-2022,8300.0,CE,0.0,0.0,0.0,161.35,120.85,0,0.0,0,0,18-APR-2022,
OPTSTK,BAJFINANCE,26-May-2022,8400.0,CE,0.0,0.0,0.0,147.3,104.75,0,0.0,0,0,18-APR-2022,
OPTSTK,BAJFINANCE,26-May-2022,8500.0,CE,38.0,58.95,36.95,43.05,43.05,142,1517.18,14625,4625,18-APR-2022,
OPTSTK,BAJFINANCE,26-May-2022,8600.0,CE,0.0,0.0,0.0,122.45,78.05,0,0.0,0,0,18-APR-2022,
OPTSTK,BAJFINANCE,26-May-2022,8700.0,CE,0.0,0.0,0.0,111.5,67.1,0,0.0,0,0,18-APR-2022,
OPTSTK,BAJFINANCE,26-May-2022,8800.0,CE,0.0,0.0,0.0,101.5,57.5,0,0.0,0,0,18-APR-2022,
OPTSTK,BAJFINANCE,26-May-2022,8900.0,CE,0.0,0.0,0.0,92.3,49.15,0,0.0,0,0,18-APR-2022,
OPTSTK,BAJFINANCE,26-May-2022,9000.0,CE,0.0,0.0,0.0,83.85,41.9,0,0.0,0,0,18-APR-2022,
OPTSTK,BAJFINANCE,26-May-2022,9100.0,CE,0.0,0.0,0.0,76.15,35.65,0,0.0,0,0,18-APR-2022,
OPTSTK,BAJFINANCE,26-May-2022,9200.0,CE,0.0,0.0,0.0,69.1,30.25,0,0.0,0,0,18-APR-2022,
OPTSTK,BAJFINANCE,26-May-2022,9300.0,CE,0.0,0.0,0.0,62.65,25.6,0,0.0,0,0,18-APR-2022,
OPTSTK,BAJFINANCE,26-May-2022,9400.0,CE,0.0,0.0,0.0,50.0,21.6,0,0.0,0,0,18-APR-2022,
OPTSTK,BAJFINANCE,26-May-2022,4700.0,PE,0.0,0.0,0.0,37.0,0.4,0,0.0,125,0,18-APR-2022,
OPTSTK,BAJFINANCE,26-May-2022,4800.0,PE,0.0,0.0,0.0,42.95,0.65,0,0.0,0,0,18-APR-2022,
OPTSTK,BAJFINANCE,26-May-2022,4900.0,PE,0.0,0.0,0.0,52.8,1.0,0,0.0,0,0,18-APR-2022,
OPTSTK,BAJFINANCE,26-May-2022,5000.0,PE,0.0,0.0,0.0,30.05,1.55,0,0.0,1125,0,18-APR-2022,
OPTSTK,BAJFINANCE,26-May-2022,5100.0,PE,0.0,0.0,0.0,77.55,2.35,0,0.0,0,0,18-APR-2022,
OPTSTK,BAJFINANCE,26-May-2022,5200.0,PE,0.0,0.0,0.0,92.7,3.5,0,0.0,0,0,18-APR-2022,
OPTSTK,BAJFINANCE,26-May-2022,5300.0,PE,0.0,0.0,0.0,109.85,5.1,0,0.0,0,0,18-APR-2022,
OPTSTK,BAJFINANCE,26-May-2022,5400.0,PE,0.0,0.0,0.0,129.2,7.25,0,0.0,0,0,18-APR-2022,
OPTSTK,BAJFINANCE,26-May-2022,5500.0,PE,0.0,0.0,0.0,50.05,10.15,0,0.0,125,0,18-APR-2022,
OPTSTK,BAJFINANCE,26-May-2022,5600.0,PE,0.0,0.0,0.0,174.95,14.0,0,0.0,0,0,18-APR-2022,
OPTSTK,BAJFINANCE,26-May-2022,5700.0,PE,0.0,0.0,0.0,201.25,18.95,0,0.0,0,0,18-APR-2022,
OPTSTK,BAJFINANCE,26-May-2022,5800.0,PE,0.0,0.0,0.0,230.1,25.2,0,0.0,0,0,18-APR-2022,
OPTSTK,BAJFINANCE,26-May-2022,5900.0,PE,0.0,0.0,0.0,261.55,33.05,0,0.0,0,0,18-APR-2022,
OPTSTK,BAJFINANCE,26-May-2022,6000.0,PE,26.9,30.0,25.0,29.65,29.65,29,218.5,12250,3000,18-APR-2022,
OPTSTK,BAJFINANCE,26-May-2022,6100.0,PE,0.0,0.0,0.0,332.3,54.4,0,0.0,0,0,18-APR-2022,
OPTSTK,BAJFINANCE,26-May-2022,6200.0,PE,0.0,0.0,0.0,40.0,68.4,0,0.0,125,0,18-APR-2022,
OPTSTK,BAJFINANCE,26-May-2022,6300.0,PE,0.0,0.0,0.0,414.05,84.95,0,0.0,0,0,18-APR-2022,
OPTSTK,BAJFINANCE,26-May-2022,6400.0,PE,0.0,0.0,0.0,458.95,104.3,0,0.0,0,0,18-APR-2022,
OPTSTK,BAJFINANCE,26-May-2022,6500.0,PE,70.0,82.95,70.0,78.6,126.7,84,690.75,12375,3000,18-APR-2022,
OPTSTK,BAJFINANCE,26-May-2022,6600.0,PE,0.0,0.0,0.0,109.0,152.45,0,0.0,250,0,18-APR-2022,
OPTSTK,BAJFINANCE,26-May-2022,6700.0,PE,0.0,0.0,0.0,609.5,181.05,0,0.0,0,0,18-APR-2022,
OPTSTK,BAJFINANCE,26-May-2022,6800.0,PE,135.0,136.0,129.55,134.1,134.1,8,69.34,2875,750,18-APR-2022,
OPTSTK,BAJFINANCE,26-May-2022,6900.0,PE,0.0,0.0,0.0,722.6,249.75,0,0.0,0,0,18-APR-2022,
OPTSTK,BAJFINANCE,26-May-2022,7000.0,PE,219.65,221.0,177.0,199.65,199.65,152,1367.22,35625,4000,18-APR-2022,
OPTSTK,BAJFINANCE,26-May-2022,7100.0,PE,250.0,250.0,233.4,233.4,333.25,8,73.37,4875,625,18-APR-2022,
OPTSTK,BAJFINANCE,26-May-2022,7200.0,PE,280.0,280.0,270.0,275.0,380.65,8,74.77,3750,1000,18-APR-2022,
OPTSTK,BAJFINANCE,26-May-2022,7300.0,PE,298.0,327.0,298.0,319.1,319.1,24,228.31,3500,375,18-APR-2022,
OPTSTK,BAJFINANCE,26-May-2022,7400.0,PE,360.8,360.8,360.8,360.8,360.8,1,9.7,125,125,18-APR-2022,
OPTSTK,BAJFINANCE,26-May-2022,7500.0,PE,395.0,427.0,385.0,427.0,427.0,15,148.11,2000,1750,18-APR-2022,
OPTSTK,BAJFINANCE,26-May-2022,7600.0,PE,0.0,0.0,0.0,1190.5,606.6,0,0.0,0,0,18-APR-2022,
OPTSTK,BAJFINANCE,26-May-2022,7700.0,PE,0.0,0.0,0.0,1265.3,671.75,0,0.0,0,0,18-APR-2022,
OPTSTK,BAJFINANCE,26-May-2022,7800.0,PE,0.0,0.0,0.0,1341.85,740.0,0,0.0,0,0,18-APR-2022,
OPTSTK,BAJFINANCE,26-May-2022,7900.0,PE,0.0,0.0,0.0,1420.0,811.3,0,0.0,0,0,18-APR-2022,
OPTSTK,BAJFINANCE,26-May-2022,8000.0,PE,0.0,0.0,0.0,1499.7,885.75,0,0.0,0,0,18-APR-2022,
OPTSTK,BAJFINANCE,26-May-2022,8100.0,PE,0.0,0.0,0.0,1580.55,962.6,0,0.0,0,0,18-APR-2022,
OPTSTK,BAJFINANCE,26-May-2022,8200.0,PE,0.0,0.0,0.0,1662.95,1041.5,0,0.0,0,0,18-APR-2022,
OPTSTK,BAJFINANCE,26-May-2022,8300.0,PE,0.0,0.0,0.0,1746.7,1122.9,0,0.0,0,0,18-APR-2022,
OPTSTK,BAJFINANCE,26-May-2022,8400.0,PE,0.0,0.0,0.0,1831.6,1206.35,0,0.0,0,0,18-APR-2022,
OPTSTK,BAJFINANCE,26-May-2022,8500.0,PE,0.0,0.0,0.0,1917.6,1291.7,0,0.0,0,0,18-APR-2022,
OPTSTK,BAJFINANCE,26-May-2022,8600.0,PE,0.0,0.0,0.0,2004.65,1378.8,0,0.0,0,0,18-APR-2022,
OPTSTK,BAJFINANCE,26-May-2022,8700.0,PE,0.0,0.0,0.0,2092.65,1467.35,0,0.0,0,0,18-APR-2022,
OPTSTK,BAJFINANCE,26-May-2022,8800.0,PE,0.0,0.0,0.0,2181.6,1557.35,0,0.0,0,0,18-APR-2022,
OPTSTK,BAJFINANCE,26-May-2022,8900.0,PE,0.0,0.0,0.0,2271.35,1648.55,0,0.0,0,0,18-APR-2022,
OPTSTK,BAJFINANCE,26-May-2022,9000.0,PE,0.0,0.0,0.0,2361.85,1740.85,0,0.0,0,0,18-APR-2022,
OPTSTK,BAJFINANCE,26-May-2022,9100.0,PE,0.0,0.0,0.0,2453.1,1834.15,0,0.0,0,0,18-APR-2022,
OPTSTK,BAJFINANCE,26-May-2022,9200.0,PE,0.0,0.0,0.0,2545.0,1928.3,0,0.0,0,0,18-APR-2022,
OPTSTK,BAJFINANCE,26-May-2022,9300.0,PE,0.0,0.0,0.0,2637.55,2023.2,0,0.0,0,0,18-APR-2022,
OPTSTK,BAJFINANCE,26-May-2022,9400.0,PE,0.0,0.0,0.0,2730.6,2118.8,0,0.0,0,0,18-APR-2022,
OPTSTK,BAJFINANCE,30-Jun-2022,4700.0,CE,0.0,0.0,0.0,2624.35,2607.6,0,0.0,0,0,18-APR-2022,
OPTSTK,BAJFINANCE,30-Jun-2022,4800.0,CE,0.0,0.0,0.0,2529.5,2510.65,0,0.0,0,0,18-APR-2022,
OPTSTK,BAJFINANCE,30-Jun-2022,4900.0,CE,0.0,0.0,0.0,2435.45,2414.35,0,0.0,0,0,18-APR-2022,
OPTSTK,BAJFINANCE,30-Jun-2022,5000.0,CE,0.0,0.0,0.0,2342.4,2318.7,0,0.0,0,0,18-APR-2022,
OPTSTK,BAJFINANCE,30-Jun-2022,5100.0,CE,0.0,0.0,0.0,2250.4,2223.9,0,0.0,0,0,18-APR-2022,
OPTSTK,BAJFINANCE,30-Jun-2022,5200.0,CE,0.0,0.0,0.0,2159.55,2130.05,0,0.0,0,0,18-APR-2022,
OPTSTK,BAJFINANCE,30-Jun-2022,5300.0,CE,0.0,0.0,0.0,2070.0,2037.3,0,0.0,0,0,18-APR-2022,
OPTSTK,BAJFINANCE,30-Jun-2022,5400.0,CE,0.0,0.0,0.0,1981.9,1945.8,0,0.0,0,0,18-APR-2022,
OPTSTK,BAJFINANCE,30-Jun-2022,5500.0,CE,0.0,0.0,0.0,1895.3,1855.65,0,0.0,0,0,18-APR-2022,
OPTSTK,BAJFINANCE,30-Jun-2022,5600.0,CE,0.0,0.0,0.0,1810.35,1767.0,0,0.0,0,0,18-APR-2022,
OPTSTK,BAJFINANCE,30-Jun-2022,5700.0,CE,0.0,0.0,0.0,1727.15,1680.05,0,0.0,0,0,18-APR-2022,
OPTSTK,BAJFINANCE,30-Jun-2022,5800.0,CE,0.0,0.0,0.0,1645.8,1594.85,0,0.0,0,0,18-APR-2022,
OPTSTK,BAJFINANCE,30-Jun-2022,5900.0,CE,0.0,0.0,0.0,1566.45,1511.65,0,0.0,0,0,18-APR-2022,
OPTSTK,BAJFINANCE,30-Jun-2022,6000.0,CE,0.0,0.0,0.0,1489.1,1430.5,0,0.0,0,0,18-APR-2022,
OPTSTK,BAJFINANCE,30-Jun-2022,6100.0,CE,0.0,0.0,0.0,1413.9,1351.55,0,0.0,0,0,18-APR-2022,
OPTSTK,BAJFINANCE,30-Jun-2022,6200.0,CE,0.0,0.0,0.0,1341.1,1274.9,0,0.0,0,0,18-APR-2022,
OPTSTK,BAJFINANCE,30-Jun-2022,6300.0,CE,0.0,0.0,0.0,1270.3,1200.85,0,0.0,0,0,18-APR-2022,
OPTSTK,BAJFINANCE,30-Jun-2022,6400.0,CE,0.0,0.0,0.0,1201.8,1129.05,0,0.0,0,0,18-APR-2022,
OPTSTK,BAJFINANCE,30-Jun-2022,6500.0,CE,0.0,0.0,0.0,1135.4,1059.85,0,0.0,0,0,18-APR-2022,
OPTSTK,BAJFINANCE,30-Jun-2022,6600.0,CE,0.0,0.0,0.0,1071.75,993.05,0,0.0,0,0,18-APR-2022,
OPTSTK,BAJFINANCE,30-Jun-2022,6700.0,CE,0.0,0.0,0.0,1010.5,929.25,0,0.0,0,0,18-APR-2022,
OPTSTK,BAJFINANCE,30-Jun-2022,6800.0,CE,0.0,0.0,0.0,951.7,868.15,0,0.0,0,0,18-APR-2022,
OPTSTK,BAJFINANCE,30-Jun-2022,6900.0,CE,0.0,0.0,0.0,895.3,809.85,0,0.0,0,0,18-APR-2022,
OPTSTK,BAJFINANCE,30-Jun-2022,7000.0,CE,0.0,0.0,0.0,841.35,754.25,0,0.0,0,0,18-APR-2022,
OPTSTK,BAJFINANCE,30-Jun-2022,7100.0,CE,0.0,0.0,0.0,789.75,701.4,0,0.0,0,0,18-APR-2022,
OPTSTK,BAJFINANCE,30-Jun-2022,7200.0,CE,0.0,0.0,0.0,740.5,651.25,0,0.0,0,0,18-APR-2022,
OPTSTK,BAJFINANCE,30-Jun-2022,7300.0,CE,0.0,0.0,0.0,693.65,603.75,0,0.0,0,0,18-APR-2022,
OPTSTK,BAJFINANCE,30-Jun-2022,7400.0,CE,0.0,0.0,0.0,649.1,558.95,0,0.0,0,0,18-APR-2022,
OPTSTK,BAJFINANCE,30-Jun-2022,7500.0,CE,0.0,0.0,0.0,606.75,516.7,0,0.0,0,0,18-APR-2022,
OPTSTK,BAJFINANCE,30-Jun-2022,7600.0,CE,0.0,0.0,0.0,566.65,476.95,0,0.0,0,0,18-APR-2022,
OPTSTK,BAJFINANCE,30-Jun-2022,7700.0,CE,0.0,0.0,0.0,528.65,439.6,0,0.0,0,0,18-APR-2022,
OPTSTK,BAJFINANCE,30-Jun-2022,7800.0,CE,0.0,0.0,0.0,492.75,404.65,0,0.0,0,0,18-APR-2022,
OPTSTK,BAJFINANCE,30-Jun-2022,7900.0,CE,0.0,0.0,0.0,458.85,372.0,0,0.0,0,0,18-APR-2022,
OPTSTK,BAJFINANCE,30-Jun-2022,8000.0,CE,0.0,0.0,0.0,205.1,341.5,0,0.0,250,0,18-APR-2022,
OPTSTK,BAJFINANCE,30-Jun-2022,8100.0,CE,0.0,0.0,0.0,396.8,313.1,0,0.0,0,0,18-APR-2022,
OPTSTK,BAJFINANCE,30-Jun-2022,8200.0,CE,0.0,0.0,0.0,368.55,286.7,0,0.0,0,0,18-APR-2022,
OPTSTK,BAJFINANCE,30-Jun-2022,8300.0,CE,0.0,0.0,0.0,342.0,262.6,0,0.0,0,0,18-APR-2022,
OPTSTK,BAJFINANCE,30-Jun-2022,8400.0,CE,0.0,0.0,0.0,317.45,239.95,0,0.0,0,0,18-APR-2022,
OPTSTK,BAJFINANCE,30-Jun-2022,8500.0,CE,0.0,0.0,0.0,294.2,219.05,0,0.0,0,0,18-APR-2022,
OPTSTK,BAJFINANCE,30-Jun-2022,8600.0,CE,0.0,0.0,0.0,272.45,199.4,0,0.0,0,0,18-APR-2022,
OPTSTK,BAJFINANCE,30-Jun-2022,8700.0,CE,0.0,0.0,0.0,252.1,181.55,0,0.0,0,0,18-APR-2022,
OPTSTK,BAJFINANCE,30-Jun-2022,8800.0,CE,0.0,0.0,0.0,233.15,165.1,0,0.0,0,0,18-APR-2022,
OPTSTK,BAJFINANCE,30-Jun-2022,8900.0,CE,0.0,0.0,0.0,215.1,149.95,0,0.0,0,0,18-APR-2022,
OPTSTK,BAJFINANCE,30-Jun-2022,9000.0,CE,0.0,0.0,0.0,198.55,136.1,0,0.0,0,0,18-APR-2022,
OPTSTK,BAJFINANCE,30-Jun-2022,9100.0,CE,0.0,0.0,0.0,183.2,123.35,0,0.0,0,0,18-APR-2022,
OPTSTK,BAJFINANCE,30-Jun-2022,9200.0,CE,0.0,0.0,0.0,168.85,111.7,0,0.0,0,0,18-APR-2022,
OPTSTK,BAJFINANCE,30-Jun-2022,9300.0,CE,0.0,0.0,0.0,155.6,101.1,0,0.0,0,0,18-APR-2022,
OPTSTK,BAJFINANCE,30-Jun-2022,9400.0,CE,0.0,0.0,0.0,143.25,91.35,0,0.0,0,0,18-APR-2022,
OPTSTK,BAJFINANCE,30-Jun-2022,4700.0,PE,0.0,0.0,0.0,15.0,6.5,0,0.0,0,0,18-APR-2022,
OPTSTK,BAJFINANCE,30-Jun-2022,4800.0,PE,0.0,0.0,0.0,19.1,8.75,0,0.0,0,0,18-APR-2022,
OPTSTK,BAJFINANCE,30-Jun-2022,4900.0,PE,0.0,0.0,0.0,24.0,11.55,0,0.0,0,0,18-APR-2022,
OPTSTK,BAJFINANCE,30-Jun-2022,5000.0,PE,0.0,0.0,0.0,20.0,15.1,0,0.0,125,0,18-APR-2022,
OPTSTK,BAJFINANCE,30-Jun-2022,5100.0,PE,0.0,0.0,0.0,36.8,19.45,0,0.0,0,0,18-APR-2022,
OPTSTK,BAJFINANCE,30-Jun-2022,5200.0,PE,0.0,0.0,0.0,44.9,24.75,0,0.0,0,0,18-APR-2022,
OPTSTK,BAJFINANCE,30-Jun-2022,5300.0,PE,0.0,0.0,0.0,54.3,31.15,0,0.0,0,0,18-APR-2022,
OPTSTK,BAJFINANCE,30-Jun-2022,5400.0,PE,0.0,0.0,0.0,65.15,38.8,0,0.0,0,0,18-APR-2022,
OPTSTK,BAJFINANCE,30-Jun-2022,5500.0,PE,0.0,0.0,0.0,77.5,47.8,0,0.0,0,0,18-APR-2022,
OPTSTK,BAJFINANCE,30-Jun-2022,5600.0,PE,0.0,0.0,0.0,91.5,58.3,0,0.0,0,0,18-APR-2022,
OPTSTK,BAJFINANCE,30-Jun-2022,5700.0,PE,0.0,0.0,0.0,107.25,70.5,0,0.0,0,0,18-APR-2022,
OPTSTK,BAJFINANCE,30-Jun-2022,5800.0,PE,0.0,0.0,0.0,124.9,84.45,0,0.0,0,0,18-APR-2022,
OPTSTK,BAJFINANCE,30-Jun-2022,5900.0,PE,0.0,0.0,0.0,144.45,100.4,0,0.0,0,0,18-APR-2022,
OPTSTK,BAJFINANCE,30-Jun-2022,6000.0,PE,0.0,0.0,0.0,40.0,118.4,0,0.0,250,0,18-APR-2022,
OPTSTK,BAJFINANCE,30-Jun-2022,6100.0,PE,0.0,0.0,0.0,189.8,138.6,0,0.0,0,0,18-APR-2022,
OPTSTK,BAJFINANCE,30-Jun-2022,6200.0,PE,0.0,0.0,0.0,215.95,161.1,0,0.0,0,0,18-APR-2022,
OPTSTK,BAJFINANCE,30-Jun-2022,6300.0,PE,0.0,0.0,0.0,244.1,186.25,0,0.0,0,0,18-APR-2022,
OPTSTK,BAJFINANCE,30-Jun-2022,6400.0,PE,0.0,0.0,0.0,274.55,213.6,0,0.0,0,0,18-APR-2022,
OPTSTK,BAJFINANCE,30-Jun-2022,6500.0,PE,0.0,0.0,0.0,307.1,243.55,0,0.0,0,0,18-APR-2022,
OPTSTK,BAJFINANCE,30-Jun-2022,6600.0,PE,0.0,0.0,0.0,342.4,275.9,0,0.0,0,0,18-APR-2022,
OPTSTK,BAJFINANCE,30-Jun-2022,6700.0,PE,0.0,0.0,0.0,380.1,311.25,0,0.0,0,0,18-APR-2022,
OPTSTK,BAJFINANCE,30-Jun-2022,6800.0,PE,0.0,0.0,0.0,420.25,349.3,0,0.0,0,0,18-APR-2022,
OPTSTK,BAJFINANCE,30-Jun-2022,6900.0,PE,0.0,0.0,0.0,462.8,390.15,0,0.0,0,0,18-APR-2022,
OPTSTK,BAJFINANCE,30-Jun-2022,7000.0,PE,0.0,0.0,0.0,507.75,433.7,0,0.0,0,0,18-APR-2022,
OPTSTK,BAJFINANCE,30-Jun-2022,7100.0,PE,0.0,0.0,0.0,555.15,480.0,0,0.0,0,0,18-APR-2022,
OPTSTK,BAJFINANCE,30-Jun-2022,7200.0,PE,0.0,0.0,0.0,604.85,529.0,0,0.0,0,0,18-APR-2022,
OPTSTK,BAJFINANCE,30-Jun-2022,7300.0,PE,0.0,0.0,0.0,656.95,580.7,0,0.0,0,0,18-APR-2022,
OPTSTK,BAJFINANCE,30-Jun-2022,7400.0,PE,0.0,0.0,0.0,711.3,635.0,0,0.0,0,0,18-APR-2022,
OPTSTK,BAJFINANCE,30-Jun-2022,7500.0,PE,0.0,0.0,0.0,767.95,691.9,0,0.0,0,0,18-APR-2022,
OPTSTK,BAJFINANCE,30-Jun-2022,7600.0,PE,0.0,0.0,0.0,826.75,751.3,0,0.0,0,0,18-APR-2022,
OPTSTK,BAJFINANCE,30-Jun-2022,7700.0,PE,0.0,0.0,0.0,887.75,813.15,0,0.0,0,0,18-APR-2022,
OPTSTK,BAJFINANCE,30-Jun-2022,7800.0,PE,0.0,0.0,0.0,950.8,877.35,0,0.0,0,0,18-APR-2022,
OPTSTK,BAJFINANCE,30-Jun-2022,7900.0,PE,0.0,0.0,0.0,1015.85,943.85,0,0.0,0,0,18-APR-2022,
OPTSTK,BAJFINANCE,30-Jun-2022,8000.0,PE,0.0,0.0,0.0,1082.85,1012.5,0,0.0,0,0,18-APR-2022,
OPTSTK,BAJFINANCE,30-Jun-2022,8100.0,PE,0.0,0.0,0.0,1151.7,1083.25,0,0.0,0,0,18-APR-2022,
OPTSTK,BAJFINANCE,30-Jun-2022,8200.0,PE,0.0,0.0,0.0,1222.35,1156.0,0,0.0,0,0,18-APR-2022,
OPTSTK,BAJFINANCE,30-Jun-2022,8300.0,PE,0.0,0.0,0.0,1294.75,1231.05,0,0.0,0,0,18-APR-2022,
OPTSTK,BAJFINANCE,30-Jun-2022,8400.0,PE,0.0,0.0,0.0,1369.2,1307.55,0,0.0,0,0,18-APR-2022,
OPTSTK,BAJFINANCE,30-Jun-2022,8500.0,PE,0.0,0.0,0.0,1444.85,1385.8,0,0.0,0,0,18-APR-2022,
OPTSTK,BAJFINANCE,30-Jun-2022,8600.0,PE,0.0,0.0,0.0,1522.05,1465.3,0,0.0,0,0,18-APR-2022,
OPTSTK,BAJFINANCE,30-Jun-2022,8700.0,PE,0.0,0.0,0.0,1600.7,1546.6,0,0.0,0,0,18-APR-2022,
OPTSTK,BAJFINANCE,30-Jun-2022,8800.0,PE,0.0,0.0,0.0,1680.65,1629.3,0,0.0,0,0,18-APR-2022,
OPTSTK,BAJFINANCE,30-Jun-2022,8900.0,PE,0.0,0.0,0.0,1761.55,1713.35,0,0.0,0,0,18-APR-2022,
OPTSTK,BAJFINANCE,30-Jun-2022,9000.0,PE,0.0,0.0,0.0,1844.0,1798.6,0,0.0,0,0,18-APR-2022,
OPTSTK,BAJFINANCE,30-Jun-2022,9100.0,PE,0.0,0.0,0.0,1927.55,1885.05,0,0.0,0,0,18-APR-2022,
OPTSTK,BAJFINANCE,30-Jun-2022,9200.0,PE,0.0,0.0,0.0,2012.2,1972.55,0,0.0,0,0,18-APR-2022,
OPTSTK,BAJFINANCE,30-Jun-2022,9300.0,PE,0.0,0.0,0.0,2097.85,2061.05,0,0.0,0,0,18-APR-2022,
OPTSTK,BAJFINANCE,30-Jun-2022,9400.0,PE,0.0,0.0,0.0,2184.45,2150.5,0,0.0,0,0,18-APR-2022,
OPTSTK,BALKRISIND,28-Apr-2022,1360.0,CE,0.0,0.0,0.0,737.1,725.6,0,0.0,0,0,18-APR-2022,
OPTSTK,BALKRISIND,28-Apr-2022,1380.0,CE,0.0,0.0,0.0,811.25,705.6,0,0.0,0,0,18-APR-2022,
OPTSTK,BALKRISIND,28-Apr-2022,1400.0,CE,0.0,0.0,0.0,791.55,685.65,0,0.0,0,0,18-APR-2022,
OPTSTK,BALKRISIND,28-Apr-2022,1420.0,CE,0.0,0.0,0.0,771.9,665.65,0,0.0,0,0,18-APR-2022,
OPTSTK,BALKRISIND,28-Apr-2022,1440.0,CE,0.0,0.0,0.0,819.35,645.7,0,0.0,0,0,18-APR-2022,
OPTSTK,BALKRISIND,28-Apr-2022,1460.0,CE,0.0,0.0,0.0,808.6,625.7,0,0.0,0,0,18-APR-2022,
OPTSTK,BALKRISIND,28-Apr-2022,1480.0,CE,0.0,0.0,0.0,789.15,605.75,0,0.0,0,0,18-APR-2022,
OPTSTK,BALKRISIND,28-Apr-2022,1500.0,CE,0.0,0.0,0.0,769.8,585.75,0,0.0,0,0,18-APR-2022,
OPTSTK,BALKRISIND,28-Apr-2022,1520.0,CE,0.0,0.0,0.0,750.5,565.8,0,0.0,0,0,18-APR-2022,
OPTSTK,BALKRISIND,28-Apr-2022,1540.0,CE,0.0,0.0,0.0,731.3,545.8,0,0.0,0,0,18-APR-2022,
OPTSTK,BALKRISIND,28-Apr-2022,1560.0,CE,0.0,0.0,0.0,712.15,525.85,0,0.0,0,0,18-APR-2022,
OPTSTK,BALKRISIND,28-Apr-2022,1580.0,CE,0.0,0.0,0.0,693.15,505.85,0,0.0,0,0,18-APR-2022,
OPTSTK,BALKRISIND,28-Apr-2022,1600.0,CE,0.0,0.0,0.0,674.25,485.85,0,0.0,0,0,18-APR-2022,
OPTSTK,BALKRISIND,28-Apr-2022,1620.0,CE,0.0,0.0,0.0,655.45,465.9,0,0.0,0,0,18-APR-2022,
OPTSTK,BALKRISIND,28-Apr-2022,1640.0,CE,0.0,0.0,0.0,636.8,445.9,0,0.0,0,0,18-APR-2022,
OPTSTK,BALKRISIND,28-Apr-2022,1660.0,CE,0.0,0.0,0.0,618.3,425.95,0,0.0,0,0,18-APR-2022,
OPTSTK,BALKRISIND,28-Apr-2022,1680.0,CE,0.0,0.0,0.0,599.95,406.0,0,0.0,0,0,18-APR-2022,
OPTSTK,BALKRISIND,28-Apr-2022,1700.0,CE,0.0,0.0,0.0,581.8,386.05,0,0.0,0,0,18-APR-2022,
OPTSTK,BALKRISIND,28-Apr-2022,1720.0,CE,0.0,0.0,0.0,563.8,366.1,0,0.0,0,0,18-APR-2022,
OPTSTK,BALKRISIND,28-Apr-2022,1740.0,CE,0.0,0.0,0.0,546.0,346.2,0,0.0,0,0,18-APR-2022,
OPTSTK,BALKRISIND,28-Apr-2022,1760.0,CE,0.0,0.0,0.0,528.45,326.3,0,0.0,0,0,18-APR-2022,
OPTSTK,BALKRISIND,28-Apr-2022,1780.0,CE,0.0,0.0,0.0,511.05,306.5,0,0.0,0,0,18-APR-2022,
OPTSTK,BALKRISIND,28-Apr-2022,1800.0,CE,0.0,0.0,0.0,232.1,286.8,0,0.0,200,0,18-APR-2022,
OPTSTK,BALKRISIND,28-Apr-2022,1820.0,CE,0.0,0.0,0.0,477.05,267.2,0,0.0,0,0,18-APR-2022,
OPTSTK,BALKRISIND,28-Apr-2022,1840.0,CE,0.0,0.0,0.0,460.45,247.8,0,0.0,0,0,18-APR-2022,
OPTSTK,BALKRISIND,28-Apr-2022,1860.0,CE,0.0,0.0,0.0,444.1,228.65,0,0.0,0,0,18-APR-2022,
OPTSTK,BALKRISIND,28-Apr-2022,1880.0,CE,0.0,0.0,0.0,428.0,209.8,0,0.0,0,0,18-APR-2022,
OPTSTK,BALKRISIND,28-Apr-2022,1900.0,CE,0.0,0.0,0.0,412.25,191.4,0,0.0,0,0,18-APR-2022,
OPTSTK,BALKRISIND,28-Apr-2022,1920.0,CE,0.0,0.0,0.0,396.75,173.45,0,0.0,0,0,18-APR-2022,
OPTSTK,BALKRISIND,28-Apr-2022,1940.0,CE,0.0,0.0,0.0,381.55,156.1,0,0.0,0,0,18-APR-2022,
OPTSTK,BALKRISIND,28-Apr-2022,1960.0,CE,0.0,0.0,0.0,366.8,139.5,0,0.0,0,0,18-APR-2022,
OPTSTK,BALKRISIND,28-Apr-2022,1980.0,CE,0.0,0.0,0.0,352.25,123.7,0,0.0,0,0,18-APR-2022,
OPTSTK,BALKRISIND,28-Apr-2022,2000.0,CE,103.25,103.25,103.2,103.2,108.75,3,12.61,1600,400,18-APR-2022,
OPTSTK,BALKRISIND,28-Apr-2022,2020.0,CE,0.0,0.0,0.0,324.2,94.8,0,0.0,0,0,18-APR-2022,
OPTSTK,BALKRISIND,28-Apr-2022,2040.0,CE,0.0,0.0,0.0,310.6,81.95,0,0.0,0,0,18-APR-2022,
OPTSTK,BALKRISIND,28-Apr-2022,2060.0,CE,65.95,78.55,61.05,73.1,73.1,12,51.09,4000,-400,18-APR-2022,
OPTSTK,BALKRISIND,28-Apr-2022,2080.0,CE,61.9,63.6,41.8,60.2,60.2,50,213.18,6000,3000,18-APR-2022,
OPTSTK,BALKRISIND,28-Apr-2022,2100.0,CE,45.0,59.05,34.45,51.15,51.15,488,2093.08,49800,-200,18-APR-2022,
OPTSTK,BALKRISIND,28-Apr-2022,2120.0,CE,44.2,44.2,30.5,39.8,39.8,29,125.04,9000,-1400,18-APR-2022,
OPTSTK,BALKRISIND,28-Apr-2022,2140.0,CE,32.75,38.0,23.45,37.0,37.0,65,282.05,16200,-3800,18-APR-2022,
OPTSTK,BALKRISIND,28-Apr-2022,2160.0,CE,18.45,32.6,18.45,27.95,27.95,74,323.28,27200,-2200,18-APR-2022,
OPTSTK,BALKRISIND,28-Apr-2022,2180.0,CE,21.3,27.15,18.5,22.9,22.9,21,92.44,13800,-1200,18-APR-2022,
OPTSTK,BALKRISIND,28-Apr-2022,2200.0,CE,17.4,23.1,12.65,19.6,19.6,322,1427.66,91600,-8400,18-APR-2022,
OPTSTK,BALKRISIND,28-Apr-2022,2220.0,CE,14.0,16.3,14.0,16.3,16.3,2,8.94,1000,-400,18-APR-2022,
OPTSTK,BALKRISIND,28-Apr-2022,2240.0,CE,17.75,17.75,9.85,9.85,11.15,2,9.01,3200,-200,18-APR-2022,
OPTSTK,BALKRISIND,28-Apr-2022,2260.0,CE,6.5,8.0,6.5,8.0,8.65,2,9.06,600,0,18-APR-2022,
OPTSTK,BALKRISIND,28-Apr-2022,2280.0,CE,0.0,0.0,0.0,16.8,6.65,0,0.0,800,0,18-APR-2022,
OPTSTK,BALKRISIND,28-Apr-2022,2300.0,CE,6.0,7.75,5.0,6.7,6.7,122,562.64,22600,-3800,18-APR-2022,
OPTSTK,BALKRISIND,28-Apr-2022,2320.0,CE,5.0,5.0,5.0,5.0,3.8,2,9.3,600,-400,18-APR-2022,
OPTSTK,BALKRISIND,28-Apr-2022,2340.0,CE,0.0,0.0,0.0,22.0,2.8,0,0.0,400,0,18-APR-2022,
OPTSTK,BALKRISIND,28-Apr-2022,2360.0,CE,0.0,0.0,0.0,7.0,2.1,0,0.0,600,0,18-APR-2022,
OPTSTK,BALKRISIND,28-Apr-2022,2380.0,CE,0.0,0.0,0.0,135.55,1.5,0,0.0,0,0,18-APR-2022,
OPTSTK,BALKRISIND,28-Apr-2022,2400.0,CE,4.0,4.0,3.0,3.3,1.1,9,43.26,9200,-1400,18-APR-2022,
OPTSTK,BALKRISIND,28-Apr-2022,2420.0,CE,0.0,0.0,0.0,121.4,0.8,0,0.0,0,0,18-APR-2022,
OPTSTK,BALKRISIND,28-Apr-2022,2440.0,CE,0.0,0.0,0.0,114.8,0.55,0,0.0,0,0,18-APR-2022,
OPTSTK,BALKRISIND,28-Apr-2022,2460.0,CE,0.0,0.0,0.0,108.5,0.4,0,0.0,0,0,18-APR-2022,
OPTSTK,BALKRISIND,28-Apr-2022,2480.0,CE,0.0,0.0,0.0,102.45,0.3,0,0.0,0,0,18-APR-2022,
OPTSTK,BALKRISIND,28-Apr-2022,2500.0,CE,1.25,1.25,1.0,1.0,0.2,4,20.0,6400,0,18-APR-2022,
OPTSTK,BALKRISIND,28-Apr-2022,2520.0,CE,0.0,0.0,0.0,91.25,0.15,0,0.0,0,0,18-APR-2022,
OPTSTK,BALKRISIND,28-Apr-2022,2540.0,CE,0.0,0.0,0.0,86.05,0.1,0,0.0,0,0,18-APR-2022,
OPTSTK,BALKRISIND,28-Apr-2022,2560.0,CE,0.0,0.0,0.0,81.2,0.1,0,0.0,0,0,18-APR-2022,
OPTSTK,BALKRISIND,28-Apr-2022,2580.0,CE,0.0,0.0,0.0,76.45,0.05,0,0.0,0,0,18-APR-2022,
OPTSTK,BALKRISIND,28-Apr-2022,2600.0,CE,0.0,0.0,0.0,1.5,0.05,0,0.0,1200,0,18-APR-2022,
OPTSTK,BALKRISIND,28-Apr-2022,2620.0,CE,0.0,0.0,0.0,67.75,0.05,0,0.0,0,0,18-APR-2022,
OPTSTK,BALKRISIND,28-Apr-2022,2640.0,CE,0.0,0.0,0.0,63.75,0.05,0,0.0,0,0,18-APR-2022,
OPTSTK,BALKRISIND,28-Apr-2022,2660.0,CE,0.0,0.0,0.0,59.8,0.05,0,0.0,0,0,18-APR-2022,
OPTSTK,BALKRISIND,28-Apr-2022,2680.0,CE,0.0,0.0,0.0,56.2,0.0,0,0.0,0,0,18-APR-2022,
OPTSTK,BALKRISIND,28-Apr-2022,2700.0,CE,0.0,0.0,0.0,52.75,0.0,0,0.0,0,0,18-APR-2022,
OPTSTK,BALKRISIND,28-Apr-2022,2720.0,CE,0.0,0.0,0.0,49.5,0.0,0,0.0,0,0,18-APR-2022,
OPTSTK,BALKRISIND,28-Apr-2022,2740.0,CE,0.0,0.0,0.0,46.45,0.0,0,0.0,0,0,18-APR-2022,
OPTSTK,BALKRISIND,28-Apr-2022,2760.0,CE,0.0,0.0,0.0,43.55,0.0,0,0.0,0,0,18-APR-2022,
OPTSTK,BALKRISIND,28-Apr-2022,2780.0,CE,0.0,0.0,0.0,40.8,0.0,0,0.0,0,0,18-APR-2022,
OPTSTK,BALKRISIND,28-Apr-2022,2800.0,CE,0.0,0.0,0.0,38.2,0.0,0,0.0,0,0,18-APR-2022,
OPTSTK,BALKRISIND,28-Apr-2022,2820.0,CE,0.0,0.0,0.0,35.8,0.0,0,0.0,0,0,18-APR-2022,
OPTSTK,BALKRISIND,28-Apr-2022,2840.0,CE,0.0,0.0,0.0,33.5,0.0,0,0.0,0,0,18-APR-2022,
OPTSTK,BALKRISIND,28-Apr-2022,2860.0,CE,0.0,0.0,0.0,31.3,0.0,0,0.0,0,0,18-APR-2022,
OPTSTK,BALKRISIND,28-Apr-2022,2880.0,CE,0.0,0.0,0.0,29.3,0.0,0,0.0,0,0,18-APR-2022,
OPTSTK,BALKRISIND,28-Apr-2022,2900.0,CE,0.0,0.0,0.0,27.35,0.0,0,0.0,0,0,18-APR-2022,
OPTSTK,BALKRISIND,28-Apr-2022,2920.0,CE,0.0,0.0,0.0,25.55,0.0,0,0.0,0,0,18-APR-2022,
OPTSTK,BALKRISIND,28-Apr-2022,2940.0,CE,0.0,0.0,0.0,23.85,0.0,0,0.0,0,0,18-APR-2022,
OPTSTK,BALKRISIND,28-Apr-2022,2960.0,CE,0.0,0.0,0.0,22.25,0.0,0,0.0,0,0,18-APR-2022,
OPTSTK,BALKRISIND,28-Apr-2022,2980.0,CE,0.0,0.0,0.0,20.8,0.0,0,0.0,0,0,18-APR-2022,
OPTSTK,BALKRISIND,28-Apr-2022,3000.0,CE,0.0,0.0,0.0,19.4,0.0,0,0.0,0,0,18-APR-2022,
OPTSTK,BALKRISIND,28-Apr-2022,3020.0,CE,0.0,0.0,0.0,18.05,0.0,0,0.0,0,0,18-APR-2022,
OPTSTK,BALKRISIND,28-Apr-2022,3040.0,CE,0.0,0.0,0.0,16.85,0.0,0,0.0,0,0,18-APR-2022,
OPTSTK,BALKRISIND,28-Apr-2022,1360.0,PE,0.0,0.0,0.0,0.75,0.0,0,0.0,0,0,18-APR-2022,
OPTSTK,BALKRISIND,28-Apr-2022,1380.0,PE,0.0,0.0,0.0,0.5,0.0,0,0.0,0,0,18-APR-2022,
OPTSTK,BALKRISIND,28-Apr-2022,1400.0,PE,0.0,0.0,0.0,0.6,0.0,0,0.0,0,0,18-APR-2022,
OPTSTK,BALKRISIND,28-Apr-2022,1420.0,PE,0.0,0.0,0.0,0.8,0.0,0,0.0,0,0,18-APR-2022,
OPTSTK,BALKRISIND,28-Apr-2022,1440.0,PE,0.0,0.0,0.0,0.85,0.0,0,0.0,0,0,18-APR-2022,
OPTSTK,BALKRISIND,28-Apr-2022,1460.0,PE,0.0,0.0,0.0,1.65,0.0,0,0.0,0,0,18-APR-2022,
OPTSTK,BALKRISIND,28-Apr-2022,1480.0,PE,0.0,0.0,0.0,2.0,0.0,0,0.0,0,0,18-APR-2022,
OPTSTK,BALKRISIND,28-Apr-2022,1500.0,PE,0.0,0.0,0.0,2.4,0.0,0,0.0,0,0,18-APR-2022,
OPTSTK,BALKRISIND,28-Apr-2022,1520.0,PE,0.0,0.0,0.0,2.9,0.0,0,0.0,0,0,18-APR-2022,
OPTSTK,BALKRISIND,28-Apr-2022,1540.0,PE,0.0,0.0,0.0,3.5,0.0,0,0.0,0,0,18-APR-2022,
OPTSTK,BALKRISIND,28-Apr-2022,1560.0,PE,0.0,0.0,0.0,4.15,0.0,0,0.0,0,0,18-APR-2022,
OPTSTK,BALKRISIND,28-Apr-2022,1580.0,PE,0.0,0.0,0.0,4.95,0.0,0,0.0,0,0,18-APR-2022,
OPTSTK,BALKRISIND,28-Apr-2022,1600.0,PE,0.0,0.0,0.0,5.8,0.0,0,0.0,0,0,18-APR-2022,
OPTSTK,BALKRISIND,28-Apr-2022,1620.0,PE,0.0,0.0,0.0,6.85,0.0,0,0.0,0,0,18-APR-2022,
OPTSTK,BALKRISIND,28-Apr-2022,1640.0,PE,0.0,0.0,0.0,8.0,0.05,0,0.0,0,0,18-APR-2022,
OPTSTK,BALKRISIND,28-Apr-2022,1660.0,PE,0.0,0.0,0.0,9.25,0.05,0,0.0,0,0,18-APR-2022,
OPTSTK,BALKRISIND,28-Apr-2022,1680.0,PE,0.0,0.0,0.0,10.7,0.05,0,0.0,0,0,18-APR-2022,
OPTSTK,BALKRISIND,28-Apr-2022,1700.0,PE,0.0,0.0,0.0,12.35,0.05,0,0.0,0,0,18-APR-2022,
OPTSTK,BALKRISIND,28-Apr-2022,1720.0,PE,0.0,0.0,0.0,14.15,0.1,0,0.0,0,0,18-APR-2022,
OPTSTK,BALKRISIND,28-Apr-2022,1740.0,PE,0.0,0.0,0.0,16.15,0.15,0,0.0,0,0,18-APR-2022,
OPTSTK,BALKRISIND,28-Apr-2022,1760.0,PE,0.0,0.0,0.0,18.35,0.25,0,0.0,0,0,18-APR-2022,
OPTSTK,BALKRISIND,28-Apr-2022,1780.0,PE,0.0,0.0,0.0,20.8,0.45,0,0.0,0,0,18-APR-2022,
OPTSTK,BALKRISIND,28-Apr-2022,1800.0,PE,0.0,0.0,0.0,2.0,0.7,0,0.0,200,0,18-APR-2022,
OPTSTK,BALKRISIND,28-Apr-2022,1820.0,PE,0.0,0.0,0.0,26.35,1.1,0,0.0,0,0,18-APR-2022,
OPTSTK,BALKRISIND,28-Apr-2022,1840.0,PE,0.0,0.0,0.0,29.5,1.7,0,0.0,0,0,18-APR-2022,
OPTSTK,BALKRISIND,28-Apr-2022,1860.0,PE,5.4,5.4,5.4,5.4,2.5,1,3.73,400,200,18-APR-2022,
OPTSTK,BALKRISIND,28-Apr-2022,1880.0,PE,0.0,0.0,0.0,36.7,3.65,0,0.0,0,0,18-APR-2022,
OPTSTK,BALKRISIND,28-Apr-2022,1900.0,PE,8.95,9.8,6.25,7.6,7.6,52,198.43,16600,-1600,18-APR-2022,
OPTSTK,BALKRISIND,28-Apr-2022,1920.0,PE,0.0,0.0,0.0,45.0,7.25,0,0.0,0,0,18-APR-2022,
OPTSTK,BALKRISIND,28-Apr-2022,1940.0,PE,0.0,0.0,0.0,49.6,9.9,0,0.0,0,0,18-APR-2022,
OPTSTK,BALKRISIND,28-Apr-2022,1960.0,PE,0.0,0.0,0.0,20.0,13.25,0,0.0,200,0,18-APR-2022,
OPTSTK,BALKRISIND,28-Apr-2022,1980.0,PE,0.0,0.0,0.0,29.75,17.4,0,0.0,1600,0,18-APR-2022,
OPTSTK,BALKRISIND,28-Apr-2022,2000.0,PE,29.0,32.3,21.15,21.15,22.45,79,320.27,30200,5400,18-APR-2022,
OPTSTK,BALKRISIND,28-Apr-2022,2020.0,PE,29.0,29.0,29.0,29.0,28.5,1,4.09,4200,-200,18-APR-2022,
OPTSTK,BALKRISIND,28-Apr-2022,2040.0,PE,36.2,36.2,36.2,36.2,35.6,1,4.15,4600,-200,18-APR-2022,
OPTSTK,BALKRISIND,28-Apr-2022,2060.0,PE,48.05,56.25,36.2,41.1,41.1,26,109.52,14400,800,18-APR-2022,
OPTSTK,BALKRISIND,28-Apr-2022,2080.0,PE,53.0,69.2,49.55,49.55,53.15,30,128.25,5200,0,18-APR-2022,
OPTSTK,BALKRISIND,28-Apr-2022,2100.0,PE,65.5,82.0,59.0,66.0,63.6,58,251.54,15600,-1400,18-APR-2022,
OPTSTK,BALKRISIND,28-Apr-2022,2120.0,PE,76.5,76.5,76.5,76.5,75.15,1,4.39,800,200,18-APR-2022,
OPTSTK,BALKRISIND,28-Apr-2022,2140.0,PE,0.0,0.0,0.0,75.0,87.8,0,0.0,200,0,18-APR-2022,
OPTSTK,BALKRISIND,28-Apr-2022,2160.0,PE,108.15,108.15,108.15,108.15,101.45,1,4.53,1000,200,18-APR-2022,
OPTSTK,BALKRISIND,28-Apr-2022,2180.0,PE,0.0,0.0,0.0,131.6,116.1,0,0.0,0,0,18-APR-2022,
OPTSTK,BALKRISIND,28-Apr-2022,2200.0,PE,148.2,148.2,133.05,136.7,131.5,6,28.05,31600,-600,18-APR-2022,
OPTSTK,BALKRISIND,28-Apr-2022,2220.0,PE,0.0,0.0,0.0,150.3,147.7,0,0.0,0,0,18-APR-2022,
OPTSTK,BALKRISIND,28-Apr-2022,2240.0,PE,0.0,0.0,0.0,160.15,164.6,0,0.0,0,0,18-APR-2022,
OPTSTK,BALKRISIND,28-Apr-2022,2260.0,PE,0.0,0.0,0.0,170.4,182.05,0,0.0,0,0,18-APR-2022,
OPTSTK,BALKRISIND,28-Apr-2022,2280.0,PE,0.0,0.0,0.0,181.0,200.0,0,0.0,0,0,18-APR-2022,
OPTSTK,BALKRISIND,28-Apr-2022,2300.0,PE,0.0,0.0,0.0,191.9,218.4,0,0.0,0,0,18-APR-2022,
OPTSTK,BALKRISIND,28-Apr-2022,2320.0,PE,0.0,0.0,0.0,203.2,237.1,0,0.0,0,0,18-APR-2022,
OPTSTK,BALKRISIND,28-Apr-2022,2340.0,PE,0.0,0.0,0.0,214.8,256.15,0,0.0,0,0,18-APR-2022,
OPTSTK,BALKRISIND,28-Apr-2022,2360.0,PE,0.0,0.0,0.0,226.75,275.35,0,0.0,0,0,18-APR-2022,
OPTSTK,BALKRISIND,28-Apr-2022,2380.0,PE,0.0,0.0,0.0,239.0,294.8,0,0.0,0,0,18-APR-2022,
OPTSTK,BALKRISIND,28-Apr-2022,2400.0,PE,0.0,0.0,0.0,251.55,314.35,0,0.0,0,0,18-APR-2022,
OPTSTK,BALKRISIND,28-Apr-2022,2420.0,PE,0.0,0.0,0.0,264.45,334.0,0,0.0,0,0,18-APR-2022,
OPTSTK,BALKRISIND,28-Apr-2022,2440.0,PE,0.0,0.0,0.0,277.65,353.75,0,0.0,0,0,18-APR-2022,
OPTSTK,BALKRISIND,28-Apr-2022,2460.0,PE,0.0,0.0,0.0,291.1,373.6,0,0.0,0,0,18-APR-2022,
OPTSTK,BALKRISIND,28-Apr-2022,2480.0,PE,0.0,0.0,0.0,304.9,393.45,0,0.0,0,0,18-APR-2022,
OPTSTK,BALKRISIND,28-Apr-2022,2500.0,PE,0.0,0.0,0.0,318.95,413.35,0,0.0,0,0,18-APR-2022,
OPTSTK,BALKRISIND,28-Apr-2022,2520.0,PE,0.0,0.0,0.0,333.25,433.25,0,0.0,0,0,18-APR-2022,
OPTSTK,BALKRISIND,28-Apr-2022,2540.0,PE,0.0,0.0,0.0,347.8,453.2,0,0.0,0,0,18-APR-2022,
OPTSTK,BALKRISIND,28-Apr-2022,2560.0,PE,0.0,0.0,0.0,362.75,473.15,0,0.0,0,0,18-APR-2022,
OPTSTK,BALKRISIND,28-Apr-2022,2580.0,PE,0.0,0.0,0.0,377.85,493.1,0,0.0,0,0,18-APR-2022,
OPTSTK,BALKRISIND,28-Apr-2022,2600.0,PE,0.0,0.0,0.0,393.15,513.05,0,0.0,0,0,18-APR-2022,
OPTSTK,BALKRISIND,28-Apr-2022,2620.0,PE,0.0,0.0,0.0,408.7,533.05,0,0.0,0,0,18-APR-2022,
OPTSTK,BALKRISIND,28-Apr-2022,2640.0,PE,0.0,0.0,0.0,424.5,553.0,0,0.0,0,0,18-APR-2022,
OPTSTK,BALKRISIND,28-Apr-2022,2660.0,PE,0.0,0.0,0.0,440.35,573.0,0,0.0,0,0,18-APR-2022,
OPTSTK,BALKRISIND,28-Apr-2022,2680.0,PE,0.0,0.0,0.0,456.55,592.95,0,0.0,0,0,18-APR-2022,
OPTSTK,BALKRISIND,28-Apr-2022,2700.0,PE,0.0,0.0,0.0,472.9,612.95,0,0.0,0,0,18-APR-2022,
OPTSTK,BALKRISIND,28-Apr-2022,2720.0,PE,0.0,0.0,0.0,489.45,632.9,0,0.0,0,0,18-APR-2022,
OPTSTK,BALKRISIND,28-Apr-2022,2740.0,PE,0.0,0.0,0.0,506.15,652.9,0,0.0,0,0,18-APR-2022,
OPTSTK,BALKRISIND,28-Apr-2022,2760.0,PE,0.0,0.0,0.0,523.05,672.85,0,0.0,0,0,18-APR-2022,
OPTSTK,BALKRISIND,28-Apr-2022,2780.0,PE,0.0,0.0,0.0,540.1,692.85,0,0.0,0,0,18-APR-2022,
OPTSTK,BALKRISIND,28-Apr-2022,2800.0,PE,0.0,0.0,0.0,557.3,712.8,0,0.0,0,0,18-APR-2022,
OPTSTK,BALKRISIND,28-Apr-2022,2820.0,PE,0.0,0.0,0.0,574.65,732.8,0,0.0,0,0,18-APR-2022,
OPTSTK,BALKRISIND,28-Apr-2022,2840.0,PE,0.0,0.0,0.0,592.15,752.75,0,0.0,0,0,18-APR-2022,
OPTSTK,BALKRISIND,28-Apr-2022,2860.0,PE,0.0,0.0,0.0,609.75,772.75,0,0.0,0,0,18-APR-2022,
OPTSTK,BALKRISIND,28-Apr-2022,2880.0,PE,0.0,0.0,0.0,627.55,792.75,0,0.0,0,0,18-APR-2022,
OPTSTK,BALKRISIND,28-Apr-2022,2900.0,PE,0.0,0.0,0.0,645.4,812.7,0,0.0,0,0,18-APR-2022,
OPTSTK,BALKRISIND,28-Apr-2022,2920.0,PE,0.0,0.0,0.0,663.4,832.7,0,0.0,0,0,18-APR-2022,
OPTSTK,BALKRISIND,28-Apr-2022,2940.0,PE,0.0,0.0,0.0,681.5,852.65,0,0.0,0,0,18-APR-2022,
OPTSTK,BALKRISIND,28-Apr-2022,2960.0,PE,0.0,0.0,0.0,699.7,872.65,0,0.0,0,0,18-APR-2022,
OPTSTK,BALKRISIND,28-Apr-2022,2980.0,PE,0.0,0.0,0.0,718.0,892.6,0,0.0,0,0,18-APR-2022,
OPTSTK,BALKRISIND,28-Apr-2022,3000.0,PE,0.0,0.0,0.0,736.4,912.6,0,0.0,0,0,18-APR-2022,
OPTSTK,BALKRISIND,28-Apr-2022,3020.0,PE,0.0,0.0,0.0,754.85,932.55,0,0.0,0,0,18-APR-2022,
OPTSTK,BALKRISIND,28-Apr-2022,3040.0,PE,0.0,0.0,0.0,773.4,952.55,0,0.0,0,0,18-APR-2022,
OPTSTK,BALKRISIND,26-May-2022,1360.0,CE,0.0,0.0,0.0,425.9,730.1,0,0.0,0,0,18-APR-2022,
OPTSTK,BALKRISIND,26-May-2022,1380.0,CE,0.0,0.0,0.0,408.5,710.2,0,0.0,0,0,18-APR-2022,
OPTSTK,BALKRISIND,26-May-2022,1400.0,CE,0.0,0.0,0.0,391.4,690.3,0,0.0,0,0,18-APR-2022,
OPTSTK,BALKRISIND,26-May-2022,1420.0,CE,0.0,0.0,0.0,374.6,670.45,0,0.0,0,0,18-APR-2022,
OPTSTK,BALKRISIND,26-May-2022,1440.0,CE,0.0,0.0,0.0,358.15,650.6,0,0.0,0,0,18-APR-2022,
OPTSTK,BALKRISIND,26-May-2022,1460.0,CE,0.0,0.0,0.0,342.05,630.75,0,0.0,0,0,18-APR-2022,
OPTSTK,BALKRISIND,26-May-2022,1480.0,CE,0.0,0.0,0.0,326.3,610.9,0,0.0,0,0,18-APR-2022,
OPTSTK,BALKRISIND,26-May-2022,1500.0,CE,0.0,0.0,0.0,310.9,591.15,0,0.0,0,0,18-APR-2022,
OPTSTK,BALKRISIND,26-May-2022,1520.0,CE,0.0,0.0,0.0,296.0,571.4,0,0.0,0,0,18-APR-2022,
OPTSTK,BALKRISIND,26-May-2022,1540.0,CE,0.0,0.0,0.0,281.4,551.7,0,0.0,0,0,18-APR-2022,
OPTSTK,BALKRISIND,26-May-2022,1560.0,CE,0.0,0.0,0.0,267.25,532.05,0,0.0,0,0,18-APR-2022,
OPTSTK,BALKRISIND,26-May-2022,1580.0,CE,0.0,0.0,0.0,253.55,512.5,0,0.0,0,0,18-APR-2022,
OPTSTK,BALKRISIND,26-May-2022,1600.0,CE,0.0,0.0,0.0,240.2,493.0,0,0.0,0,0,18-APR-2022,
OPTSTK,BALKRISIND,26-May-2022,1620.0,CE,0.0,0.0,0.0,227.35,473.65,0,0.0,0,0,18-APR-2022,
OPTSTK,BALKRISIND,26-May-2022,1640.0,CE,0.0,0.0,0.0,215.0,454.4,0,0.0,0,0,18-APR-2022,
OPTSTK,BALKRISIND,26-May-2022,1660.0,CE,0.0,0.0,0.0,203.05,435.3,0,0.0,0,0,18-APR-2022,
OPTSTK,BALKRISIND,26-May-2022,1680.0,CE,0.0,0.0,0.0,191.6,416.4,0,0.0,0,0,18-APR-2022,
OPTSTK,BALKRISIND,26-May-2022,1700.0,CE,0.0,0.0,0.0,180.55,397.7,0,0.0,0,0,18-APR-2022,
OPTSTK,BALKRISIND,26-May-2022,1720.0,CE,0.0,0.0,0.0,170.0,379.2,0,0.0,0,0,18-APR-2022,
OPTSTK,BALKRISIND,26-May-2022,1740.0,CE,0.0,0.0,0.0,159.9,361.0,0,0.0,0,0,18-APR-2022,
OPTSTK,BALKRISIND,26-May-2022,1760.0,CE,0.0,0.0,0.0,150.2,343.05,0,0.0,0,0,18-APR-2022,
OPTSTK,BALKRISIND,26-May-2022,1780.0,CE,0.0,0.0,0.0,141.0,325.4,0,0.0,0,0,18-APR-2022,
OPTSTK,BALKRISIND,26-May-2022,1800.0,CE,0.0,0.0,0.0,132.2,308.15,0,0.0,0,0,18-APR-2022,
OPTSTK,BALKRISIND,26-May-2022,1820.0,CE,0.0,0.0,0.0,123.8,291.2,0,0.0,0,0,18-APR-2022,
OPTSTK,BALKRISIND,26-May-2022,1840.0,CE,0.0,0.0,0.0,115.85,274.7,0,0.0,0,0,18-APR-2022,
OPTSTK,BALKRISIND,26-May-2022,1860.0,CE,0.0,0.0,0.0,108.3,258.65,0,0.0,0,0,18-APR-2022,
OPTSTK,BALKRISIND,26-May-2022,1880.0,CE,0.0,0.0,0.0,101.15,243.0,0,0.0,0,0,18-APR-2022,
OPTSTK,BALKRISIND,26-May-2022,1900.0,CE,0.0,0.0,0.0,94.35,227.85,0,0.0,0,0,18-APR-2022,
OPTSTK,BALKRISIND,26-May-2022,1920.0,CE,0.0,0.0,0.0,87.95,213.3,0,0.0,0,0,18-APR-2022,
OPTSTK,BALKRISIND,26-May-2022,1940.0,CE,0.0,0.0,0.0,81.95,199.1,0,0.0,0,0,18-APR-2022,
OPTSTK,BALKRISIND,26-May-2022,1960.0,CE,0.0,0.0,0.0,76.25,185.5,0,0.0,0,0,18-APR-2022,
OPTSTK,BALKRISIND,26-May-2022,1980.0,CE,0.0,0.0,0.0,70.85,172.5,0,0.0,0,0,18-APR-2022,
OPTSTK,BALKRISIND,26-May-2022,2000.0,CE,0.0,0.0,0.0,172.05,160.1,0,0.0,0,0,18-APR-2022,
OPTSTK,BALKRISIND,26-May-2022,2020.0,CE,0.0,0.0,0.0,61.2,148.25,0,0.0,0,0,18-APR-2022,
OPTSTK,BALKRISIND,26-May-2022,2040.0,CE,0.0,0.0,0.0,56.75,136.95,0,0.0,0,0,18-APR-2022,
OPTSTK,BALKRISIND,26-May-2022,2060.0,CE,0.0,0.0,0.0,52.6,126.25,0,0.0,0,0,18-APR-2022,
OPTSTK,BALKRISIND,26-May-2022,2080.0,CE,0.0,0.0,0.0,48.65,116.15,0,0.0,0,0,18-APR-2022,
OPTSTK,BALKRISIND,26-May-2022,2100.0,CE,0.0,0.0,0.0,140.05,106.65,0,0.0,200,0,18-APR-2022,
OPTSTK,BALKRISIND,26-May-2022,2120.0,CE,0.0,0.0,0.0,41.6,97.65,0,0.0,0,0,18-APR-2022,
OPTSTK,BALKRISIND,26-May-2022,2140.0,CE,0.0,0.0,0.0,38.45,89.3,0,0.0,0,0,18-APR-2022,
OPTSTK,BALKRISIND,26-May-2022,2160.0,CE,0.0,0.0,0.0,35.5,81.45,0,0.0,0,0,18-APR-2022,
OPTSTK,BALKRISIND,26-May-2022,2180.0,CE,0.0,0.0,0.0,32.75,74.1,0,0.0,0,0,18-APR-2022,
OPTSTK,BALKRISIND,26-May-2022,2200.0,CE,0.0,0.0,0.0,86.85,67.3,0,0.0,600,0,18-APR-2022,
OPTSTK,BALKRISIND,26-May-2022,2220.0,CE,0.0,0.0,0.0,27.8,61.0,0,0.0,0,0,18-APR-2022,
OPTSTK,BALKRISIND,26-May-2022,2240.0,CE,0.0,0.0,0.0,25.6,55.15,0,0.0,0,0,18-APR-2022,
OPTSTK,BALKRISIND,26-May-2022,2260.0,CE,0.0,0.0,0.0,23.55,49.8,0,0.0,0,0,18-APR-2022,
OPTSTK,BALKRISIND,26-May-2022,2280.0,CE,0.0,0.0,0.0,21.65,44.95,0,0.0,0,0,18-APR-2022,
OPTSTK,BALKRISIND,26-May-2022,2300.0,CE,0.0,0.0,0.0,40.0,40.45,0,0.0,1400,0,18-APR-2022,
OPTSTK,BALKRISIND,26-May-2022,2320.0,CE,0.0,0.0,0.0,18.25,36.2,0,0.0,0,0,18-APR-2022,
OPTSTK,BALKRISIND,26-May-2022,2340.0,CE,0.0,0.0,0.0,16.75,32.4,0,0.0,0,0,18-APR-2022,
OPTSTK,BALKRISIND,26-May-2022,2360.0,CE,0.0,0.0,0.0,15.35,29.0,0,0.0,0,0,18-APR-2022,
OPTSTK,BALKRISIND,26-May-2022,2380.0,CE,0.0,0.0,0.0,14.05,25.85,0,0.0,0,0,18-APR-2022,
OPTSTK,BALKRISIND,26-May-2022,2400.0,CE,12.0,12.0,12.0,12.0,23.0,1,4.82,200,200,18-APR-2022,
OPTSTK,BALKRISIND,26-May-2022,2420.0,CE,0.0,0.0,0.0,11.8,20.45,0,0.0,0,0,18-APR-2022,
OPTSTK,BALKRISIND,26-May-2022,2440.0,CE,0.0,0.0,0.0,10.8,18.15,0,0.0,0,0,18-APR-2022,
OPTSTK,BALKRISIND,26-May-2022,2460.0,CE,0.0,0.0,0.0,9.85,16.05,0,0.0,0,0,18-APR-2022,
OPTSTK,BALKRISIND,26-May-2022,2480.0,CE,0.0,0.0,0.0,9.0,14.2,0,0.0,0,0,18-APR-2022,
OPTSTK,BALKRISIND,26-May-2022,2500.0,CE,0.0,0.0,0.0,8.25,12.5,0,0.0,0,0,18-APR-2022,
OPTSTK,BALKRISIND,26-May-2022,2520.0,CE,0.0,0.0,0.0,7.5,11.0,0,0.0,0,0,18-APR-2022,
OPTSTK,BALKRISIND,26-May-2022,2540.0,CE,0.0,0.0,0.0,6.85,9.7,0,0.0,0,0,18-APR-2022,
OPTSTK,BALKRISIND,26-May-2022,2560.0,CE,0.0,0.0,0.0,6.25,8.5,0,0.0,0,0,18-APR-2022,
OPTSTK,BALKRISIND,26-May-2022,1360.0,PE,0.0,0.0,0.0,14.0,0.05,0,0.0,0,0,18-APR-2022,
OPTSTK,BALKRISIND,26-May-2022,1380.0,PE,0.0,0.0,0.0,16.35,0.05,0,0.0,0,0,18-APR-2022,
OPTSTK,BALKRISIND,26-May-2022,1400.0,PE,0.0,0.0,0.0,19.05,0.1,0,0.0,0,0,18-APR-2022,
OPTSTK,BALKRISIND,26-May-2022,1420.0,PE,0.0,0.0,0.0,22.05,0.15,0,0.0,0,0,18-APR-2022,
OPTSTK,BALKRISIND,26-May-2022,1440.0,PE,0.0,0.0,0.0,25.35,0.2,0,0.0,0,0,18-APR-2022,
OPTSTK,BALKRISIND,26-May-2022,1460.0,PE,0.0,0.0,0.0,29.05,0.25,0,0.0,0,0,18-APR-2022,
OPTSTK,BALKRISIND,26-May-2022,1480.0,PE,0.0,0.0,0.0,33.1,0.35,0,0.0,0,0,18-APR-2022,
OPTSTK,BALKRISIND,26-May-2022,1500.0,PE,0.0,0.0,0.0,37.5,0.45,0,0.0,0,0,18-APR-2022,
OPTSTK,BALKRISIND,26-May-2022,1520.0,PE,0.0,0.0,0.0,42.4,0.6,0,0.0,0,0,18-APR-2022,
OPTSTK,BALKRISIND,26-May-2022,1540.0,PE,0.0,0.0,0.0,47.6,0.85,0,0.0,0,0,18-APR-2022,
OPTSTK,BALKRISIND,26-May-2022,1560.0,PE,0.0,0.0,0.0,53.25,1.1,0,0.0,0,0,18-APR-2022,
OPTSTK,BALKRISIND,26-May-2022,1580.0,PE,0.0,0.0,0.0,59.3,1.45,0,0.0,0,0,18-APR-2022,
OPTSTK,BALKRISIND,26-May-2022,1600.0,PE,0.0,0.0,0.0,65.75,1.9,0,0.0,0,0,18-APR-2022,
OPTSTK,BALKRISIND,26-May-2022,1620.0,PE,0.0,0.0,0.0,72.7,2.45,0,0.0,0,0,18-APR-2022,
OPTSTK,BALKRISIND,26-May-2022,1640.0,PE,0.0,0.0,0.0,80.1,3.1,0,0.0,0,0,18-APR-2022,
OPTSTK,BALKRISIND,26-May-2022,1660.0,PE,0.0,0.0,0.0,88.0,3.95,0,0.0,0,0,18-APR-2022,
OPTSTK,BALKRISIND,26-May-2022,1680.0,PE,0.0,0.0,0.0,96.3,4.95,0,0.0,0,0,18-APR-2022,
OPTSTK,BALKRISIND,26-May-2022,1700.0,PE,0.0,0.0,0.0,105.05,6.15,0,0.0,0,0,18-APR-2022,
OPTSTK,BALKRISIND,26-May-2022,1720.0,PE,0.0,0.0,0.0,114.3,7.6,0,0.0,0,0,18-APR-2022,
OPTSTK,BALKRISIND,26-May-2022,1740.0,PE,0.0,0.0,0.0,123.95,9.25,0,0.0,0,0,18-APR-2022,
OPTSTK,BALKRISIND,26-May-2022,1760.0,PE,0.0,0.0,0.0,134.1,11.25,0,0.0,0,0,18-APR-2022,
OPTSTK,BALKRISIND,26-May-2022,1780.0,PE,0.0,0.0,0.0,144.65,13.5,0,0.0,0,0,18-APR-2022,
OPTSTK,BALKRISIND,26-May-2022,1800.0,PE,0.0,0.0,0.0,155.65,16.15,0,0.0,0,0,18-APR-2022,
OPTSTK,BALKRISIND,26-May-2022,1820.0,PE,0.0,0.0,0.0,167.05,19.15,0,0.0,0,0,18-APR-2022,
OPTSTK,BALKRISIND,26-May-2022,1840.0,PE,0.0,0.0,0.0,178.9,22.55,0,0.0,0,0,18-APR-2022,
OPTSTK,BALKRISIND,26-May-2022,1860.0,PE,0.0,0.0,0.0,191.15,26.35,0,0.0,0,0,18-APR-2022,
OPTSTK,BALKRISIND,26-May-2022,1880.0,PE,0.0,0.0,0.0,203.75,30.65,0,0.0,0,0,18-APR-2022,
OPTSTK,BALKRISIND,26-May-2022,1900.0,PE,0.0,0.0,0.0,18.9,35.45,0,0.0,200,0,18-APR-2022,
OPTSTK,BALKRISIND,26-May-2022,1920.0,PE,0.0,0.0,0.0,230.2,40.75,0,0.0,0,0,18-APR-2022,
OPTSTK,BALKRISIND,26-May-2022,1940.0,PE,0.0,0.0,0.0,243.95,46.45,0,0.0,0,0,18-APR-2022,
OPTSTK,BALKRISIND,26-May-2022,1960.0,PE,0.0,0.0,0.0,258.0,52.8,0,0.0,0,0,18-APR-2022,
OPTSTK,BALKRISIND,26-May-2022,1980.0,PE,0.0,0.0,0.0,272.45,59.7,0,0.0,0,0,18-APR-2022,
OPTSTK,BALKRISIND,26-May-2022,2000.0,PE,0.0,0.0,0.0,65.0,67.2,0,0.0,800,0,18-APR-2022,
OPTSTK,BALKRISIND,26-May-2022,2020.0,PE,0.0,0.0,0.0,302.35,75.25,0,0.0,0,0,18-APR-2022,
OPTSTK,BALKRISIND,26-May-2022,2040.0,PE,0.0,0.0,0.0,317.7,83.9,0,0.0,0,0,18-APR-2022,
OPTSTK,BALKRISIND,26-May-2022,2060.0,PE,0.0,0.0,0.0,333.35,93.1,0,0.0,0,0,18-APR-2022,
OPTSTK,BALKRISIND,26-May-2022,2080.0,PE,0.0,0.0,0.0,349.2,102.9,0,0.0,0,0,18-APR-2022,
OPTSTK,BALKRISIND,26-May-2022,2100.0,PE,0.0,0.0,0.0,365.35,113.3,0,0.0,0,0,18-APR-2022,
OPTSTK,BALKRISIND,26-May-2022,2120.0,PE,0.0,0.0,0.0,381.75,124.25,0,0.0,0,0,18-APR-2022,
OPTSTK,BALKRISIND,26-May-2022,2140.0,PE,0.0,0.0,0.0,398.35,135.8,0,0.0,0,0,18-APR-2022,
OPTSTK,BALKRISIND,26-May-2022,2160.0,PE,0.0,0.0,0.0,415.2,147.85,0,0.0,0,0,18-APR-2022,
OPTSTK,BALKRISIND,26-May-2022,2180.0,PE,0.0,0.0,0.0,432.2,160.45,0,0.0,0,0,18-APR-2022,
OPTSTK,BALKRISIND,26-May-2022,2200.0,PE,0.0,0.0,0.0,449.45,173.55,0,0.0,0,0,18-APR-2022,
OPTSTK,BALKRISIND,26-May-2022,2220.0,PE,0.0,0.0,0.0,466.85,187.15,0,0.0,0,0,18-APR-2022,
OPTSTK,BALKRISIND,26-May-2022,2240.0,PE,0.0,0.0,0.0,484.45,201.25,0,0.0,0,0,18-APR-2022,
OPTSTK,BALKRISIND,26-May-2022,2260.0,PE,0.0,0.0,0.0,502.2,215.75,0,0.0,0,0,18-APR-2022,
OPTSTK,BALKRISIND,26-May-2022,2280.0,PE,0.0,0.0,0.0,520.05,230.85,0,0.0,0,0,18-APR-2022,
OPTSTK,BALKRISIND,26-May-2022,2300.0,PE,0.0,0.0,0.0,538.1,246.25,0,0.0,0,0,18-APR-2022,
OPTSTK,BALKRISIND,26-May-2022,2320.0,PE,0.0,0.0,0.0,556.25,261.9,0,0.0,0,0,18-APR-2022,
OPTSTK,BALKRISIND,26-May-2022,2340.0,PE,0.0,0.0,0.0,574.55,278.05,0,0.0,0,0,18-APR-2022,
OPTSTK,BALKRISIND,26-May-2022,2360.0,PE,0.0,0.0,0.0,592.95,294.5,0,0.0,0,0,18-APR-2022,
OPTSTK,BALKRISIND,26-May-2022,2380.0,PE,0.0,0.0,0.0,611.45,311.3,0,0.0,0,0,18-APR-2022,
OPTSTK,BALKRISIND,26-May-2022,2400.0,PE,0.0,0.0,0.0,630.05,328.35,0,0.0,0,0,18-APR-2022,
OPTSTK,BALKRISIND,26-May-2022,2420.0,PE,0.0,0.0,0.0,648.75,345.7,0,0.0,0,0,18-APR-2022,
OPTSTK,BALKRISIND,26-May-2022,2440.0,PE,0.0,0.0,0.0,667.55,363.3,0,0.0,0,0,18-APR-2022,
OPTSTK,BALKRISIND,26-May-2022,2460.0,PE,0.0,0.0,0.0,686.4,381.15,0,0.0,0,0,18-APR-2022,
OPTSTK,BALKRISIND,26-May-2022,2480.0,PE,0.0,0.0,0.0,705.35,399.2,0,0.0,0,0,18-APR-2022,
OPTSTK,BALKRISIND,26-May-2022,2500.0,PE,0.0,0.0,0.0,724.35,417.4,0,0.0,0,0,18-APR-2022,
OPTSTK,BALKRISIND,26-May-2022,2520.0,PE,0.0,0.0,0.0,743.45,435.85,0,0.0,0,0,18-APR-2022,
OPTSTK,BALKRISIND,26-May-2022,2540.0,PE,0.0,0.0,0.0,762.6,454.4,0,0.0,0,0,18-APR-2022,
OPTSTK,BALKRISIND,26-May-2022,2560.0,PE,0.0,0.0,0.0,781.75,473.15,0,0.0,0,0,18-APR-2022,
OPTSTK,BALKRISIND,30-Jun-2022,1360.0,CE,0.0,0.0,0.0,792.15,736.45,0,0.0,0,0,18-APR-2022,
OPTSTK,BALKRISIND,30-Jun-2022,1380.0,CE,0.0,0.0,0.0,772.75,716.9,0,0.0,0,0,18-APR-2022,
OPTSTK,BALKRISIND,30-Jun-2022,1400.0,CE,0.0,0.0,0.0,753.4,697.35,0,0.0,0,0,18-APR-2022,
OPTSTK,BALKRISIND,30-Jun-2022,1420.0,CE,0.0,0.0,0.0,734.1,677.9,0,0.0,0,0,18-APR-2022,
OPTSTK,BALKRISIND,30-Jun-2022,1440.0,CE,0.0,0.0,0.0,714.95,658.5,0,0.0,0,0,18-APR-2022,
OPTSTK,BALKRISIND,30-Jun-2022,1460.0,CE,0.0,0.0,0.0,695.85,639.2,0,0.0,0,0,18-APR-2022,
OPTSTK,BALKRISIND,30-Jun-2022,1480.0,CE,0.0,0.0,0.0,676.85,620.0,0,0.0,0,0,18-APR-2022,
OPTSTK,BALKRISIND,30-Jun-2022,1500.0,CE,0.0,0.0,0.0,658.0,600.9,0,0.0,0,0,18-APR-2022,
OPTSTK,BALKRISIND,30-Jun-2022,1520.0,CE,0.0,0.0,0.0,639.3,581.95,0,0.0,0,0,18-APR-2022,
OPTSTK,BALKRISIND,30-Jun-2022,1540.0,CE,0.0,0.0,0.0,620.7,563.1,0,0.0,0,0,18-APR-2022,
OPTSTK,BALKRISIND,30-Jun-2022,1560.0,CE,0.0,0.0,0.0,602.25,544.45,0,0.0,0,0,18-APR-2022,
OPTSTK,BALKRISIND,30-Jun-2022,1580.0,CE,0.0,0.0,0.0,584.0,525.9,0,0.0,0,0,18-APR-2022,
OPTSTK,BALKRISIND,30-Jun-2022,1600.0,CE,0.0,0.0,0.0,565.95,507.6,0,0.0,0,0,18-APR-2022,
OPTSTK,BALKRISIND,30-Jun-2022,1620.0,CE,0.0,0.0,0.0,548.05,489.5,0,0.0,0,0,18-APR-2022,
OPTSTK,BALKRISIND,30-Jun-2022,1640.0,CE,0.0,0.0,0.0,530.35,471.6,0,0.0,0,0,18-APR-2022,
OPTSTK,BALKRISIND,30-Jun-2022,1660.0,CE,0.0,0.0,0.0,512.9,453.95,0,0.0,0,0,18-APR-2022,
OPTSTK,BALKRISIND,30-Jun-2022,1680.0,CE,0.0,0.0,0.0,495.7,436.55,0,0.0,0,0,18-APR-2022,
OPTSTK,BALKRISIND,30-Jun-2022,1700.0,CE,0.0,0.0,0.0,478.7,419.4,0,0.0,0,0,18-APR-2022,
OPTSTK,BALKRISIND,30-Jun-2022,1720.0,CE,0.0,0.0,0.0,462.0,402.55,0,0.0,0,0,18-APR-2022,
OPTSTK,BALKRISIND,30-Jun-2022,1740.0,CE,0.0,0.0,0.0,445.55,386.0,0,0.0,0,0,18-APR-2022,
OPTSTK,BALKRISIND,30-Jun-2022,1760.0,CE,0.0,0.0,0.0,429.4,369.8,0,0.0,0,0,18-APR-2022,
OPTSTK,BALKRISIND,30-Jun-2022,1780.0,CE,0.0,0.0,0.0,413.5,353.9,0,0.0,0,0,18-APR-2022,
OPTSTK,BALKRISIND,30-Jun-2022,1800.0,CE,0.0,0.0,0.0,397.95,338.35,0,0.0,0,0,18-APR-2022,
OPTSTK,BALKRISIND,30-Jun-2022,1820.0,CE,0.0,0.0,0.0,382.65,323.15,0,0.0,0,0,18-APR-2022,
OPTSTK,BALKRISIND,30-Jun-2022,1840.0,CE,0.0,0.0,0.0,367.75,308.4,0,0.0,0,0,18-APR-2022,
OPTSTK,BALKRISIND,30-Jun-2022,1860.0,CE,0.0,0.0,0.0,353.2,293.95,0,0.0,0,0,18-APR-2022,
OPTSTK,BALKRISIND,30-Jun-2022,1880.0,CE,0.0,0.0,0.0,338.9,279.9,0,0.0,0,0,18-APR-2022,
OPTSTK,BALKRISIND,30-Jun-2022,1900.0,CE,0.0,0.0,0.0,324.95,266.2,0,0.0,0,0,18-APR-2022,
OPTSTK,BALKRISIND,30-Jun-2022,1920.0,CE,0.0,0.0,0.0,311.35,252.95,0,0.0,0,0,18-APR-2022,
OPTSTK,BALKRISIND,30-Jun-2022,1940.0,CE,0.0,0.0,0.0,298.05,240.15,0,0.0,0,0,18-APR-2022,
OPTSTK,BALKRISIND,30-Jun-2022,1960.0,CE,0.0,0.0,0.0,285.2,227.75,0,0.0,0,0,18-APR-2022,
OPTSTK,BALKRISIND,30-Jun-2022,1980.0,CE,0.0,0.0,0.0,272.7,215.8,0,0.0,0,0,18-APR-2022,
OPTSTK,BALKRISIND,30-Jun-2022,2000.0,CE,0.0,0.0,0.0,260.55,204.25,0,0.0,0,0,18-APR-2022,
OPTSTK,BALKRISIND,30-Jun-2022,2020.0,CE,0.0,0.0,0.0,248.8,193.15,0,0.0,0,0,18-APR-2022,
OPTSTK,BALKRISIND,30-Jun-2022,2040.0,CE,0.0,0.0,0.0,237.4,182.45,0,0.0,0,0,18-APR-2022,
OPTSTK,BALKRISIND,30-Jun-2022,2060.0,CE,0.0,0.0,0.0,226.4,172.15,0,0.0,0,0,18-APR-2022,
OPTSTK,BALKRISIND,30-Jun-2022,2080.0,CE,0.0,0.0,0.0,215.7,162.3,0,0.0,0,0,18-APR-2022,
OPTSTK,BALKRISIND,30-Jun-2022,2100.0,CE,0.0,0.0,0.0,205.4,152.85,0,0.0,0,0,18-APR-2022,
OPTSTK,BALKRISIND,30-Jun-2022,2120.0,CE,0.0,0.0,0.0,195.45,143.85,0,0.0,0,0,18-APR-2022,
OPTSTK,BALKRISIND,30-Jun-2022,2140.0,CE,0.0,0.0,0.0,185.85,135.2,0,0.0,0,0,18-APR-2022,
OPTSTK,BALKRISIND,30-Jun-2022,2160.0,CE,0.0,0.0,0.0,176.65,127.0,0,0.0,0,0,18-APR-2022,
OPTSTK,BALKRISIND,30-Jun-2022,2180.0,CE,0.0,0.0,0.0,167.75,119.15,0,0.0,0,0,18-APR-2022,
OPTSTK,BALKRISIND,30-Jun-2022,2200.0,CE,0.0,0.0,0.0,159.2,111.7,0,0.0,0,0,18-APR-2022,
OPTSTK,BALKRISIND,30-Jun-2022,2220.0,CE,0.0,0.0,0.0,151.0,104.6,0,0.0,0,0,18-APR-2022,
OPTSTK,BALKRISIND,30-Jun-2022,2240.0,CE,0.0,0.0,0.0,143.15,97.9,0,0.0,0,0,18-APR-2022,
OPTSTK,BALKRISIND,30-Jun-2022,2260.0,CE,0.0,0.0,0.0,135.6,91.5,0,0.0,0,0,18-APR-2022,
OPTSTK,BALKRISIND,30-Jun-2022,2280.0,CE,0.0,0.0,0.0,128.4,85.5,0,0.0,0,0,18-APR-2022,
OPTSTK,BALKRISIND,30-Jun-2022,2300.0,CE,0.0,0.0,0.0,121.5,79.75,0,0.0,0,0,18-APR-2022,
OPTSTK,BALKRISIND,30-Jun-2022,2320.0,CE,0.0,0.0,0.0,114.85,74.4,0,0.0,0,0,18-APR-2022,
OPTSTK,BALKRISIND,30-Jun-2022,2340.0,CE,0.0,0.0,0.0,108.55,69.4,0,0.0,0,0,18-APR-2022,
OPTSTK,BALKRISIND,30-Jun-2022,2360.0,CE,0.0,0.0,0.0,102.55,64.6,0,0.0,0,0,18-APR-2022,
OPTSTK,BALKRISIND,30-Jun-2022,2380.0,CE,0.0,0.0,0.0,96.8,60.15,0,0.0,0,0,18-APR-2022,
OPTSTK,BALKRISIND,30-Jun-2022,2400.0,CE,0.0,0.0,0.0,91.3,55.9,0,0.0,0,0,18-APR-2022,
OPTSTK,BALKRISIND,30-Jun-2022,2420.0,CE,0.0,0.0,0.0,86.1,51.85,0,0.0,0,0,18-APR-2022,
OPTSTK,BALKRISIND,30-Jun-2022,2440.0,CE,0.0,0.0,0.0,81.25,48.1,0,0.0,0,0,18-APR-2022,
OPTSTK,BALKRISIND,30-Jun-2022,2460.0,CE,0.0,0.0,0.0,76.55,44.6,0,0.0,0,0,18-APR-2022,
OPTSTK,BALKRISIND,30-Jun-2022,2480.0,CE,0.0,0.0,0.0,72.05,41.35,0,0.0,0,0,18-APR-2022,
OPTSTK,BALKRISIND,30-Jun-2022,2500.0,CE,0.0,0.0,0.0,67.85,38.3,0,0.0,0,0,18-APR-2022,
OPTSTK,BALKRISIND,30-Jun-2022,2520.0,CE,0.0,0.0,0.0,63.8,35.4,0,0.0,0,0,18-APR-2022,
OPTSTK,BALKRISIND,30-Jun-2022,2540.0,CE,0.0,0.0,0.0,59.9,32.75,0,0.0,0,0,18-APR-2022,
OPTSTK,BALKRISIND,30-Jun-2022,2560.0,CE,0.0,0.0,0.0,56.3,30.25,0,0.0,0,0,18-APR-2022,
OPTSTK,BALKRISIND,30-Jun-2022,1360.0,PE,0.0,0.0,0.0,1.65,0.9,0,0.0,0,0,18-APR-2022,
OPTSTK,BALKRISIND,30-Jun-2022,1380.0,PE,0.0,0.0,0.0,2.05,1.15,0,0.0,0,0,18-APR-2022,
OPTSTK,BALKRISIND,30-Jun-2022,1400.0,PE,0.0,0.0,0.0,2.45,1.45,0,0.0,0,0,18-APR-2022,
OPTSTK,BALKRISIND,30-Jun-2022,1420.0,PE,0.0,0.0,0.0,3.0,1.85,0,0.0,0,0,18-APR-2022,
OPTSTK,BALKRISIND,30-Jun-2022,1440.0,PE,0.0,0.0,0.0,3.6,2.25,0,0.0,0,0,18-APR-2022,
OPTSTK,BALKRISIND,30-Jun-2022,1460.0,PE,0.0,0.0,0.0,4.3,2.8,0,0.0,0,0,18-APR-2022,
OPTSTK,BALKRISIND,30-Jun-2022,1480.0,PE,0.0,0.0,0.0,5.1,3.4,0,0.0,0,0,18-APR-2022,
OPTSTK,BALKRISIND,30-Jun-2022,1500.0,PE,0.0,0.0,0.0,6.05,4.15,0,0.0,0,0,18-APR-2022,
OPTSTK,BALKRISIND,30-Jun-2022,1520.0,PE,0.0,0.0,0.0,7.1,5.0,0,0.0,0,0,18-APR-2022,
OPTSTK,BALKRISIND,30-Jun-2022,1540.0,PE,0.0,0.0,0.0,8.3,6.0,0,0.0,0,0,18-APR-2022,
OPTSTK,BALKRISIND,30-Jun-2022,1560.0,PE,0.0,0.0,0.0,9.65,7.2,0,0.0,0,0,18-APR-2022,
OPTSTK,BALKRISIND,30-Jun-2022,1580.0,PE,0.0,0.0,0.0,11.2,8.5,0,0.0,0,0,18-APR-2022,
OPTSTK,BALKRISIND,30-Jun-2022,1600.0,PE,0.0,0.0,0.0,12.9,10.0,0,0.0,0,0,18-APR-2022,
OPTSTK,BALKRISIND,30-Jun-2022,1620.0,PE,0.0,0.0,0.0,14.8,11.75,0,0.0,0,0,18-APR-2022,
OPTSTK,BALKRISIND,30-Jun-2022,1640.0,PE,0.0,0.0,0.0,16.9,13.65,0,0.0,0,0,18-APR-2022,
OPTSTK,BALKRISIND,30-Jun-2022,1660.0,PE,0.0,0.0,0.0,19.25,15.85,0,0.0,0,0,18-APR-2022,
OPTSTK,BALKRISIND,30-Jun-2022,1680.0,PE,0.0,0.0,0.0,21.8,18.25,0,0.0,0,0,18-APR-2022,
OPTSTK,BALKRISIND,30-Jun-2022,1700.0,PE,0.0,0.0,0.0,24.65,20.95,0,0.0,0,0,18-APR-2022,
OPTSTK,BALKRISIND,30-Jun-2022,1720.0,PE,0.0,0.0,0.0,27.7,23.95,0,0.0,0,0,18-APR-2022,
OPTSTK,BALKRISIND,30-Jun-2022,1740.0,PE,0.0,0.0,0.0,31.05,27.25,0,0.0,0,0,18-APR-2022,
OPTSTK,BALKRISIND,30-Jun-2022,1760.0,PE,0.0,0.0,0.0,34.65,30.85,0,0.0,0,0,18-APR-2022,
OPTSTK,BALKRISIND,30-Jun-2022,1780.0,PE,0.0,0.0,0.0,38.6,34.75,0,0.0,0,0,18-APR-2022,
OPTSTK,BALKRISIND,30-Jun-2022,1800.0,PE,0.0,0.0,0.0,42.8,39.05,0,0.0,0,0,18-APR-2022,
OPTSTK,BALKRISIND,30-Jun-2022,1820.0,PE,0.0,0.0,0.0,47.35,43.7,0,0.0,0,0,18-APR-2022,
OPTSTK,BALKRISIND,30-Jun-2022,1840.0,PE,0.0,0.0,0.0,52.2,48.8,0,0.0,0,0,18-APR-2022,
OPTSTK,BALKRISIND,30-Jun-2022,1860.0,PE,0.0,0.0,0.0,57.4,54.15,0,0.0,0,0,18-APR-2022,
OPTSTK,BALKRISIND,30-Jun-2022,1880.0,PE,0.0,0.0,0.0,62.9,59.95,0,0.0,0,0,18-APR-2022,
OPTSTK,BALKRISIND,30-Jun-2022,1900.0,PE,0.0,0.0,0.0,68.75,66.05,0,0.0,0,0,18-APR-2022,
OPTSTK,BALKRISIND,30-Jun-2022,1920.0,PE,0.0,0.0,0.0,74.95,72.65,0,0.0,0,0,18-APR-2022,
OPTSTK,BALKRISIND,30-Jun-2022,1940.0,PE,0.0,0.0,0.0,81.45,79.65,0,0.0,0,0,18-APR-2022,
OPTSTK,BALKRISIND,30-Jun-2022,1960.0,PE,0.0,0.0,0.0,88.4,87.1,0,0.0,0,0,18-APR-2022,
OPTSTK,BALKRISIND,30-Jun-2022,1980.0,PE,0.0,0.0,0.0,95.7,95.0,0,0.0,0,0,18-APR-2022,
OPTSTK,BALKRISIND,30-Jun-2022,2000.0,PE,0.0,0.0,0.0,103.35,103.25,0,0.0,0,0,18-APR-2022,
OPTSTK,BALKRISIND,30-Jun-2022,2020.0,PE,0.0,0.0,0.0,111.35,112.0,0,0.0,0,0,18-APR-2022,
OPTSTK,BALKRISIND,30-Jun-2022,2040.0,PE,0.0,0.0,0.0,119.75,121.1,0,0.0,0,0,18-APR-2022,
OPTSTK,BALKRISIND,30-Jun-2022,2060.0,PE,0.0,0.0,0.0,128.5,130.7,0,0.0,0,0,18-APR-2022,
OPTSTK,BALKRISIND,30-Jun-2022,2080.0,PE,0.0,0.0,0.0,137.65,140.65,0,0.0,0,0,18-APR-2022,
OPTSTK,BALKRISIND,30-Jun-2022,2100.0,PE,0.0,0.0,0.0,147.15,151.05,0,0.0,0,0,18-APR-2022,
OPTSTK,BALKRISIND,30-Jun-2022,2120.0,PE,0.0,0.0,0.0,156.95,161.85,0,0.0,0,0,18-APR-2022,
OPTSTK,BALKRISIND,30-Jun-2022,2140.0,PE,0.0,0.0,0.0,167.15,173.05,0,0.0,0,0,18-APR-2022,
OPTSTK,BALKRISIND,30-Jun-2022,2160.0,PE,0.0,0.0,0.0,177.75,184.65,0,0.0,0,0,18-APR-2022,
OPTSTK,BALKRISIND,30-Jun-2022,2180.0,PE,0.0,0.0,0.0,188.65,196.65,0,0.0,0,0,18-APR-2022,
OPTSTK,BALKRISIND,30-Jun-2022,2200.0,PE,0.0,0.0,0.0,199.9,209.05,0,0.0,0,0,18-APR-2022,
OPTSTK,BALKRISIND,30-Jun-2022,2220.0,PE,0.0,0.0,0.0,211.5,221.8,0,0.0,0,0,18-APR-2022,
OPTSTK,BALKRISIND,30-Jun-2022,2240.0,PE,0.0,0.0,0.0,223.4,234.9,0,0.0,0,0,18-APR-2022,
OPTSTK,BALKRISIND,30-Jun-2022,2260.0,PE,0.0,0.0,0.0,235.65,248.35,0,0.0,0,0,18-APR-2022,
OPTSTK,BALKRISIND,30-Jun-2022,2280.0,PE,0.0,0.0,0.0,248.2,262.15,0,0.0,0,0,18-APR-2022,
OPTSTK,BALKRISIND,30-Jun-2022,2300.0,PE,0.0,0.0,0.0,261.1,276.25,0,0.0,0,0,18-APR-2022,
OPTSTK,BALKRISIND,30-Jun-2022,2320.0,PE,0.0,0.0,0.0,274.25,290.7,0,0.0,0,0,18-APR-2022,
OPTSTK,BALKRISIND,30-Jun-2022,2340.0,PE,0.0,0.0,0.0,287.75,305.55,0,0.0,0,0,18-APR-2022,
OPTSTK,BALKRISIND,30-Jun-2022,2360.0,PE,0.0,0.0,0.0,301.5,320.6,0,0.0,0,0,18-APR-2022,
OPTSTK,BALKRISIND,30-Jun-2022,2380.0,PE,0.0,0.0,0.0,315.55,335.95,0,0.0,0,0,18-APR-2022,
OPTSTK,BALKRISIND,30-Jun-2022,2400.0,PE,0.0,0.0,0.0,329.85,351.55,0,0.0,0,0,18-APR-2022,
OPTSTK,BALKRISIND,30-Jun-2022,2420.0,PE,0.0,0.0,0.0,344.45,367.3,0,0.0,0,0,18-APR-2022,
OPTSTK,BALKRISIND,30-Jun-2022,2440.0,PE,0.0,0.0,0.0,359.4,383.4,0,0.0,0,0,18-APR-2022,
OPTSTK,BALKRISIND,30-Jun-2022,2460.0,PE,0.0,0.0,0.0,374.45,399.75,0,0.0,0,0,18-APR-2022,
OPTSTK,BALKRISIND,30-Jun-2022,2480.0,PE,0.0,0.0,0.0,389.8,416.3,0,0.0,0,0,18-APR-2022,
OPTSTK,BALKRISIND,30-Jun-2022,2500.0,PE,0.0,0.0,0.0,405.35,433.05,0,0.0,0,0,18-APR-2022,
OPTSTK,BALKRISIND,30-Jun-2022,2520.0,PE,0.0,0.0,0.0,421.1,450.05,0,0.0,0,0,18-APR-2022,
OPTSTK,BALKRISIND,30-Jun-2022,2540.0,PE,0.0,0.0,0.0,437.0,467.2,0,0.0,0,0,18-APR-2022,
OPTSTK,BALKRISIND,30-Jun-2022,2560.0,PE,0.0,0.0,0.0,453.15,484.55,0,0.0,0,0,18-APR-2022,
OPTSTK,BALRAMCHIN,28-Apr-2022,285.0,CE,0.0,0.0,0.0,137.75,206.6,0,0.0,0,0,18-APR-2022,
OPTSTK,BALRAMCHIN,28-Apr-2022,290.0,CE,0.0,0.0,0.0,133.5,201.6,0,0.0,0,0,18-APR-2022,
OPTSTK,BALRAMCHIN,28-Apr-2022,295.0,CE,0.0,0.0,0.0,129.3,196.6,0,0.0,0,0,18-APR-2022,
OPTSTK,BALRAMCHIN,28-Apr-2022,300.0,CE,0.0,0.0,0.0,125.15,191.6,0,0.0,0,0,18-APR-2022,
OPTSTK,BALRAMCHIN,28-Apr-2022,305.0,CE,0.0,0.0,0.0,121.1,186.6,0,0.0,0,0,18-APR-2022,
OPTSTK,BALRAMCHIN,28-Apr-2022,310.0,CE,0.0,0.0,0.0,117.1,181.6,0,0.0,0,0,18-APR-2022,
OPTSTK,BALRAMCHIN,28-Apr-2022,315.0,CE,0.0,0.0,0.0,113.15,176.6,0,0.0,0,0,18-APR-2022,
OPTSTK,BALRAMCHIN,28-Apr-2022,320.0,CE,0.0,0.0,0.0,109.3,171.65,0,0.0,0,0,18-APR-2022,
OPTSTK,BALRAMCHIN,28-Apr-2022,325.0,CE,0.0,0.0,0.0,105.55,166.65,0,0.0,0,0,18-APR-2022,
OPTSTK,BALRAMCHIN,28-Apr-2022,330.0,CE,0.0,0.0,0.0,101.85,161.65,0,0.0,0,0,18-APR-2022,
OPTSTK,BALRAMCHIN,28-Apr-2022,335.0,CE,0.0,0.0,0.0,98.25,156.65,0,0.0,0,0,18-APR-2022,
OPTSTK,BALRAMCHIN,28-Apr-2022,340.0,CE,0.0,0.0,0.0,94.7,151.65,0,0.0,0,0,18-APR-2022,
OPTSTK,BALRAMCHIN,28-Apr-2022,345.0,CE,0.0,0.0,0.0,91.25,146.65,0,0.0,0,0,18-APR-2022,
OPTSTK,BALRAMCHIN,28-Apr-2022,350.0,CE,0.0,0.0,0.0,87.9,141.65,0,0.0,0,0,18-APR-2022,
OPTSTK,BALRAMCHIN,28-Apr-2022,355.0,CE,0.0,0.0,0.0,84.6,136.7,0,0.0,0,0,18-APR-2022,
OPTSTK,BALRAMCHIN,28-Apr-2022,360.0,CE,0.0,0.0,0.0,81.4,131.7,0,0.0,0,0,18-APR-2022,
OPTSTK,BALRAMCHIN,28-Apr-2022,365.0,CE,0.0,0.0,0.0,78.3,126.7,0,0.0,0,0,18-APR-2022,
OPTSTK,BALRAMCHIN,28-Apr-2022,370.0,CE,0.0,0.0,0.0,75.25,121.7,0,0.0,0,0,18-APR-2022,
OPTSTK,BALRAMCHIN,28-Apr-2022,375.0,CE,0.0,0.0,0.0,72.35,116.75,0,0.0,0,0,18-APR-2022,
OPTSTK,BALRAMCHIN,28-Apr-2022,380.0,CE,0.0,0.0,0.0,69.45,111.75,0,0.0,0,0,18-APR-2022,
OPTSTK,BALRAMCHIN,28-Apr-2022,385.0,CE,0.0,0.0,0.0,66.7,106.8,0,0.0,0,0,18-APR-2022,
OPTSTK,BALRAMCHIN,28-Apr-2022,390.0,CE,0.0,0.0,0.0,64.0,101.85,0,0.0,0,0,18-APR-2022,
OPTSTK,BALRAMCHIN,28-Apr-2022,395.0,CE,0.0,0.0,0.0,61.4,96.95,0,0.0,0,0,18-APR-2022,
OPTSTK,BALRAMCHIN,28-Apr-2022,400.0,CE,0.0,0.0,0.0,78.5,92.05,0,0.0,1600,0,18-APR-2022,
OPTSTK,BALRAMCHIN,28-Apr-2022,405.0,CE,0.0,0.0,0.0,56.45,87.2,0,0.0,0,0,18-APR-2022,
OPTSTK,BALRAMCHIN,28-Apr-2022,410.0,CE,0.0,0.0,0.0,54.1,82.4,0,0.0,0,0,18-APR-2022,
OPTSTK,BALRAMCHIN,28-Apr-2022,415.0,CE,0.0,0.0,0.0,51.8,77.6,0,0.0,0,0,18-APR-2022,
OPTSTK,BALRAMCHIN,28-Apr-2022,420.0,CE,0.0,0.0,0.0,65.05,72.9,0,0.0,1600,0,18-APR-2022,
OPTSTK,BALRAMCHIN,28-Apr-2022,425.0,CE,0.0,0.0,0.0,47.5,68.3,0,0.0,0,0,18-APR-2022,
OPTSTK,BALRAMCHIN,28-Apr-2022,430.0,CE,0.0,0.0,0.0,33.0,63.75,0,0.0,0,0,18-APR-2022,
OPTSTK,BALRAMCHIN,28-Apr-2022,435.0,CE,0.0,0.0,0.0,43.45,59.3,0,0.0,0,0,18-APR-2022,
OPTSTK,BALRAMCHIN,28-Apr-2022,440.0,CE,0.0,0.0,0.0,65.0,55.0,0,0.0,3200,0,18-APR-2022,
OPTSTK,BALRAMCHIN,28-Apr-2022,445.0,CE,0.0,0.0,0.0,39.7,50.8,0,0.0,0,0,18-APR-2022,
OPTSTK,BALRAMCHIN,28-Apr-2022,450.0,CE,42.6,45.9,42.45,42.45,46.75,3,23.69,120000,1600,18-APR-2022,
OPTSTK,BALRAMCHIN,28-Apr-2022,455.0,CE,0.0,0.0,0.0,36.25,42.85,0,0.0,0,0,18-APR-2022,
OPTSTK,BALRAMCHIN,28-Apr-2022,460.0,CE,35.0,37.5,33.45,34.1,39.1,5,39.58,14400,1600,18-APR-2022,
OPTSTK,BALRAMCHIN,28-Apr-2022,465.0,CE,0.0,0.0,0.0,33.05,35.55,0,0.0,0,0,18-APR-2022,
OPTSTK,BALRAMCHIN,28-Apr-2022,470.0,CE,20.75,28.85,20.75,25.05,32.15,10,78.97,35200,3200,18-APR-2022,
OPTSTK,BALRAMCHIN,28-Apr-2022,475.0,CE,32.9,32.9,32.9,32.9,29.0,1,8.12,24000,1600,18-APR-2022,
OPTSTK,BALRAMCHIN,28-Apr-2022,480.0,CE,16.0,27.85,14.75,24.05,24.05,638,5108.14,208000,72000,18-APR-2022,
OPTSTK,BALRAMCHIN,28-Apr-2022,485.0,CE,16.75,24.3,16.15,21.4,21.4,330,2663.28,67200,35200,18-APR-2022,
OPTSTK,BALRAMCHIN,28-Apr-2022,490.0,CE,13.95,22.0,10.9,18.85,18.85,2234,18153.59,291200,155200,18-APR-2022,
OPTSTK,BALRAMCHIN,28-Apr-2022,495.0,CE,8.05,19.25,6.5,16.2,16.2,281,2294.92,80000,22400,18-APR-2022,
OPTSTK,BALRAMCHIN,28-Apr-2022,500.0,CE,7.7,16.8,7.6,14.15,14.15,2440,20022.1,928000,48000,18-APR-2022,
OPTSTK,BALRAMCHIN,28-Apr-2022,505.0,CE,6.35,14.75,6.35,12.05,12.05,128,1057.55,84800,20800,18-APR-2022,
OPTSTK,BALRAMCHIN,28-Apr-2022,510.0,CE,7.55,12.7,5.5,10.6,10.6,633,5259.44,374400,16000,18-APR-2022,
OPTSTK,BALRAMCHIN,28-Apr-2022,515.0,CE,4.25,11.05,4.25,9.35,9.35,144,1206.44,155200,22400,18-APR-2022,
OPTSTK,BALRAMCHIN,28-Apr-2022,520.0,CE,4.05,9.55,4.05,8.1,8.1,879,7411.21,1132800,92800,18-APR-2022,
OPTSTK,BALRAMCHIN,28-Apr-2022,525.0,CE,3.0,8.2,2.4,6.85,6.85,161,1367.63,220800,17600,18-APR-2022,
OPTSTK,BALRAMCHIN,28-Apr-2022,530.0,CE,2.8,7.2,2.75,5.9,5.9,457,3913.17,678400,-12800,18-APR-2022,
OPTSTK,BALRAMCHIN,28-Apr-2022,535.0,CE,4.05,6.0,3.85,5.1,5.1,75,647.83,110400,43200,18-APR-2022,
OPTSTK,BALRAMCHIN,28-Apr-2022,540.0,CE,2.25,5.2,2.25,4.35,4.35,386,3358.66,499200,-48000,18-APR-2022,
OPTSTK,BALRAMCHIN,28-Apr-2022,545.0,CE,2.55,4.25,2.55,3.65,4.25,14,122.87,25600,4800,18-APR-2022,
OPTSTK,BALRAMCHIN,28-Apr-2022,550.0,CE,2.05,3.95,1.9,3.25,3.25,570,5041.62,556800,-67200,18-APR-2022,
OPTSTK,BALRAMCHIN,28-Apr-2022,555.0,CE,0.0,0.0,0.0,4.45,3.0,0,0.0,17600,0,18-APR-2022,
OPTSTK,BALRAMCHIN,28-Apr-2022,560.0,CE,2.6,2.95,1.5,2.45,2.45,282,2536.76,305600,-62400,18-APR-2022,
OPTSTK,BALRAMCHIN,28-Apr-2022,565.0,CE,0.15,2.3,0.15,2.3,2.1,16,145.02,25600,9600,18-APR-2022,
OPTSTK,BALRAMCHIN,28-Apr-2022,570.0,CE,1.5,2.2,1.15,1.9,1.9,135,1235.1,140800,-19200,18-APR-2022,
OPTSTK,BALRAMCHIN,28-Apr-2022,575.0,CE,0.0,0.0,0.0,1.8,1.45,0,0.0,49600,0,18-APR-2022,
OPTSTK,BALRAMCHIN,28-Apr-2022,580.0,CE,1.1,1.8,0.9,1.45,1.45,274,2548.88,195200,35200,18-APR-2022,
OPTSTK,BALRAMCHIN,28-Apr-2022,590.0,CE,1.0,1.25,0.65,0.85,0.8,38,359.26,254400,-20800,18-APR-2022,
OPTSTK,BALRAMCHIN,28-Apr-2022,600.0,CE,1.05,1.25,0.6,1.0,1.0,243,2336.32,403200,-32000,18-APR-2022,
OPTSTK,BALRAMCHIN,28-Apr-2022,610.0,CE,0.85,0.9,0.45,0.55,0.35,46,449.4,113600,19200,18-APR-2022,
OPTSTK,BALRAMCHIN,28-Apr-2022,620.0,CE,0.6,0.6,0.4,0.4,0.4,3,29.78,28800,-3200,18-APR-2022,
OPTSTK,BALRAMCHIN,28-Apr-2022,285.0,PE,0.0,0.0,0.0,5.0,0.0,0,0.0,0,0,18-APR-2022,
OPTSTK,BALRAMCHIN,28-Apr-2022,290.0,PE,0.0,0.0,0.0,5.7,0.0,0,0.0,0,0,18-APR-2022,
OPTSTK,BALRAMCHIN,28-Apr-2022,295.0,PE,0.0,0.0,0.0,6.4,0.0,0,0.0,0,0,18-APR-2022,
OPTSTK,BALRAMCHIN,28-Apr-2022,300.0,PE,0.0,0.0,0.0,7.25,0.0,0,0.0,0,0,18-APR-2022,
OPTSTK,BALRAMCHIN,28-Apr-2022,305.0,PE,0.0,0.0,0.0,8.1,0.0,0,0.0,0,0,18-APR-2022,
OPTSTK,BALRAMCHIN,28-Apr-2022,310.0,PE,0.0,0.0,0.0,9.05,0.0,0,0.0,0,0,18-APR-2022,
OPTSTK,BALRAMCHIN,28-Apr-2022,315.0,PE,0.0,0.0,0.0,10.1,0.0,0,0.0,0,0,18-APR-2022,
OPTSTK,BALRAMCHIN,28-Apr-2022,320.0,PE,0.0,0.0,0.0,11.2,0.0,0,0.0,0,0,18-APR-2022,
OPTSTK,BALRAMCHIN,28-Apr-2022,325.0,PE,0.0,0.0,0.0,12.35,0.0,0,0.0,0,0,18-APR-2022,
OPTSTK,BALRAMCHIN,28-Apr-2022,330.0,PE,0.0,0.0,0.0,13.65,0.0,0,0.0,0,0,18-APR-2022,
OPTSTK,BALRAMCHIN,28-Apr-2022,335.0,PE,0.0,0.0,0.0,14.95,0.0,0,0.0,0,0,18-APR-2022,
OPTSTK,BALRAMCHIN,28-Apr-2022,340.0,PE,0.0,0.0,0.0,16.35,0.0,0,0.0,0,0,18-APR-2022,
OPTSTK,BALRAMCHIN,28-Apr-2022,345.0,PE,0.0,0.0,0.0,17.85,0.0,0,0.0,0,0,18-APR-2022,
OPTSTK,BALRAMCHIN,28-Apr-2022,350.0,PE,0.0,0.0,0.0,0.3,0.0,0,0.0,8000,0,18-APR-2022,
OPTSTK,BALRAMCHIN,28-Apr-2022,355.0,PE,0.0,0.0,0.0,21.1,0.05,0,0.0,0,0,18-APR-2022,
OPTSTK,BALRAMCHIN,28-Apr-2022,360.0,PE,0.0,0.0,0.0,22.85,0.05,0,0.0,0,0,18-APR-2022,
OPTSTK,BALRAMCHIN,28-Apr-2022,365.0,PE,0.0,0.0,0.0,24.7,0.05,0,0.0,0,0,18-APR-2022,
OPTSTK,BALRAMCHIN,28-Apr-2022,370.0,PE,0.0,0.0,0.0,0.65,0.05,0,0.0,11200,0,18-APR-2022,
OPTSTK,BALRAMCHIN,28-Apr-2022,375.0,PE,0.0,0.0,0.0,28.6,0.05,0,0.0,0,0,18-APR-2022,
OPTSTK,BALRAMCHIN,28-Apr-2022,380.0,PE,0.0,0.0,0.0,30.7,0.1,0,0.0,0,0,18-APR-2022,
OPTSTK,BALRAMCHIN,28-Apr-2022,385.0,PE,0.0,0.0,0.0,32.9,0.15,0,0.0,0,0,18-APR-2022,
OPTSTK,BALRAMCHIN,28-Apr-2022,390.0,PE,0.0,0.0,0.0,1.0,0.2,0,0.0,3200,0,18-APR-2022,
OPTSTK,BALRAMCHIN,28-Apr-2022,395.0,PE,0.0,0.0,0.0,37.5,0.25,0,0.0,0,0,18-APR-2022,
OPTSTK,BALRAMCHIN,28-Apr-2022,400.0,PE,0.8,1.1,0.4,0.45,0.45,150,961.92,220800,30400,18-APR-2022,
OPTSTK,BALRAMCHIN,28-Apr-2022,405.0,PE,0.0,0.0,0.0,42.45,0.5,0,0.0,0,0,18-APR-2022,
OPTSTK,BALRAMCHIN,28-Apr-2022,410.0,PE,1.55,1.55,0.75,0.75,0.65,61,401.26,12800,-20800,18-APR-2022,
OPTSTK,BALRAMCHIN,28-Apr-2022,415.0,PE,0.0,0.0,0.0,47.7,0.9,0,0.0,0,0,18-APR-2022,
OPTSTK,BALRAMCHIN,28-Apr-2022,420.0,PE,1.6,1.7,1.0,1.05,1.05,23,155.09,11200,0,18-APR-2022,
OPTSTK,BALRAMCHIN,28-Apr-2022,425.0,PE,2.0,2.0,2.0,2.0,1.55,1,6.83,1600,0,18-APR-2022,
OPTSTK,BALRAMCHIN,28-Apr-2022,430.0,PE,3.85,4.15,1.5,1.6,1.6,112,774.73,70400,-12800,18-APR-2022,
OPTSTK,BALRAMCHIN,28-Apr-2022,435.0,PE,0.0,0.0,0.0,7.0,2.55,0,0.0,3200,0,18-APR-2022,
OPTSTK,BALRAMCHIN,28-Apr-2022,440.0,PE,4.05,5.2,2.0,2.45,2.45,309,2190.92,196800,19200,18-APR-2022,
OPTSTK,BALRAMCHIN,28-Apr-2022,445.0,PE,0.0,0.0,0.0,3.75,4.05,0,0.0,8000,0,18-APR-2022,
OPTSTK,BALRAMCHIN,28-Apr-2022,450.0,PE,7.0,8.4,3.0,3.55,3.55,518,3770.66,452800,8000,18-APR-2022,
OPTSTK,BALRAMCHIN,28-Apr-2022,455.0,PE,0.0,0.0,0.0,71.7,6.05,0,0.0,0,0,18-APR-2022,
OPTSTK,BALRAMCHIN,28-Apr-2022,460.0,PE,11.0,11.1,4.75,5.65,5.65,325,2427.19,198400,30400,18-APR-2022,
OPTSTK,BALRAMCHIN,28-Apr-2022,465.0,PE,9.4,9.85,5.85,5.95,5.95,31,234.24,28800,11200,18-APR-2022,
OPTSTK,BALRAMCHIN,28-Apr-2022,470.0,PE,15.0,15.05,7.2,7.85,7.85,279,2141.33,208000,-25600,18-APR-2022,
OPTSTK,BALRAMCHIN,28-Apr-2022,475.0,PE,11.25,11.25,8.75,8.8,8.8,37,287.11,46400,16000,18-APR-2022,
OPTSTK,BALRAMCHIN,28-Apr-2022,480.0,PE,19.3,19.9,10.4,11.3,11.3,489,3864.58,241600,-19200,18-APR-2022,
OPTSTK,BALRAMCHIN,28-Apr-2022,485.0,PE,22.15,22.2,12.4,13.4,13.4,103,824.98,25600,-1600,18-APR-2022,
OPTSTK,BALRAMCHIN,28-Apr-2022,490.0,PE,22.75,22.75,14.55,16.0,16.0,262,2127.91,97600,36800,18-APR-2022,
OPTSTK,BALRAMCHIN,28-Apr-2022,495.0,PE,21.4,25.0,17.5,18.0,21.5,21,173.22,20800,6400,18-APR-2022,
OPTSTK,BALRAMCHIN,28-Apr-2022,500.0,PE,32.25,32.35,19.7,21.2,21.2,121,1015.72,208000,-11200,18-APR-2022,
OPTSTK,BALRAMCHIN,28-Apr-2022,505.0,PE,30.3,30.3,30.3,30.3,27.35,1,8.56,3200,0,18-APR-2022,
OPTSTK,BALRAMCHIN,28-Apr-2022,510.0,PE,32.5,32.5,26.2,31.8,30.55,12,103.62,57600,-6400,18-APR-2022,
OPTSTK,BALRAMCHIN,28-Apr-2022,515.0,PE,32.75,32.75,32.75,32.75,33.9,1,8.76,11200,0,18-APR-2022,
OPTSTK,BALRAMCHIN,28-Apr-2022,520.0,PE,46.85,46.85,34.2,39.0,37.45,8,71.84,147200,4800,18-APR-2022,
OPTSTK,BALRAMCHIN,28-Apr-2022,525.0,PE,42.9,42.9,37.45,37.45,41.2,2,18.08,9600,1600,18-APR-2022,
OPTSTK,BALRAMCHIN,28-Apr-2022,530.0,PE,0.0,0.0,0.0,40.15,45.05,0,0.0,19200,0,18-APR-2022,
OPTSTK,BALRAMCHIN,28-Apr-2022,535.0,PE,0.0,0.0,0.0,131.5,49.05,0,0.0,0,0,18-APR-2022,
OPTSTK,BALRAMCHIN,28-Apr-2022,540.0,PE,59.4,59.4,59.4,59.4,53.15,1,9.59,11200,1600,18-APR-2022,
OPTSTK,BALRAMCHIN,28-Apr-2022,545.0,PE,0.0,0.0,0.0,139.75,57.4,0,0.0,0,0,18-APR-2022,
OPTSTK,BALRAMCHIN,28-Apr-2022,550.0,PE,0.0,0.0,0.0,143.95,61.7,0,0.0,0,0,18-APR-2022,
OPTSTK,BALRAMCHIN,28-Apr-2022,555.0,PE,0.0,0.0,0.0,148.2,66.15,0,0.0,0,0,18-APR-2022,
OPTSTK,BALRAMCHIN,28-Apr-2022,560.0,PE,0.0,0.0,0.0,152.5,70.65,0,0.0,0,0,18-APR-2022,
OPTSTK,BALRAMCHIN,28-Apr-2022,565.0,PE,0.0,0.0,0.0,156.8,75.2,0,0.0,0,0,18-APR-2022,
OPTSTK,BALRAMCHIN,28-Apr-2022,570.0,PE,0.0,0.0,0.0,154.6,79.85,0,0.0,0,0,18-APR-2022,
OPTSTK,BALRAMCHIN,28-Apr-2022,575.0,PE,0.0,0.0,0.0,157.3,84.55,0,0.0,0,0,18-APR-2022,
OPTSTK,BALRAMCHIN,28-Apr-2022,580.0,PE,0.0,0.0,0.0,144.3,89.3,0,0.0,0,0,18-APR-2022,
OPTSTK,BALRAMCHIN,28-Apr-2022,590.0,PE,0.0,0.0,0.0,152.75,98.9,0,0.0,0,0,18-APR-2022,
OPTSTK,BALRAMCHIN,28-Apr-2022,600.0,PE,0.0,0.0,0.0,153.1,108.6,0,0.0,0,0,18-APR-2022,
OPTSTK,BALRAMCHIN,28-Apr-2022,610.0,PE,0.0,0.0,0.0,129.15,118.4,0,0.0,0,0,18-APR-2022,
OPTSTK,BALRAMCHIN,28-Apr-2022,620.0,PE,0.0,0.0,0.0,137.85,128.3,0,0.0,0,0,18-APR-2022,
OPTSTK,BALRAMCHIN,26-May-2022,285.0,CE,0.0,0.0,0.0,104.0,207.6,0,0.0,0,0,18-APR-2022,
OPTSTK,BALRAMCHIN,26-May-2022,290.0,CE,0.0,0.0,0.0,100.1,202.65,0,0.0,0,0,18-APR-2022,
OPTSTK,BALRAMCHIN,26-May-2022,295.0,CE,0.0,0.0,0.0,96.35,197.7,0,0.0,0,0,18-APR-2022,
OPTSTK,BALRAMCHIN,26-May-2022,300.0,CE,0.0,0.0,0.0,92.65,192.75,0,0.0,0,0,18-APR-2022,
OPTSTK,BALRAMCHIN,26-May-2022,305.0,CE,0.0,0.0,0.0,89.05,187.8,0,0.0,0,0,18-APR-2022,
OPTSTK,BALRAMCHIN,26-May-2022,310.0,CE,0.0,0.0,0.0,85.5,182.85,0,0.0,0,0,18-APR-2022,
OPTSTK,BALRAMCHIN,26-May-2022,315.0,CE,0.0,0.0,0.0,82.05,177.95,0,0.0,0,0,18-APR-2022,
OPTSTK,BALRAMCHIN,26-May-2022,320.0,CE,0.0,0.0,0.0,78.75,173.05,0,0.0,0,0,18-APR-2022,
OPTSTK,BALRAMCHIN,26-May-2022,325.0,CE,0.0,0.0,0.0,75.5,168.2,0,0.0,0,0,18-APR-2022,
OPTSTK,BALRAMCHIN,26-May-2022,330.0,CE,0.0,0.0,0.0,72.3,163.3,0,0.0,0,0,18-APR-2022,
OPTSTK,BALRAMCHIN,26-May-2022,335.0,CE,0.0,0.0,0.0,69.25,158.5,0,0.0,0,0,18-APR-2022,
OPTSTK,BALRAMCHIN,26-May-2022,340.0,CE,0.0,0.0,0.0,66.3,153.7,0,0.0,0,0,18-APR-2022,
OPTSTK,BALRAMCHIN,26-May-2022,345.0,CE,0.0,0.0,0.0,63.45,148.9,0,0.0,0,0,18-APR-2022,
OPTSTK,BALRAMCHIN,26-May-2022,350.0,CE,0.0,0.0,0.0,60.65,144.15,0,0.0,0,0,18-APR-2022,
OPTSTK,BALRAMCHIN,26-May-2022,355.0,CE,0.0,0.0,0.0,57.95,139.45,0,0.0,0,0,18-APR-2022,
OPTSTK,BALRAMCHIN,26-May-2022,360.0,CE,0.0,0.0,0.0,55.4,134.75,0,0.0,0,0,18-APR-2022,
OPTSTK,BALRAMCHIN,26-May-2022,365.0,CE,0.0,0.0,0.0,52.9,130.15,0,0.0,0,0,18-APR-2022,
OPTSTK,BALRAMCHIN,26-May-2022,370.0,CE,0.0,0.0,0.0,50.45,125.6,0,0.0,0,0,18-APR-2022,
OPTSTK,BALRAMCHIN,26-May-2022,375.0,CE,0.0,0.0,0.0,48.15,121.05,0,0.0,0,0,18-APR-2022,
OPTSTK,BALRAMCHIN,26-May-2022,380.0,CE,0.0,0.0,0.0,45.9,116.6,0,0.0,0,0,18-APR-2022,
OPTSTK,BALRAMCHIN,26-May-2022,385.0,CE,0.0,0.0,0.0,43.75,112.2,0,0.0,0,0,18-APR-2022,
OPTSTK,BALRAMCHIN,26-May-2022,390.0,CE,0.0,0.0,0.0,41.7,107.85,0,0.0,0,0,18-APR-2022,
OPTSTK,BALRAMCHIN,26-May-2022,395.0,CE,0.0,0.0,0.0,39.7,103.6,0,0.0,0,0,18-APR-2022,
OPTSTK,BALRAMCHIN,26-May-2022,400.0,CE,0.0,0.0,0.0,37.8,99.4,0,0.0,0,0,18-APR-2022,
OPTSTK,BALRAMCHIN,26-May-2022,405.0,CE,0.0,0.0,0.0,35.95,95.3,0,0.0,0,0,18-APR-2022,
OPTSTK,BALRAMCHIN,26-May-2022,410.0,CE,0.0,0.0,0.0,34.2,91.3,0,0.0,0,0,18-APR-2022,
OPTSTK,BALRAMCHIN,26-May-2022,415.0,CE,0.0,0.0,0.0,32.5,87.35,0,0.0,0,0,18-APR-2022,
OPTSTK,BALRAMCHIN,26-May-2022,420.0,CE,0.0,0.0,0.0,30.9,83.5,0,0.0,0,0,18-APR-2022,
OPTSTK,BALRAMCHIN,26-May-2022,425.0,CE,0.0,0.0,0.0,29.35,79.75,0,0.0,0,0,18-APR-2022,
OPTSTK,BALRAMCHIN,26-May-2022,430.0,CE,0.0,0.0,0.0,27.9,76.1,0,0.0,0,0,18-APR-2022,
OPTSTK,BALRAMCHIN,26-May-2022,435.0,CE,0.0,0.0,0.0,26.5,72.5,0,0.0,0,0,18-APR-2022,
OPTSTK,BALRAMCHIN,26-May-2022,440.0,CE,0.0,0.0,0.0,25.15,69.05,0,0.0,0,0,18-APR-2022,
OPTSTK,BALRAMCHIN,26-May-2022,445.0,CE,0.0,0.0,0.0,23.85,65.65,0,0.0,0,0,18-APR-2022,
OPTSTK,BALRAMCHIN,26-May-2022,450.0,CE,0.0,0.0,0.0,22.65,62.4,0,0.0,0,0,18-APR-2022,
OPTSTK,BALRAMCHIN,26-May-2022,455.0,CE,0.0,0.0,0.0,21.45,59.25,0,0.0,0,0,18-APR-2022,
OPTSTK,BALRAMCHIN,26-May-2022,460.0,CE,0.0,0.0,0.0,20.35,56.2,0,0.0,0,0,18-APR-2022,
OPTSTK,BALRAMCHIN,26-May-2022,465.0,CE,0.0,0.0,0.0,19.3,53.25,0,0.0,0,0,18-APR-2022,
OPTSTK,BALRAMCHIN,26-May-2022,470.0,CE,0.0,0.0,0.0,18.3,50.4,0,0.0,0,0,18-APR-2022,
OPTSTK,BALRAMCHIN,26-May-2022,475.0,CE,0.0,0.0,0.0,17.35,47.7,0,0.0,0,0,18-APR-2022,
OPTSTK,BALRAMCHIN,26-May-2022,480.0,CE,0.0,0.0,0.0,16.4,45.05,0,0.0,0,0,18-APR-2022,
OPTSTK,BALRAMCHIN,26-May-2022,485.0,CE,0.0,0.0,0.0,15.55,42.55,0,0.0,0,0,18-APR-2022,
OPTSTK,BALRAMCHIN,26-May-2022,490.0,CE,0.0,0.0,0.0,14.7,40.15,0,0.0,0,0,18-APR-2022,
OPTSTK,BALRAMCHIN,26-May-2022,495.0,CE,0.0,0.0,0.0,13.9,37.8,0,0.0,0,0,18-APR-2022,
OPTSTK,BALRAMCHIN,26-May-2022,500.0,CE,20.5,31.4,20.35,29.2,29.2,38,320.71,36800,24000,18-APR-2022,
OPTSTK,BALRAMCHIN,26-May-2022,505.0,CE,0.0,0.0,0.0,12.45,33.5,0,0.0,0,0,18-APR-2022,
OPTSTK,BALRAMCHIN,26-May-2022,510.0,CE,0.0,0.0,0.0,11.8,31.5,0,0.0,0,0,18-APR-2022,
OPTSTK,BALRAMCHIN,26-May-2022,515.0,CE,0.0,0.0,0.0,11.15,29.55,0,0.0,0,0,18-APR-2022,
OPTSTK,BALRAMCHIN,26-May-2022,520.0,CE,19.9,20.0,18.0,18.0,27.75,13,112.25,24000,17600,18-APR-2022,
OPTSTK,BALRAMCHIN,26-May-2022,525.0,CE,0.0,0.0,0.0,9.95,26.0,0,0.0,0,0,18-APR-2022,
OPTSTK,BALRAMCHIN,26-May-2022,530.0,CE,15.8,21.15,15.6,15.6,24.35,6,52.47,16000,1600,18-APR-2022,
OPTSTK,BALRAMCHIN,26-May-2022,535.0,CE,0.0,0.0,0.0,11.45,22.8,0,0.0,0,0,18-APR-2022,
OPTSTK,BALRAMCHIN,26-May-2022,540.0,CE,0.0,0.0,0.0,10.85,21.3,0,0.0,0,0,18-APR-2022,
OPTSTK,BALRAMCHIN,26-May-2022,545.0,CE,0.0,0.0,0.0,10.85,19.9,0,0.0,0,0,18-APR-2022,
OPTSTK,BALRAMCHIN,26-May-2022,550.0,CE,0.0,0.0,0.0,12.65,18.6,0,0.0,0,0,18-APR-2022,
OPTSTK,BALRAMCHIN,26-May-2022,555.0,CE,0.0,0.0,0.0,12.0,17.35,0,0.0,0,0,18-APR-2022,
OPTSTK,BALRAMCHIN,26-May-2022,560.0,CE,0.0,0.0,0.0,11.35,16.2,0,0.0,0,0,18-APR-2022,
OPTSTK,BALRAMCHIN,26-May-2022,565.0,CE,0.0,0.0,0.0,13.45,15.1,0,0.0,0,0,18-APR-2022,
OPTSTK,BALRAMCHIN,26-May-2022,570.0,CE,0.0,0.0,0.0,12.8,14.05,0,0.0,0,0,18-APR-2022,
OPTSTK,BALRAMCHIN,26-May-2022,575.0,CE,0.0,0.0,0.0,12.15,13.05,0,0.0,0,0,18-APR-2022,
OPTSTK,BALRAMCHIN,26-May-2022,580.0,CE,0.0,0.0,0.0,14.45,12.15,0,0.0,0,0,18-APR-2022,
OPTSTK,BALRAMCHIN,26-May-2022,590.0,CE,0.0,0.0,0.0,13.05,10.5,0,0.0,0,0,18-APR-2022,
OPTSTK,BALRAMCHIN,26-May-2022,600.0,CE,0.0,0.0,0.0,12.25,9.0,0,0.0,0,0,18-APR-2022,
OPTSTK,BALRAMCHIN,26-May-2022,610.0,CE,0.0,0.0,0.0,18.5,7.75,0,0.0,0,0,18-APR-2022,
OPTSTK,BALRAMCHIN,26-May-2022,620.0,CE,0.0,0.0,0.0,16.8,6.6,0,0.0,0,0,18-APR-2022,
OPTSTK,BALRAMCHIN,26-May-2022,285.0,PE,0.0,0.0,0.0,8.85,0.1,0,0.0,0,0,18-APR-2022,
OPTSTK,BALRAMCHIN,26-May-2022,290.0,PE,0.0,0.0,0.0,9.95,0.1,0,0.0,0,0,18-APR-2022,
OPTSTK,BALRAMCHIN,26-May-2022,295.0,PE,0.0,0.0,0.0,11.1,0.1,0,0.0,0,0,18-APR-2022,
OPTSTK,BALRAMCHIN,26-May-2022,300.0,PE,0.0,0.0,0.0,12.35,0.15,0,0.0,0,0,18-APR-2022,
OPTSTK,BALRAMCHIN,26-May-2022,305.0,PE,0.0,0.0,0.0,13.7,0.2,0,0.0,0,0,18-APR-2022,
OPTSTK,BALRAMCHIN,26-May-2022,310.0,PE,0.0,0.0,0.0,15.1,0.25,0,0.0,0,0,18-APR-2022,
OPTSTK,BALRAMCHIN,26-May-2022,315.0,PE,0.0,0.0,0.0,16.65,0.3,0,0.0,0,0,18-APR-2022,
OPTSTK,BALRAMCHIN,26-May-2022,320.0,PE,0.0,0.0,0.0,18.25,0.4,0,0.0,0,0,18-APR-2022,
OPTSTK,BALRAMCHIN,26-May-2022,325.0,PE,0.0,0.0,0.0,19.95,0.5,0,0.0,0,0,18-APR-2022,
OPTSTK,BALRAMCHIN,26-May-2022,330.0,PE,0.0,0.0,0.0,21.7,0.6,0,0.0,0,0,18-APR-2022,
OPTSTK,BALRAMCHIN,26-May-2022,335.0,PE,0.0,0.0,0.0,23.6,0.75,0,0.0,0,0,18-APR-2022,
OPTSTK,BALRAMCHIN,26-May-2022,340.0,PE,0.0,0.0,0.0,25.6,0.95,0,0.0,0,0,18-APR-2022,
OPTSTK,BALRAMCHIN,26-May-2022,345.0,PE,0.0,0.0,0.0,27.65,1.15,0,0.0,0,0,18-APR-2022,
OPTSTK,BALRAMCHIN,26-May-2022,350.0,PE,0.0,0.0,0.0,29.85,1.35,0,0.0,0,0,18-APR-2022,
OPTSTK,BALRAMCHIN,26-May-2022,355.0,PE,0.0,0.0,0.0,32.1,1.6,0,0.0,0,0,18-APR-2022,
OPTSTK,BALRAMCHIN,26-May-2022,360.0,PE,0.0,0.0,0.0,34.45,1.95,0,0.0,0,0,18-APR-2022,
OPTSTK,BALRAMCHIN,26-May-2022,365.0,PE,0.0,0.0,0.0,36.9,2.3,0,0.0,0,0,18-APR-2022,
OPTSTK,BALRAMCHIN,26-May-2022,370.0,PE,0.0,0.0,0.0,39.45,2.7,0,0.0,0,0,18-APR-2022,
OPTSTK,BALRAMCHIN,26-May-2022,375.0,PE,0.0,0.0,0.0,42.05,3.15,0,0.0,0,0,18-APR-2022,
OPTSTK,BALRAMCHIN,26-May-2022,380.0,PE,0.0,0.0,0.0,44.75,3.65,0,0.0,0,0,18-APR-2022,
OPTSTK,BALRAMCHIN,26-May-2022,385.0,PE,0.0,0.0,0.0,47.55,4.25,0,0.0,0,0,18-APR-2022,
OPTSTK,BALRAMCHIN,26-May-2022,390.0,PE,0.0,0.0,0.0,50.45,4.9,0,0.0,0,0,18-APR-2022,
OPTSTK,BALRAMCHIN,26-May-2022,395.0,PE,0.0,0.0,0.0,53.4,5.6,0,0.0,0,0,18-APR-2022,
OPTSTK,BALRAMCHIN,26-May-2022,400.0,PE,0.0,0.0,0.0,56.45,6.4,0,0.0,0,0,18-APR-2022,
OPTSTK,BALRAMCHIN,26-May-2022,405.0,PE,0.0,0.0,0.0,59.55,7.25,0,0.0,0,0,18-APR-2022,
OPTSTK,BALRAMCHIN,26-May-2022,410.0,PE,0.0,0.0,0.0,62.75,8.2,0,0.0,0,0,18-APR-2022,
OPTSTK,BALRAMCHIN,26-May-2022,415.0,PE,0.0,0.0,0.0,66.0,9.25,0,0.0,0,0,18-APR-2022,
OPTSTK,BALRAMCHIN,26-May-2022,420.0,PE,0.0,0.0,0.0,69.35,10.4,0,0.0,0,0,18-APR-2022,
OPTSTK,BALRAMCHIN,26-May-2022,425.0,PE,0.0,0.0,0.0,72.75,11.65,0,0.0,0,0,18-APR-2022,
OPTSTK,BALRAMCHIN,26-May-2022,430.0,PE,0.0,0.0,0.0,76.25,12.95,0,0.0,0,0,18-APR-2022,
OPTSTK,BALRAMCHIN,26-May-2022,435.0,PE,0.0,0.0,0.0,79.75,14.35,0,0.0,0,0,18-APR-2022,
OPTSTK,BALRAMCHIN,26-May-2022,440.0,PE,0.0,0.0,0.0,83.4,15.85,0,0.0,0,0,18-APR-2022,
OPTSTK,BALRAMCHIN,26-May-2022,445.0,PE,0.0,0.0,0.0,87.05,17.45,0,0.0,0,0,18-APR-2022,
OPTSTK,BALRAMCHIN,26-May-2022,450.0,PE,11.1,11.7,11.1,11.7,19.15,2,14.76,12800,1600,18-APR-2022,
OPTSTK,BALRAMCHIN,26-May-2022,455.0,PE,0.0,0.0,0.0,94.55,21.0,0,0.0,0,0,18-APR-2022,
OPTSTK,BALRAMCHIN,26-May-2022,460.0,PE,0.0,0.0,0.0,98.4,22.9,0,0.0,0,0,18-APR-2022,
OPTSTK,BALRAMCHIN,26-May-2022,465.0,PE,0.0,0.0,0.0,102.3,24.95,0,0.0,0,0,18-APR-2022,
OPTSTK,BALRAMCHIN,26-May-2022,470.0,PE,22.0,22.0,22.0,22.0,27.1,1,7.87,1600,1600,18-APR-2022,
OPTSTK,BALRAMCHIN,26-May-2022,475.0,PE,20.0,20.0,20.0,20.0,20.0,2,15.84,3200,3200,18-APR-2022,
OPTSTK,BALRAMCHIN,26-May-2022,480.0,PE,24.0,24.0,24.0,24.0,31.7,3,24.19,4800,4800,18-APR-2022,
OPTSTK,BALRAMCHIN,26-May-2022,485.0,PE,0.0,0.0,0.0,118.35,34.15,0,0.0,0,0,18-APR-2022,
OPTSTK,BALRAMCHIN,26-May-2022,490.0,PE,0.0,0.0,0.0,122.45,36.7,0,0.0,0,0,18-APR-2022,
OPTSTK,BALRAMCHIN,26-May-2022,495.0,PE,0.0,0.0,0.0,126.6,39.4,0,0.0,0,0,18-APR-2022,
OPTSTK,BALRAMCHIN,26-May-2022,500.0,PE,31.0,31.0,31.0,31.0,42.15,1,8.49,1600,1600,18-APR-2022,
OPTSTK,BALRAMCHIN,26-May-2022,505.0,PE,0.0,0.0,0.0,135.05,45.0,0,0.0,0,0,18-APR-2022,
OPTSTK,BALRAMCHIN,26-May-2022,510.0,PE,0.0,0.0,0.0,139.3,48.0,0,0.0,0,0,18-APR-2022,
OPTSTK,BALRAMCHIN,26-May-2022,515.0,PE,0.0,0.0,0.0,143.6,51.05,0,0.0,0,0,18-APR-2022,
OPTSTK,BALRAMCHIN,26-May-2022,520.0,PE,0.0,0.0,0.0,37.0,54.2,0,0.0,3200,0,18-APR-2022,
OPTSTK,BALRAMCHIN,26-May-2022,525.0,PE,0.0,0.0,0.0,152.3,57.45,0,0.0,0,0,18-APR-2022,
OPTSTK,BALRAMCHIN,26-May-2022,530.0,PE,0.0,0.0,0.0,144.8,60.75,0,0.0,0,0,18-APR-2022,
OPTSTK,BALRAMCHIN,26-May-2022,535.0,PE,0.0,0.0,0.0,149.1,64.2,0,0.0,0,0,18-APR-2022,
OPTSTK,BALRAMCHIN,26-May-2022,540.0,PE,0.0,0.0,0.0,153.45,67.7,0,0.0,0,0,18-APR-2022,
OPTSTK,BALRAMCHIN,26-May-2022,545.0,PE,0.0,0.0,0.0,153.5,71.25,0,0.0,0,0,18-APR-2022,
OPTSTK,BALRAMCHIN,26-May-2022,550.0,PE,0.0,0.0,0.0,146.8,74.9,0,0.0,0,0,18-APR-2022,
OPTSTK,BALRAMCHIN,26-May-2022,555.0,PE,0.0,0.0,0.0,151.1,78.65,0,0.0,0,0,18-APR-2022,
OPTSTK,BALRAMCHIN,26-May-2022,560.0,PE,0.0,0.0,0.0,155.45,82.5,0,0.0,0,0,18-APR-2022,
OPTSTK,BALRAMCHIN,26-May-2022,565.0,PE,0.0,0.0,0.0,148.1,86.35,0,0.0,0,0,18-APR-2022,
OPTSTK,BALRAMCHIN,26-May-2022,570.0,PE,0.0,0.0,0.0,152.4,90.3,0,0.0,0,0,18-APR-2022,
OPTSTK,BALRAMCHIN,26-May-2022,575.0,PE,0.0,0.0,0.0,156.7,94.3,0,0.0,0,0,18-APR-2022,
OPTSTK,BALRAMCHIN,26-May-2022,580.0,PE,0.0,0.0,0.0,145.3,98.35,0,0.0,0,0,18-APR-2022,
OPTSTK,BALRAMCHIN,26-May-2022,590.0,PE,0.0,0.0,0.0,153.85,106.6,0,0.0,0,0,18-APR-2022,
OPTSTK,BALRAMCHIN,26-May-2022,600.0,PE,0.0,0.0,0.0,157.65,115.1,0,0.0,0,0,18-APR-2022,
OPTSTK,BALRAMCHIN,26-May-2022,610.0,PE,0.0,0.0,0.0,136.0,123.8,0,0.0,0,0,18-APR-2022,
OPTSTK,BALRAMCHIN,26-May-2022,620.0,PE,0.0,0.0,0.0,144.2,132.65,0,0.0,0,0,18-APR-2022,
OPTSTK,BALRAMCHIN,30-Jun-2022,290.0,CE,0.0,0.0,0.0,204.45,204.7,0,0.0,0,0,18-APR-2022,
OPTSTK,BALRAMCHIN,30-Jun-2022,300.0,CE,0.0,0.0,0.0,195.2,195.15,0,0.0,0,0,18-APR-2022,
OPTSTK,BALRAMCHIN,30-Jun-2022,310.0,CE,0.0,0.0,0.0,186.05,185.75,0,0.0,0,0,18-APR-2022,
OPTSTK,BALRAMCHIN,30-Jun-2022,320.0,CE,0.0,0.0,0.0,177.15,176.45,0,0.0,0,0,18-APR-2022,
OPTSTK,BALRAMCHIN,30-Jun-2022,330.0,CE,0.0,0.0,0.0,168.35,167.35,0,0.0,0,0,18-APR-2022,
OPTSTK,BALRAMCHIN,30-Jun-2022,340.0,CE,0.0,0.0,0.0,159.8,158.4,0,0.0,0,0,18-APR-2022,
OPTSTK,BALRAMCHIN,30-Jun-2022,350.0,CE,0.0,0.0,0.0,151.45,149.65,0,0.0,0,0,18-APR-2022,
OPTSTK,BALRAMCHIN,30-Jun-2022,360.0,CE,0.0,0.0,0.0,143.35,141.1,0,0.0,0,0,18-APR-2022,
OPTSTK,BALRAMCHIN,30-Jun-2022,370.0,CE,0.0,0.0,0.0,135.45,132.8,0,0.0,0,0,18-APR-2022,
OPTSTK,BALRAMCHIN,30-Jun-2022,380.0,CE,0.0,0.0,0.0,127.8,124.75,0,0.0,0,0,18-APR-2022,
OPTSTK,BALRAMCHIN,30-Jun-2022,390.0,CE,0.0,0.0,0.0,120.45,117.0,0,0.0,0,0,18-APR-2022,
OPTSTK,BALRAMCHIN,30-Jun-2022,400.0,CE,0.0,0.0,0.0,113.35,109.5,0,0.0,0,0,18-APR-2022,
OPTSTK,BALRAMCHIN,30-Jun-2022,410.0,CE,0.0,0.0,0.0,106.55,102.3,0,0.0,0,0,18-APR-2022,
OPTSTK,BALRAMCHIN,30-Jun-2022,420.0,CE,0.0,0.0,0.0,100.0,95.4,0,0.0,0,0,18-APR-2022,
OPTSTK,BALRAMCHIN,30-Jun-2022,430.0,CE,0.0,0.0,0.0,93.75,88.75,0,0.0,0,0,18-APR-2022,
OPTSTK,BALRAMCHIN,30-Jun-2022,440.0,CE,0.0,0.0,0.0,87.75,82.5,0,0.0,0,0,18-APR-2022,
OPTSTK,BALRAMCHIN,30-Jun-2022,450.0,CE,0.0,0.0,0.0,82.1,76.5,0,0.0,0,0,18-APR-2022,
OPTSTK,BALRAMCHIN,30-Jun-2022,460.0,CE,0.0,0.0,0.0,76.7,70.85,0,0.0,0,0,18-APR-2022,
OPTSTK,BALRAMCHIN,30-Jun-2022,470.0,CE,0.0,0.0,0.0,71.55,65.55,0,0.0,0,0,18-APR-2022,
OPTSTK,BALRAMCHIN,30-Jun-2022,480.0,CE,0.0,0.0,0.0,66.7,60.5,0,0.0,0,0,18-APR-2022,
OPTSTK,BALRAMCHIN,30-Jun-2022,490.0,CE,0.0,0.0,0.0,62.1,55.75,0,0.0,0,0,18-APR-2022,
OPTSTK,BALRAMCHIN,30-Jun-2022,500.0,CE,0.0,0.0,0.0,57.8,51.35,0,0.0,0,0,18-APR-2022,
OPTSTK,BALRAMCHIN,30-Jun-2022,510.0,CE,0.0,0.0,0.0,53.7,47.2,0,0.0,0,0,18-APR-2022,
OPTSTK,BALRAMCHIN,30-Jun-2022,520.0,CE,0.0,0.0,0.0,49.85,43.3,0,0.0,0,0,18-APR-2022,
OPTSTK,BALRAMCHIN,30-Jun-2022,530.0,CE,0.0,0.0,0.0,46.25,39.7,0,0.0,0,0,18-APR-2022,
OPTSTK,BALRAMCHIN,30-Jun-2022,540.0,CE,0.0,0.0,0.0,42.9,36.35,0,0.0,0,0,18-APR-2022,
OPTSTK,BALRAMCHIN,30-Jun-2022,550.0,CE,0.0,0.0,0.0,39.7,33.25,0,0.0,0,0,18-APR-2022,
OPTSTK,BALRAMCHIN,30-Jun-2022,560.0,CE,0.0,0.0,0.0,36.75,30.4,0,0.0,0,0,18-APR-2022,
OPTSTK,BALRAMCHIN,30-Jun-2022,570.0,CE,0.0,0.0,0.0,34.0,27.7,0,0.0,0,0,18-APR-2022,
OPTSTK,BALRAMCHIN,30-Jun-2022,580.0,CE,0.0,0.0,0.0,31.45,25.3,0,0.0,0,0,18-APR-2022,
OPTSTK,BALRAMCHIN,30-Jun-2022,590.0,CE,0.0,0.0,0.0,29.05,23.05,0,0.0,0,0,18-APR-2022,
OPTSTK,BALRAMCHIN,30-Jun-2022,600.0,CE,0.0,0.0,0.0,26.8,20.95,0,0.0,0,0,18-APR-2022,
OPTSTK,BALRAMCHIN,30-Jun-2022,610.0,CE,0.0,0.0,0.0,24.75,19.05,0,0.0,0,0,18-APR-2022,
OPTSTK,BALRAMCHIN,30-Jun-2022,620.0,CE,0.0,0.0,0.0,22.8,17.3,0,0.0,0,0,18-APR-2022,
OPTSTK,BALRAMCHIN,30-Jun-2022,290.0,PE,0.0,0.0,0.0,2.0,1.0,0,0.0,0,0,18-APR-2022,
OPTSTK,BALRAMCHIN,30-Jun-2022,300.0,PE,0.0,0.0,0.0,2.65,1.35,0,0.0,0,0,18-APR-2022,
OPTSTK,BALRAMCHIN,30-Jun-2022,310.0,PE,0.0,0.0,0.0,3.4,1.85,0,0.0,0,0,18-APR-2022,
OPTSTK,BALRAMCHIN,30-Jun-2022,320.0,PE,0.0,0.0,0.0,4.35,2.5,0,0.0,0,0,18-APR-2022,
OPTSTK,BALRAMCHIN,30-Jun-2022,330.0,PE,0.0,0.0,0.0,5.5,3.3,0,0.0,0,0,18-APR-2022,
OPTSTK,BALRAMCHIN,30-Jun-2022,340.0,PE,0.0,0.0,0.0,6.85,4.25,0,0.0,0,0,18-APR-2022,
OPTSTK,BALRAMCHIN,30-Jun-2022,350.0,PE,0.0,0.0,0.0,8.35,5.45,0,0.0,0,0,18-APR-2022,
OPTSTK,BALRAMCHIN,30-Jun-2022,360.0,PE,0.0,0.0,0.0,10.15,6.8,0,0.0,0,0,18-APR-2022,
OPTSTK,BALRAMCHIN,30-Jun-2022,370.0,PE,0.0,0.0,0.0,12.15,8.4,0,0.0,0,0,18-APR-2022,
OPTSTK,BALRAMCHIN,30-Jun-2022,380.0,PE,0.0,0.0,0.0,14.45,10.3,0,0.0,0,0,18-APR-2022,
OPTSTK,BALRAMCHIN,30-Jun-2022,390.0,PE,0.0,0.0,0.0,16.95,12.45,0,0.0,0,0,18-APR-2022,
OPTSTK,BALRAMCHIN,30-Jun-2022,400.0,PE,0.0,0.0,0.0,19.75,14.85,0,0.0,0,0,18-APR-2022,
OPTSTK,BALRAMCHIN,30-Jun-2022,410.0,PE,0.0,0.0,0.0,22.85,17.55,0,0.0,0,0,18-APR-2022,
OPTSTK,BALRAMCHIN,30-Jun-2022,420.0,PE,0.0,0.0,0.0,26.2,20.55,0,0.0,0,0,18-APR-2022,
OPTSTK,BALRAMCHIN,30-Jun-2022,430.0,PE,0.0,0.0,0.0,29.8,23.85,0,0.0,0,0,18-APR-2022,
OPTSTK,BALRAMCHIN,30-Jun-2022,440.0,PE,0.0,0.0,0.0,33.75,27.5,0,0.0,0,0,18-APR-2022,
OPTSTK,BALRAMCHIN,30-Jun-2022,450.0,PE,0.0,0.0,0.0,37.95,31.45,0,0.0,0,0,18-APR-2022,
OPTSTK,BALRAMCHIN,30-Jun-2022,460.0,PE,0.0,0.0,0.0,42.45,35.75,0,0.0,0,0,18-APR-2022,
OPTSTK,BALRAMCHIN,30-Jun-2022,470.0,PE,0.0,0.0,0.0,47.2,40.3,0,0.0,0,0,18-APR-2022,
OPTSTK,BALRAMCHIN,30-Jun-2022,480.0,PE,0.0,0.0,0.0,52.25,45.2,0,0.0,0,0,18-APR-2022,
OPTSTK,BALRAMCHIN,30-Jun-2022,490.0,PE,0.0,0.0,0.0,57.55,50.4,0,0.0,0,0,18-APR-2022,
OPTSTK,BALRAMCHIN,30-Jun-2022,500.0,PE,0.0,0.0,0.0,63.1,55.85,0,0.0,0,0,18-APR-2022,
OPTSTK,BALRAMCHIN,30-Jun-2022,510.0,PE,0.0,0.0,0.0,68.95,61.65,0,0.0,0,0,18-APR-2022,
OPTSTK,BALRAMCHIN,30-Jun-2022,520.0,PE,0.0,0.0,0.0,75.0,67.65,0,0.0,0,0,18-APR-2022,
OPTSTK,BALRAMCHIN,30-Jun-2022,530.0,PE,0.0,0.0,0.0,81.3,74.0,0,0.0,0,0,18-APR-2022,
OPTSTK,BALRAMCHIN,30-Jun-2022,540.0,PE,0.0,0.0,0.0,87.8,80.55,0,0.0,0,0,18-APR-2022,
OPTSTK,BALRAMCHIN,30-Jun-2022,550.0,PE,0.0,0.0,0.0,94.55,87.35,0,0.0,0,0,18-APR-2022,
OPTSTK,BALRAMCHIN,30-Jun-2022,560.0,PE,0.0,0.0,0.0,101.45,94.4,0,0.0,0,0,18-APR-2022,
OPTSTK,BALRAMCHIN,30-Jun-2022,570.0,PE,0.0,0.0,0.0,108.6,101.65,0,0.0,0,0,18-APR-2022,
OPTSTK,BALRAMCHIN,30-Jun-2022,580.0,PE,0.0,0.0,0.0,115.95,109.15,0,0.0,0,0,18-APR-2022,
OPTSTK,BALRAMCHIN,30-Jun-2022,590.0,PE,0.0,0.0,0.0,123.45,116.8,0,0.0,0,0,18-APR-2022,
OPTSTK,BALRAMCHIN,30-Jun-2022,600.0,PE,0.0,0.0,0.0,131.1,124.65,0,0.0,0,0,18-APR-2022,
OPTSTK,BALRAMCHIN,30-Jun-2022,610.0,PE,0.0,0.0,0.0,138.95,132.65,0,0.0,0,0,18-APR-2022,
OPTSTK,BALRAMCHIN,30-Jun-2022,620.0,PE,0.0,0.0,0.0,146.9,140.8,0,0.0,0,0,18-APR-2022,
OPTSTK,BANDHANBNK,28-Apr-2022,195.0,CE,0.0,0.0,0.0,125.1,127.75,0,0.0,0,0,18-APR-2022,
OPTSTK,BANDHANBNK,28-Apr-2022,200.0,CE,0.0,0.0,0.0,125.85,122.75,0,0.0,0,0,18-APR-2022,
OPTSTK,BANDHANBNK,28-Apr-2022,205.0,CE,0.0,0.0,0.0,121.25,117.75,0,0.0,0,0,18-APR-2022,
OPTSTK,BANDHANBNK,28-Apr-2022,210.0,CE,0.0,0.0,0.0,116.7,112.75,0,0.0,0,0,18-APR-2022,
OPTSTK,BANDHANBNK,28-Apr-2022,215.0,CE,0.0,0.0,0.0,112.2,107.75,0,0.0,0,0,18-APR-2022,
OPTSTK,BANDHANBNK,28-Apr-2022,220.0,CE,0.0,0.0,0.0,107.8,102.75,0,0.0,0,0,18-APR-2022,
OPTSTK,BANDHANBNK,28-Apr-2022,225.0,CE,0.0,0.0,0.0,103.45,97.75,0,0.0,0,0,18-APR-2022,
OPTSTK,BANDHANBNK,28-Apr-2022,230.0,CE,0.0,0.0,0.0,99.2,92.8,0,0.0,0,0,18-APR-2022,
OPTSTK,BANDHANBNK,28-Apr-2022,235.0,CE,0.0,0.0,0.0,95.0,87.8,0,0.0,0,0,18-APR-2022,
OPTSTK,BANDHANBNK,28-Apr-2022,240.0,CE,0.0,0.0,0.0,90.9,82.8,0,0.0,0,0,18-APR-2022,
OPTSTK,BANDHANBNK,28-Apr-2022,245.0,CE,0.0,0.0,0.0,86.9,77.8,0,0.0,0,0,18-APR-2022,
OPTSTK,BANDHANBNK,28-Apr-2022,250.0,CE,0.0,0.0,0.0,83.0,72.85,0,0.0,0,0,18-APR-2022,
OPTSTK,BANDHANBNK,28-Apr-2022,255.0,CE,0.0,0.0,0.0,79.25,67.85,0,0.0,0,0,18-APR-2022,
OPTSTK,BANDHANBNK,28-Apr-2022,260.0,CE,0.0,0.0,0.0,38.0,62.9,0,0.0,10800,0,18-APR-2022,
OPTSTK,BANDHANBNK,28-Apr-2022,265.0,CE,0.0,0.0,0.0,71.95,58.0,0,0.0,0,0,18-APR-2022,
OPTSTK,BANDHANBNK,28-Apr-2022,270.0,CE,51.5,55.0,51.5,52.5,53.15,5,29.07,133200,0,18-APR-2022,
OPTSTK,BANDHANBNK,28-Apr-2022,275.0,CE,0.0,0.0,0.0,55.4,48.35,0,0.0,1800,0,18-APR-2022,
OPTSTK,BANDHANBNK,28-Apr-2022,280.0,CE,0.0,0.0,0.0,48.4,43.65,0,0.0,64800,0,18-APR-2022,
OPTSTK,BANDHANBNK,28-Apr-2022,285.0,CE,0.0,0.0,0.0,38.3,39.05,0,0.0,9000,0,18-APR-2022,
OPTSTK,BANDHANBNK,28-Apr-2022,290.0,CE,36.0,36.0,36.0,36.0,36.0,1,5.86,52200,-1800,18-APR-2022,
OPTSTK,BANDHANBNK,28-Apr-2022,295.0,CE,32.2,33.85,29.8,29.8,30.45,7,41.06,48600,0,18-APR-2022,
OPTSTK,BANDHANBNK,28-Apr-2022,300.0,CE,25.0,29.9,25.0,28.1,28.1,167,986.31,644400,144000,18-APR-2022,
OPTSTK,BANDHANBNK,28-Apr-2022,305.0,CE,23.1,25.2,21.1,24.0,22.8,10,59.09,102600,-9000,18-APR-2022,
OPTSTK,BANDHANBNK,28-Apr-2022,310.0,CE,16.2,21.5,16.2,19.25,19.25,42,249.02,203400,7200,18-APR-2022,
OPTSTK,BANDHANBNK,28-Apr-2022,315.0,CE,15.2,17.2,14.3,16.4,16.4,54,321.39,180000,1800,18-APR-2022,
OPTSTK,BANDHANBNK,28-Apr-2022,320.0,CE,13.5,15.45,9.9,13.15,13.15,790,4730.56,793800,86400,18-APR-2022,
OPTSTK,BANDHANBNK,28-Apr-2022,325.0,CE,9.9,12.7,8.0,10.8,10.8,564,3406.55,361800,75600,18-APR-2022,
OPTSTK,BANDHANBNK,28-Apr-2022,330.0,CE,10.0,10.7,6.55,8.6,8.6,1778,10835.26,2410200,66600,18-APR-2022,
OPTSTK,BANDHANBNK,28-Apr-2022,335.0,CE,6.65,8.5,5.4,7.15,7.15,630,3878.86,639000,-88200,18-APR-2022,
OPTSTK,BANDHANBNK,28-Apr-2022,340.0,CE,6.95,8.4,4.3,5.45,5.45,1598,9939.73,1875600,-90000,18-APR-2022,
OPTSTK,BANDHANBNK,28-Apr-2022,345.0,CE,3.2,5.7,3.2,4.45,4.45,379,2384.53,421200,68400,18-APR-2022,
OPTSTK,BANDHANBNK,28-Apr-2022,350.0,CE,5.4,5.4,2.65,3.65,3.65,1902,12111.33,2813400,16200,18-APR-2022,
OPTSTK,BANDHANBNK,28-Apr-2022,355.0,CE,4.9,4.9,2.05,2.9,2.9,233,1501.87,205200,-66600,18-APR-2022,
OPTSTK,BANDHANBNK,28-Apr-2022,360.0,CE,3.75,3.75,1.0,2.4,2.4,479,3124.53,833400,-28800,18-APR-2022,
OPTSTK,BANDHANBNK,28-Apr-2022,365.0,CE,1.6,2.55,1.55,1.9,1.9,107,706.82,158400,-30600,18-APR-2022,
OPTSTK,BANDHANBNK,28-Apr-2022,370.0,CE,1.45,2.05,1.3,1.55,1.55,251,1678.74,417600,-18000,18-APR-2022,
OPTSTK,BANDHANBNK,28-Apr-2022,375.0,CE,2.05,2.05,1.0,1.3,1.3,182,1232.63,73800,28800,18-APR-2022,
OPTSTK,BANDHANBNK,28-Apr-2022,380.0,CE,1.0,1.35,0.8,1.0,1.0,353,2420.9,435600,-10800,18-APR-2022,
OPTSTK,BANDHANBNK,28-Apr-2022,385.0,CE,1.1,1.1,0.65,0.9,0.9,204,1416.56,334800,5400,18-APR-2022,
OPTSTK,BANDHANBNK,28-Apr-2022,390.0,CE,0.7,0.75,0.45,0.65,0.65,148,1040.59,46800,-14400,18-APR-2022,
OPTSTK,BANDHANBNK,28-Apr-2022,395.0,CE,0.5,0.65,0.4,0.65,0.65,90,640.71,72000,-14400,18-APR-2022,
OPTSTK,BANDHANBNK,28-Apr-2022,195.0,PE,0.0,0.0,0.0,0.1,0.0,0,0.0,3600,0,18-APR-2022,
OPTSTK,BANDHANBNK,28-Apr-2022,200.0,PE,0.0,0.0,0.0,1.45,0.0,0,0.0,0,0,18-APR-2022,
OPTSTK,BANDHANBNK,28-Apr-2022,205.0,PE,0.0,0.0,0.0,1.75,0.0,0,0.0,0,0,18-APR-2022,
OPTSTK,BANDHANBNK,28-Apr-2022,210.0,PE,0.0,0.0,0.0,0.1,0.0,0,0.0,1800,0,18-APR-2022,
OPTSTK,BANDHANBNK,28-Apr-2022,215.0,PE,0.0,0.0,0.0,2.65,0.0,0,0.0,0,0,18-APR-2022,
OPTSTK,BANDHANBNK,28-Apr-2022,220.0,PE,0.0,0.0,0.0,0.3,0.0,0,0.0,18000,0,18-APR-2022,
OPTSTK,BANDHANBNK,28-Apr-2022,225.0,PE,0.0,0.0,0.0,3.75,0.0,0,0.0,0,0,18-APR-2022,
OPTSTK,BANDHANBNK,28-Apr-2022,230.0,PE,0.3,0.3,0.3,0.3,0.0,2,8.29,82800,-3600,18-APR-2022,
OPTSTK,BANDHANBNK,28-Apr-2022,235.0,PE,0.0,0.0,0.0,0.15,0.0,0,0.0,9000,0,18-APR-2022,
OPTSTK,BANDHANBNK,28-Apr-2022,240.0,PE,0.3,0.45,0.3,0.35,0.35,12,51.92,113400,-5400,18-APR-2022,
OPTSTK,BANDHANBNK,28-Apr-2022,245.0,PE,0.0,0.0,0.0,7.0,0.05,0,0.0,0,0,18-APR-2022,
OPTSTK,BANDHANBNK,28-Apr-2022,250.0,PE,0.55,0.6,0.45,0.5,0.5,82,369.73,387000,-34200,18-APR-2022,
OPTSTK,BANDHANBNK,28-Apr-2022,255.0,PE,0.0,0.0,0.0,9.2,0.05,0,0.0,0,0,18-APR-2022,
OPTSTK,BANDHANBNK,28-Apr-2022,260.0,PE,0.55,0.95,0.55,0.65,0.1,30,140.78,180000,-10800,18-APR-2022,
OPTSTK,BANDHANBNK,28-Apr-2022,265.0,PE,1.1,1.1,0.65,0.65,0.2,2,9.57,1800,0,18-APR-2022,
OPTSTK,BANDHANBNK,28-Apr-2022,270.0,PE,1.45,1.5,0.9,0.95,0.95,175,854.34,235800,-32400,18-APR-2022,
OPTSTK,BANDHANBNK,28-Apr-2022,275.0,PE,1.35,1.45,1.15,1.15,0.55,30,149.19,46800,5400,18-APR-2022,
OPTSTK,BANDHANBNK,28-Apr-2022,280.0,PE,1.75,2.3,1.3,1.45,1.45,285,1445.05,678600,57600,18-APR-2022,
OPTSTK,BANDHANBNK,28-Apr-2022,285.0,PE,2.75,2.95,1.7,1.8,1.8,133,687.66,104400,1800,18-APR-2022,
OPTSTK,BANDHANBNK,28-Apr-2022,290.0,PE,3.4,3.7,2.1,2.35,2.35,313,1649.54,342000,-55800,18-APR-2022,
OPTSTK,BANDHANBNK,28-Apr-2022,295.0,PE,4.5,4.5,2.7,2.95,2.95,130,698.16,189000,12600,18-APR-2022,
OPTSTK,BANDHANBNK,28-Apr-2022,300.0,PE,5.0,5.85,3.4,3.7,3.7,707,3872.92,1123200,-68400,18-APR-2022,
OPTSTK,BANDHANBNK,28-Apr-2022,305.0,PE,6.25,6.45,4.3,4.7,4.7,189,1055.71,306000,-28800,18-APR-2022,
OPTSTK,BANDHANBNK,28-Apr-2022,310.0,PE,8.6,8.75,5.3,5.8,5.8,536,3055.49,532800,23400,18-APR-2022,
OPTSTK,BANDHANBNK,28-Apr-2022,315.0,PE,10.9,10.9,6.8,7.4,7.4,318,1850.61,225000,-9000,18-APR-2022,
OPTSTK,BANDHANBNK,28-Apr-2022,320.0,PE,10.5,13.45,8.55,9.4,9.4,739,4391.43,918000,0,18-APR-2022,
OPTSTK,BANDHANBNK,28-Apr-2022,325.0,PE,15.65,16.35,11.15,11.4,11.4,223,1355.76,190800,27000,18-APR-2022,
OPTSTK,BANDHANBNK,28-Apr-2022,330.0,PE,16.6,19.85,13.55,14.65,14.65,279,1737.23,361800,-16200,18-APR-2022,
OPTSTK,BANDHANBNK,28-Apr-2022,335.0,PE,21.75,22.25,16.9,17.85,17.85,125,795.41,57600,0,18-APR-2022,
OPTSTK,BANDHANBNK,28-Apr-2022,340.0,PE,26.4,26.4,20.4,22.3,22.3,48,312.97,129600,-5400,18-APR-2022,
OPTSTK,BANDHANBNK,28-Apr-2022,345.0,PE,0.0,0.0,0.0,48.65,26.6,0,0.0,0,0,18-APR-2022,
OPTSTK,BANDHANBNK,28-Apr-2022,350.0,PE,29.5,30.0,28.8,29.75,30.55,6,40.96,91800,-1800,18-APR-2022,
OPTSTK,BANDHANBNK,28-Apr-2022,355.0,PE,0.0,0.0,0.0,55.1,34.75,0,0.0,0,0,18-APR-2022,
OPTSTK,BANDHANBNK,28-Apr-2022,360.0,PE,42.0,43.15,42.0,43.15,39.1,3,21.74,12600,1800,18-APR-2022,
OPTSTK,BANDHANBNK,28-Apr-2022,365.0,PE,0.0,0.0,0.0,61.9,43.55,0,0.0,0,0,18-APR-2022,
OPTSTK,BANDHANBNK,28-Apr-2022,370.0,PE,0.0,0.0,0.0,66.0,48.15,0,0.0,1800,0,18-APR-2022,
OPTSTK,BANDHANBNK,28-Apr-2022,375.0,PE,0.0,0.0,0.0,69.0,52.85,0,0.0,0,0,18-APR-2022,
OPTSTK,BANDHANBNK,28-Apr-2022,380.0,PE,0.0,0.0,0.0,63.15,57.65,0,0.0,5400,0,18-APR-2022,
OPTSTK,BANDHANBNK,28-Apr-2022,385.0,PE,59.8,59.8,59.8,59.8,62.5,1,8.0,5400,0,18-APR-2022,
OPTSTK,BANDHANBNK,28-Apr-2022,390.0,PE,0.0,0.0,0.0,80.3,67.35,0,0.0,0,0,18-APR-2022,
OPTSTK,BANDHANBNK,28-Apr-2022,395.0,PE,0.0,0.0,0.0,84.15,72.25,0,0.0,0,0,18-APR-2022,
OPTSTK,BANDHANBNK,26-May-2022,195.0,CE,0.0,0.0,0.0,100.35,128.4,0,0.0,0,0,18-APR-2022,
OPTSTK,BANDHANBNK,26-May-2022,200.0,CE,0.0,0.0,0.0,95.9,123.45,0,0.0,0,0,18-APR-2022,
OPTSTK,BANDHANBNK,26-May-2022,205.0,CE,0.0,0.0,0.0,91.55,118.5,0,0.0,0,0,18-APR-2022,
OPTSTK,BANDHANBNK,26-May-2022,210.0,CE,0.0,0.0,0.0,87.25,113.6,0,0.0,0,0,18-APR-2022,
OPTSTK,BANDHANBNK,26-May-2022,215.0,CE,0.0,0.0,0.0,83.1,108.7,0,0.0,0,0,18-APR-2022,
OPTSTK,BANDHANBNK,26-May-2022,220.0,CE,0.0,0.0,0.0,79.0,103.8,0,0.0,0,0,18-APR-2022,
OPTSTK,BANDHANBNK,26-May-2022,225.0,CE,0.0,0.0,0.0,75.05,98.95,0,0.0,0,0,18-APR-2022,
OPTSTK,BANDHANBNK,26-May-2022,230.0,CE,0.0,0.0,0.0,71.15,94.15,0,0.0,0,0,18-APR-2022,
OPTSTK,BANDHANBNK,26-May-2022,235.0,CE,0.0,0.0,0.0,67.45,89.35,0,0.0,0,0,18-APR-2022,
OPTSTK,BANDHANBNK,26-May-2022,240.0,CE,0.0,0.0,0.0,63.8,84.65,0,0.0,0,0,18-APR-2022,
OPTSTK,BANDHANBNK,26-May-2022,245.0,CE,0.0,0.0,0.0,60.3,80.05,0,0.0,0,0,18-APR-2022,
OPTSTK,BANDHANBNK,26-May-2022,250.0,CE,0.0,0.0,0.0,56.9,75.5,0,0.0,0,0,18-APR-2022,
OPTSTK,BANDHANBNK,26-May-2022,255.0,CE,0.0,0.0,0.0,53.65,71.0,0,0.0,0,0,18-APR-2022,
OPTSTK,BANDHANBNK,26-May-2022,260.0,CE,0.0,0.0,0.0,50.55,66.65,0,0.0,0,0,18-APR-2022,
OPTSTK,BANDHANBNK,26-May-2022,265.0,CE,0.0,0.0,0.0,47.55,62.4,0,0.0,0,0,18-APR-2022,
OPTSTK,BANDHANBNK,26-May-2022,270.0,CE,0.0,0.0,0.0,44.7,58.25,0,0.0,0,0,18-APR-2022,
OPTSTK,BANDHANBNK,26-May-2022,275.0,CE,0.0,0.0,0.0,41.95,54.25,0,0.0,0,0,18-APR-2022,
OPTSTK,BANDHANBNK,26-May-2022,280.0,CE,0.0,0.0,0.0,39.35,50.4,0,0.0,0,0,18-APR-2022,
OPTSTK,BANDHANBNK,26-May-2022,285.0,CE,0.0,0.0,0.0,36.85,46.7,0,0.0,0,0,18-APR-2022,
OPTSTK,BANDHANBNK,26-May-2022,290.0,CE,0.0,0.0,0.0,50.0,43.15,0,0.0,5400,0,18-APR-2022,
OPTSTK,BANDHANBNK,26-May-2022,295.0,CE,0.0,0.0,0.0,32.25,39.8,0,0.0,0,0,18-APR-2022,
OPTSTK,BANDHANBNK,26-May-2022,300.0,CE,0.0,0.0,0.0,30.15,36.55,0,0.0,0,0,18-APR-2022,
OPTSTK,BANDHANBNK,26-May-2022,305.0,CE,0.0,0.0,0.0,28.15,33.55,0,0.0,0,0,18-APR-2022,
OPTSTK,BANDHANBNK,26-May-2022,310.0,CE,0.0,0.0,0.0,30.0,30.65,0,0.0,1800,0,18-APR-2022,
OPTSTK,BANDHANBNK,26-May-2022,315.0,CE,0.0,0.0,0.0,24.45,27.95,0,0.0,0,0,18-APR-2022,
OPTSTK,BANDHANBNK,26-May-2022,320.0,CE,24.85,24.85,23.0,23.95,25.45,4,24.74,18000,1800,18-APR-2022,
OPTSTK,BANDHANBNK,26-May-2022,325.0,CE,0.0,0.0,0.0,21.2,23.1,0,0.0,0,0,18-APR-2022,
OPTSTK,BANDHANBNK,26-May-2022,330.0,CE,19.0,21.45,18.95,20.15,20.9,12,75.63,73800,12600,18-APR-2022,
OPTSTK,BANDHANBNK,26-May-2022,335.0,CE,0.0,0.0,0.0,18.3,18.85,0,0.0,0,0,18-APR-2022,
OPTSTK,BANDHANBNK,26-May-2022,340.0,CE,17.0,17.0,15.0,15.0,15.0,3,19.2,7200,3600,18-APR-2022,
OPTSTK,BANDHANBNK,26-May-2022,345.0,CE,0.0,0.0,0.0,15.8,15.25,0,0.0,0,0,18-APR-2022,
OPTSTK,BANDHANBNK,26-May-2022,350.0,CE,13.1,14.0,12.0,12.0,12.0,24,156.88,84600,10800,18-APR-2022,
OPTSTK,BANDHANBNK,26-May-2022,355.0,CE,0.0,0.0,0.0,13.55,12.25,0,0.0,0,0,18-APR-2022,
OPTSTK,BANDHANBNK,26-May-2022,360.0,CE,8.0,9.5,8.0,9.5,10.95,2,13.27,12600,1800,18-APR-2022,
OPTSTK,BANDHANBNK,26-May-2022,365.0,CE,0.0,0.0,0.0,0.05,9.75,0,0.0,0,0,18-APR-2022,
OPTSTK,BANDHANBNK,26-May-2022,370.0,CE,0.0,0.0,0.0,1.0,8.65,0,0.0,0,0,18-APR-2022,
OPTSTK,BANDHANBNK,26-May-2022,375.0,CE,0.0,0.0,0.0,1.0,7.7,0,0.0,0,0,18-APR-2022,
OPTSTK,BANDHANBNK,26-May-2022,380.0,CE,6.0,7.9,6.0,7.9,6.8,9,62.58,27000,-1800,18-APR-2022,
OPTSTK,BANDHANBNK,26-May-2022,385.0,CE,0.0,0.0,0.0,8.5,6.0,0,0.0,0,0,18-APR-2022,
OPTSTK,BANDHANBNK,26-May-2022,390.0,CE,0.0,0.0,0.0,7.85,5.3,0,0.0,0,0,18-APR-2022,
OPTSTK,BANDHANBNK,26-May-2022,395.0,CE,0.0,0.0,0.0,7.25,4.65,0,0.0,0,0,18-APR-2022,
OPTSTK,BANDHANBNK,26-May-2022,195.0,PE,0.0,0.0,0.0,2.15,0.05,0,0.0,0,0,18-APR-2022,
OPTSTK,BANDHANBNK,26-May-2022,200.0,PE,0.0,0.0,0.0,2.65,0.1,0,0.0,0,0,18-APR-2022,
OPTSTK,BANDHANBNK,26-May-2022,205.0,PE,0.0,0.0,0.0,3.25,0.1,0,0.0,0,0,18-APR-2022,
OPTSTK,BANDHANBNK,26-May-2022,210.0,PE,0.0,0.0,0.0,3.9,0.15,0,0.0,0,0,18-APR-2022,
OPTSTK,BANDHANBNK,26-May-2022,215.0,PE,0.0,0.0,0.0,4.7,0.25,0,0.0,0,0,18-APR-2022,
OPTSTK,BANDHANBNK,26-May-2022,220.0,PE,0.0,0.0,0.0,5.55,0.35,0,0.0,0,0,18-APR-2022,
OPTSTK,BANDHANBNK,26-May-2022,225.0,PE,0.0,0.0,0.0,6.5,0.45,0,0.0,0,0,18-APR-2022,
OPTSTK,BANDHANBNK,26-May-2022,230.0,PE,0.0,0.0,0.0,7.6,0.6,0,0.0,0,0,18-APR-2022,
OPTSTK,BANDHANBNK,26-May-2022,235.0,PE,0.0,0.0,0.0,8.8,0.85,0,0.0,0,0,18-APR-2022,
OPTSTK,BANDHANBNK,26-May-2022,240.0,PE,0.0,0.0,0.0,10.15,1.1,0,0.0,0,0,18-APR-2022,
OPTSTK,BANDHANBNK,26-May-2022,245.0,PE,0.0,0.0,0.0,11.6,1.45,0,0.0,0,0,18-APR-2022,
OPTSTK,BANDHANBNK,26-May-2022,250.0,PE,2.0,2.5,2.0,2.5,1.85,2,9.08,16200,1800,18-APR-2022,
OPTSTK,BANDHANBNK,26-May-2022,255.0,PE,0.0,0.0,0.0,14.85,2.4,0,0.0,0,0,18-APR-2022,
OPTSTK,BANDHANBNK,26-May-2022,260.0,PE,0.0,0.0,0.0,16.65,3.0,0,0.0,0,0,18-APR-2022,
OPTSTK,BANDHANBNK,26-May-2022,265.0,PE,0.0,0.0,0.0,18.65,3.7,0,0.0,0,0,18-APR-2022,
OPTSTK,BANDHANBNK,26-May-2022,270.0,PE,0.0,0.0,0.0,4.5,4.55,0,0.0,1800,0,18-APR-2022,
OPTSTK,BANDHANBNK,26-May-2022,275.0,PE,0.0,0.0,0.0,22.95,5.55,0,0.0,0,0,18-APR-2022,
OPTSTK,BANDHANBNK,26-May-2022,280.0,PE,5.2,6.0,5.2,6.0,6.0,2,10.28,10800,1800,18-APR-2022,
OPTSTK,BANDHANBNK,26-May-2022,285.0,PE,0.0,0.0,0.0,27.75,7.95,0,0.0,0,0,18-APR-2022,
OPTSTK,BANDHANBNK,26-May-2022,290.0,PE,6.5,6.5,6.5,6.5,9.4,1,5.33,3600,1800,18-APR-2022,
OPTSTK,BANDHANBNK,26-May-2022,295.0,PE,0.0,0.0,0.0,33.05,11.0,0,0.0,0,0,18-APR-2022,
OPTSTK,BANDHANBNK,26-May-2022,300.0,PE,11.1,12.5,11.0,11.5,12.75,9,50.47,39600,3600,18-APR-2022,
OPTSTK,BANDHANBNK,26-May-2022,305.0,PE,0.0,0.0,0.0,38.8,14.7,0,0.0,0,0,18-APR-2022,
OPTSTK,BANDHANBNK,26-May-2022,310.0,PE,0.0,0.0,0.0,15.0,16.8,0,0.0,3600,0,18-APR-2022,
OPTSTK,BANDHANBNK,26-May-2022,315.0,PE,0.0,0.0,0.0,45.0,19.05,0,0.0,0,0,18-APR-2022,
OPTSTK,BANDHANBNK,26-May-2022,320.0,PE,0.0,0.0,0.0,18.0,21.5,0,0.0,1800,0,18-APR-2022,
OPTSTK,BANDHANBNK,26-May-2022,325.0,PE,0.0,0.0,0.0,20.0,24.15,0,0.0,1800,0,18-APR-2022,
OPTSTK,BANDHANBNK,26-May-2022,330.0,PE,24.8,26.85,24.8,26.85,26.85,8,51.25,18000,9000,18-APR-2022,
OPTSTK,BANDHANBNK,26-May-2022,335.0,PE,0.0,0.0,0.0,58.65,29.9,0,0.0,0,0,18-APR-2022,
OPTSTK,BANDHANBNK,26-May-2022,340.0,PE,0.0,0.0,0.0,62.3,33.0,0,0.0,0,0,18-APR-2022,
OPTSTK,BANDHANBNK,26-May-2022,345.0,PE,0.0,0.0,0.0,66.0,36.25,0,0.0,0,0,18-APR-2022,
OPTSTK,BANDHANBNK,26-May-2022,350.0,PE,0.0,0.0,0.0,69.8,39.65,0,0.0,0,0,18-APR-2022,
OPTSTK,BANDHANBNK,26-May-2022,355.0,PE,0.0,0.0,0.0,73.7,43.15,0,0.0,0,0,18-APR-2022,
OPTSTK,BANDHANBNK,26-May-2022,360.0,PE,0.0,0.0,0.0,77.65,46.85,0,0.0,0,0,18-APR-2022,
OPTSTK,BANDHANBNK,26-May-2022,365.0,PE,0.0,0.0,0.0,81.65,50.65,0,0.0,0,0,18-APR-2022,
OPTSTK,BANDHANBNK,26-May-2022,370.0,PE,0.0,0.0,0.0,85.75,54.55,0,0.0,0,0,18-APR-2022,
OPTSTK,BANDHANBNK,26-May-2022,375.0,PE,0.0,0.0,0.0,89.85,58.5,0,0.0,0,0,18-APR-2022,
OPTSTK,BANDHANBNK,26-May-2022,380.0,PE,0.0,0.0,0.0,94.05,62.6,0,0.0,0,0,18-APR-2022,
OPTSTK,BANDHANBNK,26-May-2022,385.0,PE,0.0,0.0,0.0,98.3,66.8,0,0.0,0,0,18-APR-2022,
OPTSTK,BANDHANBNK,26-May-2022,390.0,PE,0.0,0.0,0.0,102.6,71.05,0,0.0,0,0,18-APR-2022,
OPTSTK,BANDHANBNK,26-May-2022,395.0,PE,0.0,0.0,0.0,106.95,75.4,0,0.0,0,0,18-APR-2022,
OPTSTK,BANDHANBNK,30-Jun-2022,195.0,CE,0.0,0.0,0.0,116.05,129.7,0,0.0,0,0,18-APR-2022,
OPTSTK,BANDHANBNK,30-Jun-2022,200.0,CE,0.0,0.0,0.0,111.45,124.9,0,0.0,0,0,18-APR-2022,
OPTSTK,BANDHANBNK,30-Jun-2022,205.0,CE,0.0,0.0,0.0,106.95,120.15,0,0.0,0,0,18-APR-2022,
OPTSTK,BANDHANBNK,30-Jun-2022,210.0,CE,0.0,0.0,0.0,102.55,115.45,0,0.0,0,0,18-APR-2022,
OPTSTK,BANDHANBNK,30-Jun-2022,215.0,CE,0.0,0.0,0.0,98.15,110.8,0,0.0,0,0,18-APR-2022,
OPTSTK,BANDHANBNK,30-Jun-2022,220.0,CE,0.0,0.0,0.0,93.9,106.2,0,0.0,0,0,18-APR-2022,
OPTSTK,BANDHANBNK,30-Jun-2022,225.0,CE,0.0,0.0,0.0,89.7,101.65,0,0.0,0,0,18-APR-2022,
OPTSTK,BANDHANBNK,30-Jun-2022,230.0,CE,0.0,0.0,0.0,85.65,97.2,0,0.0,0,0,18-APR-2022,
OPTSTK,BANDHANBNK,30-Jun-2022,235.0,CE,0.0,0.0,0.0,81.65,92.8,0,0.0,0,0,18-APR-2022,
OPTSTK,BANDHANBNK,30-Jun-2022,240.0,CE,0.0,0.0,0.0,77.75,88.5,0,0.0,0,0,18-APR-2022,
OPTSTK,BANDHANBNK,30-Jun-2022,245.0,CE,0.0,0.0,0.0,74.0,84.3,0,0.0,0,0,18-APR-2022,
OPTSTK,BANDHANBNK,30-Jun-2022,250.0,CE,0.0,0.0,0.0,70.35,80.2,0,0.0,0,0,18-APR-2022,
OPTSTK,BANDHANBNK,30-Jun-2022,255.0,CE,0.0,0.0,0.0,66.8,76.2,0,0.0,0,0,18-APR-2022,
OPTSTK,BANDHANBNK,30-Jun-2022,260.0,CE,0.0,0.0,0.0,63.35,72.3,0,0.0,0,0,18-APR-2022,
OPTSTK,BANDHANBNK,30-Jun-2022,265.0,CE,0.0,0.0,0.0,60.0,68.55,0,0.0,0,0,18-APR-2022,
OPTSTK,BANDHANBNK,30-Jun-2022,270.0,CE,0.0,0.0,0.0,56.8,64.85,0,0.0,0,0,18-APR-2022,
OPTSTK,BANDHANBNK,30-Jun-2022,275.0,CE,0.0,0.0,0.0,53.75,61.3,0,0.0,0,0,18-APR-2022,
OPTSTK,BANDHANBNK,30-Jun-2022,280.0,CE,0.0,0.0,0.0,50.75,57.9,0,0.0,0,0,18-APR-2022,
OPTSTK,BANDHANBNK,30-Jun-2022,285.0,CE,0.0,0.0,0.0,47.95,54.55,0,0.0,0,0,18-APR-2022,
OPTSTK,BANDHANBNK,30-Jun-2022,290.0,CE,0.0,0.0,0.0,45.2,51.4,0,0.0,0,0,18-APR-2022,
OPTSTK,BANDHANBNK,30-Jun-2022,295.0,CE,0.0,0.0,0.0,42.6,48.35,0,0.0,0,0,18-APR-2022,
OPTSTK,BANDHANBNK,30-Jun-2022,300.0,CE,0.0,0.0,0.0,40.1,45.45,0,0.0,0,0,18-APR-2022,
OPTSTK,BANDHANBNK,30-Jun-2022,305.0,CE,0.0,0.0,0.0,37.75,42.65,0,0.0,0,0,18-APR-2022,
OPTSTK,BANDHANBNK,30-Jun-2022,310.0,CE,0.0,0.0,0.0,35.5,40.0,0,0.0,0,0,18-APR-2022,
OPTSTK,BANDHANBNK,30-Jun-2022,315.0,CE,0.0,0.0,0.0,33.35,37.45,0,0.0,0,0,18-APR-2022,
OPTSTK,BANDHANBNK,30-Jun-2022,320.0,CE,0.0,0.0,0.0,31.3,35.05,0,0.0,0,0,18-APR-2022,
OPTSTK,BANDHANBNK,30-Jun-2022,325.0,CE,0.0,0.0,0.0,29.35,32.75,0,0.0,0,0,18-APR-2022,
OPTSTK,BANDHANBNK,30-Jun-2022,330.0,CE,0.0,0.0,0.0,27.5,30.55,0,0.0,0,0,18-APR-2022,
OPTSTK,BANDHANBNK,30-Jun-2022,335.0,CE,0.0,0.0,0.0,25.75,28.5,0,0.0,0,0,18-APR-2022,
OPTSTK,BANDHANBNK,30-Jun-2022,340.0,CE,0.0,0.0,0.0,24.1,26.55,0,0.0,0,0,18-APR-2022,
OPTSTK,BANDHANBNK,30-Jun-2022,345.0,CE,0.0,0.0,0.0,22.55,24.7,0,0.0,0,0,18-APR-2022,
OPTSTK,BANDHANBNK,30-Jun-2022,350.0,CE,0.0,0.0,0.0,21.1,23.0,0,0.0,0,0,18-APR-2022,
OPTSTK,BANDHANBNK,30-Jun-2022,355.0,CE,0.0,0.0,0.0,19.7,21.35,0,0.0,0,0,18-APR-2022,
OPTSTK,BANDHANBNK,30-Jun-2022,360.0,CE,0.0,0.0,0.0,18.4,19.8,0,0.0,0,0,18-APR-2022,
OPTSTK,BANDHANBNK,30-Jun-2022,365.0,CE,0.0,0.0,0.0,17.2,18.4,0,0.0,0,0,18-APR-2022,
OPTSTK,BANDHANBNK,30-Jun-2022,370.0,CE,0.0,0.0,0.0,16.05,17.05,0,0.0,0,0,18-APR-2022,
OPTSTK,BANDHANBNK,30-Jun-2022,375.0,CE,0.0,0.0,0.0,14.95,15.8,0,0.0,0,0,18-APR-2022,
OPTSTK,BANDHANBNK,30-Jun-2022,380.0,CE,0.0,0.0,0.0,13.95,14.6,0,0.0,0,0,18-APR-2022,
OPTSTK,BANDHANBNK,30-Jun-2022,385.0,CE,0.0,0.0,0.0,13.0,13.5,0,0.0,0,0,18-APR-2022,
OPTSTK,BANDHANBNK,30-Jun-2022,390.0,CE,0.0,0.0,0.0,12.1,12.5,0,0.0,0,0,18-APR-2022,
OPTSTK,BANDHANBNK,30-Jun-2022,395.0,CE,0.0,0.0,0.0,11.25,11.55,0,0.0,0,0,18-APR-2022,
OPTSTK,BANDHANBNK,30-Jun-2022,195.0,PE,0.0,0.0,0.0,1.6,0.55,0,0.0,0,0,18-APR-2022,
OPTSTK,BANDHANBNK,30-Jun-2022,200.0,PE,0.0,0.0,0.0,1.95,0.7,0,0.0,0,0,18-APR-2022,
OPTSTK,BANDHANBNK,30-Jun-2022,205.0,PE,0.0,0.0,0.0,2.4,0.9,0,0.0,0,0,18-APR-2022,
OPTSTK,BANDHANBNK,30-Jun-2022,210.0,PE,0.0,0.0,0.0,2.9,1.15,0,0.0,0,0,18-APR-2022,
OPTSTK,BANDHANBNK,30-Jun-2022,215.0,PE,0.0,0.0,0.0,3.5,1.45,0,0.0,0,0,18-APR-2022,
OPTSTK,BANDHANBNK,30-Jun-2022,220.0,PE,0.0,0.0,0.0,4.2,1.8,0,0.0,0,0,18-APR-2022,
OPTSTK,BANDHANBNK,30-Jun-2022,225.0,PE,0.0,0.0,0.0,4.95,2.25,0,0.0,0,0,18-APR-2022,
OPTSTK,BANDHANBNK,30-Jun-2022,230.0,PE,0.0,0.0,0.0,5.8,2.75,0,0.0,0,0,18-APR-2022,
OPTSTK,BANDHANBNK,30-Jun-2022,235.0,PE,0.0,0.0,0.0,6.8,3.35,0,0.0,0,0,18-APR-2022,
OPTSTK,BANDHANBNK,30-Jun-2022,240.0,PE,0.0,0.0,0.0,7.85,4.0,0,0.0,0,0,18-APR-2022,
OPTSTK,BANDHANBNK,30-Jun-2022,245.0,PE,0.0,0.0,0.0,9.0,4.75,0,0.0,0,0,18-APR-2022,
OPTSTK,BANDHANBNK,30-Jun-2022,250.0,PE,0.0,0.0,0.0,10.3,5.6,0,0.0,0,0,18-APR-2022,
OPTSTK,BANDHANBNK,30-Jun-2022,255.0,PE,0.0,0.0,0.0,11.7,6.55,0,0.0,0,0,18-APR-2022,
OPTSTK,BANDHANBNK,30-Jun-2022,260.0,PE,0.0,0.0,0.0,13.2,7.6,0,0.0,0,0,18-APR-2022,
OPTSTK,BANDHANBNK,30-Jun-2022,265.0,PE,0.0,0.0,0.0,14.85,8.8,0,0.0,0,0,18-APR-2022,
OPTSTK,BANDHANBNK,30-Jun-2022,270.0,PE,0.0,0.0,0.0,16.55,10.1,0,0.0,0,0,18-APR-2022,
OPTSTK,BANDHANBNK,30-Jun-2022,275.0,PE,0.0,0.0,0.0,18.45,11.5,0,0.0,0,0,18-APR-2022,
OPTSTK,BANDHANBNK,30-Jun-2022,280.0,PE,0.0,0.0,0.0,20.45,13.0,0,0.0,0,0,18-APR-2022,
OPTSTK,BANDHANBNK,30-Jun-2022,285.0,PE,0.0,0.0,0.0,22.55,14.65,0,0.0,0,0,18-APR-2022,
OPTSTK,BANDHANBNK,30-Jun-2022,290.0,PE,0.0,0.0,0.0,24.75,16.45,0,0.0,0,0,18-APR-2022,
OPTSTK,BANDHANBNK,30-Jun-2022,295.0,PE,0.0,0.0,0.0,27.1,18.35,0,0.0,0,0,18-APR-2022,
OPTSTK,BANDHANBNK,30-Jun-2022,300.0,PE,0.0,0.0,0.0,29.55,20.4,0,0.0,0,0,18-APR-2022,
OPTSTK,BANDHANBNK,30-Jun-2022,305.0,PE,0.0,0.0,0.0,32.15,22.55,0,0.0,0,0,18-APR-2022,
OPTSTK,BANDHANBNK,30-Jun-2022,310.0,PE,0.0,0.0,0.0,34.85,24.85,0,0.0,0,0,18-APR-2022,
OPTSTK,BANDHANBNK,30-Jun-2022,315.0,PE,0.0,0.0,0.0,37.6,27.3,0,0.0,0,0,18-APR-2022,
OPTSTK,BANDHANBNK,30-Jun-2022,320.0,PE,0.0,0.0,0.0,40.55,29.8,0,0.0,0,0,18-APR-2022,
OPTSTK,BANDHANBNK,30-Jun-2022,325.0,PE,0.0,0.0,0.0,43.55,32.5,0,0.0,0,0,18-APR-2022,
OPTSTK,BANDHANBNK,30-Jun-2022,330.0,PE,0.0,0.0,0.0,46.65,35.25,0,0.0,0,0,18-APR-2022,
OPTSTK,BANDHANBNK,30-Jun-2022,335.0,PE,0.0,0.0,0.0,49.85,38.15,0,0.0,0,0,18-APR-2022,
OPTSTK,BANDHANBNK,30-Jun-2022,340.0,PE,0.0,0.0,0.0,53.15,41.15,0,0.0,0,0,18-APR-2022,
OPTSTK,BANDHANBNK,30-Jun-2022,345.0,PE,0.0,0.0,0.0,56.55,44.3,0,0.0,0,0,18-APR-2022,
OPTSTK,BANDHANBNK,30-Jun-2022,350.0,PE,0.0,0.0,0.0,60.0,47.5,0,0.0,0,0,18-APR-2022,
OPTSTK,BANDHANBNK,30-Jun-2022,355.0,PE,0.0,0.0,0.0,63.6,50.85,0,0.0,0,0,18-APR-2022,
OPTSTK,BANDHANBNK,30-Jun-2022,360.0,PE,0.0,0.0,0.0,67.2,54.25,0,0.0,0,0,18-APR-2022,
OPTSTK,BANDHANBNK,30-Jun-2022,365.0,PE,0.0,0.0,0.0,70.95,57.8,0,0.0,0,0,18-APR-2022,
OPTSTK,BANDHANBNK,30-Jun-2022,370.0,PE,0.0,0.0,0.0,74.75,61.4,0,0.0,0,0,18-APR-2022,
OPTSTK,BANDHANBNK,30-Jun-2022,375.0,PE,0.0,0.0,0.0,78.6,65.1,0,0.0,0,0,18-APR-2022,
OPTSTK,BANDHANBNK,30-Jun-2022,380.0,PE,0.0,0.0,0.0,82.55,68.9,0,0.0,0,0,18-APR-2022,
OPTSTK,BANDHANBNK,30-Jun-2022,385.0,PE,0.0,0.0,0.0,86.55,72.75,0,0.0,0,0,18-APR-2022,
OPTSTK,BANDHANBNK,30-Jun-2022,390.0,PE,0.0,0.0,0.0,90.6,76.7,0,0.0,0,0,18-APR-2022,
OPTSTK,BANDHANBNK,30-Jun-2022,395.0,PE,0.0,0.0,0.0,94.7,80.7,0,0.0,0,0,18-APR-2022,
OPTSTK,BANKBARODA,28-Apr-2022,68.0,CE,0.0,0.0,0.0,36.75,46.0,0,0.0,0,0,18-APR-2022,
OPTSTK,BANKBARODA,28-Apr-2022,69.0,CE,0.0,0.0,0.0,35.8,45.0,0,0.0,0,0,18-APR-2022,
OPTSTK,BANKBARODA,28-Apr-2022,70.0,CE,0.0,0.0,0.0,37.6,44.0,0,0.0,11700,0,18-APR-2022,
OPTSTK,BANKBARODA,28-Apr-2022,71.0,CE,0.0,0.0,0.0,34.0,43.0,0,0.0,0,0,18-APR-2022,
OPTSTK,BANKBARODA,28-Apr-2022,72.0,CE,0.0,0.0,0.0,33.1,42.0,0,0.0,0,0,18-APR-2022,
OPTSTK,BANKBARODA,28-Apr-2022,72.5,CE,0.0,0.0,0.0,39.35,41.5,0,0.0,0,0,18-APR-2022,
OPTSTK,BANKBARODA,28-Apr-2022,73.0,CE,0.0,0.0,0.0,32.25,41.0,0,0.0,0,0,18-APR-2022,
OPTSTK,BANKBARODA,28-Apr-2022,74.0,CE,0.0,0.0,0.0,31.35,40.0,0,0.0,0,0,18-APR-2022,
OPTSTK,BANKBARODA,28-Apr-2022,75.0,CE,0.0,0.0,0.0,30.5,39.0,0,0.0,0,0,18-APR-2022,
OPTSTK,BANKBARODA,28-Apr-2022,76.0,CE,0.0,0.0,0.0,29.65,38.0,0,0.0,0,0,18-APR-2022,
OPTSTK,BANKBARODA,28-Apr-2022,77.0,CE,0.0,0.0,0.0,28.8,37.0,0,0.0,0,0,18-APR-2022,
OPTSTK,BANKBARODA,28-Apr-2022,77.5,CE,0.0,0.0,0.0,34.4,36.5,0,0.0,0,0,18-APR-2022,
OPTSTK,BANKBARODA,28-Apr-2022,78.0,CE,0.0,0.0,0.0,28.0,36.0,0,0.0,0,0,18-APR-2022,
OPTSTK,BANKBARODA,28-Apr-2022,79.0,CE,0.0,0.0,0.0,27.15,35.0,0,0.0,0,0,18-APR-2022,
OPTSTK,BANKBARODA,28-Apr-2022,80.0,CE,0.0,0.0,0.0,26.35,34.0,0,0.0,0,0,18-APR-2022,
OPTSTK,BANKBARODA,28-Apr-2022,81.0,CE,0.0,0.0,0.0,25.55,33.0,0,0.0,0,0,18-APR-2022,
OPTSTK,BANKBARODA,28-Apr-2022,82.0,CE,0.0,0.0,0.0,24.8,32.0,0,0.0,0,0,18-APR-2022,
OPTSTK,BANKBARODA,28-Apr-2022,82.5,CE,0.0,0.0,0.0,29.5,31.5,0,0.0,0,0,18-APR-2022,
OPTSTK,BANKBARODA,28-Apr-2022,83.0,CE,0.0,0.0,0.0,24.0,31.0,0,0.0,0,0,18-APR-2022,
OPTSTK,BANKBARODA,28-Apr-2022,84.0,CE,0.0,0.0,0.0,23.25,30.0,0,0.0,0,0,18-APR-2022,
OPTSTK,BANKBARODA,28-Apr-2022,85.0,CE,0.0,0.0,0.0,22.55,29.0,0,0.0,0,0,18-APR-2022,
OPTSTK,BANKBARODA,28-Apr-2022,86.0,CE,0.0,0.0,0.0,21.8,28.0,0,0.0,0,0,18-APR-2022,
OPTSTK,BANKBARODA,28-Apr-2022,87.0,CE,0.0,0.0,0.0,21.1,27.0,0,0.0,0,0,18-APR-2022,
OPTSTK,BANKBARODA,28-Apr-2022,87.5,CE,0.0,0.0,0.0,24.75,26.5,0,0.0,0,0,18-APR-2022,
OPTSTK,BANKBARODA,28-Apr-2022,88.0,CE,0.0,0.0,0.0,20.4,26.0,0,0.0,0,0,18-APR-2022,
OPTSTK,BANKBARODA,28-Apr-2022,89.0,CE,0.0,0.0,0.0,19.7,25.05,0,0.0,0,0,18-APR-2022,
OPTSTK,BANKBARODA,28-Apr-2022,90.0,CE,25.6,25.6,24.5,24.8,24.05,3,40.35,81900,0,18-APR-2022,
OPTSTK,BANKBARODA,28-Apr-2022,91.0,CE,0.0,0.0,0.0,18.4,23.05,0,0.0,0,0,18-APR-2022,
OPTSTK,BANKBARODA,28-Apr-2022,92.0,CE,0.0,0.0,0.0,17.75,22.05,0,0.0,0,0,18-APR-2022,
OPTSTK,BANKBARODA,28-Apr-2022,92.5,CE,0.0,0.0,0.0,20.2,21.55,0,0.0,0,0,18-APR-2022,
OPTSTK,BANKBARODA,28-Apr-2022,93.0,CE,0.0,0.0,0.0,17.15,21.05,0,0.0,0,0,18-APR-2022,
OPTSTK,BANKBARODA,28-Apr-2022,94.0,CE,0.0,0.0,0.0,16.55,20.1,0,0.0,0,0,18-APR-2022,
OPTSTK,BANKBARODA,28-Apr-2022,95.0,CE,0.0,0.0,0.0,20.75,19.1,0,0.0,11700,0,18-APR-2022,
OPTSTK,BANKBARODA,28-Apr-2022,96.0,CE,0.0,0.0,0.0,15.35,18.15,0,0.0,0,0,18-APR-2022,
OPTSTK,BANKBARODA,28-Apr-2022,97.0,CE,0.0,0.0,0.0,14.8,17.15,0,0.0,0,0,18-APR-2022,
OPTSTK,BANKBARODA,28-Apr-2022,97.5,CE,0.0,0.0,0.0,16.0,16.7,0,0.0,0,0,18-APR-2022,
OPTSTK,BANKBARODA,28-Apr-2022,98.0,CE,0.0,0.0,0.0,25.3,16.2,0,0.0,23400,0,18-APR-2022,
OPTSTK,BANKBARODA,28-Apr-2022,99.0,CE,0.0,0.0,0.0,13.75,15.25,0,0.0,0,0,18-APR-2022,
OPTSTK,BANKBARODA,28-Apr-2022,100.0,CE,17.3,17.3,14.6,15.3,14.35,21,283.41,596700,-128700,18-APR-2022,
OPTSTK,BANKBARODA,28-Apr-2022,101.0,CE,0.0,0.0,0.0,12.7,13.45,0,0.0,0,0,18-APR-2022,
OPTSTK,BANKBARODA,28-Apr-2022,102.0,CE,0.0,0.0,0.0,18.0,12.55,0,0.0,11700,0,18-APR-2022,
OPTSTK,BANKBARODA,28-Apr-2022,102.5,CE,0.0,0.0,0.0,12.25,12.1,0,0.0,0,0,18-APR-2022,
OPTSTK,BANKBARODA,28-Apr-2022,103.0,CE,0.0,0.0,0.0,11.75,11.65,0,0.0,0,0,18-APR-2022,
OPTSTK,BANKBARODA,28-Apr-2022,104.0,CE,0.0,0.0,0.0,11.3,10.8,0,0.0,0,0,18-APR-2022,
OPTSTK,BANKBARODA,28-Apr-2022,105.0,CE,12.75,12.9,10.0,10.0,10.0,9,122.55,397800,-35100,18-APR-2022,
OPTSTK,BANKBARODA,28-Apr-2022,106.0,CE,0.0,0.0,0.0,12.15,9.2,0,0.0,93600,0,18-APR-2022,
OPTSTK,BANKBARODA,28-Apr-2022,107.0,CE,5.3,5.3,5.3,5.3,5.3,1,13.13,128700,0,18-APR-2022,
OPTSTK,BANKBARODA,28-Apr-2022,107.5,CE,0.0,0.0,0.0,9.1,8.05,0,0.0,0,0,18-APR-2022,
OPTSTK,BANKBARODA,28-Apr-2022,108.0,CE,8.0,8.0,7.0,7.0,7.0,3,40.58,23400,0,18-APR-2022,
OPTSTK,BANKBARODA,28-Apr-2022,109.0,CE,6.8,6.8,6.8,6.8,7.0,1,13.54,187200,11700,18-APR-2022,
OPTSTK,BANKBARODA,28-Apr-2022,110.0,CE,8.35,8.5,5.8,6.05,6.05,234,3192.88,1942200,-81900,18-APR-2022,
OPTSTK,BANKBARODA,28-Apr-2022,111.0,CE,5.9,6.1,5.0,5.0,5.0,12,163.98,175500,-11700,18-APR-2022,
OPTSTK,BANKBARODA,28-Apr-2022,112.0,CE,6.0,6.0,4.55,4.7,4.7,24,328.43,292500,-70200,18-APR-2022,
OPTSTK,BANKBARODA,28-Apr-2022,112.5,CE,0.0,0.0,0.0,6.5,4.9,0,0.0,0,0,18-APR-2022,
OPTSTK,BANKBARODA,28-Apr-2022,113.0,CE,5.75,5.8,3.9,4.1,4.1,67,919.38,386100,11700,18-APR-2022,
OPTSTK,BANKBARODA,28-Apr-2022,114.0,CE,5.35,5.5,3.4,3.6,3.6,222,3060.72,503100,315900,18-APR-2022,
OPTSTK,BANKBARODA,28-Apr-2022,115.0,CE,5.6,5.6,2.95,3.15,3.15,1174,16298.7,4902300,1591200,18-APR-2022,
OPTSTK,BANKBARODA,28-Apr-2022,116.0,CE,4.3,4.35,2.55,2.75,2.75,310,4333.66,994500,596700,18-APR-2022,
OPTSTK,BANKBARODA,28-Apr-2022,117.0,CE,4.05,4.1,2.2,2.35,2.35,398,5589.49,1404000,631800,18-APR-2022,
OPTSTK,BANKBARODA,28-Apr-2022,117.5,CE,3.2,3.2,2.05,2.2,2.2,53,744.06,409500,222300,18-APR-2022,
OPTSTK,BANKBARODA,28-Apr-2022,118.0,CE,3.7,3.7,1.9,2.05,2.05,322,4546.25,1064700,514800,18-APR-2022,
OPTSTK,BANKBARODA,28-Apr-2022,119.0,CE,3.25,3.25,1.65,1.8,1.8,222,3147.53,1029600,503100,18-APR-2022,
OPTSTK,BANKBARODA,28-Apr-2022,120.0,CE,2.7,2.95,1.45,1.55,1.55,1961,27984.98,12764700,1883700,18-APR-2022,
OPTSTK,BANKBARODA,28-Apr-2022,121.0,CE,2.6,2.6,1.25,1.35,1.35,178,2557.19,1263600,58500,18-APR-2022,
OPTSTK,BANKBARODA,28-Apr-2022,122.0,CE,2.2,2.2,1.1,1.15,1.15,278,4017.0,2035800,491400,18-APR-2022,
OPTSTK,BANKBARODA,28-Apr-2022,122.5,CE,1.5,1.8,1.0,1.05,1.05,102,1477.63,760500,70200,18-APR-2022,
OPTSTK,BANKBARODA,28-Apr-2022,123.0,CE,2.0,2.0,0.95,1.0,1.0,151,2195.58,1146600,163800,18-APR-2022,
OPTSTK,BANKBARODA,28-Apr-2022,124.0,CE,1.7,1.7,0.85,0.9,0.9,142,2078.0,795600,257400,18-APR-2022,
OPTSTK,BANKBARODA,28-Apr-2022,125.0,CE,1.55,1.65,0.75,0.8,0.8,1305,19236.92,9126000,503100,18-APR-2022,
OPTSTK,BANKBARODA,28-Apr-2022,126.0,CE,1.1,1.1,0.65,0.7,0.75,30,445.32,327600,-46800,18-APR-2022,
OPTSTK,BANKBARODA,28-Apr-2022,127.0,CE,0.95,0.95,0.55,0.6,0.6,56,836.67,678600,-117000,18-APR-2022,
OPTSTK,BANKBARODA,28-Apr-2022,127.5,CE,0.75,0.75,0.55,0.55,0.55,21,314.77,128700,23400,18-APR-2022,
OPTSTK,BANKBARODA,28-Apr-2022,128.0,CE,0.8,0.9,0.5,0.5,0.5,84,1264.41,1181700,-70200,18-APR-2022,
OPTSTK,BANKBARODA,28-Apr-2022,129.0,CE,0.7,0.7,0.45,0.5,0.45,23,348.56,198900,35100,18-APR-2022,
OPTSTK,BANKBARODA,28-Apr-2022,130.0,CE,0.8,0.85,0.4,0.45,0.45,1016,15519.35,8599500,631800,18-APR-2022,
OPTSTK,BANKBARODA,28-Apr-2022,131.0,CE,0.45,0.45,0.35,0.4,0.3,9,138.37,93600,23400,18-APR-2022,
OPTSTK,BANKBARODA,28-Apr-2022,132.0,CE,0.4,0.55,0.3,0.4,0.25,71,1099.77,304200,58500,18-APR-2022,
OPTSTK,BANKBARODA,28-Apr-2022,132.5,CE,0.45,0.45,0.3,0.3,0.25,29,450.81,280800,58500,18-APR-2022,
OPTSTK,BANKBARODA,28-Apr-2022,133.0,CE,0.35,0.35,0.3,0.3,0.3,4,62.39,70200,-35100,18-APR-2022,
OPTSTK,BANKBARODA,28-Apr-2022,134.0,CE,0.3,0.3,0.25,0.25,0.25,17,267.09,105300,23400,18-APR-2022,
OPTSTK,BANKBARODA,28-Apr-2022,135.0,CE,0.4,0.4,0.2,0.3,0.3,331,5238.37,3357900,-93600,18-APR-2022,
OPTSTK,BANKBARODA,28-Apr-2022,136.0,CE,0.25,0.25,0.2,0.2,0.2,12,191.24,900900,-35100,18-APR-2022,
OPTSTK,BANKBARODA,28-Apr-2022,137.5,CE,0.2,0.2,0.15,0.2,0.2,41,660.51,795600,46800,18-APR-2022,
OPTSTK,BANKBARODA,28-Apr-2022,140.0,CE,0.2,0.2,0.1,0.2,0.2,88,1442.92,1251900,93600,18-APR-2022,
OPTSTK,BANKBARODA,28-Apr-2022,142.5,CE,0.1,0.1,0.05,0.1,0.1,46,767.4,596700,-23400,18-APR-2022,
OPTSTK,BANKBARODA,28-Apr-2022,68.0,PE,0.0,0.0,0.0,0.2,0.0,0,0.0,11700,0,18-APR-2022,
OPTSTK,BANKBARODA,28-Apr-2022,69.0,PE,0.0,0.0,0.0,0.1,0.0,0,0.0,0,0,18-APR-2022,
OPTSTK,BANKBARODA,28-Apr-2022,70.0,PE,0.0,0.0,0.0,0.7,0.0,0,0.0,0,0,18-APR-2022,
OPTSTK,BANKBARODA,28-Apr-2022,71.0,PE,0.0,0.0,0.0,0.75,0.0,0,0.0,0,0,18-APR-2022,
OPTSTK,BANKBARODA,28-Apr-2022,72.0,PE,0.0,0.0,0.0,0.85,0.0,0,0.0,0,0,18-APR-2022,
OPTSTK,BANKBARODA,28-Apr-2022,72.5,PE,0.0,0.0,0.0,0.05,0.0,0,0.0,0,0,18-APR-2022,
OPTSTK,BANKBARODA,28-Apr-2022,73.0,PE,0.0,0.0,0.0,1.0,0.0,0,0.0,0,0,18-APR-2022,
OPTSTK,BANKBARODA,28-Apr-2022,74.0,PE,0.0,0.0,0.0,1.1,0.0,0,0.0,0,0,18-APR-2022,
OPTSTK,BANKBARODA,28-Apr-2022,75.0,PE,0.0,0.0,0.0,1.2,0.0,0,0.0,0,0,18-APR-2022,
OPTSTK,BANKBARODA,28-Apr-2022,76.0,PE,0.0,0.0,0.0,1.35,0.0,0,0.0,0,0,18-APR-2022,
OPTSTK,BANKBARODA,28-Apr-2022,77.0,PE,0.0,0.0,0.0,0.1,0.0,0,0.0,11700,0,18-APR-2022,
OPTSTK,BANKBARODA,28-Apr-2022,77.5,PE,0.0,0.0,0.0,0.05,0.0,0,0.0,0,0,18-APR-2022,
OPTSTK,BANKBARODA,28-Apr-2022,78.0,PE,0.0,0.0,0.0,1.65,0.0,0,0.0,0,0,18-APR-2022,
OPTSTK,BANKBARODA,28-Apr-2022,79.0,PE,0.0,0.0,0.0,0.05,0.0,0,0.0,11700,0,18-APR-2022,
OPTSTK,BANKBARODA,28-Apr-2022,80.0,PE,0.0,0.0,0.0,0.05,0.0,0,0.0,93600,0,18-APR-2022,
OPTSTK,BANKBARODA,28-Apr-2022,81.0,PE,0.0,0.0,0.0,2.25,0.0,0,0.0,0,0,18-APR-2022,
OPTSTK,BANKBARODA,28-Apr-2022,82.0,PE,0.0,0.0,0.0,2.45,0.0,0,0.0,0,0,18-APR-2022,
OPTSTK,BANKBARODA,28-Apr-2022,82.5,PE,0.0,0.0,0.0,0.15,0.0,0,0.0,0,0,18-APR-2022,
OPTSTK,BANKBARODA,28-Apr-2022,83.0,PE,0.0,0.0,0.0,2.65,0.0,0,0.0,0,0,18-APR-2022,
OPTSTK,BANKBARODA,28-Apr-2022,84.0,PE,0.0,0.0,0.0,2.9,0.0,0,0.0,0,0,18-APR-2022,
OPTSTK,BANKBARODA,28-Apr-2022,85.0,PE,0.0,0.0,0.0,0.05,0.0,0,0.0,81900,0,18-APR-2022,
OPTSTK,BANKBARODA,28-Apr-2022,86.0,PE,0.0,0.0,0.0,3.4,0.0,0,0.0,0,0,18-APR-2022,
OPTSTK,BANKBARODA,28-Apr-2022,87.0,PE,0.0,0.0,0.0,0.1,0.0,0,0.0,11700,0,18-APR-2022,
OPTSTK,BANKBARODA,28-Apr-2022,87.5,PE,0.0,0.0,0.0,0.35,0.0,0,0.0,0,0,18-APR-2022,
OPTSTK,BANKBARODA,28-Apr-2022,88.0,PE,0.0,0.0,0.0,0.15,0.05,0,0.0,0,0,18-APR-2022,
OPTSTK,BANKBARODA,28-Apr-2022,89.0,PE,0.0,0.0,0.0,0.1,0.05,0,0.0,11700,0,18-APR-2022,
OPTSTK,BANKBARODA,28-Apr-2022,90.0,PE,0.15,0.15,0.05,0.15,0.15,10,105.42,1333800,-23400,18-APR-2022,
OPTSTK,BANKBARODA,28-Apr-2022,91.0,PE,0.2,0.2,0.05,0.05,0.05,2,21.32,11700,0,18-APR-2022,
OPTSTK,BANKBARODA,28-Apr-2022,92.0,PE,0.0,0.0,0.0,0.85,0.05,0,0.0,70200,0,18-APR-2022,
OPTSTK,BANKBARODA,28-Apr-2022,92.5,PE,0.0,0.0,0.0,0.8,0.05,0,0.0,0,0,18-APR-2022,
OPTSTK,BANKBARODA,28-Apr-2022,93.0,PE,0.2,0.2,0.2,0.2,0.05,1,10.9,666900,0,18-APR-2022,
OPTSTK,BANKBARODA,28-Apr-2022,94.0,PE,0.0,0.0,0.0,0.25,0.05,0,0.0,23400,0,18-APR-2022,
OPTSTK,BANKBARODA,28-Apr-2022,95.0,PE,0.15,0.2,0.15,0.2,0.2,102,1135.73,1170000,-198900,18-APR-2022,
OPTSTK,BANKBARODA,28-Apr-2022,96.0,PE,0.3,0.3,0.1,0.2,0.1,3,33.76,81900,23400,18-APR-2022,
OPTSTK,BANKBARODA,28-Apr-2022,97.0,PE,0.0,0.0,0.0,0.35,0.15,0,0.0,23400,0,18-APR-2022,
OPTSTK,BANKBARODA,28-Apr-2022,97.5,PE,0.0,0.0,0.0,0.3,0.2,0,0.0,35100,0,18-APR-2022,
OPTSTK,BANKBARODA,28-Apr-2022,98.0,PE,0.25,0.25,0.25,0.25,0.2,11,126.44,234000,-35100,18-APR-2022,
OPTSTK,BANKBARODA,28-Apr-2022,99.0,PE,0.0,0.0,0.0,8.2,0.25,0,0.0,0,0,18-APR-2022,
OPTSTK,BANKBARODA,28-Apr-2022,100.0,PE,0.35,0.4,0.3,0.35,0.35,402,4720.13,4083300,93600,18-APR-2022,
OPTSTK,BANKBARODA,28-Apr-2022,101.0,PE,0.0,0.0,0.0,0.6,0.4,0,0.0,58500,0,18-APR-2022,
OPTSTK,BANKBARODA,28-Apr-2022,102.0,PE,0.5,0.5,0.4,0.4,0.5,33,395.66,351000,-105300,18-APR-2022,
OPTSTK,BANKBARODA,28-Apr-2022,102.5,PE,0.0,0.0,0.0,2.85,0.6,0,0.0,0,0,18-APR-2022,
OPTSTK,BANKBARODA,28-Apr-2022,103.0,PE,0.55,0.55,0.55,0.55,0.65,2,24.23,280800,11700,18-APR-2022,
OPTSTK,BANKBARODA,28-Apr-2022,104.0,PE,0.6,0.7,0.6,0.65,0.65,7,85.72,140400,-11700,18-APR-2022,
OPTSTK,BANKBARODA,28-Apr-2022,105.0,PE,0.65,0.9,0.65,0.75,0.75,295,3649.89,3346200,-269100,18-APR-2022,
OPTSTK,BANKBARODA,28-Apr-2022,106.0,PE,0.85,0.85,0.75,0.8,0.8,10,124.97,421200,-11700,18-APR-2022,
OPTSTK,BANKBARODA,28-Apr-2022,107.0,PE,1.1,1.1,0.5,0.95,0.95,10,126.32,210600,-23400,18-APR-2022,
OPTSTK,BANKBARODA,28-Apr-2022,107.5,PE,3.4,3.4,1.25,1.25,1.55,2,25.69,175500,0,18-APR-2022,
OPTSTK,BANKBARODA,28-Apr-2022,108.0,PE,1.05,1.55,1.0,1.25,1.25,62,792.63,643500,-140400,18-APR-2022,
OPTSTK,BANKBARODA,28-Apr-2022,109.0,PE,0.65,1.7,0.65,1.5,1.5,124,1602.86,643500,-140400,18-APR-2022,
OPTSTK,BANKBARODA,28-Apr-2022,110.0,PE,1.1,2.1,1.05,1.7,1.7,685,8945.04,5522400,-304200,18-APR-2022,
OPTSTK,BANKBARODA,28-Apr-2022,111.0,PE,1.65,2.3,1.65,2.05,2.05,51,674.45,573300,-11700,18-APR-2022,
OPTSTK,BANKBARODA,28-Apr-2022,112.0,PE,1.85,2.65,1.7,2.4,2.4,91,1216.54,1170000,163800,18-APR-2022,
OPTSTK,BANKBARODA,28-Apr-2022,112.5,PE,2.5,3.05,2.25,2.55,2.55,37,498.23,397800,128700,18-APR-2022,
OPTSTK,BANKBARODA,28-Apr-2022,113.0,PE,2.0,3.2,2.0,2.85,2.85,178,2410.0,620100,46800,18-APR-2022,
OPTSTK,BANKBARODA,28-Apr-2022,114.0,PE,2.4,3.65,2.35,3.35,3.35,232,3177.8,854100,105300,18-APR-2022,
OPTSTK,BANKBARODA,28-Apr-2022,115.0,PE,2.6,4.2,2.5,3.75,3.75,657,9098.05,3533400,-620100,18-APR-2022,
OPTSTK,BANKBARODA,28-Apr-2022,116.0,PE,3.4,4.85,3.1,4.4,4.4,242,3391.7,819000,-152100,18-APR-2022,
OPTSTK,BANKBARODA,28-Apr-2022,117.0,PE,3.4,5.4,3.4,4.9,4.9,193,2734.83,631800,-70200,18-APR-2022,
OPTSTK,BANKBARODA,28-Apr-2022,117.5,PE,4.05,5.75,3.75,5.05,5.05,60,856.51,222300,11700,18-APR-2022,
OPTSTK,BANKBARODA,28-Apr-2022,118.0,PE,3.95,6.05,3.95,5.6,5.6,118,1694.76,432900,-70200,18-APR-2022,
OPTSTK,BANKBARODA,28-Apr-2022,119.0,PE,4.65,6.9,4.65,6.4,6.4,53,772.18,397800,-11700,18-APR-2022,
OPTSTK,BANKBARODA,28-Apr-2022,120.0,PE,4.5,7.6,4.5,7.05,7.05,240,3542.34,2457000,-444600,18-APR-2022,
OPTSTK,BANKBARODA,28-Apr-2022,121.0,PE,6.3,8.3,6.0,7.6,7.6,38,568.19,444600,-140400,18-APR-2022,
OPTSTK,BANKBARODA,28-Apr-2022,122.0,PE,7.65,9.05,7.65,9.05,9.35,3,45.75,280800,-23400,18-APR-2022,
OPTSTK,BANKBARODA,28-Apr-2022,122.5,PE,8.1,9.7,8.0,9.15,9.15,18,276.97,292500,-117000,18-APR-2022,
OPTSTK,BANKBARODA,28-Apr-2022,123.0,PE,7.25,10.0,7.2,9.65,9.65,11,169.2,210600,0,18-APR-2022,
OPTSTK,BANKBARODA,28-Apr-2022,124.0,PE,8.05,10.9,8.05,10.9,11.0,3,46.73,93600,0,18-APR-2022,
OPTSTK,BANKBARODA,28-Apr-2022,125.0,PE,9.4,11.8,9.4,11.8,11.8,9,142.87,444600,-35100,18-APR-2022,
OPTSTK,BANKBARODA,28-Apr-2022,126.0,PE,0.0,0.0,0.0,25.55,12.7,0,0.0,0,0,18-APR-2022,
OPTSTK,BANKBARODA,28-Apr-2022,127.0,PE,0.0,0.0,0.0,26.35,13.6,0,0.0,0,0,18-APR-2022,
OPTSTK,BANKBARODA,28-Apr-2022,127.5,PE,0.0,0.0,0.0,17.5,14.05,0,0.0,0,0,18-APR-2022,
OPTSTK,BANKBARODA,28-Apr-2022,128.0,PE,0.0,0.0,0.0,27.15,14.5,0,0.0,0,0,18-APR-2022,
OPTSTK,BANKBARODA,28-Apr-2022,129.0,PE,0.0,0.0,0.0,27.95,15.4,0,0.0,0,0,18-APR-2022,
OPTSTK,BANKBARODA,28-Apr-2022,130.0,PE,13.95,15.65,13.95,15.65,16.3,3,50.74,105300,-23400,18-APR-2022,
OPTSTK,BANKBARODA,28-Apr-2022,131.0,PE,0.0,0.0,0.0,29.6,17.25,0,0.0,0,0,18-APR-2022,
OPTSTK,BANKBARODA,28-Apr-2022,132.0,PE,0.0,0.0,0.0,30.45,18.2,0,0.0,0,0,18-APR-2022,
OPTSTK,BANKBARODA,28-Apr-2022,132.5,PE,0.0,0.0,0.0,21.75,18.7,0,0.0,0,0,18-APR-2022,
OPTSTK,BANKBARODA,28-Apr-2022,133.0,PE,0.0,0.0,0.0,31.3,19.15,0,0.0,0,0,18-APR-2022,
OPTSTK,BANKBARODA,28-Apr-2022,134.0,PE,0.0,0.0,0.0,32.1,20.15,0,0.0,0,0,18-APR-2022,
OPTSTK,BANKBARODA,28-Apr-2022,135.0,PE,0.0,0.0,0.0,32.95,21.1,0,0.0,0,0,18-APR-2022,
OPTSTK,BANKBARODA,28-Apr-2022,136.0,PE,0.0,0.0,0.0,33.8,22.05,0,0.0,0,0,18-APR-2022,
OPTSTK,BANKBARODA,28-Apr-2022,137.5,PE,0.0,0.0,0.0,26.25,23.55,0,0.0,0,0,18-APR-2022,
OPTSTK,BANKBARODA,28-Apr-2022,140.0,PE,0.0,0.0,0.0,37.3,26.0,0,0.0,0,0,18-APR-2022,
OPTSTK,BANKBARODA,28-Apr-2022,142.5,PE,0.0,0.0,0.0,30.95,28.5,0,0.0,0,0,18-APR-2022,
OPTSTK,BANKBARODA,26-May-2022,68.0,CE,0.0,0.0,0.0,33.9,46.25,0,0.0,0,0,18-APR-2022,
OPTSTK,BANKBARODA,26-May-2022,69.0,CE,0.0,0.0,0.0,33.0,45.25,0,0.0,0,0,18-APR-2022,
OPTSTK,BANKBARODA,26-May-2022,70.0,CE,0.0,0.0,0.0,32.1,44.25,0,0.0,0,0,18-APR-2022,
OPTSTK,BANKBARODA,26-May-2022,71.0,CE,0.0,0.0,0.0,31.25,43.25,0,0.0,0,0,18-APR-2022,
OPTSTK,BANKBARODA,26-May-2022,72.0,CE,0.0,0.0,0.0,30.35,42.25,0,0.0,0,0,18-APR-2022,
OPTSTK,BANKBARODA,26-May-2022,72.5,CE,0.0,0.0,0.0,39.75,41.75,0,0.0,0,0,18-APR-2022,
OPTSTK,BANKBARODA,26-May-2022,73.0,CE,0.0,0.0,0.0,29.5,41.25,0,0.0,0,0,18-APR-2022,
OPTSTK,BANKBARODA,26-May-2022,74.0,CE,0.0,0.0,0.0,28.65,40.3,0,0.0,0,0,18-APR-2022,
OPTSTK,BANKBARODA,26-May-2022,75.0,CE,0.0,0.0,0.0,27.85,39.3,0,0.0,0,0,18-APR-2022,
OPTSTK,BANKBARODA,26-May-2022,76.0,CE,0.0,0.0,0.0,27.0,38.3,0,0.0,0,0,18-APR-2022,
OPTSTK,BANKBARODA,26-May-2022,77.0,CE,0.0,0.0,0.0,26.2,37.35,0,0.0,0,0,18-APR-2022,
OPTSTK,BANKBARODA,26-May-2022,77.5,CE,0.0,0.0,0.0,34.95,36.85,0,0.0,0,0,18-APR-2022,
OPTSTK,BANKBARODA,26-May-2022,78.0,CE,0.0,0.0,0.0,25.4,36.35,0,0.0,0,0,18-APR-2022,
OPTSTK,BANKBARODA,26-May-2022,79.0,CE,0.0,0.0,0.0,24.6,35.35,0,0.0,0,0,18-APR-2022,
OPTSTK,BANKBARODA,26-May-2022,80.0,CE,0.0,0.0,0.0,23.85,34.4,0,0.0,0,0,18-APR-2022,
OPTSTK,BANKBARODA,26-May-2022,81.0,CE,0.0,0.0,0.0,23.1,33.45,0,0.0,0,0,18-APR-2022,
OPTSTK,BANKBARODA,26-May-2022,82.0,CE,0.0,0.0,0.0,22.35,32.45,0,0.0,0,0,18-APR-2022,
OPTSTK,BANKBARODA,26-May-2022,82.5,CE,0.0,0.0,0.0,30.35,32.0,0,0.0,0,0,18-APR-2022,
OPTSTK,BANKBARODA,26-May-2022,83.0,CE,0.0,0.0,0.0,21.6,31.5,0,0.0,0,0,18-APR-2022,
OPTSTK,BANKBARODA,26-May-2022,84.0,CE,0.0,0.0,0.0,20.9,30.55,0,0.0,0,0,18-APR-2022,
OPTSTK,BANKBARODA,26-May-2022,85.0,CE,0.0,0.0,0.0,20.2,29.6,0,0.0,0,0,18-APR-2022,
OPTSTK,BANKBARODA,26-May-2022,86.0,CE,0.0,0.0,0.0,19.5,28.65,0,0.0,0,0,18-APR-2022,
OPTSTK,BANKBARODA,26-May-2022,87.0,CE,0.0,0.0,0.0,18.85,27.75,0,0.0,0,0,18-APR-2022,
OPTSTK,BANKBARODA,26-May-2022,87.5,CE,0.0,0.0,0.0,25.95,27.3,0,0.0,0,0,18-APR-2022,
OPTSTK,BANKBARODA,26-May-2022,88.0,CE,0.0,0.0,0.0,18.2,26.8,0,0.0,0,0,18-APR-2022,
OPTSTK,BANKBARODA,26-May-2022,89.0,CE,0.0,0.0,0.0,17.55,25.9,0,0.0,0,0,18-APR-2022,
OPTSTK,BANKBARODA,26-May-2022,90.0,CE,0.0,0.0,0.0,16.9,25.0,0,0.0,0,0,18-APR-2022,
OPTSTK,BANKBARODA,26-May-2022,91.0,CE,0.0,0.0,0.0,16.3,24.1,0,0.0,0,0,18-APR-2022,
OPTSTK,BANKBARODA,26-May-2022,92.0,CE,0.0,0.0,0.0,15.7,23.25,0,0.0,0,0,18-APR-2022,
OPTSTK,BANKBARODA,26-May-2022,92.5,CE,0.0,0.0,0.0,21.9,22.8,0,0.0,0,0,18-APR-2022,
OPTSTK,BANKBARODA,26-May-2022,93.0,CE,0.0,0.0,0.0,15.15,22.35,0,0.0,0,0,18-APR-2022,
OPTSTK,BANKBARODA,26-May-2022,94.0,CE,0.0,0.0,0.0,14.55,21.5,0,0.0,0,0,18-APR-2022,
OPTSTK,BANKBARODA,26-May-2022,95.0,CE,0.0,0.0,0.0,14.0,20.7,0,0.0,0,0,18-APR-2022,
OPTSTK,BANKBARODA,26-May-2022,96.0,CE,0.0,0.0,0.0,13.5,19.85,0,0.0,0,0,18-APR-2022,
OPTSTK,BANKBARODA,26-May-2022,97.0,CE,0.0,0.0,0.0,12.95,19.05,0,0.0,0,0,18-APR-2022,
OPTSTK,BANKBARODA,26-May-2022,97.5,CE,0.0,0.0,0.0,18.15,18.65,0,0.0,0,0,18-APR-2022,
OPTSTK,BANKBARODA,26-May-2022,98.0,CE,0.0,0.0,0.0,12.45,18.25,0,0.0,0,0,18-APR-2022,
OPTSTK,BANKBARODA,26-May-2022,99.0,CE,0.0,0.0,0.0,12.0,17.5,0,0.0,0,0,18-APR-2022,
OPTSTK,BANKBARODA,26-May-2022,100.0,CE,0.0,0.0,0.0,11.5,16.7,0,0.0,0,0,18-APR-2022,
OPTSTK,BANKBARODA,26-May-2022,101.0,CE,0.0,0.0,0.0,11.05,16.0,0,0.0,0,0,18-APR-2022,
OPTSTK,BANKBARODA,26-May-2022,102.0,CE,0.0,0.0,0.0,10.6,15.25,0,0.0,0,0,18-APR-2022,
OPTSTK,BANKBARODA,26-May-2022,102.5,CE,0.0,0.0,0.0,14.85,14.9,0,0.0,0,0,18-APR-2022,
OPTSTK,BANKBARODA,26-May-2022,103.0,CE,0.0,0.0,0.0,10.2,14.55,0,0.0,0,0,18-APR-2022,
OPTSTK,BANKBARODA,26-May-2022,104.0,CE,0.0,0.0,0.0,9.75,13.85,0,0.0,0,0,18-APR-2022,
OPTSTK,BANKBARODA,26-May-2022,105.0,CE,0.0,0.0,0.0,9.35,13.2,0,0.0,0,0,18-APR-2022,
OPTSTK,BANKBARODA,26-May-2022,106.0,CE,0.0,0.0,0.0,9.0,12.55,0,0.0,0,0,18-APR-2022,
OPTSTK,BANKBARODA,26-May-2022,107.0,CE,0.0,0.0,0.0,8.6,11.95,0,0.0,0,0,18-APR-2022,
OPTSTK,BANKBARODA,26-May-2022,107.5,CE,0.0,0.0,0.0,11.95,11.65,0,0.0,0,0,18-APR-2022,
OPTSTK,BANKBARODA,26-May-2022,108.0,CE,0.0,0.0,0.0,8.25,11.35,0,0.0,0,0,18-APR-2022,
OPTSTK,BANKBARODA,26-May-2022,109.0,CE,0.0,0.0,0.0,7.9,10.75,0,0.0,0,0,18-APR-2022,
OPTSTK,BANKBARODA,26-May-2022,110.0,CE,0.0,0.0,0.0,7.55,10.2,0,0.0,0,0,18-APR-2022,
OPTSTK,BANKBARODA,26-May-2022,111.0,CE,0.0,0.0,0.0,7.25,9.65,0,0.0,0,0,18-APR-2022,
OPTSTK,BANKBARODA,26-May-2022,112.0,CE,0.0,0.0,0.0,6.95,9.15,0,0.0,0,0,18-APR-2022,
OPTSTK,BANKBARODA,26-May-2022,112.5,CE,0.0,0.0,0.0,9.5,8.9,0,0.0,0,0,18-APR-2022,
OPTSTK,BANKBARODA,26-May-2022,113.0,CE,0.0,0.0,0.0,11.0,8.65,0,0.0,0,0,18-APR-2022,
OPTSTK,BANKBARODA,26-May-2022,114.0,CE,0.0,0.0,0.0,6.35,8.15,0,0.0,0,0,18-APR-2022,
OPTSTK,BANKBARODA,26-May-2022,115.0,CE,7.55,7.55,6.4,6.5,6.5,19,270.74,152100,152100,18-APR-2022,
OPTSTK,BANKBARODA,26-May-2022,116.0,CE,0.0,0.0,0.0,5.8,7.25,0,0.0,0,0,18-APR-2022,
OPTSTK,BANKBARODA,26-May-2022,117.0,CE,0.0,0.0,0.0,5.55,6.8,0,0.0,0,0,18-APR-2022,
OPTSTK,BANKBARODA,26-May-2022,117.5,CE,0.0,0.0,0.0,7.4,6.6,0,0.0,0,0,18-APR-2022,
OPTSTK,BANKBARODA,26-May-2022,118.0,CE,4.5,5.0,4.5,5.0,6.4,2,28.72,23400,23400,18-APR-2022,
OPTSTK,BANKBARODA,26-May-2022,119.0,CE,0.0,0.0,0.0,5.05,6.05,0,0.0,0,0,18-APR-2022,
OPTSTK,BANKBARODA,26-May-2022,120.0,CE,6.4,6.4,4.4,4.65,4.65,74,1082.05,982800,561600,18-APR-2022,
OPTSTK,BANKBARODA,26-May-2022,121.0,CE,0.0,0.0,0.0,4.6,5.3,0,0.0,0,0,18-APR-2022,
OPTSTK,BANKBARODA,26-May-2022,122.0,CE,0.0,0.0,0.0,4.4,5.0,0,0.0,0,0,18-APR-2022,
OPTSTK,BANKBARODA,26-May-2022,122.5,CE,0.0,0.0,0.0,5.75,4.85,0,0.0,0,0,18-APR-2022,
OPTSTK,BANKBARODA,26-May-2022,123.0,CE,0.0,0.0,0.0,4.2,4.65,0,0.0,0,0,18-APR-2022,
OPTSTK,BANKBARODA,26-May-2022,124.0,CE,0.0,0.0,0.0,4.0,4.35,0,0.0,0,0,18-APR-2022,
OPTSTK,BANKBARODA,26-May-2022,125.0,CE,4.0,4.0,3.1,3.2,3.2,15,225.31,304200,0,18-APR-2022,
OPTSTK,BANKBARODA,26-May-2022,126.0,CE,0.0,0.0,0.0,3.65,3.8,0,0.0,0,0,18-APR-2022,
OPTSTK,BANKBARODA,26-May-2022,127.0,CE,0.0,0.0,0.0,3.5,3.55,0,0.0,0,0,18-APR-2022,
OPTSTK,BANKBARODA,26-May-2022,127.5,CE,0.0,0.0,0.0,4.4,3.45,0,0.0,0,0,18-APR-2022,
OPTSTK,BANKBARODA,26-May-2022,128.0,CE,0.0,0.0,0.0,3.3,3.35,0,0.0,0,0,18-APR-2022,
OPTSTK,BANKBARODA,26-May-2022,129.0,CE,0.0,0.0,0.0,3.15,3.1,0,0.0,0,0,18-APR-2022,
OPTSTK,BANKBARODA,26-May-2022,130.0,CE,4.2,4.2,2.15,2.15,2.15,41,635.94,561600,280800,18-APR-2022,
OPTSTK,BANKBARODA,26-May-2022,131.0,CE,0.0,0.0,0.0,2.85,2.7,0,0.0,0,0,18-APR-2022,
OPTSTK,BANKBARODA,26-May-2022,132.0,CE,0.0,0.0,0.0,2.75,2.5,0,0.0,11700,0,18-APR-2022,
OPTSTK,BANKBARODA,26-May-2022,132.5,CE,0.0,0.0,0.0,3.3,2.4,0,0.0,0,0,18-APR-2022,
OPTSTK,BANKBARODA,26-May-2022,133.0,CE,0.0,0.0,0.0,2.6,2.35,0,0.0,0,0,18-APR-2022,
OPTSTK,BANKBARODA,26-May-2022,134.0,CE,0.0,0.0,0.0,2.5,2.15,0,0.0,0,0,18-APR-2022,
OPTSTK,BANKBARODA,26-May-2022,135.0,CE,1.4,1.4,1.4,1.4,2.0,2,31.91,93600,23400,18-APR-2022,
OPTSTK,BANKBARODA,26-May-2022,136.0,CE,0.0,0.0,0.0,2.25,1.85,0,0.0,0,0,18-APR-2022,
OPTSTK,BANKBARODA,26-May-2022,137.5,CE,1.3,1.3,1.3,1.3,1.65,2,32.47,35100,-11700,18-APR-2022,
OPTSTK,BANKBARODA,26-May-2022,140.0,CE,2.0,2.0,1.0,1.0,1.0,11,181.7,105300,70200,18-APR-2022,
OPTSTK,BANKBARODA,26-May-2022,142.5,CE,0.0,0.0,0.0,1.85,1.15,0,0.0,0,0,18-APR-2022,
OPTSTK,BANKBARODA,26-May-2022,68.0,PE,0.0,0.0,0.0,0.7,0.05,0,0.0,0,0,18-APR-2022,
OPTSTK,BANKBARODA,26-May-2022,69.0,PE,0.0,0.0,0.0,0.8,0.05,0,0.0,0,0,18-APR-2022,
OPTSTK,BANKBARODA,26-May-2022,70.0,PE,0.0,0.0,0.0,0.9,0.05,0,0.0,0,0,18-APR-2022,
OPTSTK,BANKBARODA,26-May-2022,71.0,PE,0.0,0.0,0.0,1.0,0.05,0,0.0,0,0,18-APR-2022,
OPTSTK,BANKBARODA,26-May-2022,72.0,PE,0.0,0.0,0.0,1.1,0.05,0,0.0,0,0,18-APR-2022,
OPTSTK,BANKBARODA,26-May-2022,72.5,PE,0.0,0.0,0.0,0.15,0.05,0,0.0,0,0,18-APR-2022,
OPTSTK,BANKBARODA,26-May-2022,73.0,PE,0.0,0.0,0.0,1.25,0.05,0,0.0,0,0,18-APR-2022,
OPTSTK,BANKBARODA,26-May-2022,74.0,PE,0.0,0.0,0.0,1.4,0.05,0,0.0,0,0,18-APR-2022,
OPTSTK,BANKBARODA,26-May-2022,75.0,PE,0.0,0.0,0.0,1.55,0.05,0,0.0,0,0,18-APR-2022,
OPTSTK,BANKBARODA,26-May-2022,76.0,PE,0.0,0.0,0.0,1.7,0.05,0,0.0,0,0,18-APR-2022,
OPTSTK,BANKBARODA,26-May-2022,77.0,PE,0.0,0.0,0.0,1.9,0.1,0,0.0,0,0,18-APR-2022,
OPTSTK,BANKBARODA,26-May-2022,77.5,PE,0.0,0.0,0.0,0.35,0.1,0,0.0,0,0,18-APR-2022,
OPTSTK,BANKBARODA,26-May-2022,78.0,PE,0.0,0.0,0.0,2.1,0.1,0,0.0,0,0,18-APR-2022,
OPTSTK,BANKBARODA,26-May-2022,79.0,PE,0.0,0.0,0.0,2.3,0.1,0,0.0,0,0,18-APR-2022,
OPTSTK,BANKBARODA,26-May-2022,80.0,PE,0.0,0.0,0.0,2.5,0.15,0,0.0,0,0,18-APR-2022,
OPTSTK,BANKBARODA,26-May-2022,81.0,PE,0.0,0.0,0.0,2.75,0.15,0,0.0,0,0,18-APR-2022,
OPTSTK,BANKBARODA,26-May-2022,82.0,PE,0.0,0.0,0.0,3.0,0.2,0,0.0,0,0,18-APR-2022,
OPTSTK,BANKBARODA,26-May-2022,82.5,PE,0.0,0.0,0.0,0.7,0.2,0,0.0,0,0,18-APR-2022,
OPTSTK,BANKBARODA,26-May-2022,83.0,PE,0.0,0.0,0.0,3.25,0.25,0,0.0,0,0,18-APR-2022,
OPTSTK,BANKBARODA,26-May-2022,84.0,PE,0.0,0.0,0.0,3.5,0.3,0,0.0,0,0,18-APR-2022,
OPTSTK,BANKBARODA,26-May-2022,85.0,PE,0.0,0.0,0.0,3.8,0.35,0,0.0,0,0,18-APR-2022,
OPTSTK,BANKBARODA,26-May-2022,86.0,PE,0.0,0.0,0.0,4.1,0.4,0,0.0,0,0,18-APR-2022,
OPTSTK,BANKBARODA,26-May-2022,87.0,PE,0.0,0.0,0.0,4.4,0.45,0,0.0,0,0,18-APR-2022,
OPTSTK,BANKBARODA,26-May-2022,87.5,PE,0.0,0.0,0.0,1.3,0.5,0,0.0,0,0,18-APR-2022,
OPTSTK,BANKBARODA,26-May-2022,88.0,PE,0.0,0.0,0.0,4.75,0.55,0,0.0,0,0,18-APR-2022,
OPTSTK,BANKBARODA,26-May-2022,89.0,PE,0.0,0.0,0.0,5.1,0.6,0,0.0,0,0,18-APR-2022,
OPTSTK,BANKBARODA,26-May-2022,90.0,PE,0.0,0.0,0.0,5.45,0.7,0,0.0,0,0,18-APR-2022,
OPTSTK,BANKBARODA,26-May-2022,91.0,PE,0.0,0.0,0.0,5.85,0.8,0,0.0,0,0,18-APR-2022,
OPTSTK,BANKBARODA,26-May-2022,92.0,PE,0.0,0.0,0.0,6.25,0.95,0,0.0,0,0,18-APR-2022,
OPTSTK,BANKBARODA,26-May-2022,92.5,PE,0.0,0.0,0.0,2.2,1.0,0,0.0,0,0,18-APR-2022,
OPTSTK,BANKBARODA,26-May-2022,93.0,PE,0.0,0.0,0.0,6.65,1.05,0,0.0,0,0,18-APR-2022,
OPTSTK,BANKBARODA,26-May-2022,94.0,PE,0.0,0.0,0.0,0.35,1.2,0,0.0,11700,0,18-APR-2022,
OPTSTK,BANKBARODA,26-May-2022,95.0,PE,0.0,0.0,0.0,7.55,1.35,0,0.0,0,0,18-APR-2022,
OPTSTK,BANKBARODA,26-May-2022,96.0,PE,0.0,0.0,0.0,8.0,1.55,0,0.0,0,0,18-APR-2022,
OPTSTK,BANKBARODA,26-May-2022,97.0,PE,0.0,0.0,0.0,8.45,1.7,0,0.0,0,0,18-APR-2022,
OPTSTK,BANKBARODA,26-May-2022,97.5,PE,0.0,0.0,0.0,3.45,1.8,0,0.0,0,0,18-APR-2022,
OPTSTK,BANKBARODA,26-May-2022,98.0,PE,0.0,0.0,0.0,8.95,1.9,0,0.0,0,0,18-APR-2022,
OPTSTK,BANKBARODA,26-May-2022,99.0,PE,0.0,0.0,0.0,9.45,2.15,0,0.0,0,0,18-APR-2022,
OPTSTK,BANKBARODA,26-May-2022,100.0,PE,1.45,1.65,1.3,1.6,1.6,32,379.89,538200,175500,18-APR-2022,
OPTSTK,BANKBARODA,26-May-2022,101.0,PE,0.0,0.0,0.0,10.5,2.65,0,0.0,0,0,18-APR-2022,
OPTSTK,BANKBARODA,26-May-2022,102.0,PE,0.0,0.0,0.0,11.05,2.9,0,0.0,0,0,18-APR-2022,
OPTSTK,BANKBARODA,26-May-2022,102.5,PE,0.0,0.0,0.0,5.05,3.05,0,0.0,0,0,18-APR-2022,
OPTSTK,BANKBARODA,26-May-2022,103.0,PE,0.0,0.0,0.0,11.6,3.2,0,0.0,0,0,18-APR-2022,
OPTSTK,BANKBARODA,26-May-2022,104.0,PE,0.0,0.0,0.0,12.2,3.5,0,0.0,0,0,18-APR-2022,
OPTSTK,BANKBARODA,26-May-2022,105.0,PE,2.5,3.0,2.5,2.6,3.85,11,138.54,93600,81900,18-APR-2022,
OPTSTK,BANKBARODA,26-May-2022,106.0,PE,0.0,0.0,0.0,13.4,4.2,0,0.0,0,0,18-APR-2022,
OPTSTK,BANKBARODA,26-May-2022,107.0,PE,0.0,0.0,0.0,14.0,4.55,0,0.0,0,0,18-APR-2022,
OPTSTK,BANKBARODA,26-May-2022,107.5,PE,0.0,0.0,0.0,7.15,4.75,0,0.0,0,0,18-APR-2022,
OPTSTK,BANKBARODA,26-May-2022,108.0,PE,0.0,0.0,0.0,14.6,4.95,0,0.0,0,0,18-APR-2022,
OPTSTK,BANKBARODA,26-May-2022,109.0,PE,0.0,0.0,0.0,15.25,5.35,0,0.0,0,0,18-APR-2022,
OPTSTK,BANKBARODA,26-May-2022,110.0,PE,3.5,4.85,3.5,4.45,4.45,76,1016.88,783900,526500,18-APR-2022,
OPTSTK,BANKBARODA,26-May-2022,111.0,PE,5.0,5.0,5.0,5.0,6.25,4,54.28,46800,35100,18-APR-2022,
OPTSTK,BANKBARODA,26-May-2022,112.0,PE,0.0,0.0,0.0,17.25,6.75,0,0.0,0,0,18-APR-2022,
OPTSTK,BANKBARODA,26-May-2022,112.5,PE,0.0,0.0,0.0,9.65,7.0,0,0.0,0,0,18-APR-2022,
OPTSTK,BANKBARODA,26-May-2022,113.0,PE,0.0,0.0,0.0,17.95,7.25,0,0.0,0,0,18-APR-2022,
OPTSTK,BANKBARODA,26-May-2022,114.0,PE,0.0,0.0,0.0,18.65,7.75,0,0.0,0,0,18-APR-2022,
OPTSTK,BANKBARODA,26-May-2022,115.0,PE,5.4,7.1,5.4,7.05,7.05,15,213.71,234000,105300,18-APR-2022,
OPTSTK,BANKBARODA,26-May-2022,116.0,PE,0.0,0.0,0.0,20.1,8.85,0,0.0,0,0,18-APR-2022,
OPTSTK,BANKBARODA,26-May-2022,117.0,PE,0.0,0.0,0.0,20.8,9.4,0,0.0,0,0,18-APR-2022,
OPTSTK,BANKBARODA,26-May-2022,117.5,PE,0.0,0.0,0.0,12.55,9.7,0,0.0,0,0,18-APR-2022,
OPTSTK,BANKBARODA,26-May-2022,118.0,PE,0.0,0.0,0.0,21.55,10.0,0,0.0,0,0,18-APR-2022,
OPTSTK,BANKBARODA,26-May-2022,119.0,PE,0.0,0.0,0.0,22.3,10.6,0,0.0,0,0,18-APR-2022,
OPTSTK,BANKBARODA,26-May-2022,120.0,PE,8.35,9.9,8.35,9.85,11.25,9,136.11,315900,70200,18-APR-2022,
OPTSTK,BANKBARODA,26-May-2022,121.0,PE,0.0,0.0,0.0,23.85,11.9,0,0.0,0,0,18-APR-2022,
OPTSTK,BANKBARODA,26-May-2022,122.0,PE,0.0,0.0,0.0,24.65,12.55,0,0.0,0,0,18-APR-2022,
OPTSTK,BANKBARODA,26-May-2022,122.5,PE,0.0,0.0,0.0,15.85,12.9,0,0.0,0,0,18-APR-2022,
OPTSTK,BANKBARODA,26-May-2022,123.0,PE,0.0,0.0,0.0,25.4,13.25,0,0.0,0,0,18-APR-2022,
OPTSTK,BANKBARODA,26-May-2022,124.0,PE,0.0,0.0,0.0,26.2,13.9,0,0.0,0,0,18-APR-2022,
OPTSTK,BANKBARODA,26-May-2022,125.0,PE,0.0,0.0,0.0,27.0,14.65,0,0.0,0,0,18-APR-2022,
OPTSTK,BANKBARODA,26-May-2022,126.0,PE,0.0,0.0,0.0,27.85,15.35,0,0.0,0,0,18-APR-2022,
OPTSTK,BANKBARODA,26-May-2022,127.0,PE,0.0,0.0,0.0,28.65,16.1,0,0.0,0,0,18-APR-2022,
OPTSTK,BANKBARODA,26-May-2022,127.5,PE,0.0,0.0,0.0,19.45,16.5,0,0.0,0,0,18-APR-2022,
OPTSTK,BANKBARODA,26-May-2022,128.0,PE,0.0,0.0,0.0,29.45,16.85,0,0.0,0,0,18-APR-2022,
OPTSTK,BANKBARODA,26-May-2022,129.0,PE,0.0,0.0,0.0,30.3,17.65,0,0.0,0,0,18-APR-2022,
OPTSTK,BANKBARODA,26-May-2022,130.0,PE,0.0,0.0,0.0,12.9,18.45,0,0.0,11700,0,18-APR-2022,
OPTSTK,BANKBARODA,26-May-2022,131.0,PE,0.0,0.0,0.0,32.0,19.2,0,0.0,0,0,18-APR-2022,
OPTSTK,BANKBARODA,26-May-2022,132.0,PE,0.0,0.0,0.0,32.85,20.05,0,0.0,0,0,18-APR-2022,
OPTSTK,BANKBARODA,26-May-2022,132.5,PE,0.0,0.0,0.0,23.35,20.45,0,0.0,0,0,18-APR-2022,
OPTSTK,BANKBARODA,26-May-2022,133.0,PE,0.0,0.0,0.0,33.7,20.85,0,0.0,0,0,18-APR-2022,
OPTSTK,BANKBARODA,26-May-2022,134.0,PE,0.0,0.0,0.0,34.55,21.7,0,0.0,0,0,18-APR-2022,
OPTSTK,BANKBARODA,26-May-2022,135.0,PE,0.0,0.0,0.0,35.45,22.5,0,0.0,0,0,18-APR-2022,
OPTSTK,BANKBARODA,26-May-2022,136.0,PE,0.0,0.0,0.0,36.3,23.35,0,0.0,0,0,18-APR-2022,
OPTSTK,BANKBARODA,26-May-2022,137.5,PE,0.0,0.0,0.0,27.5,24.65,0,0.0,0,0,18-APR-2022,
OPTSTK,BANKBARODA,26-May-2022,140.0,PE,0.0,0.0,0.0,34.7,26.85,0,0.0,0,0,18-APR-2022,
OPTSTK,BANKBARODA,26-May-2022,142.5,PE,0.0,0.0,0.0,31.8,29.1,0,0.0,0,0,18-APR-2022,
OPTSTK,BANKBARODA,30-Jun-2022,70.0,CE,0.0,0.0,0.0,42.75,44.7,0,0.0,0,0,18-APR-2022,
OPTSTK,BANKBARODA,30-Jun-2022,72.5,CE,0.0,0.0,0.0,40.45,42.3,0,0.0,0,0,18-APR-2022,
OPTSTK,BANKBARODA,30-Jun-2022,75.0,CE,0.0,0.0,0.0,38.15,39.9,0,0.0,0,0,18-APR-2022,
OPTSTK,BANKBARODA,30-Jun-2022,77.5,CE,0.0,0.0,0.0,35.9,37.55,0,0.0,0,0,18-APR-2022,
OPTSTK,BANKBARODA,30-Jun-2022,80.0,CE,0.0,0.0,0.0,33.75,35.3,0,0.0,0,0,18-APR-2022,
OPTSTK,BANKBARODA,30-Jun-2022,82.5,CE,0.0,0.0,0.0,31.65,33.05,0,0.0,0,0,18-APR-2022,
OPTSTK,BANKBARODA,30-Jun-2022,85.0,CE,0.0,0.0,0.0,29.6,30.85,0,0.0,0,0,18-APR-2022,
OPTSTK,BANKBARODA,30-Jun-2022,87.5,CE,0.0,0.0,0.0,27.6,28.75,0,0.0,0,0,18-APR-2022,
OPTSTK,BANKBARODA,30-Jun-2022,90.0,CE,0.0,0.0,0.0,25.7,26.7,0,0.0,0,0,18-APR-2022,
OPTSTK,BANKBARODA,30-Jun-2022,92.5,CE,0.0,0.0,0.0,23.85,24.7,0,0.0,0,0,18-APR-2022,
OPTSTK,BANKBARODA,30-Jun-2022,95.0,CE,0.0,0.0,0.0,22.1,22.85,0,0.0,0,0,18-APR-2022,
OPTSTK,BANKBARODA,30-Jun-2022,97.5,CE,0.0,0.0,0.0,20.45,21.0,0,0.0,0,0,18-APR-2022,
OPTSTK,BANKBARODA,30-Jun-2022,100.0,CE,0.0,0.0,0.0,18.9,19.3,0,0.0,0,0,18-APR-2022,
OPTSTK,BANKBARODA,30-Jun-2022,102.5,CE,0.0,0.0,0.0,17.4,17.65,0,0.0,0,0,18-APR-2022,
OPTSTK,BANKBARODA,30-Jun-2022,105.0,CE,0.0,0.0,0.0,16.0,16.15,0,0.0,0,0,18-APR-2022,
OPTSTK,BANKBARODA,30-Jun-2022,107.5,CE,0.0,0.0,0.0,14.65,14.7,0,0.0,0,0,18-APR-2022,
OPTSTK,BANKBARODA,30-Jun-2022,110.0,CE,0.0,0.0,0.0,13.45,13.35,0,0.0,0,0,18-APR-2022,
OPTSTK,BANKBARODA,30-Jun-2022,112.5,CE,0.0,0.0,0.0,12.3,12.1,0,0.0,0,0,18-APR-2022,
OPTSTK,BANKBARODA,30-Jun-2022,115.0,CE,0.0,0.0,0.0,11.2,10.95,0,0.0,0,0,18-APR-2022,
OPTSTK,BANKBARODA,30-Jun-2022,117.5,CE,0.0,0.0,0.0,10.2,9.9,0,0.0,0,0,18-APR-2022,
OPTSTK,BANKBARODA,30-Jun-2022,120.0,CE,0.0,0.0,0.0,9.3,8.9,0,0.0,0,0,18-APR-2022,
OPTSTK,BANKBARODA,30-Jun-2022,122.5,CE,0.0,0.0,0.0,8.45,8.0,0,0.0,0,0,18-APR-2022,
OPTSTK,BANKBARODA,30-Jun-2022,125.0,CE,0.0,0.0,0.0,7.65,7.15,0,0.0,0,0,18-APR-2022,
OPTSTK,BANKBARODA,30-Jun-2022,127.5,CE,0.0,0.0,0.0,6.95,6.4,0,0.0,0,0,18-APR-2022,
OPTSTK,BANKBARODA,30-Jun-2022,130.0,CE,0.0,0.0,0.0,6.3,5.7,0,0.0,0,0,18-APR-2022,
OPTSTK,BANKBARODA,30-Jun-2022,132.5,CE,0.0,0.0,0.0,5.7,5.1,0,0.0,0,0,18-APR-2022,
OPTSTK,BANKBARODA,30-Jun-2022,135.0,CE,0.0,0.0,0.0,5.15,4.55,0,0.0,0,0,18-APR-2022,
OPTSTK,BANKBARODA,30-Jun-2022,137.5,CE,0.0,0.0,0.0,4.65,4.05,0,0.0,0,0,18-APR-2022,
OPTSTK,BANKBARODA,30-Jun-2022,140.0,CE,0.0,0.0,0.0,4.15,3.55,0,0.0,0,0,18-APR-2022,
OPTSTK,BANKBARODA,30-Jun-2022,142.5,CE,0.0,0.0,0.0,3.75,3.15,0,0.0,0,0,18-APR-2022,
OPTSTK,BANKBARODA,30-Jun-2022,70.0,PE,0.0,0.0,0.0,0.4,0.2,0,0.0,0,0,18-APR-2022,
OPTSTK,BANKBARODA,30-Jun-2022,72.5,PE,0.0,0.0,0.0,0.55,0.25,0,0.0,0,0,18-APR-2022,
OPTSTK,BANKBARODA,30-Jun-2022,75.0,PE,0.0,0.0,0.0,0.75,0.35,0,0.0,0,0,18-APR-2022,
OPTSTK,BANKBARODA,30-Jun-2022,77.5,PE,0.0,0.0,0.0,1.0,0.5,0,0.0,0,0,18-APR-2022,
OPTSTK,BANKBARODA,30-Jun-2022,80.0,PE,0.0,0.0,0.0,1.3,0.7,0,0.0,0,0,18-APR-2022,
OPTSTK,BANKBARODA,30-Jun-2022,82.5,PE,0.0,0.0,0.0,1.65,0.95,0,0.0,0,0,18-APR-2022,
OPTSTK,BANKBARODA,30-Jun-2022,85.0,PE,0.0,0.0,0.0,2.1,1.25,0,0.0,0,0,18-APR-2022,
OPTSTK,BANKBARODA,30-Jun-2022,87.5,PE,0.0,0.0,0.0,2.6,1.6,0,0.0,0,0,18-APR-2022,
OPTSTK,BANKBARODA,30-Jun-2022,90.0,PE,0.0,0.0,0.0,3.15,2.05,0,0.0,0,0,18-APR-2022,
OPTSTK,BANKBARODA,30-Jun-2022,92.5,PE,0.0,0.0,0.0,3.8,2.55,0,0.0,0,0,18-APR-2022,
OPTSTK,BANKBARODA,30-Jun-2022,95.0,PE,0.0,0.0,0.0,4.5,3.1,0,0.0,0,0,18-APR-2022,
OPTSTK,BANKBARODA,30-Jun-2022,97.5,PE,0.0,0.0,0.0,5.35,3.8,0,0.0,0,0,18-APR-2022,
OPTSTK,BANKBARODA,30-Jun-2022,100.0,PE,0.0,0.0,0.0,6.25,4.55,0,0.0,0,0,18-APR-2022,
OPTSTK,BANKBARODA,30-Jun-2022,102.5,PE,0.0,0.0,0.0,7.2,5.4,0,0.0,0,0,18-APR-2022,
OPTSTK,BANKBARODA,30-Jun-2022,105.0,PE,0.0,0.0,0.0,8.3,6.35,0,0.0,0,0,18-APR-2022,
OPTSTK,BANKBARODA,30-Jun-2022,107.5,PE,0.0,0.0,0.0,9.45,7.4,0,0.0,0,0,18-APR-2022,
OPTSTK,BANKBARODA,30-Jun-2022,110.0,PE,0.0,0.0,0.0,10.7,8.55,0,0.0,0,0,18-APR-2022,
OPTSTK,BANKBARODA,30-Jun-2022,112.5,PE,0.0,0.0,0.0,12.0,9.75,0,0.0,0,0,18-APR-2022,
OPTSTK,BANKBARODA,30-Jun-2022,115.0,PE,0.0,0.0,0.0,13.4,11.1,0,0.0,0,0,18-APR-2022,
OPTSTK,BANKBARODA,30-Jun-2022,117.5,PE,0.0,0.0,0.0,14.9,12.5,0,0.0,0,0,18-APR-2022,
OPTSTK,BANKBARODA,30-Jun-2022,120.0,PE,0.0,0.0,0.0,16.45,14.0,0,0.0,0,0,18-APR-2022,
OPTSTK,BANKBARODA,30-Jun-2022,122.5,PE,0.0,0.0,0.0,18.05,15.55,0,0.0,0,0,18-APR-2022,
OPTSTK,BANKBARODA,30-Jun-2022,125.0,PE,0.0,0.0,0.0,19.75,17.2,0,0.0,0,0,18-APR-2022,
OPTSTK,BANKBARODA,30-Jun-2022,127.5,PE,0.0,0.0,0.0,21.5,18.9,0,0.0,0,0,18-APR-2022,
OPTSTK,BANKBARODA,30-Jun-2022,130.0,PE,0.0,0.0,0.0,23.3,20.7,0,0.0,0,0,18-APR-2022,
OPTSTK,BANKBARODA,30-Jun-2022,132.5,PE,0.0,0.0,0.0,25.2,22.6,0,0.0,0,0,18-APR-2022,
OPTSTK,BANKBARODA,30-Jun-2022,135.0,PE,0.0,0.0,0.0,27.1,24.5,0,0.0,0,0,18-APR-2022,
OPTSTK,BANKBARODA,30-Jun-2022,137.5,PE,0.0,0.0,0.0,29.1,26.45,0,0.0,0,0,18-APR-2022,
OPTSTK,BANKBARODA,30-Jun-2022,140.0,PE,0.0,0.0,0.0,31.1,28.5,0,0.0,0,0,18-APR-2022,
OPTSTK,BANKBARODA,30-Jun-2022,142.5,PE,0.0,0.0,0.0,33.15,30.55,0,0.0,0,0,18-APR-2022,
OPTSTK,BATAINDIA,28-Apr-2022,1280.0,CE,0.0,0.0,0.0,690.3,691.25,0,0.0,0,0,18-APR-2022,
OPTSTK,BATAINDIA,28-Apr-2022,1300.0,CE,0.0,0.0,0.0,670.8,671.3,0,0.0,0,0,18-APR-2022,
OPTSTK,BATAINDIA,28-Apr-2022,1320.0,CE,0.0,0.0,0.0,651.4,651.3,0,0.0,0,0,18-APR-2022,
OPTSTK,BATAINDIA,28-Apr-2022,1340.0,CE,0.0,0.0,0.0,632.05,631.35,0,0.0,0,0,18-APR-2022,
OPTSTK,BATAINDIA,28-Apr-2022,1360.0,CE,0.0,0.0,0.0,612.75,611.35,0,0.0,0,0,18-APR-2022,
OPTSTK,BATAINDIA,28-Apr-2022,1380.0,CE,0.0,0.0,0.0,593.6,591.35,0,0.0,0,0,18-APR-2022,
OPTSTK,BATAINDIA,28-Apr-2022,1400.0,CE,0.0,0.0,0.0,574.55,571.4,0,0.0,0,0,18-APR-2022,
OPTSTK,BATAINDIA,28-Apr-2022,1420.0,CE,0.0,0.0,0.0,555.65,551.4,0,0.0,0,0,18-APR-2022,
OPTSTK,BATAINDIA,28-Apr-2022,1440.0,CE,0.0,0.0,0.0,536.9,531.45,0,0.0,0,0,18-APR-2022,
OPTSTK,BATAINDIA,28-Apr-2022,1460.0,CE,0.0,0.0,0.0,518.3,511.45,0,0.0,0,0,18-APR-2022,
OPTSTK,BATAINDIA,28-Apr-2022,1480.0,CE,0.0,0.0,0.0,499.9,491.5,0,0.0,0,0,18-APR-2022,
OPTSTK,BATAINDIA,28-Apr-2022,1500.0,CE,0.0,0.0,0.0,481.7,471.5,0,0.0,0,0,18-APR-2022,
OPTSTK,BATAINDIA,28-Apr-2022,1520.0,CE,0.0,0.0,0.0,463.7,451.55,0,0.0,0,0,18-APR-2022,
OPTSTK,BATAINDIA,28-Apr-2022,1540.0,CE,0.0,0.0,0.0,445.9,431.55,0,0.0,0,0,18-APR-2022,
OPTSTK,BATAINDIA,28-Apr-2022,1560.0,CE,0.0,0.0,0.0,428.4,411.6,0,0.0,0,0,18-APR-2022,
OPTSTK,BATAINDIA,28-Apr-2022,1580.0,CE,0.0,0.0,0.0,411.2,391.6,0,0.0,0,0,18-APR-2022,
OPTSTK,BATAINDIA,28-Apr-2022,1600.0,CE,0.0,0.0,0.0,394.25,371.65,0,0.0,0,0,18-APR-2022,
OPTSTK,BATAINDIA,28-Apr-2022,1620.0,CE,0.0,0.0,0.0,377.6,351.65,0,0.0,0,0,18-APR-2022,
OPTSTK,BATAINDIA,28-Apr-2022,1640.0,CE,0.0,0.0,0.0,361.3,331.7,0,0.0,0,0,18-APR-2022,
OPTSTK,BATAINDIA,28-Apr-2022,1660.0,CE,0.0,0.0,0.0,345.35,311.8,0,0.0,0,0,18-APR-2022,
OPTSTK,BATAINDIA,28-Apr-2022,1680.0,CE,0.0,0.0,0.0,329.75,291.9,0,0.0,0,0,18-APR-2022,
OPTSTK,BATAINDIA,28-Apr-2022,1700.0,CE,0.0,0.0,0.0,314.5,272.05,0,0.0,0,0,18-APR-2022,
OPTSTK,BATAINDIA,28-Apr-2022,1720.0,CE,0.0,0.0,0.0,299.7,252.3,0,0.0,0,0,18-APR-2022,
OPTSTK,BATAINDIA,28-Apr-2022,1740.0,CE,0.0,0.0,0.0,285.25,232.7,0,0.0,0,0,18-APR-2022,
OPTSTK,BATAINDIA,28-Apr-2022,1760.0,CE,0.0,0.0,0.0,271.15,213.35,0,0.0,0,0,18-APR-2022,
OPTSTK,BATAINDIA,28-Apr-2022,1780.0,CE,0.0,0.0,0.0,257.45,194.25,0,0.0,0,0,18-APR-2022,
OPTSTK,BATAINDIA,28-Apr-2022,1800.0,CE,0.0,0.0,0.0,196.0,175.55,0,0.0,4950,0,18-APR-2022,
OPTSTK,BATAINDIA,28-Apr-2022,1820.0,CE,0.0,0.0,0.0,231.45,157.35,0,0.0,0,0,18-APR-2022,
OPTSTK,BATAINDIA,28-Apr-2022,1840.0,CE,0.0,0.0,0.0,219.1,139.8,0,0.0,0,0,18-APR-2022,
OPTSTK,BATAINDIA,28-Apr-2022,1860.0,CE,0.0,0.0,0.0,109.55,123.0,0,0.0,550,0,18-APR-2022,
OPTSTK,BATAINDIA,28-Apr-2022,1880.0,CE,0.0,0.0,0.0,94.65,107.1,0,0.0,550,0,18-APR-2022,
OPTSTK,BATAINDIA,28-Apr-2022,1900.0,CE,75.55,87.3,75.55,87.3,92.25,2,21.79,11550,0,18-APR-2022,
OPTSTK,BATAINDIA,28-Apr-2022,1920.0,CE,79.1,79.1,79.1,79.1,79.1,1,10.99,5500,0,18-APR-2022,
OPTSTK,BATAINDIA,28-Apr-2022,1940.0,CE,59.5,60.0,47.75,60.0,60.0,6,65.81,2750,1100,18-APR-2022,
OPTSTK,BATAINDIA,28-Apr-2022,1960.0,CE,35.0,56.0,30.0,53.45,53.45,53,583.79,17050,5500,18-APR-2022,
OPTSTK,BATAINDIA,28-Apr-2022,1980.0,CE,41.85,44.0,23.8,44.0,45.05,27,299.09,19800,-550,18-APR-2022,
OPTSTK,BATAINDIA,28-Apr-2022,2000.0,CE,36.35,37.0,18.5,35.35,35.35,1224,13641.23,336050,-7700,18-APR-2022,
OPTSTK,BATAINDIA,28-Apr-2022,2020.0,CE,24.55,28.55,14.3,27.6,27.6,86,965.53,58850,-7700,18-APR-2022,
OPTSTK,BATAINDIA,28-Apr-2022,2040.0,CE,18.0,22.5,10.5,20.95,20.95,269,3040.08,86350,-21450,18-APR-2022,
OPTSTK,BATAINDIA,28-Apr-2022,2060.0,CE,7.95,17.0,6.85,15.95,15.95,85,968.99,35200,-4950,18-APR-2022,
OPTSTK,BATAINDIA,28-Apr-2022,2080.0,CE,9.15,11.85,7.4,8.75,13.65,17,195.33,19250,-2200,18-APR-2022,
OPTSTK,BATAINDIA,28-Apr-2022,2100.0,CE,5.1,10.6,5.1,9.6,9.6,344,3987.82,169950,-30800,18-APR-2022,
OPTSTK,BATAINDIA,28-Apr-2022,2120.0,CE,4.4,7.0,4.4,7.0,7.0,10,116.92,11550,0,18-APR-2022,
OPTSTK,BATAINDIA,28-Apr-2022,2140.0,CE,3.4,6.0,3.35,5.7,5.7,28,330.25,31350,550,18-APR-2022,
OPTSTK,BATAINDIA,28-Apr-2022,2160.0,CE,2.65,2.65,2.65,2.65,4.1,1,11.89,7700,0,18-APR-2022,
OPTSTK,BATAINDIA,28-Apr-2022,2180.0,CE,0.0,0.0,0.0,8.0,2.9,0,0.0,1100,0,18-APR-2022,
OPTSTK,BATAINDIA,28-Apr-2022,2200.0,CE,2.5,4.4,1.95,2.85,2.85,87,1053.94,77550,-7700,18-APR-2022,
OPTSTK,BATAINDIA,28-Apr-2022,2220.0,CE,0.0,0.0,0.0,63.85,1.45,0,0.0,0,0,18-APR-2022,
OPTSTK,BATAINDIA,28-Apr-2022,2240.0,CE,0.0,0.0,0.0,59.3,1.0,0,0.0,0,0,18-APR-2022,
OPTSTK,BATAINDIA,28-Apr-2022,2260.0,CE,2.75,2.75,2.75,2.75,0.65,1,12.44,4950,550,18-APR-2022,
OPTSTK,BATAINDIA,28-Apr-2022,2280.0,CE,0.0,0.0,0.0,50.9,0.45,0,0.0,0,0,18-APR-2022,
OPTSTK,BATAINDIA,28-Apr-2022,2300.0,CE,0.6,1.25,0.5,1.15,0.3,22,278.42,33000,-1100,18-APR-2022,
OPTSTK,BATAINDIA,28-Apr-2022,2320.0,CE,0.0,0.0,0.0,43.65,0.2,0,0.0,0,0,18-APR-2022,
OPTSTK,BATAINDIA,28-Apr-2022,2340.0,CE,0.0,0.0,0.0,5.85,0.15,0,0.0,550,0,18-APR-2022,
OPTSTK,BATAINDIA,28-Apr-2022,2360.0,CE,0.0,0.0,0.0,37.3,0.1,0,0.0,0,0,18-APR-2022,
OPTSTK,BATAINDIA,28-Apr-2022,2380.0,CE,0.0,0.0,0.0,34.4,0.05,0,0.0,0,0,18-APR-2022,
OPTSTK,BATAINDIA,28-Apr-2022,2400.0,CE,1.35,1.35,1.35,1.35,0.05,1,13.2,8250,550,18-APR-2022,
OPTSTK,BATAINDIA,28-Apr-2022,2420.0,CE,0.0,0.0,0.0,29.25,0.05,0,0.0,0,0,18-APR-2022,
OPTSTK,BATAINDIA,28-Apr-2022,2440.0,CE,0.0,0.0,0.0,26.95,0.05,0,0.0,0,0,18-APR-2022,
OPTSTK,BATAINDIA,28-Apr-2022,2460.0,CE,0.0,0.0,0.0,24.8,0.05,0,0.0,0,0,18-APR-2022,
OPTSTK,BATAINDIA,28-Apr-2022,2480.0,CE,0.0,0.0,0.0,22.8,0.0,0,0.0,0,0,18-APR-2022,
OPTSTK,BATAINDIA,28-Apr-2022,2500.0,CE,0.2,0.2,0.2,0.2,0.0,1,13.75,4950,0,18-APR-2022,
OPTSTK,BATAINDIA,28-Apr-2022,2520.0,CE,0.0,0.0,0.0,19.25,0.0,0,0.0,0,0,18-APR-2022,
OPTSTK,BATAINDIA,28-Apr-2022,2540.0,CE,0.0,0.0,0.0,17.7,0.0,0,0.0,0,0,18-APR-2022,
OPTSTK,BATAINDIA,28-Apr-2022,2560.0,CE,0.0,0.0,0.0,16.2,0.0,0,0.0,0,0,18-APR-2022,
OPTSTK,BATAINDIA,28-Apr-2022,2580.0,CE,0.0,0.0,0.0,14.85,0.0,0,0.0,0,0,18-APR-2022,
OPTSTK,BATAINDIA,28-Apr-2022,2600.0,CE,0.0,0.0,0.0,13.6,0.0,0,0.0,0,0,18-APR-2022,
OPTSTK,BATAINDIA,28-Apr-2022,1280.0,PE,0.0,0.0,0.0,1.05,0.0,0,0.0,0,0,18-APR-2022,
OPTSTK,BATAINDIA,28-Apr-2022,1300.0,PE,0.0,0.0,0.0,1.35,0.0,0,0.0,0,0,18-APR-2022,
OPTSTK,BATAINDIA,28-Apr-2022,1320.0,PE,0.0,0.0,0.0,1.75,0.0,0,0.0,0,0,18-APR-2022,
OPTSTK,BATAINDIA,28-Apr-2022,1340.0,PE,0.0,0.0,0.0,2.15,0.0,0,0.0,0,0,18-APR-2022,
OPTSTK,BATAINDIA,28-Apr-2022,1360.0,PE,0.0,0.0,0.0,2.7,0.0,0,0.0,0,0,18-APR-2022,
OPTSTK,BATAINDIA,28-Apr-2022,1380.0,PE,0.0,0.0,0.0,3.35,0.0,0,0.0,0,0,18-APR-2022,
OPTSTK,BATAINDIA,28-Apr-2022,1400.0,PE,0.0,0.0,0.0,4.1,0.0,0,0.0,0,0,18-APR-2022,
OPTSTK,BATAINDIA,28-Apr-2022,1420.0,PE,0.0,0.0,0.0,4.95,0.0,0,0.0,0,0,18-APR-2022,
OPTSTK,BATAINDIA,28-Apr-2022,1440.0,PE,0.0,0.0,0.0,6.0,0.0,0,0.0,0,0,18-APR-2022,
OPTSTK,BATAINDIA,28-Apr-2022,1460.0,PE,0.0,0.0,0.0,7.2,0.0,0,0.0,0,0,18-APR-2022,
OPTSTK,BATAINDIA,28-Apr-2022,1480.0,PE,0.0,0.0,0.0,8.55,0.0,0,0.0,0,0,18-APR-2022,
OPTSTK,BATAINDIA,28-Apr-2022,1500.0,PE,0.0,0.0,0.0,10.15,0.0,0,0.0,0,0,18-APR-2022,
OPTSTK,BATAINDIA,28-Apr-2022,1520.0,PE,0.0,0.0,0.0,11.95,0.0,0,0.0,0,0,18-APR-2022,
OPTSTK,BATAINDIA,28-Apr-2022,1540.0,PE,0.0,0.0,0.0,14.0,0.0,0,0.0,0,0,18-APR-2022,
OPTSTK,BATAINDIA,28-Apr-2022,1560.0,PE,0.0,0.0,0.0,16.25,0.0,0,0.0,0,0,18-APR-2022,
OPTSTK,BATAINDIA,28-Apr-2022,1580.0,PE,0.0,0.0,0.0,18.85,0.0,0,0.0,0,0,18-APR-2022,
OPTSTK,BATAINDIA,28-Apr-2022,1600.0,PE,0.0,0.0,0.0,0.3,0.05,0,0.0,2200,0,18-APR-2022,
OPTSTK,BATAINDIA,28-Apr-2022,1620.0,PE,0.0,0.0,0.0,24.85,0.05,0,0.0,0,0,18-APR-2022,
OPTSTK,BATAINDIA,28-Apr-2022,1640.0,PE,0.0,0.0,0.0,28.35,0.05,0,0.0,0,0,18-APR-2022,
OPTSTK,BATAINDIA,28-Apr-2022,1660.0,PE,0.0,0.0,0.0,3.0,0.1,0,0.0,550,0,18-APR-2022,
OPTSTK,BATAINDIA,28-Apr-2022,1680.0,PE,0.0,0.0,0.0,36.35,0.2,0,0.0,0,0,18-APR-2022,
OPTSTK,BATAINDIA,28-Apr-2022,1700.0,PE,3.3,3.3,3.3,3.3,0.35,1,9.36,11550,-550,18-APR-2022,
OPTSTK,BATAINDIA,28-Apr-2022,1720.0,PE,0.0,0.0,0.0,45.9,0.6,0,0.0,0,0,18-APR-2022,
OPTSTK,BATAINDIA,28-Apr-2022,1740.0,PE,0.0,0.0,0.0,9.0,0.95,0,0.0,550,0,18-APR-2022,
OPTSTK,BATAINDIA,28-Apr-2022,1760.0,PE,0.0,0.0,0.0,56.95,1.55,0,0.0,0,0,18-APR-2022,
OPTSTK,BATAINDIA,28-Apr-2022,1780.0,PE,0.0,0.0,0.0,7.0,2.45,0,0.0,1100,0,18-APR-2022,
OPTSTK,BATAINDIA,28-Apr-2022,1800.0,PE,8.0,10.3,4.4,4.65,4.65,93,924.08,57200,-2200,18-APR-2022,
OPTSTK,BATAINDIA,28-Apr-2022,1820.0,PE,0.0,0.0,0.0,76.6,5.5,0,0.0,0,0,18-APR-2022,
OPTSTK,BATAINDIA,28-Apr-2022,1840.0,PE,15.85,15.85,10.4,10.4,7.9,4,40.75,9900,1100,18-APR-2022,
OPTSTK,BATAINDIA,28-Apr-2022,1860.0,PE,15.0,15.9,13.55,13.55,11.1,12,123.73,22550,-1650,18-APR-2022,
OPTSTK,BATAINDIA,28-Apr-2022,1880.0,PE,30.0,30.0,30.0,30.0,15.2,1,10.5,4400,0,18-APR-2022,
OPTSTK,BATAINDIA,28-Apr-2022,1900.0,PE,40.0,40.0,17.95,18.9,18.9,101,1069.15,101750,4950,18-APR-2022,
OPTSTK,BATAINDIA,28-Apr-2022,1920.0,PE,31.5,49.0,22.85,23.85,23.85,22,236.1,17050,1100,18-APR-2022,
OPTSTK,BATAINDIA,28-Apr-2022,1940.0,PE,40.7,52.15,29.65,30.65,30.65,57,620.05,18150,4400,18-APR-2022,
OPTSTK,BATAINDIA,28-Apr-2022,1960.0,PE,49.55,68.15,37.0,39.95,39.95,63,697.11,24200,-3300,18-APR-2022,
OPTSTK,BATAINDIA,28-Apr-2022,1980.0,PE,58.6,76.8,45.0,45.0,45.0,9,101.16,12650,1650,18-APR-2022,
OPTSTK,BATAINDIA,28-Apr-2022,2000.0,PE,85.35,100.45,57.15,57.15,64.4,61,697.34,44000,-3300,18-APR-2022,
OPTSTK,BATAINDIA,28-Apr-2022,2020.0,PE,0.0,0.0,0.0,88.0,77.05,0,0.0,9900,0,18-APR-2022,
OPTSTK,BATAINDIA,28-Apr-2022,2040.0,PE,112.45,112.45,110.65,110.65,90.85,2,23.66,1100,0,18-APR-2022,
OPTSTK,BATAINDIA,28-Apr-2022,2060.0,PE,0.0,0.0,0.0,194.55,105.7,0,0.0,0,0,18-APR-2022,
OPTSTK,BATAINDIA,28-Apr-2022,2080.0,PE,0.0,0.0,0.0,207.05,121.5,0,0.0,0,0,18-APR-2022,
OPTSTK,BATAINDIA,28-Apr-2022,2100.0,PE,0.0,0.0,0.0,160.0,138.15,0,0.0,550,0,18-APR-2022,
OPTSTK,BATAINDIA,28-Apr-2022,2120.0,PE,0.0,0.0,0.0,233.25,155.5,0,0.0,0,0,18-APR-2022,
OPTSTK,BATAINDIA,28-Apr-2022,2140.0,PE,0.0,0.0,0.0,170.7,173.45,0,0.0,3300,0,18-APR-2022,
OPTSTK,BATAINDIA,28-Apr-2022,2160.0,PE,0.0,0.0,0.0,260.85,191.85,0,0.0,0,0,18-APR-2022,
OPTSTK,BATAINDIA,28-Apr-2022,2180.0,PE,0.0,0.0,0.0,222.0,210.65,0,0.0,1650,0,18-APR-2022,
OPTSTK,BATAINDIA,28-Apr-2022,2200.0,PE,0.0,0.0,0.0,240.55,229.8,0,0.0,1650,0,18-APR-2022,
OPTSTK,BATAINDIA,28-Apr-2022,2220.0,PE,0.0,0.0,0.0,304.8,249.15,0,0.0,0,0,18-APR-2022,
OPTSTK,BATAINDIA,28-Apr-2022,2240.0,PE,0.0,0.0,0.0,320.05,268.65,0,0.0,0,0,18-APR-2022,
OPTSTK,BATAINDIA,28-Apr-2022,2260.0,PE,0.0,0.0,0.0,335.55,288.35,0,0.0,0,0,18-APR-2022,
OPTSTK,BATAINDIA,28-Apr-2022,2280.0,PE,0.0,0.0,0.0,351.25,308.1,0,0.0,0,0,18-APR-2022,
OPTSTK,BATAINDIA,28-Apr-2022,2300.0,PE,0.0,0.0,0.0,367.3,327.9,0,0.0,0,0,18-APR-2022,
OPTSTK,BATAINDIA,28-Apr-2022,2320.0,PE,0.0,0.0,0.0,383.55,347.8,0,0.0,0,0,18-APR-2022,
OPTSTK,BATAINDIA,28-Apr-2022,2340.0,PE,0.0,0.0,0.0,400.05,367.7,0,0.0,0,0,18-APR-2022,
OPTSTK,BATAINDIA,28-Apr-2022,2360.0,PE,0.0,0.0,0.0,416.8,387.65,0,0.0,0,0,18-APR-2022,
OPTSTK,BATAINDIA,28-Apr-2022,2380.0,PE,0.0,0.0,0.0,433.7,407.6,0,0.0,0,0,18-APR-2022,
OPTSTK,BATAINDIA,28-Apr-2022,2400.0,PE,0.0,0.0,0.0,450.85,427.55,0,0.0,0,0,18-APR-2022,
OPTSTK,BATAINDIA,28-Apr-2022,2420.0,PE,0.0,0.0,0.0,468.15,447.5,0,0.0,0,0,18-APR-2022,
OPTSTK,BATAINDIA,28-Apr-2022,2440.0,PE,0.0,0.0,0.0,485.65,467.5,0,0.0,0,0,18-APR-2022,
OPTSTK,BATAINDIA,28-Apr-2022,2460.0,PE,0.0,0.0,0.0,503.3,487.45,0,0.0,0,0,18-APR-2022,
OPTSTK,BATAINDIA,28-Apr-2022,2480.0,PE,0.0,0.0,0.0,521.1,507.45,0,0.0,0,0,18-APR-2022,
OPTSTK,BATAINDIA,28-Apr-2022,2500.0,PE,0.0,0.0,0.0,539.05,527.4,0,0.0,0,0,18-APR-2022,
OPTSTK,BATAINDIA,28-Apr-2022,2520.0,PE,0.0,0.0,0.0,557.1,547.4,0,0.0,0,0,18-APR-2022,
OPTSTK,BATAINDIA,28-Apr-2022,2540.0,PE,0.0,0.0,0.0,575.35,567.35,0,0.0,0,0,18-APR-2022,
OPTSTK,BATAINDIA,28-Apr-2022,2560.0,PE,0.0,0.0,0.0,593.65,587.35,0,0.0,0,0,18-APR-2022,
OPTSTK,BATAINDIA,28-Apr-2022,2580.0,PE,0.0,0.0,0.0,612.1,607.3,0,0.0,0,0,18-APR-2022,
OPTSTK,BATAINDIA,28-Apr-2022,2600.0,PE,0.0,0.0,0.0,630.65,627.3,0,0.0,0,0,18-APR-2022,
OPTSTK,BATAINDIA,26-May-2022,1280.0,CE,0.0,0.0,0.0,514.25,695.5,0,0.0,0,0,18-APR-2022,
OPTSTK,BATAINDIA,26-May-2022,1300.0,CE,0.0,0.0,0.0,495.45,675.55,0,0.0,0,0,18-APR-2022,
OPTSTK,BATAINDIA,26-May-2022,1320.0,CE,0.0,0.0,0.0,476.8,655.65,0,0.0,0,0,18-APR-2022,
OPTSTK,BATAINDIA,26-May-2022,1340.0,CE,0.0,0.0,0.0,458.4,635.75,0,0.0,0,0,18-APR-2022,
OPTSTK,BATAINDIA,26-May-2022,1360.0,CE,0.0,0.0,0.0,440.15,615.9,0,0.0,0,0,18-APR-2022,
OPTSTK,BATAINDIA,26-May-2022,1380.0,CE,0.0,0.0,0.0,422.2,596.0,0,0.0,0,0,18-APR-2022,
OPTSTK,BATAINDIA,26-May-2022,1400.0,CE,0.0,0.0,0.0,404.5,576.15,0,0.0,0,0,18-APR-2022,
OPTSTK,BATAINDIA,26-May-2022,1420.0,CE,0.0,0.0,0.0,387.05,556.3,0,0.0,0,0,18-APR-2022,
OPTSTK,BATAINDIA,26-May-2022,1440.0,CE,0.0,0.0,0.0,369.95,536.45,0,0.0,0,0,18-APR-2022,
OPTSTK,BATAINDIA,26-May-2022,1460.0,CE,0.0,0.0,0.0,353.15,516.65,0,0.0,0,0,18-APR-2022,
OPTSTK,BATAINDIA,26-May-2022,1480.0,CE,0.0,0.0,0.0,336.7,496.9,0,0.0,0,0,18-APR-2022,
OPTSTK,BATAINDIA,26-May-2022,1500.0,CE,0.0,0.0,0.0,320.6,477.25,0,0.0,0,0,18-APR-2022,
OPTSTK,BATAINDIA,26-May-2022,1520.0,CE,0.0,0.0,0.0,304.9,457.6,0,0.0,0,0,18-APR-2022,
OPTSTK,BATAINDIA,26-May-2022,1540.0,CE,0.0,0.0,0.0,289.6,438.1,0,0.0,0,0,18-APR-2022,
OPTSTK,BATAINDIA,26-May-2022,1560.0,CE,0.0,0.0,0.0,274.75,418.7,0,0.0,0,0,18-APR-2022,
OPTSTK,BATAINDIA,26-May-2022,1580.0,CE,0.0,0.0,0.0,260.3,399.45,0,0.0,0,0,18-APR-2022,
OPTSTK,BATAINDIA,26-May-2022,1600.0,CE,0.0,0.0,0.0,246.3,380.35,0,0.0,0,0,18-APR-2022,
OPTSTK,BATAINDIA,26-May-2022,1620.0,CE,0.0,0.0,0.0,232.65,361.45,0,0.0,0,0,18-APR-2022,
OPTSTK,BATAINDIA,26-May-2022,1640.0,CE,0.0,0.0,0.0,219.6,342.75,0,0.0,0,0,18-APR-2022,
OPTSTK,BATAINDIA,26-May-2022,1660.0,CE,0.0,0.0,0.0,206.95,324.35,0,0.0,0,0,18-APR-2022,
OPTSTK,BATAINDIA,26-May-2022,1680.0,CE,0.0,0.0,0.0,194.85,306.25,0,0.0,0,0,18-APR-2022,
OPTSTK,BATAINDIA,26-May-2022,1700.0,CE,0.0,0.0,0.0,183.2,288.45,0,0.0,0,0,18-APR-2022,
OPTSTK,BATAINDIA,26-May-2022,1720.0,CE,0.0,0.0,0.0,172.0,271.1,0,0.0,0,0,18-APR-2022,
OPTSTK,BATAINDIA,26-May-2022,1740.0,CE,0.0,0.0,0.0,161.3,254.1,0,0.0,0,0,18-APR-2022,
OPTSTK,BATAINDIA,26-May-2022,1760.0,CE,0.0,0.0,0.0,151.1,237.6,0,0.0,0,0,18-APR-2022,
OPTSTK,BATAINDIA,26-May-2022,1780.0,CE,0.0,0.0,0.0,141.35,221.55,0,0.0,0,0,18-APR-2022,
OPTSTK,BATAINDIA,26-May-2022,1800.0,CE,0.0,0.0,0.0,132.1,206.05,0,0.0,0,0,18-APR-2022,
OPTSTK,BATAINDIA,26-May-2022,1820.0,CE,0.0,0.0,0.0,123.3,191.2,0,0.0,0,0,18-APR-2022,
OPTSTK,BATAINDIA,26-May-2022,1840.0,CE,0.0,0.0,0.0,114.9,176.75,0,0.0,0,0,18-APR-2022,
OPTSTK,BATAINDIA,26-May-2022,1860.0,CE,0.0,0.0,0.0,107.0,163.0,0,0.0,0,0,18-APR-2022,
OPTSTK,BATAINDIA,26-May-2022,1880.0,CE,0.0,0.0,0.0,99.5,149.95,0,0.0,0,0,18-APR-2022,
OPTSTK,BATAINDIA,26-May-2022,1900.0,CE,0.0,0.0,0.0,92.45,137.5,0,0.0,0,0,18-APR-2022,
OPTSTK,BATAINDIA,26-May-2022,1920.0,CE,0.0,0.0,0.0,85.75,125.7,0,0.0,0,0,18-APR-2022,
OPTSTK,BATAINDIA,26-May-2022,1940.0,CE,0.0,0.0,0.0,79.5,114.6,0,0.0,0,0,18-APR-2022,
OPTSTK,BATAINDIA,26-May-2022,1960.0,CE,0.0,0.0,0.0,73.6,104.2,0,0.0,0,0,18-APR-2022,
OPTSTK,BATAINDIA,26-May-2022,1980.0,CE,0.0,0.0,0.0,68.05,94.45,0,0.0,0,0,18-APR-2022,
OPTSTK,BATAINDIA,26-May-2022,2000.0,CE,65.0,65.0,60.0,60.0,85.35,3,34.04,1100,550,18-APR-2022,
OPTSTK,BATAINDIA,26-May-2022,2020.0,CE,0.0,0.0,0.0,58.15,76.9,0,0.0,0,0,18-APR-2022,
OPTSTK,BATAINDIA,26-May-2022,2040.0,CE,0.0,0.0,0.0,53.6,69.05,0,0.0,0,0,18-APR-2022,
OPTSTK,BATAINDIA,26-May-2022,2060.0,CE,0.0,0.0,0.0,49.4,61.85,0,0.0,0,0,18-APR-2022,
OPTSTK,BATAINDIA,26-May-2022,2080.0,CE,0.0,0.0,0.0,45.4,55.25,0,0.0,0,0,18-APR-2022,
OPTSTK,BATAINDIA,26-May-2022,2100.0,CE,36.45,36.45,36.45,36.45,49.2,1,11.75,1100,-550,18-APR-2022,
OPTSTK,BATAINDIA,26-May-2022,2120.0,CE,17.0,34.0,17.0,34.0,43.65,8,94.36,2200,2200,18-APR-2022,
OPTSTK,BATAINDIA,26-May-2022,2140.0,CE,0.0,0.0,0.0,35.2,38.75,0,0.0,0,0,18-APR-2022,
OPTSTK,BATAINDIA,26-May-2022,2160.0,CE,0.0,0.0,0.0,32.25,34.2,0,0.0,0,0,18-APR-2022,
OPTSTK,BATAINDIA,26-May-2022,2180.0,CE,0.0,0.0,0.0,29.55,30.1,0,0.0,0,0,18-APR-2022,
OPTSTK,BATAINDIA,26-May-2022,2200.0,CE,18.0,18.0,18.0,18.0,26.4,1,12.19,550,550,18-APR-2022,
OPTSTK,BATAINDIA,26-May-2022,2220.0,CE,0.0,0.0,0.0,24.75,23.15,0,0.0,0,0,18-APR-2022,
OPTSTK,BATAINDIA,26-May-2022,2240.0,CE,0.0,0.0,0.0,22.6,20.2,0,0.0,0,0,18-APR-2022,
OPTSTK,BATAINDIA,26-May-2022,2260.0,CE,0.0,0.0,0.0,20.65,17.6,0,0.0,0,0,18-APR-2022,
OPTSTK,BATAINDIA,26-May-2022,2280.0,CE,0.0,0.0,0.0,18.8,15.3,0,0.0,0,0,18-APR-2022,
OPTSTK,BATAINDIA,26-May-2022,2300.0,CE,0.0,0.0,0.0,15.0,13.25,0,0.0,0,0,18-APR-2022,
OPTSTK,BATAINDIA,26-May-2022,2320.0,CE,0.0,0.0,0.0,15.6,11.45,0,0.0,0,0,18-APR-2022,
OPTSTK,BATAINDIA,26-May-2022,2340.0,CE,0.0,0.0,0.0,14.2,9.85,0,0.0,0,0,18-APR-2022,
OPTSTK,BATAINDIA,26-May-2022,2360.0,CE,0.0,0.0,0.0,12.9,8.5,0,0.0,0,0,18-APR-2022,
OPTSTK,BATAINDIA,26-May-2022,2380.0,CE,0.0,0.0,0.0,11.75,7.25,0,0.0,0,0,18-APR-2022,
OPTSTK,BATAINDIA,26-May-2022,2400.0,CE,0.0,0.0,0.0,10.65,6.2,0,0.0,0,0,18-APR-2022,
OPTSTK,BATAINDIA,26-May-2022,2420.0,CE,0.0,0.0,0.0,9.65,5.3,0,0.0,0,0,18-APR-2022,
OPTSTK,BATAINDIA,26-May-2022,2440.0,CE,0.0,0.0,0.0,8.75,4.5,0,0.0,0,0,18-APR-2022,
OPTSTK,BATAINDIA,26-May-2022,2460.0,CE,0.0,0.0,0.0,7.95,3.85,0,0.0,0,0,18-APR-2022,
OPTSTK,BATAINDIA,26-May-2022,2480.0,CE,0.0,0.0,0.0,7.2,3.25,0,0.0,0,0,18-APR-2022,
OPTSTK,BATAINDIA,26-May-2022,2500.0,CE,0.0,0.0,0.0,1.0,2.75,0,0.0,0,0,18-APR-2022,
OPTSTK,BATAINDIA,26-May-2022,2520.0,CE,0.0,0.0,0.0,5.9,2.35,0,0.0,0,0,18-APR-2022,
OPTSTK,BATAINDIA,26-May-2022,2540.0,CE,0.0,0.0,0.0,5.35,1.95,0,0.0,0,0,18-APR-2022,
OPTSTK,BATAINDIA,26-May-2022,2560.0,CE,0.0,0.0,0.0,4.8,1.65,0,0.0,0,0,18-APR-2022,
OPTSTK,BATAINDIA,26-May-2022,2580.0,CE,0.0,0.0,0.0,4.35,1.4,0,0.0,0,0,18-APR-2022,
OPTSTK,BATAINDIA,26-May-2022,1280.0,PE,0.0,0.0,0.0,4.25,0.05,0,0.0,0,0,18-APR-2022,
OPTSTK,BATAINDIA,26-May-2022,1300.0,PE,0.0,0.0,0.0,5.25,0.05,0,0.0,0,0,18-APR-2022,
OPTSTK,BATAINDIA,26-May-2022,1320.0,PE,0.0,0.0,0.0,6.4,0.05,0,0.0,0,0,18-APR-2022,
OPTSTK,BATAINDIA,26-May-2022,1340.0,PE,0.0,0.0,0.0,7.75,0.05,0,0.0,0,0,18-APR-2022,
OPTSTK,BATAINDIA,26-May-2022,1360.0,PE,0.0,0.0,0.0,9.35,0.05,0,0.0,0,0,18-APR-2022,
OPTSTK,BATAINDIA,26-May-2022,1380.0,PE,0.0,0.0,0.0,11.15,0.1,0,0.0,0,0,18-APR-2022,
OPTSTK,BATAINDIA,26-May-2022,1400.0,PE,0.0,0.0,0.0,13.25,0.15,0,0.0,0,0,18-APR-2022,
OPTSTK,BATAINDIA,26-May-2022,1420.0,PE,0.0,0.0,0.0,15.6,0.2,0,0.0,0,0,18-APR-2022,
OPTSTK,BATAINDIA,26-May-2022,1440.0,PE,0.0,0.0,0.0,18.25,0.3,0,0.0,0,0,18-APR-2022,
OPTSTK,BATAINDIA,26-May-2022,1460.0,PE,0.0,0.0,0.0,21.25,0.4,0,0.0,0,0,18-APR-2022,
OPTSTK,BATAINDIA,26-May-2022,1480.0,PE,0.0,0.0,0.0,24.6,0.6,0,0.0,0,0,18-APR-2022,
OPTSTK,BATAINDIA,26-May-2022,1500.0,PE,0.0,0.0,0.0,28.3,0.8,0,0.0,0,0,18-APR-2022,
OPTSTK,BATAINDIA,26-May-2022,1520.0,PE,0.0,0.0,0.0,32.4,1.1,0,0.0,0,0,18-APR-2022,
OPTSTK,BATAINDIA,26-May-2022,1540.0,PE,0.0,0.0,0.0,36.85,1.5,0,0.0,0,0,18-APR-2022,
OPTSTK,BATAINDIA,26-May-2022,1560.0,PE,0.0,0.0,0.0,41.85,2.0,0,0.0,0,0,18-APR-2022,
OPTSTK,BATAINDIA,26-May-2022,1580.0,PE,0.0,0.0,0.0,47.15,2.65,0,0.0,0,0,18-APR-2022,
OPTSTK,BATAINDIA,26-May-2022,1600.0,PE,0.0,0.0,0.0,52.95,3.45,0,0.0,0,0,18-APR-2022,
OPTSTK,BATAINDIA,26-May-2022,1620.0,PE,0.0,0.0,0.0,59.1,4.5,0,0.0,0,0,18-APR-2022,
OPTSTK,BATAINDIA,26-May-2022,1640.0,PE,0.0,0.0,0.0,65.8,5.7,0,0.0,0,0,18-APR-2022,
OPTSTK,BATAINDIA,26-May-2022,1660.0,PE,0.0,0.0,0.0,73.0,7.2,0,0.0,0,0,18-APR-2022,
OPTSTK,BATAINDIA,26-May-2022,1680.0,PE,0.0,0.0,0.0,80.65,9.0,0,0.0,0,0,18-APR-2022,
OPTSTK,BATAINDIA,26-May-2022,1700.0,PE,0.0,0.0,0.0,88.8,11.15,0,0.0,0,0,18-APR-2022,
OPTSTK,BATAINDIA,26-May-2022,1720.0,PE,0.0,0.0,0.0,97.4,13.7,0,0.0,0,0,18-APR-2022,
OPTSTK,BATAINDIA,26-May-2022,1740.0,PE,0.0,0.0,0.0,106.5,16.6,0,0.0,0,0,18-APR-2022,
OPTSTK,BATAINDIA,26-May-2022,1760.0,PE,0.0,0.0,0.0,116.1,20.0,0,0.0,0,0,18-APR-2022,
OPTSTK,BATAINDIA,26-May-2022,1780.0,PE,0.0,0.0,0.0,126.15,23.9,0,0.0,0,0,18-APR-2022,
OPTSTK,BATAINDIA,26-May-2022,1800.0,PE,0.0,0.0,0.0,22.0,28.3,0,0.0,1650,0,18-APR-2022,
OPTSTK,BATAINDIA,26-May-2022,1820.0,PE,0.0,0.0,0.0,147.65,33.35,0,0.0,0,0,18-APR-2022,
OPTSTK,BATAINDIA,26-May-2022,1840.0,PE,0.0,0.0,0.0,159.05,38.8,0,0.0,0,0,18-APR-2022,
OPTSTK,BATAINDIA,26-May-2022,1860.0,PE,0.0,0.0,0.0,170.95,45.0,0,0.0,0,0,18-APR-2022,
OPTSTK,BATAINDIA,26-May-2022,1880.0,PE,0.0,0.0,0.0,183.25,51.85,0,0.0,0,0,18-APR-2022,
OPTSTK,BATAINDIA,26-May-2022,1900.0,PE,0.0,0.0,0.0,195.95,59.3,0,0.0,0,0,18-APR-2022,
OPTSTK,BATAINDIA,26-May-2022,1920.0,PE,72.0,72.0,64.65,64.65,67.45,2,21.87,0,0,18-APR-2022,
OPTSTK,BATAINDIA,26-May-2022,1940.0,PE,0.0,0.0,0.0,222.6,76.25,0,0.0,0,0,18-APR-2022,
OPTSTK,BATAINDIA,26-May-2022,1960.0,PE,0.0,0.0,0.0,236.5,85.75,0,0.0,0,0,18-APR-2022,
OPTSTK,BATAINDIA,26-May-2022,1980.0,PE,0.0,0.0,0.0,250.75,95.9,0,0.0,0,0,18-APR-2022,
OPTSTK,BATAINDIA,26-May-2022,2000.0,PE,0.0,0.0,0.0,265.45,106.7,0,0.0,0,0,18-APR-2022,
OPTSTK,BATAINDIA,26-May-2022,2020.0,PE,0.0,0.0,0.0,280.4,118.15,0,0.0,0,0,18-APR-2022,
OPTSTK,BATAINDIA,26-May-2022,2040.0,PE,0.0,0.0,0.0,295.65,130.25,0,0.0,0,0,18-APR-2022,
OPTSTK,BATAINDIA,26-May-2022,2060.0,PE,0.0,0.0,0.0,311.25,142.95,0,0.0,0,0,18-APR-2022,
OPTSTK,BATAINDIA,26-May-2022,2080.0,PE,0.0,0.0,0.0,327.05,156.25,0,0.0,0,0,18-APR-2022,
OPTSTK,BATAINDIA,26-May-2022,2100.0,PE,0.0,0.0,0.0,343.15,170.1,0,0.0,0,0,18-APR-2022,
OPTSTK,BATAINDIA,26-May-2022,2120.0,PE,0.0,0.0,0.0,359.55,184.5,0,0.0,0,0,18-APR-2022,
OPTSTK,BATAINDIA,26-May-2022,2140.0,PE,0.0,0.0,0.0,376.2,199.5,0,0.0,0,0,18-APR-2022,
OPTSTK,BATAINDIA,26-May-2022,2160.0,PE,0.0,0.0,0.0,393.05,214.85,0,0.0,0,0,18-APR-2022,
OPTSTK,BATAINDIA,26-May-2022,2180.0,PE,0.0,0.0,0.0,410.15,230.65,0,0.0,0,0,18-APR-2022,
OPTSTK,BATAINDIA,26-May-2022,2200.0,PE,0.0,0.0,0.0,427.4,246.9,0,0.0,0,0,18-APR-2022,
OPTSTK,BATAINDIA,26-May-2022,2220.0,PE,0.0,0.0,0.0,444.9,263.55,0,0.0,0,0,18-APR-2022,
OPTSTK,BATAINDIA,26-May-2022,2240.0,PE,0.0,0.0,0.0,462.55,280.5,0,0.0,0,0,18-APR-2022,
OPTSTK,BATAINDIA,26-May-2022,2260.0,PE,0.0,0.0,0.0,480.35,297.8,0,0.0,0,0,18-APR-2022,
OPTSTK,BATAINDIA,26-May-2022,2280.0,PE,0.0,0.0,0.0,498.35,315.4,0,0.0,0,0,18-APR-2022,
OPTSTK,BATAINDIA,26-May-2022,2300.0,PE,0.0,0.0,0.0,516.5,333.3,0,0.0,0,0,18-APR-2022,
OPTSTK,BATAINDIA,26-May-2022,2320.0,PE,0.0,0.0,0.0,534.75,351.4,0,0.0,0,0,18-APR-2022,
OPTSTK,BATAINDIA,26-May-2022,2340.0,PE,0.0,0.0,0.0,553.1,369.75,0,0.0,0,0,18-APR-2022,
OPTSTK,BATAINDIA,26-May-2022,2360.0,PE,0.0,0.0,0.0,571.6,388.25,0,0.0,0,0,18-APR-2022,
OPTSTK,BATAINDIA,26-May-2022,2380.0,PE,0.0,0.0,0.0,590.25,406.95,0,0.0,0,0,18-APR-2022,
OPTSTK,BATAINDIA,26-May-2022,2400.0,PE,0.0,0.0,0.0,608.95,425.85,0,0.0,0,0,18-APR-2022,
OPTSTK,BATAINDIA,26-May-2022,2420.0,PE,0.0,0.0,0.0,627.75,444.85,0,0.0,0,0,18-APR-2022,
OPTSTK,BATAINDIA,26-May-2022,2440.0,PE,0.0,0.0,0.0,646.65,463.95,0,0.0,0,0,18-APR-2022,
OPTSTK,BATAINDIA,26-May-2022,2460.0,PE,0.0,0.0,0.0,665.6,483.2,0,0.0,0,0,18-APR-2022,
OPTSTK,BATAINDIA,26-May-2022,2480.0,PE,0.0,0.0,0.0,684.65,502.5,0,0.0,0,0,18-APR-2022,
OPTSTK,BATAINDIA,26-May-2022,2500.0,PE,0.0,0.0,0.0,703.75,521.9,0,0.0,0,0,18-APR-2022,
OPTSTK,BATAINDIA,26-May-2022,2520.0,PE,0.0,0.0,0.0,722.9,541.4,0,0.0,0,0,18-APR-2022,
OPTSTK,BATAINDIA,26-May-2022,2540.0,PE,0.0,0.0,0.0,742.15,560.95,0,0.0,0,0,18-APR-2022,
OPTSTK,BATAINDIA,26-May-2022,2560.0,PE,0.0,0.0,0.0,761.4,580.55,0,0.0,0,0,18-APR-2022,
OPTSTK,BATAINDIA,26-May-2022,2580.0,PE,0.0,0.0,0.0,780.75,600.2,0,0.0,0,0,18-APR-2022,
OPTSTK,BATAINDIA,30-Jun-2022,1280.0,CE,0.0,0.0,0.0,695.95,701.0,0,0.0,0,0,18-APR-2022,
OPTSTK,BATAINDIA,30-Jun-2022,1300.0,CE,0.0,0.0,0.0,676.45,681.3,0,0.0,0,0,18-APR-2022,
OPTSTK,BATAINDIA,30-Jun-2022,1320.0,CE,0.0,0.0,0.0,657.05,661.65,0,0.0,0,0,18-APR-2022,
OPTSTK,BATAINDIA,30-Jun-2022,1340.0,CE,0.0,0.0,0.0,637.7,642.05,0,0.0,0,0,18-APR-2022,
OPTSTK,BATAINDIA,30-Jun-2022,1360.0,CE,0.0,0.0,0.0,618.45,622.45,0,0.0,0,0,18-APR-2022,
OPTSTK,BATAINDIA,30-Jun-2022,1380.0,CE,0.0,0.0,0.0,599.3,602.95,0,0.0,0,0,18-APR-2022,
OPTSTK,BATAINDIA,30-Jun-2022,1400.0,CE,0.0,0.0,0.0,580.25,583.55,0,0.0,0,0,18-APR-2022,
OPTSTK,BATAINDIA,30-Jun-2022,1420.0,CE,0.0,0.0,0.0,561.35,564.2,0,0.0,0,0,18-APR-2022,
OPTSTK,BATAINDIA,30-Jun-2022,1440.0,CE,0.0,0.0,0.0,542.6,545.0,0,0.0,0,0,18-APR-2022,
OPTSTK,BATAINDIA,30-Jun-2022,1460.0,CE,0.0,0.0,0.0,524.0,525.9,0,0.0,0,0,18-APR-2022,
OPTSTK,BATAINDIA,30-Jun-2022,1480.0,CE,0.0,0.0,0.0,505.55,506.95,0,0.0,0,0,18-APR-2022,
OPTSTK,BATAINDIA,30-Jun-2022,1500.0,CE,0.0,0.0,0.0,487.35,488.1,0,0.0,0,0,18-APR-2022,
OPTSTK,BATAINDIA,30-Jun-2022,1520.0,CE,0.0,0.0,0.0,469.35,469.5,0,0.0,0,0,18-APR-2022,
OPTSTK,BATAINDIA,30-Jun-2022,1540.0,CE,0.0,0.0,0.0,451.6,451.05,0,0.0,0,0,18-APR-2022,
OPTSTK,BATAINDIA,30-Jun-2022,1560.0,CE,0.0,0.0,0.0,434.05,432.85,0,0.0,0,0,18-APR-2022,
OPTSTK,BATAINDIA,30-Jun-2022,1580.0,CE,0.0,0.0,0.0,416.8,414.9,0,0.0,0,0,18-APR-2022,
OPTSTK,BATAINDIA,30-Jun-2022,1600.0,CE,0.0,0.0,0.0,399.85,397.2,0,0.0,0,0,18-APR-2022,
OPTSTK,BATAINDIA,30-Jun-2022,1620.0,CE,0.0,0.0,0.0,383.2,379.75,0,0.0,0,0,18-APR-2022,
OPTSTK,BATAINDIA,30-Jun-2022,1640.0,CE,0.0,0.0,0.0,366.85,362.65,0,0.0,0,0,18-APR-2022,
OPTSTK,BATAINDIA,30-Jun-2022,1660.0,CE,0.0,0.0,0.0,350.85,345.85,0,0.0,0,0,18-APR-2022,
OPTSTK,BATAINDIA,30-Jun-2022,1680.0,CE,0.0,0.0,0.0,335.25,329.45,0,0.0,0,0,18-APR-2022,
OPTSTK,BATAINDIA,30-Jun-2022,1700.0,CE,0.0,0.0,0.0,319.95,313.35,0,0.0,0,0,18-APR-2022,
OPTSTK,BATAINDIA,30-Jun-2022,1720.0,CE,0.0,0.0,0.0,305.1,297.7,0,0.0,0,0,18-APR-2022,
OPTSTK,BATAINDIA,30-Jun-2022,1740.0,CE,0.0,0.0,0.0,290.55,282.4,0,0.0,0,0,18-APR-2022,
OPTSTK,BATAINDIA,30-Jun-2022,1760.0,CE,0.0,0.0,0.0,276.45,267.6,0,0.0,0,0,18-APR-2022,
OPTSTK,BATAINDIA,30-Jun-2022,1780.0,CE,0.0,0.0,0.0,262.65,253.15,0,0.0,0,0,18-APR-2022,
OPTSTK,BATAINDIA,30-Jun-2022,1800.0,CE,0.0,0.0,0.0,249.35,239.2,0,0.0,0,0,18-APR-2022,
OPTSTK,BATAINDIA,30-Jun-2022,1820.0,CE,0.0,0.0,0.0,236.5,225.6,0,0.0,0,0,18-APR-2022,
OPTSTK,BATAINDIA,30-Jun-2022,1840.0,CE,0.0,0.0,0.0,224.1,212.55,0,0.0,0,0,18-APR-2022,
OPTSTK,BATAINDIA,30-Jun-2022,1860.0,CE,0.0,0.0,0.0,212.1,200.0,0,0.0,0,0,18-APR-2022,
OPTSTK,BATAINDIA,30-Jun-2022,1880.0,CE,0.0,0.0,0.0,200.55,187.95,0,0.0,0,0,18-APR-2022,
OPTSTK,BATAINDIA,30-Jun-2022,1900.0,CE,0.0,0.0,0.0,189.4,176.35,0,0.0,0,0,18-APR-2022,
OPTSTK,BATAINDIA,30-Jun-2022,1920.0,CE,0.0,0.0,0.0,178.7,165.25,0,0.0,0,0,18-APR-2022,
OPTSTK,BATAINDIA,30-Jun-2022,1940.0,CE,0.0,0.0,0.0,168.45,154.6,0,0.0,0,0,18-APR-2022,
OPTSTK,BATAINDIA,30-Jun-2022,1960.0,CE,0.0,0.0,0.0,158.6,144.5,0,0.0,0,0,18-APR-2022,
OPTSTK,BATAINDIA,30-Jun-2022,1980.0,CE,0.0,0.0,0.0,149.2,134.85,0,0.0,0,0,18-APR-2022,
OPTSTK,BATAINDIA,30-Jun-2022,2000.0,CE,0.0,0.0,0.0,140.2,125.65,0,0.0,0,0,18-APR-2022,
OPTSTK,BATAINDIA,30-Jun-2022,2020.0,CE,0.0,0.0,0.0,131.65,116.95,0,0.0,0,0,18-APR-2022,
OPTSTK,BATAINDIA,30-Jun-2022,2040.0,CE,0.0,0.0,0.0,123.5,108.7,0,0.0,0,0,18-APR-2022,
OPTSTK,BATAINDIA,30-Jun-2022,2060.0,CE,0.0,0.0,0.0,115.7,100.9,0,0.0,0,0,18-APR-2022,
OPTSTK,BATAINDIA,30-Jun-2022,2080.0,CE,0.0,0.0,0.0,108.3,93.55,0,0.0,0,0,18-APR-2022,
OPTSTK,BATAINDIA,30-Jun-2022,2100.0,CE,0.0,0.0,0.0,101.3,86.6,0,0.0,0,0,18-APR-2022,
OPTSTK,BATAINDIA,30-Jun-2022,2120.0,CE,0.0,0.0,0.0,94.65,80.1,0,0.0,0,0,18-APR-2022,
OPTSTK,BATAINDIA,30-Jun-2022,2140.0,CE,0.0,0.0,0.0,88.4,73.95,0,0.0,0,0,18-APR-2022,
OPTSTK,BATAINDIA,30-Jun-2022,2160.0,CE,0.0,0.0,0.0,82.45,68.25,0,0.0,0,0,18-APR-2022,
OPTSTK,BATAINDIA,30-Jun-2022,2180.0,CE,0.0,0.0,0.0,76.8,62.85,0,0.0,0,0,18-APR-2022,
OPTSTK,BATAINDIA,30-Jun-2022,2200.0,CE,0.0,0.0,0.0,71.5,57.95,0,0.0,0,0,18-APR-2022,
OPTSTK,BATAINDIA,30-Jun-2022,2220.0,CE,0.0,0.0,0.0,66.65,53.25,0,0.0,0,0,18-APR-2022,
OPTSTK,BATAINDIA,30-Jun-2022,2240.0,CE,0.0,0.0,0.0,61.95,48.95,0,0.0,0,0,18-APR-2022,
OPTSTK,BATAINDIA,30-Jun-2022,2260.0,CE,0.0,0.0,0.0,57.55,44.8,0,0.0,0,0,18-APR-2022,
OPTSTK,BATAINDIA,30-Jun-2022,2280.0,CE,0.0,0.0,0.0,53.45,41.05,0,0.0,0,0,18-APR-2022,
OPTSTK,BATAINDIA,30-Jun-2022,2300.0,CE,0.0,0.0,0.0,49.5,37.55,0,0.0,0,0,18-APR-2022,
OPTSTK,BATAINDIA,30-Jun-2022,2320.0,CE,0.0,0.0,0.0,45.85,34.35,0,0.0,0,0,18-APR-2022,
OPTSTK,BATAINDIA,30-Jun-2022,2340.0,CE,0.0,0.0,0.0,42.45,31.35,0,0.0,0,0,18-APR-2022,
OPTSTK,BATAINDIA,30-Jun-2022,2360.0,CE,0.0,0.0,0.0,39.3,28.6,0,0.0,0,0,18-APR-2022,
OPTSTK,BATAINDIA,30-Jun-2022,2380.0,CE,0.0,0.0,0.0,36.35,26.05,0,0.0,0,0,18-APR-2022,
OPTSTK,BATAINDIA,30-Jun-2022,2400.0,CE,0.0,0.0,0.0,33.55,23.7,0,0.0,0,0,18-APR-2022,
OPTSTK,BATAINDIA,30-Jun-2022,2420.0,CE,0.0,0.0,0.0,31.0,21.55,0,0.0,0,0,18-APR-2022,
OPTSTK,BATAINDIA,30-Jun-2022,2440.0,CE,0.0,0.0,0.0,28.6,19.55,0,0.0,0,0,18-APR-2022,
OPTSTK,BATAINDIA,30-Jun-2022,2460.0,CE,0.0,0.0,0.0,26.35,17.75,0,0.0,0,0,18-APR-2022,
OPTSTK,BATAINDIA,30-Jun-2022,2480.0,CE,0.0,0.0,0.0,24.25,16.1,0,0.0,0,0,18-APR-2022,
OPTSTK,BATAINDIA,30-Jun-2022,2500.0,CE,0.0,0.0,0.0,22.35,14.6,0,0.0,0,0,18-APR-2022,
OPTSTK,BATAINDIA,30-Jun-2022,2520.0,CE,0.0,0.0,0.0,20.55,13.2,0,0.0,0,0,18-APR-2022,
OPTSTK,BATAINDIA,30-Jun-2022,2540.0,CE,0.0,0.0,0.0,18.9,11.9,0,0.0,0,0,18-APR-2022,
OPTSTK,BATAINDIA,30-Jun-2022,2560.0,CE,0.0,0.0,0.0,17.35,10.75,0,0.0,0,0,18-APR-2022,
OPTSTK,BATAINDIA,30-Jun-2022,2580.0,CE,0.0,0.0,0.0,15.95,9.7,0,0.0,0,0,18-APR-2022,
OPTSTK,BATAINDIA,30-Jun-2022,1280.0,PE,0.0,0.0,0.0,1.1,0.4,0,0.0,0,0,18-APR-2022,
OPTSTK,BATAINDIA,30-Jun-2022,1300.0,PE,0.0,0.0,0.0,1.4,0.5,0,0.0,0,0,18-APR-2022,
OPTSTK,BATAINDIA,30-Jun-2022,1320.0,PE,0.0,0.0,0.0,1.75,0.7,0,0.0,0,0,18-APR-2022,
OPTSTK,BATAINDIA,30-Jun-2022,1340.0,PE,0.0,0.0,0.0,2.2,0.9,0,0.0,0,0,18-APR-2022,
OPTSTK,BATAINDIA,30-Jun-2022,1360.0,PE,0.0,0.0,0.0,2.75,1.15,0,0.0,0,0,18-APR-2022,
OPTSTK,BATAINDIA,30-Jun-2022,1380.0,PE,0.0,0.0,0.0,3.35,1.5,0,0.0,0,0,18-APR-2022,
OPTSTK,BATAINDIA,30-Jun-2022,1400.0,PE,0.0,0.0,0.0,4.1,1.9,0,0.0,0,0,18-APR-2022,
OPTSTK,BATAINDIA,30-Jun-2022,1420.0,PE,0.0,0.0,0.0,5.0,2.4,0,0.0,0,0,18-APR-2022,
OPTSTK,BATAINDIA,30-Jun-2022,1440.0,PE,0.0,0.0,0.0,6.05,3.0,0,0.0,0,0,18-APR-2022,
OPTSTK,BATAINDIA,30-Jun-2022,1460.0,PE,0.0,0.0,0.0,7.25,3.75,0,0.0,0,0,18-APR-2022,
OPTSTK,BATAINDIA,30-Jun-2022,1480.0,PE,0.0,0.0,0.0,8.6,4.6,0,0.0,0,0,18-APR-2022,
OPTSTK,BATAINDIA,30-Jun-2022,1500.0,PE,0.0,0.0,0.0,10.2,5.65,0,0.0,0,0,18-APR-2022,
OPTSTK,BATAINDIA,30-Jun-2022,1520.0,PE,0.0,0.0,0.0,11.95,6.85,0,0.0,0,0,18-APR-2022,
OPTSTK,BATAINDIA,30-Jun-2022,1540.0,PE,0.0,0.0,0.0,14.0,8.25,0,0.0,0,0,18-APR-2022,
OPTSTK,BATAINDIA,30-Jun-2022,1560.0,PE,0.0,0.0,0.0,16.25,9.85,0,0.0,0,0,18-APR-2022,
OPTSTK,BATAINDIA,30-Jun-2022,1580.0,PE,0.0,0.0,0.0,18.8,11.7,0,0.0,0,0,18-APR-2022,
OPTSTK,BATAINDIA,30-Jun-2022,1600.0,PE,0.0,0.0,0.0,21.65,13.85,0,0.0,0,0,18-APR-2022,
OPTSTK,BATAINDIA,30-Jun-2022,1620.0,PE,0.0,0.0,0.0,24.75,16.25,0,0.0,0,0,18-APR-2022,
OPTSTK,BATAINDIA,30-Jun-2022,1640.0,PE,0.0,0.0,0.0,28.25,19.0,0,0.0,0,0,18-APR-2022,
OPTSTK,BATAINDIA,30-Jun-2022,1660.0,PE,0.0,0.0,0.0,32.0,22.0,0,0.0,0,0,18-APR-2022,
OPTSTK,BATAINDIA,30-Jun-2022,1680.0,PE,0.0,0.0,0.0,36.15,25.4,0,0.0,0,0,18-APR-2022,
OPTSTK,BATAINDIA,30-Jun-2022,1700.0,PE,0.0,0.0,0.0,40.65,29.2,0,0.0,0,0,18-APR-2022,
OPTSTK,BATAINDIA,30-Jun-2022,1720.0,PE,0.0,0.0,0.0,45.6,33.3,0,0.0,0,0,18-APR-2022,
OPTSTK,BATAINDIA,30-Jun-2022,1740.0,PE,0.0,0.0,0.0,50.9,37.9,0,0.0,0,0,18-APR-2022,
OPTSTK,BATAINDIA,30-Jun-2022,1760.0,PE,0.0,0.0,0.0,56.55,42.9,0,0.0,0,0,18-APR-2022,
OPTSTK,BATAINDIA,30-Jun-2022,1780.0,PE,0.0,0.0,0.0,62.55,48.3,0,0.0,0,0,18-APR-2022,
OPTSTK,BATAINDIA,30-Jun-2022,1800.0,PE,0.0,0.0,0.0,69.05,54.15,0,0.0,0,0,18-APR-2022,
OPTSTK,BATAINDIA,30-Jun-2022,1820.0,PE,0.0,0.0,0.0,75.95,60.4,0,0.0,0,0,18-APR-2022,
OPTSTK,BATAINDIA,30-Jun-2022,1840.0,PE,0.0,0.0,0.0,83.35,67.2,0,0.0,0,0,18-APR-2022,
OPTSTK,BATAINDIA,30-Jun-2022,1860.0,PE,0.0,0.0,0.0,91.15,74.45,0,0.0,0,0,18-APR-2022,
OPTSTK,BATAINDIA,30-Jun-2022,1880.0,PE,0.0,0.0,0.0,99.35,82.2,0,0.0,0,0,18-APR-2022,
OPTSTK,BATAINDIA,30-Jun-2022,1900.0,PE,0.0,0.0,0.0,108.0,90.45,0,0.0,0,0,18-APR-2022,
OPTSTK,BATAINDIA,30-Jun-2022,1920.0,PE,0.0,0.0,0.0,117.1,99.2,0,0.0,0,0,18-APR-2022,
OPTSTK,BATAINDIA,30-Jun-2022,1940.0,PE,0.0,0.0,0.0,126.65,108.4,0,0.0,0,0,18-APR-2022,
OPTSTK,BATAINDIA,30-Jun-2022,1960.0,PE,0.0,0.0,0.0,136.6,118.1,0,0.0,0,0,18-APR-2022,
OPTSTK,BATAINDIA,30-Jun-2022,1980.0,PE,0.0,0.0,0.0,147.0,128.3,0,0.0,0,0,18-APR-2022,
OPTSTK,BATAINDIA,30-Jun-2022,2000.0,PE,0.0,0.0,0.0,157.8,138.95,0,0.0,0,0,18-APR-2022,
OPTSTK,BATAINDIA,30-Jun-2022,2020.0,PE,0.0,0.0,0.0,169.0,150.05,0,0.0,0,0,18-APR-2022,
OPTSTK,BATAINDIA,30-Jun-2022,2040.0,PE,0.0,0.0,0.0,180.65,161.65,0,0.0,0,0,18-APR-2022,
OPTSTK,BATAINDIA,30-Jun-2022,2060.0,PE,0.0,0.0,0.0,192.65,173.7,0,0.0,0,0,18-APR-2022,
OPTSTK,BATAINDIA,30-Jun-2022,2080.0,PE,0.0,0.0,0.0,205.05,186.15,0,0.0,0,0,18-APR-2022,
OPTSTK,BATAINDIA,30-Jun-2022,2100.0,PE,0.0,0.0,0.0,217.85,199.05,0,0.0,0,0,18-APR-2022,
OPTSTK,BATAINDIA,30-Jun-2022,2120.0,PE,0.0,0.0,0.0,230.95,212.35,0,0.0,0,0,18-APR-2022,
OPTSTK,BATAINDIA,30-Jun-2022,2140.0,PE,0.0,0.0,0.0,244.45,226.05,0,0.0,0,0,18-APR-2022,
OPTSTK,BATAINDIA,30-Jun-2022,2160.0,PE,0.0,0.0,0.0,258.3,240.15,0,0.0,0,0,18-APR-2022,
OPTSTK,BATAINDIA,30-Jun-2022,2180.0,PE,0.0,0.0,0.0,272.5,254.6,0,0.0,0,0,18-APR-2022,
OPTSTK,BATAINDIA,30-Jun-2022,2200.0,PE,0.0,0.0,0.0,287.0,269.5,0,0.0,0,0,18-APR-2022,
OPTSTK,BATAINDIA,30-Jun-2022,2220.0,PE,0.0,0.0,0.0,301.9,284.7,0,0.0,0,0,18-APR-2022,
OPTSTK,BATAINDIA,30-Jun-2022,2240.0,PE,0.0,0.0,0.0,317.0,300.15,0,0.0,0,0,18-APR-2022,
OPTSTK,BATAINDIA,30-Jun-2022,2260.0,PE,0.0,0.0,0.0,332.4,315.9,0,0.0,0,0,18-APR-2022,
OPTSTK,BATAINDIA,30-Jun-2022,2280.0,PE,0.0,0.0,0.0,348.1,331.95,0,0.0,0,0,18-APR-2022,
OPTSTK,BATAINDIA,30-Jun-2022,2300.0,PE,0.0,0.0,0.0,363.9,348.3,0,0.0,0,0,18-APR-2022,
OPTSTK,BATAINDIA,30-Jun-2022,2320.0,PE,0.0,0.0,0.0,380.05,364.9,0,0.0,0,0,18-APR-2022,
OPTSTK,BATAINDIA,30-Jun-2022,2340.0,PE,0.0,0.0,0.0,396.45,381.75,0,0.0,0,0,18-APR-2022,
OPTSTK,BATAINDIA,30-Jun-2022,2360.0,PE,0.0,0.0,0.0,413.1,398.8,0,0.0,0,0,18-APR-2022,
OPTSTK,BATAINDIA,30-Jun-2022,2380.0,PE,0.0,0.0,0.0,429.9,416.1,0,0.0,0,0,18-APR-2022,
OPTSTK,BATAINDIA,30-Jun-2022,2400.0,PE,0.0,0.0,0.0,446.9,433.6,0,0.0,0,0,18-APR-2022,
OPTSTK,BATAINDIA,30-Jun-2022,2420.0,PE,0.0,0.0,0.0,464.15,451.25,0,0.0,0,0,18-APR-2022,
OPTSTK,BATAINDIA,30-Jun-2022,2440.0,PE,0.0,0.0,0.0,481.5,469.1,0,0.0,0,0,18-APR-2022,
OPTSTK,BATAINDIA,30-Jun-2022,2460.0,PE,0.0,0.0,0.0,499.1,487.15,0,0.0,0,0,18-APR-2022,
OPTSTK,BATAINDIA,30-Jun-2022,2480.0,PE,0.0,0.0,0.0,516.8,505.3,0,0.0,0,0,18-APR-2022,
OPTSTK,BATAINDIA,30-Jun-2022,2500.0,PE,0.0,0.0,0.0,534.65,523.6,0,0.0,0,0,18-APR-2022,
OPTSTK,BATAINDIA,30-Jun-2022,2520.0,PE,0.0,0.0,0.0,552.65,542.05,0,0.0,0,0,18-APR-2022,
OPTSTK,BATAINDIA,30-Jun-2022,2540.0,PE,0.0,0.0,0.0,570.8,560.6,0,0.0,0,0,18-APR-2022,
OPTSTK,BATAINDIA,30-Jun-2022,2560.0,PE,0.0,0.0,0.0,589.05,579.3,0,0.0,0,0,18-APR-2022,
OPTSTK,BATAINDIA,30-Jun-2022,2580.0,PE,0.0,0.0,0.0,607.4,598.1,0,0.0,0,0,18-APR-2022,
OPTSTK,BEL,28-Apr-2022,130.0,CE,0.0,0.0,0.0,76.55,125.1,0,0.0,0,0,18-APR-2022,
OPTSTK,BEL,28-Apr-2022,132.5,CE,0.0,0.0,0.0,74.15,122.6,0,0.0,0,0,18-APR-2022,
OPTSTK,BEL,28-Apr-2022,135.0,CE,0.0,0.0,0.0,71.8,120.1,0,0.0,0,0,18-APR-2022,
OPTSTK,BEL,28-Apr-2022,137.5,CE,0.0,0.0,0.0,69.45,117.6,0,0.0,0,0,18-APR-2022,
OPTSTK,BEL,28-Apr-2022,140.0,CE,0.0,0.0,0.0,67.1,115.15,0,0.0,0,0,18-APR-2022,
OPTSTK,BEL,28-Apr-2022,142.5,CE,0.0,0.0,0.0,64.75,112.65,0,0.0,0,0,18-APR-2022,
OPTSTK,BEL,28-Apr-2022,145.0,CE,0.0,0.0,0.0,65.0,110.15,0,0.0,22800,0,18-APR-2022,
OPTSTK,BEL,28-Apr-2022,147.5,CE,0.0,0.0,0.0,60.2,107.65,0,0.0,0,0,18-APR-2022,
OPTSTK,BEL,28-Apr-2022,150.0,CE,0.0,0.0,0.0,60.0,105.15,0,0.0,53200,0,18-APR-2022,
OPTSTK,BEL,28-Apr-2022,152.5,CE,0.0,0.0,0.0,55.75,102.65,0,0.0,0,0,18-APR-2022,
OPTSTK,BEL,28-Apr-2022,155.0,CE,0.0,0.0,0.0,55.0,100.15,0,0.0,26600,0,18-APR-2022,
OPTSTK,BEL,28-Apr-2022,157.5,CE,0.0,0.0,0.0,51.4,97.65,0,0.0,0,0,18-APR-2022,
OPTSTK,BEL,28-Apr-2022,160.0,CE,0.0,0.0,0.0,50.0,95.15,0,0.0,22800,0,18-APR-2022,
OPTSTK,BEL,28-Apr-2022,162.5,CE,0.0,0.0,0.0,47.25,92.65,0,0.0,0,0,18-APR-2022,
OPTSTK,BEL,28-Apr-2022,165.0,CE,0.0,0.0,0.0,45.0,90.15,0,0.0,22800,0,18-APR-2022,
OPTSTK,BEL,28-Apr-2022,167.5,CE,0.0,0.0,0.0,43.25,87.65,0,0.0,0,0,18-APR-2022,
OPTSTK,BEL,28-Apr-2022,170.0,CE,0.0,0.0,0.0,36.5,85.15,0,0.0,15200,0,18-APR-2022,
OPTSTK,BEL,28-Apr-2022,172.5,CE,0.0,0.0,0.0,39.4,82.65,0,0.0,0,0,18-APR-2022,
OPTSTK,BEL,28-Apr-2022,175.0,CE,0.0,0.0,0.0,31.0,80.15,0,0.0,15200,0,18-APR-2022,
OPTSTK,BEL,28-Apr-2022,177.5,CE,0.0,0.0,0.0,35.8,77.65,0,0.0,0,0,18-APR-2022,
OPTSTK,BEL,28-Apr-2022,180.0,CE,0.0,0.0,0.0,27.5,75.15,0,0.0,7600,0,18-APR-2022,
OPTSTK,BEL,28-Apr-2022,182.5,CE,0.0,0.0,0.0,32.4,72.7,0,0.0,0,0,18-APR-2022,
OPTSTK,BEL,28-Apr-2022,185.0,CE,0.0,0.0,0.0,30.75,70.2,0,0.0,0,0,18-APR-2022,
OPTSTK,BEL,28-Apr-2022,187.5,CE,0.0,0.0,0.0,29.2,67.7,0,0.0,0,0,18-APR-2022,
OPTSTK,BEL,28-Apr-2022,190.0,CE,0.0,0.0,0.0,27.65,65.2,0,0.0,0,0,18-APR-2022,
OPTSTK,BEL,28-Apr-2022,192.5,CE,0.0,0.0,0.0,26.2,62.7,0,0.0,0,0,18-APR-2022,
OPTSTK,BEL,28-Apr-2022,195.0,CE,0.0,0.0,0.0,24.8,60.2,0,0.0,0,0,18-APR-2022,
OPTSTK,BEL,28-Apr-2022,197.5,CE,0.0,0.0,0.0,23.45,57.7,0,0.0,0,0,18-APR-2022,
OPTSTK,BEL,28-Apr-2022,200.0,CE,52.15,54.75,52.15,54.5,55.2,4,38.6,148200,-7600,18-APR-2022,
OPTSTK,BEL,28-Apr-2022,202.5,CE,0.0,0.0,0.0,20.9,52.7,0,0.0,0,0,18-APR-2022,
OPTSTK,BEL,28-Apr-2022,205.0,CE,42.65,49.35,42.65,49.35,50.2,3,28.65,95000,-7600,18-APR-2022,
OPTSTK,BEL,28-Apr-2022,207.5,CE,0.0,0.0,0.0,41.2,47.7,0,0.0,68400,0,18-APR-2022,
OPTSTK,BEL,28-Apr-2022,210.0,CE,40.0,46.8,39.75,44.35,44.35,16,154.24,475000,-38000,18-APR-2022,
OPTSTK,BEL,28-Apr-2022,212.5,CE,0.0,0.0,0.0,28.9,42.75,0,0.0,79800,0,18-APR-2022,
OPTSTK,BEL,28-Apr-2022,215.0,CE,32.2,37.25,32.2,37.25,40.3,4,38.0,288800,-3800,18-APR-2022,
OPTSTK,BEL,28-Apr-2022,217.5,CE,34.15,34.15,34.15,34.15,37.8,1,9.56,174800,0,18-APR-2022,
OPTSTK,BEL,28-Apr-2022,220.0,CE,28.55,36.65,28.0,35.2,35.2,34,325.34,566200,-91200,18-APR-2022,
OPTSTK,BEL,28-Apr-2022,222.5,CE,26.3,28.0,26.3,28.0,32.95,3,28.49,231800,-3800,18-APR-2022,
OPTSTK,BEL,28-Apr-2022,225.0,CE,25.6,30.8,23.3,30.8,30.8,20,192.14,376200,-45600,18-APR-2022,
OPTSTK,BEL,28-Apr-2022,227.5,CE,23.2,25.35,22.3,25.3,28.2,5,47.83,239400,3800,18-APR-2022,
OPTSTK,BEL,28-Apr-2022,230.0,CE,2.3,27.4,2.3,25.8,25.8,112,1077.15,1227400,-159600,18-APR-2022,
OPTSTK,BEL,28-Apr-2022,232.5,CE,18.2,23.9,18.2,23.55,23.55,17,164.42,326800,-3800,18-APR-2022,
OPTSTK,BEL,28-Apr-2022,235.0,CE,15.3,22.6,14.85,21.85,21.85,76,731.03,475000,-114000,18-APR-2022,
OPTSTK,BEL,28-Apr-2022,237.5,CE,14.5,14.5,14.1,14.1,19.35,2,19.13,159600,3800,18-APR-2022,
OPTSTK,BEL,28-Apr-2022,240.0,CE,9.75,18.35,9.75,16.9,16.9,573,5544.8,1261600,-440800,18-APR-2022,
OPTSTK,BEL,28-Apr-2022,242.5,CE,10.9,15.75,9.55,14.8,15.45,66,640.1,190000,-38000,18-APR-2022,
OPTSTK,BEL,28-Apr-2022,245.0,CE,8.4,14.15,7.9,12.7,12.7,892,8661.06,741000,-562400,18-APR-2022,
OPTSTK,BEL,28-Apr-2022,247.5,CE,5.7,12.35,5.7,11.25,11.25,411,4008.89,304000,-41800,18-APR-2022,
OPTSTK,BEL,28-Apr-2022,250.0,CE,4.8,10.95,4.8,9.4,9.4,4391,43128.1,2025400,-1098200,18-APR-2022,
OPTSTK,BEL,28-Apr-2022,252.5,CE,5.15,9.4,4.75,7.9,7.9,644,6356.34,228000,-19000,18-APR-2022,
OPTSTK,BEL,28-Apr-2022,255.0,CE,3.0,8.1,3.0,6.65,6.65,3192,31702.69,1250200,323000,18-APR-2022,
OPTSTK,BEL,28-Apr-2022,257.5,CE,2.7,6.85,2.7,5.55,5.55,283,2828.33,178600,129200,18-APR-2022,
OPTSTK,BEL,28-Apr-2022,260.0,CE,2.85,5.8,2.0,4.55,4.55,3729,37467.15,2177400,186200,18-APR-2022,
OPTSTK,BEL,28-Apr-2022,262.5,CE,0.9,4.8,0.9,3.7,3.7,105,1061.81,72200,49400,18-APR-2022,
OPTSTK,BEL,28-Apr-2022,265.0,CE,1.8,4.0,1.55,3.0,3.0,937,9540.58,1018400,-53200,18-APR-2022,
OPTSTK,BEL,28-Apr-2022,267.5,CE,2.1,3.2,2.0,2.35,2.35,41,420.65,38000,15200,18-APR-2022,
OPTSTK,BEL,28-Apr-2022,270.0,CE,0.9,2.65,0.85,1.9,1.9,1425,14725.51,1048800,171000,18-APR-2022,
OPTSTK,BEL,28-Apr-2022,272.5,CE,0.0,0.0,0.0,3.1,2.1,0,0.0,0,0,18-APR-2022,
OPTSTK,BEL,28-Apr-2022,275.0,CE,0.5,1.7,0.5,1.2,1.2,468,4912.07,786600,106400,18-APR-2022,
OPTSTK,BEL,28-Apr-2022,277.5,CE,0.7,1.4,0.45,0.95,0.95,77,814.71,243200,15200,18-APR-2022,
OPTSTK,BEL,28-Apr-2022,280.0,CE,0.45,1.1,0.35,0.75,0.75,919,9805.8,1242600,520600,18-APR-2022,
OPTSTK,BEL,28-Apr-2022,282.5,CE,0.75,0.85,0.5,0.55,0.55,62,667.1,155800,0,18-APR-2022,
OPTSTK,BEL,28-Apr-2022,285.0,CE,0.6,0.65,0.35,0.35,0.65,5,54.25,3800,3800,18-APR-2022,
OPTSTK,BEL,28-Apr-2022,287.5,CE,0.0,0.0,0.0,1.95,0.5,0,0.0,0,0,18-APR-2022,
OPTSTK,BEL,28-Apr-2022,290.0,CE,0.35,0.45,0.25,0.35,0.35,105,1158.49,174800,174800,18-APR-2022,
OPTSTK,BEL,28-Apr-2022,130.0,PE,0.0,0.0,0.0,0.05,0.0,0,0.0,15200,0,18-APR-2022,
OPTSTK,BEL,28-Apr-2022,132.5,PE,0.0,0.0,0.0,0.1,0.0,0,0.0,3800,0,18-APR-2022,
OPTSTK,BEL,28-Apr-2022,135.0,PE,0.0,0.0,0.0,0.5,0.0,0,0.0,0,0,18-APR-2022,
OPTSTK,BEL,28-Apr-2022,137.5,PE,0.0,0.0,0.0,0.6,0.0,0,0.0,0,0,18-APR-2022,
OPTSTK,BEL,28-Apr-2022,140.0,PE,0.0,0.0,0.0,0.7,0.0,0,0.0,0,0,18-APR-2022,
OPTSTK,BEL,28-Apr-2022,142.5,PE,0.0,0.0,0.0,0.85,0.0,0,0.0,0,0,18-APR-2022,
OPTSTK,BEL,28-Apr-2022,145.0,PE,0.0,0.0,0.0,1.05,0.0,0,0.0,0,0,18-APR-2022,
OPTSTK,BEL,28-Apr-2022,147.5,PE,0.0,0.0,0.0,1.25,0.0,0,0.0,0,0,18-APR-2022,
OPTSTK,BEL,28-Apr-2022,150.0,PE,0.0,0.0,0.0,0.05,0.0,0,0.0,11400,0,18-APR-2022,
OPTSTK,BEL,28-Apr-2022,152.5,PE,0.0,0.0,0.0,1.75,0.0,0,0.0,0,0,18-APR-2022,
OPTSTK,BEL,28-Apr-2022,155.0,PE,0.0,0.0,0.0,2.05,0.0,0,0.0,0,0,18-APR-2022,
OPTSTK,BEL,28-Apr-2022,157.5,PE,0.0,0.0,0.0,2.35,0.0,0,0.0,0,0,18-APR-2022,
OPTSTK,BEL,28-Apr-2022,160.0,PE,0.0,0.0,0.0,0.05,0.0,0,0.0,7600,0,18-APR-2022,
OPTSTK,BEL,28-Apr-2022,162.5,PE,0.0,0.0,0.0,3.15,0.0,0,0.0,0,0,18-APR-2022,
OPTSTK,BEL,28-Apr-2022,165.0,PE,0.0,0.0,0.0,0.15,0.0,0,0.0,30400,0,18-APR-2022,
OPTSTK,BEL,28-Apr-2022,167.5,PE,0.0,0.0,0.0,0.5,0.0,0,0.0,3800,0,18-APR-2022,
OPTSTK,BEL,28-Apr-2022,170.0,PE,0.0,0.0,0.0,0.05,0.0,0,0.0,22800,0,18-APR-2022,
OPTSTK,BEL,28-Apr-2022,172.5,PE,0.0,0.0,0.0,0.1,0.0,0,0.0,110200,0,18-APR-2022,
OPTSTK,BEL,28-Apr-2022,175.0,PE,0.0,0.0,0.0,0.1,0.0,0,0.0,45600,0,18-APR-2022,
OPTSTK,BEL,28-Apr-2022,177.5,PE,0.0,0.0,0.0,6.55,0.0,0,0.0,0,0,18-APR-2022,
OPTSTK,BEL,28-Apr-2022,180.0,PE,0.05,0.1,0.05,0.1,0.0,4,27.36,190000,-15200,18-APR-2022,
OPTSTK,BEL,28-Apr-2022,182.5,PE,0.0,0.0,0.0,8.1,0.0,0,0.0,0,0,18-APR-2022,
OPTSTK,BEL,28-Apr-2022,185.0,PE,0.05,0.05,0.05,0.05,0.0,1,7.03,110200,0,18-APR-2022,
OPTSTK,BEL,28-Apr-2022,187.5,PE,0.0,0.0,0.0,9.85,0.0,0,0.0,0,0,18-APR-2022,
OPTSTK,BEL,28-Apr-2022,190.0,PE,0.2,0.2,0.05,0.15,0.15,28,202.27,851200,-98800,18-APR-2022,
OPTSTK,BEL,28-Apr-2022,192.5,PE,0.0,0.0,0.0,0.2,0.0,0,0.0,22800,0,18-APR-2022,
OPTSTK,BEL,28-Apr-2022,195.0,PE,0.25,0.25,0.1,0.25,0.0,9,66.74,391400,-26600,18-APR-2022,
OPTSTK,BEL,28-Apr-2022,197.5,PE,0.0,0.0,0.0,1.25,0.0,0,0.0,3800,0,18-APR-2022,
OPTSTK,BEL,28-Apr-2022,200.0,PE,0.2,0.25,0.2,0.25,0.25,81,616.28,1322400,-95000,18-APR-2022,
OPTSTK,BEL,28-Apr-2022,202.5,PE,0.0,0.0,0.0,0.25,0.0,0,0.0,209000,0,18-APR-2022,
OPTSTK,BEL,28-Apr-2022,205.0,PE,0.3,0.35,0.2,0.2,0.2,39,304.23,520600,53200,18-APR-2022,
OPTSTK,BEL,28-Apr-2022,207.5,PE,0.3,0.3,0.25,0.25,0.05,3,23.68,186200,0,18-APR-2022,
OPTSTK,BEL,28-Apr-2022,210.0,PE,0.4,0.4,0.2,0.25,0.25,146,1166.51,995600,-60800,18-APR-2022,
OPTSTK,BEL,28-Apr-2022,212.5,PE,0.4,0.4,0.25,0.3,0.3,12,97.04,190000,19000,18-APR-2022,
OPTSTK,BEL,28-Apr-2022,215.0,PE,0.45,0.5,0.3,0.35,0.35,61,499.24,573800,-72200,18-APR-2022,
OPTSTK,BEL,28-Apr-2022,217.5,PE,0.3,0.35,0.3,0.35,0.1,6,49.66,205200,-15200,18-APR-2022,
OPTSTK,BEL,28-Apr-2022,220.0,PE,0.6,0.65,0.35,0.4,0.4,438,3669.17,1189400,-228000,18-APR-2022,
OPTSTK,BEL,28-Apr-2022,222.5,PE,0.65,0.7,0.45,0.45,0.45,26,220.34,174800,15200,18-APR-2022,
OPTSTK,BEL,28-Apr-2022,225.0,PE,2.3,2.3,0.5,0.55,0.55,266,2280.6,752400,-228000,18-APR-2022,
OPTSTK,BEL,28-Apr-2022,227.5,PE,1.0,1.05,0.55,0.65,0.5,76,659.02,140600,-22800,18-APR-2022,
OPTSTK,BEL,28-Apr-2022,230.0,PE,1.75,1.75,0.65,0.75,0.75,752,6597.25,1489600,-148200,18-APR-2022,
OPTSTK,BEL,28-Apr-2022,232.5,PE,1.55,1.65,0.85,0.95,0.95,61,541.35,243200,3800,18-APR-2022,
OPTSTK,BEL,28-Apr-2022,235.0,PE,2.65,2.75,1.0,1.1,1.1,693,6227.07,725800,-281200,18-APR-2022,
OPTSTK,BEL,28-Apr-2022,237.5,PE,2.45,2.85,1.25,1.35,1.35,89,808.73,258400,19000,18-APR-2022,
OPTSTK,BEL,28-Apr-2022,240.0,PE,4.0,4.05,1.55,1.75,1.75,1072,9871.06,1151400,-182400,18-APR-2022,
OPTSTK,BEL,28-Apr-2022,242.5,PE,3.7,4.45,2.0,2.3,2.3,139,1294.89,224200,83600,18-APR-2022,
OPTSTK,BEL,28-Apr-2022,245.0,PE,6.4,6.45,2.45,2.7,2.7,655,6192.54,779000,323000,18-APR-2022,
OPTSTK,BEL,28-Apr-2022,247.5,PE,6.8,7.4,3.25,3.4,3.4,379,3633.97,231800,72200,18-APR-2022,
OPTSTK,BEL,28-Apr-2022,250.0,PE,9.7,9.7,4.0,4.35,4.35,1401,13593.5,1170400,657400,18-APR-2022,
OPTSTK,BEL,28-Apr-2022,252.5,PE,8.95,9.25,5.0,5.45,5.45,167,1641.72,102600,95000,18-APR-2022,
OPTSTK,BEL,28-Apr-2022,255.0,PE,10.7,10.8,6.2,6.6,6.6,608,6064.31,326800,205200,18-APR-2022,
OPTSTK,BEL,28-Apr-2022,257.5,PE,9.55,10.3,7.7,7.9,7.9,20,202.56,15200,15200,18-APR-2022,
OPTSTK,BEL,28-Apr-2022,260.0,PE,12.0,12.0,8.95,9.55,9.55,245,2514.57,406600,349600,18-APR-2022,
OPTSTK,BEL,28-Apr-2022,262.5,PE,0.0,0.0,0.0,59.05,11.9,0,0.0,0,0,18-APR-2022,
OPTSTK,BEL,28-Apr-2022,265.0,PE,0.0,0.0,0.0,61.2,13.6,0,0.0,0,0,18-APR-2022,
OPTSTK,BEL,28-Apr-2022,267.5,PE,0.0,0.0,0.0,63.4,15.4,0,0.0,0,0,18-APR-2022,
OPTSTK,BEL,28-Apr-2022,270.0,PE,0.0,0.0,0.0,65.6,17.3,0,0.0,0,0,18-APR-2022,
OPTSTK,BEL,28-Apr-2022,272.5,PE,0.0,0.0,0.0,67.85,19.35,0,0.0,0,0,18-APR-2022,
OPTSTK,BEL,28-Apr-2022,275.0,PE,0.0,0.0,0.0,70.1,21.4,0,0.0,0,0,18-APR-2022,
OPTSTK,BEL,28-Apr-2022,277.5,PE,0.0,0.0,0.0,72.35,23.55,0,0.0,0,0,18-APR-2022,
OPTSTK,BEL,28-Apr-2022,280.0,PE,0.0,0.0,0.0,74.6,25.8,0,0.0,0,0,18-APR-2022,
OPTSTK,BEL,28-Apr-2022,282.5,PE,0.0,0.0,0.0,76.9,28.05,0,0.0,0,0,18-APR-2022,
OPTSTK,BEL,28-Apr-2022,285.0,PE,0.0,0.0,0.0,79.2,30.35,0,0.0,0,0,18-APR-2022,
OPTSTK,BEL,28-Apr-2022,287.5,PE,0.0,0.0,0.0,81.55,32.7,0,0.0,0,0,18-APR-2022,
OPTSTK,BEL,28-Apr-2022,290.0,PE,0.0,0.0,0.0,83.85,35.1,0,0.0,0,0,18-APR-2022,
OPTSTK,BEL,26-May-2022,130.0,CE,0.0,0.0,0.0,59.85,125.55,0,0.0,0,0,18-APR-2022,
OPTSTK,BEL,26-May-2022,132.5,CE,0.0,0.0,0.0,57.55,123.05,0,0.0,0,0,18-APR-2022,
OPTSTK,BEL,26-May-2022,135.0,CE,0.0,0.0,0.0,55.25,120.55,0,0.0,0,0,18-APR-2022,
OPTSTK,BEL,26-May-2022,137.5,CE,0.0,0.0,0.0,52.95,118.1,0,0.0,0,0,18-APR-2022,
OPTSTK,BEL,26-May-2022,140.0,CE,0.0,0.0,0.0,50.75,115.6,0,0.0,0,0,18-APR-2022,
OPTSTK,BEL,26-May-2022,142.5,CE,0.0,0.0,0.0,48.55,113.1,0,0.0,0,0,18-APR-2022,
OPTSTK,BEL,26-May-2022,145.0,CE,0.0,0.0,0.0,46.4,110.6,0,0.0,0,0,18-APR-2022,
OPTSTK,BEL,26-May-2022,147.5,CE,0.0,0.0,0.0,44.25,108.1,0,0.0,0,0,18-APR-2022,
OPTSTK,BEL,26-May-2022,150.0,CE,0.0,0.0,0.0,42.2,105.65,0,0.0,0,0,18-APR-2022,
OPTSTK,BEL,26-May-2022,152.5,CE,0.0,0.0,0.0,40.15,103.15,0,0.0,0,0,18-APR-2022,
OPTSTK,BEL,26-May-2022,155.0,CE,0.0,0.0,0.0,38.2,100.65,0,0.0,0,0,18-APR-2022,
OPTSTK,BEL,26-May-2022,157.5,CE,0.0,0.0,0.0,36.25,98.15,0,0.0,0,0,18-APR-2022,
OPTSTK,BEL,26-May-2022,160.0,CE,0.0,0.0,0.0,34.4,95.7,0,0.0,0,0,18-APR-2022,
OPTSTK,BEL,26-May-2022,162.5,CE,0.0,0.0,0.0,32.6,93.2,0,0.0,0,0,18-APR-2022,
OPTSTK,BEL,26-May-2022,165.0,CE,0.0,0.0,0.0,30.8,90.7,0,0.0,0,0,18-APR-2022,
OPTSTK,BEL,26-May-2022,167.5,CE,0.0,0.0,0.0,29.1,88.2,0,0.0,0,0,18-APR-2022,
OPTSTK,BEL,26-May-2022,170.0,CE,0.0,0.0,0.0,27.45,85.75,0,0.0,0,0,18-APR-2022,
OPTSTK,BEL,26-May-2022,172.5,CE,0.0,0.0,0.0,25.9,83.25,0,0.0,0,0,18-APR-2022,
OPTSTK,BEL,26-May-2022,175.0,CE,0.0,0.0,0.0,24.4,80.8,0,0.0,0,0,18-APR-2022,
OPTSTK,BEL,26-May-2022,177.5,CE,0.0,0.0,0.0,22.9,78.3,0,0.0,0,0,18-APR-2022,
OPTSTK,BEL,26-May-2022,180.0,CE,0.0,0.0,0.0,21.55,75.85,0,0.0,0,0,18-APR-2022,
OPTSTK,BEL,26-May-2022,182.5,CE,0.0,0.0,0.0,20.2,73.4,0,0.0,0,0,18-APR-2022,
OPTSTK,BEL,26-May-2022,185.0,CE,0.0,0.0,0.0,18.95,70.95,0,0.0,0,0,18-APR-2022,
OPTSTK,BEL,26-May-2022,187.5,CE,0.0,0.0,0.0,17.7,68.5,0,0.0,0,0,18-APR-2022,
OPTSTK,BEL,26-May-2022,190.0,CE,0.0,0.0,0.0,16.55,66.05,0,0.0,0,0,18-APR-2022,
OPTSTK,BEL,26-May-2022,192.5,CE,0.0,0.0,0.0,15.45,63.6,0,0.0,0,0,18-APR-2022,
OPTSTK,BEL,26-May-2022,195.0,CE,0.0,0.0,0.0,14.45,61.2,0,0.0,0,0,18-APR-2022,
OPTSTK,BEL,26-May-2022,197.5,CE,0.0,0.0,0.0,13.45,58.85,0,0.0,0,0,18-APR-2022,
OPTSTK,BEL,26-May-2022,200.0,CE,0.0,0.0,0.0,19.9,56.45,0,0.0,7600,0,18-APR-2022,
OPTSTK,BEL,26-May-2022,202.5,CE,0.0,0.0,0.0,11.65,54.1,0,0.0,0,0,18-APR-2022,
OPTSTK,BEL,26-May-2022,205.0,CE,0.0,0.0,0.0,10.8,51.8,0,0.0,0,0,18-APR-2022,
OPTSTK,BEL,26-May-2022,207.5,CE,0.0,0.0,0.0,10.05,49.5,0,0.0,0,0,18-APR-2022,
OPTSTK,BEL,26-May-2022,210.0,CE,0.0,0.0,0.0,9.3,47.25,0,0.0,0,0,18-APR-2022,
OPTSTK,BEL,26-May-2022,212.5,CE,0.0,0.0,0.0,8.6,45.0,0,0.0,0,0,18-APR-2022,
OPTSTK,BEL,26-May-2022,215.0,CE,0.0,0.0,0.0,8.0,42.8,0,0.0,0,0,18-APR-2022,
OPTSTK,BEL,26-May-2022,217.5,CE,0.0,0.0,0.0,7.4,40.7,0,0.0,0,0,18-APR-2022,
OPTSTK,BEL,26-May-2022,220.0,CE,0.0,0.0,0.0,13.0,38.6,0,0.0,3800,0,18-APR-2022,
OPTSTK,BEL,26-May-2022,222.5,CE,0.0,0.0,0.0,6.3,36.55,0,0.0,0,0,18-APR-2022,
OPTSTK,BEL,26-May-2022,225.0,CE,0.0,0.0,0.0,5.8,34.55,0,0.0,0,0,18-APR-2022,
OPTSTK,BEL,26-May-2022,227.5,CE,0.0,0.0,0.0,5.35,32.6,0,0.0,0,0,18-APR-2022,
OPTSTK,BEL,26-May-2022,230.0,CE,0.0,0.0,0.0,4.95,30.7,0,0.0,0,0,18-APR-2022,
OPTSTK,BEL,26-May-2022,232.5,CE,0.0,0.0,0.0,4.55,28.85,0,0.0,0,0,18-APR-2022,
OPTSTK,BEL,26-May-2022,235.0,CE,0.0,0.0,0.0,4.2,27.1,0,0.0,0,0,18-APR-2022,
OPTSTK,BEL,26-May-2022,237.5,CE,0.0,0.0,0.0,3.85,25.4,0,0.0,0,0,18-APR-2022,
OPTSTK,BEL,26-May-2022,240.0,CE,20.5,21.9,20.25,21.45,21.45,7,69.37,72200,0,18-APR-2022,
OPTSTK,BEL,26-May-2022,242.5,CE,0.0,0.0,0.0,3.25,22.15,0,0.0,0,0,18-APR-2022,
OPTSTK,BEL,26-May-2022,245.0,CE,0.0,0.0,0.0,2.95,20.65,0,0.0,0,0,18-APR-2022,
OPTSTK,BEL,26-May-2022,247.5,CE,0.0,0.0,0.0,2.7,19.2,0,0.0,0,0,18-APR-2022,
OPTSTK,BEL,26-May-2022,250.0,CE,12.2,16.5,11.5,15.5,15.5,50,502.42,159600,22800,18-APR-2022,
OPTSTK,BEL,26-May-2022,252.5,CE,14.95,14.95,13.55,13.55,16.55,2,20.27,3800,3800,18-APR-2022,
OPTSTK,BEL,26-May-2022,255.0,CE,0.0,0.0,0.0,2.1,15.3,0,0.0,0,0,18-APR-2022,
OPTSTK,BEL,26-May-2022,257.5,CE,0.0,0.0,0.0,1.9,14.15,0,0.0,0,0,18-APR-2022,
OPTSTK,BEL,26-May-2022,260.0,CE,7.0,12.05,7.0,11.2,11.2,89,914.05,136800,68400,18-APR-2022,
OPTSTK,BEL,26-May-2022,262.5,CE,0.0,0.0,0.0,1.6,12.0,0,0.0,0,0,18-APR-2022,
OPTSTK,BEL,26-May-2022,265.0,CE,0.0,0.0,0.0,1.45,11.05,0,0.0,0,0,18-APR-2022,
OPTSTK,BEL,26-May-2022,267.5,CE,0.0,0.0,0.0,1.35,10.1,0,0.0,0,0,18-APR-2022,
OPTSTK,BEL,26-May-2022,270.0,CE,6.0,8.25,5.9,7.25,7.25,88,926.05,167200,72200,18-APR-2022,
OPTSTK,BEL,26-May-2022,272.5,CE,0.0,0.0,0.0,5.1,8.45,0,0.0,3800,0,18-APR-2022,
OPTSTK,BEL,26-May-2022,275.0,CE,4.7,6.0,4.7,6.0,7.75,4,42.59,19000,11400,18-APR-2022,
OPTSTK,BEL,26-May-2022,277.5,CE,0.0,0.0,0.0,1.8,7.05,0,0.0,0,0,18-APR-2022,
OPTSTK,BEL,26-May-2022,280.0,CE,5.0,5.0,5.0,5.0,5.0,5,54.15,19000,19000,18-APR-2022,
OPTSTK,BEL,26-May-2022,282.5,CE,0.0,0.0,0.0,1.5,5.85,0,0.0,0,0,18-APR-2022,
OPTSTK,BEL,26-May-2022,285.0,CE,0.0,0.0,0.0,1.4,5.3,0,0.0,0,0,18-APR-2022,
OPTSTK,BEL,26-May-2022,287.5,CE,0.0,0.0,0.0,2.2,4.8,0,0.0,0,0,18-APR-2022,
OPTSTK,BEL,26-May-2022,290.0,CE,2.5,3.3,1.25,3.25,3.25,15,166.91,38000,38000,18-APR-2022,
OPTSTK,BEL,26-May-2022,130.0,PE,0.0,0.0,0.0,0.65,0.0,0,0.0,0,0,18-APR-2022,
OPTSTK,BEL,26-May-2022,132.5,PE,0.0,0.0,0.0,0.8,0.0,0,0.0,0,0,18-APR-2022,
OPTSTK,BEL,26-May-2022,135.0,PE,0.0,0.0,0.0,0.95,0.0,0,0.0,0,0,18-APR-2022,
OPTSTK,BEL,26-May-2022,137.5,PE,0.0,0.0,0.0,1.2,0.0,0,0.0,0,0,18-APR-2022,
OPTSTK,BEL,26-May-2022,140.0,PE,0.0,0.0,0.0,1.4,0.0,0,0.0,0,0,18-APR-2022,
OPTSTK,BEL,26-May-2022,142.5,PE,0.0,0.0,0.0,1.7,0.0,0,0.0,0,0,18-APR-2022,
OPTSTK,BEL,26-May-2022,145.0,PE,0.0,0.0,0.0,2.0,0.0,0,0.0,0,0,18-APR-2022,
OPTSTK,BEL,26-May-2022,147.5,PE,0.0,0.0,0.0,2.35,0.0,0,0.0,0,0,18-APR-2022,
OPTSTK,BEL,26-May-2022,150.0,PE,0.0,0.0,0.0,2.75,0.0,0,0.0,0,0,18-APR-2022,
OPTSTK,BEL,26-May-2022,152.5,PE,0.0,0.0,0.0,3.2,0.0,0,0.0,0,0,18-APR-2022,
OPTSTK,BEL,26-May-2022,155.0,PE,0.0,0.0,0.0,3.7,0.0,0,0.0,0,0,18-APR-2022,
OPTSTK,BEL,26-May-2022,157.5,PE,0.0,0.0,0.0,4.25,0.0,0,0.0,0,0,18-APR-2022,
OPTSTK,BEL,26-May-2022,160.0,PE,0.0,0.0,0.0,4.85,0.0,0,0.0,0,0,18-APR-2022,
OPTSTK,BEL,26-May-2022,162.5,PE,0.0,0.0,0.0,5.55,0.05,0,0.0,0,0,18-APR-2022,
OPTSTK,BEL,26-May-2022,165.0,PE,0.0,0.0,0.0,6.25,0.05,0,0.0,0,0,18-APR-2022,
OPTSTK,BEL,26-May-2022,167.5,PE,0.0,0.0,0.0,7.0,0.05,0,0.0,0,0,18-APR-2022,
OPTSTK,BEL,26-May-2022,170.0,PE,0.0,0.0,0.0,7.85,0.05,0,0.0,0,0,18-APR-2022,
OPTSTK,BEL,26-May-2022,172.5,PE,0.0,0.0,0.0,8.75,0.05,0,0.0,0,0,18-APR-2022,
OPTSTK,BEL,26-May-2022,175.0,PE,0.0,0.0,0.0,9.7,0.05,0,0.0,0,0,18-APR-2022,
OPTSTK,BEL,26-May-2022,177.5,PE,0.0,0.0,0.0,10.7,0.1,0,0.0,0,0,18-APR-2022,
OPTSTK,BEL,26-May-2022,180.0,PE,0.0,0.0,0.0,11.8,0.1,0,0.0,0,0,18-APR-2022,
OPTSTK,BEL,26-May-2022,182.5,PE,0.0,0.0,0.0,12.95,0.15,0,0.0,0,0,18-APR-2022,
OPTSTK,BEL,26-May-2022,185.0,PE,0.0,0.0,0.0,14.15,0.15,0,0.0,0,0,18-APR-2022,
OPTSTK,BEL,26-May-2022,187.5,PE,0.0,0.0,0.0,15.4,0.2,0,0.0,0,0,18-APR-2022,
OPTSTK,BEL,26-May-2022,190.0,PE,0.75,0.75,0.75,0.75,0.25,1,7.24,15200,0,18-APR-2022,
OPTSTK,BEL,26-May-2022,192.5,PE,0.0,0.0,0.0,18.1,0.3,0,0.0,0,0,18-APR-2022,
OPTSTK,BEL,26-May-2022,195.0,PE,0.0,0.0,0.0,19.55,0.4,0,0.0,0,0,18-APR-2022,
OPTSTK,BEL,26-May-2022,197.5,PE,0.0,0.0,0.0,21.05,0.5,0,0.0,0,0,18-APR-2022,
OPTSTK,BEL,26-May-2022,200.0,PE,1.0,1.0,1.0,1.0,0.6,10,76.38,64600,38000,18-APR-2022,
OPTSTK,BEL,26-May-2022,202.5,PE,0.0,0.0,0.0,24.15,0.75,0,0.0,0,0,18-APR-2022,
OPTSTK,BEL,26-May-2022,205.0,PE,0.0,0.0,0.0,25.8,0.95,0,0.0,0,0,18-APR-2022,
OPTSTK,BEL,26-May-2022,207.5,PE,0.0,0.0,0.0,27.5,1.15,0,0.0,0,0,18-APR-2022,
OPTSTK,BEL,26-May-2022,210.0,PE,1.6,1.6,1.3,1.3,1.35,4,32.14,167200,3800,18-APR-2022,
OPTSTK,BEL,26-May-2022,212.5,PE,0.0,0.0,0.0,31.05,1.6,0,0.0,0,0,18-APR-2022,
OPTSTK,BEL,26-May-2022,215.0,PE,0.0,0.0,0.0,32.9,1.9,0,0.0,0,0,18-APR-2022,
OPTSTK,BEL,26-May-2022,217.5,PE,0.0,0.0,0.0,34.75,2.25,0,0.0,0,0,18-APR-2022,
OPTSTK,BEL,26-May-2022,220.0,PE,3.0,3.0,1.85,2.05,2.65,13,109.85,72200,7600,18-APR-2022,
OPTSTK,BEL,26-May-2022,222.5,PE,0.0,0.0,0.0,38.65,3.1,0,0.0,0,0,18-APR-2022,
OPTSTK,BEL,26-May-2022,225.0,PE,2.0,2.65,2.0,2.65,3.6,6,51.82,26600,3800,18-APR-2022,
OPTSTK,BEL,26-May-2022,227.5,PE,0.0,0.0,0.0,42.65,4.15,0,0.0,0,0,18-APR-2022,
OPTSTK,BEL,26-May-2022,230.0,PE,3.1,3.9,3.1,3.6,4.7,12,106.52,41800,19000,18-APR-2022,
OPTSTK,BEL,26-May-2022,232.5,PE,0.0,0.0,0.0,46.75,5.4,0,0.0,0,0,18-APR-2022,
OPTSTK,BEL,26-May-2022,235.0,PE,0.0,0.0,0.0,6.5,6.1,0,0.0,3800,0,18-APR-2022,
OPTSTK,BEL,26-May-2022,237.5,PE,0.0,0.0,0.0,51.0,6.9,0,0.0,0,0,18-APR-2022,
OPTSTK,BEL,26-May-2022,240.0,PE,7.7,7.7,5.8,5.95,5.95,33,308.81,68400,57000,18-APR-2022,
OPTSTK,BEL,26-May-2022,242.5,PE,0.0,0.0,0.0,55.35,8.65,0,0.0,0,0,18-APR-2022,
OPTSTK,BEL,26-May-2022,245.0,PE,0.0,0.0,0.0,57.55,9.65,0,0.0,0,0,18-APR-2022,
OPTSTK,BEL,26-May-2022,247.5,PE,0.0,0.0,0.0,59.8,10.7,0,0.0,0,0,18-APR-2022,
OPTSTK,BEL,26-May-2022,250.0,PE,10.65,10.7,9.5,9.5,9.5,10,98.9,34200,30400,18-APR-2022,
OPTSTK,BEL,26-May-2022,252.5,PE,0.0,0.0,0.0,64.3,13.0,0,0.0,0,0,18-APR-2022,
OPTSTK,BEL,26-May-2022,255.0,PE,0.0,0.0,0.0,66.55,14.25,0,0.0,0,0,18-APR-2022,
OPTSTK,BEL,26-May-2022,257.5,PE,0.0,0.0,0.0,68.85,15.55,0,0.0,0,0,18-APR-2022,
OPTSTK,BEL,26-May-2022,260.0,PE,0.0,0.0,0.0,71.2,16.95,0,0.0,0,0,18-APR-2022,
OPTSTK,BEL,26-May-2022,262.5,PE,0.0,0.0,0.0,73.5,18.4,0,0.0,0,0,18-APR-2022,
OPTSTK,BEL,26-May-2022,265.0,PE,0.0,0.0,0.0,75.85,19.9,0,0.0,0,0,18-APR-2022,
OPTSTK,BEL,26-May-2022,267.5,PE,0.0,0.0,0.0,78.2,21.5,0,0.0,0,0,18-APR-2022,
OPTSTK,BEL,26-May-2022,270.0,PE,0.0,0.0,0.0,80.55,23.15,0,0.0,0,0,18-APR-2022,
OPTSTK,BEL,26-May-2022,272.5,PE,0.0,0.0,0.0,82.9,24.8,0,0.0,0,0,18-APR-2022,
OPTSTK,BEL,26-May-2022,275.0,PE,0.0,0.0,0.0,74.0,26.55,0,0.0,0,0,18-APR-2022,
OPTSTK,BEL,26-May-2022,277.5,PE,0.0,0.0,0.0,76.35,28.35,0,0.0,0,0,18-APR-2022,
OPTSTK,BEL,26-May-2022,280.0,PE,0.0,0.0,0.0,78.65,30.25,0,0.0,0,0,18-APR-2022,
OPTSTK,BEL,26-May-2022,282.5,PE,0.0,0.0,0.0,81.0,32.15,0,0.0,0,0,18-APR-2022,
OPTSTK,BEL,26-May-2022,285.0,PE,0.0,0.0,0.0,83.35,34.1,0,0.0,0,0,18-APR-2022,
OPTSTK,BEL,26-May-2022,287.5,PE,0.0,0.0,0.0,76.4,36.05,0,0.0,0,0,18-APR-2022,
OPTSTK,BEL,26-May-2022,290.0,PE,0.0,0.0,0.0,78.7,38.1,0,0.0,0,0,18-APR-2022,
OPTSTK,BEL,30-Jun-2022,130.0,CE,0.0,0.0,0.0,82.35,126.05,0,0.0,0,0,18-APR-2022,
OPTSTK,BEL,30-Jun-2022,132.5,CE,0.0,0.0,0.0,79.95,123.6,0,0.0,0,0,18-APR-2022,
OPTSTK,BEL,30-Jun-2022,135.0,CE,0.0,0.0,0.0,77.55,121.1,0,0.0,0,0,18-APR-2022,
OPTSTK,BEL,30-Jun-2022,137.5,CE,0.0,0.0,0.0,75.15,118.65,0,0.0,0,0,18-APR-2022,
OPTSTK,BEL,30-Jun-2022,140.0,CE,0.0,0.0,0.0,72.75,116.15,0,0.0,0,0,18-APR-2022,
OPTSTK,BEL,30-Jun-2022,142.5,CE,0.0,0.0,0.0,70.4,113.7,0,0.0,0,0,18-APR-2022,
OPTSTK,BEL,30-Jun-2022,145.0,CE,0.0,0.0,0.0,68.05,111.2,0,0.0,0,0,18-APR-2022,
OPTSTK,BEL,30-Jun-2022,147.5,CE,0.0,0.0,0.0,65.7,108.75,0,0.0,0,0,18-APR-2022,
OPTSTK,BEL,30-Jun-2022,150.0,CE,0.0,0.0,0.0,63.4,106.3,0,0.0,0,0,18-APR-2022,
OPTSTK,BEL,30-Jun-2022,152.5,CE,0.0,0.0,0.0,61.1,103.8,0,0.0,0,0,18-APR-2022,
OPTSTK,BEL,30-Jun-2022,155.0,CE,0.0,0.0,0.0,58.85,101.35,0,0.0,0,0,18-APR-2022,
OPTSTK,BEL,30-Jun-2022,157.5,CE,0.0,0.0,0.0,56.65,98.9,0,0.0,0,0,18-APR-2022,
OPTSTK,BEL,30-Jun-2022,160.0,CE,0.0,0.0,0.0,54.45,96.45,0,0.0,0,0,18-APR-2022,
OPTSTK,BEL,30-Jun-2022,162.5,CE,0.0,0.0,0.0,52.3,94.0,0,0.0,0,0,18-APR-2022,
OPTSTK,BEL,30-Jun-2022,165.0,CE,0.0,0.0,0.0,50.2,91.55,0,0.0,0,0,18-APR-2022,
OPTSTK,BEL,30-Jun-2022,167.5,CE,0.0,0.0,0.0,48.1,89.15,0,0.0,0,0,18-APR-2022,
OPTSTK,BEL,30-Jun-2022,170.0,CE,0.0,0.0,0.0,46.05,86.7,0,0.0,0,0,18-APR-2022,
OPTSTK,BEL,30-Jun-2022,172.5,CE,0.0,0.0,0.0,44.05,84.3,0,0.0,0,0,18-APR-2022,
OPTSTK,BEL,30-Jun-2022,175.0,CE,0.0,0.0,0.0,42.15,81.9,0,0.0,0,0,18-APR-2022,
OPTSTK,BEL,30-Jun-2022,177.5,CE,0.0,0.0,0.0,40.2,79.55,0,0.0,0,0,18-APR-2022,
OPTSTK,BEL,30-Jun-2022,180.0,CE,0.0,0.0,0.0,38.4,77.15,0,0.0,0,0,18-APR-2022,
OPTSTK,BEL,30-Jun-2022,182.5,CE,0.0,0.0,0.0,36.55,74.8,0,0.0,0,0,18-APR-2022,
OPTSTK,BEL,30-Jun-2022,185.0,CE,0.0,0.0,0.0,34.8,72.45,0,0.0,0,0,18-APR-2022,
OPTSTK,BEL,30-Jun-2022,187.5,CE,0.0,0.0,0.0,33.1,70.15,0,0.0,0,0,18-APR-2022,
OPTSTK,BEL,30-Jun-2022,190.0,CE,0.0,0.0,0.0,31.45,67.85,0,0.0,0,0,18-APR-2022,
OPTSTK,BEL,30-Jun-2022,192.5,CE,0.0,0.0,0.0,29.85,65.6,0,0.0,0,0,18-APR-2022,
OPTSTK,BEL,30-Jun-2022,195.0,CE,0.0,0.0,0.0,28.35,63.35,0,0.0,0,0,18-APR-2022,
OPTSTK,BEL,30-Jun-2022,197.5,CE,0.0,0.0,0.0,26.85,61.15,0,0.0,0,0,18-APR-2022,
OPTSTK,BEL,30-Jun-2022,200.0,CE,0.0,0.0,0.0,25.4,59.0,0,0.0,0,0,18-APR-2022,
OPTSTK,BEL,30-Jun-2022,202.5,CE,0.0,0.0,0.0,24.05,56.85,0,0.0,0,0,18-APR-2022,
OPTSTK,BEL,30-Jun-2022,205.0,CE,0.0,0.0,0.0,22.7,54.7,0,0.0,0,0,18-APR-2022,
OPTSTK,BEL,30-Jun-2022,207.5,CE,0.0,0.0,0.0,21.45,52.65,0,0.0,0,0,18-APR-2022,
OPTSTK,BEL,30-Jun-2022,210.0,CE,0.0,0.0,0.0,20.25,50.6,0,0.0,0,0,18-APR-2022,
OPTSTK,BEL,30-Jun-2022,212.5,CE,0.0,0.0,0.0,19.05,48.6,0,0.0,0,0,18-APR-2022,
OPTSTK,BEL,30-Jun-2022,215.0,CE,0.0,0.0,0.0,17.95,46.6,0,0.0,0,0,18-APR-2022,
OPTSTK,BEL,30-Jun-2022,217.5,CE,0.0,0.0,0.0,16.9,44.7,0,0.0,0,0,18-APR-2022,
OPTSTK,BEL,30-Jun-2022,220.0,CE,0.0,0.0,0.0,15.9,42.8,0,0.0,0,0,18-APR-2022,
OPTSTK,BEL,30-Jun-2022,222.5,CE,0.0,0.0,0.0,14.9,41.0,0,0.0,0,0,18-APR-2022,
OPTSTK,BEL,30-Jun-2022,225.0,CE,0.0,0.0,0.0,14.0,39.2,0,0.0,0,0,18-APR-2022,
OPTSTK,BEL,30-Jun-2022,227.5,CE,0.0,0.0,0.0,13.15,37.45,0,0.0,0,0,18-APR-2022,
OPTSTK,BEL,30-Jun-2022,230.0,CE,0.0,0.0,0.0,12.3,35.75,0,0.0,0,0,18-APR-2022,
OPTSTK,BEL,30-Jun-2022,232.5,CE,0.0,0.0,0.0,11.5,34.1,0,0.0,0,0,18-APR-2022,
OPTSTK,BEL,30-Jun-2022,235.0,CE,0.0,0.0,0.0,10.8,32.5,0,0.0,0,0,18-APR-2022,
OPTSTK,BEL,30-Jun-2022,237.5,CE,0.0,0.0,0.0,10.1,30.95,0,0.0,0,0,18-APR-2022,
OPTSTK,BEL,30-Jun-2022,240.0,CE,0.0,0.0,0.0,21.0,29.45,0,0.0,3800,0,18-APR-2022,
OPTSTK,BEL,30-Jun-2022,242.5,CE,0.0,0.0,0.0,8.8,28.0,0,0.0,0,0,18-APR-2022,
OPTSTK,BEL,30-Jun-2022,245.0,CE,0.0,0.0,0.0,8.2,26.6,0,0.0,0,0,18-APR-2022,
OPTSTK,BEL,30-Jun-2022,247.5,CE,0.0,0.0,0.0,7.65,25.25,0,0.0,0,0,18-APR-2022,
OPTSTK,BEL,30-Jun-2022,250.0,CE,0.0,0.0,0.0,7.15,23.95,0,0.0,0,0,18-APR-2022,
OPTSTK,BEL,30-Jun-2022,252.5,CE,0.0,0.0,0.0,6.65,22.7,0,0.0,0,0,18-APR-2022,
OPTSTK,BEL,30-Jun-2022,255.0,CE,0.0,0.0,0.0,6.2,21.5,0,0.0,0,0,18-APR-2022,
OPTSTK,BEL,30-Jun-2022,257.5,CE,0.0,0.0,0.0,5.75,20.3,0,0.0,0,0,18-APR-2022,
OPTSTK,BEL,30-Jun-2022,260.0,CE,0.0,0.0,0.0,12.6,19.2,0,0.0,15200,0,18-APR-2022,
OPTSTK,BEL,30-Jun-2022,262.5,CE,0.0,0.0,0.0,4.95,18.15,0,0.0,0,0,18-APR-2022,
OPTSTK,BEL,30-Jun-2022,265.0,CE,0.0,0.0,0.0,4.6,17.15,0,0.0,0,0,18-APR-2022,
OPTSTK,BEL,30-Jun-2022,267.5,CE,0.0,0.0,0.0,4.3,16.15,0,0.0,0,0,18-APR-2022,
OPTSTK,BEL,30-Jun-2022,270.0,CE,0.0,0.0,0.0,4.0,15.25,0,0.0,0,0,18-APR-2022,
OPTSTK,BEL,30-Jun-2022,272.5,CE,0.0,0.0,0.0,3.7,14.35,0,0.0,0,0,18-APR-2022,
OPTSTK,BEL,30-Jun-2022,275.0,CE,0.0,0.0,0.0,3.4,13.5,0,0.0,0,0,18-APR-2022,
OPTSTK,BEL,30-Jun-2022,277.5,CE,0.0,0.0,0.0,3.15,12.7,0,0.0,0,0,18-APR-2022,
OPTSTK,BEL,30-Jun-2022,280.0,CE,0.0,0.0,0.0,2.95,11.95,0,0.0,0,0,18-APR-2022,
OPTSTK,BEL,30-Jun-2022,282.5,CE,0.0,0.0,0.0,2.7,11.2,0,0.0,0,0,18-APR-2022,
OPTSTK,BEL,30-Jun-2022,285.0,CE,0.0,0.0,0.0,2.5,10.5,0,0.0,0,0,18-APR-2022,
OPTSTK,BEL,30-Jun-2022,287.5,CE,0.0,0.0,0.0,2.3,9.85,0,0.0,0,0,18-APR-2022,
OPTSTK,BEL,30-Jun-2022,290.0,CE,0.0,0.0,0.0,2.15,9.25,0,0.0,0,0,18-APR-2022,
OPTSTK,BEL,30-Jun-2022,130.0,PE,0.0,0.0,0.0,0.2,0.0,0,0.0,0,0,18-APR-2022,
OPTSTK,BEL,30-Jun-2022,132.5,PE,0.0,0.0,0.0,0.25,0.0,0,0.0,0,0,18-APR-2022,
OPTSTK,BEL,30-Jun-2022,135.0,PE,0.0,0.0,0.0,0.3,0.05,0,0.0,0,0,18-APR-2022,
OPTSTK,BEL,30-Jun-2022,137.5,PE,0.0,0.0,0.0,0.4,0.05,0,0.0,0,0,18-APR-2022,
OPTSTK,BEL,30-Jun-2022,140.0,PE,0.0,0.0,0.0,0.45,0.05,0,0.0,0,0,18-APR-2022,
OPTSTK,BEL,30-Jun-2022,142.5,PE,0.0,0.0,0.0,0.6,0.05,0,0.0,0,0,18-APR-2022,
OPTSTK,BEL,30-Jun-2022,145.0,PE,0.0,0.0,0.0,0.7,0.05,0,0.0,0,0,18-APR-2022,
OPTSTK,BEL,30-Jun-2022,147.5,PE,0.0,0.0,0.0,0.85,0.05,0,0.0,0,0,18-APR-2022,
OPTSTK,BEL,30-Jun-2022,150.0,PE,0.0,0.0,0.0,1.0,0.05,0,0.0,0,0,18-APR-2022,
OPTSTK,BEL,30-Jun-2022,152.5,PE,0.0,0.0,0.0,1.2,0.1,0,0.0,0,0,18-APR-2022,
OPTSTK,BEL,30-Jun-2022,155.0,PE,0.0,0.0,0.0,1.45,0.1,0,0.0,0,0,18-APR-2022,
OPTSTK,BEL,30-Jun-2022,157.5,PE,0.0,0.0,0.0,1.7,0.1,0,0.0,0,0,18-APR-2022,
OPTSTK,BEL,30-Jun-2022,160.0,PE,0.0,0.0,0.0,1.95,0.15,0,0.0,0,0,18-APR-2022,
OPTSTK,BEL,30-Jun-2022,162.5,PE,0.0,0.0,0.0,2.3,0.2,0,0.0,0,0,18-APR-2022,
OPTSTK,BEL,30-Jun-2022,165.0,PE,0.0,0.0,0.0,2.65,0.2,0,0.0,0,0,18-APR-2022,
OPTSTK,BEL,30-Jun-2022,167.5,PE,0.0,0.0,0.0,3.05,0.25,0,0.0,0,0,18-APR-2022,
OPTSTK,BEL,30-Jun-2022,170.0,PE,0.0,0.0,0.0,3.5,0.35,0,0.0,0,0,18-APR-2022,
OPTSTK,BEL,30-Jun-2022,172.5,PE,0.0,0.0,0.0,3.95,0.4,0,0.0,0,0,18-APR-2022,
OPTSTK,BEL,30-Jun-2022,175.0,PE,0.0,0.0,0.0,4.5,0.5,0,0.0,0,0,18-APR-2022,
OPTSTK,BEL,30-Jun-2022,177.5,PE,0.0,0.0,0.0,5.05,0.55,0,0.0,0,0,18-APR-2022,
OPTSTK,BEL,30-Jun-2022,180.0,PE,0.0,0.0,0.0,5.7,0.7,0,0.0,0,0,18-APR-2022,
OPTSTK,BEL,30-Jun-2022,182.5,PE,0.0,0.0,0.0,6.35,0.8,0,0.0,0,0,18-APR-2022,
OPTSTK,BEL,30-Jun-2022,185.0,PE,0.0,0.0,0.0,7.05,0.95,0,0.0,0,0,18-APR-2022,
OPTSTK,BEL,30-Jun-2022,187.5,PE,0.0,0.0,0.0,7.85,1.15,0,0.0,0,0,18-APR-2022,
OPTSTK,BEL,30-Jun-2022,190.0,PE,0.0,0.0,0.0,8.65,1.3,0,0.0,0,0,18-APR-2022,
OPTSTK,BEL,30-Jun-2022,192.5,PE,0.0,0.0,0.0,9.55,1.55,0,0.0,0,0,18-APR-2022,
OPTSTK,BEL,30-Jun-2022,195.0,PE,0.0,0.0,0.0,10.5,1.75,0,0.0,0,0,18-APR-2022,
OPTSTK,BEL,30-Jun-2022,197.5,PE,0.0,0.0,0.0,11.45,2.05,0,0.0,0,0,18-APR-2022,
OPTSTK,BEL,30-Jun-2022,200.0,PE,0.0,0.0,0.0,12.5,2.35,0,0.0,0,0,18-APR-2022,
OPTSTK,BEL,30-Jun-2022,202.5,PE,0.0,0.0,0.0,13.6,2.65,0,0.0,0,0,18-APR-2022,
OPTSTK,BEL,30-Jun-2022,205.0,PE,0.0,0.0,0.0,14.75,3.05,0,0.0,0,0,18-APR-2022,
OPTSTK,BEL,30-Jun-2022,207.5,PE,0.0,0.0,0.0,15.95,3.4,0,0.0,0,0,18-APR-2022,
OPTSTK,BEL,30-Jun-2022,210.0,PE,0.0,0.0,0.0,17.2,3.85,0,0.0,0,0,18-APR-2022,
OPTSTK,BEL,30-Jun-2022,212.5,PE,0.0,0.0,0.0,18.55,4.35,0,0.0,0,0,18-APR-2022,
OPTSTK,BEL,30-Jun-2022,215.0,PE,0.0,0.0,0.0,19.9,4.85,0,0.0,0,0,18-APR-2022,
OPTSTK,BEL,30-Jun-2022,217.5,PE,0.0,0.0,0.0,21.3,5.4,0,0.0,0,0,18-APR-2022,
OPTSTK,BEL,30-Jun-2022,220.0,PE,3.5,3.5,3.5,3.5,6.0,1,8.49,0,-3800,18-APR-2022,
OPTSTK,BEL,30-Jun-2022,222.5,PE,0.0,0.0,0.0,24.25,6.65,0,0.0,0,0,18-APR-2022,
OPTSTK,BEL,30-Jun-2022,225.0,PE,0.0,0.0,0.0,25.85,7.35,0,0.0,0,0,18-APR-2022,
OPTSTK,BEL,30-Jun-2022,227.5,PE,0.0,0.0,0.0,27.45,8.05,0,0.0,0,0,18-APR-2022,
OPTSTK,BEL,30-Jun-2022,230.0,PE,0.0,0.0,0.0,29.1,8.85,0,0.0,0,0,18-APR-2022,
OPTSTK,BEL,30-Jun-2022,232.5,PE,0.0,0.0,0.0,30.75,9.7,0,0.0,0,0,18-APR-2022,
OPTSTK,BEL,30-Jun-2022,235.0,PE,0.0,0.0,0.0,32.5,10.55,0,0.0,0,0,18-APR-2022,
OPTSTK,BEL,30-Jun-2022,237.5,PE,0.0,0.0,0.0,34.3,11.5,0,0.0,0,0,18-APR-2022,
OPTSTK,BEL,30-Jun-2022,240.0,PE,0.0,0.0,0.0,36.1,12.45,0,0.0,0,0,18-APR-2022,
OPTSTK,BEL,30-Jun-2022,242.5,PE,0.0,0.0,0.0,37.95,13.5,0,0.0,0,0,18-APR-2022,
OPTSTK,BEL,30-Jun-2022,245.0,PE,0.0,0.0,0.0,39.85,14.55,0,0.0,0,0,18-APR-2022,
OPTSTK,BEL,30-Jun-2022,247.5,PE,0.0,0.0,0.0,41.75,15.7,0,0.0,0,0,18-APR-2022,
OPTSTK,BEL,30-Jun-2022,250.0,PE,0.0,0.0,0.0,43.7,16.85,0,0.0,0,0,18-APR-2022,
OPTSTK,BEL,30-Jun-2022,252.5,PE,0.0,0.0,0.0,45.7,18.1,0,0.0,0,0,18-APR-2022,
OPTSTK,BEL,30-Jun-2022,255.0,PE,0.0,0.0,0.0,47.7,19.35,0,0.0,0,0,18-APR-2022,
OPTSTK,BEL,30-Jun-2022,257.5,PE,0.0,0.0,0.0,49.75,20.7,0,0.0,0,0,18-APR-2022,
OPTSTK,BEL,30-Jun-2022,260.0,PE,0.0,0.0,0.0,51.8,22.05,0,0.0,0,0,18-APR-2022,
OPTSTK,BEL,30-Jun-2022,262.5,PE,0.0,0.0,0.0,53.9,23.5,0,0.0,0,0,18-APR-2022,
OPTSTK,BEL,30-Jun-2022,265.0,PE,0.0,0.0,0.0,56.05,24.95,0,0.0,0,0,18-APR-2022,
OPTSTK,BEL,30-Jun-2022,267.5,PE,0.0,0.0,0.0,58.15,26.45,0,0.0,0,0,18-APR-2022,
OPTSTK,BEL,30-Jun-2022,270.0,PE,0.0,0.0,0.0,60.35,28.0,0,0.0,0,0,18-APR-2022,
OPTSTK,BEL,30-Jun-2022,272.5,PE,0.0,0.0,0.0,62.5,29.6,0,0.0,0,0,18-APR-2022,
OPTSTK,BEL,30-Jun-2022,275.0,PE,0.0,0.0,0.0,64.75,31.25,0,0.0,0,0,18-APR-2022,
OPTSTK,BEL,30-Jun-2022,277.5,PE,0.0,0.0,0.0,66.95,32.9,0,0.0,0,0,18-APR-2022,
OPTSTK,BEL,30-Jun-2022,280.0,PE,0.0,0.0,0.0,69.2,34.6,0,0.0,0,0,18-APR-2022,
OPTSTK,BEL,30-Jun-2022,282.5,PE,0.0,0.0,0.0,71.45,36.35,0,0.0,0,0,18-APR-2022,
OPTSTK,BEL,30-Jun-2022,285.0,PE,0.0,0.0,0.0,73.7,38.15,0,0.0,0,0,18-APR-2022,
OPTSTK,BEL,30-Jun-2022,287.5,PE,0.0,0.0,0.0,76.0,40.0,0,0.0,0,0,18-APR-2022,
OPTSTK,BEL,30-Jun-2022,290.0,PE,0.0,0.0,0.0,78.3,41.85,0,0.0,0,0,18-APR-2022,
OPTSTK,BERGEPAINT,28-Apr-2022,470.0,CE,0.0,0.0,0.0,249.2,249.4,0,0.0,0,0,18-APR-2022,
OPTSTK,BERGEPAINT,28-Apr-2022,480.0,CE,0.0,0.0,0.0,239.35,239.4,0,0.0,0,0,18-APR-2022,
OPTSTK,BERGEPAINT,28-Apr-2022,490.0,CE,0.0,0.0,0.0,229.5,229.4,0,0.0,0,0,18-APR-2022,
OPTSTK,BERGEPAINT,28-Apr-2022,500.0,CE,0.0,0.0,0.0,219.7,219.45,0,0.0,0,0,18-APR-2022,
OPTSTK,BERGEPAINT,28-Apr-2022,510.0,CE,0.0,0.0,0.0,209.95,209.45,0,0.0,0,0,18-APR-2022,
OPTSTK,BERGEPAINT,28-Apr-2022,520.0,CE,0.0,0.0,0.0,200.2,199.45,0,0.0,0,0,18-APR-2022,
OPTSTK,BERGEPAINT,28-Apr-2022,530.0,CE,0.0,0.0,0.0,190.55,189.45,0,0.0,0,0,18-APR-2022,
OPTSTK,BERGEPAINT,28-Apr-2022,540.0,CE,0.0,0.0,0.0,180.95,179.5,0,0.0,0,0,18-APR-2022,
OPTSTK,BERGEPAINT,28-Apr-2022,550.0,CE,0.0,0.0,0.0,171.45,169.5,0,0.0,0,0,18-APR-2022,
OPTSTK,BERGEPAINT,28-Apr-2022,560.0,CE,0.0,0.0,0.0,162.1,159.5,0,0.0,0,0,18-APR-2022,
OPTSTK,BERGEPAINT,28-Apr-2022,570.0,CE,0.0,0.0,0.0,152.85,149.5,0,0.0,0,0,18-APR-2022,
OPTSTK,BERGEPAINT,28-Apr-2022,580.0,CE,0.0,0.0,0.0,143.75,139.5,0,0.0,0,0,18-APR-2022,
OPTSTK,BERGEPAINT,28-Apr-2022,590.0,CE,0.0,0.0,0.0,134.85,129.55,0,0.0,0,0,18-APR-2022,
OPTSTK,BERGEPAINT,28-Apr-2022,600.0,CE,0.0,0.0,0.0,126.15,119.55,0,0.0,0,0,18-APR-2022,
OPTSTK,BERGEPAINT,28-Apr-2022,610.0,CE,0.0,0.0,0.0,117.7,109.55,0,0.0,0,0,18-APR-2022,
OPTSTK,BERGEPAINT,28-Apr-2022,620.0,CE,0.0,0.0,0.0,109.45,99.6,0,0.0,0,0,18-APR-2022,
OPTSTK,BERGEPAINT,28-Apr-2022,630.0,CE,0.0,0.0,0.0,75.0,89.65,0,0.0,0,0,18-APR-2022,
OPTSTK,BERGEPAINT,28-Apr-2022,640.0,CE,0.0,0.0,0.0,93.85,79.75,0,0.0,0,0,18-APR-2022,
OPTSTK,BERGEPAINT,28-Apr-2022,650.0,CE,0.0,0.0,0.0,86.5,69.95,0,0.0,0,0,18-APR-2022,
OPTSTK,BERGEPAINT,28-Apr-2022,660.0,CE,0.0,0.0,0.0,79.45,60.4,0,0.0,0,0,18-APR-2022,
OPTSTK,BERGEPAINT,28-Apr-2022,670.0,CE,0.0,0.0,0.0,72.8,51.1,0,0.0,0,0,18-APR-2022,
OPTSTK,BERGEPAINT,28-Apr-2022,680.0,CE,0.0,0.0,0.0,57.0,42.3,0,0.0,3300,0,18-APR-2022,
OPTSTK,BERGEPAINT,28-Apr-2022,690.0,CE,0.0,0.0,0.0,44.4,34.15,0,0.0,15400,0,18-APR-2022,
OPTSTK,BERGEPAINT,28-Apr-2022,700.0,CE,23.0,27.35,23.0,27.35,26.75,7,55.79,88000,0,18-APR-2022,
OPTSTK,BERGEPAINT,28-Apr-2022,710.0,CE,20.1,20.5,15.25,19.9,19.9,6,48.09,18700,4400,18-APR-2022,
OPTSTK,BERGEPAINT,28-Apr-2022,720.0,CE,8.65,14.75,8.6,14.75,14.75,19,152.97,48400,2200,18-APR-2022,
OPTSTK,BERGEPAINT,28-Apr-2022,730.0,CE,9.5,10.75,7.5,9.25,9.25,69,560.89,81400,-8800,18-APR-2022,
OPTSTK,BERGEPAINT,28-Apr-2022,740.0,CE,4.95,7.25,4.95,6.5,7.3,23,188.64,61600,4400,18-APR-2022,
OPTSTK,BERGEPAINT,28-Apr-2022,750.0,CE,5.0,5.0,3.3,4.05,4.05,47,389.82,161700,13200,18-APR-2022,
OPTSTK,BERGEPAINT,28-Apr-2022,760.0,CE,2.35,2.75,2.3,2.3,2.3,6,50.31,27500,-3300,18-APR-2022,
OPTSTK,BERGEPAINT,28-Apr-2022,770.0,CE,1.35,1.85,1.3,1.75,1.75,12,101.85,17600,1100,18-APR-2022,
OPTSTK,BERGEPAINT,28-Apr-2022,780.0,CE,0.0,0.0,0.0,4.0,1.1,0,0.0,19800,0,18-APR-2022,
OPTSTK,BERGEPAINT,28-Apr-2022,790.0,CE,0.0,0.0,0.0,1.55,0.65,0,0.0,8800,0,18-APR-2022,
OPTSTK,BERGEPAINT,28-Apr-2022,800.0,CE,0.65,1.05,0.5,0.75,0.75,28,246.61,91300,-2200,18-APR-2022,
OPTSTK,BERGEPAINT,28-Apr-2022,810.0,CE,0.0,0.0,0.0,0.8,0.2,0,0.0,1100,0,18-APR-2022,
OPTSTK,BERGEPAINT,28-Apr-2022,820.0,CE,0.0,0.0,0.0,13.5,0.1,0,0.0,0,0,18-APR-2022,
OPTSTK,BERGEPAINT,28-Apr-2022,830.0,CE,0.0,0.0,0.0,11.8,0.05,0,0.0,0,0,18-APR-2022,
OPTSTK,BERGEPAINT,28-Apr-2022,840.0,CE,0.0,0.0,0.0,10.25,0.05,0,0.0,0,0,18-APR-2022,
OPTSTK,BERGEPAINT,28-Apr-2022,850.0,CE,0.0,0.0,0.0,8.9,0.05,0,0.0,0,0,18-APR-2022,
OPTSTK,BERGEPAINT,28-Apr-2022,860.0,CE,0.0,0.0,0.0,7.7,0.0,0,0.0,0,0,18-APR-2022,
OPTSTK,BERGEPAINT,28-Apr-2022,870.0,CE,0.0,0.0,0.0,6.7,0.0,0,0.0,0,0,18-APR-2022,
OPTSTK,BERGEPAINT,28-Apr-2022,880.0,CE,0.0,0.0,0.0,5.75,0.0,0,0.0,0,0,18-APR-2022,
OPTSTK,BERGEPAINT,28-Apr-2022,890.0,CE,0.0,0.0,0.0,4.95,0.0,0,0.0,0,0,18-APR-2022,
OPTSTK,BERGEPAINT,28-Apr-2022,900.0,CE,0.0,0.0,0.0,4.25,0.0,0,0.0,0,0,18-APR-2022,
OPTSTK,BERGEPAINT,28-Apr-2022,910.0,CE,0.0,0.0,0.0,3.65,0.0,0,0.0,0,0,18-APR-2022,
OPTSTK,BERGEPAINT,28-Apr-2022,920.0,CE,0.0,0.0,0.0,3.1,0.0,0,0.0,0,0,18-APR-2022,
OPTSTK,BERGEPAINT,28-Apr-2022,930.0,CE,2.55,2.55,2.55,2.55,0.0,1,10.25,2200,1100,18-APR-2022,
OPTSTK,BERGEPAINT,28-Apr-2022,940.0,CE,0.0,0.0,0.0,2.25,0.0,0,0.0,0,0,18-APR-2022,
OPTSTK,BERGEPAINT,28-Apr-2022,950.0,CE,0.0,0.0,0.0,1.9,0.0,0,0.0,0,0,18-APR-2022,
OPTSTK,BERGEPAINT,28-Apr-2022,960.0,CE,0.0,0.0,0.0,1.65,0.0,0,0.0,0,0,18-APR-2022,
OPTSTK,BERGEPAINT,28-Apr-2022,970.0,CE,0.0,0.0,0.0,1.35,0.0,0,0.0,2200,0,18-APR-2022,
OPTSTK,BERGEPAINT,28-Apr-2022,980.0,CE,0.0,0.0,0.0,0.05,0.0,0,0.0,1100,0,18-APR-2022,
OPTSTK,BERGEPAINT,28-Apr-2022,990.0,CE,0.0,0.0,0.0,1.0,0.0,0,0.0,0,0,18-APR-2022,
OPTSTK,BERGEPAINT,28-Apr-2022,1000.0,CE,0.0,0.0,0.0,0.15,0.0,0,0.0,25300,0,18-APR-2022,
OPTSTK,BERGEPAINT,28-Apr-2022,1010.0,CE,0.0,0.0,0.0,0.7,0.0,0,0.0,0,0,18-APR-2022,
OPTSTK,BERGEPAINT,28-Apr-2022,1020.0,CE,0.0,0.0,0.0,0.6,0.0,0,0.0,0,0,18-APR-2022,
OPTSTK,BERGEPAINT,28-Apr-2022,1030.0,CE,0.0,0.0,0.0,0.5,0.0,0,0.0,0,0,18-APR-2022,
OPTSTK,BERGEPAINT,28-Apr-2022,470.0,PE,0.0,0.0,0.0,0.1,0.0,0,0.0,0,0,18-APR-2022,
OPTSTK,BERGEPAINT,28-Apr-2022,480.0,PE,0.0,0.0,0.0,0.15,0.0,0,0.0,0,0,18-APR-2022,
OPTSTK,BERGEPAINT,28-Apr-2022,490.0,PE,0.0,0.0,0.0,0.2,0.0,0,0.0,0,0,18-APR-2022,
OPTSTK,BERGEPAINT,28-Apr-2022,500.0,PE,0.0,0.0,0.0,0.15,0.0,0,0.0,1100,0,18-APR-2022,
OPTSTK,BERGEPAINT,28-Apr-2022,510.0,PE,0.0,0.0,0.0,0.4,0.0,0,0.0,0,0,18-APR-2022,
OPTSTK,BERGEPAINT,28-Apr-2022,520.0,PE,0.0,0.0,0.0,0.6,0.0,0,0.0,0,0,18-APR-2022,
OPTSTK,BERGEPAINT,28-Apr-2022,530.0,PE,0.0,0.0,0.0,0.8,0.0,0,0.0,0,0,18-APR-2022,
OPTSTK,BERGEPAINT,28-Apr-2022,540.0,PE,0.0,0.0,0.0,1.15,0.0,0,0.0,0,0,18-APR-2022,
OPTSTK,BERGEPAINT,28-Apr-2022,550.0,PE,0.0,0.0,0.0,1.55,0.0,0,0.0,0,0,18-APR-2022,
OPTSTK,BERGEPAINT,28-Apr-2022,560.0,PE,0.0,0.0,0.0,2.05,0.0,0,0.0,0,0,18-APR-2022,
OPTSTK,BERGEPAINT,28-Apr-2022,570.0,PE,0.0,0.0,0.0,2.7,0.0,0,0.0,0,0,18-APR-2022,
OPTSTK,BERGEPAINT,28-Apr-2022,580.0,PE,0.0,0.0,0.0,3.55,0.0,0,0.0,0,0,18-APR-2022,
OPTSTK,BERGEPAINT,28-Apr-2022,590.0,PE,0.0,0.0,0.0,4.5,0.0,0,0.0,0,0,18-APR-2022,
OPTSTK,BERGEPAINT,28-Apr-2022,600.0,PE,1.0,1.0,1.0,1.0,0.0,1,6.61,5500,1100,18-APR-2022,
OPTSTK,BERGEPAINT,28-Apr-2022,610.0,PE,0.0,0.0,0.0,7.15,0.05,0,0.0,0,0,18-APR-2022,
OPTSTK,BERGEPAINT,28-Apr-2022,620.0,PE,0.0,0.0,0.0,0.85,0.05,0,0.0,3300,0,18-APR-2022,
OPTSTK,BERGEPAINT,28-Apr-2022,630.0,PE,0.0,0.0,0.0,10.75,0.1,0,0.0,0,0,18-APR-2022,
OPTSTK,BERGEPAINT,28-Apr-2022,640.0,PE,0.0,0.0,0.0,4.8,0.2,0,0.0,1100,0,18-APR-2022,
OPTSTK,BERGEPAINT,28-Apr-2022,650.0,PE,1.05,1.15,1.05,1.05,0.4,6,42.97,46200,0,18-APR-2022,
OPTSTK,BERGEPAINT,28-Apr-2022,660.0,PE,1.8,1.8,1.45,1.45,0.8,5,36.38,15400,4400,18-APR-2022,
OPTSTK,BERGEPAINT,28-Apr-2022,670.0,PE,2.4,2.4,1.75,2.1,1.5,20,147.84,26400,4400,18-APR-2022,
OPTSTK,BERGEPAINT,28-Apr-2022,680.0,PE,3.8,3.8,2.1,2.15,2.7,7,52.6,24200,-1100,18-APR-2022,
OPTSTK,BERGEPAINT,28-Apr-2022,690.0,PE,4.5,5.0,2.4,4.0,4.5,10,76.34,24200,3300,18-APR-2022,
OPTSTK,BERGEPAINT,28-Apr-2022,700.0,PE,6.6,8.0,5.7,6.15,6.15,150,1166.27,126500,46200,18-APR-2022,
OPTSTK,BERGEPAINT,28-Apr-2022,710.0,PE,12.05,14.0,8.85,9.95,10.7,8,63.41,13200,0,18-APR-2022,
OPTSTK,BERGEPAINT,28-Apr-2022,720.0,PE,18.0,19.95,13.0,13.0,13.0,24,194.39,37400,4400,18-APR-2022,
OPTSTK,BERGEPAINT,28-Apr-2022,730.0,PE,18.75,18.75,18.6,18.6,20.95,2,16.47,50600,-2200,18-APR-2022,
OPTSTK,BERGEPAINT,28-Apr-2022,740.0,PE,0.0,0.0,0.0,25.85,27.6,0,0.0,5500,0,18-APR-2022,
OPTSTK,BERGEPAINT,28-Apr-2022,750.0,PE,37.15,37.15,33.9,33.9,35.1,2,17.28,4400,1100,18-APR-2022,
OPTSTK,BERGEPAINT,28-Apr-2022,760.0,PE,0.0,0.0,0.0,66.55,43.35,0,0.0,0,0,18-APR-2022,
OPTSTK,BERGEPAINT,28-Apr-2022,770.0,PE,0.0,0.0,0.0,73.25,52.15,0,0.0,0,0,18-APR-2022,
OPTSTK,BERGEPAINT,28-Apr-2022,780.0,PE,0.0,0.0,0.0,80.25,61.4,0,0.0,0,0,18-APR-2022,
OPTSTK,BERGEPAINT,28-Apr-2022,790.0,PE,0.0,0.0,0.0,87.5,70.9,0,0.0,0,0,18-APR-2022,
OPTSTK,BERGEPAINT,28-Apr-2022,800.0,PE,0.0,0.0,0.0,83.0,80.6,0,0.0,1100,0,18-APR-2022,
OPTSTK,BERGEPAINT,28-Apr-2022,810.0,PE,0.0,0.0,0.0,102.75,90.45,0,0.0,0,0,18-APR-2022,
OPTSTK,BERGEPAINT,28-Apr-2022,820.0,PE,0.0,0.0,0.0,110.75,100.35,0,0.0,0,0,18-APR-2022,
OPTSTK,BERGEPAINT,28-Apr-2022,830.0,PE,0.0,0.0,0.0,118.95,110.3,0,0.0,0,0,18-APR-2022,
OPTSTK,BERGEPAINT,28-Apr-2022,840.0,PE,0.0,0.0,0.0,127.3,120.25,0,0.0,0,0,18-APR-2022,
OPTSTK,BERGEPAINT,28-Apr-2022,850.0,PE,0.0,0.0,0.0,135.85,130.2,0,0.0,0,0,18-APR-2022,
OPTSTK,BERGEPAINT,28-Apr-2022,860.0,PE,0.0,0.0,0.0,144.55,140.2,0,0.0,0,0,18-APR-2022,
OPTSTK,BERGEPAINT,28-Apr-2022,870.0,PE,0.0,0.0,0.0,153.4,150.2,0,0.0,0,0,18-APR-2022,
OPTSTK,BERGEPAINT,28-Apr-2022,880.0,PE,0.0,0.0,0.0,162.4,160.2,0,0.0,0,0,18-APR-2022,
OPTSTK,BERGEPAINT,28-Apr-2022,890.0,PE,0.0,0.0,0.0,171.5,170.15,0,0.0,0,0,18-APR-2022,
OPTSTK,BERGEPAINT,28-Apr-2022,900.0,PE,0.0,0.0,0.0,180.7,180.15,0,0.0,0,0,18-APR-2022,
OPTSTK,BERGEPAINT,28-Apr-2022,910.0,PE,0.0,0.0,0.0,189.95,190.15,0,0.0,0,0,18-APR-2022,
OPTSTK,BERGEPAINT,28-Apr-2022,920.0,PE,0.0,0.0,0.0,199.35,200.15,0,0.0,0,0,18-APR-2022,
OPTSTK,BERGEPAINT,28-Apr-2022,930.0,PE,0.0,0.0,0.0,208.75,210.1,0,0.0,0,0,18-APR-2022,
OPTSTK,BERGEPAINT,28-Apr-2022,940.0,PE,0.0,0.0,0.0,218.25,220.1,0,0.0,0,0,18-APR-2022,
OPTSTK,BERGEPAINT,28-Apr-2022,950.0,PE,0.0,0.0,0.0,227.85,230.1,0,0.0,0,0,18-APR-2022,
OPTSTK,BERGEPAINT,28-Apr-2022,960.0,PE,0.0,0.0,0.0,237.45,240.1,0,0.0,0,0,18-APR-2022,
OPTSTK,BERGEPAINT,28-Apr-2022,970.0,PE,0.0,0.0,0.0,247.1,250.1,0,0.0,0,0,18-APR-2022,
OPTSTK,BERGEPAINT,28-Apr-2022,980.0,PE,0.0,0.0,0.0,256.75,260.05,0,0.0,0,0,18-APR-2022,
OPTSTK,BERGEPAINT,28-Apr-2022,990.0,PE,0.0,0.0,0.0,266.45,270.05,0,0.0,0,0,18-APR-2022,
OPTSTK,BERGEPAINT,28-Apr-2022,1000.0,PE,0.0,0.0,0.0,276.2,280.05,0,0.0,0,0,18-APR-2022,
OPTSTK,BERGEPAINT,28-Apr-2022,1010.0,PE,0.0,0.0,0.0,286.0,290.05,0,0.0,0,0,18-APR-2022,
OPTSTK,BERGEPAINT,28-Apr-2022,1020.0,PE,0.0,0.0,0.0,295.75,300.0,0,0.0,0,0,18-APR-2022,
OPTSTK,BERGEPAINT,28-Apr-2022,1030.0,PE,0.0,0.0,0.0,305.55,310.0,0,0.0,0,0,18-APR-2022,
OPTSTK,BERGEPAINT,26-May-2022,470.0,CE,0.0,0.0,0.0,214.55,250.95,0,0.0,0,0,18-APR-2022,
OPTSTK,BERGEPAINT,26-May-2022,480.0,CE,0.0,0.0,0.0,204.75,241.0,0,0.0,0,0,18-APR-2022,
OPTSTK,BERGEPAINT,26-May-2022,490.0,CE,0.0,0.0,0.0,195.0,231.05,0,0.0,0,0,18-APR-2022,
OPTSTK,BERGEPAINT,26-May-2022,500.0,CE,0.0,0.0,0.0,185.3,221.1,0,0.0,0,0,18-APR-2022,
OPTSTK,BERGEPAINT,26-May-2022,510.0,CE,0.0,0.0,0.0,175.7,211.15,0,0.0,0,0,18-APR-2022,
OPTSTK,BERGEPAINT,26-May-2022,520.0,CE,0.0,0.0,0.0,166.15,201.2,0,0.0,0,0,18-APR-2022,
OPTSTK,BERGEPAINT,26-May-2022,530.0,CE,0.0,0.0,0.0,156.7,191.25,0,0.0,0,0,18-APR-2022,
OPTSTK,BERGEPAINT,26-May-2022,540.0,CE,0.0,0.0,0.0,147.4,181.3,0,0.0,0,0,18-APR-2022,
OPTSTK,BERGEPAINT,26-May-2022,550.0,CE,0.0,0.0,0.0,138.25,171.4,0,0.0,0,0,18-APR-2022,
OPTSTK,BERGEPAINT,26-May-2022,560.0,CE,0.0,0.0,0.0,129.3,161.5,0,0.0,0,0,18-APR-2022,
OPTSTK,BERGEPAINT,26-May-2022,570.0,CE,0.0,0.0,0.0,120.55,151.65,0,0.0,0,0,18-APR-2022,
OPTSTK,BERGEPAINT,26-May-2022,580.0,CE,0.0,0.0,0.0,112.0,141.8,0,0.0,0,0,18-APR-2022,
OPTSTK,BERGEPAINT,26-May-2022,590.0,CE,0.0,0.0,0.0,103.75,132.1,0,0.0,0,0,18-APR-2022,
OPTSTK,BERGEPAINT,26-May-2022,600.0,CE,0.0,0.0,0.0,95.8,122.5,0,0.0,0,0,18-APR-2022,
OPTSTK,BERGEPAINT,26-May-2022,610.0,CE,0.0,0.0,0.0,88.1,113.0,0,0.0,0,0,18-APR-2022,
OPTSTK,BERGEPAINT,26-May-2022,620.0,CE,0.0,0.0,0.0,80.8,103.7,0,0.0,0,0,18-APR-2022,
OPTSTK,BERGEPAINT,26-May-2022,630.0,CE,0.0,0.0,0.0,73.8,94.65,0,0.0,0,0,18-APR-2022,
OPTSTK,BERGEPAINT,26-May-2022,640.0,CE,0.0,0.0,0.0,67.15,85.8,0,0.0,0,0,18-APR-2022,
OPTSTK,BERGEPAINT,26-May-2022,650.0,CE,0.0,0.0,0.0,60.95,77.35,0,0.0,0,0,18-APR-2022,
OPTSTK,BERGEPAINT,26-May-2022,660.0,CE,0.0,0.0,0.0,55.05,69.25,0,0.0,0,0,18-APR-2022,
OPTSTK,BERGEPAINT,26-May-2022,670.0,CE,0.0,0.0,0.0,49.6,61.55,0,0.0,0,0,18-APR-2022,
OPTSTK,BERGEPAINT,26-May-2022,680.0,CE,0.0,0.0,0.0,44.5,54.3,0,0.0,0,0,18-APR-2022,
OPTSTK,BERGEPAINT,26-May-2022,690.0,CE,0.0,0.0,0.0,39.8,47.55,0,0.0,0,0,18-APR-2022,
OPTSTK,BERGEPAINT,26-May-2022,700.0,CE,0.0,0.0,0.0,35.45,41.3,0,0.0,0,0,18-APR-2022,
OPTSTK,BERGEPAINT,26-May-2022,710.0,CE,0.0,0.0,0.0,31.5,35.6,0,0.0,0,0,18-APR-2022,
OPTSTK,BERGEPAINT,26-May-2022,720.0,CE,0.0,0.0,0.0,27.85,30.45,0,0.0,0,0,18-APR-2022,
OPTSTK,BERGEPAINT,26-May-2022,730.0,CE,0.0,0.0,0.0,24.55,25.85,0,0.0,0,0,18-APR-2022,
OPTSTK,BERGEPAINT,26-May-2022,740.0,CE,0.0,0.0,0.0,21.6,21.75,0,0.0,0,0,18-APR-2022,
OPTSTK,BERGEPAINT,26-May-2022,750.0,CE,0.0,0.0,0.0,18.9,18.15,0,0.0,0,0,18-APR-2022,
OPTSTK,BERGEPAINT,26-May-2022,760.0,CE,0.0,0.0,0.0,16.55,15.05,0,0.0,0,0,18-APR-2022,
OPTSTK,BERGEPAINT,26-May-2022,770.0,CE,0.0,0.0,0.0,14.4,12.4,0,0.0,0,0,18-APR-2022,
OPTSTK,BERGEPAINT,26-May-2022,780.0,CE,0.0,0.0,0.0,12.5,10.05,0,0.0,0,0,18-APR-2022,
OPTSTK,BERGEPAINT,26-May-2022,790.0,CE,0.0,0.0,0.0,10.8,8.15,0,0.0,0,0,18-APR-2022,
OPTSTK,BERGEPAINT,26-May-2022,800.0,CE,0.0,0.0,0.0,11.5,6.55,0,0.0,2200,0,18-APR-2022,
OPTSTK,BERGEPAINT,26-May-2022,810.0,CE,0.0,0.0,0.0,8.0,5.2,0,0.0,0,0,18-APR-2022,
OPTSTK,BERGEPAINT,26-May-2022,820.0,CE,5.9,5.9,5.9,5.9,4.1,1,9.08,1100,1100,18-APR-2022,
OPTSTK,BERGEPAINT,26-May-2022,830.0,CE,0.0,0.0,0.0,5.9,3.25,0,0.0,0,0,18-APR-2022,
OPTSTK,BERGEPAINT,26-May-2022,840.0,CE,0.0,0.0,0.0,5.0,2.5,0,0.0,0,0,18-APR-2022,
OPTSTK,BERGEPAINT,26-May-2022,850.0,CE,0.0,0.0,0.0,4.25,1.95,0,0.0,0,0,18-APR-2022,
OPTSTK,BERGEPAINT,26-May-2022,860.0,CE,0.0,0.0,0.0,3.6,1.5,0,0.0,0,0,18-APR-2022,
OPTSTK,BERGEPAINT,26-May-2022,870.0,CE,0.0,0.0,0.0,3.05,1.15,0,0.0,0,0,18-APR-2022,
OPTSTK,BERGEPAINT,26-May-2022,880.0,CE,0.0,0.0,0.0,2.6,0.85,0,0.0,0,0,18-APR-2022,
OPTSTK,BERGEPAINT,26-May-2022,890.0,CE,0.0,0.0,0.0,2.2,0.65,0,0.0,0,0,18-APR-2022,
OPTSTK,BERGEPAINT,26-May-2022,900.0,CE,0.0,0.0,0.0,1.85,0.5,0,0.0,0,0,18-APR-2022,
OPTSTK,BERGEPAINT,26-May-2022,910.0,CE,0.0,0.0,0.0,1.55,0.35,0,0.0,0,0,18-APR-2022,
OPTSTK,BERGEPAINT,26-May-2022,920.0,CE,0.0,0.0,0.0,1.3,0.3,0,0.0,0,0,18-APR-2022,
OPTSTK,BERGEPAINT,26-May-2022,930.0,CE,0.0,0.0,0.0,1.1,0.2,0,0.0,0,0,18-APR-2022,
OPTSTK,BERGEPAINT,26-May-2022,940.0,CE,0.0,0.0,0.0,0.9,0.15,0,0.0,0,0,18-APR-2022,
OPTSTK,BERGEPAINT,26-May-2022,950.0,CE,0.0,0.0,0.0,0.75,0.1,0,0.0,0,0,18-APR-2022,
OPTSTK,BERGEPAINT,26-May-2022,960.0,CE,0.0,0.0,0.0,0.65,0.1,0,0.0,0,0,18-APR-2022,
OPTSTK,BERGEPAINT,26-May-2022,970.0,CE,0.0,0.0,0.0,0.5,0.05,0,0.0,0,0,18-APR-2022,
OPTSTK,BERGEPAINT,26-May-2022,980.0,CE,0.0,0.0,0.0,0.45,0.05,0,0.0,0,0,18-APR-2022,
OPTSTK,BERGEPAINT,26-May-2022,990.0,CE,0.0,0.0,0.0,0.35,0.05,0,0.0,0,0,18-APR-2022,
OPTSTK,BERGEPAINT,26-May-2022,1000.0,CE,0.0,0.0,0.0,0.3,0.05,0,0.0,0,0,18-APR-2022,
OPTSTK,BERGEPAINT,26-May-2022,470.0,PE,0.0,0.0,0.0,0.2,0.0,0,0.0,0,0,18-APR-2022,
OPTSTK,BERGEPAINT,26-May-2022,480.0,PE,0.0,0.0,0.0,0.3,0.0,0,0.0,0,0,18-APR-2022,
OPTSTK,BERGEPAINT,26-May-2022,490.0,PE,0.0,0.0,0.0,0.45,0.0,0,0.0,0,0,18-APR-2022,
OPTSTK,BERGEPAINT,26-May-2022,500.0,PE,0.0,0.0,0.0,0.65,0.0,0,0.0,0,0,18-APR-2022,
OPTSTK,BERGEPAINT,26-May-2022,510.0,PE,0.0,0.0,0.0,0.9,0.05,0,0.0,0,0,18-APR-2022,
OPTSTK,BERGEPAINT,26-May-2022,520.0,PE,0.0,0.0,0.0,1.25,0.05,0,0.0,0,0,18-APR-2022,
OPTSTK,BERGEPAINT,26-May-2022,530.0,PE,0.0,0.0,0.0,1.7,0.05,0,0.0,0,0,18-APR-2022,
OPTSTK,BERGEPAINT,26-May-2022,540.0,PE,0.0,0.0,0.0,2.3,0.05,0,0.0,0,0,18-APR-2022,
OPTSTK,BERGEPAINT,26-May-2022,550.0,PE,0.0,0.0,0.0,3.0,0.1,0,0.0,0,0,18-APR-2022,
OPTSTK,BERGEPAINT,26-May-2022,560.0,PE,0.0,0.0,0.0,3.95,0.15,0,0.0,0,0,18-APR-2022,
OPTSTK,BERGEPAINT,26-May-2022,570.0,PE,0.0,0.0,0.0,5.1,0.25,0,0.0,0,0,18-APR-2022,
OPTSTK,BERGEPAINT,26-May-2022,580.0,PE,0.0,0.0,0.0,11.0,0.4,0,0.0,1100,0,18-APR-2022,
OPTSTK,BERGEPAINT,26-May-2022,590.0,PE,0.0,0.0,0.0,8.15,0.65,0,0.0,0,0,18-APR-2022,
OPTSTK,BERGEPAINT,26-May-2022,600.0,PE,0.0,0.0,0.0,10.05,1.0,0,0.0,0,0,18-APR-2022,
OPTSTK,BERGEPAINT,26-May-2022,610.0,PE,0.0,0.0,0.0,12.3,1.45,0,0.0,0,0,18-APR-2022,
OPTSTK,BERGEPAINT,26-May-2022,620.0,PE,0.0,0.0,0.0,14.85,2.1,0,0.0,0,0,18-APR-2022,
OPTSTK,BERGEPAINT,26-May-2022,630.0,PE,0.0,0.0,0.0,17.75,3.0,0,0.0,0,0,18-APR-2022,
OPTSTK,BERGEPAINT,26-May-2022,640.0,PE,0.0,0.0,0.0,21.0,4.15,0,0.0,0,0,18-APR-2022,
OPTSTK,BERGEPAINT,26-May-2022,650.0,PE,0.0,0.0,0.0,30.0,5.6,0,0.0,2200,0,18-APR-2022,
OPTSTK,BERGEPAINT,26-May-2022,660.0,PE,0.0,0.0,0.0,28.7,7.45,0,0.0,0,0,18-APR-2022,
OPTSTK,BERGEPAINT,26-May-2022,670.0,PE,0.0,0.0,0.0,33.15,9.7,0,0.0,0,0,18-APR-2022,
OPTSTK,BERGEPAINT,26-May-2022,680.0,PE,0.0,0.0,0.0,37.95,12.45,0,0.0,0,0,18-APR-2022,
OPTSTK,BERGEPAINT,26-May-2022,690.0,PE,0.0,0.0,0.0,43.15,15.65,0,0.0,0,0,18-APR-2022,
OPTSTK,BERGEPAINT,26-May-2022,700.0,PE,19.15,19.15,19.15,19.15,19.35,1,7.91,2200,-1100,18-APR-2022,
OPTSTK,BERGEPAINT,26-May-2022,710.0,PE,0.0,0.0,0.0,54.6,23.65,0,0.0,0,0,18-APR-2022,
OPTSTK,BERGEPAINT,26-May-2022,720.0,PE,0.0,0.0,0.0,25.0,28.45,0,0.0,2200,0,18-APR-2022,
OPTSTK,BERGEPAINT,26-May-2022,730.0,PE,0.0,0.0,0.0,67.5,33.75,0,0.0,0,0,18-APR-2022,
OPTSTK,BERGEPAINT,26-May-2022,740.0,PE,0.0,0.0,0.0,74.4,39.65,0,0.0,0,0,18-APR-2022,
OPTSTK,BERGEPAINT,26-May-2022,750.0,PE,0.0,0.0,0.0,81.6,46.0,0,0.0,0,0,18-APR-2022,
OPTSTK,BERGEPAINT,26-May-2022,760.0,PE,0.0,0.0,0.0,89.15,52.85,0,0.0,0,0,18-APR-2022,
OPTSTK,BERGEPAINT,26-May-2022,770.0,PE,0.0,0.0,0.0,96.9,60.15,0,0.0,0,0,18-APR-2022,
OPTSTK,BERGEPAINT,26-May-2022,780.0,PE,0.0,0.0,0.0,104.9,67.8,0,0.0,0,0,18-APR-2022,
OPTSTK,BERGEPAINT,26-May-2022,790.0,PE,0.0,0.0,0.0,113.1,75.8,0,0.0,0,0,18-APR-2022,
OPTSTK,BERGEPAINT,26-May-2022,800.0,PE,0.0,0.0,0.0,121.5,84.15,0,0.0,0,0,18-APR-2022,
OPTSTK,BERGEPAINT,26-May-2022,810.0,PE,0.0,0.0,0.0,130.1,92.8,0,0.0,0,0,18-APR-2022,
OPTSTK,BERGEPAINT,26-May-2022,820.0,PE,0.0,0.0,0.0,138.85,101.65,0,0.0,0,0,18-APR-2022,
OPTSTK,BERGEPAINT,26-May-2022,830.0,PE,0.0,0.0,0.0,147.75,110.7,0,0.0,0,0,18-APR-2022,
OPTSTK,BERGEPAINT,26-May-2022,840.0,PE,0.0,0.0,0.0,156.8,119.95,0,0.0,0,0,18-APR-2022,
OPTSTK,BERGEPAINT,26-May-2022,850.0,PE,0.0,0.0,0.0,165.9,129.35,0,0.0,0,0,18-APR-2022,
OPTSTK,BERGEPAINT,26-May-2022,860.0,PE,0.0,0.0,0.0,175.15,138.85,0,0.0,0,0,18-APR-2022,
OPTSTK,BERGEPAINT,26-May-2022,870.0,PE,0.0,0.0,0.0,184.5,148.45,0,0.0,0,0,18-APR-2022,
OPTSTK,BERGEPAINT,26-May-2022,880.0,PE,0.0,0.0,0.0,193.95,158.15,0,0.0,0,0,18-APR-2022,
OPTSTK,BERGEPAINT,26-May-2022,890.0,PE,0.0,0.0,0.0,203.4,167.9,0,0.0,0,0,18-APR-2022,
OPTSTK,BERGEPAINT,26-May-2022,900.0,PE,0.0,0.0,0.0,212.95,177.65,0,0.0,0,0,18-APR-2022,
OPTSTK,BERGEPAINT,26-May-2022,910.0,PE,0.0,0.0,0.0,222.55,187.5,0,0.0,0,0,18-APR-2022,
OPTSTK,BERGEPAINT,26-May-2022,920.0,PE,0.0,0.0,0.0,232.2,197.35,0,0.0,0,0,18-APR-2022,
OPTSTK,BERGEPAINT,26-May-2022,930.0,PE,0.0,0.0,0.0,241.9,207.25,0,0.0,0,0,18-APR-2022,
OPTSTK,BERGEPAINT,26-May-2022,940.0,PE,0.0,0.0,0.0,251.6,217.15,0,0.0,0,0,18-APR-2022,
OPTSTK,BERGEPAINT,26-May-2022,950.0,PE,0.0,0.0,0.0,261.35,227.1,0,0.0,0,0,18-APR-2022,
OPTSTK,BERGEPAINT,26-May-2022,960.0,PE,0.0,0.0,0.0,271.15,237.0,0,0.0,0,0,18-APR-2022,
OPTSTK,BERGEPAINT,26-May-2022,970.0,PE,0.0,0.0,0.0,280.9,246.95,0,0.0,0,0,18-APR-2022,
OPTSTK,BERGEPAINT,26-May-2022,980.0,PE,0.0,0.0,0.0,290.75,256.9,0,0.0,0,0,18-APR-2022,
OPTSTK,BERGEPAINT,26-May-2022,990.0,PE,0.0,0.0,0.0,300.55,266.8,0,0.0,0,0,18-APR-2022,
OPTSTK,BERGEPAINT,26-May-2022,1000.0,PE,0.0,0.0,0.0,310.4,276.75,0,0.0,0,0,18-APR-2022,
OPTSTK,BERGEPAINT,30-Jun-2022,470.0,CE,0.0,0.0,0.0,234.85,252.9,0,0.0,0,0,18-APR-2022,
OPTSTK,BERGEPAINT,30-Jun-2022,480.0,CE,0.0,0.0,0.0,225.05,243.0,0,0.0,0,0,18-APR-2022,
OPTSTK,BERGEPAINT,30-Jun-2022,490.0,CE,0.0,0.0,0.0,215.25,233.1,0,0.0,0,0,18-APR-2022,
OPTSTK,BERGEPAINT,30-Jun-2022,500.0,CE,0.0,0.0,0.0,205.55,223.2,0,0.0,0,0,18-APR-2022,
OPTSTK,BERGEPAINT,30-Jun-2022,510.0,CE,0.0,0.0,0.0,195.85,213.4,0,0.0,0,0,18-APR-2022,
OPTSTK,BERGEPAINT,30-Jun-2022,520.0,CE,0.0,0.0,0.0,186.25,203.55,0,0.0,0,0,18-APR-2022,
OPTSTK,BERGEPAINT,30-Jun-2022,530.0,CE,0.0,0.0,0.0,176.75,193.8,0,0.0,0,0,18-APR-2022,
OPTSTK,BERGEPAINT,30-Jun-2022,540.0,CE,0.0,0.0,0.0,167.35,184.05,0,0.0,0,0,18-APR-2022,
OPTSTK,BERGEPAINT,30-Jun-2022,550.0,CE,0.0,0.0,0.0,158.1,174.4,0,0.0,0,0,18-APR-2022,
OPTSTK,BERGEPAINT,30-Jun-2022,560.0,CE,0.0,0.0,0.0,149.0,164.85,0,0.0,0,0,18-APR-2022,
OPTSTK,BERGEPAINT,30-Jun-2022,570.0,CE,0.0,0.0,0.0,140.05,155.4,0,0.0,0,0,18-APR-2022,
OPTSTK,BERGEPAINT,30-Jun-2022,580.0,CE,0.0,0.0,0.0,131.3,146.1,0,0.0,0,0,18-APR-2022,
OPTSTK,BERGEPAINT,30-Jun-2022,590.0,CE,0.0,0.0,0.0,122.8,136.95,0,0.0,0,0,18-APR-2022,
OPTSTK,BERGEPAINT,30-Jun-2022,600.0,CE,0.0,0.0,0.0,114.5,127.95,0,0.0,0,0,18-APR-2022,
OPTSTK,BERGEPAINT,30-Jun-2022,610.0,CE,0.0,0.0,0.0,106.45,119.2,0,0.0,0,0,18-APR-2022,
OPTSTK,BERGEPAINT,30-Jun-2022,620.0,CE,0.0,0.0,0.0,98.7,110.65,0,0.0,0,0,18-APR-2022,
OPTSTK,BERGEPAINT,30-Jun-2022,630.0,CE,0.0,0.0,0.0,91.3,102.4,0,0.0,0,0,18-APR-2022,
OPTSTK,BERGEPAINT,30-Jun-2022,640.0,CE,0.0,0.0,0.0,84.15,94.4,0,0.0,0,0,18-APR-2022,
OPTSTK,BERGEPAINT,30-Jun-2022,650.0,CE,0.0,0.0,0.0,77.35,86.75,0,0.0,0,0,18-APR-2022,
OPTSTK,BERGEPAINT,30-Jun-2022,660.0,CE,0.0,0.0,0.0,70.9,79.4,0,0.0,0,0,18-APR-2022,
OPTSTK,BERGEPAINT,30-Jun-2022,670.0,CE,0.0,0.0,0.0,64.75,72.4,0,0.0,0,0,18-APR-2022,
OPTSTK,BERGEPAINT,30-Jun-2022,680.0,CE,0.0,0.0,0.0,59.0,65.8,0,0.0,0,0,18-APR-2022,
OPTSTK,BERGEPAINT,30-Jun-2022,690.0,CE,0.0,0.0,0.0,53.6,59.55,0,0.0,0,0,18-APR-2022,
OPTSTK,BERGEPAINT,30-Jun-2022,700.0,CE,0.0,0.0,0.0,48.55,53.75,0,0.0,0,0,18-APR-2022,
OPTSTK,BERGEPAINT,30-Jun-2022,710.0,CE,0.0,0.0,0.0,43.85,48.3,0,0.0,0,0,18-APR-2022,
OPTSTK,BERGEPAINT,30-Jun-2022,720.0,CE,0.0,0.0,0.0,39.5,43.2,0,0.0,0,0,18-APR-2022,
OPTSTK,BERGEPAINT,30-Jun-2022,730.0,CE,0.0,0.0,0.0,35.45,38.55,0,0.0,0,0,18-APR-2022,
OPTSTK,BERGEPAINT,30-Jun-2022,740.0,CE,0.0,0.0,0.0,31.75,34.25,0,0.0,0,0,18-APR-2022,
OPTSTK,BERGEPAINT,30-Jun-2022,750.0,CE,0.0,0.0,0.0,28.35,30.3,0,0.0,0,0,18-APR-2022,
OPTSTK,BERGEPAINT,30-Jun-2022,760.0,CE,0.0,0.0,0.0,25.25,26.75,0,0.0,0,0,18-APR-2022,
OPTSTK,BERGEPAINT,30-Jun-2022,770.0,CE,0.0,0.0,0.0,22.45,23.5,0,0.0,0,0,18-APR-2022,
OPTSTK,BERGEPAINT,30-Jun-2022,780.0,CE,0.0,0.0,0.0,19.9,20.55,0,0.0,0,0,18-APR-2022,
OPTSTK,BERGEPAINT,30-Jun-2022,790.0,CE,0.0,0.0,0.0,17.6,17.95,0,0.0,0,0,18-APR-2022,
OPTSTK,BERGEPAINT,30-Jun-2022,800.0,CE,0.0,0.0,0.0,15.5,15.65,0,0.0,0,0,18-APR-2022,
OPTSTK,BERGEPAINT,30-Jun-2022,810.0,CE,0.0,0.0,0.0,13.6,13.55,0,0.0,0,0,18-APR-2022,
OPTSTK,BERGEPAINT,30-Jun-2022,820.0,CE,0.0,0.0,0.0,11.95,11.7,0,0.0,0,0,18-APR-2022,
OPTSTK,BERGEPAINT,30-Jun-2022,830.0,CE,0.0,0.0,0.0,10.45,10.05,0,0.0,0,0,18-APR-2022,
OPTSTK,BERGEPAINT,30-Jun-2022,840.0,CE,0.0,0.0,0.0,9.15,8.65,0,0.0,0,0,18-APR-2022,
OPTSTK,BERGEPAINT,30-Jun-2022,850.0,CE,0.0,0.0,0.0,7.95,7.4,0,0.0,0,0,18-APR-2022,
OPTSTK,BERGEPAINT,30-Jun-2022,860.0,CE,0.0,0.0,0.0,6.9,6.3,0,0.0,0,0,18-APR-2022,
OPTSTK,BERGEPAINT,30-Jun-2022,870.0,CE,0.0,0.0,0.0,6.0,5.35,0,0.0,0,0,18-APR-2022,
OPTSTK,BERGEPAINT,30-Jun-2022,880.0,CE,0.0,0.0,0.0,5.2,4.55,0,0.0,0,0,18-APR-2022,
OPTSTK,BERGEPAINT,30-Jun-2022,890.0,CE,0.0,0.0,0.0,4.5,3.85,0,0.0,0,0,18-APR-2022,
OPTSTK,BERGEPAINT,30-Jun-2022,900.0,CE,0.0,0.0,0.0,3.85,3.25,0,0.0,0,0,18-APR-2022,
OPTSTK,BERGEPAINT,30-Jun-2022,910.0,CE,0.0,0.0,0.0,3.3,2.7,0,0.0,0,0,18-APR-2022,
OPTSTK,BERGEPAINT,30-Jun-2022,920.0,CE,0.0,0.0,0.0,2.85,2.3,0,0.0,0,0,18-APR-2022,
OPTSTK,BERGEPAINT,30-Jun-2022,930.0,CE,0.0,0.0,0.0,2.45,1.9,0,0.0,0,0,18-APR-2022,
OPTSTK,BERGEPAINT,30-Jun-2022,940.0,CE,0.0,0.0,0.0,2.1,1.6,0,0.0,0,0,18-APR-2022,
OPTSTK,BERGEPAINT,30-Jun-2022,950.0,CE,0.0,0.0,0.0,1.8,1.35,0,0.0,0,0,18-APR-2022,
OPTSTK,BERGEPAINT,30-Jun-2022,960.0,CE,0.0,0.0,0.0,1.55,1.1,0,0.0,0,0,18-APR-2022,
OPTSTK,BERGEPAINT,30-Jun-2022,970.0,CE,0.0,0.0,0.0,1.3,0.9,0,0.0,0,0,18-APR-2022,
OPTSTK,BERGEPAINT,30-Jun-2022,980.0,CE,0.0,0.0,0.0,1.1,0.75,0,0.0,0,0,18-APR-2022,
OPTSTK,BERGEPAINT,30-Jun-2022,470.0,PE,0.0,0.0,0.0,0.2,0.05,0,0.0,0,0,18-APR-2022,
OPTSTK,BERGEPAINT,30-Jun-2022,480.0,PE,0.0,0.0,0.0,0.3,0.05,0,0.0,0,0,18-APR-2022,
OPTSTK,BERGEPAINT,30-Jun-2022,490.0,PE,0.0,0.0,0.0,0.4,0.1,0,0.0,0,0,18-APR-2022,
OPTSTK,BERGEPAINT,30-Jun-2022,500.0,PE,0.0,0.0,0.0,0.55,0.15,0,0.0,0,0,18-APR-2022,
OPTSTK,BERGEPAINT,30-Jun-2022,510.0,PE,0.0,0.0,0.0,0.8,0.2,0,0.0,0,0,18-APR-2022,
OPTSTK,BERGEPAINT,30-Jun-2022,520.0,PE,0.0,0.0,0.0,1.1,0.3,0,0.0,0,0,18-APR-2022,
OPTSTK,BERGEPAINT,30-Jun-2022,530.0,PE,0.0,0.0,0.0,1.5,0.45,0,0.0,0,0,18-APR-2022,
OPTSTK,BERGEPAINT,30-Jun-2022,540.0,PE,0.0,0.0,0.0,2.0,0.65,0,0.0,0,0,18-APR-2022,
OPTSTK,BERGEPAINT,30-Jun-2022,550.0,PE,0.0,0.0,0.0,2.6,0.9,0,0.0,0,0,18-APR-2022,
OPTSTK,BERGEPAINT,30-Jun-2022,560.0,PE,0.0,0.0,0.0,3.4,1.25,0,0.0,0,0,18-APR-2022,
OPTSTK,BERGEPAINT,30-Jun-2022,570.0,PE,0.0,0.0,0.0,4.35,1.75,0,0.0,0,0,18-APR-2022,
OPTSTK,BERGEPAINT,30-Jun-2022,580.0,PE,0.0,0.0,0.0,5.5,2.35,0,0.0,0,0,18-APR-2022,
OPTSTK,BERGEPAINT,30-Jun-2022,590.0,PE,0.0,0.0,0.0,6.85,3.1,0,0.0,0,0,18-APR-2022,
OPTSTK,BERGEPAINT,30-Jun-2022,600.0,PE,0.0,0.0,0.0,8.5,4.0,0,0.0,0,0,18-APR-2022,
OPTSTK,BERGEPAINT,30-Jun-2022,610.0,PE,0.0,0.0,0.0,10.35,5.15,0,0.0,0,0,18-APR-2022,
OPTSTK,BERGEPAINT,30-Jun-2022,620.0,PE,0.0,0.0,0.0,12.5,6.55,0,0.0,0,0,18-APR-2022,
OPTSTK,BERGEPAINT,30-Jun-2022,630.0,PE,0.0,0.0,0.0,14.95,8.2,0,0.0,0,0,18-APR-2022,
OPTSTK,BERGEPAINT,30-Jun-2022,640.0,PE,0.0,0.0,0.0,17.75,10.15,0,0.0,0,0,18-APR-2022,
OPTSTK,BERGEPAINT,30-Jun-2022,650.0,PE,0.0,0.0,0.0,20.8,12.4,0,0.0,0,0,18-APR-2022,
OPTSTK,BERGEPAINT,30-Jun-2022,660.0,PE,0.0,0.0,0.0,24.25,15.0,0,0.0,0,0,18-APR-2022,
OPTSTK,BERGEPAINT,30-Jun-2022,670.0,PE,0.0,0.0,0.0,28.0,17.9,0,0.0,0,0,18-APR-2022,
OPTSTK,BERGEPAINT,30-Jun-2022,680.0,PE,0.0,0.0,0.0,32.15,21.2,0,0.0,0,0,18-APR-2022,
OPTSTK,BERGEPAINT,30-Jun-2022,690.0,PE,0.0,0.0,0.0,36.65,24.9,0,0.0,0,0,18-APR-2022,
OPTSTK,BERGEPAINT,30-Jun-2022,700.0,PE,0.0,0.0,0.0,41.5,28.95,0,0.0,0,0,18-APR-2022,
OPTSTK,BERGEPAINT,30-Jun-2022,710.0,PE,0.0,0.0,0.0,46.7,33.4,0,0.0,0,0,18-APR-2022,
OPTSTK,BERGEPAINT,30-Jun-2022,720.0,PE,0.0,0.0,0.0,52.25,38.25,0,0.0,0,0,18-APR-2022,
OPTSTK,BERGEPAINT,30-Jun-2022,730.0,PE,0.0,0.0,0.0,58.1,43.5,0,0.0,0,0,18-APR-2022,
OPTSTK,BERGEPAINT,30-Jun-2022,740.0,PE,0.0,0.0,0.0,64.3,49.1,0,0.0,0,0,18-APR-2022,
OPTSTK,BERGEPAINT,30-Jun-2022,750.0,PE,0.0,0.0,0.0,70.8,55.1,0,0.0,0,0,18-APR-2022,
OPTSTK,BERGEPAINT,30-Jun-2022,760.0,PE,0.0,0.0,0.0,77.55,61.45,0,0.0,0,0,18-APR-2022,
OPTSTK,BERGEPAINT,30-Jun-2022,770.0,PE,0.0,0.0,0.0,84.65,68.1,0,0.0,0,0,18-APR-2022,
OPTSTK,BERGEPAINT,30-Jun-2022,780.0,PE,0.0,0.0,0.0,92.0,75.1,0,0.0,0,0,18-APR-2022,
OPTSTK,BERGEPAINT,30-Jun-2022,790.0,PE,0.0,0.0,0.0,99.6,82.45,0,0.0,0,0,18-APR-2022,
OPTSTK,BERGEPAINT,30-Jun-2022,800.0,PE,0.0,0.0,0.0,107.4,90.0,0,0.0,0,0,18-APR-2022,
OPTSTK,BERGEPAINT,30-Jun-2022,810.0,PE,0.0,0.0,0.0,115.4,97.85,0,0.0,0,0,18-APR-2022,
OPTSTK,BERGEPAINT,30-Jun-2022,820.0,PE,0.0,0.0,0.0,123.65,105.9,0,0.0,0,0,18-APR-2022,
OPTSTK,BERGEPAINT,30-Jun-2022,830.0,PE,0.0,0.0,0.0,132.05,114.2,0,0.0,0,0,18-APR-2022,
OPTSTK,BERGEPAINT,30-Jun-2022,840.0,PE,0.0,0.0,0.0,140.6,122.65,0,0.0,0,0,18-APR-2022,
OPTSTK,BERGEPAINT,30-Jun-2022,850.0,PE,0.0,0.0,0.0,149.3,131.35,0,0.0,0,0,18-APR-2022,
OPTSTK,BERGEPAINT,30-Jun-2022,860.0,PE,0.0,0.0,0.0,158.15,140.15,0,0.0,0,0,18-APR-2022,
OPTSTK,BERGEPAINT,30-Jun-2022,870.0,PE,0.0,0.0,0.0,167.15,149.15,0,0.0,0,0,18-APR-2022,
OPTSTK,BERGEPAINT,30-Jun-2022,880.0,PE,0.0,0.0,0.0,176.25,158.25,0,0.0,0,0,18-APR-2022,
OPTSTK,BERGEPAINT,30-Jun-2022,890.0,PE,0.0,0.0,0.0,185.4,167.45,0,0.0,0,0,18-APR-2022,
OPTSTK,BERGEPAINT,30-Jun-2022,900.0,PE,0.0,0.0,0.0,194.7,176.75,0,0.0,0,0,18-APR-2022,
OPTSTK,BERGEPAINT,30-Jun-2022,910.0,PE,0.0,0.0,0.0,204.05,186.15,0,0.0,0,0,18-APR-2022,
OPTSTK,BERGEPAINT,30-Jun-2022,920.0,PE,0.0,0.0,0.0,213.5,195.65,0,0.0,0,0,18-APR-2022,
OPTSTK,BERGEPAINT,30-Jun-2022,930.0,PE,0.0,0.0,0.0,222.95,205.2,0,0.0,0,0,18-APR-2022,
OPTSTK,BERGEPAINT,30-Jun-2022,940.0,PE,0.0,0.0,0.0,232.5,214.8,0,0.0,0,0,18-APR-2022,
OPTSTK,BERGEPAINT,30-Jun-2022,950.0,PE,0.0,0.0,0.0,242.1,224.45,0,0.0,0,0,18-APR-2022,
OPTSTK,BERGEPAINT,30-Jun-2022,960.0,PE,0.0,0.0,0.0,251.75,234.15,0,0.0,0,0,18-APR-2022,
OPTSTK,BERGEPAINT,30-Jun-2022,970.0,PE,0.0,0.0,0.0,261.4,243.85,0,0.0,0,0,18-APR-2022,
OPTSTK,BERGEPAINT,30-Jun-2022,980.0,PE,0.0,0.0,0.0,271.1,253.6,0,0.0,0,0,18-APR-2022,
OPTSTK,BHARATFORG,28-Apr-2022,460.0,CE,0.0,0.0,0.0,265.05,269.0,0,0.0,0,0,18-APR-2022,
OPTSTK,BHARATFORG,28-Apr-2022,470.0,CE,0.0,0.0,0.0,255.5,259.0,0,0.0,0,0,18-APR-2022,
OPTSTK,BHARATFORG,28-Apr-2022,480.0,CE,0.0,0.0,0.0,246.05,249.0,0,0.0,0,0,18-APR-2022,
OPTSTK,BHARATFORG,28-Apr-2022,490.0,CE,0.0,0.0,0.0,236.65,239.0,0,0.0,0,0,18-APR-2022,
OPTSTK,BHARATFORG,28-Apr-2022,500.0,CE,0.0,0.0,0.0,227.4,229.05,0,0.0,0,0,18-APR-2022,
OPTSTK,BHARATFORG,28-Apr-2022,510.0,CE,0.0,0.0,0.0,218.25,219.05,0,0.0,0,0,18-APR-2022,
OPTSTK,BHARATFORG,28-Apr-2022,520.0,CE,0.0,0.0,0.0,209.2,209.05,0,0.0,0,0,18-APR-2022,
OPTSTK,BHARATFORG,28-Apr-2022,530.0,CE,0.0,0.0,0.0,200.3,199.05,0,0.0,0,0,18-APR-2022,
OPTSTK,BHARATFORG,28-Apr-2022,540.0,CE,0.0,0.0,0.0,191.55,189.1,0,0.0,0,0,18-APR-2022,
OPTSTK,BHARATFORG,28-Apr-2022,550.0,CE,0.0,0.0,0.0,182.95,179.1,0,0.0,0,0,18-APR-2022,
OPTSTK,BHARATFORG,28-Apr-2022,560.0,CE,0.0,0.0,0.0,174.5,169.1,0,0.0,0,0,18-APR-2022,
OPTSTK,BHARATFORG,28-Apr-2022,570.0,CE,0.0,0.0,0.0,166.3,159.1,0,0.0,0,0,18-APR-2022,
OPTSTK,BHARATFORG,28-Apr-2022,580.0,CE,0.0,0.0,0.0,158.25,149.15,0,0.0,0,0,18-APR-2022,
OPTSTK,BHARATFORG,28-Apr-2022,590.0,CE,0.0,0.0,0.0,150.4,139.15,0,0.0,0,0,18-APR-2022,
OPTSTK,BHARATFORG,28-Apr-2022,600.0,CE,0.0,0.0,0.0,142.75,129.2,0,0.0,0,0,18-APR-2022,
OPTSTK,BHARATFORG,28-Apr-2022,610.0,CE,0.0,0.0,0.0,135.35,119.3,0,0.0,0,0,18-APR-2022,
OPTSTK,BHARATFORG,28-Apr-2022,620.0,CE,0.0,0.0,0.0,128.2,109.4,0,0.0,0,0,18-APR-2022,
OPTSTK,BHARATFORG,28-Apr-2022,630.0,CE,0.0,0.0,0.0,121.2,99.6,0,0.0,0,0,18-APR-2022,
OPTSTK,BHARATFORG,28-Apr-2022,640.0,CE,0.0,0.0,0.0,114.45,89.95,0,0.0,0,0,18-APR-2022,
OPTSTK,BHARATFORG,28-Apr-2022,650.0,CE,0.0,0.0,0.0,70.0,80.5,0,0.0,2250,0,18-APR-2022,
OPTSTK,BHARATFORG,28-Apr-2022,660.0,CE,0.0,0.0,0.0,101.8,71.25,0,0.0,0,0,18-APR-2022,
OPTSTK,BHARATFORG,28-Apr-2022,670.0,CE,0.0,0.0,0.0,65.0,62.4,0,0.0,1500,0,18-APR-2022,
OPTSTK,BHARATFORG,28-Apr-2022,680.0,CE,0.0,0.0,0.0,58.7,53.95,0,0.0,10500,0,18-APR-2022,
OPTSTK,BHARATFORG,28-Apr-2022,690.0,CE,0.0,0.0,0.0,45.0,46.05,0,0.0,13500,0,18-APR-2022,
OPTSTK,BHARATFORG,28-Apr-2022,700.0,CE,37.5,37.5,26.0,36.0,36.0,18,98.96,79500,1500,18-APR-2022,
OPTSTK,BHARATFORG,28-Apr-2022,710.0,CE,31.15,31.15,23.15,24.05,32.1,15,82.84,27750,-3000,18-APR-2022,
OPTSTK,BHARATFORG,28-Apr-2022,720.0,CE,24.5,24.5,15.85,21.7,21.7,165,915.03,73500,750,18-APR-2022,
OPTSTK,BHARATFORG,28-Apr-2022,730.0,CE,20.0,21.95,11.1,16.15,16.15,320,1787.28,94500,15000,18-APR-2022,
OPTSTK,BHARATFORG,28-Apr-2022,740.0,CE,19.0,19.0,8.1,11.75,11.75,448,2524.09,158250,-22500,18-APR-2022,
OPTSTK,BHARATFORG,28-Apr-2022,750.0,CE,11.65,12.6,6.0,8.55,8.55,325,1847.96,205500,11250,18-APR-2022,
OPTSTK,BHARATFORG,28-Apr-2022,760.0,CE,5.0,9.25,4.45,6.3,6.3,346,1987.97,115500,-7500,18-APR-2022,
OPTSTK,BHARATFORG,28-Apr-2022,770.0,CE,5.35,5.35,3.4,4.6,4.6,65,377.34,32250,2250,18-APR-2022,
OPTSTK,BHARATFORG,28-Apr-2022,780.0,CE,4.1,4.4,2.4,3.5,3.5,182,1068.81,105000,-7500,18-APR-2022,
OPTSTK,BHARATFORG,28-Apr-2022,790.0,CE,2.6,2.6,2.0,2.0,3.95,2,11.88,18750,0,18-APR-2022,
OPTSTK,BHARATFORG,28-Apr-2022,800.0,CE,2.5,2.95,1.5,2.1,2.1,200,1202.9,212250,36000,18-APR-2022,
OPTSTK,BHARATFORG,28-Apr-2022,810.0,CE,1.5,3.25,0.45,1.4,1.4,30,182.55,39750,3000,18-APR-2022,
OPTSTK,BHARATFORG,28-Apr-2022,820.0,CE,1.7,1.75,1.0,1.3,1.3,124,763.75,42750,-4500,18-APR-2022,
OPTSTK,BHARATFORG,28-Apr-2022,830.0,CE,1.8,1.8,0.65,1.0,0.9,4,24.93,7500,750,18-APR-2022,
OPTSTK,BHARATFORG,28-Apr-2022,840.0,CE,0.0,0.0,0.0,1.4,0.6,0,0.0,2250,0,18-APR-2022,
OPTSTK,BHARATFORG,28-Apr-2022,850.0,CE,0.8,0.8,0.65,0.7,0.7,52,331.77,75750,750,18-APR-2022,
OPTSTK,BHARATFORG,28-Apr-2022,860.0,CE,0.0,0.0,0.0,2.2,0.25,0,0.0,7500,0,18-APR-2022,
OPTSTK,BHARATFORG,28-Apr-2022,870.0,CE,0.0,0.0,0.0,23.0,0.2,0,0.0,0,0,18-APR-2022,
OPTSTK,BHARATFORG,28-Apr-2022,880.0,CE,0.0,0.0,0.0,21.15,0.1,0,0.0,0,0,18-APR-2022,
OPTSTK,BHARATFORG,28-Apr-2022,890.0,CE,0.0,0.0,0.0,19.5,0.1,0,0.0,0,0,18-APR-2022,
OPTSTK,BHARATFORG,28-Apr-2022,900.0,CE,0.0,0.0,0.0,18.0,0.05,0,0.0,0,0,18-APR-2022,
OPTSTK,BHARATFORG,28-Apr-2022,910.0,CE,0.0,0.0,0.0,16.55,0.05,0,0.0,0,0,18-APR-2022,
OPTSTK,BHARATFORG,28-Apr-2022,920.0,CE,0.0,0.0,0.0,15.2,0.05,0,0.0,0,0,18-APR-2022,
OPTSTK,BHARATFORG,28-Apr-2022,930.0,CE,0.0,0.0,0.0,14.0,0.05,0,0.0,0,0,18-APR-2022,
OPTSTK,BHARATFORG,28-Apr-2022,940.0,CE,0.0,0.0,0.0,12.85,0.0,0,0.0,0,0,18-APR-2022,
OPTSTK,BHARATFORG,28-Apr-2022,950.0,CE,0.0,0.0,0.0,11.8,0.0,0,0.0,0,0,18-APR-2022,
OPTSTK,BHARATFORG,28-Apr-2022,960.0,CE,0.0,0.0,0.0,10.85,0.0,0,0.0,0,0,18-APR-2022,
OPTSTK,BHARATFORG,28-Apr-2022,970.0,CE,0.0,0.0,0.0,9.95,0.0,0,0.0,0,0,18-APR-2022,
OPTSTK,BHARATFORG,28-Apr-2022,980.0,CE,0.0,0.0,0.0,9.1,0.0,0,0.0,0,0,18-APR-2022,
OPTSTK,BHARATFORG,28-Apr-2022,990.0,CE,0.0,0.0,0.0,8.35,0.0,0,0.0,0,0,18-APR-2022,
OPTSTK,BHARATFORG,28-Apr-2022,460.0,PE,0.0,0.0,0.0,1.25,0.0,0,0.0,0,0,18-APR-2022,
OPTSTK,BHARATFORG,28-Apr-2022,470.0,PE,0.0,0.0,0.0,1.6,0.0,0,0.0,0,0,18-APR-2022,
OPTSTK,BHARATFORG,28-Apr-2022,480.0,PE,0.0,0.0,0.0,2.05,0.0,0,0.0,0,0,18-APR-2022,
OPTSTK,BHARATFORG,28-Apr-2022,490.0,PE,0.0,0.0,0.0,2.55,0.0,0,0.0,0,0,18-APR-2022,
OPTSTK,BHARATFORG,28-Apr-2022,500.0,PE,0.0,0.0,0.0,3.2,0.0,0,0.0,0,0,18-APR-2022,
OPTSTK,BHARATFORG,28-Apr-2022,510.0,PE,0.0,0.0,0.0,3.9,0.0,0,0.0,0,0,18-APR-2022,
OPTSTK,BHARATFORG,28-Apr-2022,520.0,PE,0.0,0.0,0.0,4.8,0.0,0,0.0,0,0,18-APR-2022,
OPTSTK,BHARATFORG,28-Apr-2022,530.0,PE,0.0,0.0,0.0,5.75,0.0,0,0.0,0,0,18-APR-2022,
OPTSTK,BHARATFORG,28-Apr-2022,540.0,PE,0.0,0.0,0.0,6.9,0.0,0,0.0,0,0,18-APR-2022,
OPTSTK,BHARATFORG,28-Apr-2022,550.0,PE,0.0,0.0,0.0,8.2,0.0,0,0.0,0,0,18-APR-2022,
OPTSTK,BHARATFORG,28-Apr-2022,560.0,PE,0.0,0.0,0.0,9.7,0.0,0,0.0,0,0,18-APR-2022,
OPTSTK,BHARATFORG,28-Apr-2022,570.0,PE,0.0,0.0,0.0,11.35,0.0,0,0.0,0,0,18-APR-2022,
OPTSTK,BHARATFORG,28-Apr-2022,580.0,PE,0.0,0.0,0.0,0.4,0.05,0,0.0,750,0,18-APR-2022,
OPTSTK,BHARATFORG,28-Apr-2022,590.0,PE,0.0,0.0,0.0,15.25,0.05,0,0.0,0,0,18-APR-2022,
OPTSTK,BHARATFORG,28-Apr-2022,600.0,PE,0.3,0.45,0.3,0.45,0.1,4,18.01,32250,-3000,18-APR-2022,
OPTSTK,BHARATFORG,28-Apr-2022,610.0,PE,0.55,0.55,0.55,0.55,0.15,4,18.31,3750,3000,18-APR-2022,
OPTSTK,BHARATFORG,28-Apr-2022,620.0,PE,0.0,0.0,0.0,2.25,0.25,0,0.0,5250,0,18-APR-2022,
OPTSTK,BHARATFORG,28-Apr-2022,630.0,PE,0.0,0.0,0.0,2.15,0.45,0,0.0,2250,0,18-APR-2022,
OPTSTK,BHARATFORG,28-Apr-2022,640.0,PE,1.15,1.15,1.15,1.15,1.15,1,4.8,3750,-750,18-APR-2022,
OPTSTK,BHARATFORG,28-Apr-2022,650.0,PE,1.5,1.85,1.35,1.55,1.55,77,376.28,63000,-11250,18-APR-2022,
OPTSTK,BHARATFORG,28-Apr-2022,660.0,PE,3.85,3.85,1.55,1.55,2.05,2,9.94,12750,750,18-APR-2022,
OPTSTK,BHARATFORG,28-Apr-2022,670.0,PE,2.55,2.55,2.5,2.5,2.5,3,15.13,6000,0,18-APR-2022,
OPTSTK,BHARATFORG,28-Apr-2022,680.0,PE,3.45,5.0,3.15,3.2,3.2,70,359.08,75750,-17250,18-APR-2022,
OPTSTK,BHARATFORG,28-Apr-2022,690.0,PE,0.0,0.0,0.0,8.5,6.8,0,0.0,24000,0,18-APR-2022,
OPTSTK,BHARATFORG,28-Apr-2022,700.0,PE,7.6,9.55,5.8,6.05,6.05,80,424.42,144750,-6750,18-APR-2022,
OPTSTK,BHARATFORG,28-Apr-2022,710.0,PE,10.45,12.3,7.85,7.9,7.9,42,226.96,24000,6000,18-APR-2022,
OPTSTK,BHARATFORG,28-Apr-2022,720.0,PE,17.15,18.15,10.95,11.45,11.45,350,1928.89,93000,32250,18-APR-2022,
OPTSTK,BHARATFORG,28-Apr-2022,730.0,PE,18.45,23.45,16.85,16.9,21.75,66,371.23,61500,-12000,18-APR-2022,
OPTSTK,BHARATFORG,28-Apr-2022,740.0,PE,23.5,27.85,23.05,23.05,27.3,15,86.05,48000,-3000,18-APR-2022,
OPTSTK,BHARATFORG,28-Apr-2022,750.0,PE,28.3,37.95,28.3,33.55,33.55,3,17.62,37500,-2250,18-APR-2022,
OPTSTK,BHARATFORG,28-Apr-2022,760.0,PE,35.45,42.7,35.45,35.65,35.65,5,29.89,6750,2250,18-APR-2022,
OPTSTK,BHARATFORG,28-Apr-2022,770.0,PE,46.95,53.05,46.95,53.05,48.05,2,12.3,3000,0,18-APR-2022,
OPTSTK,BHARATFORG,28-Apr-2022,780.0,PE,0.0,0.0,0.0,45.05,56.1,0,0.0,1500,0,18-APR-2022,
OPTSTK,BHARATFORG,28-Apr-2022,790.0,PE,0.0,0.0,0.0,105.3,64.6,0,0.0,0,0,18-APR-2022,
OPTSTK,BHARATFORG,28-Apr-2022,800.0,PE,0.0,0.0,0.0,63.75,73.45,0,0.0,5250,0,18-APR-2022,
OPTSTK,BHARATFORG,28-Apr-2022,810.0,PE,0.0,0.0,0.0,74.85,82.6,0,0.0,3000,0,18-APR-2022,
OPTSTK,BHARATFORG,28-Apr-2022,820.0,PE,0.0,0.0,0.0,87.0,92.0,0,0.0,2250,0,18-APR-2022,
OPTSTK,BHARATFORG,28-Apr-2022,830.0,PE,0.0,0.0,0.0,133.8,101.55,0,0.0,0,0,18-APR-2022,
OPTSTK,BHARATFORG,28-Apr-2022,840.0,PE,0.0,0.0,0.0,141.35,111.2,0,0.0,0,0,18-APR-2022,
OPTSTK,BHARATFORG,28-Apr-2022,850.0,PE,0.0,0.0,0.0,149.1,121.0,0,0.0,0,0,18-APR-2022,
OPTSTK,BHARATFORG,28-Apr-2022,860.0,PE,0.0,0.0,0.0,156.95,130.85,0,0.0,0,0,18-APR-2022,
OPTSTK,BHARATFORG,28-Apr-2022,870.0,PE,0.0,0.0,0.0,164.9,140.75,0,0.0,0,0,18-APR-2022,
OPTSTK,BHARATFORG,28-Apr-2022,880.0,PE,0.0,0.0,0.0,173.0,150.7,0,0.0,0,0,18-APR-2022,
OPTSTK,BHARATFORG,28-Apr-2022,890.0,PE,0.0,0.0,0.0,181.25,160.65,0,0.0,0,0,18-APR-2022,
OPTSTK,BHARATFORG,28-Apr-2022,900.0,PE,0.0,0.0,0.0,189.6,170.6,0,0.0,0,0,18-APR-2022,
OPTSTK,BHARATFORG,28-Apr-2022,910.0,PE,0.0,0.0,0.0,198.05,180.55,0,0.0,0,0,18-APR-2022,
OPTSTK,BHARATFORG,28-Apr-2022,920.0,PE,0.0,0.0,0.0,206.65,190.55,0,0.0,0,0,18-APR-2022,
OPTSTK,BHARATFORG,28-Apr-2022,930.0,PE,0.0,0.0,0.0,215.3,200.55,0,0.0,0,0,18-APR-2022,
OPTSTK,BHARATFORG,28-Apr-2022,940.0,PE,0.0,0.0,0.0,224.05,210.5,0,0.0,0,0,18-APR-2022,
OPTSTK,BHARATFORG,28-Apr-2022,950.0,PE,0.0,0.0,0.0,232.9,220.5,0,0.0,0,0,18-APR-2022,
OPTSTK,BHARATFORG,28-Apr-2022,960.0,PE,0.0,0.0,0.0,241.85,230.5,0,0.0,0,0,18-APR-2022,
OPTSTK,BHARATFORG,28-Apr-2022,970.0,PE,0.0,0.0,0.0,250.85,240.5,0,0.0,0,0,18-APR-2022,
OPTSTK,BHARATFORG,28-Apr-2022,980.0,PE,0.0,0.0,0.0,259.9,250.45,0,0.0,0,0,18-APR-2022,
OPTSTK,BHARATFORG,28-Apr-2022,990.0,PE,0.0,0.0,0.0,269.0,260.45,0,0.0,0,0,18-APR-2022,
OPTSTK,BHARATFORG,26-May-2022,460.0,CE,0.0,0.0,0.0,214.9,270.5,0,0.0,0,0,18-APR-2022,
OPTSTK,BHARATFORG,26-May-2022,470.0,CE,0.0,0.0,0.0,205.65,260.55,0,0.0,0,0,18-APR-2022,
OPTSTK,BHARATFORG,26-May-2022,480.0,CE,0.0,0.0,0.0,196.5,250.65,0,0.0,0,0,18-APR-2022,
OPTSTK,BHARATFORG,26-May-2022,490.0,CE,0.0,0.0,0.0,187.5,240.7,0,0.0,0,0,18-APR-2022,
OPTSTK,BHARATFORG,26-May-2022,500.0,CE,0.0,0.0,0.0,178.7,230.8,0,0.0,0,0,18-APR-2022,
OPTSTK,BHARATFORG,26-May-2022,510.0,CE,0.0,0.0,0.0,170.05,220.9,0,0.0,0,0,18-APR-2022,
OPTSTK,BHARATFORG,26-May-2022,520.0,CE,0.0,0.0,0.0,161.55,211.0,0,0.0,0,0,18-APR-2022,
OPTSTK,BHARATFORG,26-May-2022,530.0,CE,0.0,0.0,0.0,153.25,201.2,0,0.0,0,0,18-APR-2022,
OPTSTK,BHARATFORG,26-May-2022,540.0,CE,0.0,0.0,0.0,145.2,191.4,0,0.0,0,0,18-APR-2022,
OPTSTK,BHARATFORG,26-May-2022,550.0,CE,0.0,0.0,0.0,137.35,181.7,0,0.0,0,0,18-APR-2022,
OPTSTK,BHARATFORG,26-May-2022,560.0,CE,0.0,0.0,0.0,129.75,172.05,0,0.0,0,0,18-APR-2022,
OPTSTK,BHARATFORG,26-May-2022,570.0,CE,0.0,0.0,0.0,122.35,162.5,0,0.0,0,0,18-APR-2022,
OPTSTK,BHARATFORG,26-May-2022,580.0,CE,0.0,0.0,0.0,115.2,153.1,0,0.0,0,0,18-APR-2022,
OPTSTK,BHARATFORG,26-May-2022,590.0,CE,0.0,0.0,0.0,108.35,143.8,0,0.0,0,0,18-APR-2022,
OPTSTK,BHARATFORG,26-May-2022,600.0,CE,0.0,0.0,0.0,101.7,134.7,0,0.0,0,0,18-APR-2022,
OPTSTK,BHARATFORG,26-May-2022,610.0,CE,0.0,0.0,0.0,95.35,125.8,0,0.0,0,0,18-APR-2022,
OPTSTK,BHARATFORG,26-May-2022,620.0,CE,0.0,0.0,0.0,89.25,117.1,0,0.0,0,0,18-APR-2022,
OPTSTK,BHARATFORG,26-May-2022,630.0,CE,0.0,0.0,0.0,83.45,108.65,0,0.0,0,0,18-APR-2022,
OPTSTK,BHARATFORG,26-May-2022,640.0,CE,0.0,0.0,0.0,77.9,100.5,0,0.0,0,0,18-APR-2022,
OPTSTK,BHARATFORG,26-May-2022,650.0,CE,0.0,0.0,0.0,72.65,92.6,0,0.0,0,0,18-APR-2022,
OPTSTK,BHARATFORG,26-May-2022,660.0,CE,0.0,0.0,0.0,67.65,85.1,0,0.0,0,0,18-APR-2022,
OPTSTK,BHARATFORG,26-May-2022,670.0,CE,0.0,0.0,0.0,62.9,77.85,0,0.0,0,0,18-APR-2022,
OPTSTK,BHARATFORG,26-May-2022,680.0,CE,0.0,0.0,0.0,58.4,70.95,0,0.0,0,0,18-APR-2022,
OPTSTK,BHARATFORG,26-May-2022,690.0,CE,0.0,0.0,0.0,54.15,64.5,0,0.0,0,0,18-APR-2022,
OPTSTK,BHARATFORG,26-May-2022,700.0,CE,0.0,0.0,0.0,46.25,58.4,0,0.0,750,0,18-APR-2022,
OPTSTK,BHARATFORG,26-May-2022,710.0,CE,0.0,0.0,0.0,46.4,52.65,0,0.0,0,0,18-APR-2022,
OPTSTK,BHARATFORG,26-May-2022,720.0,CE,0.0,0.0,0.0,42.9,47.35,0,0.0,0,0,18-APR-2022,
OPTSTK,BHARATFORG,26-May-2022,730.0,CE,0.0,0.0,0.0,39.6,42.4,0,0.0,0,0,18-APR-2022,
OPTSTK,BHARATFORG,26-May-2022,740.0,CE,0.0,0.0,0.0,45.0,37.8,0,0.0,1500,0,18-APR-2022,
OPTSTK,BHARATFORG,26-May-2022,750.0,CE,0.0,0.0,0.0,30.0,33.6,0,0.0,3750,0,18-APR-2022,
OPTSTK,BHARATFORG,26-May-2022,760.0,CE,0.0,0.0,0.0,30.9,29.75,0,0.0,0,0,18-APR-2022,
OPTSTK,BHARATFORG,26-May-2022,770.0,CE,0.0,0.0,0.0,28.45,26.3,0,0.0,0,0,18-APR-2022,
OPTSTK,BHARATFORG,26-May-2022,780.0,CE,0.0,0.0,0.0,26.1,23.1,0,0.0,0,0,18-APR-2022,
OPTSTK,BHARATFORG,26-May-2022,790.0,CE,0.0,0.0,0.0,23.95,20.25,0,0.0,0,0,18-APR-2022,
OPTSTK,BHARATFORG,26-May-2022,800.0,CE,0.0,0.0,0.0,23.5,17.75,0,0.0,1500,0,18-APR-2022,
OPTSTK,BHARATFORG,26-May-2022,810.0,CE,0.0,0.0,0.0,20.1,15.45,0,0.0,0,0,18-APR-2022,
OPTSTK,BHARATFORG,26-May-2022,820.0,CE,0.0,0.0,0.0,18.35,13.4,0,0.0,0,0,18-APR-2022,
OPTSTK,BHARATFORG,26-May-2022,830.0,CE,0.0,0.0,0.0,16.8,11.6,0,0.0,0,0,18-APR-2022,
OPTSTK,BHARATFORG,26-May-2022,840.0,CE,0.0,0.0,0.0,15.3,10.0,0,0.0,0,0,18-APR-2022,
OPTSTK,BHARATFORG,26-May-2022,850.0,CE,0.0,0.0,0.0,1.0,8.6,0,0.0,0,0,18-APR-2022,
OPTSTK,BHARATFORG,26-May-2022,860.0,CE,0.0,0.0,0.0,12.75,7.35,0,0.0,0,0,18-APR-2022,
OPTSTK,BHARATFORG,26-May-2022,870.0,CE,0.0,0.0,0.0,11.6,6.3,0,0.0,0,0,18-APR-2022,
OPTSTK,BHARATFORG,26-May-2022,880.0,CE,0.0,0.0,0.0,10.55,5.35,0,0.0,0,0,18-APR-2022,
OPTSTK,BHARATFORG,26-May-2022,890.0,CE,0.0,0.0,0.0,9.6,4.55,0,0.0,0,0,18-APR-2022,
OPTSTK,BHARATFORG,26-May-2022,900.0,CE,0.0,0.0,0.0,8.75,3.85,0,0.0,0,0,18-APR-2022,
OPTSTK,BHARATFORG,26-May-2022,910.0,CE,0.0,0.0,0.0,7.95,3.25,0,0.0,0,0,18-APR-2022,
OPTSTK,BHARATFORG,26-May-2022,920.0,CE,0.0,0.0,0.0,7.2,2.75,0,0.0,0,0,18-APR-2022,
OPTSTK,BHARATFORG,26-May-2022,930.0,CE,0.0,0.0,0.0,6.55,2.3,0,0.0,0,0,18-APR-2022,
OPTSTK,BHARATFORG,26-May-2022,940.0,CE,0.0,0.0,0.0,5.9,1.95,0,0.0,0,0,18-APR-2022,
OPTSTK,BHARATFORG,26-May-2022,950.0,CE,0.0,0.0,0.0,5.35,1.6,0,0.0,0,0,18-APR-2022,
OPTSTK,BHARATFORG,26-May-2022,960.0,CE,0.0,0.0,0.0,4.85,1.35,0,0.0,0,0,18-APR-2022,
OPTSTK,BHARATFORG,26-May-2022,970.0,CE,0.0,0.0,0.0,4.4,1.15,0,0.0,0,0,18-APR-2022,
OPTSTK,BHARATFORG,26-May-2022,460.0,PE,0.0,0.0,0.0,2.45,0.05,0,0.0,0,0,18-APR-2022,
OPTSTK,BHARATFORG,26-May-2022,470.0,PE,0.0,0.0,0.0,3.1,0.05,0,0.0,0,0,18-APR-2022,
OPTSTK,BHARATFORG,26-May-2022,480.0,PE,0.0,0.0,0.0,3.9,0.05,0,0.0,0,0,18-APR-2022,
OPTSTK,BHARATFORG,26-May-2022,490.0,PE,0.0,0.0,0.0,4.8,0.1,0,0.0,0,0,18-APR-2022,
OPTSTK,BHARATFORG,26-May-2022,500.0,PE,0.0,0.0,0.0,5.85,0.1,0,0.0,0,0,18-APR-2022,
OPTSTK,BHARATFORG,26-May-2022,510.0,PE,0.0,0.0,0.0,7.1,0.2,0,0.0,0,0,18-APR-2022,
OPTSTK,BHARATFORG,26-May-2022,520.0,PE,0.0,0.0,0.0,8.5,0.25,0,0.0,0,0,18-APR-2022,
OPTSTK,BHARATFORG,26-May-2022,530.0,PE,0.0,0.0,0.0,10.15,0.4,0,0.0,0,0,18-APR-2022,
OPTSTK,BHARATFORG,26-May-2022,540.0,PE,0.0,0.0,0.0,11.95,0.55,0,0.0,0,0,18-APR-2022,
OPTSTK,BHARATFORG,26-May-2022,550.0,PE,0.0,0.0,0.0,14.0,0.8,0,0.0,0,0,18-APR-2022,
OPTSTK,BHARATFORG,26-May-2022,560.0,PE,0.0,0.0,0.0,16.25,1.1,0,0.0,0,0,18-APR-2022,
OPTSTK,BHARATFORG,26-May-2022,570.0,PE,0.0,0.0,0.0,18.8,1.55,0,0.0,0,0,18-APR-2022,
OPTSTK,BHARATFORG,26-May-2022,580.0,PE,0.0,0.0,0.0,21.55,2.05,0,0.0,0,0,18-APR-2022,
OPTSTK,BHARATFORG,26-May-2022,590.0,PE,0.0,0.0,0.0,24.55,2.75,0,0.0,0,0,18-APR-2022,
OPTSTK,BHARATFORG,26-May-2022,600.0,PE,0.0,0.0,0.0,27.8,3.6,0,0.0,0,0,18-APR-2022,
OPTSTK,BHARATFORG,26-May-2022,610.0,PE,0.0,0.0,0.0,31.35,4.65,0,0.0,0,0,18-APR-2022,
OPTSTK,BHARATFORG,26-May-2022,620.0,PE,0.0,0.0,0.0,35.2,5.9,0,0.0,0,0,18-APR-2022,
OPTSTK,BHARATFORG,26-May-2022,630.0,PE,0.0,0.0,0.0,39.25,7.4,0,0.0,0,0,18-APR-2022,
OPTSTK,BHARATFORG,26-May-2022,640.0,PE,0.0,0.0,0.0,43.6,9.2,0,0.0,0,0,18-APR-2022,
OPTSTK,BHARATFORG,26-May-2022,650.0,PE,0.0,0.0,0.0,12.0,11.3,0,0.0,1500,0,18-APR-2022,
OPTSTK,BHARATFORG,26-May-2022,660.0,PE,0.0,0.0,0.0,53.15,13.7,0,0.0,0,0,18-APR-2022,
OPTSTK,BHARATFORG,26-May-2022,670.0,PE,0.0,0.0,0.0,58.3,16.45,0,0.0,0,0,18-APR-2022,
OPTSTK,BHARATFORG,26-May-2022,680.0,PE,0.0,0.0,0.0,63.7,19.5,0,0.0,0,0,18-APR-2022,
OPTSTK,BHARATFORG,26-May-2022,690.0,PE,0.0,0.0,0.0,69.35,23.0,0,0.0,0,0,18-APR-2022,
OPTSTK,BHARATFORG,26-May-2022,700.0,PE,0.0,0.0,0.0,18.0,26.85,0,0.0,1500,0,18-APR-2022,
OPTSTK,BHARATFORG,26-May-2022,710.0,PE,0.0,0.0,0.0,81.4,31.1,0,0.0,0,0,18-APR-2022,
OPTSTK,BHARATFORG,26-May-2022,720.0,PE,0.0,0.0,0.0,30.0,35.7,0,0.0,750,0,18-APR-2022,
OPTSTK,BHARATFORG,26-May-2022,730.0,PE,0.0,0.0,0.0,94.35,40.7,0,0.0,0,0,18-APR-2022,
OPTSTK,BHARATFORG,26-May-2022,740.0,PE,0.0,0.0,0.0,101.15,46.1,0,0.0,0,0,18-APR-2022,
OPTSTK,BHARATFORG,26-May-2022,750.0,PE,0.0,0.0,0.0,108.15,51.85,0,0.0,0,0,18-APR-2022,
OPTSTK,BHARATFORG,26-May-2022,760.0,PE,0.0,0.0,0.0,115.35,57.95,0,0.0,0,0,18-APR-2022,
OPTSTK,BHARATFORG,26-May-2022,770.0,PE,0.0,0.0,0.0,122.8,64.45,0,0.0,0,0,18-APR-2022,
OPTSTK,BHARATFORG,26-May-2022,780.0,PE,0.0,0.0,0.0,130.35,71.2,0,0.0,0,0,18-APR-2022,
OPTSTK,BHARATFORG,26-May-2022,790.0,PE,0.0,0.0,0.0,138.1,78.3,0,0.0,0,0,18-APR-2022,
OPTSTK,BHARATFORG,26-May-2022,800.0,PE,0.0,0.0,0.0,146.0,85.75,0,0.0,0,0,18-APR-2022,
OPTSTK,BHARATFORG,26-May-2022,810.0,PE,0.0,0.0,0.0,154.0,93.4,0,0.0,0,0,18-APR-2022,
OPTSTK,BHARATFORG,26-May-2022,820.0,PE,0.0,0.0,0.0,162.2,101.3,0,0.0,0,0,18-APR-2022,
OPTSTK,BHARATFORG,26-May-2022,830.0,PE,0.0,0.0,0.0,170.5,109.45,0,0.0,0,0,18-APR-2022,
OPTSTK,BHARATFORG,26-May-2022,840.0,PE,0.0,0.0,0.0,178.95,117.85,0,0.0,0,0,18-APR-2022,
OPTSTK,BHARATFORG,26-May-2022,850.0,PE,0.0,0.0,0.0,187.5,126.4,0,0.0,0,0,18-APR-2022,
OPTSTK,BHARATFORG,26-May-2022,860.0,PE,0.0,0.0,0.0,196.15,135.1,0,0.0,0,0,18-APR-2022,
OPTSTK,BHARATFORG,26-May-2022,870.0,PE,0.0,0.0,0.0,204.9,144.0,0,0.0,0,0,18-APR-2022,
OPTSTK,BHARATFORG,26-May-2022,880.0,PE,0.0,0.0,0.0,213.75,153.0,0,0.0,0,0,18-APR-2022,
OPTSTK,BHARATFORG,26-May-2022,890.0,PE,0.0,0.0,0.0,222.7,162.15,0,0.0,0,0,18-APR-2022,
OPTSTK,BHARATFORG,26-May-2022,900.0,PE,0.0,0.0,0.0,231.7,171.45,0,0.0,0,0,18-APR-2022,
OPTSTK,BHARATFORG,26-May-2022,910.0,PE,0.0,0.0,0.0,240.8,180.8,0,0.0,0,0,18-APR-2022,
OPTSTK,BHARATFORG,26-May-2022,920.0,PE,0.0,0.0,0.0,249.95,190.25,0,0.0,0,0,18-APR-2022,
OPTSTK,BHARATFORG,26-May-2022,930.0,PE,0.0,0.0,0.0,259.2,199.75,0,0.0,0,0,18-APR-2022,
OPTSTK,BHARATFORG,26-May-2022,940.0,PE,0.0,0.0,0.0,268.5,209.35,0,0.0,0,0,18-APR-2022,
OPTSTK,BHARATFORG,26-May-2022,950.0,PE,0.0,0.0,0.0,277.8,219.0,0,0.0,0,0,18-APR-2022,
OPTSTK,BHARATFORG,26-May-2022,960.0,PE,0.0,0.0,0.0,287.2,228.65,0,0.0,0,0,18-APR-2022,
OPTSTK,BHARATFORG,26-May-2022,970.0,PE,0.0,0.0,0.0,296.65,238.4,0,0.0,0,0,18-APR-2022,
OPTSTK,BHARATFORG,30-Jun-2022,460.0,CE,0.0,0.0,0.0,246.85,272.7,0,0.0,0,0,18-APR-2022,
OPTSTK,BHARATFORG,30-Jun-2022,470.0,CE,0.0,0.0,0.0,237.35,262.95,0,0.0,0,0,18-APR-2022,
OPTSTK,BHARATFORG,30-Jun-2022,480.0,CE,0.0,0.0,0.0,227.95,253.2,0,0.0,0,0,18-APR-2022,
OPTSTK,BHARATFORG,30-Jun-2022,490.0,CE,0.0,0.0,0.0,218.65,243.5,0,0.0,0,0,18-APR-2022,
OPTSTK,BHARATFORG,30-Jun-2022,500.0,CE,0.0,0.0,0.0,209.45,233.9,0,0.0,0,0,18-APR-2022,
OPTSTK,BHARATFORG,30-Jun-2022,510.0,CE,0.0,0.0,0.0,200.4,224.35,0,0.0,0,0,18-APR-2022,
OPTSTK,BHARATFORG,30-Jun-2022,520.0,CE,0.0,0.0,0.0,191.45,214.9,0,0.0,0,0,18-APR-2022,
OPTSTK,BHARATFORG,30-Jun-2022,530.0,CE,0.0,0.0,0.0,182.7,205.5,0,0.0,0,0,18-APR-2022,
OPTSTK,BHARATFORG,30-Jun-2022,540.0,CE,0.0,0.0,0.0,174.05,196.25,0,0.0,0,0,18-APR-2022,
OPTSTK,BHARATFORG,30-Jun-2022,550.0,CE,0.0,0.0,0.0,165.65,187.15,0,0.0,0,0,18-APR-2022,
OPTSTK,BHARATFORG,30-Jun-2022,560.0,CE,0.0,0.0,0.0,157.4,178.15,0,0.0,0,0,18-APR-2022,
OPTSTK,BHARATFORG,30-Jun-2022,570.0,CE,0.0,0.0,0.0,149.35,169.35,0,0.0,0,0,18-APR-2022,
OPTSTK,BHARATFORG,30-Jun-2022,580.0,CE,0.0,0.0,0.0,141.55,160.7,0,0.0,0,0,18-APR-2022,
OPTSTK,BHARATFORG,30-Jun-2022,590.0,CE,0.0,0.0,0.0,133.95,152.25,0,0.0,0,0,18-APR-2022,
OPTSTK,BHARATFORG,30-Jun-2022,600.0,CE,0.0,0.0,0.0,126.6,144.0,0,0.0,0,0,18-APR-2022,
OPTSTK,BHARATFORG,30-Jun-2022,610.0,CE,0.0,0.0,0.0,119.5,135.95,0,0.0,0,0,18-APR-2022,
OPTSTK,BHARATFORG,30-Jun-2022,620.0,CE,0.0,0.0,0.0,112.6,128.15,0,0.0,0,0,18-APR-2022,
OPTSTK,BHARATFORG,30-Jun-2022,630.0,CE,0.0,0.0,0.0,105.95,120.6,0,0.0,0,0,18-APR-2022,
OPTSTK,BHARATFORG,30-Jun-2022,640.0,CE,0.0,0.0,0.0,99.55,113.3,0,0.0,0,0,18-APR-2022,
OPTSTK,BHARATFORG,30-Jun-2022,650.0,CE,0.0,0.0,0.0,93.45,106.25,0,0.0,0,0,18-APR-2022,
OPTSTK,BHARATFORG,30-Jun-2022,660.0,CE,0.0,0.0,0.0,87.6,99.45,0,0.0,0,0,18-APR-2022,
OPTSTK,BHARATFORG,30-Jun-2022,670.0,CE,0.0,0.0,0.0,82.0,92.9,0,0.0,0,0,18-APR-2022,
OPTSTK,BHARATFORG,30-Jun-2022,680.0,CE,0.0,0.0,0.0,76.65,86.7,0,0.0,0,0,18-APR-2022,
OPTSTK,BHARATFORG,30-Jun-2022,690.0,CE,0.0,0.0,0.0,71.6,80.75,0,0.0,0,0,18-APR-2022,
OPTSTK,BHARATFORG,30-Jun-2022,700.0,CE,0.0,0.0,0.0,66.75,75.05,0,0.0,0,0,18-APR-2022,
OPTSTK,BHARATFORG,30-Jun-2022,710.0,CE,0.0,0.0,0.0,62.2,69.7,0,0.0,0,0,18-APR-2022,
OPTSTK,BHARATFORG,30-Jun-2022,720.0,CE,0.0,0.0,0.0,57.85,64.6,0,0.0,0,0,18-APR-2022,
OPTSTK,BHARATFORG,30-Jun-2022,730.0,CE,0.0,0.0,0.0,53.75,59.75,0,0.0,0,0,18-APR-2022,
OPTSTK,BHARATFORG,30-Jun-2022,740.0,CE,0.0,0.0,0.0,49.9,55.2,0,0.0,0,0,18-APR-2022,
OPTSTK,BHARATFORG,30-Jun-2022,750.0,CE,0.0,0.0,0.0,46.25,50.9,0,0.0,0,0,18-APR-2022,
OPTSTK,BHARATFORG,30-Jun-2022,760.0,CE,0.0,0.0,0.0,42.85,46.85,0,0.0,0,0,18-APR-2022,
OPTSTK,BHARATFORG,30-Jun-2022,770.0,CE,0.0,0.0,0.0,39.6,43.1,0,0.0,0,0,18-APR-2022,
OPTSTK,BHARATFORG,30-Jun-2022,780.0,CE,0.0,0.0,0.0,36.6,39.55,0,0.0,0,0,18-APR-2022,
OPTSTK,BHARATFORG,30-Jun-2022,790.0,CE,0.0,0.0,0.0,33.8,36.25,0,0.0,0,0,18-APR-2022,
OPTSTK,BHARATFORG,30-Jun-2022,800.0,CE,0.0,0.0,0.0,31.15,33.2,0,0.0,0,0,18-APR-2022,
OPTSTK,BHARATFORG,30-Jun-2022,810.0,CE,0.0,0.0,0.0,28.75,30.35,0,0.0,0,0,18-APR-2022,
OPTSTK,BHARATFORG,30-Jun-2022,820.0,CE,0.0,0.0,0.0,26.45,27.7,0,0.0,0,0,18-APR-2022,
OPTSTK,BHARATFORG,30-Jun-2022,830.0,CE,0.0,0.0,0.0,24.35,25.3,0,0.0,0,0,18-APR-2022,
OPTSTK,BHARATFORG,30-Jun-2022,840.0,CE,0.0,0.0,0.0,22.4,23.05,0,0.0,0,0,18-APR-2022,
OPTSTK,BHARATFORG,30-Jun-2022,850.0,CE,0.0,0.0,0.0,20.55,20.95,0,0.0,0,0,18-APR-2022,
OPTSTK,BHARATFORG,30-Jun-2022,860.0,CE,0.0,0.0,0.0,18.85,19.0,0,0.0,0,0,18-APR-2022,
OPTSTK,BHARATFORG,30-Jun-2022,870.0,CE,0.0,0.0,0.0,17.25,17.25,0,0.0,0,0,18-APR-2022,
OPTSTK,BHARATFORG,30-Jun-2022,880.0,CE,0.0,0.0,0.0,15.8,15.6,0,0.0,0,0,18-APR-2022,
OPTSTK,BHARATFORG,30-Jun-2022,890.0,CE,0.0,0.0,0.0,14.45,14.15,0,0.0,0,0,18-APR-2022,
OPTSTK,BHARATFORG,30-Jun-2022,900.0,CE,0.0,0.0,0.0,13.2,12.75,0,0.0,0,0,18-APR-2022,
OPTSTK,BHARATFORG,30-Jun-2022,910.0,CE,0.0,0.0,0.0,12.1,11.55,0,0.0,0,0,18-APR-2022,
OPTSTK,BHARATFORG,30-Jun-2022,920.0,CE,0.0,0.0,0.0,11.05,10.4,0,0.0,0,0,18-APR-2022,
OPTSTK,BHARATFORG,30-Jun-2022,930.0,CE,0.0,0.0,0.0,10.05,9.35,0,0.0,0,0,18-APR-2022,
OPTSTK,BHARATFORG,30-Jun-2022,940.0,CE,0.0,0.0,0.0,9.15,8.45,0,0.0,0,0,18-APR-2022,
OPTSTK,BHARATFORG,30-Jun-2022,950.0,CE,0.0,0.0,0.0,8.35,7.6,0,0.0,0,0,18-APR-2022,
OPTSTK,BHARATFORG,30-Jun-2022,960.0,CE,0.0,0.0,0.0,7.6,6.8,0,0.0,0,0,18-APR-2022,
OPTSTK,BHARATFORG,30-Jun-2022,460.0,PE,0.0,0.0,0.0,1.4,0.35,0,0.0,0,0,18-APR-2022,
OPTSTK,BHARATFORG,30-Jun-2022,470.0,PE,0.0,0.0,0.0,1.8,0.5,0,0.0,0,0,18-APR-2022,
OPTSTK,BHARATFORG,30-Jun-2022,480.0,PE,0.0,0.0,0.0,2.3,0.7,0,0.0,0,0,18-APR-2022,
OPTSTK,BHARATFORG,30-Jun-2022,490.0,PE,0.0,0.0,0.0,2.9,0.9,0,0.0,0,0,18-APR-2022,
OPTSTK,BHARATFORG,30-Jun-2022,500.0,PE,0.0,0.0,0.0,3.6,1.2,0,0.0,0,0,18-APR-2022,
OPTSTK,BHARATFORG,30-Jun-2022,510.0,PE,0.0,0.0,0.0,4.4,1.6,0,0.0,0,0,18-APR-2022,
OPTSTK,BHARATFORG,30-Jun-2022,520.0,PE,0.0,0.0,0.0,5.4,2.05,0,0.0,0,0,18-APR-2022,
OPTSTK,BHARATFORG,30-Jun-2022,530.0,PE,0.0,0.0,0.0,6.5,2.6,0,0.0,0,0,18-APR-2022,
OPTSTK,BHARATFORG,30-Jun-2022,540.0,PE,0.0,0.0,0.0,7.8,3.25,0,0.0,0,0,18-APR-2022,
OPTSTK,BHARATFORG,30-Jun-2022,550.0,PE,0.0,0.0,0.0,9.25,4.05,0,0.0,0,0,18-APR-2022,
OPTSTK,BHARATFORG,30-Jun-2022,560.0,PE,0.0,0.0,0.0,10.9,5.0,0,0.0,0,0,18-APR-2022,
OPTSTK,BHARATFORG,30-Jun-2022,570.0,PE,0.0,0.0,0.0,12.8,6.1,0,0.0,0,0,18-APR-2022,
OPTSTK,BHARATFORG,30-Jun-2022,580.0,PE,0.0,0.0,0.0,14.85,7.35,0,0.0,0,0,18-APR-2022,
OPTSTK,BHARATFORG,30-Jun-2022,590.0,PE,0.0,0.0,0.0,17.15,8.8,0,0.0,0,0,18-APR-2022,
OPTSTK,BHARATFORG,30-Jun-2022,600.0,PE,0.0,0.0,0.0,19.7,10.5,0,0.0,0,0,18-APR-2022,
OPTSTK,BHARATFORG,30-Jun-2022,610.0,PE,0.0,0.0,0.0,22.45,12.35,0,0.0,0,0,18-APR-2022,
OPTSTK,BHARATFORG,30-Jun-2022,620.0,PE,0.0,0.0,0.0,25.5,14.45,0,0.0,0,0,18-APR-2022,
OPTSTK,BHARATFORG,30-Jun-2022,630.0,PE,0.0,0.0,0.0,28.7,16.8,0,0.0,0,0,18-APR-2022,
OPTSTK,BHARATFORG,30-Jun-2022,640.0,PE,0.0,0.0,0.0,32.25,19.45,0,0.0,0,0,18-APR-2022,
OPTSTK,BHARATFORG,30-Jun-2022,650.0,PE,0.0,0.0,0.0,36.0,22.3,0,0.0,0,0,18-APR-2022,
OPTSTK,BHARATFORG,30-Jun-2022,660.0,PE,0.0,0.0,0.0,40.05,25.4,0,0.0,0,0,18-APR-2022,
OPTSTK,BHARATFORG,30-Jun-2022,670.0,PE,0.0,0.0,0.0,44.35,28.8,0,0.0,0,0,18-APR-2022,
OPTSTK,BHARATFORG,30-Jun-2022,680.0,PE,0.0,0.0,0.0,48.9,32.5,0,0.0,0,0,18-APR-2022,
OPTSTK,BHARATFORG,30-Jun-2022,690.0,PE,0.0,0.0,0.0,53.75,36.45,0,0.0,0,0,18-APR-2022,
OPTSTK,BHARATFORG,30-Jun-2022,700.0,PE,0.0,0.0,0.0,58.8,40.7,0,0.0,0,0,18-APR-2022,
OPTSTK,BHARATFORG,30-Jun-2022,710.0,PE,0.0,0.0,0.0,64.1,45.25,0,0.0,0,0,18-APR-2022,
OPTSTK,BHARATFORG,30-Jun-2022,720.0,PE,0.0,0.0,0.0,69.7,50.05,0,0.0,0,0,18-APR-2022,
OPTSTK,BHARATFORG,30-Jun-2022,730.0,PE,0.0,0.0,0.0,75.5,55.1,0,0.0,0,0,18-APR-2022,
OPTSTK,BHARATFORG,30-Jun-2022,740.0,PE,0.0,0.0,0.0,81.5,60.5,0,0.0,0,0,18-APR-2022,
OPTSTK,BHARATFORG,30-Jun-2022,750.0,PE,0.0,0.0,0.0,87.75,66.1,0,0.0,0,0,18-APR-2022,
OPTSTK,BHARATFORG,30-Jun-2022,760.0,PE,0.0,0.0,0.0,94.25,72.0,0,0.0,0,0,18-APR-2022,
OPTSTK,BHARATFORG,30-Jun-2022,770.0,PE,0.0,0.0,0.0,100.95,78.15,0,0.0,0,0,18-APR-2022,
OPTSTK,BHARATFORG,30-Jun-2022,780.0,PE,0.0,0.0,0.0,107.8,84.5,0,0.0,0,0,18-APR-2022,
OPTSTK,BHARATFORG,30-Jun-2022,790.0,PE,0.0,0.0,0.0,114.9,91.15,0,0.0,0,0,18-APR-2022,
OPTSTK,BHARATFORG,30-Jun-2022,800.0,PE,0.0,0.0,0.0,122.15,97.95,0,0.0,0,0,18-APR-2022,
OPTSTK,BHARATFORG,30-Jun-2022,810.0,PE,0.0,0.0,0.0,129.65,105.05,0,0.0,0,0,18-APR-2022,
OPTSTK,BHARATFORG,30-Jun-2022,820.0,PE,0.0,0.0,0.0,137.25,112.3,0,0.0,0,0,18-APR-2022,
OPTSTK,BHARATFORG,30-Jun-2022,830.0,PE,0.0,0.0,0.0,145.05,119.8,0,0.0,0,0,18-APR-2022,
OPTSTK,BHARATFORG,30-Jun-2022,840.0,PE,0.0,0.0,0.0,152.95,127.45,0,0.0,0,0,18-APR-2022,
OPTSTK,BHARATFORG,30-Jun-2022,850.0,PE,0.0,0.0,0.0,161.0,135.3,0,0.0,0,0,18-APR-2022,
OPTSTK,BHARATFORG,30-Jun-2022,860.0,PE,0.0,0.0,0.0,169.2,143.25,0,0.0,0,0,18-APR-2022,
OPTSTK,BHARATFORG,30-Jun-2022,870.0,PE,0.0,0.0,0.0,177.5,151.4,0,0.0,0,0,18-APR-2022,
OPTSTK,BHARATFORG,30-Jun-2022,880.0,PE,0.0,0.0,0.0,185.95,159.7,0,0.0,0,0,18-APR-2022,
OPTSTK,BHARATFORG,30-Jun-2022,890.0,PE,0.0,0.0,0.0,194.5,168.15,0,0.0,0,0,18-APR-2022,
OPTSTK,BHARATFORG,30-Jun-2022,900.0,PE,0.0,0.0,0.0,203.15,176.7,0,0.0,0,0,18-APR-2022,
OPTSTK,BHARATFORG,30-Jun-2022,910.0,PE,0.0,0.0,0.0,211.9,185.4,0,0.0,0,0,18-APR-2022,
OPTSTK,BHARATFORG,30-Jun-2022,920.0,PE,0.0,0.0,0.0,220.75,194.15,0,0.0,0,0,18-APR-2022,
OPTSTK,BHARATFORG,30-Jun-2022,930.0,PE,0.0,0.0,0.0,229.7,203.05,0,0.0,0,0,18-APR-2022,
OPTSTK,BHARATFORG,30-Jun-2022,940.0,PE,0.0,0.0,0.0,238.7,212.0,0,0.0,0,0,18-APR-2022,
OPTSTK,BHARATFORG,30-Jun-2022,950.0,PE,0.0,0.0,0.0,247.75,221.1,0,0.0,0,0,18-APR-2022,
OPTSTK,BHARATFORG,30-Jun-2022,960.0,PE,0.0,0.0,0.0,256.9,230.25,0,0.0,0,0,18-APR-2022,
OPTSTK,BHARTIARTL,28-Apr-2022,470.0,CE,0.0,0.0,0.0,242.6,260.05,0,0.0,0,0,18-APR-2022,
OPTSTK,BHARTIARTL,28-Apr-2022,480.0,CE,0.0,0.0,0.0,232.9,250.05,0,0.0,0,0,18-APR-2022,
OPTSTK,BHARTIARTL,28-Apr-2022,490.0,CE,0.0,0.0,0.0,223.2,240.05,0,0.0,0,0,18-APR-2022,
OPTSTK,BHARTIARTL,28-Apr-2022,500.0,CE,0.0,0.0,0.0,213.6,230.1,0,0.0,0,0,18-APR-2022,
OPTSTK,BHARTIARTL,28-Apr-2022,510.0,CE,0.0,0.0,0.0,204.1,220.1,0,0.0,0,0,18-APR-2022,
OPTSTK,BHARTIARTL,28-Apr-2022,520.0,CE,0.0,0.0,0.0,194.65,210.1,0,0.0,0,0,18-APR-2022,
OPTSTK,BHARTIARTL,28-Apr-2022,530.0,CE,0.0,0.0,0.0,185.35,200.1,0,0.0,0,0,18-APR-2022,
OPTSTK,BHARTIARTL,28-Apr-2022,540.0,CE,0.0,0.0,0.0,176.15,190.15,0,0.0,0,0,18-APR-2022,
OPTSTK,BHARTIARTL,28-Apr-2022,550.0,CE,0.0,0.0,0.0,172.0,180.15,0,0.0,19950,0,18-APR-2022,
OPTSTK,BHARTIARTL,28-Apr-2022,560.0,CE,0.0,0.0,0.0,158.25,170.15,0,0.0,0,0,18-APR-2022,
OPTSTK,BHARTIARTL,28-Apr-2022,570.0,CE,0.0,0.0,0.0,149.55,160.15,0,0.0,0,0,18-APR-2022,
OPTSTK,BHARTIARTL,28-Apr-2022,580.0,CE,0.0,0.0,0.0,141.05,150.15,0,0.0,0,0,18-APR-2022,
OPTSTK,BHARTIARTL,28-Apr-2022,590.0,CE,0.0,0.0,0.0,132.75,140.2,0,0.0,0,0,18-APR-2022,
OPTSTK,BHARTIARTL,28-Apr-2022,600.0,CE,0.0,0.0,0.0,124.65,130.2,0,0.0,0,0,18-APR-2022,
OPTSTK,BHARTIARTL,28-Apr-2022,610.0,CE,0.0,0.0,0.0,116.85,120.2,0,0.0,0,0,18-APR-2022,
OPTSTK,BHARTIARTL,28-Apr-2022,620.0,CE,0.0,0.0,0.0,109.3,110.25,0,0.0,0,0,18-APR-2022,
OPTSTK,BHARTIARTL,28-Apr-2022,630.0,CE,0.0,0.0,0.0,110.0,100.3,0,0.0,3800,0,18-APR-2022,
OPTSTK,BHARTIARTL,28-Apr-2022,640.0,CE,0.0,0.0,0.0,104.4,90.45,0,0.0,950,0,18-APR-2022,
OPTSTK,BHARTIARTL,28-Apr-2022,650.0,CE,84.8,84.8,84.8,84.8,84.8,4,27.92,5700,-2850,18-APR-2022,
OPTSTK,BHARTIARTL,28-Apr-2022,660.0,CE,0.0,0.0,0.0,92.0,71.0,0,0.0,1900,0,18-APR-2022,
OPTSTK,BHARTIARTL,28-Apr-2022,670.0,CE,0.0,0.0,0.0,77.3,61.65,0,0.0,8550,0,18-APR-2022,
OPTSTK,BHARTIARTL,28-Apr-2022,680.0,CE,57.85,57.85,50.95,54.35,54.35,10,69.67,20900,5700,18-APR-2022,
OPTSTK,BHARTIARTL,28-Apr-2022,690.0,CE,42.3,44.4,41.9,44.15,44.15,13,90.46,5700,0,18-APR-2022,
OPTSTK,BHARTIARTL,28-Apr-2022,700.0,CE,44.45,44.45,31.0,36.2,36.2,138,962.98,146300,-42750,18-APR-2022,
OPTSTK,BHARTIARTL,28-Apr-2022,710.0,CE,29.45,29.45,24.25,27.45,27.45,67,468.55,46550,950,18-APR-2022,
OPTSTK,BHARTIARTL,28-Apr-2022,720.0,CE,26.0,27.2,16.4,20.2,20.2,672,4720.54,215650,3800,18-APR-2022,
OPTSTK,BHARTIARTL,28-Apr-2022,730.0,CE,20.3,20.75,11.25,14.25,14.25,2496,17646.05,327750,104500,18-APR-2022,
OPTSTK,BHARTIARTL,28-Apr-2022,740.0,CE,14.65,15.0,7.25,9.4,9.4,2817,20066.63,974700,245100,18-APR-2022,
OPTSTK,BHARTIARTL,28-Apr-2022,750.0,CE,10.95,10.95,4.65,6.15,6.15,3675,26413.0,2413950,142500,18-APR-2022,
OPTSTK,BHARTIARTL,28-Apr-2022,760.0,CE,6.0,8.15,3.05,4.05,4.05,2826,20517.32,2356000,57000,18-APR-2022,
OPTSTK,BHARTIARTL,28-Apr-2022,770.0,CE,6.0,6.0,2.05,2.6,2.6,2483,18226.47,2933600,135850,18-APR-2022,
OPTSTK,BHARTIARTL,28-Apr-2022,780.0,CE,2.4,3.0,1.2,1.55,1.55,2321,17233.84,6502750,-80750,18-APR-2022,
OPTSTK,BHARTIARTL,28-Apr-2022,790.0,CE,2.3,2.5,1.1,1.3,1.3,867,6517.76,1362300,-111150,18-APR-2022,
OPTSTK,BHARTIARTL,28-Apr-2022,800.0,CE,2.1,2.15,1.0,1.15,1.15,2019,15367.04,3841800,-314450,18-APR-2022,
OPTSTK,BHARTIARTL,28-Apr-2022,810.0,CE,1.7,1.7,0.9,1.05,1.05,428,3297.59,820800,-33250,18-APR-2022,
OPTSTK,BHARTIARTL,28-Apr-2022,820.0,CE,1.35,1.35,0.8,0.9,0.9,479,3735.43,797050,-97850,18-APR-2022,
OPTSTK,BHARTIARTL,28-Apr-2022,830.0,CE,0.85,1.2,0.6,0.8,0.8,275,2170.32,512050,-54150,18-APR-2022,
OPTSTK,BHARTIARTL,28-Apr-2022,840.0,CE,0.85,0.85,0.6,0.75,0.75,206,1645.26,257450,-56050,18-APR-2022,
OPTSTK,BHARTIARTL,28-Apr-2022,850.0,CE,0.6,0.75,0.5,0.7,0.7,319,2577.76,722950,-121600,18-APR-2022,
OPTSTK,BHARTIARTL,28-Apr-2022,860.0,CE,0.6,0.75,0.5,0.65,0.65,77,629.52,118750,-26600,18-APR-2022,
OPTSTK,BHARTIARTL,28-Apr-2022,870.0,CE,0.6,0.6,0.5,0.6,0.6,90,744.33,143450,3800,18-APR-2022,
OPTSTK,BHARTIARTL,28-Apr-2022,880.0,CE,0.45,0.55,0.45,0.55,0.55,23,192.38,132050,-8550,18-APR-2022,
OPTSTK,BHARTIARTL,28-Apr-2022,890.0,CE,0.5,0.5,0.4,0.5,0.05,26,219.94,46550,-20900,18-APR-2022,
OPTSTK,BHARTIARTL,28-Apr-2022,900.0,CE,0.5,0.6,0.45,0.55,0.55,193,1651.03,651700,-111150,18-APR-2022,
OPTSTK,BHARTIARTL,28-Apr-2022,910.0,CE,0.5,0.5,0.35,0.45,0.0,14,121.08,12350,-950,18-APR-2022,
OPTSTK,BHARTIARTL,28-Apr-2022,920.0,CE,0.4,0.5,0.35,0.5,0.0,13,113.67,153900,-2850,18-APR-2022,
OPTSTK,BHARTIARTL,28-Apr-2022,470.0,PE,0.4,0.4,0.05,0.05,0.0,2,8.93,0,0,18-APR-2022,
OPTSTK,BHARTIARTL,28-Apr-2022,480.0,PE,0.0,0.0,0.0,0.1,0.0,0,0.0,950,0,18-APR-2022,
OPTSTK,BHARTIARTL,28-Apr-2022,490.0,PE,0.0,0.0,0.0,0.45,0.0,0,0.0,3800,0,18-APR-2022,
OPTSTK,BHARTIARTL,28-Apr-2022,500.0,PE,0.0,0.0,0.0,1.15,0.0,0,0.0,0,0,18-APR-2022,
OPTSTK,BHARTIARTL,28-Apr-2022,510.0,PE,0.0,0.0,0.0,1.55,0.0,0,0.0,0,0,18-APR-2022,
OPTSTK,BHARTIARTL,28-Apr-2022,520.0,PE,0.0,0.0,0.0,0.15,0.0,0,0.0,0,0,18-APR-2022,
OPTSTK,BHARTIARTL,28-Apr-2022,530.0,PE,0.0,0.0,0.0,2.6,0.0,0,0.0,0,0,18-APR-2022,
OPTSTK,BHARTIARTL,28-Apr-2022,540.0,PE,0.0,0.0,0.0,3.3,0.0,0,0.0,0,0,18-APR-2022,
OPTSTK,BHARTIARTL,28-Apr-2022,550.0,PE,0.35,0.35,0.15,0.25,0.25,3,15.68,33250,0,18-APR-2022,
OPTSTK,BHARTIARTL,28-Apr-2022,560.0,PE,0.0,0.0,0.0,0.45,0.0,0,0.0,950,0,18-APR-2022,
OPTSTK,BHARTIARTL,28-Apr-2022,570.0,PE,0.0,0.0,0.0,6.35,0.0,0,0.0,0,0,18-APR-2022,
OPTSTK,BHARTIARTL,28-Apr-2022,580.0,PE,0.0,0.0,0.0,7.75,0.0,0,0.0,0,0,18-APR-2022,
OPTSTK,BHARTIARTL,28-Apr-2022,590.0,PE,0.0,0.0,0.0,9.35,0.0,0,0.0,0,0,18-APR-2022,
OPTSTK,BHARTIARTL,28-Apr-2022,600.0,PE,0.65,0.8,0.6,0.65,0.05,69,393.75,172900,-3800,18-APR-2022,
OPTSTK,BHARTIARTL,28-Apr-2022,610.0,PE,0.0,0.0,0.0,0.85,0.05,0,0.0,2850,0,18-APR-2022,
OPTSTK,BHARTIARTL,28-Apr-2022,620.0,PE,0.5,1.0,0.5,0.85,0.05,12,70.78,30400,2850,18-APR-2022,
OPTSTK,BHARTIARTL,28-Apr-2022,630.0,PE,1.0,1.05,0.75,0.9,0.9,64,383.6,19950,-14250,18-APR-2022,
OPTSTK,BHARTIARTL,28-Apr-2022,640.0,PE,0.85,1.2,0.85,0.85,0.85,33,200.95,88350,13300,18-APR-2022,
OPTSTK,BHARTIARTL,28-Apr-2022,650.0,PE,0.9,1.3,0.9,1.0,1.0,302,1868.07,353400,-7600,18-APR-2022,
OPTSTK,BHARTIARTL,28-Apr-2022,660.0,PE,1.4,1.45,0.95,1.05,1.05,170,1067.89,129200,7600,18-APR-2022,
OPTSTK,BHARTIARTL,28-Apr-2022,670.0,PE,1.2,1.85,1.15,1.2,1.2,374,2385.92,230850,79800,18-APR-2022,
OPTSTK,BHARTIARTL,28-Apr-2022,680.0,PE,1.75,2.5,1.35,1.55,1.55,720,4664.93,295450,-31350,18-APR-2022,
OPTSTK,BHARTIARTL,28-Apr-2022,690.0,PE,2.0,3.45,2.0,2.2,2.2,699,4600.46,201400,-163400,18-APR-2022,
OPTSTK,BHARTIARTL,28-Apr-2022,700.0,PE,2.55,5.05,2.55,3.3,3.3,1383,9251.1,632700,-19950,18-APR-2022,
OPTSTK,BHARTIARTL,28-Apr-2022,710.0,PE,4.6,7.35,4.25,4.95,4.95,1160,7891.48,358150,11400,18-APR-2022,
OPTSTK,BHARTIARTL,28-Apr-2022,720.0,PE,6.55,10.45,6.3,7.8,7.8,2268,15704.4,475950,1900,18-APR-2022,
OPTSTK,BHARTIARTL,28-Apr-2022,730.0,PE,9.75,15.0,9.05,11.7,11.7,2573,18160.13,442700,23750,18-APR-2022,
OPTSTK,BHARTIARTL,28-Apr-2022,740.0,PE,14.55,21.0,13.0,16.6,16.6,1056,7598.78,418950,-142500,18-APR-2022,
OPTSTK,BHARTIARTL,28-Apr-2022,750.0,PE,20.3,28.5,18.1,22.85,22.85,537,3948.0,589950,-105450,18-APR-2022,
OPTSTK,BHARTIARTL,28-Apr-2022,760.0,PE,25.75,36.4,24.8,31.1,31.1,205,1541.81,401850,-69350,18-APR-2022,
OPTSTK,BHARTIARTL,28-Apr-2022,770.0,PE,32.95,45.0,32.95,38.85,38.85,336,2585.56,513950,-187150,18-APR-2022,
OPTSTK,BHARTIARTL,28-Apr-2022,780.0,PE,43.95,54.35,43.85,49.4,49.4,186,1464.85,217550,-76950,18-APR-2022,
OPTSTK,BHARTIARTL,28-Apr-2022,790.0,PE,0.0,0.0,0.0,47.15,61.6,0,0.0,172900,0,18-APR-2022,
OPTSTK,BHARTIARTL,28-Apr-2022,800.0,PE,60.35,72.0,60.3,66.15,66.15,37,305.23,197600,-11400,18-APR-2022,
OPTSTK,BHARTIARTL,28-Apr-2022,810.0,PE,80.0,80.0,80.0,80.0,80.35,1,8.45,4750,-950,18-APR-2022,
OPTSTK,BHARTIARTL,28-Apr-2022,820.0,PE,0.0,0.0,0.0,70.5,90.05,0,0.0,8550,0,18-APR-2022,
OPTSTK,BHARTIARTL,28-Apr-2022,830.0,PE,0.0,0.0,0.0,130.95,99.85,0,0.0,0,0,18-APR-2022,
OPTSTK,BHARTIARTL,28-Apr-2022,840.0,PE,0.0,0.0,0.0,139.1,109.7,0,0.0,0,0,18-APR-2022,
OPTSTK,BHARTIARTL,28-Apr-2022,850.0,PE,0.0,0.0,0.0,147.4,119.65,0,0.0,0,0,18-APR-2022,
OPTSTK,BHARTIARTL,28-Apr-2022,860.0,PE,0.0,0.0,0.0,155.85,129.6,0,0.0,0,0,18-APR-2022,
OPTSTK,BHARTIARTL,28-Apr-2022,870.0,PE,0.0,0.0,0.0,164.45,139.55,0,0.0,0,0,18-APR-2022,
OPTSTK,BHARTIARTL,28-Apr-2022,880.0,PE,0.0,0.0,0.0,173.2,149.55,0,0.0,0,0,18-APR-2022,
OPTSTK,BHARTIARTL,28-Apr-2022,890.0,PE,0.0,0.0,0.0,182.0,159.5,0,0.0,0,0,18-APR-2022,
OPTSTK,BHARTIARTL,28-Apr-2022,900.0,PE,0.0,0.0,0.0,137.2,169.5,0,0.0,55100,0,18-APR-2022,
OPTSTK,BHARTIARTL,28-Apr-2022,910.0,PE,0.0,0.0,0.0,200.0,179.5,0,0.0,0,0,18-APR-2022,
OPTSTK,BHARTIARTL,28-Apr-2022,920.0,PE,0.0,0.0,0.0,209.15,189.5,0,0.0,0,0,18-APR-2022,
OPTSTK,BHARTIARTL,26-May-2022,470.0,CE,0.0,0.0,0.0,206.7,261.6,0,0.0,0,0,18-APR-2022,
OPTSTK,BHARTIARTL,26-May-2022,480.0,CE,0.0,0.0,0.0,197.1,251.65,0,0.0,0,0,18-APR-2022,
OPTSTK,BHARTIARTL,26-May-2022,490.0,CE,0.0,0.0,0.0,187.6,241.7,0,0.0,0,0,18-APR-2022,
OPTSTK,BHARTIARTL,26-May-2022,500.0,CE,0.0,0.0,0.0,178.2,231.75,0,0.0,0,0,18-APR-2022,
OPTSTK,BHARTIARTL,26-May-2022,510.0,CE,0.0,0.0,0.0,168.95,221.8,0,0.0,0,0,18-APR-2022,
OPTSTK,BHARTIARTL,26-May-2022,520.0,CE,0.0,0.0,0.0,159.8,211.85,0,0.0,0,0,18-APR-2022,
OPTSTK,BHARTIARTL,26-May-2022,530.0,CE,0.0,0.0,0.0,150.85,201.9,0,0.0,0,0,18-APR-2022,
OPTSTK,BHARTIARTL,26-May-2022,540.0,CE,0.0,0.0,0.0,142.1,192.0,0,0.0,0,0,18-APR-2022,
OPTSTK,BHARTIARTL,26-May-2022,550.0,CE,181.0,184.0,181.0,183.0,183.0,8,55.61,7600,7600,18-APR-2022,
OPTSTK,BHARTIARTL,26-May-2022,560.0,CE,0.0,0.0,0.0,125.2,172.25,0,0.0,0,0,18-APR-2022,
OPTSTK,BHARTIARTL,26-May-2022,570.0,CE,0.0,0.0,0.0,117.1,162.45,0,0.0,0,0,18-APR-2022,
OPTSTK,BHARTIARTL,26-May-2022,580.0,CE,0.0,0.0,0.0,109.25,152.7,0,0.0,0,0,18-APR-2022,
OPTSTK,BHARTIARTL,26-May-2022,590.0,CE,0.0,0.0,0.0,101.7,143.05,0,0.0,0,0,18-APR-2022,
OPTSTK,BHARTIARTL,26-May-2022,600.0,CE,0.0,0.0,0.0,94.45,133.5,0,0.0,0,0,18-APR-2022,
OPTSTK,BHARTIARTL,26-May-2022,610.0,CE,0.0,0.0,0.0,87.45,124.1,0,0.0,0,0,18-APR-2022,
OPTSTK,BHARTIARTL,26-May-2022,620.0,CE,0.0,0.0,0.0,80.8,114.9,0,0.0,0,0,18-APR-2022,
OPTSTK,BHARTIARTL,26-May-2022,630.0,CE,0.0,0.0,0.0,74.45,105.9,0,0.0,0,0,18-APR-2022,
OPTSTK,BHARTIARTL,26-May-2022,640.0,CE,0.0,0.0,0.0,68.5,97.1,0,0.0,0,0,18-APR-2022,
OPTSTK,BHARTIARTL,26-May-2022,650.0,CE,64.0,87.0,64.0,75.5,75.5,4,27.56,3800,3800,18-APR-2022,
OPTSTK,BHARTIARTL,26-May-2022,660.0,CE,0.0,0.0,0.0,57.45,80.5,0,0.0,0,0,18-APR-2022,
OPTSTK,BHARTIARTL,26-May-2022,670.0,CE,0.0,0.0,0.0,52.45,72.75,0,0.0,0,0,18-APR-2022,
OPTSTK,BHARTIARTL,26-May-2022,680.0,CE,0.0,0.0,0.0,47.8,65.35,0,0.0,0,0,18-APR-2022,
OPTSTK,BHARTIARTL,26-May-2022,690.0,CE,0.0,0.0,0.0,43.4,58.35,0,0.0,0,0,18-APR-2022,
OPTSTK,BHARTIARTL,26-May-2022,700.0,CE,51.0,51.0,46.75,49.75,49.75,11,78.15,16150,9500,18-APR-2022,
OPTSTK,BHARTIARTL,26-May-2022,710.0,CE,0.0,0.0,0.0,35.6,45.8,0,0.0,0,0,18-APR-2022,
OPTSTK,BHARTIARTL,26-May-2022,720.0,CE,40.0,40.0,36.0,36.0,40.2,2,14.4,1900,1900,18-APR-2022,
OPTSTK,BHARTIARTL,26-May-2022,730.0,CE,0.0,0.0,0.0,28.9,35.1,0,0.0,0,0,18-APR-2022,
OPTSTK,BHARTIARTL,26-May-2022,740.0,CE,0.0,0.0,0.0,26.0,30.45,0,0.0,0,0,18-APR-2022,
OPTSTK,BHARTIARTL,26-May-2022,750.0,CE,23.95,24.75,20.3,22.25,22.25,211,1547.79,136800,84550,18-APR-2022,
OPTSTK,BHARTIARTL,26-May-2022,760.0,CE,0.0,0.0,0.0,20.9,22.55,0,0.0,0,0,18-APR-2022,
OPTSTK,BHARTIARTL,26-May-2022,770.0,CE,15.0,15.0,10.5,13.85,19.2,3,22.31,2850,950,18-APR-2022,
OPTSTK,BHARTIARTL,26-May-2022,780.0,CE,13.5,13.5,11.9,12.0,12.0,9,67.74,6650,4750,18-APR-2022,
OPTSTK,BHARTIARTL,26-May-2022,790.0,CE,0.0,0.0,0.0,14.8,13.75,0,0.0,0,0,18-APR-2022,
OPTSTK,BHARTIARTL,26-May-2022,800.0,CE,10.8,10.8,7.5,8.15,8.15,188,1444.22,360050,29450,18-APR-2022,
OPTSTK,BHARTIARTL,26-May-2022,810.0,CE,0.0,0.0,0.0,11.65,9.6,0,0.0,0,0,18-APR-2022,
OPTSTK,BHARTIARTL,26-May-2022,820.0,CE,0.0,0.0,0.0,10.3,7.95,0,0.0,0,0,18-APR-2022,
OPTSTK,BHARTIARTL,26-May-2022,830.0,CE,0.0,0.0,0.0,9.1,6.55,0,0.0,0,0,18-APR-2022,
OPTSTK,BHARTIARTL,26-May-2022,840.0,CE,0.0,0.0,0.0,8.05,5.35,0,0.0,0,0,18-APR-2022,
OPTSTK,BHARTIARTL,26-May-2022,850.0,CE,4.2,4.2,2.55,2.55,4.4,19,154.05,24700,2850,18-APR-2022,
OPTSTK,BHARTIARTL,26-May-2022,860.0,CE,0.0,0.0,0.0,6.2,3.55,0,0.0,0,0,18-APR-2022,
OPTSTK,BHARTIARTL,26-May-2022,870.0,CE,0.0,0.0,0.0,1.0,2.85,0,0.0,0,0,18-APR-2022,
OPTSTK,BHARTIARTL,26-May-2022,880.0,CE,0.0,0.0,0.0,4.8,2.3,0,0.0,0,0,18-APR-2022,
OPTSTK,BHARTIARTL,26-May-2022,890.0,CE,0.0,0.0,0.0,4.2,1.85,0,0.0,0,0,18-APR-2022,
OPTSTK,BHARTIARTL,26-May-2022,900.0,CE,0.0,0.0,0.0,3.65,1.45,0,0.0,0,0,18-APR-2022,
OPTSTK,BHARTIARTL,26-May-2022,910.0,CE,0.0,0.0,0.0,3.2,1.15,0,0.0,0,0,18-APR-2022,
OPTSTK,BHARTIARTL,26-May-2022,920.0,CE,0.0,0.0,0.0,2.8,0.9,0,0.0,0,0,18-APR-2022,
OPTSTK,BHARTIARTL,26-May-2022,470.0,PE,0.0,0.0,0.0,0.85,0.0,0,0.0,0,0,18-APR-2022,
OPTSTK,BHARTIARTL,26-May-2022,480.0,PE,0.0,0.0,0.0,1.15,0.0,0,0.0,0,0,18-APR-2022,
OPTSTK,BHARTIARTL,26-May-2022,490.0,PE,0.0,0.0,0.0,1.55,0.0,0,0.0,0,0,18-APR-2022,
OPTSTK,BHARTIARTL,26-May-2022,500.0,PE,0.0,0.0,0.0,2.1,0.05,0,0.0,0,0,18-APR-2022,
OPTSTK,BHARTIARTL,26-May-2022,510.0,PE,0.0,0.0,0.0,2.7,0.05,0,0.0,0,0,18-APR-2022,
OPTSTK,BHARTIARTL,26-May-2022,520.0,PE,0.0,0.0,0.0,3.5,0.05,0,0.0,0,0,18-APR-2022,
OPTSTK,BHARTIARTL,26-May-2022,530.0,PE,0.0,0.0,0.0,4.4,0.1,0,0.0,0,0,18-APR-2022,
OPTSTK,BHARTIARTL,26-May-2022,540.0,PE,0.0,0.0,0.0,5.55,0.1,0,0.0,0,0,18-APR-2022,
OPTSTK,BHARTIARTL,26-May-2022,550.0,PE,0.15,0.3,0.15,0.3,0.3,8,41.81,7600,7600,18-APR-2022,
OPTSTK,BHARTIARTL,26-May-2022,560.0,PE,0.0,0.0,0.0,8.4,0.3,0,0.0,0,0,18-APR-2022,
OPTSTK,BHARTIARTL,26-May-2022,570.0,PE,0.0,0.0,0.0,10.2,0.45,0,0.0,0,0,18-APR-2022,
OPTSTK,BHARTIARTL,26-May-2022,580.0,PE,0.0,0.0,0.0,12.3,0.65,0,0.0,0,0,18-APR-2022,
OPTSTK,BHARTIARTL,26-May-2022,590.0,PE,0.0,0.0,0.0,14.6,0.95,0,0.0,0,0,18-APR-2022,
OPTSTK,BHARTIARTL,26-May-2022,600.0,PE,0.0,0.0,0.0,6.2,1.35,0,0.0,950,0,18-APR-2022,
OPTSTK,BHARTIARTL,26-May-2022,610.0,PE,0.0,0.0,0.0,20.2,1.9,0,0.0,0,0,18-APR-2022,
OPTSTK,BHARTIARTL,26-May-2022,620.0,PE,0.0,0.0,0.0,23.4,2.65,0,0.0,0,0,18-APR-2022,
OPTSTK,BHARTIARTL,26-May-2022,630.0,PE,0.0,0.0,0.0,27.0,3.6,0,0.0,0,0,18-APR-2022,
OPTSTK,BHARTIARTL,26-May-2022,640.0,PE,0.0,0.0,0.0,30.9,4.8,0,0.0,0,0,18-APR-2022,
OPTSTK,BHARTIARTL,26-May-2022,650.0,PE,4.8,5.6,3.45,4.1,4.1,58,360.76,53200,47500,18-APR-2022,
OPTSTK,BHARTIARTL,26-May-2022,660.0,PE,0.0,0.0,0.0,39.65,8.1,0,0.0,0,0,18-APR-2022,
OPTSTK,BHARTIARTL,26-May-2022,670.0,PE,0.0,0.0,0.0,44.55,10.3,0,0.0,0,0,18-APR-2022,
OPTSTK,BHARTIARTL,26-May-2022,680.0,PE,0.0,0.0,0.0,49.75,12.85,0,0.0,0,0,18-APR-2022,
OPTSTK,BHARTIARTL,26-May-2022,690.0,PE,11.0,11.0,11.0,11.0,15.85,1,6.65,950,950,18-APR-2022,
OPTSTK,BHARTIARTL,26-May-2022,700.0,PE,12.5,16.0,12.5,14.55,14.55,127,862.31,174800,26600,18-APR-2022,
OPTSTK,BHARTIARTL,26-May-2022,710.0,PE,0.0,0.0,0.0,32.0,23.15,0,0.0,950,0,18-APR-2022,
OPTSTK,BHARTIARTL,26-May-2022,720.0,PE,24.0,25.0,22.0,22.0,22.0,3,21.19,2850,2850,18-APR-2022,
OPTSTK,BHARTIARTL,26-May-2022,730.0,PE,25.0,30.5,25.0,26.85,26.85,104,748.75,95000,95000,18-APR-2022,
OPTSTK,BHARTIARTL,26-May-2022,740.0,PE,31.0,35.85,30.6,33.35,37.7,16,117.45,14250,11400,18-APR-2022,
OPTSTK,BHARTIARTL,26-May-2022,750.0,PE,32.75,40.75,32.75,36.7,36.7,38,284.36,82650,5700,18-APR-2022,
OPTSTK,BHARTIARTL,26-May-2022,760.0,PE,0.0,0.0,0.0,30.0,49.7,0,0.0,950,0,18-APR-2022,
OPTSTK,BHARTIARTL,26-May-2022,770.0,PE,48.0,48.0,48.0,48.0,56.3,1,7.77,950,0,18-APR-2022,
OPTSTK,BHARTIARTL,26-May-2022,780.0,PE,0.0,0.0,0.0,117.55,63.35,0,0.0,0,0,18-APR-2022,
OPTSTK,BHARTIARTL,26-May-2022,790.0,PE,0.0,0.0,0.0,125.6,70.75,0,0.0,0,0,18-APR-2022,
OPTSTK,BHARTIARTL,26-May-2022,800.0,PE,0.0,0.0,0.0,65.95,78.5,0,0.0,51300,0,18-APR-2022,
OPTSTK,BHARTIARTL,26-May-2022,810.0,PE,0.0,0.0,0.0,142.25,86.5,0,0.0,0,0,18-APR-2022,
OPTSTK,BHARTIARTL,26-May-2022,820.0,PE,0.0,0.0,0.0,150.8,94.85,0,0.0,0,0,18-APR-2022,
OPTSTK,BHARTIARTL,26-May-2022,830.0,PE,0.0,0.0,0.0,159.5,103.4,0,0.0,0,0,18-APR-2022,
OPTSTK,BHARTIARTL,26-May-2022,840.0,PE,0.0,0.0,0.0,168.35,112.15,0,0.0,0,0,18-APR-2022,
OPTSTK,BHARTIARTL,26-May-2022,850.0,PE,0.0,0.0,0.0,177.25,121.15,0,0.0,0,0,18-APR-2022,
OPTSTK,BHARTIARTL,26-May-2022,860.0,PE,0.0,0.0,0.0,186.3,130.25,0,0.0,0,0,18-APR-2022,
OPTSTK,BHARTIARTL,26-May-2022,870.0,PE,0.0,0.0,0.0,195.45,139.55,0,0.0,0,0,18-APR-2022,
OPTSTK,BHARTIARTL,26-May-2022,880.0,PE,0.0,0.0,0.0,204.65,148.9,0,0.0,0,0,18-APR-2022,
OPTSTK,BHARTIARTL,26-May-2022,890.0,PE,0.0,0.0,0.0,213.95,158.4,0,0.0,0,0,18-APR-2022,
OPTSTK,BHARTIARTL,26-May-2022,900.0,PE,0.0,0.0,0.0,223.35,168.0,0,0.0,0,0,18-APR-2022,
OPTSTK,BHARTIARTL,26-May-2022,910.0,PE,0.0,0.0,0.0,232.75,177.65,0,0.0,0,0,18-APR-2022,
OPTSTK,BHARTIARTL,26-May-2022,920.0,PE,0.0,0.0,0.0,242.25,187.35,0,0.0,0,0,18-APR-2022,
OPTSTK,BHARTIARTL,30-Jun-2022,470.0,CE,0.0,0.0,0.0,290.05,263.55,0,0.0,0,0,18-APR-2022,
OPTSTK,BHARTIARTL,30-Jun-2022,480.0,CE,0.0,0.0,0.0,280.2,253.7,0,0.0,0,0,18-APR-2022,
OPTSTK,BHARTIARTL,30-Jun-2022,490.0,CE,0.0,0.0,0.0,270.4,243.85,0,0.0,0,0,18-APR-2022,
OPTSTK,BHARTIARTL,30-Jun-2022,500.0,CE,0.0,0.0,0.0,260.6,234.0,0,0.0,0,0,18-APR-2022,
OPTSTK,BHARTIARTL,30-Jun-2022,510.0,CE,0.0,0.0,0.0,250.9,224.2,0,0.0,0,0,18-APR-2022,
OPTSTK,BHARTIARTL,30-Jun-2022,520.0,CE,0.0,0.0,0.0,241.2,214.45,0,0.0,0,0,18-APR-2022,
OPTSTK,BHARTIARTL,30-Jun-2022,530.0,CE,0.0,0.0,0.0,231.55,204.75,0,0.0,0,0,18-APR-2022,
OPTSTK,BHARTIARTL,30-Jun-2022,540.0,CE,0.0,0.0,0.0,221.95,195.15,0,0.0,0,0,18-APR-2022,
OPTSTK,BHARTIARTL,30-Jun-2022,550.0,CE,0.0,0.0,0.0,212.45,185.6,0,0.0,0,0,18-APR-2022,
OPTSTK,BHARTIARTL,30-Jun-2022,560.0,CE,0.0,0.0,0.0,203.05,176.15,0,0.0,0,0,18-APR-2022,
OPTSTK,BHARTIARTL,30-Jun-2022,570.0,CE,0.0,0.0,0.0,193.8,166.85,0,0.0,0,0,18-APR-2022,
OPTSTK,BHARTIARTL,30-Jun-2022,580.0,CE,0.0,0.0,0.0,184.6,157.65,0,0.0,0,0,18-APR-2022,
OPTSTK,BHARTIARTL,30-Jun-2022,590.0,CE,0.0,0.0,0.0,175.6,148.65,0,0.0,0,0,18-APR-2022,
OPTSTK,BHARTIARTL,30-Jun-2022,600.0,CE,0.0,0.0,0.0,166.7,139.8,0,0.0,0,0,18-APR-2022,
OPTSTK,BHARTIARTL,30-Jun-2022,610.0,CE,0.0,0.0,0.0,158.0,131.15,0,0.0,0,0,18-APR-2022,
OPTSTK,BHARTIARTL,30-Jun-2022,620.0,CE,0.0,0.0,0.0,149.45,122.7,0,0.0,0,0,18-APR-2022,
OPTSTK,BHARTIARTL,30-Jun-2022,630.0,CE,0.0,0.0,0.0,141.15,114.55,0,0.0,0,0,18-APR-2022,
OPTSTK,BHARTIARTL,30-Jun-2022,640.0,CE,0.0,0.0,0.0,133.05,106.65,0,0.0,0,0,18-APR-2022,
OPTSTK,BHARTIARTL,30-Jun-2022,650.0,CE,0.0,0.0,0.0,125.15,99.0,0,0.0,0,0,18-APR-2022,
OPTSTK,BHARTIARTL,30-Jun-2022,660.0,CE,0.0,0.0,0.0,117.55,91.7,0,0.0,0,0,18-APR-2022,
OPTSTK,BHARTIARTL,30-Jun-2022,670.0,CE,0.0,0.0,0.0,110.2,84.65,0,0.0,0,0,18-APR-2022,
OPTSTK,BHARTIARTL,30-Jun-2022,680.0,CE,0.0,0.0,0.0,103.05,77.95,0,0.0,0,0,18-APR-2022,
OPTSTK,BHARTIARTL,30-Jun-2022,690.0,CE,0.0,0.0,0.0,96.2,71.6,0,0.0,0,0,18-APR-2022,
OPTSTK,BHARTIARTL,30-Jun-2022,700.0,CE,0.0,0.0,0.0,89.65,65.55,0,0.0,0,0,18-APR-2022,
OPTSTK,BHARTIARTL,30-Jun-2022,710.0,CE,0.0,0.0,0.0,83.35,59.85,0,0.0,0,0,18-APR-2022,
OPTSTK,BHARTIARTL,30-Jun-2022,720.0,CE,0.0,0.0,0.0,77.4,54.55,0,0.0,0,0,18-APR-2022,
OPTSTK,BHARTIARTL,30-Jun-2022,730.0,CE,0.0,0.0,0.0,71.7,49.5,0,0.0,0,0,18-APR-2022,
OPTSTK,BHARTIARTL,30-Jun-2022,740.0,CE,0.0,0.0,0.0,66.3,44.85,0,0.0,0,0,18-APR-2022,
OPTSTK,BHARTIARTL,30-Jun-2022,750.0,CE,0.0,0.0,0.0,61.2,40.5,0,0.0,0,0,18-APR-2022,
OPTSTK,BHARTIARTL,30-Jun-2022,760.0,CE,0.0,0.0,0.0,56.4,36.5,0,0.0,0,0,18-APR-2022,
OPTSTK,BHARTIARTL,30-Jun-2022,770.0,CE,0.0,0.0,0.0,51.85,32.8,0,0.0,0,0,18-APR-2022,
OPTSTK,BHARTIARTL,30-Jun-2022,780.0,CE,0.0,0.0,0.0,47.6,29.4,0,0.0,0,0,18-APR-2022,
OPTSTK,BHARTIARTL,30-Jun-2022,790.0,CE,0.0,0.0,0.0,43.65,26.3,0,0.0,0,0,18-APR-2022,
OPTSTK,BHARTIARTL,30-Jun-2022,800.0,CE,0.0,0.0,0.0,39.9,23.45,0,0.0,0,0,18-APR-2022,
OPTSTK,BHARTIARTL,30-Jun-2022,810.0,CE,0.0,0.0,0.0,36.45,20.9,0,0.0,0,0,18-APR-2022,
OPTSTK,BHARTIARTL,30-Jun-2022,820.0,CE,0.0,0.0,0.0,33.25,18.55,0,0.0,0,0,18-APR-2022,
OPTSTK,BHARTIARTL,30-Jun-2022,830.0,CE,0.0,0.0,0.0,30.25,16.4,0,0.0,0,0,18-APR-2022,
OPTSTK,BHARTIARTL,30-Jun-2022,840.0,CE,0.0,0.0,0.0,27.5,14.5,0,0.0,0,0,18-APR-2022,
OPTSTK,BHARTIARTL,30-Jun-2022,850.0,CE,0.0,0.0,0.0,24.95,12.75,0,0.0,0,0,18-APR-2022,
OPTSTK,BHARTIARTL,30-Jun-2022,860.0,CE,0.0,0.0,0.0,22.6,11.2,0,0.0,0,0,18-APR-2022,
OPTSTK,BHARTIARTL,30-Jun-2022,870.0,CE,0.0,0.0,0.0,20.45,9.85,0,0.0,0,0,18-APR-2022,
OPTSTK,BHARTIARTL,30-Jun-2022,880.0,CE,0.0,0.0,0.0,18.45,8.6,0,0.0,0,0,18-APR-2022,
OPTSTK,BHARTIARTL,30-Jun-2022,890.0,CE,0.0,0.0,0.0,16.65,7.55,0,0.0,0,0,18-APR-2022,
OPTSTK,BHARTIARTL,30-Jun-2022,900.0,CE,0.0,0.0,0.0,15.0,6.55,0,0.0,950,0,18-APR-2022,
OPTSTK,BHARTIARTL,30-Jun-2022,910.0,CE,0.0,0.0,0.0,13.5,5.7,0,0.0,0,0,18-APR-2022,
OPTSTK,BHARTIARTL,30-Jun-2022,920.0,CE,0.0,0.0,0.0,12.1,4.95,0,0.0,0,0,18-APR-2022,
OPTSTK,BHARTIARTL,30-Jun-2022,470.0,PE,0.0,0.0,0.0,0.15,0.1,0,0.0,0,0,18-APR-2022,
OPTSTK,BHARTIARTL,30-Jun-2022,480.0,PE,0.0,0.0,0.0,0.2,0.15,0,0.0,0,0,18-APR-2022,
OPTSTK,BHARTIARTL,30-Jun-2022,490.0,PE,0.0,0.0,0.0,0.3,0.2,0,0.0,0,0,18-APR-2022,
OPTSTK,BHARTIARTL,30-Jun-2022,500.0,PE,0.0,0.0,0.0,0.4,0.3,0,0.0,0,0,18-APR-2022,
OPTSTK,BHARTIARTL,30-Jun-2022,510.0,PE,0.0,0.0,0.0,0.55,0.4,0,0.0,0,0,18-APR-2022,
OPTSTK,BHARTIARTL,30-Jun-2022,520.0,PE,0.0,0.0,0.0,0.75,0.55,0,0.0,0,0,18-APR-2022,
OPTSTK,BHARTIARTL,30-Jun-2022,530.0,PE,0.0,0.0,0.0,1.0,0.8,0,0.0,0,0,18-APR-2022,
OPTSTK,BHARTIARTL,30-Jun-2022,540.0,PE,0.0,0.0,0.0,1.35,1.05,0,0.0,0,0,18-APR-2022,
OPTSTK,BHARTIARTL,30-Jun-2022,550.0,PE,0.0,0.0,0.0,1.75,1.45,0,0.0,0,0,18-APR-2022,
OPTSTK,BHARTIARTL,30-Jun-2022,560.0,PE,0.0,0.0,0.0,2.25,1.9,0,0.0,0,0,18-APR-2022,
OPTSTK,BHARTIARTL,30-Jun-2022,570.0,PE,0.0,0.0,0.0,2.85,2.5,0,0.0,0,0,18-APR-2022,
OPTSTK,BHARTIARTL,30-Jun-2022,580.0,PE,0.0,0.0,0.0,3.55,3.25,0,0.0,0,0,18-APR-2022,
OPTSTK,BHARTIARTL,30-Jun-2022,590.0,PE,0.0,0.0,0.0,4.4,4.15,0,0.0,0,0,18-APR-2022,
OPTSTK,BHARTIARTL,30-Jun-2022,600.0,PE,0.0,0.0,0.0,5.45,5.2,0,0.0,0,0,18-APR-2022,
OPTSTK,BHARTIARTL,30-Jun-2022,610.0,PE,0.0,0.0,0.0,6.6,6.5,0,0.0,0,0,18-APR-2022,
OPTSTK,BHARTIARTL,30-Jun-2022,620.0,PE,0.0,0.0,0.0,8.0,8.0,0,0.0,0,0,18-APR-2022,
OPTSTK,BHARTIARTL,30-Jun-2022,630.0,PE,0.0,0.0,0.0,9.55,9.7,0,0.0,0,0,18-APR-2022,
OPTSTK,BHARTIARTL,30-Jun-2022,640.0,PE,0.0,0.0,0.0,11.35,11.7,0,0.0,0,0,18-APR-2022,
OPTSTK,BHARTIARTL,30-Jun-2022,650.0,PE,0.0,0.0,0.0,13.4,14.0,0,0.0,0,0,18-APR-2022,
OPTSTK,BHARTIARTL,30-Jun-2022,660.0,PE,0.0,0.0,0.0,15.65,16.6,0,0.0,0,0,18-APR-2022,
OPTSTK,BHARTIARTL,30-Jun-2022,670.0,PE,0.0,0.0,0.0,18.2,19.45,0,0.0,0,0,18-APR-2022,
OPTSTK,BHARTIARTL,30-Jun-2022,680.0,PE,0.0,0.0,0.0,20.95,22.7,0,0.0,0,0,18-APR-2022,
OPTSTK,BHARTIARTL,30-Jun-2022,690.0,PE,0.0,0.0,0.0,24.0,26.25,0,0.0,0,0,18-APR-2022,
OPTSTK,BHARTIARTL,30-Jun-2022,700.0,PE,20.0,20.0,20.0,20.0,20.0,1,6.84,950,950,18-APR-2022,
OPTSTK,BHARTIARTL,30-Jun-2022,710.0,PE,0.0,0.0,0.0,30.95,34.35,0,0.0,0,0,18-APR-2022,
OPTSTK,BHARTIARTL,30-Jun-2022,720.0,PE,0.0,0.0,0.0,34.85,38.95,0,0.0,0,0,18-APR-2022,
OPTSTK,BHARTIARTL,30-Jun-2022,730.0,PE,0.0,0.0,0.0,39.1,43.85,0,0.0,0,0,18-APR-2022,
OPTSTK,BHARTIARTL,30-Jun-2022,740.0,PE,0.0,0.0,0.0,43.6,49.1,0,0.0,0,0,18-APR-2022,
OPTSTK,BHARTIARTL,30-Jun-2022,750.0,PE,0.0,0.0,0.0,48.4,54.7,0,0.0,0,0,18-APR-2022,
OPTSTK,BHARTIARTL,30-Jun-2022,760.0,PE,0.0,0.0,0.0,40.0,60.6,0,0.0,950,0,18-APR-2022,
OPTSTK,BHARTIARTL,30-Jun-2022,770.0,PE,0.0,0.0,0.0,58.85,66.8,0,0.0,0,0,18-APR-2022,
OPTSTK,BHARTIARTL,30-Jun-2022,780.0,PE,0.0,0.0,0.0,64.45,73.3,0,0.0,0,0,18-APR-2022,
OPTSTK,BHARTIARTL,30-Jun-2022,790.0,PE,0.0,0.0,0.0,70.4,80.1,0,0.0,0,0,18-APR-2022,
OPTSTK,BHARTIARTL,30-Jun-2022,800.0,PE,0.0,0.0,0.0,76.55,87.15,0,0.0,0,0,18-APR-2022,
OPTSTK,BHARTIARTL,30-Jun-2022,810.0,PE,0.0,0.0,0.0,83.0,94.55,0,0.0,0,0,18-APR-2022,
OPTSTK,BHARTIARTL,30-Jun-2022,820.0,PE,0.0,0.0,0.0,89.65,102.1,0,0.0,0,0,18-APR-2022,
OPTSTK,BHARTIARTL,30-Jun-2022,830.0,PE,0.0,0.0,0.0,96.55,109.85,0,0.0,0,0,18-APR-2022,
OPTSTK,BHARTIARTL,30-Jun-2022,840.0,PE,0.0,0.0,0.0,103.7,117.85,0,0.0,0,0,18-APR-2022,
OPTSTK,BHARTIARTL,30-Jun-2022,850.0,PE,0.0,0.0,0.0,111.05,126.05,0,0.0,0,0,18-APR-2022,
OPTSTK,BHARTIARTL,30-Jun-2022,860.0,PE,0.0,0.0,0.0,118.65,134.45,0,0.0,0,0,18-APR-2022,
OPTSTK,BHARTIARTL,30-Jun-2022,870.0,PE,0.0,0.0,0.0,126.35,143.0,0,0.0,0,0,18-APR-2022,
OPTSTK,BHARTIARTL,30-Jun-2022,880.0,PE,0.0,0.0,0.0,134.25,151.65,0,0.0,0,0,18-APR-2022,
OPTSTK,BHARTIARTL,30-Jun-2022,890.0,PE,0.0,0.0,0.0,142.35,160.5,0,0.0,0,0,18-APR-2022,
OPTSTK,BHARTIARTL,30-Jun-2022,900.0,PE,0.0,0.0,0.0,150.55,169.45,0,0.0,0,0,18-APR-2022,
OPTSTK,BHARTIARTL,30-Jun-2022,910.0,PE,0.0,0.0,0.0,158.95,178.5,0,0.0,0,0,18-APR-2022,
OPTSTK,BHARTIARTL,30-Jun-2022,920.0,PE,0.0,0.0,0.0,167.5,187.7,0,0.0,0,0,18-APR-2022,
OPTSTK,BHEL,28-Apr-2022,31.0,CE,0.0,0.0,0.0,25.15,23.45,0,0.0,0,0,18-APR-2022,
OPTSTK,BHEL,28-Apr-2022,32.0,CE,0.0,0.0,0.0,26.2,22.45,0,0.0,0,0,18-APR-2022,
OPTSTK,BHEL,28-Apr-2022,33.0,CE,0.0,0.0,0.0,26.9,21.45,0,0.0,0,0,18-APR-2022,
OPTSTK,BHEL,28-Apr-2022,34.0,CE,0.0,0.0,0.0,25.95,20.45,0,0.0,0,0,18-APR-2022,
OPTSTK,BHEL,28-Apr-2022,35.0,CE,0.0,0.0,0.0,25.0,19.45,0,0.0,0,0,18-APR-2022,
OPTSTK,BHEL,28-Apr-2022,36.0,CE,0.0,0.0,0.0,24.1,18.45,0,0.0,0,0,18-APR-2022,
OPTSTK,BHEL,28-Apr-2022,37.0,CE,0.0,0.0,0.0,23.15,17.45,0,0.0,0,0,18-APR-2022,
OPTSTK,BHEL,28-Apr-2022,38.0,CE,0.0,0.0,0.0,22.25,16.45,0,0.0,0,0,18-APR-2022,
OPTSTK,BHEL,28-Apr-2022,39.0,CE,0.0,0.0,0.0,21.35,15.45,0,0.0,0,0,18-APR-2022,
OPTSTK,BHEL,28-Apr-2022,40.0,CE,0.0,0.0,0.0,14.95,14.45,0,0.0,10500,0,18-APR-2022,
OPTSTK,BHEL,28-Apr-2022,41.0,CE,0.0,0.0,0.0,19.65,13.45,0,0.0,0,0,18-APR-2022,
OPTSTK,BHEL,28-Apr-2022,42.0,CE,0.0,0.0,0.0,18.8,12.45,0,0.0,0,0,18-APR-2022,
OPTSTK,BHEL,28-Apr-2022,43.0,CE,0.0,0.0,0.0,17.95,11.5,0,0.0,0,0,18-APR-2022,
OPTSTK,BHEL,28-Apr-2022,44.0,CE,0.0,0.0,0.0,17.15,10.5,0,0.0,0,0,18-APR-2022,
OPTSTK,BHEL,28-Apr-2022,45.0,CE,0.0,0.0,0.0,12.5,9.55,0,0.0,52500,0,18-APR-2022,
OPTSTK,BHEL,28-Apr-2022,46.0,CE,0.0,0.0,0.0,15.6,8.55,0,0.0,0,0,18-APR-2022,
OPTSTK,BHEL,28-Apr-2022,47.0,CE,0.0,0.0,0.0,10.85,7.65,0,0.0,31500,0,18-APR-2022,
OPTSTK,BHEL,28-Apr-2022,48.0,CE,0.0,0.0,0.0,7.5,6.75,0,0.0,42000,0,18-APR-2022,
OPTSTK,BHEL,28-Apr-2022,49.0,CE,0.0,0.0,0.0,7.95,5.85,0,0.0,126000,0,18-APR-2022,
OPTSTK,BHEL,28-Apr-2022,50.0,CE,4.7,5.6,4.45,5.6,5.05,22,126.76,1144500,-63000,18-APR-2022,
OPTSTK,BHEL,28-Apr-2022,51.0,CE,0.0,0.0,0.0,4.3,4.3,0,0.0,357000,0,18-APR-2022,
OPTSTK,BHEL,28-Apr-2022,52.0,CE,3.2,4.05,2.55,3.35,3.35,28,161.88,829500,-10500,18-APR-2022,
OPTSTK,BHEL,28-Apr-2022,53.0,CE,2.45,3.25,1.9,3.25,3.0,22,127.76,945000,-10500,18-APR-2022,
OPTSTK,BHEL,28-Apr-2022,54.0,CE,1.3,2.5,1.3,2.0,2.0,255,1495.39,1449000,189000,18-APR-2022,
OPTSTK,BHEL,28-Apr-2022,55.0,CE,1.3,1.9,1.05,1.55,1.55,1203,7132.05,9103500,31500,18-APR-2022,
OPTSTK,BHEL,28-Apr-2022,56.0,CE,1.0,1.45,0.85,1.2,1.2,356,2135.56,2425500,252000,18-APR-2022,
OPTSTK,BHEL,28-Apr-2022,57.0,CE,0.85,1.1,0.65,0.95,0.95,365,2217.22,2730000,157500,18-APR-2022,
OPTSTK,BHEL,28-Apr-2022,58.0,CE,0.85,0.9,0.55,0.8,0.8,411,2533.31,5302500,640500,18-APR-2022,
OPTSTK,BHEL,28-Apr-2022,59.0,CE,0.45,0.7,0.45,0.55,0.55,140,875.14,1911000,42000,18-APR-2022,
OPTSTK,BHEL,28-Apr-2022,60.0,CE,0.45,0.55,0.3,0.45,0.45,1747,11084.87,14952000,-409500,18-APR-2022,
OPTSTK,BHEL,28-Apr-2022,61.0,CE,0.4,0.4,0.25,0.35,0.35,139,894.96,1575000,-42000,18-APR-2022,
OPTSTK,BHEL,28-Apr-2022,62.0,CE,0.3,0.3,0.2,0.25,0.25,78,510.01,2026500,-115500,18-APR-2022,
OPTSTK,BHEL,28-Apr-2022,63.0,CE,0.2,0.2,0.15,0.2,0.2,62,411.25,1218000,-147000,18-APR-2022,
OPTSTK,BHEL,28-Apr-2022,64.0,CE,0.2,0.2,0.15,0.2,0.2,66,444.75,714000,-147000,18-APR-2022,
OPTSTK,BHEL,28-Apr-2022,65.0,CE,0.15,0.2,0.1,0.15,0.15,228,1559.58,7444500,-199500,18-APR-2022,
OPTSTK,BHEL,28-Apr-2022,66.0,CE,0.15,0.15,0.1,0.15,0.15,23,159.74,703500,168000,18-APR-2022,
OPTSTK,BHEL,28-Apr-2022,67.0,CE,0.1,0.15,0.1,0.15,0.05,18,126.83,304500,-21000,18-APR-2022,
OPTSTK,BHEL,28-Apr-2022,68.0,CE,0.1,0.1,0.1,0.1,0.05,17,121.55,231000,-31500,18-APR-2022,
OPTSTK,BHEL,28-Apr-2022,69.0,CE,0.1,0.1,0.1,0.1,0.05,13,94.32,220500,84000,18-APR-2022,
OPTSTK,BHEL,28-Apr-2022,70.0,CE,0.1,0.1,0.05,0.1,0.1,227,1670.76,4000500,157500,18-APR-2022,
OPTSTK,BHEL,28-Apr-2022,71.0,CE,0.0,0.0,0.0,3.65,0.05,0,0.0,0,0,18-APR-2022,
OPTSTK,BHEL,28-Apr-2022,72.0,CE,0.0,0.0,0.0,0.1,0.05,0,0.0,199500,0,18-APR-2022,
OPTSTK,BHEL,28-Apr-2022,73.0,CE,0.0,0.0,0.0,0.1,0.0,0,0.0,52500,0,18-APR-2022,
OPTSTK,BHEL,28-Apr-2022,74.0,CE,0.0,0.0,0.0,3.0,0.0,0,0.0,0,0,18-APR-2022,
OPTSTK,BHEL,28-Apr-2022,75.0,CE,0.05,0.05,0.05,0.05,0.0,54,425.53,966000,-346500,18-APR-2022,
OPTSTK,BHEL,28-Apr-2022,76.0,CE,0.0,0.0,0.0,2.65,0.0,0,0.0,0,0,18-APR-2022,
OPTSTK,BHEL,28-Apr-2022,77.0,CE,0.0,0.0,0.0,2.45,0.0,0,0.0,0,0,18-APR-2022,
OPTSTK,BHEL,28-Apr-2022,78.0,CE,0.0,0.0,0.0,2.3,0.0,0,0.0,0,0,18-APR-2022,
OPTSTK,BHEL,28-Apr-2022,79.0,CE,0.0,0.0,0.0,2.15,0.0,0,0.0,0,0,18-APR-2022,
OPTSTK,BHEL,28-Apr-2022,80.0,CE,0.05,0.05,0.05,0.05,0.0,2,16.81,357000,21000,18-APR-2022,
OPTSTK,BHEL,28-Apr-2022,81.0,CE,0.0,0.0,0.0,0.05,0.0,0,0.0,262500,0,18-APR-2022,
OPTSTK,BHEL,28-Apr-2022,82.0,CE,0.0,0.0,0.0,1.75,0.0,0,0.0,0,0,18-APR-2022,
OPTSTK,BHEL,28-Apr-2022,83.0,CE,0.0,0.0,0.0,0.05,0.0,0,0.0,262500,0,18-APR-2022,
OPTSTK,BHEL,28-Apr-2022,31.0,PE,0.0,0.0,0.0,0.1,0.0,0,0.0,0,0,18-APR-2022,
OPTSTK,BHEL,28-Apr-2022,32.0,PE,0.0,0.0,0.0,0.05,0.0,0,0.0,273000,0,18-APR-2022,
OPTSTK,BHEL,28-Apr-2022,33.0,PE,0.0,0.0,0.0,0.05,0.0,0,0.0,21000,0,18-APR-2022,
OPTSTK,BHEL,28-Apr-2022,34.0,PE,0.0,0.0,0.0,0.2,0.0,0,0.0,0,0,18-APR-2022,
OPTSTK,BHEL,28-Apr-2022,35.0,PE,0.0,0.0,0.0,0.05,0.0,0,0.0,178500,0,18-APR-2022,
OPTSTK,BHEL,28-Apr-2022,36.0,PE,0.0,0.0,0.0,0.3,0.0,0,0.0,0,0,18-APR-2022,
OPTSTK,BHEL,28-Apr-2022,37.0,PE,0.0,0.0,0.0,0.05,0.0,0,0.0,52500,0,18-APR-2022,
OPTSTK,BHEL,28-Apr-2022,38.0,PE,0.0,0.0,0.0,0.05,0.0,0,0.0,136500,0,18-APR-2022,
OPTSTK,BHEL,28-Apr-2022,39.0,PE,0.05,0.05,0.05,0.05,0.0,7,28.7,157500,10500,18-APR-2022,
OPTSTK,BHEL,28-Apr-2022,40.0,PE,0.05,0.05,0.05,0.05,0.05,6,25.23,2173500,-10500,18-APR-2022,
OPTSTK,BHEL,28-Apr-2022,41.0,PE,0.0,0.0,0.0,0.15,0.0,0,0.0,10500,0,18-APR-2022,
OPTSTK,BHEL,28-Apr-2022,42.0,PE,0.05,0.05,0.05,0.05,0.05,6,26.49,409500,-31500,18-APR-2022,
OPTSTK,BHEL,28-Apr-2022,43.0,PE,0.0,0.0,0.0,0.1,0.05,0,0.0,346500,0,18-APR-2022,
OPTSTK,BHEL,28-Apr-2022,44.0,PE,0.15,0.15,0.05,0.05,0.05,47,217.6,840000,42000,18-APR-2022,
OPTSTK,BHEL,28-Apr-2022,45.0,PE,0.2,0.2,0.1,0.15,0.15,92,435.81,3202500,84000,18-APR-2022,
OPTSTK,BHEL,28-Apr-2022,46.0,PE,0.2,0.2,0.15,0.15,0.1,12,58.18,220500,-21000,18-APR-2022,
OPTSTK,BHEL,28-Apr-2022,47.0,PE,0.25,0.25,0.15,0.15,0.2,26,128.87,766500,136500,18-APR-2022,
OPTSTK,BHEL,28-Apr-2022,48.0,PE,0.35,0.35,0.2,0.2,0.2,38,192.73,1102500,-10500,18-APR-2022,
OPTSTK,BHEL,28-Apr-2022,49.0,PE,0.85,0.85,0.3,0.35,0.35,32,165.86,871500,84000,18-APR-2022,
OPTSTK,BHEL,28-Apr-2022,50.0,PE,0.6,0.7,0.35,0.4,0.4,778,4127.06,4693500,-798000,18-APR-2022,
OPTSTK,BHEL,28-Apr-2022,51.0,PE,0.85,0.85,0.45,0.55,0.55,51,276.54,1732500,-31500,18-APR-2022,
OPTSTK,BHEL,28-Apr-2022,52.0,PE,1.0,1.15,0.65,0.8,0.8,200,1110.32,2373000,10500,18-APR-2022,
OPTSTK,BHEL,28-Apr-2022,53.0,PE,1.4,1.4,0.8,1.05,1.05,145,824.07,1795500,-42000,18-APR-2022,
OPTSTK,BHEL,28-Apr-2022,54.0,PE,1.75,1.9,1.1,1.4,1.4,152,886.31,1417500,157500,18-APR-2022,
OPTSTK,BHEL,28-Apr-2022,55.0,PE,2.5,2.5,1.45,1.95,1.95,214,1281.74,3244500,-357000,18-APR-2022,
OPTSTK,BHEL,28-Apr-2022,56.0,PE,2.95,3.1,2.0,2.6,2.6,41,252.68,913500,10500,18-APR-2022,
OPTSTK,BHEL,28-Apr-2022,57.0,PE,3.65,4.0,2.85,3.3,3.3,39,248.7,588000,21000,18-APR-2022,
OPTSTK,BHEL,28-Apr-2022,58.0,PE,4.25,4.7,3.6,4.15,4.15,11,72.01,672000,-10500,18-APR-2022,
OPTSTK,BHEL,28-Apr-2022,59.0,PE,4.9,4.9,4.9,4.9,4.9,1,6.7,241500,10500,18-APR-2022,
OPTSTK,BHEL,28-Apr-2022,60.0,PE,5.95,6.55,5.1,5.1,6.05,17,117.91,1501500,-52500,18-APR-2022,
OPTSTK,BHEL,28-Apr-2022,61.0,PE,0.0,0.0,0.0,5.5,6.95,0,0.0,21000,0,18-APR-2022,
OPTSTK,BHEL,28-Apr-2022,62.0,PE,0.0,0.0,0.0,5.8,7.8,0,0.0,115500,0,18-APR-2022,
OPTSTK,BHEL,28-Apr-2022,63.0,PE,0.0,0.0,0.0,9.05,8.75,0,0.0,0,0,18-APR-2022,
OPTSTK,BHEL,28-Apr-2022,64.0,PE,0.0,0.0,0.0,9.65,9.7,0,0.0,0,0,18-APR-2022,
OPTSTK,BHEL,28-Apr-2022,65.0,PE,0.0,0.0,0.0,10.5,10.65,0,0.0,336000,0,18-APR-2022,
OPTSTK,BHEL,28-Apr-2022,66.0,PE,0.0,0.0,0.0,10.95,11.6,0,0.0,0,0,18-APR-2022,
OPTSTK,BHEL,28-Apr-2022,67.0,PE,0.0,0.0,0.0,11.65,12.6,0,0.0,0,0,18-APR-2022,
OPTSTK,BHEL,28-Apr-2022,68.0,PE,0.0,0.0,0.0,12.35,13.55,0,0.0,0,0,18-APR-2022,
OPTSTK,BHEL,28-Apr-2022,69.0,PE,0.0,0.0,0.0,13.05,14.55,0,0.0,0,0,18-APR-2022,
OPTSTK,BHEL,28-Apr-2022,70.0,PE,0.0,0.0,0.0,12.65,15.55,0,0.0,619500,0,18-APR-2022,
OPTSTK,BHEL,28-Apr-2022,71.0,PE,0.0,0.0,0.0,14.5,16.55,0,0.0,0,0,18-APR-2022,
OPTSTK,BHEL,28-Apr-2022,72.0,PE,0.0,0.0,0.0,22.45,17.55,0,0.0,21000,0,18-APR-2022,
OPTSTK,BHEL,28-Apr-2022,73.0,PE,0.0,0.0,0.0,16.05,18.55,0,0.0,0,0,18-APR-2022,
OPTSTK,BHEL,28-Apr-2022,74.0,PE,0.0,0.0,0.0,16.85,19.55,0,0.0,0,0,18-APR-2022,
OPTSTK,BHEL,28-Apr-2022,75.0,PE,0.0,0.0,0.0,22.55,20.55,0,0.0,73500,0,18-APR-2022,
OPTSTK,BHEL,28-Apr-2022,76.0,PE,0.0,0.0,0.0,18.45,21.55,0,0.0,0,0,18-APR-2022,
OPTSTK,BHEL,28-Apr-2022,77.0,PE,0.0,0.0,0.0,19.25,22.55,0,0.0,0,0,18-APR-2022,
OPTSTK,BHEL,28-Apr-2022,78.0,PE,0.0,0.0,0.0,20.1,23.55,0,0.0,0,0,18-APR-2022,
OPTSTK,BHEL,28-Apr-2022,79.0,PE,0.0,0.0,0.0,20.9,24.55,0,0.0,0,0,18-APR-2022,
OPTSTK,BHEL,28-Apr-2022,80.0,PE,0.0,0.0,0.0,27.6,25.55,0,0.0,10500,0,18-APR-2022,
OPTSTK,BHEL,28-Apr-2022,81.0,PE,0.0,0.0,0.0,22.65,26.55,0,0.0,0,0,18-APR-2022,
OPTSTK,BHEL,28-Apr-2022,82.0,PE,0.0,0.0,0.0,23.5,27.55,0,0.0,0,0,18-APR-2022,
OPTSTK,BHEL,28-Apr-2022,83.0,PE,0.0,0.0,0.0,24.35,28.55,0,0.0,0,0,18-APR-2022,
OPTSTK,BHEL,26-May-2022,31.0,CE,0.0,0.0,0.0,14.3,23.55,0,0.0,0,0,18-APR-2022,
OPTSTK,BHEL,26-May-2022,32.0,CE,0.0,0.0,0.0,13.45,22.55,0,0.0,0,0,18-APR-2022,
OPTSTK,BHEL,26-May-2022,33.0,CE,0.0,0.0,0.0,12.65,21.6,0,0.0,0,0,18-APR-2022,
OPTSTK,BHEL,26-May-2022,34.0,CE,0.0,0.0,0.0,11.85,20.6,0,0.0,0,0,18-APR-2022,
OPTSTK,BHEL,26-May-2022,35.0,CE,0.0,0.0,0.0,11.1,19.6,0,0.0,0,0,18-APR-2022,
OPTSTK,BHEL,26-May-2022,36.0,CE,0.0,0.0,0.0,17.0,18.65,0,0.0,10500,0,18-APR-2022,
OPTSTK,BHEL,26-May-2022,37.0,CE,0.0,0.0,0.0,9.7,17.65,0,0.0,0,0,18-APR-2022,
OPTSTK,BHEL,26-May-2022,38.0,CE,0.0,0.0,0.0,9.05,16.7,0,0.0,0,0,18-APR-2022,
OPTSTK,BHEL,26-May-2022,39.0,CE,0.0,0.0,0.0,8.4,15.75,0,0.0,0,0,18-APR-2022,
OPTSTK,BHEL,26-May-2022,40.0,CE,0.0,0.0,0.0,7.8,14.8,0,0.0,0,0,18-APR-2022,
OPTSTK,BHEL,26-May-2022,41.0,CE,0.0,0.0,0.0,7.25,13.9,0,0.0,0,0,18-APR-2022,
OPTSTK,BHEL,26-May-2022,42.0,CE,0.0,0.0,0.0,6.7,13.0,0,0.0,0,0,18-APR-2022,
OPTSTK,BHEL,26-May-2022,43.0,CE,0.0,0.0,0.0,6.2,12.1,0,0.0,0,0,18-APR-2022,
OPTSTK,BHEL,26-May-2022,44.0,CE,0.0,0.0,0.0,5.75,11.25,0,0.0,0,0,18-APR-2022,
OPTSTK,BHEL,26-May-2022,45.0,CE,0.0,0.0,0.0,5.3,10.45,0,0.0,0,0,18-APR-2022,
OPTSTK,BHEL,26-May-2022,46.0,CE,0.0,0.0,0.0,4.85,9.65,0,0.0,0,0,18-APR-2022,
OPTSTK,BHEL,26-May-2022,47.0,CE,0.0,0.0,0.0,4.5,8.9,0,0.0,0,0,18-APR-2022,
OPTSTK,BHEL,26-May-2022,48.0,CE,0.0,0.0,0.0,4.1,8.15,0,0.0,0,0,18-APR-2022,
OPTSTK,BHEL,26-May-2022,49.0,CE,0.0,0.0,0.0,3.8,7.45,0,0.0,0,0,18-APR-2022,
OPTSTK,BHEL,26-May-2022,50.0,CE,0.0,0.0,0.0,4.0,6.8,0,0.0,10500,0,18-APR-2022,
OPTSTK,BHEL,26-May-2022,51.0,CE,0.0,0.0,0.0,3.2,6.2,0,0.0,0,0,18-APR-2022,
OPTSTK,BHEL,26-May-2022,52.0,CE,0.0,0.0,0.0,2.9,5.6,0,0.0,0,0,18-APR-2022,
OPTSTK,BHEL,26-May-2022,53.0,CE,0.0,0.0,0.0,2.65,5.05,0,0.0,0,0,18-APR-2022,
OPTSTK,BHEL,26-May-2022,54.0,CE,0.0,0.0,0.0,2.45,4.55,0,0.0,0,0,18-APR-2022,
OPTSTK,BHEL,26-May-2022,55.0,CE,3.2,3.65,3.0,3.6,3.6,47,287.85,546000,210000,18-APR-2022,
OPTSTK,BHEL,26-May-2022,56.0,CE,3.2,3.3,2.65,3.25,3.25,19,117.94,409500,84000,18-APR-2022,
OPTSTK,BHEL,26-May-2022,57.0,CE,0.0,0.0,0.0,1.85,3.3,0,0.0,0,0,18-APR-2022,
OPTSTK,BHEL,26-May-2022,58.0,CE,0.0,0.0,0.0,1.7,2.9,0,0.0,0,0,18-APR-2022,
OPTSTK,BHEL,26-May-2022,59.0,CE,0.0,0.0,0.0,1.55,2.6,0,0.0,0,0,18-APR-2022,
OPTSTK,BHEL,26-May-2022,60.0,CE,1.85,2.0,1.45,1.85,1.85,80,518.76,1197000,420000,18-APR-2022,
OPTSTK,BHEL,26-May-2022,61.0,CE,0.0,0.0,0.0,1.3,2.05,0,0.0,0,0,18-APR-2022,
OPTSTK,BHEL,26-May-2022,62.0,CE,1.2,1.45,1.2,1.45,1.8,6,39.92,105000,63000,18-APR-2022,
OPTSTK,BHEL,26-May-2022,63.0,CE,1.25,1.25,1.25,1.25,1.6,2,13.49,31500,21000,18-APR-2022,
OPTSTK,BHEL,26-May-2022,64.0,CE,0.0,0.0,0.0,0.95,1.4,0,0.0,0,0,18-APR-2022,
OPTSTK,BHEL,26-May-2022,65.0,CE,0.8,1.0,0.75,0.95,0.95,27,186.82,378000,168000,18-APR-2022,
OPTSTK,BHEL,26-May-2022,66.0,CE,0.0,0.0,0.0,0.8,1.05,0,0.0,0,0,18-APR-2022,
OPTSTK,BHEL,26-May-2022,67.0,CE,0.0,0.0,0.0,0.7,0.95,0,0.0,0,0,18-APR-2022,
OPTSTK,BHEL,26-May-2022,68.0,CE,0.0,0.0,0.0,0.65,0.8,0,0.0,0,0,18-APR-2022,
OPTSTK,BHEL,26-May-2022,69.0,CE,0.0,0.0,0.0,0.6,0.7,0,0.0,0,0,18-APR-2022,
OPTSTK,BHEL,26-May-2022,70.0,CE,0.5,0.5,0.4,0.45,0.6,9,66.58,126000,73500,18-APR-2022,
OPTSTK,BHEL,26-May-2022,31.0,PE,0.0,0.0,0.0,0.6,0.0,0,0.0,0,0,18-APR-2022,
OPTSTK,BHEL,26-May-2022,32.0,PE,0.0,0.0,0.0,0.8,0.05,0,0.0,0,0,18-APR-2022,
OPTSTK,BHEL,26-May-2022,33.0,PE,0.0,0.0,0.0,0.95,0.05,0,0.0,0,0,18-APR-2022,
OPTSTK,BHEL,26-May-2022,34.0,PE,0.0,0.0,0.0,1.15,0.05,0,0.0,0,0,18-APR-2022,
OPTSTK,BHEL,26-May-2022,35.0,PE,0.0,0.0,0.0,1.4,0.05,0,0.0,0,0,18-APR-2022,
OPTSTK,BHEL,26-May-2022,36.0,PE,0.0,0.0,0.0,0.05,0.05,0,0.0,10500,0,18-APR-2022,
OPTSTK,BHEL,26-May-2022,37.0,PE,0.0,0.0,0.0,1.95,0.1,0,0.0,0,0,18-APR-2022,
OPTSTK,BHEL,26-May-2022,38.0,PE,0.0,0.0,0.0,2.3,0.15,0,0.0,0,0,18-APR-2022,
OPTSTK,BHEL,26-May-2022,39.0,PE,0.0,0.0,0.0,2.65,0.2,0,0.0,0,0,18-APR-2022,
OPTSTK,BHEL,26-May-2022,40.0,PE,0.0,0.0,0.0,3.05,0.25,0,0.0,0,0,18-APR-2022,
OPTSTK,BHEL,26-May-2022,41.0,PE,0.0,0.0,0.0,3.45,0.3,0,0.0,0,0,18-APR-2022,
OPTSTK,BHEL,26-May-2022,42.0,PE,0.0,0.0,0.0,3.9,0.4,0,0.0,0,0,18-APR-2022,
OPTSTK,BHEL,26-May-2022,43.0,PE,0.0,0.0,0.0,4.4,0.55,0,0.0,0,0,18-APR-2022,
OPTSTK,BHEL,26-May-2022,44.0,PE,0.0,0.0,0.0,4.9,0.65,0,0.0,0,0,18-APR-2022,
OPTSTK,BHEL,26-May-2022,45.0,PE,0.5,0.5,0.5,0.5,0.85,1,4.77,10500,10500,18-APR-2022,
OPTSTK,BHEL,26-May-2022,46.0,PE,0.0,0.0,0.0,6.05,1.05,0,0.0,0,0,18-APR-2022,
OPTSTK,BHEL,26-May-2022,47.0,PE,0.0,0.0,0.0,6.65,1.25,0,0.0,0,0,18-APR-2022,
OPTSTK,BHEL,26-May-2022,48.0,PE,0.0,0.0,0.0,7.25,1.55,0,0.0,0,0,18-APR-2022,
OPTSTK,BHEL,26-May-2022,49.0,PE,0.0,0.0,0.0,7.9,1.85,0,0.0,0,0,18-APR-2022,
OPTSTK,BHEL,26-May-2022,50.0,PE,1.6,1.65,1.4,1.5,1.5,25,135.26,619500,157500,18-APR-2022,
OPTSTK,BHEL,26-May-2022,51.0,PE,1.7,1.7,1.7,1.7,2.55,1,5.53,21000,0,18-APR-2022,
OPTSTK,BHEL,26-May-2022,52.0,PE,2.45,2.45,2.45,2.45,3.0,1,5.71,21000,0,18-APR-2022,
OPTSTK,BHEL,26-May-2022,53.0,PE,0.0,0.0,0.0,10.75,3.45,0,0.0,0,0,18-APR-2022,
OPTSTK,BHEL,26-May-2022,54.0,PE,0.0,0.0,0.0,11.5,3.95,0,0.0,0,0,18-APR-2022,
OPTSTK,BHEL,26-May-2022,55.0,PE,3.7,4.0,3.3,3.6,3.6,19,117.26,357000,84000,18-APR-2022,
OPTSTK,BHEL,26-May-2022,56.0,PE,0.0,0.0,0.0,13.1,5.05,0,0.0,0,0,18-APR-2022,
OPTSTK,BHEL,26-May-2022,57.0,PE,0.0,0.0,0.0,13.9,5.65,0,0.0,0,0,18-APR-2022,
OPTSTK,BHEL,26-May-2022,58.0,PE,0.0,0.0,0.0,14.75,6.25,0,0.0,0,0,18-APR-2022,
OPTSTK,BHEL,26-May-2022,59.0,PE,0.0,0.0,0.0,15.55,6.95,0,0.0,0,0,18-APR-2022,
OPTSTK,BHEL,26-May-2022,60.0,PE,7.0,7.0,7.0,7.0,7.65,1,7.03,63000,0,18-APR-2022,
OPTSTK,BHEL,26-May-2022,61.0,PE,0.0,0.0,0.0,17.3,8.35,0,0.0,0,0,18-APR-2022,
OPTSTK,BHEL,26-May-2022,62.0,PE,0.0,0.0,0.0,18.15,9.1,0,0.0,0,0,18-APR-2022,
OPTSTK,BHEL,26-May-2022,63.0,PE,0.0,0.0,0.0,19.05,9.9,0,0.0,0,0,18-APR-2022,
OPTSTK,BHEL,26-May-2022,64.0,PE,0.0,0.0,0.0,19.95,10.7,0,0.0,0,0,18-APR-2022,
OPTSTK,BHEL,26-May-2022,65.0,PE,0.0,0.0,0.0,20.85,11.55,0,0.0,0,0,18-APR-2022,
OPTSTK,BHEL,26-May-2022,66.0,PE,0.0,0.0,0.0,21.75,12.35,0,0.0,0,0,18-APR-2022,
OPTSTK,BHEL,26-May-2022,67.0,PE,0.0,0.0,0.0,22.65,13.25,0,0.0,0,0,18-APR-2022,
OPTSTK,BHEL,26-May-2022,68.0,PE,0.0,0.0,0.0,23.6,14.1,0,0.0,0,0,18-APR-2022,
OPTSTK,BHEL,26-May-2022,69.0,PE,0.0,0.0,0.0,24.55,15.0,0,0.0,0,0,18-APR-2022,
OPTSTK,BHEL,26-May-2022,70.0,PE,0.0,0.0,0.0,25.45,15.9,0,0.0,0,0,18-APR-2022,
OPTSTK,BHEL,30-Jun-2022,31.0,CE,0.0,0.0,0.0,19.0,23.75,0,0.0,0,0,18-APR-2022,
OPTSTK,BHEL,30-Jun-2022,32.0,CE,0.0,0.0,0.0,18.1,22.8,0,0.0,0,0,18-APR-2022,
OPTSTK,BHEL,30-Jun-2022,33.0,CE,0.0,0.0,0.0,17.2,21.85,0,0.0,0,0,18-APR-2022,
OPTSTK,BHEL,30-Jun-2022,34.0,CE,0.0,0.0,0.0,16.35,20.9,0,0.0,0,0,18-APR-2022,
OPTSTK,BHEL,30-Jun-2022,35.0,CE,0.0,0.0,0.0,15.5,19.95,0,0.0,0,0,18-APR-2022,
OPTSTK,BHEL,30-Jun-2022,36.0,CE,0.0,0.0,0.0,14.65,19.05,0,0.0,0,0,18-APR-2022,
OPTSTK,BHEL,30-Jun-2022,37.0,CE,0.0,0.0,0.0,13.85,18.15,0,0.0,0,0,18-APR-2022,
OPTSTK,BHEL,30-Jun-2022,38.0,CE,0.0,0.0,0.0,13.1,17.25,0,0.0,0,0,18-APR-2022,
OPTSTK,BHEL,30-Jun-2022,39.0,CE,0.0,0.0,0.0,12.35,16.35,0,0.0,0,0,18-APR-2022,
OPTSTK,BHEL,30-Jun-2022,40.0,CE,0.0,0.0,0.0,11.6,15.5,0,0.0,0,0,18-APR-2022,
OPTSTK,BHEL,30-Jun-2022,41.0,CE,0.0,0.0,0.0,10.95,14.7,0,0.0,0,0,18-APR-2022,
OPTSTK,BHEL,30-Jun-2022,42.0,CE,0.0,0.0,0.0,10.25,13.9,0,0.0,0,0,18-APR-2022,
OPTSTK,BHEL,30-Jun-2022,43.0,CE,0.0,0.0,0.0,9.6,13.1,0,0.0,0,0,18-APR-2022,
OPTSTK,BHEL,30-Jun-2022,44.0,CE,0.0,0.0,0.0,9.0,12.35,0,0.0,0,0,18-APR-2022,
OPTSTK,BHEL,30-Jun-2022,45.0,CE,0.0,0.0,0.0,8.45,11.6,0,0.0,0,0,18-APR-2022,
OPTSTK,BHEL,30-Jun-2022,46.0,CE,0.0,0.0,0.0,7.85,10.9,0,0.0,0,0,18-APR-2022,
OPTSTK,BHEL,30-Jun-2022,47.0,CE,0.0,0.0,0.0,7.35,10.25,0,0.0,0,0,18-APR-2022,
OPTSTK,BHEL,30-Jun-2022,48.0,CE,0.0,0.0,0.0,6.85,9.6,0,0.0,0,0,18-APR-2022,
OPTSTK,BHEL,30-Jun-2022,49.0,CE,0.0,0.0,0.0,6.4,8.95,0,0.0,0,0,18-APR-2022,
OPTSTK,BHEL,30-Jun-2022,50.0,CE,0.0,0.0,0.0,5.95,8.35,0,0.0,0,0,18-APR-2022,
OPTSTK,BHEL,30-Jun-2022,51.0,CE,0.0,0.0,0.0,5.5,7.8,0,0.0,0,0,18-APR-2022,
OPTSTK,BHEL,30-Jun-2022,52.0,CE,0.0,0.0,0.0,5.1,7.25,0,0.0,0,0,18-APR-2022,
OPTSTK,BHEL,30-Jun-2022,53.0,CE,0.0,0.0,0.0,4.75,6.75,0,0.0,0,0,18-APR-2022,
OPTSTK,BHEL,30-Jun-2022,54.0,CE,0.0,0.0,0.0,4.4,6.3,0,0.0,0,0,18-APR-2022,
OPTSTK,BHEL,30-Jun-2022,55.0,CE,0.0,0.0,0.0,7.0,5.85,0,0.0,10500,0,18-APR-2022,
OPTSTK,BHEL,30-Jun-2022,56.0,CE,0.0,0.0,0.0,3.75,5.4,0,0.0,0,0,18-APR-2022,
OPTSTK,BHEL,30-Jun-2022,57.0,CE,0.0,0.0,0.0,3.5,5.0,0,0.0,0,0,18-APR-2022,
OPTSTK,BHEL,30-Jun-2022,58.0,CE,0.0,0.0,0.0,3.2,4.65,0,0.0,0,0,18-APR-2022,
OPTSTK,BHEL,30-Jun-2022,59.0,CE,0.0,0.0,0.0,3.0,4.3,0,0.0,0,0,18-APR-2022,
OPTSTK,BHEL,30-Jun-2022,60.0,CE,0.0,0.0,0.0,2.75,3.95,0,0.0,0,0,18-APR-2022,
OPTSTK,BHEL,30-Jun-2022,61.0,CE,0.0,0.0,0.0,2.55,3.65,0,0.0,0,0,18-APR-2022,
OPTSTK,BHEL,30-Jun-2022,62.0,CE,0.0,0.0,0.0,2.35,3.35,0,0.0,0,0,18-APR-2022,
OPTSTK,BHEL,30-Jun-2022,63.0,CE,0.0,0.0,0.0,2.15,3.1,0,0.0,0,0,18-APR-2022,
OPTSTK,BHEL,30-Jun-2022,64.0,CE,0.0,0.0,0.0,2.0,2.85,0,0.0,0,0,18-APR-2022,
OPTSTK,BHEL,30-Jun-2022,65.0,CE,0.0,0.0,0.0,1.85,2.6,0,0.0,0,0,18-APR-2022,
OPTSTK,BHEL,30-Jun-2022,66.0,CE,0.0,0.0,0.0,1.7,2.4,0,0.0,0,0,18-APR-2022,
OPTSTK,BHEL,30-Jun-2022,67.0,CE,0.0,0.0,0.0,1.55,2.2,0,0.0,0,0,18-APR-2022,
OPTSTK,BHEL,30-Jun-2022,68.0,CE,0.0,0.0,0.0,1.4,2.0,0,0.0,0,0,18-APR-2022,
OPTSTK,BHEL,30-Jun-2022,69.0,CE,0.0,0.0,0.0,1.3,1.85,0,0.0,0,0,18-APR-2022,
OPTSTK,BHEL,30-Jun-2022,31.0,PE,0.0,0.0,0.0,0.3,0.1,0,0.0,0,0,18-APR-2022,
OPTSTK,BHEL,30-Jun-2022,32.0,PE,0.0,0.0,0.0,0.4,0.1,0,0.0,0,0,18-APR-2022,
OPTSTK,BHEL,30-Jun-2022,33.0,PE,0.0,0.0,0.0,0.5,0.15,0,0.0,0,0,18-APR-2022,
OPTSTK,BHEL,30-Jun-2022,34.0,PE,0.0,0.0,0.0,0.65,0.2,0,0.0,0,0,18-APR-2022,
OPTSTK,BHEL,30-Jun-2022,35.0,PE,0.0,0.0,0.0,0.8,0.25,0,0.0,0,0,18-APR-2022,
OPTSTK,BHEL,30-Jun-2022,36.0,PE,0.0,0.0,0.0,0.95,0.35,0,0.0,0,0,18-APR-2022,
OPTSTK,BHEL,30-Jun-2022,37.0,PE,0.0,0.0,0.0,1.15,0.4,0,0.0,0,0,18-APR-2022,
OPTSTK,BHEL,30-Jun-2022,38.0,PE,0.0,0.0,0.0,1.35,0.5,0,0.0,0,0,18-APR-2022,
OPTSTK,BHEL,30-Jun-2022,39.0,PE,0.0,0.0,0.0,1.6,0.65,0,0.0,0,0,18-APR-2022,
OPTSTK,BHEL,30-Jun-2022,40.0,PE,0.0,0.0,0.0,1.85,0.8,0,0.0,0,0,18-APR-2022,
OPTSTK,BHEL,30-Jun-2022,41.0,PE,0.0,0.0,0.0,2.15,0.95,0,0.0,0,0,18-APR-2022,
OPTSTK,BHEL,30-Jun-2022,42.0,PE,0.0,0.0,0.0,2.45,1.15,0,0.0,0,0,18-APR-2022,
OPTSTK,BHEL,30-Jun-2022,43.0,PE,0.0,0.0,0.0,2.8,1.35,0,0.0,0,0,18-APR-2022,
OPTSTK,BHEL,30-Jun-2022,44.0,PE,0.0,0.0,0.0,3.2,1.55,0,0.0,0,0,18-APR-2022,
OPTSTK,BHEL,30-Jun-2022,45.0,PE,0.0,0.0,0.0,3.6,1.85,0,0.0,0,0,18-APR-2022,
OPTSTK,BHEL,30-Jun-2022,46.0,PE,0.0,0.0,0.0,4.05,2.1,0,0.0,0,0,18-APR-2022,
OPTSTK,BHEL,30-Jun-2022,47.0,PE,0.0,0.0,0.0,4.5,2.45,0,0.0,0,0,18-APR-2022,
OPTSTK,BHEL,30-Jun-2022,48.0,PE,0.0,0.0,0.0,5.0,2.75,0,0.0,0,0,18-APR-2022,
OPTSTK,BHEL,30-Jun-2022,49.0,PE,0.0,0.0,0.0,5.5,3.15,0,0.0,0,0,18-APR-2022,
OPTSTK,BHEL,30-Jun-2022,50.0,PE,0.0,0.0,0.0,6.05,3.55,0,0.0,0,0,18-APR-2022,
OPTSTK,BHEL,30-Jun-2022,51.0,PE,0.0,0.0,0.0,6.65,3.95,0,0.0,0,0,18-APR-2022,
OPTSTK,BHEL,30-Jun-2022,52.0,PE,0.0,0.0,0.0,7.2,4.45,0,0.0,0,0,18-APR-2022,
OPTSTK,BHEL,30-Jun-2022,53.0,PE,0.0,0.0,0.0,7.85,4.9,0,0.0,0,0,18-APR-2022,
OPTSTK,BHEL,30-Jun-2022,54.0,PE,0.0,0.0,0.0,8.5,5.45,0,0.0,0,0,18-APR-2022,
OPTSTK,BHEL,30-Jun-2022,55.0,PE,0.0,0.0,0.0,5.85,5.95,0,0.0,21000,0,18-APR-2022,
OPTSTK,BHEL,30-Jun-2022,56.0,PE,0.0,0.0,0.0,9.85,6.55,0,0.0,0,0,18-APR-2022,
OPTSTK,BHEL,30-Jun-2022,57.0,PE,0.0,0.0,0.0,10.55,7.15,0,0.0,0,0,18-APR-2022,
OPTSTK,BHEL,30-Jun-2022,58.0,PE,0.0,0.0,0.0,11.25,7.75,0,0.0,0,0,18-APR-2022,
OPTSTK,BHEL,30-Jun-2022,59.0,PE,0.0,0.0,0.0,12.0,8.4,0,0.0,0,0,18-APR-2022,
OPTSTK,BHEL,30-Jun-2022,60.0,PE,0.0,0.0,0.0,12.75,9.05,0,0.0,0,0,18-APR-2022,
OPTSTK,BHEL,30-Jun-2022,61.0,PE,0.0,0.0,0.0,13.55,9.75,0,0.0,0,0,18-APR-2022,
OPTSTK,BHEL,30-Jun-2022,62.0,PE,0.0,0.0,0.0,14.35,10.45,0,0.0,0,0,18-APR-2022,
OPTSTK,BHEL,30-Jun-2022,63.0,PE,0.0,0.0,0.0,15.15,11.15,0,0.0,0,0,18-APR-2022,
OPTSTK,BHEL,30-Jun-2022,64.0,PE,0.0,0.0,0.0,15.95,11.9,0,0.0,0,0,18-APR-2022,
OPTSTK,BHEL,30-Jun-2022,65.0,PE,0.0,0.0,0.0,16.8,12.65,0,0.0,0,0,18-APR-2022,
OPTSTK,BHEL,30-Jun-2022,66.0,PE,0.0,0.0,0.0,17.65,13.45,0,0.0,0,0,18-APR-2022,
OPTSTK,BHEL,30-Jun-2022,67.0,PE,0.0,0.0,0.0,18.5,14.25,0,0.0,0,0,18-APR-2022,
OPTSTK,BHEL,30-Jun-2022,68.0,PE,0.0,0.0,0.0,19.35,15.05,0,0.0,0,0,18-APR-2022,
OPTSTK,BHEL,30-Jun-2022,69.0,PE,0.0,0.0,0.0,20.25,15.85,0,0.0,0,0,18-APR-2022,
OPTSTK,BIOCON,28-Apr-2022,245.0,CE,0.0,0.0,0.0,118.0,98.5,0,0.0,0,0,18-APR-2022,
OPTSTK,BIOCON,28-Apr-2022,250.0,CE,0.0,0.0,0.0,113.3,93.5,0,0.0,0,0,18-APR-2022,
OPTSTK,BIOCON,28-Apr-2022,255.0,CE,0.0,0.0,0.0,108.65,88.5,0,0.0,0,0,18-APR-2022,
OPTSTK,BIOCON,28-Apr-2022,260.0,CE,0.0,0.0,0.0,104.1,83.5,0,0.0,0,0,18-APR-2022,
OPTSTK,BIOCON,28-Apr-2022,265.0,CE,0.0,0.0,0.0,99.6,78.5,0,0.0,0,0,18-APR-2022,
OPTSTK,BIOCON,28-Apr-2022,270.0,CE,0.0,0.0,0.0,95.15,73.55,0,0.0,0,0,18-APR-2022,
OPTSTK,BIOCON,28-Apr-2022,275.0,CE,0.0,0.0,0.0,90.8,68.55,0,0.0,0,0,18-APR-2022,
OPTSTK,BIOCON,28-Apr-2022,280.0,CE,0.0,0.0,0.0,86.5,63.55,0,0.0,0,0,18-APR-2022,
OPTSTK,BIOCON,28-Apr-2022,285.0,CE,0.0,0.0,0.0,82.35,58.6,0,0.0,0,0,18-APR-2022,
OPTSTK,BIOCON,28-Apr-2022,290.0,CE,0.0,0.0,0.0,78.25,53.65,0,0.0,0,0,18-APR-2022,
OPTSTK,BIOCON,28-Apr-2022,295.0,CE,0.0,0.0,0.0,74.25,48.7,0,0.0,0,0,18-APR-2022,
OPTSTK,BIOCON,28-Apr-2022,300.0,CE,0.0,0.0,0.0,57.45,43.85,0,0.0,6900,0,18-APR-2022,
OPTSTK,BIOCON,28-Apr-2022,305.0,CE,0.0,0.0,0.0,66.6,39.1,0,0.0,0,0,18-APR-2022,
OPTSTK,BIOCON,28-Apr-2022,310.0,CE,0.0,0.0,0.0,62.95,34.5,0,0.0,0,0,18-APR-2022,
OPTSTK,BIOCON,28-Apr-2022,315.0,CE,0.0,0.0,0.0,59.45,30.05,0,0.0,0,0,18-APR-2022,
OPTSTK,BIOCON,28-Apr-2022,320.0,CE,22.15,22.15,22.05,22.05,25.8,3,23.6,23000,4600,18-APR-2022,
OPTSTK,BIOCON,28-Apr-2022,325.0,CE,0.0,0.0,0.0,52.7,21.85,0,0.0,0,0,18-APR-2022,
OPTSTK,BIOCON,28-Apr-2022,330.0,CE,21.95,21.95,15.5,16.6,16.6,10,79.81,62100,-2300,18-APR-2022,
OPTSTK,BIOCON,28-Apr-2022,335.0,CE,13.1,13.1,13.1,13.1,13.1,1,8.0,16100,2300,18-APR-2022,
OPTSTK,BIOCON,28-Apr-2022,340.0,CE,10.25,13.1,7.05,9.4,9.4,499,4001.23,331200,2300,18-APR-2022,
OPTSTK,BIOCON,28-Apr-2022,345.0,CE,9.65,10.35,4.85,6.45,6.45,417,3370.97,170200,66700,18-APR-2022,
OPTSTK,BIOCON,28-Apr-2022,350.0,CE,6.95,7.7,3.2,4.2,4.2,812,6623.62,1131600,135700,18-APR-2022,
OPTSTK,BIOCON,28-Apr-2022,355.0,CE,4.15,5.2,2.05,2.75,2.75,245,2017.26,540500,-4600,18-APR-2022,
OPTSTK,BIOCON,28-Apr-2022,360.0,CE,3.15,3.6,1.45,1.8,1.8,754,6279.21,1338600,112700,18-APR-2022,
OPTSTK,BIOCON,28-Apr-2022,365.0,CE,2.7,2.7,1.05,1.25,1.25,292,2460.31,322000,46000,18-APR-2022,
OPTSTK,BIOCON,28-Apr-2022,370.0,CE,1.55,1.85,0.8,0.95,0.95,371,3166.24,807300,2300,18-APR-2022,
OPTSTK,BIOCON,28-Apr-2022,375.0,CE,1.15,1.25,0.65,0.7,0.7,86,743.3,165600,25300,18-APR-2022,
OPTSTK,BIOCON,28-Apr-2022,380.0,CE,0.9,1.1,0.5,0.6,0.6,226,1978.53,761300,-2300,18-APR-2022,
OPTSTK,BIOCON,28-Apr-2022,385.0,CE,0.5,0.65,0.45,0.45,0.45,52,461.01,96600,4600,18-APR-2022,
OPTSTK,BIOCON,28-Apr-2022,390.0,CE,0.5,0.7,0.4,0.5,0.5,29,260.46,287500,-13800,18-APR-2022,
OPTSTK,BIOCON,28-Apr-2022,395.0,CE,0.0,0.0,0.0,19.8,0.35,0,0.0,0,0,18-APR-2022,
OPTSTK,BIOCON,28-Apr-2022,400.0,CE,0.55,0.55,0.3,0.4,0.4,201,1850.92,1281100,-39100,18-APR-2022,
OPTSTK,BIOCON,28-Apr-2022,405.0,CE,0.0,0.0,0.0,0.55,0.15,0,0.0,71300,0,18-APR-2022,
OPTSTK,BIOCON,28-Apr-2022,410.0,CE,0.25,0.25,0.2,0.2,0.1,10,94.34,351900,-13800,18-APR-2022,
OPTSTK,BIOCON,28-Apr-2022,415.0,CE,0.0,0.0,0.0,0.3,0.05,0,0.0,32200,0,18-APR-2022,
OPTSTK,BIOCON,28-Apr-2022,420.0,CE,0.1,0.1,0.1,0.1,0.05,4,38.64,140300,-6900,18-APR-2022,
OPTSTK,BIOCON,28-Apr-2022,425.0,CE,0.0,0.0,0.0,12.2,0.05,0,0.0,0,0,18-APR-2022,
OPTSTK,BIOCON,28-Apr-2022,430.0,CE,0.0,0.0,0.0,0.4,0.05,0,0.0,4600,0,18-APR-2022,
OPTSTK,BIOCON,28-Apr-2022,435.0,CE,0.0,0.0,0.0,10.3,0.05,0,0.0,0,0,18-APR-2022,
OPTSTK,BIOCON,28-Apr-2022,440.0,CE,0.1,0.1,0.1,0.1,0.0,1,10.12,9200,-2300,18-APR-2022,
OPTSTK,BIOCON,28-Apr-2022,445.0,CE,0.15,0.15,0.15,0.15,0.0,1,10.23,20700,0,18-APR-2022,
OPTSTK,BIOCON,28-Apr-2022,450.0,CE,0.0,0.0,0.0,7.95,0.0,0,0.0,0,0,18-APR-2022,
OPTSTK,BIOCON,28-Apr-2022,455.0,CE,0.0,0.0,0.0,7.25,0.0,0,0.0,0,0,18-APR-2022,
OPTSTK,BIOCON,28-Apr-2022,460.0,CE,0.0,0.0,0.0,6.65,0.0,0,0.0,0,0,18-APR-2022,
OPTSTK,BIOCON,28-Apr-2022,465.0,CE,0.0,0.0,0.0,6.05,0.0,0,0.0,0,0,18-APR-2022,
OPTSTK,BIOCON,28-Apr-2022,470.0,CE,0.0,0.0,0.0,2.5,0.0,0,0.0,2300,0,18-APR-2022,
OPTSTK,BIOCON,28-Apr-2022,475.0,CE,0.0,0.0,0.0,5.05,0.0,0,0.0,0,0,18-APR-2022,
OPTSTK,BIOCON,28-Apr-2022,480.0,CE,0.0,0.0,0.0,4.6,0.0,0,0.0,0,0,18-APR-2022,
OPTSTK,BIOCON,28-Apr-2022,485.0,CE,0.0,0.0,0.0,4.2,0.0,0,0.0,0,0,18-APR-2022,
OPTSTK,BIOCON,28-Apr-2022,490.0,CE,0.0,0.0,0.0,3.85,0.0,0,0.0,0,0,18-APR-2022,
OPTSTK,BIOCON,28-Apr-2022,245.0,PE,0.0,0.0,0.0,0.2,0.0,0,0.0,20700,0,18-APR-2022,
OPTSTK,BIOCON,28-Apr-2022,250.0,PE,0.0,0.0,0.0,2.0,0.0,0,0.0,0,0,18-APR-2022,
OPTSTK,BIOCON,28-Apr-2022,255.0,PE,0.0,0.0,0.0,1.6,0.0,0,0.0,0,0,18-APR-2022,
OPTSTK,BIOCON,28-Apr-2022,260.0,PE,0.0,0.0,0.0,0.1,0.0,0,0.0,11500,0,18-APR-2022,
OPTSTK,BIOCON,28-Apr-2022,265.0,PE,0.0,0.0,0.0,0.15,0.0,0,0.0,4600,0,18-APR-2022,
OPTSTK,BIOCON,28-Apr-2022,270.0,PE,0.0,0.0,0.0,2.95,0.0,0,0.0,0,0,18-APR-2022,
OPTSTK,BIOCON,28-Apr-2022,275.0,PE,0.0,0.0,0.0,3.55,0.05,0,0.0,0,0,18-APR-2022,
OPTSTK,BIOCON,28-Apr-2022,280.0,PE,0.5,0.55,0.35,0.35,0.05,61,393.54,124200,11500,18-APR-2022,
OPTSTK,BIOCON,28-Apr-2022,285.0,PE,0.0,0.0,0.0,4.95,0.05,0,0.0,0,0,18-APR-2022,
OPTSTK,BIOCON,28-Apr-2022,290.0,PE,0.8,0.8,0.4,0.45,0.1,11,73.51,103500,0,18-APR-2022,
OPTSTK,BIOCON,28-Apr-2022,295.0,PE,0.5,0.5,0.5,0.5,0.2,6,40.77,36800,2300,18-APR-2022,
OPTSTK,BIOCON,28-Apr-2022,300.0,PE,1.15,1.15,0.6,0.7,0.7,84,581.22,729100,-41400,18-APR-2022,
OPTSTK,BIOCON,28-Apr-2022,305.0,PE,0.0,0.0,0.0,1.1,0.55,0,0.0,29900,0,18-APR-2022,
OPTSTK,BIOCON,28-Apr-2022,310.0,PE,1.1,1.75,0.9,1.1,1.1,209,1496.37,294400,-48300,18-APR-2022,
OPTSTK,BIOCON,28-Apr-2022,315.0,PE,1.65,1.75,1.15,1.3,1.3,13,94.64,36800,2300,18-APR-2022,
OPTSTK,BIOCON,28-Apr-2022,320.0,PE,1.35,2.6,1.25,1.8,1.8,243,1799.59,598000,-4600,18-APR-2022,
OPTSTK,BIOCON,28-Apr-2022,325.0,PE,2.7,3.1,1.9,2.35,2.35,62,467.09,101200,4600,18-APR-2022,
OPTSTK,BIOCON,28-Apr-2022,330.0,PE,2.9,4.05,2.0,2.95,2.95,465,3563.46,372600,50600,18-APR-2022,
OPTSTK,BIOCON,28-Apr-2022,335.0,PE,3.1,5.6,2.9,4.0,4.0,194,1514.53,174800,66700,18-APR-2022,
OPTSTK,BIOCON,28-Apr-2022,340.0,PE,4.4,7.65,3.3,5.5,5.5,531,4226.11,443900,18400,18-APR-2022,
OPTSTK,BIOCON,28-Apr-2022,345.0,PE,7.05,10.4,4.5,7.5,7.5,365,2961.63,225400,-89700,18-APR-2022,
OPTSTK,BIOCON,28-Apr-2022,350.0,PE,8.0,13.85,6.5,10.25,10.25,304,2519.77,556600,-78200,18-APR-2022,
OPTSTK,BIOCON,28-Apr-2022,355.0,PE,12.8,17.8,12.8,13.8,13.8,11,93.48,131100,-6900,18-APR-2022,
OPTSTK,BIOCON,28-Apr-2022,360.0,PE,13.55,22.0,13.55,22.0,20.6,16,138.78,156400,-16100,18-APR-2022,
OPTSTK,BIOCON,28-Apr-2022,365.0,PE,17.45,22.25,17.45,22.25,22.25,7,62.08,16100,6900,18-APR-2022,
OPTSTK,BIOCON,28-Apr-2022,370.0,PE,28.4,31.05,28.4,31.05,28.6,4,36.82,36800,2300,18-APR-2022,
OPTSTK,BIOCON,28-Apr-2022,375.0,PE,0.0,0.0,0.0,26.65,32.95,0,0.0,9200,0,18-APR-2022,
OPTSTK,BIOCON,28-Apr-2022,380.0,PE,37.4,37.4,37.4,37.4,37.4,2,19.2,112700,4600,18-APR-2022,
OPTSTK,BIOCON,28-Apr-2022,385.0,PE,0.0,0.0,0.0,44.7,42.1,0,0.0,0,0,18-APR-2022,
OPTSTK,BIOCON,28-Apr-2022,390.0,PE,0.0,0.0,0.0,46.1,46.85,0,0.0,4600,0,18-APR-2022,
OPTSTK,BIOCON,28-Apr-2022,395.0,PE,0.0,0.0,0.0,51.3,51.7,0,0.0,0,0,18-APR-2022,
OPTSTK,BIOCON,28-Apr-2022,400.0,PE,0.0,0.0,0.0,41.85,56.55,0,0.0,80500,0,18-APR-2022,
OPTSTK,BIOCON,28-Apr-2022,405.0,PE,0.0,0.0,0.0,58.3,61.5,0,0.0,0,0,18-APR-2022,
OPTSTK,BIOCON,28-Apr-2022,410.0,PE,0.0,0.0,0.0,65.5,66.45,0,0.0,6900,0,18-APR-2022,
OPTSTK,BIOCON,28-Apr-2022,415.0,PE,0.0,0.0,0.0,65.65,71.4,0,0.0,0,0,18-APR-2022,
OPTSTK,BIOCON,28-Apr-2022,420.0,PE,0.0,0.0,0.0,75.0,76.4,0,0.0,2300,0,18-APR-2022,
OPTSTK,BIOCON,28-Apr-2022,425.0,PE,0.0,0.0,0.0,73.4,81.35,0,0.0,0,0,18-APR-2022,
OPTSTK,BIOCON,28-Apr-2022,430.0,PE,0.0,0.0,0.0,77.35,86.35,0,0.0,0,0,18-APR-2022,
OPTSTK,BIOCON,28-Apr-2022,435.0,PE,0.0,0.0,0.0,81.35,91.35,0,0.0,0,0,18-APR-2022,
OPTSTK,BIOCON,28-Apr-2022,440.0,PE,0.0,0.0,0.0,85.45,96.35,0,0.0,0,0,18-APR-2022,
OPTSTK,BIOCON,28-Apr-2022,445.0,PE,0.0,0.0,0.0,89.65,101.3,0,0.0,0,0,18-APR-2022,
OPTSTK,BIOCON,28-Apr-2022,450.0,PE,0.0,0.0,0.0,93.85,106.3,0,0.0,0,0,18-APR-2022,
OPTSTK,BIOCON,28-Apr-2022,455.0,PE,0.0,0.0,0.0,98.15,111.3,0,0.0,0,0,18-APR-2022,
OPTSTK,BIOCON,28-Apr-2022,460.0,PE,0.0,0.0,0.0,102.45,116.3,0,0.0,0,0,18-APR-2022,
OPTSTK,BIOCON,28-Apr-2022,465.0,PE,0.0,0.0,0.0,106.85,121.3,0,0.0,0,0,18-APR-2022,
OPTSTK,BIOCON,28-Apr-2022,470.0,PE,0.0,0.0,0.0,111.25,126.3,0,0.0,0,0,18-APR-2022,
OPTSTK,BIOCON,28-Apr-2022,475.0,PE,0.0,0.0,0.0,115.7,131.3,0,0.0,0,0,18-APR-2022,
OPTSTK,BIOCON,28-Apr-2022,480.0,PE,0.0,0.0,0.0,120.2,136.3,0,0.0,0,0,18-APR-2022,
OPTSTK,BIOCON,28-Apr-2022,485.0,PE,0.0,0.0,0.0,124.75,141.25,0,0.0,0,0,18-APR-2022,
OPTSTK,BIOCON,28-Apr-2022,490.0,PE,0.0,0.0,0.0,129.35,146.25,0,0.0,0,0,18-APR-2022,
OPTSTK,BIOCON,26-May-2022,245.0,CE,0.0,0.0,0.0,132.3,99.45,0,0.0,0,0,18-APR-2022,
OPTSTK,BIOCON,26-May-2022,250.0,CE,0.0,0.0,0.0,127.5,94.5,0,0.0,0,0,18-APR-2022,
OPTSTK,BIOCON,26-May-2022,255.0,CE,0.0,0.0,0.0,122.75,89.65,0,0.0,0,0,18-APR-2022,
OPTSTK,BIOCON,26-May-2022,260.0,CE,0.0,0.0,0.0,118.05,84.8,0,0.0,0,0,18-APR-2022,
OPTSTK,BIOCON,26-May-2022,265.0,CE,0.0,0.0,0.0,113.4,80.0,0,0.0,0,0,18-APR-2022,
OPTSTK,BIOCON,26-May-2022,270.0,CE,0.0,0.0,0.0,108.8,75.25,0,0.0,0,0,18-APR-2022,
OPTSTK,BIOCON,26-May-2022,275.0,CE,0.0,0.0,0.0,104.25,70.55,0,0.0,0,0,18-APR-2022,
OPTSTK,BIOCON,26-May-2022,280.0,CE,0.0,0.0,0.0,99.75,65.95,0,0.0,0,0,18-APR-2022,
OPTSTK,BIOCON,26-May-2022,285.0,CE,0.0,0.0,0.0,95.35,61.45,0,0.0,0,0,18-APR-2022,
OPTSTK,BIOCON,26-May-2022,290.0,CE,0.0,0.0,0.0,91.0,57.1,0,0.0,0,0,18-APR-2022,
OPTSTK,BIOCON,26-May-2022,295.0,CE,0.0,0.0,0.0,86.8,52.8,0,0.0,0,0,18-APR-2022,
OPTSTK,BIOCON,26-May-2022,300.0,CE,0.0,0.0,0.0,82.6,48.7,0,0.0,0,0,18-APR-2022,
OPTSTK,BIOCON,26-May-2022,305.0,CE,0.0,0.0,0.0,78.55,44.75,0,0.0,0,0,18-APR-2022,
OPTSTK,BIOCON,26-May-2022,310.0,CE,0.0,0.0,0.0,74.6,40.95,0,0.0,0,0,18-APR-2022,
OPTSTK,BIOCON,26-May-2022,315.0,CE,0.0,0.0,0.0,70.75,37.3,0,0.0,0,0,18-APR-2022,
OPTSTK,BIOCON,26-May-2022,320.0,CE,0.0,0.0,0.0,67.0,33.85,0,0.0,0,0,18-APR-2022,
OPTSTK,BIOCON,26-May-2022,325.0,CE,0.0,0.0,0.0,63.4,30.6,0,0.0,0,0,18-APR-2022,
OPTSTK,BIOCON,26-May-2022,330.0,CE,0.0,0.0,0.0,59.85,27.6,0,0.0,0,0,18-APR-2022,
OPTSTK,BIOCON,26-May-2022,335.0,CE,0.0,0.0,0.0,56.45,24.75,0,0.0,0,0,18-APR-2022,
OPTSTK,BIOCON,26-May-2022,340.0,CE,0.0,0.0,0.0,53.2,22.1,0,0.0,0,0,18-APR-2022,
OPTSTK,BIOCON,26-May-2022,345.0,CE,0.0,0.0,0.0,50.05,19.65,0,0.0,0,0,18-APR-2022,
OPTSTK,BIOCON,26-May-2022,350.0,CE,14.0,16.0,11.65,12.2,17.45,20,166.89,29900,16100,18-APR-2022,
OPTSTK,BIOCON,26-May-2022,355.0,CE,0.0,0.0,0.0,44.15,15.4,0,0.0,0,0,18-APR-2022,
OPTSTK,BIOCON,26-May-2022,360.0,CE,8.0,8.0,8.0,8.0,13.55,1,8.46,4600,2300,18-APR-2022,
OPTSTK,BIOCON,26-May-2022,365.0,CE,0.0,0.0,0.0,38.7,11.85,0,0.0,0,0,18-APR-2022,
OPTSTK,BIOCON,26-May-2022,370.0,CE,0.0,0.0,0.0,36.2,10.35,0,0.0,0,0,18-APR-2022,
OPTSTK,BIOCON,26-May-2022,375.0,CE,0.0,0.0,0.0,33.8,9.0,0,0.0,0,0,18-APR-2022,
OPTSTK,BIOCON,26-May-2022,380.0,CE,0.0,0.0,0.0,31.55,7.8,0,0.0,0,0,18-APR-2022,
OPTSTK,BIOCON,26-May-2022,385.0,CE,0.0,0.0,0.0,29.35,6.75,0,0.0,0,0,18-APR-2022,
OPTSTK,BIOCON,26-May-2022,390.0,CE,0.0,0.0,0.0,1.7,5.8,0,0.0,11500,0,18-APR-2022,
OPTSTK,BIOCON,26-May-2022,395.0,CE,0.0,0.0,0.0,25.4,4.95,0,0.0,0,0,18-APR-2022,
OPTSTK,BIOCON,26-May-2022,400.0,CE,3.5,3.5,2.25,2.25,4.25,4,37.03,20700,2300,18-APR-2022,
OPTSTK,BIOCON,26-May-2022,405.0,CE,0.0,0.0,0.0,21.9,3.6,0,0.0,0,0,18-APR-2022,
OPTSTK,BIOCON,26-May-2022,410.0,CE,0.0,0.0,0.0,20.25,3.05,0,0.0,0,0,18-APR-2022,
OPTSTK,BIOCON,26-May-2022,415.0,CE,0.0,0.0,0.0,18.75,2.6,0,0.0,0,0,18-APR-2022,
OPTSTK,BIOCON,26-May-2022,420.0,CE,0.0,0.0,0.0,17.35,2.2,0,0.0,0,0,18-APR-2022,
OPTSTK,BIOCON,26-May-2022,425.0,CE,0.0,0.0,0.0,16.0,1.85,0,0.0,0,0,18-APR-2022,
OPTSTK,BIOCON,26-May-2022,430.0,CE,0.0,0.0,0.0,14.8,1.55,0,0.0,0,0,18-APR-2022,
OPTSTK,BIOCON,26-May-2022,435.0,CE,0.0,0.0,0.0,13.65,1.3,0,0.0,0,0,18-APR-2022,
OPTSTK,BIOCON,26-May-2022,440.0,CE,0.0,0.0,0.0,12.55,1.1,0,0.0,0,0,18-APR-2022,
OPTSTK,BIOCON,26-May-2022,445.0,CE,0.0,0.0,0.0,11.6,0.9,0,0.0,0,0,18-APR-2022,
OPTSTK,BIOCON,26-May-2022,450.0,CE,1.1,1.1,1.1,1.1,0.75,3,31.12,41400,6900,18-APR-2022,
OPTSTK,BIOCON,26-May-2022,455.0,CE,0.0,0.0,0.0,9.75,0.6,0,0.0,0,0,18-APR-2022,
OPTSTK,BIOCON,26-May-2022,460.0,CE,0.0,0.0,0.0,8.95,0.5,0,0.0,0,0,18-APR-2022,
OPTSTK,BIOCON,26-May-2022,465.0,CE,0.0,0.0,0.0,8.2,0.45,0,0.0,0,0,18-APR-2022,
OPTSTK,BIOCON,26-May-2022,470.0,CE,0.0,0.0,0.0,7.55,0.35,0,0.0,0,0,18-APR-2022,
OPTSTK,BIOCON,26-May-2022,475.0,CE,0.0,0.0,0.0,6.9,0.3,0,0.0,0,0,18-APR-2022,
OPTSTK,BIOCON,26-May-2022,480.0,CE,0.0,0.0,0.0,6.3,0.25,0,0.0,0,0,18-APR-2022,
OPTSTK,BIOCON,26-May-2022,485.0,CE,0.0,0.0,0.0,5.75,0.2,0,0.0,0,0,18-APR-2022,
OPTSTK,BIOCON,26-May-2022,490.0,CE,0.0,0.0,0.0,5.3,0.15,0,0.0,0,0,18-APR-2022,
OPTSTK,BIOCON,26-May-2022,245.0,PE,0.0,0.0,0.0,0.6,0.15,0,0.0,0,0,18-APR-2022,
OPTSTK,BIOCON,26-May-2022,250.0,PE,0.0,0.0,0.0,1.0,0.2,0,0.0,2300,0,18-APR-2022,
OPTSTK,BIOCON,26-May-2022,255.0,PE,0.0,0.0,0.0,0.95,0.3,0,0.0,0,0,18-APR-2022,
OPTSTK,BIOCON,26-May-2022,260.0,PE,0.0,0.0,0.0,3.0,0.45,0,0.0,0,0,18-APR-2022,
OPTSTK,BIOCON,26-May-2022,265.0,PE,0.0,0.0,0.0,1.45,0.6,0,0.0,0,0,18-APR-2022,
OPTSTK,BIOCON,26-May-2022,270.0,PE,0.0,0.0,0.0,1.8,0.85,0,0.0,0,0,18-APR-2022,
OPTSTK,BIOCON,26-May-2022,275.0,PE,0.0,0.0,0.0,2.2,1.15,0,0.0,0,0,18-APR-2022,
OPTSTK,BIOCON,26-May-2022,280.0,PE,0.0,0.0,0.0,1.5,1.55,0,0.0,0,0,18-APR-2022,
OPTSTK,BIOCON,26-May-2022,285.0,PE,0.0,0.0,0.0,3.2,2.0,0,0.0,0,0,18-APR-2022,
OPTSTK,BIOCON,26-May-2022,290.0,PE,0.0,0.0,0.0,3.85,2.6,0,0.0,0,0,18-APR-2022,
OPTSTK,BIOCON,26-May-2022,295.0,PE,0.0,0.0,0.0,4.55,3.3,0,0.0,0,0,18-APR-2022,
OPTSTK,BIOCON,26-May-2022,300.0,PE,2.25,3.75,2.25,2.4,4.15,5,34.81,23000,11500,18-APR-2022,
OPTSTK,BIOCON,26-May-2022,305.0,PE,0.0,0.0,0.0,6.2,5.2,0,0.0,0,0,18-APR-2022,
OPTSTK,BIOCON,26-May-2022,310.0,PE,0.0,0.0,0.0,7.2,6.35,0,0.0,0,0,18-APR-2022,
OPTSTK,BIOCON,26-May-2022,315.0,PE,0.0,0.0,0.0,8.3,7.7,0,0.0,0,0,18-APR-2022,
OPTSTK,BIOCON,26-May-2022,320.0,PE,0.0,0.0,0.0,5.05,9.25,0,0.0,2300,0,18-APR-2022,
OPTSTK,BIOCON,26-May-2022,325.0,PE,0.0,0.0,0.0,10.85,11.0,0,0.0,0,0,18-APR-2022,
OPTSTK,BIOCON,26-May-2022,330.0,PE,0.0,0.0,0.0,12.25,12.9,0,0.0,0,0,18-APR-2022,
OPTSTK,BIOCON,26-May-2022,335.0,PE,0.0,0.0,0.0,13.8,15.05,0,0.0,0,0,18-APR-2022,
OPTSTK,BIOCON,26-May-2022,340.0,PE,12.0,12.0,12.0,12.0,17.4,1,8.09,13800,2300,18-APR-2022,
OPTSTK,BIOCON,26-May-2022,345.0,PE,0.0,0.0,0.0,17.3,19.95,0,0.0,0,0,18-APR-2022,
OPTSTK,BIOCON,26-May-2022,350.0,PE,18.0,18.0,18.0,18.0,22.7,1,8.46,9200,2300,18-APR-2022,
OPTSTK,BIOCON,26-May-2022,355.0,PE,0.0,0.0,0.0,21.25,25.6,0,0.0,0,0,18-APR-2022,
OPTSTK,BIOCON,26-May-2022,360.0,PE,0.0,0.0,0.0,15.0,28.75,0,0.0,9200,0,18-APR-2022,
OPTSTK,BIOCON,26-May-2022,365.0,PE,0.0,0.0,0.0,25.75,32.05,0,0.0,0,0,18-APR-2022,
OPTSTK,BIOCON,26-May-2022,370.0,PE,0.0,0.0,0.0,28.2,35.5,0,0.0,0,0,18-APR-2022,
OPTSTK,BIOCON,26-May-2022,375.0,PE,0.0,0.0,0.0,30.75,39.15,0,0.0,0,0,18-APR-2022,
OPTSTK,BIOCON,26-May-2022,380.0,PE,0.0,0.0,0.0,33.4,42.95,0,0.0,0,0,18-APR-2022,
OPTSTK,BIOCON,26-May-2022,385.0,PE,0.0,0.0,0.0,36.2,46.85,0,0.0,0,0,18-APR-2022,
OPTSTK,BIOCON,26-May-2022,390.0,PE,0.0,0.0,0.0,39.1,50.85,0,0.0,0,0,18-APR-2022,
OPTSTK,BIOCON,26-May-2022,395.0,PE,0.0,0.0,0.0,42.1,55.0,0,0.0,0,0,18-APR-2022,
OPTSTK,BIOCON,26-May-2022,400.0,PE,0.0,0.0,0.0,45.25,59.25,0,0.0,0,0,18-APR-2022,
OPTSTK,BIOCON,26-May-2022,405.0,PE,0.0,0.0,0.0,48.5,63.6,0,0.0,0,0,18-APR-2022,
OPTSTK,BIOCON,26-May-2022,410.0,PE,0.0,0.0,0.0,51.85,68.05,0,0.0,0,0,18-APR-2022,
OPTSTK,BIOCON,26-May-2022,415.0,PE,0.0,0.0,0.0,55.25,72.55,0,0.0,0,0,18-APR-2022,
OPTSTK,BIOCON,26-May-2022,420.0,PE,0.0,0.0,0.0,58.8,77.15,0,0.0,0,0,18-APR-2022,
OPTSTK,BIOCON,26-May-2022,425.0,PE,0.0,0.0,0.0,62.4,81.75,0,0.0,0,0,18-APR-2022,
OPTSTK,BIOCON,26-May-2022,430.0,PE,0.0,0.0,0.0,66.15,86.45,0,0.0,0,0,18-APR-2022,
OPTSTK,BIOCON,26-May-2022,435.0,PE,0.0,0.0,0.0,69.95,91.15,0,0.0,0,0,18-APR-2022,
OPTSTK,BIOCON,26-May-2022,440.0,PE,0.0,0.0,0.0,73.8,95.95,0,0.0,0,0,18-APR-2022,
OPTSTK,BIOCON,26-May-2022,445.0,PE,0.0,0.0,0.0,77.75,100.75,0,0.0,0,0,18-APR-2022,
OPTSTK,BIOCON,26-May-2022,450.0,PE,0.0,0.0,0.0,81.75,105.55,0,0.0,0,0,18-APR-2022,
OPTSTK,BIOCON,26-May-2022,455.0,PE,0.0,0.0,0.0,85.85,110.4,0,0.0,0,0,18-APR-2022,
OPTSTK,BIOCON,26-May-2022,460.0,PE,0.0,0.0,0.0,90.0,115.3,0,0.0,0,0,18-APR-2022,
OPTSTK,BIOCON,26-May-2022,465.0,PE,0.0,0.0,0.0,94.2,120.15,0,0.0,0,0,18-APR-2022,
OPTSTK,BIOCON,26-May-2022,470.0,PE,0.0,0.0,0.0,98.45,125.1,0,0.0,0,0,18-APR-2022,
OPTSTK,BIOCON,26-May-2022,475.0,PE,0.0,0.0,0.0,102.8,130.0,0,0.0,0,0,18-APR-2022,
OPTSTK,BIOCON,26-May-2022,480.0,PE,0.0,0.0,0.0,107.15,134.9,0,0.0,0,0,18-APR-2022,
OPTSTK,BIOCON,26-May-2022,485.0,PE,0.0,0.0,0.0,111.55,139.85,0,0.0,0,0,18-APR-2022,
OPTSTK,BIOCON,26-May-2022,490.0,PE,0.0,0.0,0.0,116.0,144.8,0,0.0,0,0,18-APR-2022,
OPTSTK,BIOCON,30-Jun-2022,245.0,CE,0.0,0.0,0.0,95.45,101.3,0,0.0,0,0,18-APR-2022,
OPTSTK,BIOCON,30-Jun-2022,250.0,CE,0.0,0.0,0.0,91.0,96.6,0,0.0,0,0,18-APR-2022,
OPTSTK,BIOCON,30-Jun-2022,255.0,CE,0.0,0.0,0.0,86.65,92.0,0,0.0,0,0,18-APR-2022,
OPTSTK,BIOCON,30-Jun-2022,260.0,CE,0.0,0.0,0.0,82.4,87.5,0,0.0,0,0,18-APR-2022,
OPTSTK,BIOCON,30-Jun-2022,265.0,CE,0.0,0.0,0.0,78.2,83.0,0,0.0,0,0,18-APR-2022,
OPTSTK,BIOCON,30-Jun-2022,270.0,CE,0.0,0.0,0.0,74.15,78.65,0,0.0,0,0,18-APR-2022,
OPTSTK,BIOCON,30-Jun-2022,275.0,CE,0.0,0.0,0.0,70.2,74.35,0,0.0,0,0,18-APR-2022,
OPTSTK,BIOCON,30-Jun-2022,280.0,CE,0.0,0.0,0.0,66.35,70.2,0,0.0,0,0,18-APR-2022,
OPTSTK,BIOCON,30-Jun-2022,285.0,CE,0.0,0.0,0.0,62.65,66.15,0,0.0,0,0,18-APR-2022,
OPTSTK,BIOCON,30-Jun-2022,290.0,CE,0.0,0.0,0.0,59.0,62.2,0,0.0,0,0,18-APR-2022,
OPTSTK,BIOCON,30-Jun-2022,295.0,CE,0.0,0.0,0.0,55.55,58.35,0,0.0,0,0,18-APR-2022,
OPTSTK,BIOCON,30-Jun-2022,300.0,CE,0.0,0.0,0.0,52.15,54.7,0,0.0,0,0,18-APR-2022,
OPTSTK,BIOCON,30-Jun-2022,305.0,CE,0.0,0.0,0.0,48.95,51.15,0,0.0,0,0,18-APR-2022,
OPTSTK,BIOCON,30-Jun-2022,310.0,CE,0.0,0.0,0.0,45.85,47.7,0,0.0,0,0,18-APR-2022,
OPTSTK,BIOCON,30-Jun-2022,315.0,CE,0.0,0.0,0.0,42.9,44.45,0,0.0,0,0,18-APR-2022,
OPTSTK,BIOCON,30-Jun-2022,320.0,CE,0.0,0.0,0.0,40.1,41.3,0,0.0,0,0,18-APR-2022,
OPTSTK,BIOCON,30-Jun-2022,325.0,CE,0.0,0.0,0.0,37.4,38.35,0,0.0,0,0,18-APR-2022,
OPTSTK,BIOCON,30-Jun-2022,330.0,CE,0.0,0.0,0.0,34.85,35.5,0,0.0,0,0,18-APR-2022,
OPTSTK,BIOCON,30-Jun-2022,335.0,CE,0.0,0.0,0.0,32.45,32.85,0,0.0,0,0,18-APR-2022,
OPTSTK,BIOCON,30-Jun-2022,340.0,CE,0.0,0.0,0.0,30.15,30.3,0,0.0,0,0,18-APR-2022,
OPTSTK,BIOCON,30-Jun-2022,345.0,CE,0.0,0.0,0.0,28.0,27.9,0,0.0,0,0,18-APR-2022,
OPTSTK,BIOCON,30-Jun-2022,350.0,CE,0.0,0.0,0.0,25.95,25.7,0,0.0,0,0,18-APR-2022,
OPTSTK,BIOCON,30-Jun-2022,355.0,CE,0.0,0.0,0.0,24.0,23.6,0,0.0,0,0,18-APR-2022,
OPTSTK,BIOCON,30-Jun-2022,360.0,CE,0.0,0.0,0.0,22.0,21.6,0,0.0,2300,0,18-APR-2022,
OPTSTK,BIOCON,30-Jun-2022,365.0,CE,0.0,0.0,0.0,20.5,19.75,0,0.0,0,0,18-APR-2022,
OPTSTK,BIOCON,30-Jun-2022,370.0,CE,0.0,0.0,0.0,18.95,18.05,0,0.0,0,0,18-APR-2022,
OPTSTK,BIOCON,30-Jun-2022,375.0,CE,0.0,0.0,0.0,17.45,16.5,0,0.0,0,0,18-APR-2022,
OPTSTK,BIOCON,30-Jun-2022,380.0,CE,0.0,0.0,0.0,16.05,15.0,0,0.0,0,0,18-APR-2022,
OPTSTK,BIOCON,30-Jun-2022,385.0,CE,0.0,0.0,0.0,14.8,13.65,0,0.0,0,0,18-APR-2022,
OPTSTK,BIOCON,30-Jun-2022,390.0,CE,0.0,0.0,0.0,13.6,12.4,0,0.0,0,0,18-APR-2022,
OPTSTK,BIOCON,30-Jun-2022,395.0,CE,0.0,0.0,0.0,12.45,11.25,0,0.0,0,0,18-APR-2022,
OPTSTK,BIOCON,30-Jun-2022,400.0,CE,0.0,0.0,0.0,11.45,10.2,0,0.0,0,0,18-APR-2022,
OPTSTK,BIOCON,30-Jun-2022,405.0,CE,0.0,0.0,0.0,10.45,9.2,0,0.0,0,0,18-APR-2022,
OPTSTK,BIOCON,30-Jun-2022,410.0,CE,0.0,0.0,0.0,9.6,8.3,0,0.0,0,0,18-APR-2022,
OPTSTK,BIOCON,30-Jun-2022,415.0,CE,0.0,0.0,0.0,8.75,7.5,0,0.0,0,0,18-APR-2022,
OPTSTK,BIOCON,30-Jun-2022,420.0,CE,0.0,0.0,0.0,8.0,6.75,0,0.0,0,0,18-APR-2022,
OPTSTK,BIOCON,30-Jun-2022,425.0,CE,0.0,0.0,0.0,7.3,6.05,0,0.0,0,0,18-APR-2022,
OPTSTK,BIOCON,30-Jun-2022,430.0,CE,0.0,0.0,0.0,6.65,5.45,0,0.0,0,0,18-APR-2022,
OPTSTK,BIOCON,30-Jun-2022,435.0,CE,0.0,0.0,0.0,6.1,4.9,0,0.0,0,0,18-APR-2022,
OPTSTK,BIOCON,30-Jun-2022,440.0,CE,0.0,0.0,0.0,5.55,4.4,0,0.0,0,0,18-APR-2022,
OPTSTK,BIOCON,30-Jun-2022,445.0,CE,0.0,0.0,0.0,5.05,3.95,0,0.0,0,0,18-APR-2022,
OPTSTK,BIOCON,30-Jun-2022,450.0,CE,0.0,0.0,0.0,4.6,3.5,0,0.0,0,0,18-APR-2022,
OPTSTK,BIOCON,30-Jun-2022,455.0,CE,0.0,0.0,0.0,4.15,3.15,0,0.0,0,0,18-APR-2022,
OPTSTK,BIOCON,30-Jun-2022,460.0,CE,0.0,0.0,0.0,3.8,2.8,0,0.0,0,0,18-APR-2022,
OPTSTK,BIOCON,30-Jun-2022,465.0,CE,0.0,0.0,0.0,3.45,2.5,0,0.0,0,0,18-APR-2022,
OPTSTK,BIOCON,30-Jun-2022,245.0,PE,0.0,0.0,0.0,2.3,1.0,0,0.0,0,0,18-APR-2022,
OPTSTK,BIOCON,30-Jun-2022,250.0,PE,0.0,0.0,0.0,2.8,1.3,0,0.0,0,0,18-APR-2022,
OPTSTK,BIOCON,30-Jun-2022,255.0,PE,0.0,0.0,0.0,3.4,1.65,0,0.0,0,0,18-APR-2022,
OPTSTK,BIOCON,30-Jun-2022,260.0,PE,0.0,0.0,0.0,4.05,2.05,0,0.0,0,0,18-APR-2022,
OPTSTK,BIOCON,30-Jun-2022,265.0,PE,0.0,0.0,0.0,4.85,2.55,0,0.0,0,0,18-APR-2022,
OPTSTK,BIOCON,30-Jun-2022,270.0,PE,0.0,0.0,0.0,5.7,3.15,0,0.0,0,0,18-APR-2022,
OPTSTK,BIOCON,30-Jun-2022,275.0,PE,0.0,0.0,0.0,6.7,3.85,0,0.0,0,0,18-APR-2022,
OPTSTK,BIOCON,30-Jun-2022,280.0,PE,0.0,0.0,0.0,7.8,4.6,0,0.0,0,0,18-APR-2022,
OPTSTK,BIOCON,30-Jun-2022,285.0,PE,0.0,0.0,0.0,9.05,5.5,0,0.0,0,0,18-APR-2022,
OPTSTK,BIOCON,30-Jun-2022,290.0,PE,0.0,0.0,0.0,10.35,6.55,0,0.0,0,0,18-APR-2022,
OPTSTK,BIOCON,30-Jun-2022,295.0,PE,0.0,0.0,0.0,11.85,7.65,0,0.0,0,0,18-APR-2022,
OPTSTK,BIOCON,30-Jun-2022,300.0,PE,0.0,0.0,0.0,13.4,8.95,0,0.0,0,0,18-APR-2022,
OPTSTK,BIOCON,30-Jun-2022,305.0,PE,0.0,0.0,0.0,15.15,10.35,0,0.0,0,0,18-APR-2022,
OPTSTK,BIOCON,30-Jun-2022,310.0,PE,0.0,0.0,0.0,17.0,11.9,0,0.0,0,0,18-APR-2022,
OPTSTK,BIOCON,30-Jun-2022,315.0,PE,0.0,0.0,0.0,19.0,13.55,0,0.0,0,0,18-APR-2022,
OPTSTK,BIOCON,30-Jun-2022,320.0,PE,0.0,0.0,0.0,21.15,15.4,0,0.0,0,0,18-APR-2022,
OPTSTK,BIOCON,30-Jun-2022,325.0,PE,0.0,0.0,0.0,23.4,17.4,0,0.0,0,0,18-APR-2022,
OPTSTK,BIOCON,30-Jun-2022,330.0,PE,0.0,0.0,0.0,10.0,19.5,0,0.0,2300,0,18-APR-2022,
OPTSTK,BIOCON,30-Jun-2022,335.0,PE,0.0,0.0,0.0,28.3,21.8,0,0.0,0,0,18-APR-2022,
OPTSTK,BIOCON,30-Jun-2022,340.0,PE,0.0,0.0,0.0,30.95,24.25,0,0.0,0,0,18-APR-2022,
OPTSTK,BIOCON,30-Jun-2022,345.0,PE,0.0,0.0,0.0,33.75,26.8,0,0.0,0,0,18-APR-2022,
OPTSTK,BIOCON,30-Jun-2022,350.0,PE,0.0,0.0,0.0,36.65,29.5,0,0.0,0,0,18-APR-2022,
OPTSTK,BIOCON,30-Jun-2022,355.0,PE,0.0,0.0,0.0,39.7,32.35,0,0.0,0,0,18-APR-2022,
OPTSTK,BIOCON,30-Jun-2022,360.0,PE,0.0,0.0,0.0,42.8,35.35,0,0.0,0,0,18-APR-2022,
OPTSTK,BIOCON,30-Jun-2022,365.0,PE,0.0,0.0,0.0,46.05,38.5,0,0.0,0,0,18-APR-2022,
OPTSTK,BIOCON,30-Jun-2022,370.0,PE,0.0,0.0,0.0,49.45,41.75,0,0.0,0,0,18-APR-2022,
OPTSTK,BIOCON,30-Jun-2022,375.0,PE,0.0,0.0,0.0,52.9,45.1,0,0.0,0,0,18-APR-2022,
OPTSTK,BIOCON,30-Jun-2022,380.0,PE,0.0,0.0,0.0,56.45,48.6,0,0.0,0,0,18-APR-2022,
OPTSTK,BIOCON,30-Jun-2022,385.0,PE,0.0,0.0,0.0,60.15,52.2,0,0.0,0,0,18-APR-2022,
OPTSTK,BIOCON,30-Jun-2022,390.0,PE,0.0,0.0,0.0,63.9,55.9,0,0.0,0,0,18-APR-2022,
OPTSTK,BIOCON,30-Jun-2022,395.0,PE,0.0,0.0,0.0,67.7,59.7,0,0.0,0,0,18-APR-2022,
OPTSTK,BIOCON,30-Jun-2022,400.0,PE,0.0,0.0,0.0,71.65,63.6,0,0.0,0,0,18-APR-2022,
OPTSTK,BIOCON,30-Jun-2022,405.0,PE,0.0,0.0,0.0,75.6,67.6,0,0.0,0,0,18-APR-2022,
OPTSTK,BIOCON,30-Jun-2022,410.0,PE,0.0,0.0,0.0,79.7,71.65,0,0.0,0,0,18-APR-2022,
OPTSTK,BIOCON,30-Jun-2022,415.0,PE,0.0,0.0,0.0,83.8,75.8,0,0.0,0,0,18-APR-2022,
OPTSTK,BIOCON,30-Jun-2022,420.0,PE,0.0,0.0,0.0,88.0,80.0,0,0.0,0,0,18-APR-2022,
OPTSTK,BIOCON,30-Jun-2022,425.0,PE,0.0,0.0,0.0,92.25,84.3,0,0.0,0,0,18-APR-2022,
OPTSTK,BIOCON,30-Jun-2022,430.0,PE,0.0,0.0,0.0,96.55,88.6,0,0.0,0,0,18-APR-2022,
OPTSTK,BIOCON,30-Jun-2022,435.0,PE,0.0,0.0,0.0,100.9,93.0,0,0.0,0,0,18-APR-2022,
OPTSTK,BIOCON,30-Jun-2022,440.0,PE,0.0,0.0,0.0,105.3,97.45,0,0.0,0,0,18-APR-2022,
OPTSTK,BIOCON,30-Jun-2022,445.0,PE,0.0,0.0,0.0,109.75,101.95,0,0.0,0,0,18-APR-2022,
OPTSTK,BIOCON,30-Jun-2022,450.0,PE,0.0,0.0,0.0,114.25,106.5,0,0.0,0,0,18-APR-2022,
OPTSTK,BIOCON,30-Jun-2022,455.0,PE,0.0,0.0,0.0,118.8,111.1,0,0.0,0,0,18-APR-2022,
OPTSTK,BIOCON,30-Jun-2022,460.0,PE,0.0,0.0,0.0,123.35,115.7,0,0.0,0,0,18-APR-2022,
OPTSTK,BIOCON,30-Jun-2022,465.0,PE,0.0,0.0,0.0,127.95,120.35,0,0.0,0,0,18-APR-2022,
OPTSTK,BOSCHLTD,28-Apr-2022,10500.0,CE,0.0,0.0,0.0,5853.25,4085.3,0,0.0,0,0,18-APR-2022,
OPTSTK,BOSCHLTD,28-Apr-2022,10750.0,CE,0.0,0.0,0.0,5610.45,3835.55,0,0.0,0,0,18-APR-2022,
OPTSTK,BOSCHLTD,28-Apr-2022,11000.0,CE,0.0,0.0,0.0,5369.1,3585.85,0,0.0,0,0,18-APR-2022,
OPTSTK,BOSCHLTD,28-Apr-2022,11250.0,CE,0.0,0.0,0.0,5129.55,3336.15,0,0.0,0,0,18-APR-2022,
OPTSTK,BOSCHLTD,28-Apr-2022,11500.0,CE,0.0,0.0,0.0,4892.2,3086.45,0,0.0,0,0,18-APR-2022,
OPTSTK,BOSCHLTD,28-Apr-2022,11750.0,CE,0.0,0.0,0.0,4657.45,2836.75,0,0.0,0,0,18-APR-2022,
OPTSTK,BOSCHLTD,28-Apr-2022,12000.0,CE,0.0,0.0,0.0,4425.7,2587.25,0,0.0,0,0,18-APR-2022,
OPTSTK,BOSCHLTD,28-Apr-2022,12250.0,CE,0.0,0.0,0.0,4197.45,2338.1,0,0.0,0,0,18-APR-2022,
OPTSTK,BOSCHLTD,28-Apr-2022,12500.0,CE,0.0,0.0,0.0,3973.2,2089.8,0,0.0,0,0,18-APR-2022,
OPTSTK,BOSCHLTD,28-Apr-2022,12750.0,CE,0.0,0.0,0.0,3753.35,1843.4,0,0.0,0,0,18-APR-2022,
OPTSTK,BOSCHLTD,28-Apr-2022,13000.0,CE,0.0,0.0,0.0,3538.4,1600.7,0,0.0,0,0,18-APR-2022,
OPTSTK,BOSCHLTD,28-Apr-2022,13250.0,CE,0.0,0.0,0.0,3328.85,1364.35,0,0.0,0,0,18-APR-2022,
OPTSTK,BOSCHLTD,28-Apr-2022,13500.0,CE,0.0,0.0,0.0,3125.05,1137.95,0,0.0,0,0,18-APR-2022,
OPTSTK,BOSCHLTD,28-Apr-2022,13750.0,CE,0.0,0.0,0.0,2927.5,925.95,0,0.0,0,0,18-APR-2022,
OPTSTK,BOSCHLTD,28-Apr-2022,14000.0,CE,635.1,635.1,635.1,635.1,733.25,1,7.31,600,0,18-APR-2022,
OPTSTK,BOSCHLTD,28-Apr-2022,14250.0,CE,0.0,0.0,0.0,966.05,562.45,0,0.0,150,0,18-APR-2022,
OPTSTK,BOSCHLTD,28-Apr-2022,14500.0,CE,377.25,382.95,230.0,372.3,372.3,27,200.21,2400,150,18-APR-2022,
OPTSTK,BOSCHLTD,28-Apr-2022,14750.0,CE,206.55,206.55,150.6,150.6,299.85,2,14.92,250,50,18-APR-2022,
OPTSTK,BOSCHLTD,28-Apr-2022,15000.0,CE,200.0,200.0,97.15,161.55,161.55,221,1671.75,12750,100,18-APR-2022,
OPTSTK,BOSCHLTD,28-Apr-2022,15250.0,CE,0.0,0.0,0.0,154.1,139.2,0,0.0,250,0,18-APR-2022,
OPTSTK,BOSCHLTD,28-Apr-2022,15500.0,CE,45.9,89.9,45.0,71.95,71.95,31,241.13,4350,-600,18-APR-2022,
OPTSTK,BOSCHLTD,28-Apr-2022,15750.0,CE,0.0,0.0,0.0,50.5,55.2,0,0.0,150,0,18-APR-2022,
OPTSTK,BOSCHLTD,28-Apr-2022,16000.0,CE,24.95,39.95,21.0,35.0,35.0,31,248.41,8100,-50,18-APR-2022,
OPTSTK,BOSCHLTD,28-Apr-2022,16250.0,CE,27.7,27.7,27.7,27.7,27.7,1,8.13,100,-50,18-APR-2022,
OPTSTK,BOSCHLTD,28-Apr-2022,16500.0,CE,18.0,20.1,18.0,18.0,10.45,3,24.77,1650,-50,18-APR-2022,
OPTSTK,BOSCHLTD,28-Apr-2022,16750.0,CE,0.0,0.0,0.0,1131.65,5.6,0,0.0,0,0,18-APR-2022,
OPTSTK,BOSCHLTD,28-Apr-2022,17000.0,CE,0.0,0.0,0.0,16.8,2.9,0,0.0,2800,0,18-APR-2022,
OPTSTK,BOSCHLTD,28-Apr-2022,17250.0,CE,0.0,0.0,0.0,938.55,1.45,0,0.0,0,0,18-APR-2022,
OPTSTK,BOSCHLTD,28-Apr-2022,17500.0,CE,0.0,0.0,0.0,20.0,0.7,0,0.0,1050,0,18-APR-2022,
OPTSTK,BOSCHLTD,28-Apr-2022,17750.0,CE,0.0,0.0,0.0,772.55,0.35,0,0.0,0,0,18-APR-2022,
OPTSTK,BOSCHLTD,28-Apr-2022,18000.0,CE,0.0,0.0,0.0,699.0,0.15,0,0.0,0,0,18-APR-2022,
OPTSTK,BOSCHLTD,28-Apr-2022,18250.0,CE,0.0,0.0,0.0,631.35,0.1,0,0.0,0,0,18-APR-2022,
OPTSTK,BOSCHLTD,28-Apr-2022,18500.0,CE,0.0,0.0,0.0,570.1,0.05,0,0.0,0,0,18-APR-2022,
OPTSTK,BOSCHLTD,28-Apr-2022,18750.0,CE,0.0,0.0,0.0,513.45,0.05,0,0.0,0,0,18-APR-2022,
OPTSTK,BOSCHLTD,28-Apr-2022,19000.0,CE,0.0,0.0,0.0,461.7,0.0,0,0.0,0,0,18-APR-2022,
OPTSTK,BOSCHLTD,28-Apr-2022,19250.0,CE,0.0,0.0,0.0,413.75,0.0,0,0.0,0,0,18-APR-2022,
OPTSTK,BOSCHLTD,28-Apr-2022,19500.0,CE,0.0,0.0,0.0,370.75,0.0,0,0.0,0,0,18-APR-2022,
OPTSTK,BOSCHLTD,28-Apr-2022,19750.0,CE,0.0,0.0,0.0,331.7,0.0,0,0.0,0,0,18-APR-2022,
OPTSTK,BOSCHLTD,28-Apr-2022,20000.0,CE,0.0,0.0,0.0,296.3,0.0,0,0.0,0,0,18-APR-2022,
OPTSTK,BOSCHLTD,28-Apr-2022,20250.0,CE,0.0,0.0,0.0,264.3,0.0,0,0.0,0,0,18-APR-2022,
OPTSTK,BOSCHLTD,28-Apr-2022,20500.0,CE,0.0,0.0,0.0,235.45,0.0,0,0.0,0,0,18-APR-2022,
OPTSTK,BOSCHLTD,28-Apr-2022,20750.0,CE,0.0,0.0,0.0,209.45,0.0,0,0.0,0,0,18-APR-2022,
OPTSTK,BOSCHLTD,28-Apr-2022,21000.0,CE,0.0,0.0,0.0,186.05,0.0,0,0.0,0,0,18-APR-2022,
OPTSTK,BOSCHLTD,28-Apr-2022,21250.0,CE,0.0,0.0,0.0,165.05,0.0,0,0.0,0,0,18-APR-2022,
OPTSTK,BOSCHLTD,28-Apr-2022,10500.0,PE,0.0,0.0,0.0,10.95,0.0,0,0.0,0,0,18-APR-2022,
OPTSTK,BOSCHLTD,28-Apr-2022,10750.0,PE,0.0,0.0,0.0,15.5,0.0,0,0.0,0,0,18-APR-2022,
OPTSTK,BOSCHLTD,28-Apr-2022,11000.0,PE,0.0,0.0,0.0,21.55,0.0,0,0.0,0,0,18-APR-2022,
OPTSTK,BOSCHLTD,28-Apr-2022,11250.0,PE,0.0,0.0,0.0,29.4,0.0,0,0.0,0,0,18-APR-2022,
OPTSTK,BOSCHLTD,28-Apr-2022,11500.0,PE,0.0,0.0,0.0,39.45,0.05,0,0.0,0,0,18-APR-2022,
OPTSTK,BOSCHLTD,28-Apr-2022,11750.0,PE,0.0,0.0,0.0,52.1,0.1,0,0.0,0,0,18-APR-2022,
OPTSTK,BOSCHLTD,28-Apr-2022,12000.0,PE,0.0,0.0,0.0,7.0,0.3,0,0.0,100,0,18-APR-2022,
OPTSTK,BOSCHLTD,28-Apr-2022,12250.0,PE,0.0,0.0,0.0,86.9,0.85,0,0.0,0,0,18-APR-2022,
OPTSTK,BOSCHLTD,28-Apr-2022,12500.0,PE,0.0,0.0,0.0,110.05,2.3,0,0.0,0,0,18-APR-2022,
OPTSTK,BOSCHLTD,28-Apr-2022,12750.0,PE,0.0,0.0,0.0,137.6,5.6,0,0.0,0,0,18-APR-2022,
OPTSTK,BOSCHLTD,28-Apr-2022,13000.0,PE,30.0,40.0,21.05,21.05,12.6,8,52.13,2350,150,18-APR-2022,
OPTSTK,BOSCHLTD,28-Apr-2022,13250.0,PE,0.0,0.0,0.0,207.85,25.95,0,0.0,0,0,18-APR-2022,
OPTSTK,BOSCHLTD,28-Apr-2022,13500.0,PE,60.0,60.0,50.05,50.05,49.35,3,20.33,1750,-150,18-APR-2022,
OPTSTK,BOSCHLTD,28-Apr-2022,13750.0,PE,0.0,0.0,0.0,301.35,87.05,0,0.0,0,0,18-APR-2022,
OPTSTK,BOSCHLTD,28-Apr-2022,14000.0,PE,179.0,200.0,115.0,125.0,125.0,32,226.39,3350,300,18-APR-2022,
OPTSTK,BOSCHLTD,28-Apr-2022,14250.0,PE,0.0,0.0,0.0,203.0,222.95,0,0.0,50,0,18-APR-2022,
OPTSTK,BOSCHLTD,28-Apr-2022,14500.0,PE,337.85,374.2,221.0,221.0,221.0,25,185.23,1200,-650,18-APR-2022,
OPTSTK,BOSCHLTD,28-Apr-2022,14750.0,PE,0.0,0.0,0.0,569.35,459.8,0,0.0,0,0,18-APR-2022,
OPTSTK,BOSCHLTD,28-Apr-2022,15000.0,PE,610.0,610.0,589.75,589.75,617.2,2,15.59,2250,-100,18-APR-2022,
OPTSTK,BOSCHLTD,28-Apr-2022,15250.0,PE,0.0,0.0,0.0,748.7,798.6,0,0.0,0,0,18-APR-2022,
OPTSTK,BOSCHLTD,28-Apr-2022,15500.0,PE,955.7,955.7,955.7,955.7,955.7,2,16.45,1850,100,18-APR-2022,
OPTSTK,BOSCHLTD,28-Apr-2022,15750.0,PE,0.0,0.0,0.0,959.5,1214.05,0,0.0,0,0,18-APR-2022,
OPTSTK,BOSCHLTD,28-Apr-2022,16000.0,PE,0.0,0.0,0.0,1078.6,1441.45,0,0.0,550,0,18-APR-2022,
OPTSTK,BOSCHLTD,28-Apr-2022,16250.0,PE,0.0,0.0,0.0,1201.55,1677.15,0,0.0,0,0,18-APR-2022,
OPTSTK,BOSCHLTD,28-Apr-2022,16500.0,PE,0.0,0.0,0.0,1334.15,1918.45,0,0.0,0,0,18-APR-2022,
OPTSTK,BOSCHLTD,28-Apr-2022,16750.0,PE,0.0,0.0,0.0,1474.2,2163.3,0,0.0,0,0,18-APR-2022,
OPTSTK,BOSCHLTD,28-Apr-2022,17000.0,PE,0.0,0.0,0.0,1621.55,2410.3,0,0.0,0,0,18-APR-2022,
OPTSTK,BOSCHLTD,28-Apr-2022,17250.0,PE,0.0,0.0,0.0,1775.9,2658.6,0,0.0,0,0,18-APR-2022,
OPTSTK,BOSCHLTD,28-Apr-2022,17500.0,PE,0.0,0.0,0.0,1937.05,2907.55,0,0.0,0,0,18-APR-2022,
OPTSTK,BOSCHLTD,28-Apr-2022,17750.0,PE,0.0,0.0,0.0,2104.7,3156.9,0,0.0,0,0,18-APR-2022,
OPTSTK,BOSCHLTD,28-Apr-2022,18000.0,PE,0.0,0.0,0.0,2278.55,3406.45,0,0.0,0,0,18-APR-2022,
OPTSTK,BOSCHLTD,28-Apr-2022,18250.0,PE,0.0,0.0,0.0,2458.3,3656.1,0,0.0,0,0,18-APR-2022,
OPTSTK,BOSCHLTD,28-Apr-2022,18500.0,PE,0.0,0.0,0.0,2644.45,3905.8,0,0.0,0,0,18-APR-2022,
OPTSTK,BOSCHLTD,28-Apr-2022,18750.0,PE,0.0,0.0,0.0,2835.15,4155.5,0,0.0,0,0,18-APR-2022,
OPTSTK,BOSCHLTD,28-Apr-2022,19000.0,PE,0.0,0.0,0.0,3030.8,4405.2,0,0.0,0,0,18-APR-2022,
OPTSTK,BOSCHLTD,28-Apr-2022,19250.0,PE,0.0,0.0,0.0,3230.3,4654.9,0,0.0,0,0,18-APR-2022,
OPTSTK,BOSCHLTD,28-Apr-2022,19500.0,PE,0.0,0.0,0.0,3434.65,4904.65,0,0.0,0,0,18-APR-2022,
OPTSTK,BOSCHLTD,28-Apr-2022,19750.0,PE,0.0,0.0,0.0,3643.0,5154.35,0,0.0,0,0,18-APR-2022,
OPTSTK,BOSCHLTD,28-Apr-2022,20000.0,PE,0.0,0.0,0.0,3855.0,5404.05,0,0.0,0,0,18-APR-2022,
OPTSTK,BOSCHLTD,28-Apr-2022,20250.0,PE,0.0,0.0,0.0,4070.4,5653.8,0,0.0,0,0,18-APR-2022,
OPTSTK,BOSCHLTD,28-Apr-2022,20500.0,PE,0.0,0.0,0.0,4288.95,5903.5,0,0.0,0,0,18-APR-2022,
OPTSTK,BOSCHLTD,28-Apr-2022,20750.0,PE,0.0,0.0,0.0,4510.35,6153.2,0,0.0,0,0,18-APR-2022,
OPTSTK,BOSCHLTD,28-Apr-2022,21000.0,PE,0.0,0.0,0.0,4734.35,6402.95,0,0.0,0,0,18-APR-2022,
OPTSTK,BOSCHLTD,28-Apr-2022,21250.0,PE,0.0,0.0,0.0,4960.75,6652.65,0,0.0,0,0,18-APR-2022,
OPTSTK,BOSCHLTD,26-May-2022,10500.0,CE,0.0,0.0,0.0,4652.85,4121.7,0,0.0,0,0,18-APR-2022,
OPTSTK,BOSCHLTD,26-May-2022,10750.0,CE,0.0,0.0,0.0,4415.5,3874.35,0,0.0,0,0,18-APR-2022,
OPTSTK,BOSCHLTD,26-May-2022,11000.0,CE,0.0,0.0,0.0,4181.0,3628.05,0,0.0,0,0,18-APR-2022,
OPTSTK,BOSCHLTD,26-May-2022,11250.0,CE,0.0,0.0,0.0,3949.9,3383.25,0,0.0,0,0,18-APR-2022,
OPTSTK,BOSCHLTD,26-May-2022,11500.0,CE,0.0,0.0,0.0,3722.8,3140.7,0,0.0,0,0,18-APR-2022,
OPTSTK,BOSCHLTD,26-May-2022,11750.0,CE,0.0,0.0,0.0,3500.15,2901.15,0,0.0,0,0,18-APR-2022,
OPTSTK,BOSCHLTD,26-May-2022,12000.0,CE,0.0,0.0,0.0,3282.7,2665.65,0,0.0,0,0,18-APR-2022,
OPTSTK,BOSCHLTD,26-May-2022,12250.0,CE,0.0,0.0,0.0,3070.85,2435.3,0,0.0,0,0,18-APR-2022,
OPTSTK,BOSCHLTD,26-May-2022,12500.0,CE,0.0,0.0,0.0,2865.3,2211.35,0,0.0,0,0,18-APR-2022,
OPTSTK,BOSCHLTD,26-May-2022,12750.0,CE,0.0,0.0,0.0,2666.45,1995.15,0,0.0,0,0,18-APR-2022,
OPTSTK,BOSCHLTD,26-May-2022,13000.0,CE,0.0,0.0,0.0,2474.85,1787.95,0,0.0,0,0,18-APR-2022,
OPTSTK,BOSCHLTD,26-May-2022,13250.0,CE,0.0,0.0,0.0,2291.25,1591.0,0,0.0,0,0,18-APR-2022,
OPTSTK,BOSCHLTD,26-May-2022,13500.0,CE,0.0,0.0,0.0,2115.1,1405.85,0,0.0,0,0,18-APR-2022,
OPTSTK,BOSCHLTD,26-May-2022,13750.0,CE,0.0,0.0,0.0,1946.8,1232.0,0,0.0,0,0,18-APR-2022,
OPTSTK,BOSCHLTD,26-May-2022,14000.0,CE,0.0,0.0,0.0,1787.65,1072.0,0,0.0,0,0,18-APR-2022,
OPTSTK,BOSCHLTD,26-May-2022,14250.0,CE,0.0,0.0,0.0,1637.2,925.6,0,0.0,0,0,18-APR-2022,
OPTSTK,BOSCHLTD,26-May-2022,14500.0,CE,0.0,0.0,0.0,1495.5,792.95,0,0.0,0,0,18-APR-2022,
OPTSTK,BOSCHLTD,26-May-2022,14750.0,CE,0.0,0.0,0.0,1362.45,673.9,0,0.0,0,0,18-APR-2022,
OPTSTK,BOSCHLTD,26-May-2022,15000.0,CE,400.0,400.0,400.0,400.0,568.25,1,7.7,100,50,18-APR-2022,
OPTSTK,BOSCHLTD,26-May-2022,15250.0,CE,0.0,0.0,0.0,1178.3,475.45,0,0.0,50,0,18-APR-2022,
OPTSTK,BOSCHLTD,26-May-2022,15500.0,CE,0.0,0.0,0.0,1014.6,394.7,0,0.0,0,0,18-APR-2022,
OPTSTK,BOSCHLTD,26-May-2022,15750.0,CE,0.0,0.0,0.0,915.1,325.15,0,0.0,0,0,18-APR-2022,
OPTSTK,BOSCHLTD,26-May-2022,16000.0,CE,0.0,0.0,0.0,823.35,266.75,0,0.0,0,0,18-APR-2022,
OPTSTK,BOSCHLTD,26-May-2022,16250.0,CE,0.0,0.0,0.0,739.05,216.1,0,0.0,0,0,18-APR-2022,
OPTSTK,BOSCHLTD,26-May-2022,16500.0,CE,0.0,0.0,0.0,661.85,174.15,0,0.0,0,0,18-APR-2022,
OPTSTK,BOSCHLTD,26-May-2022,16750.0,CE,0.0,0.0,0.0,591.4,139.35,0,0.0,0,0,18-APR-2022,
OPTSTK,BOSCHLTD,26-May-2022,17000.0,CE,0.0,0.0,0.0,528.05,110.7,0,0.0,0,0,18-APR-2022,
OPTSTK,BOSCHLTD,26-May-2022,17250.0,CE,0.0,0.0,0.0,470.05,87.35,0,0.0,0,0,18-APR-2022,
OPTSTK,BOSCHLTD,26-May-2022,17500.0,CE,0.0,0.0,0.0,417.65,68.45,0,0.0,0,0,18-APR-2022,
OPTSTK,BOSCHLTD,26-May-2022,17750.0,CE,0.0,0.0,0.0,369.65,53.3,0,0.0,0,0,18-APR-2022,
OPTSTK,BOSCHLTD,26-May-2022,18000.0,CE,0.0,0.0,0.0,100.0,41.2,0,0.0,50,0,18-APR-2022,
OPTSTK,BOSCHLTD,26-May-2022,18250.0,CE,0.0,0.0,0.0,288.6,31.7,0,0.0,0,0,18-APR-2022,
OPTSTK,BOSCHLTD,26-May-2022,18500.0,CE,0.0,0.0,0.0,254.3,24.2,0,0.0,0,0,18-APR-2022,
OPTSTK,BOSCHLTD,26-May-2022,18750.0,CE,0.0,0.0,0.0,223.7,18.4,0,0.0,0,0,18-APR-2022,
OPTSTK,BOSCHLTD,26-May-2022,19000.0,CE,0.0,0.0,0.0,196.4,13.9,0,0.0,0,0,18-APR-2022,
OPTSTK,BOSCHLTD,26-May-2022,19250.0,CE,0.0,0.0,0.0,172.1,10.45,0,0.0,0,0,18-APR-2022,
OPTSTK,BOSCHLTD,26-May-2022,19500.0,CE,0.0,0.0,0.0,150.6,7.8,0,0.0,0,0,18-APR-2022,
OPTSTK,BOSCHLTD,26-May-2022,19750.0,CE,0.0,0.0,0.0,131.55,5.8,0,0.0,0,0,18-APR-2022,
OPTSTK,BOSCHLTD,26-May-2022,20000.0,CE,0.0,0.0,0.0,114.75,4.3,0,0.0,0,0,18-APR-2022,
OPTSTK,BOSCHLTD,26-May-2022,20250.0,CE,0.0,0.0,0.0,99.95,3.15,0,0.0,0,0,18-APR-2022,
OPTSTK,BOSCHLTD,26-May-2022,20500.0,CE,0.0,0.0,0.0,86.9,2.35,0,0.0,0,0,18-APR-2022,
OPTSTK,BOSCHLTD,26-May-2022,20750.0,CE,0.0,0.0,0.0,75.45,1.7,0,0.0,0,0,18-APR-2022,
OPTSTK,BOSCHLTD,26-May-2022,21000.0,CE,0.0,0.0,0.0,65.45,1.25,0,0.0,0,0,18-APR-2022,
OPTSTK,BOSCHLTD,26-May-2022,21250.0,CE,0.0,0.0,0.0,56.7,0.9,0,0.0,0,0,18-APR-2022,
OPTSTK,BOSCHLTD,26-May-2022,10500.0,PE,0.0,0.0,0.0,26.3,1.9,0,0.0,0,0,18-APR-2022,
OPTSTK,BOSCHLTD,26-May-2022,10750.0,PE,0.0,0.0,0.0,36.35,3.45,0,0.0,0,0,18-APR-2022,
OPTSTK,BOSCHLTD,26-May-2022,11000.0,PE,0.0,0.0,0.0,49.25,6.0,0,0.0,0,0,18-APR-2022,
OPTSTK,BOSCHLTD,26-May-2022,11250.0,PE,0.0,0.0,0.0,65.5,10.15,0,0.0,0,0,18-APR-2022,
OPTSTK,BOSCHLTD,26-May-2022,11500.0,PE,0.0,0.0,0.0,85.75,16.45,0,0.0,0,0,18-APR-2022,
OPTSTK,BOSCHLTD,26-May-2022,11750.0,PE,0.0,0.0,0.0,110.55,25.85,0,0.0,0,0,18-APR-2022,
OPTSTK,BOSCHLTD,26-May-2022,12000.0,PE,0.0,0.0,0.0,140.45,39.2,0,0.0,0,0,18-APR-2022,
OPTSTK,BOSCHLTD,26-May-2022,12250.0,PE,0.0,0.0,0.0,176.0,57.75,0,0.0,0,0,18-APR-2022,
OPTSTK,BOSCHLTD,26-May-2022,12500.0,PE,0.0,0.0,0.0,217.8,82.75,0,0.0,0,0,18-APR-2022,
OPTSTK,BOSCHLTD,26-May-2022,12750.0,PE,0.0,0.0,0.0,266.35,115.4,0,0.0,0,0,18-APR-2022,
OPTSTK,BOSCHLTD,26-May-2022,13000.0,PE,0.0,0.0,0.0,322.1,157.1,0,0.0,0,0,18-APR-2022,
OPTSTK,BOSCHLTD,26-May-2022,13250.0,PE,0.0,0.0,0.0,385.95,209.05,0,0.0,0,0,18-APR-2022,
OPTSTK,BOSCHLTD,26-May-2022,13500.0,PE,200.0,200.0,200.0,200.0,272.8,1,6.85,50,50,18-APR-2022,
OPTSTK,BOSCHLTD,26-May-2022,13750.0,PE,0.0,0.0,0.0,536.2,347.85,0,0.0,0,0,18-APR-2022,
OPTSTK,BOSCHLTD,26-May-2022,14000.0,PE,0.0,0.0,0.0,624.5,436.75,0,0.0,0,0,18-APR-2022,
OPTSTK,BOSCHLTD,26-May-2022,14250.0,PE,0.0,0.0,0.0,721.4,539.25,0,0.0,0,0,18-APR-2022,
OPTSTK,BOSCHLTD,26-May-2022,14500.0,PE,0.0,0.0,0.0,827.1,655.45,0,0.0,0,0,18-APR-2022,
OPTSTK,BOSCHLTD,26-May-2022,14750.0,PE,0.0,0.0,0.0,941.45,785.3,0,0.0,0,0,18-APR-2022,
OPTSTK,BOSCHLTD,26-May-2022,15000.0,PE,0.0,0.0,0.0,600.0,928.6,0,0.0,150,0,18-APR-2022,
OPTSTK,BOSCHLTD,26-May-2022,15250.0,PE,0.0,0.0,0.0,1195.9,1084.7,0,0.0,0,0,18-APR-2022,
OPTSTK,BOSCHLTD,26-May-2022,15500.0,PE,0.0,0.0,0.0,1335.7,1252.85,0,0.0,0,0,18-APR-2022,
OPTSTK,BOSCHLTD,26-May-2022,15750.0,PE,0.0,0.0,0.0,1483.6,1432.2,0,0.0,0,0,18-APR-2022,
OPTSTK,BOSCHLTD,26-May-2022,16000.0,PE,0.0,0.0,0.0,1639.25,1622.65,0,0.0,0,0,18-APR-2022,
OPTSTK,BOSCHLTD,26-May-2022,16250.0,PE,0.0,0.0,0.0,1802.35,1820.9,0,0.0,0,0,18-APR-2022,
OPTSTK,BOSCHLTD,26-May-2022,16500.0,PE,0.0,0.0,0.0,1972.55,2027.85,0,0.0,0,0,18-APR-2022,
OPTSTK,BOSCHLTD,26-May-2022,16750.0,PE,0.0,0.0,0.0,2149.45,2241.95,0,0.0,0,0,18-APR-2022,
OPTSTK,BOSCHLTD,26-May-2022,17000.0,PE,0.0,0.0,0.0,2333.45,2462.2,0,0.0,0,0,18-APR-2022,
OPTSTK,BOSCHLTD,26-May-2022,17250.0,PE,0.0,0.0,0.0,2522.85,2687.75,0,0.0,0,0,18-APR-2022,
OPTSTK,BOSCHLTD,26-May-2022,17500.0,PE,0.0,0.0,0.0,2717.85,2917.75,0,0.0,0,0,18-APR-2022,
OPTSTK,BOSCHLTD,26-May-2022,17750.0,PE,0.0,0.0,0.0,2917.2,3151.45,0,0.0,0,0,18-APR-2022,
OPTSTK,BOSCHLTD,26-May-2022,18000.0,PE,0.0,0.0,0.0,3121.9,3388.3,0,0.0,0,0,18-APR-2022,
OPTSTK,BOSCHLTD,26-May-2022,18250.0,PE,0.0,0.0,0.0,3330.95,3627.65,0,0.0,0,0,18-APR-2022,
OPTSTK,BOSCHLTD,26-May-2022,18500.0,PE,0.0,0.0,0.0,3544.05,3869.1,0,0.0,0,0,18-APR-2022,
OPTSTK,BOSCHLTD,26-May-2022,18750.0,PE,0.0,0.0,0.0,3760.8,4112.15,0,0.0,0,0,18-APR-2022,
OPTSTK,BOSCHLTD,26-May-2022,19000.0,PE,0.0,0.0,0.0,3980.9,4356.55,0,0.0,0,0,18-APR-2022,
OPTSTK,BOSCHLTD,26-May-2022,19250.0,PE,0.0,0.0,0.0,4204.0,4602.0,0,0.0,0,0,18-APR-2022,
OPTSTK,BOSCHLTD,26-May-2022,19500.0,PE,0.0,0.0,0.0,4429.85,4848.25,0,0.0,0,0,18-APR-2022,
OPTSTK,BOSCHLTD,26-May-2022,19750.0,PE,0.0,0.0,0.0,4658.2,5095.15,0,0.0,0,0,18-APR-2022,
OPTSTK,BOSCHLTD,26-May-2022,20000.0,PE,0.0,0.0,0.0,4888.8,5342.55,0,0.0,0,0,18-APR-2022,
OPTSTK,BOSCHLTD,26-May-2022,20250.0,PE,0.0,0.0,0.0,5121.35,5590.3,0,0.0,0,0,18-APR-2022,
OPTSTK,BOSCHLTD,26-May-2022,20500.0,PE,0.0,0.0,0.0,5355.7,5838.35,0,0.0,0,0,18-APR-2022,
OPTSTK,BOSCHLTD,26-May-2022,20750.0,PE,0.0,0.0,0.0,5591.65,6086.65,0,0.0,0,0,18-APR-2022,
OPTSTK,BOSCHLTD,26-May-2022,21000.0,PE,0.0,0.0,0.0,5829.0,6335.1,0,0.0,0,0,18-APR-2022,
OPTSTK,BOSCHLTD,26-May-2022,21250.0,PE,0.0,0.0,0.0,6067.65,6583.65,0,0.0,0,0,18-APR-2022,
OPTSTK,BOSCHLTD,30-Jun-2022,10500.0,CE,0.0,0.0,0.0,4096.85,4183.45,0,0.0,0,0,18-APR-2022,
OPTSTK,BOSCHLTD,30-Jun-2022,10750.0,CE,0.0,0.0,0.0,3865.8,3944.75,0,0.0,0,0,18-APR-2022,
OPTSTK,BOSCHLTD,30-Jun-2022,11000.0,CE,0.0,0.0,0.0,3638.85,3709.1,0,0.0,0,0,18-APR-2022,
OPTSTK,BOSCHLTD,30-Jun-2022,11250.0,CE,0.0,0.0,0.0,3416.55,3477.15,0,0.0,0,0,18-APR-2022,
OPTSTK,BOSCHLTD,30-Jun-2022,11500.0,CE,0.0,0.0,0.0,3199.55,3249.6,0,0.0,0,0,18-APR-2022,
OPTSTK,BOSCHLTD,30-Jun-2022,11750.0,CE,0.0,0.0,0.0,2988.4,3027.2,0,0.0,0,0,18-APR-2022,
OPTSTK,BOSCHLTD,30-Jun-2022,12000.0,CE,0.0,0.0,0.0,2783.7,2810.6,0,0.0,0,0,18-APR-2022,
OPTSTK,BOSCHLTD,30-Jun-2022,12250.0,CE,0.0,0.0,0.0,2585.95,2600.65,0,0.0,0,0,18-APR-2022,
OPTSTK,BOSCHLTD,30-Jun-2022,12500.0,CE,0.0,0.0,0.0,2395.7,2397.95,0,0.0,0,0,18-APR-2022,
OPTSTK,BOSCHLTD,30-Jun-2022,12750.0,CE,0.0,0.0,0.0,2213.65,2203.15,0,0.0,0,0,18-APR-2022,
OPTSTK,BOSCHLTD,30-Jun-2022,13000.0,CE,0.0,0.0,0.0,2039.35,2017.35,0,0.0,0,0,18-APR-2022,
OPTSTK,BOSCHLTD,30-Jun-2022,13250.0,CE,0.0,0.0,0.0,1873.15,1839.95,0,0.0,0,0,18-APR-2022,
OPTSTK,BOSCHLTD,30-Jun-2022,13500.0,CE,0.0,0.0,0.0,1716.3,1671.6,0,0.0,0,0,18-APR-2022,
OPTSTK,BOSCHLTD,30-Jun-2022,13750.0,CE,0.0,0.0,0.0,1568.3,1513.6,0,0.0,0,0,18-APR-2022,
OPTSTK,BOSCHLTD,30-Jun-2022,14000.0,CE,0.0,0.0,0.0,1429.25,1365.55,0,0.0,0,0,18-APR-2022,
OPTSTK,BOSCHLTD,30-Jun-2022,14250.0,CE,0.0,0.0,0.0,1299.05,1227.5,0,0.0,0,0,18-APR-2022,
OPTSTK,BOSCHLTD,30-Jun-2022,14500.0,CE,0.0,0.0,0.0,1177.55,1099.35,0,0.0,0,0,18-APR-2022,
OPTSTK,BOSCHLTD,30-Jun-2022,14750.0,CE,0.0,0.0,0.0,1064.7,981.15,0,0.0,0,0,18-APR-2022,
OPTSTK,BOSCHLTD,30-Jun-2022,15000.0,CE,0.0,0.0,0.0,960.2,872.5,0,0.0,0,0,18-APR-2022,
OPTSTK,BOSCHLTD,30-Jun-2022,15250.0,CE,0.0,0.0,0.0,863.85,773.2,0,0.0,0,0,18-APR-2022,
OPTSTK,BOSCHLTD,30-Jun-2022,15500.0,CE,0.0,0.0,0.0,775.25,682.9,0,0.0,0,0,18-APR-2022,
OPTSTK,BOSCHLTD,30-Jun-2022,15750.0,CE,0.0,0.0,0.0,694.05,601.05,0,0.0,0,0,18-APR-2022,
OPTSTK,BOSCHLTD,30-Jun-2022,16000.0,CE,0.0,0.0,0.0,619.95,527.3,0,0.0,0,0,18-APR-2022,
OPTSTK,BOSCHLTD,30-Jun-2022,16250.0,CE,0.0,0.0,0.0,552.5,461.8,0,0.0,0,0,18-APR-2022,
OPTSTK,BOSCHLTD,30-Jun-2022,16500.0,CE,0.0,0.0,0.0,492.1,402.85,0,0.0,0,0,18-APR-2022,
OPTSTK,BOSCHLTD,30-Jun-2022,16750.0,CE,0.0,0.0,0.0,436.95,349.8,0,0.0,0,0,18-APR-2022,
OPTSTK,BOSCHLTD,30-Jun-2022,17000.0,CE,0.0,0.0,0.0,386.6,303.2,0,0.0,0,0,18-APR-2022,
OPTSTK,BOSCHLTD,30-Jun-2022,17250.0,CE,0.0,0.0,0.0,341.7,262.0,0,0.0,0,0,18-APR-2022,
OPTSTK,BOSCHLTD,30-Jun-2022,17500.0,CE,0.0,0.0,0.0,301.45,225.8,0,0.0,0,0,18-APR-2022,
OPTSTK,BOSCHLTD,30-Jun-2022,17750.0,CE,0.0,0.0,0.0,265.4,194.0,0,0.0,0,0,18-APR-2022,
OPTSTK,BOSCHLTD,30-Jun-2022,18000.0,CE,0.0,0.0,0.0,233.25,166.25,0,0.0,0,0,18-APR-2022,
OPTSTK,BOSCHLTD,30-Jun-2022,18250.0,CE,0.0,0.0,0.0,204.65,142.1,0,0.0,0,0,18-APR-2022,
OPTSTK,BOSCHLTD,30-Jun-2022,18500.0,CE,0.0,0.0,0.0,179.2,121.15,0,0.0,0,0,18-APR-2022,
OPTSTK,BOSCHLTD,30-Jun-2022,18750.0,CE,0.0,0.0,0.0,156.65,103.05,0,0.0,0,0,18-APR-2022,
OPTSTK,BOSCHLTD,30-Jun-2022,19000.0,CE,0.0,0.0,0.0,136.75,87.4,0,0.0,0,0,18-APR-2022,
OPTSTK,BOSCHLTD,30-Jun-2022,19250.0,CE,0.0,0.0,0.0,119.15,74.0,0,0.0,0,0,18-APR-2022,
OPTSTK,BOSCHLTD,30-Jun-2022,19500.0,CE,0.0,0.0,0.0,103.65,62.5,0,0.0,0,0,18-APR-2022,
OPTSTK,BOSCHLTD,30-Jun-2022,19750.0,CE,0.0,0.0,0.0,90.05,52.65,0,0.0,0,0,18-APR-2022,
OPTSTK,BOSCHLTD,30-Jun-2022,20000.0,CE,0.0,0.0,0.0,78.1,44.3,0,0.0,0,0,18-APR-2022,
OPTSTK,BOSCHLTD,30-Jun-2022,20250.0,CE,0.0,0.0,0.0,67.7,37.15,0,0.0,0,0,18-APR-2022,
OPTSTK,BOSCHLTD,30-Jun-2022,20500.0,CE,0.0,0.0,0.0,58.55,31.15,0,0.0,0,0,18-APR-2022,
OPTSTK,BOSCHLTD,30-Jun-2022,10500.0,PE,0.0,0.0,0.0,47.9,21.1,0,0.0,0,0,18-APR-2022,
OPTSTK,BOSCHLTD,30-Jun-2022,10750.0,PE,0.0,0.0,0.0,64.25,30.3,0,0.0,0,0,18-APR-2022,
OPTSTK,BOSCHLTD,30-Jun-2022,11000.0,PE,0.0,0.0,0.0,84.65,42.55,0,0.0,0,0,18-APR-2022,
OPTSTK,BOSCHLTD,30-Jun-2022,11250.0,PE,0.0,0.0,0.0,109.75,58.5,0,0.0,0,0,18-APR-2022,
OPTSTK,BOSCHLTD,30-Jun-2022,11500.0,PE,0.0,0.0,0.0,140.1,78.85,0,0.0,0,0,18-APR-2022,
OPTSTK,BOSCHLTD,30-Jun-2022,11750.0,PE,0.0,0.0,0.0,176.35,104.3,0,0.0,0,0,18-APR-2022,
OPTSTK,BOSCHLTD,30-Jun-2022,12000.0,PE,0.0,0.0,0.0,219.0,135.6,0,0.0,0,0,18-APR-2022,
OPTSTK,BOSCHLTD,30-Jun-2022,12250.0,PE,0.0,0.0,0.0,268.65,173.5,0,0.0,0,0,18-APR-2022,
OPTSTK,BOSCHLTD,30-Jun-2022,12500.0,PE,0.0,0.0,0.0,325.75,218.7,0,0.0,0,0,18-APR-2022,
OPTSTK,BOSCHLTD,30-Jun-2022,12750.0,PE,0.0,0.0,0.0,391.1,271.8,0,0.0,0,0,18-APR-2022,
OPTSTK,BOSCHLTD,30-Jun-2022,13000.0,PE,0.0,0.0,0.0,464.15,333.9,0,0.0,0,0,18-APR-2022,
OPTSTK,BOSCHLTD,30-Jun-2022,13250.0,PE,0.0,0.0,0.0,545.3,404.35,0,0.0,0,0,18-APR-2022,
OPTSTK,BOSCHLTD,30-Jun-2022,13500.0,PE,0.0,0.0,0.0,635.85,483.85,0,0.0,0,0,18-APR-2022,
OPTSTK,BOSCHLTD,30-Jun-2022,13750.0,PE,0.0,0.0,0.0,735.25,573.8,0,0.0,0,0,18-APR-2022,
OPTSTK,BOSCHLTD,30-Jun-2022,14000.0,PE,0.0,0.0,0.0,843.55,673.6,0,0.0,0,0,18-APR-2022,
OPTSTK,BOSCHLTD,30-Jun-2022,14250.0,PE,0.0,0.0,0.0,960.7,783.45,0,0.0,0,0,18-APR-2022,
OPTSTK,BOSCHLTD,30-Jun-2022,14500.0,PE,0.0,0.0,0.0,1086.55,903.2,0,0.0,0,0,18-APR-2022,
OPTSTK,BOSCHLTD,30-Jun-2022,14750.0,PE,0.0,0.0,0.0,1221.1,1032.85,0,0.0,0,0,18-APR-2022,
OPTSTK,BOSCHLTD,30-Jun-2022,15000.0,PE,0.0,0.0,0.0,1364.0,1172.1,0,0.0,0,0,18-APR-2022,
OPTSTK,BOSCHLTD,30-Jun-2022,15250.0,PE,0.0,0.0,0.0,1515.0,1320.7,0,0.0,0,0,18-APR-2022,
OPTSTK,BOSCHLTD,30-Jun-2022,15500.0,PE,0.0,0.0,0.0,1673.75,1478.25,0,0.0,0,0,18-APR-2022,
OPTSTK,BOSCHLTD,30-Jun-2022,15750.0,PE,0.0,0.0,0.0,1839.95,1644.3,0,0.0,0,0,18-APR-2022,
OPTSTK,BOSCHLTD,30-Jun-2022,16000.0,PE,0.0,0.0,0.0,2013.2,1818.45,0,0.0,0,0,18-APR-2022,
OPTSTK,BOSCHLTD,30-Jun-2022,16250.0,PE,0.0,0.0,0.0,2193.15,2000.8,0,0.0,0,0,18-APR-2022,
OPTSTK,BOSCHLTD,30-Jun-2022,16500.0,PE,0.0,0.0,0.0,2380.1,2189.75,0,0.0,0,0,18-APR-2022,
OPTSTK,BOSCHLTD,30-Jun-2022,16750.0,PE,0.0,0.0,0.0,2572.3,2384.6,0,0.0,0,0,18-APR-2022,
OPTSTK,BOSCHLTD,30-Jun-2022,17000.0,PE,0.0,0.0,0.0,2769.35,2585.85,0,0.0,0,0,18-APR-2022,
OPTSTK,BOSCHLTD,30-Jun-2022,17250.0,PE,0.0,0.0,0.0,2971.85,2792.55,0,0.0,0,0,18-APR-2022,
OPTSTK,BOSCHLTD,30-Jun-2022,17500.0,PE,0.0,0.0,0.0,3178.95,3004.2,0,0.0,0,0,18-APR-2022,
OPTSTK,BOSCHLTD,30-Jun-2022,17750.0,PE,0.0,0.0,0.0,3390.25,3220.35,0,0.0,0,0,18-APR-2022,
OPTSTK,BOSCHLTD,30-Jun-2022,18000.0,PE,0.0,0.0,0.0,3605.5,3440.45,0,0.0,0,0,18-APR-2022,
OPTSTK,BOSCHLTD,30-Jun-2022,18250.0,PE,0.0,0.0,0.0,3824.2,3664.2,0,0.0,0,0,18-APR-2022,
OPTSTK,BOSCHLTD,30-Jun-2022,18500.0,PE,0.0,0.0,0.0,4046.15,3891.15,0,0.0,0,0,18-APR-2022,
OPTSTK,BOSCHLTD,30-Jun-2022,18750.0,PE,0.0,0.0,0.0,4271.0,4120.9,0,0.0,0,0,18-APR-2022,
OPTSTK,BOSCHLTD,30-Jun-2022,19000.0,PE,0.0,0.0,0.0,4498.45,4353.15,0,0.0,0,0,18-APR-2022,
OPTSTK,BOSCHLTD,30-Jun-2022,19250.0,PE,0.0,0.0,0.0,4728.2,4587.6,0,0.0,0,0,18-APR-2022,
OPTSTK,BOSCHLTD,30-Jun-2022,19500.0,PE,0.0,0.0,0.0,4960.1,4824.0,0,0.0,0,0,18-APR-2022,
OPTSTK,BOSCHLTD,30-Jun-2022,19750.0,PE,0.0,0.0,0.0,5193.9,5062.05,0,0.0,0,0,18-APR-2022,
OPTSTK,BOSCHLTD,30-Jun-2022,20000.0,PE,0.0,0.0,0.0,5429.3,5301.55,0,0.0,0,0,18-APR-2022,
OPTSTK,BOSCHLTD,30-Jun-2022,20250.0,PE,0.0,0.0,0.0,5666.25,5542.3,0,0.0,0,0,18-APR-2022,
OPTSTK,BOSCHLTD,30-Jun-2022,20500.0,PE,0.0,0.0,0.0,5904.5,5784.15,0,0.0,0,0,18-APR-2022,
OPTSTK,BPCL,28-Apr-2022,245.0,CE,0.0,0.0,0.0,139.95,127.05,0,0.0,0,0,18-APR-2022,
OPTSTK,BPCL,28-Apr-2022,250.0,CE,0.0,0.0,0.0,135.05,122.05,0,0.0,0,0,18-APR-2022,
OPTSTK,BPCL,28-Apr-2022,255.0,CE,0.0,0.0,0.0,130.2,117.05,0,0.0,0,0,18-APR-2022,
OPTSTK,BPCL,28-Apr-2022,260.0,CE,0.0,0.0,0.0,125.35,112.05,0,0.0,0,0,18-APR-2022,
OPTSTK,BPCL,28-Apr-2022,265.0,CE,0.0,0.0,0.0,120.55,107.05,0,0.0,0,0,18-APR-2022,
OPTSTK,BPCL,28-Apr-2022,270.0,CE,0.0,0.0,0.0,115.8,102.05,0,0.0,0,0,18-APR-2022,
OPTSTK,BPCL,28-Apr-2022,275.0,CE,0.0,0.0,0.0,111.05,97.1,0,0.0,0,0,18-APR-2022,
OPTSTK,BPCL,28-Apr-2022,280.0,CE,0.0,0.0,0.0,106.35,92.1,0,0.0,0,0,18-APR-2022,
OPTSTK,BPCL,28-Apr-2022,285.0,CE,0.0,0.0,0.0,101.7,87.1,0,0.0,0,0,18-APR-2022,
OPTSTK,BPCL,28-Apr-2022,290.0,CE,0.0,0.0,0.0,97.15,82.1,0,0.0,0,0,18-APR-2022,
OPTSTK,BPCL,28-Apr-2022,295.0,CE,0.0,0.0,0.0,92.65,77.1,0,0.0,0,0,18-APR-2022,
OPTSTK,BPCL,28-Apr-2022,300.0,CE,0.0,0.0,0.0,83.0,72.1,0,0.0,3600,0,18-APR-2022,
OPTSTK,BPCL,28-Apr-2022,305.0,CE,0.0,0.0,0.0,83.85,67.1,0,0.0,0,0,18-APR-2022,
OPTSTK,BPCL,28-Apr-2022,310.0,CE,0.0,0.0,0.0,79.55,62.15,0,0.0,0,0,18-APR-2022,
OPTSTK,BPCL,28-Apr-2022,315.0,CE,0.0,0.0,0.0,75.4,57.15,0,0.0,0,0,18-APR-2022,
OPTSTK,BPCL,28-Apr-2022,320.0,CE,0.0,0.0,0.0,54.0,52.2,0,0.0,5400,0,18-APR-2022,
OPTSTK,BPCL,28-Apr-2022,325.0,CE,0.0,0.0,0.0,67.35,47.25,0,0.0,0,0,18-APR-2022,
OPTSTK,BPCL,28-Apr-2022,330.0,CE,0.0,0.0,0.0,59.5,42.4,0,0.0,10800,0,18-APR-2022,
OPTSTK,BPCL,28-Apr-2022,335.0,CE,0.0,0.0,0.0,50.05,37.6,0,0.0,3600,0,18-APR-2022,
OPTSTK,BPCL,28-Apr-2022,340.0,CE,0.0,0.0,0.0,44.9,32.95,0,0.0,45000,0,18-APR-2022,
OPTSTK,BPCL,28-Apr-2022,345.0,CE,0.0,0.0,0.0,41.35,28.5,0,0.0,5400,0,18-APR-2022,
OPTSTK,BPCL,28-Apr-2022,350.0,CE,23.35,23.85,23.35,23.85,23.85,3,20.17,160200,-1800,18-APR-2022,
OPTSTK,BPCL,28-Apr-2022,355.0,CE,0.0,0.0,0.0,35.55,20.3,0,0.0,144000,0,18-APR-2022,
OPTSTK,BPCL,28-Apr-2022,360.0,CE,18.4,19.0,14.75,15.8,15.8,19,128.69,250200,-3600,18-APR-2022,
OPTSTK,BPCL,28-Apr-2022,365.0,CE,14.45,14.45,10.8,11.6,11.6,8,54.36,102600,7200,18-APR-2022,
OPTSTK,BPCL,28-Apr-2022,370.0,CE,11.35,12.0,7.55,8.45,8.45,339,2314.1,410400,27000,18-APR-2022,
OPTSTK,BPCL,28-Apr-2022,375.0,CE,8.65,8.65,5.15,5.75,5.75,350,2401.34,207000,70200,18-APR-2022,
OPTSTK,BPCL,28-Apr-2022,380.0,CE,6.6,7.25,3.4,3.85,3.85,900,6230.03,1173600,45000,18-APR-2022,
OPTSTK,BPCL,28-Apr-2022,385.0,CE,5.5,5.5,2.35,2.65,2.65,463,3233.78,667800,97200,18-APR-2022,
OPTSTK,BPCL,28-Apr-2022,390.0,CE,3.05,3.55,1.7,1.9,1.9,715,5048.23,1182600,70200,18-APR-2022,
OPTSTK,BPCL,28-Apr-2022,395.0,CE,2.4,2.7,1.35,1.45,1.45,262,1870.78,358200,7200,18-APR-2022,
OPTSTK,BPCL,28-Apr-2022,400.0,CE,2.2,2.2,1.1,1.2,1.2,900,6502.43,2899800,-55800,18-APR-2022,
OPTSTK,BPCL,28-Apr-2022,405.0,CE,1.4,1.4,0.95,1.05,1.05,78,570.16,199800,14400,18-APR-2022,
OPTSTK,BPCL,28-Apr-2022,410.0,CE,1.3,1.3,0.75,0.9,0.9,374,2766.36,450000,-142200,18-APR-2022,
OPTSTK,BPCL,28-Apr-2022,415.0,CE,0.85,0.9,0.65,0.8,0.8,50,374.19,72000,-12600,18-APR-2022,
OPTSTK,BPCL,28-Apr-2022,420.0,CE,0.85,0.85,0.55,0.7,0.7,194,1468.96,622800,54000,18-APR-2022,
OPTSTK,BPCL,28-Apr-2022,425.0,CE,0.6,0.7,0.45,0.6,0.6,76,582.16,180000,0,18-APR-2022,
OPTSTK,BPCL,28-Apr-2022,430.0,CE,0.45,0.55,0.4,0.5,0.5,52,402.9,154800,7200,18-APR-2022,
OPTSTK,BPCL,28-Apr-2022,435.0,CE,0.0,0.0,0.0,12.75,0.1,0,0.0,0,0,18-APR-2022,
OPTSTK,BPCL,28-Apr-2022,440.0,CE,0.35,0.55,0.3,0.4,0.4,16,126.83,77400,9000,18-APR-2022,
OPTSTK,BPCL,28-Apr-2022,445.0,CE,0.0,0.0,0.0,10.55,0.05,0,0.0,0,0,18-APR-2022,
OPTSTK,BPCL,28-Apr-2022,450.0,CE,0.25,0.3,0.2,0.3,0.3,26,210.71,563400,-12600,18-APR-2022,
OPTSTK,BPCL,28-Apr-2022,455.0,CE,0.0,0.0,0.0,8.7,0.05,0,0.0,0,0,18-APR-2022,
OPTSTK,BPCL,28-Apr-2022,460.0,CE,0.0,0.0,0.0,7.9,0.0,0,0.0,0,0,18-APR-2022,
OPTSTK,BPCL,28-Apr-2022,465.0,CE,0.0,0.0,0.0,7.15,0.0,0,0.0,0,0,18-APR-2022,
OPTSTK,BPCL,28-Apr-2022,470.0,CE,0.0,0.0,0.0,6.45,0.0,0,0.0,0,0,18-APR-2022,
OPTSTK,BPCL,28-Apr-2022,475.0,CE,0.0,0.0,0.0,0.2,0.0,0,0.0,9000,0,18-APR-2022,
OPTSTK,BPCL,28-Apr-2022,480.0,CE,0.0,0.0,0.0,0.45,0.0,0,0.0,0,0,18-APR-2022,
OPTSTK,BPCL,28-Apr-2022,485.0,CE,0.0,0.0,0.0,4.75,0.0,0,0.0,0,0,18-APR-2022,
OPTSTK,BPCL,28-Apr-2022,490.0,CE,0.0,0.0,0.0,4.3,0.0,0,0.0,0,0,18-APR-2022,
OPTSTK,BPCL,28-Apr-2022,495.0,CE,0.0,0.0,0.0,3.85,0.0,0,0.0,0,0,18-APR-2022,
OPTSTK,BPCL,28-Apr-2022,500.0,CE,0.0,0.0,0.0,0.3,0.0,0,0.0,23400,0,18-APR-2022,
OPTSTK,BPCL,28-Apr-2022,505.0,CE,0.0,0.0,0.0,3.1,0.0,0,0.0,0,0,18-APR-2022,
OPTSTK,BPCL,28-Apr-2022,510.0,CE,0.0,0.0,0.0,2.8,0.0,0,0.0,0,0,18-APR-2022,
OPTSTK,BPCL,28-Apr-2022,515.0,CE,0.0,0.0,0.0,2.5,0.0,0,0.0,0,0,18-APR-2022,
OPTSTK,BPCL,28-Apr-2022,520.0,CE,0.0,0.0,0.0,2.25,0.0,0,0.0,0,0,18-APR-2022,
OPTSTK,BPCL,28-Apr-2022,525.0,CE,0.0,0.0,0.0,2.0,0.0,0,0.0,0,0,18-APR-2022,
OPTSTK,BPCL,28-Apr-2022,530.0,CE,0.0,0.0,0.0,1.8,0.0,0,0.0,0,0,18-APR-2022,
OPTSTK,BPCL,28-Apr-2022,535.0,CE,0.0,0.0,0.0,1.6,0.0,0,0.0,0,0,18-APR-2022,
OPTSTK,BPCL,28-Apr-2022,540.0,CE,0.0,0.0,0.0,0.05,0.0,0,0.0,1800,0,18-APR-2022,
OPTSTK,BPCL,28-Apr-2022,245.0,PE,0.0,0.0,0.0,0.1,0.0,0,0.0,10800,0,18-APR-2022,
OPTSTK,BPCL,28-Apr-2022,250.0,PE,0.0,0.0,0.0,0.25,0.0,0,0.0,0,0,18-APR-2022,
OPTSTK,BPCL,28-Apr-2022,255.0,PE,0.0,0.0,0.0,0.35,0.0,0,0.0,0,0,18-APR-2022,
OPTSTK,BPCL,28-Apr-2022,260.0,PE,0.0,0.0,0.0,0.45,0.0,0,0.0,0,0,18-APR-2022,
OPTSTK,BPCL,28-Apr-2022,265.0,PE,0.0,0.0,0.0,0.6,0.0,0,0.0,0,0,18-APR-2022,
OPTSTK,BPCL,28-Apr-2022,270.0,PE,0.0,0.0,0.0,0.75,0.0,0,0.0,0,0,18-APR-2022,
OPTSTK,BPCL,28-Apr-2022,275.0,PE,0.0,0.0,0.0,0.1,0.0,0,0.0,1800,0,18-APR-2022,
OPTSTK,BPCL,28-Apr-2022,280.0,PE,0.0,0.0,0.0,0.15,0.0,0,0.0,14400,0,18-APR-2022,
OPTSTK,BPCL,28-Apr-2022,285.0,PE,0.0,0.0,0.0,1.55,0.0,0,0.0,0,0,18-APR-2022,
OPTSTK,BPCL,28-Apr-2022,290.0,PE,0.0,0.0,0.0,1.9,0.0,0,0.0,0,0,18-APR-2022,
OPTSTK,BPCL,28-Apr-2022,295.0,PE,0.0,0.0,0.0,2.35,0.0,0,0.0,0,0,18-APR-2022,
OPTSTK,BPCL,28-Apr-2022,300.0,PE,0.45,0.55,0.35,0.45,0.45,47,254.17,392400,-7200,18-APR-2022,
OPTSTK,BPCL,28-Apr-2022,305.0,PE,0.0,0.0,0.0,0.5,0.05,0,0.0,7200,0,18-APR-2022,
OPTSTK,BPCL,28-Apr-2022,310.0,PE,0.0,0.0,0.0,0.55,0.05,0,0.0,34200,0,18-APR-2022,
OPTSTK,BPCL,28-Apr-2022,315.0,PE,0.0,0.0,0.0,4.9,0.05,0,0.0,0,0,18-APR-2022,
OPTSTK,BPCL,28-Apr-2022,320.0,PE,0.6,0.7,0.5,0.55,0.55,25,144.27,122400,-10800,18-APR-2022,
OPTSTK,BPCL,28-Apr-2022,325.0,PE,0.0,0.0,0.0,0.9,0.15,0,0.0,45000,0,18-APR-2022,
OPTSTK,BPCL,28-Apr-2022,330.0,PE,0.65,0.95,0.6,0.75,0.75,249,1482.66,300600,-28800,18-APR-2022,
OPTSTK,BPCL,28-Apr-2022,335.0,PE,0.95,1.0,0.7,0.9,0.9,79,477.61,138600,5400,18-APR-2022,
OPTSTK,BPCL,28-Apr-2022,340.0,PE,0.55,1.35,0.55,1.05,1.05,308,1891.15,315000,-39600,18-APR-2022,
OPTSTK,BPCL,28-Apr-2022,345.0,PE,1.15,1.55,1.05,1.25,1.25,72,448.72,129600,9000,18-APR-2022,
OPTSTK,BPCL,28-Apr-2022,350.0,PE,1.3,1.8,1.15,1.55,1.55,385,2435.92,601200,-25200,18-APR-2022,
OPTSTK,BPCL,28-Apr-2022,355.0,PE,1.5,2.25,1.45,1.85,1.85,357,2292.46,120600,-52200,18-APR-2022,
OPTSTK,BPCL,28-Apr-2022,360.0,PE,2.3,3.0,1.75,2.8,2.8,525,3424.04,453600,-72000,18-APR-2022,
OPTSTK,BPCL,28-Apr-2022,365.0,PE,2.4,4.2,2.4,3.95,3.95,236,1564.68,142200,-19800,18-APR-2022,
OPTSTK,BPCL,28-Apr-2022,370.0,PE,4.65,6.15,3.55,5.85,5.85,1579,10669.65,822600,268200,18-APR-2022,
OPTSTK,BPCL,28-Apr-2022,375.0,PE,6.2,8.65,5.35,8.05,8.05,512,3522.26,126000,-43200,18-APR-2022,
OPTSTK,BPCL,28-Apr-2022,380.0,PE,9.6,11.85,7.9,11.05,11.05,298,2089.84,529200,-5400,18-APR-2022,
OPTSTK,BPCL,28-Apr-2022,385.0,PE,13.0,15.0,11.95,14.95,14.95,10,71.65,171000,-1800,18-APR-2022,
OPTSTK,BPCL,28-Apr-2022,390.0,PE,16.3,19.65,15.15,19.25,19.25,15,110.26,275400,-5400,18-APR-2022,
OPTSTK,BPCL,28-Apr-2022,395.0,PE,24.45,24.45,21.75,23.1,23.1,6,45.15,19800,7200,18-APR-2022,
OPTSTK,BPCL,28-Apr-2022,400.0,PE,25.8,28.5,24.4,28.45,28.45,7,53.76,491400,-5400,18-APR-2022,
OPTSTK,BPCL,28-Apr-2022,405.0,PE,0.0,0.0,0.0,40.15,33.9,0,0.0,0,0,18-APR-2022,
OPTSTK,BPCL,28-Apr-2022,410.0,PE,0.0,0.0,0.0,24.0,38.5,0,0.0,21600,0,18-APR-2022,
OPTSTK,BPCL,28-Apr-2022,415.0,PE,0.0,0.0,0.0,46.65,43.25,0,0.0,0,0,18-APR-2022,
OPTSTK,BPCL,28-Apr-2022,420.0,PE,48.6,48.65,48.5,48.6,48.6,3,25.3,72000,-3600,18-APR-2022,
OPTSTK,BPCL,28-Apr-2022,425.0,PE,0.0,0.0,0.0,45.0,52.95,0,0.0,1800,0,18-APR-2022,
OPTSTK,BPCL,28-Apr-2022,430.0,PE,0.0,0.0,0.0,57.25,57.9,0,0.0,0,0,18-APR-2022,
OPTSTK,BPCL,28-Apr-2022,435.0,PE,0.0,0.0,0.0,61.0,62.85,0,0.0,0,0,18-APR-2022,
OPTSTK,BPCL,28-Apr-2022,440.0,PE,0.0,0.0,0.0,78.65,67.8,0,0.0,10800,0,18-APR-2022,
OPTSTK,BPCL,28-Apr-2022,445.0,PE,0.0,0.0,0.0,68.75,72.8,0,0.0,0,0,18-APR-2022,
OPTSTK,BPCL,28-Apr-2022,450.0,PE,0.0,0.0,0.0,68.45,77.75,0,0.0,451800,0,18-APR-2022,
OPTSTK,BPCL,28-Apr-2022,455.0,PE,0.0,0.0,0.0,88.0,82.75,0,0.0,1800,0,18-APR-2022,
OPTSTK,BPCL,28-Apr-2022,460.0,PE,0.0,0.0,0.0,80.9,87.75,0,0.0,0,0,18-APR-2022,
OPTSTK,BPCL,28-Apr-2022,465.0,PE,0.0,0.0,0.0,85.1,92.75,0,0.0,0,0,18-APR-2022,
OPTSTK,BPCL,28-Apr-2022,470.0,PE,0.0,0.0,0.0,93.6,97.75,0,0.0,3600,0,18-APR-2022,
OPTSTK,BPCL,28-Apr-2022,475.0,PE,0.0,0.0,0.0,93.7,102.75,0,0.0,0,0,18-APR-2022,
OPTSTK,BPCL,28-Apr-2022,480.0,PE,0.0,0.0,0.0,98.0,107.75,0,0.0,3600,0,18-APR-2022,
OPTSTK,BPCL,28-Apr-2022,485.0,PE,0.0,0.0,0.0,102.5,112.7,0,0.0,0,0,18-APR-2022,
OPTSTK,BPCL,28-Apr-2022,490.0,PE,0.0,0.0,0.0,107.0,117.7,0,0.0,0,0,18-APR-2022,
OPTSTK,BPCL,28-Apr-2022,495.0,PE,0.0,0.0,0.0,111.5,122.7,0,0.0,0,0,18-APR-2022,
OPTSTK,BPCL,28-Apr-2022,500.0,PE,0.0,0.0,0.0,135.0,127.7,0,0.0,3600,0,18-APR-2022,
OPTSTK,BPCL,28-Apr-2022,505.0,PE,0.0,0.0,0.0,120.65,132.7,0,0.0,0,0,18-APR-2022,
OPTSTK,BPCL,28-Apr-2022,510.0,PE,0.0,0.0,0.0,125.3,137.7,0,0.0,0,0,18-APR-2022,
OPTSTK,BPCL,28-Apr-2022,515.0,PE,0.0,0.0,0.0,129.95,142.7,0,0.0,0,0,18-APR-2022,
OPTSTK,BPCL,28-Apr-2022,520.0,PE,0.0,0.0,0.0,134.65,147.7,0,0.0,0,0,18-APR-2022,
OPTSTK,BPCL,28-Apr-2022,525.0,PE,0.0,0.0,0.0,139.35,152.7,0,0.0,0,0,18-APR-2022,
OPTSTK,BPCL,28-Apr-2022,530.0,PE,0.0,0.0,0.0,144.1,157.65,0,0.0,0,0,18-APR-2022,
OPTSTK,BPCL,28-Apr-2022,535.0,PE,0.0,0.0,0.0,148.85,162.65,0,0.0,0,0,18-APR-2022,
OPTSTK,BPCL,28-Apr-2022,540.0,PE,0.0,0.0,0.0,153.6,167.65,0,0.0,0,0,18-APR-2022,
OPTSTK,BPCL,26-May-2022,245.0,CE,0.0,0.0,0.0,91.7,127.85,0,0.0,0,0,18-APR-2022,
OPTSTK,BPCL,26-May-2022,250.0,CE,0.0,0.0,0.0,87.1,122.9,0,0.0,0,0,18-APR-2022,
OPTSTK,BPCL,26-May-2022,255.0,CE,0.0,0.0,0.0,82.55,117.9,0,0.0,0,0,18-APR-2022,
OPTSTK,BPCL,26-May-2022,260.0,CE,0.0,0.0,0.0,78.05,112.95,0,0.0,0,0,18-APR-2022,
OPTSTK,BPCL,26-May-2022,265.0,CE,0.0,0.0,0.0,73.7,108.0,0,0.0,0,0,18-APR-2022,
OPTSTK,BPCL,26-May-2022,270.0,CE,0.0,0.0,0.0,69.4,103.0,0,0.0,0,0,18-APR-2022,
OPTSTK,BPCL,26-May-2022,275.0,CE,0.0,0.0,0.0,65.2,98.1,0,0.0,0,0,18-APR-2022,
OPTSTK,BPCL,26-May-2022,280.0,CE,0.0,0.0,0.0,61.15,93.15,0,0.0,0,0,18-APR-2022,
OPTSTK,BPCL,26-May-2022,285.0,CE,0.0,0.0,0.0,57.25,88.25,0,0.0,0,0,18-APR-2022,
OPTSTK,BPCL,26-May-2022,290.0,CE,0.0,0.0,0.0,53.45,83.4,0,0.0,0,0,18-APR-2022,
OPTSTK,BPCL,26-May-2022,295.0,CE,0.0,0.0,0.0,49.8,78.55,0,0.0,0,0,18-APR-2022,
OPTSTK,BPCL,26-May-2022,300.0,CE,0.0,0.0,0.0,46.25,73.75,0,0.0,0,0,18-APR-2022,
OPTSTK,BPCL,26-May-2022,305.0,CE,0.0,0.0,0.0,42.9,69.05,0,0.0,0,0,18-APR-2022,
OPTSTK,BPCL,26-May-2022,310.0,CE,0.0,0.0,0.0,39.7,64.4,0,0.0,0,0,18-APR-2022,
OPTSTK,BPCL,26-May-2022,315.0,CE,0.0,0.0,0.0,36.65,59.85,0,0.0,0,0,18-APR-2022,
OPTSTK,BPCL,26-May-2022,320.0,CE,0.0,0.0,0.0,33.75,55.4,0,0.0,0,0,18-APR-2022,
OPTSTK,BPCL,26-May-2022,325.0,CE,0.0,0.0,0.0,31.05,51.1,0,0.0,0,0,18-APR-2022,
OPTSTK,BPCL,26-May-2022,330.0,CE,0.0,0.0,0.0,28.45,46.95,0,0.0,0,0,18-APR-2022,
OPTSTK,BPCL,26-May-2022,335.0,CE,0.0,0.0,0.0,26.05,42.9,0,0.0,0,0,18-APR-2022,
OPTSTK,BPCL,26-May-2022,340.0,CE,0.0,0.0,0.0,23.8,39.05,0,0.0,0,0,18-APR-2022,
OPTSTK,BPCL,26-May-2022,345.0,CE,0.0,0.0,0.0,21.7,35.4,0,0.0,0,0,18-APR-2022,
OPTSTK,BPCL,26-May-2022,350.0,CE,30.0,30.0,30.0,30.0,31.95,1,6.84,5400,1800,18-APR-2022,
OPTSTK,BPCL,26-May-2022,355.0,CE,0.0,0.0,0.0,17.9,28.7,0,0.0,0,0,18-APR-2022,
OPTSTK,BPCL,26-May-2022,360.0,CE,0.0,0.0,0.0,16.25,25.65,0,0.0,0,0,18-APR-2022,
OPTSTK,BPCL,26-May-2022,365.0,CE,0.0,0.0,0.0,14.65,22.8,0,0.0,0,0,18-APR-2022,
OPTSTK,BPCL,26-May-2022,370.0,CE,0.0,0.0,0.0,13.25,20.2,0,0.0,0,0,18-APR-2022,
OPTSTK,BPCL,26-May-2022,375.0,CE,0.0,0.0,0.0,11.95,17.75,0,0.0,0,0,18-APR-2022,
OPTSTK,BPCL,26-May-2022,380.0,CE,13.3,14.5,12.0,12.25,12.25,17,120.06,28800,23400,18-APR-2022,
OPTSTK,BPCL,26-May-2022,385.0,CE,0.0,0.0,0.0,14.05,13.6,0,0.0,10800,0,18-APR-2022,
OPTSTK,BPCL,26-May-2022,390.0,CE,9.0,9.2,8.0,8.55,8.55,4,28.7,63000,0,18-APR-2022,
OPTSTK,BPCL,26-May-2022,395.0,CE,9.65,9.65,9.65,9.65,10.2,1,7.28,27000,-1800,18-APR-2022,
OPTSTK,BPCL,26-May-2022,400.0,CE,8.0,8.2,6.05,6.3,6.3,63,461.17,207000,25200,18-APR-2022,
OPTSTK,BPCL,26-May-2022,405.0,CE,0.0,0.0,0.0,6.15,7.55,0,0.0,0,0,18-APR-2022,
OPTSTK,BPCL,26-May-2022,410.0,CE,0.0,0.0,0.0,7.75,6.4,0,0.0,7200,0,18-APR-2022,
OPTSTK,BPCL,26-May-2022,415.0,CE,0.0,0.0,0.0,4.9,5.45,0,0.0,0,0,18-APR-2022,
OPTSTK,BPCL,26-May-2022,420.0,CE,4.0,4.0,3.0,3.35,3.35,38,289.53,59400,-18000,18-APR-2022,
OPTSTK,BPCL,26-May-2022,425.0,CE,0.0,0.0,0.0,3.85,3.85,0,0.0,0,0,18-APR-2022,
OPTSTK,BPCL,26-May-2022,430.0,CE,0.0,0.0,0.0,3.4,3.25,0,0.0,0,0,18-APR-2022,
OPTSTK,BPCL,26-May-2022,435.0,CE,0.0,0.0,0.0,3.0,2.7,0,0.0,0,0,18-APR-2022,
OPTSTK,BPCL,26-May-2022,440.0,CE,0.0,0.0,0.0,2.65,2.25,0,0.0,0,0,18-APR-2022,
OPTSTK,BPCL,26-May-2022,445.0,CE,0.0,0.0,0.0,2.35,1.85,0,0.0,0,0,18-APR-2022,
OPTSTK,BPCL,26-May-2022,450.0,CE,2.0,2.0,1.5,1.7,1.7,5,40.65,64800,3600,18-APR-2022,
OPTSTK,BPCL,26-May-2022,455.0,CE,0.0,0.0,0.0,1.8,1.25,0,0.0,0,0,18-APR-2022,
OPTSTK,BPCL,26-May-2022,460.0,CE,0.0,0.0,0.0,1.6,1.05,0,0.0,0,0,18-APR-2022,
OPTSTK,BPCL,26-May-2022,465.0,CE,0.0,0.0,0.0,1.4,0.85,0,0.0,0,0,18-APR-2022,
OPTSTK,BPCL,26-May-2022,470.0,CE,0.0,0.0,0.0,1.25,0.7,0,0.0,0,0,18-APR-2022,
OPTSTK,BPCL,26-May-2022,475.0,CE,0.0,0.0,0.0,1.1,0.55,0,0.0,0,0,18-APR-2022,
OPTSTK,BPCL,26-May-2022,480.0,CE,0.0,0.0,0.0,0.95,0.45,0,0.0,0,0,18-APR-2022,
OPTSTK,BPCL,26-May-2022,485.0,CE,0.0,0.0,0.0,0.85,0.35,0,0.0,0,0,18-APR-2022,
OPTSTK,BPCL,26-May-2022,490.0,CE,0.0,0.0,0.0,0.75,0.3,0,0.0,0,0,18-APR-2022,
OPTSTK,BPCL,26-May-2022,495.0,CE,0.0,0.0,0.0,0.65,0.25,0,0.0,0,0,18-APR-2022,
OPTSTK,BPCL,26-May-2022,245.0,PE,0.0,0.0,0.0,1.1,0.0,0,0.0,0,0,18-APR-2022,
OPTSTK,BPCL,26-May-2022,250.0,PE,0.0,0.0,0.0,1.4,0.05,0,0.0,0,0,18-APR-2022,
OPTSTK,BPCL,26-May-2022,255.0,PE,0.0,0.0,0.0,1.8,0.05,0,0.0,0,0,18-APR-2022,
OPTSTK,BPCL,26-May-2022,260.0,PE,0.0,0.0,0.0,2.3,0.05,0,0.0,0,0,18-APR-2022,
OPTSTK,BPCL,26-May-2022,265.0,PE,0.0,0.0,0.0,2.85,0.05,0,0.0,0,0,18-APR-2022,
OPTSTK,BPCL,26-May-2022,270.0,PE,0.0,0.0,0.0,3.5,0.1,0,0.0,0,0,18-APR-2022,
OPTSTK,BPCL,26-May-2022,275.0,PE,0.0,0.0,0.0,4.3,0.1,0,0.0,0,0,18-APR-2022,
OPTSTK,BPCL,26-May-2022,280.0,PE,0.0,0.0,0.0,5.2,0.15,0,0.0,0,0,18-APR-2022,
OPTSTK,BPCL,26-May-2022,285.0,PE,0.0,0.0,0.0,6.2,0.25,0,0.0,0,0,18-APR-2022,
OPTSTK,BPCL,26-May-2022,290.0,PE,0.0,0.0,0.0,7.35,0.35,0,0.0,0,0,18-APR-2022,
OPTSTK,BPCL,26-May-2022,295.0,PE,0.0,0.0,0.0,8.65,0.5,0,0.0,0,0,18-APR-2022,
OPTSTK,BPCL,26-May-2022,300.0,PE,0.0,0.0,0.0,2.0,0.7,0,0.0,1800,0,18-APR-2022,
OPTSTK,BPCL,26-May-2022,305.0,PE,0.0,0.0,0.0,11.65,0.95,0,0.0,0,0,18-APR-2022,
OPTSTK,BPCL,26-May-2022,310.0,PE,0.0,0.0,0.0,13.4,1.3,0,0.0,0,0,18-APR-2022,
OPTSTK,BPCL,26-May-2022,315.0,PE,0.0,0.0,0.0,15.3,1.7,0,0.0,0,0,18-APR-2022,
OPTSTK,BPCL,26-May-2022,320.0,PE,0.0,0.0,0.0,17.35,2.25,0,0.0,0,0,18-APR-2022,
OPTSTK,BPCL,26-May-2022,325.0,PE,0.0,0.0,0.0,19.6,2.9,0,0.0,0,0,18-APR-2022,
OPTSTK,BPCL,26-May-2022,330.0,PE,0.0,0.0,0.0,21.95,3.75,0,0.0,0,0,18-APR-2022,
OPTSTK,BPCL,26-May-2022,335.0,PE,0.0,0.0,0.0,24.5,4.7,0,0.0,0,0,18-APR-2022,
OPTSTK,BPCL,26-May-2022,340.0,PE,0.0,0.0,0.0,8.95,5.8,0,0.0,1800,0,18-APR-2022,
OPTSTK,BPCL,26-May-2022,345.0,PE,0.0,0.0,0.0,30.05,7.15,0,0.0,0,0,18-APR-2022,
OPTSTK,BPCL,26-May-2022,350.0,PE,5.0,5.3,4.8,5.05,5.05,21,134.23,39600,37800,18-APR-2022,
OPTSTK,BPCL,26-May-2022,355.0,PE,0.0,0.0,0.0,36.15,10.35,0,0.0,0,0,18-APR-2022,
OPTSTK,BPCL,26-May-2022,360.0,PE,8.0,8.0,6.4,8.0,8.0,11,72.74,59400,16200,18-APR-2022,
OPTSTK,BPCL,26-May-2022,365.0,PE,0.0,0.0,0.0,12.0,14.45,0,0.0,1800,0,18-APR-2022,
OPTSTK,BPCL,26-May-2022,370.0,PE,10.1,12.25,10.1,11.85,11.85,14,96.18,61200,19800,18-APR-2022,
OPTSTK,BPCL,26-May-2022,375.0,PE,0.0,0.0,0.0,49.95,19.35,0,0.0,0,0,18-APR-2022,
OPTSTK,BPCL,26-May-2022,380.0,PE,15.0,17.75,15.0,15.8,22.15,9,64.15,39600,12600,18-APR-2022,
OPTSTK,BPCL,26-May-2022,385.0,PE,16.6,16.6,16.6,16.6,25.15,1,7.22,37800,1800,18-APR-2022,
OPTSTK,BPCL,26-May-2022,390.0,PE,0.0,0.0,0.0,20.0,28.35,0,0.0,1800,0,18-APR-2022,
OPTSTK,BPCL,26-May-2022,395.0,PE,0.0,0.0,0.0,65.55,31.7,0,0.0,0,0,18-APR-2022,
OPTSTK,BPCL,26-May-2022,400.0,PE,0.0,0.0,0.0,25.0,35.25,0,0.0,5400,0,18-APR-2022,
OPTSTK,BPCL,26-May-2022,405.0,PE,0.0,0.0,0.0,73.85,39.0,0,0.0,0,0,18-APR-2022,
OPTSTK,BPCL,26-May-2022,410.0,PE,0.0,0.0,0.0,78.15,42.85,0,0.0,0,0,18-APR-2022,
OPTSTK,BPCL,26-May-2022,415.0,PE,0.0,0.0,0.0,82.5,46.85,0,0.0,0,0,18-APR-2022,
OPTSTK,BPCL,26-May-2022,420.0,PE,46.0,46.0,46.0,46.0,51.0,1,8.38,3600,1800,18-APR-2022,
OPTSTK,BPCL,26-May-2022,425.0,PE,0.0,0.0,0.0,91.35,55.25,0,0.0,0,0,18-APR-2022,
OPTSTK,BPCL,26-May-2022,430.0,PE,0.0,0.0,0.0,95.85,59.6,0,0.0,0,0,18-APR-2022,
OPTSTK,BPCL,26-May-2022,435.0,PE,0.0,0.0,0.0,100.4,64.05,0,0.0,0,0,18-APR-2022,
OPTSTK,BPCL,26-May-2022,440.0,PE,0.0,0.0,0.0,105.0,68.55,0,0.0,0,0,18-APR-2022,
OPTSTK,BPCL,26-May-2022,445.0,PE,0.0,0.0,0.0,109.65,73.15,0,0.0,0,0,18-APR-2022,
OPTSTK,BPCL,26-May-2022,450.0,PE,0.0,0.0,0.0,88.9,77.8,0,0.0,1800,0,18-APR-2022,
OPTSTK,BPCL,26-May-2022,455.0,PE,0.0,0.0,0.0,119.0,82.5,0,0.0,0,0,18-APR-2022,
OPTSTK,BPCL,26-May-2022,460.0,PE,0.0,0.0,0.0,123.75,87.25,0,0.0,0,0,18-APR-2022,
OPTSTK,BPCL,26-May-2022,465.0,PE,0.0,0.0,0.0,128.5,92.05,0,0.0,0,0,18-APR-2022,
OPTSTK,BPCL,26-May-2022,470.0,PE,0.0,0.0,0.0,133.25,96.85,0,0.0,0,0,18-APR-2022,
OPTSTK,BPCL,26-May-2022,475.0,PE,0.0,0.0,0.0,138.05,101.7,0,0.0,0,0,18-APR-2022,
OPTSTK,BPCL,26-May-2022,480.0,PE,0.0,0.0,0.0,99.0,106.6,0,0.0,3600,0,18-APR-2022,
OPTSTK,BPCL,26-May-2022,485.0,PE,0.0,0.0,0.0,147.7,111.5,0,0.0,0,0,18-APR-2022,
OPTSTK,BPCL,26-May-2022,490.0,PE,0.0,0.0,0.0,152.55,116.4,0,0.0,0,0,18-APR-2022,
OPTSTK,BPCL,26-May-2022,495.0,PE,0.0,0.0,0.0,157.4,121.3,0,0.0,0,0,18-APR-2022,
OPTSTK,BPCL,30-Jun-2022,245.0,CE,0.0,0.0,0.0,117.4,128.95,0,0.0,0,0,18-APR-2022,
OPTSTK,BPCL,30-Jun-2022,250.0,CE,0.0,0.0,0.0,112.6,124.05,0,0.0,0,0,18-APR-2022,
OPTSTK,BPCL,30-Jun-2022,255.0,CE,0.0,0.0,0.0,107.85,119.15,0,0.0,0,0,18-APR-2022,
OPTSTK,BPCL,30-Jun-2022,260.0,CE,0.0,0.0,0.0,103.15,114.3,0,0.0,0,0,18-APR-2022,
OPTSTK,BPCL,30-Jun-2022,265.0,CE,0.0,0.0,0.0,98.5,109.45,0,0.0,0,0,18-APR-2022,
OPTSTK,BPCL,30-Jun-2022,270.0,CE,0.0,0.0,0.0,93.9,104.65,0,0.0,0,0,18-APR-2022,
OPTSTK,BPCL,30-Jun-2022,275.0,CE,0.0,0.0,0.0,89.35,99.9,0,0.0,0,0,18-APR-2022,
OPTSTK,BPCL,30-Jun-2022,280.0,CE,0.0,0.0,0.0,84.9,95.2,0,0.0,0,0,18-APR-2022,
OPTSTK,BPCL,30-Jun-2022,285.0,CE,0.0,0.0,0.0,80.55,90.55,0,0.0,0,0,18-APR-2022,
OPTSTK,BPCL,30-Jun-2022,290.0,CE,0.0,0.0,0.0,76.25,85.95,0,0.0,0,0,18-APR-2022,
OPTSTK,BPCL,30-Jun-2022,295.0,CE,0.0,0.0,0.0,72.05,81.45,0,0.0,0,0,18-APR-2022,
OPTSTK,BPCL,30-Jun-2022,300.0,CE,0.0,0.0,0.0,68.0,77.0,0,0.0,0,0,18-APR-2022,
OPTSTK,BPCL,30-Jun-2022,305.0,CE,0.0,0.0,0.0,64.05,72.65,0,0.0,0,0,18-APR-2022,
OPTSTK,BPCL,30-Jun-2022,310.0,CE,0.0,0.0,0.0,60.2,68.4,0,0.0,0,0,18-APR-2022,
OPTSTK,BPCL,30-Jun-2022,315.0,CE,0.0,0.0,0.0,56.5,64.3,0,0.0,0,0,18-APR-2022,
OPTSTK,BPCL,30-Jun-2022,320.0,CE,0.0,0.0,0.0,52.9,60.3,0,0.0,0,0,18-APR-2022,
OPTSTK,BPCL,30-Jun-2022,325.0,CE,0.0,0.0,0.0,49.45,56.4,0,0.0,0,0,18-APR-2022,
OPTSTK,BPCL,30-Jun-2022,330.0,CE,0.0,0.0,0.0,46.15,52.65,0,0.0,0,0,18-APR-2022,
OPTSTK,BPCL,30-Jun-2022,335.0,CE,0.0,0.0,0.0,43.0,49.05,0,0.0,0,0,18-APR-2022,
OPTSTK,BPCL,30-Jun-2022,340.0,CE,0.0,0.0,0.0,39.95,45.55,0,0.0,0,0,18-APR-2022,
OPTSTK,BPCL,30-Jun-2022,345.0,CE,0.0,0.0,0.0,37.1,42.25,0,0.0,0,0,18-APR-2022,
OPTSTK,BPCL,30-Jun-2022,350.0,CE,0.0,0.0,0.0,34.35,39.1,0,0.0,0,0,18-APR-2022,
OPTSTK,BPCL,30-Jun-2022,355.0,CE,0.0,0.0,0.0,31.8,36.05,0,0.0,0,0,18-APR-2022,
OPTSTK,BPCL,30-Jun-2022,360.0,CE,0.0,0.0,0.0,29.35,33.2,0,0.0,0,0,18-APR-2022,
OPTSTK,BPCL,30-Jun-2022,365.0,CE,0.0,0.0,0.0,27.05,30.55,0,0.0,0,0,18-APR-2022,
OPTSTK,BPCL,30-Jun-2022,370.0,CE,0.0,0.0,0.0,24.9,28.0,0,0.0,0,0,18-APR-2022,
OPTSTK,BPCL,30-Jun-2022,375.0,CE,0.0,0.0,0.0,22.85,25.6,0,0.0,0,0,18-APR-2022,
OPTSTK,BPCL,30-Jun-2022,380.0,CE,0.0,0.0,0.0,20.95,23.4,0,0.0,0,0,18-APR-2022,
OPTSTK,BPCL,30-Jun-2022,385.0,CE,0.0,0.0,0.0,19.2,21.3,0,0.0,0,0,18-APR-2022,
OPTSTK,BPCL,30-Jun-2022,390.0,CE,0.0,0.0,0.0,17.55,19.35,0,0.0,0,0,18-APR-2022,
OPTSTK,BPCL,30-Jun-2022,395.0,CE,0.0,0.0,0.0,16.0,17.55,0,0.0,0,0,18-APR-2022,
OPTSTK,BPCL,30-Jun-2022,400.0,CE,0.0,0.0,0.0,14.6,15.9,0,0.0,0,0,18-APR-2022,
OPTSTK,BPCL,30-Jun-2022,405.0,CE,0.0,0.0,0.0,13.25,14.35,0,0.0,0,0,18-APR-2022,
OPTSTK,BPCL,30-Jun-2022,410.0,CE,0.0,0.0,0.0,12.05,12.95,0,0.0,0,0,18-APR-2022,
OPTSTK,BPCL,30-Jun-2022,415.0,CE,0.0,0.0,0.0,10.95,11.65,0,0.0,0,0,18-APR-2022,
OPTSTK,BPCL,30-Jun-2022,420.0,CE,0.0,0.0,0.0,9.95,10.5,0,0.0,0,0,18-APR-2022,
OPTSTK,BPCL,30-Jun-2022,425.0,CE,0.0,0.0,0.0,9.0,9.4,0,0.0,0,0,18-APR-2022,
OPTSTK,BPCL,30-Jun-2022,430.0,CE,0.0,0.0,0.0,8.1,8.4,0,0.0,0,0,18-APR-2022,
OPTSTK,BPCL,30-Jun-2022,435.0,CE,0.0,0.0,0.0,7.3,7.5,0,0.0,0,0,18-APR-2022,
OPTSTK,BPCL,30-Jun-2022,440.0,CE,0.0,0.0,0.0,6.6,6.7,0,0.0,0,0,18-APR-2022,
OPTSTK,BPCL,30-Jun-2022,445.0,CE,0.0,0.0,0.0,5.95,5.95,0,0.0,0,0,18-APR-2022,
OPTSTK,BPCL,30-Jun-2022,450.0,CE,0.0,0.0,0.0,5.35,5.3,0,0.0,0,0,18-APR-2022,
OPTSTK,BPCL,30-Jun-2022,455.0,CE,0.0,0.0,0.0,4.8,4.7,0,0.0,0,0,18-APR-2022,
OPTSTK,BPCL,30-Jun-2022,460.0,CE,0.0,0.0,0.0,4.3,4.15,0,0.0,0,0,18-APR-2022,
OPTSTK,BPCL,30-Jun-2022,465.0,CE,0.0,0.0,0.0,3.85,3.7,0,0.0,0,0,18-APR-2022,
OPTSTK,BPCL,30-Jun-2022,470.0,CE,0.0,0.0,0.0,3.45,3.25,0,0.0,0,0,18-APR-2022,
OPTSTK,BPCL,30-Jun-2022,475.0,CE,0.0,0.0,0.0,3.1,2.85,0,0.0,0,0,18-APR-2022,
OPTSTK,BPCL,30-Jun-2022,480.0,CE,0.0,0.0,0.0,2.75,2.55,0,0.0,0,0,18-APR-2022,
OPTSTK,BPCL,30-Jun-2022,485.0,CE,0.0,0.0,0.0,2.45,2.25,0,0.0,0,0,18-APR-2022,
OPTSTK,BPCL,30-Jun-2022,490.0,CE,0.0,0.0,0.0,2.2,1.95,0,0.0,0,0,18-APR-2022,
OPTSTK,BPCL,30-Jun-2022,495.0,CE,0.0,0.0,0.0,1.95,1.7,0,0.0,0,0,18-APR-2022,
OPTSTK,BPCL,30-Jun-2022,245.0,PE,0.0,0.0,0.0,0.5,0.15,0,0.0,0,0,18-APR-2022,
OPTSTK,BPCL,30-Jun-2022,250.0,PE,0.0,0.0,0.0,0.65,0.2,0,0.0,0,0,18-APR-2022,
OPTSTK,BPCL,30-Jun-2022,255.0,PE,0.0,0.0,0.0,0.8,0.25,0,0.0,0,0,18-APR-2022,
OPTSTK,BPCL,30-Jun-2022,260.0,PE,0.0,0.0,0.0,1.05,0.35,0,0.0,0,0,18-APR-2022,
OPTSTK,BPCL,30-Jun-2022,265.0,PE,0.0,0.0,0.0,1.35,0.45,0,0.0,0,0,18-APR-2022,
OPTSTK,BPCL,30-Jun-2022,270.0,PE,0.0,0.0,0.0,1.7,0.65,0,0.0,0,0,18-APR-2022,
OPTSTK,BPCL,30-Jun-2022,275.0,PE,0.0,0.0,0.0,2.1,0.8,0,0.0,0,0,18-APR-2022,
OPTSTK,BPCL,30-Jun-2022,280.0,PE,0.0,0.0,0.0,2.6,1.05,0,0.0,0,0,18-APR-2022,
OPTSTK,BPCL,30-Jun-2022,285.0,PE,0.0,0.0,0.0,3.2,1.35,0,0.0,0,0,18-APR-2022,
OPTSTK,BPCL,30-Jun-2022,290.0,PE,0.0,0.0,0.0,3.85,1.75,0,0.0,0,0,18-APR-2022,
OPTSTK,BPCL,30-Jun-2022,295.0,PE,0.0,0.0,0.0,4.6,2.2,0,0.0,0,0,18-APR-2022,
OPTSTK,BPCL,30-Jun-2022,300.0,PE,0.0,0.0,0.0,5.5,2.7,0,0.0,0,0,18-APR-2022,
OPTSTK,BPCL,30-Jun-2022,305.0,PE,0.0,0.0,0.0,6.5,3.3,0,0.0,0,0,18-APR-2022,
OPTSTK,BPCL,30-Jun-2022,310.0,PE,0.0,0.0,0.0,7.6,4.05,0,0.0,0,0,18-APR-2022,
OPTSTK,BPCL,30-Jun-2022,315.0,PE,0.0,0.0,0.0,8.85,4.85,0,0.0,0,0,18-APR-2022,
OPTSTK,BPCL,30-Jun-2022,320.0,PE,0.0,0.0,0.0,10.2,5.8,0,0.0,0,0,18-APR-2022,
OPTSTK,BPCL,30-Jun-2022,325.0,PE,0.0,0.0,0.0,11.7,6.9,0,0.0,0,0,18-APR-2022,
OPTSTK,BPCL,30-Jun-2022,330.0,PE,0.0,0.0,0.0,13.35,8.1,0,0.0,0,0,18-APR-2022,
OPTSTK,BPCL,30-Jun-2022,335.0,PE,0.0,0.0,0.0,15.1,9.45,0,0.0,0,0,18-APR-2022,
OPTSTK,BPCL,30-Jun-2022,340.0,PE,0.0,0.0,0.0,17.05,10.9,0,0.0,0,0,18-APR-2022,
OPTSTK,BPCL,30-Jun-2022,345.0,PE,0.0,0.0,0.0,19.1,12.55,0,0.0,0,0,18-APR-2022,
OPTSTK,BPCL,30-Jun-2022,350.0,PE,0.0,0.0,0.0,21.35,14.35,0,0.0,0,0,18-APR-2022,
OPTSTK,BPCL,30-Jun-2022,355.0,PE,0.0,0.0,0.0,23.7,16.3,0,0.0,0,0,18-APR-2022,
OPTSTK,BPCL,30-Jun-2022,360.0,PE,0.0,0.0,0.0,26.2,18.4,0,0.0,0,0,18-APR-2022,
OPTSTK,BPCL,30-Jun-2022,365.0,PE,0.0,0.0,0.0,28.85,20.7,0,0.0,0,0,18-APR-2022,
OPTSTK,BPCL,30-Jun-2022,370.0,PE,0.0,0.0,0.0,31.65,23.1,0,0.0,0,0,18-APR-2022,
OPTSTK,BPCL,30-Jun-2022,375.0,PE,0.0,0.0,0.0,34.55,25.7,0,0.0,0,0,18-APR-2022,
OPTSTK,BPCL,30-Jun-2022,380.0,PE,25.75,25.75,25.75,25.75,28.4,1,7.3,7200,1800,18-APR-2022,
OPTSTK,BPCL,30-Jun-2022,385.0,PE,0.0,0.0,0.0,40.8,31.3,0,0.0,0,0,18-APR-2022,
OPTSTK,BPCL,30-Jun-2022,390.0,PE,0.0,0.0,0.0,44.1,34.3,0,0.0,0,0,18-APR-2022,
OPTSTK,BPCL,30-Jun-2022,395.0,PE,0.0,0.0,0.0,47.5,37.45,0,0.0,0,0,18-APR-2022,
OPTSTK,BPCL,30-Jun-2022,400.0,PE,0.0,0.0,0.0,51.0,40.75,0,0.0,0,0,18-APR-2022,
OPTSTK,BPCL,30-Jun-2022,405.0,PE,0.0,0.0,0.0,54.65,44.2,0,0.0,0,0,18-APR-2022,
OPTSTK,BPCL,30-Jun-2022,410.0,PE,0.0,0.0,0.0,58.4,47.75,0,0.0,0,0,18-APR-2022,
OPTSTK,BPCL,30-Jun-2022,415.0,PE,0.0,0.0,0.0,62.25,51.4,0,0.0,0,0,18-APR-2022,
OPTSTK,BPCL,30-Jun-2022,420.0,PE,0.0,0.0,0.0,66.15,55.2,0,0.0,0,0,18-APR-2022,
OPTSTK,BPCL,30-Jun-2022,425.0,PE,0.0,0.0,0.0,70.15,59.05,0,0.0,0,0,18-APR-2022,
OPTSTK,BPCL,30-Jun-2022,430.0,PE,0.0,0.0,0.0,74.25,63.0,0,0.0,0,0,18-APR-2022,
OPTSTK,BPCL,30-Jun-2022,435.0,PE,0.0,0.0,0.0,78.4,67.1,0,0.0,0,0,18-APR-2022,
OPTSTK,BPCL,30-Jun-2022,440.0,PE,0.0,0.0,0.0,82.6,71.2,0,0.0,0,0,18-APR-2022,
OPTSTK,BPCL,30-Jun-2022,445.0,PE,0.0,0.0,0.0,86.9,75.45,0,0.0,0,0,18-APR-2022,
OPTSTK,BPCL,30-Jun-2022,450.0,PE,0.0,0.0,0.0,91.25,79.75,0,0.0,0,0,18-APR-2022,
OPTSTK,BPCL,30-Jun-2022,455.0,PE,0.0,0.0,0.0,95.65,84.1,0,0.0,0,0,18-APR-2022,
OPTSTK,BPCL,30-Jun-2022,460.0,PE,0.0,0.0,0.0,100.1,88.5,0,0.0,0,0,18-APR-2022,
OPTSTK,BPCL,30-Jun-2022,465.0,PE,0.0,0.0,0.0,104.6,93.0,0,0.0,0,0,18-APR-2022,
OPTSTK,BPCL,30-Jun-2022,470.0,PE,0.0,0.0,0.0,109.15,97.55,0,0.0,0,0,18-APR-2022,
OPTSTK,BPCL,30-Jun-2022,475.0,PE,0.0,0.0,0.0,113.75,102.1,0,0.0,0,0,18-APR-2022,
OPTSTK,BPCL,30-Jun-2022,480.0,PE,0.0,0.0,0.0,118.35,106.7,0,0.0,0,0,18-APR-2022,
OPTSTK,BPCL,30-Jun-2022,485.0,PE,0.0,0.0,0.0,123.0,111.35,0,0.0,0,0,18-APR-2022,
OPTSTK,BPCL,30-Jun-2022,490.0,PE,0.0,0.0,0.0,127.7,116.05,0,0.0,0,0,18-APR-2022,
OPTSTK,BPCL,30-Jun-2022,495.0,PE,0.0,0.0,0.0,132.4,120.8,0,0.0,0,0,18-APR-2022,
OPTSTK,BRITANNIA,28-Apr-2022,2700.0,CE,0.0,0.0,0.0,827.1,646.7,0,0.0,0,0,18-APR-2022,
OPTSTK,BRITANNIA,28-Apr-2022,2720.0,CE,0.0,0.0,0.0,808.0,626.75,0,0.0,0,0,18-APR-2022,
OPTSTK,BRITANNIA,28-Apr-2022,2740.0,CE,0.0,0.0,0.0,789.0,606.75,0,0.0,0,0,18-APR-2022,
OPTSTK,BRITANNIA,28-Apr-2022,2760.0,CE,0.0,0.0,0.0,770.1,586.8,0,0.0,0,0,18-APR-2022,
OPTSTK,BRITANNIA,28-Apr-2022,2780.0,CE,0.0,0.0,0.0,751.3,566.8,0,0.0,0,0,18-APR-2022,
OPTSTK,BRITANNIA,28-Apr-2022,2800.0,CE,0.0,0.0,0.0,732.6,546.8,0,0.0,0,0,18-APR-2022,
OPTSTK,BRITANNIA,28-Apr-2022,2820.0,CE,0.0,0.0,0.0,714.0,526.85,0,0.0,0,0,18-APR-2022,
OPTSTK,BRITANNIA,28-Apr-2022,2840.0,CE,0.0,0.0,0.0,695.55,506.9,0,0.0,0,0,18-APR-2022,
OPTSTK,BRITANNIA,28-Apr-2022,2860.0,CE,0.0,0.0,0.0,677.25,486.9,0,0.0,0,0,18-APR-2022,
OPTSTK,BRITANNIA,28-Apr-2022,2880.0,CE,0.0,0.0,0.0,659.05,466.95,0,0.0,0,0,18-APR-2022,
OPTSTK,BRITANNIA,28-Apr-2022,2900.0,CE,0.0,0.0,0.0,641.05,447.0,0,0.0,0,0,18-APR-2022,
OPTSTK,BRITANNIA,28-Apr-2022,2920.0,CE,0.0,0.0,0.0,623.15,427.05,0,0.0,0,0,18-APR-2022,
OPTSTK,BRITANNIA,28-Apr-2022,2940.0,CE,0.0,0.0,0.0,605.45,407.15,0,0.0,0,0,18-APR-2022,
OPTSTK,BRITANNIA,28-Apr-2022,2960.0,CE,0.0,0.0,0.0,587.95,387.25,0,0.0,0,0,18-APR-2022,
OPTSTK,BRITANNIA,28-Apr-2022,2980.0,CE,0.0,0.0,0.0,570.6,367.45,0,0.0,0,0,18-APR-2022,
OPTSTK,BRITANNIA,28-Apr-2022,3000.0,CE,0.0,0.0,0.0,330.9,347.65,0,0.0,3400,0,18-APR-2022,
OPTSTK,BRITANNIA,28-Apr-2022,3020.0,CE,0.0,0.0,0.0,536.55,328.0,0,0.0,0,0,18-APR-2022,
OPTSTK,BRITANNIA,28-Apr-2022,3040.0,CE,0.0,0.0,0.0,519.85,308.4,0,0.0,0,0,18-APR-2022,
OPTSTK,BRITANNIA,28-Apr-2022,3060.0,CE,0.0,0.0,0.0,503.35,289.0,0,0.0,0,0,18-APR-2022,
OPTSTK,BRITANNIA,28-Apr-2022,3080.0,CE,0.0,0.0,0.0,175.0,269.8,0,0.0,1400,0,18-APR-2022,
OPTSTK,BRITANNIA,28-Apr-2022,3100.0,CE,250.0,271.4,250.0,254.45,250.85,7,47.09,10600,-1000,18-APR-2022,
OPTSTK,BRITANNIA,28-Apr-2022,3120.0,CE,0.0,0.0,0.0,204.9,232.25,0,0.0,2000,0,18-APR-2022,
OPTSTK,BRITANNIA,28-Apr-2022,3140.0,CE,0.0,0.0,0.0,180.3,214.0,0,0.0,3400,0,18-APR-2022,
OPTSTK,BRITANNIA,28-Apr-2022,3160.0,CE,215.45,215.45,191.0,203.2,196.2,9,60.5,10200,-1200,18-APR-2022,
OPTSTK,BRITANNIA,28-Apr-2022,3180.0,CE,0.0,0.0,0.0,158.7,178.9,0,0.0,4400,0,18-APR-2022,
OPTSTK,BRITANNIA,28-Apr-2022,3200.0,CE,141.15,177.5,140.0,165.0,162.25,19,127.48,39200,-400,18-APR-2022,
OPTSTK,BRITANNIA,28-Apr-2022,3220.0,CE,109.95,109.95,109.95,109.95,146.25,1,6.65,5800,0,18-APR-2022,
OPTSTK,BRITANNIA,28-Apr-2022,3240.0,CE,140.0,140.0,140.0,140.0,140.0,1,6.76,4400,-200,18-APR-2022,
OPTSTK,BRITANNIA,28-Apr-2022,3260.0,CE,96.7,105.0,96.7,105.0,116.55,2,13.44,8400,0,18-APR-2022,
OPTSTK,BRITANNIA,28-Apr-2022,3280.0,CE,99.0,109.35,90.45,106.35,103.05,7,47.37,11000,-600,18-APR-2022,
OPTSTK,BRITANNIA,28-Apr-2022,3300.0,CE,74.0,97.3,62.45,83.5,83.5,60,405.9,40200,-400,18-APR-2022,
OPTSTK,BRITANNIA,28-Apr-2022,3320.0,CE,39.8,81.25,39.7,67.8,67.8,27,182.68,11200,0,18-APR-2022,
OPTSTK,BRITANNIA,28-Apr-2022,3340.0,CE,55.95,70.0,44.0,58.9,58.9,122,829.97,17200,1800,18-APR-2022,
OPTSTK,BRITANNIA,28-Apr-2022,3360.0,CE,48.25,59.95,35.8,49.2,49.2,389,2653.47,27000,2000,18-APR-2022,
OPTSTK,BRITANNIA,28-Apr-2022,3380.0,CE,34.5,50.0,27.5,38.2,38.2,47,321.78,8000,800,18-APR-2022,
OPTSTK,BRITANNIA,28-Apr-2022,3400.0,CE,27.05,41.05,24.0,31.35,31.35,475,3260.98,64600,-4600,18-APR-2022,
OPTSTK,BRITANNIA,28-Apr-2022,3420.0,CE,25.1,30.3,23.05,24.85,24.85,32,220.48,6800,1600,18-APR-2022,
OPTSTK,BRITANNIA,28-Apr-2022,3440.0,CE,23.9,26.35,16.6,20.35,20.35,99,685.33,17600,8000,18-APR-2022,
OPTSTK,BRITANNIA,28-Apr-2022,3460.0,CE,20.0,21.4,10.5,15.5,15.5,131,910.96,17600,5800,18-APR-2022,
OPTSTK,BRITANNIA,28-Apr-2022,3480.0,CE,14.05,14.05,13.55,13.55,19.7,4,27.95,5200,0,18-APR-2022,
OPTSTK,BRITANNIA,28-Apr-2022,3500.0,CE,10.0,15.0,8.45,10.45,10.45,167,1172.7,51000,3200,18-APR-2022,
OPTSTK,BRITANNIA,28-Apr-2022,3520.0,CE,0.0,0.0,0.0,201.85,12.8,0,0.0,0,0,18-APR-2022,
OPTSTK,BRITANNIA,28-Apr-2022,3540.0,CE,0.0,0.0,0.0,192.5,10.2,0,0.0,0,0,18-APR-2022,
OPTSTK,BRITANNIA,28-Apr-2022,3560.0,CE,0.0,0.0,0.0,183.45,8.05,0,0.0,0,0,18-APR-2022,
OPTSTK,BRITANNIA,28-Apr-2022,3580.0,CE,0.0,0.0,0.0,174.7,6.3,0,0.0,0,0,18-APR-2022,
OPTSTK,BRITANNIA,28-Apr-2022,3600.0,CE,3.45,5.3,3.3,3.5,3.5,189,1362.4,35200,3200,18-APR-2022,
OPTSTK,BRITANNIA,28-Apr-2022,3620.0,CE,0.0,0.0,0.0,158.2,3.75,0,0.0,0,0,18-APR-2022,
OPTSTK,BRITANNIA,28-Apr-2022,3640.0,CE,0.0,0.0,0.0,7.5,2.85,0,0.0,1200,0,18-APR-2022,
OPTSTK,BRITANNIA,28-Apr-2022,3660.0,CE,0.0,0.0,0.0,5.85,2.15,0,0.0,3800,0,18-APR-2022,
OPTSTK,BRITANNIA,28-Apr-2022,3680.0,CE,0.0,0.0,0.0,135.6,1.6,0,0.0,0,0,18-APR-2022,
OPTSTK,BRITANNIA,28-Apr-2022,3700.0,CE,1.7,1.7,0.8,0.8,0.8,4,29.61,13400,0,18-APR-2022,
OPTSTK,BRITANNIA,28-Apr-2022,3720.0,CE,0.0,0.0,0.0,122.0,0.9,0,0.0,0,0,18-APR-2022,
OPTSTK,BRITANNIA,28-Apr-2022,3740.0,CE,0.0,0.0,0.0,115.6,0.65,0,0.0,0,0,18-APR-2022,
OPTSTK,BRITANNIA,28-Apr-2022,3760.0,CE,0.0,0.0,0.0,109.45,0.5,0,0.0,0,0,18-APR-2022,
OPTSTK,BRITANNIA,28-Apr-2022,3780.0,CE,0.0,0.0,0.0,103.6,0.35,0,0.0,0,0,18-APR-2022,
OPTSTK,BRITANNIA,28-Apr-2022,3800.0,CE,1.2,1.4,1.15,1.2,1.2,24,182.46,9200,-3200,18-APR-2022,
OPTSTK,BRITANNIA,28-Apr-2022,3820.0,CE,0.0,0.0,0.0,92.65,0.2,0,0.0,0,0,18-APR-2022,
OPTSTK,BRITANNIA,28-Apr-2022,3840.0,CE,0.0,0.0,0.0,87.65,0.15,0,0.0,0,0,18-APR-2022,
OPTSTK,BRITANNIA,28-Apr-2022,3860.0,CE,0.0,0.0,0.0,82.8,0.1,0,0.0,0,0,18-APR-2022,
OPTSTK,BRITANNIA,28-Apr-2022,3880.0,CE,0.0,0.0,0.0,78.15,0.05,0,0.0,0,0,18-APR-2022,
OPTSTK,BRITANNIA,28-Apr-2022,3900.0,CE,0.0,0.0,0.0,73.7,0.05,0,0.0,0,0,18-APR-2022,
OPTSTK,BRITANNIA,28-Apr-2022,3920.0,CE,0.0,0.0,0.0,69.35,0.05,0,0.0,0,0,18-APR-2022,
OPTSTK,BRITANNIA,28-Apr-2022,3940.0,CE,0.0,0.0,0.0,65.35,0.05,0,0.0,0,0,18-APR-2022,
OPTSTK,BRITANNIA,28-Apr-2022,3960.0,CE,0.0,0.0,0.0,61.5,0.05,0,0.0,0,0,18-APR-2022,
OPTSTK,BRITANNIA,28-Apr-2022,3980.0,CE,0.0,0.0,0.0,57.85,0.05,0,0.0,0,0,18-APR-2022,
OPTSTK,BRITANNIA,28-Apr-2022,4000.0,CE,0.0,0.0,0.0,2.0,0.0,0,0.0,200,0,18-APR-2022,
OPTSTK,BRITANNIA,28-Apr-2022,4020.0,CE,0.0,0.0,0.0,51.15,0.0,0,0.0,0,0,18-APR-2022,
OPTSTK,BRITANNIA,28-Apr-2022,4040.0,CE,0.0,0.0,0.0,48.05,0.0,0,0.0,0,0,18-APR-2022,
OPTSTK,BRITANNIA,28-Apr-2022,4060.0,CE,0.0,0.0,0.0,45.1,0.0,0,0.0,0,0,18-APR-2022,
OPTSTK,BRITANNIA,28-Apr-2022,4080.0,CE,0.0,0.0,0.0,42.3,0.0,0,0.0,0,0,18-APR-2022,
OPTSTK,BRITANNIA,28-Apr-2022,4100.0,CE,0.0,0.0,0.0,39.65,0.0,0,0.0,0,0,18-APR-2022,
OPTSTK,BRITANNIA,28-Apr-2022,4120.0,CE,0.0,0.0,0.0,37.15,0.0,0,0.0,0,0,18-APR-2022,
OPTSTK,BRITANNIA,28-Apr-2022,4140.0,CE,0.0,0.0,0.0,34.8,0.0,0,0.0,0,0,18-APR-2022,
OPTSTK,BRITANNIA,28-Apr-2022,4160.0,CE,0.0,0.0,0.0,32.6,0.0,0,0.0,0,0,18-APR-2022,
OPTSTK,BRITANNIA,28-Apr-2022,4180.0,CE,0.0,0.0,0.0,30.5,0.0,0,0.0,0,0,18-APR-2022,
OPTSTK,BRITANNIA,28-Apr-2022,4200.0,CE,0.0,0.0,0.0,28.5,0.0,0,0.0,0,0,18-APR-2022,
OPTSTK,BRITANNIA,28-Apr-2022,4220.0,CE,0.0,0.0,0.0,26.65,0.0,0,0.0,0,0,18-APR-2022,
OPTSTK,BRITANNIA,28-Apr-2022,4240.0,CE,0.0,0.0,0.0,24.9,0.0,0,0.0,0,0,18-APR-2022,
OPTSTK,BRITANNIA,28-Apr-2022,4260.0,CE,0.0,0.0,0.0,23.25,0.0,0,0.0,0,0,18-APR-2022,
OPTSTK,BRITANNIA,28-Apr-2022,4280.0,CE,0.0,0.0,0.0,21.7,0.0,0,0.0,0,0,18-APR-2022,
OPTSTK,BRITANNIA,28-Apr-2022,4300.0,CE,0.0,0.0,0.0,20.25,0.0,0,0.0,0,0,18-APR-2022,
OPTSTK,BRITANNIA,28-Apr-2022,2700.0,PE,0.0,0.0,0.0,4.8,0.0,0,0.0,0,0,18-APR-2022,
OPTSTK,BRITANNIA,28-Apr-2022,2720.0,PE,0.0,0.0,0.0,5.5,0.0,0,0.0,0,0,18-APR-2022,
OPTSTK,BRITANNIA,28-Apr-2022,2740.0,PE,0.0,0.0,0.0,6.3,0.0,0,0.0,0,0,18-APR-2022,
OPTSTK,BRITANNIA,28-Apr-2022,2760.0,PE,0.0,0.0,0.0,2.0,0.0,0,0.0,400,0,18-APR-2022,
OPTSTK,BRITANNIA,28-Apr-2022,2780.0,PE,0.0,0.0,0.0,8.2,0.0,0,0.0,0,0,18-APR-2022,
OPTSTK,BRITANNIA,28-Apr-2022,2800.0,PE,2.0,2.0,2.0,2.0,2.0,3,16.81,12200,0,18-APR-2022,
OPTSTK,BRITANNIA,28-Apr-2022,2820.0,PE,0.0,0.0,0.0,5.8,0.05,0,0.0,200,0,18-APR-2022,
OPTSTK,BRITANNIA,28-Apr-2022,2840.0,PE,0.0,0.0,0.0,11.8,0.05,0,0.0,0,0,18-APR-2022,
OPTSTK,BRITANNIA,28-Apr-2022,2860.0,PE,0.0,0.0,0.0,13.3,0.05,0,0.0,0,0,18-APR-2022,
OPTSTK,BRITANNIA,28-Apr-2022,2880.0,PE,0.0,0.0,0.0,14.9,0.05,0,0.0,0,0,18-APR-2022,
OPTSTK,BRITANNIA,28-Apr-2022,2900.0,PE,0.85,2.0,0.85,1.9,0.1,5,29.01,22400,-400,18-APR-2022,
OPTSTK,BRITANNIA,28-Apr-2022,2920.0,PE,0.0,0.0,0.0,18.6,0.1,0,0.0,0,0,18-APR-2022,
OPTSTK,BRITANNIA,28-Apr-2022,2940.0,PE,0.0,0.0,0.0,20.7,0.2,0,0.0,0,0,18-APR-2022,
OPTSTK,BRITANNIA,28-Apr-2022,2960.0,PE,0.0,0.0,0.0,22.95,0.3,0,0.0,0,0,18-APR-2022,
OPTSTK,BRITANNIA,28-Apr-2022,2980.0,PE,0.0,0.0,0.0,25.4,0.45,0,0.0,0,0,18-APR-2022,
OPTSTK,BRITANNIA,28-Apr-2022,3000.0,PE,4.0,4.0,2.85,3.15,0.65,38,228.24,37000,-600,18-APR-2022,
OPTSTK,BRITANNIA,28-Apr-2022,3020.0,PE,0.0,0.0,0.0,30.95,0.95,0,0.0,0,0,18-APR-2022,
OPTSTK,BRITANNIA,28-Apr-2022,3040.0,PE,0.0,0.0,0.0,30.85,1.35,0,0.0,1000,0,18-APR-2022,
OPTSTK,BRITANNIA,28-Apr-2022,3060.0,PE,0.0,0.0,0.0,37.35,1.95,0,0.0,0,0,18-APR-2022,
OPTSTK,BRITANNIA,28-Apr-2022,3080.0,PE,0.0,0.0,0.0,20.65,2.7,0,0.0,400,0,18-APR-2022,
OPTSTK,BRITANNIA,28-Apr-2022,3100.0,PE,5.3,5.3,3.55,3.95,3.95,101,627.06,21800,-3000,18-APR-2022,
OPTSTK,BRITANNIA,28-Apr-2022,3120.0,PE,10.1,10.1,10.1,10.1,5.1,1,6.26,800,200,18-APR-2022,
OPTSTK,BRITANNIA,28-Apr-2022,3140.0,PE,0.0,0.0,0.0,11.6,6.8,0,0.0,3200,0,18-APR-2022,
OPTSTK,BRITANNIA,28-Apr-2022,3160.0,PE,10.0,10.0,9.0,9.0,9.0,2,12.67,7800,400,18-APR-2022,
OPTSTK,BRITANNIA,28-Apr-2022,3180.0,PE,0.0,0.0,0.0,28.15,11.7,0,0.0,600,0,18-APR-2022,
OPTSTK,BRITANNIA,28-Apr-2022,3200.0,PE,20.0,20.0,8.0,10.2,10.2,153,982.6,40600,-6000,18-APR-2022,
OPTSTK,BRITANNIA,28-Apr-2022,3220.0,PE,12.05,12.25,12.0,12.25,18.95,5,32.32,1800,-200,18-APR-2022,
OPTSTK,BRITANNIA,28-Apr-2022,3240.0,PE,0.0,0.0,0.0,32.2,23.85,0,0.0,3000,0,18-APR-2022,
OPTSTK,BRITANNIA,28-Apr-2022,3260.0,PE,25.35,25.35,24.4,24.4,29.25,3,19.7,6400,200,18-APR-2022,
OPTSTK,BRITANNIA,28-Apr-2022,3280.0,PE,40.2,47.35,18.75,23.15,23.15,58,383.45,7800,2400,18-APR-2022,
OPTSTK,BRITANNIA,28-Apr-2022,3300.0,PE,34.7,42.5,24.15,28.8,28.8,223,1485.81,27000,-2600,18-APR-2022,
OPTSTK,BRITANNIA,28-Apr-2022,3320.0,PE,59.25,59.25,32.45,32.45,51.4,10,67.33,4800,-600,18-APR-2022,
OPTSTK,BRITANNIA,28-Apr-2022,3340.0,PE,52.0,65.05,38.7,45.1,45.1,40,271.07,7800,600,18-APR-2022,
OPTSTK,BRITANNIA,28-Apr-2022,3360.0,PE,65.05,73.65,47.2,54.5,54.5,23,157.16,5400,600,18-APR-2022,
OPTSTK,BRITANNIA,28-Apr-2022,3380.0,PE,0.0,0.0,0.0,126.95,82.3,0,0.0,0,0,18-APR-2022,
OPTSTK,BRITANNIA,28-Apr-2022,3400.0,PE,97.1,100.0,82.25,82.25,94.55,4,27.94,10400,0,18-APR-2022,
OPTSTK,BRITANNIA,28-Apr-2022,3420.0,PE,0.0,0.0,0.0,143.65,107.7,0,0.0,0,0,18-APR-2022,
OPTSTK,BRITANNIA,28-Apr-2022,3440.0,PE,101.4,101.4,101.4,101.4,121.7,1,7.08,200,200,18-APR-2022,
OPTSTK,BRITANNIA,28-Apr-2022,3460.0,PE,115.95,116.0,115.95,116.0,136.7,2,14.3,400,400,18-APR-2022,
OPTSTK,BRITANNIA,28-Apr-2022,3480.0,PE,0.0,0.0,0.0,171.1,152.1,0,0.0,0,0,18-APR-2022,
OPTSTK,BRITANNIA,28-Apr-2022,3500.0,PE,0.0,0.0,0.0,320.0,168.35,0,0.0,800,0,18-APR-2022,
OPTSTK,BRITANNIA,28-Apr-2022,3520.0,PE,0.0,0.0,0.0,191.0,185.2,0,0.0,0,0,18-APR-2022,
OPTSTK,BRITANNIA,28-Apr-2022,3540.0,PE,0.0,0.0,0.0,201.45,202.55,0,0.0,0,0,18-APR-2022,
OPTSTK,BRITANNIA,28-Apr-2022,3560.0,PE,0.0,0.0,0.0,212.2,220.4,0,0.0,0,0,18-APR-2022,
OPTSTK,BRITANNIA,28-Apr-2022,3580.0,PE,0.0,0.0,0.0,223.25,238.6,0,0.0,0,0,18-APR-2022,
OPTSTK,BRITANNIA,28-Apr-2022,3600.0,PE,250.0,250.0,250.0,250.0,257.15,1,7.7,1400,-200,18-APR-2022,
OPTSTK,BRITANNIA,28-Apr-2022,3620.0,PE,0.0,0.0,0.0,246.3,276.0,0,0.0,0,0,18-APR-2022,
OPTSTK,BRITANNIA,28-Apr-2022,3640.0,PE,0.0,0.0,0.0,258.3,295.1,0,0.0,0,0,18-APR-2022,
OPTSTK,BRITANNIA,28-Apr-2022,3660.0,PE,0.0,0.0,0.0,270.55,314.4,0,0.0,0,0,18-APR-2022,
OPTSTK,BRITANNIA,28-Apr-2022,3680.0,PE,0.0,0.0,0.0,283.15,333.85,0,0.0,0,0,18-APR-2022,
OPTSTK,BRITANNIA,28-Apr-2022,3700.0,PE,0.0,0.0,0.0,295.95,353.4,0,0.0,0,0,18-APR-2022,
OPTSTK,BRITANNIA,28-Apr-2022,3720.0,PE,0.0,0.0,0.0,309.1,373.05,0,0.0,0,0,18-APR-2022,
OPTSTK,BRITANNIA,28-Apr-2022,3740.0,PE,0.0,0.0,0.0,322.5,392.8,0,0.0,0,0,18-APR-2022,
OPTSTK,BRITANNIA,28-Apr-2022,3760.0,PE,0.0,0.0,0.0,336.15,412.6,0,0.0,0,0,18-APR-2022,
OPTSTK,BRITANNIA,28-Apr-2022,3780.0,PE,0.0,0.0,0.0,350.1,432.45,0,0.0,0,0,18-APR-2022,
OPTSTK,BRITANNIA,28-Apr-2022,3800.0,PE,0.0,0.0,0.0,540.0,452.35,0,0.0,2800,0,18-APR-2022,
OPTSTK,BRITANNIA,28-Apr-2022,3820.0,PE,0.0,0.0,0.0,378.7,472.25,0,0.0,0,0,18-APR-2022,
OPTSTK,BRITANNIA,28-Apr-2022,3840.0,PE,0.0,0.0,0.0,393.5,492.15,0,0.0,0,0,18-APR-2022,
OPTSTK,BRITANNIA,28-Apr-2022,3860.0,PE,0.0,0.0,0.0,408.45,512.1,0,0.0,0,0,18-APR-2022,
OPTSTK,BRITANNIA,28-Apr-2022,3880.0,PE,0.0,0.0,0.0,423.55,532.05,0,0.0,0,0,18-APR-2022,
OPTSTK,BRITANNIA,28-Apr-2022,3900.0,PE,0.0,0.0,0.0,438.95,552.0,0,0.0,0,0,18-APR-2022,
OPTSTK,BRITANNIA,28-Apr-2022,3920.0,PE,0.0,0.0,0.0,454.4,572.0,0,0.0,0,0,18-APR-2022,
OPTSTK,BRITANNIA,28-Apr-2022,3940.0,PE,0.0,0.0,0.0,470.15,591.95,0,0.0,0,0,18-APR-2022,
OPTSTK,BRITANNIA,28-Apr-2022,3960.0,PE,0.0,0.0,0.0,486.1,611.9,0,0.0,0,0,18-APR-2022,
OPTSTK,BRITANNIA,28-Apr-2022,3980.0,PE,0.0,0.0,0.0,502.25,631.9,0,0.0,0,0,18-APR-2022,
OPTSTK,BRITANNIA,28-Apr-2022,4000.0,PE,0.0,0.0,0.0,700.0,651.85,0,0.0,200,0,18-APR-2022,
OPTSTK,BRITANNIA,28-Apr-2022,4020.0,PE,0.0,0.0,0.0,535.1,671.85,0,0.0,0,0,18-APR-2022,
OPTSTK,BRITANNIA,28-Apr-2022,4040.0,PE,0.0,0.0,0.0,551.8,691.85,0,0.0,0,0,18-APR-2022,
OPTSTK,BRITANNIA,28-Apr-2022,4060.0,PE,0.0,0.0,0.0,568.65,711.8,0,0.0,0,0,18-APR-2022,
OPTSTK,BRITANNIA,28-Apr-2022,4080.0,PE,0.0,0.0,0.0,585.65,731.8,0,0.0,0,0,18-APR-2022,
OPTSTK,BRITANNIA,28-Apr-2022,4100.0,PE,0.0,0.0,0.0,602.8,751.75,0,0.0,0,0,18-APR-2022,
OPTSTK,BRITANNIA,28-Apr-2022,4120.0,PE,0.0,0.0,0.0,620.1,771.75,0,0.0,0,0,18-APR-2022,
OPTSTK,BRITANNIA,28-Apr-2022,4140.0,PE,0.0,0.0,0.0,637.55,791.7,0,0.0,0,0,18-APR-2022,
OPTSTK,BRITANNIA,28-Apr-2022,4160.0,PE,0.0,0.0,0.0,655.1,811.7,0,0.0,0,0,18-APR-2022,
OPTSTK,BRITANNIA,28-Apr-2022,4180.0,PE,0.0,0.0,0.0,672.8,831.65,0,0.0,0,0,18-APR-2022,
OPTSTK,BRITANNIA,28-Apr-2022,4200.0,PE,0.0,0.0,0.0,690.6,851.65,0,0.0,0,0,18-APR-2022,
OPTSTK,BRITANNIA,28-Apr-2022,4220.0,PE,0.0,0.0,0.0,708.55,871.6,0,0.0,0,0,18-APR-2022,
OPTSTK,BRITANNIA,28-Apr-2022,4240.0,PE,0.0,0.0,0.0,726.55,891.6,0,0.0,0,0,18-APR-2022,
OPTSTK,BRITANNIA,28-Apr-2022,4260.0,PE,0.0,0.0,0.0,744.7,911.6,0,0.0,0,0,18-APR-2022,
OPTSTK,BRITANNIA,28-Apr-2022,4280.0,PE,0.0,0.0,0.0,762.95,931.55,0,0.0,0,0,18-APR-2022,
OPTSTK,BRITANNIA,28-Apr-2022,4300.0,PE,0.0,0.0,0.0,781.3,951.55,0,0.0,0,0,18-APR-2022,
OPTSTK,BRITANNIA,26-May-2022,2700.0,CE,0.0,0.0,0.0,780.4,656.55,0,0.0,0,0,18-APR-2022,
OPTSTK,BRITANNIA,26-May-2022,2720.0,CE,0.0,0.0,0.0,761.5,636.9,0,0.0,0,0,18-APR-2022,
OPTSTK,BRITANNIA,26-May-2022,2740.0,CE,0.0,0.0,0.0,742.7,617.3,0,0.0,0,0,18-APR-2022,
OPTSTK,BRITANNIA,26-May-2022,2760.0,CE,0.0,0.0,0.0,724.0,597.8,0,0.0,0,0,18-APR-2022,
OPTSTK,BRITANNIA,26-May-2022,2780.0,CE,0.0,0.0,0.0,705.4,578.35,0,0.0,0,0,18-APR-2022,
OPTSTK,BRITANNIA,26-May-2022,2800.0,CE,0.0,0.0,0.0,686.95,558.95,0,0.0,0,0,18-APR-2022,
OPTSTK,BRITANNIA,26-May-2022,2820.0,CE,0.0,0.0,0.0,668.65,539.7,0,0.0,0,0,18-APR-2022,
OPTSTK,BRITANNIA,26-May-2022,2840.0,CE,0.0,0.0,0.0,650.45,520.55,0,0.0,0,0,18-APR-2022,
OPTSTK,BRITANNIA,26-May-2022,2860.0,CE,0.0,0.0,0.0,632.45,501.55,0,0.0,0,0,18-APR-2022,
OPTSTK,BRITANNIA,26-May-2022,2880.0,CE,0.0,0.0,0.0,614.55,482.7,0,0.0,0,0,18-APR-2022,
OPTSTK,BRITANNIA,26-May-2022,2900.0,CE,0.0,0.0,0.0,596.9,464.0,0,0.0,0,0,18-APR-2022,
OPTSTK,BRITANNIA,26-May-2022,2920.0,CE,0.0,0.0,0.0,579.35,445.5,0,0.0,0,0,18-APR-2022,
OPTSTK,BRITANNIA,26-May-2022,2940.0,CE,0.0,0.0,0.0,562.05,427.15,0,0.0,0,0,18-APR-2022,
OPTSTK,BRITANNIA,26-May-2022,2960.0,CE,0.0,0.0,0.0,544.95,409.1,0,0.0,0,0,18-APR-2022,
OPTSTK,BRITANNIA,26-May-2022,2980.0,CE,0.0,0.0,0.0,528.05,391.25,0,0.0,0,0,18-APR-2022,
OPTSTK,BRITANNIA,26-May-2022,3000.0,CE,0.0,0.0,0.0,511.35,373.7,0,0.0,0,0,18-APR-2022,
OPTSTK,BRITANNIA,26-May-2022,3020.0,CE,0.0,0.0,0.0,494.9,356.4,0,0.0,0,0,18-APR-2022,
OPTSTK,BRITANNIA,26-May-2022,3040.0,CE,0.0,0.0,0.0,478.65,339.45,0,0.0,0,0,18-APR-2022,
OPTSTK,BRITANNIA,26-May-2022,3060.0,CE,0.0,0.0,0.0,462.7,322.8,0,0.0,0,0,18-APR-2022,
OPTSTK,BRITANNIA,26-May-2022,3080.0,CE,0.0,0.0,0.0,447.0,306.55,0,0.0,0,0,18-APR-2022,
OPTSTK,BRITANNIA,26-May-2022,3100.0,CE,0.0,0.0,0.0,431.55,290.65,0,0.0,0,0,18-APR-2022,
OPTSTK,BRITANNIA,26-May-2022,3120.0,CE,0.0,0.0,0.0,416.35,275.1,0,0.0,0,0,18-APR-2022,
OPTSTK,BRITANNIA,26-May-2022,3140.0,CE,0.0,0.0,0.0,401.55,260.0,0,0.0,0,0,18-APR-2022,
OPTSTK,BRITANNIA,26-May-2022,3160.0,CE,0.0,0.0,0.0,386.9,245.45,0,0.0,0,0,18-APR-2022,
OPTSTK,BRITANNIA,26-May-2022,3180.0,CE,0.0,0.0,0.0,372.55,231.05,0,0.0,0,0,18-APR-2022,
OPTSTK,BRITANNIA,26-May-2022,3200.0,CE,0.0,0.0,0.0,358.5,217.3,0,0.0,0,0,18-APR-2022,
OPTSTK,BRITANNIA,26-May-2022,3220.0,CE,0.0,0.0,0.0,344.65,204.0,0,0.0,0,0,18-APR-2022,
OPTSTK,BRITANNIA,26-May-2022,3240.0,CE,0.0,0.0,0.0,331.25,191.2,0,0.0,0,0,18-APR-2022,
OPTSTK,BRITANNIA,26-May-2022,3260.0,CE,124.9,124.9,124.9,124.9,178.9,1,6.76,200,200,18-APR-2022,
OPTSTK,BRITANNIA,26-May-2022,3280.0,CE,0.0,0.0,0.0,305.35,167.05,0,0.0,0,0,18-APR-2022,
OPTSTK,BRITANNIA,26-May-2022,3300.0,CE,0.0,0.0,0.0,292.9,155.75,0,0.0,0,0,18-APR-2022,
OPTSTK,BRITANNIA,26-May-2022,3320.0,CE,0.0,0.0,0.0,280.75,144.95,0,0.0,0,0,18-APR-2022,
OPTSTK,BRITANNIA,26-May-2022,3340.0,CE,0.0,0.0,0.0,136.7,134.65,0,0.0,600,0,18-APR-2022,
OPTSTK,BRITANNIA,26-May-2022,3360.0,CE,0.0,0.0,0.0,257.45,124.85,0,0.0,0,0,18-APR-2022,
OPTSTK,BRITANNIA,26-May-2022,3380.0,CE,0.0,0.0,0.0,246.25,115.55,0,0.0,0,0,18-APR-2022,
OPTSTK,BRITANNIA,26-May-2022,3400.0,CE,0.0,0.0,0.0,235.45,106.75,0,0.0,0,0,18-APR-2022,
OPTSTK,BRITANNIA,26-May-2022,3420.0,CE,64.9,64.9,64.9,64.9,98.45,1,6.96,200,200,18-APR-2022,
OPTSTK,BRITANNIA,26-May-2022,3440.0,CE,0.0,0.0,0.0,214.75,90.6,0,0.0,0,0,18-APR-2022,
OPTSTK,BRITANNIA,26-May-2022,3460.0,CE,0.0,0.0,0.0,204.85,83.25,0,0.0,0,0,18-APR-2022,
OPTSTK,BRITANNIA,26-May-2022,3480.0,CE,0.0,0.0,0.0,195.3,76.35,0,0.0,0,0,18-APR-2022,
OPTSTK,BRITANNIA,26-May-2022,3500.0,CE,50.0,50.0,50.0,50.0,50.0,1,7.1,3800,200,18-APR-2022,
OPTSTK,BRITANNIA,26-May-2022,3520.0,CE,0.0,0.0,0.0,177.2,63.85,0,0.0,0,0,18-APR-2022,
OPTSTK,BRITANNIA,26-May-2022,3540.0,CE,0.0,0.0,0.0,168.6,58.2,0,0.0,0,0,18-APR-2022,
OPTSTK,BRITANNIA,26-May-2022,3560.0,CE,0.0,0.0,0.0,160.35,53.15,0,0.0,0,0,18-APR-2022,
OPTSTK,BRITANNIA,26-May-2022,3580.0,CE,0.0,0.0,0.0,152.4,48.35,0,0.0,0,0,18-APR-2022,
OPTSTK,BRITANNIA,26-May-2022,3600.0,CE,19.9,19.9,19.9,19.9,43.75,3,21.71,800,600,18-APR-2022,
OPTSTK,BRITANNIA,26-May-2022,3620.0,CE,0.0,0.0,0.0,137.35,39.6,0,0.0,0,0,18-APR-2022,
OPTSTK,BRITANNIA,26-May-2022,3640.0,CE,0.0,0.0,0.0,130.25,35.8,0,0.0,0,0,18-APR-2022,
OPTSTK,BRITANNIA,26-May-2022,3660.0,CE,0.0,0.0,0.0,123.45,32.3,0,0.0,0,0,18-APR-2022,
OPTSTK,BRITANNIA,26-May-2022,3680.0,CE,0.0,0.0,0.0,116.95,29.05,0,0.0,0,0,18-APR-2022,
OPTSTK,BRITANNIA,26-May-2022,3700.0,CE,0.0,0.0,0.0,110.7,26.15,0,0.0,0,0,18-APR-2022,
OPTSTK,BRITANNIA,26-May-2022,3720.0,CE,0.0,0.0,0.0,104.7,23.45,0,0.0,0,0,18-APR-2022,
OPTSTK,BRITANNIA,26-May-2022,3740.0,CE,0.0,0.0,0.0,99.0,21.0,0,0.0,0,0,18-APR-2022,
OPTSTK,BRITANNIA,26-May-2022,3760.0,CE,0.0,0.0,0.0,93.55,18.8,0,0.0,0,0,18-APR-2022,
OPTSTK,BRITANNIA,26-May-2022,3780.0,CE,0.0,0.0,0.0,88.3,16.75,0,0.0,0,0,18-APR-2022,
OPTSTK,BRITANNIA,26-May-2022,3800.0,CE,0.0,0.0,0.0,83.5,14.95,0,0.0,0,0,18-APR-2022,
OPTSTK,BRITANNIA,26-May-2022,3820.0,CE,0.0,0.0,0.0,78.75,13.3,0,0.0,0,0,18-APR-2022,
OPTSTK,BRITANNIA,26-May-2022,3840.0,CE,0.0,0.0,0.0,74.25,11.8,0,0.0,0,0,18-APR-2022,
OPTSTK,BRITANNIA,26-May-2022,3860.0,CE,0.0,0.0,0.0,70.0,10.45,0,0.0,0,0,18-APR-2022,
OPTSTK,BRITANNIA,26-May-2022,3880.0,CE,0.0,0.0,0.0,65.75,9.25,0,0.0,0,0,18-APR-2022,
OPTSTK,BRITANNIA,26-May-2022,3900.0,CE,0.0,0.0,0.0,61.85,8.15,0,0.0,0,0,18-APR-2022,
OPTSTK,BRITANNIA,26-May-2022,3920.0,CE,0.0,0.0,0.0,58.2,7.2,0,0.0,0,0,18-APR-2022,
OPTSTK,BRITANNIA,26-May-2022,3940.0,CE,0.0,0.0,0.0,54.65,6.35,0,0.0,0,0,18-APR-2022,
OPTSTK,BRITANNIA,26-May-2022,3960.0,CE,0.0,0.0,0.0,51.35,5.55,0,0.0,0,0,18-APR-2022,
OPTSTK,BRITANNIA,26-May-2022,3980.0,CE,0.0,0.0,0.0,48.2,4.9,0,0.0,0,0,18-APR-2022,
OPTSTK,BRITANNIA,26-May-2022,4000.0,CE,0.0,0.0,0.0,45.2,4.3,0,0.0,0,0,18-APR-2022,
OPTSTK,BRITANNIA,26-May-2022,4020.0,CE,0.0,0.0,0.0,42.4,3.75,0,0.0,0,0,18-APR-2022,
OPTSTK,BRITANNIA,26-May-2022,4040.0,CE,0.0,0.0,0.0,39.7,3.25,0,0.0,0,0,18-APR-2022,
OPTSTK,BRITANNIA,26-May-2022,4060.0,CE,0.0,0.0,0.0,37.2,2.85,0,0.0,0,0,18-APR-2022,
OPTSTK,BRITANNIA,26-May-2022,4080.0,CE,0.0,0.0,0.0,34.8,2.5,0,0.0,0,0,18-APR-2022,
OPTSTK,BRITANNIA,26-May-2022,4100.0,CE,0.0,0.0,0.0,32.55,2.15,0,0.0,0,0,18-APR-2022,
OPTSTK,BRITANNIA,26-May-2022,4120.0,CE,0.0,0.0,0.0,30.45,1.9,0,0.0,0,0,18-APR-2022,
OPTSTK,BRITANNIA,26-May-2022,4140.0,CE,0.0,0.0,0.0,28.45,1.65,0,0.0,0,0,18-APR-2022,
OPTSTK,BRITANNIA,26-May-2022,4160.0,CE,0.0,0.0,0.0,26.55,1.4,0,0.0,0,0,18-APR-2022,
OPTSTK,BRITANNIA,26-May-2022,4180.0,CE,0.0,0.0,0.0,24.8,1.2,0,0.0,0,0,18-APR-2022,
OPTSTK,BRITANNIA,26-May-2022,4200.0,CE,0.0,0.0,0.0,23.15,1.05,0,0.0,0,0,18-APR-2022,
OPTSTK,BRITANNIA,26-May-2022,4220.0,CE,0.0,0.0,0.0,21.55,0.9,0,0.0,0,0,18-APR-2022,
OPTSTK,BRITANNIA,26-May-2022,4240.0,CE,0.0,0.0,0.0,20.1,0.8,0,0.0,0,0,18-APR-2022,
OPTSTK,BRITANNIA,26-May-2022,2700.0,PE,0.0,0.0,0.0,6.15,1.0,0,0.0,0,0,18-APR-2022,
OPTSTK,BRITANNIA,26-May-2022,2720.0,PE,0.0,0.0,0.0,7.05,1.25,0,0.0,0,0,18-APR-2022,
OPTSTK,BRITANNIA,26-May-2022,2740.0,PE,0.0,0.0,0.0,8.0,1.6,0,0.0,0,0,18-APR-2022,
OPTSTK,BRITANNIA,26-May-2022,2760.0,PE,0.0,0.0,0.0,9.1,1.95,0,0.0,0,0,18-APR-2022,
OPTSTK,BRITANNIA,26-May-2022,2780.0,PE,0.0,0.0,0.0,10.3,2.4,0,0.0,0,0,18-APR-2022,
OPTSTK,BRITANNIA,26-May-2022,2800.0,PE,0.0,0.0,0.0,26.05,2.95,0,0.0,800,0,18-APR-2022,
OPTSTK,BRITANNIA,26-May-2022,2820.0,PE,0.0,0.0,0.0,13.1,3.6,0,0.0,0,0,18-APR-2022,
OPTSTK,BRITANNIA,26-May-2022,2840.0,PE,0.0,0.0,0.0,14.75,4.35,0,0.0,0,0,18-APR-2022,
OPTSTK,BRITANNIA,26-May-2022,2860.0,PE,0.0,0.0,0.0,16.5,5.25,0,0.0,0,0,18-APR-2022,
OPTSTK,BRITANNIA,26-May-2022,2880.0,PE,0.0,0.0,0.0,18.4,6.3,0,0.0,0,0,18-APR-2022,
OPTSTK,BRITANNIA,26-May-2022,2900.0,PE,0.0,0.0,0.0,40.0,7.55,0,0.0,600,0,18-APR-2022,
OPTSTK,BRITANNIA,26-May-2022,2920.0,PE,0.0,0.0,0.0,22.8,8.95,0,0.0,0,0,18-APR-2022,
OPTSTK,BRITANNIA,26-May-2022,2940.0,PE,0.0,0.0,0.0,25.3,10.55,0,0.0,0,0,18-APR-2022,
OPTSTK,BRITANNIA,26-May-2022,2960.0,PE,0.0,0.0,0.0,27.95,12.35,0,0.0,0,0,18-APR-2022,
OPTSTK,BRITANNIA,26-May-2022,2980.0,PE,0.0,0.0,0.0,30.85,14.45,0,0.0,0,0,18-APR-2022,
OPTSTK,BRITANNIA,26-May-2022,3000.0,PE,19.0,19.0,19.0,19.0,16.8,1,6.03,1600,-200,18-APR-2022,
OPTSTK,BRITANNIA,26-May-2022,3020.0,PE,0.0,0.0,0.0,37.3,19.45,0,0.0,0,0,18-APR-2022,
OPTSTK,BRITANNIA,26-May-2022,3040.0,PE,0.0,0.0,0.0,40.85,22.4,0,0.0,0,0,18-APR-2022,
OPTSTK,BRITANNIA,26-May-2022,3060.0,PE,0.0,0.0,0.0,44.65,25.65,0,0.0,0,0,18-APR-2022,
OPTSTK,BRITANNIA,26-May-2022,3080.0,PE,0.0,0.0,0.0,48.75,29.3,0,0.0,0,0,18-APR-2022,
OPTSTK,BRITANNIA,26-May-2022,3100.0,PE,0.0,0.0,0.0,34.0,33.3,0,0.0,1800,0,18-APR-2022,
OPTSTK,BRITANNIA,26-May-2022,3120.0,PE,0.0,0.0,0.0,57.7,37.7,0,0.0,0,0,18-APR-2022,
OPTSTK,BRITANNIA,26-May-2022,3140.0,PE,0.0,0.0,0.0,62.7,42.5,0,0.0,0,0,18-APR-2022,
OPTSTK,BRITANNIA,26-May-2022,3160.0,PE,0.0,0.0,0.0,67.85,47.85,0,0.0,0,0,18-APR-2022,
OPTSTK,BRITANNIA,26-May-2022,3180.0,PE,0.0,0.0,0.0,73.3,53.35,0,0.0,0,0,18-APR-2022,
OPTSTK,BRITANNIA,26-May-2022,3200.0,PE,40.0,40.0,40.0,40.0,59.5,1,6.48,3400,0,18-APR-2022,
OPTSTK,BRITANNIA,26-May-2022,3220.0,PE,0.0,0.0,0.0,84.95,66.15,0,0.0,0,0,18-APR-2022,
OPTSTK,BRITANNIA,26-May-2022,3240.0,PE,0.0,0.0,0.0,91.35,73.25,0,0.0,0,0,18-APR-2022,
OPTSTK,BRITANNIA,26-May-2022,3260.0,PE,0.0,0.0,0.0,98.0,80.85,0,0.0,0,0,18-APR-2022,
OPTSTK,BRITANNIA,26-May-2022,3280.0,PE,0.0,0.0,0.0,105.0,88.95,0,0.0,0,0,18-APR-2022,
OPTSTK,BRITANNIA,26-May-2022,3300.0,PE,0.0,0.0,0.0,82.35,97.55,0,0.0,800,0,18-APR-2022,
OPTSTK,BRITANNIA,26-May-2022,3320.0,PE,0.0,0.0,0.0,120.0,106.65,0,0.0,0,0,18-APR-2022,
OPTSTK,BRITANNIA,26-May-2022,3340.0,PE,0.0,0.0,0.0,127.95,116.25,0,0.0,0,0,18-APR-2022,
OPTSTK,BRITANNIA,26-May-2022,3360.0,PE,0.0,0.0,0.0,136.25,126.35,0,0.0,0,0,18-APR-2022,
OPTSTK,BRITANNIA,26-May-2022,3380.0,PE,0.0,0.0,0.0,144.9,136.95,0,0.0,0,0,18-APR-2022,
OPTSTK,BRITANNIA,26-May-2022,3400.0,PE,0.0,0.0,0.0,153.85,148.1,0,0.0,0,0,18-APR-2022,
OPTSTK,BRITANNIA,26-May-2022,3420.0,PE,0.0,0.0,0.0,163.15,159.7,0,0.0,0,0,18-APR-2022,
OPTSTK,BRITANNIA,26-May-2022,3440.0,PE,0.0,0.0,0.0,172.75,171.75,0,0.0,0,0,18-APR-2022,
OPTSTK,BRITANNIA,26-May-2022,3460.0,PE,0.0,0.0,0.0,182.65,184.3,0,0.0,0,0,18-APR-2022,
OPTSTK,BRITANNIA,26-May-2022,3480.0,PE,0.0,0.0,0.0,192.9,197.3,0,0.0,0,0,18-APR-2022,
OPTSTK,BRITANNIA,26-May-2022,3500.0,PE,0.0,0.0,0.0,203.5,210.75,0,0.0,0,0,18-APR-2022,
OPTSTK,BRITANNIA,26-May-2022,3520.0,PE,0.0,0.0,0.0,214.35,224.65,0,0.0,0,0,18-APR-2022,
OPTSTK,BRITANNIA,26-May-2022,3540.0,PE,0.0,0.0,0.0,225.55,238.95,0,0.0,0,0,18-APR-2022,
OPTSTK,BRITANNIA,26-May-2022,3560.0,PE,0.0,0.0,0.0,237.1,253.75,0,0.0,0,0,18-APR-2022,
OPTSTK,BRITANNIA,26-May-2022,3580.0,PE,0.0,0.0,0.0,248.9,268.85,0,0.0,0,0,18-APR-2022,
OPTSTK,BRITANNIA,26-May-2022,3600.0,PE,0.0,0.0,0.0,261.05,284.2,0,0.0,0,0,18-APR-2022,
OPTSTK,BRITANNIA,26-May-2022,3620.0,PE,0.0,0.0,0.0,273.45,299.95,0,0.0,0,0,18-APR-2022,
OPTSTK,BRITANNIA,26-May-2022,3640.0,PE,0.0,0.0,0.0,286.15,316.05,0,0.0,0,0,18-APR-2022,
OPTSTK,BRITANNIA,26-May-2022,3660.0,PE,0.0,0.0,0.0,299.15,332.5,0,0.0,0,0,18-APR-2022,
OPTSTK,BRITANNIA,26-May-2022,3680.0,PE,0.0,0.0,0.0,312.4,349.2,0,0.0,0,0,18-APR-2022,
OPTSTK,BRITANNIA,26-May-2022,3700.0,PE,0.0,0.0,0.0,325.95,366.15,0,0.0,0,0,18-APR-2022,
OPTSTK,BRITANNIA,26-May-2022,3720.0,PE,0.0,0.0,0.0,339.8,383.35,0,0.0,0,0,18-APR-2022,
OPTSTK,BRITANNIA,26-May-2022,3740.0,PE,0.0,0.0,0.0,353.85,400.85,0,0.0,0,0,18-APR-2022,
OPTSTK,BRITANNIA,26-May-2022,3760.0,PE,0.0,0.0,0.0,368.2,418.55,0,0.0,0,0,18-APR-2022,
OPTSTK,BRITANNIA,26-May-2022,3780.0,PE,0.0,0.0,0.0,382.75,436.4,0,0.0,0,0,18-APR-2022,
OPTSTK,BRITANNIA,26-May-2022,3800.0,PE,0.0,0.0,0.0,397.75,454.5,0,0.0,0,0,18-APR-2022,
OPTSTK,BRITANNIA,26-May-2022,3820.0,PE,0.0,0.0,0.0,412.8,472.75,0,0.0,0,0,18-APR-2022,
OPTSTK,BRITANNIA,26-May-2022,3840.0,PE,0.0,0.0,0.0,428.1,491.2,0,0.0,0,0,18-APR-2022,
OPTSTK,BRITANNIA,26-May-2022,3860.0,PE,0.0,0.0,0.0,443.6,509.75,0,0.0,0,0,18-APR-2022,
OPTSTK,BRITANNIA,26-May-2022,3880.0,PE,0.0,0.0,0.0,459.15,528.45,0,0.0,0,0,18-APR-2022,
OPTSTK,BRITANNIA,26-May-2022,3900.0,PE,0.0,0.0,0.0,475.05,547.3,0,0.0,0,0,18-APR-2022,
OPTSTK,BRITANNIA,26-May-2022,3920.0,PE,0.0,0.0,0.0,491.15,566.25,0,0.0,0,0,18-APR-2022,
OPTSTK,BRITANNIA,26-May-2022,3940.0,PE,0.0,0.0,0.0,507.45,585.3,0,0.0,0,0,18-APR-2022,
OPTSTK,BRITANNIA,26-May-2022,3960.0,PE,0.0,0.0,0.0,523.9,604.45,0,0.0,0,0,18-APR-2022,
OPTSTK,BRITANNIA,26-May-2022,3980.0,PE,0.0,0.0,0.0,540.55,623.65,0,0.0,0,0,18-APR-2022,
OPTSTK,BRITANNIA,26-May-2022,4000.0,PE,0.0,0.0,0.0,557.35,642.95,0,0.0,0,0,18-APR-2022,
OPTSTK,BRITANNIA,26-May-2022,4020.0,PE,0.0,0.0,0.0,574.3,662.35,0,0.0,0,0,18-APR-2022,
OPTSTK,BRITANNIA,26-May-2022,4040.0,PE,0.0,0.0,0.0,591.45,681.8,0,0.0,0,0,18-APR-2022,
OPTSTK,BRITANNIA,26-May-2022,4060.0,PE,0.0,0.0,0.0,608.7,701.3,0,0.0,0,0,18-APR-2022,
OPTSTK,BRITANNIA,26-May-2022,4080.0,PE,0.0,0.0,0.0,626.1,720.8,0,0.0,0,0,18-APR-2022,
OPTSTK,BRITANNIA,26-May-2022,4100.0,PE,0.0,0.0,0.0,643.65,740.4,0,0.0,0,0,18-APR-2022,
OPTSTK,BRITANNIA,26-May-2022,4120.0,PE,0.0,0.0,0.0,661.35,760.05,0,0.0,0,0,18-APR-2022,
OPTSTK,BRITANNIA,26-May-2022,4140.0,PE,0.0,0.0,0.0,679.1,779.7,0,0.0,0,0,18-APR-2022,
OPTSTK,BRITANNIA,26-May-2022,4160.0,PE,0.0,0.0,0.0,697.05,799.4,0,0.0,0,0,18-APR-2022,
OPTSTK,BRITANNIA,26-May-2022,4180.0,PE,0.0,0.0,0.0,715.05,819.1,0,0.0,0,0,18-APR-2022,
OPTSTK,BRITANNIA,26-May-2022,4200.0,PE,0.0,0.0,0.0,733.2,838.85,0,0.0,0,0,18-APR-2022,
OPTSTK,BRITANNIA,26-May-2022,4220.0,PE,0.0,0.0,0.0,751.4,858.65,0,0.0,0,0,18-APR-2022,
OPTSTK,BRITANNIA,26-May-2022,4240.0,PE,0.0,0.0,0.0,769.75,878.4,0,0.0,0,0,18-APR-2022,
OPTSTK,BRITANNIA,30-Jun-2022,2700.0,CE,0.0,0.0,0.0,557.7,673.6,0,0.0,0,0,18-APR-2022,
OPTSTK,BRITANNIA,30-Jun-2022,2720.0,CE,0.0,0.0,0.0,540.45,654.85,0,0.0,0,0,18-APR-2022,
OPTSTK,BRITANNIA,30-Jun-2022,2740.0,CE,0.0,0.0,0.0,523.45,636.25,0,0.0,0,0,18-APR-2022,
OPTSTK,BRITANNIA,30-Jun-2022,2760.0,CE,0.0,0.0,0.0,506.65,617.75,0,0.0,0,0,18-APR-2022,
OPTSTK,BRITANNIA,30-Jun-2022,2780.0,CE,0.0,0.0,0.0,490.05,599.4,0,0.0,0,0,18-APR-2022,
OPTSTK,BRITANNIA,30-Jun-2022,2800.0,CE,0.0,0.0,0.0,473.75,581.2,0,0.0,0,0,18-APR-2022,
OPTSTK,BRITANNIA,30-Jun-2022,2820.0,CE,0.0,0.0,0.0,457.65,563.2,0,0.0,0,0,18-APR-2022,
OPTSTK,BRITANNIA,30-Jun-2022,2840.0,CE,0.0,0.0,0.0,441.85,545.35,0,0.0,0,0,18-APR-2022,
OPTSTK,BRITANNIA,30-Jun-2022,2860.0,CE,0.0,0.0,0.0,426.3,527.75,0,0.0,0,0,18-APR-2022,
OPTSTK,BRITANNIA,30-Jun-2022,2880.0,CE,0.0,0.0,0.0,411.0,510.3,0,0.0,0,0,18-APR-2022,
OPTSTK,BRITANNIA,30-Jun-2022,2900.0,CE,0.0,0.0,0.0,396.0,493.1,0,0.0,0,0,18-APR-2022,
OPTSTK,BRITANNIA,30-Jun-2022,2920.0,CE,0.0,0.0,0.0,381.4,476.1,0,0.0,0,0,18-APR-2022,
OPTSTK,BRITANNIA,30-Jun-2022,2940.0,CE,0.0,0.0,0.0,367.0,459.35,0,0.0,0,0,18-APR-2022,
OPTSTK,BRITANNIA,30-Jun-2022,2960.0,CE,0.0,0.0,0.0,352.9,442.9,0,0.0,0,0,18-APR-2022,
OPTSTK,BRITANNIA,30-Jun-2022,2980.0,CE,0.0,0.0,0.0,338.95,426.65,0,0.0,0,0,18-APR-2022,
OPTSTK,BRITANNIA,30-Jun-2022,3000.0,CE,0.0,0.0,0.0,325.5,410.7,0,0.0,0,0,18-APR-2022,
OPTSTK,BRITANNIA,30-Jun-2022,3020.0,CE,0.0,0.0,0.0,312.35,395.05,0,0.0,0,0,18-APR-2022,
OPTSTK,BRITANNIA,30-Jun-2022,3040.0,CE,0.0,0.0,0.0,299.55,379.7,0,0.0,0,0,18-APR-2022,
OPTSTK,BRITANNIA,30-Jun-2022,3060.0,CE,0.0,0.0,0.0,287.05,364.65,0,0.0,0,0,18-APR-2022,
OPTSTK,BRITANNIA,30-Jun-2022,3080.0,CE,0.0,0.0,0.0,274.9,350.0,0,0.0,0,0,18-APR-2022,
OPTSTK,BRITANNIA,30-Jun-2022,3100.0,CE,0.0,0.0,0.0,263.1,335.55,0,0.0,0,0,18-APR-2022,
OPTSTK,BRITANNIA,30-Jun-2022,3120.0,CE,0.0,0.0,0.0,251.6,321.3,0,0.0,0,0,18-APR-2022,
OPTSTK,BRITANNIA,30-Jun-2022,3140.0,CE,0.0,0.0,0.0,240.45,307.55,0,0.0,0,0,18-APR-2022,
OPTSTK,BRITANNIA,30-Jun-2022,3160.0,CE,0.0,0.0,0.0,229.65,294.15,0,0.0,0,0,18-APR-2022,
OPTSTK,BRITANNIA,30-Jun-2022,3180.0,CE,0.0,0.0,0.0,219.15,281.05,0,0.0,0,0,18-APR-2022,
OPTSTK,BRITANNIA,30-Jun-2022,3200.0,CE,0.0,0.0,0.0,209.0,268.35,0,0.0,0,0,18-APR-2022,
OPTSTK,BRITANNIA,30-Jun-2022,3220.0,CE,0.0,0.0,0.0,199.15,256.0,0,0.0,0,0,18-APR-2022,
OPTSTK,BRITANNIA,30-Jun-2022,3240.0,CE,0.0,0.0,0.0,189.7,244.05,0,0.0,0,0,18-APR-2022,
OPTSTK,BRITANNIA,30-Jun-2022,3260.0,CE,0.0,0.0,0.0,180.55,232.4,0,0.0,0,0,18-APR-2022,
OPTSTK,BRITANNIA,30-Jun-2022,3280.0,CE,0.0,0.0,0.0,171.7,221.15,0,0.0,0,0,18-APR-2022,
OPTSTK,BRITANNIA,30-Jun-2022,3300.0,CE,0.0,0.0,0.0,163.2,210.25,0,0.0,0,0,18-APR-2022,
OPTSTK,BRITANNIA,30-Jun-2022,3320.0,CE,0.0,0.0,0.0,155.0,199.75,0,0.0,0,0,18-APR-2022,
OPTSTK,BRITANNIA,30-Jun-2022,3340.0,CE,0.0,0.0,0.0,147.1,189.55,0,0.0,0,0,18-APR-2022,
OPTSTK,BRITANNIA,30-Jun-2022,3360.0,CE,0.0,0.0,0.0,139.55,179.75,0,0.0,0,0,18-APR-2022,
OPTSTK,BRITANNIA,30-Jun-2022,3380.0,CE,0.0,0.0,0.0,132.3,170.3,0,0.0,0,0,18-APR-2022,
OPTSTK,BRITANNIA,30-Jun-2022,3400.0,CE,0.0,0.0,0.0,125.3,161.25,0,0.0,0,0,18-APR-2022,
OPTSTK,BRITANNIA,30-Jun-2022,3420.0,CE,0.0,0.0,0.0,118.6,152.5,0,0.0,0,0,18-APR-2022,
OPTSTK,BRITANNIA,30-Jun-2022,3440.0,CE,0.0,0.0,0.0,112.2,144.15,0,0.0,0,0,18-APR-2022,
OPTSTK,BRITANNIA,30-Jun-2022,3460.0,CE,0.0,0.0,0.0,106.1,136.1,0,0.0,0,0,18-APR-2022,
OPTSTK,BRITANNIA,30-Jun-2022,3480.0,CE,0.0,0.0,0.0,100.2,128.4,0,0.0,0,0,18-APR-2022,
OPTSTK,BRITANNIA,30-Jun-2022,3500.0,CE,0.0,0.0,0.0,94.6,121.05,0,0.0,0,0,18-APR-2022,
OPTSTK,BRITANNIA,30-Jun-2022,3520.0,CE,0.0,0.0,0.0,89.3,114.0,0,0.0,0,0,18-APR-2022,
OPTSTK,BRITANNIA,30-Jun-2022,3540.0,CE,0.0,0.0,0.0,84.35,107.3,0,0.0,0,0,18-APR-2022,
OPTSTK,BRITANNIA,30-Jun-2022,3560.0,CE,0.0,0.0,0.0,79.5,100.85,0,0.0,0,0,18-APR-2022,
OPTSTK,BRITANNIA,30-Jun-2022,3580.0,CE,0.0,0.0,0.0,74.9,94.75,0,0.0,0,0,18-APR-2022,
OPTSTK,BRITANNIA,30-Jun-2022,3600.0,CE,0.0,0.0,0.0,70.55,88.95,0,0.0,0,0,18-APR-2022,
OPTSTK,BRITANNIA,30-Jun-2022,3620.0,CE,0.0,0.0,0.0,66.25,83.45,0,0.0,0,0,18-APR-2022,
OPTSTK,BRITANNIA,30-Jun-2022,3640.0,CE,0.0,0.0,0.0,62.25,78.2,0,0.0,0,0,18-APR-2022,
OPTSTK,BRITANNIA,30-Jun-2022,3660.0,CE,0.0,0.0,0.0,58.5,73.4,0,0.0,0,0,18-APR-2022,
OPTSTK,BRITANNIA,30-Jun-2022,3680.0,CE,0.0,0.0,0.0,54.95,68.7,0,0.0,0,0,18-APR-2022,
OPTSTK,BRITANNIA,30-Jun-2022,3700.0,CE,0.0,0.0,0.0,51.55,64.25,0,0.0,0,0,18-APR-2022,
OPTSTK,BRITANNIA,30-Jun-2022,3720.0,CE,0.0,0.0,0.0,48.35,59.9,0,0.0,0,0,18-APR-2022,
OPTSTK,BRITANNIA,30-Jun-2022,3740.0,CE,0.0,0.0,0.0,45.35,55.95,0,0.0,0,0,18-APR-2022,
OPTSTK,BRITANNIA,30-Jun-2022,3760.0,CE,0.0,0.0,0.0,42.45,52.15,0,0.0,0,0,18-APR-2022,
OPTSTK,BRITANNIA,30-Jun-2022,3780.0,CE,0.0,0.0,0.0,39.75,48.6,0,0.0,0,0,18-APR-2022,
OPTSTK,BRITANNIA,30-Jun-2022,3800.0,CE,0.0,0.0,0.0,37.2,45.3,0,0.0,0,0,18-APR-2022,
OPTSTK,BRITANNIA,30-Jun-2022,3820.0,CE,0.0,0.0,0.0,34.8,42.15,0,0.0,0,0,18-APR-2022,
OPTSTK,BRITANNIA,30-Jun-2022,3840.0,CE,0.0,0.0,0.0,32.5,39.2,0,0.0,0,0,18-APR-2022,
OPTSTK,BRITANNIA,30-Jun-2022,3860.0,CE,0.0,0.0,0.0,30.35,36.4,0,0.0,0,0,18-APR-2022,
OPTSTK,BRITANNIA,30-Jun-2022,3880.0,CE,0.0,0.0,0.0,28.35,33.8,0,0.0,0,0,18-APR-2022,
OPTSTK,BRITANNIA,30-Jun-2022,3900.0,CE,0.0,0.0,0.0,26.45,31.35,0,0.0,0,0,18-APR-2022,
OPTSTK,BRITANNIA,30-Jun-2022,3920.0,CE,0.0,0.0,0.0,24.65,29.1,0,0.0,0,0,18-APR-2022,
OPTSTK,BRITANNIA,30-Jun-2022,3940.0,CE,0.0,0.0,0.0,23.0,26.95,0,0.0,0,0,18-APR-2022,
OPTSTK,BRITANNIA,30-Jun-2022,3960.0,CE,0.0,0.0,0.0,21.45,24.95,0,0.0,0,0,18-APR-2022,
OPTSTK,BRITANNIA,30-Jun-2022,3980.0,CE,0.0,0.0,0.0,19.95,23.05,0,0.0,0,0,18-APR-2022,
OPTSTK,BRITANNIA,30-Jun-2022,4000.0,CE,0.0,0.0,0.0,18.55,21.3,0,0.0,0,0,18-APR-2022,
OPTSTK,BRITANNIA,30-Jun-2022,2700.0,PE,0.0,0.0,0.0,22.9,7.1,0,0.0,0,0,18-APR-2022,
OPTSTK,BRITANNIA,30-Jun-2022,2720.0,PE,0.0,0.0,0.0,25.45,8.2,0,0.0,0,0,18-APR-2022,
OPTSTK,BRITANNIA,30-Jun-2022,2740.0,PE,0.0,0.0,0.0,28.2,9.4,0,0.0,0,0,18-APR-2022,
OPTSTK,BRITANNIA,30-Jun-2022,2760.0,PE,0.0,0.0,0.0,31.2,10.7,0,0.0,0,0,18-APR-2022,
OPTSTK,BRITANNIA,30-Jun-2022,2780.0,PE,0.0,0.0,0.0,34.45,12.2,0,0.0,0,0,18-APR-2022,
OPTSTK,BRITANNIA,30-Jun-2022,2800.0,PE,0.0,0.0,0.0,37.9,13.85,0,0.0,0,0,18-APR-2022,
OPTSTK,BRITANNIA,30-Jun-2022,2820.0,PE,0.0,0.0,0.0,41.6,15.65,0,0.0,0,0,18-APR-2022,
OPTSTK,BRITANNIA,30-Jun-2022,2840.0,PE,0.0,0.0,0.0,45.55,17.65,0,0.0,0,0,18-APR-2022,
OPTSTK,BRITANNIA,30-Jun-2022,2860.0,PE,0.0,0.0,0.0,49.8,19.85,0,0.0,0,0,18-APR-2022,
OPTSTK,BRITANNIA,30-Jun-2022,2880.0,PE,0.0,0.0,0.0,54.3,22.25,0,0.0,0,0,18-APR-2022,
OPTSTK,BRITANNIA,30-Jun-2022,2900.0,PE,0.0,0.0,0.0,59.1,24.9,0,0.0,0,0,18-APR-2022,
OPTSTK,BRITANNIA,30-Jun-2022,2920.0,PE,0.0,0.0,0.0,64.3,27.75,0,0.0,0,0,18-APR-2022,
OPTSTK,BRITANNIA,30-Jun-2022,2940.0,PE,0.0,0.0,0.0,69.7,30.85,0,0.0,0,0,18-APR-2022,
OPTSTK,BRITANNIA,30-Jun-2022,2960.0,PE,0.0,0.0,0.0,75.35,34.2,0,0.0,0,0,18-APR-2022,
OPTSTK,BRITANNIA,30-Jun-2022,2980.0,PE,0.0,0.0,0.0,81.25,37.8,0,0.0,0,0,18-APR-2022,
OPTSTK,BRITANNIA,30-Jun-2022,3000.0,PE,0.0,0.0,0.0,87.55,41.7,0,0.0,0,0,18-APR-2022,
OPTSTK,BRITANNIA,30-Jun-2022,3020.0,PE,0.0,0.0,0.0,94.2,45.85,0,0.0,0,0,18-APR-2022,
OPTSTK,BRITANNIA,30-Jun-2022,3040.0,PE,0.0,0.0,0.0,101.2,50.3,0,0.0,0,0,18-APR-2022,
OPTSTK,BRITANNIA,30-Jun-2022,3060.0,PE,0.0,0.0,0.0,108.5,55.1,0,0.0,0,0,18-APR-2022,
OPTSTK,BRITANNIA,30-Jun-2022,3080.0,PE,0.0,0.0,0.0,116.1,60.25,0,0.0,0,0,18-APR-2022,
OPTSTK,BRITANNIA,30-Jun-2022,3100.0,PE,0.0,0.0,0.0,124.1,65.65,0,0.0,0,0,18-APR-2022,
OPTSTK,BRITANNIA,30-Jun-2022,3120.0,PE,0.0,0.0,0.0,132.4,71.25,0,0.0,0,0,18-APR-2022,
OPTSTK,BRITANNIA,30-Jun-2022,3140.0,PE,0.0,0.0,0.0,141.0,77.3,0,0.0,0,0,18-APR-2022,
OPTSTK,BRITANNIA,30-Jun-2022,3160.0,PE,0.0,0.0,0.0,150.0,83.75,0,0.0,0,0,18-APR-2022,
OPTSTK,BRITANNIA,30-Jun-2022,3180.0,PE,0.0,0.0,0.0,159.3,90.5,0,0.0,0,0,18-APR-2022,
OPTSTK,BRITANNIA,30-Jun-2022,3200.0,PE,0.0,0.0,0.0,168.95,97.65,0,0.0,0,0,18-APR-2022,
OPTSTK,BRITANNIA,30-Jun-2022,3220.0,PE,0.0,0.0,0.0,178.9,105.1,0,0.0,0,0,18-APR-2022,
OPTSTK,BRITANNIA,30-Jun-2022,3240.0,PE,0.0,0.0,0.0,189.2,112.95,0,0.0,0,0,18-APR-2022,
OPTSTK,BRITANNIA,30-Jun-2022,3260.0,PE,0.0,0.0,0.0,199.85,121.15,0,0.0,0,0,18-APR-2022,
OPTSTK,BRITANNIA,30-Jun-2022,3280.0,PE,0.0,0.0,0.0,210.8,129.75,0,0.0,0,0,18-APR-2022,
OPTSTK,BRITANNIA,30-Jun-2022,3300.0,PE,0.0,0.0,0.0,222.1,138.7,0,0.0,0,0,18-APR-2022,
OPTSTK,BRITANNIA,30-Jun-2022,3320.0,PE,0.0,0.0,0.0,233.7,148.0,0,0.0,0,0,18-APR-2022,
OPTSTK,BRITANNIA,30-Jun-2022,3340.0,PE,0.0,0.0,0.0,245.6,157.65,0,0.0,0,0,18-APR-2022,
OPTSTK,BRITANNIA,30-Jun-2022,3360.0,PE,0.0,0.0,0.0,257.8,167.65,0,0.0,0,0,18-APR-2022,
OPTSTK,BRITANNIA,30-Jun-2022,3380.0,PE,0.0,0.0,0.0,270.35,178.05,0,0.0,0,0,18-APR-2022,
OPTSTK,BRITANNIA,30-Jun-2022,3400.0,PE,0.0,0.0,0.0,283.15,188.8,0,0.0,0,0,18-APR-2022,
OPTSTK,BRITANNIA,30-Jun-2022,3420.0,PE,0.0,0.0,0.0,296.25,199.9,0,0.0,0,0,18-APR-2022,
OPTSTK,BRITANNIA,30-Jun-2022,3440.0,PE,0.0,0.0,0.0,309.65,211.35,0,0.0,0,0,18-APR-2022,
OPTSTK,BRITANNIA,30-Jun-2022,3460.0,PE,0.0,0.0,0.0,323.3,223.15,0,0.0,0,0,18-APR-2022,
OPTSTK,BRITANNIA,30-Jun-2022,3480.0,PE,0.0,0.0,0.0,337.25,235.3,0,0.0,0,0,18-APR-2022,
OPTSTK,BRITANNIA,30-Jun-2022,3500.0,PE,0.0,0.0,0.0,351.4,247.75,0,0.0,0,0,18-APR-2022,
OPTSTK,BRITANNIA,30-Jun-2022,3520.0,PE,0.0,0.0,0.0,365.85,260.55,0,0.0,0,0,18-APR-2022,
OPTSTK,BRITANNIA,30-Jun-2022,3540.0,PE,0.0,0.0,0.0,380.7,273.65,0,0.0,0,0,18-APR-2022,
OPTSTK,BRITANNIA,30-Jun-2022,3560.0,PE,0.0,0.0,0.0,395.65,287.1,0,0.0,0,0,18-APR-2022,
OPTSTK,BRITANNIA,30-Jun-2022,3580.0,PE,0.0,0.0,0.0,410.85,300.8,0,0.0,0,0,18-APR-2022,
OPTSTK,BRITANNIA,30-Jun-2022,3600.0,PE,0.0,0.0,0.0,426.25,314.85,0,0.0,0,0,18-APR-2022,
OPTSTK,BRITANNIA,30-Jun-2022,3620.0,PE,0.0,0.0,0.0,441.75,329.15,0,0.0,0,0,18-APR-2022,
OPTSTK,BRITANNIA,30-Jun-2022,3640.0,PE,0.0,0.0,0.0,457.6,343.75,0,0.0,0,0,18-APR-2022,
OPTSTK,BRITANNIA,30-Jun-2022,3660.0,PE,0.0,0.0,0.0,473.6,358.75,0,0.0,0,0,18-APR-2022,
OPTSTK,BRITANNIA,30-Jun-2022,3680.0,PE,0.0,0.0,0.0,489.85,373.9,0,0.0,0,0,18-APR-2022,
OPTSTK,BRITANNIA,30-Jun-2022,3700.0,PE,0.0,0.0,0.0,506.25,389.3,0,0.0,0,0,18-APR-2022,
OPTSTK,BRITANNIA,30-Jun-2022,3720.0,PE,0.0,0.0,0.0,522.85,404.8,0,0.0,0,0,18-APR-2022,
OPTSTK,BRITANNIA,30-Jun-2022,3740.0,PE,0.0,0.0,0.0,539.6,420.6,0,0.0,0,0,18-APR-2022,
OPTSTK,BRITANNIA,30-Jun-2022,3760.0,PE,0.0,0.0,0.0,556.5,436.7,0,0.0,0,0,18-APR-2022,
OPTSTK,BRITANNIA,30-Jun-2022,3780.0,PE,0.0,0.0,0.0,573.6,453.0,0,0.0,0,0,18-APR-2022,
OPTSTK,BRITANNIA,30-Jun-2022,3800.0,PE,0.0,0.0,0.0,590.85,469.45,0,0.0,0,0,18-APR-2022,
OPTSTK,BRITANNIA,30-Jun-2022,3820.0,PE,0.0,0.0,0.0,608.2,486.15,0,0.0,0,0,18-APR-2022,
OPTSTK,BRITANNIA,30-Jun-2022,3840.0,PE,0.0,0.0,0.0,625.75,503.05,0,0.0,0,0,18-APR-2022,
OPTSTK,BRITANNIA,30-Jun-2022,3860.0,PE,0.0,0.0,0.0,643.4,520.1,0,0.0,0,0,18-APR-2022,
OPTSTK,BRITANNIA,30-Jun-2022,3880.0,PE,0.0,0.0,0.0,661.15,537.3,0,0.0,0,0,18-APR-2022,
OPTSTK,BRITANNIA,30-Jun-2022,3900.0,PE,0.0,0.0,0.0,679.05,554.7,0,0.0,0,0,18-APR-2022,
OPTSTK,BRITANNIA,30-Jun-2022,3920.0,PE,0.0,0.0,0.0,697.05,572.25,0,0.0,0,0,18-APR-2022,
OPTSTK,BRITANNIA,30-Jun-2022,3940.0,PE,0.0,0.0,0.0,715.15,589.95,0,0.0,0,0,18-APR-2022,
OPTSTK,BRITANNIA,30-Jun-2022,3960.0,PE,0.0,0.0,0.0,733.4,607.75,0,0.0,0,0,18-APR-2022,
OPTSTK,BRITANNIA,30-Jun-2022,3980.0,PE,0.0,0.0,0.0,751.7,625.75,0,0.0,0,0,18-APR-2022,
OPTSTK,BRITANNIA,30-Jun-2022,4000.0,PE,0.0,0.0,0.0,770.1,643.8,0,0.0,0,0,18-APR-2022,
OPTSTK,BSOFT,28-Apr-2022,280.0,CE,0.0,0.0,0.0,162.95,145.35,0,0.0,0,0,18-APR-2022,
OPTSTK,BSOFT,28-Apr-2022,290.0,CE,0.0,0.0,0.0,153.8,135.35,0,0.0,0,0,18-APR-2022,
OPTSTK,BSOFT,28-Apr-2022,300.0,CE,0.0,0.0,0.0,144.85,125.35,0,0.0,0,0,18-APR-2022,
OPTSTK,BSOFT,28-Apr-2022,310.0,CE,0.0,0.0,0.0,136.15,115.35,0,0.0,0,0,18-APR-2022,
OPTSTK,BSOFT,28-Apr-2022,320.0,CE,0.0,0.0,0.0,127.65,105.4,0,0.0,0,0,18-APR-2022,
OPTSTK,BSOFT,28-Apr-2022,330.0,CE,0.0,0.0,0.0,119.45,95.45,0,0.0,0,0,18-APR-2022,
OPTSTK,BSOFT,28-Apr-2022,340.0,CE,0.0,0.0,0.0,111.5,85.5,0,0.0,0,0,18-APR-2022,
OPTSTK,BSOFT,28-Apr-2022,350.0,CE,0.0,0.0,0.0,103.85,75.65,0,0.0,0,0,18-APR-2022,
OPTSTK,BSOFT,28-Apr-2022,360.0,CE,0.0,0.0,0.0,96.5,66.0,0,0.0,0,0,18-APR-2022,
OPTSTK,BSOFT,28-Apr-2022,370.0,CE,0.0,0.0,0.0,89.5,56.6,0,0.0,0,0,18-APR-2022,
OPTSTK,BSOFT,28-Apr-2022,380.0,CE,0.0,0.0,0.0,82.85,47.6,0,0.0,0,0,18-APR-2022,
OPTSTK,BSOFT,28-Apr-2022,390.0,CE,0.0,0.0,0.0,76.5,39.15,0,0.0,0,0,18-APR-2022,
OPTSTK,BSOFT,28-Apr-2022,400.0,CE,47.0,47.0,33.75,33.75,31.45,13,74.66,29900,7800,18-APR-2022,
OPTSTK,BSOFT,28-Apr-2022,410.0,CE,0.0,0.0,0.0,48.5,24.65,0,0.0,3900,0,18-APR-2022,
OPTSTK,BSOFT,28-Apr-2022,420.0,CE,28.0,30.25,18.4,19.45,19.45,71,406.85,66300,35100,18-APR-2022,
OPTSTK,BSOFT,28-Apr-2022,430.0,CE,23.3,23.3,13.45,14.25,14.25,745,4316.05,195000,135200,18-APR-2022,
OPTSTK,BSOFT,28-Apr-2022,440.0,CE,2.0,19.05,1.95,10.0,10.0,1146,6751.78,375700,262600,18-APR-2022,
OPTSTK,BSOFT,28-Apr-2022,450.0,CE,11.7,14.25,6.85,7.2,7.2,1941,11589.68,486200,183300,18-APR-2022,
OPTSTK,BSOFT,28-Apr-2022,460.0,CE,11.15,11.15,4.9,5.2,5.2,1373,8334.03,517400,156000,18-APR-2022,
OPTSTK,BSOFT,28-Apr-2022,470.0,CE,9.15,9.15,3.55,3.9,3.9,1359,8391.44,457600,-100100,18-APR-2022,
OPTSTK,BSOFT,28-Apr-2022,480.0,CE,6.9,6.9,2.8,3.0,3.0,1397,8787.19,725400,-139100,18-APR-2022,
OPTSTK,BSOFT,28-Apr-2022,490.0,CE,6.7,6.7,2.3,2.55,2.55,1463,9378.33,1462500,107900,18-APR-2022,
OPTSTK,BSOFT,28-Apr-2022,500.0,CE,4.5,5.7,1.95,2.05,2.05,2443,15960.85,2870400,201500,18-APR-2022,
OPTSTK,BSOFT,28-Apr-2022,510.0,CE,1.75,2.7,1.5,1.7,1.7,683,4546.17,477100,101400,18-APR-2022,
OPTSTK,BSOFT,28-Apr-2022,520.0,CE,2.25,3.05,1.25,1.3,1.3,713,4835.68,652600,85800,18-APR-2022,
OPTSTK,BSOFT,28-Apr-2022,530.0,CE,1.35,4.35,1.0,1.05,1.05,478,3301.99,335400,-28600,18-APR-2022,
OPTSTK,BSOFT,28-Apr-2022,540.0,CE,1.25,1.85,0.85,0.9,0.9,253,1779.88,209300,-71500,18-APR-2022,
OPTSTK,BSOFT,28-Apr-2022,550.0,CE,1.15,1.25,0.7,0.75,0.75,450,3223.14,501800,-78000,18-APR-2022,
OPTSTK,BSOFT,28-Apr-2022,560.0,CE,0.8,1.0,0.55,0.6,0.6,105,765.43,110500,-18200,18-APR-2022,
OPTSTK,BSOFT,28-Apr-2022,570.0,CE,1.05,1.05,0.5,0.55,0.55,80,593.5,74100,-2600,18-APR-2022,
OPTSTK,BSOFT,28-Apr-2022,580.0,CE,0.6,0.85,0.4,0.5,0.5,94,709.44,136500,-26000,18-APR-2022,
OPTSTK,BSOFT,28-Apr-2022,590.0,CE,0.45,0.45,0.45,0.45,0.0,1,7.67,5200,0,18-APR-2022,
OPTSTK,BSOFT,28-Apr-2022,600.0,CE,0.35,0.35,0.2,0.2,0.2,211,1646.57,503100,-16900,18-APR-2022,
OPTSTK,BSOFT,28-Apr-2022,610.0,CE,0.0,0.0,0.0,1.75,0.0,0,0.0,2600,0,18-APR-2022,
OPTSTK,BSOFT,28-Apr-2022,620.0,CE,0.05,0.25,0.05,0.25,0.0,2,16.12,26000,-1300,18-APR-2022,
OPTSTK,BSOFT,28-Apr-2022,630.0,CE,0.0,0.0,0.0,1.0,0.0,0,0.0,2600,0,18-APR-2022,
OPTSTK,BSOFT,28-Apr-2022,640.0,CE,0.2,0.2,0.2,0.2,0.0,1,8.32,26000,0,18-APR-2022,
OPTSTK,BSOFT,28-Apr-2022,280.0,PE,0.0,0.0,0.0,0.1,0.0,0,0.0,0,0,18-APR-2022,
OPTSTK,BSOFT,28-Apr-2022,290.0,PE,0.0,0.0,0.0,2.9,0.0,0,0.0,0,0,18-APR-2022,
OPTSTK,BSOFT,28-Apr-2022,300.0,PE,0.05,0.15,0.05,0.15,0.0,4,15.6,44200,-2600,18-APR-2022,
OPTSTK,BSOFT,28-Apr-2022,310.0,PE,0.0,0.0,0.0,0.25,0.0,0,0.0,3900,0,18-APR-2022,
OPTSTK,BSOFT,28-Apr-2022,320.0,PE,0.0,0.0,0.0,0.7,0.05,0,0.0,7800,0,18-APR-2022,
OPTSTK,BSOFT,28-Apr-2022,330.0,PE,0.25,0.4,0.2,0.3,0.05,30,128.8,18200,5200,18-APR-2022,
OPTSTK,BSOFT,28-Apr-2022,340.0,PE,0.4,0.6,0.3,0.35,0.35,45,199.13,11700,-3900,18-APR-2022,
OPTSTK,BSOFT,28-Apr-2022,350.0,PE,0.8,1.15,0.45,0.85,0.85,174,793.41,248300,19500,18-APR-2022,
OPTSTK,BSOFT,28-Apr-2022,360.0,PE,1.5,1.6,0.75,1.25,1.25,55,258.24,74100,-1300,18-APR-2022,
OPTSTK,BSOFT,28-Apr-2022,370.0,PE,1.9,2.35,1.15,1.9,1.9,147,710.48,42900,3900,18-APR-2022,
OPTSTK,BSOFT,28-Apr-2022,380.0,PE,2.45,3.55,1.75,2.85,2.85,396,1970.41,137800,-3900,18-APR-2022,
OPTSTK,BSOFT,28-Apr-2022,390.0,PE,4.0,5.1,2.7,4.6,4.6,273,1398.09,85800,5200,18-APR-2022,
OPTSTK,BSOFT,28-Apr-2022,400.0,PE,6.55,8.35,4.1,6.35,6.35,1145,6037.63,534300,-50700,18-APR-2022,
OPTSTK,BSOFT,28-Apr-2022,410.0,PE,7.7,10.3,5.85,9.4,9.4,523,2842.03,130000,9100,18-APR-2022,
OPTSTK,BSOFT,28-Apr-2022,420.0,PE,12.55,14.5,8.15,13.1,13.1,1115,6249.68,370500,-46800,18-APR-2022,
OPTSTK,BSOFT,28-Apr-2022,430.0,PE,14.05,19.75,11.2,18.4,18.4,946,5471.34,249600,-37700,18-APR-2022,
OPTSTK,BSOFT,28-Apr-2022,440.0,PE,19.95,25.4,15.0,23.45,23.45,750,4467.52,256100,-20800,18-APR-2022,
OPTSTK,BSOFT,28-Apr-2022,450.0,PE,24.1,32.8,20.0,30.9,30.9,260,1609.86,248300,-89700,18-APR-2022,
OPTSTK,BSOFT,28-Apr-2022,460.0,PE,28.7,40.75,26.6,39.55,39.55,116,743.33,171600,-37700,18-APR-2022,
OPTSTK,BSOFT,28-Apr-2022,470.0,PE,37.95,47.35,33.9,46.2,46.2,56,372.98,131300,-15600,18-APR-2022,
OPTSTK,BSOFT,28-Apr-2022,480.0,PE,43.1,54.65,42.0,54.65,56.5,19,130.61,83200,-6500,18-APR-2022,
OPTSTK,BSOFT,28-Apr-2022,490.0,PE,53.8,64.0,51.85,59.25,65.75,10,71.08,149500,-5200,18-APR-2022,
OPTSTK,BSOFT,28-Apr-2022,500.0,PE,63.0,76.45,60.7,76.45,76.45,10,73.9,118300,-5200,18-APR-2022,
OPTSTK,BSOFT,28-Apr-2022,510.0,PE,72.2,76.75,72.2,76.75,84.9,2,15.19,15600,0,18-APR-2022,
OPTSTK,BSOFT,28-Apr-2022,520.0,PE,0.0,0.0,0.0,66.35,94.7,0,0.0,7800,0,18-APR-2022,
OPTSTK,BSOFT,28-Apr-2022,530.0,PE,0.0,0.0,0.0,107.65,104.55,0,0.0,0,0,18-APR-2022,
OPTSTK,BSOFT,28-Apr-2022,540.0,PE,0.0,0.0,0.0,63.6,114.5,0,0.0,7800,0,18-APR-2022,
OPTSTK,BSOFT,28-Apr-2022,550.0,PE,0.0,0.0,0.0,67.45,124.45,0,0.0,1300,0,18-APR-2022,
OPTSTK,BSOFT,28-Apr-2022,560.0,PE,0.0,0.0,0.0,102.0,134.4,0,0.0,1300,0,18-APR-2022,
OPTSTK,BSOFT,28-Apr-2022,570.0,PE,0.0,0.0,0.0,140.05,144.4,0,0.0,0,0,18-APR-2022,
OPTSTK,BSOFT,28-Apr-2022,580.0,PE,0.0,0.0,0.0,148.55,154.35,0,0.0,0,0,18-APR-2022,
OPTSTK,BSOFT,28-Apr-2022,590.0,PE,0.0,0.0,0.0,157.2,164.35,0,0.0,0,0,18-APR-2022,
OPTSTK,BSOFT,28-Apr-2022,600.0,PE,0.0,0.0,0.0,165.95,174.35,0,0.0,0,0,18-APR-2022,
OPTSTK,BSOFT,28-Apr-2022,610.0,PE,0.0,0.0,0.0,174.8,184.35,0,0.0,0,0,18-APR-2022,
OPTSTK,BSOFT,28-Apr-2022,620.0,PE,0.0,0.0,0.0,183.75,194.3,0,0.0,0,0,18-APR-2022,
OPTSTK,BSOFT,28-Apr-2022,630.0,PE,0.0,0.0,0.0,192.8,204.3,0,0.0,0,0,18-APR-2022,
OPTSTK,BSOFT,28-Apr-2022,640.0,PE,0.0,0.0,0.0,201.95,214.3,0,0.0,0,0,18-APR-2022,
OPTSTK,BSOFT,26-May-2022,280.0,CE,0.0,0.0,0.0,110.95,146.5,0,0.0,0,0,18-APR-2022,
OPTSTK,BSOFT,26-May-2022,290.0,CE,0.0,0.0,0.0,102.8,136.7,0,0.0,0,0,18-APR-2022,
OPTSTK,BSOFT,26-May-2022,300.0,CE,0.0,0.0,0.0,94.95,127.05,0,0.0,0,0,18-APR-2022,
OPTSTK,BSOFT,26-May-2022,310.0,CE,0.0,0.0,0.0,87.45,117.5,0,0.0,0,0,18-APR-2022,
OPTSTK,BSOFT,26-May-2022,320.0,CE,0.0,0.0,0.0,80.35,108.15,0,0.0,0,0,18-APR-2022,
OPTSTK,BSOFT,26-May-2022,330.0,CE,0.0,0.0,0.0,73.6,99.0,0,0.0,0,0,18-APR-2022,
OPTSTK,BSOFT,26-May-2022,340.0,CE,0.0,0.0,0.0,67.25,90.15,0,0.0,0,0,18-APR-2022,
OPTSTK,BSOFT,26-May-2022,350.0,CE,0.0,0.0,0.0,61.25,81.6,0,0.0,0,0,18-APR-2022,
OPTSTK,BSOFT,26-May-2022,360.0,CE,0.0,0.0,0.0,55.7,73.45,0,0.0,0,0,18-APR-2022,
OPTSTK,BSOFT,26-May-2022,370.0,CE,0.0,0.0,0.0,50.5,65.75,0,0.0,0,0,18-APR-2022,
OPTSTK,BSOFT,26-May-2022,380.0,CE,0.0,0.0,0.0,45.7,58.45,0,0.0,0,0,18-APR-2022,
OPTSTK,BSOFT,26-May-2022,390.0,CE,0.0,0.0,0.0,41.25,51.65,0,0.0,0,0,18-APR-2022,
OPTSTK,BSOFT,26-May-2022,400.0,CE,0.0,0.0,0.0,37.2,45.4,0,0.0,0,0,18-APR-2022,
OPTSTK,BSOFT,26-May-2022,410.0,CE,0.0,0.0,0.0,33.45,39.65,0,0.0,0,0,18-APR-2022,
OPTSTK,BSOFT,26-May-2022,420.0,CE,0.0,0.0,0.0,30.0,34.45,0,0.0,0,0,18-APR-2022,
OPTSTK,BSOFT,26-May-2022,430.0,CE,29.0,29.0,29.0,29.0,29.7,1,5.96,1300,1300,18-APR-2022,
OPTSTK,BSOFT,26-May-2022,440.0,CE,0.0,0.0,0.0,24.05,25.5,0,0.0,0,0,18-APR-2022,
OPTSTK,BSOFT,26-May-2022,450.0,CE,30.55,30.55,20.6,21.7,21.75,6,36.98,13000,2600,18-APR-2022,
OPTSTK,BSOFT,26-May-2022,460.0,CE,0.0,0.0,0.0,19.15,18.5,0,0.0,0,0,18-APR-2022,
OPTSTK,BSOFT,26-May-2022,470.0,CE,10.95,10.95,10.95,10.95,15.6,2,12.5,5200,2600,18-APR-2022,
OPTSTK,BSOFT,26-May-2022,480.0,CE,14.5,14.5,12.0,13.85,13.85,4,25.66,5200,0,18-APR-2022,
OPTSTK,BSOFT,26-May-2022,490.0,CE,0.0,0.0,0.0,13.5,11.0,0,0.0,0,0,18-APR-2022,
OPTSTK,BSOFT,26-May-2022,500.0,CE,13.0,13.5,7.2,9.5,9.5,25,165.86,102700,9100,18-APR-2022,
OPTSTK,BSOFT,26-May-2022,510.0,CE,0.0,0.0,0.0,10.6,7.6,0,0.0,0,0,18-APR-2022,
OPTSTK,BSOFT,26-May-2022,520.0,CE,0.0,0.0,0.0,9.4,6.25,0,0.0,0,0,18-APR-2022,
OPTSTK,BSOFT,26-May-2022,530.0,CE,0.0,0.0,0.0,8.3,5.15,0,0.0,0,0,18-APR-2022,
OPTSTK,BSOFT,26-May-2022,540.0,CE,0.0,0.0,0.0,7.35,4.2,0,0.0,0,0,18-APR-2022,
OPTSTK,BSOFT,26-May-2022,550.0,CE,0.0,0.0,0.0,6.45,3.45,0,0.0,0,0,18-APR-2022,
OPTSTK,BSOFT,26-May-2022,560.0,CE,0.0,0.0,0.0,8.8,2.8,0,0.0,2600,0,18-APR-2022,
OPTSTK,BSOFT,26-May-2022,570.0,CE,0.0,0.0,0.0,5.05,2.25,0,0.0,0,0,18-APR-2022,
OPTSTK,BSOFT,26-May-2022,580.0,CE,0.0,0.0,0.0,4.45,1.8,0,0.0,0,0,18-APR-2022,
OPTSTK,BSOFT,26-May-2022,590.0,CE,0.0,0.0,0.0,6.1,1.45,0,0.0,0,0,18-APR-2022,
OPTSTK,BSOFT,26-May-2022,280.0,PE,0.0,0.0,0.0,5.8,0.25,0,0.0,0,0,18-APR-2022,
OPTSTK,BSOFT,26-May-2022,290.0,PE,0.0,0.0,0.0,7.55,0.45,0,0.0,0,0,18-APR-2022,
OPTSTK,BSOFT,26-May-2022,300.0,PE,0.0,0.0,0.0,2.45,0.7,0,0.0,6500,0,18-APR-2022,
OPTSTK,BSOFT,26-May-2022,310.0,PE,0.0,0.0,0.0,12.0,1.1,0,0.0,0,0,18-APR-2022,
OPTSTK,BSOFT,26-May-2022,320.0,PE,0.0,0.0,0.0,14.8,1.7,0,0.0,0,0,18-APR-2022,
OPTSTK,BSOFT,26-May-2022,330.0,PE,0.0,0.0,0.0,17.95,2.55,0,0.0,0,0,18-APR-2022,
OPTSTK,BSOFT,26-May-2022,340.0,PE,0.0,0.0,0.0,21.45,3.65,0,0.0,0,0,18-APR-2022,
OPTSTK,BSOFT,26-May-2022,350.0,PE,4.7,5.0,4.7,5.0,5.05,4,18.45,18200,2600,18-APR-2022,
OPTSTK,BSOFT,26-May-2022,360.0,PE,0.0,0.0,0.0,29.75,6.85,0,0.0,0,0,18-APR-2022,
OPTSTK,BSOFT,26-May-2022,370.0,PE,0.0,0.0,0.0,34.45,9.1,0,0.0,0,0,18-APR-2022,
OPTSTK,BSOFT,26-May-2022,380.0,PE,0.0,0.0,0.0,14.0,11.8,0,0.0,6500,0,18-APR-2022,
OPTSTK,BSOFT,26-May-2022,390.0,PE,0.0,0.0,0.0,17.7,14.95,0,0.0,1300,0,18-APR-2022,
OPTSTK,BSOFT,26-May-2022,400.0,PE,11.5,17.15,11.5,16.15,16.15,8,43.08,39000,7800,18-APR-2022,
OPTSTK,BSOFT,26-May-2022,410.0,PE,17.6,17.6,17.55,17.6,17.6,2,11.11,2600,2600,18-APR-2022,
OPTSTK,BSOFT,26-May-2022,420.0,PE,0.0,0.0,0.0,18.0,27.6,0,0.0,2600,0,18-APR-2022,
OPTSTK,BSOFT,26-May-2022,430.0,PE,25.0,30.0,25.0,29.2,29.2,12,71.33,15600,14300,18-APR-2022,
OPTSTK,BSOFT,26-May-2022,440.0,PE,29.6,33.2,29.6,33.2,38.55,2,12.25,2600,1300,18-APR-2022,
OPTSTK,BSOFT,26-May-2022,450.0,PE,38.8,42.05,38.15,40.25,44.8,6,38.21,16900,3900,18-APR-2022,
OPTSTK,BSOFT,26-May-2022,460.0,PE,0.0,0.0,0.0,92.15,51.45,0,0.0,0,0,18-APR-2022,
OPTSTK,BSOFT,26-May-2022,470.0,PE,0.0,0.0,0.0,99.95,58.55,0,0.0,0,0,18-APR-2022,
OPTSTK,BSOFT,26-May-2022,480.0,PE,0.0,0.0,0.0,107.95,66.0,0,0.0,0,0,18-APR-2022,
OPTSTK,BSOFT,26-May-2022,490.0,PE,0.0,0.0,0.0,116.15,73.85,0,0.0,0,0,18-APR-2022,
OPTSTK,BSOFT,26-May-2022,500.0,PE,77.2,77.2,77.2,77.2,81.95,1,7.5,19500,0,18-APR-2022,
OPTSTK,BSOFT,26-May-2022,510.0,PE,0.0,0.0,0.0,133.05,90.3,0,0.0,0,0,18-APR-2022,
OPTSTK,BSOFT,26-May-2022,520.0,PE,0.0,0.0,0.0,141.75,98.95,0,0.0,0,0,18-APR-2022,
OPTSTK,BSOFT,26-May-2022,530.0,PE,0.0,0.0,0.0,150.55,107.8,0,0.0,0,0,18-APR-2022,
OPTSTK,BSOFT,26-May-2022,540.0,PE,0.0,0.0,0.0,159.5,116.8,0,0.0,0,0,18-APR-2022,
OPTSTK,BSOFT,26-May-2022,550.0,PE,0.0,0.0,0.0,168.5,126.0,0,0.0,0,0,18-APR-2022,
OPTSTK,BSOFT,26-May-2022,560.0,PE,0.0,0.0,0.0,177.65,135.3,0,0.0,0,0,18-APR-2022,
OPTSTK,BSOFT,26-May-2022,570.0,PE,0.0,0.0,0.0,186.85,144.75,0,0.0,0,0,18-APR-2022,
OPTSTK,BSOFT,26-May-2022,580.0,PE,0.0,0.0,0.0,196.15,154.25,0,0.0,0,0,18-APR-2022,
OPTSTK,BSOFT,26-May-2022,590.0,PE,0.0,0.0,0.0,186.55,163.85,0,0.0,0,0,18-APR-2022,
OPTSTK,BSOFT,30-Jun-2022,280.0,CE,0.0,0.0,0.0,179.5,149.1,0,0.0,0,0,18-APR-2022,
OPTSTK,BSOFT,30-Jun-2022,290.0,CE,0.0,0.0,0.0,170.2,139.9,0,0.0,0,0,18-APR-2022,
OPTSTK,BSOFT,30-Jun-2022,300.0,CE,0.0,0.0,0.0,161.05,130.85,0,0.0,0,0,18-APR-2022,
OPTSTK,BSOFT,30-Jun-2022,310.0,CE,0.0,0.0,0.0,152.1,122.1,0,0.0,0,0,18-APR-2022,
OPTSTK,BSOFT,30-Jun-2022,320.0,CE,0.0,0.0,0.0,143.35,113.55,0,0.0,0,0,18-APR-2022,
OPTSTK,BSOFT,30-Jun-2022,330.0,CE,0.0,0.0,0.0,134.8,105.3,0,0.0,0,0,18-APR-2022,
OPTSTK,BSOFT,30-Jun-2022,340.0,CE,0.0,0.0,0.0,126.55,97.4,0,0.0,0,0,18-APR-2022,
OPTSTK,BSOFT,30-Jun-2022,350.0,CE,0.0,0.0,0.0,118.55,89.8,0,0.0,0,0,18-APR-2022,
OPTSTK,BSOFT,30-Jun-2022,360.0,CE,0.0,0.0,0.0,110.8,82.55,0,0.0,0,0,18-APR-2022,
OPTSTK,BSOFT,30-Jun-2022,370.0,CE,0.0,0.0,0.0,103.4,75.7,0,0.0,0,0,18-APR-2022,
OPTSTK,BSOFT,30-Jun-2022,380.0,CE,0.0,0.0,0.0,96.25,69.2,0,0.0,0,0,18-APR-2022,
OPTSTK,BSOFT,30-Jun-2022,390.0,CE,0.0,0.0,0.0,89.45,63.1,0,0.0,0,0,18-APR-2022,
OPTSTK,BSOFT,30-Jun-2022,400.0,CE,0.0,0.0,0.0,82.95,57.35,0,0.0,0,0,18-APR-2022,
OPTSTK,BSOFT,30-Jun-2022,410.0,CE,0.0,0.0,0.0,76.8,52.05,0,0.0,0,0,18-APR-2022,
OPTSTK,BSOFT,30-Jun-2022,420.0,CE,0.0,0.0,0.0,71.0,47.05,0,0.0,0,0,18-APR-2022,
OPTSTK,BSOFT,30-Jun-2022,430.0,CE,0.0,0.0,0.0,65.5,42.5,0,0.0,0,0,18-APR-2022,
OPTSTK,BSOFT,30-Jun-2022,440.0,CE,0.0,0.0,0.0,60.3,38.25,0,0.0,0,0,18-APR-2022,
OPTSTK,BSOFT,30-Jun-2022,450.0,CE,0.0,0.0,0.0,55.45,34.35,0,0.0,0,0,18-APR-2022,
OPTSTK,BSOFT,30-Jun-2022,460.0,CE,0.0,0.0,0.0,50.95,30.8,0,0.0,0,0,18-APR-2022,
OPTSTK,BSOFT,30-Jun-2022,470.0,CE,0.0,0.0,0.0,46.7,27.55,0,0.0,0,0,18-APR-2022,
OPTSTK,BSOFT,30-Jun-2022,480.0,CE,0.0,0.0,0.0,42.75,24.6,0,0.0,0,0,18-APR-2022,
OPTSTK,BSOFT,30-Jun-2022,490.0,CE,0.0,0.0,0.0,39.1,21.95,0,0.0,0,0,18-APR-2022,
OPTSTK,BSOFT,30-Jun-2022,500.0,CE,0.0,0.0,0.0,37.0,19.55,0,0.0,1300,0,18-APR-2022,
OPTSTK,BSOFT,30-Jun-2022,510.0,CE,0.0,0.0,0.0,32.55,17.35,0,0.0,0,0,18-APR-2022,
OPTSTK,BSOFT,30-Jun-2022,520.0,CE,0.0,0.0,0.0,29.65,15.4,0,0.0,0,0,18-APR-2022,
OPTSTK,BSOFT,30-Jun-2022,530.0,CE,0.0,0.0,0.0,26.95,13.6,0,0.0,0,0,18-APR-2022,
OPTSTK,BSOFT,30-Jun-2022,540.0,CE,0.0,0.0,0.0,24.5,12.05,0,0.0,0,0,18-APR-2022,
OPTSTK,BSOFT,30-Jun-2022,550.0,CE,0.0,0.0,0.0,22.25,10.65,0,0.0,0,0,18-APR-2022,
OPTSTK,BSOFT,30-Jun-2022,560.0,CE,0.0,0.0,0.0,20.2,9.35,0,0.0,0,0,18-APR-2022,
OPTSTK,BSOFT,30-Jun-2022,570.0,CE,0.0,0.0,0.0,18.3,8.25,0,0.0,0,0,18-APR-2022,
OPTSTK,BSOFT,30-Jun-2022,580.0,CE,0.0,0.0,0.0,16.55,7.25,0,0.0,0,0,18-APR-2022,
OPTSTK,BSOFT,30-Jun-2022,590.0,CE,0.0,0.0,0.0,15.0,6.35,0,0.0,0,0,18-APR-2022,
OPTSTK,BSOFT,30-Jun-2022,280.0,PE,0.0,0.0,0.0,1.6,1.75,0,0.0,0,0,18-APR-2022,
OPTSTK,BSOFT,30-Jun-2022,290.0,PE,0.0,0.0,0.0,2.2,2.45,0,0.0,0,0,18-APR-2022,
OPTSTK,BSOFT,30-Jun-2022,300.0,PE,0.0,0.0,0.0,2.95,3.35,0,0.0,0,0,18-APR-2022,
OPTSTK,BSOFT,30-Jun-2022,310.0,PE,0.0,0.0,0.0,3.9,4.45,0,0.0,0,0,18-APR-2022,
OPTSTK,BSOFT,30-Jun-2022,320.0,PE,0.0,0.0,0.0,5.05,5.85,0,0.0,0,0,18-APR-2022,
OPTSTK,BSOFT,30-Jun-2022,330.0,PE,0.0,0.0,0.0,6.4,7.5,0,0.0,0,0,18-APR-2022,
OPTSTK,BSOFT,30-Jun-2022,340.0,PE,0.0,0.0,0.0,8.0,9.5,0,0.0,0,0,18-APR-2022,
OPTSTK,BSOFT,30-Jun-2022,350.0,PE,0.0,0.0,0.0,9.9,11.85,0,0.0,0,0,18-APR-2022,
OPTSTK,BSOFT,30-Jun-2022,360.0,PE,0.0,0.0,0.0,12.05,14.5,0,0.0,0,0,18-APR-2022,
OPTSTK,BSOFT,30-Jun-2022,370.0,PE,0.0,0.0,0.0,14.55,17.55,0,0.0,0,0,18-APR-2022,
OPTSTK,BSOFT,30-Jun-2022,380.0,PE,0.0,0.0,0.0,17.3,20.95,0,0.0,0,0,18-APR-2022,
OPTSTK,BSOFT,30-Jun-2022,390.0,PE,0.0,0.0,0.0,20.4,24.8,0,0.0,0,0,18-APR-2022,
OPTSTK,BSOFT,30-Jun-2022,400.0,PE,22.0,22.0,22.0,22.0,29.0,1,5.48,3900,1300,18-APR-2022,
OPTSTK,BSOFT,30-Jun-2022,410.0,PE,0.0,0.0,0.0,27.55,33.55,0,0.0,0,0,18-APR-2022,
OPTSTK,BSOFT,30-Jun-2022,420.0,PE,0.0,0.0,0.0,31.6,38.5,0,0.0,0,0,18-APR-2022,
OPTSTK,BSOFT,30-Jun-2022,430.0,PE,0.0,0.0,0.0,36.0,43.85,0,0.0,0,0,18-APR-2022,
OPTSTK,BSOFT,30-Jun-2022,440.0,PE,0.0,0.0,0.0,40.75,49.55,0,0.0,0,0,18-APR-2022,
OPTSTK,BSOFT,30-Jun-2022,450.0,PE,0.0,0.0,0.0,45.8,55.55,0,0.0,0,0,18-APR-2022,
OPTSTK,BSOFT,30-Jun-2022,460.0,PE,0.0,0.0,0.0,51.15,61.9,0,0.0,0,0,18-APR-2022,
OPTSTK,BSOFT,30-Jun-2022,470.0,PE,0.0,0.0,0.0,56.8,68.6,0,0.0,0,0,18-APR-2022,
OPTSTK,BSOFT,30-Jun-2022,480.0,PE,0.0,0.0,0.0,62.75,75.55,0,0.0,0,0,18-APR-2022,
OPTSTK,BSOFT,30-Jun-2022,490.0,PE,0.0,0.0,0.0,69.0,82.8,0,0.0,0,0,18-APR-2022,
OPTSTK,BSOFT,30-Jun-2022,500.0,PE,0.0,0.0,0.0,75.45,90.3,0,0.0,0,0,18-APR-2022,
OPTSTK,BSOFT,30-Jun-2022,510.0,PE,0.0,0.0,0.0,82.2,98.05,0,0.0,0,0,18-APR-2022,
OPTSTK,BSOFT,30-Jun-2022,520.0,PE,0.0,0.0,0.0,89.2,106.0,0,0.0,0,0,18-APR-2022,
OPTSTK,BSOFT,30-Jun-2022,530.0,PE,0.0,0.0,0.0,96.45,114.15,0,0.0,0,0,18-APR-2022,
OPTSTK,BSOFT,30-Jun-2022,540.0,PE,0.0,0.0,0.0,103.9,122.45,0,0.0,0,0,18-APR-2022,
OPTSTK,BSOFT,30-Jun-2022,550.0,PE,0.0,0.0,0.0,111.55,130.95,0,0.0,0,0,18-APR-2022,
OPTSTK,BSOFT,30-Jun-2022,560.0,PE,0.0,0.0,0.0,119.35,139.65,0,0.0,0,0,18-APR-2022,
OPTSTK,BSOFT,30-Jun-2022,570.0,PE,0.0,0.0,0.0,127.35,148.45,0,0.0,0,0,18-APR-2022,
OPTSTK,BSOFT,30-Jun-2022,580.0,PE,0.0,0.0,0.0,135.5,157.35,0,0.0,0,0,18-APR-2022,
OPTSTK,BSOFT,30-Jun-2022,590.0,PE,0.0,0.0,0.0,143.8,166.4,0,0.0,0,0,18-APR-2022,
OPTSTK,CANBK,28-Apr-2022,150.0,CE,0.0,0.0,0.0,93.25,84.5,0,0.0,0,0,18-APR-2022,
OPTSTK,CANBK,28-Apr-2022,155.0,CE,0.0,0.0,0.0,88.6,79.5,0,0.0,0,0,18-APR-2022,
OPTSTK,CANBK,28-Apr-2022,160.0,CE,0.0,0.0,0.0,84.0,74.5,0,0.0,0,0,18-APR-2022,
OPTSTK,CANBK,28-Apr-2022,165.0,CE,0.0,0.0,0.0,79.5,69.5,0,0.0,0,0,18-APR-2022,
OPTSTK,CANBK,28-Apr-2022,170.0,CE,0.0,0.0,0.0,75.15,64.5,0,0.0,0,0,18-APR-2022,
OPTSTK,CANBK,28-Apr-2022,175.0,CE,0.0,0.0,0.0,70.85,59.5,0,0.0,0,0,18-APR-2022,
OPTSTK,CANBK,28-Apr-2022,180.0,CE,0.0,0.0,0.0,66.7,54.55,0,0.0,0,0,18-APR-2022,
OPTSTK,CANBK,28-Apr-2022,185.0,CE,0.0,0.0,0.0,62.65,49.55,0,0.0,0,0,18-APR-2022,
OPTSTK,CANBK,28-Apr-2022,190.0,CE,0.0,0.0,0.0,58.75,44.6,0,0.0,0,0,18-APR-2022,
OPTSTK,CANBK,28-Apr-2022,195.0,CE,0.0,0.0,0.0,55.0,39.7,0,0.0,0,0,18-APR-2022,
OPTSTK,CANBK,28-Apr-2022,200.0,CE,35.0,35.5,32.5,32.5,34.85,3,37.96,75600,10800,18-APR-2022,
OPTSTK,CANBK,28-Apr-2022,205.0,CE,0.0,0.0,0.0,41.5,30.15,0,0.0,10800,0,18-APR-2022,
OPTSTK,CANBK,28-Apr-2022,210.0,CE,0.0,0.0,0.0,40.05,25.6,0,0.0,54000,0,18-APR-2022,
OPTSTK,CANBK,28-Apr-2022,215.0,CE,0.0,0.0,0.0,41.4,21.35,0,0.0,0,0,18-APR-2022,
OPTSTK,CANBK,28-Apr-2022,220.0,CE,20.0,20.0,14.5,16.85,16.85,38,485.07,426600,86400,18-APR-2022,
OPTSTK,CANBK,28-Apr-2022,225.0,CE,15.65,15.95,11.35,11.35,13.9,7,90.13,172800,-5400,18-APR-2022,
OPTSTK,CANBK,28-Apr-2022,230.0,CE,11.5,12.45,7.4,9.35,9.35,156,2010.27,707400,70200,18-APR-2022,
OPTSTK,CANBK,28-Apr-2022,235.0,CE,10.0,10.0,5.0,6.3,6.3,352,4588.36,594000,318600,18-APR-2022,
OPTSTK,CANBK,28-Apr-2022,240.0,CE,6.4,6.8,3.3,4.2,4.2,754,9963.59,2154600,394200,18-APR-2022,
OPTSTK,CANBK,28-Apr-2022,245.0,CE,4.3,4.5,2.25,2.8,2.8,518,6944.39,1960200,54000,18-APR-2022,
OPTSTK,CANBK,28-Apr-2022,250.0,CE,3.0,3.05,1.45,1.8,1.8,713,9704.09,4843800,183600,18-APR-2022,
OPTSTK,CANBK,28-Apr-2022,255.0,CE,1.85,1.95,1.0,1.25,1.25,303,4194.63,1090800,226800,18-APR-2022,
OPTSTK,CANBK,28-Apr-2022,260.0,CE,1.35,1.35,0.75,0.85,0.85,482,6791.4,2397600,334800,18-APR-2022,
OPTSTK,CANBK,28-Apr-2022,265.0,CE,0.8,1.05,0.55,0.7,0.7,180,2582.79,999000,-10800,18-APR-2022,
OPTSTK,CANBK,28-Apr-2022,270.0,CE,0.8,0.8,0.45,0.55,0.55,336,4908.49,1620000,-91800,18-APR-2022,
OPTSTK,CANBK,28-Apr-2022,275.0,CE,0.45,0.5,0.3,0.45,0.45,65,966.59,324000,-43200,18-APR-2022,
OPTSTK,CANBK,28-Apr-2022,280.0,CE,0.4,0.45,0.25,0.35,0.35,226,3420.77,1220400,-140400,18-APR-2022,
OPTSTK,CANBK,28-Apr-2022,285.0,CE,0.3,0.3,0.15,0.25,0.25,56,862.49,167400,-16200,18-APR-2022,
OPTSTK,CANBK,28-Apr-2022,290.0,CE,0.2,0.25,0.1,0.25,0.25,144,2256.3,388800,-151200,18-APR-2022,
OPTSTK,CANBK,28-Apr-2022,295.0,CE,0.15,0.25,0.1,0.15,0.15,44,701.22,37800,-10800,18-APR-2022,
OPTSTK,CANBK,28-Apr-2022,300.0,CE,0.15,0.2,0.1,0.2,0.05,36,583.52,783000,0,18-APR-2022,
OPTSTK,CANBK,28-Apr-2022,305.0,CE,0.0,0.0,0.0,0.2,0.05,0,0.0,75600,0,18-APR-2022,
OPTSTK,CANBK,28-Apr-2022,310.0,CE,0.1,0.15,0.1,0.1,0.05,10,167.45,183600,-16200,18-APR-2022,
OPTSTK,CANBK,28-Apr-2022,315.0,CE,0.1,0.1,0.05,0.1,0.1,17,289.25,70200,-32400,18-APR-2022,
OPTSTK,CANBK,28-Apr-2022,150.0,PE,0.05,0.05,0.05,0.05,0.0,1,8.1,10800,5400,18-APR-2022,
OPTSTK,CANBK,28-Apr-2022,155.0,PE,0.0,0.0,0.0,0.15,0.0,0,0.0,0,0,18-APR-2022,
OPTSTK,CANBK,28-Apr-2022,160.0,PE,0.0,0.0,0.0,0.05,0.0,0,0.0,16200,0,18-APR-2022,
OPTSTK,CANBK,28-Apr-2022,165.0,PE,0.0,0.0,0.0,2.0,0.0,0,0.0,0,0,18-APR-2022,
OPTSTK,CANBK,28-Apr-2022,170.0,PE,0.1,1.0,0.1,0.65,0.65,4,36.85,16200,10800,18-APR-2022,
OPTSTK,CANBK,28-Apr-2022,175.0,PE,0.0,0.0,0.0,0.1,0.0,0,0.0,10800,0,18-APR-2022,
OPTSTK,CANBK,28-Apr-2022,180.0,PE,0.0,0.0,0.0,0.1,0.05,0,0.0,183600,0,18-APR-2022,
OPTSTK,CANBK,28-Apr-2022,185.0,PE,0.0,0.0,0.0,0.2,0.05,0,0.0,10800,0,18-APR-2022,
OPTSTK,CANBK,28-Apr-2022,190.0,PE,0.15,0.15,0.05,0.1,0.1,16,164.24,129600,-43200,18-APR-2022,
OPTSTK,CANBK,28-Apr-2022,195.0,PE,0.15,0.2,0.1,0.2,0.2,28,295.09,297000,64800,18-APR-2022,
OPTSTK,CANBK,28-Apr-2022,200.0,PE,0.3,0.3,0.15,0.25,0.25,65,702.83,977400,-37800,18-APR-2022,
OPTSTK,CANBK,28-Apr-2022,205.0,PE,0.35,0.5,0.3,0.3,0.6,17,188.57,178200,-10800,18-APR-2022,
OPTSTK,CANBK,28-Apr-2022,210.0,PE,0.45,0.8,0.4,0.55,0.55,76,864.25,858600,0,18-APR-2022,
OPTSTK,CANBK,28-Apr-2022,215.0,PE,0.8,1.2,0.65,0.85,0.85,80,932.81,248400,-16200,18-APR-2022,
OPTSTK,CANBK,28-Apr-2022,220.0,PE,1.3,2.1,1.05,1.4,1.4,250,2990.7,1166400,43200,18-APR-2022,
OPTSTK,CANBK,28-Apr-2022,225.0,PE,2.0,3.35,1.65,2.25,2.25,200,2456.94,972000,5400,18-APR-2022,
OPTSTK,CANBK,28-Apr-2022,230.0,PE,3.2,5.3,2.7,3.85,3.85,496,6268.26,1387800,5400,18-APR-2022,
OPTSTK,CANBK,28-Apr-2022,235.0,PE,4.8,7.85,4.4,6.05,6.05,256,3331.62,685800,-37800,18-APR-2022,
OPTSTK,CANBK,28-Apr-2022,240.0,PE,7.3,11.2,6.6,8.85,8.85,276,3703.43,1452600,-70200,18-APR-2022,
OPTSTK,CANBK,28-Apr-2022,245.0,PE,10.6,14.85,9.5,12.5,12.5,64,889.56,523800,-64800,18-APR-2022,
OPTSTK,CANBK,28-Apr-2022,250.0,PE,13.5,19.2,13.4,15.9,15.9,24,345.0,864000,-37800,18-APR-2022,
OPTSTK,CANBK,28-Apr-2022,255.0,PE,18.25,23.0,18.25,20.15,20.15,5,74.42,140400,-5400,18-APR-2022,
OPTSTK,CANBK,28-Apr-2022,260.0,PE,22.0,25.35,22.0,24.65,24.65,4,61.33,48600,-5400,18-APR-2022,
OPTSTK,CANBK,28-Apr-2022,265.0,PE,0.0,0.0,0.0,39.7,31.35,0,0.0,0,0,18-APR-2022,
OPTSTK,CANBK,28-Apr-2022,270.0,PE,35.0,35.0,34.9,34.9,36.0,2,32.93,156600,5400,18-APR-2022,
OPTSTK,CANBK,28-Apr-2022,275.0,PE,0.0,0.0,0.0,46.6,40.75,0,0.0,0,0,18-APR-2022,
OPTSTK,CANBK,28-Apr-2022,280.0,PE,0.0,0.0,0.0,50.2,45.6,0,0.0,0,0,18-APR-2022,
OPTSTK,CANBK,28-Apr-2022,285.0,PE,0.0,0.0,0.0,53.9,50.55,0,0.0,0,0,18-APR-2022,
OPTSTK,CANBK,28-Apr-2022,290.0,PE,0.0,0.0,0.0,57.75,55.45,0,0.0,0,0,18-APR-2022,
OPTSTK,CANBK,28-Apr-2022,295.0,PE,0.0,0.0,0.0,61.65,60.45,0,0.0,0,0,18-APR-2022,
OPTSTK,CANBK,28-Apr-2022,300.0,PE,0.0,0.0,0.0,56.85,65.4,0,0.0,27000,0,18-APR-2022,
OPTSTK,CANBK,28-Apr-2022,305.0,PE,0.0,0.0,0.0,69.7,70.4,0,0.0,0,0,18-APR-2022,
OPTSTK,CANBK,28-Apr-2022,310.0,PE,0.0,0.0,0.0,73.85,75.4,0,0.0,0,0,18-APR-2022,
OPTSTK,CANBK,28-Apr-2022,315.0,PE,0.0,0.0,0.0,78.05,80.35,0,0.0,0,0,18-APR-2022,
OPTSTK,CANBK,26-May-2022,150.0,CE,0.0,0.0,0.0,62.45,85.05,0,0.0,0,0,18-APR-2022,
OPTSTK,CANBK,26-May-2022,155.0,CE,0.0,0.0,0.0,58.3,80.1,0,0.0,0,0,18-APR-2022,
OPTSTK,CANBK,26-May-2022,160.0,CE,0.0,0.0,0.0,54.25,75.2,0,0.0,0,0,18-APR-2022,
OPTSTK,CANBK,26-May-2022,165.0,CE,0.0,0.0,0.0,50.35,70.3,0,0.0,0,0,18-APR-2022,
OPTSTK,CANBK,26-May-2022,170.0,CE,0.0,0.0,0.0,46.6,65.5,0,0.0,0,0,18-APR-2022,
OPTSTK,CANBK,26-May-2022,175.0,CE,0.0,0.0,0.0,43.05,60.75,0,0.0,0,0,18-APR-2022,
OPTSTK,CANBK,26-May-2022,180.0,CE,0.0,0.0,0.0,39.65,56.1,0,0.0,0,0,18-APR-2022,
OPTSTK,CANBK,26-May-2022,185.0,CE,0.0,0.0,0.0,36.45,51.55,0,0.0,0,0,18-APR-2022,
OPTSTK,CANBK,26-May-2022,190.0,CE,0.0,0.0,0.0,33.4,47.15,0,0.0,0,0,18-APR-2022,
OPTSTK,CANBK,26-May-2022,195.0,CE,0.0,0.0,0.0,30.6,42.9,0,0.0,0,0,18-APR-2022,
OPTSTK,CANBK,26-May-2022,200.0,CE,0.0,0.0,0.0,27.95,38.8,0,0.0,0,0,18-APR-2022,
OPTSTK,CANBK,26-May-2022,205.0,CE,0.0,0.0,0.0,25.45,34.95,0,0.0,0,0,18-APR-2022,
OPTSTK,CANBK,26-May-2022,210.0,CE,0.0,0.0,0.0,23.15,31.3,0,0.0,0,0,18-APR-2022,
OPTSTK,CANBK,26-May-2022,215.0,CE,0.0,0.0,0.0,21.0,27.85,0,0.0,0,0,18-APR-2022,
OPTSTK,CANBK,26-May-2022,220.0,CE,0.0,0.0,0.0,19.05,24.65,0,0.0,0,0,18-APR-2022,
OPTSTK,CANBK,26-May-2022,225.0,CE,0.0,0.0,0.0,17.2,21.7,0,0.0,0,0,18-APR-2022,
OPTSTK,CANBK,26-May-2022,230.0,CE,14.8,16.0,14.2,16.0,19.0,10,132.23,37800,21600,18-APR-2022,
OPTSTK,CANBK,26-May-2022,235.0,CE,12.2,12.9,12.2,12.9,16.55,2,26.73,0,0,18-APR-2022,
OPTSTK,CANBK,26-May-2022,240.0,CE,14.25,14.25,9.25,11.25,11.25,72,973.61,237600,199800,18-APR-2022,
OPTSTK,CANBK,26-May-2022,245.0,CE,8.2,8.2,7.8,7.8,12.35,6,82.01,32400,32400,18-APR-2022,
OPTSTK,CANBK,26-May-2022,250.0,CE,9.45,10.05,6.2,7.75,7.75,84,1169.5,421200,205200,18-APR-2022,
OPTSTK,CANBK,26-May-2022,255.0,CE,6.0,6.0,6.0,6.0,9.05,1,14.09,10800,5400,18-APR-2022,
OPTSTK,CANBK,26-May-2022,260.0,CE,6.2,6.6,4.0,5.05,7.65,62,887.33,286200,237600,18-APR-2022,
OPTSTK,CANBK,26-May-2022,265.0,CE,0.0,0.0,0.0,7.3,6.5,0,0.0,0,0,18-APR-2022,
OPTSTK,CANBK,26-May-2022,270.0,CE,3.05,3.05,2.6,3.0,5.45,9,132.6,37800,27000,18-APR-2022,
OPTSTK,CANBK,26-May-2022,275.0,CE,0.0,0.0,0.0,5.85,4.6,0,0.0,0,0,18-APR-2022,
OPTSTK,CANBK,26-May-2022,280.0,CE,1.95,2.95,1.85,2.45,2.45,6,91.45,21600,10800,18-APR-2022,
OPTSTK,CANBK,26-May-2022,285.0,CE,0.0,0.0,0.0,4.65,3.15,0,0.0,0,0,18-APR-2022,
OPTSTK,CANBK,26-May-2022,290.0,CE,0.0,0.0,0.0,4.15,2.65,0,0.0,0,0,18-APR-2022,
OPTSTK,CANBK,26-May-2022,295.0,CE,0.0,0.0,0.0,3.7,2.15,0,0.0,0,0,18-APR-2022,
OPTSTK,CANBK,26-May-2022,300.0,CE,0.0,0.0,0.0,3.25,1.8,0,0.0,0,0,18-APR-2022,
OPTSTK,CANBK,26-May-2022,150.0,PE,0.0,0.0,0.0,2.6,0.05,0,0.0,0,0,18-APR-2022,
OPTSTK,CANBK,26-May-2022,155.0,PE,0.0,0.0,0.0,2.0,0.1,0,0.0,0,0,18-APR-2022,
OPTSTK,CANBK,26-May-2022,160.0,PE,0.0,0.0,0.0,4.25,0.2,0,0.0,0,0,18-APR-2022,
OPTSTK,CANBK,26-May-2022,165.0,PE,0.0,0.0,0.0,5.3,0.3,0,0.0,0,0,18-APR-2022,
OPTSTK,CANBK,26-May-2022,170.0,PE,0.0,0.0,0.0,6.55,0.45,0,0.0,0,0,18-APR-2022,
OPTSTK,CANBK,26-May-2022,175.0,PE,0.0,0.0,0.0,7.9,0.7,0,0.0,0,0,18-APR-2022,
OPTSTK,CANBK,26-May-2022,180.0,PE,0.0,0.0,0.0,9.45,1.0,0,0.0,0,0,18-APR-2022,
OPTSTK,CANBK,26-May-2022,185.0,PE,0.0,0.0,0.0,11.2,1.45,0,0.0,0,0,18-APR-2022,
OPTSTK,CANBK,26-May-2022,190.0,PE,0.0,0.0,0.0,13.15,2.0,0,0.0,0,0,18-APR-2022,
OPTSTK,CANBK,26-May-2022,195.0,PE,0.0,0.0,0.0,15.25,2.75,0,0.0,0,0,18-APR-2022,
OPTSTK,CANBK,26-May-2022,200.0,PE,2.4,2.5,1.8,2.1,2.1,12,131.06,54000,54000,18-APR-2022,
OPTSTK,CANBK,26-May-2022,205.0,PE,0.0,0.0,0.0,20.0,4.75,0,0.0,0,0,18-APR-2022,
OPTSTK,CANBK,26-May-2022,210.0,PE,2.05,3.8,2.05,3.65,3.65,18,207.53,54000,54000,18-APR-2022,
OPTSTK,CANBK,26-May-2022,215.0,PE,0.0,0.0,0.0,25.45,7.6,0,0.0,0,0,18-APR-2022,
OPTSTK,CANBK,26-May-2022,220.0,PE,6.0,6.5,5.8,5.8,9.35,13,158.8,102600,54000,18-APR-2022,
OPTSTK,CANBK,26-May-2022,225.0,PE,0.0,0.0,0.0,31.55,11.4,0,0.0,0,0,18-APR-2022,
OPTSTK,CANBK,26-May-2022,230.0,PE,7.7,10.6,7.7,9.85,9.85,167,2165.49,626400,615600,18-APR-2022,
OPTSTK,CANBK,26-May-2022,235.0,PE,13.3,13.3,12.15,12.15,16.2,3,40.14,5400,5400,18-APR-2022,
OPTSTK,CANBK,26-May-2022,240.0,PE,16.4,16.45,14.15,15.15,15.15,16,220.91,75600,43200,18-APR-2022,
OPTSTK,CANBK,26-May-2022,245.0,PE,0.0,0.0,0.0,12.0,21.95,0,0.0,5400,0,18-APR-2022,
OPTSTK,CANBK,26-May-2022,250.0,PE,17.45,17.45,17.45,17.45,25.2,1,14.44,32400,5400,18-APR-2022,
OPTSTK,CANBK,26-May-2022,255.0,PE,0.0,0.0,0.0,53.2,28.6,0,0.0,0,0,18-APR-2022,
OPTSTK,CANBK,26-May-2022,260.0,PE,0.0,0.0,0.0,57.15,32.2,0,0.0,0,0,18-APR-2022,
OPTSTK,CANBK,26-May-2022,265.0,PE,0.0,0.0,0.0,61.25,36.05,0,0.0,0,0,18-APR-2022,
OPTSTK,CANBK,26-May-2022,270.0,PE,0.0,0.0,0.0,65.4,39.95,0,0.0,0,0,18-APR-2022,
OPTSTK,CANBK,26-May-2022,275.0,PE,0.0,0.0,0.0,69.65,44.05,0,0.0,0,0,18-APR-2022,
OPTSTK,CANBK,26-May-2022,280.0,PE,0.0,0.0,0.0,74.0,48.3,0,0.0,0,0,18-APR-2022,
OPTSTK,CANBK,26-May-2022,285.0,PE,0.0,0.0,0.0,78.35,52.6,0,0.0,0,0,18-APR-2022,
OPTSTK,CANBK,26-May-2022,290.0,PE,0.0,0.0,0.0,82.8,57.05,0,0.0,0,0,18-APR-2022,
OPTSTK,CANBK,26-May-2022,295.0,PE,0.0,0.0,0.0,87.3,61.55,0,0.0,0,0,18-APR-2022,
OPTSTK,CANBK,26-May-2022,300.0,PE,0.0,0.0,0.0,91.85,66.15,0,0.0,0,0,18-APR-2022,
OPTSTK,CANBK,30-Jun-2022,150.0,CE,0.0,0.0,0.0,80.65,86.15,0,0.0,0,0,18-APR-2022,
OPTSTK,CANBK,30-Jun-2022,155.0,CE,0.0,0.0,0.0,76.1,81.4,0,0.0,0,0,18-APR-2022,
OPTSTK,CANBK,30-Jun-2022,160.0,CE,0.0,0.0,0.0,71.7,76.75,0,0.0,0,0,18-APR-2022,
OPTSTK,CANBK,30-Jun-2022,165.0,CE,0.0,0.0,0.0,67.4,72.2,0,0.0,0,0,18-APR-2022,
OPTSTK,CANBK,30-Jun-2022,170.0,CE,0.0,0.0,0.0,63.2,67.7,0,0.0,0,0,18-APR-2022,
OPTSTK,CANBK,30-Jun-2022,175.0,CE,0.0,0.0,0.0,59.15,63.35,0,0.0,0,0,18-APR-2022,
OPTSTK,CANBK,30-Jun-2022,180.0,CE,0.0,0.0,0.0,55.25,59.1,0,0.0,0,0,18-APR-2022,
OPTSTK,CANBK,30-Jun-2022,185.0,CE,0.0,0.0,0.0,51.5,55.0,0,0.0,0,0,18-APR-2022,
OPTSTK,CANBK,30-Jun-2022,190.0,CE,0.0,0.0,0.0,47.9,51.05,0,0.0,0,0,18-APR-2022,
OPTSTK,CANBK,30-Jun-2022,195.0,CE,0.0,0.0,0.0,44.45,47.3,0,0.0,0,0,18-APR-2022,
OPTSTK,CANBK,30-Jun-2022,200.0,CE,0.0,0.0,0.0,41.15,43.65,0,0.0,0,0,18-APR-2022,
OPTSTK,CANBK,30-Jun-2022,205.0,CE,0.0,0.0,0.0,38.05,40.2,0,0.0,0,0,18-APR-2022,
OPTSTK,CANBK,30-Jun-2022,210.0,CE,0.0,0.0,0.0,35.1,36.9,0,0.0,0,0,18-APR-2022,
OPTSTK,CANBK,30-Jun-2022,215.0,CE,0.0,0.0,0.0,32.35,33.85,0,0.0,0,0,18-APR-2022,
OPTSTK,CANBK,30-Jun-2022,220.0,CE,0.0,0.0,0.0,29.7,30.9,0,0.0,0,0,18-APR-2022,
OPTSTK,CANBK,30-Jun-2022,225.0,CE,0.0,0.0,0.0,27.25,28.2,0,0.0,0,0,18-APR-2022,
OPTSTK,CANBK,30-Jun-2022,230.0,CE,0.0,0.0,0.0,25.0,25.65,0,0.0,0,0,18-APR-2022,
OPTSTK,CANBK,30-Jun-2022,235.0,CE,0.0,0.0,0.0,22.85,23.25,0,0.0,0,0,18-APR-2022,
OPTSTK,CANBK,30-Jun-2022,240.0,CE,0.0,0.0,0.0,20.85,21.05,0,0.0,0,0,18-APR-2022,
OPTSTK,CANBK,30-Jun-2022,245.0,CE,0.0,0.0,0.0,19.05,19.05,0,0.0,0,0,18-APR-2022,
OPTSTK,CANBK,30-Jun-2022,250.0,CE,0.0,0.0,0.0,17.35,17.15,0,0.0,0,0,18-APR-2022,
OPTSTK,CANBK,30-Jun-2022,255.0,CE,0.0,0.0,0.0,15.75,15.45,0,0.0,0,0,18-APR-2022,
OPTSTK,CANBK,30-Jun-2022,260.0,CE,0.0,0.0,0.0,14.3,13.9,0,0.0,0,0,18-APR-2022,
OPTSTK,CANBK,30-Jun-2022,265.0,CE,0.0,0.0,0.0,12.95,12.45,0,0.0,0,0,18-APR-2022,
OPTSTK,CANBK,30-Jun-2022,270.0,CE,0.0,0.0,0.0,11.75,11.15,0,0.0,0,0,18-APR-2022,
OPTSTK,CANBK,30-Jun-2022,275.0,CE,0.0,0.0,0.0,10.65,9.95,0,0.0,0,0,18-APR-2022,
OPTSTK,CANBK,30-Jun-2022,280.0,CE,0.0,0.0,0.0,9.65,8.9,0,0.0,0,0,18-APR-2022,
OPTSTK,CANBK,30-Jun-2022,285.0,CE,0.0,0.0,0.0,8.7,7.9,0,0.0,0,0,18-APR-2022,
OPTSTK,CANBK,30-Jun-2022,290.0,CE,0.0,0.0,0.0,7.85,7.05,0,0.0,0,0,18-APR-2022,
OPTSTK,CANBK,30-Jun-2022,295.0,CE,0.0,0.0,0.0,7.05,6.25,0,0.0,0,0,18-APR-2022,
OPTSTK,CANBK,30-Jun-2022,300.0,CE,0.0,0.0,0.0,6.35,5.55,0,0.0,0,0,18-APR-2022,
OPTSTK,CANBK,30-Jun-2022,150.0,PE,0.0,0.0,0.0,1.3,0.55,0,0.0,0,0,18-APR-2022,
OPTSTK,CANBK,30-Jun-2022,155.0,PE,0.0,0.0,0.0,1.75,0.8,0,0.0,0,0,18-APR-2022,
OPTSTK,CANBK,30-Jun-2022,160.0,PE,0.0,0.0,0.0,2.25,1.1,0,0.0,0,0,18-APR-2022,
OPTSTK,CANBK,30-Jun-2022,165.0,PE,0.0,0.0,0.0,2.9,1.5,0,0.0,0,0,18-APR-2022,
OPTSTK,CANBK,30-Jun-2022,170.0,PE,0.0,0.0,0.0,3.7,1.95,0,0.0,0,0,18-APR-2022,
OPTSTK,CANBK,30-Jun-2022,175.0,PE,0.0,0.0,0.0,4.55,2.55,0,0.0,0,0,18-APR-2022,
OPTSTK,CANBK,30-Jun-2022,180.0,PE,0.0,0.0,0.0,5.6,3.3,0,0.0,0,0,18-APR-2022,
OPTSTK,CANBK,30-Jun-2022,185.0,PE,0.0,0.0,0.0,6.8,4.15,0,0.0,0,0,18-APR-2022,
OPTSTK,CANBK,30-Jun-2022,190.0,PE,0.0,0.0,0.0,8.15,5.15,0,0.0,0,0,18-APR-2022,
OPTSTK,CANBK,30-Jun-2022,195.0,PE,0.0,0.0,0.0,9.65,6.35,0,0.0,0,0,18-APR-2022,
OPTSTK,CANBK,30-Jun-2022,200.0,PE,0.0,0.0,0.0,11.3,7.65,0,0.0,0,0,18-APR-2022,
OPTSTK,CANBK,30-Jun-2022,205.0,PE,0.0,0.0,0.0,13.15,9.15,0,0.0,0,0,18-APR-2022,
OPTSTK,CANBK,30-Jun-2022,210.0,PE,0.0,0.0,0.0,15.15,10.85,0,0.0,0,0,18-APR-2022,
OPTSTK,CANBK,30-Jun-2022,215.0,PE,0.0,0.0,0.0,17.3,12.7,0,0.0,0,0,18-APR-2022,
OPTSTK,CANBK,30-Jun-2022,220.0,PE,0.0,0.0,0.0,19.65,14.75,0,0.0,0,0,18-APR-2022,
OPTSTK,CANBK,30-Jun-2022,225.0,PE,0.0,0.0,0.0,22.15,17.0,0,0.0,0,0,18-APR-2022,
OPTSTK,CANBK,30-Jun-2022,230.0,PE,0.0,0.0,0.0,24.8,19.4,0,0.0,0,0,18-APR-2022,
OPTSTK,CANBK,30-Jun-2022,235.0,PE,0.0,0.0,0.0,27.65,22.0,0,0.0,0,0,18-APR-2022,
OPTSTK,CANBK,30-Jun-2022,240.0,PE,0.0,0.0,0.0,30.6,24.75,0,0.0,0,0,18-APR-2022,
OPTSTK,CANBK,30-Jun-2022,245.0,PE,0.0,0.0,0.0,33.7,27.65,0,0.0,0,0,18-APR-2022,
OPTSTK,CANBK,30-Jun-2022,250.0,PE,0.0,0.0,0.0,36.95,30.75,0,0.0,0,0,18-APR-2022,
OPTSTK,CANBK,30-Jun-2022,255.0,PE,0.0,0.0,0.0,40.3,34.0,0,0.0,0,0,18-APR-2022,
OPTSTK,CANBK,30-Jun-2022,260.0,PE,0.0,0.0,0.0,43.8,37.4,0,0.0,0,0,18-APR-2022,
OPTSTK,CANBK,30-Jun-2022,265.0,PE,0.0,0.0,0.0,47.45,40.9,0,0.0,0,0,18-APR-2022,
OPTSTK,CANBK,30-Jun-2022,270.0,PE,0.0,0.0,0.0,51.2,44.55,0,0.0,0,0,18-APR-2022,
OPTSTK,CANBK,30-Jun-2022,275.0,PE,0.0,0.0,0.0,55.0,48.35,0,0.0,0,0,18-APR-2022,
OPTSTK,CANBK,30-Jun-2022,280.0,PE,0.0,0.0,0.0,58.95,52.2,0,0.0,0,0,18-APR-2022,
OPTSTK,CANBK,30-Jun-2022,285.0,PE,0.0,0.0,0.0,62.95,56.2,0,0.0,0,0,18-APR-2022,
OPTSTK,CANBK,30-Jun-2022,290.0,PE,0.0,0.0,0.0,67.05,60.3,0,0.0,0,0,18-APR-2022,
OPTSTK,CANBK,30-Jun-2022,295.0,PE,0.0,0.0,0.0,71.2,64.45,0,0.0,0,0,18-APR-2022,
OPTSTK,CANBK,30-Jun-2022,300.0,PE,0.0,0.0,0.0,75.45,68.7,0,0.0,0,0,18-APR-2022,
OPTSTK,CANFINHOME,28-Apr-2022,400.0,CE,0.0,0.0,0.0,183.05,226.7,0,0.0,0,0,18-APR-2022,
OPTSTK,CANFINHOME,28-Apr-2022,410.0,CE,0.0,0.0,0.0,173.95,216.75,0,0.0,0,0,18-APR-2022,
OPTSTK,CANFINHOME,28-Apr-2022,420.0,CE,0.0,0.0,0.0,164.95,206.75,0,0.0,0,0,18-APR-2022,
OPTSTK,CANFINHOME,28-Apr-2022,430.0,CE,0.0,0.0,0.0,156.15,196.75,0,0.0,0,0,18-APR-2022,
OPTSTK,CANFINHOME,28-Apr-2022,440.0,CE,0.0,0.0,0.0,147.55,186.75,0,0.0,0,0,18-APR-2022,
OPTSTK,CANFINHOME,28-Apr-2022,450.0,CE,0.0,0.0,0.0,139.2,176.8,0,0.0,0,0,18-APR-2022,
OPTSTK,CANFINHOME,28-Apr-2022,460.0,CE,0.0,0.0,0.0,131.05,166.8,0,0.0,0,0,18-APR-2022,
OPTSTK,CANFINHOME,28-Apr-2022,470.0,CE,0.0,0.0,0.0,123.15,156.8,0,0.0,0,0,18-APR-2022,
OPTSTK,CANFINHOME,28-Apr-2022,480.0,CE,0.0,0.0,0.0,115.5,146.8,0,0.0,0,0,18-APR-2022,
OPTSTK,CANFINHOME,28-Apr-2022,490.0,CE,0.0,0.0,0.0,108.1,136.85,0,0.0,0,0,18-APR-2022,
OPTSTK,CANFINHOME,28-Apr-2022,500.0,CE,0.0,0.0,0.0,101.0,126.85,0,0.0,0,0,18-APR-2022,
OPTSTK,CANFINHOME,28-Apr-2022,510.0,CE,0.0,0.0,0.0,94.2,116.9,0,0.0,0,0,18-APR-2022,
OPTSTK,CANFINHOME,28-Apr-2022,520.0,CE,0.0,0.0,0.0,87.7,107.0,0,0.0,0,0,18-APR-2022,
OPTSTK,CANFINHOME,28-Apr-2022,530.0,CE,0.0,0.0,0.0,81.5,97.15,0,0.0,0,0,18-APR-2022,
OPTSTK,CANFINHOME,28-Apr-2022,540.0,CE,0.0,0.0,0.0,75.6,87.4,0,0.0,0,0,18-APR-2022,
OPTSTK,CANFINHOME,28-Apr-2022,550.0,CE,0.0,0.0,0.0,70.0,77.85,0,0.0,0,0,18-APR-2022,
OPTSTK,CANFINHOME,28-Apr-2022,560.0,CE,0.0,0.0,0.0,64.7,68.5,0,0.0,0,0,18-APR-2022,
OPTSTK,CANFINHOME,28-Apr-2022,570.0,CE,0.0,0.0,0.0,59.7,59.55,0,0.0,0,0,18-APR-2022,
OPTSTK,CANFINHOME,28-Apr-2022,580.0,CE,0.0,0.0,0.0,85.8,51.0,0,0.0,975,0,18-APR-2022,
OPTSTK,CANFINHOME,28-Apr-2022,590.0,CE,0.0,0.0,0.0,77.0,43.05,0,0.0,1950,0,18-APR-2022,
OPTSTK,CANFINHOME,28-Apr-2022,600.0,CE,29.0,30.05,29.0,30.05,35.7,2,12.27,34125,-975,18-APR-2022,
OPTSTK,CANFINHOME,28-Apr-2022,610.0,CE,30.55,30.55,20.8,23.7,29.1,3,18.57,12675,0,18-APR-2022,
OPTSTK,CANFINHOME,28-Apr-2022,620.0,CE,21.5,21.5,14.15,20.0,23.3,32,198.67,37050,1950,18-APR-2022,
OPTSTK,CANFINHOME,28-Apr-2022,630.0,CE,19.5,19.7,9.15,16.35,16.35,26,163.28,23400,5850,18-APR-2022,
OPTSTK,CANFINHOME,28-Apr-2022,640.0,CE,5.85,10.9,5.8,10.9,14.1,9,56.83,31200,1950,18-APR-2022,
OPTSTK,CANFINHOME,28-Apr-2022,650.0,CE,10.6,12.05,5.3,7.5,7.5,73,467.67,96525,975,18-APR-2022,
OPTSTK,CANFINHOME,28-Apr-2022,660.0,CE,6.3,9.95,3.95,6.35,6.35,57,370.05,123825,-10725,18-APR-2022,
OPTSTK,CANFINHOME,28-Apr-2022,670.0,CE,6.0,6.5,3.0,4.6,4.6,81,532.76,203775,-14625,18-APR-2022,
OPTSTK,CANFINHOME,28-Apr-2022,680.0,CE,4.0,4.95,2.5,3.4,3.4,54,359.83,172575,-7800,18-APR-2022,
OPTSTK,CANFINHOME,28-Apr-2022,690.0,CE,1.4,4.15,1.4,2.6,2.85,10,67.53,107250,-975,18-APR-2022,
OPTSTK,CANFINHOME,28-Apr-2022,700.0,CE,3.95,3.95,1.75,2.45,2.45,168,1150.44,320775,2925,18-APR-2022,
OPTSTK,CANFINHOME,28-Apr-2022,710.0,CE,2.8,2.8,1.55,1.55,1.3,7,48.59,32175,-3900,18-APR-2022,
OPTSTK,CANFINHOME,28-Apr-2022,720.0,CE,1.65,1.65,1.2,1.55,0.9,40,281.35,47775,-2925,18-APR-2022,
OPTSTK,CANFINHOME,28-Apr-2022,730.0,CE,0.7,1.0,0.7,1.0,0.55,2,14.25,17550,0,18-APR-2022,
OPTSTK,CANFINHOME,28-Apr-2022,740.0,CE,0.6,0.6,0.6,0.6,0.35,2,14.44,18525,-975,18-APR-2022,
OPTSTK,CANFINHOME,28-Apr-2022,750.0,CE,0.8,1.05,0.75,0.9,0.25,14,102.5,97500,-12675,18-APR-2022,
OPTSTK,CANFINHOME,28-Apr-2022,760.0,CE,0.0,0.0,0.0,1.25,0.15,0,0.0,6825,0,18-APR-2022,
OPTSTK,CANFINHOME,28-Apr-2022,770.0,CE,0.0,0.0,0.0,1.45,0.1,0,0.0,1950,0,18-APR-2022,
OPTSTK,CANFINHOME,28-Apr-2022,780.0,CE,0.0,0.0,0.0,1.25,0.05,0,0.0,8775,0,18-APR-2022,
OPTSTK,CANFINHOME,28-Apr-2022,790.0,CE,0.3,0.3,0.3,0.3,0.05,1,7.7,2925,0,18-APR-2022,
OPTSTK,CANFINHOME,28-Apr-2022,400.0,PE,0.0,0.0,0.0,0.1,0.0,0,0.0,975,0,18-APR-2022,
OPTSTK,CANFINHOME,28-Apr-2022,410.0,PE,0.0,0.0,0.0,3.4,0.0,0,0.0,0,0,18-APR-2022,
OPTSTK,CANFINHOME,28-Apr-2022,420.0,PE,0.0,0.0,0.0,4.35,0.0,0,0.0,0,0,18-APR-2022,
OPTSTK,CANFINHOME,28-Apr-2022,430.0,PE,0.0,0.0,0.0,5.45,0.0,0,0.0,0,0,18-APR-2022,
OPTSTK,CANFINHOME,28-Apr-2022,440.0,PE,0.0,0.0,0.0,6.75,0.0,0,0.0,0,0,18-APR-2022,
OPTSTK,CANFINHOME,28-Apr-2022,450.0,PE,0.0,0.0,0.0,8.25,0.0,0,0.0,0,0,18-APR-2022,
OPTSTK,CANFINHOME,28-Apr-2022,460.0,PE,0.0,0.0,0.0,10.0,0.0,0,0.0,0,0,18-APR-2022,
OPTSTK,CANFINHOME,28-Apr-2022,470.0,PE,0.0,0.0,0.0,12.0,0.0,0,0.0,0,0,18-APR-2022,
OPTSTK,CANFINHOME,28-Apr-2022,480.0,PE,0.0,0.0,0.0,14.25,0.0,0,0.0,0,0,18-APR-2022,
OPTSTK,CANFINHOME,28-Apr-2022,490.0,PE,0.0,0.0,0.0,16.75,0.05,0,0.0,0,0,18-APR-2022,
OPTSTK,CANFINHOME,28-Apr-2022,500.0,PE,0.0,0.0,0.0,19.55,0.05,0,0.0,0,0,18-APR-2022,
OPTSTK,CANFINHOME,28-Apr-2022,510.0,PE,0.0,0.0,0.0,22.65,0.1,0,0.0,0,0,18-APR-2022,
OPTSTK,CANFINHOME,28-Apr-2022,520.0,PE,0.0,0.0,0.0,26.0,0.15,0,0.0,0,0,18-APR-2022,
OPTSTK,CANFINHOME,28-Apr-2022,530.0,PE,0.0,0.0,0.0,29.7,0.3,0,0.0,0,0,18-APR-2022,
OPTSTK,CANFINHOME,28-Apr-2022,540.0,PE,0.0,0.0,0.0,33.7,0.55,0,0.0,0,0,18-APR-2022,
OPTSTK,CANFINHOME,28-Apr-2022,550.0,PE,0.0,0.0,0.0,38.0,0.95,0,0.0,0,0,18-APR-2022,
OPTSTK,CANFINHOME,28-Apr-2022,560.0,PE,0.0,0.0,0.0,2.0,1.65,0,0.0,975,0,18-APR-2022,
OPTSTK,CANFINHOME,28-Apr-2022,570.0,PE,0.0,0.0,0.0,1.75,2.65,0,0.0,4875,0,18-APR-2022,
OPTSTK,CANFINHOME,28-Apr-2022,580.0,PE,4.45,7.5,4.4,5.25,4.1,13,74.22,17550,2925,18-APR-2022,
OPTSTK,CANFINHOME,28-Apr-2022,590.0,PE,0.0,0.0,0.0,4.55,6.1,0,0.0,2925,0,18-APR-2022,
OPTSTK,CANFINHOME,28-Apr-2022,600.0,PE,10.0,13.0,7.9,8.3,8.3,48,285.57,108225,-975,18-APR-2022,
OPTSTK,CANFINHOME,28-Apr-2022,610.0,PE,12.5,17.05,12.0,12.0,12.15,14,85.11,27300,6825,18-APR-2022,
OPTSTK,CANFINHOME,28-Apr-2022,620.0,PE,16.0,18.95,13.95,14.35,14.35,17,105.41,40950,4875,18-APR-2022,
OPTSTK,CANFINHOME,28-Apr-2022,630.0,PE,20.45,28.0,17.5,18.9,21.35,29,184.29,22425,-8775,18-APR-2022,
OPTSTK,CANFINHOME,28-Apr-2022,640.0,PE,23.0,33.3,23.0,28.95,27.15,4,26.1,21450,-1950,18-APR-2022,
OPTSTK,CANFINHOME,28-Apr-2022,650.0,PE,29.55,40.9,29.55,31.55,33.7,9,60.19,33150,-975,18-APR-2022,
OPTSTK,CANFINHOME,28-Apr-2022,660.0,PE,36.6,50.0,36.6,40.5,40.95,12,82.44,21450,-3900,18-APR-2022,
OPTSTK,CANFINHOME,28-Apr-2022,670.0,PE,46.2,58.7,41.2,57.65,48.75,9,63.51,8775,975,18-APR-2022,
OPTSTK,CANFINHOME,28-Apr-2022,680.0,PE,0.0,0.0,0.0,38.0,57.1,0,0.0,3900,0,18-APR-2022,
OPTSTK,CANFINHOME,28-Apr-2022,690.0,PE,64.6,64.6,64.6,64.6,65.85,1,7.35,1950,0,18-APR-2022,
OPTSTK,CANFINHOME,28-Apr-2022,700.0,PE,74.45,81.3,70.75,75.5,74.95,7,52.89,10725,-4875,18-APR-2022,
OPTSTK,CANFINHOME,28-Apr-2022,710.0,PE,99.0,99.0,99.0,99.0,84.25,3,23.66,3900,-2925,18-APR-2022,
OPTSTK,CANFINHOME,28-Apr-2022,720.0,PE,0.0,0.0,0.0,151.3,93.8,0,0.0,0,0,18-APR-2022,
OPTSTK,CANFINHOME,28-Apr-2022,730.0,PE,0.0,0.0,0.0,159.75,103.5,0,0.0,0,0,18-APR-2022,
OPTSTK,CANFINHOME,28-Apr-2022,740.0,PE,0.0,0.0,0.0,168.3,113.3,0,0.0,0,0,18-APR-2022,
OPTSTK,CANFINHOME,28-Apr-2022,750.0,PE,0.0,0.0,0.0,177.0,123.15,0,0.0,0,0,18-APR-2022,
OPTSTK,CANFINHOME,28-Apr-2022,760.0,PE,0.0,0.0,0.0,185.8,133.05,0,0.0,0,0,18-APR-2022,
OPTSTK,CANFINHOME,28-Apr-2022,770.0,PE,0.0,0.0,0.0,194.7,143.0,0,0.0,0,0,18-APR-2022,
OPTSTK,CANFINHOME,28-Apr-2022,780.0,PE,0.0,0.0,0.0,203.7,152.95,0,0.0,0,0,18-APR-2022,
OPTSTK,CANFINHOME,28-Apr-2022,790.0,PE,0.0,0.0,0.0,212.75,162.9,0,0.0,0,0,18-APR-2022,
OPTSTK,CANFINHOME,26-May-2022,400.0,CE,0.0,0.0,0.0,156.05,228.05,0,0.0,0,0,18-APR-2022,
OPTSTK,CANFINHOME,26-May-2022,410.0,CE,0.0,0.0,0.0,147.35,218.15,0,0.0,0,0,18-APR-2022,
OPTSTK,CANFINHOME,26-May-2022,420.0,CE,0.0,0.0,0.0,138.85,208.25,0,0.0,0,0,18-APR-2022,
OPTSTK,CANFINHOME,26-May-2022,430.0,CE,0.0,0.0,0.0,130.6,198.35,0,0.0,0,0,18-APR-2022,
OPTSTK,CANFINHOME,26-May-2022,440.0,CE,0.0,0.0,0.0,122.55,188.5,0,0.0,0,0,18-APR-2022,
OPTSTK,CANFINHOME,26-May-2022,450.0,CE,0.0,0.0,0.0,114.8,178.7,0,0.0,0,0,18-APR-2022,
OPTSTK,CANFINHOME,26-May-2022,460.0,CE,0.0,0.0,0.0,107.35,168.95,0,0.0,0,0,18-APR-2022,
OPTSTK,CANFINHOME,26-May-2022,470.0,CE,0.0,0.0,0.0,100.15,159.3,0,0.0,0,0,18-APR-2022,
OPTSTK,CANFINHOME,26-May-2022,480.0,CE,0.0,0.0,0.0,93.25,149.75,0,0.0,0,0,18-APR-2022,
OPTSTK,CANFINHOME,26-May-2022,490.0,CE,0.0,0.0,0.0,86.65,140.3,0,0.0,0,0,18-APR-2022,
OPTSTK,CANFINHOME,26-May-2022,500.0,CE,0.0,0.0,0.0,80.35,131.05,0,0.0,0,0,18-APR-2022,
OPTSTK,CANFINHOME,26-May-2022,510.0,CE,0.0,0.0,0.0,74.4,122.0,0,0.0,0,0,18-APR-2022,
OPTSTK,CANFINHOME,26-May-2022,520.0,CE,0.0,0.0,0.0,68.75,113.15,0,0.0,0,0,18-APR-2022,
OPTSTK,CANFINHOME,26-May-2022,530.0,CE,0.0,0.0,0.0,63.45,104.55,0,0.0,0,0,18-APR-2022,
OPTSTK,CANFINHOME,26-May-2022,540.0,CE,0.0,0.0,0.0,58.4,96.25,0,0.0,0,0,18-APR-2022,
OPTSTK,CANFINHOME,26-May-2022,550.0,CE,0.0,0.0,0.0,53.7,88.25,0,0.0,0,0,18-APR-2022,
OPTSTK,CANFINHOME,26-May-2022,560.0,CE,0.0,0.0,0.0,49.3,80.55,0,0.0,0,0,18-APR-2022,
OPTSTK,CANFINHOME,26-May-2022,570.0,CE,0.0,0.0,0.0,45.15,73.3,0,0.0,0,0,18-APR-2022,
OPTSTK,CANFINHOME,26-May-2022,580.0,CE,0.0,0.0,0.0,41.3,66.35,0,0.0,0,0,18-APR-2022,
OPTSTK,CANFINHOME,26-May-2022,590.0,CE,0.0,0.0,0.0,37.7,59.85,0,0.0,0,0,18-APR-2022,
OPTSTK,CANFINHOME,26-May-2022,600.0,CE,0.0,0.0,0.0,34.4,53.75,0,0.0,0,0,18-APR-2022,
OPTSTK,CANFINHOME,26-May-2022,610.0,CE,0.0,0.0,0.0,31.3,48.1,0,0.0,0,0,18-APR-2022,
OPTSTK,CANFINHOME,26-May-2022,620.0,CE,0.0,0.0,0.0,28.5,42.85,0,0.0,0,0,18-APR-2022,
OPTSTK,CANFINHOME,26-May-2022,630.0,CE,0.0,0.0,0.0,25.85,38.0,0,0.0,0,0,18-APR-2022,
OPTSTK,CANFINHOME,26-May-2022,640.0,CE,0.0,0.0,0.0,23.5,33.55,0,0.0,0,0,18-APR-2022,
OPTSTK,CANFINHOME,26-May-2022,650.0,CE,0.0,0.0,0.0,21.3,29.55,0,0.0,0,0,18-APR-2022,
OPTSTK,CANFINHOME,26-May-2022,660.0,CE,0.0,0.0,0.0,19.25,25.9,0,0.0,0,0,18-APR-2022,
OPTSTK,CANFINHOME,26-May-2022,670.0,CE,0.0,0.0,0.0,17.4,22.6,0,0.0,0,0,18-APR-2022,
OPTSTK,CANFINHOME,26-May-2022,680.0,CE,0.0,0.0,0.0,15.7,19.65,0,0.0,0,0,18-APR-2022,
OPTSTK,CANFINHOME,26-May-2022,690.0,CE,0.0,0.0,0.0,14.15,17.05,0,0.0,0,0,18-APR-2022,
OPTSTK,CANFINHOME,26-May-2022,700.0,CE,0.0,0.0,0.0,28.55,14.7,0,0.0,3900,0,18-APR-2022,
OPTSTK,CANFINHOME,26-May-2022,710.0,CE,0.0,0.0,0.0,11.45,12.65,0,0.0,0,0,18-APR-2022,
OPTSTK,CANFINHOME,26-May-2022,720.0,CE,0.0,0.0,0.0,10.3,10.8,0,0.0,0,0,18-APR-2022,
OPTSTK,CANFINHOME,26-May-2022,730.0,CE,0.0,0.0,0.0,1.0,9.25,0,0.0,0,0,18-APR-2022,
OPTSTK,CANFINHOME,26-May-2022,740.0,CE,0.0,0.0,0.0,8.0,7.85,0,0.0,975,0,18-APR-2022,
OPTSTK,CANFINHOME,26-May-2022,750.0,CE,0.0,0.0,0.0,7.45,6.65,0,0.0,0,0,18-APR-2022,
OPTSTK,CANFINHOME,26-May-2022,760.0,CE,0.0,0.0,0.0,6.65,5.65,0,0.0,0,0,18-APR-2022,
OPTSTK,CANFINHOME,26-May-2022,770.0,CE,0.0,0.0,0.0,5.95,4.75,0,0.0,0,0,18-APR-2022,
OPTSTK,CANFINHOME,26-May-2022,780.0,CE,0.0,0.0,0.0,5.35,4.0,0,0.0,0,0,18-APR-2022,
OPTSTK,CANFINHOME,26-May-2022,790.0,CE,0.0,0.0,0.0,4.75,3.35,0,0.0,0,0,18-APR-2022,
OPTSTK,CANFINHOME,26-May-2022,400.0,PE,0.0,0.0,0.0,4.6,0.05,0,0.0,0,0,18-APR-2022,
OPTSTK,CANFINHOME,26-May-2022,410.0,PE,0.0,0.0,0.0,5.75,0.1,0,0.0,0,0,18-APR-2022,
OPTSTK,CANFINHOME,26-May-2022,420.0,PE,0.0,0.0,0.0,7.15,0.15,0,0.0,0,0,18-APR-2022,
OPTSTK,CANFINHOME,26-May-2022,430.0,PE,0.0,0.0,0.0,8.8,0.2,0,0.0,0,0,18-APR-2022,
OPTSTK,CANFINHOME,26-May-2022,440.0,PE,0.0,0.0,0.0,10.65,0.3,0,0.0,0,0,18-APR-2022,
OPTSTK,CANFINHOME,26-May-2022,450.0,PE,0.0,0.0,0.0,12.8,0.45,0,0.0,0,0,18-APR-2022,
OPTSTK,CANFINHOME,26-May-2022,460.0,PE,0.0,0.0,0.0,15.25,0.65,0,0.0,0,0,18-APR-2022,
OPTSTK,CANFINHOME,26-May-2022,470.0,PE,0.0,0.0,0.0,17.95,0.95,0,0.0,0,0,18-APR-2022,
OPTSTK,CANFINHOME,26-May-2022,480.0,PE,0.0,0.0,0.0,20.95,1.35,0,0.0,0,0,18-APR-2022,
OPTSTK,CANFINHOME,26-May-2022,490.0,PE,0.0,0.0,0.0,24.2,1.9,0,0.0,0,0,18-APR-2022,
OPTSTK,CANFINHOME,26-May-2022,500.0,PE,0.0,0.0,0.0,27.85,2.6,0,0.0,0,0,18-APR-2022,
OPTSTK,CANFINHOME,26-May-2022,510.0,PE,0.0,0.0,0.0,31.75,3.5,0,0.0,0,0,18-APR-2022,
OPTSTK,CANFINHOME,26-May-2022,520.0,PE,0.0,0.0,0.0,36.05,4.6,0,0.0,0,0,18-APR-2022,
OPTSTK,CANFINHOME,26-May-2022,530.0,PE,0.0,0.0,0.0,40.6,5.95,0,0.0,0,0,18-APR-2022,
OPTSTK,CANFINHOME,26-May-2022,540.0,PE,0.0,0.0,0.0,45.45,7.6,0,0.0,0,0,18-APR-2022,
OPTSTK,CANFINHOME,26-May-2022,550.0,PE,0.0,0.0,0.0,50.65,9.55,0,0.0,0,0,18-APR-2022,
OPTSTK,CANFINHOME,26-May-2022,560.0,PE,0.0,0.0,0.0,56.1,11.85,0,0.0,0,0,18-APR-2022,
OPTSTK,CANFINHOME,26-May-2022,570.0,PE,0.0,0.0,0.0,61.9,14.55,0,0.0,0,0,18-APR-2022,
OPTSTK,CANFINHOME,26-May-2022,580.0,PE,0.0,0.0,0.0,67.95,17.55,0,0.0,0,0,18-APR-2022,
OPTSTK,CANFINHOME,26-May-2022,590.0,PE,0.0,0.0,0.0,74.25,21.0,0,0.0,0,0,18-APR-2022,
OPTSTK,CANFINHOME,26-May-2022,600.0,PE,0.0,0.0,0.0,80.8,24.85,0,0.0,0,0,18-APR-2022,
OPTSTK,CANFINHOME,26-May-2022,610.0,PE,0.0,0.0,0.0,87.65,29.15,0,0.0,0,0,18-APR-2022,
OPTSTK,CANFINHOME,26-May-2022,620.0,PE,0.0,0.0,0.0,94.7,33.85,0,0.0,0,0,18-APR-2022,
OPTSTK,CANFINHOME,26-May-2022,630.0,PE,0.0,0.0,0.0,101.95,38.95,0,0.0,0,0,18-APR-2022,
OPTSTK,CANFINHOME,26-May-2022,640.0,PE,0.0,0.0,0.0,25.0,44.5,0,0.0,975,0,18-APR-2022,
OPTSTK,CANFINHOME,26-May-2022,650.0,PE,0.0,0.0,0.0,117.2,50.4,0,0.0,0,0,18-APR-2022,
OPTSTK,CANFINHOME,26-May-2022,660.0,PE,0.0,0.0,0.0,125.05,56.7,0,0.0,0,0,18-APR-2022,
OPTSTK,CANFINHOME,26-May-2022,670.0,PE,0.0,0.0,0.0,133.1,63.4,0,0.0,0,0,18-APR-2022,
OPTSTK,CANFINHOME,26-May-2022,680.0,PE,0.0,0.0,0.0,141.3,70.4,0,0.0,0,0,18-APR-2022,
OPTSTK,CANFINHOME,26-May-2022,690.0,PE,0.0,0.0,0.0,149.65,77.75,0,0.0,0,0,18-APR-2022,
OPTSTK,CANFINHOME,26-May-2022,700.0,PE,0.0,0.0,0.0,158.1,85.35,0,0.0,0,0,18-APR-2022,
OPTSTK,CANFINHOME,26-May-2022,710.0,PE,0.0,0.0,0.0,166.75,93.25,0,0.0,0,0,18-APR-2022,
OPTSTK,CANFINHOME,26-May-2022,720.0,PE,0.0,0.0,0.0,175.5,101.4,0,0.0,0,0,18-APR-2022,
OPTSTK,CANFINHOME,26-May-2022,730.0,PE,0.0,0.0,0.0,184.3,109.75,0,0.0,0,0,18-APR-2022,
OPTSTK,CANFINHOME,26-May-2022,740.0,PE,0.0,0.0,0.0,193.25,118.35,0,0.0,0,0,18-APR-2022,
OPTSTK,CANFINHOME,26-May-2022,750.0,PE,0.0,0.0,0.0,202.3,127.1,0,0.0,0,0,18-APR-2022,
OPTSTK,CANFINHOME,26-May-2022,760.0,PE,0.0,0.0,0.0,211.4,136.05,0,0.0,0,0,18-APR-2022,
OPTSTK,CANFINHOME,26-May-2022,770.0,PE,0.0,0.0,0.0,220.6,145.1,0,0.0,0,0,18-APR-2022,
OPTSTK,CANFINHOME,26-May-2022,780.0,PE,0.0,0.0,0.0,229.9,154.3,0,0.0,0,0,18-APR-2022,
OPTSTK,CANFINHOME,26-May-2022,790.0,PE,0.0,0.0,0.0,239.2,163.6,0,0.0,0,0,18-APR-2022,
OPTSTK,CANFINHOME,30-Jun-2022,400.0,CE,0.0,0.0,0.0,236.85,230.25,0,0.0,0,0,18-APR-2022,
OPTSTK,CANFINHOME,30-Jun-2022,410.0,CE,0.0,0.0,0.0,227.35,220.6,0,0.0,0,0,18-APR-2022,
OPTSTK,CANFINHOME,30-Jun-2022,420.0,CE,0.0,0.0,0.0,217.9,211.0,0,0.0,0,0,18-APR-2022,
OPTSTK,CANFINHOME,30-Jun-2022,430.0,CE,0.0,0.0,0.0,208.6,201.5,0,0.0,0,0,18-APR-2022,
OPTSTK,CANFINHOME,30-Jun-2022,440.0,CE,0.0,0.0,0.0,199.4,192.05,0,0.0,0,0,18-APR-2022,
OPTSTK,CANFINHOME,30-Jun-2022,450.0,CE,0.0,0.0,0.0,190.3,182.75,0,0.0,0,0,18-APR-2022,
OPTSTK,CANFINHOME,30-Jun-2022,460.0,CE,0.0,0.0,0.0,181.4,173.6,0,0.0,0,0,18-APR-2022,
OPTSTK,CANFINHOME,30-Jun-2022,470.0,CE,0.0,0.0,0.0,172.65,164.6,0,0.0,0,0,18-APR-2022,
OPTSTK,CANFINHOME,30-Jun-2022,480.0,CE,0.0,0.0,0.0,164.1,155.8,0,0.0,0,0,18-APR-2022,
OPTSTK,CANFINHOME,30-Jun-2022,490.0,CE,0.0,0.0,0.0,155.7,147.15,0,0.0,0,0,18-APR-2022,
OPTSTK,CANFINHOME,30-Jun-2022,500.0,CE,0.0,0.0,0.0,147.5,138.75,0,0.0,0,0,18-APR-2022,
OPTSTK,CANFINHOME,30-Jun-2022,510.0,CE,0.0,0.0,0.0,139.55,130.55,0,0.0,0,0,18-APR-2022,
OPTSTK,CANFINHOME,30-Jun-2022,520.0,CE,0.0,0.0,0.0,131.85,122.6,0,0.0,0,0,18-APR-2022,
OPTSTK,CANFINHOME,30-Jun-2022,530.0,CE,0.0,0.0,0.0,124.4,114.9,0,0.0,0,0,18-APR-2022,
OPTSTK,CANFINHOME,30-Jun-2022,540.0,CE,0.0,0.0,0.0,117.15,107.5,0,0.0,0,0,18-APR-2022,
OPTSTK,CANFINHOME,30-Jun-2022,550.0,CE,0.0,0.0,0.0,110.15,100.35,0,0.0,0,0,18-APR-2022,
OPTSTK,CANFINHOME,30-Jun-2022,560.0,CE,0.0,0.0,0.0,103.45,93.5,0,0.0,0,0,18-APR-2022,
OPTSTK,CANFINHOME,30-Jun-2022,570.0,CE,0.0,0.0,0.0,97.0,86.9,0,0.0,0,0,18-APR-2022,
OPTSTK,CANFINHOME,30-Jun-2022,580.0,CE,0.0,0.0,0.0,90.8,80.65,0,0.0,0,0,18-APR-2022,
OPTSTK,CANFINHOME,30-Jun-2022,590.0,CE,0.0,0.0,0.0,84.95,74.7,0,0.0,0,0,18-APR-2022,
OPTSTK,CANFINHOME,30-Jun-2022,600.0,CE,0.0,0.0,0.0,79.3,69.05,0,0.0,0,0,18-APR-2022,
OPTSTK,CANFINHOME,30-Jun-2022,610.0,CE,0.0,0.0,0.0,73.95,63.75,0,0.0,0,0,18-APR-2022,
OPTSTK,CANFINHOME,30-Jun-2022,620.0,CE,0.0,0.0,0.0,68.85,58.7,0,0.0,0,0,18-APR-2022,
OPTSTK,CANFINHOME,30-Jun-2022,630.0,CE,0.0,0.0,0.0,64.05,53.95,0,0.0,0,0,18-APR-2022,
OPTSTK,CANFINHOME,30-Jun-2022,640.0,CE,0.0,0.0,0.0,59.5,49.55,0,0.0,0,0,18-APR-2022,
OPTSTK,CANFINHOME,30-Jun-2022,650.0,CE,0.0,0.0,0.0,55.2,45.35,0,0.0,0,0,18-APR-2022,
OPTSTK,CANFINHOME,30-Jun-2022,660.0,CE,0.0,0.0,0.0,51.15,41.5,0,0.0,0,0,18-APR-2022,
OPTSTK,CANFINHOME,30-Jun-2022,670.0,CE,0.0,0.0,0.0,47.35,37.9,0,0.0,0,0,18-APR-2022,
OPTSTK,CANFINHOME,30-Jun-2022,680.0,CE,0.0,0.0,0.0,43.75,34.55,0,0.0,0,0,18-APR-2022,
OPTSTK,CANFINHOME,30-Jun-2022,690.0,CE,0.0,0.0,0.0,40.4,31.45,0,0.0,0,0,18-APR-2022,
OPTSTK,CANFINHOME,30-Jun-2022,700.0,CE,0.0,0.0,0.0,37.25,28.55,0,0.0,0,0,18-APR-2022,
OPTSTK,CANFINHOME,30-Jun-2022,710.0,CE,0.0,0.0,0.0,34.3,25.9,0,0.0,0,0,18-APR-2022,
OPTSTK,CANFINHOME,30-Jun-2022,720.0,CE,0.0,0.0,0.0,31.6,23.5,0,0.0,0,0,18-APR-2022,
OPTSTK,CANFINHOME,30-Jun-2022,730.0,CE,0.0,0.0,0.0,29.05,21.3,0,0.0,0,0,18-APR-2022,
OPTSTK,CANFINHOME,30-Jun-2022,740.0,CE,0.0,0.0,0.0,26.7,19.25,0,0.0,0,0,18-APR-2022,
OPTSTK,CANFINHOME,30-Jun-2022,750.0,CE,0.0,0.0,0.0,24.5,17.35,0,0.0,0,0,18-APR-2022,
OPTSTK,CANFINHOME,30-Jun-2022,760.0,CE,0.0,0.0,0.0,22.5,15.65,0,0.0,0,0,18-APR-2022,
OPTSTK,CANFINHOME,30-Jun-2022,770.0,CE,0.0,0.0,0.0,20.6,14.05,0,0.0,0,0,18-APR-2022,
OPTSTK,CANFINHOME,30-Jun-2022,780.0,CE,0.0,0.0,0.0,18.85,12.65,0,0.0,0,0,18-APR-2022,
OPTSTK,CANFINHOME,30-Jun-2022,790.0,CE,0.0,0.0,0.0,17.25,11.35,0,0.0,0,0,18-APR-2022,
OPTSTK,CANFINHOME,30-Jun-2022,400.0,PE,0.0,0.0,0.0,1.2,0.65,0,0.0,0,0,18-APR-2022,
OPTSTK,CANFINHOME,30-Jun-2022,410.0,PE,0.0,0.0,0.0,1.55,0.9,0,0.0,0,0,18-APR-2022,
OPTSTK,CANFINHOME,30-Jun-2022,420.0,PE,0.0,0.0,0.0,2.05,1.2,0,0.0,0,0,18-APR-2022,
OPTSTK,CANFINHOME,30-Jun-2022,430.0,PE,0.0,0.0,0.0,2.6,1.6,0,0.0,0,0,18-APR-2022,
OPTSTK,CANFINHOME,30-Jun-2022,440.0,PE,0.0,0.0,0.0,3.3,2.1,0,0.0,0,0,18-APR-2022,
OPTSTK,CANFINHOME,30-Jun-2022,450.0,PE,0.0,0.0,0.0,4.15,2.7,0,0.0,0,0,18-APR-2022,
OPTSTK,CANFINHOME,30-Jun-2022,460.0,PE,0.0,0.0,0.0,5.1,3.5,0,0.0,0,0,18-APR-2022,
OPTSTK,CANFINHOME,30-Jun-2022,470.0,PE,0.0,0.0,0.0,6.25,4.4,0,0.0,0,0,18-APR-2022,
OPTSTK,CANFINHOME,30-Jun-2022,480.0,PE,0.0,0.0,0.0,7.6,5.5,0,0.0,0,0,18-APR-2022,
OPTSTK,CANFINHOME,30-Jun-2022,490.0,PE,0.0,0.0,0.0,9.1,6.75,0,0.0,0,0,18-APR-2022,
OPTSTK,CANFINHOME,30-Jun-2022,500.0,PE,0.0,0.0,0.0,10.8,8.25,0,0.0,0,0,18-APR-2022,
OPTSTK,CANFINHOME,30-Jun-2022,510.0,PE,0.0,0.0,0.0,12.75,10.0,0,0.0,0,0,18-APR-2022,
OPTSTK,CANFINHOME,30-Jun-2022,520.0,PE,0.0,0.0,0.0,14.95,11.95,0,0.0,0,0,18-APR-2022,
OPTSTK,CANFINHOME,30-Jun-2022,530.0,PE,0.0,0.0,0.0,17.35,14.15,0,0.0,0,0,18-APR-2022,
OPTSTK,CANFINHOME,30-Jun-2022,540.0,PE,0.0,0.0,0.0,20.0,16.65,0,0.0,0,0,18-APR-2022,
OPTSTK,CANFINHOME,30-Jun-2022,550.0,PE,0.0,0.0,0.0,22.95,19.45,0,0.0,0,0,18-APR-2022,
OPTSTK,CANFINHOME,30-Jun-2022,560.0,PE,0.0,0.0,0.0,26.1,22.5,0,0.0,0,0,18-APR-2022,
OPTSTK,CANFINHOME,30-Jun-2022,570.0,PE,0.0,0.0,0.0,29.55,25.8,0,0.0,0,0,18-APR-2022,
OPTSTK,CANFINHOME,30-Jun-2022,580.0,PE,0.0,0.0,0.0,33.25,29.5,0,0.0,0,0,18-APR-2022,
OPTSTK,CANFINHOME,30-Jun-2022,590.0,PE,0.0,0.0,0.0,37.25,33.45,0,0.0,0,0,18-APR-2022,
OPTSTK,CANFINHOME,30-Jun-2022,600.0,PE,30.0,30.0,30.0,30.0,30.0,1,6.14,975,975,18-APR-2022,
OPTSTK,CANFINHOME,30-Jun-2022,610.0,PE,0.0,0.0,0.0,46.1,42.3,0,0.0,0,0,18-APR-2022,
OPTSTK,CANFINHOME,30-Jun-2022,620.0,PE,0.0,0.0,0.0,50.9,47.2,0,0.0,0,0,18-APR-2022,
OPTSTK,CANFINHOME,30-Jun-2022,630.0,PE,0.0,0.0,0.0,56.0,52.4,0,0.0,0,0,18-APR-2022,
OPTSTK,CANFINHOME,30-Jun-2022,640.0,PE,0.0,0.0,0.0,61.3,57.85,0,0.0,0,0,18-APR-2022,
OPTSTK,CANFINHOME,30-Jun-2022,650.0,PE,0.0,0.0,0.0,66.9,63.6,0,0.0,0,0,18-APR-2022,
OPTSTK,CANFINHOME,30-Jun-2022,660.0,PE,0.0,0.0,0.0,72.75,69.65,0,0.0,0,0,18-APR-2022,
OPTSTK,CANFINHOME,30-Jun-2022,670.0,PE,0.0,0.0,0.0,78.85,75.95,0,0.0,0,0,18-APR-2022,
OPTSTK,CANFINHOME,30-Jun-2022,680.0,PE,0.0,0.0,0.0,85.15,82.55,0,0.0,0,0,18-APR-2022,
OPTSTK,CANFINHOME,30-Jun-2022,690.0,PE,0.0,0.0,0.0,91.7,89.35,0,0.0,0,0,18-APR-2022,
OPTSTK,CANFINHOME,30-Jun-2022,700.0,PE,0.0,0.0,0.0,98.45,96.4,0,0.0,0,0,18-APR-2022,
OPTSTK,CANFINHOME,30-Jun-2022,710.0,PE,0.0,0.0,0.0,105.4,103.65,0,0.0,0,0,18-APR-2022,
OPTSTK,CANFINHOME,30-Jun-2022,720.0,PE,0.0,0.0,0.0,112.55,111.15,0,0.0,0,0,18-APR-2022,
OPTSTK,CANFINHOME,30-Jun-2022,730.0,PE,0.0,0.0,0.0,119.95,118.85,0,0.0,0,0,18-APR-2022,
OPTSTK,CANFINHOME,30-Jun-2022,740.0,PE,0.0,0.0,0.0,127.5,126.75,0,0.0,0,0,18-APR-2022,
OPTSTK,CANFINHOME,30-Jun-2022,750.0,PE,0.0,0.0,0.0,135.2,134.75,0,0.0,0,0,18-APR-2022,
OPTSTK,CANFINHOME,30-Jun-2022,760.0,PE,0.0,0.0,0.0,143.05,142.95,0,0.0,0,0,18-APR-2022,
OPTSTK,CANFINHOME,30-Jun-2022,770.0,PE,0.0,0.0,0.0,151.05,151.3,0,0.0,0,0,18-APR-2022,
OPTSTK,CANFINHOME,30-Jun-2022,780.0,PE,0.0,0.0,0.0,159.2,159.8,0,0.0,0,0,18-APR-2022,
OPTSTK,CANFINHOME,30-Jun-2022,790.0,PE,0.0,0.0,0.0,167.5,168.4,0,0.0,0,0,18-APR-2022,
OPTSTK,CHAMBLFERT,28-Apr-2022,260.0,CE,0.0,0.0,0.0,175.6,247.3,0,0.0,0,0,18-APR-2022,
OPTSTK,CHAMBLFERT,28-Apr-2022,270.0,CE,0.0,0.0,0.0,166.1,237.3,0,0.0,0,0,18-APR-2022,
OPTSTK,CHAMBLFERT,28-Apr-2022,280.0,CE,0.0,0.0,0.0,179.2,227.35,0,0.0,0,0,18-APR-2022,
OPTSTK,CHAMBLFERT,28-Apr-2022,290.0,CE,0.0,0.0,0.0,169.85,217.35,0,0.0,0,0,18-APR-2022,
OPTSTK,CHAMBLFERT,28-Apr-2022,300.0,CE,0.0,0.0,0.0,160.6,207.35,0,0.0,0,0,18-APR-2022,
OPTSTK,CHAMBLFERT,28-Apr-2022,310.0,CE,0.0,0.0,0.0,151.55,197.35,0,0.0,0,0,18-APR-2022,
OPTSTK,CHAMBLFERT,28-Apr-2022,320.0,CE,0.0,0.0,0.0,142.65,187.4,0,0.0,0,0,18-APR-2022,
OPTSTK,CHAMBLFERT,28-Apr-2022,330.0,CE,0.0,0.0,0.0,134.0,177.4,0,0.0,0,0,18-APR-2022,
OPTSTK,CHAMBLFERT,28-Apr-2022,340.0,CE,0.0,0.0,0.0,125.6,167.4,0,0.0,0,0,18-APR-2022,
OPTSTK,CHAMBLFERT,28-Apr-2022,350.0,CE,0.0,0.0,0.0,117.5,157.4,0,0.0,0,0,18-APR-2022,
OPTSTK,CHAMBLFERT,28-Apr-2022,360.0,CE,0.0,0.0,0.0,109.65,147.45,0,0.0,0,0,18-APR-2022,
OPTSTK,CHAMBLFERT,28-Apr-2022,370.0,CE,0.0,0.0,0.0,102.1,137.45,0,0.0,0,0,18-APR-2022,
OPTSTK,CHAMBLFERT,28-Apr-2022,380.0,CE,0.0,0.0,0.0,81.1,127.45,0,0.0,1500,0,18-APR-2022,
OPTSTK,CHAMBLFERT,28-Apr-2022,390.0,CE,0.0,0.0,0.0,87.95,117.5,0,0.0,0,0,18-APR-2022,
OPTSTK,CHAMBLFERT,28-Apr-2022,400.0,CE,75.6,75.6,75.6,75.6,107.55,1,7.13,15000,1500,18-APR-2022,
OPTSTK,CHAMBLFERT,28-Apr-2022,410.0,CE,0.0,0.0,0.0,75.1,97.6,0,0.0,0,0,18-APR-2022,
OPTSTK,CHAMBLFERT,28-Apr-2022,420.0,CE,58.65,67.65,58.65,67.65,87.8,7,50.59,33000,3000,18-APR-2022,
OPTSTK,CHAMBLFERT,28-Apr-2022,430.0,CE,47.5,78.0,47.5,78.0,78.1,3,22.04,58500,-1500,18-APR-2022,
OPTSTK,CHAMBLFERT,28-Apr-2022,440.0,CE,46.15,71.45,46.15,70.65,70.65,7,52.47,54000,6000,18-APR-2022,
OPTSTK,CHAMBLFERT,28-Apr-2022,450.0,CE,33.8,62.6,33.8,60.75,60.75,78,589.1,91500,-39000,18-APR-2022,
OPTSTK,CHAMBLFERT,28-Apr-2022,460.0,CE,36.3,53.95,25.65,51.25,51.25,89,669.32,150000,-25500,18-APR-2022,
OPTSTK,CHAMBLFERT,28-Apr-2022,470.0,CE,21.05,45.5,19.0,43.9,43.9,436,3245.18,144000,-75000,18-APR-2022,
OPTSTK,CHAMBLFERT,28-Apr-2022,480.0,CE,16.15,37.5,14.25,35.95,35.95,1930,14504.48,208500,-267000,18-APR-2022,
OPTSTK,CHAMBLFERT,28-Apr-2022,490.0,CE,12.7,30.5,10.6,29.15,29.15,2320,17731.35,334500,-207000,18-APR-2022,
OPTSTK,CHAMBLFERT,28-Apr-2022,500.0,CE,8.95,24.95,7.75,23.15,23.15,7731,60127.99,969000,-21000,18-APR-2022,
OPTSTK,CHAMBLFERT,28-Apr-2022,510.0,CE,7.3,19.85,6.0,18.45,18.45,2780,21950.47,564000,385500,18-APR-2022,
OPTSTK,CHAMBLFERT,28-Apr-2022,520.0,CE,5.45,15.4,4.2,14.35,14.35,2539,20274.08,771000,501000,18-APR-2022,
OPTSTK,CHAMBLFERT,28-Apr-2022,530.0,CE,4.3,11.75,3.0,10.85,10.85,876,7090.41,247500,160500,18-APR-2022,
OPTSTK,CHAMBLFERT,28-Apr-2022,540.0,CE,3.05,8.95,2.25,8.15,8.15,722,5921.41,189000,84000,18-APR-2022,
OPTSTK,CHAMBLFERT,28-Apr-2022,550.0,CE,1.9,6.6,1.6,6.0,6.0,1115,9278.98,346500,111000,18-APR-2022,
OPTSTK,CHAMBLFERT,28-Apr-2022,560.0,CE,1.05,4.85,1.05,4.35,4.35,335,2832.4,112500,45000,18-APR-2022,
OPTSTK,CHAMBLFERT,28-Apr-2022,570.0,CE,0.75,3.5,0.65,3.1,3.1,750,6438.16,570000,76500,18-APR-2022,
OPTSTK,CHAMBLFERT,28-Apr-2022,260.0,PE,0.0,0.0,0.0,0.1,0.0,0,0.0,3000,0,18-APR-2022,
OPTSTK,CHAMBLFERT,28-Apr-2022,270.0,PE,0.0,0.0,0.0,1.3,0.0,0,0.0,0,0,18-APR-2022,
OPTSTK,CHAMBLFERT,28-Apr-2022,280.0,PE,0.0,0.0,0.0,1.3,0.0,0,0.0,0,0,18-APR-2022,
OPTSTK,CHAMBLFERT,28-Apr-2022,290.0,PE,0.0,0.0,0.0,1.8,0.0,0,0.0,0,0,18-APR-2022,
OPTSTK,CHAMBLFERT,28-Apr-2022,300.0,PE,0.0,0.0,0.0,2.45,0.0,0,0.0,0,0,18-APR-2022,
OPTSTK,CHAMBLFERT,28-Apr-2022,310.0,PE,0.0,0.0,0.0,3.3,0.0,0,0.0,0,0,18-APR-2022,
OPTSTK,CHAMBLFERT,28-Apr-2022,320.0,PE,0.0,0.0,0.0,4.35,0.0,0,0.0,0,0,18-APR-2022,
OPTSTK,CHAMBLFERT,28-Apr-2022,330.0,PE,0.0,0.0,0.0,5.6,0.0,0,0.0,0,0,18-APR-2022,
OPTSTK,CHAMBLFERT,28-Apr-2022,340.0,PE,0.0,0.0,0.0,7.1,0.0,0,0.0,0,0,18-APR-2022,
OPTSTK,CHAMBLFERT,28-Apr-2022,350.0,PE,0.0,0.0,0.0,0.6,0.0,0,0.0,22500,0,18-APR-2022,
OPTSTK,CHAMBLFERT,28-Apr-2022,360.0,PE,0.0,0.0,0.0,2.0,0.0,0,0.0,4500,0,18-APR-2022,
OPTSTK,CHAMBLFERT,28-Apr-2022,370.0,PE,0.35,0.35,0.25,0.25,0.0,8,44.43,10500,0,18-APR-2022,
OPTSTK,CHAMBLFERT,28-Apr-2022,380.0,PE,1.1,1.1,0.25,0.4,0.4,5,28.54,40500,-3000,18-APR-2022,
OPTSTK,CHAMBLFERT,28-Apr-2022,390.0,PE,0.6,0.6,0.45,0.5,0.5,10,58.57,48000,4500,18-APR-2022,
OPTSTK,CHAMBLFERT,28-Apr-2022,400.0,PE,1.3,1.4,0.5,0.55,0.55,211,1268.26,240000,-100500,18-APR-2022,
OPTSTK,CHAMBLFERT,28-Apr-2022,410.0,PE,1.65,1.65,0.8,0.95,0.95,24,147.99,24000,4500,18-APR-2022,
OPTSTK,CHAMBLFERT,28-Apr-2022,420.0,PE,2.7,3.0,1.1,1.3,1.3,178,1125.85,148500,-1500,18-APR-2022,
OPTSTK,CHAMBLFERT,28-Apr-2022,430.0,PE,3.65,3.65,1.45,1.65,1.65,91,590.06,102000,13500,18-APR-2022,
OPTSTK,CHAMBLFERT,28-Apr-2022,440.0,PE,5.35,5.35,1.9,2.15,2.15,257,1707.41,193500,27000,18-APR-2022,
OPTSTK,CHAMBLFERT,28-Apr-2022,450.0,PE,8.25,8.25,2.6,2.9,2.9,468,3188.02,280500,100500,18-APR-2022,
OPTSTK,CHAMBLFERT,28-Apr-2022,460.0,PE,11.8,11.8,3.25,3.7,3.7,515,3599.25,226500,91500,18-APR-2022,
OPTSTK,CHAMBLFERT,28-Apr-2022,470.0,PE,14.7,16.6,4.5,5.4,5.4,502,3605.13,142500,54000,18-APR-2022,
OPTSTK,CHAMBLFERT,28-Apr-2022,480.0,PE,20.25,22.35,6.9,7.65,7.65,635,4681.43,292500,183000,18-APR-2022,
OPTSTK,CHAMBLFERT,28-Apr-2022,490.0,PE,27.15,27.15,9.6,10.8,10.8,366,2763.81,198000,169500,18-APR-2022,
OPTSTK,CHAMBLFERT,28-Apr-2022,500.0,PE,32.0,32.0,13.8,14.95,14.95,502,3890.69,300000,159000,18-APR-2022,
OPTSTK,CHAMBLFERT,28-Apr-2022,510.0,PE,19.9,20.0,19.9,20.0,20.0,3,23.84,3000,3000,18-APR-2022,
OPTSTK,CHAMBLFERT,28-Apr-2022,520.0,PE,0.0,0.0,0.0,47.65,25.65,0,0.0,1500,0,18-APR-2022,
OPTSTK,CHAMBLFERT,28-Apr-2022,530.0,PE,0.0,0.0,0.0,94.6,32.25,0,0.0,0,0,18-APR-2022,
OPTSTK,CHAMBLFERT,28-Apr-2022,540.0,PE,0.0,0.0,0.0,102.1,39.6,0,0.0,0,0,18-APR-2022,
OPTSTK,CHAMBLFERT,28-Apr-2022,550.0,PE,0.0,0.0,0.0,109.8,47.5,0,0.0,0,0,18-APR-2022,
OPTSTK,CHAMBLFERT,28-Apr-2022,560.0,PE,0.0,0.0,0.0,117.7,55.95,0,0.0,0,0,18-APR-2022,
OPTSTK,CHAMBLFERT,28-Apr-2022,570.0,PE,0.0,0.0,0.0,125.75,64.8,0,0.0,0,0,18-APR-2022,
OPTSTK,CHAMBLFERT,26-May-2022,260.0,CE,0.0,0.0,0.0,101.15,248.15,0,0.0,0,0,18-APR-2022,
OPTSTK,CHAMBLFERT,26-May-2022,270.0,CE,0.0,0.0,0.0,92.9,238.2,0,0.0,0,0,18-APR-2022,
OPTSTK,CHAMBLFERT,26-May-2022,280.0,CE,0.0,0.0,0.0,85.0,228.25,0,0.0,0,0,18-APR-2022,
OPTSTK,CHAMBLFERT,26-May-2022,290.0,CE,0.0,0.0,0.0,77.55,218.3,0,0.0,0,0,18-APR-2022,
OPTSTK,CHAMBLFERT,26-May-2022,300.0,CE,0.0,0.0,0.0,70.45,208.4,0,0.0,0,0,18-APR-2022,
OPTSTK,CHAMBLFERT,26-May-2022,310.0,CE,0.0,0.0,0.0,63.75,198.45,0,0.0,0,0,18-APR-2022,
OPTSTK,CHAMBLFERT,26-May-2022,320.0,CE,0.0,0.0,0.0,57.5,188.55,0,0.0,0,0,18-APR-2022,
OPTSTK,CHAMBLFERT,26-May-2022,330.0,CE,0.0,0.0,0.0,51.75,178.65,0,0.0,0,0,18-APR-2022,
OPTSTK,CHAMBLFERT,26-May-2022,340.0,CE,0.0,0.0,0.0,46.35,168.85,0,0.0,0,0,18-APR-2022,
OPTSTK,CHAMBLFERT,26-May-2022,350.0,CE,0.0,0.0,0.0,41.45,159.05,0,0.0,0,0,18-APR-2022,
OPTSTK,CHAMBLFERT,26-May-2022,360.0,CE,0.0,0.0,0.0,36.95,149.35,0,0.0,0,0,18-APR-2022,
OPTSTK,CHAMBLFERT,26-May-2022,370.0,CE,0.0,0.0,0.0,32.8,139.8,0,0.0,0,0,18-APR-2022,
OPTSTK,CHAMBLFERT,26-May-2022,380.0,CE,0.0,0.0,0.0,29.1,130.35,0,0.0,0,0,18-APR-2022,
OPTSTK,CHAMBLFERT,26-May-2022,390.0,CE,0.0,0.0,0.0,25.7,121.1,0,0.0,0,0,18-APR-2022,
OPTSTK,CHAMBLFERT,26-May-2022,400.0,CE,0.0,0.0,0.0,22.7,112.1,0,0.0,0,0,18-APR-2022,
OPTSTK,CHAMBLFERT,26-May-2022,410.0,CE,0.0,0.0,0.0,19.95,103.3,0,0.0,0,0,18-APR-2022,
OPTSTK,CHAMBLFERT,26-May-2022,420.0,CE,0.0,0.0,0.0,17.55,94.8,0,0.0,0,0,18-APR-2022,
OPTSTK,CHAMBLFERT,26-May-2022,430.0,CE,0.0,0.0,0.0,15.4,86.6,0,0.0,0,0,18-APR-2022,
OPTSTK,CHAMBLFERT,26-May-2022,440.0,CE,0.0,0.0,0.0,13.45,78.8,0,0.0,0,0,18-APR-2022,
OPTSTK,CHAMBLFERT,26-May-2022,450.0,CE,0.0,0.0,0.0,11.75,71.35,0,0.0,0,0,18-APR-2022,
OPTSTK,CHAMBLFERT,26-May-2022,460.0,CE,0.0,0.0,0.0,10.25,64.3,0,0.0,0,0,18-APR-2022,
OPTSTK,CHAMBLFERT,26-May-2022,470.0,CE,0.0,0.0,0.0,8.95,57.7,0,0.0,0,0,18-APR-2022,
OPTSTK,CHAMBLFERT,26-May-2022,480.0,CE,0.0,0.0,0.0,7.75,51.55,0,0.0,0,0,18-APR-2022,
OPTSTK,CHAMBLFERT,26-May-2022,490.0,CE,0.0,0.0,0.0,6.75,45.85,0,0.0,0,0,18-APR-2022,
OPTSTK,CHAMBLFERT,26-May-2022,500.0,CE,24.0,40.0,23.0,38.55,38.55,44,351.6,57000,7500,18-APR-2022,
OPTSTK,CHAMBLFERT,26-May-2022,510.0,CE,0.0,0.0,0.0,5.05,35.8,0,0.0,0,0,18-APR-2022,
OPTSTK,CHAMBLFERT,26-May-2022,520.0,CE,0.0,0.0,0.0,4.4,31.4,0,0.0,0,0,18-APR-2022,
OPTSTK,CHAMBLFERT,26-May-2022,530.0,CE,0.0,0.0,0.0,3.8,27.45,0,0.0,0,0,18-APR-2022,
OPTSTK,CHAMBLFERT,26-May-2022,540.0,CE,0.0,0.0,0.0,4.65,23.9,0,0.0,0,0,18-APR-2022,
OPTSTK,CHAMBLFERT,26-May-2022,550.0,CE,11.0,19.9,10.75,19.1,19.1,31,263.94,30000,25500,18-APR-2022,
OPTSTK,CHAMBLFERT,26-May-2022,560.0,CE,7.4,7.4,7.4,7.4,17.9,1,8.51,1500,1500,18-APR-2022,
OPTSTK,CHAMBLFERT,26-May-2022,570.0,CE,10.0,10.0,10.0,10.0,15.4,1,8.7,1500,1500,18-APR-2022,
OPTSTK,CHAMBLFERT,26-May-2022,260.0,PE,0.0,0.0,0.0,4.85,0.0,0,0.0,0,0,18-APR-2022,
OPTSTK,CHAMBLFERT,26-May-2022,270.0,PE,0.0,0.0,0.0,6.5,0.0,0,0.0,0,0,18-APR-2022,
OPTSTK,CHAMBLFERT,26-May-2022,280.0,PE,0.0,0.0,0.0,8.5,0.05,0,0.0,0,0,18-APR-2022,
OPTSTK,CHAMBLFERT,26-May-2022,290.0,PE,0.0,0.0,0.0,10.9,0.05,0,0.0,0,0,18-APR-2022,
OPTSTK,CHAMBLFERT,26-May-2022,300.0,PE,0.0,0.0,0.0,13.7,0.05,0,0.0,0,0,18-APR-2022,
OPTSTK,CHAMBLFERT,26-May-2022,310.0,PE,0.0,0.0,0.0,16.9,0.1,0,0.0,0,0,18-APR-2022,
OPTSTK,CHAMBLFERT,26-May-2022,320.0,PE,0.0,0.0,0.0,20.55,0.15,0,0.0,0,0,18-APR-2022,
OPTSTK,CHAMBLFERT,26-May-2022,330.0,PE,0.0,0.0,0.0,24.65,0.2,0,0.0,0,0,18-APR-2022,
OPTSTK,CHAMBLFERT,26-May-2022,340.0,PE,0.0,0.0,0.0,29.2,0.35,0,0.0,0,0,18-APR-2022,
OPTSTK,CHAMBLFERT,26-May-2022,350.0,PE,0.0,0.0,0.0,34.2,0.5,0,0.0,0,0,18-APR-2022,
OPTSTK,CHAMBLFERT,26-May-2022,360.0,PE,0.0,0.0,0.0,39.55,0.8,0,0.0,0,0,18-APR-2022,
OPTSTK,CHAMBLFERT,26-May-2022,370.0,PE,0.0,0.0,0.0,45.35,1.15,0,0.0,0,0,18-APR-2022,
OPTSTK,CHAMBLFERT,26-May-2022,380.0,PE,0.0,0.0,0.0,51.5,1.7,0,0.0,0,0,18-APR-2022,
OPTSTK,CHAMBLFERT,26-May-2022,390.0,PE,0.0,0.0,0.0,58.05,2.4,0,0.0,0,0,18-APR-2022,
OPTSTK,CHAMBLFERT,26-May-2022,400.0,PE,3.0,3.0,3.0,3.0,3.3,1,6.04,1500,1500,18-APR-2022,
OPTSTK,CHAMBLFERT,26-May-2022,410.0,PE,0.0,0.0,0.0,72.05,4.5,0,0.0,0,0,18-APR-2022,
OPTSTK,CHAMBLFERT,26-May-2022,420.0,PE,0.0,0.0,0.0,79.55,5.95,0,0.0,0,0,18-APR-2022,
OPTSTK,CHAMBLFERT,26-May-2022,430.0,PE,0.0,0.0,0.0,15.3,7.7,0,0.0,1500,0,18-APR-2022,
OPTSTK,CHAMBLFERT,26-May-2022,440.0,PE,0.0,0.0,0.0,95.25,9.85,0,0.0,0,0,18-APR-2022,
OPTSTK,CHAMBLFERT,26-May-2022,450.0,PE,0.0,0.0,0.0,103.45,12.4,0,0.0,0,0,18-APR-2022,
OPTSTK,CHAMBLFERT,26-May-2022,460.0,PE,0.0,0.0,0.0,111.85,15.3,0,0.0,0,0,18-APR-2022,
OPTSTK,CHAMBLFERT,26-May-2022,470.0,PE,0.0,0.0,0.0,120.4,18.65,0,0.0,0,0,18-APR-2022,
OPTSTK,CHAMBLFERT,26-May-2022,480.0,PE,0.0,0.0,0.0,129.15,22.45,0,0.0,0,0,18-APR-2022,
OPTSTK,CHAMBLFERT,26-May-2022,490.0,PE,0.0,0.0,0.0,138.0,26.7,0,0.0,0,0,18-APR-2022,
OPTSTK,CHAMBLFERT,26-May-2022,500.0,PE,31.0,31.0,30.0,30.5,30.5,2,15.91,4500,1500,18-APR-2022,
OPTSTK,CHAMBLFERT,26-May-2022,510.0,PE,0.0,0.0,0.0,156.1,36.55,0,0.0,0,0,18-APR-2022,
OPTSTK,CHAMBLFERT,26-May-2022,520.0,PE,0.0,0.0,0.0,165.35,42.15,0,0.0,0,0,18-APR-2022,
OPTSTK,CHAMBLFERT,26-May-2022,530.0,PE,0.0,0.0,0.0,174.65,48.15,0,0.0,0,0,18-APR-2022,
OPTSTK,CHAMBLFERT,26-May-2022,540.0,PE,0.0,0.0,0.0,170.5,54.5,0,0.0,0,0,18-APR-2022,
OPTSTK,CHAMBLFERT,26-May-2022,550.0,PE,0.0,0.0,0.0,179.8,61.3,0,0.0,0,0,18-APR-2022,
OPTSTK,CHAMBLFERT,26-May-2022,560.0,PE,0.0,0.0,0.0,180.95,68.4,0,0.0,0,0,18-APR-2022,
OPTSTK,CHAMBLFERT,26-May-2022,570.0,PE,0.0,0.0,0.0,182.1,75.9,0,0.0,0,0,18-APR-2022,
OPTSTK,CHAMBLFERT,30-Jun-2022,260.0,CE,0.0,0.0,0.0,166.05,249.3,0,0.0,0,0,18-APR-2022,
OPTSTK,CHAMBLFERT,30-Jun-2022,270.0,CE,0.0,0.0,0.0,156.7,239.45,0,0.0,0,0,18-APR-2022,
OPTSTK,CHAMBLFERT,30-Jun-2022,280.0,CE,0.0,0.0,0.0,147.5,229.6,0,0.0,0,0,18-APR-2022,
OPTSTK,CHAMBLFERT,30-Jun-2022,290.0,CE,0.0,0.0,0.0,138.5,219.85,0,0.0,0,0,18-APR-2022,
OPTSTK,CHAMBLFERT,30-Jun-2022,300.0,CE,0.0,0.0,0.0,129.7,210.1,0,0.0,0,0,18-APR-2022,
OPTSTK,CHAMBLFERT,30-Jun-2022,310.0,CE,0.0,0.0,0.0,121.15,200.45,0,0.0,0,0,18-APR-2022,
OPTSTK,CHAMBLFERT,30-Jun-2022,320.0,CE,0.0,0.0,0.0,112.9,190.85,0,0.0,0,0,18-APR-2022,
OPTSTK,CHAMBLFERT,30-Jun-2022,330.0,CE,0.0,0.0,0.0,104.9,181.4,0,0.0,0,0,18-APR-2022,
OPTSTK,CHAMBLFERT,30-Jun-2022,340.0,CE,0.0,0.0,0.0,97.25,172.05,0,0.0,0,0,18-APR-2022,
OPTSTK,CHAMBLFERT,30-Jun-2022,350.0,CE,0.0,0.0,0.0,89.95,162.85,0,0.0,0,0,18-APR-2022,
OPTSTK,CHAMBLFERT,30-Jun-2022,360.0,CE,0.0,0.0,0.0,82.95,153.8,0,0.0,0,0,18-APR-2022,
OPTSTK,CHAMBLFERT,30-Jun-2022,370.0,CE,0.0,0.0,0.0,76.35,144.95,0,0.0,0,0,18-APR-2022,
OPTSTK,CHAMBLFERT,30-Jun-2022,380.0,CE,0.0,0.0,0.0,70.05,136.35,0,0.0,0,0,18-APR-2022,
OPTSTK,CHAMBLFERT,30-Jun-2022,390.0,CE,0.0,0.0,0.0,64.2,127.95,0,0.0,0,0,18-APR-2022,
OPTSTK,CHAMBLFERT,30-Jun-2022,400.0,CE,0.0,0.0,0.0,58.65,119.8,0,0.0,0,0,18-APR-2022,
OPTSTK,CHAMBLFERT,30-Jun-2022,410.0,CE,0.0,0.0,0.0,53.5,111.95,0,0.0,0,0,18-APR-2022,
OPTSTK,CHAMBLFERT,30-Jun-2022,420.0,CE,0.0,0.0,0.0,48.7,104.4,0,0.0,0,0,18-APR-2022,
OPTSTK,CHAMBLFERT,30-Jun-2022,430.0,CE,0.0,0.0,0.0,44.2,97.1,0,0.0,0,0,18-APR-2022,
OPTSTK,CHAMBLFERT,30-Jun-2022,440.0,CE,0.0,0.0,0.0,40.1,90.15,0,0.0,0,0,18-APR-2022,
OPTSTK,CHAMBLFERT,30-Jun-2022,450.0,CE,0.0,0.0,0.0,36.25,83.5,0,0.0,0,0,18-APR-2022,
OPTSTK,CHAMBLFERT,30-Jun-2022,460.0,CE,0.0,0.0,0.0,32.75,77.2,0,0.0,0,0,18-APR-2022,
OPTSTK,CHAMBLFERT,30-Jun-2022,470.0,CE,0.0,0.0,0.0,29.55,71.25,0,0.0,0,0,18-APR-2022,
OPTSTK,CHAMBLFERT,30-Jun-2022,480.0,CE,0.0,0.0,0.0,26.6,65.6,0,0.0,0,0,18-APR-2022,
OPTSTK,CHAMBLFERT,30-Jun-2022,490.0,CE,0.0,0.0,0.0,23.9,60.3,0,0.0,0,0,18-APR-2022,
OPTSTK,CHAMBLFERT,30-Jun-2022,500.0,CE,0.0,0.0,0.0,21.5,55.3,0,0.0,0,0,18-APR-2022,
OPTSTK,CHAMBLFERT,30-Jun-2022,510.0,CE,0.0,0.0,0.0,19.25,50.65,0,0.0,0,0,18-APR-2022,
OPTSTK,CHAMBLFERT,30-Jun-2022,520.0,CE,0.0,0.0,0.0,17.25,46.25,0,0.0,0,0,18-APR-2022,
OPTSTK,CHAMBLFERT,30-Jun-2022,530.0,CE,0.0,0.0,0.0,15.45,42.2,0,0.0,0,0,18-APR-2022,
OPTSTK,CHAMBLFERT,30-Jun-2022,540.0,CE,0.0,0.0,0.0,13.75,38.45,0,0.0,0,0,18-APR-2022,
OPTSTK,CHAMBLFERT,30-Jun-2022,550.0,CE,0.0,0.0,0.0,12.3,34.95,0,0.0,0,0,18-APR-2022,
OPTSTK,CHAMBLFERT,30-Jun-2022,560.0,CE,0.0,0.0,0.0,10.95,31.75,0,0.0,0,0,18-APR-2022,
OPTSTK,CHAMBLFERT,30-Jun-2022,570.0,CE,0.0,0.0,0.0,9.75,28.8,0,0.0,0,0,18-APR-2022,
OPTSTK,CHAMBLFERT,30-Jun-2022,260.0,PE,0.0,0.0,0.0,1.25,0.1,0,0.0,0,0,18-APR-2022,
OPTSTK,CHAMBLFERT,30-Jun-2022,270.0,PE,0.0,0.0,0.0,1.75,0.15,0,0.0,0,0,18-APR-2022,
OPTSTK,CHAMBLFERT,30-Jun-2022,280.0,PE,0.0,0.0,0.0,2.45,0.25,0,0.0,0,0,18-APR-2022,
OPTSTK,CHAMBLFERT,30-Jun-2022,290.0,PE,0.0,0.0,0.0,3.35,0.4,0,0.0,0,0,18-APR-2022,
OPTSTK,CHAMBLFERT,30-Jun-2022,300.0,PE,0.0,0.0,0.0,4.45,0.55,0,0.0,0,0,18-APR-2022,
OPTSTK,CHAMBLFERT,30-Jun-2022,310.0,PE,0.0,0.0,0.0,5.8,0.8,0,0.0,0,0,18-APR-2022,
OPTSTK,CHAMBLFERT,30-Jun-2022,320.0,PE,0.0,0.0,0.0,7.45,1.15,0,0.0,0,0,18-APR-2022,
OPTSTK,CHAMBLFERT,30-Jun-2022,330.0,PE,0.0,0.0,0.0,9.35,1.6,0,0.0,0,0,18-APR-2022,
OPTSTK,CHAMBLFERT,30-Jun-2022,340.0,PE,0.0,0.0,0.0,11.6,2.15,0,0.0,0,0,18-APR-2022,
OPTSTK,CHAMBLFERT,30-Jun-2022,350.0,PE,0.0,0.0,0.0,14.15,2.85,0,0.0,0,0,18-APR-2022,
OPTSTK,CHAMBLFERT,30-Jun-2022,360.0,PE,0.0,0.0,0.0,17.1,3.75,0,0.0,0,0,18-APR-2022,
OPTSTK,CHAMBLFERT,30-Jun-2022,370.0,PE,0.0,0.0,0.0,20.35,4.85,0,0.0,0,0,18-APR-2022,
OPTSTK,CHAMBLFERT,30-Jun-2022,380.0,PE,0.0,0.0,0.0,23.95,6.1,0,0.0,0,0,18-APR-2022,
OPTSTK,CHAMBLFERT,30-Jun-2022,390.0,PE,0.0,0.0,0.0,28.0,7.65,0,0.0,0,0,18-APR-2022,
OPTSTK,CHAMBLFERT,30-Jun-2022,400.0,PE,0.0,0.0,0.0,32.35,9.45,0,0.0,0,0,18-APR-2022,
OPTSTK,CHAMBLFERT,30-Jun-2022,410.0,PE,0.0,0.0,0.0,37.1,11.5,0,0.0,0,0,18-APR-2022,
OPTSTK,CHAMBLFERT,30-Jun-2022,420.0,PE,0.0,0.0,0.0,42.15,13.85,0,0.0,0,0,18-APR-2022,
OPTSTK,CHAMBLFERT,30-Jun-2022,430.0,PE,0.0,0.0,0.0,47.6,16.5,0,0.0,0,0,18-APR-2022,
OPTSTK,CHAMBLFERT,30-Jun-2022,440.0,PE,0.0,0.0,0.0,53.35,19.45,0,0.0,0,0,18-APR-2022,
OPTSTK,CHAMBLFERT,30-Jun-2022,450.0,PE,0.0,0.0,0.0,59.45,22.7,0,0.0,0,0,18-APR-2022,
OPTSTK,CHAMBLFERT,30-Jun-2022,460.0,PE,0.0,0.0,0.0,65.8,26.3,0,0.0,0,0,18-APR-2022,
OPTSTK,CHAMBLFERT,30-Jun-2022,470.0,PE,0.0,0.0,0.0,72.5,30.25,0,0.0,0,0,18-APR-2022,
OPTSTK,CHAMBLFERT,30-Jun-2022,480.0,PE,0.0,0.0,0.0,79.45,34.55,0,0.0,0,0,18-APR-2022,
OPTSTK,CHAMBLFERT,30-Jun-2022,490.0,PE,0.0,0.0,0.0,86.65,39.15,0,0.0,0,0,18-APR-2022,
OPTSTK,CHAMBLFERT,30-Jun-2022,500.0,PE,0.0,0.0,0.0,94.1,44.05,0,0.0,0,0,18-APR-2022,
OPTSTK,CHAMBLFERT,30-Jun-2022,510.0,PE,0.0,0.0,0.0,101.8,49.3,0,0.0,0,0,18-APR-2022,
OPTSTK,CHAMBLFERT,30-Jun-2022,520.0,PE,0.0,0.0,0.0,109.7,54.85,0,0.0,0,0,18-APR-2022,
OPTSTK,CHAMBLFERT,30-Jun-2022,530.0,PE,0.0,0.0,0.0,117.75,60.75,0,0.0,0,0,18-APR-2022,
OPTSTK,CHAMBLFERT,30-Jun-2022,540.0,PE,0.0,0.0,0.0,126.0,66.9,0,0.0,0,0,18-APR-2022,
OPTSTK,CHAMBLFERT,30-Jun-2022,550.0,PE,0.0,0.0,0.0,134.4,73.3,0,0.0,0,0,18-APR-2022,
OPTSTK,CHAMBLFERT,30-Jun-2022,560.0,PE,0.0,0.0,0.0,142.95,80.0,0,0.0,0,0,18-APR-2022,
OPTSTK,CHAMBLFERT,30-Jun-2022,570.0,PE,0.0,0.0,0.0,151.65,86.95,0,0.0,0,0,18-APR-2022,
OPTSTK,CHOLAFIN,28-Apr-2022,430.0,CE,0.0,0.0,0.0,233.75,295.35,0,0.0,0,0,18-APR-2022,
OPTSTK,CHOLAFIN,28-Apr-2022,440.0,CE,0.0,0.0,0.0,224.8,285.35,0,0.0,0,0,18-APR-2022,
OPTSTK,CHOLAFIN,28-Apr-2022,450.0,CE,0.0,0.0,0.0,215.95,275.4,0,0.0,0,0,18-APR-2022,
OPTSTK,CHOLAFIN,28-Apr-2022,460.0,CE,0.0,0.0,0.0,207.3,265.4,0,0.0,0,0,18-APR-2022,
OPTSTK,CHOLAFIN,28-Apr-2022,470.0,CE,0.0,0.0,0.0,198.75,255.4,0,0.0,0,0,18-APR-2022,
OPTSTK,CHOLAFIN,28-Apr-2022,480.0,CE,0.0,0.0,0.0,190.4,245.4,0,0.0,0,0,18-APR-2022,
OPTSTK,CHOLAFIN,28-Apr-2022,490.0,CE,0.0,0.0,0.0,182.2,235.4,0,0.0,0,0,18-APR-2022,
OPTSTK,CHOLAFIN,28-Apr-2022,500.0,CE,0.0,0.0,0.0,174.25,225.45,0,0.0,0,0,18-APR-2022,
OPTSTK,CHOLAFIN,28-Apr-2022,510.0,CE,0.0,0.0,0.0,166.45,215.45,0,0.0,0,0,18-APR-2022,
OPTSTK,CHOLAFIN,28-Apr-2022,520.0,CE,0.0,0.0,0.0,158.85,205.45,0,0.0,0,0,18-APR-2022,
OPTSTK,CHOLAFIN,28-Apr-2022,530.0,CE,0.0,0.0,0.0,151.45,195.45,0,0.0,0,0,18-APR-2022,
OPTSTK,CHOLAFIN,28-Apr-2022,540.0,CE,0.0,0.0,0.0,144.25,185.5,0,0.0,0,0,18-APR-2022,
OPTSTK,CHOLAFIN,28-Apr-2022,550.0,CE,0.0,0.0,0.0,137.3,175.5,0,0.0,0,0,18-APR-2022,
OPTSTK,CHOLAFIN,28-Apr-2022,560.0,CE,0.0,0.0,0.0,130.55,165.55,0,0.0,0,0,18-APR-2022,
OPTSTK,CHOLAFIN,28-Apr-2022,570.0,CE,0.0,0.0,0.0,124.05,155.6,0,0.0,0,0,18-APR-2022,
OPTSTK,CHOLAFIN,28-Apr-2022,580.0,CE,0.0,0.0,0.0,117.7,145.7,0,0.0,0,0,18-APR-2022,
OPTSTK,CHOLAFIN,28-Apr-2022,590.0,CE,0.0,0.0,0.0,111.65,135.8,0,0.0,0,0,18-APR-2022,
OPTSTK,CHOLAFIN,28-Apr-2022,600.0,CE,0.0,0.0,0.0,129.0,126.0,0,0.0,1250,0,18-APR-2022,
OPTSTK,CHOLAFIN,28-Apr-2022,610.0,CE,0.0,0.0,0.0,100.2,116.3,0,0.0,0,0,18-APR-2022,
OPTSTK,CHOLAFIN,28-Apr-2022,620.0,CE,0.0,0.0,0.0,96.2,106.75,0,0.0,3750,0,18-APR-2022,
OPTSTK,CHOLAFIN,28-Apr-2022,630.0,CE,0.0,0.0,0.0,89.6,97.35,0,0.0,0,0,18-APR-2022,
OPTSTK,CHOLAFIN,28-Apr-2022,640.0,CE,0.0,0.0,0.0,110.35,88.2,0,0.0,13750,0,18-APR-2022,
OPTSTK,CHOLAFIN,28-Apr-2022,650.0,CE,0.0,0.0,0.0,96.15,79.3,0,0.0,20000,0,18-APR-2022,
OPTSTK,CHOLAFIN,28-Apr-2022,660.0,CE,0.0,0.0,0.0,86.25,70.8,0,0.0,8750,0,18-APR-2022,
OPTSTK,CHOLAFIN,28-Apr-2022,670.0,CE,53.95,60.1,53.95,60.1,62.65,3,27.28,3750,0,18-APR-2022,
OPTSTK,CHOLAFIN,28-Apr-2022,680.0,CE,46.05,46.05,46.05,46.05,55.05,1,9.07,25000,0,18-APR-2022,
OPTSTK,CHOLAFIN,28-Apr-2022,690.0,CE,44.2,44.3,37.45,43.9,43.9,7,63.92,21250,-1250,18-APR-2022,
OPTSTK,CHOLAFIN,28-Apr-2022,700.0,CE,32.1,39.9,29.25,37.35,37.35,42,384.56,135000,18750,18-APR-2022,
OPTSTK,CHOLAFIN,28-Apr-2022,710.0,CE,33.7,33.7,23.35,29.55,29.55,32,294.5,52500,5000,18-APR-2022,
OPTSTK,CHOLAFIN,28-Apr-2022,720.0,CE,22.05,27.0,18.05,23.9,23.9,274,2538.33,136250,-16250,18-APR-2022,
OPTSTK,CHOLAFIN,28-Apr-2022,730.0,CE,16.2,21.8,14.25,18.85,18.85,452,4224.14,185000,-15000,18-APR-2022,
OPTSTK,CHOLAFIN,28-Apr-2022,740.0,CE,13.1,17.25,11.05,14.65,14.65,515,4851.59,242500,6250,18-APR-2022,
OPTSTK,CHOLAFIN,28-Apr-2022,750.0,CE,11.1,13.5,8.8,11.4,11.4,694,6598.95,627500,-48750,18-APR-2022,
OPTSTK,CHOLAFIN,28-Apr-2022,760.0,CE,8.05,10.5,6.7,8.6,8.6,396,3802.95,248750,-20000,18-APR-2022,
OPTSTK,CHOLAFIN,28-Apr-2022,770.0,CE,8.1,8.15,5.05,6.85,6.85,174,1689.39,166250,35000,18-APR-2022,
OPTSTK,CHOLAFIN,28-Apr-2022,780.0,CE,7.8,7.8,4.0,5.5,5.5,254,2493.31,197500,-1250,18-APR-2022,
OPTSTK,CHOLAFIN,28-Apr-2022,790.0,CE,4.6,4.6,2.9,4.3,4.3,44,436.59,63750,-31250,18-APR-2022,
OPTSTK,CHOLAFIN,28-Apr-2022,800.0,CE,4.5,4.5,2.4,3.2,3.2,308,3092.01,398750,-20000,18-APR-2022,
OPTSTK,CHOLAFIN,28-Apr-2022,810.0,CE,2.25,2.85,2.0,2.7,2.7,42,426.47,52500,6250,18-APR-2022,
OPTSTK,CHOLAFIN,28-Apr-2022,820.0,CE,2.4,2.4,1.5,1.9,1.9,154,1581.93,100000,10000,18-APR-2022,
OPTSTK,CHOLAFIN,28-Apr-2022,830.0,CE,2.2,2.2,1.1,1.5,1.5,42,436.48,60000,-5000,18-APR-2022,
OPTSTK,CHOLAFIN,28-Apr-2022,840.0,CE,1.45,1.5,0.95,1.3,1.3,221,2323.69,132500,-22500,18-APR-2022,
OPTSTK,CHOLAFIN,28-Apr-2022,860.0,CE,0.85,0.85,0.6,0.75,1.0,68,731.61,135000,-17500,18-APR-2022,
OPTSTK,CHOLAFIN,28-Apr-2022,880.0,CE,0.5,0.5,0.35,0.45,0.45,20,220.1,21250,1250,18-APR-2022,
OPTSTK,CHOLAFIN,28-Apr-2022,430.0,PE,0.0,0.0,0.0,4.4,0.0,0,0.0,0,0,18-APR-2022,
OPTSTK,CHOLAFIN,28-Apr-2022,440.0,PE,0.0,0.0,0.0,5.3,0.0,0,0.0,0,0,18-APR-2022,
OPTSTK,CHOLAFIN,28-Apr-2022,450.0,PE,0.0,0.0,0.0,0.1,0.0,0,0.0,1250,0,18-APR-2022,
OPTSTK,CHOLAFIN,28-Apr-2022,460.0,PE,0.0,0.0,0.0,7.6,0.0,0,0.0,0,0,18-APR-2022,
OPTSTK,CHOLAFIN,28-Apr-2022,470.0,PE,0.0,0.0,0.0,8.95,0.0,0,0.0,0,0,18-APR-2022,
OPTSTK,CHOLAFIN,28-Apr-2022,480.0,PE,0.0,0.0,0.0,10.5,0.0,0,0.0,0,0,18-APR-2022,
OPTSTK,CHOLAFIN,28-Apr-2022,490.0,PE,0.0,0.0,0.0,12.2,0.0,0,0.0,0,0,18-APR-2022,
OPTSTK,CHOLAFIN,28-Apr-2022,500.0,PE,0.0,0.0,0.0,14.1,0.0,0,0.0,0,0,18-APR-2022,
OPTSTK,CHOLAFIN,28-Apr-2022,510.0,PE,0.0,0.0,0.0,16.2,0.0,0,0.0,0,0,18-APR-2022,
OPTSTK,CHOLAFIN,28-Apr-2022,520.0,PE,0.0,0.0,0.0,18.5,0.0,0,0.0,0,0,18-APR-2022,
OPTSTK,CHOLAFIN,28-Apr-2022,530.0,PE,0.0,0.0,0.0,21.05,0.05,0,0.0,0,0,18-APR-2022,
OPTSTK,CHOLAFIN,28-Apr-2022,540.0,PE,0.0,0.0,0.0,23.75,0.05,0,0.0,0,0,18-APR-2022,
OPTSTK,CHOLAFIN,28-Apr-2022,550.0,PE,0.0,0.0,0.0,0.55,0.05,0,0.0,10000,0,18-APR-2022,
OPTSTK,CHOLAFIN,28-Apr-2022,560.0,PE,0.0,0.0,0.0,29.8,0.05,0,0.0,0,0,18-APR-2022,
OPTSTK,CHOLAFIN,28-Apr-2022,570.0,PE,0.0,0.0,0.0,33.2,0.1,0,0.0,0,0,18-APR-2022,
OPTSTK,CHOLAFIN,28-Apr-2022,580.0,PE,0.0,0.0,0.0,2.0,0.2,0,0.0,1250,0,18-APR-2022,
OPTSTK,CHOLAFIN,28-Apr-2022,590.0,PE,0.0,0.0,0.0,0.2,0.3,0,0.0,15000,0,18-APR-2022,
OPTSTK,CHOLAFIN,28-Apr-2022,600.0,PE,0.55,0.75,0.5,0.6,0.6,98,735.71,135000,25000,18-APR-2022,
OPTSTK,CHOLAFIN,28-Apr-2022,610.0,PE,0.0,0.0,0.0,2.5,0.75,0,0.0,3750,0,18-APR-2022,
OPTSTK,CHOLAFIN,28-Apr-2022,620.0,PE,1.0,1.1,0.8,1.1,1.2,6,46.57,51250,1250,18-APR-2022,
OPTSTK,CHOLAFIN,28-Apr-2022,630.0,PE,1.7,1.7,1.05,1.15,1.8,30,236.8,31250,11250,18-APR-2022,
OPTSTK,CHOLAFIN,28-Apr-2022,640.0,PE,1.9,2.55,1.65,1.75,2.6,48,385.19,57500,3750,18-APR-2022,
OPTSTK,CHOLAFIN,28-Apr-2022,650.0,PE,2.4,3.4,2.05,2.15,2.15,99,807.53,173750,-18750,18-APR-2022,
OPTSTK,CHOLAFIN,28-Apr-2022,660.0,PE,4.2,4.3,2.65,3.0,3.0,78,646.93,60000,-7500,18-APR-2022,
OPTSTK,CHOLAFIN,28-Apr-2022,670.0,PE,4.5,6.15,3.75,3.95,3.95,123,1037.02,153750,10000,18-APR-2022,
OPTSTK,CHOLAFIN,28-Apr-2022,680.0,PE,7.0,8.0,5.0,5.35,5.35,146,1252.36,205000,-7500,18-APR-2022,
OPTSTK,CHOLAFIN,28-Apr-2022,690.0,PE,8.05,10.45,6.65,6.8,6.8,75,654.71,61250,-6250,18-APR-2022,
OPTSTK,CHOLAFIN,28-Apr-2022,700.0,PE,10.0,14.0,8.9,9.55,9.55,448,3983.1,283750,-31250,18-APR-2022,
OPTSTK,CHOLAFIN,28-Apr-2022,710.0,PE,16.1,17.6,11.25,12.25,12.25,227,2056.86,126250,31250,18-APR-2022,
OPTSTK,CHOLAFIN,28-Apr-2022,720.0,PE,20.8,23.2,14.95,16.25,16.25,294,2717.89,228750,-23750,18-APR-2022,
OPTSTK,CHOLAFIN,28-Apr-2022,730.0,PE,26.25,29.0,18.5,20.65,20.65,232,2186.51,107500,-25000,18-APR-2022,
OPTSTK,CHOLAFIN,28-Apr-2022,740.0,PE,30.5,35.75,26.05,27.2,27.2,85,819.67,125000,-13750,18-APR-2022,
OPTSTK,CHOLAFIN,28-Apr-2022,750.0,PE,38.2,42.95,31.1,31.9,31.9,30,295.69,87500,-11250,18-APR-2022,
OPTSTK,CHOLAFIN,28-Apr-2022,760.0,PE,44.9,47.75,41.05,47.75,48.05,3,30.17,16250,0,18-APR-2022,
OPTSTK,CHOLAFIN,28-Apr-2022,770.0,PE,0.0,0.0,0.0,43.0,55.35,0,0.0,1250,0,18-APR-2022,
OPTSTK,CHOLAFIN,28-Apr-2022,780.0,PE,64.0,64.0,58.1,58.1,63.1,3,31.57,5000,0,18-APR-2022,
OPTSTK,CHOLAFIN,28-Apr-2022,790.0,PE,0.0,0.0,0.0,63.1,71.2,0,0.0,1250,0,18-APR-2022,
OPTSTK,CHOLAFIN,28-Apr-2022,800.0,PE,0.0,0.0,0.0,168.1,79.65,0,0.0,0,0,18-APR-2022,
OPTSTK,CHOLAFIN,28-Apr-2022,810.0,PE,0.0,0.0,0.0,175.95,88.45,0,0.0,0,0,18-APR-2022,
OPTSTK,CHOLAFIN,28-Apr-2022,820.0,PE,0.0,0.0,0.0,183.95,97.45,0,0.0,0,0,18-APR-2022,
OPTSTK,CHOLAFIN,28-Apr-2022,830.0,PE,0.0,0.0,0.0,192.05,106.65,0,0.0,0,0,18-APR-2022,
OPTSTK,CHOLAFIN,28-Apr-2022,840.0,PE,0.0,0.0,0.0,200.25,116.05,0,0.0,0,0,18-APR-2022,
OPTSTK,CHOLAFIN,28-Apr-2022,860.0,PE,0.0,0.0,0.0,217.0,135.2,0,0.0,0,0,18-APR-2022,
OPTSTK,CHOLAFIN,28-Apr-2022,880.0,PE,0.0,0.0,0.0,215.05,154.7,0,0.0,0,0,18-APR-2022,
OPTSTK,CHOLAFIN,26-May-2022,430.0,CE,0.0,0.0,0.0,226.75,296.8,0,0.0,0,0,18-APR-2022,
OPTSTK,CHOLAFIN,26-May-2022,440.0,CE,0.0,0.0,0.0,217.8,286.9,0,0.0,0,0,18-APR-2022,
OPTSTK,CHOLAFIN,26-May-2022,450.0,CE,0.0,0.0,0.0,209.0,277.0,0,0.0,0,0,18-APR-2022,
OPTSTK,CHOLAFIN,26-May-2022,460.0,CE,0.0,0.0,0.0,200.35,267.1,0,0.0,0,0,18-APR-2022,
OPTSTK,CHOLAFIN,26-May-2022,470.0,CE,0.0,0.0,0.0,191.85,257.2,0,0.0,0,0,18-APR-2022,
OPTSTK,CHOLAFIN,26-May-2022,480.0,CE,0.0,0.0,0.0,183.5,247.4,0,0.0,0,0,18-APR-2022,
OPTSTK,CHOLAFIN,26-May-2022,490.0,CE,0.0,0.0,0.0,175.4,237.6,0,0.0,0,0,18-APR-2022,
OPTSTK,CHOLAFIN,26-May-2022,500.0,CE,0.0,0.0,0.0,167.45,227.85,0,0.0,0,0,18-APR-2022,
OPTSTK,CHOLAFIN,26-May-2022,510.0,CE,0.0,0.0,0.0,159.7,218.15,0,0.0,0,0,18-APR-2022,
OPTSTK,CHOLAFIN,26-May-2022,520.0,CE,0.0,0.0,0.0,152.15,208.55,0,0.0,0,0,18-APR-2022,
OPTSTK,CHOLAFIN,26-May-2022,530.0,CE,0.0,0.0,0.0,144.85,199.05,0,0.0,0,0,18-APR-2022,
OPTSTK,CHOLAFIN,26-May-2022,540.0,CE,0.0,0.0,0.0,137.75,189.6,0,0.0,0,0,18-APR-2022,
OPTSTK,CHOLAFIN,26-May-2022,550.0,CE,0.0,0.0,0.0,130.85,180.3,0,0.0,0,0,18-APR-2022,
OPTSTK,CHOLAFIN,26-May-2022,560.0,CE,0.0,0.0,0.0,124.2,171.15,0,0.0,0,0,18-APR-2022,
OPTSTK,CHOLAFIN,26-May-2022,570.0,CE,0.0,0.0,0.0,117.75,162.15,0,0.0,0,0,18-APR-2022,
OPTSTK,CHOLAFIN,26-May-2022,580.0,CE,0.0,0.0,0.0,111.55,153.35,0,0.0,0,0,18-APR-2022,
OPTSTK,CHOLAFIN,26-May-2022,590.0,CE,0.0,0.0,0.0,105.6,144.7,0,0.0,0,0,18-APR-2022,
OPTSTK,CHOLAFIN,26-May-2022,600.0,CE,0.0,0.0,0.0,99.85,136.3,0,0.0,0,0,18-APR-2022,
OPTSTK,CHOLAFIN,26-May-2022,610.0,CE,0.0,0.0,0.0,94.4,128.1,0,0.0,0,0,18-APR-2022,
OPTSTK,CHOLAFIN,26-May-2022,620.0,CE,0.0,0.0,0.0,89.1,120.15,0,0.0,0,0,18-APR-2022,
OPTSTK,CHOLAFIN,26-May-2022,630.0,CE,0.0,0.0,0.0,84.05,112.45,0,0.0,0,0,18-APR-2022,
OPTSTK,CHOLAFIN,26-May-2022,640.0,CE,0.0,0.0,0.0,79.25,105.0,0,0.0,0,0,18-APR-2022,
OPTSTK,CHOLAFIN,26-May-2022,650.0,CE,0.0,0.0,0.0,74.65,97.85,0,0.0,0,0,18-APR-2022,
OPTSTK,CHOLAFIN,26-May-2022,660.0,CE,0.0,0.0,0.0,70.25,90.95,0,0.0,0,0,18-APR-2022,
OPTSTK,CHOLAFIN,26-May-2022,670.0,CE,0.0,0.0,0.0,66.05,84.4,0,0.0,0,0,18-APR-2022,
OPTSTK,CHOLAFIN,26-May-2022,680.0,CE,0.0,0.0,0.0,62.1,78.15,0,0.0,0,0,18-APR-2022,
OPTSTK,CHOLAFIN,26-May-2022,690.0,CE,0.0,0.0,0.0,58.3,72.2,0,0.0,0,0,18-APR-2022,
OPTSTK,CHOLAFIN,26-May-2022,700.0,CE,0.0,0.0,0.0,54.75,66.6,0,0.0,0,0,18-APR-2022,
OPTSTK,CHOLAFIN,26-May-2022,710.0,CE,0.0,0.0,0.0,51.35,61.25,0,0.0,0,0,18-APR-2022,
OPTSTK,CHOLAFIN,26-May-2022,720.0,CE,51.0,51.0,51.0,51.0,56.25,1,9.63,5000,1250,18-APR-2022,
OPTSTK,CHOLAFIN,26-May-2022,730.0,CE,0.0,0.0,0.0,45.1,51.55,0,0.0,0,0,18-APR-2022,
OPTSTK,CHOLAFIN,26-May-2022,740.0,CE,0.0,0.0,0.0,42.2,47.15,0,0.0,0,0,18-APR-2022,
OPTSTK,CHOLAFIN,26-May-2022,750.0,CE,26.25,30.95,26.25,30.95,43.0,12,116.82,45000,7500,18-APR-2022,
OPTSTK,CHOLAFIN,26-May-2022,760.0,CE,0.0,0.0,0.0,36.95,39.15,0,0.0,0,0,18-APR-2022,
OPTSTK,CHOLAFIN,26-May-2022,770.0,CE,0.0,0.0,0.0,34.55,35.6,0,0.0,0,0,18-APR-2022,
OPTSTK,CHOLAFIN,26-May-2022,780.0,CE,0.0,0.0,0.0,32.3,32.3,0,0.0,0,0,18-APR-2022,
OPTSTK,CHOLAFIN,26-May-2022,790.0,CE,0.0,0.0,0.0,30.15,29.25,0,0.0,0,0,18-APR-2022,
OPTSTK,CHOLAFIN,26-May-2022,800.0,CE,15.0,15.0,15.0,15.0,26.45,1,10.18,3750,-1250,18-APR-2022,
OPTSTK,CHOLAFIN,26-May-2022,810.0,CE,0.0,0.0,0.0,26.25,23.9,0,0.0,0,0,18-APR-2022,
OPTSTK,CHOLAFIN,26-May-2022,820.0,CE,12.0,12.0,12.0,12.0,21.5,1,10.4,1250,-1250,18-APR-2022,
OPTSTK,CHOLAFIN,26-May-2022,830.0,CE,0.0,0.0,0.0,22.8,19.35,0,0.0,0,0,18-APR-2022,
OPTSTK,CHOLAFIN,26-May-2022,840.0,CE,0.0,0.0,0.0,21.25,17.35,0,0.0,0,0,18-APR-2022,
OPTSTK,CHOLAFIN,26-May-2022,860.0,CE,0.0,0.0,0.0,18.45,13.9,0,0.0,0,0,18-APR-2022,
OPTSTK,CHOLAFIN,26-May-2022,880.0,CE,0.0,0.0,0.0,22.8,11.1,0,0.0,0,0,18-APR-2022,
OPTSTK,CHOLAFIN,26-May-2022,430.0,PE,0.0,0.0,0.0,4.4,0.05,0,0.0,0,0,18-APR-2022,
OPTSTK,CHOLAFIN,26-May-2022,440.0,PE,0.0,0.0,0.0,5.35,0.1,0,0.0,0,0,18-APR-2022,
OPTSTK,CHOLAFIN,26-May-2022,450.0,PE,0.0,0.0,0.0,6.45,0.15,0,0.0,0,0,18-APR-2022,
OPTSTK,CHOLAFIN,26-May-2022,460.0,PE,0.0,0.0,0.0,7.65,0.2,0,0.0,0,0,18-APR-2022,
OPTSTK,CHOLAFIN,26-May-2022,470.0,PE,0.0,0.0,0.0,9.05,0.3,0,0.0,0,0,18-APR-2022,
OPTSTK,CHOLAFIN,26-May-2022,480.0,PE,0.0,0.0,0.0,10.65,0.4,0,0.0,0,0,18-APR-2022,
OPTSTK,CHOLAFIN,26-May-2022,490.0,PE,0.0,0.0,0.0,12.4,0.6,0,0.0,0,0,18-APR-2022,
OPTSTK,CHOLAFIN,26-May-2022,500.0,PE,0.0,0.0,0.0,14.35,0.8,0,0.0,0,0,18-APR-2022,
OPTSTK,CHOLAFIN,26-May-2022,510.0,PE,0.0,0.0,0.0,16.5,1.05,0,0.0,0,0,18-APR-2022,
OPTSTK,CHOLAFIN,26-May-2022,520.0,PE,0.0,0.0,0.0,18.85,1.4,0,0.0,0,0,18-APR-2022,
OPTSTK,CHOLAFIN,26-May-2022,530.0,PE,0.0,0.0,0.0,21.45,1.85,0,0.0,0,0,18-APR-2022,
OPTSTK,CHOLAFIN,26-May-2022,540.0,PE,0.0,0.0,0.0,24.25,2.4,0,0.0,0,0,18-APR-2022,
OPTSTK,CHOLAFIN,26-May-2022,550.0,PE,0.0,0.0,0.0,27.25,3.05,0,0.0,0,0,18-APR-2022,
OPTSTK,CHOLAFIN,26-May-2022,560.0,PE,0.0,0.0,0.0,30.5,3.85,0,0.0,0,0,18-APR-2022,
OPTSTK,CHOLAFIN,26-May-2022,570.0,PE,0.0,0.0,0.0,33.95,4.8,0,0.0,0,0,18-APR-2022,
OPTSTK,CHOLAFIN,26-May-2022,580.0,PE,0.0,0.0,0.0,37.65,5.95,0,0.0,0,0,18-APR-2022,
OPTSTK,CHOLAFIN,26-May-2022,590.0,PE,0.0,0.0,0.0,41.6,7.25,0,0.0,0,0,18-APR-2022,
OPTSTK,CHOLAFIN,26-May-2022,600.0,PE,0.0,0.0,0.0,45.75,8.8,0,0.0,0,0,18-APR-2022,
OPTSTK,CHOLAFIN,26-May-2022,610.0,PE,0.0,0.0,0.0,50.15,10.55,0,0.0,0,0,18-APR-2022,
OPTSTK,CHOLAFIN,26-May-2022,620.0,PE,0.0,0.0,0.0,54.75,12.55,0,0.0,0,0,18-APR-2022,
OPTSTK,CHOLAFIN,26-May-2022,630.0,PE,0.0,0.0,0.0,59.6,14.8,0,0.0,0,0,18-APR-2022,
OPTSTK,CHOLAFIN,26-May-2022,640.0,PE,0.0,0.0,0.0,64.7,17.35,0,0.0,0,0,18-APR-2022,
OPTSTK,CHOLAFIN,26-May-2022,650.0,PE,10.0,10.0,10.0,10.0,20.15,1,8.25,1250,1250,18-APR-2022,
OPTSTK,CHOLAFIN,26-May-2022,660.0,PE,0.0,0.0,0.0,75.5,23.2,0,0.0,0,0,18-APR-2022,
OPTSTK,CHOLAFIN,26-May-2022,670.0,PE,0.0,0.0,0.0,81.2,26.6,0,0.0,0,0,18-APR-2022,
OPTSTK,CHOLAFIN,26-May-2022,680.0,PE,0.0,0.0,0.0,87.15,30.3,0,0.0,0,0,18-APR-2022,
OPTSTK,CHOLAFIN,26-May-2022,690.0,PE,0.0,0.0,0.0,93.25,34.35,0,0.0,0,0,18-APR-2022,
OPTSTK,CHOLAFIN,26-May-2022,700.0,PE,0.0,0.0,0.0,99.55,38.65,0,0.0,0,0,18-APR-2022,
OPTSTK,CHOLAFIN,26-May-2022,710.0,PE,0.0,0.0,0.0,106.05,43.3,0,0.0,0,0,18-APR-2022,
OPTSTK,CHOLAFIN,26-May-2022,720.0,PE,0.0,0.0,0.0,112.75,48.2,0,0.0,0,0,18-APR-2022,
OPTSTK,CHOLAFIN,26-May-2022,730.0,PE,0.0,0.0,0.0,119.6,53.45,0,0.0,0,0,18-APR-2022,
OPTSTK,CHOLAFIN,26-May-2022,740.0,PE,0.0,0.0,0.0,126.6,59.0,0,0.0,0,0,18-APR-2022,
OPTSTK,CHOLAFIN,26-May-2022,750.0,PE,0.0,0.0,0.0,133.8,64.85,0,0.0,0,0,18-APR-2022,
OPTSTK,CHOLAFIN,26-May-2022,760.0,PE,0.0,0.0,0.0,141.15,70.95,0,0.0,0,0,18-APR-2022,
OPTSTK,CHOLAFIN,26-May-2022,770.0,PE,0.0,0.0,0.0,148.65,77.35,0,0.0,0,0,18-APR-2022,
OPTSTK,CHOLAFIN,26-May-2022,780.0,PE,0.0,0.0,0.0,156.3,84.0,0,0.0,0,0,18-APR-2022,
OPTSTK,CHOLAFIN,26-May-2022,790.0,PE,0.0,0.0,0.0,164.05,90.9,0,0.0,0,0,18-APR-2022,
OPTSTK,CHOLAFIN,26-May-2022,800.0,PE,0.0,0.0,0.0,171.95,98.05,0,0.0,0,0,18-APR-2022,
OPTSTK,CHOLAFIN,26-May-2022,810.0,PE,0.0,0.0,0.0,179.95,105.45,0,0.0,0,0,18-APR-2022,
OPTSTK,CHOLAFIN,26-May-2022,820.0,PE,0.0,0.0,0.0,188.05,113.05,0,0.0,0,0,18-APR-2022,
OPTSTK,CHOLAFIN,26-May-2022,830.0,PE,0.0,0.0,0.0,196.3,120.85,0,0.0,0,0,18-APR-2022,
OPTSTK,CHOLAFIN,26-May-2022,840.0,PE,0.0,0.0,0.0,204.6,128.8,0,0.0,0,0,18-APR-2022,
OPTSTK,CHOLAFIN,26-May-2022,860.0,PE,0.0,0.0,0.0,221.6,145.25,0,0.0,0,0,18-APR-2022,
OPTSTK,CHOLAFIN,26-May-2022,880.0,PE,0.0,0.0,0.0,210.1,162.35,0,0.0,0,0,18-APR-2022,
OPTSTK,CHOLAFIN,30-Jun-2022,440.0,CE,0.0,0.0,0.0,285.5,289.75,0,0.0,0,0,18-APR-2022,
OPTSTK,CHOLAFIN,30-Jun-2022,460.0,CE,0.0,0.0,0.0,266.9,270.6,0,0.0,0,0,18-APR-2022,
OPTSTK,CHOLAFIN,30-Jun-2022,480.0,CE,0.0,0.0,0.0,248.75,251.8,0,0.0,0,0,18-APR-2022,
OPTSTK,CHOLAFIN,30-Jun-2022,500.0,CE,0.0,0.0,0.0,231.05,233.4,0,0.0,0,0,18-APR-2022,
OPTSTK,CHOLAFIN,30-Jun-2022,520.0,CE,0.0,0.0,0.0,213.9,215.5,0,0.0,0,0,18-APR-2022,
OPTSTK,CHOLAFIN,30-Jun-2022,540.0,CE,0.0,0.0,0.0,197.4,198.15,0,0.0,0,0,18-APR-2022,
OPTSTK,CHOLAFIN,30-Jun-2022,560.0,CE,0.0,0.0,0.0,181.55,181.45,0,0.0,0,0,18-APR-2022,
OPTSTK,CHOLAFIN,30-Jun-2022,580.0,CE,0.0,0.0,0.0,166.5,165.45,0,0.0,0,0,18-APR-2022,
OPTSTK,CHOLAFIN,30-Jun-2022,600.0,CE,0.0,0.0,0.0,152.15,150.3,0,0.0,0,0,18-APR-2022,
OPTSTK,CHOLAFIN,30-Jun-2022,620.0,CE,0.0,0.0,0.0,138.65,135.95,0,0.0,0,0,18-APR-2022,
OPTSTK,CHOLAFIN,30-Jun-2022,640.0,CE,0.0,0.0,0.0,125.9,122.4,0,0.0,0,0,18-APR-2022,
OPTSTK,CHOLAFIN,30-Jun-2022,660.0,CE,0.0,0.0,0.0,114.05,109.85,0,0.0,0,0,18-APR-2022,
OPTSTK,CHOLAFIN,30-Jun-2022,680.0,CE,0.0,0.0,0.0,103.05,98.2,0,0.0,0,0,18-APR-2022,
OPTSTK,CHOLAFIN,30-Jun-2022,700.0,CE,0.0,0.0,0.0,92.85,87.45,0,0.0,0,0,18-APR-2022,
OPTSTK,CHOLAFIN,30-Jun-2022,720.0,CE,0.0,0.0,0.0,83.4,77.65,0,0.0,0,0,18-APR-2022,
OPTSTK,CHOLAFIN,30-Jun-2022,740.0,CE,0.0,0.0,0.0,74.8,68.65,0,0.0,0,0,18-APR-2022,
OPTSTK,CHOLAFIN,30-Jun-2022,760.0,CE,0.0,0.0,0.0,66.9,60.5,0,0.0,0,0,18-APR-2022,
OPTSTK,CHOLAFIN,30-Jun-2022,780.0,CE,0.0,0.0,0.0,59.7,53.2,0,0.0,0,0,18-APR-2022,
OPTSTK,CHOLAFIN,30-Jun-2022,800.0,CE,0.0,0.0,0.0,53.15,46.6,0,0.0,0,0,18-APR-2022,
OPTSTK,CHOLAFIN,30-Jun-2022,820.0,CE,0.0,0.0,0.0,47.25,40.7,0,0.0,0,0,18-APR-2022,
OPTSTK,CHOLAFIN,30-Jun-2022,840.0,CE,0.0,0.0,0.0,41.9,35.5,0,0.0,0,0,18-APR-2022,
OPTSTK,CHOLAFIN,30-Jun-2022,860.0,CE,0.0,0.0,0.0,37.15,30.85,0,0.0,0,0,18-APR-2022,
OPTSTK,CHOLAFIN,30-Jun-2022,880.0,CE,0.0,0.0,0.0,32.85,26.8,0,0.0,0,0,18-APR-2022,
OPTSTK,CHOLAFIN,30-Jun-2022,440.0,PE,0.0,0.0,0.0,2.4,1.15,0,0.0,0,0,18-APR-2022,
OPTSTK,CHOLAFIN,30-Jun-2022,460.0,PE,0.0,0.0,0.0,3.65,1.9,0,0.0,0,0,18-APR-2022,
OPTSTK,CHOLAFIN,30-Jun-2022,480.0,PE,0.0,0.0,0.0,5.25,2.9,0,0.0,0,0,18-APR-2022,
OPTSTK,CHOLAFIN,30-Jun-2022,500.0,PE,0.0,0.0,0.0,7.35,4.35,0,0.0,0,0,18-APR-2022,
OPTSTK,CHOLAFIN,30-Jun-2022,520.0,PE,0.0,0.0,0.0,10.0,6.25,0,0.0,0,0,18-APR-2022,
OPTSTK,CHOLAFIN,30-Jun-2022,540.0,PE,0.0,0.0,0.0,13.25,8.7,0,0.0,0,0,18-APR-2022,
OPTSTK,CHOLAFIN,30-Jun-2022,560.0,PE,0.0,0.0,0.0,17.2,11.85,0,0.0,0,0,18-APR-2022,
OPTSTK,CHOLAFIN,30-Jun-2022,580.0,PE,0.0,0.0,0.0,21.95,15.7,0,0.0,0,0,18-APR-2022,
OPTSTK,CHOLAFIN,30-Jun-2022,600.0,PE,0.0,0.0,0.0,27.4,20.35,0,0.0,0,0,18-APR-2022,
OPTSTK,CHOLAFIN,30-Jun-2022,620.0,PE,0.0,0.0,0.0,33.65,25.85,0,0.0,0,0,18-APR-2022,
OPTSTK,CHOLAFIN,30-Jun-2022,640.0,PE,0.0,0.0,0.0,40.75,32.15,0,0.0,0,0,18-APR-2022,
OPTSTK,CHOLAFIN,30-Jun-2022,660.0,PE,0.0,0.0,0.0,48.65,39.4,0,0.0,0,0,18-APR-2022,
OPTSTK,CHOLAFIN,30-Jun-2022,680.0,PE,0.0,0.0,0.0,57.45,47.6,0,0.0,0,0,18-APR-2022,
OPTSTK,CHOLAFIN,30-Jun-2022,700.0,PE,0.0,0.0,0.0,67.0,56.7,0,0.0,0,0,18-APR-2022,
OPTSTK,CHOLAFIN,30-Jun-2022,720.0,PE,0.0,0.0,0.0,77.4,66.7,0,0.0,0,0,18-APR-2022,
OPTSTK,CHOLAFIN,30-Jun-2022,740.0,PE,0.0,0.0,0.0,88.55,77.55,0,0.0,0,0,18-APR-2022,
OPTSTK,CHOLAFIN,30-Jun-2022,760.0,PE,0.0,0.0,0.0,100.45,89.25,0,0.0,0,0,18-APR-2022,
OPTSTK,CHOLAFIN,30-Jun-2022,780.0,PE,0.0,0.0,0.0,113.05,101.75,0,0.0,0,0,18-APR-2022,
OPTSTK,CHOLAFIN,30-Jun-2022,800.0,PE,0.0,0.0,0.0,126.3,115.0,0,0.0,0,0,18-APR-2022,
OPTSTK,CHOLAFIN,30-Jun-2022,820.0,PE,0.0,0.0,0.0,140.15,128.9,0,0.0,0,0,18-APR-2022,
OPTSTK,CHOLAFIN,30-Jun-2022,840.0,PE,0.0,0.0,0.0,154.65,143.55,0,0.0,0,0,18-APR-2022,
OPTSTK,CHOLAFIN,30-Jun-2022,860.0,PE,0.0,0.0,0.0,169.65,158.75,0,0.0,0,0,18-APR-2022,
OPTSTK,CHOLAFIN,30-Jun-2022,880.0,PE,0.0,0.0,0.0,185.15,174.5,0,0.0,0,0,18-APR-2022,
OPTSTK,CIPLA,28-Apr-2022,600.0,CE,0.0,0.0,0.0,420.0,428.55,0,0.0,1300,0,18-APR-2022,
OPTSTK,CIPLA,28-Apr-2022,610.0,CE,0.0,0.0,0.0,324.15,418.55,0,0.0,0,0,18-APR-2022,
OPTSTK,CIPLA,28-Apr-2022,620.0,CE,0.0,0.0,0.0,314.35,408.55,0,0.0,0,0,18-APR-2022,
OPTSTK,CIPLA,28-Apr-2022,630.0,CE,0.0,0.0,0.0,304.55,398.6,0,0.0,0,0,18-APR-2022,
OPTSTK,CIPLA,28-Apr-2022,640.0,CE,0.0,0.0,0.0,294.75,388.6,0,0.0,0,0,18-APR-2022,
OPTSTK,CIPLA,28-Apr-2022,650.0,CE,0.0,0.0,0.0,285.0,378.6,0,0.0,0,0,18-APR-2022,
OPTSTK,CIPLA,28-Apr-2022,660.0,CE,0.0,0.0,0.0,275.3,368.6,0,0.0,0,0,18-APR-2022,
OPTSTK,CIPLA,28-Apr-2022,670.0,CE,0.0,0.0,0.0,265.65,358.6,0,0.0,0,0,18-APR-2022,
OPTSTK,CIPLA,28-Apr-2022,680.0,CE,0.0,0.0,0.0,256.0,348.65,0,0.0,0,0,18-APR-2022,
OPTSTK,CIPLA,28-Apr-2022,690.0,CE,0.0,0.0,0.0,246.5,338.65,0,0.0,0,0,18-APR-2022,
OPTSTK,CIPLA,28-Apr-2022,700.0,CE,0.0,0.0,0.0,237.0,328.65,0,0.0,0,0,18-APR-2022,
OPTSTK,CIPLA,28-Apr-2022,710.0,CE,0.0,0.0,0.0,227.6,318.65,0,0.0,0,0,18-APR-2022,
OPTSTK,CIPLA,28-Apr-2022,720.0,CE,0.0,0.0,0.0,218.3,308.7,0,0.0,0,0,18-APR-2022,
OPTSTK,CIPLA,28-Apr-2022,730.0,CE,0.0,0.0,0.0,209.15,298.7,0,0.0,0,0,18-APR-2022,
OPTSTK,CIPLA,28-Apr-2022,740.0,CE,0.0,0.0,0.0,200.05,288.7,0,0.0,0,0,18-APR-2022,
OPTSTK,CIPLA,28-Apr-2022,750.0,CE,0.0,0.0,0.0,191.15,278.7,0,0.0,0,0,18-APR-2022,
OPTSTK,CIPLA,28-Apr-2022,760.0,CE,0.0,0.0,0.0,182.35,268.75,0,0.0,0,0,18-APR-2022,
OPTSTK,CIPLA,28-Apr-2022,770.0,CE,0.0,0.0,0.0,173.7,258.75,0,0.0,0,0,18-APR-2022,
OPTSTK,CIPLA,28-Apr-2022,780.0,CE,0.0,0.0,0.0,165.2,248.75,0,0.0,0,0,18-APR-2022,
OPTSTK,CIPLA,28-Apr-2022,790.0,CE,0.0,0.0,0.0,156.9,238.75,0,0.0,0,0,18-APR-2022,
OPTSTK,CIPLA,28-Apr-2022,800.0,CE,0.0,0.0,0.0,148.8,228.75,0,0.0,0,0,18-APR-2022,
OPTSTK,CIPLA,28-Apr-2022,810.0,CE,0.0,0.0,0.0,140.9,218.8,0,0.0,0,0,18-APR-2022,
OPTSTK,CIPLA,28-Apr-2022,820.0,CE,0.0,0.0,0.0,133.25,208.8,0,0.0,0,0,18-APR-2022,
OPTSTK,CIPLA,28-Apr-2022,830.0,CE,0.0,0.0,0.0,125.8,198.8,0,0.0,0,0,18-APR-2022,
OPTSTK,CIPLA,28-Apr-2022,840.0,CE,0.0,0.0,0.0,118.55,188.8,0,0.0,0,0,18-APR-2022,
OPTSTK,CIPLA,28-Apr-2022,850.0,CE,0.0,0.0,0.0,111.55,178.85,0,0.0,0,0,18-APR-2022,
OPTSTK,CIPLA,28-Apr-2022,860.0,CE,0.0,0.0,0.0,104.8,168.85,0,0.0,0,0,18-APR-2022,
OPTSTK,CIPLA,28-Apr-2022,870.0,CE,0.0,0.0,0.0,98.3,158.85,0,0.0,0,0,18-APR-2022,
OPTSTK,CIPLA,28-Apr-2022,880.0,CE,0.0,0.0,0.0,92.05,148.9,0,0.0,0,0,18-APR-2022,
OPTSTK,CIPLA,28-Apr-2022,890.0,CE,0.0,0.0,0.0,86.1,138.95,0,0.0,0,0,18-APR-2022,
OPTSTK,CIPLA,28-Apr-2022,900.0,CE,138.0,138.0,119.0,119.0,129.0,3,20.11,20150,-650,18-APR-2022,
OPTSTK,CIPLA,28-Apr-2022,910.0,CE,0.0,0.0,0.0,74.9,119.1,0,0.0,0,0,18-APR-2022,
OPTSTK,CIPLA,28-Apr-2022,920.0,CE,0.0,0.0,0.0,85.3,109.25,0,0.0,1300,0,18-APR-2022,
OPTSTK,CIPLA,28-Apr-2022,930.0,CE,0.0,0.0,0.0,101.0,99.5,0,0.0,1300,0,18-APR-2022,
OPTSTK,CIPLA,28-Apr-2022,940.0,CE,0.0,0.0,0.0,85.25,89.95,0,0.0,5200,0,18-APR-2022,
OPTSTK,CIPLA,28-Apr-2022,950.0,CE,74.65,77.9,72.0,77.9,80.55,4,26.62,15600,-2600,18-APR-2022,
OPTSTK,CIPLA,28-Apr-2022,960.0,CE,0.0,0.0,0.0,71.45,71.4,0,0.0,12350,0,18-APR-2022,
OPTSTK,CIPLA,28-Apr-2022,970.0,CE,0.0,0.0,0.0,64.7,62.65,0,0.0,16250,0,18-APR-2022,
OPTSTK,CIPLA,28-Apr-2022,980.0,CE,55.2,57.0,49.0,57.0,57.0,8,53.7,77350,-1950,18-APR-2022,
OPTSTK,CIPLA,28-Apr-2022,990.0,CE,0.0,0.0,0.0,50.0,46.45,0,0.0,5850,0,18-APR-2022,
OPTSTK,CIPLA,28-Apr-2022,1000.0,CE,33.5,46.85,32.0,40.3,40.3,490,3304.09,146250,-22100,18-APR-2022,
OPTSTK,CIPLA,28-Apr-2022,1010.0,CE,28.0,40.2,25.1,32.4,32.4,476,3218.2,72150,-10400,18-APR-2022,
OPTSTK,CIPLA,28-Apr-2022,1020.0,CE,19.45,32.55,19.45,25.9,25.9,2581,17522.32,307450,-55900,18-APR-2022,
OPTSTK,CIPLA,28-Apr-2022,1030.0,CE,16.15,26.5,15.75,20.5,20.5,3974,27115.63,352300,6500,18-APR-2022,
OPTSTK,CIPLA,28-Apr-2022,1040.0,CE,14.55,22.0,12.3,16.2,16.2,3428,23517.45,724750,-33800,18-APR-2022,
OPTSTK,CIPLA,28-Apr-2022,1050.0,CE,11.45,17.45,9.75,12.65,12.65,2370,16365.23,863200,-72800,18-APR-2022,
OPTSTK,CIPLA,28-Apr-2022,1060.0,CE,8.7,13.55,7.65,9.85,9.85,1588,11038.37,625950,-16250,18-APR-2022,
OPTSTK,CIPLA,28-Apr-2022,1070.0,CE,7.05,10.55,5.85,7.55,7.55,450,3151.53,498550,-1300,18-APR-2022,
OPTSTK,CIPLA,28-Apr-2022,1080.0,CE,5.95,8.6,4.8,6.1,6.1,885,6248.2,437450,-20150,18-APR-2022,
OPTSTK,CIPLA,28-Apr-2022,1090.0,CE,2.2,6.9,2.2,5.0,5.0,363,2584.04,124800,-10400,18-APR-2022,
OPTSTK,CIPLA,28-Apr-2022,1100.0,CE,3.5,5.95,3.5,4.3,4.3,972,6977.89,929500,-29900,18-APR-2022,
OPTSTK,CIPLA,28-Apr-2022,1110.0,CE,3.5,4.7,2.9,3.5,3.5,316,2287.23,111150,-1300,18-APR-2022,
OPTSTK,CIPLA,28-Apr-2022,1120.0,CE,2.05,4.05,2.05,2.95,2.95,293,2138.91,127400,-4550,18-APR-2022,
OPTSTK,CIPLA,28-Apr-2022,1130.0,CE,2.7,3.4,2.05,2.45,2.45,264,1943.51,102050,-17550,18-APR-2022,
OPTSTK,CIPLA,28-Apr-2022,1140.0,CE,1.45,2.85,1.45,2.2,2.2,199,1477.52,80600,7150,18-APR-2022,
OPTSTK,CIPLA,28-Apr-2022,1150.0,CE,2.1,2.55,1.6,1.9,1.9,371,2777.88,178100,-9750,18-APR-2022,
OPTSTK,CIPLA,28-Apr-2022,1160.0,CE,1.85,2.2,1.4,1.7,1.7,150,1132.68,53950,-1300,18-APR-2022,
OPTSTK,CIPLA,28-Apr-2022,1170.0,CE,0.0,0.0,0.0,1.85,0.2,0,0.0,11700,0,18-APR-2022,
OPTSTK,CIPLA,28-Apr-2022,1180.0,CE,1.45,1.75,1.1,1.25,1.25,171,1313.05,75400,650,18-APR-2022,
OPTSTK,CIPLA,28-Apr-2022,1190.0,CE,1.3,1.3,0.95,1.15,1.15,5,38.71,16250,-650,18-APR-2022,
OPTSTK,CIPLA,28-Apr-2022,1200.0,CE,1.15,1.3,0.8,1.0,1.0,303,2365.36,386750,-27300,18-APR-2022,
OPTSTK,CIPLA,28-Apr-2022,1210.0,CE,0.85,0.9,0.8,0.85,0.05,17,133.79,9750,6500,18-APR-2022,
OPTSTK,CIPLA,28-Apr-2022,1220.0,CE,0.9,1.05,0.7,0.8,0.8,34,269.8,30550,6500,18-APR-2022,
OPTSTK,CIPLA,28-Apr-2022,1230.0,CE,1.2,1.2,1.2,1.2,0.05,1,8.0,15600,0,18-APR-2022,
OPTSTK,CIPLA,28-Apr-2022,1240.0,CE,0.0,0.0,0.0,3.35,0.0,0,0.0,0,0,18-APR-2022,
OPTSTK,CIPLA,28-Apr-2022,1250.0,CE,0.6,0.65,0.35,0.55,0.55,26,211.34,163150,3250,18-APR-2022,
OPTSTK,CIPLA,28-Apr-2022,600.0,PE,0.0,0.0,0.0,0.15,0.0,0,0.0,0,0,18-APR-2022,
OPTSTK,CIPLA,28-Apr-2022,610.0,PE,0.0,0.0,0.0,0.2,0.0,0,0.0,0,0,18-APR-2022,
OPTSTK,CIPLA,28-Apr-2022,620.0,PE,0.0,0.0,0.0,0.3,0.0,0,0.0,0,0,18-APR-2022,
OPTSTK,CIPLA,28-Apr-2022,630.0,PE,0.0,0.0,0.0,0.35,0.0,0,0.0,0,0,18-APR-2022,
OPTSTK,CIPLA,28-Apr-2022,640.0,PE,0.0,0.0,0.0,0.25,0.0,0,0.0,11700,0,18-APR-2022,
OPTSTK,CIPLA,28-Apr-2022,650.0,PE,0.0,0.0,0.0,0.65,0.0,0,0.0,0,0,18-APR-2022,
OPTSTK,CIPLA,28-Apr-2022,660.0,PE,0.0,0.0,0.0,0.8,0.0,0,0.0,0,0,18-APR-2022,
OPTSTK,CIPLA,28-Apr-2022,670.0,PE,0.0,0.0,0.0,1.05,0.0,0,0.0,0,0,18-APR-2022,
OPTSTK,CIPLA,28-Apr-2022,680.0,PE,0.0,0.0,0.0,1.35,0.0,0,0.0,0,0,18-APR-2022,
OPTSTK,CIPLA,28-Apr-2022,690.0,PE,0.0,0.0,0.0,1.7,0.0,0,0.0,0,0,18-APR-2022,
OPTSTK,CIPLA,28-Apr-2022,700.0,PE,0.0,0.0,0.0,0.15,0.0,0,0.0,650,0,18-APR-2022,
OPTSTK,CIPLA,28-Apr-2022,710.0,PE,0.0,0.0,0.0,2.6,0.0,0,0.0,0,0,18-APR-2022,
OPTSTK,CIPLA,28-Apr-2022,720.0,PE,0.0,0.0,0.0,3.2,0.0,0,0.0,0,0,18-APR-2022,
OPTSTK,CIPLA,28-Apr-2022,730.0,PE,0.0,0.0,0.0,3.95,0.0,0,0.0,0,0,18-APR-2022,
OPTSTK,CIPLA,28-Apr-2022,740.0,PE,0.0,0.0,0.0,4.75,0.0,0,0.0,0,0,18-APR-2022,
OPTSTK,CIPLA,28-Apr-2022,750.0,PE,0.0,0.0,0.0,5.7,0.0,0,0.0,0,0,18-APR-2022,
OPTSTK,CIPLA,28-Apr-2022,760.0,PE,0.0,0.0,0.0,6.8,0.0,0,0.0,0,0,18-APR-2022,
OPTSTK,CIPLA,28-Apr-2022,770.0,PE,0.0,0.0,0.0,8.05,0.0,0,0.0,0,0,18-APR-2022,
OPTSTK,CIPLA,28-Apr-2022,780.0,PE,0.0,0.0,0.0,9.5,0.0,0,0.0,0,0,18-APR-2022,
OPTSTK,CIPLA,28-Apr-2022,790.0,PE,0.0,0.0,0.0,11.1,0.0,0,0.0,0,0,18-APR-2022,
OPTSTK,CIPLA,28-Apr-2022,800.0,PE,0.2,0.2,0.2,0.2,0.2,1,5.2,21450,0,18-APR-2022,
OPTSTK,CIPLA,28-Apr-2022,810.0,PE,0.0,0.0,0.0,14.9,0.0,0,0.0,0,0,18-APR-2022,
OPTSTK,CIPLA,28-Apr-2022,820.0,PE,0.6,0.6,0.6,0.6,0.0,1,5.33,8450,-650,18-APR-2022,
OPTSTK,CIPLA,28-Apr-2022,830.0,PE,0.0,0.0,0.0,19.55,0.0,0,0.0,0,0,18-APR-2022,
OPTSTK,CIPLA,28-Apr-2022,840.0,PE,0.0,0.0,0.0,22.2,0.0,0,0.0,0,0,18-APR-2022,
OPTSTK,CIPLA,28-Apr-2022,850.0,PE,1.15,1.15,0.75,0.85,0.85,44,243.34,113750,-2600,18-APR-2022,
OPTSTK,CIPLA,28-Apr-2022,860.0,PE,0.0,0.0,0.0,4.0,0.05,0,0.0,1300,0,18-APR-2022,
OPTSTK,CIPLA,28-Apr-2022,870.0,PE,0.0,0.0,0.0,31.65,0.05,0,0.0,0,0,18-APR-2022,
OPTSTK,CIPLA,28-Apr-2022,880.0,PE,2.0,2.25,1.3,1.5,0.05,79,452.71,107250,1950,18-APR-2022,
OPTSTK,CIPLA,28-Apr-2022,890.0,PE,2.1,2.1,1.8,2.0,0.05,29,168.12,6500,650,18-APR-2022,
OPTSTK,CIPLA,28-Apr-2022,900.0,PE,1.85,3.15,1.85,1.95,1.95,415,2434.48,487500,-3900,18-APR-2022,
OPTSTK,CIPLA,28-Apr-2022,910.0,PE,0.0,0.0,0.0,3.0,0.2,0,0.0,27300,0,18-APR-2022,
OPTSTK,CIPLA,28-Apr-2022,920.0,PE,3.55,3.9,2.35,2.6,2.6,237,1421.98,110500,-4550,18-APR-2022,
OPTSTK,CIPLA,28-Apr-2022,930.0,PE,2.6,4.25,2.6,3.05,0.65,41,248.78,18200,10400,18-APR-2022,
OPTSTK,CIPLA,28-Apr-2022,940.0,PE,4.0,5.1,2.9,3.3,3.3,200,1227.26,106600,2600,18-APR-2022,
OPTSTK,CIPLA,28-Apr-2022,950.0,PE,5.0,6.1,3.5,3.8,3.8,397,2463.66,299000,37700,18-APR-2022,
OPTSTK,CIPLA,28-Apr-2022,960.0,PE,5.35,7.2,4.1,4.55,4.55,179,1123.4,112450,0,18-APR-2022,
OPTSTK,CIPLA,28-Apr-2022,970.0,PE,5.0,8.65,4.65,5.2,5.2,305,1936.41,76700,1950,18-APR-2022,
OPTSTK,CIPLA,28-Apr-2022,980.0,PE,9.55,10.5,5.6,6.3,6.3,679,4359.4,156650,7150,18-APR-2022,
OPTSTK,CIPLA,28-Apr-2022,990.0,PE,8.2,12.85,6.85,7.5,7.5,292,1898.07,92300,-4550,18-APR-2022,
OPTSTK,CIPLA,28-Apr-2022,1000.0,PE,14.7,15.9,8.05,9.55,9.55,1810,11909.04,388700,48750,18-APR-2022,
OPTSTK,CIPLA,28-Apr-2022,1010.0,PE,16.9,19.55,11.0,12.7,12.7,1566,10438.96,111150,-11700,18-APR-2022,
OPTSTK,CIPLA,28-Apr-2022,1020.0,PE,23.5,24.3,13.75,15.6,15.6,2566,17335.08,484250,31850,18-APR-2022,
OPTSTK,CIPLA,28-Apr-2022,1030.0,PE,27.5,29.8,18.0,19.7,19.7,382,2614.93,135200,-5850,18-APR-2022,
OPTSTK,CIPLA,28-Apr-2022,1040.0,PE,35.7,36.4,22.9,26.1,26.1,240,1668.08,154700,-29250,18-APR-2022,
OPTSTK,CIPLA,28-Apr-2022,1050.0,PE,28.8,41.35,28.8,32.95,32.95,25,176.23,100100,1300,18-APR-2022,
OPTSTK,CIPLA,28-Apr-2022,1060.0,PE,50.95,50.95,35.8,37.9,37.9,43,307.7,34450,1950,18-APR-2022,
OPTSTK,CIPLA,28-Apr-2022,1070.0,PE,47.65,53.45,47.65,53.45,48.65,2,14.56,5850,0,18-APR-2022,
OPTSTK,CIPLA,28-Apr-2022,1080.0,PE,67.8,67.8,67.8,67.8,56.65,1,7.46,6500,0,18-APR-2022,
OPTSTK,CIPLA,28-Apr-2022,1090.0,PE,0.0,0.0,0.0,73.15,65.05,0,0.0,1300,0,18-APR-2022,
OPTSTK,CIPLA,28-Apr-2022,1100.0,PE,84.3,84.3,84.25,84.25,73.85,2,15.39,31200,0,18-APR-2022,
OPTSTK,CIPLA,28-Apr-2022,1110.0,PE,0.0,0.0,0.0,184.3,83.0,0,0.0,0,0,18-APR-2022,
OPTSTK,CIPLA,28-Apr-2022,1120.0,PE,0.0,0.0,0.0,192.9,92.3,0,0.0,0,0,18-APR-2022,
OPTSTK,CIPLA,28-Apr-2022,1130.0,PE,0.0,0.0,0.0,201.65,101.85,0,0.0,0,0,18-APR-2022,
OPTSTK,CIPLA,28-Apr-2022,1140.0,PE,0.0,0.0,0.0,210.45,111.5,0,0.0,0,0,18-APR-2022,
OPTSTK,CIPLA,28-Apr-2022,1150.0,PE,0.0,0.0,0.0,219.35,121.3,0,0.0,0,0,18-APR-2022,
OPTSTK,CIPLA,28-Apr-2022,1160.0,PE,0.0,0.0,0.0,228.4,131.15,0,0.0,0,0,18-APR-2022,
OPTSTK,CIPLA,28-Apr-2022,1170.0,PE,0.0,0.0,0.0,237.45,141.0,0,0.0,0,0,18-APR-2022,
OPTSTK,CIPLA,28-Apr-2022,1180.0,PE,0.0,0.0,0.0,246.6,150.95,0,0.0,0,0,18-APR-2022,
OPTSTK,CIPLA,28-Apr-2022,1190.0,PE,0.0,0.0,0.0,255.85,160.9,0,0.0,0,0,18-APR-2022,
OPTSTK,CIPLA,28-Apr-2022,1200.0,PE,0.0,0.0,0.0,176.0,170.85,0,0.0,5200,0,18-APR-2022,
OPTSTK,CIPLA,28-Apr-2022,1210.0,PE,0.0,0.0,0.0,274.5,180.85,0,0.0,0,0,18-APR-2022,
OPTSTK,CIPLA,28-Apr-2022,1220.0,PE,0.0,0.0,0.0,177.0,190.8,0,0.0,1300,0,18-APR-2022,
OPTSTK,CIPLA,28-Apr-2022,1230.0,PE,0.0,0.0,0.0,180.0,200.8,0,0.0,2600,0,18-APR-2022,
OPTSTK,CIPLA,28-Apr-2022,1240.0,PE,0.0,0.0,0.0,302.85,210.8,0,0.0,0,0,18-APR-2022,
OPTSTK,CIPLA,28-Apr-2022,1250.0,PE,0.0,0.0,0.0,210.5,220.75,0,0.0,2600,0,18-APR-2022,
OPTSTK,CIPLA,26-May-2022,600.0,CE,0.0,0.0,0.0,302.3,430.5,0,0.0,0,0,18-APR-2022,
OPTSTK,CIPLA,26-May-2022,610.0,CE,0.0,0.0,0.0,292.5,420.55,0,0.0,0,0,18-APR-2022,
OPTSTK,CIPLA,26-May-2022,620.0,CE,0.0,0.0,0.0,282.7,410.6,0,0.0,0,0,18-APR-2022,
OPTSTK,CIPLA,26-May-2022,630.0,CE,0.0,0.0,0.0,272.95,400.65,0,0.0,0,0,18-APR-2022,
OPTSTK,CIPLA,26-May-2022,640.0,CE,0.0,0.0,0.0,263.25,390.7,0,0.0,0,0,18-APR-2022,
OPTSTK,CIPLA,26-May-2022,650.0,CE,0.0,0.0,0.0,253.6,380.75,0,0.0,0,0,18-APR-2022,
OPTSTK,CIPLA,26-May-2022,660.0,CE,0.0,0.0,0.0,243.95,370.8,0,0.0,0,0,18-APR-2022,
OPTSTK,CIPLA,26-May-2022,670.0,CE,0.0,0.0,0.0,234.4,360.85,0,0.0,0,0,18-APR-2022,
OPTSTK,CIPLA,26-May-2022,680.0,CE,0.0,0.0,0.0,224.95,350.85,0,0.0,0,0,18-APR-2022,
OPTSTK,CIPLA,26-May-2022,690.0,CE,0.0,0.0,0.0,215.55,340.9,0,0.0,0,0,18-APR-2022,
OPTSTK,CIPLA,26-May-2022,700.0,CE,0.0,0.0,0.0,206.25,330.95,0,0.0,0,0,18-APR-2022,
OPTSTK,CIPLA,26-May-2022,710.0,CE,0.0,0.0,0.0,197.1,321.0,0,0.0,0,0,18-APR-2022,
OPTSTK,CIPLA,26-May-2022,720.0,CE,0.0,0.0,0.0,188.05,311.05,0,0.0,0,0,18-APR-2022,
OPTSTK,CIPLA,26-May-2022,730.0,CE,0.0,0.0,0.0,179.15,301.1,0,0.0,0,0,18-APR-2022,
OPTSTK,CIPLA,26-May-2022,740.0,CE,0.0,0.0,0.0,170.4,291.15,0,0.0,0,0,18-APR-2022,
OPTSTK,CIPLA,26-May-2022,750.0,CE,0.0,0.0,0.0,161.8,281.2,0,0.0,0,0,18-APR-2022,
OPTSTK,CIPLA,26-May-2022,760.0,CE,0.0,0.0,0.0,153.4,271.25,0,0.0,0,0,18-APR-2022,
OPTSTK,CIPLA,26-May-2022,770.0,CE,0.0,0.0,0.0,145.2,261.35,0,0.0,0,0,18-APR-2022,
OPTSTK,CIPLA,26-May-2022,780.0,CE,0.0,0.0,0.0,137.2,251.4,0,0.0,0,0,18-APR-2022,
OPTSTK,CIPLA,26-May-2022,790.0,CE,0.0,0.0,0.0,129.4,241.5,0,0.0,0,0,18-APR-2022,
OPTSTK,CIPLA,26-May-2022,800.0,CE,0.0,0.0,0.0,121.85,231.65,0,0.0,0,0,18-APR-2022,
OPTSTK,CIPLA,26-May-2022,810.0,CE,0.0,0.0,0.0,114.55,221.8,0,0.0,0,0,18-APR-2022,
OPTSTK,CIPLA,26-May-2022,820.0,CE,0.0,0.0,0.0,107.5,211.95,0,0.0,0,0,18-APR-2022,
OPTSTK,CIPLA,26-May-2022,830.0,CE,0.0,0.0,0.0,100.65,202.2,0,0.0,0,0,18-APR-2022,
OPTSTK,CIPLA,26-May-2022,840.0,CE,0.0,0.0,0.0,94.1,192.45,0,0.0,0,0,18-APR-2022,
OPTSTK,CIPLA,26-May-2022,850.0,CE,0.0,0.0,0.0,87.85,182.85,0,0.0,0,0,18-APR-2022,
OPTSTK,CIPLA,26-May-2022,860.0,CE,0.0,0.0,0.0,81.85,173.3,0,0.0,0,0,18-APR-2022,
OPTSTK,CIPLA,26-May-2022,870.0,CE,0.0,0.0,0.0,76.1,163.85,0,0.0,0,0,18-APR-2022,
OPTSTK,CIPLA,26-May-2022,880.0,CE,0.0,0.0,0.0,70.65,154.5,0,0.0,0,0,18-APR-2022,
OPTSTK,CIPLA,26-May-2022,890.0,CE,0.0,0.0,0.0,65.5,145.35,0,0.0,0,0,18-APR-2022,
OPTSTK,CIPLA,26-May-2022,900.0,CE,0.0,0.0,0.0,60.6,136.3,0,0.0,0,0,18-APR-2022,
OPTSTK,CIPLA,26-May-2022,910.0,CE,0.0,0.0,0.0,55.95,127.5,0,0.0,0,0,18-APR-2022,
OPTSTK,CIPLA,26-May-2022,920.0,CE,0.0,0.0,0.0,51.6,118.9,0,0.0,0,0,18-APR-2022,
OPTSTK,CIPLA,26-May-2022,930.0,CE,0.0,0.0,0.0,47.45,110.5,0,0.0,0,0,18-APR-2022,
OPTSTK,CIPLA,26-May-2022,940.0,CE,0.0,0.0,0.0,43.6,102.4,0,0.0,0,0,18-APR-2022,
OPTSTK,CIPLA,26-May-2022,950.0,CE,96.25,96.25,96.25,96.25,96.25,1,6.8,650,650,18-APR-2022,
OPTSTK,CIPLA,26-May-2022,960.0,CE,0.0,0.0,0.0,36.65,87.1,0,0.0,0,0,18-APR-2022,
OPTSTK,CIPLA,26-May-2022,970.0,CE,0.0,0.0,0.0,33.5,79.85,0,0.0,0,0,18-APR-2022,
OPTSTK,CIPLA,26-May-2022,980.0,CE,0.0,0.0,0.0,30.55,73.0,0,0.0,0,0,18-APR-2022,
OPTSTK,CIPLA,26-May-2022,990.0,CE,0.0,0.0,0.0,27.85,66.45,0,0.0,0,0,18-APR-2022,
OPTSTK,CIPLA,26-May-2022,1000.0,CE,0.0,0.0,0.0,25.4,60.3,0,0.0,0,0,18-APR-2022,
OPTSTK,CIPLA,26-May-2022,1010.0,CE,0.0,0.0,0.0,23.05,54.55,0,0.0,0,0,18-APR-2022,
OPTSTK,CIPLA,26-May-2022,1020.0,CE,0.0,0.0,0.0,20.95,49.1,0,0.0,0,0,18-APR-2022,
OPTSTK,CIPLA,26-May-2022,1030.0,CE,0.0,0.0,0.0,41.1,44.05,0,0.0,650,0,18-APR-2022,
OPTSTK,CIPLA,26-May-2022,1040.0,CE,0.0,0.0,0.0,36.25,39.4,0,0.0,2600,0,18-APR-2022,
OPTSTK,CIPLA,26-May-2022,1050.0,CE,33.25,35.85,29.45,35.7,35.7,93,654.95,39650,17550,18-APR-2022,
OPTSTK,CIPLA,26-May-2022,1060.0,CE,0.0,0.0,0.0,39.4,31.1,0,0.0,2600,0,18-APR-2022,
OPTSTK,CIPLA,26-May-2022,1070.0,CE,0.0,0.0,0.0,12.55,27.5,0,0.0,0,0,18-APR-2022,
OPTSTK,CIPLA,26-May-2022,1080.0,CE,0.0,0.0,0.0,11.3,24.2,0,0.0,0,0,18-APR-2022,
OPTSTK,CIPLA,26-May-2022,1090.0,CE,0.0,0.0,0.0,10.15,21.25,0,0.0,0,0,18-APR-2022,
OPTSTK,CIPLA,26-May-2022,1100.0,CE,16.95,21.0,14.4,19.35,19.35,65,472.4,46800,36400,18-APR-2022,
OPTSTK,CIPLA,26-May-2022,1110.0,CE,0.0,0.0,0.0,8.15,16.2,0,0.0,0,0,18-APR-2022,
OPTSTK,CIPLA,26-May-2022,1120.0,CE,11.5,11.5,11.5,11.5,14.0,1,7.35,650,650,18-APR-2022,
OPTSTK,CIPLA,26-May-2022,1130.0,CE,0.0,0.0,0.0,6.5,12.1,0,0.0,0,0,18-APR-2022,
OPTSTK,CIPLA,26-May-2022,1140.0,CE,0.0,0.0,0.0,5.8,10.45,0,0.0,0,0,18-APR-2022,
OPTSTK,CIPLA,26-May-2022,1150.0,CE,0.0,0.0,0.0,8.0,8.95,0,0.0,650,0,18-APR-2022,
OPTSTK,CIPLA,26-May-2022,1160.0,CE,0.0,0.0,0.0,4.6,7.65,0,0.0,0,0,18-APR-2022,
OPTSTK,CIPLA,26-May-2022,1170.0,CE,0.0,0.0,0.0,4.1,6.5,0,0.0,0,0,18-APR-2022,
OPTSTK,CIPLA,26-May-2022,1180.0,CE,0.0,0.0,0.0,3.65,5.55,0,0.0,0,0,18-APR-2022,
OPTSTK,CIPLA,26-May-2022,1190.0,CE,0.0,0.0,0.0,3.25,4.7,0,0.0,0,0,18-APR-2022,
OPTSTK,CIPLA,26-May-2022,1200.0,CE,4.5,4.5,4.0,4.0,4.0,13,101.75,9100,7150,18-APR-2022,
OPTSTK,CIPLA,26-May-2022,1210.0,CE,0.0,0.0,0.0,2.55,3.3,0,0.0,0,0,18-APR-2022,
OPTSTK,CIPLA,26-May-2022,1220.0,CE,0.0,0.0,0.0,2.25,2.75,0,0.0,0,0,18-APR-2022,
OPTSTK,CIPLA,26-May-2022,1230.0,CE,0.0,0.0,0.0,2.0,2.3,0,0.0,0,0,18-APR-2022,
OPTSTK,CIPLA,26-May-2022,1240.0,CE,0.0,0.0,0.0,4.6,1.95,0,0.0,6500,0,18-APR-2022,
OPTSTK,CIPLA,26-May-2022,1250.0,CE,0.0,0.0,0.0,1.55,1.6,0,0.0,0,0,18-APR-2022,
OPTSTK,CIPLA,26-May-2022,600.0,PE,0.0,0.0,0.0,0.25,0.0,0,0.0,0,0,18-APR-2022,
OPTSTK,CIPLA,26-May-2022,610.0,PE,0.0,0.0,0.0,0.3,0.0,0,0.0,0,0,18-APR-2022,
OPTSTK,CIPLA,26-May-2022,620.0,PE,0.0,0.0,0.0,0.45,0.0,0,0.0,0,0,18-APR-2022,
OPTSTK,CIPLA,26-May-2022,630.0,PE,0.0,0.0,0.0,0.55,0.0,0,0.0,0,0,18-APR-2022,
OPTSTK,CIPLA,26-May-2022,640.0,PE,0.0,0.0,0.0,0.75,0.0,0,0.0,0,0,18-APR-2022,
OPTSTK,CIPLA,26-May-2022,650.0,PE,0.0,0.0,0.0,0.95,0.0,0,0.0,0,0,18-APR-2022,
OPTSTK,CIPLA,26-May-2022,660.0,PE,0.0,0.0,0.0,1.25,0.0,0,0.0,0,0,18-APR-2022,
OPTSTK,CIPLA,26-May-2022,670.0,PE,0.0,0.0,0.0,1.6,0.0,0,0.0,0,0,18-APR-2022,
OPTSTK,CIPLA,26-May-2022,680.0,PE,0.0,0.0,0.0,2.05,0.0,0,0.0,0,0,18-APR-2022,
OPTSTK,CIPLA,26-May-2022,690.0,PE,0.0,0.0,0.0,2.55,0.0,0,0.0,0,0,18-APR-2022,
OPTSTK,CIPLA,26-May-2022,700.0,PE,0.0,0.0,0.0,3.15,0.0,0,0.0,0,0,18-APR-2022,
OPTSTK,CIPLA,26-May-2022,710.0,PE,0.0,0.0,0.0,3.85,0.0,0,0.0,0,0,18-APR-2022,
OPTSTK,CIPLA,26-May-2022,720.0,PE,0.0,0.0,0.0,4.7,0.05,0,0.0,0,0,18-APR-2022,
OPTSTK,CIPLA,26-May-2022,730.0,PE,0.0,0.0,0.0,5.7,0.05,0,0.0,0,0,18-APR-2022,
OPTSTK,CIPLA,26-May-2022,740.0,PE,0.0,0.0,0.0,6.85,0.05,0,0.0,0,0,18-APR-2022,
OPTSTK,CIPLA,26-May-2022,750.0,PE,0.0,0.0,0.0,8.15,0.05,0,0.0,0,0,18-APR-2022,
OPTSTK,CIPLA,26-May-2022,760.0,PE,0.0,0.0,0.0,9.65,0.05,0,0.0,0,0,18-APR-2022,
OPTSTK,CIPLA,26-May-2022,770.0,PE,0.0,0.0,0.0,11.35,0.1,0,0.0,0,0,18-APR-2022,
OPTSTK,CIPLA,26-May-2022,780.0,PE,0.0,0.0,0.0,13.25,0.15,0,0.0,0,0,18-APR-2022,
OPTSTK,CIPLA,26-May-2022,790.0,PE,0.0,0.0,0.0,15.35,0.2,0,0.0,0,0,18-APR-2022,
OPTSTK,CIPLA,26-May-2022,800.0,PE,0.0,0.0,0.0,17.7,0.25,0,0.0,0,0,18-APR-2022,
OPTSTK,CIPLA,26-May-2022,810.0,PE,0.0,0.0,0.0,20.3,0.35,0,0.0,0,0,18-APR-2022,
OPTSTK,CIPLA,26-May-2022,820.0,PE,0.0,0.0,0.0,23.1,0.5,0,0.0,0,0,18-APR-2022,
OPTSTK,CIPLA,26-May-2022,830.0,PE,0.0,0.0,0.0,26.15,0.65,0,0.0,0,0,18-APR-2022,
OPTSTK,CIPLA,26-May-2022,840.0,PE,0.0,0.0,0.0,29.5,0.9,0,0.0,0,0,18-APR-2022,
OPTSTK,CIPLA,26-May-2022,850.0,PE,0.0,0.0,0.0,7.9,1.25,0,0.0,650,0,18-APR-2022,
OPTSTK,CIPLA,26-May-2022,860.0,PE,0.0,0.0,0.0,37.05,1.65,0,0.0,0,0,18-APR-2022,
OPTSTK,CIPLA,26-May-2022,870.0,PE,0.0,0.0,0.0,41.2,2.15,0,0.0,0,0,18-APR-2022,
OPTSTK,CIPLA,26-May-2022,880.0,PE,0.0,0.0,0.0,45.65,2.75,0,0.0,0,0,18-APR-2022,
OPTSTK,CIPLA,26-May-2022,890.0,PE,0.0,0.0,0.0,50.4,3.55,0,0.0,0,0,18-APR-2022,
OPTSTK,CIPLA,26-May-2022,900.0,PE,8.0,8.0,7.0,7.0,4.5,5,29.49,4550,3250,18-APR-2022,
OPTSTK,CIPLA,26-May-2022,910.0,PE,0.0,0.0,0.0,60.65,5.65,0,0.0,0,0,18-APR-2022,
OPTSTK,CIPLA,26-May-2022,920.0,PE,0.0,0.0,0.0,66.15,7.0,0,0.0,0,0,18-APR-2022,
OPTSTK,CIPLA,26-May-2022,930.0,PE,0.0,0.0,0.0,71.95,8.55,0,0.0,0,0,18-APR-2022,
OPTSTK,CIPLA,26-May-2022,940.0,PE,0.0,0.0,0.0,78.0,10.4,0,0.0,0,0,18-APR-2022,
OPTSTK,CIPLA,26-May-2022,950.0,PE,12.0,12.0,12.0,12.0,12.55,2,12.5,1300,1300,18-APR-2022,
OPTSTK,CIPLA,26-May-2022,960.0,PE,0.0,0.0,0.0,90.8,15.0,0,0.0,0,0,18-APR-2022,
OPTSTK,CIPLA,26-May-2022,970.0,PE,0.0,0.0,0.0,97.55,17.7,0,0.0,0,0,18-APR-2022,
OPTSTK,CIPLA,26-May-2022,980.0,PE,0.0,0.0,0.0,104.5,20.8,0,0.0,0,0,18-APR-2022,
OPTSTK,CIPLA,26-May-2022,990.0,PE,0.0,0.0,0.0,111.7,24.25,0,0.0,0,0,18-APR-2022,
OPTSTK,CIPLA,26-May-2022,1000.0,PE,26.7,32.0,26.7,32.0,28.05,2,13.38,1300,650,18-APR-2022,
OPTSTK,CIPLA,26-May-2022,1010.0,PE,0.0,0.0,0.0,126.7,32.2,0,0.0,0,0,18-APR-2022,
OPTSTK,CIPLA,26-May-2022,1020.0,PE,0.0,0.0,0.0,134.45,36.75,0,0.0,0,0,18-APR-2022,
OPTSTK,CIPLA,26-May-2022,1030.0,PE,0.0,0.0,0.0,142.35,41.65,0,0.0,0,0,18-APR-2022,
OPTSTK,CIPLA,26-May-2022,1040.0,PE,0.0,0.0,0.0,150.45,46.95,0,0.0,0,0,18-APR-2022,
OPTSTK,CIPLA,26-May-2022,1050.0,PE,0.0,0.0,0.0,62.6,52.6,0,0.0,3250,0,18-APR-2022,
OPTSTK,CIPLA,26-May-2022,1060.0,PE,0.0,0.0,0.0,167.05,58.6,0,0.0,0,0,18-APR-2022,
OPTSTK,CIPLA,26-May-2022,1070.0,PE,0.0,0.0,0.0,175.55,64.9,0,0.0,0,0,18-APR-2022,
OPTSTK,CIPLA,26-May-2022,1080.0,PE,0.0,0.0,0.0,184.2,71.6,0,0.0,0,0,18-APR-2022,
OPTSTK,CIPLA,26-May-2022,1090.0,PE,0.0,0.0,0.0,192.95,78.55,0,0.0,0,0,18-APR-2022,
OPTSTK,CIPLA,26-May-2022,1100.0,PE,0.0,0.0,0.0,201.8,85.85,0,0.0,0,0,18-APR-2022,
OPTSTK,CIPLA,26-May-2022,1110.0,PE,0.0,0.0,0.0,210.75,93.45,0,0.0,0,0,18-APR-2022,
OPTSTK,CIPLA,26-May-2022,1120.0,PE,0.0,0.0,0.0,219.75,101.2,0,0.0,0,0,18-APR-2022,
OPTSTK,CIPLA,26-May-2022,1130.0,PE,0.0,0.0,0.0,228.9,109.3,0,0.0,0,0,18-APR-2022,
OPTSTK,CIPLA,26-May-2022,1140.0,PE,0.0,0.0,0.0,238.1,117.55,0,0.0,0,0,18-APR-2022,
OPTSTK,CIPLA,26-May-2022,1150.0,PE,0.0,0.0,0.0,247.35,126.0,0,0.0,0,0,18-APR-2022,
OPTSTK,CIPLA,26-May-2022,1160.0,PE,0.0,0.0,0.0,256.65,134.7,0,0.0,0,0,18-APR-2022,
OPTSTK,CIPLA,26-May-2022,1170.0,PE,0.0,0.0,0.0,266.05,143.5,0,0.0,0,0,18-APR-2022,
OPTSTK,CIPLA,26-May-2022,1180.0,PE,0.0,0.0,0.0,275.5,152.45,0,0.0,0,0,18-APR-2022,
OPTSTK,CIPLA,26-May-2022,1190.0,PE,0.0,0.0,0.0,285.0,161.55,0,0.0,0,0,18-APR-2022,
OPTSTK,CIPLA,26-May-2022,1200.0,PE,0.0,0.0,0.0,294.5,170.8,0,0.0,0,0,18-APR-2022,
OPTSTK,CIPLA,26-May-2022,1210.0,PE,0.0,0.0,0.0,304.05,180.1,0,0.0,0,0,18-APR-2022,
OPTSTK,CIPLA,26-May-2022,1220.0,PE,0.0,0.0,0.0,313.7,189.55,0,0.0,0,0,18-APR-2022,
OPTSTK,CIPLA,26-May-2022,1230.0,PE,0.0,0.0,0.0,323.3,199.05,0,0.0,0,0,18-APR-2022,
OPTSTK,CIPLA,26-May-2022,1240.0,PE,0.0,0.0,0.0,332.95,208.6,0,0.0,0,0,18-APR-2022,
OPTSTK,CIPLA,26-May-2022,1250.0,PE,0.0,0.0,0.0,342.65,218.25,0,0.0,0,0,18-APR-2022,
OPTSTK,CIPLA,30-Jun-2022,620.0,CE,0.0,0.0,0.0,404.65,413.1,0,0.0,0,0,18-APR-2022,
OPTSTK,CIPLA,30-Jun-2022,630.0,CE,0.0,0.0,0.0,394.75,403.2,0,0.0,0,0,18-APR-2022,
OPTSTK,CIPLA,30-Jun-2022,640.0,CE,0.0,0.0,0.0,384.85,393.3,0,0.0,0,0,18-APR-2022,
OPTSTK,CIPLA,30-Jun-2022,650.0,CE,0.0,0.0,0.0,375.0,383.4,0,0.0,0,0,18-APR-2022,
OPTSTK,CIPLA,30-Jun-2022,660.0,CE,0.0,0.0,0.0,365.15,373.5,0,0.0,0,0,18-APR-2022,
OPTSTK,CIPLA,30-Jun-2022,670.0,CE,0.0,0.0,0.0,355.3,363.6,0,0.0,0,0,18-APR-2022,
OPTSTK,CIPLA,30-Jun-2022,680.0,CE,0.0,0.0,0.0,345.5,353.7,0,0.0,0,0,18-APR-2022,
OPTSTK,CIPLA,30-Jun-2022,690.0,CE,0.0,0.0,0.0,335.65,343.8,0,0.0,0,0,18-APR-2022,
OPTSTK,CIPLA,30-Jun-2022,700.0,CE,0.0,0.0,0.0,325.9,333.9,0,0.0,0,0,18-APR-2022,
OPTSTK,CIPLA,30-Jun-2022,710.0,CE,0.0,0.0,0.0,316.1,324.05,0,0.0,0,0,18-APR-2022,
OPTSTK,CIPLA,30-Jun-2022,720.0,CE,0.0,0.0,0.0,306.4,314.2,0,0.0,0,0,18-APR-2022,
OPTSTK,CIPLA,30-Jun-2022,730.0,CE,0.0,0.0,0.0,296.7,304.35,0,0.0,0,0,18-APR-2022,
OPTSTK,CIPLA,30-Jun-2022,740.0,CE,0.0,0.0,0.0,287.05,294.55,0,0.0,0,0,18-APR-2022,
OPTSTK,CIPLA,30-Jun-2022,750.0,CE,0.0,0.0,0.0,277.45,284.8,0,0.0,0,0,18-APR-2022,
OPTSTK,CIPLA,30-Jun-2022,760.0,CE,0.0,0.0,0.0,267.9,275.05,0,0.0,0,0,18-APR-2022,
OPTSTK,CIPLA,30-Jun-2022,770.0,CE,0.0,0.0,0.0,258.45,265.35,0,0.0,0,0,18-APR-2022,
OPTSTK,CIPLA,30-Jun-2022,780.0,CE,0.0,0.0,0.0,249.05,255.7,0,0.0,0,0,18-APR-2022,
OPTSTK,CIPLA,30-Jun-2022,790.0,CE,0.0,0.0,0.0,239.75,246.1,0,0.0,0,0,18-APR-2022,
OPTSTK,CIPLA,30-Jun-2022,800.0,CE,0.0,0.0,0.0,230.55,236.6,0,0.0,0,0,18-APR-2022,
OPTSTK,CIPLA,30-Jun-2022,810.0,CE,0.0,0.0,0.0,221.4,227.15,0,0.0,0,0,18-APR-2022,
OPTSTK,CIPLA,30-Jun-2022,820.0,CE,0.0,0.0,0.0,212.45,217.8,0,0.0,0,0,18-APR-2022,
OPTSTK,CIPLA,30-Jun-2022,830.0,CE,0.0,0.0,0.0,203.55,208.55,0,0.0,0,0,18-APR-2022,
OPTSTK,CIPLA,30-Jun-2022,840.0,CE,0.0,0.0,0.0,194.85,199.4,0,0.0,0,0,18-APR-2022,
OPTSTK,CIPLA,30-Jun-2022,850.0,CE,0.0,0.0,0.0,186.25,190.4,0,0.0,0,0,18-APR-2022,
OPTSTK,CIPLA,30-Jun-2022,860.0,CE,0.0,0.0,0.0,177.8,181.5,0,0.0,0,0,18-APR-2022,
OPTSTK,CIPLA,30-Jun-2022,870.0,CE,0.0,0.0,0.0,169.55,172.8,0,0.0,0,0,18-APR-2022,
OPTSTK,CIPLA,30-Jun-2022,880.0,CE,0.0,0.0,0.0,161.5,164.2,0,0.0,0,0,18-APR-2022,
OPTSTK,CIPLA,30-Jun-2022,890.0,CE,0.0,0.0,0.0,153.6,155.85,0,0.0,0,0,18-APR-2022,
OPTSTK,CIPLA,30-Jun-2022,900.0,CE,0.0,0.0,0.0,145.9,147.65,0,0.0,0,0,18-APR-2022,
OPTSTK,CIPLA,30-Jun-2022,910.0,CE,0.0,0.0,0.0,138.4,139.65,0,0.0,0,0,18-APR-2022,
OPTSTK,CIPLA,30-Jun-2022,920.0,CE,0.0,0.0,0.0,131.15,131.85,0,0.0,0,0,18-APR-2022,
OPTSTK,CIPLA,30-Jun-2022,930.0,CE,0.0,0.0,0.0,124.05,124.3,0,0.0,0,0,18-APR-2022,
OPTSTK,CIPLA,30-Jun-2022,940.0,CE,0.0,0.0,0.0,117.2,117.0,0,0.0,0,0,18-APR-2022,
OPTSTK,CIPLA,30-Jun-2022,950.0,CE,0.0,0.0,0.0,110.55,109.95,0,0.0,0,0,18-APR-2022,
OPTSTK,CIPLA,30-Jun-2022,960.0,CE,0.0,0.0,0.0,104.2,103.05,0,0.0,0,0,18-APR-2022,
OPTSTK,CIPLA,30-Jun-2022,970.0,CE,0.0,0.0,0.0,98.05,96.5,0,0.0,0,0,18-APR-2022,
OPTSTK,CIPLA,30-Jun-2022,980.0,CE,0.0,0.0,0.0,92.15,90.15,0,0.0,0,0,18-APR-2022,
OPTSTK,CIPLA,30-Jun-2022,990.0,CE,0.0,0.0,0.0,86.5,84.1,0,0.0,0,0,18-APR-2022,
OPTSTK,CIPLA,30-Jun-2022,1000.0,CE,0.0,0.0,0.0,81.05,78.35,0,0.0,0,0,18-APR-2022,
OPTSTK,CIPLA,30-Jun-2022,1010.0,CE,0.0,0.0,0.0,75.85,72.8,0,0.0,0,0,18-APR-2022,
OPTSTK,CIPLA,30-Jun-2022,1020.0,CE,0.0,0.0,0.0,70.9,67.55,0,0.0,0,0,18-APR-2022,
OPTSTK,CIPLA,30-Jun-2022,1030.0,CE,0.0,0.0,0.0,66.2,62.6,0,0.0,0,0,18-APR-2022,
OPTSTK,CIPLA,30-Jun-2022,1040.0,CE,0.0,0.0,0.0,61.7,57.9,0,0.0,0,0,18-APR-2022,
OPTSTK,CIPLA,30-Jun-2022,1050.0,CE,0.0,0.0,0.0,57.45,53.4,0,0.0,0,0,18-APR-2022,
OPTSTK,CIPLA,30-Jun-2022,1060.0,CE,0.0,0.0,0.0,53.45,49.25,0,0.0,0,0,18-APR-2022,
OPTSTK,CIPLA,30-Jun-2022,1070.0,CE,0.0,0.0,0.0,49.65,45.3,0,0.0,0,0,18-APR-2022,
OPTSTK,CIPLA,30-Jun-2022,1080.0,CE,0.0,0.0,0.0,46.05,41.6,0,0.0,0,0,18-APR-2022,
OPTSTK,CIPLA,30-Jun-2022,1090.0,CE,0.0,0.0,0.0,42.65,38.1,0,0.0,0,0,18-APR-2022,
OPTSTK,CIPLA,30-Jun-2022,1100.0,CE,0.0,0.0,0.0,39.45,34.9,0,0.0,0,0,18-APR-2022,
OPTSTK,CIPLA,30-Jun-2022,1110.0,CE,0.0,0.0,0.0,36.45,31.85,0,0.0,0,0,18-APR-2022,
OPTSTK,CIPLA,30-Jun-2022,1120.0,CE,0.0,0.0,0.0,33.65,29.05,0,0.0,0,0,18-APR-2022,
OPTSTK,CIPLA,30-Jun-2022,1130.0,CE,0.0,0.0,0.0,31.0,26.5,0,0.0,0,0,18-APR-2022,
OPTSTK,CIPLA,30-Jun-2022,1140.0,CE,0.0,0.0,0.0,28.6,24.1,0,0.0,0,0,18-APR-2022,
OPTSTK,CIPLA,30-Jun-2022,1150.0,CE,0.0,0.0,0.0,26.3,21.9,0,0.0,0,0,18-APR-2022,
OPTSTK,CIPLA,30-Jun-2022,1160.0,CE,0.0,0.0,0.0,24.2,19.8,0,0.0,0,0,18-APR-2022,
OPTSTK,CIPLA,30-Jun-2022,1170.0,CE,0.0,0.0,0.0,22.15,17.95,0,0.0,0,0,18-APR-2022,
OPTSTK,CIPLA,30-Jun-2022,1180.0,CE,0.0,0.0,0.0,20.3,16.2,0,0.0,0,0,18-APR-2022,
OPTSTK,CIPLA,30-Jun-2022,1190.0,CE,0.0,0.0,0.0,18.6,14.6,0,0.0,0,0,18-APR-2022,
OPTSTK,CIPLA,30-Jun-2022,1200.0,CE,0.0,0.0,0.0,17.0,13.15,0,0.0,0,0,18-APR-2022,
OPTSTK,CIPLA,30-Jun-2022,1210.0,CE,0.0,0.0,0.0,15.55,11.85,0,0.0,0,0,18-APR-2022,
OPTSTK,CIPLA,30-Jun-2022,1220.0,CE,0.0,0.0,0.0,14.2,10.65,0,0.0,0,0,18-APR-2022,
OPTSTK,CIPLA,30-Jun-2022,1230.0,CE,0.0,0.0,0.0,12.95,9.55,0,0.0,0,0,18-APR-2022,
OPTSTK,CIPLA,30-Jun-2022,1240.0,CE,0.0,0.0,0.0,11.8,8.55,0,0.0,0,0,18-APR-2022,
OPTSTK,CIPLA,30-Jun-2022,1250.0,CE,0.0,0.0,0.0,10.7,7.65,0,0.0,0,0,18-APR-2022,
OPTSTK,CIPLA,30-Jun-2022,620.0,PE,0.0,0.0,0.0,0.05,0.05,0,0.0,0,0,18-APR-2022,
OPTSTK,CIPLA,30-Jun-2022,630.0,PE,0.0,0.0,0.0,0.05,0.05,0,0.0,0,0,18-APR-2022,
OPTSTK,CIPLA,30-Jun-2022,640.0,PE,0.0,0.0,0.0,0.1,0.05,0,0.0,0,0,18-APR-2022,
OPTSTK,CIPLA,30-Jun-2022,650.0,PE,0.0,0.0,0.0,0.1,0.05,0,0.0,0,0,18-APR-2022,
OPTSTK,CIPLA,30-Jun-2022,660.0,PE,0.0,0.0,0.0,0.15,0.05,0,0.0,0,0,18-APR-2022,
OPTSTK,CIPLA,30-Jun-2022,670.0,PE,0.0,0.0,0.0,0.2,0.05,0,0.0,0,0,18-APR-2022,
OPTSTK,CIPLA,30-Jun-2022,680.0,PE,0.0,0.0,0.0,0.3,0.1,0,0.0,0,0,18-APR-2022,
OPTSTK,CIPLA,30-Jun-2022,690.0,PE,0.0,0.0,0.0,0.35,0.1,0,0.0,0,0,18-APR-2022,
OPTSTK,CIPLA,30-Jun-2022,700.0,PE,0.0,0.0,0.0,0.45,0.15,0,0.0,0,0,18-APR-2022,
OPTSTK,CIPLA,30-Jun-2022,710.0,PE,0.0,0.0,0.0,0.6,0.2,0,0.0,0,0,18-APR-2022,
OPTSTK,CIPLA,30-Jun-2022,720.0,PE,0.0,0.0,0.0,0.75,0.25,0,0.0,0,0,18-APR-2022,
OPTSTK,CIPLA,30-Jun-2022,730.0,PE,0.0,0.0,0.0,0.95,0.35,0,0.0,0,0,18-APR-2022,
OPTSTK,CIPLA,30-Jun-2022,740.0,PE,0.0,0.0,0.0,1.2,0.45,0,0.0,0,0,18-APR-2022,
OPTSTK,CIPLA,30-Jun-2022,750.0,PE,0.0,0.0,0.0,1.5,0.6,0,0.0,0,0,18-APR-2022,
OPTSTK,CIPLA,30-Jun-2022,760.0,PE,0.0,0.0,0.0,1.85,0.75,0,0.0,0,0,18-APR-2022,
OPTSTK,CIPLA,30-Jun-2022,770.0,PE,0.0,0.0,0.0,2.3,1.0,0,0.0,0,0,18-APR-2022,
OPTSTK,CIPLA,30-Jun-2022,780.0,PE,0.0,0.0,0.0,2.8,1.25,0,0.0,0,0,18-APR-2022,
OPTSTK,CIPLA,30-Jun-2022,790.0,PE,0.0,0.0,0.0,3.4,1.55,0,0.0,0,0,18-APR-2022,
OPTSTK,CIPLA,30-Jun-2022,800.0,PE,0.0,0.0,0.0,4.05,1.95,0,0.0,0,0,18-APR-2022,
OPTSTK,CIPLA,30-Jun-2022,810.0,PE,0.0,0.0,0.0,4.85,2.45,0,0.0,0,0,18-APR-2022,
OPTSTK,CIPLA,30-Jun-2022,820.0,PE,0.0,0.0,0.0,5.75,3.0,0,0.0,0,0,18-APR-2022,
OPTSTK,CIPLA,30-Jun-2022,830.0,PE,0.0,0.0,0.0,6.8,3.65,0,0.0,0,0,18-APR-2022,
OPTSTK,CIPLA,30-Jun-2022,840.0,PE,0.0,0.0,0.0,7.95,4.45,0,0.0,0,0,18-APR-2022,
OPTSTK,CIPLA,30-Jun-2022,850.0,PE,0.0,0.0,0.0,9.25,5.35,0,0.0,0,0,18-APR-2022,
OPTSTK,CIPLA,30-Jun-2022,860.0,PE,0.0,0.0,0.0,10.75,6.4,0,0.0,0,0,18-APR-2022,
OPTSTK,CIPLA,30-Jun-2022,870.0,PE,0.0,0.0,0.0,12.35,7.55,0,0.0,0,0,18-APR-2022,
OPTSTK,CIPLA,30-Jun-2022,880.0,PE,0.0,0.0,0.0,14.2,8.9,0,0.0,0,0,18-APR-2022,
OPTSTK,CIPLA,30-Jun-2022,890.0,PE,0.0,0.0,0.0,16.2,10.45,0,0.0,0,0,18-APR-2022,
OPTSTK,CIPLA,30-Jun-2022,900.0,PE,0.0,0.0,0.0,18.4,12.2,0,0.0,0,0,18-APR-2022,
OPTSTK,CIPLA,30-Jun-2022,910.0,PE,0.0,0.0,0.0,20.8,14.1,0,0.0,0,0,18-APR-2022,
OPTSTK,CIPLA,30-Jun-2022,920.0,PE,0.0,0.0,0.0,23.4,16.25,0,0.0,0,0,18-APR-2022,
OPTSTK,CIPLA,30-Jun-2022,930.0,PE,0.0,0.0,0.0,26.25,18.6,0,0.0,0,0,18-APR-2022,
OPTSTK,CIPLA,30-Jun-2022,940.0,PE,0.0,0.0,0.0,29.25,21.2,0,0.0,0,0,18-APR-2022,
OPTSTK,CIPLA,30-Jun-2022,950.0,PE,0.0,0.0,0.0,32.55,24.05,0,0.0,0,0,18-APR-2022,
OPTSTK,CIPLA,30-Jun-2022,960.0,PE,0.0,0.0,0.0,36.05,27.1,0,0.0,0,0,18-APR-2022,
OPTSTK,CIPLA,30-Jun-2022,970.0,PE,0.0,0.0,0.0,39.8,30.4,0,0.0,0,0,18-APR-2022,
OPTSTK,CIPLA,30-Jun-2022,980.0,PE,0.0,0.0,0.0,43.8,34.0,0,0.0,0,0,18-APR-2022,
OPTSTK,CIPLA,30-Jun-2022,990.0,PE,0.0,0.0,0.0,48.0,37.9,0,0.0,0,0,18-APR-2022,
OPTSTK,CIPLA,30-Jun-2022,1000.0,PE,0.0,0.0,0.0,52.5,42.0,0,0.0,0,0,18-APR-2022,
OPTSTK,CIPLA,30-Jun-2022,1010.0,PE,0.0,0.0,0.0,57.2,46.4,0,0.0,0,0,18-APR-2022,
OPTSTK,CIPLA,30-Jun-2022,1020.0,PE,0.0,0.0,0.0,62.15,51.1,0,0.0,0,0,18-APR-2022,
OPTSTK,CIPLA,30-Jun-2022,1030.0,PE,0.0,0.0,0.0,67.3,56.0,0,0.0,0,0,18-APR-2022,
OPTSTK,CIPLA,30-Jun-2022,1040.0,PE,0.0,0.0,0.0,72.75,61.2,0,0.0,0,0,18-APR-2022,
OPTSTK,CIPLA,30-Jun-2022,1050.0,PE,0.0,0.0,0.0,78.4,66.7,0,0.0,0,0,18-APR-2022,
OPTSTK,CIPLA,30-Jun-2022,1060.0,PE,0.0,0.0,0.0,84.25,72.4,0,0.0,0,0,18-APR-2022,
OPTSTK,CIPLA,30-Jun-2022,1070.0,PE,0.0,0.0,0.0,90.35,78.35,0,0.0,0,0,18-APR-2022,
OPTSTK,CIPLA,30-Jun-2022,1080.0,PE,0.0,0.0,0.0,96.6,84.6,0,0.0,0,0,18-APR-2022,
OPTSTK,CIPLA,30-Jun-2022,1090.0,PE,0.0,0.0,0.0,103.15,91.05,0,0.0,0,0,18-APR-2022,
OPTSTK,CIPLA,30-Jun-2022,1100.0,PE,0.0,0.0,0.0,109.85,97.7,0,0.0,0,0,18-APR-2022,
OPTSTK,CIPLA,30-Jun-2022,1110.0,PE,0.0,0.0,0.0,116.75,104.6,0,0.0,0,0,18-APR-2022,
OPTSTK,CIPLA,30-Jun-2022,1120.0,PE,0.0,0.0,0.0,123.8,111.75,0,0.0,0,0,18-APR-2022,
OPTSTK,CIPLA,30-Jun-2022,1130.0,PE,0.0,0.0,0.0,131.1,119.1,0,0.0,0,0,18-APR-2022,
OPTSTK,CIPLA,30-Jun-2022,1140.0,PE,0.0,0.0,0.0,138.55,126.6,0,0.0,0,0,18-APR-2022,
OPTSTK,CIPLA,30-Jun-2022,1150.0,PE,0.0,0.0,0.0,146.2,134.3,0,0.0,0,0,18-APR-2022,
OPTSTK,CIPLA,30-Jun-2022,1160.0,PE,0.0,0.0,0.0,153.95,142.15,0,0.0,0,0,18-APR-2022,
OPTSTK,CIPLA,30-Jun-2022,1170.0,PE,0.0,0.0,0.0,161.8,150.2,0,0.0,0,0,18-APR-2022,
OPTSTK,CIPLA,30-Jun-2022,1180.0,PE,0.0,0.0,0.0,169.85,158.35,0,0.0,0,0,18-APR-2022,
OPTSTK,CIPLA,30-Jun-2022,1190.0,PE,0.0,0.0,0.0,178.05,166.7,0,0.0,0,0,18-APR-2022,
OPTSTK,CIPLA,30-Jun-2022,1200.0,PE,0.0,0.0,0.0,186.35,175.15,0,0.0,0,0,18-APR-2022,
OPTSTK,CIPLA,30-Jun-2022,1210.0,PE,0.0,0.0,0.0,194.8,183.75,0,0.0,0,0,18-APR-2022,
OPTSTK,CIPLA,30-Jun-2022,1220.0,PE,0.0,0.0,0.0,203.3,192.45,0,0.0,0,0,18-APR-2022,
OPTSTK,CIPLA,30-Jun-2022,1230.0,PE,0.0,0.0,0.0,211.95,201.3,0,0.0,0,0,18-APR-2022,
OPTSTK,CIPLA,30-Jun-2022,1240.0,PE,0.0,0.0,0.0,220.7,210.2,0,0.0,0,0,18-APR-2022,
OPTSTK,CIPLA,30-Jun-2022,1250.0,PE,0.0,0.0,0.0,229.55,219.2,0,0.0,0,0,18-APR-2022,
OPTSTK,COALINDIA,28-Apr-2022,107.5,CE,0.0,0.0,0.0,54.35,82.1,0,0.0,0,0,18-APR-2022,
OPTSTK,COALINDIA,28-Apr-2022,110.0,CE,0.0,0.0,0.0,51.95,79.6,0,0.0,0,0,18-APR-2022,
OPTSTK,COALINDIA,28-Apr-2022,112.5,CE,0.0,0.0,0.0,49.55,77.1,0,0.0,0,0,18-APR-2022,
OPTSTK,COALINDIA,28-Apr-2022,115.0,CE,0.0,0.0,0.0,47.2,74.6,0,0.0,0,0,18-APR-2022,
OPTSTK,COALINDIA,28-Apr-2022,117.5,CE,0.0,0.0,0.0,44.85,72.1,0,0.0,0,0,18-APR-2022,
OPTSTK,COALINDIA,28-Apr-2022,120.0,CE,0.0,0.0,0.0,42.55,69.6,0,0.0,0,0,18-APR-2022,
OPTSTK,COALINDIA,28-Apr-2022,122.5,CE,0.0,0.0,0.0,40.3,67.1,0,0.0,0,0,18-APR-2022,
OPTSTK,COALINDIA,28-Apr-2022,125.0,CE,0.0,0.0,0.0,38.1,64.6,0,0.0,0,0,18-APR-2022,
OPTSTK,COALINDIA,28-Apr-2022,127.5,CE,0.0,0.0,0.0,35.9,62.1,0,0.0,0,0,18-APR-2022,
OPTSTK,COALINDIA,28-Apr-2022,130.0,CE,0.0,0.0,0.0,33.8,59.6,0,0.0,0,0,18-APR-2022,
OPTSTK,COALINDIA,28-Apr-2022,132.5,CE,0.0,0.0,0.0,31.7,57.1,0,0.0,0,0,18-APR-2022,
OPTSTK,COALINDIA,28-Apr-2022,135.0,CE,0.0,0.0,0.0,29.7,54.6,0,0.0,0,0,18-APR-2022,
OPTSTK,COALINDIA,28-Apr-2022,137.5,CE,0.0,0.0,0.0,27.75,52.1,0,0.0,0,0,18-APR-2022,
OPTSTK,COALINDIA,28-Apr-2022,140.0,CE,0.0,0.0,0.0,25.9,49.65,0,0.0,0,0,18-APR-2022,
OPTSTK,COALINDIA,28-Apr-2022,142.5,CE,0.0,0.0,0.0,24.1,47.15,0,0.0,0,0,18-APR-2022,
OPTSTK,COALINDIA,28-Apr-2022,145.0,CE,0.0,0.0,0.0,22.35,44.65,0,0.0,0,0,18-APR-2022,
OPTSTK,COALINDIA,28-Apr-2022,147.5,CE,0.0,0.0,0.0,20.7,42.15,0,0.0,0,0,18-APR-2022,
OPTSTK,COALINDIA,28-Apr-2022,150.0,CE,39.5,39.5,39.5,39.5,39.65,1,7.95,21000,-4200,18-APR-2022,
OPTSTK,COALINDIA,28-Apr-2022,152.5,CE,0.0,0.0,0.0,17.65,37.15,0,0.0,0,0,18-APR-2022,
OPTSTK,COALINDIA,28-Apr-2022,155.0,CE,0.0,0.0,0.0,16.25,34.65,0,0.0,0,0,18-APR-2022,
OPTSTK,COALINDIA,28-Apr-2022,157.5,CE,0.0,0.0,0.0,14.9,32.15,0,0.0,0,0,18-APR-2022,
OPTSTK,COALINDIA,28-Apr-2022,160.0,CE,28.85,28.85,28.85,28.85,29.7,1,7.93,134400,-4200,18-APR-2022,
OPTSTK,COALINDIA,28-Apr-2022,162.5,CE,0.0,0.0,0.0,22.5,27.2,0,0.0,4200,0,18-APR-2022,
OPTSTK,COALINDIA,28-Apr-2022,165.0,CE,0.0,0.0,0.0,31.0,24.8,0,0.0,29400,0,18-APR-2022,
OPTSTK,COALINDIA,28-Apr-2022,167.5,CE,0.0,0.0,0.0,10.4,22.35,0,0.0,0,0,18-APR-2022,
OPTSTK,COALINDIA,28-Apr-2022,170.0,CE,18.95,18.95,18.0,18.75,20.0,5,39.55,432600,8400,18-APR-2022,
OPTSTK,COALINDIA,28-Apr-2022,172.5,CE,0.0,0.0,0.0,15.1,17.7,0,0.0,4200,0,18-APR-2022,
OPTSTK,COALINDIA,28-Apr-2022,175.0,CE,12.7,15.8,12.7,14.35,15.5,11,87.5,113400,12600,18-APR-2022,
OPTSTK,COALINDIA,28-Apr-2022,177.5,CE,13.0,13.65,11.8,12.6,13.45,14,111.78,46200,21000,18-APR-2022,
OPTSTK,COALINDIA,28-Apr-2022,180.0,CE,11.0,12.8,9.4,11.65,11.65,176,1412.26,1457400,-46200,18-APR-2022,
OPTSTK,COALINDIA,28-Apr-2022,182.5,CE,9.5,10.7,9.5,10.55,9.65,9,72.76,138600,16800,18-APR-2022,
OPTSTK,COALINDIA,28-Apr-2022,185.0,CE,6.05,9.15,6.05,7.95,7.95,442,3573.48,781200,-235200,18-APR-2022,
OPTSTK,COALINDIA,28-Apr-2022,187.5,CE,5.05,7.45,4.75,6.55,6.55,368,2990.89,793800,96600,18-APR-2022,
OPTSTK,COALINDIA,28-Apr-2022,190.0,CE,4.35,6.0,3.5,5.15,5.15,3018,24705.89,5308800,285600,18-APR-2022,
OPTSTK,COALINDIA,28-Apr-2022,192.5,CE,2.85,4.75,2.85,4.2,4.2,460,3795.46,718200,67200,18-APR-2022,
OPTSTK,COALINDIA,28-Apr-2022,195.0,CE,2.55,3.8,1.95,3.3,3.3,1540,12813.38,5737200,294000,18-APR-2022,
OPTSTK,COALINDIA,28-Apr-2022,197.5,CE,2.55,3.2,1.6,2.75,2.75,305,2563.13,1163400,-75600,18-APR-2022,
OPTSTK,COALINDIA,28-Apr-2022,200.0,CE,2.0,2.65,1.45,2.35,2.35,2778,23584.29,11978400,-88200,18-APR-2022,
OPTSTK,COALINDIA,28-Apr-2022,202.5,CE,0.65,2.2,0.15,1.95,1.95,163,1398.46,655200,-109200,18-APR-2022,
OPTSTK,COALINDIA,28-Apr-2022,205.0,CE,1.25,1.85,1.1,1.65,1.65,803,6964.21,3931200,-239400,18-APR-2022,
OPTSTK,COALINDIA,28-Apr-2022,207.5,CE,1.1,1.55,0.3,1.45,1.45,106,929.42,428400,-21000,18-APR-2022,
OPTSTK,COALINDIA,28-Apr-2022,210.0,CE,0.9,1.25,0.8,1.15,1.15,1251,11087.36,5875800,-75600,18-APR-2022,
OPTSTK,COALINDIA,28-Apr-2022,212.5,CE,0.85,1.1,0.7,1.0,1.0,54,483.95,243600,-12600,18-APR-2022,
OPTSTK,COALINDIA,28-Apr-2022,215.0,CE,0.7,0.85,0.6,0.8,0.8,252,2283.24,1608600,-193200,18-APR-2022,
OPTSTK,COALINDIA,28-Apr-2022,217.5,CE,0.65,0.7,0.6,0.7,0.7,17,155.76,205800,-12600,18-APR-2022,
OPTSTK,COALINDIA,28-Apr-2022,220.0,CE,0.6,0.65,0.45,0.6,0.6,1017,9420.59,5896800,-281400,18-APR-2022,
OPTSTK,COALINDIA,28-Apr-2022,222.5,CE,0.5,0.55,0.25,0.55,0.55,57,533.73,844200,16800,18-APR-2022,
OPTSTK,COALINDIA,28-Apr-2022,225.0,CE,0.4,0.45,0.35,0.45,0.45,147,1391.69,726600,-75600,18-APR-2022,
OPTSTK,COALINDIA,28-Apr-2022,227.5,CE,0.35,0.35,0.35,0.35,0.35,10,95.69,109200,-25200,18-APR-2022,
OPTSTK,COALINDIA,28-Apr-2022,230.0,CE,0.4,0.4,0.2,0.35,0.35,480,4642.93,2759400,-189000,18-APR-2022,
OPTSTK,COALINDIA,28-Apr-2022,232.5,CE,0.2,0.25,0.2,0.25,0.05,2,19.54,117600,8400,18-APR-2022,
OPTSTK,COALINDIA,28-Apr-2022,107.5,PE,0.05,0.05,0.05,0.05,0.0,1,4.51,29400,0,18-APR-2022,
OPTSTK,COALINDIA,28-Apr-2022,110.0,PE,0.0,0.0,0.0,0.05,0.0,0,0.0,134400,0,18-APR-2022,
OPTSTK,COALINDIA,28-Apr-2022,112.5,PE,0.0,0.0,0.0,0.35,0.0,0,0.0,0,0,18-APR-2022,
OPTSTK,COALINDIA,28-Apr-2022,115.0,PE,0.0,0.0,0.0,0.45,0.0,0,0.0,0,0,18-APR-2022,
OPTSTK,COALINDIA,28-Apr-2022,117.5,PE,0.0,0.0,0.0,0.6,0.0,0,0.0,0,0,18-APR-2022,
OPTSTK,COALINDIA,28-Apr-2022,120.0,PE,0.0,0.0,0.0,0.05,0.0,0,0.0,67200,0,18-APR-2022,
OPTSTK,COALINDIA,28-Apr-2022,122.5,PE,0.0,0.0,0.0,0.95,0.0,0,0.0,0,0,18-APR-2022,
OPTSTK,COALINDIA,28-Apr-2022,125.0,PE,0.0,0.0,0.0,1.2,0.0,0,0.0,0,0,18-APR-2022,
OPTSTK,COALINDIA,28-Apr-2022,127.5,PE,0.0,0.0,0.0,1.5,0.0,0,0.0,0,0,18-APR-2022,
OPTSTK,COALINDIA,28-Apr-2022,130.0,PE,0.05,0.05,0.05,0.05,0.05,2,10.92,88200,-4200,18-APR-2022,
OPTSTK,COALINDIA,28-Apr-2022,132.5,PE,0.0,0.0,0.0,2.3,0.0,0,0.0,0,0,18-APR-2022,
OPTSTK,COALINDIA,28-Apr-2022,135.0,PE,0.0,0.0,0.0,2.75,0.0,0,0.0,0,0,18-APR-2022,
OPTSTK,COALINDIA,28-Apr-2022,137.5,PE,0.0,0.0,0.0,3.3,0.0,0,0.0,0,0,18-APR-2022,
OPTSTK,COALINDIA,28-Apr-2022,140.0,PE,0.05,0.15,0.05,0.15,0.15,6,35.3,273000,4200,18-APR-2022,
OPTSTK,COALINDIA,28-Apr-2022,142.5,PE,0.0,0.0,0.0,4.55,0.0,0,0.0,0,0,18-APR-2022,
OPTSTK,COALINDIA,28-Apr-2022,145.0,PE,0.05,0.05,0.05,0.05,0.0,1,6.09,71400,0,18-APR-2022,
OPTSTK,COALINDIA,28-Apr-2022,147.5,PE,0.1,0.1,0.1,0.1,0.1,2,12.39,29400,-8400,18-APR-2022,
OPTSTK,COALINDIA,28-Apr-2022,150.0,PE,0.1,0.15,0.1,0.15,0.15,127,800.83,873600,-63000,18-APR-2022,
OPTSTK,COALINDIA,28-Apr-2022,152.5,PE,0.0,0.0,0.0,0.15,0.0,0,0.0,42000,0,18-APR-2022,
OPTSTK,COALINDIA,28-Apr-2022,155.0,PE,0.15,0.15,0.15,0.15,0.15,145,944.86,247800,-42000,18-APR-2022,
OPTSTK,COALINDIA,28-Apr-2022,157.5,PE,0.2,0.2,0.2,0.2,0.2,1,6.62,117600,4200,18-APR-2022,
OPTSTK,COALINDIA,28-Apr-2022,160.0,PE,0.4,0.4,0.15,0.2,0.2,261,1756.19,1898400,-92400,18-APR-2022,
OPTSTK,COALINDIA,28-Apr-2022,162.5,PE,0.2,0.2,0.2,0.2,0.2,2,13.66,21000,0,18-APR-2022,
OPTSTK,COALINDIA,28-Apr-2022,165.0,PE,0.5,0.5,0.25,0.25,0.25,445,3089.99,1251600,33600,18-APR-2022,
OPTSTK,COALINDIA,28-Apr-2022,167.5,PE,0.35,0.5,0.3,0.3,0.3,64,451.21,407400,-42000,18-APR-2022,
OPTSTK,COALINDIA,28-Apr-2022,170.0,PE,0.75,0.8,0.35,0.4,0.4,992,7104.18,5434800,-138600,18-APR-2022,
OPTSTK,COALINDIA,28-Apr-2022,172.5,PE,1.1,1.1,0.55,0.6,0.6,120,873.27,453600,-147000,18-APR-2022,
OPTSTK,COALINDIA,28-Apr-2022,175.0,PE,1.55,1.75,0.75,0.9,0.9,639,4725.63,1633800,109200,18-APR-2022,
OPTSTK,COALINDIA,28-Apr-2022,177.5,PE,1.8,1.9,1.1,1.25,1.25,176,1323.57,453600,-117600,18-APR-2022,
OPTSTK,COALINDIA,28-Apr-2022,180.0,PE,2.5,3.2,1.5,1.75,1.75,893,6829.7,4376400,-205800,18-APR-2022,
OPTSTK,COALINDIA,28-Apr-2022,182.5,PE,3.45,3.45,1.95,2.3,2.3,189,1469.67,651000,-126000,18-APR-2022,
OPTSTK,COALINDIA,28-Apr-2022,185.0,PE,5.0,5.4,2.55,2.95,2.95,684,5414.38,1906800,25200,18-APR-2022,
OPTSTK,COALINDIA,28-Apr-2022,187.5,PE,5.8,5.8,3.35,3.9,3.9,308,2482.68,394800,71400,18-APR-2022,
OPTSTK,COALINDIA,28-Apr-2022,190.0,PE,5.85,7.5,4.35,5.1,5.1,630,5177.43,2482200,168000,18-APR-2022,
OPTSTK,COALINDIA,28-Apr-2022,192.5,PE,7.35,8.6,5.75,6.65,6.65,57,477.19,466200,-8400,18-APR-2022,
OPTSTK,COALINDIA,28-Apr-2022,195.0,PE,9.45,10.45,7.4,8.35,8.35,93,796.37,1138200,-33600,18-APR-2022,
OPTSTK,COALINDIA,28-Apr-2022,197.5,PE,12.1,12.1,9.4,10.0,10.0,11,96.28,268800,-8400,18-APR-2022,
OPTSTK,COALINDIA,28-Apr-2022,200.0,PE,13.45,14.1,11.5,12.05,12.05,17,151.97,781200,8400,18-APR-2022,
OPTSTK,COALINDIA,28-Apr-2022,202.5,PE,0.0,0.0,0.0,42.15,14.2,0,0.0,0,0,18-APR-2022,
OPTSTK,COALINDIA,28-Apr-2022,205.0,PE,17.7,19.35,17.7,19.35,16.35,2,18.77,92400,0,18-APR-2022,
OPTSTK,COALINDIA,28-Apr-2022,207.5,PE,0.0,0.0,0.0,46.6,18.55,0,0.0,0,0,18-APR-2022,
OPTSTK,COALINDIA,28-Apr-2022,210.0,PE,0.0,0.0,0.0,22.35,20.85,0,0.0,155400,0,18-APR-2022,
OPTSTK,COALINDIA,28-Apr-2022,212.5,PE,0.0,0.0,0.0,51.2,23.2,0,0.0,0,0,18-APR-2022,
OPTSTK,COALINDIA,28-Apr-2022,215.0,PE,0.0,0.0,0.0,53.5,25.55,0,0.0,0,0,18-APR-2022,
OPTSTK,COALINDIA,28-Apr-2022,217.5,PE,0.0,0.0,0.0,55.8,28.0,0,0.0,0,0,18-APR-2022,
OPTSTK,COALINDIA,28-Apr-2022,220.0,PE,0.0,0.0,0.0,58.15,30.4,0,0.0,0,0,18-APR-2022,
OPTSTK,COALINDIA,28-Apr-2022,222.5,PE,0.0,0.0,0.0,59.5,32.9,0,0.0,0,0,18-APR-2022,
OPTSTK,COALINDIA,28-Apr-2022,225.0,PE,0.0,0.0,0.0,59.75,35.35,0,0.0,0,0,18-APR-2022,
OPTSTK,COALINDIA,28-Apr-2022,227.5,PE,0.0,0.0,0.0,57.65,37.85,0,0.0,0,0,18-APR-2022,
OPTSTK,COALINDIA,28-Apr-2022,230.0,PE,0.0,0.0,0.0,59.4,40.35,0,0.0,0,0,18-APR-2022,
OPTSTK,COALINDIA,28-Apr-2022,232.5,PE,0.0,0.0,0.0,47.55,42.8,0,0.0,0,0,18-APR-2022,
OPTSTK,COALINDIA,26-May-2022,107.5,CE,0.0,0.0,0.0,44.05,82.45,0,0.0,0,0,18-APR-2022,
OPTSTK,COALINDIA,26-May-2022,110.0,CE,0.0,0.0,0.0,41.7,79.95,0,0.0,0,0,18-APR-2022,
OPTSTK,COALINDIA,26-May-2022,112.5,CE,0.0,0.0,0.0,39.4,77.45,0,0.0,0,0,18-APR-2022,
OPTSTK,COALINDIA,26-May-2022,115.0,CE,0.0,0.0,0.0,37.1,75.0,0,0.0,0,0,18-APR-2022,
OPTSTK,COALINDIA,26-May-2022,117.5,CE,0.0,0.0,0.0,34.9,72.5,0,0.0,0,0,18-APR-2022,
OPTSTK,COALINDIA,26-May-2022,120.0,CE,0.0,0.0,0.0,32.75,70.0,0,0.0,0,0,18-APR-2022,
OPTSTK,COALINDIA,26-May-2022,122.5,CE,0.0,0.0,0.0,30.6,67.5,0,0.0,0,0,18-APR-2022,
OPTSTK,COALINDIA,26-May-2022,125.0,CE,0.0,0.0,0.0,28.55,65.05,0,0.0,0,0,18-APR-2022,
OPTSTK,COALINDIA,26-May-2022,127.5,CE,0.0,0.0,0.0,26.6,62.55,0,0.0,0,0,18-APR-2022,
OPTSTK,COALINDIA,26-May-2022,130.0,CE,0.0,0.0,0.0,24.7,60.05,0,0.0,0,0,18-APR-2022,
OPTSTK,COALINDIA,26-May-2022,132.5,CE,0.0,0.0,0.0,22.85,57.6,0,0.0,0,0,18-APR-2022,
OPTSTK,COALINDIA,26-May-2022,135.0,CE,0.0,0.0,0.0,21.1,55.1,0,0.0,0,0,18-APR-2022,
OPTSTK,COALINDIA,26-May-2022,137.5,CE,0.0,0.0,0.0,19.45,52.65,0,0.0,0,0,18-APR-2022,
OPTSTK,COALINDIA,26-May-2022,140.0,CE,0.0,0.0,0.0,17.85,50.2,0,0.0,0,0,18-APR-2022,
OPTSTK,COALINDIA,26-May-2022,142.5,CE,0.0,0.0,0.0,16.35,47.75,0,0.0,0,0,18-APR-2022,
OPTSTK,COALINDIA,26-May-2022,145.0,CE,0.0,0.0,0.0,14.95,45.35,0,0.0,0,0,18-APR-2022,
OPTSTK,COALINDIA,26-May-2022,147.5,CE,0.0,0.0,0.0,13.6,42.95,0,0.0,0,0,18-APR-2022,
OPTSTK,COALINDIA,26-May-2022,150.0,CE,0.0,0.0,0.0,12.4,40.55,0,0.0,0,0,18-APR-2022,
OPTSTK,COALINDIA,26-May-2022,152.5,CE,0.0,0.0,0.0,11.25,38.2,0,0.0,0,0,18-APR-2022,
OPTSTK,COALINDIA,26-May-2022,155.0,CE,0.0,0.0,0.0,10.15,35.9,0,0.0,0,0,18-APR-2022,
OPTSTK,COALINDIA,26-May-2022,157.5,CE,0.0,0.0,0.0,9.15,33.65,0,0.0,0,0,18-APR-2022,
OPTSTK,COALINDIA,26-May-2022,160.0,CE,0.0,0.0,0.0,32.0,31.4,0,0.0,4200,0,18-APR-2022,
OPTSTK,COALINDIA,26-May-2022,162.5,CE,0.0,0.0,0.0,7.4,29.25,0,0.0,0,0,18-APR-2022,
OPTSTK,COALINDIA,26-May-2022,165.0,CE,0.0,0.0,0.0,6.65,27.15,0,0.0,0,0,18-APR-2022,
OPTSTK,COALINDIA,26-May-2022,167.5,CE,0.0,0.0,0.0,5.95,25.15,0,0.0,0,0,18-APR-2022,
OPTSTK,COALINDIA,26-May-2022,170.0,CE,0.0,0.0,0.0,5.3,23.2,0,0.0,0,0,18-APR-2022,
OPTSTK,COALINDIA,26-May-2022,172.5,CE,0.0,0.0,0.0,4.75,21.3,0,0.0,0,0,18-APR-2022,
OPTSTK,COALINDIA,26-May-2022,175.0,CE,0.0,0.0,0.0,4.2,19.5,0,0.0,0,0,18-APR-2022,
OPTSTK,COALINDIA,26-May-2022,177.5,CE,0.0,0.0,0.0,3.75,17.8,0,0.0,0,0,18-APR-2022,
OPTSTK,COALINDIA,26-May-2022,180.0,CE,14.6,14.8,14.55,14.8,16.2,4,32.7,46200,12600,18-APR-2022,
OPTSTK,COALINDIA,26-May-2022,182.5,CE,0.0,0.0,0.0,2.9,14.7,0,0.0,0,0,18-APR-2022,
OPTSTK,COALINDIA,26-May-2022,185.0,CE,0.0,0.0,0.0,11.65,13.25,0,0.0,12600,0,18-APR-2022,
OPTSTK,COALINDIA,26-May-2022,187.5,CE,0.0,0.0,0.0,3.0,11.95,0,0.0,8400,0,18-APR-2022,
OPTSTK,COALINDIA,26-May-2022,190.0,CE,9.05,11.2,9.0,10.45,10.45,102,857.56,424200,142800,18-APR-2022,
OPTSTK,COALINDIA,26-May-2022,192.5,CE,0.0,0.0,0.0,10.0,9.55,0,0.0,142800,0,18-APR-2022,
OPTSTK,COALINDIA,26-May-2022,195.0,CE,7.5,9.1,7.0,7.5,8.5,10,85.23,67200,25200,18-APR-2022,
OPTSTK,COALINDIA,26-May-2022,197.5,CE,6.8,7.0,6.8,7.0,7.55,2,17.16,33600,4200,18-APR-2022,
OPTSTK,COALINDIA,26-May-2022,200.0,CE,6.3,7.45,5.5,6.9,6.9,143,1240.8,982800,180600,18-APR-2022,
OPTSTK,COALINDIA,26-May-2022,202.5,CE,0.0,0.0,0.0,1.05,5.9,0,0.0,0,0,18-APR-2022,
OPTSTK,COALINDIA,26-May-2022,205.0,CE,5.0,5.1,5.0,5.1,5.1,2,17.64,8400,8400,18-APR-2022,
OPTSTK,COALINDIA,26-May-2022,207.5,CE,0.0,0.0,0.0,0.8,4.55,0,0.0,0,0,18-APR-2022,
OPTSTK,COALINDIA,26-May-2022,210.0,CE,3.95,4.7,3.55,3.95,3.95,42,377.71,289800,63000,18-APR-2022,
OPTSTK,COALINDIA,26-May-2022,212.5,CE,0.0,0.0,0.0,1.65,3.45,0,0.0,0,0,18-APR-2022,
OPTSTK,COALINDIA,26-May-2022,215.0,CE,0.0,0.0,0.0,1.45,3.0,0,0.0,0,0,18-APR-2022,
OPTSTK,COALINDIA,26-May-2022,217.5,CE,0.0,0.0,0.0,1.3,2.55,0,0.0,0,0,18-APR-2022,
OPTSTK,COALINDIA,26-May-2022,220.0,CE,2.5,2.8,2.05,2.6,2.6,12,112.14,340200,29400,18-APR-2022,
OPTSTK,COALINDIA,26-May-2022,222.5,CE,0.0,0.0,0.0,1.0,1.9,0,0.0,0,0,18-APR-2022,
OPTSTK,COALINDIA,26-May-2022,225.0,CE,1.9,1.9,1.9,1.9,1.65,1,9.52,29400,4200,18-APR-2022,
OPTSTK,COALINDIA,26-May-2022,227.5,CE,0.0,0.0,0.0,1.4,1.4,0,0.0,0,0,18-APR-2022,
OPTSTK,COALINDIA,26-May-2022,230.0,CE,0.0,0.0,0.0,1.25,1.2,0,0.0,0,0,18-APR-2022,
OPTSTK,COALINDIA,26-May-2022,232.5,CE,0.0,0.0,0.0,2.85,1.0,0,0.0,0,0,18-APR-2022,
OPTSTK,COALINDIA,26-May-2022,107.5,PE,0.0,0.0,0.0,0.4,0.0,0,0.0,0,0,18-APR-2022,
OPTSTK,COALINDIA,26-May-2022,110.0,PE,0.0,0.0,0.0,0.55,0.0,0,0.0,0,0,18-APR-2022,
OPTSTK,COALINDIA,26-May-2022,112.5,PE,0.0,0.0,0.0,0.7,0.0,0,0.0,0,0,18-APR-2022,
OPTSTK,COALINDIA,26-May-2022,115.0,PE,0.0,0.0,0.0,0.9,0.0,0,0.0,0,0,18-APR-2022,
OPTSTK,COALINDIA,26-May-2022,117.5,PE,0.0,0.0,0.0,1.15,0.0,0,0.0,0,0,18-APR-2022,
OPTSTK,COALINDIA,26-May-2022,120.0,PE,0.0,0.0,0.0,1.45,0.0,0,0.0,0,0,18-APR-2022,
OPTSTK,COALINDIA,26-May-2022,122.5,PE,0.0,0.0,0.0,1.85,0.0,0,0.0,0,0,18-APR-2022,
OPTSTK,COALINDIA,26-May-2022,125.0,PE,0.0,0.0,0.0,2.25,0.05,0,0.0,0,0,18-APR-2022,
OPTSTK,COALINDIA,26-May-2022,127.5,PE,0.0,0.0,0.0,2.75,0.05,0,0.0,0,0,18-APR-2022,
OPTSTK,COALINDIA,26-May-2022,130.0,PE,0.0,0.0,0.0,1.25,0.05,0,0.0,0,0,18-APR-2022,
OPTSTK,COALINDIA,26-May-2022,132.5,PE,0.0,0.0,0.0,3.95,0.05,0,0.0,0,0,18-APR-2022,
OPTSTK,COALINDIA,26-May-2022,135.0,PE,0.0,0.0,0.0,4.7,0.05,0,0.0,0,0,18-APR-2022,
OPTSTK,COALINDIA,26-May-2022,137.5,PE,0.0,0.0,0.0,5.5,0.1,0,0.0,0,0,18-APR-2022,
OPTSTK,COALINDIA,26-May-2022,140.0,PE,0.0,0.0,0.0,6.4,0.15,0,0.0,0,0,18-APR-2022,
OPTSTK,COALINDIA,26-May-2022,142.5,PE,0.0,0.0,0.0,7.35,0.2,0,0.0,0,0,18-APR-2022,
OPTSTK,COALINDIA,26-May-2022,145.0,PE,0.0,0.0,0.0,8.4,0.25,0,0.0,0,0,18-APR-2022,
OPTSTK,COALINDIA,26-May-2022,147.5,PE,0.0,0.0,0.0,9.55,0.35,0,0.0,0,0,18-APR-2022,
OPTSTK,COALINDIA,26-May-2022,150.0,PE,0.5,0.55,0.4,0.55,0.45,3,18.96,29400,0,18-APR-2022,
OPTSTK,COALINDIA,26-May-2022,152.5,PE,0.0,0.0,0.0,12.15,0.6,0,0.0,0,0,18-APR-2022,
OPTSTK,COALINDIA,26-May-2022,155.0,PE,0.0,0.0,0.0,13.55,0.75,0,0.0,0,0,18-APR-2022,
OPTSTK,COALINDIA,26-May-2022,157.5,PE,0.0,0.0,0.0,15.0,1.0,0,0.0,0,0,18-APR-2022,
OPTSTK,COALINDIA,26-May-2022,160.0,PE,1.3,1.3,1.05,1.1,1.1,6,40.61,84000,-4200,18-APR-2022,
OPTSTK,COALINDIA,26-May-2022,162.5,PE,0.0,0.0,0.0,18.2,1.6,0,0.0,0,0,18-APR-2022,
OPTSTK,COALINDIA,26-May-2022,165.0,PE,0.0,0.0,0.0,2.1,2.0,0,0.0,25200,0,18-APR-2022,
OPTSTK,COALINDIA,26-May-2022,167.5,PE,0.0,0.0,0.0,21.7,2.45,0,0.0,0,0,18-APR-2022,
OPTSTK,COALINDIA,26-May-2022,170.0,PE,2.85,3.3,2.2,2.4,2.4,99,717.36,399000,71400,18-APR-2022,
OPTSTK,COALINDIA,26-May-2022,172.5,PE,0.0,0.0,0.0,25.45,3.6,0,0.0,0,0,18-APR-2022,
OPTSTK,COALINDIA,26-May-2022,175.0,PE,0.0,0.0,0.0,4.5,4.3,0,0.0,42000,0,18-APR-2022,
OPTSTK,COALINDIA,26-May-2022,177.5,PE,0.0,0.0,0.0,29.35,5.1,0,0.0,0,0,18-APR-2022,
OPTSTK,COALINDIA,26-May-2022,180.0,PE,5.7,6.65,5.0,5.2,5.2,24,187.19,176400,42000,18-APR-2022,
OPTSTK,COALINDIA,26-May-2022,182.5,PE,0.0,0.0,0.0,33.5,6.9,0,0.0,0,0,18-APR-2022,
OPTSTK,COALINDIA,26-May-2022,185.0,PE,7.5,7.5,6.65,6.65,8.0,2,16.13,33600,0,18-APR-2022,
OPTSTK,COALINDIA,26-May-2022,187.5,PE,0.0,0.0,0.0,10.65,9.15,0,0.0,37800,0,18-APR-2022,
OPTSTK,COALINDIA,26-May-2022,190.0,PE,10.95,10.95,9.0,9.4,9.4,28,235.28,180600,84000,18-APR-2022,
OPTSTK,COALINDIA,26-May-2022,192.5,PE,0.0,0.0,0.0,13.75,11.75,0,0.0,42000,0,18-APR-2022,
OPTSTK,COALINDIA,26-May-2022,195.0,PE,0.0,0.0,0.0,9.35,13.2,0,0.0,29400,0,18-APR-2022,
OPTSTK,COALINDIA,26-May-2022,197.5,PE,0.0,0.0,0.0,46.8,14.75,0,0.0,0,0,18-APR-2022,
OPTSTK,COALINDIA,26-May-2022,200.0,PE,0.0,0.0,0.0,13.0,16.35,0,0.0,16800,0,18-APR-2022,
OPTSTK,COALINDIA,26-May-2022,202.5,PE,0.0,0.0,0.0,51.4,18.05,0,0.0,0,0,18-APR-2022,
OPTSTK,COALINDIA,26-May-2022,205.0,PE,0.0,0.0,0.0,53.75,19.8,0,0.0,0,0,18-APR-2022,
OPTSTK,COALINDIA,26-May-2022,207.5,PE,0.0,0.0,0.0,56.1,21.65,0,0.0,0,0,18-APR-2022,
OPTSTK,COALINDIA,26-May-2022,210.0,PE,0.0,0.0,0.0,58.5,23.6,0,0.0,0,0,18-APR-2022,
OPTSTK,COALINDIA,26-May-2022,212.5,PE,0.0,0.0,0.0,48.55,25.55,0,0.0,0,0,18-APR-2022,
OPTSTK,COALINDIA,26-May-2022,215.0,PE,0.0,0.0,0.0,50.85,27.6,0,0.0,0,0,18-APR-2022,
OPTSTK,COALINDIA,26-May-2022,217.5,PE,0.0,0.0,0.0,53.15,29.65,0,0.0,0,0,18-APR-2022,
OPTSTK,COALINDIA,26-May-2022,220.0,PE,0.0,0.0,0.0,55.45,31.8,0,0.0,0,0,18-APR-2022,
OPTSTK,COALINDIA,26-May-2022,222.5,PE,0.0,0.0,0.0,57.8,33.95,0,0.0,0,0,18-APR-2022,
OPTSTK,COALINDIA,26-May-2022,225.0,PE,0.0,0.0,0.0,54.8,36.2,0,0.0,0,0,18-APR-2022,
OPTSTK,COALINDIA,26-May-2022,227.5,PE,0.0,0.0,0.0,57.1,38.45,0,0.0,0,0,18-APR-2022,
OPTSTK,COALINDIA,26-May-2022,230.0,PE,0.0,0.0,0.0,59.4,40.75,0,0.0,0,0,18-APR-2022,
OPTSTK,COALINDIA,26-May-2022,232.5,PE,0.0,0.0,0.0,48.25,43.05,0,0.0,0,0,18-APR-2022,
OPTSTK,COALINDIA,30-Jun-2022,112.5,CE,0.0,0.0,0.0,71.85,77.95,0,0.0,0,0,18-APR-2022,
OPTSTK,COALINDIA,30-Jun-2022,115.0,CE,0.0,0.0,0.0,69.45,75.5,0,0.0,0,0,18-APR-2022,
OPTSTK,COALINDIA,30-Jun-2022,117.5,CE,0.0,0.0,0.0,67.0,73.0,0,0.0,0,0,18-APR-2022,
OPTSTK,COALINDIA,30-Jun-2022,120.0,CE,0.0,0.0,0.0,64.6,70.55,0,0.0,0,0,18-APR-2022,
OPTSTK,COALINDIA,30-Jun-2022,122.5,CE,0.0,0.0,0.0,62.2,68.1,0,0.0,0,0,18-APR-2022,
OPTSTK,COALINDIA,30-Jun-2022,125.0,CE,0.0,0.0,0.0,59.85,65.7,0,0.0,0,0,18-APR-2022,
OPTSTK,COALINDIA,30-Jun-2022,127.5,CE,0.0,0.0,0.0,57.5,63.25,0,0.0,0,0,18-APR-2022,
OPTSTK,COALINDIA,30-Jun-2022,130.0,CE,0.0,0.0,0.0,55.15,60.85,0,0.0,0,0,18-APR-2022,
OPTSTK,COALINDIA,30-Jun-2022,132.5,CE,0.0,0.0,0.0,52.85,58.45,0,0.0,0,0,18-APR-2022,
OPTSTK,COALINDIA,30-Jun-2022,135.0,CE,0.0,0.0,0.0,50.6,56.05,0,0.0,0,0,18-APR-2022,
OPTSTK,COALINDIA,30-Jun-2022,137.5,CE,0.0,0.0,0.0,48.35,53.7,0,0.0,0,0,18-APR-2022,
OPTSTK,COALINDIA,30-Jun-2022,140.0,CE,0.0,0.0,0.0,46.15,51.35,0,0.0,0,0,18-APR-2022,
OPTSTK,COALINDIA,30-Jun-2022,142.5,CE,0.0,0.0,0.0,44.0,49.05,0,0.0,0,0,18-APR-2022,
OPTSTK,COALINDIA,30-Jun-2022,145.0,CE,0.0,0.0,0.0,41.9,46.8,0,0.0,0,0,18-APR-2022,
OPTSTK,COALINDIA,30-Jun-2022,147.5,CE,0.0,0.0,0.0,39.8,44.55,0,0.0,0,0,18-APR-2022,
OPTSTK,COALINDIA,30-Jun-2022,150.0,CE,0.0,0.0,0.0,37.8,42.4,0,0.0,0,0,18-APR-2022,
OPTSTK,COALINDIA,30-Jun-2022,152.5,CE,0.0,0.0,0.0,35.85,40.25,0,0.0,0,0,18-APR-2022,
OPTSTK,COALINDIA,30-Jun-2022,155.0,CE,0.0,0.0,0.0,33.9,38.15,0,0.0,0,0,18-APR-2022,
OPTSTK,COALINDIA,30-Jun-2022,157.5,CE,0.0,0.0,0.0,32.05,36.1,0,0.0,0,0,18-APR-2022,
OPTSTK,COALINDIA,30-Jun-2022,160.0,CE,0.0,0.0,0.0,30.25,34.1,0,0.0,0,0,18-APR-2022,
OPTSTK,COALINDIA,30-Jun-2022,162.5,CE,0.0,0.0,0.0,28.55,32.15,0,0.0,0,0,18-APR-2022,
OPTSTK,COALINDIA,30-Jun-2022,165.0,CE,0.0,0.0,0.0,26.85,30.25,0,0.0,0,0,18-APR-2022,
OPTSTK,COALINDIA,30-Jun-2022,167.5,CE,0.0,0.0,0.0,25.25,28.45,0,0.0,0,0,18-APR-2022,
OPTSTK,COALINDIA,30-Jun-2022,170.0,CE,0.0,0.0,0.0,23.7,26.7,0,0.0,0,0,18-APR-2022,
OPTSTK,COALINDIA,30-Jun-2022,172.5,CE,0.0,0.0,0.0,22.2,25.0,0,0.0,0,0,18-APR-2022,
OPTSTK,COALINDIA,30-Jun-2022,175.0,CE,0.0,0.0,0.0,20.8,23.4,0,0.0,0,0,18-APR-2022,
OPTSTK,COALINDIA,30-Jun-2022,177.5,CE,0.0,0.0,0.0,19.45,21.85,0,0.0,0,0,18-APR-2022,
OPTSTK,COALINDIA,30-Jun-2022,180.0,CE,0.0,0.0,0.0,18.15,20.35,0,0.0,0,0,18-APR-2022,
OPTSTK,COALINDIA,30-Jun-2022,182.5,CE,0.0,0.0,0.0,16.95,18.95,0,0.0,0,0,18-APR-2022,
OPTSTK,COALINDIA,30-Jun-2022,185.0,CE,0.0,0.0,0.0,15.8,17.6,0,0.0,0,0,18-APR-2022,
OPTSTK,COALINDIA,30-Jun-2022,187.5,CE,0.0,0.0,0.0,14.7,16.3,0,0.0,0,0,18-APR-2022,
OPTSTK,COALINDIA,30-Jun-2022,190.0,CE,0.0,0.0,0.0,13.65,15.1,0,0.0,0,0,18-APR-2022,
OPTSTK,COALINDIA,30-Jun-2022,192.5,CE,0.0,0.0,0.0,12.65,13.95,0,0.0,0,0,18-APR-2022,
OPTSTK,COALINDIA,30-Jun-2022,195.0,CE,0.0,0.0,0.0,11.75,12.9,0,0.0,0,0,18-APR-2022,
OPTSTK,COALINDIA,30-Jun-2022,197.5,CE,0.0,0.0,0.0,10.85,11.9,0,0.0,0,0,18-APR-2022,
OPTSTK,COALINDIA,30-Jun-2022,200.0,CE,0.0,0.0,0.0,10.05,10.95,0,0.0,0,0,18-APR-2022,
OPTSTK,COALINDIA,30-Jun-2022,202.5,CE,0.0,0.0,0.0,9.3,10.05,0,0.0,0,0,18-APR-2022,
OPTSTK,COALINDIA,30-Jun-2022,205.0,CE,0.0,0.0,0.0,8.55,9.25,0,0.0,0,0,18-APR-2022,
OPTSTK,COALINDIA,30-Jun-2022,207.5,CE,0.0,0.0,0.0,7.9,8.45,0,0.0,0,0,18-APR-2022,
OPTSTK,COALINDIA,30-Jun-2022,210.0,CE,0.0,0.0,0.0,7.3,7.75,0,0.0,0,0,18-APR-2022,
OPTSTK,COALINDIA,30-Jun-2022,212.5,CE,0.0,0.0,0.0,6.7,7.05,0,0.0,0,0,18-APR-2022,
OPTSTK,COALINDIA,30-Jun-2022,215.0,CE,0.0,0.0,0.0,6.15,6.45,0,0.0,0,0,18-APR-2022,
OPTSTK,COALINDIA,30-Jun-2022,217.5,CE,0.0,0.0,0.0,5.65,5.9,0,0.0,0,0,18-APR-2022,
OPTSTK,COALINDIA,30-Jun-2022,220.0,CE,0.0,0.0,0.0,5.2,5.35,0,0.0,0,0,18-APR-2022,
OPTSTK,COALINDIA,30-Jun-2022,222.5,CE,0.0,0.0,0.0,4.75,4.85,0,0.0,0,0,18-APR-2022,
OPTSTK,COALINDIA,30-Jun-2022,225.0,CE,0.0,0.0,0.0,4.35,4.45,0,0.0,0,0,18-APR-2022,
OPTSTK,COALINDIA,30-Jun-2022,227.5,CE,0.0,0.0,0.0,4.0,4.0,0,0.0,0,0,18-APR-2022,
OPTSTK,COALINDIA,30-Jun-2022,230.0,CE,0.0,0.0,0.0,3.65,3.65,0,0.0,0,0,18-APR-2022,
OPTSTK,COALINDIA,30-Jun-2022,232.5,CE,0.0,0.0,0.0,3.35,3.3,0,0.0,0,0,18-APR-2022,
OPTSTK,COALINDIA,30-Jun-2022,112.5,PE,0.0,0.0,0.0,0.15,0.05,0,0.0,0,0,18-APR-2022,
OPTSTK,COALINDIA,30-Jun-2022,115.0,PE,0.0,0.0,0.0,0.15,0.05,0,0.0,0,0,18-APR-2022,
OPTSTK,COALINDIA,30-Jun-2022,117.5,PE,0.0,0.0,0.0,0.25,0.1,0,0.0,0,0,18-APR-2022,
OPTSTK,COALINDIA,30-Jun-2022,120.0,PE,0.0,0.0,0.0,0.3,0.1,0,0.0,0,0,18-APR-2022,
OPTSTK,COALINDIA,30-Jun-2022,122.5,PE,0.0,0.0,0.0,0.35,0.15,0,0.0,0,0,18-APR-2022,
OPTSTK,COALINDIA,30-Jun-2022,125.0,PE,0.0,0.0,0.0,0.45,0.15,0,0.0,0,0,18-APR-2022,
OPTSTK,COALINDIA,30-Jun-2022,127.5,PE,0.0,0.0,0.0,0.6,0.2,0,0.0,0,0,18-APR-2022,
OPTSTK,COALINDIA,30-Jun-2022,130.0,PE,0.0,0.0,0.0,0.75,0.3,0,0.0,0,0,18-APR-2022,
OPTSTK,COALINDIA,30-Jun-2022,132.5,PE,0.0,0.0,0.0,0.9,0.35,0,0.0,0,0,18-APR-2022,
OPTSTK,COALINDIA,30-Jun-2022,135.0,PE,0.0,0.0,0.0,1.1,0.45,0,0.0,0,0,18-APR-2022,
OPTSTK,COALINDIA,30-Jun-2022,137.5,PE,0.0,0.0,0.0,1.35,0.6,0,0.0,0,0,18-APR-2022,
OPTSTK,COALINDIA,30-Jun-2022,140.0,PE,0.0,0.0,0.0,1.65,0.75,0,0.0,0,0,18-APR-2022,
OPTSTK,COALINDIA,30-Jun-2022,142.5,PE,0.0,0.0,0.0,1.95,0.9,0,0.0,0,0,18-APR-2022,
OPTSTK,COALINDIA,30-Jun-2022,145.0,PE,0.0,0.0,0.0,2.3,1.1,0,0.0,0,0,18-APR-2022,
OPTSTK,COALINDIA,30-Jun-2022,147.5,PE,0.0,0.0,0.0,2.7,1.35,0,0.0,0,0,18-APR-2022,
OPTSTK,COALINDIA,30-Jun-2022,150.0,PE,0.0,0.0,0.0,3.15,1.65,0,0.0,0,0,18-APR-2022,
OPTSTK,COALINDIA,30-Jun-2022,152.5,PE,0.0,0.0,0.0,3.65,2.0,0,0.0,0,0,18-APR-2022,
OPTSTK,COALINDIA,30-Jun-2022,155.0,PE,0.0,0.0,0.0,4.25,2.35,0,0.0,0,0,18-APR-2022,
OPTSTK,COALINDIA,30-Jun-2022,157.5,PE,0.0,0.0,0.0,4.85,2.8,0,0.0,0,0,18-APR-2022,
OPTSTK,COALINDIA,30-Jun-2022,160.0,PE,0.0,0.0,0.0,5.55,3.3,0,0.0,0,0,18-APR-2022,
OPTSTK,COALINDIA,30-Jun-2022,162.5,PE,0.0,0.0,0.0,6.25,3.8,0,0.0,0,0,18-APR-2022,
OPTSTK,COALINDIA,30-Jun-2022,165.0,PE,0.0,0.0,0.0,7.05,4.4,0,0.0,0,0,18-APR-2022,
OPTSTK,COALINDIA,30-Jun-2022,167.5,PE,0.0,0.0,0.0,7.95,5.1,0,0.0,0,0,18-APR-2022,
OPTSTK,COALINDIA,30-Jun-2022,170.0,PE,0.0,0.0,0.0,8.85,5.8,0,0.0,0,0,18-APR-2022,
OPTSTK,COALINDIA,30-Jun-2022,172.5,PE,0.0,0.0,0.0,9.85,6.6,0,0.0,0,0,18-APR-2022,
OPTSTK,COALINDIA,30-Jun-2022,175.0,PE,0.0,0.0,0.0,10.9,7.45,0,0.0,0,0,18-APR-2022,
OPTSTK,COALINDIA,30-Jun-2022,177.5,PE,0.0,0.0,0.0,12.05,8.4,0,0.0,0,0,18-APR-2022,
OPTSTK,COALINDIA,30-Jun-2022,180.0,PE,0.0,0.0,0.0,13.25,9.35,0,0.0,0,0,18-APR-2022,
OPTSTK,COALINDIA,30-Jun-2022,182.5,PE,0.0,0.0,0.0,14.45,10.45,0,0.0,0,0,18-APR-2022,
OPTSTK,COALINDIA,30-Jun-2022,185.0,PE,0.0,0.0,0.0,15.8,11.55,0,0.0,0,0,18-APR-2022,
OPTSTK,COALINDIA,30-Jun-2022,187.5,PE,0.0,0.0,0.0,17.15,12.8,0,0.0,0,0,18-APR-2022,
OPTSTK,COALINDIA,30-Jun-2022,190.0,PE,0.0,0.0,0.0,18.6,14.05,0,0.0,0,0,18-APR-2022,
OPTSTK,COALINDIA,30-Jun-2022,192.5,PE,0.0,0.0,0.0,20.1,15.4,0,0.0,0,0,18-APR-2022,
OPTSTK,COALINDIA,30-Jun-2022,195.0,PE,0.0,0.0,0.0,21.65,16.8,0,0.0,0,0,18-APR-2022,
OPTSTK,COALINDIA,30-Jun-2022,197.5,PE,0.0,0.0,0.0,23.25,18.25,0,0.0,0,0,18-APR-2022,
OPTSTK,COALINDIA,30-Jun-2022,200.0,PE,0.0,0.0,0.0,24.9,19.8,0,0.0,0,0,18-APR-2022,
OPTSTK,COALINDIA,30-Jun-2022,202.5,PE,0.0,0.0,0.0,26.6,21.4,0,0.0,0,0,18-APR-2022,
OPTSTK,COALINDIA,30-Jun-2022,205.0,PE,0.0,0.0,0.0,28.35,23.05,0,0.0,0,0,18-APR-2022,
OPTSTK,COALINDIA,30-Jun-2022,207.5,PE,0.0,0.0,0.0,30.15,24.75,0,0.0,0,0,18-APR-2022,
OPTSTK,COALINDIA,30-Jun-2022,210.0,PE,0.0,0.0,0.0,32.05,26.5,0,0.0,0,0,18-APR-2022,
OPTSTK,COALINDIA,30-Jun-2022,212.5,PE,0.0,0.0,0.0,33.9,28.3,0,0.0,0,0,18-APR-2022,
OPTSTK,COALINDIA,30-Jun-2022,215.0,PE,0.0,0.0,0.0,35.85,30.2,0,0.0,0,0,18-APR-2022,
OPTSTK,COALINDIA,30-Jun-2022,217.5,PE,0.0,0.0,0.0,37.85,32.1,0,0.0,0,0,18-APR-2022,
OPTSTK,COALINDIA,30-Jun-2022,220.0,PE,0.0,0.0,0.0,39.85,34.05,0,0.0,0,0,18-APR-2022,
OPTSTK,COALINDIA,30-Jun-2022,222.5,PE,0.0,0.0,0.0,41.85,36.05,0,0.0,0,0,18-APR-2022,
OPTSTK,COALINDIA,30-Jun-2022,225.0,PE,0.0,0.0,0.0,43.95,38.05,0,0.0,0,0,18-APR-2022,
OPTSTK,COALINDIA,30-Jun-2022,227.5,PE,0.0,0.0,0.0,46.05,40.15,0,0.0,0,0,18-APR-2022,
OPTSTK,COALINDIA,30-Jun-2022,230.0,PE,0.0,0.0,0.0,48.2,42.25,0,0.0,0,0,18-APR-2022,
OPTSTK,COALINDIA,30-Jun-2022,232.5,PE,0.0,0.0,0.0,50.35,44.35,0,0.0,0,0,18-APR-2022,
OPTSTK,COFORGE,28-Apr-2022,3100.0,CE,0.0,0.0,0.0,1377.35,975.0,0,0.0,0,0,18-APR-2022,
OPTSTK,COFORGE,28-Apr-2022,3200.0,CE,0.0,0.0,0.0,1291.4,875.4,0,0.0,0,0,18-APR-2022,
OPTSTK,COFORGE,28-Apr-2022,3300.0,CE,0.0,0.0,0.0,1208.0,776.2,0,0.0,0,0,18-APR-2022,
OPTSTK,COFORGE,28-Apr-2022,3400.0,CE,0.0,0.0,0.0,1127.4,678.0,0,0.0,0,0,18-APR-2022,
OPTSTK,COFORGE,28-Apr-2022,3500.0,CE,0.0,0.0,0.0,1049.75,581.7,0,0.0,0,0,18-APR-2022,
OPTSTK,COFORGE,28-Apr-2022,3600.0,CE,0.0,0.0,0.0,975.35,488.7,0,0.0,0,0,18-APR-2022,
OPTSTK,COFORGE,28-Apr-2022,3700.0,CE,0.0,0.0,0.0,904.0,400.75,0,0.0,0,0,18-APR-2022,
OPTSTK,COFORGE,28-Apr-2022,3800.0,CE,302.45,302.45,302.45,302.45,319.85,1,4.1,100,100,18-APR-2022,
OPTSTK,COFORGE,28-Apr-2022,3900.0,CE,0.0,0.0,0.0,771.4,247.7,0,0.0,0,0,18-APR-2022,
OPTSTK,COFORGE,28-Apr-2022,4000.0,CE,170.0,193.5,140.0,185.95,185.95,120,499.09,7400,5400,18-APR-2022,
OPTSTK,COFORGE,28-Apr-2022,4100.0,CE,119.15,148.2,88.2,123.35,123.35,688,2898.11,16900,12000,18-APR-2022,
OPTSTK,COFORGE,28-Apr-2022,4200.0,CE,108.35,108.35,55.95,76.7,76.7,998,4265.51,60400,27500,18-APR-2022,
OPTSTK,COFORGE,28-Apr-2022,4300.0,CE,50.25,63.65,37.5,49.2,49.2,788,3426.38,50500,4900,18-APR-2022,
OPTSTK,COFORGE,28-Apr-2022,4400.0,CE,31.25,40.75,21.75,31.45,31.45,649,2876.27,68600,4700,18-APR-2022,
OPTSTK,COFORGE,28-Apr-2022,4500.0,CE,26.6,30.35,16.35,24.3,24.3,979,4427.7,94300,-7900,18-APR-2022,
OPTSTK,COFORGE,28-Apr-2022,4600.0,CE,8.55,22.0,8.5,16.7,16.7,420,1939.05,54900,-600,18-APR-2022,
OPTSTK,COFORGE,28-Apr-2022,4700.0,CE,15.0,16.5,6.85,12.5,12.5,207,975.45,20300,-3100,18-APR-2022,
OPTSTK,COFORGE,28-Apr-2022,4800.0,CE,13.0,15.65,6.0,9.6,9.6,287,1380.51,33300,-2500,18-APR-2022,
OPTSTK,COFORGE,28-Apr-2022,4900.0,CE,9.95,10.95,4.9,7.3,7.3,113,554.54,13700,-1900,18-APR-2022,
OPTSTK,COFORGE,28-Apr-2022,5000.0,CE,4.85,10.7,4.6,6.75,6.75,380,1902.7,57800,-2100,18-APR-2022,
OPTSTK,COFORGE,28-Apr-2022,5100.0,CE,0.0,0.0,0.0,15.0,0.85,0,0.0,2300,0,18-APR-2022,
OPTSTK,COFORGE,28-Apr-2022,5200.0,CE,1.1,5.0,1.1,5.0,5.0,3,15.61,6700,-100,18-APR-2022,
OPTSTK,COFORGE,28-Apr-2022,5300.0,CE,0.0,0.0,0.0,207.45,0.25,0,0.0,0,0,18-APR-2022,
OPTSTK,COFORGE,28-Apr-2022,5400.0,CE,0.0,0.0,0.0,21.0,0.1,0,0.0,200,0,18-APR-2022,
OPTSTK,COFORGE,28-Apr-2022,5500.0,CE,4.5,5.4,2.75,4.95,4.95,37,203.65,11600,-1400,18-APR-2022,
OPTSTK,COFORGE,28-Apr-2022,5600.0,CE,3.65,3.65,3.65,3.65,0.05,1,5.6,200,0,18-APR-2022,
OPTSTK,COFORGE,28-Apr-2022,5700.0,CE,0.0,0.0,0.0,135.45,0.05,0,0.0,0,0,18-APR-2022,
OPTSTK,COFORGE,28-Apr-2022,5800.0,CE,0.0,0.0,0.0,121.45,0.0,0,0.0,0,0,18-APR-2022,
OPTSTK,COFORGE,28-Apr-2022,5900.0,CE,0.0,0.0,0.0,108.8,0.0,0,0.0,0,0,18-APR-2022,
OPTSTK,COFORGE,28-Apr-2022,6000.0,CE,0.0,0.0,0.0,1.55,0.0,0,0.0,4200,0,18-APR-2022,
OPTSTK,COFORGE,28-Apr-2022,6100.0,CE,0.0,0.0,0.0,87.1,0.0,0,0.0,0,0,18-APR-2022,
OPTSTK,COFORGE,28-Apr-2022,6200.0,CE,0.0,0.0,0.0,77.8,0.0,0,0.0,0,0,18-APR-2022,
OPTSTK,COFORGE,28-Apr-2022,6300.0,CE,0.0,0.0,0.0,69.5,0.0,0,0.0,0,0,18-APR-2022,
OPTSTK,COFORGE,28-Apr-2022,6400.0,CE,0.0,0.0,0.0,62.0,0.0,0,0.0,0,0,18-APR-2022,
OPTSTK,COFORGE,28-Apr-2022,6500.0,CE,0.0,0.0,0.0,55.25,0.0,0,0.0,0,0,18-APR-2022,
OPTSTK,COFORGE,28-Apr-2022,6600.0,CE,0.0,0.0,0.0,49.25,0.0,0,0.0,0,0,18-APR-2022,
OPTSTK,COFORGE,28-Apr-2022,3100.0,PE,0.0,0.0,0.0,44.25,0.15,0,0.0,0,0,18-APR-2022,
OPTSTK,COFORGE,28-Apr-2022,3200.0,PE,0.0,0.0,0.0,57.25,0.4,0,0.0,0,0,18-APR-2022,
OPTSTK,COFORGE,28-Apr-2022,3300.0,PE,0.0,0.0,0.0,72.85,1.05,0,0.0,0,0,18-APR-2022,
OPTSTK,COFORGE,28-Apr-2022,3400.0,PE,0.0,0.0,0.0,91.2,2.75,0,0.0,0,0,18-APR-2022,
OPTSTK,COFORGE,28-Apr-2022,3500.0,PE,27.25,30.0,13.0,20.5,20.5,681,2397.91,10200,-6100,18-APR-2022,
OPTSTK,COFORGE,28-Apr-2022,3600.0,PE,0.0,0.0,0.0,137.05,13.25,0,0.0,0,0,18-APR-2022,
OPTSTK,COFORGE,28-Apr-2022,3700.0,PE,25.0,54.8,25.0,37.6,37.6,92,344.64,6400,2000,18-APR-2022,
OPTSTK,COFORGE,28-Apr-2022,3800.0,PE,85.0,85.0,38.25,50.75,50.75,535,2065.65,11700,1800,18-APR-2022,
OPTSTK,COFORGE,28-Apr-2022,3900.0,PE,109.0,109.0,63.65,71.9,71.9,106,423.04,5200,2100,18-APR-2022,
OPTSTK,COFORGE,28-Apr-2022,4000.0,PE,150.0,154.4,83.75,100.3,100.3,919,3786.37,55700,5300,18-APR-2022,
OPTSTK,COFORGE,28-Apr-2022,4100.0,PE,274.0,274.0,118.55,136.45,136.45,115,488.3,12100,1300,18-APR-2022,
OPTSTK,COFORGE,28-Apr-2022,4200.0,PE,251.9,260.2,168.5,195.55,195.55,67,295.53,17500,-100,18-APR-2022,
OPTSTK,COFORGE,28-Apr-2022,4300.0,PE,291.95,322.0,258.7,263.85,263.85,12,54.99,18000,-300,18-APR-2022,
OPTSTK,COFORGE,28-Apr-2022,4400.0,PE,348.9,410.0,348.9,400.0,365.55,10,47.78,36700,0,18-APR-2022,
OPTSTK,COFORGE,28-Apr-2022,4500.0,PE,475.0,522.7,404.7,522.7,450.0,12,59.38,16700,-600,18-APR-2022,
OPTSTK,COFORGE,28-Apr-2022,4600.0,PE,508.0,612.1,508.0,516.45,539.6,13,66.95,1600,-900,18-APR-2022,
OPTSTK,COFORGE,28-Apr-2022,4700.0,PE,0.0,0.0,0.0,308.1,632.85,0,0.0,1800,0,18-APR-2022,
OPTSTK,COFORGE,28-Apr-2022,4800.0,PE,0.0,0.0,0.0,654.2,728.65,0,0.0,2000,0,18-APR-2022,
OPTSTK,COFORGE,28-Apr-2022,4900.0,PE,0.0,0.0,0.0,710.0,826.1,0,0.0,500,0,18-APR-2022,
OPTSTK,COFORGE,28-Apr-2022,5000.0,PE,0.0,0.0,0.0,699.65,924.6,0,0.0,2600,0,18-APR-2022,
OPTSTK,COFORGE,28-Apr-2022,5100.0,PE,0.0,0.0,0.0,900.7,1023.75,0,0.0,0,0,18-APR-2022,
OPTSTK,COFORGE,28-Apr-2022,5200.0,PE,0.0,0.0,0.0,640.0,1123.2,0,0.0,800,0,18-APR-2022,
OPTSTK,COFORGE,28-Apr-2022,5300.0,PE,0.0,0.0,0.0,1051.4,1222.85,0,0.0,0,0,18-APR-2022,
OPTSTK,COFORGE,28-Apr-2022,5400.0,PE,0.0,0.0,0.0,900.0,1322.65,0,0.0,100,0,18-APR-2022,
OPTSTK,COFORGE,28-Apr-2022,5500.0,PE,0.0,0.0,0.0,1070.0,1422.5,0,0.0,300,0,18-APR-2022,
OPTSTK,COFORGE,28-Apr-2022,5600.0,PE,0.0,0.0,0.0,1190.0,1522.35,0,0.0,100,0,18-APR-2022,
OPTSTK,COFORGE,28-Apr-2022,5700.0,PE,0.0,0.0,0.0,1375.25,1622.2,0,0.0,0,0,18-APR-2022,
OPTSTK,COFORGE,28-Apr-2022,5800.0,PE,0.0,0.0,0.0,1460.25,1722.1,0,0.0,0,0,18-APR-2022,
OPTSTK,COFORGE,28-Apr-2022,5900.0,PE,0.0,0.0,0.0,1445.0,1822.0,0,0.0,200,0,18-APR-2022,
OPTSTK,COFORGE,28-Apr-2022,6000.0,PE,0.0,0.0,0.0,1510.0,1921.85,0,0.0,100,0,18-APR-2022,
OPTSTK,COFORGE,28-Apr-2022,6100.0,PE,0.0,0.0,0.0,1722.75,2021.75,0,0.0,0,0,18-APR-2022,
OPTSTK,COFORGE,28-Apr-2022,6200.0,PE,0.0,0.0,0.0,1812.45,2121.65,0,0.0,0,0,18-APR-2022,
OPTSTK,COFORGE,28-Apr-2022,6300.0,PE,0.0,0.0,0.0,1903.05,2221.55,0,0.0,0,0,18-APR-2022,
OPTSTK,COFORGE,28-Apr-2022,6400.0,PE,0.0,0.0,0.0,1994.55,2321.4,0,0.0,0,0,18-APR-2022,
OPTSTK,COFORGE,28-Apr-2022,6500.0,PE,0.0,0.0,0.0,2086.75,2421.3,0,0.0,0,0,18-APR-2022,
OPTSTK,COFORGE,28-Apr-2022,6600.0,PE,0.0,0.0,0.0,2179.7,2521.2,0,0.0,0,0,18-APR-2022,
OPTSTK,COFORGE,26-May-2022,3100.0,CE,0.0,0.0,0.0,1216.15,1000.3,0,0.0,0,0,18-APR-2022,
OPTSTK,COFORGE,26-May-2022,3200.0,CE,0.0,0.0,0.0,1133.35,908.8,0,0.0,0,0,18-APR-2022,
OPTSTK,COFORGE,26-May-2022,3300.0,CE,0.0,0.0,0.0,1053.55,820.35,0,0.0,0,0,18-APR-2022,
OPTSTK,COFORGE,26-May-2022,3400.0,CE,0.0,0.0,0.0,976.85,735.45,0,0.0,0,0,18-APR-2022,
OPTSTK,COFORGE,26-May-2022,3500.0,CE,0.0,0.0,0.0,903.6,654.7,0,0.0,0,0,18-APR-2022,
OPTSTK,COFORGE,26-May-2022,3600.0,CE,0.0,0.0,0.0,833.7,578.8,0,0.0,0,0,18-APR-2022,
OPTSTK,COFORGE,26-May-2022,3700.0,CE,0.0,0.0,0.0,767.15,507.65,0,0.0,0,0,18-APR-2022,
OPTSTK,COFORGE,26-May-2022,3800.0,CE,0.0,0.0,0.0,704.45,442.15,0,0.0,0,0,18-APR-2022,
OPTSTK,COFORGE,26-May-2022,3900.0,CE,0.0,0.0,0.0,645.4,382.3,0,0.0,0,0,18-APR-2022,
OPTSTK,COFORGE,26-May-2022,4000.0,CE,0.0,0.0,0.0,590.0,328.15,0,0.0,0,0,18-APR-2022,
OPTSTK,COFORGE,26-May-2022,4100.0,CE,0.0,0.0,0.0,538.25,279.65,0,0.0,0,0,18-APR-2022,
OPTSTK,COFORGE,26-May-2022,4200.0,CE,0.0,0.0,0.0,489.95,236.6,0,0.0,0,0,18-APR-2022,
OPTSTK,COFORGE,26-May-2022,4300.0,CE,0.0,0.0,0.0,445.15,198.85,0,0.0,0,0,18-APR-2022,
OPTSTK,COFORGE,26-May-2022,4400.0,CE,116.2,120.0,116.2,120.0,165.95,2,9.03,300,0,18-APR-2022,
OPTSTK,COFORGE,26-May-2022,4500.0,CE,134.15,134.15,93.0,110.0,137.65,18,82.98,2800,1100,18-APR-2022,
OPTSTK,COFORGE,26-May-2022,4600.0,CE,0.0,0.0,0.0,330.1,113.65,0,0.0,0,0,18-APR-2022,
OPTSTK,COFORGE,26-May-2022,4700.0,CE,0.0,0.0,0.0,297.75,93.05,0,0.0,0,0,18-APR-2022,
OPTSTK,COFORGE,26-May-2022,4800.0,CE,0.0,0.0,0.0,268.1,75.8,0,0.0,0,0,18-APR-2022,
OPTSTK,COFORGE,26-May-2022,4900.0,CE,0.0,0.0,0.0,241.05,61.35,0,0.0,0,0,18-APR-2022,
OPTSTK,COFORGE,26-May-2022,5000.0,CE,0.0,0.0,0.0,216.7,49.45,0,0.0,0,0,18-APR-2022,
OPTSTK,COFORGE,26-May-2022,5100.0,CE,0.0,0.0,0.0,194.35,39.6,0,0.0,0,0,18-APR-2022,
OPTSTK,COFORGE,26-May-2022,5200.0,CE,0.0,0.0,0.0,174.1,31.6,0,0.0,0,0,18-APR-2022,
OPTSTK,COFORGE,26-May-2022,5300.0,CE,0.0,0.0,0.0,155.8,25.05,0,0.0,0,0,18-APR-2022,
OPTSTK,COFORGE,26-May-2022,5400.0,CE,0.0,0.0,0.0,139.05,19.8,0,0.0,0,0,18-APR-2022,
OPTSTK,COFORGE,26-May-2022,5500.0,CE,0.0,0.0,0.0,124.05,15.55,0,0.0,0,0,18-APR-2022,
OPTSTK,COFORGE,26-May-2022,5600.0,CE,0.0,0.0,0.0,110.6,12.2,0,0.0,0,0,18-APR-2022,
OPTSTK,COFORGE,26-May-2022,5700.0,CE,0.0,0.0,0.0,98.5,9.5,0,0.0,0,0,18-APR-2022,
OPTSTK,COFORGE,26-May-2022,5800.0,CE,0.0,0.0,0.0,87.6,7.4,0,0.0,0,0,18-APR-2022,
OPTSTK,COFORGE,26-May-2022,5900.0,CE,0.0,0.0,0.0,77.85,5.75,0,0.0,0,0,18-APR-2022,
OPTSTK,COFORGE,26-May-2022,6000.0,CE,20.0,20.0,20.0,20.0,4.4,1,6.02,200,100,18-APR-2022,
OPTSTK,COFORGE,26-May-2022,6100.0,CE,0.0,0.0,0.0,61.35,3.4,0,0.0,0,0,18-APR-2022,
OPTSTK,COFORGE,26-May-2022,6200.0,CE,0.0,0.0,0.0,54.4,2.6,0,0.0,0,0,18-APR-2022,
OPTSTK,COFORGE,26-May-2022,6300.0,CE,0.0,0.0,0.0,48.2,2.0,0,0.0,0,0,18-APR-2022,
OPTSTK,COFORGE,26-May-2022,6400.0,CE,0.0,0.0,0.0,42.65,1.55,0,0.0,0,0,18-APR-2022,
OPTSTK,COFORGE,26-May-2022,3100.0,PE,0.0,0.0,0.0,57.65,15.2,0,0.0,0,0,18-APR-2022,
OPTSTK,COFORGE,26-May-2022,3200.0,PE,0.0,0.0,0.0,73.8,23.3,0,0.0,0,0,18-APR-2022,
OPTSTK,COFORGE,26-May-2022,3300.0,PE,0.0,0.0,0.0,92.95,34.35,0,0.0,0,0,18-APR-2022,
OPTSTK,COFORGE,26-May-2022,3400.0,PE,0.0,0.0,0.0,115.25,49.05,0,0.0,0,0,18-APR-2022,
OPTSTK,COFORGE,26-May-2022,3500.0,PE,0.0,0.0,0.0,140.95,67.85,0,0.0,0,0,18-APR-2022,
OPTSTK,COFORGE,26-May-2022,3600.0,PE,0.0,0.0,0.0,169.95,91.5,0,0.0,0,0,18-APR-2022,
OPTSTK,COFORGE,26-May-2022,3700.0,PE,0.0,0.0,0.0,202.35,119.9,0,0.0,0,0,18-APR-2022,
OPTSTK,COFORGE,26-May-2022,3800.0,PE,78.75,78.75,78.75,78.75,153.95,1,3.87,200,100,18-APR-2022,
OPTSTK,COFORGE,26-May-2022,3900.0,PE,0.0,0.0,0.0,278.55,193.7,0,0.0,0,0,18-APR-2022,
OPTSTK,COFORGE,26-May-2022,4000.0,PE,172.15,195.9,172.15,195.9,239.1,2,8.36,400,100,18-APR-2022,
OPTSTK,COFORGE,26-May-2022,4100.0,PE,0.0,0.0,0.0,204.3,290.15,0,0.0,100,0,18-APR-2022,
OPTSTK,COFORGE,26-May-2022,4200.0,PE,300.0,300.0,300.0,300.0,346.7,5,22.5,500,500,18-APR-2022,
OPTSTK,COFORGE,26-May-2022,4300.0,PE,0.0,0.0,0.0,474.05,408.45,0,0.0,0,0,18-APR-2022,
OPTSTK,COFORGE,26-May-2022,4400.0,PE,465.0,465.0,465.0,465.0,475.15,1,4.86,100,100,18-APR-2022,
OPTSTK,COFORGE,26-May-2022,4500.0,PE,0.0,0.0,0.0,592.2,546.35,0,0.0,0,0,18-APR-2022,
OPTSTK,COFORGE,26-May-2022,4600.0,PE,0.0,0.0,0.0,655.9,621.95,0,0.0,0,0,18-APR-2022,
OPTSTK,COFORGE,26-May-2022,4700.0,PE,0.0,0.0,0.0,722.5,700.9,0,0.0,0,0,18-APR-2022,
OPTSTK,COFORGE,26-May-2022,4800.0,PE,0.0,0.0,0.0,791.8,783.2,0,0.0,0,0,18-APR-2022,
OPTSTK,COFORGE,26-May-2022,4900.0,PE,0.0,0.0,0.0,863.75,868.35,0,0.0,0,0,18-APR-2022,
OPTSTK,COFORGE,26-May-2022,5000.0,PE,0.0,0.0,0.0,938.3,955.95,0,0.0,0,0,18-APR-2022,
OPTSTK,COFORGE,26-May-2022,5100.0,PE,0.0,0.0,0.0,1014.9,1045.7,0,0.0,0,0,18-APR-2022,
OPTSTK,COFORGE,26-May-2022,5200.0,PE,0.0,0.0,0.0,1093.65,1137.25,0,0.0,0,0,18-APR-2022,
OPTSTK,COFORGE,26-May-2022,5300.0,PE,0.0,0.0,0.0,1174.25,1230.25,0,0.0,0,0,18-APR-2022,
OPTSTK,COFORGE,26-May-2022,5400.0,PE,0.0,0.0,0.0,1256.45,1324.55,0,0.0,0,0,18-APR-2022,
OPTSTK,COFORGE,26-May-2022,5500.0,PE,0.0,0.0,0.0,1340.45,1419.9,0,0.0,0,0,18-APR-2022,
OPTSTK,COFORGE,26-May-2022,5600.0,PE,0.0,0.0,0.0,1425.95,1516.05,0,0.0,0,0,18-APR-2022,
OPTSTK,COFORGE,26-May-2022,5700.0,PE,0.0,0.0,0.0,1512.8,1612.95,0,0.0,0,0,18-APR-2022,
OPTSTK,COFORGE,26-May-2022,5800.0,PE,0.0,0.0,0.0,1600.85,1710.4,0,0.0,0,0,18-APR-2022,
OPTSTK,COFORGE,26-May-2022,5900.0,PE,0.0,0.0,0.0,1690.05,1808.3,0,0.0,0,0,18-APR-2022,
OPTSTK,COFORGE,26-May-2022,6000.0,PE,0.0,0.0,0.0,1780.3,1906.55,0,0.0,0,0,18-APR-2022,
OPTSTK,COFORGE,26-May-2022,6100.0,PE,0.0,0.0,0.0,1871.45,2005.1,0,0.0,0,0,18-APR-2022,
OPTSTK,COFORGE,26-May-2022,6200.0,PE,0.0,0.0,0.0,1963.45,2103.85,0,0.0,0,0,18-APR-2022,
OPTSTK,COFORGE,26-May-2022,6300.0,PE,0.0,0.0,0.0,2056.2,2202.8,0,0.0,0,0,18-APR-2022,
OPTSTK,COFORGE,26-May-2022,6400.0,PE,0.0,0.0,0.0,2149.65,2301.9,0,0.0,0,0,18-APR-2022,
OPTSTK,COFORGE,30-Jun-2022,3100.0,CE,0.0,0.0,0.0,1431.25,1050.3,0,0.0,0,0,18-APR-2022,
OPTSTK,COFORGE,30-Jun-2022,3200.0,CE,0.0,0.0,0.0,1344.5,967.65,0,0.0,0,0,18-APR-2022,
OPTSTK,COFORGE,30-Jun-2022,3300.0,CE,0.0,0.0,0.0,1260.2,888.35,0,0.0,0,0,18-APR-2022,
OPTSTK,COFORGE,30-Jun-2022,3400.0,CE,0.0,0.0,0.0,1178.55,812.85,0,0.0,0,0,18-APR-2022,
OPTSTK,COFORGE,30-Jun-2022,3500.0,CE,0.0,0.0,0.0,1099.75,741.0,0,0.0,0,0,18-APR-2022,
OPTSTK,COFORGE,30-Jun-2022,3600.0,CE,0.0,0.0,0.0,1023.95,673.0,0,0.0,0,0,18-APR-2022,
OPTSTK,COFORGE,30-Jun-2022,3700.0,CE,0.0,0.0,0.0,951.4,609.4,0,0.0,0,0,18-APR-2022,
OPTSTK,COFORGE,30-Jun-2022,3800.0,CE,0.0,0.0,0.0,882.0,549.95,0,0.0,0,0,18-APR-2022,
OPTSTK,COFORGE,30-Jun-2022,3900.0,CE,0.0,0.0,0.0,815.75,494.7,0,0.0,0,0,18-APR-2022,
OPTSTK,COFORGE,30-Jun-2022,4000.0,CE,0.0,0.0,0.0,753.15,443.6,0,0.0,0,0,18-APR-2022,
OPTSTK,COFORGE,30-Jun-2022,4100.0,CE,0.0,0.0,0.0,694.0,396.6,0,0.0,0,0,18-APR-2022,
OPTSTK,COFORGE,30-Jun-2022,4200.0,CE,0.0,0.0,0.0,638.25,353.55,0,0.0,0,0,18-APR-2022,
OPTSTK,COFORGE,30-Jun-2022,4300.0,CE,0.0,0.0,0.0,585.85,314.25,0,0.0,0,0,18-APR-2022,
OPTSTK,COFORGE,30-Jun-2022,4400.0,CE,0.0,0.0,0.0,536.8,278.55,0,0.0,0,0,18-APR-2022,
OPTSTK,COFORGE,30-Jun-2022,4500.0,CE,0.0,0.0,0.0,491.0,246.25,0,0.0,0,0,18-APR-2022,
OPTSTK,COFORGE,30-Jun-2022,4600.0,CE,0.0,0.0,0.0,448.35,217.2,0,0.0,0,0,18-APR-2022,
OPTSTK,COFORGE,30-Jun-2022,4700.0,CE,0.0,0.0,0.0,408.75,191.25,0,0.0,0,0,18-APR-2022,
OPTSTK,COFORGE,30-Jun-2022,4800.0,CE,0.0,0.0,0.0,372.1,167.95,0,0.0,0,0,18-APR-2022,
OPTSTK,COFORGE,30-Jun-2022,4900.0,CE,0.0,0.0,0.0,338.2,147.2,0,0.0,0,0,18-APR-2022,
OPTSTK,COFORGE,30-Jun-2022,5000.0,CE,0.0,0.0,0.0,306.95,128.6,0,0.0,0,0,18-APR-2022,
OPTSTK,COFORGE,30-Jun-2022,5100.0,CE,0.0,0.0,0.0,278.2,112.2,0,0.0,0,0,18-APR-2022,
OPTSTK,COFORGE,30-Jun-2022,5200.0,CE,0.0,0.0,0.0,251.8,97.7,0,0.0,0,0,18-APR-2022,
OPTSTK,COFORGE,30-Jun-2022,5300.0,CE,0.0,0.0,0.0,227.9,84.95,0,0.0,0,0,18-APR-2022,
OPTSTK,COFORGE,30-Jun-2022,5400.0,CE,0.0,0.0,0.0,205.9,73.7,0,0.0,0,0,18-APR-2022,
OPTSTK,COFORGE,30-Jun-2022,5500.0,CE,0.0,0.0,0.0,185.8,63.85,0,0.0,0,0,18-APR-2022,
OPTSTK,COFORGE,30-Jun-2022,5600.0,CE,0.0,0.0,0.0,167.45,55.25,0,0.0,0,0,18-APR-2022,
OPTSTK,COFORGE,30-Jun-2022,5700.0,CE,0.0,0.0,0.0,150.6,47.7,0,0.0,0,0,18-APR-2022,
OPTSTK,COFORGE,30-Jun-2022,5800.0,CE,0.0,0.0,0.0,135.45,41.15,0,0.0,0,0,18-APR-2022,
OPTSTK,COFORGE,30-Jun-2022,5900.0,CE,0.0,0.0,0.0,121.7,35.45,0,0.0,0,0,18-APR-2022,
OPTSTK,COFORGE,30-Jun-2022,6000.0,CE,0.0,0.0,0.0,109.25,30.5,0,0.0,0,0,18-APR-2022,
OPTSTK,COFORGE,30-Jun-2022,6100.0,CE,0.0,0.0,0.0,98.0,26.2,0,0.0,0,0,18-APR-2022,
OPTSTK,COFORGE,30-Jun-2022,6200.0,CE,0.0,0.0,0.0,87.85,22.5,0,0.0,0,0,18-APR-2022,
OPTSTK,COFORGE,30-Jun-2022,6300.0,CE,0.0,0.0,0.0,78.65,19.3,0,0.0,0,0,18-APR-2022,
OPTSTK,COFORGE,30-Jun-2022,3100.0,PE,0.0,0.0,0.0,41.15,52.65,0,0.0,0,0,18-APR-2022,
OPTSTK,COFORGE,30-Jun-2022,3200.0,PE,0.0,0.0,0.0,53.35,69.15,0,0.0,0,0,18-APR-2022,
OPTSTK,COFORGE,30-Jun-2022,3300.0,PE,0.0,0.0,0.0,68.0,89.05,0,0.0,0,0,18-APR-2022,
OPTSTK,COFORGE,30-Jun-2022,3400.0,PE,0.0,0.0,0.0,85.3,112.7,0,0.0,0,0,18-APR-2022,
OPTSTK,COFORGE,30-Jun-2022,3500.0,PE,0.0,0.0,0.0,105.45,140.0,0,0.0,0,0,18-APR-2022,
OPTSTK,COFORGE,30-Jun-2022,3600.0,PE,0.0,0.0,0.0,128.6,171.15,0,0.0,0,0,18-APR-2022,
OPTSTK,COFORGE,30-Jun-2022,3700.0,PE,0.0,0.0,0.0,155.0,206.65,0,0.0,0,0,18-APR-2022,
OPTSTK,COFORGE,30-Jun-2022,3800.0,PE,0.0,0.0,0.0,184.55,246.4,0,0.0,0,0,18-APR-2022,
OPTSTK,COFORGE,30-Jun-2022,3900.0,PE,0.0,0.0,0.0,217.25,290.3,0,0.0,0,0,18-APR-2022,
OPTSTK,COFORGE,30-Jun-2022,4000.0,PE,0.0,0.0,0.0,253.6,338.35,0,0.0,0,0,18-APR-2022,
OPTSTK,COFORGE,30-Jun-2022,4100.0,PE,0.0,0.0,0.0,293.4,390.5,0,0.0,0,0,18-APR-2022,
OPTSTK,COFORGE,30-Jun-2022,4200.0,PE,0.0,0.0,0.0,336.55,446.6,0,0.0,0,0,18-APR-2022,
OPTSTK,COFORGE,30-Jun-2022,4300.0,PE,0.0,0.0,0.0,383.15,506.45,0,0.0,0,0,18-APR-2022,
OPTSTK,COFORGE,30-Jun-2022,4400.0,PE,0.0,0.0,0.0,433.05,569.9,0,0.0,0,0,18-APR-2022,
OPTSTK,COFORGE,30-Jun-2022,4500.0,PE,0.0,0.0,0.0,486.2,636.8,0,0.0,0,0,18-APR-2022,
OPTSTK,COFORGE,30-Jun-2022,4600.0,PE,0.0,0.0,0.0,542.5,706.85,0,0.0,0,0,18-APR-2022,
OPTSTK,COFORGE,30-Jun-2022,4700.0,PE,0.0,0.0,0.0,601.85,780.1,0,0.0,0,0,18-APR-2022,
OPTSTK,COFORGE,30-Jun-2022,4800.0,PE,0.0,0.0,0.0,664.1,855.95,0,0.0,0,0,18-APR-2022,
OPTSTK,COFORGE,30-Jun-2022,4900.0,PE,0.0,0.0,0.0,729.15,934.35,0,0.0,0,0,18-APR-2022,
OPTSTK,COFORGE,30-Jun-2022,5000.0,PE,0.0,0.0,0.0,796.85,1014.85,0,0.0,0,0,18-APR-2022,
OPTSTK,COFORGE,30-Jun-2022,5100.0,PE,0.0,0.0,0.0,867.05,1097.6,0,0.0,0,0,18-APR-2022,
OPTSTK,COFORGE,30-Jun-2022,5200.0,PE,0.0,0.0,0.0,939.65,1182.3,0,0.0,0,0,18-APR-2022,
OPTSTK,COFORGE,30-Jun-2022,5300.0,PE,0.0,0.0,0.0,1014.7,1268.65,0,0.0,0,0,18-APR-2022,
OPTSTK,COFORGE,30-Jun-2022,5400.0,PE,0.0,0.0,0.0,1091.6,1356.6,0,0.0,0,0,18-APR-2022,
OPTSTK,COFORGE,30-Jun-2022,5500.0,PE,0.0,0.0,0.0,1170.45,1445.9,0,0.0,0,0,18-APR-2022,
OPTSTK,COFORGE,30-Jun-2022,5600.0,PE,0.0,0.0,0.0,1251.1,1536.45,0,0.0,0,0,18-APR-2022,
OPTSTK,COFORGE,30-Jun-2022,5700.0,PE,0.0,0.0,0.0,1333.15,1628.05,0,0.0,0,0,18-APR-2022,
OPTSTK,COFORGE,30-Jun-2022,5800.0,PE,0.0,0.0,0.0,1416.95,1720.65,0,0.0,0,0,18-APR-2022,
OPTSTK,COFORGE,30-Jun-2022,5900.0,PE,0.0,0.0,0.0,1502.15,1814.1,0,0.0,0,0,18-APR-2022,
OPTSTK,COFORGE,30-Jun-2022,6000.0,PE,0.0,0.0,0.0,1588.65,1908.3,0,0.0,0,0,18-APR-2022,
OPTSTK,COFORGE,30-Jun-2022,6100.0,PE,0.0,0.0,0.0,1676.35,2003.15,0,0.0,0,0,18-APR-2022,
OPTSTK,COFORGE,30-Jun-2022,6200.0,PE,0.0,0.0,0.0,1765.15,2098.6,0,0.0,0,0,18-APR-2022,
OPTSTK,COFORGE,30-Jun-2022,6300.0,PE,0.0,0.0,0.0,1854.9,2194.55,0,0.0,0,0,18-APR-2022,
OPTSTK,COLPAL,28-Apr-2022,1060.0,CE,0.0,0.0,0.0,345.95,485.45,0,0.0,0,0,18-APR-2022,
OPTSTK,COLPAL,28-Apr-2022,1070.0,CE,0.0,0.0,0.0,336.25,475.45,0,0.0,0,0,18-APR-2022,
OPTSTK,COLPAL,28-Apr-2022,1080.0,CE,0.0,0.0,0.0,326.55,465.5,0,0.0,0,0,18-APR-2022,
OPTSTK,COLPAL,28-Apr-2022,1090.0,CE,0.0,0.0,0.0,316.95,455.5,0,0.0,0,0,18-APR-2022,
OPTSTK,COLPAL,28-Apr-2022,1100.0,CE,0.0,0.0,0.0,307.35,445.5,0,0.0,0,0,18-APR-2022,
OPTSTK,COLPAL,28-Apr-2022,1110.0,CE,0.0,0.0,0.0,297.8,435.5,0,0.0,0,0,18-APR-2022,
OPTSTK,COLPAL,28-Apr-2022,1120.0,CE,0.0,0.0,0.0,288.3,425.55,0,0.0,0,0,18-APR-2022,
OPTSTK,COLPAL,28-Apr-2022,1130.0,CE,0.0,0.0,0.0,278.85,415.55,0,0.0,0,0,18-APR-2022,
OPTSTK,COLPAL,28-Apr-2022,1140.0,CE,0.0,0.0,0.0,269.5,405.55,0,0.0,0,0,18-APR-2022,
OPTSTK,COLPAL,28-Apr-2022,1150.0,CE,0.0,0.0,0.0,260.2,395.55,0,0.0,0,0,18-APR-2022,
OPTSTK,COLPAL,28-Apr-2022,1160.0,CE,0.0,0.0,0.0,251.0,385.6,0,0.0,0,0,18-APR-2022,
OPTSTK,COLPAL,28-Apr-2022,1170.0,CE,0.0,0.0,0.0,241.9,375.6,0,0.0,0,0,18-APR-2022,
OPTSTK,COLPAL,28-Apr-2022,1180.0,CE,0.0,0.0,0.0,232.9,365.6,0,0.0,0,0,18-APR-2022,
OPTSTK,COLPAL,28-Apr-2022,1190.0,CE,0.0,0.0,0.0,224.0,355.6,0,0.0,0,0,18-APR-2022,
OPTSTK,COLPAL,28-Apr-2022,1200.0,CE,0.0,0.0,0.0,215.25,345.6,0,0.0,0,0,18-APR-2022,
OPTSTK,COLPAL,28-Apr-2022,1210.0,CE,0.0,0.0,0.0,206.6,335.65,0,0.0,0,0,18-APR-2022,
OPTSTK,COLPAL,28-Apr-2022,1220.0,CE,0.0,0.0,0.0,198.1,325.65,0,0.0,0,0,18-APR-2022,
OPTSTK,COLPAL,28-Apr-2022,1230.0,CE,0.0,0.0,0.0,189.75,315.65,0,0.0,0,0,18-APR-2022,
OPTSTK,COLPAL,28-Apr-2022,1240.0,CE,0.0,0.0,0.0,181.5,305.65,0,0.0,0,0,18-APR-2022,
OPTSTK,COLPAL,28-Apr-2022,1250.0,CE,0.0,0.0,0.0,173.45,295.7,0,0.0,0,0,18-APR-2022,
OPTSTK,COLPAL,28-Apr-2022,1260.0,CE,0.0,0.0,0.0,165.6,285.7,0,0.0,0,0,18-APR-2022,
OPTSTK,COLPAL,28-Apr-2022,1270.0,CE,0.0,0.0,0.0,157.85,275.7,0,0.0,0,0,18-APR-2022,
OPTSTK,COLPAL,28-Apr-2022,1280.0,CE,0.0,0.0,0.0,150.35,265.7,0,0.0,0,0,18-APR-2022,
OPTSTK,COLPAL,28-Apr-2022,1290.0,CE,0.0,0.0,0.0,143.05,255.7,0,0.0,0,0,18-APR-2022,
OPTSTK,COLPAL,28-Apr-2022,1300.0,CE,0.0,0.0,0.0,135.9,245.75,0,0.0,0,0,18-APR-2022,
OPTSTK,COLPAL,28-Apr-2022,1310.0,CE,0.0,0.0,0.0,128.9,235.75,0,0.0,0,0,18-APR-2022,
OPTSTK,COLPAL,28-Apr-2022,1320.0,CE,0.0,0.0,0.0,122.15,225.75,0,0.0,0,0,18-APR-2022,
OPTSTK,COLPAL,28-Apr-2022,1330.0,CE,0.0,0.0,0.0,115.65,215.75,0,0.0,0,0,18-APR-2022,
OPTSTK,COLPAL,28-Apr-2022,1340.0,CE,0.0,0.0,0.0,109.35,205.8,0,0.0,0,0,18-APR-2022,
OPTSTK,COLPAL,28-Apr-2022,1350.0,CE,0.0,0.0,0.0,103.25,195.8,0,0.0,0,0,18-APR-2022,
OPTSTK,COLPAL,28-Apr-2022,1360.0,CE,0.0,0.0,0.0,97.35,185.8,0,0.0,0,0,18-APR-2022,
OPTSTK,COLPAL,28-Apr-2022,1370.0,CE,0.0,0.0,0.0,91.7,175.85,0,0.0,0,0,18-APR-2022,
OPTSTK,COLPAL,28-Apr-2022,1380.0,CE,0.0,0.0,0.0,86.3,165.9,0,0.0,0,0,18-APR-2022,
OPTSTK,COLPAL,28-Apr-2022,1390.0,CE,0.0,0.0,0.0,81.05,155.95,0,0.0,0,0,18-APR-2022,
OPTSTK,COLPAL,28-Apr-2022,1400.0,CE,0.0,0.0,0.0,138.0,146.05,0,0.0,700,0,18-APR-2022,
OPTSTK,COLPAL,28-Apr-2022,1410.0,CE,0.0,0.0,0.0,71.3,136.15,0,0.0,0,0,18-APR-2022,
OPTSTK,COLPAL,28-Apr-2022,1420.0,CE,0.0,0.0,0.0,66.75,126.35,0,0.0,0,0,18-APR-2022,
OPTSTK,COLPAL,28-Apr-2022,1430.0,CE,0.0,0.0,0.0,62.4,116.65,0,0.0,0,0,18-APR-2022,
OPTSTK,COLPAL,28-Apr-2022,1440.0,CE,0.0,0.0,0.0,58.25,107.05,0,0.0,0,0,18-APR-2022,
OPTSTK,COLPAL,28-Apr-2022,1450.0,CE,0.0,0.0,0.0,54.3,97.65,0,0.0,0,0,18-APR-2022,
OPTSTK,COLPAL,28-Apr-2022,1460.0,CE,0.0,0.0,0.0,50.6,88.45,0,0.0,0,0,18-APR-2022,
OPTSTK,COLPAL,28-Apr-2022,1470.0,CE,0.0,0.0,0.0,47.05,79.5,0,0.0,0,0,18-APR-2022,
OPTSTK,COLPAL,28-Apr-2022,1480.0,CE,0.0,0.0,0.0,43.7,70.85,0,0.0,0,0,18-APR-2022,
OPTSTK,COLPAL,28-Apr-2022,1490.0,CE,0.0,0.0,0.0,40.55,62.6,0,0.0,0,0,18-APR-2022,
OPTSTK,COLPAL,28-Apr-2022,1500.0,CE,50.5,60.4,43.85,59.85,59.85,10,54.44,19250,1050,18-APR-2022,
OPTSTK,COLPAL,28-Apr-2022,1510.0,CE,0.0,0.0,0.0,34.8,47.5,0,0.0,0,0,18-APR-2022,
OPTSTK,COLPAL,28-Apr-2022,1520.0,CE,35.8,40.0,30.95,40.0,40.7,7,38.12,3150,700,18-APR-2022,
OPTSTK,COLPAL,28-Apr-2022,1530.0,CE,28.65,33.65,28.65,32.25,34.55,11,60.07,4200,350,18-APR-2022,
OPTSTK,COLPAL,28-Apr-2022,1540.0,CE,22.5,32.0,22.0,31.4,31.4,68,372.89,14000,0,18-APR-2022,
OPTSTK,COLPAL,28-Apr-2022,1550.0,CE,17.9,27.0,15.1,23.9,23.9,309,1702.1,53550,5600,18-APR-2022,
OPTSTK,COLPAL,28-Apr-2022,1560.0,CE,14.3,34.7,13.85,22.65,22.65,75,414.47,37450,-1750,18-APR-2022,
OPTSTK,COLPAL,28-Apr-2022,1570.0,CE,23.65,23.65,23.65,23.65,15.85,1,5.57,5950,0,18-APR-2022,
OPTSTK,COLPAL,28-Apr-2022,1580.0,CE,10.0,13.1,7.9,12.05,12.05,47,261.58,20300,4550,18-APR-2022,
OPTSTK,COLPAL,28-Apr-2022,1590.0,CE,7.3,9.0,7.3,8.95,8.95,12,67.11,5250,-1400,18-APR-2022,
OPTSTK,COLPAL,28-Apr-2022,1600.0,CE,3.05,8.65,3.05,7.4,7.4,385,2165.48,175700,-10150,18-APR-2022,
OPTSTK,COLPAL,28-Apr-2022,1610.0,CE,3.15,5.05,3.15,5.05,5.9,6,33.88,7700,-700,18-APR-2022,
OPTSTK,COLPAL,28-Apr-2022,1620.0,CE,3.6,5.1,3.15,4.55,4.45,34,193.23,10850,-5600,18-APR-2022,
OPTSTK,COLPAL,28-Apr-2022,1630.0,CE,4.7,4.7,4.7,4.7,3.35,2,11.44,700,350,18-APR-2022,
OPTSTK,COLPAL,28-Apr-2022,1640.0,CE,0.0,0.0,0.0,3.25,2.45,0,0.0,10150,0,18-APR-2022,
OPTSTK,COLPAL,28-Apr-2022,1650.0,CE,2.05,2.85,2.0,2.15,2.15,76,439.56,33600,-8750,18-APR-2022,
OPTSTK,COLPAL,28-Apr-2022,1660.0,CE,0.0,0.0,0.0,11.95,1.25,0,0.0,350,0,18-APR-2022,
OPTSTK,COLPAL,28-Apr-2022,1670.0,CE,0.0,0.0,0.0,8.65,0.9,0,0.0,0,0,18-APR-2022,
OPTSTK,COLPAL,28-Apr-2022,1680.0,CE,0.0,0.0,0.0,7.85,0.65,0,0.0,0,0,18-APR-2022,
OPTSTK,COLPAL,28-Apr-2022,1690.0,CE,0.0,0.0,0.0,7.15,0.45,0,0.0,0,0,18-APR-2022,
OPTSTK,COLPAL,28-Apr-2022,1700.0,CE,1.45,1.65,0.9,1.2,1.2,24,142.9,71050,-1400,18-APR-2022,
OPTSTK,COLPAL,28-Apr-2022,1710.0,CE,0.0,0.0,0.0,5.85,0.2,0,0.0,0,0,18-APR-2022,
OPTSTK,COLPAL,28-Apr-2022,1720.0,CE,0.0,0.0,0.0,5.3,0.15,0,0.0,0,0,18-APR-2022,
OPTSTK,COLPAL,28-Apr-2022,1730.0,CE,0.0,0.0,0.0,4.8,0.1,0,0.0,350,0,18-APR-2022,
OPTSTK,COLPAL,28-Apr-2022,1740.0,CE,0.0,0.0,0.0,4.35,0.05,0,0.0,0,0,18-APR-2022,
OPTSTK,COLPAL,28-Apr-2022,1750.0,CE,0.0,0.0,0.0,3.9,0.05,0,0.0,0,0,18-APR-2022,
OPTSTK,COLPAL,28-Apr-2022,1760.0,CE,0.0,0.0,0.0,1.05,0.05,0,0.0,2100,0,18-APR-2022,
OPTSTK,COLPAL,28-Apr-2022,1770.0,CE,0.0,0.0,0.0,3.15,0.05,0,0.0,0,0,18-APR-2022,
OPTSTK,COLPAL,28-Apr-2022,1780.0,CE,0.0,0.0,0.0,2.85,0.05,0,0.0,0,0,18-APR-2022,
OPTSTK,COLPAL,28-Apr-2022,1790.0,CE,0.0,0.0,0.0,2.8,0.0,0,0.0,1750,0,18-APR-2022,
OPTSTK,COLPAL,28-Apr-2022,1060.0,PE,0.0,0.0,0.0,0.8,0.0,0,0.0,0,0,18-APR-2022,
OPTSTK,COLPAL,28-Apr-2022,1070.0,PE,0.0,0.0,0.0,0.95,0.0,0,0.0,0,0,18-APR-2022,
OPTSTK,COLPAL,28-Apr-2022,1080.0,PE,0.0,0.0,0.0,1.15,0.0,0,0.0,0,0,18-APR-2022,
OPTSTK,COLPAL,28-Apr-2022,1090.0,PE,0.0,0.0,0.0,1.4,0.0,0,0.0,0,0,18-APR-2022,
OPTSTK,COLPAL,28-Apr-2022,1100.0,PE,0.0,0.0,0.0,1.7,0.0,0,0.0,0,0,18-APR-2022,
OPTSTK,COLPAL,28-Apr-2022,1110.0,PE,0.0,0.0,0.0,2.05,0.0,0,0.0,0,0,18-APR-2022,
OPTSTK,COLPAL,28-Apr-2022,1120.0,PE,0.0,0.0,0.0,2.45,0.0,0,0.0,0,0,18-APR-2022,
OPTSTK,COLPAL,28-Apr-2022,1130.0,PE,0.0,0.0,0.0,2.95,0.0,0,0.0,0,0,18-APR-2022,
OPTSTK,COLPAL,28-Apr-2022,1140.0,PE,0.0,0.0,0.0,3.45,0.0,0,0.0,0,0,18-APR-2022,
OPTSTK,COLPAL,28-Apr-2022,1150.0,PE,0.0,0.0,0.0,4.1,0.0,0,0.0,0,0,18-APR-2022,
OPTSTK,COLPAL,28-Apr-2022,1160.0,PE,0.0,0.0,0.0,4.8,0.0,0,0.0,0,0,18-APR-2022,
OPTSTK,COLPAL,28-Apr-2022,1170.0,PE,0.0,0.0,0.0,5.6,0.0,0,0.0,0,0,18-APR-2022,
OPTSTK,COLPAL,28-Apr-2022,1180.0,PE,0.0,0.0,0.0,6.45,0.0,0,0.0,0,0,18-APR-2022,
OPTSTK,COLPAL,28-Apr-2022,1190.0,PE,0.0,0.0,0.0,7.5,0.0,0,0.0,0,0,18-APR-2022,
OPTSTK,COLPAL,28-Apr-2022,1200.0,PE,0.0,0.0,0.0,8.6,0.0,0,0.0,0,0,18-APR-2022,
OPTSTK,COLPAL,28-Apr-2022,1210.0,PE,0.0,0.0,0.0,9.85,0.0,0,0.0,0,0,18-APR-2022,
OPTSTK,COLPAL,28-Apr-2022,1220.0,PE,0.0,0.0,0.0,11.25,0.0,0,0.0,0,0,18-APR-2022,
OPTSTK,COLPAL,28-Apr-2022,1230.0,PE,0.0,0.0,0.0,12.75,0.0,0,0.0,0,0,18-APR-2022,
OPTSTK,COLPAL,28-Apr-2022,1240.0,PE,0.0,0.0,0.0,14.45,0.0,0,0.0,0,0,18-APR-2022,
OPTSTK,COLPAL,28-Apr-2022,1250.0,PE,0.0,0.0,0.0,16.3,0.0,0,0.0,0,0,18-APR-2022,
OPTSTK,COLPAL,28-Apr-2022,1260.0,PE,0.0,0.0,0.0,18.3,0.0,0,0.0,0,0,18-APR-2022,
OPTSTK,COLPAL,28-Apr-2022,1270.0,PE,0.0,0.0,0.0,20.5,0.0,0,0.0,0,0,18-APR-2022,
OPTSTK,COLPAL,28-Apr-2022,1280.0,PE,0.0,0.0,0.0,22.85,0.0,0,0.0,0,0,18-APR-2022,
OPTSTK,COLPAL,28-Apr-2022,1290.0,PE,0.0,0.0,0.0,25.45,0.0,0,0.0,0,0,18-APR-2022,
OPTSTK,COLPAL,28-Apr-2022,1300.0,PE,0.0,0.0,0.0,0.4,0.0,0,0.0,700,0,18-APR-2022,
OPTSTK,COLPAL,28-Apr-2022,1310.0,PE,0.0,0.0,0.0,31.1,0.0,0,0.0,0,0,18-APR-2022,
OPTSTK,COLPAL,28-Apr-2022,1320.0,PE,0.0,0.0,0.0,34.25,0.0,0,0.0,0,0,18-APR-2022,
OPTSTK,COLPAL,28-Apr-2022,1330.0,PE,0.0,0.0,0.0,37.65,0.0,0,0.0,0,0,18-APR-2022,
OPTSTK,COLPAL,28-Apr-2022,1340.0,PE,0.0,0.0,0.0,41.25,0.05,0,0.0,0,0,18-APR-2022,
OPTSTK,COLPAL,28-Apr-2022,1350.0,PE,0.0,0.0,0.0,45.05,0.05,0,0.0,0,0,18-APR-2022,
OPTSTK,COLPAL,28-Apr-2022,1360.0,PE,0.0,0.0,0.0,49.05,0.05,0,0.0,0,0,18-APR-2022,
OPTSTK,COLPAL,28-Apr-2022,1370.0,PE,0.0,0.0,0.0,53.3,0.05,0,0.0,0,0,18-APR-2022,
OPTSTK,COLPAL,28-Apr-2022,1380.0,PE,0.0,0.0,0.0,1.85,0.1,0,0.0,0,0,18-APR-2022,
OPTSTK,COLPAL,28-Apr-2022,1390.0,PE,0.0,0.0,0.0,62.45,0.15,0,0.0,0,0,18-APR-2022,
OPTSTK,COLPAL,28-Apr-2022,1400.0,PE,1.2,1.6,1.1,1.6,0.2,17,83.37,41300,-350,18-APR-2022,
OPTSTK,COLPAL,28-Apr-2022,1410.0,PE,0.0,0.0,0.0,72.45,0.35,0,0.0,0,0,18-APR-2022,
OPTSTK,COLPAL,28-Apr-2022,1420.0,PE,0.0,0.0,0.0,77.8,0.5,0,0.0,0,0,18-APR-2022,
OPTSTK,COLPAL,28-Apr-2022,1430.0,PE,0.0,0.0,0.0,83.35,0.8,0,0.0,0,0,18-APR-2022,
OPTSTK,COLPAL,28-Apr-2022,1440.0,PE,0.0,0.0,0.0,89.1,1.2,0,0.0,0,0,18-APR-2022,
OPTSTK,COLPAL,28-Apr-2022,1450.0,PE,0.0,0.0,0.0,4.4,1.75,0,0.0,11900,0,18-APR-2022,
OPTSTK,COLPAL,28-Apr-2022,1460.0,PE,0.0,0.0,0.0,13.0,2.55,0,0.0,1050,0,18-APR-2022,
OPTSTK,COLPAL,28-Apr-2022,1470.0,PE,0.0,0.0,0.0,107.6,3.6,0,0.0,0,0,18-APR-2022,
OPTSTK,COLPAL,28-Apr-2022,1480.0,PE,7.05,7.05,4.55,4.6,4.95,13,67.59,4200,-350,18-APR-2022,
OPTSTK,COLPAL,28-Apr-2022,1490.0,PE,0.0,0.0,0.0,120.9,6.7,0,0.0,0,0,18-APR-2022,
OPTSTK,COLPAL,28-Apr-2022,1500.0,PE,11.15,16.75,6.75,7.5,7.5,70,369.59,56700,-2800,18-APR-2022,
OPTSTK,COLPAL,28-Apr-2022,1510.0,PE,14.35,14.35,10.0,10.0,11.55,3,15.98,1400,0,18-APR-2022,
OPTSTK,COLPAL,28-Apr-2022,1520.0,PE,21.35,21.35,10.45,11.5,11.5,23,123.36,9800,1750,18-APR-2022,
OPTSTK,COLPAL,28-Apr-2022,1530.0,PE,29.0,29.0,14.1,15.7,15.7,36,195.1,8400,2800,18-APR-2022,
OPTSTK,COLPAL,28-Apr-2022,1540.0,PE,25.85,25.85,17.1,18.85,18.85,15,81.91,5950,-350,18-APR-2022,
OPTSTK,COLPAL,28-Apr-2022,1550.0,PE,35.95,35.95,22.0,23.3,23.3,26,143.56,22050,0,18-APR-2022,
OPTSTK,COLPAL,28-Apr-2022,1560.0,PE,38.4,38.4,23.5,23.5,33.6,4,22.25,18550,0,18-APR-2022,
OPTSTK,COLPAL,28-Apr-2022,1570.0,PE,49.0,49.0,33.25,33.25,39.8,7,39.54,5600,-1750,18-APR-2022,
OPTSTK,COLPAL,28-Apr-2022,1580.0,PE,0.0,0.0,0.0,189.05,46.6,0,0.0,0,0,18-APR-2022,
OPTSTK,COLPAL,28-Apr-2022,1590.0,PE,0.0,0.0,0.0,197.3,53.95,0,0.0,0,0,18-APR-2022,
OPTSTK,COLPAL,28-Apr-2022,1600.0,PE,63.05,63.05,55.0,55.0,61.65,3,17.41,24500,0,18-APR-2022,
OPTSTK,COLPAL,28-Apr-2022,1610.0,PE,0.0,0.0,0.0,214.2,69.85,0,0.0,0,0,18-APR-2022,
OPTSTK,COLPAL,28-Apr-2022,1620.0,PE,0.0,0.0,0.0,222.8,78.4,0,0.0,0,0,18-APR-2022,
OPTSTK,COLPAL,28-Apr-2022,1630.0,PE,0.0,0.0,0.0,231.5,87.25,0,0.0,0,0,18-APR-2022,
OPTSTK,COLPAL,28-Apr-2022,1640.0,PE,0.0,0.0,0.0,240.25,96.35,0,0.0,0,0,18-APR-2022,
OPTSTK,COLPAL,28-Apr-2022,1650.0,PE,0.0,0.0,0.0,249.15,105.65,0,0.0,0,0,18-APR-2022,
OPTSTK,COLPAL,28-Apr-2022,1660.0,PE,0.0,0.0,0.0,258.1,115.15,0,0.0,0,0,18-APR-2022,
OPTSTK,COLPAL,28-Apr-2022,1670.0,PE,0.0,0.0,0.0,267.1,124.75,0,0.0,0,0,18-APR-2022,
OPTSTK,COLPAL,28-Apr-2022,1680.0,PE,0.0,0.0,0.0,276.2,134.5,0,0.0,0,0,18-APR-2022,
OPTSTK,COLPAL,28-Apr-2022,1690.0,PE,0.0,0.0,0.0,285.4,144.3,0,0.0,0,0,18-APR-2022,
OPTSTK,COLPAL,28-Apr-2022,1700.0,PE,0.0,0.0,0.0,120.0,154.15,0,0.0,1050,0,18-APR-2022,
OPTSTK,COLPAL,28-Apr-2022,1710.0,PE,0.0,0.0,0.0,303.9,164.05,0,0.0,0,0,18-APR-2022,
OPTSTK,COLPAL,28-Apr-2022,1720.0,PE,0.0,0.0,0.0,313.25,173.95,0,0.0,0,0,18-APR-2022,
OPTSTK,COLPAL,28-Apr-2022,1730.0,PE,0.0,0.0,0.0,322.6,183.9,0,0.0,0,0,18-APR-2022,
OPTSTK,COLPAL,28-Apr-2022,1740.0,PE,0.0,0.0,0.0,332.05,193.85,0,0.0,0,0,18-APR-2022,
OPTSTK,COLPAL,28-Apr-2022,1750.0,PE,0.0,0.0,0.0,341.5,203.85,0,0.0,0,0,18-APR-2022,
OPTSTK,COLPAL,28-Apr-2022,1760.0,PE,0.0,0.0,0.0,351.05,213.8,0,0.0,0,0,18-APR-2022,
OPTSTK,COLPAL,28-Apr-2022,1770.0,PE,0.0,0.0,0.0,360.6,223.8,0,0.0,0,0,18-APR-2022,
OPTSTK,COLPAL,28-Apr-2022,1780.0,PE,0.0,0.0,0.0,370.15,233.75,0,0.0,0,0,18-APR-2022,
OPTSTK,COLPAL,28-Apr-2022,1790.0,PE,0.0,0.0,0.0,379.75,243.75,0,0.0,0,0,18-APR-2022,
OPTSTK,COLPAL,26-May-2022,1060.0,CE,0.0,0.0,0.0,349.15,488.95,0,0.0,0,0,18-APR-2022,
OPTSTK,COLPAL,26-May-2022,1070.0,CE,0.0,0.0,0.0,339.4,479.0,0,0.0,0,0,18-APR-2022,
OPTSTK,COLPAL,26-May-2022,1080.0,CE,0.0,0.0,0.0,329.7,469.05,0,0.0,0,0,18-APR-2022,
OPTSTK,COLPAL,26-May-2022,1090.0,CE,0.0,0.0,0.0,320.0,459.1,0,0.0,0,0,18-APR-2022,
OPTSTK,COLPAL,26-May-2022,1100.0,CE,0.0,0.0,0.0,310.4,449.15,0,0.0,0,0,18-APR-2022,
OPTSTK,COLPAL,26-May-2022,1110.0,CE,0.0,0.0,0.0,300.8,439.15,0,0.0,0,0,18-APR-2022,
OPTSTK,COLPAL,26-May-2022,1120.0,CE,0.0,0.0,0.0,291.3,429.2,0,0.0,0,0,18-APR-2022,
OPTSTK,COLPAL,26-May-2022,1130.0,CE,0.0,0.0,0.0,281.8,419.25,0,0.0,0,0,18-APR-2022,
OPTSTK,COLPAL,26-May-2022,1140.0,CE,0.0,0.0,0.0,272.4,409.3,0,0.0,0,0,18-APR-2022,
OPTSTK,COLPAL,26-May-2022,1150.0,CE,0.0,0.0,0.0,263.1,399.35,0,0.0,0,0,18-APR-2022,
OPTSTK,COLPAL,26-May-2022,1160.0,CE,0.0,0.0,0.0,253.85,389.4,0,0.0,0,0,18-APR-2022,
OPTSTK,COLPAL,26-May-2022,1170.0,CE,0.0,0.0,0.0,244.7,379.45,0,0.0,0,0,18-APR-2022,
OPTSTK,COLPAL,26-May-2022,1180.0,CE,0.0,0.0,0.0,235.65,369.5,0,0.0,0,0,18-APR-2022,
OPTSTK,COLPAL,26-May-2022,1190.0,CE,0.0,0.0,0.0,226.7,359.55,0,0.0,0,0,18-APR-2022,
OPTSTK,COLPAL,26-May-2022,1200.0,CE,0.0,0.0,0.0,217.85,349.6,0,0.0,0,0,18-APR-2022,
OPTSTK,COLPAL,26-May-2022,1210.0,CE,0.0,0.0,0.0,209.15,339.65,0,0.0,0,0,18-APR-2022,
OPTSTK,COLPAL,26-May-2022,1220.0,CE,0.0,0.0,0.0,200.55,329.7,0,0.0,0,0,18-APR-2022,
OPTSTK,COLPAL,26-May-2022,1230.0,CE,0.0,0.0,0.0,192.1,319.8,0,0.0,0,0,18-APR-2022,
OPTSTK,COLPAL,26-May-2022,1240.0,CE,0.0,0.0,0.0,183.8,309.85,0,0.0,0,0,18-APR-2022,
OPTSTK,COLPAL,26-May-2022,1250.0,CE,0.0,0.0,0.0,175.7,299.95,0,0.0,0,0,18-APR-2022,
OPTSTK,COLPAL,26-May-2022,1260.0,CE,0.0,0.0,0.0,167.7,290.05,0,0.0,0,0,18-APR-2022,
OPTSTK,COLPAL,26-May-2022,1270.0,CE,0.0,0.0,0.0,159.95,280.15,0,0.0,0,0,18-APR-2022,
OPTSTK,COLPAL,26-May-2022,1280.0,CE,0.0,0.0,0.0,152.3,270.3,0,0.0,0,0,18-APR-2022,
OPTSTK,COLPAL,26-May-2022,1290.0,CE,0.0,0.0,0.0,144.95,260.45,0,0.0,0,0,18-APR-2022,
OPTSTK,COLPAL,26-May-2022,1300.0,CE,0.0,0.0,0.0,137.7,250.65,0,0.0,0,0,18-APR-2022,
OPTSTK,COLPAL,26-May-2022,1310.0,CE,0.0,0.0,0.0,130.6,240.9,0,0.0,0,0,18-APR-2022,
OPTSTK,COLPAL,26-May-2022,1320.0,CE,0.0,0.0,0.0,123.8,231.15,0,0.0,0,0,18-APR-2022,
OPTSTK,COLPAL,26-May-2022,1330.0,CE,0.0,0.0,0.0,117.15,221.5,0,0.0,0,0,18-APR-2022,
OPTSTK,COLPAL,26-May-2022,1340.0,CE,0.0,0.0,0.0,110.75,211.95,0,0.0,0,0,18-APR-2022,
OPTSTK,COLPAL,26-May-2022,1350.0,CE,0.0,0.0,0.0,104.6,202.4,0,0.0,0,0,18-APR-2022,
OPTSTK,COLPAL,26-May-2022,1360.0,CE,0.0,0.0,0.0,98.65,193.0,0,0.0,0,0,18-APR-2022,
OPTSTK,COLPAL,26-May-2022,1370.0,CE,0.0,0.0,0.0,92.9,183.7,0,0.0,0,0,18-APR-2022,
OPTSTK,COLPAL,26-May-2022,1380.0,CE,0.0,0.0,0.0,87.35,174.5,0,0.0,0,0,18-APR-2022,
OPTSTK,COLPAL,26-May-2022,1390.0,CE,0.0,0.0,0.0,82.1,165.45,0,0.0,0,0,18-APR-2022,
OPTSTK,COLPAL,26-May-2022,1400.0,CE,0.0,0.0,0.0,77.0,156.5,0,0.0,0,0,18-APR-2022,
OPTSTK,COLPAL,26-May-2022,1410.0,CE,0.0,0.0,0.0,72.15,147.75,0,0.0,0,0,18-APR-2022,
OPTSTK,COLPAL,26-May-2022,1420.0,CE,0.0,0.0,0.0,67.5,139.2,0,0.0,0,0,18-APR-2022,
OPTSTK,COLPAL,26-May-2022,1430.0,CE,0.0,0.0,0.0,63.1,130.85,0,0.0,0,0,18-APR-2022,
OPTSTK,COLPAL,26-May-2022,1440.0,CE,0.0,0.0,0.0,58.9,122.7,0,0.0,0,0,18-APR-2022,
OPTSTK,COLPAL,26-May-2022,1450.0,CE,0.0,0.0,0.0,54.9,114.8,0,0.0,0,0,18-APR-2022,
OPTSTK,COLPAL,26-May-2022,1460.0,CE,0.0,0.0,0.0,51.1,107.1,0,0.0,0,0,18-APR-2022,
OPTSTK,COLPAL,26-May-2022,1470.0,CE,0.0,0.0,0.0,47.5,99.75,0,0.0,0,0,18-APR-2022,
OPTSTK,COLPAL,26-May-2022,1480.0,CE,0.0,0.0,0.0,44.15,92.55,0,0.0,0,0,18-APR-2022,
OPTSTK,COLPAL,26-May-2022,1490.0,CE,0.0,0.0,0.0,40.95,85.7,0,0.0,0,0,18-APR-2022,
OPTSTK,COLPAL,26-May-2022,1500.0,CE,0.0,0.0,0.0,69.0,79.15,0,0.0,1050,0,18-APR-2022,
OPTSTK,COLPAL,26-May-2022,1510.0,CE,0.0,0.0,0.0,35.1,72.9,0,0.0,0,0,18-APR-2022,
OPTSTK,COLPAL,26-May-2022,1520.0,CE,0.0,0.0,0.0,32.4,66.95,0,0.0,0,0,18-APR-2022,
OPTSTK,COLPAL,26-May-2022,1530.0,CE,0.0,0.0,0.0,30.0,61.3,0,0.0,0,0,18-APR-2022,
OPTSTK,COLPAL,26-May-2022,1540.0,CE,0.0,0.0,0.0,27.65,55.95,0,0.0,0,0,18-APR-2022,
OPTSTK,COLPAL,26-May-2022,1550.0,CE,0.0,0.0,0.0,25.4,50.95,0,0.0,0,0,18-APR-2022,
OPTSTK,COLPAL,26-May-2022,1560.0,CE,0.0,0.0,0.0,23.35,46.25,0,0.0,0,0,18-APR-2022,
OPTSTK,COLPAL,26-May-2022,1570.0,CE,0.0,0.0,0.0,21.45,41.9,0,0.0,0,0,18-APR-2022,
OPTSTK,COLPAL,26-May-2022,1580.0,CE,0.0,0.0,0.0,19.7,37.8,0,0.0,0,0,18-APR-2022,
OPTSTK,COLPAL,26-May-2022,1590.0,CE,0.0,0.0,0.0,18.05,34.0,0,0.0,0,0,18-APR-2022,
OPTSTK,COLPAL,26-May-2022,1600.0,CE,22.0,22.5,21.0,22.05,22.05,8,45.41,4200,1400,18-APR-2022,
OPTSTK,COLPAL,26-May-2022,1610.0,CE,0.0,0.0,0.0,15.1,27.3,0,0.0,0,0,18-APR-2022,
OPTSTK,COLPAL,26-May-2022,1620.0,CE,0.0,0.0,0.0,13.8,24.35,0,0.0,0,0,18-APR-2022,
OPTSTK,COLPAL,26-May-2022,1630.0,CE,0.0,0.0,0.0,12.6,21.65,0,0.0,0,0,18-APR-2022,
OPTSTK,COLPAL,26-May-2022,1640.0,CE,0.0,0.0,0.0,11.45,19.25,0,0.0,0,0,18-APR-2022,
OPTSTK,COLPAL,26-May-2022,1650.0,CE,9.5,10.0,9.2,9.5,9.5,4,23.23,2100,1400,18-APR-2022,
OPTSTK,COLPAL,26-May-2022,1660.0,CE,0.0,0.0,0.0,9.5,14.95,0,0.0,0,0,18-APR-2022,
OPTSTK,COLPAL,26-May-2022,1670.0,CE,0.0,0.0,0.0,8.6,13.15,0,0.0,0,0,18-APR-2022,
OPTSTK,COLPAL,26-May-2022,1680.0,CE,0.0,0.0,0.0,7.8,11.55,0,0.0,0,0,18-APR-2022,
OPTSTK,COLPAL,26-May-2022,1690.0,CE,0.0,0.0,0.0,7.1,10.05,0,0.0,0,0,18-APR-2022,
OPTSTK,COLPAL,26-May-2022,1700.0,CE,4.0,6.0,4.0,6.0,8.75,2,11.93,350,0,18-APR-2022,
OPTSTK,COLPAL,26-May-2022,1710.0,CE,0.0,0.0,0.0,5.8,7.6,0,0.0,0,0,18-APR-2022,
OPTSTK,COLPAL,26-May-2022,1720.0,CE,0.0,0.0,0.0,5.25,6.6,0,0.0,0,0,18-APR-2022,
OPTSTK,COLPAL,26-May-2022,1730.0,CE,0.0,0.0,0.0,4.75,5.7,0,0.0,0,0,18-APR-2022,
OPTSTK,COLPAL,26-May-2022,1740.0,CE,0.0,0.0,0.0,4.25,4.9,0,0.0,0,0,18-APR-2022,
OPTSTK,COLPAL,26-May-2022,1750.0,CE,0.0,0.0,0.0,3.85,4.2,0,0.0,0,0,18-APR-2022,
OPTSTK,COLPAL,26-May-2022,1760.0,CE,0.0,0.0,0.0,3.45,3.6,0,0.0,0,0,18-APR-2022,
OPTSTK,COLPAL,26-May-2022,1770.0,CE,0.0,0.0,0.0,3.1,3.1,0,0.0,0,0,18-APR-2022,
OPTSTK,COLPAL,26-May-2022,1780.0,CE,0.0,0.0,0.0,2.8,2.6,0,0.0,0,0,18-APR-2022,
OPTSTK,COLPAL,26-May-2022,1790.0,CE,0.0,0.0,0.0,2.5,2.2,0,0.0,0,0,18-APR-2022,
OPTSTK,COLPAL,26-May-2022,1060.0,PE,0.0,0.0,0.0,0.7,0.0,0,0.0,0,0,18-APR-2022,
OPTSTK,COLPAL,26-May-2022,1070.0,PE,0.0,0.0,0.0,0.85,0.0,0,0.0,0,0,18-APR-2022,
OPTSTK,COLPAL,26-May-2022,1080.0,PE,0.0,0.0,0.0,1.05,0.0,0,0.0,0,0,18-APR-2022,
OPTSTK,COLPAL,26-May-2022,1090.0,PE,0.0,0.0,0.0,1.25,0.0,0,0.0,0,0,18-APR-2022,
OPTSTK,COLPAL,26-May-2022,1100.0,PE,0.0,0.0,0.0,1.55,0.0,0,0.0,0,0,18-APR-2022,
OPTSTK,COLPAL,26-May-2022,1110.0,PE,0.0,0.0,0.0,1.85,0.0,0,0.0,0,0,18-APR-2022,
OPTSTK,COLPAL,26-May-2022,1120.0,PE,0.0,0.0,0.0,2.2,0.0,0,0.0,0,0,18-APR-2022,
OPTSTK,COLPAL,26-May-2022,1130.0,PE,0.0,0.0,0.0,2.65,0.0,0,0.0,0,0,18-APR-2022,
OPTSTK,COLPAL,26-May-2022,1140.0,PE,0.0,0.0,0.0,3.15,0.0,0,0.0,0,0,18-APR-2022,
OPTSTK,COLPAL,26-May-2022,1150.0,PE,0.0,0.0,0.0,3.7,0.0,0,0.0,0,0,18-APR-2022,
OPTSTK,COLPAL,26-May-2022,1160.0,PE,0.0,0.0,0.0,4.35,0.05,0,0.0,0,0,18-APR-2022,
OPTSTK,COLPAL,26-May-2022,1170.0,PE,0.0,0.0,0.0,5.1,0.05,0,0.0,0,0,18-APR-2022,
OPTSTK,COLPAL,26-May-2022,1180.0,PE,0.0,0.0,0.0,5.95,0.05,0,0.0,0,0,18-APR-2022,
OPTSTK,COLPAL,26-May-2022,1190.0,PE,0.0,0.0,0.0,6.85,0.05,0,0.0,0,0,18-APR-2022,
OPTSTK,COLPAL,26-May-2022,1200.0,PE,0.0,0.0,0.0,7.95,0.05,0,0.0,0,0,18-APR-2022,
OPTSTK,COLPAL,26-May-2022,1210.0,PE,0.0,0.0,0.0,9.1,0.05,0,0.0,0,0,18-APR-2022,
OPTSTK,COLPAL,26-May-2022,1220.0,PE,0.0,0.0,0.0,10.45,0.05,0,0.0,0,0,18-APR-2022,
OPTSTK,COLPAL,26-May-2022,1230.0,PE,0.0,0.0,0.0,11.9,0.1,0,0.0,0,0,18-APR-2022,
OPTSTK,COLPAL,26-May-2022,1240.0,PE,0.0,0.0,0.0,13.5,0.15,0,0.0,0,0,18-APR-2022,
OPTSTK,COLPAL,26-May-2022,1250.0,PE,0.0,0.0,0.0,15.25,0.15,0,0.0,0,0,18-APR-2022,
OPTSTK,COLPAL,26-May-2022,1260.0,PE,0.0,0.0,0.0,17.2,0.2,0,0.0,0,0,18-APR-2022,
OPTSTK,COLPAL,26-May-2022,1270.0,PE,0.0,0.0,0.0,19.3,0.3,0,0.0,0,0,18-APR-2022,
OPTSTK,COLPAL,26-May-2022,1280.0,PE,0.0,0.0,0.0,21.55,0.4,0,0.0,0,0,18-APR-2022,
OPTSTK,COLPAL,26-May-2022,1290.0,PE,0.0,0.0,0.0,24.1,0.5,0,0.0,0,0,18-APR-2022,
OPTSTK,COLPAL,26-May-2022,1300.0,PE,0.0,0.0,0.0,26.75,0.65,0,0.0,0,0,18-APR-2022,
OPTSTK,COLPAL,26-May-2022,1310.0,PE,0.0,0.0,0.0,29.55,0.85,0,0.0,0,0,18-APR-2022,
OPTSTK,COLPAL,26-May-2022,1320.0,PE,0.0,0.0,0.0,32.6,1.1,0,0.0,0,0,18-APR-2022,
OPTSTK,COLPAL,26-May-2022,1330.0,PE,0.0,0.0,0.0,35.9,1.4,0,0.0,0,0,18-APR-2022,
OPTSTK,COLPAL,26-May-2022,1340.0,PE,0.0,0.0,0.0,39.4,1.75,0,0.0,0,0,18-APR-2022,
OPTSTK,COLPAL,26-May-2022,1350.0,PE,0.0,0.0,0.0,43.1,2.2,0,0.0,0,0,18-APR-2022,
OPTSTK,COLPAL,26-May-2022,1360.0,PE,0.0,0.0,0.0,47.05,2.75,0,0.0,0,0,18-APR-2022,
OPTSTK,COLPAL,26-May-2022,1370.0,PE,0.0,0.0,0.0,51.2,3.4,0,0.0,0,0,18-APR-2022,
OPTSTK,COLPAL,26-May-2022,1380.0,PE,0.0,0.0,0.0,55.6,4.15,0,0.0,0,0,18-APR-2022,
OPTSTK,COLPAL,26-May-2022,1390.0,PE,0.0,0.0,0.0,60.2,5.05,0,0.0,0,0,18-APR-2022,
OPTSTK,COLPAL,26-May-2022,1400.0,PE,0.0,0.0,0.0,65.0,6.1,0,0.0,0,0,18-APR-2022,
OPTSTK,COLPAL,26-May-2022,1410.0,PE,0.0,0.0,0.0,70.05,7.3,0,0.0,0,0,18-APR-2022,
OPTSTK,COLPAL,26-May-2022,1420.0,PE,0.0,0.0,0.0,75.3,8.7,0,0.0,0,0,18-APR-2022,
OPTSTK,COLPAL,26-May-2022,1430.0,PE,0.0,0.0,0.0,80.8,10.3,0,0.0,0,0,18-APR-2022,
OPTSTK,COLPAL,26-May-2022,1440.0,PE,0.0,0.0,0.0,86.45,12.1,0,0.0,0,0,18-APR-2022,
OPTSTK,COLPAL,26-May-2022,1450.0,PE,0.0,0.0,0.0,92.35,14.15,0,0.0,0,0,18-APR-2022,
OPTSTK,COLPAL,26-May-2022,1460.0,PE,0.0,0.0,0.0,98.5,16.4,0,0.0,0,0,18-APR-2022,
OPTSTK,COLPAL,26-May-2022,1470.0,PE,0.0,0.0,0.0,104.8,19.0,0,0.0,0,0,18-APR-2022,
OPTSTK,COLPAL,26-May-2022,1480.0,PE,0.0,0.0,0.0,111.3,21.75,0,0.0,0,0,18-APR-2022,
OPTSTK,COLPAL,26-May-2022,1490.0,PE,0.0,0.0,0.0,118.0,24.85,0,0.0,0,0,18-APR-2022,
OPTSTK,COLPAL,26-May-2022,1500.0,PE,28.0,28.0,28.0,28.0,28.25,1,5.34,2450,350,18-APR-2022,
OPTSTK,COLPAL,26-May-2022,1510.0,PE,0.0,0.0,0.0,131.9,31.95,0,0.0,0,0,18-APR-2022,
OPTSTK,COLPAL,26-May-2022,1520.0,PE,0.0,0.0,0.0,139.15,35.95,0,0.0,0,0,18-APR-2022,
OPTSTK,COLPAL,26-May-2022,1530.0,PE,0.0,0.0,0.0,146.6,40.3,0,0.0,0,0,18-APR-2022,
OPTSTK,COLPAL,26-May-2022,1540.0,PE,0.0,0.0,0.0,154.2,44.95,0,0.0,0,0,18-APR-2022,
OPTSTK,COLPAL,26-May-2022,1550.0,PE,59.45,59.45,59.45,59.45,49.85,1,5.63,1050,0,18-APR-2022,
OPTSTK,COLPAL,26-May-2022,1560.0,PE,0.0,0.0,0.0,169.7,55.15,0,0.0,0,0,18-APR-2022,
OPTSTK,COLPAL,26-May-2022,1570.0,PE,0.0,0.0,0.0,177.7,60.7,0,0.0,0,0,18-APR-2022,
OPTSTK,COLPAL,26-May-2022,1580.0,PE,0.0,0.0,0.0,185.8,66.6,0,0.0,0,0,18-APR-2022,
OPTSTK,COLPAL,26-May-2022,1590.0,PE,0.0,0.0,0.0,194.05,72.75,0,0.0,0,0,18-APR-2022,
OPTSTK,COLPAL,26-May-2022,1600.0,PE,0.0,0.0,0.0,202.45,79.2,0,0.0,0,0,18-APR-2022,
OPTSTK,COLPAL,26-May-2022,1610.0,PE,0.0,0.0,0.0,210.9,85.95,0,0.0,0,0,18-APR-2022,
OPTSTK,COLPAL,26-May-2022,1620.0,PE,0.0,0.0,0.0,219.5,92.95,0,0.0,0,0,18-APR-2022,
OPTSTK,COLPAL,26-May-2022,1630.0,PE,0.0,0.0,0.0,228.2,100.2,0,0.0,0,0,18-APR-2022,
OPTSTK,COLPAL,26-May-2022,1640.0,PE,0.0,0.0,0.0,236.95,107.8,0,0.0,0,0,18-APR-2022,
OPTSTK,COLPAL,26-May-2022,1650.0,PE,0.0,0.0,0.0,245.8,115.45,0,0.0,0,0,18-APR-2022,
OPTSTK,COLPAL,26-May-2022,1660.0,PE,0.0,0.0,0.0,254.75,123.4,0,0.0,0,0,18-APR-2022,
OPTSTK,COLPAL,26-May-2022,1670.0,PE,0.0,0.0,0.0,263.8,131.55,0,0.0,0,0,18-APR-2022,
OPTSTK,COLPAL,26-May-2022,1680.0,PE,0.0,0.0,0.0,272.9,139.85,0,0.0,0,0,18-APR-2022,
OPTSTK,COLPAL,26-May-2022,1690.0,PE,0.0,0.0,0.0,282.05,148.35,0,0.0,0,0,18-APR-2022,
OPTSTK,COLPAL,26-May-2022,1700.0,PE,0.0,0.0,0.0,291.25,157.0,0,0.0,0,0,18-APR-2022,
OPTSTK,COLPAL,26-May-2022,1710.0,PE,0.0,0.0,0.0,300.55,165.8,0,0.0,0,0,18-APR-2022,
OPTSTK,COLPAL,26-May-2022,1720.0,PE,0.0,0.0,0.0,309.9,174.75,0,0.0,0,0,18-APR-2022,
OPTSTK,COLPAL,26-May-2022,1730.0,PE,0.0,0.0,0.0,319.25,183.8,0,0.0,0,0,18-APR-2022,
OPTSTK,COLPAL,26-May-2022,1740.0,PE,0.0,0.0,0.0,328.7,192.95,0,0.0,0,0,18-APR-2022,
OPTSTK,COLPAL,26-May-2022,1750.0,PE,0.0,0.0,0.0,338.2,202.25,0,0.0,0,0,18-APR-2022,
OPTSTK,COLPAL,26-May-2022,1760.0,PE,0.0,0.0,0.0,347.7,211.6,0,0.0,0,0,18-APR-2022,
OPTSTK,COLPAL,26-May-2022,1770.0,PE,0.0,0.0,0.0,357.25,221.0,0,0.0,0,0,18-APR-2022,
OPTSTK,COLPAL,26-May-2022,1780.0,PE,0.0,0.0,0.0,366.8,230.5,0,0.0,0,0,18-APR-2022,
OPTSTK,COLPAL,26-May-2022,1790.0,PE,0.0,0.0,0.0,376.4,240.05,0,0.0,0,0,18-APR-2022,
OPTSTK,COLPAL,30-Jun-2022,1140.0,CE,0.0,0.0,0.0,414.7,414.05,0,0.0,0,0,18-APR-2022,
OPTSTK,COLPAL,30-Jun-2022,1150.0,CE,0.0,0.0,0.0,404.9,404.2,0,0.0,0,0,18-APR-2022,
OPTSTK,COLPAL,30-Jun-2022,1160.0,CE,0.0,0.0,0.0,395.1,394.3,0,0.0,0,0,18-APR-2022,
OPTSTK,COLPAL,30-Jun-2022,1170.0,CE,0.0,0.0,0.0,385.35,384.45,0,0.0,0,0,18-APR-2022,
OPTSTK,COLPAL,30-Jun-2022,1180.0,CE,0.0,0.0,0.0,375.6,374.6,0,0.0,0,0,18-APR-2022,
OPTSTK,COLPAL,30-Jun-2022,1190.0,CE,0.0,0.0,0.0,365.9,364.8,0,0.0,0,0,18-APR-2022,
OPTSTK,COLPAL,30-Jun-2022,1200.0,CE,0.0,0.0,0.0,356.25,355.0,0,0.0,0,0,18-APR-2022,
OPTSTK,COLPAL,30-Jun-2022,1210.0,CE,0.0,0.0,0.0,346.6,345.2,0,0.0,0,0,18-APR-2022,
OPTSTK,COLPAL,30-Jun-2022,1220.0,CE,0.0,0.0,0.0,337.0,335.45,0,0.0,0,0,18-APR-2022,
OPTSTK,COLPAL,30-Jun-2022,1230.0,CE,0.0,0.0,0.0,327.45,325.75,0,0.0,0,0,18-APR-2022,
OPTSTK,COLPAL,30-Jun-2022,1240.0,CE,0.0,0.0,0.0,318.0,316.05,0,0.0,0,0,18-APR-2022,
OPTSTK,COLPAL,30-Jun-2022,1250.0,CE,0.0,0.0,0.0,308.55,306.45,0,0.0,0,0,18-APR-2022,
OPTSTK,COLPAL,30-Jun-2022,1260.0,CE,0.0,0.0,0.0,299.15,296.85,0,0.0,0,0,18-APR-2022,
OPTSTK,COLPAL,30-Jun-2022,1270.0,CE,0.0,0.0,0.0,289.85,287.3,0,0.0,0,0,18-APR-2022,
OPTSTK,COLPAL,30-Jun-2022,1280.0,CE,0.0,0.0,0.0,280.65,277.8,0,0.0,0,0,18-APR-2022,
OPTSTK,COLPAL,30-Jun-2022,1290.0,CE,0.0,0.0,0.0,271.5,268.4,0,0.0,0,0,18-APR-2022,
OPTSTK,COLPAL,30-Jun-2022,1300.0,CE,0.0,0.0,0.0,262.45,259.05,0,0.0,0,0,18-APR-2022,
OPTSTK,COLPAL,30-Jun-2022,1310.0,CE,0.0,0.0,0.0,253.45,249.8,0,0.0,0,0,18-APR-2022,
OPTSTK,COLPAL,30-Jun-2022,1320.0,CE,0.0,0.0,0.0,244.6,240.65,0,0.0,0,0,18-APR-2022,
OPTSTK,COLPAL,30-Jun-2022,1330.0,CE,0.0,0.0,0.0,235.85,231.6,0,0.0,0,0,18-APR-2022,
OPTSTK,COLPAL,30-Jun-2022,1340.0,CE,0.0,0.0,0.0,227.25,222.65,0,0.0,0,0,18-APR-2022,
OPTSTK,COLPAL,30-Jun-2022,1350.0,CE,0.0,0.0,0.0,218.7,213.8,0,0.0,0,0,18-APR-2022,
OPTSTK,COLPAL,30-Jun-2022,1360.0,CE,0.0,0.0,0.0,210.35,205.1,0,0.0,0,0,18-APR-2022,
OPTSTK,COLPAL,30-Jun-2022,1370.0,CE,0.0,0.0,0.0,202.1,196.5,0,0.0,0,0,18-APR-2022,
OPTSTK,COLPAL,30-Jun-2022,1380.0,CE,0.0,0.0,0.0,194.0,188.05,0,0.0,0,0,18-APR-2022,
OPTSTK,COLPAL,30-Jun-2022,1390.0,CE,0.0,0.0,0.0,186.05,179.8,0,0.0,0,0,18-APR-2022,
OPTSTK,COLPAL,30-Jun-2022,1400.0,CE,0.0,0.0,0.0,178.25,171.65,0,0.0,0,0,18-APR-2022,
OPTSTK,COLPAL,30-Jun-2022,1410.0,CE,0.0,0.0,0.0,170.6,163.7,0,0.0,0,0,18-APR-2022,
OPTSTK,COLPAL,30-Jun-2022,1420.0,CE,0.0,0.0,0.0,163.2,155.9,0,0.0,0,0,18-APR-2022,
OPTSTK,COLPAL,30-Jun-2022,1430.0,CE,0.0,0.0,0.0,155.9,148.3,0,0.0,0,0,18-APR-2022,
OPTSTK,COLPAL,30-Jun-2022,1440.0,CE,0.0,0.0,0.0,148.8,140.95,0,0.0,0,0,18-APR-2022,
OPTSTK,COLPAL,30-Jun-2022,1450.0,CE,0.0,0.0,0.0,141.8,133.75,0,0.0,0,0,18-APR-2022,
OPTSTK,COLPAL,30-Jun-2022,1460.0,CE,0.0,0.0,0.0,135.05,126.65,0,0.0,0,0,18-APR-2022,
OPTSTK,COLPAL,30-Jun-2022,1470.0,CE,0.0,0.0,0.0,128.5,119.85,0,0.0,0,0,18-APR-2022,
OPTSTK,COLPAL,30-Jun-2022,1480.0,CE,0.0,0.0,0.0,122.15,113.3,0,0.0,0,0,18-APR-2022,
OPTSTK,COLPAL,30-Jun-2022,1490.0,CE,0.0,0.0,0.0,116.0,106.95,0,0.0,0,0,18-APR-2022,
OPTSTK,COLPAL,30-Jun-2022,1500.0,CE,0.0,0.0,0.0,110.0,100.8,0,0.0,0,0,18-APR-2022,
OPTSTK,COLPAL,30-Jun-2022,1510.0,CE,0.0,0.0,0.0,104.25,94.85,0,0.0,0,0,18-APR-2022,
OPTSTK,COLPAL,30-Jun-2022,1520.0,CE,0.0,0.0,0.0,98.7,89.2,0,0.0,0,0,18-APR-2022,
OPTSTK,COLPAL,30-Jun-2022,1530.0,CE,0.0,0.0,0.0,93.35,83.7,0,0.0,0,0,18-APR-2022,
OPTSTK,COLPAL,30-Jun-2022,1540.0,CE,0.0,0.0,0.0,88.15,78.45,0,0.0,0,0,18-APR-2022,
OPTSTK,COLPAL,30-Jun-2022,1550.0,CE,0.0,0.0,0.0,83.2,73.45,0,0.0,0,0,18-APR-2022,
OPTSTK,COLPAL,30-Jun-2022,1560.0,CE,0.0,0.0,0.0,78.45,68.65,0,0.0,0,0,18-APR-2022,
OPTSTK,COLPAL,30-Jun-2022,1570.0,CE,0.0,0.0,0.0,73.85,64.1,0,0.0,0,0,18-APR-2022,
OPTSTK,COLPAL,30-Jun-2022,1580.0,CE,0.0,0.0,0.0,69.5,59.75,0,0.0,0,0,18-APR-2022,
OPTSTK,COLPAL,30-Jun-2022,1590.0,CE,0.0,0.0,0.0,65.3,55.65,0,0.0,0,0,18-APR-2022,
OPTSTK,COLPAL,30-Jun-2022,1600.0,CE,0.0,0.0,0.0,50.0,51.7,0,0.0,350,0,18-APR-2022,
OPTSTK,COLPAL,30-Jun-2022,1610.0,CE,0.0,0.0,0.0,57.5,48.0,0,0.0,0,0,18-APR-2022,
OPTSTK,COLPAL,30-Jun-2022,1620.0,CE,0.0,0.0,0.0,53.85,44.5,0,0.0,0,0,18-APR-2022,
OPTSTK,COLPAL,30-Jun-2022,1630.0,CE,0.0,0.0,0.0,50.4,41.2,0,0.0,0,0,18-APR-2022,
OPTSTK,COLPAL,30-Jun-2022,1640.0,CE,0.0,0.0,0.0,47.15,38.1,0,0.0,0,0,18-APR-2022,
OPTSTK,COLPAL,30-Jun-2022,1650.0,CE,0.0,0.0,0.0,44.05,35.15,0,0.0,0,0,18-APR-2022,
OPTSTK,COLPAL,30-Jun-2022,1660.0,CE,0.0,0.0,0.0,41.1,32.4,0,0.0,0,0,18-APR-2022,
OPTSTK,COLPAL,30-Jun-2022,1670.0,CE,0.0,0.0,0.0,38.3,29.9,0,0.0,0,0,18-APR-2022,
OPTSTK,COLPAL,30-Jun-2022,1680.0,CE,0.0,0.0,0.0,35.65,27.55,0,0.0,0,0,18-APR-2022,
OPTSTK,COLPAL,30-Jun-2022,1690.0,CE,0.0,0.0,0.0,33.25,25.25,0,0.0,0,0,18-APR-2022,
OPTSTK,COLPAL,30-Jun-2022,1700.0,CE,0.0,0.0,0.0,30.9,23.15,0,0.0,0,0,18-APR-2022,
OPTSTK,COLPAL,30-Jun-2022,1710.0,CE,0.0,0.0,0.0,28.75,21.2,0,0.0,0,0,18-APR-2022,
OPTSTK,COLPAL,30-Jun-2022,1720.0,CE,0.0,0.0,0.0,26.6,19.4,0,0.0,0,0,18-APR-2022,
OPTSTK,COLPAL,30-Jun-2022,1730.0,CE,0.0,0.0,0.0,24.65,17.7,0,0.0,0,0,18-APR-2022,
OPTSTK,COLPAL,30-Jun-2022,1740.0,CE,0.0,0.0,0.0,22.8,16.15,0,0.0,0,0,18-APR-2022,
OPTSTK,COLPAL,30-Jun-2022,1750.0,CE,0.0,0.0,0.0,21.1,14.7,0,0.0,0,0,18-APR-2022,
OPTSTK,COLPAL,30-Jun-2022,1760.0,CE,0.0,0.0,0.0,19.5,13.4,0,0.0,0,0,18-APR-2022,
OPTSTK,COLPAL,30-Jun-2022,1770.0,CE,0.0,0.0,0.0,18.0,12.15,0,0.0,0,0,18-APR-2022,
OPTSTK,COLPAL,30-Jun-2022,1780.0,CE,0.0,0.0,0.0,16.6,11.05,0,0.0,0,0,18-APR-2022,
OPTSTK,COLPAL,30-Jun-2022,1790.0,CE,0.0,0.0,0.0,15.3,10.0,0,0.0,0,0,18-APR-2022,
OPTSTK,COLPAL,30-Jun-2022,1140.0,PE,0.0,0.0,0.0,0.45,0.15,0,0.0,0,0,18-APR-2022,
OPTSTK,COLPAL,30-Jun-2022,1150.0,PE,0.0,0.0,0.0,0.55,0.2,0,0.0,0,0,18-APR-2022,
OPTSTK,COLPAL,30-Jun-2022,1160.0,PE,0.0,0.0,0.0,0.65,0.25,0,0.0,0,0,18-APR-2022,
OPTSTK,COLPAL,30-Jun-2022,1170.0,PE,0.0,0.0,0.0,0.8,0.3,0,0.0,0,0,18-APR-2022,
OPTSTK,COLPAL,30-Jun-2022,1180.0,PE,0.0,0.0,0.0,0.95,0.4,0,0.0,0,0,18-APR-2022,
OPTSTK,COLPAL,30-Jun-2022,1190.0,PE,0.0,0.0,0.0,1.15,0.5,0,0.0,0,0,18-APR-2022,
OPTSTK,COLPAL,30-Jun-2022,1200.0,PE,0.0,0.0,0.0,1.35,0.6,0,0.0,0,0,18-APR-2022,
OPTSTK,COLPAL,30-Jun-2022,1210.0,PE,0.0,0.0,0.0,1.65,0.75,0,0.0,0,0,18-APR-2022,
OPTSTK,COLPAL,30-Jun-2022,1220.0,PE,0.0,0.0,0.0,1.95,0.9,0,0.0,0,0,18-APR-2022,
OPTSTK,COLPAL,30-Jun-2022,1230.0,PE,0.0,0.0,0.0,2.3,1.1,0,0.0,0,0,18-APR-2022,
OPTSTK,COLPAL,30-Jun-2022,1240.0,PE,0.0,0.0,0.0,2.7,1.3,0,0.0,0,0,18-APR-2022,
OPTSTK,COLPAL,30-Jun-2022,1250.0,PE,0.0,0.0,0.0,3.15,1.6,0,0.0,0,0,18-APR-2022,
OPTSTK,COLPAL,30-Jun-2022,1260.0,PE,0.0,0.0,0.0,3.65,1.9,0,0.0,0,0,18-APR-2022,
OPTSTK,COLPAL,30-Jun-2022,1270.0,PE,0.0,0.0,0.0,4.25,2.3,0,0.0,0,0,18-APR-2022,
OPTSTK,COLPAL,30-Jun-2022,1280.0,PE,0.0,0.0,0.0,4.95,2.75,0,0.0,0,0,18-APR-2022,
OPTSTK,COLPAL,30-Jun-2022,1290.0,PE,0.0,0.0,0.0,5.7,3.25,0,0.0,0,0,18-APR-2022,
OPTSTK,COLPAL,30-Jun-2022,1300.0,PE,0.0,0.0,0.0,6.5,3.8,0,0.0,0,0,18-APR-2022,
OPTSTK,COLPAL,30-Jun-2022,1310.0,PE,0.0,0.0,0.0,7.45,4.5,0,0.0,0,0,18-APR-2022,
OPTSTK,COLPAL,30-Jun-2022,1320.0,PE,0.0,0.0,0.0,8.5,5.25,0,0.0,0,0,18-APR-2022,
OPTSTK,COLPAL,30-Jun-2022,1330.0,PE,0.0,0.0,0.0,9.65,6.1,0,0.0,0,0,18-APR-2022,
OPTSTK,COLPAL,30-Jun-2022,1340.0,PE,0.0,0.0,0.0,10.9,7.05,0,0.0,0,0,18-APR-2022,
OPTSTK,COLPAL,30-Jun-2022,1350.0,PE,0.0,0.0,0.0,12.25,8.1,0,0.0,0,0,18-APR-2022,
OPTSTK,COLPAL,30-Jun-2022,1360.0,PE,0.0,0.0,0.0,13.8,9.35,0,0.0,0,0,18-APR-2022,
OPTSTK,COLPAL,30-Jun-2022,1370.0,PE,0.0,0.0,0.0,15.45,10.65,0,0.0,0,0,18-APR-2022,
OPTSTK,COLPAL,30-Jun-2022,1380.0,PE,0.0,0.0,0.0,17.25,12.15,0,0.0,0,0,18-APR-2022,
OPTSTK,COLPAL,30-Jun-2022,1390.0,PE,0.0,0.0,0.0,19.15,13.75,0,0.0,0,0,18-APR-2022,
OPTSTK,COLPAL,30-Jun-2022,1400.0,PE,0.0,0.0,0.0,21.25,15.55,0,0.0,0,0,18-APR-2022,
OPTSTK,COLPAL,30-Jun-2022,1410.0,PE,0.0,0.0,0.0,23.55,17.5,0,0.0,0,0,18-APR-2022,
OPTSTK,COLPAL,30-Jun-2022,1420.0,PE,0.0,0.0,0.0,26.0,19.65,0,0.0,0,0,18-APR-2022,
OPTSTK,COLPAL,30-Jun-2022,1430.0,PE,0.0,0.0,0.0,28.6,21.95,0,0.0,0,0,18-APR-2022,
OPTSTK,COLPAL,30-Jun-2022,1440.0,PE,0.0,0.0,0.0,31.4,24.5,0,0.0,0,0,18-APR-2022,
OPTSTK,COLPAL,30-Jun-2022,1450.0,PE,0.0,0.0,0.0,34.3,27.2,0,0.0,0,0,18-APR-2022,
OPTSTK,COLPAL,30-Jun-2022,1460.0,PE,0.0,0.0,0.0,37.45,30.05,0,0.0,0,0,18-APR-2022,
OPTSTK,COLPAL,30-Jun-2022,1470.0,PE,0.0,0.0,0.0,40.8,33.2,0,0.0,0,0,18-APR-2022,
OPTSTK,COLPAL,30-Jun-2022,1480.0,PE,0.0,0.0,0.0,44.35,36.5,0,0.0,0,0,18-APR-2022,
OPTSTK,COLPAL,30-Jun-2022,1490.0,PE,0.0,0.0,0.0,48.05,40.05,0,0.0,0,0,18-APR-2022,
OPTSTK,COLPAL,30-Jun-2022,1500.0,PE,0.0,0.0,0.0,52.0,43.85,0,0.0,0,0,18-APR-2022,
OPTSTK,COLPAL,30-Jun-2022,1510.0,PE,0.0,0.0,0.0,56.15,47.85,0,0.0,0,0,18-APR-2022,
OPTSTK,COLPAL,30-Jun-2022,1520.0,PE,0.0,0.0,0.0,60.45,52.05,0,0.0,0,0,18-APR-2022,
OPTSTK,COLPAL,30-Jun-2022,1530.0,PE,0.0,0.0,0.0,65.0,56.5,0,0.0,0,0,18-APR-2022,
OPTSTK,COLPAL,30-Jun-2022,1540.0,PE,0.0,0.0,0.0,69.75,61.2,0,0.0,0,0,18-APR-2022,
OPTSTK,COLPAL,30-Jun-2022,1550.0,PE,0.0,0.0,0.0,74.65,66.1,0,0.0,0,0,18-APR-2022,
OPTSTK,COLPAL,30-Jun-2022,1560.0,PE,0.0,0.0,0.0,79.8,71.2,0,0.0,0,0,18-APR-2022,
OPTSTK,COLPAL,30-Jun-2022,1570.0,PE,0.0,0.0,0.0,85.1,76.55,0,0.0,0,0,18-APR-2022,
OPTSTK,COLPAL,30-Jun-2022,1580.0,PE,0.0,0.0,0.0,90.65,82.15,0,0.0,0,0,18-APR-2022,
OPTSTK,COLPAL,30-Jun-2022,1590.0,PE,0.0,0.0,0.0,96.35,87.9,0,0.0,0,0,18-APR-2022,
OPTSTK,COLPAL,30-Jun-2022,1600.0,PE,0.0,0.0,0.0,102.25,93.9,0,0.0,0,0,18-APR-2022,
OPTSTK,COLPAL,30-Jun-2022,1610.0,PE,0.0,0.0,0.0,108.3,100.15,0,0.0,0,0,18-APR-2022,
OPTSTK,COLPAL,30-Jun-2022,1620.0,PE,0.0,0.0,0.0,114.6,106.55,0,0.0,0,0,18-APR-2022,
OPTSTK,COLPAL,30-Jun-2022,1630.0,PE,0.0,0.0,0.0,121.05,113.15,0,0.0,0,0,18-APR-2022,
OPTSTK,COLPAL,30-Jun-2022,1640.0,PE,0.0,0.0,0.0,127.65,119.95,0,0.0,0,0,18-APR-2022,
OPTSTK,COLPAL,30-Jun-2022,1650.0,PE,0.0,0.0,0.0,134.45,126.95,0,0.0,0,0,18-APR-2022,
OPTSTK,COLPAL,30-Jun-2022,1660.0,PE,0.0,0.0,0.0,141.4,134.1,0,0.0,0,0,18-APR-2022,
OPTSTK,COLPAL,30-Jun-2022,1670.0,PE,0.0,0.0,0.0,148.5,141.55,0,0.0,0,0,18-APR-2022,
OPTSTK,COLPAL,30-Jun-2022,1680.0,PE,0.0,0.0,0.0,155.75,149.05,0,0.0,0,0,18-APR-2022,
OPTSTK,COLPAL,30-Jun-2022,1690.0,PE,0.0,0.0,0.0,163.25,156.7,0,0.0,0,0,18-APR-2022,
OPTSTK,COLPAL,30-Jun-2022,1700.0,PE,0.0,0.0,0.0,170.8,164.5,0,0.0,0,0,18-APR-2022,
OPTSTK,COLPAL,30-Jun-2022,1710.0,PE,0.0,0.0,0.0,178.5,172.45,0,0.0,0,0,18-APR-2022,
OPTSTK,COLPAL,30-Jun-2022,1720.0,PE,0.0,0.0,0.0,186.25,180.6,0,0.0,0,0,18-APR-2022,
OPTSTK,COLPAL,30-Jun-2022,1730.0,PE,0.0,0.0,0.0,194.2,188.8,0,0.0,0,0,18-APR-2022,
OPTSTK,COLPAL,30-Jun-2022,1740.0,PE,0.0,0.0,0.0,202.3,197.2,0,0.0,0,0,18-APR-2022,
OPTSTK,COLPAL,30-Jun-2022,1750.0,PE,0.0,0.0,0.0,210.45,205.65,0,0.0,0,0,18-APR-2022,
OPTSTK,COLPAL,30-Jun-2022,1760.0,PE,0.0,0.0,0.0,218.75,214.25,0,0.0,0,0,18-APR-2022,
OPTSTK,COLPAL,30-Jun-2022,1770.0,PE,0.0,0.0,0.0,227.15,222.95,0,0.0,0,0,18-APR-2022,
OPTSTK,COLPAL,30-Jun-2022,1780.0,PE,0.0,0.0,0.0,235.65,231.75,0,0.0,0,0,18-APR-2022,
OPTSTK,COLPAL,30-Jun-2022,1790.0,PE,0.0,0.0,0.0,244.25,240.6,0,0.0,0,0,18-APR-2022,
OPTSTK,CONCOR,28-Apr-2022,430.0,CE,0.0,0.0,0.0,192.3,243.85,0,0.0,0,0,18-APR-2022,
OPTSTK,CONCOR,28-Apr-2022,440.0,CE,0.0,0.0,0.0,182.9,233.85,0,0.0,0,0,18-APR-2022,
OPTSTK,CONCOR,28-Apr-2022,450.0,CE,0.0,0.0,0.0,173.65,223.9,0,0.0,0,0,18-APR-2022,
OPTSTK,CONCOR,28-Apr-2022,460.0,CE,0.0,0.0,0.0,164.6,213.9,0,0.0,0,0,18-APR-2022,
OPTSTK,CONCOR,28-Apr-2022,470.0,CE,0.0,0.0,0.0,155.65,203.9,0,0.0,0,0,18-APR-2022,
OPTSTK,CONCOR,28-Apr-2022,480.0,CE,0.0,0.0,0.0,146.9,193.9,0,0.0,0,0,18-APR-2022,
OPTSTK,CONCOR,28-Apr-2022,490.0,CE,0.0,0.0,0.0,138.4,183.9,0,0.0,0,0,18-APR-2022,
OPTSTK,CONCOR,28-Apr-2022,500.0,CE,0.0,0.0,0.0,130.05,173.95,0,0.0,0,0,18-APR-2022,
OPTSTK,CONCOR,28-Apr-2022,510.0,CE,0.0,0.0,0.0,122.0,163.95,0,0.0,0,0,18-APR-2022,
OPTSTK,CONCOR,28-Apr-2022,520.0,CE,0.0,0.0,0.0,114.2,153.95,0,0.0,0,0,18-APR-2022,
OPTSTK,CONCOR,28-Apr-2022,530.0,CE,0.0,0.0,0.0,106.65,143.95,0,0.0,0,0,18-APR-2022,
OPTSTK,CONCOR,28-Apr-2022,540.0,CE,0.0,0.0,0.0,99.4,134.0,0,0.0,0,0,18-APR-2022,
OPTSTK,CONCOR,28-Apr-2022,550.0,CE,0.0,0.0,0.0,92.45,124.0,0,0.0,0,0,18-APR-2022,
OPTSTK,CONCOR,28-Apr-2022,560.0,CE,0.0,0.0,0.0,85.75,114.05,0,0.0,0,0,18-APR-2022,
OPTSTK,CONCOR,28-Apr-2022,570.0,CE,0.0,0.0,0.0,79.4,104.15,0,0.0,0,0,18-APR-2022,
OPTSTK,CONCOR,28-Apr-2022,580.0,CE,0.0,0.0,0.0,73.35,94.35,0,0.0,0,0,18-APR-2022,
OPTSTK,CONCOR,28-Apr-2022,590.0,CE,0.0,0.0,0.0,67.65,84.65,0,0.0,0,0,18-APR-2022,
OPTSTK,CONCOR,28-Apr-2022,600.0,CE,75.6,90.6,75.6,90.6,75.1,3,16.45,12800,1600,18-APR-2022,
OPTSTK,CONCOR,28-Apr-2022,610.0,CE,0.0,0.0,0.0,57.2,65.85,0,0.0,0,0,18-APR-2022,
OPTSTK,CONCOR,28-Apr-2022,620.0,CE,0.0,0.0,0.0,52.4,56.95,0,0.0,0,0,18-APR-2022,
OPTSTK,CONCOR,28-Apr-2022,630.0,CE,0.0,0.0,0.0,47.95,48.55,0,0.0,0,0,18-APR-2022,
OPTSTK,CONCOR,28-Apr-2022,640.0,CE,0.0,0.0,0.0,54.6,40.7,0,0.0,7200,0,18-APR-2022,
OPTSTK,CONCOR,28-Apr-2022,650.0,CE,35.9,36.75,35.9,36.75,33.55,3,16.47,28800,-800,18-APR-2022,
OPTSTK,CONCOR,28-Apr-2022,660.0,CE,24.9,31.25,24.9,30.1,27.15,42,231.76,36000,-20000,18-APR-2022,
OPTSTK,CONCOR,28-Apr-2022,670.0,CE,19.65,25.3,19.0,22.65,22.65,69,382.49,53600,-3200,18-APR-2022,
OPTSTK,CONCOR,28-Apr-2022,680.0,CE,14.1,20.75,14.0,18.4,18.4,174,971.75,92800,17600,18-APR-2022,
OPTSTK,CONCOR,28-Apr-2022,690.0,CE,16.45,16.5,11.3,14.05,14.05,63,354.83,92800,-4000,18-APR-2022,
OPTSTK,CONCOR,28-Apr-2022,700.0,CE,9.05,13.55,7.6,11.5,11.5,958,5453.57,632800,104800,18-APR-2022,
OPTSTK,CONCOR,28-Apr-2022,710.0,CE,8.8,11.2,7.0,8.9,8.9,107,615.78,212800,1600,18-APR-2022,
OPTSTK,CONCOR,28-Apr-2022,720.0,CE,5.7,8.6,4.5,7.25,7.25,284,1651.3,657600,-33600,18-APR-2022,
OPTSTK,CONCOR,28-Apr-2022,730.0,CE,2.75,7.05,2.75,5.7,5.7,51,299.98,226400,-1600,18-APR-2022,
OPTSTK,CONCOR,28-Apr-2022,740.0,CE,3.9,5.55,3.05,4.75,2.4,24,142.9,117600,-800,18-APR-2022,
OPTSTK,CONCOR,28-Apr-2022,750.0,CE,4.35,4.45,2.35,3.2,3.2,205,1235.16,296000,-24000,18-APR-2022,
OPTSTK,CONCOR,28-Apr-2022,760.0,CE,2.9,3.4,1.7,2.55,2.55,54,329.47,55200,-19200,18-APR-2022,
OPTSTK,CONCOR,28-Apr-2022,770.0,CE,1.8,2.05,1.45,1.9,1.9,20,123.47,24000,3200,18-APR-2022,
OPTSTK,CONCOR,28-Apr-2022,780.0,CE,2.5,2.7,0.45,2.7,0.45,7,43.78,31200,1600,18-APR-2022,
OPTSTK,CONCOR,28-Apr-2022,790.0,CE,0.0,0.0,0.0,2.45,0.3,0,0.0,5600,0,18-APR-2022,
OPTSTK,CONCOR,28-Apr-2022,800.0,CE,1.55,1.85,0.95,1.4,1.4,105,673.11,164000,-7200,18-APR-2022,
OPTSTK,CONCOR,28-Apr-2022,810.0,CE,0.7,0.7,0.5,0.5,0.1,16,103.74,9600,-7200,18-APR-2022,
OPTSTK,CONCOR,28-Apr-2022,820.0,CE,0.2,0.7,0.2,0.7,0.7,5,32.82,52800,-800,18-APR-2022,
OPTSTK,CONCOR,28-Apr-2022,830.0,CE,1.5,1.5,0.5,0.5,0.05,4,26.59,7200,0,18-APR-2022,
OPTSTK,CONCOR,28-Apr-2022,840.0,CE,0.0,0.0,0.0,1.1,0.05,0,0.0,22400,0,18-APR-2022,
OPTSTK,CONCOR,28-Apr-2022,850.0,CE,0.9,2.5,0.3,0.3,0.05,15,102.08,17600,-2400,18-APR-2022,
OPTSTK,CONCOR,28-Apr-2022,860.0,CE,0.1,0.35,0.1,0.35,0.05,6,41.29,65600,-3200,18-APR-2022,
OPTSTK,CONCOR,28-Apr-2022,430.0,PE,0.0,0.0,0.0,0.1,0.0,0,0.0,800,0,18-APR-2022,
OPTSTK,CONCOR,28-Apr-2022,440.0,PE,0.0,0.0,0.0,0.05,0.0,0,0.0,1600,0,18-APR-2022,
OPTSTK,CONCOR,28-Apr-2022,450.0,PE,0.0,0.0,0.0,2.85,0.0,0,0.0,0,0,18-APR-2022,
OPTSTK,CONCOR,28-Apr-2022,460.0,PE,0.0,0.0,0.0,3.65,0.0,0,0.0,0,0,18-APR-2022,
OPTSTK,CONCOR,28-Apr-2022,470.0,PE,0.0,0.0,0.0,4.6,0.0,0,0.0,0,0,18-APR-2022,
OPTSTK,CONCOR,28-Apr-2022,480.0,PE,0.0,0.0,0.0,5.75,0.0,0,0.0,0,0,18-APR-2022,
OPTSTK,CONCOR,28-Apr-2022,490.0,PE,0.0,0.0,0.0,7.1,0.0,0,0.0,0,0,18-APR-2022,
OPTSTK,CONCOR,28-Apr-2022,500.0,PE,0.0,0.0,0.0,8.7,0.0,0,0.0,0,0,18-APR-2022,
OPTSTK,CONCOR,28-Apr-2022,510.0,PE,0.0,0.0,0.0,10.55,0.0,0,0.0,0,0,18-APR-2022,
OPTSTK,CONCOR,28-Apr-2022,520.0,PE,0.0,0.0,0.0,12.6,0.0,0,0.0,0,0,18-APR-2022,
OPTSTK,CONCOR,28-Apr-2022,530.0,PE,0.0,0.0,0.0,14.95,0.05,0,0.0,0,0,18-APR-2022,
OPTSTK,CONCOR,28-Apr-2022,540.0,PE,0.0,0.0,0.0,17.6,0.05,0,0.0,0,0,18-APR-2022,
OPTSTK,CONCOR,28-Apr-2022,550.0,PE,0.0,0.0,0.0,0.45,0.05,0,0.0,24800,0,18-APR-2022,
OPTSTK,CONCOR,28-Apr-2022,560.0,PE,0.0,0.0,0.0,23.75,0.1,0,0.0,0,0,18-APR-2022,
OPTSTK,CONCOR,28-Apr-2022,570.0,PE,0.0,0.0,0.0,3.5,0.2,0,0.0,1600,0,18-APR-2022,
OPTSTK,CONCOR,28-Apr-2022,580.0,PE,0.5,0.5,0.5,0.5,0.35,1,4.64,6400,-800,18-APR-2022,
OPTSTK,CONCOR,28-Apr-2022,590.0,PE,0.0,0.0,0.0,3.15,0.6,0,0.0,1600,0,18-APR-2022,
OPTSTK,CONCOR,28-Apr-2022,600.0,PE,3.45,4.0,2.5,3.75,3.75,14,67.6,169600,-800,18-APR-2022,
OPTSTK,CONCOR,28-Apr-2022,610.0,PE,0.0,0.0,0.0,4.0,1.8,0,0.0,2400,0,18-APR-2022,
OPTSTK,CONCOR,28-Apr-2022,620.0,PE,5.2,5.2,5.15,5.15,2.9,2,10.0,19200,-800,18-APR-2022,
OPTSTK,CONCOR,28-Apr-2022,630.0,PE,6.05,6.05,6.0,6.0,4.5,2,10.17,93600,1600,18-APR-2022,
OPTSTK,CONCOR,28-Apr-2022,640.0,PE,9.05,9.85,8.0,8.8,6.65,46,238.81,48000,-21600,18-APR-2022,
OPTSTK,CONCOR,28-Apr-2022,650.0,PE,13.05,13.05,9.05,10.0,10.0,65,343.82,172800,-17600,18-APR-2022,
OPTSTK,CONCOR,28-Apr-2022,660.0,PE,15.85,15.85,11.5,13.5,13.5,21,113.2,68800,800,18-APR-2022,
OPTSTK,CONCOR,28-Apr-2022,670.0,PE,21.35,22.1,15.45,17.15,17.15,91,501.05,58400,-16800,18-APR-2022,
OPTSTK,CONCOR,28-Apr-2022,680.0,PE,28.95,28.95,20.0,24.25,24.25,27,152.25,72000,-2400,18-APR-2022,
OPTSTK,CONCOR,28-Apr-2022,690.0,PE,32.45,32.45,32.45,32.45,28.65,1,5.77,65600,-800,18-APR-2022,
OPTSTK,CONCOR,28-Apr-2022,700.0,PE,40.65,40.65,34.5,37.7,35.4,15,88.47,198400,-4800,18-APR-2022,
OPTSTK,CONCOR,28-Apr-2022,710.0,PE,47.0,47.0,42.1,42.1,42.85,2,12.07,20000,0,18-APR-2022,
OPTSTK,CONCOR,28-Apr-2022,720.0,PE,54.45,55.05,49.1,49.1,49.1,5,30.92,13600,-800,18-APR-2022,
OPTSTK,CONCOR,28-Apr-2022,730.0,PE,61.3,61.3,61.3,61.3,59.35,1,6.33,3200,0,18-APR-2022,
OPTSTK,CONCOR,28-Apr-2022,740.0,PE,0.0,0.0,0.0,60.7,68.25,0,0.0,2400,0,18-APR-2022,
OPTSTK,CONCOR,28-Apr-2022,750.0,PE,0.0,0.0,0.0,69.9,77.45,0,0.0,800,0,18-APR-2022,
OPTSTK,CONCOR,28-Apr-2022,760.0,PE,0.0,0.0,0.0,148.8,86.85,0,0.0,0,0,18-APR-2022,
OPTSTK,CONCOR,28-Apr-2022,770.0,PE,0.0,0.0,0.0,157.35,96.5,0,0.0,0,0,18-APR-2022,
OPTSTK,CONCOR,28-Apr-2022,780.0,PE,0.0,0.0,0.0,166.0,106.2,0,0.0,0,0,18-APR-2022,
OPTSTK,CONCOR,28-Apr-2022,790.0,PE,0.0,0.0,0.0,174.8,116.05,0,0.0,0,0,18-APR-2022,
OPTSTK,CONCOR,28-Apr-2022,800.0,PE,0.0,0.0,0.0,113.4,125.95,0,0.0,1600,0,18-APR-2022,
OPTSTK,CONCOR,28-Apr-2022,810.0,PE,0.0,0.0,0.0,192.7,135.85,0,0.0,0,0,18-APR-2022,
OPTSTK,CONCOR,28-Apr-2022,820.0,PE,0.0,0.0,0.0,201.75,145.8,0,0.0,0,0,18-APR-2022,
OPTSTK,CONCOR,28-Apr-2022,830.0,PE,0.0,0.0,0.0,210.95,155.75,0,0.0,0,0,18-APR-2022,
OPTSTK,CONCOR,28-Apr-2022,840.0,PE,0.0,0.0,0.0,220.2,165.75,0,0.0,0,0,18-APR-2022,
OPTSTK,CONCOR,28-Apr-2022,850.0,PE,0.0,0.0,0.0,229.5,175.7,0,0.0,0,0,18-APR-2022,
OPTSTK,CONCOR,28-Apr-2022,860.0,PE,0.0,0.0,0.0,238.9,185.7,0,0.0,0,0,18-APR-2022,
OPTSTK,CONCOR,26-May-2022,430.0,CE,0.0,0.0,0.0,137.25,245.3,0,0.0,0,0,18-APR-2022,
OPTSTK,CONCOR,26-May-2022,440.0,CE,0.0,0.0,0.0,128.6,235.35,0,0.0,0,0,18-APR-2022,
OPTSTK,CONCOR,26-May-2022,450.0,CE,0.0,0.0,0.0,120.15,225.4,0,0.0,0,0,18-APR-2022,
OPTSTK,CONCOR,26-May-2022,460.0,CE,0.0,0.0,0.0,111.95,215.5,0,0.0,0,0,18-APR-2022,
OPTSTK,CONCOR,26-May-2022,470.0,CE,0.0,0.0,0.0,104.05,205.55,0,0.0,0,0,18-APR-2022,
OPTSTK,CONCOR,26-May-2022,480.0,CE,0.0,0.0,0.0,96.45,195.7,0,0.0,0,0,18-APR-2022,
OPTSTK,CONCOR,26-May-2022,490.0,CE,0.0,0.0,0.0,89.2,185.85,0,0.0,0,0,18-APR-2022,
OPTSTK,CONCOR,26-May-2022,500.0,CE,0.0,0.0,0.0,82.2,176.05,0,0.0,0,0,18-APR-2022,
OPTSTK,CONCOR,26-May-2022,510.0,CE,0.0,0.0,0.0,75.6,166.35,0,0.0,0,0,18-APR-2022,
OPTSTK,CONCOR,26-May-2022,520.0,CE,0.0,0.0,0.0,69.3,156.7,0,0.0,0,0,18-APR-2022,
OPTSTK,CONCOR,26-May-2022,530.0,CE,0.0,0.0,0.0,63.4,147.15,0,0.0,0,0,18-APR-2022,
OPTSTK,CONCOR,26-May-2022,540.0,CE,0.0,0.0,0.0,57.85,137.75,0,0.0,0,0,18-APR-2022,
OPTSTK,CONCOR,26-May-2022,550.0,CE,0.0,0.0,0.0,52.65,128.55,0,0.0,0,0,18-APR-2022,
OPTSTK,CONCOR,26-May-2022,560.0,CE,0.0,0.0,0.0,47.75,119.5,0,0.0,0,0,18-APR-2022,
OPTSTK,CONCOR,26-May-2022,570.0,CE,0.0,0.0,0.0,43.25,110.7,0,0.0,0,0,18-APR-2022,
OPTSTK,CONCOR,26-May-2022,580.0,CE,0.0,0.0,0.0,39.05,102.15,0,0.0,0,0,18-APR-2022,
OPTSTK,CONCOR,26-May-2022,590.0,CE,0.0,0.0,0.0,35.2,93.85,0,0.0,0,0,18-APR-2022,
OPTSTK,CONCOR,26-May-2022,600.0,CE,0.0,0.0,0.0,31.65,85.9,0,0.0,0,0,18-APR-2022,
OPTSTK,CONCOR,26-May-2022,610.0,CE,0.0,0.0,0.0,28.4,78.35,0,0.0,0,0,18-APR-2022,
OPTSTK,CONCOR,26-May-2022,620.0,CE,0.0,0.0,0.0,25.4,71.1,0,0.0,0,0,18-APR-2022,
OPTSTK,CONCOR,26-May-2022,630.0,CE,0.0,0.0,0.0,22.7,64.2,0,0.0,0,0,18-APR-2022,
OPTSTK,CONCOR,26-May-2022,640.0,CE,0.0,0.0,0.0,20.25,57.8,0,0.0,0,0,18-APR-2022,
OPTSTK,CONCOR,26-May-2022,650.0,CE,0.0,0.0,0.0,18.05,51.75,0,0.0,0,0,18-APR-2022,
OPTSTK,CONCOR,26-May-2022,660.0,CE,0.0,0.0,0.0,16.0,46.15,0,0.0,0,0,18-APR-2022,
OPTSTK,CONCOR,26-May-2022,670.0,CE,0.0,0.0,0.0,14.15,41.0,0,0.0,0,0,18-APR-2022,
OPTSTK,CONCOR,26-May-2022,680.0,CE,0.0,0.0,0.0,12.55,36.25,0,0.0,0,0,18-APR-2022,
OPTSTK,CONCOR,26-May-2022,690.0,CE,0.0,0.0,0.0,60.6,31.9,0,0.0,800,0,18-APR-2022,
OPTSTK,CONCOR,26-May-2022,700.0,CE,23.4,31.0,23.4,31.0,27.95,8,46.47,8800,4800,18-APR-2022,
OPTSTK,CONCOR,26-May-2022,710.0,CE,0.0,0.0,0.0,50.0,24.4,0,0.0,800,0,18-APR-2022,
OPTSTK,CONCOR,26-May-2022,720.0,CE,0.0,0.0,0.0,7.55,21.2,0,0.0,0,0,18-APR-2022,
OPTSTK,CONCOR,26-May-2022,730.0,CE,19.05,19.05,19.05,19.05,18.35,1,5.99,1600,800,18-APR-2022,
OPTSTK,CONCOR,26-May-2022,740.0,CE,0.0,0.0,0.0,5.8,15.8,0,0.0,0,0,18-APR-2022,
OPTSTK,CONCOR,26-May-2022,750.0,CE,13.4,13.4,13.4,13.4,13.6,1,6.1,2400,0,18-APR-2022,
OPTSTK,CONCOR,26-May-2022,760.0,CE,0.0,0.0,0.0,4.45,11.6,0,0.0,0,0,18-APR-2022,
OPTSTK,CONCOR,26-May-2022,770.0,CE,0.0,0.0,0.0,3.85,9.9,0,0.0,0,0,18-APR-2022,
OPTSTK,CONCOR,26-May-2022,780.0,CE,0.0,0.0,0.0,3.35,8.4,0,0.0,0,0,18-APR-2022,
OPTSTK,CONCOR,26-May-2022,790.0,CE,0.0,0.0,0.0,2.95,7.1,0,0.0,0,0,18-APR-2022,
OPTSTK,CONCOR,26-May-2022,800.0,CE,5.0,5.0,5.0,5.0,5.95,1,6.44,800,800,18-APR-2022,
OPTSTK,CONCOR,26-May-2022,810.0,CE,0.0,0.0,0.0,2.2,5.0,0,0.0,0,0,18-APR-2022,
OPTSTK,CONCOR,26-May-2022,820.0,CE,0.0,0.0,0.0,1.0,4.2,0,0.0,0,0,18-APR-2022,
OPTSTK,CONCOR,26-May-2022,830.0,CE,0.0,0.0,0.0,2.5,3.5,0,0.0,0,0,18-APR-2022,
OPTSTK,CONCOR,26-May-2022,430.0,PE,0.0,0.0,0.0,4.4,0.05,0,0.0,0,0,18-APR-2022,
OPTSTK,CONCOR,26-May-2022,440.0,PE,0.0,0.0,0.0,5.6,0.05,0,0.0,0,0,18-APR-2022,
OPTSTK,CONCOR,26-May-2022,450.0,PE,0.0,0.0,0.0,7.1,0.05,0,0.0,0,0,18-APR-2022,
OPTSTK,CONCOR,26-May-2022,460.0,PE,0.0,0.0,0.0,8.8,0.1,0,0.0,0,0,18-APR-2022,
OPTSTK,CONCOR,26-May-2022,470.0,PE,0.0,0.0,0.0,10.8,0.15,0,0.0,0,0,18-APR-2022,
OPTSTK,CONCOR,26-May-2022,480.0,PE,0.0,0.0,0.0,13.1,0.2,0,0.0,0,0,18-APR-2022,
OPTSTK,CONCOR,26-May-2022,490.0,PE,0.0,0.0,0.0,15.7,0.35,0,0.0,0,0,18-APR-2022,
OPTSTK,CONCOR,26-May-2022,500.0,PE,0.0,0.0,0.0,18.65,0.5,0,0.0,0,0,18-APR-2022,
OPTSTK,CONCOR,26-May-2022,510.0,PE,0.0,0.0,0.0,21.9,0.75,0,0.0,0,0,18-APR-2022,
OPTSTK,CONCOR,26-May-2022,520.0,PE,0.0,0.0,0.0,25.5,1.05,0,0.0,0,0,18-APR-2022,
OPTSTK,CONCOR,26-May-2022,530.0,PE,0.0,0.0,0.0,29.5,1.45,0,0.0,0,0,18-APR-2022,
OPTSTK,CONCOR,26-May-2022,540.0,PE,0.0,0.0,0.0,33.85,2.05,0,0.0,0,0,18-APR-2022,
OPTSTK,CONCOR,26-May-2022,550.0,PE,0.0,0.0,0.0,38.5,2.75,0,0.0,0,0,18-APR-2022,
OPTSTK,CONCOR,26-May-2022,560.0,PE,0.0,0.0,0.0,43.55,3.65,0,0.0,0,0,18-APR-2022,
OPTSTK,CONCOR,26-May-2022,570.0,PE,0.0,0.0,0.0,48.95,4.8,0,0.0,0,0,18-APR-2022,
OPTSTK,CONCOR,26-May-2022,580.0,PE,0.0,0.0,0.0,54.65,6.2,0,0.0,0,0,18-APR-2022,
OPTSTK,CONCOR,26-May-2022,590.0,PE,0.0,0.0,0.0,60.7,7.9,0,0.0,0,0,18-APR-2022,
OPTSTK,CONCOR,26-May-2022,600.0,PE,9.0,9.0,9.0,9.0,9.9,1,4.87,800,800,18-APR-2022,
OPTSTK,CONCOR,26-May-2022,610.0,PE,0.0,0.0,0.0,73.65,12.3,0,0.0,0,0,18-APR-2022,
OPTSTK,CONCOR,26-May-2022,620.0,PE,0.0,0.0,0.0,80.55,15.0,0,0.0,0,0,18-APR-2022,
OPTSTK,CONCOR,26-May-2022,630.0,PE,0.0,0.0,0.0,87.75,18.1,0,0.0,0,0,18-APR-2022,
OPTSTK,CONCOR,26-May-2022,640.0,PE,0.0,0.0,0.0,95.2,21.6,0,0.0,0,0,18-APR-2022,
OPTSTK,CONCOR,26-May-2022,650.0,PE,0.0,0.0,0.0,102.85,25.55,0,0.0,0,0,18-APR-2022,
OPTSTK,CONCOR,26-May-2022,660.0,PE,0.0,0.0,0.0,110.75,29.9,0,0.0,0,0,18-APR-2022,
OPTSTK,CONCOR,26-May-2022,670.0,PE,0.0,0.0,0.0,118.8,34.7,0,0.0,0,0,18-APR-2022,
OPTSTK,CONCOR,26-May-2022,680.0,PE,36.0,36.0,36.0,36.0,39.9,1,5.72,2400,0,18-APR-2022,
OPTSTK,CONCOR,26-May-2022,690.0,PE,0.0,0.0,0.0,38.0,45.5,0,0.0,1600,0,18-APR-2022,
OPTSTK,CONCOR,26-May-2022,700.0,PE,0.0,0.0,0.0,46.0,51.5,0,0.0,800,0,18-APR-2022,
OPTSTK,CONCOR,26-May-2022,710.0,PE,0.0,0.0,0.0,152.8,57.9,0,0.0,0,0,18-APR-2022,
OPTSTK,CONCOR,26-May-2022,720.0,PE,0.0,0.0,0.0,161.65,64.65,0,0.0,0,0,18-APR-2022,
OPTSTK,CONCOR,26-May-2022,730.0,PE,0.0,0.0,0.0,170.65,71.75,0,0.0,0,0,18-APR-2022,
OPTSTK,CONCOR,26-May-2022,740.0,PE,0.0,0.0,0.0,179.7,79.2,0,0.0,0,0,18-APR-2022,
OPTSTK,CONCOR,26-May-2022,750.0,PE,0.0,0.0,0.0,188.9,86.95,0,0.0,0,0,18-APR-2022,
OPTSTK,CONCOR,26-May-2022,760.0,PE,0.0,0.0,0.0,198.15,94.9,0,0.0,0,0,18-APR-2022,
OPTSTK,CONCOR,26-May-2022,770.0,PE,0.0,0.0,0.0,207.45,103.15,0,0.0,0,0,18-APR-2022,
OPTSTK,CONCOR,26-May-2022,780.0,PE,0.0,0.0,0.0,216.85,111.6,0,0.0,0,0,18-APR-2022,
OPTSTK,CONCOR,26-May-2022,790.0,PE,0.0,0.0,0.0,226.3,120.25,0,0.0,0,0,18-APR-2022,
OPTSTK,CONCOR,26-May-2022,800.0,PE,0.0,0.0,0.0,235.85,129.1,0,0.0,0,0,18-APR-2022,
OPTSTK,CONCOR,26-May-2022,810.0,PE,0.0,0.0,0.0,245.4,138.1,0,0.0,0,0,18-APR-2022,
OPTSTK,CONCOR,26-May-2022,820.0,PE,0.0,0.0,0.0,255.0,147.2,0,0.0,0,0,18-APR-2022,
OPTSTK,CONCOR,26-May-2022,830.0,PE,0.0,0.0,0.0,245.5,156.45,0,0.0,0,0,18-APR-2022,
OPTSTK,CONCOR,30-Jun-2022,430.0,CE,0.0,0.0,0.0,247.45,247.35,0,0.0,0,0,18-APR-2022,
OPTSTK,CONCOR,30-Jun-2022,440.0,CE,0.0,0.0,0.0,237.85,237.6,0,0.0,0,0,18-APR-2022,
OPTSTK,CONCOR,30-Jun-2022,450.0,CE,0.0,0.0,0.0,228.3,227.85,0,0.0,0,0,18-APR-2022,
OPTSTK,CONCOR,30-Jun-2022,460.0,CE,0.0,0.0,0.0,218.8,218.2,0,0.0,0,0,18-APR-2022,
OPTSTK,CONCOR,30-Jun-2022,470.0,CE,0.0,0.0,0.0,209.45,208.65,0,0.0,0,0,18-APR-2022,
OPTSTK,CONCOR,30-Jun-2022,480.0,CE,0.0,0.0,0.0,200.2,199.15,0,0.0,0,0,18-APR-2022,
OPTSTK,CONCOR,30-Jun-2022,490.0,CE,0.0,0.0,0.0,191.05,189.75,0,0.0,0,0,18-APR-2022,
OPTSTK,CONCOR,30-Jun-2022,500.0,CE,0.0,0.0,0.0,182.05,180.45,0,0.0,0,0,18-APR-2022,
OPTSTK,CONCOR,30-Jun-2022,510.0,CE,0.0,0.0,0.0,173.2,171.35,0,0.0,0,0,18-APR-2022,
OPTSTK,CONCOR,30-Jun-2022,520.0,CE,0.0,0.0,0.0,164.55,162.35,0,0.0,0,0,18-APR-2022,
OPTSTK,CONCOR,30-Jun-2022,530.0,CE,0.0,0.0,0.0,156.05,153.55,0,0.0,0,0,18-APR-2022,
OPTSTK,CONCOR,30-Jun-2022,540.0,CE,0.0,0.0,0.0,147.8,144.95,0,0.0,0,0,18-APR-2022,
OPTSTK,CONCOR,30-Jun-2022,550.0,CE,0.0,0.0,0.0,139.7,136.55,0,0.0,0,0,18-APR-2022,
OPTSTK,CONCOR,30-Jun-2022,560.0,CE,0.0,0.0,0.0,131.85,128.35,0,0.0,0,0,18-APR-2022,
OPTSTK,CONCOR,30-Jun-2022,570.0,CE,0.0,0.0,0.0,124.25,120.45,0,0.0,0,0,18-APR-2022,
OPTSTK,CONCOR,30-Jun-2022,580.0,CE,0.0,0.0,0.0,116.95,112.75,0,0.0,0,0,18-APR-2022,
OPTSTK,CONCOR,30-Jun-2022,590.0,CE,0.0,0.0,0.0,109.85,105.35,0,0.0,0,0,18-APR-2022,
OPTSTK,CONCOR,30-Jun-2022,600.0,CE,0.0,0.0,0.0,103.0,98.25,0,0.0,0,0,18-APR-2022,
OPTSTK,CONCOR,30-Jun-2022,610.0,CE,0.0,0.0,0.0,96.4,91.4,0,0.0,0,0,18-APR-2022,
OPTSTK,CONCOR,30-Jun-2022,620.0,CE,0.0,0.0,0.0,90.15,84.85,0,0.0,0,0,18-APR-2022,
OPTSTK,CONCOR,30-Jun-2022,630.0,CE,0.0,0.0,0.0,84.1,78.6,0,0.0,0,0,18-APR-2022,
OPTSTK,CONCOR,30-Jun-2022,640.0,CE,0.0,0.0,0.0,78.4,72.7,0,0.0,0,0,18-APR-2022,
OPTSTK,CONCOR,30-Jun-2022,650.0,CE,0.0,0.0,0.0,72.95,67.1,0,0.0,0,0,18-APR-2022,
OPTSTK,CONCOR,30-Jun-2022,660.0,CE,0.0,0.0,0.0,67.75,61.8,0,0.0,0,0,18-APR-2022,
OPTSTK,CONCOR,30-Jun-2022,670.0,CE,0.0,0.0,0.0,62.85,56.8,0,0.0,0,0,18-APR-2022,
OPTSTK,CONCOR,30-Jun-2022,680.0,CE,0.0,0.0,0.0,58.25,52.1,0,0.0,0,0,18-APR-2022,
OPTSTK,CONCOR,30-Jun-2022,690.0,CE,0.0,0.0,0.0,53.85,47.7,0,0.0,0,0,18-APR-2022,
OPTSTK,CONCOR,30-Jun-2022,700.0,CE,0.0,0.0,0.0,49.75,43.6,0,0.0,0,0,18-APR-2022,
OPTSTK,CONCOR,30-Jun-2022,710.0,CE,0.0,0.0,0.0,45.9,39.75,0,0.0,0,0,18-APR-2022,
OPTSTK,CONCOR,30-Jun-2022,720.0,CE,0.0,0.0,0.0,42.3,36.2,0,0.0,0,0,18-APR-2022,
OPTSTK,CONCOR,30-Jun-2022,730.0,CE,0.0,0.0,0.0,38.9,32.9,0,0.0,0,0,18-APR-2022,
OPTSTK,CONCOR,30-Jun-2022,740.0,CE,0.0,0.0,0.0,35.75,29.85,0,0.0,0,0,18-APR-2022,
OPTSTK,CONCOR,30-Jun-2022,750.0,CE,0.0,0.0,0.0,32.8,27.05,0,0.0,0,0,18-APR-2022,
OPTSTK,CONCOR,30-Jun-2022,760.0,CE,0.0,0.0,0.0,30.05,24.5,0,0.0,0,0,18-APR-2022,
OPTSTK,CONCOR,30-Jun-2022,770.0,CE,0.0,0.0,0.0,27.55,22.1,0,0.0,0,0,18-APR-2022,
OPTSTK,CONCOR,30-Jun-2022,780.0,CE,0.0,0.0,0.0,25.2,19.95,0,0.0,0,0,18-APR-2022,
OPTSTK,CONCOR,30-Jun-2022,790.0,CE,0.0,0.0,0.0,23.0,17.9,0,0.0,0,0,18-APR-2022,
OPTSTK,CONCOR,30-Jun-2022,800.0,CE,0.0,0.0,0.0,21.0,16.1,0,0.0,0,0,18-APR-2022,
OPTSTK,CONCOR,30-Jun-2022,810.0,CE,0.0,0.0,0.0,19.15,14.45,0,0.0,0,0,18-APR-2022,
OPTSTK,CONCOR,30-Jun-2022,820.0,CE,0.0,0.0,0.0,17.4,12.95,0,0.0,0,0,18-APR-2022,
OPTSTK,CONCOR,30-Jun-2022,830.0,CE,0.0,0.0,0.0,15.85,11.6,0,0.0,0,0,18-APR-2022,
OPTSTK,CONCOR,30-Jun-2022,430.0,PE,0.0,0.0,0.0,0.8,0.35,0,0.0,0,0,18-APR-2022,
OPTSTK,CONCOR,30-Jun-2022,440.0,PE,0.0,0.0,0.0,1.05,0.5,0,0.0,0,0,18-APR-2022,
OPTSTK,CONCOR,30-Jun-2022,450.0,PE,0.0,0.0,0.0,1.4,0.7,0,0.0,0,0,18-APR-2022,
OPTSTK,CONCOR,30-Jun-2022,460.0,PE,0.0,0.0,0.0,1.85,0.95,0,0.0,0,0,18-APR-2022,
OPTSTK,CONCOR,30-Jun-2022,470.0,PE,0.0,0.0,0.0,2.35,1.3,0,0.0,0,0,18-APR-2022,
OPTSTK,CONCOR,30-Jun-2022,480.0,PE,0.0,0.0,0.0,3.0,1.7,0,0.0,0,0,18-APR-2022,
OPTSTK,CONCOR,30-Jun-2022,490.0,PE,0.0,0.0,0.0,3.75,2.25,0,0.0,0,0,18-APR-2022,
OPTSTK,CONCOR,30-Jun-2022,500.0,PE,0.0,0.0,0.0,4.65,2.9,0,0.0,0,0,18-APR-2022,
OPTSTK,CONCOR,30-Jun-2022,510.0,PE,0.0,0.0,0.0,5.7,3.65,0,0.0,0,0,18-APR-2022,
OPTSTK,CONCOR,30-Jun-2022,520.0,PE,0.0,0.0,0.0,6.9,4.6,0,0.0,0,0,18-APR-2022,
OPTSTK,CONCOR,30-Jun-2022,530.0,PE,0.0,0.0,0.0,8.35,5.7,0,0.0,0,0,18-APR-2022,
OPTSTK,CONCOR,30-Jun-2022,540.0,PE,0.0,0.0,0.0,9.95,7.0,0,0.0,0,0,18-APR-2022,
OPTSTK,CONCOR,30-Jun-2022,550.0,PE,0.0,0.0,0.0,11.8,8.55,0,0.0,0,0,18-APR-2022,
OPTSTK,CONCOR,30-Jun-2022,560.0,PE,0.0,0.0,0.0,13.85,10.25,0,0.0,0,0,18-APR-2022,
OPTSTK,CONCOR,30-Jun-2022,570.0,PE,0.0,0.0,0.0,16.15,12.25,0,0.0,0,0,18-APR-2022,
OPTSTK,CONCOR,30-Jun-2022,580.0,PE,0.0,0.0,0.0,18.7,14.5,0,0.0,0,0,18-APR-2022,
OPTSTK,CONCOR,30-Jun-2022,590.0,PE,0.0,0.0,0.0,21.5,17.05,0,0.0,0,0,18-APR-2022,
OPTSTK,CONCOR,30-Jun-2022,600.0,PE,0.0,0.0,0.0,24.55,19.8,0,0.0,0,0,18-APR-2022,
OPTSTK,CONCOR,30-Jun-2022,610.0,PE,0.0,0.0,0.0,27.85,22.85,0,0.0,0,0,18-APR-2022,
OPTSTK,CONCOR,30-Jun-2022,620.0,PE,0.0,0.0,0.0,31.45,26.25,0,0.0,0,0,18-APR-2022,
OPTSTK,CONCOR,30-Jun-2022,630.0,PE,0.0,0.0,0.0,35.35,29.95,0,0.0,0,0,18-APR-2022,
OPTSTK,CONCOR,30-Jun-2022,640.0,PE,0.0,0.0,0.0,39.5,33.95,0,0.0,0,0,18-APR-2022,
OPTSTK,CONCOR,30-Jun-2022,650.0,PE,0.0,0.0,0.0,43.95,38.25,0,0.0,0,0,18-APR-2022,
OPTSTK,CONCOR,30-Jun-2022,660.0,PE,0.0,0.0,0.0,48.7,42.85,0,0.0,0,0,18-APR-2022,
OPTSTK,CONCOR,30-Jun-2022,670.0,PE,48.95,48.95,48.95,48.95,48.95,1,5.75,800,800,18-APR-2022,
OPTSTK,CONCOR,30-Jun-2022,680.0,PE,0.0,0.0,0.0,49.8,53.0,0,0.0,2400,0,18-APR-2022,
OPTSTK,CONCOR,30-Jun-2022,690.0,PE,0.0,0.0,0.0,39.0,58.5,0,0.0,800,0,18-APR-2022,
OPTSTK,CONCOR,30-Jun-2022,700.0,PE,0.0,0.0,0.0,70.25,64.3,0,0.0,0,0,18-APR-2022,
OPTSTK,CONCOR,30-Jun-2022,710.0,PE,0.0,0.0,0.0,76.3,70.4,0,0.0,0,0,18-APR-2022,
OPTSTK,CONCOR,30-Jun-2022,720.0,PE,0.0,0.0,0.0,82.55,76.75,0,0.0,0,0,18-APR-2022,
OPTSTK,CONCOR,30-Jun-2022,730.0,PE,0.0,0.0,0.0,89.05,83.4,0,0.0,0,0,18-APR-2022,
OPTSTK,CONCOR,30-Jun-2022,740.0,PE,0.0,0.0,0.0,95.8,90.25,0,0.0,0,0,18-APR-2022,
OPTSTK,CONCOR,30-Jun-2022,750.0,PE,0.0,0.0,0.0,102.75,97.35,0,0.0,0,0,18-APR-2022,
OPTSTK,CONCOR,30-Jun-2022,760.0,PE,0.0,0.0,0.0,109.9,104.7,0,0.0,0,0,18-APR-2022,
OPTSTK,CONCOR,30-Jun-2022,770.0,PE,0.0,0.0,0.0,117.3,112.25,0,0.0,0,0,18-APR-2022,
OPTSTK,CONCOR,30-Jun-2022,780.0,PE,0.0,0.0,0.0,124.85,120.0,0,0.0,0,0,18-APR-2022,
OPTSTK,CONCOR,30-Jun-2022,790.0,PE,0.0,0.0,0.0,132.55,127.9,0,0.0,0,0,18-APR-2022,
OPTSTK,CONCOR,30-Jun-2022,800.0,PE,0.0,0.0,0.0,140.45,136.0,0,0.0,0,0,18-APR-2022,
OPTSTK,CONCOR,30-Jun-2022,810.0,PE,0.0,0.0,0.0,148.45,144.25,0,0.0,0,0,18-APR-2022,
OPTSTK,CONCOR,30-Jun-2022,820.0,PE,0.0,0.0,0.0,156.65,152.65,0,0.0,0,0,18-APR-2022,
OPTSTK,CONCOR,30-Jun-2022,830.0,PE,0.0,0.0,0.0,164.95,161.2,0,0.0,0,0,18-APR-2022,
OPTSTK,COROMANDEL,28-Apr-2022,550.0,CE,0.0,0.0,0.0,215.95,306.65,0,0.0,0,0,18-APR-2022,
OPTSTK,COROMANDEL,28-Apr-2022,560.0,CE,0.0,0.0,0.0,206.4,296.65,0,0.0,0,0,18-APR-2022,
OPTSTK,COROMANDEL,28-Apr-2022,570.0,CE,0.0,0.0,0.0,196.9,286.65,0,0.0,0,0,18-APR-2022,
OPTSTK,COROMANDEL,28-Apr-2022,580.0,CE,0.0,0.0,0.0,187.55,276.65,0,0.0,0,0,18-APR-2022,
OPTSTK,COROMANDEL,28-Apr-2022,590.0,CE,0.0,0.0,0.0,178.25,266.7,0,0.0,0,0,18-APR-2022,
OPTSTK,COROMANDEL,28-Apr-2022,600.0,CE,0.0,0.0,0.0,169.15,256.7,0,0.0,0,0,18-APR-2022,
OPTSTK,COROMANDEL,28-Apr-2022,610.0,CE,0.0,0.0,0.0,160.2,246.7,0,0.0,0,0,18-APR-2022,
OPTSTK,COROMANDEL,28-Apr-2022,620.0,CE,0.0,0.0,0.0,151.4,236.7,0,0.0,0,0,18-APR-2022,
OPTSTK,COROMANDEL,28-Apr-2022,630.0,CE,0.0,0.0,0.0,142.75,226.75,0,0.0,0,0,18-APR-2022,
OPTSTK,COROMANDEL,28-Apr-2022,640.0,CE,0.0,0.0,0.0,134.35,216.75,0,0.0,0,0,18-APR-2022,
OPTSTK,COROMANDEL,28-Apr-2022,650.0,CE,0.0,0.0,0.0,126.15,206.75,0,0.0,0,0,18-APR-2022,
OPTSTK,COROMANDEL,28-Apr-2022,660.0,CE,0.0,0.0,0.0,118.25,196.75,0,0.0,0,0,18-APR-2022,
OPTSTK,COROMANDEL,28-Apr-2022,670.0,CE,0.0,0.0,0.0,110.55,186.75,0,0.0,0,0,18-APR-2022,
OPTSTK,COROMANDEL,28-Apr-2022,680.0,CE,0.0,0.0,0.0,103.15,176.8,0,0.0,0,0,18-APR-2022,
OPTSTK,COROMANDEL,28-Apr-2022,690.0,CE,0.0,0.0,0.0,96.0,166.8,0,0.0,0,0,18-APR-2022,
OPTSTK,COROMANDEL,28-Apr-2022,700.0,CE,0.0,0.0,0.0,89.1,156.8,0,0.0,0,0,18-APR-2022,
OPTSTK,COROMANDEL,28-Apr-2022,710.0,CE,0.0,0.0,0.0,82.55,146.85,0,0.0,0,0,18-APR-2022,
OPTSTK,COROMANDEL,28-Apr-2022,720.0,CE,0.0,0.0,0.0,76.35,136.85,0,0.0,0,0,18-APR-2022,
OPTSTK,COROMANDEL,28-Apr-2022,730.0,CE,0.0,0.0,0.0,70.4,126.9,0,0.0,0,0,18-APR-2022,
OPTSTK,COROMANDEL,28-Apr-2022,740.0,CE,0.0,0.0,0.0,64.8,116.95,0,0.0,0,0,18-APR-2022,
OPTSTK,COROMANDEL,28-Apr-2022,750.0,CE,0.0,0.0,0.0,59.5,107.05,0,0.0,0,0,18-APR-2022,
OPTSTK,COROMANDEL,28-Apr-2022,760.0,CE,0.0,0.0,0.0,54.5,97.25,0,0.0,0,0,18-APR-2022,
OPTSTK,COROMANDEL,28-Apr-2022,770.0,CE,0.0,0.0,0.0,49.8,87.55,0,0.0,0,0,18-APR-2022,
OPTSTK,COROMANDEL,28-Apr-2022,780.0,CE,0.0,0.0,0.0,45.45,78.0,0,0.0,0,0,18-APR-2022,
OPTSTK,COROMANDEL,28-Apr-2022,790.0,CE,69.4,69.4,69.4,69.4,68.75,1,5.37,20000,-625,18-APR-2022,
OPTSTK,COROMANDEL,28-Apr-2022,800.0,CE,43.45,65.65,43.45,62.25,62.25,15,80.31,23750,-2500,18-APR-2022,
OPTSTK,COROMANDEL,28-Apr-2022,810.0,CE,40.0,40.0,40.0,40.0,51.35,1,5.31,5000,0,18-APR-2022,
OPTSTK,COROMANDEL,28-Apr-2022,820.0,CE,30.6,50.0,29.0,47.05,47.05,23,123.8,48125,-5000,18-APR-2022,
OPTSTK,COROMANDEL,28-Apr-2022,830.0,CE,25.05,43.95,23.9,40.3,40.3,45,243.87,40625,-11250,18-APR-2022,
OPTSTK,COROMANDEL,28-Apr-2022,840.0,CE,17.65,37.95,17.5,33.95,33.95,156,848.2,64375,-16875,18-APR-2022,
OPTSTK,COROMANDEL,28-Apr-2022,850.0,CE,14.7,32.0,13.25,28.2,28.2,1846,10112.06,135625,33750,18-APR-2022,
OPTSTK,COROMANDEL,28-Apr-2022,860.0,CE,13.6,27.0,10.95,23.05,23.05,988,5452.6,98750,41875,18-APR-2022,
OPTSTK,COROMANDEL,28-Apr-2022,870.0,CE,10.7,22.0,7.8,18.8,18.8,139,771.65,36250,17500,18-APR-2022,
OPTSTK,COROMANDEL,28-Apr-2022,880.0,CE,7.6,18.25,6.2,15.15,15.15,112,626.46,26250,8750,18-APR-2022,
OPTSTK,COROMANDEL,28-Apr-2022,890.0,CE,4.85,14.85,4.85,12.3,12.3,26,146.42,6875,3125,18-APR-2022,
OPTSTK,COROMANDEL,28-Apr-2022,900.0,CE,5.2,12.8,3.6,9.95,9.95,581,3302.62,85625,3125,18-APR-2022,
OPTSTK,COROMANDEL,28-Apr-2022,910.0,CE,9.4,9.4,9.4,9.4,4.2,1,5.74,1250,625,18-APR-2022,
OPTSTK,COROMANDEL,28-Apr-2022,920.0,CE,5.1,8.25,3.45,5.85,5.85,18,104.2,8750,2500,18-APR-2022,
OPTSTK,COROMANDEL,28-Apr-2022,930.0,CE,0.0,0.0,0.0,3.5,2.0,0,0.0,625,0,18-APR-2022,
OPTSTK,COROMANDEL,28-Apr-2022,940.0,CE,0.0,0.0,0.0,7.95,1.35,0,0.0,0,0,18-APR-2022,
OPTSTK,COROMANDEL,28-Apr-2022,950.0,CE,1.5,4.0,1.5,2.7,2.7,33,196.6,10625,1875,18-APR-2022,
OPTSTK,COROMANDEL,28-Apr-2022,960.0,CE,0.0,0.0,0.0,6.2,0.55,0,0.0,0,0,18-APR-2022,
OPTSTK,COROMANDEL,28-Apr-2022,970.0,CE,0.0,0.0,0.0,5.45,0.35,0,0.0,0,0,18-APR-2022,
OPTSTK,COROMANDEL,28-Apr-2022,980.0,CE,0.0,0.0,0.0,4.8,0.25,0,0.0,0,0,18-APR-2022,
OPTSTK,COROMANDEL,28-Apr-2022,990.0,CE,0.0,0.0,0.0,4.2,0.15,0,0.0,0,0,18-APR-2022,
OPTSTK,COROMANDEL,28-Apr-2022,1000.0,CE,0.0,0.0,0.0,3.7,0.1,0,0.0,0,0,18-APR-2022,
OPTSTK,COROMANDEL,28-Apr-2022,1010.0,CE,0.0,0.0,0.0,3.2,0.05,0,0.0,0,0,18-APR-2022,
OPTSTK,COROMANDEL,28-Apr-2022,1020.0,CE,0.0,0.0,0.0,2.8,0.05,0,0.0,0,0,18-APR-2022,
OPTSTK,COROMANDEL,28-Apr-2022,1030.0,CE,0.0,0.0,0.0,2.45,0.05,0,0.0,0,0,18-APR-2022,
OPTSTK,COROMANDEL,28-Apr-2022,1040.0,CE,0.0,0.0,0.0,0.15,0.05,0,0.0,625,0,18-APR-2022,
OPTSTK,COROMANDEL,28-Apr-2022,1050.0,CE,0.0,0.0,0.0,0.15,0.0,0,0.0,0,0,18-APR-2022,
OPTSTK,COROMANDEL,28-Apr-2022,550.0,PE,0.0,0.0,0.0,1.0,0.0,0,0.0,0,0,18-APR-2022,
OPTSTK,COROMANDEL,28-Apr-2022,560.0,PE,0.0,0.0,0.0,1.35,0.0,0,0.0,0,0,18-APR-2022,
OPTSTK,COROMANDEL,28-Apr-2022,570.0,PE,0.0,0.0,0.0,1.75,0.0,0,0.0,0,0,18-APR-2022,
OPTSTK,COROMANDEL,28-Apr-2022,580.0,PE,0.0,0.0,0.0,2.3,0.0,0,0.0,0,0,18-APR-2022,
OPTSTK,COROMANDEL,28-Apr-2022,590.0,PE,0.0,0.0,0.0,2.95,0.0,0,0.0,0,0,18-APR-2022,
OPTSTK,COROMANDEL,28-Apr-2022,600.0,PE,0.0,0.0,0.0,3.7,0.0,0,0.0,0,0,18-APR-2022,
OPTSTK,COROMANDEL,28-Apr-2022,610.0,PE,0.0,0.0,0.0,4.6,0.0,0,0.0,0,0,18-APR-2022,
OPTSTK,COROMANDEL,28-Apr-2022,620.0,PE,0.0,0.0,0.0,5.7,0.0,0,0.0,0,0,18-APR-2022,
OPTSTK,COROMANDEL,28-Apr-2022,630.0,PE,0.0,0.0,0.0,7.0,0.0,0,0.0,0,0,18-APR-2022,
OPTSTK,COROMANDEL,28-Apr-2022,640.0,PE,0.0,0.0,0.0,8.5,0.0,0,0.0,0,0,18-APR-2022,
OPTSTK,COROMANDEL,28-Apr-2022,650.0,PE,0.0,0.0,0.0,10.2,0.0,0,0.0,0,0,18-APR-2022,
OPTSTK,COROMANDEL,28-Apr-2022,660.0,PE,0.0,0.0,0.0,12.15,0.0,0,0.0,0,0,18-APR-2022,
OPTSTK,COROMANDEL,28-Apr-2022,670.0,PE,0.0,0.0,0.0,14.35,0.0,0,0.0,0,0,18-APR-2022,
OPTSTK,COROMANDEL,28-Apr-2022,680.0,PE,0.0,0.0,0.0,16.85,0.0,0,0.0,0,0,18-APR-2022,
OPTSTK,COROMANDEL,28-Apr-2022,690.0,PE,0.0,0.0,0.0,19.6,0.0,0,0.0,0,0,18-APR-2022,
OPTSTK,COROMANDEL,28-Apr-2022,700.0,PE,1.0,4.4,0.3,0.6,0.6,23,100.82,15000,1875,18-APR-2022,
OPTSTK,COROMANDEL,28-Apr-2022,710.0,PE,0.0,0.0,0.0,26.0,0.05,0,0.0,0,0,18-APR-2022,
OPTSTK,COROMANDEL,28-Apr-2022,720.0,PE,0.0,0.0,0.0,5.05,0.05,0,0.0,1875,0,18-APR-2022,
OPTSTK,COROMANDEL,28-Apr-2022,730.0,PE,0.0,0.0,0.0,33.6,0.05,0,0.0,0,0,18-APR-2022,
OPTSTK,COROMANDEL,28-Apr-2022,740.0,PE,0.0,0.0,0.0,37.9,0.1,0,0.0,0,0,18-APR-2022,
OPTSTK,COROMANDEL,28-Apr-2022,750.0,PE,1.7,1.75,1.7,1.75,0.2,3,14.09,11250,-1250,18-APR-2022,
OPTSTK,COROMANDEL,28-Apr-2022,760.0,PE,3.0,7.2,1.75,2.6,0.4,11,52.51,15625,-1250,18-APR-2022,
OPTSTK,COROMANDEL,28-Apr-2022,770.0,PE,0.0,0.0,0.0,10.6,0.65,0,0.0,625,0,18-APR-2022,
OPTSTK,COROMANDEL,28-Apr-2022,780.0,PE,0.0,0.0,0.0,10.0,1.15,0,0.0,3125,0,18-APR-2022,
OPTSTK,COROMANDEL,28-Apr-2022,790.0,PE,0.0,0.0,0.0,16.35,1.85,0,0.0,2500,0,18-APR-2022,
OPTSTK,COROMANDEL,28-Apr-2022,800.0,PE,7.6,9.85,4.5,5.3,5.3,49,246.95,46250,8750,18-APR-2022,
OPTSTK,COROMANDEL,28-Apr-2022,810.0,PE,4.2,8.95,4.2,6.35,4.45,9,45.93,5000,5000,18-APR-2022,
OPTSTK,COROMANDEL,28-Apr-2022,820.0,PE,17.45,18.0,6.6,12.85,12.85,50,259.81,23750,0,18-APR-2022,
OPTSTK,COROMANDEL,28-Apr-2022,830.0,PE,16.65,16.65,10.1,11.0,11.0,9,47.37,13750,625,18-APR-2022,
OPTSTK,COROMANDEL,28-Apr-2022,840.0,PE,24.55,24.55,13.25,13.25,12.6,7,37.59,7500,-625,18-APR-2022,
OPTSTK,COROMANDEL,28-Apr-2022,850.0,PE,28.5,28.5,17.45,19.25,19.25,23,125.39,8125,6250,18-APR-2022,
OPTSTK,COROMANDEL,28-Apr-2022,860.0,PE,0.0,0.0,0.0,112.05,21.7,0,0.0,0,0,18-APR-2022,
OPTSTK,COROMANDEL,28-Apr-2022,870.0,PE,0.0,0.0,0.0,119.85,27.45,0,0.0,0,0,18-APR-2022,
OPTSTK,COROMANDEL,28-Apr-2022,880.0,PE,0.0,0.0,0.0,127.8,33.9,0,0.0,0,0,18-APR-2022,
OPTSTK,COROMANDEL,28-Apr-2022,890.0,PE,0.0,0.0,0.0,135.95,41.15,0,0.0,0,0,18-APR-2022,
OPTSTK,COROMANDEL,28-Apr-2022,900.0,PE,0.0,0.0,0.0,64.0,48.85,0,0.0,0,0,18-APR-2022,
OPTSTK,COROMANDEL,28-Apr-2022,910.0,PE,0.0,0.0,0.0,152.75,57.15,0,0.0,0,0,18-APR-2022,
OPTSTK,COROMANDEL,28-Apr-2022,920.0,PE,0.0,0.0,0.0,161.35,65.9,0,0.0,0,0,18-APR-2022,
OPTSTK,COROMANDEL,28-Apr-2022,930.0,PE,0.0,0.0,0.0,170.1,74.95,0,0.0,0,0,18-APR-2022,
OPTSTK,COROMANDEL,28-Apr-2022,940.0,PE,0.0,0.0,0.0,178.95,84.3,0,0.0,0,0,18-APR-2022,
OPTSTK,COROMANDEL,28-Apr-2022,950.0,PE,0.0,0.0,0.0,187.9,93.8,0,0.0,0,0,18-APR-2022,
OPTSTK,COROMANDEL,28-Apr-2022,960.0,PE,0.0,0.0,0.0,197.0,103.5,0,0.0,0,0,18-APR-2022,
OPTSTK,COROMANDEL,28-Apr-2022,970.0,PE,0.0,0.0,0.0,206.15,113.25,0,0.0,0,0,18-APR-2022,
OPTSTK,COROMANDEL,28-Apr-2022,980.0,PE,0.0,0.0,0.0,215.4,123.15,0,0.0,0,0,18-APR-2022,
OPTSTK,COROMANDEL,28-Apr-2022,990.0,PE,0.0,0.0,0.0,224.7,133.05,0,0.0,0,0,18-APR-2022,
OPTSTK,COROMANDEL,28-Apr-2022,1000.0,PE,0.0,0.0,0.0,234.05,142.95,0,0.0,0,0,18-APR-2022,
OPTSTK,COROMANDEL,28-Apr-2022,1010.0,PE,0.0,0.0,0.0,243.5,152.95,0,0.0,0,0,18-APR-2022,
OPTSTK,COROMANDEL,28-Apr-2022,1020.0,PE,0.0,0.0,0.0,253.0,162.9,0,0.0,0,0,18-APR-2022,
OPTSTK,COROMANDEL,28-Apr-2022,1030.0,PE,0.0,0.0,0.0,262.55,172.85,0,0.0,0,0,18-APR-2022,
OPTSTK,COROMANDEL,28-Apr-2022,1040.0,PE,0.0,0.0,0.0,272.1,182.85,0,0.0,0,0,18-APR-2022,
OPTSTK,COROMANDEL,28-Apr-2022,1050.0,PE,0.0,0.0,0.0,281.75,192.85,0,0.0,0,0,18-APR-2022,
OPTSTK,COROMANDEL,26-May-2022,550.0,CE,0.0,0.0,0.0,191.35,308.45,0,0.0,0,0,18-APR-2022,
OPTSTK,COROMANDEL,26-May-2022,560.0,CE,0.0,0.0,0.0,181.95,298.5,0,0.0,0,0,18-APR-2022,
OPTSTK,COROMANDEL,26-May-2022,570.0,CE,0.0,0.0,0.0,172.75,288.55,0,0.0,0,0,18-APR-2022,
OPTSTK,COROMANDEL,26-May-2022,580.0,CE,0.0,0.0,0.0,163.6,278.6,0,0.0,0,0,18-APR-2022,
OPTSTK,COROMANDEL,26-May-2022,590.0,CE,0.0,0.0,0.0,154.65,268.65,0,0.0,0,0,18-APR-2022,
OPTSTK,COROMANDEL,26-May-2022,600.0,CE,0.0,0.0,0.0,145.9,258.7,0,0.0,0,0,18-APR-2022,
OPTSTK,COROMANDEL,26-May-2022,610.0,CE,0.0,0.0,0.0,137.35,248.75,0,0.0,0,0,18-APR-2022,
OPTSTK,COROMANDEL,26-May-2022,620.0,CE,0.0,0.0,0.0,128.95,238.8,0,0.0,0,0,18-APR-2022,
OPTSTK,COROMANDEL,26-May-2022,630.0,CE,0.0,0.0,0.0,120.85,228.9,0,0.0,0,0,18-APR-2022,
OPTSTK,COROMANDEL,26-May-2022,640.0,CE,0.0,0.0,0.0,112.95,219.0,0,0.0,0,0,18-APR-2022,
OPTSTK,COROMANDEL,26-May-2022,650.0,CE,0.0,0.0,0.0,105.35,209.1,0,0.0,0,0,18-APR-2022,
OPTSTK,COROMANDEL,26-May-2022,660.0,CE,0.0,0.0,0.0,98.05,199.25,0,0.0,0,0,18-APR-2022,
OPTSTK,COROMANDEL,26-May-2022,670.0,CE,0.0,0.0,0.0,91.0,189.45,0,0.0,0,0,18-APR-2022,
OPTSTK,COROMANDEL,26-May-2022,680.0,CE,0.0,0.0,0.0,84.25,179.7,0,0.0,0,0,18-APR-2022,
OPTSTK,COROMANDEL,26-May-2022,690.0,CE,0.0,0.0,0.0,77.85,170.0,0,0.0,0,0,18-APR-2022,
OPTSTK,COROMANDEL,26-May-2022,700.0,CE,0.0,0.0,0.0,71.75,160.4,0,0.0,0,0,18-APR-2022,
OPTSTK,COROMANDEL,26-May-2022,710.0,CE,0.0,0.0,0.0,65.95,150.9,0,0.0,0,0,18-APR-2022,
OPTSTK,COROMANDEL,26-May-2022,720.0,CE,0.0,0.0,0.0,60.5,141.55,0,0.0,0,0,18-APR-2022,
OPTSTK,COROMANDEL,26-May-2022,730.0,CE,0.0,0.0,0.0,55.35,132.4,0,0.0,0,0,18-APR-2022,
OPTSTK,COROMANDEL,26-May-2022,740.0,CE,0.0,0.0,0.0,50.55,123.4,0,0.0,0,0,18-APR-2022,
OPTSTK,COROMANDEL,26-May-2022,750.0,CE,0.0,0.0,0.0,46.05,114.6,0,0.0,0,0,18-APR-2022,
OPTSTK,COROMANDEL,26-May-2022,760.0,CE,0.0,0.0,0.0,41.85,106.05,0,0.0,0,0,18-APR-2022,
OPTSTK,COROMANDEL,26-May-2022,770.0,CE,0.0,0.0,0.0,37.95,97.75,0,0.0,0,0,18-APR-2022,
OPTSTK,COROMANDEL,26-May-2022,780.0,CE,0.0,0.0,0.0,34.3,89.8,0,0.0,0,0,18-APR-2022,
OPTSTK,COROMANDEL,26-May-2022,790.0,CE,0.0,0.0,0.0,30.95,82.1,0,0.0,0,0,18-APR-2022,
OPTSTK,COROMANDEL,26-May-2022,800.0,CE,0.0,0.0,0.0,27.9,74.85,0,0.0,0,0,18-APR-2022,
OPTSTK,COROMANDEL,26-May-2022,810.0,CE,0.0,0.0,0.0,25.05,67.85,0,0.0,0,0,18-APR-2022,
OPTSTK,COROMANDEL,26-May-2022,820.0,CE,49.9,50.0,49.9,50.0,61.3,3,16.31,3125,625,18-APR-2022,
OPTSTK,COROMANDEL,26-May-2022,830.0,CE,0.0,0.0,0.0,20.15,55.15,0,0.0,0,0,18-APR-2022,
OPTSTK,COROMANDEL,26-May-2022,840.0,CE,0.0,0.0,0.0,52.0,49.4,0,0.0,1250,0,18-APR-2022,
OPTSTK,COROMANDEL,26-May-2022,850.0,CE,0.0,0.0,0.0,40.05,44.05,0,0.0,1250,0,18-APR-2022,
OPTSTK,COROMANDEL,26-May-2022,860.0,CE,0.0,0.0,0.0,14.3,39.1,0,0.0,0,0,18-APR-2022,
OPTSTK,COROMANDEL,26-May-2022,870.0,CE,0.0,0.0,0.0,12.7,34.55,0,0.0,0,0,18-APR-2022,
OPTSTK,COROMANDEL,26-May-2022,880.0,CE,0.0,0.0,0.0,11.25,30.4,0,0.0,0,0,18-APR-2022,
OPTSTK,COROMANDEL,26-May-2022,890.0,CE,0.0,0.0,0.0,9.95,26.6,0,0.0,0,0,18-APR-2022,
OPTSTK,COROMANDEL,26-May-2022,900.0,CE,21.0,21.0,21.0,21.0,23.2,1,5.75,625,625,18-APR-2022,
OPTSTK,COROMANDEL,26-May-2022,910.0,CE,0.0,0.0,0.0,7.75,20.15,0,0.0,0,0,18-APR-2022,
OPTSTK,COROMANDEL,26-May-2022,920.0,CE,0.0,0.0,0.0,6.85,17.4,0,0.0,0,0,18-APR-2022,
OPTSTK,COROMANDEL,26-May-2022,930.0,CE,0.0,0.0,0.0,6.0,15.05,0,0.0,0,0,18-APR-2022,
OPTSTK,COROMANDEL,26-May-2022,940.0,CE,0.0,0.0,0.0,5.25,12.85,0,0.0,0,0,18-APR-2022,
OPTSTK,COROMANDEL,26-May-2022,950.0,CE,0.0,0.0,0.0,4.6,11.0,0,0.0,0,0,18-APR-2022,
OPTSTK,COROMANDEL,26-May-2022,960.0,CE,0.0,0.0,0.0,4.05,9.35,0,0.0,0,0,18-APR-2022,
OPTSTK,COROMANDEL,26-May-2022,970.0,CE,0.0,0.0,0.0,3.55,7.9,0,0.0,0,0,18-APR-2022,
OPTSTK,COROMANDEL,26-May-2022,980.0,CE,0.0,0.0,0.0,3.1,6.65,0,0.0,0,0,18-APR-2022,
OPTSTK,COROMANDEL,26-May-2022,990.0,CE,0.0,0.0,0.0,2.7,5.6,0,0.0,0,0,18-APR-2022,
OPTSTK,COROMANDEL,26-May-2022,1000.0,CE,0.0,0.0,0.0,1.0,4.7,0,0.0,0,0,18-APR-2022,
OPTSTK,COROMANDEL,26-May-2022,1010.0,CE,0.0,0.0,0.0,2.05,3.9,0,0.0,0,0,18-APR-2022,
OPTSTK,COROMANDEL,26-May-2022,1020.0,CE,0.0,0.0,0.0,1.75,3.25,0,0.0,0,0,18-APR-2022,
OPTSTK,COROMANDEL,26-May-2022,1030.0,CE,0.0,0.0,0.0,1.55,2.7,0,0.0,0,0,18-APR-2022,
OPTSTK,COROMANDEL,26-May-2022,550.0,PE,0.0,0.0,0.0,1.75,0.0,0,0.0,0,0,18-APR-2022,
OPTSTK,COROMANDEL,26-May-2022,560.0,PE,0.0,0.0,0.0,2.25,0.0,0,0.0,0,0,18-APR-2022,
OPTSTK,COROMANDEL,26-May-2022,570.0,PE,0.0,0.0,0.0,2.9,0.0,0,0.0,0,0,18-APR-2022,
OPTSTK,COROMANDEL,26-May-2022,580.0,PE,0.0,0.0,0.0,3.7,0.05,0,0.0,0,0,18-APR-2022,
OPTSTK,COROMANDEL,26-May-2022,590.0,PE,0.0,0.0,0.0,4.65,0.05,0,0.0,0,0,18-APR-2022,
OPTSTK,COROMANDEL,26-May-2022,600.0,PE,0.0,0.0,0.0,5.75,0.05,0,0.0,0,0,18-APR-2022,
OPTSTK,COROMANDEL,26-May-2022,610.0,PE,0.0,0.0,0.0,7.1,0.05,0,0.0,0,0,18-APR-2022,
OPTSTK,COROMANDEL,26-May-2022,620.0,PE,0.0,0.0,0.0,8.65,0.05,0,0.0,0,0,18-APR-2022,
OPTSTK,COROMANDEL,26-May-2022,630.0,PE,0.0,0.0,0.0,10.4,0.1,0,0.0,0,0,18-APR-2022,
OPTSTK,COROMANDEL,26-May-2022,640.0,PE,0.0,0.0,0.0,12.4,0.15,0,0.0,0,0,18-APR-2022,
OPTSTK,COROMANDEL,26-May-2022,650.0,PE,0.0,0.0,0.0,14.7,0.25,0,0.0,0,0,18-APR-2022,
OPTSTK,COROMANDEL,26-May-2022,660.0,PE,0.0,0.0,0.0,17.3,0.35,0,0.0,0,0,18-APR-2022,
OPTSTK,COROMANDEL,26-May-2022,670.0,PE,0.0,0.0,0.0,20.15,0.5,0,0.0,0,0,18-APR-2022,
OPTSTK,COROMANDEL,26-May-2022,680.0,PE,0.0,0.0,0.0,23.3,0.7,0,0.0,0,0,18-APR-2022,
OPTSTK,COROMANDEL,26-May-2022,690.0,PE,0.0,0.0,0.0,26.75,0.95,0,0.0,0,0,18-APR-2022,
OPTSTK,COROMANDEL,26-May-2022,700.0,PE,0.0,0.0,0.0,30.55,1.3,0,0.0,0,0,18-APR-2022,
OPTSTK,COROMANDEL,26-May-2022,710.0,PE,0.0,0.0,0.0,34.7,1.8,0,0.0,0,0,18-APR-2022,
OPTSTK,COROMANDEL,26-May-2022,720.0,PE,0.0,0.0,0.0,39.1,2.4,0,0.0,0,0,18-APR-2022,
OPTSTK,COROMANDEL,26-May-2022,730.0,PE,0.0,0.0,0.0,43.85,3.15,0,0.0,0,0,18-APR-2022,
OPTSTK,COROMANDEL,26-May-2022,740.0,PE,0.0,0.0,0.0,48.95,4.1,0,0.0,0,0,18-APR-2022,
OPTSTK,COROMANDEL,26-May-2022,750.0,PE,0.0,0.0,0.0,54.35,5.3,0,0.0,0,0,18-APR-2022,
OPTSTK,COROMANDEL,26-May-2022,760.0,PE,0.0,0.0,0.0,60.05,6.7,0,0.0,0,0,18-APR-2022,
OPTSTK,COROMANDEL,26-May-2022,770.0,PE,0.0,0.0,0.0,66.0,8.35,0,0.0,0,0,18-APR-2022,
OPTSTK,COROMANDEL,26-May-2022,780.0,PE,0.0,0.0,0.0,72.3,10.35,0,0.0,0,0,18-APR-2022,
OPTSTK,COROMANDEL,26-May-2022,790.0,PE,0.0,0.0,0.0,78.85,12.65,0,0.0,0,0,18-APR-2022,
OPTSTK,COROMANDEL,26-May-2022,800.0,PE,0.0,0.0,0.0,85.65,15.3,0,0.0,0,0,18-APR-2022,
OPTSTK,COROMANDEL,26-May-2022,810.0,PE,0.0,0.0,0.0,92.75,18.3,0,0.0,0,0,18-APR-2022,
OPTSTK,COROMANDEL,26-May-2022,820.0,PE,0.0,0.0,0.0,100.1,21.7,0,0.0,0,0,18-APR-2022,
OPTSTK,COROMANDEL,26-May-2022,830.0,PE,0.0,0.0,0.0,38.6,25.45,0,0.0,1875,0,18-APR-2022,
OPTSTK,COROMANDEL,26-May-2022,840.0,PE,0.0,0.0,0.0,115.4,29.65,0,0.0,0,0,18-APR-2022,
OPTSTK,COROMANDEL,26-May-2022,850.0,PE,0.0,0.0,0.0,123.3,34.3,0,0.0,0,0,18-APR-2022,
OPTSTK,COROMANDEL,26-May-2022,860.0,PE,0.0,0.0,0.0,131.45,39.3,0,0.0,0,0,18-APR-2022,
OPTSTK,COROMANDEL,26-May-2022,870.0,PE,0.0,0.0,0.0,139.75,44.7,0,0.0,0,0,18-APR-2022,
OPTSTK,COROMANDEL,26-May-2022,880.0,PE,0.0,0.0,0.0,148.2,50.5,0,0.0,0,0,18-APR-2022,
OPTSTK,COROMANDEL,26-May-2022,890.0,PE,0.0,0.0,0.0,156.8,56.7,0,0.0,0,0,18-APR-2022,
OPTSTK,COROMANDEL,26-May-2022,900.0,PE,0.0,0.0,0.0,165.5,63.25,0,0.0,0,0,18-APR-2022,
OPTSTK,COROMANDEL,26-May-2022,910.0,PE,0.0,0.0,0.0,174.4,70.15,0,0.0,0,0,18-APR-2022,
OPTSTK,COROMANDEL,26-May-2022,920.0,PE,0.0,0.0,0.0,183.35,77.35,0,0.0,0,0,18-APR-2022,
OPTSTK,COROMANDEL,26-May-2022,930.0,PE,0.0,0.0,0.0,192.4,84.95,0,0.0,0,0,18-APR-2022,
OPTSTK,COROMANDEL,26-May-2022,940.0,PE,0.0,0.0,0.0,201.6,92.7,0,0.0,0,0,18-APR-2022,
OPTSTK,COROMANDEL,26-May-2022,950.0,PE,0.0,0.0,0.0,210.8,100.8,0,0.0,0,0,18-APR-2022,
OPTSTK,COROMANDEL,26-May-2022,960.0,PE,0.0,0.0,0.0,220.15,109.1,0,0.0,0,0,18-APR-2022,
OPTSTK,COROMANDEL,26-May-2022,970.0,PE,0.0,0.0,0.0,229.55,117.65,0,0.0,0,0,18-APR-2022,
OPTSTK,COROMANDEL,26-May-2022,980.0,PE,0.0,0.0,0.0,238.95,126.35,0,0.0,0,0,18-APR-2022,
OPTSTK,COROMANDEL,26-May-2022,990.0,PE,0.0,0.0,0.0,248.45,135.25,0,0.0,0,0,18-APR-2022,
OPTSTK,COROMANDEL,26-May-2022,1000.0,PE,0.0,0.0,0.0,258.0,144.25,0,0.0,0,0,18-APR-2022,
OPTSTK,COROMANDEL,26-May-2022,1010.0,PE,0.0,0.0,0.0,267.6,153.45,0,0.0,0,0,18-APR-2022,
OPTSTK,COROMANDEL,26-May-2022,1020.0,PE,0.0,0.0,0.0,277.25,162.75,0,0.0,0,0,18-APR-2022,
OPTSTK,COROMANDEL,26-May-2022,1030.0,PE,0.0,0.0,0.0,286.9,172.15,0,0.0,0,0,18-APR-2022,
OPTSTK,COROMANDEL,30-Jun-2022,550.0,CE,0.0,0.0,0.0,256.1,310.75,0,0.0,0,0,18-APR-2022,
OPTSTK,COROMANDEL,30-Jun-2022,560.0,CE,0.0,0.0,0.0,246.4,300.85,0,0.0,0,0,18-APR-2022,
OPTSTK,COROMANDEL,30-Jun-2022,570.0,CE,0.0,0.0,0.0,236.8,291.0,0,0.0,0,0,18-APR-2022,
OPTSTK,COROMANDEL,30-Jun-2022,580.0,CE,0.0,0.0,0.0,227.3,281.15,0,0.0,0,0,18-APR-2022,
OPTSTK,COROMANDEL,30-Jun-2022,590.0,CE,0.0,0.0,0.0,217.8,271.35,0,0.0,0,0,18-APR-2022,
OPTSTK,COROMANDEL,30-Jun-2022,600.0,CE,0.0,0.0,0.0,208.45,261.55,0,0.0,0,0,18-APR-2022,
OPTSTK,COROMANDEL,30-Jun-2022,610.0,CE,0.0,0.0,0.0,199.2,251.75,0,0.0,0,0,18-APR-2022,
OPTSTK,COROMANDEL,30-Jun-2022,620.0,CE,0.0,0.0,0.0,190.05,242.05,0,0.0,0,0,18-APR-2022,
OPTSTK,COROMANDEL,30-Jun-2022,630.0,CE,0.0,0.0,0.0,181.05,232.4,0,0.0,0,0,18-APR-2022,
OPTSTK,COROMANDEL,30-Jun-2022,640.0,CE,0.0,0.0,0.0,172.2,222.8,0,0.0,0,0,18-APR-2022,
OPTSTK,COROMANDEL,30-Jun-2022,650.0,CE,0.0,0.0,0.0,163.55,213.3,0,0.0,0,0,18-APR-2022,
OPTSTK,COROMANDEL,30-Jun-2022,660.0,CE,0.0,0.0,0.0,155.05,203.85,0,0.0,0,0,18-APR-2022,
OPTSTK,COROMANDEL,30-Jun-2022,670.0,CE,0.0,0.0,0.0,146.75,194.5,0,0.0,0,0,18-APR-2022,
OPTSTK,COROMANDEL,30-Jun-2022,680.0,CE,0.0,0.0,0.0,138.65,185.3,0,0.0,0,0,18-APR-2022,
OPTSTK,COROMANDEL,30-Jun-2022,690.0,CE,0.0,0.0,0.0,130.75,176.25,0,0.0,0,0,18-APR-2022,
OPTSTK,COROMANDEL,30-Jun-2022,700.0,CE,0.0,0.0,0.0,123.1,167.3,0,0.0,0,0,18-APR-2022,
OPTSTK,COROMANDEL,30-Jun-2022,710.0,CE,0.0,0.0,0.0,115.75,158.55,0,0.0,0,0,18-APR-2022,
OPTSTK,COROMANDEL,30-Jun-2022,720.0,CE,0.0,0.0,0.0,108.55,150.0,0,0.0,0,0,18-APR-2022,
OPTSTK,COROMANDEL,30-Jun-2022,730.0,CE,0.0,0.0,0.0,101.65,141.6,0,0.0,0,0,18-APR-2022,
OPTSTK,COROMANDEL,30-Jun-2022,740.0,CE,0.0,0.0,0.0,95.0,133.4,0,0.0,0,0,18-APR-2022,
OPTSTK,COROMANDEL,30-Jun-2022,750.0,CE,0.0,0.0,0.0,88.65,125.45,0,0.0,0,0,18-APR-2022,
OPTSTK,COROMANDEL,30-Jun-2022,760.0,CE,0.0,0.0,0.0,82.6,117.75,0,0.0,0,0,18-APR-2022,
OPTSTK,COROMANDEL,30-Jun-2022,770.0,CE,0.0,0.0,0.0,76.8,110.35,0,0.0,0,0,18-APR-2022,
OPTSTK,COROMANDEL,30-Jun-2022,780.0,CE,0.0,0.0,0.0,71.3,103.15,0,0.0,0,0,18-APR-2022,
OPTSTK,COROMANDEL,30-Jun-2022,790.0,CE,0.0,0.0,0.0,66.1,96.15,0,0.0,0,0,18-APR-2022,
OPTSTK,COROMANDEL,30-Jun-2022,800.0,CE,0.0,0.0,0.0,61.1,89.55,0,0.0,0,0,18-APR-2022,
OPTSTK,COROMANDEL,30-Jun-2022,810.0,CE,0.0,0.0,0.0,56.45,83.2,0,0.0,0,0,18-APR-2022,
OPTSTK,COROMANDEL,30-Jun-2022,820.0,CE,0.0,0.0,0.0,52.05,77.1,0,0.0,0,0,18-APR-2022,
OPTSTK,COROMANDEL,30-Jun-2022,830.0,CE,0.0,0.0,0.0,47.9,71.35,0,0.0,0,0,18-APR-2022,
OPTSTK,COROMANDEL,30-Jun-2022,840.0,CE,0.0,0.0,0.0,44.0,65.9,0,0.0,0,0,18-APR-2022,
OPTSTK,COROMANDEL,30-Jun-2022,850.0,CE,0.0,0.0,0.0,40.35,60.7,0,0.0,0,0,18-APR-2022,
OPTSTK,COROMANDEL,30-Jun-2022,860.0,CE,0.0,0.0,0.0,36.95,55.8,0,0.0,0,0,18-APR-2022,
OPTSTK,COROMANDEL,30-Jun-2022,870.0,CE,0.0,0.0,0.0,33.8,51.2,0,0.0,0,0,18-APR-2022,
OPTSTK,COROMANDEL,30-Jun-2022,880.0,CE,0.0,0.0,0.0,30.85,46.9,0,0.0,0,0,18-APR-2022,
OPTSTK,COROMANDEL,30-Jun-2022,890.0,CE,0.0,0.0,0.0,28.15,42.9,0,0.0,0,0,18-APR-2022,
OPTSTK,COROMANDEL,30-Jun-2022,900.0,CE,0.0,0.0,0.0,25.65,39.1,0,0.0,0,0,18-APR-2022,
OPTSTK,COROMANDEL,30-Jun-2022,910.0,CE,0.0,0.0,0.0,23.3,35.6,0,0.0,0,0,18-APR-2022,
OPTSTK,COROMANDEL,30-Jun-2022,920.0,CE,0.0,0.0,0.0,21.2,32.35,0,0.0,0,0,18-APR-2022,
OPTSTK,COROMANDEL,30-Jun-2022,930.0,CE,0.0,0.0,0.0,19.15,29.35,0,0.0,0,0,18-APR-2022,
OPTSTK,COROMANDEL,30-Jun-2022,940.0,CE,0.0,0.0,0.0,17.35,26.55,0,0.0,0,0,18-APR-2022,
OPTSTK,COROMANDEL,30-Jun-2022,950.0,CE,0.0,0.0,0.0,15.7,24.05,0,0.0,0,0,18-APR-2022,
OPTSTK,COROMANDEL,30-Jun-2022,960.0,CE,0.0,0.0,0.0,14.15,21.7,0,0.0,0,0,18-APR-2022,
OPTSTK,COROMANDEL,30-Jun-2022,970.0,CE,0.0,0.0,0.0,12.75,19.55,0,0.0,0,0,18-APR-2022,
OPTSTK,COROMANDEL,30-Jun-2022,980.0,CE,0.0,0.0,0.0,11.5,17.55,0,0.0,0,0,18-APR-2022,
OPTSTK,COROMANDEL,30-Jun-2022,990.0,CE,0.0,0.0,0.0,10.35,15.75,0,0.0,0,0,18-APR-2022,
OPTSTK,COROMANDEL,30-Jun-2022,1000.0,CE,0.0,0.0,0.0,9.3,14.1,0,0.0,0,0,18-APR-2022,
OPTSTK,COROMANDEL,30-Jun-2022,1010.0,CE,0.0,0.0,0.0,8.35,12.6,0,0.0,0,0,18-APR-2022,
OPTSTK,COROMANDEL,30-Jun-2022,1020.0,CE,0.0,0.0,0.0,7.45,11.25,0,0.0,0,0,18-APR-2022,
OPTSTK,COROMANDEL,30-Jun-2022,1030.0,CE,0.0,0.0,0.0,6.7,10.05,0,0.0,0,0,18-APR-2022,
OPTSTK,COROMANDEL,30-Jun-2022,550.0,PE,0.0,0.0,0.0,0.7,0.1,0,0.0,0,0,18-APR-2022,
OPTSTK,COROMANDEL,30-Jun-2022,560.0,PE,0.0,0.0,0.0,0.95,0.15,0,0.0,0,0,18-APR-2022,
OPTSTK,COROMANDEL,30-Jun-2022,570.0,PE,0.0,0.0,0.0,1.2,0.2,0,0.0,0,0,18-APR-2022,
OPTSTK,COROMANDEL,30-Jun-2022,580.0,PE,0.0,0.0,0.0,1.6,0.25,0,0.0,0,0,18-APR-2022,
OPTSTK,COROMANDEL,30-Jun-2022,590.0,PE,0.0,0.0,0.0,2.0,0.35,0,0.0,0,0,18-APR-2022,
OPTSTK,COROMANDEL,30-Jun-2022,600.0,PE,0.0,0.0,0.0,2.55,0.45,0,0.0,0,0,18-APR-2022,
OPTSTK,COROMANDEL,30-Jun-2022,610.0,PE,0.0,0.0,0.0,3.2,0.6,0,0.0,0,0,18-APR-2022,
OPTSTK,COROMANDEL,30-Jun-2022,620.0,PE,0.0,0.0,0.0,3.95,0.8,0,0.0,0,0,18-APR-2022,
OPTSTK,COROMANDEL,30-Jun-2022,630.0,PE,0.0,0.0,0.0,4.85,1.05,0,0.0,0,0,18-APR-2022,
OPTSTK,COROMANDEL,30-Jun-2022,640.0,PE,0.0,0.0,0.0,5.9,1.4,0,0.0,0,0,18-APR-2022,
OPTSTK,COROMANDEL,30-Jun-2022,650.0,PE,0.0,0.0,0.0,7.1,1.8,0,0.0,0,0,18-APR-2022,
OPTSTK,COROMANDEL,30-Jun-2022,660.0,PE,0.0,0.0,0.0,8.5,2.25,0,0.0,0,0,18-APR-2022,
OPTSTK,COROMANDEL,30-Jun-2022,670.0,PE,0.0,0.0,0.0,10.1,2.85,0,0.0,0,0,18-APR-2022,
OPTSTK,COROMANDEL,30-Jun-2022,680.0,PE,0.0,0.0,0.0,11.9,3.55,0,0.0,0,0,18-APR-2022,
OPTSTK,COROMANDEL,30-Jun-2022,690.0,PE,0.0,0.0,0.0,13.9,4.4,0,0.0,0,0,18-APR-2022,
OPTSTK,COROMANDEL,30-Jun-2022,700.0,PE,0.0,0.0,0.0,16.15,5.4,0,0.0,0,0,18-APR-2022,
OPTSTK,COROMANDEL,30-Jun-2022,710.0,PE,0.0,0.0,0.0,18.65,6.55,0,0.0,0,0,18-APR-2022,
OPTSTK,COROMANDEL,30-Jun-2022,720.0,PE,0.0,0.0,0.0,21.4,7.9,0,0.0,0,0,18-APR-2022,
OPTSTK,COROMANDEL,30-Jun-2022,730.0,PE,0.0,0.0,0.0,24.35,9.4,0,0.0,0,0,18-APR-2022,
OPTSTK,COROMANDEL,30-Jun-2022,740.0,PE,0.0,0.0,0.0,27.65,11.15,0,0.0,0,0,18-APR-2022,
OPTSTK,COROMANDEL,30-Jun-2022,750.0,PE,0.0,0.0,0.0,31.2,13.15,0,0.0,0,0,18-APR-2022,
OPTSTK,COROMANDEL,30-Jun-2022,760.0,PE,0.0,0.0,0.0,35.0,15.35,0,0.0,0,0,18-APR-2022,
OPTSTK,COROMANDEL,30-Jun-2022,770.0,PE,0.0,0.0,0.0,39.1,17.8,0,0.0,0,0,18-APR-2022,
OPTSTK,COROMANDEL,30-Jun-2022,780.0,PE,0.0,0.0,0.0,43.5,20.55,0,0.0,0,0,18-APR-2022,
OPTSTK,COROMANDEL,30-Jun-2022,790.0,PE,0.0,0.0,0.0,48.15,23.5,0,0.0,0,0,18-APR-2022,
OPTSTK,COROMANDEL,30-Jun-2022,800.0,PE,0.0,0.0,0.0,53.1,26.75,0,0.0,0,0,18-APR-2022,
OPTSTK,COROMANDEL,30-Jun-2022,810.0,PE,0.0,0.0,0.0,58.35,30.3,0,0.0,0,0,18-APR-2022,
OPTSTK,COROMANDEL,30-Jun-2022,820.0,PE,0.0,0.0,0.0,63.8,34.2,0,0.0,0,0,18-APR-2022,
OPTSTK,COROMANDEL,30-Jun-2022,830.0,PE,0.0,0.0,0.0,69.55,38.35,0,0.0,0,0,18-APR-2022,
OPTSTK,COROMANDEL,30-Jun-2022,840.0,PE,0.0,0.0,0.0,75.55,42.75,0,0.0,0,0,18-APR-2022,
OPTSTK,COROMANDEL,30-Jun-2022,850.0,PE,0.0,0.0,0.0,81.85,47.5,0,0.0,0,0,18-APR-2022,
OPTSTK,COROMANDEL,30-Jun-2022,860.0,PE,0.0,0.0,0.0,88.35,52.55,0,0.0,0,0,18-APR-2022,
OPTSTK,COROMANDEL,30-Jun-2022,870.0,PE,0.0,0.0,0.0,95.05,57.85,0,0.0,0,0,18-APR-2022,
OPTSTK,COROMANDEL,30-Jun-2022,880.0,PE,0.0,0.0,0.0,102.0,63.45,0,0.0,0,0,18-APR-2022,
OPTSTK,COROMANDEL,30-Jun-2022,890.0,PE,0.0,0.0,0.0,109.2,69.35,0,0.0,0,0,18-APR-2022,
OPTSTK,COROMANDEL,30-Jun-2022,900.0,PE,0.0,0.0,0.0,116.6,75.5,0,0.0,0,0,18-APR-2022,
OPTSTK,COROMANDEL,30-Jun-2022,910.0,PE,0.0,0.0,0.0,124.15,81.9,0,0.0,0,0,18-APR-2022,
OPTSTK,COROMANDEL,30-Jun-2022,920.0,PE,0.0,0.0,0.0,131.9,88.55,0,0.0,0,0,18-APR-2022,
OPTSTK,COROMANDEL,30-Jun-2022,930.0,PE,0.0,0.0,0.0,139.8,95.45,0,0.0,0,0,18-APR-2022,
OPTSTK,COROMANDEL,30-Jun-2022,940.0,PE,0.0,0.0,0.0,147.85,102.6,0,0.0,0,0,18-APR-2022,
OPTSTK,COROMANDEL,30-Jun-2022,950.0,PE,0.0,0.0,0.0,156.1,110.0,0,0.0,0,0,18-APR-2022,
OPTSTK,COROMANDEL,30-Jun-2022,960.0,PE,0.0,0.0,0.0,164.45,117.55,0,0.0,0,0,18-APR-2022,
OPTSTK,COROMANDEL,30-Jun-2022,970.0,PE,0.0,0.0,0.0,172.95,125.35,0,0.0,0,0,18-APR-2022,
OPTSTK,COROMANDEL,30-Jun-2022,980.0,PE,0.0,0.0,0.0,181.6,133.25,0,0.0,0,0,18-APR-2022,
OPTSTK,COROMANDEL,30-Jun-2022,990.0,PE,0.0,0.0,0.0,190.35,141.35,0,0.0,0,0,18-APR-2022,
OPTSTK,COROMANDEL,30-Jun-2022,1000.0,PE,0.0,0.0,0.0,199.15,149.65,0,0.0,0,0,18-APR-2022,
OPTSTK,COROMANDEL,30-Jun-2022,1010.0,PE,0.0,0.0,0.0,208.1,158.05,0,0.0,0,0,18-APR-2022,
OPTSTK,COROMANDEL,30-Jun-2022,1020.0,PE,0.0,0.0,0.0,217.15,166.6,0,0.0,0,0,18-APR-2022,
OPTSTK,COROMANDEL,30-Jun-2022,1030.0,PE,0.0,0.0,0.0,226.25,175.3,0,0.0,0,0,18-APR-2022,
OPTSTK,CROMPTON,28-Apr-2022,280.0,CE,0.0,0.0,0.0,135.25,97.45,0,0.0,0,0,18-APR-2022,
OPTSTK,CROMPTON,28-Apr-2022,285.0,CE,0.0,0.0,0.0,90.0,92.45,0,0.0,0,0,18-APR-2022,
OPTSTK,CROMPTON,28-Apr-2022,290.0,CE,0.0,0.0,0.0,125.6,87.45,0,0.0,0,0,18-APR-2022,
OPTSTK,CROMPTON,28-Apr-2022,295.0,CE,0.0,0.0,0.0,80.1,82.45,0,0.0,0,0,18-APR-2022,
OPTSTK,CROMPTON,28-Apr-2022,300.0,CE,0.0,0.0,0.0,116.1,77.45,0,0.0,0,0,18-APR-2022,
OPTSTK,CROMPTON,28-Apr-2022,305.0,CE,0.0,0.0,0.0,70.4,72.45,0,0.0,0,0,18-APR-2022,
OPTSTK,CROMPTON,28-Apr-2022,310.0,CE,0.0,0.0,0.0,106.8,67.45,0,0.0,0,0,18-APR-2022,
OPTSTK,CROMPTON,28-Apr-2022,315.0,CE,0.0,0.0,0.0,60.85,62.5,0,0.0,0,0,18-APR-2022,
OPTSTK,CROMPTON,28-Apr-2022,320.0,CE,0.0,0.0,0.0,97.65,57.5,0,0.0,0,0,18-APR-2022,
OPTSTK,CROMPTON,28-Apr-2022,325.0,CE,0.0,0.0,0.0,63.3,52.55,0,0.0,0,0,18-APR-2022,
OPTSTK,CROMPTON,28-Apr-2022,330.0,CE,0.0,0.0,0.0,88.85,47.65,0,0.0,0,0,18-APR-2022,
OPTSTK,CROMPTON,28-Apr-2022,335.0,CE,0.0,0.0,0.0,43.0,42.75,0,0.0,0,0,18-APR-2022,
OPTSTK,CROMPTON,28-Apr-2022,340.0,CE,0.0,0.0,0.0,80.35,38.0,0,0.0,0,0,18-APR-2022,
OPTSTK,CROMPTON,28-Apr-2022,345.0,CE,0.0,0.0,0.0,35.0,33.3,0,0.0,0,0,18-APR-2022,
OPTSTK,CROMPTON,28-Apr-2022,350.0,CE,27.75,27.75,25.65,25.65,28.85,2,8.28,6600,0,18-APR-2022,
OPTSTK,CROMPTON,28-Apr-2022,355.0,CE,0.0,0.0,0.0,27.85,24.6,0,0.0,0,0,18-APR-2022,
OPTSTK,CROMPTON,28-Apr-2022,360.0,CE,20.0,20.0,18.15,18.2,20.6,5,20.81,7700,0,18-APR-2022,
OPTSTK,CROMPTON,28-Apr-2022,365.0,CE,0.0,0.0,0.0,21.55,16.95,0,0.0,0,0,18-APR-2022,
OPTSTK,CROMPTON,28-Apr-2022,370.0,CE,19.95,20.0,12.25,18.45,18.45,51,215.77,29700,5500,18-APR-2022,
OPTSTK,CROMPTON,28-Apr-2022,375.0,CE,13.55,13.55,13.55,13.55,13.55,1,4.27,12100,0,18-APR-2022,
OPTSTK,CROMPTON,28-Apr-2022,380.0,CE,14.9,15.75,8.0,11.45,11.45,790,3398.84,476300,-42900,18-APR-2022,
OPTSTK,CROMPTON,28-Apr-2022,385.0,CE,11.95,12.5,6.05,8.3,8.3,21,91.17,57200,-3300,18-APR-2022,
OPTSTK,CROMPTON,28-Apr-2022,390.0,CE,9.95,10.45,5.2,7.6,7.6,646,2823.1,506000,-39600,18-APR-2022,
OPTSTK,CROMPTON,28-Apr-2022,395.0,CE,7.65,7.8,4.95,5.5,5.5,8,35.29,8800,-2200,18-APR-2022,
OPTSTK,CROMPTON,28-Apr-2022,400.0,CE,6.25,6.95,3.2,4.75,4.75,446,1984.99,412500,-56100,18-APR-2022,
OPTSTK,CROMPTON,28-Apr-2022,405.0,CE,0.0,0.0,0.0,6.0,1.7,0,0.0,0,0,18-APR-2022,
OPTSTK,CROMPTON,28-Apr-2022,410.0,CE,2.95,4.1,2.0,3.05,3.05,41,186.27,56100,11000,18-APR-2022,
OPTSTK,CROMPTON,28-Apr-2022,415.0,CE,0.0,0.0,0.0,4.1,0.8,0,0.0,0,0,18-APR-2022,
OPTSTK,CROMPTON,28-Apr-2022,420.0,CE,2.2,2.6,1.1,1.75,1.75,55,255.16,163900,3300,18-APR-2022,
OPTSTK,CROMPTON,28-Apr-2022,425.0,CE,0.0,0.0,0.0,2.7,0.35,0,0.0,0,0,18-APR-2022,
OPTSTK,CROMPTON,28-Apr-2022,430.0,CE,0.0,0.0,0.0,2.0,0.2,0,0.0,5500,0,18-APR-2022,
OPTSTK,CROMPTON,28-Apr-2022,435.0,CE,0.0,0.0,0.0,1.75,0.15,0,0.0,0,0,18-APR-2022,
OPTSTK,CROMPTON,28-Apr-2022,440.0,CE,0.0,0.0,0.0,0.9,0.1,0,0.0,12100,0,18-APR-2022,
OPTSTK,CROMPTON,28-Apr-2022,445.0,CE,0.0,0.0,0.0,1.1,0.05,0,0.0,0,0,18-APR-2022,
OPTSTK,CROMPTON,28-Apr-2022,450.0,CE,0.0,0.0,0.0,0.7,0.05,0,0.0,34100,0,18-APR-2022,
OPTSTK,CROMPTON,28-Apr-2022,455.0,CE,0.0,0.0,0.0,0.7,0.05,0,0.0,0,0,18-APR-2022,
OPTSTK,CROMPTON,28-Apr-2022,460.0,CE,0.0,0.0,0.0,0.2,0.05,0,0.0,2200,0,18-APR-2022,
OPTSTK,CROMPTON,28-Apr-2022,465.0,CE,0.0,0.0,0.0,0.45,0.0,0,0.0,0,0,18-APR-2022,
OPTSTK,CROMPTON,28-Apr-2022,470.0,CE,0.0,0.0,0.0,12.55,0.0,0,0.0,0,0,18-APR-2022,
OPTSTK,CROMPTON,28-Apr-2022,475.0,CE,0.0,0.0,0.0,0.25,0.0,0,0.0,0,0,18-APR-2022,
OPTSTK,CROMPTON,28-Apr-2022,480.0,CE,0.0,0.0,0.0,10.45,0.0,0,0.0,0,0,18-APR-2022,
OPTSTK,CROMPTON,28-Apr-2022,485.0,CE,0.0,0.0,0.0,0.15,0.0,0,0.0,0,0,18-APR-2022,
OPTSTK,CROMPTON,28-Apr-2022,490.0,CE,0.0,0.0,0.0,8.7,0.0,0,0.0,0,0,18-APR-2022,
OPTSTK,CROMPTON,28-Apr-2022,495.0,CE,0.0,0.0,0.0,0.1,0.0,0,0.0,0,0,18-APR-2022,
OPTSTK,CROMPTON,28-Apr-2022,500.0,CE,0.0,0.0,0.0,0.65,0.0,0,0.0,3300,0,18-APR-2022,
OPTSTK,CROMPTON,28-Apr-2022,505.0,CE,0.0,0.0,0.0,0.05,0.0,0,0.0,0,0,18-APR-2022,
OPTSTK,CROMPTON,28-Apr-2022,510.0,CE,0.0,0.0,0.0,5.9,0.0,0,0.0,0,0,18-APR-2022,
OPTSTK,CROMPTON,28-Apr-2022,515.0,CE,0.0,0.0,0.0,0.05,0.0,0,0.0,0,0,18-APR-2022,
OPTSTK,CROMPTON,28-Apr-2022,520.0,CE,0.0,0.0,0.0,4.85,0.0,0,0.0,0,0,18-APR-2022,
OPTSTK,CROMPTON,28-Apr-2022,525.0,CE,0.0,0.0,0.0,0.05,0.0,0,0.0,0,0,18-APR-2022,
OPTSTK,CROMPTON,28-Apr-2022,530.0,CE,0.0,0.0,0.0,3.95,0.0,0,0.0,0,0,18-APR-2022,
OPTSTK,CROMPTON,28-Apr-2022,535.0,CE,0.0,0.0,0.0,0.05,0.0,0,0.0,0,0,18-APR-2022,
OPTSTK,CROMPTON,28-Apr-2022,540.0,CE,0.0,0.0,0.0,3.2,0.0,0,0.0,0,0,18-APR-2022,
OPTSTK,CROMPTON,28-Apr-2022,550.0,CE,0.0,0.0,0.0,2.6,0.0,0,0.0,0,0,18-APR-2022,
OPTSTK,CROMPTON,28-Apr-2022,560.0,CE,0.0,0.0,0.0,2.1,0.0,0,0.0,0,0,18-APR-2022,
OPTSTK,CROMPTON,28-Apr-2022,570.0,CE,0.0,0.0,0.0,1.7,0.0,0,0.0,0,0,18-APR-2022,
OPTSTK,CROMPTON,28-Apr-2022,580.0,CE,0.0,0.0,0.0,1.35,0.0,0,0.0,0,0,18-APR-2022,
OPTSTK,CROMPTON,28-Apr-2022,590.0,CE,0.0,0.0,0.0,1.1,0.0,0,0.0,0,0,18-APR-2022,
OPTSTK,CROMPTON,28-Apr-2022,280.0,PE,0.0,0.0,0.0,0.4,0.0,0,0.0,0,0,18-APR-2022,
OPTSTK,CROMPTON,28-Apr-2022,285.0,PE,0.0,0.0,0.0,0.1,0.0,0,0.0,0,0,18-APR-2022,
OPTSTK,CROMPTON,28-Apr-2022,290.0,PE,0.0,0.0,0.0,0.65,0.0,0,0.0,0,0,18-APR-2022,
OPTSTK,CROMPTON,28-Apr-2022,295.0,PE,0.0,0.0,0.0,0.2,0.0,0,0.0,0,0,18-APR-2022,
OPTSTK,CROMPTON,28-Apr-2022,300.0,PE,0.0,0.0,0.0,1.05,0.0,0,0.0,0,0,18-APR-2022,
OPTSTK,CROMPTON,28-Apr-2022,305.0,PE,0.0,0.0,0.0,0.4,0.0,0,0.0,0,0,18-APR-2022,
OPTSTK,CROMPTON,28-Apr-2022,310.0,PE,0.0,0.0,0.0,1.6,0.05,0,0.0,0,0,18-APR-2022,
OPTSTK,CROMPTON,28-Apr-2022,315.0,PE,0.0,0.0,0.0,0.85,0.05,0,0.0,0,0,18-APR-2022,
OPTSTK,CROMPTON,28-Apr-2022,320.0,PE,0.0,0.0,0.0,1.65,0.05,0,0.0,1100,0,18-APR-2022,
OPTSTK,CROMPTON,28-Apr-2022,325.0,PE,0.0,0.0,0.0,1.65,0.1,0,0.0,0,0,18-APR-2022,
OPTSTK,CROMPTON,28-Apr-2022,330.0,PE,0.0,0.0,0.0,1.55,0.15,0,0.0,26400,0,18-APR-2022,
OPTSTK,CROMPTON,28-Apr-2022,335.0,PE,0.0,0.0,0.0,2.95,0.3,0,0.0,0,0,18-APR-2022,
OPTSTK,CROMPTON,28-Apr-2022,340.0,PE,3.0,3.0,2.5,2.5,2.5,6,22.61,23100,-5500,18-APR-2022,
OPTSTK,CROMPTON,28-Apr-2022,345.0,PE,0.0,0.0,0.0,4.95,0.85,0,0.0,0,0,18-APR-2022,
OPTSTK,CROMPTON,28-Apr-2022,350.0,PE,4.5,5.3,3.0,3.7,3.7,71,276.77,157300,-27500,18-APR-2022,
OPTSTK,CROMPTON,28-Apr-2022,355.0,PE,0.0,0.0,0.0,7.7,2.1,0,0.0,0,0,18-APR-2022,
OPTSTK,CROMPTON,28-Apr-2022,360.0,PE,5.85,8.45,5.0,5.45,5.45,22,88.77,62700,-2200,18-APR-2022,
OPTSTK,CROMPTON,28-Apr-2022,365.0,PE,0.0,0.0,0.0,11.4,4.45,0,0.0,0,0,18-APR-2022,
OPTSTK,CROMPTON,28-Apr-2022,370.0,PE,10.1,13.6,7.65,9.15,9.15,257,1079.69,78100,16500,18-APR-2022,
OPTSTK,CROMPTON,28-Apr-2022,375.0,PE,0.0,0.0,0.0,11.45,8.35,0,0.0,2200,0,18-APR-2022,
OPTSTK,CROMPTON,28-Apr-2022,380.0,PE,13.55,18.25,11.45,13.15,13.15,38,165.05,61600,-7700,18-APR-2022,
OPTSTK,CROMPTON,28-Apr-2022,385.0,PE,0.0,0.0,0.0,21.75,13.85,0,0.0,0,0,18-APR-2022,
OPTSTK,CROMPTON,28-Apr-2022,390.0,PE,22.0,22.0,22.0,22.0,17.2,1,4.53,12100,-1100,18-APR-2022,
OPTSTK,CROMPTON,28-Apr-2022,395.0,PE,0.0,0.0,0.0,22.5,20.9,0,0.0,1100,0,18-APR-2022,
OPTSTK,CROMPTON,28-Apr-2022,400.0,PE,32.0,32.05,32.0,32.05,32.05,2,9.5,50600,-1100,18-APR-2022,
OPTSTK,CROMPTON,28-Apr-2022,405.0,PE,0.0,0.0,0.0,35.75,29.15,0,0.0,0,0,18-APR-2022,
OPTSTK,CROMPTON,28-Apr-2022,410.0,PE,0.0,0.0,0.0,27.25,33.6,0,0.0,0,0,18-APR-2022,
OPTSTK,CROMPTON,28-Apr-2022,415.0,PE,0.0,0.0,0.0,43.8,38.2,0,0.0,0,0,18-APR-2022,
OPTSTK,CROMPTON,28-Apr-2022,420.0,PE,0.0,0.0,0.0,44.0,42.95,0,0.0,1100,0,18-APR-2022,
OPTSTK,CROMPTON,28-Apr-2022,425.0,PE,0.0,0.0,0.0,52.4,47.75,0,0.0,0,0,18-APR-2022,
OPTSTK,CROMPTON,28-Apr-2022,430.0,PE,0.0,0.0,0.0,38.25,52.65,0,0.0,0,0,18-APR-2022,
OPTSTK,CROMPTON,28-Apr-2022,435.0,PE,0.0,0.0,0.0,61.4,57.55,0,0.0,0,0,18-APR-2022,
OPTSTK,CROMPTON,28-Apr-2022,440.0,PE,0.0,0.0,0.0,65.0,62.5,0,0.0,1100,0,18-APR-2022,
OPTSTK,CROMPTON,28-Apr-2022,445.0,PE,0.0,0.0,0.0,70.7,67.45,0,0.0,0,0,18-APR-2022,
OPTSTK,CROMPTON,28-Apr-2022,450.0,PE,0.0,0.0,0.0,51.15,72.45,0,0.0,0,0,18-APR-2022,
OPTSTK,CROMPTON,28-Apr-2022,455.0,PE,0.0,0.0,0.0,80.25,77.4,0,0.0,0,0,18-APR-2022,
OPTSTK,CROMPTON,28-Apr-2022,460.0,PE,0.0,0.0,0.0,58.2,82.4,0,0.0,0,0,18-APR-2022,
OPTSTK,CROMPTON,28-Apr-2022,465.0,PE,0.0,0.0,0.0,89.95,87.4,0,0.0,0,0,18-APR-2022,
OPTSTK,CROMPTON,28-Apr-2022,470.0,PE,0.0,0.0,0.0,65.7,92.4,0,0.0,0,0,18-APR-2022,
OPTSTK,CROMPTON,28-Apr-2022,475.0,PE,0.0,0.0,0.0,99.75,97.4,0,0.0,0,0,18-APR-2022,
OPTSTK,CROMPTON,28-Apr-2022,480.0,PE,0.0,0.0,0.0,73.5,102.4,0,0.0,0,0,18-APR-2022,
OPTSTK,CROMPTON,28-Apr-2022,485.0,PE,0.0,0.0,0.0,109.65,107.35,0,0.0,0,0,18-APR-2022,
OPTSTK,CROMPTON,28-Apr-2022,490.0,PE,0.0,0.0,0.0,81.65,112.35,0,0.0,0,0,18-APR-2022,
OPTSTK,CROMPTON,28-Apr-2022,495.0,PE,0.0,0.0,0.0,119.55,117.35,0,0.0,0,0,18-APR-2022,
OPTSTK,CROMPTON,28-Apr-2022,500.0,PE,0.0,0.0,0.0,113.0,122.35,0,0.0,1100,0,18-APR-2022,
OPTSTK,CROMPTON,28-Apr-2022,505.0,PE,0.0,0.0,0.0,129.45,127.35,0,0.0,0,0,18-APR-2022,
OPTSTK,CROMPTON,28-Apr-2022,510.0,PE,0.0,0.0,0.0,98.65,132.35,0,0.0,0,0,18-APR-2022,
OPTSTK,CROMPTON,28-Apr-2022,515.0,PE,0.0,0.0,0.0,139.4,137.35,0,0.0,0,0,18-APR-2022,
OPTSTK,CROMPTON,28-Apr-2022,520.0,PE,0.0,0.0,0.0,107.45,142.35,0,0.0,0,0,18-APR-2022,
OPTSTK,CROMPTON,28-Apr-2022,525.0,PE,0.0,0.0,0.0,149.4,147.35,0,0.0,0,0,18-APR-2022,
OPTSTK,CROMPTON,28-Apr-2022,530.0,PE,0.0,0.0,0.0,116.45,152.3,0,0.0,0,0,18-APR-2022,
OPTSTK,CROMPTON,28-Apr-2022,535.0,PE,0.0,0.0,0.0,159.35,157.3,0,0.0,0,0,18-APR-2022,
OPTSTK,CROMPTON,28-Apr-2022,540.0,PE,0.0,0.0,0.0,125.65,162.3,0,0.0,0,0,18-APR-2022,
OPTSTK,CROMPTON,28-Apr-2022,550.0,PE,0.0,0.0,0.0,134.9,172.3,0,0.0,0,0,18-APR-2022,
OPTSTK,CROMPTON,28-Apr-2022,560.0,PE,0.0,0.0,0.0,144.3,182.3,0,0.0,0,0,18-APR-2022,
OPTSTK,CROMPTON,28-Apr-2022,570.0,PE,0.0,0.0,0.0,153.8,192.3,0,0.0,0,0,18-APR-2022,
OPTSTK,CROMPTON,28-Apr-2022,580.0,PE,0.0,0.0,0.0,163.35,202.25,0,0.0,0,0,18-APR-2022,
OPTSTK,CROMPTON,28-Apr-2022,590.0,PE,0.0,0.0,0.0,173.0,212.25,0,0.0,0,0,18-APR-2022,
OPTSTK,CROMPTON,26-May-2022,280.0,CE,0.0,0.0,0.0,129.05,98.45,0,0.0,0,0,18-APR-2022,
OPTSTK,CROMPTON,26-May-2022,285.0,CE,0.0,0.0,0.0,98.95,93.55,0,0.0,3300,0,18-APR-2022,
OPTSTK,CROMPTON,26-May-2022,290.0,CE,0.0,0.0,0.0,119.55,88.65,0,0.0,0,0,18-APR-2022,
OPTSTK,CROMPTON,26-May-2022,295.0,CE,0.0,0.0,0.0,82.15,83.75,0,0.0,0,0,18-APR-2022,
OPTSTK,CROMPTON,26-May-2022,300.0,CE,0.0,0.0,0.0,110.2,78.95,0,0.0,0,0,18-APR-2022,
OPTSTK,CROMPTON,26-May-2022,305.0,CE,0.0,0.0,0.0,73.0,74.15,0,0.0,0,0,18-APR-2022,
OPTSTK,CROMPTON,26-May-2022,310.0,CE,0.0,0.0,0.0,101.05,69.45,0,0.0,0,0,18-APR-2022,
OPTSTK,CROMPTON,26-May-2022,315.0,CE,0.0,0.0,0.0,64.25,64.8,0,0.0,0,0,18-APR-2022,
OPTSTK,CROMPTON,26-May-2022,320.0,CE,0.0,0.0,0.0,92.15,60.25,0,0.0,0,0,18-APR-2022,
OPTSTK,CROMPTON,26-May-2022,325.0,CE,0.0,0.0,0.0,55.95,55.8,0,0.0,0,0,18-APR-2022,
OPTSTK,CROMPTON,26-May-2022,330.0,CE,0.0,0.0,0.0,83.6,51.5,0,0.0,0,0,18-APR-2022,
OPTSTK,CROMPTON,26-May-2022,335.0,CE,0.0,0.0,0.0,48.2,47.3,0,0.0,0,0,18-APR-2022,
OPTSTK,CROMPTON,26-May-2022,340.0,CE,0.0,0.0,0.0,75.45,43.3,0,0.0,0,0,18-APR-2022,
OPTSTK,CROMPTON,26-May-2022,345.0,CE,0.0,0.0,0.0,41.0,39.45,0,0.0,0,0,18-APR-2022,
OPTSTK,CROMPTON,26-May-2022,350.0,CE,0.0,0.0,0.0,67.65,35.8,0,0.0,0,0,18-APR-2022,
OPTSTK,CROMPTON,26-May-2022,355.0,CE,0.0,0.0,0.0,34.5,32.3,0,0.0,0,0,18-APR-2022,
OPTSTK,CROMPTON,26-May-2022,360.0,CE,0.0,0.0,0.0,60.35,29.05,0,0.0,0,0,18-APR-2022,
OPTSTK,CROMPTON,26-May-2022,365.0,CE,0.0,0.0,0.0,28.7,25.95,0,0.0,0,0,18-APR-2022,
OPTSTK,CROMPTON,26-May-2022,370.0,CE,0.0,0.0,0.0,53.45,23.1,0,0.0,0,0,18-APR-2022,
OPTSTK,CROMPTON,26-May-2022,375.0,CE,0.0,0.0,0.0,23.6,20.5,0,0.0,0,0,18-APR-2022,
OPTSTK,CROMPTON,26-May-2022,380.0,CE,22.0,24.55,22.0,22.0,22.0,4,17.73,5500,3300,18-APR-2022,
OPTSTK,CROMPTON,26-May-2022,385.0,CE,0.0,0.0,0.0,19.15,15.85,0,0.0,0,0,18-APR-2022,
OPTSTK,CROMPTON,26-May-2022,390.0,CE,0.0,0.0,0.0,41.3,13.85,0,0.0,0,0,18-APR-2022,
OPTSTK,CROMPTON,26-May-2022,395.0,CE,0.0,0.0,0.0,15.4,12.05,0,0.0,0,0,18-APR-2022,
OPTSTK,CROMPTON,26-May-2022,400.0,CE,15.0,15.0,15.0,15.0,15.0,1,4.56,3300,1100,18-APR-2022,
OPTSTK,CROMPTON,26-May-2022,405.0,CE,0.0,0.0,0.0,12.2,8.95,0,0.0,0,0,18-APR-2022,
OPTSTK,CROMPTON,26-May-2022,410.0,CE,0.0,0.0,0.0,31.15,7.7,0,0.0,0,0,18-APR-2022,
OPTSTK,CROMPTON,26-May-2022,415.0,CE,0.0,0.0,0.0,9.6,6.55,0,0.0,0,0,18-APR-2022,
OPTSTK,CROMPTON,26-May-2022,420.0,CE,0.0,0.0,0.0,10.0,5.6,0,0.0,2200,0,18-APR-2022,
OPTSTK,CROMPTON,26-May-2022,425.0,CE,0.0,0.0,0.0,7.5,4.75,0,0.0,0,0,18-APR-2022,
OPTSTK,CROMPTON,26-May-2022,430.0,CE,0.0,0.0,0.0,9.0,4.0,0,0.0,1100,0,18-APR-2022,
OPTSTK,CROMPTON,26-May-2022,435.0,CE,0.0,0.0,0.0,5.75,3.35,0,0.0,0,0,18-APR-2022,
OPTSTK,CROMPTON,26-May-2022,440.0,CE,0.0,0.0,0.0,19.65,2.8,0,0.0,0,0,18-APR-2022,
OPTSTK,CROMPTON,26-May-2022,445.0,CE,0.0,0.0,0.0,4.4,2.35,0,0.0,0,0,18-APR-2022,
OPTSTK,CROMPTON,26-May-2022,450.0,CE,0.0,0.0,0.0,5.0,1.95,0,0.0,1100,0,18-APR-2022,
OPTSTK,CROMPTON,26-May-2022,455.0,CE,0.0,0.0,0.0,3.3,1.6,0,0.0,0,0,18-APR-2022,
OPTSTK,CROMPTON,26-May-2022,460.0,CE,0.0,0.0,0.0,14.1,1.3,0,0.0,0,0,18-APR-2022,
OPTSTK,CROMPTON,26-May-2022,465.0,CE,0.0,0.0,0.0,2.5,1.1,0,0.0,0,0,18-APR-2022,
OPTSTK,CROMPTON,26-May-2022,470.0,CE,0.0,0.0,0.0,11.85,0.9,0,0.0,0,0,18-APR-2022,
OPTSTK,CROMPTON,26-May-2022,475.0,CE,0.0,0.0,0.0,1.85,0.7,0,0.0,0,0,18-APR-2022,
OPTSTK,CROMPTON,26-May-2022,480.0,CE,0.0,0.0,0.0,1.0,0.6,0,0.0,0,0,18-APR-2022,
OPTSTK,CROMPTON,26-May-2022,485.0,CE,0.0,0.0,0.0,1.35,0.5,0,0.0,0,0,18-APR-2022,
OPTSTK,CROMPTON,26-May-2022,490.0,CE,0.0,0.0,0.0,8.25,0.4,0,0.0,0,0,18-APR-2022,
OPTSTK,CROMPTON,26-May-2022,495.0,CE,0.0,0.0,0.0,1.0,0.3,0,0.0,0,0,18-APR-2022,
OPTSTK,CROMPTON,26-May-2022,500.0,CE,0.0,0.0,0.0,6.85,0.25,0,0.0,0,0,18-APR-2022,
OPTSTK,CROMPTON,26-May-2022,505.0,CE,0.0,0.0,0.0,0.75,0.2,0,0.0,0,0,18-APR-2022,
OPTSTK,CROMPTON,26-May-2022,510.0,CE,0.0,0.0,0.0,5.65,0.15,0,0.0,0,0,18-APR-2022,
OPTSTK,CROMPTON,26-May-2022,515.0,CE,0.0,0.0,0.0,0.55,0.15,0,0.0,0,0,18-APR-2022,
OPTSTK,CROMPTON,26-May-2022,520.0,CE,0.0,0.0,0.0,4.65,0.1,0,0.0,0,0,18-APR-2022,
OPTSTK,CROMPTON,26-May-2022,525.0,CE,0.0,0.0,0.0,0.4,0.1,0,0.0,0,0,18-APR-2022,
OPTSTK,CROMPTON,26-May-2022,530.0,CE,0.0,0.0,0.0,3.85,0.1,0,0.0,0,0,18-APR-2022,
OPTSTK,CROMPTON,26-May-2022,535.0,CE,0.0,0.0,0.0,0.3,0.05,0,0.0,0,0,18-APR-2022,
OPTSTK,CROMPTON,26-May-2022,540.0,CE,0.0,0.0,0.0,3.15,0.05,0,0.0,0,0,18-APR-2022,
OPTSTK,CROMPTON,26-May-2022,550.0,CE,0.0,0.0,0.0,2.55,0.05,0,0.0,0,0,18-APR-2022,
OPTSTK,CROMPTON,26-May-2022,560.0,CE,0.0,0.0,0.0,2.1,0.05,0,0.0,0,0,18-APR-2022,
OPTSTK,CROMPTON,26-May-2022,570.0,CE,0.0,0.0,0.0,1.7,0.05,0,0.0,0,0,18-APR-2022,
OPTSTK,CROMPTON,26-May-2022,580.0,CE,0.0,0.0,0.0,1.35,0.0,0,0.0,0,0,18-APR-2022,
OPTSTK,CROMPTON,26-May-2022,590.0,CE,0.0,0.0,0.0,1.1,0.0,0,0.0,0,0,18-APR-2022,
OPTSTK,CROMPTON,26-May-2022,280.0,PE,0.0,0.0,0.0,0.6,0.1,0,0.0,0,0,18-APR-2022,
OPTSTK,CROMPTON,26-May-2022,285.0,PE,0.0,0.0,0.0,0.7,0.15,0,0.0,0,0,18-APR-2022,
OPTSTK,CROMPTON,26-May-2022,290.0,PE,0.0,0.0,0.0,1.0,0.25,0,0.0,0,0,18-APR-2022,
OPTSTK,CROMPTON,26-May-2022,295.0,PE,0.0,0.0,0.0,1.25,0.35,0,0.0,0,0,18-APR-2022,
OPTSTK,CROMPTON,26-May-2022,300.0,PE,0.0,0.0,0.0,1.55,0.5,0,0.0,0,0,18-APR-2022,
OPTSTK,CROMPTON,26-May-2022,305.0,PE,0.0,0.0,0.0,2.05,0.7,0,0.0,0,0,18-APR-2022,
OPTSTK,CROMPTON,26-May-2022,310.0,PE,0.0,0.0,0.0,2.3,0.95,0,0.0,0,0,18-APR-2022,
OPTSTK,CROMPTON,26-May-2022,315.0,PE,0.0,0.0,0.0,3.2,1.3,0,0.0,0,0,18-APR-2022,
OPTSTK,CROMPTON,26-May-2022,320.0,PE,0.0,0.0,0.0,3.3,1.75,0,0.0,0,0,18-APR-2022,
OPTSTK,CROMPTON,26-May-2022,325.0,PE,0.0,0.0,0.0,4.85,2.3,0,0.0,0,0,18-APR-2022,
OPTSTK,CROMPTON,26-May-2022,330.0,PE,0.0,0.0,0.0,4.65,2.95,0,0.0,0,0,18-APR-2022,
OPTSTK,CROMPTON,26-May-2022,335.0,PE,0.0,0.0,0.0,7.0,3.75,0,0.0,0,0,18-APR-2022,
OPTSTK,CROMPTON,26-May-2022,340.0,PE,0.0,0.0,0.0,6.4,4.7,0,0.0,0,0,18-APR-2022,
OPTSTK,CROMPTON,26-May-2022,345.0,PE,0.0,0.0,0.0,9.75,5.85,0,0.0,0,0,18-APR-2022,
OPTSTK,CROMPTON,26-May-2022,350.0,PE,0.0,0.0,0.0,12.5,7.15,0,0.0,12100,0,18-APR-2022,
OPTSTK,CROMPTON,26-May-2022,355.0,PE,0.0,0.0,0.0,13.2,8.65,0,0.0,0,0,18-APR-2022,
OPTSTK,CROMPTON,26-May-2022,360.0,PE,0.0,0.0,0.0,11.05,10.35,0,0.0,0,0,18-APR-2022,
OPTSTK,CROMPTON,26-May-2022,365.0,PE,0.0,0.0,0.0,17.3,12.25,0,0.0,0,0,18-APR-2022,
OPTSTK,CROMPTON,26-May-2022,370.0,PE,0.0,0.0,0.0,14.1,14.4,0,0.0,0,0,18-APR-2022,
OPTSTK,CROMPTON,26-May-2022,375.0,PE,0.0,0.0,0.0,22.15,16.75,0,0.0,0,0,18-APR-2022,
OPTSTK,CROMPTON,26-May-2022,380.0,PE,0.0,0.0,0.0,17.65,19.3,0,0.0,0,0,18-APR-2022,
OPTSTK,CROMPTON,26-May-2022,385.0,PE,0.0,0.0,0.0,27.65,22.05,0,0.0,0,0,18-APR-2022,
OPTSTK,CROMPTON,26-May-2022,390.0,PE,0.0,0.0,0.0,21.7,25.05,0,0.0,0,0,18-APR-2022,
OPTSTK,CROMPTON,26-May-2022,395.0,PE,0.0,0.0,0.0,33.8,28.2,0,0.0,0,0,18-APR-2022,
OPTSTK,CROMPTON,26-May-2022,400.0,PE,0.0,0.0,0.0,26.3,31.55,0,0.0,0,0,18-APR-2022,
OPTSTK,CROMPTON,26-May-2022,405.0,PE,0.0,0.0,0.0,40.6,35.1,0,0.0,0,0,18-APR-2022,
OPTSTK,CROMPTON,26-May-2022,410.0,PE,0.0,0.0,0.0,31.4,38.8,0,0.0,0,0,18-APR-2022,
OPTSTK,CROMPTON,26-May-2022,415.0,PE,0.0,0.0,0.0,47.95,42.65,0,0.0,0,0,18-APR-2022,
OPTSTK,CROMPTON,26-May-2022,420.0,PE,0.0,0.0,0.0,36.95,46.65,0,0.0,0,0,18-APR-2022,
OPTSTK,CROMPTON,26-May-2022,425.0,PE,0.0,0.0,0.0,55.7,50.75,0,0.0,0,0,18-APR-2022,
OPTSTK,CROMPTON,26-May-2022,430.0,PE,0.0,0.0,0.0,43.0,55.0,0,0.0,0,0,18-APR-2022,
OPTSTK,CROMPTON,26-May-2022,435.0,PE,0.0,0.0,0.0,63.95,59.3,0,0.0,0,0,18-APR-2022,
OPTSTK,CROMPTON,26-May-2022,440.0,PE,0.0,0.0,0.0,49.5,63.75,0,0.0,0,0,18-APR-2022,
OPTSTK,CROMPTON,26-May-2022,445.0,PE,0.0,0.0,0.0,72.5,68.25,0,0.0,0,0,18-APR-2022,
OPTSTK,CROMPTON,26-May-2022,450.0,PE,0.0,0.0,0.0,56.45,72.85,0,0.0,0,0,18-APR-2022,
OPTSTK,CROMPTON,26-May-2022,455.0,PE,0.0,0.0,0.0,81.35,77.5,0,0.0,0,0,18-APR-2022,
OPTSTK,CROMPTON,26-May-2022,460.0,PE,0.0,0.0,0.0,63.75,82.2,0,0.0,0,0,18-APR-2022,
OPTSTK,CROMPTON,26-May-2022,465.0,PE,0.0,0.0,0.0,90.45,86.9,0,0.0,0,0,18-APR-2022,
OPTSTK,CROMPTON,26-May-2022,470.0,PE,0.0,0.0,0.0,71.4,91.7,0,0.0,0,0,18-APR-2022,
OPTSTK,CROMPTON,26-May-2022,475.0,PE,0.0,0.0,0.0,99.75,96.5,0,0.0,0,0,18-APR-2022,
OPTSTK,CROMPTON,26-May-2022,480.0,PE,0.0,0.0,0.0,79.4,101.35,0,0.0,0,0,18-APR-2022,
OPTSTK,CROMPTON,26-May-2022,485.0,PE,0.0,0.0,0.0,109.2,106.25,0,0.0,0,0,18-APR-2022,
OPTSTK,CROMPTON,26-May-2022,490.0,PE,0.0,0.0,0.0,87.6,111.1,0,0.0,0,0,18-APR-2022,
OPTSTK,CROMPTON,26-May-2022,495.0,PE,0.0,0.0,0.0,118.8,116.05,0,0.0,0,0,18-APR-2022,
OPTSTK,CROMPTON,26-May-2022,500.0,PE,0.0,0.0,0.0,96.1,120.95,0,0.0,0,0,18-APR-2022,
OPTSTK,CROMPTON,26-May-2022,505.0,PE,0.0,0.0,0.0,128.45,125.9,0,0.0,0,0,18-APR-2022,
OPTSTK,CROMPTON,26-May-2022,510.0,PE,0.0,0.0,0.0,104.85,130.8,0,0.0,0,0,18-APR-2022,
OPTSTK,CROMPTON,26-May-2022,515.0,PE,0.0,0.0,0.0,138.2,135.75,0,0.0,0,0,18-APR-2022,
OPTSTK,CROMPTON,26-May-2022,520.0,PE,0.0,0.0,0.0,113.75,140.7,0,0.0,0,0,18-APR-2022,
OPTSTK,CROMPTON,26-May-2022,525.0,PE,0.0,0.0,0.0,148.0,145.65,0,0.0,0,0,18-APR-2022,
OPTSTK,CROMPTON,26-May-2022,530.0,PE,0.0,0.0,0.0,122.8,150.65,0,0.0,0,0,18-APR-2022,
OPTSTK,CROMPTON,26-May-2022,535.0,PE,0.0,0.0,0.0,157.8,155.6,0,0.0,0,0,18-APR-2022,
OPTSTK,CROMPTON,26-May-2022,540.0,PE,0.0,0.0,0.0,132.0,160.55,0,0.0,0,0,18-APR-2022,
OPTSTK,CROMPTON,26-May-2022,550.0,PE,0.0,0.0,0.0,141.3,170.5,0,0.0,0,0,18-APR-2022,
OPTSTK,CROMPTON,26-May-2022,560.0,PE,0.0,0.0,0.0,150.7,180.45,0,0.0,0,0,18-APR-2022,
OPTSTK,CROMPTON,26-May-2022,570.0,PE,0.0,0.0,0.0,160.2,190.4,0,0.0,0,0,18-APR-2022,
OPTSTK,CROMPTON,26-May-2022,580.0,PE,0.0,0.0,0.0,169.8,200.35,0,0.0,0,0,18-APR-2022,
OPTSTK,CROMPTON,26-May-2022,590.0,PE,0.0,0.0,0.0,179.45,210.3,0,0.0,0,0,18-APR-2022,
OPTSTK,CROMPTON,30-Jun-2022,280.0,CE,0.0,0.0,0.0,98.7,100.3,0,0.0,0,0,18-APR-2022,
OPTSTK,CROMPTON,30-Jun-2022,285.0,CE,0.0,0.0,0.0,94.15,95.6,0,0.0,0,0,18-APR-2022,
OPTSTK,CROMPTON,30-Jun-2022,290.0,CE,0.0,0.0,0.0,89.65,90.95,0,0.0,0,0,18-APR-2022,
OPTSTK,CROMPTON,30-Jun-2022,295.0,CE,0.0,0.0,0.0,85.3,86.35,0,0.0,0,0,18-APR-2022,
OPTSTK,CROMPTON,30-Jun-2022,300.0,CE,0.0,0.0,0.0,81.0,81.85,0,0.0,0,0,18-APR-2022,
OPTSTK,CROMPTON,30-Jun-2022,305.0,CE,0.0,0.0,0.0,76.75,77.45,0,0.0,0,0,18-APR-2022,
OPTSTK,CROMPTON,30-Jun-2022,310.0,CE,0.0,0.0,0.0,72.65,73.1,0,0.0,0,0,18-APR-2022,
OPTSTK,CROMPTON,30-Jun-2022,315.0,CE,0.0,0.0,0.0,68.65,68.85,0,0.0,0,0,18-APR-2022,
OPTSTK,CROMPTON,30-Jun-2022,320.0,CE,0.0,0.0,0.0,64.75,64.7,0,0.0,0,0,18-APR-2022,
OPTSTK,CROMPTON,30-Jun-2022,325.0,CE,0.0,0.0,0.0,61.0,60.7,0,0.0,0,0,18-APR-2022,
OPTSTK,CROMPTON,30-Jun-2022,330.0,CE,0.0,0.0,0.0,57.35,56.85,0,0.0,0,0,18-APR-2022,
OPTSTK,CROMPTON,30-Jun-2022,335.0,CE,0.0,0.0,0.0,53.85,53.1,0,0.0,0,0,18-APR-2022,
OPTSTK,CROMPTON,30-Jun-2022,340.0,CE,0.0,0.0,0.0,50.45,49.45,0,0.0,0,0,18-APR-2022,
OPTSTK,CROMPTON,30-Jun-2022,345.0,CE,0.0,0.0,0.0,47.2,46.0,0,0.0,0,0,18-APR-2022,
OPTSTK,CROMPTON,30-Jun-2022,350.0,CE,0.0,0.0,0.0,44.05,42.65,0,0.0,0,0,18-APR-2022,
OPTSTK,CROMPTON,30-Jun-2022,355.0,CE,0.0,0.0,0.0,41.1,39.5,0,0.0,0,0,18-APR-2022,
OPTSTK,CROMPTON,30-Jun-2022,360.0,CE,0.0,0.0,0.0,38.25,36.45,0,0.0,0,0,18-APR-2022,
OPTSTK,CROMPTON,30-Jun-2022,365.0,CE,0.0,0.0,0.0,35.55,33.6,0,0.0,0,0,18-APR-2022,
OPTSTK,CROMPTON,30-Jun-2022,370.0,CE,0.0,0.0,0.0,33.0,30.9,0,0.0,0,0,18-APR-2022,
OPTSTK,CROMPTON,30-Jun-2022,375.0,CE,0.0,0.0,0.0,30.55,28.35,0,0.0,0,0,18-APR-2022,
OPTSTK,CROMPTON,30-Jun-2022,380.0,CE,0.0,0.0,0.0,28.25,25.95,0,0.0,0,0,18-APR-2022,
OPTSTK,CROMPTON,30-Jun-2022,385.0,CE,0.0,0.0,0.0,26.1,23.7,0,0.0,0,0,18-APR-2022,
OPTSTK,CROMPTON,30-Jun-2022,390.0,CE,0.0,0.0,0.0,24.05,21.6,0,0.0,0,0,18-APR-2022,
OPTSTK,CROMPTON,30-Jun-2022,395.0,CE,0.0,0.0,0.0,22.15,19.65,0,0.0,0,0,18-APR-2022,
OPTSTK,CROMPTON,30-Jun-2022,400.0,CE,0.0,0.0,0.0,20.35,17.85,0,0.0,0,0,18-APR-2022,
OPTSTK,CROMPTON,30-Jun-2022,405.0,CE,0.0,0.0,0.0,18.7,16.2,0,0.0,0,0,18-APR-2022,
OPTSTK,CROMPTON,30-Jun-2022,410.0,CE,0.0,0.0,0.0,17.15,14.65,0,0.0,0,0,18-APR-2022,
OPTSTK,CROMPTON,30-Jun-2022,415.0,CE,0.0,0.0,0.0,15.7,13.2,0,0.0,0,0,18-APR-2022,
OPTSTK,CROMPTON,30-Jun-2022,420.0,CE,0.0,0.0,0.0,14.35,11.9,0,0.0,0,0,18-APR-2022,
OPTSTK,CROMPTON,30-Jun-2022,425.0,CE,0.0,0.0,0.0,13.1,10.7,0,0.0,0,0,18-APR-2022,
OPTSTK,CROMPTON,30-Jun-2022,430.0,CE,0.0,0.0,0.0,11.95,9.6,0,0.0,0,0,18-APR-2022,
OPTSTK,CROMPTON,30-Jun-2022,435.0,CE,0.0,0.0,0.0,10.9,8.6,0,0.0,0,0,18-APR-2022,
OPTSTK,CROMPTON,30-Jun-2022,440.0,CE,0.0,0.0,0.0,9.9,7.7,0,0.0,0,0,18-APR-2022,
OPTSTK,CROMPTON,30-Jun-2022,445.0,CE,0.0,0.0,0.0,9.0,6.85,0,0.0,0,0,18-APR-2022,
OPTSTK,CROMPTON,30-Jun-2022,450.0,CE,0.0,0.0,0.0,8.15,6.1,0,0.0,0,0,18-APR-2022,
OPTSTK,CROMPTON,30-Jun-2022,455.0,CE,0.0,0.0,0.0,7.4,5.45,0,0.0,0,0,18-APR-2022,
OPTSTK,CROMPTON,30-Jun-2022,460.0,CE,0.0,0.0,0.0,6.7,4.85,0,0.0,0,0,18-APR-2022,
OPTSTK,CROMPTON,30-Jun-2022,465.0,CE,0.0,0.0,0.0,6.05,4.3,0,0.0,0,0,18-APR-2022,
OPTSTK,CROMPTON,30-Jun-2022,470.0,CE,0.0,0.0,0.0,5.45,3.8,0,0.0,0,0,18-APR-2022,
OPTSTK,CROMPTON,30-Jun-2022,475.0,CE,0.0,0.0,0.0,4.95,3.35,0,0.0,0,0,18-APR-2022,
OPTSTK,CROMPTON,30-Jun-2022,480.0,CE,0.0,0.0,0.0,4.45,2.95,0,0.0,0,0,18-APR-2022,
OPTSTK,CROMPTON,30-Jun-2022,485.0,CE,0.0,0.0,0.0,4.0,2.6,0,0.0,0,0,18-APR-2022,
OPTSTK,CROMPTON,30-Jun-2022,490.0,CE,0.0,0.0,0.0,3.6,2.3,0,0.0,0,0,18-APR-2022,
OPTSTK,CROMPTON,30-Jun-2022,495.0,CE,0.0,0.0,0.0,3.25,2.0,0,0.0,0,0,18-APR-2022,
OPTSTK,CROMPTON,30-Jun-2022,500.0,CE,0.0,0.0,0.0,2.9,1.75,0,0.0,0,0,18-APR-2022,
OPTSTK,CROMPTON,30-Jun-2022,505.0,CE,0.0,0.0,0.0,2.6,1.55,0,0.0,0,0,18-APR-2022,
OPTSTK,CROMPTON,30-Jun-2022,510.0,CE,0.0,0.0,0.0,2.35,1.35,0,0.0,0,0,18-APR-2022,
OPTSTK,CROMPTON,30-Jun-2022,515.0,CE,0.0,0.0,0.0,2.1,1.2,0,0.0,0,0,18-APR-2022,
OPTSTK,CROMPTON,30-Jun-2022,520.0,CE,0.0,0.0,0.0,1.9,1.05,0,0.0,0,0,18-APR-2022,
OPTSTK,CROMPTON,30-Jun-2022,525.0,CE,0.0,0.0,0.0,1.7,0.9,0,0.0,0,0,18-APR-2022,
OPTSTK,CROMPTON,30-Jun-2022,530.0,CE,0.0,0.0,0.0,1.5,0.8,0,0.0,0,0,18-APR-2022,
OPTSTK,CROMPTON,30-Jun-2022,535.0,CE,0.0,0.0,0.0,1.35,0.7,0,0.0,0,0,18-APR-2022,
OPTSTK,CROMPTON,30-Jun-2022,280.0,PE,0.0,0.0,0.0,1.75,0.85,0,0.0,0,0,18-APR-2022,
OPTSTK,CROMPTON,30-Jun-2022,285.0,PE,0.0,0.0,0.0,2.15,1.1,0,0.0,0,0,18-APR-2022,
OPTSTK,CROMPTON,30-Jun-2022,290.0,PE,0.0,0.0,0.0,2.6,1.4,0,0.0,0,0,18-APR-2022,
OPTSTK,CROMPTON,30-Jun-2022,295.0,PE,0.0,0.0,0.0,3.2,1.75,0,0.0,0,0,18-APR-2022,
OPTSTK,CROMPTON,30-Jun-2022,300.0,PE,0.0,0.0,0.0,3.85,2.2,0,0.0,0,0,18-APR-2022,
OPTSTK,CROMPTON,30-Jun-2022,305.0,PE,0.0,0.0,0.0,4.55,2.75,0,0.0,0,0,18-APR-2022,
OPTSTK,CROMPTON,30-Jun-2022,310.0,PE,0.0,0.0,0.0,5.4,3.35,0,0.0,0,0,18-APR-2022,
OPTSTK,CROMPTON,30-Jun-2022,315.0,PE,0.0,0.0,0.0,6.35,4.1,0,0.0,0,0,18-APR-2022,
OPTSTK,CROMPTON,30-Jun-2022,320.0,PE,0.0,0.0,0.0,7.4,4.9,0,0.0,0,0,18-APR-2022,
OPTSTK,CROMPTON,30-Jun-2022,325.0,PE,0.0,0.0,0.0,8.6,5.85,0,0.0,0,0,18-APR-2022,
OPTSTK,CROMPTON,30-Jun-2022,330.0,PE,0.0,0.0,0.0,9.9,6.95,0,0.0,0,0,18-APR-2022,
OPTSTK,CROMPTON,30-Jun-2022,335.0,PE,0.0,0.0,0.0,11.3,8.15,0,0.0,0,0,18-APR-2022,
OPTSTK,CROMPTON,30-Jun-2022,340.0,PE,0.0,0.0,0.0,12.85,9.5,0,0.0,0,0,18-APR-2022,
OPTSTK,CROMPTON,30-Jun-2022,345.0,PE,0.0,0.0,0.0,14.55,10.95,0,0.0,0,0,18-APR-2022,
OPTSTK,CROMPTON,30-Jun-2022,350.0,PE,0.0,0.0,0.0,15.0,12.6,0,0.0,2200,0,18-APR-2022,
OPTSTK,CROMPTON,30-Jun-2022,355.0,PE,0.0,0.0,0.0,18.35,14.4,0,0.0,0,0,18-APR-2022,
OPTSTK,CROMPTON,30-Jun-2022,360.0,PE,0.0,0.0,0.0,20.45,16.3,0,0.0,0,0,18-APR-2022,
OPTSTK,CROMPTON,30-Jun-2022,365.0,PE,0.0,0.0,0.0,22.7,18.4,0,0.0,0,0,18-APR-2022,
OPTSTK,CROMPTON,30-Jun-2022,370.0,PE,0.0,0.0,0.0,25.1,20.7,0,0.0,0,0,18-APR-2022,
OPTSTK,CROMPTON,30-Jun-2022,375.0,PE,0.0,0.0,0.0,27.6,23.1,0,0.0,0,0,18-APR-2022,
OPTSTK,CROMPTON,30-Jun-2022,380.0,PE,0.0,0.0,0.0,30.25,25.65,0,0.0,0,0,18-APR-2022,
OPTSTK,CROMPTON,30-Jun-2022,385.0,PE,0.0,0.0,0.0,33.05,28.35,0,0.0,0,0,18-APR-2022,
OPTSTK,CROMPTON,30-Jun-2022,390.0,PE,0.0,0.0,0.0,35.95,31.2,0,0.0,0,0,18-APR-2022,
OPTSTK,CROMPTON,30-Jun-2022,395.0,PE,0.0,0.0,0.0,39.0,34.25,0,0.0,0,0,18-APR-2022,
OPTSTK,CROMPTON,30-Jun-2022,400.0,PE,0.0,0.0,0.0,42.15,37.35,0,0.0,0,0,18-APR-2022,
OPTSTK,CROMPTON,30-Jun-2022,405.0,PE,0.0,0.0,0.0,45.45,40.65,0,0.0,0,0,18-APR-2022,
OPTSTK,CROMPTON,30-Jun-2022,410.0,PE,0.0,0.0,0.0,48.85,44.05,0,0.0,0,0,18-APR-2022,
OPTSTK,CROMPTON,30-Jun-2022,415.0,PE,0.0,0.0,0.0,52.3,47.6,0,0.0,0,0,18-APR-2022,
OPTSTK,CROMPTON,30-Jun-2022,420.0,PE,0.0,0.0,0.0,55.9,51.25,0,0.0,0,0,18-APR-2022,
OPTSTK,CROMPTON,30-Jun-2022,425.0,PE,0.0,0.0,0.0,59.65,55.0,0,0.0,0,0,18-APR-2022,
OPTSTK,CROMPTON,30-Jun-2022,430.0,PE,0.0,0.0,0.0,63.45,58.85,0,0.0,0,0,18-APR-2022,
OPTSTK,CROMPTON,30-Jun-2022,435.0,PE,0.0,0.0,0.0,67.3,62.8,0,0.0,0,0,18-APR-2022,
OPTSTK,CROMPTON,30-Jun-2022,440.0,PE,0.0,0.0,0.0,71.25,66.85,0,0.0,0,0,18-APR-2022,
OPTSTK,CROMPTON,30-Jun-2022,445.0,PE,0.0,0.0,0.0,75.3,71.0,0,0.0,0,0,18-APR-2022,
OPTSTK,CROMPTON,30-Jun-2022,450.0,PE,0.0,0.0,0.0,79.45,75.2,0,0.0,0,0,18-APR-2022,
OPTSTK,CROMPTON,30-Jun-2022,455.0,PE,0.0,0.0,0.0,83.6,79.5,0,0.0,0,0,18-APR-2022,
OPTSTK,CROMPTON,30-Jun-2022,460.0,PE,0.0,0.0,0.0,87.85,83.85,0,0.0,0,0,18-APR-2022,
OPTSTK,CROMPTON,30-Jun-2022,465.0,PE,0.0,0.0,0.0,92.15,88.25,0,0.0,0,0,18-APR-2022,
OPTSTK,CROMPTON,30-Jun-2022,470.0,PE,0.0,0.0,0.0,96.55,92.7,0,0.0,0,0,18-APR-2022,
OPTSTK,CROMPTON,30-Jun-2022,475.0,PE,0.0,0.0,0.0,100.95,97.25,0,0.0,0,0,18-APR-2022,
OPTSTK,CROMPTON,30-Jun-2022,480.0,PE,0.0,0.0,0.0,105.4,101.8,0,0.0,0,0,18-APR-2022,
OPTSTK,CROMPTON,30-Jun-2022,485.0,PE,0.0,0.0,0.0,109.9,106.4,0,0.0,0,0,18-APR-2022,
OPTSTK,CROMPTON,30-Jun-2022,490.0,PE,0.0,0.0,0.0,114.45,111.05,0,0.0,0,0,18-APR-2022,
OPTSTK,CROMPTON,30-Jun-2022,495.0,PE,0.0,0.0,0.0,119.05,115.75,0,0.0,0,0,18-APR-2022,
OPTSTK,CROMPTON,30-Jun-2022,500.0,PE,0.0,0.0,0.0,123.65,120.45,0,0.0,0,0,18-APR-2022,
OPTSTK,CROMPTON,30-Jun-2022,505.0,PE,0.0,0.0,0.0,128.3,125.2,0,0.0,0,0,18-APR-2022,
OPTSTK,CROMPTON,30-Jun-2022,510.0,PE,0.0,0.0,0.0,133.0,129.95,0,0.0,0,0,18-APR-2022,
OPTSTK,CROMPTON,30-Jun-2022,515.0,PE,0.0,0.0,0.0,137.7,134.75,0,0.0,0,0,18-APR-2022,
OPTSTK,CROMPTON,30-Jun-2022,520.0,PE,0.0,0.0,0.0,142.4,139.55,0,0.0,0,0,18-APR-2022,
OPTSTK,CROMPTON,30-Jun-2022,525.0,PE,0.0,0.0,0.0,147.15,144.35,0,0.0,0,0,18-APR-2022,
OPTSTK,CROMPTON,30-Jun-2022,530.0,PE,0.0,0.0,0.0,151.95,149.2,0,0.0,0,0,18-APR-2022,
OPTSTK,CROMPTON,30-Jun-2022,535.0,PE,0.0,0.0,0.0,156.7,154.05,0,0.0,0,0,18-APR-2022,
OPTSTK,CUB,28-Apr-2022,80.0,CE,0.0,0.0,0.0,60.6,56.7,0,0.0,0,0,18-APR-2022,
OPTSTK,CUB,28-Apr-2022,82.5,CE,0.0,0.0,0.0,61.65,54.2,0,0.0,0,0,18-APR-2022,
OPTSTK,CUB,28-Apr-2022,85.0,CE,0.0,0.0,0.0,59.2,51.7,0,0.0,0,0,18-APR-2022,
OPTSTK,CUB,28-Apr-2022,87.5,CE,0.0,0.0,0.0,56.75,49.2,0,0.0,0,0,18-APR-2022,
OPTSTK,CUB,28-Apr-2022,90.0,CE,0.0,0.0,0.0,54.3,46.7,0,0.0,0,0,18-APR-2022,
OPTSTK,CUB,28-Apr-2022,92.5,CE,0.0,0.0,0.0,51.85,44.2,0,0.0,0,0,18-APR-2022,
OPTSTK,CUB,28-Apr-2022,95.0,CE,0.0,0.0,0.0,49.4,41.75,0,0.0,0,0,18-APR-2022,
OPTSTK,CUB,28-Apr-2022,97.5,CE,0.0,0.0,0.0,47.0,39.25,0,0.0,0,0,18-APR-2022,
OPTSTK,CUB,28-Apr-2022,100.0,CE,0.0,0.0,0.0,44.6,36.75,0,0.0,0,0,18-APR-2022,
OPTSTK,CUB,28-Apr-2022,102.5,CE,0.0,0.0,0.0,42.25,34.25,0,0.0,0,0,18-APR-2022,
OPTSTK,CUB,28-Apr-2022,105.0,CE,0.0,0.0,0.0,39.95,31.75,0,0.0,0,0,18-APR-2022,
OPTSTK,CUB,28-Apr-2022,107.5,CE,0.0,0.0,0.0,37.65,29.25,0,0.0,0,0,18-APR-2022,
OPTSTK,CUB,28-Apr-2022,110.0,CE,0.0,0.0,0.0,35.4,26.75,0,0.0,0,0,18-APR-2022,
OPTSTK,CUB,28-Apr-2022,112.5,CE,0.0,0.0,0.0,33.2,24.25,0,0.0,0,0,18-APR-2022,
OPTSTK,CUB,28-Apr-2022,115.0,CE,0.0,0.0,0.0,31.1,21.75,0,0.0,0,0,18-APR-2022,
OPTSTK,CUB,28-Apr-2022,117.5,CE,0.0,0.0,0.0,29.0,19.3,0,0.0,0,0,18-APR-2022,
OPTSTK,CUB,28-Apr-2022,120.0,CE,0.0,0.0,0.0,19.0,16.85,0,0.0,27200,0,18-APR-2022,
OPTSTK,CUB,28-Apr-2022,122.5,CE,0.0,0.0,0.0,25.05,14.45,0,0.0,0,0,18-APR-2022,
OPTSTK,CUB,28-Apr-2022,125.0,CE,12.0,12.0,12.0,12.0,12.15,1,4.65,163200,-3400,18-APR-2022,
OPTSTK,CUB,28-Apr-2022,127.5,CE,0.0,0.0,0.0,2.55,9.95,0,0.0,0,0,18-APR-2022,
OPTSTK,CUB,28-Apr-2022,130.0,CE,7.85,7.85,7.85,7.85,7.95,1,4.68,343400,-3400,18-APR-2022,
OPTSTK,CUB,28-Apr-2022,132.5,CE,0.0,0.0,0.0,18.1,6.15,0,0.0,0,0,18-APR-2022,
OPTSTK,CUB,28-Apr-2022,135.0,CE,5.7,5.7,4.35,4.35,4.6,4,19.03,176800,-3400,18-APR-2022,
OPTSTK,CUB,28-Apr-2022,137.5,CE,4.45,4.45,4.45,4.45,3.35,1,4.82,17000,3400,18-APR-2022,
OPTSTK,CUB,28-Apr-2022,140.0,CE,3.0,3.0,2.0,2.05,2.05,32,154.95,374000,-3400,18-APR-2022,
OPTSTK,CUB,28-Apr-2022,142.5,CE,0.0,0.0,0.0,4.1,1.6,0,0.0,23800,0,18-APR-2022,
OPTSTK,CUB,28-Apr-2022,145.0,CE,1.35,1.4,0.7,0.85,0.85,57,282.9,367200,78200,18-APR-2022,
OPTSTK,CUB,28-Apr-2022,147.5,CE,0.0,0.0,0.0,10.3,0.65,0,0.0,0,0,18-APR-2022,
OPTSTK,CUB,28-Apr-2022,150.0,CE,0.6,0.8,0.5,0.6,0.4,48,245.84,601800,-3400,18-APR-2022,
OPTSTK,CUB,28-Apr-2022,152.5,CE,0.0,0.0,0.0,8.35,0.25,0,0.0,0,0,18-APR-2022,
OPTSTK,CUB,28-Apr-2022,155.0,CE,0.25,0.4,0.25,0.3,0.3,8,42.25,122400,-3400,18-APR-2022,
OPTSTK,CUB,28-Apr-2022,157.5,CE,0.0,0.0,0.0,6.75,0.1,0,0.0,0,0,18-APR-2022,
OPTSTK,CUB,28-Apr-2022,160.0,CE,0.2,0.3,0.2,0.25,0.25,16,87.16,316200,-23800,18-APR-2022,
OPTSTK,CUB,28-Apr-2022,162.5,CE,0.0,0.0,0.0,5.4,0.05,0,0.0,0,0,18-APR-2022,
OPTSTK,CUB,28-Apr-2022,165.0,CE,0.0,0.0,0.0,4.8,0.05,0,0.0,0,0,18-APR-2022,
OPTSTK,CUB,28-Apr-2022,167.5,CE,0.0,0.0,0.0,4.25,0.0,0,0.0,0,0,18-APR-2022,
OPTSTK,CUB,28-Apr-2022,170.0,CE,0.1,0.2,0.1,0.15,0.15,8,46.27,102000,3400,18-APR-2022,
OPTSTK,CUB,28-Apr-2022,172.5,CE,0.0,0.0,0.0,3.35,0.0,0,0.0,0,0,18-APR-2022,
OPTSTK,CUB,28-Apr-2022,175.0,CE,0.0,0.0,0.0,2.95,0.0,0,0.0,0,0,18-APR-2022,
OPTSTK,CUB,28-Apr-2022,177.5,CE,0.0,0.0,0.0,2.6,0.0,0,0.0,0,0,18-APR-2022,
OPTSTK,CUB,28-Apr-2022,180.0,CE,0.0,0.0,0.0,2.3,0.0,0,0.0,0,0,18-APR-2022,
OPTSTK,CUB,28-Apr-2022,182.5,CE,0.0,0.0,0.0,2.0,0.0,0,0.0,0,0,18-APR-2022,
OPTSTK,CUB,28-Apr-2022,185.0,CE,0.0,0.0,0.0,1.8,0.0,0,0.0,0,0,18-APR-2022,
OPTSTK,CUB,28-Apr-2022,187.5,CE,0.0,0.0,0.0,1.55,0.0,0,0.0,0,0,18-APR-2022,
OPTSTK,CUB,28-Apr-2022,190.0,CE,0.0,0.0,0.0,0.2,0.0,0,0.0,10200,0,18-APR-2022,
OPTSTK,CUB,28-Apr-2022,192.5,CE,0.0,0.0,0.0,1.2,0.0,0,0.0,0,0,18-APR-2022,
OPTSTK,CUB,28-Apr-2022,195.0,CE,0.0,0.0,0.0,1.05,0.0,0,0.0,0,0,18-APR-2022,
OPTSTK,CUB,28-Apr-2022,80.0,PE,0.0,0.0,0.0,0.05,0.0,0,0.0,0,0,18-APR-2022,
OPTSTK,CUB,28-Apr-2022,82.5,PE,0.0,0.0,0.0,0.05,0.0,0,0.0,0,0,18-APR-2022,
OPTSTK,CUB,28-Apr-2022,85.0,PE,0.0,0.0,0.0,0.05,0.0,0,0.0,0,0,18-APR-2022,
OPTSTK,CUB,28-Apr-2022,87.5,PE,0.0,0.0,0.0,0.05,0.0,0,0.0,0,0,18-APR-2022,
OPTSTK,CUB,28-Apr-2022,90.0,PE,0.0,0.0,0.0,0.25,0.0,0,0.0,0,0,18-APR-2022,
OPTSTK,CUB,28-Apr-2022,92.5,PE,0.0,0.0,0.0,0.1,0.0,0,0.0,0,0,18-APR-2022,
OPTSTK,CUB,28-Apr-2022,95.0,PE,0.0,0.0,0.0,0.05,0.0,0,0.0,3400,0,18-APR-2022,
OPTSTK,CUB,28-Apr-2022,97.5,PE,0.0,0.0,0.0,0.25,0.0,0,0.0,0,0,18-APR-2022,
OPTSTK,CUB,28-Apr-2022,100.0,PE,0.0,0.0,0.0,0.25,0.0,0,0.0,13600,0,18-APR-2022,
OPTSTK,CUB,28-Apr-2022,102.5,PE,0.0,0.0,0.0,0.45,0.0,0,0.0,0,0,18-APR-2022,
OPTSTK,CUB,28-Apr-2022,105.0,PE,0.0,0.0,0.0,0.6,0.0,0,0.0,0,0,18-APR-2022,
OPTSTK,CUB,28-Apr-2022,107.5,PE,0.0,0.0,0.0,0.8,0.0,0,0.0,0,0,18-APR-2022,
OPTSTK,CUB,28-Apr-2022,110.0,PE,0.1,0.1,0.1,0.1,0.0,1,3.74,153000,-3400,18-APR-2022,
OPTSTK,CUB,28-Apr-2022,112.5,PE,0.0,0.0,0.0,1.3,0.0,0,0.0,0,0,18-APR-2022,
OPTSTK,CUB,28-Apr-2022,115.0,PE,0.0,0.0,0.0,0.25,0.05,0,0.0,34000,0,18-APR-2022,
OPTSTK,CUB,28-Apr-2022,117.5,PE,0.0,0.0,0.0,2.05,0.05,0,0.0,0,0,18-APR-2022,
OPTSTK,CUB,28-Apr-2022,120.0,PE,0.0,0.0,0.0,0.3,0.1,0,0.0,129200,0,18-APR-2022,
OPTSTK,CUB,28-Apr-2022,122.5,PE,0.0,0.0,0.0,0.5,0.2,0,0.0,6800,0,18-APR-2022,
OPTSTK,CUB,28-Apr-2022,125.0,PE,0.3,0.45,0.3,0.45,0.4,5,21.3,268600,3400,18-APR-2022,
OPTSTK,CUB,28-Apr-2022,127.5,PE,0.0,0.0,0.0,1.3,0.7,0,0.0,13600,0,18-APR-2022,
OPTSTK,CUB,28-Apr-2022,130.0,PE,1.0,1.1,0.95,1.1,1.1,17,75.74,312800,6800,18-APR-2022,
OPTSTK,CUB,28-Apr-2022,132.5,PE,1.85,1.85,1.15,1.15,1.9,4,18.24,13600,10200,18-APR-2022,
OPTSTK,CUB,28-Apr-2022,135.0,PE,2.45,2.65,1.7,2.3,2.3,38,177.63,125800,17000,18-APR-2022,
OPTSTK,CUB,28-Apr-2022,137.5,PE,3.6,3.6,3.4,3.4,4.1,2,9.58,3400,3400,18-APR-2022,
OPTSTK,CUB,28-Apr-2022,140.0,PE,4.25,5.5,4.25,5.0,5.6,7,34.52,265200,-10200,18-APR-2022,
OPTSTK,CUB,28-Apr-2022,142.5,PE,0.0,0.0,0.0,4.2,7.3,0,0.0,3400,0,18-APR-2022,
OPTSTK,CUB,28-Apr-2022,145.0,PE,0.0,0.0,0.0,6.5,9.25,0,0.0,3400,0,18-APR-2022,
OPTSTK,CUB,28-Apr-2022,147.5,PE,0.0,0.0,0.0,13.0,11.4,0,0.0,0,0,18-APR-2022,
OPTSTK,CUB,28-Apr-2022,150.0,PE,0.0,0.0,0.0,11.1,13.65,0,0.0,34000,0,18-APR-2022,
OPTSTK,CUB,28-Apr-2022,152.5,PE,0.0,0.0,0.0,16.05,15.95,0,0.0,0,0,18-APR-2022,
OPTSTK,CUB,28-Apr-2022,155.0,PE,0.0,0.0,0.0,17.65,18.35,0,0.0,0,0,18-APR-2022,
OPTSTK,CUB,28-Apr-2022,157.5,PE,0.0,0.0,0.0,19.35,20.8,0,0.0,0,0,18-APR-2022,
OPTSTK,CUB,28-Apr-2022,160.0,PE,0.0,0.0,0.0,21.1,23.25,0,0.0,0,0,18-APR-2022,
OPTSTK,CUB,28-Apr-2022,162.5,PE,0.0,0.0,0.0,22.95,25.75,0,0.0,0,0,18-APR-2022,
OPTSTK,CUB,28-Apr-2022,165.0,PE,0.0,0.0,0.0,24.8,28.25,0,0.0,0,0,18-APR-2022,
OPTSTK,CUB,28-Apr-2022,167.5,PE,0.0,0.0,0.0,26.75,30.75,0,0.0,0,0,18-APR-2022,
OPTSTK,CUB,28-Apr-2022,170.0,PE,0.0,0.0,0.0,28.75,33.25,0,0.0,0,0,18-APR-2022,
OPTSTK,CUB,28-Apr-2022,172.5,PE,0.0,0.0,0.0,30.8,35.75,0,0.0,0,0,18-APR-2022,
OPTSTK,CUB,28-Apr-2022,175.0,PE,0.0,0.0,0.0,32.9,38.2,0,0.0,0,0,18-APR-2022,
OPTSTK,CUB,28-Apr-2022,177.5,PE,0.0,0.0,0.0,35.0,40.7,0,0.0,0,0,18-APR-2022,
OPTSTK,CUB,28-Apr-2022,180.0,PE,0.0,0.0,0.0,37.2,43.2,0,0.0,0,0,18-APR-2022,
OPTSTK,CUB,28-Apr-2022,182.5,PE,0.0,0.0,0.0,39.35,45.7,0,0.0,0,0,18-APR-2022,
OPTSTK,CUB,28-Apr-2022,185.0,PE,0.0,0.0,0.0,41.6,48.2,0,0.0,0,0,18-APR-2022,
OPTSTK,CUB,28-Apr-2022,187.5,PE,0.0,0.0,0.0,43.85,50.7,0,0.0,0,0,18-APR-2022,
OPTSTK,CUB,28-Apr-2022,190.0,PE,0.0,0.0,0.0,46.15,53.2,0,0.0,0,0,18-APR-2022,
OPTSTK,CUB,28-Apr-2022,192.5,PE,0.0,0.0,0.0,48.45,55.7,0,0.0,0,0,18-APR-2022,
OPTSTK,CUB,28-Apr-2022,195.0,PE,0.0,0.0,0.0,50.75,58.2,0,0.0,0,0,18-APR-2022,
OPTSTK,CUB,26-May-2022,80.0,CE,0.0,0.0,0.0,43.75,56.95,0,0.0,0,0,18-APR-2022,
OPTSTK,CUB,26-May-2022,82.5,CE,0.0,0.0,0.0,41.3,54.5,0,0.0,0,0,18-APR-2022,
OPTSTK,CUB,26-May-2022,85.0,CE,0.0,0.0,0.0,38.9,52.0,0,0.0,0,0,18-APR-2022,
OPTSTK,CUB,26-May-2022,87.5,CE,0.0,0.0,0.0,36.55,49.5,0,0.0,0,0,18-APR-2022,
OPTSTK,CUB,26-May-2022,90.0,CE,0.0,0.0,0.0,34.2,47.0,0,0.0,0,0,18-APR-2022,
OPTSTK,CUB,26-May-2022,92.5,CE,0.0,0.0,0.0,31.9,44.55,0,0.0,0,0,18-APR-2022,
OPTSTK,CUB,26-May-2022,95.0,CE,0.0,0.0,0.0,29.65,42.05,0,0.0,0,0,18-APR-2022,
OPTSTK,CUB,26-May-2022,97.5,CE,0.0,0.0,0.0,27.5,39.55,0,0.0,0,0,18-APR-2022,
OPTSTK,CUB,26-May-2022,100.0,CE,0.0,0.0,0.0,25.35,37.1,0,0.0,0,0,18-APR-2022,
OPTSTK,CUB,26-May-2022,102.5,CE,0.0,0.0,0.0,23.3,34.65,0,0.0,0,0,18-APR-2022,
OPTSTK,CUB,26-May-2022,105.0,CE,0.0,0.0,0.0,21.35,32.2,0,0.0,0,0,18-APR-2022,
OPTSTK,CUB,26-May-2022,107.5,CE,0.0,0.0,0.0,19.5,29.8,0,0.0,0,0,18-APR-2022,
OPTSTK,CUB,26-May-2022,110.0,CE,0.0,0.0,0.0,17.7,27.4,0,0.0,0,0,18-APR-2022,
OPTSTK,CUB,26-May-2022,112.5,CE,0.0,0.0,0.0,16.05,25.1,0,0.0,0,0,18-APR-2022,
OPTSTK,CUB,26-May-2022,115.0,CE,0.0,0.0,0.0,14.45,22.8,0,0.0,0,0,18-APR-2022,
OPTSTK,CUB,26-May-2022,117.5,CE,0.0,0.0,0.0,13.0,20.6,0,0.0,0,0,18-APR-2022,
OPTSTK,CUB,26-May-2022,120.0,CE,0.0,0.0,0.0,11.65,18.5,0,0.0,0,0,18-APR-2022,
OPTSTK,CUB,26-May-2022,122.5,CE,0.0,0.0,0.0,10.4,16.5,0,0.0,0,0,18-APR-2022,
OPTSTK,CUB,26-May-2022,125.0,CE,0.0,0.0,0.0,9.25,14.6,0,0.0,0,0,18-APR-2022,
OPTSTK,CUB,26-May-2022,127.5,CE,0.0,0.0,0.0,8.2,12.8,0,0.0,0,0,18-APR-2022,
OPTSTK,CUB,26-May-2022,130.0,CE,0.0,0.0,0.0,7.2,11.15,0,0.0,0,0,18-APR-2022,
OPTSTK,CUB,26-May-2022,132.5,CE,0.0,0.0,0.0,6.35,9.65,0,0.0,0,0,18-APR-2022,
OPTSTK,CUB,26-May-2022,135.0,CE,0.0,0.0,0.0,5.55,8.25,0,0.0,0,0,18-APR-2022,
OPTSTK,CUB,26-May-2022,137.5,CE,0.0,0.0,0.0,4.85,7.05,0,0.0,0,0,18-APR-2022,
OPTSTK,CUB,26-May-2022,140.0,CE,0.0,0.0,0.0,8.4,5.95,0,0.0,3400,0,18-APR-2022,
OPTSTK,CUB,26-May-2022,142.5,CE,0.0,0.0,0.0,3.7,5.0,0,0.0,0,0,18-APR-2022,
OPTSTK,CUB,26-May-2022,145.0,CE,0.0,0.0,0.0,5.95,4.15,0,0.0,3400,0,18-APR-2022,
OPTSTK,CUB,26-May-2022,147.5,CE,0.0,0.0,0.0,2.75,3.4,0,0.0,0,0,18-APR-2022,
OPTSTK,CUB,26-May-2022,150.0,CE,0.0,0.0,0.0,5.3,2.8,0,0.0,13600,0,18-APR-2022,
OPTSTK,CUB,26-May-2022,152.5,CE,0.0,0.0,0.0,2.05,2.3,0,0.0,0,0,18-APR-2022,
OPTSTK,CUB,26-May-2022,155.0,CE,0.0,0.0,0.0,3.0,1.85,0,0.0,6800,0,18-APR-2022,
OPTSTK,CUB,26-May-2022,157.5,CE,0.0,0.0,0.0,1.5,1.5,0,0.0,0,0,18-APR-2022,
OPTSTK,CUB,26-May-2022,160.0,CE,0.0,0.0,0.0,1.3,1.2,0,0.0,0,0,18-APR-2022,
OPTSTK,CUB,26-May-2022,162.5,CE,0.0,0.0,0.0,1.1,0.95,0,0.0,0,0,18-APR-2022,
OPTSTK,CUB,26-May-2022,165.0,CE,0.0,0.0,0.0,0.95,0.75,0,0.0,0,0,18-APR-2022,
OPTSTK,CUB,26-May-2022,167.5,CE,0.0,0.0,0.0,0.8,0.6,0,0.0,0,0,18-APR-2022,
OPTSTK,CUB,26-May-2022,170.0,CE,0.0,0.0,0.0,0.7,0.45,0,0.0,0,0,18-APR-2022,
OPTSTK,CUB,26-May-2022,172.5,CE,0.0,0.0,0.0,0.55,0.35,0,0.0,0,0,18-APR-2022,
OPTSTK,CUB,26-May-2022,175.0,CE,0.0,0.0,0.0,0.5,0.25,0,0.0,0,0,18-APR-2022,
OPTSTK,CUB,26-May-2022,177.5,CE,0.0,0.0,0.0,0.4,0.2,0,0.0,0,0,18-APR-2022,
OPTSTK,CUB,26-May-2022,180.0,CE,0.0,0.0,0.0,0.35,0.15,0,0.0,0,0,18-APR-2022,
OPTSTK,CUB,26-May-2022,182.5,CE,0.0,0.0,0.0,0.3,0.15,0,0.0,0,0,18-APR-2022,
OPTSTK,CUB,26-May-2022,80.0,PE,0.0,0.0,0.0,0.1,0.0,0,0.0,0,0,18-APR-2022,
OPTSTK,CUB,26-May-2022,82.5,PE,0.0,0.0,0.0,0.15,0.0,0,0.0,0,0,18-APR-2022,
OPTSTK,CUB,26-May-2022,85.0,PE,0.0,0.0,0.0,0.25,0.0,0,0.0,0,0,18-APR-2022,
OPTSTK,CUB,26-May-2022,87.5,PE,0.0,0.0,0.0,0.35,0.0,0,0.0,0,0,18-APR-2022,
OPTSTK,CUB,26-May-2022,90.0,PE,0.0,0.0,0.0,0.45,0.0,0,0.0,0,0,18-APR-2022,
OPTSTK,CUB,26-May-2022,92.5,PE,0.0,0.0,0.0,0.65,0.05,0,0.0,0,0,18-APR-2022,
OPTSTK,CUB,26-May-2022,95.0,PE,0.0,0.0,0.0,0.85,0.05,0,0.0,0,0,18-APR-2022,
OPTSTK,CUB,26-May-2022,97.5,PE,0.0,0.0,0.0,1.15,0.05,0,0.0,0,0,18-APR-2022,
OPTSTK,CUB,26-May-2022,100.0,PE,0.0,0.0,0.0,1.5,0.05,0,0.0,0,0,18-APR-2022,
OPTSTK,CUB,26-May-2022,102.5,PE,0.0,0.0,0.0,1.95,0.1,0,0.0,0,0,18-APR-2022,
OPTSTK,CUB,26-May-2022,105.0,PE,0.0,0.0,0.0,2.45,0.15,0,0.0,0,0,18-APR-2022,
OPTSTK,CUB,26-May-2022,107.5,PE,0.0,0.0,0.0,3.05,0.2,0,0.0,0,0,18-APR-2022,
OPTSTK,CUB,26-May-2022,110.0,PE,0.0,0.0,0.0,3.75,0.35,0,0.0,0,0,18-APR-2022,
OPTSTK,CUB,26-May-2022,112.5,PE,0.0,0.0,0.0,4.55,0.5,0,0.0,0,0,18-APR-2022,
OPTSTK,CUB,26-May-2022,115.0,PE,0.0,0.0,0.0,5.45,0.7,0,0.0,0,0,18-APR-2022,
OPTSTK,CUB,26-May-2022,117.5,PE,0.0,0.0,0.0,6.5,1.0,0,0.0,0,0,18-APR-2022,
OPTSTK,CUB,26-May-2022,120.0,PE,0.0,0.0,0.0,7.6,1.35,0,0.0,0,0,18-APR-2022,
OPTSTK,CUB,26-May-2022,122.5,PE,0.0,0.0,0.0,8.8,1.85,0,0.0,0,0,18-APR-2022,
OPTSTK,CUB,26-May-2022,125.0,PE,0.0,0.0,0.0,10.15,2.45,0,0.0,0,0,18-APR-2022,
OPTSTK,CUB,26-May-2022,127.5,PE,0.0,0.0,0.0,11.55,3.15,0,0.0,0,0,18-APR-2022,
OPTSTK,CUB,26-May-2022,130.0,PE,0.0,0.0,0.0,13.05,4.0,0,0.0,0,0,18-APR-2022,
OPTSTK,CUB,26-May-2022,132.5,PE,0.0,0.0,0.0,14.65,4.95,0,0.0,0,0,18-APR-2022,
OPTSTK,CUB,26-May-2022,135.0,PE,0.0,0.0,0.0,16.35,6.05,0,0.0,0,0,18-APR-2022,
OPTSTK,CUB,26-May-2022,137.5,PE,0.0,0.0,0.0,18.15,7.35,0,0.0,0,0,18-APR-2022,
OPTSTK,CUB,26-May-2022,140.0,PE,0.0,0.0,0.0,20.0,8.7,0,0.0,0,0,18-APR-2022,
OPTSTK,CUB,26-May-2022,142.5,PE,0.0,0.0,0.0,21.9,10.25,0,0.0,0,0,18-APR-2022,
OPTSTK,CUB,26-May-2022,145.0,PE,0.0,0.0,0.0,23.9,11.9,0,0.0,0,0,18-APR-2022,
OPTSTK,CUB,26-May-2022,147.5,PE,0.0,0.0,0.0,25.9,13.65,0,0.0,0,0,18-APR-2022,
OPTSTK,CUB,26-May-2022,150.0,PE,0.0,0.0,0.0,28.0,15.55,0,0.0,0,0,18-APR-2022,
OPTSTK,CUB,26-May-2022,152.5,PE,0.0,0.0,0.0,30.15,17.5,0,0.0,0,0,18-APR-2022,
OPTSTK,CUB,26-May-2022,155.0,PE,0.0,0.0,0.0,32.35,19.55,0,0.0,0,0,18-APR-2022,
OPTSTK,CUB,26-May-2022,157.5,PE,0.0,0.0,0.0,34.55,21.7,0,0.0,0,0,18-APR-2022,
OPTSTK,CUB,26-May-2022,160.0,PE,0.0,0.0,0.0,36.8,23.85,0,0.0,0,0,18-APR-2022,
OPTSTK,CUB,26-May-2022,162.5,PE,0.0,0.0,0.0,39.1,26.1,0,0.0,0,0,18-APR-2022,
OPTSTK,CUB,26-May-2022,165.0,PE,0.0,0.0,0.0,41.4,28.4,0,0.0,0,0,18-APR-2022,
OPTSTK,CUB,26-May-2022,167.5,PE,0.0,0.0,0.0,43.75,30.75,0,0.0,0,0,18-APR-2022,
OPTSTK,CUB,26-May-2022,170.0,PE,0.0,0.0,0.0,46.1,33.1,0,0.0,0,0,18-APR-2022,
OPTSTK,CUB,26-May-2022,172.5,PE,0.0,0.0,0.0,48.45,35.5,0,0.0,0,0,18-APR-2022,
OPTSTK,CUB,26-May-2022,175.0,PE,0.0,0.0,0.0,50.85,37.9,0,0.0,0,0,18-APR-2022,
OPTSTK,CUB,26-May-2022,177.5,PE,0.0,0.0,0.0,53.25,40.35,0,0.0,0,0,18-APR-2022,
OPTSTK,CUB,26-May-2022,180.0,PE,0.0,0.0,0.0,55.65,42.75,0,0.0,0,0,18-APR-2022,
OPTSTK,CUB,26-May-2022,182.5,PE,0.0,0.0,0.0,58.1,45.2,0,0.0,0,0,18-APR-2022,
OPTSTK,CUB,30-Jun-2022,80.0,CE,0.0,0.0,0.0,49.8,57.3,0,0.0,0,0,18-APR-2022,
OPTSTK,CUB,30-Jun-2022,82.5,CE,0.0,0.0,0.0,47.4,54.85,0,0.0,0,0,18-APR-2022,
OPTSTK,CUB,30-Jun-2022,85.0,CE,0.0,0.0,0.0,44.95,52.35,0,0.0,0,0,18-APR-2022,
OPTSTK,CUB,30-Jun-2022,87.5,CE,0.0,0.0,0.0,42.55,49.9,0,0.0,0,0,18-APR-2022,
OPTSTK,CUB,30-Jun-2022,90.0,CE,0.0,0.0,0.0,40.15,47.45,0,0.0,0,0,18-APR-2022,
OPTSTK,CUB,30-Jun-2022,92.5,CE,0.0,0.0,0.0,37.8,45.0,0,0.0,0,0,18-APR-2022,
OPTSTK,CUB,30-Jun-2022,95.0,CE,0.0,0.0,0.0,35.5,42.6,0,0.0,0,0,18-APR-2022,
OPTSTK,CUB,30-Jun-2022,97.5,CE,0.0,0.0,0.0,33.25,40.2,0,0.0,0,0,18-APR-2022,
OPTSTK,CUB,30-Jun-2022,100.0,CE,0.0,0.0,0.0,31.05,37.8,0,0.0,0,0,18-APR-2022,
OPTSTK,CUB,30-Jun-2022,102.5,CE,0.0,0.0,0.0,28.9,35.45,0,0.0,0,0,18-APR-2022,
OPTSTK,CUB,30-Jun-2022,105.0,CE,0.0,0.0,0.0,26.8,33.15,0,0.0,0,0,18-APR-2022,
OPTSTK,CUB,30-Jun-2022,107.5,CE,0.0,0.0,0.0,24.75,30.9,0,0.0,0,0,18-APR-2022,
OPTSTK,CUB,30-Jun-2022,110.0,CE,0.0,0.0,0.0,22.85,28.7,0,0.0,0,0,18-APR-2022,
OPTSTK,CUB,30-Jun-2022,112.5,CE,0.0,0.0,0.0,21.0,26.6,0,0.0,0,0,18-APR-2022,
OPTSTK,CUB,30-Jun-2022,115.0,CE,0.0,0.0,0.0,19.2,24.5,0,0.0,0,0,18-APR-2022,
OPTSTK,CUB,30-Jun-2022,117.5,CE,0.0,0.0,0.0,17.55,22.55,0,0.0,0,0,18-APR-2022,
OPTSTK,CUB,30-Jun-2022,120.0,CE,0.0,0.0,0.0,15.95,20.65,0,0.0,0,0,18-APR-2022,
OPTSTK,CUB,30-Jun-2022,122.5,CE,0.0,0.0,0.0,14.5,18.85,0,0.0,0,0,18-APR-2022,
OPTSTK,CUB,30-Jun-2022,125.0,CE,0.0,0.0,0.0,13.1,17.1,0,0.0,0,0,18-APR-2022,
OPTSTK,CUB,30-Jun-2022,127.5,CE,0.0,0.0,0.0,11.8,15.5,0,0.0,0,0,18-APR-2022,
OPTSTK,CUB,30-Jun-2022,130.0,CE,0.0,0.0,0.0,10.6,14.0,0,0.0,0,0,18-APR-2022,
OPTSTK,CUB,30-Jun-2022,132.5,CE,0.0,0.0,0.0,9.5,12.55,0,0.0,0,0,18-APR-2022,
OPTSTK,CUB,30-Jun-2022,135.0,CE,0.0,0.0,0.0,8.5,11.25,0,0.0,0,0,18-APR-2022,
OPTSTK,CUB,30-Jun-2022,137.5,CE,0.0,0.0,0.0,7.6,10.05,0,0.0,0,0,18-APR-2022,
OPTSTK,CUB,30-Jun-2022,140.0,CE,0.0,0.0,0.0,6.75,8.95,0,0.0,0,0,18-APR-2022,
OPTSTK,CUB,30-Jun-2022,142.5,CE,0.0,0.0,0.0,6.0,7.9,0,0.0,0,0,18-APR-2022,
OPTSTK,CUB,30-Jun-2022,145.0,CE,0.0,0.0,0.0,5.3,7.0,0,0.0,0,0,18-APR-2022,
OPTSTK,CUB,30-Jun-2022,147.5,CE,0.0,0.0,0.0,4.65,6.15,0,0.0,0,0,18-APR-2022,
OPTSTK,CUB,30-Jun-2022,150.0,CE,0.0,0.0,0.0,4.1,5.4,0,0.0,0,0,18-APR-2022,
OPTSTK,CUB,30-Jun-2022,152.5,CE,0.0,0.0,0.0,3.6,4.75,0,0.0,0,0,18-APR-2022,
OPTSTK,CUB,30-Jun-2022,155.0,CE,0.0,0.0,0.0,3.15,4.15,0,0.0,0,0,18-APR-2022,
OPTSTK,CUB,30-Jun-2022,157.5,CE,0.0,0.0,0.0,2.75,3.6,0,0.0,0,0,18-APR-2022,
OPTSTK,CUB,30-Jun-2022,160.0,CE,0.0,0.0,0.0,2.4,3.1,0,0.0,0,0,18-APR-2022,
OPTSTK,CUB,30-Jun-2022,162.5,CE,0.0,0.0,0.0,2.1,2.7,0,0.0,0,0,18-APR-2022,
OPTSTK,CUB,30-Jun-2022,165.0,CE,0.0,0.0,0.0,1.85,2.35,0,0.0,0,0,18-APR-2022,
OPTSTK,CUB,30-Jun-2022,167.5,CE,0.0,0.0,0.0,1.6,2.0,0,0.0,0,0,18-APR-2022,
OPTSTK,CUB,30-Jun-2022,170.0,CE,0.0,0.0,0.0,1.4,1.7,0,0.0,0,0,18-APR-2022,
OPTSTK,CUB,30-Jun-2022,172.5,CE,0.0,0.0,0.0,1.2,1.45,0,0.0,0,0,18-APR-2022,
OPTSTK,CUB,30-Jun-2022,175.0,CE,0.0,0.0,0.0,1.05,1.25,0,0.0,0,0,18-APR-2022,
OPTSTK,CUB,30-Jun-2022,177.5,CE,0.0,0.0,0.0,0.9,1.05,0,0.0,0,0,18-APR-2022,
OPTSTK,CUB,30-Jun-2022,180.0,CE,0.0,0.0,0.0,0.75,0.9,0,0.0,0,0,18-APR-2022,
OPTSTK,CUB,30-Jun-2022,80.0,PE,0.0,0.0,0.0,0.1,0.05,0,0.0,0,0,18-APR-2022,
OPTSTK,CUB,30-Jun-2022,82.5,PE,0.0,0.0,0.0,0.1,0.05,0,0.0,0,0,18-APR-2022,
OPTSTK,CUB,30-Jun-2022,85.0,PE,0.0,0.0,0.0,0.15,0.05,0,0.0,0,0,18-APR-2022,
OPTSTK,CUB,30-Jun-2022,87.5,PE,0.0,0.0,0.0,0.25,0.05,0,0.0,0,0,18-APR-2022,
OPTSTK,CUB,30-Jun-2022,90.0,PE,0.0,0.0,0.0,0.3,0.1,0,0.0,0,0,18-APR-2022,
OPTSTK,CUB,30-Jun-2022,92.5,PE,0.0,0.0,0.0,0.45,0.1,0,0.0,0,0,18-APR-2022,
OPTSTK,CUB,30-Jun-2022,95.0,PE,0.0,0.0,0.0,0.6,0.2,0,0.0,0,0,18-APR-2022,
OPTSTK,CUB,30-Jun-2022,97.5,PE,0.0,0.0,0.0,0.8,0.25,0,0.0,0,0,18-APR-2022,
OPTSTK,CUB,30-Jun-2022,100.0,PE,0.0,0.0,0.0,1.1,0.35,0,0.0,0,0,18-APR-2022,
OPTSTK,CUB,30-Jun-2022,102.5,PE,0.0,0.0,0.0,1.4,0.5,0,0.0,0,0,18-APR-2022,
OPTSTK,CUB,30-Jun-2022,105.0,PE,0.0,0.0,0.0,1.8,0.65,0,0.0,0,0,18-APR-2022,
OPTSTK,CUB,30-Jun-2022,107.5,PE,0.0,0.0,0.0,2.25,0.9,0,0.0,0,0,18-APR-2022,
OPTSTK,CUB,30-Jun-2022,110.0,PE,0.0,0.0,0.0,2.8,1.2,0,0.0,0,0,18-APR-2022,
OPTSTK,CUB,30-Jun-2022,112.5,PE,0.0,0.0,0.0,3.4,1.5,0,0.0,0,0,18-APR-2022,
OPTSTK,CUB,30-Jun-2022,115.0,PE,0.0,0.0,0.0,4.1,1.95,0,0.0,0,0,18-APR-2022,
OPTSTK,CUB,30-Jun-2022,117.5,PE,0.0,0.0,0.0,4.9,2.45,0,0.0,0,0,18-APR-2022,
OPTSTK,CUB,30-Jun-2022,120.0,PE,0.0,0.0,0.0,5.8,3.0,0,0.0,0,0,18-APR-2022,
OPTSTK,CUB,30-Jun-2022,122.5,PE,0.0,0.0,0.0,6.8,3.7,0,0.0,0,0,18-APR-2022,
OPTSTK,CUB,30-Jun-2022,125.0,PE,0.0,0.0,0.0,7.9,4.45,0,0.0,0,0,18-APR-2022,
OPTSTK,CUB,30-Jun-2022,127.5,PE,0.0,0.0,0.0,9.05,5.3,0,0.0,0,0,18-APR-2022,
OPTSTK,CUB,30-Jun-2022,130.0,PE,0.0,0.0,0.0,10.35,6.3,0,0.0,0,0,18-APR-2022,
OPTSTK,CUB,30-Jun-2022,132.5,PE,0.0,0.0,0.0,11.75,7.35,0,0.0,0,0,18-APR-2022,
OPTSTK,CUB,30-Jun-2022,135.0,PE,0.0,0.0,0.0,13.2,8.5,0,0.0,0,0,18-APR-2022,
OPTSTK,CUB,30-Jun-2022,137.5,PE,0.0,0.0,0.0,14.75,9.8,0,0.0,0,0,18-APR-2022,
OPTSTK,CUB,30-Jun-2022,140.0,PE,0.0,0.0,0.0,16.35,11.15,0,0.0,0,0,18-APR-2022,
OPTSTK,CUB,30-Jun-2022,142.5,PE,0.0,0.0,0.0,18.1,12.6,0,0.0,0,0,18-APR-2022,
OPTSTK,CUB,30-Jun-2022,145.0,PE,0.0,0.0,0.0,19.85,14.15,0,0.0,0,0,18-APR-2022,
OPTSTK,CUB,30-Jun-2022,147.5,PE,0.0,0.0,0.0,21.7,15.8,0,0.0,0,0,18-APR-2022,
OPTSTK,CUB,30-Jun-2022,150.0,PE,0.0,0.0,0.0,23.65,17.55,0,0.0,0,0,18-APR-2022,
OPTSTK,CUB,30-Jun-2022,152.5,PE,0.0,0.0,0.0,25.6,19.35,0,0.0,0,0,18-APR-2022,
OPTSTK,CUB,30-Jun-2022,155.0,PE,0.0,0.0,0.0,27.65,21.2,0,0.0,0,0,18-APR-2022,
OPTSTK,CUB,30-Jun-2022,157.5,PE,0.0,0.0,0.0,29.7,23.15,0,0.0,0,0,18-APR-2022,
OPTSTK,CUB,30-Jun-2022,160.0,PE,0.0,0.0,0.0,31.85,25.15,0,0.0,0,0,18-APR-2022,
OPTSTK,CUB,30-Jun-2022,162.5,PE,0.0,0.0,0.0,34.0,27.2,0,0.0,0,0,18-APR-2022,
OPTSTK,CUB,30-Jun-2022,165.0,PE,0.0,0.0,0.0,36.2,29.35,0,0.0,0,0,18-APR-2022,
OPTSTK,CUB,30-Jun-2022,167.5,PE,0.0,0.0,0.0,38.45,31.5,0,0.0,0,0,18-APR-2022,
OPTSTK,CUB,30-Jun-2022,170.0,PE,0.0,0.0,0.0,40.7,33.7,0,0.0,0,0,18-APR-2022,
OPTSTK,CUB,30-Jun-2022,172.5,PE,0.0,0.0,0.0,43.0,35.9,0,0.0,0,0,18-APR-2022,
OPTSTK,CUB,30-Jun-2022,175.0,PE,0.0,0.0,0.0,45.3,38.2,0,0.0,0,0,18-APR-2022,
OPTSTK,CUB,30-Jun-2022,177.5,PE,0.0,0.0,0.0,47.6,40.45,0,0.0,0,0,18-APR-2022,
OPTSTK,CUB,30-Jun-2022,180.0,PE,0.0,0.0,0.0,49.95,42.8,0,0.0,0,0,18-APR-2022,
OPTSTK,CUMMINSIND,28-Apr-2022,620.0,CE,0.0,0.0,0.0,294.15,461.5,0,0.0,0,0,18-APR-2022,
OPTSTK,CUMMINSIND,28-Apr-2022,630.0,CE,0.0,0.0,0.0,284.55,451.55,0,0.0,0,0,18-APR-2022,
OPTSTK,CUMMINSIND,28-Apr-2022,640.0,CE,0.0,0.0,0.0,275.0,441.55,0,0.0,0,0,18-APR-2022,
OPTSTK,CUMMINSIND,28-Apr-2022,650.0,CE,0.0,0.0,0.0,265.55,431.55,0,0.0,0,0,18-APR-2022,
OPTSTK,CUMMINSIND,28-Apr-2022,660.0,CE,0.0,0.0,0.0,256.15,421.55,0,0.0,0,0,18-APR-2022,
OPTSTK,CUMMINSIND,28-Apr-2022,670.0,CE,0.0,0.0,0.0,246.85,411.55,0,0.0,0,0,18-APR-2022,
OPTSTK,CUMMINSIND,28-Apr-2022,680.0,CE,0.0,0.0,0.0,237.6,401.6,0,0.0,0,0,18-APR-2022,
OPTSTK,CUMMINSIND,28-Apr-2022,690.0,CE,0.0,0.0,0.0,228.5,391.6,0,0.0,0,0,18-APR-2022,
OPTSTK,CUMMINSIND,28-Apr-2022,700.0,CE,0.0,0.0,0.0,219.5,381.6,0,0.0,0,0,18-APR-2022,
OPTSTK,CUMMINSIND,28-Apr-2022,710.0,CE,0.0,0.0,0.0,210.65,371.6,0,0.0,0,0,18-APR-2022,
OPTSTK,CUMMINSIND,28-Apr-2022,720.0,CE,0.0,0.0,0.0,201.9,361.65,0,0.0,0,0,18-APR-2022,
OPTSTK,CUMMINSIND,28-Apr-2022,730.0,CE,0.0,0.0,0.0,193.3,351.65,0,0.0,0,0,18-APR-2022,
OPTSTK,CUMMINSIND,28-Apr-2022,740.0,CE,0.0,0.0,0.0,184.9,341.65,0,0.0,0,0,18-APR-2022,
OPTSTK,CUMMINSIND,28-Apr-2022,750.0,CE,0.0,0.0,0.0,176.6,331.65,0,0.0,0,0,18-APR-2022,
OPTSTK,CUMMINSIND,28-Apr-2022,760.0,CE,0.0,0.0,0.0,168.5,321.7,0,0.0,0,0,18-APR-2022,
OPTSTK,CUMMINSIND,28-Apr-2022,770.0,CE,0.0,0.0,0.0,160.6,311.7,0,0.0,0,0,18-APR-2022,
OPTSTK,CUMMINSIND,28-Apr-2022,780.0,CE,0.0,0.0,0.0,152.9,301.7,0,0.0,0,0,18-APR-2022,
OPTSTK,CUMMINSIND,28-Apr-2022,790.0,CE,0.0,0.0,0.0,145.35,291.7,0,0.0,0,0,18-APR-2022,
OPTSTK,CUMMINSIND,28-Apr-2022,800.0,CE,0.0,0.0,0.0,138.1,281.7,0,0.0,0,0,18-APR-2022,
OPTSTK,CUMMINSIND,28-Apr-2022,810.0,CE,0.0,0.0,0.0,131.0,271.75,0,0.0,0,0,18-APR-2022,
OPTSTK,CUMMINSIND,28-Apr-2022,820.0,CE,0.0,0.0,0.0,124.1,261.75,0,0.0,0,0,18-APR-2022,
OPTSTK,CUMMINSIND,28-Apr-2022,830.0,CE,0.0,0.0,0.0,117.4,251.75,0,0.0,0,0,18-APR-2022,
OPTSTK,CUMMINSIND,28-Apr-2022,840.0,CE,0.0,0.0,0.0,110.95,241.75,0,0.0,0,0,18-APR-2022,
OPTSTK,CUMMINSIND,28-Apr-2022,850.0,CE,0.0,0.0,0.0,104.75,231.8,0,0.0,0,0,18-APR-2022,
OPTSTK,CUMMINSIND,28-Apr-2022,860.0,CE,0.0,0.0,0.0,98.8,221.8,0,0.0,0,0,18-APR-2022,
OPTSTK,CUMMINSIND,28-Apr-2022,870.0,CE,0.0,0.0,0.0,93.05,211.8,0,0.0,0,0,18-APR-2022,
OPTSTK,CUMMINSIND,28-Apr-2022,880.0,CE,0.0,0.0,0.0,87.55,201.8,0,0.0,0,0,18-APR-2022,
OPTSTK,CUMMINSIND,28-Apr-2022,890.0,CE,0.0,0.0,0.0,82.25,191.85,0,0.0,0,0,18-APR-2022,
OPTSTK,CUMMINSIND,28-Apr-2022,900.0,CE,0.0,0.0,0.0,77.2,181.85,0,0.0,0,0,18-APR-2022,
OPTSTK,CUMMINSIND,28-Apr-2022,910.0,CE,0.0,0.0,0.0,72.4,171.9,0,0.0,0,0,18-APR-2022,
OPTSTK,CUMMINSIND,28-Apr-2022,920.0,CE,0.0,0.0,0.0,67.8,161.95,0,0.0,0,0,18-APR-2022,
OPTSTK,CUMMINSIND,28-Apr-2022,930.0,CE,0.0,0.0,0.0,63.45,152.0,0,0.0,0,0,18-APR-2022,
OPTSTK,CUMMINSIND,28-Apr-2022,940.0,CE,0.0,0.0,0.0,59.3,142.15,0,0.0,0,0,18-APR-2022,
OPTSTK,CUMMINSIND,28-Apr-2022,950.0,CE,0.0,0.0,0.0,55.35,132.3,0,0.0,0,0,18-APR-2022,
OPTSTK,CUMMINSIND,28-Apr-2022,960.0,CE,0.0,0.0,0.0,51.6,122.55,0,0.0,0,0,18-APR-2022,
OPTSTK,CUMMINSIND,28-Apr-2022,970.0,CE,0.0,0.0,0.0,48.05,112.9,0,0.0,0,0,18-APR-2022,
OPTSTK,CUMMINSIND,28-Apr-2022,980.0,CE,0.0,0.0,0.0,44.75,103.4,0,0.0,0,0,18-APR-2022,
OPTSTK,CUMMINSIND,28-Apr-2022,990.0,CE,0.0,0.0,0.0,110.0,94.1,0,0.0,1200,0,18-APR-2022,
OPTSTK,CUMMINSIND,28-Apr-2022,1000.0,CE,92.0,92.1,84.7,84.7,85.05,3,19.61,4200,0,18-APR-2022,
OPTSTK,CUMMINSIND,28-Apr-2022,1010.0,CE,0.0,0.0,0.0,35.85,76.3,0,0.0,0,0,18-APR-2022,
OPTSTK,CUMMINSIND,28-Apr-2022,1020.0,CE,0.0,0.0,0.0,33.2,67.9,0,0.0,0,0,18-APR-2022,
OPTSTK,CUMMINSIND,28-Apr-2022,1030.0,CE,0.0,0.0,0.0,70.0,59.9,0,0.0,600,0,18-APR-2022,
OPTSTK,CUMMINSIND,28-Apr-2022,1040.0,CE,0.0,0.0,0.0,28.5,52.4,0,0.0,0,0,18-APR-2022,
OPTSTK,CUMMINSIND,28-Apr-2022,1050.0,CE,0.0,0.0,0.0,67.0,45.35,0,0.0,2400,0,18-APR-2022,
OPTSTK,CUMMINSIND,28-Apr-2022,1060.0,CE,0.0,0.0,0.0,80.0,38.9,0,0.0,2400,0,18-APR-2022,
OPTSTK,CUMMINSIND,28-Apr-2022,1070.0,CE,32.0,38.5,31.9,38.5,33.0,4,26.49,1200,1200,18-APR-2022,
OPTSTK,CUMMINSIND,28-Apr-2022,1080.0,CE,27.25,27.3,27.25,27.3,27.7,2,13.28,1800,1200,18-APR-2022,
OPTSTK,CUMMINSIND,28-Apr-2022,1090.0,CE,20.0,25.0,20.0,25.0,25.0,2,13.35,2400,1200,18-APR-2022,
OPTSTK,CUMMINSIND,28-Apr-2022,1100.0,CE,16.45,24.55,14.8,21.65,21.65,231,1551.95,102000,18600,18-APR-2022,
OPTSTK,CUMMINSIND,28-Apr-2022,1110.0,CE,17.0,17.0,17.0,17.0,15.35,1,6.76,600,0,18-APR-2022,
OPTSTK,CUMMINSIND,28-Apr-2022,1120.0,CE,14.0,15.55,10.8,13.0,12.35,21,142.71,27600,600,18-APR-2022,
OPTSTK,CUMMINSIND,28-Apr-2022,1130.0,CE,13.15,13.15,8.7,12.05,9.8,10,68.43,33000,-600,18-APR-2022,
OPTSTK,CUMMINSIND,28-Apr-2022,1140.0,CE,10.9,11.5,7.0,9.6,9.6,125,861.7,149400,-15000,18-APR-2022,
OPTSTK,CUMMINSIND,28-Apr-2022,1150.0,CE,5.05,9.6,5.05,8.5,8.5,64,444.4,67200,-10200,18-APR-2022,
OPTSTK,CUMMINSIND,28-Apr-2022,1160.0,CE,6.35,7.65,4.6,6.25,6.25,147,1027.88,97800,-24000,18-APR-2022,
OPTSTK,CUMMINSIND,28-Apr-2022,1170.0,CE,5.15,6.35,3.95,5.0,5.0,23,162.15,10800,-600,18-APR-2022,
OPTSTK,CUMMINSIND,28-Apr-2022,1180.0,CE,2.3,3.55,2.3,3.55,3.55,5,35.47,56400,0,18-APR-2022,
OPTSTK,CUMMINSIND,28-Apr-2022,1190.0,CE,0.0,0.0,0.0,9.15,1.9,0,0.0,5400,0,18-APR-2022,
OPTSTK,CUMMINSIND,28-Apr-2022,1200.0,CE,4.0,4.0,2.0,2.85,2.85,173,1248.41,101400,-27600,18-APR-2022,
OPTSTK,CUMMINSIND,28-Apr-2022,1210.0,CE,2.45,2.45,2.45,2.45,2.45,1,7.27,2400,0,18-APR-2022,
OPTSTK,CUMMINSIND,28-Apr-2022,1220.0,CE,1.6,2.5,1.55,2.5,2.5,24,175.97,13200,600,18-APR-2022,
OPTSTK,CUMMINSIND,28-Apr-2022,1230.0,CE,0.0,0.0,0.0,5.55,0.5,0,0.0,0,0,18-APR-2022,
OPTSTK,CUMMINSIND,28-Apr-2022,1240.0,CE,1.75,1.75,1.55,1.55,0.35,2,14.89,3000,-1200,18-APR-2022,
OPTSTK,CUMMINSIND,28-Apr-2022,1250.0,CE,1.55,2.0,1.25,1.55,0.25,13,97.63,25800,-3600,18-APR-2022,
OPTSTK,CUMMINSIND,28-Apr-2022,1260.0,CE,0.0,0.0,0.0,4.2,0.2,0,0.0,0,0,18-APR-2022,
OPTSTK,CUMMINSIND,28-Apr-2022,1270.0,CE,0.0,0.0,0.0,3.8,0.15,0,0.0,0,0,18-APR-2022,
OPTSTK,CUMMINSIND,28-Apr-2022,1280.0,CE,0.0,0.0,0.0,3.05,0.1,0,0.0,600,0,18-APR-2022,
OPTSTK,CUMMINSIND,28-Apr-2022,1290.0,CE,0.0,0.0,0.0,3.15,0.05,0,0.0,0,0,18-APR-2022,
OPTSTK,CUMMINSIND,28-Apr-2022,1300.0,CE,1.25,1.35,0.85,1.0,1.0,14,109.29,53400,-1800,18-APR-2022,
OPTSTK,CUMMINSIND,28-Apr-2022,1310.0,CE,0.0,0.0,0.0,3.55,0.05,0,0.0,0,0,18-APR-2022,
OPTSTK,CUMMINSIND,28-Apr-2022,1320.0,CE,0.0,0.0,0.0,3.55,0.05,0,0.0,0,0,18-APR-2022,
OPTSTK,CUMMINSIND,28-Apr-2022,1340.0,CE,0.0,0.0,0.0,1.85,0.05,0,0.0,0,0,18-APR-2022,
OPTSTK,CUMMINSIND,28-Apr-2022,1360.0,CE,0.0,0.0,0.0,2.2,0.0,0,0.0,0,0,18-APR-2022,
OPTSTK,CUMMINSIND,28-Apr-2022,620.0,PE,0.0,0.0,0.0,1.15,0.0,0,0.0,0,0,18-APR-2022,
OPTSTK,CUMMINSIND,28-Apr-2022,630.0,PE,0.0,0.0,0.0,1.45,0.0,0,0.0,0,0,18-APR-2022,
OPTSTK,CUMMINSIND,28-Apr-2022,640.0,PE,0.0,0.0,0.0,1.8,0.0,0,0.0,0,0,18-APR-2022,
OPTSTK,CUMMINSIND,28-Apr-2022,650.0,PE,0.0,0.0,0.0,2.2,0.0,0,0.0,0,0,18-APR-2022,
OPTSTK,CUMMINSIND,28-Apr-2022,660.0,PE,0.0,0.0,0.0,2.7,0.0,0,0.0,0,0,18-APR-2022,
OPTSTK,CUMMINSIND,28-Apr-2022,670.0,PE,0.0,0.0,0.0,3.3,0.0,0,0.0,0,0,18-APR-2022,
OPTSTK,CUMMINSIND,28-Apr-2022,680.0,PE,0.0,0.0,0.0,4.0,0.0,0,0.0,0,0,18-APR-2022,
OPTSTK,CUMMINSIND,28-Apr-2022,690.0,PE,0.0,0.0,0.0,4.75,0.0,0,0.0,0,0,18-APR-2022,
OPTSTK,CUMMINSIND,28-Apr-2022,700.0,PE,0.0,0.0,0.0,5.65,0.0,0,0.0,0,0,18-APR-2022,
OPTSTK,CUMMINSIND,28-Apr-2022,710.0,PE,0.0,0.0,0.0,6.7,0.0,0,0.0,0,0,18-APR-2022,
OPTSTK,CUMMINSIND,28-Apr-2022,720.0,PE,0.0,0.0,0.0,7.85,0.0,0,0.0,0,0,18-APR-2022,
OPTSTK,CUMMINSIND,28-Apr-2022,730.0,PE,0.0,0.0,0.0,9.15,0.0,0,0.0,0,0,18-APR-2022,
OPTSTK,CUMMINSIND,28-Apr-2022,740.0,PE,0.0,0.0,0.0,10.6,0.0,0,0.0,0,0,18-APR-2022,
OPTSTK,CUMMINSIND,28-Apr-2022,750.0,PE,0.0,0.0,0.0,12.25,0.0,0,0.0,0,0,18-APR-2022,
OPTSTK,CUMMINSIND,28-Apr-2022,760.0,PE,0.0,0.0,0.0,14.05,0.0,0,0.0,0,0,18-APR-2022,
OPTSTK,CUMMINSIND,28-Apr-2022,770.0,PE,0.0,0.0,0.0,16.05,0.0,0,0.0,0,0,18-APR-2022,
OPTSTK,CUMMINSIND,28-Apr-2022,780.0,PE,0.0,0.0,0.0,18.2,0.0,0,0.0,0,0,18-APR-2022,
OPTSTK,CUMMINSIND,28-Apr-2022,790.0,PE,0.0,0.0,0.0,20.6,0.0,0,0.0,0,0,18-APR-2022,
OPTSTK,CUMMINSIND,28-Apr-2022,800.0,PE,0.0,0.0,0.0,23.2,0.0,0,0.0,0,0,18-APR-2022,
OPTSTK,CUMMINSIND,28-Apr-2022,810.0,PE,0.0,0.0,0.0,26.0,0.0,0,0.0,0,0,18-APR-2022,
OPTSTK,CUMMINSIND,28-Apr-2022,820.0,PE,0.0,0.0,0.0,29.0,0.0,0,0.0,0,0,18-APR-2022,
OPTSTK,CUMMINSIND,28-Apr-2022,830.0,PE,0.0,0.0,0.0,32.2,0.0,0,0.0,0,0,18-APR-2022,
OPTSTK,CUMMINSIND,28-Apr-2022,840.0,PE,0.0,0.0,0.0,35.65,0.0,0,0.0,0,0,18-APR-2022,
OPTSTK,CUMMINSIND,28-Apr-2022,850.0,PE,0.0,0.0,0.0,39.35,0.0,0,0.0,0,0,18-APR-2022,
OPTSTK,CUMMINSIND,28-Apr-2022,860.0,PE,0.0,0.0,0.0,43.3,0.0,0,0.0,0,0,18-APR-2022,
OPTSTK,CUMMINSIND,28-Apr-2022,870.0,PE,0.0,0.0,0.0,47.45,0.0,0,0.0,0,0,18-APR-2022,
OPTSTK,CUMMINSIND,28-Apr-2022,880.0,PE,0.0,0.0,0.0,51.85,0.05,0,0.0,0,0,18-APR-2022,
OPTSTK,CUMMINSIND,28-Apr-2022,890.0,PE,0.0,0.0,0.0,56.45,0.05,0,0.0,0,0,18-APR-2022,
OPTSTK,CUMMINSIND,28-Apr-2022,900.0,PE,0.0,0.0,0.0,0.5,0.05,0,0.0,1200,0,18-APR-2022,
OPTSTK,CUMMINSIND,28-Apr-2022,910.0,PE,0.0,0.0,0.0,66.35,0.05,0,0.0,0,0,18-APR-2022,
OPTSTK,CUMMINSIND,28-Apr-2022,920.0,PE,0.0,0.0,0.0,3.0,0.1,0,0.0,600,0,18-APR-2022,
OPTSTK,CUMMINSIND,28-Apr-2022,930.0,PE,0.0,0.0,0.0,77.2,0.15,0,0.0,0,0,18-APR-2022,
OPTSTK,CUMMINSIND,28-Apr-2022,940.0,PE,0.0,0.0,0.0,82.95,0.25,0,0.0,0,0,18-APR-2022,
OPTSTK,CUMMINSIND,28-Apr-2022,950.0,PE,0.0,0.0,0.0,2.2,0.45,0,0.0,3600,0,18-APR-2022,
OPTSTK,CUMMINSIND,28-Apr-2022,960.0,PE,0.0,0.0,0.0,95.05,0.65,0,0.0,0,0,18-APR-2022,
OPTSTK,CUMMINSIND,28-Apr-2022,970.0,PE,0.0,0.0,0.0,101.4,1.0,0,0.0,0,0,18-APR-2022,
OPTSTK,CUMMINSIND,28-Apr-2022,980.0,PE,0.0,0.0,0.0,108.0,1.5,0,0.0,0,0,18-APR-2022,
OPTSTK,CUMMINSIND,28-Apr-2022,990.0,PE,0.0,0.0,0.0,114.7,2.2,0,0.0,0,0,18-APR-2022,
OPTSTK,CUMMINSIND,28-Apr-2022,1000.0,PE,7.8,7.8,5.3,5.45,5.45,54,326.07,79800,-7800,18-APR-2022,
OPTSTK,CUMMINSIND,28-Apr-2022,1010.0,PE,0.0,0.0,0.0,128.75,4.35,0,0.0,0,0,18-APR-2022,
OPTSTK,CUMMINSIND,28-Apr-2022,1020.0,PE,0.0,0.0,0.0,136.05,5.95,0,0.0,0,0,18-APR-2022,
OPTSTK,CUMMINSIND,28-Apr-2022,1030.0,PE,0.0,0.0,0.0,143.5,7.95,0,0.0,0,0,18-APR-2022,
OPTSTK,CUMMINSIND,28-Apr-2022,1040.0,PE,0.0,0.0,0.0,10.0,10.45,0,0.0,4800,0,18-APR-2022,
OPTSTK,CUMMINSIND,28-Apr-2022,1050.0,PE,19.4,19.4,15.65,15.65,13.4,3,19.21,10200,-600,18-APR-2022,
OPTSTK,CUMMINSIND,28-Apr-2022,1060.0,PE,22.0,28.0,22.0,23.65,16.9,6,39.01,4200,1800,18-APR-2022,
OPTSTK,CUMMINSIND,28-Apr-2022,1070.0,PE,28.0,28.0,24.0,25.0,21.0,8,52.59,3600,1800,18-APR-2022,
OPTSTK,CUMMINSIND,28-Apr-2022,1080.0,PE,33.35,42.5,24.05,24.15,25.7,54,359.95,15600,4800,18-APR-2022,
OPTSTK,CUMMINSIND,28-Apr-2022,1090.0,PE,0.0,0.0,0.0,36.0,31.0,0,0.0,1200,0,18-APR-2022,
OPTSTK,CUMMINSIND,28-Apr-2022,1100.0,PE,40.0,49.45,33.95,37.05,37.05,83,568.6,84000,-14400,18-APR-2022,
OPTSTK,CUMMINSIND,28-Apr-2022,1110.0,PE,0.0,0.0,0.0,208.0,43.3,0,0.0,0,0,18-APR-2022,
OPTSTK,CUMMINSIND,28-Apr-2022,1120.0,PE,59.0,59.0,59.0,59.0,50.25,1,7.07,8400,0,18-APR-2022,
OPTSTK,CUMMINSIND,28-Apr-2022,1130.0,PE,64.0,64.0,64.0,64.0,57.75,1,7.16,4800,0,18-APR-2022,
OPTSTK,CUMMINSIND,28-Apr-2022,1140.0,PE,74.2,74.2,74.2,74.2,65.6,1,7.28,10200,600,18-APR-2022,
OPTSTK,CUMMINSIND,28-Apr-2022,1150.0,PE,0.0,0.0,0.0,50.95,73.85,0,0.0,0,0,18-APR-2022,
OPTSTK,CUMMINSIND,28-Apr-2022,1160.0,PE,0.0,0.0,0.0,251.85,82.45,0,0.0,0,0,18-APR-2022,
OPTSTK,CUMMINSIND,28-Apr-2022,1170.0,PE,0.0,0.0,0.0,260.85,91.35,0,0.0,0,0,18-APR-2022,
OPTSTK,CUMMINSIND,28-Apr-2022,1180.0,PE,0.0,0.0,0.0,269.95,100.45,0,0.0,0,0,18-APR-2022,
OPTSTK,CUMMINSIND,28-Apr-2022,1190.0,PE,0.0,0.0,0.0,279.1,109.8,0,0.0,0,0,18-APR-2022,
OPTSTK,CUMMINSIND,28-Apr-2022,1200.0,PE,0.0,0.0,0.0,288.3,119.25,0,0.0,0,0,18-APR-2022,
OPTSTK,CUMMINSIND,28-Apr-2022,1210.0,PE,0.0,0.0,0.0,297.55,128.85,0,0.0,0,0,18-APR-2022,
OPTSTK,CUMMINSIND,28-Apr-2022,1220.0,PE,0.0,0.0,0.0,306.85,138.55,0,0.0,0,0,18-APR-2022,
OPTSTK,CUMMINSIND,28-Apr-2022,1230.0,PE,0.0,0.0,0.0,316.2,148.35,0,0.0,0,0,18-APR-2022,
OPTSTK,CUMMINSIND,28-Apr-2022,1240.0,PE,0.0,0.0,0.0,325.6,158.2,0,0.0,0,0,18-APR-2022,
OPTSTK,CUMMINSIND,28-Apr-2022,1250.0,PE,0.0,0.0,0.0,335.05,168.05,0,0.0,0,0,18-APR-2022,
OPTSTK,CUMMINSIND,28-Apr-2022,1260.0,PE,0.0,0.0,0.0,344.55,177.95,0,0.0,0,0,18-APR-2022,
OPTSTK,CUMMINSIND,28-Apr-2022,1270.0,PE,0.0,0.0,0.0,354.05,187.9,0,0.0,0,0,18-APR-2022,
OPTSTK,CUMMINSIND,28-Apr-2022,1280.0,PE,0.0,0.0,0.0,363.6,197.85,0,0.0,0,0,18-APR-2022,
OPTSTK,CUMMINSIND,28-Apr-2022,1290.0,PE,0.0,0.0,0.0,373.15,207.8,0,0.0,0,0,18-APR-2022,
OPTSTK,CUMMINSIND,28-Apr-2022,1300.0,PE,0.0,0.0,0.0,357.1,217.8,0,0.0,0,0,18-APR-2022,
OPTSTK,CUMMINSIND,28-Apr-2022,1310.0,PE,0.0,0.0,0.0,366.65,227.75,0,0.0,0,0,18-APR-2022,
OPTSTK,CUMMINSIND,28-Apr-2022,1320.0,PE,0.0,0.0,0.0,368.45,237.75,0,0.0,0,0,18-APR-2022,
OPTSTK,CUMMINSIND,28-Apr-2022,1340.0,PE,0.0,0.0,0.0,373.35,257.7,0,0.0,0,0,18-APR-2022,
OPTSTK,CUMMINSIND,28-Apr-2022,1360.0,PE,0.0,0.0,0.0,366.05,277.7,0,0.0,0,0,18-APR-2022,
OPTSTK,CUMMINSIND,26-May-2022,620.0,CE,0.0,0.0,0.0,314.95,463.55,0,0.0,0,0,18-APR-2022,
OPTSTK,CUMMINSIND,26-May-2022,630.0,CE,0.0,0.0,0.0,305.25,453.6,0,0.0,0,0,18-APR-2022,
OPTSTK,CUMMINSIND,26-May-2022,640.0,CE,0.0,0.0,0.0,295.6,443.65,0,0.0,0,0,18-APR-2022,
OPTSTK,CUMMINSIND,26-May-2022,650.0,CE,0.0,0.0,0.0,286.0,433.7,0,0.0,0,0,18-APR-2022,
OPTSTK,CUMMINSIND,26-May-2022,660.0,CE,0.0,0.0,0.0,276.45,423.75,0,0.0,0,0,18-APR-2022,
OPTSTK,CUMMINSIND,26-May-2022,670.0,CE,0.0,0.0,0.0,266.95,413.8,0,0.0,0,0,18-APR-2022,
OPTSTK,CUMMINSIND,26-May-2022,680.0,CE,0.0,0.0,0.0,257.55,403.8,0,0.0,0,0,18-APR-2022,
OPTSTK,CUMMINSIND,26-May-2022,690.0,CE,0.0,0.0,0.0,248.25,393.85,0,0.0,0,0,18-APR-2022,
OPTSTK,CUMMINSIND,26-May-2022,700.0,CE,0.0,0.0,0.0,239.05,383.9,0,0.0,0,0,18-APR-2022,
OPTSTK,CUMMINSIND,26-May-2022,710.0,CE,0.0,0.0,0.0,229.95,373.95,0,0.0,0,0,18-APR-2022,
OPTSTK,CUMMINSIND,26-May-2022,720.0,CE,0.0,0.0,0.0,220.95,364.0,0,0.0,0,0,18-APR-2022,
OPTSTK,CUMMINSIND,26-May-2022,730.0,CE,0.0,0.0,0.0,212.05,354.05,0,0.0,0,0,18-APR-2022,
OPTSTK,CUMMINSIND,26-May-2022,740.0,CE,0.0,0.0,0.0,203.3,344.1,0,0.0,0,0,18-APR-2022,
OPTSTK,CUMMINSIND,26-May-2022,750.0,CE,0.0,0.0,0.0,194.7,334.15,0,0.0,0,0,18-APR-2022,
OPTSTK,CUMMINSIND,26-May-2022,760.0,CE,0.0,0.0,0.0,186.25,324.2,0,0.0,0,0,18-APR-2022,
OPTSTK,CUMMINSIND,26-May-2022,770.0,CE,0.0,0.0,0.0,178.0,314.3,0,0.0,0,0,18-APR-2022,
OPTSTK,CUMMINSIND,26-May-2022,780.0,CE,0.0,0.0,0.0,169.9,304.35,0,0.0,0,0,18-APR-2022,
OPTSTK,CUMMINSIND,26-May-2022,790.0,CE,0.0,0.0,0.0,161.95,294.45,0,0.0,0,0,18-APR-2022,
OPTSTK,CUMMINSIND,26-May-2022,800.0,CE,0.0,0.0,0.0,154.2,284.55,0,0.0,0,0,18-APR-2022,
OPTSTK,CUMMINSIND,26-May-2022,810.0,CE,0.0,0.0,0.0,146.7,274.7,0,0.0,0,0,18-APR-2022,
OPTSTK,CUMMINSIND,26-May-2022,820.0,CE,0.0,0.0,0.0,139.4,264.85,0,0.0,0,0,18-APR-2022,
OPTSTK,CUMMINSIND,26-May-2022,830.0,CE,0.0,0.0,0.0,132.25,255.0,0,0.0,0,0,18-APR-2022,
OPTSTK,CUMMINSIND,26-May-2022,840.0,CE,0.0,0.0,0.0,125.35,245.25,0,0.0,0,0,18-APR-2022,
OPTSTK,CUMMINSIND,26-May-2022,850.0,CE,0.0,0.0,0.0,118.6,235.5,0,0.0,0,0,18-APR-2022,
OPTSTK,CUMMINSIND,26-May-2022,860.0,CE,0.0,0.0,0.0,112.15,225.8,0,0.0,0,0,18-APR-2022,
OPTSTK,CUMMINSIND,26-May-2022,870.0,CE,0.0,0.0,0.0,105.9,216.2,0,0.0,0,0,18-APR-2022,
OPTSTK,CUMMINSIND,26-May-2022,880.0,CE,0.0,0.0,0.0,99.9,206.65,0,0.0,0,0,18-APR-2022,
OPTSTK,CUMMINSIND,26-May-2022,890.0,CE,0.0,0.0,0.0,94.15,197.25,0,0.0,0,0,18-APR-2022,
OPTSTK,CUMMINSIND,26-May-2022,900.0,CE,0.0,0.0,0.0,88.6,187.9,0,0.0,0,0,18-APR-2022,
OPTSTK,CUMMINSIND,26-May-2022,910.0,CE,0.0,0.0,0.0,83.3,178.7,0,0.0,0,0,18-APR-2022,
OPTSTK,CUMMINSIND,26-May-2022,920.0,CE,0.0,0.0,0.0,78.2,169.6,0,0.0,0,0,18-APR-2022,
OPTSTK,CUMMINSIND,26-May-2022,930.0,CE,0.0,0.0,0.0,73.35,160.65,0,0.0,0,0,18-APR-2022,
OPTSTK,CUMMINSIND,26-May-2022,940.0,CE,0.0,0.0,0.0,68.7,151.9,0,0.0,0,0,18-APR-2022,
OPTSTK,CUMMINSIND,26-May-2022,950.0,CE,0.0,0.0,0.0,64.3,143.35,0,0.0,0,0,18-APR-2022,
OPTSTK,CUMMINSIND,26-May-2022,960.0,CE,0.0,0.0,0.0,60.1,134.95,0,0.0,0,0,18-APR-2022,
OPTSTK,CUMMINSIND,26-May-2022,970.0,CE,0.0,0.0,0.0,56.15,126.8,0,0.0,0,0,18-APR-2022,
OPTSTK,CUMMINSIND,26-May-2022,980.0,CE,0.0,0.0,0.0,52.35,118.85,0,0.0,0,0,18-APR-2022,
OPTSTK,CUMMINSIND,26-May-2022,990.0,CE,0.0,0.0,0.0,48.8,111.2,0,0.0,0,0,18-APR-2022,
OPTSTK,CUMMINSIND,26-May-2022,1000.0,CE,0.0,0.0,0.0,135.0,103.8,0,0.0,600,0,18-APR-2022,
OPTSTK,CUMMINSIND,26-May-2022,1010.0,CE,0.0,0.0,0.0,42.2,96.6,0,0.0,0,0,18-APR-2022,
OPTSTK,CUMMINSIND,26-May-2022,1020.0,CE,0.0,0.0,0.0,39.2,89.7,0,0.0,0,0,18-APR-2022,
OPTSTK,CUMMINSIND,26-May-2022,1030.0,CE,0.0,0.0,0.0,36.4,83.15,0,0.0,0,0,18-APR-2022,
OPTSTK,CUMMINSIND,26-May-2022,1040.0,CE,0.0,0.0,0.0,33.75,76.85,0,0.0,0,0,18-APR-2022,
OPTSTK,CUMMINSIND,26-May-2022,1050.0,CE,0.0,0.0,0.0,31.3,70.85,0,0.0,0,0,18-APR-2022,
OPTSTK,CUMMINSIND,26-May-2022,1060.0,CE,0.0,0.0,0.0,28.95,65.2,0,0.0,0,0,18-APR-2022,
OPTSTK,CUMMINSIND,26-May-2022,1070.0,CE,0.0,0.0,0.0,26.8,59.8,0,0.0,0,0,18-APR-2022,
OPTSTK,CUMMINSIND,26-May-2022,1080.0,CE,0.0,0.0,0.0,24.75,54.75,0,0.0,0,0,18-APR-2022,
OPTSTK,CUMMINSIND,26-May-2022,1090.0,CE,0.0,0.0,0.0,22.8,50.0,0,0.0,0,0,18-APR-2022,
OPTSTK,CUMMINSIND,26-May-2022,1100.0,CE,0.0,0.0,0.0,21.05,45.55,0,0.0,0,0,18-APR-2022,
OPTSTK,CUMMINSIND,26-May-2022,1110.0,CE,0.0,0.0,0.0,19.4,41.4,0,0.0,0,0,18-APR-2022,
OPTSTK,CUMMINSIND,26-May-2022,1120.0,CE,0.0,0.0,0.0,17.85,37.5,0,0.0,0,0,18-APR-2022,
OPTSTK,CUMMINSIND,26-May-2022,1130.0,CE,0.0,0.0,0.0,16.4,33.9,0,0.0,0,0,18-APR-2022,
OPTSTK,CUMMINSIND,26-May-2022,1140.0,CE,0.0,0.0,0.0,75.0,30.6,0,0.0,600,0,18-APR-2022,
OPTSTK,CUMMINSIND,26-May-2022,1150.0,CE,0.0,0.0,0.0,70.0,27.5,0,0.0,600,0,18-APR-2022,
OPTSTK,CUMMINSIND,26-May-2022,1160.0,CE,0.0,0.0,0.0,12.7,24.7,0,0.0,0,0,18-APR-2022,
OPTSTK,CUMMINSIND,26-May-2022,1170.0,CE,0.0,0.0,0.0,11.65,22.15,0,0.0,0,0,18-APR-2022,
OPTSTK,CUMMINSIND,26-May-2022,1180.0,CE,0.0,0.0,0.0,10.65,19.8,0,0.0,0,0,18-APR-2022,
OPTSTK,CUMMINSIND,26-May-2022,1190.0,CE,0.0,0.0,0.0,9.75,17.65,0,0.0,0,0,18-APR-2022,
OPTSTK,CUMMINSIND,26-May-2022,1200.0,CE,0.0,0.0,0.0,26.0,15.7,0,0.0,1200,0,18-APR-2022,
OPTSTK,CUMMINSIND,26-May-2022,1210.0,CE,0.0,0.0,0.0,8.15,13.9,0,0.0,0,0,18-APR-2022,
OPTSTK,CUMMINSIND,26-May-2022,1220.0,CE,0.0,0.0,0.0,7.45,12.3,0,0.0,0,0,18-APR-2022,
OPTSTK,CUMMINSIND,26-May-2022,1230.0,CE,0.0,0.0,0.0,6.8,10.9,0,0.0,0,0,18-APR-2022,
OPTSTK,CUMMINSIND,26-May-2022,1240.0,CE,0.0,0.0,0.0,6.2,9.6,0,0.0,0,0,18-APR-2022,
OPTSTK,CUMMINSIND,26-May-2022,1250.0,CE,9.0,9.0,7.5,7.5,7.5,2,15.09,1200,1200,18-APR-2022,
OPTSTK,CUMMINSIND,26-May-2022,1260.0,CE,0.0,0.0,0.0,5.15,7.4,0,0.0,0,0,18-APR-2022,
OPTSTK,CUMMINSIND,26-May-2022,1270.0,CE,0.0,0.0,0.0,4.7,6.5,0,0.0,0,0,18-APR-2022,
OPTSTK,CUMMINSIND,26-May-2022,1280.0,CE,0.0,0.0,0.0,4.25,5.65,0,0.0,0,0,18-APR-2022,
OPTSTK,CUMMINSIND,26-May-2022,1290.0,CE,0.0,0.0,0.0,3.9,4.95,0,0.0,0,0,18-APR-2022,
OPTSTK,CUMMINSIND,26-May-2022,1300.0,CE,0.0,0.0,0.0,15.0,4.3,0,0.0,0,0,18-APR-2022,
OPTSTK,CUMMINSIND,26-May-2022,1310.0,CE,0.0,0.0,0.0,3.2,3.75,0,0.0,0,0,18-APR-2022,
OPTSTK,CUMMINSIND,26-May-2022,1320.0,CE,0.0,0.0,0.0,4.35,3.25,0,0.0,0,0,18-APR-2022,
OPTSTK,CUMMINSIND,26-May-2022,1340.0,CE,0.0,0.0,0.0,3.6,2.4,0,0.0,0,0,18-APR-2022,
OPTSTK,CUMMINSIND,26-May-2022,1360.0,CE,0.0,0.0,0.0,3.7,1.8,0,0.0,0,0,18-APR-2022,
OPTSTK,CUMMINSIND,26-May-2022,620.0,PE,0.0,0.0,0.0,0.75,0.0,0,0.0,0,0,18-APR-2022,
OPTSTK,CUMMINSIND,26-May-2022,630.0,PE,0.0,0.0,0.0,0.95,0.0,0,0.0,0,0,18-APR-2022,
OPTSTK,CUMMINSIND,26-May-2022,640.0,PE,0.0,0.0,0.0,1.2,0.0,0,0.0,0,0,18-APR-2022,
OPTSTK,CUMMINSIND,26-May-2022,650.0,PE,0.0,0.0,0.0,1.5,0.0,0,0.0,0,0,18-APR-2022,
OPTSTK,CUMMINSIND,26-May-2022,660.0,PE,0.0,0.0,0.0,1.85,0.0,0,0.0,0,0,18-APR-2022,
OPTSTK,CUMMINSIND,26-May-2022,670.0,PE,0.0,0.0,0.0,2.25,0.0,0,0.0,0,0,18-APR-2022,
OPTSTK,CUMMINSIND,26-May-2022,680.0,PE,0.0,0.0,0.0,2.75,0.0,0,0.0,0,0,18-APR-2022,
OPTSTK,CUMMINSIND,26-May-2022,690.0,PE,0.0,0.0,0.0,3.35,0.0,0,0.0,0,0,18-APR-2022,
OPTSTK,CUMMINSIND,26-May-2022,700.0,PE,0.0,0.0,0.0,4.0,0.0,0,0.0,0,0,18-APR-2022,
OPTSTK,CUMMINSIND,26-May-2022,710.0,PE,0.0,0.0,0.0,4.8,0.05,0,0.0,0,0,18-APR-2022,
OPTSTK,CUMMINSIND,26-May-2022,720.0,PE,0.0,0.0,0.0,5.7,0.05,0,0.0,0,0,18-APR-2022,
OPTSTK,CUMMINSIND,26-May-2022,730.0,PE,0.0,0.0,0.0,6.7,0.05,0,0.0,0,0,18-APR-2022,
OPTSTK,CUMMINSIND,26-May-2022,740.0,PE,0.0,0.0,0.0,7.85,0.05,0,0.0,0,0,18-APR-2022,
OPTSTK,CUMMINSIND,26-May-2022,750.0,PE,0.0,0.0,0.0,9.15,0.05,0,0.0,0,0,18-APR-2022,
OPTSTK,CUMMINSIND,26-May-2022,760.0,PE,0.0,0.0,0.0,10.6,0.05,0,0.0,0,0,18-APR-2022,
OPTSTK,CUMMINSIND,26-May-2022,770.0,PE,0.0,0.0,0.0,12.25,0.1,0,0.0,0,0,18-APR-2022,
OPTSTK,CUMMINSIND,26-May-2022,780.0,PE,0.0,0.0,0.0,14.0,0.1,0,0.0,0,0,18-APR-2022,
OPTSTK,CUMMINSIND,26-May-2022,790.0,PE,0.0,0.0,0.0,16.0,0.15,0,0.0,0,0,18-APR-2022,
OPTSTK,CUMMINSIND,26-May-2022,800.0,PE,0.0,0.0,0.0,18.15,0.25,0,0.0,0,0,18-APR-2022,
OPTSTK,CUMMINSIND,26-May-2022,810.0,PE,0.0,0.0,0.0,20.5,0.3,0,0.0,0,0,18-APR-2022,
OPTSTK,CUMMINSIND,26-May-2022,820.0,PE,0.0,0.0,0.0,23.1,0.4,0,0.0,0,0,18-APR-2022,
OPTSTK,CUMMINSIND,26-May-2022,830.0,PE,0.0,0.0,0.0,25.85,0.55,0,0.0,0,0,18-APR-2022,
OPTSTK,CUMMINSIND,26-May-2022,840.0,PE,0.0,0.0,0.0,28.85,0.7,0,0.0,0,0,18-APR-2022,
OPTSTK,CUMMINSIND,26-May-2022,850.0,PE,0.0,0.0,0.0,32.0,0.95,0,0.0,0,0,18-APR-2022,
OPTSTK,CUMMINSIND,26-May-2022,860.0,PE,0.0,0.0,0.0,35.45,1.2,0,0.0,0,0,18-APR-2022,
OPTSTK,CUMMINSIND,26-May-2022,870.0,PE,0.0,0.0,0.0,39.1,1.55,0,0.0,0,0,18-APR-2022,
OPTSTK,CUMMINSIND,26-May-2022,880.0,PE,0.0,0.0,0.0,43.0,2.0,0,0.0,0,0,18-APR-2022,
OPTSTK,CUMMINSIND,26-May-2022,890.0,PE,0.0,0.0,0.0,47.1,2.5,0,0.0,0,0,18-APR-2022,
OPTSTK,CUMMINSIND,26-May-2022,900.0,PE,0.0,0.0,0.0,51.5,3.1,0,0.0,0,0,18-APR-2022,
OPTSTK,CUMMINSIND,26-May-2022,910.0,PE,0.0,0.0,0.0,56.05,3.85,0,0.0,0,0,18-APR-2022,
OPTSTK,CUMMINSIND,26-May-2022,920.0,PE,0.0,0.0,0.0,60.85,4.75,0,0.0,0,0,18-APR-2022,
OPTSTK,CUMMINSIND,26-May-2022,930.0,PE,0.0,0.0,0.0,65.9,5.75,0,0.0,0,0,18-APR-2022,
OPTSTK,CUMMINSIND,26-May-2022,940.0,PE,0.0,0.0,0.0,71.15,6.95,0,0.0,0,0,18-APR-2022,
OPTSTK,CUMMINSIND,26-May-2022,950.0,PE,0.0,0.0,0.0,76.65,8.35,0,0.0,0,0,18-APR-2022,
OPTSTK,CUMMINSIND,26-May-2022,960.0,PE,0.0,0.0,0.0,82.35,9.9,0,0.0,0,0,18-APR-2022,
OPTSTK,CUMMINSIND,26-May-2022,970.0,PE,0.0,0.0,0.0,88.25,11.7,0,0.0,0,0,18-APR-2022,
OPTSTK,CUMMINSIND,26-May-2022,980.0,PE,0.0,0.0,0.0,94.4,13.75,0,0.0,0,0,18-APR-2022,
OPTSTK,CUMMINSIND,26-May-2022,990.0,PE,0.0,0.0,0.0,100.7,16.0,0,0.0,0,0,18-APR-2022,
OPTSTK,CUMMINSIND,26-May-2022,1000.0,PE,0.0,0.0,0.0,107.25,18.55,0,0.0,0,0,18-APR-2022,
OPTSTK,CUMMINSIND,26-May-2022,1010.0,PE,0.0,0.0,0.0,113.95,21.3,0,0.0,0,0,18-APR-2022,
OPTSTK,CUMMINSIND,26-May-2022,1020.0,PE,0.0,0.0,0.0,120.85,24.4,0,0.0,0,0,18-APR-2022,
OPTSTK,CUMMINSIND,26-May-2022,1030.0,PE,0.0,0.0,0.0,127.9,27.8,0,0.0,0,0,18-APR-2022,
OPTSTK,CUMMINSIND,26-May-2022,1040.0,PE,0.0,0.0,0.0,135.15,31.45,0,0.0,0,0,18-APR-2022,
OPTSTK,CUMMINSIND,26-May-2022,1050.0,PE,0.0,0.0,0.0,142.6,35.45,0,0.0,0,0,18-APR-2022,
OPTSTK,CUMMINSIND,26-May-2022,1060.0,PE,0.0,0.0,0.0,150.15,39.7,0,0.0,0,0,18-APR-2022,
OPTSTK,CUMMINSIND,26-May-2022,1070.0,PE,0.0,0.0,0.0,157.9,44.3,0,0.0,0,0,18-APR-2022,
OPTSTK,CUMMINSIND,26-May-2022,1080.0,PE,0.0,0.0,0.0,165.75,49.2,0,0.0,0,0,18-APR-2022,
OPTSTK,CUMMINSIND,26-May-2022,1090.0,PE,0.0,0.0,0.0,173.7,54.4,0,0.0,0,0,18-APR-2022,
OPTSTK,CUMMINSIND,26-May-2022,1100.0,PE,0.0,0.0,0.0,56.7,59.9,0,0.0,3600,0,18-APR-2022,
OPTSTK,CUMMINSIND,26-May-2022,1110.0,PE,0.0,0.0,0.0,190.05,65.7,0,0.0,0,0,18-APR-2022,
OPTSTK,CUMMINSIND,26-May-2022,1120.0,PE,0.0,0.0,0.0,198.4,71.75,0,0.0,0,0,18-APR-2022,
OPTSTK,CUMMINSIND,26-May-2022,1130.0,PE,0.0,0.0,0.0,206.9,78.15,0,0.0,0,0,18-APR-2022,
OPTSTK,CUMMINSIND,26-May-2022,1140.0,PE,0.0,0.0,0.0,64.0,84.75,0,0.0,1200,0,18-APR-2022,
OPTSTK,CUMMINSIND,26-May-2022,1150.0,PE,0.0,0.0,0.0,224.1,91.65,0,0.0,0,0,18-APR-2022,
OPTSTK,CUMMINSIND,26-May-2022,1160.0,PE,0.0,0.0,0.0,232.85,98.8,0,0.0,0,0,18-APR-2022,
OPTSTK,CUMMINSIND,26-May-2022,1170.0,PE,0.0,0.0,0.0,241.7,106.2,0,0.0,0,0,18-APR-2022,
OPTSTK,CUMMINSIND,26-May-2022,1180.0,PE,0.0,0.0,0.0,250.6,113.8,0,0.0,0,0,18-APR-2022,
OPTSTK,CUMMINSIND,26-May-2022,1190.0,PE,0.0,0.0,0.0,259.6,121.6,0,0.0,0,0,18-APR-2022,
OPTSTK,CUMMINSIND,26-May-2022,1200.0,PE,0.0,0.0,0.0,268.65,129.6,0,0.0,0,0,18-APR-2022,
OPTSTK,CUMMINSIND,26-May-2022,1210.0,PE,0.0,0.0,0.0,277.8,137.75,0,0.0,0,0,18-APR-2022,
OPTSTK,CUMMINSIND,26-May-2022,1220.0,PE,0.0,0.0,0.0,287.0,146.15,0,0.0,0,0,18-APR-2022,
OPTSTK,CUMMINSIND,26-May-2022,1230.0,PE,0.0,0.0,0.0,296.25,154.65,0,0.0,0,0,18-APR-2022,
OPTSTK,CUMMINSIND,26-May-2022,1240.0,PE,0.0,0.0,0.0,305.55,163.3,0,0.0,0,0,18-APR-2022,
OPTSTK,CUMMINSIND,26-May-2022,1250.0,PE,0.0,0.0,0.0,314.9,172.1,0,0.0,0,0,18-APR-2022,
OPTSTK,CUMMINSIND,26-May-2022,1260.0,PE,0.0,0.0,0.0,324.25,181.05,0,0.0,0,0,18-APR-2022,
OPTSTK,CUMMINSIND,26-May-2022,1270.0,PE,0.0,0.0,0.0,333.7,190.05,0,0.0,0,0,18-APR-2022,
OPTSTK,CUMMINSIND,26-May-2022,1280.0,PE,0.0,0.0,0.0,343.2,199.2,0,0.0,0,0,18-APR-2022,
OPTSTK,CUMMINSIND,26-May-2022,1290.0,PE,0.0,0.0,0.0,352.7,208.45,0,0.0,0,0,18-APR-2022,
OPTSTK,CUMMINSIND,26-May-2022,1300.0,PE,0.0,0.0,0.0,362.25,217.75,0,0.0,0,0,18-APR-2022,
OPTSTK,CUMMINSIND,26-May-2022,1310.0,PE,0.0,0.0,0.0,371.8,227.15,0,0.0,0,0,18-APR-2022,
OPTSTK,CUMMINSIND,26-May-2022,1320.0,PE,0.0,0.0,0.0,351.4,236.6,0,0.0,0,0,18-APR-2022,
OPTSTK,CUMMINSIND,26-May-2022,1340.0,PE,0.0,0.0,0.0,370.45,255.7,0,0.0,0,0,18-APR-2022,
OPTSTK,CUMMINSIND,26-May-2022,1360.0,PE,0.0,0.0,0.0,351.15,275.0,0,0.0,0,0,18-APR-2022,
OPTSTK,CUMMINSIND,30-Jun-2022,680.0,CE,0.0,0.0,0.0,448.65,406.7,0,0.0,0,0,18-APR-2022,
OPTSTK,CUMMINSIND,30-Jun-2022,700.0,CE,0.0,0.0,0.0,429.0,386.95,0,0.0,0,0,18-APR-2022,
OPTSTK,CUMMINSIND,30-Jun-2022,720.0,CE,0.0,0.0,0.0,409.4,367.25,0,0.0,0,0,18-APR-2022,
OPTSTK,CUMMINSIND,30-Jun-2022,740.0,CE,0.0,0.0,0.0,389.85,347.6,0,0.0,0,0,18-APR-2022,
OPTSTK,CUMMINSIND,30-Jun-2022,760.0,CE,0.0,0.0,0.0,370.45,328.1,0,0.0,0,0,18-APR-2022,
OPTSTK,CUMMINSIND,30-Jun-2022,780.0,CE,0.0,0.0,0.0,351.2,308.75,0,0.0,0,0,18-APR-2022,
OPTSTK,CUMMINSIND,30-Jun-2022,800.0,CE,0.0,0.0,0.0,332.1,289.55,0,0.0,0,0,18-APR-2022,
OPTSTK,CUMMINSIND,30-Jun-2022,820.0,CE,0.0,0.0,0.0,313.25,270.65,0,0.0,0,0,18-APR-2022,
OPTSTK,CUMMINSIND,30-Jun-2022,840.0,CE,0.0,0.0,0.0,294.7,252.0,0,0.0,0,0,18-APR-2022,
OPTSTK,CUMMINSIND,30-Jun-2022,860.0,CE,0.0,0.0,0.0,276.45,233.8,0,0.0,0,0,18-APR-2022,
OPTSTK,CUMMINSIND,30-Jun-2022,880.0,CE,0.0,0.0,0.0,258.6,216.0,0,0.0,0,0,18-APR-2022,
OPTSTK,CUMMINSIND,30-Jun-2022,900.0,CE,0.0,0.0,0.0,241.2,198.75,0,0.0,0,0,18-APR-2022,
OPTSTK,CUMMINSIND,30-Jun-2022,920.0,CE,0.0,0.0,0.0,224.3,182.1,0,0.0,0,0,18-APR-2022,
OPTSTK,CUMMINSIND,30-Jun-2022,940.0,CE,0.0,0.0,0.0,207.95,166.15,0,0.0,0,0,18-APR-2022,
OPTSTK,CUMMINSIND,30-Jun-2022,960.0,CE,0.0,0.0,0.0,192.15,150.85,0,0.0,0,0,18-APR-2022,
OPTSTK,CUMMINSIND,30-Jun-2022,980.0,CE,0.0,0.0,0.0,177.05,136.4,0,0.0,0,0,18-APR-2022,
OPTSTK,CUMMINSIND,30-Jun-2022,1000.0,CE,0.0,0.0,0.0,162.6,122.7,0,0.0,0,0,18-APR-2022,
OPTSTK,CUMMINSIND,30-Jun-2022,1020.0,CE,0.0,0.0,0.0,148.8,109.9,0,0.0,0,0,18-APR-2022,
OPTSTK,CUMMINSIND,30-Jun-2022,1040.0,CE,0.0,0.0,0.0,135.75,98.0,0,0.0,0,0,18-APR-2022,
OPTSTK,CUMMINSIND,30-Jun-2022,1060.0,CE,0.0,0.0,0.0,123.5,87.0,0,0.0,0,0,18-APR-2022,
OPTSTK,CUMMINSIND,30-Jun-2022,1080.0,CE,0.0,0.0,0.0,112.0,76.85,0,0.0,0,0,18-APR-2022,
OPTSTK,CUMMINSIND,30-Jun-2022,1100.0,CE,0.0,0.0,0.0,101.2,67.6,0,0.0,0,0,18-APR-2022,
OPTSTK,CUMMINSIND,30-Jun-2022,1120.0,CE,0.0,0.0,0.0,91.2,59.2,0,0.0,0,0,18-APR-2022,
OPTSTK,CUMMINSIND,30-Jun-2022,1140.0,CE,0.0,0.0,0.0,81.95,51.6,0,0.0,0,0,18-APR-2022,
OPTSTK,CUMMINSIND,30-Jun-2022,1160.0,CE,0.0,0.0,0.0,73.4,44.8,0,0.0,0,0,18-APR-2022,
OPTSTK,CUMMINSIND,30-Jun-2022,1180.0,CE,0.0,0.0,0.0,65.55,38.75,0,0.0,0,0,18-APR-2022,
OPTSTK,CUMMINSIND,30-Jun-2022,1200.0,CE,0.0,0.0,0.0,58.4,33.35,0,0.0,0,0,18-APR-2022,
OPTSTK,CUMMINSIND,30-Jun-2022,1220.0,CE,0.0,0.0,0.0,51.85,28.65,0,0.0,0,0,18-APR-2022,
OPTSTK,CUMMINSIND,30-Jun-2022,1240.0,CE,0.0,0.0,0.0,45.95,24.45,0,0.0,0,0,18-APR-2022,
OPTSTK,CUMMINSIND,30-Jun-2022,1260.0,CE,0.0,0.0,0.0,40.55,20.8,0,0.0,0,0,18-APR-2022,
OPTSTK,CUMMINSIND,30-Jun-2022,1280.0,CE,0.0,0.0,0.0,35.8,17.65,0,0.0,0,0,18-APR-2022,
OPTSTK,CUMMINSIND,30-Jun-2022,1300.0,CE,0.0,0.0,0.0,31.5,14.9,0,0.0,0,0,18-APR-2022,
OPTSTK,CUMMINSIND,30-Jun-2022,1320.0,CE,0.0,0.0,0.0,27.6,12.55,0,0.0,0,0,18-APR-2022,
OPTSTK,CUMMINSIND,30-Jun-2022,1340.0,CE,0.0,0.0,0.0,24.15,10.55,0,0.0,0,0,18-APR-2022,
OPTSTK,CUMMINSIND,30-Jun-2022,1360.0,CE,0.0,0.0,0.0,21.05,8.8,0,0.0,0,0,18-APR-2022,
OPTSTK,CUMMINSIND,30-Jun-2022,680.0,PE,0.0,0.0,0.0,0.2,0.1,0,0.0,0,0,18-APR-2022,
OPTSTK,CUMMINSIND,30-Jun-2022,700.0,PE,0.0,0.0,0.0,0.3,0.2,0,0.0,0,0,18-APR-2022,
OPTSTK,CUMMINSIND,30-Jun-2022,720.0,PE,0.0,0.0,0.0,0.5,0.35,0,0.0,0,0,18-APR-2022,
OPTSTK,CUMMINSIND,30-Jun-2022,740.0,PE,0.0,0.0,0.0,0.75,0.55,0,0.0,0,0,18-APR-2022,
OPTSTK,CUMMINSIND,30-Jun-2022,760.0,PE,0.0,0.0,0.0,1.15,0.85,0,0.0,0,0,18-APR-2022,
OPTSTK,CUMMINSIND,30-Jun-2022,780.0,PE,0.0,0.0,0.0,1.7,1.35,0,0.0,0,0,18-APR-2022,
OPTSTK,CUMMINSIND,30-Jun-2022,800.0,PE,0.0,0.0,0.0,2.4,2.0,0,0.0,0,0,18-APR-2022,
OPTSTK,CUMMINSIND,30-Jun-2022,820.0,PE,0.0,0.0,0.0,3.35,2.9,0,0.0,0,0,18-APR-2022,
OPTSTK,CUMMINSIND,30-Jun-2022,840.0,PE,0.0,0.0,0.0,4.55,4.1,0,0.0,0,0,18-APR-2022,
OPTSTK,CUMMINSIND,30-Jun-2022,860.0,PE,0.0,0.0,0.0,6.15,5.7,0,0.0,0,0,18-APR-2022,
OPTSTK,CUMMINSIND,30-Jun-2022,880.0,PE,0.0,0.0,0.0,8.05,7.75,0,0.0,0,0,18-APR-2022,
OPTSTK,CUMMINSIND,30-Jun-2022,900.0,PE,0.0,0.0,0.0,10.45,10.35,0,0.0,0,0,18-APR-2022,
OPTSTK,CUMMINSIND,30-Jun-2022,920.0,PE,0.0,0.0,0.0,13.35,13.55,0,0.0,0,0,18-APR-2022,
OPTSTK,CUMMINSIND,30-Jun-2022,940.0,PE,0.0,0.0,0.0,16.75,17.35,0,0.0,0,0,18-APR-2022,
OPTSTK,CUMMINSIND,30-Jun-2022,960.0,PE,0.0,0.0,0.0,20.75,21.95,0,0.0,0,0,18-APR-2022,
OPTSTK,CUMMINSIND,30-Jun-2022,980.0,PE,0.0,0.0,0.0,25.4,27.3,0,0.0,0,0,18-APR-2022,
OPTSTK,CUMMINSIND,30-Jun-2022,1000.0,PE,0.0,0.0,0.0,30.8,33.45,0,0.0,0,0,18-APR-2022,
OPTSTK,CUMMINSIND,30-Jun-2022,1020.0,PE,0.0,0.0,0.0,36.75,40.5,0,0.0,0,0,18-APR-2022,
OPTSTK,CUMMINSIND,30-Jun-2022,1040.0,PE,0.0,0.0,0.0,43.5,48.4,0,0.0,0,0,18-APR-2022,
OPTSTK,CUMMINSIND,30-Jun-2022,1060.0,PE,0.0,0.0,0.0,51.05,57.2,0,0.0,0,0,18-APR-2022,
OPTSTK,CUMMINSIND,30-Jun-2022,1080.0,PE,0.0,0.0,0.0,59.3,66.9,0,0.0,0,0,18-APR-2022,
OPTSTK,CUMMINSIND,30-Jun-2022,1100.0,PE,0.0,0.0,0.0,68.35,77.5,0,0.0,0,0,18-APR-2022,
OPTSTK,CUMMINSIND,30-Jun-2022,1120.0,PE,0.0,0.0,0.0,78.15,88.9,0,0.0,0,0,18-APR-2022,
OPTSTK,CUMMINSIND,30-Jun-2022,1140.0,PE,0.0,0.0,0.0,88.65,101.15,0,0.0,0,0,18-APR-2022,
OPTSTK,CUMMINSIND,30-Jun-2022,1160.0,PE,0.0,0.0,0.0,99.9,114.2,0,0.0,0,0,18-APR-2022,
OPTSTK,CUMMINSIND,30-Jun-2022,1180.0,PE,0.0,0.0,0.0,111.85,127.95,0,0.0,0,0,18-APR-2022,
OPTSTK,CUMMINSIND,30-Jun-2022,1200.0,PE,0.0,0.0,0.0,124.45,142.4,0,0.0,0,0,18-APR-2022,
OPTSTK,CUMMINSIND,30-Jun-2022,1220.0,PE,0.0,0.0,0.0,137.75,157.55,0,0.0,0,0,18-APR-2022,
OPTSTK,CUMMINSIND,30-Jun-2022,1240.0,PE,0.0,0.0,0.0,151.6,173.15,0,0.0,0,0,18-APR-2022,
OPTSTK,CUMMINSIND,30-Jun-2022,1260.0,PE,0.0,0.0,0.0,166.0,189.35,0,0.0,0,0,18-APR-2022,
OPTSTK,CUMMINSIND,30-Jun-2022,1280.0,PE,0.0,0.0,0.0,181.05,206.0,0,0.0,0,0,18-APR-2022,
OPTSTK,CUMMINSIND,30-Jun-2022,1300.0,PE,0.0,0.0,0.0,196.55,223.1,0,0.0,0,0,18-APR-2022,
OPTSTK,CUMMINSIND,30-Jun-2022,1320.0,PE,0.0,0.0,0.0,212.4,240.6,0,0.0,0,0,18-APR-2022,
OPTSTK,CUMMINSIND,30-Jun-2022,1340.0,PE,0.0,0.0,0.0,228.75,258.4,0,0.0,0,0,18-APR-2022,
OPTSTK,CUMMINSIND,30-Jun-2022,1360.0,PE,0.0,0.0,0.0,245.45,276.5,0,0.0,0,0,18-APR-2022,
OPTSTK,DABUR,28-Apr-2022,405.0,CE,0.0,0.0,0.0,120.0,158.2,0,0.0,2500,0,18-APR-2022,
OPTSTK,DABUR,28-Apr-2022,410.0,CE,0.0,0.0,0.0,123.6,153.2,0,0.0,0,0,18-APR-2022,
OPTSTK,DABUR,28-Apr-2022,415.0,CE,0.0,0.0,0.0,118.75,148.2,0,0.0,0,0,18-APR-2022,
OPTSTK,DABUR,28-Apr-2022,420.0,CE,0.0,0.0,0.0,113.95,143.2,0,0.0,0,0,18-APR-2022,
OPTSTK,DABUR,28-Apr-2022,425.0,CE,0.0,0.0,0.0,109.1,138.2,0,0.0,0,0,18-APR-2022,
OPTSTK,DABUR,28-Apr-2022,430.0,CE,0.0,0.0,0.0,104.35,133.2,0,0.0,0,0,18-APR-2022,
OPTSTK,DABUR,28-Apr-2022,435.0,CE,0.0,0.0,0.0,99.65,128.2,0,0.0,0,0,18-APR-2022,
OPTSTK,DABUR,28-Apr-2022,440.0,CE,0.0,0.0,0.0,94.95,123.2,0,0.0,0,0,18-APR-2022,
OPTSTK,DABUR,28-Apr-2022,445.0,CE,0.0,0.0,0.0,90.35,118.2,0,0.0,0,0,18-APR-2022,
OPTSTK,DABUR,28-Apr-2022,450.0,CE,0.0,0.0,0.0,102.5,113.25,0,0.0,1250,0,18-APR-2022,
OPTSTK,DABUR,28-Apr-2022,455.0,CE,0.0,0.0,0.0,81.3,108.25,0,0.0,0,0,18-APR-2022,
OPTSTK,DABUR,28-Apr-2022,460.0,CE,0.0,0.0,0.0,76.9,103.25,0,0.0,0,0,18-APR-2022,
OPTSTK,DABUR,28-Apr-2022,465.0,CE,0.0,0.0,0.0,72.55,98.25,0,0.0,0,0,18-APR-2022,
OPTSTK,DABUR,28-Apr-2022,470.0,CE,0.0,0.0,0.0,68.35,93.25,0,0.0,0,0,18-APR-2022,
OPTSTK,DABUR,28-Apr-2022,475.0,CE,0.0,0.0,0.0,64.2,88.25,0,0.0,0,0,18-APR-2022,
OPTSTK,DABUR,28-Apr-2022,480.0,CE,0.0,0.0,0.0,60.2,83.25,0,0.0,0,0,18-APR-2022,
OPTSTK,DABUR,28-Apr-2022,485.0,CE,0.0,0.0,0.0,56.35,78.25,0,0.0,0,0,18-APR-2022,
OPTSTK,DABUR,28-Apr-2022,490.0,CE,0.0,0.0,0.0,52.6,73.3,0,0.0,0,0,18-APR-2022,
OPTSTK,DABUR,28-Apr-2022,495.0,CE,0.0,0.0,0.0,48.95,68.3,0,0.0,0,0,18-APR-2022,
OPTSTK,DABUR,28-Apr-2022,500.0,CE,0.0,0.0,0.0,58.8,63.3,0,0.0,1250,0,18-APR-2022,
OPTSTK,DABUR,28-Apr-2022,505.0,CE,0.0,0.0,0.0,42.1,58.35,0,0.0,0,0,18-APR-2022,
OPTSTK,DABUR,28-Apr-2022,510.0,CE,0.0,0.0,0.0,38.9,53.4,0,0.0,0,0,18-APR-2022,
OPTSTK,DABUR,28-Apr-2022,515.0,CE,0.0,0.0,0.0,35.9,48.5,0,0.0,0,0,18-APR-2022,
OPTSTK,DABUR,28-Apr-2022,520.0,CE,35.45,45.25,35.45,45.25,45.25,11,77.45,35000,-3750,18-APR-2022,
OPTSTK,DABUR,28-Apr-2022,525.0,CE,0.0,0.0,0.0,30.25,38.9,0,0.0,0,0,18-APR-2022,
OPTSTK,DABUR,28-Apr-2022,530.0,CE,26.55,35.0,26.55,35.0,34.3,11,77.26,100000,-10000,18-APR-2022,
OPTSTK,DABUR,28-Apr-2022,535.0,CE,0.0,0.0,0.0,25.15,29.85,0,0.0,12500,0,18-APR-2022,
OPTSTK,DABUR,28-Apr-2022,540.0,CE,19.95,26.95,18.95,26.8,26.8,50,351.55,125000,-13750,18-APR-2022,
OPTSTK,DABUR,28-Apr-2022,545.0,CE,18.35,21.05,18.35,21.05,21.65,7,49.48,78750,-6250,18-APR-2022,
OPTSTK,DABUR,28-Apr-2022,550.0,CE,13.55,18.75,11.5,18.35,18.35,353,2498.98,187500,-30000,18-APR-2022,
OPTSTK,DABUR,28-Apr-2022,555.0,CE,11.0,15.25,1.5,14.7,14.7,147,1042.55,85000,-10000,18-APR-2022,
OPTSTK,DABUR,28-Apr-2022,560.0,CE,6.8,12.2,6.8,11.85,11.85,2568,18314.14,557500,91250,18-APR-2022,
OPTSTK,DABUR,28-Apr-2022,565.0,CE,6.2,9.6,5.2,9.05,9.05,279,1999.33,120000,42500,18-APR-2022,
OPTSTK,DABUR,28-Apr-2022,570.0,CE,4.25,7.2,3.75,6.85,6.85,780,5615.15,403750,40000,18-APR-2022,
OPTSTK,DABUR,28-Apr-2022,575.0,CE,2.15,5.4,2.15,5.1,5.1,98,709.66,168750,73750,18-APR-2022,
OPTSTK,DABUR,28-Apr-2022,580.0,CE,2.75,3.95,2.0,3.8,3.8,1029,7503.79,530000,31250,18-APR-2022,
OPTSTK,DABUR,28-Apr-2022,585.0,CE,1.8,3.6,1.8,3.0,3.0,81,595.03,58750,51250,18-APR-2022,
OPTSTK,DABUR,28-Apr-2022,590.0,CE,1.95,2.5,1.25,2.35,2.35,213,1576.58,281250,22500,18-APR-2022,
OPTSTK,DABUR,28-Apr-2022,595.0,CE,1.2,1.2,1.2,1.2,1.4,1,7.45,1250,-1250,18-APR-2022,
OPTSTK,DABUR,28-Apr-2022,600.0,CE,0.8,1.6,0.8,1.55,1.55,545,4096.83,745000,-47500,18-APR-2022,
OPTSTK,DABUR,28-Apr-2022,605.0,CE,0.0,0.0,0.0,5.4,0.65,0,0.0,0,0,18-APR-2022,
OPTSTK,DABUR,28-Apr-2022,610.0,CE,0.75,1.3,0.75,1.25,1.25,800,6111.08,1508750,-323750,18-APR-2022,
OPTSTK,DABUR,28-Apr-2022,615.0,CE,0.0,0.0,0.0,4.2,0.25,0,0.0,0,0,18-APR-2022,
OPTSTK,DABUR,28-Apr-2022,620.0,CE,0.65,0.95,0.55,0.85,0.85,250,1939.89,370000,-42500,18-APR-2022,
OPTSTK,DABUR,28-Apr-2022,625.0,CE,0.0,0.0,0.0,2.0,0.1,0,0.0,1250,0,18-APR-2022,
OPTSTK,DABUR,28-Apr-2022,630.0,CE,0.0,0.0,0.0,2.8,0.05,0,0.0,0,0,18-APR-2022,
OPTSTK,DABUR,28-Apr-2022,635.0,CE,0.0,0.0,0.0,2.45,0.05,0,0.0,0,0,18-APR-2022,
OPTSTK,DABUR,28-Apr-2022,640.0,CE,0.0,0.0,0.0,0.85,0.05,0,0.0,3750,0,18-APR-2022,
OPTSTK,DABUR,28-Apr-2022,645.0,CE,0.0,0.0,0.0,1.85,0.05,0,0.0,0,0,18-APR-2022,
OPTSTK,DABUR,28-Apr-2022,650.0,CE,0.4,0.5,0.4,0.5,0.5,11,89.43,197500,1250,18-APR-2022,
OPTSTK,DABUR,28-Apr-2022,655.0,CE,0.0,0.0,0.0,1.35,0.0,0,0.0,0,0,18-APR-2022,
OPTSTK,DABUR,28-Apr-2022,660.0,CE,0.0,0.0,0.0,1.2,0.0,0,0.0,0,0,18-APR-2022,
OPTSTK,DABUR,28-Apr-2022,665.0,CE,0.0,0.0,0.0,1.0,0.0,0,0.0,0,0,18-APR-2022,
OPTSTK,DABUR,28-Apr-2022,670.0,CE,0.0,0.0,0.0,0.85,0.0,0,0.0,0,0,18-APR-2022,
OPTSTK,DABUR,28-Apr-2022,675.0,CE,0.0,0.0,0.0,0.75,0.0,0,0.0,0,0,18-APR-2022,
OPTSTK,DABUR,28-Apr-2022,680.0,CE,0.0,0.0,0.0,0.65,0.0,0,0.0,0,0,18-APR-2022,
OPTSTK,DABUR,28-Apr-2022,685.0,CE,0.0,0.0,0.0,0.55,0.0,0,0.0,1250,0,18-APR-2022,
OPTSTK,DABUR,28-Apr-2022,690.0,CE,0.0,0.0,0.0,0.45,0.0,0,0.0,0,0,18-APR-2022,
OPTSTK,DABUR,28-Apr-2022,695.0,CE,0.0,0.0,0.0,0.4,0.0,0,0.0,0,0,18-APR-2022,
OPTSTK,DABUR,28-Apr-2022,700.0,CE,0.0,0.0,0.0,0.35,0.0,0,0.0,0,0,18-APR-2022,
OPTSTK,DABUR,28-Apr-2022,705.0,CE,0.0,0.0,0.0,0.3,0.0,0,0.0,0,0,18-APR-2022,
OPTSTK,DABUR,28-Apr-2022,710.0,CE,0.0,0.0,0.0,0.25,0.0,0,0.0,0,0,18-APR-2022,
OPTSTK,DABUR,28-Apr-2022,715.0,CE,0.0,0.0,0.0,0.2,0.0,0,0.0,0,0,18-APR-2022,
OPTSTK,DABUR,28-Apr-2022,720.0,CE,0.0,0.0,0.0,0.2,0.0,0,0.0,0,0,18-APR-2022,
OPTSTK,DABUR,28-Apr-2022,725.0,CE,0.0,0.0,0.0,0.15,0.0,0,0.0,0,0,18-APR-2022,
OPTSTK,DABUR,28-Apr-2022,730.0,CE,0.0,0.0,0.0,0.15,0.0,0,0.0,0,0,18-APR-2022,
OPTSTK,DABUR,28-Apr-2022,405.0,PE,0.0,0.0,0.0,0.2,0.0,0,0.0,0,0,18-APR-2022,
OPTSTK,DABUR,28-Apr-2022,410.0,PE,0.0,0.0,0.0,0.3,0.0,0,0.0,0,0,18-APR-2022,
OPTSTK,DABUR,28-Apr-2022,415.0,PE,0.0,0.0,0.0,0.4,0.0,0,0.0,0,0,18-APR-2022,
OPTSTK,DABUR,28-Apr-2022,420.0,PE,0.0,0.0,0.0,0.5,0.0,0,0.0,0,0,18-APR-2022,
OPTSTK,DABUR,28-Apr-2022,425.0,PE,0.0,0.0,0.0,0.1,0.0,0,0.0,1250,0,18-APR-2022,
OPTSTK,DABUR,28-Apr-2022,430.0,PE,0.0,0.0,0.0,0.85,0.0,0,0.0,0,0,18-APR-2022,
OPTSTK,DABUR,28-Apr-2022,435.0,PE,0.0,0.0,0.0,1.05,0.0,0,0.0,0,0,18-APR-2022,
OPTSTK,DABUR,28-Apr-2022,440.0,PE,0.0,0.0,0.0,0.15,0.0,0,0.0,6250,0,18-APR-2022,
OPTSTK,DABUR,28-Apr-2022,445.0,PE,0.0,0.0,0.0,1.65,0.0,0,0.0,0,0,18-APR-2022,
OPTSTK,DABUR,28-Apr-2022,450.0,PE,0.0,0.0,0.0,2.05,0.0,0,0.0,0,0,18-APR-2022,
OPTSTK,DABUR,28-Apr-2022,455.0,PE,0.0,0.0,0.0,2.5,0.0,0,0.0,0,0,18-APR-2022,
OPTSTK,DABUR,28-Apr-2022,460.0,PE,0.0,0.0,0.0,3.05,0.0,0,0.0,0,0,18-APR-2022,
OPTSTK,DABUR,28-Apr-2022,465.0,PE,0.0,0.0,0.0,3.65,0.0,0,0.0,0,0,18-APR-2022,
OPTSTK,DABUR,28-Apr-2022,470.0,PE,0.0,0.0,0.0,0.5,0.0,0,0.0,5000,0,18-APR-2022,
OPTSTK,DABUR,28-Apr-2022,475.0,PE,0.0,0.0,0.0,5.25,0.0,0,0.0,0,0,18-APR-2022,
OPTSTK,DABUR,28-Apr-2022,480.0,PE,0.6,0.6,0.3,0.35,0.35,3,18.01,52500,-1250,18-APR-2022,
OPTSTK,DABUR,28-Apr-2022,485.0,PE,0.0,0.0,0.0,7.25,0.0,0,0.0,0,0,18-APR-2022,
OPTSTK,DABUR,28-Apr-2022,490.0,PE,0.25,0.35,0.25,0.35,0.05,2,12.25,53750,-2500,18-APR-2022,
OPTSTK,DABUR,28-Apr-2022,495.0,PE,0.0,0.0,0.0,2.85,0.05,0,0.0,1250,0,18-APR-2022,
OPTSTK,DABUR,28-Apr-2022,500.0,PE,0.75,0.8,0.45,0.55,0.55,109,682.07,365000,-20000,18-APR-2022,
OPTSTK,DABUR,28-Apr-2022,505.0,PE,0.0,0.0,0.0,12.8,0.1,0,0.0,0,0,18-APR-2022,
OPTSTK,DABUR,28-Apr-2022,510.0,PE,0.75,0.75,0.75,0.75,0.75,3,19.15,53750,-1250,18-APR-2022,
OPTSTK,DABUR,28-Apr-2022,515.0,PE,1.45,1.45,0.7,0.7,0.2,2,12.9,8750,0,18-APR-2022,
OPTSTK,DABUR,28-Apr-2022,520.0,PE,1.15,1.9,0.7,0.9,0.9,101,657.76,238750,-51250,18-APR-2022,
OPTSTK,DABUR,28-Apr-2022,525.0,PE,0.0,0.0,0.0,2.3,0.6,0,0.0,2500,0,18-APR-2022,
OPTSTK,DABUR,28-Apr-2022,530.0,PE,2.05,2.5,1.25,1.55,1.55,87,578.3,163750,-13750,18-APR-2022,
OPTSTK,DABUR,28-Apr-2022,535.0,PE,0.0,0.0,0.0,6.3,1.55,0,0.0,11250,0,18-APR-2022,
OPTSTK,DABUR,28-Apr-2022,540.0,PE,4.85,4.85,2.45,2.65,2.65,299,2029.77,156250,-53750,18-APR-2022,
OPTSTK,DABUR,28-Apr-2022,545.0,PE,3.0,4.2,3.0,3.45,3.45,26,178.28,26250,26250,18-APR-2022,
OPTSTK,DABUR,28-Apr-2022,550.0,PE,9.0,11.3,4.3,4.65,4.65,210,1458.51,147500,-11250,18-APR-2022,
OPTSTK,DABUR,28-Apr-2022,555.0,PE,10.2,10.4,5.8,6.05,6.05,19,133.73,12500,6250,18-APR-2022,
OPTSTK,DABUR,28-Apr-2022,560.0,PE,14.0,14.0,7.55,8.0,8.0,144,1024.82,65000,3750,18-APR-2022,
OPTSTK,DABUR,28-Apr-2022,565.0,PE,0.0,0.0,0.0,43.9,10.95,0,0.0,0,0,18-APR-2022,
OPTSTK,DABUR,28-Apr-2022,570.0,PE,14.0,15.8,11.85,12.4,12.4,5,36.49,6250,2500,18-APR-2022,
OPTSTK,DABUR,28-Apr-2022,575.0,PE,0.0,0.0,0.0,51.1,17.05,0,0.0,0,0,18-APR-2022,
OPTSTK,DABUR,28-Apr-2022,580.0,PE,24.3,24.3,24.3,24.3,20.65,1,7.55,6250,0,18-APR-2022,
OPTSTK,DABUR,28-Apr-2022,585.0,PE,0.0,0.0,0.0,58.7,24.5,0,0.0,0,0,18-APR-2022,
OPTSTK,DABUR,28-Apr-2022,590.0,PE,0.0,0.0,0.0,62.65,28.65,0,0.0,0,0,18-APR-2022,
OPTSTK,DABUR,28-Apr-2022,595.0,PE,0.0,0.0,0.0,66.7,33.05,0,0.0,0,0,18-APR-2022,
OPTSTK,DABUR,28-Apr-2022,600.0,PE,0.0,0.0,0.0,49.0,37.6,0,0.0,13750,0,18-APR-2022,
OPTSTK,DABUR,28-Apr-2022,605.0,PE,0.0,0.0,0.0,75.05,42.25,0,0.0,0,0,18-APR-2022,
OPTSTK,DABUR,28-Apr-2022,610.0,PE,0.0,0.0,0.0,79.35,47.05,0,0.0,0,0,18-APR-2022,
OPTSTK,DABUR,28-Apr-2022,615.0,PE,0.0,0.0,0.0,83.7,51.9,0,0.0,0,0,18-APR-2022,
OPTSTK,DABUR,28-Apr-2022,620.0,PE,0.0,0.0,0.0,88.15,56.75,0,0.0,0,0,18-APR-2022,
OPTSTK,DABUR,28-Apr-2022,625.0,PE,0.0,0.0,0.0,92.65,61.7,0,0.0,0,0,18-APR-2022,
OPTSTK,DABUR,28-Apr-2022,630.0,PE,0.0,0.0,0.0,97.2,66.65,0,0.0,0,0,18-APR-2022,
OPTSTK,DABUR,28-Apr-2022,635.0,PE,0.0,0.0,0.0,101.75,71.65,0,0.0,0,0,18-APR-2022,
OPTSTK,DABUR,28-Apr-2022,640.0,PE,0.0,0.0,0.0,106.4,76.6,0,0.0,0,0,18-APR-2022,
OPTSTK,DABUR,28-Apr-2022,645.0,PE,0.0,0.0,0.0,111.05,81.6,0,0.0,0,0,18-APR-2022,
OPTSTK,DABUR,28-Apr-2022,650.0,PE,0.0,0.0,0.0,115.75,86.6,0,0.0,0,0,18-APR-2022,
OPTSTK,DABUR,28-Apr-2022,655.0,PE,0.0,0.0,0.0,120.5,91.6,0,0.0,0,0,18-APR-2022,
OPTSTK,DABUR,28-Apr-2022,660.0,PE,0.0,0.0,0.0,125.25,96.6,0,0.0,0,0,18-APR-2022,
OPTSTK,DABUR,28-Apr-2022,665.0,PE,0.0,0.0,0.0,130.05,101.55,0,0.0,0,0,18-APR-2022,
OPTSTK,DABUR,28-Apr-2022,670.0,PE,0.0,0.0,0.0,134.85,106.55,0,0.0,0,0,18-APR-2022,
OPTSTK,DABUR,28-Apr-2022,675.0,PE,0.0,0.0,0.0,139.65,111.55,0,0.0,0,0,18-APR-2022,
OPTSTK,DABUR,28-Apr-2022,680.0,PE,0.0,0.0,0.0,144.5,116.55,0,0.0,0,0,18-APR-2022,
OPTSTK,DABUR,28-Apr-2022,685.0,PE,0.0,0.0,0.0,149.35,121.55,0,0.0,0,0,18-APR-2022,
OPTSTK,DABUR,28-Apr-2022,690.0,PE,0.0,0.0,0.0,154.25,126.55,0,0.0,0,0,18-APR-2022,
OPTSTK,DABUR,28-Apr-2022,695.0,PE,0.0,0.0,0.0,159.1,131.55,0,0.0,0,0,18-APR-2022,
OPTSTK,DABUR,28-Apr-2022,700.0,PE,0.0,0.0,0.0,164.0,136.55,0,0.0,0,0,18-APR-2022,
OPTSTK,DABUR,28-Apr-2022,705.0,PE,0.0,0.0,0.0,168.9,141.55,0,0.0,0,0,18-APR-2022,
OPTSTK,DABUR,28-Apr-2022,710.0,PE,0.0,0.0,0.0,173.8,146.5,0,0.0,0,0,18-APR-2022,
OPTSTK,DABUR,28-Apr-2022,715.0,PE,0.0,0.0,0.0,178.7,151.5,0,0.0,0,0,18-APR-2022,
OPTSTK,DABUR,28-Apr-2022,720.0,PE,0.0,0.0,0.0,183.65,156.5,0,0.0,0,0,18-APR-2022,
OPTSTK,DABUR,28-Apr-2022,725.0,PE,0.0,0.0,0.0,188.55,161.5,0,0.0,0,0,18-APR-2022,
OPTSTK,DABUR,28-Apr-2022,730.0,PE,0.0,0.0,0.0,193.5,166.5,0,0.0,0,0,18-APR-2022,
OPTSTK,DABUR,26-May-2022,405.0,CE,0.0,0.0,0.0,133.1,159.5,0,0.0,0,0,18-APR-2022,
OPTSTK,DABUR,26-May-2022,410.0,CE,0.0,0.0,0.0,128.25,154.55,0,0.0,0,0,18-APR-2022,
OPTSTK,DABUR,26-May-2022,415.0,CE,0.0,0.0,0.0,123.35,149.55,0,0.0,0,0,18-APR-2022,
OPTSTK,DABUR,26-May-2022,420.0,CE,0.0,0.0,0.0,118.5,144.6,0,0.0,0,0,18-APR-2022,
OPTSTK,DABUR,26-May-2022,425.0,CE,0.0,0.0,0.0,113.7,139.6,0,0.0,0,0,18-APR-2022,
OPTSTK,DABUR,26-May-2022,430.0,CE,0.0,0.0,0.0,108.9,134.65,0,0.0,0,0,18-APR-2022,
OPTSTK,DABUR,26-May-2022,435.0,CE,0.0,0.0,0.0,104.15,129.65,0,0.0,0,0,18-APR-2022,
OPTSTK,DABUR,26-May-2022,440.0,CE,0.0,0.0,0.0,99.4,124.7,0,0.0,0,0,18-APR-2022,
OPTSTK,DABUR,26-May-2022,445.0,CE,0.0,0.0,0.0,94.75,119.75,0,0.0,0,0,18-APR-2022,
OPTSTK,DABUR,26-May-2022,450.0,CE,0.0,0.0,0.0,90.15,114.75,0,0.0,0,0,18-APR-2022,
OPTSTK,DABUR,26-May-2022,455.0,CE,0.0,0.0,0.0,85.6,109.8,0,0.0,0,0,18-APR-2022,
OPTSTK,DABUR,26-May-2022,460.0,CE,0.0,0.0,0.0,81.1,104.9,0,0.0,0,0,18-APR-2022,
OPTSTK,DABUR,26-May-2022,465.0,CE,0.0,0.0,0.0,76.7,99.95,0,0.0,0,0,18-APR-2022,
OPTSTK,DABUR,26-May-2022,470.0,CE,0.0,0.0,0.0,72.4,95.05,0,0.0,0,0,18-APR-2022,
OPTSTK,DABUR,26-May-2022,475.0,CE,0.0,0.0,0.0,68.2,90.2,0,0.0,0,0,18-APR-2022,
OPTSTK,DABUR,26-May-2022,480.0,CE,0.0,0.0,0.0,64.1,85.4,0,0.0,0,0,18-APR-2022,
OPTSTK,DABUR,26-May-2022,485.0,CE,0.0,0.0,0.0,60.1,80.6,0,0.0,0,0,18-APR-2022,
OPTSTK,DABUR,26-May-2022,490.0,CE,0.0,0.0,0.0,56.25,75.85,0,0.0,0,0,18-APR-2022,
OPTSTK,DABUR,26-May-2022,495.0,CE,0.0,0.0,0.0,52.5,71.2,0,0.0,0,0,18-APR-2022,
OPTSTK,DABUR,26-May-2022,500.0,CE,0.0,0.0,0.0,48.9,66.6,0,0.0,0,0,18-APR-2022,
OPTSTK,DABUR,26-May-2022,505.0,CE,0.0,0.0,0.0,45.4,62.1,0,0.0,0,0,18-APR-2022,
OPTSTK,DABUR,26-May-2022,510.0,CE,0.0,0.0,0.0,42.1,57.7,0,0.0,0,0,18-APR-2022,
OPTSTK,DABUR,26-May-2022,515.0,CE,0.0,0.0,0.0,38.9,53.45,0,0.0,0,0,18-APR-2022,
OPTSTK,DABUR,26-May-2022,520.0,CE,0.0,0.0,0.0,35.9,49.3,0,0.0,0,0,18-APR-2022,
OPTSTK,DABUR,26-May-2022,525.0,CE,0.0,0.0,0.0,33.0,45.3,0,0.0,0,0,18-APR-2022,
OPTSTK,DABUR,26-May-2022,530.0,CE,0.0,0.0,0.0,30.3,41.45,0,0.0,0,0,18-APR-2022,
OPTSTK,DABUR,26-May-2022,535.0,CE,0.0,0.0,0.0,27.7,37.8,0,0.0,0,0,18-APR-2022,
OPTSTK,DABUR,26-May-2022,540.0,CE,0.0,0.0,0.0,25.3,34.25,0,0.0,0,0,18-APR-2022,
OPTSTK,DABUR,26-May-2022,545.0,CE,0.0,0.0,0.0,23.05,30.95,0,0.0,0,0,18-APR-2022,
OPTSTK,DABUR,26-May-2022,550.0,CE,0.0,0.0,0.0,20.95,27.85,0,0.0,0,0,18-APR-2022,
OPTSTK,DABUR,26-May-2022,555.0,CE,0.0,0.0,0.0,18.95,24.9,0,0.0,0,0,18-APR-2022,
OPTSTK,DABUR,26-May-2022,560.0,CE,14.5,21.25,14.5,21.25,22.2,8,57.94,11250,6250,18-APR-2022,
OPTSTK,DABUR,26-May-2022,565.0,CE,0.0,0.0,0.0,15.45,19.7,0,0.0,0,0,18-APR-2022,
OPTSTK,DABUR,26-May-2022,570.0,CE,14.0,14.0,14.0,14.0,17.4,1,7.3,6250,1250,18-APR-2022,
OPTSTK,DABUR,26-May-2022,575.0,CE,0.0,0.0,0.0,12.45,15.25,0,0.0,0,0,18-APR-2022,
OPTSTK,DABUR,26-May-2022,580.0,CE,0.0,0.0,0.0,7.5,13.35,0,0.0,1250,0,18-APR-2022,
OPTSTK,DABUR,26-May-2022,585.0,CE,0.0,0.0,0.0,10.0,11.6,0,0.0,0,0,18-APR-2022,
OPTSTK,DABUR,26-May-2022,590.0,CE,0.0,0.0,0.0,8.9,10.05,0,0.0,0,0,18-APR-2022,
OPTSTK,DABUR,26-May-2022,595.0,CE,0.0,0.0,0.0,7.9,8.65,0,0.0,0,0,18-APR-2022,
OPTSTK,DABUR,26-May-2022,600.0,CE,5.25,7.7,5.25,7.55,7.55,31,235.22,100000,23750,18-APR-2022,
OPTSTK,DABUR,26-May-2022,605.0,CE,0.0,0.0,0.0,6.2,6.35,0,0.0,0,0,18-APR-2022,
OPTSTK,DABUR,26-May-2022,610.0,CE,0.0,0.0,0.0,5.45,5.4,0,0.0,0,0,18-APR-2022,
OPTSTK,DABUR,26-May-2022,615.0,CE,0.0,0.0,0.0,4.8,4.55,0,0.0,0,0,18-APR-2022,
OPTSTK,DABUR,26-May-2022,620.0,CE,0.0,0.0,0.0,4.25,3.85,0,0.0,0,0,18-APR-2022,
OPTSTK,DABUR,26-May-2022,625.0,CE,0.0,0.0,0.0,3.7,3.2,0,0.0,0,0,18-APR-2022,
OPTSTK,DABUR,26-May-2022,630.0,CE,0.0,0.0,0.0,3.25,2.7,0,0.0,0,0,18-APR-2022,
OPTSTK,DABUR,26-May-2022,635.0,CE,0.0,0.0,0.0,2.85,2.2,0,0.0,0,0,18-APR-2022,
OPTSTK,DABUR,26-May-2022,640.0,CE,0.0,0.0,0.0,2.45,1.85,0,0.0,0,0,18-APR-2022,
OPTSTK,DABUR,26-May-2022,645.0,CE,0.0,0.0,0.0,2.15,1.5,0,0.0,0,0,18-APR-2022,
OPTSTK,DABUR,26-May-2022,650.0,CE,0.0,0.0,0.0,1.85,1.25,0,0.0,0,0,18-APR-2022,
OPTSTK,DABUR,26-May-2022,655.0,CE,0.0,0.0,0.0,1.6,1.0,0,0.0,0,0,18-APR-2022,
OPTSTK,DABUR,26-May-2022,660.0,CE,0.0,0.0,0.0,1.4,0.8,0,0.0,0,0,18-APR-2022,
OPTSTK,DABUR,26-May-2022,665.0,CE,0.0,0.0,0.0,1.2,0.65,0,0.0,0,0,18-APR-2022,
OPTSTK,DABUR,26-May-2022,670.0,CE,0.0,0.0,0.0,1.05,0.55,0,0.0,0,0,18-APR-2022,
OPTSTK,DABUR,26-May-2022,675.0,CE,0.0,0.0,0.0,0.9,0.45,0,0.0,0,0,18-APR-2022,
OPTSTK,DABUR,26-May-2022,680.0,CE,0.0,0.0,0.0,0.75,0.35,0,0.0,0,0,18-APR-2022,
OPTSTK,DABUR,26-May-2022,685.0,CE,0.0,0.0,0.0,0.65,0.3,0,0.0,0,0,18-APR-2022,
OPTSTK,DABUR,26-May-2022,690.0,CE,0.0,0.0,0.0,0.55,0.25,0,0.0,0,0,18-APR-2022,
OPTSTK,DABUR,26-May-2022,695.0,CE,0.0,0.0,0.0,0.5,0.2,0,0.0,0,0,18-APR-2022,
OPTSTK,DABUR,26-May-2022,700.0,CE,0.0,0.0,0.0,0.4,0.15,0,0.0,0,0,18-APR-2022,
OPTSTK,DABUR,26-May-2022,705.0,CE,0.0,0.0,0.0,0.35,0.1,0,0.0,0,0,18-APR-2022,
OPTSTK,DABUR,26-May-2022,710.0,CE,0.0,0.0,0.0,0.3,0.1,0,0.0,0,0,18-APR-2022,
OPTSTK,DABUR,26-May-2022,715.0,CE,0.0,0.0,0.0,0.25,0.1,0,0.0,0,0,18-APR-2022,
OPTSTK,DABUR,26-May-2022,720.0,CE,0.0,0.0,0.0,0.2,0.05,0,0.0,0,0,18-APR-2022,
OPTSTK,DABUR,26-May-2022,725.0,CE,0.0,0.0,0.0,0.2,0.05,0,0.0,0,0,18-APR-2022,
OPTSTK,DABUR,26-May-2022,730.0,CE,0.0,0.0,0.0,0.15,0.05,0,0.0,0,0,18-APR-2022,
OPTSTK,DABUR,26-May-2022,405.0,PE,0.0,0.0,0.0,0.2,0.0,0,0.0,0,0,18-APR-2022,
OPTSTK,DABUR,26-May-2022,410.0,PE,0.0,0.0,0.0,0.25,0.0,0,0.0,0,0,18-APR-2022,
OPTSTK,DABUR,26-May-2022,415.0,PE,0.0,0.0,0.0,0.3,0.0,0,0.0,0,0,18-APR-2022,
OPTSTK,DABUR,26-May-2022,420.0,PE,0.0,0.0,0.0,0.4,0.0,0,0.0,0,0,18-APR-2022,
OPTSTK,DABUR,26-May-2022,425.0,PE,0.0,0.0,0.0,0.55,0.05,0,0.0,0,0,18-APR-2022,
OPTSTK,DABUR,26-May-2022,430.0,PE,0.0,0.0,0.0,0.7,0.05,0,0.0,0,0,18-APR-2022,
OPTSTK,DABUR,26-May-2022,435.0,PE,0.0,0.0,0.0,0.85,0.05,0,0.0,0,0,18-APR-2022,
OPTSTK,DABUR,26-May-2022,440.0,PE,0.0,0.0,0.0,1.1,0.05,0,0.0,0,0,18-APR-2022,
OPTSTK,DABUR,26-May-2022,445.0,PE,0.0,0.0,0.0,1.4,0.05,0,0.0,0,0,18-APR-2022,
OPTSTK,DABUR,26-May-2022,450.0,PE,0.0,0.0,0.0,1.7,0.1,0,0.0,0,0,18-APR-2022,
OPTSTK,DABUR,26-May-2022,455.0,PE,0.0,0.0,0.0,2.1,0.1,0,0.0,0,0,18-APR-2022,
OPTSTK,DABUR,26-May-2022,460.0,PE,0.0,0.0,0.0,2.6,0.15,0,0.0,0,0,18-APR-2022,
OPTSTK,DABUR,26-May-2022,465.0,PE,0.0,0.0,0.0,3.15,0.2,0,0.0,0,0,18-APR-2022,
OPTSTK,DABUR,26-May-2022,470.0,PE,0.0,0.0,0.0,3.8,0.3,0,0.0,0,0,18-APR-2022,
OPTSTK,DABUR,26-May-2022,475.0,PE,0.0,0.0,0.0,4.55,0.4,0,0.0,0,0,18-APR-2022,
OPTSTK,DABUR,26-May-2022,480.0,PE,0.0,0.0,0.0,5.4,0.55,0,0.0,0,0,18-APR-2022,
OPTSTK,DABUR,26-May-2022,485.0,PE,0.0,0.0,0.0,6.35,0.75,0,0.0,0,0,18-APR-2022,
OPTSTK,DABUR,26-May-2022,490.0,PE,0.0,0.0,0.0,7.4,1.0,0,0.0,0,0,18-APR-2022,
OPTSTK,DABUR,26-May-2022,495.0,PE,0.0,0.0,0.0,8.65,1.3,0,0.0,0,0,18-APR-2022,
OPTSTK,DABUR,26-May-2022,500.0,PE,2.45,2.45,2.45,2.45,2.45,2,12.56,7500,2500,18-APR-2022,
OPTSTK,DABUR,26-May-2022,505.0,PE,0.0,0.0,0.0,11.4,2.2,0,0.0,0,0,18-APR-2022,
OPTSTK,DABUR,26-May-2022,510.0,PE,0.0,0.0,0.0,13.05,2.75,0,0.0,0,0,18-APR-2022,
OPTSTK,DABUR,26-May-2022,515.0,PE,0.0,0.0,0.0,14.8,3.45,0,0.0,0,0,18-APR-2022,
OPTSTK,DABUR,26-May-2022,520.0,PE,0.0,0.0,0.0,16.75,4.3,0,0.0,0,0,18-APR-2022,
OPTSTK,DABUR,26-May-2022,525.0,PE,0.0,0.0,0.0,18.8,5.25,0,0.0,0,0,18-APR-2022,
OPTSTK,DABUR,26-May-2022,530.0,PE,0.0,0.0,0.0,21.05,6.4,0,0.0,0,0,18-APR-2022,
OPTSTK,DABUR,26-May-2022,535.0,PE,0.0,0.0,0.0,23.4,7.7,0,0.0,0,0,18-APR-2022,
OPTSTK,DABUR,26-May-2022,540.0,PE,0.0,0.0,0.0,25.95,9.15,0,0.0,0,0,18-APR-2022,
OPTSTK,DABUR,26-May-2022,545.0,PE,0.0,0.0,0.0,28.65,10.85,0,0.0,0,0,18-APR-2022,
OPTSTK,DABUR,26-May-2022,550.0,PE,12.5,12.5,11.7,11.7,12.7,2,14.05,3750,2500,18-APR-2022,
OPTSTK,DABUR,26-May-2022,555.0,PE,0.0,0.0,0.0,34.45,14.75,0,0.0,0,0,18-APR-2022,
OPTSTK,DABUR,26-May-2022,560.0,PE,0.0,0.0,0.0,37.6,17.05,0,0.0,0,0,18-APR-2022,
OPTSTK,DABUR,26-May-2022,565.0,PE,0.0,0.0,0.0,40.85,19.5,0,0.0,0,0,18-APR-2022,
OPTSTK,DABUR,26-May-2022,570.0,PE,0.0,0.0,0.0,44.25,22.15,0,0.0,0,0,18-APR-2022,
OPTSTK,DABUR,26-May-2022,575.0,PE,0.0,0.0,0.0,47.75,25.0,0,0.0,0,0,18-APR-2022,
OPTSTK,DABUR,26-May-2022,580.0,PE,0.0,0.0,0.0,51.4,28.1,0,0.0,0,0,18-APR-2022,
OPTSTK,DABUR,26-May-2022,585.0,PE,0.0,0.0,0.0,55.15,31.3,0,0.0,0,0,18-APR-2022,
OPTSTK,DABUR,26-May-2022,590.0,PE,0.0,0.0,0.0,59.0,34.75,0,0.0,0,0,18-APR-2022,
OPTSTK,DABUR,26-May-2022,595.0,PE,0.0,0.0,0.0,62.95,38.35,0,0.0,0,0,18-APR-2022,
OPTSTK,DABUR,26-May-2022,600.0,PE,0.0,0.0,0.0,67.0,42.1,0,0.0,0,0,18-APR-2022,
OPTSTK,DABUR,26-May-2022,605.0,PE,0.0,0.0,0.0,71.15,45.95,0,0.0,0,0,18-APR-2022,
OPTSTK,DABUR,26-May-2022,610.0,PE,0.0,0.0,0.0,75.4,50.0,0,0.0,0,0,18-APR-2022,
OPTSTK,DABUR,26-May-2022,615.0,PE,0.0,0.0,0.0,79.7,54.15,0,0.0,0,0,18-APR-2022,
OPTSTK,DABUR,26-May-2022,620.0,PE,0.0,0.0,0.0,84.05,58.4,0,0.0,0,0,18-APR-2022,
OPTSTK,DABUR,26-May-2022,625.0,PE,0.0,0.0,0.0,88.45,62.75,0,0.0,0,0,18-APR-2022,
OPTSTK,DABUR,26-May-2022,630.0,PE,0.0,0.0,0.0,92.95,67.2,0,0.0,0,0,18-APR-2022,
OPTSTK,DABUR,26-May-2022,635.0,PE,0.0,0.0,0.0,97.5,71.7,0,0.0,0,0,18-APR-2022,
OPTSTK,DABUR,26-May-2022,640.0,PE,0.0,0.0,0.0,102.05,76.3,0,0.0,0,0,18-APR-2022,
OPTSTK,DABUR,26-May-2022,645.0,PE,0.0,0.0,0.0,106.7,80.95,0,0.0,0,0,18-APR-2022,
OPTSTK,DABUR,26-May-2022,650.0,PE,0.0,0.0,0.0,111.35,85.65,0,0.0,0,0,18-APR-2022,
OPTSTK,DABUR,26-May-2022,655.0,PE,0.0,0.0,0.0,116.05,90.4,0,0.0,0,0,18-APR-2022,
OPTSTK,DABUR,26-May-2022,660.0,PE,0.0,0.0,0.0,120.8,95.2,0,0.0,0,0,18-APR-2022,
OPTSTK,DABUR,26-May-2022,665.0,PE,0.0,0.0,0.0,125.55,100.05,0,0.0,0,0,18-APR-2022,
OPTSTK,DABUR,26-May-2022,670.0,PE,0.0,0.0,0.0,130.3,104.9,0,0.0,0,0,18-APR-2022,
OPTSTK,DABUR,26-May-2022,675.0,PE,0.0,0.0,0.0,135.15,109.75,0,0.0,0,0,18-APR-2022,
OPTSTK,DABUR,26-May-2022,680.0,PE,0.0,0.0,0.0,139.95,114.65,0,0.0,0,0,18-APR-2022,
OPTSTK,DABUR,26-May-2022,685.0,PE,0.0,0.0,0.0,144.8,119.55,0,0.0,0,0,18-APR-2022,
OPTSTK,DABUR,26-May-2022,690.0,PE,0.0,0.0,0.0,149.65,124.5,0,0.0,0,0,18-APR-2022,
OPTSTK,DABUR,26-May-2022,695.0,PE,0.0,0.0,0.0,154.5,129.4,0,0.0,0,0,18-APR-2022,
OPTSTK,DABUR,26-May-2022,700.0,PE,0.0,0.0,0.0,159.4,134.35,0,0.0,0,0,18-APR-2022,
OPTSTK,DABUR,26-May-2022,705.0,PE,0.0,0.0,0.0,164.25,139.3,0,0.0,0,0,18-APR-2022,
OPTSTK,DABUR,26-May-2022,710.0,PE,0.0,0.0,0.0,169.15,144.25,0,0.0,0,0,18-APR-2022,
OPTSTK,DABUR,26-May-2022,715.0,PE,0.0,0.0,0.0,174.1,149.2,0,0.0,0,0,18-APR-2022,
OPTSTK,DABUR,26-May-2022,720.0,PE,0.0,0.0,0.0,179.0,154.2,0,0.0,0,0,18-APR-2022,
OPTSTK,DABUR,26-May-2022,725.0,PE,0.0,0.0,0.0,183.9,159.15,0,0.0,0,0,18-APR-2022,
OPTSTK,DABUR,26-May-2022,730.0,PE,0.0,0.0,0.0,188.8,164.1,0,0.0,0,0,18-APR-2022,
OPTSTK,DABUR,30-Jun-2022,405.0,CE,0.0,0.0,0.0,135.85,161.2,0,0.0,0,0,18-APR-2022,
OPTSTK,DABUR,30-Jun-2022,410.0,CE,0.0,0.0,0.0,131.0,156.25,0,0.0,0,0,18-APR-2022,
OPTSTK,DABUR,30-Jun-2022,415.0,CE,0.0,0.0,0.0,126.2,151.3,0,0.0,0,0,18-APR-2022,
OPTSTK,DABUR,30-Jun-2022,420.0,CE,0.0,0.0,0.0,121.4,146.4,0,0.0,0,0,18-APR-2022,
OPTSTK,DABUR,30-Jun-2022,425.0,CE,0.0,0.0,0.0,116.65,141.5,0,0.0,0,0,18-APR-2022,
OPTSTK,DABUR,30-Jun-2022,430.0,CE,0.0,0.0,0.0,111.95,136.6,0,0.0,0,0,18-APR-2022,
OPTSTK,DABUR,30-Jun-2022,435.0,CE,0.0,0.0,0.0,107.3,131.7,0,0.0,0,0,18-APR-2022,
OPTSTK,DABUR,30-Jun-2022,440.0,CE,0.0,0.0,0.0,102.65,126.85,0,0.0,0,0,18-APR-2022,
OPTSTK,DABUR,30-Jun-2022,445.0,CE,0.0,0.0,0.0,98.1,122.0,0,0.0,0,0,18-APR-2022,
OPTSTK,DABUR,30-Jun-2022,450.0,CE,0.0,0.0,0.0,93.6,117.15,0,0.0,0,0,18-APR-2022,
OPTSTK,DABUR,30-Jun-2022,455.0,CE,0.0,0.0,0.0,89.2,112.4,0,0.0,0,0,18-APR-2022,
OPTSTK,DABUR,30-Jun-2022,460.0,CE,0.0,0.0,0.0,84.85,107.65,0,0.0,0,0,18-APR-2022,
OPTSTK,DABUR,30-Jun-2022,465.0,CE,0.0,0.0,0.0,80.6,102.95,0,0.0,0,0,18-APR-2022,
OPTSTK,DABUR,30-Jun-2022,470.0,CE,0.0,0.0,0.0,76.4,98.3,0,0.0,0,0,18-APR-2022,
OPTSTK,DABUR,30-Jun-2022,475.0,CE,0.0,0.0,0.0,72.3,93.7,0,0.0,0,0,18-APR-2022,
OPTSTK,DABUR,30-Jun-2022,480.0,CE,0.0,0.0,0.0,68.35,89.15,0,0.0,0,0,18-APR-2022,
OPTSTK,DABUR,30-Jun-2022,485.0,CE,0.0,0.0,0.0,64.45,84.7,0,0.0,0,0,18-APR-2022,
OPTSTK,DABUR,30-Jun-2022,490.0,CE,0.0,0.0,0.0,60.7,80.3,0,0.0,0,0,18-APR-2022,
OPTSTK,DABUR,30-Jun-2022,495.0,CE,0.0,0.0,0.0,57.1,76.0,0,0.0,0,0,18-APR-2022,
OPTSTK,DABUR,30-Jun-2022,500.0,CE,0.0,0.0,0.0,53.55,71.8,0,0.0,0,0,18-APR-2022,
OPTSTK,DABUR,30-Jun-2022,505.0,CE,0.0,0.0,0.0,50.15,67.7,0,0.0,0,0,18-APR-2022,
OPTSTK,DABUR,30-Jun-2022,510.0,CE,0.0,0.0,0.0,46.85,63.7,0,0.0,0,0,18-APR-2022,
OPTSTK,DABUR,30-Jun-2022,515.0,CE,0.0,0.0,0.0,43.75,59.85,0,0.0,0,0,18-APR-2022,
OPTSTK,DABUR,30-Jun-2022,520.0,CE,0.0,0.0,0.0,40.75,56.1,0,0.0,0,0,18-APR-2022,
OPTSTK,DABUR,30-Jun-2022,525.0,CE,0.0,0.0,0.0,37.85,52.45,0,0.0,0,0,18-APR-2022,
OPTSTK,DABUR,30-Jun-2022,530.0,CE,0.0,0.0,0.0,35.15,48.9,0,0.0,0,0,18-APR-2022,
OPTSTK,DABUR,30-Jun-2022,535.0,CE,0.0,0.0,0.0,32.55,45.55,0,0.0,0,0,18-APR-2022,
OPTSTK,DABUR,30-Jun-2022,540.0,CE,0.0,0.0,0.0,30.1,42.3,0,0.0,0,0,18-APR-2022,
OPTSTK,DABUR,30-Jun-2022,545.0,CE,0.0,0.0,0.0,27.75,39.25,0,0.0,0,0,18-APR-2022,
OPTSTK,DABUR,30-Jun-2022,550.0,CE,0.0,0.0,0.0,25.6,36.3,0,0.0,0,0,18-APR-2022,
OPTSTK,DABUR,30-Jun-2022,555.0,CE,0.0,0.0,0.0,23.5,33.5,0,0.0,0,0,18-APR-2022,
OPTSTK,DABUR,30-Jun-2022,560.0,CE,0.0,0.0,0.0,21.6,30.85,0,0.0,0,0,18-APR-2022,
OPTSTK,DABUR,30-Jun-2022,565.0,CE,0.0,0.0,0.0,19.75,28.35,0,0.0,0,0,18-APR-2022,
OPTSTK,DABUR,30-Jun-2022,570.0,CE,0.0,0.0,0.0,18.1,26.0,0,0.0,0,0,18-APR-2022,
OPTSTK,DABUR,30-Jun-2022,575.0,CE,0.0,0.0,0.0,16.5,23.75,0,0.0,0,0,18-APR-2022,
OPTSTK,DABUR,30-Jun-2022,580.0,CE,0.0,0.0,0.0,15.05,21.7,0,0.0,0,0,18-APR-2022,
OPTSTK,DABUR,30-Jun-2022,585.0,CE,0.0,0.0,0.0,13.65,19.75,0,0.0,0,0,18-APR-2022,
OPTSTK,DABUR,30-Jun-2022,590.0,CE,0.0,0.0,0.0,12.45,17.95,0,0.0,0,0,18-APR-2022,
OPTSTK,DABUR,30-Jun-2022,595.0,CE,0.0,0.0,0.0,11.3,16.25,0,0.0,0,0,18-APR-2022,
OPTSTK,DABUR,30-Jun-2022,600.0,CE,0.0,0.0,0.0,10.2,14.7,0,0.0,0,0,18-APR-2022,
OPTSTK,DABUR,30-Jun-2022,605.0,CE,0.0,0.0,0.0,9.2,13.25,0,0.0,0,0,18-APR-2022,
OPTSTK,DABUR,30-Jun-2022,610.0,CE,0.0,0.0,0.0,8.3,11.95,0,0.0,0,0,18-APR-2022,
OPTSTK,DABUR,30-Jun-2022,615.0,CE,0.0,0.0,0.0,7.5,10.75,0,0.0,0,0,18-APR-2022,
OPTSTK,DABUR,30-Jun-2022,620.0,CE,0.0,0.0,0.0,6.7,9.65,0,0.0,0,0,18-APR-2022,
OPTSTK,DABUR,30-Jun-2022,625.0,CE,0.0,0.0,0.0,6.05,8.65,0,0.0,0,0,18-APR-2022,
OPTSTK,DABUR,30-Jun-2022,630.0,CE,0.0,0.0,0.0,5.4,7.7,0,0.0,0,0,18-APR-2022,
OPTSTK,DABUR,30-Jun-2022,635.0,CE,0.0,0.0,0.0,4.85,6.85,0,0.0,0,0,18-APR-2022,
OPTSTK,DABUR,30-Jun-2022,640.0,CE,0.0,0.0,0.0,4.3,6.1,0,0.0,0,0,18-APR-2022,
OPTSTK,DABUR,30-Jun-2022,645.0,CE,0.0,0.0,0.0,3.85,5.4,0,0.0,0,0,18-APR-2022,
OPTSTK,DABUR,30-Jun-2022,650.0,CE,0.0,0.0,0.0,3.45,4.8,0,0.0,0,0,18-APR-2022,
OPTSTK,DABUR,30-Jun-2022,655.0,CE,0.0,0.0,0.0,3.05,4.25,0,0.0,0,0,18-APR-2022,
OPTSTK,DABUR,30-Jun-2022,660.0,CE,0.0,0.0,0.0,2.7,3.75,0,0.0,0,0,18-APR-2022,
OPTSTK,DABUR,30-Jun-2022,665.0,CE,0.0,0.0,0.0,2.4,3.3,0,0.0,0,0,18-APR-2022,
OPTSTK,DABUR,30-Jun-2022,670.0,CE,0.0,0.0,0.0,2.15,2.9,0,0.0,0,0,18-APR-2022,
OPTSTK,DABUR,30-Jun-2022,675.0,CE,0.0,0.0,0.0,1.9,2.55,0,0.0,0,0,18-APR-2022,
OPTSTK,DABUR,30-Jun-2022,680.0,CE,0.0,0.0,0.0,1.65,2.25,0,0.0,0,0,18-APR-2022,
OPTSTK,DABUR,30-Jun-2022,685.0,CE,0.0,0.0,0.0,1.45,1.95,0,0.0,0,0,18-APR-2022,
OPTSTK,DABUR,30-Jun-2022,690.0,CE,0.0,0.0,0.0,1.3,1.7,0,0.0,0,0,18-APR-2022,
OPTSTK,DABUR,30-Jun-2022,695.0,CE,0.0,0.0,0.0,1.15,1.5,0,0.0,0,0,18-APR-2022,
OPTSTK,DABUR,30-Jun-2022,700.0,CE,0.0,0.0,0.0,1.0,1.3,0,0.0,0,0,18-APR-2022,
OPTSTK,DABUR,30-Jun-2022,705.0,CE,0.0,0.0,0.0,0.9,1.1,0,0.0,0,0,18-APR-2022,
OPTSTK,DABUR,30-Jun-2022,710.0,CE,0.0,0.0,0.0,0.75,0.95,0,0.0,0,0,18-APR-2022,
OPTSTK,DABUR,30-Jun-2022,715.0,CE,0.0,0.0,0.0,0.7,0.85,0,0.0,0,0,18-APR-2022,
OPTSTK,DABUR,30-Jun-2022,720.0,CE,0.0,0.0,0.0,0.6,0.75,0,0.0,0,0,18-APR-2022,
OPTSTK,DABUR,30-Jun-2022,725.0,CE,0.0,0.0,0.0,0.5,0.65,0,0.0,0,0,18-APR-2022,
OPTSTK,DABUR,30-Jun-2022,730.0,CE,0.0,0.0,0.0,0.45,0.55,0,0.0,0,0,18-APR-2022,
OPTSTK,DABUR,30-Jun-2022,405.0,PE,0.0,0.0,0.0,0.4,0.05,0,0.0,0,0,18-APR-2022,
OPTSTK,DABUR,30-Jun-2022,410.0,PE,0.0,0.0,0.0,0.5,0.1,0,0.0,0,0,18-APR-2022,
OPTSTK,DABUR,30-Jun-2022,415.0,PE,0.0,0.0,0.0,0.65,0.1,0,0.0,0,0,18-APR-2022,
OPTSTK,DABUR,30-Jun-2022,420.0,PE,0.0,0.0,0.0,0.8,0.15,0,0.0,0,0,18-APR-2022,
OPTSTK,DABUR,30-Jun-2022,425.0,PE,0.0,0.0,0.0,1.0,0.2,0,0.0,0,0,18-APR-2022,
OPTSTK,DABUR,30-Jun-2022,430.0,PE,0.0,0.0,0.0,1.25,0.25,0,0.0,0,0,18-APR-2022,
OPTSTK,DABUR,30-Jun-2022,435.0,PE,0.0,0.0,0.0,1.5,0.3,0,0.0,0,0,18-APR-2022,
OPTSTK,DABUR,30-Jun-2022,440.0,PE,0.0,0.0,0.0,1.85,0.4,0,0.0,0,0,18-APR-2022,
OPTSTK,DABUR,30-Jun-2022,445.0,PE,0.0,0.0,0.0,2.25,0.5,0,0.0,0,0,18-APR-2022,
OPTSTK,DABUR,30-Jun-2022,450.0,PE,0.0,0.0,0.0,2.7,0.65,0,0.0,0,0,18-APR-2022,
OPTSTK,DABUR,30-Jun-2022,455.0,PE,0.0,0.0,0.0,3.2,0.85,0,0.0,0,0,18-APR-2022,
OPTSTK,DABUR,30-Jun-2022,460.0,PE,0.0,0.0,0.0,3.8,1.05,0,0.0,0,0,18-APR-2022,
OPTSTK,DABUR,30-Jun-2022,465.0,PE,0.0,0.0,0.0,4.5,1.3,0,0.0,0,0,18-APR-2022,
OPTSTK,DABUR,30-Jun-2022,470.0,PE,0.0,0.0,0.0,5.25,1.6,0,0.0,0,0,18-APR-2022,
OPTSTK,DABUR,30-Jun-2022,475.0,PE,0.0,0.0,0.0,6.1,1.95,0,0.0,0,0,18-APR-2022,
OPTSTK,DABUR,30-Jun-2022,480.0,PE,0.0,0.0,0.0,7.1,2.4,0,0.0,0,0,18-APR-2022,
OPTSTK,DABUR,30-Jun-2022,485.0,PE,0.0,0.0,0.0,8.15,2.9,0,0.0,0,0,18-APR-2022,
OPTSTK,DABUR,30-Jun-2022,490.0,PE,0.0,0.0,0.0,9.35,3.45,0,0.0,0,0,18-APR-2022,
OPTSTK,DABUR,30-Jun-2022,495.0,PE,0.0,0.0,0.0,10.65,4.15,0,0.0,0,0,18-APR-2022,
OPTSTK,DABUR,30-Jun-2022,500.0,PE,0.0,0.0,0.0,12.05,4.9,0,0.0,0,0,18-APR-2022,
OPTSTK,DABUR,30-Jun-2022,505.0,PE,0.0,0.0,0.0,13.6,5.75,0,0.0,0,0,18-APR-2022,
OPTSTK,DABUR,30-Jun-2022,510.0,PE,0.0,0.0,0.0,15.3,6.7,0,0.0,0,0,18-APR-2022,
OPTSTK,DABUR,30-Jun-2022,515.0,PE,0.0,0.0,0.0,17.1,7.75,0,0.0,0,0,18-APR-2022,
OPTSTK,DABUR,30-Jun-2022,520.0,PE,0.0,0.0,0.0,19.05,9.0,0,0.0,0,0,18-APR-2022,
OPTSTK,DABUR,30-Jun-2022,525.0,PE,0.0,0.0,0.0,21.15,10.3,0,0.0,0,0,18-APR-2022,
OPTSTK,DABUR,30-Jun-2022,530.0,PE,0.0,0.0,0.0,23.35,11.75,0,0.0,0,0,18-APR-2022,
OPTSTK,DABUR,30-Jun-2022,535.0,PE,0.0,0.0,0.0,25.75,13.3,0,0.0,0,0,18-APR-2022,
OPTSTK,DABUR,30-Jun-2022,540.0,PE,0.0,0.0,0.0,28.2,15.05,0,0.0,0,0,18-APR-2022,
OPTSTK,DABUR,30-Jun-2022,545.0,PE,0.0,0.0,0.0,30.85,16.9,0,0.0,0,0,18-APR-2022,
OPTSTK,DABUR,30-Jun-2022,550.0,PE,0.0,0.0,0.0,33.6,18.95,0,0.0,0,0,18-APR-2022,
OPTSTK,DABUR,30-Jun-2022,555.0,PE,0.0,0.0,0.0,36.5,21.1,0,0.0,0,0,18-APR-2022,
OPTSTK,DABUR,30-Jun-2022,560.0,PE,0.0,0.0,0.0,39.5,23.4,0,0.0,0,0,18-APR-2022,
OPTSTK,DABUR,30-Jun-2022,565.0,PE,0.0,0.0,0.0,42.65,25.85,0,0.0,0,0,18-APR-2022,
OPTSTK,DABUR,30-Jun-2022,570.0,PE,0.0,0.0,0.0,45.9,28.45,0,0.0,0,0,18-APR-2022,
OPTSTK,DABUR,30-Jun-2022,575.0,PE,0.0,0.0,0.0,49.25,31.2,0,0.0,0,0,18-APR-2022,
OPTSTK,DABUR,30-Jun-2022,580.0,PE,0.0,0.0,0.0,52.75,34.1,0,0.0,0,0,18-APR-2022,
OPTSTK,DABUR,30-Jun-2022,585.0,PE,0.0,0.0,0.0,56.3,37.1,0,0.0,0,0,18-APR-2022,
OPTSTK,DABUR,30-Jun-2022,590.0,PE,0.0,0.0,0.0,60.05,40.25,0,0.0,0,0,18-APR-2022,
OPTSTK,DABUR,30-Jun-2022,595.0,PE,0.0,0.0,0.0,63.8,43.55,0,0.0,0,0,18-APR-2022,
OPTSTK,DABUR,30-Jun-2022,600.0,PE,0.0,0.0,0.0,67.7,46.95,0,0.0,0,0,18-APR-2022,
OPTSTK,DABUR,30-Jun-2022,605.0,PE,0.0,0.0,0.0,71.65,50.45,0,0.0,0,0,18-APR-2022,
OPTSTK,DABUR,30-Jun-2022,610.0,PE,0.0,0.0,0.0,75.7,54.1,0,0.0,0,0,18-APR-2022,
OPTSTK,DABUR,30-Jun-2022,615.0,PE,0.0,0.0,0.0,79.8,57.85,0,0.0,0,0,18-APR-2022,
OPTSTK,DABUR,30-Jun-2022,620.0,PE,0.0,0.0,0.0,84.0,61.7,0,0.0,0,0,18-APR-2022,
OPTSTK,DABUR,30-Jun-2022,625.0,PE,0.0,0.0,0.0,88.25,65.65,0,0.0,0,0,18-APR-2022,
OPTSTK,DABUR,30-Jun-2022,630.0,PE,0.0,0.0,0.0,92.6,69.7,0,0.0,0,0,18-APR-2022,
OPTSTK,DABUR,30-Jun-2022,635.0,PE,0.0,0.0,0.0,96.95,73.8,0,0.0,0,0,18-APR-2022,
OPTSTK,DABUR,30-Jun-2022,640.0,PE,0.0,0.0,0.0,101.4,78.0,0,0.0,0,0,18-APR-2022,
OPTSTK,DABUR,30-Jun-2022,645.0,PE,0.0,0.0,0.0,105.85,82.25,0,0.0,0,0,18-APR-2022,
OPTSTK,DABUR,30-Jun-2022,650.0,PE,0.0,0.0,0.0,110.4,86.6,0,0.0,0,0,18-APR-2022,
OPTSTK,DABUR,30-Jun-2022,655.0,PE,0.0,0.0,0.0,114.95,91.0,0,0.0,0,0,18-APR-2022,
OPTSTK,DABUR,30-Jun-2022,660.0,PE,0.0,0.0,0.0,119.55,95.45,0,0.0,0,0,18-APR-2022,
OPTSTK,DABUR,30-Jun-2022,665.0,PE,0.0,0.0,0.0,124.2,99.95,0,0.0,0,0,18-APR-2022,
OPTSTK,DABUR,30-Jun-2022,670.0,PE,0.0,0.0,0.0,128.9,104.55,0,0.0,0,0,18-APR-2022,
OPTSTK,DABUR,30-Jun-2022,675.0,PE,0.0,0.0,0.0,133.6,109.15,0,0.0,0,0,18-APR-2022,
OPTSTK,DABUR,30-Jun-2022,680.0,PE,0.0,0.0,0.0,138.3,113.75,0,0.0,0,0,18-APR-2022,
OPTSTK,DABUR,30-Jun-2022,685.0,PE,0.0,0.0,0.0,143.05,118.45,0,0.0,0,0,18-APR-2022,
OPTSTK,DABUR,30-Jun-2022,690.0,PE,0.0,0.0,0.0,147.85,123.15,0,0.0,0,0,18-APR-2022,
OPTSTK,DABUR,30-Jun-2022,695.0,PE,0.0,0.0,0.0,152.65,127.9,0,0.0,0,0,18-APR-2022,
OPTSTK,DABUR,30-Jun-2022,700.0,PE,0.0,0.0,0.0,157.45,132.65,0,0.0,0,0,18-APR-2022,
OPTSTK,DABUR,30-Jun-2022,705.0,PE,0.0,0.0,0.0,162.25,137.45,0,0.0,0,0,18-APR-2022,
OPTSTK,DABUR,30-Jun-2022,710.0,PE,0.0,0.0,0.0,167.1,142.25,0,0.0,0,0,18-APR-2022,
OPTSTK,DABUR,30-Jun-2022,715.0,PE,0.0,0.0,0.0,171.95,147.1,0,0.0,0,0,18-APR-2022,
OPTSTK,DABUR,30-Jun-2022,720.0,PE,0.0,0.0,0.0,176.8,151.95,0,0.0,0,0,18-APR-2022,
OPTSTK,DABUR,30-Jun-2022,725.0,PE,0.0,0.0,0.0,181.7,156.8,0,0.0,0,0,18-APR-2022,
OPTSTK,DABUR,30-Jun-2022,730.0,PE,0.0,0.0,0.0,186.6,161.65,0,0.0,0,0,18-APR-2022,
OPTSTK,DALBHARAT,28-Apr-2022,950.0,CE,0.0,0.0,0.0,786.55,652.85,0,0.0,0,0,18-APR-2022,
OPTSTK,DALBHARAT,28-Apr-2022,960.0,CE,0.0,0.0,0.0,538.65,642.85,0,0.0,0,0,18-APR-2022,
OPTSTK,DALBHARAT,28-Apr-2022,980.0,CE,0.0,0.0,0.0,518.75,622.85,0,0.0,0,0,18-APR-2022,
OPTSTK,DALBHARAT,28-Apr-2022,1000.0,CE,0.0,0.0,0.0,737.4,602.9,0,0.0,0,0,18-APR-2022,
OPTSTK,DALBHARAT,28-Apr-2022,1020.0,CE,0.0,0.0,0.0,478.9,582.9,0,0.0,0,0,18-APR-2022,
OPTSTK,DALBHARAT,28-Apr-2022,1040.0,CE,0.0,0.0,0.0,459.05,562.95,0,0.0,0,0,18-APR-2022,
OPTSTK,DALBHARAT,28-Apr-2022,1050.0,CE,0.0,0.0,0.0,688.55,552.95,0,0.0,0,0,18-APR-2022,
OPTSTK,DALBHARAT,28-Apr-2022,1060.0,CE,0.0,0.0,0.0,439.2,542.95,0,0.0,0,0,18-APR-2022,
OPTSTK,DALBHARAT,28-Apr-2022,1080.0,CE,0.0,0.0,0.0,419.4,523.0,0,0.0,0,0,18-APR-2022,
OPTSTK,DALBHARAT,28-Apr-2022,1100.0,CE,0.0,0.0,0.0,640.1,503.0,0,0.0,0,0,18-APR-2022,
OPTSTK,DALBHARAT,28-Apr-2022,1120.0,CE,0.0,0.0,0.0,380.0,483.05,0,0.0,0,0,18-APR-2022,
OPTSTK,DALBHARAT,28-Apr-2022,1140.0,CE,0.0,0.0,0.0,360.45,463.05,0,0.0,0,0,18-APR-2022,
OPTSTK,DALBHARAT,28-Apr-2022,1150.0,CE,0.0,0.0,0.0,592.25,453.05,0,0.0,0,0,18-APR-2022,
OPTSTK,DALBHARAT,28-Apr-2022,1160.0,CE,0.0,0.0,0.0,341.1,443.1,0,0.0,0,0,18-APR-2022,
OPTSTK,DALBHARAT,28-Apr-2022,1180.0,CE,0.0,0.0,0.0,321.85,423.1,0,0.0,0,0,18-APR-2022,
OPTSTK,DALBHARAT,28-Apr-2022,1200.0,CE,0.0,0.0,0.0,545.25,403.1,0,0.0,0,0,18-APR-2022,
OPTSTK,DALBHARAT,28-Apr-2022,1220.0,CE,0.0,0.0,0.0,284.15,383.15,0,0.0,0,0,18-APR-2022,
OPTSTK,DALBHARAT,28-Apr-2022,1240.0,CE,0.0,0.0,0.0,265.8,363.2,0,0.0,0,0,18-APR-2022,
OPTSTK,DALBHARAT,28-Apr-2022,1250.0,CE,0.0,0.0,0.0,499.35,353.2,0,0.0,0,0,18-APR-2022,
OPTSTK,DALBHARAT,28-Apr-2022,1260.0,CE,0.0,0.0,0.0,247.8,343.2,0,0.0,0,0,18-APR-2022,
OPTSTK,DALBHARAT,28-Apr-2022,1280.0,CE,0.0,0.0,0.0,230.2,323.3,0,0.0,0,0,18-APR-2022,
OPTSTK,DALBHARAT,28-Apr-2022,1300.0,CE,0.0,0.0,0.0,454.8,303.35,0,0.0,0,0,18-APR-2022,
OPTSTK,DALBHARAT,28-Apr-2022,1320.0,CE,0.0,0.0,0.0,196.6,283.5,0,0.0,0,0,18-APR-2022,
OPTSTK,DALBHARAT,28-Apr-2022,1340.0,CE,0.0,0.0,0.0,180.7,263.7,0,0.0,0,0,18-APR-2022,
OPTSTK,DALBHARAT,28-Apr-2022,1350.0,CE,0.0,0.0,0.0,411.9,253.85,0,0.0,0,0,18-APR-2022,
OPTSTK,DALBHARAT,28-Apr-2022,1360.0,CE,0.0,0.0,0.0,165.45,244.05,0,0.0,0,0,18-APR-2022,
OPTSTK,DALBHARAT,28-Apr-2022,1380.0,CE,0.0,0.0,0.0,150.9,224.55,0,0.0,0,0,18-APR-2022,
OPTSTK,DALBHARAT,28-Apr-2022,1400.0,CE,0.0,0.0,0.0,237.35,205.35,0,0.0,2000,0,18-APR-2022,
OPTSTK,DALBHARAT,28-Apr-2022,1420.0,CE,0.0,0.0,0.0,123.95,186.45,0,0.0,0,0,18-APR-2022,
OPTSTK,DALBHARAT,28-Apr-2022,1440.0,CE,0.0,0.0,0.0,111.7,168.05,0,0.0,0,0,18-APR-2022,
OPTSTK,DALBHARAT,28-Apr-2022,1450.0,CE,0.0,0.0,0.0,151.45,159.05,0,0.0,750,0,18-APR-2022,
OPTSTK,DALBHARAT,28-Apr-2022,1460.0,CE,0.0,0.0,0.0,100.2,150.2,0,0.0,0,0,18-APR-2022,
OPTSTK,DALBHARAT,28-Apr-2022,1480.0,CE,0.0,0.0,0.0,89.55,133.05,0,0.0,0,0,18-APR-2022,
OPTSTK,DALBHARAT,28-Apr-2022,1500.0,CE,135.0,135.0,107.0,115.75,115.75,90,363.51,12000,-17500,18-APR-2022,
OPTSTK,DALBHARAT,28-Apr-2022,1520.0,CE,0.0,0.0,0.0,70.65,101.5,0,0.0,0,0,18-APR-2022,
OPTSTK,DALBHARAT,28-Apr-2022,1540.0,CE,0.0,0.0,0.0,62.35,87.2,0,0.0,0,0,18-APR-2022,
OPTSTK,DALBHARAT,28-Apr-2022,1550.0,CE,0.0,0.0,0.0,261.55,80.55,0,0.0,0,0,18-APR-2022,
OPTSTK,DALBHARAT,28-Apr-2022,1560.0,CE,0.0,0.0,0.0,54.85,74.15,0,0.0,0,0,18-APR-2022,
OPTSTK,DALBHARAT,28-Apr-2022,1580.0,CE,0.0,0.0,0.0,48.0,62.35,0,0.0,0,0,18-APR-2022,
OPTSTK,DALBHARAT,28-Apr-2022,1600.0,CE,64.0,64.0,39.95,44.3,44.3,150,618.91,22000,-5250,18-APR-2022,
OPTSTK,DALBHARAT,28-Apr-2022,1620.0,CE,66.05,66.05,32.0,32.0,32.0,5,20.81,750,500,18-APR-2022,
OPTSTK,DALBHARAT,28-Apr-2022,1640.0,CE,50.6,50.6,25.15,28.45,28.45,8,33.57,3750,250,18-APR-2022,
OPTSTK,DALBHARAT,28-Apr-2022,1650.0,CE,26.45,35.45,17.6,22.7,22.7,37,155.39,9500,3000,18-APR-2022,
OPTSTK,DALBHARAT,28-Apr-2022,1660.0,CE,0.0,0.0,0.0,27.15,27.65,0,0.0,0,0,18-APR-2022,
OPTSTK,DALBHARAT,28-Apr-2022,1680.0,CE,0.0,0.0,0.0,23.35,21.85,0,0.0,0,0,18-APR-2022,
OPTSTK,DALBHARAT,28-Apr-2022,1700.0,CE,20.0,20.0,9.1,10.8,10.8,162,694.41,27000,-4750,18-APR-2022,
OPTSTK,DALBHARAT,28-Apr-2022,1720.0,CE,0.0,0.0,0.0,17.05,13.2,0,0.0,0,0,18-APR-2022,
OPTSTK,DALBHARAT,28-Apr-2022,1740.0,CE,0.0,0.0,0.0,14.45,10.1,0,0.0,0,0,18-APR-2022,
OPTSTK,DALBHARAT,28-Apr-2022,1750.0,CE,8.0,8.0,3.5,4.65,4.65,5,21.95,1750,-500,18-APR-2022,
OPTSTK,DALBHARAT,28-Apr-2022,1760.0,CE,0.0,0.0,0.0,12.25,7.6,0,0.0,0,0,18-APR-2022,
OPTSTK,DALBHARAT,28-Apr-2022,1780.0,CE,3.2,3.2,3.2,3.2,5.65,1,4.45,0,-250,18-APR-2022,
OPTSTK,DALBHARAT,28-Apr-2022,1800.0,CE,4.5,4.55,2.5,2.5,2.5,42,189.37,9750,-3250,18-APR-2022,
OPTSTK,DALBHARAT,28-Apr-2022,1820.0,CE,0.0,0.0,0.0,7.3,3.0,0,0.0,0,0,18-APR-2022,
OPTSTK,DALBHARAT,28-Apr-2022,1840.0,CE,0.0,0.0,0.0,6.1,2.15,0,0.0,0,0,18-APR-2022,
OPTSTK,DALBHARAT,28-Apr-2022,1850.0,CE,0.0,0.0,0.0,8.0,1.85,0,0.0,1250,0,18-APR-2022,
OPTSTK,DALBHARAT,28-Apr-2022,1860.0,CE,0.0,0.0,0.0,5.05,1.55,0,0.0,0,0,18-APR-2022,
OPTSTK,DALBHARAT,28-Apr-2022,1880.0,CE,0.0,0.0,0.0,4.2,1.1,0,0.0,0,0,18-APR-2022,
OPTSTK,DALBHARAT,28-Apr-2022,1900.0,CE,0.0,0.0,0.0,95.7,0.75,0,0.0,0,0,18-APR-2022,
OPTSTK,DALBHARAT,28-Apr-2022,1920.0,CE,0.0,0.0,0.0,2.9,0.55,0,0.0,0,0,18-APR-2022,
OPTSTK,DALBHARAT,28-Apr-2022,1940.0,CE,0.0,0.0,0.0,2.35,0.35,0,0.0,0,0,18-APR-2022,
OPTSTK,DALBHARAT,28-Apr-2022,1950.0,CE,0.0,0.0,0.0,81.3,0.3,0,0.0,0,0,18-APR-2022,
OPTSTK,DALBHARAT,28-Apr-2022,1960.0,CE,0.0,0.0,0.0,1.95,0.25,0,0.0,0,0,18-APR-2022,
OPTSTK,DALBHARAT,28-Apr-2022,1980.0,CE,0.0,0.0,0.0,1.6,0.15,0,0.0,0,0,18-APR-2022,
OPTSTK,DALBHARAT,28-Apr-2022,2000.0,CE,0.0,0.0,0.0,68.85,0.1,0,0.0,0,0,18-APR-2022,
OPTSTK,DALBHARAT,28-Apr-2022,2020.0,CE,0.0,0.0,0.0,1.05,0.1,0,0.0,0,0,18-APR-2022,
OPTSTK,DALBHARAT,28-Apr-2022,2040.0,CE,0.0,0.0,0.0,0.85,0.05,0,0.0,0,0,18-APR-2022,
OPTSTK,DALBHARAT,28-Apr-2022,2050.0,CE,0.0,0.0,0.0,58.05,0.05,0,0.0,0,0,18-APR-2022,
OPTSTK,DALBHARAT,28-Apr-2022,2060.0,CE,0.0,0.0,0.0,0.7,0.05,0,0.0,0,0,18-APR-2022,
OPTSTK,DALBHARAT,28-Apr-2022,2080.0,CE,0.0,0.0,0.0,0.55,0.05,0,0.0,0,0,18-APR-2022,
OPTSTK,DALBHARAT,28-Apr-2022,2100.0,CE,0.0,0.0,0.0,48.7,0.05,0,0.0,0,0,18-APR-2022,
OPTSTK,DALBHARAT,28-Apr-2022,2120.0,CE,0.0,0.0,0.0,0.35,0.05,0,0.0,0,0,18-APR-2022,
OPTSTK,DALBHARAT,28-Apr-2022,2150.0,CE,0.0,0.0,0.0,40.75,0.0,0,0.0,0,0,18-APR-2022,
OPTSTK,DALBHARAT,28-Apr-2022,2200.0,CE,0.0,0.0,0.0,33.95,0.0,0,0.0,0,0,18-APR-2022,
OPTSTK,DALBHARAT,28-Apr-2022,2250.0,CE,0.0,0.0,0.0,28.25,0.0,0,0.0,0,0,18-APR-2022,
OPTSTK,DALBHARAT,28-Apr-2022,2300.0,CE,0.0,0.0,0.0,23.4,0.0,0,0.0,0,0,18-APR-2022,
OPTSTK,DALBHARAT,28-Apr-2022,2350.0,CE,0.0,0.0,0.0,19.3,0.0,0,0.0,0,0,18-APR-2022,
OPTSTK,DALBHARAT,28-Apr-2022,2400.0,CE,0.0,0.0,0.0,15.9,0.0,0,0.0,0,0,18-APR-2022,
OPTSTK,DALBHARAT,28-Apr-2022,2450.0,CE,0.0,0.0,0.0,13.1,0.0,0,0.0,0,0,18-APR-2022,
OPTSTK,DALBHARAT,28-Apr-2022,2500.0,CE,0.0,0.0,0.0,10.7,0.0,0,0.0,0,0,18-APR-2022,
OPTSTK,DALBHARAT,28-Apr-2022,2550.0,CE,0.0,0.0,0.0,8.75,0.0,0,0.0,0,0,18-APR-2022,
OPTSTK,DALBHARAT,28-Apr-2022,950.0,PE,0.0,0.0,0.0,0.3,0.0,0,0.0,0,0,18-APR-2022,
OPTSTK,DALBHARAT,28-Apr-2022,960.0,PE,0.0,0.0,0.0,0.05,0.0,0,0.0,0,0,18-APR-2022,
OPTSTK,DALBHARAT,28-Apr-2022,980.0,PE,0.0,0.0,0.0,0.05,0.0,0,0.0,0,0,18-APR-2022,
OPTSTK,DALBHARAT,28-Apr-2022,1000.0,PE,0.0,0.0,0.0,0.65,0.0,0,0.0,0,0,18-APR-2022,
OPTSTK,DALBHARAT,28-Apr-2022,1020.0,PE,0.0,0.0,0.0,0.1,0.0,0,0.0,0,0,18-APR-2022,
OPTSTK,DALBHARAT,28-Apr-2022,1040.0,PE,0.0,0.0,0.0,0.15,0.0,0,0.0,0,0,18-APR-2022,
OPTSTK,DALBHARAT,28-Apr-2022,1050.0,PE,0.0,0.0,0.0,1.25,0.0,0,0.0,0,0,18-APR-2022,
OPTSTK,DALBHARAT,28-Apr-2022,1060.0,PE,0.0,0.0,0.0,0.25,0.0,0,0.0,0,0,18-APR-2022,
OPTSTK,DALBHARAT,28-Apr-2022,1080.0,PE,0.0,0.0,0.0,0.4,0.0,0,0.0,0,0,18-APR-2022,
OPTSTK,DALBHARAT,28-Apr-2022,1100.0,PE,0.0,0.0,0.0,2.25,0.0,0,0.0,0,0,18-APR-2022,
OPTSTK,DALBHARAT,28-Apr-2022,1120.0,PE,0.0,0.0,0.0,0.9,0.0,0,0.0,0,0,18-APR-2022,
OPTSTK,DALBHARAT,28-Apr-2022,1140.0,PE,0.0,0.0,0.0,1.3,0.0,0,0.0,0,0,18-APR-2022,
OPTSTK,DALBHARAT,28-Apr-2022,1150.0,PE,0.0,0.0,0.0,3.9,0.0,0,0.0,0,0,18-APR-2022,
OPTSTK,DALBHARAT,28-Apr-2022,1160.0,PE,0.0,0.0,0.0,1.85,0.0,0,0.0,0,0,18-APR-2022,
OPTSTK,DALBHARAT,28-Apr-2022,1180.0,PE,0.0,0.0,0.0,2.55,0.0,0,0.0,0,0,18-APR-2022,
OPTSTK,DALBHARAT,28-Apr-2022,1200.0,PE,0.0,0.0,0.0,6.4,0.0,0,0.0,0,0,18-APR-2022,
OPTSTK,DALBHARAT,28-Apr-2022,1220.0,PE,0.0,0.0,0.0,1.05,0.05,0,0.0,250,0,18-APR-2022,
OPTSTK,DALBHARAT,28-Apr-2022,1240.0,PE,0.0,0.0,0.0,6.3,0.05,0,0.0,0,0,18-APR-2022,
OPTSTK,DALBHARAT,28-Apr-2022,1250.0,PE,0.0,0.0,0.0,9.95,0.05,0,0.0,0,0,18-APR-2022,
OPTSTK,DALBHARAT,28-Apr-2022,1260.0,PE,0.0,0.0,0.0,8.2,0.05,0,0.0,0,0,18-APR-2022,
OPTSTK,DALBHARAT,28-Apr-2022,1280.0,PE,0.0,0.0,0.0,10.6,0.1,0,0.0,0,0,18-APR-2022,
OPTSTK,DALBHARAT,28-Apr-2022,1300.0,PE,0.0,0.0,0.0,4.0,0.15,0,0.0,500,0,18-APR-2022,
OPTSTK,DALBHARAT,28-Apr-2022,1320.0,PE,0.0,0.0,0.0,16.85,0.25,0,0.0,0,0,18-APR-2022,
OPTSTK,DALBHARAT,28-Apr-2022,1340.0,PE,0.0,0.0,0.0,20.9,0.45,0,0.0,0,0,18-APR-2022,
OPTSTK,DALBHARAT,28-Apr-2022,1350.0,PE,0.0,0.0,0.0,7.9,0.6,0,0.0,2000,0,18-APR-2022,
OPTSTK,DALBHARAT,28-Apr-2022,1360.0,PE,0.0,0.0,0.0,25.55,0.75,0,0.0,0,0,18-APR-2022,
OPTSTK,DALBHARAT,28-Apr-2022,1380.0,PE,0.0,0.0,0.0,30.95,1.25,0,0.0,0,0,18-APR-2022,
OPTSTK,DALBHARAT,28-Apr-2022,1400.0,PE,2.0,2.0,1.6,1.65,1.65,4,14.01,6500,-1000,18-APR-2022,
OPTSTK,DALBHARAT,28-Apr-2022,1420.0,PE,0.0,0.0,0.0,43.9,3.1,0,0.0,0,0,18-APR-2022,
OPTSTK,DALBHARAT,28-Apr-2022,1440.0,PE,0.0,0.0,0.0,51.55,4.65,0,0.0,0,0,18-APR-2022,
OPTSTK,DALBHARAT,28-Apr-2022,1450.0,PE,2.2,2.2,2.2,2.2,5.65,1,3.63,500,0,18-APR-2022,
OPTSTK,DALBHARAT,28-Apr-2022,1460.0,PE,0.0,0.0,0.0,60.05,6.8,0,0.0,0,0,18-APR-2022,
OPTSTK,DALBHARAT,28-Apr-2022,1480.0,PE,0.0,0.0,0.0,69.3,9.65,0,0.0,0,0,18-APR-2022,
OPTSTK,DALBHARAT,28-Apr-2022,1500.0,PE,5.8,12.25,5.8,6.9,6.9,12,45.24,4500,-250,18-APR-2022,
OPTSTK,DALBHARAT,28-Apr-2022,1520.0,PE,0.0,0.0,0.0,90.25,18.05,0,0.0,0,0,18-APR-2022,
OPTSTK,DALBHARAT,28-Apr-2022,1540.0,PE,20.0,20.0,20.0,20.0,23.75,4,15.6,0,-500,18-APR-2022,
OPTSTK,DALBHARAT,28-Apr-2022,1550.0,PE,0.0,0.0,0.0,69.05,27.05,0,0.0,0,0,18-APR-2022,
OPTSTK,DALBHARAT,28-Apr-2022,1560.0,PE,0.0,0.0,0.0,114.3,30.65,0,0.0,0,0,18-APR-2022,
OPTSTK,DALBHARAT,28-Apr-2022,1580.0,PE,0.0,0.0,0.0,127.45,38.8,0,0.0,0,0,18-APR-2022,
OPTSTK,DALBHARAT,28-Apr-2022,1600.0,PE,39.15,44.0,34.0,35.7,35.7,20,81.89,6250,750,18-APR-2022,
OPTSTK,DALBHARAT,28-Apr-2022,1620.0,PE,0.0,0.0,0.0,155.7,58.95,0,0.0,0,0,18-APR-2022,
OPTSTK,DALBHARAT,28-Apr-2022,1640.0,PE,0.0,0.0,0.0,170.8,70.9,0,0.0,0,0,18-APR-2022,
OPTSTK,DALBHARAT,28-Apr-2022,1650.0,PE,0.0,0.0,0.0,107.9,77.3,0,0.0,0,0,18-APR-2022,
OPTSTK,DALBHARAT,28-Apr-2022,1660.0,PE,0.0,0.0,0.0,186.35,84.0,0,0.0,0,0,18-APR-2022,
OPTSTK,DALBHARAT,28-Apr-2022,1680.0,PE,0.0,0.0,0.0,202.45,98.25,0,0.0,0,0,18-APR-2022,
OPTSTK,DALBHARAT,28-Apr-2022,1700.0,PE,0.0,0.0,0.0,131.35,113.45,0,0.0,750,0,18-APR-2022,
OPTSTK,DALBHARAT,28-Apr-2022,1720.0,PE,0.0,0.0,0.0,236.0,129.55,0,0.0,0,0,18-APR-2022,
OPTSTK,DALBHARAT,28-Apr-2022,1740.0,PE,0.0,0.0,0.0,253.4,146.35,0,0.0,0,0,18-APR-2022,
OPTSTK,DALBHARAT,28-Apr-2022,1750.0,PE,0.0,0.0,0.0,157.25,155.05,0,0.0,0,0,18-APR-2022,
OPTSTK,DALBHARAT,28-Apr-2022,1760.0,PE,0.0,0.0,0.0,271.1,163.85,0,0.0,0,0,18-APR-2022,
OPTSTK,DALBHARAT,28-Apr-2022,1780.0,PE,0.0,0.0,0.0,289.15,181.9,0,0.0,0,0,18-APR-2022,
OPTSTK,DALBHARAT,28-Apr-2022,1800.0,PE,0.0,0.0,0.0,185.7,200.4,0,0.0,0,0,18-APR-2022,
OPTSTK,DALBHARAT,28-Apr-2022,1820.0,PE,0.0,0.0,0.0,325.95,219.2,0,0.0,0,0,18-APR-2022,
OPTSTK,DALBHARAT,28-Apr-2022,1840.0,PE,0.0,0.0,0.0,344.7,238.35,0,0.0,0,0,18-APR-2022,
OPTSTK,DALBHARAT,28-Apr-2022,1850.0,PE,0.0,0.0,0.0,216.5,248.0,0,0.0,0,0,18-APR-2022,
OPTSTK,DALBHARAT,28-Apr-2022,1860.0,PE,0.0,0.0,0.0,363.6,257.7,0,0.0,0,0,18-APR-2022,
OPTSTK,DALBHARAT,28-Apr-2022,1880.0,PE,0.0,0.0,0.0,382.7,277.2,0,0.0,0,0,18-APR-2022,
OPTSTK,DALBHARAT,28-Apr-2022,1900.0,PE,0.0,0.0,0.0,249.55,296.85,0,0.0,0,0,18-APR-2022,
OPTSTK,DALBHARAT,28-Apr-2022,1920.0,PE,0.0,0.0,0.0,421.25,316.6,0,0.0,0,0,18-APR-2022,
OPTSTK,DALBHARAT,28-Apr-2022,1940.0,PE,0.0,0.0,0.0,440.65,336.45,0,0.0,0,0,18-APR-2022,
OPTSTK,DALBHARAT,28-Apr-2022,1950.0,PE,0.0,0.0,0.0,284.6,346.35,0,0.0,0,0,18-APR-2022,
OPTSTK,DALBHARAT,28-Apr-2022,1960.0,PE,0.0,0.0,0.0,460.2,356.3,0,0.0,0,0,18-APR-2022,
OPTSTK,DALBHARAT,28-Apr-2022,1980.0,PE,0.0,0.0,0.0,479.75,376.2,0,0.0,0,0,18-APR-2022,
OPTSTK,DALBHARAT,28-Apr-2022,2000.0,PE,0.0,0.0,0.0,558.1,396.1,0,0.0,500,0,18-APR-2022,
OPTSTK,DALBHARAT,28-Apr-2022,2020.0,PE,0.0,0.0,0.0,519.1,416.05,0,0.0,0,0,18-APR-2022,
OPTSTK,DALBHARAT,28-Apr-2022,2040.0,PE,0.0,0.0,0.0,538.85,436.0,0,0.0,0,0,18-APR-2022,
OPTSTK,DALBHARAT,28-Apr-2022,2050.0,PE,0.0,0.0,0.0,360.35,446.0,0,0.0,0,0,18-APR-2022,
OPTSTK,DALBHARAT,28-Apr-2022,2060.0,PE,0.0,0.0,0.0,558.6,456.0,0,0.0,0,0,18-APR-2022,
OPTSTK,DALBHARAT,28-Apr-2022,2080.0,PE,0.0,0.0,0.0,578.4,475.95,0,0.0,0,0,18-APR-2022,
OPTSTK,DALBHARAT,28-Apr-2022,2100.0,PE,0.0,0.0,0.0,400.45,495.9,0,0.0,0,0,18-APR-2022,
OPTSTK,DALBHARAT,28-Apr-2022,2120.0,PE,0.0,0.0,0.0,588.2,515.9,0,0.0,0,0,18-APR-2022,
OPTSTK,DALBHARAT,28-Apr-2022,2150.0,PE,0.0,0.0,0.0,442.0,545.85,0,0.0,0,0,18-APR-2022,
OPTSTK,DALBHARAT,28-Apr-2022,2200.0,PE,0.0,0.0,0.0,484.7,595.8,0,0.0,0,0,18-APR-2022,
OPTSTK,DALBHARAT,28-Apr-2022,2250.0,PE,0.0,0.0,0.0,528.45,645.75,0,0.0,0,0,18-APR-2022,
OPTSTK,DALBHARAT,28-Apr-2022,2300.0,PE,0.0,0.0,0.0,573.1,695.7,0,0.0,0,0,18-APR-2022,
OPTSTK,DALBHARAT,28-Apr-2022,2350.0,PE,0.0,0.0,0.0,618.5,745.65,0,0.0,0,0,18-APR-2022,
OPTSTK,DALBHARAT,28-Apr-2022,2400.0,PE,0.0,0.0,0.0,664.55,795.55,0,0.0,0,0,18-APR-2022,
OPTSTK,DALBHARAT,28-Apr-2022,2450.0,PE,0.0,0.0,0.0,711.2,845.5,0,0.0,0,0,18-APR-2022,
OPTSTK,DALBHARAT,28-Apr-2022,2500.0,PE,0.0,0.0,0.0,758.35,895.45,0,0.0,0,0,18-APR-2022,
OPTSTK,DALBHARAT,28-Apr-2022,2550.0,PE,0.0,0.0,0.0,805.85,945.4,0,0.0,0,0,18-APR-2022,
OPTSTK,DALBHARAT,26-May-2022,950.0,CE,0.0,0.0,0.0,598.3,656.0,0,0.0,0,0,18-APR-2022,
OPTSTK,DALBHARAT,26-May-2022,960.0,CE,0.0,0.0,0.0,542.5,646.05,0,0.0,0,0,18-APR-2022,
OPTSTK,DALBHARAT,26-May-2022,980.0,CE,0.0,0.0,0.0,522.85,626.15,0,0.0,0,0,18-APR-2022,
OPTSTK,DALBHARAT,26-May-2022,1000.0,CE,0.0,0.0,0.0,550.2,606.25,0,0.0,0,0,18-APR-2022,
OPTSTK,DALBHARAT,26-May-2022,1020.0,CE,0.0,0.0,0.0,483.9,586.35,0,0.0,0,0,18-APR-2022,
OPTSTK,DALBHARAT,26-May-2022,1040.0,CE,0.0,0.0,0.0,464.6,566.5,0,0.0,0,0,18-APR-2022,
OPTSTK,DALBHARAT,26-May-2022,1050.0,CE,0.0,0.0,0.0,502.9,556.55,0,0.0,0,0,18-APR-2022,
OPTSTK,DALBHARAT,26-May-2022,1060.0,CE,0.0,0.0,0.0,445.4,546.65,0,0.0,0,0,18-APR-2022,
OPTSTK,DALBHARAT,26-May-2022,1080.0,CE,0.0,0.0,0.0,426.4,526.8,0,0.0,0,0,18-APR-2022,
OPTSTK,DALBHARAT,26-May-2022,1100.0,CE,0.0,0.0,0.0,456.7,507.05,0,0.0,0,0,18-APR-2022,
OPTSTK,DALBHARAT,26-May-2022,1120.0,CE,0.0,0.0,0.0,389.0,487.3,0,0.0,0,0,18-APR-2022,
OPTSTK,DALBHARAT,26-May-2022,1140.0,CE,0.0,0.0,0.0,370.65,467.65,0,0.0,0,0,18-APR-2022,
OPTSTK,DALBHARAT,26-May-2022,1150.0,CE,0.0,0.0,0.0,412.05,457.85,0,0.0,0,0,18-APR-2022,
OPTSTK,DALBHARAT,26-May-2022,1160.0,CE,0.0,0.0,0.0,352.6,448.1,0,0.0,0,0,18-APR-2022,
OPTSTK,DALBHARAT,26-May-2022,1180.0,CE,0.0,0.0,0.0,334.9,428.6,0,0.0,0,0,18-APR-2022,
OPTSTK,DALBHARAT,26-May-2022,1200.0,CE,0.0,0.0,0.0,369.2,409.3,0,0.0,0,0,18-APR-2022,
OPTSTK,DALBHARAT,26-May-2022,1220.0,CE,0.0,0.0,0.0,300.5,390.1,0,0.0,0,0,18-APR-2022,
OPTSTK,DALBHARAT,26-May-2022,1240.0,CE,0.0,0.0,0.0,283.9,371.15,0,0.0,0,0,18-APR-2022,
OPTSTK,DALBHARAT,26-May-2022,1250.0,CE,0.0,0.0,0.0,328.45,361.7,0,0.0,0,0,18-APR-2022,
OPTSTK,DALBHARAT,26-May-2022,1260.0,CE,0.0,0.0,0.0,267.75,352.35,0,0.0,0,0,18-APR-2022,
OPTSTK,DALBHARAT,26-May-2022,1280.0,CE,0.0,0.0,0.0,252.05,333.85,0,0.0,0,0,18-APR-2022,
OPTSTK,DALBHARAT,26-May-2022,1300.0,CE,0.0,0.0,0.0,290.15,315.65,0,0.0,0,0,18-APR-2022,
OPTSTK,DALBHARAT,26-May-2022,1320.0,CE,0.0,0.0,0.0,222.15,297.8,0,0.0,0,0,18-APR-2022,
OPTSTK,DALBHARAT,26-May-2022,1340.0,CE,0.0,0.0,0.0,207.95,280.3,0,0.0,0,0,18-APR-2022,
OPTSTK,DALBHARAT,26-May-2022,1350.0,CE,0.0,0.0,0.0,254.55,271.7,0,0.0,0,0,18-APR-2022,
OPTSTK,DALBHARAT,26-May-2022,1360.0,CE,0.0,0.0,0.0,194.3,263.2,0,0.0,0,0,18-APR-2022,
OPTSTK,DALBHARAT,26-May-2022,1380.0,CE,0.0,0.0,0.0,181.2,246.6,0,0.0,0,0,18-APR-2022,
OPTSTK,DALBHARAT,26-May-2022,1400.0,CE,0.0,0.0,0.0,221.65,230.45,0,0.0,0,0,18-APR-2022,
OPTSTK,DALBHARAT,26-May-2022,1420.0,CE,0.0,0.0,0.0,156.8,214.8,0,0.0,0,0,18-APR-2022,
OPTSTK,DALBHARAT,26-May-2022,1440.0,CE,0.0,0.0,0.0,145.5,199.8,0,0.0,0,0,18-APR-2022,
OPTSTK,DALBHARAT,26-May-2022,1450.0,CE,0.0,0.0,0.0,191.75,192.5,0,0.0,0,0,18-APR-2022,
OPTSTK,DALBHARAT,26-May-2022,1460.0,CE,0.0,0.0,0.0,134.7,185.3,0,0.0,0,0,18-APR-2022,
OPTSTK,DALBHARAT,26-May-2022,1480.0,CE,0.0,0.0,0.0,124.55,171.35,0,0.0,0,0,18-APR-2022,
OPTSTK,DALBHARAT,26-May-2022,1500.0,CE,0.0,0.0,0.0,164.8,158.1,0,0.0,0,0,18-APR-2022,
OPTSTK,DALBHARAT,26-May-2022,1520.0,CE,0.0,0.0,0.0,105.85,145.5,0,0.0,0,0,18-APR-2022,
OPTSTK,DALBHARAT,26-May-2022,1540.0,CE,0.0,0.0,0.0,97.35,133.6,0,0.0,0,0,18-APR-2022,
OPTSTK,DALBHARAT,26-May-2022,1550.0,CE,0.0,0.0,0.0,140.7,127.85,0,0.0,0,0,18-APR-2022,
OPTSTK,DALBHARAT,26-May-2022,1560.0,CE,0.0,0.0,0.0,89.35,122.3,0,0.0,0,0,18-APR-2022,
OPTSTK,DALBHARAT,26-May-2022,1580.0,CE,0.0,0.0,0.0,81.9,111.7,0,0.0,0,0,18-APR-2022,
OPTSTK,DALBHARAT,26-May-2022,1600.0,CE,0.0,0.0,0.0,119.4,101.7,0,0.0,0,0,18-APR-2022,
OPTSTK,DALBHARAT,26-May-2022,1620.0,CE,0.0,0.0,0.0,68.45,92.4,0,0.0,0,0,18-APR-2022,
OPTSTK,DALBHARAT,26-May-2022,1640.0,CE,0.0,0.0,0.0,62.4,83.7,0,0.0,0,0,18-APR-2022,
OPTSTK,DALBHARAT,26-May-2022,1650.0,CE,0.0,0.0,0.0,100.75,79.6,0,0.0,0,0,18-APR-2022,
OPTSTK,DALBHARAT,26-May-2022,1660.0,CE,0.0,0.0,0.0,56.85,75.65,0,0.0,0,0,18-APR-2022,
OPTSTK,DALBHARAT,26-May-2022,1680.0,CE,0.0,0.0,0.0,51.75,68.2,0,0.0,0,0,18-APR-2022,
OPTSTK,DALBHARAT,26-May-2022,1700.0,CE,0.0,0.0,0.0,55.0,61.35,0,0.0,250,0,18-APR-2022,
OPTSTK,DALBHARAT,26-May-2022,1720.0,CE,0.0,0.0,0.0,42.65,55.0,0,0.0,0,0,18-APR-2022,
OPTSTK,DALBHARAT,26-May-2022,1740.0,CE,0.0,0.0,0.0,38.55,49.25,0,0.0,0,0,18-APR-2022,
OPTSTK,DALBHARAT,26-May-2022,1750.0,CE,0.0,0.0,0.0,70.5,46.55,0,0.0,0,0,18-APR-2022,
OPTSTK,DALBHARAT,26-May-2022,1760.0,CE,0.0,0.0,0.0,34.85,44.05,0,0.0,0,0,18-APR-2022,
OPTSTK,DALBHARAT,26-May-2022,1780.0,CE,0.0,0.0,0.0,31.5,39.25,0,0.0,0,0,18-APR-2022,
OPTSTK,DALBHARAT,26-May-2022,1800.0,CE,0.0,0.0,0.0,58.65,34.9,0,0.0,0,0,18-APR-2022,
OPTSTK,DALBHARAT,26-May-2022,1820.0,CE,0.0,0.0,0.0,25.55,30.9,0,0.0,0,0,18-APR-2022,
OPTSTK,DALBHARAT,26-May-2022,1840.0,CE,0.0,0.0,0.0,23.0,27.3,0,0.0,0,0,18-APR-2022,
OPTSTK,DALBHARAT,26-May-2022,1850.0,CE,0.0,0.0,0.0,48.5,25.7,0,0.0,0,0,18-APR-2022,
OPTSTK,DALBHARAT,26-May-2022,1860.0,CE,0.0,0.0,0.0,20.65,24.1,0,0.0,0,0,18-APR-2022,
OPTSTK,DALBHARAT,26-May-2022,1880.0,CE,0.0,0.0,0.0,18.55,21.25,0,0.0,0,0,18-APR-2022,
OPTSTK,DALBHARAT,26-May-2022,1900.0,CE,0.0,0.0,0.0,39.85,18.65,0,0.0,0,0,18-APR-2022,
OPTSTK,DALBHARAT,26-May-2022,1920.0,CE,0.0,0.0,0.0,14.85,16.4,0,0.0,0,0,18-APR-2022,
OPTSTK,DALBHARAT,26-May-2022,1940.0,CE,0.0,0.0,0.0,13.3,14.35,0,0.0,0,0,18-APR-2022,
OPTSTK,DALBHARAT,26-May-2022,1950.0,CE,0.0,0.0,0.0,32.65,13.4,0,0.0,0,0,18-APR-2022,
OPTSTK,DALBHARAT,26-May-2022,1960.0,CE,0.0,0.0,0.0,11.85,12.5,0,0.0,0,0,18-APR-2022,
OPTSTK,DALBHARAT,26-May-2022,1980.0,CE,0.0,0.0,0.0,10.6,10.9,0,0.0,0,0,18-APR-2022,
OPTSTK,DALBHARAT,26-May-2022,2000.0,CE,0.0,0.0,0.0,26.65,9.5,0,0.0,0,0,18-APR-2022,
OPTSTK,DALBHARAT,26-May-2022,2020.0,CE,0.0,0.0,0.0,8.4,8.25,0,0.0,0,0,18-APR-2022,
OPTSTK,DALBHARAT,26-May-2022,2040.0,CE,0.0,0.0,0.0,7.45,7.15,0,0.0,0,0,18-APR-2022,
OPTSTK,DALBHARAT,26-May-2022,2050.0,CE,0.0,0.0,0.0,21.7,6.65,0,0.0,0,0,18-APR-2022,
OPTSTK,DALBHARAT,26-May-2022,2060.0,CE,0.0,0.0,0.0,6.65,6.2,0,0.0,0,0,18-APR-2022,
OPTSTK,DALBHARAT,26-May-2022,2080.0,CE,0.0,0.0,0.0,5.9,5.35,0,0.0,0,0,18-APR-2022,
OPTSTK,DALBHARAT,26-May-2022,2100.0,CE,0.0,0.0,0.0,17.55,4.6,0,0.0,0,0,18-APR-2022,
OPTSTK,DALBHARAT,26-May-2022,2120.0,CE,0.0,0.0,0.0,5.2,3.95,0,0.0,0,0,18-APR-2022,
OPTSTK,DALBHARAT,26-May-2022,2150.0,CE,0.0,0.0,0.0,14.2,3.15,0,0.0,0,0,18-APR-2022,
OPTSTK,DALBHARAT,26-May-2022,2200.0,CE,0.0,0.0,0.0,11.45,2.15,0,0.0,0,0,18-APR-2022,
OPTSTK,DALBHARAT,26-May-2022,2250.0,CE,0.0,0.0,0.0,9.2,1.45,0,0.0,0,0,18-APR-2022,
OPTSTK,DALBHARAT,26-May-2022,2300.0,CE,0.0,0.0,0.0,7.35,0.95,0,0.0,0,0,18-APR-2022,
OPTSTK,DALBHARAT,26-May-2022,2350.0,CE,0.0,0.0,0.0,5.9,0.65,0,0.0,0,0,18-APR-2022,
OPTSTK,DALBHARAT,26-May-2022,950.0,PE,0.0,0.0,0.0,1.5,0.05,0,0.0,0,0,18-APR-2022,
OPTSTK,DALBHARAT,26-May-2022,960.0,PE,0.0,0.0,0.0,0.65,0.05,0,0.0,0,0,18-APR-2022,
OPTSTK,DALBHARAT,26-May-2022,980.0,PE,0.0,0.0,0.0,0.9,0.05,0,0.0,0,0,18-APR-2022,
OPTSTK,DALBHARAT,26-May-2022,1000.0,PE,0.0,0.0,0.0,2.85,0.05,0,0.0,0,0,18-APR-2022,
OPTSTK,DALBHARAT,26-May-2022,1020.0,PE,0.0,0.0,0.0,1.7,0.1,0,0.0,0,0,18-APR-2022,
OPTSTK,DALBHARAT,26-May-2022,1040.0,PE,0.0,0.0,0.0,2.25,0.15,0,0.0,0,0,18-APR-2022,
OPTSTK,DALBHARAT,26-May-2022,1050.0,PE,0.0,0.0,0.0,5.05,0.15,0,0.0,0,0,18-APR-2022,
OPTSTK,DALBHARAT,26-May-2022,1060.0,PE,0.0,0.0,0.0,2.95,0.2,0,0.0,0,0,18-APR-2022,
OPTSTK,DALBHARAT,26-May-2022,1080.0,PE,0.0,0.0,0.0,3.8,0.3,0,0.0,0,0,18-APR-2022,
OPTSTK,DALBHARAT,26-May-2022,1100.0,PE,0.0,0.0,0.0,8.35,0.45,0,0.0,0,0,18-APR-2022,
OPTSTK,DALBHARAT,26-May-2022,1120.0,PE,0.0,0.0,0.0,6.15,0.65,0,0.0,0,0,18-APR-2022,
OPTSTK,DALBHARAT,26-May-2022,1140.0,PE,0.0,0.0,0.0,7.65,0.9,0,0.0,0,0,18-APR-2022,
OPTSTK,DALBHARAT,26-May-2022,1150.0,PE,0.0,0.0,0.0,13.15,1.05,0,0.0,0,0,18-APR-2022,
OPTSTK,DALBHARAT,26-May-2022,1160.0,PE,0.0,0.0,0.0,9.5,1.2,0,0.0,0,0,18-APR-2022,
OPTSTK,DALBHARAT,26-May-2022,1180.0,PE,0.0,0.0,0.0,11.65,1.65,0,0.0,0,0,18-APR-2022,
OPTSTK,DALBHARAT,26-May-2022,1200.0,PE,0.0,0.0,0.0,19.75,2.25,0,0.0,0,0,18-APR-2022,
OPTSTK,DALBHARAT,26-May-2022,1220.0,PE,0.0,0.0,0.0,17.0,3.0,0,0.0,0,0,18-APR-2022,
OPTSTK,DALBHARAT,26-May-2022,1240.0,PE,0.0,0.0,0.0,20.25,3.9,0,0.0,0,0,18-APR-2022,
OPTSTK,DALBHARAT,26-May-2022,1250.0,PE,0.0,0.0,0.0,28.5,4.45,0,0.0,0,0,18-APR-2022,
OPTSTK,DALBHARAT,26-May-2022,1260.0,PE,0.0,0.0,0.0,23.95,5.05,0,0.0,0,0,18-APR-2022,
OPTSTK,DALBHARAT,26-May-2022,1280.0,PE,0.0,0.0,0.0,28.15,6.45,0,0.0,0,0,18-APR-2022,
OPTSTK,DALBHARAT,26-May-2022,1300.0,PE,0.0,0.0,0.0,39.7,8.15,0,0.0,0,0,18-APR-2022,
OPTSTK,DALBHARAT,26-May-2022,1320.0,PE,0.0,0.0,0.0,38.0,10.2,0,0.0,0,0,18-APR-2022,
OPTSTK,DALBHARAT,26-May-2022,1340.0,PE,0.0,0.0,0.0,43.7,12.65,0,0.0,0,0,18-APR-2022,
OPTSTK,DALBHARAT,26-May-2022,1350.0,PE,0.0,0.0,0.0,53.55,14.0,0,0.0,0,0,18-APR-2022,
OPTSTK,DALBHARAT,26-May-2022,1360.0,PE,0.0,0.0,0.0,49.85,15.45,0,0.0,0,0,18-APR-2022,
OPTSTK,DALBHARAT,26-May-2022,1380.0,PE,0.0,0.0,0.0,56.65,18.75,0,0.0,0,0,18-APR-2022,
OPTSTK,DALBHARAT,26-May-2022,1400.0,PE,9.9,9.9,9.9,9.9,22.5,1,3.52,250,250,18-APR-2022,
OPTSTK,DALBHARAT,26-May-2022,1420.0,PE,0.0,0.0,0.0,72.0,26.8,0,0.0,0,0,18-APR-2022,
OPTSTK,DALBHARAT,26-May-2022,1440.0,PE,0.0,0.0,0.0,80.55,31.7,0,0.0,0,0,18-APR-2022,
OPTSTK,DALBHARAT,26-May-2022,1450.0,PE,0.0,0.0,0.0,89.75,34.35,0,0.0,0,0,18-APR-2022,
OPTSTK,DALBHARAT,26-May-2022,1460.0,PE,0.0,0.0,0.0,89.65,37.1,0,0.0,0,0,18-APR-2022,
OPTSTK,DALBHARAT,26-May-2022,1480.0,PE,0.0,0.0,0.0,99.35,43.1,0,0.0,0,0,18-APR-2022,
OPTSTK,DALBHARAT,26-May-2022,1500.0,PE,0.0,0.0,0.0,112.25,49.75,0,0.0,0,0,18-APR-2022,
OPTSTK,DALBHARAT,26-May-2022,1520.0,PE,0.0,0.0,0.0,120.4,57.05,0,0.0,0,0,18-APR-2022,
OPTSTK,DALBHARAT,26-May-2022,1540.0,PE,0.0,0.0,0.0,131.75,65.05,0,0.0,0,0,18-APR-2022,
OPTSTK,DALBHARAT,26-May-2022,1550.0,PE,0.0,0.0,0.0,137.65,69.25,0,0.0,0,0,18-APR-2022,
OPTSTK,DALBHARAT,26-May-2022,1560.0,PE,0.0,0.0,0.0,143.65,73.65,0,0.0,0,0,18-APR-2022,
OPTSTK,DALBHARAT,26-May-2022,1580.0,PE,0.0,0.0,0.0,156.05,82.95,0,0.0,0,0,18-APR-2022,
OPTSTK,DALBHARAT,26-May-2022,1600.0,PE,0.0,0.0,0.0,165.8,92.9,0,0.0,0,0,18-APR-2022,
OPTSTK,DALBHARAT,26-May-2022,1620.0,PE,0.0,0.0,0.0,182.35,103.5,0,0.0,0,0,18-APR-2022,
OPTSTK,DALBHARAT,26-May-2022,1640.0,PE,0.0,0.0,0.0,196.2,114.75,0,0.0,0,0,18-APR-2022,
OPTSTK,DALBHARAT,26-May-2022,1650.0,PE,0.0,0.0,0.0,196.6,120.6,0,0.0,0,0,18-APR-2022,
OPTSTK,DALBHARAT,26-May-2022,1660.0,PE,0.0,0.0,0.0,210.5,126.6,0,0.0,0,0,18-APR-2022,
OPTSTK,DALBHARAT,26-May-2022,1680.0,PE,0.0,0.0,0.0,225.25,139.05,0,0.0,0,0,18-APR-2022,
OPTSTK,DALBHARAT,26-May-2022,1700.0,PE,0.0,0.0,0.0,229.85,152.1,0,0.0,0,0,18-APR-2022,
OPTSTK,DALBHARAT,26-May-2022,1720.0,PE,0.0,0.0,0.0,255.9,165.7,0,0.0,0,0,18-APR-2022,
OPTSTK,DALBHARAT,26-May-2022,1740.0,PE,0.0,0.0,0.0,271.7,179.8,0,0.0,0,0,18-APR-2022,
OPTSTK,DALBHARAT,26-May-2022,1750.0,PE,0.0,0.0,0.0,265.35,187.05,0,0.0,0,0,18-APR-2022,
OPTSTK,DALBHARAT,26-May-2022,1760.0,PE,0.0,0.0,0.0,287.85,194.5,0,0.0,0,0,18-APR-2022,
OPTSTK,DALBHARAT,26-May-2022,1780.0,PE,0.0,0.0,0.0,304.35,209.65,0,0.0,0,0,18-APR-2022,
OPTSTK,DALBHARAT,26-May-2022,1800.0,PE,0.0,0.0,0.0,302.95,225.2,0,0.0,0,0,18-APR-2022,
OPTSTK,DALBHARAT,26-May-2022,1820.0,PE,0.0,0.0,0.0,338.15,241.1,0,0.0,0,0,18-APR-2022,
OPTSTK,DALBHARAT,26-May-2022,1840.0,PE,0.0,0.0,0.0,355.45,257.45,0,0.0,0,0,18-APR-2022,
OPTSTK,DALBHARAT,26-May-2022,1850.0,PE,0.0,0.0,0.0,342.3,265.75,0,0.0,0,0,18-APR-2022,
OPTSTK,DALBHARAT,26-May-2022,1860.0,PE,0.0,0.0,0.0,373.0,274.15,0,0.0,0,0,18-APR-2022,
OPTSTK,DALBHARAT,26-May-2022,1880.0,PE,0.0,0.0,0.0,390.75,291.2,0,0.0,0,0,18-APR-2022,
OPTSTK,DALBHARAT,26-May-2022,1900.0,PE,0.0,0.0,0.0,383.15,308.55,0,0.0,0,0,18-APR-2022,
OPTSTK,DALBHARAT,26-May-2022,1920.0,PE,0.0,0.0,0.0,426.8,326.15,0,0.0,0,0,18-APR-2022,
OPTSTK,DALBHARAT,26-May-2022,1940.0,PE,0.0,0.0,0.0,445.1,344.0,0,0.0,0,0,18-APR-2022,
OPTSTK,DALBHARAT,26-May-2022,1950.0,PE,0.0,0.0,0.0,425.4,353.05,0,0.0,0,0,18-APR-2022,
OPTSTK,DALBHARAT,26-May-2022,1960.0,PE,0.0,0.0,0.0,463.55,362.1,0,0.0,0,0,18-APR-2022,
OPTSTK,DALBHARAT,26-May-2022,1980.0,PE,0.0,0.0,0.0,482.15,380.45,0,0.0,0,0,18-APR-2022,
OPTSTK,DALBHARAT,26-May-2022,2000.0,PE,0.0,0.0,0.0,468.9,398.9,0,0.0,0,0,18-APR-2022,
OPTSTK,DALBHARAT,26-May-2022,2020.0,PE,0.0,0.0,0.0,519.7,417.6,0,0.0,0,0,18-APR-2022,
OPTSTK,DALBHARAT,26-May-2022,2040.0,PE,0.0,0.0,0.0,538.65,436.4,0,0.0,0,0,18-APR-2022,
OPTSTK,DALBHARAT,26-May-2022,2050.0,PE,0.0,0.0,0.0,513.35,445.85,0,0.0,0,0,18-APR-2022,
OPTSTK,DALBHARAT,26-May-2022,2060.0,PE,0.0,0.0,0.0,557.7,455.35,0,0.0,0,0,18-APR-2022,
OPTSTK,DALBHARAT,26-May-2022,2080.0,PE,0.0,0.0,0.0,576.8,474.4,0,0.0,0,0,18-APR-2022,
OPTSTK,DALBHARAT,26-May-2022,2100.0,PE,0.0,0.0,0.0,558.75,493.6,0,0.0,0,0,18-APR-2022,
OPTSTK,DALBHARAT,26-May-2022,2120.0,PE,0.0,0.0,0.0,586.0,512.85,0,0.0,0,0,18-APR-2022,
OPTSTK,DALBHARAT,26-May-2022,2150.0,PE,0.0,0.0,0.0,604.85,541.9,0,0.0,0,0,18-APR-2022,
OPTSTK,DALBHARAT,26-May-2022,2200.0,PE,0.0,0.0,0.0,651.55,590.7,0,0.0,0,0,18-APR-2022,
OPTSTK,DALBHARAT,26-May-2022,2250.0,PE,0.0,0.0,0.0,698.8,639.75,0,0.0,0,0,18-APR-2022,
OPTSTK,DALBHARAT,26-May-2022,2300.0,PE,0.0,0.0,0.0,746.45,689.05,0,0.0,0,0,18-APR-2022,
OPTSTK,DALBHARAT,26-May-2022,2350.0,PE,0.0,0.0,0.0,794.45,738.5,0,0.0,0,0,18-APR-2022,
OPTSTK,DALBHARAT,30-Jun-2022,960.0,CE,0.0,0.0,0.0,549.0,650.5,0,0.0,0,0,18-APR-2022,
OPTSTK,DALBHARAT,30-Jun-2022,980.0,CE,0.0,0.0,0.0,530.05,630.85,0,0.0,0,0,18-APR-2022,
OPTSTK,DALBHARAT,30-Jun-2022,1000.0,CE,0.0,0.0,0.0,511.25,611.3,0,0.0,0,0,18-APR-2022,
OPTSTK,DALBHARAT,30-Jun-2022,1020.0,CE,0.0,0.0,0.0,492.65,591.85,0,0.0,0,0,18-APR-2022,
OPTSTK,DALBHARAT,30-Jun-2022,1040.0,CE,0.0,0.0,0.0,474.25,572.45,0,0.0,0,0,18-APR-2022,
OPTSTK,DALBHARAT,30-Jun-2022,1060.0,CE,0.0,0.0,0.0,456.1,553.15,0,0.0,0,0,18-APR-2022,
OPTSTK,DALBHARAT,30-Jun-2022,1080.0,CE,0.0,0.0,0.0,438.15,533.95,0,0.0,0,0,18-APR-2022,
OPTSTK,DALBHARAT,30-Jun-2022,1100.0,CE,0.0,0.0,0.0,420.5,514.9,0,0.0,0,0,18-APR-2022,
OPTSTK,DALBHARAT,30-Jun-2022,1120.0,CE,0.0,0.0,0.0,403.15,496.05,0,0.0,0,0,18-APR-2022,
OPTSTK,DALBHARAT,30-Jun-2022,1140.0,CE,0.0,0.0,0.0,386.1,477.35,0,0.0,0,0,18-APR-2022,
OPTSTK,DALBHARAT,30-Jun-2022,1160.0,CE,0.0,0.0,0.0,369.4,458.85,0,0.0,0,0,18-APR-2022,
OPTSTK,DALBHARAT,30-Jun-2022,1180.0,CE,0.0,0.0,0.0,353.0,440.55,0,0.0,0,0,18-APR-2022,
OPTSTK,DALBHARAT,30-Jun-2022,1200.0,CE,0.0,0.0,0.0,337.0,422.55,0,0.0,0,0,18-APR-2022,
OPTSTK,DALBHARAT,30-Jun-2022,1220.0,CE,0.0,0.0,0.0,321.4,404.8,0,0.0,0,0,18-APR-2022,
OPTSTK,DALBHARAT,30-Jun-2022,1240.0,CE,0.0,0.0,0.0,306.15,387.3,0,0.0,0,0,18-APR-2022,
OPTSTK,DALBHARAT,30-Jun-2022,1260.0,CE,0.0,0.0,0.0,291.4,370.15,0,0.0,0,0,18-APR-2022,
OPTSTK,DALBHARAT,30-Jun-2022,1280.0,CE,0.0,0.0,0.0,277.0,353.3,0,0.0,0,0,18-APR-2022,
OPTSTK,DALBHARAT,30-Jun-2022,1300.0,CE,0.0,0.0,0.0,263.05,336.85,0,0.0,0,0,18-APR-2022,
OPTSTK,DALBHARAT,30-Jun-2022,1320.0,CE,0.0,0.0,0.0,249.5,320.75,0,0.0,0,0,18-APR-2022,
OPTSTK,DALBHARAT,30-Jun-2022,1340.0,CE,0.0,0.0,0.0,236.4,305.05,0,0.0,0,0,18-APR-2022,
OPTSTK,DALBHARAT,30-Jun-2022,1360.0,CE,0.0,0.0,0.0,223.8,289.75,0,0.0,0,0,18-APR-2022,
OPTSTK,DALBHARAT,30-Jun-2022,1380.0,CE,0.0,0.0,0.0,211.65,274.95,0,0.0,0,0,18-APR-2022,
OPTSTK,DALBHARAT,30-Jun-2022,1400.0,CE,0.0,0.0,0.0,199.95,260.5,0,0.0,0,0,18-APR-2022,
OPTSTK,DALBHARAT,30-Jun-2022,1420.0,CE,0.0,0.0,0.0,188.75,246.55,0,0.0,0,0,18-APR-2022,
OPTSTK,DALBHARAT,30-Jun-2022,1440.0,CE,0.0,0.0,0.0,178.0,232.95,0,0.0,0,0,18-APR-2022,
OPTSTK,DALBHARAT,30-Jun-2022,1460.0,CE,0.0,0.0,0.0,167.65,219.9,0,0.0,0,0,18-APR-2022,
OPTSTK,DALBHARAT,30-Jun-2022,1480.0,CE,0.0,0.0,0.0,157.8,207.35,0,0.0,0,0,18-APR-2022,
OPTSTK,DALBHARAT,30-Jun-2022,1500.0,CE,0.0,0.0,0.0,148.4,195.3,0,0.0,0,0,18-APR-2022,
OPTSTK,DALBHARAT,30-Jun-2022,1520.0,CE,0.0,0.0,0.0,139.4,183.7,0,0.0,0,0,18-APR-2022,
OPTSTK,DALBHARAT,30-Jun-2022,1540.0,CE,0.0,0.0,0.0,130.85,172.6,0,0.0,0,0,18-APR-2022,
OPTSTK,DALBHARAT,30-Jun-2022,1560.0,CE,0.0,0.0,0.0,122.7,162.0,0,0.0,0,0,18-APR-2022,
OPTSTK,DALBHARAT,30-Jun-2022,1580.0,CE,0.0,0.0,0.0,115.0,151.85,0,0.0,0,0,18-APR-2022,
OPTSTK,DALBHARAT,30-Jun-2022,1600.0,CE,0.0,0.0,0.0,107.65,142.15,0,0.0,0,0,18-APR-2022,
OPTSTK,DALBHARAT,30-Jun-2022,1620.0,CE,0.0,0.0,0.0,100.7,132.95,0,0.0,0,0,18-APR-2022,
OPTSTK,DALBHARAT,30-Jun-2022,1640.0,CE,0.0,0.0,0.0,94.15,124.2,0,0.0,0,0,18-APR-2022,
OPTSTK,DALBHARAT,30-Jun-2022,1660.0,CE,0.0,0.0,0.0,87.95,115.9,0,0.0,0,0,18-APR-2022,
OPTSTK,DALBHARAT,30-Jun-2022,1680.0,CE,0.0,0.0,0.0,82.05,108.05,0,0.0,0,0,18-APR-2022,
OPTSTK,DALBHARAT,30-Jun-2022,1700.0,CE,0.0,0.0,0.0,76.55,100.6,0,0.0,0,0,18-APR-2022,
OPTSTK,DALBHARAT,30-Jun-2022,1720.0,CE,0.0,0.0,0.0,71.35,93.6,0,0.0,0,0,18-APR-2022,
OPTSTK,DALBHARAT,30-Jun-2022,1740.0,CE,0.0,0.0,0.0,66.5,87.0,0,0.0,0,0,18-APR-2022,
OPTSTK,DALBHARAT,30-Jun-2022,1760.0,CE,0.0,0.0,0.0,61.9,80.75,0,0.0,0,0,18-APR-2022,
OPTSTK,DALBHARAT,30-Jun-2022,1780.0,CE,0.0,0.0,0.0,57.6,74.9,0,0.0,0,0,18-APR-2022,
OPTSTK,DALBHARAT,30-Jun-2022,1800.0,CE,0.0,0.0,0.0,53.55,69.4,0,0.0,0,0,18-APR-2022,
OPTSTK,DALBHARAT,30-Jun-2022,1820.0,CE,0.0,0.0,0.0,49.75,64.3,0,0.0,0,0,18-APR-2022,
OPTSTK,DALBHARAT,30-Jun-2022,1840.0,CE,0.0,0.0,0.0,46.15,59.5,0,0.0,0,0,18-APR-2022,
OPTSTK,DALBHARAT,30-Jun-2022,1860.0,CE,0.0,0.0,0.0,42.8,55.0,0,0.0,0,0,18-APR-2022,
OPTSTK,DALBHARAT,30-Jun-2022,1880.0,CE,0.0,0.0,0.0,39.7,50.8,0,0.0,0,0,18-APR-2022,
OPTSTK,DALBHARAT,30-Jun-2022,1900.0,CE,0.0,0.0,0.0,36.8,46.85,0,0.0,0,0,18-APR-2022,
OPTSTK,DALBHARAT,30-Jun-2022,1920.0,CE,0.0,0.0,0.0,34.05,43.15,0,0.0,0,0,18-APR-2022,
OPTSTK,DALBHARAT,30-Jun-2022,1940.0,CE,0.0,0.0,0.0,31.55,39.75,0,0.0,0,0,18-APR-2022,
OPTSTK,DALBHARAT,30-Jun-2022,1960.0,CE,0.0,0.0,0.0,29.2,36.55,0,0.0,0,0,18-APR-2022,
OPTSTK,DALBHARAT,30-Jun-2022,1980.0,CE,0.0,0.0,0.0,27.0,33.6,0,0.0,0,0,18-APR-2022,
OPTSTK,DALBHARAT,30-Jun-2022,2000.0,CE,0.0,0.0,0.0,24.95,30.9,0,0.0,0,0,18-APR-2022,
OPTSTK,DALBHARAT,30-Jun-2022,2020.0,CE,0.0,0.0,0.0,23.05,28.35,0,0.0,0,0,18-APR-2022,
OPTSTK,DALBHARAT,30-Jun-2022,2040.0,CE,0.0,0.0,0.0,21.25,26.0,0,0.0,0,0,18-APR-2022,
OPTSTK,DALBHARAT,30-Jun-2022,2060.0,CE,0.0,0.0,0.0,19.65,23.85,0,0.0,0,0,18-APR-2022,
OPTSTK,DALBHARAT,30-Jun-2022,2080.0,CE,0.0,0.0,0.0,18.1,21.85,0,0.0,0,0,18-APR-2022,
OPTSTK,DALBHARAT,30-Jun-2022,2100.0,CE,0.0,0.0,0.0,16.7,20.0,0,0.0,0,0,18-APR-2022,
OPTSTK,DALBHARAT,30-Jun-2022,960.0,PE,0.0,0.0,0.0,3.3,0.6,0,0.0,0,0,18-APR-2022,
OPTSTK,DALBHARAT,30-Jun-2022,980.0,PE,0.0,0.0,0.0,4.15,0.85,0,0.0,0,0,18-APR-2022,
OPTSTK,DALBHARAT,30-Jun-2022,1000.0,PE,0.0,0.0,0.0,5.15,1.1,0,0.0,0,0,18-APR-2022,
OPTSTK,DALBHARAT,30-Jun-2022,1020.0,PE,0.0,0.0,0.0,6.35,1.45,0,0.0,0,0,18-APR-2022,
OPTSTK,DALBHARAT,30-Jun-2022,1040.0,PE,0.0,0.0,0.0,7.75,1.9,0,0.0,0,0,18-APR-2022,
OPTSTK,DALBHARAT,30-Jun-2022,1060.0,PE,0.0,0.0,0.0,9.35,2.4,0,0.0,0,0,18-APR-2022,
OPTSTK,DALBHARAT,30-Jun-2022,1080.0,PE,0.0,0.0,0.0,11.2,3.05,0,0.0,0,0,18-APR-2022,
OPTSTK,DALBHARAT,30-Jun-2022,1100.0,PE,0.0,0.0,0.0,13.35,3.85,0,0.0,0,0,18-APR-2022,
OPTSTK,DALBHARAT,30-Jun-2022,1120.0,PE,0.0,0.0,0.0,15.8,4.8,0,0.0,0,0,18-APR-2022,
OPTSTK,DALBHARAT,30-Jun-2022,1140.0,PE,0.0,0.0,0.0,18.5,5.95,0,0.0,0,0,18-APR-2022,
OPTSTK,DALBHARAT,30-Jun-2022,1160.0,PE,0.0,0.0,0.0,21.6,7.3,0,0.0,0,0,18-APR-2022,
OPTSTK,DALBHARAT,30-Jun-2022,1180.0,PE,0.0,0.0,0.0,25.0,8.85,0,0.0,0,0,18-APR-2022,
OPTSTK,DALBHARAT,30-Jun-2022,1200.0,PE,0.0,0.0,0.0,28.8,10.65,0,0.0,0,0,18-APR-2022,
OPTSTK,DALBHARAT,30-Jun-2022,1220.0,PE,0.0,0.0,0.0,32.95,12.7,0,0.0,0,0,18-APR-2022,
OPTSTK,DALBHARAT,30-Jun-2022,1240.0,PE,0.0,0.0,0.0,37.5,15.05,0,0.0,0,0,18-APR-2022,
OPTSTK,DALBHARAT,30-Jun-2022,1260.0,PE,0.0,0.0,0.0,42.55,17.75,0,0.0,0,0,18-APR-2022,
OPTSTK,DALBHARAT,30-Jun-2022,1280.0,PE,0.0,0.0,0.0,47.95,20.75,0,0.0,0,0,18-APR-2022,
OPTSTK,DALBHARAT,30-Jun-2022,1300.0,PE,0.0,0.0,0.0,53.75,24.1,0,0.0,0,0,18-APR-2022,
OPTSTK,DALBHARAT,30-Jun-2022,1320.0,PE,0.0,0.0,0.0,60.05,27.85,0,0.0,0,0,18-APR-2022,
OPTSTK,DALBHARAT,30-Jun-2022,1340.0,PE,0.0,0.0,0.0,66.7,31.95,0,0.0,0,0,18-APR-2022,
OPTSTK,DALBHARAT,30-Jun-2022,1360.0,PE,0.0,0.0,0.0,73.9,36.5,0,0.0,0,0,18-APR-2022,
OPTSTK,DALBHARAT,30-Jun-2022,1380.0,PE,0.0,0.0,0.0,81.55,41.5,0,0.0,0,0,18-APR-2022,
OPTSTK,DALBHARAT,30-Jun-2022,1400.0,PE,0.0,0.0,0.0,89.65,46.9,0,0.0,0,0,18-APR-2022,
OPTSTK,DALBHARAT,30-Jun-2022,1420.0,PE,0.0,0.0,0.0,98.2,52.75,0,0.0,0,0,18-APR-2022,
OPTSTK,DALBHARAT,30-Jun-2022,1440.0,PE,0.0,0.0,0.0,107.25,59.0,0,0.0,0,0,18-APR-2022,
OPTSTK,DALBHARAT,30-Jun-2022,1460.0,PE,0.0,0.0,0.0,116.7,65.8,0,0.0,0,0,18-APR-2022,
OPTSTK,DALBHARAT,30-Jun-2022,1480.0,PE,0.0,0.0,0.0,126.65,73.1,0,0.0,0,0,18-APR-2022,
OPTSTK,DALBHARAT,30-Jun-2022,1500.0,PE,0.0,0.0,0.0,137.0,80.85,0,0.0,0,0,18-APR-2022,
OPTSTK,DALBHARAT,30-Jun-2022,1520.0,PE,0.0,0.0,0.0,147.85,89.1,0,0.0,0,0,18-APR-2022,
OPTSTK,DALBHARAT,30-Jun-2022,1540.0,PE,0.0,0.0,0.0,159.05,97.8,0,0.0,0,0,18-APR-2022,
OPTSTK,DALBHARAT,30-Jun-2022,1560.0,PE,0.0,0.0,0.0,170.7,107.05,0,0.0,0,0,18-APR-2022,
OPTSTK,DALBHARAT,30-Jun-2022,1580.0,PE,0.0,0.0,0.0,182.8,116.7,0,0.0,0,0,18-APR-2022,
OPTSTK,DALBHARAT,30-Jun-2022,1600.0,PE,0.0,0.0,0.0,195.25,126.85,0,0.0,0,0,18-APR-2022,
OPTSTK,DALBHARAT,30-Jun-2022,1620.0,PE,0.0,0.0,0.0,208.1,137.5,0,0.0,0,0,18-APR-2022,
OPTSTK,DALBHARAT,30-Jun-2022,1640.0,PE,0.0,0.0,0.0,221.3,148.6,0,0.0,0,0,18-APR-2022,
OPTSTK,DALBHARAT,30-Jun-2022,1660.0,PE,0.0,0.0,0.0,234.9,160.1,0,0.0,0,0,18-APR-2022,
OPTSTK,DALBHARAT,30-Jun-2022,1680.0,PE,0.0,0.0,0.0,248.8,172.1,0,0.0,0,0,18-APR-2022,
OPTSTK,DALBHARAT,30-Jun-2022,1700.0,PE,0.0,0.0,0.0,263.05,184.5,0,0.0,0,0,18-APR-2022,
OPTSTK,DALBHARAT,30-Jun-2022,1720.0,PE,0.0,0.0,0.0,277.65,197.3,0,0.0,0,0,18-APR-2022,
OPTSTK,DALBHARAT,30-Jun-2022,1740.0,PE,0.0,0.0,0.0,292.6,210.5,0,0.0,0,0,18-APR-2022,
OPTSTK,DALBHARAT,30-Jun-2022,1760.0,PE,0.0,0.0,0.0,307.8,224.1,0,0.0,0,0,18-APR-2022,
OPTSTK,DALBHARAT,30-Jun-2022,1780.0,PE,0.0,0.0,0.0,323.3,238.05,0,0.0,0,0,18-APR-2022,
OPTSTK,DALBHARAT,30-Jun-2022,1800.0,PE,0.0,0.0,0.0,339.0,252.4,0,0.0,0,0,18-APR-2022,
OPTSTK,DALBHARAT,30-Jun-2022,1820.0,PE,0.0,0.0,0.0,355.0,267.15,0,0.0,0,0,18-APR-2022,
OPTSTK,DALBHARAT,30-Jun-2022,1840.0,PE,0.0,0.0,0.0,371.2,282.15,0,0.0,0,0,18-APR-2022,
OPTSTK,DALBHARAT,30-Jun-2022,1860.0,PE,0.0,0.0,0.0,387.65,297.5,0,0.0,0,0,18-APR-2022,
OPTSTK,DALBHARAT,30-Jun-2022,1880.0,PE,0.0,0.0,0.0,404.35,313.1,0,0.0,0,0,18-APR-2022,
OPTSTK,DALBHARAT,30-Jun-2022,1900.0,PE,0.0,0.0,0.0,421.2,329.05,0,0.0,0,0,18-APR-2022,
OPTSTK,DALBHARAT,30-Jun-2022,1920.0,PE,0.0,0.0,0.0,438.3,345.15,0,0.0,0,0,18-APR-2022,
OPTSTK,DALBHARAT,30-Jun-2022,1940.0,PE,0.0,0.0,0.0,455.55,361.55,0,0.0,0,0,18-APR-2022,
OPTSTK,DALBHARAT,30-Jun-2022,1960.0,PE,0.0,0.0,0.0,472.95,378.2,0,0.0,0,0,18-APR-2022,
OPTSTK,DALBHARAT,30-Jun-2022,1980.0,PE,0.0,0.0,0.0,490.55,395.1,0,0.0,0,0,18-APR-2022,
OPTSTK,DALBHARAT,30-Jun-2022,2000.0,PE,0.0,0.0,0.0,508.3,412.2,0,0.0,0,0,18-APR-2022,
OPTSTK,DALBHARAT,30-Jun-2022,2020.0,PE,0.0,0.0,0.0,526.2,429.5,0,0.0,0,0,18-APR-2022,
OPTSTK,DALBHARAT,30-Jun-2022,2040.0,PE,0.0,0.0,0.0,544.2,447.0,0,0.0,0,0,18-APR-2022,
OPTSTK,DALBHARAT,30-Jun-2022,2060.0,PE,0.0,0.0,0.0,562.35,464.65,0,0.0,0,0,18-APR-2022,
OPTSTK,DALBHARAT,30-Jun-2022,2080.0,PE,0.0,0.0,0.0,580.65,482.5,0,0.0,0,0,18-APR-2022,
OPTSTK,DALBHARAT,30-Jun-2022,2100.0,PE,0.0,0.0,0.0,599.0,500.5,0,0.0,0,0,18-APR-2022,
OPTSTK,DEEPAKNTR,28-Apr-2022,1440.0,CE,0.0,0.0,0.0,716.7,830.75,0,0.0,0,0,18-APR-2022,
OPTSTK,DEEPAKNTR,28-Apr-2022,1450.0,CE,0.0,0.0,0.0,798.5,820.75,0,0.0,0,0,18-APR-2022,
OPTSTK,DEEPAKNTR,28-Apr-2022,1460.0,CE,0.0,0.0,0.0,698.8,810.75,0,0.0,0,0,18-APR-2022,
OPTSTK,DEEPAKNTR,28-Apr-2022,1480.0,CE,0.0,0.0,0.0,681.1,790.8,0,0.0,0,0,18-APR-2022,
OPTSTK,DEEPAKNTR,28-Apr-2022,1500.0,CE,0.0,0.0,0.0,663.55,770.8,0,0.0,0,0,18-APR-2022,
OPTSTK,DEEPAKNTR,28-Apr-2022,1520.0,CE,0.0,0.0,0.0,646.2,750.85,0,0.0,0,0,18-APR-2022,
OPTSTK,DEEPAKNTR,28-Apr-2022,1540.0,CE,0.0,0.0,0.0,629.05,730.85,0,0.0,0,0,18-APR-2022,
OPTSTK,DEEPAKNTR,28-Apr-2022,1550.0,CE,0.0,0.0,0.0,699.35,720.85,0,0.0,0,0,18-APR-2022,
OPTSTK,DEEPAKNTR,28-Apr-2022,1560.0,CE,0.0,0.0,0.0,612.1,710.9,0,0.0,0,0,18-APR-2022,
OPTSTK,DEEPAKNTR,28-Apr-2022,1580.0,CE,0.0,0.0,0.0,595.35,690.9,0,0.0,0,0,18-APR-2022,
OPTSTK,DEEPAKNTR,28-Apr-2022,1600.0,CE,0.0,0.0,0.0,578.85,670.9,0,0.0,0,0,18-APR-2022,
OPTSTK,DEEPAKNTR,28-Apr-2022,1620.0,CE,0.0,0.0,0.0,562.55,650.95,0,0.0,0,0,18-APR-2022,
OPTSTK,DEEPAKNTR,28-Apr-2022,1640.0,CE,0.0,0.0,0.0,546.55,630.95,0,0.0,0,0,18-APR-2022,
OPTSTK,DEEPAKNTR,28-Apr-2022,1650.0,CE,0.0,0.0,0.0,601.35,621.0,0,0.0,0,0,18-APR-2022,
OPTSTK,DEEPAKNTR,28-Apr-2022,1660.0,CE,0.0,0.0,0.0,530.75,611.0,0,0.0,0,0,18-APR-2022,
OPTSTK,DEEPAKNTR,28-Apr-2022,1680.0,CE,0.0,0.0,0.0,515.2,591.05,0,0.0,0,0,18-APR-2022,
OPTSTK,DEEPAKNTR,28-Apr-2022,1700.0,CE,0.0,0.0,0.0,499.9,571.05,0,0.0,0,0,18-APR-2022,
OPTSTK,DEEPAKNTR,28-Apr-2022,1720.0,CE,0.0,0.0,0.0,484.85,551.1,0,0.0,0,0,18-APR-2022,
OPTSTK,DEEPAKNTR,28-Apr-2022,1740.0,CE,0.0,0.0,0.0,470.2,531.15,0,0.0,0,0,18-APR-2022,
OPTSTK,DEEPAKNTR,28-Apr-2022,1750.0,CE,0.0,0.0,0.0,505.75,521.2,0,0.0,0,0,18-APR-2022,
OPTSTK,DEEPAKNTR,28-Apr-2022,1760.0,CE,0.0,0.0,0.0,455.7,511.2,0,0.0,0,0,18-APR-2022,
OPTSTK,DEEPAKNTR,28-Apr-2022,1780.0,CE,0.0,0.0,0.0,441.45,491.3,0,0.0,0,0,18-APR-2022,
OPTSTK,DEEPAKNTR,28-Apr-2022,1800.0,CE,0.0,0.0,0.0,427.5,471.45,0,0.0,0,0,18-APR-2022,
OPTSTK,DEEPAKNTR,28-Apr-2022,1820.0,CE,0.0,0.0,0.0,413.85,451.6,0,0.0,0,0,18-APR-2022,
OPTSTK,DEEPAKNTR,28-Apr-2022,1840.0,CE,0.0,0.0,0.0,400.45,431.8,0,0.0,0,0,18-APR-2022,
OPTSTK,DEEPAKNTR,28-Apr-2022,1850.0,CE,0.0,0.0,0.0,414.55,421.9,0,0.0,0,0,18-APR-2022,
OPTSTK,DEEPAKNTR,28-Apr-2022,1860.0,CE,0.0,0.0,0.0,387.35,412.05,0,0.0,0,0,18-APR-2022,
OPTSTK,DEEPAKNTR,28-Apr-2022,1880.0,CE,0.0,0.0,0.0,374.5,392.45,0,0.0,0,0,18-APR-2022,
OPTSTK,DEEPAKNTR,28-Apr-2022,1900.0,CE,0.0,0.0,0.0,362.0,372.9,0,0.0,0,0,18-APR-2022,
OPTSTK,DEEPAKNTR,28-Apr-2022,1920.0,CE,0.0,0.0,0.0,349.8,353.55,0,0.0,0,0,18-APR-2022,
OPTSTK,DEEPAKNTR,28-Apr-2022,1940.0,CE,0.0,0.0,0.0,337.85,334.35,0,0.0,0,0,18-APR-2022,
OPTSTK,DEEPAKNTR,28-Apr-2022,1950.0,CE,0.0,0.0,0.0,330.15,324.8,0,0.0,0,0,18-APR-2022,
OPTSTK,DEEPAKNTR,28-Apr-2022,1960.0,CE,0.0,0.0,0.0,326.25,315.35,0,0.0,0,0,18-APR-2022,
OPTSTK,DEEPAKNTR,28-Apr-2022,1980.0,CE,0.0,0.0,0.0,314.9,296.65,0,0.0,0,0,18-APR-2022,
OPTSTK,DEEPAKNTR,28-Apr-2022,2000.0,CE,0.0,0.0,0.0,229.05,278.2,0,0.0,250,0,18-APR-2022,
OPTSTK,DEEPAKNTR,28-Apr-2022,2020.0,CE,0.0,0.0,0.0,293.1,260.1,0,0.0,0,0,18-APR-2022,
OPTSTK,DEEPAKNTR,28-Apr-2022,2040.0,CE,0.0,0.0,0.0,282.6,242.4,0,0.0,0,0,18-APR-2022,
OPTSTK,DEEPAKNTR,28-Apr-2022,2050.0,CE,0.0,0.0,0.0,254.95,233.75,0,0.0,0,0,18-APR-2022,
OPTSTK,DEEPAKNTR,28-Apr-2022,2060.0,CE,0.0,0.0,0.0,272.4,225.2,0,0.0,0,0,18-APR-2022,
OPTSTK,DEEPAKNTR,28-Apr-2022,2080.0,CE,0.0,0.0,0.0,262.5,208.45,0,0.0,0,0,18-APR-2022,
OPTSTK,DEEPAKNTR,28-Apr-2022,2100.0,CE,158.9,158.9,158.9,158.9,192.25,1,5.64,6500,250,18-APR-2022,
OPTSTK,DEEPAKNTR,28-Apr-2022,2120.0,CE,0.0,0.0,0.0,243.5,176.65,0,0.0,0,0,18-APR-2022,
OPTSTK,DEEPAKNTR,28-Apr-2022,2140.0,CE,0.0,0.0,0.0,234.4,161.75,0,0.0,0,0,18-APR-2022,
OPTSTK,DEEPAKNTR,28-Apr-2022,2150.0,CE,0.0,0.0,0.0,190.45,154.45,0,0.0,0,0,18-APR-2022,
OPTSTK,DEEPAKNTR,28-Apr-2022,2160.0,CE,0.0,0.0,0.0,225.6,147.4,0,0.0,0,0,18-APR-2022,
OPTSTK,DEEPAKNTR,28-Apr-2022,2180.0,CE,123.4,123.4,123.4,123.4,123.4,1,5.75,0,-250,18-APR-2022,
OPTSTK,DEEPAKNTR,28-Apr-2022,2200.0,CE,106.05,115.05,83.45,111.6,111.6,177,1017.33,56000,4500,18-APR-2022,
OPTSTK,DEEPAKNTR,28-Apr-2022,2220.0,CE,86.95,86.95,86.95,86.95,109.0,1,5.76,3000,250,18-APR-2022,
OPTSTK,DEEPAKNTR,28-Apr-2022,2240.0,CE,114.7,114.7,13.35,85.55,85.55,83,480.26,19000,2750,18-APR-2022,
OPTSTK,DEEPAKNTR,28-Apr-2022,2250.0,CE,88.85,88.85,58.75,79.9,79.9,49,284.24,3500,2750,18-APR-2022,
OPTSTK,DEEPAKNTR,28-Apr-2022,2260.0,CE,100.0,100.0,54.0,75.65,75.65,308,1791.14,43000,-250,18-APR-2022,
OPTSTK,DEEPAKNTR,28-Apr-2022,2280.0,CE,92.0,92.0,48.0,67.0,67.0,105,614.08,17500,1500,18-APR-2022,
OPTSTK,DEEPAKNTR,28-Apr-2022,2300.0,CE,60.05,63.2,40.55,57.95,57.95,1247,7330.31,150000,21000,18-APR-2022,
OPTSTK,DEEPAKNTR,28-Apr-2022,2320.0,CE,51.05,55.3,35.35,50.65,50.65,190,1123.16,36750,7000,18-APR-2022,
OPTSTK,DEEPAKNTR,28-Apr-2022,2340.0,CE,39.75,49.0,31.0,44.15,44.15,249,1480.81,46250,-5500,18-APR-2022,
OPTSTK,DEEPAKNTR,28-Apr-2022,2350.0,CE,33.0,45.95,29.6,41.45,41.45,316,1885.09,123000,-2250,18-APR-2022,
OPTSTK,DEEPAKNTR,28-Apr-2022,2360.0,CE,44.8,44.8,28.55,39.2,39.2,161,963.89,41500,-3750,18-APR-2022,
OPTSTK,DEEPAKNTR,28-Apr-2022,2380.0,CE,24.65,38.1,21.4,34.5,34.5,84,505.98,35500,-4500,18-APR-2022,
OPTSTK,DEEPAKNTR,28-Apr-2022,2400.0,CE,37.8,37.8,21.7,30.45,30.45,899,5454.07,258000,-14750,18-APR-2022,
OPTSTK,DEEPAKNTR,28-Apr-2022,2420.0,CE,19.6,27.1,19.05,27.1,27.1,27,164.85,19500,1000,18-APR-2022,
OPTSTK,DEEPAKNTR,28-Apr-2022,2440.0,CE,25.8,25.8,25.8,25.8,25.75,1,6.16,5750,0,18-APR-2022,
OPTSTK,DEEPAKNTR,28-Apr-2022,2450.0,CE,17.6,19.75,17.45,17.45,23.8,22,135.76,13000,-1750,18-APR-2022,
OPTSTK,DEEPAKNTR,28-Apr-2022,2460.0,CE,16.0,16.0,16.0,16.0,22.0,2,12.38,3750,-500,18-APR-2022,
OPTSTK,DEEPAKNTR,28-Apr-2022,2480.0,CE,11.6,11.6,11.6,11.6,18.7,1,6.22,250,-250,18-APR-2022,
OPTSTK,DEEPAKNTR,28-Apr-2022,2500.0,CE,14.5,18.65,11.25,15.25,15.25,520,3268.36,142500,-3500,18-APR-2022,
OPTSTK,DEEPAKNTR,28-Apr-2022,2520.0,CE,12.0,14.55,12.0,13.55,13.55,11,69.66,2750,2500,18-APR-2022,
OPTSTK,DEEPAKNTR,28-Apr-2022,2540.0,CE,10.95,10.95,10.95,10.95,11.2,1,6.37,3250,250,18-APR-2022,
OPTSTK,DEEPAKNTR,28-Apr-2022,2550.0,CE,9.3,10.0,6.0,8.75,10.25,6,38.38,1250,250,18-APR-2022,
OPTSTK,DEEPAKNTR,28-Apr-2022,2560.0,CE,0.0,0.0,0.0,99.1,9.35,0,0.0,0,0,18-APR-2022,
OPTSTK,DEEPAKNTR,28-Apr-2022,2580.0,CE,0.0,0.0,0.0,27.45,7.8,0,0.0,1500,0,18-APR-2022,
OPTSTK,DEEPAKNTR,28-Apr-2022,2600.0,CE,7.6,9.7,5.9,7.9,7.9,382,2489.94,121750,9000,18-APR-2022,
OPTSTK,DEEPAKNTR,28-Apr-2022,2620.0,CE,0.0,0.0,0.0,86.9,5.3,0,0.0,0,0,18-APR-2022,
OPTSTK,DEEPAKNTR,28-Apr-2022,2640.0,CE,0.0,0.0,0.0,83.15,4.4,0,0.0,0,0,18-APR-2022,
OPTSTK,DEEPAKNTR,28-Apr-2022,2650.0,CE,7.5,7.5,7.45,7.45,3.95,2,13.28,1250,-500,18-APR-2022,
OPTSTK,DEEPAKNTR,28-Apr-2022,2660.0,CE,0.0,0.0,0.0,79.55,3.6,0,0.0,0,0,18-APR-2022,
OPTSTK,DEEPAKNTR,28-Apr-2022,2680.0,CE,0.0,0.0,0.0,76.0,2.9,0,0.0,0,0,18-APR-2022,
OPTSTK,DEEPAKNTR,28-Apr-2022,2700.0,CE,3.7,5.2,3.1,4.55,4.55,64,432.63,43000,-4000,18-APR-2022,
OPTSTK,DEEPAKNTR,28-Apr-2022,2720.0,CE,0.0,0.0,0.0,69.45,1.9,0,0.0,0,0,18-APR-2022,
OPTSTK,DEEPAKNTR,28-Apr-2022,2740.0,CE,0.0,0.0,0.0,66.4,1.55,0,0.0,0,0,18-APR-2022,
OPTSTK,DEEPAKNTR,28-Apr-2022,2750.0,CE,0.0,0.0,0.0,17.25,1.4,0,0.0,0,0,18-APR-2022,
OPTSTK,DEEPAKNTR,28-Apr-2022,2760.0,CE,0.0,0.0,0.0,63.45,1.25,0,0.0,0,0,18-APR-2022,
OPTSTK,DEEPAKNTR,28-Apr-2022,2780.0,CE,0.0,0.0,0.0,60.65,1.0,0,0.0,0,0,18-APR-2022,
OPTSTK,DEEPAKNTR,28-Apr-2022,2800.0,CE,2.05,2.8,2.0,2.75,2.75,85,595.48,49750,-5750,18-APR-2022,
OPTSTK,DEEPAKNTR,28-Apr-2022,2820.0,CE,0.0,0.0,0.0,55.35,0.65,0,0.0,0,0,18-APR-2022,
OPTSTK,DEEPAKNTR,28-Apr-2022,2840.0,CE,0.0,0.0,0.0,52.85,0.5,0,0.0,0,0,18-APR-2022,
OPTSTK,DEEPAKNTR,28-Apr-2022,2850.0,CE,0.0,0.0,0.0,10.5,0.45,0,0.0,0,0,18-APR-2022,
OPTSTK,DEEPAKNTR,28-Apr-2022,2860.0,CE,0.0,0.0,0.0,50.45,0.4,0,0.0,0,0,18-APR-2022,
OPTSTK,DEEPAKNTR,28-Apr-2022,2880.0,CE,0.0,0.0,0.0,48.15,0.3,0,0.0,0,0,18-APR-2022,
OPTSTK,DEEPAKNTR,28-Apr-2022,2900.0,CE,1.35,1.35,1.35,1.35,0.25,2,14.5,16500,250,18-APR-2022,
OPTSTK,DEEPAKNTR,28-Apr-2022,2920.0,CE,0.0,0.0,0.0,43.9,0.2,0,0.0,0,0,18-APR-2022,
OPTSTK,DEEPAKNTR,28-Apr-2022,1440.0,PE,0.0,0.0,0.0,14.8,0.0,0,0.0,0,0,18-APR-2022,
OPTSTK,DEEPAKNTR,28-Apr-2022,1450.0,PE,0.0,0.0,0.0,0.2,0.0,0,0.0,0,0,18-APR-2022,
OPTSTK,DEEPAKNTR,28-Apr-2022,1460.0,PE,0.0,0.0,0.0,16.7,0.0,0,0.0,0,0,18-APR-2022,
OPTSTK,DEEPAKNTR,28-Apr-2022,1480.0,PE,0.0,0.0,0.0,18.75,0.0,0,0.0,0,0,18-APR-2022,
OPTSTK,DEEPAKNTR,28-Apr-2022,1500.0,PE,0.0,0.0,0.0,21.0,0.0,0,0.0,0,0,18-APR-2022,
OPTSTK,DEEPAKNTR,28-Apr-2022,1520.0,PE,0.0,0.0,0.0,23.45,0.0,0,0.0,0,0,18-APR-2022,
OPTSTK,DEEPAKNTR,28-Apr-2022,1540.0,PE,0.0,0.0,0.0,26.1,0.0,0,0.0,0,0,18-APR-2022,
OPTSTK,DEEPAKNTR,28-Apr-2022,1550.0,PE,0.0,0.0,0.0,0.75,0.0,0,0.0,0,0,18-APR-2022,
OPTSTK,DEEPAKNTR,28-Apr-2022,1560.0,PE,0.0,0.0,0.0,28.95,0.0,0,0.0,0,0,18-APR-2022,
OPTSTK,DEEPAKNTR,28-Apr-2022,1580.0,PE,0.0,0.0,0.0,32.0,0.0,0,0.0,0,0,18-APR-2022,
OPTSTK,DEEPAKNTR,28-Apr-2022,1600.0,PE,0.0,0.0,0.0,35.3,0.0,0,0.0,0,0,18-APR-2022,
OPTSTK,DEEPAKNTR,28-Apr-2022,1620.0,PE,0.0,0.0,0.0,38.8,0.0,0,0.0,0,0,18-APR-2022,
OPTSTK,DEEPAKNTR,28-Apr-2022,1640.0,PE,0.0,0.0,0.0,42.55,0.05,0,0.0,0,0,18-APR-2022,
OPTSTK,DEEPAKNTR,28-Apr-2022,1650.0,PE,0.0,0.0,0.0,2.4,0.05,0,0.0,0,0,18-APR-2022,
OPTSTK,DEEPAKNTR,28-Apr-2022,1660.0,PE,0.0,0.0,0.0,46.55,0.05,0,0.0,0,0,18-APR-2022,
OPTSTK,DEEPAKNTR,28-Apr-2022,1680.0,PE,0.0,0.0,0.0,50.8,0.05,0,0.0,0,0,18-APR-2022,
OPTSTK,DEEPAKNTR,28-Apr-2022,1700.0,PE,0.0,0.0,0.0,55.3,0.05,0,0.0,0,0,18-APR-2022,
OPTSTK,DEEPAKNTR,28-Apr-2022,1720.0,PE,0.0,0.0,0.0,60.05,0.05,0,0.0,0,0,18-APR-2022,
OPTSTK,DEEPAKNTR,28-Apr-2022,1740.0,PE,0.0,0.0,0.0,65.15,0.1,0,0.0,0,0,18-APR-2022,
OPTSTK,DEEPAKNTR,28-Apr-2022,1750.0,PE,0.0,0.0,0.0,6.5,0.1,0,0.0,0,0,18-APR-2022,
OPTSTK,DEEPAKNTR,28-Apr-2022,1760.0,PE,0.0,0.0,0.0,70.45,0.15,0,0.0,0,0,18-APR-2022,
OPTSTK,DEEPAKNTR,28-Apr-2022,1780.0,PE,0.0,0.0,0.0,76.0,0.2,0,0.0,0,0,18-APR-2022,
OPTSTK,DEEPAKNTR,28-Apr-2022,1800.0,PE,1.0,1.0,1.0,1.0,0.3,2,9.0,10500,-500,18-APR-2022,
OPTSTK,DEEPAKNTR,28-Apr-2022,1820.0,PE,0.0,0.0,0.0,88.0,0.45,0,0.0,0,0,18-APR-2022,
OPTSTK,DEEPAKNTR,28-Apr-2022,1840.0,PE,0.0,0.0,0.0,94.4,0.6,0,0.0,0,0,18-APR-2022,
OPTSTK,DEEPAKNTR,28-Apr-2022,1850.0,PE,0.0,0.0,0.0,15.0,0.75,0,0.0,0,0,18-APR-2022,
OPTSTK,DEEPAKNTR,28-Apr-2022,1860.0,PE,0.0,0.0,0.0,101.1,0.85,0,0.0,0,0,18-APR-2022,
OPTSTK,DEEPAKNTR,28-Apr-2022,1880.0,PE,0.0,0.0,0.0,7.9,1.2,0,0.0,2250,0,18-APR-2022,
OPTSTK,DEEPAKNTR,28-Apr-2022,1900.0,PE,5.0,5.95,4.3,4.95,1.7,7,33.33,29000,750,18-APR-2022,
OPTSTK,DEEPAKNTR,28-Apr-2022,1920.0,PE,0.0,0.0,0.0,122.9,2.3,0,0.0,0,0,18-APR-2022,
OPTSTK,DEEPAKNTR,28-Apr-2022,1940.0,PE,0.0,0.0,0.0,130.75,3.05,0,0.0,0,0,18-APR-2022,
OPTSTK,DEEPAKNTR,28-Apr-2022,1950.0,PE,0.0,0.0,0.0,6.15,3.55,0,0.0,250,0,18-APR-2022,
OPTSTK,DEEPAKNTR,28-Apr-2022,1960.0,PE,0.0,0.0,0.0,138.9,4.05,0,0.0,0,0,18-APR-2022,
OPTSTK,DEEPAKNTR,28-Apr-2022,1980.0,PE,0.0,0.0,0.0,16.5,5.3,0,0.0,250,0,18-APR-2022,
OPTSTK,DEEPAKNTR,28-Apr-2022,2000.0,PE,9.25,13.2,3.85,6.65,6.65,293,1472.37,82250,7250,18-APR-2022,
OPTSTK,DEEPAKNTR,28-Apr-2022,2020.0,PE,0.0,0.0,0.0,165.15,8.75,0,0.0,0,0,18-APR-2022,
OPTSTK,DEEPAKNTR,28-Apr-2022,2040.0,PE,0.0,0.0,0.0,174.45,11.05,0,0.0,0,0,18-APR-2022,
OPTSTK,DEEPAKNTR,28-Apr-2022,2050.0,PE,16.25,16.25,16.25,16.25,16.25,1,5.16,2000,250,18-APR-2022,
OPTSTK,DEEPAKNTR,28-Apr-2022,2060.0,PE,0.0,0.0,0.0,22.0,13.75,0,0.0,250,0,18-APR-2022,
OPTSTK,DEEPAKNTR,28-Apr-2022,2080.0,PE,0.0,0.0,0.0,45.4,17.0,0,0.0,500,0,18-APR-2022,
OPTSTK,DEEPAKNTR,28-Apr-2022,2100.0,PE,22.55,28.15,12.95,13.6,13.6,354,1876.38,91750,0,18-APR-2022,
OPTSTK,DEEPAKNTR,28-Apr-2022,2120.0,PE,0.0,0.0,0.0,41.0,25.15,0,0.0,250,0,18-APR-2022,
OPTSTK,DEEPAKNTR,28-Apr-2022,2140.0,PE,30.3,30.3,30.3,30.3,30.25,2,10.85,1000,500,18-APR-2022,
OPTSTK,DEEPAKNTR,28-Apr-2022,2150.0,PE,40.45,40.45,28.45,28.45,28.45,2,10.92,2750,250,18-APR-2022,
OPTSTK,DEEPAKNTR,28-Apr-2022,2160.0,PE,38.0,38.0,27.65,27.65,35.85,16,87.72,5250,1500,18-APR-2022,
OPTSTK,DEEPAKNTR,28-Apr-2022,2180.0,PE,44.3,44.3,28.4,28.4,42.25,4,22.16,2000,0,18-APR-2022,
OPTSTK,DEEPAKNTR,28-Apr-2022,2200.0,PE,59.95,60.05,32.5,33.9,33.9,412,2314.51,96250,-11750,18-APR-2022,
OPTSTK,DEEPAKNTR,28-Apr-2022,2220.0,PE,62.0,62.4,40.0,41.95,41.95,80,454.69,15500,7000,18-APR-2022,
OPTSTK,DEEPAKNTR,28-Apr-2022,2240.0,PE,77.65,77.65,47.25,47.5,47.5,52,298.89,11500,-1750,18-APR-2022,
OPTSTK,DEEPAKNTR,28-Apr-2022,2250.0,PE,83.5,83.5,51.2,52.35,52.35,133,770.28,12000,-500,18-APR-2022,
OPTSTK,DEEPAKNTR,28-Apr-2022,2260.0,PE,88.0,88.0,55.9,58.45,58.45,161,939.33,22750,3500,18-APR-2022,
OPTSTK,DEEPAKNTR,28-Apr-2022,2280.0,PE,92.4,100.4,69.85,69.85,69.85,24,142.02,11250,2500,18-APR-2022,
OPTSTK,DEEPAKNTR,28-Apr-2022,2300.0,PE,97.95,113.7,77.3,81.55,81.55,154,923.37,63000,-8750,18-APR-2022,
OPTSTK,DEEPAKNTR,28-Apr-2022,2320.0,PE,110.0,119.65,95.05,95.05,95.05,5,30.39,11250,-250,18-APR-2022,
OPTSTK,DEEPAKNTR,28-Apr-2022,2340.0,PE,128.6,128.6,114.45,114.45,121.3,8,49.3,8750,-500,18-APR-2022,
OPTSTK,DEEPAKNTR,28-Apr-2022,2350.0,PE,147.7,147.7,125.8,125.8,127.8,3,18.62,11250,-250,18-APR-2022,
OPTSTK,DEEPAKNTR,28-Apr-2022,2360.0,PE,158.1,158.1,139.9,139.9,134.55,2,12.54,7500,0,18-APR-2022,
OPTSTK,DEEPAKNTR,28-Apr-2022,2380.0,PE,156.3,169.6,156.3,169.6,148.45,2,12.71,8000,-250,18-APR-2022,
OPTSTK,DEEPAKNTR,28-Apr-2022,2400.0,PE,182.6,182.7,154.1,154.1,163.0,12,77.17,35500,250,18-APR-2022,
OPTSTK,DEEPAKNTR,28-Apr-2022,2420.0,PE,0.0,0.0,0.0,401.45,178.3,0,0.0,0,0,18-APR-2022,
OPTSTK,DEEPAKNTR,28-Apr-2022,2440.0,PE,0.0,0.0,0.0,128.25,193.9,0,0.0,250,0,18-APR-2022,
OPTSTK,DEEPAKNTR,28-Apr-2022,2450.0,PE,0.0,0.0,0.0,263.95,201.95,0,0.0,0,0,18-APR-2022,
OPTSTK,DEEPAKNTR,28-Apr-2022,2460.0,PE,0.0,0.0,0.0,430.2,210.15,0,0.0,0,0,18-APR-2022,
OPTSTK,DEEPAKNTR,28-Apr-2022,2480.0,PE,0.0,0.0,0.0,148.2,226.8,0,0.0,250,0,18-APR-2022,
OPTSTK,DEEPAKNTR,28-Apr-2022,2500.0,PE,274.75,277.9,237.15,237.15,237.15,8,55.26,4250,-250,18-APR-2022,
OPTSTK,DEEPAKNTR,28-Apr-2022,2520.0,PE,0.0,0.0,0.0,474.9,261.4,0,0.0,0,0,18-APR-2022,
OPTSTK,DEEPAKNTR,28-Apr-2022,2540.0,PE,0.0,0.0,0.0,490.1,279.25,0,0.0,0,0,18-APR-2022,
OPTSTK,DEEPAKNTR,28-Apr-2022,2550.0,PE,0.0,0.0,0.0,341.35,288.25,0,0.0,0,0,18-APR-2022,
OPTSTK,DEEPAKNTR,28-Apr-2022,2560.0,PE,0.0,0.0,0.0,505.5,297.4,0,0.0,0,0,18-APR-2022,
OPTSTK,DEEPAKNTR,28-Apr-2022,2580.0,PE,0.0,0.0,0.0,521.1,315.8,0,0.0,0,0,18-APR-2022,
OPTSTK,DEEPAKNTR,28-Apr-2022,2600.0,PE,0.0,0.0,0.0,350.0,334.45,0,0.0,250,0,18-APR-2022,
OPTSTK,DEEPAKNTR,28-Apr-2022,2620.0,PE,0.0,0.0,0.0,552.7,353.3,0,0.0,0,0,18-APR-2022,
OPTSTK,DEEPAKNTR,28-Apr-2022,2640.0,PE,0.0,0.0,0.0,568.75,372.3,0,0.0,0,0,18-APR-2022,
OPTSTK,DEEPAKNTR,28-Apr-2022,2650.0,PE,0.0,0.0,0.0,425.55,381.9,0,0.0,0,0,18-APR-2022,
OPTSTK,DEEPAKNTR,28-Apr-2022,2660.0,PE,0.0,0.0,0.0,584.95,391.5,0,0.0,0,0,18-APR-2022,
OPTSTK,DEEPAKNTR,28-Apr-2022,2680.0,PE,0.0,0.0,0.0,601.2,410.8,0,0.0,0,0,18-APR-2022,
OPTSTK,DEEPAKNTR,28-Apr-2022,2700.0,PE,0.0,0.0,0.0,436.0,430.25,0,0.0,750,0,18-APR-2022,
OPTSTK,DEEPAKNTR,28-Apr-2022,2720.0,PE,0.0,0.0,0.0,634.25,449.75,0,0.0,0,0,18-APR-2022,
OPTSTK,DEEPAKNTR,28-Apr-2022,2740.0,PE,0.0,0.0,0.0,650.95,469.35,0,0.0,0,0,18-APR-2022,
OPTSTK,DEEPAKNTR,28-Apr-2022,2750.0,PE,0.0,0.0,0.0,514.8,479.2,0,0.0,0,0,18-APR-2022,
OPTSTK,DEEPAKNTR,28-Apr-2022,2760.0,PE,0.0,0.0,0.0,667.8,489.05,0,0.0,0,0,18-APR-2022,
OPTSTK,DEEPAKNTR,28-Apr-2022,2780.0,PE,0.0,0.0,0.0,684.8,508.75,0,0.0,0,0,18-APR-2022,
OPTSTK,DEEPAKNTR,28-Apr-2022,2800.0,PE,0.0,0.0,0.0,701.85,528.55,0,0.0,0,0,18-APR-2022,
OPTSTK,DEEPAKNTR,28-Apr-2022,2820.0,PE,0.0,0.0,0.0,719.05,548.35,0,0.0,0,0,18-APR-2022,
OPTSTK,DEEPAKNTR,28-Apr-2022,2840.0,PE,0.0,0.0,0.0,736.35,568.2,0,0.0,0,0,18-APR-2022,
OPTSTK,DEEPAKNTR,28-Apr-2022,2850.0,PE,0.0,0.0,0.0,607.75,578.15,0,0.0,0,0,18-APR-2022,
OPTSTK,DEEPAKNTR,28-Apr-2022,2860.0,PE,0.0,0.0,0.0,753.75,588.1,0,0.0,0,0,18-APR-2022,
OPTSTK,DEEPAKNTR,28-Apr-2022,2880.0,PE,0.0,0.0,0.0,771.25,608.0,0,0.0,0,0,18-APR-2022,
OPTSTK,DEEPAKNTR,28-Apr-2022,2900.0,PE,0.0,0.0,0.0,788.85,627.9,0,0.0,0,0,18-APR-2022,
OPTSTK,DEEPAKNTR,28-Apr-2022,2920.0,PE,0.0,0.0,0.0,806.55,647.8,0,0.0,0,0,18-APR-2022,
OPTSTK,DEEPAKNTR,26-May-2022,1440.0,CE,0.0,0.0,0.0,468.7,835.9,0,0.0,0,0,18-APR-2022,
OPTSTK,DEEPAKNTR,26-May-2022,1450.0,CE,0.0,0.0,0.0,806.15,826.0,0,0.0,0,0,18-APR-2022,
OPTSTK,DEEPAKNTR,26-May-2022,1460.0,CE,0.0,0.0,0.0,453.05,816.15,0,0.0,0,0,18-APR-2022,
OPTSTK,DEEPAKNTR,26-May-2022,1480.0,CE,0.0,0.0,0.0,437.65,796.4,0,0.0,0,0,18-APR-2022,
OPTSTK,DEEPAKNTR,26-May-2022,1500.0,CE,0.0,0.0,0.0,422.55,776.65,0,0.0,0,0,18-APR-2022,
OPTSTK,DEEPAKNTR,26-May-2022,1520.0,CE,0.0,0.0,0.0,407.8,757.0,0,0.0,0,0,18-APR-2022,
OPTSTK,DEEPAKNTR,26-May-2022,1540.0,CE,0.0,0.0,0.0,393.35,737.35,0,0.0,0,0,18-APR-2022,
OPTSTK,DEEPAKNTR,26-May-2022,1550.0,CE,0.0,0.0,0.0,710.65,727.6,0,0.0,0,0,18-APR-2022,
OPTSTK,DEEPAKNTR,26-May-2022,1560.0,CE,0.0,0.0,0.0,379.2,717.8,0,0.0,0,0,18-APR-2022,
OPTSTK,DEEPAKNTR,26-May-2022,1580.0,CE,0.0,0.0,0.0,365.35,698.3,0,0.0,0,0,18-APR-2022,
OPTSTK,DEEPAKNTR,26-May-2022,1600.0,CE,0.0,0.0,0.0,351.8,678.9,0,0.0,0,0,18-APR-2022,
OPTSTK,DEEPAKNTR,26-May-2022,1620.0,CE,0.0,0.0,0.0,338.65,659.6,0,0.0,0,0,18-APR-2022,
OPTSTK,DEEPAKNTR,26-May-2022,1640.0,CE,0.0,0.0,0.0,325.7,640.35,0,0.0,0,0,18-APR-2022,
OPTSTK,DEEPAKNTR,26-May-2022,1650.0,CE,0.0,0.0,0.0,618.3,630.8,0,0.0,0,0,18-APR-2022,
OPTSTK,DEEPAKNTR,26-May-2022,1660.0,CE,0.0,0.0,0.0,313.2,621.25,0,0.0,0,0,18-APR-2022,
OPTSTK,DEEPAKNTR,26-May-2022,1680.0,CE,0.0,0.0,0.0,301.05,602.25,0,0.0,0,0,18-APR-2022,
OPTSTK,DEEPAKNTR,26-May-2022,1700.0,CE,0.0,0.0,0.0,289.2,583.4,0,0.0,0,0,18-APR-2022,
OPTSTK,DEEPAKNTR,26-May-2022,1720.0,CE,0.0,0.0,0.0,277.7,564.7,0,0.0,0,0,18-APR-2022,
OPTSTK,DEEPAKNTR,26-May-2022,1740.0,CE,0.0,0.0,0.0,266.5,546.15,0,0.0,0,0,18-APR-2022,
OPTSTK,DEEPAKNTR,26-May-2022,1750.0,CE,0.0,0.0,0.0,530.45,536.95,0,0.0,0,0,18-APR-2022,
OPTSTK,DEEPAKNTR,26-May-2022,1760.0,CE,0.0,0.0,0.0,255.7,527.8,0,0.0,0,0,18-APR-2022,
OPTSTK,DEEPAKNTR,26-May-2022,1780.0,CE,0.0,0.0,0.0,245.2,509.65,0,0.0,0,0,18-APR-2022,
OPTSTK,DEEPAKNTR,26-May-2022,1800.0,CE,0.0,0.0,0.0,235.0,491.7,0,0.0,0,0,18-APR-2022,
OPTSTK,DEEPAKNTR,26-May-2022,1820.0,CE,0.0,0.0,0.0,225.15,474.0,0,0.0,0,0,18-APR-2022,
OPTSTK,DEEPAKNTR,26-May-2022,1840.0,CE,0.0,0.0,0.0,215.6,456.55,0,0.0,0,0,18-APR-2022,
OPTSTK,DEEPAKNTR,26-May-2022,1850.0,CE,0.0,0.0,0.0,448.55,447.9,0,0.0,0,0,18-APR-2022,
OPTSTK,DEEPAKNTR,26-May-2022,1860.0,CE,0.0,0.0,0.0,206.4,439.35,0,0.0,0,0,18-APR-2022,
OPTSTK,DEEPAKNTR,26-May-2022,1880.0,CE,0.0,0.0,0.0,197.45,422.4,0,0.0,0,0,18-APR-2022,
OPTSTK,DEEPAKNTR,26-May-2022,1900.0,CE,0.0,0.0,0.0,188.85,405.75,0,0.0,0,0,18-APR-2022,
OPTSTK,DEEPAKNTR,26-May-2022,1920.0,CE,0.0,0.0,0.0,180.55,389.4,0,0.0,0,0,18-APR-2022,
OPTSTK,DEEPAKNTR,26-May-2022,1940.0,CE,0.0,0.0,0.0,172.55,373.35,0,0.0,0,0,18-APR-2022,
OPTSTK,DEEPAKNTR,26-May-2022,1950.0,CE,0.0,0.0,0.0,373.7,365.5,0,0.0,0,0,18-APR-2022,
OPTSTK,DEEPAKNTR,26-May-2022,1960.0,CE,0.0,0.0,0.0,164.85,357.65,0,0.0,0,0,18-APR-2022,
OPTSTK,DEEPAKNTR,26-May-2022,1980.0,CE,0.0,0.0,0.0,157.45,342.3,0,0.0,0,0,18-APR-2022,
OPTSTK,DEEPAKNTR,26-May-2022,2000.0,CE,0.0,0.0,0.0,150.3,327.4,0,0.0,0,0,18-APR-2022,
OPTSTK,DEEPAKNTR,26-May-2022,2020.0,CE,0.0,0.0,0.0,143.4,312.75,0,0.0,0,0,18-APR-2022,
OPTSTK,DEEPAKNTR,26-May-2022,2040.0,CE,0.0,0.0,0.0,200.0,298.45,0,0.0,250,0,18-APR-2022,
OPTSTK,DEEPAKNTR,26-May-2022,2050.0,CE,0.0,0.0,0.0,306.65,291.45,0,0.0,0,0,18-APR-2022,
OPTSTK,DEEPAKNTR,26-May-2022,2060.0,CE,0.0,0.0,0.0,130.45,284.55,0,0.0,0,0,18-APR-2022,
OPTSTK,DEEPAKNTR,26-May-2022,2080.0,CE,0.0,0.0,0.0,124.35,270.95,0,0.0,0,0,18-APR-2022,
OPTSTK,DEEPAKNTR,26-May-2022,2100.0,CE,0.0,0.0,0.0,118.5,257.85,0,0.0,0,0,18-APR-2022,
OPTSTK,DEEPAKNTR,26-May-2022,2120.0,CE,0.0,0.0,0.0,112.9,245.2,0,0.0,0,0,18-APR-2022,
OPTSTK,DEEPAKNTR,26-May-2022,2140.0,CE,0.0,0.0,0.0,107.5,232.9,0,0.0,0,0,18-APR-2022,
OPTSTK,DEEPAKNTR,26-May-2022,2150.0,CE,0.0,0.0,0.0,248.05,226.9,0,0.0,0,0,18-APR-2022,
OPTSTK,DEEPAKNTR,26-May-2022,2160.0,CE,0.0,0.0,0.0,102.35,221.0,0,0.0,0,0,18-APR-2022,
OPTSTK,DEEPAKNTR,26-May-2022,2180.0,CE,0.0,0.0,0.0,97.5,209.55,0,0.0,0,0,18-APR-2022,
OPTSTK,DEEPAKNTR,26-May-2022,2200.0,CE,0.0,0.0,0.0,92.75,198.5,0,0.0,0,0,18-APR-2022,
OPTSTK,DEEPAKNTR,26-May-2022,2220.0,CE,0.0,0.0,0.0,88.25,187.85,0,0.0,0,0,18-APR-2022,
OPTSTK,DEEPAKNTR,26-May-2022,2240.0,CE,0.0,0.0,0.0,83.95,177.6,0,0.0,0,0,18-APR-2022,
OPTSTK,DEEPAKNTR,26-May-2022,2250.0,CE,0.0,0.0,0.0,197.9,172.6,0,0.0,0,0,18-APR-2022,
OPTSTK,DEEPAKNTR,26-May-2022,2260.0,CE,0.0,0.0,0.0,79.8,167.75,0,0.0,0,0,18-APR-2022,
OPTSTK,DEEPAKNTR,26-May-2022,2280.0,CE,0.0,0.0,0.0,75.85,158.3,0,0.0,0,0,18-APR-2022,
OPTSTK,DEEPAKNTR,26-May-2022,2300.0,CE,110.0,111.2,110.0,111.2,111.2,4,24.1,1250,500,18-APR-2022,
OPTSTK,DEEPAKNTR,26-May-2022,2320.0,CE,0.0,0.0,0.0,68.5,140.6,0,0.0,0,0,18-APR-2022,
OPTSTK,DEEPAKNTR,26-May-2022,2340.0,CE,0.0,0.0,0.0,65.0,132.3,0,0.0,0,0,18-APR-2022,
OPTSTK,DEEPAKNTR,26-May-2022,2350.0,CE,0.0,0.0,0.0,155.75,128.3,0,0.0,0,0,18-APR-2022,
OPTSTK,DEEPAKNTR,26-May-2022,2360.0,CE,0.0,0.0,0.0,61.7,124.4,0,0.0,0,0,18-APR-2022,
OPTSTK,DEEPAKNTR,26-May-2022,2380.0,CE,0.0,0.0,0.0,58.55,116.9,0,0.0,0,0,18-APR-2022,
OPTSTK,DEEPAKNTR,26-May-2022,2400.0,CE,0.0,0.0,0.0,115.0,109.7,0,0.0,1000,0,18-APR-2022,
OPTSTK,DEEPAKNTR,26-May-2022,2420.0,CE,0.0,0.0,0.0,52.75,102.9,0,0.0,0,0,18-APR-2022,
OPTSTK,DEEPAKNTR,26-May-2022,2440.0,CE,0.0,0.0,0.0,50.0,96.4,0,0.0,0,0,18-APR-2022,
OPTSTK,DEEPAKNTR,26-May-2022,2450.0,CE,0.0,0.0,0.0,121.1,93.3,0,0.0,0,0,18-APR-2022,
OPTSTK,DEEPAKNTR,26-May-2022,2460.0,CE,0.0,0.0,0.0,47.45,90.25,0,0.0,0,0,18-APR-2022,
OPTSTK,DEEPAKNTR,26-May-2022,2480.0,CE,0.0,0.0,0.0,45.0,84.45,0,0.0,0,0,18-APR-2022,
OPTSTK,DEEPAKNTR,26-May-2022,2500.0,CE,60.0,60.0,42.05,54.35,54.35,30,191.43,9750,-1750,18-APR-2022,
OPTSTK,DEEPAKNTR,26-May-2022,2520.0,CE,0.0,0.0,0.0,40.4,73.7,0,0.0,0,0,18-APR-2022,
OPTSTK,DEEPAKNTR,26-May-2022,2540.0,CE,0.0,0.0,0.0,38.3,68.9,0,0.0,0,0,18-APR-2022,
OPTSTK,DEEPAKNTR,26-May-2022,2550.0,CE,0.0,0.0,0.0,93.15,66.55,0,0.0,0,0,18-APR-2022,
OPTSTK,DEEPAKNTR,26-May-2022,2560.0,CE,0.0,0.0,0.0,36.25,64.3,0,0.0,0,0,18-APR-2022,
OPTSTK,DEEPAKNTR,26-May-2022,2580.0,CE,0.0,0.0,0.0,34.35,59.9,0,0.0,0,0,18-APR-2022,
OPTSTK,DEEPAKNTR,26-May-2022,2600.0,CE,45.0,45.0,26.65,26.65,55.8,3,19.75,2000,500,18-APR-2022,
OPTSTK,DEEPAKNTR,26-May-2022,2620.0,CE,0.0,0.0,0.0,30.8,51.85,0,0.0,0,0,18-APR-2022,
OPTSTK,DEEPAKNTR,26-May-2022,2640.0,CE,0.0,0.0,0.0,29.15,48.2,0,0.0,0,0,18-APR-2022,
OPTSTK,DEEPAKNTR,26-May-2022,2650.0,CE,0.0,0.0,0.0,70.85,46.45,0,0.0,0,0,18-APR-2022,
OPTSTK,DEEPAKNTR,26-May-2022,2660.0,CE,0.0,0.0,0.0,27.6,44.8,0,0.0,0,0,18-APR-2022,
OPTSTK,DEEPAKNTR,26-May-2022,2700.0,CE,0.0,0.0,0.0,31.0,38.55,0,0.0,250,0,18-APR-2022,
OPTSTK,DEEPAKNTR,26-May-2022,2750.0,CE,0.0,0.0,0.0,53.3,31.85,0,0.0,0,0,18-APR-2022,
OPTSTK,DEEPAKNTR,26-May-2022,2800.0,CE,0.0,0.0,0.0,34.9,26.2,0,0.0,0,0,18-APR-2022,
OPTSTK,DEEPAKNTR,26-May-2022,1440.0,PE,0.0,0.0,0.0,38.3,0.45,0,0.0,0,0,18-APR-2022,
OPTSTK,DEEPAKNTR,26-May-2022,1450.0,PE,0.0,0.0,0.0,3.0,0.5,0,0.0,0,0,18-APR-2022,
OPTSTK,DEEPAKNTR,26-May-2022,1460.0,PE,0.0,0.0,0.0,42.4,0.6,0,0.0,0,0,18-APR-2022,
OPTSTK,DEEPAKNTR,26-May-2022,1480.0,PE,0.0,0.0,0.0,46.8,0.75,0,0.0,0,0,18-APR-2022,
OPTSTK,DEEPAKNTR,26-May-2022,1500.0,PE,0.0,0.0,0.0,51.5,0.95,0,0.0,0,0,18-APR-2022,
OPTSTK,DEEPAKNTR,26-May-2022,1520.0,PE,0.0,0.0,0.0,56.55,1.2,0,0.0,0,0,18-APR-2022,
OPTSTK,DEEPAKNTR,26-May-2022,1540.0,PE,0.0,0.0,0.0,61.9,1.45,0,0.0,0,0,18-APR-2022,
OPTSTK,DEEPAKNTR,26-May-2022,1550.0,PE,0.0,0.0,0.0,6.85,1.65,0,0.0,0,0,18-APR-2022,
OPTSTK,DEEPAKNTR,26-May-2022,1560.0,PE,0.0,0.0,0.0,67.5,1.8,0,0.0,0,0,18-APR-2022,
OPTSTK,DEEPAKNTR,26-May-2022,1580.0,PE,0.0,0.0,0.0,73.45,2.25,0,0.0,0,0,18-APR-2022,
OPTSTK,DEEPAKNTR,26-May-2022,1600.0,PE,0.0,0.0,0.0,79.75,2.75,0,0.0,0,0,18-APR-2022,
OPTSTK,DEEPAKNTR,26-May-2022,1620.0,PE,0.0,0.0,0.0,86.35,3.3,0,0.0,0,0,18-APR-2022,
OPTSTK,DEEPAKNTR,26-May-2022,1640.0,PE,0.0,0.0,0.0,93.2,4.0,0,0.0,0,0,18-APR-2022,
OPTSTK,DEEPAKNTR,26-May-2022,1650.0,PE,0.0,0.0,0.0,13.85,4.4,0,0.0,0,0,18-APR-2022,
OPTSTK,DEEPAKNTR,26-May-2022,1660.0,PE,0.0,0.0,0.0,100.5,4.8,0,0.0,0,0,18-APR-2022,
OPTSTK,DEEPAKNTR,26-May-2022,1680.0,PE,0.0,0.0,0.0,108.1,5.75,0,0.0,0,0,18-APR-2022,
OPTSTK,DEEPAKNTR,26-May-2022,1700.0,PE,0.0,0.0,0.0,116.05,6.8,0,0.0,0,0,18-APR-2022,
OPTSTK,DEEPAKNTR,26-May-2022,1720.0,PE,0.0,0.0,0.0,124.35,8.0,0,0.0,0,0,18-APR-2022,
OPTSTK,DEEPAKNTR,26-May-2022,1740.0,PE,0.0,0.0,0.0,132.95,9.4,0,0.0,0,0,18-APR-2022,
OPTSTK,DEEPAKNTR,26-May-2022,1750.0,PE,0.0,0.0,0.0,25.35,10.15,0,0.0,0,0,18-APR-2022,
OPTSTK,DEEPAKNTR,26-May-2022,1760.0,PE,0.0,0.0,0.0,141.9,10.95,0,0.0,0,0,18-APR-2022,
OPTSTK,DEEPAKNTR,26-May-2022,1780.0,PE,0.0,0.0,0.0,151.2,12.7,0,0.0,0,0,18-APR-2022,
OPTSTK,DEEPAKNTR,26-May-2022,1800.0,PE,0.0,0.0,0.0,149.0,14.65,0,0.0,250,0,18-APR-2022,
OPTSTK,DEEPAKNTR,26-May-2022,1820.0,PE,0.0,0.0,0.0,170.75,16.85,0,0.0,0,0,18-APR-2022,
OPTSTK,DEEPAKNTR,26-May-2022,1840.0,PE,0.0,0.0,0.0,181.0,19.3,0,0.0,0,0,18-APR-2022,
OPTSTK,DEEPAKNTR,26-May-2022,1850.0,PE,0.0,0.0,0.0,42.8,20.65,0,0.0,0,0,18-APR-2022,
OPTSTK,DEEPAKNTR,26-May-2022,1860.0,PE,0.0,0.0,0.0,191.55,22.0,0,0.0,0,0,18-APR-2022,
OPTSTK,DEEPAKNTR,26-May-2022,1880.0,PE,0.0,0.0,0.0,202.45,25.0,0,0.0,0,0,18-APR-2022,
OPTSTK,DEEPAKNTR,26-May-2022,1900.0,PE,0.0,0.0,0.0,213.65,28.25,0,0.0,0,0,18-APR-2022,
OPTSTK,DEEPAKNTR,26-May-2022,1920.0,PE,0.0,0.0,0.0,225.15,31.8,0,0.0,0,0,18-APR-2022,
OPTSTK,DEEPAKNTR,26-May-2022,1940.0,PE,0.0,0.0,0.0,236.9,35.7,0,0.0,0,0,18-APR-2022,
OPTSTK,DEEPAKNTR,26-May-2022,1950.0,PE,0.0,0.0,0.0,67.3,37.75,0,0.0,0,0,18-APR-2022,
OPTSTK,DEEPAKNTR,26-May-2022,1960.0,PE,0.0,0.0,0.0,249.0,39.9,0,0.0,0,0,18-APR-2022,
OPTSTK,DEEPAKNTR,26-May-2022,1980.0,PE,0.0,0.0,0.0,261.35,44.45,0,0.0,0,0,18-APR-2022,
OPTSTK,DEEPAKNTR,26-May-2022,2000.0,PE,30.0,40.0,30.0,30.6,49.45,6,30.48,5750,1500,18-APR-2022,
OPTSTK,DEEPAKNTR,26-May-2022,2020.0,PE,0.0,0.0,0.0,286.9,54.7,0,0.0,0,0,18-APR-2022,
OPTSTK,DEEPAKNTR,26-May-2022,2040.0,PE,0.0,0.0,0.0,300.1,60.35,0,0.0,0,0,18-APR-2022,
OPTSTK,DEEPAKNTR,26-May-2022,2050.0,PE,0.0,0.0,0.0,99.6,63.3,0,0.0,0,0,18-APR-2022,
OPTSTK,DEEPAKNTR,26-May-2022,2060.0,PE,0.0,0.0,0.0,313.55,66.35,0,0.0,0,0,18-APR-2022,
OPTSTK,DEEPAKNTR,26-May-2022,2080.0,PE,0.0,0.0,0.0,327.25,72.7,0,0.0,0,0,18-APR-2022,
OPTSTK,DEEPAKNTR,26-May-2022,2100.0,PE,65.0,65.0,49.9,52.95,52.95,20,107.72,4250,2500,18-APR-2022,
OPTSTK,DEEPAKNTR,26-May-2022,2120.0,PE,0.0,0.0,0.0,355.35,86.7,0,0.0,0,0,18-APR-2022,
OPTSTK,DEEPAKNTR,26-May-2022,2140.0,PE,0.0,0.0,0.0,369.75,94.35,0,0.0,0,0,18-APR-2022,
OPTSTK,DEEPAKNTR,26-May-2022,2150.0,PE,0.0,0.0,0.0,140.35,98.3,0,0.0,0,0,18-APR-2022,
OPTSTK,DEEPAKNTR,26-May-2022,2160.0,PE,0.0,0.0,0.0,384.4,102.4,0,0.0,0,0,18-APR-2022,
OPTSTK,DEEPAKNTR,26-May-2022,2180.0,PE,0.0,0.0,0.0,399.3,110.8,0,0.0,0,0,18-APR-2022,
OPTSTK,DEEPAKNTR,26-May-2022,2200.0,PE,80.0,83.85,80.0,83.85,119.65,5,28.5,2750,1250,18-APR-2022,
OPTSTK,DEEPAKNTR,26-May-2022,2220.0,PE,0.0,0.0,0.0,429.65,128.95,0,0.0,0,0,18-APR-2022,
OPTSTK,DEEPAKNTR,26-May-2022,2240.0,PE,0.0,0.0,0.0,445.15,138.6,0,0.0,0,0,18-APR-2022,
OPTSTK,DEEPAKNTR,26-May-2022,2250.0,PE,0.0,0.0,0.0,189.55,143.55,0,0.0,0,0,18-APR-2022,
OPTSTK,DEEPAKNTR,26-May-2022,2260.0,PE,0.0,0.0,0.0,460.8,148.65,0,0.0,0,0,18-APR-2022,
OPTSTK,DEEPAKNTR,26-May-2022,2280.0,PE,0.0,0.0,0.0,476.65,159.1,0,0.0,0,0,18-APR-2022,
OPTSTK,DEEPAKNTR,26-May-2022,2300.0,PE,101.95,101.95,101.95,101.95,101.95,1,6.0,250,250,18-APR-2022,
OPTSTK,DEEPAKNTR,26-May-2022,2320.0,PE,0.0,0.0,0.0,508.85,181.25,0,0.0,0,0,18-APR-2022,
OPTSTK,DEEPAKNTR,26-May-2022,2340.0,PE,0.0,0.0,0.0,525.15,192.9,0,0.0,0,0,18-APR-2022,
OPTSTK,DEEPAKNTR,26-May-2022,2350.0,PE,0.0,0.0,0.0,246.8,198.85,0,0.0,0,0,18-APR-2022,
OPTSTK,DEEPAKNTR,26-May-2022,2360.0,PE,0.0,0.0,0.0,541.65,204.9,0,0.0,0,0,18-APR-2022,
OPTSTK,DEEPAKNTR,26-May-2022,2380.0,PE,0.0,0.0,0.0,558.3,217.3,0,0.0,0,0,18-APR-2022,
OPTSTK,DEEPAKNTR,26-May-2022,2400.0,PE,0.0,0.0,0.0,575.1,230.0,0,0.0,0,0,18-APR-2022,
OPTSTK,DEEPAKNTR,26-May-2022,2420.0,PE,0.0,0.0,0.0,592.05,243.1,0,0.0,0,0,18-APR-2022,
OPTSTK,DEEPAKNTR,26-May-2022,2440.0,PE,0.0,0.0,0.0,609.15,256.55,0,0.0,0,0,18-APR-2022,
OPTSTK,DEEPAKNTR,26-May-2022,2450.0,PE,0.0,0.0,0.0,311.45,263.4,0,0.0,0,0,18-APR-2022,
OPTSTK,DEEPAKNTR,26-May-2022,2460.0,PE,0.0,0.0,0.0,626.35,270.3,0,0.0,0,0,18-APR-2022,
OPTSTK,DEEPAKNTR,26-May-2022,2480.0,PE,0.0,0.0,0.0,643.65,284.4,0,0.0,0,0,18-APR-2022,
OPTSTK,DEEPAKNTR,26-May-2022,2500.0,PE,0.0,0.0,0.0,661.1,298.8,0,0.0,0,0,18-APR-2022,
OPTSTK,DEEPAKNTR,26-May-2022,2520.0,PE,0.0,0.0,0.0,678.7,313.5,0,0.0,0,0,18-APR-2022,
OPTSTK,DEEPAKNTR,26-May-2022,2540.0,PE,0.0,0.0,0.0,696.35,328.6,0,0.0,0,0,18-APR-2022,
OPTSTK,DEEPAKNTR,26-May-2022,2550.0,PE,0.0,0.0,0.0,382.85,336.2,0,0.0,0,0,18-APR-2022,
OPTSTK,DEEPAKNTR,26-May-2022,2560.0,PE,0.0,0.0,0.0,714.15,343.9,0,0.0,0,0,18-APR-2022,
OPTSTK,DEEPAKNTR,26-May-2022,2580.0,PE,0.0,0.0,0.0,732.0,359.45,0,0.0,0,0,18-APR-2022,
OPTSTK,DEEPAKNTR,26-May-2022,2600.0,PE,0.0,0.0,0.0,749.95,375.25,0,0.0,0,0,18-APR-2022,
OPTSTK,DEEPAKNTR,26-May-2022,2620.0,PE,0.0,0.0,0.0,768.05,391.15,0,0.0,0,0,18-APR-2022,
OPTSTK,DEEPAKNTR,26-May-2022,2640.0,PE,0.0,0.0,0.0,786.2,407.45,0,0.0,0,0,18-APR-2022,
OPTSTK,DEEPAKNTR,26-May-2022,2650.0,PE,0.0,0.0,0.0,459.95,415.65,0,0.0,0,0,18-APR-2022,
OPTSTK,DEEPAKNTR,26-May-2022,2660.0,PE,0.0,0.0,0.0,804.4,423.95,0,0.0,0,0,18-APR-2022,
OPTSTK,DEEPAKNTR,26-May-2022,2700.0,PE,0.0,0.0,0.0,721.0,457.55,0,0.0,0,0,18-APR-2022,
OPTSTK,DEEPAKNTR,26-May-2022,2750.0,PE,0.0,0.0,0.0,541.7,500.6,0,0.0,0,0,18-APR-2022,
OPTSTK,DEEPAKNTR,26-May-2022,2800.0,PE,0.0,0.0,0.0,440.0,544.75,0,0.0,500,0,18-APR-2022,
OPTSTK,DEEPAKNTR,30-Jun-2022,1450.0,CE,0.0,0.0,0.0,820.15,836.55,0,0.0,0,0,18-APR-2022,
OPTSTK,DEEPAKNTR,30-Jun-2022,1500.0,CE,0.0,0.0,0.0,774.55,789.3,0,0.0,0,0,18-APR-2022,
OPTSTK,DEEPAKNTR,30-Jun-2022,1550.0,CE,0.0,0.0,0.0,729.95,742.75,0,0.0,0,0,18-APR-2022,
OPTSTK,DEEPAKNTR,30-Jun-2022,1600.0,CE,0.0,0.0,0.0,686.4,697.1,0,0.0,0,0,18-APR-2022,
OPTSTK,DEEPAKNTR,30-Jun-2022,1650.0,CE,0.0,0.0,0.0,644.05,652.45,0,0.0,0,0,18-APR-2022,
OPTSTK,DEEPAKNTR,30-Jun-2022,1700.0,CE,0.0,0.0,0.0,602.95,608.95,0,0.0,0,0,18-APR-2022,
OPTSTK,DEEPAKNTR,30-Jun-2022,1750.0,CE,0.0,0.0,0.0,563.3,566.8,0,0.0,0,0,18-APR-2022,
OPTSTK,DEEPAKNTR,30-Jun-2022,1800.0,CE,0.0,0.0,0.0,525.1,526.05,0,0.0,0,0,18-APR-2022,
OPTSTK,DEEPAKNTR,30-Jun-2022,1850.0,CE,0.0,0.0,0.0,488.5,486.85,0,0.0,0,0,18-APR-2022,
OPTSTK,DEEPAKNTR,30-Jun-2022,1900.0,CE,0.0,0.0,0.0,453.4,449.4,0,0.0,0,0,18-APR-2022,
OPTSTK,DEEPAKNTR,30-Jun-2022,1950.0,CE,0.0,0.0,0.0,420.0,413.55,0,0.0,0,0,18-APR-2022,
OPTSTK,DEEPAKNTR,30-Jun-2022,2000.0,CE,0.0,0.0,0.0,388.2,379.5,0,0.0,0,0,18-APR-2022,
OPTSTK,DEEPAKNTR,30-Jun-2022,2050.0,CE,0.0,0.0,0.0,358.2,347.25,0,0.0,0,0,18-APR-2022,
OPTSTK,DEEPAKNTR,30-Jun-2022,2100.0,CE,0.0,0.0,0.0,329.9,317.0,0,0.0,0,0,18-APR-2022,
OPTSTK,DEEPAKNTR,30-Jun-2022,2150.0,CE,0.0,0.0,0.0,303.25,288.6,0,0.0,0,0,18-APR-2022,
OPTSTK,DEEPAKNTR,30-Jun-2022,2200.0,CE,0.0,0.0,0.0,278.25,262.1,0,0.0,0,0,18-APR-2022,
OPTSTK,DEEPAKNTR,30-Jun-2022,2250.0,CE,0.0,0.0,0.0,254.9,237.4,0,0.0,0,0,18-APR-2022,
OPTSTK,DEEPAKNTR,30-Jun-2022,2300.0,CE,0.0,0.0,0.0,233.1,214.55,0,0.0,0,0,18-APR-2022,
OPTSTK,DEEPAKNTR,30-Jun-2022,2350.0,CE,0.0,0.0,0.0,212.85,193.4,0,0.0,0,0,18-APR-2022,
OPTSTK,DEEPAKNTR,30-Jun-2022,2400.0,CE,0.0,0.0,0.0,194.05,174.0,0,0.0,0,0,18-APR-2022,
OPTSTK,DEEPAKNTR,30-Jun-2022,2450.0,CE,0.0,0.0,0.0,176.65,156.15,0,0.0,0,0,18-APR-2022,
OPTSTK,DEEPAKNTR,30-Jun-2022,2500.0,CE,0.0,0.0,0.0,160.6,139.85,0,0.0,0,0,18-APR-2022,
OPTSTK,DEEPAKNTR,30-Jun-2022,2550.0,CE,0.0,0.0,0.0,145.75,125.0,0,0.0,0,0,18-APR-2022,
OPTSTK,DEEPAKNTR,30-Jun-2022,2600.0,CE,0.0,0.0,0.0,132.15,111.55,0,0.0,0,0,18-APR-2022,
OPTSTK,DEEPAKNTR,30-Jun-2022,2650.0,CE,0.0,0.0,0.0,119.8,99.45,0,0.0,0,0,18-APR-2022,
OPTSTK,DEEPAKNTR,30-Jun-2022,2700.0,CE,0.0,0.0,0.0,108.4,88.45,0,0.0,0,0,18-APR-2022,
OPTSTK,DEEPAKNTR,30-Jun-2022,2750.0,CE,0.0,0.0,0.0,97.95,78.5,0,0.0,0,0,18-APR-2022,
OPTSTK,DEEPAKNTR,30-Jun-2022,2800.0,CE,0.0,0.0,0.0,88.45,69.5,0,0.0,0,0,18-APR-2022,
OPTSTK,DEEPAKNTR,30-Jun-2022,1450.0,PE,0.0,0.0,0.0,11.15,5.2,0,0.0,0,0,18-APR-2022,
OPTSTK,DEEPAKNTR,30-Jun-2022,1500.0,PE,0.0,0.0,0.0,15.05,7.5,0,0.0,0,0,18-APR-2022,
OPTSTK,DEEPAKNTR,30-Jun-2022,1550.0,PE,0.0,0.0,0.0,19.9,10.5,0,0.0,0,0,18-APR-2022,
OPTSTK,DEEPAKNTR,30-Jun-2022,1600.0,PE,0.0,0.0,0.0,25.8,14.45,0,0.0,0,0,18-APR-2022,
OPTSTK,DEEPAKNTR,30-Jun-2022,1650.0,PE,0.0,0.0,0.0,32.95,19.4,0,0.0,0,0,18-APR-2022,
OPTSTK,DEEPAKNTR,30-Jun-2022,1700.0,PE,0.0,0.0,0.0,41.35,25.5,0,0.0,0,0,18-APR-2022,
OPTSTK,DEEPAKNTR,30-Jun-2022,1750.0,PE,0.0,0.0,0.0,51.15,32.9,0,0.0,0,0,18-APR-2022,
OPTSTK,DEEPAKNTR,30-Jun-2022,1800.0,PE,0.0,0.0,0.0,62.4,41.7,0,0.0,0,0,18-APR-2022,
OPTSTK,DEEPAKNTR,30-Jun-2022,1850.0,PE,0.0,0.0,0.0,75.3,52.1,0,0.0,0,0,18-APR-2022,
OPTSTK,DEEPAKNTR,30-Jun-2022,1900.0,PE,0.0,0.0,0.0,89.7,64.2,0,0.0,0,0,18-APR-2022,
OPTSTK,DEEPAKNTR,30-Jun-2022,1950.0,PE,0.0,0.0,0.0,105.75,77.95,0,0.0,0,0,18-APR-2022,
OPTSTK,DEEPAKNTR,30-Jun-2022,2000.0,PE,0.0,0.0,0.0,123.4,93.5,0,0.0,0,0,18-APR-2022,
OPTSTK,DEEPAKNTR,30-Jun-2022,2050.0,PE,0.0,0.0,0.0,142.9,110.8,0,0.0,0,0,18-APR-2022,
OPTSTK,DEEPAKNTR,30-Jun-2022,2100.0,PE,0.0,0.0,0.0,164.05,130.1,0,0.0,0,0,18-APR-2022,
OPTSTK,DEEPAKNTR,30-Jun-2022,2150.0,PE,0.0,0.0,0.0,186.9,151.3,0,0.0,0,0,18-APR-2022,
OPTSTK,DEEPAKNTR,30-Jun-2022,2200.0,PE,0.0,0.0,0.0,211.35,174.35,0,0.0,0,0,18-APR-2022,
OPTSTK,DEEPAKNTR,30-Jun-2022,2250.0,PE,0.0,0.0,0.0,237.5,199.25,0,0.0,0,0,18-APR-2022,
OPTSTK,DEEPAKNTR,30-Jun-2022,2300.0,PE,0.0,0.0,0.0,265.2,226.0,0,0.0,0,0,18-APR-2022,
OPTSTK,DEEPAKNTR,30-Jun-2022,2350.0,PE,0.0,0.0,0.0,294.4,254.45,0,0.0,0,0,18-APR-2022,
OPTSTK,DEEPAKNTR,30-Jun-2022,2400.0,PE,0.0,0.0,0.0,325.05,284.6,0,0.0,0,0,18-APR-2022,
OPTSTK,DEEPAKNTR,30-Jun-2022,2450.0,PE,0.0,0.0,0.0,357.15,316.35,0,0.0,0,0,18-APR-2022,
OPTSTK,DEEPAKNTR,30-Jun-2022,2500.0,PE,0.0,0.0,0.0,390.55,349.6,0,0.0,0,0,18-APR-2022,
OPTSTK,DEEPAKNTR,30-Jun-2022,2550.0,PE,0.0,0.0,0.0,425.2,384.35,0,0.0,0,0,18-APR-2022,
OPTSTK,DEEPAKNTR,30-Jun-2022,2600.0,PE,0.0,0.0,0.0,461.05,420.4,0,0.0,0,0,18-APR-2022,
OPTSTK,DEEPAKNTR,30-Jun-2022,2650.0,PE,0.0,0.0,0.0,498.2,457.9,0,0.0,0,0,18-APR-2022,
OPTSTK,DEEPAKNTR,30-Jun-2022,2700.0,PE,0.0,0.0,0.0,536.25,496.5,0,0.0,0,0,18-APR-2022,
OPTSTK,DEEPAKNTR,30-Jun-2022,2750.0,PE,0.0,0.0,0.0,575.3,536.15,0,0.0,0,0,18-APR-2022,
OPTSTK,DEEPAKNTR,30-Jun-2022,2800.0,PE,0.0,0.0,0.0,615.25,576.7,0,0.0,0,0,18-APR-2022,
OPTSTK,DELTACORP,28-Apr-2022,185.0,CE,0.0,0.0,0.0,92.3,119.15,0,0.0,0,0,18-APR-2022,
OPTSTK,DELTACORP,28-Apr-2022,190.0,CE,0.0,0.0,0.0,88.0,114.15,0,0.0,0,0,18-APR-2022,
OPTSTK,DELTACORP,28-Apr-2022,195.0,CE,0.0,0.0,0.0,83.8,109.15,0,0.0,0,0,18-APR-2022,
OPTSTK,DELTACORP,28-Apr-2022,200.0,CE,0.0,0.0,0.0,79.7,104.15,0,0.0,0,0,18-APR-2022,
OPTSTK,DELTACORP,28-Apr-2022,205.0,CE,0.0,0.0,0.0,75.7,99.15,0,0.0,0,0,18-APR-2022,
OPTSTK,DELTACORP,28-Apr-2022,210.0,CE,0.0,0.0,0.0,71.85,94.15,0,0.0,0,0,18-APR-2022,
OPTSTK,DELTACORP,28-Apr-2022,215.0,CE,0.0,0.0,0.0,68.05,89.15,0,0.0,0,0,18-APR-2022,
OPTSTK,DELTACORP,28-Apr-2022,220.0,CE,0.0,0.0,0.0,64.45,84.15,0,0.0,0,0,18-APR-2022,
OPTSTK,DELTACORP,28-Apr-2022,225.0,CE,0.0,0.0,0.0,60.9,79.2,0,0.0,0,0,18-APR-2022,
OPTSTK,DELTACORP,28-Apr-2022,230.0,CE,0.0,0.0,0.0,57.55,74.2,0,0.0,0,0,18-APR-2022,
OPTSTK,DELTACORP,28-Apr-2022,235.0,CE,0.0,0.0,0.0,54.25,69.25,0,0.0,0,0,18-APR-2022,
OPTSTK,DELTACORP,28-Apr-2022,240.0,CE,0.0,0.0,0.0,51.15,64.25,0,0.0,0,0,18-APR-2022,
OPTSTK,DELTACORP,28-Apr-2022,245.0,CE,0.0,0.0,0.0,48.15,59.35,0,0.0,0,0,18-APR-2022,
OPTSTK,DELTACORP,28-Apr-2022,250.0,CE,0.0,0.0,0.0,45.25,54.45,0,0.0,0,0,18-APR-2022,
OPTSTK,DELTACORP,28-Apr-2022,255.0,CE,0.0,0.0,0.0,42.5,49.65,0,0.0,0,0,18-APR-2022,
OPTSTK,DELTACORP,28-Apr-2022,260.0,CE,47.0,47.0,45.0,45.0,44.9,3,21.09,9200,-4600,18-APR-2022,
OPTSTK,DELTACORP,28-Apr-2022,265.0,CE,0.0,0.0,0.0,37.4,40.3,0,0.0,0,0,18-APR-2022,
OPTSTK,DELTACORP,28-Apr-2022,270.0,CE,0.0,0.0,0.0,50.0,35.85,0,0.0,0,0,18-APR-2022,
OPTSTK,DELTACORP,28-Apr-2022,275.0,CE,0.0,0.0,0.0,32.8,31.6,0,0.0,0,0,18-APR-2022,
OPTSTK,DELTACORP,28-Apr-2022,280.0,CE,25.75,25.75,25.75,25.75,27.55,1,7.03,6900,0,18-APR-2022,
OPTSTK,DELTACORP,28-Apr-2022,285.0,CE,0.0,0.0,0.0,28.7,23.8,0,0.0,0,0,18-APR-2022,
OPTSTK,DELTACORP,28-Apr-2022,290.0,CE,21.7,22.45,18.0,19.0,20.3,12,85.66,41400,4600,18-APR-2022,
OPTSTK,DELTACORP,28-Apr-2022,295.0,CE,17.45,17.75,14.8,15.35,17.15,5,35.82,6900,2300,18-APR-2022,
OPTSTK,DELTACORP,28-Apr-2022,300.0,CE,12.65,17.55,11.15,11.6,11.6,216,1556.41,223100,85100,18-APR-2022,
OPTSTK,DELTACORP,28-Apr-2022,305.0,CE,13.25,14.2,8.8,9.15,9.15,93,675.13,69000,59800,18-APR-2022,
OPTSTK,DELTACORP,28-Apr-2022,310.0,CE,9.4,11.35,6.5,7.1,7.1,839,6150.63,450800,227700,18-APR-2022,
OPTSTK,DELTACORP,28-Apr-2022,315.0,CE,7.7,8.85,4.85,5.5,5.5,139,1028.25,108100,11500,18-APR-2022,
OPTSTK,DELTACORP,28-Apr-2022,320.0,CE,6.0,6.85,3.6,4.3,4.3,863,6453.62,975200,94300,18-APR-2022,
OPTSTK,DELTACORP,28-Apr-2022,325.0,CE,5.05,5.3,2.85,3.35,3.35,191,1444.97,280600,-6900,18-APR-2022,
OPTSTK,DELTACORP,28-Apr-2022,330.0,CE,2.95,4.2,2.15,2.7,2.7,632,4841.44,1455900,41400,18-APR-2022,
OPTSTK,DELTACORP,28-Apr-2022,335.0,CE,2.65,3.2,1.65,2.1,2.1,173,1342.71,568100,23000,18-APR-2022,
OPTSTK,DELTACORP,28-Apr-2022,340.0,CE,2.55,2.75,1.4,1.75,1.75,459,3610.27,1345500,-52900,18-APR-2022,
OPTSTK,DELTACORP,28-Apr-2022,345.0,CE,1.15,2.1,1.15,1.45,1.45,91,725.68,340400,36800,18-APR-2022,
OPTSTK,DELTACORP,28-Apr-2022,350.0,CE,1.75,1.95,1.05,1.25,1.25,421,3402.85,1913600,32200,18-APR-2022,
OPTSTK,DELTACORP,28-Apr-2022,355.0,CE,1.15,1.45,0.8,1.0,1.0,16,131.08,96600,-2300,18-APR-2022,
OPTSTK,DELTACORP,28-Apr-2022,360.0,CE,1.05,1.4,0.7,0.95,0.95,339,2815.2,671600,-156400,18-APR-2022,
OPTSTK,DELTACORP,28-Apr-2022,365.0,CE,0.75,0.85,0.55,0.75,0.45,25,210.27,62100,13800,18-APR-2022,
OPTSTK,DELTACORP,28-Apr-2022,370.0,CE,1.0,1.0,0.45,0.7,0.7,262,2233.9,510600,29900,18-APR-2022,
OPTSTK,DELTACORP,28-Apr-2022,375.0,CE,0.5,0.6,0.35,0.55,0.25,40,345.42,59800,-6900,18-APR-2022,
OPTSTK,DELTACORP,28-Apr-2022,380.0,CE,0.5,0.75,0.25,0.55,0.55,212,1855.12,602600,62100,18-APR-2022,
OPTSTK,DELTACORP,28-Apr-2022,385.0,CE,0.0,0.0,0.0,0.75,0.15,0,0.0,18400,0,18-APR-2022,
OPTSTK,DELTACORP,28-Apr-2022,390.0,CE,0.35,0.5,0.15,0.25,0.25,186,1669.67,699200,0,18-APR-2022,
OPTSTK,DELTACORP,28-Apr-2022,185.0,PE,0.0,0.0,0.0,2.95,0.0,0,0.0,0,0,18-APR-2022,
OPTSTK,DELTACORP,28-Apr-2022,190.0,PE,0.0,0.0,0.0,3.6,0.0,0,0.0,0,0,18-APR-2022,
OPTSTK,DELTACORP,28-Apr-2022,195.0,PE,0.0,0.0,0.0,4.35,0.0,0,0.0,0,0,18-APR-2022,
OPTSTK,DELTACORP,28-Apr-2022,200.0,PE,0.0,0.0,0.0,0.1,0.0,0,0.0,2300,0,18-APR-2022,
OPTSTK,DELTACORP,28-Apr-2022,205.0,PE,0.0,0.0,0.0,6.2,0.0,0,0.0,0,0,18-APR-2022,
OPTSTK,DELTACORP,28-Apr-2022,210.0,PE,0.0,0.0,0.0,7.25,0.0,0,0.0,0,0,18-APR-2022,
OPTSTK,DELTACORP,28-Apr-2022,215.0,PE,0.0,0.0,0.0,8.45,0.0,0,0.0,0,0,18-APR-2022,
OPTSTK,DELTACORP,28-Apr-2022,220.0,PE,0.0,0.0,0.0,9.75,0.0,0,0.0,0,0,18-APR-2022,
OPTSTK,DELTACORP,28-Apr-2022,225.0,PE,0.0,0.0,0.0,0.1,0.05,0,0.0,4600,0,18-APR-2022,
OPTSTK,DELTACORP,28-Apr-2022,230.0,PE,0.0,0.0,0.0,12.75,0.05,0,0.0,0,0,18-APR-2022,
OPTSTK,DELTACORP,28-Apr-2022,235.0,PE,0.0,0.0,0.0,0.05,0.05,0,0.0,0,0,18-APR-2022,
OPTSTK,DELTACORP,28-Apr-2022,240.0,PE,0.0,0.0,0.0,16.25,0.1,0,0.0,0,0,18-APR-2022,
OPTSTK,DELTACORP,28-Apr-2022,245.0,PE,0.0,0.0,0.0,18.2,0.15,0,0.0,0,0,18-APR-2022,
OPTSTK,DELTACORP,28-Apr-2022,250.0,PE,0.65,0.8,0.25,0.3,0.3,29,167.02,239200,-2300,18-APR-2022,
OPTSTK,DELTACORP,28-Apr-2022,255.0,PE,0.0,0.0,0.0,22.45,0.45,0,0.0,0,0,18-APR-2022,
OPTSTK,DELTACORP,28-Apr-2022,260.0,PE,0.65,1.05,0.35,0.35,0.35,43,257.67,89700,-2300,18-APR-2022,
OPTSTK,DELTACORP,28-Apr-2022,265.0,PE,0.0,0.0,0.0,1.05,1.1,0,0.0,16100,0,18-APR-2022,
OPTSTK,DELTACORP,28-Apr-2022,270.0,PE,1.5,1.75,0.65,0.75,0.75,89,554.81,140300,62100,18-APR-2022,
OPTSTK,DELTACORP,28-Apr-2022,275.0,PE,0.0,0.0,0.0,32.55,2.4,0,0.0,0,0,18-APR-2022,
OPTSTK,DELTACORP,28-Apr-2022,280.0,PE,3.0,3.2,1.35,1.55,1.55,159,1031.42,216200,23000,18-APR-2022,
OPTSTK,DELTACORP,28-Apr-2022,285.0,PE,0.0,0.0,0.0,38.3,4.55,0,0.0,0,0,18-APR-2022,
OPTSTK,DELTACORP,28-Apr-2022,290.0,PE,6.55,6.55,2.9,3.25,3.25,236,1595.69,257600,-64400,18-APR-2022,
OPTSTK,DELTACORP,28-Apr-2022,295.0,PE,5.9,5.9,4.25,5.35,7.9,13,89.81,48300,4600,18-APR-2022,
OPTSTK,DELTACORP,28-Apr-2022,300.0,PE,8.05,10.35,5.0,6.8,6.8,483,3409.19,1136200,-36800,18-APR-2022,
OPTSTK,DELTACORP,28-Apr-2022,305.0,PE,9.2,10.3,6.7,9.35,9.35,89,642.67,78200,16100,18-APR-2022,
OPTSTK,DELTACORP,28-Apr-2022,310.0,PE,14.2,14.85,8.8,12.45,12.45,299,2212.43,430100,-66700,18-APR-2022,
OPTSTK,DELTACORP,28-Apr-2022,315.0,PE,17.2,17.4,11.4,16.0,18.45,25,189.51,80500,-16100,18-APR-2022,
OPTSTK,DELTACORP,28-Apr-2022,320.0,PE,17.5,20.75,14.85,19.35,19.35,53,411.64,259900,-16100,18-APR-2022,
OPTSTK,DELTACORP,28-Apr-2022,325.0,PE,21.0,25.0,18.25,23.0,25.55,23,183.26,197800,9200,18-APR-2022,
OPTSTK,DELTACORP,28-Apr-2022,330.0,PE,26.7,28.25,21.55,27.65,27.65,21,171.54,303600,-16100,18-APR-2022,
OPTSTK,DELTACORP,28-Apr-2022,335.0,PE,33.25,33.25,27.55,27.55,33.6,2,16.8,73600,0,18-APR-2022,
OPTSTK,DELTACORP,28-Apr-2022,340.0,PE,37.0,37.95,30.5,37.3,37.3,56,483.94,110400,-32200,18-APR-2022,
OPTSTK,DELTACORP,28-Apr-2022,345.0,PE,0.0,0.0,0.0,26.05,42.35,0,0.0,6900,0,18-APR-2022,
OPTSTK,DELTACORP,28-Apr-2022,350.0,PE,0.0,0.0,0.0,33.85,46.9,0,0.0,55200,0,18-APR-2022,
OPTSTK,DELTACORP,28-Apr-2022,355.0,PE,0.0,0.0,0.0,89.3,51.6,0,0.0,0,0,18-APR-2022,
OPTSTK,DELTACORP,28-Apr-2022,360.0,PE,0.0,0.0,0.0,40.15,56.35,0,0.0,2300,0,18-APR-2022,
OPTSTK,DELTACORP,28-Apr-2022,365.0,PE,0.0,0.0,0.0,97.7,61.15,0,0.0,0,0,18-APR-2022,
OPTSTK,DELTACORP,28-Apr-2022,370.0,PE,0.0,0.0,0.0,102.0,66.0,0,0.0,0,0,18-APR-2022,
OPTSTK,DELTACORP,28-Apr-2022,375.0,PE,0.0,0.0,0.0,106.3,70.9,0,0.0,0,0,18-APR-2022,
OPTSTK,DELTACORP,28-Apr-2022,380.0,PE,0.0,0.0,0.0,110.7,75.85,0,0.0,0,0,18-APR-2022,
OPTSTK,DELTACORP,28-Apr-2022,385.0,PE,0.0,0.0,0.0,115.1,80.8,0,0.0,0,0,18-APR-2022,
OPTSTK,DELTACORP,28-Apr-2022,390.0,PE,0.0,0.0,0.0,119.55,85.75,0,0.0,0,0,18-APR-2022,
OPTSTK,DELTACORP,26-May-2022,185.0,CE,0.0,0.0,0.0,67.25,119.8,0,0.0,0,0,18-APR-2022,
OPTSTK,DELTACORP,26-May-2022,190.0,CE,0.0,0.0,0.0,63.4,114.85,0,0.0,0,0,18-APR-2022,
OPTSTK,DELTACORP,26-May-2022,195.0,CE,0.0,0.0,0.0,59.7,109.95,0,0.0,0,0,18-APR-2022,
OPTSTK,DELTACORP,26-May-2022,200.0,CE,0.0,0.0,0.0,56.1,105.05,0,0.0,0,0,18-APR-2022,
OPTSTK,DELTACORP,26-May-2022,205.0,CE,0.0,0.0,0.0,52.7,100.2,0,0.0,0,0,18-APR-2022,
OPTSTK,DELTACORP,26-May-2022,210.0,CE,0.0,0.0,0.0,49.35,95.35,0,0.0,0,0,18-APR-2022,
OPTSTK,DELTACORP,26-May-2022,215.0,CE,0.0,0.0,0.0,46.2,90.6,0,0.0,0,0,18-APR-2022,
OPTSTK,DELTACORP,26-May-2022,220.0,CE,0.0,0.0,0.0,43.2,85.85,0,0.0,0,0,18-APR-2022,
OPTSTK,DELTACORP,26-May-2022,225.0,CE,0.0,0.0,0.0,40.35,81.2,0,0.0,0,0,18-APR-2022,
OPTSTK,DELTACORP,26-May-2022,230.0,CE,0.0,0.0,0.0,37.6,76.6,0,0.0,0,0,18-APR-2022,
OPTSTK,DELTACORP,26-May-2022,235.0,CE,0.0,0.0,0.0,35.05,72.1,0,0.0,0,0,18-APR-2022,
OPTSTK,DELTACORP,26-May-2022,240.0,CE,0.0,0.0,0.0,32.6,67.75,0,0.0,0,0,18-APR-2022,
OPTSTK,DELTACORP,26-May-2022,245.0,CE,0.0,0.0,0.0,30.3,63.45,0,0.0,0,0,18-APR-2022,
OPTSTK,DELTACORP,26-May-2022,250.0,CE,0.0,0.0,0.0,28.1,59.3,0,0.0,0,0,18-APR-2022,
OPTSTK,DELTACORP,26-May-2022,255.0,CE,0.0,0.0,0.0,26.05,55.25,0,0.0,0,0,18-APR-2022,
OPTSTK,DELTACORP,26-May-2022,260.0,CE,0.0,0.0,0.0,24.15,51.35,0,0.0,0,0,18-APR-2022,
OPTSTK,DELTACORP,26-May-2022,265.0,CE,0.0,0.0,0.0,22.35,47.65,0,0.0,0,0,18-APR-2022,
OPTSTK,DELTACORP,26-May-2022,270.0,CE,0.0,0.0,0.0,60.0,44.05,0,0.0,2300,0,18-APR-2022,
OPTSTK,DELTACORP,26-May-2022,275.0,CE,0.0,0.0,0.0,19.1,40.65,0,0.0,0,0,18-APR-2022,
OPTSTK,DELTACORP,26-May-2022,280.0,CE,0.0,0.0,0.0,17.65,37.4,0,0.0,0,0,18-APR-2022,
OPTSTK,DELTACORP,26-May-2022,285.0,CE,0.0,0.0,0.0,16.25,34.3,0,0.0,0,0,18-APR-2022,
OPTSTK,DELTACORP,26-May-2022,290.0,CE,0.0,0.0,0.0,15.0,31.4,0,0.0,0,0,18-APR-2022,
OPTSTK,DELTACORP,26-May-2022,295.0,CE,0.0,0.0,0.0,13.8,28.65,0,0.0,0,0,18-APR-2022,
OPTSTK,DELTACORP,26-May-2022,300.0,CE,22.0,22.0,20.0,21.0,26.1,3,22.14,6900,6900,18-APR-2022,
OPTSTK,DELTACORP,26-May-2022,305.0,CE,0.0,0.0,0.0,11.7,23.7,0,0.0,0,0,18-APR-2022,
OPTSTK,DELTACORP,26-May-2022,310.0,CE,20.75,20.75,20.75,20.75,21.5,1,7.6,4600,2300,18-APR-2022,
OPTSTK,DELTACORP,26-May-2022,315.0,CE,0.0,0.0,0.0,9.9,19.45,0,0.0,0,0,18-APR-2022,
OPTSTK,DELTACORP,26-May-2022,320.0,CE,15.65,15.65,12.35,12.45,12.45,30,230.32,59800,43700,18-APR-2022,
OPTSTK,DELTACORP,26-May-2022,325.0,CE,0.0,0.0,0.0,8.35,15.8,0,0.0,0,0,18-APR-2022,
OPTSTK,DELTACORP,26-May-2022,330.0,CE,11.0,11.0,10.4,10.4,14.2,2,15.67,4600,4600,18-APR-2022,
OPTSTK,DELTACORP,26-May-2022,335.0,CE,0.0,0.0,0.0,27.0,12.7,0,0.0,2300,0,18-APR-2022,
OPTSTK,DELTACORP,26-May-2022,340.0,CE,0.0,0.0,0.0,25.0,11.35,0,0.0,2300,0,18-APR-2022,
OPTSTK,DELTACORP,26-May-2022,345.0,CE,0.0,0.0,0.0,5.9,10.15,0,0.0,0,0,18-APR-2022,
OPTSTK,DELTACORP,26-May-2022,350.0,CE,0.0,0.0,0.0,5.4,9.05,0,0.0,0,0,18-APR-2022,
OPTSTK,DELTACORP,26-May-2022,355.0,CE,0.0,0.0,0.0,4.95,8.05,0,0.0,0,0,18-APR-2022,
OPTSTK,DELTACORP,26-May-2022,360.0,CE,3.0,3.0,3.0,3.0,7.15,1,8.34,2300,2300,18-APR-2022,
OPTSTK,DELTACORP,26-May-2022,365.0,CE,0.0,0.0,0.0,4.15,6.3,0,0.0,0,0,18-APR-2022,
OPTSTK,DELTACORP,26-May-2022,370.0,CE,0.0,0.0,0.0,5.75,5.6,0,0.0,0,0,18-APR-2022,
OPTSTK,DELTACORP,26-May-2022,375.0,CE,0.0,0.0,0.0,3.0,4.95,0,0.0,0,0,18-APR-2022,
OPTSTK,DELTACORP,26-May-2022,380.0,CE,0.0,0.0,0.0,12.35,4.35,0,0.0,4600,0,18-APR-2022,
OPTSTK,DELTACORP,26-May-2022,385.0,CE,0.0,0.0,0.0,4.95,3.8,0,0.0,0,0,18-APR-2022,
OPTSTK,DELTACORP,26-May-2022,390.0,CE,0.0,0.0,0.0,7.0,3.35,0,0.0,23000,0,18-APR-2022,
OPTSTK,DELTACORP,26-May-2022,185.0,PE,0.0,0.0,0.0,5.7,0.1,0,0.0,0,0,18-APR-2022,
OPTSTK,DELTACORP,26-May-2022,190.0,PE,0.0,0.0,0.0,6.8,0.15,0,0.0,0,0,18-APR-2022,
OPTSTK,DELTACORP,26-May-2022,195.0,PE,0.0,0.0,0.0,8.0,0.2,0,0.0,0,0,18-APR-2022,
OPTSTK,DELTACORP,26-May-2022,200.0,PE,0.0,0.0,0.0,9.4,0.3,0,0.0,0,0,18-APR-2022,
OPTSTK,DELTACORP,26-May-2022,205.0,PE,0.0,0.0,0.0,10.9,0.4,0,0.0,0,0,18-APR-2022,
OPTSTK,DELTACORP,26-May-2022,210.0,PE,0.0,0.0,0.0,12.55,0.55,0,0.0,0,0,18-APR-2022,
OPTSTK,DELTACORP,26-May-2022,215.0,PE,0.0,0.0,0.0,14.3,0.75,0,0.0,0,0,18-APR-2022,
OPTSTK,DELTACORP,26-May-2022,220.0,PE,0.0,0.0,0.0,16.25,1.0,0,0.0,0,0,18-APR-2022,
OPTSTK,DELTACORP,26-May-2022,225.0,PE,0.0,0.0,0.0,18.35,1.3,0,0.0,0,0,18-APR-2022,
OPTSTK,DELTACORP,26-May-2022,230.0,PE,0.0,0.0,0.0,20.55,1.7,0,0.0,0,0,18-APR-2022,
OPTSTK,DELTACORP,26-May-2022,235.0,PE,0.0,0.0,0.0,22.9,2.2,0,0.0,0,0,18-APR-2022,
OPTSTK,DELTACORP,26-May-2022,240.0,PE,0.0,0.0,0.0,25.45,2.75,0,0.0,0,0,18-APR-2022,
OPTSTK,DELTACORP,26-May-2022,245.0,PE,0.0,0.0,0.0,28.05,3.45,0,0.0,0,0,18-APR-2022,
OPTSTK,DELTACORP,26-May-2022,250.0,PE,0.0,0.0,0.0,30.85,4.3,0,0.0,0,0,18-APR-2022,
OPTSTK,DELTACORP,26-May-2022,255.0,PE,0.0,0.0,0.0,33.75,5.25,0,0.0,0,0,18-APR-2022,
OPTSTK,DELTACORP,26-May-2022,260.0,PE,0.0,0.0,0.0,36.8,6.3,0,0.0,0,0,18-APR-2022,
OPTSTK,DELTACORP,26-May-2022,265.0,PE,0.0,0.0,0.0,39.95,7.55,0,0.0,0,0,18-APR-2022,
OPTSTK,DELTACORP,26-May-2022,270.0,PE,0.0,0.0,0.0,43.2,8.95,0,0.0,0,0,18-APR-2022,
OPTSTK,DELTACORP,26-May-2022,275.0,PE,0.0,0.0,0.0,46.55,10.5,0,0.0,0,0,18-APR-2022,
OPTSTK,DELTACORP,26-May-2022,280.0,PE,5.0,5.0,5.0,5.0,12.25,1,6.55,6900,2300,18-APR-2022,
OPTSTK,DELTACORP,26-May-2022,285.0,PE,0.0,0.0,0.0,53.65,14.15,0,0.0,0,0,18-APR-2022,
OPTSTK,DELTACORP,26-May-2022,290.0,PE,0.0,0.0,0.0,57.3,16.2,0,0.0,0,0,18-APR-2022,
OPTSTK,DELTACORP,26-May-2022,295.0,PE,0.0,0.0,0.0,61.1,18.45,0,0.0,0,0,18-APR-2022,
OPTSTK,DELTACORP,26-May-2022,300.0,PE,12.7,15.0,12.7,14.55,14.55,10,72.16,39100,9200,18-APR-2022,
OPTSTK,DELTACORP,26-May-2022,305.0,PE,17.5,17.5,17.5,17.5,23.5,1,7.41,2300,2300,18-APR-2022,
OPTSTK,DELTACORP,26-May-2022,310.0,PE,0.0,0.0,0.0,17.5,26.25,0,0.0,2300,0,18-APR-2022,
OPTSTK,DELTACORP,26-May-2022,315.0,PE,0.0,0.0,0.0,76.95,29.15,0,0.0,0,0,18-APR-2022,
OPTSTK,DELTACORP,26-May-2022,320.0,PE,0.0,0.0,0.0,21.0,32.25,0,0.0,4600,0,18-APR-2022,
OPTSTK,DELTACORP,26-May-2022,325.0,PE,0.0,0.0,0.0,85.3,35.45,0,0.0,0,0,18-APR-2022,
OPTSTK,DELTACORP,26-May-2022,330.0,PE,0.0,0.0,0.0,89.55,38.8,0,0.0,0,0,18-APR-2022,
OPTSTK,DELTACORP,26-May-2022,335.0,PE,0.0,0.0,0.0,93.85,42.3,0,0.0,0,0,18-APR-2022,
OPTSTK,DELTACORP,26-May-2022,340.0,PE,0.0,0.0,0.0,98.2,45.95,0,0.0,0,0,18-APR-2022,
OPTSTK,DELTACORP,26-May-2022,345.0,PE,0.0,0.0,0.0,102.65,49.75,0,0.0,0,0,18-APR-2022,
OPTSTK,DELTACORP,26-May-2022,350.0,PE,0.0,0.0,0.0,107.1,53.6,0,0.0,0,0,18-APR-2022,
OPTSTK,DELTACORP,26-May-2022,355.0,PE,0.0,0.0,0.0,111.55,57.55,0,0.0,0,0,18-APR-2022,
OPTSTK,DELTACORP,26-May-2022,360.0,PE,0.0,0.0,0.0,116.1,61.65,0,0.0,0,0,18-APR-2022,
OPTSTK,DELTACORP,26-May-2022,365.0,PE,0.0,0.0,0.0,120.65,65.8,0,0.0,0,0,18-APR-2022,
OPTSTK,DELTACORP,26-May-2022,370.0,PE,0.0,0.0,0.0,113.05,70.05,0,0.0,0,0,18-APR-2022,
OPTSTK,DELTACORP,26-May-2022,375.0,PE,0.0,0.0,0.0,117.5,74.35,0,0.0,0,0,18-APR-2022,
OPTSTK,DELTACORP,26-May-2022,380.0,PE,0.0,0.0,0.0,122.05,78.75,0,0.0,0,0,18-APR-2022,
OPTSTK,DELTACORP,26-May-2022,385.0,PE,0.0,0.0,0.0,123.0,83.2,0,0.0,0,0,18-APR-2022,
OPTSTK,DELTACORP,26-May-2022,390.0,PE,0.0,0.0,0.0,118.25,87.75,0,0.0,0,0,18-APR-2022,
OPTSTK,DELTACORP,30-Jun-2022,220.0,CE,0.0,0.0,0.0,115.7,89.45,0,0.0,0,0,18-APR-2022,
OPTSTK,DELTACORP,30-Jun-2022,225.0,CE,0.0,0.0,0.0,111.35,85.25,0,0.0,0,0,18-APR-2022,
OPTSTK,DELTACORP,30-Jun-2022,230.0,CE,0.0,0.0,0.0,107.1,81.1,0,0.0,0,0,18-APR-2022,
OPTSTK,DELTACORP,30-Jun-2022,235.0,CE,0.0,0.0,0.0,102.9,77.05,0,0.0,0,0,18-APR-2022,
OPTSTK,DELTACORP,30-Jun-2022,240.0,CE,0.0,0.0,0.0,98.8,73.15,0,0.0,0,0,18-APR-2022,
OPTSTK,DELTACORP,30-Jun-2022,245.0,CE,0.0,0.0,0.0,94.75,69.35,0,0.0,0,0,18-APR-2022,
OPTSTK,DELTACORP,30-Jun-2022,250.0,CE,0.0,0.0,0.0,90.85,65.65,0,0.0,0,0,18-APR-2022,
OPTSTK,DELTACORP,30-Jun-2022,255.0,CE,0.0,0.0,0.0,87.0,62.1,0,0.0,0,0,18-APR-2022,
OPTSTK,DELTACORP,30-Jun-2022,260.0,CE,0.0,0.0,0.0,83.3,58.65,0,0.0,0,0,18-APR-2022,
OPTSTK,DELTACORP,30-Jun-2022,265.0,CE,0.0,0.0,0.0,79.65,55.3,0,0.0,0,0,18-APR-2022,
OPTSTK,DELTACORP,30-Jun-2022,270.0,CE,0.0,0.0,0.0,76.1,52.1,0,0.0,0,0,18-APR-2022,
OPTSTK,DELTACORP,30-Jun-2022,275.0,CE,0.0,0.0,0.0,72.7,49.05,0,0.0,0,0,18-APR-2022,
OPTSTK,DELTACORP,30-Jun-2022,280.0,CE,0.0,0.0,0.0,69.35,46.1,0,0.0,0,0,18-APR-2022,
OPTSTK,DELTACORP,30-Jun-2022,285.0,CE,0.0,0.0,0.0,66.15,43.3,0,0.0,0,0,18-APR-2022,
OPTSTK,DELTACORP,30-Jun-2022,290.0,CE,0.0,0.0,0.0,63.0,40.65,0,0.0,0,0,18-APR-2022,
OPTSTK,DELTACORP,30-Jun-2022,295.0,CE,0.0,0.0,0.0,60.0,38.05,0,0.0,0,0,18-APR-2022,
OPTSTK,DELTACORP,30-Jun-2022,300.0,CE,0.0,0.0,0.0,57.1,35.65,0,0.0,0,0,18-APR-2022,
OPTSTK,DELTACORP,30-Jun-2022,305.0,CE,0.0,0.0,0.0,54.3,33.35,0,0.0,0,0,18-APR-2022,
OPTSTK,DELTACORP,30-Jun-2022,310.0,CE,0.0,0.0,0.0,51.6,31.15,0,0.0,0,0,18-APR-2022,
OPTSTK,DELTACORP,30-Jun-2022,315.0,CE,0.0,0.0,0.0,49.0,29.05,0,0.0,0,0,18-APR-2022,
OPTSTK,DELTACORP,30-Jun-2022,320.0,CE,0.0,0.0,0.0,46.5,27.1,0,0.0,0,0,18-APR-2022,
OPTSTK,DELTACORP,30-Jun-2022,325.0,CE,0.0,0.0,0.0,44.15,25.25,0,0.0,0,0,18-APR-2022,
OPTSTK,DELTACORP,30-Jun-2022,330.0,CE,0.0,0.0,0.0,41.85,23.5,0,0.0,0,0,18-APR-2022,
OPTSTK,DELTACORP,30-Jun-2022,335.0,CE,0.0,0.0,0.0,39.65,21.9,0,0.0,0,0,18-APR-2022,
OPTSTK,DELTACORP,30-Jun-2022,340.0,CE,0.0,0.0,0.0,37.55,20.35,0,0.0,0,0,18-APR-2022,
OPTSTK,DELTACORP,30-Jun-2022,345.0,CE,0.0,0.0,0.0,35.55,18.9,0,0.0,0,0,18-APR-2022,
OPTSTK,DELTACORP,30-Jun-2022,350.0,CE,0.0,0.0,0.0,33.65,17.5,0,0.0,0,0,18-APR-2022,
OPTSTK,DELTACORP,30-Jun-2022,355.0,CE,0.0,0.0,0.0,31.8,16.25,0,0.0,0,0,18-APR-2022,
OPTSTK,DELTACORP,30-Jun-2022,360.0,CE,0.0,0.0,0.0,30.05,15.1,0,0.0,0,0,18-APR-2022,
OPTSTK,DELTACORP,30-Jun-2022,365.0,CE,0.0,0.0,0.0,28.4,13.95,0,0.0,0,0,18-APR-2022,
OPTSTK,DELTACORP,30-Jun-2022,370.0,CE,0.0,0.0,0.0,26.8,12.95,0,0.0,0,0,18-APR-2022,
OPTSTK,DELTACORP,30-Jun-2022,375.0,CE,0.0,0.0,0.0,25.3,11.95,0,0.0,0,0,18-APR-2022,
OPTSTK,DELTACORP,30-Jun-2022,380.0,CE,0.0,0.0,0.0,23.9,11.05,0,0.0,0,0,18-APR-2022,
OPTSTK,DELTACORP,30-Jun-2022,385.0,CE,0.0,0.0,0.0,22.55,10.2,0,0.0,0,0,18-APR-2022,
OPTSTK,DELTACORP,30-Jun-2022,390.0,CE,0.0,0.0,0.0,21.25,9.4,0,0.0,0,0,18-APR-2022,
OPTSTK,DELTACORP,30-Jun-2022,220.0,PE,0.0,0.0,0.0,3.35,3.7,0,0.0,0,0,18-APR-2022,
OPTSTK,DELTACORP,30-Jun-2022,225.0,PE,0.0,0.0,0.0,3.95,4.45,0,0.0,0,0,18-APR-2022,
OPTSTK,DELTACORP,30-Jun-2022,230.0,PE,0.0,0.0,0.0,4.6,5.25,0,0.0,0,0,18-APR-2022,
OPTSTK,DELTACORP,30-Jun-2022,235.0,PE,0.0,0.0,0.0,5.35,6.2,0,0.0,0,0,18-APR-2022,
OPTSTK,DELTACORP,30-Jun-2022,240.0,PE,0.0,0.0,0.0,6.2,7.2,0,0.0,0,0,18-APR-2022,
OPTSTK,DELTACORP,30-Jun-2022,245.0,PE,0.0,0.0,0.0,7.15,8.35,0,0.0,0,0,18-APR-2022,
OPTSTK,DELTACORP,30-Jun-2022,250.0,PE,0.0,0.0,0.0,8.15,9.65,0,0.0,0,0,18-APR-2022,
OPTSTK,DELTACORP,30-Jun-2022,255.0,PE,0.0,0.0,0.0,9.3,11.05,0,0.0,0,0,18-APR-2022,
OPTSTK,DELTACORP,30-Jun-2022,260.0,PE,0.0,0.0,0.0,10.5,12.55,0,0.0,0,0,18-APR-2022,
OPTSTK,DELTACORP,30-Jun-2022,265.0,PE,0.0,0.0,0.0,11.8,14.2,0,0.0,0,0,18-APR-2022,
OPTSTK,DELTACORP,30-Jun-2022,270.0,PE,0.0,0.0,0.0,13.25,15.95,0,0.0,0,0,18-APR-2022,
OPTSTK,DELTACORP,30-Jun-2022,275.0,PE,0.0,0.0,0.0,14.75,17.8,0,0.0,0,0,18-APR-2022,
OPTSTK,DELTACORP,30-Jun-2022,280.0,PE,0.0,0.0,0.0,16.35,19.85,0,0.0,0,0,18-APR-2022,
OPTSTK,DELTACORP,30-Jun-2022,285.0,PE,0.0,0.0,0.0,18.1,22.0,0,0.0,0,0,18-APR-2022,
OPTSTK,DELTACORP,30-Jun-2022,290.0,PE,0.0,0.0,0.0,19.9,24.25,0,0.0,0,0,18-APR-2022,
OPTSTK,DELTACORP,30-Jun-2022,295.0,PE,0.0,0.0,0.0,21.85,26.7,0,0.0,0,0,18-APR-2022,
OPTSTK,DELTACORP,30-Jun-2022,300.0,PE,0.0,0.0,0.0,23.9,29.2,0,0.0,0,0,18-APR-2022,
OPTSTK,DELTACORP,30-Jun-2022,305.0,PE,0.0,0.0,0.0,26.05,31.85,0,0.0,0,0,18-APR-2022,
OPTSTK,DELTACORP,30-Jun-2022,310.0,PE,0.0,0.0,0.0,28.3,34.6,0,0.0,0,0,18-APR-2022,
OPTSTK,DELTACORP,30-Jun-2022,315.0,PE,0.0,0.0,0.0,30.65,37.5,0,0.0,0,0,18-APR-2022,
OPTSTK,DELTACORP,30-Jun-2022,320.0,PE,0.0,0.0,0.0,33.1,40.5,0,0.0,0,0,18-APR-2022,
OPTSTK,DELTACORP,30-Jun-2022,325.0,PE,0.0,0.0,0.0,35.65,43.6,0,0.0,0,0,18-APR-2022,
OPTSTK,DELTACORP,30-Jun-2022,330.0,PE,0.0,0.0,0.0,38.3,46.85,0,0.0,0,0,18-APR-2022,
OPTSTK,DELTACORP,30-Jun-2022,335.0,PE,0.0,0.0,0.0,41.1,50.15,0,0.0,0,0,18-APR-2022,
OPTSTK,DELTACORP,30-Jun-2022,340.0,PE,0.0,0.0,0.0,43.95,53.55,0,0.0,0,0,18-APR-2022,
OPTSTK,DELTACORP,30-Jun-2022,345.0,PE,0.0,0.0,0.0,46.85,57.05,0,0.0,0,0,18-APR-2022,
OPTSTK,DELTACORP,30-Jun-2022,350.0,PE,0.0,0.0,0.0,49.9,60.65,0,0.0,0,0,18-APR-2022,
OPTSTK,DELTACORP,30-Jun-2022,355.0,PE,0.0,0.0,0.0,53.0,64.35,0,0.0,0,0,18-APR-2022,
OPTSTK,DELTACORP,30-Jun-2022,360.0,PE,0.0,0.0,0.0,56.25,68.15,0,0.0,0,0,18-APR-2022,
OPTSTK,DELTACORP,30-Jun-2022,365.0,PE,0.0,0.0,0.0,59.5,71.95,0,0.0,0,0,18-APR-2022,
OPTSTK,DELTACORP,30-Jun-2022,370.0,PE,0.0,0.0,0.0,62.9,75.9,0,0.0,0,0,18-APR-2022,
OPTSTK,DELTACORP,30-Jun-2022,375.0,PE,0.0,0.0,0.0,66.35,79.9,0,0.0,0,0,18-APR-2022,
OPTSTK,DELTACORP,30-Jun-2022,380.0,PE,0.0,0.0,0.0,69.85,83.95,0,0.0,0,0,18-APR-2022,
OPTSTK,DELTACORP,30-Jun-2022,385.0,PE,0.0,0.0,0.0,73.45,88.05,0,0.0,0,0,18-APR-2022,
OPTSTK,DELTACORP,30-Jun-2022,390.0,PE,0.0,0.0,0.0,77.1,92.2,0,0.0,0,0,18-APR-2022,
OPTSTK,DIVISLAB,28-Apr-2022,3000.0,CE,0.0,0.0,0.0,983.3,1527.9,0,0.0,0,0,18-APR-2022,
OPTSTK,DIVISLAB,28-Apr-2022,3050.0,CE,0.0,0.0,0.0,937.05,1477.95,0,0.0,0,0,18-APR-2022,
OPTSTK,DIVISLAB,28-Apr-2022,3100.0,CE,0.0,0.0,0.0,891.45,1428.0,0,0.0,0,0,18-APR-2022,
OPTSTK,DIVISLAB,28-Apr-2022,3150.0,CE,0.0,0.0,0.0,846.55,1378.05,0,0.0,0,0,18-APR-2022,
OPTSTK,DIVISLAB,28-Apr-2022,3200.0,CE,0.0,0.0,0.0,802.5,1328.1,0,0.0,0,0,18-APR-2022,
OPTSTK,DIVISLAB,28-Apr-2022,3250.0,CE,0.0,0.0,0.0,759.3,1278.2,0,0.0,0,0,18-APR-2022,
OPTSTK,DIVISLAB,28-Apr-2022,3300.0,CE,0.0,0.0,0.0,717.1,1228.25,0,0.0,0,0,18-APR-2022,
OPTSTK,DIVISLAB,28-Apr-2022,3350.0,CE,0.0,0.0,0.0,675.9,1178.3,0,0.0,0,0,18-APR-2022,
OPTSTK,DIVISLAB,28-Apr-2022,3400.0,CE,0.0,0.0,0.0,635.85,1128.35,0,0.0,0,0,18-APR-2022,
OPTSTK,DIVISLAB,28-Apr-2022,3450.0,CE,0.0,0.0,0.0,597.0,1078.4,0,0.0,0,0,18-APR-2022,
OPTSTK,DIVISLAB,28-Apr-2022,3500.0,CE,0.0,0.0,0.0,559.35,1028.45,0,0.0,0,0,18-APR-2022,
OPTSTK,DIVISLAB,28-Apr-2022,3550.0,CE,0.0,0.0,0.0,523.2,978.5,0,0.0,0,0,18-APR-2022,
OPTSTK,DIVISLAB,28-Apr-2022,3600.0,CE,0.0,0.0,0.0,488.2,928.55,0,0.0,0,0,18-APR-2022,
OPTSTK,DIVISLAB,28-Apr-2022,3650.0,CE,0.0,0.0,0.0,454.55,878.65,0,0.0,0,0,18-APR-2022,
OPTSTK,DIVISLAB,28-Apr-2022,3700.0,CE,0.0,0.0,0.0,422.45,828.7,0,0.0,0,0,18-APR-2022,
OPTSTK,DIVISLAB,28-Apr-2022,3750.0,CE,0.0,0.0,0.0,391.85,778.75,0,0.0,0,0,18-APR-2022,
OPTSTK,DIVISLAB,28-Apr-2022,3800.0,CE,0.0,0.0,0.0,362.7,728.85,0,0.0,0,0,18-APR-2022,
OPTSTK,DIVISLAB,28-Apr-2022,3850.0,CE,0.0,0.0,0.0,335.1,679.0,0,0.0,0,0,18-APR-2022,
OPTSTK,DIVISLAB,28-Apr-2022,3900.0,CE,0.0,0.0,0.0,308.9,629.25,0,0.0,0,0,18-APR-2022,
OPTSTK,DIVISLAB,28-Apr-2022,3950.0,CE,0.0,0.0,0.0,284.2,579.7,0,0.0,0,0,18-APR-2022,
OPTSTK,DIVISLAB,28-Apr-2022,4000.0,CE,552.2,554.95,552.2,554.95,530.4,3,13.65,600,100,18-APR-2022,
OPTSTK,DIVISLAB,28-Apr-2022,4050.0,CE,0.0,0.0,0.0,239.2,481.55,0,0.0,0,0,18-APR-2022,
OPTSTK,DIVISLAB,28-Apr-2022,4100.0,CE,0.0,0.0,0.0,375.15,433.35,0,0.0,200,0,18-APR-2022,
OPTSTK,DIVISLAB,28-Apr-2022,4150.0,CE,0.0,0.0,0.0,199.75,386.2,0,0.0,0,0,18-APR-2022,
OPTSTK,DIVISLAB,28-Apr-2022,4200.0,CE,369.5,369.5,332.35,332.35,340.45,3,13.63,1300,100,18-APR-2022,
OPTSTK,DIVISLAB,28-Apr-2022,4250.0,CE,0.0,0.0,0.0,165.5,296.5,0,0.0,0,0,18-APR-2022,
OPTSTK,DIVISLAB,28-Apr-2022,4300.0,CE,275.0,299.25,239.2,239.2,254.8,17,77.81,4100,-100,18-APR-2022,
OPTSTK,DIVISLAB,28-Apr-2022,4350.0,CE,222.5,222.5,222.5,222.5,215.85,2,9.14,3500,200,18-APR-2022,
OPTSTK,DIVISLAB,28-Apr-2022,4400.0,CE,156.5,219.65,142.9,175.3,175.3,299,1371.08,16000,-1800,18-APR-2022,
OPTSTK,DIVISLAB,28-Apr-2022,4450.0,CE,109.6,186.25,109.25,142.7,142.7,206,948.1,8700,-2300,18-APR-2022,
OPTSTK,DIVISLAB,28-Apr-2022,4500.0,CE,100.05,154.0,85.45,116.65,116.65,4115,19059.64,89700,-6700,18-APR-2022,
OPTSTK,DIVISLAB,28-Apr-2022,4550.0,CE,66.05,126.5,66.05,91.5,91.5,2141,9960.84,42300,11300,18-APR-2022,
OPTSTK,DIVISLAB,28-Apr-2022,4600.0,CE,56.35,102.5,51.5,70.45,70.45,4953,23196.65,89600,18000,18-APR-2022,
OPTSTK,DIVISLAB,28-Apr-2022,4650.0,CE,34.1,80.3,34.1,52.25,52.25,556,2619.79,18600,3100,18-APR-2022,
OPTSTK,DIVISLAB,28-Apr-2022,4700.0,CE,35.25,62.5,30.0,39.15,39.15,1228,5827.5,50000,5400,18-APR-2022,
OPTSTK,DIVISLAB,28-Apr-2022,4750.0,CE,27.9,47.4,24.85,28.9,28.9,428,2047.8,8900,-300,18-APR-2022,
OPTSTK,DIVISLAB,28-Apr-2022,4800.0,CE,21.05,35.95,18.1,21.0,21.0,1495,7213.91,42500,6200,18-APR-2022,
OPTSTK,DIVISLAB,28-Apr-2022,4850.0,CE,18.0,26.55,14.3,16.2,16.2,185,900.76,5000,2600,18-APR-2022,
OPTSTK,DIVISLAB,28-Apr-2022,4900.0,CE,12.45,20.0,10.25,12.25,12.25,606,2978.01,18800,-900,18-APR-2022,
OPTSTK,DIVISLAB,28-Apr-2022,4950.0,CE,12.0,15.3,7.8,9.1,9.1,492,2440.62,6600,4800,18-APR-2022,
OPTSTK,DIVISLAB,28-Apr-2022,5000.0,CE,8.7,11.6,6.4,7.85,7.85,1373,6876.87,85900,5400,18-APR-2022,
OPTSTK,DIVISLAB,28-Apr-2022,5050.0,CE,0.0,0.0,0.0,7.0,3.15,0,0.0,200,0,18-APR-2022,
OPTSTK,DIVISLAB,28-Apr-2022,5100.0,CE,5.0,6.8,3.55,4.15,4.15,304,1551.81,16800,3900,18-APR-2022,
OPTSTK,DIVISLAB,28-Apr-2022,5150.0,CE,5.0,5.2,2.75,3.1,3.1,55,283.44,2400,1800,18-APR-2022,
OPTSTK,DIVISLAB,28-Apr-2022,5200.0,CE,2.2,4.0,2.15,2.5,2.5,281,1461.99,20800,2100,18-APR-2022,
OPTSTK,DIVISLAB,28-Apr-2022,5250.0,CE,0.0,0.0,0.0,17.6,0.5,0,0.0,0,0,18-APR-2022,
OPTSTK,DIVISLAB,28-Apr-2022,5300.0,CE,2.05,2.5,0.65,1.5,1.5,54,286.29,5400,1700,18-APR-2022,
OPTSTK,DIVISLAB,28-Apr-2022,5350.0,CE,0.0,0.0,0.0,5.95,0.2,0,0.0,100,0,18-APR-2022,
OPTSTK,DIVISLAB,28-Apr-2022,5400.0,CE,0.0,0.0,0.0,12.0,0.1,0,0.0,0,0,18-APR-2022,
OPTSTK,DIVISLAB,28-Apr-2022,5450.0,CE,0.0,0.0,0.0,10.55,0.05,0,0.0,0,0,18-APR-2022,
OPTSTK,DIVISLAB,28-Apr-2022,5500.0,CE,0.15,2.0,0.15,0.9,0.05,4,22.0,3100,-100,18-APR-2022,
OPTSTK,DIVISLAB,28-Apr-2022,5550.0,CE,0.0,0.0,0.0,8.1,0.05,0,0.0,0,0,18-APR-2022,
OPTSTK,DIVISLAB,28-Apr-2022,5600.0,CE,0.0,0.0,0.0,7.1,0.05,0,0.0,0,0,18-APR-2022,
OPTSTK,DIVISLAB,28-Apr-2022,5650.0,CE,0.0,0.0,0.0,6.2,0.0,0,0.0,0,0,18-APR-2022,
OPTSTK,DIVISLAB,28-Apr-2022,5700.0,CE,0.0,0.0,0.0,5.4,0.0,0,0.0,0,0,18-APR-2022,
OPTSTK,DIVISLAB,28-Apr-2022,5750.0,CE,0.0,0.0,0.0,4.7,0.0,0,0.0,0,0,18-APR-2022,
OPTSTK,DIVISLAB,28-Apr-2022,5800.0,CE,0.0,0.0,0.0,4.1,0.0,0,0.0,0,0,18-APR-2022,
OPTSTK,DIVISLAB,28-Apr-2022,5850.0,CE,0.0,0.0,0.0,3.6,0.0,0,0.0,0,0,18-APR-2022,
OPTSTK,DIVISLAB,28-Apr-2022,3000.0,PE,0.0,0.0,0.0,12.2,0.0,0,0.0,0,0,18-APR-2022,
OPTSTK,DIVISLAB,28-Apr-2022,3050.0,PE,0.0,0.0,0.0,15.45,0.0,0,0.0,0,0,18-APR-2022,
OPTSTK,DIVISLAB,28-Apr-2022,3100.0,PE,0.0,0.0,0.0,19.3,0.0,0,0.0,0,0,18-APR-2022,
OPTSTK,DIVISLAB,28-Apr-2022,3150.0,PE,0.0,0.0,0.0,23.9,0.0,0,0.0,0,0,18-APR-2022,
OPTSTK,DIVISLAB,28-Apr-2022,3200.0,PE,0.0,0.0,0.0,29.3,0.0,0,0.0,0,0,18-APR-2022,
OPTSTK,DIVISLAB,28-Apr-2022,3250.0,PE,0.0,0.0,0.0,35.6,0.0,0,0.0,0,0,18-APR-2022,
OPTSTK,DIVISLAB,28-Apr-2022,3300.0,PE,0.0,0.0,0.0,42.85,0.0,0,0.0,0,0,18-APR-2022,
OPTSTK,DIVISLAB,28-Apr-2022,3350.0,PE,0.0,0.0,0.0,51.15,0.0,0,0.0,0,0,18-APR-2022,
OPTSTK,DIVISLAB,28-Apr-2022,3400.0,PE,0.0,0.0,0.0,60.6,0.0,0,0.0,0,0,18-APR-2022,
OPTSTK,DIVISLAB,28-Apr-2022,3450.0,PE,0.0,0.0,0.0,71.2,0.0,0,0.0,0,0,18-APR-2022,
OPTSTK,DIVISLAB,28-Apr-2022,3500.0,PE,0.0,0.0,0.0,17.7,0.0,0,0.0,300,0,18-APR-2022,
OPTSTK,DIVISLAB,28-Apr-2022,3550.0,PE,0.0,0.0,0.0,96.35,0.0,0,0.0,0,0,18-APR-2022,
OPTSTK,DIVISLAB,28-Apr-2022,3600.0,PE,0.0,0.0,0.0,110.85,0.0,0,0.0,0,0,18-APR-2022,
OPTSTK,DIVISLAB,28-Apr-2022,3650.0,PE,0.0,0.0,0.0,126.65,0.0,0,0.0,0,0,18-APR-2022,
OPTSTK,DIVISLAB,28-Apr-2022,3700.0,PE,0.3,0.3,0.3,0.3,0.05,3,11.1,1700,-300,18-APR-2022,
OPTSTK,DIVISLAB,28-Apr-2022,3750.0,PE,0.1,0.1,0.1,0.1,0.1,1,3.75,700,0,18-APR-2022,
OPTSTK,DIVISLAB,28-Apr-2022,3800.0,PE,0.0,0.0,0.0,1.95,0.1,0,0.0,3100,0,18-APR-2022,
OPTSTK,DIVISLAB,28-Apr-2022,3850.0,PE,0.0,0.0,0.0,205.1,0.2,0,0.0,0,0,18-APR-2022,
OPTSTK,DIVISLAB,28-Apr-2022,3900.0,PE,2.5,2.5,1.35,1.9,0.4,55,214.59,5900,-500,18-APR-2022,
OPTSTK,DIVISLAB,28-Apr-2022,3950.0,PE,4.0,4.0,3.8,3.8,0.75,12,47.44,900,-500,18-APR-2022,
OPTSTK,DIVISLAB,28-Apr-2022,4000.0,PE,5.75,5.75,2.6,3.4,3.4,461,1845.53,35700,0,18-APR-2022,
OPTSTK,DIVISLAB,28-Apr-2022,4050.0,PE,0.0,0.0,0.0,13.85,2.45,0,0.0,1400,0,18-APR-2022,
OPTSTK,DIVISLAB,28-Apr-2022,4100.0,PE,10.35,11.65,4.75,6.4,6.4,306,1256.6,21500,-1400,18-APR-2022,
OPTSTK,DIVISLAB,28-Apr-2022,4150.0,PE,13.9,13.9,6.45,8.55,8.55,193,802.5,7000,800,18-APR-2022,
OPTSTK,DIVISLAB,28-Apr-2022,4200.0,PE,18.3,18.3,8.75,12.35,12.35,568,2392.39,24600,-3000,18-APR-2022,
OPTSTK,DIVISLAB,28-Apr-2022,4250.0,PE,25.65,25.65,12.45,16.95,16.95,357,1523.2,5400,2300,18-APR-2022,
OPTSTK,DIVISLAB,28-Apr-2022,4300.0,PE,42.05,42.05,17.5,23.4,23.4,783,3385.11,32900,-800,18-APR-2022,
OPTSTK,DIVISLAB,28-Apr-2022,4350.0,PE,47.7,47.7,25.95,33.25,33.25,417,1827.17,10500,2600,18-APR-2022,
OPTSTK,DIVISLAB,28-Apr-2022,4400.0,PE,62.35,63.85,36.95,46.4,46.4,581,2582.2,30200,4800,18-APR-2022,
OPTSTK,DIVISLAB,28-Apr-2022,4450.0,PE,93.0,93.0,52.65,62.25,62.25,299,1349.13,9600,1400,18-APR-2022,
OPTSTK,DIVISLAB,28-Apr-2022,4500.0,PE,110.95,121.0,71.0,83.9,83.9,1393,6382.66,23700,1400,18-APR-2022,
OPTSTK,DIVISLAB,28-Apr-2022,4550.0,PE,106.5,122.35,94.45,110.45,110.45,462,2150.93,7900,3700,18-APR-2022,
OPTSTK,DIVISLAB,28-Apr-2022,4600.0,PE,136.6,152.9,118.0,142.85,142.85,188,889.5,10700,-900,18-APR-2022,
OPTSTK,DIVISLAB,28-Apr-2022,4650.0,PE,0.0,0.0,0.0,734.55,176.25,0,0.0,0,0,18-APR-2022,
OPTSTK,DIVISLAB,28-Apr-2022,4700.0,PE,216.85,216.85,216.85,216.85,216.85,1,4.91,1200,100,18-APR-2022,
OPTSTK,DIVISLAB,28-Apr-2022,4750.0,PE,0.0,0.0,0.0,819.0,250.95,0,0.0,0,0,18-APR-2022,
OPTSTK,DIVISLAB,28-Apr-2022,4800.0,PE,0.0,0.0,0.0,336.3,292.25,0,0.0,400,0,18-APR-2022,
OPTSTK,DIVISLAB,28-Apr-2022,4850.0,PE,0.0,0.0,0.0,906.05,335.65,0,0.0,0,0,18-APR-2022,
OPTSTK,DIVISLAB,28-Apr-2022,4900.0,PE,0.0,0.0,0.0,950.45,380.8,0,0.0,0,0,18-APR-2022,
OPTSTK,DIVISLAB,28-Apr-2022,4950.0,PE,0.0,0.0,0.0,995.35,427.25,0,0.0,0,0,18-APR-2022,
OPTSTK,DIVISLAB,28-Apr-2022,5000.0,PE,0.0,0.0,0.0,620.05,474.75,0,0.0,700,0,18-APR-2022,
OPTSTK,DIVISLAB,28-Apr-2022,5050.0,PE,0.0,0.0,0.0,1086.45,523.0,0,0.0,0,0,18-APR-2022,
OPTSTK,DIVISLAB,28-Apr-2022,5100.0,PE,0.0,0.0,0.0,600.0,571.8,0,0.0,0,0,18-APR-2022,
OPTSTK,DIVISLAB,28-Apr-2022,5150.0,PE,0.0,0.0,0.0,1179.15,621.0,0,0.0,0,0,18-APR-2022,
OPTSTK,DIVISLAB,28-Apr-2022,5200.0,PE,0.0,0.0,0.0,762.0,670.45,0,0.0,100,0,18-APR-2022,
OPTSTK,DIVISLAB,28-Apr-2022,5250.0,PE,0.0,0.0,0.0,1273.1,720.1,0,0.0,0,0,18-APR-2022,
OPTSTK,DIVISLAB,28-Apr-2022,5300.0,PE,0.0,0.0,0.0,1320.45,769.85,0,0.0,0,0,18-APR-2022,
OPTSTK,DIVISLAB,28-Apr-2022,5350.0,PE,0.0,0.0,0.0,892.0,819.65,0,0.0,100,0,18-APR-2022,
OPTSTK,DIVISLAB,28-Apr-2022,5400.0,PE,0.0,0.0,0.0,1415.9,869.55,0,0.0,0,0,18-APR-2022,
OPTSTK,DIVISLAB,28-Apr-2022,5450.0,PE,0.0,0.0,0.0,1463.9,919.45,0,0.0,0,0,18-APR-2022,
OPTSTK,DIVISLAB,28-Apr-2022,5500.0,PE,0.0,0.0,0.0,1512.1,969.35,0,0.0,0,0,18-APR-2022,
OPTSTK,DIVISLAB,28-Apr-2022,5550.0,PE,0.0,0.0,0.0,1560.45,1019.3,0,0.0,0,0,18-APR-2022,
OPTSTK,DIVISLAB,28-Apr-2022,5600.0,PE,0.0,0.0,0.0,1608.9,1069.25,0,0.0,0,0,18-APR-2022,
OPTSTK,DIVISLAB,28-Apr-2022,5650.0,PE,0.0,0.0,0.0,1657.5,1119.15,0,0.0,0,0,18-APR-2022,
OPTSTK,DIVISLAB,28-Apr-2022,5700.0,PE,0.0,0.0,0.0,1706.2,1169.1,0,0.0,0,0,18-APR-2022,
OPTSTK,DIVISLAB,28-Apr-2022,5750.0,PE,0.0,0.0,0.0,1754.95,1219.05,0,0.0,0,0,18-APR-2022,
OPTSTK,DIVISLAB,28-Apr-2022,5800.0,PE,0.0,0.0,0.0,1803.85,1269.0,0,0.0,0,0,18-APR-2022,
OPTSTK,DIVISLAB,28-Apr-2022,5850.0,PE,0.0,0.0,0.0,1852.8,1318.95,0,0.0,0,0,18-APR-2022,
OPTSTK,DIVISLAB,26-May-2022,3000.0,CE,0.0,0.0,0.0,979.9,1537.8,0,0.0,0,0,18-APR-2022,
OPTSTK,DIVISLAB,26-May-2022,3050.0,CE,0.0,0.0,0.0,933.6,1488.0,0,0.0,0,0,18-APR-2022,
OPTSTK,DIVISLAB,26-May-2022,3100.0,CE,0.0,0.0,0.0,887.95,1438.25,0,0.0,0,0,18-APR-2022,
OPTSTK,DIVISLAB,26-May-2022,3150.0,CE,0.0,0.0,0.0,843.0,1388.5,0,0.0,0,0,18-APR-2022,
OPTSTK,DIVISLAB,26-May-2022,3200.0,CE,0.0,0.0,0.0,798.85,1338.75,0,0.0,0,0,18-APR-2022,
OPTSTK,DIVISLAB,26-May-2022,3250.0,CE,0.0,0.0,0.0,755.6,1289.05,0,0.0,0,0,18-APR-2022,
OPTSTK,DIVISLAB,26-May-2022,3300.0,CE,0.0,0.0,0.0,713.35,1239.35,0,0.0,0,0,18-APR-2022,
OPTSTK,DIVISLAB,26-May-2022,3350.0,CE,0.0,0.0,0.0,672.1,1189.75,0,0.0,0,0,18-APR-2022,
OPTSTK,DIVISLAB,26-May-2022,3400.0,CE,0.0,0.0,0.0,632.0,1140.2,0,0.0,0,0,18-APR-2022,
OPTSTK,DIVISLAB,26-May-2022,3450.0,CE,0.0,0.0,0.0,593.1,1090.8,0,0.0,0,0,18-APR-2022,
OPTSTK,DIVISLAB,26-May-2022,3500.0,CE,0.0,0.0,0.0,555.45,1041.5,0,0.0,0,0,18-APR-2022,
OPTSTK,DIVISLAB,26-May-2022,3550.0,CE,0.0,0.0,0.0,519.25,992.4,0,0.0,0,0,18-APR-2022,
OPTSTK,DIVISLAB,26-May-2022,3600.0,CE,0.0,0.0,0.0,484.25,943.55,0,0.0,0,0,18-APR-2022,
OPTSTK,DIVISLAB,26-May-2022,3650.0,CE,0.0,0.0,0.0,450.55,895.05,0,0.0,0,0,18-APR-2022,
OPTSTK,DIVISLAB,26-May-2022,3700.0,CE,0.0,0.0,0.0,418.5,846.95,0,0.0,0,0,18-APR-2022,
OPTSTK,DIVISLAB,26-May-2022,3750.0,CE,0.0,0.0,0.0,387.9,799.3,0,0.0,0,0,18-APR-2022,
OPTSTK,DIVISLAB,26-May-2022,3800.0,CE,0.0,0.0,0.0,358.8,752.3,0,0.0,0,0,18-APR-2022,
OPTSTK,DIVISLAB,26-May-2022,3850.0,CE,0.0,0.0,0.0,331.2,706.0,0,0.0,0,0,18-APR-2022,
OPTSTK,DIVISLAB,26-May-2022,3900.0,CE,0.0,0.0,0.0,305.1,660.55,0,0.0,0,0,18-APR-2022,
OPTSTK,DIVISLAB,26-May-2022,3950.0,CE,0.0,0.0,0.0,280.45,616.05,0,0.0,0,0,18-APR-2022,
OPTSTK,DIVISLAB,26-May-2022,4000.0,CE,0.0,0.0,0.0,257.3,572.65,0,0.0,0,0,18-APR-2022,
OPTSTK,DIVISLAB,26-May-2022,4050.0,CE,0.0,0.0,0.0,235.55,530.5,0,0.0,0,0,18-APR-2022,
OPTSTK,DIVISLAB,26-May-2022,4100.0,CE,0.0,0.0,0.0,215.25,489.7,0,0.0,0,0,18-APR-2022,
OPTSTK,DIVISLAB,26-May-2022,4150.0,CE,0.0,0.0,0.0,196.3,450.4,0,0.0,0,0,18-APR-2022,
OPTSTK,DIVISLAB,26-May-2022,4200.0,CE,0.0,0.0,0.0,178.7,412.8,0,0.0,0,0,18-APR-2022,
OPTSTK,DIVISLAB,26-May-2022,4250.0,CE,0.0,0.0,0.0,162.35,376.55,0,0.0,0,0,18-APR-2022,
OPTSTK,DIVISLAB,26-May-2022,4300.0,CE,0.0,0.0,0.0,147.2,342.35,0,0.0,0,0,18-APR-2022,
OPTSTK,DIVISLAB,26-May-2022,4350.0,CE,0.0,0.0,0.0,133.2,310.0,0,0.0,0,0,18-APR-2022,
OPTSTK,DIVISLAB,26-May-2022,4400.0,CE,0.0,0.0,0.0,120.55,279.6,0,0.0,0,0,18-APR-2022,
OPTSTK,DIVISLAB,26-May-2022,4450.0,CE,0.0,0.0,0.0,108.75,251.1,0,0.0,0,0,18-APR-2022,
OPTSTK,DIVISLAB,26-May-2022,4500.0,CE,200.0,267.1,200.0,222.7,222.7,173,820.53,12400,11200,18-APR-2022,
OPTSTK,DIVISLAB,26-May-2022,4550.0,CE,0.0,0.0,0.0,87.95,200.05,0,0.0,0,0,18-APR-2022,
OPTSTK,DIVISLAB,26-May-2022,4600.0,CE,220.0,280.55,136.5,190.0,177.45,16,76.74,500,500,18-APR-2022,
OPTSTK,DIVISLAB,26-May-2022,4650.0,CE,0.0,0.0,0.0,70.7,156.75,0,0.0,0,0,18-APR-2022,
OPTSTK,DIVISLAB,26-May-2022,4700.0,CE,109.0,165.0,109.0,135.0,137.9,32,155.08,3800,600,18-APR-2022,
OPTSTK,DIVISLAB,26-May-2022,4750.0,CE,0.0,0.0,0.0,56.45,120.8,0,0.0,0,0,18-APR-2022,
OPTSTK,DIVISLAB,26-May-2022,4800.0,CE,112.0,128.15,95.75,95.75,95.75,8,39.28,900,700,18-APR-2022,
OPTSTK,DIVISLAB,26-May-2022,4850.0,CE,85.55,85.55,85.55,85.55,91.5,1,4.93,100,100,18-APR-2022,
OPTSTK,DIVISLAB,26-May-2022,4900.0,CE,0.0,0.0,0.0,39.85,79.45,0,0.0,0,0,18-APR-2022,
OPTSTK,DIVISLAB,26-May-2022,4950.0,CE,0.0,0.0,0.0,35.35,68.3,0,0.0,0,0,18-APR-2022,
OPTSTK,DIVISLAB,26-May-2022,5000.0,CE,50.0,75.0,45.25,61.0,61.0,30,151.84,2700,2200,18-APR-2022,
OPTSTK,DIVISLAB,26-May-2022,5050.0,CE,0.0,0.0,0.0,27.7,50.15,0,0.0,0,0,18-APR-2022,
OPTSTK,DIVISLAB,26-May-2022,5100.0,CE,0.0,0.0,0.0,24.5,42.7,0,0.0,0,0,18-APR-2022,
OPTSTK,DIVISLAB,26-May-2022,5150.0,CE,0.0,0.0,0.0,21.6,36.25,0,0.0,0,0,18-APR-2022,
OPTSTK,DIVISLAB,26-May-2022,5200.0,CE,45.0,45.0,45.0,45.0,30.6,1,5.24,100,100,18-APR-2022,
OPTSTK,DIVISLAB,26-May-2022,5250.0,CE,0.0,0.0,0.0,16.8,25.75,0,0.0,0,0,18-APR-2022,
OPTSTK,DIVISLAB,26-May-2022,5300.0,CE,27.0,30.0,27.0,30.0,21.6,6,31.96,600,600,18-APR-2022,
OPTSTK,DIVISLAB,26-May-2022,5350.0,CE,0.0,0.0,0.0,12.95,18.05,0,0.0,0,0,18-APR-2022,
OPTSTK,DIVISLAB,26-May-2022,5400.0,CE,0.0,0.0,0.0,11.35,15.05,0,0.0,0,0,18-APR-2022,
OPTSTK,DIVISLAB,26-May-2022,5450.0,CE,0.0,0.0,0.0,9.95,12.45,0,0.0,0,0,18-APR-2022,
OPTSTK,DIVISLAB,26-May-2022,5500.0,CE,0.0,0.0,0.0,8.7,10.3,0,0.0,0,0,18-APR-2022,
OPTSTK,DIVISLAB,26-May-2022,5550.0,CE,0.0,0.0,0.0,7.6,8.5,0,0.0,0,0,18-APR-2022,
OPTSTK,DIVISLAB,26-May-2022,5600.0,CE,0.0,0.0,0.0,6.65,6.95,0,0.0,0,0,18-APR-2022,
OPTSTK,DIVISLAB,26-May-2022,5650.0,CE,0.0,0.0,0.0,5.8,5.7,0,0.0,0,0,18-APR-2022,
OPTSTK,DIVISLAB,26-May-2022,5700.0,CE,0.0,0.0,0.0,5.05,4.65,0,0.0,0,0,18-APR-2022,
OPTSTK,DIVISLAB,26-May-2022,5750.0,CE,0.0,0.0,0.0,4.4,3.8,0,0.0,0,0,18-APR-2022,
OPTSTK,DIVISLAB,26-May-2022,5800.0,CE,0.0,0.0,0.0,3.85,3.05,0,0.0,0,0,18-APR-2022,
OPTSTK,DIVISLAB,26-May-2022,5850.0,CE,0.0,0.0,0.0,3.35,2.5,0,0.0,0,0,18-APR-2022,
OPTSTK,DIVISLAB,26-May-2022,3000.0,PE,0.0,0.0,0.0,11.85,0.05,0,0.0,0,0,18-APR-2022,
OPTSTK,DIVISLAB,26-May-2022,3050.0,PE,0.0,0.0,0.0,15.05,0.05,0,0.0,0,0,18-APR-2022,
OPTSTK,DIVISLAB,26-May-2022,3100.0,PE,0.0,0.0,0.0,18.85,0.05,0,0.0,0,0,18-APR-2022,
OPTSTK,DIVISLAB,26-May-2022,3150.0,PE,0.0,0.0,0.0,23.4,0.1,0,0.0,0,0,18-APR-2022,
OPTSTK,DIVISLAB,26-May-2022,3200.0,PE,0.0,0.0,0.0,28.7,0.1,0,0.0,0,0,18-APR-2022,
OPTSTK,DIVISLAB,26-May-2022,3250.0,PE,0.0,0.0,0.0,34.95,0.2,0,0.0,0,0,18-APR-2022,
OPTSTK,DIVISLAB,26-May-2022,3300.0,PE,0.0,0.0,0.0,42.15,0.3,0,0.0,0,0,18-APR-2022,
OPTSTK,DIVISLAB,26-May-2022,3350.0,PE,0.0,0.0,0.0,50.4,0.45,0,0.0,0,0,18-APR-2022,
OPTSTK,DIVISLAB,26-May-2022,3400.0,PE,0.0,0.0,0.0,59.75,0.7,0,0.0,0,0,18-APR-2022,
OPTSTK,DIVISLAB,26-May-2022,3450.0,PE,0.0,0.0,0.0,70.35,1.05,0,0.0,0,0,18-APR-2022,
OPTSTK,DIVISLAB,26-May-2022,3500.0,PE,0.0,0.0,0.0,82.15,1.55,0,0.0,0,0,18-APR-2022,
OPTSTK,DIVISLAB,26-May-2022,3550.0,PE,0.0,0.0,0.0,95.4,2.25,0,0.0,0,0,18-APR-2022,
OPTSTK,DIVISLAB,26-May-2022,3600.0,PE,0.0,0.0,0.0,109.9,3.15,0,0.0,0,0,18-APR-2022,
OPTSTK,DIVISLAB,26-May-2022,3650.0,PE,0.0,0.0,0.0,125.7,4.45,0,0.0,0,0,18-APR-2022,
OPTSTK,DIVISLAB,26-May-2022,3700.0,PE,0.0,0.0,0.0,143.1,6.1,0,0.0,0,0,18-APR-2022,
OPTSTK,DIVISLAB,26-May-2022,3750.0,PE,0.0,0.0,0.0,162.0,8.25,0,0.0,0,0,18-APR-2022,
OPTSTK,DIVISLAB,26-May-2022,3800.0,PE,0.0,0.0,0.0,182.35,11.05,0,0.0,0,0,18-APR-2022,
OPTSTK,DIVISLAB,26-May-2022,3850.0,PE,0.0,0.0,0.0,204.25,14.5,0,0.0,0,0,18-APR-2022,
OPTSTK,DIVISLAB,26-May-2022,3900.0,PE,0.0,0.0,0.0,227.6,18.85,0,0.0,0,0,18-APR-2022,
OPTSTK,DIVISLAB,26-May-2022,3950.0,PE,0.0,0.0,0.0,252.45,24.15,0,0.0,0,0,18-APR-2022,
OPTSTK,DIVISLAB,26-May-2022,4000.0,PE,34.95,35.05,29.75,35.05,30.5,14,56.46,3400,0,18-APR-2022,
OPTSTK,DIVISLAB,26-May-2022,4050.0,PE,0.0,0.0,0.0,306.55,38.15,0,0.0,0,0,18-APR-2022,
OPTSTK,DIVISLAB,26-May-2022,4100.0,PE,0.0,0.0,0.0,60.0,47.1,0,0.0,500,0,18-APR-2022,
OPTSTK,DIVISLAB,26-May-2022,4150.0,PE,0.0,0.0,0.0,366.25,57.55,0,0.0,0,0,18-APR-2022,
OPTSTK,DIVISLAB,26-May-2022,4200.0,PE,60.0,65.0,59.0,65.0,65.0,5,21.3,3600,200,18-APR-2022,
OPTSTK,DIVISLAB,26-May-2022,4250.0,PE,0.0,0.0,0.0,431.2,83.3,0,0.0,0,0,18-APR-2022,
OPTSTK,DIVISLAB,26-May-2022,4300.0,PE,85.0,100.0,85.0,90.0,98.85,19,83.41,2700,1000,18-APR-2022,
OPTSTK,DIVISLAB,26-May-2022,4350.0,PE,0.0,0.0,0.0,501.05,116.3,0,0.0,0,0,18-APR-2022,
OPTSTK,DIVISLAB,26-May-2022,4400.0,PE,114.95,132.7,114.95,129.3,135.65,25,113.1,2600,2000,18-APR-2022,
OPTSTK,DIVISLAB,26-May-2022,4450.0,PE,0.0,0.0,0.0,575.55,156.95,0,0.0,0,0,18-APR-2022,
OPTSTK,DIVISLAB,26-May-2022,4500.0,PE,0.0,0.0,0.0,614.25,180.25,0,0.0,0,0,18-APR-2022,
OPTSTK,DIVISLAB,26-May-2022,4550.0,PE,0.0,0.0,0.0,653.65,205.45,0,0.0,0,0,18-APR-2022,
OPTSTK,DIVISLAB,26-May-2022,4600.0,PE,0.0,0.0,0.0,694.1,232.65,0,0.0,0,0,18-APR-2022,
OPTSTK,DIVISLAB,26-May-2022,4650.0,PE,0.0,0.0,0.0,735.4,261.7,0,0.0,0,0,18-APR-2022,
OPTSTK,DIVISLAB,26-May-2022,4700.0,PE,0.0,0.0,0.0,777.4,292.65,0,0.0,0,0,18-APR-2022,
OPTSTK,DIVISLAB,26-May-2022,4750.0,PE,0.0,0.0,0.0,820.1,325.3,0,0.0,0,0,18-APR-2022,
OPTSTK,DIVISLAB,26-May-2022,4800.0,PE,0.0,0.0,0.0,863.45,359.65,0,0.0,0,0,18-APR-2022,
OPTSTK,DIVISLAB,26-May-2022,4850.0,PE,0.0,0.0,0.0,907.4,395.6,0,0.0,0,0,18-APR-2022,
OPTSTK,DIVISLAB,26-May-2022,4900.0,PE,0.0,0.0,0.0,951.9,433.3,0,0.0,0,0,18-APR-2022,
OPTSTK,DIVISLAB,26-May-2022,4950.0,PE,0.0,0.0,0.0,899.85,471.95,0,0.0,0,0,18-APR-2022,
OPTSTK,DIVISLAB,26-May-2022,5000.0,PE,0.0,0.0,0.0,1042.35,512.1,0,0.0,0,0,18-APR-2022,
OPTSTK,DIVISLAB,26-May-2022,5050.0,PE,0.0,0.0,0.0,565.0,553.35,0,0.0,0,0,18-APR-2022,
OPTSTK,DIVISLAB,26-May-2022,5100.0,PE,0.0,0.0,0.0,1134.45,595.7,0,0.0,0,0,18-APR-2022,
OPTSTK,DIVISLAB,26-May-2022,5150.0,PE,0.0,0.0,0.0,1181.05,639.0,0,0.0,0,0,18-APR-2022,
OPTSTK,DIVISLAB,26-May-2022,5200.0,PE,0.0,0.0,0.0,1228.0,683.15,0,0.0,0,0,18-APR-2022,
OPTSTK,DIVISLAB,26-May-2022,5250.0,PE,0.0,0.0,0.0,1275.2,728.1,0,0.0,0,0,18-APR-2022,
OPTSTK,DIVISLAB,26-May-2022,5300.0,PE,0.0,0.0,0.0,1322.65,773.7,0,0.0,0,0,18-APR-2022,
OPTSTK,DIVISLAB,26-May-2022,5350.0,PE,0.0,0.0,0.0,1370.3,819.95,0,0.0,0,0,18-APR-2022,
OPTSTK,DIVISLAB,26-May-2022,5400.0,PE,0.0,0.0,0.0,1418.2,866.7,0,0.0,0,0,18-APR-2022,
OPTSTK,DIVISLAB,26-May-2022,5450.0,PE,0.0,0.0,0.0,1466.25,913.9,0,0.0,0,0,18-APR-2022,
OPTSTK,DIVISLAB,26-May-2022,5500.0,PE,0.0,0.0,0.0,1514.5,961.5,0,0.0,0,0,18-APR-2022,
OPTSTK,DIVISLAB,26-May-2022,5550.0,PE,0.0,0.0,0.0,1562.9,1009.5,0,0.0,0,0,18-APR-2022,
OPTSTK,DIVISLAB,26-May-2022,5600.0,PE,0.0,0.0,0.0,1611.4,1057.75,0,0.0,0,0,18-APR-2022,
OPTSTK,DIVISLAB,26-May-2022,5650.0,PE,0.0,0.0,0.0,1660.0,1106.25,0,0.0,0,0,18-APR-2022,
OPTSTK,DIVISLAB,26-May-2022,5700.0,PE,0.0,0.0,0.0,1708.75,1155.0,0,0.0,0,0,18-APR-2022,
OPTSTK,DIVISLAB,26-May-2022,5750.0,PE,0.0,0.0,0.0,1757.55,1203.9,0,0.0,0,0,18-APR-2022,
OPTSTK,DIVISLAB,26-May-2022,5800.0,PE,0.0,0.0,0.0,1806.5,1252.95,0,0.0,0,0,18-APR-2022,
OPTSTK,DIVISLAB,26-May-2022,5850.0,PE,0.0,0.0,0.0,1855.45,1302.15,0,0.0,0,0,18-APR-2022,
OPTSTK,DIVISLAB,30-Jun-2022,3000.0,CE,0.0,0.0,0.0,1436.35,1550.55,0,0.0,0,0,18-APR-2022,
OPTSTK,DIVISLAB,30-Jun-2022,3050.0,CE,0.0,0.0,0.0,1387.75,1501.2,0,0.0,0,0,18-APR-2022,
OPTSTK,DIVISLAB,30-Jun-2022,3100.0,CE,0.0,0.0,0.0,1339.35,1452.0,0,0.0,0,0,18-APR-2022,
OPTSTK,DIVISLAB,30-Jun-2022,3150.0,CE,0.0,0.0,0.0,1291.2,1402.85,0,0.0,0,0,18-APR-2022,
OPTSTK,DIVISLAB,30-Jun-2022,3200.0,CE,0.0,0.0,0.0,1243.4,1353.9,0,0.0,0,0,18-APR-2022,
OPTSTK,DIVISLAB,30-Jun-2022,3250.0,CE,0.0,0.0,0.0,1195.95,1305.1,0,0.0,0,0,18-APR-2022,
OPTSTK,DIVISLAB,30-Jun-2022,3300.0,CE,0.0,0.0,0.0,1148.9,1256.55,0,0.0,0,0,18-APR-2022,
OPTSTK,DIVISLAB,30-Jun-2022,3350.0,CE,0.0,0.0,0.0,1102.3,1208.2,0,0.0,0,0,18-APR-2022,
OPTSTK,DIVISLAB,30-Jun-2022,3400.0,CE,0.0,0.0,0.0,1056.25,1160.2,0,0.0,0,0,18-APR-2022,
OPTSTK,DIVISLAB,30-Jun-2022,3450.0,CE,0.0,0.0,0.0,1010.75,1112.55,0,0.0,0,0,18-APR-2022,
OPTSTK,DIVISLAB,30-Jun-2022,3500.0,CE,0.0,0.0,0.0,965.9,1065.35,0,0.0,0,0,18-APR-2022,
OPTSTK,DIVISLAB,30-Jun-2022,3550.0,CE,0.0,0.0,0.0,921.75,1018.6,0,0.0,0,0,18-APR-2022,
OPTSTK,DIVISLAB,30-Jun-2022,3600.0,CE,0.0,0.0,0.0,878.4,972.45,0,0.0,0,0,18-APR-2022,
OPTSTK,DIVISLAB,30-Jun-2022,3650.0,CE,0.0,0.0,0.0,835.9,926.85,0,0.0,0,0,18-APR-2022,
OPTSTK,DIVISLAB,30-Jun-2022,3700.0,CE,0.0,0.0,0.0,794.25,882.0,0,0.0,0,0,18-APR-2022,
OPTSTK,DIVISLAB,30-Jun-2022,3750.0,CE,0.0,0.0,0.0,753.6,837.9,0,0.0,0,0,18-APR-2022,
OPTSTK,DIVISLAB,30-Jun-2022,3800.0,CE,0.0,0.0,0.0,713.9,794.65,0,0.0,0,0,18-APR-2022,
OPTSTK,DIVISLAB,30-Jun-2022,3850.0,CE,0.0,0.0,0.0,675.3,752.3,0,0.0,0,0,18-APR-2022,
OPTSTK,DIVISLAB,30-Jun-2022,3900.0,CE,0.0,0.0,0.0,637.95,710.95,0,0.0,0,0,18-APR-2022,
OPTSTK,DIVISLAB,30-Jun-2022,3950.0,CE,0.0,0.0,0.0,601.6,670.6,0,0.0,0,0,18-APR-2022,
OPTSTK,DIVISLAB,30-Jun-2022,4000.0,CE,0.0,0.0,0.0,566.4,631.4,0,0.0,0,0,18-APR-2022,
OPTSTK,DIVISLAB,30-Jun-2022,4050.0,CE,0.0,0.0,0.0,532.3,593.4,0,0.0,0,0,18-APR-2022,
OPTSTK,DIVISLAB,30-Jun-2022,4100.0,CE,0.0,0.0,0.0,499.65,556.75,0,0.0,0,0,18-APR-2022,
OPTSTK,DIVISLAB,30-Jun-2022,4150.0,CE,0.0,0.0,0.0,468.25,521.2,0,0.0,0,0,18-APR-2022,
OPTSTK,DIVISLAB,30-Jun-2022,4200.0,CE,0.0,0.0,0.0,438.15,486.85,0,0.0,0,0,18-APR-2022,
OPTSTK,DIVISLAB,30-Jun-2022,4250.0,CE,0.0,0.0,0.0,409.4,454.05,0,0.0,0,0,18-APR-2022,
OPTSTK,DIVISLAB,30-Jun-2022,4300.0,CE,0.0,0.0,0.0,381.9,422.65,0,0.0,0,0,18-APR-2022,
OPTSTK,DIVISLAB,30-Jun-2022,4350.0,CE,0.0,0.0,0.0,355.7,392.65,0,0.0,0,0,18-APR-2022,
OPTSTK,DIVISLAB,30-Jun-2022,4400.0,CE,0.0,0.0,0.0,330.8,364.1,0,0.0,0,0,18-APR-2022,
OPTSTK,DIVISLAB,30-Jun-2022,4450.0,CE,0.0,0.0,0.0,307.2,336.95,0,0.0,0,0,18-APR-2022,
OPTSTK,DIVISLAB,30-Jun-2022,4500.0,CE,0.0,0.0,0.0,284.85,311.2,0,0.0,0,0,18-APR-2022,
OPTSTK,DIVISLAB,30-Jun-2022,4550.0,CE,0.0,0.0,0.0,263.75,286.85,0,0.0,0,0,18-APR-2022,
OPTSTK,DIVISLAB,30-Jun-2022,4600.0,CE,0.0,0.0,0.0,243.85,263.95,0,0.0,0,0,18-APR-2022,
OPTSTK,DIVISLAB,30-Jun-2022,4650.0,CE,0.0,0.0,0.0,225.1,242.4,0,0.0,0,0,18-APR-2022,
OPTSTK,DIVISLAB,30-Jun-2022,4700.0,CE,0.0,0.0,0.0,207.5,222.2,0,0.0,0,0,18-APR-2022,
OPTSTK,DIVISLAB,30-Jun-2022,4750.0,CE,0.0,0.0,0.0,191.0,203.25,0,0.0,0,0,18-APR-2022,
OPTSTK,DIVISLAB,30-Jun-2022,4800.0,CE,0.0,0.0,0.0,175.6,185.6,0,0.0,0,0,18-APR-2022,
OPTSTK,DIVISLAB,30-Jun-2022,4850.0,CE,0.0,0.0,0.0,161.2,169.2,0,0.0,0,0,18-APR-2022,
OPTSTK,DIVISLAB,30-Jun-2022,4900.0,CE,0.0,0.0,0.0,147.75,153.95,0,0.0,0,0,18-APR-2022,
OPTSTK,DIVISLAB,30-Jun-2022,4950.0,CE,0.0,0.0,0.0,135.5,139.8,0,0.0,0,0,18-APR-2022,
OPTSTK,DIVISLAB,30-Jun-2022,5000.0,CE,0.0,0.0,0.0,123.95,126.95,0,0.0,0,0,18-APR-2022,
OPTSTK,DIVISLAB,30-Jun-2022,5050.0,CE,0.0,0.0,0.0,113.25,114.95,0,0.0,0,0,18-APR-2022,
OPTSTK,DIVISLAB,30-Jun-2022,5100.0,CE,0.0,0.0,0.0,103.15,103.95,0,0.0,0,0,18-APR-2022,
OPTSTK,DIVISLAB,30-Jun-2022,5150.0,CE,0.0,0.0,0.0,94.0,93.6,0,0.0,0,0,18-APR-2022,
OPTSTK,DIVISLAB,30-Jun-2022,5200.0,CE,0.0,0.0,0.0,85.5,84.3,0,0.0,0,0,18-APR-2022,
OPTSTK,DIVISLAB,30-Jun-2022,5250.0,CE,0.0,0.0,0.0,77.7,75.8,0,0.0,0,0,18-APR-2022,
OPTSTK,DIVISLAB,30-Jun-2022,5300.0,CE,0.0,0.0,0.0,70.55,68.05,0,0.0,0,0,18-APR-2022,
OPTSTK,DIVISLAB,30-Jun-2022,5350.0,CE,0.0,0.0,0.0,63.95,61.0,0,0.0,0,0,18-APR-2022,
OPTSTK,DIVISLAB,30-Jun-2022,5400.0,CE,0.0,0.0,0.0,57.95,54.55,0,0.0,0,0,18-APR-2022,
OPTSTK,DIVISLAB,30-Jun-2022,5450.0,CE,0.0,0.0,0.0,52.4,48.75,0,0.0,0,0,18-APR-2022,
OPTSTK,DIVISLAB,30-Jun-2022,5500.0,CE,0.0,0.0,0.0,47.35,43.5,0,0.0,0,0,18-APR-2022,
OPTSTK,DIVISLAB,30-Jun-2022,5550.0,CE,0.0,0.0,0.0,42.75,38.75,0,0.0,0,0,18-APR-2022,
OPTSTK,DIVISLAB,30-Jun-2022,5600.0,CE,0.0,0.0,0.0,38.55,34.45,0,0.0,0,0,18-APR-2022,
OPTSTK,DIVISLAB,30-Jun-2022,5650.0,CE,0.0,0.0,0.0,34.7,30.6,0,0.0,0,0,18-APR-2022,
OPTSTK,DIVISLAB,30-Jun-2022,5700.0,CE,0.0,0.0,0.0,31.25,27.15,0,0.0,0,0,18-APR-2022,
OPTSTK,DIVISLAB,30-Jun-2022,5750.0,CE,0.0,0.0,0.0,28.1,24.05,0,0.0,0,0,18-APR-2022,
OPTSTK,DIVISLAB,30-Jun-2022,5800.0,CE,0.0,0.0,0.0,25.25,21.25,0,0.0,0,0,18-APR-2022,
OPTSTK,DIVISLAB,30-Jun-2022,5850.0,CE,0.0,0.0,0.0,22.65,18.8,0,0.0,0,0,18-APR-2022,
OPTSTK,DIVISLAB,30-Jun-2022,3000.0,PE,0.0,0.0,0.0,2.75,0.65,0,0.0,0,0,18-APR-2022,
OPTSTK,DIVISLAB,30-Jun-2022,3050.0,PE,0.0,0.0,0.0,3.6,0.9,0,0.0,0,0,18-APR-2022,
OPTSTK,DIVISLAB,30-Jun-2022,3100.0,PE,0.0,0.0,0.0,4.7,1.25,0,0.0,0,0,18-APR-2022,
OPTSTK,DIVISLAB,30-Jun-2022,3150.0,PE,0.0,0.0,0.0,6.05,1.7,0,0.0,0,0,18-APR-2022,
OPTSTK,DIVISLAB,30-Jun-2022,3200.0,PE,0.0,0.0,0.0,7.7,2.3,0,0.0,0,0,18-APR-2022,
OPTSTK,DIVISLAB,30-Jun-2022,3250.0,PE,0.0,0.0,0.0,9.7,3.1,0,0.0,0,0,18-APR-2022,
OPTSTK,DIVISLAB,30-Jun-2022,3300.0,PE,0.0,0.0,0.0,12.15,4.1,0,0.0,0,0,18-APR-2022,
OPTSTK,DIVISLAB,30-Jun-2022,3350.0,PE,0.0,0.0,0.0,15.0,5.35,0,0.0,0,0,18-APR-2022,
OPTSTK,DIVISLAB,30-Jun-2022,3400.0,PE,0.0,0.0,0.0,18.4,6.95,0,0.0,0,0,18-APR-2022,
OPTSTK,DIVISLAB,30-Jun-2022,3450.0,PE,0.0,0.0,0.0,22.4,8.85,0,0.0,0,0,18-APR-2022,
OPTSTK,DIVISLAB,30-Jun-2022,3500.0,PE,0.0,0.0,0.0,27.05,11.2,0,0.0,0,0,18-APR-2022,
OPTSTK,DIVISLAB,30-Jun-2022,3550.0,PE,0.0,0.0,0.0,32.4,14.05,0,0.0,0,0,18-APR-2022,
OPTSTK,DIVISLAB,30-Jun-2022,3600.0,PE,0.0,0.0,0.0,38.5,17.45,0,0.0,0,0,18-APR-2022,
OPTSTK,DIVISLAB,30-Jun-2022,3650.0,PE,0.0,0.0,0.0,45.45,21.45,0,0.0,0,0,18-APR-2022,
OPTSTK,DIVISLAB,30-Jun-2022,3700.0,PE,0.0,0.0,0.0,53.3,26.2,0,0.0,0,0,18-APR-2022,
OPTSTK,DIVISLAB,30-Jun-2022,3750.0,PE,0.0,0.0,0.0,62.1,31.65,0,0.0,0,0,18-APR-2022,
OPTSTK,DIVISLAB,30-Jun-2022,3800.0,PE,0.0,0.0,0.0,71.9,38.0,0,0.0,0,0,18-APR-2022,
OPTSTK,DIVISLAB,30-Jun-2022,3850.0,PE,0.0,0.0,0.0,82.75,45.2,0,0.0,0,0,18-APR-2022,
OPTSTK,DIVISLAB,30-Jun-2022,3900.0,PE,0.0,0.0,0.0,94.9,53.4,0,0.0,0,0,18-APR-2022,
OPTSTK,DIVISLAB,30-Jun-2022,3950.0,PE,0.0,0.0,0.0,108.0,62.7,0,0.0,0,0,18-APR-2022,
OPTSTK,DIVISLAB,30-Jun-2022,4000.0,PE,0.0,0.0,0.0,74.75,73.05,0,0.0,100,0,18-APR-2022,
OPTSTK,DIVISLAB,30-Jun-2022,4050.0,PE,0.0,0.0,0.0,137.65,84.65,0,0.0,0,0,18-APR-2022,
OPTSTK,DIVISLAB,30-Jun-2022,4100.0,PE,0.0,0.0,0.0,154.45,97.55,0,0.0,0,0,18-APR-2022,
OPTSTK,DIVISLAB,30-Jun-2022,4150.0,PE,0.0,0.0,0.0,172.55,111.6,0,0.0,0,0,18-APR-2022,
OPTSTK,DIVISLAB,30-Jun-2022,4200.0,PE,0.0,0.0,0.0,191.95,126.8,0,0.0,0,0,18-APR-2022,
OPTSTK,DIVISLAB,30-Jun-2022,4250.0,PE,0.0,0.0,0.0,212.65,143.6,0,0.0,0,0,18-APR-2022,
OPTSTK,DIVISLAB,30-Jun-2022,4300.0,PE,0.0,0.0,0.0,234.65,161.75,0,0.0,0,0,18-APR-2022,
OPTSTK,DIVISLAB,30-Jun-2022,4350.0,PE,0.0,0.0,0.0,257.95,181.35,0,0.0,0,0,18-APR-2022,
OPTSTK,DIVISLAB,30-Jun-2022,4400.0,PE,0.0,0.0,0.0,282.5,202.35,0,0.0,0,0,18-APR-2022,
OPTSTK,DIVISLAB,30-Jun-2022,4450.0,PE,0.0,0.0,0.0,308.35,224.75,0,0.0,0,0,18-APR-2022,
OPTSTK,DIVISLAB,30-Jun-2022,4500.0,PE,0.0,0.0,0.0,335.5,248.6,0,0.0,0,0,18-APR-2022,
OPTSTK,DIVISLAB,30-Jun-2022,4550.0,PE,0.0,0.0,0.0,363.85,273.85,0,0.0,0,0,18-APR-2022,
OPTSTK,DIVISLAB,30-Jun-2022,4600.0,PE,0.0,0.0,0.0,393.4,300.5,0,0.0,0,0,18-APR-2022,
OPTSTK,DIVISLAB,30-Jun-2022,4650.0,PE,0.0,0.0,0.0,424.15,328.55,0,0.0,0,0,18-APR-2022,
OPTSTK,DIVISLAB,30-Jun-2022,4700.0,PE,0.0,0.0,0.0,456.05,357.9,0,0.0,0,0,18-APR-2022,
OPTSTK,DIVISLAB,30-Jun-2022,4750.0,PE,0.0,0.0,0.0,489.0,388.55,0,0.0,0,0,18-APR-2022,
OPTSTK,DIVISLAB,30-Jun-2022,4800.0,PE,0.0,0.0,0.0,523.05,420.5,0,0.0,0,0,18-APR-2022,
OPTSTK,DIVISLAB,30-Jun-2022,4850.0,PE,0.0,0.0,0.0,558.15,453.65,0,0.0,0,0,18-APR-2022,
OPTSTK,DIVISLAB,30-Jun-2022,4900.0,PE,0.0,0.0,0.0,594.2,487.95,0,0.0,0,0,18-APR-2022,
OPTSTK,DIVISLAB,30-Jun-2022,4950.0,PE,0.0,0.0,0.0,631.4,523.4,0,0.0,0,0,18-APR-2022,
OPTSTK,DIVISLAB,30-Jun-2022,5000.0,PE,0.0,0.0,0.0,669.35,560.15,0,0.0,0,0,18-APR-2022,
OPTSTK,DIVISLAB,30-Jun-2022,5050.0,PE,0.0,0.0,0.0,708.1,597.7,0,0.0,0,0,18-APR-2022,
OPTSTK,DIVISLAB,30-Jun-2022,5100.0,PE,0.0,0.0,0.0,747.5,636.3,0,0.0,0,0,18-APR-2022,
OPTSTK,DIVISLAB,30-Jun-2022,5150.0,PE,0.0,0.0,0.0,787.8,675.55,0,0.0,0,0,18-APR-2022,
OPTSTK,DIVISLAB,30-Jun-2022,5200.0,PE,0.0,0.0,0.0,828.8,715.8,0,0.0,0,0,18-APR-2022,
OPTSTK,DIVISLAB,30-Jun-2022,5250.0,PE,0.0,0.0,0.0,870.45,756.85,0,0.0,0,0,18-APR-2022,
OPTSTK,DIVISLAB,30-Jun-2022,5300.0,PE,0.0,0.0,0.0,912.75,798.7,0,0.0,0,0,18-APR-2022,
OPTSTK,DIVISLAB,30-Jun-2022,5350.0,PE,0.0,0.0,0.0,955.65,841.2,0,0.0,0,0,18-APR-2022,
OPTSTK,DIVISLAB,30-Jun-2022,5400.0,PE,0.0,0.0,0.0,999.1,884.35,0,0.0,0,0,18-APR-2022,
OPTSTK,DIVISLAB,30-Jun-2022,5450.0,PE,0.0,0.0,0.0,1043.05,928.15,0,0.0,0,0,18-APR-2022,
OPTSTK,DIVISLAB,30-Jun-2022,5500.0,PE,0.0,0.0,0.0,1087.45,972.45,0,0.0,0,0,18-APR-2022,
OPTSTK,DIVISLAB,30-Jun-2022,5550.0,PE,0.0,0.0,0.0,1132.35,1017.25,0,0.0,0,0,18-APR-2022,
OPTSTK,DIVISLAB,30-Jun-2022,5600.0,PE,0.0,0.0,0.0,1177.6,1062.55,0,0.0,0,0,18-APR-2022,
OPTSTK,DIVISLAB,30-Jun-2022,5650.0,PE,0.0,0.0,0.0,1223.25,1108.3,0,0.0,0,0,18-APR-2022,
OPTSTK,DIVISLAB,30-Jun-2022,5700.0,PE,0.0,0.0,0.0,1269.25,1154.4,0,0.0,0,0,18-APR-2022,
OPTSTK,DIVISLAB,30-Jun-2022,5750.0,PE,0.0,0.0,0.0,1315.55,1200.85,0,0.0,0,0,18-APR-2022,
OPTSTK,DIVISLAB,30-Jun-2022,5800.0,PE,0.0,0.0,0.0,1362.2,1247.65,0,0.0,0,0,18-APR-2022,
OPTSTK,DIVISLAB,30-Jun-2022,5850.0,PE,0.0,0.0,0.0,1409.05,1294.75,0,0.0,0,0,18-APR-2022,
OPTSTK,DIXON,28-Apr-2022,2800.0,CE,0.0,0.0,0.0,1630.25,1512.1,0,0.0,0,0,18-APR-2022,
OPTSTK,DIXON,28-Apr-2022,2900.0,CE,0.0,0.0,0.0,1536.05,1412.25,0,0.0,0,0,18-APR-2022,
OPTSTK,DIXON,28-Apr-2022,3000.0,CE,0.0,0.0,0.0,1443.4,1312.35,0,0.0,0,0,18-APR-2022,
OPTSTK,DIXON,28-Apr-2022,3100.0,CE,0.0,0.0,0.0,1352.6,1212.45,0,0.0,0,0,18-APR-2022,
OPTSTK,DIXON,28-Apr-2022,3200.0,CE,0.0,0.0,0.0,1263.9,1112.6,0,0.0,0,0,18-APR-2022,
OPTSTK,DIXON,28-Apr-2022,3300.0,CE,0.0,0.0,0.0,1177.65,1012.75,0,0.0,0,0,18-APR-2022,
OPTSTK,DIXON,28-Apr-2022,3400.0,CE,0.0,0.0,0.0,1094.1,912.95,0,0.0,0,0,18-APR-2022,
OPTSTK,DIXON,28-Apr-2022,3500.0,CE,0.0,0.0,0.0,1000.0,813.45,0,0.0,125,0,18-APR-2022,
OPTSTK,DIXON,28-Apr-2022,3600.0,CE,0.0,0.0,0.0,936.2,714.55,0,0.0,0,0,18-APR-2022,
OPTSTK,DIXON,28-Apr-2022,3700.0,CE,0.0,0.0,0.0,862.35,617.0,0,0.0,0,0,18-APR-2022,
OPTSTK,DIXON,28-Apr-2022,3800.0,CE,0.0,0.0,0.0,791.95,521.9,0,0.0,0,0,18-APR-2022,
OPTSTK,DIXON,28-Apr-2022,3900.0,CE,0.0,0.0,0.0,725.0,431.0,0,0.0,0,0,18-APR-2022,
OPTSTK,DIXON,28-Apr-2022,4000.0,CE,0.0,0.0,0.0,662.15,346.2,0,0.0,0,0,18-APR-2022,
OPTSTK,DIXON,28-Apr-2022,4100.0,CE,0.0,0.0,0.0,603.05,269.55,0,0.0,0,0,18-APR-2022,
OPTSTK,DIXON,28-Apr-2022,4200.0,CE,182.45,226.3,182.45,195.0,202.95,4,22.0,4250,0,18-APR-2022,
OPTSTK,DIXON,28-Apr-2022,4300.0,CE,143.45,167.0,118.4,127.5,127.5,92,510.18,9375,2250,18-APR-2022,
OPTSTK,DIXON,28-Apr-2022,4400.0,CE,160.0,160.0,77.05,86.35,86.35,305,1714.46,23750,5125,18-APR-2022,
OPTSTK,DIXON,28-Apr-2022,4500.0,CE,80.05,84.6,50.0,56.65,56.65,485,2767.2,59000,1625,18-APR-2022,
OPTSTK,DIXON,28-Apr-2022,4600.0,CE,50.05,57.9,32.4,40.05,40.05,398,2310.89,81000,5750,18-APR-2022,
OPTSTK,DIXON,28-Apr-2022,4700.0,CE,53.95,53.95,24.1,29.0,29.0,492,2910.44,102875,125,18-APR-2022,
OPTSTK,DIXON,28-Apr-2022,4800.0,CE,29.35,29.6,19.6,21.55,21.55,242,1459.07,64625,-2125,18-APR-2022,
OPTSTK,DIXON,28-Apr-2022,4900.0,CE,19.0,21.7,15.0,17.2,17.2,115,706.86,20375,-1250,18-APR-2022,
OPTSTK,DIXON,28-Apr-2022,5000.0,CE,10.95,16.95,10.95,12.1,12.1,271,1698.26,77625,-3500,18-APR-2022,
OPTSTK,DIXON,28-Apr-2022,5100.0,CE,8.45,12.0,6.2,8.15,8.15,77,491.87,11625,1500,18-APR-2022,
OPTSTK,DIXON,28-Apr-2022,5200.0,CE,7.1,8.85,6.2,6.6,6.6,34,221.31,12250,-1125,18-APR-2022,
OPTSTK,DIXON,28-Apr-2022,5300.0,CE,6.2,6.2,0.8,3.0,0.75,4,26.51,2000,-125,18-APR-2022,
OPTSTK,DIXON,28-Apr-2022,5400.0,CE,0.0,0.0,0.0,5.5,0.4,0,0.0,3250,0,18-APR-2022,
OPTSTK,DIXON,28-Apr-2022,5500.0,CE,2.3,3.6,1.0,2.15,2.15,50,343.89,64250,-500,18-APR-2022,
OPTSTK,DIXON,28-Apr-2022,5600.0,CE,0.9,0.9,0.9,0.9,0.1,2,14.0,4500,-250,18-APR-2022,
OPTSTK,DIXON,28-Apr-2022,5700.0,CE,0.0,0.0,0.0,1.2,0.05,0,0.0,1000,0,18-APR-2022,
OPTSTK,DIXON,28-Apr-2022,5800.0,CE,0.0,0.0,0.0,87.75,0.05,0,0.0,0,0,18-APR-2022,
OPTSTK,DIXON,28-Apr-2022,5900.0,CE,0.0,0.0,0.0,77.15,0.05,0,0.0,0,0,18-APR-2022,
OPTSTK,DIXON,28-Apr-2022,6000.0,CE,0.0,0.0,0.0,67.7,0.0,0,0.0,0,0,18-APR-2022,
OPTSTK,DIXON,28-Apr-2022,6100.0,CE,0.0,0.0,0.0,59.4,0.0,0,0.0,0,0,18-APR-2022,
OPTSTK,DIXON,28-Apr-2022,6200.0,CE,0.0,0.0,0.0,52.0,0.0,0,0.0,0,0,18-APR-2022,
OPTSTK,DIXON,28-Apr-2022,6300.0,CE,0.0,0.0,0.0,45.5,0.0,0,0.0,0,0,18-APR-2022,
OPTSTK,DIXON,28-Apr-2022,6400.0,CE,0.0,0.0,0.0,39.75,0.0,0,0.0,0,0,18-APR-2022,
OPTSTK,DIXON,28-Apr-2022,6500.0,CE,0.0,0.0,0.0,34.7,0.0,0,0.0,0,0,18-APR-2022,
OPTSTK,DIXON,28-Apr-2022,6600.0,CE,0.0,0.0,0.0,30.3,0.0,0,0.0,0,0,18-APR-2022,
OPTSTK,DIXON,28-Apr-2022,6700.0,CE,0.0,0.0,0.0,26.4,0.0,0,0.0,0,0,18-APR-2022,
OPTSTK,DIXON,28-Apr-2022,6800.0,CE,0.0,0.0,0.0,23.0,0.0,0,0.0,0,0,18-APR-2022,
OPTSTK,DIXON,28-Apr-2022,2800.0,PE,0.0,0.0,0.0,10.55,0.0,0,0.0,0,0,18-APR-2022,
OPTSTK,DIXON,28-Apr-2022,2900.0,PE,0.0,0.0,0.0,15.3,0.0,0,0.0,0,0,18-APR-2022,
OPTSTK,DIXON,28-Apr-2022,3000.0,PE,0.0,0.0,0.0,21.6,0.0,0,0.0,0,0,18-APR-2022,
OPTSTK,DIXON,28-Apr-2022,3100.0,PE,0.0,0.0,0.0,29.75,0.0,0,0.0,0,0,18-APR-2022,
OPTSTK,DIXON,28-Apr-2022,3200.0,PE,0.0,0.0,0.0,40.0,0.05,0,0.0,0,0,18-APR-2022,
OPTSTK,DIXON,28-Apr-2022,3300.0,PE,0.0,0.0,0.0,52.75,0.05,0,0.0,0,0,18-APR-2022,
OPTSTK,DIXON,28-Apr-2022,3400.0,PE,0.0,0.0,0.0,68.15,0.2,0,0.0,0,0,18-APR-2022,
OPTSTK,DIXON,28-Apr-2022,3500.0,PE,3.1,3.1,2.0,2.1,2.1,30,131.33,10750,0,18-APR-2022,
OPTSTK,DIXON,28-Apr-2022,3600.0,PE,0.0,0.0,0.0,11.45,1.55,0,0.0,1000,0,18-APR-2022,
OPTSTK,DIXON,28-Apr-2022,3700.0,PE,0.0,0.0,0.0,15.45,3.85,0,0.0,2500,0,18-APR-2022,
OPTSTK,DIXON,28-Apr-2022,3800.0,PE,10.7,15.0,10.7,15.0,8.7,2,9.53,15750,-125,18-APR-2022,
OPTSTK,DIXON,28-Apr-2022,3900.0,PE,20.0,28.0,17.15,23.45,23.45,25,122.55,5250,1000,18-APR-2022,
OPTSTK,DIXON,28-Apr-2022,4000.0,PE,56.25,56.25,30.4,35.25,35.25,86,433.79,35750,-1125,18-APR-2022,
OPTSTK,DIXON,28-Apr-2022,4100.0,PE,68.35,69.3,44.9,53.25,53.25,45,233.98,22875,125,18-APR-2022,
OPTSTK,DIXON,28-Apr-2022,4200.0,PE,95.0,111.8,67.6,88.4,88.4,158,846.86,23875,875,18-APR-2022,
OPTSTK,DIXON,28-Apr-2022,4300.0,PE,150.0,166.25,100.65,130.6,130.6,160,885.36,23625,750,18-APR-2022,
OPTSTK,DIXON,28-Apr-2022,4400.0,PE,176.05,218.75,150.0,169.65,189.2,33,189.02,14625,-625,18-APR-2022,
OPTSTK,DIXON,28-Apr-2022,4500.0,PE,270.0,272.0,215.0,258.05,258.05,36,213.38,21875,-2000,18-APR-2022,
OPTSTK,DIXON,28-Apr-2022,4600.0,PE,327.0,376.6,301.55,332.1,332.1,19,117.32,13750,-375,18-APR-2022,
OPTSTK,DIXON,28-Apr-2022,4700.0,PE,456.55,456.55,419.0,419.0,413.8,3,19.24,7250,250,18-APR-2022,
OPTSTK,DIXON,28-Apr-2022,4800.0,PE,502.5,502.55,502.5,502.55,502.45,2,13.25,1750,-125,18-APR-2022,
OPTSTK,DIXON,28-Apr-2022,4900.0,PE,0.0,0.0,0.0,454.15,595.25,0,0.0,250,0,18-APR-2022,
OPTSTK,DIXON,28-Apr-2022,5000.0,PE,690.0,690.0,690.0,690.0,690.8,1,7.11,6000,0,18-APR-2022,
OPTSTK,DIXON,28-Apr-2022,5100.0,PE,0.0,0.0,0.0,591.7,788.2,0,0.0,1375,0,18-APR-2022,
OPTSTK,DIXON,28-Apr-2022,5200.0,PE,0.0,0.0,0.0,880.0,886.7,0,0.0,125,0,18-APR-2022,
OPTSTK,DIXON,28-Apr-2022,5300.0,PE,0.0,0.0,0.0,1018.0,985.85,0,0.0,0,0,18-APR-2022,
OPTSTK,DIXON,28-Apr-2022,5400.0,PE,0.0,0.0,0.0,1050.0,1085.35,0,0.0,250,0,18-APR-2022,
OPTSTK,DIXON,28-Apr-2022,5500.0,PE,1200.0,1200.0,1200.0,1200.0,1185.05,1,8.37,750,125,18-APR-2022,
OPTSTK,DIXON,28-Apr-2022,5600.0,PE,0.0,0.0,0.0,1264.2,1284.85,0,0.0,0,0,18-APR-2022,
OPTSTK,DIXON,28-Apr-2022,5700.0,PE,0.0,0.0,0.0,1349.75,1384.7,0,0.0,0,0,18-APR-2022,
OPTSTK,DIXON,28-Apr-2022,5800.0,PE,0.0,0.0,0.0,1436.8,1484.55,0,0.0,0,0,18-APR-2022,
OPTSTK,DIXON,28-Apr-2022,5900.0,PE,0.0,0.0,0.0,1525.15,1584.45,0,0.0,0,0,18-APR-2022,
OPTSTK,DIXON,28-Apr-2022,6000.0,PE,0.0,0.0,0.0,1614.65,1684.3,0,0.0,0,0,18-APR-2022,
OPTSTK,DIXON,28-Apr-2022,6100.0,PE,0.0,0.0,0.0,1705.3,1784.2,0,0.0,0,0,18-APR-2022,
OPTSTK,DIXON,28-Apr-2022,6200.0,PE,0.0,0.0,0.0,1796.9,1884.1,0,0.0,0,0,18-APR-2022,
OPTSTK,DIXON,28-Apr-2022,6300.0,PE,0.0,0.0,0.0,1889.35,1984.0,0,0.0,0,0,18-APR-2022,
OPTSTK,DIXON,28-Apr-2022,6400.0,PE,0.0,0.0,0.0,1982.55,2083.85,0,0.0,0,0,18-APR-2022,
OPTSTK,DIXON,28-Apr-2022,6500.0,PE,0.0,0.0,0.0,2076.45,2183.75,0,0.0,0,0,18-APR-2022,
OPTSTK,DIXON,28-Apr-2022,6600.0,PE,0.0,0.0,0.0,2171.0,2283.65,0,0.0,0,0,18-APR-2022,
OPTSTK,DIXON,28-Apr-2022,6700.0,PE,0.0,0.0,0.0,2266.05,2383.55,0,0.0,0,0,18-APR-2022,
OPTSTK,DIXON,28-Apr-2022,6800.0,PE,0.0,0.0,0.0,2361.6,2483.4,0,0.0,0,0,18-APR-2022,
OPTSTK,DIXON,26-May-2022,2800.0,CE,0.0,0.0,0.0,1300.85,1521.85,0,0.0,0,0,18-APR-2022,
OPTSTK,DIXON,26-May-2022,2900.0,CE,0.0,0.0,0.0,1210.75,1422.85,0,0.0,0,0,18-APR-2022,
OPTSTK,DIXON,26-May-2022,3000.0,CE,0.0,0.0,0.0,1123.1,1324.3,0,0.0,0,0,18-APR-2022,
OPTSTK,DIXON,26-May-2022,3100.0,CE,0.0,0.0,0.0,1038.25,1226.5,0,0.0,0,0,18-APR-2022,
OPTSTK,DIXON,26-May-2022,3200.0,CE,0.0,0.0,0.0,956.5,1129.75,0,0.0,0,0,18-APR-2022,
OPTSTK,DIXON,26-May-2022,3300.0,CE,0.0,0.0,0.0,878.15,1034.5,0,0.0,0,0,18-APR-2022,
OPTSTK,DIXON,26-May-2022,3400.0,CE,0.0,0.0,0.0,803.55,941.3,0,0.0,0,0,18-APR-2022,
OPTSTK,DIXON,26-May-2022,3500.0,CE,0.0,0.0,0.0,732.65,850.75,0,0.0,0,0,18-APR-2022,
OPTSTK,DIXON,26-May-2022,3600.0,CE,0.0,0.0,0.0,665.6,763.45,0,0.0,0,0,18-APR-2022,
OPTSTK,DIXON,26-May-2022,3700.0,CE,0.0,0.0,0.0,602.9,679.95,0,0.0,0,0,18-APR-2022,
OPTSTK,DIXON,26-May-2022,3800.0,CE,0.0,0.0,0.0,544.35,600.95,0,0.0,0,0,18-APR-2022,
OPTSTK,DIXON,26-May-2022,3900.0,CE,0.0,0.0,0.0,489.95,527.05,0,0.0,0,0,18-APR-2022,
OPTSTK,DIXON,26-May-2022,4000.0,CE,0.0,0.0,0.0,439.65,458.25,0,0.0,0,0,18-APR-2022,
OPTSTK,DIXON,26-May-2022,4100.0,CE,0.0,0.0,0.0,393.35,395.35,0,0.0,0,0,18-APR-2022,
OPTSTK,DIXON,26-May-2022,4200.0,CE,0.0,0.0,0.0,350.9,338.3,0,0.0,0,0,18-APR-2022,
OPTSTK,DIXON,26-May-2022,4300.0,CE,260.0,260.0,250.0,250.0,287.15,3,17.08,375,375,18-APR-2022,
OPTSTK,DIXON,26-May-2022,4400.0,CE,0.0,0.0,0.0,277.05,241.75,0,0.0,0,0,18-APR-2022,
OPTSTK,DIXON,26-May-2022,4500.0,CE,161.6,174.0,152.0,155.45,155.45,22,128.26,5000,1625,18-APR-2022,
OPTSTK,DIXON,26-May-2022,4600.0,CE,149.95,149.95,115.0,115.0,115.0,3,17.72,500,250,18-APR-2022,
OPTSTK,DIXON,26-May-2022,4700.0,CE,100.0,106.0,88.0,91.45,91.45,42,251.97,5000,4375,18-APR-2022,
OPTSTK,DIXON,26-May-2022,4800.0,CE,90.0,90.0,73.05,73.05,112.65,7,42.73,1000,-125,18-APR-2022,
OPTSTK,DIXON,26-May-2022,4900.0,CE,70.0,74.25,51.0,51.0,51.0,7,43.43,500,-375,18-APR-2022,
OPTSTK,DIXON,26-May-2022,5000.0,CE,50.0,50.0,50.0,50.0,73.5,2,12.62,250,250,18-APR-2022,
OPTSTK,DIXON,26-May-2022,5100.0,CE,0.0,0.0,0.0,112.7,58.8,0,0.0,0,0,18-APR-2022,
OPTSTK,DIXON,26-May-2022,5200.0,CE,0.0,0.0,0.0,98.3,46.75,0,0.0,0,0,18-APR-2022,
OPTSTK,DIXON,26-May-2022,5300.0,CE,0.0,0.0,0.0,85.6,36.9,0,0.0,0,0,18-APR-2022,
OPTSTK,DIXON,26-May-2022,5400.0,CE,0.0,0.0,0.0,74.45,29.0,0,0.0,0,0,18-APR-2022,
OPTSTK,DIXON,26-May-2022,5500.0,CE,0.0,0.0,0.0,64.6,22.6,0,0.0,0,0,18-APR-2022,
OPTSTK,DIXON,26-May-2022,5600.0,CE,0.0,0.0,0.0,56.0,17.55,0,0.0,0,0,18-APR-2022,
OPTSTK,DIXON,26-May-2022,5700.0,CE,0.0,0.0,0.0,48.5,13.55,0,0.0,0,0,18-APR-2022,
OPTSTK,DIXON,26-May-2022,5800.0,CE,0.0,0.0,0.0,41.9,10.4,0,0.0,0,0,18-APR-2022,
OPTSTK,DIXON,26-May-2022,5900.0,CE,0.0,0.0,0.0,36.2,7.95,0,0.0,0,0,18-APR-2022,
OPTSTK,DIXON,26-May-2022,6000.0,CE,0.0,0.0,0.0,31.2,6.05,0,0.0,0,0,18-APR-2022,
OPTSTK,DIXON,26-May-2022,6100.0,CE,0.0,0.0,0.0,26.85,4.6,0,0.0,0,0,18-APR-2022,
OPTSTK,DIXON,26-May-2022,6200.0,CE,0.0,0.0,0.0,23.1,3.45,0,0.0,0,0,18-APR-2022,
OPTSTK,DIXON,26-May-2022,6300.0,CE,0.0,0.0,0.0,19.9,2.6,0,0.0,0,0,18-APR-2022,
OPTSTK,DIXON,26-May-2022,6400.0,CE,0.0,0.0,0.0,17.05,1.95,0,0.0,0,0,18-APR-2022,
OPTSTK,DIXON,26-May-2022,2800.0,PE,0.0,0.0,0.0,21.95,0.55,0,0.0,0,0,18-APR-2022,
OPTSTK,DIXON,26-May-2022,2900.0,PE,0.0,0.0,0.0,30.8,1.1,0,0.0,0,0,18-APR-2022,
OPTSTK,DIXON,26-May-2022,3000.0,PE,0.0,0.0,0.0,42.1,2.15,0,0.0,0,0,18-APR-2022,
OPTSTK,DIXON,26-May-2022,3100.0,PE,0.0,0.0,0.0,56.2,3.85,0,0.0,0,0,18-APR-2022,
OPTSTK,DIXON,26-May-2022,3200.0,PE,0.0,0.0,0.0,73.4,6.65,0,0.0,0,0,18-APR-2022,
OPTSTK,DIXON,26-May-2022,3300.0,PE,0.0,0.0,0.0,94.0,11.0,0,0.0,0,0,18-APR-2022,
OPTSTK,DIXON,26-May-2022,3400.0,PE,0.0,0.0,0.0,118.35,17.35,0,0.0,0,0,18-APR-2022,
OPTSTK,DIXON,26-May-2022,3500.0,PE,0.0,0.0,0.0,73.75,26.35,0,0.0,0,0,18-APR-2022,
OPTSTK,DIXON,26-May-2022,3600.0,PE,0.0,0.0,0.0,15.0,38.6,0,0.0,250,0,18-APR-2022,
OPTSTK,DIXON,26-May-2022,3700.0,PE,0.0,0.0,0.0,214.6,54.7,0,0.0,0,0,18-APR-2022,
OPTSTK,DIXON,26-May-2022,3800.0,PE,60.0,60.0,60.0,60.0,75.25,1,4.82,125,125,18-APR-2022,
OPTSTK,DIXON,26-May-2022,3900.0,PE,0.0,0.0,0.0,100.0,100.9,0,0.0,125,0,18-APR-2022,
OPTSTK,DIXON,26-May-2022,4000.0,PE,100.0,116.1,100.0,112.75,112.75,22,112.96,16625,875,18-APR-2022,
OPTSTK,DIXON,26-May-2022,4100.0,PE,145.0,145.0,145.0,145.0,168.3,1,5.3,1000,125,18-APR-2022,
OPTSTK,DIXON,26-May-2022,4200.0,PE,0.0,0.0,0.0,457.35,210.8,0,0.0,0,0,18-APR-2022,
OPTSTK,DIXON,26-May-2022,4300.0,PE,223.0,223.0,223.0,223.0,259.2,1,5.65,250,125,18-APR-2022,
OPTSTK,DIXON,26-May-2022,4400.0,PE,0.0,0.0,0.0,250.0,313.4,0,0.0,625,0,18-APR-2022,
OPTSTK,DIXON,26-May-2022,4500.0,PE,0.0,0.0,0.0,260.0,373.15,0,0.0,875,0,18-APR-2022,
OPTSTK,DIXON,26-May-2022,4600.0,PE,0.0,0.0,0.0,718.8,438.15,0,0.0,0,0,18-APR-2022,
OPTSTK,DIXON,26-May-2022,4700.0,PE,0.0,0.0,0.0,792.15,508.0,0,0.0,0,0,18-APR-2022,
OPTSTK,DIXON,26-May-2022,4800.0,PE,0.0,0.0,0.0,868.1,582.5,0,0.0,0,0,18-APR-2022,
OPTSTK,DIXON,26-May-2022,4900.0,PE,0.0,0.0,0.0,946.5,660.7,0,0.0,0,0,18-APR-2022,
OPTSTK,DIXON,26-May-2022,5000.0,PE,0.0,0.0,0.0,1027.0,742.5,0,0.0,0,0,18-APR-2022,
OPTSTK,DIXON,26-May-2022,5100.0,PE,0.0,0.0,0.0,1109.7,827.35,0,0.0,0,0,18-APR-2022,
OPTSTK,DIXON,26-May-2022,5200.0,PE,0.0,0.0,0.0,1194.3,914.85,0,0.0,0,0,18-APR-2022,
OPTSTK,DIXON,26-May-2022,5300.0,PE,0.0,0.0,0.0,1280.55,1004.55,0,0.0,0,0,18-APR-2022,
OPTSTK,DIXON,26-May-2022,5400.0,PE,0.0,0.0,0.0,1368.35,1096.2,0,0.0,0,0,18-APR-2022,
OPTSTK,DIXON,26-May-2022,5500.0,PE,0.0,0.0,0.0,1457.45,1189.4,0,0.0,0,0,18-APR-2022,
OPTSTK,DIXON,26-May-2022,5600.0,PE,0.0,0.0,0.0,1547.8,1283.9,0,0.0,0,0,18-APR-2022,
OPTSTK,DIXON,26-May-2022,5700.0,PE,0.0,0.0,0.0,1639.25,1379.45,0,0.0,0,0,18-APR-2022,
OPTSTK,DIXON,26-May-2022,5800.0,PE,0.0,0.0,0.0,1731.6,1475.85,0,0.0,0,0,18-APR-2022,
OPTSTK,DIXON,26-May-2022,5900.0,PE,0.0,0.0,0.0,1824.85,1572.95,0,0.0,0,0,18-APR-2022,
OPTSTK,DIXON,26-May-2022,6000.0,PE,0.0,0.0,0.0,1918.8,1670.6,0,0.0,0,0,18-APR-2022,
OPTSTK,DIXON,26-May-2022,6100.0,PE,0.0,0.0,0.0,2013.45,1768.7,0,0.0,0,0,18-APR-2022,
OPTSTK,DIXON,26-May-2022,6200.0,PE,0.0,0.0,0.0,2108.65,1867.15,0,0.0,0,0,18-APR-2022,
OPTSTK,DIXON,26-May-2022,6300.0,PE,0.0,0.0,0.0,2204.35,1965.85,0,0.0,0,0,18-APR-2022,
OPTSTK,DIXON,26-May-2022,6400.0,PE,0.0,0.0,0.0,2300.5,2064.75,0,0.0,0,0,18-APR-2022,
OPTSTK,DIXON,30-Jun-2022,2800.0,CE,0.0,0.0,0.0,1551.2,1539.35,0,0.0,0,0,18-APR-2022,
OPTSTK,DIXON,30-Jun-2022,2900.0,CE,0.0,0.0,0.0,1457.9,1443.8,0,0.0,0,0,18-APR-2022,
OPTSTK,DIXON,30-Jun-2022,3000.0,CE,0.0,0.0,0.0,1366.35,1349.7,0,0.0,0,0,18-APR-2022,
OPTSTK,DIXON,30-Jun-2022,3100.0,CE,0.0,0.0,0.0,1276.9,1257.3,0,0.0,0,0,18-APR-2022,
OPTSTK,DIXON,30-Jun-2022,3200.0,CE,0.0,0.0,0.0,1189.75,1167.05,0,0.0,0,0,18-APR-2022,
OPTSTK,DIXON,30-Jun-2022,3300.0,CE,0.0,0.0,0.0,1105.3,1079.25,0,0.0,0,0,18-APR-2022,
OPTSTK,DIXON,30-Jun-2022,3400.0,CE,0.0,0.0,0.0,1023.75,994.3,0,0.0,0,0,18-APR-2022,
OPTSTK,DIXON,30-Jun-2022,3500.0,CE,0.0,0.0,0.0,945.4,912.55,0,0.0,0,0,18-APR-2022,
OPTSTK,DIXON,30-Jun-2022,3600.0,CE,0.0,0.0,0.0,870.6,834.3,0,0.0,0,0,18-APR-2022,
OPTSTK,DIXON,30-Jun-2022,3700.0,CE,0.0,0.0,0.0,799.15,759.9,0,0.0,0,0,18-APR-2022,
OPTSTK,DIXON,30-Jun-2022,3800.0,CE,0.0,0.0,0.0,731.45,689.35,0,0.0,0,0,18-APR-2022,
OPTSTK,DIXON,30-Jun-2022,3900.0,CE,0.0,0.0,0.0,667.5,622.8,0,0.0,0,0,18-APR-2022,
OPTSTK,DIXON,30-Jun-2022,4000.0,CE,0.0,0.0,0.0,607.55,560.7,0,0.0,0,0,18-APR-2022,
OPTSTK,DIXON,30-Jun-2022,4100.0,CE,0.0,0.0,0.0,551.45,502.95,0,0.0,0,0,18-APR-2022,
OPTSTK,DIXON,30-Jun-2022,4200.0,CE,0.0,0.0,0.0,499.25,449.5,0,0.0,0,0,18-APR-2022,
OPTSTK,DIXON,30-Jun-2022,4300.0,CE,0.0,0.0,0.0,450.8,400.3,0,0.0,0,0,18-APR-2022,
OPTSTK,DIXON,30-Jun-2022,4400.0,CE,0.0,0.0,0.0,406.05,355.25,0,0.0,0,0,18-APR-2022,
OPTSTK,DIXON,30-Jun-2022,4500.0,CE,0.0,0.0,0.0,364.85,314.2,0,0.0,0,0,18-APR-2022,
OPTSTK,DIXON,30-Jun-2022,4600.0,CE,0.0,0.0,0.0,327.05,277.0,0,0.0,0,0,18-APR-2022,
OPTSTK,DIXON,30-Jun-2022,4700.0,CE,0.0,0.0,0.0,292.55,243.4,0,0.0,0,0,18-APR-2022,
OPTSTK,DIXON,30-Jun-2022,4800.0,CE,0.0,0.0,0.0,261.1,213.25,0,0.0,0,0,18-APR-2022,
OPTSTK,DIXON,30-Jun-2022,4900.0,CE,0.0,0.0,0.0,232.55,186.3,0,0.0,0,0,18-APR-2022,
OPTSTK,DIXON,30-Jun-2022,5000.0,CE,0.0,0.0,0.0,206.95,162.55,0,0.0,0,0,18-APR-2022,
OPTSTK,DIXON,30-Jun-2022,5100.0,CE,0.0,0.0,0.0,183.7,141.35,0,0.0,0,0,18-APR-2022,
OPTSTK,DIXON,30-Jun-2022,5200.0,CE,0.0,0.0,0.0,162.75,122.4,0,0.0,0,0,18-APR-2022,
OPTSTK,DIXON,30-Jun-2022,5300.0,CE,0.0,0.0,0.0,143.8,105.8,0,0.0,0,0,18-APR-2022,
OPTSTK,DIXON,30-Jun-2022,5400.0,CE,0.0,0.0,0.0,126.95,91.3,0,0.0,0,0,18-APR-2022,
OPTSTK,DIXON,30-Jun-2022,5500.0,CE,0.0,0.0,0.0,111.9,78.55,0,0.0,0,0,18-APR-2022,
OPTSTK,DIXON,30-Jun-2022,5600.0,CE,0.0,0.0,0.0,98.5,67.45,0,0.0,0,0,18-APR-2022,
OPTSTK,DIXON,30-Jun-2022,5700.0,CE,0.0,0.0,0.0,86.55,57.8,0,0.0,0,0,18-APR-2022,
OPTSTK,DIXON,30-Jun-2022,5800.0,CE,0.0,0.0,0.0,76.0,49.45,0,0.0,0,0,18-APR-2022,
OPTSTK,DIXON,30-Jun-2022,5900.0,CE,0.0,0.0,0.0,66.6,42.2,0,0.0,0,0,18-APR-2022,
OPTSTK,DIXON,30-Jun-2022,6000.0,CE,0.0,0.0,0.0,58.3,35.95,0,0.0,0,0,18-APR-2022,
OPTSTK,DIXON,30-Jun-2022,6100.0,CE,0.0,0.0,0.0,51.0,30.6,0,0.0,0,0,18-APR-2022,
OPTSTK,DIXON,30-Jun-2022,2800.0,PE,0.0,0.0,0.0,12.95,6.7,0,0.0,0,0,18-APR-2022,
OPTSTK,DIXON,30-Jun-2022,2900.0,PE,0.0,0.0,0.0,18.6,10.3,0,0.0,0,0,18-APR-2022,
OPTSTK,DIXON,30-Jun-2022,3000.0,PE,0.0,0.0,0.0,26.0,15.35,0,0.0,0,0,18-APR-2022,
OPTSTK,DIXON,30-Jun-2022,3100.0,PE,0.0,0.0,0.0,35.5,22.1,0,0.0,0,0,18-APR-2022,
OPTSTK,DIXON,30-Jun-2022,3200.0,PE,0.0,0.0,0.0,47.3,31.0,0,0.0,0,0,18-APR-2022,
OPTSTK,DIXON,30-Jun-2022,3300.0,PE,0.0,0.0,0.0,61.8,42.35,0,0.0,0,0,18-APR-2022,
OPTSTK,DIXON,30-Jun-2022,3400.0,PE,0.0,0.0,0.0,79.2,56.6,0,0.0,0,0,18-APR-2022,
OPTSTK,DIXON,30-Jun-2022,3500.0,PE,0.0,0.0,0.0,99.8,74.0,0,0.0,0,0,18-APR-2022,
OPTSTK,DIXON,30-Jun-2022,3600.0,PE,0.0,0.0,0.0,123.95,94.85,0,0.0,0,0,18-APR-2022,
OPTSTK,DIXON,30-Jun-2022,3700.0,PE,0.0,0.0,0.0,151.45,119.65,0,0.0,0,0,18-APR-2022,
OPTSTK,DIXON,30-Jun-2022,3800.0,PE,0.0,0.0,0.0,182.7,148.2,0,0.0,0,0,18-APR-2022,
OPTSTK,DIXON,30-Jun-2022,3900.0,PE,0.0,0.0,0.0,217.65,180.8,0,0.0,0,0,18-APR-2022,
OPTSTK,DIXON,30-Jun-2022,4000.0,PE,150.05,150.05,150.05,150.05,217.9,1,5.18,500,125,18-APR-2022,
OPTSTK,DIXON,30-Jun-2022,4100.0,PE,0.0,0.0,0.0,299.55,259.3,0,0.0,0,0,18-APR-2022,
OPTSTK,DIXON,30-Jun-2022,4200.0,PE,0.0,0.0,0.0,346.3,305.0,0,0.0,0,0,18-APR-2022,
OPTSTK,DIXON,30-Jun-2022,4300.0,PE,0.0,0.0,0.0,396.8,354.95,0,0.0,0,0,18-APR-2022,
OPTSTK,DIXON,30-Jun-2022,4400.0,PE,0.0,0.0,0.0,450.95,409.05,0,0.0,0,0,18-APR-2022,
OPTSTK,DIXON,30-Jun-2022,4500.0,PE,0.0,0.0,0.0,375.0,467.15,0,0.0,250,0,18-APR-2022,
OPTSTK,DIXON,30-Jun-2022,4600.0,PE,0.0,0.0,0.0,569.9,529.1,0,0.0,0,0,18-APR-2022,
OPTSTK,DIXON,30-Jun-2022,4700.0,PE,0.0,0.0,0.0,634.3,594.7,0,0.0,0,0,18-APR-2022,
OPTSTK,DIXON,30-Jun-2022,4800.0,PE,0.0,0.0,0.0,701.8,663.7,0,0.0,0,0,18-APR-2022,
OPTSTK,DIXON,30-Jun-2022,4900.0,PE,0.0,0.0,0.0,772.2,735.9,0,0.0,0,0,18-APR-2022,
OPTSTK,DIXON,30-Jun-2022,5000.0,PE,0.0,0.0,0.0,845.55,811.3,0,0.0,0,0,18-APR-2022,
OPTSTK,DIXON,30-Jun-2022,5100.0,PE,0.0,0.0,0.0,921.25,889.2,0,0.0,0,0,18-APR-2022,
OPTSTK,DIXON,30-Jun-2022,5200.0,PE,0.0,0.0,0.0,999.3,969.4,0,0.0,0,0,18-APR-2022,
OPTSTK,DIXON,30-Jun-2022,5300.0,PE,0.0,0.0,0.0,1079.3,1052.0,0,0.0,0,0,18-APR-2022,
OPTSTK,DIXON,30-Jun-2022,5400.0,PE,0.0,0.0,0.0,1161.4,1136.6,0,0.0,0,0,18-APR-2022,
OPTSTK,DIXON,30-Jun-2022,5500.0,PE,0.0,0.0,0.0,1245.3,1223.05,0,0.0,0,0,18-APR-2022,
OPTSTK,DIXON,30-Jun-2022,5600.0,PE,0.0,0.0,0.0,1330.8,1311.1,0,0.0,0,0,18-APR-2022,
OPTSTK,DIXON,30-Jun-2022,5700.0,PE,0.0,0.0,0.0,1417.85,1400.6,0,0.0,0,0,18-APR-2022,
OPTSTK,DIXON,30-Jun-2022,5800.0,PE,0.0,0.0,0.0,1506.2,1491.4,0,0.0,0,0,18-APR-2022,
OPTSTK,DIXON,30-Jun-2022,5900.0,PE,0.0,0.0,0.0,1595.75,1583.3,0,0.0,0,0,18-APR-2022,
OPTSTK,DIXON,30-Jun-2022,6000.0,PE,0.0,0.0,0.0,1686.4,1676.2,0,0.0,0,0,18-APR-2022,
OPTSTK,DIXON,30-Jun-2022,6100.0,PE,0.0,0.0,0.0,1778.05,1770.0,0,0.0,0,0,18-APR-2022,
OPTSTK,DLF,28-Apr-2022,220.0,CE,0.0,0.0,0.0,157.1,169.1,0,0.0,0,0,18-APR-2022,
OPTSTK,DLF,28-Apr-2022,230.0,CE,0.0,0.0,0.0,147.6,159.15,0,0.0,0,0,18-APR-2022,
OPTSTK,DLF,28-Apr-2022,240.0,CE,0.0,0.0,0.0,138.2,149.15,0,0.0,0,0,18-APR-2022,
OPTSTK,DLF,28-Apr-2022,245.0,CE,0.0,0.0,0.0,136.25,144.15,0,0.0,0,0,18-APR-2022,
OPTSTK,DLF,28-Apr-2022,250.0,CE,0.0,0.0,0.0,129.05,139.15,0,0.0,0,0,18-APR-2022,
OPTSTK,DLF,28-Apr-2022,255.0,CE,0.0,0.0,0.0,126.35,134.15,0,0.0,0,0,18-APR-2022,
OPTSTK,DLF,28-Apr-2022,260.0,CE,0.0,0.0,0.0,120.05,129.15,0,0.0,0,0,18-APR-2022,
OPTSTK,DLF,28-Apr-2022,265.0,CE,0.0,0.0,0.0,116.45,124.15,0,0.0,0,0,18-APR-2022,
OPTSTK,DLF,28-Apr-2022,270.0,CE,0.0,0.0,0.0,111.35,119.15,0,0.0,0,0,18-APR-2022,
OPTSTK,DLF,28-Apr-2022,275.0,CE,0.0,0.0,0.0,106.65,114.2,0,0.0,0,0,18-APR-2022,
OPTSTK,DLF,28-Apr-2022,280.0,CE,0.0,0.0,0.0,102.95,109.2,0,0.0,0,0,18-APR-2022,
OPTSTK,DLF,28-Apr-2022,285.0,CE,0.0,0.0,0.0,96.95,104.2,0,0.0,0,0,18-APR-2022,
OPTSTK,DLF,28-Apr-2022,290.0,CE,0.0,0.0,0.0,94.85,99.2,0,0.0,0,0,18-APR-2022,
OPTSTK,DLF,28-Apr-2022,295.0,CE,0.0,0.0,0.0,87.45,94.2,0,0.0,0,0,18-APR-2022,
OPTSTK,DLF,28-Apr-2022,300.0,CE,0.0,0.0,0.0,87.1,89.25,0,0.0,0,0,18-APR-2022,
OPTSTK,DLF,28-Apr-2022,305.0,CE,0.0,0.0,0.0,78.2,84.25,0,0.0,0,0,18-APR-2022,
OPTSTK,DLF,28-Apr-2022,310.0,CE,0.0,0.0,0.0,79.7,79.3,0,0.0,0,0,18-APR-2022,
OPTSTK,DLF,28-Apr-2022,315.0,CE,0.0,0.0,0.0,69.3,74.35,0,0.0,0,0,18-APR-2022,
OPTSTK,DLF,28-Apr-2022,320.0,CE,0.0,0.0,0.0,68.75,69.4,0,0.0,1650,0,18-APR-2022,
OPTSTK,DLF,28-Apr-2022,325.0,CE,0.0,0.0,0.0,60.8,64.55,0,0.0,0,0,18-APR-2022,
OPTSTK,DLF,28-Apr-2022,330.0,CE,0.0,0.0,0.0,66.15,59.7,0,0.0,0,0,18-APR-2022,
OPTSTK,DLF,28-Apr-2022,335.0,CE,0.0,0.0,0.0,52.8,54.95,0,0.0,0,0,18-APR-2022,
OPTSTK,DLF,28-Apr-2022,340.0,CE,0.0,0.0,0.0,58.75,50.25,0,0.0,52800,0,18-APR-2022,
OPTSTK,DLF,28-Apr-2022,345.0,CE,0.0,0.0,0.0,45.35,45.7,0,0.0,0,0,18-APR-2022,
OPTSTK,DLF,28-Apr-2022,350.0,CE,36.55,36.55,35.1,35.1,41.3,3,19.08,69300,-1650,18-APR-2022,
OPTSTK,DLF,28-Apr-2022,355.0,CE,0.0,0.0,0.0,38.5,37.05,0,0.0,0,0,18-APR-2022,
OPTSTK,DLF,28-Apr-2022,360.0,CE,30.55,32.55,24.2,32.55,32.55,48,307.54,193050,-24750,18-APR-2022,
OPTSTK,DLF,28-Apr-2022,365.0,CE,0.0,0.0,0.0,32.35,29.15,0,0.0,0,0,18-APR-2022,
OPTSTK,DLF,28-Apr-2022,370.0,CE,22.0,24.5,17.45,24.15,24.15,65,419.54,198000,-9900,18-APR-2022,
OPTSTK,DLF,28-Apr-2022,375.0,CE,0.0,0.0,0.0,26.9,22.15,0,0.0,0,0,18-APR-2022,
OPTSTK,DLF,28-Apr-2022,380.0,CE,15.0,19.4,11.55,17.05,17.05,652,4246.1,534600,19800,18-APR-2022,
OPTSTK,DLF,28-Apr-2022,385.0,CE,14.65,15.45,9.45,13.95,13.95,281,1840.94,122100,51150,18-APR-2022,
OPTSTK,DLF,28-Apr-2022,390.0,CE,11.95,13.1,7.45,11.25,11.25,1715,11317.85,674850,108900,18-APR-2022,
OPTSTK,DLF,28-Apr-2022,395.0,CE,8.0,10.8,6.0,9.15,9.15,367,2440.1,232650,-31350,18-APR-2022,
OPTSTK,DLF,28-Apr-2022,400.0,CE,8.15,8.75,4.8,7.35,7.35,1894,12705.78,2663100,-9900,18-APR-2022,
OPTSTK,DLF,28-Apr-2022,405.0,CE,9.0,9.0,3.9,5.8,5.8,382,2586.33,503250,-97350,18-APR-2022,
OPTSTK,DLF,28-Apr-2022,410.0,CE,4.55,5.4,3.05,4.55,4.55,994,6791.89,1311750,-125400,18-APR-2022,
OPTSTK,DLF,28-Apr-2022,415.0,CE,3.3,4.2,2.4,3.55,3.55,276,1904.3,293700,-24750,18-APR-2022,
OPTSTK,DLF,28-Apr-2022,420.0,CE,3.25,3.25,1.85,2.8,2.8,718,5004.99,1077450,-148500,18-APR-2022,
OPTSTK,DLF,28-Apr-2022,425.0,CE,2.95,2.95,1.5,2.2,2.2,194,1366.66,140250,-4950,18-APR-2022,
OPTSTK,DLF,28-Apr-2022,430.0,CE,1.8,2.0,1.2,1.75,1.75,488,3474.86,528000,-112200,18-APR-2022,
OPTSTK,DLF,28-Apr-2022,435.0,CE,1.2,1.4,1.0,1.35,1.35,102,734.11,95700,31350,18-APR-2022,
OPTSTK,DLF,28-Apr-2022,440.0,CE,1.2,1.3,0.8,1.05,1.05,375,2728.62,625350,-11550,18-APR-2022,
OPTSTK,DLF,28-Apr-2022,445.0,CE,0.0,0.0,0.0,5.5,1.2,0,0.0,0,0,18-APR-2022,
OPTSTK,DLF,28-Apr-2022,450.0,CE,0.9,0.95,0.6,0.75,0.75,313,2327.91,895950,-4950,18-APR-2022,
OPTSTK,DLF,28-Apr-2022,455.0,CE,0.1,0.65,0.1,0.65,0.7,14,105.23,47850,0,18-APR-2022,
OPTSTK,DLF,28-Apr-2022,460.0,CE,0.6,0.75,0.45,0.5,0.5,182,1383.11,193050,-70950,18-APR-2022,
OPTSTK,DLF,28-Apr-2022,465.0,CE,0.45,0.5,0.45,0.5,0.5,24,184.32,56100,-6600,18-APR-2022,
OPTSTK,DLF,28-Apr-2022,470.0,CE,0.5,0.6,0.4,0.5,0.5,74,574.49,306900,-14850,18-APR-2022,
OPTSTK,DLF,28-Apr-2022,475.0,CE,0.0,0.0,0.0,1.75,0.2,0,0.0,1650,0,18-APR-2022,
OPTSTK,DLF,28-Apr-2022,480.0,CE,0.45,0.5,0.4,0.4,0.15,59,467.7,123750,31350,18-APR-2022,
OPTSTK,DLF,28-Apr-2022,485.0,CE,0.0,0.0,0.0,1.8,0.1,0,0.0,0,0,18-APR-2022,
OPTSTK,DLF,28-Apr-2022,490.0,CE,0.3,0.5,0.3,0.35,0.35,34,275.13,23100,-34650,18-APR-2022,
OPTSTK,DLF,28-Apr-2022,495.0,CE,0.0,0.0,0.0,1.35,0.05,0,0.0,0,0,18-APR-2022,
OPTSTK,DLF,28-Apr-2022,500.0,CE,0.35,0.5,0.3,0.35,0.35,178,1469.73,285450,0,18-APR-2022,
OPTSTK,DLF,28-Apr-2022,505.0,CE,0.0,0.0,0.0,1.0,0.05,0,0.0,0,0,18-APR-2022,
OPTSTK,DLF,28-Apr-2022,510.0,CE,0.0,0.0,0.0,0.35,0.05,0,0.0,4950,0,18-APR-2022,
OPTSTK,DLF,28-Apr-2022,220.0,PE,0.0,0.0,0.0,0.2,0.0,0,0.0,6600,0,18-APR-2022,
OPTSTK,DLF,28-Apr-2022,230.0,PE,0.0,0.0,0.0,1.05,0.0,0,0.0,0,0,18-APR-2022,
OPTSTK,DLF,28-Apr-2022,240.0,PE,0.0,0.0,0.0,1.55,0.0,0,0.0,0,0,18-APR-2022,
OPTSTK,DLF,28-Apr-2022,245.0,PE,0.0,0.0,0.0,0.05,0.0,0,0.0,0,0,18-APR-2022,
OPTSTK,DLF,28-Apr-2022,250.0,PE,0.0,0.0,0.0,0.65,0.0,0,0.0,1650,0,18-APR-2022,
OPTSTK,DLF,28-Apr-2022,255.0,PE,0.0,0.0,0.0,0.1,0.0,0,0.0,0,0,18-APR-2022,
OPTSTK,DLF,28-Apr-2022,260.0,PE,0.0,0.0,0.0,0.5,0.0,0,0.0,1650,0,18-APR-2022,
OPTSTK,DLF,28-Apr-2022,265.0,PE,0.0,0.0,0.0,0.2,0.0,0,0.0,0,0,18-APR-2022,
OPTSTK,DLF,28-Apr-2022,270.0,PE,0.0,0.0,0.0,0.2,0.0,0,0.0,6600,0,18-APR-2022,
OPTSTK,DLF,28-Apr-2022,275.0,PE,0.0,0.0,0.0,0.35,0.0,0,0.0,0,0,18-APR-2022,
OPTSTK,DLF,28-Apr-2022,280.0,PE,0.0,0.0,0.0,0.2,0.0,0,0.0,9900,0,18-APR-2022,
OPTSTK,DLF,28-Apr-2022,285.0,PE,0.0,0.0,0.0,0.65,0.0,0,0.0,0,0,18-APR-2022,
OPTSTK,DLF,28-Apr-2022,290.0,PE,0.4,0.45,0.4,0.4,0.05,15,71.87,23100,-23100,18-APR-2022,
OPTSTK,DLF,28-Apr-2022,295.0,PE,0.0,0.0,0.0,1.1,0.05,0,0.0,0,0,18-APR-2022,
OPTSTK,DLF,28-Apr-2022,300.0,PE,0.45,0.5,0.35,0.45,0.45,140,694.02,211200,37950,18-APR-2022,
OPTSTK,DLF,28-Apr-2022,305.0,PE,0.0,0.0,0.0,1.8,0.05,0,0.0,0,0,18-APR-2022,
OPTSTK,DLF,28-Apr-2022,310.0,PE,0.3,0.6,0.3,0.55,0.1,40,204.92,80850,-18150,18-APR-2022,
OPTSTK,DLF,28-Apr-2022,315.0,PE,0.0,0.0,0.0,2.85,0.15,0,0.0,0,0,18-APR-2022,
OPTSTK,DLF,28-Apr-2022,320.0,PE,0.35,0.75,0.35,0.6,0.6,153,809.29,216150,-37950,18-APR-2022,
OPTSTK,DLF,28-Apr-2022,325.0,PE,0.0,0.0,0.0,4.3,0.3,0,0.0,0,0,18-APR-2022,
OPTSTK,DLF,28-Apr-2022,330.0,PE,0.7,1.0,0.5,0.7,0.7,271,1479.15,323400,16500,18-APR-2022,
OPTSTK,DLF,28-Apr-2022,335.0,PE,1.6,1.6,0.4,1.0,0.7,11,60.98,19800,13200,18-APR-2022,
OPTSTK,DLF,28-Apr-2022,340.0,PE,0.95,1.55,0.85,0.95,0.95,233,1311.55,212850,-54450,18-APR-2022,
OPTSTK,DLF,28-Apr-2022,345.0,PE,1.15,2.0,1.05,1.2,1.2,136,777.41,37950,-28050,18-APR-2022,
OPTSTK,DLF,28-Apr-2022,350.0,PE,1.95,2.55,1.4,1.5,1.5,405,2351.93,529650,-80850,18-APR-2022,
OPTSTK,DLF,28-Apr-2022,355.0,PE,3.2,3.25,1.85,1.95,1.95,33,194.64,61050,9900,18-APR-2022,
OPTSTK,DLF,28-Apr-2022,360.0,PE,4.0,4.3,2.35,2.55,2.55,556,3333.3,726000,-39600,18-APR-2022,
OPTSTK,DLF,28-Apr-2022,365.0,PE,3.8,5.4,3.15,3.25,3.25,107,651.88,151800,-11550,18-APR-2022,
OPTSTK,DLF,28-Apr-2022,370.0,PE,6.7,7.2,4.0,4.3,4.3,486,3012.1,691350,-18150,18-APR-2022,
OPTSTK,DLF,28-Apr-2022,375.0,PE,7.0,9.0,5.25,5.55,5.55,286,1803.67,179850,28050,18-APR-2022,
OPTSTK,DLF,28-Apr-2022,380.0,PE,12.15,12.15,6.65,7.15,7.15,1163,7463.41,702900,-87450,18-APR-2022,
OPTSTK,DLF,28-Apr-2022,385.0,PE,11.85,14.0,8.6,8.95,8.95,377,2464.58,171600,26400,18-APR-2022,
OPTSTK,DLF,28-Apr-2022,390.0,PE,15.1,17.0,10.8,11.45,11.45,526,3500.01,470250,-67650,18-APR-2022,
OPTSTK,DLF,28-Apr-2022,395.0,PE,17.6,20.1,13.75,13.95,13.95,72,488.75,102300,-33000,18-APR-2022,
OPTSTK,DLF,28-Apr-2022,400.0,PE,22.05,24.45,16.9,17.25,17.25,226,1566.45,742500,-64350,18-APR-2022,
OPTSTK,DLF,28-Apr-2022,405.0,PE,23.0,25.95,20.5,20.6,20.6,23,162.12,92400,-13200,18-APR-2022,
OPTSTK,DLF,28-Apr-2022,410.0,PE,28.55,29.7,24.55,24.95,24.95,24,173.59,143550,-26400,18-APR-2022,
OPTSTK,DLF,28-Apr-2022,415.0,PE,0.0,0.0,0.0,44.75,30.95,0,0.0,0,0,18-APR-2022,
OPTSTK,DLF,28-Apr-2022,420.0,PE,37.0,40.95,37.0,40.95,34.85,2,15.14,89100,-3300,18-APR-2022,
OPTSTK,DLF,28-Apr-2022,425.0,PE,0.0,0.0,0.0,52.35,39.0,0,0.0,0,0,18-APR-2022,
OPTSTK,DLF,28-Apr-2022,430.0,PE,44.95,50.2,44.95,50.2,43.3,3,23.63,11550,-1650,18-APR-2022,
OPTSTK,DLF,28-Apr-2022,435.0,PE,0.0,0.0,0.0,60.3,47.7,0,0.0,0,0,18-APR-2022,
OPTSTK,DLF,28-Apr-2022,440.0,PE,0.0,0.0,0.0,59.0,52.25,0,0.0,13200,0,18-APR-2022,
OPTSTK,DLF,28-Apr-2022,445.0,PE,0.0,0.0,0.0,68.65,56.85,0,0.0,0,0,18-APR-2022,
OPTSTK,DLF,28-Apr-2022,450.0,PE,0.0,0.0,0.0,59.5,61.55,0,0.0,34650,0,18-APR-2022,
OPTSTK,DLF,28-Apr-2022,455.0,PE,0.0,0.0,0.0,77.35,66.35,0,0.0,0,0,18-APR-2022,
OPTSTK,DLF,28-Apr-2022,460.0,PE,0.0,0.0,0.0,74.0,71.15,0,0.0,1650,0,18-APR-2022,
OPTSTK,DLF,28-Apr-2022,465.0,PE,0.0,0.0,0.0,86.3,76.0,0,0.0,0,0,18-APR-2022,
OPTSTK,DLF,28-Apr-2022,470.0,PE,0.0,0.0,0.0,104.4,80.9,0,0.0,0,0,18-APR-2022,
OPTSTK,DLF,28-Apr-2022,475.0,PE,0.0,0.0,0.0,95.5,85.85,0,0.0,0,0,18-APR-2022,
OPTSTK,DLF,28-Apr-2022,480.0,PE,0.0,0.0,0.0,112.65,90.75,0,0.0,0,0,18-APR-2022,
OPTSTK,DLF,28-Apr-2022,485.0,PE,0.0,0.0,0.0,104.85,95.75,0,0.0,0,0,18-APR-2022,
OPTSTK,DLF,28-Apr-2022,490.0,PE,0.0,0.0,0.0,121.1,100.7,0,0.0,0,0,18-APR-2022,
OPTSTK,DLF,28-Apr-2022,495.0,PE,0.0,0.0,0.0,114.35,105.65,0,0.0,0,0,18-APR-2022,
OPTSTK,DLF,28-Apr-2022,500.0,PE,0.0,0.0,0.0,102.8,110.65,0,0.0,19800,0,18-APR-2022,
OPTSTK,DLF,28-Apr-2022,505.0,PE,0.0,0.0,0.0,123.95,115.65,0,0.0,0,0,18-APR-2022,
OPTSTK,DLF,28-Apr-2022,510.0,PE,0.0,0.0,0.0,138.5,120.6,0,0.0,0,0,18-APR-2022,
OPTSTK,DLF,26-May-2022,220.0,CE,0.0,0.0,0.0,105.45,169.85,0,0.0,0,0,18-APR-2022,
OPTSTK,DLF,26-May-2022,230.0,CE,0.0,0.0,0.0,96.75,159.9,0,0.0,0,0,18-APR-2022,
OPTSTK,DLF,26-May-2022,240.0,CE,0.0,0.0,0.0,88.35,150.0,0,0.0,0,0,18-APR-2022,
OPTSTK,DLF,26-May-2022,245.0,CE,0.0,0.0,0.0,137.6,145.05,0,0.0,0,0,18-APR-2022,
OPTSTK,DLF,26-May-2022,250.0,CE,0.0,0.0,0.0,80.35,140.1,0,0.0,0,0,18-APR-2022,
OPTSTK,DLF,26-May-2022,255.0,CE,0.0,0.0,0.0,128.0,135.15,0,0.0,0,0,18-APR-2022,
OPTSTK,DLF,26-May-2022,260.0,CE,0.0,0.0,0.0,72.75,130.25,0,0.0,0,0,18-APR-2022,
OPTSTK,DLF,26-May-2022,265.0,CE,0.0,0.0,0.0,118.55,125.35,0,0.0,0,0,18-APR-2022,
OPTSTK,DLF,26-May-2022,270.0,CE,0.0,0.0,0.0,65.6,120.45,0,0.0,0,0,18-APR-2022,
OPTSTK,DLF,26-May-2022,275.0,CE,0.0,0.0,0.0,109.3,115.6,0,0.0,0,0,18-APR-2022,
OPTSTK,DLF,26-May-2022,280.0,CE,0.0,0.0,0.0,58.9,110.8,0,0.0,0,0,18-APR-2022,
OPTSTK,DLF,26-May-2022,285.0,CE,0.0,0.0,0.0,100.35,106.05,0,0.0,0,0,18-APR-2022,
OPTSTK,DLF,26-May-2022,290.0,CE,0.0,0.0,0.0,52.65,101.3,0,0.0,0,0,18-APR-2022,
OPTSTK,DLF,26-May-2022,295.0,CE,0.0,0.0,0.0,91.65,96.65,0,0.0,0,0,18-APR-2022,
OPTSTK,DLF,26-May-2022,300.0,CE,0.0,0.0,0.0,46.95,92.05,0,0.0,0,0,18-APR-2022,
OPTSTK,DLF,26-May-2022,305.0,CE,0.0,0.0,0.0,83.3,87.5,0,0.0,0,0,18-APR-2022,
OPTSTK,DLF,26-May-2022,310.0,CE,0.0,0.0,0.0,41.65,83.05,0,0.0,0,0,18-APR-2022,
OPTSTK,DLF,26-May-2022,315.0,CE,0.0,0.0,0.0,75.35,78.65,0,0.0,0,0,18-APR-2022,
OPTSTK,DLF,26-May-2022,320.0,CE,0.0,0.0,0.0,36.85,74.4,0,0.0,0,0,18-APR-2022,
OPTSTK,DLF,26-May-2022,325.0,CE,0.0,0.0,0.0,67.8,70.2,0,0.0,0,0,18-APR-2022,
OPTSTK,DLF,26-May-2022,330.0,CE,0.0,0.0,0.0,32.5,66.15,0,0.0,0,0,18-APR-2022,
OPTSTK,DLF,26-May-2022,335.0,CE,0.0,0.0,0.0,60.7,62.2,0,0.0,0,0,18-APR-2022,
OPTSTK,DLF,26-May-2022,340.0,CE,0.0,0.0,0.0,28.55,58.35,0,0.0,0,0,18-APR-2022,
OPTSTK,DLF,26-May-2022,345.0,CE,0.0,0.0,0.0,54.05,54.7,0,0.0,0,0,18-APR-2022,
OPTSTK,DLF,26-May-2022,350.0,CE,0.0,0.0,0.0,32.0,51.1,0,0.0,1650,0,18-APR-2022,
OPTSTK,DLF,26-May-2022,355.0,CE,0.0,0.0,0.0,47.95,47.7,0,0.0,0,0,18-APR-2022,
OPTSTK,DLF,26-May-2022,360.0,CE,0.0,0.0,0.0,21.9,44.4,0,0.0,0,0,18-APR-2022,
OPTSTK,DLF,26-May-2022,365.0,CE,0.0,0.0,0.0,42.3,41.25,0,0.0,0,0,18-APR-2022,
OPTSTK,DLF,26-May-2022,370.0,CE,0.0,0.0,0.0,19.05,38.3,0,0.0,0,0,18-APR-2022,
OPTSTK,DLF,26-May-2022,375.0,CE,0.0,0.0,0.0,37.15,35.45,0,0.0,0,0,18-APR-2022,
OPTSTK,DLF,26-May-2022,380.0,CE,0.0,0.0,0.0,16.6,32.75,0,0.0,0,0,18-APR-2022,
OPTSTK,DLF,26-May-2022,385.0,CE,0.0,0.0,0.0,32.45,30.2,0,0.0,0,0,18-APR-2022,
OPTSTK,DLF,26-May-2022,390.0,CE,23.0,23.0,18.45,19.65,27.8,8,54.07,4950,4950,18-APR-2022,
OPTSTK,DLF,26-May-2022,395.0,CE,0.0,0.0,0.0,26.0,25.55,0,0.0,0,0,18-APR-2022,
OPTSTK,DLF,26-May-2022,400.0,CE,16.1,19.15,14.25,17.8,17.8,114,783.95,132000,110550,18-APR-2022,
OPTSTK,DLF,26-May-2022,405.0,CE,0.0,0.0,0.0,24.5,21.45,0,0.0,0,0,18-APR-2022,
OPTSTK,DLF,26-May-2022,410.0,CE,12.15,14.0,12.05,14.0,19.6,4,27.88,11550,4950,18-APR-2022,
OPTSTK,DLF,26-May-2022,415.0,CE,0.0,0.0,0.0,21.15,17.85,0,0.0,0,0,18-APR-2022,
OPTSTK,DLF,26-May-2022,420.0,CE,9.05,11.0,9.05,11.0,16.25,18,127.79,34650,21450,18-APR-2022,
OPTSTK,DLF,26-May-2022,425.0,CE,0.0,0.0,0.0,18.2,14.8,0,0.0,0,0,18-APR-2022,
OPTSTK,DLF,26-May-2022,430.0,CE,8.0,8.45,8.0,8.35,8.35,3,21.69,3300,3300,18-APR-2022,
OPTSTK,DLF,26-May-2022,435.0,CE,0.0,0.0,0.0,15.6,12.15,0,0.0,0,0,18-APR-2022,
OPTSTK,DLF,26-May-2022,440.0,CE,0.0,0.0,0.0,6.9,11.0,0,0.0,0,0,18-APR-2022,
OPTSTK,DLF,26-May-2022,445.0,CE,0.0,0.0,0.0,13.3,9.95,0,0.0,0,0,18-APR-2022,
OPTSTK,DLF,26-May-2022,450.0,CE,4.95,6.0,4.95,5.6,5.6,13,97.68,85800,8250,18-APR-2022,
OPTSTK,DLF,26-May-2022,455.0,CE,0.0,0.0,0.0,11.35,8.05,0,0.0,0,0,18-APR-2022,
OPTSTK,DLF,26-May-2022,460.0,CE,0.0,0.0,0.0,6.0,7.25,0,0.0,3300,0,18-APR-2022,
OPTSTK,DLF,26-May-2022,465.0,CE,0.0,0.0,0.0,9.6,6.5,0,0.0,0,0,18-APR-2022,
OPTSTK,DLF,26-May-2022,470.0,CE,0.0,0.0,0.0,5.0,5.85,0,0.0,1650,0,18-APR-2022,
OPTSTK,DLF,26-May-2022,475.0,CE,0.0,0.0,0.0,8.1,5.2,0,0.0,0,0,18-APR-2022,
OPTSTK,DLF,26-May-2022,480.0,CE,0.0,0.0,0.0,3.7,4.65,0,0.0,0,0,18-APR-2022,
OPTSTK,DLF,26-May-2022,485.0,CE,0.0,0.0,0.0,6.85,4.15,0,0.0,0,0,18-APR-2022,
OPTSTK,DLF,26-May-2022,490.0,CE,0.0,0.0,0.0,3.15,3.7,0,0.0,0,0,18-APR-2022,
OPTSTK,DLF,26-May-2022,495.0,CE,0.0,0.0,0.0,5.75,3.3,0,0.0,0,0,18-APR-2022,
OPTSTK,DLF,26-May-2022,500.0,CE,0.0,0.0,0.0,5.0,2.95,0,0.0,1650,0,18-APR-2022,
OPTSTK,DLF,26-May-2022,220.0,PE,0.0,0.0,0.0,2.65,0.05,0,0.0,0,0,18-APR-2022,
OPTSTK,DLF,26-May-2022,230.0,PE,0.0,0.0,0.0,3.8,0.05,0,0.0,0,0,18-APR-2022,
OPTSTK,DLF,26-May-2022,240.0,PE,0.0,0.0,0.0,5.35,0.05,0,0.0,0,0,18-APR-2022,
OPTSTK,DLF,26-May-2022,245.0,PE,0.0,0.0,0.0,0.55,0.1,0,0.0,0,0,18-APR-2022,
OPTSTK,DLF,26-May-2022,250.0,PE,0.0,0.0,0.0,7.2,0.15,0,0.0,0,0,18-APR-2022,
OPTSTK,DLF,26-May-2022,255.0,PE,0.0,0.0,0.0,0.9,0.15,0,0.0,0,0,18-APR-2022,
OPTSTK,DLF,26-May-2022,260.0,PE,0.0,0.0,0.0,9.55,0.25,0,0.0,0,0,18-APR-2022,
OPTSTK,DLF,26-May-2022,265.0,PE,0.0,0.0,0.0,1.4,0.3,0,0.0,0,0,18-APR-2022,
OPTSTK,DLF,26-May-2022,270.0,PE,0.0,0.0,0.0,12.25,0.4,0,0.0,0,0,18-APR-2022,
OPTSTK,DLF,26-May-2022,275.0,PE,0.0,0.0,0.0,2.1,0.55,0,0.0,0,0,18-APR-2022,
OPTSTK,DLF,26-May-2022,280.0,PE,0.0,0.0,0.0,15.45,0.7,0,0.0,0,0,18-APR-2022,
OPTSTK,DLF,26-May-2022,285.0,PE,0.0,0.0,0.0,3.05,0.9,0,0.0,0,0,18-APR-2022,
OPTSTK,DLF,26-May-2022,290.0,PE,0.0,0.0,0.0,19.15,1.15,0,0.0,0,0,18-APR-2022,
OPTSTK,DLF,26-May-2022,295.0,PE,0.0,0.0,0.0,4.3,1.5,0,0.0,0,0,18-APR-2022,
OPTSTK,DLF,26-May-2022,300.0,PE,0.0,0.0,0.0,23.3,1.85,0,0.0,0,0,18-APR-2022,
OPTSTK,DLF,26-May-2022,305.0,PE,0.0,0.0,0.0,5.85,2.3,0,0.0,0,0,18-APR-2022,
OPTSTK,DLF,26-May-2022,310.0,PE,0.0,0.0,0.0,27.9,2.8,0,0.0,0,0,18-APR-2022,
OPTSTK,DLF,26-May-2022,315.0,PE,0.0,0.0,0.0,7.85,3.4,0,0.0,0,0,18-APR-2022,
OPTSTK,DLF,26-May-2022,320.0,PE,0.0,0.0,0.0,2.0,4.1,0,0.0,1650,0,18-APR-2022,
OPTSTK,DLF,26-May-2022,325.0,PE,0.0,0.0,0.0,10.25,4.95,0,0.0,0,0,18-APR-2022,
OPTSTK,DLF,26-May-2022,330.0,PE,4.0,4.0,4.0,4.0,5.85,2,11.02,4950,1650,18-APR-2022,
OPTSTK,DLF,26-May-2022,335.0,PE,0.0,0.0,0.0,13.1,6.85,0,0.0,0,0,18-APR-2022,
OPTSTK,DLF,26-May-2022,340.0,PE,0.0,0.0,0.0,44.5,8.0,0,0.0,0,0,18-APR-2022,
OPTSTK,DLF,26-May-2022,345.0,PE,0.0,0.0,0.0,16.35,9.3,0,0.0,0,0,18-APR-2022,
OPTSTK,DLF,26-May-2022,350.0,PE,11.0,11.0,6.85,7.15,7.15,11,65.01,13200,9900,18-APR-2022,
OPTSTK,DLF,26-May-2022,355.0,PE,0.0,0.0,0.0,20.2,12.25,0,0.0,0,0,18-APR-2022,
OPTSTK,DLF,26-May-2022,360.0,PE,0.0,0.0,0.0,9.9,13.95,0,0.0,1650,0,18-APR-2022,
OPTSTK,DLF,26-May-2022,365.0,PE,0.0,0.0,0.0,24.5,15.8,0,0.0,0,0,18-APR-2022,
OPTSTK,DLF,26-May-2022,370.0,PE,16.7,16.7,13.95,13.95,17.8,3,19.05,1650,-1650,18-APR-2022,
OPTSTK,DLF,26-May-2022,375.0,PE,0.0,0.0,0.0,29.25,19.95,0,0.0,0,0,18-APR-2022,
OPTSTK,DLF,26-May-2022,380.0,PE,22.95,22.95,16.5,16.9,16.9,66,434.31,62700,54450,18-APR-2022,
OPTSTK,DLF,26-May-2022,385.0,PE,0.0,0.0,0.0,34.55,24.65,0,0.0,0,0,18-APR-2022,
OPTSTK,DLF,26-May-2022,390.0,PE,0.0,0.0,0.0,79.85,27.2,0,0.0,0,0,18-APR-2022,
OPTSTK,DLF,26-May-2022,395.0,PE,0.0,0.0,0.0,40.25,29.95,0,0.0,0,0,18-APR-2022,
OPTSTK,DLF,26-May-2022,400.0,PE,29.0,29.0,25.2,26.25,26.25,31,219.05,62700,39600,18-APR-2022,
OPTSTK,DLF,26-May-2022,405.0,PE,0.0,0.0,0.0,46.4,35.8,0,0.0,0,0,18-APR-2022,
OPTSTK,DLF,26-May-2022,410.0,PE,0.0,0.0,0.0,96.0,38.9,0,0.0,0,0,18-APR-2022,
OPTSTK,DLF,26-May-2022,415.0,PE,0.0,0.0,0.0,53.0,42.2,0,0.0,0,0,18-APR-2022,
OPTSTK,DLF,26-May-2022,420.0,PE,0.0,0.0,0.0,104.4,45.55,0,0.0,0,0,18-APR-2022,
OPTSTK,DLF,26-May-2022,425.0,PE,0.0,0.0,0.0,60.0,49.05,0,0.0,0,0,18-APR-2022,
OPTSTK,DLF,26-May-2022,430.0,PE,0.0,0.0,0.0,113.0,52.65,0,0.0,0,0,18-APR-2022,
OPTSTK,DLF,26-May-2022,435.0,PE,0.0,0.0,0.0,67.3,56.4,0,0.0,0,0,18-APR-2022,
OPTSTK,DLF,26-May-2022,440.0,PE,0.0,0.0,0.0,121.75,60.2,0,0.0,0,0,18-APR-2022,
OPTSTK,DLF,26-May-2022,445.0,PE,0.0,0.0,0.0,75.0,64.15,0,0.0,0,0,18-APR-2022,
OPTSTK,DLF,26-May-2022,450.0,PE,0.0,0.0,0.0,130.7,68.1,0,0.0,0,0,18-APR-2022,
OPTSTK,DLF,26-May-2022,455.0,PE,0.0,0.0,0.0,82.95,72.2,0,0.0,0,0,18-APR-2022,
OPTSTK,DLF,26-May-2022,460.0,PE,0.0,0.0,0.0,139.75,76.35,0,0.0,0,0,18-APR-2022,
OPTSTK,DLF,26-May-2022,465.0,PE,0.0,0.0,0.0,91.15,80.6,0,0.0,0,0,18-APR-2022,
OPTSTK,DLF,26-May-2022,470.0,PE,0.0,0.0,0.0,148.9,84.9,0,0.0,0,0,18-APR-2022,
OPTSTK,DLF,26-May-2022,475.0,PE,0.0,0.0,0.0,99.6,89.3,0,0.0,0,0,18-APR-2022,
OPTSTK,DLF,26-May-2022,480.0,PE,0.0,0.0,0.0,158.2,93.7,0,0.0,0,0,18-APR-2022,
OPTSTK,DLF,26-May-2022,485.0,PE,0.0,0.0,0.0,108.25,98.2,0,0.0,0,0,18-APR-2022,
OPTSTK,DLF,26-May-2022,490.0,PE,0.0,0.0,0.0,167.55,102.7,0,0.0,0,0,18-APR-2022,
OPTSTK,DLF,26-May-2022,495.0,PE,0.0,0.0,0.0,117.1,107.3,0,0.0,0,0,18-APR-2022,
OPTSTK,DLF,26-May-2022,500.0,PE,0.0,0.0,0.0,176.95,111.9,0,0.0,0,0,18-APR-2022,
OPTSTK,DLF,30-Jun-2022,240.0,CE,0.0,0.0,0.0,144.6,151.55,0,0.0,0,0,18-APR-2022,
OPTSTK,DLF,30-Jun-2022,245.0,CE,0.0,0.0,0.0,140.0,146.75,0,0.0,0,0,18-APR-2022,
OPTSTK,DLF,30-Jun-2022,250.0,CE,0.0,0.0,0.0,135.45,142.0,0,0.0,0,0,18-APR-2022,
OPTSTK,DLF,30-Jun-2022,255.0,CE,0.0,0.0,0.0,130.9,137.3,0,0.0,0,0,18-APR-2022,
OPTSTK,DLF,30-Jun-2022,260.0,CE,0.0,0.0,0.0,126.45,132.6,0,0.0,0,0,18-APR-2022,
OPTSTK,DLF,30-Jun-2022,265.0,CE,0.0,0.0,0.0,122.05,127.95,0,0.0,0,0,18-APR-2022,
OPTSTK,DLF,30-Jun-2022,270.0,CE,0.0,0.0,0.0,117.75,123.4,0,0.0,0,0,18-APR-2022,
OPTSTK,DLF,30-Jun-2022,275.0,CE,0.0,0.0,0.0,113.5,118.85,0,0.0,0,0,18-APR-2022,
OPTSTK,DLF,30-Jun-2022,280.0,CE,0.0,0.0,0.0,109.3,114.4,0,0.0,0,0,18-APR-2022,
OPTSTK,DLF,30-Jun-2022,285.0,CE,0.0,0.0,0.0,105.2,110.0,0,0.0,0,0,18-APR-2022,
OPTSTK,DLF,30-Jun-2022,290.0,CE,0.0,0.0,0.0,101.15,105.7,0,0.0,0,0,18-APR-2022,
OPTSTK,DLF,30-Jun-2022,295.0,CE,0.0,0.0,0.0,97.2,101.45,0,0.0,0,0,18-APR-2022,
OPTSTK,DLF,30-Jun-2022,300.0,CE,0.0,0.0,0.0,93.35,97.25,0,0.0,0,0,18-APR-2022,
OPTSTK,DLF,30-Jun-2022,305.0,CE,0.0,0.0,0.0,89.6,93.2,0,0.0,0,0,18-APR-2022,
OPTSTK,DLF,30-Jun-2022,310.0,CE,0.0,0.0,0.0,85.9,89.2,0,0.0,0,0,18-APR-2022,
OPTSTK,DLF,30-Jun-2022,315.0,CE,0.0,0.0,0.0,82.35,85.3,0,0.0,0,0,18-APR-2022,
OPTSTK,DLF,30-Jun-2022,320.0,CE,0.0,0.0,0.0,78.85,81.45,0,0.0,0,0,18-APR-2022,
OPTSTK,DLF,30-Jun-2022,325.0,CE,0.0,0.0,0.0,75.45,77.75,0,0.0,0,0,18-APR-2022,
OPTSTK,DLF,30-Jun-2022,330.0,CE,0.0,0.0,0.0,72.15,74.15,0,0.0,0,0,18-APR-2022,
OPTSTK,DLF,30-Jun-2022,335.0,CE,0.0,0.0,0.0,68.9,70.65,0,0.0,0,0,18-APR-2022,
OPTSTK,DLF,30-Jun-2022,340.0,CE,0.0,0.0,0.0,65.8,67.25,0,0.0,0,0,18-APR-2022,
OPTSTK,DLF,30-Jun-2022,345.0,CE,0.0,0.0,0.0,62.8,63.9,0,0.0,0,0,18-APR-2022,
OPTSTK,DLF,30-Jun-2022,350.0,CE,0.0,0.0,0.0,59.9,60.7,0,0.0,0,0,18-APR-2022,
OPTSTK,DLF,30-Jun-2022,355.0,CE,0.0,0.0,0.0,57.1,57.65,0,0.0,0,0,18-APR-2022,
OPTSTK,DLF,30-Jun-2022,360.0,CE,0.0,0.0,0.0,54.4,54.65,0,0.0,0,0,18-APR-2022,
OPTSTK,DLF,30-Jun-2022,365.0,CE,0.0,0.0,0.0,51.8,51.8,0,0.0,0,0,18-APR-2022,
OPTSTK,DLF,30-Jun-2022,370.0,CE,0.0,0.0,0.0,49.25,49.05,0,0.0,0,0,18-APR-2022,
OPTSTK,DLF,30-Jun-2022,375.0,CE,0.0,0.0,0.0,46.85,46.4,0,0.0,0,0,18-APR-2022,
OPTSTK,DLF,30-Jun-2022,380.0,CE,0.0,0.0,0.0,44.55,43.85,0,0.0,0,0,18-APR-2022,
OPTSTK,DLF,30-Jun-2022,385.0,CE,0.0,0.0,0.0,42.3,41.4,0,0.0,0,0,18-APR-2022,
OPTSTK,DLF,30-Jun-2022,390.0,CE,0.0,0.0,0.0,40.15,39.1,0,0.0,0,0,18-APR-2022,
OPTSTK,DLF,30-Jun-2022,395.0,CE,0.0,0.0,0.0,38.1,36.85,0,0.0,0,0,18-APR-2022,
OPTSTK,DLF,30-Jun-2022,400.0,CE,0.0,0.0,0.0,36.15,34.7,0,0.0,0,0,18-APR-2022,
OPTSTK,DLF,30-Jun-2022,405.0,CE,0.0,0.0,0.0,34.25,32.7,0,0.0,0,0,18-APR-2022,
OPTSTK,DLF,30-Jun-2022,410.0,CE,0.0,0.0,0.0,32.45,30.75,0,0.0,0,0,18-APR-2022,
OPTSTK,DLF,30-Jun-2022,415.0,CE,0.0,0.0,0.0,30.7,28.9,0,0.0,0,0,18-APR-2022,
OPTSTK,DLF,30-Jun-2022,420.0,CE,0.0,0.0,0.0,29.1,27.15,0,0.0,0,0,18-APR-2022,
OPTSTK,DLF,30-Jun-2022,425.0,CE,0.0,0.0,0.0,27.5,25.5,0,0.0,0,0,18-APR-2022,
OPTSTK,DLF,30-Jun-2022,430.0,CE,0.0,0.0,0.0,26.0,23.95,0,0.0,0,0,18-APR-2022,
OPTSTK,DLF,30-Jun-2022,435.0,CE,0.0,0.0,0.0,24.6,22.45,0,0.0,0,0,18-APR-2022,
OPTSTK,DLF,30-Jun-2022,440.0,CE,0.0,0.0,0.0,23.25,21.0,0,0.0,0,0,18-APR-2022,
OPTSTK,DLF,30-Jun-2022,445.0,CE,0.0,0.0,0.0,21.95,19.7,0,0.0,0,0,18-APR-2022,
OPTSTK,DLF,30-Jun-2022,450.0,CE,0.0,0.0,0.0,20.75,18.45,0,0.0,0,0,18-APR-2022,
OPTSTK,DLF,30-Jun-2022,455.0,CE,0.0,0.0,0.0,19.55,17.25,0,0.0,0,0,18-APR-2022,
OPTSTK,DLF,30-Jun-2022,460.0,CE,0.0,0.0,0.0,18.45,16.15,0,0.0,0,0,18-APR-2022,
OPTSTK,DLF,30-Jun-2022,465.0,CE,0.0,0.0,0.0,17.4,15.05,0,0.0,0,0,18-APR-2022,
OPTSTK,DLF,30-Jun-2022,470.0,CE,0.0,0.0,0.0,16.4,14.1,0,0.0,0,0,18-APR-2022,
OPTSTK,DLF,30-Jun-2022,475.0,CE,0.0,0.0,0.0,15.5,13.15,0,0.0,0,0,18-APR-2022,
OPTSTK,DLF,30-Jun-2022,480.0,CE,0.0,0.0,0.0,14.6,12.25,0,0.0,0,0,18-APR-2022,
OPTSTK,DLF,30-Jun-2022,485.0,CE,0.0,0.0,0.0,13.75,11.4,0,0.0,0,0,18-APR-2022,
OPTSTK,DLF,30-Jun-2022,490.0,CE,0.0,0.0,0.0,12.9,10.65,0,0.0,0,0,18-APR-2022,
OPTSTK,DLF,30-Jun-2022,495.0,CE,0.0,0.0,0.0,12.15,9.9,0,0.0,0,0,18-APR-2022,
OPTSTK,DLF,30-Jun-2022,500.0,CE,0.0,0.0,0.0,11.45,9.25,0,0.0,0,0,18-APR-2022,
OPTSTK,DLF,30-Jun-2022,240.0,PE,0.0,0.0,0.0,1.65,0.65,0,0.0,0,0,18-APR-2022,
OPTSTK,DLF,30-Jun-2022,245.0,PE,0.0,0.0,0.0,2.0,0.85,0,0.0,0,0,18-APR-2022,
OPTSTK,DLF,30-Jun-2022,250.0,PE,1.3,1.3,1.3,1.3,1.05,1,4.14,1650,1650,18-APR-2022,
OPTSTK,DLF,30-Jun-2022,255.0,PE,0.0,0.0,0.0,2.8,1.25,0,0.0,0,0,18-APR-2022,
OPTSTK,DLF,30-Jun-2022,260.0,PE,0.0,0.0,0.0,3.3,1.55,0,0.0,0,0,18-APR-2022,
OPTSTK,DLF,30-Jun-2022,265.0,PE,0.0,0.0,0.0,3.85,1.9,0,0.0,0,0,18-APR-2022,
OPTSTK,DLF,30-Jun-2022,270.0,PE,0.0,0.0,0.0,4.45,2.25,0,0.0,0,0,18-APR-2022,
OPTSTK,DLF,30-Jun-2022,275.0,PE,0.0,0.0,0.0,5.15,2.7,0,0.0,0,0,18-APR-2022,
OPTSTK,DLF,30-Jun-2022,280.0,PE,0.0,0.0,0.0,5.9,3.2,0,0.0,0,0,18-APR-2022,
OPTSTK,DLF,30-Jun-2022,285.0,PE,0.0,0.0,0.0,6.75,3.75,0,0.0,0,0,18-APR-2022,
OPTSTK,DLF,30-Jun-2022,290.0,PE,0.0,0.0,0.0,7.65,4.4,0,0.0,0,0,18-APR-2022,
OPTSTK,DLF,30-Jun-2022,295.0,PE,0.0,0.0,0.0,8.65,5.1,0,0.0,0,0,18-APR-2022,
OPTSTK,DLF,30-Jun-2022,300.0,PE,0.0,0.0,0.0,9.75,5.9,0,0.0,0,0,18-APR-2022,
OPTSTK,DLF,30-Jun-2022,305.0,PE,0.0,0.0,0.0,10.95,6.75,0,0.0,0,0,18-APR-2022,
OPTSTK,DLF,30-Jun-2022,310.0,PE,0.0,0.0,0.0,12.2,7.7,0,0.0,0,0,18-APR-2022,
OPTSTK,DLF,30-Jun-2022,315.0,PE,0.0,0.0,0.0,13.55,8.75,0,0.0,0,0,18-APR-2022,
OPTSTK,DLF,30-Jun-2022,320.0,PE,0.0,0.0,0.0,15.0,9.9,0,0.0,0,0,18-APR-2022,
OPTSTK,DLF,30-Jun-2022,325.0,PE,0.0,0.0,0.0,16.55,11.15,0,0.0,0,0,18-APR-2022,
OPTSTK,DLF,30-Jun-2022,330.0,PE,0.0,0.0,0.0,18.2,12.5,0,0.0,0,0,18-APR-2022,
OPTSTK,DLF,30-Jun-2022,335.0,PE,0.0,0.0,0.0,19.95,13.95,0,0.0,0,0,18-APR-2022,
OPTSTK,DLF,30-Jun-2022,340.0,PE,0.0,0.0,0.0,21.8,15.5,0,0.0,0,0,18-APR-2022,
OPTSTK,DLF,30-Jun-2022,345.0,PE,0.0,0.0,0.0,23.75,17.15,0,0.0,0,0,18-APR-2022,
OPTSTK,DLF,30-Jun-2022,350.0,PE,0.0,0.0,0.0,25.8,18.9,0,0.0,0,0,18-APR-2022,
OPTSTK,DLF,30-Jun-2022,355.0,PE,0.0,0.0,0.0,27.9,20.8,0,0.0,0,0,18-APR-2022,
OPTSTK,DLF,30-Jun-2022,360.0,PE,0.0,0.0,0.0,30.15,22.75,0,0.0,0,0,18-APR-2022,
OPTSTK,DLF,30-Jun-2022,365.0,PE,0.0,0.0,0.0,32.5,24.85,0,0.0,0,0,18-APR-2022,
OPTSTK,DLF,30-Jun-2022,370.0,PE,0.0,0.0,0.0,34.95,27.05,0,0.0,0,0,18-APR-2022,
OPTSTK,DLF,30-Jun-2022,375.0,PE,0.0,0.0,0.0,37.45,29.35,0,0.0,0,0,18-APR-2022,
OPTSTK,DLF,30-Jun-2022,380.0,PE,0.0,0.0,0.0,40.1,31.8,0,0.0,0,0,18-APR-2022,
OPTSTK,DLF,30-Jun-2022,385.0,PE,0.0,0.0,0.0,42.8,34.3,0,0.0,0,0,18-APR-2022,
OPTSTK,DLF,30-Jun-2022,390.0,PE,30.0,30.0,30.0,30.0,36.95,1,6.93,1650,1650,18-APR-2022,
OPTSTK,DLF,30-Jun-2022,395.0,PE,0.0,0.0,0.0,48.5,39.65,0,0.0,0,0,18-APR-2022,
OPTSTK,DLF,30-Jun-2022,400.0,PE,0.0,0.0,0.0,51.45,42.5,0,0.0,0,0,18-APR-2022,
OPTSTK,DLF,30-Jun-2022,405.0,PE,0.0,0.0,0.0,54.55,45.4,0,0.0,0,0,18-APR-2022,
OPTSTK,DLF,30-Jun-2022,410.0,PE,0.0,0.0,0.0,57.7,48.45,0,0.0,0,0,18-APR-2022,
OPTSTK,DLF,30-Jun-2022,415.0,PE,0.0,0.0,0.0,60.9,51.55,0,0.0,0,0,18-APR-2022,
OPTSTK,DLF,30-Jun-2022,420.0,PE,0.0,0.0,0.0,64.2,54.75,0,0.0,0,0,18-APR-2022,
OPTSTK,DLF,30-Jun-2022,425.0,PE,0.0,0.0,0.0,67.6,58.05,0,0.0,0,0,18-APR-2022,
OPTSTK,DLF,30-Jun-2022,430.0,PE,0.0,0.0,0.0,71.05,61.45,0,0.0,0,0,18-APR-2022,
OPTSTK,DLF,30-Jun-2022,435.0,PE,0.0,0.0,0.0,74.55,64.9,0,0.0,0,0,18-APR-2022,
OPTSTK,DLF,30-Jun-2022,440.0,PE,0.0,0.0,0.0,78.15,68.45,0,0.0,0,0,18-APR-2022,
OPTSTK,DLF,30-Jun-2022,445.0,PE,0.0,0.0,0.0,81.8,72.05,0,0.0,0,0,18-APR-2022,
OPTSTK,DLF,30-Jun-2022,450.0,PE,0.0,0.0,0.0,85.55,75.8,0,0.0,0,0,18-APR-2022,
OPTSTK,DLF,30-Jun-2022,455.0,PE,0.0,0.0,0.0,89.35,79.55,0,0.0,0,0,18-APR-2022,
OPTSTK,DLF,30-Jun-2022,460.0,PE,0.0,0.0,0.0,93.2,83.4,0,0.0,0,0,18-APR-2022,
OPTSTK,DLF,30-Jun-2022,465.0,PE,0.0,0.0,0.0,97.1,87.3,0,0.0,0,0,18-APR-2022,
OPTSTK,DLF,30-Jun-2022,470.0,PE,0.0,0.0,0.0,101.05,91.25,0,0.0,0,0,18-APR-2022,
OPTSTK,DLF,30-Jun-2022,475.0,PE,0.0,0.0,0.0,105.05,95.25,0,0.0,0,0,18-APR-2022,
OPTSTK,DLF,30-Jun-2022,480.0,PE,0.0,0.0,0.0,109.1,99.35,0,0.0,0,0,18-APR-2022,
OPTSTK,DLF,30-Jun-2022,485.0,PE,0.0,0.0,0.0,113.2,103.45,0,0.0,0,0,18-APR-2022,
OPTSTK,DLF,30-Jun-2022,490.0,PE,0.0,0.0,0.0,117.3,107.65,0,0.0,0,0,18-APR-2022,
OPTSTK,DLF,30-Jun-2022,495.0,PE,0.0,0.0,0.0,121.5,111.85,0,0.0,0,0,18-APR-2022,
OPTSTK,DLF,30-Jun-2022,500.0,PE,0.0,0.0,0.0,125.75,116.15,0,0.0,0,0,18-APR-2022,
OPTSTK,DRREDDY,28-Apr-2022,2750.0,CE,0.0,0.0,0.0,1535.3,1538.05,0,0.0,0,0,18-APR-2022,
OPTSTK,DRREDDY,28-Apr-2022,2800.0,CE,0.0,0.0,0.0,1486.0,1488.1,0,0.0,0,0,18-APR-2022,
OPTSTK,DRREDDY,28-Apr-2022,2850.0,CE,0.0,0.0,0.0,1436.7,1438.2,0,0.0,0,0,18-APR-2022,
OPTSTK,DRREDDY,28-Apr-2022,2900.0,CE,0.0,0.0,0.0,1387.5,1388.25,0,0.0,0,0,18-APR-2022,
OPTSTK,DRREDDY,28-Apr-2022,2950.0,CE,0.0,0.0,0.0,1338.45,1338.3,0,0.0,0,0,18-APR-2022,
OPTSTK,DRREDDY,28-Apr-2022,3000.0,CE,0.0,0.0,0.0,1289.5,1288.35,0,0.0,0,0,18-APR-2022,
OPTSTK,DRREDDY,28-Apr-2022,3050.0,CE,0.0,0.0,0.0,1240.7,1238.4,0,0.0,0,0,18-APR-2022,
OPTSTK,DRREDDY,28-Apr-2022,3100.0,CE,0.0,0.0,0.0,1192.15,1188.45,0,0.0,0,0,18-APR-2022,
OPTSTK,DRREDDY,28-Apr-2022,3150.0,CE,0.0,0.0,0.0,1143.85,1138.5,0,0.0,0,0,18-APR-2022,
OPTSTK,DRREDDY,28-Apr-2022,3200.0,CE,0.0,0.0,0.0,1095.85,1088.55,0,0.0,0,0,18-APR-2022,
OPTSTK,DRREDDY,28-Apr-2022,3250.0,CE,0.0,0.0,0.0,1048.2,1038.65,0,0.0,0,0,18-APR-2022,
OPTSTK,DRREDDY,28-Apr-2022,3300.0,CE,0.0,0.0,0.0,1001.05,988.7,0,0.0,0,0,18-APR-2022,
OPTSTK,DRREDDY,28-Apr-2022,3350.0,CE,0.0,0.0,0.0,954.35,938.75,0,0.0,0,0,18-APR-2022,
OPTSTK,DRREDDY,28-Apr-2022,3400.0,CE,0.0,0.0,0.0,908.3,888.8,0,0.0,0,0,18-APR-2022,
OPTSTK,DRREDDY,28-Apr-2022,3450.0,CE,0.0,0.0,0.0,862.85,838.85,0,0.0,0,0,18-APR-2022,
OPTSTK,DRREDDY,28-Apr-2022,3500.0,CE,0.0,0.0,0.0,818.2,788.9,0,0.0,0,0,18-APR-2022,
OPTSTK,DRREDDY,28-Apr-2022,3550.0,CE,0.0,0.0,0.0,774.35,738.95,0,0.0,0,0,18-APR-2022,
OPTSTK,DRREDDY,28-Apr-2022,3600.0,CE,0.0,0.0,0.0,731.4,689.05,0,0.0,0,0,18-APR-2022,
OPTSTK,DRREDDY,28-Apr-2022,3650.0,CE,0.0,0.0,0.0,689.5,639.15,0,0.0,0,0,18-APR-2022,
OPTSTK,DRREDDY,28-Apr-2022,3700.0,CE,0.0,0.0,0.0,648.6,589.3,0,0.0,0,0,18-APR-2022,
OPTSTK,DRREDDY,28-Apr-2022,3750.0,CE,0.0,0.0,0.0,608.9,539.55,0,0.0,0,0,18-APR-2022,
OPTSTK,DRREDDY,28-Apr-2022,3800.0,CE,0.0,0.0,0.0,627.0,490.05,0,0.0,1250,0,18-APR-2022,
OPTSTK,DRREDDY,28-Apr-2022,3850.0,CE,0.0,0.0,0.0,533.35,440.9,0,0.0,0,0,18-APR-2022,
OPTSTK,DRREDDY,28-Apr-2022,3900.0,CE,0.0,0.0,0.0,480.0,392.45,0,0.0,1500,0,18-APR-2022,
OPTSTK,DRREDDY,28-Apr-2022,3950.0,CE,0.0,0.0,0.0,354.95,345.0,0,0.0,375,0,18-APR-2022,
OPTSTK,DRREDDY,28-Apr-2022,4000.0,CE,296.5,322.75,271.2,312.75,299.0,21,112.64,4750,-500,18-APR-2022,
OPTSTK,DRREDDY,28-Apr-2022,4050.0,CE,0.0,0.0,0.0,291.75,255.05,0,0.0,4625,0,18-APR-2022,
OPTSTK,DRREDDY,28-Apr-2022,4100.0,CE,210.0,210.0,196.85,206.3,213.75,4,21.51,4000,375,18-APR-2022,
OPTSTK,DRREDDY,28-Apr-2022,4150.0,CE,198.75,198.75,151.25,151.25,175.6,6,32.52,3750,-125,18-APR-2022,
OPTSTK,DRREDDY,28-Apr-2022,4200.0,CE,150.0,163.1,105.0,136.0,136.0,167,904.05,10750,750,18-APR-2022,
OPTSTK,DRREDDY,28-Apr-2022,4250.0,CE,125.0,129.8,78.7,104.75,104.75,388,2107.09,13750,6625,18-APR-2022,
OPTSTK,DRREDDY,28-Apr-2022,4300.0,CE,96.95,101.45,56.0,77.25,77.25,2580,14108.22,86000,2500,18-APR-2022,
OPTSTK,DRREDDY,28-Apr-2022,4350.0,CE,61.6,78.0,41.55,56.85,56.85,620,3413.68,55125,4750,18-APR-2022,
OPTSTK,DRREDDY,28-Apr-2022,4400.0,CE,55.5,60.0,31.45,41.15,41.15,2506,13916.2,236250,-12625,18-APR-2022,
OPTSTK,DRREDDY,28-Apr-2022,4450.0,CE,46.05,46.05,23.3,31.85,31.85,808,4526.38,95000,-8125,18-APR-2022,
OPTSTK,DRREDDY,28-Apr-2022,4500.0,CE,38.0,38.0,17.15,24.3,24.3,2607,14740.84,295250,9125,18-APR-2022,
OPTSTK,DRREDDY,28-Apr-2022,4550.0,CE,25.85,25.85,13.6,20.4,20.4,462,2637.69,34000,1750,18-APR-2022,
OPTSTK,DRREDDY,28-Apr-2022,4600.0,CE,18.95,20.0,10.9,15.45,15.45,1372,7914.36,146750,6375,18-APR-2022,
OPTSTK,DRREDDY,28-Apr-2022,4650.0,CE,8.35,16.15,6.7,12.3,12.3,310,1806.27,14250,-2750,18-APR-2022,
OPTSTK,DRREDDY,28-Apr-2022,4700.0,CE,13.85,13.85,6.85,9.4,9.4,988,5815.37,90375,-11000,18-APR-2022,
OPTSTK,DRREDDY,28-Apr-2022,4750.0,CE,8.0,11.0,5.7,7.55,7.55,352,2093.26,18750,3000,18-APR-2022,
OPTSTK,DRREDDY,28-Apr-2022,4800.0,CE,7.65,9.5,4.6,6.3,6.3,1401,8417.1,76125,1250,18-APR-2022,
OPTSTK,DRREDDY,28-Apr-2022,4850.0,CE,5.0,8.25,4.1,6.4,6.4,221,1341.26,8375,2750,18-APR-2022,
OPTSTK,DRREDDY,28-Apr-2022,4900.0,CE,8.95,8.95,3.6,5.2,5.2,590,3617.15,30875,0,18-APR-2022,
OPTSTK,DRREDDY,28-Apr-2022,4950.0,CE,3.7,6.45,3.1,4.55,4.55,271,1678.22,3875,-250,18-APR-2022,
OPTSTK,DRREDDY,28-Apr-2022,5000.0,CE,4.5,6.2,2.7,4.35,4.35,918,5741.82,126375,-21625,18-APR-2022,
OPTSTK,DRREDDY,28-Apr-2022,5050.0,CE,2.75,5.0,2.0,5.0,0.1,89,562.25,8500,4125,18-APR-2022,
OPTSTK,DRREDDY,28-Apr-2022,5100.0,CE,2.75,4.85,2.5,4.0,4.0,148,944.16,12625,1625,18-APR-2022,
OPTSTK,DRREDDY,28-Apr-2022,5150.0,CE,2.2,3.6,2.05,2.05,0.05,22,141.7,2625,0,18-APR-2022,
OPTSTK,DRREDDY,28-Apr-2022,5200.0,CE,3.2,4.0,2.25,4.0,0.05,48,312.2,21000,-875,18-APR-2022,
OPTSTK,DRREDDY,28-Apr-2022,5250.0,CE,0.0,0.0,0.0,34.1,0.0,0,0.0,0,0,18-APR-2022,
OPTSTK,DRREDDY,28-Apr-2022,5300.0,CE,2.8,2.8,2.7,2.8,0.0,6,39.77,16500,125,18-APR-2022,
OPTSTK,DRREDDY,28-Apr-2022,5350.0,CE,0.0,0.0,0.0,26.45,0.0,0,0.0,0,0,18-APR-2022,
OPTSTK,DRREDDY,28-Apr-2022,5400.0,CE,0.0,0.0,0.0,23.25,0.0,0,0.0,0,0,18-APR-2022,
OPTSTK,DRREDDY,28-Apr-2022,5450.0,CE,0.0,0.0,0.0,20.4,0.0,0,0.0,0,0,18-APR-2022,
OPTSTK,DRREDDY,28-Apr-2022,5500.0,CE,1.05,1.05,1.05,1.05,0.0,1,6.87,375,-125,18-APR-2022,
OPTSTK,DRREDDY,28-Apr-2022,5550.0,CE,0.0,0.0,0.0,15.65,0.0,0,0.0,0,0,18-APR-2022,
OPTSTK,DRREDDY,28-Apr-2022,5600.0,CE,0.0,0.0,0.0,13.65,0.0,0,0.0,0,0,18-APR-2022,
OPTSTK,DRREDDY,28-Apr-2022,5650.0,CE,0.0,0.0,0.0,11.9,0.0,0,0.0,0,0,18-APR-2022,
OPTSTK,DRREDDY,28-Apr-2022,5700.0,CE,0.0,0.0,0.0,10.4,0.0,0,0.0,0,0,18-APR-2022,
OPTSTK,DRREDDY,28-Apr-2022,5750.0,CE,0.0,0.0,0.0,9.05,0.0,0,0.0,0,0,18-APR-2022,
OPTSTK,DRREDDY,28-Apr-2022,5800.0,CE,0.0,0.0,0.0,0.7,0.0,0,0.0,1000,0,18-APR-2022,
OPTSTK,DRREDDY,28-Apr-2022,5850.0,CE,0.0,0.0,0.0,6.8,0.0,0,0.0,0,0,18-APR-2022,
OPTSTK,DRREDDY,28-Apr-2022,5900.0,CE,0.0,0.0,0.0,5.9,0.0,0,0.0,0,0,18-APR-2022,
OPTSTK,DRREDDY,28-Apr-2022,5950.0,CE,0.0,0.0,0.0,5.1,0.0,0,0.0,0,0,18-APR-2022,
OPTSTK,DRREDDY,28-Apr-2022,6000.0,CE,0.0,0.0,0.0,4.4,0.0,0,0.0,0,0,18-APR-2022,
OPTSTK,DRREDDY,28-Apr-2022,6050.0,CE,0.0,0.0,0.0,3.8,0.0,0,0.0,0,0,18-APR-2022,
OPTSTK,DRREDDY,28-Apr-2022,6100.0,CE,0.0,0.0,0.0,3.85,0.0,0,0.0,250,0,18-APR-2022,
OPTSTK,DRREDDY,28-Apr-2022,6150.0,CE,1.5,1.5,1.4,1.4,0.0,2,15.37,6125,0,18-APR-2022,
OPTSTK,DRREDDY,28-Apr-2022,2750.0,PE,0.0,0.0,0.0,0.3,0.0,0,0.0,0,0,18-APR-2022,
OPTSTK,DRREDDY,28-Apr-2022,2800.0,PE,0.0,0.0,0.0,0.45,0.0,0,0.0,0,0,18-APR-2022,
OPTSTK,DRREDDY,28-Apr-2022,2850.0,PE,0.0,0.0,0.0,0.65,0.0,0,0.0,0,0,18-APR-2022,
OPTSTK,DRREDDY,28-Apr-2022,2900.0,PE,0.0,0.0,0.0,0.95,0.0,0,0.0,0,0,18-APR-2022,
OPTSTK,DRREDDY,28-Apr-2022,2950.0,PE,0.0,0.0,0.0,1.35,0.0,0,0.0,0,0,18-APR-2022,
OPTSTK,DRREDDY,28-Apr-2022,3000.0,PE,0.0,0.0,0.0,0.1,0.0,0,0.0,375,0,18-APR-2022,
OPTSTK,DRREDDY,28-Apr-2022,3050.0,PE,0.0,0.0,0.0,2.6,0.0,0,0.0,0,0,18-APR-2022,
OPTSTK,DRREDDY,28-Apr-2022,3100.0,PE,0.0,0.0,0.0,3.5,0.0,0,0.0,0,0,18-APR-2022,
OPTSTK,DRREDDY,28-Apr-2022,3150.0,PE,0.0,0.0,0.0,4.65,0.0,0,0.0,0,0,18-APR-2022,
OPTSTK,DRREDDY,28-Apr-2022,3200.0,PE,0.0,0.0,0.0,6.15,0.0,0,0.0,0,0,18-APR-2022,
OPTSTK,DRREDDY,28-Apr-2022,3250.0,PE,0.0,0.0,0.0,8.0,0.0,0,0.0,0,0,18-APR-2022,
OPTSTK,DRREDDY,28-Apr-2022,3300.0,PE,0.0,0.0,0.0,10.3,0.0,0,0.0,0,0,18-APR-2022,
OPTSTK,DRREDDY,28-Apr-2022,3350.0,PE,0.0,0.0,0.0,13.15,0.0,0,0.0,0,0,18-APR-2022,
OPTSTK,DRREDDY,28-Apr-2022,3400.0,PE,0.0,0.0,0.0,16.5,0.0,0,0.0,0,0,18-APR-2022,
OPTSTK,DRREDDY,28-Apr-2022,3450.0,PE,0.0,0.0,0.0,20.6,0.0,0,0.0,0,0,18-APR-2022,
OPTSTK,DRREDDY,28-Apr-2022,3500.0,PE,1.65,1.65,0.75,0.75,0.75,4,17.5,6625,0,18-APR-2022,
OPTSTK,DRREDDY,28-Apr-2022,3550.0,PE,0.0,0.0,0.0,31.0,0.05,0,0.0,0,0,18-APR-2022,
OPTSTK,DRREDDY,28-Apr-2022,3600.0,PE,0.1,3.2,0.1,3.0,0.05,32,144.12,4125,-1875,18-APR-2022,
OPTSTK,DRREDDY,28-Apr-2022,3650.0,PE,0.0,0.0,0.0,7.5,0.1,0,0.0,125,0,18-APR-2022,
OPTSTK,DRREDDY,28-Apr-2022,3700.0,PE,3.6,7.0,3.6,5.1,5.1,263,1218.2,14500,-1125,18-APR-2022,
OPTSTK,DRREDDY,28-Apr-2022,3750.0,PE,0.0,0.0,0.0,7.0,0.4,0,0.0,4000,0,18-APR-2022,
OPTSTK,DRREDDY,28-Apr-2022,3800.0,PE,8.0,10.1,6.0,7.2,7.2,462,2199.13,35500,3000,18-APR-2022,
OPTSTK,DRREDDY,28-Apr-2022,3850.0,PE,0.0,0.0,0.0,8.0,1.65,0,0.0,1125,0,18-APR-2022,
OPTSTK,DRREDDY,28-Apr-2022,3900.0,PE,6.4,13.3,6.4,9.4,9.4,553,2703.17,32875,375,18-APR-2022,
OPTSTK,DRREDDY,28-Apr-2022,3950.0,PE,10.25,15.15,9.2,10.6,10.6,341,1688.68,2250,-1875,18-APR-2022,
OPTSTK,DRREDDY,28-Apr-2022,4000.0,PE,16.05,18.2,10.6,12.35,12.35,791,3969.06,72250,3000,18-APR-2022,
OPTSTK,DRREDDY,28-Apr-2022,4050.0,PE,14.0,22.85,12.55,16.0,16.0,277,1408.43,15500,-750,18-APR-2022,
OPTSTK,DRREDDY,28-Apr-2022,4100.0,PE,28.65,29.8,17.9,21.35,21.35,568,2927.97,40125,750,18-APR-2022,
OPTSTK,DRREDDY,28-Apr-2022,4150.0,PE,38.4,40.6,24.8,28.45,28.45,308,1610.32,16500,1250,18-APR-2022,
OPTSTK,DRREDDY,28-Apr-2022,4200.0,PE,47.05,57.3,34.85,38.1,38.1,679,3603.59,57500,-1375,18-APR-2022,
OPTSTK,DRREDDY,28-Apr-2022,4250.0,PE,68.1,78.25,49.35,54.45,54.45,549,2960.76,23625,750,18-APR-2022,
OPTSTK,DRREDDY,28-Apr-2022,4300.0,PE,91.7,109.0,68.6,77.1,77.1,833,4567.99,111750,-14000,18-APR-2022,
OPTSTK,DRREDDY,28-Apr-2022,4350.0,PE,109.9,143.5,96.1,104.3,104.3,189,1055.12,30125,-2375,18-APR-2022,
OPTSTK,DRREDDY,28-Apr-2022,4400.0,PE,143.0,182.55,129.3,139.1,139.1,146,832.37,50875,-6500,18-APR-2022,
OPTSTK,DRREDDY,28-Apr-2022,4450.0,PE,178.95,211.85,178.95,199.35,193.4,10,58.04,10375,-625,18-APR-2022,
OPTSTK,DRREDDY,28-Apr-2022,4500.0,PE,202.25,252.6,202.25,218.05,218.05,19,112.43,55500,-375,18-APR-2022,
OPTSTK,DRREDDY,28-Apr-2022,4550.0,PE,0.0,0.0,0.0,411.0,275.55,0,0.0,0,0,18-APR-2022,
OPTSTK,DRREDDY,28-Apr-2022,4600.0,PE,304.6,344.9,304.6,305.6,320.15,9,55.31,3625,0,18-APR-2022,
OPTSTK,DRREDDY,28-Apr-2022,4650.0,PE,0.0,0.0,0.0,479.8,366.4,0,0.0,0,0,18-APR-2022,
OPTSTK,DRREDDY,28-Apr-2022,4700.0,PE,0.0,0.0,0.0,366.95,413.85,0,0.0,4500,0,18-APR-2022,
OPTSTK,DRREDDY,28-Apr-2022,4750.0,PE,0.0,0.0,0.0,580.0,462.2,0,0.0,250,0,18-APR-2022,
OPTSTK,DRREDDY,28-Apr-2022,4800.0,PE,0.0,0.0,0.0,460.0,511.1,0,0.0,1750,0,18-APR-2022,
OPTSTK,DRREDDY,28-Apr-2022,4850.0,PE,0.0,0.0,0.0,630.95,560.45,0,0.0,0,0,18-APR-2022,
OPTSTK,DRREDDY,28-Apr-2022,4900.0,PE,0.0,0.0,0.0,550.0,610.0,0,0.0,125,0,18-APR-2022,
OPTSTK,DRREDDY,28-Apr-2022,4950.0,PE,0.0,0.0,0.0,712.15,659.75,0,0.0,0,0,18-APR-2022,
OPTSTK,DRREDDY,28-Apr-2022,5000.0,PE,0.0,0.0,0.0,673.5,709.6,0,0.0,4875,0,18-APR-2022,
OPTSTK,DRREDDY,28-Apr-2022,5050.0,PE,0.0,0.0,0.0,796.55,759.45,0,0.0,0,0,18-APR-2022,
OPTSTK,DRREDDY,28-Apr-2022,5100.0,PE,0.0,0.0,0.0,731.0,809.35,0,0.0,1000,0,18-APR-2022,
OPTSTK,DRREDDY,28-Apr-2022,5150.0,PE,0.0,0.0,0.0,883.65,859.3,0,0.0,0,0,18-APR-2022,
OPTSTK,DRREDDY,28-Apr-2022,5200.0,PE,0.0,0.0,0.0,928.1,909.25,0,0.0,0,0,18-APR-2022,
OPTSTK,DRREDDY,28-Apr-2022,5250.0,PE,0.0,0.0,0.0,973.1,959.15,0,0.0,0,0,18-APR-2022,
OPTSTK,DRREDDY,28-Apr-2022,5300.0,PE,0.0,0.0,0.0,1001.0,1009.1,0,0.0,125,0,18-APR-2022,
OPTSTK,DRREDDY,28-Apr-2022,5350.0,PE,0.0,0.0,0.0,1064.4,1059.05,0,0.0,0,0,18-APR-2022,
OPTSTK,DRREDDY,28-Apr-2022,5400.0,PE,0.0,0.0,0.0,1110.65,1109.0,0,0.0,0,0,18-APR-2022,
OPTSTK,DRREDDY,28-Apr-2022,5450.0,PE,0.0,0.0,0.0,1157.3,1158.95,0,0.0,0,0,18-APR-2022,
OPTSTK,DRREDDY,28-Apr-2022,5500.0,PE,0.0,0.0,0.0,1204.25,1208.9,0,0.0,0,0,18-APR-2022,
OPTSTK,DRREDDY,28-Apr-2022,5550.0,PE,0.0,0.0,0.0,1251.5,1258.8,0,0.0,0,0,18-APR-2022,
OPTSTK,DRREDDY,28-Apr-2022,5600.0,PE,0.0,0.0,0.0,1299.0,1308.75,0,0.0,0,0,18-APR-2022,
OPTSTK,DRREDDY,28-Apr-2022,5650.0,PE,0.0,0.0,0.0,1346.7,1358.7,0,0.0,0,0,18-APR-2022,
OPTSTK,DRREDDY,28-Apr-2022,5700.0,PE,0.0,0.0,0.0,1394.65,1408.65,0,0.0,0,0,18-APR-2022,
OPTSTK,DRREDDY,28-Apr-2022,5750.0,PE,0.0,0.0,0.0,1442.8,1458.6,0,0.0,0,0,18-APR-2022,
OPTSTK,DRREDDY,28-Apr-2022,5800.0,PE,0.0,0.0,0.0,1475.0,1508.55,0,0.0,1000,0,18-APR-2022,
OPTSTK,DRREDDY,28-Apr-2022,5850.0,PE,0.0,0.0,0.0,1539.5,1558.5,0,0.0,0,0,18-APR-2022,
OPTSTK,DRREDDY,28-Apr-2022,5900.0,PE,0.0,0.0,0.0,1588.1,1608.45,0,0.0,0,0,18-APR-2022,
OPTSTK,DRREDDY,28-Apr-2022,5950.0,PE,0.0,0.0,0.0,1636.75,1658.35,0,0.0,0,0,18-APR-2022,
OPTSTK,DRREDDY,28-Apr-2022,6000.0,PE,0.0,0.0,0.0,1685.55,1708.3,0,0.0,0,0,18-APR-2022,
OPTSTK,DRREDDY,28-Apr-2022,6050.0,PE,0.0,0.0,0.0,1734.45,1758.25,0,0.0,0,0,18-APR-2022,
OPTSTK,DRREDDY,28-Apr-2022,6100.0,PE,0.0,0.0,0.0,1783.4,1808.2,0,0.0,0,0,18-APR-2022,
OPTSTK,DRREDDY,28-Apr-2022,6150.0,PE,0.0,0.0,0.0,1832.4,1858.15,0,0.0,0,0,18-APR-2022,
OPTSTK,DRREDDY,26-May-2022,2750.0,CE,0.0,0.0,0.0,1371.85,1547.1,0,0.0,0,0,18-APR-2022,
OPTSTK,DRREDDY,26-May-2022,2800.0,CE,0.0,0.0,0.0,1322.65,1497.35,0,0.0,0,0,18-APR-2022,
OPTSTK,DRREDDY,26-May-2022,2850.0,CE,0.0,0.0,0.0,1273.55,1447.55,0,0.0,0,0,18-APR-2022,
OPTSTK,DRREDDY,26-May-2022,2900.0,CE,0.0,0.0,0.0,1224.6,1397.8,0,0.0,0,0,18-APR-2022,
OPTSTK,DRREDDY,26-May-2022,2950.0,CE,0.0,0.0,0.0,1175.8,1348.0,0,0.0,0,0,18-APR-2022,
OPTSTK,DRREDDY,26-May-2022,3000.0,CE,0.0,0.0,0.0,1127.25,1298.25,0,0.0,0,0,18-APR-2022,
OPTSTK,DRREDDY,26-May-2022,3050.0,CE,0.0,0.0,0.0,1078.95,1248.5,0,0.0,0,0,18-APR-2022,
OPTSTK,DRREDDY,26-May-2022,3100.0,CE,0.0,0.0,0.0,1031.0,1198.75,0,0.0,0,0,18-APR-2022,
OPTSTK,DRREDDY,26-May-2022,3150.0,CE,0.0,0.0,0.0,983.45,1149.0,0,0.0,0,0,18-APR-2022,
OPTSTK,DRREDDY,26-May-2022,3200.0,CE,0.0,0.0,0.0,936.4,1099.3,0,0.0,0,0,18-APR-2022,
OPTSTK,DRREDDY,26-May-2022,3250.0,CE,0.0,0.0,0.0,889.9,1049.7,0,0.0,0,0,18-APR-2022,
OPTSTK,DRREDDY,26-May-2022,3300.0,CE,0.0,0.0,0.0,844.0,1000.15,0,0.0,0,0,18-APR-2022,
OPTSTK,DRREDDY,26-May-2022,3350.0,CE,0.0,0.0,0.0,798.85,950.75,0,0.0,0,0,18-APR-2022,
OPTSTK,DRREDDY,26-May-2022,3400.0,CE,0.0,0.0,0.0,754.55,901.5,0,0.0,0,0,18-APR-2022,
OPTSTK,DRREDDY,26-May-2022,3450.0,CE,0.0,0.0,0.0,711.15,852.45,0,0.0,0,0,18-APR-2022,
OPTSTK,DRREDDY,26-May-2022,3500.0,CE,0.0,0.0,0.0,668.75,803.75,0,0.0,0,0,18-APR-2022,
OPTSTK,DRREDDY,26-May-2022,3550.0,CE,0.0,0.0,0.0,627.4,755.45,0,0.0,0,0,18-APR-2022,
OPTSTK,DRREDDY,26-May-2022,3600.0,CE,0.0,0.0,0.0,587.3,707.7,0,0.0,0,0,18-APR-2022,
OPTSTK,DRREDDY,26-May-2022,3650.0,CE,0.0,0.0,0.0,548.45,660.6,0,0.0,0,0,18-APR-2022,
OPTSTK,DRREDDY,26-May-2022,3700.0,CE,0.0,0.0,0.0,511.1,614.3,0,0.0,0,0,18-APR-2022,
OPTSTK,DRREDDY,26-May-2022,3750.0,CE,0.0,0.0,0.0,474.95,568.9,0,0.0,0,0,18-APR-2022,
OPTSTK,DRREDDY,26-May-2022,3800.0,CE,0.0,0.0,0.0,440.1,524.7,0,0.0,0,0,18-APR-2022,
OPTSTK,DRREDDY,26-May-2022,3850.0,CE,0.0,0.0,0.0,407.0,481.75,0,0.0,0,0,18-APR-2022,
OPTSTK,DRREDDY,26-May-2022,3900.0,CE,0.0,0.0,0.0,375.45,440.3,0,0.0,0,0,18-APR-2022,
OPTSTK,DRREDDY,26-May-2022,3950.0,CE,0.0,0.0,0.0,345.5,400.45,0,0.0,0,0,18-APR-2022,
OPTSTK,DRREDDY,26-May-2022,4000.0,CE,0.0,0.0,0.0,317.15,362.55,0,0.0,0,0,18-APR-2022,
OPTSTK,DRREDDY,26-May-2022,4050.0,CE,0.0,0.0,0.0,290.4,326.2,0,0.0,0,0,18-APR-2022,
OPTSTK,DRREDDY,26-May-2022,4100.0,CE,0.0,0.0,0.0,101.0,292.2,0,0.0,125,0,18-APR-2022,
OPTSTK,DRREDDY,26-May-2022,4150.0,CE,0.0,0.0,0.0,241.65,260.3,0,0.0,0,0,18-APR-2022,
OPTSTK,DRREDDY,26-May-2022,4200.0,CE,0.0,0.0,0.0,219.6,230.6,0,0.0,0,0,18-APR-2022,
OPTSTK,DRREDDY,26-May-2022,4250.0,CE,0.0,0.0,0.0,199.1,203.2,0,0.0,0,0,18-APR-2022,
OPTSTK,DRREDDY,26-May-2022,4300.0,CE,182.0,182.0,145.0,145.0,178.0,2,11.15,750,250,18-APR-2022,
OPTSTK,DRREDDY,26-May-2022,4350.0,CE,0.0,0.0,0.0,162.5,155.05,0,0.0,0,0,18-APR-2022,
OPTSTK,DRREDDY,26-May-2022,4400.0,CE,117.5,121.8,108.3,121.0,121.0,11,62.08,9625,375,18-APR-2022,
OPTSTK,DRREDDY,26-May-2022,4450.0,CE,0.0,0.0,0.0,131.35,115.7,0,0.0,0,0,18-APR-2022,
OPTSTK,DRREDDY,26-May-2022,4500.0,CE,97.0,104.05,75.0,86.95,86.95,171,980.17,25125,9125,18-APR-2022,
OPTSTK,DRREDDY,26-May-2022,4550.0,CE,0.0,0.0,0.0,105.4,84.35,0,0.0,0,0,18-APR-2022,
OPTSTK,DRREDDY,26-May-2022,4600.0,CE,129.45,129.45,55.0,70.0,71.65,6,35.11,3375,375,18-APR-2022,
OPTSTK,DRREDDY,26-May-2022,4650.0,CE,0.0,0.0,0.0,83.6,60.2,0,0.0,0,0,18-APR-2022,
OPTSTK,DRREDDY,26-May-2022,4700.0,CE,45.0,45.0,40.8,42.95,42.95,7,41.51,1000,875,18-APR-2022,
OPTSTK,DRREDDY,26-May-2022,4750.0,CE,0.0,0.0,0.0,65.8,42.0,0,0.0,0,0,18-APR-2022,
OPTSTK,DRREDDY,26-May-2022,4800.0,CE,35.0,35.0,28.0,30.0,34.8,5,30.18,875,500,18-APR-2022,
OPTSTK,DRREDDY,26-May-2022,4850.0,CE,0.0,0.0,0.0,51.4,28.65,0,0.0,0,0,18-APR-2022,
OPTSTK,DRREDDY,26-May-2022,4900.0,CE,0.0,0.0,0.0,45.25,23.5,0,0.0,0,0,18-APR-2022,
OPTSTK,DRREDDY,26-May-2022,4950.0,CE,0.0,0.0,0.0,39.8,19.15,0,0.0,0,0,18-APR-2022,
OPTSTK,DRREDDY,26-May-2022,5000.0,CE,28.0,28.0,15.05,19.9,19.9,9,56.47,3000,625,18-APR-2022,
OPTSTK,DRREDDY,26-May-2022,5050.0,CE,0.0,0.0,0.0,30.55,12.5,0,0.0,0,0,18-APR-2022,
OPTSTK,DRREDDY,26-May-2022,5100.0,CE,0.0,0.0,0.0,26.7,10.05,0,0.0,0,0,18-APR-2022,
OPTSTK,DRREDDY,26-May-2022,5150.0,CE,0.0,0.0,0.0,23.3,8.05,0,0.0,0,0,18-APR-2022,
OPTSTK,DRREDDY,26-May-2022,5200.0,CE,0.0,0.0,0.0,20.3,6.4,0,0.0,0,0,18-APR-2022,
OPTSTK,DRREDDY,26-May-2022,5250.0,CE,0.0,0.0,0.0,17.65,5.05,0,0.0,0,0,18-APR-2022,
OPTSTK,DRREDDY,26-May-2022,5300.0,CE,0.0,0.0,0.0,15.3,4.0,0,0.0,0,0,18-APR-2022,
OPTSTK,DRREDDY,26-May-2022,5350.0,CE,0.0,0.0,0.0,13.25,3.1,0,0.0,0,0,18-APR-2022,
OPTSTK,DRREDDY,26-May-2022,5400.0,CE,0.0,0.0,0.0,11.45,2.45,0,0.0,0,0,18-APR-2022,
OPTSTK,DRREDDY,26-May-2022,5450.0,CE,0.0,0.0,0.0,9.9,1.9,0,0.0,0,0,18-APR-2022,
OPTSTK,DRREDDY,26-May-2022,5500.0,CE,0.0,0.0,0.0,8.55,1.45,0,0.0,0,0,18-APR-2022,
OPTSTK,DRREDDY,26-May-2022,5550.0,CE,0.0,0.0,0.0,7.35,1.15,0,0.0,0,0,18-APR-2022,
OPTSTK,DRREDDY,26-May-2022,5600.0,CE,0.0,0.0,0.0,6.3,0.85,0,0.0,0,0,18-APR-2022,
OPTSTK,DRREDDY,26-May-2022,5650.0,CE,0.0,0.0,0.0,5.4,0.65,0,0.0,0,0,18-APR-2022,
OPTSTK,DRREDDY,26-May-2022,5700.0,CE,0.0,0.0,0.0,4.65,0.5,0,0.0,0,0,18-APR-2022,
OPTSTK,DRREDDY,26-May-2022,5750.0,CE,0.0,0.0,0.0,4.0,0.4,0,0.0,0,0,18-APR-2022,
OPTSTK,DRREDDY,26-May-2022,5800.0,CE,0.0,0.0,0.0,3.4,0.3,0,0.0,0,0,18-APR-2022,
OPTSTK,DRREDDY,26-May-2022,5850.0,CE,0.0,0.0,0.0,2.9,0.25,0,0.0,0,0,18-APR-2022,
OPTSTK,DRREDDY,26-May-2022,5900.0,CE,0.0,0.0,0.0,2.5,0.2,0,0.0,0,0,18-APR-2022,
OPTSTK,DRREDDY,26-May-2022,5950.0,CE,0.0,0.0,0.0,2.1,0.15,0,0.0,0,0,18-APR-2022,
OPTSTK,DRREDDY,26-May-2022,6000.0,CE,0.0,0.0,0.0,1.8,0.1,0,0.0,0,0,18-APR-2022,
OPTSTK,DRREDDY,26-May-2022,2750.0,PE,0.0,0.0,0.0,0.6,0.0,0,0.0,0,0,18-APR-2022,
OPTSTK,DRREDDY,26-May-2022,2800.0,PE,0.0,0.0,0.0,0.85,0.0,0,0.0,0,0,18-APR-2022,
OPTSTK,DRREDDY,26-May-2022,2850.0,PE,0.0,0.0,0.0,1.25,0.0,0,0.0,0,0,18-APR-2022,
OPTSTK,DRREDDY,26-May-2022,2900.0,PE,0.0,0.0,0.0,1.75,0.05,0,0.0,0,0,18-APR-2022,
OPTSTK,DRREDDY,26-May-2022,2950.0,PE,0.0,0.0,0.0,2.45,0.05,0,0.0,0,0,18-APR-2022,
OPTSTK,DRREDDY,26-May-2022,3000.0,PE,0.0,0.0,0.0,4.1,0.05,0,0.0,250,0,18-APR-2022,
OPTSTK,DRREDDY,26-May-2022,3050.0,PE,0.0,0.0,0.0,4.55,0.05,0,0.0,0,0,18-APR-2022,
OPTSTK,DRREDDY,26-May-2022,3100.0,PE,0.0,0.0,0.0,6.1,0.1,0,0.0,0,0,18-APR-2022,
OPTSTK,DRREDDY,26-May-2022,3150.0,PE,0.0,0.0,0.0,8.0,0.15,0,0.0,0,0,18-APR-2022,
OPTSTK,DRREDDY,26-May-2022,3200.0,PE,0.0,0.0,0.0,10.4,0.25,0,0.0,0,0,18-APR-2022,
OPTSTK,DRREDDY,26-May-2022,3250.0,PE,0.0,0.0,0.0,13.35,0.4,0,0.0,0,0,18-APR-2022,
OPTSTK,DRREDDY,26-May-2022,3300.0,PE,0.0,0.0,0.0,18.0,0.65,0,0.0,0,0,18-APR-2022,
OPTSTK,DRREDDY,26-May-2022,3350.0,PE,0.0,0.0,0.0,21.3,1.0,0,0.0,0,0,18-APR-2022,
OPTSTK,DRREDDY,26-May-2022,3400.0,PE,0.0,0.0,0.0,35.0,1.5,0,0.0,375,0,18-APR-2022,
OPTSTK,DRREDDY,26-May-2022,3450.0,PE,0.0,0.0,0.0,32.5,2.3,0,0.0,0,0,18-APR-2022,
OPTSTK,DRREDDY,26-May-2022,3500.0,PE,0.0,0.0,0.0,8.0,3.35,0,0.0,1250,0,18-APR-2022,
OPTSTK,DRREDDY,26-May-2022,3550.0,PE,0.0,0.0,0.0,47.75,4.85,0,0.0,0,0,18-APR-2022,
OPTSTK,DRREDDY,26-May-2022,3600.0,PE,0.0,0.0,0.0,57.15,6.85,0,0.0,0,0,18-APR-2022,
OPTSTK,DRREDDY,26-May-2022,3650.0,PE,0.0,0.0,0.0,67.75,9.5,0,0.0,0,0,18-APR-2022,
OPTSTK,DRREDDY,26-May-2022,3700.0,PE,10.0,10.0,10.0,10.0,10.0,1,4.63,125,125,18-APR-2022,
OPTSTK,DRREDDY,26-May-2022,3750.0,PE,0.0,0.0,0.0,93.2,17.4,0,0.0,0,0,18-APR-2022,
OPTSTK,DRREDDY,26-May-2022,3800.0,PE,0.0,0.0,0.0,107.85,22.95,0,0.0,0,0,18-APR-2022,
OPTSTK,DRREDDY,26-May-2022,3850.0,PE,0.0,0.0,0.0,124.2,29.8,0,0.0,0,0,18-APR-2022,
OPTSTK,DRREDDY,26-May-2022,3900.0,PE,0.0,0.0,0.0,142.15,38.1,0,0.0,0,0,18-APR-2022,
OPTSTK,DRREDDY,26-May-2022,3950.0,PE,0.0,0.0,0.0,161.65,48.05,0,0.0,0,0,18-APR-2022,
OPTSTK,DRREDDY,26-May-2022,4000.0,PE,52.0,64.0,51.05,52.5,52.5,18,91.28,13125,1000,18-APR-2022,
OPTSTK,DRREDDY,26-May-2022,4050.0,PE,0.0,0.0,0.0,205.5,73.4,0,0.0,0,0,18-APR-2022,
OPTSTK,DRREDDY,26-May-2022,4100.0,PE,0.0,0.0,0.0,80.0,89.15,0,0.0,750,0,18-APR-2022,
OPTSTK,DRREDDY,26-May-2022,4150.0,PE,0.0,0.0,0.0,255.7,107.0,0,0.0,0,0,18-APR-2022,
OPTSTK,DRREDDY,26-May-2022,4200.0,PE,120.0,122.05,106.7,106.7,127.1,36,194.36,32250,4125,18-APR-2022,
OPTSTK,DRREDDY,26-May-2022,4250.0,PE,0.0,0.0,0.0,312.15,149.45,0,0.0,0,0,18-APR-2022,
OPTSTK,DRREDDY,26-May-2022,4300.0,PE,142.05,175.0,135.0,135.15,135.15,63,349.91,20250,5250,18-APR-2022,
OPTSTK,DRREDDY,26-May-2022,4350.0,PE,0.0,0.0,0.0,374.45,200.9,0,0.0,0,0,18-APR-2022,
OPTSTK,DRREDDY,26-May-2022,4400.0,PE,0.0,0.0,0.0,407.7,229.95,0,0.0,0,0,18-APR-2022,
OPTSTK,DRREDDY,26-May-2022,4450.0,PE,0.0,0.0,0.0,442.25,261.1,0,0.0,0,0,18-APR-2022,
OPTSTK,DRREDDY,26-May-2022,4500.0,PE,0.0,0.0,0.0,250.0,294.25,0,0.0,750,0,18-APR-2022,
OPTSTK,DRREDDY,26-May-2022,4550.0,PE,0.0,0.0,0.0,515.3,329.3,0,0.0,0,0,18-APR-2022,
OPTSTK,DRREDDY,26-May-2022,4600.0,PE,0.0,0.0,0.0,553.45,366.35,0,0.0,0,0,18-APR-2022,
OPTSTK,DRREDDY,26-May-2022,4650.0,PE,0.0,0.0,0.0,592.45,404.75,0,0.0,0,0,18-APR-2022,
OPTSTK,DRREDDY,26-May-2022,4700.0,PE,0.0,0.0,0.0,632.6,444.75,0,0.0,0,0,18-APR-2022,
OPTSTK,DRREDDY,26-May-2022,4750.0,PE,0.0,0.0,0.0,673.6,486.1,0,0.0,0,0,18-APR-2022,
OPTSTK,DRREDDY,26-May-2022,4800.0,PE,0.0,0.0,0.0,715.5,528.65,0,0.0,0,0,18-APR-2022,
OPTSTK,DRREDDY,26-May-2022,4850.0,PE,0.0,0.0,0.0,758.1,572.3,0,0.0,0,0,18-APR-2022,
OPTSTK,DRREDDY,26-May-2022,4900.0,PE,0.0,0.0,0.0,801.5,616.9,0,0.0,0,0,18-APR-2022,
OPTSTK,DRREDDY,26-May-2022,4950.0,PE,0.0,0.0,0.0,845.5,662.35,0,0.0,0,0,18-APR-2022,
OPTSTK,DRREDDY,26-May-2022,5000.0,PE,0.0,0.0,0.0,890.05,708.5,0,0.0,0,0,18-APR-2022,
OPTSTK,DRREDDY,26-May-2022,5050.0,PE,0.0,0.0,0.0,935.2,755.3,0,0.0,0,0,18-APR-2022,
OPTSTK,DRREDDY,26-May-2022,5100.0,PE,0.0,0.0,0.0,980.85,802.6,0,0.0,0,0,18-APR-2022,
OPTSTK,DRREDDY,26-May-2022,5150.0,PE,0.0,0.0,0.0,1026.9,850.35,0,0.0,0,0,18-APR-2022,
OPTSTK,DRREDDY,26-May-2022,5200.0,PE,0.0,0.0,0.0,1073.35,898.45,0,0.0,0,0,18-APR-2022,
OPTSTK,DRREDDY,26-May-2022,5250.0,PE,0.0,0.0,0.0,1120.2,946.9,0,0.0,0,0,18-APR-2022,
OPTSTK,DRREDDY,26-May-2022,5300.0,PE,0.0,0.0,0.0,1167.35,995.65,0,0.0,0,0,18-APR-2022,
OPTSTK,DRREDDY,26-May-2022,5350.0,PE,0.0,0.0,0.0,1214.75,1044.55,0,0.0,0,0,18-APR-2022,
OPTSTK,DRREDDY,26-May-2022,5400.0,PE,0.0,0.0,0.0,1262.45,1093.65,0,0.0,0,0,18-APR-2022,
OPTSTK,DRREDDY,26-May-2022,5450.0,PE,0.0,0.0,0.0,1310.35,1142.9,0,0.0,0,0,18-APR-2022,
OPTSTK,DRREDDY,26-May-2022,5500.0,PE,0.0,0.0,0.0,1358.45,1192.25,0,0.0,0,0,18-APR-2022,
OPTSTK,DRREDDY,26-May-2022,5550.0,PE,0.0,0.0,0.0,1406.75,1241.7,0,0.0,0,0,18-APR-2022,
OPTSTK,DRREDDY,26-May-2022,5600.0,PE,0.0,0.0,0.0,1455.2,1291.2,0,0.0,0,0,18-APR-2022,
OPTSTK,DRREDDY,26-May-2022,5650.0,PE,0.0,0.0,0.0,1503.8,1340.8,0,0.0,0,0,18-APR-2022,
OPTSTK,DRREDDY,26-May-2022,5700.0,PE,0.0,0.0,0.0,1552.5,1390.4,0,0.0,0,0,18-APR-2022,
OPTSTK,DRREDDY,26-May-2022,5750.0,PE,0.0,0.0,0.0,1601.3,1440.05,0,0.0,0,0,18-APR-2022,
OPTSTK,DRREDDY,26-May-2022,5800.0,PE,0.0,0.0,0.0,1650.2,1489.75,0,0.0,0,0,18-APR-2022,
OPTSTK,DRREDDY,26-May-2022,5850.0,PE,0.0,0.0,0.0,1699.2,1539.45,0,0.0,0,0,18-APR-2022,
OPTSTK,DRREDDY,26-May-2022,5900.0,PE,0.0,0.0,0.0,1748.25,1589.2,0,0.0,0,0,18-APR-2022,
OPTSTK,DRREDDY,26-May-2022,5950.0,PE,0.0,0.0,0.0,1797.35,1638.9,0,0.0,0,0,18-APR-2022,
OPTSTK,DRREDDY,26-May-2022,6000.0,PE,0.0,0.0,0.0,1846.5,1688.65,0,0.0,0,0,18-APR-2022,
OPTSTK,DRREDDY,30-Jun-2022,2750.0,CE,0.0,0.0,0.0,1574.75,1558.35,0,0.0,0,0,18-APR-2022,
OPTSTK,DRREDDY,30-Jun-2022,2800.0,CE,0.0,0.0,0.0,1525.5,1508.85,0,0.0,0,0,18-APR-2022,
OPTSTK,DRREDDY,30-Jun-2022,2850.0,CE,0.0,0.0,0.0,1476.25,1459.35,0,0.0,0,0,18-APR-2022,
OPTSTK,DRREDDY,30-Jun-2022,2900.0,CE,0.0,0.0,0.0,1427.1,1409.9,0,0.0,0,0,18-APR-2022,
OPTSTK,DRREDDY,30-Jun-2022,2950.0,CE,0.0,0.0,0.0,1378.1,1360.55,0,0.0,0,0,18-APR-2022,
OPTSTK,DRREDDY,30-Jun-2022,3000.0,CE,0.0,0.0,0.0,1329.2,1311.2,0,0.0,0,0,18-APR-2022,
OPTSTK,DRREDDY,30-Jun-2022,3050.0,CE,0.0,0.0,0.0,1280.5,1262.05,0,0.0,0,0,18-APR-2022,
OPTSTK,DRREDDY,30-Jun-2022,3100.0,CE,0.0,0.0,0.0,1232.05,1212.95,0,0.0,0,0,18-APR-2022,
OPTSTK,DRREDDY,30-Jun-2022,3150.0,CE,0.0,0.0,0.0,1183.85,1164.1,0,0.0,0,0,18-APR-2022,
OPTSTK,DRREDDY,30-Jun-2022,3200.0,CE,0.0,0.0,0.0,1135.95,1115.45,0,0.0,0,0,18-APR-2022,
OPTSTK,DRREDDY,30-Jun-2022,3250.0,CE,0.0,0.0,0.0,1088.45,1067.05,0,0.0,0,0,18-APR-2022,
OPTSTK,DRREDDY,30-Jun-2022,3300.0,CE,0.0,0.0,0.0,1041.35,1019.0,0,0.0,0,0,18-APR-2022,
OPTSTK,DRREDDY,30-Jun-2022,3350.0,CE,0.0,0.0,0.0,994.8,971.4,0,0.0,0,0,18-APR-2022,
OPTSTK,DRREDDY,30-Jun-2022,3400.0,CE,0.0,0.0,0.0,948.8,924.25,0,0.0,0,0,18-APR-2022,
OPTSTK,DRREDDY,30-Jun-2022,3450.0,CE,0.0,0.0,0.0,903.45,877.65,0,0.0,0,0,18-APR-2022,
OPTSTK,DRREDDY,30-Jun-2022,3500.0,CE,0.0,0.0,0.0,858.8,831.7,0,0.0,0,0,18-APR-2022,
OPTSTK,DRREDDY,30-Jun-2022,3550.0,CE,0.0,0.0,0.0,814.95,786.45,0,0.0,0,0,18-APR-2022,
OPTSTK,DRREDDY,30-Jun-2022,3600.0,CE,0.0,0.0,0.0,772.0,742.1,0,0.0,0,0,18-APR-2022,
OPTSTK,DRREDDY,30-Jun-2022,3650.0,CE,0.0,0.0,0.0,729.95,698.65,0,0.0,0,0,18-APR-2022,
OPTSTK,DRREDDY,30-Jun-2022,3700.0,CE,0.0,0.0,0.0,688.95,656.2,0,0.0,0,0,18-APR-2022,
OPTSTK,DRREDDY,30-Jun-2022,3750.0,CE,0.0,0.0,0.0,649.05,614.9,0,0.0,0,0,18-APR-2022,
OPTSTK,DRREDDY,30-Jun-2022,3800.0,CE,0.0,0.0,0.0,610.3,574.8,0,0.0,0,0,18-APR-2022,
OPTSTK,DRREDDY,30-Jun-2022,3850.0,CE,0.0,0.0,0.0,572.9,535.95,0,0.0,0,0,18-APR-2022,
OPTSTK,DRREDDY,30-Jun-2022,3900.0,CE,0.0,0.0,0.0,536.6,498.65,0,0.0,0,0,18-APR-2022,
OPTSTK,DRREDDY,30-Jun-2022,3950.0,CE,0.0,0.0,0.0,501.6,462.55,0,0.0,0,0,18-APR-2022,
OPTSTK,DRREDDY,30-Jun-2022,4000.0,CE,0.0,0.0,0.0,467.85,427.85,0,0.0,0,0,18-APR-2022,
OPTSTK,DRREDDY,30-Jun-2022,4050.0,CE,0.0,0.0,0.0,435.65,394.9,0,0.0,0,0,18-APR-2022,
OPTSTK,DRREDDY,30-Jun-2022,4100.0,CE,0.0,0.0,0.0,404.9,363.5,0,0.0,0,0,18-APR-2022,
OPTSTK,DRREDDY,30-Jun-2022,4150.0,CE,0.0,0.0,0.0,375.55,333.75,0,0.0,0,0,18-APR-2022,
OPTSTK,DRREDDY,30-Jun-2022,4200.0,CE,0.0,0.0,0.0,347.65,305.6,0,0.0,0,0,18-APR-2022,
OPTSTK,DRREDDY,30-Jun-2022,4250.0,CE,0.0,0.0,0.0,321.2,279.1,0,0.0,0,0,18-APR-2022,
OPTSTK,DRREDDY,30-Jun-2022,4300.0,CE,0.0,0.0,0.0,296.2,254.2,0,0.0,0,0,18-APR-2022,
OPTSTK,DRREDDY,30-Jun-2022,4350.0,CE,0.0,0.0,0.0,272.6,230.95,0,0.0,0,0,18-APR-2022,
OPTSTK,DRREDDY,30-Jun-2022,4400.0,CE,0.0,0.0,0.0,250.4,209.25,0,0.0,0,0,18-APR-2022,
OPTSTK,DRREDDY,30-Jun-2022,4450.0,CE,0.0,0.0,0.0,229.55,189.1,0,0.0,0,0,18-APR-2022,
OPTSTK,DRREDDY,30-Jun-2022,4500.0,CE,0.0,0.0,0.0,210.05,170.45,0,0.0,0,0,18-APR-2022,
OPTSTK,DRREDDY,30-Jun-2022,4550.0,CE,0.0,0.0,0.0,191.85,153.25,0,0.0,0,0,18-APR-2022,
OPTSTK,DRREDDY,30-Jun-2022,4600.0,CE,0.0,0.0,0.0,174.9,137.45,0,0.0,0,0,18-APR-2022,
OPTSTK,DRREDDY,30-Jun-2022,4650.0,CE,0.0,0.0,0.0,159.15,122.95,0,0.0,0,0,18-APR-2022,
OPTSTK,DRREDDY,30-Jun-2022,4700.0,CE,0.0,0.0,0.0,144.55,109.7,0,0.0,0,0,18-APR-2022,
OPTSTK,DRREDDY,30-Jun-2022,4750.0,CE,0.0,0.0,0.0,131.1,97.9,0,0.0,0,0,18-APR-2022,
OPTSTK,DRREDDY,30-Jun-2022,4800.0,CE,0.0,0.0,0.0,118.85,86.8,0,0.0,0,0,18-APR-2022,
OPTSTK,DRREDDY,30-Jun-2022,4850.0,CE,0.0,0.0,0.0,107.45,76.95,0,0.0,0,0,18-APR-2022,
OPTSTK,DRREDDY,30-Jun-2022,4900.0,CE,0.0,0.0,0.0,75.0,68.0,0,0.0,125,0,18-APR-2022,
OPTSTK,DRREDDY,30-Jun-2022,4950.0,CE,0.0,0.0,0.0,87.2,60.0,0,0.0,0,0,18-APR-2022,
OPTSTK,DRREDDY,30-Jun-2022,5000.0,CE,0.0,0.0,0.0,78.45,52.75,0,0.0,0,0,18-APR-2022,
OPTSTK,DRREDDY,30-Jun-2022,5050.0,CE,0.0,0.0,0.0,70.4,46.35,0,0.0,0,0,18-APR-2022,
OPTSTK,DRREDDY,30-Jun-2022,5100.0,CE,0.0,0.0,0.0,63.1,40.6,0,0.0,0,0,18-APR-2022,
OPTSTK,DRREDDY,30-Jun-2022,5150.0,CE,0.0,0.0,0.0,56.5,35.45,0,0.0,0,0,18-APR-2022,
OPTSTK,DRREDDY,30-Jun-2022,5200.0,CE,0.0,0.0,0.0,50.45,30.95,0,0.0,0,0,18-APR-2022,
OPTSTK,DRREDDY,30-Jun-2022,5250.0,CE,0.0,0.0,0.0,45.05,26.95,0,0.0,0,0,18-APR-2022,
OPTSTK,DRREDDY,30-Jun-2022,5300.0,CE,0.0,0.0,0.0,40.1,23.4,0,0.0,0,0,18-APR-2022,
OPTSTK,DRREDDY,30-Jun-2022,5350.0,CE,0.0,0.0,0.0,35.7,20.25,0,0.0,0,0,18-APR-2022,
OPTSTK,DRREDDY,30-Jun-2022,5400.0,CE,0.0,0.0,0.0,31.7,17.55,0,0.0,0,0,18-APR-2022,
OPTSTK,DRREDDY,30-Jun-2022,5450.0,CE,0.0,0.0,0.0,28.1,15.15,0,0.0,0,0,18-APR-2022,
OPTSTK,DRREDDY,30-Jun-2022,5500.0,CE,0.0,0.0,0.0,24.9,13.05,0,0.0,0,0,18-APR-2022,
OPTSTK,DRREDDY,30-Jun-2022,5550.0,CE,0.0,0.0,0.0,22.05,11.25,0,0.0,0,0,18-APR-2022,
OPTSTK,DRREDDY,30-Jun-2022,5600.0,CE,0.0,0.0,0.0,19.45,9.65,0,0.0,0,0,18-APR-2022,
OPTSTK,DRREDDY,30-Jun-2022,5650.0,CE,0.0,0.0,0.0,17.2,8.25,0,0.0,0,0,18-APR-2022,
OPTSTK,DRREDDY,30-Jun-2022,5700.0,CE,0.0,0.0,0.0,15.15,7.05,0,0.0,0,0,18-APR-2022,
OPTSTK,DRREDDY,30-Jun-2022,5750.0,CE,0.0,0.0,0.0,13.35,6.05,0,0.0,0,0,18-APR-2022,
OPTSTK,DRREDDY,30-Jun-2022,5800.0,CE,0.0,0.0,0.0,11.7,5.15,0,0.0,0,0,18-APR-2022,
OPTSTK,DRREDDY,30-Jun-2022,5850.0,CE,0.0,0.0,0.0,10.3,4.4,0,0.0,0,0,18-APR-2022,
OPTSTK,DRREDDY,30-Jun-2022,5900.0,CE,0.0,0.0,0.0,9.0,3.75,0,0.0,0,0,18-APR-2022,
OPTSTK,DRREDDY,30-Jun-2022,2750.0,PE,0.0,0.0,0.0,0.4,0.1,0,0.0,0,0,18-APR-2022,
OPTSTK,DRREDDY,30-Jun-2022,2800.0,PE,0.0,0.0,0.0,0.6,0.2,0,0.0,0,0,18-APR-2022,
OPTSTK,DRREDDY,30-Jun-2022,2850.0,PE,0.0,0.0,0.0,0.85,0.3,0,0.0,0,0,18-APR-2022,
OPTSTK,DRREDDY,30-Jun-2022,2900.0,PE,0.0,0.0,0.0,1.15,0.4,0,0.0,0,0,18-APR-2022,
OPTSTK,DRREDDY,30-Jun-2022,2950.0,PE,0.0,0.0,0.0,1.65,0.6,0,0.0,0,0,18-APR-2022,
OPTSTK,DRREDDY,30-Jun-2022,3000.0,PE,0.0,0.0,0.0,2.2,0.9,0,0.0,0,0,18-APR-2022,
OPTSTK,DRREDDY,30-Jun-2022,3050.0,PE,0.0,0.0,0.0,3.0,1.25,0,0.0,0,0,18-APR-2022,
OPTSTK,DRREDDY,30-Jun-2022,3100.0,PE,0.0,0.0,0.0,4.0,1.8,0,0.0,0,0,18-APR-2022,
OPTSTK,DRREDDY,30-Jun-2022,3150.0,PE,0.0,0.0,0.0,5.25,2.5,0,0.0,0,0,18-APR-2022,
OPTSTK,DRREDDY,30-Jun-2022,3200.0,PE,0.0,0.0,0.0,6.85,3.4,0,0.0,0,0,18-APR-2022,
OPTSTK,DRREDDY,30-Jun-2022,3250.0,PE,0.0,0.0,0.0,8.8,4.6,0,0.0,0,0,18-APR-2022,
OPTSTK,DRREDDY,30-Jun-2022,3300.0,PE,0.0,0.0,0.0,11.2,6.15,0,0.0,0,0,18-APR-2022,
OPTSTK,DRREDDY,30-Jun-2022,3350.0,PE,0.0,0.0,0.0,14.1,8.1,0,0.0,0,0,18-APR-2022,
OPTSTK,DRREDDY,30-Jun-2022,3400.0,PE,0.0,0.0,0.0,17.6,10.5,0,0.0,0,0,18-APR-2022,
OPTSTK,DRREDDY,30-Jun-2022,3450.0,PE,0.0,0.0,0.0,21.7,13.5,0,0.0,0,0,18-APR-2022,
OPTSTK,DRREDDY,30-Jun-2022,3500.0,PE,0.0,0.0,0.0,26.55,17.1,0,0.0,0,0,18-APR-2022,
OPTSTK,DRREDDY,30-Jun-2022,3550.0,PE,0.0,0.0,0.0,32.15,21.5,0,0.0,0,0,18-APR-2022,
OPTSTK,DRREDDY,30-Jun-2022,3600.0,PE,0.0,0.0,0.0,38.7,26.65,0,0.0,0,0,18-APR-2022,
OPTSTK,DRREDDY,30-Jun-2022,3650.0,PE,0.0,0.0,0.0,46.15,32.8,0,0.0,0,0,18-APR-2022,
OPTSTK,DRREDDY,30-Jun-2022,3700.0,PE,0.0,0.0,0.0,54.6,39.95,0,0.0,0,0,18-APR-2022,
OPTSTK,DRREDDY,30-Jun-2022,3750.0,PE,0.0,0.0,0.0,64.15,48.2,0,0.0,0,0,18-APR-2022,
OPTSTK,DRREDDY,30-Jun-2022,3800.0,PE,0.0,0.0,0.0,74.9,57.65,0,0.0,0,0,18-APR-2022,
OPTSTK,DRREDDY,30-Jun-2022,3850.0,PE,0.0,0.0,0.0,87.0,68.4,0,0.0,0,0,18-APR-2022,
OPTSTK,DRREDDY,30-Jun-2022,3900.0,PE,0.0,0.0,0.0,100.15,80.7,0,0.0,0,0,18-APR-2022,
OPTSTK,DRREDDY,30-Jun-2022,3950.0,PE,0.0,0.0,0.0,114.6,94.2,0,0.0,0,0,18-APR-2022,
OPTSTK,DRREDDY,30-Jun-2022,4000.0,PE,0.0,0.0,0.0,82.5,109.05,0,0.0,375,0,18-APR-2022,
OPTSTK,DRREDDY,30-Jun-2022,4050.0,PE,0.0,0.0,0.0,147.6,125.65,0,0.0,0,0,18-APR-2022,
OPTSTK,DRREDDY,30-Jun-2022,4100.0,PE,0.0,0.0,0.0,166.3,143.85,0,0.0,0,0,18-APR-2022,
OPTSTK,DRREDDY,30-Jun-2022,4150.0,PE,0.0,0.0,0.0,186.45,163.65,0,0.0,0,0,18-APR-2022,
OPTSTK,DRREDDY,30-Jun-2022,4200.0,PE,0.0,0.0,0.0,208.05,185.1,0,0.0,0,0,18-APR-2022,
OPTSTK,DRREDDY,30-Jun-2022,4250.0,PE,0.0,0.0,0.0,231.05,208.15,0,0.0,0,0,18-APR-2022,
OPTSTK,DRREDDY,30-Jun-2022,4300.0,PE,234.0,234.0,234.0,234.0,234.0,2,11.33,250,250,18-APR-2022,
OPTSTK,DRREDDY,30-Jun-2022,4350.0,PE,0.0,0.0,0.0,281.4,259.15,0,0.0,0,0,18-APR-2022,
OPTSTK,DRREDDY,30-Jun-2022,4400.0,PE,0.0,0.0,0.0,308.65,287.05,0,0.0,0,0,18-APR-2022,
OPTSTK,DRREDDY,30-Jun-2022,4450.0,PE,0.0,0.0,0.0,337.3,316.5,0,0.0,0,0,18-APR-2022,
OPTSTK,DRREDDY,30-Jun-2022,4500.0,PE,0.0,0.0,0.0,367.3,347.4,0,0.0,0,0,18-APR-2022,
OPTSTK,DRREDDY,30-Jun-2022,4550.0,PE,0.0,0.0,0.0,398.55,379.8,0,0.0,0,0,18-APR-2022,
OPTSTK,DRREDDY,30-Jun-2022,4600.0,PE,0.0,0.0,0.0,431.1,413.55,0,0.0,0,0,18-APR-2022,
OPTSTK,DRREDDY,30-Jun-2022,4650.0,PE,0.0,0.0,0.0,464.8,448.65,0,0.0,0,0,18-APR-2022,
OPTSTK,DRREDDY,30-Jun-2022,4700.0,PE,0.0,0.0,0.0,499.7,484.95,0,0.0,0,0,18-APR-2022,
OPTSTK,DRREDDY,30-Jun-2022,4750.0,PE,0.0,0.0,0.0,535.7,522.75,0,0.0,0,0,18-APR-2022,
OPTSTK,DRREDDY,30-Jun-2022,4800.0,PE,0.0,0.0,0.0,572.95,561.25,0,0.0,0,0,18-APR-2022,
OPTSTK,DRREDDY,30-Jun-2022,4850.0,PE,0.0,0.0,0.0,611.0,600.95,0,0.0,0,0,18-APR-2022,
OPTSTK,DRREDDY,30-Jun-2022,4900.0,PE,0.0,0.0,0.0,649.85,641.6,0,0.0,0,0,18-APR-2022,
OPTSTK,DRREDDY,30-Jun-2022,4950.0,PE,0.0,0.0,0.0,689.7,683.15,0,0.0,0,0,18-APR-2022,
OPTSTK,DRREDDY,30-Jun-2022,5000.0,PE,0.0,0.0,0.0,730.4,725.5,0,0.0,0,0,18-APR-2022,
OPTSTK,DRREDDY,30-Jun-2022,5050.0,PE,0.0,0.0,0.0,771.85,768.65,0,0.0,0,0,18-APR-2022,
OPTSTK,DRREDDY,30-Jun-2022,5100.0,PE,0.0,0.0,0.0,814.05,812.45,0,0.0,0,0,18-APR-2022,
OPTSTK,DRREDDY,30-Jun-2022,5150.0,PE,0.0,0.0,0.0,856.9,856.95,0,0.0,0,0,18-APR-2022,
OPTSTK,DRREDDY,30-Jun-2022,5200.0,PE,0.0,0.0,0.0,900.35,902.0,0,0.0,0,0,18-APR-2022,
OPTSTK,DRREDDY,30-Jun-2022,5250.0,PE,0.0,0.0,0.0,944.4,947.55,0,0.0,0,0,18-APR-2022,
OPTSTK,DRREDDY,30-Jun-2022,5300.0,PE,0.0,0.0,0.0,988.95,993.6,0,0.0,0,0,18-APR-2022,
OPTSTK,DRREDDY,30-Jun-2022,5350.0,PE,0.0,0.0,0.0,1034.0,1040.05,0,0.0,0,0,18-APR-2022,
OPTSTK,DRREDDY,30-Jun-2022,5400.0,PE,0.0,0.0,0.0,1079.45,1086.9,0,0.0,0,0,18-APR-2022,
OPTSTK,DRREDDY,30-Jun-2022,5450.0,PE,0.0,0.0,0.0,1125.35,1134.05,0,0.0,0,0,18-APR-2022,
OPTSTK,DRREDDY,30-Jun-2022,5500.0,PE,0.0,0.0,0.0,1171.65,1181.55,0,0.0,0,0,18-APR-2022,
OPTSTK,DRREDDY,30-Jun-2022,5550.0,PE,0.0,0.0,0.0,1218.25,1229.3,0,0.0,0,0,18-APR-2022,
OPTSTK,DRREDDY,30-Jun-2022,5600.0,PE,0.0,0.0,0.0,1265.15,1277.3,0,0.0,0,0,18-APR-2022,
OPTSTK,DRREDDY,30-Jun-2022,5650.0,PE,0.0,0.0,0.0,1312.3,1325.5,0,0.0,0,0,18-APR-2022,
OPTSTK,DRREDDY,30-Jun-2022,5700.0,PE,0.0,0.0,0.0,1359.75,1373.9,0,0.0,0,0,18-APR-2022,
OPTSTK,DRREDDY,30-Jun-2022,5750.0,PE,0.0,0.0,0.0,1407.4,1422.4,0,0.0,0,0,18-APR-2022,
OPTSTK,DRREDDY,30-Jun-2022,5800.0,PE,0.0,0.0,0.0,1455.3,1471.1,0,0.0,0,0,18-APR-2022,
OPTSTK,DRREDDY,30-Jun-2022,5850.0,PE,0.0,0.0,0.0,1503.3,1519.9,0,0.0,0,0,18-APR-2022,
OPTSTK,DRREDDY,30-Jun-2022,5900.0,PE,0.0,0.0,0.0,1551.55,1568.85,0,0.0,0,0,18-APR-2022,
OPTSTK,EICHERMOT,28-Apr-2022,1860.0,CE,0.0,0.0,0.0,807.75,653.05,0,0.0,0,0,18-APR-2022,
OPTSTK,EICHERMOT,28-Apr-2022,1880.0,CE,0.0,0.0,0.0,788.7,633.1,0,0.0,0,0,18-APR-2022,
OPTSTK,EICHERMOT,28-Apr-2022,1900.0,CE,0.0,0.0,0.0,769.75,613.1,0,0.0,0,0,18-APR-2022,
OPTSTK,EICHERMOT,28-Apr-2022,1920.0,CE,0.0,0.0,0.0,750.9,593.15,0,0.0,0,0,18-APR-2022,
OPTSTK,EICHERMOT,28-Apr-2022,1940.0,CE,0.0,0.0,0.0,732.15,573.15,0,0.0,0,0,18-APR-2022,
OPTSTK,EICHERMOT,28-Apr-2022,1960.0,CE,0.0,0.0,0.0,713.55,553.2,0,0.0,0,0,18-APR-2022,
OPTSTK,EICHERMOT,28-Apr-2022,1980.0,CE,0.0,0.0,0.0,695.05,533.2,0,0.0,0,0,18-APR-2022,
OPTSTK,EICHERMOT,28-Apr-2022,2000.0,CE,0.0,0.0,0.0,676.7,513.2,0,0.0,0,0,18-APR-2022,
OPTSTK,EICHERMOT,28-Apr-2022,2020.0,CE,0.0,0.0,0.0,658.5,493.25,0,0.0,0,0,18-APR-2022,
OPTSTK,EICHERMOT,28-Apr-2022,2040.0,CE,0.0,0.0,0.0,640.45,473.3,0,0.0,0,0,18-APR-2022,
OPTSTK,EICHERMOT,28-Apr-2022,2060.0,CE,0.0,0.0,0.0,622.55,453.3,0,0.0,0,0,18-APR-2022,
OPTSTK,EICHERMOT,28-Apr-2022,2080.0,CE,0.0,0.0,0.0,604.85,433.35,0,0.0,0,0,18-APR-2022,
OPTSTK,EICHERMOT,28-Apr-2022,2100.0,CE,0.0,0.0,0.0,587.35,413.4,0,0.0,0,0,18-APR-2022,
OPTSTK,EICHERMOT,28-Apr-2022,2120.0,CE,0.0,0.0,0.0,570.05,393.5,0,0.0,0,0,18-APR-2022,
OPTSTK,EICHERMOT,28-Apr-2022,2140.0,CE,0.0,0.0,0.0,552.95,373.6,0,0.0,0,0,18-APR-2022,
OPTSTK,EICHERMOT,28-Apr-2022,2160.0,CE,0.0,0.0,0.0,536.05,353.7,0,0.0,0,0,18-APR-2022,
OPTSTK,EICHERMOT,28-Apr-2022,2180.0,CE,0.0,0.0,0.0,519.4,333.95,0,0.0,0,0,18-APR-2022,
OPTSTK,EICHERMOT,28-Apr-2022,2200.0,CE,0.0,0.0,0.0,503.0,314.2,0,0.0,0,0,18-APR-2022,
OPTSTK,EICHERMOT,28-Apr-2022,2220.0,CE,0.0,0.0,0.0,486.8,294.65,0,0.0,0,0,18-APR-2022,
OPTSTK,EICHERMOT,28-Apr-2022,2240.0,CE,0.0,0.0,0.0,470.9,275.2,0,0.0,0,0,18-APR-2022,
OPTSTK,EICHERMOT,28-Apr-2022,2260.0,CE,0.0,0.0,0.0,455.25,256.0,0,0.0,0,0,18-APR-2022,
OPTSTK,EICHERMOT,28-Apr-2022,2280.0,CE,0.0,0.0,0.0,201.45,237.1,0,0.0,350,0,18-APR-2022,
OPTSTK,EICHERMOT,28-Apr-2022,2300.0,CE,0.0,0.0,0.0,213.5,218.5,0,0.0,350,0,18-APR-2022,
OPTSTK,EICHERMOT,28-Apr-2022,2320.0,CE,0.0,0.0,0.0,410.0,200.3,0,0.0,0,0,18-APR-2022,
OPTSTK,EICHERMOT,28-Apr-2022,2340.0,CE,0.0,0.0,0.0,395.45,182.6,0,0.0,0,0,18-APR-2022,
OPTSTK,EICHERMOT,28-Apr-2022,2360.0,CE,0.0,0.0,0.0,155.45,165.5,0,0.0,2800,0,18-APR-2022,
OPTSTK,EICHERMOT,28-Apr-2022,2380.0,CE,0.0,0.0,0.0,212.95,149.1,0,0.0,2800,0,18-APR-2022,
OPTSTK,EICHERMOT,28-Apr-2022,2400.0,CE,122.25,122.25,94.0,104.95,133.4,13,113.96,12600,-1750,18-APR-2022,
OPTSTK,EICHERMOT,28-Apr-2022,2420.0,CE,93.95,103.55,93.95,103.55,103.55,2,17.63,2100,-350,18-APR-2022,
OPTSTK,EICHERMOT,28-Apr-2022,2440.0,CE,0.0,0.0,0.0,180.0,104.55,0,0.0,9100,0,18-APR-2022,
OPTSTK,EICHERMOT,28-Apr-2022,2460.0,CE,64.35,72.75,58.55,72.75,91.55,10,88.41,4900,-700,18-APR-2022,
OPTSTK,EICHERMOT,28-Apr-2022,2480.0,CE,66.5,72.0,44.7,71.0,71.0,53,470.1,4550,0,18-APR-2022,
OPTSTK,EICHERMOT,28-Apr-2022,2500.0,CE,33.95,62.0,31.95,56.85,56.85,491,4379.34,63700,12250,18-APR-2022,
OPTSTK,EICHERMOT,28-Apr-2022,2520.0,CE,32.9,55.6,24.95,49.3,49.3,33,295.66,6650,2800,18-APR-2022,
OPTSTK,EICHERMOT,28-Apr-2022,2540.0,CE,31.9,41.75,20.0,36.8,36.8,148,1329.59,21700,3500,18-APR-2022,
OPTSTK,EICHERMOT,28-Apr-2022,2560.0,CE,27.0,33.25,16.05,30.45,30.45,83,750.08,63700,8400,18-APR-2022,
OPTSTK,EICHERMOT,28-Apr-2022,2580.0,CE,10.15,26.55,10.15,25.2,25.2,64,582.04,53900,-700,18-APR-2022,
OPTSTK,EICHERMOT,28-Apr-2022,2600.0,CE,19.95,23.9,8.6,21.85,21.85,469,4293.69,144550,15750,18-APR-2022,
OPTSTK,EICHERMOT,28-Apr-2022,2620.0,CE,5.1,16.9,5.1,14.15,14.15,9,82.92,8400,-1400,18-APR-2022,
OPTSTK,EICHERMOT,28-Apr-2022,2640.0,CE,13.0,15.1,6.75,14.65,14.65,67,621.68,47250,-700,18-APR-2022,
OPTSTK,EICHERMOT,28-Apr-2022,2660.0,CE,14.15,14.15,14.15,14.15,15.45,1,9.35,700,0,18-APR-2022,
OPTSTK,EICHERMOT,28-Apr-2022,2680.0,CE,5.5,10.45,5.35,8.6,12.35,16,150.45,10850,-1400,18-APR-2022,
OPTSTK,EICHERMOT,28-Apr-2022,2700.0,CE,8.0,9.1,4.55,8.6,8.6,260,2462.71,58800,-2100,18-APR-2022,
OPTSTK,EICHERMOT,28-Apr-2022,2720.0,CE,6.0,6.0,6.0,6.0,7.65,2,19.08,700,350,18-APR-2022,
OPTSTK,EICHERMOT,28-Apr-2022,2740.0,CE,0.0,0.0,0.0,8.95,5.95,0,0.0,5600,0,18-APR-2022,
OPTSTK,EICHERMOT,28-Apr-2022,2760.0,CE,0.0,0.0,0.0,162.35,4.6,0,0.0,0,0,18-APR-2022,
OPTSTK,EICHERMOT,28-Apr-2022,2780.0,CE,1.85,1.85,1.85,1.85,3.5,2,19.47,350,-700,18-APR-2022,
OPTSTK,EICHERMOT,28-Apr-2022,2800.0,CE,2.65,3.8,2.1,2.8,2.8,81,794.53,44450,-6650,18-APR-2022,
OPTSTK,EICHERMOT,28-Apr-2022,2820.0,CE,0.0,0.0,0.0,140.2,2.0,0,0.0,0,0,18-APR-2022,
OPTSTK,EICHERMOT,28-Apr-2022,2840.0,CE,0.0,0.0,0.0,4.0,1.5,0,0.0,1750,0,18-APR-2022,
OPTSTK,EICHERMOT,28-Apr-2022,2860.0,CE,0.0,0.0,0.0,126.8,1.1,0,0.0,0,0,18-APR-2022,
OPTSTK,EICHERMOT,28-Apr-2022,2880.0,CE,0.0,0.0,0.0,120.5,0.8,0,0.0,0,0,18-APR-2022,
OPTSTK,EICHERMOT,28-Apr-2022,2900.0,CE,1.4,1.4,0.85,0.9,0.9,22,223.38,17500,-700,18-APR-2022,
OPTSTK,EICHERMOT,28-Apr-2022,2920.0,CE,0.0,0.0,0.0,108.65,0.45,0,0.0,0,0,18-APR-2022,
OPTSTK,EICHERMOT,28-Apr-2022,2940.0,CE,0.0,0.0,0.0,103.1,0.3,0,0.0,0,0,18-APR-2022,
OPTSTK,EICHERMOT,28-Apr-2022,2960.0,CE,0.0,0.0,0.0,97.8,0.25,0,0.0,0,0,18-APR-2022,
OPTSTK,EICHERMOT,28-Apr-2022,2980.0,CE,0.0,0.0,0.0,92.85,0.15,0,0.0,0,0,18-APR-2022,
OPTSTK,EICHERMOT,28-Apr-2022,3000.0,CE,0.2,2.0,0.2,0.6,0.6,11,115.53,21000,-1050,18-APR-2022,
OPTSTK,EICHERMOT,28-Apr-2022,3020.0,CE,0.0,0.0,0.0,83.35,0.1,0,0.0,0,0,18-APR-2022,
OPTSTK,EICHERMOT,28-Apr-2022,3040.0,CE,0.0,0.0,0.0,78.95,0.05,0,0.0,0,0,18-APR-2022,
OPTSTK,EICHERMOT,28-Apr-2022,3060.0,CE,0.0,0.0,0.0,74.7,0.05,0,0.0,0,0,18-APR-2022,
OPTSTK,EICHERMOT,28-Apr-2022,3080.0,CE,0.0,0.0,0.0,70.7,0.05,0,0.0,0,0,18-APR-2022,
OPTSTK,EICHERMOT,28-Apr-2022,3100.0,CE,0.0,0.0,0.0,66.75,0.05,0,0.0,0,0,18-APR-2022,
OPTSTK,EICHERMOT,28-Apr-2022,3120.0,CE,0.0,0.0,0.0,63.1,0.05,0,0.0,0,0,18-APR-2022,
OPTSTK,EICHERMOT,28-Apr-2022,3140.0,CE,0.0,0.0,0.0,59.6,0.05,0,0.0,0,0,18-APR-2022,
OPTSTK,EICHERMOT,28-Apr-2022,3160.0,CE,0.0,0.0,0.0,56.3,0.0,0,0.0,0,0,18-APR-2022,
OPTSTK,EICHERMOT,28-Apr-2022,3180.0,CE,0.0,0.0,0.0,53.1,0.0,0,0.0,0,0,18-APR-2022,
OPTSTK,EICHERMOT,28-Apr-2022,3200.0,CE,0.0,0.0,0.0,50.1,0.0,0,0.0,0,0,18-APR-2022,
OPTSTK,EICHERMOT,28-Apr-2022,3220.0,CE,0.0,0.0,0.0,47.25,0.0,0,0.0,0,0,18-APR-2022,
OPTSTK,EICHERMOT,28-Apr-2022,3240.0,CE,0.0,0.0,0.0,44.55,0.0,0,0.0,0,0,18-APR-2022,
OPTSTK,EICHERMOT,28-Apr-2022,3260.0,CE,0.0,0.0,0.0,42.0,0.0,0,0.0,0,0,18-APR-2022,
OPTSTK,EICHERMOT,28-Apr-2022,3280.0,CE,0.0,0.0,0.0,39.55,0.0,0,0.0,0,0,18-APR-2022,
OPTSTK,EICHERMOT,28-Apr-2022,3300.0,CE,0.0,0.0,0.0,37.25,0.0,0,0.0,0,0,18-APR-2022,
OPTSTK,EICHERMOT,28-Apr-2022,3320.0,CE,0.0,0.0,0.0,35.05,0.0,0,0.0,0,0,18-APR-2022,
OPTSTK,EICHERMOT,28-Apr-2022,1860.0,PE,0.0,0.0,0.0,4.55,0.0,0,0.0,0,0,18-APR-2022,
OPTSTK,EICHERMOT,28-Apr-2022,1880.0,PE,0.0,0.0,0.0,5.3,0.0,0,0.0,0,0,18-APR-2022,
OPTSTK,EICHERMOT,28-Apr-2022,1900.0,PE,0.0,0.0,0.0,6.1,0.0,0,0.0,0,0,18-APR-2022,
OPTSTK,EICHERMOT,28-Apr-2022,1920.0,PE,0.0,0.0,0.0,7.05,0.0,0,0.0,0,0,18-APR-2022,
OPTSTK,EICHERMOT,28-Apr-2022,1940.0,PE,0.0,0.0,0.0,8.1,0.0,0,0.0,0,0,18-APR-2022,
OPTSTK,EICHERMOT,28-Apr-2022,1960.0,PE,0.0,0.0,0.0,9.25,0.0,0,0.0,0,0,18-APR-2022,
OPTSTK,EICHERMOT,28-Apr-2022,1980.0,PE,0.0,0.0,0.0,10.55,0.0,0,0.0,0,0,18-APR-2022,
OPTSTK,EICHERMOT,28-Apr-2022,2000.0,PE,0.0,0.0,0.0,1.15,0.0,0,0.0,1400,0,18-APR-2022,
OPTSTK,EICHERMOT,28-Apr-2022,2020.0,PE,0.0,0.0,0.0,13.6,0.05,0,0.0,0,0,18-APR-2022,
OPTSTK,EICHERMOT,28-Apr-2022,2040.0,PE,0.0,0.0,0.0,15.35,0.05,0,0.0,0,0,18-APR-2022,
OPTSTK,EICHERMOT,28-Apr-2022,2060.0,PE,0.0,0.0,0.0,17.25,0.05,0,0.0,0,0,18-APR-2022,
OPTSTK,EICHERMOT,28-Apr-2022,2080.0,PE,0.0,0.0,0.0,19.35,0.05,0,0.0,0,0,18-APR-2022,
OPTSTK,EICHERMOT,28-Apr-2022,2100.0,PE,0.0,0.0,0.0,1.5,0.1,0,0.0,350,0,18-APR-2022,
OPTSTK,EICHERMOT,28-Apr-2022,2120.0,PE,0.0,0.0,0.0,24.1,0.15,0,0.0,0,0,18-APR-2022,
OPTSTK,EICHERMOT,28-Apr-2022,2140.0,PE,0.0,0.0,0.0,26.8,0.2,0,0.0,0,0,18-APR-2022,
OPTSTK,EICHERMOT,28-Apr-2022,2160.0,PE,0.0,0.0,0.0,29.7,0.35,0,0.0,0,0,18-APR-2022,
OPTSTK,EICHERMOT,28-Apr-2022,2180.0,PE,0.0,0.0,0.0,32.85,0.55,0,0.0,0,0,18-APR-2022,
OPTSTK,EICHERMOT,28-Apr-2022,2200.0,PE,7.9,7.9,2.1,2.1,0.8,51,393.19,12950,-5250,18-APR-2022,
OPTSTK,EICHERMOT,28-Apr-2022,2220.0,PE,0.0,0.0,0.0,39.85,1.2,0,0.0,0,0,18-APR-2022,
OPTSTK,EICHERMOT,28-Apr-2022,2240.0,PE,4.85,4.85,4.85,4.85,1.75,1,7.85,1050,350,18-APR-2022,
OPTSTK,EICHERMOT,28-Apr-2022,2260.0,PE,0.0,0.0,0.0,56.2,2.5,0,0.0,350,0,18-APR-2022,
OPTSTK,EICHERMOT,28-Apr-2022,2280.0,PE,0.0,0.0,0.0,9.0,3.55,0,0.0,700,0,18-APR-2022,
OPTSTK,EICHERMOT,28-Apr-2022,2300.0,PE,7.85,10.0,4.55,5.25,5.25,60,484.59,15050,700,18-APR-2022,
OPTSTK,EICHERMOT,28-Apr-2022,2320.0,PE,0.0,0.0,0.0,79.95,6.75,0,0.0,350,0,18-APR-2022,
OPTSTK,EICHERMOT,28-Apr-2022,2340.0,PE,20.0,20.0,20.0,20.0,9.05,1,8.26,1050,350,18-APR-2022,
OPTSTK,EICHERMOT,28-Apr-2022,2360.0,PE,14.4,15.0,9.5,9.5,9.5,21,174.3,7350,4900,18-APR-2022,
OPTSTK,EICHERMOT,28-Apr-2022,2380.0,PE,17.9,18.25,12.2,12.75,15.45,17,142.44,5950,4200,18-APR-2022,
OPTSTK,EICHERMOT,28-Apr-2022,2400.0,PE,30.0,30.0,11.25,12.75,12.75,184,1557.04,28000,-13300,18-APR-2022,
OPTSTK,EICHERMOT,28-Apr-2022,2420.0,PE,59.2,59.2,13.9,15.4,15.4,98,838.44,7700,3500,18-APR-2022,
OPTSTK,EICHERMOT,28-Apr-2022,2440.0,PE,32.25,39.0,18.05,19.4,19.4,46,397.41,15750,700,18-APR-2022,
OPTSTK,EICHERMOT,28-Apr-2022,2460.0,PE,57.95,65.25,25.0,25.4,25.4,61,533.11,11900,1400,18-APR-2022,
OPTSTK,EICHERMOT,28-Apr-2022,2480.0,PE,66.15,66.15,33.8,33.9,33.9,41,362.28,9100,1750,18-APR-2022,
OPTSTK,EICHERMOT,28-Apr-2022,2500.0,PE,65.0,66.5,36.5,40.75,40.75,138,1232.99,38150,-4550,18-APR-2022,
OPTSTK,EICHERMOT,28-Apr-2022,2520.0,PE,73.85,76.0,68.55,68.55,64.85,4,36.3,5600,-1050,18-APR-2022,
OPTSTK,EICHERMOT,28-Apr-2022,2540.0,PE,72.0,72.0,72.0,72.0,75.95,1,9.14,2100,0,18-APR-2022,
OPTSTK,EICHERMOT,28-Apr-2022,2560.0,PE,88.75,99.0,86.2,86.2,88.0,5,46.4,5250,-350,18-APR-2022,
OPTSTK,EICHERMOT,28-Apr-2022,2580.0,PE,110.8,110.8,110.8,110.8,101.0,1,9.41,2100,350,18-APR-2022,
OPTSTK,EICHERMOT,28-Apr-2022,2600.0,PE,122.45,130.0,95.95,95.95,95.95,4,38.04,20300,-1050,18-APR-2022,
OPTSTK,EICHERMOT,28-Apr-2022,2620.0,PE,153.0,153.0,153.0,153.0,129.85,1,9.7,0,-350,18-APR-2022,
OPTSTK,EICHERMOT,28-Apr-2022,2640.0,PE,0.0,0.0,0.0,183.3,145.3,0,0.0,0,0,18-APR-2022,
OPTSTK,EICHERMOT,28-Apr-2022,2660.0,PE,0.0,0.0,0.0,193.6,161.5,0,0.0,0,0,18-APR-2022,
OPTSTK,EICHERMOT,28-Apr-2022,2680.0,PE,0.0,0.0,0.0,204.25,178.35,0,0.0,0,0,18-APR-2022,
OPTSTK,EICHERMOT,28-Apr-2022,2700.0,PE,0.0,0.0,0.0,179.2,195.75,0,0.0,4900,0,18-APR-2022,
OPTSTK,EICHERMOT,28-Apr-2022,2720.0,PE,0.0,0.0,0.0,226.4,213.65,0,0.0,0,0,18-APR-2022,
OPTSTK,EICHERMOT,28-Apr-2022,2740.0,PE,0.0,0.0,0.0,237.95,231.9,0,0.0,0,0,18-APR-2022,
OPTSTK,EICHERMOT,28-Apr-2022,2760.0,PE,0.0,0.0,0.0,249.75,250.5,0,0.0,0,0,18-APR-2022,
OPTSTK,EICHERMOT,28-Apr-2022,2780.0,PE,0.0,0.0,0.0,261.85,269.4,0,0.0,0,0,18-APR-2022,
OPTSTK,EICHERMOT,28-Apr-2022,2800.0,PE,0.0,0.0,0.0,359.0,288.55,0,0.0,4200,0,18-APR-2022,
OPTSTK,EICHERMOT,28-Apr-2022,2820.0,PE,0.0,0.0,0.0,286.95,307.85,0,0.0,0,0,18-APR-2022,
OPTSTK,EICHERMOT,28-Apr-2022,2840.0,PE,0.0,0.0,0.0,299.9,327.35,0,0.0,0,0,18-APR-2022,
OPTSTK,EICHERMOT,28-Apr-2022,2860.0,PE,0.0,0.0,0.0,313.15,346.95,0,0.0,0,0,18-APR-2022,
OPTSTK,EICHERMOT,28-Apr-2022,2880.0,PE,0.0,0.0,0.0,326.65,366.6,0,0.0,0,0,18-APR-2022,
OPTSTK,EICHERMOT,28-Apr-2022,2900.0,PE,0.0,0.0,0.0,410.0,386.4,0,0.0,2800,0,18-APR-2022,
OPTSTK,EICHERMOT,28-Apr-2022,2920.0,PE,0.0,0.0,0.0,354.4,406.2,0,0.0,0,0,18-APR-2022,
OPTSTK,EICHERMOT,28-Apr-2022,2940.0,PE,0.0,0.0,0.0,368.65,426.05,0,0.0,0,0,18-APR-2022,
OPTSTK,EICHERMOT,28-Apr-2022,2960.0,PE,0.0,0.0,0.0,383.1,445.95,0,0.0,0,0,18-APR-2022,
OPTSTK,EICHERMOT,28-Apr-2022,2980.0,PE,0.0,0.0,0.0,397.95,465.85,0,0.0,0,0,18-APR-2022,
OPTSTK,EICHERMOT,28-Apr-2022,3000.0,PE,0.0,0.0,0.0,515.0,485.8,0,0.0,350,0,18-APR-2022,
OPTSTK,EICHERMOT,28-Apr-2022,3020.0,PE,0.0,0.0,0.0,428.05,505.75,0,0.0,0,0,18-APR-2022,
OPTSTK,EICHERMOT,28-Apr-2022,3040.0,PE,0.0,0.0,0.0,443.4,525.7,0,0.0,0,0,18-APR-2022,
OPTSTK,EICHERMOT,28-Apr-2022,3060.0,PE,0.0,0.0,0.0,459.0,545.65,0,0.0,0,0,18-APR-2022,
OPTSTK,EICHERMOT,28-Apr-2022,3080.0,PE,0.0,0.0,0.0,474.75,565.65,0,0.0,0,0,18-APR-2022,
OPTSTK,EICHERMOT,28-Apr-2022,3100.0,PE,0.0,0.0,0.0,490.6,585.6,0,0.0,0,0,18-APR-2022,
OPTSTK,EICHERMOT,28-Apr-2022,3120.0,PE,0.0,0.0,0.0,506.75,605.55,0,0.0,0,0,18-APR-2022,
OPTSTK,EICHERMOT,28-Apr-2022,3140.0,PE,0.0,0.0,0.0,523.05,625.55,0,0.0,0,0,18-APR-2022,
OPTSTK,EICHERMOT,28-Apr-2022,3160.0,PE,0.0,0.0,0.0,539.5,645.5,0,0.0,0,0,18-APR-2022,
OPTSTK,EICHERMOT,28-Apr-2022,3180.0,PE,0.0,0.0,0.0,556.15,665.5,0,0.0,0,0,18-APR-2022,
OPTSTK,EICHERMOT,28-Apr-2022,3200.0,PE,0.0,0.0,0.0,815.0,685.45,0,0.0,350,0,18-APR-2022,
OPTSTK,EICHERMOT,28-Apr-2022,3220.0,PE,0.0,0.0,0.0,589.9,705.45,0,0.0,0,0,18-APR-2022,
OPTSTK,EICHERMOT,28-Apr-2022,3240.0,PE,0.0,0.0,0.0,606.95,725.4,0,0.0,0,0,18-APR-2022,
OPTSTK,EICHERMOT,28-Apr-2022,3260.0,PE,0.0,0.0,0.0,624.2,745.4,0,0.0,0,0,18-APR-2022,
OPTSTK,EICHERMOT,28-Apr-2022,3280.0,PE,0.0,0.0,0.0,641.55,765.4,0,0.0,0,0,18-APR-2022,
OPTSTK,EICHERMOT,28-Apr-2022,3300.0,PE,0.0,0.0,0.0,659.05,785.35,0,0.0,0,0,18-APR-2022,
OPTSTK,EICHERMOT,28-Apr-2022,3320.0,PE,0.0,0.0,0.0,676.65,805.35,0,0.0,0,0,18-APR-2022,
OPTSTK,EICHERMOT,26-May-2022,1860.0,CE,0.0,0.0,0.0,781.45,659.65,0,0.0,0,0,18-APR-2022,
OPTSTK,EICHERMOT,26-May-2022,1880.0,CE,0.0,0.0,0.0,762.4,639.9,0,0.0,0,0,18-APR-2022,
OPTSTK,EICHERMOT,26-May-2022,1900.0,CE,0.0,0.0,0.0,743.5,620.15,0,0.0,0,0,18-APR-2022,
OPTSTK,EICHERMOT,26-May-2022,1920.0,CE,0.0,0.0,0.0,724.7,600.5,0,0.0,0,0,18-APR-2022,
OPTSTK,EICHERMOT,26-May-2022,1940.0,CE,0.0,0.0,0.0,706.05,580.9,0,0.0,0,0,18-APR-2022,
OPTSTK,EICHERMOT,26-May-2022,1960.0,CE,0.0,0.0,0.0,687.5,561.35,0,0.0,0,0,18-APR-2022,
OPTSTK,EICHERMOT,26-May-2022,1980.0,CE,0.0,0.0,0.0,669.1,541.9,0,0.0,0,0,18-APR-2022,
OPTSTK,EICHERMOT,26-May-2022,2000.0,CE,0.0,0.0,0.0,650.8,522.5,0,0.0,0,0,18-APR-2022,
OPTSTK,EICHERMOT,26-May-2022,2020.0,CE,0.0,0.0,0.0,632.7,503.3,0,0.0,0,0,18-APR-2022,
OPTSTK,EICHERMOT,26-May-2022,2040.0,CE,0.0,0.0,0.0,614.8,484.15,0,0.0,0,0,18-APR-2022,
OPTSTK,EICHERMOT,26-May-2022,2060.0,CE,0.0,0.0,0.0,597.05,465.2,0,0.0,0,0,18-APR-2022,
OPTSTK,EICHERMOT,26-May-2022,2080.0,CE,0.0,0.0,0.0,579.45,446.45,0,0.0,0,0,18-APR-2022,
OPTSTK,EICHERMOT,26-May-2022,2100.0,CE,0.0,0.0,0.0,562.1,427.85,0,0.0,0,0,18-APR-2022,
OPTSTK,EICHERMOT,26-May-2022,2120.0,CE,0.0,0.0,0.0,544.95,409.45,0,0.0,0,0,18-APR-2022,
OPTSTK,EICHERMOT,26-May-2022,2140.0,CE,0.0,0.0,0.0,528.0,391.3,0,0.0,0,0,18-APR-2022,
OPTSTK,EICHERMOT,26-May-2022,2160.0,CE,0.0,0.0,0.0,511.3,373.45,0,0.0,0,0,18-APR-2022,
OPTSTK,EICHERMOT,26-May-2022,2180.0,CE,0.0,0.0,0.0,494.85,355.85,0,0.0,0,0,18-APR-2022,
OPTSTK,EICHERMOT,26-May-2022,2200.0,CE,0.0,0.0,0.0,478.6,338.55,0,0.0,0,0,18-APR-2022,
OPTSTK,EICHERMOT,26-May-2022,2220.0,CE,0.0,0.0,0.0,462.65,321.65,0,0.0,0,0,18-APR-2022,
OPTSTK,EICHERMOT,26-May-2022,2240.0,CE,0.0,0.0,0.0,446.95,305.05,0,0.0,0,0,18-APR-2022,
OPTSTK,EICHERMOT,26-May-2022,2260.0,CE,0.0,0.0,0.0,431.55,288.85,0,0.0,0,0,18-APR-2022,
OPTSTK,EICHERMOT,26-May-2022,2280.0,CE,0.0,0.0,0.0,416.4,273.05,0,0.0,0,0,18-APR-2022,
OPTSTK,EICHERMOT,26-May-2022,2300.0,CE,0.0,0.0,0.0,401.6,257.65,0,0.0,0,0,18-APR-2022,
OPTSTK,EICHERMOT,26-May-2022,2320.0,CE,0.0,0.0,0.0,387.05,242.85,0,0.0,0,0,18-APR-2022,
OPTSTK,EICHERMOT,26-May-2022,2340.0,CE,0.0,0.0,0.0,372.8,228.35,0,0.0,0,0,18-APR-2022,
OPTSTK,EICHERMOT,26-May-2022,2360.0,CE,0.0,0.0,0.0,358.8,214.25,0,0.0,0,0,18-APR-2022,
OPTSTK,EICHERMOT,26-May-2022,2380.0,CE,0.0,0.0,0.0,345.05,200.8,0,0.0,0,0,18-APR-2022,
OPTSTK,EICHERMOT,26-May-2022,2400.0,CE,0.0,0.0,0.0,331.75,187.85,0,0.0,0,0,18-APR-2022,
OPTSTK,EICHERMOT,26-May-2022,2420.0,CE,0.0,0.0,0.0,318.75,175.4,0,0.0,0,0,18-APR-2022,
OPTSTK,EICHERMOT,26-May-2022,2440.0,CE,0.0,0.0,0.0,306.1,163.45,0,0.0,0,0,18-APR-2022,
OPTSTK,EICHERMOT,26-May-2022,2460.0,CE,0.0,0.0,0.0,293.75,152.05,0,0.0,0,0,18-APR-2022,
OPTSTK,EICHERMOT,26-May-2022,2480.0,CE,0.0,0.0,0.0,281.75,141.2,0,0.0,0,0,18-APR-2022,
OPTSTK,EICHERMOT,26-May-2022,2500.0,CE,0.0,0.0,0.0,270.05,130.9,0,0.0,0,0,18-APR-2022,
OPTSTK,EICHERMOT,26-May-2022,2520.0,CE,0.0,0.0,0.0,258.7,121.1,0,0.0,0,0,18-APR-2022,
OPTSTK,EICHERMOT,26-May-2022,2540.0,CE,0.0,0.0,0.0,247.65,111.8,0,0.0,0,0,18-APR-2022,
OPTSTK,EICHERMOT,26-May-2022,2560.0,CE,0.0,0.0,0.0,237.0,103.05,0,0.0,0,0,18-APR-2022,
OPTSTK,EICHERMOT,26-May-2022,2580.0,CE,0.0,0.0,0.0,226.6,94.8,0,0.0,0,0,18-APR-2022,
OPTSTK,EICHERMOT,26-May-2022,2600.0,CE,60.0,80.5,60.0,79.45,79.45,5,46.77,3150,1750,18-APR-2022,
OPTSTK,EICHERMOT,26-May-2022,2620.0,CE,0.0,0.0,0.0,206.85,79.8,0,0.0,0,0,18-APR-2022,
OPTSTK,EICHERMOT,26-May-2022,2640.0,CE,0.0,0.0,0.0,197.45,73.0,0,0.0,0,0,18-APR-2022,
OPTSTK,EICHERMOT,26-May-2022,2660.0,CE,0.0,0.0,0.0,188.4,66.65,0,0.0,0,0,18-APR-2022,
OPTSTK,EICHERMOT,26-May-2022,2680.0,CE,0.0,0.0,0.0,179.6,60.75,0,0.0,0,0,18-APR-2022,
OPTSTK,EICHERMOT,26-May-2022,2700.0,CE,40.0,45.0,40.0,45.0,55.3,2,19.19,2450,700,18-APR-2022,
OPTSTK,EICHERMOT,26-May-2022,2720.0,CE,0.0,0.0,0.0,163.0,50.3,0,0.0,0,0,18-APR-2022,
OPTSTK,EICHERMOT,26-May-2022,2740.0,CE,0.0,0.0,0.0,155.2,45.65,0,0.0,0,0,18-APR-2022,
OPTSTK,EICHERMOT,26-May-2022,2760.0,CE,0.0,0.0,0.0,147.65,41.25,0,0.0,0,0,18-APR-2022,
OPTSTK,EICHERMOT,26-May-2022,2780.0,CE,0.0,0.0,0.0,140.35,37.25,0,0.0,0,0,18-APR-2022,
OPTSTK,EICHERMOT,26-May-2022,2800.0,CE,24.0,24.0,22.0,24.0,24.0,3,29.64,2450,700,18-APR-2022,
OPTSTK,EICHERMOT,26-May-2022,2820.0,CE,0.0,0.0,0.0,126.7,30.25,0,0.0,0,0,18-APR-2022,
OPTSTK,EICHERMOT,26-May-2022,2840.0,CE,0.0,0.0,0.0,120.3,27.2,0,0.0,0,0,18-APR-2022,
OPTSTK,EICHERMOT,26-May-2022,2860.0,CE,0.0,0.0,0.0,114.1,24.4,0,0.0,0,0,18-APR-2022,
OPTSTK,EICHERMOT,26-May-2022,2880.0,CE,0.0,0.0,0.0,108.2,21.85,0,0.0,0,0,18-APR-2022,
OPTSTK,EICHERMOT,26-May-2022,2900.0,CE,0.0,0.0,0.0,102.6,19.55,0,0.0,0,0,18-APR-2022,
OPTSTK,EICHERMOT,26-May-2022,2920.0,CE,0.0,0.0,0.0,97.15,17.45,0,0.0,0,0,18-APR-2022,
OPTSTK,EICHERMOT,26-May-2022,2940.0,CE,0.0,0.0,0.0,92.0,15.55,0,0.0,0,0,18-APR-2022,
OPTSTK,EICHERMOT,26-May-2022,2960.0,CE,0.0,0.0,0.0,87.2,13.85,0,0.0,0,0,18-APR-2022,
OPTSTK,EICHERMOT,26-May-2022,2980.0,CE,0.0,0.0,0.0,82.5,12.3,0,0.0,0,0,18-APR-2022,
OPTSTK,EICHERMOT,26-May-2022,3000.0,CE,0.0,0.0,0.0,22.5,10.9,0,0.0,350,0,18-APR-2022,
OPTSTK,EICHERMOT,26-May-2022,3020.0,CE,0.0,0.0,0.0,73.8,9.65,0,0.0,0,0,18-APR-2022,
OPTSTK,EICHERMOT,26-May-2022,3040.0,CE,0.0,0.0,0.0,69.7,8.55,0,0.0,0,0,18-APR-2022,
OPTSTK,EICHERMOT,26-May-2022,3060.0,CE,0.0,0.0,0.0,65.75,7.55,0,0.0,0,0,18-APR-2022,
OPTSTK,EICHERMOT,26-May-2022,3080.0,CE,0.0,0.0,0.0,62.05,6.65,0,0.0,0,0,18-APR-2022,
OPTSTK,EICHERMOT,26-May-2022,3100.0,CE,0.0,0.0,0.0,58.5,5.85,0,0.0,0,0,18-APR-2022,
OPTSTK,EICHERMOT,26-May-2022,3120.0,CE,0.0,0.0,0.0,55.2,5.15,0,0.0,0,0,18-APR-2022,
OPTSTK,EICHERMOT,26-May-2022,3140.0,CE,0.0,0.0,0.0,52.0,4.5,0,0.0,0,0,18-APR-2022,
OPTSTK,EICHERMOT,26-May-2022,3160.0,CE,0.0,0.0,0.0,49.0,3.95,0,0.0,0,0,18-APR-2022,
OPTSTK,EICHERMOT,26-May-2022,3180.0,CE,0.0,0.0,0.0,46.15,3.45,0,0.0,0,0,18-APR-2022,
OPTSTK,EICHERMOT,26-May-2022,3200.0,CE,0.0,0.0,0.0,43.45,3.05,0,0.0,0,0,18-APR-2022,
OPTSTK,EICHERMOT,26-May-2022,3220.0,CE,0.0,0.0,0.0,40.85,2.65,0,0.0,0,0,18-APR-2022,
OPTSTK,EICHERMOT,26-May-2022,3240.0,CE,0.0,0.0,0.0,38.45,2.3,0,0.0,0,0,18-APR-2022,
OPTSTK,EICHERMOT,26-May-2022,3260.0,CE,0.0,0.0,0.0,36.15,2.0,0,0.0,0,0,18-APR-2022,
OPTSTK,EICHERMOT,26-May-2022,3280.0,CE,0.0,0.0,0.0,33.95,1.75,0,0.0,0,0,18-APR-2022,
OPTSTK,EICHERMOT,26-May-2022,3300.0,CE,0.0,0.0,0.0,31.9,1.5,0,0.0,0,0,18-APR-2022,
OPTSTK,EICHERMOT,26-May-2022,3320.0,CE,0.0,0.0,0.0,29.95,1.3,0,0.0,0,0,18-APR-2022,
OPTSTK,EICHERMOT,26-May-2022,1860.0,PE,0.0,0.0,0.0,4.8,0.5,0,0.0,0,0,18-APR-2022,
OPTSTK,EICHERMOT,26-May-2022,1880.0,PE,0.0,0.0,0.0,5.6,0.65,0,0.0,0,0,18-APR-2022,
OPTSTK,EICHERMOT,26-May-2022,1900.0,PE,0.0,0.0,0.0,6.5,0.8,0,0.0,0,0,18-APR-2022,
OPTSTK,EICHERMOT,26-May-2022,1920.0,PE,0.0,0.0,0.0,7.45,1.05,0,0.0,0,0,18-APR-2022,
OPTSTK,EICHERMOT,26-May-2022,1940.0,PE,0.0,0.0,0.0,8.6,1.35,0,0.0,0,0,18-APR-2022,
OPTSTK,EICHERMOT,26-May-2022,1960.0,PE,0.0,0.0,0.0,9.85,1.75,0,0.0,0,0,18-APR-2022,
OPTSTK,EICHERMOT,26-May-2022,1980.0,PE,0.0,0.0,0.0,11.2,2.2,0,0.0,0,0,18-APR-2022,
OPTSTK,EICHERMOT,26-May-2022,2000.0,PE,0.0,0.0,0.0,12.75,2.75,0,0.0,0,0,18-APR-2022,
OPTSTK,EICHERMOT,26-May-2022,2020.0,PE,0.0,0.0,0.0,14.45,3.4,0,0.0,0,0,18-APR-2022,
OPTSTK,EICHERMOT,26-May-2022,2040.0,PE,0.0,0.0,0.0,16.3,4.2,0,0.0,0,0,18-APR-2022,
OPTSTK,EICHERMOT,26-May-2022,2060.0,PE,0.0,0.0,0.0,18.3,5.15,0,0.0,0,0,18-APR-2022,
OPTSTK,EICHERMOT,26-May-2022,2080.0,PE,0.0,0.0,0.0,20.55,6.3,0,0.0,0,0,18-APR-2022,
OPTSTK,EICHERMOT,26-May-2022,2100.0,PE,0.0,0.0,0.0,22.95,7.6,0,0.0,0,0,18-APR-2022,
OPTSTK,EICHERMOT,26-May-2022,2120.0,PE,0.0,0.0,0.0,25.6,9.15,0,0.0,0,0,18-APR-2022,
OPTSTK,EICHERMOT,26-May-2022,2140.0,PE,0.0,0.0,0.0,28.45,10.9,0,0.0,0,0,18-APR-2022,
OPTSTK,EICHERMOT,26-May-2022,2160.0,PE,0.0,0.0,0.0,31.55,12.95,0,0.0,0,0,18-APR-2022,
OPTSTK,EICHERMOT,26-May-2022,2180.0,PE,0.0,0.0,0.0,34.85,15.3,0,0.0,0,0,18-APR-2022,
OPTSTK,EICHERMOT,26-May-2022,2200.0,PE,0.0,0.0,0.0,38.45,17.9,0,0.0,0,0,18-APR-2022,
OPTSTK,EICHERMOT,26-May-2022,2220.0,PE,0.0,0.0,0.0,42.25,20.9,0,0.0,0,0,18-APR-2022,
OPTSTK,EICHERMOT,26-May-2022,2240.0,PE,0.0,0.0,0.0,46.35,24.2,0,0.0,0,0,18-APR-2022,
OPTSTK,EICHERMOT,26-May-2022,2260.0,PE,0.0,0.0,0.0,50.7,27.9,0,0.0,0,0,18-APR-2022,
OPTSTK,EICHERMOT,26-May-2022,2280.0,PE,0.0,0.0,0.0,55.35,32.05,0,0.0,0,0,18-APR-2022,
OPTSTK,EICHERMOT,26-May-2022,2300.0,PE,0.0,0.0,0.0,30.5,36.55,0,0.0,1400,0,18-APR-2022,
OPTSTK,EICHERMOT,26-May-2022,2320.0,PE,0.0,0.0,0.0,65.6,41.65,0,0.0,0,0,18-APR-2022,
OPTSTK,EICHERMOT,26-May-2022,2340.0,PE,0.0,0.0,0.0,71.15,47.05,0,0.0,0,0,18-APR-2022,
OPTSTK,EICHERMOT,26-May-2022,2360.0,PE,0.0,0.0,0.0,76.95,52.9,0,0.0,0,0,18-APR-2022,
OPTSTK,EICHERMOT,26-May-2022,2380.0,PE,0.0,0.0,0.0,83.0,59.35,0,0.0,0,0,18-APR-2022,
OPTSTK,EICHERMOT,26-May-2022,2400.0,PE,0.0,0.0,0.0,89.5,66.3,0,0.0,0,0,18-APR-2022,
OPTSTK,EICHERMOT,26-May-2022,2420.0,PE,0.0,0.0,0.0,96.3,73.75,0,0.0,0,0,18-APR-2022,
OPTSTK,EICHERMOT,26-May-2022,2440.0,PE,0.0,0.0,0.0,103.4,81.75,0,0.0,0,0,18-APR-2022,
OPTSTK,EICHERMOT,26-May-2022,2460.0,PE,0.0,0.0,0.0,110.85,90.25,0,0.0,0,0,18-APR-2022,
OPTSTK,EICHERMOT,26-May-2022,2480.0,PE,0.0,0.0,0.0,118.65,99.3,0,0.0,0,0,18-APR-2022,
OPTSTK,EICHERMOT,26-May-2022,2500.0,PE,110.0,110.0,110.0,110.0,108.9,1,9.13,700,350,18-APR-2022,
OPTSTK,EICHERMOT,26-May-2022,2520.0,PE,0.0,0.0,0.0,135.15,119.0,0,0.0,0,0,18-APR-2022,
OPTSTK,EICHERMOT,26-May-2022,2540.0,PE,0.0,0.0,0.0,143.95,129.65,0,0.0,0,0,18-APR-2022,
OPTSTK,EICHERMOT,26-May-2022,2560.0,PE,0.0,0.0,0.0,153.05,140.8,0,0.0,0,0,18-APR-2022,
OPTSTK,EICHERMOT,26-May-2022,2580.0,PE,0.0,0.0,0.0,162.45,152.45,0,0.0,0,0,18-APR-2022,
OPTSTK,EICHERMOT,26-May-2022,2600.0,PE,0.0,0.0,0.0,172.2,164.6,0,0.0,0,0,18-APR-2022,
OPTSTK,EICHERMOT,26-May-2022,2620.0,PE,0.0,0.0,0.0,182.25,177.25,0,0.0,0,0,18-APR-2022,
OPTSTK,EICHERMOT,26-May-2022,2640.0,PE,0.0,0.0,0.0,192.65,190.4,0,0.0,0,0,18-APR-2022,
OPTSTK,EICHERMOT,26-May-2022,2660.0,PE,0.0,0.0,0.0,203.4,203.95,0,0.0,0,0,18-APR-2022,
OPTSTK,EICHERMOT,26-May-2022,2680.0,PE,0.0,0.0,0.0,214.4,217.95,0,0.0,0,0,18-APR-2022,
OPTSTK,EICHERMOT,26-May-2022,2700.0,PE,0.0,0.0,0.0,225.75,232.4,0,0.0,0,0,18-APR-2022,
OPTSTK,EICHERMOT,26-May-2022,2720.0,PE,0.0,0.0,0.0,237.4,247.35,0,0.0,0,0,18-APR-2022,
OPTSTK,EICHERMOT,26-May-2022,2740.0,PE,0.0,0.0,0.0,249.35,262.6,0,0.0,0,0,18-APR-2022,
OPTSTK,EICHERMOT,26-May-2022,2760.0,PE,0.0,0.0,0.0,261.6,278.1,0,0.0,0,0,18-APR-2022,
OPTSTK,EICHERMOT,26-May-2022,2780.0,PE,0.0,0.0,0.0,274.15,294.05,0,0.0,0,0,18-APR-2022,
OPTSTK,EICHERMOT,26-May-2022,2800.0,PE,0.0,0.0,0.0,286.95,310.3,0,0.0,0,0,18-APR-2022,
OPTSTK,EICHERMOT,26-May-2022,2820.0,PE,0.0,0.0,0.0,300.05,326.85,0,0.0,0,0,18-APR-2022,
OPTSTK,EICHERMOT,26-May-2022,2840.0,PE,0.0,0.0,0.0,313.4,343.7,0,0.0,0,0,18-APR-2022,
OPTSTK,EICHERMOT,26-May-2022,2860.0,PE,0.0,0.0,0.0,327.05,360.85,0,0.0,0,0,18-APR-2022,
OPTSTK,EICHERMOT,26-May-2022,2880.0,PE,0.0,0.0,0.0,340.95,378.2,0,0.0,0,0,18-APR-2022,
OPTSTK,EICHERMOT,26-May-2022,2900.0,PE,0.0,0.0,0.0,355.05,395.8,0,0.0,0,0,18-APR-2022,
OPTSTK,EICHERMOT,26-May-2022,2920.0,PE,0.0,0.0,0.0,369.45,413.6,0,0.0,0,0,18-APR-2022,
OPTSTK,EICHERMOT,26-May-2022,2940.0,PE,0.0,0.0,0.0,384.1,431.6,0,0.0,0,0,18-APR-2022,
OPTSTK,EICHERMOT,26-May-2022,2960.0,PE,0.0,0.0,0.0,399.1,449.8,0,0.0,0,0,18-APR-2022,
OPTSTK,EICHERMOT,26-May-2022,2980.0,PE,0.0,0.0,0.0,414.2,468.2,0,0.0,0,0,18-APR-2022,
OPTSTK,EICHERMOT,26-May-2022,3000.0,PE,0.0,0.0,0.0,429.5,486.7,0,0.0,0,0,18-APR-2022,
OPTSTK,EICHERMOT,26-May-2022,3020.0,PE,0.0,0.0,0.0,445.0,505.35,0,0.0,0,0,18-APR-2022,
OPTSTK,EICHERMOT,26-May-2022,3040.0,PE,0.0,0.0,0.0,460.75,524.15,0,0.0,0,0,18-APR-2022,
OPTSTK,EICHERMOT,26-May-2022,3060.0,PE,0.0,0.0,0.0,476.55,543.1,0,0.0,0,0,18-APR-2022,
OPTSTK,EICHERMOT,26-May-2022,3080.0,PE,0.0,0.0,0.0,492.65,562.1,0,0.0,0,0,18-APR-2022,
OPTSTK,EICHERMOT,26-May-2022,3100.0,PE,0.0,0.0,0.0,508.95,581.2,0,0.0,0,0,18-APR-2022,
OPTSTK,EICHERMOT,26-May-2022,3120.0,PE,0.0,0.0,0.0,525.4,600.4,0,0.0,0,0,18-APR-2022,
OPTSTK,EICHERMOT,26-May-2022,3140.0,PE,0.0,0.0,0.0,542.0,619.7,0,0.0,0,0,18-APR-2022,
OPTSTK,EICHERMOT,26-May-2022,3160.0,PE,0.0,0.0,0.0,558.8,639.05,0,0.0,0,0,18-APR-2022,
OPTSTK,EICHERMOT,26-May-2022,3180.0,PE,0.0,0.0,0.0,575.7,658.45,0,0.0,0,0,18-APR-2022,
OPTSTK,EICHERMOT,26-May-2022,3200.0,PE,0.0,0.0,0.0,592.8,677.95,0,0.0,0,0,18-APR-2022,
OPTSTK,EICHERMOT,26-May-2022,3220.0,PE,0.0,0.0,0.0,610.0,697.5,0,0.0,0,0,18-APR-2022,
OPTSTK,EICHERMOT,26-May-2022,3240.0,PE,0.0,0.0,0.0,627.35,717.05,0,0.0,0,0,18-APR-2022,
OPTSTK,EICHERMOT,26-May-2022,3260.0,PE,0.0,0.0,0.0,644.85,736.65,0,0.0,0,0,18-APR-2022,
OPTSTK,EICHERMOT,26-May-2022,3280.0,PE,0.0,0.0,0.0,662.45,756.3,0,0.0,0,0,18-APR-2022,
OPTSTK,EICHERMOT,26-May-2022,3300.0,PE,0.0,0.0,0.0,680.2,776.0,0,0.0,0,0,18-APR-2022,
OPTSTK,EICHERMOT,26-May-2022,3320.0,PE,0.0,0.0,0.0,698.05,795.7,0,0.0,0,0,18-APR-2022,
OPTSTK,EICHERMOT,30-Jun-2022,1860.0,CE,0.0,0.0,0.0,627.95,671.15,0,0.0,0,0,18-APR-2022,
OPTSTK,EICHERMOT,30-Jun-2022,1880.0,CE,0.0,0.0,0.0,609.75,652.15,0,0.0,0,0,18-APR-2022,
OPTSTK,EICHERMOT,30-Jun-2022,1900.0,CE,0.0,0.0,0.0,591.75,633.25,0,0.0,0,0,18-APR-2022,
OPTSTK,EICHERMOT,30-Jun-2022,1920.0,CE,0.0,0.0,0.0,573.9,614.45,0,0.0,0,0,18-APR-2022,
OPTSTK,EICHERMOT,30-Jun-2022,1940.0,CE,0.0,0.0,0.0,556.25,595.85,0,0.0,0,0,18-APR-2022,
OPTSTK,EICHERMOT,30-Jun-2022,1960.0,CE,0.0,0.0,0.0,538.85,577.35,0,0.0,0,0,18-APR-2022,
OPTSTK,EICHERMOT,30-Jun-2022,1980.0,CE,0.0,0.0,0.0,521.6,559.05,0,0.0,0,0,18-APR-2022,
OPTSTK,EICHERMOT,30-Jun-2022,2000.0,CE,0.0,0.0,0.0,504.65,540.95,0,0.0,0,0,18-APR-2022,
OPTSTK,EICHERMOT,30-Jun-2022,2020.0,CE,0.0,0.0,0.0,487.9,523.0,0,0.0,0,0,18-APR-2022,
OPTSTK,EICHERMOT,30-Jun-2022,2040.0,CE,0.0,0.0,0.0,471.4,505.3,0,0.0,0,0,18-APR-2022,
OPTSTK,EICHERMOT,30-Jun-2022,2060.0,CE,0.0,0.0,0.0,455.15,487.8,0,0.0,0,0,18-APR-2022,
OPTSTK,EICHERMOT,30-Jun-2022,2080.0,CE,0.0,0.0,0.0,439.2,470.55,0,0.0,0,0,18-APR-2022,
OPTSTK,EICHERMOT,30-Jun-2022,2100.0,CE,0.0,0.0,0.0,423.55,453.5,0,0.0,0,0,18-APR-2022,
OPTSTK,EICHERMOT,30-Jun-2022,2120.0,CE,0.0,0.0,0.0,408.15,436.75,0,0.0,0,0,18-APR-2022,
OPTSTK,EICHERMOT,30-Jun-2022,2140.0,CE,0.0,0.0,0.0,393.05,420.3,0,0.0,0,0,18-APR-2022,
OPTSTK,EICHERMOT,30-Jun-2022,2160.0,CE,0.0,0.0,0.0,378.35,404.1,0,0.0,0,0,18-APR-2022,
OPTSTK,EICHERMOT,30-Jun-2022,2180.0,CE,0.0,0.0,0.0,363.85,388.2,0,0.0,0,0,18-APR-2022,
OPTSTK,EICHERMOT,30-Jun-2022,2200.0,CE,0.0,0.0,0.0,349.7,372.65,0,0.0,0,0,18-APR-2022,
OPTSTK,EICHERMOT,30-Jun-2022,2220.0,CE,0.0,0.0,0.0,335.85,357.4,0,0.0,0,0,18-APR-2022,
OPTSTK,EICHERMOT,30-Jun-2022,2240.0,CE,0.0,0.0,0.0,322.25,342.55,0,0.0,0,0,18-APR-2022,
OPTSTK,EICHERMOT,30-Jun-2022,2260.0,CE,0.0,0.0,0.0,309.1,327.95,0,0.0,0,0,18-APR-2022,
OPTSTK,EICHERMOT,30-Jun-2022,2280.0,CE,0.0,0.0,0.0,296.3,313.7,0,0.0,0,0,18-APR-2022,
OPTSTK,EICHERMOT,30-Jun-2022,2300.0,CE,0.0,0.0,0.0,283.8,299.7,0,0.0,0,0,18-APR-2022,
OPTSTK,EICHERMOT,30-Jun-2022,2320.0,CE,0.0,0.0,0.0,271.7,286.2,0,0.0,0,0,18-APR-2022,
OPTSTK,EICHERMOT,30-Jun-2022,2340.0,CE,0.0,0.0,0.0,259.9,273.1,0,0.0,0,0,18-APR-2022,
OPTSTK,EICHERMOT,30-Jun-2022,2360.0,CE,0.0,0.0,0.0,248.5,260.35,0,0.0,0,0,18-APR-2022,
OPTSTK,EICHERMOT,30-Jun-2022,2380.0,CE,0.0,0.0,0.0,237.4,247.95,0,0.0,0,0,18-APR-2022,
OPTSTK,EICHERMOT,30-Jun-2022,2400.0,CE,0.0,0.0,0.0,226.65,236.0,0,0.0,0,0,18-APR-2022,
OPTSTK,EICHERMOT,30-Jun-2022,2420.0,CE,0.0,0.0,0.0,216.25,224.4,0,0.0,0,0,18-APR-2022,
OPTSTK,EICHERMOT,30-Jun-2022,2440.0,CE,0.0,0.0,0.0,206.2,213.15,0,0.0,0,0,18-APR-2022,
OPTSTK,EICHERMOT,30-Jun-2022,2460.0,CE,0.0,0.0,0.0,196.5,202.35,0,0.0,0,0,18-APR-2022,
OPTSTK,EICHERMOT,30-Jun-2022,2480.0,CE,0.0,0.0,0.0,187.15,191.9,0,0.0,0,0,18-APR-2022,
OPTSTK,EICHERMOT,30-Jun-2022,2500.0,CE,0.0,0.0,0.0,178.1,181.8,0,0.0,0,0,18-APR-2022,
OPTSTK,EICHERMOT,30-Jun-2022,2520.0,CE,0.0,0.0,0.0,169.4,172.15,0,0.0,0,0,18-APR-2022,
OPTSTK,EICHERMOT,30-Jun-2022,2540.0,CE,0.0,0.0,0.0,161.0,162.85,0,0.0,0,0,18-APR-2022,
OPTSTK,EICHERMOT,30-Jun-2022,2560.0,CE,0.0,0.0,0.0,152.95,153.9,0,0.0,0,0,18-APR-2022,
OPTSTK,EICHERMOT,30-Jun-2022,2580.0,CE,0.0,0.0,0.0,145.2,145.35,0,0.0,0,0,18-APR-2022,
OPTSTK,EICHERMOT,30-Jun-2022,2600.0,CE,0.0,0.0,0.0,137.75,137.15,0,0.0,0,0,18-APR-2022,
OPTSTK,EICHERMOT,30-Jun-2022,2620.0,CE,0.0,0.0,0.0,130.65,129.3,0,0.0,0,0,18-APR-2022,
OPTSTK,EICHERMOT,30-Jun-2022,2640.0,CE,0.0,0.0,0.0,123.8,121.8,0,0.0,0,0,18-APR-2022,
OPTSTK,EICHERMOT,30-Jun-2022,2660.0,CE,0.0,0.0,0.0,117.25,114.65,0,0.0,0,0,18-APR-2022,
OPTSTK,EICHERMOT,30-Jun-2022,2680.0,CE,0.0,0.0,0.0,111.0,107.8,0,0.0,0,0,18-APR-2022,
OPTSTK,EICHERMOT,30-Jun-2022,2700.0,CE,0.0,0.0,0.0,93.1,101.3,0,0.0,700,0,18-APR-2022,
OPTSTK,EICHERMOT,30-Jun-2022,2720.0,CE,0.0,0.0,0.0,99.25,95.15,0,0.0,0,0,18-APR-2022,
OPTSTK,EICHERMOT,30-Jun-2022,2740.0,CE,0.0,0.0,0.0,93.8,89.25,0,0.0,0,0,18-APR-2022,
OPTSTK,EICHERMOT,30-Jun-2022,2760.0,CE,0.0,0.0,0.0,88.6,83.7,0,0.0,0,0,18-APR-2022,
OPTSTK,EICHERMOT,30-Jun-2022,2780.0,CE,0.0,0.0,0.0,83.75,78.4,0,0.0,0,0,18-APR-2022,
OPTSTK,EICHERMOT,30-Jun-2022,2800.0,CE,0.0,0.0,0.0,79.05,73.5,0,0.0,0,0,18-APR-2022,
OPTSTK,EICHERMOT,30-Jun-2022,2820.0,CE,0.0,0.0,0.0,74.55,68.8,0,0.0,0,0,18-APR-2022,
OPTSTK,EICHERMOT,30-Jun-2022,2840.0,CE,0.0,0.0,0.0,70.25,64.3,0,0.0,0,0,18-APR-2022,
OPTSTK,EICHERMOT,30-Jun-2022,2860.0,CE,0.0,0.0,0.0,66.2,60.1,0,0.0,0,0,18-APR-2022,
OPTSTK,EICHERMOT,30-Jun-2022,2880.0,CE,0.0,0.0,0.0,62.25,56.0,0,0.0,0,0,18-APR-2022,
OPTSTK,EICHERMOT,30-Jun-2022,2900.0,CE,0.0,0.0,0.0,58.6,52.25,0,0.0,0,0,18-APR-2022,
OPTSTK,EICHERMOT,30-Jun-2022,2920.0,CE,0.0,0.0,0.0,55.1,48.7,0,0.0,0,0,18-APR-2022,
OPTSTK,EICHERMOT,30-Jun-2022,2940.0,CE,0.0,0.0,0.0,51.8,45.35,0,0.0,0,0,18-APR-2022,
OPTSTK,EICHERMOT,30-Jun-2022,2960.0,CE,0.0,0.0,0.0,48.7,42.2,0,0.0,0,0,18-APR-2022,
OPTSTK,EICHERMOT,30-Jun-2022,2980.0,CE,0.0,0.0,0.0,45.75,39.25,0,0.0,0,0,18-APR-2022,
OPTSTK,EICHERMOT,30-Jun-2022,3000.0,CE,0.0,0.0,0.0,42.95,36.5,0,0.0,0,0,18-APR-2022,
OPTSTK,EICHERMOT,30-Jun-2022,3020.0,CE,0.0,0.0,0.0,40.3,33.9,0,0.0,0,0,18-APR-2022,
OPTSTK,EICHERMOT,30-Jun-2022,3040.0,CE,0.0,0.0,0.0,37.8,31.5,0,0.0,0,0,18-APR-2022,
OPTSTK,EICHERMOT,30-Jun-2022,3060.0,CE,0.0,0.0,0.0,35.4,29.2,0,0.0,0,0,18-APR-2022,
OPTSTK,EICHERMOT,30-Jun-2022,3080.0,CE,0.0,0.0,0.0,33.2,27.05,0,0.0,0,0,18-APR-2022,
OPTSTK,EICHERMOT,30-Jun-2022,3100.0,CE,0.0,0.0,0.0,31.1,25.1,0,0.0,0,0,18-APR-2022,
OPTSTK,EICHERMOT,30-Jun-2022,3120.0,CE,0.0,0.0,0.0,29.1,23.2,0,0.0,0,0,18-APR-2022,
OPTSTK,EICHERMOT,30-Jun-2022,3140.0,CE,0.0,0.0,0.0,27.25,21.5,0,0.0,0,0,18-APR-2022,
OPTSTK,EICHERMOT,30-Jun-2022,3160.0,CE,0.0,0.0,0.0,25.5,19.85,0,0.0,0,0,18-APR-2022,
OPTSTK,EICHERMOT,30-Jun-2022,3180.0,CE,0.0,0.0,0.0,23.85,18.35,0,0.0,0,0,18-APR-2022,
OPTSTK,EICHERMOT,30-Jun-2022,3200.0,CE,0.0,0.0,0.0,22.25,16.95,0,0.0,0,0,18-APR-2022,
OPTSTK,EICHERMOT,30-Jun-2022,3220.0,CE,0.0,0.0,0.0,20.8,15.65,0,0.0,0,0,18-APR-2022,
OPTSTK,EICHERMOT,30-Jun-2022,3240.0,CE,0.0,0.0,0.0,19.45,14.45,0,0.0,0,0,18-APR-2022,
OPTSTK,EICHERMOT,30-Jun-2022,3260.0,CE,0.0,0.0,0.0,18.15,13.3,0,0.0,0,0,18-APR-2022,
OPTSTK,EICHERMOT,30-Jun-2022,1860.0,PE,0.0,0.0,0.0,11.2,4.45,0,0.0,0,0,18-APR-2022,
OPTSTK,EICHERMOT,30-Jun-2022,1880.0,PE,0.0,0.0,0.0,12.8,5.25,0,0.0,0,0,18-APR-2022,
OPTSTK,EICHERMOT,30-Jun-2022,1900.0,PE,0.0,0.0,0.0,14.6,6.2,0,0.0,0,0,18-APR-2022,
OPTSTK,EICHERMOT,30-Jun-2022,1920.0,PE,0.0,0.0,0.0,16.55,7.25,0,0.0,0,0,18-APR-2022,
OPTSTK,EICHERMOT,30-Jun-2022,1940.0,PE,0.0,0.0,0.0,18.7,8.45,0,0.0,0,0,18-APR-2022,
OPTSTK,EICHERMOT,30-Jun-2022,1960.0,PE,0.0,0.0,0.0,21.05,9.85,0,0.0,0,0,18-APR-2022,
OPTSTK,EICHERMOT,30-Jun-2022,1980.0,PE,0.0,0.0,0.0,23.65,11.35,0,0.0,0,0,18-APR-2022,
OPTSTK,EICHERMOT,30-Jun-2022,2000.0,PE,0.0,0.0,0.0,26.45,13.05,0,0.0,0,0,18-APR-2022,
OPTSTK,EICHERMOT,30-Jun-2022,2020.0,PE,0.0,0.0,0.0,29.5,14.95,0,0.0,0,0,18-APR-2022,
OPTSTK,EICHERMOT,30-Jun-2022,2040.0,PE,0.0,0.0,0.0,32.8,17.05,0,0.0,0,0,18-APR-2022,
OPTSTK,EICHERMOT,30-Jun-2022,2060.0,PE,0.0,0.0,0.0,36.35,19.4,0,0.0,0,0,18-APR-2022,
OPTSTK,EICHERMOT,30-Jun-2022,2080.0,PE,0.0,0.0,0.0,40.2,22.0,0,0.0,0,0,18-APR-2022,
OPTSTK,EICHERMOT,30-Jun-2022,2100.0,PE,0.0,0.0,0.0,44.3,24.8,0,0.0,0,0,18-APR-2022,
OPTSTK,EICHERMOT,30-Jun-2022,2120.0,PE,0.0,0.0,0.0,48.7,27.85,0,0.0,0,0,18-APR-2022,
OPTSTK,EICHERMOT,30-Jun-2022,2140.0,PE,0.0,0.0,0.0,53.4,31.25,0,0.0,0,0,18-APR-2022,
OPTSTK,EICHERMOT,30-Jun-2022,2160.0,PE,0.0,0.0,0.0,58.5,34.85,0,0.0,0,0,18-APR-2022,
OPTSTK,EICHERMOT,30-Jun-2022,2180.0,PE,0.0,0.0,0.0,63.8,38.8,0,0.0,0,0,18-APR-2022,
OPTSTK,EICHERMOT,30-Jun-2022,2200.0,PE,0.0,0.0,0.0,69.4,43.05,0,0.0,0,0,18-APR-2022,
OPTSTK,EICHERMOT,30-Jun-2022,2220.0,PE,0.0,0.0,0.0,75.35,47.65,0,0.0,0,0,18-APR-2022,
OPTSTK,EICHERMOT,30-Jun-2022,2240.0,PE,0.0,0.0,0.0,81.55,52.65,0,0.0,0,0,18-APR-2022,
OPTSTK,EICHERMOT,30-Jun-2022,2260.0,PE,0.0,0.0,0.0,88.2,57.9,0,0.0,0,0,18-APR-2022,
OPTSTK,EICHERMOT,30-Jun-2022,2280.0,PE,0.0,0.0,0.0,95.15,63.45,0,0.0,0,0,18-APR-2022,
OPTSTK,EICHERMOT,30-Jun-2022,2300.0,PE,0.0,0.0,0.0,102.5,69.3,0,0.0,0,0,18-APR-2022,
OPTSTK,EICHERMOT,30-Jun-2022,2320.0,PE,0.0,0.0,0.0,110.15,75.65,0,0.0,0,0,18-APR-2022,
OPTSTK,EICHERMOT,30-Jun-2022,2340.0,PE,0.0,0.0,0.0,118.15,82.35,0,0.0,0,0,18-APR-2022,
OPTSTK,EICHERMOT,30-Jun-2022,2360.0,PE,0.0,0.0,0.0,126.5,89.4,0,0.0,0,0,18-APR-2022,
OPTSTK,EICHERMOT,30-Jun-2022,2380.0,PE,0.0,0.0,0.0,135.2,96.9,0,0.0,0,0,18-APR-2022,
OPTSTK,EICHERMOT,30-Jun-2022,2400.0,PE,0.0,0.0,0.0,144.25,104.7,0,0.0,0,0,18-APR-2022,
OPTSTK,EICHERMOT,30-Jun-2022,2420.0,PE,0.0,0.0,0.0,153.65,112.95,0,0.0,0,0,18-APR-2022,
OPTSTK,EICHERMOT,30-Jun-2022,2440.0,PE,0.0,0.0,0.0,163.4,121.55,0,0.0,0,0,18-APR-2022,
OPTSTK,EICHERMOT,30-Jun-2022,2460.0,PE,0.0,0.0,0.0,173.5,130.55,0,0.0,0,0,18-APR-2022,
OPTSTK,EICHERMOT,30-Jun-2022,2480.0,PE,0.0,0.0,0.0,183.9,139.95,0,0.0,0,0,18-APR-2022,
OPTSTK,EICHERMOT,30-Jun-2022,2500.0,PE,0.0,0.0,0.0,194.65,149.7,0,0.0,0,0,18-APR-2022,
OPTSTK,EICHERMOT,30-Jun-2022,2520.0,PE,0.0,0.0,0.0,205.75,159.85,0,0.0,0,0,18-APR-2022,
OPTSTK,EICHERMOT,30-Jun-2022,2540.0,PE,0.0,0.0,0.0,217.15,170.4,0,0.0,0,0,18-APR-2022,
OPTSTK,EICHERMOT,30-Jun-2022,2560.0,PE,0.0,0.0,0.0,228.9,181.3,0,0.0,0,0,18-APR-2022,
OPTSTK,EICHERMOT,30-Jun-2022,2580.0,PE,0.0,0.0,0.0,240.9,192.55,0,0.0,0,0,18-APR-2022,
OPTSTK,EICHERMOT,30-Jun-2022,2600.0,PE,0.0,0.0,0.0,253.3,204.2,0,0.0,0,0,18-APR-2022,
OPTSTK,EICHERMOT,30-Jun-2022,2620.0,PE,0.0,0.0,0.0,265.95,216.15,0,0.0,0,0,18-APR-2022,
OPTSTK,EICHERMOT,30-Jun-2022,2640.0,PE,0.0,0.0,0.0,278.9,228.5,0,0.0,0,0,18-APR-2022,
OPTSTK,EICHERMOT,30-Jun-2022,2660.0,PE,0.0,0.0,0.0,292.15,241.2,0,0.0,0,0,18-APR-2022,
OPTSTK,EICHERMOT,30-Jun-2022,2680.0,PE,0.0,0.0,0.0,305.65,254.2,0,0.0,0,0,18-APR-2022,
OPTSTK,EICHERMOT,30-Jun-2022,2700.0,PE,0.0,0.0,0.0,319.45,267.5,0,0.0,0,0,18-APR-2022,
OPTSTK,EICHERMOT,30-Jun-2022,2720.0,PE,0.0,0.0,0.0,333.5,281.15,0,0.0,0,0,18-APR-2022,
OPTSTK,EICHERMOT,30-Jun-2022,2740.0,PE,0.0,0.0,0.0,347.85,295.1,0,0.0,0,0,18-APR-2022,
OPTSTK,EICHERMOT,30-Jun-2022,2760.0,PE,0.0,0.0,0.0,362.4,309.4,0,0.0,0,0,18-APR-2022,
OPTSTK,EICHERMOT,30-Jun-2022,2780.0,PE,0.0,0.0,0.0,377.35,323.9,0,0.0,0,0,18-APR-2022,
OPTSTK,EICHERMOT,30-Jun-2022,2800.0,PE,0.0,0.0,0.0,392.45,338.85,0,0.0,0,0,18-APR-2022,
OPTSTK,EICHERMOT,30-Jun-2022,2820.0,PE,0.0,0.0,0.0,407.75,353.95,0,0.0,0,0,18-APR-2022,
OPTSTK,EICHERMOT,30-Jun-2022,2840.0,PE,0.0,0.0,0.0,423.25,369.35,0,0.0,0,0,18-APR-2022,
OPTSTK,EICHERMOT,30-Jun-2022,2860.0,PE,0.0,0.0,0.0,439.0,384.95,0,0.0,0,0,18-APR-2022,
OPTSTK,EICHERMOT,30-Jun-2022,2880.0,PE,0.0,0.0,0.0,454.8,400.7,0,0.0,0,0,18-APR-2022,
OPTSTK,EICHERMOT,30-Jun-2022,2900.0,PE,0.0,0.0,0.0,470.95,416.75,0,0.0,0,0,18-APR-2022,
OPTSTK,EICHERMOT,30-Jun-2022,2920.0,PE,0.0,0.0,0.0,487.25,433.05,0,0.0,0,0,18-APR-2022,
OPTSTK,EICHERMOT,30-Jun-2022,2940.0,PE,0.0,0.0,0.0,503.75,449.5,0,0.0,0,0,18-APR-2022,
OPTSTK,EICHERMOT,30-Jun-2022,2960.0,PE,0.0,0.0,0.0,520.4,466.2,0,0.0,0,0,18-APR-2022,
OPTSTK,EICHERMOT,30-Jun-2022,2980.0,PE,0.0,0.0,0.0,537.25,483.1,0,0.0,0,0,18-APR-2022,
OPTSTK,EICHERMOT,30-Jun-2022,3000.0,PE,0.0,0.0,0.0,554.25,500.15,0,0.0,0,0,18-APR-2022,
OPTSTK,EICHERMOT,30-Jun-2022,3020.0,PE,0.0,0.0,0.0,571.4,517.4,0,0.0,0,0,18-APR-2022,
OPTSTK,EICHERMOT,30-Jun-2022,3040.0,PE,0.0,0.0,0.0,588.65,534.8,0,0.0,0,0,18-APR-2022,
OPTSTK,EICHERMOT,30-Jun-2022,3060.0,PE,0.0,0.0,0.0,606.1,552.35,0,0.0,0,0,18-APR-2022,
OPTSTK,EICHERMOT,30-Jun-2022,3080.0,PE,0.0,0.0,0.0,623.65,570.05,0,0.0,0,0,18-APR-2022,
OPTSTK,EICHERMOT,30-Jun-2022,3100.0,PE,0.0,0.0,0.0,641.35,587.9,0,0.0,0,0,18-APR-2022,
OPTSTK,EICHERMOT,30-Jun-2022,3120.0,PE,0.0,0.0,0.0,659.15,605.85,0,0.0,0,0,18-APR-2022,
OPTSTK,EICHERMOT,30-Jun-2022,3140.0,PE,0.0,0.0,0.0,677.05,623.95,0,0.0,0,0,18-APR-2022,
OPTSTK,EICHERMOT,30-Jun-2022,3160.0,PE,0.0,0.0,0.0,695.1,642.15,0,0.0,0,0,18-APR-2022,
OPTSTK,EICHERMOT,30-Jun-2022,3180.0,PE,0.0,0.0,0.0,713.25,660.5,0,0.0,0,0,18-APR-2022,
OPTSTK,EICHERMOT,30-Jun-2022,3200.0,PE,0.0,0.0,0.0,731.45,678.95,0,0.0,0,0,18-APR-2022,
OPTSTK,EICHERMOT,30-Jun-2022,3220.0,PE,0.0,0.0,0.0,749.8,697.45,0,0.0,0,0,18-APR-2022,
OPTSTK,EICHERMOT,30-Jun-2022,3240.0,PE,0.0,0.0,0.0,768.2,716.05,0,0.0,0,0,18-APR-2022,
OPTSTK,EICHERMOT,30-Jun-2022,3260.0,PE,0.0,0.0,0.0,786.7,734.8,0,0.0,0,0,18-APR-2022,
OPTSTK,ESCORTS,28-Apr-2022,1180.0,CE,0.0,0.0,0.0,685.15,368.35,0,0.0,0,0,18-APR-2022,
OPTSTK,ESCORTS,28-Apr-2022,1200.0,CE,0.0,0.0,0.0,665.75,348.4,0,0.0,0,0,18-APR-2022,
OPTSTK,ESCORTS,28-Apr-2022,1220.0,CE,0.0,0.0,0.0,646.5,328.4,0,0.0,0,0,18-APR-2022,
OPTSTK,ESCORTS,28-Apr-2022,1240.0,CE,0.0,0.0,0.0,627.35,308.45,0,0.0,0,0,18-APR-2022,
OPTSTK,ESCORTS,28-Apr-2022,1260.0,CE,0.0,0.0,0.0,608.25,288.5,0,0.0,0,0,18-APR-2022,
OPTSTK,ESCORTS,28-Apr-2022,1280.0,CE,0.0,0.0,0.0,589.35,268.6,0,0.0,0,0,18-APR-2022,
OPTSTK,ESCORTS,28-Apr-2022,1300.0,CE,0.0,0.0,0.0,338.8,248.75,0,0.0,550,0,18-APR-2022,
OPTSTK,ESCORTS,28-Apr-2022,1320.0,CE,0.0,0.0,0.0,551.9,229.0,0,0.0,0,0,18-APR-2022,
OPTSTK,ESCORTS,28-Apr-2022,1340.0,CE,0.0,0.0,0.0,533.45,209.4,0,0.0,0,0,18-APR-2022,
OPTSTK,ESCORTS,28-Apr-2022,1360.0,CE,0.0,0.0,0.0,205.0,190.1,0,0.0,0,0,18-APR-2022,
OPTSTK,ESCORTS,28-Apr-2022,1380.0,CE,0.0,0.0,0.0,497.1,171.1,0,0.0,0,0,18-APR-2022,
OPTSTK,ESCORTS,28-Apr-2022,1400.0,CE,0.0,0.0,0.0,479.25,152.6,0,0.0,0,0,18-APR-2022,
OPTSTK,ESCORTS,28-Apr-2022,1420.0,CE,0.0,0.0,0.0,461.7,134.7,0,0.0,0,0,18-APR-2022,
OPTSTK,ESCORTS,28-Apr-2022,1440.0,CE,0.0,0.0,0.0,444.35,117.6,0,0.0,0,0,18-APR-2022,
OPTSTK,ESCORTS,28-Apr-2022,1460.0,CE,0.0,0.0,0.0,427.25,101.45,0,0.0,0,0,18-APR-2022,
OPTSTK,ESCORTS,28-Apr-2022,1480.0,CE,68.6,90.0,68.6,90.0,86.4,5,42.93,3300,2200,18-APR-2022,
OPTSTK,ESCORTS,28-Apr-2022,1500.0,CE,74.45,74.95,44.4,69.0,69.0,62,531.77,82500,550,18-APR-2022,
OPTSTK,ESCORTS,28-Apr-2022,1520.0,CE,67.0,67.0,33.15,55.0,55.0,64,549.99,24200,15950,18-APR-2022,
OPTSTK,ESCORTS,28-Apr-2022,1540.0,CE,40.0,47.9,3.55,41.4,41.4,156,1352.47,51700,4400,18-APR-2022,
OPTSTK,ESCORTS,28-Apr-2022,1560.0,CE,26.35,36.0,17.6,30.85,30.85,478,4173.42,70400,21450,18-APR-2022,
OPTSTK,ESCORTS,28-Apr-2022,1580.0,CE,24.05,26.6,12.6,22.5,22.5,291,2560.96,53350,-3300,18-APR-2022,
OPTSTK,ESCORTS,28-Apr-2022,1600.0,CE,17.9,21.5,8.95,16.1,16.1,871,7738.02,433400,-22550,18-APR-2022,
OPTSTK,ESCORTS,28-Apr-2022,1620.0,CE,9.2,15.6,6.9,11.85,11.85,289,2591.97,108350,10450,18-APR-2022,
OPTSTK,ESCORTS,28-Apr-2022,1640.0,CE,7.95,12.9,4.95,8.4,8.4,418,3788.95,201850,-9900,18-APR-2022,
OPTSTK,ESCORTS,28-Apr-2022,1660.0,CE,10.1,10.1,4.3,6.9,6.9,317,2905.9,88000,-14300,18-APR-2022,
OPTSTK,ESCORTS,28-Apr-2022,1680.0,CE,7.95,8.0,3.65,5.95,5.95,248,2298.27,90200,-9900,18-APR-2022,
OPTSTK,ESCORTS,28-Apr-2022,1700.0,CE,7.15,7.2,3.1,5.05,5.05,1297,12160.6,676500,-101750,18-APR-2022,
OPTSTK,ESCORTS,28-Apr-2022,1720.0,CE,5.25,5.75,2.75,4.3,4.3,290,2749.32,69300,-14300,18-APR-2022,
OPTSTK,ESCORTS,28-Apr-2022,1740.0,CE,4.7,4.7,2.3,3.5,3.5,330,3163.52,132000,-25850,18-APR-2022,
OPTSTK,ESCORTS,28-Apr-2022,1760.0,CE,3.0,3.35,2.15,3.15,3.15,163,1580.24,63800,-16500,18-APR-2022,
OPTSTK,ESCORTS,28-Apr-2022,1780.0,CE,2.65,3.1,1.75,2.7,2.7,134,1313.48,31350,-12100,18-APR-2022,
OPTSTK,ESCORTS,28-Apr-2022,1800.0,CE,1.95,2.7,1.65,2.3,2.3,883,8751.95,587950,-89650,18-APR-2022,
OPTSTK,ESCORTS,28-Apr-2022,1820.0,CE,1.8,2.15,1.5,2.1,0.55,104,1042.04,55000,-7700,18-APR-2022,
OPTSTK,ESCORTS,28-Apr-2022,1840.0,CE,1.65,1.75,1.3,1.6,0.4,29,293.72,59400,-7150,18-APR-2022,
OPTSTK,ESCORTS,28-Apr-2022,1860.0,CE,2.05,2.05,1.2,1.8,0.25,70,716.65,45650,-7150,18-APR-2022,
OPTSTK,ESCORTS,28-Apr-2022,1880.0,CE,1.5,1.5,1.5,1.5,0.15,1,10.34,24750,0,18-APR-2022,
OPTSTK,ESCORTS,28-Apr-2022,1900.0,CE,1.05,1.45,0.8,1.3,1.3,260,2718.59,410850,-25850,18-APR-2022,
OPTSTK,ESCORTS,28-Apr-2022,1920.0,CE,0.0,0.0,0.0,1.5,0.05,0,0.0,19800,0,18-APR-2022,
OPTSTK,ESCORTS,28-Apr-2022,1940.0,CE,0.3,0.3,0.3,0.3,0.05,1,10.67,2750,-550,18-APR-2022,
OPTSTK,ESCORTS,28-Apr-2022,1960.0,CE,0.0,0.0,0.0,120.05,0.05,0,0.0,0,0,18-APR-2022,
OPTSTK,ESCORTS,28-Apr-2022,1980.0,CE,0.0,0.0,0.0,112.85,0.05,0,0.0,0,0,18-APR-2022,
OPTSTK,ESCORTS,28-Apr-2022,2000.0,CE,0.9,1.1,0.75,1.1,0.05,126,1386.67,168300,-9900,18-APR-2022,
OPTSTK,ESCORTS,28-Apr-2022,2020.0,CE,0.0,0.0,0.0,99.55,0.0,0,0.0,0,0,18-APR-2022,
OPTSTK,ESCORTS,28-Apr-2022,2040.0,CE,0.0,0.0,0.0,93.35,0.0,0,0.0,0,0,18-APR-2022,
OPTSTK,ESCORTS,28-Apr-2022,2060.0,CE,0.0,0.0,0.0,87.5,0.0,0,0.0,0,0,18-APR-2022,
OPTSTK,ESCORTS,28-Apr-2022,2080.0,CE,0.0,0.0,0.0,81.95,0.0,0,0.0,0,0,18-APR-2022,
OPTSTK,ESCORTS,28-Apr-2022,2100.0,CE,0.0,0.0,0.0,0.75,0.0,0,0.0,1100,0,18-APR-2022,
OPTSTK,ESCORTS,28-Apr-2022,2120.0,CE,0.0,0.0,0.0,71.85,0.0,0,0.0,0,0,18-APR-2022,
OPTSTK,ESCORTS,28-Apr-2022,2140.0,CE,0.0,0.0,0.0,67.2,0.0,0,0.0,0,0,18-APR-2022,
OPTSTK,ESCORTS,28-Apr-2022,2160.0,CE,0.0,0.0,0.0,62.8,0.0,0,0.0,0,0,18-APR-2022,
OPTSTK,ESCORTS,28-Apr-2022,2180.0,CE,0.0,0.0,0.0,58.65,0.0,0,0.0,0,0,18-APR-2022,
OPTSTK,ESCORTS,28-Apr-2022,2200.0,CE,0.0,0.0,0.0,54.7,0.0,0,0.0,0,0,18-APR-2022,
OPTSTK,ESCORTS,28-Apr-2022,2220.0,CE,0.0,0.0,0.0,50.95,0.0,0,0.0,0,0,18-APR-2022,
OPTSTK,ESCORTS,28-Apr-2022,2240.0,CE,0.0,0.0,0.0,47.5,0.0,0,0.0,0,0,18-APR-2022,
OPTSTK,ESCORTS,28-Apr-2022,2260.0,CE,0.0,0.0,0.0,44.25,0.0,0,0.0,0,0,18-APR-2022,
OPTSTK,ESCORTS,28-Apr-2022,2280.0,CE,0.0,0.0,0.0,41.15,0.0,0,0.0,0,0,18-APR-2022,
OPTSTK,ESCORTS,28-Apr-2022,1180.0,PE,0.0,0.0,0.0,1.7,0.0,0,0.0,0,0,18-APR-2022,
OPTSTK,ESCORTS,28-Apr-2022,1200.0,PE,0.0,0.0,0.0,2.1,0.05,0,0.0,0,0,18-APR-2022,
OPTSTK,ESCORTS,28-Apr-2022,1220.0,PE,0.0,0.0,0.0,3.25,0.05,0,0.0,1650,0,18-APR-2022,
OPTSTK,ESCORTS,28-Apr-2022,1240.0,PE,0.0,0.0,0.0,1.25,0.05,0,0.0,13200,0,18-APR-2022,
OPTSTK,ESCORTS,28-Apr-2022,1260.0,PE,0.0,0.0,0.0,3.0,0.1,0,0.0,4400,0,18-APR-2022,
OPTSTK,ESCORTS,28-Apr-2022,1280.0,PE,0.0,0.0,0.0,4.85,0.15,0,0.0,0,0,18-APR-2022,
OPTSTK,ESCORTS,28-Apr-2022,1300.0,PE,2.75,2.75,1.5,1.6,1.6,73,522.71,34100,-2750,18-APR-2022,
OPTSTK,ESCORTS,28-Apr-2022,1320.0,PE,0.35,1.9,0.35,1.9,0.5,2,14.53,550,-550,18-APR-2022,
OPTSTK,ESCORTS,28-Apr-2022,1340.0,PE,0.0,0.0,0.0,5.05,0.9,0,0.0,550,0,18-APR-2022,
OPTSTK,ESCORTS,28-Apr-2022,1360.0,PE,2.6,4.6,2.0,2.55,2.55,151,1132.12,39050,550,18-APR-2022,
OPTSTK,ESCORTS,28-Apr-2022,1380.0,PE,0.0,0.0,0.0,5.65,2.55,0,0.0,1100,0,18-APR-2022,
OPTSTK,ESCORTS,28-Apr-2022,1400.0,PE,7.05,8.0,3.5,4.0,4.0,448,3462.96,198550,19800,18-APR-2022,
OPTSTK,ESCORTS,28-Apr-2022,1420.0,PE,7.35,8.2,7.35,8.2,6.1,4,31.41,4400,0,18-APR-2022,
OPTSTK,ESCORTS,28-Apr-2022,1440.0,PE,11.5,11.5,5.35,5.9,5.9,127,1011.24,13750,-1100,18-APR-2022,
OPTSTK,ESCORTS,28-Apr-2022,1460.0,PE,11.9,18.0,6.9,7.8,7.8,235,1901.86,48400,-9900,18-APR-2022,
OPTSTK,ESCORTS,28-Apr-2022,1480.0,PE,12.55,13.85,11.0,11.0,17.7,25,205.27,31350,4950,18-APR-2022,
OPTSTK,ESCORTS,28-Apr-2022,1500.0,PE,22.85,31.0,13.6,15.15,15.15,423,3538.9,243100,-3300,18-APR-2022,
OPTSTK,ESCORTS,28-Apr-2022,1520.0,PE,26.95,38.65,19.05,20.35,20.35,59,502.95,31900,-8800,18-APR-2022,
OPTSTK,ESCORTS,28-Apr-2022,1540.0,PE,31.0,50.0,24.9,29.3,29.3,203,1761.06,47850,-6600,18-APR-2022,
OPTSTK,ESCORTS,28-Apr-2022,1560.0,PE,45.0,63.2,35.35,38.0,38.0,52,458.17,47850,-550,18-APR-2022,
OPTSTK,ESCORTS,28-Apr-2022,1580.0,PE,64.85,75.05,50.8,50.8,62.5,10,90.4,28050,-1650,18-APR-2022,
OPTSTK,ESCORTS,28-Apr-2022,1600.0,PE,69.35,91.3,57.5,59.0,75.6,62,570.3,248600,3850,18-APR-2022,
OPTSTK,ESCORTS,28-Apr-2022,1620.0,PE,87.15,104.0,76.55,76.55,89.9,13,121.87,22550,-2200,18-APR-2022,
OPTSTK,ESCORTS,28-Apr-2022,1640.0,PE,112.1,126.2,100.1,100.1,105.3,8,77.28,13750,-1100,18-APR-2022,
OPTSTK,ESCORTS,28-Apr-2022,1660.0,PE,0.0,0.0,0.0,122.2,121.65,0,0.0,2200,0,18-APR-2022,
OPTSTK,ESCORTS,28-Apr-2022,1680.0,PE,164.65,164.65,164.65,164.65,138.8,1,10.14,2200,0,18-APR-2022,
OPTSTK,ESCORTS,28-Apr-2022,1700.0,PE,155.4,167.2,147.35,148.75,156.65,8,81.63,30250,-3850,18-APR-2022,
OPTSTK,ESCORTS,28-Apr-2022,1720.0,PE,0.0,0.0,0.0,178.9,175.0,0,0.0,2750,0,18-APR-2022,
OPTSTK,ESCORTS,28-Apr-2022,1740.0,PE,0.0,0.0,0.0,95.25,193.8,0,0.0,0,0,18-APR-2022,
OPTSTK,ESCORTS,28-Apr-2022,1760.0,PE,0.0,0.0,0.0,175.25,212.9,0,0.0,3300,0,18-APR-2022,
OPTSTK,ESCORTS,28-Apr-2022,1780.0,PE,0.0,0.0,0.0,112.2,232.3,0,0.0,0,0,18-APR-2022,
OPTSTK,ESCORTS,28-Apr-2022,1800.0,PE,277.0,277.0,277.0,277.0,251.85,1,11.42,4400,-550,18-APR-2022,
OPTSTK,ESCORTS,28-Apr-2022,1820.0,PE,0.0,0.0,0.0,130.8,271.5,0,0.0,0,0,18-APR-2022,
OPTSTK,ESCORTS,28-Apr-2022,1840.0,PE,0.0,0.0,0.0,258.0,291.3,0,0.0,1100,0,18-APR-2022,
OPTSTK,ESCORTS,28-Apr-2022,1860.0,PE,0.0,0.0,0.0,151.05,311.15,0,0.0,0,0,18-APR-2022,
OPTSTK,ESCORTS,28-Apr-2022,1880.0,PE,0.0,0.0,0.0,161.75,331.05,0,0.0,0,0,18-APR-2022,
OPTSTK,ESCORTS,28-Apr-2022,1900.0,PE,0.0,0.0,0.0,172.85,350.95,0,0.0,0,0,18-APR-2022,
OPTSTK,ESCORTS,28-Apr-2022,1920.0,PE,0.0,0.0,0.0,184.35,370.9,0,0.0,0,0,18-APR-2022,
OPTSTK,ESCORTS,28-Apr-2022,1940.0,PE,0.0,0.0,0.0,196.25,390.85,0,0.0,0,0,18-APR-2022,
OPTSTK,ESCORTS,28-Apr-2022,1960.0,PE,0.0,0.0,0.0,208.5,410.85,0,0.0,0,0,18-APR-2022,
OPTSTK,ESCORTS,28-Apr-2022,1980.0,PE,0.0,0.0,0.0,221.1,430.8,0,0.0,0,0,18-APR-2022,
OPTSTK,ESCORTS,28-Apr-2022,2000.0,PE,0.0,0.0,0.0,234.05,450.8,0,0.0,0,0,18-APR-2022,
OPTSTK,ESCORTS,28-Apr-2022,2020.0,PE,0.0,0.0,0.0,247.35,470.75,0,0.0,0,0,18-APR-2022,
OPTSTK,ESCORTS,28-Apr-2022,2040.0,PE,0.0,0.0,0.0,260.95,490.75,0,0.0,0,0,18-APR-2022,
OPTSTK,ESCORTS,28-Apr-2022,2060.0,PE,0.0,0.0,0.0,274.9,510.7,0,0.0,0,0,18-APR-2022,
OPTSTK,ESCORTS,28-Apr-2022,2080.0,PE,0.0,0.0,0.0,289.15,530.7,0,0.0,0,0,18-APR-2022,
OPTSTK,ESCORTS,28-Apr-2022,2100.0,PE,0.0,0.0,0.0,303.7,550.65,0,0.0,0,0,18-APR-2022,
OPTSTK,ESCORTS,28-Apr-2022,2120.0,PE,0.0,0.0,0.0,318.6,570.65,0,0.0,0,0,18-APR-2022,
OPTSTK,ESCORTS,28-Apr-2022,2140.0,PE,0.0,0.0,0.0,333.75,590.6,0,0.0,0,0,18-APR-2022,
OPTSTK,ESCORTS,28-Apr-2022,2160.0,PE,0.0,0.0,0.0,349.15,610.6,0,0.0,0,0,18-APR-2022,
OPTSTK,ESCORTS,28-Apr-2022,2180.0,PE,0.0,0.0,0.0,364.75,630.55,0,0.0,0,0,18-APR-2022,
OPTSTK,ESCORTS,28-Apr-2022,2200.0,PE,0.0,0.0,0.0,380.65,650.55,0,0.0,0,0,18-APR-2022,
OPTSTK,ESCORTS,28-Apr-2022,2220.0,PE,0.0,0.0,0.0,396.7,670.5,0,0.0,0,0,18-APR-2022,
OPTSTK,ESCORTS,28-Apr-2022,2240.0,PE,0.0,0.0,0.0,413.0,690.5,0,0.0,0,0,18-APR-2022,
OPTSTK,ESCORTS,28-Apr-2022,2260.0,PE,0.0,0.0,0.0,429.55,710.5,0,0.0,0,0,18-APR-2022,
OPTSTK,ESCORTS,28-Apr-2022,2280.0,PE,0.0,0.0,0.0,446.25,730.45,0,0.0,0,0,18-APR-2022,
OPTSTK,ESCORTS,26-May-2022,1180.0,CE,0.0,0.0,0.0,629.4,374.1,0,0.0,0,0,18-APR-2022,
OPTSTK,ESCORTS,26-May-2022,1200.0,CE,0.0,0.0,0.0,610.1,354.85,0,0.0,0,0,18-APR-2022,
OPTSTK,ESCORTS,26-May-2022,1220.0,CE,0.0,0.0,0.0,590.9,335.85,0,0.0,0,0,18-APR-2022,
OPTSTK,ESCORTS,26-May-2022,1240.0,CE,0.0,0.0,0.0,571.8,317.05,0,0.0,0,0,18-APR-2022,
OPTSTK,ESCORTS,26-May-2022,1260.0,CE,0.0,0.0,0.0,552.85,298.6,0,0.0,0,0,18-APR-2022,
OPTSTK,ESCORTS,26-May-2022,1280.0,CE,0.0,0.0,0.0,534.05,280.4,0,0.0,0,0,18-APR-2022,
OPTSTK,ESCORTS,26-May-2022,1300.0,CE,0.0,0.0,0.0,515.4,262.65,0,0.0,0,0,18-APR-2022,
OPTSTK,ESCORTS,26-May-2022,1320.0,CE,0.0,0.0,0.0,496.95,245.25,0,0.0,0,0,18-APR-2022,
OPTSTK,ESCORTS,26-May-2022,1340.0,CE,0.0,0.0,0.0,478.7,228.35,0,0.0,0,0,18-APR-2022,
OPTSTK,ESCORTS,26-May-2022,1360.0,CE,0.0,0.0,0.0,460.65,212.0,0,0.0,0,0,18-APR-2022,
OPTSTK,ESCORTS,26-May-2022,1380.0,CE,0.0,0.0,0.0,442.85,196.2,0,0.0,0,0,18-APR-2022,
OPTSTK,ESCORTS,26-May-2022,1400.0,CE,0.0,0.0,0.0,425.3,181.0,0,0.0,0,0,18-APR-2022,
OPTSTK,ESCORTS,26-May-2022,1420.0,CE,0.0,0.0,0.0,408.05,166.45,0,0.0,0,0,18-APR-2022,
OPTSTK,ESCORTS,26-May-2022,1440.0,CE,0.0,0.0,0.0,391.1,152.5,0,0.0,0,0,18-APR-2022,
OPTSTK,ESCORTS,26-May-2022,1460.0,CE,0.0,0.0,0.0,374.45,139.3,0,0.0,0,0,18-APR-2022,
OPTSTK,ESCORTS,26-May-2022,1480.0,CE,0.0,0.0,0.0,358.15,126.85,0,0.0,0,0,18-APR-2022,
OPTSTK,ESCORTS,26-May-2022,1500.0,CE,0.0,0.0,0.0,91.3,115.1,0,0.0,550,0,18-APR-2022,
OPTSTK,ESCORTS,26-May-2022,1520.0,CE,0.0,0.0,0.0,326.6,104.1,0,0.0,0,0,18-APR-2022,
OPTSTK,ESCORTS,26-May-2022,1540.0,CE,0.0,0.0,0.0,311.35,93.8,0,0.0,0,0,18-APR-2022,
OPTSTK,ESCORTS,26-May-2022,1560.0,CE,0.0,0.0,0.0,296.6,84.3,0,0.0,0,0,18-APR-2022,
OPTSTK,ESCORTS,26-May-2022,1580.0,CE,0.0,0.0,0.0,282.15,75.45,0,0.0,0,0,18-APR-2022,
OPTSTK,ESCORTS,26-May-2022,1600.0,CE,0.0,0.0,0.0,268.15,67.35,0,0.0,0,0,18-APR-2022,
OPTSTK,ESCORTS,26-May-2022,1620.0,CE,0.0,0.0,0.0,254.45,59.9,0,0.0,0,0,18-APR-2022,
OPTSTK,ESCORTS,26-May-2022,1640.0,CE,0.0,0.0,0.0,241.3,53.1,0,0.0,0,0,18-APR-2022,
OPTSTK,ESCORTS,26-May-2022,1660.0,CE,0.0,0.0,0.0,228.6,46.95,0,0.0,0,0,18-APR-2022,
OPTSTK,ESCORTS,26-May-2022,1680.0,CE,0.0,0.0,0.0,216.35,41.35,0,0.0,0,0,18-APR-2022,
OPTSTK,ESCORTS,26-May-2022,1700.0,CE,26.55,35.0,24.5,25.0,25.0,21,199.38,11000,8800,18-APR-2022,
OPTSTK,ESCORTS,26-May-2022,1720.0,CE,0.0,0.0,0.0,193.15,31.9,0,0.0,0,0,18-APR-2022,
OPTSTK,ESCORTS,26-May-2022,1740.0,CE,0.0,0.0,0.0,41.5,27.8,0,0.0,1650,0,18-APR-2022,
OPTSTK,ESCORTS,26-May-2022,1760.0,CE,0.0,0.0,0.0,171.7,24.2,0,0.0,0,0,18-APR-2022,
OPTSTK,ESCORTS,26-May-2022,1780.0,CE,0.0,0.0,0.0,161.65,21.0,0,0.0,0,0,18-APR-2022,
OPTSTK,ESCORTS,26-May-2022,1800.0,CE,14.0,15.75,14.0,14.5,14.5,19,189.64,29700,6050,18-APR-2022,
OPTSTK,ESCORTS,26-May-2022,1820.0,CE,0.0,0.0,0.0,142.85,15.65,0,0.0,0,0,18-APR-2022,
OPTSTK,ESCORTS,26-May-2022,1840.0,CE,0.0,0.0,0.0,134.1,13.5,0,0.0,0,0,18-APR-2022,
OPTSTK,ESCORTS,26-May-2022,1860.0,CE,0.0,0.0,0.0,125.75,11.55,0,0.0,0,0,18-APR-2022,
OPTSTK,ESCORTS,26-May-2022,1880.0,CE,0.0,0.0,0.0,117.8,9.9,0,0.0,0,0,18-APR-2022,
OPTSTK,ESCORTS,26-May-2022,1900.0,CE,0.0,0.0,0.0,13.0,8.45,0,0.0,4950,0,18-APR-2022,
OPTSTK,ESCORTS,26-May-2022,1920.0,CE,0.0,0.0,0.0,103.15,7.2,0,0.0,0,0,18-APR-2022,
OPTSTK,ESCORTS,26-May-2022,1940.0,CE,0.0,0.0,0.0,96.35,6.1,0,0.0,0,0,18-APR-2022,
OPTSTK,ESCORTS,26-May-2022,1960.0,CE,0.0,0.0,0.0,89.95,5.15,0,0.0,0,0,18-APR-2022,
OPTSTK,ESCORTS,26-May-2022,1980.0,CE,0.0,0.0,0.0,83.9,4.35,0,0.0,0,0,18-APR-2022,
OPTSTK,ESCORTS,26-May-2022,2000.0,CE,0.0,0.0,0.0,7.55,3.7,0,0.0,2750,0,18-APR-2022,
OPTSTK,ESCORTS,26-May-2022,2020.0,CE,0.0,0.0,0.0,72.75,3.1,0,0.0,0,0,18-APR-2022,
OPTSTK,ESCORTS,26-May-2022,2040.0,CE,0.0,0.0,0.0,67.8,2.6,0,0.0,0,0,18-APR-2022,
OPTSTK,ESCORTS,26-May-2022,2060.0,CE,0.0,0.0,0.0,63.0,2.2,0,0.0,0,0,18-APR-2022,
OPTSTK,ESCORTS,26-May-2022,2080.0,CE,0.0,0.0,0.0,58.55,1.85,0,0.0,0,0,18-APR-2022,
OPTSTK,ESCORTS,26-May-2022,2100.0,CE,0.0,0.0,0.0,54.35,1.55,0,0.0,0,0,18-APR-2022,
OPTSTK,ESCORTS,26-May-2022,2120.0,CE,0.0,0.0,0.0,50.35,1.25,0,0.0,0,0,18-APR-2022,
OPTSTK,ESCORTS,26-May-2022,2140.0,CE,0.0,0.0,0.0,46.65,1.05,0,0.0,0,0,18-APR-2022,
OPTSTK,ESCORTS,26-May-2022,2160.0,CE,0.0,0.0,0.0,43.2,0.9,0,0.0,0,0,18-APR-2022,
OPTSTK,ESCORTS,26-May-2022,2180.0,CE,0.0,0.0,0.0,40.0,0.75,0,0.0,0,0,18-APR-2022,
OPTSTK,ESCORTS,26-May-2022,2200.0,CE,0.0,0.0,0.0,36.95,0.6,0,0.0,0,0,18-APR-2022,
OPTSTK,ESCORTS,26-May-2022,2220.0,CE,0.0,0.0,0.0,34.15,0.5,0,0.0,0,0,18-APR-2022,
OPTSTK,ESCORTS,26-May-2022,2240.0,CE,0.0,0.0,0.0,31.55,0.4,0,0.0,0,0,18-APR-2022,
OPTSTK,ESCORTS,26-May-2022,2260.0,CE,0.0,0.0,0.0,29.1,0.35,0,0.0,0,0,18-APR-2022,
OPTSTK,ESCORTS,26-May-2022,2280.0,CE,0.0,0.0,0.0,26.85,0.3,0,0.0,0,0,18-APR-2022,
OPTSTK,ESCORTS,26-May-2022,1180.0,PE,0.0,0.0,0.0,1.85,1.9,0,0.0,0,0,18-APR-2022,
OPTSTK,ESCORTS,26-May-2022,1200.0,PE,0.0,0.0,0.0,2.35,2.55,0,0.0,0,0,18-APR-2022,
OPTSTK,ESCORTS,26-May-2022,1220.0,PE,0.0,0.0,0.0,2.95,3.45,0,0.0,0,0,18-APR-2022,
OPTSTK,ESCORTS,26-May-2022,1240.0,PE,0.0,0.0,0.0,3.65,4.6,0,0.0,0,0,18-APR-2022,
OPTSTK,ESCORTS,26-May-2022,1260.0,PE,0.0,0.0,0.0,4.45,6.0,0,0.0,0,0,18-APR-2022,
OPTSTK,ESCORTS,26-May-2022,1280.0,PE,0.0,0.0,0.0,5.45,7.75,0,0.0,0,0,18-APR-2022,
OPTSTK,ESCORTS,26-May-2022,1300.0,PE,10.5,10.5,10.5,10.5,9.9,1,7.2,550,550,18-APR-2022,
OPTSTK,ESCORTS,26-May-2022,1320.0,PE,0.0,0.0,0.0,7.95,12.45,0,0.0,0,0,18-APR-2022,
OPTSTK,ESCORTS,26-May-2022,1340.0,PE,0.0,0.0,0.0,9.45,15.45,0,0.0,0,0,18-APR-2022,
OPTSTK,ESCORTS,26-May-2022,1360.0,PE,0.0,0.0,0.0,11.2,19.0,0,0.0,0,0,18-APR-2022,
OPTSTK,ESCORTS,26-May-2022,1380.0,PE,0.0,0.0,0.0,13.2,23.1,0,0.0,0,0,18-APR-2022,
OPTSTK,ESCORTS,26-May-2022,1400.0,PE,26.0,26.0,26.0,26.0,27.8,1,7.84,3850,550,18-APR-2022,
OPTSTK,ESCORTS,26-May-2022,1420.0,PE,0.0,0.0,0.0,18.0,33.2,0,0.0,0,0,18-APR-2022,
OPTSTK,ESCORTS,26-May-2022,1440.0,PE,0.0,0.0,0.0,20.85,39.15,0,0.0,0,0,18-APR-2022,
OPTSTK,ESCORTS,26-May-2022,1460.0,PE,0.0,0.0,0.0,24.0,45.85,0,0.0,0,0,18-APR-2022,
OPTSTK,ESCORTS,26-May-2022,1480.0,PE,0.0,0.0,0.0,27.45,53.3,0,0.0,0,0,18-APR-2022,
OPTSTK,ESCORTS,26-May-2022,1500.0,PE,51.15,51.15,45.0,45.0,61.45,2,17.02,13200,-550,18-APR-2022,
OPTSTK,ESCORTS,26-May-2022,1520.0,PE,0.0,0.0,0.0,35.5,70.35,0,0.0,0,0,18-APR-2022,
OPTSTK,ESCORTS,26-May-2022,1540.0,PE,0.0,0.0,0.0,40.05,80.0,0,0.0,0,0,18-APR-2022,
OPTSTK,ESCORTS,26-May-2022,1560.0,PE,0.0,0.0,0.0,50.0,90.4,0,0.0,550,0,18-APR-2022,
OPTSTK,ESCORTS,26-May-2022,1580.0,PE,0.0,0.0,0.0,50.4,101.5,0,0.0,0,0,18-APR-2022,
OPTSTK,ESCORTS,26-May-2022,1600.0,PE,0.0,0.0,0.0,105.0,113.3,0,0.0,13750,0,18-APR-2022,
OPTSTK,ESCORTS,26-May-2022,1620.0,PE,0.0,0.0,0.0,62.3,125.75,0,0.0,0,0,18-APR-2022,
OPTSTK,ESCORTS,26-May-2022,1640.0,PE,0.0,0.0,0.0,68.95,138.85,0,0.0,0,0,18-APR-2022,
OPTSTK,ESCORTS,26-May-2022,1660.0,PE,0.0,0.0,0.0,76.05,152.6,0,0.0,0,0,18-APR-2022,
OPTSTK,ESCORTS,26-May-2022,1680.0,PE,0.0,0.0,0.0,83.55,166.9,0,0.0,0,0,18-APR-2022,
OPTSTK,ESCORTS,26-May-2022,1700.0,PE,0.0,0.0,0.0,91.55,181.85,0,0.0,0,0,18-APR-2022,
OPTSTK,ESCORTS,26-May-2022,1720.0,PE,0.0,0.0,0.0,99.95,197.3,0,0.0,0,0,18-APR-2022,
OPTSTK,ESCORTS,26-May-2022,1740.0,PE,0.0,0.0,0.0,108.8,213.1,0,0.0,0,0,18-APR-2022,
OPTSTK,ESCORTS,26-May-2022,1760.0,PE,0.0,0.0,0.0,118.1,229.4,0,0.0,0,0,18-APR-2022,
OPTSTK,ESCORTS,26-May-2022,1780.0,PE,0.0,0.0,0.0,127.85,246.1,0,0.0,0,0,18-APR-2022,
OPTSTK,ESCORTS,26-May-2022,1800.0,PE,0.0,0.0,0.0,138.0,263.2,0,0.0,0,0,18-APR-2022,
OPTSTK,ESCORTS,26-May-2022,1820.0,PE,0.0,0.0,0.0,148.6,280.65,0,0.0,0,0,18-APR-2022,
OPTSTK,ESCORTS,26-May-2022,1840.0,PE,0.0,0.0,0.0,159.65,298.35,0,0.0,0,0,18-APR-2022,
OPTSTK,ESCORTS,26-May-2022,1860.0,PE,0.0,0.0,0.0,171.1,316.35,0,0.0,0,0,18-APR-2022,
OPTSTK,ESCORTS,26-May-2022,1880.0,PE,0.0,0.0,0.0,182.95,334.6,0,0.0,0,0,18-APR-2022,
OPTSTK,ESCORTS,26-May-2022,1900.0,PE,0.0,0.0,0.0,195.2,353.05,0,0.0,0,0,18-APR-2022,
OPTSTK,ESCORTS,26-May-2022,1920.0,PE,0.0,0.0,0.0,207.85,371.7,0,0.0,0,0,18-APR-2022,
OPTSTK,ESCORTS,26-May-2022,1940.0,PE,0.0,0.0,0.0,220.85,390.55,0,0.0,0,0,18-APR-2022,
OPTSTK,ESCORTS,26-May-2022,1960.0,PE,0.0,0.0,0.0,234.25,409.5,0,0.0,0,0,18-APR-2022,
OPTSTK,ESCORTS,26-May-2022,1980.0,PE,0.0,0.0,0.0,247.95,428.65,0,0.0,0,0,18-APR-2022,
OPTSTK,ESCORTS,26-May-2022,2000.0,PE,0.0,0.0,0.0,262.05,447.85,0,0.0,0,0,18-APR-2022,
OPTSTK,ESCORTS,26-May-2022,2020.0,PE,0.0,0.0,0.0,276.45,467.2,0,0.0,0,0,18-APR-2022,
OPTSTK,ESCORTS,26-May-2022,2040.0,PE,0.0,0.0,0.0,291.25,486.6,0,0.0,0,0,18-APR-2022,
OPTSTK,ESCORTS,26-May-2022,2060.0,PE,0.0,0.0,0.0,306.25,506.1,0,0.0,0,0,18-APR-2022,
OPTSTK,ESCORTS,26-May-2022,2080.0,PE,0.0,0.0,0.0,321.6,525.65,0,0.0,0,0,18-APR-2022,
OPTSTK,ESCORTS,26-May-2022,2100.0,PE,0.0,0.0,0.0,337.2,545.25,0,0.0,0,0,18-APR-2022,
OPTSTK,ESCORTS,26-May-2022,2120.0,PE,0.0,0.0,0.0,352.95,564.9,0,0.0,0,0,18-APR-2022,
OPTSTK,ESCORTS,26-May-2022,2140.0,PE,0.0,0.0,0.0,369.05,584.6,0,0.0,0,0,18-APR-2022,
OPTSTK,ESCORTS,26-May-2022,2160.0,PE,0.0,0.0,0.0,385.4,604.35,0,0.0,0,0,18-APR-2022,
OPTSTK,ESCORTS,26-May-2022,2180.0,PE,0.0,0.0,0.0,401.95,624.1,0,0.0,0,0,18-APR-2022,
OPTSTK,ESCORTS,26-May-2022,2200.0,PE,0.0,0.0,0.0,418.75,643.9,0,0.0,0,0,18-APR-2022,
OPTSTK,ESCORTS,26-May-2022,2220.0,PE,0.0,0.0,0.0,435.75,663.7,0,0.0,0,0,18-APR-2022,
OPTSTK,ESCORTS,26-May-2022,2240.0,PE,0.0,0.0,0.0,452.9,683.55,0,0.0,0,0,18-APR-2022,
OPTSTK,ESCORTS,26-May-2022,2260.0,PE,0.0,0.0,0.0,470.25,703.35,0,0.0,0,0,18-APR-2022,
OPTSTK,ESCORTS,26-May-2022,2280.0,PE,0.0,0.0,0.0,487.8,723.2,0,0.0,0,0,18-APR-2022,
OPTSTK,ESCORTS,30-Jun-2022,1180.0,CE,0.0,0.0,0.0,527.05,386.1,0,0.0,0,0,18-APR-2022,
OPTSTK,ESCORTS,30-Jun-2022,1200.0,CE,0.0,0.0,0.0,508.2,368.25,0,0.0,0,0,18-APR-2022,
OPTSTK,ESCORTS,30-Jun-2022,1220.0,CE,0.0,0.0,0.0,489.45,350.7,0,0.0,0,0,18-APR-2022,
OPTSTK,ESCORTS,30-Jun-2022,1240.0,CE,0.0,0.0,0.0,470.95,333.5,0,0.0,0,0,18-APR-2022,
OPTSTK,ESCORTS,30-Jun-2022,1260.0,CE,0.0,0.0,0.0,452.65,316.7,0,0.0,0,0,18-APR-2022,
OPTSTK,ESCORTS,30-Jun-2022,1280.0,CE,0.0,0.0,0.0,434.55,300.25,0,0.0,0,0,18-APR-2022,
OPTSTK,ESCORTS,30-Jun-2022,1300.0,CE,0.0,0.0,0.0,416.75,284.2,0,0.0,0,0,18-APR-2022,
OPTSTK,ESCORTS,30-Jun-2022,1320.0,CE,0.0,0.0,0.0,399.2,268.6,0,0.0,0,0,18-APR-2022,
OPTSTK,ESCORTS,30-Jun-2022,1340.0,CE,0.0,0.0,0.0,381.95,253.45,0,0.0,0,0,18-APR-2022,
OPTSTK,ESCORTS,30-Jun-2022,1360.0,CE,0.0,0.0,0.0,365.0,238.85,0,0.0,0,0,18-APR-2022,
OPTSTK,ESCORTS,30-Jun-2022,1380.0,CE,0.0,0.0,0.0,348.4,224.65,0,0.0,0,0,18-APR-2022,
OPTSTK,ESCORTS,30-Jun-2022,1400.0,CE,0.0,0.0,0.0,332.15,210.9,0,0.0,0,0,18-APR-2022,
OPTSTK,ESCORTS,30-Jun-2022,1420.0,CE,0.0,0.0,0.0,316.3,197.8,0,0.0,0,0,18-APR-2022,
OPTSTK,ESCORTS,30-Jun-2022,1440.0,CE,0.0,0.0,0.0,300.8,185.15,0,0.0,0,0,18-APR-2022,
OPTSTK,ESCORTS,30-Jun-2022,1460.0,CE,0.0,0.0,0.0,285.75,173.1,0,0.0,0,0,18-APR-2022,
OPTSTK,ESCORTS,30-Jun-2022,1480.0,CE,0.0,0.0,0.0,271.15,161.55,0,0.0,0,0,18-APR-2022,
OPTSTK,ESCORTS,30-Jun-2022,1500.0,CE,0.0,0.0,0.0,256.95,150.55,0,0.0,0,0,18-APR-2022,
OPTSTK,ESCORTS,30-Jun-2022,1520.0,CE,0.0,0.0,0.0,243.15,140.1,0,0.0,0,0,18-APR-2022,
OPTSTK,ESCORTS,30-Jun-2022,1540.0,CE,0.0,0.0,0.0,229.8,130.15,0,0.0,0,0,18-APR-2022,
OPTSTK,ESCORTS,30-Jun-2022,1560.0,CE,0.0,0.0,0.0,216.95,120.75,0,0.0,0,0,18-APR-2022,
OPTSTK,ESCORTS,30-Jun-2022,1580.0,CE,0.0,0.0,0.0,204.6,111.85,0,0.0,0,0,18-APR-2022,
OPTSTK,ESCORTS,30-Jun-2022,1600.0,CE,0.0,0.0,0.0,192.7,103.5,0,0.0,0,0,18-APR-2022,
OPTSTK,ESCORTS,30-Jun-2022,1620.0,CE,0.0,0.0,0.0,181.3,95.6,0,0.0,0,0,18-APR-2022,
OPTSTK,ESCORTS,30-Jun-2022,1640.0,CE,0.0,0.0,0.0,170.35,88.15,0,0.0,0,0,18-APR-2022,
OPTSTK,ESCORTS,30-Jun-2022,1660.0,CE,0.0,0.0,0.0,159.9,81.2,0,0.0,0,0,18-APR-2022,
OPTSTK,ESCORTS,30-Jun-2022,1680.0,CE,0.0,0.0,0.0,149.9,74.7,0,0.0,0,0,18-APR-2022,
OPTSTK,ESCORTS,30-Jun-2022,1700.0,CE,0.0,0.0,0.0,140.4,68.65,0,0.0,0,0,18-APR-2022,
OPTSTK,ESCORTS,30-Jun-2022,1720.0,CE,0.0,0.0,0.0,131.3,62.95,0,0.0,0,0,18-APR-2022,
OPTSTK,ESCORTS,30-Jun-2022,1740.0,CE,0.0,0.0,0.0,122.7,57.7,0,0.0,0,0,18-APR-2022,
OPTSTK,ESCORTS,30-Jun-2022,1760.0,CE,0.0,0.0,0.0,114.5,52.9,0,0.0,0,0,18-APR-2022,
OPTSTK,ESCORTS,30-Jun-2022,1780.0,CE,0.0,0.0,0.0,106.75,48.35,0,0.0,0,0,18-APR-2022,
OPTSTK,ESCORTS,30-Jun-2022,1800.0,CE,0.0,0.0,0.0,99.45,44.15,0,0.0,0,0,18-APR-2022,
OPTSTK,ESCORTS,30-Jun-2022,1820.0,CE,0.0,0.0,0.0,92.5,40.25,0,0.0,0,0,18-APR-2022,
OPTSTK,ESCORTS,30-Jun-2022,1840.0,CE,0.0,0.0,0.0,85.95,36.65,0,0.0,0,0,18-APR-2022,
OPTSTK,ESCORTS,30-Jun-2022,1860.0,CE,0.0,0.0,0.0,79.8,33.35,0,0.0,0,0,18-APR-2022,
OPTSTK,ESCORTS,30-Jun-2022,1880.0,CE,0.0,0.0,0.0,74.05,30.3,0,0.0,0,0,18-APR-2022,
OPTSTK,ESCORTS,30-Jun-2022,1900.0,CE,0.0,0.0,0.0,68.6,27.5,0,0.0,0,0,18-APR-2022,
OPTSTK,ESCORTS,30-Jun-2022,1920.0,CE,0.0,0.0,0.0,63.6,24.95,0,0.0,0,0,18-APR-2022,
OPTSTK,ESCORTS,30-Jun-2022,1940.0,CE,0.0,0.0,0.0,58.8,22.6,0,0.0,0,0,18-APR-2022,
OPTSTK,ESCORTS,30-Jun-2022,1960.0,CE,0.0,0.0,0.0,54.4,20.45,0,0.0,0,0,18-APR-2022,
OPTSTK,ESCORTS,30-Jun-2022,1980.0,CE,0.0,0.0,0.0,50.2,18.5,0,0.0,0,0,18-APR-2022,
OPTSTK,ESCORTS,30-Jun-2022,2000.0,CE,0.0,0.0,0.0,46.25,16.7,0,0.0,0,0,18-APR-2022,
OPTSTK,ESCORTS,30-Jun-2022,2020.0,CE,0.0,0.0,0.0,42.65,15.1,0,0.0,0,0,18-APR-2022,
OPTSTK,ESCORTS,30-Jun-2022,2040.0,CE,0.0,0.0,0.0,39.3,13.6,0,0.0,0,0,18-APR-2022,
OPTSTK,ESCORTS,30-Jun-2022,2060.0,CE,0.0,0.0,0.0,36.15,12.25,0,0.0,0,0,18-APR-2022,
OPTSTK,ESCORTS,30-Jun-2022,2080.0,CE,0.0,0.0,0.0,33.25,11.05,0,0.0,0,0,18-APR-2022,
OPTSTK,ESCORTS,30-Jun-2022,2100.0,CE,0.0,0.0,0.0,30.5,9.9,0,0.0,0,0,18-APR-2022,
OPTSTK,ESCORTS,30-Jun-2022,2120.0,CE,0.0,0.0,0.0,28.0,8.9,0,0.0,0,0,18-APR-2022,
OPTSTK,ESCORTS,30-Jun-2022,2140.0,CE,0.0,0.0,0.0,25.7,8.0,0,0.0,0,0,18-APR-2022,
OPTSTK,ESCORTS,30-Jun-2022,2160.0,CE,0.0,0.0,0.0,23.55,7.2,0,0.0,0,0,18-APR-2022,
OPTSTK,ESCORTS,30-Jun-2022,2180.0,CE,0.0,0.0,0.0,21.55,6.45,0,0.0,0,0,18-APR-2022,
OPTSTK,ESCORTS,30-Jun-2022,2200.0,CE,0.0,0.0,0.0,19.75,5.75,0,0.0,0,0,18-APR-2022,
OPTSTK,ESCORTS,30-Jun-2022,2220.0,CE,0.0,0.0,0.0,18.05,5.15,0,0.0,0,0,18-APR-2022,
OPTSTK,ESCORTS,30-Jun-2022,2240.0,CE,0.0,0.0,0.0,16.5,4.6,0,0.0,0,0,18-APR-2022,
OPTSTK,ESCORTS,30-Jun-2022,2260.0,CE,0.0,0.0,0.0,15.05,4.15,0,0.0,0,0,18-APR-2022,
OPTSTK,ESCORTS,30-Jun-2022,2280.0,CE,0.0,0.0,0.0,13.75,3.7,0,0.0,0,0,18-APR-2022,
OPTSTK,ESCORTS,30-Jun-2022,1180.0,PE,0.0,0.0,0.0,3.8,9.15,0,0.0,0,0,18-APR-2022,
OPTSTK,ESCORTS,30-Jun-2022,1200.0,PE,0.0,0.0,0.0,4.7,11.1,0,0.0,0,0,18-APR-2022,
OPTSTK,ESCORTS,30-Jun-2022,1220.0,PE,0.0,0.0,0.0,5.8,13.4,0,0.0,0,0,18-APR-2022,
OPTSTK,ESCORTS,30-Jun-2022,1240.0,PE,0.0,0.0,0.0,7.05,16.0,0,0.0,0,0,18-APR-2022,
OPTSTK,ESCORTS,30-Jun-2022,1260.0,PE,0.0,0.0,0.0,8.55,19.0,0,0.0,0,0,18-APR-2022,
OPTSTK,ESCORTS,30-Jun-2022,1280.0,PE,0.0,0.0,0.0,10.25,22.4,0,0.0,0,0,18-APR-2022,
OPTSTK,ESCORTS,30-Jun-2022,1300.0,PE,0.0,0.0,0.0,12.2,26.2,0,0.0,0,0,18-APR-2022,
OPTSTK,ESCORTS,30-Jun-2022,1320.0,PE,0.0,0.0,0.0,14.45,30.4,0,0.0,0,0,18-APR-2022,
OPTSTK,ESCORTS,30-Jun-2022,1340.0,PE,0.0,0.0,0.0,17.0,35.1,0,0.0,0,0,18-APR-2022,
OPTSTK,ESCORTS,30-Jun-2022,1360.0,PE,0.0,0.0,0.0,19.85,40.3,0,0.0,0,0,18-APR-2022,
OPTSTK,ESCORTS,30-Jun-2022,1380.0,PE,0.0,0.0,0.0,23.05,45.95,0,0.0,0,0,18-APR-2022,
OPTSTK,ESCORTS,30-Jun-2022,1400.0,PE,0.0,0.0,0.0,26.55,52.05,0,0.0,0,0,18-APR-2022,
OPTSTK,ESCORTS,30-Jun-2022,1420.0,PE,0.0,0.0,0.0,30.5,58.75,0,0.0,0,0,18-APR-2022,
OPTSTK,ESCORTS,30-Jun-2022,1440.0,PE,0.0,0.0,0.0,34.8,66.0,0,0.0,0,0,18-APR-2022,
OPTSTK,ESCORTS,30-Jun-2022,1460.0,PE,0.0,0.0,0.0,39.55,73.75,0,0.0,0,0,18-APR-2022,
OPTSTK,ESCORTS,30-Jun-2022,1480.0,PE,0.0,0.0,0.0,44.75,82.05,0,0.0,0,0,18-APR-2022,
OPTSTK,ESCORTS,30-Jun-2022,1500.0,PE,0.0,0.0,0.0,53.45,90.85,0,0.0,1100,0,18-APR-2022,
OPTSTK,ESCORTS,30-Jun-2022,1520.0,PE,0.0,0.0,0.0,56.35,100.25,0,0.0,0,0,18-APR-2022,
OPTSTK,ESCORTS,30-Jun-2022,1540.0,PE,0.0,0.0,0.0,62.75,110.15,0,0.0,0,0,18-APR-2022,
OPTSTK,ESCORTS,30-Jun-2022,1560.0,PE,0.0,0.0,0.0,69.7,120.55,0,0.0,0,0,18-APR-2022,
OPTSTK,ESCORTS,30-Jun-2022,1580.0,PE,0.0,0.0,0.0,77.15,131.5,0,0.0,0,0,18-APR-2022,
OPTSTK,ESCORTS,30-Jun-2022,1600.0,PE,0.0,0.0,0.0,91.55,142.95,0,0.0,550,0,18-APR-2022,
OPTSTK,ESCORTS,30-Jun-2022,1620.0,PE,0.0,0.0,0.0,93.4,154.85,0,0.0,0,0,18-APR-2022,
OPTSTK,ESCORTS,30-Jun-2022,1640.0,PE,0.0,0.0,0.0,102.3,167.3,0,0.0,0,0,18-APR-2022,
OPTSTK,ESCORTS,30-Jun-2022,1660.0,PE,0.0,0.0,0.0,111.6,180.15,0,0.0,0,0,18-APR-2022,
OPTSTK,ESCORTS,30-Jun-2022,1680.0,PE,0.0,0.0,0.0,121.4,193.5,0,0.0,0,0,18-APR-2022,
OPTSTK,ESCORTS,30-Jun-2022,1700.0,PE,0.0,0.0,0.0,131.65,207.25,0,0.0,0,0,18-APR-2022,
OPTSTK,ESCORTS,30-Jun-2022,1720.0,PE,0.0,0.0,0.0,142.4,221.4,0,0.0,0,0,18-APR-2022,
OPTSTK,ESCORTS,30-Jun-2022,1740.0,PE,0.0,0.0,0.0,153.55,235.95,0,0.0,0,0,18-APR-2022,
OPTSTK,ESCORTS,30-Jun-2022,1760.0,PE,0.0,0.0,0.0,165.15,251.0,0,0.0,0,0,18-APR-2022,
OPTSTK,ESCORTS,30-Jun-2022,1780.0,PE,0.0,0.0,0.0,177.2,266.3,0,0.0,0,0,18-APR-2022,
OPTSTK,ESCORTS,30-Jun-2022,1800.0,PE,0.0,0.0,0.0,189.65,281.95,0,0.0,0,0,18-APR-2022,
OPTSTK,ESCORTS,30-Jun-2022,1820.0,PE,0.0,0.0,0.0,202.5,297.85,0,0.0,0,0,18-APR-2022,
OPTSTK,ESCORTS,30-Jun-2022,1840.0,PE,0.0,0.0,0.0,215.75,314.05,0,0.0,0,0,18-APR-2022,
OPTSTK,ESCORTS,30-Jun-2022,1860.0,PE,0.0,0.0,0.0,229.4,330.6,0,0.0,0,0,18-APR-2022,
OPTSTK,ESCORTS,30-Jun-2022,1880.0,PE,0.0,0.0,0.0,243.4,347.4,0,0.0,0,0,18-APR-2022,
OPTSTK,ESCORTS,30-Jun-2022,1900.0,PE,0.0,0.0,0.0,257.75,364.45,0,0.0,0,0,18-APR-2022,
OPTSTK,ESCORTS,30-Jun-2022,1920.0,PE,0.0,0.0,0.0,272.55,381.7,0,0.0,0,0,18-APR-2022,
OPTSTK,ESCORTS,30-Jun-2022,1940.0,PE,0.0,0.0,0.0,287.55,399.2,0,0.0,0,0,18-APR-2022,
OPTSTK,ESCORTS,30-Jun-2022,1960.0,PE,0.0,0.0,0.0,302.9,416.9,0,0.0,0,0,18-APR-2022,
OPTSTK,ESCORTS,30-Jun-2022,1980.0,PE,0.0,0.0,0.0,318.55,434.75,0,0.0,0,0,18-APR-2022,
OPTSTK,ESCORTS,30-Jun-2022,2000.0,PE,0.0,0.0,0.0,334.4,452.8,0,0.0,0,0,18-APR-2022,
OPTSTK,ESCORTS,30-Jun-2022,2020.0,PE,0.0,0.0,0.0,350.55,471.0,0,0.0,0,0,18-APR-2022,
OPTSTK,ESCORTS,30-Jun-2022,2040.0,PE,0.0,0.0,0.0,366.95,489.35,0,0.0,0,0,18-APR-2022,
OPTSTK,ESCORTS,30-Jun-2022,2060.0,PE,0.0,0.0,0.0,383.65,507.8,0,0.0,0,0,18-APR-2022,
OPTSTK,ESCORTS,30-Jun-2022,2080.0,PE,0.0,0.0,0.0,400.5,526.45,0,0.0,0,0,18-APR-2022,
OPTSTK,ESCORTS,30-Jun-2022,2100.0,PE,0.0,0.0,0.0,417.6,545.15,0,0.0,0,0,18-APR-2022,
OPTSTK,ESCORTS,30-Jun-2022,2120.0,PE,0.0,0.0,0.0,434.85,563.95,0,0.0,0,0,18-APR-2022,
OPTSTK,ESCORTS,30-Jun-2022,2140.0,PE,0.0,0.0,0.0,452.35,582.9,0,0.0,0,0,18-APR-2022,
OPTSTK,ESCORTS,30-Jun-2022,2160.0,PE,0.0,0.0,0.0,470.0,601.9,0,0.0,0,0,18-APR-2022,
OPTSTK,ESCORTS,30-Jun-2022,2180.0,PE,0.0,0.0,0.0,487.8,621.0,0,0.0,0,0,18-APR-2022,
OPTSTK,ESCORTS,30-Jun-2022,2200.0,PE,0.0,0.0,0.0,505.75,640.15,0,0.0,0,0,18-APR-2022,
OPTSTK,ESCORTS,30-Jun-2022,2220.0,PE,0.0,0.0,0.0,523.85,659.4,0,0.0,0,0,18-APR-2022,
OPTSTK,ESCORTS,30-Jun-2022,2240.0,PE,0.0,0.0,0.0,542.1,678.65,0,0.0,0,0,18-APR-2022,
OPTSTK,ESCORTS,30-Jun-2022,2260.0,PE,0.0,0.0,0.0,560.45,698.0,0,0.0,0,0,18-APR-2022,
OPTSTK,ESCORTS,30-Jun-2022,2280.0,PE,0.0,0.0,0.0,578.95,717.4,0,0.0,0,0,18-APR-2022,
OPTSTK,EXIDEIND,28-Apr-2022,117.5,CE,0.0,0.0,0.0,34.0,37.6,0,0.0,0,0,18-APR-2022,
OPTSTK,EXIDEIND,28-Apr-2022,120.0,CE,0.0,0.0,0.0,37.45,35.1,0,0.0,0,0,18-APR-2022,
OPTSTK,EXIDEIND,28-Apr-2022,121.0,CE,0.0,0.0,0.0,36.45,34.1,0,0.0,0,0,18-APR-2022,
OPTSTK,EXIDEIND,28-Apr-2022,122.0,CE,0.0,0.0,0.0,35.5,33.1,0,0.0,0,0,18-APR-2022,
OPTSTK,EXIDEIND,28-Apr-2022,122.5,CE,0.0,0.0,0.0,29.05,32.6,0,0.0,0,0,18-APR-2022,
OPTSTK,EXIDEIND,28-Apr-2022,123.0,CE,0.0,0.0,0.0,34.55,32.1,0,0.0,0,0,18-APR-2022,
OPTSTK,EXIDEIND,28-Apr-2022,124.0,CE,0.0,0.0,0.0,41.0,31.1,0,0.0,0,0,18-APR-2022,
OPTSTK,EXIDEIND,28-Apr-2022,125.0,CE,0.0,0.0,0.0,36.9,30.1,0,0.0,14400,0,18-APR-2022,
OPTSTK,EXIDEIND,28-Apr-2022,126.0,CE,0.0,0.0,0.0,41.65,29.1,0,0.0,0,0,18-APR-2022,
OPTSTK,EXIDEIND,28-Apr-2022,127.0,CE,0.0,0.0,0.0,41.45,28.1,0,0.0,0,0,18-APR-2022,
OPTSTK,EXIDEIND,28-Apr-2022,127.5,CE,0.0,0.0,0.0,24.2,27.6,0,0.0,0,0,18-APR-2022,
OPTSTK,EXIDEIND,28-Apr-2022,128.0,CE,0.0,0.0,0.0,40.5,27.1,0,0.0,0,0,18-APR-2022,
OPTSTK,EXIDEIND,28-Apr-2022,129.0,CE,0.0,0.0,0.0,39.55,26.1,0,0.0,0,0,18-APR-2022,
OPTSTK,EXIDEIND,28-Apr-2022,130.0,CE,0.0,0.0,0.0,38.6,25.1,0,0.0,0,0,18-APR-2022,
OPTSTK,EXIDEIND,28-Apr-2022,131.0,CE,0.0,0.0,0.0,41.7,24.1,0,0.0,0,0,18-APR-2022,
OPTSTK,EXIDEIND,28-Apr-2022,132.0,CE,0.0,0.0,0.0,40.75,23.1,0,0.0,0,0,18-APR-2022,
OPTSTK,EXIDEIND,28-Apr-2022,132.5,CE,0.0,0.0,0.0,19.45,22.6,0,0.0,0,0,18-APR-2022,
OPTSTK,EXIDEIND,28-Apr-2022,133.0,CE,0.0,0.0,0.0,39.8,22.15,0,0.0,0,0,18-APR-2022,
OPTSTK,EXIDEIND,28-Apr-2022,134.0,CE,0.0,0.0,0.0,41.55,21.15,0,0.0,0,0,18-APR-2022,
OPTSTK,EXIDEIND,28-Apr-2022,135.0,CE,0.0,0.0,0.0,40.6,20.15,0,0.0,0,0,18-APR-2022,
OPTSTK,EXIDEIND,28-Apr-2022,136.0,CE,0.0,0.0,0.0,39.7,19.15,0,0.0,0,0,18-APR-2022,
OPTSTK,EXIDEIND,28-Apr-2022,137.0,CE,0.0,0.0,0.0,38.75,18.15,0,0.0,0,0,18-APR-2022,
OPTSTK,EXIDEIND,28-Apr-2022,137.5,CE,0.0,0.0,0.0,15.05,17.65,0,0.0,0,0,18-APR-2022,
OPTSTK,EXIDEIND,28-Apr-2022,138.0,CE,0.0,0.0,0.0,37.85,17.2,0,0.0,0,0,18-APR-2022,
OPTSTK,EXIDEIND,28-Apr-2022,139.0,CE,0.0,0.0,0.0,36.95,16.2,0,0.0,0,0,18-APR-2022,
OPTSTK,EXIDEIND,28-Apr-2022,140.0,CE,0.0,0.0,0.0,21.55,15.25,0,0.0,25200,0,18-APR-2022,
OPTSTK,EXIDEIND,28-Apr-2022,141.0,CE,0.0,0.0,0.0,35.15,14.25,0,0.0,0,0,18-APR-2022,
OPTSTK,EXIDEIND,28-Apr-2022,142.0,CE,0.0,0.0,0.0,34.25,13.3,0,0.0,0,0,18-APR-2022,
OPTSTK,EXIDEIND,28-Apr-2022,142.5,CE,0.0,0.0,0.0,11.15,12.85,0,0.0,0,0,18-APR-2022,
OPTSTK,EXIDEIND,28-Apr-2022,143.0,CE,0.0,0.0,0.0,33.4,12.4,0,0.0,0,0,18-APR-2022,
OPTSTK,EXIDEIND,28-Apr-2022,144.0,CE,0.0,0.0,0.0,32.5,11.45,0,0.0,0,0,18-APR-2022,
OPTSTK,EXIDEIND,28-Apr-2022,145.0,CE,0.0,0.0,0.0,31.65,10.6,0,0.0,0,0,18-APR-2022,
OPTSTK,EXIDEIND,28-Apr-2022,146.0,CE,0.0,0.0,0.0,30.8,9.7,0,0.0,0,0,18-APR-2022,
OPTSTK,EXIDEIND,28-Apr-2022,147.0,CE,0.0,0.0,0.0,29.95,8.85,0,0.0,0,0,18-APR-2022,
OPTSTK,EXIDEIND,28-Apr-2022,147.5,CE,0.0,0.0,0.0,7.8,8.45,0,0.0,0,0,18-APR-2022,
OPTSTK,EXIDEIND,28-Apr-2022,148.0,CE,0.0,0.0,0.0,29.15,8.05,0,0.0,0,0,18-APR-2022,
OPTSTK,EXIDEIND,28-Apr-2022,149.0,CE,0.0,0.0,0.0,28.3,7.3,0,0.0,0,0,18-APR-2022,
OPTSTK,EXIDEIND,28-Apr-2022,150.0,CE,6.3,6.8,5.65,6.7,6.7,15,84.34,194400,-18000,18-APR-2022,
OPTSTK,EXIDEIND,28-Apr-2022,151.0,CE,0.0,0.0,0.0,26.7,5.85,0,0.0,0,0,18-APR-2022,
OPTSTK,EXIDEIND,28-Apr-2022,152.0,CE,0.0,0.0,0.0,25.9,5.2,0,0.0,0,0,18-APR-2022,
OPTSTK,EXIDEIND,28-Apr-2022,152.5,CE,0.0,0.0,0.0,5.2,4.9,0,0.0,0,0,18-APR-2022,
OPTSTK,EXIDEIND,28-Apr-2022,153.0,CE,0.0,0.0,0.0,5.8,4.6,0,0.0,25200,0,18-APR-2022,
OPTSTK,EXIDEIND,28-Apr-2022,154.0,CE,5.05,5.05,4.35,4.35,4.35,3,17.12,39600,7200,18-APR-2022,
OPTSTK,EXIDEIND,28-Apr-2022,155.0,CE,4.1,4.1,2.5,3.3,3.3,111,631.49,313200,86400,18-APR-2022,
OPTSTK,EXIDEIND,28-Apr-2022,156.0,CE,0.0,0.0,0.0,22.9,3.0,0,0.0,0,0,18-APR-2022,
OPTSTK,EXIDEIND,28-Apr-2022,157.0,CE,0.0,0.0,0.0,22.15,2.6,0,0.0,0,0,18-APR-2022,
OPTSTK,EXIDEIND,28-Apr-2022,157.5,CE,0.0,0.0,0.0,3.25,2.4,0,0.0,0,0,18-APR-2022,
OPTSTK,EXIDEIND,28-Apr-2022,158.0,CE,2.25,2.3,1.2,1.9,2.2,18,103.55,79200,10800,18-APR-2022,
OPTSTK,EXIDEIND,28-Apr-2022,159.0,CE,0.0,0.0,0.0,20.75,1.9,0,0.0,0,0,18-APR-2022,
OPTSTK,EXIDEIND,28-Apr-2022,160.0,CE,1.6,1.75,1.0,1.35,1.35,243,1411.36,1940400,-61200,18-APR-2022,
OPTSTK,EXIDEIND,28-Apr-2022,161.0,CE,0.0,0.0,0.0,19.35,1.35,0,0.0,0,0,18-APR-2022,
OPTSTK,EXIDEIND,28-Apr-2022,162.0,CE,0.0,0.0,0.0,18.7,1.1,0,0.0,0,0,18-APR-2022,
OPTSTK,EXIDEIND,28-Apr-2022,162.5,CE,0.45,2.05,0.45,1.25,1.25,2,11.79,0,0,18-APR-2022,
OPTSTK,EXIDEIND,28-Apr-2022,163.0,CE,0.0,0.0,0.0,3.6,0.9,0,0.0,18000,0,18-APR-2022,
OPTSTK,EXIDEIND,28-Apr-2022,164.0,CE,0.0,0.0,0.0,17.4,0.75,0,0.0,0,0,18-APR-2022,
OPTSTK,EXIDEIND,28-Apr-2022,165.0,CE,0.8,1.0,0.5,0.6,0.6,116,691.73,986400,-46800,18-APR-2022,
OPTSTK,EXIDEIND,28-Apr-2022,166.0,CE,0.0,0.0,0.0,16.2,0.5,0,0.0,0,0,18-APR-2022,
OPTSTK,EXIDEIND,28-Apr-2022,167.0,CE,0.0,0.0,0.0,15.6,0.4,0,0.0,0,0,18-APR-2022,
OPTSTK,EXIDEIND,28-Apr-2022,167.5,CE,0.0,0.0,0.0,1.75,0.35,0,0.0,0,0,18-APR-2022,
OPTSTK,EXIDEIND,28-Apr-2022,168.0,CE,0.0,0.0,0.0,15.05,0.3,0,0.0,0,0,18-APR-2022,
OPTSTK,EXIDEIND,28-Apr-2022,169.0,CE,0.0,0.0,0.0,14.45,0.25,0,0.0,0,0,18-APR-2022,
OPTSTK,EXIDEIND,28-Apr-2022,170.0,CE,0.55,0.55,0.3,0.4,0.4,99,607.31,1501200,-25200,18-APR-2022,
OPTSTK,EXIDEIND,28-Apr-2022,171.0,CE,0.0,0.0,0.0,13.4,0.15,0,0.0,0,0,18-APR-2022,
OPTSTK,EXIDEIND,28-Apr-2022,172.0,CE,0.0,0.0,0.0,12.85,0.15,0,0.0,0,0,18-APR-2022,
OPTSTK,EXIDEIND,28-Apr-2022,172.5,CE,0.0,0.0,0.0,0.6,0.1,0,0.0,0,0,18-APR-2022,
OPTSTK,EXIDEIND,28-Apr-2022,173.0,CE,0.0,0.0,0.0,12.35,0.1,0,0.0,0,0,18-APR-2022,
OPTSTK,EXIDEIND,28-Apr-2022,174.0,CE,0.0,0.0,0.0,11.85,0.1,0,0.0,0,0,18-APR-2022,
OPTSTK,EXIDEIND,28-Apr-2022,175.0,CE,0.4,0.4,0.25,0.3,0.05,30,189.33,442800,-54000,18-APR-2022,
OPTSTK,EXIDEIND,28-Apr-2022,176.0,CE,0.0,0.0,0.0,10.95,0.05,0,0.0,0,0,18-APR-2022,
OPTSTK,EXIDEIND,28-Apr-2022,177.0,CE,0.0,0.0,0.0,10.5,0.05,0,0.0,0,0,18-APR-2022,
OPTSTK,EXIDEIND,28-Apr-2022,177.5,CE,0.0,0.0,0.0,0.2,0.05,0,0.0,3600,0,18-APR-2022,
OPTSTK,EXIDEIND,28-Apr-2022,178.0,CE,0.0,0.0,0.0,10.05,0.05,0,0.0,0,0,18-APR-2022,
OPTSTK,EXIDEIND,28-Apr-2022,179.0,CE,0.0,0.0,0.0,9.65,0.05,0,0.0,0,0,18-APR-2022,
OPTSTK,EXIDEIND,28-Apr-2022,180.0,CE,0.2,0.25,0.2,0.25,0.25,17,110.3,720000,3600,18-APR-2022,
OPTSTK,EXIDEIND,28-Apr-2022,181.0,CE,0.0,0.0,0.0,0.55,0.05,0,0.0,0,0,18-APR-2022,
OPTSTK,EXIDEIND,28-Apr-2022,182.0,CE,0.0,0.0,0.0,8.45,0.05,0,0.0,0,0,18-APR-2022,
OPTSTK,EXIDEIND,28-Apr-2022,182.5,CE,0.0,0.0,0.0,0.15,0.0,0,0.0,0,0,18-APR-2022,
OPTSTK,EXIDEIND,28-Apr-2022,183.0,CE,0.0,0.0,0.0,8.05,0.0,0,0.0,0,0,18-APR-2022,
OPTSTK,EXIDEIND,28-Apr-2022,184.0,CE,0.0,0.0,0.0,7.7,0.0,0,0.0,0,0,18-APR-2022,
OPTSTK,EXIDEIND,28-Apr-2022,185.0,CE,0.0,0.0,0.0,0.2,0.0,0,0.0,75600,0,18-APR-2022,
OPTSTK,EXIDEIND,28-Apr-2022,186.0,CE,0.0,0.0,0.0,7.05,0.0,0,0.0,0,0,18-APR-2022,
OPTSTK,EXIDEIND,28-Apr-2022,187.0,CE,0.0,0.0,0.0,6.7,0.0,0,0.0,0,0,18-APR-2022,
OPTSTK,EXIDEIND,28-Apr-2022,187.5,CE,0.0,0.0,0.0,0.1,0.0,0,0.0,0,0,18-APR-2022,
OPTSTK,EXIDEIND,28-Apr-2022,188.0,CE,0.0,0.0,0.0,6.4,0.0,0,0.0,0,0,18-APR-2022,
OPTSTK,EXIDEIND,28-Apr-2022,189.0,CE,0.0,0.0,0.0,6.1,0.0,0,0.0,0,0,18-APR-2022,
OPTSTK,EXIDEIND,28-Apr-2022,190.0,CE,0.1,0.1,0.1,0.1,0.0,13,88.96,201600,-10800,18-APR-2022,
OPTSTK,EXIDEIND,28-Apr-2022,191.0,CE,0.0,0.0,0.0,5.55,0.0,0,0.0,0,0,18-APR-2022,
OPTSTK,EXIDEIND,28-Apr-2022,192.0,CE,0.0,0.0,0.0,5.3,0.0,0,0.0,0,0,18-APR-2022,
OPTSTK,EXIDEIND,28-Apr-2022,192.5,CE,0.0,0.0,0.0,0.05,0.0,0,0.0,0,0,18-APR-2022,
OPTSTK,EXIDEIND,28-Apr-2022,193.0,CE,0.0,0.0,0.0,5.05,0.0,0,0.0,0,0,18-APR-2022,
OPTSTK,EXIDEIND,28-Apr-2022,194.0,CE,0.0,0.0,0.0,4.8,0.0,0,0.0,0,0,18-APR-2022,
OPTSTK,EXIDEIND,28-Apr-2022,195.0,CE,0.0,0.0,0.0,4.55,0.0,0,0.0,0,0,18-APR-2022,
OPTSTK,EXIDEIND,28-Apr-2022,196.0,CE,0.0,0.0,0.0,4.35,0.0,0,0.0,0,0,18-APR-2022,
OPTSTK,EXIDEIND,28-Apr-2022,197.0,CE,0.0,0.0,0.0,4.15,0.0,0,0.0,0,0,18-APR-2022,
OPTSTK,EXIDEIND,28-Apr-2022,197.5,CE,0.0,0.0,0.0,0.05,0.0,0,0.0,0,0,18-APR-2022,
OPTSTK,EXIDEIND,28-Apr-2022,198.0,CE,0.0,0.0,0.0,3.9,0.0,0,0.0,0,0,18-APR-2022,
OPTSTK,EXIDEIND,28-Apr-2022,199.0,CE,0.0,0.0,0.0,3.75,0.0,0,0.0,0,0,18-APR-2022,
OPTSTK,EXIDEIND,28-Apr-2022,200.0,CE,0.1,0.1,0.1,0.1,0.0,1,7.2,115200,0,18-APR-2022,
OPTSTK,EXIDEIND,28-Apr-2022,201.0,CE,0.0,0.0,0.0,3.35,0.0,0,0.0,0,0,18-APR-2022,
OPTSTK,EXIDEIND,28-Apr-2022,202.0,CE,0.0,0.0,0.0,3.2,0.0,0,0.0,0,0,18-APR-2022,
OPTSTK,EXIDEIND,28-Apr-2022,202.5,CE,0.0,0.0,0.0,0.05,0.0,0,0.0,0,0,18-APR-2022,
OPTSTK,EXIDEIND,28-Apr-2022,203.0,CE,0.0,0.0,0.0,3.0,0.0,0,0.0,0,0,18-APR-2022,
OPTSTK,EXIDEIND,28-Apr-2022,204.0,CE,0.0,0.0,0.0,0.1,0.0,0,0.0,0,0,18-APR-2022,
OPTSTK,EXIDEIND,28-Apr-2022,205.0,CE,0.0,0.0,0.0,0.15,0.0,0,0.0,0,0,18-APR-2022,
OPTSTK,EXIDEIND,28-Apr-2022,117.5,PE,0.0,0.0,0.0,0.05,0.0,0,0.0,0,0,18-APR-2022,
OPTSTK,EXIDEIND,28-Apr-2022,120.0,PE,0.0,0.0,0.0,0.2,0.0,0,0.0,0,0,18-APR-2022,
OPTSTK,EXIDEIND,28-Apr-2022,121.0,PE,0.0,0.0,0.0,0.25,0.0,0,0.0,0,0,18-APR-2022,
OPTSTK,EXIDEIND,28-Apr-2022,122.0,PE,0.0,0.0,0.0,0.3,0.0,0,0.0,0,0,18-APR-2022,
OPTSTK,EXIDEIND,28-Apr-2022,122.5,PE,0.0,0.0,0.0,0.05,0.0,0,0.0,0,0,18-APR-2022,
OPTSTK,EXIDEIND,28-Apr-2022,123.0,PE,0.0,0.0,0.0,0.35,0.0,0,0.0,0,0,18-APR-2022,
OPTSTK,EXIDEIND,28-Apr-2022,124.0,PE,0.0,0.0,0.0,0.2,0.0,0,0.0,0,0,18-APR-2022,
OPTSTK,EXIDEIND,28-Apr-2022,125.0,PE,0.05,0.05,0.05,0.05,0.0,1,4.5,18000,0,18-APR-2022,
OPTSTK,EXIDEIND,28-Apr-2022,126.0,PE,0.0,0.0,0.0,0.2,0.0,0,0.0,0,0,18-APR-2022,
OPTSTK,EXIDEIND,28-Apr-2022,127.0,PE,0.0,0.0,0.0,0.25,0.0,0,0.0,0,0,18-APR-2022,
OPTSTK,EXIDEIND,28-Apr-2022,127.5,PE,0.0,0.0,0.0,0.2,0.0,0,0.0,0,0,18-APR-2022,
OPTSTK,EXIDEIND,28-Apr-2022,128.0,PE,0.0,0.0,0.0,0.3,0.0,0,0.0,0,0,18-APR-2022,
OPTSTK,EXIDEIND,28-Apr-2022,129.0,PE,0.0,0.0,0.0,0.35,0.0,0,0.0,0,0,18-APR-2022,
OPTSTK,EXIDEIND,28-Apr-2022,130.0,PE,0.0,0.0,0.0,0.15,0.0,0,0.0,108000,0,18-APR-2022,
OPTSTK,EXIDEIND,28-Apr-2022,131.0,PE,0.0,0.0,0.0,0.3,0.0,0,0.0,0,0,18-APR-2022,
OPTSTK,EXIDEIND,28-Apr-2022,132.0,PE,0.0,0.0,0.0,0.35,0.0,0,0.0,0,0,18-APR-2022,
OPTSTK,EXIDEIND,28-Apr-2022,132.5,PE,0.0,0.0,0.0,0.45,0.05,0,0.0,0,0,18-APR-2022,
OPTSTK,EXIDEIND,28-Apr-2022,133.0,PE,0.0,0.0,0.0,0.4,0.05,0,0.0,0,0,18-APR-2022,
OPTSTK,EXIDEIND,28-Apr-2022,134.0,PE,0.0,0.0,0.0,0.5,0.05,0,0.0,0,0,18-APR-2022,
OPTSTK,EXIDEIND,28-Apr-2022,135.0,PE,0.0,0.0,0.0,0.55,0.05,0,0.0,0,0,18-APR-2022,
OPTSTK,EXIDEIND,28-Apr-2022,136.0,PE,0.0,0.0,0.0,0.6,0.05,0,0.0,3600,0,18-APR-2022,
OPTSTK,EXIDEIND,28-Apr-2022,137.0,PE,0.0,0.0,0.0,0.7,0.05,0,0.0,0,0,18-APR-2022,
OPTSTK,EXIDEIND,28-Apr-2022,137.5,PE,0.0,0.0,0.0,1.05,0.05,0,0.0,0,0,18-APR-2022,
OPTSTK,EXIDEIND,28-Apr-2022,138.0,PE,0.0,0.0,0.0,0.75,0.05,0,0.0,0,0,18-APR-2022,
OPTSTK,EXIDEIND,28-Apr-2022,139.0,PE,0.0,0.0,0.0,0.85,0.1,0,0.0,0,0,18-APR-2022,
OPTSTK,EXIDEIND,28-Apr-2022,140.0,PE,0.35,0.35,0.2,0.2,0.2,26,131.26,360000,-75600,18-APR-2022,
OPTSTK,EXIDEIND,28-Apr-2022,141.0,PE,0.0,0.0,0.0,1.5,0.15,0,0.0,0,0,18-APR-2022,
OPTSTK,EXIDEIND,28-Apr-2022,142.0,PE,0.0,0.0,0.0,1.15,0.2,0,0.0,0,0,18-APR-2022,
OPTSTK,EXIDEIND,28-Apr-2022,142.5,PE,0.0,0.0,0.0,2.1,0.25,0,0.0,0,0,18-APR-2022,
OPTSTK,EXIDEIND,28-Apr-2022,143.0,PE,0.0,0.0,0.0,1.25,0.3,0,0.0,0,0,18-APR-2022,
OPTSTK,EXIDEIND,28-Apr-2022,144.0,PE,0.0,0.0,0.0,1.35,0.35,0,0.0,0,0,18-APR-2022,
OPTSTK,EXIDEIND,28-Apr-2022,145.0,PE,0.8,0.8,0.45,0.5,0.5,20,104.84,205200,-21600,18-APR-2022,
OPTSTK,EXIDEIND,28-Apr-2022,146.0,PE,0.0,0.0,0.0,1.65,0.6,0,0.0,0,0,18-APR-2022,
OPTSTK,EXIDEIND,28-Apr-2022,147.0,PE,0.0,0.0,0.0,1.8,0.75,0,0.0,0,0,18-APR-2022,
OPTSTK,EXIDEIND,28-Apr-2022,147.5,PE,0.0,0.0,0.0,3.75,0.85,0,0.0,0,0,18-APR-2022,
OPTSTK,EXIDEIND,28-Apr-2022,148.0,PE,0.0,0.0,0.0,1.95,0.95,0,0.0,0,0,18-APR-2022,
OPTSTK,EXIDEIND,28-Apr-2022,149.0,PE,0.0,0.0,0.0,2.1,1.15,0,0.0,0,0,18-APR-2022,
OPTSTK,EXIDEIND,28-Apr-2022,150.0,PE,1.3,1.6,1.1,1.15,1.15,152,828.48,763200,-54000,18-APR-2022,
OPTSTK,EXIDEIND,28-Apr-2022,151.0,PE,0.0,0.0,0.0,2.5,1.7,0,0.0,0,0,18-APR-2022,
OPTSTK,EXIDEIND,28-Apr-2022,152.0,PE,0.0,0.0,0.0,2.7,2.05,0,0.0,0,0,18-APR-2022,
OPTSTK,EXIDEIND,28-Apr-2022,152.5,PE,0.0,0.0,0.0,2.45,2.25,0,0.0,18000,0,18-APR-2022,
OPTSTK,EXIDEIND,28-Apr-2022,153.0,PE,0.0,0.0,0.0,1.7,2.45,0,0.0,18000,0,18-APR-2022,
OPTSTK,EXIDEIND,28-Apr-2022,154.0,PE,2.55,2.95,2.3,2.75,2.9,6,33.82,14400,0,18-APR-2022,
OPTSTK,EXIDEIND,28-Apr-2022,155.0,PE,2.75,3.7,2.55,2.75,2.75,30,170.76,684000,3600,18-APR-2022,
OPTSTK,EXIDEIND,28-Apr-2022,156.0,PE,0.0,0.0,0.0,3.6,3.9,0,0.0,0,0,18-APR-2022,
OPTSTK,EXIDEIND,28-Apr-2022,157.0,PE,0.0,0.0,0.0,3.85,4.45,0,0.0,0,0,18-APR-2022,
OPTSTK,EXIDEIND,28-Apr-2022,157.5,PE,0.0,0.0,0.0,3.55,4.75,0,0.0,3600,0,18-APR-2022,
OPTSTK,EXIDEIND,28-Apr-2022,158.0,PE,0.0,0.0,0.0,3.75,5.1,0,0.0,7200,0,18-APR-2022,
OPTSTK,EXIDEIND,28-Apr-2022,159.0,PE,0.0,0.0,0.0,4.0,5.75,0,0.0,3600,0,18-APR-2022,
OPTSTK,EXIDEIND,28-Apr-2022,160.0,PE,6.25,7.5,5.25,5.8,5.8,39,233.7,662400,-36000,18-APR-2022,
OPTSTK,EXIDEIND,28-Apr-2022,161.0,PE,0.0,0.0,0.0,5.05,7.2,0,0.0,0,0,18-APR-2022,
OPTSTK,EXIDEIND,28-Apr-2022,162.0,PE,0.0,0.0,0.0,5.35,7.95,0,0.0,0,0,18-APR-2022,
OPTSTK,EXIDEIND,28-Apr-2022,162.5,PE,0.0,0.0,0.0,12.8,8.35,0,0.0,0,0,18-APR-2022,
OPTSTK,EXIDEIND,28-Apr-2022,163.0,PE,0.0,0.0,0.0,5.7,8.75,0,0.0,0,0,18-APR-2022,
OPTSTK,EXIDEIND,28-Apr-2022,164.0,PE,0.0,0.0,0.0,6.05,9.6,0,0.0,0,0,18-APR-2022,
OPTSTK,EXIDEIND,28-Apr-2022,165.0,PE,10.3,10.6,10.3,10.6,10.45,2,12.63,68400,-3600,18-APR-2022,
OPTSTK,EXIDEIND,28-Apr-2022,166.0,PE,0.0,0.0,0.0,6.8,11.35,0,0.0,0,0,18-APR-2022,
OPTSTK,EXIDEIND,28-Apr-2022,167.0,PE,0.0,0.0,0.0,7.2,12.25,0,0.0,0,0,18-APR-2022,
OPTSTK,EXIDEIND,28-Apr-2022,167.5,PE,0.0,0.0,0.0,16.95,12.7,0,0.0,0,0,18-APR-2022,
OPTSTK,EXIDEIND,28-Apr-2022,168.0,PE,0.0,0.0,0.0,7.65,13.2,0,0.0,0,0,18-APR-2022,
OPTSTK,EXIDEIND,28-Apr-2022,169.0,PE,0.0,0.0,0.0,11.0,14.1,0,0.0,0,0,18-APR-2022,
OPTSTK,EXIDEIND,28-Apr-2022,170.0,PE,0.0,0.0,0.0,9.0,15.05,0,0.0,208800,0,18-APR-2022,
OPTSTK,EXIDEIND,28-Apr-2022,171.0,PE,0.0,0.0,0.0,8.95,16.0,0,0.0,0,0,18-APR-2022,
OPTSTK,EXIDEIND,28-Apr-2022,172.0,PE,0.0,0.0,0.0,9.45,17.0,0,0.0,0,0,18-APR-2022,
OPTSTK,EXIDEIND,28-Apr-2022,172.5,PE,0.0,0.0,0.0,21.45,17.45,0,0.0,0,0,18-APR-2022,
OPTSTK,EXIDEIND,28-Apr-2022,173.0,PE,0.0,0.0,0.0,9.9,17.95,0,0.0,0,0,18-APR-2022,
OPTSTK,EXIDEIND,28-Apr-2022,174.0,PE,0.0,0.0,0.0,10.4,18.95,0,0.0,0,0,18-APR-2022,
OPTSTK,EXIDEIND,28-Apr-2022,175.0,PE,0.0,0.0,0.0,18.85,19.9,0,0.0,21600,0,18-APR-2022,
OPTSTK,EXIDEIND,28-Apr-2022,176.0,PE,0.0,0.0,0.0,11.45,20.9,0,0.0,0,0,18-APR-2022,
OPTSTK,EXIDEIND,28-Apr-2022,177.0,PE,0.0,0.0,0.0,12.0,21.9,0,0.0,0,0,18-APR-2022,
OPTSTK,EXIDEIND,28-Apr-2022,177.5,PE,0.0,0.0,0.0,26.15,22.4,0,0.0,0,0,18-APR-2022,
OPTSTK,EXIDEIND,28-Apr-2022,178.0,PE,0.0,0.0,0.0,12.55,22.9,0,0.0,0,0,18-APR-2022,
OPTSTK,EXIDEIND,28-Apr-2022,179.0,PE,0.0,0.0,0.0,13.1,23.9,0,0.0,0,0,18-APR-2022,
OPTSTK,EXIDEIND,28-Apr-2022,180.0,PE,0.0,0.0,0.0,28.0,24.9,0,0.0,115200,0,18-APR-2022,
OPTSTK,EXIDEIND,28-Apr-2022,181.0,PE,0.0,0.0,0.0,14.3,25.85,0,0.0,0,0,18-APR-2022,
OPTSTK,EXIDEIND,28-Apr-2022,182.0,PE,0.0,0.0,0.0,14.9,26.85,0,0.0,0,0,18-APR-2022,
OPTSTK,EXIDEIND,28-Apr-2022,182.5,PE,0.0,0.0,0.0,31.0,27.35,0,0.0,0,0,18-APR-2022,
OPTSTK,EXIDEIND,28-Apr-2022,183.0,PE,0.0,0.0,0.0,15.5,27.85,0,0.0,0,0,18-APR-2022,
OPTSTK,EXIDEIND,28-Apr-2022,184.0,PE,0.0,0.0,0.0,16.15,28.85,0,0.0,0,0,18-APR-2022,
OPTSTK,EXIDEIND,28-Apr-2022,185.0,PE,0.0,0.0,0.0,31.25,29.85,0,0.0,18000,0,18-APR-2022,
OPTSTK,EXIDEIND,28-Apr-2022,186.0,PE,0.0,0.0,0.0,17.45,30.85,0,0.0,0,0,18-APR-2022,
OPTSTK,EXIDEIND,28-Apr-2022,187.0,PE,0.0,0.0,0.0,18.1,31.85,0,0.0,0,0,18-APR-2022,
OPTSTK,EXIDEIND,28-Apr-2022,187.5,PE,0.0,0.0,0.0,35.9,32.35,0,0.0,0,0,18-APR-2022,
OPTSTK,EXIDEIND,28-Apr-2022,188.0,PE,0.0,0.0,0.0,18.8,32.85,0,0.0,0,0,18-APR-2022,
OPTSTK,EXIDEIND,28-Apr-2022,189.0,PE,0.0,0.0,0.0,19.5,33.85,0,0.0,0,0,18-APR-2022,
OPTSTK,EXIDEIND,28-Apr-2022,190.0,PE,0.0,0.0,0.0,36.2,34.85,0,0.0,7200,0,18-APR-2022,
OPTSTK,EXIDEIND,28-Apr-2022,191.0,PE,0.0,0.0,0.0,20.9,35.85,0,0.0,0,0,18-APR-2022,
OPTSTK,EXIDEIND,28-Apr-2022,192.0,PE,0.0,0.0,0.0,21.65,36.85,0,0.0,0,0,18-APR-2022,
OPTSTK,EXIDEIND,28-Apr-2022,192.5,PE,0.0,0.0,0.0,40.85,37.35,0,0.0,0,0,18-APR-2022,
OPTSTK,EXIDEIND,28-Apr-2022,193.0,PE,0.0,0.0,0.0,22.4,37.85,0,0.0,0,0,18-APR-2022,
OPTSTK,EXIDEIND,28-Apr-2022,194.0,PE,0.0,0.0,0.0,23.15,38.85,0,0.0,0,0,18-APR-2022,
OPTSTK,EXIDEIND,28-Apr-2022,195.0,PE,0.0,0.0,0.0,23.9,39.85,0,0.0,0,0,18-APR-2022,
OPTSTK,EXIDEIND,28-Apr-2022,196.0,PE,0.0,0.0,0.0,24.65,40.85,0,0.0,0,0,18-APR-2022,
OPTSTK,EXIDEIND,28-Apr-2022,197.0,PE,0.0,0.0,0.0,25.45,41.85,0,0.0,0,0,18-APR-2022,
OPTSTK,EXIDEIND,28-Apr-2022,197.5,PE,0.0,0.0,0.0,45.8,42.35,0,0.0,0,0,18-APR-2022,
OPTSTK,EXIDEIND,28-Apr-2022,198.0,PE,0.0,0.0,0.0,26.2,42.85,0,0.0,0,0,18-APR-2022,
OPTSTK,EXIDEIND,28-Apr-2022,199.0,PE,0.0,0.0,0.0,27.0,43.85,0,0.0,0,0,18-APR-2022,
OPTSTK,EXIDEIND,28-Apr-2022,200.0,PE,0.0,0.0,0.0,46.0,44.85,0,0.0,3600,0,18-APR-2022,
OPTSTK,EXIDEIND,28-Apr-2022,201.0,PE,0.0,0.0,0.0,28.6,45.85,0,0.0,0,0,18-APR-2022,
OPTSTK,EXIDEIND,28-Apr-2022,202.0,PE,0.0,0.0,0.0,29.45,46.85,0,0.0,0,0,18-APR-2022,
OPTSTK,EXIDEIND,28-Apr-2022,202.5,PE,0.0,0.0,0.0,50.8,47.35,0,0.0,0,0,18-APR-2022,
OPTSTK,EXIDEIND,28-Apr-2022,203.0,PE,0.0,0.0,0.0,30.25,47.85,0,0.0,0,0,18-APR-2022,
OPTSTK,EXIDEIND,28-Apr-2022,204.0,PE,0.0,0.0,0.0,31.1,48.85,0,0.0,0,0,18-APR-2022,
OPTSTK,EXIDEIND,28-Apr-2022,205.0,PE,0.0,0.0,0.0,31.95,49.85,0,0.0,0,0,18-APR-2022,
OPTSTK,EXIDEIND,26-May-2022,117.5,CE,0.0,0.0,0.0,34.55,38.0,0,0.0,0,0,18-APR-2022,
OPTSTK,EXIDEIND,26-May-2022,120.0,CE,0.0,0.0,0.0,24.15,35.55,0,0.0,0,0,18-APR-2022,
OPTSTK,EXIDEIND,26-May-2022,121.0,CE,0.0,0.0,0.0,23.3,34.55,0,0.0,0,0,18-APR-2022,
OPTSTK,EXIDEIND,26-May-2022,122.0,CE,0.0,0.0,0.0,22.5,33.55,0,0.0,0,0,18-APR-2022,
OPTSTK,EXIDEIND,26-May-2022,122.5,CE,0.0,0.0,0.0,29.8,33.1,0,0.0,0,0,18-APR-2022,
OPTSTK,EXIDEIND,26-May-2022,123.0,CE,0.0,0.0,0.0,21.7,32.6,0,0.0,0,0,18-APR-2022,
OPTSTK,EXIDEIND,26-May-2022,124.0,CE,0.0,0.0,0.0,20.9,31.6,0,0.0,0,0,18-APR-2022,
OPTSTK,EXIDEIND,26-May-2022,125.0,CE,0.0,0.0,0.0,20.1,30.65,0,0.0,0,0,18-APR-2022,
OPTSTK,EXIDEIND,26-May-2022,126.0,CE,0.0,0.0,0.0,19.35,29.65,0,0.0,0,0,18-APR-2022,
OPTSTK,EXIDEIND,26-May-2022,127.0,CE,0.0,0.0,0.0,18.6,28.7,0,0.0,0,0,18-APR-2022,
OPTSTK,EXIDEIND,26-May-2022,127.5,CE,0.0,0.0,0.0,25.2,28.2,0,0.0,0,0,18-APR-2022,
OPTSTK,EXIDEIND,26-May-2022,128.0,CE,0.0,0.0,0.0,17.9,27.75,0,0.0,0,0,18-APR-2022,
OPTSTK,EXIDEIND,26-May-2022,129.0,CE,0.0,0.0,0.0,17.15,26.8,0,0.0,0,0,18-APR-2022,
OPTSTK,EXIDEIND,26-May-2022,130.0,CE,0.0,0.0,0.0,16.5,25.85,0,0.0,0,0,18-APR-2022,
OPTSTK,EXIDEIND,26-May-2022,131.0,CE,0.0,0.0,0.0,15.8,24.9,0,0.0,0,0,18-APR-2022,
OPTSTK,EXIDEIND,26-May-2022,132.0,CE,0.0,0.0,0.0,15.15,23.95,0,0.0,0,0,18-APR-2022,
OPTSTK,EXIDEIND,26-May-2022,132.5,CE,0.0,0.0,0.0,20.9,23.5,0,0.0,0,0,18-APR-2022,
OPTSTK,EXIDEIND,26-May-2022,133.0,CE,0.0,0.0,0.0,14.5,23.05,0,0.0,0,0,18-APR-2022,
OPTSTK,EXIDEIND,26-May-2022,134.0,CE,0.0,0.0,0.0,13.85,22.15,0,0.0,0,0,18-APR-2022,
OPTSTK,EXIDEIND,26-May-2022,135.0,CE,0.0,0.0,0.0,13.25,21.25,0,0.0,0,0,18-APR-2022,
OPTSTK,EXIDEIND,26-May-2022,136.0,CE,0.0,0.0,0.0,12.65,20.35,0,0.0,0,0,18-APR-2022,
OPTSTK,EXIDEIND,26-May-2022,137.0,CE,0.0,0.0,0.0,12.1,19.5,0,0.0,0,0,18-APR-2022,
OPTSTK,EXIDEIND,26-May-2022,137.5,CE,0.0,0.0,0.0,16.9,19.05,0,0.0,0,0,18-APR-2022,
OPTSTK,EXIDEIND,26-May-2022,138.0,CE,0.0,0.0,0.0,11.5,18.6,0,0.0,0,0,18-APR-2022,
OPTSTK,EXIDEIND,26-May-2022,139.0,CE,0.0,0.0,0.0,11.0,17.8,0,0.0,0,0,18-APR-2022,
OPTSTK,EXIDEIND,26-May-2022,140.0,CE,0.0,0.0,0.0,10.45,16.95,0,0.0,0,0,18-APR-2022,
OPTSTK,EXIDEIND,26-May-2022,141.0,CE,0.0,0.0,0.0,9.95,16.15,0,0.0,0,0,18-APR-2022,
OPTSTK,EXIDEIND,26-May-2022,142.0,CE,0.0,0.0,0.0,9.45,15.35,0,0.0,0,0,18-APR-2022,
OPTSTK,EXIDEIND,26-May-2022,142.5,CE,0.0,0.0,0.0,13.35,14.95,0,0.0,0,0,18-APR-2022,
OPTSTK,EXIDEIND,26-May-2022,143.0,CE,0.0,0.0,0.0,9.0,14.55,0,0.0,0,0,18-APR-2022,
OPTSTK,EXIDEIND,26-May-2022,144.0,CE,0.0,0.0,0.0,8.55,13.8,0,0.0,0,0,18-APR-2022,
OPTSTK,EXIDEIND,26-May-2022,145.0,CE,0.0,0.0,0.0,8.1,13.1,0,0.0,0,0,18-APR-2022,
OPTSTK,EXIDEIND,26-May-2022,146.0,CE,0.0,0.0,0.0,7.7,12.35,0,0.0,0,0,18-APR-2022,
OPTSTK,EXIDEIND,26-May-2022,147.0,CE,0.0,0.0,0.0,7.3,11.65,0,0.0,0,0,18-APR-2022,
OPTSTK,EXIDEIND,26-May-2022,147.5,CE,0.0,0.0,0.0,10.3,11.35,0,0.0,0,0,18-APR-2022,
OPTSTK,EXIDEIND,26-May-2022,148.0,CE,0.0,0.0,0.0,6.9,11.0,0,0.0,0,0,18-APR-2022,
OPTSTK,EXIDEIND,26-May-2022,149.0,CE,0.0,0.0,0.0,6.55,10.35,0,0.0,0,0,18-APR-2022,
OPTSTK,EXIDEIND,26-May-2022,150.0,CE,8.9,9.0,8.9,9.0,9.75,2,11.44,7200,7200,18-APR-2022,
OPTSTK,EXIDEIND,26-May-2022,151.0,CE,0.0,0.0,0.0,5.85,9.15,0,0.0,0,0,18-APR-2022,
OPTSTK,EXIDEIND,26-May-2022,152.0,CE,0.0,0.0,0.0,5.5,8.55,0,0.0,0,0,18-APR-2022,
OPTSTK,EXIDEIND,26-May-2022,152.5,CE,0.0,0.0,0.0,7.75,8.3,0,0.0,0,0,18-APR-2022,
OPTSTK,EXIDEIND,26-May-2022,153.0,CE,0.0,0.0,0.0,5.2,8.0,0,0.0,0,0,18-APR-2022,
OPTSTK,EXIDEIND,26-May-2022,154.0,CE,0.0,0.0,0.0,4.9,7.5,0,0.0,0,0,18-APR-2022,
OPTSTK,EXIDEIND,26-May-2022,155.0,CE,6.0,6.0,6.0,6.0,7.0,1,5.79,3600,3600,18-APR-2022,
OPTSTK,EXIDEIND,26-May-2022,156.0,CE,0.0,0.0,0.0,4.35,6.5,0,0.0,0,0,18-APR-2022,
OPTSTK,EXIDEIND,26-May-2022,157.0,CE,0.0,0.0,0.0,4.1,6.05,0,0.0,0,0,18-APR-2022,
OPTSTK,EXIDEIND,26-May-2022,157.5,CE,0.0,0.0,0.0,5.65,5.8,0,0.0,0,0,18-APR-2022,
OPTSTK,EXIDEIND,26-May-2022,158.0,CE,0.0,0.0,0.0,3.85,5.6,0,0.0,0,0,18-APR-2022,
OPTSTK,EXIDEIND,26-May-2022,159.0,CE,0.0,0.0,0.0,3.65,5.2,0,0.0,0,0,18-APR-2022,
OPTSTK,EXIDEIND,26-May-2022,160.0,CE,6.15,6.15,4.25,4.85,4.85,32,189.99,288000,79200,18-APR-2022,
OPTSTK,EXIDEIND,26-May-2022,161.0,CE,0.0,0.0,0.0,3.2,4.45,0,0.0,0,0,18-APR-2022,
OPTSTK,EXIDEIND,26-May-2022,162.0,CE,0.0,0.0,0.0,7.0,4.1,0,0.0,3600,0,18-APR-2022,
OPTSTK,EXIDEIND,26-May-2022,162.5,CE,0.0,0.0,0.0,4.05,3.95,0,0.0,0,0,18-APR-2022,
OPTSTK,EXIDEIND,26-May-2022,163.0,CE,0.0,0.0,0.0,2.8,3.8,0,0.0,0,0,18-APR-2022,
OPTSTK,EXIDEIND,26-May-2022,164.0,CE,0.0,0.0,0.0,2.65,3.5,0,0.0,0,0,18-APR-2022,
OPTSTK,EXIDEIND,26-May-2022,165.0,CE,0.0,0.0,0.0,2.45,3.2,0,0.0,0,0,18-APR-2022,
OPTSTK,EXIDEIND,26-May-2022,166.0,CE,0.0,0.0,0.0,2.3,2.95,0,0.0,0,0,18-APR-2022,
OPTSTK,EXIDEIND,26-May-2022,167.0,CE,0.0,0.0,0.0,2.15,2.7,0,0.0,0,0,18-APR-2022,
OPTSTK,EXIDEIND,26-May-2022,167.5,CE,0.0,0.0,0.0,2.8,2.55,0,0.0,0,0,18-APR-2022,
OPTSTK,EXIDEIND,26-May-2022,168.0,CE,0.0,0.0,0.0,2.0,2.45,0,0.0,0,0,18-APR-2022,
OPTSTK,EXIDEIND,26-May-2022,169.0,CE,0.0,0.0,0.0,1.9,2.25,0,0.0,0,0,18-APR-2022,
OPTSTK,EXIDEIND,26-May-2022,170.0,CE,2.5,2.55,1.75,2.25,2.25,12,74.39,50400,14400,18-APR-2022,
OPTSTK,EXIDEIND,26-May-2022,171.0,CE,0.0,0.0,0.0,1.65,1.85,0,0.0,0,0,18-APR-2022,
OPTSTK,EXIDEIND,26-May-2022,172.0,CE,0.0,0.0,0.0,1.55,1.7,0,0.0,0,0,18-APR-2022,
OPTSTK,EXIDEIND,26-May-2022,172.5,CE,0.0,0.0,0.0,1.9,1.6,0,0.0,0,0,18-APR-2022,
OPTSTK,EXIDEIND,26-May-2022,173.0,CE,0.0,0.0,0.0,1.45,1.55,0,0.0,0,0,18-APR-2022,
OPTSTK,EXIDEIND,26-May-2022,174.0,CE,0.0,0.0,0.0,1.35,1.4,0,0.0,0,0,18-APR-2022,
OPTSTK,EXIDEIND,26-May-2022,175.0,CE,0.0,0.0,0.0,3.25,1.25,0,0.0,10800,0,18-APR-2022,
OPTSTK,EXIDEIND,26-May-2022,176.0,CE,0.0,0.0,0.0,1.15,1.15,0,0.0,0,0,18-APR-2022,
OPTSTK,EXIDEIND,26-May-2022,177.0,CE,0.0,0.0,0.0,1.1,1.05,0,0.0,0,0,18-APR-2022,
OPTSTK,EXIDEIND,26-May-2022,177.5,CE,0.0,0.0,0.0,1.3,1.0,0,0.0,0,0,18-APR-2022,
OPTSTK,EXIDEIND,26-May-2022,178.0,CE,0.0,0.0,0.0,1.0,0.95,0,0.0,0,0,18-APR-2022,
OPTSTK,EXIDEIND,26-May-2022,179.0,CE,0.0,0.0,0.0,0.95,0.85,0,0.0,0,0,18-APR-2022,
OPTSTK,EXIDEIND,26-May-2022,180.0,CE,1.45,1.45,0.95,1.0,1.0,7,45.65,126000,7200,18-APR-2022,
OPTSTK,EXIDEIND,26-May-2022,181.0,CE,0.0,0.0,0.0,0.8,0.7,0,0.0,0,0,18-APR-2022,
OPTSTK,EXIDEIND,26-May-2022,182.5,CE,0.0,0.0,0.0,0.85,0.6,0,0.0,0,0,18-APR-2022,
OPTSTK,EXIDEIND,26-May-2022,185.0,CE,0.0,0.0,0.0,1.4,0.45,0,0.0,0,0,18-APR-2022,
OPTSTK,EXIDEIND,26-May-2022,187.5,CE,0.0,0.0,0.0,0.55,0.35,0,0.0,0,0,18-APR-2022,
OPTSTK,EXIDEIND,26-May-2022,190.0,CE,0.0,0.0,0.0,1.0,0.25,0,0.0,0,0,18-APR-2022,
OPTSTK,EXIDEIND,26-May-2022,192.5,CE,0.0,0.0,0.0,0.35,0.2,0,0.0,0,0,18-APR-2022,
OPTSTK,EXIDEIND,26-May-2022,195.0,CE,0.0,0.0,0.0,0.9,0.15,0,0.0,0,0,18-APR-2022,
OPTSTK,EXIDEIND,26-May-2022,117.5,PE,0.0,0.0,0.0,0.2,0.05,0,0.0,0,0,18-APR-2022,
OPTSTK,EXIDEIND,26-May-2022,120.0,PE,0.0,0.0,0.0,1.45,0.05,0,0.0,0,0,18-APR-2022,
OPTSTK,EXIDEIND,26-May-2022,121.0,PE,0.0,0.0,0.0,1.65,0.05,0,0.0,0,0,18-APR-2022,
OPTSTK,EXIDEIND,26-May-2022,122.0,PE,0.0,0.0,0.0,1.8,0.1,0,0.0,0,0,18-APR-2022,
OPTSTK,EXIDEIND,26-May-2022,122.5,PE,0.0,0.0,0.0,0.4,0.1,0,0.0,0,0,18-APR-2022,
OPTSTK,EXIDEIND,26-May-2022,123.0,PE,0.0,0.0,0.0,2.0,0.1,0,0.0,0,0,18-APR-2022,
OPTSTK,EXIDEIND,26-May-2022,124.0,PE,0.0,0.0,0.0,2.2,0.1,0,0.0,0,0,18-APR-2022,
OPTSTK,EXIDEIND,26-May-2022,125.0,PE,0.0,0.0,0.0,2.4,0.15,0,0.0,0,0,18-APR-2022,
OPTSTK,EXIDEIND,26-May-2022,126.0,PE,0.0,0.0,0.0,2.65,0.15,0,0.0,0,0,18-APR-2022,
OPTSTK,EXIDEIND,26-May-2022,127.0,PE,0.0,0.0,0.0,2.9,0.2,0,0.0,0,0,18-APR-2022,
OPTSTK,EXIDEIND,26-May-2022,127.5,PE,0.0,0.0,0.0,0.75,0.2,0,0.0,0,0,18-APR-2022,
OPTSTK,EXIDEIND,26-May-2022,128.0,PE,0.0,0.0,0.0,3.15,0.25,0,0.0,0,0,18-APR-2022,
OPTSTK,EXIDEIND,26-May-2022,129.0,PE,0.0,0.0,0.0,3.4,0.25,0,0.0,0,0,18-APR-2022,
OPTSTK,EXIDEIND,26-May-2022,130.0,PE,0.0,0.0,0.0,1.1,0.3,0,0.0,14400,0,18-APR-2022,
OPTSTK,EXIDEIND,26-May-2022,131.0,PE,0.0,0.0,0.0,4.0,0.4,0,0.0,0,0,18-APR-2022,
OPTSTK,EXIDEIND,26-May-2022,132.0,PE,0.0,0.0,0.0,4.35,0.45,0,0.0,0,0,18-APR-2022,
OPTSTK,EXIDEIND,26-May-2022,132.5,PE,0.0,0.0,0.0,1.4,0.5,0,0.0,0,0,18-APR-2022,
OPTSTK,EXIDEIND,26-May-2022,133.0,PE,0.0,0.0,0.0,4.7,0.5,0,0.0,0,0,18-APR-2022,
OPTSTK,EXIDEIND,26-May-2022,134.0,PE,0.0,0.0,0.0,5.05,0.6,0,0.0,0,0,18-APR-2022,
OPTSTK,EXIDEIND,26-May-2022,135.0,PE,0.0,0.0,0.0,5.45,0.7,0,0.0,0,0,18-APR-2022,
OPTSTK,EXIDEIND,26-May-2022,136.0,PE,0.0,0.0,0.0,5.85,0.8,0,0.0,0,0,18-APR-2022,
OPTSTK,EXIDEIND,26-May-2022,137.0,PE,0.0,0.0,0.0,6.25,0.95,0,0.0,0,0,18-APR-2022,
OPTSTK,EXIDEIND,26-May-2022,137.5,PE,0.0,0.0,0.0,2.4,1.0,0,0.0,0,0,18-APR-2022,
OPTSTK,EXIDEIND,26-May-2022,138.0,PE,0.0,0.0,0.0,6.65,1.05,0,0.0,0,0,18-APR-2022,
OPTSTK,EXIDEIND,26-May-2022,139.0,PE,0.0,0.0,0.0,7.1,1.2,0,0.0,0,0,18-APR-2022,
OPTSTK,EXIDEIND,26-May-2022,140.0,PE,1.2,1.2,1.2,1.2,1.4,1,5.08,64800,0,18-APR-2022,
OPTSTK,EXIDEIND,26-May-2022,141.0,PE,0.0,0.0,0.0,8.05,1.55,0,0.0,0,0,18-APR-2022,
OPTSTK,EXIDEIND,26-May-2022,142.0,PE,0.0,0.0,0.0,8.6,1.75,0,0.0,0,0,18-APR-2022,
OPTSTK,EXIDEIND,26-May-2022,142.5,PE,0.0,0.0,0.0,3.85,1.9,0,0.0,0,0,18-APR-2022,
OPTSTK,EXIDEIND,26-May-2022,143.0,PE,0.0,0.0,0.0,9.1,2.0,0,0.0,0,0,18-APR-2022,
OPTSTK,EXIDEIND,26-May-2022,144.0,PE,0.0,0.0,0.0,9.65,2.25,0,0.0,0,0,18-APR-2022,
OPTSTK,EXIDEIND,26-May-2022,145.0,PE,0.0,0.0,0.0,10.2,2.5,0,0.0,0,0,18-APR-2022,
OPTSTK,EXIDEIND,26-May-2022,146.0,PE,0.0,0.0,0.0,10.75,2.75,0,0.0,0,0,18-APR-2022,
OPTSTK,EXIDEIND,26-May-2022,147.0,PE,0.0,0.0,0.0,11.35,3.05,0,0.0,0,0,18-APR-2022,
OPTSTK,EXIDEIND,26-May-2022,147.5,PE,0.0,0.0,0.0,5.75,3.25,0,0.0,0,0,18-APR-2022,
OPTSTK,EXIDEIND,26-May-2022,148.0,PE,0.0,0.0,0.0,11.95,3.4,0,0.0,0,0,18-APR-2022,
OPTSTK,EXIDEIND,26-May-2022,149.0,PE,0.0,0.0,0.0,12.55,3.75,0,0.0,0,0,18-APR-2022,
OPTSTK,EXIDEIND,26-May-2022,150.0,PE,4.0,4.0,3.35,3.45,3.45,8,44.22,147600,21600,18-APR-2022,
OPTSTK,EXIDEIND,26-May-2022,151.0,PE,0.0,0.0,0.0,13.85,4.5,0,0.0,0,0,18-APR-2022,
OPTSTK,EXIDEIND,26-May-2022,152.0,PE,0.0,0.0,0.0,14.5,4.95,0,0.0,0,0,18-APR-2022,
OPTSTK,EXIDEIND,26-May-2022,152.5,PE,0.0,0.0,0.0,8.15,5.15,0,0.0,0,0,18-APR-2022,
OPTSTK,EXIDEIND,26-May-2022,153.0,PE,0.0,0.0,0.0,15.2,5.4,0,0.0,0,0,18-APR-2022,
OPTSTK,EXIDEIND,26-May-2022,154.0,PE,0.0,0.0,0.0,15.9,5.85,0,0.0,0,0,18-APR-2022,
OPTSTK,EXIDEIND,26-May-2022,155.0,PE,6.25,6.3,6.25,6.3,6.35,2,11.61,43200,7200,18-APR-2022,
OPTSTK,EXIDEIND,26-May-2022,156.0,PE,0.0,0.0,0.0,17.3,6.85,0,0.0,0,0,18-APR-2022,
OPTSTK,EXIDEIND,26-May-2022,157.0,PE,0.0,0.0,0.0,18.05,7.4,0,0.0,0,0,18-APR-2022,
OPTSTK,EXIDEIND,26-May-2022,157.5,PE,0.0,0.0,0.0,11.05,7.7,0,0.0,0,0,18-APR-2022,
OPTSTK,EXIDEIND,26-May-2022,158.0,PE,0.0,0.0,0.0,18.8,7.95,0,0.0,0,0,18-APR-2022,
OPTSTK,EXIDEIND,26-May-2022,159.0,PE,0.0,0.0,0.0,19.55,8.55,0,0.0,0,0,18-APR-2022,
OPTSTK,EXIDEIND,26-May-2022,160.0,PE,0.0,0.0,0.0,8.85,9.15,0,0.0,43200,0,18-APR-2022,
OPTSTK,EXIDEIND,26-May-2022,161.0,PE,0.0,0.0,0.0,21.1,9.8,0,0.0,0,0,18-APR-2022,
OPTSTK,EXIDEIND,26-May-2022,162.0,PE,0.0,0.0,0.0,21.9,10.45,0,0.0,0,0,18-APR-2022,
OPTSTK,EXIDEIND,26-May-2022,162.5,PE,0.0,0.0,0.0,14.4,10.75,0,0.0,0,0,18-APR-2022,
OPTSTK,EXIDEIND,26-May-2022,163.0,PE,0.0,0.0,0.0,22.7,11.1,0,0.0,0,0,18-APR-2022,
OPTSTK,EXIDEIND,26-May-2022,164.0,PE,0.0,0.0,0.0,23.5,11.8,0,0.0,0,0,18-APR-2022,
OPTSTK,EXIDEIND,26-May-2022,165.0,PE,0.0,0.0,0.0,24.35,12.5,0,0.0,0,0,18-APR-2022,
OPTSTK,EXIDEIND,26-May-2022,166.0,PE,0.0,0.0,0.0,25.15,13.25,0,0.0,0,0,18-APR-2022,
OPTSTK,EXIDEIND,26-May-2022,167.0,PE,0.0,0.0,0.0,26.0,14.0,0,0.0,0,0,18-APR-2022,
OPTSTK,EXIDEIND,26-May-2022,167.5,PE,0.0,0.0,0.0,18.15,14.4,0,0.0,0,0,18-APR-2022,
OPTSTK,EXIDEIND,26-May-2022,168.0,PE,0.0,0.0,0.0,26.85,14.75,0,0.0,0,0,18-APR-2022,
OPTSTK,EXIDEIND,26-May-2022,169.0,PE,0.0,0.0,0.0,27.7,15.55,0,0.0,0,0,18-APR-2022,
OPTSTK,EXIDEIND,26-May-2022,170.0,PE,0.0,0.0,0.0,28.6,16.35,0,0.0,0,0,18-APR-2022,
OPTSTK,EXIDEIND,26-May-2022,171.0,PE,0.0,0.0,0.0,29.45,17.15,0,0.0,0,0,18-APR-2022,
OPTSTK,EXIDEIND,26-May-2022,172.0,PE,0.0,0.0,0.0,30.35,18.0,0,0.0,0,0,18-APR-2022,
OPTSTK,EXIDEIND,26-May-2022,172.5,PE,0.0,0.0,0.0,22.2,18.4,0,0.0,0,0,18-APR-2022,
OPTSTK,EXIDEIND,26-May-2022,173.0,PE,0.0,0.0,0.0,31.2,18.8,0,0.0,0,0,18-APR-2022,
OPTSTK,EXIDEIND,26-May-2022,174.0,PE,0.0,0.0,0.0,32.1,19.65,0,0.0,0,0,18-APR-2022,
OPTSTK,EXIDEIND,26-May-2022,175.0,PE,0.0,0.0,0.0,33.0,20.55,0,0.0,0,0,18-APR-2022,
OPTSTK,EXIDEIND,26-May-2022,176.0,PE,0.0,0.0,0.0,33.9,21.4,0,0.0,0,0,18-APR-2022,
OPTSTK,EXIDEIND,26-May-2022,177.0,PE,0.0,0.0,0.0,34.85,22.3,0,0.0,0,0,18-APR-2022,
OPTSTK,EXIDEIND,26-May-2022,177.5,PE,0.0,0.0,0.0,26.55,22.75,0,0.0,0,0,18-APR-2022,
OPTSTK,EXIDEIND,26-May-2022,178.0,PE,0.0,0.0,0.0,35.75,23.2,0,0.0,0,0,18-APR-2022,
OPTSTK,EXIDEIND,26-May-2022,179.0,PE,0.0,0.0,0.0,36.65,24.1,0,0.0,0,0,18-APR-2022,
OPTSTK,EXIDEIND,26-May-2022,180.0,PE,0.0,0.0,0.0,37.6,25.0,0,0.0,0,0,18-APR-2022,
OPTSTK,EXIDEIND,26-May-2022,181.0,PE,0.0,0.0,0.0,38.5,25.95,0,0.0,0,0,18-APR-2022,
OPTSTK,EXIDEIND,26-May-2022,182.5,PE,0.0,0.0,0.0,31.05,27.3,0,0.0,0,0,18-APR-2022,
OPTSTK,EXIDEIND,26-May-2022,185.0,PE,0.0,0.0,0.0,35.55,29.65,0,0.0,0,0,18-APR-2022,
OPTSTK,EXIDEIND,26-May-2022,187.5,PE,0.0,0.0,0.0,35.7,32.05,0,0.0,0,0,18-APR-2022,
OPTSTK,EXIDEIND,26-May-2022,190.0,PE,0.0,0.0,0.0,38.15,34.45,0,0.0,0,0,18-APR-2022,
OPTSTK,EXIDEIND,26-May-2022,192.5,PE,0.0,0.0,0.0,40.5,36.9,0,0.0,0,0,18-APR-2022,
OPTSTK,EXIDEIND,26-May-2022,195.0,PE,0.0,0.0,0.0,39.6,39.35,0,0.0,0,0,18-APR-2022,
OPTSTK,EXIDEIND,30-Jun-2022,117.5,CE,0.0,0.0,0.0,35.4,38.7,0,0.0,0,0,18-APR-2022,
OPTSTK,EXIDEIND,30-Jun-2022,120.0,CE,0.0,0.0,0.0,33.15,36.3,0,0.0,0,0,18-APR-2022,
OPTSTK,EXIDEIND,30-Jun-2022,122.5,CE,0.0,0.0,0.0,30.9,33.95,0,0.0,0,0,18-APR-2022,
OPTSTK,EXIDEIND,30-Jun-2022,125.0,CE,0.0,0.0,0.0,28.75,31.65,0,0.0,0,0,18-APR-2022,
OPTSTK,EXIDEIND,30-Jun-2022,127.5,CE,0.0,0.0,0.0,26.6,29.4,0,0.0,0,0,18-APR-2022,
OPTSTK,EXIDEIND,30-Jun-2022,130.0,CE,0.0,0.0,0.0,24.55,27.2,0,0.0,0,0,18-APR-2022,
OPTSTK,EXIDEIND,30-Jun-2022,132.5,CE,0.0,0.0,0.0,22.6,25.05,0,0.0,0,0,18-APR-2022,
OPTSTK,EXIDEIND,30-Jun-2022,135.0,CE,0.0,0.0,0.0,20.75,22.95,0,0.0,0,0,18-APR-2022,
OPTSTK,EXIDEIND,30-Jun-2022,137.5,CE,0.0,0.0,0.0,18.95,21.0,0,0.0,0,0,18-APR-2022,
OPTSTK,EXIDEIND,30-Jun-2022,140.0,CE,0.0,0.0,0.0,17.25,19.1,0,0.0,0,0,18-APR-2022,
OPTSTK,EXIDEIND,30-Jun-2022,142.5,CE,0.0,0.0,0.0,15.6,17.3,0,0.0,0,0,18-APR-2022,
OPTSTK,EXIDEIND,30-Jun-2022,145.0,CE,0.0,0.0,0.0,14.1,15.6,0,0.0,0,0,18-APR-2022,
OPTSTK,EXIDEIND,30-Jun-2022,147.5,CE,0.0,0.0,0.0,12.7,14.0,0,0.0,0,0,18-APR-2022,
OPTSTK,EXIDEIND,30-Jun-2022,150.0,CE,0.0,0.0,0.0,11.4,12.5,0,0.0,0,0,18-APR-2022,
OPTSTK,EXIDEIND,30-Jun-2022,152.5,CE,0.0,0.0,0.0,10.2,11.1,0,0.0,0,0,18-APR-2022,
OPTSTK,EXIDEIND,30-Jun-2022,155.0,CE,0.0,0.0,0.0,9.05,9.85,0,0.0,0,0,18-APR-2022,
OPTSTK,EXIDEIND,30-Jun-2022,157.5,CE,0.0,0.0,0.0,8.05,8.65,0,0.0,0,0,18-APR-2022,
OPTSTK,EXIDEIND,30-Jun-2022,160.0,CE,0.0,0.0,0.0,7.1,7.6,0,0.0,0,0,18-APR-2022,
OPTSTK,EXIDEIND,30-Jun-2022,162.5,CE,0.0,0.0,0.0,6.3,6.65,0,0.0,0,0,18-APR-2022,
OPTSTK,EXIDEIND,30-Jun-2022,165.0,CE,0.0,0.0,0.0,5.5,5.8,0,0.0,0,0,18-APR-2022,
OPTSTK,EXIDEIND,30-Jun-2022,167.5,CE,0.0,0.0,0.0,4.85,5.0,0,0.0,0,0,18-APR-2022,
OPTSTK,EXIDEIND,30-Jun-2022,170.0,CE,0.0,0.0,0.0,4.2,4.3,0,0.0,0,0,18-APR-2022,
OPTSTK,EXIDEIND,30-Jun-2022,172.5,CE,0.0,0.0,0.0,3.7,3.7,0,0.0,0,0,18-APR-2022,
OPTSTK,EXIDEIND,30-Jun-2022,175.0,CE,0.0,0.0,0.0,3.2,3.2,0,0.0,0,0,18-APR-2022,
OPTSTK,EXIDEIND,30-Jun-2022,177.5,CE,0.0,0.0,0.0,2.75,2.7,0,0.0,0,0,18-APR-2022,
OPTSTK,EXIDEIND,30-Jun-2022,180.0,CE,0.0,0.0,0.0,3.95,2.3,0,0.0,3600,0,18-APR-2022,
OPTSTK,EXIDEIND,30-Jun-2022,182.5,CE,0.0,0.0,0.0,2.05,1.95,0,0.0,0,0,18-APR-2022,
OPTSTK,EXIDEIND,30-Jun-2022,185.0,CE,0.0,0.0,0.0,1.75,1.65,0,0.0,0,0,18-APR-2022,
OPTSTK,EXIDEIND,30-Jun-2022,187.5,CE,0.0,0.0,0.0,1.5,1.4,0,0.0,0,0,18-APR-2022,
OPTSTK,EXIDEIND,30-Jun-2022,190.0,CE,0.0,0.0,0.0,1.3,1.15,0,0.0,0,0,18-APR-2022,
OPTSTK,EXIDEIND,30-Jun-2022,192.5,CE,0.0,0.0,0.0,1.1,0.95,0,0.0,0,0,18-APR-2022,
OPTSTK,EXIDEIND,30-Jun-2022,195.0,CE,0.0,0.0,0.0,0.95,0.8,0,0.0,0,0,18-APR-2022,
OPTSTK,EXIDEIND,30-Jun-2022,117.5,PE,0.0,0.0,0.0,0.6,0.25,0,0.0,0,0,18-APR-2022,
OPTSTK,EXIDEIND,30-Jun-2022,120.0,PE,0.0,0.0,0.0,0.75,0.35,0,0.0,0,0,18-APR-2022,
OPTSTK,EXIDEIND,30-Jun-2022,122.5,PE,0.0,0.0,0.0,1.0,0.45,0,0.0,0,0,18-APR-2022,
OPTSTK,EXIDEIND,30-Jun-2022,125.0,PE,0.0,0.0,0.0,1.3,0.65,0,0.0,0,0,18-APR-2022,
OPTSTK,EXIDEIND,30-Jun-2022,127.5,PE,0.0,0.0,0.0,1.65,0.85,0,0.0,0,0,18-APR-2022,
OPTSTK,EXIDEIND,30-Jun-2022,130.0,PE,0.0,0.0,0.0,2.1,1.15,0,0.0,0,0,18-APR-2022,
OPTSTK,EXIDEIND,30-Jun-2022,132.5,PE,0.0,0.0,0.0,2.6,1.45,0,0.0,0,0,18-APR-2022,
OPTSTK,EXIDEIND,30-Jun-2022,135.0,PE,0.0,0.0,0.0,3.2,1.9,0,0.0,0,0,18-APR-2022,
OPTSTK,EXIDEIND,30-Jun-2022,137.5,PE,0.0,0.0,0.0,3.9,2.35,0,0.0,0,0,18-APR-2022,
OPTSTK,EXIDEIND,30-Jun-2022,140.0,PE,0.0,0.0,0.0,4.65,2.95,0,0.0,0,0,18-APR-2022,
OPTSTK,EXIDEIND,30-Jun-2022,142.5,PE,0.0,0.0,0.0,5.5,3.65,0,0.0,0,0,18-APR-2022,
OPTSTK,EXIDEIND,30-Jun-2022,145.0,PE,0.0,0.0,0.0,6.5,4.4,0,0.0,0,0,18-APR-2022,
OPTSTK,EXIDEIND,30-Jun-2022,147.5,PE,0.0,0.0,0.0,7.55,5.3,0,0.0,0,0,18-APR-2022,
OPTSTK,EXIDEIND,30-Jun-2022,150.0,PE,0.0,0.0,0.0,8.7,6.3,0,0.0,0,0,18-APR-2022,
OPTSTK,EXIDEIND,30-Jun-2022,152.5,PE,0.0,0.0,0.0,10.0,7.35,0,0.0,0,0,18-APR-2022,
OPTSTK,EXIDEIND,30-Jun-2022,155.0,PE,0.0,0.0,0.0,11.35,8.6,0,0.0,0,0,18-APR-2022,
OPTSTK,EXIDEIND,30-Jun-2022,157.5,PE,0.0,0.0,0.0,12.8,9.9,0,0.0,0,0,18-APR-2022,
OPTSTK,EXIDEIND,30-Jun-2022,160.0,PE,0.0,0.0,0.0,14.35,11.3,0,0.0,0,0,18-APR-2022,
OPTSTK,EXIDEIND,30-Jun-2022,162.5,PE,0.0,0.0,0.0,15.95,12.8,0,0.0,0,0,18-APR-2022,
OPTSTK,EXIDEIND,30-Jun-2022,165.0,PE,0.0,0.0,0.0,17.7,14.45,0,0.0,0,0,18-APR-2022,
OPTSTK,EXIDEIND,30-Jun-2022,167.5,PE,0.0,0.0,0.0,19.45,16.15,0,0.0,0,0,18-APR-2022,
OPTSTK,EXIDEIND,30-Jun-2022,170.0,PE,0.0,0.0,0.0,21.35,17.95,0,0.0,0,0,18-APR-2022,
OPTSTK,EXIDEIND,30-Jun-2022,172.5,PE,0.0,0.0,0.0,23.25,19.8,0,0.0,0,0,18-APR-2022,
OPTSTK,EXIDEIND,30-Jun-2022,175.0,PE,0.0,0.0,0.0,25.25,21.75,0,0.0,0,0,18-APR-2022,
OPTSTK,EXIDEIND,30-Jun-2022,177.5,PE,0.0,0.0,0.0,27.3,23.75,0,0.0,0,0,18-APR-2022,
OPTSTK,EXIDEIND,30-Jun-2022,180.0,PE,0.0,0.0,0.0,29.4,25.85,0,0.0,0,0,18-APR-2022,
OPTSTK,EXIDEIND,30-Jun-2022,182.5,PE,0.0,0.0,0.0,31.55,27.95,0,0.0,0,0,18-APR-2022,
OPTSTK,EXIDEIND,30-Jun-2022,185.0,PE,0.0,0.0,0.0,33.7,30.15,0,0.0,0,0,18-APR-2022,
OPTSTK,EXIDEIND,30-Jun-2022,187.5,PE,0.0,0.0,0.0,35.95,32.35,0,0.0,0,0,18-APR-2022,
OPTSTK,EXIDEIND,30-Jun-2022,190.0,PE,0.0,0.0,0.0,38.2,34.6,0,0.0,0,0,18-APR-2022,
OPTSTK,EXIDEIND,30-Jun-2022,192.5,PE,0.0,0.0,0.0,40.45,36.9,0,0.0,0,0,18-APR-2022,
OPTSTK,EXIDEIND,30-Jun-2022,195.0,PE,0.0,0.0,0.0,42.8,39.2,0,0.0,0,0,18-APR-2022,
OPTSTK,FEDERALBNK,28-Apr-2022,64.0,CE,0.0,0.0,0.0,37.0,33.05,0,0.0,0,0,18-APR-2022,
OPTSTK,FEDERALBNK,28-Apr-2022,65.0,CE,0.0,0.0,0.0,36.05,32.05,0,0.0,0,0,18-APR-2022,
OPTSTK,FEDERALBNK,28-Apr-2022,66.0,CE,0.0,0.0,0.0,35.1,31.05,0,0.0,0,0,18-APR-2022,
OPTSTK,FEDERALBNK,28-Apr-2022,67.0,CE,0.0,0.0,0.0,34.15,30.05,0,0.0,0,0,18-APR-2022,
OPTSTK,FEDERALBNK,28-Apr-2022,68.0,CE,0.0,0.0,0.0,33.25,29.05,0,0.0,0,0,18-APR-2022,
OPTSTK,FEDERALBNK,28-Apr-2022,69.0,CE,0.0,0.0,0.0,32.3,28.05,0,0.0,0,0,18-APR-2022,
OPTSTK,FEDERALBNK,28-Apr-2022,70.0,CE,0.0,0.0,0.0,31.4,27.05,0,0.0,0,0,18-APR-2022,
OPTSTK,FEDERALBNK,28-Apr-2022,71.0,CE,0.0,0.0,0.0,30.5,26.05,0,0.0,0,0,18-APR-2022,
OPTSTK,FEDERALBNK,28-Apr-2022,72.0,CE,0.0,0.0,0.0,29.6,25.05,0,0.0,0,0,18-APR-2022,
OPTSTK,FEDERALBNK,28-Apr-2022,73.0,CE,0.0,0.0,0.0,28.7,24.05,0,0.0,0,0,18-APR-2022,
OPTSTK,FEDERALBNK,28-Apr-2022,74.0,CE,0.0,0.0,0.0,27.85,23.05,0,0.0,0,0,18-APR-2022,
OPTSTK,FEDERALBNK,28-Apr-2022,75.0,CE,0.0,0.0,0.0,26.95,22.05,0,0.0,0,0,18-APR-2022,
OPTSTK,FEDERALBNK,28-Apr-2022,76.0,CE,0.0,0.0,0.0,26.1,21.05,0,0.0,0,0,18-APR-2022,
OPTSTK,FEDERALBNK,28-Apr-2022,77.0,CE,0.0,0.0,0.0,25.25,20.05,0,0.0,0,0,18-APR-2022,
OPTSTK,FEDERALBNK,28-Apr-2022,78.0,CE,0.0,0.0,0.0,24.45,19.05,0,0.0,0,0,18-APR-2022,
OPTSTK,FEDERALBNK,28-Apr-2022,79.0,CE,0.0,0.0,0.0,23.6,18.05,0,0.0,0,0,18-APR-2022,
OPTSTK,FEDERALBNK,28-Apr-2022,80.0,CE,0.0,0.0,0.0,22.1,17.1,0,0.0,20000,0,18-APR-2022,
OPTSTK,FEDERALBNK,28-Apr-2022,81.0,CE,0.0,0.0,0.0,22.05,16.1,0,0.0,0,0,18-APR-2022,
OPTSTK,FEDERALBNK,28-Apr-2022,82.0,CE,0.0,0.0,0.0,21.25,15.1,0,0.0,0,0,18-APR-2022,
OPTSTK,FEDERALBNK,28-Apr-2022,83.0,CE,0.0,0.0,0.0,20.5,14.15,0,0.0,0,0,18-APR-2022,
OPTSTK,FEDERALBNK,28-Apr-2022,84.0,CE,0.0,0.0,0.0,19.75,13.15,0,0.0,0,0,18-APR-2022,
OPTSTK,FEDERALBNK,28-Apr-2022,85.0,CE,0.0,0.0,0.0,19.05,12.2,0,0.0,0,0,18-APR-2022,
OPTSTK,FEDERALBNK,28-Apr-2022,86.0,CE,0.0,0.0,0.0,18.3,11.25,0,0.0,0,0,18-APR-2022,
OPTSTK,FEDERALBNK,28-Apr-2022,87.0,CE,0.0,0.0,0.0,17.6,10.35,0,0.0,0,0,18-APR-2022,
OPTSTK,FEDERALBNK,28-Apr-2022,88.0,CE,0.0,0.0,0.0,16.95,9.45,0,0.0,0,0,18-APR-2022,
OPTSTK,FEDERALBNK,28-Apr-2022,89.0,CE,0.0,0.0,0.0,16.3,8.55,0,0.0,0,0,18-APR-2022,
OPTSTK,FEDERALBNK,28-Apr-2022,90.0,CE,8.05,8.05,7.15,7.5,7.5,4,39.07,250000,10000,18-APR-2022,
OPTSTK,FEDERALBNK,28-Apr-2022,91.0,CE,0.0,0.0,0.0,8.15,6.95,0,0.0,50000,0,18-APR-2022,
OPTSTK,FEDERALBNK,28-Apr-2022,92.0,CE,0.0,0.0,0.0,14.4,6.2,0,0.0,0,0,18-APR-2022,
OPTSTK,FEDERALBNK,28-Apr-2022,93.0,CE,0.0,0.0,0.0,13.8,5.45,0,0.0,0,0,18-APR-2022,
OPTSTK,FEDERALBNK,28-Apr-2022,94.0,CE,0.0,0.0,0.0,13.2,4.8,0,0.0,0,0,18-APR-2022,
OPTSTK,FEDERALBNK,28-Apr-2022,95.0,CE,3.5,4.15,3.25,3.8,3.8,26,256.82,490000,110000,18-APR-2022,
OPTSTK,FEDERALBNK,28-Apr-2022,96.0,CE,3.45,3.5,2.8,3.0,3.0,28,277.41,120000,30000,18-APR-2022,
OPTSTK,FEDERALBNK,28-Apr-2022,97.0,CE,3.8,3.8,2.3,2.6,2.6,183,1823.03,530000,350000,18-APR-2022,
OPTSTK,FEDERALBNK,28-Apr-2022,98.0,CE,2.6,2.6,1.9,2.15,2.15,252,2524.05,1060000,200000,18-APR-2022,
OPTSTK,FEDERALBNK,28-Apr-2022,99.0,CE,2.0,2.0,1.6,1.75,1.75,168,1693.04,1220000,-60000,18-APR-2022,
OPTSTK,FEDERALBNK,28-Apr-2022,100.0,CE,1.7,1.7,1.3,1.45,1.45,843,8554.61,10560000,550000,18-APR-2022,
OPTSTK,FEDERALBNK,28-Apr-2022,101.0,CE,1.2,1.4,1.1,1.25,1.25,138,1410.75,1100000,130000,18-APR-2022,
OPTSTK,FEDERALBNK,28-Apr-2022,102.0,CE,0.85,1.15,0.85,1.05,1.05,149,1534.76,1930000,-150000,18-APR-2022,
OPTSTK,FEDERALBNK,28-Apr-2022,103.0,CE,0.8,0.95,0.75,0.9,0.9,185,1921.07,1710000,-120000,18-APR-2022,
OPTSTK,FEDERALBNK,28-Apr-2022,104.0,CE,0.65,0.85,0.65,0.75,0.75,119,1245.93,1280000,-50000,18-APR-2022,
OPTSTK,FEDERALBNK,28-Apr-2022,105.0,CE,0.95,0.95,0.55,0.65,0.65,461,4869.29,9710000,-30000,18-APR-2022,
OPTSTK,FEDERALBNK,28-Apr-2022,106.0,CE,0.5,0.55,0.45,0.5,0.5,71,756.2,1150000,20000,18-APR-2022,
OPTSTK,FEDERALBNK,28-Apr-2022,107.0,CE,0.45,0.5,0.4,0.45,0.45,19,204.15,510000,-60000,18-APR-2022,
OPTSTK,FEDERALBNK,28-Apr-2022,108.0,CE,0.4,0.4,0.35,0.4,0.4,54,585.22,840000,70000,18-APR-2022,
OPTSTK,FEDERALBNK,28-Apr-2022,109.0,CE,0.35,0.35,0.3,0.35,0.35,20,218.64,330000,-10000,18-APR-2022,
OPTSTK,FEDERALBNK,28-Apr-2022,110.0,CE,0.35,0.35,0.25,0.3,0.3,324,3573.67,7160000,-150000,18-APR-2022,
OPTSTK,FEDERALBNK,28-Apr-2022,111.0,CE,0.25,0.25,0.25,0.25,0.25,9,100.12,50000,-10000,18-APR-2022,
OPTSTK,FEDERALBNK,28-Apr-2022,112.0,CE,0.25,0.3,0.2,0.25,0.25,20,224.49,430000,-20000,18-APR-2022,
OPTSTK,FEDERALBNK,28-Apr-2022,113.0,CE,0.2,0.2,0.2,0.2,0.1,25,283.0,220000,90000,18-APR-2022,
OPTSTK,FEDERALBNK,28-Apr-2022,114.0,CE,0.2,0.2,0.15,0.2,0.1,14,159.83,160000,50000,18-APR-2022,
OPTSTK,FEDERALBNK,28-Apr-2022,115.0,CE,0.2,0.2,0.1,0.2,0.2,224,2579.33,2810000,-420000,18-APR-2022,
OPTSTK,FEDERALBNK,28-Apr-2022,116.0,CE,0.15,0.15,0.15,0.15,0.15,5,58.07,90000,-10000,18-APR-2022,
OPTSTK,FEDERALBNK,28-Apr-2022,117.0,CE,0.1,0.1,0.1,0.1,0.05,2,23.42,110000,0,18-APR-2022,
OPTSTK,FEDERALBNK,28-Apr-2022,118.0,CE,0.1,0.1,0.1,0.1,0.05,13,153.53,80000,0,18-APR-2022,
OPTSTK,FEDERALBNK,28-Apr-2022,119.0,CE,0.1,0.1,0.05,0.1,0.1,34,404.93,540000,-20000,18-APR-2022,
OPTSTK,FEDERALBNK,28-Apr-2022,120.0,CE,0.1,0.1,0.05,0.1,0.1,104,1248.94,3430000,-10000,18-APR-2022,
OPTSTK,FEDERALBNK,28-Apr-2022,121.0,CE,0.1,0.1,0.05,0.05,0.05,3,36.32,410000,10000,18-APR-2022,
OPTSTK,FEDERALBNK,28-Apr-2022,122.0,CE,0.05,0.1,0.05,0.05,0.05,27,329.56,1090000,-90000,18-APR-2022,
OPTSTK,FEDERALBNK,28-Apr-2022,64.0,PE,0.0,0.0,0.0,0.05,0.0,0,0.0,0,0,18-APR-2022,
OPTSTK,FEDERALBNK,28-Apr-2022,65.0,PE,0.0,0.0,0.0,0.25,0.0,0,0.0,0,0,18-APR-2022,
OPTSTK,FEDERALBNK,28-Apr-2022,66.0,PE,0.0,0.0,0.0,0.3,0.0,0,0.0,0,0,18-APR-2022,
OPTSTK,FEDERALBNK,28-Apr-2022,67.0,PE,0.0,0.0,0.0,0.35,0.0,0,0.0,0,0,18-APR-2022,
OPTSTK,FEDERALBNK,28-Apr-2022,68.0,PE,0.0,0.0,0.0,0.45,0.0,0,0.0,0,0,18-APR-2022,
OPTSTK,FEDERALBNK,28-Apr-2022,69.0,PE,0.0,0.0,0.0,0.5,0.0,0,0.0,0,0,18-APR-2022,
OPTSTK,FEDERALBNK,28-Apr-2022,70.0,PE,0.05,0.05,0.05,0.05,0.0,1,7.0,120000,10000,18-APR-2022,
OPTSTK,FEDERALBNK,28-Apr-2022,71.0,PE,0.0,0.0,0.0,0.65,0.0,0,0.0,0,0,18-APR-2022,
OPTSTK,FEDERALBNK,28-Apr-2022,72.0,PE,0.0,0.0,0.0,0.05,0.0,0,0.0,40000,0,18-APR-2022,
OPTSTK,FEDERALBNK,28-Apr-2022,73.0,PE,0.0,0.0,0.0,0.85,0.0,0,0.0,0,0,18-APR-2022,
OPTSTK,FEDERALBNK,28-Apr-2022,74.0,PE,0.0,0.0,0.0,0.95,0.0,0,0.0,0,0,18-APR-2022,
OPTSTK,FEDERALBNK,28-Apr-2022,75.0,PE,0.05,0.05,0.05,0.05,0.05,1,7.5,330000,0,18-APR-2022,
OPTSTK,FEDERALBNK,28-Apr-2022,76.0,PE,0.0,0.0,0.0,0.1,0.0,0,0.0,0,0,18-APR-2022,
OPTSTK,FEDERALBNK,28-Apr-2022,77.0,PE,0.0,0.0,0.0,0.05,0.0,0,0.0,50000,0,18-APR-2022,
OPTSTK,FEDERALBNK,28-Apr-2022,78.0,PE,0.0,0.0,0.0,1.5,0.05,0,0.0,0,0,18-APR-2022,
OPTSTK,FEDERALBNK,28-Apr-2022,79.0,PE,0.0,0.0,0.0,1.7,0.05,0,0.0,0,0,18-APR-2022,
OPTSTK,FEDERALBNK,28-Apr-2022,80.0,PE,0.1,0.15,0.1,0.1,0.05,14,112.15,690000,-20000,18-APR-2022,
OPTSTK,FEDERALBNK,28-Apr-2022,81.0,PE,0.0,0.0,0.0,0.2,0.05,0,0.0,50000,0,18-APR-2022,
OPTSTK,FEDERALBNK,28-Apr-2022,82.0,PE,0.0,0.0,0.0,0.15,0.05,0,0.0,70000,0,18-APR-2022,
OPTSTK,FEDERALBNK,28-Apr-2022,83.0,PE,0.15,0.2,0.15,0.2,0.2,15,124.78,150000,60000,18-APR-2022,
OPTSTK,FEDERALBNK,28-Apr-2022,84.0,PE,0.0,0.0,0.0,2.8,0.1,0,0.0,0,0,18-APR-2022,
OPTSTK,FEDERALBNK,28-Apr-2022,85.0,PE,0.25,0.3,0.2,0.25,0.25,71,605.09,2530000,-250000,18-APR-2022,
OPTSTK,FEDERALBNK,28-Apr-2022,86.0,PE,0.25,0.3,0.25,0.3,0.3,5,43.13,380000,10000,18-APR-2022,
OPTSTK,FEDERALBNK,28-Apr-2022,87.0,PE,0.0,0.0,0.0,0.35,0.3,0,0.0,580000,0,18-APR-2022,
OPTSTK,FEDERALBNK,28-Apr-2022,88.0,PE,0.4,0.4,0.4,0.4,0.4,10,88.4,210000,-10000,18-APR-2022,
OPTSTK,FEDERALBNK,28-Apr-2022,89.0,PE,0.4,0.5,0.4,0.5,0.5,8,71.57,330000,10000,18-APR-2022,
OPTSTK,FEDERALBNK,28-Apr-2022,90.0,PE,0.6,0.7,0.45,0.6,0.6,354,3205.93,3990000,-270000,18-APR-2022,
OPTSTK,FEDERALBNK,28-Apr-2022,91.0,PE,0.0,0.0,0.0,0.55,0.9,0,0.0,220000,0,18-APR-2022,
OPTSTK,FEDERALBNK,28-Apr-2022,92.0,PE,0.85,0.9,0.8,0.9,0.9,29,269.25,610000,-60000,18-APR-2022,
OPTSTK,FEDERALBNK,28-Apr-2022,93.0,PE,0.9,1.2,0.9,1.05,1.05,69,649.01,670000,40000,18-APR-2022,
OPTSTK,FEDERALBNK,28-Apr-2022,94.0,PE,1.1,1.45,1.1,1.4,1.75,23,219.09,470000,-20000,18-APR-2022,
OPTSTK,FEDERALBNK,28-Apr-2022,95.0,PE,1.55,1.85,1.4,1.65,1.65,261,2522.31,2920000,-420000,18-APR-2022,
OPTSTK,FEDERALBNK,28-Apr-2022,96.0,PE,1.85,2.25,1.75,2.05,2.05,60,588.07,560000,-30000,18-APR-2022,
OPTSTK,FEDERALBNK,28-Apr-2022,97.0,PE,2.25,2.9,2.15,2.55,2.55,134,1333.11,940000,80000,18-APR-2022,
OPTSTK,FEDERALBNK,28-Apr-2022,98.0,PE,3.35,3.55,2.6,3.1,3.1,133,1343.58,820000,-200000,18-APR-2022,
OPTSTK,FEDERALBNK,28-Apr-2022,99.0,PE,4.2,4.2,3.25,3.7,3.7,42,431.36,930000,-160000,18-APR-2022,
OPTSTK,FEDERALBNK,28-Apr-2022,100.0,PE,3.3,5.25,3.3,4.45,4.45,135,1407.88,3190000,-240000,18-APR-2022,
OPTSTK,FEDERALBNK,28-Apr-2022,101.0,PE,4.75,5.4,4.65,5.4,5.5,10,105.86,250000,-40000,18-APR-2022,
OPTSTK,FEDERALBNK,28-Apr-2022,102.0,PE,5.45,5.95,5.4,5.95,6.2,7,75.31,370000,-40000,18-APR-2022,
OPTSTK,FEDERALBNK,28-Apr-2022,103.0,PE,6.75,7.1,6.2,6.85,6.85,13,142.58,400000,-50000,18-APR-2022,
OPTSTK,FEDERALBNK,28-Apr-2022,104.0,PE,0.0,0.0,0.0,6.45,7.8,0,0.0,230000,0,18-APR-2022,
OPTSTK,FEDERALBNK,28-Apr-2022,105.0,PE,8.5,8.85,8.0,8.7,8.7,20,226.78,740000,-110000,18-APR-2022,
OPTSTK,FEDERALBNK,28-Apr-2022,106.0,PE,0.0,0.0,0.0,12.4,9.5,0,0.0,0,0,18-APR-2022,
OPTSTK,FEDERALBNK,28-Apr-2022,107.0,PE,0.0,0.0,0.0,13.05,10.35,0,0.0,0,0,18-APR-2022,
OPTSTK,FEDERALBNK,28-Apr-2022,108.0,PE,0.0,0.0,0.0,13.65,11.25,0,0.0,0,0,18-APR-2022,
OPTSTK,FEDERALBNK,28-Apr-2022,109.0,PE,0.0,0.0,0.0,14.35,12.2,0,0.0,0,0,18-APR-2022,
OPTSTK,FEDERALBNK,28-Apr-2022,110.0,PE,0.0,0.0,0.0,10.0,13.15,0,0.0,190000,0,18-APR-2022,
OPTSTK,FEDERALBNK,28-Apr-2022,111.0,PE,0.0,0.0,0.0,15.65,14.1,0,0.0,0,0,18-APR-2022,
OPTSTK,FEDERALBNK,28-Apr-2022,112.0,PE,0.0,0.0,0.0,16.35,15.05,0,0.0,0,0,18-APR-2022,
OPTSTK,FEDERALBNK,28-Apr-2022,113.0,PE,0.0,0.0,0.0,17.05,16.05,0,0.0,0,0,18-APR-2022,
OPTSTK,FEDERALBNK,28-Apr-2022,114.0,PE,0.0,0.0,0.0,17.8,17.0,0,0.0,0,0,18-APR-2022,
OPTSTK,FEDERALBNK,28-Apr-2022,115.0,PE,0.0,0.0,0.0,16.3,18.0,0,0.0,70000,0,18-APR-2022,
OPTSTK,FEDERALBNK,28-Apr-2022,116.0,PE,0.0,0.0,0.0,19.25,18.95,0,0.0,0,0,18-APR-2022,
OPTSTK,FEDERALBNK,28-Apr-2022,117.0,PE,0.0,0.0,0.0,20.0,19.95,0,0.0,0,0,18-APR-2022,
OPTSTK,FEDERALBNK,28-Apr-2022,118.0,PE,0.0,0.0,0.0,20.8,20.95,0,0.0,0,0,18-APR-2022,
OPTSTK,FEDERALBNK,28-Apr-2022,119.0,PE,0.0,0.0,0.0,21.55,21.95,0,0.0,0,0,18-APR-2022,
OPTSTK,FEDERALBNK,28-Apr-2022,120.0,PE,0.0,0.0,0.0,22.35,22.95,0,0.0,0,0,18-APR-2022,
OPTSTK,FEDERALBNK,28-Apr-2022,121.0,PE,0.0,0.0,0.0,23.15,23.95,0,0.0,0,0,18-APR-2022,
OPTSTK,FEDERALBNK,28-Apr-2022,122.0,PE,0.0,0.0,0.0,23.95,24.95,0,0.0,0,0,18-APR-2022,
OPTSTK,FEDERALBNK,26-May-2022,64.0,CE,0.0,0.0,0.0,30.9,33.25,0,0.0,0,0,18-APR-2022,
OPTSTK,FEDERALBNK,26-May-2022,65.0,CE,0.0,0.0,0.0,30.0,32.25,0,0.0,0,0,18-APR-2022,
OPTSTK,FEDERALBNK,26-May-2022,66.0,CE,0.0,0.0,0.0,29.1,31.3,0,0.0,0,0,18-APR-2022,
OPTSTK,FEDERALBNK,26-May-2022,67.0,CE,0.0,0.0,0.0,28.2,30.3,0,0.0,0,0,18-APR-2022,
OPTSTK,FEDERALBNK,26-May-2022,68.0,CE,0.0,0.0,0.0,27.3,29.3,0,0.0,0,0,18-APR-2022,
OPTSTK,FEDERALBNK,26-May-2022,69.0,CE,0.0,0.0,0.0,26.4,28.35,0,0.0,0,0,18-APR-2022,
OPTSTK,FEDERALBNK,26-May-2022,70.0,CE,0.0,0.0,0.0,25.5,27.35,0,0.0,0,0,18-APR-2022,
OPTSTK,FEDERALBNK,26-May-2022,71.0,CE,0.0,0.0,0.0,24.65,26.4,0,0.0,0,0,18-APR-2022,
OPTSTK,FEDERALBNK,26-May-2022,72.0,CE,0.0,0.0,0.0,23.8,25.4,0,0.0,0,0,18-APR-2022,
OPTSTK,FEDERALBNK,26-May-2022,73.0,CE,0.0,0.0,0.0,23.0,24.45,0,0.0,0,0,18-APR-2022,
OPTSTK,FEDERALBNK,26-May-2022,74.0,CE,0.0,0.0,0.0,22.15,23.5,0,0.0,0,0,18-APR-2022,
OPTSTK,FEDERALBNK,26-May-2022,75.0,CE,0.0,0.0,0.0,21.35,22.55,0,0.0,0,0,18-APR-2022,
OPTSTK,FEDERALBNK,26-May-2022,76.0,CE,0.0,0.0,0.0,20.55,21.6,0,0.0,0,0,18-APR-2022,
OPTSTK,FEDERALBNK,26-May-2022,77.0,CE,0.0,0.0,0.0,19.8,20.65,0,0.0,0,0,18-APR-2022,
OPTSTK,FEDERALBNK,26-May-2022,78.0,CE,0.0,0.0,0.0,19.05,19.75,0,0.0,0,0,18-APR-2022,
OPTSTK,FEDERALBNK,26-May-2022,79.0,CE,0.0,0.0,0.0,18.3,18.85,0,0.0,0,0,18-APR-2022,
OPTSTK,FEDERALBNK,26-May-2022,80.0,CE,0.0,0.0,0.0,17.55,17.95,0,0.0,0,0,18-APR-2022,
OPTSTK,FEDERALBNK,26-May-2022,81.0,CE,0.0,0.0,0.0,16.85,17.1,0,0.0,0,0,18-APR-2022,
OPTSTK,FEDERALBNK,26-May-2022,82.0,CE,0.0,0.0,0.0,16.15,16.25,0,0.0,0,0,18-APR-2022,
OPTSTK,FEDERALBNK,26-May-2022,83.0,CE,0.0,0.0,0.0,15.5,15.4,0,0.0,0,0,18-APR-2022,
OPTSTK,FEDERALBNK,26-May-2022,84.0,CE,0.0,0.0,0.0,14.85,14.6,0,0.0,0,0,18-APR-2022,
OPTSTK,FEDERALBNK,26-May-2022,85.0,CE,0.0,0.0,0.0,14.2,13.8,0,0.0,0,0,18-APR-2022,
OPTSTK,FEDERALBNK,26-May-2022,86.0,CE,0.0,0.0,0.0,13.6,13.0,0,0.0,0,0,18-APR-2022,
OPTSTK,FEDERALBNK,26-May-2022,87.0,CE,0.0,0.0,0.0,13.0,12.25,0,0.0,0,0,18-APR-2022,
OPTSTK,FEDERALBNK,26-May-2022,88.0,CE,0.0,0.0,0.0,12.4,11.5,0,0.0,0,0,18-APR-2022,
OPTSTK,FEDERALBNK,26-May-2022,89.0,CE,0.0,0.0,0.0,11.85,10.8,0,0.0,0,0,18-APR-2022,
OPTSTK,FEDERALBNK,26-May-2022,90.0,CE,0.0,0.0,0.0,11.3,10.15,0,0.0,0,0,18-APR-2022,
OPTSTK,FEDERALBNK,26-May-2022,91.0,CE,0.0,0.0,0.0,10.75,9.5,0,0.0,0,0,18-APR-2022,
OPTSTK,FEDERALBNK,26-May-2022,92.0,CE,0.0,0.0,0.0,10.25,8.85,0,0.0,0,0,18-APR-2022,
OPTSTK,FEDERALBNK,26-May-2022,93.0,CE,0.0,0.0,0.0,9.75,8.25,0,0.0,0,0,18-APR-2022,
OPTSTK,FEDERALBNK,26-May-2022,94.0,CE,0.0,0.0,0.0,9.3,7.7,0,0.0,0,0,18-APR-2022,
OPTSTK,FEDERALBNK,26-May-2022,95.0,CE,0.0,0.0,0.0,8.85,7.15,0,0.0,0,0,18-APR-2022,
OPTSTK,FEDERALBNK,26-May-2022,96.0,CE,0.0,0.0,0.0,8.4,6.6,0,0.0,0,0,18-APR-2022,
OPTSTK,FEDERALBNK,26-May-2022,97.0,CE,0.0,0.0,0.0,8.0,6.15,0,0.0,0,0,18-APR-2022,
OPTSTK,FEDERALBNK,26-May-2022,98.0,CE,0.0,0.0,0.0,7.6,5.65,0,0.0,0,0,18-APR-2022,
OPTSTK,FEDERALBNK,26-May-2022,99.0,CE,0.0,0.0,0.0,7.2,5.25,0,0.0,0,0,18-APR-2022,
OPTSTK,FEDERALBNK,26-May-2022,100.0,CE,4.45,4.55,3.65,4.05,4.05,56,582.77,730000,230000,18-APR-2022,
OPTSTK,FEDERALBNK,26-May-2022,101.0,CE,0.0,0.0,0.0,6.5,4.45,0,0.0,0,0,18-APR-2022,
OPTSTK,FEDERALBNK,26-May-2022,102.0,CE,0.0,0.0,0.0,4.5,4.05,0,0.0,20000,0,18-APR-2022,
OPTSTK,FEDERALBNK,26-May-2022,103.0,CE,0.0,0.0,0.0,5.8,3.75,0,0.0,0,0,18-APR-2022,
OPTSTK,FEDERALBNK,26-May-2022,104.0,CE,0.0,0.0,0.0,5.5,3.4,0,0.0,0,0,18-APR-2022,
OPTSTK,FEDERALBNK,26-May-2022,105.0,CE,2.5,2.55,2.35,2.4,2.4,18,193.39,250000,130000,18-APR-2022,
OPTSTK,FEDERALBNK,26-May-2022,106.0,CE,0.0,0.0,0.0,4.9,2.85,0,0.0,0,0,18-APR-2022,
OPTSTK,FEDERALBNK,26-May-2022,107.0,CE,0.0,0.0,0.0,4.65,2.6,0,0.0,0,0,18-APR-2022,
OPTSTK,FEDERALBNK,26-May-2022,108.0,CE,0.0,0.0,0.0,4.4,2.35,0,0.0,0,0,18-APR-2022,
OPTSTK,FEDERALBNK,26-May-2022,109.0,CE,0.0,0.0,0.0,2.35,2.15,0,0.0,10000,0,18-APR-2022,
OPTSTK,FEDERALBNK,26-May-2022,110.0,CE,1.65,1.7,1.3,1.45,1.45,11,122.68,280000,80000,18-APR-2022,
OPTSTK,FEDERALBNK,26-May-2022,111.0,CE,0.0,0.0,0.0,3.7,1.75,0,0.0,0,0,18-APR-2022,
OPTSTK,FEDERALBNK,26-May-2022,112.0,CE,0.0,0.0,0.0,3.5,1.6,0,0.0,0,0,18-APR-2022,
OPTSTK,FEDERALBNK,26-May-2022,113.0,CE,0.0,0.0,0.0,3.3,1.45,0,0.0,0,0,18-APR-2022,
OPTSTK,FEDERALBNK,26-May-2022,114.0,CE,0.0,0.0,0.0,3.1,1.3,0,0.0,0,0,18-APR-2022,
OPTSTK,FEDERALBNK,26-May-2022,115.0,CE,0.95,1.0,0.9,0.95,0.95,4,46.38,80000,20000,18-APR-2022,
OPTSTK,FEDERALBNK,26-May-2022,116.0,CE,0.0,0.0,0.0,2.75,1.05,0,0.0,0,0,18-APR-2022,
OPTSTK,FEDERALBNK,26-May-2022,117.0,CE,0.0,0.0,0.0,2.6,0.95,0,0.0,0,0,18-APR-2022,
OPTSTK,FEDERALBNK,26-May-2022,118.0,CE,0.0,0.0,0.0,2.45,0.85,0,0.0,0,0,18-APR-2022,
OPTSTK,FEDERALBNK,26-May-2022,119.0,CE,0.0,0.0,0.0,2.3,0.75,0,0.0,0,0,18-APR-2022,
OPTSTK,FEDERALBNK,26-May-2022,120.0,CE,0.0,0.0,0.0,2.15,0.7,0,0.0,0,0,18-APR-2022,
OPTSTK,FEDERALBNK,26-May-2022,121.0,CE,0.0,0.0,0.0,2.05,0.6,0,0.0,0,0,18-APR-2022,
OPTSTK,FEDERALBNK,26-May-2022,122.0,CE,0.0,0.0,0.0,1.9,0.55,0,0.0,0,0,18-APR-2022,
OPTSTK,FEDERALBNK,26-May-2022,64.0,PE,0.0,0.0,0.0,0.4,0.05,0,0.0,0,0,18-APR-2022,
OPTSTK,FEDERALBNK,26-May-2022,65.0,PE,0.0,0.0,0.0,0.1,0.05,0,0.0,0,0,18-APR-2022,
OPTSTK,FEDERALBNK,26-May-2022,66.0,PE,0.0,0.0,0.0,0.55,0.05,0,0.0,0,0,18-APR-2022,
OPTSTK,FEDERALBNK,26-May-2022,67.0,PE,0.0,0.0,0.0,0.6,0.05,0,0.0,0,0,18-APR-2022,
OPTSTK,FEDERALBNK,26-May-2022,68.0,PE,0.0,0.0,0.0,0.7,0.05,0,0.0,0,0,18-APR-2022,
OPTSTK,FEDERALBNK,26-May-2022,69.0,PE,0.0,0.0,0.0,0.8,0.05,0,0.0,0,0,18-APR-2022,
OPTSTK,FEDERALBNK,26-May-2022,70.0,PE,0.0,0.0,0.0,0.5,0.1,0,0.0,30000,0,18-APR-2022,
OPTSTK,FEDERALBNK,26-May-2022,71.0,PE,0.0,0.0,0.0,1.05,0.1,0,0.0,0,0,18-APR-2022,
OPTSTK,FEDERALBNK,26-May-2022,72.0,PE,0.0,0.0,0.0,1.2,0.15,0,0.0,0,0,18-APR-2022,
OPTSTK,FEDERALBNK,26-May-2022,73.0,PE,0.0,0.0,0.0,1.35,0.15,0,0.0,0,0,18-APR-2022,
OPTSTK,FEDERALBNK,26-May-2022,74.0,PE,0.0,0.0,0.0,1.55,0.2,0,0.0,0,0,18-APR-2022,
OPTSTK,FEDERALBNK,26-May-2022,75.0,PE,0.0,0.0,0.0,1.7,0.25,0,0.0,0,0,18-APR-2022,
OPTSTK,FEDERALBNK,26-May-2022,76.0,PE,0.0,0.0,0.0,1.9,0.3,0,0.0,0,0,18-APR-2022,
OPTSTK,FEDERALBNK,26-May-2022,77.0,PE,0.0,0.0,0.0,2.15,0.4,0,0.0,0,0,18-APR-2022,
OPTSTK,FEDERALBNK,26-May-2022,78.0,PE,0.0,0.0,0.0,2.35,0.45,0,0.0,0,0,18-APR-2022,
OPTSTK,FEDERALBNK,26-May-2022,79.0,PE,0.0,0.0,0.0,2.6,0.55,0,0.0,0,0,18-APR-2022,
OPTSTK,FEDERALBNK,26-May-2022,80.0,PE,0.7,0.7,0.4,0.4,0.65,2,16.11,230000,20000,18-APR-2022,
OPTSTK,FEDERALBNK,26-May-2022,81.0,PE,0.0,0.0,0.0,3.15,0.8,0,0.0,0,0,18-APR-2022,
OPTSTK,FEDERALBNK,26-May-2022,82.0,PE,0.0,0.0,0.0,3.45,0.9,0,0.0,0,0,18-APR-2022,
OPTSTK,FEDERALBNK,26-May-2022,83.0,PE,0.0,0.0,0.0,3.75,1.1,0,0.0,0,0,18-APR-2022,
OPTSTK,FEDERALBNK,26-May-2022,84.0,PE,0.0,0.0,0.0,4.1,1.25,0,0.0,0,0,18-APR-2022,
OPTSTK,FEDERALBNK,26-May-2022,85.0,PE,1.0,1.0,1.0,1.0,1.45,3,25.8,30000,10000,18-APR-2022,
OPTSTK,FEDERALBNK,26-May-2022,86.0,PE,0.0,0.0,0.0,4.85,1.65,0,0.0,0,0,18-APR-2022,
OPTSTK,FEDERALBNK,26-May-2022,87.0,PE,0.0,0.0,0.0,5.2,1.9,0,0.0,0,0,18-APR-2022,
OPTSTK,FEDERALBNK,26-May-2022,88.0,PE,0.0,0.0,0.0,5.65,2.2,0,0.0,0,0,18-APR-2022,
OPTSTK,FEDERALBNK,26-May-2022,89.0,PE,0.0,0.0,0.0,6.05,2.45,0,0.0,0,0,18-APR-2022,
OPTSTK,FEDERALBNK,26-May-2022,90.0,PE,2.0,2.25,1.9,2.1,2.1,42,386.88,850000,350000,18-APR-2022,
OPTSTK,FEDERALBNK,26-May-2022,91.0,PE,0.0,0.0,0.0,6.95,3.15,0,0.0,0,0,18-APR-2022,
OPTSTK,FEDERALBNK,26-May-2022,92.0,PE,0.0,0.0,0.0,2.0,3.5,0,0.0,10000,0,18-APR-2022,
OPTSTK,FEDERALBNK,26-May-2022,93.0,PE,0.0,0.0,0.0,7.95,3.9,0,0.0,0,0,18-APR-2022,
OPTSTK,FEDERALBNK,26-May-2022,94.0,PE,0.0,0.0,0.0,8.45,4.3,0,0.0,0,0,18-APR-2022,
OPTSTK,FEDERALBNK,26-May-2022,95.0,PE,3.95,3.95,3.35,3.85,3.85,12,118.46,220000,80000,18-APR-2022,
OPTSTK,FEDERALBNK,26-May-2022,96.0,PE,0.0,0.0,0.0,9.55,5.25,0,0.0,0,0,18-APR-2022,
OPTSTK,FEDERALBNK,26-May-2022,97.0,PE,0.0,0.0,0.0,10.15,5.75,0,0.0,0,0,18-APR-2022,
OPTSTK,FEDERALBNK,26-May-2022,98.0,PE,0.0,0.0,0.0,10.7,6.3,0,0.0,0,0,18-APR-2022,
OPTSTK,FEDERALBNK,26-May-2022,99.0,PE,5.05,6.45,5.05,6.45,6.85,2,20.95,0,0,18-APR-2022,
OPTSTK,FEDERALBNK,26-May-2022,100.0,PE,6.5,6.6,6.35,6.35,7.4,9,95.82,240000,80000,18-APR-2022,
OPTSTK,FEDERALBNK,26-May-2022,101.0,PE,0.0,0.0,0.0,12.55,8.05,0,0.0,0,0,18-APR-2022,
OPTSTK,FEDERALBNK,26-May-2022,102.0,PE,0.0,0.0,0.0,13.2,8.65,0,0.0,0,0,18-APR-2022,
OPTSTK,FEDERALBNK,26-May-2022,103.0,PE,0.0,0.0,0.0,13.9,9.3,0,0.0,0,0,18-APR-2022,
OPTSTK,FEDERALBNK,26-May-2022,104.0,PE,0.0,0.0,0.0,14.55,10.0,0,0.0,0,0,18-APR-2022,
OPTSTK,FEDERALBNK,26-May-2022,105.0,PE,0.0,0.0,0.0,15.25,10.7,0,0.0,0,0,18-APR-2022,
OPTSTK,FEDERALBNK,26-May-2022,106.0,PE,0.0,0.0,0.0,15.95,11.4,0,0.0,0,0,18-APR-2022,
OPTSTK,FEDERALBNK,26-May-2022,107.0,PE,0.0,0.0,0.0,16.7,12.15,0,0.0,0,0,18-APR-2022,
OPTSTK,FEDERALBNK,26-May-2022,108.0,PE,0.0,0.0,0.0,17.4,12.95,0,0.0,0,0,18-APR-2022,
OPTSTK,FEDERALBNK,26-May-2022,109.0,PE,0.0,0.0,0.0,18.15,13.7,0,0.0,0,0,18-APR-2022,
OPTSTK,FEDERALBNK,26-May-2022,110.0,PE,0.0,0.0,0.0,18.9,14.5,0,0.0,0,0,18-APR-2022,
OPTSTK,FEDERALBNK,26-May-2022,111.0,PE,0.0,0.0,0.0,19.7,15.3,0,0.0,0,0,18-APR-2022,
OPTSTK,FEDERALBNK,26-May-2022,112.0,PE,0.0,0.0,0.0,20.45,16.15,0,0.0,0,0,18-APR-2022,
OPTSTK,FEDERALBNK,26-May-2022,113.0,PE,0.0,0.0,0.0,21.25,17.0,0,0.0,0,0,18-APR-2022,
OPTSTK,FEDERALBNK,26-May-2022,114.0,PE,0.0,0.0,0.0,22.05,17.85,0,0.0,0,0,18-APR-2022,
OPTSTK,FEDERALBNK,26-May-2022,115.0,PE,0.0,0.0,0.0,22.85,18.7,0,0.0,0,0,18-APR-2022,
OPTSTK,FEDERALBNK,26-May-2022,116.0,PE,0.0,0.0,0.0,23.7,19.6,0,0.0,0,0,18-APR-2022,
OPTSTK,FEDERALBNK,26-May-2022,117.0,PE,0.0,0.0,0.0,24.5,20.5,0,0.0,0,0,18-APR-2022,
OPTSTK,FEDERALBNK,26-May-2022,118.0,PE,0.0,0.0,0.0,25.35,21.4,0,0.0,0,0,18-APR-2022,
OPTSTK,FEDERALBNK,26-May-2022,119.0,PE,0.0,0.0,0.0,26.2,22.3,0,0.0,0,0,18-APR-2022,
OPTSTK,FEDERALBNK,26-May-2022,120.0,PE,0.0,0.0,0.0,27.05,23.2,0,0.0,0,0,18-APR-2022,
OPTSTK,FEDERALBNK,26-May-2022,121.0,PE,0.0,0.0,0.0,27.9,24.1,0,0.0,0,0,18-APR-2022,
OPTSTK,FEDERALBNK,26-May-2022,122.0,PE,0.0,0.0,0.0,28.8,25.05,0,0.0,0,0,18-APR-2022,
OPTSTK,FEDERALBNK,30-Jun-2022,64.0,CE,0.0,0.0,0.0,34.35,33.65,0,0.0,0,0,18-APR-2022,
OPTSTK,FEDERALBNK,30-Jun-2022,65.0,CE,0.0,0.0,0.0,33.4,32.7,0,0.0,0,0,18-APR-2022,
OPTSTK,FEDERALBNK,30-Jun-2022,66.0,CE,0.0,0.0,0.0,32.5,31.75,0,0.0,0,0,18-APR-2022,
OPTSTK,FEDERALBNK,30-Jun-2022,67.0,CE,0.0,0.0,0.0,31.55,30.8,0,0.0,0,0,18-APR-2022,
OPTSTK,FEDERALBNK,30-Jun-2022,68.0,CE,0.0,0.0,0.0,30.65,29.85,0,0.0,0,0,18-APR-2022,
OPTSTK,FEDERALBNK,30-Jun-2022,69.0,CE,0.0,0.0,0.0,29.75,28.9,0,0.0,0,0,18-APR-2022,
OPTSTK,FEDERALBNK,30-Jun-2022,70.0,CE,0.0,0.0,0.0,28.85,28.0,0,0.0,0,0,18-APR-2022,
OPTSTK,FEDERALBNK,30-Jun-2022,71.0,CE,0.0,0.0,0.0,27.95,27.1,0,0.0,0,0,18-APR-2022,
OPTSTK,FEDERALBNK,30-Jun-2022,72.0,CE,0.0,0.0,0.0,27.05,26.15,0,0.0,0,0,18-APR-2022,
OPTSTK,FEDERALBNK,30-Jun-2022,73.0,CE,0.0,0.0,0.0,26.2,25.3,0,0.0,0,0,18-APR-2022,
OPTSTK,FEDERALBNK,30-Jun-2022,74.0,CE,0.0,0.0,0.0,25.35,24.4,0,0.0,0,0,18-APR-2022,
OPTSTK,FEDERALBNK,30-Jun-2022,75.0,CE,0.0,0.0,0.0,24.5,23.5,0,0.0,0,0,18-APR-2022,
OPTSTK,FEDERALBNK,30-Jun-2022,76.0,CE,0.0,0.0,0.0,23.7,22.65,0,0.0,0,0,18-APR-2022,
OPTSTK,FEDERALBNK,30-Jun-2022,77.0,CE,0.0,0.0,0.0,22.85,21.8,0,0.0,0,0,18-APR-2022,
OPTSTK,FEDERALBNK,30-Jun-2022,78.0,CE,0.0,0.0,0.0,22.05,21.0,0,0.0,0,0,18-APR-2022,
OPTSTK,FEDERALBNK,30-Jun-2022,79.0,CE,0.0,0.0,0.0,21.25,20.15,0,0.0,0,0,18-APR-2022,
OPTSTK,FEDERALBNK,30-Jun-2022,80.0,CE,0.0,0.0,0.0,20.5,19.35,0,0.0,0,0,18-APR-2022,
OPTSTK,FEDERALBNK,30-Jun-2022,81.0,CE,0.0,0.0,0.0,19.75,18.6,0,0.0,0,0,18-APR-2022,
OPTSTK,FEDERALBNK,30-Jun-2022,82.0,CE,0.0,0.0,0.0,19.0,17.8,0,0.0,0,0,18-APR-2022,
OPTSTK,FEDERALBNK,30-Jun-2022,83.0,CE,0.0,0.0,0.0,18.3,17.05,0,0.0,0,0,18-APR-2022,
OPTSTK,FEDERALBNK,30-Jun-2022,84.0,CE,0.0,0.0,0.0,17.6,16.35,0,0.0,0,0,18-APR-2022,
OPTSTK,FEDERALBNK,30-Jun-2022,85.0,CE,0.0,0.0,0.0,16.9,15.65,0,0.0,0,0,18-APR-2022,
OPTSTK,FEDERALBNK,30-Jun-2022,86.0,CE,0.0,0.0,0.0,16.2,14.95,0,0.0,0,0,18-APR-2022,
OPTSTK,FEDERALBNK,30-Jun-2022,87.0,CE,0.0,0.0,0.0,15.55,14.25,0,0.0,0,0,18-APR-2022,
OPTSTK,FEDERALBNK,30-Jun-2022,88.0,CE,0.0,0.0,0.0,14.9,13.6,0,0.0,0,0,18-APR-2022,
OPTSTK,FEDERALBNK,30-Jun-2022,89.0,CE,0.0,0.0,0.0,14.3,12.95,0,0.0,0,0,18-APR-2022,
OPTSTK,FEDERALBNK,30-Jun-2022,90.0,CE,0.0,0.0,0.0,13.7,12.35,0,0.0,0,0,18-APR-2022,
OPTSTK,FEDERALBNK,30-Jun-2022,91.0,CE,0.0,0.0,0.0,13.1,11.75,0,0.0,0,0,18-APR-2022,
OPTSTK,FEDERALBNK,30-Jun-2022,92.0,CE,0.0,0.0,0.0,12.55,11.2,0,0.0,0,0,18-APR-2022,
OPTSTK,FEDERALBNK,30-Jun-2022,93.0,CE,0.0,0.0,0.0,12.0,10.6,0,0.0,0,0,18-APR-2022,
OPTSTK,FEDERALBNK,30-Jun-2022,94.0,CE,0.0,0.0,0.0,11.45,10.1,0,0.0,0,0,18-APR-2022,
OPTSTK,FEDERALBNK,30-Jun-2022,95.0,CE,0.0,0.0,0.0,10.95,9.55,0,0.0,0,0,18-APR-2022,
OPTSTK,FEDERALBNK,30-Jun-2022,96.0,CE,0.0,0.0,0.0,10.45,9.05,0,0.0,0,0,18-APR-2022,
OPTSTK,FEDERALBNK,30-Jun-2022,97.0,CE,0.0,0.0,0.0,9.95,8.6,0,0.0,0,0,18-APR-2022,
OPTSTK,FEDERALBNK,30-Jun-2022,98.0,CE,0.0,0.0,0.0,9.5,8.15,0,0.0,0,0,18-APR-2022,
OPTSTK,FEDERALBNK,30-Jun-2022,99.0,CE,0.0,0.0,0.0,9.05,7.7,0,0.0,0,0,18-APR-2022,
OPTSTK,FEDERALBNK,30-Jun-2022,100.0,CE,0.0,0.0,0.0,8.6,7.25,0,0.0,0,0,18-APR-2022,
OPTSTK,FEDERALBNK,30-Jun-2022,101.0,CE,0.0,0.0,0.0,8.2,6.85,0,0.0,0,0,18-APR-2022,
OPTSTK,FEDERALBNK,30-Jun-2022,102.0,CE,0.0,0.0,0.0,7.8,6.5,0,0.0,0,0,18-APR-2022,
OPTSTK,FEDERALBNK,30-Jun-2022,103.0,CE,0.0,0.0,0.0,7.45,6.1,0,0.0,0,0,18-APR-2022,
OPTSTK,FEDERALBNK,30-Jun-2022,104.0,CE,0.0,0.0,0.0,7.05,5.75,0,0.0,0,0,18-APR-2022,
OPTSTK,FEDERALBNK,30-Jun-2022,105.0,CE,0.0,0.0,0.0,6.7,5.4,0,0.0,0,0,18-APR-2022,
OPTSTK,FEDERALBNK,30-Jun-2022,106.0,CE,0.0,0.0,0.0,6.35,5.1,0,0.0,0,0,18-APR-2022,
OPTSTK,FEDERALBNK,30-Jun-2022,107.0,CE,0.0,0.0,0.0,6.05,4.8,0,0.0,0,0,18-APR-2022,
OPTSTK,FEDERALBNK,30-Jun-2022,108.0,CE,0.0,0.0,0.0,5.75,4.5,0,0.0,0,0,18-APR-2022,
OPTSTK,FEDERALBNK,30-Jun-2022,109.0,CE,0.0,0.0,0.0,5.45,4.25,0,0.0,0,0,18-APR-2022,
OPTSTK,FEDERALBNK,30-Jun-2022,110.0,CE,0.0,0.0,0.0,5.15,4.0,0,0.0,0,0,18-APR-2022,
OPTSTK,FEDERALBNK,30-Jun-2022,111.0,CE,0.0,0.0,0.0,4.9,3.75,0,0.0,0,0,18-APR-2022,
OPTSTK,FEDERALBNK,30-Jun-2022,112.0,CE,0.0,0.0,0.0,4.65,3.5,0,0.0,0,0,18-APR-2022,
OPTSTK,FEDERALBNK,30-Jun-2022,113.0,CE,0.0,0.0,0.0,4.4,3.3,0,0.0,0,0,18-APR-2022,
OPTSTK,FEDERALBNK,30-Jun-2022,114.0,CE,0.0,0.0,0.0,4.15,3.1,0,0.0,0,0,18-APR-2022,
OPTSTK,FEDERALBNK,30-Jun-2022,115.0,CE,0.0,0.0,0.0,1.9,2.9,0,0.0,10000,0,18-APR-2022,
OPTSTK,FEDERALBNK,30-Jun-2022,116.0,CE,0.0,0.0,0.0,3.7,2.7,0,0.0,0,0,18-APR-2022,
OPTSTK,FEDERALBNK,30-Jun-2022,117.0,CE,0.0,0.0,0.0,3.5,2.5,0,0.0,0,0,18-APR-2022,
OPTSTK,FEDERALBNK,30-Jun-2022,118.0,CE,0.0,0.0,0.0,3.3,2.35,0,0.0,0,0,18-APR-2022,
OPTSTK,FEDERALBNK,30-Jun-2022,119.0,CE,0.0,0.0,0.0,3.15,2.2,0,0.0,0,0,18-APR-2022,
OPTSTK,FEDERALBNK,30-Jun-2022,120.0,CE,0.0,0.0,0.0,2.95,2.05,0,0.0,0,0,18-APR-2022,
OPTSTK,FEDERALBNK,30-Jun-2022,121.0,CE,0.0,0.0,0.0,2.8,1.9,0,0.0,0,0,18-APR-2022,
OPTSTK,FEDERALBNK,30-Jun-2022,122.0,CE,0.0,0.0,0.0,2.65,1.8,0,0.0,0,0,18-APR-2022,
OPTSTK,FEDERALBNK,30-Jun-2022,64.0,PE,0.0,0.0,0.0,0.3,0.15,0,0.0,0,0,18-APR-2022,
OPTSTK,FEDERALBNK,30-Jun-2022,65.0,PE,0.0,0.0,0.0,0.35,0.2,0,0.0,0,0,18-APR-2022,
OPTSTK,FEDERALBNK,30-Jun-2022,66.0,PE,0.0,0.0,0.0,0.4,0.25,0,0.0,0,0,18-APR-2022,
OPTSTK,FEDERALBNK,30-Jun-2022,67.0,PE,0.0,0.0,0.0,0.45,0.3,0,0.0,0,0,18-APR-2022,
OPTSTK,FEDERALBNK,30-Jun-2022,68.0,PE,0.0,0.0,0.0,0.55,0.35,0,0.0,0,0,18-APR-2022,
OPTSTK,FEDERALBNK,30-Jun-2022,69.0,PE,0.0,0.0,0.0,0.6,0.4,0,0.0,0,0,18-APR-2022,
OPTSTK,FEDERALBNK,30-Jun-2022,70.0,PE,0.0,0.0,0.0,0.7,0.45,0,0.0,0,0,18-APR-2022,
OPTSTK,FEDERALBNK,30-Jun-2022,71.0,PE,0.0,0.0,0.0,0.8,0.55,0,0.0,0,0,18-APR-2022,
OPTSTK,FEDERALBNK,30-Jun-2022,72.0,PE,0.0,0.0,0.0,0.9,0.6,0,0.0,0,0,18-APR-2022,
OPTSTK,FEDERALBNK,30-Jun-2022,73.0,PE,0.0,0.0,0.0,1.05,0.7,0,0.0,0,0,18-APR-2022,
OPTSTK,FEDERALBNK,30-Jun-2022,74.0,PE,0.0,0.0,0.0,1.15,0.8,0,0.0,0,0,18-APR-2022,
OPTSTK,FEDERALBNK,30-Jun-2022,75.0,PE,0.0,0.0,0.0,1.3,0.95,0,0.0,0,0,18-APR-2022,
OPTSTK,FEDERALBNK,30-Jun-2022,76.0,PE,0.0,0.0,0.0,1.5,1.05,0,0.0,0,0,18-APR-2022,
OPTSTK,FEDERALBNK,30-Jun-2022,77.0,PE,0.0,0.0,0.0,1.65,1.2,0,0.0,0,0,18-APR-2022,
OPTSTK,FEDERALBNK,30-Jun-2022,78.0,PE,0.0,0.0,0.0,1.85,1.4,0,0.0,0,0,18-APR-2022,
OPTSTK,FEDERALBNK,30-Jun-2022,79.0,PE,0.0,0.0,0.0,2.05,1.55,0,0.0,0,0,18-APR-2022,
OPTSTK,FEDERALBNK,30-Jun-2022,80.0,PE,0.0,0.0,0.0,2.25,1.75,0,0.0,0,0,18-APR-2022,
OPTSTK,FEDERALBNK,30-Jun-2022,81.0,PE,0.0,0.0,0.0,2.5,1.95,0,0.0,0,0,18-APR-2022,
OPTSTK,FEDERALBNK,30-Jun-2022,82.0,PE,0.0,0.0,0.0,2.75,2.2,0,0.0,0,0,18-APR-2022,
OPTSTK,FEDERALBNK,30-Jun-2022,83.0,PE,0.0,0.0,0.0,3.0,2.4,0,0.0,0,0,18-APR-2022,
OPTSTK,FEDERALBNK,30-Jun-2022,84.0,PE,0.0,0.0,0.0,3.3,2.7,0,0.0,0,0,18-APR-2022,
OPTSTK,FEDERALBNK,30-Jun-2022,85.0,PE,0.0,0.0,0.0,3.6,2.95,0,0.0,0,0,18-APR-2022,
OPTSTK,FEDERALBNK,30-Jun-2022,86.0,PE,0.0,0.0,0.0,3.9,3.25,0,0.0,0,0,18-APR-2022,
OPTSTK,FEDERALBNK,30-Jun-2022,87.0,PE,0.0,0.0,0.0,4.25,3.55,0,0.0,0,0,18-APR-2022,
OPTSTK,FEDERALBNK,30-Jun-2022,88.0,PE,0.0,0.0,0.0,4.6,3.9,0,0.0,0,0,18-APR-2022,
OPTSTK,FEDERALBNK,30-Jun-2022,89.0,PE,0.0,0.0,0.0,4.95,4.25,0,0.0,0,0,18-APR-2022,
OPTSTK,FEDERALBNK,30-Jun-2022,90.0,PE,0.0,0.0,0.0,6.0,4.65,0,0.0,10000,0,18-APR-2022,
OPTSTK,FEDERALBNK,30-Jun-2022,91.0,PE,0.0,0.0,0.0,5.75,5.05,0,0.0,0,0,18-APR-2022,
OPTSTK,FEDERALBNK,30-Jun-2022,92.0,PE,0.0,0.0,0.0,6.15,5.45,0,0.0,0,0,18-APR-2022,
OPTSTK,FEDERALBNK,30-Jun-2022,93.0,PE,0.0,0.0,0.0,6.6,5.9,0,0.0,0,0,18-APR-2022,
OPTSTK,FEDERALBNK,30-Jun-2022,94.0,PE,0.0,0.0,0.0,7.05,6.35,0,0.0,0,0,18-APR-2022,
OPTSTK,FEDERALBNK,30-Jun-2022,95.0,PE,0.0,0.0,0.0,7.55,6.8,0,0.0,0,0,18-APR-2022,
OPTSTK,FEDERALBNK,30-Jun-2022,96.0,PE,0.0,0.0,0.0,8.05,7.3,0,0.0,0,0,18-APR-2022,
OPTSTK,FEDERALBNK,30-Jun-2022,97.0,PE,0.0,0.0,0.0,8.55,7.8,0,0.0,0,0,18-APR-2022,
OPTSTK,FEDERALBNK,30-Jun-2022,98.0,PE,0.0,0.0,0.0,9.05,8.35,0,0.0,0,0,18-APR-2022,
OPTSTK,FEDERALBNK,30-Jun-2022,99.0,PE,0.0,0.0,0.0,9.6,8.9,0,0.0,0,0,18-APR-2022,
OPTSTK,FEDERALBNK,30-Jun-2022,100.0,PE,0.0,0.0,0.0,10.15,9.45,0,0.0,0,0,18-APR-2022,
OPTSTK,FEDERALBNK,30-Jun-2022,101.0,PE,0.0,0.0,0.0,10.75,10.05,0,0.0,0,0,18-APR-2022,
OPTSTK,FEDERALBNK,30-Jun-2022,102.0,PE,0.0,0.0,0.0,11.35,10.65,0,0.0,0,0,18-APR-2022,
OPTSTK,FEDERALBNK,30-Jun-2022,103.0,PE,0.0,0.0,0.0,11.95,11.3,0,0.0,0,0,18-APR-2022,
OPTSTK,FEDERALBNK,30-Jun-2022,104.0,PE,0.0,0.0,0.0,12.55,11.95,0,0.0,0,0,18-APR-2022,
OPTSTK,FEDERALBNK,30-Jun-2022,105.0,PE,0.0,0.0,0.0,13.2,12.6,0,0.0,0,0,18-APR-2022,
OPTSTK,FEDERALBNK,30-Jun-2022,106.0,PE,0.0,0.0,0.0,13.85,13.25,0,0.0,0,0,18-APR-2022,
OPTSTK,FEDERALBNK,30-Jun-2022,107.0,PE,0.0,0.0,0.0,14.5,13.95,0,0.0,0,0,18-APR-2022,
OPTSTK,FEDERALBNK,30-Jun-2022,108.0,PE,0.0,0.0,0.0,15.2,14.65,0,0.0,0,0,18-APR-2022,
OPTSTK,FEDERALBNK,30-Jun-2022,109.0,PE,0.0,0.0,0.0,15.9,15.35,0,0.0,0,0,18-APR-2022,
OPTSTK,FEDERALBNK,30-Jun-2022,110.0,PE,0.0,0.0,0.0,16.6,16.1,0,0.0,0,0,18-APR-2022,
OPTSTK,FEDERALBNK,30-Jun-2022,111.0,PE,0.0,0.0,0.0,17.3,16.85,0,0.0,0,0,18-APR-2022,
OPTSTK,FEDERALBNK,30-Jun-2022,112.0,PE,0.0,0.0,0.0,18.05,17.6,0,0.0,0,0,18-APR-2022,
OPTSTK,FEDERALBNK,30-Jun-2022,113.0,PE,0.0,0.0,0.0,18.8,18.4,0,0.0,0,0,18-APR-2022,
OPTSTK,FEDERALBNK,30-Jun-2022,114.0,PE,0.0,0.0,0.0,19.55,19.15,0,0.0,0,0,18-APR-2022,
OPTSTK,FEDERALBNK,30-Jun-2022,115.0,PE,0.0,0.0,0.0,20.3,19.95,0,0.0,0,0,18-APR-2022,
OPTSTK,FEDERALBNK,30-Jun-2022,116.0,PE,0.0,0.0,0.0,21.1,20.75,0,0.0,0,0,18-APR-2022,
OPTSTK,FEDERALBNK,30-Jun-2022,117.0,PE,0.0,0.0,0.0,21.9,21.6,0,0.0,0,0,18-APR-2022,
OPTSTK,FEDERALBNK,30-Jun-2022,118.0,PE,0.0,0.0,0.0,22.7,22.4,0,0.0,0,0,18-APR-2022,
OPTSTK,FEDERALBNK,30-Jun-2022,119.0,PE,0.0,0.0,0.0,23.5,23.25,0,0.0,0,0,18-APR-2022,
OPTSTK,FEDERALBNK,30-Jun-2022,120.0,PE,0.0,0.0,0.0,24.3,24.1,0,0.0,0,0,18-APR-2022,
OPTSTK,FEDERALBNK,30-Jun-2022,121.0,PE,0.0,0.0,0.0,25.1,24.95,0,0.0,0,0,18-APR-2022,
OPTSTK,FEDERALBNK,30-Jun-2022,122.0,PE,0.0,0.0,0.0,25.95,25.8,0,0.0,0,0,18-APR-2022,
OPTSTK,FSL,28-Apr-2022,85.0,CE,0.0,0.0,0.0,66.0,42.55,0,0.0,0,0,18-APR-2022,
OPTSTK,FSL,28-Apr-2022,87.5,CE,0.0,0.0,0.0,63.65,40.05,0,0.0,0,0,18-APR-2022,
OPTSTK,FSL,28-Apr-2022,90.0,CE,0.0,0.0,0.0,61.3,37.55,0,0.0,0,0,18-APR-2022,
OPTSTK,FSL,28-Apr-2022,92.5,CE,0.0,0.0,0.0,58.95,35.1,0,0.0,0,0,18-APR-2022,
OPTSTK,FSL,28-Apr-2022,95.0,CE,0.0,0.0,0.0,56.65,32.6,0,0.0,0,0,18-APR-2022,
OPTSTK,FSL,28-Apr-2022,97.5,CE,0.0,0.0,0.0,54.4,30.1,0,0.0,0,0,18-APR-2022,
OPTSTK,FSL,28-Apr-2022,100.0,CE,0.0,0.0,0.0,52.2,27.6,0,0.0,0,0,18-APR-2022,
OPTSTK,FSL,28-Apr-2022,102.5,CE,0.0,0.0,0.0,50.0,25.15,0,0.0,0,0,18-APR-2022,
OPTSTK,FSL,28-Apr-2022,105.0,CE,0.0,0.0,0.0,47.85,22.7,0,0.0,0,0,18-APR-2022,
OPTSTK,FSL,28-Apr-2022,107.5,CE,0.0,0.0,0.0,45.75,20.25,0,0.0,0,0,18-APR-2022,
OPTSTK,FSL,28-Apr-2022,110.0,CE,0.0,0.0,0.0,27.3,17.9,0,0.0,7800,0,18-APR-2022,
OPTSTK,FSL,28-Apr-2022,112.5,CE,0.0,0.0,0.0,41.7,15.65,0,0.0,0,0,18-APR-2022,
OPTSTK,FSL,28-Apr-2022,115.0,CE,0.0,0.0,0.0,18.7,13.45,0,0.0,2600,0,18-APR-2022,
OPTSTK,FSL,28-Apr-2022,117.5,CE,0.0,0.0,0.0,37.85,11.4,0,0.0,0,0,18-APR-2022,
OPTSTK,FSL,28-Apr-2022,120.0,CE,0.0,0.0,0.0,14.5,9.5,0,0.0,7800,0,18-APR-2022,
OPTSTK,FSL,28-Apr-2022,122.5,CE,0.0,0.0,0.0,34.2,7.8,0,0.0,0,0,18-APR-2022,
OPTSTK,FSL,28-Apr-2022,125.0,CE,6.15,6.15,5.1,5.8,6.3,86,291.78,184600,101400,18-APR-2022,
OPTSTK,FSL,28-Apr-2022,127.5,CE,4.7,4.8,3.75,4.4,4.4,25,85.63,18200,18200,18-APR-2022,
OPTSTK,FSL,28-Apr-2022,130.0,CE,6.05,6.05,2.65,3.3,3.3,764,2647.09,1809600,91000,18-APR-2022,
OPTSTK,FSL,28-Apr-2022,132.5,CE,2.6,3.15,2.1,2.7,2.7,37,129.86,62400,-15600,18-APR-2022,
OPTSTK,FSL,28-Apr-2022,135.0,CE,3.5,3.5,1.6,1.95,1.95,583,2076.82,1263600,187200,18-APR-2022,
OPTSTK,FSL,28-Apr-2022,137.5,CE,2.7,2.7,1.35,1.65,1.65,57,206.29,304200,54600,18-APR-2022,
OPTSTK,FSL,28-Apr-2022,140.0,CE,2.35,2.35,1.0,1.15,1.15,1332,4892.86,3208400,330200,18-APR-2022,
OPTSTK,FSL,28-Apr-2022,142.5,CE,1.3,1.3,1.0,1.2,0.85,7,26.14,41600,0,18-APR-2022,
OPTSTK,FSL,28-Apr-2022,145.0,CE,0.75,1.05,0.5,0.75,0.75,168,636.88,683800,-20800,18-APR-2022,
OPTSTK,FSL,28-Apr-2022,147.5,CE,1.2,1.2,0.65,0.65,0.4,3,11.57,7800,-2600,18-APR-2022,
OPTSTK,FSL,28-Apr-2022,150.0,CE,0.75,0.75,0.4,0.55,0.55,378,1479.29,2454400,-205400,18-APR-2022,
OPTSTK,FSL,28-Apr-2022,152.5,CE,0.0,0.0,0.0,17.3,0.2,0,0.0,0,0,18-APR-2022,
OPTSTK,FSL,28-Apr-2022,155.0,CE,0.3,0.4,0.25,0.4,0.4,13,52.5,72800,-10400,18-APR-2022,
OPTSTK,FSL,28-Apr-2022,157.5,CE,0.0,0.0,0.0,15.3,0.1,0,0.0,0,0,18-APR-2022,
OPTSTK,FSL,28-Apr-2022,160.0,CE,0.25,0.35,0.25,0.25,0.05,35,145.85,504400,-7800,18-APR-2022,
OPTSTK,FSL,28-Apr-2022,162.5,CE,0.0,0.0,0.0,13.45,0.05,0,0.0,0,0,18-APR-2022,
OPTSTK,FSL,28-Apr-2022,165.0,CE,0.0,0.0,0.0,0.4,0.05,0,0.0,20800,0,18-APR-2022,
OPTSTK,FSL,28-Apr-2022,167.5,CE,0.0,0.0,0.0,11.85,0.05,0,0.0,0,0,18-APR-2022,
OPTSTK,FSL,28-Apr-2022,170.0,CE,0.15,0.2,0.15,0.2,0.2,9,39.81,148200,0,18-APR-2022,
OPTSTK,FSL,28-Apr-2022,172.5,CE,0.0,0.0,0.0,10.35,0.0,0,0.0,0,0,18-APR-2022,
OPTSTK,FSL,28-Apr-2022,175.0,CE,0.0,0.0,0.0,0.1,0.0,0,0.0,2600,0,18-APR-2022,
OPTSTK,FSL,28-Apr-2022,177.5,CE,0.0,0.0,0.0,9.1,0.0,0,0.0,0,0,18-APR-2022,
OPTSTK,FSL,28-Apr-2022,180.0,CE,0.0,0.0,0.0,0.3,0.0,0,0.0,52000,0,18-APR-2022,
OPTSTK,FSL,28-Apr-2022,182.5,CE,0.0,0.0,0.0,7.95,0.0,0,0.0,0,0,18-APR-2022,
OPTSTK,FSL,28-Apr-2022,185.0,CE,0.0,0.0,0.0,7.4,0.0,0,0.0,0,0,18-APR-2022,
OPTSTK,FSL,28-Apr-2022,187.5,CE,0.0,0.0,0.0,6.9,0.0,0,0.0,0,0,18-APR-2022,
OPTSTK,FSL,28-Apr-2022,190.0,CE,0.0,0.0,0.0,0.4,0.0,0,0.0,7800,0,18-APR-2022,
OPTSTK,FSL,28-Apr-2022,192.5,CE,0.0,0.0,0.0,6.0,0.0,0,0.0,0,0,18-APR-2022,
OPTSTK,FSL,28-Apr-2022,195.0,CE,0.0,0.0,0.0,5.6,0.0,0,0.0,0,0,18-APR-2022,
OPTSTK,FSL,28-Apr-2022,197.5,CE,0.0,0.0,0.0,5.2,0.0,0,0.0,0,0,18-APR-2022,
OPTSTK,FSL,28-Apr-2022,200.0,CE,0.0,0.0,0.0,0.1,0.0,0,0.0,59800,0,18-APR-2022,
OPTSTK,FSL,28-Apr-2022,202.5,CE,0.0,0.0,0.0,4.55,0.0,0,0.0,0,0,18-APR-2022,
OPTSTK,FSL,28-Apr-2022,205.0,CE,0.0,0.0,0.0,4.2,0.0,0,0.0,0,0,18-APR-2022,
OPTSTK,FSL,28-Apr-2022,207.5,CE,0.0,0.0,0.0,3.95,0.0,0,0.0,0,0,18-APR-2022,
OPTSTK,FSL,28-Apr-2022,210.0,CE,0.0,0.0,0.0,3.65,0.0,0,0.0,0,0,18-APR-2022,
OPTSTK,FSL,28-Apr-2022,212.5,CE,0.0,0.0,0.0,3.4,0.0,0,0.0,0,0,18-APR-2022,
OPTSTK,FSL,28-Apr-2022,215.0,CE,0.0,0.0,0.0,3.15,0.0,0,0.0,0,0,18-APR-2022,
OPTSTK,FSL,28-Apr-2022,217.5,CE,0.0,0.0,0.0,2.95,0.0,0,0.0,0,0,18-APR-2022,
OPTSTK,FSL,28-Apr-2022,220.0,CE,0.0,0.0,0.0,2.75,0.0,0,0.0,0,0,18-APR-2022,
OPTSTK,FSL,28-Apr-2022,85.0,PE,0.0,0.0,0.0,0.05,0.0,0,0.0,2600,0,18-APR-2022,
OPTSTK,FSL,28-Apr-2022,87.5,PE,0.0,0.0,0.0,0.45,0.0,0,0.0,0,0,18-APR-2022,
OPTSTK,FSL,28-Apr-2022,90.0,PE,0.0,0.0,0.0,0.25,0.0,0,0.0,0,0,18-APR-2022,
OPTSTK,FSL,28-Apr-2022,92.5,PE,0.0,0.0,0.0,0.75,0.0,0,0.0,0,0,18-APR-2022,
OPTSTK,FSL,28-Apr-2022,95.0,PE,0.0,0.0,0.0,0.95,0.0,0,0.0,0,0,18-APR-2022,
OPTSTK,FSL,28-Apr-2022,97.5,PE,0.0,0.0,0.0,1.15,0.05,0,0.0,0,0,18-APR-2022,
OPTSTK,FSL,28-Apr-2022,100.0,PE,0.35,0.35,0.15,0.15,0.05,2,5.21,39000,2600,18-APR-2022,
OPTSTK,FSL,28-Apr-2022,102.5,PE,0.0,0.0,0.0,1.7,0.05,0,0.0,0,0,18-APR-2022,
OPTSTK,FSL,28-Apr-2022,105.0,PE,0.0,0.0,0.0,0.4,0.1,0,0.0,2600,0,18-APR-2022,
OPTSTK,FSL,28-Apr-2022,107.5,PE,0.0,0.0,0.0,2.4,0.2,0,0.0,0,0,18-APR-2022,
OPTSTK,FSL,28-Apr-2022,110.0,PE,0.8,0.8,0.8,0.8,0.35,1,2.88,114400,0,18-APR-2022,
OPTSTK,FSL,28-Apr-2022,112.5,PE,1.0,1.0,1.0,1.0,0.55,1,2.95,2600,2600,18-APR-2022,
OPTSTK,FSL,28-Apr-2022,115.0,PE,1.1,1.55,1.0,1.1,1.1,41,123.92,98800,18200,18-APR-2022,
OPTSTK,FSL,28-Apr-2022,117.5,PE,0.0,0.0,0.0,3.2,1.3,0,0.0,0,0,18-APR-2022,
OPTSTK,FSL,28-Apr-2022,120.0,PE,2.4,2.65,1.8,2.0,2.0,103,327.27,382200,15600,18-APR-2022,
OPTSTK,FSL,28-Apr-2022,122.5,PE,5.9,5.9,3.45,3.45,2.7,5,16.45,41600,10400,18-APR-2022,
OPTSTK,FSL,28-Apr-2022,125.0,PE,2.8,4.4,2.8,3.5,3.5,640,2141.89,764400,67600,18-APR-2022,
OPTSTK,FSL,28-Apr-2022,127.5,PE,5.25,5.25,5.05,5.05,5.05,3,10.34,15600,7800,18-APR-2022,
OPTSTK,FSL,28-Apr-2022,130.0,PE,5.0,6.75,5.0,5.8,5.8,272,961.83,785200,-447200,18-APR-2022,
OPTSTK,FSL,28-Apr-2022,132.5,PE,7.7,7.7,7.25,7.25,7.85,4,14.55,13000,2600,18-APR-2022,
OPTSTK,FSL,28-Apr-2022,135.0,PE,9.9,10.2,9.3,9.5,9.5,16,60.19,171600,-28600,18-APR-2022,
OPTSTK,FSL,28-Apr-2022,137.5,PE,0.0,0.0,0.0,8.0,11.55,0,0.0,2600,0,18-APR-2022,
OPTSTK,FSL,28-Apr-2022,140.0,PE,15.15,15.15,14.0,14.3,13.6,5,20.07,122200,-2600,18-APR-2022,
OPTSTK,FSL,28-Apr-2022,142.5,PE,0.0,0.0,0.0,13.3,15.75,0,0.0,0,0,18-APR-2022,
OPTSTK,FSL,28-Apr-2022,145.0,PE,0.0,0.0,0.0,15.9,18.0,0,0.0,7800,0,18-APR-2022,
OPTSTK,FSL,28-Apr-2022,147.5,PE,0.0,0.0,0.0,15.75,20.3,0,0.0,0,0,18-APR-2022,
OPTSTK,FSL,28-Apr-2022,150.0,PE,0.0,0.0,0.0,15.9,22.65,0,0.0,44200,0,18-APR-2022,
OPTSTK,FSL,28-Apr-2022,152.5,PE,0.0,0.0,0.0,18.45,25.05,0,0.0,0,0,18-APR-2022,
OPTSTK,FSL,28-Apr-2022,155.0,PE,0.0,0.0,0.0,19.9,27.5,0,0.0,0,0,18-APR-2022,
OPTSTK,FSL,28-Apr-2022,157.5,PE,0.0,0.0,0.0,21.4,29.95,0,0.0,0,0,18-APR-2022,
OPTSTK,FSL,28-Apr-2022,160.0,PE,0.0,0.0,0.0,22.95,32.45,0,0.0,0,0,18-APR-2022,
OPTSTK,FSL,28-Apr-2022,162.5,PE,0.0,0.0,0.0,24.5,34.9,0,0.0,0,0,18-APR-2022,
OPTSTK,FSL,28-Apr-2022,165.0,PE,0.0,0.0,0.0,36.35,37.4,0,0.0,5200,0,18-APR-2022,
OPTSTK,FSL,28-Apr-2022,167.5,PE,0.0,0.0,0.0,27.85,39.9,0,0.0,0,0,18-APR-2022,
OPTSTK,FSL,28-Apr-2022,170.0,PE,0.0,0.0,0.0,43.65,42.4,0,0.0,2600,0,18-APR-2022,
OPTSTK,FSL,28-Apr-2022,172.5,PE,0.0,0.0,0.0,31.3,44.9,0,0.0,0,0,18-APR-2022,
OPTSTK,FSL,28-Apr-2022,175.0,PE,0.0,0.0,0.0,48.45,47.4,0,0.0,2600,0,18-APR-2022,
OPTSTK,FSL,28-Apr-2022,177.5,PE,0.0,0.0,0.0,35.0,49.85,0,0.0,0,0,18-APR-2022,
OPTSTK,FSL,28-Apr-2022,180.0,PE,0.0,0.0,0.0,50.5,52.35,0,0.0,2600,0,18-APR-2022,
OPTSTK,FSL,28-Apr-2022,182.5,PE,0.0,0.0,0.0,38.8,54.85,0,0.0,0,0,18-APR-2022,
OPTSTK,FSL,28-Apr-2022,185.0,PE,0.0,0.0,0.0,40.75,57.35,0,0.0,0,0,18-APR-2022,
OPTSTK,FSL,28-Apr-2022,187.5,PE,0.0,0.0,0.0,42.7,59.85,0,0.0,0,0,18-APR-2022,
OPTSTK,FSL,28-Apr-2022,190.0,PE,0.0,0.0,0.0,60.3,62.35,0,0.0,2600,0,18-APR-2022,
OPTSTK,FSL,28-Apr-2022,192.5,PE,0.0,0.0,0.0,46.75,64.85,0,0.0,0,0,18-APR-2022,
OPTSTK,FSL,28-Apr-2022,195.0,PE,0.0,0.0,0.0,48.8,67.35,0,0.0,0,0,18-APR-2022,
OPTSTK,FSL,28-Apr-2022,197.5,PE,0.0,0.0,0.0,50.9,69.85,0,0.0,0,0,18-APR-2022,
OPTSTK,FSL,28-Apr-2022,200.0,PE,0.0,0.0,0.0,53.05,72.35,0,0.0,0,0,18-APR-2022,
OPTSTK,FSL,28-Apr-2022,202.5,PE,0.0,0.0,0.0,55.15,74.85,0,0.0,0,0,18-APR-2022,
OPTSTK,FSL,28-Apr-2022,205.0,PE,0.0,0.0,0.0,57.35,77.35,0,0.0,0,0,18-APR-2022,
OPTSTK,FSL,28-Apr-2022,207.5,PE,0.0,0.0,0.0,59.5,79.85,0,0.0,0,0,18-APR-2022,
OPTSTK,FSL,28-Apr-2022,210.0,PE,0.0,0.0,0.0,61.7,82.35,0,0.0,0,0,18-APR-2022,
OPTSTK,FSL,28-Apr-2022,212.5,PE,0.0,0.0,0.0,63.95,84.85,0,0.0,0,0,18-APR-2022,
OPTSTK,FSL,28-Apr-2022,215.0,PE,0.0,0.0,0.0,66.15,87.35,0,0.0,0,0,18-APR-2022,
OPTSTK,FSL,28-Apr-2022,217.5,PE,0.0,0.0,0.0,68.4,89.85,0,0.0,0,0,18-APR-2022,
OPTSTK,FSL,28-Apr-2022,220.0,PE,0.0,0.0,0.0,70.7,92.3,0,0.0,0,0,18-APR-2022,
OPTSTK,FSL,26-May-2022,85.0,CE,0.0,0.0,0.0,38.65,42.95,0,0.0,0,0,18-APR-2022,
OPTSTK,FSL,26-May-2022,87.5,CE,0.0,0.0,0.0,36.6,40.5,0,0.0,0,0,18-APR-2022,
OPTSTK,FSL,26-May-2022,90.0,CE,0.0,0.0,0.0,34.55,38.1,0,0.0,0,0,18-APR-2022,
OPTSTK,FSL,26-May-2022,92.5,CE,0.0,0.0,0.0,32.6,35.75,0,0.0,0,0,18-APR-2022,
OPTSTK,FSL,26-May-2022,95.0,CE,0.0,0.0,0.0,30.7,33.4,0,0.0,0,0,18-APR-2022,
OPTSTK,FSL,26-May-2022,97.5,CE,0.0,0.0,0.0,28.85,31.1,0,0.0,0,0,18-APR-2022,
OPTSTK,FSL,26-May-2022,100.0,CE,0.0,0.0,0.0,27.1,28.85,0,0.0,0,0,18-APR-2022,
OPTSTK,FSL,26-May-2022,102.5,CE,0.0,0.0,0.0,25.45,26.7,0,0.0,0,0,18-APR-2022,
OPTSTK,FSL,26-May-2022,105.0,CE,0.0,0.0,0.0,23.8,24.6,0,0.0,0,0,18-APR-2022,
OPTSTK,FSL,26-May-2022,107.5,CE,0.0,0.0,0.0,22.25,22.55,0,0.0,0,0,18-APR-2022,
OPTSTK,FSL,26-May-2022,110.0,CE,0.0,0.0,0.0,20.8,20.6,0,0.0,0,0,18-APR-2022,
OPTSTK,FSL,26-May-2022,112.5,CE,0.0,0.0,0.0,19.4,18.75,0,0.0,0,0,18-APR-2022,
OPTSTK,FSL,26-May-2022,115.0,CE,0.0,0.0,0.0,18.05,17.0,0,0.0,0,0,18-APR-2022,
OPTSTK,FSL,26-May-2022,117.5,CE,0.0,0.0,0.0,16.8,15.35,0,0.0,0,0,18-APR-2022,
OPTSTK,FSL,26-May-2022,120.0,CE,0.0,0.0,0.0,15.65,13.85,0,0.0,0,0,18-APR-2022,
OPTSTK,FSL,26-May-2022,122.5,CE,0.0,0.0,0.0,14.5,12.4,0,0.0,0,0,18-APR-2022,
OPTSTK,FSL,26-May-2022,125.0,CE,11.0,11.3,10.8,11.3,11.3,13,45.97,33800,33800,18-APR-2022,
OPTSTK,FSL,26-May-2022,127.5,CE,0.0,0.0,0.0,12.5,9.85,0,0.0,0,0,18-APR-2022,
OPTSTK,FSL,26-May-2022,130.0,CE,8.1,8.5,7.6,7.6,8.7,10,35.9,31200,13000,18-APR-2022,
OPTSTK,FSL,26-May-2022,132.5,CE,0.0,0.0,0.0,10.7,7.7,0,0.0,0,0,18-APR-2022,
OPTSTK,FSL,26-May-2022,135.0,CE,6.4,6.4,6.4,6.4,6.75,2,7.35,18200,-2600,18-APR-2022,
OPTSTK,FSL,26-May-2022,137.5,CE,0.0,0.0,0.0,9.1,5.95,0,0.0,0,0,18-APR-2022,
OPTSTK,FSL,26-May-2022,140.0,CE,4.25,5.0,3.15,3.15,3.15,6,22.48,18200,2600,18-APR-2022,
OPTSTK,FSL,26-May-2022,142.5,CE,0.0,0.0,0.0,7.75,4.5,0,0.0,0,0,18-APR-2022,
OPTSTK,FSL,26-May-2022,145.0,CE,0.0,0.0,0.0,7.15,3.95,0,0.0,0,0,18-APR-2022,
OPTSTK,FSL,26-May-2022,147.5,CE,0.0,0.0,0.0,6.6,3.4,0,0.0,0,0,18-APR-2022,
OPTSTK,FSL,26-May-2022,150.0,CE,3.0,3.0,2.15,2.15,2.15,6,23.76,23400,10400,18-APR-2022,
OPTSTK,FSL,26-May-2022,152.5,CE,0.0,0.0,0.0,5.6,2.55,0,0.0,0,0,18-APR-2022,
OPTSTK,FSL,26-May-2022,155.0,CE,0.0,0.0,0.0,5.15,2.15,0,0.0,0,0,18-APR-2022,
OPTSTK,FSL,26-May-2022,157.5,CE,0.0,0.0,0.0,4.7,1.85,0,0.0,0,0,18-APR-2022,
OPTSTK,FSL,26-May-2022,160.0,CE,0.0,0.0,0.0,4.3,1.6,0,0.0,0,0,18-APR-2022,
OPTSTK,FSL,26-May-2022,162.5,CE,0.0,0.0,0.0,3.95,1.35,0,0.0,0,0,18-APR-2022,
OPTSTK,FSL,26-May-2022,165.0,CE,0.0,0.0,0.0,3.65,1.15,0,0.0,0,0,18-APR-2022,
OPTSTK,FSL,26-May-2022,167.5,CE,0.0,0.0,0.0,3.35,1.0,0,0.0,0,0,18-APR-2022,
OPTSTK,FSL,26-May-2022,170.0,CE,0.0,0.0,0.0,3.05,0.85,0,0.0,0,0,18-APR-2022,
OPTSTK,FSL,26-May-2022,172.5,CE,0.0,0.0,0.0,2.8,0.7,0,0.0,0,0,18-APR-2022,
OPTSTK,FSL,26-May-2022,175.0,CE,0.0,0.0,0.0,2.55,0.6,0,0.0,0,0,18-APR-2022,
OPTSTK,FSL,26-May-2022,177.5,CE,0.0,0.0,0.0,2.35,0.5,0,0.0,0,0,18-APR-2022,
OPTSTK,FSL,26-May-2022,180.0,CE,0.0,0.0,0.0,2.15,0.4,0,0.0,0,0,18-APR-2022,
OPTSTK,FSL,26-May-2022,182.5,CE,0.0,0.0,0.0,1.95,0.35,0,0.0,0,0,18-APR-2022,
OPTSTK,FSL,26-May-2022,185.0,CE,0.0,0.0,0.0,1.8,0.3,0,0.0,0,0,18-APR-2022,
OPTSTK,FSL,26-May-2022,187.5,CE,0.0,0.0,0.0,1.65,0.25,0,0.0,0,0,18-APR-2022,
OPTSTK,FSL,26-May-2022,190.0,CE,0.0,0.0,0.0,1.5,0.2,0,0.0,0,0,18-APR-2022,
OPTSTK,FSL,26-May-2022,85.0,PE,0.0,0.0,0.0,1.7,0.1,0,0.0,0,0,18-APR-2022,
OPTSTK,FSL,26-May-2022,87.5,PE,0.0,0.0,0.0,2.1,0.2,0,0.0,0,0,18-APR-2022,
OPTSTK,FSL,26-May-2022,90.0,PE,0.0,0.0,0.0,2.55,0.25,0,0.0,0,0,18-APR-2022,
OPTSTK,FSL,26-May-2022,92.5,PE,0.0,0.0,0.0,3.1,0.4,0,0.0,0,0,18-APR-2022,
OPTSTK,FSL,26-May-2022,95.0,PE,0.0,0.0,0.0,3.65,0.5,0,0.0,0,0,18-APR-2022,
OPTSTK,FSL,26-May-2022,97.5,PE,0.0,0.0,0.0,4.3,0.7,0,0.0,0,0,18-APR-2022,
OPTSTK,FSL,26-May-2022,100.0,PE,0.0,0.0,0.0,5.0,0.95,0,0.0,0,0,18-APR-2022,
OPTSTK,FSL,26-May-2022,102.5,PE,0.0,0.0,0.0,5.8,1.3,0,0.0,0,0,18-APR-2022,
OPTSTK,FSL,26-May-2022,105.0,PE,0.0,0.0,0.0,6.65,1.65,0,0.0,0,0,18-APR-2022,
OPTSTK,FSL,26-May-2022,107.5,PE,0.0,0.0,0.0,7.6,2.15,0,0.0,0,0,18-APR-2022,
OPTSTK,FSL,26-May-2022,110.0,PE,0.0,0.0,0.0,1.95,2.7,0,0.0,2600,0,18-APR-2022,
OPTSTK,FSL,26-May-2022,112.5,PE,0.0,0.0,0.0,9.65,3.35,0,0.0,0,0,18-APR-2022,
OPTSTK,FSL,26-May-2022,115.0,PE,0.0,0.0,0.0,10.8,4.05,0,0.0,0,0,18-APR-2022,
OPTSTK,FSL,26-May-2022,117.5,PE,0.0,0.0,0.0,12.05,4.9,0,0.0,0,0,18-APR-2022,
OPTSTK,FSL,26-May-2022,120.0,PE,6.0,6.0,4.5,5.45,5.85,9,29.2,26000,20800,18-APR-2022,
OPTSTK,FSL,26-May-2022,122.5,PE,0.0,0.0,0.0,14.7,6.9,0,0.0,0,0,18-APR-2022,
OPTSTK,FSL,26-May-2022,125.0,PE,7.0,7.6,7.0,7.6,8.05,5,17.2,26000,13000,18-APR-2022,
OPTSTK,FSL,26-May-2022,127.5,PE,0.0,0.0,0.0,17.6,9.35,0,0.0,0,0,18-APR-2022,
OPTSTK,FSL,26-May-2022,130.0,PE,0.0,0.0,0.0,7.5,10.7,0,0.0,2600,0,18-APR-2022,
OPTSTK,FSL,26-May-2022,132.5,PE,0.0,0.0,0.0,20.75,12.15,0,0.0,0,0,18-APR-2022,
OPTSTK,FSL,26-May-2022,135.0,PE,0.0,0.0,0.0,22.4,13.75,0,0.0,0,0,18-APR-2022,
OPTSTK,FSL,26-May-2022,137.5,PE,0.0,0.0,0.0,24.15,15.4,0,0.0,0,0,18-APR-2022,
OPTSTK,FSL,26-May-2022,140.0,PE,0.0,0.0,0.0,25.9,17.1,0,0.0,0,0,18-APR-2022,
OPTSTK,FSL,26-May-2022,142.5,PE,0.0,0.0,0.0,27.7,18.95,0,0.0,0,0,18-APR-2022,
OPTSTK,FSL,26-May-2022,145.0,PE,0.0,0.0,0.0,29.6,20.85,0,0.0,0,0,18-APR-2022,
OPTSTK,FSL,26-May-2022,147.5,PE,0.0,0.0,0.0,31.5,22.8,0,0.0,0,0,18-APR-2022,
OPTSTK,FSL,26-May-2022,150.0,PE,0.0,0.0,0.0,33.45,24.8,0,0.0,0,0,18-APR-2022,
OPTSTK,FSL,26-May-2022,152.5,PE,0.0,0.0,0.0,35.45,26.9,0,0.0,0,0,18-APR-2022,
OPTSTK,FSL,26-May-2022,155.0,PE,0.0,0.0,0.0,37.45,29.05,0,0.0,0,0,18-APR-2022,
OPTSTK,FSL,26-May-2022,157.5,PE,0.0,0.0,0.0,39.5,31.2,0,0.0,0,0,18-APR-2022,
OPTSTK,FSL,26-May-2022,160.0,PE,0.0,0.0,0.0,41.6,33.45,0,0.0,0,0,18-APR-2022,
OPTSTK,FSL,26-May-2022,162.5,PE,0.0,0.0,0.0,43.7,35.7,0,0.0,0,0,18-APR-2022,
OPTSTK,FSL,26-May-2022,165.0,PE,0.0,0.0,0.0,45.85,37.95,0,0.0,0,0,18-APR-2022,
OPTSTK,FSL,26-May-2022,167.5,PE,0.0,0.0,0.0,48.05,40.3,0,0.0,0,0,18-APR-2022,
OPTSTK,FSL,26-May-2022,170.0,PE,0.0,0.0,0.0,50.2,42.65,0,0.0,0,0,18-APR-2022,
OPTSTK,FSL,26-May-2022,172.5,PE,0.0,0.0,0.0,52.45,45.0,0,0.0,0,0,18-APR-2022,
OPTSTK,FSL,26-May-2022,175.0,PE,0.0,0.0,0.0,54.7,47.35,0,0.0,0,0,18-APR-2022,
OPTSTK,FSL,26-May-2022,177.5,PE,0.0,0.0,0.0,56.95,49.75,0,0.0,0,0,18-APR-2022,
OPTSTK,FSL,26-May-2022,180.0,PE,0.0,0.0,0.0,59.2,52.2,0,0.0,0,0,18-APR-2022,
OPTSTK,FSL,26-May-2022,182.5,PE,0.0,0.0,0.0,61.5,54.6,0,0.0,0,0,18-APR-2022,
OPTSTK,FSL,26-May-2022,185.0,PE,0.0,0.0,0.0,63.8,57.05,0,0.0,0,0,18-APR-2022,
OPTSTK,FSL,26-May-2022,187.5,PE,0.0,0.0,0.0,66.15,59.5,0,0.0,0,0,18-APR-2022,
OPTSTK,FSL,26-May-2022,190.0,PE,0.0,0.0,0.0,68.45,61.9,0,0.0,0,0,18-APR-2022,
OPTSTK,FSL,30-Jun-2022,85.0,CE,0.0,0.0,0.0,42.2,43.85,0,0.0,0,0,18-APR-2022,
OPTSTK,FSL,30-Jun-2022,87.5,CE,0.0,0.0,0.0,40.05,41.55,0,0.0,0,0,18-APR-2022,
OPTSTK,FSL,30-Jun-2022,90.0,CE,0.0,0.0,0.0,37.95,39.35,0,0.0,0,0,18-APR-2022,
OPTSTK,FSL,30-Jun-2022,92.5,CE,0.0,0.0,0.0,35.9,37.15,0,0.0,0,0,18-APR-2022,
OPTSTK,FSL,30-Jun-2022,95.0,CE,0.0,0.0,0.0,33.9,35.05,0,0.0,0,0,18-APR-2022,
OPTSTK,FSL,30-Jun-2022,97.5,CE,0.0,0.0,0.0,32.0,32.95,0,0.0,0,0,18-APR-2022,
OPTSTK,FSL,30-Jun-2022,100.0,CE,0.0,0.0,0.0,30.1,30.95,0,0.0,0,0,18-APR-2022,
OPTSTK,FSL,30-Jun-2022,102.5,CE,0.0,0.0,0.0,28.3,29.0,0,0.0,0,0,18-APR-2022,
OPTSTK,FSL,30-Jun-2022,105.0,CE,0.0,0.0,0.0,26.6,27.15,0,0.0,0,0,18-APR-2022,
OPTSTK,FSL,30-Jun-2022,107.5,CE,0.0,0.0,0.0,24.95,25.35,0,0.0,0,0,18-APR-2022,
OPTSTK,FSL,30-Jun-2022,110.0,CE,0.0,0.0,0.0,23.35,23.6,0,0.0,0,0,18-APR-2022,
OPTSTK,FSL,30-Jun-2022,112.5,CE,0.0,0.0,0.0,21.85,21.95,0,0.0,0,0,18-APR-2022,
OPTSTK,FSL,30-Jun-2022,115.0,CE,0.0,0.0,0.0,20.4,20.4,0,0.0,0,0,18-APR-2022,
OPTSTK,FSL,30-Jun-2022,117.5,CE,0.0,0.0,0.0,19.0,18.9,0,0.0,0,0,18-APR-2022,
OPTSTK,FSL,30-Jun-2022,120.0,CE,0.0,0.0,0.0,17.7,17.5,0,0.0,0,0,18-APR-2022,
OPTSTK,FSL,30-Jun-2022,122.5,CE,0.0,0.0,0.0,16.5,16.2,0,0.0,0,0,18-APR-2022,
OPTSTK,FSL,30-Jun-2022,125.0,CE,0.0,0.0,0.0,15.3,14.95,0,0.0,0,0,18-APR-2022,
OPTSTK,FSL,30-Jun-2022,127.5,CE,0.0,0.0,0.0,14.25,13.75,0,0.0,0,0,18-APR-2022,
OPTSTK,FSL,30-Jun-2022,130.0,CE,0.0,0.0,0.0,13.2,12.65,0,0.0,0,0,18-APR-2022,
OPTSTK,FSL,30-Jun-2022,132.5,CE,0.0,0.0,0.0,12.25,11.6,0,0.0,0,0,18-APR-2022,
OPTSTK,FSL,30-Jun-2022,135.0,CE,0.0,0.0,0.0,11.3,10.65,0,0.0,0,0,18-APR-2022,
OPTSTK,FSL,30-Jun-2022,137.5,CE,0.0,0.0,0.0,10.45,9.75,0,0.0,0,0,18-APR-2022,
OPTSTK,FSL,30-Jun-2022,140.0,CE,0.0,0.0,0.0,9.7,8.9,0,0.0,0,0,18-APR-2022,
OPTSTK,FSL,30-Jun-2022,142.5,CE,0.0,0.0,0.0,8.95,8.15,0,0.0,0,0,18-APR-2022,
OPTSTK,FSL,30-Jun-2022,145.0,CE,0.0,0.0,0.0,8.25,7.45,0,0.0,0,0,18-APR-2022,
OPTSTK,FSL,30-Jun-2022,147.5,CE,0.0,0.0,0.0,7.6,6.75,0,0.0,0,0,18-APR-2022,
OPTSTK,FSL,30-Jun-2022,150.0,CE,0.0,0.0,0.0,7.0,6.15,0,0.0,0,0,18-APR-2022,
OPTSTK,FSL,30-Jun-2022,152.5,CE,0.0,0.0,0.0,6.45,5.6,0,0.0,0,0,18-APR-2022,
OPTSTK,FSL,30-Jun-2022,155.0,CE,0.0,0.0,0.0,5.95,5.1,0,0.0,0,0,18-APR-2022,
OPTSTK,FSL,30-Jun-2022,157.5,CE,0.0,0.0,0.0,5.45,4.65,0,0.0,0,0,18-APR-2022,
OPTSTK,FSL,30-Jun-2022,160.0,CE,0.0,0.0,0.0,5.0,4.2,0,0.0,0,0,18-APR-2022,
OPTSTK,FSL,30-Jun-2022,162.5,CE,0.0,0.0,0.0,4.6,3.8,0,0.0,0,0,18-APR-2022,
OPTSTK,FSL,30-Jun-2022,165.0,CE,0.0,0.0,0.0,4.25,3.45,0,0.0,0,0,18-APR-2022,
OPTSTK,FSL,30-Jun-2022,167.5,CE,0.0,0.0,0.0,3.9,3.1,0,0.0,0,0,18-APR-2022,
OPTSTK,FSL,30-Jun-2022,170.0,CE,0.0,0.0,0.0,3.55,2.8,0,0.0,0,0,18-APR-2022,
OPTSTK,FSL,30-Jun-2022,172.5,CE,0.0,0.0,0.0,3.25,2.55,0,0.0,0,0,18-APR-2022,
OPTSTK,FSL,30-Jun-2022,175.0,CE,0.0,0.0,0.0,3.0,2.3,0,0.0,0,0,18-APR-2022,
OPTSTK,FSL,30-Jun-2022,85.0,PE,0.0,0.0,0.0,1.3,0.7,0,0.0,0,0,18-APR-2022,
OPTSTK,FSL,30-Jun-2022,87.5,PE,0.0,0.0,0.0,1.6,0.9,0,0.0,0,0,18-APR-2022,
OPTSTK,FSL,30-Jun-2022,90.0,PE,0.0,0.0,0.0,1.95,1.15,0,0.0,0,0,18-APR-2022,
OPTSTK,FSL,30-Jun-2022,92.5,PE,0.0,0.0,0.0,2.4,1.4,0,0.0,0,0,18-APR-2022,
OPTSTK,FSL,30-Jun-2022,95.0,PE,0.0,0.0,0.0,2.85,1.75,0,0.0,0,0,18-APR-2022,
OPTSTK,FSL,30-Jun-2022,97.5,PE,0.0,0.0,0.0,3.4,2.2,0,0.0,0,0,18-APR-2022,
OPTSTK,FSL,30-Jun-2022,100.0,PE,0.0,0.0,0.0,4.0,2.65,0,0.0,0,0,18-APR-2022,
OPTSTK,FSL,30-Jun-2022,102.5,PE,0.0,0.0,0.0,4.7,3.2,0,0.0,0,0,18-APR-2022,
OPTSTK,FSL,30-Jun-2022,105.0,PE,0.0,0.0,0.0,5.45,3.8,0,0.0,0,0,18-APR-2022,
OPTSTK,FSL,30-Jun-2022,107.5,PE,0.0,0.0,0.0,6.25,4.5,0,0.0,0,0,18-APR-2022,
OPTSTK,FSL,30-Jun-2022,110.0,PE,0.0,0.0,0.0,7.15,5.25,0,0.0,0,0,18-APR-2022,
OPTSTK,FSL,30-Jun-2022,112.5,PE,0.0,0.0,0.0,8.1,6.05,0,0.0,0,0,18-APR-2022,
OPTSTK,FSL,30-Jun-2022,115.0,PE,0.0,0.0,0.0,9.15,7.0,0,0.0,0,0,18-APR-2022,
OPTSTK,FSL,30-Jun-2022,117.5,PE,0.0,0.0,0.0,10.25,8.0,0,0.0,0,0,18-APR-2022,
OPTSTK,FSL,30-Jun-2022,120.0,PE,0.0,0.0,0.0,11.4,9.05,0,0.0,0,0,18-APR-2022,
OPTSTK,FSL,30-Jun-2022,122.5,PE,0.0,0.0,0.0,12.65,10.2,0,0.0,0,0,18-APR-2022,
OPTSTK,FSL,30-Jun-2022,125.0,PE,0.0,0.0,0.0,13.95,11.4,0,0.0,0,0,18-APR-2022,
OPTSTK,FSL,30-Jun-2022,127.5,PE,0.0,0.0,0.0,15.35,12.7,0,0.0,0,0,18-APR-2022,
OPTSTK,FSL,30-Jun-2022,130.0,PE,0.0,0.0,0.0,16.8,14.1,0,0.0,0,0,18-APR-2022,
OPTSTK,FSL,30-Jun-2022,132.5,PE,0.0,0.0,0.0,18.3,15.55,0,0.0,0,0,18-APR-2022,
OPTSTK,FSL,30-Jun-2022,135.0,PE,0.0,0.0,0.0,19.85,17.05,0,0.0,0,0,18-APR-2022,
OPTSTK,FSL,30-Jun-2022,137.5,PE,0.0,0.0,0.0,21.5,18.65,0,0.0,0,0,18-APR-2022,
OPTSTK,FSL,30-Jun-2022,140.0,PE,0.0,0.0,0.0,23.15,20.3,0,0.0,0,0,18-APR-2022,
OPTSTK,FSL,30-Jun-2022,142.5,PE,0.0,0.0,0.0,24.9,22.0,0,0.0,0,0,18-APR-2022,
OPTSTK,FSL,30-Jun-2022,145.0,PE,0.0,0.0,0.0,26.65,23.75,0,0.0,0,0,18-APR-2022,
OPTSTK,FSL,30-Jun-2022,147.5,PE,0.0,0.0,0.0,28.5,25.55,0,0.0,0,0,18-APR-2022,
OPTSTK,FSL,30-Jun-2022,150.0,PE,0.0,0.0,0.0,30.4,27.45,0,0.0,0,0,18-APR-2022,
OPTSTK,FSL,30-Jun-2022,152.5,PE,0.0,0.0,0.0,32.3,29.35,0,0.0,0,0,18-APR-2022,
OPTSTK,FSL,30-Jun-2022,155.0,PE,0.0,0.0,0.0,34.25,31.35,0,0.0,0,0,18-APR-2022,
OPTSTK,FSL,30-Jun-2022,157.5,PE,0.0,0.0,0.0,36.25,33.35,0,0.0,0,0,18-APR-2022,
OPTSTK,FSL,30-Jun-2022,160.0,PE,0.0,0.0,0.0,38.3,35.4,0,0.0,0,0,18-APR-2022,
OPTSTK,FSL,30-Jun-2022,162.5,PE,0.0,0.0,0.0,40.35,37.45,0,0.0,0,0,18-APR-2022,
OPTSTK,FSL,30-Jun-2022,165.0,PE,0.0,0.0,0.0,42.45,39.6,0,0.0,0,0,18-APR-2022,
OPTSTK,FSL,30-Jun-2022,167.5,PE,0.0,0.0,0.0,44.55,41.75,0,0.0,0,0,18-APR-2022,
OPTSTK,FSL,30-Jun-2022,170.0,PE,0.0,0.0,0.0,46.7,43.9,0,0.0,0,0,18-APR-2022,
OPTSTK,FSL,30-Jun-2022,172.5,PE,0.0,0.0,0.0,48.9,46.15,0,0.0,0,0,18-APR-2022,
OPTSTK,FSL,30-Jun-2022,175.0,PE,0.0,0.0,0.0,51.1,48.35,0,0.0,0,0,18-APR-2022,
OPTSTK,GAIL,28-Apr-2022,92.5,CE,0.0,0.0,0.0,49.9,75.55,0,0.0,0,0,18-APR-2022,
OPTSTK,GAIL,28-Apr-2022,95.0,CE,0.0,0.0,0.0,47.5,73.1,0,0.0,0,0,18-APR-2022,
OPTSTK,GAIL,28-Apr-2022,97.5,CE,0.0,0.0,0.0,45.1,70.6,0,0.0,0,0,18-APR-2022,
OPTSTK,GAIL,28-Apr-2022,100.0,CE,0.0,0.0,0.0,42.75,68.1,0,0.0,0,0,18-APR-2022,
OPTSTK,GAIL,28-Apr-2022,102.5,CE,0.0,0.0,0.0,40.4,65.6,0,0.0,0,0,18-APR-2022,
OPTSTK,GAIL,28-Apr-2022,105.0,CE,0.0,0.0,0.0,38.1,63.1,0,0.0,0,0,18-APR-2022,
OPTSTK,GAIL,28-Apr-2022,107.5,CE,0.0,0.0,0.0,35.85,60.6,0,0.0,0,0,18-APR-2022,
OPTSTK,GAIL,28-Apr-2022,110.0,CE,0.0,0.0,0.0,33.6,58.1,0,0.0,0,0,18-APR-2022,
OPTSTK,GAIL,28-Apr-2022,112.5,CE,0.0,0.0,0.0,31.45,55.6,0,0.0,0,0,18-APR-2022,
OPTSTK,GAIL,28-Apr-2022,115.0,CE,0.0,0.0,0.0,29.35,53.1,0,0.0,0,0,18-APR-2022,
OPTSTK,GAIL,28-Apr-2022,117.5,CE,0.0,0.0,0.0,27.35,50.6,0,0.0,0,0,18-APR-2022,
OPTSTK,GAIL,28-Apr-2022,120.0,CE,0.0,0.0,0.0,25.35,48.1,0,0.0,0,0,18-APR-2022,
OPTSTK,GAIL,28-Apr-2022,122.5,CE,0.0,0.0,0.0,23.5,45.6,0,0.0,0,0,18-APR-2022,
OPTSTK,GAIL,28-Apr-2022,125.0,CE,0.0,0.0,0.0,21.7,43.1,0,0.0,0,0,18-APR-2022,
OPTSTK,GAIL,28-Apr-2022,127.5,CE,0.0,0.0,0.0,19.95,40.6,0,0.0,0,0,18-APR-2022,
OPTSTK,GAIL,28-Apr-2022,130.0,CE,0.0,0.0,0.0,32.65,38.1,0,0.0,18300,0,18-APR-2022,
OPTSTK,GAIL,28-Apr-2022,132.5,CE,0.0,0.0,0.0,16.8,35.6,0,0.0,0,0,18-APR-2022,
OPTSTK,GAIL,28-Apr-2022,135.0,CE,0.0,0.0,0.0,15.3,33.1,0,0.0,0,0,18-APR-2022,
OPTSTK,GAIL,28-Apr-2022,137.5,CE,0.0,0.0,0.0,13.95,30.65,0,0.0,0,0,18-APR-2022,
OPTSTK,GAIL,28-Apr-2022,140.0,CE,28.0,28.0,28.0,28.0,28.15,1,10.24,158600,-6100,18-APR-2022,
OPTSTK,GAIL,28-Apr-2022,142.5,CE,0.0,0.0,0.0,10.15,25.65,0,0.0,6100,0,18-APR-2022,
OPTSTK,GAIL,28-Apr-2022,145.0,CE,24.9,24.9,23.7,23.7,23.2,5,51.69,408700,0,18-APR-2022,
OPTSTK,GAIL,28-Apr-2022,147.5,CE,0.0,0.0,0.0,9.35,20.75,0,0.0,0,0,18-APR-2022,
OPTSTK,GAIL,28-Apr-2022,150.0,CE,20.15,20.15,18.0,18.5,18.5,3,30.9,579500,-6100,18-APR-2022,
OPTSTK,GAIL,28-Apr-2022,152.5,CE,0.0,0.0,0.0,16.1,16.05,0,0.0,176900,0,18-APR-2022,
OPTSTK,GAIL,28-Apr-2022,155.0,CE,13.9,15.0,13.5,13.5,13.5,11,113.53,860100,-18300,18-APR-2022,
OPTSTK,GAIL,28-Apr-2022,157.5,CE,11.0,11.0,11.0,11.0,11.7,1,10.27,231800,0,18-APR-2022,
OPTSTK,GAIL,28-Apr-2022,160.0,CE,9.5,11.25,8.3,9.2,9.2,195,2019.43,5471700,-103700,18-APR-2022,
OPTSTK,GAIL,28-Apr-2022,162.5,CE,7.75,9.3,7.05,7.55,7.55,36,374.46,433100,-12200,18-APR-2022,
OPTSTK,GAIL,28-Apr-2022,165.0,CE,6.0,7.8,5.55,6.05,6.05,683,7146.97,3123200,-231800,18-APR-2022,
OPTSTK,GAIL,28-Apr-2022,167.5,CE,5.2,6.4,4.45,4.8,4.8,455,4793.77,1006500,73200,18-APR-2022,
OPTSTK,GAIL,28-Apr-2022,170.0,CE,4.25,5.2,3.4,3.75,3.75,3546,37698.68,8131300,-353800,18-APR-2022,
OPTSTK,GAIL,28-Apr-2022,172.5,CE,3.05,4.1,2.7,2.9,2.9,381,4086.69,1000400,201300,18-APR-2022,
OPTSTK,GAIL,28-Apr-2022,175.0,CE,2.0,3.2,2.0,2.15,2.15,1414,15315.57,3849100,91500,18-APR-2022,
OPTSTK,GAIL,28-Apr-2022,177.5,CE,2.05,2.45,1.6,1.65,1.65,129,1412.13,402600,152500,18-APR-2022,
OPTSTK,GAIL,28-Apr-2022,180.0,CE,1.4,1.95,1.15,1.3,1.3,1783,19743.61,6527000,1360300,18-APR-2022,
OPTSTK,GAIL,28-Apr-2022,182.5,CE,1.25,1.5,0.8,1.1,1.1,43,481.83,237900,18300,18-APR-2022,
OPTSTK,GAIL,28-Apr-2022,185.0,CE,0.8,1.2,0.75,0.95,0.95,881,9996.53,2189900,957700,18-APR-2022,
OPTSTK,GAIL,28-Apr-2022,187.5,CE,0.75,1.0,0.7,0.75,0.35,42,482.58,213500,67100,18-APR-2022,
OPTSTK,GAIL,28-Apr-2022,190.0,CE,0.6,0.85,0.45,0.7,0.7,1271,14785.7,3330600,1360300,18-APR-2022,
OPTSTK,GAIL,28-Apr-2022,192.5,CE,0.35,0.65,0.35,0.6,0.15,38,447.53,414800,54900,18-APR-2022,
OPTSTK,GAIL,28-Apr-2022,195.0,CE,0.35,0.55,0.3,0.5,0.5,177,2110.48,542900,262300,18-APR-2022,
OPTSTK,GAIL,28-Apr-2022,197.5,CE,0.25,0.55,0.25,0.35,0.35,49,591.47,213500,158600,18-APR-2022,
OPTSTK,GAIL,28-Apr-2022,92.5,PE,0.0,0.0,0.0,0.1,0.0,0,0.0,18300,0,18-APR-2022,
OPTSTK,GAIL,28-Apr-2022,95.0,PE,0.0,0.0,0.0,0.2,0.0,0,0.0,0,0,18-APR-2022,
OPTSTK,GAIL,28-Apr-2022,97.5,PE,0.0,0.0,0.0,0.1,0.0,0,0.0,12200,0,18-APR-2022,
OPTSTK,GAIL,28-Apr-2022,100.0,PE,0.0,0.0,0.0,0.4,0.0,0,0.0,0,0,18-APR-2022,
OPTSTK,GAIL,28-Apr-2022,102.5,PE,0.3,0.3,0.05,0.05,0.0,3,18.78,0,0,18-APR-2022,
OPTSTK,GAIL,28-Apr-2022,105.0,PE,0.0,0.0,0.0,0.1,0.0,0,0.0,0,0,18-APR-2022,
OPTSTK,GAIL,28-Apr-2022,107.5,PE,0.0,0.0,0.0,0.45,0.0,0,0.0,0,0,18-APR-2022,
OPTSTK,GAIL,28-Apr-2022,110.0,PE,0.0,0.0,0.0,0.1,0.0,0,0.0,12200,0,18-APR-2022,
OPTSTK,GAIL,28-Apr-2022,112.5,PE,0.0,0.0,0.0,1.5,0.0,0,0.0,0,0,18-APR-2022,
OPTSTK,GAIL,28-Apr-2022,115.0,PE,0.0,0.0,0.0,1.85,0.0,0,0.0,0,0,18-APR-2022,
OPTSTK,GAIL,28-Apr-2022,117.5,PE,0.0,0.0,0.0,2.3,0.0,0,0.0,0,0,18-APR-2022,
OPTSTK,GAIL,28-Apr-2022,120.0,PE,0.15,0.15,0.1,0.1,0.0,2,14.65,79300,0,18-APR-2022,
OPTSTK,GAIL,28-Apr-2022,122.5,PE,0.0,0.0,0.0,0.1,0.0,0,0.0,0,0,18-APR-2022,
OPTSTK,GAIL,28-Apr-2022,125.0,PE,0.0,0.0,0.0,0.1,0.0,0,0.0,30500,0,18-APR-2022,
OPTSTK,GAIL,28-Apr-2022,127.5,PE,0.0,0.0,0.0,0.5,0.0,0,0.0,6100,0,18-APR-2022,
OPTSTK,GAIL,28-Apr-2022,130.0,PE,0.1,0.15,0.1,0.15,0.15,54,428.7,1024800,-122000,18-APR-2022,
OPTSTK,GAIL,28-Apr-2022,132.5,PE,0.0,0.0,0.0,6.6,0.0,0,0.0,0,0,18-APR-2022,
OPTSTK,GAIL,28-Apr-2022,135.0,PE,0.15,0.2,0.1,0.15,0.15,58,478.03,445300,-152500,18-APR-2022,
OPTSTK,GAIL,28-Apr-2022,137.5,PE,0.0,0.0,0.0,1.25,0.05,0,0.0,0,0,18-APR-2022,
OPTSTK,GAIL,28-Apr-2022,140.0,PE,0.25,0.25,0.1,0.2,0.2,112,957.56,1586000,-164700,18-APR-2022,
OPTSTK,GAIL,28-Apr-2022,142.5,PE,0.2,0.25,0.2,0.25,0.25,7,60.95,256200,6100,18-APR-2022,
OPTSTK,GAIL,28-Apr-2022,145.0,PE,0.3,0.3,0.2,0.25,0.25,108,956.9,1354200,-158600,18-APR-2022,
OPTSTK,GAIL,28-Apr-2022,147.5,PE,0.3,0.35,0.3,0.3,0.3,51,459.89,445300,54900,18-APR-2022,
OPTSTK,GAIL,28-Apr-2022,150.0,PE,0.45,0.5,0.35,0.4,0.4,259,2376.25,2519300,-329400,18-APR-2022,
OPTSTK,GAIL,28-Apr-2022,152.5,PE,0.7,0.7,0.45,0.55,0.55,64,597.38,603900,-61000,18-APR-2022,
OPTSTK,GAIL,28-Apr-2022,155.0,PE,0.65,0.75,0.5,0.7,0.7,535,5078.99,2433900,-469700,18-APR-2022,
OPTSTK,GAIL,28-Apr-2022,157.5,PE,0.85,1.0,0.65,0.95,0.95,127,1226.7,646600,317200,18-APR-2022,
OPTSTK,GAIL,28-Apr-2022,160.0,PE,1.05,1.5,0.9,1.3,1.3,721,7087.86,3068300,103700,18-APR-2022,
OPTSTK,GAIL,28-Apr-2022,162.5,PE,2.2,2.2,1.55,1.95,1.95,61,611.55,695400,97600,18-APR-2022,
OPTSTK,GAIL,28-Apr-2022,165.0,PE,3.05,3.5,2.25,3.05,3.05,439,4495.66,1037000,-79300,18-APR-2022,
OPTSTK,GAIL,28-Apr-2022,167.5,PE,4.4,4.6,3.4,4.25,4.25,190,1988.13,396500,61000,18-APR-2022,
OPTSTK,GAIL,28-Apr-2022,170.0,PE,5.35,6.35,4.75,5.6,5.6,342,3660.36,969900,158600,18-APR-2022,
OPTSTK,GAIL,28-Apr-2022,172.5,PE,7.6,7.6,6.4,7.55,7.2,12,131.44,24400,12200,18-APR-2022,
OPTSTK,GAIL,28-Apr-2022,175.0,PE,8.5,9.0,8.5,9.0,9.0,2,22.41,12200,12200,18-APR-2022,
OPTSTK,GAIL,28-Apr-2022,177.5,PE,11.5,11.8,10.45,10.85,10.85,6,69.01,36600,18300,18-APR-2022,
OPTSTK,GAIL,28-Apr-2022,180.0,PE,12.15,13.5,12.15,13.05,13.05,6,70.6,42700,30500,18-APR-2022,
OPTSTK,GAIL,28-Apr-2022,182.5,PE,0.0,0.0,0.0,41.05,15.05,0,0.0,0,0,18-APR-2022,
OPTSTK,GAIL,28-Apr-2022,185.0,PE,0.0,0.0,0.0,43.3,17.35,0,0.0,0,0,18-APR-2022,
OPTSTK,GAIL,28-Apr-2022,187.5,PE,0.0,0.0,0.0,45.6,19.65,0,0.0,0,0,18-APR-2022,
OPTSTK,GAIL,28-Apr-2022,190.0,PE,0.0,0.0,0.0,47.9,22.05,0,0.0,0,0,18-APR-2022,
OPTSTK,GAIL,28-Apr-2022,192.5,PE,0.0,0.0,0.0,50.2,24.45,0,0.0,0,0,18-APR-2022,
OPTSTK,GAIL,28-Apr-2022,195.0,PE,0.0,0.0,0.0,52.55,26.9,0,0.0,0,0,18-APR-2022,
OPTSTK,GAIL,28-Apr-2022,197.5,PE,0.0,0.0,0.0,54.9,29.4,0,0.0,0,0,18-APR-2022,
OPTSTK,GAIL,26-May-2022,92.5,CE,0.0,0.0,0.0,38.55,75.9,0,0.0,0,0,18-APR-2022,
OPTSTK,GAIL,26-May-2022,95.0,CE,0.0,0.0,0.0,36.25,73.4,0,0.0,0,0,18-APR-2022,
OPTSTK,GAIL,26-May-2022,97.5,CE,0.0,0.0,0.0,33.95,70.9,0,0.0,0,0,18-APR-2022,
OPTSTK,GAIL,26-May-2022,100.0,CE,0.0,0.0,0.0,31.7,68.4,0,0.0,0,0,18-APR-2022,
OPTSTK,GAIL,26-May-2022,102.5,CE,0.0,0.0,0.0,29.5,65.9,0,0.0,0,0,18-APR-2022,
OPTSTK,GAIL,26-May-2022,105.0,CE,0.0,0.0,0.0,27.35,63.45,0,0.0,0,0,18-APR-2022,
OPTSTK,GAIL,26-May-2022,107.5,CE,0.0,0.0,0.0,25.3,60.95,0,0.0,0,0,18-APR-2022,
OPTSTK,GAIL,26-May-2022,110.0,CE,0.0,0.0,0.0,23.35,58.45,0,0.0,0,0,18-APR-2022,
OPTSTK,GAIL,26-May-2022,112.5,CE,0.0,0.0,0.0,21.4,55.95,0,0.0,0,0,18-APR-2022,
OPTSTK,GAIL,26-May-2022,115.0,CE,0.0,0.0,0.0,19.6,53.5,0,0.0,0,0,18-APR-2022,
OPTSTK,GAIL,26-May-2022,117.5,CE,0.0,0.0,0.0,17.9,51.0,0,0.0,0,0,18-APR-2022,
OPTSTK,GAIL,26-May-2022,120.0,CE,0.0,0.0,0.0,16.25,48.55,0,0.0,0,0,18-APR-2022,
OPTSTK,GAIL,26-May-2022,122.5,CE,0.0,0.0,0.0,14.75,46.05,0,0.0,0,0,18-APR-2022,
OPTSTK,GAIL,26-May-2022,125.0,CE,0.0,0.0,0.0,13.3,43.6,0,0.0,0,0,18-APR-2022,
OPTSTK,GAIL,26-May-2022,127.5,CE,0.0,0.0,0.0,12.0,41.15,0,0.0,0,0,18-APR-2022,
OPTSTK,GAIL,26-May-2022,130.0,CE,0.0,0.0,0.0,10.75,38.75,0,0.0,0,0,18-APR-2022,
OPTSTK,GAIL,26-May-2022,132.5,CE,0.0,0.0,0.0,9.6,36.35,0,0.0,0,0,18-APR-2022,
OPTSTK,GAIL,26-May-2022,135.0,CE,0.0,0.0,0.0,8.55,34.0,0,0.0,0,0,18-APR-2022,
OPTSTK,GAIL,26-May-2022,137.5,CE,0.0,0.0,0.0,7.6,31.65,0,0.0,0,0,18-APR-2022,
OPTSTK,GAIL,26-May-2022,140.0,CE,0.0,0.0,0.0,6.75,29.4,0,0.0,0,0,18-APR-2022,
OPTSTK,GAIL,26-May-2022,142.5,CE,0.0,0.0,0.0,5.95,27.15,0,0.0,0,0,18-APR-2022,
OPTSTK,GAIL,26-May-2022,145.0,CE,0.0,0.0,0.0,5.25,25.0,0,0.0,0,0,18-APR-2022,
OPTSTK,GAIL,26-May-2022,147.5,CE,0.0,0.0,0.0,4.65,22.9,0,0.0,0,0,18-APR-2022,
OPTSTK,GAIL,26-May-2022,150.0,CE,0.0,0.0,0.0,21.3,20.9,0,0.0,0,0,18-APR-2022,
OPTSTK,GAIL,26-May-2022,152.5,CE,0.0,0.0,0.0,3.55,19.0,0,0.0,0,0,18-APR-2022,
OPTSTK,GAIL,26-May-2022,155.0,CE,0.0,0.0,0.0,3.1,17.2,0,0.0,0,0,18-APR-2022,
OPTSTK,GAIL,26-May-2022,157.5,CE,0.0,0.0,0.0,2.7,15.45,0,0.0,0,0,18-APR-2022,
OPTSTK,GAIL,26-May-2022,160.0,CE,15.0,15.0,15.0,15.0,13.85,1,10.67,67100,6100,18-APR-2022,
OPTSTK,GAIL,26-May-2022,162.5,CE,0.0,0.0,0.0,10.5,12.35,0,0.0,6100,0,18-APR-2022,
OPTSTK,GAIL,26-May-2022,165.0,CE,11.0,11.0,10.35,10.35,10.95,2,21.43,54900,0,18-APR-2022,
OPTSTK,GAIL,26-May-2022,167.5,CE,0.0,0.0,0.0,1.5,9.65,0,0.0,0,0,18-APR-2022,
OPTSTK,GAIL,26-May-2022,170.0,CE,8.0,8.5,7.25,7.45,7.45,89,964.29,506300,335500,18-APR-2022,
OPTSTK,GAIL,26-May-2022,172.5,CE,0.0,0.0,0.0,1.15,7.4,0,0.0,0,0,18-APR-2022,
OPTSTK,GAIL,26-May-2022,175.0,CE,5.35,6.0,5.25,5.55,5.55,10,110.16,30500,30500,18-APR-2022,
OPTSTK,GAIL,26-May-2022,177.5,CE,6.0,6.0,6.0,6.0,5.6,1,11.19,6100,6100,18-APR-2022,
OPTSTK,GAIL,26-May-2022,180.0,CE,4.15,4.7,4.0,4.15,4.15,49,550.93,183000,97600,18-APR-2022,
OPTSTK,GAIL,26-May-2022,182.5,CE,0.0,0.0,0.0,0.6,4.1,0,0.0,0,0,18-APR-2022,
OPTSTK,GAIL,26-May-2022,185.0,CE,0.0,0.0,0.0,0.5,3.55,0,0.0,0,0,18-APR-2022,
OPTSTK,GAIL,26-May-2022,187.5,CE,0.0,0.0,0.0,0.75,3.0,0,0.0,0,0,18-APR-2022,
OPTSTK,GAIL,26-May-2022,190.0,CE,2.45,2.7,2.2,2.4,2.4,15,176.09,91500,73200,18-APR-2022,
OPTSTK,GAIL,26-May-2022,192.5,CE,0.0,0.0,0.0,1.25,2.15,0,0.0,0,0,18-APR-2022,
OPTSTK,GAIL,26-May-2022,195.0,CE,0.0,0.0,0.0,1.1,1.8,0,0.0,0,0,18-APR-2022,
OPTSTK,GAIL,26-May-2022,197.5,CE,0.0,0.0,0.0,0.95,1.5,0,0.0,0,0,18-APR-2022,
OPTSTK,GAIL,26-May-2022,92.5,PE,0.0,0.0,0.0,0.35,0.0,0,0.0,0,0,18-APR-2022,
OPTSTK,GAIL,26-May-2022,95.0,PE,0.0,0.0,0.0,0.5,0.0,0,0.0,0,0,18-APR-2022,
OPTSTK,GAIL,26-May-2022,97.5,PE,0.0,0.0,0.0,0.65,0.0,0,0.0,0,0,18-APR-2022,
OPTSTK,GAIL,26-May-2022,100.0,PE,0.0,0.0,0.0,0.9,0.0,0,0.0,0,0,18-APR-2022,
OPTSTK,GAIL,26-May-2022,102.5,PE,0.0,0.0,0.0,1.2,0.0,0,0.0,0,0,18-APR-2022,
OPTSTK,GAIL,26-May-2022,105.0,PE,0.0,0.0,0.0,1.5,0.0,0,0.0,0,0,18-APR-2022,
OPTSTK,GAIL,26-May-2022,107.5,PE,0.0,0.0,0.0,1.95,0.0,0,0.0,0,0,18-APR-2022,
OPTSTK,GAIL,26-May-2022,110.0,PE,0.0,0.0,0.0,2.4,0.0,0,0.0,0,0,18-APR-2022,
OPTSTK,GAIL,26-May-2022,112.5,PE,0.0,0.0,0.0,3.0,0.05,0,0.0,0,0,18-APR-2022,
OPTSTK,GAIL,26-May-2022,115.0,PE,0.0,0.0,0.0,3.65,0.05,0,0.0,0,0,18-APR-2022,
OPTSTK,GAIL,26-May-2022,117.5,PE,0.0,0.0,0.0,4.4,0.05,0,0.0,0,0,18-APR-2022,
OPTSTK,GAIL,26-May-2022,120.0,PE,0.0,0.0,0.0,5.25,0.05,0,0.0,0,0,18-APR-2022,
OPTSTK,GAIL,26-May-2022,122.5,PE,0.0,0.0,0.0,6.2,0.1,0,0.0,0,0,18-APR-2022,
OPTSTK,GAIL,26-May-2022,125.0,PE,0.0,0.0,0.0,7.25,0.1,0,0.0,0,0,18-APR-2022,
OPTSTK,GAIL,26-May-2022,127.5,PE,0.0,0.0,0.0,8.4,0.15,0,0.0,0,0,18-APR-2022,
OPTSTK,GAIL,26-May-2022,130.0,PE,0.0,0.0,0.0,0.95,0.25,0,0.0,6100,0,18-APR-2022,
OPTSTK,GAIL,26-May-2022,132.5,PE,0.0,0.0,0.0,2.0,0.3,0,0.0,0,0,18-APR-2022,
OPTSTK,GAIL,26-May-2022,135.0,PE,0.0,0.0,0.0,12.4,0.45,0,0.0,0,0,18-APR-2022,
OPTSTK,GAIL,26-May-2022,137.5,PE,0.0,0.0,0.0,13.95,0.6,0,0.0,0,0,18-APR-2022,
OPTSTK,GAIL,26-May-2022,140.0,PE,0.0,0.0,0.0,15.55,0.8,0,0.0,0,0,18-APR-2022,
OPTSTK,GAIL,26-May-2022,142.5,PE,0.0,0.0,0.0,17.25,1.1,0,0.0,0,0,18-APR-2022,
OPTSTK,GAIL,26-May-2022,145.0,PE,0.0,0.0,0.0,19.0,1.4,0,0.0,0,0,18-APR-2022,
OPTSTK,GAIL,26-May-2022,147.5,PE,0.0,0.0,0.0,20.85,1.8,0,0.0,0,0,18-APR-2022,
OPTSTK,GAIL,26-May-2022,150.0,PE,1.85,1.95,1.8,1.95,1.95,5,46.32,36600,12200,18-APR-2022,
OPTSTK,GAIL,26-May-2022,152.5,PE,0.0,0.0,0.0,24.7,2.85,0,0.0,0,0,18-APR-2022,
OPTSTK,GAIL,26-May-2022,155.0,PE,0.0,0.0,0.0,26.75,3.55,0,0.0,0,0,18-APR-2022,
OPTSTK,GAIL,26-May-2022,157.5,PE,0.0,0.0,0.0,3.5,4.3,0,0.0,6100,0,18-APR-2022,
OPTSTK,GAIL,26-May-2022,160.0,PE,5.2,5.2,4.15,4.2,4.2,10,100.32,189100,54900,18-APR-2022,
OPTSTK,GAIL,26-May-2022,162.5,PE,0.0,0.0,0.0,33.1,6.15,0,0.0,0,0,18-APR-2022,
OPTSTK,GAIL,26-May-2022,165.0,PE,0.0,0.0,0.0,35.3,7.25,0,0.0,0,0,18-APR-2022,
OPTSTK,GAIL,26-May-2022,167.5,PE,0.0,0.0,0.0,37.5,8.45,0,0.0,0,0,18-APR-2022,
OPTSTK,GAIL,26-May-2022,170.0,PE,9.1,9.1,8.1,8.1,9.75,2,21.78,30500,6100,18-APR-2022,
OPTSTK,GAIL,26-May-2022,172.5,PE,0.0,0.0,0.0,42.05,11.2,0,0.0,0,0,18-APR-2022,
OPTSTK,GAIL,26-May-2022,175.0,PE,0.0,0.0,0.0,44.4,12.7,0,0.0,0,0,18-APR-2022,
OPTSTK,GAIL,26-May-2022,177.5,PE,0.0,0.0,0.0,46.7,14.35,0,0.0,0,0,18-APR-2022,
OPTSTK,GAIL,26-May-2022,180.0,PE,0.0,0.0,0.0,49.1,16.05,0,0.0,0,0,18-APR-2022,
OPTSTK,GAIL,26-May-2022,182.5,PE,0.0,0.0,0.0,51.45,17.85,0,0.0,0,0,18-APR-2022,
OPTSTK,GAIL,26-May-2022,185.0,PE,0.0,0.0,0.0,53.85,19.75,0,0.0,0,0,18-APR-2022,
OPTSTK,GAIL,26-May-2022,187.5,PE,0.0,0.0,0.0,51.55,21.7,0,0.0,0,0,18-APR-2022,
OPTSTK,GAIL,26-May-2022,190.0,PE,0.0,0.0,0.0,53.9,23.75,0,0.0,0,0,18-APR-2022,
OPTSTK,GAIL,26-May-2022,192.5,PE,0.0,0.0,0.0,47.0,25.85,0,0.0,0,0,18-APR-2022,
OPTSTK,GAIL,26-May-2022,195.0,PE,0.0,0.0,0.0,49.3,28.0,0,0.0,0,0,18-APR-2022,
OPTSTK,GAIL,26-May-2022,197.5,PE,0.0,0.0,0.0,51.65,30.2,0,0.0,0,0,18-APR-2022,
OPTSTK,GAIL,30-Jun-2022,95.0,CE,0.0,0.0,0.0,61.75,73.8,0,0.0,0,0,18-APR-2022,
OPTSTK,GAIL,30-Jun-2022,97.5,CE,0.0,0.0,0.0,59.3,71.3,0,0.0,0,0,18-APR-2022,
OPTSTK,GAIL,30-Jun-2022,100.0,CE,0.0,0.0,0.0,56.9,68.85,0,0.0,0,0,18-APR-2022,
OPTSTK,GAIL,30-Jun-2022,102.5,CE,0.0,0.0,0.0,54.45,66.35,0,0.0,0,0,18-APR-2022,
OPTSTK,GAIL,30-Jun-2022,105.0,CE,0.0,0.0,0.0,52.05,63.9,0,0.0,0,0,18-APR-2022,
OPTSTK,GAIL,30-Jun-2022,107.5,CE,0.0,0.0,0.0,49.7,61.45,0,0.0,0,0,18-APR-2022,
OPTSTK,GAIL,30-Jun-2022,110.0,CE,0.0,0.0,0.0,47.35,59.0,0,0.0,0,0,18-APR-2022,
OPTSTK,GAIL,30-Jun-2022,112.5,CE,0.0,0.0,0.0,45.05,56.55,0,0.0,0,0,18-APR-2022,
OPTSTK,GAIL,30-Jun-2022,115.0,CE,0.0,0.0,0.0,42.75,54.15,0,0.0,0,0,18-APR-2022,
OPTSTK,GAIL,30-Jun-2022,117.5,CE,0.0,0.0,0.0,40.5,51.7,0,0.0,0,0,18-APR-2022,
OPTSTK,GAIL,30-Jun-2022,120.0,CE,0.0,0.0,0.0,38.3,49.35,0,0.0,0,0,18-APR-2022,
OPTSTK,GAIL,30-Jun-2022,122.5,CE,0.0,0.0,0.0,36.15,46.95,0,0.0,0,0,18-APR-2022,
OPTSTK,GAIL,30-Jun-2022,125.0,CE,0.0,0.0,0.0,34.05,44.65,0,0.0,0,0,18-APR-2022,
OPTSTK,GAIL,30-Jun-2022,127.5,CE,0.0,0.0,0.0,32.05,42.3,0,0.0,0,0,18-APR-2022,
OPTSTK,GAIL,30-Jun-2022,130.0,CE,0.0,0.0,0.0,30.05,40.05,0,0.0,0,0,18-APR-2022,
OPTSTK,GAIL,30-Jun-2022,132.5,CE,0.0,0.0,0.0,28.15,37.85,0,0.0,0,0,18-APR-2022,
OPTSTK,GAIL,30-Jun-2022,135.0,CE,0.0,0.0,0.0,26.3,35.65,0,0.0,0,0,18-APR-2022,
OPTSTK,GAIL,30-Jun-2022,137.5,CE,0.0,0.0,0.0,24.55,33.55,0,0.0,0,0,18-APR-2022,
OPTSTK,GAIL,30-Jun-2022,140.0,CE,0.0,0.0,0.0,22.85,31.45,0,0.0,0,0,18-APR-2022,
OPTSTK,GAIL,30-Jun-2022,142.5,CE,0.0,0.0,0.0,21.2,29.45,0,0.0,0,0,18-APR-2022,
OPTSTK,GAIL,30-Jun-2022,145.0,CE,0.0,0.0,0.0,19.65,27.5,0,0.0,0,0,18-APR-2022,
OPTSTK,GAIL,30-Jun-2022,147.5,CE,0.0,0.0,0.0,18.2,25.65,0,0.0,0,0,18-APR-2022,
OPTSTK,GAIL,30-Jun-2022,150.0,CE,0.0,0.0,0.0,16.8,23.85,0,0.0,0,0,18-APR-2022,
OPTSTK,GAIL,30-Jun-2022,152.5,CE,0.0,0.0,0.0,15.5,22.1,0,0.0,0,0,18-APR-2022,
OPTSTK,GAIL,30-Jun-2022,155.0,CE,0.0,0.0,0.0,14.25,20.5,0,0.0,0,0,18-APR-2022,
OPTSTK,GAIL,30-Jun-2022,157.5,CE,0.0,0.0,0.0,13.1,18.9,0,0.0,0,0,18-APR-2022,
OPTSTK,GAIL,30-Jun-2022,160.0,CE,0.0,0.0,0.0,12.0,17.45,0,0.0,0,0,18-APR-2022,
OPTSTK,GAIL,30-Jun-2022,162.5,CE,0.0,0.0,0.0,10.95,16.0,0,0.0,0,0,18-APR-2022,
OPTSTK,GAIL,30-Jun-2022,165.0,CE,0.0,0.0,0.0,10.0,14.7,0,0.0,0,0,18-APR-2022,
OPTSTK,GAIL,30-Jun-2022,167.5,CE,0.0,0.0,0.0,9.15,13.45,0,0.0,0,0,18-APR-2022,
OPTSTK,GAIL,30-Jun-2022,170.0,CE,0.0,0.0,0.0,5.0,12.3,0,0.0,6100,0,18-APR-2022,
OPTSTK,GAIL,30-Jun-2022,172.5,CE,0.0,0.0,0.0,7.55,11.2,0,0.0,0,0,18-APR-2022,
OPTSTK,GAIL,30-Jun-2022,175.0,CE,0.0,0.0,0.0,6.85,10.2,0,0.0,0,0,18-APR-2022,
OPTSTK,GAIL,30-Jun-2022,177.5,CE,0.0,0.0,0.0,6.25,9.25,0,0.0,0,0,18-APR-2022,
OPTSTK,GAIL,30-Jun-2022,180.0,CE,0.0,0.0,0.0,5.65,8.35,0,0.0,0,0,18-APR-2022,
OPTSTK,GAIL,30-Jun-2022,182.5,CE,0.0,0.0,0.0,5.1,7.55,0,0.0,0,0,18-APR-2022,
OPTSTK,GAIL,30-Jun-2022,185.0,CE,0.0,0.0,0.0,4.6,6.8,0,0.0,0,0,18-APR-2022,
OPTSTK,GAIL,30-Jun-2022,187.5,CE,0.0,0.0,0.0,4.15,6.15,0,0.0,0,0,18-APR-2022,
OPTSTK,GAIL,30-Jun-2022,190.0,CE,0.0,0.0,0.0,3.75,5.55,0,0.0,0,0,18-APR-2022,
OPTSTK,GAIL,30-Jun-2022,192.5,CE,0.0,0.0,0.0,3.35,4.95,0,0.0,0,0,18-APR-2022,
OPTSTK,GAIL,30-Jun-2022,195.0,CE,0.0,0.0,0.0,3.0,4.45,0,0.0,0,0,18-APR-2022,
OPTSTK,GAIL,30-Jun-2022,197.5,CE,0.0,0.0,0.0,2.7,3.95,0,0.0,0,0,18-APR-2022,
OPTSTK,GAIL,30-Jun-2022,95.0,PE,0.0,0.0,0.0,0.1,0.05,0,0.0,0,0,18-APR-2022,
OPTSTK,GAIL,30-Jun-2022,97.5,PE,0.0,0.0,0.0,0.15,0.05,0,0.0,0,0,18-APR-2022,
OPTSTK,GAIL,30-Jun-2022,100.0,PE,0.0,0.0,0.0,0.15,0.05,0,0.0,0,0,18-APR-2022,
OPTSTK,GAIL,30-Jun-2022,102.5,PE,0.0,0.0,0.0,0.25,0.05,0,0.0,0,0,18-APR-2022,
OPTSTK,GAIL,30-Jun-2022,105.0,PE,0.0,0.0,0.0,0.3,0.05,0,0.0,0,0,18-APR-2022,
OPTSTK,GAIL,30-Jun-2022,107.5,PE,0.0,0.0,0.0,0.4,0.1,0,0.0,0,0,18-APR-2022,
OPTSTK,GAIL,30-Jun-2022,110.0,PE,0.0,0.0,0.0,0.55,0.1,0,0.0,0,0,18-APR-2022,
OPTSTK,GAIL,30-Jun-2022,112.5,PE,0.0,0.0,0.0,0.7,0.15,0,0.0,0,0,18-APR-2022,
OPTSTK,GAIL,30-Jun-2022,115.0,PE,0.0,0.0,0.0,0.9,0.2,0,0.0,0,0,18-APR-2022,
OPTSTK,GAIL,30-Jun-2022,117.5,PE,0.0,0.0,0.0,1.15,0.25,0,0.0,0,0,18-APR-2022,
OPTSTK,GAIL,30-Jun-2022,120.0,PE,0.0,0.0,0.0,1.4,0.35,0,0.0,0,0,18-APR-2022,
OPTSTK,GAIL,30-Jun-2022,122.5,PE,0.0,0.0,0.0,1.75,0.5,0,0.0,0,0,18-APR-2022,
OPTSTK,GAIL,30-Jun-2022,125.0,PE,0.0,0.0,0.0,2.1,0.6,0,0.0,0,0,18-APR-2022,
OPTSTK,GAIL,30-Jun-2022,127.5,PE,0.0,0.0,0.0,2.55,0.8,0,0.0,0,0,18-APR-2022,
OPTSTK,GAIL,30-Jun-2022,130.0,PE,0.0,0.0,0.0,3.05,1.0,0,0.0,0,0,18-APR-2022,
OPTSTK,GAIL,30-Jun-2022,132.5,PE,0.0,0.0,0.0,3.6,1.25,0,0.0,0,0,18-APR-2022,
OPTSTK,GAIL,30-Jun-2022,135.0,PE,0.0,0.0,0.0,4.25,1.55,0,0.0,0,0,18-APR-2022,
OPTSTK,GAIL,30-Jun-2022,137.5,PE,0.0,0.0,0.0,4.95,1.9,0,0.0,0,0,18-APR-2022,
OPTSTK,GAIL,30-Jun-2022,140.0,PE,0.0,0.0,0.0,5.7,2.35,0,0.0,0,0,18-APR-2022,
OPTSTK,GAIL,30-Jun-2022,142.5,PE,0.0,0.0,0.0,6.55,2.8,0,0.0,0,0,18-APR-2022,
OPTSTK,GAIL,30-Jun-2022,145.0,PE,0.0,0.0,0.0,7.5,3.35,0,0.0,0,0,18-APR-2022,
OPTSTK,GAIL,30-Jun-2022,147.5,PE,0.0,0.0,0.0,8.5,3.95,0,0.0,0,0,18-APR-2022,
OPTSTK,GAIL,30-Jun-2022,150.0,PE,0.0,0.0,0.0,9.55,4.65,0,0.0,0,0,18-APR-2022,
OPTSTK,GAIL,30-Jun-2022,152.5,PE,0.0,0.0,0.0,10.75,5.4,0,0.0,0,0,18-APR-2022,
OPTSTK,GAIL,30-Jun-2022,155.0,PE,0.0,0.0,0.0,11.95,6.2,0,0.0,0,0,18-APR-2022,
OPTSTK,GAIL,30-Jun-2022,157.5,PE,0.0,0.0,0.0,13.3,7.15,0,0.0,0,0,18-APR-2022,
OPTSTK,GAIL,30-Jun-2022,160.0,PE,0.0,0.0,0.0,14.65,8.1,0,0.0,0,0,18-APR-2022,
OPTSTK,GAIL,30-Jun-2022,162.5,PE,0.0,0.0,0.0,16.1,9.2,0,0.0,0,0,18-APR-2022,
OPTSTK,GAIL,30-Jun-2022,165.0,PE,0.0,0.0,0.0,17.65,10.35,0,0.0,0,0,18-APR-2022,
OPTSTK,GAIL,30-Jun-2022,167.5,PE,0.0,0.0,0.0,19.25,11.6,0,0.0,0,0,18-APR-2022,
OPTSTK,GAIL,30-Jun-2022,170.0,PE,0.0,0.0,0.0,20.9,12.9,0,0.0,0,0,18-APR-2022,
OPTSTK,GAIL,30-Jun-2022,172.5,PE,0.0,0.0,0.0,22.6,14.3,0,0.0,0,0,18-APR-2022,
OPTSTK,GAIL,30-Jun-2022,175.0,PE,0.0,0.0,0.0,24.4,15.75,0,0.0,0,0,18-APR-2022,
OPTSTK,GAIL,30-Jun-2022,177.5,PE,0.0,0.0,0.0,26.2,17.3,0,0.0,0,0,18-APR-2022,
OPTSTK,GAIL,30-Jun-2022,180.0,PE,0.0,0.0,0.0,28.1,18.9,0,0.0,0,0,18-APR-2022,
OPTSTK,GAIL,30-Jun-2022,182.5,PE,0.0,0.0,0.0,30.05,20.55,0,0.0,0,0,18-APR-2022,
OPTSTK,GAIL,30-Jun-2022,185.0,PE,0.0,0.0,0.0,32.0,22.3,0,0.0,0,0,18-APR-2022,
OPTSTK,GAIL,30-Jun-2022,187.5,PE,0.0,0.0,0.0,34.0,24.1,0,0.0,0,0,18-APR-2022,
OPTSTK,GAIL,30-Jun-2022,190.0,PE,0.0,0.0,0.0,36.1,25.95,0,0.0,0,0,18-APR-2022,
OPTSTK,GAIL,30-Jun-2022,192.5,PE,0.0,0.0,0.0,38.2,27.9,0,0.0,0,0,18-APR-2022,
OPTSTK,GAIL,30-Jun-2022,195.0,PE,0.0,0.0,0.0,40.3,29.85,0,0.0,0,0,18-APR-2022,
OPTSTK,GAIL,30-Jun-2022,197.5,PE,0.0,0.0,0.0,42.45,31.85,0,0.0,0,0,18-APR-2022,
OPTSTK,GLENMARK,28-Apr-2022,330.0,CE,0.0,0.0,0.0,151.55,138.35,0,0.0,0,0,18-APR-2022,
OPTSTK,GLENMARK,28-Apr-2022,335.0,CE,0.0,0.0,0.0,108.25,133.35,0,0.0,0,0,18-APR-2022,
OPTSTK,GLENMARK,28-Apr-2022,340.0,CE,0.0,0.0,0.0,142.35,128.35,0,0.0,0,0,18-APR-2022,
OPTSTK,GLENMARK,28-Apr-2022,345.0,CE,0.0,0.0,0.0,98.45,123.35,0,0.0,0,0,18-APR-2022,
OPTSTK,GLENMARK,28-Apr-2022,350.0,CE,0.0,0.0,0.0,105.5,118.35,0,0.0,1150,0,18-APR-2022,
OPTSTK,GLENMARK,28-Apr-2022,355.0,CE,0.0,0.0,0.0,88.8,113.35,0,0.0,0,0,18-APR-2022,
OPTSTK,GLENMARK,28-Apr-2022,360.0,CE,0.0,0.0,0.0,124.5,108.4,0,0.0,0,0,18-APR-2022,
OPTSTK,GLENMARK,28-Apr-2022,365.0,CE,0.0,0.0,0.0,79.35,103.4,0,0.0,0,0,18-APR-2022,
OPTSTK,GLENMARK,28-Apr-2022,370.0,CE,0.0,0.0,0.0,115.95,98.4,0,0.0,0,0,18-APR-2022,
OPTSTK,GLENMARK,28-Apr-2022,375.0,CE,0.0,0.0,0.0,70.15,93.4,0,0.0,0,0,18-APR-2022,
OPTSTK,GLENMARK,28-Apr-2022,380.0,CE,0.0,0.0,0.0,107.6,88.4,0,0.0,0,0,18-APR-2022,
OPTSTK,GLENMARK,28-Apr-2022,385.0,CE,0.0,0.0,0.0,61.35,83.45,0,0.0,0,0,18-APR-2022,
OPTSTK,GLENMARK,28-Apr-2022,390.0,CE,0.0,0.0,0.0,99.6,78.45,0,0.0,0,0,18-APR-2022,
OPTSTK,GLENMARK,28-Apr-2022,395.0,CE,0.0,0.0,0.0,53.0,73.5,0,0.0,0,0,18-APR-2022,
OPTSTK,GLENMARK,28-Apr-2022,400.0,CE,0.0,0.0,0.0,62.0,68.55,0,0.0,1150,0,18-APR-2022,
OPTSTK,GLENMARK,28-Apr-2022,405.0,CE,0.0,0.0,0.0,45.2,63.65,0,0.0,0,0,18-APR-2022,
OPTSTK,GLENMARK,28-Apr-2022,410.0,CE,0.0,0.0,0.0,84.6,58.8,0,0.0,0,0,18-APR-2022,
OPTSTK,GLENMARK,28-Apr-2022,415.0,CE,0.0,0.0,0.0,38.0,54.05,0,0.0,0,0,18-APR-2022,
OPTSTK,GLENMARK,28-Apr-2022,420.0,CE,0.0,0.0,0.0,77.6,49.35,0,0.0,0,0,18-APR-2022,
OPTSTK,GLENMARK,28-Apr-2022,425.0,CE,0.0,0.0,0.0,31.55,44.75,0,0.0,0,0,18-APR-2022,
OPTSTK,GLENMARK,28-Apr-2022,430.0,CE,0.0,0.0,0.0,70.95,40.3,0,0.0,0,0,18-APR-2022,
OPTSTK,GLENMARK,28-Apr-2022,435.0,CE,0.0,0.0,0.0,25.8,36.0,0,0.0,0,0,18-APR-2022,
OPTSTK,GLENMARK,28-Apr-2022,440.0,CE,0.0,0.0,0.0,42.1,31.9,0,0.0,16100,0,18-APR-2022,
OPTSTK,GLENMARK,28-Apr-2022,445.0,CE,0.0,0.0,0.0,20.8,28.05,0,0.0,0,0,18-APR-2022,
OPTSTK,GLENMARK,28-Apr-2022,450.0,CE,30.65,30.65,22.0,23.1,23.1,12,65.59,65550,-9200,18-APR-2022,
OPTSTK,GLENMARK,28-Apr-2022,455.0,CE,0.0,0.0,0.0,27.1,21.05,0,0.0,1150,0,18-APR-2022,
OPTSTK,GLENMARK,28-Apr-2022,460.0,CE,23.45,23.45,15.25,15.3,15.3,6,33.0,129950,-1150,18-APR-2022,
OPTSTK,GLENMARK,28-Apr-2022,465.0,CE,0.0,0.0,0.0,17.1,15.2,0,0.0,2300,0,18-APR-2022,
OPTSTK,GLENMARK,28-Apr-2022,470.0,CE,11.85,11.85,9.8,10.7,10.7,27,149.23,103500,6900,18-APR-2022,
OPTSTK,GLENMARK,28-Apr-2022,475.0,CE,11.9,11.9,8.0,8.05,8.05,16,89.05,32200,6900,18-APR-2022,
OPTSTK,GLENMARK,28-Apr-2022,480.0,CE,9.7,10.25,6.1,6.5,6.5,90,504.77,238050,5750,18-APR-2022,
OPTSTK,GLENMARK,28-Apr-2022,485.0,CE,0.0,0.0,0.0,8.15,6.95,0,0.0,24150,0,18-APR-2022,
OPTSTK,GLENMARK,28-Apr-2022,490.0,CE,5.5,7.4,3.85,4.05,4.05,93,529.11,141450,36800,18-APR-2022,
OPTSTK,GLENMARK,28-Apr-2022,495.0,CE,0.0,0.0,0.0,5.85,4.45,0,0.0,5750,0,18-APR-2022,
OPTSTK,GLENMARK,28-Apr-2022,500.0,CE,4.5,5.15,2.5,2.65,2.65,182,1053.57,465750,16100,18-APR-2022,
OPTSTK,GLENMARK,28-Apr-2022,505.0,CE,0.0,0.0,0.0,7.4,2.7,0,0.0,2300,0,18-APR-2022,
OPTSTK,GLENMARK,28-Apr-2022,510.0,CE,2.25,2.25,1.75,1.8,1.8,21,123.62,121900,-17250,18-APR-2022,
OPTSTK,GLENMARK,28-Apr-2022,515.0,CE,0.0,0.0,0.0,3.45,1.55,0,0.0,14950,0,18-APR-2022,
OPTSTK,GLENMARK,28-Apr-2022,520.0,CE,1.35,1.35,1.1,1.1,1.1,17,101.87,108100,-1150,18-APR-2022,
OPTSTK,GLENMARK,28-Apr-2022,525.0,CE,0.0,0.0,0.0,2.25,0.9,0,0.0,0,0,18-APR-2022,
OPTSTK,GLENMARK,28-Apr-2022,530.0,CE,0.85,0.85,0.8,0.8,0.65,5,30.52,71300,3450,18-APR-2022,
OPTSTK,GLENMARK,28-Apr-2022,535.0,CE,0.0,0.0,0.0,1.6,0.45,0,0.0,0,0,18-APR-2022,
OPTSTK,GLENMARK,28-Apr-2022,540.0,CE,0.3,0.5,0.3,0.5,0.35,2,12.42,14950,0,18-APR-2022,
OPTSTK,GLENMARK,28-Apr-2022,545.0,CE,0.0,0.0,0.0,1.15,0.25,0,0.0,0,0,18-APR-2022,
OPTSTK,GLENMARK,28-Apr-2022,550.0,CE,0.95,0.95,0.85,0.95,0.2,5,31.67,73600,0,18-APR-2022,
OPTSTK,GLENMARK,28-Apr-2022,555.0,CE,0.0,0.0,0.0,0.8,0.15,0,0.0,0,0,18-APR-2022,
OPTSTK,GLENMARK,28-Apr-2022,560.0,CE,0.0,0.0,0.0,0.95,0.1,0,0.0,1150,0,18-APR-2022,
OPTSTK,GLENMARK,28-Apr-2022,565.0,CE,0.0,0.0,0.0,0.55,0.05,0,0.0,0,0,18-APR-2022,
OPTSTK,GLENMARK,28-Apr-2022,570.0,CE,0.0,0.0,0.0,15.45,0.05,0,0.0,0,0,18-APR-2022,
OPTSTK,GLENMARK,28-Apr-2022,575.0,CE,0.0,0.0,0.0,0.4,0.05,0,0.0,0,0,18-APR-2022,
OPTSTK,GLENMARK,28-Apr-2022,580.0,CE,0.0,0.0,0.0,13.6,0.05,0,0.0,0,0,18-APR-2022,
OPTSTK,GLENMARK,28-Apr-2022,585.0,CE,0.0,0.0,0.0,0.25,0.05,0,0.0,0,0,18-APR-2022,
OPTSTK,GLENMARK,28-Apr-2022,590.0,CE,0.0,0.0,0.0,12.0,0.05,0,0.0,0,0,18-APR-2022,
OPTSTK,GLENMARK,28-Apr-2022,595.0,CE,0.0,0.0,0.0,0.2,0.0,0,0.0,0,0,18-APR-2022,
OPTSTK,GLENMARK,28-Apr-2022,600.0,CE,0.0,0.0,0.0,10.5,0.0,0,0.0,0,0,18-APR-2022,
OPTSTK,GLENMARK,28-Apr-2022,605.0,CE,0.0,0.0,0.0,0.15,0.0,0,0.0,0,0,18-APR-2022,
OPTSTK,GLENMARK,28-Apr-2022,610.0,CE,0.0,0.0,0.0,9.25,0.0,0,0.0,0,0,18-APR-2022,
OPTSTK,GLENMARK,28-Apr-2022,615.0,CE,0.0,0.0,0.0,0.1,0.0,0,0.0,0,0,18-APR-2022,
OPTSTK,GLENMARK,28-Apr-2022,620.0,CE,0.0,0.0,0.0,8.1,0.0,0,0.0,0,0,18-APR-2022,
OPTSTK,GLENMARK,28-Apr-2022,625.0,CE,0.0,0.0,0.0,0.05,0.0,0,0.0,0,0,18-APR-2022,
OPTSTK,GLENMARK,28-Apr-2022,630.0,CE,0.0,0.0,0.0,7.05,0.0,0,0.0,0,0,18-APR-2022,
OPTSTK,GLENMARK,28-Apr-2022,640.0,CE,0.0,0.0,0.0,6.15,0.0,0,0.0,0,0,18-APR-2022,
OPTSTK,GLENMARK,28-Apr-2022,650.0,CE,0.0,0.0,0.0,5.4,0.0,0,0.0,0,0,18-APR-2022,
OPTSTK,GLENMARK,28-Apr-2022,660.0,CE,0.0,0.0,0.0,4.7,0.0,0,0.0,0,0,18-APR-2022,
OPTSTK,GLENMARK,28-Apr-2022,670.0,CE,0.0,0.0,0.0,4.1,0.0,0,0.0,0,0,18-APR-2022,
OPTSTK,GLENMARK,28-Apr-2022,680.0,CE,0.0,0.0,0.0,3.55,0.0,0,0.0,0,0,18-APR-2022,
OPTSTK,GLENMARK,28-Apr-2022,330.0,PE,0.0,0.0,0.0,1.8,0.0,0,0.0,0,0,18-APR-2022,
OPTSTK,GLENMARK,28-Apr-2022,335.0,PE,0.0,0.0,0.0,0.2,0.0,0,0.0,0,0,18-APR-2022,
OPTSTK,GLENMARK,28-Apr-2022,340.0,PE,0.0,0.0,0.0,2.45,0.0,0,0.0,0,0,18-APR-2022,
OPTSTK,GLENMARK,28-Apr-2022,345.0,PE,0.0,0.0,0.0,0.35,0.0,0,0.0,0,0,18-APR-2022,
OPTSTK,GLENMARK,28-Apr-2022,350.0,PE,0.0,0.0,0.0,0.35,0.0,0,0.0,2300,0,18-APR-2022,
OPTSTK,GLENMARK,28-Apr-2022,355.0,PE,0.0,0.0,0.0,0.7,0.0,0,0.0,0,0,18-APR-2022,
OPTSTK,GLENMARK,28-Apr-2022,360.0,PE,0.0,0.0,0.0,4.4,0.0,0,0.0,0,0,18-APR-2022,
OPTSTK,GLENMARK,28-Apr-2022,365.0,PE,0.0,0.0,0.0,1.2,0.0,0,0.0,0,0,18-APR-2022,
OPTSTK,GLENMARK,28-Apr-2022,370.0,PE,0.0,0.0,0.0,5.7,0.0,0,0.0,0,0,18-APR-2022,
OPTSTK,GLENMARK,28-Apr-2022,375.0,PE,0.0,0.0,0.0,1.95,0.05,0,0.0,0,0,18-APR-2022,
OPTSTK,GLENMARK,28-Apr-2022,380.0,PE,0.0,0.0,0.0,1.05,0.05,0,0.0,9200,0,18-APR-2022,
OPTSTK,GLENMARK,28-Apr-2022,385.0,PE,0.0,0.0,0.0,3.1,0.05,0,0.0,0,0,18-APR-2022,
OPTSTK,GLENMARK,28-Apr-2022,390.0,PE,0.0,0.0,0.0,0.4,0.05,0,0.0,2300,0,18-APR-2022,
OPTSTK,GLENMARK,28-Apr-2022,395.0,PE,0.0,0.0,0.0,4.75,0.1,0,0.0,0,0,18-APR-2022,
OPTSTK,GLENMARK,28-Apr-2022,400.0,PE,0.6,0.6,0.6,0.6,0.15,1,4.6,108100,1150,18-APR-2022,
OPTSTK,GLENMARK,28-Apr-2022,405.0,PE,0.0,0.0,0.0,6.9,0.25,0,0.0,0,0,18-APR-2022,
OPTSTK,GLENMARK,28-Apr-2022,410.0,PE,0.0,0.0,0.0,1.2,0.4,0,0.0,5750,0,18-APR-2022,
OPTSTK,GLENMARK,28-Apr-2022,415.0,PE,0.0,0.0,0.0,9.7,0.6,0,0.0,0,0,18-APR-2022,
OPTSTK,GLENMARK,28-Apr-2022,420.0,PE,0.0,0.0,0.0,1.5,0.9,0,0.0,108100,0,18-APR-2022,
OPTSTK,GLENMARK,28-Apr-2022,425.0,PE,0.0,0.0,0.0,13.2,1.3,0,0.0,0,0,18-APR-2022,
OPTSTK,GLENMARK,28-Apr-2022,430.0,PE,0.0,0.0,0.0,2.0,1.85,0,0.0,32200,0,18-APR-2022,
OPTSTK,GLENMARK,28-Apr-2022,435.0,PE,0.0,0.0,0.0,17.45,2.55,0,0.0,0,0,18-APR-2022,
OPTSTK,GLENMARK,28-Apr-2022,440.0,PE,1.8,1.8,1.0,1.8,3.45,17,86.31,111550,-11500,18-APR-2022,
OPTSTK,GLENMARK,28-Apr-2022,445.0,PE,0.0,0.0,0.0,22.4,4.6,0,0.0,0,0,18-APR-2022,
OPTSTK,GLENMARK,28-Apr-2022,450.0,PE,2.7,3.4,2.4,3.2,3.2,116,603.97,95450,14950,18-APR-2022,
OPTSTK,GLENMARK,28-Apr-2022,455.0,PE,3.9,3.9,3.35,3.35,7.6,2,10.54,6900,0,18-APR-2022,
OPTSTK,GLENMARK,28-Apr-2022,460.0,PE,4.75,5.9,4.25,5.8,5.8,65,347.64,66700,-6900,18-APR-2022,
OPTSTK,GLENMARK,28-Apr-2022,465.0,PE,0.0,0.0,0.0,34.5,11.7,0,0.0,0,0,18-APR-2022,
OPTSTK,GLENMARK,28-Apr-2022,470.0,PE,9.4,10.85,6.4,10.3,10.3,48,264.65,51750,1150,18-APR-2022,
OPTSTK,GLENMARK,28-Apr-2022,475.0,PE,10.0,12.2,10.0,12.2,17.0,9,50.29,8050,1150,18-APR-2022,
OPTSTK,GLENMARK,28-Apr-2022,480.0,PE,14.55,16.8,14.55,16.5,16.5,10,56.98,80500,1150,18-APR-2022,
OPTSTK,GLENMARK,28-Apr-2022,485.0,PE,0.0,0.0,0.0,49.1,23.45,0,0.0,0,0,18-APR-2022,
OPTSTK,GLENMARK,28-Apr-2022,490.0,PE,0.0,0.0,0.0,24.15,27.1,0,0.0,9200,0,18-APR-2022,
OPTSTK,GLENMARK,28-Apr-2022,495.0,PE,0.0,0.0,0.0,21.55,30.9,0,0.0,1150,0,18-APR-2022,
OPTSTK,GLENMARK,28-Apr-2022,500.0,PE,30.3,32.0,30.3,32.0,34.95,4,24.43,59800,1150,18-APR-2022,
OPTSTK,GLENMARK,28-Apr-2022,505.0,PE,0.0,0.0,0.0,65.7,39.15,0,0.0,0,0,18-APR-2022,
OPTSTK,GLENMARK,28-Apr-2022,510.0,PE,0.0,0.0,0.0,59.75,43.55,0,0.0,0,0,18-APR-2022,
OPTSTK,GLENMARK,28-Apr-2022,515.0,PE,0.0,0.0,0.0,74.5,48.05,0,0.0,0,0,18-APR-2022,
OPTSTK,GLENMARK,28-Apr-2022,520.0,PE,0.0,0.0,0.0,66.3,52.65,0,0.0,0,0,18-APR-2022,
OPTSTK,GLENMARK,28-Apr-2022,525.0,PE,0.0,0.0,0.0,83.6,57.35,0,0.0,0,0,18-APR-2022,
OPTSTK,GLENMARK,28-Apr-2022,530.0,PE,0.0,0.0,0.0,83.0,62.1,0,0.0,1150,0,18-APR-2022,
OPTSTK,GLENMARK,28-Apr-2022,535.0,PE,0.0,0.0,0.0,92.95,66.9,0,0.0,0,0,18-APR-2022,
OPTSTK,GLENMARK,28-Apr-2022,540.0,PE,0.0,0.0,0.0,88.0,71.8,0,0.0,2300,0,18-APR-2022,
OPTSTK,GLENMARK,28-Apr-2022,545.0,PE,0.0,0.0,0.0,102.45,76.7,0,0.0,0,0,18-APR-2022,
OPTSTK,GLENMARK,28-Apr-2022,550.0,PE,0.0,0.0,0.0,99.0,81.6,0,0.0,4600,0,18-APR-2022,
OPTSTK,GLENMARK,28-Apr-2022,555.0,PE,0.0,0.0,0.0,112.05,86.55,0,0.0,0,0,18-APR-2022,
OPTSTK,GLENMARK,28-Apr-2022,560.0,PE,0.0,0.0,0.0,95.3,91.5,0,0.0,0,0,18-APR-2022,
OPTSTK,GLENMARK,28-Apr-2022,565.0,PE,0.0,0.0,0.0,121.8,96.5,0,0.0,0,0,18-APR-2022,
OPTSTK,GLENMARK,28-Apr-2022,570.0,PE,0.0,0.0,0.0,103.15,101.45,0,0.0,0,0,18-APR-2022,
OPTSTK,GLENMARK,28-Apr-2022,575.0,PE,0.0,0.0,0.0,131.6,106.45,0,0.0,0,0,18-APR-2022,
OPTSTK,GLENMARK,28-Apr-2022,580.0,PE,0.0,0.0,0.0,111.2,111.45,0,0.0,0,0,18-APR-2022,
OPTSTK,GLENMARK,28-Apr-2022,585.0,PE,0.0,0.0,0.0,141.45,116.4,0,0.0,0,0,18-APR-2022,
OPTSTK,GLENMARK,28-Apr-2022,590.0,PE,0.0,0.0,0.0,119.5,121.4,0,0.0,0,0,18-APR-2022,
OPTSTK,GLENMARK,28-Apr-2022,595.0,PE,0.0,0.0,0.0,151.3,126.4,0,0.0,0,0,18-APR-2022,
OPTSTK,GLENMARK,28-Apr-2022,600.0,PE,0.0,0.0,0.0,127.9,131.4,0,0.0,0,0,18-APR-2022,
OPTSTK,GLENMARK,28-Apr-2022,605.0,PE,0.0,0.0,0.0,161.25,136.4,0,0.0,0,0,18-APR-2022,
OPTSTK,GLENMARK,28-Apr-2022,610.0,PE,0.0,0.0,0.0,136.55,141.4,0,0.0,0,0,18-APR-2022,
OPTSTK,GLENMARK,28-Apr-2022,615.0,PE,0.0,0.0,0.0,171.15,146.4,0,0.0,0,0,18-APR-2022,
OPTSTK,GLENMARK,28-Apr-2022,620.0,PE,0.0,0.0,0.0,145.3,151.35,0,0.0,0,0,18-APR-2022,
OPTSTK,GLENMARK,28-Apr-2022,625.0,PE,0.0,0.0,0.0,170.95,156.35,0,0.0,0,0,18-APR-2022,
OPTSTK,GLENMARK,28-Apr-2022,630.0,PE,0.0,0.0,0.0,154.15,161.35,0,0.0,0,0,18-APR-2022,
OPTSTK,GLENMARK,28-Apr-2022,640.0,PE,0.0,0.0,0.0,163.15,171.35,0,0.0,0,0,18-APR-2022,
OPTSTK,GLENMARK,28-Apr-2022,650.0,PE,0.0,0.0,0.0,172.25,181.35,0,0.0,0,0,18-APR-2022,
OPTSTK,GLENMARK,28-Apr-2022,660.0,PE,0.0,0.0,0.0,181.45,191.35,0,0.0,0,0,18-APR-2022,
OPTSTK,GLENMARK,28-Apr-2022,670.0,PE,0.0,0.0,0.0,190.75,201.3,0,0.0,0,0,18-APR-2022,
OPTSTK,GLENMARK,28-Apr-2022,680.0,PE,0.0,0.0,0.0,200.1,211.3,0,0.0,0,0,18-APR-2022,
OPTSTK,GLENMARK,26-May-2022,330.0,CE,0.0,0.0,0.0,107.65,139.55,0,0.0,0,0,18-APR-2022,
OPTSTK,GLENMARK,26-May-2022,335.0,CE,0.0,0.0,0.0,110.6,134.6,0,0.0,0,0,18-APR-2022,
OPTSTK,GLENMARK,26-May-2022,340.0,CE,0.0,0.0,0.0,99.2,129.65,0,0.0,0,0,18-APR-2022,
OPTSTK,GLENMARK,26-May-2022,345.0,CE,0.0,0.0,0.0,101.35,124.75,0,0.0,0,0,18-APR-2022,
OPTSTK,GLENMARK,26-May-2022,350.0,CE,0.0,0.0,0.0,91.1,119.9,0,0.0,0,0,18-APR-2022,
OPTSTK,GLENMARK,26-May-2022,355.0,CE,0.0,0.0,0.0,92.4,115.0,0,0.0,0,0,18-APR-2022,
OPTSTK,GLENMARK,26-May-2022,360.0,CE,0.0,0.0,0.0,83.3,110.2,0,0.0,0,0,18-APR-2022,
OPTSTK,GLENMARK,26-May-2022,365.0,CE,0.0,0.0,0.0,83.75,105.4,0,0.0,0,0,18-APR-2022,
OPTSTK,GLENMARK,26-May-2022,370.0,CE,0.0,0.0,0.0,75.9,100.65,0,0.0,0,0,18-APR-2022,
OPTSTK,GLENMARK,26-May-2022,375.0,CE,0.0,0.0,0.0,75.4,95.95,0,0.0,0,0,18-APR-2022,
OPTSTK,GLENMARK,26-May-2022,380.0,CE,0.0,0.0,0.0,68.9,91.3,0,0.0,0,0,18-APR-2022,
OPTSTK,GLENMARK,26-May-2022,385.0,CE,0.0,0.0,0.0,67.5,86.75,0,0.0,0,0,18-APR-2022,
OPTSTK,GLENMARK,26-May-2022,390.0,CE,0.0,0.0,0.0,62.3,82.25,0,0.0,0,0,18-APR-2022,
OPTSTK,GLENMARK,26-May-2022,395.0,CE,0.0,0.0,0.0,60.1,77.8,0,0.0,0,0,18-APR-2022,
OPTSTK,GLENMARK,26-May-2022,400.0,CE,0.0,0.0,0.0,56.1,73.5,0,0.0,0,0,18-APR-2022,
OPTSTK,GLENMARK,26-May-2022,405.0,CE,0.0,0.0,0.0,53.1,69.25,0,0.0,0,0,18-APR-2022,
OPTSTK,GLENMARK,26-May-2022,410.0,CE,0.0,0.0,0.0,50.35,65.1,0,0.0,0,0,18-APR-2022,
OPTSTK,GLENMARK,26-May-2022,415.0,CE,0.0,0.0,0.0,46.65,61.1,0,0.0,0,0,18-APR-2022,
OPTSTK,GLENMARK,26-May-2022,420.0,CE,0.0,0.0,0.0,45.05,57.2,0,0.0,0,0,18-APR-2022,
OPTSTK,GLENMARK,26-May-2022,425.0,CE,0.0,0.0,0.0,40.7,53.5,0,0.0,0,0,18-APR-2022,
OPTSTK,GLENMARK,26-May-2022,430.0,CE,0.0,0.0,0.0,40.15,49.85,0,0.0,0,0,18-APR-2022,
OPTSTK,GLENMARK,26-May-2022,435.0,CE,0.0,0.0,0.0,35.3,46.35,0,0.0,0,0,18-APR-2022,
OPTSTK,GLENMARK,26-May-2022,440.0,CE,0.0,0.0,0.0,35.65,43.0,0,0.0,0,0,18-APR-2022,
OPTSTK,GLENMARK,26-May-2022,445.0,CE,0.0,0.0,0.0,30.4,39.8,0,0.0,0,0,18-APR-2022,
OPTSTK,GLENMARK,26-May-2022,450.0,CE,0.0,0.0,0.0,31.6,36.75,0,0.0,0,0,18-APR-2022,
OPTSTK,GLENMARK,26-May-2022,455.0,CE,0.0,0.0,0.0,26.05,33.9,0,0.0,0,0,18-APR-2022,
OPTSTK,GLENMARK,26-May-2022,460.0,CE,0.0,0.0,0.0,27.9,31.15,0,0.0,0,0,18-APR-2022,
OPTSTK,GLENMARK,26-May-2022,465.0,CE,0.0,0.0,0.0,22.15,28.55,0,0.0,0,0,18-APR-2022,
OPTSTK,GLENMARK,26-May-2022,470.0,CE,0.0,0.0,0.0,24.55,26.15,0,0.0,0,0,18-APR-2022,
OPTSTK,GLENMARK,26-May-2022,475.0,CE,0.0,0.0,0.0,18.75,23.85,0,0.0,0,0,18-APR-2022,
OPTSTK,GLENMARK,26-May-2022,480.0,CE,0.0,0.0,0.0,21.5,21.75,0,0.0,0,0,18-APR-2022,
OPTSTK,GLENMARK,26-May-2022,485.0,CE,0.0,0.0,0.0,15.8,19.75,0,0.0,0,0,18-APR-2022,
OPTSTK,GLENMARK,26-May-2022,490.0,CE,0.0,0.0,0.0,18.85,17.9,0,0.0,0,0,18-APR-2022,
OPTSTK,GLENMARK,26-May-2022,495.0,CE,0.0,0.0,0.0,13.25,16.2,0,0.0,0,0,18-APR-2022,
OPTSTK,GLENMARK,26-May-2022,500.0,CE,19.6,19.6,19.6,19.6,14.65,1,5.97,1150,1150,18-APR-2022,
OPTSTK,GLENMARK,26-May-2022,505.0,CE,0.0,0.0,0.0,11.0,13.15,0,0.0,0,0,18-APR-2022,
OPTSTK,GLENMARK,26-May-2022,510.0,CE,0.0,0.0,0.0,14.35,11.85,0,0.0,0,0,18-APR-2022,
OPTSTK,GLENMARK,26-May-2022,515.0,CE,0.0,0.0,0.0,9.1,10.65,0,0.0,0,0,18-APR-2022,
OPTSTK,GLENMARK,26-May-2022,520.0,CE,0.0,0.0,0.0,12.45,9.55,0,0.0,0,0,18-APR-2022,
OPTSTK,GLENMARK,26-May-2022,525.0,CE,0.0,0.0,0.0,7.5,8.5,0,0.0,0,0,18-APR-2022,
OPTSTK,GLENMARK,26-May-2022,530.0,CE,0.0,0.0,0.0,10.75,7.55,0,0.0,0,0,18-APR-2022,
OPTSTK,GLENMARK,26-May-2022,535.0,CE,0.0,0.0,0.0,6.15,6.75,0,0.0,0,0,18-APR-2022,
OPTSTK,GLENMARK,26-May-2022,540.0,CE,0.0,0.0,0.0,9.3,5.95,0,0.0,0,0,18-APR-2022,
OPTSTK,GLENMARK,26-May-2022,545.0,CE,0.0,0.0,0.0,5.0,5.3,0,0.0,0,0,18-APR-2022,
OPTSTK,GLENMARK,26-May-2022,550.0,CE,0.0,0.0,0.0,8.0,4.7,0,0.0,0,0,18-APR-2022,
OPTSTK,GLENMARK,26-May-2022,555.0,CE,0.0,0.0,0.0,4.1,4.15,0,0.0,0,0,18-APR-2022,
OPTSTK,GLENMARK,26-May-2022,560.0,CE,0.0,0.0,0.0,6.9,3.65,0,0.0,0,0,18-APR-2022,
OPTSTK,GLENMARK,26-May-2022,565.0,CE,0.0,0.0,0.0,3.3,3.2,0,0.0,0,0,18-APR-2022,
OPTSTK,GLENMARK,26-May-2022,570.0,CE,0.0,0.0,0.0,5.95,2.8,0,0.0,0,0,18-APR-2022,
OPTSTK,GLENMARK,26-May-2022,575.0,CE,0.0,0.0,0.0,2.65,2.45,0,0.0,0,0,18-APR-2022,
OPTSTK,GLENMARK,26-May-2022,580.0,CE,0.0,0.0,0.0,5.1,2.15,0,0.0,0,0,18-APR-2022,
OPTSTK,GLENMARK,26-May-2022,585.0,CE,0.0,0.0,0.0,2.15,1.9,0,0.0,0,0,18-APR-2022,
OPTSTK,GLENMARK,26-May-2022,590.0,CE,0.0,0.0,0.0,4.35,1.65,0,0.0,0,0,18-APR-2022,
OPTSTK,GLENMARK,26-May-2022,595.0,CE,0.0,0.0,0.0,1.7,1.45,0,0.0,0,0,18-APR-2022,
OPTSTK,GLENMARK,26-May-2022,600.0,CE,0.0,0.0,0.0,3.7,1.25,0,0.0,0,0,18-APR-2022,
OPTSTK,GLENMARK,26-May-2022,605.0,CE,0.0,0.0,0.0,1.35,1.1,0,0.0,0,0,18-APR-2022,
OPTSTK,GLENMARK,26-May-2022,610.0,CE,0.0,0.0,0.0,3.15,0.95,0,0.0,0,0,18-APR-2022,
OPTSTK,GLENMARK,26-May-2022,615.0,CE,0.0,0.0,0.0,1.1,0.8,0,0.0,0,0,18-APR-2022,
OPTSTK,GLENMARK,26-May-2022,620.0,CE,0.0,0.0,0.0,2.7,0.7,0,0.0,0,0,18-APR-2022,
OPTSTK,GLENMARK,26-May-2022,625.0,CE,0.0,0.0,0.0,1.05,0.6,0,0.0,0,0,18-APR-2022,
OPTSTK,GLENMARK,26-May-2022,630.0,CE,0.0,0.0,0.0,2.3,0.5,0,0.0,0,0,18-APR-2022,
OPTSTK,GLENMARK,26-May-2022,330.0,PE,0.0,0.0,0.0,4.4,0.1,0,0.0,0,0,18-APR-2022,
OPTSTK,GLENMARK,26-May-2022,335.0,PE,0.0,0.0,0.0,1.4,0.15,0,0.0,0,0,18-APR-2022,
OPTSTK,GLENMARK,26-May-2022,340.0,PE,0.0,0.0,0.0,5.85,0.2,0,0.0,0,0,18-APR-2022,
OPTSTK,GLENMARK,26-May-2022,345.0,PE,0.0,0.0,0.0,2.15,0.3,0,0.0,0,0,18-APR-2022,
OPTSTK,GLENMARK,26-May-2022,350.0,PE,0.0,0.0,0.0,7.6,0.4,0,0.0,0,0,18-APR-2022,
OPTSTK,GLENMARK,26-May-2022,355.0,PE,0.0,0.0,0.0,3.1,0.5,0,0.0,0,0,18-APR-2022,
OPTSTK,GLENMARK,26-May-2022,360.0,PE,0.0,0.0,0.0,9.75,0.65,0,0.0,0,0,18-APR-2022,
OPTSTK,GLENMARK,26-May-2022,365.0,PE,0.0,0.0,0.0,4.35,0.85,0,0.0,0,0,18-APR-2022,
OPTSTK,GLENMARK,26-May-2022,370.0,PE,0.0,0.0,0.0,12.25,1.05,0,0.0,0,0,18-APR-2022,
OPTSTK,GLENMARK,26-May-2022,375.0,PE,0.0,0.0,0.0,6.0,1.35,0,0.0,0,0,18-APR-2022,
OPTSTK,GLENMARK,26-May-2022,380.0,PE,0.0,0.0,0.0,15.1,1.7,0,0.0,0,0,18-APR-2022,
OPTSTK,GLENMARK,26-May-2022,385.0,PE,0.0,0.0,0.0,8.05,2.1,0,0.0,0,0,18-APR-2022,
OPTSTK,GLENMARK,26-May-2022,390.0,PE,0.0,0.0,0.0,18.4,2.55,0,0.0,0,0,18-APR-2022,
OPTSTK,GLENMARK,26-May-2022,395.0,PE,0.0,0.0,0.0,10.5,3.1,0,0.0,0,0,18-APR-2022,
OPTSTK,GLENMARK,26-May-2022,400.0,PE,0.0,0.0,0.0,22.1,3.75,0,0.0,0,0,18-APR-2022,
OPTSTK,GLENMARK,26-May-2022,405.0,PE,0.0,0.0,0.0,13.45,4.5,0,0.0,0,0,18-APR-2022,
OPTSTK,GLENMARK,26-May-2022,410.0,PE,0.0,0.0,0.0,26.3,5.35,0,0.0,0,0,18-APR-2022,
OPTSTK,GLENMARK,26-May-2022,415.0,PE,0.0,0.0,0.0,16.95,6.35,0,0.0,0,0,18-APR-2022,
OPTSTK,GLENMARK,26-May-2022,420.0,PE,0.0,0.0,0.0,30.85,7.4,0,0.0,0,0,18-APR-2022,
OPTSTK,GLENMARK,26-May-2022,425.0,PE,0.0,0.0,0.0,20.95,8.65,0,0.0,0,0,18-APR-2022,
OPTSTK,GLENMARK,26-May-2022,430.0,PE,0.0,0.0,0.0,35.85,10.0,0,0.0,0,0,18-APR-2022,
OPTSTK,GLENMARK,26-May-2022,435.0,PE,0.0,0.0,0.0,25.45,11.45,0,0.0,0,0,18-APR-2022,
OPTSTK,GLENMARK,26-May-2022,440.0,PE,0.0,0.0,0.0,41.25,13.1,0,0.0,0,0,18-APR-2022,
OPTSTK,GLENMARK,26-May-2022,445.0,PE,0.0,0.0,0.0,30.5,14.9,0,0.0,0,0,18-APR-2022,
OPTSTK,GLENMARK,26-May-2022,450.0,PE,10.1,10.95,10.1,10.95,10.95,2,10.59,4600,2300,18-APR-2022,
OPTSTK,GLENMARK,26-May-2022,455.0,PE,0.0,0.0,0.0,36.1,18.95,0,0.0,0,0,18-APR-2022,
OPTSTK,GLENMARK,26-May-2022,460.0,PE,0.0,0.0,0.0,53.25,21.15,0,0.0,0,0,18-APR-2022,
OPTSTK,GLENMARK,26-May-2022,465.0,PE,0.0,0.0,0.0,42.15,23.55,0,0.0,0,0,18-APR-2022,
OPTSTK,GLENMARK,26-May-2022,470.0,PE,15.0,19.0,15.0,19.0,26.1,3,16.8,3450,3450,18-APR-2022,
OPTSTK,GLENMARK,26-May-2022,475.0,PE,0.0,0.0,0.0,48.7,28.8,0,0.0,0,0,18-APR-2022,
OPTSTK,GLENMARK,26-May-2022,480.0,PE,0.0,0.0,0.0,66.7,31.65,0,0.0,0,0,18-APR-2022,
OPTSTK,GLENMARK,26-May-2022,485.0,PE,0.0,0.0,0.0,55.65,34.65,0,0.0,0,0,18-APR-2022,
OPTSTK,GLENMARK,26-May-2022,490.0,PE,0.0,0.0,0.0,73.9,37.8,0,0.0,0,0,18-APR-2022,
OPTSTK,GLENMARK,26-May-2022,495.0,PE,0.0,0.0,0.0,63.0,41.05,0,0.0,0,0,18-APR-2022,
OPTSTK,GLENMARK,26-May-2022,500.0,PE,0.0,0.0,0.0,81.4,44.45,0,0.0,0,0,18-APR-2022,
OPTSTK,GLENMARK,26-May-2022,505.0,PE,0.0,0.0,0.0,70.75,48.0,0,0.0,0,0,18-APR-2022,
OPTSTK,GLENMARK,26-May-2022,510.0,PE,0.0,0.0,0.0,89.2,51.65,0,0.0,0,0,18-APR-2022,
OPTSTK,GLENMARK,26-May-2022,515.0,PE,0.0,0.0,0.0,78.75,55.4,0,0.0,0,0,18-APR-2022,
OPTSTK,GLENMARK,26-May-2022,520.0,PE,0.0,0.0,0.0,97.2,59.3,0,0.0,0,0,18-APR-2022,
OPTSTK,GLENMARK,26-May-2022,525.0,PE,0.0,0.0,0.0,87.1,63.2,0,0.0,0,0,18-APR-2022,
OPTSTK,GLENMARK,26-May-2022,530.0,PE,0.0,0.0,0.0,105.4,67.3,0,0.0,0,0,18-APR-2022,
OPTSTK,GLENMARK,26-May-2022,535.0,PE,0.0,0.0,0.0,95.7,71.4,0,0.0,0,0,18-APR-2022,
OPTSTK,GLENMARK,26-May-2022,540.0,PE,0.0,0.0,0.0,113.85,75.65,0,0.0,0,0,18-APR-2022,
OPTSTK,GLENMARK,26-May-2022,545.0,PE,0.0,0.0,0.0,104.5,79.95,0,0.0,0,0,18-APR-2022,
OPTSTK,GLENMARK,26-May-2022,550.0,PE,0.0,0.0,0.0,122.45,84.3,0,0.0,0,0,18-APR-2022,
OPTSTK,GLENMARK,26-May-2022,555.0,PE,0.0,0.0,0.0,113.5,88.75,0,0.0,0,0,18-APR-2022,
OPTSTK,GLENMARK,26-May-2022,560.0,PE,0.0,0.0,0.0,131.25,93.2,0,0.0,0,0,18-APR-2022,
OPTSTK,GLENMARK,26-May-2022,565.0,PE,0.0,0.0,0.0,122.65,97.75,0,0.0,0,0,18-APR-2022,
OPTSTK,GLENMARK,26-May-2022,570.0,PE,0.0,0.0,0.0,140.15,102.35,0,0.0,0,0,18-APR-2022,
OPTSTK,GLENMARK,26-May-2022,575.0,PE,0.0,0.0,0.0,131.95,106.95,0,0.0,0,0,18-APR-2022,
OPTSTK,GLENMARK,26-May-2022,580.0,PE,0.0,0.0,0.0,149.2,111.65,0,0.0,0,0,18-APR-2022,
OPTSTK,GLENMARK,26-May-2022,585.0,PE,0.0,0.0,0.0,141.35,116.35,0,0.0,0,0,18-APR-2022,
OPTSTK,GLENMARK,26-May-2022,590.0,PE,0.0,0.0,0.0,158.4,121.1,0,0.0,0,0,18-APR-2022,
OPTSTK,GLENMARK,26-May-2022,595.0,PE,0.0,0.0,0.0,150.85,125.85,0,0.0,0,0,18-APR-2022,
OPTSTK,GLENMARK,26-May-2022,600.0,PE,0.0,0.0,0.0,167.65,130.65,0,0.0,0,0,18-APR-2022,
OPTSTK,GLENMARK,26-May-2022,605.0,PE,0.0,0.0,0.0,160.45,135.45,0,0.0,0,0,18-APR-2022,
OPTSTK,GLENMARK,26-May-2022,610.0,PE,0.0,0.0,0.0,177.0,140.3,0,0.0,0,0,18-APR-2022,
OPTSTK,GLENMARK,26-May-2022,615.0,PE,0.0,0.0,0.0,170.1,145.15,0,0.0,0,0,18-APR-2022,
OPTSTK,GLENMARK,26-May-2022,620.0,PE,0.0,0.0,0.0,186.4,150.0,0,0.0,0,0,18-APR-2022,
OPTSTK,GLENMARK,26-May-2022,625.0,PE,0.0,0.0,0.0,169.85,154.9,0,0.0,0,0,18-APR-2022,
OPTSTK,GLENMARK,26-May-2022,630.0,PE,0.0,0.0,0.0,195.9,159.8,0,0.0,0,0,18-APR-2022,
OPTSTK,GLENMARK,30-Jun-2022,330.0,CE,0.0,0.0,0.0,118.75,141.75,0,0.0,0,0,18-APR-2022,
OPTSTK,GLENMARK,30-Jun-2022,335.0,CE,0.0,0.0,0.0,114.35,137.0,0,0.0,0,0,18-APR-2022,
OPTSTK,GLENMARK,30-Jun-2022,340.0,CE,0.0,0.0,0.0,110.0,132.3,0,0.0,0,0,18-APR-2022,
OPTSTK,GLENMARK,30-Jun-2022,345.0,CE,0.0,0.0,0.0,105.7,127.65,0,0.0,0,0,18-APR-2022,
OPTSTK,GLENMARK,30-Jun-2022,350.0,CE,0.0,0.0,0.0,101.55,123.0,0,0.0,0,0,18-APR-2022,
OPTSTK,GLENMARK,30-Jun-2022,355.0,CE,0.0,0.0,0.0,97.4,118.45,0,0.0,0,0,18-APR-2022,
OPTSTK,GLENMARK,30-Jun-2022,360.0,CE,0.0,0.0,0.0,93.35,113.95,0,0.0,0,0,18-APR-2022,
OPTSTK,GLENMARK,30-Jun-2022,365.0,CE,0.0,0.0,0.0,89.4,109.5,0,0.0,0,0,18-APR-2022,
OPTSTK,GLENMARK,30-Jun-2022,370.0,CE,0.0,0.0,0.0,85.55,105.15,0,0.0,0,0,18-APR-2022,
OPTSTK,GLENMARK,30-Jun-2022,375.0,CE,0.0,0.0,0.0,81.8,100.85,0,0.0,0,0,18-APR-2022,
OPTSTK,GLENMARK,30-Jun-2022,380.0,CE,0.0,0.0,0.0,78.1,96.6,0,0.0,0,0,18-APR-2022,
OPTSTK,GLENMARK,30-Jun-2022,385.0,CE,0.0,0.0,0.0,74.55,92.45,0,0.0,0,0,18-APR-2022,
OPTSTK,GLENMARK,30-Jun-2022,390.0,CE,0.0,0.0,0.0,71.05,88.35,0,0.0,0,0,18-APR-2022,
OPTSTK,GLENMARK,30-Jun-2022,395.0,CE,0.0,0.0,0.0,67.65,84.4,0,0.0,0,0,18-APR-2022,
OPTSTK,GLENMARK,30-Jun-2022,400.0,CE,0.0,0.0,0.0,64.35,80.5,0,0.0,0,0,18-APR-2022,
OPTSTK,GLENMARK,30-Jun-2022,405.0,CE,0.0,0.0,0.0,61.2,76.7,0,0.0,0,0,18-APR-2022,
OPTSTK,GLENMARK,30-Jun-2022,410.0,CE,0.0,0.0,0.0,58.1,73.05,0,0.0,0,0,18-APR-2022,
OPTSTK,GLENMARK,30-Jun-2022,415.0,CE,0.0,0.0,0.0,55.15,69.45,0,0.0,0,0,18-APR-2022,
OPTSTK,GLENMARK,30-Jun-2022,420.0,CE,0.0,0.0,0.0,52.3,65.95,0,0.0,0,0,18-APR-2022,
OPTSTK,GLENMARK,30-Jun-2022,425.0,CE,0.0,0.0,0.0,49.55,62.55,0,0.0,0,0,18-APR-2022,
OPTSTK,GLENMARK,30-Jun-2022,430.0,CE,0.0,0.0,0.0,46.9,59.25,0,0.0,0,0,18-APR-2022,
OPTSTK,GLENMARK,30-Jun-2022,435.0,CE,0.0,0.0,0.0,44.35,56.1,0,0.0,0,0,18-APR-2022,
OPTSTK,GLENMARK,30-Jun-2022,440.0,CE,0.0,0.0,0.0,41.9,53.05,0,0.0,0,0,18-APR-2022,
OPTSTK,GLENMARK,30-Jun-2022,445.0,CE,0.0,0.0,0.0,39.55,50.1,0,0.0,0,0,18-APR-2022,
OPTSTK,GLENMARK,30-Jun-2022,450.0,CE,0.0,0.0,0.0,37.35,47.3,0,0.0,0,0,18-APR-2022,
OPTSTK,GLENMARK,30-Jun-2022,455.0,CE,0.0,0.0,0.0,35.2,44.55,0,0.0,0,0,18-APR-2022,
OPTSTK,GLENMARK,30-Jun-2022,460.0,CE,0.0,0.0,0.0,33.15,41.95,0,0.0,0,0,18-APR-2022,
OPTSTK,GLENMARK,30-Jun-2022,465.0,CE,0.0,0.0,0.0,31.2,39.45,0,0.0,0,0,18-APR-2022,
OPTSTK,GLENMARK,30-Jun-2022,470.0,CE,0.0,0.0,0.0,29.35,37.1,0,0.0,0,0,18-APR-2022,
OPTSTK,GLENMARK,30-Jun-2022,475.0,CE,0.0,0.0,0.0,27.55,34.8,0,0.0,0,0,18-APR-2022,
OPTSTK,GLENMARK,30-Jun-2022,480.0,CE,0.0,0.0,0.0,25.9,32.65,0,0.0,0,0,18-APR-2022,
OPTSTK,GLENMARK,30-Jun-2022,485.0,CE,0.0,0.0,0.0,24.3,30.6,0,0.0,0,0,18-APR-2022,
OPTSTK,GLENMARK,30-Jun-2022,490.0,CE,0.0,0.0,0.0,22.75,28.6,0,0.0,0,0,18-APR-2022,
OPTSTK,GLENMARK,30-Jun-2022,495.0,CE,0.0,0.0,0.0,21.35,26.75,0,0.0,0,0,18-APR-2022,
OPTSTK,GLENMARK,30-Jun-2022,500.0,CE,0.0,0.0,0.0,19.95,25.0,0,0.0,0,0,18-APR-2022,
OPTSTK,GLENMARK,30-Jun-2022,505.0,CE,0.0,0.0,0.0,18.7,23.3,0,0.0,0,0,18-APR-2022,
OPTSTK,GLENMARK,30-Jun-2022,510.0,CE,0.0,0.0,0.0,17.5,21.75,0,0.0,0,0,18-APR-2022,
OPTSTK,GLENMARK,30-Jun-2022,515.0,CE,0.0,0.0,0.0,16.35,20.25,0,0.0,0,0,18-APR-2022,
OPTSTK,GLENMARK,30-Jun-2022,520.0,CE,0.0,0.0,0.0,15.3,18.85,0,0.0,0,0,18-APR-2022,
OPTSTK,GLENMARK,30-Jun-2022,525.0,CE,0.0,0.0,0.0,14.25,17.5,0,0.0,0,0,18-APR-2022,
OPTSTK,GLENMARK,30-Jun-2022,530.0,CE,0.0,0.0,0.0,13.3,16.3,0,0.0,0,0,18-APR-2022,
OPTSTK,GLENMARK,30-Jun-2022,535.0,CE,0.0,0.0,0.0,12.4,15.1,0,0.0,0,0,18-APR-2022,
OPTSTK,GLENMARK,30-Jun-2022,540.0,CE,0.0,0.0,0.0,11.55,14.05,0,0.0,0,0,18-APR-2022,
OPTSTK,GLENMARK,30-Jun-2022,545.0,CE,0.0,0.0,0.0,10.75,13.0,0,0.0,0,0,18-APR-2022,
OPTSTK,GLENMARK,30-Jun-2022,550.0,CE,0.0,0.0,0.0,10.0,12.0,0,0.0,0,0,18-APR-2022,
OPTSTK,GLENMARK,30-Jun-2022,555.0,CE,0.0,0.0,0.0,9.3,11.1,0,0.0,0,0,18-APR-2022,
OPTSTK,GLENMARK,30-Jun-2022,560.0,CE,0.0,0.0,0.0,8.65,10.3,0,0.0,0,0,18-APR-2022,
OPTSTK,GLENMARK,30-Jun-2022,565.0,CE,0.0,0.0,0.0,8.05,9.5,0,0.0,0,0,18-APR-2022,
OPTSTK,GLENMARK,30-Jun-2022,570.0,CE,0.0,0.0,0.0,7.45,8.75,0,0.0,0,0,18-APR-2022,
OPTSTK,GLENMARK,30-Jun-2022,575.0,CE,0.0,0.0,0.0,6.95,8.1,0,0.0,0,0,18-APR-2022,
OPTSTK,GLENMARK,30-Jun-2022,580.0,CE,0.0,0.0,0.0,6.45,7.45,0,0.0,0,0,18-APR-2022,
OPTSTK,GLENMARK,30-Jun-2022,585.0,CE,0.0,0.0,0.0,5.95,6.85,0,0.0,0,0,18-APR-2022,
OPTSTK,GLENMARK,30-Jun-2022,590.0,CE,0.0,0.0,0.0,5.55,6.3,0,0.0,0,0,18-APR-2022,
OPTSTK,GLENMARK,30-Jun-2022,595.0,CE,0.0,0.0,0.0,5.1,5.8,0,0.0,0,0,18-APR-2022,
OPTSTK,GLENMARK,30-Jun-2022,600.0,CE,0.0,0.0,0.0,4.75,5.35,0,0.0,0,0,18-APR-2022,
OPTSTK,GLENMARK,30-Jun-2022,605.0,CE,0.0,0.0,0.0,4.4,4.9,0,0.0,0,0,18-APR-2022,
OPTSTK,GLENMARK,30-Jun-2022,610.0,CE,0.0,0.0,0.0,4.05,4.5,0,0.0,0,0,18-APR-2022,
OPTSTK,GLENMARK,30-Jun-2022,615.0,CE,0.0,0.0,0.0,3.75,4.15,0,0.0,0,0,18-APR-2022,
OPTSTK,GLENMARK,30-Jun-2022,620.0,CE,0.0,0.0,0.0,3.5,3.8,0,0.0,0,0,18-APR-2022,
OPTSTK,GLENMARK,30-Jun-2022,330.0,PE,0.0,0.0,0.0,3.25,1.0,0,0.0,0,0,18-APR-2022,
OPTSTK,GLENMARK,30-Jun-2022,335.0,PE,0.0,0.0,0.0,3.8,1.2,0,0.0,0,0,18-APR-2022,
OPTSTK,GLENMARK,30-Jun-2022,340.0,PE,0.0,0.0,0.0,4.4,1.45,0,0.0,0,0,18-APR-2022,
OPTSTK,GLENMARK,30-Jun-2022,345.0,PE,0.0,0.0,0.0,5.1,1.75,0,0.0,0,0,18-APR-2022,
OPTSTK,GLENMARK,30-Jun-2022,350.0,PE,0.0,0.0,0.0,5.85,2.1,0,0.0,0,0,18-APR-2022,
OPTSTK,GLENMARK,30-Jun-2022,355.0,PE,0.0,0.0,0.0,6.7,2.5,0,0.0,0,0,18-APR-2022,
OPTSTK,GLENMARK,30-Jun-2022,360.0,PE,0.0,0.0,0.0,7.6,2.95,0,0.0,0,0,18-APR-2022,
OPTSTK,GLENMARK,30-Jun-2022,365.0,PE,0.0,0.0,0.0,8.6,3.45,0,0.0,0,0,18-APR-2022,
OPTSTK,GLENMARK,30-Jun-2022,370.0,PE,0.0,0.0,0.0,9.65,4.05,0,0.0,0,0,18-APR-2022,
OPTSTK,GLENMARK,30-Jun-2022,375.0,PE,0.0,0.0,0.0,10.85,4.7,0,0.0,0,0,18-APR-2022,
OPTSTK,GLENMARK,30-Jun-2022,380.0,PE,0.0,0.0,0.0,12.1,5.45,0,0.0,0,0,18-APR-2022,
OPTSTK,GLENMARK,30-Jun-2022,385.0,PE,0.0,0.0,0.0,13.5,6.25,0,0.0,0,0,18-APR-2022,
OPTSTK,GLENMARK,30-Jun-2022,390.0,PE,0.0,0.0,0.0,14.95,7.1,0,0.0,0,0,18-APR-2022,
OPTSTK,GLENMARK,30-Jun-2022,395.0,PE,0.0,0.0,0.0,16.5,8.1,0,0.0,0,0,18-APR-2022,
OPTSTK,GLENMARK,30-Jun-2022,400.0,PE,0.0,0.0,0.0,18.15,9.15,0,0.0,0,0,18-APR-2022,
OPTSTK,GLENMARK,30-Jun-2022,405.0,PE,0.0,0.0,0.0,19.95,10.35,0,0.0,0,0,18-APR-2022,
OPTSTK,GLENMARK,30-Jun-2022,410.0,PE,0.0,0.0,0.0,21.8,11.6,0,0.0,0,0,18-APR-2022,
OPTSTK,GLENMARK,30-Jun-2022,415.0,PE,0.0,0.0,0.0,23.8,12.95,0,0.0,0,0,18-APR-2022,
OPTSTK,GLENMARK,30-Jun-2022,420.0,PE,0.0,0.0,0.0,25.9,14.45,0,0.0,0,0,18-APR-2022,
OPTSTK,GLENMARK,30-Jun-2022,425.0,PE,0.0,0.0,0.0,28.1,16.0,0,0.0,0,0,18-APR-2022,
OPTSTK,GLENMARK,30-Jun-2022,430.0,PE,0.0,0.0,0.0,30.4,17.65,0,0.0,0,0,18-APR-2022,
OPTSTK,GLENMARK,30-Jun-2022,435.0,PE,0.0,0.0,0.0,32.8,19.45,0,0.0,0,0,18-APR-2022,
OPTSTK,GLENMARK,30-Jun-2022,440.0,PE,0.0,0.0,0.0,35.3,21.35,0,0.0,0,0,18-APR-2022,
OPTSTK,GLENMARK,30-Jun-2022,445.0,PE,0.0,0.0,0.0,37.9,23.4,0,0.0,0,0,18-APR-2022,
OPTSTK,GLENMARK,30-Jun-2022,450.0,PE,0.0,0.0,0.0,40.6,25.5,0,0.0,0,0,18-APR-2022,
OPTSTK,GLENMARK,30-Jun-2022,455.0,PE,0.0,0.0,0.0,43.4,27.75,0,0.0,0,0,18-APR-2022,
OPTSTK,GLENMARK,30-Jun-2022,460.0,PE,0.0,0.0,0.0,46.3,30.1,0,0.0,0,0,18-APR-2022,
OPTSTK,GLENMARK,30-Jun-2022,465.0,PE,0.0,0.0,0.0,49.3,32.6,0,0.0,0,0,18-APR-2022,
OPTSTK,GLENMARK,30-Jun-2022,470.0,PE,0.0,0.0,0.0,52.4,35.15,0,0.0,0,0,18-APR-2022,
OPTSTK,GLENMARK,30-Jun-2022,475.0,PE,0.0,0.0,0.0,55.55,37.85,0,0.0,0,0,18-APR-2022,
OPTSTK,GLENMARK,30-Jun-2022,480.0,PE,0.0,0.0,0.0,58.85,40.65,0,0.0,0,0,18-APR-2022,
OPTSTK,GLENMARK,30-Jun-2022,485.0,PE,0.0,0.0,0.0,62.2,43.5,0,0.0,0,0,18-APR-2022,
OPTSTK,GLENMARK,30-Jun-2022,490.0,PE,0.0,0.0,0.0,65.6,46.5,0,0.0,0,0,18-APR-2022,
OPTSTK,GLENMARK,30-Jun-2022,495.0,PE,0.0,0.0,0.0,69.15,49.6,0,0.0,0,0,18-APR-2022,
OPTSTK,GLENMARK,30-Jun-2022,500.0,PE,0.0,0.0,0.0,72.7,52.8,0,0.0,0,0,18-APR-2022,
OPTSTK,GLENMARK,30-Jun-2022,505.0,PE,0.0,0.0,0.0,76.4,56.1,0,0.0,0,0,18-APR-2022,
OPTSTK,GLENMARK,30-Jun-2022,510.0,PE,0.0,0.0,0.0,80.15,59.45,0,0.0,0,0,18-APR-2022,
OPTSTK,GLENMARK,30-Jun-2022,515.0,PE,0.0,0.0,0.0,83.95,62.95,0,0.0,0,0,18-APR-2022,
OPTSTK,GLENMARK,30-Jun-2022,520.0,PE,0.0,0.0,0.0,87.8,66.5,0,0.0,0,0,18-APR-2022,
OPTSTK,GLENMARK,30-Jun-2022,525.0,PE,0.0,0.0,0.0,91.75,70.1,0,0.0,0,0,18-APR-2022,
OPTSTK,GLENMARK,30-Jun-2022,530.0,PE,0.0,0.0,0.0,95.7,73.85,0,0.0,0,0,18-APR-2022,
OPTSTK,GLENMARK,30-Jun-2022,535.0,PE,0.0,0.0,0.0,99.75,77.65,0,0.0,0,0,18-APR-2022,
OPTSTK,GLENMARK,30-Jun-2022,540.0,PE,0.0,0.0,0.0,103.85,81.5,0,0.0,0,0,18-APR-2022,
OPTSTK,GLENMARK,30-Jun-2022,545.0,PE,0.0,0.0,0.0,108.0,85.45,0,0.0,0,0,18-APR-2022,
OPTSTK,GLENMARK,30-Jun-2022,550.0,PE,0.0,0.0,0.0,112.2,89.4,0,0.0,0,0,18-APR-2022,
OPTSTK,GLENMARK,30-Jun-2022,555.0,PE,0.0,0.0,0.0,116.45,93.5,0,0.0,0,0,18-APR-2022,
OPTSTK,GLENMARK,30-Jun-2022,560.0,PE,0.0,0.0,0.0,120.75,97.6,0,0.0,0,0,18-APR-2022,
OPTSTK,GLENMARK,30-Jun-2022,565.0,PE,0.0,0.0,0.0,125.1,101.75,0,0.0,0,0,18-APR-2022,
OPTSTK,GLENMARK,30-Jun-2022,570.0,PE,0.0,0.0,0.0,129.45,106.0,0,0.0,0,0,18-APR-2022,
OPTSTK,GLENMARK,30-Jun-2022,575.0,PE,0.0,0.0,0.0,133.9,110.25,0,0.0,0,0,18-APR-2022,
OPTSTK,GLENMARK,30-Jun-2022,580.0,PE,0.0,0.0,0.0,138.35,114.6,0,0.0,0,0,18-APR-2022,
OPTSTK,GLENMARK,30-Jun-2022,585.0,PE,0.0,0.0,0.0,142.8,118.95,0,0.0,0,0,18-APR-2022,
OPTSTK,GLENMARK,30-Jun-2022,590.0,PE,0.0,0.0,0.0,147.35,123.35,0,0.0,0,0,18-APR-2022,
OPTSTK,GLENMARK,30-Jun-2022,595.0,PE,0.0,0.0,0.0,151.85,127.8,0,0.0,0,0,18-APR-2022,
OPTSTK,GLENMARK,30-Jun-2022,600.0,PE,0.0,0.0,0.0,156.45,132.3,0,0.0,0,0,18-APR-2022,
OPTSTK,GLENMARK,30-Jun-2022,605.0,PE,0.0,0.0,0.0,161.05,136.85,0,0.0,0,0,18-APR-2022,
OPTSTK,GLENMARK,30-Jun-2022,610.0,PE,0.0,0.0,0.0,165.65,141.4,0,0.0,0,0,18-APR-2022,
OPTSTK,GLENMARK,30-Jun-2022,615.0,PE,0.0,0.0,0.0,170.3,146.0,0,0.0,0,0,18-APR-2022,
OPTSTK,GLENMARK,30-Jun-2022,620.0,PE,0.0,0.0,0.0,174.95,150.6,0,0.0,0,0,18-APR-2022,
OPTSTK,GMRINFRA,28-Apr-2022,26.0,CE,0.0,0.0,0.0,14.45,12.65,0,0.0,0,0,18-APR-2022,
OPTSTK,GMRINFRA,28-Apr-2022,27.0,CE,0.0,0.0,0.0,13.55,11.65,0,0.0,0,0,18-APR-2022,
OPTSTK,GMRINFRA,28-Apr-2022,28.0,CE,0.0,0.0,0.0,12.65,10.65,0,0.0,0,0,18-APR-2022,
OPTSTK,GMRINFRA,28-Apr-2022,29.0,CE,0.0,0.0,0.0,11.75,9.65,0,0.0,0,0,18-APR-2022,
OPTSTK,GMRINFRA,28-Apr-2022,30.0,CE,0.0,0.0,0.0,10.9,8.65,0,0.0,0,0,18-APR-2022,
OPTSTK,GMRINFRA,28-Apr-2022,31.0,CE,0.0,0.0,0.0,10.1,7.65,0,0.0,0,0,18-APR-2022,
OPTSTK,GMRINFRA,28-Apr-2022,32.0,CE,0.0,0.0,0.0,9.3,6.7,0,0.0,0,0,18-APR-2022,
OPTSTK,GMRINFRA,28-Apr-2022,33.0,CE,0.0,0.0,0.0,8.55,5.7,0,0.0,0,0,18-APR-2022,
OPTSTK,GMRINFRA,28-Apr-2022,34.0,CE,0.0,0.0,0.0,7.85,4.75,0,0.0,0,0,18-APR-2022,
OPTSTK,GMRINFRA,28-Apr-2022,35.0,CE,0.0,0.0,0.0,4.45,3.9,0,0.0,180000,0,18-APR-2022,
OPTSTK,GMRINFRA,28-Apr-2022,36.0,CE,0.0,0.0,0.0,5.3,3.05,0,0.0,1755000,0,18-APR-2022,
OPTSTK,GMRINFRA,28-Apr-2022,37.0,CE,2.15,2.15,2.15,2.15,2.35,2,17.61,2947500,22500,18-APR-2022,
OPTSTK,GMRINFRA,28-Apr-2022,38.0,CE,1.5,1.5,1.1,1.4,1.4,85,750.96,2902500,382500,18-APR-2022,
OPTSTK,GMRINFRA,28-Apr-2022,39.0,CE,1.15,1.15,0.75,0.9,0.9,146,1308.9,1822500,360000,18-APR-2022,
OPTSTK,GMRINFRA,28-Apr-2022,40.0,CE,0.8,0.8,0.5,0.65,0.65,325,2969.89,7650000,-292500,18-APR-2022,
OPTSTK,GMRINFRA,28-Apr-2022,41.0,CE,0.55,0.55,0.35,0.4,0.4,180,1677.11,4635000,1012500,18-APR-2022,
OPTSTK,GMRINFRA,28-Apr-2022,42.0,CE,0.4,0.4,0.2,0.25,0.25,241,2291.74,4140000,225000,18-APR-2022,
OPTSTK,GMRINFRA,28-Apr-2022,43.0,CE,0.25,0.25,0.1,0.15,0.15,143,1389.04,5355000,-360000,18-APR-2022,
OPTSTK,GMRINFRA,28-Apr-2022,44.0,CE,0.15,0.15,0.1,0.1,0.1,90,893.13,2340000,-135000,18-APR-2022,
OPTSTK,GMRINFRA,28-Apr-2022,45.0,CE,0.1,0.1,0.05,0.05,0.05,119,1207.3,9202500,562500,18-APR-2022,
OPTSTK,GMRINFRA,28-Apr-2022,46.0,CE,0.1,0.1,0.05,0.05,0.05,20,207.23,922500,-180000,18-APR-2022,
OPTSTK,GMRINFRA,28-Apr-2022,47.0,CE,0.05,0.05,0.05,0.05,0.05,16,169.38,1327500,-292500,18-APR-2022,
OPTSTK,GMRINFRA,28-Apr-2022,48.0,CE,0.05,0.05,0.05,0.05,0.05,1,10.81,1012500,22500,18-APR-2022,
OPTSTK,GMRINFRA,28-Apr-2022,49.0,CE,0.0,0.0,0.0,0.05,0.0,0,0.0,225000,0,18-APR-2022,
OPTSTK,GMRINFRA,28-Apr-2022,50.0,CE,0.05,0.05,0.05,0.05,0.0,1,11.26,4860000,0,18-APR-2022,
OPTSTK,GMRINFRA,28-Apr-2022,51.0,CE,0.0,0.0,0.0,0.05,0.0,0,0.0,405000,0,18-APR-2022,
OPTSTK,GMRINFRA,28-Apr-2022,52.0,CE,0.0,0.0,0.0,1.1,0.0,0,0.0,0,0,18-APR-2022,
OPTSTK,GMRINFRA,28-Apr-2022,53.0,CE,0.0,0.0,0.0,0.1,0.0,0,0.0,67500,0,18-APR-2022,
OPTSTK,GMRINFRA,28-Apr-2022,54.0,CE,0.0,0.0,0.0,0.05,0.0,0,0.0,832500,0,18-APR-2022,
OPTSTK,GMRINFRA,28-Apr-2022,26.0,PE,0.0,0.0,0.0,0.05,0.0,0,0.0,67500,0,18-APR-2022,
OPTSTK,GMRINFRA,28-Apr-2022,27.0,PE,0.0,0.0,0.0,0.05,0.0,0,0.0,22500,0,18-APR-2022,
OPTSTK,GMRINFRA,28-Apr-2022,28.0,PE,0.0,0.0,0.0,0.05,0.0,0,0.0,315000,0,18-APR-2022,
OPTSTK,GMRINFRA,28-Apr-2022,29.0,PE,0.0,0.0,0.0,0.45,0.0,0,0.0,0,0,18-APR-2022,
OPTSTK,GMRINFRA,28-Apr-2022,30.0,PE,0.05,0.05,0.05,0.05,0.0,18,121.7,1867500,-360000,18-APR-2022,
OPTSTK,GMRINFRA,28-Apr-2022,31.0,PE,0.05,0.05,0.05,0.05,0.05,3,20.95,630000,0,18-APR-2022,
OPTSTK,GMRINFRA,28-Apr-2022,32.0,PE,0.0,0.0,0.0,0.1,0.05,0,0.0,2565000,0,18-APR-2022,
OPTSTK,GMRINFRA,28-Apr-2022,33.0,PE,0.1,0.1,0.1,0.1,0.1,17,126.6,2002500,-67500,18-APR-2022,
OPTSTK,GMRINFRA,28-Apr-2022,34.0,PE,0.2,0.2,0.1,0.15,0.15,24,184.46,1372500,-292500,18-APR-2022,
OPTSTK,GMRINFRA,28-Apr-2022,35.0,PE,0.4,0.4,0.2,0.2,0.2,118,936.33,2835000,-405000,18-APR-2022,
OPTSTK,GMRINFRA,28-Apr-2022,36.0,PE,0.5,0.5,0.3,0.3,0.3,53,433.9,2745000,112500,18-APR-2022,
OPTSTK,GMRINFRA,28-Apr-2022,37.0,PE,0.65,0.75,0.4,0.45,0.45,130,1099.04,3892500,-562500,18-APR-2022,
OPTSTK,GMRINFRA,28-Apr-2022,38.0,PE,1.0,1.25,0.7,0.75,0.75,87,761.58,3375000,270000,18-APR-2022,
OPTSTK,GMRINFRA,28-Apr-2022,39.0,PE,1.6,1.85,1.15,1.25,1.25,67,608.82,1710000,-90000,18-APR-2022,
OPTSTK,GMRINFRA,28-Apr-2022,40.0,PE,2.2,2.5,1.85,1.85,1.85,13,123.54,2407500,-112500,18-APR-2022,
OPTSTK,GMRINFRA,28-Apr-2022,41.0,PE,2.9,3.35,2.9,3.3,2.9,5,49.68,990000,0,18-APR-2022,
OPTSTK,GMRINFRA,28-Apr-2022,42.0,PE,4.0,4.0,3.85,3.9,3.7,5,51.67,855000,-22500,18-APR-2022,
OPTSTK,GMRINFRA,28-Apr-2022,43.0,PE,0.0,0.0,0.0,3.35,4.6,0,0.0,157500,0,18-APR-2022,
OPTSTK,GMRINFRA,28-Apr-2022,44.0,PE,0.0,0.0,0.0,6.4,5.5,0,0.0,0,0,18-APR-2022,
OPTSTK,GMRINFRA,28-Apr-2022,45.0,PE,0.0,0.0,0.0,6.0,6.45,0,0.0,247500,0,18-APR-2022,
OPTSTK,GMRINFRA,28-Apr-2022,46.0,PE,0.0,0.0,0.0,7.8,7.4,0,0.0,0,0,18-APR-2022,
OPTSTK,GMRINFRA,28-Apr-2022,47.0,PE,0.0,0.0,0.0,8.55,8.4,0,0.0,0,0,18-APR-2022,
OPTSTK,GMRINFRA,28-Apr-2022,48.0,PE,0.0,0.0,0.0,9.3,9.4,0,0.0,0,0,18-APR-2022,
OPTSTK,GMRINFRA,28-Apr-2022,49.0,PE,0.0,0.0,0.0,10.1,10.35,0,0.0,0,0,18-APR-2022,
OPTSTK,GMRINFRA,28-Apr-2022,50.0,PE,0.0,0.0,0.0,10.9,11.35,0,0.0,0,0,18-APR-2022,
OPTSTK,GMRINFRA,28-Apr-2022,51.0,PE,0.0,0.0,0.0,11.7,12.35,0,0.0,0,0,18-APR-2022,
OPTSTK,GMRINFRA,28-Apr-2022,52.0,PE,0.0,0.0,0.0,12.55,13.35,0,0.0,0,0,18-APR-2022,
OPTSTK,GMRINFRA,28-Apr-2022,53.0,PE,0.0,0.0,0.0,13.4,14.35,0,0.0,0,0,18-APR-2022,
OPTSTK,GMRINFRA,28-Apr-2022,54.0,PE,0.0,0.0,0.0,14.35,15.35,0,0.0,22500,0,18-APR-2022,
OPTSTK,GMRINFRA,26-May-2022,26.0,CE,0.0,0.0,0.0,9.3,12.75,0,0.0,0,0,18-APR-2022,
OPTSTK,GMRINFRA,26-May-2022,27.0,CE,0.0,0.0,0.0,8.5,11.8,0,0.0,0,0,18-APR-2022,
OPTSTK,GMRINFRA,26-May-2022,28.0,CE,0.0,0.0,0.0,7.75,10.8,0,0.0,0,0,18-APR-2022,
OPTSTK,GMRINFRA,26-May-2022,29.0,CE,0.0,0.0,0.0,7.0,9.85,0,0.0,0,0,18-APR-2022,
OPTSTK,GMRINFRA,26-May-2022,30.0,CE,0.0,0.0,0.0,6.3,8.95,0,0.0,0,0,18-APR-2022,
OPTSTK,GMRINFRA,26-May-2022,31.0,CE,0.0,0.0,0.0,5.65,8.05,0,0.0,0,0,18-APR-2022,
OPTSTK,GMRINFRA,26-May-2022,32.0,CE,0.0,0.0,0.0,5.1,7.15,0,0.0,0,0,18-APR-2022,
OPTSTK,GMRINFRA,26-May-2022,33.0,CE,0.0,0.0,0.0,4.55,6.35,0,0.0,0,0,18-APR-2022,
OPTSTK,GMRINFRA,26-May-2022,34.0,CE,0.0,0.0,0.0,4.05,5.6,0,0.0,0,0,18-APR-2022,
OPTSTK,GMRINFRA,26-May-2022,35.0,CE,0.0,0.0,0.0,3.55,4.85,0,0.0,0,0,18-APR-2022,
OPTSTK,GMRINFRA,26-May-2022,36.0,CE,0.0,0.0,0.0,3.15,4.2,0,0.0,0,0,18-APR-2022,
OPTSTK,GMRINFRA,26-May-2022,37.0,CE,0.0,0.0,0.0,2.75,3.6,0,0.0,0,0,18-APR-2022,
OPTSTK,GMRINFRA,26-May-2022,38.0,CE,0.0,0.0,0.0,2.45,3.05,0,0.0,0,0,18-APR-2022,
OPTSTK,GMRINFRA,26-May-2022,39.0,CE,0.0,0.0,0.0,2.15,2.6,0,0.0,0,0,18-APR-2022,
OPTSTK,GMRINFRA,26-May-2022,40.0,CE,0.0,0.0,0.0,1.85,2.15,0,0.0,0,0,18-APR-2022,
OPTSTK,GMRINFRA,26-May-2022,41.0,CE,0.0,0.0,0.0,2.75,1.8,0,0.0,22500,0,18-APR-2022,
OPTSTK,GMRINFRA,26-May-2022,42.0,CE,0.0,0.0,0.0,1.4,1.5,0,0.0,0,0,18-APR-2022,
OPTSTK,GMRINFRA,26-May-2022,43.0,CE,1.0,1.0,1.0,1.0,1.2,1,9.9,22500,22500,18-APR-2022,
OPTSTK,GMRINFRA,26-May-2022,44.0,CE,0.0,0.0,0.0,1.05,1.0,0,0.0,0,0,18-APR-2022,
OPTSTK,GMRINFRA,26-May-2022,45.0,CE,0.75,0.75,0.7,0.7,0.8,5,51.43,202500,112500,18-APR-2022,
OPTSTK,GMRINFRA,26-May-2022,46.0,CE,0.55,0.55,0.55,0.55,0.65,1,10.47,45000,0,18-APR-2022,
OPTSTK,GMRINFRA,26-May-2022,47.0,CE,0.0,0.0,0.0,0.7,0.5,0,0.0,0,0,18-APR-2022,
OPTSTK,GMRINFRA,26-May-2022,48.0,CE,0.0,0.0,0.0,0.6,0.4,0,0.0,0,0,18-APR-2022,
OPTSTK,GMRINFRA,26-May-2022,49.0,CE,0.0,0.0,0.0,0.5,0.35,0,0.0,0,0,18-APR-2022,
OPTSTK,GMRINFRA,26-May-2022,50.0,CE,0.0,0.0,0.0,0.4,0.25,0,0.0,45000,0,18-APR-2022,
OPTSTK,GMRINFRA,26-May-2022,51.0,CE,0.0,0.0,0.0,0.4,0.2,0,0.0,0,0,18-APR-2022,
OPTSTK,GMRINFRA,26-May-2022,52.0,CE,0.0,0.0,0.0,1.0,0.15,0,0.0,0,0,18-APR-2022,
OPTSTK,GMRINFRA,26-May-2022,53.0,CE,0.0,0.0,0.0,0.25,0.15,0,0.0,315000,0,18-APR-2022,
OPTSTK,GMRINFRA,26-May-2022,26.0,PE,0.0,0.0,0.0,0.55,0.05,0,0.0,0,0,18-APR-2022,
OPTSTK,GMRINFRA,26-May-2022,27.0,PE,0.0,0.0,0.0,0.7,0.05,0,0.0,0,0,18-APR-2022,
OPTSTK,GMRINFRA,26-May-2022,28.0,PE,0.0,0.0,0.0,0.05,0.1,0,0.0,0,0,18-APR-2022,
OPTSTK,GMRINFRA,26-May-2022,29.0,PE,0.2,0.2,0.2,0.2,0.2,1,6.57,45000,0,18-APR-2022,
OPTSTK,GMRINFRA,26-May-2022,30.0,PE,0.0,0.0,0.0,1.5,0.2,0,0.0,0,0,18-APR-2022,
OPTSTK,GMRINFRA,26-May-2022,31.0,PE,0.0,0.0,0.0,1.85,0.3,0,0.0,0,0,18-APR-2022,
OPTSTK,GMRINFRA,26-May-2022,32.0,PE,0.0,0.0,0.0,2.25,0.45,0,0.0,0,0,18-APR-2022,
OPTSTK,GMRINFRA,26-May-2022,33.0,PE,0.0,0.0,0.0,2.7,0.6,0,0.0,0,0,18-APR-2022,
OPTSTK,GMRINFRA,26-May-2022,34.0,PE,0.0,0.0,0.0,3.15,0.85,0,0.0,0,0,18-APR-2022,
OPTSTK,GMRINFRA,26-May-2022,35.0,PE,0.0,0.0,0.0,0.95,1.1,0,0.0,22500,0,18-APR-2022,
OPTSTK,GMRINFRA,26-May-2022,36.0,PE,0.0,0.0,0.0,1.0,1.45,0,0.0,22500,0,18-APR-2022,
OPTSTK,GMRINFRA,26-May-2022,37.0,PE,1.8,1.8,1.8,1.8,1.85,1,8.73,45000,22500,18-APR-2022,
OPTSTK,GMRINFRA,26-May-2022,38.0,PE,2.2,2.2,2.2,2.2,2.3,2,18.09,67500,45000,18-APR-2022,
OPTSTK,GMRINFRA,26-May-2022,39.0,PE,0.0,0.0,0.0,6.25,2.8,0,0.0,0,0,18-APR-2022,
OPTSTK,GMRINFRA,26-May-2022,40.0,PE,0.0,0.0,0.0,6.95,3.4,0,0.0,0,0,18-APR-2022,
OPTSTK,GMRINFRA,26-May-2022,41.0,PE,0.0,0.0,0.0,7.7,4.0,0,0.0,0,0,18-APR-2022,
OPTSTK,GMRINFRA,26-May-2022,42.0,PE,0.0,0.0,0.0,8.5,4.7,0,0.0,0,0,18-APR-2022,
OPTSTK,GMRINFRA,26-May-2022,43.0,PE,0.0,0.0,0.0,9.3,5.4,0,0.0,0,0,18-APR-2022,
OPTSTK,GMRINFRA,26-May-2022,44.0,PE,0.0,0.0,0.0,10.1,6.2,0,0.0,0,0,18-APR-2022,
OPTSTK,GMRINFRA,26-May-2022,45.0,PE,0.0,0.0,0.0,10.95,7.0,0,0.0,0,0,18-APR-2022,
OPTSTK,GMRINFRA,26-May-2022,46.0,PE,0.0,0.0,0.0,11.8,7.85,0,0.0,0,0,18-APR-2022,
OPTSTK,GMRINFRA,26-May-2022,47.0,PE,0.0,0.0,0.0,12.7,8.7,0,0.0,0,0,18-APR-2022,
OPTSTK,GMRINFRA,26-May-2022,48.0,PE,0.0,0.0,0.0,13.6,9.6,0,0.0,0,0,18-APR-2022,
OPTSTK,GMRINFRA,26-May-2022,49.0,PE,0.0,0.0,0.0,14.5,10.5,0,0.0,0,0,18-APR-2022,
OPTSTK,GMRINFRA,26-May-2022,50.0,PE,0.0,0.0,0.0,15.4,11.45,0,0.0,0,0,18-APR-2022,
OPTSTK,GMRINFRA,26-May-2022,51.0,PE,0.0,0.0,0.0,16.35,12.4,0,0.0,0,0,18-APR-2022,
OPTSTK,GMRINFRA,26-May-2022,52.0,PE,0.0,0.0,0.0,17.3,13.35,0,0.0,0,0,18-APR-2022,
OPTSTK,GMRINFRA,26-May-2022,53.0,PE,0.0,0.0,0.0,18.25,14.3,0,0.0,0,0,18-APR-2022,
OPTSTK,GMRINFRA,30-Jun-2022,26.0,CE,0.0,0.0,0.0,11.6,13.0,0,0.0,0,0,18-APR-2022,
OPTSTK,GMRINFRA,30-Jun-2022,27.0,CE,0.0,0.0,0.0,10.75,12.05,0,0.0,0,0,18-APR-2022,
OPTSTK,GMRINFRA,30-Jun-2022,28.0,CE,0.0,0.0,0.0,9.9,11.15,0,0.0,0,0,18-APR-2022,
OPTSTK,GMRINFRA,30-Jun-2022,29.0,CE,0.0,0.0,0.0,9.1,10.3,0,0.0,0,0,18-APR-2022,
OPTSTK,GMRINFRA,30-Jun-2022,30.0,CE,0.0,0.0,0.0,8.35,9.45,0,0.0,0,0,18-APR-2022,
OPTSTK,GMRINFRA,30-Jun-2022,31.0,CE,0.0,0.0,0.0,7.65,8.65,0,0.0,0,0,18-APR-2022,
OPTSTK,GMRINFRA,30-Jun-2022,32.0,CE,0.0,0.0,0.0,6.95,7.85,0,0.0,0,0,18-APR-2022,
OPTSTK,GMRINFRA,30-Jun-2022,33.0,CE,0.0,0.0,0.0,6.3,7.15,0,0.0,0,0,18-APR-2022,
OPTSTK,GMRINFRA,30-Jun-2022,34.0,CE,0.0,0.0,0.0,5.7,6.45,0,0.0,0,0,18-APR-2022,
OPTSTK,GMRINFRA,30-Jun-2022,35.0,CE,0.0,0.0,0.0,5.15,5.8,0,0.0,0,0,18-APR-2022,
OPTSTK,GMRINFRA,30-Jun-2022,36.0,CE,0.0,0.0,0.0,4.65,5.2,0,0.0,0,0,18-APR-2022,
OPTSTK,GMRINFRA,30-Jun-2022,37.0,CE,0.0,0.0,0.0,4.15,4.65,0,0.0,0,0,18-APR-2022,
OPTSTK,GMRINFRA,30-Jun-2022,38.0,CE,0.0,0.0,0.0,3.75,4.15,0,0.0,0,0,18-APR-2022,
OPTSTK,GMRINFRA,30-Jun-2022,39.0,CE,0.0,0.0,0.0,3.35,3.7,0,0.0,0,0,18-APR-2022,
OPTSTK,GMRINFRA,30-Jun-2022,40.0,CE,0.0,0.0,0.0,2.95,3.25,0,0.0,0,0,18-APR-2022,
OPTSTK,GMRINFRA,30-Jun-2022,41.0,CE,0.0,0.0,0.0,2.65,2.85,0,0.0,0,0,18-APR-2022,
OPTSTK,GMRINFRA,30-Jun-2022,42.0,CE,0.0,0.0,0.0,2.35,2.5,0,0.0,0,0,18-APR-2022,
OPTSTK,GMRINFRA,30-Jun-2022,43.0,CE,0.0,0.0,0.0,2.1,2.2,0,0.0,0,0,18-APR-2022,
OPTSTK,GMRINFRA,30-Jun-2022,44.0,CE,0.0,0.0,0.0,1.85,1.95,0,0.0,0,0,18-APR-2022,
OPTSTK,GMRINFRA,30-Jun-2022,45.0,CE,0.0,0.0,0.0,1.65,1.7,0,0.0,0,0,18-APR-2022,
OPTSTK,GMRINFRA,30-Jun-2022,46.0,CE,0.0,0.0,0.0,1.45,1.45,0,0.0,0,0,18-APR-2022,
OPTSTK,GMRINFRA,30-Jun-2022,47.0,CE,0.0,0.0,0.0,1.25,1.3,0,0.0,0,0,18-APR-2022,
OPTSTK,GMRINFRA,30-Jun-2022,48.0,CE,0.5,0.65,0.5,0.65,1.1,4,43.71,0,-45000,18-APR-2022,
OPTSTK,GMRINFRA,30-Jun-2022,49.0,CE,2.85,2.85,2.85,2.85,0.95,1,11.66,22500,22500,18-APR-2022,
OPTSTK,GMRINFRA,30-Jun-2022,50.0,CE,0.0,0.0,0.0,0.85,0.85,0,0.0,0,0,18-APR-2022,
OPTSTK,GMRINFRA,30-Jun-2022,51.0,CE,0.0,0.0,0.0,0.75,0.7,0,0.0,0,0,18-APR-2022,
OPTSTK,GMRINFRA,30-Jun-2022,52.0,CE,0.0,0.0,0.0,0.65,0.6,0,0.0,0,0,18-APR-2022,
OPTSTK,GMRINFRA,30-Jun-2022,53.0,CE,0.0,0.0,0.0,0.6,0.55,0,0.0,0,0,18-APR-2022,
OPTSTK,GMRINFRA,30-Jun-2022,26.0,PE,0.0,0.0,0.0,0.15,0.15,0,0.0,45000,0,18-APR-2022,
OPTSTK,GMRINFRA,30-Jun-2022,27.0,PE,0.0,0.0,0.0,0.5,0.25,0,0.0,0,0,18-APR-2022,
OPTSTK,GMRINFRA,30-Jun-2022,28.0,PE,0.0,0.0,0.0,3.0,0.35,0,0.0,22500,0,18-APR-2022,
OPTSTK,GMRINFRA,30-Jun-2022,29.0,PE,0.0,0.0,0.0,0.2,0.45,0,0.0,0,0,18-APR-2022,
OPTSTK,GMRINFRA,30-Jun-2022,30.0,PE,0.0,0.0,0.0,2.75,0.6,0,0.0,45000,0,18-APR-2022,
OPTSTK,GMRINFRA,30-Jun-2022,31.0,PE,0.0,0.0,0.0,1.35,0.8,0,0.0,0,0,18-APR-2022,
OPTSTK,GMRINFRA,30-Jun-2022,32.0,PE,0.0,0.0,0.0,1.65,1.0,0,0.0,0,0,18-APR-2022,
OPTSTK,GMRINFRA,30-Jun-2022,33.0,PE,0.0,0.0,0.0,2.0,1.25,0,0.0,0,0,18-APR-2022,
OPTSTK,GMRINFRA,30-Jun-2022,34.0,PE,0.0,0.0,0.0,2.4,1.55,0,0.0,0,0,18-APR-2022,
OPTSTK,GMRINFRA,30-Jun-2022,35.0,PE,0.0,0.0,0.0,2.85,1.9,0,0.0,0,0,18-APR-2022,
OPTSTK,GMRINFRA,30-Jun-2022,36.0,PE,0.0,0.0,0.0,3.3,2.3,0,0.0,0,0,18-APR-2022,
OPTSTK,GMRINFRA,30-Jun-2022,37.0,PE,0.0,0.0,0.0,3.85,2.75,0,0.0,0,0,18-APR-2022,
OPTSTK,GMRINFRA,30-Jun-2022,38.0,PE,0.0,0.0,0.0,1.8,3.25,0,0.0,22500,0,18-APR-2022,
OPTSTK,GMRINFRA,30-Jun-2022,39.0,PE,0.0,0.0,0.0,4.95,3.75,0,0.0,0,0,18-APR-2022,
OPTSTK,GMRINFRA,30-Jun-2022,40.0,PE,0.0,0.0,0.0,5.6,4.3,0,0.0,0,0,18-APR-2022,
OPTSTK,GMRINFRA,30-Jun-2022,41.0,PE,0.0,0.0,0.0,6.25,4.9,0,0.0,0,0,18-APR-2022,
OPTSTK,GMRINFRA,30-Jun-2022,42.0,PE,0.0,0.0,0.0,6.95,5.55,0,0.0,0,0,18-APR-2022,
OPTSTK,GMRINFRA,30-Jun-2022,43.0,PE,0.0,0.0,0.0,7.7,6.25,0,0.0,0,0,18-APR-2022,
OPTSTK,GMRINFRA,30-Jun-2022,44.0,PE,0.0,0.0,0.0,8.45,6.95,0,0.0,0,0,18-APR-2022,
OPTSTK,GMRINFRA,30-Jun-2022,45.0,PE,0.0,0.0,0.0,9.2,7.7,0,0.0,0,0,18-APR-2022,
OPTSTK,GMRINFRA,30-Jun-2022,46.0,PE,0.0,0.0,0.0,10.0,8.5,0,0.0,0,0,18-APR-2022,
OPTSTK,GMRINFRA,30-Jun-2022,47.0,PE,0.0,0.0,0.0,10.8,9.3,0,0.0,0,0,18-APR-2022,
OPTSTK,GMRINFRA,30-Jun-2022,48.0,PE,0.0,0.0,0.0,11.65,10.1,0,0.0,0,0,18-APR-2022,
OPTSTK,GMRINFRA,30-Jun-2022,49.0,PE,0.0,0.0,0.0,12.5,10.95,0,0.0,0,0,18-APR-2022,
OPTSTK,GMRINFRA,30-Jun-2022,50.0,PE,0.0,0.0,0.0,13.4,11.8,0,0.0,0,0,18-APR-2022,
OPTSTK,GMRINFRA,30-Jun-2022,51.0,PE,0.0,0.0,0.0,14.25,12.7,0,0.0,0,0,18-APR-2022,
OPTSTK,GMRINFRA,30-Jun-2022,52.0,PE,0.0,0.0,0.0,15.15,13.6,0,0.0,0,0,18-APR-2022,
OPTSTK,GMRINFRA,30-Jun-2022,53.0,PE,0.0,0.0,0.0,16.05,14.5,0,0.0,0,0,18-APR-2022,
OPTSTK,GNFC,28-Apr-2022,350.0,CE,0.0,0.0,0.0,128.9,538.15,0,0.0,0,0,18-APR-2022,
OPTSTK,GNFC,28-Apr-2022,360.0,CE,0.0,0.0,0.0,120.85,528.2,0,0.0,0,0,18-APR-2022,
OPTSTK,GNFC,28-Apr-2022,370.0,CE,0.0,0.0,0.0,113.05,518.2,0,0.0,0,0,18-APR-2022,
OPTSTK,GNFC,28-Apr-2022,380.0,CE,0.0,0.0,0.0,105.6,508.2,0,0.0,0,0,18-APR-2022,
OPTSTK,GNFC,28-Apr-2022,390.0,CE,0.0,0.0,0.0,98.4,498.2,0,0.0,0,0,18-APR-2022,
OPTSTK,GNFC,28-Apr-2022,400.0,CE,0.0,0.0,0.0,91.55,488.2,0,0.0,0,0,18-APR-2022,
OPTSTK,GNFC,28-Apr-2022,410.0,CE,0.0,0.0,0.0,84.95,478.25,0,0.0,0,0,18-APR-2022,
OPTSTK,GNFC,28-Apr-2022,420.0,CE,0.0,0.0,0.0,78.75,468.25,0,0.0,0,0,18-APR-2022,
OPTSTK,GNFC,28-Apr-2022,430.0,CE,0.0,0.0,0.0,72.85,458.25,0,0.0,0,0,18-APR-2022,
OPTSTK,GNFC,28-Apr-2022,440.0,CE,0.0,0.0,0.0,67.3,448.25,0,0.0,0,0,18-APR-2022,
OPTSTK,GNFC,28-Apr-2022,450.0,CE,0.0,0.0,0.0,62.05,438.3,0,0.0,0,0,18-APR-2022,
OPTSTK,GNFC,28-Apr-2022,460.0,CE,0.0,0.0,0.0,57.1,428.3,0,0.0,0,0,18-APR-2022,
OPTSTK,GNFC,28-Apr-2022,470.0,CE,0.0,0.0,0.0,52.5,418.3,0,0.0,0,0,18-APR-2022,
OPTSTK,GNFC,28-Apr-2022,480.0,CE,0.0,0.0,0.0,48.15,408.3,0,0.0,0,0,18-APR-2022,
OPTSTK,GNFC,28-Apr-2022,490.0,CE,0.0,0.0,0.0,44.15,398.3,0,0.0,0,0,18-APR-2022,
OPTSTK,GNFC,28-Apr-2022,500.0,CE,0.0,0.0,0.0,40.4,388.35,0,0.0,0,0,18-APR-2022,
OPTSTK,GNFC,28-Apr-2022,510.0,CE,0.0,0.0,0.0,36.9,378.35,0,0.0,0,0,18-APR-2022,
OPTSTK,GNFC,28-Apr-2022,520.0,CE,0.0,0.0,0.0,33.7,368.35,0,0.0,0,0,18-APR-2022,
OPTSTK,GNFC,28-Apr-2022,530.0,CE,0.0,0.0,0.0,30.7,358.35,0,0.0,0,0,18-APR-2022,
OPTSTK,GNFC,28-Apr-2022,540.0,CE,0.0,0.0,0.0,27.95,348.4,0,0.0,0,0,18-APR-2022,
OPTSTK,GNFC,28-Apr-2022,550.0,CE,0.0,0.0,0.0,25.45,338.4,0,0.0,0,0,18-APR-2022,
OPTSTK,GNFC,28-Apr-2022,560.0,CE,0.0,0.0,0.0,23.1,328.4,0,0.0,0,0,18-APR-2022,
OPTSTK,GNFC,28-Apr-2022,570.0,CE,0.0,0.0,0.0,21.0,318.4,0,0.0,0,0,18-APR-2022,
OPTSTK,GNFC,28-Apr-2022,580.0,CE,0.0,0.0,0.0,201.0,308.4,0,0.0,1300,0,18-APR-2022,
OPTSTK,GNFC,28-Apr-2022,590.0,CE,0.0,0.0,0.0,247.5,298.45,0,0.0,2600,0,18-APR-2022,
OPTSTK,GNFC,28-Apr-2022,600.0,CE,275.0,290.0,275.0,290.0,288.45,2,22.94,18200,0,18-APR-2022,
OPTSTK,GNFC,28-Apr-2022,610.0,CE,0.0,0.0,0.0,39.55,278.45,0,0.0,0,0,18-APR-2022,
OPTSTK,GNFC,28-Apr-2022,620.0,CE,0.0,0.0,0.0,12.75,268.45,0,0.0,0,0,18-APR-2022,
OPTSTK,GNFC,28-Apr-2022,630.0,CE,0.0,0.0,0.0,180.0,258.5,0,0.0,1300,0,18-APR-2022,
OPTSTK,GNFC,28-Apr-2022,640.0,CE,0.0,0.0,0.0,200.0,248.5,0,0.0,1300,0,18-APR-2022,
OPTSTK,GNFC,28-Apr-2022,650.0,CE,0.0,0.0,0.0,194.0,238.5,0,0.0,5200,0,18-APR-2022,
OPTSTK,GNFC,28-Apr-2022,660.0,CE,0.0,0.0,0.0,14.3,228.55,0,0.0,0,0,18-APR-2022,
OPTSTK,GNFC,28-Apr-2022,670.0,CE,0.0,0.0,0.0,12.9,218.6,0,0.0,0,0,18-APR-2022,
OPTSTK,GNFC,28-Apr-2022,680.0,CE,0.0,0.0,0.0,60.5,208.6,0,0.0,1300,0,18-APR-2022,
OPTSTK,GNFC,28-Apr-2022,690.0,CE,0.0,0.0,0.0,64.4,198.7,0,0.0,2600,0,18-APR-2022,
OPTSTK,GNFC,28-Apr-2022,700.0,CE,0.0,0.0,0.0,170.95,188.8,0,0.0,68900,0,18-APR-2022,
OPTSTK,GNFC,28-Apr-2022,710.0,CE,0.0,0.0,0.0,100.0,178.9,0,0.0,0,0,18-APR-2022,
OPTSTK,GNFC,28-Apr-2022,720.0,CE,0.0,0.0,0.0,145.4,169.1,0,0.0,13000,0,18-APR-2022,
OPTSTK,GNFC,28-Apr-2022,730.0,CE,0.0,0.0,0.0,162.0,159.35,0,0.0,2600,0,18-APR-2022,
OPTSTK,GNFC,28-Apr-2022,740.0,CE,0.0,0.0,0.0,90.0,149.65,0,0.0,0,0,18-APR-2022,
OPTSTK,GNFC,28-Apr-2022,750.0,CE,0.0,0.0,0.0,120.45,140.1,0,0.0,26000,0,18-APR-2022,
OPTSTK,GNFC,28-Apr-2022,760.0,CE,0.0,0.0,0.0,120.0,130.7,0,0.0,2600,0,18-APR-2022,
OPTSTK,GNFC,28-Apr-2022,770.0,CE,110.0,110.0,110.0,110.0,121.4,1,11.44,2600,0,18-APR-2022,
OPTSTK,GNFC,28-Apr-2022,780.0,CE,100.0,100.0,100.0,100.0,112.35,1,11.44,19500,0,18-APR-2022,
OPTSTK,GNFC,28-Apr-2022,790.0,CE,0.0,0.0,0.0,87.0,103.55,0,0.0,2600,0,18-APR-2022,
OPTSTK,GNFC,28-Apr-2022,800.0,CE,71.95,97.15,71.95,95.75,95.75,28,323.09,109200,-9100,18-APR-2022,
OPTSTK,GNFC,28-Apr-2022,810.0,CE,0.0,0.0,0.0,104.35,86.7,0,0.0,3900,0,18-APR-2022,
OPTSTK,GNFC,28-Apr-2022,820.0,CE,56.0,73.45,56.0,73.45,78.8,3,34.54,53300,0,18-APR-2022,
OPTSTK,GNFC,28-Apr-2022,830.0,CE,0.0,0.0,0.0,49.0,71.25,0,0.0,16900,0,18-APR-2022,
OPTSTK,GNFC,28-Apr-2022,840.0,CE,44.85,62.4,44.85,62.35,62.35,20,232.34,96200,-7800,18-APR-2022,
OPTSTK,GNFC,28-Apr-2022,850.0,CE,33.2,55.0,29.0,53.45,53.45,164,1913.27,162500,-80600,18-APR-2022,
OPTSTK,GNFC,28-Apr-2022,860.0,CE,9.7,47.3,9.7,46.5,46.5,274,3204.04,162500,-48100,18-APR-2022,
OPTSTK,GNFC,28-Apr-2022,870.0,CE,18.65,41.0,18.65,39.9,39.9,578,6794.61,210600,-40300,18-APR-2022,
OPTSTK,GNFC,28-Apr-2022,880.0,CE,17.7,35.85,17.35,34.15,34.15,1317,15589.81,310700,-33800,18-APR-2022,
OPTSTK,GNFC,28-Apr-2022,890.0,CE,17.3,30.85,14.4,29.35,29.35,623,7421.64,291200,59800,18-APR-2022,
OPTSTK,GNFC,28-Apr-2022,900.0,CE,14.0,26.3,11.2,25.4,25.4,2745,32922.51,1111500,104000,18-APR-2022,
OPTSTK,GNFC,28-Apr-2022,910.0,CE,14.2,22.15,12.45,21.6,21.6,371,4481.38,254800,28600,18-APR-2022,
OPTSTK,GNFC,28-Apr-2022,920.0,CE,9.4,18.7,8.4,17.95,17.95,561,6824.05,275600,37700,18-APR-2022,
OPTSTK,GNFC,28-Apr-2022,930.0,CE,9.0,15.45,8.7,15.0,15.0,251,3076.9,105300,-9100,18-APR-2022,
OPTSTK,GNFC,28-Apr-2022,940.0,CE,6.55,12.8,5.95,12.05,12.05,606,7488.74,273000,-53300,18-APR-2022,
OPTSTK,GNFC,28-Apr-2022,960.0,CE,4.55,8.75,4.15,8.3,8.3,542,6815.27,349700,19500,18-APR-2022,
OPTSTK,GNFC,28-Apr-2022,980.0,CE,2.55,6.0,2.5,5.85,5.85,202,2587.39,248300,9100,18-APR-2022,
OPTSTK,GNFC,28-Apr-2022,1000.0,CE,2.3,4.5,2.3,4.05,4.05,615,8024.94,513500,-40300,18-APR-2022,
OPTSTK,GNFC,28-Apr-2022,1020.0,CE,1.6,2.95,1.4,2.6,2.6,249,3309.32,300300,46800,18-APR-2022,
OPTSTK,GNFC,28-Apr-2022,1040.0,CE,1.25,2.15,0.95,1.7,1.7,199,2694.61,196300,3900,18-APR-2022,
OPTSTK,GNFC,28-Apr-2022,350.0,PE,0.0,0.0,0.0,7.95,0.0,0,0.0,0,0,18-APR-2022,
OPTSTK,GNFC,28-Apr-2022,360.0,PE,0.0,0.0,0.0,9.8,0.0,0,0.0,0,0,18-APR-2022,
OPTSTK,GNFC,28-Apr-2022,370.0,PE,0.0,0.0,0.0,11.9,0.0,0,0.0,0,0,18-APR-2022,
OPTSTK,GNFC,28-Apr-2022,380.0,PE,0.0,0.0,0.0,0.2,0.0,0,0.0,2600,0,18-APR-2022,
OPTSTK,GNFC,28-Apr-2022,390.0,PE,0.0,0.0,0.0,17.05,0.0,0,0.0,0,0,18-APR-2022,
OPTSTK,GNFC,28-Apr-2022,400.0,PE,0.0,0.0,0.0,20.05,0.0,0,0.0,0,0,18-APR-2022,
OPTSTK,GNFC,28-Apr-2022,410.0,PE,0.0,0.0,0.0,23.4,0.0,0,0.0,0,0,18-APR-2022,
OPTSTK,GNFC,28-Apr-2022,420.0,PE,0.0,0.0,0.0,27.05,0.0,0,0.0,0,0,18-APR-2022,
OPTSTK,GNFC,28-Apr-2022,430.0,PE,0.0,0.0,0.0,31.05,0.0,0,0.0,0,0,18-APR-2022,
OPTSTK,GNFC,28-Apr-2022,440.0,PE,0.0,0.0,0.0,35.4,0.0,0,0.0,0,0,18-APR-2022,
OPTSTK,GNFC,28-Apr-2022,450.0,PE,0.0,0.0,0.0,40.05,0.0,0,0.0,0,0,18-APR-2022,
OPTSTK,GNFC,28-Apr-2022,460.0,PE,0.0,0.0,0.0,45.0,0.0,0,0.0,0,0,18-APR-2022,
OPTSTK,GNFC,28-Apr-2022,470.0,PE,0.0,0.0,0.0,50.3,0.0,0,0.0,0,0,18-APR-2022,
OPTSTK,GNFC,28-Apr-2022,480.0,PE,0.0,0.0,0.0,55.85,0.0,0,0.0,0,0,18-APR-2022,
OPTSTK,GNFC,28-Apr-2022,490.0,PE,0.0,0.0,0.0,61.75,0.0,0,0.0,0,0,18-APR-2022,
OPTSTK,GNFC,28-Apr-2022,500.0,PE,0.0,0.0,0.0,67.85,0.0,0,0.0,0,0,18-APR-2022,
OPTSTK,GNFC,28-Apr-2022,510.0,PE,0.0,0.0,0.0,74.3,0.0,0,0.0,0,0,18-APR-2022,
OPTSTK,GNFC,28-Apr-2022,520.0,PE,0.0,0.0,0.0,0.25,0.0,0,0.0,2600,0,18-APR-2022,
OPTSTK,GNFC,28-Apr-2022,530.0,PE,0.0,0.0,0.0,1.0,0.0,0,0.0,1300,0,18-APR-2022,
OPTSTK,GNFC,28-Apr-2022,540.0,PE,0.0,0.0,0.0,95.0,0.0,0,0.0,0,0,18-APR-2022,
OPTSTK,GNFC,28-Apr-2022,550.0,PE,0.0,0.0,0.0,0.55,0.0,0,0.0,5200,0,18-APR-2022,
OPTSTK,GNFC,28-Apr-2022,560.0,PE,0.0,0.0,0.0,110.0,0.0,0,0.0,0,0,18-APR-2022,
OPTSTK,GNFC,28-Apr-2022,570.0,PE,0.0,0.0,0.0,117.75,0.0,0,0.0,0,0,18-APR-2022,
OPTSTK,GNFC,28-Apr-2022,580.0,PE,0.0,0.0,0.0,2.0,0.0,0,0.0,1300,0,18-APR-2022,
OPTSTK,GNFC,28-Apr-2022,590.0,PE,1.0,1.0,1.0,1.0,1.0,1,7.68,5200,1300,18-APR-2022,
OPTSTK,GNFC,28-Apr-2022,600.0,PE,0.6,0.6,0.15,0.15,0.0,2,15.6,37700,0,18-APR-2022,
OPTSTK,GNFC,28-Apr-2022,610.0,PE,0.0,0.0,0.0,150.45,0.0,0,0.0,0,0,18-APR-2022,
OPTSTK,GNFC,28-Apr-2022,620.0,PE,0.0,0.0,0.0,159.0,0.0,0,0.0,0,0,18-APR-2022,
OPTSTK,GNFC,28-Apr-2022,630.0,PE,0.0,0.0,0.0,167.65,0.05,0,0.0,0,0,18-APR-2022,
OPTSTK,GNFC,28-Apr-2022,640.0,PE,0.0,0.0,0.0,176.4,0.05,0,0.0,0,0,18-APR-2022,
OPTSTK,GNFC,28-Apr-2022,650.0,PE,0.45,0.45,0.45,0.45,0.45,6,50.73,37700,1300,18-APR-2022,
OPTSTK,GNFC,28-Apr-2022,660.0,PE,0.0,0.0,0.0,5.9,0.05,0,0.0,1300,0,18-APR-2022,
OPTSTK,GNFC,28-Apr-2022,670.0,PE,0.0,0.0,0.0,161.15,0.05,0,0.0,0,0,18-APR-2022,
OPTSTK,GNFC,28-Apr-2022,680.0,PE,0.0,0.0,0.0,1.3,0.1,0,0.0,3900,0,18-APR-2022,
OPTSTK,GNFC,28-Apr-2022,690.0,PE,0.0,0.0,0.0,8.5,0.15,0,0.0,0,0,18-APR-2022,
OPTSTK,GNFC,28-Apr-2022,700.0,PE,1.1,1.3,0.8,0.95,0.25,151,1376.07,218400,-3900,18-APR-2022,
OPTSTK,GNFC,28-Apr-2022,710.0,PE,0.0,0.0,0.0,2.6,0.35,0,0.0,2600,0,18-APR-2022,
OPTSTK,GNFC,28-Apr-2022,720.0,PE,0.0,0.0,0.0,3.45,0.5,0,0.0,16900,0,18-APR-2022,
OPTSTK,GNFC,28-Apr-2022,730.0,PE,0.0,0.0,0.0,2.0,0.75,0,0.0,10400,0,18-APR-2022,
OPTSTK,GNFC,28-Apr-2022,740.0,PE,0.0,0.0,0.0,2.8,1.05,0,0.0,11700,0,18-APR-2022,
OPTSTK,GNFC,28-Apr-2022,750.0,PE,3.35,3.35,2.0,2.0,2.0,91,890.21,143000,5200,18-APR-2022,
OPTSTK,GNFC,28-Apr-2022,760.0,PE,0.0,0.0,0.0,4.0,2.05,0,0.0,50700,0,18-APR-2022,
OPTSTK,GNFC,28-Apr-2022,770.0,PE,4.6,4.6,2.65,2.95,2.95,34,341.88,50700,-3900,18-APR-2022,
OPTSTK,GNFC,28-Apr-2022,780.0,PE,5.4,5.4,3.6,3.65,3.75,53,540.5,79300,-31200,18-APR-2022,
OPTSTK,GNFC,28-Apr-2022,790.0,PE,6.05,6.35,4.7,5.8,4.9,10,103.41,33800,-5200,18-APR-2022,
OPTSTK,GNFC,28-Apr-2022,800.0,PE,9.5,9.5,4.3,4.6,4.6,405,4244.01,369200,-2600,18-APR-2022,
OPTSTK,GNFC,28-Apr-2022,810.0,PE,7.75,8.0,6.6,8.0,8.05,8,84.99,26000,-2600,18-APR-2022,
OPTSTK,GNFC,28-Apr-2022,820.0,PE,12.0,13.15,6.5,7.15,7.15,211,2273.59,152100,-13000,18-APR-2022,
OPTSTK,GNFC,28-Apr-2022,830.0,PE,17.25,17.25,8.0,8.25,8.25,76,830.79,52000,0,18-APR-2022,
OPTSTK,GNFC,28-Apr-2022,840.0,PE,21.75,21.75,9.9,10.65,10.65,223,2472.98,158600,-1300,18-APR-2022,
OPTSTK,GNFC,28-Apr-2022,850.0,PE,25.0,27.5,12.3,13.15,13.15,320,3605.61,191100,13000,18-APR-2022,
OPTSTK,GNFC,28-Apr-2022,860.0,PE,29.15,33.0,15.15,16.3,16.3,346,3955.99,141700,9100,18-APR-2022,
OPTSTK,GNFC,28-Apr-2022,870.0,PE,37.0,37.0,18.4,19.85,19.85,282,3275.34,166400,65000,18-APR-2022,
OPTSTK,GNFC,28-Apr-2022,880.0,PE,40.0,40.0,22.5,23.95,23.95,223,2631.12,109200,14300,18-APR-2022,
OPTSTK,GNFC,28-Apr-2022,890.0,PE,37.15,37.15,27.45,28.6,28.6,98,1175.0,97500,63700,18-APR-2022,
OPTSTK,GNFC,28-Apr-2022,900.0,PE,50.0,50.0,33.3,34.55,34.55,50,610.07,152100,0,18-APR-2022,
OPTSTK,GNFC,28-Apr-2022,910.0,PE,48.25,48.25,43.55,43.55,47.35,2,24.85,11700,0,18-APR-2022,
OPTSTK,GNFC,28-Apr-2022,920.0,PE,0.0,0.0,0.0,80.3,53.7,0,0.0,11700,0,18-APR-2022,
OPTSTK,GNFC,28-Apr-2022,930.0,PE,0.0,0.0,0.0,77.0,60.4,0,0.0,1300,0,18-APR-2022,
OPTSTK,GNFC,28-Apr-2022,940.0,PE,0.0,0.0,0.0,188.6,67.5,0,0.0,0,0,18-APR-2022,
OPTSTK,GNFC,28-Apr-2022,960.0,PE,70.0,70.0,70.0,70.0,82.8,1,13.39,1300,1300,18-APR-2022,
OPTSTK,GNFC,28-Apr-2022,980.0,PE,0.0,0.0,0.0,189.6,99.2,0,0.0,0,0,18-APR-2022,
OPTSTK,GNFC,28-Apr-2022,1000.0,PE,0.0,0.0,0.0,187.65,116.6,0,0.0,0,0,18-APR-2022,
OPTSTK,GNFC,28-Apr-2022,1020.0,PE,0.0,0.0,0.0,189.9,134.75,0,0.0,0,0,18-APR-2022,
OPTSTK,GNFC,28-Apr-2022,1040.0,PE,0.0,0.0,0.0,200.9,153.45,0,0.0,0,0,18-APR-2022,
OPTSTK,GNFC,26-May-2022,350.0,CE,0.0,0.0,0.0,166.7,539.3,0,0.0,0,0,18-APR-2022,
OPTSTK,GNFC,26-May-2022,360.0,CE,0.0,0.0,0.0,158.05,529.35,0,0.0,0,0,18-APR-2022,
OPTSTK,GNFC,26-May-2022,370.0,CE,0.0,0.0,0.0,149.6,519.4,0,0.0,0,0,18-APR-2022,
OPTSTK,GNFC,26-May-2022,380.0,CE,0.0,0.0,0.0,141.4,509.45,0,0.0,0,0,18-APR-2022,
OPTSTK,GNFC,26-May-2022,390.0,CE,0.0,0.0,0.0,133.4,499.5,0,0.0,0,0,18-APR-2022,
OPTSTK,GNFC,26-May-2022,400.0,CE,0.0,0.0,0.0,125.7,489.55,0,0.0,0,0,18-APR-2022,
OPTSTK,GNFC,26-May-2022,410.0,CE,0.0,0.0,0.0,118.25,479.6,0,0.0,0,0,18-APR-2022,
OPTSTK,GNFC,26-May-2022,420.0,CE,0.0,0.0,0.0,111.05,469.65,0,0.0,0,0,18-APR-2022,
OPTSTK,GNFC,26-May-2022,430.0,CE,0.0,0.0,0.0,104.15,459.65,0,0.0,0,0,18-APR-2022,
OPTSTK,GNFC,26-May-2022,440.0,CE,0.0,0.0,0.0,97.5,449.7,0,0.0,0,0,18-APR-2022,
OPTSTK,GNFC,26-May-2022,450.0,CE,0.0,0.0,0.0,91.15,439.75,0,0.0,0,0,18-APR-2022,
OPTSTK,GNFC,26-May-2022,460.0,CE,0.0,0.0,0.0,85.15,429.8,0,0.0,0,0,18-APR-2022,
OPTSTK,GNFC,26-May-2022,470.0,CE,0.0,0.0,0.0,79.4,419.85,0,0.0,0,0,18-APR-2022,
OPTSTK,GNFC,26-May-2022,480.0,CE,0.0,0.0,0.0,73.95,409.9,0,0.0,0,0,18-APR-2022,
OPTSTK,GNFC,26-May-2022,490.0,CE,0.0,0.0,0.0,68.75,399.95,0,0.0,0,0,18-APR-2022,
OPTSTK,GNFC,26-May-2022,500.0,CE,0.0,0.0,0.0,63.9,390.05,0,0.0,0,0,18-APR-2022,
OPTSTK,GNFC,26-May-2022,510.0,CE,0.0,0.0,0.0,59.25,380.1,0,0.0,0,0,18-APR-2022,
OPTSTK,GNFC,26-May-2022,520.0,CE,0.0,0.0,0.0,54.95,370.15,0,0.0,0,0,18-APR-2022,
OPTSTK,GNFC,26-May-2022,530.0,CE,0.0,0.0,0.0,50.85,360.25,0,0.0,0,0,18-APR-2022,
OPTSTK,GNFC,26-May-2022,540.0,CE,0.0,0.0,0.0,47.0,350.35,0,0.0,0,0,18-APR-2022,
OPTSTK,GNFC,26-May-2022,550.0,CE,0.0,0.0,0.0,43.45,340.5,0,0.0,0,0,18-APR-2022,
OPTSTK,GNFC,26-May-2022,560.0,CE,0.0,0.0,0.0,40.1,330.6,0,0.0,0,0,18-APR-2022,
OPTSTK,GNFC,26-May-2022,570.0,CE,0.0,0.0,0.0,36.95,320.8,0,0.0,0,0,18-APR-2022,
OPTSTK,GNFC,26-May-2022,580.0,CE,0.0,0.0,0.0,34.05,311.0,0,0.0,0,0,18-APR-2022,
OPTSTK,GNFC,26-May-2022,590.0,CE,0.0,0.0,0.0,31.3,301.2,0,0.0,0,0,18-APR-2022,
OPTSTK,GNFC,26-May-2022,600.0,CE,0.0,0.0,0.0,28.8,291.5,0,0.0,0,0,18-APR-2022,
OPTSTK,GNFC,26-May-2022,610.0,CE,0.0,0.0,0.0,26.5,281.85,0,0.0,0,0,18-APR-2022,
OPTSTK,GNFC,26-May-2022,620.0,CE,0.0,0.0,0.0,24.3,272.25,0,0.0,0,0,18-APR-2022,
OPTSTK,GNFC,26-May-2022,630.0,CE,0.0,0.0,0.0,22.3,262.7,0,0.0,0,0,18-APR-2022,
OPTSTK,GNFC,26-May-2022,640.0,CE,0.0,0.0,0.0,20.45,253.25,0,0.0,0,0,18-APR-2022,
OPTSTK,GNFC,26-May-2022,650.0,CE,0.0,0.0,0.0,18.75,243.85,0,0.0,0,0,18-APR-2022,
OPTSTK,GNFC,26-May-2022,660.0,CE,0.0,0.0,0.0,17.15,234.6,0,0.0,0,0,18-APR-2022,
OPTSTK,GNFC,26-May-2022,670.0,CE,0.0,0.0,0.0,15.7,225.4,0,0.0,0,0,18-APR-2022,
OPTSTK,GNFC,26-May-2022,680.0,CE,0.0,0.0,0.0,14.35,216.35,0,0.0,0,0,18-APR-2022,
OPTSTK,GNFC,26-May-2022,690.0,CE,0.0,0.0,0.0,13.1,207.45,0,0.0,0,0,18-APR-2022,
OPTSTK,GNFC,26-May-2022,700.0,CE,0.0,0.0,0.0,161.2,198.7,0,0.0,2600,0,18-APR-2022,
OPTSTK,GNFC,26-May-2022,710.0,CE,0.0,0.0,0.0,18.0,190.05,0,0.0,0,0,18-APR-2022,
OPTSTK,GNFC,26-May-2022,720.0,CE,0.0,0.0,0.0,16.55,181.6,0,0.0,0,0,18-APR-2022,
OPTSTK,GNFC,26-May-2022,730.0,CE,0.0,0.0,0.0,15.2,173.3,0,0.0,0,0,18-APR-2022,
OPTSTK,GNFC,26-May-2022,740.0,CE,0.0,0.0,0.0,21.45,165.15,0,0.0,0,0,18-APR-2022,
OPTSTK,GNFC,26-May-2022,750.0,CE,0.0,0.0,0.0,19.85,157.25,0,0.0,0,0,18-APR-2022,
OPTSTK,GNFC,26-May-2022,760.0,CE,0.0,0.0,0.0,18.35,149.5,0,0.0,0,0,18-APR-2022,
OPTSTK,GNFC,26-May-2022,770.0,CE,0.0,0.0,0.0,19.35,142.05,0,0.0,0,0,18-APR-2022,
OPTSTK,GNFC,26-May-2022,780.0,CE,0.0,0.0,0.0,17.9,134.7,0,0.0,0,0,18-APR-2022,
OPTSTK,GNFC,26-May-2022,790.0,CE,0.0,0.0,0.0,18.1,127.6,0,0.0,0,0,18-APR-2022,
OPTSTK,GNFC,26-May-2022,800.0,CE,0.0,0.0,0.0,98.1,120.7,0,0.0,10400,0,18-APR-2022,
OPTSTK,GNFC,26-May-2022,810.0,CE,0.0,0.0,0.0,18.75,114.1,0,0.0,0,0,18-APR-2022,
OPTSTK,GNFC,26-May-2022,820.0,CE,0.0,0.0,0.0,37.5,107.7,0,0.0,0,0,18-APR-2022,
OPTSTK,GNFC,26-May-2022,830.0,CE,0.0,0.0,0.0,35.05,101.55,0,0.0,0,0,18-APR-2022,
OPTSTK,GNFC,26-May-2022,840.0,CE,0.0,0.0,0.0,32.75,95.6,0,0.0,0,0,18-APR-2022,
OPTSTK,GNFC,26-May-2022,850.0,CE,0.0,0.0,0.0,65.05,89.9,0,0.0,6500,0,18-APR-2022,
OPTSTK,GNFC,26-May-2022,860.0,CE,0.0,0.0,0.0,50.45,84.45,0,0.0,5200,0,18-APR-2022,
OPTSTK,GNFC,26-May-2022,870.0,CE,0.0,0.0,0.0,61.5,79.25,0,0.0,3900,0,18-APR-2022,
OPTSTK,GNFC,26-May-2022,880.0,CE,48.5,60.0,48.4,59.0,59.0,6,72.77,11700,2600,18-APR-2022,
OPTSTK,GNFC,26-May-2022,890.0,CE,0.0,0.0,0.0,72.0,69.55,0,0.0,1300,0,18-APR-2022,
OPTSTK,GNFC,26-May-2022,900.0,CE,36.0,52.0,36.0,51.05,51.05,80,984.17,189800,35100,18-APR-2022,
OPTSTK,GNFC,26-May-2022,910.0,CE,0.0,0.0,0.0,26.55,60.7,0,0.0,0,0,18-APR-2022,
OPTSTK,GNFC,26-May-2022,920.0,CE,35.0,41.0,35.0,41.0,56.65,5,62.3,3900,1300,18-APR-2022,
OPTSTK,GNFC,26-May-2022,930.0,CE,0.0,0.0,0.0,27.7,52.8,0,0.0,0,0,18-APR-2022,
OPTSTK,GNFC,26-May-2022,940.0,CE,0.0,0.0,0.0,25.9,49.15,0,0.0,0,0,18-APR-2022,
OPTSTK,GNFC,26-May-2022,960.0,CE,0.0,0.0,0.0,32.35,42.45,0,0.0,0,0,18-APR-2022,
OPTSTK,GNFC,26-May-2022,980.0,CE,0.0,0.0,0.0,28.45,36.5,0,0.0,0,0,18-APR-2022,
OPTSTK,GNFC,26-May-2022,1000.0,CE,16.0,21.75,16.0,21.75,21.75,7,92.72,16900,1300,18-APR-2022,
OPTSTK,GNFC,26-May-2022,1020.0,CE,0.0,0.0,0.0,1.6,26.75,0,0.0,1300,0,18-APR-2022,
OPTSTK,GNFC,26-May-2022,1040.0,CE,0.0,0.0,0.0,24.7,22.75,0,0.0,0,0,18-APR-2022,
OPTSTK,GNFC,26-May-2022,350.0,PE,0.0,0.0,0.0,5.0,0.0,0,0.0,0,0,18-APR-2022,
OPTSTK,GNFC,26-May-2022,360.0,PE,0.0,0.0,0.0,6.25,0.0,0,0.0,0,0,18-APR-2022,
OPTSTK,GNFC,26-May-2022,370.0,PE,0.0,0.0,0.0,7.7,0.0,0,0.0,0,0,18-APR-2022,
OPTSTK,GNFC,26-May-2022,380.0,PE,0.0,0.0,0.0,9.4,0.0,0,0.0,0,0,18-APR-2022,
OPTSTK,GNFC,26-May-2022,390.0,PE,0.0,0.0,0.0,11.35,0.0,0,0.0,0,0,18-APR-2022,
OPTSTK,GNFC,26-May-2022,400.0,PE,0.0,0.0,0.0,13.5,0.0,0,0.0,0,0,18-APR-2022,
OPTSTK,GNFC,26-May-2022,410.0,PE,0.0,0.0,0.0,15.95,0.0,0,0.0,0,0,18-APR-2022,
OPTSTK,GNFC,26-May-2022,420.0,PE,0.0,0.0,0.0,18.65,0.0,0,0.0,0,0,18-APR-2022,
OPTSTK,GNFC,26-May-2022,430.0,PE,0.0,0.0,0.0,21.65,0.0,0,0.0,0,0,18-APR-2022,
OPTSTK,GNFC,26-May-2022,440.0,PE,0.0,0.0,0.0,24.9,0.0,0,0.0,0,0,18-APR-2022,
OPTSTK,GNFC,26-May-2022,450.0,PE,0.0,0.0,0.0,28.45,0.05,0,0.0,0,0,18-APR-2022,
OPTSTK,GNFC,26-May-2022,460.0,PE,0.0,0.0,0.0,32.3,0.05,0,0.0,0,0,18-APR-2022,
OPTSTK,GNFC,26-May-2022,470.0,PE,0.0,0.0,0.0,36.45,0.05,0,0.0,0,0,18-APR-2022,
OPTSTK,GNFC,26-May-2022,480.0,PE,0.0,0.0,0.0,40.9,0.05,0,0.0,0,0,18-APR-2022,
OPTSTK,GNFC,26-May-2022,490.0,PE,0.0,0.0,0.0,45.65,0.05,0,0.0,0,0,18-APR-2022,
OPTSTK,GNFC,26-May-2022,500.0,PE,0.0,0.0,0.0,50.65,0.05,0,0.0,0,0,18-APR-2022,
OPTSTK,GNFC,26-May-2022,510.0,PE,0.0,0.0,0.0,55.95,0.1,0,0.0,0,0,18-APR-2022,
OPTSTK,GNFC,26-May-2022,520.0,PE,0.0,0.0,0.0,61.5,0.15,0,0.0,0,0,18-APR-2022,
OPTSTK,GNFC,26-May-2022,530.0,PE,0.0,0.0,0.0,67.3,0.15,0,0.0,0,0,18-APR-2022,
OPTSTK,GNFC,26-May-2022,540.0,PE,0.0,0.0,0.0,73.35,0.25,0,0.0,0,0,18-APR-2022,
OPTSTK,GNFC,26-May-2022,550.0,PE,0.0,0.0,0.0,79.65,0.3,0,0.0,0,0,18-APR-2022,
OPTSTK,GNFC,26-May-2022,560.0,PE,0.0,0.0,0.0,86.2,0.4,0,0.0,0,0,18-APR-2022,
OPTSTK,GNFC,26-May-2022,570.0,PE,0.0,0.0,0.0,93.0,0.5,0,0.0,0,0,18-APR-2022,
OPTSTK,GNFC,26-May-2022,580.0,PE,0.0,0.0,0.0,99.95,0.7,0,0.0,0,0,18-APR-2022,
OPTSTK,GNFC,26-May-2022,590.0,PE,0.0,0.0,0.0,107.15,0.85,0,0.0,0,0,18-APR-2022,
OPTSTK,GNFC,26-May-2022,600.0,PE,0.0,0.0,0.0,2.8,1.1,0,0.0,3900,0,18-APR-2022,
OPTSTK,GNFC,26-May-2022,610.0,PE,0.0,0.0,0.0,122.1,1.4,0,0.0,0,0,18-APR-2022,
OPTSTK,GNFC,26-May-2022,620.0,PE,0.0,0.0,0.0,129.85,1.75,0,0.0,0,0,18-APR-2022,
OPTSTK,GNFC,26-May-2022,630.0,PE,0.0,0.0,0.0,137.7,2.15,0,0.0,0,0,18-APR-2022,
OPTSTK,GNFC,26-May-2022,640.0,PE,0.0,0.0,0.0,145.75,2.65,0,0.0,0,0,18-APR-2022,
OPTSTK,GNFC,26-May-2022,650.0,PE,0.0,0.0,0.0,153.95,3.25,0,0.0,0,0,18-APR-2022,
OPTSTK,GNFC,26-May-2022,660.0,PE,0.0,0.0,0.0,162.25,3.9,0,0.0,0,0,18-APR-2022,
OPTSTK,GNFC,26-May-2022,670.0,PE,0.0,0.0,0.0,170.7,4.7,0,0.0,0,0,18-APR-2022,
OPTSTK,GNFC,26-May-2022,680.0,PE,0.0,0.0,0.0,179.25,5.6,0,0.0,0,0,18-APR-2022,
OPTSTK,GNFC,26-May-2022,690.0,PE,0.0,0.0,0.0,187.9,6.65,0,0.0,0,0,18-APR-2022,
OPTSTK,GNFC,26-May-2022,700.0,PE,0.0,0.0,0.0,10.4,7.85,0,0.0,1300,0,18-APR-2022,
OPTSTK,GNFC,26-May-2022,710.0,PE,0.0,0.0,0.0,174.4,9.15,0,0.0,0,0,18-APR-2022,
OPTSTK,GNFC,26-May-2022,720.0,PE,0.0,0.0,0.0,182.85,10.65,0,0.0,0,0,18-APR-2022,
OPTSTK,GNFC,26-May-2022,730.0,PE,0.0,0.0,0.0,191.4,12.3,0,0.0,0,0,18-APR-2022,
OPTSTK,GNFC,26-May-2022,740.0,PE,0.0,0.0,0.0,171.6,14.15,0,0.0,0,0,18-APR-2022,
OPTSTK,GNFC,26-May-2022,750.0,PE,0.0,0.0,0.0,179.9,16.2,0,0.0,0,0,18-APR-2022,
OPTSTK,GNFC,26-May-2022,760.0,PE,0.0,0.0,0.0,188.25,18.4,0,0.0,0,0,18-APR-2022,
OPTSTK,GNFC,26-May-2022,770.0,PE,0.0,0.0,0.0,183.4,20.9,0,0.0,0,0,18-APR-2022,
OPTSTK,GNFC,26-May-2022,780.0,PE,0.0,0.0,0.0,191.8,23.55,0,0.0,0,0,18-APR-2022,
OPTSTK,GNFC,26-May-2022,790.0,PE,0.0,0.0,0.0,192.65,26.4,0,0.0,0,0,18-APR-2022,
OPTSTK,GNFC,26-May-2022,800.0,PE,23.0,24.9,21.5,24.9,29.45,68,728.0,31200,-52000,18-APR-2022,
OPTSTK,GNFC,26-May-2022,810.0,PE,0.0,0.0,0.0,191.1,32.75,0,0.0,0,0,18-APR-2022,
OPTSTK,GNFC,26-May-2022,820.0,PE,0.0,0.0,0.0,141.7,36.3,0,0.0,0,0,18-APR-2022,
OPTSTK,GNFC,26-May-2022,830.0,PE,0.0,0.0,0.0,149.15,40.1,0,0.0,0,0,18-APR-2022,
OPTSTK,GNFC,26-May-2022,840.0,PE,0.0,0.0,0.0,156.75,44.15,0,0.0,0,0,18-APR-2022,
OPTSTK,GNFC,26-May-2022,850.0,PE,39.9,39.9,39.9,39.9,48.4,1,11.56,6500,0,18-APR-2022,
OPTSTK,GNFC,26-May-2022,860.0,PE,0.0,0.0,0.0,172.35,52.9,0,0.0,0,0,18-APR-2022,
OPTSTK,GNFC,26-May-2022,870.0,PE,0.0,0.0,0.0,180.35,57.65,0,0.0,0,0,18-APR-2022,
OPTSTK,GNFC,26-May-2022,880.0,PE,0.0,0.0,0.0,60.0,62.65,0,0.0,1300,0,18-APR-2022,
OPTSTK,GNFC,26-May-2022,890.0,PE,0.0,0.0,0.0,196.65,67.85,0,0.0,0,0,18-APR-2022,
OPTSTK,GNFC,26-May-2022,900.0,PE,0.0,0.0,0.0,70.0,73.3,0,0.0,1300,0,18-APR-2022,
OPTSTK,GNFC,26-May-2022,910.0,PE,0.0,0.0,0.0,198.7,78.95,0,0.0,0,0,18-APR-2022,
OPTSTK,GNFC,26-May-2022,920.0,PE,0.0,0.0,0.0,183.25,84.85,0,0.0,0,0,18-APR-2022,
OPTSTK,GNFC,26-May-2022,930.0,PE,0.0,0.0,0.0,191.25,90.95,0,0.0,0,0,18-APR-2022,
OPTSTK,GNFC,26-May-2022,940.0,PE,0.0,0.0,0.0,199.35,97.25,0,0.0,0,0,18-APR-2022,
OPTSTK,GNFC,26-May-2022,960.0,PE,0.0,0.0,0.0,185.75,110.45,0,0.0,0,0,18-APR-2022,
OPTSTK,GNFC,26-May-2022,980.0,PE,0.0,0.0,0.0,201.7,124.45,0,0.0,0,0,18-APR-2022,
OPTSTK,GNFC,26-May-2022,1000.0,PE,0.0,0.0,0.0,200.55,139.15,0,0.0,0,0,18-APR-2022,
OPTSTK,GNFC,26-May-2022,1020.0,PE,0.0,0.0,0.0,203.4,154.5,0,0.0,0,0,18-APR-2022,
OPTSTK,GNFC,26-May-2022,1040.0,PE,0.0,0.0,0.0,213.5,170.4,0,0.0,0,0,18-APR-2022,
OPTSTK,GNFC,30-Jun-2022,560.0,CE,0.0,0.0,0.0,298.25,335.65,0,0.0,0,0,18-APR-2022,
OPTSTK,GNFC,30-Jun-2022,580.0,CE,0.0,0.0,0.0,280.8,317.0,0,0.0,0,0,18-APR-2022,
OPTSTK,GNFC,30-Jun-2022,600.0,CE,0.0,0.0,0.0,263.9,298.75,0,0.0,0,0,18-APR-2022,
OPTSTK,GNFC,30-Jun-2022,620.0,CE,0.0,0.0,0.0,247.5,280.9,0,0.0,0,0,18-APR-2022,
OPTSTK,GNFC,30-Jun-2022,640.0,CE,0.0,0.0,0.0,231.65,263.45,0,0.0,0,0,18-APR-2022,
OPTSTK,GNFC,30-Jun-2022,660.0,CE,0.0,0.0,0.0,216.4,246.55,0,0.0,0,0,18-APR-2022,
OPTSTK,GNFC,30-Jun-2022,680.0,CE,0.0,0.0,0.0,201.75,230.15,0,0.0,0,0,18-APR-2022,
OPTSTK,GNFC,30-Jun-2022,700.0,CE,0.0,0.0,0.0,187.75,214.35,0,0.0,0,0,18-APR-2022,
OPTSTK,GNFC,30-Jun-2022,720.0,CE,0.0,0.0,0.0,174.4,199.15,0,0.0,0,0,18-APR-2022,
OPTSTK,GNFC,30-Jun-2022,740.0,CE,0.0,0.0,0.0,161.65,184.6,0,0.0,0,0,18-APR-2022,
OPTSTK,GNFC,30-Jun-2022,760.0,CE,0.0,0.0,0.0,149.65,170.75,0,0.0,0,0,18-APR-2022,
OPTSTK,GNFC,30-Jun-2022,780.0,CE,0.0,0.0,0.0,138.3,157.5,0,0.0,0,0,18-APR-2022,
OPTSTK,GNFC,30-Jun-2022,800.0,CE,0.0,0.0,0.0,127.6,145.05,0,0.0,0,0,18-APR-2022,
OPTSTK,GNFC,30-Jun-2022,820.0,CE,0.0,0.0,0.0,117.55,133.25,0,0.0,0,0,18-APR-2022,
OPTSTK,GNFC,30-Jun-2022,840.0,CE,0.0,0.0,0.0,108.15,122.2,0,0.0,0,0,18-APR-2022,
OPTSTK,GNFC,30-Jun-2022,860.0,CE,0.0,0.0,0.0,99.3,111.8,0,0.0,0,0,18-APR-2022,
OPTSTK,GNFC,30-Jun-2022,880.0,CE,0.0,0.0,0.0,91.1,102.1,0,0.0,0,0,18-APR-2022,
OPTSTK,GNFC,30-Jun-2022,900.0,CE,0.0,0.0,0.0,83.5,93.1,0,0.0,0,0,18-APR-2022,
OPTSTK,GNFC,30-Jun-2022,920.0,CE,0.0,0.0,0.0,76.4,84.7,0,0.0,0,0,18-APR-2022,
OPTSTK,GNFC,30-Jun-2022,940.0,CE,0.0,0.0,0.0,69.8,76.95,0,0.0,0,0,18-APR-2022,
OPTSTK,GNFC,30-Jun-2022,960.0,CE,0.0,0.0,0.0,63.75,69.8,0,0.0,0,0,18-APR-2022,
OPTSTK,GNFC,30-Jun-2022,980.0,CE,0.0,0.0,0.0,58.15,63.2,0,0.0,0,0,18-APR-2022,
OPTSTK,GNFC,30-Jun-2022,1000.0,CE,0.0,0.0,0.0,53.0,57.1,0,0.0,0,0,18-APR-2022,
OPTSTK,GNFC,30-Jun-2022,1020.0,CE,0.0,0.0,0.0,48.25,51.55,0,0.0,0,0,18-APR-2022,
OPTSTK,GNFC,30-Jun-2022,1040.0,CE,0.0,0.0,0.0,43.9,46.5,0,0.0,0,0,18-APR-2022,
OPTSTK,GNFC,30-Jun-2022,560.0,PE,0.0,0.0,0.0,7.9,3.15,0,0.0,0,0,18-APR-2022,
OPTSTK,GNFC,30-Jun-2022,580.0,PE,0.0,0.0,0.0,10.25,4.35,0,0.0,0,0,18-APR-2022,
OPTSTK,GNFC,30-Jun-2022,600.0,PE,0.0,0.0,0.0,13.15,5.95,0,0.0,0,0,18-APR-2022,
OPTSTK,GNFC,30-Jun-2022,620.0,PE,0.0,0.0,0.0,16.5,7.9,0,0.0,0,0,18-APR-2022,
OPTSTK,GNFC,30-Jun-2022,640.0,PE,0.0,0.0,0.0,20.45,10.3,0,0.0,0,0,18-APR-2022,
OPTSTK,GNFC,30-Jun-2022,660.0,PE,0.0,0.0,0.0,25.0,13.2,0,0.0,0,0,18-APR-2022,
OPTSTK,GNFC,30-Jun-2022,680.0,PE,0.0,0.0,0.0,30.15,16.65,0,0.0,0,0,18-APR-2022,
OPTSTK,GNFC,30-Jun-2022,700.0,PE,0.0,0.0,0.0,35.95,20.65,0,0.0,0,0,18-APR-2022,
OPTSTK,GNFC,30-Jun-2022,720.0,PE,0.0,0.0,0.0,42.35,25.3,0,0.0,0,0,18-APR-2022,
OPTSTK,GNFC,30-Jun-2022,740.0,PE,0.0,0.0,0.0,49.45,30.6,0,0.0,0,0,18-APR-2022,
OPTSTK,GNFC,30-Jun-2022,760.0,PE,0.0,0.0,0.0,57.2,36.55,0,0.0,0,0,18-APR-2022,
OPTSTK,GNFC,30-Jun-2022,780.0,PE,0.0,0.0,0.0,65.65,43.15,0,0.0,0,0,18-APR-2022,
OPTSTK,GNFC,30-Jun-2022,800.0,PE,0.0,0.0,0.0,74.75,50.5,0,0.0,0,0,18-APR-2022,
OPTSTK,GNFC,30-Jun-2022,820.0,PE,0.0,0.0,0.0,84.45,58.55,0,0.0,0,0,18-APR-2022,
OPTSTK,GNFC,30-Jun-2022,840.0,PE,0.0,0.0,0.0,94.85,67.35,0,0.0,0,0,18-APR-2022,
OPTSTK,GNFC,30-Jun-2022,860.0,PE,0.0,0.0,0.0,105.85,76.8,0,0.0,0,0,18-APR-2022,
OPTSTK,GNFC,30-Jun-2022,880.0,PE,0.0,0.0,0.0,117.4,86.9,0,0.0,0,0,18-APR-2022,
OPTSTK,GNFC,30-Jun-2022,900.0,PE,0.0,0.0,0.0,129.55,97.75,0,0.0,0,0,18-APR-2022,
OPTSTK,GNFC,30-Jun-2022,920.0,PE,0.0,0.0,0.0,142.25,109.15,0,0.0,0,0,18-APR-2022,
OPTSTK,GNFC,30-Jun-2022,940.0,PE,0.0,0.0,0.0,155.5,121.25,0,0.0,0,0,18-APR-2022,
OPTSTK,GNFC,30-Jun-2022,960.0,PE,0.0,0.0,0.0,169.2,133.9,0,0.0,0,0,18-APR-2022,
OPTSTK,GNFC,30-Jun-2022,980.0,PE,0.0,0.0,0.0,183.4,147.15,0,0.0,0,0,18-APR-2022,
OPTSTK,GNFC,30-Jun-2022,1000.0,PE,0.0,0.0,0.0,198.05,160.9,0,0.0,0,0,18-APR-2022,
OPTSTK,GNFC,30-Jun-2022,1020.0,PE,0.0,0.0,0.0,213.1,175.15,0,0.0,0,0,18-APR-2022,
OPTSTK,GNFC,30-Jun-2022,1040.0,PE,0.0,0.0,0.0,228.5,189.95,0,0.0,0,0,18-APR-2022,
OPTSTK,GODREJCP,28-Apr-2022,470.0,CE,0.0,0.0,0.0,387.3,326.9,0,0.0,0,0,18-APR-2022,
OPTSTK,GODREJCP,28-Apr-2022,480.0,CE,0.0,0.0,0.0,384.35,316.9,0,0.0,0,0,18-APR-2022,
OPTSTK,GODREJCP,28-Apr-2022,490.0,CE,0.0,0.0,0.0,374.45,306.9,0,0.0,0,0,18-APR-2022,
OPTSTK,GODREJCP,28-Apr-2022,500.0,CE,0.0,0.0,0.0,384.65,296.95,0,0.0,0,0,18-APR-2022,
OPTSTK,GODREJCP,28-Apr-2022,510.0,CE,0.0,0.0,0.0,374.8,286.95,0,0.0,0,0,18-APR-2022,
OPTSTK,GODREJCP,28-Apr-2022,520.0,CE,0.0,0.0,0.0,364.9,276.95,0,0.0,0,0,18-APR-2022,
OPTSTK,GODREJCP,28-Apr-2022,530.0,CE,0.0,0.0,0.0,355.05,266.95,0,0.0,0,0,18-APR-2022,
OPTSTK,GODREJCP,28-Apr-2022,540.0,CE,0.0,0.0,0.0,345.2,257.0,0,0.0,0,0,18-APR-2022,
OPTSTK,GODREJCP,28-Apr-2022,550.0,CE,0.0,0.0,0.0,200.0,247.0,0,0.0,500,0,18-APR-2022,
OPTSTK,GODREJCP,28-Apr-2022,560.0,CE,0.0,0.0,0.0,325.55,237.0,0,0.0,0,0,18-APR-2022,
OPTSTK,GODREJCP,28-Apr-2022,570.0,CE,0.0,0.0,0.0,315.75,227.0,0,0.0,0,0,18-APR-2022,
OPTSTK,GODREJCP,28-Apr-2022,580.0,CE,0.0,0.0,0.0,306.0,217.0,0,0.0,0,0,18-APR-2022,
OPTSTK,GODREJCP,28-Apr-2022,590.0,CE,0.0,0.0,0.0,296.3,207.05,0,0.0,0,0,18-APR-2022,
OPTSTK,GODREJCP,28-Apr-2022,600.0,CE,0.0,0.0,0.0,286.6,197.05,0,0.0,0,0,18-APR-2022,
OPTSTK,GODREJCP,28-Apr-2022,610.0,CE,0.0,0.0,0.0,276.95,187.05,0,0.0,0,0,18-APR-2022,
OPTSTK,GODREJCP,28-Apr-2022,620.0,CE,0.0,0.0,0.0,267.4,177.05,0,0.0,0,0,18-APR-2022,
OPTSTK,GODREJCP,28-Apr-2022,630.0,CE,0.0,0.0,0.0,257.85,167.1,0,0.0,0,0,18-APR-2022,
OPTSTK,GODREJCP,28-Apr-2022,640.0,CE,0.0,0.0,0.0,248.4,157.1,0,0.0,0,0,18-APR-2022,
OPTSTK,GODREJCP,28-Apr-2022,650.0,CE,0.0,0.0,0.0,239.05,147.1,0,0.0,0,0,18-APR-2022,
OPTSTK,GODREJCP,28-Apr-2022,660.0,CE,0.0,0.0,0.0,229.8,137.15,0,0.0,0,0,18-APR-2022,
OPTSTK,GODREJCP,28-Apr-2022,670.0,CE,0.0,0.0,0.0,115.0,127.2,0,0.0,500,0,18-APR-2022,
OPTSTK,GODREJCP,28-Apr-2022,680.0,CE,0.0,0.0,0.0,130.0,117.25,0,0.0,2500,0,18-APR-2022,
OPTSTK,GODREJCP,28-Apr-2022,690.0,CE,0.0,0.0,0.0,202.7,107.4,0,0.0,0,0,18-APR-2022,
OPTSTK,GODREJCP,28-Apr-2022,700.0,CE,103.15,103.15,98.15,98.15,97.65,2,8.0,38000,-500,18-APR-2022,
OPTSTK,GODREJCP,28-Apr-2022,710.0,CE,0.0,0.0,0.0,82.8,88.0,0,0.0,7000,0,18-APR-2022,
OPTSTK,GODREJCP,28-Apr-2022,720.0,CE,80.3,84.5,80.3,84.5,78.55,2,8.02,8500,-1000,18-APR-2022,
OPTSTK,GODREJCP,28-Apr-2022,730.0,CE,63.8,63.8,63.8,63.8,69.4,1,3.96,7500,0,18-APR-2022,
OPTSTK,GODREJCP,28-Apr-2022,740.0,CE,59.5,59.5,59.5,59.5,60.55,1,3.99,13000,0,18-APR-2022,
OPTSTK,GODREJCP,28-Apr-2022,750.0,CE,0.0,0.0,0.0,48.1,52.2,0,0.0,52500,0,18-APR-2022,
OPTSTK,GODREJCP,28-Apr-2022,760.0,CE,38.05,47.0,38.05,47.0,47.0,2,8.02,64500,-1000,18-APR-2022,
OPTSTK,GODREJCP,28-Apr-2022,770.0,CE,39.9,41.4,35.3,41.4,37.15,18,72.74,35500,3500,18-APR-2022,
OPTSTK,GODREJCP,28-Apr-2022,780.0,CE,35.8,35.8,25.8,32.95,32.95,60,243.3,47000,2000,18-APR-2022,
OPTSTK,GODREJCP,28-Apr-2022,790.0,CE,20.0,29.4,20.0,25.75,25.75,212,863.69,35500,-4000,18-APR-2022,
OPTSTK,GODREJCP,28-Apr-2022,800.0,CE,16.0,24.9,12.0,20.2,20.2,2142,8793.04,220000,40500,18-APR-2022,
OPTSTK,GODREJCP,28-Apr-2022,810.0,CE,13.5,21.15,12.25,16.0,16.0,596,2463.19,111500,28000,18-APR-2022,
OPTSTK,GODREJCP,28-Apr-2022,820.0,CE,5.25,16.6,5.25,12.1,12.1,676,2813.93,206000,61000,18-APR-2022,
OPTSTK,GODREJCP,28-Apr-2022,830.0,CE,8.3,13.1,6.25,9.45,9.45,348,1461.94,173000,17500,18-APR-2022,
OPTSTK,GODREJCP,28-Apr-2022,840.0,CE,5.2,9.95,4.2,7.7,7.7,154,652.99,73500,-12000,18-APR-2022,
OPTSTK,GODREJCP,28-Apr-2022,850.0,CE,4.05,8.7,3.55,6.1,6.1,312,1335.41,147500,5000,18-APR-2022,
OPTSTK,GODREJCP,28-Apr-2022,860.0,CE,2.65,7.0,2.5,5.05,5.05,150,648.89,73000,5500,18-APR-2022,
OPTSTK,GODREJCP,28-Apr-2022,870.0,CE,1.85,4.85,1.8,3.95,3.95,34,148.59,43500,2000,18-APR-2022,
OPTSTK,GODREJCP,28-Apr-2022,880.0,CE,4.0,4.2,2.35,3.45,3.45,184,812.73,83000,32000,18-APR-2022,
OPTSTK,GODREJCP,28-Apr-2022,890.0,CE,3.6,3.6,2.1,2.7,1.15,9,40.16,9500,1000,18-APR-2022,
OPTSTK,GODREJCP,28-Apr-2022,900.0,CE,1.2,2.9,1.2,2.2,2.2,463,2088.72,273000,-5500,18-APR-2022,
OPTSTK,GODREJCP,28-Apr-2022,910.0,CE,2.05,3.3,1.1,1.1,0.5,8,36.5,11500,3500,18-APR-2022,
OPTSTK,GODREJCP,28-Apr-2022,920.0,CE,1.4,2.1,0.85,1.3,1.3,67,308.69,59000,-4000,18-APR-2022,
OPTSTK,GODREJCP,28-Apr-2022,930.0,CE,0.0,0.0,0.0,49.1,0.2,0,0.0,0,0,18-APR-2022,
OPTSTK,GODREJCP,28-Apr-2022,940.0,CE,0.0,0.0,0.0,45.55,0.15,0,0.0,0,0,18-APR-2022,
OPTSTK,GODREJCP,28-Apr-2022,950.0,CE,0.35,1.15,0.35,0.5,0.5,35,166.41,76000,-11000,18-APR-2022,
OPTSTK,GODREJCP,28-Apr-2022,960.0,CE,0.9,0.9,0.9,0.9,0.05,2,9.6,53500,-500,18-APR-2022,
OPTSTK,GODREJCP,28-Apr-2022,970.0,CE,0.0,0.0,0.0,36.15,0.05,0,0.0,0,0,18-APR-2022,
OPTSTK,GODREJCP,28-Apr-2022,980.0,CE,0.0,0.0,0.0,33.4,0.05,0,0.0,0,0,18-APR-2022,
OPTSTK,GODREJCP,28-Apr-2022,990.0,CE,0.0,0.0,0.0,30.85,0.05,0,0.0,0,0,18-APR-2022,
OPTSTK,GODREJCP,28-Apr-2022,1000.0,CE,0.25,0.3,0.25,0.3,0.3,2,10.0,23000,0,18-APR-2022,
OPTSTK,GODREJCP,28-Apr-2022,1010.0,CE,0.0,0.0,0.0,26.2,0.0,0,0.0,0,0,18-APR-2022,
OPTSTK,GODREJCP,28-Apr-2022,1020.0,CE,0.0,0.0,0.0,24.1,0.0,0,0.0,0,0,18-APR-2022,
OPTSTK,GODREJCP,28-Apr-2022,1030.0,CE,0.0,0.0,0.0,22.1,0.0,0,0.0,0,0,18-APR-2022,
OPTSTK,GODREJCP,28-Apr-2022,1040.0,CE,0.0,0.0,0.0,20.3,0.0,0,0.0,0,0,18-APR-2022,
OPTSTK,GODREJCP,28-Apr-2022,1050.0,CE,0.0,0.0,0.0,18.65,0.0,0,0.0,0,0,18-APR-2022,
OPTSTK,GODREJCP,28-Apr-2022,1060.0,CE,0.0,0.0,0.0,17.05,0.0,0,0.0,0,0,18-APR-2022,
OPTSTK,GODREJCP,28-Apr-2022,1070.0,CE,0.0,0.0,0.0,15.6,0.0,0,0.0,0,0,18-APR-2022,
OPTSTK,GODREJCP,28-Apr-2022,1080.0,CE,0.0,0.0,0.0,14.3,0.0,0,0.0,0,0,18-APR-2022,
OPTSTK,GODREJCP,28-Apr-2022,1090.0,CE,0.0,0.0,0.0,13.05,0.0,0,0.0,0,0,18-APR-2022,
OPTSTK,GODREJCP,28-Apr-2022,1100.0,CE,0.0,0.0,0.0,11.9,0.0,0,0.0,0,0,18-APR-2022,
OPTSTK,GODREJCP,28-Apr-2022,1110.0,CE,0.0,0.0,0.0,10.85,0.0,0,0.0,0,0,18-APR-2022,
OPTSTK,GODREJCP,28-Apr-2022,1120.0,CE,0.0,0.0,0.0,9.9,0.0,0,0.0,0,0,18-APR-2022,
OPTSTK,GODREJCP,28-Apr-2022,1130.0,CE,0.0,0.0,0.0,9.0,0.0,0,0.0,0,0,18-APR-2022,
OPTSTK,GODREJCP,28-Apr-2022,1140.0,CE,0.0,0.0,0.0,8.2,0.0,0,0.0,0,0,18-APR-2022,
OPTSTK,GODREJCP,28-Apr-2022,1150.0,CE,0.0,0.0,0.0,7.45,0.0,0,0.0,0,0,18-APR-2022,
OPTSTK,GODREJCP,28-Apr-2022,1160.0,CE,0.0,0.0,0.0,6.8,0.0,0,0.0,0,0,18-APR-2022,
OPTSTK,GODREJCP,28-Apr-2022,1170.0,CE,0.0,0.0,0.0,6.15,0.0,0,0.0,0,0,18-APR-2022,
OPTSTK,GODREJCP,28-Apr-2022,1180.0,CE,0.0,0.0,0.0,5.6,0.0,0,0.0,0,0,18-APR-2022,
OPTSTK,GODREJCP,28-Apr-2022,1190.0,CE,0.0,0.0,0.0,5.05,0.0,0,0.0,0,0,18-APR-2022,
OPTSTK,GODREJCP,28-Apr-2022,1200.0,CE,0.0,0.0,0.0,4.6,0.0,0,0.0,0,0,18-APR-2022,
OPTSTK,GODREJCP,28-Apr-2022,1210.0,CE,0.0,0.0,0.0,4.15,0.0,0,0.0,0,0,18-APR-2022,
OPTSTK,GODREJCP,28-Apr-2022,1220.0,CE,0.0,0.0,0.0,3.75,0.0,0,0.0,0,0,18-APR-2022,
OPTSTK,GODREJCP,28-Apr-2022,1230.0,CE,0.0,0.0,0.0,3.4,0.0,0,0.0,0,0,18-APR-2022,
OPTSTK,GODREJCP,28-Apr-2022,1240.0,CE,0.0,0.0,0.0,3.05,0.0,0,0.0,500,0,18-APR-2022,
OPTSTK,GODREJCP,28-Apr-2022,1250.0,CE,0.0,0.0,0.0,0.05,0.0,0,0.0,500,0,18-APR-2022,
OPTSTK,GODREJCP,28-Apr-2022,1260.0,CE,0.0,0.0,0.0,0.25,0.0,0,0.0,1500,0,18-APR-2022,
OPTSTK,GODREJCP,28-Apr-2022,470.0,PE,0.0,0.0,0.0,0.05,0.0,0,0.0,0,0,18-APR-2022,
OPTSTK,GODREJCP,28-Apr-2022,480.0,PE,0.0,0.0,0.0,0.05,0.0,0,0.0,0,0,18-APR-2022,
OPTSTK,GODREJCP,28-Apr-2022,490.0,PE,0.0,0.0,0.0,0.05,0.0,0,0.0,0,0,18-APR-2022,
OPTSTK,GODREJCP,28-Apr-2022,500.0,PE,0.0,0.0,0.0,0.05,0.0,0,0.0,0,0,18-APR-2022,
OPTSTK,GODREJCP,28-Apr-2022,510.0,PE,0.0,0.0,0.0,0.1,0.0,0,0.0,0,0,18-APR-2022,
OPTSTK,GODREJCP,28-Apr-2022,520.0,PE,0.0,0.0,0.0,0.1,0.0,0,0.0,0,0,18-APR-2022,
OPTSTK,GODREJCP,28-Apr-2022,530.0,PE,0.0,0.0,0.0,0.15,0.0,0,0.0,0,0,18-APR-2022,
OPTSTK,GODREJCP,28-Apr-2022,540.0,PE,0.0,0.0,0.0,0.2,0.0,0,0.0,0,0,18-APR-2022,
OPTSTK,GODREJCP,28-Apr-2022,550.0,PE,0.0,0.0,0.0,0.2,0.0,0,0.0,500,0,18-APR-2022,
OPTSTK,GODREJCP,28-Apr-2022,560.0,PE,0.0,0.0,0.0,0.35,0.0,0,0.0,0,0,18-APR-2022,
OPTSTK,GODREJCP,28-Apr-2022,570.0,PE,0.0,0.0,0.0,0.45,0.0,0,0.0,0,0,18-APR-2022,
OPTSTK,GODREJCP,28-Apr-2022,580.0,PE,0.0,0.0,0.0,0.55,0.0,0,0.0,0,0,18-APR-2022,
OPTSTK,GODREJCP,28-Apr-2022,590.0,PE,0.0,0.0,0.0,1.0,0.0,0,0.0,500,0,18-APR-2022,
OPTSTK,GODREJCP,28-Apr-2022,600.0,PE,0.25,0.25,0.25,0.25,0.0,1,3.0,18000,-500,18-APR-2022,
OPTSTK,GODREJCP,28-Apr-2022,610.0,PE,0.0,0.0,0.0,1.2,0.0,0,0.0,0,0,18-APR-2022,
OPTSTK,GODREJCP,28-Apr-2022,620.0,PE,0.0,0.0,0.0,1.5,0.0,0,0.0,0,0,18-APR-2022,
OPTSTK,GODREJCP,28-Apr-2022,630.0,PE,0.0,0.0,0.0,1.9,0.0,0,0.0,0,0,18-APR-2022,
OPTSTK,GODREJCP,28-Apr-2022,640.0,PE,0.0,0.0,0.0,17.5,0.05,0,0.0,500,0,18-APR-2022,
OPTSTK,GODREJCP,28-Apr-2022,650.0,PE,0.75,1.0,0.7,1.0,1.0,29,94.37,37500,-500,18-APR-2022,
OPTSTK,GODREJCP,28-Apr-2022,660.0,PE,0.0,0.0,0.0,1.45,0.05,0,0.0,7000,0,18-APR-2022,
OPTSTK,GODREJCP,28-Apr-2022,670.0,PE,0.0,0.0,0.0,4.25,0.1,0,0.0,0,0,18-APR-2022,
OPTSTK,GODREJCP,28-Apr-2022,680.0,PE,1.75,1.75,1.1,1.2,1.2,47,160.08,62000,-17500,18-APR-2022,
OPTSTK,GODREJCP,28-Apr-2022,690.0,PE,0.0,0.0,0.0,1.95,0.3,0,0.0,12500,0,18-APR-2022,
OPTSTK,GODREJCP,28-Apr-2022,700.0,PE,1.8,2.05,1.35,1.6,1.6,141,494.71,229500,-17500,18-APR-2022,
OPTSTK,GODREJCP,28-Apr-2022,710.0,PE,0.0,0.0,0.0,3.05,0.85,0,0.0,18000,0,18-APR-2022,
OPTSTK,GODREJCP,28-Apr-2022,720.0,PE,2.55,3.0,2.05,2.2,1.4,10,36.12,44500,-2000,18-APR-2022,
OPTSTK,GODREJCP,28-Apr-2022,730.0,PE,3.3,3.5,3.0,3.5,2.2,17,62.31,27500,-7500,18-APR-2022,
OPTSTK,GODREJCP,28-Apr-2022,740.0,PE,4.55,5.6,1.8,4.35,4.35,20,74.43,37000,-3000,18-APR-2022,
OPTSTK,GODREJCP,28-Apr-2022,750.0,PE,7.4,7.5,4.65,5.35,5.35,105,396.71,65500,-4000,18-APR-2022,
OPTSTK,GODREJCP,28-Apr-2022,760.0,PE,5.05,9.3,5.0,6.75,6.75,52,199.51,58500,-500,18-APR-2022,
OPTSTK,GODREJCP,28-Apr-2022,770.0,PE,14.35,14.35,7.2,9.35,9.35,90,350.98,37500,-11000,18-APR-2022,
OPTSTK,GODREJCP,28-Apr-2022,780.0,PE,16.65,16.65,9.25,11.95,11.95,199,789.16,72000,4500,18-APR-2022,
OPTSTK,GODREJCP,28-Apr-2022,790.0,PE,20.95,21.05,14.4,15.35,15.35,104,419.91,51500,4000,18-APR-2022,
OPTSTK,GODREJCP,28-Apr-2022,800.0,PE,23.05,26.5,19.0,20.25,20.25,193,793.32,71500,0,18-APR-2022,
OPTSTK,GODREJCP,28-Apr-2022,810.0,PE,33.6,33.6,27.1,29.4,28.25,6,25.17,20500,0,18-APR-2022,
OPTSTK,GODREJCP,28-Apr-2022,820.0,PE,45.5,45.85,32.65,36.55,34.7,9,38.58,24000,-500,18-APR-2022,
OPTSTK,GODREJCP,28-Apr-2022,830.0,PE,41.7,42.0,41.7,42.0,41.75,4,17.43,22000,-1000,18-APR-2022,
OPTSTK,GODREJCP,28-Apr-2022,840.0,PE,50.0,50.55,46.0,46.5,46.5,5,22.21,5000,0,18-APR-2022,
OPTSTK,GODREJCP,28-Apr-2022,850.0,PE,58.35,99.2,54.6,56.55,57.6,9,41.05,12000,1000,18-APR-2022,
OPTSTK,GODREJCP,28-Apr-2022,860.0,PE,0.0,0.0,0.0,51.8,66.2,0,0.0,0,0,18-APR-2022,
OPTSTK,GODREJCP,28-Apr-2022,870.0,PE,0.0,0.0,0.0,120.0,75.15,0,0.0,1000,0,18-APR-2022,
OPTSTK,GODREJCP,28-Apr-2022,880.0,PE,0.0,0.0,0.0,93.9,84.35,0,0.0,1500,0,18-APR-2022,
OPTSTK,GODREJCP,28-Apr-2022,890.0,PE,0.0,0.0,0.0,66.8,93.8,0,0.0,0,0,18-APR-2022,
OPTSTK,GODREJCP,28-Apr-2022,900.0,PE,0.0,0.0,0.0,106.9,103.4,0,0.0,5000,0,18-APR-2022,
OPTSTK,GODREJCP,28-Apr-2022,910.0,PE,0.0,0.0,0.0,77.95,113.15,0,0.0,0,0,18-APR-2022,
OPTSTK,GODREJCP,28-Apr-2022,920.0,PE,0.0,0.0,0.0,225.0,122.95,0,0.0,500,0,18-APR-2022,
OPTSTK,GODREJCP,28-Apr-2022,930.0,PE,0.0,0.0,0.0,90.05,132.8,0,0.0,0,0,18-APR-2022,
OPTSTK,GODREJCP,28-Apr-2022,940.0,PE,0.0,0.0,0.0,96.4,142.75,0,0.0,0,0,18-APR-2022,
OPTSTK,GODREJCP,28-Apr-2022,950.0,PE,0.0,0.0,0.0,244.0,152.7,0,0.0,500,0,18-APR-2022,
OPTSTK,GODREJCP,28-Apr-2022,960.0,PE,0.0,0.0,0.0,109.7,162.65,0,0.0,0,0,18-APR-2022,
OPTSTK,GODREJCP,28-Apr-2022,970.0,PE,0.0,0.0,0.0,116.65,172.6,0,0.0,0,0,18-APR-2022,
OPTSTK,GODREJCP,28-Apr-2022,980.0,PE,0.0,0.0,0.0,123.8,182.6,0,0.0,0,0,18-APR-2022,
OPTSTK,GODREJCP,28-Apr-2022,990.0,PE,0.0,0.0,0.0,131.15,192.55,0,0.0,0,0,18-APR-2022,
OPTSTK,GODREJCP,28-Apr-2022,1000.0,PE,0.0,0.0,0.0,310.0,202.55,0,0.0,2000,0,18-APR-2022,
OPTSTK,GODREJCP,28-Apr-2022,1010.0,PE,0.0,0.0,0.0,146.3,212.55,0,0.0,0,0,18-APR-2022,
OPTSTK,GODREJCP,28-Apr-2022,1020.0,PE,0.0,0.0,0.0,154.1,222.5,0,0.0,0,0,18-APR-2022,
OPTSTK,GODREJCP,28-Apr-2022,1030.0,PE,0.0,0.0,0.0,162.0,232.5,0,0.0,0,0,18-APR-2022,
OPTSTK,GODREJCP,28-Apr-2022,1040.0,PE,0.0,0.0,0.0,170.1,242.5,0,0.0,0,0,18-APR-2022,
OPTSTK,GODREJCP,28-Apr-2022,1050.0,PE,0.0,0.0,0.0,178.3,252.5,0,0.0,0,0,18-APR-2022,
OPTSTK,GODREJCP,28-Apr-2022,1060.0,PE,0.0,0.0,0.0,186.65,262.5,0,0.0,0,0,18-APR-2022,
OPTSTK,GODREJCP,28-Apr-2022,1070.0,PE,0.0,0.0,0.0,195.1,272.45,0,0.0,0,0,18-APR-2022,
OPTSTK,GODREJCP,28-Apr-2022,1080.0,PE,0.0,0.0,0.0,203.65,282.45,0,0.0,0,0,18-APR-2022,
OPTSTK,GODREJCP,28-Apr-2022,1090.0,PE,0.0,0.0,0.0,212.3,292.45,0,0.0,0,0,18-APR-2022,
OPTSTK,GODREJCP,28-Apr-2022,1100.0,PE,0.0,0.0,0.0,221.05,302.45,0,0.0,0,0,18-APR-2022,
OPTSTK,GODREJCP,28-Apr-2022,1110.0,PE,0.0,0.0,0.0,229.9,312.4,0,0.0,0,0,18-APR-2022,
OPTSTK,GODREJCP,28-Apr-2022,1120.0,PE,0.0,0.0,0.0,238.85,322.4,0,0.0,0,0,18-APR-2022,
OPTSTK,GODREJCP,28-Apr-2022,1130.0,PE,0.0,0.0,0.0,247.85,332.4,0,0.0,0,0,18-APR-2022,
OPTSTK,GODREJCP,28-Apr-2022,1140.0,PE,0.0,0.0,0.0,256.95,342.4,0,0.0,0,0,18-APR-2022,
OPTSTK,GODREJCP,28-Apr-2022,1150.0,PE,0.0,0.0,0.0,266.1,352.4,0,0.0,0,0,18-APR-2022,
OPTSTK,GODREJCP,28-Apr-2022,1160.0,PE,0.0,0.0,0.0,275.3,362.35,0,0.0,0,0,18-APR-2022,
OPTSTK,GODREJCP,28-Apr-2022,1170.0,PE,0.0,0.0,0.0,284.55,372.35,0,0.0,0,0,18-APR-2022,
OPTSTK,GODREJCP,28-Apr-2022,1180.0,PE,0.0,0.0,0.0,293.9,382.35,0,0.0,0,0,18-APR-2022,
OPTSTK,GODREJCP,28-Apr-2022,1190.0,PE,0.0,0.0,0.0,303.25,392.35,0,0.0,0,0,18-APR-2022,
OPTSTK,GODREJCP,28-Apr-2022,1200.0,PE,0.0,0.0,0.0,312.7,402.3,0,0.0,0,0,18-APR-2022,
OPTSTK,GODREJCP,28-Apr-2022,1210.0,PE,0.0,0.0,0.0,322.15,412.3,0,0.0,0,0,18-APR-2022,
OPTSTK,GODREJCP,28-Apr-2022,1220.0,PE,0.0,0.0,0.0,331.65,422.3,0,0.0,0,0,18-APR-2022,
OPTSTK,GODREJCP,28-Apr-2022,1230.0,PE,0.0,0.0,0.0,341.2,432.3,0,0.0,0,0,18-APR-2022,
OPTSTK,GODREJCP,28-Apr-2022,1240.0,PE,0.0,0.0,0.0,350.75,442.25,0,0.0,0,0,18-APR-2022,
OPTSTK,GODREJCP,28-Apr-2022,1250.0,PE,0.0,0.0,0.0,360.35,452.25,0,0.0,0,0,18-APR-2022,
OPTSTK,GODREJCP,28-Apr-2022,1260.0,PE,0.0,0.0,0.0,369.95,462.25,0,0.0,0,0,18-APR-2022,
OPTSTK,GODREJCP,26-May-2022,470.0,CE,0.0,0.0,0.0,306.2,328.45,0,0.0,0,0,18-APR-2022,
OPTSTK,GODREJCP,26-May-2022,480.0,CE,0.0,0.0,0.0,296.4,318.5,0,0.0,0,0,18-APR-2022,
OPTSTK,GODREJCP,26-May-2022,490.0,CE,0.0,0.0,0.0,286.55,308.55,0,0.0,0,0,18-APR-2022,
OPTSTK,GODREJCP,26-May-2022,500.0,CE,0.0,0.0,0.0,276.75,298.6,0,0.0,0,0,18-APR-2022,
OPTSTK,GODREJCP,26-May-2022,510.0,CE,0.0,0.0,0.0,267.0,288.65,0,0.0,0,0,18-APR-2022,
OPTSTK,GODREJCP,26-May-2022,520.0,CE,0.0,0.0,0.0,257.3,278.7,0,0.0,0,0,18-APR-2022,
OPTSTK,GODREJCP,26-May-2022,530.0,CE,0.0,0.0,0.0,247.6,268.75,0,0.0,0,0,18-APR-2022,
OPTSTK,GODREJCP,26-May-2022,540.0,CE,0.0,0.0,0.0,238.0,258.8,0,0.0,0,0,18-APR-2022,
OPTSTK,GODREJCP,26-May-2022,550.0,CE,0.0,0.0,0.0,228.5,248.85,0,0.0,0,0,18-APR-2022,
OPTSTK,GODREJCP,26-May-2022,560.0,CE,0.0,0.0,0.0,219.0,238.9,0,0.0,0,0,18-APR-2022,
OPTSTK,GODREJCP,26-May-2022,570.0,CE,0.0,0.0,0.0,209.65,229.0,0,0.0,0,0,18-APR-2022,
OPTSTK,GODREJCP,26-May-2022,580.0,CE,0.0,0.0,0.0,200.4,219.1,0,0.0,0,0,18-APR-2022,
OPTSTK,GODREJCP,26-May-2022,590.0,CE,0.0,0.0,0.0,191.25,209.25,0,0.0,0,0,18-APR-2022,
OPTSTK,GODREJCP,26-May-2022,600.0,CE,0.0,0.0,0.0,182.3,199.45,0,0.0,0,0,18-APR-2022,
OPTSTK,GODREJCP,26-May-2022,610.0,CE,0.0,0.0,0.0,173.45,189.65,0,0.0,0,0,18-APR-2022,
OPTSTK,GODREJCP,26-May-2022,620.0,CE,0.0,0.0,0.0,164.75,179.95,0,0.0,0,0,18-APR-2022,
OPTSTK,GODREJCP,26-May-2022,630.0,CE,0.0,0.0,0.0,156.25,170.35,0,0.0,0,0,18-APR-2022,
OPTSTK,GODREJCP,26-May-2022,640.0,CE,0.0,0.0,0.0,147.95,160.8,0,0.0,0,0,18-APR-2022,
OPTSTK,GODREJCP,26-May-2022,650.0,CE,0.0,0.0,0.0,139.85,151.4,0,0.0,0,0,18-APR-2022,
OPTSTK,GODREJCP,26-May-2022,660.0,CE,0.0,0.0,0.0,132.0,142.15,0,0.0,0,0,18-APR-2022,
OPTSTK,GODREJCP,26-May-2022,670.0,CE,0.0,0.0,0.0,124.35,133.05,0,0.0,0,0,18-APR-2022,
OPTSTK,GODREJCP,26-May-2022,680.0,CE,0.0,0.0,0.0,116.95,124.15,0,0.0,0,0,18-APR-2022,
OPTSTK,GODREJCP,26-May-2022,690.0,CE,0.0,0.0,0.0,109.8,115.5,0,0.0,0,0,18-APR-2022,
OPTSTK,GODREJCP,26-May-2022,700.0,CE,0.0,0.0,0.0,102.9,107.05,0,0.0,0,0,18-APR-2022,
OPTSTK,GODREJCP,26-May-2022,710.0,CE,0.0,0.0,0.0,96.25,98.9,0,0.0,0,0,18-APR-2022,
OPTSTK,GODREJCP,26-May-2022,720.0,CE,0.0,0.0,0.0,89.95,91.05,0,0.0,0,0,18-APR-2022,
OPTSTK,GODREJCP,26-May-2022,730.0,CE,0.0,0.0,0.0,83.85,83.55,0,0.0,0,0,18-APR-2022,
OPTSTK,GODREJCP,26-May-2022,740.0,CE,0.0,0.0,0.0,78.05,76.35,0,0.0,0,0,18-APR-2022,
OPTSTK,GODREJCP,26-May-2022,750.0,CE,0.0,0.0,0.0,72.55,69.5,0,0.0,0,0,18-APR-2022,
OPTSTK,GODREJCP,26-May-2022,760.0,CE,0.0,0.0,0.0,67.3,63.05,0,0.0,0,0,18-APR-2022,
OPTSTK,GODREJCP,26-May-2022,770.0,CE,0.0,0.0,0.0,62.35,57.0,0,0.0,0,0,18-APR-2022,
OPTSTK,GODREJCP,26-May-2022,780.0,CE,0.0,0.0,0.0,57.65,51.3,0,0.0,0,0,18-APR-2022,
OPTSTK,GODREJCP,26-May-2022,790.0,CE,0.0,0.0,0.0,53.25,46.0,0,0.0,0,0,18-APR-2022,
OPTSTK,GODREJCP,26-May-2022,800.0,CE,42.0,42.0,37.55,39.1,41.1,3,12.59,16500,-500,18-APR-2022,
OPTSTK,GODREJCP,26-May-2022,810.0,CE,0.0,0.0,0.0,45.15,36.55,0,0.0,0,0,18-APR-2022,
OPTSTK,GODREJCP,26-May-2022,820.0,CE,0.0,0.0,0.0,30.0,32.4,0,0.0,1000,0,18-APR-2022,
OPTSTK,GODREJCP,26-May-2022,830.0,CE,0.0,0.0,0.0,38.05,28.6,0,0.0,0,0,18-APR-2022,
OPTSTK,GODREJCP,26-May-2022,840.0,CE,0.0,0.0,0.0,34.9,25.15,0,0.0,0,0,18-APR-2022,
OPTSTK,GODREJCP,26-May-2022,850.0,CE,15.55,20.7,15.55,20.7,22.05,3,13.02,3000,-500,18-APR-2022,
OPTSTK,GODREJCP,26-May-2022,860.0,CE,0.0,0.0,0.0,29.15,19.25,0,0.0,0,0,18-APR-2022,
OPTSTK,GODREJCP,26-May-2022,870.0,CE,0.0,0.0,0.0,26.6,16.8,0,0.0,0,0,18-APR-2022,
OPTSTK,GODREJCP,26-May-2022,880.0,CE,0.0,0.0,0.0,1.0,14.55,0,0.0,0,0,18-APR-2022,
OPTSTK,GODREJCP,26-May-2022,890.0,CE,0.0,0.0,0.0,22.1,12.55,0,0.0,0,0,18-APR-2022,
OPTSTK,GODREJCP,26-May-2022,900.0,CE,0.0,0.0,0.0,11.5,10.8,0,0.0,3500,0,18-APR-2022,
OPTSTK,GODREJCP,26-May-2022,910.0,CE,0.0,0.0,0.0,18.2,9.25,0,0.0,0,0,18-APR-2022,
OPTSTK,GODREJCP,26-May-2022,920.0,CE,0.0,0.0,0.0,16.5,7.95,0,0.0,0,0,18-APR-2022,
OPTSTK,GODREJCP,26-May-2022,930.0,CE,0.0,0.0,0.0,14.9,6.75,0,0.0,0,0,18-APR-2022,
OPTSTK,GODREJCP,26-May-2022,940.0,CE,0.0,0.0,0.0,13.5,5.75,0,0.0,0,0,18-APR-2022,
OPTSTK,GODREJCP,26-May-2022,950.0,CE,0.0,0.0,0.0,12.2,4.85,0,0.0,0,0,18-APR-2022,
OPTSTK,GODREJCP,26-May-2022,960.0,CE,0.0,0.0,0.0,11.0,4.1,0,0.0,0,0,18-APR-2022,
OPTSTK,GODREJCP,26-May-2022,970.0,CE,0.0,0.0,0.0,9.9,3.45,0,0.0,0,0,18-APR-2022,
OPTSTK,GODREJCP,26-May-2022,980.0,CE,0.0,0.0,0.0,8.9,2.9,0,0.0,0,0,18-APR-2022,
OPTSTK,GODREJCP,26-May-2022,990.0,CE,0.0,0.0,0.0,8.0,2.4,0,0.0,0,0,18-APR-2022,
OPTSTK,GODREJCP,26-May-2022,1000.0,CE,4.0,4.0,4.0,4.0,2.0,1,5.02,500,500,18-APR-2022,
OPTSTK,GODREJCP,26-May-2022,1010.0,CE,0.0,0.0,0.0,6.45,1.7,0,0.0,0,0,18-APR-2022,
OPTSTK,GODREJCP,26-May-2022,1020.0,CE,0.0,0.0,0.0,5.8,1.4,0,0.0,0,0,18-APR-2022,
OPTSTK,GODREJCP,26-May-2022,1030.0,CE,0.0,0.0,0.0,5.15,1.15,0,0.0,0,0,18-APR-2022,
OPTSTK,GODREJCP,26-May-2022,1040.0,CE,0.0,0.0,0.0,4.65,0.95,0,0.0,0,0,18-APR-2022,
OPTSTK,GODREJCP,26-May-2022,1050.0,CE,0.0,0.0,0.0,4.15,0.8,0,0.0,0,0,18-APR-2022,
OPTSTK,GODREJCP,26-May-2022,1060.0,CE,0.0,0.0,0.0,3.7,0.65,0,0.0,0,0,18-APR-2022,
OPTSTK,GODREJCP,26-May-2022,1070.0,CE,0.0,0.0,0.0,3.3,0.55,0,0.0,0,0,18-APR-2022,
OPTSTK,GODREJCP,26-May-2022,1080.0,CE,0.0,0.0,0.0,2.95,0.45,0,0.0,0,0,18-APR-2022,
OPTSTK,GODREJCP,26-May-2022,1090.0,CE,0.0,0.0,0.0,2.6,0.35,0,0.0,0,0,18-APR-2022,
OPTSTK,GODREJCP,26-May-2022,1100.0,CE,0.0,0.0,0.0,2.35,0.3,0,0.0,0,0,18-APR-2022,
OPTSTK,GODREJCP,26-May-2022,1110.0,CE,0.0,0.0,0.0,2.05,0.25,0,0.0,0,0,18-APR-2022,
OPTSTK,GODREJCP,26-May-2022,1120.0,CE,0.0,0.0,0.0,1.85,0.2,0,0.0,0,0,18-APR-2022,
OPTSTK,GODREJCP,26-May-2022,1130.0,CE,0.0,0.0,0.0,1.65,0.15,0,0.0,0,0,18-APR-2022,
OPTSTK,GODREJCP,26-May-2022,1140.0,CE,0.0,0.0,0.0,1.45,0.15,0,0.0,0,0,18-APR-2022,
OPTSTK,GODREJCP,26-May-2022,1150.0,CE,0.0,0.0,0.0,1.3,0.1,0,0.0,0,0,18-APR-2022,
OPTSTK,GODREJCP,26-May-2022,470.0,PE,0.0,0.0,0.0,0.15,0.0,0,0.0,0,0,18-APR-2022,
OPTSTK,GODREJCP,26-May-2022,480.0,PE,0.0,0.0,0.0,0.2,0.0,0,0.0,0,0,18-APR-2022,
OPTSTK,GODREJCP,26-May-2022,490.0,PE,0.0,0.0,0.0,0.3,0.0,0,0.0,0,0,18-APR-2022,
OPTSTK,GODREJCP,26-May-2022,500.0,PE,0.0,0.0,0.0,0.4,0.0,0,0.0,0,0,18-APR-2022,
OPTSTK,GODREJCP,26-May-2022,510.0,PE,0.0,0.0,0.0,0.5,0.05,0,0.0,0,0,18-APR-2022,
OPTSTK,GODREJCP,26-May-2022,520.0,PE,0.0,0.0,0.0,0.7,0.05,0,0.0,0,0,18-APR-2022,
OPTSTK,GODREJCP,26-May-2022,530.0,PE,0.0,0.0,0.0,0.95,0.05,0,0.0,0,0,18-APR-2022,
OPTSTK,GODREJCP,26-May-2022,540.0,PE,0.0,0.0,0.0,1.2,0.05,0,0.0,0,0,18-APR-2022,
OPTSTK,GODREJCP,26-May-2022,550.0,PE,0.0,0.0,0.0,1.55,0.05,0,0.0,0,0,18-APR-2022,
OPTSTK,GODREJCP,26-May-2022,560.0,PE,0.0,0.0,0.0,2.0,0.1,0,0.0,0,0,18-APR-2022,
OPTSTK,GODREJCP,26-May-2022,570.0,PE,0.0,0.0,0.0,2.55,0.15,0,0.0,0,0,18-APR-2022,
OPTSTK,GODREJCP,26-May-2022,580.0,PE,0.0,0.0,0.0,3.2,0.2,0,0.0,0,0,18-APR-2022,
OPTSTK,GODREJCP,26-May-2022,590.0,PE,0.0,0.0,0.0,3.95,0.3,0,0.0,0,0,18-APR-2022,
OPTSTK,GODREJCP,26-May-2022,600.0,PE,0.0,0.0,0.0,7.95,0.45,0,0.0,500,0,18-APR-2022,
OPTSTK,GODREJCP,26-May-2022,610.0,PE,0.0,0.0,0.0,5.9,0.6,0,0.0,0,0,18-APR-2022,
OPTSTK,GODREJCP,26-May-2022,620.0,PE,0.0,0.0,0.0,7.1,0.85,0,0.0,0,0,18-APR-2022,
OPTSTK,GODREJCP,26-May-2022,630.0,PE,0.0,0.0,0.0,8.5,1.2,0,0.0,0,0,18-APR-2022,
OPTSTK,GODREJCP,26-May-2022,640.0,PE,0.0,0.0,0.0,10.1,1.65,0,0.0,0,0,18-APR-2022,
OPTSTK,GODREJCP,26-May-2022,650.0,PE,0.0,0.0,0.0,5.1,2.2,0,0.0,1000,0,18-APR-2022,
OPTSTK,GODREJCP,26-May-2022,660.0,PE,0.0,0.0,0.0,13.95,2.9,0,0.0,0,0,18-APR-2022,
OPTSTK,GODREJCP,26-May-2022,670.0,PE,0.0,0.0,0.0,16.2,3.75,0,0.0,0,0,18-APR-2022,
OPTSTK,GODREJCP,26-May-2022,680.0,PE,0.0,0.0,0.0,18.7,4.8,0,0.0,0,0,18-APR-2022,
OPTSTK,GODREJCP,26-May-2022,690.0,PE,0.0,0.0,0.0,21.45,6.1,0,0.0,0,0,18-APR-2022,
OPTSTK,GODREJCP,26-May-2022,700.0,PE,0.0,0.0,0.0,9.9,7.65,0,0.0,500,0,18-APR-2022,
OPTSTK,GODREJCP,26-May-2022,710.0,PE,0.0,0.0,0.0,27.7,9.45,0,0.0,0,0,18-APR-2022,
OPTSTK,GODREJCP,26-May-2022,720.0,PE,0.0,0.0,0.0,31.25,11.55,0,0.0,0,0,18-APR-2022,
OPTSTK,GODREJCP,26-May-2022,730.0,PE,0.0,0.0,0.0,35.05,14.0,0,0.0,0,0,18-APR-2022,
OPTSTK,GODREJCP,26-May-2022,740.0,PE,21.55,21.55,21.55,21.55,16.75,1,3.8,1000,-500,18-APR-2022,
OPTSTK,GODREJCP,26-May-2022,750.0,PE,15.0,15.0,15.0,15.0,19.85,1,3.82,500,500,18-APR-2022,
OPTSTK,GODREJCP,26-May-2022,760.0,PE,0.0,0.0,0.0,20.0,23.35,0,0.0,500,0,18-APR-2022,
OPTSTK,GODREJCP,26-May-2022,770.0,PE,0.0,0.0,0.0,20.0,27.25,0,0.0,500,0,18-APR-2022,
OPTSTK,GODREJCP,26-May-2022,780.0,PE,0.0,0.0,0.0,58.35,31.5,0,0.0,0,0,18-APR-2022,
OPTSTK,GODREJCP,26-May-2022,790.0,PE,0.0,0.0,0.0,63.8,36.15,0,0.0,0,0,18-APR-2022,
OPTSTK,GODREJCP,26-May-2022,800.0,PE,32.0,32.0,32.0,32.0,41.2,1,4.16,2000,500,18-APR-2022,
OPTSTK,GODREJCP,26-May-2022,810.0,PE,0.0,0.0,0.0,75.55,46.65,0,0.0,0,0,18-APR-2022,
OPTSTK,GODREJCP,26-May-2022,820.0,PE,0.0,0.0,0.0,81.75,52.45,0,0.0,0,0,18-APR-2022,
OPTSTK,GODREJCP,26-May-2022,830.0,PE,0.0,0.0,0.0,88.25,58.6,0,0.0,0,0,18-APR-2022,
OPTSTK,GODREJCP,26-May-2022,840.0,PE,0.0,0.0,0.0,94.95,65.1,0,0.0,0,0,18-APR-2022,
OPTSTK,GODREJCP,26-May-2022,850.0,PE,0.0,0.0,0.0,101.85,71.95,0,0.0,0,0,18-APR-2022,
OPTSTK,GODREJCP,26-May-2022,860.0,PE,0.0,0.0,0.0,109.0,79.1,0,0.0,0,0,18-APR-2022,
OPTSTK,GODREJCP,26-May-2022,870.0,PE,0.0,0.0,0.0,116.35,86.6,0,0.0,0,0,18-APR-2022,
OPTSTK,GODREJCP,26-May-2022,880.0,PE,0.0,0.0,0.0,123.9,94.3,0,0.0,0,0,18-APR-2022,
OPTSTK,GODREJCP,26-May-2022,890.0,PE,0.0,0.0,0.0,131.6,102.3,0,0.0,0,0,18-APR-2022,
OPTSTK,GODREJCP,26-May-2022,900.0,PE,0.0,0.0,0.0,139.45,110.5,0,0.0,0,0,18-APR-2022,
OPTSTK,GODREJCP,26-May-2022,910.0,PE,0.0,0.0,0.0,147.5,118.9,0,0.0,0,0,18-APR-2022,
OPTSTK,GODREJCP,26-May-2022,920.0,PE,0.0,0.0,0.0,155.7,127.5,0,0.0,0,0,18-APR-2022,
OPTSTK,GODREJCP,26-May-2022,930.0,PE,0.0,0.0,0.0,164.05,136.3,0,0.0,0,0,18-APR-2022,
OPTSTK,GODREJCP,26-May-2022,940.0,PE,0.0,0.0,0.0,172.5,145.25,0,0.0,0,0,18-APR-2022,
OPTSTK,GODREJCP,26-May-2022,950.0,PE,0.0,0.0,0.0,181.1,154.3,0,0.0,0,0,18-APR-2022,
OPTSTK,GODREJCP,26-May-2022,960.0,PE,0.0,0.0,0.0,189.8,163.5,0,0.0,0,0,18-APR-2022,
OPTSTK,GODREJCP,26-May-2022,970.0,PE,0.0,0.0,0.0,198.6,172.8,0,0.0,0,0,18-APR-2022,
OPTSTK,GODREJCP,26-May-2022,980.0,PE,0.0,0.0,0.0,207.5,182.2,0,0.0,0,0,18-APR-2022,
OPTSTK,GODREJCP,26-May-2022,990.0,PE,0.0,0.0,0.0,216.5,191.7,0,0.0,0,0,18-APR-2022,
OPTSTK,GODREJCP,26-May-2022,1000.0,PE,0.0,0.0,0.0,225.55,201.25,0,0.0,0,0,18-APR-2022,
OPTSTK,GODREJCP,26-May-2022,1010.0,PE,0.0,0.0,0.0,234.75,210.85,0,0.0,0,0,18-APR-2022,
OPTSTK,GODREJCP,26-May-2022,1020.0,PE,0.0,0.0,0.0,243.95,220.55,0,0.0,0,0,18-APR-2022,
OPTSTK,GODREJCP,26-May-2022,1030.0,PE,0.0,0.0,0.0,253.25,230.25,0,0.0,0,0,18-APR-2022,
OPTSTK,GODREJCP,26-May-2022,1040.0,PE,0.0,0.0,0.0,262.6,240.0,0,0.0,0,0,18-APR-2022,
OPTSTK,GODREJCP,26-May-2022,1050.0,PE,0.0,0.0,0.0,272.0,249.8,0,0.0,0,0,18-APR-2022,
OPTSTK,GODREJCP,26-May-2022,1060.0,PE,0.0,0.0,0.0,281.45,259.6,0,0.0,0,0,18-APR-2022,
OPTSTK,GODREJCP,26-May-2022,1070.0,PE,0.0,0.0,0.0,290.95,269.45,0,0.0,0,0,18-APR-2022,
OPTSTK,GODREJCP,26-May-2022,1080.0,PE,0.0,0.0,0.0,300.5,279.3,0,0.0,0,0,18-APR-2022,
OPTSTK,GODREJCP,26-May-2022,1090.0,PE,0.0,0.0,0.0,310.05,289.2,0,0.0,0,0,18-APR-2022,
OPTSTK,GODREJCP,26-May-2022,1100.0,PE,0.0,0.0,0.0,319.65,299.1,0,0.0,0,0,18-APR-2022,
OPTSTK,GODREJCP,26-May-2022,1110.0,PE,0.0,0.0,0.0,329.3,309.0,0,0.0,0,0,18-APR-2022,
OPTSTK,GODREJCP,26-May-2022,1120.0,PE,0.0,0.0,0.0,338.95,318.9,0,0.0,0,0,18-APR-2022,
OPTSTK,GODREJCP,26-May-2022,1130.0,PE,0.0,0.0,0.0,348.65,328.85,0,0.0,0,0,18-APR-2022,
OPTSTK,GODREJCP,26-May-2022,1140.0,PE,0.0,0.0,0.0,358.35,338.75,0,0.0,0,0,18-APR-2022,
OPTSTK,GODREJCP,26-May-2022,1150.0,PE,0.0,0.0,0.0,368.1,348.7,0,0.0,0,0,18-APR-2022,
OPTSTK,GODREJCP,30-Jun-2022,470.0,CE,0.0,0.0,0.0,282.6,330.4,0,0.0,0,0,18-APR-2022,
OPTSTK,GODREJCP,30-Jun-2022,480.0,CE,0.0,0.0,0.0,272.85,320.5,0,0.0,0,0,18-APR-2022,
OPTSTK,GODREJCP,30-Jun-2022,490.0,CE,0.0,0.0,0.0,263.1,310.6,0,0.0,0,0,18-APR-2022,
OPTSTK,GODREJCP,30-Jun-2022,500.0,CE,0.0,0.0,0.0,253.45,300.75,0,0.0,0,0,18-APR-2022,
OPTSTK,GODREJCP,30-Jun-2022,510.0,CE,0.0,0.0,0.0,243.8,290.9,0,0.0,0,0,18-APR-2022,
OPTSTK,GODREJCP,30-Jun-2022,520.0,CE,0.0,0.0,0.0,234.25,281.05,0,0.0,0,0,18-APR-2022,
OPTSTK,GODREJCP,30-Jun-2022,530.0,CE,0.0,0.0,0.0,224.8,271.25,0,0.0,0,0,18-APR-2022,
OPTSTK,GODREJCP,30-Jun-2022,540.0,CE,0.0,0.0,0.0,215.4,261.5,0,0.0,0,0,18-APR-2022,
OPTSTK,GODREJCP,30-Jun-2022,550.0,CE,0.0,0.0,0.0,206.15,251.75,0,0.0,0,0,18-APR-2022,
OPTSTK,GODREJCP,30-Jun-2022,560.0,CE,0.0,0.0,0.0,197.0,242.1,0,0.0,0,0,18-APR-2022,
OPTSTK,GODREJCP,30-Jun-2022,570.0,CE,0.0,0.0,0.0,187.95,232.5,0,0.0,0,0,18-APR-2022,
OPTSTK,GODREJCP,30-Jun-2022,580.0,CE,0.0,0.0,0.0,179.1,222.95,0,0.0,0,0,18-APR-2022,
OPTSTK,GODREJCP,30-Jun-2022,590.0,CE,0.0,0.0,0.0,170.4,213.5,0,0.0,0,0,18-APR-2022,
OPTSTK,GODREJCP,30-Jun-2022,600.0,CE,0.0,0.0,0.0,161.85,204.15,0,0.0,0,0,18-APR-2022,
OPTSTK,GODREJCP,30-Jun-2022,610.0,CE,0.0,0.0,0.0,153.5,194.95,0,0.0,0,0,18-APR-2022,
OPTSTK,GODREJCP,30-Jun-2022,620.0,CE,0.0,0.0,0.0,145.35,185.85,0,0.0,0,0,18-APR-2022,
OPTSTK,GODREJCP,30-Jun-2022,630.0,CE,0.0,0.0,0.0,137.4,176.85,0,0.0,0,0,18-APR-2022,
OPTSTK,GODREJCP,30-Jun-2022,640.0,CE,0.0,0.0,0.0,129.7,168.05,0,0.0,0,0,18-APR-2022,
OPTSTK,GODREJCP,30-Jun-2022,650.0,CE,0.0,0.0,0.0,122.25,159.4,0,0.0,0,0,18-APR-2022,
OPTSTK,GODREJCP,30-Jun-2022,660.0,CE,0.0,0.0,0.0,115.0,150.95,0,0.0,0,0,18-APR-2022,
OPTSTK,GODREJCP,30-Jun-2022,670.0,CE,0.0,0.0,0.0,108.05,142.75,0,0.0,0,0,18-APR-2022,
OPTSTK,GODREJCP,30-Jun-2022,680.0,CE,0.0,0.0,0.0,101.3,134.7,0,0.0,0,0,18-APR-2022,
OPTSTK,GODREJCP,30-Jun-2022,690.0,CE,0.0,0.0,0.0,94.85,126.9,0,0.0,0,0,18-APR-2022,
OPTSTK,GODREJCP,30-Jun-2022,700.0,CE,0.0,0.0,0.0,88.65,119.35,0,0.0,0,0,18-APR-2022,
OPTSTK,GODREJCP,30-Jun-2022,710.0,CE,0.0,0.0,0.0,82.75,112.05,0,0.0,0,0,18-APR-2022,
OPTSTK,GODREJCP,30-Jun-2022,720.0,CE,0.0,0.0,0.0,77.15,104.95,0,0.0,0,0,18-APR-2022,
OPTSTK,GODREJCP,30-Jun-2022,730.0,CE,0.0,0.0,0.0,71.75,98.15,0,0.0,0,0,18-APR-2022,
OPTSTK,GODREJCP,30-Jun-2022,740.0,CE,0.0,0.0,0.0,66.7,91.65,0,0.0,0,0,18-APR-2022,
OPTSTK,GODREJCP,30-Jun-2022,750.0,CE,0.0,0.0,0.0,61.85,85.4,0,0.0,0,0,18-APR-2022,
OPTSTK,GODREJCP,30-Jun-2022,760.0,CE,0.0,0.0,0.0,57.3,79.45,0,0.0,0,0,18-APR-2022,
OPTSTK,GODREJCP,30-Jun-2022,770.0,CE,0.0,0.0,0.0,53.0,73.75,0,0.0,0,0,18-APR-2022,
OPTSTK,GODREJCP,30-Jun-2022,780.0,CE,0.0,0.0,0.0,48.95,68.4,0,0.0,0,0,18-APR-2022,
OPTSTK,GODREJCP,30-Jun-2022,790.0,CE,0.0,0.0,0.0,45.15,63.3,0,0.0,0,0,18-APR-2022,
OPTSTK,GODREJCP,30-Jun-2022,800.0,CE,0.0,0.0,0.0,41.55,58.45,0,0.0,0,0,18-APR-2022,
OPTSTK,GODREJCP,30-Jun-2022,810.0,CE,0.0,0.0,0.0,38.25,53.9,0,0.0,0,0,18-APR-2022,
OPTSTK,GODREJCP,30-Jun-2022,820.0,CE,0.0,0.0,0.0,35.1,49.6,0,0.0,0,0,18-APR-2022,
OPTSTK,GODREJCP,30-Jun-2022,830.0,CE,0.0,0.0,0.0,32.2,45.6,0,0.0,0,0,18-APR-2022,
OPTSTK,GODREJCP,30-Jun-2022,840.0,CE,0.0,0.0,0.0,29.5,41.85,0,0.0,0,0,18-APR-2022,
OPTSTK,GODREJCP,30-Jun-2022,850.0,CE,0.0,0.0,0.0,46.05,38.3,0,0.0,0,0,18-APR-2022,
OPTSTK,GODREJCP,30-Jun-2022,860.0,CE,0.0,0.0,0.0,24.7,35.05,0,0.0,0,0,18-APR-2022,
OPTSTK,GODREJCP,30-Jun-2022,870.0,CE,0.0,0.0,0.0,22.55,32.0,0,0.0,0,0,18-APR-2022,
OPTSTK,GODREJCP,30-Jun-2022,880.0,CE,0.0,0.0,0.0,20.55,29.15,0,0.0,0,0,18-APR-2022,
OPTSTK,GODREJCP,30-Jun-2022,890.0,CE,0.0,0.0,0.0,18.7,26.55,0,0.0,0,0,18-APR-2022,
OPTSTK,GODREJCP,30-Jun-2022,900.0,CE,0.0,0.0,0.0,30.0,24.15,0,0.0,1000,0,18-APR-2022,
OPTSTK,GODREJCP,30-Jun-2022,910.0,CE,0.0,0.0,0.0,15.45,21.95,0,0.0,0,0,18-APR-2022,
OPTSTK,GODREJCP,30-Jun-2022,920.0,CE,0.0,0.0,0.0,14.05,19.85,0,0.0,0,0,18-APR-2022,
OPTSTK,GODREJCP,30-Jun-2022,930.0,CE,0.0,0.0,0.0,12.7,17.95,0,0.0,0,0,18-APR-2022,
OPTSTK,GODREJCP,30-Jun-2022,940.0,CE,0.0,0.0,0.0,11.5,16.25,0,0.0,0,0,18-APR-2022,
OPTSTK,GODREJCP,30-Jun-2022,950.0,CE,0.0,0.0,0.0,10.4,14.65,0,0.0,0,0,18-APR-2022,
OPTSTK,GODREJCP,30-Jun-2022,960.0,CE,0.0,0.0,0.0,9.4,13.2,0,0.0,0,0,18-APR-2022,
OPTSTK,GODREJCP,30-Jun-2022,970.0,CE,0.0,0.0,0.0,8.5,11.9,0,0.0,0,0,18-APR-2022,
OPTSTK,GODREJCP,30-Jun-2022,980.0,CE,0.0,0.0,0.0,7.7,10.7,0,0.0,0,0,18-APR-2022,
OPTSTK,GODREJCP,30-Jun-2022,990.0,CE,0.0,0.0,0.0,6.9,9.6,0,0.0,0,0,18-APR-2022,
OPTSTK,GODREJCP,30-Jun-2022,1000.0,CE,0.0,0.0,0.0,6.25,8.6,0,0.0,0,0,18-APR-2022,
OPTSTK,GODREJCP,30-Jun-2022,1010.0,CE,0.0,0.0,0.0,5.6,7.7,0,0.0,0,0,18-APR-2022,
OPTSTK,GODREJCP,30-Jun-2022,1020.0,CE,0.0,0.0,0.0,5.05,6.9,0,0.0,0,0,18-APR-2022,
OPTSTK,GODREJCP,30-Jun-2022,1030.0,CE,0.0,0.0,0.0,4.55,6.15,0,0.0,0,0,18-APR-2022,
OPTSTK,GODREJCP,30-Jun-2022,1040.0,CE,0.0,0.0,0.0,4.05,5.5,0,0.0,0,0,18-APR-2022,
OPTSTK,GODREJCP,30-Jun-2022,1050.0,CE,0.0,0.0,0.0,3.65,4.9,0,0.0,0,0,18-APR-2022,
OPTSTK,GODREJCP,30-Jun-2022,470.0,PE,0.0,0.0,0.0,0.35,0.05,0,0.0,0,0,18-APR-2022,
OPTSTK,GODREJCP,30-Jun-2022,480.0,PE,0.0,0.0,0.0,0.5,0.1,0,0.0,0,0,18-APR-2022,
OPTSTK,GODREJCP,30-Jun-2022,490.0,PE,0.0,0.0,0.0,0.65,0.1,0,0.0,0,0,18-APR-2022,
OPTSTK,GODREJCP,30-Jun-2022,500.0,PE,0.0,0.0,0.0,0.9,0.15,0,0.0,0,0,18-APR-2022,
OPTSTK,GODREJCP,30-Jun-2022,510.0,PE,0.0,0.0,0.0,1.15,0.25,0,0.0,0,0,18-APR-2022,
OPTSTK,GODREJCP,30-Jun-2022,520.0,PE,0.0,0.0,0.0,1.5,0.3,0,0.0,0,0,18-APR-2022,
OPTSTK,GODREJCP,30-Jun-2022,530.0,PE,0.0,0.0,0.0,1.95,0.45,0,0.0,0,0,18-APR-2022,
OPTSTK,GODREJCP,30-Jun-2022,540.0,PE,0.0,0.0,0.0,2.45,0.6,0,0.0,0,0,18-APR-2022,
OPTSTK,GODREJCP,30-Jun-2022,550.0,PE,0.0,0.0,0.0,3.05,0.75,0,0.0,0,0,18-APR-2022,
OPTSTK,GODREJCP,30-Jun-2022,560.0,PE,0.0,0.0,0.0,3.8,1.0,0,0.0,0,0,18-APR-2022,
OPTSTK,GODREJCP,30-Jun-2022,570.0,PE,0.0,0.0,0.0,4.65,1.3,0,0.0,0,0,18-APR-2022,
OPTSTK,GODREJCP,30-Jun-2022,580.0,PE,0.0,0.0,0.0,5.7,1.7,0,0.0,0,0,18-APR-2022,
OPTSTK,GODREJCP,30-Jun-2022,590.0,PE,0.0,0.0,0.0,6.9,2.15,0,0.0,0,0,18-APR-2022,
OPTSTK,GODREJCP,30-Jun-2022,600.0,PE,0.0,0.0,0.0,8.25,2.75,0,0.0,0,0,18-APR-2022,
OPTSTK,GODREJCP,30-Jun-2022,610.0,PE,0.0,0.0,0.0,9.8,3.4,0,0.0,0,0,18-APR-2022,
OPTSTK,GODREJCP,30-Jun-2022,620.0,PE,0.0,0.0,0.0,11.5,4.25,0,0.0,0,0,18-APR-2022,
OPTSTK,GODREJCP,30-Jun-2022,630.0,PE,0.0,0.0,0.0,13.5,5.2,0,0.0,0,0,18-APR-2022,
OPTSTK,GODREJCP,30-Jun-2022,640.0,PE,0.0,0.0,0.0,15.65,6.3,0,0.0,0,0,18-APR-2022,
OPTSTK,GODREJCP,30-Jun-2022,650.0,PE,0.0,0.0,0.0,18.1,7.55,0,0.0,0,0,18-APR-2022,
OPTSTK,GODREJCP,30-Jun-2022,660.0,PE,0.0,0.0,0.0,20.8,9.05,0,0.0,0,0,18-APR-2022,
OPTSTK,GODREJCP,30-Jun-2022,670.0,PE,0.0,0.0,0.0,23.7,10.7,0,0.0,0,0,18-APR-2022,
OPTSTK,GODREJCP,30-Jun-2022,680.0,PE,0.0,0.0,0.0,26.85,12.6,0,0.0,0,0,18-APR-2022,
OPTSTK,GODREJCP,30-Jun-2022,690.0,PE,0.0,0.0,0.0,30.3,14.7,0,0.0,0,0,18-APR-2022,
OPTSTK,GODREJCP,30-Jun-2022,700.0,PE,0.0,0.0,0.0,34.0,17.05,0,0.0,0,0,18-APR-2022,
OPTSTK,GODREJCP,30-Jun-2022,710.0,PE,0.0,0.0,0.0,38.0,19.65,0,0.0,0,0,18-APR-2022,
OPTSTK,GODREJCP,30-Jun-2022,720.0,PE,0.0,0.0,0.0,42.25,22.55,0,0.0,0,0,18-APR-2022,
OPTSTK,GODREJCP,30-Jun-2022,730.0,PE,0.0,0.0,0.0,46.8,25.6,0,0.0,0,0,18-APR-2022,
OPTSTK,GODREJCP,30-Jun-2022,740.0,PE,0.0,0.0,0.0,51.6,29.0,0,0.0,0,0,18-APR-2022,
OPTSTK,GODREJCP,30-Jun-2022,750.0,PE,0.0,0.0,0.0,56.65,32.7,0,0.0,0,0,18-APR-2022,
OPTSTK,GODREJCP,30-Jun-2022,760.0,PE,0.0,0.0,0.0,62.0,36.65,0,0.0,0,0,18-APR-2022,
OPTSTK,GODREJCP,30-Jun-2022,770.0,PE,0.0,0.0,0.0,67.6,40.9,0,0.0,0,0,18-APR-2022,
OPTSTK,GODREJCP,30-Jun-2022,780.0,PE,0.0,0.0,0.0,73.45,45.45,0,0.0,0,0,18-APR-2022,
OPTSTK,GODREJCP,30-Jun-2022,790.0,PE,0.0,0.0,0.0,79.55,50.25,0,0.0,0,0,18-APR-2022,
OPTSTK,GODREJCP,30-Jun-2022,800.0,PE,0.0,0.0,0.0,85.85,55.35,0,0.0,0,0,18-APR-2022,
OPTSTK,GODREJCP,30-Jun-2022,810.0,PE,0.0,0.0,0.0,92.4,60.7,0,0.0,0,0,18-APR-2022,
OPTSTK,GODREJCP,30-Jun-2022,820.0,PE,0.0,0.0,0.0,99.2,66.3,0,0.0,0,0,18-APR-2022,
OPTSTK,GODREJCP,30-Jun-2022,830.0,PE,0.0,0.0,0.0,106.2,72.2,0,0.0,0,0,18-APR-2022,
OPTSTK,GODREJCP,30-Jun-2022,840.0,PE,0.0,0.0,0.0,113.35,78.35,0,0.0,0,0,18-APR-2022,
OPTSTK,GODREJCP,30-Jun-2022,850.0,PE,0.0,0.0,0.0,120.8,84.75,0,0.0,0,0,18-APR-2022,
OPTSTK,GODREJCP,30-Jun-2022,860.0,PE,0.0,0.0,0.0,128.35,91.4,0,0.0,0,0,18-APR-2022,
OPTSTK,GODREJCP,30-Jun-2022,870.0,PE,0.0,0.0,0.0,136.1,98.25,0,0.0,0,0,18-APR-2022,
OPTSTK,GODREJCP,30-Jun-2022,880.0,PE,0.0,0.0,0.0,144.0,105.35,0,0.0,0,0,18-APR-2022,
OPTSTK,GODREJCP,30-Jun-2022,890.0,PE,0.0,0.0,0.0,152.05,112.65,0,0.0,0,0,18-APR-2022,
OPTSTK,GODREJCP,30-Jun-2022,900.0,PE,0.0,0.0,0.0,160.25,120.2,0,0.0,0,0,18-APR-2022,
OPTSTK,GODREJCP,30-Jun-2022,910.0,PE,0.0,0.0,0.0,168.6,127.9,0,0.0,0,0,18-APR-2022,
OPTSTK,GODREJCP,30-Jun-2022,920.0,PE,0.0,0.0,0.0,177.05,135.7,0,0.0,0,0,18-APR-2022,
OPTSTK,GODREJCP,30-Jun-2022,930.0,PE,0.0,0.0,0.0,185.65,143.75,0,0.0,0,0,18-APR-2022,
OPTSTK,GODREJCP,30-Jun-2022,940.0,PE,0.0,0.0,0.0,194.35,151.95,0,0.0,0,0,18-APR-2022,
OPTSTK,GODREJCP,30-Jun-2022,950.0,PE,0.0,0.0,0.0,203.15,160.25,0,0.0,0,0,18-APR-2022,
OPTSTK,GODREJCP,30-Jun-2022,960.0,PE,0.0,0.0,0.0,212.05,168.75,0,0.0,0,0,18-APR-2022,
OPTSTK,GODREJCP,30-Jun-2022,970.0,PE,0.0,0.0,0.0,221.0,177.3,0,0.0,0,0,18-APR-2022,
OPTSTK,GODREJCP,30-Jun-2022,980.0,PE,0.0,0.0,0.0,230.05,186.05,0,0.0,0,0,18-APR-2022,
OPTSTK,GODREJCP,30-Jun-2022,990.0,PE,0.0,0.0,0.0,239.2,194.85,0,0.0,0,0,18-APR-2022,
OPTSTK,GODREJCP,30-Jun-2022,1000.0,PE,0.0,0.0,0.0,248.4,203.8,0,0.0,0,0,18-APR-2022,
OPTSTK,GODREJCP,30-Jun-2022,1010.0,PE,0.0,0.0,0.0,257.7,212.8,0,0.0,0,0,18-APR-2022,
OPTSTK,GODREJCP,30-Jun-2022,1020.0,PE,0.0,0.0,0.0,267.0,221.9,0,0.0,0,0,18-APR-2022,
OPTSTK,GODREJCP,30-Jun-2022,1030.0,PE,0.0,0.0,0.0,276.4,231.1,0,0.0,0,0,18-APR-2022,
OPTSTK,GODREJCP,30-Jun-2022,1040.0,PE,0.0,0.0,0.0,285.85,240.35,0,0.0,0,0,18-APR-2022,
OPTSTK,GODREJCP,30-Jun-2022,1050.0,PE,0.0,0.0,0.0,295.3,249.65,0,0.0,0,0,18-APR-2022,
OPTSTK,GODREJPROP,28-Apr-2022,950.0,CE,0.0,0.0,0.0,672.65,655.95,0,0.0,0,0,18-APR-2022,
OPTSTK,GODREJPROP,28-Apr-2022,1000.0,CE,0.0,0.0,0.0,625.1,606.0,0,0.0,0,0,18-APR-2022,
OPTSTK,GODREJPROP,28-Apr-2022,1050.0,CE,0.0,0.0,0.0,578.4,556.05,0,0.0,0,0,18-APR-2022,
OPTSTK,GODREJPROP,28-Apr-2022,1100.0,CE,0.0,0.0,0.0,532.9,506.1,0,0.0,0,0,18-APR-2022,
OPTSTK,GODREJPROP,28-Apr-2022,1120.0,CE,0.0,0.0,0.0,556.1,486.15,0,0.0,0,0,18-APR-2022,
OPTSTK,GODREJPROP,28-Apr-2022,1140.0,CE,0.0,0.0,0.0,536.3,466.15,0,0.0,0,0,18-APR-2022,
OPTSTK,GODREJPROP,28-Apr-2022,1150.0,CE,0.0,0.0,0.0,488.75,456.15,0,0.0,0,0,18-APR-2022,
OPTSTK,GODREJPROP,28-Apr-2022,1160.0,CE,0.0,0.0,0.0,516.55,446.2,0,0.0,0,0,18-APR-2022,
OPTSTK,GODREJPROP,28-Apr-2022,1180.0,CE,0.0,0.0,0.0,496.9,426.2,0,0.0,0,0,18-APR-2022,
OPTSTK,GODREJPROP,28-Apr-2022,1200.0,CE,0.0,0.0,0.0,446.25,406.25,0,0.0,0,0,18-APR-2022,
OPTSTK,GODREJPROP,28-Apr-2022,1220.0,CE,0.0,0.0,0.0,457.8,386.3,0,0.0,0,0,18-APR-2022,
OPTSTK,GODREJPROP,28-Apr-2022,1240.0,CE,0.0,0.0,0.0,438.45,366.35,0,0.0,0,0,18-APR-2022,
OPTSTK,GODREJPROP,28-Apr-2022,1250.0,CE,0.0,0.0,0.0,405.65,356.4,0,0.0,0,0,18-APR-2022,
OPTSTK,GODREJPROP,28-Apr-2022,1260.0,CE,0.0,0.0,0.0,419.25,346.45,0,0.0,0,0,18-APR-2022,
OPTSTK,GODREJPROP,28-Apr-2022,1280.0,CE,0.0,0.0,0.0,400.2,326.6,0,0.0,0,0,18-APR-2022,
OPTSTK,GODREJPROP,28-Apr-2022,1300.0,CE,0.0,0.0,0.0,367.05,306.8,0,0.0,0,0,18-APR-2022,
OPTSTK,GODREJPROP,28-Apr-2022,1320.0,CE,0.0,0.0,0.0,362.8,287.15,0,0.0,0,0,18-APR-2022,
OPTSTK,GODREJPROP,28-Apr-2022,1340.0,CE,0.0,0.0,0.0,344.45,267.6,0,0.0,0,0,18-APR-2022,
OPTSTK,GODREJPROP,28-Apr-2022,1350.0,CE,0.0,0.0,0.0,330.65,257.9,0,0.0,0,0,18-APR-2022,
OPTSTK,GODREJPROP,28-Apr-2022,1360.0,CE,0.0,0.0,0.0,326.45,248.3,0,0.0,0,0,18-APR-2022,
OPTSTK,GODREJPROP,28-Apr-2022,1380.0,CE,0.0,0.0,0.0,308.75,229.25,0,0.0,0,0,18-APR-2022,
OPTSTK,GODREJPROP,28-Apr-2022,1400.0,CE,0.0,0.0,0.0,291.0,210.5,0,0.0,650,0,18-APR-2022,
OPTSTK,GODREJPROP,28-Apr-2022,1420.0,CE,0.0,0.0,0.0,274.55,192.25,0,0.0,0,0,18-APR-2022,
OPTSTK,GODREJPROP,28-Apr-2022,1440.0,CE,0.0,0.0,0.0,258.05,174.5,0,0.0,0,0,18-APR-2022,
OPTSTK,GODREJPROP,28-Apr-2022,1450.0,CE,0.0,0.0,0.0,264.8,165.85,0,0.0,0,0,18-APR-2022,
OPTSTK,GODREJPROP,28-Apr-2022,1460.0,CE,0.0,0.0,0.0,242.05,157.35,0,0.0,0,0,18-APR-2022,
OPTSTK,GODREJPROP,28-Apr-2022,1480.0,CE,0.0,0.0,0.0,226.55,140.95,0,0.0,0,0,18-APR-2022,
OPTSTK,GODREJPROP,28-Apr-2022,1500.0,CE,114.0,120.75,86.9,120.75,125.35,10,52.08,8775,0,18-APR-2022,
OPTSTK,GODREJPROP,28-Apr-2022,1520.0,CE,0.0,0.0,0.0,197.2,110.65,0,0.0,0,0,18-APR-2022,
OPTSTK,GODREJPROP,28-Apr-2022,1540.0,CE,0.0,0.0,0.0,183.3,96.95,0,0.0,0,0,18-APR-2022,
OPTSTK,GODREJPROP,28-Apr-2022,1550.0,CE,0.0,0.0,0.0,90.4,90.45,0,0.0,2600,0,18-APR-2022,
OPTSTK,GODREJPROP,28-Apr-2022,1560.0,CE,0.0,0.0,0.0,84.45,84.25,0,0.0,325,0,18-APR-2022,
OPTSTK,GODREJPROP,28-Apr-2022,1580.0,CE,55.2,60.0,39.25,58.55,58.55,34,180.39,3250,2275,18-APR-2022,
OPTSTK,GODREJPROP,28-Apr-2022,1600.0,CE,51.95,52.55,30.05,49.45,49.45,574,3063.81,110825,22750,18-APR-2022,
OPTSTK,GODREJPROP,28-Apr-2022,1620.0,CE,33.95,42.25,25.0,40.1,40.1,95,511.18,28925,3575,18-APR-2022,
OPTSTK,GODREJPROP,28-Apr-2022,1640.0,CE,30.0,33.05,20.5,32.2,32.2,72,390.09,19500,-3900,18-APR-2022,
OPTSTK,GODREJPROP,28-Apr-2022,1650.0,CE,19.0,31.3,16.85,28.4,28.4,461,2506.57,116675,-3575,18-APR-2022,
OPTSTK,GODREJPROP,28-Apr-2022,1660.0,CE,20.0,26.15,15.3,24.6,24.6,41,223.79,13975,-325,18-APR-2022,
OPTSTK,GODREJPROP,28-Apr-2022,1680.0,CE,12.75,23.05,12.75,21.15,21.15,203,1119.62,50700,-3575,18-APR-2022,
OPTSTK,GODREJPROP,28-Apr-2022,1700.0,CE,11.55,19.0,10.4,17.4,17.4,775,4316.48,385775,-12675,18-APR-2022,
OPTSTK,GODREJPROP,28-Apr-2022,1720.0,CE,4.05,14.7,4.05,13.9,13.9,104,584.76,36725,0,18-APR-2022,
OPTSTK,GODREJPROP,28-Apr-2022,1740.0,CE,4.85,11.0,4.4,11.0,11.0,9,51.09,23400,325,18-APR-2022,
OPTSTK,GODREJPROP,28-Apr-2022,1750.0,CE,6.05,11.5,6.05,10.5,10.5,434,2479.39,95550,-13650,18-APR-2022,
OPTSTK,GODREJPROP,28-Apr-2022,1760.0,CE,5.0,8.15,5.0,7.75,13.1,7,40.19,13650,-650,18-APR-2022,
OPTSTK,GODREJPROP,28-Apr-2022,1780.0,CE,8.2,8.4,4.3,6.05,6.05,20,116.07,16250,-1300,18-APR-2022,
OPTSTK,GODREJPROP,28-Apr-2022,1800.0,CE,4.05,7.25,3.8,6.6,6.6,645,3783.65,266175,-29900,18-APR-2022,
OPTSTK,GODREJPROP,28-Apr-2022,1820.0,CE,4.15,4.25,4.0,4.25,6.4,13,77.07,1625,-3900,18-APR-2022,
OPTSTK,GODREJPROP,28-Apr-2022,1840.0,CE,3.55,3.75,2.95,3.6,4.95,35,209.68,3250,-2925,18-APR-2022,
OPTSTK,GODREJPROP,28-Apr-2022,1850.0,CE,2.95,4.6,2.4,4.4,4.4,153,921.55,26650,-2925,18-APR-2022,
OPTSTK,GODREJPROP,28-Apr-2022,1860.0,CE,0.0,0.0,0.0,4.25,3.8,0,0.0,1300,0,18-APR-2022,
OPTSTK,GODREJPROP,28-Apr-2022,1880.0,CE,0.0,0.0,0.0,3.75,2.9,0,0.0,1625,0,18-APR-2022,
OPTSTK,GODREJPROP,28-Apr-2022,1900.0,CE,3.65,3.65,1.85,3.2,3.2,256,1582.88,145275,-325,18-APR-2022,
OPTSTK,GODREJPROP,28-Apr-2022,1920.0,CE,0.0,0.0,0.0,4.45,1.65,0,0.0,975,0,18-APR-2022,
OPTSTK,GODREJPROP,28-Apr-2022,1940.0,CE,2.1,2.1,2.1,2.1,1.2,1,6.31,325,325,18-APR-2022,
OPTSTK,GODREJPROP,28-Apr-2022,1950.0,CE,0.0,0.0,0.0,3.0,1.05,0,0.0,24050,0,18-APR-2022,
OPTSTK,GODREJPROP,28-Apr-2022,1960.0,CE,0.0,0.0,0.0,24.0,0.9,0,0.0,0,0,18-APR-2022,
OPTSTK,GODREJPROP,28-Apr-2022,1980.0,CE,0.0,0.0,0.0,21.3,0.65,0,0.0,0,0,18-APR-2022,
OPTSTK,GODREJPROP,28-Apr-2022,2000.0,CE,1.5,1.55,1.0,1.55,1.55,47,305.7,100425,-975,18-APR-2022,
OPTSTK,GODREJPROP,28-Apr-2022,2020.0,CE,0.0,0.0,0.0,16.7,0.35,0,0.0,0,0,18-APR-2022,
OPTSTK,GODREJPROP,28-Apr-2022,2040.0,CE,0.0,0.0,0.0,14.75,0.25,0,0.0,0,0,18-APR-2022,
OPTSTK,GODREJPROP,28-Apr-2022,2050.0,CE,0.0,0.0,0.0,1.5,0.25,0,0.0,2275,0,18-APR-2022,
OPTSTK,GODREJPROP,28-Apr-2022,2060.0,CE,0.0,0.0,0.0,13.0,0.2,0,0.0,0,0,18-APR-2022,
OPTSTK,GODREJPROP,28-Apr-2022,2080.0,CE,0.0,0.0,0.0,11.45,0.15,0,0.0,0,0,18-APR-2022,
OPTSTK,GODREJPROP,28-Apr-2022,2100.0,CE,0.65,0.65,0.1,0.1,0.1,7,47.78,8775,-975,18-APR-2022,
OPTSTK,GODREJPROP,28-Apr-2022,2120.0,CE,0.0,0.0,0.0,8.8,0.1,0,0.0,0,0,18-APR-2022,
OPTSTK,GODREJPROP,28-Apr-2022,2140.0,CE,0.0,0.0,0.0,7.75,0.05,0,0.0,0,0,18-APR-2022,
OPTSTK,GODREJPROP,28-Apr-2022,2150.0,CE,0.0,0.0,0.0,38.4,0.05,0,0.0,0,0,18-APR-2022,
OPTSTK,GODREJPROP,28-Apr-2022,2160.0,CE,0.0,0.0,0.0,6.75,0.05,0,0.0,0,0,18-APR-2022,
OPTSTK,GODREJPROP,28-Apr-2022,2180.0,CE,0.0,0.0,0.0,5.9,0.05,0,0.0,0,0,18-APR-2022,
OPTSTK,GODREJPROP,28-Apr-2022,2200.0,CE,0.0,0.0,0.0,32.85,0.05,0,0.0,0,0,18-APR-2022,
OPTSTK,GODREJPROP,28-Apr-2022,2220.0,CE,0.0,0.0,0.0,4.5,0.05,0,0.0,0,0,18-APR-2022,
OPTSTK,GODREJPROP,28-Apr-2022,2240.0,CE,0.0,0.0,0.0,3.9,0.05,0,0.0,0,0,18-APR-2022,
OPTSTK,GODREJPROP,28-Apr-2022,2250.0,CE,0.0,0.0,0.0,28.05,0.05,0,0.0,0,0,18-APR-2022,
OPTSTK,GODREJPROP,28-Apr-2022,2260.0,CE,0.0,0.0,0.0,3.4,0.0,0,0.0,0,0,18-APR-2022,
OPTSTK,GODREJPROP,28-Apr-2022,2280.0,CE,0.0,0.0,0.0,2.95,0.0,0,0.0,0,0,18-APR-2022,
OPTSTK,GODREJPROP,28-Apr-2022,2300.0,CE,0.0,0.0,0.0,23.95,0.0,0,0.0,0,0,18-APR-2022,
OPTSTK,GODREJPROP,28-Apr-2022,2350.0,CE,0.0,0.0,0.0,20.35,0.0,0,0.0,0,0,18-APR-2022,
OPTSTK,GODREJPROP,28-Apr-2022,2400.0,CE,0.0,0.0,0.0,17.3,0.0,0,0.0,0,0,18-APR-2022,
OPTSTK,GODREJPROP,28-Apr-2022,950.0,PE,0.0,0.0,0.0,2.8,0.0,0,0.0,0,0,18-APR-2022,
OPTSTK,GODREJPROP,28-Apr-2022,1000.0,PE,0.0,0.0,0.0,4.7,0.0,0,0.0,0,0,18-APR-2022,
OPTSTK,GODREJPROP,28-Apr-2022,1050.0,PE,0.0,0.0,0.0,7.55,0.0,0,0.0,0,0,18-APR-2022,
OPTSTK,GODREJPROP,28-Apr-2022,1100.0,PE,0.0,0.0,0.0,11.5,0.0,0,0.0,0,0,18-APR-2022,
OPTSTK,GODREJPROP,28-Apr-2022,1120.0,PE,0.0,0.0,0.0,0.35,0.0,0,0.0,0,0,18-APR-2022,
OPTSTK,GODREJPROP,28-Apr-2022,1140.0,PE,0.0,0.0,0.0,0.5,0.0,0,0.0,0,0,18-APR-2022,
OPTSTK,GODREJPROP,28-Apr-2022,1150.0,PE,0.0,0.0,0.0,16.85,0.0,0,0.0,0,0,18-APR-2022,
OPTSTK,GODREJPROP,28-Apr-2022,1160.0,PE,0.0,0.0,0.0,0.7,0.05,0,0.0,0,0,18-APR-2022,
OPTSTK,GODREJPROP,28-Apr-2022,1180.0,PE,0.0,0.0,0.0,0.95,0.05,0,0.0,0,0,18-APR-2022,
OPTSTK,GODREJPROP,28-Apr-2022,1200.0,PE,0.0,0.0,0.0,23.8,0.05,0,0.0,0,0,18-APR-2022,
OPTSTK,GODREJPROP,28-Apr-2022,1220.0,PE,0.0,0.0,0.0,1.75,0.05,0,0.0,0,0,18-APR-2022,
OPTSTK,GODREJPROP,28-Apr-2022,1240.0,PE,0.0,0.0,0.0,2.35,0.1,0,0.0,0,0,18-APR-2022,
OPTSTK,GODREJPROP,28-Apr-2022,1250.0,PE,0.0,0.0,0.0,32.65,0.15,0,0.0,0,0,18-APR-2022,
OPTSTK,GODREJPROP,28-Apr-2022,1260.0,PE,0.0,0.0,0.0,3.1,0.2,0,0.0,0,0,18-APR-2022,
OPTSTK,GODREJPROP,28-Apr-2022,1280.0,PE,0.0,0.0,0.0,4.0,0.3,0,0.0,0,0,18-APR-2022,
OPTSTK,GODREJPROP,28-Apr-2022,1300.0,PE,3.0,3.0,2.0,2.0,2.0,2,8.46,18525,325,18-APR-2022,
OPTSTK,GODREJPROP,28-Apr-2022,1320.0,PE,0.0,0.0,0.0,6.45,0.8,0,0.0,0,0,18-APR-2022,
OPTSTK,GODREJPROP,28-Apr-2022,1340.0,PE,0.0,0.0,0.0,8.05,1.25,0,0.0,0,0,18-APR-2022,
OPTSTK,GODREJPROP,28-Apr-2022,1350.0,PE,0.0,0.0,0.0,56.65,1.55,0,0.0,0,0,18-APR-2022,
OPTSTK,GODREJPROP,28-Apr-2022,1360.0,PE,0.0,0.0,0.0,9.95,1.9,0,0.0,0,0,18-APR-2022,
OPTSTK,GODREJPROP,28-Apr-2022,1380.0,PE,0.0,0.0,0.0,12.2,2.85,0,0.0,0,0,18-APR-2022,
OPTSTK,GODREJPROP,28-Apr-2022,1400.0,PE,4.45,8.75,2.6,2.7,2.7,222,1013.85,63375,2275,18-APR-2022,
OPTSTK,GODREJPROP,28-Apr-2022,1420.0,PE,0.0,0.0,0.0,17.85,5.8,0,0.0,0,0,18-APR-2022,
OPTSTK,GODREJPROP,28-Apr-2022,1440.0,PE,0.0,0.0,0.0,21.35,8.0,0,0.0,0,0,18-APR-2022,
OPTSTK,GODREJPROP,28-Apr-2022,1450.0,PE,6.3,7.0,6.3,7.0,7.0,2,9.46,7150,-325,18-APR-2022,
OPTSTK,GODREJPROP,28-Apr-2022,1460.0,PE,0.0,0.0,0.0,12.4,10.85,0,0.0,325,0,18-APR-2022,
OPTSTK,GODREJPROP,28-Apr-2022,1480.0,PE,16.1,16.1,16.1,16.1,14.45,2,9.72,3250,-650,18-APR-2022,
OPTSTK,GODREJPROP,28-Apr-2022,1500.0,PE,19.2,22.1,9.5,10.4,10.4,241,1187.27,90675,650,18-APR-2022,
OPTSTK,GODREJPROP,28-Apr-2022,1520.0,PE,27.1,27.1,27.1,27.1,24.1,1,5.02,975,0,18-APR-2022,
OPTSTK,GODREJPROP,28-Apr-2022,1540.0,PE,0.0,0.0,0.0,23.5,30.35,0,0.0,1300,0,18-APR-2022,
OPTSTK,GODREJPROP,28-Apr-2022,1550.0,PE,40.0,41.35,19.45,20.6,20.6,250,1283.44,64350,4875,18-APR-2022,
OPTSTK,GODREJPROP,28-Apr-2022,1560.0,PE,33.1,36.35,23.0,23.2,23.2,17,87.64,3900,1950,18-APR-2022,
OPTSTK,GODREJPROP,28-Apr-2022,1580.0,PE,55.1,55.1,25.0,28.75,28.75,58,304.58,8775,6825,18-APR-2022,
OPTSTK,GODREJPROP,28-Apr-2022,1600.0,PE,60.0,67.4,36.9,38.85,38.85,310,1661.92,117000,-14625,18-APR-2022,
OPTSTK,GODREJPROP,28-Apr-2022,1620.0,PE,70.0,70.0,45.3,49.4,49.4,5,27.26,5850,325,18-APR-2022,
OPTSTK,GODREJPROP,28-Apr-2022,1640.0,PE,0.0,0.0,0.0,71.05,77.6,0,0.0,7150,0,18-APR-2022,
OPTSTK,GODREJPROP,28-Apr-2022,1650.0,PE,78.5,88.0,78.5,88.0,83.8,8,45.01,39650,-325,18-APR-2022,
OPTSTK,GODREJPROP,28-Apr-2022,1660.0,PE,98.55,98.55,86.25,86.25,90.2,3,17.1,16575,650,18-APR-2022,
OPTSTK,GODREJPROP,28-Apr-2022,1680.0,PE,0.0,0.0,0.0,93.35,103.8,0,0.0,22425,0,18-APR-2022,
OPTSTK,GODREJPROP,28-Apr-2022,1700.0,PE,131.15,137.1,104.85,105.0,105.0,23,135.54,89050,1625,18-APR-2022,
OPTSTK,GODREJPROP,28-Apr-2022,1720.0,PE,0.0,0.0,0.0,126.4,133.55,0,0.0,1950,0,18-APR-2022,
OPTSTK,GODREJPROP,28-Apr-2022,1740.0,PE,0.0,0.0,0.0,140.55,149.6,0,0.0,0,0,18-APR-2022,
OPTSTK,GODREJPROP,28-Apr-2022,1750.0,PE,170.85,170.85,157.25,161.6,157.85,7,43.56,13325,0,18-APR-2022,
OPTSTK,GODREJPROP,28-Apr-2022,1760.0,PE,149.7,149.7,149.7,149.7,166.3,1,6.2,650,325,18-APR-2022,
OPTSTK,GODREJPROP,28-Apr-2022,1780.0,PE,0.0,0.0,0.0,166.45,183.55,0,0.0,0,0,18-APR-2022,
OPTSTK,GODREJPROP,28-Apr-2022,1800.0,PE,0.0,0.0,0.0,201.2,201.3,0,0.0,38675,0,18-APR-2022,
OPTSTK,GODREJPROP,28-Apr-2022,1820.0,PE,0.0,0.0,0.0,194.4,219.5,0,0.0,0,0,18-APR-2022,
OPTSTK,GODREJPROP,28-Apr-2022,1840.0,PE,0.0,0.0,0.0,209.15,238.0,0,0.0,0,0,18-APR-2022,
OPTSTK,GODREJPROP,28-Apr-2022,1850.0,PE,0.0,0.0,0.0,314.7,247.4,0,0.0,0,0,18-APR-2022,
OPTSTK,GODREJPROP,28-Apr-2022,1860.0,PE,0.0,0.0,0.0,224.3,256.85,0,0.0,0,0,18-APR-2022,
OPTSTK,GODREJPROP,28-Apr-2022,1880.0,PE,0.0,0.0,0.0,239.85,275.9,0,0.0,0,0,18-APR-2022,
OPTSTK,GODREJPROP,28-Apr-2022,1900.0,PE,328.0,328.0,328.0,328.0,295.2,1,7.24,23400,-325,18-APR-2022,
OPTSTK,GODREJPROP,28-Apr-2022,1920.0,PE,0.0,0.0,0.0,272.05,314.65,0,0.0,0,0,18-APR-2022,
OPTSTK,GODREJPROP,28-Apr-2022,1940.0,PE,0.0,0.0,0.0,288.65,334.2,0,0.0,0,0,18-APR-2022,
OPTSTK,GODREJPROP,28-Apr-2022,1950.0,PE,0.0,0.0,0.0,390.15,344.0,0,0.0,0,0,18-APR-2022,
OPTSTK,GODREJPROP,28-Apr-2022,1960.0,PE,0.0,0.0,0.0,305.65,353.85,0,0.0,0,0,18-APR-2022,
OPTSTK,GODREJPROP,28-Apr-2022,1980.0,PE,0.0,0.0,0.0,322.85,373.6,0,0.0,0,0,18-APR-2022,
OPTSTK,GODREJPROP,28-Apr-2022,2000.0,PE,0.0,0.0,0.0,316.9,393.4,0,0.0,12350,0,18-APR-2022,
OPTSTK,GODREJPROP,28-Apr-2022,2020.0,PE,0.0,0.0,0.0,358.15,413.25,0,0.0,0,0,18-APR-2022,
OPTSTK,GODREJPROP,28-Apr-2022,2040.0,PE,0.0,0.0,0.0,376.15,433.1,0,0.0,0,0,18-APR-2022,
OPTSTK,GODREJPROP,28-Apr-2022,2050.0,PE,0.0,0.0,0.0,470.9,443.05,0,0.0,0,0,18-APR-2022,
OPTSTK,GODREJPROP,28-Apr-2022,2060.0,PE,0.0,0.0,0.0,394.3,453.05,0,0.0,0,0,18-APR-2022,
OPTSTK,GODREJPROP,28-Apr-2022,2080.0,PE,0.0,0.0,0.0,412.7,472.95,0,0.0,0,0,18-APR-2022,
OPTSTK,GODREJPROP,28-Apr-2022,2100.0,PE,0.0,0.0,0.0,439.9,492.9,0,0.0,975,0,18-APR-2022,
OPTSTK,GODREJPROP,28-Apr-2022,2120.0,PE,0.0,0.0,0.0,449.95,512.85,0,0.0,0,0,18-APR-2022,
OPTSTK,GODREJPROP,28-Apr-2022,2140.0,PE,0.0,0.0,0.0,468.8,532.8,0,0.0,0,0,18-APR-2022,
OPTSTK,GODREJPROP,28-Apr-2022,2150.0,PE,0.0,0.0,0.0,556.1,542.8,0,0.0,0,0,18-APR-2022,
OPTSTK,GODREJPROP,28-Apr-2022,2160.0,PE,0.0,0.0,0.0,487.75,552.75,0,0.0,0,0,18-APR-2022,
OPTSTK,GODREJPROP,28-Apr-2022,2180.0,PE,0.0,0.0,0.0,506.85,572.75,0,0.0,0,0,18-APR-2022,
OPTSTK,GODREJPROP,28-Apr-2022,2200.0,PE,0.0,0.0,0.0,600.0,592.7,0,0.0,0,0,18-APR-2022,
OPTSTK,GODREJPROP,28-Apr-2022,2220.0,PE,0.0,0.0,0.0,545.3,612.7,0,0.0,0,0,18-APR-2022,
OPTSTK,GODREJPROP,28-Apr-2022,2240.0,PE,0.0,0.0,0.0,564.65,632.65,0,0.0,0,0,18-APR-2022,
OPTSTK,GODREJPROP,28-Apr-2022,2250.0,PE,0.0,0.0,0.0,644.7,642.65,0,0.0,0,0,18-APR-2022,
OPTSTK,GODREJPROP,28-Apr-2022,2260.0,PE,0.0,0.0,0.0,584.05,652.65,0,0.0,0,0,18-APR-2022,
OPTSTK,GODREJPROP,28-Apr-2022,2280.0,PE,0.0,0.0,0.0,603.55,672.6,0,0.0,0,0,18-APR-2022,
OPTSTK,GODREJPROP,28-Apr-2022,2300.0,PE,0.0,0.0,0.0,690.0,692.6,0,0.0,0,0,18-APR-2022,
OPTSTK,GODREJPROP,28-Apr-2022,2350.0,PE,0.0,0.0,0.0,735.95,742.55,0,0.0,0,0,18-APR-2022,
OPTSTK,GODREJPROP,28-Apr-2022,2400.0,PE,0.0,0.0,0.0,782.35,792.45,0,0.0,0,0,18-APR-2022,
OPTSTK,GODREJPROP,26-May-2022,950.0,CE,0.0,0.0,0.0,519.7,659.15,0,0.0,0,0,18-APR-2022,
OPTSTK,GODREJPROP,26-May-2022,1000.0,CE,0.0,0.0,0.0,474.85,609.55,0,0.0,0,0,18-APR-2022,
OPTSTK,GODREJPROP,26-May-2022,1050.0,CE,0.0,0.0,0.0,431.65,560.15,0,0.0,0,0,18-APR-2022,
OPTSTK,GODREJPROP,26-May-2022,1100.0,CE,0.0,0.0,0.0,390.4,511.15,0,0.0,0,0,18-APR-2022,
OPTSTK,GODREJPROP,26-May-2022,1120.0,CE,0.0,0.0,0.0,563.4,491.7,0,0.0,0,0,18-APR-2022,
OPTSTK,GODREJPROP,26-May-2022,1140.0,CE,0.0,0.0,0.0,544.45,472.35,0,0.0,0,0,18-APR-2022,
OPTSTK,GODREJPROP,26-May-2022,1150.0,CE,0.0,0.0,0.0,351.25,462.75,0,0.0,0,0,18-APR-2022,
OPTSTK,GODREJPROP,26-May-2022,1160.0,CE,0.0,0.0,0.0,525.7,453.2,0,0.0,0,0,18-APR-2022,
OPTSTK,GODREJPROP,26-May-2022,1180.0,CE,0.0,0.0,0.0,507.05,434.15,0,0.0,0,0,18-APR-2022,
OPTSTK,GODREJPROP,26-May-2022,1200.0,CE,0.0,0.0,0.0,314.5,415.35,0,0.0,0,0,18-APR-2022,
OPTSTK,GODREJPROP,26-May-2022,1220.0,CE,0.0,0.0,0.0,470.45,396.75,0,0.0,0,0,18-APR-2022,
OPTSTK,GODREJPROP,26-May-2022,1240.0,CE,0.0,0.0,0.0,452.5,378.4,0,0.0,0,0,18-APR-2022,
OPTSTK,GODREJPROP,26-May-2022,1250.0,CE,0.0,0.0,0.0,280.2,369.3,0,0.0,0,0,18-APR-2022,
OPTSTK,GODREJPROP,26-May-2022,1260.0,CE,0.0,0.0,0.0,434.85,360.3,0,0.0,0,0,18-APR-2022,
OPTSTK,GODREJPROP,26-May-2022,1280.0,CE,0.0,0.0,0.0,417.4,342.55,0,0.0,0,0,18-APR-2022,
OPTSTK,GODREJPROP,26-May-2022,1300.0,CE,0.0,0.0,0.0,248.4,325.1,0,0.0,0,0,18-APR-2022,
OPTSTK,GODREJPROP,26-May-2022,1320.0,CE,0.0,0.0,0.0,383.5,308.05,0,0.0,0,0,18-APR-2022,
OPTSTK,GODREJPROP,26-May-2022,1340.0,CE,0.0,0.0,0.0,367.0,291.35,0,0.0,0,0,18-APR-2022,
OPTSTK,GODREJPROP,26-May-2022,1350.0,CE,0.0,0.0,0.0,219.3,283.2,0,0.0,0,0,18-APR-2022,
OPTSTK,GODREJPROP,26-May-2022,1360.0,CE,0.0,0.0,0.0,350.9,275.15,0,0.0,0,0,18-APR-2022,
OPTSTK,GODREJPROP,26-May-2022,1380.0,CE,0.0,0.0,0.0,335.15,259.35,0,0.0,0,0,18-APR-2022,
OPTSTK,GODREJPROP,26-May-2022,1400.0,CE,0.0,0.0,0.0,192.75,244.0,0,0.0,0,0,18-APR-2022,
OPTSTK,GODREJPROP,26-May-2022,1420.0,CE,0.0,0.0,0.0,304.85,229.25,0,0.0,0,0,18-APR-2022,
OPTSTK,GODREJPROP,26-May-2022,1440.0,CE,0.0,0.0,0.0,290.25,214.9,0,0.0,0,0,18-APR-2022,
OPTSTK,GODREJPROP,26-May-2022,1450.0,CE,0.0,0.0,0.0,168.7,207.95,0,0.0,0,0,18-APR-2022,
OPTSTK,GODREJPROP,26-May-2022,1460.0,CE,0.0,0.0,0.0,276.05,201.05,0,0.0,0,0,18-APR-2022,
OPTSTK,GODREJPROP,26-May-2022,1480.0,CE,0.0,0.0,0.0,262.3,187.8,0,0.0,0,0,18-APR-2022,
OPTSTK,GODREJPROP,26-May-2022,1500.0,CE,0.0,0.0,0.0,147.15,175.15,0,0.0,0,0,18-APR-2022,
OPTSTK,GODREJPROP,26-May-2022,1520.0,CE,0.0,0.0,0.0,236.05,163.05,0,0.0,0,0,18-APR-2022,
OPTSTK,GODREJPROP,26-May-2022,1540.0,CE,0.0,0.0,0.0,223.65,151.5,0,0.0,0,0,18-APR-2022,
OPTSTK,GODREJPROP,26-May-2022,1550.0,CE,0.0,0.0,0.0,127.8,145.9,0,0.0,0,0,18-APR-2022,
OPTSTK,GODREJPROP,26-May-2022,1560.0,CE,0.0,0.0,0.0,211.65,140.5,0,0.0,0,0,18-APR-2022,
OPTSTK,GODREJPROP,26-May-2022,1580.0,CE,0.0,0.0,0.0,200.15,130.1,0,0.0,0,0,18-APR-2022,
OPTSTK,GODREJPROP,26-May-2022,1600.0,CE,90.0,99.6,79.1,94.9,94.9,27,148.11,6500,6500,18-APR-2022,
OPTSTK,GODREJPROP,26-May-2022,1620.0,CE,0.0,0.0,0.0,178.4,110.95,0,0.0,0,0,18-APR-2022,
OPTSTK,GODREJPROP,26-May-2022,1640.0,CE,0.0,0.0,0.0,168.2,102.15,0,0.0,0,0,18-APR-2022,
OPTSTK,GODREJPROP,26-May-2022,1650.0,CE,0.0,0.0,0.0,95.5,98.0,0,0.0,0,0,18-APR-2022,
OPTSTK,GODREJPROP,26-May-2022,1660.0,CE,0.0,0.0,0.0,158.45,93.95,0,0.0,0,0,18-APR-2022,
OPTSTK,GODREJPROP,26-May-2022,1680.0,CE,0.0,0.0,0.0,149.1,86.25,0,0.0,0,0,18-APR-2022,
OPTSTK,GODREJPROP,26-May-2022,1700.0,CE,55.0,59.0,45.0,56.35,56.35,146,831.14,34450,20475,18-APR-2022,
OPTSTK,GODREJPROP,26-May-2022,1720.0,CE,0.0,0.0,0.0,131.7,72.3,0,0.0,0,0,18-APR-2022,
OPTSTK,GODREJPROP,26-May-2022,1740.0,CE,0.0,0.0,0.0,123.6,66.05,0,0.0,0,0,18-APR-2022,
OPTSTK,GODREJPROP,26-May-2022,1750.0,CE,0.0,0.0,0.0,70.6,63.1,0,0.0,0,0,18-APR-2022,
OPTSTK,GODREJPROP,26-May-2022,1760.0,CE,0.0,0.0,0.0,115.9,60.25,0,0.0,0,0,18-APR-2022,
OPTSTK,GODREJPROP,26-May-2022,1780.0,CE,0.0,0.0,0.0,108.6,54.85,0,0.0,0,0,18-APR-2022,
OPTSTK,GODREJPROP,26-May-2022,1800.0,CE,27.3,32.95,26.0,32.95,49.95,26,154.49,6825,1625,18-APR-2022,
OPTSTK,GODREJPROP,26-May-2022,1820.0,CE,0.0,0.0,0.0,95.1,45.4,0,0.0,0,0,18-APR-2022,
OPTSTK,GODREJPROP,26-May-2022,1840.0,CE,0.0,0.0,0.0,88.9,41.15,0,0.0,0,0,18-APR-2022,
OPTSTK,GODREJPROP,26-May-2022,1850.0,CE,21.0,21.0,21.0,21.0,39.1,2,12.16,650,650,18-APR-2022,
OPTSTK,GODREJPROP,26-May-2022,1860.0,CE,0.0,0.0,0.0,83.0,37.2,0,0.0,0,0,18-APR-2022,
OPTSTK,GODREJPROP,26-May-2022,1880.0,CE,0.0,0.0,0.0,77.45,33.65,0,0.0,0,0,18-APR-2022,
OPTSTK,GODREJPROP,26-May-2022,1900.0,CE,0.0,0.0,0.0,40.0,30.4,0,0.0,975,0,18-APR-2022,
OPTSTK,GODREJPROP,26-May-2022,1920.0,CE,0.0,0.0,0.0,67.4,27.4,0,0.0,0,0,18-APR-2022,
OPTSTK,GODREJPROP,26-May-2022,1940.0,CE,0.0,0.0,0.0,62.8,24.65,0,0.0,0,0,18-APR-2022,
OPTSTK,GODREJPROP,26-May-2022,1950.0,CE,0.0,0.0,0.0,37.4,23.4,0,0.0,0,0,18-APR-2022,
OPTSTK,GODREJPROP,26-May-2022,1960.0,CE,0.0,0.0,0.0,58.45,22.2,0,0.0,0,0,18-APR-2022,
OPTSTK,GODREJPROP,26-May-2022,1980.0,CE,0.0,0.0,0.0,54.35,19.9,0,0.0,0,0,18-APR-2022,
OPTSTK,GODREJPROP,26-May-2022,2000.0,CE,0.0,0.0,0.0,31.75,17.85,0,0.0,0,0,18-APR-2022,
OPTSTK,GODREJPROP,26-May-2022,2020.0,CE,0.0,0.0,0.0,46.85,16.0,0,0.0,0,0,18-APR-2022,
OPTSTK,GODREJPROP,26-May-2022,2040.0,CE,0.0,0.0,0.0,43.5,14.35,0,0.0,0,0,18-APR-2022,
OPTSTK,GODREJPROP,26-May-2022,2050.0,CE,0.0,0.0,0.0,26.9,13.55,0,0.0,0,0,18-APR-2022,
OPTSTK,GODREJPROP,26-May-2022,2060.0,CE,0.0,0.0,0.0,40.35,12.8,0,0.0,0,0,18-APR-2022,
OPTSTK,GODREJPROP,26-May-2022,2080.0,CE,0.0,0.0,0.0,37.4,11.45,0,0.0,0,0,18-APR-2022,
OPTSTK,GODREJPROP,26-May-2022,2100.0,CE,0.0,0.0,0.0,22.75,10.2,0,0.0,0,0,18-APR-2022,
OPTSTK,GODREJPROP,26-May-2022,2120.0,CE,0.0,0.0,0.0,32.05,9.1,0,0.0,0,0,18-APR-2022,
OPTSTK,GODREJPROP,26-May-2022,2140.0,CE,0.0,0.0,0.0,29.7,8.1,0,0.0,0,0,18-APR-2022,
OPTSTK,GODREJPROP,26-May-2022,2150.0,CE,0.0,0.0,0.0,19.25,7.6,0,0.0,0,0,18-APR-2022,
OPTSTK,GODREJPROP,26-May-2022,2160.0,CE,0.0,0.0,0.0,27.45,7.2,0,0.0,0,0,18-APR-2022,
OPTSTK,GODREJPROP,26-May-2022,2180.0,CE,0.0,0.0,0.0,25.35,6.4,0,0.0,0,0,18-APR-2022,
OPTSTK,GODREJPROP,26-May-2022,2200.0,CE,0.0,0.0,0.0,16.25,5.65,0,0.0,0,0,18-APR-2022,
OPTSTK,GODREJPROP,26-May-2022,2220.0,CE,0.0,0.0,0.0,21.65,5.0,0,0.0,0,0,18-APR-2022,
OPTSTK,GODREJPROP,26-May-2022,2240.0,CE,0.0,0.0,0.0,19.95,4.45,0,0.0,0,0,18-APR-2022,
OPTSTK,GODREJPROP,26-May-2022,2250.0,CE,0.0,0.0,0.0,13.65,4.2,0,0.0,0,0,18-APR-2022,
OPTSTK,GODREJPROP,26-May-2022,950.0,PE,0.0,0.0,0.0,8.45,0.1,0,0.0,0,0,18-APR-2022,
OPTSTK,GODREJPROP,26-May-2022,1000.0,PE,0.0,0.0,0.0,13.1,0.3,0,0.0,0,0,18-APR-2022,
OPTSTK,GODREJPROP,26-May-2022,1050.0,PE,0.0,0.0,0.0,19.35,0.65,0,0.0,0,0,18-APR-2022,
OPTSTK,GODREJPROP,26-May-2022,1100.0,PE,0.0,0.0,0.0,27.55,1.45,0,0.0,0,0,18-APR-2022,
OPTSTK,GODREJPROP,26-May-2022,1120.0,PE,0.0,0.0,0.0,3.95,1.9,0,0.0,0,0,18-APR-2022,
OPTSTK,GODREJPROP,26-May-2022,1140.0,PE,0.0,0.0,0.0,4.9,2.5,0,0.0,0,0,18-APR-2022,
OPTSTK,GODREJPROP,26-May-2022,1150.0,PE,0.0,0.0,0.0,37.95,2.8,0,0.0,0,0,18-APR-2022,
OPTSTK,GODREJPROP,26-May-2022,1160.0,PE,0.0,0.0,0.0,5.95,3.2,0,0.0,0,0,18-APR-2022,
OPTSTK,GODREJPROP,26-May-2022,1180.0,PE,0.0,0.0,0.0,7.2,4.1,0,0.0,0,0,18-APR-2022,
OPTSTK,GODREJPROP,26-May-2022,1200.0,PE,0.0,0.0,0.0,50.65,5.2,0,0.0,0,0,18-APR-2022,
OPTSTK,GODREJPROP,26-May-2022,1220.0,PE,0.0,0.0,0.0,10.35,6.5,0,0.0,0,0,18-APR-2022,
OPTSTK,GODREJPROP,26-May-2022,1240.0,PE,0.0,0.0,0.0,12.3,8.05,0,0.0,0,0,18-APR-2022,
OPTSTK,GODREJPROP,26-May-2022,1250.0,PE,0.0,0.0,0.0,65.8,8.95,0,0.0,0,0,18-APR-2022,
OPTSTK,GODREJPROP,26-May-2022,1260.0,PE,0.0,0.0,0.0,14.45,9.9,0,0.0,0,0,18-APR-2022,
OPTSTK,GODREJPROP,26-May-2022,1280.0,PE,0.0,0.0,0.0,16.9,12.05,0,0.0,0,0,18-APR-2022,
OPTSTK,GODREJPROP,26-May-2022,1300.0,PE,0.0,0.0,0.0,83.5,14.5,0,0.0,0,0,18-APR-2022,
OPTSTK,GODREJPROP,26-May-2022,1320.0,PE,0.0,0.0,0.0,22.75,17.35,0,0.0,0,0,18-APR-2022,
OPTSTK,GODREJPROP,26-May-2022,1340.0,PE,0.0,0.0,0.0,26.15,20.6,0,0.0,0,0,18-APR-2022,
OPTSTK,GODREJPROP,26-May-2022,1350.0,PE,0.0,0.0,0.0,103.85,22.4,0,0.0,0,0,18-APR-2022,
OPTSTK,GODREJPROP,26-May-2022,1360.0,PE,0.0,0.0,0.0,29.9,24.25,0,0.0,0,0,18-APR-2022,
OPTSTK,GODREJPROP,26-May-2022,1380.0,PE,0.0,0.0,0.0,34.0,28.4,0,0.0,0,0,18-APR-2022,
OPTSTK,GODREJPROP,26-May-2022,1400.0,PE,0.0,0.0,0.0,126.8,33.0,0,0.0,0,0,18-APR-2022,
OPTSTK,GODREJPROP,26-May-2022,1420.0,PE,0.0,0.0,0.0,43.45,38.1,0,0.0,0,0,18-APR-2022,
OPTSTK,GODREJPROP,26-May-2022,1440.0,PE,0.0,0.0,0.0,48.7,43.7,0,0.0,0,0,18-APR-2022,
OPTSTK,GODREJPROP,26-May-2022,1450.0,PE,0.0,0.0,0.0,152.25,46.7,0,0.0,0,0,18-APR-2022,
OPTSTK,GODREJPROP,26-May-2022,1460.0,PE,0.0,0.0,0.0,54.4,49.75,0,0.0,0,0,18-APR-2022,
OPTSTK,GODREJPROP,26-May-2022,1480.0,PE,0.0,0.0,0.0,60.5,56.45,0,0.0,0,0,18-APR-2022,
OPTSTK,GODREJPROP,26-May-2022,1500.0,PE,56.75,56.75,42.0,42.6,42.6,125,629.56,26650,18525,18-APR-2022,
OPTSTK,GODREJPROP,26-May-2022,1520.0,PE,0.0,0.0,0.0,74.0,71.45,0,0.0,0,0,18-APR-2022,
OPTSTK,GODREJPROP,26-May-2022,1540.0,PE,0.0,0.0,0.0,81.45,79.85,0,0.0,0,0,18-APR-2022,
OPTSTK,GODREJPROP,26-May-2022,1550.0,PE,0.0,0.0,0.0,210.3,84.25,0,0.0,0,0,18-APR-2022,
OPTSTK,GODREJPROP,26-May-2022,1560.0,PE,0.0,0.0,0.0,89.35,88.75,0,0.0,0,0,18-APR-2022,
OPTSTK,GODREJPROP,26-May-2022,1580.0,PE,0.0,0.0,0.0,97.7,98.25,0,0.0,0,0,18-APR-2022,
OPTSTK,GODREJPROP,26-May-2022,1600.0,PE,86.0,100.0,78.5,79.85,79.85,18,98.61,16250,2275,18-APR-2022,
OPTSTK,GODREJPROP,26-May-2022,1620.0,PE,0.0,0.0,0.0,115.7,118.95,0,0.0,0,0,18-APR-2022,
OPTSTK,GODREJPROP,26-May-2022,1640.0,PE,0.0,0.0,0.0,125.4,130.1,0,0.0,0,0,18-APR-2022,
OPTSTK,GODREJPROP,26-May-2022,1650.0,PE,0.0,0.0,0.0,276.95,135.85,0,0.0,0,0,18-APR-2022,
OPTSTK,GODREJPROP,26-May-2022,1660.0,PE,0.0,0.0,0.0,135.5,141.75,0,0.0,0,0,18-APR-2022,
OPTSTK,GODREJPROP,26-May-2022,1680.0,PE,0.0,0.0,0.0,146.0,153.95,0,0.0,0,0,18-APR-2022,
OPTSTK,GODREJPROP,26-May-2022,1700.0,PE,0.0,0.0,0.0,130.0,166.7,0,0.0,650,0,18-APR-2022,
OPTSTK,GODREJPROP,26-May-2022,1720.0,PE,0.0,0.0,0.0,168.35,179.85,0,0.0,0,0,18-APR-2022,
OPTSTK,GODREJPROP,26-May-2022,1740.0,PE,0.0,0.0,0.0,180.1,193.5,0,0.0,0,0,18-APR-2022,
OPTSTK,GODREJPROP,26-May-2022,1750.0,PE,0.0,0.0,0.0,351.0,200.5,0,0.0,0,0,18-APR-2022,
OPTSTK,GODREJPROP,26-May-2022,1760.0,PE,0.0,0.0,0.0,192.3,207.6,0,0.0,0,0,18-APR-2022,
OPTSTK,GODREJPROP,26-May-2022,1780.0,PE,0.0,0.0,0.0,204.85,222.15,0,0.0,0,0,18-APR-2022,
OPTSTK,GODREJPROP,26-May-2022,1800.0,PE,0.0,0.0,0.0,390.35,237.15,0,0.0,0,0,18-APR-2022,
OPTSTK,GODREJPROP,26-May-2022,1820.0,PE,0.0,0.0,0.0,231.1,252.5,0,0.0,0,0,18-APR-2022,
OPTSTK,GODREJPROP,26-May-2022,1840.0,PE,0.0,0.0,0.0,244.75,268.2,0,0.0,0,0,18-APR-2022,
OPTSTK,GODREJPROP,26-May-2022,1850.0,PE,0.0,0.0,0.0,430.95,276.1,0,0.0,0,0,18-APR-2022,
OPTSTK,GODREJPROP,26-May-2022,1860.0,PE,0.0,0.0,0.0,258.75,284.15,0,0.0,0,0,18-APR-2022,
OPTSTK,GODREJPROP,26-May-2022,1880.0,PE,0.0,0.0,0.0,273.1,300.5,0,0.0,0,0,18-APR-2022,
OPTSTK,GODREJPROP,26-May-2022,1900.0,PE,0.0,0.0,0.0,472.8,317.15,0,0.0,0,0,18-APR-2022,
OPTSTK,GODREJPROP,26-May-2022,1920.0,PE,0.0,0.0,0.0,302.75,334.05,0,0.0,0,0,18-APR-2022,
OPTSTK,GODREJPROP,26-May-2022,1940.0,PE,0.0,0.0,0.0,318.0,351.25,0,0.0,0,0,18-APR-2022,
OPTSTK,GODREJPROP,26-May-2022,1950.0,PE,0.0,0.0,0.0,515.7,359.95,0,0.0,0,0,18-APR-2022,
OPTSTK,GODREJPROP,26-May-2022,1960.0,PE,0.0,0.0,0.0,333.55,368.7,0,0.0,0,0,18-APR-2022,
OPTSTK,GODREJPROP,26-May-2022,1980.0,PE,0.0,0.0,0.0,349.3,386.35,0,0.0,0,0,18-APR-2022,
OPTSTK,GODREJPROP,26-May-2022,2000.0,PE,0.0,0.0,0.0,559.55,404.2,0,0.0,0,0,18-APR-2022,
OPTSTK,GODREJPROP,26-May-2022,2020.0,PE,0.0,0.0,0.0,381.55,422.25,0,0.0,0,0,18-APR-2022,
OPTSTK,GODREJPROP,26-May-2022,2040.0,PE,0.0,0.0,0.0,398.05,440.45,0,0.0,0,0,18-APR-2022,
OPTSTK,GODREJPROP,26-May-2022,2050.0,PE,0.0,0.0,0.0,604.15,449.65,0,0.0,0,0,18-APR-2022,
OPTSTK,GODREJPROP,26-May-2022,2060.0,PE,0.0,0.0,0.0,414.8,458.85,0,0.0,0,0,18-APR-2022,
OPTSTK,GODREJPROP,26-May-2022,2080.0,PE,0.0,0.0,0.0,431.7,477.4,0,0.0,0,0,18-APR-2022,
OPTSTK,GODREJPROP,26-May-2022,2100.0,PE,0.0,0.0,0.0,649.5,496.05,0,0.0,0,0,18-APR-2022,
OPTSTK,GODREJPROP,26-May-2022,2120.0,PE,0.0,0.0,0.0,466.15,514.85,0,0.0,0,0,18-APR-2022,
OPTSTK,GODREJPROP,26-May-2022,2140.0,PE,0.0,0.0,0.0,483.6,533.8,0,0.0,0,0,18-APR-2022,
OPTSTK,GODREJPROP,26-May-2022,2150.0,PE,0.0,0.0,0.0,695.45,543.3,0,0.0,0,0,18-APR-2022,
OPTSTK,GODREJPROP,26-May-2022,2160.0,PE,0.0,0.0,0.0,501.25,552.8,0,0.0,0,0,18-APR-2022,
OPTSTK,GODREJPROP,26-May-2022,2180.0,PE,0.0,0.0,0.0,519.05,571.9,0,0.0,0,0,18-APR-2022,
OPTSTK,GODREJPROP,26-May-2022,2200.0,PE,0.0,0.0,0.0,741.9,591.1,0,0.0,0,0,18-APR-2022,
OPTSTK,GODREJPROP,26-May-2022,2220.0,PE,0.0,0.0,0.0,555.05,610.35,0,0.0,0,0,18-APR-2022,
OPTSTK,GODREJPROP,26-May-2022,2240.0,PE,0.0,0.0,0.0,573.25,629.7,0,0.0,0,0,18-APR-2022,
OPTSTK,GODREJPROP,26-May-2022,2250.0,PE,0.0,0.0,0.0,788.8,639.4,0,0.0,0,0,18-APR-2022,
OPTSTK,GODREJPROP,30-Jun-2022,1080.0,CE,0.0,0.0,0.0,612.7,541.05,0,0.0,0,0,18-APR-2022,
OPTSTK,GODREJPROP,30-Jun-2022,1100.0,CE,0.0,0.0,0.0,594.45,522.65,0,0.0,0,0,18-APR-2022,
OPTSTK,GODREJPROP,30-Jun-2022,1120.0,CE,0.0,0.0,0.0,576.45,504.45,0,0.0,0,0,18-APR-2022,
OPTSTK,GODREJPROP,30-Jun-2022,1140.0,CE,0.0,0.0,0.0,558.65,486.45,0,0.0,0,0,18-APR-2022,
OPTSTK,GODREJPROP,30-Jun-2022,1160.0,CE,0.0,0.0,0.0,541.05,468.75,0,0.0,0,0,18-APR-2022,
OPTSTK,GODREJPROP,30-Jun-2022,1180.0,CE,0.0,0.0,0.0,523.7,451.25,0,0.0,0,0,18-APR-2022,
OPTSTK,GODREJPROP,30-Jun-2022,1200.0,CE,0.0,0.0,0.0,506.65,434.05,0,0.0,0,0,18-APR-2022,
OPTSTK,GODREJPROP,30-Jun-2022,1220.0,CE,0.0,0.0,0.0,489.8,417.15,0,0.0,0,0,18-APR-2022,
OPTSTK,GODREJPROP,30-Jun-2022,1240.0,CE,0.0,0.0,0.0,473.25,400.6,0,0.0,0,0,18-APR-2022,
OPTSTK,GODREJPROP,30-Jun-2022,1260.0,CE,0.0,0.0,0.0,456.95,384.3,0,0.0,0,0,18-APR-2022,
OPTSTK,GODREJPROP,30-Jun-2022,1280.0,CE,0.0,0.0,0.0,441.0,368.4,0,0.0,0,0,18-APR-2022,
OPTSTK,GODREJPROP,30-Jun-2022,1300.0,CE,0.0,0.0,0.0,425.3,352.85,0,0.0,0,0,18-APR-2022,
OPTSTK,GODREJPROP,30-Jun-2022,1320.0,CE,0.0,0.0,0.0,409.95,337.65,0,0.0,0,0,18-APR-2022,
OPTSTK,GODREJPROP,30-Jun-2022,1340.0,CE,0.0,0.0,0.0,394.9,322.85,0,0.0,0,0,18-APR-2022,
OPTSTK,GODREJPROP,30-Jun-2022,1360.0,CE,0.0,0.0,0.0,380.25,308.4,0,0.0,0,0,18-APR-2022,
OPTSTK,GODREJPROP,30-Jun-2022,1380.0,CE,0.0,0.0,0.0,365.85,294.35,0,0.0,0,0,18-APR-2022,
OPTSTK,GODREJPROP,30-Jun-2022,1400.0,CE,0.0,0.0,0.0,351.85,280.7,0,0.0,0,0,18-APR-2022,
OPTSTK,GODREJPROP,30-Jun-2022,1420.0,CE,0.0,0.0,0.0,338.15,267.4,0,0.0,0,0,18-APR-2022,
OPTSTK,GODREJPROP,30-Jun-2022,1440.0,CE,0.0,0.0,0.0,324.8,254.6,0,0.0,0,0,18-APR-2022,
OPTSTK,GODREJPROP,30-Jun-2022,1460.0,CE,0.0,0.0,0.0,311.75,242.2,0,0.0,0,0,18-APR-2022,
OPTSTK,GODREJPROP,30-Jun-2022,1480.0,CE,0.0,0.0,0.0,299.15,230.25,0,0.0,0,0,18-APR-2022,
OPTSTK,GODREJPROP,30-Jun-2022,1500.0,CE,0.0,0.0,0.0,286.85,218.65,0,0.0,0,0,18-APR-2022,
OPTSTK,GODREJPROP,30-Jun-2022,1520.0,CE,0.0,0.0,0.0,274.95,207.55,0,0.0,0,0,18-APR-2022,
OPTSTK,GODREJPROP,30-Jun-2022,1540.0,CE,0.0,0.0,0.0,263.45,196.8,0,0.0,0,0,18-APR-2022,
OPTSTK,GODREJPROP,30-Jun-2022,1560.0,CE,0.0,0.0,0.0,252.25,186.5,0,0.0,0,0,18-APR-2022,
OPTSTK,GODREJPROP,30-Jun-2022,1580.0,CE,0.0,0.0,0.0,241.4,176.6,0,0.0,0,0,18-APR-2022,
OPTSTK,GODREJPROP,30-Jun-2022,1600.0,CE,0.0,0.0,0.0,230.95,167.1,0,0.0,0,0,18-APR-2022,
OPTSTK,GODREJPROP,30-Jun-2022,1620.0,CE,0.0,0.0,0.0,220.8,158.0,0,0.0,0,0,18-APR-2022,
OPTSTK,GODREJPROP,30-Jun-2022,1640.0,CE,0.0,0.0,0.0,211.0,149.3,0,0.0,0,0,18-APR-2022,
OPTSTK,GODREJPROP,30-Jun-2022,1660.0,CE,0.0,0.0,0.0,201.55,140.95,0,0.0,0,0,18-APR-2022,
OPTSTK,GODREJPROP,30-Jun-2022,1680.0,CE,0.0,0.0,0.0,192.45,133.0,0,0.0,0,0,18-APR-2022,
OPTSTK,GODREJPROP,30-Jun-2022,1700.0,CE,0.0,0.0,0.0,183.65,125.4,0,0.0,0,0,18-APR-2022,
OPTSTK,GODREJPROP,30-Jun-2022,1720.0,CE,0.0,0.0,0.0,175.2,118.15,0,0.0,0,0,18-APR-2022,
OPTSTK,GODREJPROP,30-Jun-2022,1740.0,CE,0.0,0.0,0.0,167.05,111.25,0,0.0,0,0,18-APR-2022,
OPTSTK,GODREJPROP,30-Jun-2022,1760.0,CE,0.0,0.0,0.0,159.25,104.7,0,0.0,0,0,18-APR-2022,
OPTSTK,GODREJPROP,30-Jun-2022,1780.0,CE,0.0,0.0,0.0,151.7,98.5,0,0.0,0,0,18-APR-2022,
OPTSTK,GODREJPROP,30-Jun-2022,1800.0,CE,0.0,0.0,0.0,144.5,92.55,0,0.0,0,0,18-APR-2022,
OPTSTK,GODREJPROP,30-Jun-2022,1820.0,CE,0.0,0.0,0.0,137.55,86.95,0,0.0,0,0,18-APR-2022,
OPTSTK,GODREJPROP,30-Jun-2022,1840.0,CE,0.0,0.0,0.0,130.9,81.65,0,0.0,0,0,18-APR-2022,
OPTSTK,GODREJPROP,30-Jun-2022,1860.0,CE,0.0,0.0,0.0,124.5,76.7,0,0.0,0,0,18-APR-2022,
OPTSTK,GODREJPROP,30-Jun-2022,1880.0,CE,0.0,0.0,0.0,118.4,71.95,0,0.0,0,0,18-APR-2022,
OPTSTK,GODREJPROP,30-Jun-2022,1900.0,CE,0.0,0.0,0.0,112.55,67.45,0,0.0,0,0,18-APR-2022,
OPTSTK,GODREJPROP,30-Jun-2022,1920.0,CE,0.0,0.0,0.0,106.95,63.2,0,0.0,0,0,18-APR-2022,
OPTSTK,GODREJPROP,30-Jun-2022,1940.0,CE,0.0,0.0,0.0,101.6,59.2,0,0.0,0,0,18-APR-2022,
OPTSTK,GODREJPROP,30-Jun-2022,1960.0,CE,0.0,0.0,0.0,96.55,55.45,0,0.0,0,0,18-APR-2022,
OPTSTK,GODREJPROP,30-Jun-2022,1980.0,CE,0.0,0.0,0.0,91.7,51.8,0,0.0,0,0,18-APR-2022,
OPTSTK,GODREJPROP,30-Jun-2022,2000.0,CE,0.0,0.0,0.0,87.05,48.45,0,0.0,0,0,18-APR-2022,
OPTSTK,GODREJPROP,30-Jun-2022,2020.0,CE,0.0,0.0,0.0,82.6,45.3,0,0.0,0,0,18-APR-2022,
OPTSTK,GODREJPROP,30-Jun-2022,2040.0,CE,0.0,0.0,0.0,78.35,42.3,0,0.0,0,0,18-APR-2022,
OPTSTK,GODREJPROP,30-Jun-2022,2060.0,CE,0.0,0.0,0.0,74.3,39.5,0,0.0,0,0,18-APR-2022,
OPTSTK,GODREJPROP,30-Jun-2022,2080.0,CE,0.0,0.0,0.0,70.45,36.9,0,0.0,0,0,18-APR-2022,
OPTSTK,GODREJPROP,30-Jun-2022,2100.0,CE,0.0,0.0,0.0,66.8,34.4,0,0.0,0,0,18-APR-2022,
OPTSTK,GODREJPROP,30-Jun-2022,2120.0,CE,0.0,0.0,0.0,63.3,32.1,0,0.0,0,0,18-APR-2022,
OPTSTK,GODREJPROP,30-Jun-2022,2140.0,CE,0.0,0.0,0.0,59.9,29.9,0,0.0,0,0,18-APR-2022,
OPTSTK,GODREJPROP,30-Jun-2022,2160.0,CE,0.0,0.0,0.0,56.7,27.9,0,0.0,0,0,18-APR-2022,
OPTSTK,GODREJPROP,30-Jun-2022,2180.0,CE,0.0,0.0,0.0,53.7,26.0,0,0.0,0,0,18-APR-2022,
OPTSTK,GODREJPROP,30-Jun-2022,2200.0,CE,0.0,0.0,0.0,50.8,24.2,0,0.0,0,0,18-APR-2022,
OPTSTK,GODREJPROP,30-Jun-2022,2220.0,CE,0.0,0.0,0.0,48.1,22.55,0,0.0,0,0,18-APR-2022,
OPTSTK,GODREJPROP,30-Jun-2022,2240.0,CE,0.0,0.0,0.0,45.5,20.95,0,0.0,0,0,18-APR-2022,
OPTSTK,GODREJPROP,30-Jun-2022,1080.0,PE,0.0,0.0,0.0,9.15,7.1,0,0.0,0,0,18-APR-2022,
OPTSTK,GODREJPROP,30-Jun-2022,1100.0,PE,0.0,0.0,0.0,10.7,8.5,0,0.0,0,0,18-APR-2022,
OPTSTK,GODREJPROP,30-Jun-2022,1120.0,PE,0.0,0.0,0.0,12.5,10.1,0,0.0,0,0,18-APR-2022,
OPTSTK,GODREJPROP,30-Jun-2022,1140.0,PE,0.0,0.0,0.0,14.45,11.95,0,0.0,0,0,18-APR-2022,
OPTSTK,GODREJPROP,30-Jun-2022,1160.0,PE,0.0,0.0,0.0,16.65,14.05,0,0.0,0,0,18-APR-2022,
OPTSTK,GODREJPROP,30-Jun-2022,1180.0,PE,0.0,0.0,0.0,19.1,16.4,0,0.0,0,0,18-APR-2022,
OPTSTK,GODREJPROP,30-Jun-2022,1200.0,PE,0.0,0.0,0.0,21.8,19.05,0,0.0,0,0,18-APR-2022,
OPTSTK,GODREJPROP,30-Jun-2022,1220.0,PE,0.0,0.0,0.0,24.75,22.0,0,0.0,0,0,18-APR-2022,
OPTSTK,GODREJPROP,30-Jun-2022,1240.0,PE,0.0,0.0,0.0,28.0,25.25,0,0.0,0,0,18-APR-2022,
OPTSTK,GODREJPROP,30-Jun-2022,1260.0,PE,0.0,0.0,0.0,31.5,28.8,0,0.0,0,0,18-APR-2022,
OPTSTK,GODREJPROP,30-Jun-2022,1280.0,PE,0.0,0.0,0.0,35.3,32.7,0,0.0,0,0,18-APR-2022,
OPTSTK,GODREJPROP,30-Jun-2022,1300.0,PE,0.0,0.0,0.0,39.45,37.0,0,0.0,0,0,18-APR-2022,
OPTSTK,GODREJPROP,30-Jun-2022,1320.0,PE,0.0,0.0,0.0,43.85,41.6,0,0.0,0,0,18-APR-2022,
OPTSTK,GODREJPROP,30-Jun-2022,1340.0,PE,0.0,0.0,0.0,48.6,46.65,0,0.0,0,0,18-APR-2022,
OPTSTK,GODREJPROP,30-Jun-2022,1360.0,PE,0.0,0.0,0.0,53.75,52.05,0,0.0,0,0,18-APR-2022,
OPTSTK,GODREJPROP,30-Jun-2022,1380.0,PE,0.0,0.0,0.0,59.15,57.85,0,0.0,0,0,18-APR-2022,
OPTSTK,GODREJPROP,30-Jun-2022,1400.0,PE,0.0,0.0,0.0,64.9,64.0,0,0.0,0,0,18-APR-2022,
OPTSTK,GODREJPROP,30-Jun-2022,1420.0,PE,0.0,0.0,0.0,71.0,70.55,0,0.0,0,0,18-APR-2022,
OPTSTK,GODREJPROP,30-Jun-2022,1440.0,PE,0.0,0.0,0.0,77.45,77.55,0,0.0,0,0,18-APR-2022,
OPTSTK,GODREJPROP,30-Jun-2022,1460.0,PE,0.0,0.0,0.0,84.2,85.0,0,0.0,0,0,18-APR-2022,
OPTSTK,GODREJPROP,30-Jun-2022,1480.0,PE,0.0,0.0,0.0,91.35,92.85,0,0.0,0,0,18-APR-2022,
OPTSTK,GODREJPROP,30-Jun-2022,1500.0,PE,0.0,0.0,0.0,98.9,101.15,0,0.0,0,0,18-APR-2022,
OPTSTK,GODREJPROP,30-Jun-2022,1520.0,PE,0.0,0.0,0.0,106.8,109.8,0,0.0,0,0,18-APR-2022,
OPTSTK,GODREJPROP,30-Jun-2022,1540.0,PE,0.0,0.0,0.0,115.05,118.95,0,0.0,0,0,18-APR-2022,
OPTSTK,GODREJPROP,30-Jun-2022,1560.0,PE,0.0,0.0,0.0,123.65,128.45,0,0.0,0,0,18-APR-2022,
OPTSTK,GODREJPROP,30-Jun-2022,1580.0,PE,0.0,0.0,0.0,132.6,138.35,0,0.0,0,0,18-APR-2022,
OPTSTK,GODREJPROP,30-Jun-2022,1600.0,PE,0.0,0.0,0.0,141.9,148.7,0,0.0,0,0,18-APR-2022,
OPTSTK,GODREJPROP,30-Jun-2022,1620.0,PE,0.0,0.0,0.0,151.55,159.45,0,0.0,0,0,18-APR-2022,
OPTSTK,GODREJPROP,30-Jun-2022,1640.0,PE,0.0,0.0,0.0,161.55,170.55,0,0.0,0,0,18-APR-2022,
OPTSTK,GODREJPROP,30-Jun-2022,1660.0,PE,0.0,0.0,0.0,171.9,182.05,0,0.0,0,0,18-APR-2022,
OPTSTK,GODREJPROP,30-Jun-2022,1680.0,PE,0.0,0.0,0.0,182.6,193.9,0,0.0,0,0,18-APR-2022,
OPTSTK,GODREJPROP,30-Jun-2022,1700.0,PE,0.0,0.0,0.0,193.6,206.15,0,0.0,0,0,18-APR-2022,
OPTSTK,GODREJPROP,30-Jun-2022,1720.0,PE,0.0,0.0,0.0,204.9,218.75,0,0.0,0,0,18-APR-2022,
OPTSTK,GODREJPROP,30-Jun-2022,1740.0,PE,0.0,0.0,0.0,216.55,231.7,0,0.0,0,0,18-APR-2022,
OPTSTK,GODREJPROP,30-Jun-2022,1760.0,PE,0.0,0.0,0.0,228.55,244.95,0,0.0,0,0,18-APR-2022,
OPTSTK,GODREJPROP,30-Jun-2022,1780.0,PE,0.0,0.0,0.0,240.8,258.55,0,0.0,0,0,18-APR-2022,
OPTSTK,GODREJPROP,30-Jun-2022,1800.0,PE,0.0,0.0,0.0,253.35,272.5,0,0.0,0,0,18-APR-2022,
OPTSTK,GODREJPROP,30-Jun-2022,1820.0,PE,0.0,0.0,0.0,266.2,286.7,0,0.0,0,0,18-APR-2022,
OPTSTK,GODREJPROP,30-Jun-2022,1840.0,PE,0.0,0.0,0.0,279.35,301.2,0,0.0,0,0,18-APR-2022,
OPTSTK,GODREJPROP,30-Jun-2022,1860.0,PE,0.0,0.0,0.0,292.75,316.1,0,0.0,0,0,18-APR-2022,
OPTSTK,GODREJPROP,30-Jun-2022,1880.0,PE,0.0,0.0,0.0,306.45,331.2,0,0.0,0,0,18-APR-2022,
OPTSTK,GODREJPROP,30-Jun-2022,1900.0,PE,0.0,0.0,0.0,320.4,346.5,0,0.0,0,0,18-APR-2022,
OPTSTK,GODREJPROP,30-Jun-2022,1920.0,PE,0.0,0.0,0.0,334.55,362.1,0,0.0,0,0,18-APR-2022,
OPTSTK,GODREJPROP,30-Jun-2022,1940.0,PE,0.0,0.0,0.0,349.0,377.95,0,0.0,0,0,18-APR-2022,
OPTSTK,GODREJPROP,30-Jun-2022,1960.0,PE,0.0,0.0,0.0,363.75,394.0,0,0.0,0,0,18-APR-2022,
OPTSTK,GODREJPROP,30-Jun-2022,1980.0,PE,0.0,0.0,0.0,378.65,410.2,0,0.0,0,0,18-APR-2022,
OPTSTK,GODREJPROP,30-Jun-2022,2000.0,PE,0.0,0.0,0.0,393.8,426.65,0,0.0,0,0,18-APR-2022,
OPTSTK,GODREJPROP,30-Jun-2022,2020.0,PE,0.0,0.0,0.0,409.15,443.35,0,0.0,0,0,18-APR-2022,
OPTSTK,GODREJPROP,30-Jun-2022,2040.0,PE,0.0,0.0,0.0,424.7,460.2,0,0.0,0,0,18-APR-2022,
OPTSTK,GODREJPROP,30-Jun-2022,2060.0,PE,0.0,0.0,0.0,440.45,477.2,0,0.0,0,0,18-APR-2022,
OPTSTK,GODREJPROP,30-Jun-2022,2080.0,PE,0.0,0.0,0.0,456.4,494.4,0,0.0,0,0,18-APR-2022,
OPTSTK,GODREJPROP,30-Jun-2022,2100.0,PE,0.0,0.0,0.0,472.5,511.8,0,0.0,0,0,18-APR-2022,
OPTSTK,GODREJPROP,30-Jun-2022,2120.0,PE,0.0,0.0,0.0,488.8,529.3,0,0.0,0,0,18-APR-2022,
OPTSTK,GODREJPROP,30-Jun-2022,2140.0,PE,0.0,0.0,0.0,505.2,546.95,0,0.0,0,0,18-APR-2022,
OPTSTK,GODREJPROP,30-Jun-2022,2160.0,PE,0.0,0.0,0.0,521.8,564.75,0,0.0,0,0,18-APR-2022,
OPTSTK,GODREJPROP,30-Jun-2022,2180.0,PE,0.0,0.0,0.0,538.55,582.7,0,0.0,0,0,18-APR-2022,
OPTSTK,GODREJPROP,30-Jun-2022,2200.0,PE,0.0,0.0,0.0,555.5,600.75,0,0.0,0,0,18-APR-2022,
OPTSTK,GODREJPROP,30-Jun-2022,2220.0,PE,0.0,0.0,0.0,572.55,618.9,0,0.0,0,0,18-APR-2022,
OPTSTK,GODREJPROP,30-Jun-2022,2240.0,PE,0.0,0.0,0.0,589.75,637.15,0,0.0,0,0,18-APR-2022,
OPTSTK,GRANULES,28-Apr-2022,195.0,CE,0.0,0.0,0.0,102.1,103.0,0,0.0,0,0,18-APR-2022,
OPTSTK,GRANULES,28-Apr-2022,200.0,CE,0.0,0.0,0.0,97.5,98.0,0,0.0,0,0,18-APR-2022,
OPTSTK,GRANULES,28-Apr-2022,205.0,CE,0.0,0.0,0.0,92.9,93.0,0,0.0,0,0,18-APR-2022,
OPTSTK,GRANULES,28-Apr-2022,210.0,CE,0.0,0.0,0.0,88.4,88.0,0,0.0,0,0,18-APR-2022,
OPTSTK,GRANULES,28-Apr-2022,215.0,CE,0.0,0.0,0.0,84.0,83.0,0,0.0,0,0,18-APR-2022,
OPTSTK,GRANULES,28-Apr-2022,220.0,CE,0.0,0.0,0.0,79.7,78.0,0,0.0,0,0,18-APR-2022,
OPTSTK,GRANULES,28-Apr-2022,225.0,CE,0.0,0.0,0.0,75.5,73.0,0,0.0,0,0,18-APR-2022,
OPTSTK,GRANULES,28-Apr-2022,230.0,CE,0.0,0.0,0.0,71.4,68.05,0,0.0,0,0,18-APR-2022,
OPTSTK,GRANULES,28-Apr-2022,235.0,CE,0.0,0.0,0.0,67.4,63.05,0,0.0,0,0,18-APR-2022,
OPTSTK,GRANULES,28-Apr-2022,240.0,CE,0.0,0.0,0.0,63.5,58.05,0,0.0,0,0,18-APR-2022,
OPTSTK,GRANULES,28-Apr-2022,245.0,CE,0.0,0.0,0.0,59.75,53.1,0,0.0,0,0,18-APR-2022,
OPTSTK,GRANULES,28-Apr-2022,250.0,CE,0.0,0.0,0.0,56.15,48.15,0,0.0,0,0,18-APR-2022,
OPTSTK,GRANULES,28-Apr-2022,255.0,CE,0.0,0.0,0.0,52.65,43.25,0,0.0,0,0,18-APR-2022,
OPTSTK,GRANULES,28-Apr-2022,260.0,CE,0.0,0.0,0.0,49.3,38.45,0,0.0,0,0,18-APR-2022,
OPTSTK,GRANULES,28-Apr-2022,265.0,CE,0.0,0.0,0.0,46.1,33.7,0,0.0,0,0,18-APR-2022,
OPTSTK,GRANULES,28-Apr-2022,270.0,CE,0.0,0.0,0.0,43.05,29.2,0,0.0,0,0,18-APR-2022,
OPTSTK,GRANULES,28-Apr-2022,275.0,CE,0.0,0.0,0.0,40.15,24.85,0,0.0,0,0,18-APR-2022,
OPTSTK,GRANULES,28-Apr-2022,280.0,CE,0.0,0.0,0.0,37.35,20.85,0,0.0,0,0,18-APR-2022,
OPTSTK,GRANULES,28-Apr-2022,285.0,CE,0.0,0.0,0.0,34.7,17.15,0,0.0,0,0,18-APR-2022,
OPTSTK,GRANULES,28-Apr-2022,290.0,CE,10.0,11.95,10.0,11.95,11.95,6,27.93,10850,7750,18-APR-2022,
OPTSTK,GRANULES,28-Apr-2022,295.0,CE,7.5,7.5,7.5,7.5,10.9,3,14.06,4650,4650,18-APR-2022,
OPTSTK,GRANULES,28-Apr-2022,300.0,CE,6.5,7.15,4.75,6.0,6.0,138,653.84,124000,40300,18-APR-2022,
OPTSTK,GRANULES,28-Apr-2022,305.0,CE,4.4,6.35,3.35,4.5,4.5,22,105.69,29450,18600,18-APR-2022,
OPTSTK,GRANULES,28-Apr-2022,310.0,CE,2.85,3.5,2.4,3.1,3.1,55,266.7,241800,20150,18-APR-2022,
OPTSTK,GRANULES,28-Apr-2022,315.0,CE,2.0,2.15,1.55,2.0,3.45,24,117.9,89900,6200,18-APR-2022,
OPTSTK,GRANULES,28-Apr-2022,320.0,CE,1.9,2.15,1.5,2.05,2.05,102,508.77,609150,4650,18-APR-2022,
OPTSTK,GRANULES,28-Apr-2022,325.0,CE,1.15,1.5,1.05,1.5,1.7,8,40.45,175150,-4650,18-APR-2022,
OPTSTK,GRANULES,28-Apr-2022,330.0,CE,1.6,1.6,1.0,1.25,1.25,47,241.29,401450,15500,18-APR-2022,
OPTSTK,GRANULES,28-Apr-2022,335.0,CE,1.0,1.0,1.0,1.0,0.75,1,5.2,24800,0,18-APR-2022,
OPTSTK,GRANULES,28-Apr-2022,340.0,CE,1.0,1.0,0.75,0.75,0.5,3,15.84,125550,-1550,18-APR-2022,
OPTSTK,GRANULES,28-Apr-2022,345.0,CE,0.0,0.0,0.0,1.3,0.35,0,0.0,18600,0,18-APR-2022,
OPTSTK,GRANULES,28-Apr-2022,350.0,CE,0.6,0.6,0.55,0.6,0.2,4,21.73,179800,-1550,18-APR-2022,
OPTSTK,GRANULES,28-Apr-2022,355.0,CE,0.0,0.0,0.0,10.95,0.15,0,0.0,0,0,18-APR-2022,
OPTSTK,GRANULES,28-Apr-2022,360.0,CE,0.25,0.25,0.25,0.25,0.1,1,5.58,71300,-1550,18-APR-2022,
OPTSTK,GRANULES,28-Apr-2022,365.0,CE,0.0,0.0,0.0,9.1,0.05,0,0.0,0,0,18-APR-2022,
OPTSTK,GRANULES,28-Apr-2022,370.0,CE,0.85,0.85,0.85,0.85,0.05,1,5.74,26350,0,18-APR-2022,
OPTSTK,GRANULES,28-Apr-2022,375.0,CE,0.0,0.0,0.0,7.6,0.05,0,0.0,0,0,18-APR-2022,
OPTSTK,GRANULES,28-Apr-2022,380.0,CE,0.0,0.0,0.0,0.35,0.05,0,0.0,3100,0,18-APR-2022,
OPTSTK,GRANULES,28-Apr-2022,385.0,CE,0.0,0.0,0.0,6.3,0.0,0,0.0,0,0,18-APR-2022,
OPTSTK,GRANULES,28-Apr-2022,390.0,CE,0.0,0.0,0.0,5.7,0.0,0,0.0,0,0,18-APR-2022,
OPTSTK,GRANULES,28-Apr-2022,395.0,CE,0.0,0.0,0.0,5.2,0.0,0,0.0,0,0,18-APR-2022,
OPTSTK,GRANULES,28-Apr-2022,400.0,CE,0.0,0.0,0.0,4.7,0.0,0,0.0,0,0,18-APR-2022,
OPTSTK,GRANULES,28-Apr-2022,405.0,CE,0.0,0.0,0.0,4.25,0.0,0,0.0,0,0,18-APR-2022,
OPTSTK,GRANULES,28-Apr-2022,410.0,CE,0.0,0.0,0.0,3.85,0.0,0,0.0,0,0,18-APR-2022,
OPTSTK,GRANULES,28-Apr-2022,415.0,CE,0.0,0.0,0.0,3.5,0.0,0,0.0,0,0,18-APR-2022,
OPTSTK,GRANULES,28-Apr-2022,420.0,CE,0.0,0.0,0.0,1.1,0.0,0,0.0,1550,0,18-APR-2022,
OPTSTK,GRANULES,28-Apr-2022,425.0,CE,0.0,0.0,0.0,2.85,0.0,0,0.0,0,0,18-APR-2022,
OPTSTK,GRANULES,28-Apr-2022,430.0,CE,0.0,0.0,0.0,2.6,0.0,0,0.0,0,0,18-APR-2022,
OPTSTK,GRANULES,28-Apr-2022,435.0,CE,0.0,0.0,0.0,2.35,0.0,0,0.0,0,0,18-APR-2022,
OPTSTK,GRANULES,28-Apr-2022,195.0,PE,0.0,0.0,0.0,1.1,0.0,0,0.0,0,0,18-APR-2022,
OPTSTK,GRANULES,28-Apr-2022,200.0,PE,0.0,0.0,0.0,1.4,0.0,0,0.0,0,0,18-APR-2022,
OPTSTK,GRANULES,28-Apr-2022,205.0,PE,0.0,0.0,0.0,1.8,0.0,0,0.0,0,0,18-APR-2022,
OPTSTK,GRANULES,28-Apr-2022,210.0,PE,0.0,0.0,0.0,2.25,0.0,0,0.0,0,0,18-APR-2022,
OPTSTK,GRANULES,28-Apr-2022,215.0,PE,0.0,0.0,0.0,2.8,0.0,0,0.0,0,0,18-APR-2022,
OPTSTK,GRANULES,28-Apr-2022,220.0,PE,0.0,0.0,0.0,3.4,0.0,0,0.0,0,0,18-APR-2022,
OPTSTK,GRANULES,28-Apr-2022,225.0,PE,0.0,0.0,0.0,0.1,0.0,0,0.0,1550,0,18-APR-2022,
OPTSTK,GRANULES,28-Apr-2022,230.0,PE,0.0,0.0,0.0,5.0,0.0,0,0.0,0,0,18-APR-2022,
OPTSTK,GRANULES,28-Apr-2022,235.0,PE,0.0,0.0,0.0,5.95,0.05,0,0.0,0,0,18-APR-2022,
OPTSTK,GRANULES,28-Apr-2022,240.0,PE,0.0,0.0,0.0,7.0,0.05,0,0.0,0,0,18-APR-2022,
OPTSTK,GRANULES,28-Apr-2022,245.0,PE,0.0,0.0,0.0,8.2,0.05,0,0.0,0,0,18-APR-2022,
OPTSTK,GRANULES,28-Apr-2022,250.0,PE,0.0,0.0,0.0,0.5,0.1,0,0.0,1550,0,18-APR-2022,
OPTSTK,GRANULES,28-Apr-2022,255.0,PE,0.0,0.0,0.0,11.0,0.2,0,0.0,0,0,18-APR-2022,
OPTSTK,GRANULES,28-Apr-2022,260.0,PE,0.0,0.0,0.0,0.9,0.4,0,0.0,1550,0,18-APR-2022,
OPTSTK,GRANULES,28-Apr-2022,265.0,PE,0.0,0.0,0.0,14.35,0.65,0,0.0,0,0,18-APR-2022,
OPTSTK,GRANULES,28-Apr-2022,270.0,PE,0.0,0.0,0.0,2.05,1.15,0,0.0,7750,0,18-APR-2022,
OPTSTK,GRANULES,28-Apr-2022,275.0,PE,0.0,0.0,0.0,18.25,1.8,0,0.0,0,0,18-APR-2022,
OPTSTK,GRANULES,28-Apr-2022,280.0,PE,1.6,2.45,1.6,1.8,1.8,7,30.59,41850,-3100,18-APR-2022,
OPTSTK,GRANULES,28-Apr-2022,285.0,PE,0.0,0.0,0.0,2.45,4.05,0,0.0,3100,0,18-APR-2022,
OPTSTK,GRANULES,28-Apr-2022,290.0,PE,3.5,5.3,3.4,3.7,3.7,22,100.4,69750,9300,18-APR-2022,
OPTSTK,GRANULES,28-Apr-2022,295.0,PE,5.65,5.7,4.9,4.9,7.85,5,23.28,7750,3100,18-APR-2022,
OPTSTK,GRANULES,28-Apr-2022,300.0,PE,8.0,10.65,7.0,7.4,7.4,112,535.76,217000,-9300,18-APR-2022,
OPTSTK,GRANULES,28-Apr-2022,305.0,PE,11.7,14.0,11.25,11.25,13.3,7,34.41,7750,-1550,18-APR-2022,
OPTSTK,GRANULES,28-Apr-2022,310.0,PE,16.7,19.25,15.25,19.25,16.65,13,65.91,103850,0,18-APR-2022,
OPTSTK,GRANULES,28-Apr-2022,315.0,PE,0.0,0.0,0.0,17.75,20.35,0,0.0,10850,0,18-APR-2022,
OPTSTK,GRANULES,28-Apr-2022,320.0,PE,23.0,27.5,23.0,27.2,24.35,3,16.08,71300,-3100,18-APR-2022,
OPTSTK,GRANULES,28-Apr-2022,325.0,PE,0.0,0.0,0.0,46.05,28.6,0,0.0,0,0,18-APR-2022,
OPTSTK,GRANULES,28-Apr-2022,330.0,PE,0.0,0.0,0.0,30.4,33.05,0,0.0,66650,0,18-APR-2022,
OPTSTK,GRANULES,28-Apr-2022,335.0,PE,0.0,0.0,0.0,53.05,37.65,0,0.0,0,0,18-APR-2022,
OPTSTK,GRANULES,28-Apr-2022,340.0,PE,0.0,0.0,0.0,24.0,42.35,0,0.0,1550,0,18-APR-2022,
OPTSTK,GRANULES,28-Apr-2022,345.0,PE,0.0,0.0,0.0,60.5,47.2,0,0.0,0,0,18-APR-2022,
OPTSTK,GRANULES,28-Apr-2022,350.0,PE,0.0,0.0,0.0,34.15,52.05,0,0.0,4650,0,18-APR-2022,
OPTSTK,GRANULES,28-Apr-2022,355.0,PE,0.0,0.0,0.0,68.25,57.0,0,0.0,0,0,18-APR-2022,
OPTSTK,GRANULES,28-Apr-2022,360.0,PE,0.0,0.0,0.0,72.25,61.95,0,0.0,0,0,18-APR-2022,
OPTSTK,GRANULES,28-Apr-2022,365.0,PE,0.0,0.0,0.0,76.3,66.9,0,0.0,0,0,18-APR-2022,
OPTSTK,GRANULES,28-Apr-2022,370.0,PE,0.0,0.0,0.0,80.45,71.9,0,0.0,0,0,18-APR-2022,
OPTSTK,GRANULES,28-Apr-2022,375.0,PE,0.0,0.0,0.0,84.65,76.85,0,0.0,0,0,18-APR-2022,
OPTSTK,GRANULES,28-Apr-2022,380.0,PE,0.0,0.0,0.0,88.95,81.85,0,0.0,0,0,18-APR-2022,
OPTSTK,GRANULES,28-Apr-2022,385.0,PE,0.0,0.0,0.0,93.25,86.85,0,0.0,0,0,18-APR-2022,
OPTSTK,GRANULES,28-Apr-2022,390.0,PE,0.0,0.0,0.0,97.65,91.85,0,0.0,0,0,18-APR-2022,
OPTSTK,GRANULES,28-Apr-2022,395.0,PE,0.0,0.0,0.0,102.05,96.85,0,0.0,0,0,18-APR-2022,
OPTSTK,GRANULES,28-Apr-2022,400.0,PE,0.0,0.0,0.0,106.55,101.8,0,0.0,0,0,18-APR-2022,
OPTSTK,GRANULES,28-Apr-2022,405.0,PE,0.0,0.0,0.0,111.05,106.8,0,0.0,0,0,18-APR-2022,
OPTSTK,GRANULES,28-Apr-2022,410.0,PE,0.0,0.0,0.0,115.6,111.8,0,0.0,0,0,18-APR-2022,
OPTSTK,GRANULES,28-Apr-2022,415.0,PE,0.0,0.0,0.0,120.2,116.8,0,0.0,0,0,18-APR-2022,
OPTSTK,GRANULES,28-Apr-2022,420.0,PE,0.0,0.0,0.0,124.8,121.8,0,0.0,0,0,18-APR-2022,
OPTSTK,GRANULES,28-Apr-2022,425.0,PE,0.0,0.0,0.0,129.45,126.8,0,0.0,0,0,18-APR-2022,
OPTSTK,GRANULES,28-Apr-2022,430.0,PE,0.0,0.0,0.0,134.1,131.8,0,0.0,0,0,18-APR-2022,
OPTSTK,GRANULES,28-Apr-2022,435.0,PE,0.0,0.0,0.0,138.8,136.8,0,0.0,0,0,18-APR-2022,
OPTSTK,GRANULES,26-May-2022,195.0,CE,0.0,0.0,0.0,76.6,103.65,0,0.0,0,0,18-APR-2022,
OPTSTK,GRANULES,26-May-2022,200.0,CE,0.0,0.0,0.0,72.25,98.7,0,0.0,0,0,18-APR-2022,
OPTSTK,GRANULES,26-May-2022,205.0,CE,0.0,0.0,0.0,68.0,93.75,0,0.0,0,0,18-APR-2022,
OPTSTK,GRANULES,26-May-2022,210.0,CE,0.0,0.0,0.0,63.85,88.85,0,0.0,0,0,18-APR-2022,
OPTSTK,GRANULES,26-May-2022,215.0,CE,0.0,0.0,0.0,59.85,83.95,0,0.0,0,0,18-APR-2022,
OPTSTK,GRANULES,26-May-2022,220.0,CE,0.0,0.0,0.0,56.0,79.05,0,0.0,0,0,18-APR-2022,
OPTSTK,GRANULES,26-May-2022,225.0,CE,0.0,0.0,0.0,52.25,74.25,0,0.0,0,0,18-APR-2022,
OPTSTK,GRANULES,26-May-2022,230.0,CE,0.0,0.0,0.0,48.7,69.5,0,0.0,0,0,18-APR-2022,
OPTSTK,GRANULES,26-May-2022,235.0,CE,0.0,0.0,0.0,45.25,64.8,0,0.0,0,0,18-APR-2022,
OPTSTK,GRANULES,26-May-2022,240.0,CE,0.0,0.0,0.0,42.0,60.2,0,0.0,0,0,18-APR-2022,
OPTSTK,GRANULES,26-May-2022,245.0,CE,0.0,0.0,0.0,38.9,55.7,0,0.0,0,0,18-APR-2022,
OPTSTK,GRANULES,26-May-2022,250.0,CE,0.0,0.0,0.0,35.95,51.35,0,0.0,0,0,18-APR-2022,
OPTSTK,GRANULES,26-May-2022,255.0,CE,0.0,0.0,0.0,33.15,47.15,0,0.0,0,0,18-APR-2022,
OPTSTK,GRANULES,26-May-2022,260.0,CE,0.0,0.0,0.0,30.5,43.1,0,0.0,0,0,18-APR-2022,
OPTSTK,GRANULES,26-May-2022,265.0,CE,0.0,0.0,0.0,28.05,39.2,0,0.0,0,0,18-APR-2022,
OPTSTK,GRANULES,26-May-2022,270.0,CE,0.0,0.0,0.0,25.75,35.5,0,0.0,0,0,18-APR-2022,
OPTSTK,GRANULES,26-May-2022,275.0,CE,0.0,0.0,0.0,23.55,32.0,0,0.0,0,0,18-APR-2022,
OPTSTK,GRANULES,26-May-2022,280.0,CE,0.0,0.0,0.0,21.55,28.7,0,0.0,0,0,18-APR-2022,
OPTSTK,GRANULES,26-May-2022,285.0,CE,0.0,0.0,0.0,19.65,25.65,0,0.0,0,0,18-APR-2022,
OPTSTK,GRANULES,26-May-2022,290.0,CE,0.0,0.0,0.0,17.9,22.8,0,0.0,0,0,18-APR-2022,
OPTSTK,GRANULES,26-May-2022,295.0,CE,0.0,0.0,0.0,16.3,20.15,0,0.0,0,0,18-APR-2022,
OPTSTK,GRANULES,26-May-2022,300.0,CE,15.0,15.0,11.45,14.1,17.75,4,19.42,7750,3100,18-APR-2022,
OPTSTK,GRANULES,26-May-2022,305.0,CE,0.0,0.0,0.0,13.45,15.55,0,0.0,0,0,18-APR-2022,
OPTSTK,GRANULES,26-May-2022,310.0,CE,8.5,8.6,8.5,8.6,13.6,2,9.87,4650,3100,18-APR-2022,
OPTSTK,GRANULES,26-May-2022,315.0,CE,0.0,0.0,0.0,11.05,11.8,0,0.0,0,0,18-APR-2022,
OPTSTK,GRANULES,26-May-2022,320.0,CE,5.3,5.3,5.3,5.3,10.2,1,5.04,4650,1550,18-APR-2022,
OPTSTK,GRANULES,26-May-2022,325.0,CE,0.0,0.0,0.0,9.0,8.8,0,0.0,0,0,18-APR-2022,
OPTSTK,GRANULES,26-May-2022,330.0,CE,0.0,0.0,0.0,8.1,7.55,0,0.0,0,0,18-APR-2022,
OPTSTK,GRANULES,26-May-2022,335.0,CE,0.0,0.0,0.0,7.3,6.45,0,0.0,0,0,18-APR-2022,
OPTSTK,GRANULES,26-May-2022,340.0,CE,0.0,0.0,0.0,4.0,5.5,0,0.0,4650,0,18-APR-2022,
OPTSTK,GRANULES,26-May-2022,345.0,CE,0.0,0.0,0.0,5.9,4.65,0,0.0,0,0,18-APR-2022,
OPTSTK,GRANULES,26-May-2022,350.0,CE,3.0,3.0,3.0,3.0,3.95,1,5.47,3100,0,18-APR-2022,
OPTSTK,GRANULES,26-May-2022,355.0,CE,0.0,0.0,0.0,4.75,3.3,0,0.0,0,0,18-APR-2022,
OPTSTK,GRANULES,26-May-2022,360.0,CE,0.0,0.0,0.0,4.25,2.75,0,0.0,0,0,18-APR-2022,
OPTSTK,GRANULES,26-May-2022,365.0,CE,0.0,0.0,0.0,3.8,2.3,0,0.0,0,0,18-APR-2022,
OPTSTK,GRANULES,26-May-2022,370.0,CE,0.0,0.0,0.0,3.4,1.95,0,0.0,0,0,18-APR-2022,
OPTSTK,GRANULES,26-May-2022,375.0,CE,0.0,0.0,0.0,3.05,1.6,0,0.0,0,0,18-APR-2022,
OPTSTK,GRANULES,26-May-2022,380.0,CE,0.0,0.0,0.0,2.75,1.3,0,0.0,0,0,18-APR-2022,
OPTSTK,GRANULES,26-May-2022,385.0,CE,0.0,0.0,0.0,2.45,1.1,0,0.0,0,0,18-APR-2022,
OPTSTK,GRANULES,26-May-2022,390.0,CE,0.0,0.0,0.0,2.15,0.9,0,0.0,0,0,18-APR-2022,
OPTSTK,GRANULES,26-May-2022,395.0,CE,0.0,0.0,0.0,1.95,0.75,0,0.0,0,0,18-APR-2022,
OPTSTK,GRANULES,26-May-2022,400.0,CE,0.0,0.0,0.0,1.7,0.6,0,0.0,0,0,18-APR-2022,
OPTSTK,GRANULES,26-May-2022,405.0,CE,0.0,0.0,0.0,1.55,0.5,0,0.0,0,0,18-APR-2022,
OPTSTK,GRANULES,26-May-2022,195.0,PE,0.0,0.0,0.0,2.25,0.05,0,0.0,0,0,18-APR-2022,
OPTSTK,GRANULES,26-May-2022,200.0,PE,0.0,0.0,0.0,2.85,0.05,0,0.0,0,0,18-APR-2022,
OPTSTK,GRANULES,26-May-2022,205.0,PE,0.0,0.0,0.0,3.55,0.1,0,0.0,0,0,18-APR-2022,
OPTSTK,GRANULES,26-May-2022,210.0,PE,0.0,0.0,0.0,4.35,0.15,0,0.0,0,0,18-APR-2022,
OPTSTK,GRANULES,26-May-2022,215.0,PE,0.0,0.0,0.0,5.3,0.25,0,0.0,0,0,18-APR-2022,
OPTSTK,GRANULES,26-May-2022,220.0,PE,0.0,0.0,0.0,6.4,0.35,0,0.0,0,0,18-APR-2022,
OPTSTK,GRANULES,26-May-2022,225.0,PE,0.0,0.0,0.0,7.6,0.5,0,0.0,0,0,18-APR-2022,
OPTSTK,GRANULES,26-May-2022,230.0,PE,0.0,0.0,0.0,9.0,0.75,0,0.0,0,0,18-APR-2022,
OPTSTK,GRANULES,26-May-2022,235.0,PE,0.0,0.0,0.0,10.5,1.0,0,0.0,0,0,18-APR-2022,
OPTSTK,GRANULES,26-May-2022,240.0,PE,0.0,0.0,0.0,12.15,1.4,0,0.0,0,0,18-APR-2022,
OPTSTK,GRANULES,26-May-2022,245.0,PE,0.0,0.0,0.0,14.0,1.9,0,0.0,0,0,18-APR-2022,
OPTSTK,GRANULES,26-May-2022,250.0,PE,0.0,0.0,0.0,16.0,2.5,0,0.0,0,0,18-APR-2022,
OPTSTK,GRANULES,26-May-2022,255.0,PE,0.0,0.0,0.0,18.15,3.25,0,0.0,0,0,18-APR-2022,
OPTSTK,GRANULES,26-May-2022,260.0,PE,0.0,0.0,0.0,20.5,4.2,0,0.0,0,0,18-APR-2022,
OPTSTK,GRANULES,26-May-2022,265.0,PE,0.0,0.0,0.0,22.95,5.25,0,0.0,0,0,18-APR-2022,
OPTSTK,GRANULES,26-May-2022,270.0,PE,0.0,0.0,0.0,25.6,6.55,0,0.0,0,0,18-APR-2022,
OPTSTK,GRANULES,26-May-2022,275.0,PE,0.0,0.0,0.0,28.4,8.05,0,0.0,0,0,18-APR-2022,
OPTSTK,GRANULES,26-May-2022,280.0,PE,0.0,0.0,0.0,7.0,9.7,0,0.0,1550,0,18-APR-2022,
OPTSTK,GRANULES,26-May-2022,285.0,PE,0.0,0.0,0.0,34.4,11.65,0,0.0,0,0,18-APR-2022,
OPTSTK,GRANULES,26-May-2022,290.0,PE,11.5,11.5,10.7,11.0,13.75,4,18.66,23250,4650,18-APR-2022,
OPTSTK,GRANULES,26-May-2022,295.0,PE,0.0,0.0,0.0,40.9,16.1,0,0.0,0,0,18-APR-2022,
OPTSTK,GRANULES,26-May-2022,300.0,PE,14.7,14.7,14.7,14.7,18.7,1,4.87,17050,1550,18-APR-2022,
OPTSTK,GRANULES,26-May-2022,305.0,PE,0.0,0.0,0.0,47.95,21.45,0,0.0,0,0,18-APR-2022,
OPTSTK,GRANULES,26-May-2022,310.0,PE,0.0,0.0,0.0,51.65,24.45,0,0.0,0,0,18-APR-2022,
OPTSTK,GRANULES,26-May-2022,315.0,PE,0.0,0.0,0.0,55.45,27.65,0,0.0,0,0,18-APR-2022,
OPTSTK,GRANULES,26-May-2022,320.0,PE,0.0,0.0,0.0,59.35,31.05,0,0.0,0,0,18-APR-2022,
OPTSTK,GRANULES,26-May-2022,325.0,PE,0.0,0.0,0.0,63.3,34.6,0,0.0,0,0,18-APR-2022,
OPTSTK,GRANULES,26-May-2022,330.0,PE,0.0,0.0,0.0,67.35,38.35,0,0.0,0,0,18-APR-2022,
OPTSTK,GRANULES,26-May-2022,335.0,PE,0.0,0.0,0.0,71.5,42.2,0,0.0,0,0,18-APR-2022,
OPTSTK,GRANULES,26-May-2022,340.0,PE,0.0,0.0,0.0,75.7,46.25,0,0.0,0,0,18-APR-2022,
OPTSTK,GRANULES,26-May-2022,345.0,PE,0.0,0.0,0.0,80.0,50.4,0,0.0,0,0,18-APR-2022,
OPTSTK,GRANULES,26-May-2022,350.0,PE,0.0,0.0,0.0,84.35,54.65,0,0.0,0,0,18-APR-2022,
OPTSTK,GRANULES,26-May-2022,355.0,PE,0.0,0.0,0.0,88.75,59.0,0,0.0,0,0,18-APR-2022,
OPTSTK,GRANULES,26-May-2022,360.0,PE,0.0,0.0,0.0,93.2,63.45,0,0.0,0,0,18-APR-2022,
OPTSTK,GRANULES,26-May-2022,365.0,PE,0.0,0.0,0.0,97.7,67.95,0,0.0,0,0,18-APR-2022,
OPTSTK,GRANULES,26-May-2022,370.0,PE,0.0,0.0,0.0,102.25,72.55,0,0.0,0,0,18-APR-2022,
OPTSTK,GRANULES,26-May-2022,375.0,PE,0.0,0.0,0.0,106.85,77.2,0,0.0,0,0,18-APR-2022,
OPTSTK,GRANULES,26-May-2022,380.0,PE,0.0,0.0,0.0,111.45,81.9,0,0.0,0,0,18-APR-2022,
OPTSTK,GRANULES,26-May-2022,385.0,PE,0.0,0.0,0.0,116.1,86.65,0,0.0,0,0,18-APR-2022,
OPTSTK,GRANULES,26-May-2022,390.0,PE,0.0,0.0,0.0,120.8,91.45,0,0.0,0,0,18-APR-2022,
OPTSTK,GRANULES,26-May-2022,395.0,PE,0.0,0.0,0.0,125.5,96.25,0,0.0,0,0,18-APR-2022,
OPTSTK,GRANULES,26-May-2022,400.0,PE,0.0,0.0,0.0,130.25,101.1,0,0.0,0,0,18-APR-2022,
OPTSTK,GRANULES,26-May-2022,405.0,PE,0.0,0.0,0.0,135.0,105.95,0,0.0,0,0,18-APR-2022,
OPTSTK,GRANULES,30-Jun-2022,195.0,CE,0.0,0.0,0.0,114.2,104.8,0,0.0,0,0,18-APR-2022,
OPTSTK,GRANULES,30-Jun-2022,200.0,CE,0.0,0.0,0.0,109.45,100.0,0,0.0,0,0,18-APR-2022,
OPTSTK,GRANULES,30-Jun-2022,205.0,CE,0.0,0.0,0.0,104.75,95.25,0,0.0,0,0,18-APR-2022,
OPTSTK,GRANULES,30-Jun-2022,210.0,CE,0.0,0.0,0.0,100.1,90.55,0,0.0,0,0,18-APR-2022,
OPTSTK,GRANULES,30-Jun-2022,215.0,CE,0.0,0.0,0.0,95.55,85.9,0,0.0,0,0,18-APR-2022,
OPTSTK,GRANULES,30-Jun-2022,220.0,CE,0.0,0.0,0.0,91.05,81.35,0,0.0,0,0,18-APR-2022,
OPTSTK,GRANULES,30-Jun-2022,225.0,CE,0.0,0.0,0.0,86.6,76.85,0,0.0,0,0,18-APR-2022,
OPTSTK,GRANULES,30-Jun-2022,230.0,CE,0.0,0.0,0.0,82.3,72.5,0,0.0,0,0,18-APR-2022,
OPTSTK,GRANULES,30-Jun-2022,235.0,CE,0.0,0.0,0.0,78.05,68.2,0,0.0,0,0,18-APR-2022,
OPTSTK,GRANULES,30-Jun-2022,240.0,CE,0.0,0.0,0.0,73.9,64.0,0,0.0,0,0,18-APR-2022,
OPTSTK,GRANULES,30-Jun-2022,245.0,CE,0.0,0.0,0.0,69.9,60.0,0,0.0,0,0,18-APR-2022,
OPTSTK,GRANULES,30-Jun-2022,250.0,CE,0.0,0.0,0.0,66.0,56.05,0,0.0,0,0,18-APR-2022,
OPTSTK,GRANULES,30-Jun-2022,255.0,CE,0.0,0.0,0.0,62.2,52.3,0,0.0,0,0,18-APR-2022,
OPTSTK,GRANULES,30-Jun-2022,260.0,CE,0.0,0.0,0.0,58.55,48.65,0,0.0,0,0,18-APR-2022,
OPTSTK,GRANULES,30-Jun-2022,265.0,CE,0.0,0.0,0.0,55.0,45.2,0,0.0,0,0,18-APR-2022,
OPTSTK,GRANULES,30-Jun-2022,270.0,CE,0.0,0.0,0.0,51.6,41.85,0,0.0,0,0,18-APR-2022,
OPTSTK,GRANULES,30-Jun-2022,275.0,CE,0.0,0.0,0.0,48.35,38.7,0,0.0,0,0,18-APR-2022,
OPTSTK,GRANULES,30-Jun-2022,280.0,CE,0.0,0.0,0.0,45.2,35.7,0,0.0,0,0,18-APR-2022,
OPTSTK,GRANULES,30-Jun-2022,285.0,CE,0.0,0.0,0.0,42.2,32.85,0,0.0,0,0,18-APR-2022,
OPTSTK,GRANULES,30-Jun-2022,290.0,CE,0.0,0.0,0.0,39.4,30.2,0,0.0,0,0,18-APR-2022,
OPTSTK,GRANULES,30-Jun-2022,295.0,CE,0.0,0.0,0.0,36.7,27.65,0,0.0,0,0,18-APR-2022,
OPTSTK,GRANULES,30-Jun-2022,300.0,CE,0.0,0.0,0.0,34.1,25.3,0,0.0,0,0,18-APR-2022,
OPTSTK,GRANULES,30-Jun-2022,305.0,CE,0.0,0.0,0.0,31.7,23.1,0,0.0,0,0,18-APR-2022,
OPTSTK,GRANULES,30-Jun-2022,310.0,CE,0.0,0.0,0.0,29.4,21.05,0,0.0,0,0,18-APR-2022,
OPTSTK,GRANULES,30-Jun-2022,315.0,CE,0.0,0.0,0.0,27.2,19.15,0,0.0,0,0,18-APR-2022,
OPTSTK,GRANULES,30-Jun-2022,320.0,CE,0.0,0.0,0.0,25.2,17.4,0,0.0,0,0,18-APR-2022,
OPTSTK,GRANULES,30-Jun-2022,325.0,CE,0.0,0.0,0.0,23.25,15.75,0,0.0,0,0,18-APR-2022,
OPTSTK,GRANULES,30-Jun-2022,330.0,CE,0.0,0.0,0.0,21.5,14.25,0,0.0,0,0,18-APR-2022,
OPTSTK,GRANULES,30-Jun-2022,335.0,CE,0.0,0.0,0.0,19.8,12.85,0,0.0,0,0,18-APR-2022,
OPTSTK,GRANULES,30-Jun-2022,340.0,CE,0.0,0.0,0.0,18.25,11.6,0,0.0,0,0,18-APR-2022,
OPTSTK,GRANULES,30-Jun-2022,345.0,CE,0.0,0.0,0.0,16.75,10.45,0,0.0,0,0,18-APR-2022,
OPTSTK,GRANULES,30-Jun-2022,350.0,CE,0.0,0.0,0.0,15.4,9.4,0,0.0,0,0,18-APR-2022,
OPTSTK,GRANULES,30-Jun-2022,355.0,CE,0.0,0.0,0.0,14.15,8.45,0,0.0,0,0,18-APR-2022,
OPTSTK,GRANULES,30-Jun-2022,360.0,CE,0.0,0.0,0.0,13.0,7.55,0,0.0,0,0,18-APR-2022,
OPTSTK,GRANULES,30-Jun-2022,365.0,CE,0.0,0.0,0.0,11.9,6.75,0,0.0,0,0,18-APR-2022,
OPTSTK,GRANULES,30-Jun-2022,370.0,CE,0.0,0.0,0.0,10.9,6.05,0,0.0,0,0,18-APR-2022,
OPTSTK,GRANULES,30-Jun-2022,375.0,CE,0.0,0.0,0.0,9.95,5.4,0,0.0,0,0,18-APR-2022,
OPTSTK,GRANULES,30-Jun-2022,380.0,CE,0.0,0.0,0.0,9.1,4.8,0,0.0,0,0,18-APR-2022,
OPTSTK,GRANULES,30-Jun-2022,385.0,CE,0.0,0.0,0.0,8.3,4.3,0,0.0,0,0,18-APR-2022,
OPTSTK,GRANULES,30-Jun-2022,390.0,CE,0.0,0.0,0.0,7.55,3.8,0,0.0,0,0,18-APR-2022,
OPTSTK,GRANULES,30-Jun-2022,395.0,CE,0.0,0.0,0.0,6.9,3.4,0,0.0,0,0,18-APR-2022,
OPTSTK,GRANULES,30-Jun-2022,400.0,CE,0.0,0.0,0.0,6.3,3.0,0,0.0,0,0,18-APR-2022,
OPTSTK,GRANULES,30-Jun-2022,405.0,CE,0.0,0.0,0.0,5.7,2.65,0,0.0,0,0,18-APR-2022,
OPTSTK,GRANULES,30-Jun-2022,195.0,PE,0.0,0.0,0.0,0.65,0.4,0,0.0,0,0,18-APR-2022,
OPTSTK,GRANULES,30-Jun-2022,200.0,PE,0.0,0.0,0.0,0.85,0.55,0,0.0,0,0,18-APR-2022,
OPTSTK,GRANULES,30-Jun-2022,205.0,PE,0.0,0.0,0.0,1.1,0.75,0,0.0,0,0,18-APR-2022,
OPTSTK,GRANULES,30-Jun-2022,210.0,PE,0.0,0.0,0.0,1.4,1.0,0,0.0,0,0,18-APR-2022,
OPTSTK,GRANULES,30-Jun-2022,215.0,PE,0.0,0.0,0.0,1.8,1.35,0,0.0,0,0,18-APR-2022,
OPTSTK,GRANULES,30-Jun-2022,220.0,PE,0.0,0.0,0.0,2.25,1.75,0,0.0,0,0,18-APR-2022,
OPTSTK,GRANULES,30-Jun-2022,225.0,PE,0.0,0.0,0.0,2.75,2.2,0,0.0,0,0,18-APR-2022,
OPTSTK,GRANULES,30-Jun-2022,230.0,PE,0.0,0.0,0.0,3.35,2.8,0,0.0,0,0,18-APR-2022,
OPTSTK,GRANULES,30-Jun-2022,235.0,PE,0.0,0.0,0.0,4.1,3.45,0,0.0,0,0,18-APR-2022,
OPTSTK,GRANULES,30-Jun-2022,240.0,PE,0.0,0.0,0.0,4.9,4.25,0,0.0,0,0,18-APR-2022,
OPTSTK,GRANULES,30-Jun-2022,245.0,PE,0.0,0.0,0.0,5.8,5.15,0,0.0,0,0,18-APR-2022,
OPTSTK,GRANULES,30-Jun-2022,250.0,PE,0.0,0.0,0.0,6.85,6.2,0,0.0,0,0,18-APR-2022,
OPTSTK,GRANULES,30-Jun-2022,255.0,PE,0.0,0.0,0.0,8.0,7.4,0,0.0,0,0,18-APR-2022,
OPTSTK,GRANULES,30-Jun-2022,260.0,PE,0.0,0.0,0.0,9.3,8.7,0,0.0,0,0,18-APR-2022,
OPTSTK,GRANULES,30-Jun-2022,265.0,PE,0.0,0.0,0.0,10.7,10.2,0,0.0,0,0,18-APR-2022,
OPTSTK,GRANULES,30-Jun-2022,270.0,PE,0.0,0.0,0.0,12.25,11.8,0,0.0,0,0,18-APR-2022,
OPTSTK,GRANULES,30-Jun-2022,275.0,PE,0.0,0.0,0.0,13.95,13.6,0,0.0,0,0,18-APR-2022,
OPTSTK,GRANULES,30-Jun-2022,280.0,PE,0.0,0.0,0.0,15.75,15.6,0,0.0,0,0,18-APR-2022,
OPTSTK,GRANULES,30-Jun-2022,285.0,PE,0.0,0.0,0.0,17.75,17.7,0,0.0,0,0,18-APR-2022,
OPTSTK,GRANULES,30-Jun-2022,290.0,PE,0.0,0.0,0.0,19.85,20.0,0,0.0,0,0,18-APR-2022,
OPTSTK,GRANULES,30-Jun-2022,295.0,PE,0.0,0.0,0.0,22.1,22.45,0,0.0,0,0,18-APR-2022,
OPTSTK,GRANULES,30-Jun-2022,300.0,PE,0.0,0.0,0.0,24.45,25.05,0,0.0,0,0,18-APR-2022,
OPTSTK,GRANULES,30-Jun-2022,305.0,PE,0.0,0.0,0.0,27.0,27.8,0,0.0,0,0,18-APR-2022,
OPTSTK,GRANULES,30-Jun-2022,310.0,PE,0.0,0.0,0.0,29.65,30.7,0,0.0,0,0,18-APR-2022,
OPTSTK,GRANULES,30-Jun-2022,315.0,PE,0.0,0.0,0.0,32.4,33.75,0,0.0,0,0,18-APR-2022,
OPTSTK,GRANULES,30-Jun-2022,320.0,PE,0.0,0.0,0.0,35.3,36.95,0,0.0,0,0,18-APR-2022,
OPTSTK,GRANULES,30-Jun-2022,325.0,PE,0.0,0.0,0.0,38.35,40.25,0,0.0,0,0,18-APR-2022,
OPTSTK,GRANULES,30-Jun-2022,330.0,PE,0.0,0.0,0.0,41.5,43.7,0,0.0,0,0,18-APR-2022,
OPTSTK,GRANULES,30-Jun-2022,335.0,PE,0.0,0.0,0.0,44.8,47.3,0,0.0,0,0,18-APR-2022,
OPTSTK,GRANULES,30-Jun-2022,340.0,PE,0.0,0.0,0.0,48.15,51.0,0,0.0,0,0,18-APR-2022,
OPTSTK,GRANULES,30-Jun-2022,345.0,PE,0.0,0.0,0.0,51.65,54.8,0,0.0,0,0,18-APR-2022,
OPTSTK,GRANULES,30-Jun-2022,350.0,PE,0.0,0.0,0.0,55.2,58.7,0,0.0,0,0,18-APR-2022,
OPTSTK,GRANULES,30-Jun-2022,355.0,PE,0.0,0.0,0.0,58.9,62.7,0,0.0,0,0,18-APR-2022,
OPTSTK,GRANULES,30-Jun-2022,360.0,PE,0.0,0.0,0.0,62.7,66.75,0,0.0,0,0,18-APR-2022,
OPTSTK,GRANULES,30-Jun-2022,365.0,PE,0.0,0.0,0.0,66.55,70.9,0,0.0,0,0,18-APR-2022,
OPTSTK,GRANULES,30-Jun-2022,370.0,PE,0.0,0.0,0.0,70.5,75.15,0,0.0,0,0,18-APR-2022,
OPTSTK,GRANULES,30-Jun-2022,375.0,PE,0.0,0.0,0.0,74.5,79.45,0,0.0,0,0,18-APR-2022,
OPTSTK,GRANULES,30-Jun-2022,380.0,PE,0.0,0.0,0.0,78.6,83.85,0,0.0,0,0,18-APR-2022,
OPTSTK,GRANULES,30-Jun-2022,385.0,PE,0.0,0.0,0.0,82.75,88.25,0,0.0,0,0,18-APR-2022,
OPTSTK,GRANULES,30-Jun-2022,390.0,PE,0.0,0.0,0.0,86.95,92.75,0,0.0,0,0,18-APR-2022,
OPTSTK,GRANULES,30-Jun-2022,395.0,PE,0.0,0.0,0.0,91.25,97.3,0,0.0,0,0,18-APR-2022,
OPTSTK,GRANULES,30-Jun-2022,400.0,PE,0.0,0.0,0.0,95.55,101.85,0,0.0,0,0,18-APR-2022,
OPTSTK,GRANULES,30-Jun-2022,405.0,PE,0.0,0.0,0.0,99.95,106.5,0,0.0,0,0,18-APR-2022,
OPTSTK,GRASIM,28-Apr-2022,1100.0,CE,0.0,0.0,0.0,599.6,642.5,0,0.0,0,0,18-APR-2022,
OPTSTK,GRASIM,28-Apr-2022,1120.0,CE,0.0,0.0,0.0,580.1,622.55,0,0.0,0,0,18-APR-2022,
OPTSTK,GRASIM,28-Apr-2022,1140.0,CE,0.0,0.0,0.0,560.75,602.55,0,0.0,0,0,18-APR-2022,
OPTSTK,GRASIM,28-Apr-2022,1160.0,CE,0.0,0.0,0.0,541.45,582.6,0,0.0,0,0,18-APR-2022,
OPTSTK,GRASIM,28-Apr-2022,1180.0,CE,0.0,0.0,0.0,522.3,562.6,0,0.0,0,0,18-APR-2022,
OPTSTK,GRASIM,28-Apr-2022,1200.0,CE,0.0,0.0,0.0,503.3,542.6,0,0.0,0,0,18-APR-2022,
OPTSTK,GRASIM,28-Apr-2022,1220.0,CE,0.0,0.0,0.0,484.45,522.65,0,0.0,0,0,18-APR-2022,
OPTSTK,GRASIM,28-Apr-2022,1240.0,CE,0.0,0.0,0.0,465.75,502.65,0,0.0,0,0,18-APR-2022,
OPTSTK,GRASIM,28-Apr-2022,1260.0,CE,0.0,0.0,0.0,447.25,482.7,0,0.0,0,0,18-APR-2022,
OPTSTK,GRASIM,28-Apr-2022,1280.0,CE,0.0,0.0,0.0,429.0,462.7,0,0.0,0,0,18-APR-2022,
OPTSTK,GRASIM,28-Apr-2022,1300.0,CE,0.0,0.0,0.0,410.95,442.75,0,0.0,0,0,18-APR-2022,
OPTSTK,GRASIM,28-Apr-2022,1320.0,CE,0.0,0.0,0.0,393.2,422.75,0,0.0,0,0,18-APR-2022,
OPTSTK,GRASIM,28-Apr-2022,1340.0,CE,0.0,0.0,0.0,375.75,402.8,0,0.0,0,0,18-APR-2022,
OPTSTK,GRASIM,28-Apr-2022,1360.0,CE,0.0,0.0,0.0,358.6,382.8,0,0.0,0,0,18-APR-2022,
OPTSTK,GRASIM,28-Apr-2022,1380.0,CE,0.0,0.0,0.0,341.75,362.85,0,0.0,0,0,18-APR-2022,
OPTSTK,GRASIM,28-Apr-2022,1400.0,CE,0.0,0.0,0.0,325.3,342.85,0,0.0,0,0,18-APR-2022,
OPTSTK,GRASIM,28-Apr-2022,1420.0,CE,0.0,0.0,0.0,309.25,322.9,0,0.0,0,0,18-APR-2022,
OPTSTK,GRASIM,28-Apr-2022,1440.0,CE,0.0,0.0,0.0,293.55,302.95,0,0.0,0,0,18-APR-2022,
OPTSTK,GRASIM,28-Apr-2022,1460.0,CE,0.0,0.0,0.0,278.3,283.05,0,0.0,0,0,18-APR-2022,
OPTSTK,GRASIM,28-Apr-2022,1480.0,CE,0.0,0.0,0.0,263.55,263.15,0,0.0,0,0,18-APR-2022,
OPTSTK,GRASIM,28-Apr-2022,1500.0,CE,0.0,0.0,0.0,250.0,243.35,0,0.0,2850,0,18-APR-2022,
OPTSTK,GRASIM,28-Apr-2022,1520.0,CE,0.0,0.0,0.0,235.2,223.7,0,0.0,0,0,18-APR-2022,
OPTSTK,GRASIM,28-Apr-2022,1540.0,CE,0.0,0.0,0.0,221.7,204.25,0,0.0,0,0,18-APR-2022,
OPTSTK,GRASIM,28-Apr-2022,1560.0,CE,0.0,0.0,0.0,200.0,185.1,0,0.0,950,0,18-APR-2022,
OPTSTK,GRASIM,28-Apr-2022,1580.0,CE,0.0,0.0,0.0,185.3,166.3,0,0.0,6175,0,18-APR-2022,
OPTSTK,GRASIM,28-Apr-2022,1600.0,CE,146.5,152.0,139.5,152.0,152.0,4,33.14,20425,-950,18-APR-2022,
OPTSTK,GRASIM,28-Apr-2022,1620.0,CE,0.0,0.0,0.0,171.7,130.5,0,0.0,17100,0,18-APR-2022,
OPTSTK,GRASIM,28-Apr-2022,1640.0,CE,0.0,0.0,0.0,131.7,113.75,0,0.0,14250,0,18-APR-2022,
OPTSTK,GRASIM,28-Apr-2022,1660.0,CE,0.0,0.0,0.0,121.45,98.0,0,0.0,25650,0,18-APR-2022,
OPTSTK,GRASIM,28-Apr-2022,1680.0,CE,81.0,81.0,81.0,81.0,83.35,1,8.36,33725,0,18-APR-2022,
OPTSTK,GRASIM,28-Apr-2022,1700.0,CE,80.0,82.1,59.15,66.5,66.5,41,343.93,148675,-2375,18-APR-2022,
OPTSTK,GRASIM,28-Apr-2022,1720.0,CE,69.0,69.0,47.0,52.05,57.95,28,236.37,48925,3325,18-APR-2022,
OPTSTK,GRASIM,28-Apr-2022,1740.0,CE,62.05,62.05,34.7,41.3,41.3,246,2081.06,52725,6175,18-APR-2022,
OPTSTK,GRASIM,28-Apr-2022,1760.0,CE,51.8,51.8,25.9,30.2,30.2,297,2531.77,97850,-19000,18-APR-2022,
OPTSTK,GRASIM,28-Apr-2022,1780.0,CE,38.8,38.8,19.7,23.55,23.55,457,3919.15,52725,-8075,18-APR-2022,
OPTSTK,GRASIM,28-Apr-2022,1800.0,CE,29.95,31.8,15.2,18.2,18.2,823,7115.56,314450,20900,18-APR-2022,
OPTSTK,GRASIM,28-Apr-2022,1820.0,CE,19.35,21.0,11.85,14.0,14.0,229,1996.63,70775,-17575,18-APR-2022,
OPTSTK,GRASIM,28-Apr-2022,1840.0,CE,18.0,18.0,8.8,10.4,10.4,339,2982.34,83600,-7600,18-APR-2022,
OPTSTK,GRASIM,28-Apr-2022,1860.0,CE,15.85,15.85,6.9,8.3,8.3,324,2876.65,87875,-10450,18-APR-2022,
OPTSTK,GRASIM,28-Apr-2022,1880.0,CE,9.45,10.0,5.3,6.95,6.95,216,1936.52,44175,-8550,18-APR-2022,
OPTSTK,GRASIM,28-Apr-2022,1900.0,CE,8.9,8.95,4.35,5.85,5.85,563,5096.06,313500,-6650,18-APR-2022,
OPTSTK,GRASIM,28-Apr-2022,1920.0,CE,6.95,6.95,3.25,5.4,5.4,82,749.52,40375,3325,18-APR-2022,
OPTSTK,GRASIM,28-Apr-2022,1940.0,CE,4.5,4.55,2.5,3.0,2.7,65,599.98,36100,-3325,18-APR-2022,
OPTSTK,GRASIM,28-Apr-2022,1960.0,CE,3.6,3.6,2.0,3.2,3.2,48,447.46,30875,2375,18-APR-2022,
OPTSTK,GRASIM,28-Apr-2022,1980.0,CE,0.0,0.0,0.0,7.5,1.25,0,0.0,475,0,18-APR-2022,
OPTSTK,GRASIM,28-Apr-2022,2000.0,CE,3.8,3.8,1.1,2.1,2.1,463,4402.78,216600,-21375,18-APR-2022,
OPTSTK,GRASIM,28-Apr-2022,2020.0,CE,0.0,0.0,0.0,37.0,0.55,0,0.0,0,0,18-APR-2022,
OPTSTK,GRASIM,28-Apr-2022,2040.0,CE,0.0,0.0,0.0,5.0,0.35,0,0.0,1425,0,18-APR-2022,
OPTSTK,GRASIM,28-Apr-2022,2060.0,CE,0.0,0.0,0.0,31.0,0.25,0,0.0,0,0,18-APR-2022,
OPTSTK,GRASIM,28-Apr-2022,2080.0,CE,0.0,0.0,0.0,28.3,0.15,0,0.0,0,0,18-APR-2022,
OPTSTK,GRASIM,28-Apr-2022,2100.0,CE,1.3,1.35,0.4,0.5,0.5,50,498.97,42275,-1425,18-APR-2022,
OPTSTK,GRASIM,28-Apr-2022,2120.0,CE,0.0,0.0,0.0,23.55,0.05,0,0.0,0,0,18-APR-2022,
OPTSTK,GRASIM,28-Apr-2022,2140.0,CE,0.0,0.0,0.0,21.45,0.05,0,0.0,0,0,18-APR-2022,
OPTSTK,GRASIM,28-Apr-2022,2160.0,CE,0.0,0.0,0.0,19.55,0.05,0,0.0,0,0,18-APR-2022,
OPTSTK,GRASIM,28-Apr-2022,2180.0,CE,0.0,0.0,0.0,17.75,0.05,0,0.0,0,0,18-APR-2022,
OPTSTK,GRASIM,28-Apr-2022,2200.0,CE,0.0,0.0,0.0,16.15,0.05,0,0.0,0,0,18-APR-2022,
OPTSTK,GRASIM,28-Apr-2022,2220.0,CE,0.0,0.0,0.0,14.65,0.0,0,0.0,0,0,18-APR-2022,
OPTSTK,GRASIM,28-Apr-2022,2240.0,CE,0.0,0.0,0.0,13.3,0.0,0,0.0,0,0,18-APR-2022,
OPTSTK,GRASIM,28-Apr-2022,2260.0,CE,0.0,0.0,0.0,12.05,0.0,0,0.0,0,0,18-APR-2022,
OPTSTK,GRASIM,28-Apr-2022,1100.0,PE,0.0,0.0,0.0,0.6,0.0,0,0.0,3325,0,18-APR-2022,
OPTSTK,GRASIM,28-Apr-2022,1120.0,PE,0.0,0.0,0.0,1.4,0.0,0,0.0,0,0,18-APR-2022,
OPTSTK,GRASIM,28-Apr-2022,1140.0,PE,0.0,0.0,0.0,1.8,0.0,0,0.0,0,0,18-APR-2022,
OPTSTK,GRASIM,28-Apr-2022,1160.0,PE,0.0,0.0,0.0,0.15,0.0,0,0.0,0,0,18-APR-2022,
OPTSTK,GRASIM,28-Apr-2022,1180.0,PE,0.0,0.0,0.0,3.0,0.0,0,0.0,0,0,18-APR-2022,
OPTSTK,GRASIM,28-Apr-2022,1200.0,PE,0.0,0.0,0.0,0.6,0.0,0,0.0,2375,0,18-APR-2022,
OPTSTK,GRASIM,28-Apr-2022,1220.0,PE,0.0,0.0,0.0,4.7,0.0,0,0.0,0,0,18-APR-2022,
OPTSTK,GRASIM,28-Apr-2022,1240.0,PE,0.0,0.0,0.0,5.8,0.0,0,0.0,0,0,18-APR-2022,
OPTSTK,GRASIM,28-Apr-2022,1260.0,PE,0.0,0.0,0.0,7.1,0.0,0,0.0,0,0,18-APR-2022,
OPTSTK,GRASIM,28-Apr-2022,1280.0,PE,0.0,0.0,0.0,8.6,0.0,0,0.0,0,0,18-APR-2022,
OPTSTK,GRASIM,28-Apr-2022,1300.0,PE,0.0,0.0,0.0,0.3,0.0,0,0.0,1900,0,18-APR-2022,
OPTSTK,GRASIM,28-Apr-2022,1320.0,PE,0.0,0.0,0.0,12.4,0.0,0,0.0,0,0,18-APR-2022,
OPTSTK,GRASIM,28-Apr-2022,1340.0,PE,0.0,0.0,0.0,14.75,0.0,0,0.0,0,0,18-APR-2022,
OPTSTK,GRASIM,28-Apr-2022,1360.0,PE,0.0,0.0,0.0,17.35,0.0,0,0.0,0,0,18-APR-2022,
OPTSTK,GRASIM,28-Apr-2022,1380.0,PE,0.0,0.0,0.0,20.35,0.0,0,0.0,0,0,18-APR-2022,
OPTSTK,GRASIM,28-Apr-2022,1400.0,PE,0.0,0.0,0.0,0.4,0.05,0,0.0,9975,0,18-APR-2022,
OPTSTK,GRASIM,28-Apr-2022,1420.0,PE,0.0,0.0,0.0,27.4,0.05,0,0.0,0,0,18-APR-2022,
OPTSTK,GRASIM,28-Apr-2022,1440.0,PE,0.0,0.0,0.0,0.55,0.1,0,0.0,475,0,18-APR-2022,
OPTSTK,GRASIM,28-Apr-2022,1460.0,PE,0.0,0.0,0.0,36.05,0.15,0,0.0,0,0,18-APR-2022,
OPTSTK,GRASIM,28-Apr-2022,1480.0,PE,0.0,0.0,0.0,9.0,0.25,0,0.0,475,0,18-APR-2022,
OPTSTK,GRASIM,28-Apr-2022,1500.0,PE,2.15,3.5,0.9,1.95,1.95,54,385.33,56525,-4275,18-APR-2022,
OPTSTK,GRASIM,28-Apr-2022,1520.0,PE,0.0,0.0,0.0,52.35,0.75,0,0.0,0,0,18-APR-2022,
OPTSTK,GRASIM,28-Apr-2022,1540.0,PE,0.0,0.0,0.0,4.15,1.25,0,0.0,9975,0,18-APR-2022,
OPTSTK,GRASIM,28-Apr-2022,1560.0,PE,4.0,4.0,4.0,4.0,2.1,1,7.42,14725,0,18-APR-2022,
OPTSTK,GRASIM,28-Apr-2022,1580.0,PE,0.0,0.0,0.0,4.75,3.3,0,0.0,16625,0,18-APR-2022,
OPTSTK,GRASIM,28-Apr-2022,1600.0,PE,5.65,8.0,5.4,6.2,6.2,124,946.22,78850,-6650,18-APR-2022,
OPTSTK,GRASIM,28-Apr-2022,1620.0,PE,8.5,8.5,8.5,8.5,7.4,1,7.73,9975,0,18-APR-2022,
OPTSTK,GRASIM,28-Apr-2022,1640.0,PE,10.4,10.5,10.0,10.0,10.0,4,31.35,45600,950,18-APR-2022,
OPTSTK,GRASIM,28-Apr-2022,1660.0,PE,14.0,18.05,11.85,13.45,13.45,101,803.5,61275,-6650,18-APR-2022,
OPTSTK,GRASIM,28-Apr-2022,1680.0,PE,17.55,27.3,16.6,16.8,16.8,16,129.18,42275,-1425,18-APR-2022,
OPTSTK,GRASIM,28-Apr-2022,1700.0,PE,24.45,31.0,19.15,22.9,22.9,336,2753.72,199500,-8075,18-APR-2022,
OPTSTK,GRASIM,28-Apr-2022,1720.0,PE,29.1,39.9,27.4,29.55,29.55,93,774.33,53675,-1900,18-APR-2022,
OPTSTK,GRASIM,28-Apr-2022,1740.0,PE,34.05,49.95,32.45,37.3,37.3,260,2199.55,45125,2850,18-APR-2022,
OPTSTK,GRASIM,28-Apr-2022,1760.0,PE,47.0,60.2,39.1,46.8,46.8,193,1660.19,51775,-1425,18-APR-2022,
OPTSTK,GRASIM,28-Apr-2022,1780.0,PE,47.9,73.25,47.85,66.45,66.9,37,323.29,33725,-2375,18-APR-2022,
OPTSTK,GRASIM,28-Apr-2022,1800.0,PE,62.75,83.0,62.75,74.35,74.35,23,204.94,50350,1425,18-APR-2022,
OPTSTK,GRASIM,28-Apr-2022,1820.0,PE,0.0,0.0,0.0,81.85,94.85,0,0.0,950,0,18-APR-2022,
OPTSTK,GRASIM,28-Apr-2022,1840.0,PE,0.0,0.0,0.0,99.95,110.35,0,0.0,950,0,18-APR-2022,
OPTSTK,GRASIM,28-Apr-2022,1860.0,PE,110.0,125.55,110.0,125.55,126.85,2,18.78,2850,-950,18-APR-2022,
OPTSTK,GRASIM,28-Apr-2022,1880.0,PE,0.0,0.0,0.0,240.2,144.1,0,0.0,0,0,18-APR-2022,
OPTSTK,GRASIM,28-Apr-2022,1900.0,PE,153.4,174.0,153.4,174.0,162.0,2,19.6,3800,-950,18-APR-2022,
OPTSTK,GRASIM,28-Apr-2022,1920.0,PE,0.0,0.0,0.0,269.75,180.4,0,0.0,0,0,18-APR-2022,
OPTSTK,GRASIM,28-Apr-2022,1940.0,PE,0.0,0.0,0.0,285.0,199.25,0,0.0,0,0,18-APR-2022,
OPTSTK,GRASIM,28-Apr-2022,1960.0,PE,0.0,0.0,0.0,300.6,218.4,0,0.0,0,0,18-APR-2022,
OPTSTK,GRASIM,28-Apr-2022,1980.0,PE,0.0,0.0,0.0,316.4,237.8,0,0.0,0,0,18-APR-2022,
OPTSTK,GRASIM,28-Apr-2022,2000.0,PE,0.0,0.0,0.0,332.5,257.35,0,0.0,0,0,18-APR-2022,
OPTSTK,GRASIM,28-Apr-2022,2020.0,PE,0.0,0.0,0.0,348.9,277.05,0,0.0,0,0,18-APR-2022,
OPTSTK,GRASIM,28-Apr-2022,2040.0,PE,0.0,0.0,0.0,365.6,296.8,0,0.0,0,0,18-APR-2022,
OPTSTK,GRASIM,28-Apr-2022,2060.0,PE,0.0,0.0,0.0,382.45,316.7,0,0.0,0,0,18-APR-2022,
OPTSTK,GRASIM,28-Apr-2022,2080.0,PE,0.0,0.0,0.0,399.6,336.55,0,0.0,0,0,18-APR-2022,
OPTSTK,GRASIM,28-Apr-2022,2100.0,PE,0.0,0.0,0.0,416.9,356.5,0,0.0,0,0,18-APR-2022,
OPTSTK,GRASIM,28-Apr-2022,2120.0,PE,0.0,0.0,0.0,434.4,376.45,0,0.0,0,0,18-APR-2022,
OPTSTK,GRASIM,28-Apr-2022,2140.0,PE,0.0,0.0,0.0,452.1,396.4,0,0.0,0,0,18-APR-2022,
OPTSTK,GRASIM,28-Apr-2022,2160.0,PE,0.0,0.0,0.0,470.0,416.35,0,0.0,0,0,18-APR-2022,
OPTSTK,GRASIM,28-Apr-2022,2180.0,PE,0.0,0.0,0.0,488.0,436.35,0,0.0,0,0,18-APR-2022,
OPTSTK,GRASIM,28-Apr-2022,2200.0,PE,0.0,0.0,0.0,506.2,456.3,0,0.0,0,0,18-APR-2022,
OPTSTK,GRASIM,28-Apr-2022,2220.0,PE,0.0,0.0,0.0,524.5,476.3,0,0.0,0,0,18-APR-2022,
OPTSTK,GRASIM,28-Apr-2022,2240.0,PE,0.0,0.0,0.0,542.9,496.25,0,0.0,0,0,18-APR-2022,
OPTSTK,GRASIM,28-Apr-2022,2260.0,PE,0.0,0.0,0.0,561.45,516.25,0,0.0,0,0,18-APR-2022,
OPTSTK,GRASIM,26-May-2022,1100.0,CE,0.0,0.0,0.0,459.3,646.15,0,0.0,0,0,18-APR-2022,
OPTSTK,GRASIM,26-May-2022,1120.0,CE,0.0,0.0,0.0,440.45,626.25,0,0.0,0,0,18-APR-2022,
OPTSTK,GRASIM,26-May-2022,1140.0,CE,0.0,0.0,0.0,421.8,606.3,0,0.0,0,0,18-APR-2022,
OPTSTK,GRASIM,26-May-2022,1160.0,CE,0.0,0.0,0.0,403.35,586.45,0,0.0,0,0,18-APR-2022,
OPTSTK,GRASIM,26-May-2022,1180.0,CE,0.0,0.0,0.0,385.15,566.55,0,0.0,0,0,18-APR-2022,
OPTSTK,GRASIM,26-May-2022,1200.0,CE,0.0,0.0,0.0,367.25,546.65,0,0.0,0,0,18-APR-2022,
OPTSTK,GRASIM,26-May-2022,1220.0,CE,0.0,0.0,0.0,349.65,526.8,0,0.0,0,0,18-APR-2022,
OPTSTK,GRASIM,26-May-2022,1240.0,CE,0.0,0.0,0.0,332.35,506.95,0,0.0,0,0,18-APR-2022,
OPTSTK,GRASIM,26-May-2022,1260.0,CE,0.0,0.0,0.0,315.45,487.15,0,0.0,0,0,18-APR-2022,
OPTSTK,GRASIM,26-May-2022,1280.0,CE,0.0,0.0,0.0,298.95,467.4,0,0.0,0,0,18-APR-2022,
OPTSTK,GRASIM,26-May-2022,1300.0,CE,0.0,0.0,0.0,282.85,447.7,0,0.0,0,0,18-APR-2022,
OPTSTK,GRASIM,26-May-2022,1320.0,CE,0.0,0.0,0.0,267.15,428.05,0,0.0,0,0,18-APR-2022,
OPTSTK,GRASIM,26-May-2022,1340.0,CE,0.0,0.0,0.0,251.95,408.55,0,0.0,0,0,18-APR-2022,
OPTSTK,GRASIM,26-May-2022,1360.0,CE,0.0,0.0,0.0,237.25,389.15,0,0.0,0,0,18-APR-2022,
OPTSTK,GRASIM,26-May-2022,1380.0,CE,0.0,0.0,0.0,223.0,369.9,0,0.0,0,0,18-APR-2022,
OPTSTK,GRASIM,26-May-2022,1400.0,CE,0.0,0.0,0.0,209.2,350.8,0,0.0,0,0,18-APR-2022,
OPTSTK,GRASIM,26-May-2022,1420.0,CE,0.0,0.0,0.0,196.0,332.0,0,0.0,0,0,18-APR-2022,
OPTSTK,GRASIM,26-May-2022,1440.0,CE,0.0,0.0,0.0,183.35,313.4,0,0.0,0,0,18-APR-2022,
OPTSTK,GRASIM,26-May-2022,1460.0,CE,0.0,0.0,0.0,171.2,295.1,0,0.0,0,0,18-APR-2022,
OPTSTK,GRASIM,26-May-2022,1480.0,CE,0.0,0.0,0.0,159.65,277.15,0,0.0,0,0,18-APR-2022,
OPTSTK,GRASIM,26-May-2022,1500.0,CE,0.0,0.0,0.0,148.6,259.6,0,0.0,0,0,18-APR-2022,
OPTSTK,GRASIM,26-May-2022,1520.0,CE,0.0,0.0,0.0,138.1,242.5,0,0.0,0,0,18-APR-2022,
OPTSTK,GRASIM,26-May-2022,1540.0,CE,0.0,0.0,0.0,128.15,225.85,0,0.0,0,0,18-APR-2022,
OPTSTK,GRASIM,26-May-2022,1560.0,CE,0.0,0.0,0.0,118.75,209.7,0,0.0,0,0,18-APR-2022,
OPTSTK,GRASIM,26-May-2022,1580.0,CE,0.0,0.0,0.0,109.85,194.15,0,0.0,0,0,18-APR-2022,
OPTSTK,GRASIM,26-May-2022,1600.0,CE,0.0,0.0,0.0,101.45,179.25,0,0.0,0,0,18-APR-2022,
OPTSTK,GRASIM,26-May-2022,1620.0,CE,0.0,0.0,0.0,93.6,164.85,0,0.0,0,0,18-APR-2022,
OPTSTK,GRASIM,26-May-2022,1640.0,CE,0.0,0.0,0.0,86.2,151.2,0,0.0,0,0,18-APR-2022,
OPTSTK,GRASIM,26-May-2022,1660.0,CE,0.0,0.0,0.0,79.25,138.2,0,0.0,0,0,18-APR-2022,
OPTSTK,GRASIM,26-May-2022,1680.0,CE,0.0,0.0,0.0,72.8,125.95,0,0.0,0,0,18-APR-2022,
OPTSTK,GRASIM,26-May-2022,1700.0,CE,0.0,0.0,0.0,94.0,114.35,0,0.0,475,0,18-APR-2022,
OPTSTK,GRASIM,26-May-2022,1720.0,CE,0.0,0.0,0.0,130.2,103.55,0,0.0,1425,0,18-APR-2022,
OPTSTK,GRASIM,26-May-2022,1740.0,CE,0.0,0.0,0.0,92.0,93.4,0,0.0,475,0,18-APR-2022,
OPTSTK,GRASIM,26-May-2022,1760.0,CE,61.8,61.8,61.8,61.8,84.0,1,8.65,1425,-475,18-APR-2022,
OPTSTK,GRASIM,26-May-2022,1780.0,CE,0.0,0.0,0.0,77.95,75.3,0,0.0,1425,0,18-APR-2022,
OPTSTK,GRASIM,26-May-2022,1800.0,CE,62.6,62.6,50.1,50.1,67.25,11,96.96,6650,2850,18-APR-2022,
OPTSTK,GRASIM,26-May-2022,1820.0,CE,0.0,0.0,0.0,92.0,59.9,0,0.0,950,0,18-APR-2022,
OPTSTK,GRASIM,26-May-2022,1840.0,CE,0.0,0.0,0.0,35.15,53.15,0,0.0,0,0,18-APR-2022,
OPTSTK,GRASIM,26-May-2022,1860.0,CE,0.0,0.0,0.0,31.9,47.0,0,0.0,0,0,18-APR-2022,
OPTSTK,GRASIM,26-May-2022,1880.0,CE,0.0,0.0,0.0,28.95,41.45,0,0.0,0,0,18-APR-2022,
OPTSTK,GRASIM,26-May-2022,1900.0,CE,17.65,23.05,16.65,19.7,19.7,8,72.93,2850,950,18-APR-2022,
OPTSTK,GRASIM,26-May-2022,1920.0,CE,0.0,0.0,0.0,23.7,32.05,0,0.0,0,0,18-APR-2022,
OPTSTK,GRASIM,26-May-2022,1940.0,CE,0.0,0.0,0.0,21.45,27.95,0,0.0,0,0,18-APR-2022,
OPTSTK,GRASIM,26-May-2022,1960.0,CE,0.0,0.0,0.0,19.35,24.35,0,0.0,0,0,18-APR-2022,
OPTSTK,GRASIM,26-May-2022,1980.0,CE,0.0,0.0,0.0,17.45,21.15,0,0.0,0,0,18-APR-2022,
OPTSTK,GRASIM,26-May-2022,2000.0,CE,0.0,0.0,0.0,15.7,18.3,0,0.0,0,0,18-APR-2022,
OPTSTK,GRASIM,26-May-2022,2020.0,CE,0.0,0.0,0.0,14.15,15.8,0,0.0,0,0,18-APR-2022,
OPTSTK,GRASIM,26-May-2022,2040.0,CE,0.0,0.0,0.0,12.75,13.6,0,0.0,0,0,18-APR-2022,
OPTSTK,GRASIM,26-May-2022,2060.0,CE,0.0,0.0,0.0,11.45,11.65,0,0.0,0,0,18-APR-2022,
OPTSTK,GRASIM,26-May-2022,2080.0,CE,0.0,0.0,0.0,10.25,10.0,0,0.0,0,0,18-APR-2022,
OPTSTK,GRASIM,26-May-2022,2100.0,CE,0.0,0.0,0.0,9.2,8.55,0,0.0,0,0,18-APR-2022,
OPTSTK,GRASIM,26-May-2022,2120.0,CE,0.0,0.0,0.0,8.25,7.25,0,0.0,0,0,18-APR-2022,
OPTSTK,GRASIM,26-May-2022,2140.0,CE,0.0,0.0,0.0,7.4,6.15,0,0.0,0,0,18-APR-2022,
OPTSTK,GRASIM,26-May-2022,2160.0,CE,0.0,0.0,0.0,6.6,5.2,0,0.0,0,0,18-APR-2022,
OPTSTK,GRASIM,26-May-2022,2180.0,CE,0.0,0.0,0.0,5.9,4.4,0,0.0,0,0,18-APR-2022,
OPTSTK,GRASIM,26-May-2022,2200.0,CE,0.0,0.0,0.0,5.25,3.7,0,0.0,0,0,18-APR-2022,
OPTSTK,GRASIM,26-May-2022,2220.0,CE,0.0,0.0,0.0,4.7,3.15,0,0.0,0,0,18-APR-2022,
OPTSTK,GRASIM,26-May-2022,1100.0,PE,0.0,0.0,0.0,3.45,0.05,0,0.0,0,0,18-APR-2022,
OPTSTK,GRASIM,26-May-2022,1120.0,PE,0.0,0.0,0.0,4.35,0.05,0,0.0,0,0,18-APR-2022,
OPTSTK,GRASIM,26-May-2022,1140.0,PE,0.0,0.0,0.0,5.5,0.05,0,0.0,0,0,18-APR-2022,
OPTSTK,GRASIM,26-May-2022,1160.0,PE,0.0,0.0,0.0,6.85,0.05,0,0.0,0,0,18-APR-2022,
OPTSTK,GRASIM,26-May-2022,1180.0,PE,0.0,0.0,0.0,8.45,0.1,0,0.0,0,0,18-APR-2022,
OPTSTK,GRASIM,26-May-2022,1200.0,PE,0.0,0.0,0.0,10.35,0.1,0,0.0,0,0,18-APR-2022,
OPTSTK,GRASIM,26-May-2022,1220.0,PE,0.0,0.0,0.0,12.55,0.15,0,0.0,0,0,18-APR-2022,
OPTSTK,GRASIM,26-May-2022,1240.0,PE,0.0,0.0,0.0,15.05,0.25,0,0.0,0,0,18-APR-2022,
OPTSTK,GRASIM,26-May-2022,1260.0,PE,0.0,0.0,0.0,17.9,0.35,0,0.0,0,0,18-APR-2022,
OPTSTK,GRASIM,26-May-2022,1280.0,PE,0.0,0.0,0.0,21.2,0.5,0,0.0,0,0,18-APR-2022,
OPTSTK,GRASIM,26-May-2022,1300.0,PE,0.0,0.0,0.0,24.85,0.7,0,0.0,0,0,18-APR-2022,
OPTSTK,GRASIM,26-May-2022,1320.0,PE,0.0,0.0,0.0,29.0,1.0,0,0.0,0,0,18-APR-2022,
OPTSTK,GRASIM,26-May-2022,1340.0,PE,0.0,0.0,0.0,33.55,1.4,0,0.0,0,0,18-APR-2022,
OPTSTK,GRASIM,26-May-2022,1360.0,PE,0.0,0.0,0.0,38.65,1.9,0,0.0,0,0,18-APR-2022,
OPTSTK,GRASIM,26-May-2022,1380.0,PE,0.0,0.0,0.0,44.2,2.55,0,0.0,0,0,18-APR-2022,
OPTSTK,GRASIM,26-May-2022,1400.0,PE,0.0,0.0,0.0,50.2,3.4,0,0.0,0,0,18-APR-2022,
OPTSTK,GRASIM,26-May-2022,1420.0,PE,0.0,0.0,0.0,56.8,4.45,0,0.0,0,0,18-APR-2022,
OPTSTK,GRASIM,26-May-2022,1440.0,PE,0.0,0.0,0.0,63.9,5.8,0,0.0,0,0,18-APR-2022,
OPTSTK,GRASIM,26-May-2022,1460.0,PE,0.0,0.0,0.0,71.6,7.4,0,0.0,0,0,18-APR-2022,
OPTSTK,GRASIM,26-May-2022,1480.0,PE,0.0,0.0,0.0,79.8,9.4,0,0.0,0,0,18-APR-2022,
OPTSTK,GRASIM,26-May-2022,1500.0,PE,0.0,0.0,0.0,88.55,11.75,0,0.0,0,0,18-APR-2022,
OPTSTK,GRASIM,26-May-2022,1520.0,PE,0.0,0.0,0.0,97.85,14.5,0,0.0,0,0,18-APR-2022,
OPTSTK,GRASIM,26-May-2022,1540.0,PE,0.0,0.0,0.0,107.7,17.8,0,0.0,0,0,18-APR-2022,
OPTSTK,GRASIM,26-May-2022,1560.0,PE,0.0,0.0,0.0,118.05,21.6,0,0.0,0,0,18-APR-2022,
OPTSTK,GRASIM,26-May-2022,1580.0,PE,0.0,0.0,0.0,128.95,25.95,0,0.0,0,0,18-APR-2022,
OPTSTK,GRASIM,26-May-2022,1600.0,PE,0.0,0.0,0.0,140.35,30.95,0,0.0,0,0,18-APR-2022,
OPTSTK,GRASIM,26-May-2022,1620.0,PE,0.0,0.0,0.0,18.0,36.45,0,0.0,475,0,18-APR-2022,
OPTSTK,GRASIM,26-May-2022,1640.0,PE,0.0,0.0,0.0,164.65,42.7,0,0.0,0,0,18-APR-2022,
OPTSTK,GRASIM,26-May-2022,1660.0,PE,0.0,0.0,0.0,177.55,49.65,0,0.0,0,0,18-APR-2022,
OPTSTK,GRASIM,26-May-2022,1680.0,PE,0.0,0.0,0.0,190.85,57.25,0,0.0,0,0,18-APR-2022,
OPTSTK,GRASIM,26-May-2022,1700.0,PE,0.0,0.0,0.0,204.6,65.6,0,0.0,0,0,18-APR-2022,
OPTSTK,GRASIM,26-May-2022,1720.0,PE,0.0,0.0,0.0,218.75,74.7,0,0.0,0,0,18-APR-2022,
OPTSTK,GRASIM,26-May-2022,1740.0,PE,76.0,76.0,74.0,75.0,84.45,3,25.86,1425,1425,18-APR-2022,
OPTSTK,GRASIM,26-May-2022,1760.0,PE,0.0,0.0,0.0,78.0,95.0,0,0.0,1900,0,18-APR-2022,
OPTSTK,GRASIM,26-May-2022,1780.0,PE,0.0,0.0,0.0,90.0,106.15,0,0.0,1900,0,18-APR-2022,
OPTSTK,GRASIM,26-May-2022,1800.0,PE,0.0,0.0,0.0,279.35,118.05,0,0.0,0,0,18-APR-2022,
OPTSTK,GRASIM,26-May-2022,1820.0,PE,0.0,0.0,0.0,295.25,130.6,0,0.0,0,0,18-APR-2022,
OPTSTK,GRASIM,26-May-2022,1840.0,PE,0.0,0.0,0.0,311.55,143.75,0,0.0,0,0,18-APR-2022,
OPTSTK,GRASIM,26-May-2022,1860.0,PE,0.0,0.0,0.0,328.1,157.55,0,0.0,0,0,18-APR-2022,
OPTSTK,GRASIM,26-May-2022,1880.0,PE,0.0,0.0,0.0,344.9,171.9,0,0.0,0,0,18-APR-2022,
OPTSTK,GRASIM,26-May-2022,1900.0,PE,0.0,0.0,0.0,361.95,186.9,0,0.0,0,0,18-APR-2022,
OPTSTK,GRASIM,26-May-2022,1920.0,PE,0.0,0.0,0.0,379.25,202.3,0,0.0,0,0,18-APR-2022,
OPTSTK,GRASIM,26-May-2022,1940.0,PE,0.0,0.0,0.0,396.8,218.1,0,0.0,0,0,18-APR-2022,
OPTSTK,GRASIM,26-May-2022,1960.0,PE,0.0,0.0,0.0,414.5,234.45,0,0.0,0,0,18-APR-2022,
OPTSTK,GRASIM,26-May-2022,1980.0,PE,0.0,0.0,0.0,432.4,251.15,0,0.0,0,0,18-APR-2022,
OPTSTK,GRASIM,26-May-2022,2000.0,PE,0.0,0.0,0.0,450.45,268.2,0,0.0,0,0,18-APR-2022,
OPTSTK,GRASIM,26-May-2022,2020.0,PE,0.0,0.0,0.0,468.65,285.65,0,0.0,0,0,18-APR-2022,
OPTSTK,GRASIM,26-May-2022,2040.0,PE,0.0,0.0,0.0,487.05,303.35,0,0.0,0,0,18-APR-2022,
OPTSTK,GRASIM,26-May-2022,2060.0,PE,0.0,0.0,0.0,505.5,321.35,0,0.0,0,0,18-APR-2022,
OPTSTK,GRASIM,26-May-2022,2080.0,PE,0.0,0.0,0.0,524.15,339.55,0,0.0,0,0,18-APR-2022,
OPTSTK,GRASIM,26-May-2022,2100.0,PE,0.0,0.0,0.0,542.9,358.0,0,0.0,0,0,18-APR-2022,
OPTSTK,GRASIM,26-May-2022,2120.0,PE,0.0,0.0,0.0,561.7,376.65,0,0.0,0,0,18-APR-2022,
OPTSTK,GRASIM,26-May-2022,2140.0,PE,0.0,0.0,0.0,580.65,395.45,0,0.0,0,0,18-APR-2022,
OPTSTK,GRASIM,26-May-2022,2160.0,PE,0.0,0.0,0.0,599.65,414.45,0,0.0,0,0,18-APR-2022,
OPTSTK,GRASIM,26-May-2022,2180.0,PE,0.0,0.0,0.0,618.75,433.55,0,0.0,0,0,18-APR-2022,
OPTSTK,GRASIM,26-May-2022,2200.0,PE,0.0,0.0,0.0,637.9,452.75,0,0.0,0,0,18-APR-2022,
OPTSTK,GRASIM,26-May-2022,2220.0,PE,0.0,0.0,0.0,657.1,472.1,0,0.0,0,0,18-APR-2022,
OPTSTK,GRASIM,30-Jun-2022,1100.0,CE,0.0,0.0,0.0,577.1,650.9,0,0.0,0,0,18-APR-2022,
OPTSTK,GRASIM,30-Jun-2022,1120.0,CE,0.0,0.0,0.0,557.75,631.2,0,0.0,0,0,18-APR-2022,
OPTSTK,GRASIM,30-Jun-2022,1140.0,CE,0.0,0.0,0.0,538.55,611.55,0,0.0,0,0,18-APR-2022,
OPTSTK,GRASIM,30-Jun-2022,1160.0,CE,0.0,0.0,0.0,519.45,591.95,0,0.0,0,0,18-APR-2022,
OPTSTK,GRASIM,30-Jun-2022,1180.0,CE,0.0,0.0,0.0,500.45,572.4,0,0.0,0,0,18-APR-2022,
OPTSTK,GRASIM,30-Jun-2022,1200.0,CE,0.0,0.0,0.0,481.65,552.9,0,0.0,0,0,18-APR-2022,
OPTSTK,GRASIM,30-Jun-2022,1220.0,CE,0.0,0.0,0.0,463.05,533.5,0,0.0,0,0,18-APR-2022,
OPTSTK,GRASIM,30-Jun-2022,1240.0,CE,0.0,0.0,0.0,444.65,514.25,0,0.0,0,0,18-APR-2022,
OPTSTK,GRASIM,30-Jun-2022,1260.0,CE,0.0,0.0,0.0,426.45,495.1,0,0.0,0,0,18-APR-2022,
OPTSTK,GRASIM,30-Jun-2022,1280.0,CE,0.0,0.0,0.0,408.5,476.1,0,0.0,0,0,18-APR-2022,
OPTSTK,GRASIM,30-Jun-2022,1300.0,CE,0.0,0.0,0.0,390.85,457.25,0,0.0,0,0,18-APR-2022,
OPTSTK,GRASIM,30-Jun-2022,1320.0,CE,0.0,0.0,0.0,373.5,438.6,0,0.0,0,0,18-APR-2022,
OPTSTK,GRASIM,30-Jun-2022,1340.0,CE,0.0,0.0,0.0,356.45,420.2,0,0.0,0,0,18-APR-2022,
OPTSTK,GRASIM,30-Jun-2022,1360.0,CE,0.0,0.0,0.0,339.75,402.0,0,0.0,0,0,18-APR-2022,
OPTSTK,GRASIM,30-Jun-2022,1380.0,CE,0.0,0.0,0.0,323.4,384.05,0,0.0,0,0,18-APR-2022,
OPTSTK,GRASIM,30-Jun-2022,1400.0,CE,0.0,0.0,0.0,307.45,366.45,0,0.0,0,0,18-APR-2022,
OPTSTK,GRASIM,30-Jun-2022,1420.0,CE,0.0,0.0,0.0,291.9,349.1,0,0.0,0,0,18-APR-2022,
OPTSTK,GRASIM,30-Jun-2022,1440.0,CE,0.0,0.0,0.0,276.8,332.1,0,0.0,0,0,18-APR-2022,
OPTSTK,GRASIM,30-Jun-2022,1460.0,CE,0.0,0.0,0.0,262.15,315.5,0,0.0,0,0,18-APR-2022,
OPTSTK,GRASIM,30-Jun-2022,1480.0,CE,0.0,0.0,0.0,247.9,299.25,0,0.0,0,0,18-APR-2022,
OPTSTK,GRASIM,30-Jun-2022,1500.0,CE,0.0,0.0,0.0,234.1,283.45,0,0.0,0,0,18-APR-2022,
OPTSTK,GRASIM,30-Jun-2022,1520.0,CE,0.0,0.0,0.0,220.75,268.05,0,0.0,0,0,18-APR-2022,
OPTSTK,GRASIM,30-Jun-2022,1540.0,CE,0.0,0.0,0.0,207.9,253.15,0,0.0,0,0,18-APR-2022,
OPTSTK,GRASIM,30-Jun-2022,1560.0,CE,0.0,0.0,0.0,195.6,238.65,0,0.0,0,0,18-APR-2022,
OPTSTK,GRASIM,30-Jun-2022,1580.0,CE,0.0,0.0,0.0,183.75,224.65,0,0.0,0,0,18-APR-2022,
OPTSTK,GRASIM,30-Jun-2022,1600.0,CE,0.0,0.0,0.0,172.4,211.05,0,0.0,0,0,18-APR-2022,
OPTSTK,GRASIM,30-Jun-2022,1620.0,CE,0.0,0.0,0.0,161.55,198.05,0,0.0,0,0,18-APR-2022,
OPTSTK,GRASIM,30-Jun-2022,1640.0,CE,0.0,0.0,0.0,151.2,185.6,0,0.0,0,0,18-APR-2022,
OPTSTK,GRASIM,30-Jun-2022,1660.0,CE,0.0,0.0,0.0,141.3,173.6,0,0.0,0,0,18-APR-2022,
OPTSTK,GRASIM,30-Jun-2022,1680.0,CE,0.0,0.0,0.0,131.95,162.2,0,0.0,0,0,18-APR-2022,
OPTSTK,GRASIM,30-Jun-2022,1700.0,CE,0.0,0.0,0.0,123.0,151.25,0,0.0,0,0,18-APR-2022,
OPTSTK,GRASIM,30-Jun-2022,1720.0,CE,0.0,0.0,0.0,114.55,140.85,0,0.0,0,0,18-APR-2022,
OPTSTK,GRASIM,30-Jun-2022,1740.0,CE,0.0,0.0,0.0,106.55,131.0,0,0.0,0,0,18-APR-2022,
OPTSTK,GRASIM,30-Jun-2022,1760.0,CE,0.0,0.0,0.0,99.0,121.6,0,0.0,0,0,18-APR-2022,
OPTSTK,GRASIM,30-Jun-2022,1780.0,CE,0.0,0.0,0.0,91.85,112.75,0,0.0,0,0,18-APR-2022,
OPTSTK,GRASIM,30-Jun-2022,1800.0,CE,0.0,0.0,0.0,85.15,104.4,0,0.0,0,0,18-APR-2022,
OPTSTK,GRASIM,30-Jun-2022,1820.0,CE,0.0,0.0,0.0,78.85,96.5,0,0.0,0,0,18-APR-2022,
OPTSTK,GRASIM,30-Jun-2022,1840.0,CE,0.0,0.0,0.0,72.9,89.05,0,0.0,0,0,18-APR-2022,
OPTSTK,GRASIM,30-Jun-2022,1860.0,CE,0.0,0.0,0.0,67.35,82.1,0,0.0,0,0,18-APR-2022,
OPTSTK,GRASIM,30-Jun-2022,1880.0,CE,0.0,0.0,0.0,62.15,75.6,0,0.0,0,0,18-APR-2022,
OPTSTK,GRASIM,30-Jun-2022,1900.0,CE,0.0,0.0,0.0,57.4,69.45,0,0.0,0,0,18-APR-2022,
OPTSTK,GRASIM,30-Jun-2022,1920.0,CE,0.0,0.0,0.0,52.85,63.75,0,0.0,0,0,18-APR-2022,
OPTSTK,GRASIM,30-Jun-2022,1940.0,CE,0.0,0.0,0.0,48.65,58.45,0,0.0,0,0,18-APR-2022,
OPTSTK,GRASIM,30-Jun-2022,1960.0,CE,0.0,0.0,0.0,44.7,53.6,0,0.0,0,0,18-APR-2022,
OPTSTK,GRASIM,30-Jun-2022,1980.0,CE,0.0,0.0,0.0,41.05,49.05,0,0.0,0,0,18-APR-2022,
OPTSTK,GRASIM,30-Jun-2022,2000.0,CE,0.0,0.0,0.0,37.65,44.8,0,0.0,0,0,18-APR-2022,
OPTSTK,GRASIM,30-Jun-2022,2020.0,CE,0.0,0.0,0.0,34.5,40.85,0,0.0,0,0,18-APR-2022,
OPTSTK,GRASIM,30-Jun-2022,2040.0,CE,0.0,0.0,0.0,31.6,37.2,0,0.0,0,0,18-APR-2022,
OPTSTK,GRASIM,30-Jun-2022,2060.0,CE,0.0,0.0,0.0,28.9,33.85,0,0.0,0,0,18-APR-2022,
OPTSTK,GRASIM,30-Jun-2022,2080.0,CE,0.0,0.0,0.0,26.45,30.75,0,0.0,0,0,18-APR-2022,
OPTSTK,GRASIM,30-Jun-2022,2100.0,CE,0.0,0.0,0.0,24.15,27.95,0,0.0,0,0,18-APR-2022,
OPTSTK,GRASIM,30-Jun-2022,2120.0,CE,0.0,0.0,0.0,22.05,25.35,0,0.0,0,0,18-APR-2022,
OPTSTK,GRASIM,30-Jun-2022,2140.0,CE,0.0,0.0,0.0,20.1,22.95,0,0.0,0,0,18-APR-2022,
OPTSTK,GRASIM,30-Jun-2022,2160.0,CE,0.0,0.0,0.0,18.3,20.75,0,0.0,0,0,18-APR-2022,
OPTSTK,GRASIM,30-Jun-2022,2180.0,CE,0.0,0.0,0.0,16.7,18.75,0,0.0,0,0,18-APR-2022,
OPTSTK,GRASIM,30-Jun-2022,2200.0,CE,0.0,0.0,0.0,15.15,16.95,0,0.0,0,0,18-APR-2022,
OPTSTK,GRASIM,30-Jun-2022,2220.0,CE,0.0,0.0,0.0,13.8,15.3,0,0.0,0,0,18-APR-2022,
OPTSTK,GRASIM,30-Jun-2022,1100.0,PE,0.0,0.0,0.0,1.55,0.35,0,0.0,0,0,18-APR-2022,
OPTSTK,GRASIM,30-Jun-2022,1120.0,PE,0.0,0.0,0.0,2.0,0.45,0,0.0,0,0,18-APR-2022,
OPTSTK,GRASIM,30-Jun-2022,1140.0,PE,0.0,0.0,0.0,2.55,0.65,0,0.0,0,0,18-APR-2022,
OPTSTK,GRASIM,30-Jun-2022,1160.0,PE,0.0,0.0,0.0,3.25,0.85,0,0.0,0,0,18-APR-2022,
OPTSTK,GRASIM,30-Jun-2022,1180.0,PE,0.0,0.0,0.0,4.05,1.15,0,0.0,0,0,18-APR-2022,
OPTSTK,GRASIM,30-Jun-2022,1200.0,PE,0.0,0.0,0.0,5.05,1.5,0,0.0,0,0,18-APR-2022,
OPTSTK,GRASIM,30-Jun-2022,1220.0,PE,0.0,0.0,0.0,6.2,1.95,0,0.0,0,0,18-APR-2022,
OPTSTK,GRASIM,30-Jun-2022,1240.0,PE,0.0,0.0,0.0,7.6,2.5,0,0.0,0,0,18-APR-2022,
OPTSTK,GRASIM,30-Jun-2022,1260.0,PE,0.0,0.0,0.0,9.2,3.2,0,0.0,0,0,18-APR-2022,
OPTSTK,GRASIM,30-Jun-2022,1280.0,PE,0.0,0.0,0.0,11.05,4.0,0,0.0,0,0,18-APR-2022,
OPTSTK,GRASIM,30-Jun-2022,1300.0,PE,0.0,0.0,0.0,13.2,5.0,0,0.0,0,0,18-APR-2022,
OPTSTK,GRASIM,30-Jun-2022,1320.0,PE,0.0,0.0,0.0,15.6,6.2,0,0.0,0,0,18-APR-2022,
OPTSTK,GRASIM,30-Jun-2022,1340.0,PE,0.0,0.0,0.0,18.35,7.6,0,0.0,0,0,18-APR-2022,
OPTSTK,GRASIM,30-Jun-2022,1360.0,PE,0.0,0.0,0.0,21.45,9.25,0,0.0,0,0,18-APR-2022,
OPTSTK,GRASIM,30-Jun-2022,1380.0,PE,0.0,0.0,0.0,24.9,11.15,0,0.0,0,0,18-APR-2022,
OPTSTK,GRASIM,30-Jun-2022,1400.0,PE,0.0,0.0,0.0,28.75,13.35,0,0.0,0,0,18-APR-2022,
OPTSTK,GRASIM,30-Jun-2022,1420.0,PE,0.0,0.0,0.0,33.0,15.85,0,0.0,0,0,18-APR-2022,
OPTSTK,GRASIM,30-Jun-2022,1440.0,PE,0.0,0.0,0.0,37.65,18.7,0,0.0,0,0,18-APR-2022,
OPTSTK,GRASIM,30-Jun-2022,1460.0,PE,0.0,0.0,0.0,42.8,21.9,0,0.0,0,0,18-APR-2022,
OPTSTK,GRASIM,30-Jun-2022,1480.0,PE,0.0,0.0,0.0,48.3,25.5,0,0.0,0,0,18-APR-2022,
OPTSTK,GRASIM,30-Jun-2022,1500.0,PE,0.0,0.0,0.0,54.35,29.5,0,0.0,0,0,18-APR-2022,
OPTSTK,GRASIM,30-Jun-2022,1520.0,PE,0.0,0.0,0.0,60.75,33.9,0,0.0,0,0,18-APR-2022,
OPTSTK,GRASIM,30-Jun-2022,1540.0,PE,0.0,0.0,0.0,67.7,38.85,0,0.0,0,0,18-APR-2022,
OPTSTK,GRASIM,30-Jun-2022,1560.0,PE,0.0,0.0,0.0,75.2,44.2,0,0.0,0,0,18-APR-2022,
OPTSTK,GRASIM,30-Jun-2022,1580.0,PE,0.0,0.0,0.0,83.15,50.0,0,0.0,0,0,18-APR-2022,
OPTSTK,GRASIM,30-Jun-2022,1600.0,PE,0.0,0.0,0.0,91.6,56.25,0,0.0,0,0,18-APR-2022,
OPTSTK,GRASIM,30-Jun-2022,1620.0,PE,0.0,0.0,0.0,100.55,63.1,0,0.0,0,0,18-APR-2022,
OPTSTK,GRASIM,30-Jun-2022,1640.0,PE,0.0,0.0,0.0,109.95,70.45,0,0.0,0,0,18-APR-2022,
OPTSTK,GRASIM,30-Jun-2022,1660.0,PE,0.0,0.0,0.0,119.85,78.3,0,0.0,0,0,18-APR-2022,
OPTSTK,GRASIM,30-Jun-2022,1680.0,PE,0.0,0.0,0.0,130.25,86.7,0,0.0,0,0,18-APR-2022,
OPTSTK,GRASIM,30-Jun-2022,1700.0,PE,0.0,0.0,0.0,141.15,95.65,0,0.0,0,0,18-APR-2022,
OPTSTK,GRASIM,30-Jun-2022,1720.0,PE,0.0,0.0,0.0,152.45,105.05,0,0.0,0,0,18-APR-2022,
OPTSTK,GRASIM,30-Jun-2022,1740.0,PE,0.0,0.0,0.0,164.25,115.0,0,0.0,0,0,18-APR-2022,
OPTSTK,GRASIM,30-Jun-2022,1760.0,PE,0.0,0.0,0.0,176.5,125.5,0,0.0,0,0,18-APR-2022,
OPTSTK,GRASIM,30-Jun-2022,1780.0,PE,0.0,0.0,0.0,189.15,136.45,0,0.0,0,0,18-APR-2022,
OPTSTK,GRASIM,30-Jun-2022,1800.0,PE,0.0,0.0,0.0,202.2,147.9,0,0.0,0,0,18-APR-2022,
OPTSTK,GRASIM,30-Jun-2022,1820.0,PE,0.0,0.0,0.0,215.7,159.85,0,0.0,0,0,18-APR-2022,
OPTSTK,GRASIM,30-Jun-2022,1840.0,PE,0.0,0.0,0.0,229.55,172.25,0,0.0,0,0,18-APR-2022,
OPTSTK,GRASIM,30-Jun-2022,1860.0,PE,0.0,0.0,0.0,243.8,185.1,0,0.0,0,0,18-APR-2022,
OPTSTK,GRASIM,30-Jun-2022,1880.0,PE,0.0,0.0,0.0,258.4,198.4,0,0.0,0,0,18-APR-2022,
OPTSTK,GRASIM,30-Jun-2022,1900.0,PE,0.0,0.0,0.0,273.4,212.15,0,0.0,0,0,18-APR-2022,
OPTSTK,GRASIM,30-Jun-2022,1920.0,PE,0.0,0.0,0.0,288.7,226.25,0,0.0,0,0,18-APR-2022,
OPTSTK,GRASIM,30-Jun-2022,1940.0,PE,0.0,0.0,0.0,304.25,240.8,0,0.0,0,0,18-APR-2022,
OPTSTK,GRASIM,30-Jun-2022,1960.0,PE,0.0,0.0,0.0,320.1,255.8,0,0.0,0,0,18-APR-2022,
OPTSTK,GRASIM,30-Jun-2022,1980.0,PE,0.0,0.0,0.0,336.2,271.05,0,0.0,0,0,18-APR-2022,
OPTSTK,GRASIM,30-Jun-2022,2000.0,PE,0.0,0.0,0.0,352.6,286.65,0,0.0,0,0,18-APR-2022,
OPTSTK,GRASIM,30-Jun-2022,2020.0,PE,0.0,0.0,0.0,369.25,302.5,0,0.0,0,0,18-APR-2022,
OPTSTK,GRASIM,30-Jun-2022,2040.0,PE,0.0,0.0,0.0,386.15,318.7,0,0.0,0,0,18-APR-2022,
OPTSTK,GRASIM,30-Jun-2022,2060.0,PE,0.0,0.0,0.0,403.25,335.15,0,0.0,0,0,18-APR-2022,
OPTSTK,GRASIM,30-Jun-2022,2080.0,PE,0.0,0.0,0.0,420.55,351.9,0,0.0,0,0,18-APR-2022,
OPTSTK,GRASIM,30-Jun-2022,2100.0,PE,0.0,0.0,0.0,438.05,368.9,0,0.0,0,0,18-APR-2022,
OPTSTK,GRASIM,30-Jun-2022,2120.0,PE,0.0,0.0,0.0,455.75,386.15,0,0.0,0,0,18-APR-2022,
OPTSTK,GRASIM,30-Jun-2022,2140.0,PE,0.0,0.0,0.0,473.6,403.6,0,0.0,0,0,18-APR-2022,
OPTSTK,GRASIM,30-Jun-2022,2160.0,PE,0.0,0.0,0.0,491.6,421.25,0,0.0,0,0,18-APR-2022,
OPTSTK,GRASIM,30-Jun-2022,2180.0,PE,0.0,0.0,0.0,509.75,439.05,0,0.0,0,0,18-APR-2022,
OPTSTK,GRASIM,30-Jun-2022,2200.0,PE,0.0,0.0,0.0,528.05,457.1,0,0.0,0,0,18-APR-2022,
OPTSTK,GRASIM,30-Jun-2022,2220.0,PE,0.0,0.0,0.0,546.45,475.25,0,0.0,0,0,18-APR-2022,
OPTSTK,GSPL,28-Apr-2022,190.0,CE,0.0,0.0,0.0,107.0,84.25,0,0.0,0,0,18-APR-2022,
OPTSTK,GSPL,28-Apr-2022,195.0,CE,0.0,0.0,0.0,102.15,79.25,0,0.0,0,0,18-APR-2022,
OPTSTK,GSPL,28-Apr-2022,200.0,CE,0.0,0.0,0.0,97.35,74.25,0,0.0,0,0,18-APR-2022,
OPTSTK,GSPL,28-Apr-2022,205.0,CE,0.0,0.0,0.0,92.55,69.25,0,0.0,0,0,18-APR-2022,
OPTSTK,GSPL,28-Apr-2022,210.0,CE,0.0,0.0,0.0,87.85,64.25,0,0.0,0,0,18-APR-2022,
OPTSTK,GSPL,28-Apr-2022,215.0,CE,0.0,0.0,0.0,83.2,59.25,0,0.0,0,0,18-APR-2022,
OPTSTK,GSPL,28-Apr-2022,220.0,CE,0.0,0.0,0.0,78.65,54.25,0,0.0,0,0,18-APR-2022,
OPTSTK,GSPL,28-Apr-2022,225.0,CE,0.0,0.0,0.0,74.15,49.3,0,0.0,0,0,18-APR-2022,
OPTSTK,GSPL,28-Apr-2022,230.0,CE,0.0,0.0,0.0,69.75,44.3,0,0.0,0,0,18-APR-2022,
OPTSTK,GSPL,28-Apr-2022,235.0,CE,0.0,0.0,0.0,65.5,39.35,0,0.0,0,0,18-APR-2022,
OPTSTK,GSPL,28-Apr-2022,240.0,CE,0.0,0.0,0.0,61.3,34.5,0,0.0,0,0,18-APR-2022,
OPTSTK,GSPL,28-Apr-2022,245.0,CE,0.0,0.0,0.0,57.25,29.7,0,0.0,0,0,18-APR-2022,
OPTSTK,GSPL,28-Apr-2022,250.0,CE,0.0,0.0,0.0,53.35,25.1,0,0.0,0,0,18-APR-2022,
OPTSTK,GSPL,28-Apr-2022,255.0,CE,0.0,0.0,0.0,49.6,20.75,0,0.0,0,0,18-APR-2022,
OPTSTK,GSPL,28-Apr-2022,260.0,CE,0.0,0.0,0.0,31.55,16.7,0,0.0,32300,0,18-APR-2022,
OPTSTK,GSPL,28-Apr-2022,265.0,CE,0.0,0.0,0.0,16.6,13.1,0,0.0,1700,0,18-APR-2022,
OPTSTK,GSPL,28-Apr-2022,270.0,CE,11.0,11.05,10.4,11.05,10.0,6,28.64,86700,-1700,18-APR-2022,
OPTSTK,GSPL,28-Apr-2022,275.0,CE,0.0,0.0,0.0,16.7,7.35,0,0.0,34000,0,18-APR-2022,
OPTSTK,GSPL,28-Apr-2022,280.0,CE,11.15,11.15,4.8,5.4,5.4,15,73.4,69700,1700,18-APR-2022,
OPTSTK,GSPL,28-Apr-2022,285.0,CE,7.0,7.0,4.55,4.55,3.65,10,49.43,52700,0,18-APR-2022,
OPTSTK,GSPL,28-Apr-2022,290.0,CE,3.95,6.65,3.6,3.8,3.8,166,831.51,391000,-20400,18-APR-2022,
OPTSTK,GSPL,28-Apr-2022,295.0,CE,6.2,6.2,2.65,2.65,1.6,4,20.31,30600,-1700,18-APR-2022,
OPTSTK,GSPL,28-Apr-2022,300.0,CE,1.85,3.5,1.6,1.95,1.95,64,329.03,231200,1700,18-APR-2022,
OPTSTK,GSPL,28-Apr-2022,305.0,CE,0.0,0.0,0.0,20.95,0.6,0,0.0,0,0,18-APR-2022,
OPTSTK,GSPL,28-Apr-2022,310.0,CE,1.25,1.25,1.25,1.25,0.35,1,5.29,47600,-1700,18-APR-2022,
OPTSTK,GSPL,28-Apr-2022,315.0,CE,0.0,0.0,0.0,17.15,0.2,0,0.0,0,0,18-APR-2022,
OPTSTK,GSPL,28-Apr-2022,320.0,CE,0.85,0.85,0.6,0.65,0.65,5,27.25,27200,-1700,18-APR-2022,
OPTSTK,GSPL,28-Apr-2022,325.0,CE,0.0,0.0,0.0,13.9,0.05,0,0.0,0,0,18-APR-2022,
OPTSTK,GSPL,28-Apr-2022,330.0,CE,0.7,0.7,0.6,0.65,0.65,3,16.86,23800,-1700,18-APR-2022,
OPTSTK,GSPL,28-Apr-2022,335.0,CE,0.0,0.0,0.0,11.25,0.05,0,0.0,0,0,18-APR-2022,
OPTSTK,GSPL,28-Apr-2022,340.0,CE,0.0,0.0,0.0,10.05,0.05,0,0.0,0,0,18-APR-2022,
OPTSTK,GSPL,28-Apr-2022,345.0,CE,0.0,0.0,0.0,9.0,0.0,0,0.0,0,0,18-APR-2022,
OPTSTK,GSPL,28-Apr-2022,350.0,CE,0.0,0.0,0.0,0.25,0.0,0,0.0,3400,0,18-APR-2022,
OPTSTK,GSPL,28-Apr-2022,355.0,CE,0.0,0.0,0.0,7.15,0.0,0,0.0,0,0,18-APR-2022,
OPTSTK,GSPL,28-Apr-2022,360.0,CE,0.0,0.0,0.0,6.35,0.0,0,0.0,0,0,18-APR-2022,
OPTSTK,GSPL,28-Apr-2022,365.0,CE,0.0,0.0,0.0,5.65,0.0,0,0.0,0,0,18-APR-2022,
OPTSTK,GSPL,28-Apr-2022,370.0,CE,0.0,0.0,0.0,5.0,0.0,0,0.0,0,0,18-APR-2022,
OPTSTK,GSPL,28-Apr-2022,375.0,CE,0.0,0.0,0.0,4.4,0.0,0,0.0,0,0,18-APR-2022,
OPTSTK,GSPL,28-Apr-2022,380.0,CE,0.0,0.0,0.0,3.9,0.0,0,0.0,0,0,18-APR-2022,
OPTSTK,GSPL,28-Apr-2022,385.0,CE,0.0,0.0,0.0,3.45,0.0,0,0.0,0,0,18-APR-2022,
OPTSTK,GSPL,28-Apr-2022,390.0,CE,0.0,0.0,0.0,3.05,0.0,0,0.0,0,0,18-APR-2022,
OPTSTK,GSPL,28-Apr-2022,190.0,PE,0.0,0.0,0.0,0.25,0.0,0,0.0,0,0,18-APR-2022,
OPTSTK,GSPL,28-Apr-2022,195.0,PE,0.0,0.0,0.0,0.1,0.0,0,0.0,1700,0,18-APR-2022,
OPTSTK,GSPL,28-Apr-2022,200.0,PE,0.0,0.0,0.0,0.7,0.0,0,0.0,1700,0,18-APR-2022,
OPTSTK,GSPL,28-Apr-2022,205.0,PE,0.0,0.0,0.0,0.7,0.0,0,0.0,0,0,18-APR-2022,
OPTSTK,GSPL,28-Apr-2022,210.0,PE,0.0,0.0,0.0,0.9,0.0,0,0.0,0,0,18-APR-2022,
OPTSTK,GSPL,28-Apr-2022,215.0,PE,0.0,0.0,0.0,1.25,0.0,0,0.0,0,0,18-APR-2022,
OPTSTK,GSPL,28-Apr-2022,220.0,PE,0.0,0.0,0.0,1.6,0.0,0,0.0,0,0,18-APR-2022,
OPTSTK,GSPL,28-Apr-2022,225.0,PE,0.0,0.0,0.0,2.05,0.05,0,0.0,0,0,18-APR-2022,
OPTSTK,GSPL,28-Apr-2022,230.0,PE,0.0,0.0,0.0,2.6,0.05,0,0.0,0,0,18-APR-2022,
OPTSTK,GSPL,28-Apr-2022,235.0,PE,0.0,0.0,0.0,3.3,0.1,0,0.0,0,0,18-APR-2022,
OPTSTK,GSPL,28-Apr-2022,240.0,PE,0.75,0.75,0.75,0.75,0.2,1,4.09,17000,-1700,18-APR-2022,
OPTSTK,GSPL,28-Apr-2022,245.0,PE,0.0,0.0,0.0,4.95,0.45,0,0.0,0,0,18-APR-2022,
OPTSTK,GSPL,28-Apr-2022,250.0,PE,1.25,2.0,0.95,1.5,1.5,8,34.18,49300,-3400,18-APR-2022,
OPTSTK,GSPL,28-Apr-2022,255.0,PE,0.0,0.0,0.0,4.0,1.45,0,0.0,1700,0,18-APR-2022,
OPTSTK,GSPL,28-Apr-2022,260.0,PE,2.65,4.5,2.65,3.2,3.2,4,17.91,42500,3400,18-APR-2022,
OPTSTK,GSPL,28-Apr-2022,265.0,PE,0.0,0.0,0.0,10.05,3.8,0,0.0,0,0,18-APR-2022,
OPTSTK,GSPL,28-Apr-2022,270.0,PE,6.2,7.25,5.0,5.6,5.6,10,46.93,62900,-1700,18-APR-2022,
OPTSTK,GSPL,28-Apr-2022,275.0,PE,0.0,0.0,0.0,8.8,8.05,0,0.0,3400,0,18-APR-2022,
OPTSTK,GSPL,28-Apr-2022,280.0,PE,10.3,13.2,9.9,13.2,10.95,4,19.82,34000,0,18-APR-2022,
OPTSTK,GSPL,28-Apr-2022,285.0,PE,0.0,0.0,0.0,13.0,14.3,0,0.0,1700,0,18-APR-2022,
OPTSTK,GSPL,28-Apr-2022,290.0,PE,0.0,0.0,0.0,15.05,18.1,0,0.0,1700,0,18-APR-2022,
OPTSTK,GSPL,28-Apr-2022,295.0,PE,0.0,0.0,0.0,22.5,22.25,0,0.0,0,0,18-APR-2022,
OPTSTK,GSPL,28-Apr-2022,300.0,PE,0.0,0.0,0.0,17.6,26.65,0,0.0,3400,0,18-APR-2022,
OPTSTK,GSPL,28-Apr-2022,305.0,PE,0.0,0.0,0.0,28.0,31.25,0,0.0,0,0,18-APR-2022,
OPTSTK,GSPL,28-Apr-2022,310.0,PE,0.0,0.0,0.0,31.0,36.0,0,0.0,0,0,18-APR-2022,
OPTSTK,GSPL,28-Apr-2022,315.0,PE,0.0,0.0,0.0,34.1,40.85,0,0.0,0,0,18-APR-2022,
OPTSTK,GSPL,28-Apr-2022,320.0,PE,0.0,0.0,0.0,37.4,45.75,0,0.0,0,0,18-APR-2022,
OPTSTK,GSPL,28-Apr-2022,325.0,PE,0.0,0.0,0.0,40.8,50.7,0,0.0,0,0,18-APR-2022,
OPTSTK,GSPL,28-Apr-2022,330.0,PE,0.0,0.0,0.0,44.3,55.7,0,0.0,0,0,18-APR-2022,
OPTSTK,GSPL,28-Apr-2022,335.0,PE,0.0,0.0,0.0,48.0,60.65,0,0.0,0,0,18-APR-2022,
OPTSTK,GSPL,28-Apr-2022,340.0,PE,0.0,0.0,0.0,51.75,65.65,0,0.0,0,0,18-APR-2022,
OPTSTK,GSPL,28-Apr-2022,345.0,PE,0.0,0.0,0.0,55.65,70.65,0,0.0,0,0,18-APR-2022,
OPTSTK,GSPL,28-Apr-2022,350.0,PE,0.0,0.0,0.0,59.6,75.65,0,0.0,0,0,18-APR-2022,
OPTSTK,GSPL,28-Apr-2022,355.0,PE,0.0,0.0,0.0,63.7,80.6,0,0.0,0,0,18-APR-2022,
OPTSTK,GSPL,28-Apr-2022,360.0,PE,0.0,0.0,0.0,67.85,85.6,0,0.0,0,0,18-APR-2022,
OPTSTK,GSPL,28-Apr-2022,365.0,PE,0.0,0.0,0.0,72.1,90.6,0,0.0,0,0,18-APR-2022,
OPTSTK,GSPL,28-Apr-2022,370.0,PE,0.0,0.0,0.0,76.4,95.6,0,0.0,0,0,18-APR-2022,
OPTSTK,GSPL,28-Apr-2022,375.0,PE,0.0,0.0,0.0,80.75,100.6,0,0.0,0,0,18-APR-2022,
OPTSTK,GSPL,28-Apr-2022,380.0,PE,0.0,0.0,0.0,85.2,105.6,0,0.0,0,0,18-APR-2022,
OPTSTK,GSPL,28-Apr-2022,385.0,PE,0.0,0.0,0.0,89.7,110.6,0,0.0,0,0,18-APR-2022,
OPTSTK,GSPL,28-Apr-2022,390.0,PE,0.0,0.0,0.0,94.2,115.6,0,0.0,0,0,18-APR-2022,
OPTSTK,GSPL,26-May-2022,190.0,CE,0.0,0.0,0.0,82.4,84.9,0,0.0,0,0,18-APR-2022,
OPTSTK,GSPL,26-May-2022,195.0,CE,0.0,0.0,0.0,77.7,79.95,0,0.0,0,0,18-APR-2022,
OPTSTK,GSPL,26-May-2022,200.0,CE,0.0,0.0,0.0,73.1,75.0,0,0.0,0,0,18-APR-2022,
OPTSTK,GSPL,26-May-2022,205.0,CE,0.0,0.0,0.0,68.6,70.1,0,0.0,0,0,18-APR-2022,
OPTSTK,GSPL,26-May-2022,210.0,CE,0.0,0.0,0.0,64.2,65.25,0,0.0,0,0,18-APR-2022,
OPTSTK,GSPL,26-May-2022,215.0,CE,0.0,0.0,0.0,59.9,60.45,0,0.0,0,0,18-APR-2022,
OPTSTK,GSPL,26-May-2022,220.0,CE,0.0,0.0,0.0,55.75,55.7,0,0.0,0,0,18-APR-2022,
OPTSTK,GSPL,26-May-2022,225.0,CE,0.0,0.0,0.0,51.75,51.1,0,0.0,0,0,18-APR-2022,
OPTSTK,GSPL,26-May-2022,230.0,CE,0.0,0.0,0.0,47.9,46.55,0,0.0,0,0,18-APR-2022,
OPTSTK,GSPL,26-May-2022,235.0,CE,0.0,0.0,0.0,44.2,42.2,0,0.0,0,0,18-APR-2022,
OPTSTK,GSPL,26-May-2022,240.0,CE,0.0,0.0,0.0,40.65,38.0,0,0.0,0,0,18-APR-2022,
OPTSTK,GSPL,26-May-2022,245.0,CE,0.0,0.0,0.0,37.25,34.0,0,0.0,0,0,18-APR-2022,
OPTSTK,GSPL,26-May-2022,250.0,CE,0.0,0.0,0.0,34.1,30.2,0,0.0,0,0,18-APR-2022,
OPTSTK,GSPL,26-May-2022,255.0,CE,0.0,0.0,0.0,31.1,26.65,0,0.0,0,0,18-APR-2022,
OPTSTK,GSPL,26-May-2022,260.0,CE,0.0,0.0,0.0,28.25,23.35,0,0.0,0,0,18-APR-2022,
OPTSTK,GSPL,26-May-2022,265.0,CE,0.0,0.0,0.0,25.65,20.35,0,0.0,0,0,18-APR-2022,
OPTSTK,GSPL,26-May-2022,270.0,CE,0.0,0.0,0.0,22.0,17.55,0,0.0,1700,0,18-APR-2022,
OPTSTK,GSPL,26-May-2022,275.0,CE,0.0,0.0,0.0,20.9,15.05,0,0.0,0,0,18-APR-2022,
OPTSTK,GSPL,26-May-2022,280.0,CE,0.0,0.0,0.0,18.8,12.85,0,0.0,0,0,18-APR-2022,
OPTSTK,GSPL,26-May-2022,285.0,CE,0.0,0.0,0.0,16.9,10.85,0,0.0,0,0,18-APR-2022,
OPTSTK,GSPL,26-May-2022,290.0,CE,0.0,0.0,0.0,20.0,9.1,0,0.0,6800,0,18-APR-2022,
OPTSTK,GSPL,26-May-2022,295.0,CE,0.0,0.0,0.0,13.5,7.6,0,0.0,0,0,18-APR-2022,
OPTSTK,GSPL,26-May-2022,300.0,CE,9.0,9.0,7.25,7.25,7.25,2,10.47,5100,3400,18-APR-2022,
OPTSTK,GSPL,26-May-2022,305.0,CE,0.0,0.0,0.0,10.65,5.2,0,0.0,0,0,18-APR-2022,
OPTSTK,GSPL,26-May-2022,310.0,CE,0.0,0.0,0.0,9.5,4.25,0,0.0,0,0,18-APR-2022,
OPTSTK,GSPL,26-May-2022,315.0,CE,0.0,0.0,0.0,8.4,3.45,0,0.0,0,0,18-APR-2022,
OPTSTK,GSPL,26-May-2022,320.0,CE,0.0,0.0,0.0,7.4,2.8,0,0.0,0,0,18-APR-2022,
OPTSTK,GSPL,26-May-2022,325.0,CE,0.0,0.0,0.0,6.55,2.25,0,0.0,0,0,18-APR-2022,
OPTSTK,GSPL,26-May-2022,330.0,CE,0.0,0.0,0.0,5.75,1.8,0,0.0,0,0,18-APR-2022,
OPTSTK,GSPL,26-May-2022,335.0,CE,0.0,0.0,0.0,5.05,1.4,0,0.0,0,0,18-APR-2022,
OPTSTK,GSPL,26-May-2022,340.0,CE,0.0,0.0,0.0,4.4,1.15,0,0.0,0,0,18-APR-2022,
OPTSTK,GSPL,26-May-2022,345.0,CE,0.0,0.0,0.0,3.85,0.9,0,0.0,0,0,18-APR-2022,
OPTSTK,GSPL,26-May-2022,350.0,CE,0.0,0.0,0.0,3.4,0.7,0,0.0,0,0,18-APR-2022,
OPTSTK,GSPL,26-May-2022,355.0,CE,0.0,0.0,0.0,2.95,0.55,0,0.0,0,0,18-APR-2022,
OPTSTK,GSPL,26-May-2022,360.0,CE,0.0,0.0,0.0,2.55,0.4,0,0.0,0,0,18-APR-2022,
OPTSTK,GSPL,26-May-2022,365.0,CE,0.0,0.0,0.0,2.25,0.35,0,0.0,0,0,18-APR-2022,
OPTSTK,GSPL,26-May-2022,370.0,CE,0.0,0.0,0.0,1.95,0.25,0,0.0,0,0,18-APR-2022,
OPTSTK,GSPL,26-May-2022,375.0,CE,0.0,0.0,0.0,1.7,0.2,0,0.0,0,0,18-APR-2022,
OPTSTK,GSPL,26-May-2022,380.0,CE,0.0,0.0,0.0,1.45,0.15,0,0.0,0,0,18-APR-2022,
OPTSTK,GSPL,26-May-2022,385.0,CE,0.0,0.0,0.0,1.25,0.1,0,0.0,0,0,18-APR-2022,
OPTSTK,GSPL,26-May-2022,390.0,CE,0.0,0.0,0.0,1.1,0.1,0,0.0,0,0,18-APR-2022,
OPTSTK,GSPL,26-May-2022,190.0,PE,0.0,0.0,0.0,0.75,0.05,0,0.0,0,0,18-APR-2022,
OPTSTK,GSPL,26-May-2022,195.0,PE,0.0,0.0,0.0,1.0,0.1,0,0.0,0,0,18-APR-2022,
OPTSTK,GSPL,26-May-2022,200.0,PE,0.0,0.0,0.0,1.4,0.15,0,0.0,0,0,18-APR-2022,
OPTSTK,GSPL,26-May-2022,205.0,PE,0.0,0.0,0.0,1.8,0.2,0,0.0,0,0,18-APR-2022,
OPTSTK,GSPL,26-May-2022,210.0,PE,0.0,0.0,0.0,2.35,0.3,0,0.0,0,0,18-APR-2022,
OPTSTK,GSPL,26-May-2022,215.0,PE,0.0,0.0,0.0,3.0,0.5,0,0.0,0,0,18-APR-2022,
OPTSTK,GSPL,26-May-2022,220.0,PE,0.0,0.0,0.0,3.8,0.75,0,0.0,0,0,18-APR-2022,
OPTSTK,GSPL,26-May-2022,225.0,PE,0.0,0.0,0.0,4.75,1.1,0,0.0,0,0,18-APR-2022,
OPTSTK,GSPL,26-May-2022,230.0,PE,0.0,0.0,0.0,5.8,1.55,0,0.0,0,0,18-APR-2022,
OPTSTK,GSPL,26-May-2022,235.0,PE,0.0,0.0,0.0,7.05,2.15,0,0.0,0,0,18-APR-2022,
OPTSTK,GSPL,26-May-2022,240.0,PE,0.0,0.0,0.0,8.45,2.95,0,0.0,0,0,18-APR-2022,
OPTSTK,GSPL,26-May-2022,245.0,PE,0.0,0.0,0.0,10.05,3.9,0,0.0,0,0,18-APR-2022,
OPTSTK,GSPL,26-May-2022,250.0,PE,0.0,0.0,0.0,4.85,5.1,0,0.0,3400,0,18-APR-2022,
OPTSTK,GSPL,26-May-2022,255.0,PE,0.0,0.0,0.0,13.75,6.55,0,0.0,0,0,18-APR-2022,
OPTSTK,GSPL,26-May-2022,260.0,PE,0.0,0.0,0.0,18.8,8.2,0,0.0,6800,0,18-APR-2022,
OPTSTK,GSPL,26-May-2022,265.0,PE,0.0,0.0,0.0,18.2,10.15,0,0.0,0,0,18-APR-2022,
OPTSTK,GSPL,26-May-2022,270.0,PE,0.0,0.0,0.0,20.6,12.4,0,0.0,1700,0,18-APR-2022,
OPTSTK,GSPL,26-May-2022,275.0,PE,0.0,0.0,0.0,23.4,14.85,0,0.0,0,0,18-APR-2022,
OPTSTK,GSPL,26-May-2022,280.0,PE,0.0,0.0,0.0,13.0,17.6,0,0.0,1700,0,18-APR-2022,
OPTSTK,GSPL,26-May-2022,285.0,PE,0.0,0.0,0.0,29.25,20.6,0,0.0,0,0,18-APR-2022,
OPTSTK,GSPL,26-May-2022,290.0,PE,0.0,0.0,0.0,32.4,23.85,0,0.0,0,0,18-APR-2022,
OPTSTK,GSPL,26-May-2022,295.0,PE,0.0,0.0,0.0,35.75,27.3,0,0.0,0,0,18-APR-2022,
OPTSTK,GSPL,26-May-2022,300.0,PE,0.0,0.0,0.0,40.0,31.0,0,0.0,1700,0,18-APR-2022,
OPTSTK,GSPL,26-May-2022,305.0,PE,0.0,0.0,0.0,42.85,34.85,0,0.0,0,0,18-APR-2022,
OPTSTK,GSPL,26-May-2022,310.0,PE,0.0,0.0,0.0,46.6,38.9,0,0.0,0,0,18-APR-2022,
OPTSTK,GSPL,26-May-2022,315.0,PE,0.0,0.0,0.0,50.45,43.05,0,0.0,0,0,18-APR-2022,
OPTSTK,GSPL,26-May-2022,320.0,PE,0.0,0.0,0.0,54.4,47.4,0,0.0,0,0,18-APR-2022,
OPTSTK,GSPL,26-May-2022,325.0,PE,0.0,0.0,0.0,58.5,51.8,0,0.0,0,0,18-APR-2022,
OPTSTK,GSPL,26-May-2022,330.0,PE,0.0,0.0,0.0,62.65,56.35,0,0.0,0,0,18-APR-2022,
OPTSTK,GSPL,26-May-2022,335.0,PE,0.0,0.0,0.0,66.9,60.95,0,0.0,0,0,18-APR-2022,
OPTSTK,GSPL,26-May-2022,340.0,PE,0.0,0.0,0.0,71.2,65.6,0,0.0,0,0,18-APR-2022,
OPTSTK,GSPL,26-May-2022,345.0,PE,0.0,0.0,0.0,75.6,70.35,0,0.0,0,0,18-APR-2022,
OPTSTK,GSPL,26-May-2022,350.0,PE,0.0,0.0,0.0,80.05,75.15,0,0.0,0,0,18-APR-2022,
OPTSTK,GSPL,26-May-2022,355.0,PE,0.0,0.0,0.0,84.6,80.0,0,0.0,0,0,18-APR-2022,
OPTSTK,GSPL,26-May-2022,360.0,PE,0.0,0.0,0.0,89.15,84.85,0,0.0,0,0,18-APR-2022,
OPTSTK,GSPL,26-May-2022,365.0,PE,0.0,0.0,0.0,93.75,89.7,0,0.0,0,0,18-APR-2022,
OPTSTK,GSPL,26-May-2022,370.0,PE,0.0,0.0,0.0,98.4,94.6,0,0.0,0,0,18-APR-2022,
OPTSTK,GSPL,26-May-2022,375.0,PE,0.0,0.0,0.0,103.1,99.55,0,0.0,0,0,18-APR-2022,
OPTSTK,GSPL,26-May-2022,380.0,PE,0.0,0.0,0.0,107.85,104.5,0,0.0,0,0,18-APR-2022,
OPTSTK,GSPL,26-May-2022,385.0,PE,0.0,0.0,0.0,112.6,109.4,0,0.0,0,0,18-APR-2022,
OPTSTK,GSPL,26-May-2022,390.0,PE,0.0,0.0,0.0,117.35,114.4,0,0.0,0,0,18-APR-2022,
OPTSTK,GSPL,30-Jun-2022,190.0,CE,0.0,0.0,0.0,72.4,86.0,0,0.0,0,0,18-APR-2022,
OPTSTK,GSPL,30-Jun-2022,195.0,CE,0.0,0.0,0.0,67.9,81.25,0,0.0,0,0,18-APR-2022,
OPTSTK,GSPL,30-Jun-2022,200.0,CE,0.0,0.0,0.0,63.5,76.5,0,0.0,0,0,18-APR-2022,
OPTSTK,GSPL,30-Jun-2022,205.0,CE,0.0,0.0,0.0,59.2,71.85,0,0.0,0,0,18-APR-2022,
OPTSTK,GSPL,30-Jun-2022,210.0,CE,0.0,0.0,0.0,55.05,67.3,0,0.0,0,0,18-APR-2022,
OPTSTK,GSPL,30-Jun-2022,215.0,CE,0.0,0.0,0.0,51.05,62.85,0,0.0,0,0,18-APR-2022,
OPTSTK,GSPL,30-Jun-2022,220.0,CE,0.0,0.0,0.0,47.2,58.5,0,0.0,0,0,18-APR-2022,
OPTSTK,GSPL,30-Jun-2022,225.0,CE,0.0,0.0,0.0,43.5,54.25,0,0.0,0,0,18-APR-2022,
OPTSTK,GSPL,30-Jun-2022,230.0,CE,0.0,0.0,0.0,40.0,50.15,0,0.0,0,0,18-APR-2022,
OPTSTK,GSPL,30-Jun-2022,235.0,CE,0.0,0.0,0.0,36.65,46.25,0,0.0,0,0,18-APR-2022,
OPTSTK,GSPL,30-Jun-2022,240.0,CE,0.0,0.0,0.0,33.45,42.5,0,0.0,0,0,18-APR-2022,
OPTSTK,GSPL,30-Jun-2022,245.0,CE,0.0,0.0,0.0,30.5,38.9,0,0.0,0,0,18-APR-2022,
OPTSTK,GSPL,30-Jun-2022,250.0,CE,0.0,0.0,0.0,27.7,35.45,0,0.0,0,0,18-APR-2022,
OPTSTK,GSPL,30-Jun-2022,255.0,CE,0.0,0.0,0.0,25.1,32.25,0,0.0,0,0,18-APR-2022,
OPTSTK,GSPL,30-Jun-2022,260.0,CE,0.0,0.0,0.0,22.7,29.25,0,0.0,0,0,18-APR-2022,
OPTSTK,GSPL,30-Jun-2022,265.0,CE,0.0,0.0,0.0,20.45,26.4,0,0.0,0,0,18-APR-2022,
OPTSTK,GSPL,30-Jun-2022,270.0,CE,0.0,0.0,0.0,18.4,23.8,0,0.0,0,0,18-APR-2022,
OPTSTK,GSPL,30-Jun-2022,275.0,CE,0.0,0.0,0.0,16.5,21.35,0,0.0,0,0,18-APR-2022,
OPTSTK,GSPL,30-Jun-2022,280.0,CE,0.0,0.0,0.0,14.75,19.1,0,0.0,0,0,18-APR-2022,
OPTSTK,GSPL,30-Jun-2022,285.0,CE,0.0,0.0,0.0,13.15,17.05,0,0.0,0,0,18-APR-2022,
OPTSTK,GSPL,30-Jun-2022,290.0,CE,0.0,0.0,0.0,11.7,15.15,0,0.0,0,0,18-APR-2022,
OPTSTK,GSPL,30-Jun-2022,295.0,CE,0.0,0.0,0.0,10.4,13.45,0,0.0,0,0,18-APR-2022,
OPTSTK,GSPL,30-Jun-2022,300.0,CE,0.0,0.0,0.0,9.25,11.85,0,0.0,0,0,18-APR-2022,
OPTSTK,GSPL,30-Jun-2022,305.0,CE,0.0,0.0,0.0,8.15,10.45,0,0.0,0,0,18-APR-2022,
OPTSTK,GSPL,30-Jun-2022,310.0,CE,0.0,0.0,0.0,7.2,9.2,0,0.0,0,0,18-APR-2022,
OPTSTK,GSPL,30-Jun-2022,315.0,CE,0.0,0.0,0.0,6.35,8.1,0,0.0,0,0,18-APR-2022,
OPTSTK,GSPL,30-Jun-2022,320.0,CE,0.0,0.0,0.0,5.6,7.05,0,0.0,0,0,18-APR-2022,
OPTSTK,GSPL,30-Jun-2022,325.0,CE,0.0,0.0,0.0,4.9,6.15,0,0.0,0,0,18-APR-2022,
OPTSTK,GSPL,30-Jun-2022,330.0,CE,0.0,0.0,0.0,4.3,5.35,0,0.0,0,0,18-APR-2022,
OPTSTK,GSPL,30-Jun-2022,335.0,CE,0.0,0.0,0.0,3.75,4.65,0,0.0,0,0,18-APR-2022,
OPTSTK,GSPL,30-Jun-2022,340.0,CE,0.0,0.0,0.0,3.3,4.05,0,0.0,0,0,18-APR-2022,
OPTSTK,GSPL,30-Jun-2022,345.0,CE,0.0,0.0,0.0,2.85,3.5,0,0.0,0,0,18-APR-2022,
OPTSTK,GSPL,30-Jun-2022,350.0,CE,0.0,0.0,0.0,2.5,3.0,0,0.0,0,0,18-APR-2022,
OPTSTK,GSPL,30-Jun-2022,355.0,CE,0.0,0.0,0.0,2.15,2.6,0,0.0,0,0,18-APR-2022,
OPTSTK,GSPL,30-Jun-2022,360.0,CE,0.0,0.0,0.0,1.9,2.25,0,0.0,0,0,18-APR-2022,
OPTSTK,GSPL,30-Jun-2022,365.0,CE,0.0,0.0,0.0,1.65,1.9,0,0.0,0,0,18-APR-2022,
OPTSTK,GSPL,30-Jun-2022,370.0,CE,0.0,0.0,0.0,1.4,1.65,0,0.0,0,0,18-APR-2022,
OPTSTK,GSPL,30-Jun-2022,190.0,PE,0.0,0.0,0.0,1.35,0.4,0,0.0,0,0,18-APR-2022,
OPTSTK,GSPL,30-Jun-2022,195.0,PE,0.0,0.0,0.0,1.8,0.6,0,0.0,0,0,18-APR-2022,
OPTSTK,GSPL,30-Jun-2022,200.0,PE,0.0,0.0,0.0,2.35,0.8,0,0.0,0,0,18-APR-2022,
OPTSTK,GSPL,30-Jun-2022,205.0,PE,0.0,0.0,0.0,3.0,1.15,0,0.0,0,0,18-APR-2022,
OPTSTK,GSPL,30-Jun-2022,210.0,PE,0.0,0.0,0.0,3.8,1.5,0,0.0,0,0,18-APR-2022,
OPTSTK,GSPL,30-Jun-2022,215.0,PE,0.0,0.0,0.0,4.75,2.0,0,0.0,0,0,18-APR-2022,
OPTSTK,GSPL,30-Jun-2022,220.0,PE,0.0,0.0,0.0,5.85,2.6,0,0.0,0,0,18-APR-2022,
OPTSTK,GSPL,30-Jun-2022,225.0,PE,0.0,0.0,0.0,7.1,3.35,0,0.0,0,0,18-APR-2022,
OPTSTK,GSPL,30-Jun-2022,230.0,PE,0.0,0.0,0.0,8.5,4.2,0,0.0,0,0,18-APR-2022,
OPTSTK,GSPL,30-Jun-2022,235.0,PE,0.0,0.0,0.0,10.1,5.25,0,0.0,0,0,18-APR-2022,
OPTSTK,GSPL,30-Jun-2022,240.0,PE,0.0,0.0,0.0,11.9,6.45,0,0.0,0,0,18-APR-2022,
OPTSTK,GSPL,30-Jun-2022,245.0,PE,0.0,0.0,0.0,13.85,7.8,0,0.0,0,0,18-APR-2022,
OPTSTK,GSPL,30-Jun-2022,250.0,PE,0.0,0.0,0.0,16.05,9.35,0,0.0,0,0,18-APR-2022,
OPTSTK,GSPL,30-Jun-2022,255.0,PE,0.0,0.0,0.0,18.4,11.1,0,0.0,0,0,18-APR-2022,
OPTSTK,GSPL,30-Jun-2022,260.0,PE,0.0,0.0,0.0,20.9,13.05,0,0.0,0,0,18-APR-2022,
OPTSTK,GSPL,30-Jun-2022,265.0,PE,0.0,0.0,0.0,23.6,15.15,0,0.0,0,0,18-APR-2022,
OPTSTK,GSPL,30-Jun-2022,270.0,PE,0.0,0.0,0.0,26.5,17.5,0,0.0,0,0,18-APR-2022,
OPTSTK,GSPL,30-Jun-2022,275.0,PE,0.0,0.0,0.0,29.55,20.0,0,0.0,0,0,18-APR-2022,
OPTSTK,GSPL,30-Jun-2022,280.0,PE,0.0,0.0,0.0,32.75,22.75,0,0.0,0,0,18-APR-2022,
OPTSTK,GSPL,30-Jun-2022,285.0,PE,0.0,0.0,0.0,36.1,25.6,0,0.0,0,0,18-APR-2022,
OPTSTK,GSPL,30-Jun-2022,290.0,PE,0.0,0.0,0.0,39.6,28.7,0,0.0,0,0,18-APR-2022,
OPTSTK,GSPL,30-Jun-2022,295.0,PE,0.0,0.0,0.0,43.25,31.95,0,0.0,0,0,18-APR-2022,
OPTSTK,GSPL,30-Jun-2022,300.0,PE,0.0,0.0,0.0,47.05,35.35,0,0.0,0,0,18-APR-2022,
OPTSTK,GSPL,30-Jun-2022,305.0,PE,0.0,0.0,0.0,50.9,38.9,0,0.0,0,0,18-APR-2022,
OPTSTK,GSPL,30-Jun-2022,310.0,PE,0.0,0.0,0.0,54.9,42.6,0,0.0,0,0,18-APR-2022,
OPTSTK,GSPL,30-Jun-2022,315.0,PE,0.0,0.0,0.0,59.0,46.4,0,0.0,0,0,18-APR-2022,
OPTSTK,GSPL,30-Jun-2022,320.0,PE,0.0,0.0,0.0,63.15,50.35,0,0.0,0,0,18-APR-2022,
OPTSTK,GSPL,30-Jun-2022,325.0,PE,0.0,0.0,0.0,67.45,54.4,0,0.0,0,0,18-APR-2022,
OPTSTK,GSPL,30-Jun-2022,330.0,PE,0.0,0.0,0.0,71.8,58.55,0,0.0,0,0,18-APR-2022,
OPTSTK,GSPL,30-Jun-2022,335.0,PE,0.0,0.0,0.0,76.2,62.8,0,0.0,0,0,18-APR-2022,
OPTSTK,GSPL,30-Jun-2022,340.0,PE,0.0,0.0,0.0,80.65,67.15,0,0.0,0,0,18-APR-2022,
OPTSTK,GSPL,30-Jun-2022,345.0,PE,0.0,0.0,0.0,85.2,71.55,0,0.0,0,0,18-APR-2022,
OPTSTK,GSPL,30-Jun-2022,350.0,PE,0.0,0.0,0.0,89.75,76.05,0,0.0,0,0,18-APR-2022,
OPTSTK,GSPL,30-Jun-2022,355.0,PE,0.0,0.0,0.0,94.4,80.6,0,0.0,0,0,18-APR-2022,
OPTSTK,GSPL,30-Jun-2022,360.0,PE,0.0,0.0,0.0,99.05,85.2,0,0.0,0,0,18-APR-2022,
OPTSTK,GSPL,30-Jun-2022,365.0,PE,0.0,0.0,0.0,103.75,89.8,0,0.0,0,0,18-APR-2022,
OPTSTK,GSPL,30-Jun-2022,370.0,PE,0.0,0.0,0.0,108.5,94.5,0,0.0,0,0,18-APR-2022,
OPTSTK,GUJGASLTD,28-Apr-2022,350.0,CE,0.0,0.0,0.0,225.35,180.15,0,0.0,0,0,18-APR-2022,
OPTSTK,GUJGASLTD,28-Apr-2022,360.0,CE,0.0,0.0,0.0,263.55,170.2,0,0.0,0,0,18-APR-2022,
OPTSTK,GUJGASLTD,28-Apr-2022,370.0,CE,0.0,0.0,0.0,253.6,160.2,0,0.0,0,0,18-APR-2022,
OPTSTK,GUJGASLTD,28-Apr-2022,380.0,CE,0.0,0.0,0.0,260.75,150.2,0,0.0,0,0,18-APR-2022,
OPTSTK,GUJGASLTD,28-Apr-2022,390.0,CE,0.0,0.0,0.0,261.2,140.2,0,0.0,0,0,18-APR-2022,
OPTSTK,GUJGASLTD,28-Apr-2022,400.0,CE,0.0,0.0,0.0,268.6,130.2,0,0.0,0,0,18-APR-2022,
OPTSTK,GUJGASLTD,28-Apr-2022,410.0,CE,0.0,0.0,0.0,266.95,120.25,0,0.0,0,0,18-APR-2022,
OPTSTK,GUJGASLTD,28-Apr-2022,420.0,CE,0.0,0.0,0.0,262.0,110.25,0,0.0,0,0,18-APR-2022,
OPTSTK,GUJGASLTD,28-Apr-2022,430.0,CE,0.0,0.0,0.0,264.4,100.25,0,0.0,0,0,18-APR-2022,
OPTSTK,GUJGASLTD,28-Apr-2022,440.0,CE,0.0,0.0,0.0,254.65,90.3,0,0.0,0,0,18-APR-2022,
OPTSTK,GUJGASLTD,28-Apr-2022,450.0,CE,0.0,0.0,0.0,244.95,80.4,0,0.0,0,0,18-APR-2022,
OPTSTK,GUJGASLTD,28-Apr-2022,460.0,CE,0.0,0.0,0.0,235.25,70.6,0,0.0,0,0,18-APR-2022,
OPTSTK,GUJGASLTD,28-Apr-2022,470.0,CE,0.0,0.0,0.0,64.4,61.0,0,0.0,12500,0,18-APR-2022,
OPTSTK,GUJGASLTD,28-Apr-2022,480.0,CE,53.95,54.45,53.95,54.45,54.45,3,20.03,13750,-2500,18-APR-2022,
OPTSTK,GUJGASLTD,28-Apr-2022,490.0,CE,45.3,45.3,45.3,45.3,42.8,1,6.69,17500,1250,18-APR-2022,
OPTSTK,GUJGASLTD,28-Apr-2022,500.0,CE,41.3,41.3,32.35,37.55,37.55,19,127.17,123750,-13750,18-APR-2022,
OPTSTK,GUJGASLTD,28-Apr-2022,510.0,CE,27.45,32.45,25.55,28.8,28.8,59,397.42,76250,-36250,18-APR-2022,
OPTSTK,GUJGASLTD,28-Apr-2022,520.0,CE,24.0,26.25,19.9,22.85,22.85,23,156.3,118750,3750,18-APR-2022,
OPTSTK,GUJGASLTD,28-Apr-2022,530.0,CE,19.6,21.0,14.2,16.8,16.8,617,4225.51,615000,36250,18-APR-2022,
OPTSTK,GUJGASLTD,28-Apr-2022,540.0,CE,14.1,15.75,10.0,12.2,12.2,430,2969.95,491250,-7500,18-APR-2022,
OPTSTK,GUJGASLTD,28-Apr-2022,550.0,CE,10.45,11.65,7.05,8.45,8.45,399,2787.7,588750,18750,18-APR-2022,
OPTSTK,GUJGASLTD,28-Apr-2022,560.0,CE,6.4,8.55,5.0,5.95,5.95,121,856.49,262500,-2500,18-APR-2022,
OPTSTK,GUJGASLTD,28-Apr-2022,570.0,CE,5.5,6.0,3.5,4.0,4.0,58,416.53,113750,10000,18-APR-2022,
OPTSTK,GUJGASLTD,28-Apr-2022,580.0,CE,3.05,4.3,2.45,2.55,2.05,27,196.85,116250,-2500,18-APR-2022,
OPTSTK,GUJGASLTD,28-Apr-2022,590.0,CE,2.2,2.25,2.2,2.25,1.25,5,37.01,21250,-2500,18-APR-2022,
OPTSTK,GUJGASLTD,28-Apr-2022,600.0,CE,1.95,2.5,1.2,1.6,1.6,112,842.38,481250,-6250,18-APR-2022,
OPTSTK,GUJGASLTD,28-Apr-2022,610.0,CE,1.3,1.3,1.3,1.3,0.4,1,7.64,21250,0,18-APR-2022,
OPTSTK,GUJGASLTD,28-Apr-2022,620.0,CE,1.05,1.05,1.05,1.05,0.25,2,15.52,35000,0,18-APR-2022,
OPTSTK,GUJGASLTD,28-Apr-2022,630.0,CE,0.0,0.0,0.0,2.9,0.15,0,0.0,2500,0,18-APR-2022,
OPTSTK,GUJGASLTD,28-Apr-2022,640.0,CE,0.0,0.0,0.0,1.5,0.1,0,0.0,1250,0,18-APR-2022,
OPTSTK,GUJGASLTD,28-Apr-2022,650.0,CE,0.5,0.7,0.2,0.7,0.05,5,40.65,22500,-2500,18-APR-2022,
OPTSTK,GUJGASLTD,28-Apr-2022,660.0,CE,0.0,0.0,0.0,74.95,0.05,0,0.0,0,0,18-APR-2022,
OPTSTK,GUJGASLTD,28-Apr-2022,670.0,CE,0.0,0.0,0.0,69.5,0.05,0,0.0,0,0,18-APR-2022,
OPTSTK,GUJGASLTD,28-Apr-2022,680.0,CE,0.0,0.0,0.0,20.0,0.0,0,0.0,1250,0,18-APR-2022,
OPTSTK,GUJGASLTD,28-Apr-2022,690.0,CE,0.0,0.0,0.0,59.45,0.0,0,0.0,0,0,18-APR-2022,
OPTSTK,GUJGASLTD,28-Apr-2022,700.0,CE,0.0,0.0,0.0,54.85,0.0,0,0.0,0,0,18-APR-2022,
OPTSTK,GUJGASLTD,28-Apr-2022,710.0,CE,0.0,0.0,0.0,50.55,0.0,0,0.0,0,0,18-APR-2022,
OPTSTK,GUJGASLTD,28-Apr-2022,720.0,CE,0.0,0.0,0.0,46.5,0.0,0,0.0,0,0,18-APR-2022,
OPTSTK,GUJGASLTD,28-Apr-2022,730.0,CE,0.0,0.0,0.0,42.7,0.0,0,0.0,0,0,18-APR-2022,
OPTSTK,GUJGASLTD,28-Apr-2022,740.0,CE,0.0,0.0,0.0,39.15,0.0,0,0.0,0,0,18-APR-2022,
OPTSTK,GUJGASLTD,28-Apr-2022,750.0,CE,0.0,0.0,0.0,35.85,0.0,0,0.0,0,0,18-APR-2022,
OPTSTK,GUJGASLTD,28-Apr-2022,760.0,CE,0.0,0.0,0.0,32.75,0.0,0,0.0,0,0,18-APR-2022,
OPTSTK,GUJGASLTD,28-Apr-2022,770.0,CE,0.0,0.0,0.0,29.9,0.0,0,0.0,0,0,18-APR-2022,
OPTSTK,GUJGASLTD,28-Apr-2022,780.0,CE,0.0,0.0,0.0,27.25,0.0,0,0.0,0,0,18-APR-2022,
OPTSTK,GUJGASLTD,28-Apr-2022,790.0,CE,0.0,0.0,0.0,24.85,0.0,0,0.0,0,0,18-APR-2022,
OPTSTK,GUJGASLTD,28-Apr-2022,800.0,CE,0.0,0.0,0.0,22.6,0.0,0,0.0,0,0,18-APR-2022,
OPTSTK,GUJGASLTD,28-Apr-2022,810.0,CE,0.0,0.0,0.0,20.55,0.0,0,0.0,0,0,18-APR-2022,
OPTSTK,GUJGASLTD,28-Apr-2022,820.0,CE,0.0,0.0,0.0,18.6,0.0,0,0.0,0,0,18-APR-2022,
OPTSTK,GUJGASLTD,28-Apr-2022,830.0,CE,0.0,0.0,0.0,16.85,0.0,0,0.0,0,0,18-APR-2022,
OPTSTK,GUJGASLTD,28-Apr-2022,840.0,CE,0.0,0.0,0.0,15.25,0.0,0,0.0,0,0,18-APR-2022,
OPTSTK,GUJGASLTD,28-Apr-2022,850.0,CE,0.0,0.0,0.0,13.8,0.0,0,0.0,0,0,18-APR-2022,
OPTSTK,GUJGASLTD,28-Apr-2022,860.0,CE,0.0,0.0,0.0,12.45,0.0,0,0.0,0,0,18-APR-2022,
OPTSTK,GUJGASLTD,28-Apr-2022,870.0,CE,0.0,0.0,0.0,11.2,0.0,0,0.0,0,0,18-APR-2022,
OPTSTK,GUJGASLTD,28-Apr-2022,350.0,PE,0.0,0.0,0.0,0.05,0.0,0,0.0,0,0,18-APR-2022,
OPTSTK,GUJGASLTD,28-Apr-2022,360.0,PE,0.0,0.0,0.0,0.1,0.0,0,0.0,2500,0,18-APR-2022,
OPTSTK,GUJGASLTD,28-Apr-2022,370.0,PE,0.0,0.0,0.0,0.05,0.0,0,0.0,0,0,18-APR-2022,
OPTSTK,GUJGASLTD,28-Apr-2022,380.0,PE,0.0,0.0,0.0,0.1,0.0,0,0.0,0,0,18-APR-2022,
OPTSTK,GUJGASLTD,28-Apr-2022,390.0,PE,0.0,0.0,0.0,0.1,0.0,0,0.0,0,0,18-APR-2022,
OPTSTK,GUJGASLTD,28-Apr-2022,400.0,PE,0.0,0.0,0.0,0.6,0.0,0,0.0,25000,0,18-APR-2022,
OPTSTK,GUJGASLTD,28-Apr-2022,410.0,PE,0.0,0.0,0.0,0.2,0.0,0,0.0,0,0,18-APR-2022,
OPTSTK,GUJGASLTD,28-Apr-2022,420.0,PE,0.0,0.0,0.0,0.6,0.05,0,0.0,17500,0,18-APR-2022,
OPTSTK,GUJGASLTD,28-Apr-2022,430.0,PE,0.75,0.75,0.75,0.75,0.75,1,5.38,10000,-1250,18-APR-2022,
OPTSTK,GUJGASLTD,28-Apr-2022,440.0,PE,0.0,0.0,0.0,1.0,0.05,0,0.0,40000,0,18-APR-2022,
OPTSTK,GUJGASLTD,28-Apr-2022,450.0,PE,1.25,1.7,1.25,1.55,1.55,8,45.15,188750,0,18-APR-2022,
OPTSTK,GUJGASLTD,28-Apr-2022,460.0,PE,2.0,2.0,1.5,1.65,1.65,7,40.39,76250,-6250,18-APR-2022,
OPTSTK,GUJGASLTD,28-Apr-2022,470.0,PE,2.15,3.4,2.15,2.8,0.7,7,41.36,77500,-5000,18-APR-2022,
OPTSTK,GUJGASLTD,28-Apr-2022,480.0,PE,2.5,3.9,2.5,3.15,3.15,42,253.67,212500,-22500,18-APR-2022,
OPTSTK,GUJGASLTD,28-Apr-2022,490.0,PE,3.5,4.0,3.5,4.0,2.5,6,37.04,38750,0,18-APR-2022,
OPTSTK,GUJGASLTD,28-Apr-2022,500.0,PE,6.0,7.0,4.7,5.35,5.35,97,612.98,336250,-43750,18-APR-2022,
OPTSTK,GUJGASLTD,28-Apr-2022,510.0,PE,7.0,8.0,6.8,7.2,7.2,25,161.6,121250,1250,18-APR-2022,
OPTSTK,GUJGASLTD,28-Apr-2022,520.0,PE,11.95,13.2,9.7,10.7,10.7,113,750.39,130000,-11250,18-APR-2022,
OPTSTK,GUJGASLTD,28-Apr-2022,530.0,PE,18.35,18.6,13.15,15.15,15.15,23,156.79,57500,-1250,18-APR-2022,
OPTSTK,GUJGASLTD,28-Apr-2022,540.0,PE,19.1,23.95,19.1,19.3,19.3,8,56.14,31250,-3750,18-APR-2022,
OPTSTK,GUJGASLTD,28-Apr-2022,550.0,PE,26.2,29.45,26.2,29.45,27.2,2,14.44,13750,-1250,18-APR-2022,
OPTSTK,GUJGASLTD,28-Apr-2022,560.0,PE,0.0,0.0,0.0,9.3,34.7,0,0.0,0,0,18-APR-2022,
OPTSTK,GUJGASLTD,28-Apr-2022,570.0,PE,0.0,0.0,0.0,46.6,42.9,0,0.0,1250,0,18-APR-2022,
OPTSTK,GUJGASLTD,28-Apr-2022,580.0,PE,0.0,0.0,0.0,13.05,51.65,0,0.0,0,0,18-APR-2022,
OPTSTK,GUJGASLTD,28-Apr-2022,590.0,PE,0.0,0.0,0.0,15.3,60.8,0,0.0,0,0,18-APR-2022,
OPTSTK,GUJGASLTD,28-Apr-2022,600.0,PE,75.0,75.0,70.75,70.75,70.3,2,16.82,35000,0,18-APR-2022,
OPTSTK,GUJGASLTD,28-Apr-2022,610.0,PE,0.0,0.0,0.0,20.55,80.0,0,0.0,0,0,18-APR-2022,
OPTSTK,GUJGASLTD,28-Apr-2022,620.0,PE,0.0,0.0,0.0,23.6,89.8,0,0.0,0,0,18-APR-2022,
OPTSTK,GUJGASLTD,28-Apr-2022,630.0,PE,0.0,0.0,0.0,26.85,99.65,0,0.0,0,0,18-APR-2022,
OPTSTK,GUJGASLTD,28-Apr-2022,640.0,PE,0.0,0.0,0.0,30.45,109.6,0,0.0,0,0,18-APR-2022,
OPTSTK,GUJGASLTD,28-Apr-2022,650.0,PE,0.0,0.0,0.0,146.0,119.55,0,0.0,3750,0,18-APR-2022,
OPTSTK,GUJGASLTD,28-Apr-2022,660.0,PE,0.0,0.0,0.0,38.5,129.55,0,0.0,0,0,18-APR-2022,
OPTSTK,GUJGASLTD,28-Apr-2022,670.0,PE,0.0,0.0,0.0,42.95,139.5,0,0.0,0,0,18-APR-2022,
OPTSTK,GUJGASLTD,28-Apr-2022,680.0,PE,0.0,0.0,0.0,188.0,149.5,0,0.0,2500,0,18-APR-2022,
OPTSTK,GUJGASLTD,28-Apr-2022,690.0,PE,0.0,0.0,0.0,200.0,159.5,0,0.0,1250,0,18-APR-2022,
OPTSTK,GUJGASLTD,28-Apr-2022,700.0,PE,0.0,0.0,0.0,194.0,169.5,0,0.0,11250,0,18-APR-2022,
OPTSTK,GUJGASLTD,28-Apr-2022,710.0,PE,0.0,0.0,0.0,63.6,179.45,0,0.0,0,0,18-APR-2022,
OPTSTK,GUJGASLTD,28-Apr-2022,720.0,PE,0.0,0.0,0.0,69.45,189.45,0,0.0,0,0,18-APR-2022,
OPTSTK,GUJGASLTD,28-Apr-2022,730.0,PE,0.0,0.0,0.0,75.55,199.45,0,0.0,0,0,18-APR-2022,
OPTSTK,GUJGASLTD,28-Apr-2022,740.0,PE,0.0,0.0,0.0,81.9,209.45,0,0.0,0,0,18-APR-2022,
OPTSTK,GUJGASLTD,28-Apr-2022,750.0,PE,0.0,0.0,0.0,88.5,219.45,0,0.0,0,0,18-APR-2022,
OPTSTK,GUJGASLTD,28-Apr-2022,760.0,PE,0.0,0.0,0.0,95.3,229.4,0,0.0,0,0,18-APR-2022,
OPTSTK,GUJGASLTD,28-Apr-2022,770.0,PE,0.0,0.0,0.0,102.35,239.4,0,0.0,0,0,18-APR-2022,
OPTSTK,GUJGASLTD,28-Apr-2022,780.0,PE,0.0,0.0,0.0,109.6,249.4,0,0.0,0,0,18-APR-2022,
OPTSTK,GUJGASLTD,28-Apr-2022,790.0,PE,0.0,0.0,0.0,117.1,259.4,0,0.0,0,0,18-APR-2022,
OPTSTK,GUJGASLTD,28-Apr-2022,800.0,PE,0.0,0.0,0.0,124.75,269.35,0,0.0,0,0,18-APR-2022,
OPTSTK,GUJGASLTD,28-Apr-2022,810.0,PE,0.0,0.0,0.0,132.55,279.35,0,0.0,0,0,18-APR-2022,
OPTSTK,GUJGASLTD,28-Apr-2022,820.0,PE,0.0,0.0,0.0,140.5,289.35,0,0.0,0,0,18-APR-2022,
OPTSTK,GUJGASLTD,28-Apr-2022,830.0,PE,0.0,0.0,0.0,148.65,299.35,0,0.0,0,0,18-APR-2022,
OPTSTK,GUJGASLTD,28-Apr-2022,840.0,PE,0.0,0.0,0.0,156.95,309.3,0,0.0,0,0,18-APR-2022,
OPTSTK,GUJGASLTD,28-Apr-2022,850.0,PE,0.0,0.0,0.0,165.4,319.3,0,0.0,0,0,18-APR-2022,
OPTSTK,GUJGASLTD,28-Apr-2022,860.0,PE,0.0,0.0,0.0,173.95,329.3,0,0.0,0,0,18-APR-2022,
OPTSTK,GUJGASLTD,28-Apr-2022,870.0,PE,0.0,0.0,0.0,182.6,339.3,0,0.0,0,0,18-APR-2022,
OPTSTK,GUJGASLTD,26-May-2022,350.0,CE,0.0,0.0,0.0,226.65,181.35,0,0.0,0,0,18-APR-2022,
OPTSTK,GUJGASLTD,26-May-2022,360.0,CE,0.0,0.0,0.0,216.85,171.4,0,0.0,0,0,18-APR-2022,
OPTSTK,GUJGASLTD,26-May-2022,370.0,CE,0.0,0.0,0.0,207.1,161.5,0,0.0,0,0,18-APR-2022,
OPTSTK,GUJGASLTD,26-May-2022,380.0,CE,0.0,0.0,0.0,197.4,151.6,0,0.0,0,0,18-APR-2022,
OPTSTK,GUJGASLTD,26-May-2022,390.0,CE,0.0,0.0,0.0,187.8,141.8,0,0.0,0,0,18-APR-2022,
OPTSTK,GUJGASLTD,26-May-2022,400.0,CE,0.0,0.0,0.0,178.25,132.0,0,0.0,0,0,18-APR-2022,
OPTSTK,GUJGASLTD,26-May-2022,410.0,CE,0.0,0.0,0.0,168.85,122.35,0,0.0,0,0,18-APR-2022,
OPTSTK,GUJGASLTD,26-May-2022,420.0,CE,0.0,0.0,0.0,159.6,112.85,0,0.0,0,0,18-APR-2022,
OPTSTK,GUJGASLTD,26-May-2022,430.0,CE,0.0,0.0,0.0,150.45,103.5,0,0.0,0,0,18-APR-2022,
OPTSTK,GUJGASLTD,26-May-2022,440.0,CE,0.0,0.0,0.0,141.5,94.4,0,0.0,0,0,18-APR-2022,
OPTSTK,GUJGASLTD,26-May-2022,450.0,CE,0.0,0.0,0.0,132.8,85.6,0,0.0,0,0,18-APR-2022,
OPTSTK,GUJGASLTD,26-May-2022,460.0,CE,0.0,0.0,0.0,124.25,77.1,0,0.0,0,0,18-APR-2022,
OPTSTK,GUJGASLTD,26-May-2022,470.0,CE,0.0,0.0,0.0,116.0,69.0,0,0.0,0,0,18-APR-2022,
OPTSTK,GUJGASLTD,26-May-2022,480.0,CE,0.0,0.0,0.0,108.0,61.3,0,0.0,0,0,18-APR-2022,
OPTSTK,GUJGASLTD,26-May-2022,490.0,CE,0.0,0.0,0.0,100.3,54.1,0,0.0,0,0,18-APR-2022,
OPTSTK,GUJGASLTD,26-May-2022,500.0,CE,0.0,0.0,0.0,52.85,47.4,0,0.0,7500,0,18-APR-2022,
OPTSTK,GUJGASLTD,26-May-2022,510.0,CE,0.0,0.0,0.0,85.8,41.25,0,0.0,0,0,18-APR-2022,
OPTSTK,GUJGASLTD,26-May-2022,520.0,CE,0.0,0.0,0.0,79.05,35.6,0,0.0,0,0,18-APR-2022,
OPTSTK,GUJGASLTD,26-May-2022,530.0,CE,0.0,0.0,0.0,72.6,30.55,0,0.0,0,0,18-APR-2022,
OPTSTK,GUJGASLTD,26-May-2022,540.0,CE,0.0,0.0,0.0,66.55,26.0,0,0.0,0,0,18-APR-2022,
OPTSTK,GUJGASLTD,26-May-2022,550.0,CE,18.85,24.0,18.85,22.1,22.1,7,50.01,18750,0,18-APR-2022,
OPTSTK,GUJGASLTD,26-May-2022,560.0,CE,0.0,0.0,0.0,55.5,18.4,0,0.0,0,0,18-APR-2022,
OPTSTK,GUJGASLTD,26-May-2022,570.0,CE,0.0,0.0,0.0,50.45,15.35,0,0.0,0,0,18-APR-2022,
OPTSTK,GUJGASLTD,26-May-2022,580.0,CE,0.0,0.0,0.0,45.8,12.7,0,0.0,0,0,18-APR-2022,
OPTSTK,GUJGASLTD,26-May-2022,590.0,CE,0.0,0.0,0.0,41.45,10.45,0,0.0,0,0,18-APR-2022,
OPTSTK,GUJGASLTD,26-May-2022,600.0,CE,9.0,9.95,8.0,8.75,8.75,4,30.45,10000,0,18-APR-2022,
OPTSTK,GUJGASLTD,26-May-2022,610.0,CE,0.0,0.0,0.0,33.7,6.9,0,0.0,0,0,18-APR-2022,
OPTSTK,GUJGASLTD,26-May-2022,620.0,CE,0.0,0.0,0.0,30.3,5.55,0,0.0,0,0,18-APR-2022,
OPTSTK,GUJGASLTD,26-May-2022,630.0,CE,0.0,0.0,0.0,27.2,4.45,0,0.0,0,0,18-APR-2022,
OPTSTK,GUJGASLTD,26-May-2022,640.0,CE,0.0,0.0,0.0,24.35,3.55,0,0.0,0,0,18-APR-2022,
OPTSTK,GUJGASLTD,26-May-2022,650.0,CE,0.0,0.0,0.0,13.0,2.8,0,0.0,1250,0,18-APR-2022,
OPTSTK,GUJGASLTD,26-May-2022,660.0,CE,0.0,0.0,0.0,19.4,2.2,0,0.0,0,0,18-APR-2022,
OPTSTK,GUJGASLTD,26-May-2022,670.0,CE,0.0,0.0,0.0,17.25,1.75,0,0.0,0,0,18-APR-2022,
OPTSTK,GUJGASLTD,26-May-2022,680.0,CE,0.0,0.0,0.0,15.3,1.35,0,0.0,0,0,18-APR-2022,
OPTSTK,GUJGASLTD,26-May-2022,690.0,CE,0.0,0.0,0.0,13.6,1.05,0,0.0,0,0,18-APR-2022,
OPTSTK,GUJGASLTD,26-May-2022,700.0,CE,0.0,0.0,0.0,12.0,0.8,0,0.0,0,0,18-APR-2022,
OPTSTK,GUJGASLTD,26-May-2022,710.0,CE,0.0,0.0,0.0,10.6,0.65,0,0.0,0,0,18-APR-2022,
OPTSTK,GUJGASLTD,26-May-2022,720.0,CE,0.0,0.0,0.0,9.35,0.5,0,0.0,0,0,18-APR-2022,
OPTSTK,GUJGASLTD,26-May-2022,730.0,CE,0.0,0.0,0.0,8.25,0.35,0,0.0,0,0,18-APR-2022,
OPTSTK,GUJGASLTD,26-May-2022,740.0,CE,0.0,0.0,0.0,7.25,0.3,0,0.0,0,0,18-APR-2022,
OPTSTK,GUJGASLTD,26-May-2022,750.0,CE,0.0,0.0,0.0,6.35,0.2,0,0.0,0,0,18-APR-2022,
OPTSTK,GUJGASLTD,26-May-2022,760.0,CE,0.0,0.0,0.0,5.55,0.15,0,0.0,0,0,18-APR-2022,
OPTSTK,GUJGASLTD,26-May-2022,770.0,CE,0.0,0.0,0.0,4.9,0.15,0,0.0,0,0,18-APR-2022,
OPTSTK,GUJGASLTD,26-May-2022,780.0,CE,0.0,0.0,0.0,4.25,0.1,0,0.0,0,0,18-APR-2022,
OPTSTK,GUJGASLTD,26-May-2022,790.0,CE,0.0,0.0,0.0,3.7,0.1,0,0.0,0,0,18-APR-2022,
OPTSTK,GUJGASLTD,26-May-2022,800.0,CE,0.0,0.0,0.0,3.25,0.05,0,0.0,0,0,18-APR-2022,
OPTSTK,GUJGASLTD,26-May-2022,810.0,CE,0.0,0.0,0.0,2.8,0.05,0,0.0,0,0,18-APR-2022,
OPTSTK,GUJGASLTD,26-May-2022,820.0,CE,0.0,0.0,0.0,2.45,0.05,0,0.0,0,0,18-APR-2022,
OPTSTK,GUJGASLTD,26-May-2022,830.0,CE,0.0,0.0,0.0,2.15,0.05,0,0.0,0,0,18-APR-2022,
OPTSTK,GUJGASLTD,26-May-2022,350.0,PE,0.0,0.0,0.0,0.2,0.05,0,0.0,0,0,18-APR-2022,
OPTSTK,GUJGASLTD,26-May-2022,360.0,PE,0.0,0.0,0.0,0.3,0.05,0,0.0,0,0,18-APR-2022,
OPTSTK,GUJGASLTD,26-May-2022,370.0,PE,0.0,0.0,0.0,0.45,0.1,0,0.0,0,0,18-APR-2022,
OPTSTK,GUJGASLTD,26-May-2022,380.0,PE,0.0,0.0,0.0,0.7,0.2,0,0.0,0,0,18-APR-2022,
OPTSTK,GUJGASLTD,26-May-2022,390.0,PE,0.0,0.0,0.0,0.95,0.3,0,0.0,0,0,18-APR-2022,
OPTSTK,GUJGASLTD,26-May-2022,400.0,PE,0.0,0.0,0.0,3.95,0.5,0,0.0,3750,0,18-APR-2022,
OPTSTK,GUJGASLTD,26-May-2022,410.0,PE,0.0,0.0,0.0,1.8,0.8,0,0.0,0,0,18-APR-2022,
OPTSTK,GUJGASLTD,26-May-2022,420.0,PE,0.0,0.0,0.0,4.05,1.25,0,0.0,3750,0,18-APR-2022,
OPTSTK,GUJGASLTD,26-May-2022,430.0,PE,0.0,0.0,0.0,3.2,1.85,0,0.0,0,0,18-APR-2022,
OPTSTK,GUJGASLTD,26-May-2022,440.0,PE,0.0,0.0,0.0,10.0,2.7,0,0.0,1250,0,18-APR-2022,
OPTSTK,GUJGASLTD,26-May-2022,450.0,PE,5.0,5.5,5.0,5.35,5.35,8,45.52,92500,-6250,18-APR-2022,
OPTSTK,GUJGASLTD,26-May-2022,460.0,PE,0.0,0.0,0.0,6.7,5.3,0,0.0,0,0,18-APR-2022,
OPTSTK,GUJGASLTD,26-May-2022,470.0,PE,0.0,0.0,0.0,8.35,7.15,0,0.0,0,0,18-APR-2022,
OPTSTK,GUJGASLTD,26-May-2022,480.0,PE,0.0,0.0,0.0,8.0,9.45,0,0.0,18750,0,18-APR-2022,
OPTSTK,GUJGASLTD,26-May-2022,490.0,PE,0.0,0.0,0.0,12.4,12.2,0,0.0,0,0,18-APR-2022,
OPTSTK,GUJGASLTD,26-May-2022,500.0,PE,15.9,16.9,15.0,15.0,15.45,3,19.34,50000,0,18-APR-2022,
OPTSTK,GUJGASLTD,26-May-2022,510.0,PE,0.0,0.0,0.0,17.7,19.25,0,0.0,0,0,18-APR-2022,
OPTSTK,GUJGASLTD,26-May-2022,520.0,PE,20.0,20.0,20.0,20.0,23.55,1,6.75,1250,1250,18-APR-2022,
OPTSTK,GUJGASLTD,26-May-2022,530.0,PE,0.0,0.0,0.0,24.3,28.45,0,0.0,0,0,18-APR-2022,
OPTSTK,GUJGASLTD,26-May-2022,540.0,PE,0.0,0.0,0.0,35.2,33.85,0,0.0,1250,0,18-APR-2022,
OPTSTK,GUJGASLTD,26-May-2022,550.0,PE,0.0,0.0,0.0,32.35,39.75,0,0.0,0,0,18-APR-2022,
OPTSTK,GUJGASLTD,26-May-2022,560.0,PE,0.0,0.0,0.0,36.85,46.2,0,0.0,0,0,18-APR-2022,
OPTSTK,GUJGASLTD,26-May-2022,570.0,PE,0.0,0.0,0.0,41.75,53.05,0,0.0,0,0,18-APR-2022,
OPTSTK,GUJGASLTD,26-May-2022,580.0,PE,0.0,0.0,0.0,46.95,60.4,0,0.0,0,0,18-APR-2022,
OPTSTK,GUJGASLTD,26-May-2022,590.0,PE,0.0,0.0,0.0,52.5,68.1,0,0.0,0,0,18-APR-2022,
OPTSTK,GUJGASLTD,26-May-2022,600.0,PE,76.0,76.0,76.0,76.0,76.0,1,8.45,1250,1250,18-APR-2022,
OPTSTK,GUJGASLTD,26-May-2022,610.0,PE,0.0,0.0,0.0,64.6,84.45,0,0.0,0,0,18-APR-2022,
OPTSTK,GUJGASLTD,26-May-2022,620.0,PE,0.0,0.0,0.0,71.05,93.1,0,0.0,0,0,18-APR-2022,
OPTSTK,GUJGASLTD,26-May-2022,630.0,PE,0.0,0.0,0.0,77.85,101.95,0,0.0,0,0,18-APR-2022,
OPTSTK,GUJGASLTD,26-May-2022,640.0,PE,0.0,0.0,0.0,84.9,111.0,0,0.0,0,0,18-APR-2022,
OPTSTK,GUJGASLTD,26-May-2022,650.0,PE,0.0,0.0,0.0,92.2,120.2,0,0.0,0,0,18-APR-2022,
OPTSTK,GUJGASLTD,26-May-2022,660.0,PE,0.0,0.0,0.0,99.75,129.55,0,0.0,0,0,18-APR-2022,
OPTSTK,GUJGASLTD,26-May-2022,670.0,PE,0.0,0.0,0.0,107.5,139.05,0,0.0,0,0,18-APR-2022,
OPTSTK,GUJGASLTD,26-May-2022,680.0,PE,0.0,0.0,0.0,115.45,148.6,0,0.0,0,0,18-APR-2022,
OPTSTK,GUJGASLTD,26-May-2022,690.0,PE,0.0,0.0,0.0,123.6,158.25,0,0.0,0,0,18-APR-2022,
OPTSTK,GUJGASLTD,26-May-2022,700.0,PE,0.0,0.0,0.0,131.95,168.0,0,0.0,0,0,18-APR-2022,
OPTSTK,GUJGASLTD,26-May-2022,710.0,PE,0.0,0.0,0.0,140.45,177.75,0,0.0,0,0,18-APR-2022,
OPTSTK,GUJGASLTD,26-May-2022,720.0,PE,0.0,0.0,0.0,149.05,187.55,0,0.0,0,0,18-APR-2022,
OPTSTK,GUJGASLTD,26-May-2022,730.0,PE,0.0,0.0,0.0,157.85,197.4,0,0.0,0,0,18-APR-2022,
OPTSTK,GUJGASLTD,26-May-2022,740.0,PE,0.0,0.0,0.0,166.75,207.25,0,0.0,0,0,18-APR-2022,
OPTSTK,GUJGASLTD,26-May-2022,750.0,PE,0.0,0.0,0.0,175.75,217.15,0,0.0,0,0,18-APR-2022,
OPTSTK,GUJGASLTD,26-May-2022,760.0,PE,0.0,0.0,0.0,184.85,227.05,0,0.0,0,0,18-APR-2022,
OPTSTK,GUJGASLTD,26-May-2022,770.0,PE,0.0,0.0,0.0,194.05,237.0,0,0.0,0,0,18-APR-2022,
OPTSTK,GUJGASLTD,26-May-2022,780.0,PE,0.0,0.0,0.0,203.35,246.9,0,0.0,0,0,18-APR-2022,
OPTSTK,GUJGASLTD,26-May-2022,790.0,PE,0.0,0.0,0.0,212.7,256.85,0,0.0,0,0,18-APR-2022,
OPTSTK,GUJGASLTD,26-May-2022,800.0,PE,0.0,0.0,0.0,222.1,266.8,0,0.0,0,0,18-APR-2022,
OPTSTK,GUJGASLTD,26-May-2022,810.0,PE,0.0,0.0,0.0,231.6,276.75,0,0.0,0,0,18-APR-2022,
OPTSTK,GUJGASLTD,26-May-2022,820.0,PE,0.0,0.0,0.0,241.15,286.65,0,0.0,0,0,18-APR-2022,
OPTSTK,GUJGASLTD,26-May-2022,830.0,PE,0.0,0.0,0.0,250.7,296.6,0,0.0,0,0,18-APR-2022,
OPTSTK,GUJGASLTD,30-Jun-2022,350.0,CE,0.0,0.0,0.0,158.6,183.15,0,0.0,0,0,18-APR-2022,
OPTSTK,GUJGASLTD,30-Jun-2022,360.0,CE,0.0,0.0,0.0,149.3,173.45,0,0.0,0,0,18-APR-2022,
OPTSTK,GUJGASLTD,30-Jun-2022,370.0,CE,0.0,0.0,0.0,140.2,163.85,0,0.0,0,0,18-APR-2022,
OPTSTK,GUJGASLTD,30-Jun-2022,380.0,CE,0.0,0.0,0.0,131.3,154.35,0,0.0,0,0,18-APR-2022,
OPTSTK,GUJGASLTD,30-Jun-2022,390.0,CE,0.0,0.0,0.0,122.6,145.0,0,0.0,0,0,18-APR-2022,
OPTSTK,GUJGASLTD,30-Jun-2022,400.0,CE,0.0,0.0,0.0,114.15,135.8,0,0.0,0,0,18-APR-2022,
OPTSTK,GUJGASLTD,30-Jun-2022,410.0,CE,0.0,0.0,0.0,106.0,126.8,0,0.0,0,0,18-APR-2022,
OPTSTK,GUJGASLTD,30-Jun-2022,420.0,CE,0.0,0.0,0.0,98.15,118.0,0,0.0,0,0,18-APR-2022,
OPTSTK,GUJGASLTD,30-Jun-2022,430.0,CE,0.0,0.0,0.0,90.65,109.45,0,0.0,0,0,18-APR-2022,
OPTSTK,GUJGASLTD,30-Jun-2022,440.0,CE,0.0,0.0,0.0,83.4,101.2,0,0.0,0,0,18-APR-2022,
OPTSTK,GUJGASLTD,30-Jun-2022,450.0,CE,0.0,0.0,0.0,76.55,93.25,0,0.0,0,0,18-APR-2022,
OPTSTK,GUJGASLTD,30-Jun-2022,460.0,CE,0.0,0.0,0.0,70.05,85.65,0,0.0,0,0,18-APR-2022,
OPTSTK,GUJGASLTD,30-Jun-2022,470.0,CE,0.0,0.0,0.0,63.95,78.4,0,0.0,0,0,18-APR-2022,
OPTSTK,GUJGASLTD,30-Jun-2022,480.0,CE,0.0,0.0,0.0,58.2,71.5,0,0.0,0,0,18-APR-2022,
OPTSTK,GUJGASLTD,30-Jun-2022,490.0,CE,0.0,0.0,0.0,52.8,64.95,0,0.0,0,0,18-APR-2022,
OPTSTK,GUJGASLTD,30-Jun-2022,500.0,CE,0.0,0.0,0.0,47.8,58.85,0,0.0,0,0,18-APR-2022,
OPTSTK,GUJGASLTD,30-Jun-2022,510.0,CE,0.0,0.0,0.0,43.15,53.15,0,0.0,0,0,18-APR-2022,
OPTSTK,GUJGASLTD,30-Jun-2022,520.0,CE,0.0,0.0,0.0,38.9,47.8,0,0.0,0,0,18-APR-2022,
OPTSTK,GUJGASLTD,30-Jun-2022,530.0,CE,0.0,0.0,0.0,34.9,42.9,0,0.0,0,0,18-APR-2022,
OPTSTK,GUJGASLTD,30-Jun-2022,540.0,CE,0.0,0.0,0.0,31.3,38.35,0,0.0,0,0,18-APR-2022,
OPTSTK,GUJGASLTD,30-Jun-2022,550.0,CE,0.0,0.0,0.0,28.0,34.15,0,0.0,0,0,18-APR-2022,
OPTSTK,GUJGASLTD,30-Jun-2022,560.0,CE,0.0,0.0,0.0,24.95,30.35,0,0.0,0,0,18-APR-2022,
OPTSTK,GUJGASLTD,30-Jun-2022,570.0,CE,0.0,0.0,0.0,22.2,26.85,0,0.0,0,0,18-APR-2022,
OPTSTK,GUJGASLTD,30-Jun-2022,580.0,CE,0.0,0.0,0.0,19.75,23.75,0,0.0,0,0,18-APR-2022,
OPTSTK,GUJGASLTD,30-Jun-2022,590.0,CE,0.0,0.0,0.0,17.5,20.9,0,0.0,0,0,18-APR-2022,
OPTSTK,GUJGASLTD,30-Jun-2022,600.0,CE,0.0,0.0,0.0,15.5,18.35,0,0.0,0,0,18-APR-2022,
OPTSTK,GUJGASLTD,30-Jun-2022,610.0,CE,0.0,0.0,0.0,13.65,16.1,0,0.0,0,0,18-APR-2022,
OPTSTK,GUJGASLTD,30-Jun-2022,620.0,CE,0.0,0.0,0.0,12.05,14.05,0,0.0,0,0,18-APR-2022,
OPTSTK,GUJGASLTD,30-Jun-2022,630.0,CE,0.0,0.0,0.0,10.6,12.25,0,0.0,0,0,18-APR-2022,
OPTSTK,GUJGASLTD,30-Jun-2022,640.0,CE,0.0,0.0,0.0,9.3,10.65,0,0.0,0,0,18-APR-2022,
OPTSTK,GUJGASLTD,30-Jun-2022,650.0,CE,0.0,0.0,0.0,8.15,9.25,0,0.0,0,0,18-APR-2022,
OPTSTK,GUJGASLTD,30-Jun-2022,660.0,CE,0.0,0.0,0.0,7.15,8.0,0,0.0,0,0,18-APR-2022,
OPTSTK,GUJGASLTD,30-Jun-2022,670.0,CE,0.0,0.0,0.0,6.25,6.9,0,0.0,0,0,18-APR-2022,
OPTSTK,GUJGASLTD,30-Jun-2022,680.0,CE,0.0,0.0,0.0,5.45,5.95,0,0.0,0,0,18-APR-2022,
OPTSTK,GUJGASLTD,30-Jun-2022,690.0,CE,0.0,0.0,0.0,4.75,5.1,0,0.0,0,0,18-APR-2022,
OPTSTK,GUJGASLTD,30-Jun-2022,700.0,CE,0.0,0.0,0.0,4.15,4.4,0,0.0,0,0,18-APR-2022,
OPTSTK,GUJGASLTD,30-Jun-2022,710.0,CE,0.0,0.0,0.0,3.6,3.75,0,0.0,0,0,18-APR-2022,
OPTSTK,GUJGASLTD,30-Jun-2022,720.0,CE,0.0,0.0,0.0,3.15,3.2,0,0.0,0,0,18-APR-2022,
OPTSTK,GUJGASLTD,30-Jun-2022,350.0,PE,0.0,0.0,0.0,1.65,0.45,0,0.0,0,0,18-APR-2022,
OPTSTK,GUJGASLTD,30-Jun-2022,360.0,PE,0.0,0.0,0.0,2.25,0.65,0,0.0,0,0,18-APR-2022,
OPTSTK,GUJGASLTD,30-Jun-2022,370.0,PE,0.0,0.0,0.0,3.05,0.95,0,0.0,0,0,18-APR-2022,
OPTSTK,GUJGASLTD,30-Jun-2022,380.0,PE,0.0,0.0,0.0,4.05,1.4,0,0.0,0,0,18-APR-2022,
OPTSTK,GUJGASLTD,30-Jun-2022,390.0,PE,0.0,0.0,0.0,5.25,1.95,0,0.0,0,0,18-APR-2022,
OPTSTK,GUJGASLTD,30-Jun-2022,400.0,PE,0.0,0.0,0.0,3.95,2.65,0,0.0,1250,0,18-APR-2022,
OPTSTK,GUJGASLTD,30-Jun-2022,410.0,PE,0.0,0.0,0.0,8.45,3.55,0,0.0,0,0,18-APR-2022,
OPTSTK,GUJGASLTD,30-Jun-2022,420.0,PE,0.0,0.0,0.0,10.5,4.7,0,0.0,0,0,18-APR-2022,
OPTSTK,GUJGASLTD,30-Jun-2022,430.0,PE,0.0,0.0,0.0,12.85,6.1,0,0.0,0,0,18-APR-2022,
OPTSTK,GUJGASLTD,30-Jun-2022,440.0,PE,0.0,0.0,0.0,15.55,7.75,0,0.0,0,0,18-APR-2022,
OPTSTK,GUJGASLTD,30-Jun-2022,450.0,PE,0.0,0.0,0.0,18.6,9.7,0,0.0,0,0,18-APR-2022,
OPTSTK,GUJGASLTD,30-Jun-2022,460.0,PE,0.0,0.0,0.0,21.95,12.0,0,0.0,0,0,18-APR-2022,
OPTSTK,GUJGASLTD,30-Jun-2022,470.0,PE,0.0,0.0,0.0,25.75,14.65,0,0.0,0,0,18-APR-2022,
OPTSTK,GUJGASLTD,30-Jun-2022,480.0,PE,0.0,0.0,0.0,29.9,17.65,0,0.0,0,0,18-APR-2022,
OPTSTK,GUJGASLTD,30-Jun-2022,490.0,PE,0.0,0.0,0.0,34.4,21.1,0,0.0,0,0,18-APR-2022,
OPTSTK,GUJGASLTD,30-Jun-2022,500.0,PE,0.0,0.0,0.0,39.3,24.9,0,0.0,0,0,18-APR-2022,
OPTSTK,GUJGASLTD,30-Jun-2022,510.0,PE,0.0,0.0,0.0,44.55,29.05,0,0.0,0,0,18-APR-2022,
OPTSTK,GUJGASLTD,30-Jun-2022,520.0,PE,0.0,0.0,0.0,50.15,33.65,0,0.0,0,0,18-APR-2022,
OPTSTK,GUJGASLTD,30-Jun-2022,530.0,PE,0.0,0.0,0.0,56.1,38.65,0,0.0,0,0,18-APR-2022,
OPTSTK,GUJGASLTD,30-Jun-2022,540.0,PE,0.0,0.0,0.0,62.35,44.0,0,0.0,0,0,18-APR-2022,
OPTSTK,GUJGASLTD,30-Jun-2022,550.0,PE,0.0,0.0,0.0,68.95,49.75,0,0.0,0,0,18-APR-2022,
OPTSTK,GUJGASLTD,30-Jun-2022,560.0,PE,0.0,0.0,0.0,75.8,55.85,0,0.0,0,0,18-APR-2022,
OPTSTK,GUJGASLTD,30-Jun-2022,570.0,PE,0.0,0.0,0.0,82.95,62.3,0,0.0,0,0,18-APR-2022,
OPTSTK,GUJGASLTD,30-Jun-2022,580.0,PE,0.0,0.0,0.0,90.4,69.05,0,0.0,0,0,18-APR-2022,
OPTSTK,GUJGASLTD,30-Jun-2022,590.0,PE,0.0,0.0,0.0,98.05,76.15,0,0.0,0,0,18-APR-2022,
OPTSTK,GUJGASLTD,30-Jun-2022,600.0,PE,0.0,0.0,0.0,105.95,83.55,0,0.0,0,0,18-APR-2022,
OPTSTK,GUJGASLTD,30-Jun-2022,610.0,PE,0.0,0.0,0.0,114.0,91.2,0,0.0,0,0,18-APR-2022,
OPTSTK,GUJGASLTD,30-Jun-2022,620.0,PE,0.0,0.0,0.0,122.3,99.05,0,0.0,0,0,18-APR-2022,
OPTSTK,GUJGASLTD,30-Jun-2022,630.0,PE,0.0,0.0,0.0,130.75,107.15,0,0.0,0,0,18-APR-2022,
OPTSTK,GUJGASLTD,30-Jun-2022,640.0,PE,0.0,0.0,0.0,139.35,115.45,0,0.0,0,0,18-APR-2022,
OPTSTK,GUJGASLTD,30-Jun-2022,650.0,PE,0.0,0.0,0.0,148.1,123.95,0,0.0,0,0,18-APR-2022,
OPTSTK,GUJGASLTD,30-Jun-2022,660.0,PE,0.0,0.0,0.0,156.95,132.65,0,0.0,0,0,18-APR-2022,
OPTSTK,GUJGASLTD,30-Jun-2022,670.0,PE,0.0,0.0,0.0,165.95,141.45,0,0.0,0,0,18-APR-2022,
OPTSTK,GUJGASLTD,30-Jun-2022,680.0,PE,0.0,0.0,0.0,175.05,150.45,0,0.0,0,0,18-APR-2022,
OPTSTK,GUJGASLTD,30-Jun-2022,690.0,PE,0.0,0.0,0.0,184.25,159.5,0,0.0,0,0,18-APR-2022,
OPTSTK,GUJGASLTD,30-Jun-2022,700.0,PE,0.0,0.0,0.0,193.55,168.7,0,0.0,0,0,18-APR-2022,
OPTSTK,GUJGASLTD,30-Jun-2022,710.0,PE,0.0,0.0,0.0,202.9,178.0,0,0.0,0,0,18-APR-2022,
OPTSTK,GUJGASLTD,30-Jun-2022,720.0,PE,0.0,0.0,0.0,212.3,187.35,0,0.0,0,0,18-APR-2022,
OPTSTK,HAL,28-Apr-2022,940.0,CE,0.0,0.0,0.0,494.85,799.05,0,0.0,0,0,18-APR-2022,
OPTSTK,HAL,28-Apr-2022,960.0,CE,0.0,0.0,0.0,475.7,779.05,0,0.0,0,0,18-APR-2022,
OPTSTK,HAL,28-Apr-2022,980.0,CE,0.0,0.0,0.0,456.75,759.05,0,0.0,0,0,18-APR-2022,
OPTSTK,HAL,28-Apr-2022,1000.0,CE,0.0,0.0,0.0,437.95,739.1,0,0.0,0,0,18-APR-2022,
OPTSTK,HAL,28-Apr-2022,1020.0,CE,0.0,0.0,0.0,419.35,719.1,0,0.0,0,0,18-APR-2022,
OPTSTK,HAL,28-Apr-2022,1040.0,CE,0.0,0.0,0.0,401.0,699.15,0,0.0,0,0,18-APR-2022,
OPTSTK,HAL,28-Apr-2022,1060.0,CE,0.0,0.0,0.0,382.9,679.15,0,0.0,0,0,18-APR-2022,
OPTSTK,HAL,28-Apr-2022,1080.0,CE,0.0,0.0,0.0,365.1,659.2,0,0.0,0,0,18-APR-2022,
OPTSTK,HAL,28-Apr-2022,1100.0,CE,0.0,0.0,0.0,347.6,639.2,0,0.0,0,0,18-APR-2022,
OPTSTK,HAL,28-Apr-2022,1120.0,CE,0.0,0.0,0.0,330.45,619.25,0,0.0,0,0,18-APR-2022,
OPTSTK,HAL,28-Apr-2022,1140.0,CE,0.0,0.0,0.0,313.7,599.25,0,0.0,0,0,18-APR-2022,
OPTSTK,HAL,28-Apr-2022,1160.0,CE,0.0,0.0,0.0,297.3,579.3,0,0.0,0,0,18-APR-2022,
OPTSTK,HAL,28-Apr-2022,1180.0,CE,0.0,0.0,0.0,281.35,559.3,0,0.0,0,0,18-APR-2022,
OPTSTK,HAL,28-Apr-2022,1200.0,CE,0.0,0.0,0.0,265.85,539.3,0,0.0,0,0,18-APR-2022,
OPTSTK,HAL,28-Apr-2022,1220.0,CE,0.0,0.0,0.0,250.85,519.35,0,0.0,0,0,18-APR-2022,
OPTSTK,HAL,28-Apr-2022,1240.0,CE,0.0,0.0,0.0,236.35,499.35,0,0.0,0,0,18-APR-2022,
OPTSTK,HAL,28-Apr-2022,1260.0,CE,0.0,0.0,0.0,222.25,479.4,0,0.0,0,0,18-APR-2022,
OPTSTK,HAL,28-Apr-2022,1280.0,CE,0.0,0.0,0.0,208.65,459.4,0,0.0,0,0,18-APR-2022,
OPTSTK,HAL,28-Apr-2022,1300.0,CE,0.0,0.0,0.0,195.7,439.45,0,0.0,0,0,18-APR-2022,
OPTSTK,HAL,28-Apr-2022,1320.0,CE,0.0,0.0,0.0,183.2,419.45,0,0.0,0,0,18-APR-2022,
OPTSTK,HAL,28-Apr-2022,1340.0,CE,0.0,0.0,0.0,115.0,399.5,0,0.0,475,0,18-APR-2022,
OPTSTK,HAL,28-Apr-2022,1360.0,CE,0.0,0.0,0.0,159.9,379.5,0,0.0,0,0,18-APR-2022,
OPTSTK,HAL,28-Apr-2022,1380.0,CE,0.0,0.0,0.0,149.05,359.55,0,0.0,0,0,18-APR-2022,
OPTSTK,HAL,28-Apr-2022,1400.0,CE,305.55,345.0,305.55,338.1,338.1,5,41.09,17575,-950,18-APR-2022,
OPTSTK,HAL,28-Apr-2022,1420.0,CE,324.5,324.5,324.5,324.5,324.5,1,8.28,15675,475,18-APR-2022,
OPTSTK,HAL,28-Apr-2022,1440.0,CE,280.0,303.1,280.0,303.1,299.7,2,16.44,12825,-475,18-APR-2022,
OPTSTK,HAL,28-Apr-2022,1460.0,CE,239.8,239.8,239.8,239.8,279.85,1,8.07,15200,0,18-APR-2022,
OPTSTK,HAL,28-Apr-2022,1480.0,CE,242.05,246.0,242.05,246.0,260.05,2,16.37,10450,0,18-APR-2022,
OPTSTK,HAL,28-Apr-2022,1500.0,CE,192.0,250.0,179.95,244.6,244.6,31,250.86,58425,-5225,18-APR-2022,
OPTSTK,HAL,28-Apr-2022,1520.0,CE,174.5,225.0,168.0,225.0,220.9,26,210.03,32775,0,18-APR-2022,
OPTSTK,HAL,28-Apr-2022,1540.0,CE,168.75,214.0,168.7,205.0,205.0,20,164.93,38950,-4750,18-APR-2022,
OPTSTK,HAL,28-Apr-2022,1560.0,CE,125.95,170.8,124.25,170.8,182.75,7,56.93,28500,0,18-APR-2022,
OPTSTK,HAL,28-Apr-2022,1580.0,CE,110.35,168.0,109.95,165.0,165.0,19,155.02,14725,-3800,18-APR-2022,
OPTSTK,HAL,28-Apr-2022,1600.0,CE,81.0,160.0,81.0,152.2,152.2,165,1357.25,114950,-39900,18-APR-2022,
OPTSTK,HAL,28-Apr-2022,1620.0,CE,84.0,139.7,82.95,139.7,129.35,18,148.3,55575,-1900,18-APR-2022,
OPTSTK,HAL,28-Apr-2022,1640.0,CE,2.95,125.0,2.95,108.15,108.15,62,513.15,37525,-16150,18-APR-2022,
OPTSTK,HAL,28-Apr-2022,1660.0,CE,58.15,110.0,55.0,99.55,99.55,260,2146.01,34675,-32775,18-APR-2022,
OPTSTK,HAL,28-Apr-2022,1680.0,CE,38.4,95.4,38.4,81.9,81.9,489,4052.23,49875,-35150,18-APR-2022,
OPTSTK,HAL,28-Apr-2022,1700.0,CE,30.7,82.0,30.7,69.55,69.55,3596,30064.36,152475,-60325,18-APR-2022,
OPTSTK,HAL,28-Apr-2022,1720.0,CE,25.1,70.0,25.1,57.4,57.4,1269,10682.15,31825,-5700,18-APR-2022,
OPTSTK,HAL,28-Apr-2022,1740.0,CE,24.95,59.0,22.25,48.05,48.05,2338,19854.93,89300,33250,18-APR-2022,
OPTSTK,HAL,28-Apr-2022,1760.0,CE,16.0,49.5,15.95,38.75,38.75,1337,11431.69,70300,24700,18-APR-2022,
OPTSTK,HAL,28-Apr-2022,1780.0,CE,16.6,41.25,16.6,31.55,31.55,387,3334.07,35150,17100,18-APR-2022,
OPTSTK,HAL,28-Apr-2022,1800.0,CE,11.7,34.25,6.0,25.5,25.5,3115,27002.96,210425,54625,18-APR-2022,
OPTSTK,HAL,28-Apr-2022,1820.0,CE,15.75,28.0,10.8,20.1,20.1,161,1408.6,22325,11875,18-APR-2022,
OPTSTK,HAL,28-Apr-2022,1840.0,CE,3.5,22.4,3.5,16.0,16.0,224,1976.48,22325,3800,18-APR-2022,
OPTSTK,HAL,28-Apr-2022,1860.0,CE,3.45,18.0,3.45,12.4,12.4,356,3166.81,55575,6650,18-APR-2022,
OPTSTK,HAL,28-Apr-2022,1880.0,CE,4.5,14.5,4.5,9.2,9.2,51,457.9,17100,7600,18-APR-2022,
OPTSTK,HAL,28-Apr-2022,1900.0,CE,2.45,11.7,2.45,7.65,7.65,974,8829.26,95000,27550,18-APR-2022,
OPTSTK,HAL,28-Apr-2022,1920.0,CE,8.0,9.0,5.5,5.5,4.75,5,45.76,1900,0,18-APR-2022,
OPTSTK,HAL,28-Apr-2022,1940.0,CE,3.0,10.15,2.5,5.25,5.25,17,157.04,3800,2850,18-APR-2022,
OPTSTK,HAL,28-Apr-2022,1960.0,CE,5.0,6.5,2.05,2.8,2.8,30,279.78,8550,8550,18-APR-2022,
OPTSTK,HAL,28-Apr-2022,940.0,PE,0.0,0.0,0.0,2.1,0.0,0,0.0,0,0,18-APR-2022,
OPTSTK,HAL,28-Apr-2022,960.0,PE,0.0,0.0,0.0,2.75,0.0,0,0.0,0,0,18-APR-2022,
OPTSTK,HAL,28-Apr-2022,980.0,PE,0.0,0.0,0.0,3.6,0.0,0,0.0,0,0,18-APR-2022,
OPTSTK,HAL,28-Apr-2022,1000.0,PE,0.0,0.0,0.0,4.55,0.0,0,0.0,0,0,18-APR-2022,
OPTSTK,HAL,28-Apr-2022,1020.0,PE,0.0,0.0,0.0,5.75,0.0,0,0.0,0,0,18-APR-2022,
OPTSTK,HAL,28-Apr-2022,1040.0,PE,0.0,0.0,0.0,7.2,0.0,0,0.0,0,0,18-APR-2022,
OPTSTK,HAL,28-Apr-2022,1060.0,PE,0.0,0.0,0.0,8.9,0.0,0,0.0,0,0,18-APR-2022,
OPTSTK,HAL,28-Apr-2022,1080.0,PE,0.0,0.0,0.0,10.9,0.0,0,0.0,0,0,18-APR-2022,
OPTSTK,HAL,28-Apr-2022,1100.0,PE,0.0,0.0,0.0,13.2,0.0,0,0.0,0,0,18-APR-2022,
OPTSTK,HAL,28-Apr-2022,1120.0,PE,0.0,0.0,0.0,15.85,0.0,0,0.0,0,0,18-APR-2022,
OPTSTK,HAL,28-Apr-2022,1140.0,PE,0.0,0.0,0.0,18.85,0.0,0,0.0,0,0,18-APR-2022,
OPTSTK,HAL,28-Apr-2022,1160.0,PE,0.0,0.0,0.0,22.3,0.0,0,0.0,0,0,18-APR-2022,
OPTSTK,HAL,28-Apr-2022,1180.0,PE,0.0,0.0,0.0,26.1,0.0,0,0.0,0,0,18-APR-2022,
OPTSTK,HAL,28-Apr-2022,1200.0,PE,1.0,1.1,0.05,0.1,0.1,6,34.22,9025,-1425,18-APR-2022,
OPTSTK,HAL,28-Apr-2022,1220.0,PE,0.0,0.0,0.0,35.2,0.0,0,0.0,0,0,18-APR-2022,
OPTSTK,HAL,28-Apr-2022,1240.0,PE,0.0,0.0,0.0,40.45,0.0,0,0.0,0,0,18-APR-2022,
OPTSTK,HAL,28-Apr-2022,1260.0,PE,0.0,0.0,0.0,46.2,0.0,0,0.0,0,0,18-APR-2022,
OPTSTK,HAL,28-Apr-2022,1280.0,PE,0.35,0.35,0.35,0.35,0.0,1,6.08,475,0,18-APR-2022,
OPTSTK,HAL,28-Apr-2022,1300.0,PE,0.5,1.55,0.5,0.55,0.55,26,160.65,43700,-1900,18-APR-2022,
OPTSTK,HAL,28-Apr-2022,1320.0,PE,0.0,0.0,0.0,66.5,0.0,0,0.0,0,0,18-APR-2022,
OPTSTK,HAL,28-Apr-2022,1340.0,PE,0.0,0.0,0.0,4.0,0.0,0,0.0,4275,0,18-APR-2022,
OPTSTK,HAL,28-Apr-2022,1360.0,PE,0.0,0.0,0.0,0.3,0.05,0,0.0,14725,0,18-APR-2022,
OPTSTK,HAL,28-Apr-2022,1380.0,PE,0.85,0.85,0.85,0.85,0.05,5,32.79,10925,-2375,18-APR-2022,
OPTSTK,HAL,28-Apr-2022,1400.0,PE,1.0,2.95,1.0,1.5,1.5,132,878.74,130150,-24225,18-APR-2022,
OPTSTK,HAL,28-Apr-2022,1420.0,PE,1.6,1.6,1.6,1.6,1.6,1,6.75,10450,475,18-APR-2022,
OPTSTK,HAL,28-Apr-2022,1440.0,PE,3.9,4.9,1.5,4.9,0.15,3,20.56,21850,0,18-APR-2022,
OPTSTK,HAL,28-Apr-2022,1460.0,PE,2.4,3.0,2.4,2.5,0.25,4,27.79,25650,-475,18-APR-2022,
OPTSTK,HAL,28-Apr-2022,1480.0,PE,4.0,4.95,3.5,4.95,0.45,6,42.29,28975,475,18-APR-2022,
OPTSTK,HAL,28-Apr-2022,1500.0,PE,5.15,6.15,2.45,2.8,2.8,261,1864.58,129200,-17100,18-APR-2022,
OPTSTK,HAL,28-Apr-2022,1520.0,PE,5.5,7.75,3.4,3.7,1.2,64,463.52,21375,-2375,18-APR-2022,
OPTSTK,HAL,28-Apr-2022,1540.0,PE,8.4,9.2,3.75,4.1,4.1,99,726.42,48450,10925,18-APR-2022,
OPTSTK,HAL,28-Apr-2022,1560.0,PE,11.2,12.15,4.6,4.9,4.9,126,937.96,37525,-9500,18-APR-2022,
OPTSTK,HAL,28-Apr-2022,1580.0,PE,14.85,16.0,6.05,6.95,6.95,57,430.04,24225,-2850,18-APR-2022,
OPTSTK,HAL,28-Apr-2022,1600.0,PE,22.0,22.0,6.95,7.65,7.65,560,4286.8,74100,-8550,18-APR-2022,
OPTSTK,HAL,28-Apr-2022,1620.0,PE,25.55,25.7,8.75,10.8,10.8,136,1054.56,29925,950,18-APR-2022,
OPTSTK,HAL,28-Apr-2022,1640.0,PE,29.6,34.65,11.3,13.05,13.05,184,1449.94,34675,9975,18-APR-2022,
OPTSTK,HAL,28-Apr-2022,1660.0,PE,50.0,50.0,15.6,16.35,16.35,266,2130.23,27550,9025,18-APR-2022,
OPTSTK,HAL,28-Apr-2022,1680.0,PE,52.5,54.6,19.7,21.6,21.6,272,2215.44,34200,14250,18-APR-2022,
OPTSTK,HAL,28-Apr-2022,1700.0,PE,58.0,65.65,25.9,30.5,30.5,1027,8468.79,71725,34200,18-APR-2022,
OPTSTK,HAL,28-Apr-2022,1720.0,PE,50.0,51.5,28.6,34.05,34.05,78,652.45,12825,12350,18-APR-2022,
OPTSTK,HAL,28-Apr-2022,1740.0,PE,56.5,56.5,43.8,48.8,48.8,76,645.55,10450,9975,18-APR-2022,
OPTSTK,HAL,28-Apr-2022,1760.0,PE,64.0,64.0,57.0,62.15,62.15,13,112.43,2850,2850,18-APR-2022,
OPTSTK,HAL,28-Apr-2022,1780.0,PE,0.0,0.0,0.0,366.45,71.9,0,0.0,0,0,18-APR-2022,
OPTSTK,HAL,28-Apr-2022,1800.0,PE,0.0,0.0,0.0,383.7,85.25,0,0.0,0,0,18-APR-2022,
OPTSTK,HAL,28-Apr-2022,1820.0,PE,0.0,0.0,0.0,401.15,99.8,0,0.0,0,0,18-APR-2022,
OPTSTK,HAL,28-Apr-2022,1840.0,PE,0.0,0.0,0.0,418.8,115.25,0,0.0,0,0,18-APR-2022,
OPTSTK,HAL,28-Apr-2022,1860.0,PE,0.0,0.0,0.0,436.65,131.55,0,0.0,0,0,18-APR-2022,
OPTSTK,HAL,28-Apr-2022,1880.0,PE,0.0,0.0,0.0,454.65,148.65,0,0.0,0,0,18-APR-2022,
OPTSTK,HAL,28-Apr-2022,1900.0,PE,0.0,0.0,0.0,472.8,166.4,0,0.0,0,0,18-APR-2022,
OPTSTK,HAL,28-Apr-2022,1920.0,PE,0.0,0.0,0.0,491.15,184.6,0,0.0,0,0,18-APR-2022,
OPTSTK,HAL,28-Apr-2022,1940.0,PE,0.0,0.0,0.0,509.55,203.3,0,0.0,0,0,18-APR-2022,
OPTSTK,HAL,28-Apr-2022,1960.0,PE,0.0,0.0,0.0,508.9,222.3,0,0.0,0,0,18-APR-2022,
OPTSTK,HAL,26-May-2022,940.0,CE,0.0,0.0,0.0,352.65,802.1,0,0.0,0,0,18-APR-2022,
OPTSTK,HAL,26-May-2022,960.0,CE,0.0,0.0,0.0,334.6,782.2,0,0.0,0,0,18-APR-2022,
OPTSTK,HAL,26-May-2022,980.0,CE,0.0,0.0,0.0,316.9,762.3,0,0.0,0,0,18-APR-2022,
OPTSTK,HAL,26-May-2022,1000.0,CE,0.0,0.0,0.0,299.6,742.4,0,0.0,0,0,18-APR-2022,
OPTSTK,HAL,26-May-2022,1020.0,CE,0.0,0.0,0.0,282.65,722.5,0,0.0,0,0,18-APR-2022,
OPTSTK,HAL,26-May-2022,1040.0,CE,0.0,0.0,0.0,266.15,702.55,0,0.0,0,0,18-APR-2022,
OPTSTK,HAL,26-May-2022,1060.0,CE,0.0,0.0,0.0,250.15,682.65,0,0.0,0,0,18-APR-2022,
OPTSTK,HAL,26-May-2022,1080.0,CE,0.0,0.0,0.0,234.6,662.75,0,0.0,0,0,18-APR-2022,
OPTSTK,HAL,26-May-2022,1100.0,CE,0.0,0.0,0.0,219.65,642.85,0,0.0,0,0,18-APR-2022,
OPTSTK,HAL,26-May-2022,1120.0,CE,0.0,0.0,0.0,205.2,622.95,0,0.0,0,0,18-APR-2022,
OPTSTK,HAL,26-May-2022,1140.0,CE,0.0,0.0,0.0,191.35,603.05,0,0.0,0,0,18-APR-2022,
OPTSTK,HAL,26-May-2022,1160.0,CE,0.0,0.0,0.0,178.0,583.15,0,0.0,0,0,18-APR-2022,
OPTSTK,HAL,26-May-2022,1180.0,CE,0.0,0.0,0.0,165.3,563.3,0,0.0,0,0,18-APR-2022,
OPTSTK,HAL,26-May-2022,1200.0,CE,0.0,0.0,0.0,153.25,543.45,0,0.0,0,0,18-APR-2022,
OPTSTK,HAL,26-May-2022,1220.0,CE,0.0,0.0,0.0,141.8,523.65,0,0.0,0,0,18-APR-2022,
OPTSTK,HAL,26-May-2022,1240.0,CE,0.0,0.0,0.0,130.95,503.85,0,0.0,0,0,18-APR-2022,
OPTSTK,HAL,26-May-2022,1260.0,CE,0.0,0.0,0.0,120.7,484.1,0,0.0,0,0,18-APR-2022,
OPTSTK,HAL,26-May-2022,1280.0,CE,0.0,0.0,0.0,111.05,464.45,0,0.0,0,0,18-APR-2022,
OPTSTK,HAL,26-May-2022,1300.0,CE,0.0,0.0,0.0,102.0,444.85,0,0.0,0,0,18-APR-2022,
OPTSTK,HAL,26-May-2022,1320.0,CE,0.0,0.0,0.0,93.5,425.4,0,0.0,0,0,18-APR-2022,
OPTSTK,HAL,26-May-2022,1340.0,CE,0.0,0.0,0.0,85.55,406.05,0,0.0,0,0,18-APR-2022,
OPTSTK,HAL,26-May-2022,1360.0,CE,0.0,0.0,0.0,78.15,386.8,0,0.0,0,0,18-APR-2022,
OPTSTK,HAL,26-May-2022,1380.0,CE,0.0,0.0,0.0,71.3,367.8,0,0.0,0,0,18-APR-2022,
OPTSTK,HAL,26-May-2022,1400.0,CE,0.0,0.0,0.0,64.9,349.0,0,0.0,0,0,18-APR-2022,
OPTSTK,HAL,26-May-2022,1420.0,CE,0.0,0.0,0.0,59.0,330.45,0,0.0,0,0,18-APR-2022,
OPTSTK,HAL,26-May-2022,1440.0,CE,0.0,0.0,0.0,53.55,312.2,0,0.0,0,0,18-APR-2022,
OPTSTK,HAL,26-May-2022,1460.0,CE,0.0,0.0,0.0,48.6,294.25,0,0.0,0,0,18-APR-2022,
OPTSTK,HAL,26-May-2022,1480.0,CE,0.0,0.0,0.0,44.0,276.7,0,0.0,0,0,18-APR-2022,
OPTSTK,HAL,26-May-2022,1500.0,CE,0.0,0.0,0.0,39.8,259.55,0,0.0,0,0,18-APR-2022,
OPTSTK,HAL,26-May-2022,1520.0,CE,0.0,0.0,0.0,35.9,242.85,0,0.0,0,0,18-APR-2022,
OPTSTK,HAL,26-May-2022,1540.0,CE,0.0,0.0,0.0,32.35,226.65,0,0.0,0,0,18-APR-2022,
OPTSTK,HAL,26-May-2022,1560.0,CE,0.0,0.0,0.0,29.1,210.95,0,0.0,0,0,18-APR-2022,
OPTSTK,HAL,26-May-2022,1580.0,CE,0.0,0.0,0.0,26.2,195.9,0,0.0,0,0,18-APR-2022,
OPTSTK,HAL,26-May-2022,1600.0,CE,0.0,0.0,0.0,2.0,181.35,0,0.0,0,0,18-APR-2022,
OPTSTK,HAL,26-May-2022,1620.0,CE,0.0,0.0,0.0,21.1,167.35,0,0.0,0,0,18-APR-2022,
OPTSTK,HAL,26-May-2022,1640.0,CE,0.0,0.0,0.0,18.9,154.05,0,0.0,0,0,18-APR-2022,
OPTSTK,HAL,26-May-2022,1660.0,CE,0.0,0.0,0.0,16.9,141.45,0,0.0,0,0,18-APR-2022,
OPTSTK,HAL,26-May-2022,1680.0,CE,0.0,0.0,0.0,15.1,129.45,0,0.0,0,0,18-APR-2022,
OPTSTK,HAL,26-May-2022,1700.0,CE,87.0,126.8,87.0,106.85,106.85,20,171.06,20900,5700,18-APR-2022,
OPTSTK,HAL,26-May-2022,1720.0,CE,0.0,0.0,0.0,12.05,107.6,0,0.0,0,0,18-APR-2022,
OPTSTK,HAL,26-May-2022,1740.0,CE,70.0,70.0,70.0,70.0,97.65,1,8.59,475,475,18-APR-2022,
OPTSTK,HAL,26-May-2022,1760.0,CE,0.0,0.0,0.0,9.55,88.35,0,0.0,0,0,18-APR-2022,
OPTSTK,HAL,26-May-2022,1780.0,CE,0.0,0.0,0.0,8.5,79.75,0,0.0,0,0,18-APR-2022,
OPTSTK,HAL,26-May-2022,1800.0,CE,54.0,80.55,54.0,72.6,72.6,60,532.71,22325,7600,18-APR-2022,
OPTSTK,HAL,26-May-2022,1820.0,CE,0.0,0.0,0.0,8.75,64.4,0,0.0,0,0,18-APR-2022,
OPTSTK,HAL,26-May-2022,1840.0,CE,0.0,0.0,0.0,7.8,57.65,0,0.0,0,0,18-APR-2022,
OPTSTK,HAL,26-May-2022,1860.0,CE,50.0,50.0,50.0,50.0,51.45,1,9.07,475,475,18-APR-2022,
OPTSTK,HAL,26-May-2022,1880.0,CE,0.0,0.0,0.0,11.15,45.8,0,0.0,0,0,18-APR-2022,
OPTSTK,HAL,26-May-2022,1900.0,CE,30.0,50.0,30.0,35.0,35.0,6,55.3,1425,1425,18-APR-2022,
OPTSTK,HAL,26-May-2022,1920.0,CE,0.0,0.0,0.0,9.35,36.1,0,0.0,0,0,18-APR-2022,
OPTSTK,HAL,26-May-2022,1940.0,CE,0.0,0.0,0.0,9.55,31.8,0,0.0,0,0,18-APR-2022,
OPTSTK,HAL,26-May-2022,1960.0,CE,0.0,0.0,0.0,8.45,28.05,0,0.0,0,0,18-APR-2022,
OPTSTK,HAL,26-May-2022,940.0,PE,0.0,0.0,0.0,6.6,0.0,0,0.0,0,0,18-APR-2022,
OPTSTK,HAL,26-May-2022,960.0,PE,0.0,0.0,0.0,8.35,0.0,0,0.0,0,0,18-APR-2022,
OPTSTK,HAL,26-May-2022,980.0,PE,0.0,0.0,0.0,10.4,0.0,0,0.0,0,0,18-APR-2022,
OPTSTK,HAL,26-May-2022,1000.0,PE,0.0,0.0,0.0,12.85,0.0,0,0.0,0,0,18-APR-2022,
OPTSTK,HAL,26-May-2022,1020.0,PE,0.0,0.0,0.0,15.7,0.0,0,0.0,0,0,18-APR-2022,
OPTSTK,HAL,26-May-2022,1040.0,PE,0.0,0.0,0.0,19.0,0.0,0,0.0,0,0,18-APR-2022,
OPTSTK,HAL,26-May-2022,1060.0,PE,0.0,0.0,0.0,22.8,0.05,0,0.0,0,0,18-APR-2022,
OPTSTK,HAL,26-May-2022,1080.0,PE,0.0,0.0,0.0,27.05,0.05,0,0.0,0,0,18-APR-2022,
OPTSTK,HAL,26-May-2022,1100.0,PE,0.0,0.0,0.0,31.9,0.05,0,0.0,0,0,18-APR-2022,
OPTSTK,HAL,26-May-2022,1120.0,PE,0.0,0.0,0.0,37.25,0.05,0,0.0,0,0,18-APR-2022,
OPTSTK,HAL,26-May-2022,1140.0,PE,0.0,0.0,0.0,43.15,0.05,0,0.0,0,0,18-APR-2022,
OPTSTK,HAL,26-May-2022,1160.0,PE,0.0,0.0,0.0,49.6,0.1,0,0.0,0,0,18-APR-2022,
OPTSTK,HAL,26-May-2022,1180.0,PE,0.0,0.0,0.0,56.7,0.15,0,0.0,0,0,18-APR-2022,
OPTSTK,HAL,26-May-2022,1200.0,PE,0.0,0.0,0.0,64.45,0.2,0,0.0,0,0,18-APR-2022,
OPTSTK,HAL,26-May-2022,1220.0,PE,0.0,0.0,0.0,72.75,0.3,0,0.0,0,0,18-APR-2022,
OPTSTK,HAL,26-May-2022,1240.0,PE,0.0,0.0,0.0,81.7,0.45,0,0.0,0,0,18-APR-2022,
OPTSTK,HAL,26-May-2022,1260.0,PE,0.0,0.0,0.0,91.25,0.6,0,0.0,0,0,18-APR-2022,
OPTSTK,HAL,26-May-2022,1280.0,PE,0.0,0.0,0.0,101.4,0.85,0,0.0,0,0,18-APR-2022,
OPTSTK,HAL,26-May-2022,1300.0,PE,5.0,5.0,5.0,5.0,1.2,1,6.19,950,0,18-APR-2022,
OPTSTK,HAL,26-May-2022,1320.0,PE,0.0,0.0,0.0,123.4,1.6,0,0.0,0,0,18-APR-2022,
OPTSTK,HAL,26-May-2022,1340.0,PE,0.0,0.0,0.0,135.3,2.15,0,0.0,0,0,18-APR-2022,
OPTSTK,HAL,26-May-2022,1360.0,PE,0.0,0.0,0.0,147.7,2.85,0,0.0,0,0,18-APR-2022,
OPTSTK,HAL,26-May-2022,1380.0,PE,0.0,0.0,0.0,160.6,3.75,0,0.0,0,0,18-APR-2022,
OPTSTK,HAL,26-May-2022,1400.0,PE,0.0,0.0,0.0,26.0,4.85,0,0.0,1900,0,18-APR-2022,
OPTSTK,HAL,26-May-2022,1420.0,PE,0.0,0.0,0.0,187.9,6.25,0,0.0,0,0,18-APR-2022,
OPTSTK,HAL,26-May-2022,1440.0,PE,0.0,0.0,0.0,202.25,7.9,0,0.0,0,0,18-APR-2022,
OPTSTK,HAL,26-May-2022,1460.0,PE,0.0,0.0,0.0,217.1,9.85,0,0.0,0,0,18-APR-2022,
OPTSTK,HAL,26-May-2022,1480.0,PE,0.0,0.0,0.0,232.3,12.25,0,0.0,0,0,18-APR-2022,
OPTSTK,HAL,26-May-2022,1500.0,PE,14.0,16.0,14.0,15.5,15.5,4,28.78,1900,1900,18-APR-2022,
OPTSTK,HAL,26-May-2022,1520.0,PE,0.0,0.0,0.0,263.75,18.2,0,0.0,0,0,18-APR-2022,
OPTSTK,HAL,26-May-2022,1540.0,PE,0.0,0.0,0.0,280.0,21.9,0,0.0,0,0,18-APR-2022,
OPTSTK,HAL,26-May-2022,1560.0,PE,0.0,0.0,0.0,30.0,26.15,0,0.0,1900,0,18-APR-2022,
OPTSTK,HAL,26-May-2022,1580.0,PE,0.0,0.0,0.0,313.4,31.0,0,0.0,0,0,18-APR-2022,
OPTSTK,HAL,26-May-2022,1600.0,PE,46.0,46.0,32.0,32.8,36.35,9,69.96,4750,1425,18-APR-2022,
OPTSTK,HAL,26-May-2022,1620.0,PE,0.0,0.0,0.0,347.9,42.25,0,0.0,0,0,18-APR-2022,
OPTSTK,HAL,26-May-2022,1640.0,PE,0.0,0.0,0.0,365.5,48.85,0,0.0,0,0,18-APR-2022,
OPTSTK,HAL,26-May-2022,1660.0,PE,63.0,63.0,52.0,52.0,56.15,2,16.31,950,950,18-APR-2022,
OPTSTK,HAL,26-May-2022,1680.0,PE,0.0,0.0,0.0,401.25,64.1,0,0.0,0,0,18-APR-2022,
OPTSTK,HAL,26-May-2022,1700.0,PE,68.0,68.0,68.0,68.0,68.0,2,16.79,950,950,18-APR-2022,
OPTSTK,HAL,26-May-2022,1720.0,PE,0.0,0.0,0.0,437.8,82.05,0,0.0,0,0,18-APR-2022,
OPTSTK,HAL,26-May-2022,1740.0,PE,0.0,0.0,0.0,456.25,92.0,0,0.0,0,0,18-APR-2022,
OPTSTK,HAL,26-May-2022,1760.0,PE,0.0,0.0,0.0,474.85,102.65,0,0.0,0,0,18-APR-2022,
OPTSTK,HAL,26-May-2022,1780.0,PE,0.0,0.0,0.0,493.6,113.95,0,0.0,0,0,18-APR-2022,
OPTSTK,HAL,26-May-2022,1800.0,PE,0.0,0.0,0.0,512.45,125.9,0,0.0,0,0,18-APR-2022,
OPTSTK,HAL,26-May-2022,1820.0,PE,0.0,0.0,0.0,495.75,138.45,0,0.0,0,0,18-APR-2022,
OPTSTK,HAL,26-May-2022,1840.0,PE,0.0,0.0,0.0,514.55,151.6,0,0.0,0,0,18-APR-2022,
OPTSTK,HAL,26-May-2022,1860.0,PE,0.0,0.0,0.0,466.3,165.3,0,0.0,0,0,18-APR-2022,
OPTSTK,HAL,26-May-2022,1880.0,PE,0.0,0.0,0.0,484.8,179.55,0,0.0,0,0,18-APR-2022,
OPTSTK,HAL,26-May-2022,1900.0,PE,0.0,0.0,0.0,503.45,194.4,0,0.0,0,0,18-APR-2022,
OPTSTK,HAL,26-May-2022,1920.0,PE,0.0,0.0,0.0,520.25,209.65,0,0.0,0,0,18-APR-2022,
OPTSTK,HAL,26-May-2022,1940.0,PE,0.0,0.0,0.0,471.65,225.3,0,0.0,0,0,18-APR-2022,
OPTSTK,HAL,26-May-2022,1960.0,PE,0.0,0.0,0.0,490.4,241.4,0,0.0,0,0,18-APR-2022,
OPTSTK,HAL,30-Jun-2022,940.0,CE,0.0,0.0,0.0,555.9,805.95,0,0.0,0,0,18-APR-2022,
OPTSTK,HAL,30-Jun-2022,960.0,CE,0.0,0.0,0.0,536.45,786.15,0,0.0,0,0,18-APR-2022,
OPTSTK,HAL,30-Jun-2022,980.0,CE,0.0,0.0,0.0,517.15,766.35,0,0.0,0,0,18-APR-2022,
OPTSTK,HAL,30-Jun-2022,1000.0,CE,0.0,0.0,0.0,497.95,746.55,0,0.0,0,0,18-APR-2022,
OPTSTK,HAL,30-Jun-2022,1020.0,CE,0.0,0.0,0.0,478.9,726.75,0,0.0,0,0,18-APR-2022,
OPTSTK,HAL,30-Jun-2022,1040.0,CE,0.0,0.0,0.0,460.0,707.0,0,0.0,0,0,18-APR-2022,
OPTSTK,HAL,30-Jun-2022,1060.0,CE,0.0,0.0,0.0,441.3,687.25,0,0.0,0,0,18-APR-2022,
OPTSTK,HAL,30-Jun-2022,1080.0,CE,0.0,0.0,0.0,422.8,667.55,0,0.0,0,0,18-APR-2022,
OPTSTK,HAL,30-Jun-2022,1100.0,CE,0.0,0.0,0.0,404.55,647.9,0,0.0,0,0,18-APR-2022,
OPTSTK,HAL,30-Jun-2022,1120.0,CE,0.0,0.0,0.0,386.6,628.25,0,0.0,0,0,18-APR-2022,
OPTSTK,HAL,30-Jun-2022,1140.0,CE,0.0,0.0,0.0,368.9,608.7,0,0.0,0,0,18-APR-2022,
OPTSTK,HAL,30-Jun-2022,1160.0,CE,0.0,0.0,0.0,351.5,589.2,0,0.0,0,0,18-APR-2022,
OPTSTK,HAL,30-Jun-2022,1180.0,CE,0.0,0.0,0.0,334.45,569.8,0,0.0,0,0,18-APR-2022,
OPTSTK,HAL,30-Jun-2022,1200.0,CE,0.0,0.0,0.0,317.8,550.5,0,0.0,0,0,18-APR-2022,
OPTSTK,HAL,30-Jun-2022,1220.0,CE,0.0,0.0,0.0,301.55,531.3,0,0.0,0,0,18-APR-2022,
OPTSTK,HAL,30-Jun-2022,1240.0,CE,0.0,0.0,0.0,285.7,512.2,0,0.0,0,0,18-APR-2022,
OPTSTK,HAL,30-Jun-2022,1260.0,CE,0.0,0.0,0.0,270.25,493.3,0,0.0,0,0,18-APR-2022,
OPTSTK,HAL,30-Jun-2022,1280.0,CE,0.0,0.0,0.0,255.35,474.55,0,0.0,0,0,18-APR-2022,
OPTSTK,HAL,30-Jun-2022,1300.0,CE,0.0,0.0,0.0,240.85,456.0,0,0.0,0,0,18-APR-2022,
OPTSTK,HAL,30-Jun-2022,1320.0,CE,0.0,0.0,0.0,226.85,437.7,0,0.0,0,0,18-APR-2022,
OPTSTK,HAL,30-Jun-2022,1340.0,CE,0.0,0.0,0.0,213.3,419.6,0,0.0,0,0,18-APR-2022,
OPTSTK,HAL,30-Jun-2022,1360.0,CE,0.0,0.0,0.0,200.3,401.75,0,0.0,0,0,18-APR-2022,
OPTSTK,HAL,30-Jun-2022,1380.0,CE,0.0,0.0,0.0,187.85,384.2,0,0.0,0,0,18-APR-2022,
OPTSTK,HAL,30-Jun-2022,1400.0,CE,0.0,0.0,0.0,175.9,366.95,0,0.0,0,0,18-APR-2022,
OPTSTK,HAL,30-Jun-2022,1420.0,CE,0.0,0.0,0.0,164.5,350.05,0,0.0,0,0,18-APR-2022,
OPTSTK,HAL,30-Jun-2022,1440.0,CE,0.0,0.0,0.0,153.6,333.45,0,0.0,0,0,18-APR-2022,
OPTSTK,HAL,30-Jun-2022,1460.0,CE,0.0,0.0,0.0,143.25,317.25,0,0.0,0,0,18-APR-2022,
OPTSTK,HAL,30-Jun-2022,1480.0,CE,0.0,0.0,0.0,133.4,301.45,0,0.0,0,0,18-APR-2022,
OPTSTK,HAL,30-Jun-2022,1500.0,CE,0.0,0.0,0.0,124.05,286.05,0,0.0,0,0,18-APR-2022,
OPTSTK,HAL,30-Jun-2022,1520.0,CE,0.0,0.0,0.0,115.25,271.15,0,0.0,0,0,18-APR-2022,
OPTSTK,HAL,30-Jun-2022,1540.0,CE,0.0,0.0,0.0,106.9,256.6,0,0.0,0,0,18-APR-2022,
OPTSTK,HAL,30-Jun-2022,1560.0,CE,0.0,0.0,0.0,99.0,242.5,0,0.0,0,0,18-APR-2022,
OPTSTK,HAL,30-Jun-2022,1580.0,CE,0.0,0.0,0.0,91.6,228.85,0,0.0,0,0,18-APR-2022,
OPTSTK,HAL,30-Jun-2022,1600.0,CE,0.0,0.0,0.0,84.65,215.7,0,0.0,0,0,18-APR-2022,
OPTSTK,HAL,30-Jun-2022,1620.0,CE,0.0,0.0,0.0,78.1,203.05,0,0.0,0,0,18-APR-2022,
OPTSTK,HAL,30-Jun-2022,1640.0,CE,0.0,0.0,0.0,72.0,190.9,0,0.0,0,0,18-APR-2022,
OPTSTK,HAL,30-Jun-2022,1660.0,CE,0.0,0.0,0.0,66.3,179.25,0,0.0,0,0,18-APR-2022,
OPTSTK,HAL,30-Jun-2022,1680.0,CE,0.0,0.0,0.0,60.95,168.05,0,0.0,0,0,18-APR-2022,
OPTSTK,HAL,30-Jun-2022,1700.0,CE,0.0,0.0,0.0,56.1,157.35,0,0.0,0,0,18-APR-2022,
OPTSTK,HAL,30-Jun-2022,1720.0,CE,0.0,0.0,0.0,51.5,147.2,0,0.0,0,0,18-APR-2022,
OPTSTK,HAL,30-Jun-2022,1740.0,CE,0.0,0.0,0.0,47.2,137.45,0,0.0,0,0,18-APR-2022,
OPTSTK,HAL,30-Jun-2022,1760.0,CE,0.0,0.0,0.0,43.25,128.25,0,0.0,0,0,18-APR-2022,
OPTSTK,HAL,30-Jun-2022,1780.0,CE,0.0,0.0,0.0,39.55,119.45,0,0.0,0,0,18-APR-2022,
OPTSTK,HAL,30-Jun-2022,1800.0,CE,0.0,0.0,0.0,36.15,111.15,0,0.0,0,0,18-APR-2022,
OPTSTK,HAL,30-Jun-2022,1820.0,CE,0.0,0.0,0.0,33.0,103.3,0,0.0,0,0,18-APR-2022,
OPTSTK,HAL,30-Jun-2022,1840.0,CE,0.0,0.0,0.0,30.1,95.9,0,0.0,0,0,18-APR-2022,
OPTSTK,HAL,30-Jun-2022,1860.0,CE,0.0,0.0,0.0,27.45,88.9,0,0.0,0,0,18-APR-2022,
OPTSTK,HAL,30-Jun-2022,1880.0,CE,0.0,0.0,0.0,25.0,82.35,0,0.0,0,0,18-APR-2022,
OPTSTK,HAL,30-Jun-2022,1900.0,CE,0.0,0.0,0.0,22.7,76.15,0,0.0,0,0,18-APR-2022,
OPTSTK,HAL,30-Jun-2022,1920.0,CE,0.0,0.0,0.0,20.65,70.4,0,0.0,0,0,18-APR-2022,
OPTSTK,HAL,30-Jun-2022,1940.0,CE,0.0,0.0,0.0,18.75,64.95,0,0.0,0,0,18-APR-2022,
OPTSTK,HAL,30-Jun-2022,1960.0,CE,0.0,0.0,0.0,17.05,59.95,0,0.0,0,0,18-APR-2022,
OPTSTK,HAL,30-Jun-2022,940.0,PE,0.0,0.0,0.0,1.1,0.05,0,0.0,0,0,18-APR-2022,
OPTSTK,HAL,30-Jun-2022,960.0,PE,0.0,0.0,0.0,1.5,0.05,0,0.0,0,0,18-APR-2022,
OPTSTK,HAL,30-Jun-2022,980.0,PE,0.0,0.0,0.0,1.95,0.1,0,0.0,0,0,18-APR-2022,
OPTSTK,HAL,30-Jun-2022,1000.0,PE,0.0,0.0,0.0,2.55,0.15,0,0.0,0,0,18-APR-2022,
OPTSTK,HAL,30-Jun-2022,1020.0,PE,0.0,0.0,0.0,3.3,0.2,0,0.0,0,0,18-APR-2022,
OPTSTK,HAL,30-Jun-2022,1040.0,PE,0.0,0.0,0.0,4.2,0.25,0,0.0,0,0,18-APR-2022,
OPTSTK,HAL,30-Jun-2022,1060.0,PE,0.0,0.0,0.0,5.25,0.35,0,0.0,0,0,18-APR-2022,
OPTSTK,HAL,30-Jun-2022,1080.0,PE,0.0,0.0,0.0,6.55,0.45,0,0.0,0,0,18-APR-2022,
OPTSTK,HAL,30-Jun-2022,1100.0,PE,0.0,0.0,0.0,8.1,0.65,0,0.0,0,0,18-APR-2022,
OPTSTK,HAL,30-Jun-2022,1120.0,PE,0.0,0.0,0.0,9.9,0.85,0,0.0,0,0,18-APR-2022,
OPTSTK,HAL,30-Jun-2022,1140.0,PE,0.0,0.0,0.0,12.0,1.1,0,0.0,0,0,18-APR-2022,
OPTSTK,HAL,30-Jun-2022,1160.0,PE,0.0,0.0,0.0,14.4,1.45,0,0.0,0,0,18-APR-2022,
OPTSTK,HAL,30-Jun-2022,1180.0,PE,0.0,0.0,0.0,17.15,1.85,0,0.0,0,0,18-APR-2022,
OPTSTK,HAL,30-Jun-2022,1200.0,PE,0.0,0.0,0.0,20.3,2.35,0,0.0,0,0,18-APR-2022,
OPTSTK,HAL,30-Jun-2022,1220.0,PE,0.0,0.0,0.0,23.8,3.0,0,0.0,0,0,18-APR-2022,
OPTSTK,HAL,30-Jun-2022,1240.0,PE,0.0,0.0,0.0,27.75,3.75,0,0.0,0,0,18-APR-2022,
OPTSTK,HAL,30-Jun-2022,1260.0,PE,0.0,0.0,0.0,32.1,4.7,0,0.0,0,0,18-APR-2022,
OPTSTK,HAL,30-Jun-2022,1280.0,PE,0.0,0.0,0.0,37.0,5.8,0,0.0,0,0,18-APR-2022,
OPTSTK,HAL,30-Jun-2022,1300.0,PE,0.0,0.0,0.0,42.3,7.05,0,0.0,0,0,18-APR-2022,
OPTSTK,HAL,30-Jun-2022,1320.0,PE,0.0,0.0,0.0,48.1,8.55,0,0.0,0,0,18-APR-2022,
OPTSTK,HAL,30-Jun-2022,1340.0,PE,0.0,0.0,0.0,54.3,10.3,0,0.0,0,0,18-APR-2022,
OPTSTK,HAL,30-Jun-2022,1360.0,PE,0.0,0.0,0.0,61.1,12.3,0,0.0,0,0,18-APR-2022,
OPTSTK,HAL,30-Jun-2022,1380.0,PE,0.0,0.0,0.0,68.45,14.55,0,0.0,0,0,18-APR-2022,
OPTSTK,HAL,30-Jun-2022,1400.0,PE,0.0,0.0,0.0,76.3,17.15,0,0.0,0,0,18-APR-2022,
OPTSTK,HAL,30-Jun-2022,1420.0,PE,0.0,0.0,0.0,84.7,20.05,0,0.0,0,0,18-APR-2022,
OPTSTK,HAL,30-Jun-2022,1440.0,PE,0.0,0.0,0.0,93.6,23.35,0,0.0,0,0,18-APR-2022,
OPTSTK,HAL,30-Jun-2022,1460.0,PE,0.0,0.0,0.0,103.0,26.95,0,0.0,0,0,18-APR-2022,
OPTSTK,HAL,30-Jun-2022,1480.0,PE,0.0,0.0,0.0,112.95,31.0,0,0.0,0,0,18-APR-2022,
OPTSTK,HAL,30-Jun-2022,1500.0,PE,0.0,0.0,0.0,123.4,35.4,0,0.0,0,0,18-APR-2022,
OPTSTK,HAL,30-Jun-2022,1520.0,PE,0.0,0.0,0.0,134.35,40.35,0,0.0,0,0,18-APR-2022,
OPTSTK,HAL,30-Jun-2022,1540.0,PE,0.0,0.0,0.0,145.8,45.65,0,0.0,0,0,18-APR-2022,
OPTSTK,HAL,30-Jun-2022,1560.0,PE,0.0,0.0,0.0,157.7,51.35,0,0.0,0,0,18-APR-2022,
OPTSTK,HAL,30-Jun-2022,1580.0,PE,0.0,0.0,0.0,170.1,57.5,0,0.0,0,0,18-APR-2022,
OPTSTK,HAL,30-Jun-2022,1600.0,PE,0.0,0.0,0.0,182.9,64.2,0,0.0,0,0,18-APR-2022,
OPTSTK,HAL,30-Jun-2022,1620.0,PE,0.0,0.0,0.0,196.2,71.4,0,0.0,0,0,18-APR-2022,
OPTSTK,HAL,30-Jun-2022,1640.0,PE,0.0,0.0,0.0,209.85,79.05,0,0.0,0,0,18-APR-2022,
OPTSTK,HAL,30-Jun-2022,1660.0,PE,0.0,0.0,0.0,223.95,87.25,0,0.0,0,0,18-APR-2022,
OPTSTK,HAL,30-Jun-2022,1680.0,PE,0.0,0.0,0.0,238.4,95.9,0,0.0,0,0,18-APR-2022,
OPTSTK,HAL,30-Jun-2022,1700.0,PE,0.0,0.0,0.0,253.3,105.05,0,0.0,0,0,18-APR-2022,
OPTSTK,HAL,30-Jun-2022,1720.0,PE,0.0,0.0,0.0,268.5,114.65,0,0.0,0,0,18-APR-2022,
OPTSTK,HAL,30-Jun-2022,1740.0,PE,0.0,0.0,0.0,284.0,124.8,0,0.0,0,0,18-APR-2022,
OPTSTK,HAL,30-Jun-2022,1760.0,PE,0.0,0.0,0.0,299.85,135.4,0,0.0,0,0,18-APR-2022,
OPTSTK,HAL,30-Jun-2022,1780.0,PE,0.0,0.0,0.0,315.9,146.45,0,0.0,0,0,18-APR-2022,
OPTSTK,HAL,30-Jun-2022,1800.0,PE,0.0,0.0,0.0,332.3,158.0,0,0.0,0,0,18-APR-2022,
OPTSTK,HAL,30-Jun-2022,1820.0,PE,0.0,0.0,0.0,348.95,169.95,0,0.0,0,0,18-APR-2022,
OPTSTK,HAL,30-Jun-2022,1840.0,PE,0.0,0.0,0.0,365.85,182.4,0,0.0,0,0,18-APR-2022,
OPTSTK,HAL,30-Jun-2022,1860.0,PE,0.0,0.0,0.0,382.95,195.25,0,0.0,0,0,18-APR-2022,
OPTSTK,HAL,30-Jun-2022,1880.0,PE,0.0,0.0,0.0,400.3,208.5,0,0.0,0,0,18-APR-2022,
OPTSTK,HAL,30-Jun-2022,1900.0,PE,0.0,0.0,0.0,417.85,222.15,0,0.0,0,0,18-APR-2022,
OPTSTK,HAL,30-Jun-2022,1920.0,PE,0.0,0.0,0.0,435.55,236.2,0,0.0,0,0,18-APR-2022,
OPTSTK,HAL,30-Jun-2022,1940.0,PE,0.0,0.0,0.0,453.45,250.6,0,0.0,0,0,18-APR-2022,
OPTSTK,HAL,30-Jun-2022,1960.0,PE,0.0,0.0,0.0,471.5,265.4,0,0.0,0,0,18-APR-2022,
OPTSTK,HAVELLS,28-Apr-2022,800.0,CE,0.0,0.0,0.0,356.0,480.65,0,0.0,0,0,18-APR-2022,
OPTSTK,HAVELLS,28-Apr-2022,820.0,CE,0.0,0.0,0.0,337.15,460.7,0,0.0,0,0,18-APR-2022,
OPTSTK,HAVELLS,28-Apr-2022,840.0,CE,0.0,0.0,0.0,318.5,440.7,0,0.0,0,0,18-APR-2022,
OPTSTK,HAVELLS,28-Apr-2022,860.0,CE,0.0,0.0,0.0,300.2,420.75,0,0.0,0,0,18-APR-2022,
OPTSTK,HAVELLS,28-Apr-2022,880.0,CE,0.0,0.0,0.0,282.25,400.75,0,0.0,0,0,18-APR-2022,
OPTSTK,HAVELLS,28-Apr-2022,900.0,CE,0.0,0.0,0.0,264.7,380.8,0,0.0,0,0,18-APR-2022,
OPTSTK,HAVELLS,28-Apr-2022,920.0,CE,0.0,0.0,0.0,247.55,360.8,0,0.0,0,0,18-APR-2022,
OPTSTK,HAVELLS,28-Apr-2022,940.0,CE,0.0,0.0,0.0,230.95,340.85,0,0.0,0,0,18-APR-2022,
OPTSTK,HAVELLS,28-Apr-2022,960.0,CE,0.0,0.0,0.0,214.85,320.85,0,0.0,0,0,18-APR-2022,
OPTSTK,HAVELLS,28-Apr-2022,980.0,CE,0.0,0.0,0.0,199.35,300.85,0,0.0,0,0,18-APR-2022,
OPTSTK,HAVELLS,28-Apr-2022,1000.0,CE,0.0,0.0,0.0,158.25,280.9,0,0.0,1500,0,18-APR-2022,
OPTSTK,HAVELLS,28-Apr-2022,1020.0,CE,0.0,0.0,0.0,170.25,260.9,0,0.0,0,0,18-APR-2022,
OPTSTK,HAVELLS,28-Apr-2022,1040.0,CE,0.0,0.0,0.0,156.6,240.95,0,0.0,0,0,18-APR-2022,
OPTSTK,HAVELLS,28-Apr-2022,1060.0,CE,0.0,0.0,0.0,143.75,221.0,0,0.0,0,0,18-APR-2022,
OPTSTK,HAVELLS,28-Apr-2022,1080.0,CE,0.0,0.0,0.0,131.55,201.1,0,0.0,0,0,18-APR-2022,
OPTSTK,HAVELLS,28-Apr-2022,1100.0,CE,187.0,187.0,176.95,176.95,181.3,10,64.21,7000,-1500,18-APR-2022,
OPTSTK,HAVELLS,28-Apr-2022,1120.0,CE,174.7,174.7,174.7,174.7,161.65,1,6.47,9000,0,18-APR-2022,
OPTSTK,HAVELLS,28-Apr-2022,1140.0,CE,130.0,130.0,130.0,130.0,142.3,1,6.35,17500,500,18-APR-2022,
OPTSTK,HAVELLS,28-Apr-2022,1160.0,CE,114.85,128.45,111.7,125.7,125.7,13,83.33,34500,-2500,18-APR-2022,
OPTSTK,HAVELLS,28-Apr-2022,1180.0,CE,100.0,120.0,96.5,103.45,105.25,9,57.84,23000,-2500,18-APR-2022,
OPTSTK,HAVELLS,28-Apr-2022,1200.0,CE,86.1,105.0,78.0,88.3,88.05,26,167.93,55500,-5000,18-APR-2022,
OPTSTK,HAVELLS,28-Apr-2022,1220.0,CE,66.95,76.75,62.85,65.05,72.1,23,148.17,36500,-5000,18-APR-2022,
OPTSTK,HAVELLS,28-Apr-2022,1240.0,CE,58.0,70.0,49.9,58.4,58.4,15,97.39,77000,2500,18-APR-2022,
OPTSTK,HAVELLS,28-Apr-2022,1260.0,CE,43.5,57.0,36.0,44.9,44.9,589,3843.8,96000,-18000,18-APR-2022,
OPTSTK,HAVELLS,28-Apr-2022,1280.0,CE,30.7,45.0,26.45,33.3,33.3,2354,15486.18,292000,-5000,18-APR-2022,
OPTSTK,HAVELLS,28-Apr-2022,1300.0,CE,22.0,34.75,18.5,23.9,23.9,4515,29961.75,425500,87000,18-APR-2022,
OPTSTK,HAVELLS,28-Apr-2022,1320.0,CE,17.7,25.5,12.65,16.6,16.6,670,4483.58,115000,44000,18-APR-2022,
OPTSTK,HAVELLS,28-Apr-2022,1340.0,CE,12.0,18.15,8.6,11.3,11.3,602,4072.44,125000,6000,18-APR-2022,
OPTSTK,HAVELLS,28-Apr-2022,1360.0,CE,7.6,12.5,5.8,7.7,7.7,389,2662.71,57000,12000,18-APR-2022,
OPTSTK,HAVELLS,28-Apr-2022,1380.0,CE,5.0,8.85,4.0,5.1,5.1,244,1690.67,94500,0,18-APR-2022,
OPTSTK,HAVELLS,28-Apr-2022,1400.0,CE,4.2,6.0,2.75,3.5,3.5,737,5174.26,198000,-5500,18-APR-2022,
OPTSTK,HAVELLS,28-Apr-2022,1420.0,CE,3.5,3.95,1.9,2.4,2.4,41,291.66,39000,2000,18-APR-2022,
OPTSTK,HAVELLS,28-Apr-2022,1440.0,CE,2.25,3.45,1.35,1.6,1.6,332,2393.56,72000,-8500,18-APR-2022,
OPTSTK,HAVELLS,28-Apr-2022,1460.0,CE,1.7,2.05,1.05,1.4,0.85,33,241.15,19500,-5000,18-APR-2022,
OPTSTK,HAVELLS,28-Apr-2022,1480.0,CE,1.5,1.5,1.5,1.5,0.5,1,7.4,1000,500,18-APR-2022,
OPTSTK,HAVELLS,28-Apr-2022,1500.0,CE,0.85,1.35,0.8,0.95,0.95,44,330.21,108500,-2500,18-APR-2022,
OPTSTK,HAVELLS,28-Apr-2022,1520.0,CE,0.0,0.0,0.0,0.55,0.15,0,0.0,15000,0,18-APR-2022,
OPTSTK,HAVELLS,28-Apr-2022,1540.0,CE,0.0,0.0,0.0,9.1,0.1,0,0.0,0,0,18-APR-2022,
OPTSTK,HAVELLS,28-Apr-2022,1560.0,CE,0.0,0.0,0.0,7.9,0.05,0,0.0,0,0,18-APR-2022,
OPTSTK,HAVELLS,28-Apr-2022,1580.0,CE,0.0,0.0,0.0,6.9,0.05,0,0.0,0,0,18-APR-2022,
OPTSTK,HAVELLS,28-Apr-2022,1600.0,CE,0.3,0.3,0.3,0.3,0.05,1,8.0,500,-500,18-APR-2022,
OPTSTK,HAVELLS,28-Apr-2022,1620.0,CE,0.0,0.0,0.0,5.2,0.0,0,0.0,0,0,18-APR-2022,
OPTSTK,HAVELLS,28-Apr-2022,1640.0,CE,0.0,0.0,0.0,4.5,0.0,0,0.0,0,0,18-APR-2022,
OPTSTK,HAVELLS,28-Apr-2022,1660.0,CE,0.0,0.0,0.0,3.9,0.0,0,0.0,0,0,18-APR-2022,
OPTSTK,HAVELLS,28-Apr-2022,1680.0,CE,0.0,0.0,0.0,0.65,0.0,0,0.0,1000,0,18-APR-2022,
OPTSTK,HAVELLS,28-Apr-2022,1700.0,CE,0.3,0.35,0.3,0.35,0.0,4,34.0,10000,-1500,18-APR-2022,
OPTSTK,HAVELLS,28-Apr-2022,800.0,PE,0.0,0.0,0.0,2.45,0.0,0,0.0,0,0,18-APR-2022,
OPTSTK,HAVELLS,28-Apr-2022,820.0,PE,0.0,0.0,0.0,3.35,0.0,0,0.0,0,0,18-APR-2022,
OPTSTK,HAVELLS,28-Apr-2022,840.0,PE,0.0,0.0,0.0,4.5,0.0,0,0.0,0,0,18-APR-2022,
OPTSTK,HAVELLS,28-Apr-2022,860.0,PE,0.0,0.0,0.0,6.0,0.0,0,0.0,0,0,18-APR-2022,
OPTSTK,HAVELLS,28-Apr-2022,880.0,PE,0.0,0.0,0.0,7.8,0.0,0,0.0,0,0,18-APR-2022,
OPTSTK,HAVELLS,28-Apr-2022,900.0,PE,0.0,0.0,0.0,0.4,0.0,0,0.0,500,0,18-APR-2022,
OPTSTK,HAVELLS,28-Apr-2022,920.0,PE,0.0,0.0,0.0,12.75,0.0,0,0.0,0,0,18-APR-2022,
OPTSTK,HAVELLS,28-Apr-2022,940.0,PE,0.0,0.0,0.0,15.9,0.0,0,0.0,0,0,18-APR-2022,
OPTSTK,HAVELLS,28-Apr-2022,960.0,PE,0.0,0.0,0.0,19.6,0.0,0,0.0,0,0,18-APR-2022,
OPTSTK,HAVELLS,28-Apr-2022,980.0,PE,0.0,0.0,0.0,1.8,0.0,0,0.0,8000,0,18-APR-2022,
OPTSTK,HAVELLS,28-Apr-2022,1000.0,PE,0.3,0.85,0.3,0.4,0.0,19,95.04,85500,-1000,18-APR-2022,
OPTSTK,HAVELLS,28-Apr-2022,1020.0,PE,1.0,1.0,0.2,0.2,0.2,4,20.41,6000,0,18-APR-2022,
OPTSTK,HAVELLS,28-Apr-2022,1040.0,PE,0.55,0.75,0.5,0.55,0.55,15,78.03,12000,-6500,18-APR-2022,
OPTSTK,HAVELLS,28-Apr-2022,1060.0,PE,0.55,0.85,0.55,0.7,0.7,2,10.6,80500,0,18-APR-2022,
OPTSTK,HAVELLS,28-Apr-2022,1080.0,PE,1.15,1.3,1.15,1.3,0.15,13,70.27,24000,-6500,18-APR-2022,
OPTSTK,HAVELLS,28-Apr-2022,1100.0,PE,1.0,2.15,1.0,1.35,1.35,163,897.58,142000,-10000,18-APR-2022,
OPTSTK,HAVELLS,28-Apr-2022,1120.0,PE,1.95,2.15,1.25,1.7,1.7,71,398.16,40000,-10000,18-APR-2022,
OPTSTK,HAVELLS,28-Apr-2022,1140.0,PE,3.0,3.0,1.75,2.25,2.25,45,256.96,101500,-5500,18-APR-2022,
OPTSTK,HAVELLS,28-Apr-2022,1160.0,PE,4.0,4.55,2.2,3.2,3.2,146,849.15,67500,-4000,18-APR-2022,
OPTSTK,HAVELLS,28-Apr-2022,1180.0,PE,4.4,6.7,3.1,4.7,4.7,226,1338.6,61000,-500,18-APR-2022,
OPTSTK,HAVELLS,28-Apr-2022,1200.0,PE,8.65,10.1,4.75,6.85,6.85,548,3307.11,135000,5000,18-APR-2022,
OPTSTK,HAVELLS,28-Apr-2022,1220.0,PE,10.0,15.05,7.8,10.65,10.65,154,948.46,78500,-14000,18-APR-2022,
OPTSTK,HAVELLS,28-Apr-2022,1240.0,PE,16.0,21.95,11.7,15.65,15.65,377,2367.99,43500,-25500,18-APR-2022,
OPTSTK,HAVELLS,28-Apr-2022,1260.0,PE,29.8,30.7,16.9,22.35,22.35,818,5255.15,82000,16500,18-APR-2022,
OPTSTK,HAVELLS,28-Apr-2022,1280.0,PE,39.25,40.55,24.6,30.85,30.85,555,3640.77,43500,8000,18-APR-2022,
OPTSTK,HAVELLS,28-Apr-2022,1300.0,PE,40.3,53.1,34.25,40.75,40.75,194,1302.15,23000,2500,18-APR-2022,
OPTSTK,HAVELLS,28-Apr-2022,1320.0,PE,52.0,65.45,52.0,65.45,57.0,5,34.47,2000,0,18-APR-2022,
OPTSTK,HAVELLS,28-Apr-2022,1340.0,PE,0.0,0.0,0.0,214.05,71.6,0,0.0,0,0,18-APR-2022,
OPTSTK,HAVELLS,28-Apr-2022,1360.0,PE,0.0,0.0,0.0,230.0,87.4,0,0.0,0,0,18-APR-2022,
OPTSTK,HAVELLS,28-Apr-2022,1380.0,PE,0.0,0.0,0.0,246.35,104.45,0,0.0,0,0,18-APR-2022,
OPTSTK,HAVELLS,28-Apr-2022,1400.0,PE,0.0,0.0,0.0,144.0,122.35,0,0.0,500,0,18-APR-2022,
OPTSTK,HAVELLS,28-Apr-2022,1420.0,PE,0.0,0.0,0.0,280.15,140.95,0,0.0,0,0,18-APR-2022,
OPTSTK,HAVELLS,28-Apr-2022,1440.0,PE,0.0,0.0,0.0,284.0,160.05,0,0.0,500,0,18-APR-2022,
OPTSTK,HAVELLS,28-Apr-2022,1460.0,PE,0.0,0.0,0.0,315.1,179.45,0,0.0,0,0,18-APR-2022,
OPTSTK,HAVELLS,28-Apr-2022,1480.0,PE,0.0,0.0,0.0,333.0,199.05,0,0.0,0,0,18-APR-2022,
OPTSTK,HAVELLS,28-Apr-2022,1500.0,PE,0.0,0.0,0.0,351.05,218.85,0,0.0,0,0,18-APR-2022,
OPTSTK,HAVELLS,28-Apr-2022,1520.0,PE,0.0,0.0,0.0,369.35,238.7,0,0.0,0,0,18-APR-2022,
OPTSTK,HAVELLS,28-Apr-2022,1540.0,PE,0.0,0.0,0.0,387.8,258.6,0,0.0,0,0,18-APR-2022,
OPTSTK,HAVELLS,28-Apr-2022,1560.0,PE,0.0,0.0,0.0,406.4,278.55,0,0.0,0,0,18-APR-2022,
OPTSTK,HAVELLS,28-Apr-2022,1580.0,PE,0.0,0.0,0.0,425.15,298.5,0,0.0,0,0,18-APR-2022,
OPTSTK,HAVELLS,28-Apr-2022,1600.0,PE,0.0,0.0,0.0,444.05,318.5,0,0.0,0,0,18-APR-2022,
OPTSTK,HAVELLS,28-Apr-2022,1620.0,PE,0.0,0.0,0.0,463.05,338.45,0,0.0,0,0,18-APR-2022,
OPTSTK,HAVELLS,28-Apr-2022,1640.0,PE,0.0,0.0,0.0,482.15,358.45,0,0.0,0,0,18-APR-2022,
OPTSTK,HAVELLS,28-Apr-2022,1660.0,PE,0.0,0.0,0.0,501.35,378.4,0,0.0,0,0,18-APR-2022,
OPTSTK,HAVELLS,28-Apr-2022,1680.0,PE,0.0,0.0,0.0,520.6,398.4,0,0.0,0,0,18-APR-2022,
OPTSTK,HAVELLS,28-Apr-2022,1700.0,PE,0.0,0.0,0.0,539.95,418.35,0,0.0,0,0,18-APR-2022,
OPTSTK,HAVELLS,26-May-2022,800.0,CE,0.0,0.0,0.0,357.95,483.3,0,0.0,0,0,18-APR-2022,
OPTSTK,HAVELLS,26-May-2022,820.0,CE,0.0,0.0,0.0,339.0,463.4,0,0.0,0,0,18-APR-2022,
OPTSTK,HAVELLS,26-May-2022,840.0,CE,0.0,0.0,0.0,320.3,443.5,0,0.0,0,0,18-APR-2022,
OPTSTK,HAVELLS,26-May-2022,860.0,CE,0.0,0.0,0.0,301.85,423.6,0,0.0,0,0,18-APR-2022,
OPTSTK,HAVELLS,26-May-2022,880.0,CE,0.0,0.0,0.0,283.8,403.7,0,0.0,0,0,18-APR-2022,
OPTSTK,HAVELLS,26-May-2022,900.0,CE,0.0,0.0,0.0,266.1,383.85,0,0.0,0,0,18-APR-2022,
OPTSTK,HAVELLS,26-May-2022,920.0,CE,0.0,0.0,0.0,248.9,364.05,0,0.0,0,0,18-APR-2022,
OPTSTK,HAVELLS,26-May-2022,940.0,CE,0.0,0.0,0.0,232.15,344.25,0,0.0,0,0,18-APR-2022,
OPTSTK,HAVELLS,26-May-2022,960.0,CE,0.0,0.0,0.0,215.9,324.6,0,0.0,0,0,18-APR-2022,
OPTSTK,HAVELLS,26-May-2022,980.0,CE,0.0,0.0,0.0,200.25,305.0,0,0.0,0,0,18-APR-2022,
OPTSTK,HAVELLS,26-May-2022,1000.0,CE,0.0,0.0,0.0,185.25,285.6,0,0.0,0,0,18-APR-2022,
OPTSTK,HAVELLS,26-May-2022,1020.0,CE,0.0,0.0,0.0,170.85,266.4,0,0.0,0,0,18-APR-2022,
OPTSTK,HAVELLS,26-May-2022,1040.0,CE,0.0,0.0,0.0,157.1,247.45,0,0.0,0,0,18-APR-2022,
OPTSTK,HAVELLS,26-May-2022,1060.0,CE,0.0,0.0,0.0,144.05,228.85,0,0.0,0,0,18-APR-2022,
OPTSTK,HAVELLS,26-May-2022,1080.0,CE,0.0,0.0,0.0,131.75,210.65,0,0.0,0,0,18-APR-2022,
OPTSTK,HAVELLS,26-May-2022,1100.0,CE,0.0,0.0,0.0,120.15,193.0,0,0.0,0,0,18-APR-2022,
OPTSTK,HAVELLS,26-May-2022,1120.0,CE,0.0,0.0,0.0,109.3,175.9,0,0.0,0,0,18-APR-2022,
OPTSTK,HAVELLS,26-May-2022,1140.0,CE,0.0,0.0,0.0,99.15,159.45,0,0.0,0,0,18-APR-2022,
OPTSTK,HAVELLS,26-May-2022,1160.0,CE,0.0,0.0,0.0,89.7,143.75,0,0.0,0,0,18-APR-2022,
OPTSTK,HAVELLS,26-May-2022,1180.0,CE,0.0,0.0,0.0,80.95,128.9,0,0.0,0,0,18-APR-2022,
OPTSTK,HAVELLS,26-May-2022,1200.0,CE,0.0,0.0,0.0,113.0,114.85,0,0.0,1500,0,18-APR-2022,
OPTSTK,HAVELLS,26-May-2022,1220.0,CE,0.0,0.0,0.0,65.4,101.75,0,0.0,0,0,18-APR-2022,
OPTSTK,HAVELLS,26-May-2022,1240.0,CE,0.0,0.0,0.0,58.55,89.6,0,0.0,0,0,18-APR-2022,
OPTSTK,HAVELLS,26-May-2022,1260.0,CE,0.0,0.0,0.0,52.3,78.45,0,0.0,0,0,18-APR-2022,
OPTSTK,HAVELLS,26-May-2022,1280.0,CE,0.0,0.0,0.0,46.6,68.25,0,0.0,0,0,18-APR-2022,
OPTSTK,HAVELLS,26-May-2022,1300.0,CE,52.5,55.35,52.5,54.55,59.0,5,33.84,3000,0,18-APR-2022,
OPTSTK,HAVELLS,26-May-2022,1320.0,CE,0.0,0.0,0.0,36.85,50.7,0,0.0,0,0,18-APR-2022,
OPTSTK,HAVELLS,26-May-2022,1340.0,CE,0.0,0.0,0.0,32.65,43.35,0,0.0,0,0,18-APR-2022,
OPTSTK,HAVELLS,26-May-2022,1360.0,CE,0.0,0.0,0.0,28.8,36.8,0,0.0,0,0,18-APR-2022,
OPTSTK,HAVELLS,26-May-2022,1380.0,CE,0.0,0.0,0.0,25.4,31.05,0,0.0,0,0,18-APR-2022,
OPTSTK,HAVELLS,26-May-2022,1400.0,CE,20.0,22.0,20.0,22.0,26.15,2,14.21,2500,500,18-APR-2022,
OPTSTK,HAVELLS,26-May-2022,1420.0,CE,0.0,0.0,0.0,19.65,21.8,0,0.0,0,0,18-APR-2022,
OPTSTK,HAVELLS,26-May-2022,1440.0,CE,0.0,0.0,0.0,13.0,18.1,0,0.0,500,0,18-APR-2022,
OPTSTK,HAVELLS,26-May-2022,1460.0,CE,0.0,0.0,0.0,15.1,14.95,0,0.0,0,0,18-APR-2022,
OPTSTK,HAVELLS,26-May-2022,1480.0,CE,0.0,0.0,0.0,13.15,12.25,0,0.0,0,0,18-APR-2022,
OPTSTK,HAVELLS,26-May-2022,1500.0,CE,0.0,0.0,0.0,13.35,10.0,0,0.0,500,0,18-APR-2022,
OPTSTK,HAVELLS,26-May-2022,1520.0,CE,0.0,0.0,0.0,10.0,8.15,0,0.0,0,0,18-APR-2022,
OPTSTK,HAVELLS,26-May-2022,1540.0,CE,0.0,0.0,0.0,8.7,6.55,0,0.0,0,0,18-APR-2022,
OPTSTK,HAVELLS,26-May-2022,1560.0,CE,0.0,0.0,0.0,7.55,5.3,0,0.0,0,0,18-APR-2022,
OPTSTK,HAVELLS,26-May-2022,1580.0,CE,0.0,0.0,0.0,6.55,4.25,0,0.0,0,0,18-APR-2022,
OPTSTK,HAVELLS,26-May-2022,1600.0,CE,0.0,0.0,0.0,5.65,3.35,0,0.0,0,0,18-APR-2022,
OPTSTK,HAVELLS,26-May-2022,1620.0,CE,0.0,0.0,0.0,4.9,2.65,0,0.0,0,0,18-APR-2022,
OPTSTK,HAVELLS,26-May-2022,1640.0,CE,0.0,0.0,0.0,4.25,2.1,0,0.0,0,0,18-APR-2022,
OPTSTK,HAVELLS,26-May-2022,1660.0,CE,0.0,0.0,0.0,3.65,1.65,0,0.0,0,0,18-APR-2022,
OPTSTK,HAVELLS,26-May-2022,1680.0,CE,0.0,0.0,0.0,3.15,1.3,0,0.0,0,0,18-APR-2022,
OPTSTK,HAVELLS,26-May-2022,1700.0,CE,0.0,0.0,0.0,2.7,1.0,0,0.0,0,0,18-APR-2022,
OPTSTK,HAVELLS,26-May-2022,800.0,PE,0.0,0.0,0.0,2.15,0.0,0,0.0,0,0,18-APR-2022,
OPTSTK,HAVELLS,26-May-2022,820.0,PE,0.0,0.0,0.0,3.0,0.05,0,0.0,0,0,18-APR-2022,
OPTSTK,HAVELLS,26-May-2022,840.0,PE,0.0,0.0,0.0,4.1,0.05,0,0.0,0,0,18-APR-2022,
OPTSTK,HAVELLS,26-May-2022,860.0,PE,0.0,0.0,0.0,5.45,0.05,0,0.0,0,0,18-APR-2022,
OPTSTK,HAVELLS,26-May-2022,880.0,PE,0.0,0.0,0.0,7.2,0.1,0,0.0,0,0,18-APR-2022,
OPTSTK,HAVELLS,26-May-2022,900.0,PE,0.0,0.0,0.0,9.3,0.15,0,0.0,0,0,18-APR-2022,
OPTSTK,HAVELLS,26-May-2022,920.0,PE,0.0,0.0,0.0,11.85,0.2,0,0.0,0,0,18-APR-2022,
OPTSTK,HAVELLS,26-May-2022,940.0,PE,0.0,0.0,0.0,14.9,0.35,0,0.0,0,0,18-APR-2022,
OPTSTK,HAVELLS,26-May-2022,960.0,PE,0.0,0.0,0.0,18.45,0.6,0,0.0,0,0,18-APR-2022,
OPTSTK,HAVELLS,26-May-2022,980.0,PE,0.0,0.0,0.0,22.6,0.95,0,0.0,0,0,18-APR-2022,
OPTSTK,HAVELLS,26-May-2022,1000.0,PE,0.0,0.0,0.0,27.4,1.4,0,0.0,0,0,18-APR-2022,
OPTSTK,HAVELLS,26-May-2022,1020.0,PE,0.0,0.0,0.0,32.8,2.15,0,0.0,0,0,18-APR-2022,
OPTSTK,HAVELLS,26-May-2022,1040.0,PE,0.0,0.0,0.0,38.8,3.1,0,0.0,0,0,18-APR-2022,
OPTSTK,HAVELLS,26-May-2022,1060.0,PE,0.0,0.0,0.0,45.55,4.4,0,0.0,0,0,18-APR-2022,
OPTSTK,HAVELLS,26-May-2022,1080.0,PE,0.0,0.0,0.0,53.05,6.15,0,0.0,0,0,18-APR-2022,
OPTSTK,HAVELLS,26-May-2022,1100.0,PE,0.0,0.0,0.0,61.25,8.4,0,0.0,0,0,18-APR-2022,
OPTSTK,HAVELLS,26-May-2022,1120.0,PE,0.0,0.0,0.0,70.2,11.2,0,0.0,0,0,18-APR-2022,
OPTSTK,HAVELLS,26-May-2022,1140.0,PE,0.0,0.0,0.0,79.8,14.65,0,0.0,0,0,18-APR-2022,
OPTSTK,HAVELLS,26-May-2022,1160.0,PE,0.0,0.0,0.0,90.15,18.9,0,0.0,0,0,18-APR-2022,
OPTSTK,HAVELLS,26-May-2022,1180.0,PE,0.0,0.0,0.0,101.2,23.95,0,0.0,0,0,18-APR-2022,
OPTSTK,HAVELLS,26-May-2022,1200.0,PE,36.0,36.0,30.0,30.0,29.8,3,18.48,4000,500,18-APR-2022,
OPTSTK,HAVELLS,26-May-2022,1220.0,PE,0.0,0.0,0.0,125.2,36.6,0,0.0,0,0,18-APR-2022,
OPTSTK,HAVELLS,26-May-2022,1240.0,PE,56.95,56.95,56.95,56.95,44.35,1,6.48,1500,0,18-APR-2022,
OPTSTK,HAVELLS,26-May-2022,1260.0,PE,0.0,0.0,0.0,151.7,53.1,0,0.0,0,0,18-APR-2022,
OPTSTK,HAVELLS,26-May-2022,1280.0,PE,0.0,0.0,0.0,165.8,62.85,0,0.0,0,0,18-APR-2022,
OPTSTK,HAVELLS,26-May-2022,1300.0,PE,65.0,65.0,65.0,65.0,73.5,1,6.82,500,500,18-APR-2022,
OPTSTK,HAVELLS,26-May-2022,1320.0,PE,0.0,0.0,0.0,195.65,85.15,0,0.0,0,0,18-APR-2022,
OPTSTK,HAVELLS,26-May-2022,1340.0,PE,0.0,0.0,0.0,211.2,97.65,0,0.0,0,0,18-APR-2022,
OPTSTK,HAVELLS,26-May-2022,1360.0,PE,0.0,0.0,0.0,227.2,111.05,0,0.0,0,0,18-APR-2022,
OPTSTK,HAVELLS,26-May-2022,1380.0,PE,0.0,0.0,0.0,243.55,125.2,0,0.0,0,0,18-APR-2022,
OPTSTK,HAVELLS,26-May-2022,1400.0,PE,0.0,0.0,0.0,260.3,140.2,0,0.0,0,0,18-APR-2022,
OPTSTK,HAVELLS,26-May-2022,1420.0,PE,0.0,0.0,0.0,277.4,155.75,0,0.0,0,0,18-APR-2022,
OPTSTK,HAVELLS,26-May-2022,1440.0,PE,0.0,0.0,0.0,294.75,172.0,0,0.0,0,0,18-APR-2022,
OPTSTK,HAVELLS,26-May-2022,1460.0,PE,0.0,0.0,0.0,312.4,188.75,0,0.0,0,0,18-APR-2022,
OPTSTK,HAVELLS,26-May-2022,1480.0,PE,0.0,0.0,0.0,330.3,205.95,0,0.0,0,0,18-APR-2022,
OPTSTK,HAVELLS,26-May-2022,1500.0,PE,0.0,0.0,0.0,348.4,223.65,0,0.0,0,0,18-APR-2022,
OPTSTK,HAVELLS,26-May-2022,1520.0,PE,0.0,0.0,0.0,366.7,241.65,0,0.0,0,0,18-APR-2022,
OPTSTK,HAVELLS,26-May-2022,1540.0,PE,0.0,0.0,0.0,385.2,260.0,0,0.0,0,0,18-APR-2022,
OPTSTK,HAVELLS,26-May-2022,1560.0,PE,0.0,0.0,0.0,403.85,278.65,0,0.0,0,0,18-APR-2022,
OPTSTK,HAVELLS,26-May-2022,1580.0,PE,0.0,0.0,0.0,422.6,297.5,0,0.0,0,0,18-APR-2022,
OPTSTK,HAVELLS,26-May-2022,1600.0,PE,0.0,0.0,0.0,441.5,316.55,0,0.0,0,0,18-APR-2022,
OPTSTK,HAVELLS,26-May-2022,1620.0,PE,0.0,0.0,0.0,460.55,335.75,0,0.0,0,0,18-APR-2022,
OPTSTK,HAVELLS,26-May-2022,1640.0,PE,0.0,0.0,0.0,479.65,355.1,0,0.0,0,0,18-APR-2022,
OPTSTK,HAVELLS,26-May-2022,1660.0,PE,0.0,0.0,0.0,498.9,374.6,0,0.0,0,0,18-APR-2022,
OPTSTK,HAVELLS,26-May-2022,1680.0,PE,0.0,0.0,0.0,518.15,394.15,0,0.0,0,0,18-APR-2022,
OPTSTK,HAVELLS,26-May-2022,1700.0,PE,0.0,0.0,0.0,537.5,413.75,0,0.0,0,0,18-APR-2022,
OPTSTK,HAVELLS,30-Jun-2022,800.0,CE,0.0,0.0,0.0,363.15,486.75,0,0.0,0,0,18-APR-2022,
OPTSTK,HAVELLS,30-Jun-2022,820.0,CE,0.0,0.0,0.0,344.15,467.05,0,0.0,0,0,18-APR-2022,
OPTSTK,HAVELLS,30-Jun-2022,840.0,CE,0.0,0.0,0.0,325.45,447.35,0,0.0,0,0,18-APR-2022,
OPTSTK,HAVELLS,30-Jun-2022,860.0,CE,0.0,0.0,0.0,307.05,427.8,0,0.0,0,0,18-APR-2022,
OPTSTK,HAVELLS,30-Jun-2022,880.0,CE,0.0,0.0,0.0,288.95,408.3,0,0.0,0,0,18-APR-2022,
OPTSTK,HAVELLS,30-Jun-2022,900.0,CE,0.0,0.0,0.0,271.2,388.9,0,0.0,0,0,18-APR-2022,
OPTSTK,HAVELLS,30-Jun-2022,920.0,CE,0.0,0.0,0.0,253.95,369.7,0,0.0,0,0,18-APR-2022,
OPTSTK,HAVELLS,30-Jun-2022,940.0,CE,0.0,0.0,0.0,237.15,350.65,0,0.0,0,0,18-APR-2022,
OPTSTK,HAVELLS,30-Jun-2022,960.0,CE,0.0,0.0,0.0,220.85,331.85,0,0.0,0,0,18-APR-2022,
OPTSTK,HAVELLS,30-Jun-2022,980.0,CE,0.0,0.0,0.0,205.1,313.35,0,0.0,0,0,18-APR-2022,
OPTSTK,HAVELLS,30-Jun-2022,1000.0,CE,0.0,0.0,0.0,190.0,295.1,0,0.0,0,0,18-APR-2022,
OPTSTK,HAVELLS,30-Jun-2022,1020.0,CE,0.0,0.0,0.0,175.55,277.25,0,0.0,0,0,18-APR-2022,
OPTSTK,HAVELLS,30-Jun-2022,1040.0,CE,0.0,0.0,0.0,161.7,259.8,0,0.0,0,0,18-APR-2022,
OPTSTK,HAVELLS,30-Jun-2022,1060.0,CE,0.0,0.0,0.0,148.5,242.8,0,0.0,0,0,18-APR-2022,
OPTSTK,HAVELLS,30-Jun-2022,1080.0,CE,0.0,0.0,0.0,136.1,226.3,0,0.0,0,0,18-APR-2022,
OPTSTK,HAVELLS,30-Jun-2022,1100.0,CE,0.0,0.0,0.0,124.35,210.35,0,0.0,0,0,18-APR-2022,
OPTSTK,HAVELLS,30-Jun-2022,1120.0,CE,0.0,0.0,0.0,113.3,194.95,0,0.0,0,0,18-APR-2022,
OPTSTK,HAVELLS,30-Jun-2022,1140.0,CE,0.0,0.0,0.0,103.0,180.25,0,0.0,0,0,18-APR-2022,
OPTSTK,HAVELLS,30-Jun-2022,1160.0,CE,0.0,0.0,0.0,93.4,166.1,0,0.0,0,0,18-APR-2022,
OPTSTK,HAVELLS,30-Jun-2022,1180.0,CE,0.0,0.0,0.0,84.45,152.6,0,0.0,0,0,18-APR-2022,
OPTSTK,HAVELLS,30-Jun-2022,1200.0,CE,0.0,0.0,0.0,76.15,139.85,0,0.0,0,0,18-APR-2022,
OPTSTK,HAVELLS,30-Jun-2022,1220.0,CE,0.0,0.0,0.0,68.55,127.8,0,0.0,0,0,18-APR-2022,
OPTSTK,HAVELLS,30-Jun-2022,1240.0,CE,0.0,0.0,0.0,61.5,116.5,0,0.0,0,0,18-APR-2022,
OPTSTK,HAVELLS,30-Jun-2022,1260.0,CE,0.0,0.0,0.0,55.1,105.85,0,0.0,0,0,18-APR-2022,
OPTSTK,HAVELLS,30-Jun-2022,1280.0,CE,0.0,0.0,0.0,49.25,95.9,0,0.0,0,0,18-APR-2022,
OPTSTK,HAVELLS,30-Jun-2022,1300.0,CE,0.0,0.0,0.0,43.9,86.7,0,0.0,0,0,18-APR-2022,
OPTSTK,HAVELLS,30-Jun-2022,1320.0,CE,0.0,0.0,0.0,39.1,78.15,0,0.0,0,0,18-APR-2022,
OPTSTK,HAVELLS,30-Jun-2022,1340.0,CE,0.0,0.0,0.0,34.75,70.2,0,0.0,0,0,18-APR-2022,
OPTSTK,HAVELLS,30-Jun-2022,1360.0,CE,0.0,0.0,0.0,30.75,62.95,0,0.0,0,0,18-APR-2022,
OPTSTK,HAVELLS,30-Jun-2022,1380.0,CE,0.0,0.0,0.0,27.2,56.3,0,0.0,0,0,18-APR-2022,
OPTSTK,HAVELLS,30-Jun-2022,1400.0,CE,0.0,0.0,0.0,24.0,50.2,0,0.0,0,0,18-APR-2022,
OPTSTK,HAVELLS,30-Jun-2022,1420.0,CE,0.0,0.0,0.0,21.15,44.65,0,0.0,0,0,18-APR-2022,
OPTSTK,HAVELLS,30-Jun-2022,1440.0,CE,0.0,0.0,0.0,18.6,39.7,0,0.0,0,0,18-APR-2022,
OPTSTK,HAVELLS,30-Jun-2022,1460.0,CE,0.0,0.0,0.0,16.35,35.2,0,0.0,0,0,18-APR-2022,
OPTSTK,HAVELLS,30-Jun-2022,1480.0,CE,0.0,0.0,0.0,14.3,31.05,0,0.0,0,0,18-APR-2022,
OPTSTK,HAVELLS,30-Jun-2022,1500.0,CE,0.0,0.0,0.0,12.5,27.4,0,0.0,0,0,18-APR-2022,
OPTSTK,HAVELLS,30-Jun-2022,1520.0,CE,0.0,0.0,0.0,10.95,24.1,0,0.0,0,0,18-APR-2022,
OPTSTK,HAVELLS,30-Jun-2022,1540.0,CE,0.0,0.0,0.0,9.55,21.15,0,0.0,0,0,18-APR-2022,
OPTSTK,HAVELLS,30-Jun-2022,1560.0,CE,0.0,0.0,0.0,8.3,18.5,0,0.0,0,0,18-APR-2022,
OPTSTK,HAVELLS,30-Jun-2022,1580.0,CE,0.0,0.0,0.0,7.25,16.2,0,0.0,0,0,18-APR-2022,
OPTSTK,HAVELLS,30-Jun-2022,1600.0,CE,0.0,0.0,0.0,6.3,14.15,0,0.0,0,0,18-APR-2022,
OPTSTK,HAVELLS,30-Jun-2022,800.0,PE,0.0,0.0,0.0,2.15,0.2,0,0.0,0,0,18-APR-2022,
OPTSTK,HAVELLS,30-Jun-2022,820.0,PE,0.0,0.0,0.0,3.0,0.35,0,0.0,0,0,18-APR-2022,
OPTSTK,HAVELLS,30-Jun-2022,840.0,PE,0.0,0.0,0.0,4.05,0.5,0,0.0,0,0,18-APR-2022,
OPTSTK,HAVELLS,30-Jun-2022,860.0,PE,0.0,0.0,0.0,5.45,0.75,0,0.0,0,0,18-APR-2022,
OPTSTK,HAVELLS,30-Jun-2022,880.0,PE,0.0,0.0,0.0,7.15,1.1,0,0.0,0,0,18-APR-2022,
OPTSTK,HAVELLS,30-Jun-2022,900.0,PE,0.0,0.0,0.0,9.2,1.55,0,0.0,0,0,18-APR-2022,
OPTSTK,HAVELLS,30-Jun-2022,920.0,PE,0.0,0.0,0.0,11.7,2.15,0,0.0,0,0,18-APR-2022,
OPTSTK,HAVELLS,30-Jun-2022,940.0,PE,0.0,0.0,0.0,14.7,2.95,0,0.0,0,0,18-APR-2022,
OPTSTK,HAVELLS,30-Jun-2022,960.0,PE,0.0,0.0,0.0,18.2,4.0,0,0.0,0,0,18-APR-2022,
OPTSTK,HAVELLS,30-Jun-2022,980.0,PE,0.0,0.0,0.0,22.25,5.3,0,0.0,0,0,18-APR-2022,
OPTSTK,HAVELLS,30-Jun-2022,1000.0,PE,0.0,0.0,0.0,26.95,6.9,0,0.0,0,0,18-APR-2022,
OPTSTK,HAVELLS,30-Jun-2022,1020.0,PE,0.0,0.0,0.0,32.25,8.85,0,0.0,0,0,18-APR-2022,
OPTSTK,HAVELLS,30-Jun-2022,1040.0,PE,0.0,0.0,0.0,38.2,11.25,0,0.0,0,0,18-APR-2022,
OPTSTK,HAVELLS,30-Jun-2022,1060.0,PE,0.0,0.0,0.0,44.8,14.1,0,0.0,0,0,18-APR-2022,
OPTSTK,HAVELLS,30-Jun-2022,1080.0,PE,0.0,0.0,0.0,52.15,17.4,0,0.0,0,0,18-APR-2022,
OPTSTK,HAVELLS,30-Jun-2022,1100.0,PE,0.0,0.0,0.0,60.25,21.3,0,0.0,0,0,18-APR-2022,
OPTSTK,HAVELLS,30-Jun-2022,1120.0,PE,0.0,0.0,0.0,69.0,25.75,0,0.0,0,0,18-APR-2022,
OPTSTK,HAVELLS,30-Jun-2022,1140.0,PE,0.0,0.0,0.0,78.45,30.85,0,0.0,0,0,18-APR-2022,
OPTSTK,HAVELLS,30-Jun-2022,1160.0,PE,0.0,0.0,0.0,88.65,36.55,0,0.0,0,0,18-APR-2022,
OPTSTK,HAVELLS,30-Jun-2022,1180.0,PE,0.0,0.0,0.0,99.5,42.9,0,0.0,0,0,18-APR-2022,
OPTSTK,HAVELLS,30-Jun-2022,1200.0,PE,0.0,0.0,0.0,111.0,49.95,0,0.0,0,0,18-APR-2022,
OPTSTK,HAVELLS,30-Jun-2022,1220.0,PE,0.0,0.0,0.0,123.15,57.75,0,0.0,0,0,18-APR-2022,
OPTSTK,HAVELLS,30-Jun-2022,1240.0,PE,60.0,60.0,60.0,60.0,66.25,1,6.5,1500,0,18-APR-2022,
OPTSTK,HAVELLS,30-Jun-2022,1260.0,PE,0.0,0.0,0.0,149.3,75.45,0,0.0,0,0,18-APR-2022,
OPTSTK,HAVELLS,30-Jun-2022,1280.0,PE,0.0,0.0,0.0,163.2,85.35,0,0.0,0,0,18-APR-2022,
OPTSTK,HAVELLS,30-Jun-2022,1300.0,PE,0.0,0.0,0.0,177.65,95.95,0,0.0,0,0,18-APR-2022,
OPTSTK,HAVELLS,30-Jun-2022,1320.0,PE,0.0,0.0,0.0,192.7,107.2,0,0.0,0,0,18-APR-2022,
OPTSTK,HAVELLS,30-Jun-2022,1340.0,PE,0.0,0.0,0.0,208.1,119.15,0,0.0,0,0,18-APR-2022,
OPTSTK,HAVELLS,30-Jun-2022,1360.0,PE,0.0,0.0,0.0,223.9,131.7,0,0.0,0,0,18-APR-2022,
OPTSTK,HAVELLS,30-Jun-2022,1380.0,PE,0.0,0.0,0.0,240.15,144.85,0,0.0,0,0,18-APR-2022,
OPTSTK,HAVELLS,30-Jun-2022,1400.0,PE,0.0,0.0,0.0,256.75,158.6,0,0.0,0,0,18-APR-2022,
OPTSTK,HAVELLS,30-Jun-2022,1420.0,PE,0.0,0.0,0.0,273.65,172.9,0,0.0,0,0,18-APR-2022,
OPTSTK,HAVELLS,30-Jun-2022,1440.0,PE,0.0,0.0,0.0,290.9,187.8,0,0.0,0,0,18-APR-2022,
OPTSTK,HAVELLS,30-Jun-2022,1460.0,PE,0.0,0.0,0.0,308.45,203.1,0,0.0,0,0,18-APR-2022,
OPTSTK,HAVELLS,30-Jun-2022,1480.0,PE,0.0,0.0,0.0,326.2,218.8,0,0.0,0,0,18-APR-2022,
OPTSTK,HAVELLS,30-Jun-2022,1500.0,PE,0.0,0.0,0.0,344.2,234.95,0,0.0,0,0,18-APR-2022,
OPTSTK,HAVELLS,30-Jun-2022,1520.0,PE,0.0,0.0,0.0,362.4,251.45,0,0.0,0,0,18-APR-2022,
OPTSTK,HAVELLS,30-Jun-2022,1540.0,PE,0.0,0.0,0.0,380.8,268.35,0,0.0,0,0,18-APR-2022,
OPTSTK,HAVELLS,30-Jun-2022,1560.0,PE,0.0,0.0,0.0,399.35,285.55,0,0.0,0,0,18-APR-2022,
OPTSTK,HAVELLS,30-Jun-2022,1580.0,PE,0.0,0.0,0.0,418.05,303.05,0,0.0,0,0,18-APR-2022,
OPTSTK,HAVELLS,30-Jun-2022,1600.0,PE,0.0,0.0,0.0,436.9,320.85,0,0.0,0,0,18-APR-2022,
OPTSTK,HCLTECH,28-Apr-2022,880.0,CE,0.0,0.0,0.0,216.95,222.85,0,0.0,0,0,18-APR-2022,
OPTSTK,HCLTECH,28-Apr-2022,890.0,CE,0.0,0.0,0.0,208.5,212.85,0,0.0,0,0,18-APR-2022,
OPTSTK,HCLTECH,28-Apr-2022,900.0,CE,0.0,0.0,0.0,200.15,202.9,0,0.0,0,0,18-APR-2022,
OPTSTK,HCLTECH,28-Apr-2022,910.0,CE,0.0,0.0,0.0,192.0,192.9,0,0.0,0,0,18-APR-2022,
OPTSTK,HCLTECH,28-Apr-2022,920.0,CE,0.0,0.0,0.0,183.95,182.9,0,0.0,0,0,18-APR-2022,
OPTSTK,HCLTECH,28-Apr-2022,930.0,CE,0.0,0.0,0.0,176.1,172.95,0,0.0,0,0,18-APR-2022,
OPTSTK,HCLTECH,28-Apr-2022,940.0,CE,0.0,0.0,0.0,168.45,162.95,0,0.0,0,0,18-APR-2022,
OPTSTK,HCLTECH,28-Apr-2022,950.0,CE,0.0,0.0,0.0,160.9,153.0,0,0.0,0,0,18-APR-2022,
OPTSTK,HCLTECH,28-Apr-2022,960.0,CE,0.0,0.0,0.0,153.65,143.1,0,0.0,0,0,18-APR-2022,
OPTSTK,HCLTECH,28-Apr-2022,970.0,CE,0.0,0.0,0.0,146.5,133.2,0,0.0,0,0,18-APR-2022,
OPTSTK,HCLTECH,28-Apr-2022,980.0,CE,0.0,0.0,0.0,139.55,123.4,0,0.0,0,0,18-APR-2022,
OPTSTK,HCLTECH,28-Apr-2022,990.0,CE,0.0,0.0,0.0,132.75,113.65,0,0.0,0,0,18-APR-2022,
OPTSTK,HCLTECH,28-Apr-2022,1000.0,CE,90.0,99.6,87.15,90.0,104.05,6,45.83,5600,2100,18-APR-2022,
OPTSTK,HCLTECH,28-Apr-2022,1010.0,CE,0.0,0.0,0.0,119.9,94.6,0,0.0,0,0,18-APR-2022,
OPTSTK,HCLTECH,28-Apr-2022,1020.0,CE,0.0,0.0,0.0,113.8,85.4,0,0.0,0,0,18-APR-2022,
OPTSTK,HCLTECH,28-Apr-2022,1030.0,CE,0.0,0.0,0.0,107.85,76.45,0,0.0,0,0,18-APR-2022,
OPTSTK,HCLTECH,28-Apr-2022,1040.0,CE,63.0,64.25,63.0,64.25,64.25,2,15.45,1400,1400,18-APR-2022,
OPTSTK,HCLTECH,28-Apr-2022,1050.0,CE,59.95,59.95,47.9,58.6,58.6,23,177.62,16800,5600,18-APR-2022,
OPTSTK,HCLTECH,28-Apr-2022,1060.0,CE,41.05,50.2,41.05,50.2,50.2,5,38.71,1400,1400,18-APR-2022,
OPTSTK,HCLTECH,28-Apr-2022,1070.0,CE,34.0,46.8,34.0,46.8,44.7,14,108.45,4200,4200,18-APR-2022,
OPTSTK,HCLTECH,28-Apr-2022,1080.0,CE,38.0,44.0,28.85,36.9,36.9,723,5637.72,43400,33600,18-APR-2022,
OPTSTK,HCLTECH,28-Apr-2022,1090.0,CE,36.0,38.15,20.0,31.05,31.05,932,7301.94,67200,59500,18-APR-2022,
OPTSTK,HCLTECH,28-Apr-2022,1100.0,CE,25.3,32.25,20.1,26.0,26.0,3851,30335.97,624400,238000,18-APR-2022,
OPTSTK,HCLTECH,28-Apr-2022,1110.0,CE,40.75,40.75,15.4,21.45,21.45,901,7134.15,85400,79800,18-APR-2022,
OPTSTK,HCLTECH,28-Apr-2022,1120.0,CE,18.0,22.25,13.5,17.5,17.5,1855,14764.13,309400,159600,18-APR-2022,
OPTSTK,HCLTECH,28-Apr-2022,1130.0,CE,25.0,25.0,11.05,14.45,14.45,1601,12818.99,391300,39900,18-APR-2022,
OPTSTK,HCLTECH,28-Apr-2022,1140.0,CE,15.15,15.25,9.05,11.8,11.8,1841,14837.35,644000,9800,18-APR-2022,
OPTSTK,HCLTECH,28-Apr-2022,1150.0,CE,15.0,15.0,7.3,9.45,9.45,1895,15376.28,635600,100100,18-APR-2022,
OPTSTK,HCLTECH,28-Apr-2022,1160.0,CE,7.5,11.0,6.05,7.65,7.65,1244,10166.95,545300,-18900,18-APR-2022,
OPTSTK,HCLTECH,28-Apr-2022,1170.0,CE,5.7,8.55,5.0,6.15,6.15,663,5458.49,338800,-36400,18-APR-2022,
OPTSTK,HCLTECH,28-Apr-2022,1180.0,CE,7.0,8.45,4.05,5.05,5.05,950,7880.59,853300,-34300,18-APR-2022,
OPTSTK,HCLTECH,28-Apr-2022,1190.0,CE,7.25,7.25,2.35,4.2,4.2,336,2808.76,225400,-12600,18-APR-2022,
OPTSTK,HCLTECH,28-Apr-2022,1200.0,CE,1.5,5.0,1.5,3.6,3.6,2841,23935.33,3385900,-230300,18-APR-2022,
OPTSTK,HCLTECH,28-Apr-2022,1210.0,CE,3.5,3.65,2.45,2.95,2.95,405,3438.53,192500,-30100,18-APR-2022,
OPTSTK,HCLTECH,28-Apr-2022,1220.0,CE,3.0,3.0,2.0,2.5,2.5,642,5493.39,816200,-72100,18-APR-2022,
OPTSTK,HCLTECH,28-Apr-2022,1230.0,CE,2.35,2.7,1.8,2.25,2.25,270,2328.73,156100,-20300,18-APR-2022,
OPTSTK,HCLTECH,28-Apr-2022,1240.0,CE,2.95,2.95,1.6,2.0,2.0,456,3964.11,199500,-37800,18-APR-2022,
OPTSTK,HCLTECH,28-Apr-2022,1250.0,CE,2.65,2.65,1.6,1.95,1.95,456,3995.76,590800,-22400,18-APR-2022,
OPTSTK,HCLTECH,28-Apr-2022,1260.0,CE,1.7,2.15,1.35,1.6,1.6,236,2084.12,196700,-700,18-APR-2022,
OPTSTK,HCLTECH,28-Apr-2022,1270.0,CE,1.45,1.65,1.1,1.4,1.4,159,1415.02,111300,0,18-APR-2022,
OPTSTK,HCLTECH,28-Apr-2022,1280.0,CE,1.45,1.6,1.1,1.25,1.25,136,1219.77,109200,-11200,18-APR-2022,
OPTSTK,HCLTECH,28-Apr-2022,1290.0,CE,1.25,1.25,0.95,1.15,1.15,57,515.14,17500,-3500,18-APR-2022,
OPTSTK,HCLTECH,28-Apr-2022,1300.0,CE,1.65,1.65,0.9,1.05,1.05,482,4389.86,982100,-46900,18-APR-2022,
OPTSTK,HCLTECH,28-Apr-2022,1310.0,CE,1.35,1.4,0.8,0.85,0.85,26,238.59,44100,0,18-APR-2022,
OPTSTK,HCLTECH,28-Apr-2022,1320.0,CE,0.8,1.15,0.75,0.9,0.9,61,564.01,67200,-4200,18-APR-2022,
OPTSTK,HCLTECH,28-Apr-2022,1330.0,CE,1.2,1.25,0.75,0.85,0.85,13,121.11,26600,0,18-APR-2022,
OPTSTK,HCLTECH,28-Apr-2022,1340.0,CE,1.25,1.25,0.75,0.85,0.05,11,103.25,6300,1400,18-APR-2022,
OPTSTK,HCLTECH,28-Apr-2022,1350.0,CE,0.9,1.8,0.7,0.8,0.8,273,2581.89,96600,-4900,18-APR-2022,
OPTSTK,HCLTECH,28-Apr-2022,1360.0,CE,0.0,0.0,0.0,11.25,0.0,0,0.0,0,0,18-APR-2022,
OPTSTK,HCLTECH,28-Apr-2022,1370.0,CE,0.0,0.0,0.0,10.4,0.0,0,0.0,0,0,18-APR-2022,
OPTSTK,HCLTECH,28-Apr-2022,1380.0,CE,1.35,1.35,0.7,0.7,0.0,24,232.03,12600,5600,18-APR-2022,
OPTSTK,HCLTECH,28-Apr-2022,1390.0,CE,0.0,0.0,0.0,0.95,0.0,0,0.0,2800,0,18-APR-2022,
OPTSTK,HCLTECH,28-Apr-2022,1400.0,CE,0.9,0.9,0.65,0.75,0.75,87,853.05,215600,-14700,18-APR-2022,
OPTSTK,HCLTECH,28-Apr-2022,1410.0,CE,0.0,0.0,0.0,0.75,0.0,0,0.0,1400,0,18-APR-2022,
OPTSTK,HCLTECH,28-Apr-2022,1420.0,CE,0.0,0.0,0.0,0.4,0.0,0,0.0,0,0,18-APR-2022,
OPTSTK,HCLTECH,28-Apr-2022,1430.0,CE,0.6,0.6,0.45,0.45,0.45,4,40.05,2100,-2800,18-APR-2022,
OPTSTK,HCLTECH,28-Apr-2022,1440.0,CE,0.65,0.65,0.35,0.4,0.4,14,141.16,8400,5600,18-APR-2022,
OPTSTK,HCLTECH,28-Apr-2022,1450.0,CE,0.6,0.6,0.2,0.35,0.35,12,121.83,11900,2800,18-APR-2022,
OPTSTK,HCLTECH,28-Apr-2022,1460.0,CE,0.05,0.4,0.05,0.4,0.0,2,20.44,14000,0,18-APR-2022,
OPTSTK,HCLTECH,28-Apr-2022,1470.0,CE,0.0,0.0,0.0,4.45,0.0,0,0.0,0,0,18-APR-2022,
OPTSTK,HCLTECH,28-Apr-2022,1480.0,CE,0.0,0.0,0.0,4.1,0.0,0,0.0,0,0,18-APR-2022,
OPTSTK,HCLTECH,28-Apr-2022,880.0,PE,0.0,0.0,0.0,10.05,0.0,0,0.0,0,0,18-APR-2022,
OPTSTK,HCLTECH,28-Apr-2022,890.0,PE,0.0,0.0,0.0,11.45,0.0,0,0.0,0,0,18-APR-2022,
OPTSTK,HCLTECH,28-Apr-2022,900.0,PE,1.0,1.15,0.65,0.75,0.75,91,573.88,50400,40600,18-APR-2022,
OPTSTK,HCLTECH,28-Apr-2022,910.0,PE,0.0,0.0,0.0,14.75,0.05,0,0.0,0,0,18-APR-2022,
OPTSTK,HCLTECH,28-Apr-2022,920.0,PE,0.0,0.0,0.0,16.65,0.05,0,0.0,0,0,18-APR-2022,
OPTSTK,HCLTECH,28-Apr-2022,930.0,PE,0.0,0.0,0.0,18.65,0.05,0,0.0,0,0,18-APR-2022,
OPTSTK,HCLTECH,28-Apr-2022,940.0,PE,0.0,0.0,0.0,20.9,0.05,0,0.0,0,0,18-APR-2022,
OPTSTK,HCLTECH,28-Apr-2022,950.0,PE,0.0,0.0,0.0,23.3,0.1,0,0.0,0,0,18-APR-2022,
OPTSTK,HCLTECH,28-Apr-2022,960.0,PE,3.15,3.15,3.15,3.15,0.15,1,6.74,700,700,18-APR-2022,
OPTSTK,HCLTECH,28-Apr-2022,970.0,PE,0.0,0.0,0.0,28.65,0.25,0,0.0,0,0,18-APR-2022,
OPTSTK,HCLTECH,28-Apr-2022,980.0,PE,0.0,0.0,0.0,31.6,0.45,0,0.0,0,0,18-APR-2022,
OPTSTK,HCLTECH,28-Apr-2022,990.0,PE,0.0,0.0,0.0,34.7,0.7,0,0.0,0,0,18-APR-2022,
OPTSTK,HCLTECH,28-Apr-2022,1000.0,PE,3.85,6.15,3.4,3.7,3.7,1087,7644.68,384300,67900,18-APR-2022,
OPTSTK,HCLTECH,28-Apr-2022,1010.0,PE,3.8,3.8,3.8,3.8,1.6,1,7.09,2100,0,18-APR-2022,
OPTSTK,HCLTECH,28-Apr-2022,1020.0,PE,5.0,9.2,5.0,5.4,5.4,286,2056.36,46200,16800,18-APR-2022,
OPTSTK,HCLTECH,28-Apr-2022,1030.0,PE,9.25,11.1,6.2,6.85,6.85,181,1316.06,44100,13300,18-APR-2022,
OPTSTK,HCLTECH,28-Apr-2022,1040.0,PE,8.0,13.55,7.8,8.2,8.2,541,3980.14,148400,29400,18-APR-2022,
OPTSTK,HCLTECH,28-Apr-2022,1050.0,PE,11.6,16.65,9.45,10.3,10.3,1500,11165.69,420700,-65800,18-APR-2022,
OPTSTK,HCLTECH,28-Apr-2022,1060.0,PE,13.95,20.4,11.7,12.85,12.85,937,7055.01,178500,16800,18-APR-2022,
OPTSTK,HCLTECH,28-Apr-2022,1070.0,PE,18.6,24.45,14.45,16.1,16.1,733,5588.55,98000,7700,18-APR-2022,
OPTSTK,HCLTECH,28-Apr-2022,1080.0,PE,23.1,29.3,17.55,19.45,19.45,1445,11156.71,198800,-19600,18-APR-2022,
OPTSTK,HCLTECH,28-Apr-2022,1090.0,PE,29.15,40.15,20.95,23.85,23.85,1062,8312.21,93100,12600,18-APR-2022,
OPTSTK,HCLTECH,28-Apr-2022,1100.0,PE,25.0,41.0,24.95,28.8,28.8,2357,18695.75,1006600,-142800,18-APR-2022,
OPTSTK,HCLTECH,28-Apr-2022,1110.0,PE,37.85,59.4,29.65,34.1,34.1,320,2571.07,77000,-4200,18-APR-2022,
OPTSTK,HCLTECH,28-Apr-2022,1120.0,PE,46.7,54.4,35.05,40.5,40.5,299,2438.24,178500,-14000,18-APR-2022,
OPTSTK,HCLTECH,28-Apr-2022,1130.0,PE,50.1,59.75,41.45,47.65,47.65,149,1231.62,119700,-34300,18-APR-2022,
OPTSTK,HCLTECH,28-Apr-2022,1140.0,PE,60.7,68.6,47.9,55.05,55.05,109,915.34,366800,-4200,18-APR-2022,
OPTSTK,HCLTECH,28-Apr-2022,1150.0,PE,58.0,77.4,55.15,61.75,61.75,168,1429.24,322000,-30800,18-APR-2022,
OPTSTK,HCLTECH,28-Apr-2022,1160.0,PE,78.8,84.0,67.25,70.75,70.75,72,622.83,360500,-10500,18-APR-2022,
OPTSTK,HCLTECH,28-Apr-2022,1170.0,PE,89.2,89.2,71.3,80.0,80.0,38,333.61,187600,-11900,18-APR-2022,
OPTSTK,HCLTECH,28-Apr-2022,1180.0,PE,92.1,102.0,86.85,87.55,80.65,21,187.32,223300,-5600,18-APR-2022,
OPTSTK,HCLTECH,28-Apr-2022,1190.0,PE,106.0,112.4,103.0,112.4,89.65,21,190.25,39900,-12600,18-APR-2022,
OPTSTK,HCLTECH,28-Apr-2022,1200.0,PE,109.1,122.35,101.2,105.95,105.95,80,734.61,522200,-18900,18-APR-2022,
OPTSTK,HCLTECH,28-Apr-2022,1210.0,PE,0.0,0.0,0.0,86.5,108.25,0,0.0,29400,0,18-APR-2022,
OPTSTK,HCLTECH,28-Apr-2022,1220.0,PE,138.45,141.0,124.0,141.0,117.85,5,47.32,16100,-1400,18-APR-2022,
OPTSTK,HCLTECH,28-Apr-2022,1230.0,PE,0.0,0.0,0.0,104.5,127.5,0,0.0,7700,0,18-APR-2022,
OPTSTK,HCLTECH,28-Apr-2022,1240.0,PE,155.15,155.15,146.3,147.7,137.25,3,29.18,17500,-700,18-APR-2022,
OPTSTK,HCLTECH,28-Apr-2022,1250.0,PE,175.6,175.6,144.25,158.55,147.1,7,68.94,39200,-1400,18-APR-2022,
OPTSTK,HCLTECH,28-Apr-2022,1260.0,PE,0.0,0.0,0.0,106.05,157.0,0,0.0,7000,0,18-APR-2022,
OPTSTK,HCLTECH,28-Apr-2022,1270.0,PE,0.0,0.0,0.0,112.0,166.9,0,0.0,1400,0,18-APR-2022,
OPTSTK,HCLTECH,28-Apr-2022,1280.0,PE,0.0,0.0,0.0,114.0,176.85,0,0.0,1400,0,18-APR-2022,
OPTSTK,HCLTECH,28-Apr-2022,1290.0,PE,0.0,0.0,0.0,120.0,186.8,0,0.0,700,0,18-APR-2022,
OPTSTK,HCLTECH,28-Apr-2022,1300.0,PE,212.1,218.3,198.05,198.05,196.75,9,95.09,104300,-2800,18-APR-2022,
OPTSTK,HCLTECH,28-Apr-2022,1310.0,PE,0.0,0.0,0.0,235.4,206.7,0,0.0,0,0,18-APR-2022,
OPTSTK,HCLTECH,28-Apr-2022,1320.0,PE,0.0,0.0,0.0,244.0,216.7,0,0.0,0,0,18-APR-2022,
OPTSTK,HCLTECH,28-Apr-2022,1330.0,PE,0.0,0.0,0.0,252.75,226.7,0,0.0,0,0,18-APR-2022,
OPTSTK,HCLTECH,28-Apr-2022,1340.0,PE,0.0,0.0,0.0,261.55,236.65,0,0.0,0,0,18-APR-2022,
OPTSTK,HCLTECH,28-Apr-2022,1350.0,PE,0.0,0.0,0.0,166.0,246.65,0,0.0,1400,0,18-APR-2022,
OPTSTK,HCLTECH,28-Apr-2022,1360.0,PE,0.0,0.0,0.0,279.35,256.65,0,0.0,0,0,18-APR-2022,
OPTSTK,HCLTECH,28-Apr-2022,1370.0,PE,0.0,0.0,0.0,288.35,266.65,0,0.0,0,0,18-APR-2022,
OPTSTK,HCLTECH,28-Apr-2022,1380.0,PE,0.0,0.0,0.0,297.45,276.6,0,0.0,0,0,18-APR-2022,
OPTSTK,HCLTECH,28-Apr-2022,1390.0,PE,0.0,0.0,0.0,306.6,286.6,0,0.0,0,0,18-APR-2022,
OPTSTK,HCLTECH,28-Apr-2022,1400.0,PE,0.0,0.0,0.0,315.75,296.6,0,0.0,0,0,18-APR-2022,
OPTSTK,HCLTECH,28-Apr-2022,1410.0,PE,0.0,0.0,0.0,325.0,306.6,0,0.0,0,0,18-APR-2022,
OPTSTK,HCLTECH,28-Apr-2022,1420.0,PE,0.0,0.0,0.0,334.3,316.55,0,0.0,0,0,18-APR-2022,
OPTSTK,HCLTECH,28-Apr-2022,1430.0,PE,0.0,0.0,0.0,343.65,326.55,0,0.0,0,0,18-APR-2022,
OPTSTK,HCLTECH,28-Apr-2022,1440.0,PE,0.0,0.0,0.0,353.0,336.55,0,0.0,0,0,18-APR-2022,
OPTSTK,HCLTECH,28-Apr-2022,1450.0,PE,0.0,0.0,0.0,362.45,346.55,0,0.0,0,0,18-APR-2022,
OPTSTK,HCLTECH,28-Apr-2022,1460.0,PE,0.0,0.0,0.0,290.0,356.55,0,0.0,2800,0,18-APR-2022,
OPTSTK,HCLTECH,28-Apr-2022,1470.0,PE,0.0,0.0,0.0,381.4,366.5,0,0.0,0,0,18-APR-2022,
OPTSTK,HCLTECH,28-Apr-2022,1480.0,PE,0.0,0.0,0.0,390.9,376.5,0,0.0,0,0,18-APR-2022,
OPTSTK,HCLTECH,26-May-2022,880.0,CE,0.0,0.0,0.0,235.35,226.55,0,0.0,0,0,18-APR-2022,
OPTSTK,HCLTECH,26-May-2022,890.0,CE,0.0,0.0,0.0,226.6,216.85,0,0.0,0,0,18-APR-2022,
OPTSTK,HCLTECH,26-May-2022,900.0,CE,0.0,0.0,0.0,218.0,207.2,0,0.0,0,0,18-APR-2022,
OPTSTK,HCLTECH,26-May-2022,910.0,CE,0.0,0.0,0.0,209.5,197.65,0,0.0,0,0,18-APR-2022,
OPTSTK,HCLTECH,26-May-2022,920.0,CE,0.0,0.0,0.0,201.15,188.2,0,0.0,0,0,18-APR-2022,
OPTSTK,HCLTECH,26-May-2022,930.0,CE,0.0,0.0,0.0,192.95,178.85,0,0.0,0,0,18-APR-2022,
OPTSTK,HCLTECH,26-May-2022,940.0,CE,0.0,0.0,0.0,184.95,169.6,0,0.0,0,0,18-APR-2022,
OPTSTK,HCLTECH,26-May-2022,950.0,CE,0.0,0.0,0.0,177.05,160.5,0,0.0,0,0,18-APR-2022,
OPTSTK,HCLTECH,26-May-2022,960.0,CE,0.0,0.0,0.0,169.35,151.55,0,0.0,0,0,18-APR-2022,
OPTSTK,HCLTECH,26-May-2022,970.0,CE,0.0,0.0,0.0,161.85,142.8,0,0.0,0,0,18-APR-2022,
OPTSTK,HCLTECH,26-May-2022,980.0,CE,0.0,0.0,0.0,154.55,134.25,0,0.0,0,0,18-APR-2022,
OPTSTK,HCLTECH,26-May-2022,990.0,CE,0.0,0.0,0.0,147.35,125.9,0,0.0,0,0,18-APR-2022,
OPTSTK,HCLTECH,26-May-2022,1000.0,CE,0.0,0.0,0.0,140.4,117.75,0,0.0,0,0,18-APR-2022,
OPTSTK,HCLTECH,26-May-2022,1010.0,CE,0.0,0.0,0.0,133.6,109.9,0,0.0,0,0,18-APR-2022,
OPTSTK,HCLTECH,26-May-2022,1020.0,CE,0.0,0.0,0.0,127.05,102.25,0,0.0,0,0,18-APR-2022,
OPTSTK,HCLTECH,26-May-2022,1030.0,CE,0.0,0.0,0.0,120.7,94.95,0,0.0,0,0,18-APR-2022,
OPTSTK,HCLTECH,26-May-2022,1040.0,CE,0.0,0.0,0.0,114.55,87.85,0,0.0,0,0,18-APR-2022,
OPTSTK,HCLTECH,26-May-2022,1050.0,CE,0.0,0.0,0.0,108.6,81.1,0,0.0,0,0,18-APR-2022,
OPTSTK,HCLTECH,26-May-2022,1060.0,CE,0.0,0.0,0.0,102.85,74.7,0,0.0,0,0,18-APR-2022,
OPTSTK,HCLTECH,26-May-2022,1070.0,CE,0.0,0.0,0.0,97.35,68.55,0,0.0,0,0,18-APR-2022,
OPTSTK,HCLTECH,26-May-2022,1080.0,CE,0.0,0.0,0.0,92.0,62.8,0,0.0,0,0,18-APR-2022,
OPTSTK,HCLTECH,26-May-2022,1090.0,CE,0.0,0.0,0.0,86.9,57.3,0,0.0,0,0,18-APR-2022,
OPTSTK,HCLTECH,26-May-2022,1100.0,CE,46.25,52.25,41.65,46.35,46.35,63,505.34,28000,28000,18-APR-2022,
OPTSTK,HCLTECH,26-May-2022,1110.0,CE,0.0,0.0,0.0,77.3,47.35,0,0.0,0,0,18-APR-2022,
OPTSTK,HCLTECH,26-May-2022,1120.0,CE,0.0,0.0,0.0,72.8,42.85,0,0.0,0,0,18-APR-2022,
OPTSTK,HCLTECH,26-May-2022,1130.0,CE,41.1,41.1,36.5,36.5,38.7,2,16.36,2100,700,18-APR-2022,
OPTSTK,HCLTECH,26-May-2022,1140.0,CE,25.2,25.2,25.2,25.2,34.8,1,8.15,700,700,18-APR-2022,
OPTSTK,HCLTECH,26-May-2022,1150.0,CE,25.8,32.5,24.35,27.15,27.15,112,923.09,35700,11200,18-APR-2022,
OPTSTK,HCLTECH,26-May-2022,1160.0,CE,40.45,40.45,25.0,26.0,27.95,3,25.0,2100,1400,18-APR-2022,
OPTSTK,HCLTECH,26-May-2022,1170.0,CE,0.0,0.0,0.0,53.15,24.95,0,0.0,0,0,18-APR-2022,
OPTSTK,HCLTECH,26-May-2022,1180.0,CE,0.0,0.0,0.0,49.8,22.2,0,0.0,0,0,18-APR-2022,
OPTSTK,HCLTECH,26-May-2022,1190.0,CE,0.0,0.0,0.0,46.6,19.75,0,0.0,0,0,18-APR-2022,
OPTSTK,HCLTECH,26-May-2022,1200.0,CE,20.0,20.0,13.05,15.0,15.0,234,1991.06,143500,32900,18-APR-2022,
OPTSTK,HCLTECH,26-May-2022,1210.0,CE,0.0,0.0,0.0,40.7,15.4,0,0.0,0,0,18-APR-2022,
OPTSTK,HCLTECH,26-May-2022,1220.0,CE,0.0,0.0,0.0,37.95,13.55,0,0.0,0,0,18-APR-2022,
OPTSTK,HCLTECH,26-May-2022,1230.0,CE,0.0,0.0,0.0,35.45,11.9,0,0.0,0,0,18-APR-2022,
OPTSTK,HCLTECH,26-May-2022,1240.0,CE,0.0,0.0,0.0,33.05,10.4,0,0.0,0,0,18-APR-2022,
OPTSTK,HCLTECH,26-May-2022,1250.0,CE,10.0,11.05,8.5,11.05,9.1,6,52.88,6300,3500,18-APR-2022,
OPTSTK,HCLTECH,26-May-2022,1260.0,CE,0.0,0.0,0.0,28.65,7.9,0,0.0,0,0,18-APR-2022,
OPTSTK,HCLTECH,26-May-2022,1270.0,CE,0.0,0.0,0.0,26.6,6.85,0,0.0,0,0,18-APR-2022,
OPTSTK,HCLTECH,26-May-2022,1280.0,CE,0.0,0.0,0.0,24.7,5.95,0,0.0,0,0,18-APR-2022,
OPTSTK,HCLTECH,26-May-2022,1290.0,CE,0.0,0.0,0.0,22.9,5.15,0,0.0,0,0,18-APR-2022,
OPTSTK,HCLTECH,26-May-2022,1300.0,CE,4.6,7.0,4.0,5.1,5.1,40,365.34,46900,2100,18-APR-2022,
OPTSTK,HCLTECH,26-May-2022,1310.0,CE,0.0,0.0,0.0,19.7,3.8,0,0.0,0,0,18-APR-2022,
OPTSTK,HCLTECH,26-May-2022,1320.0,CE,0.0,0.0,0.0,18.25,3.25,0,0.0,0,0,18-APR-2022,
OPTSTK,HCLTECH,26-May-2022,1330.0,CE,0.0,0.0,0.0,16.9,2.8,0,0.0,0,0,18-APR-2022,
OPTSTK,HCLTECH,26-May-2022,1340.0,CE,0.0,0.0,0.0,15.6,2.4,0,0.0,0,0,18-APR-2022,
OPTSTK,HCLTECH,26-May-2022,1350.0,CE,0.0,0.0,0.0,14.4,2.05,0,0.0,0,0,18-APR-2022,
OPTSTK,HCLTECH,26-May-2022,1360.0,CE,0.0,0.0,0.0,13.3,1.7,0,0.0,0,0,18-APR-2022,
OPTSTK,HCLTECH,26-May-2022,1370.0,CE,0.0,0.0,0.0,12.3,1.45,0,0.0,0,0,18-APR-2022,
OPTSTK,HCLTECH,26-May-2022,1380.0,CE,0.0,0.0,0.0,11.35,1.25,0,0.0,0,0,18-APR-2022,
OPTSTK,HCLTECH,26-May-2022,1390.0,CE,0.0,0.0,0.0,10.45,1.05,0,0.0,0,0,18-APR-2022,
OPTSTK,HCLTECH,26-May-2022,1400.0,CE,0.0,0.0,0.0,9.6,0.9,0,0.0,0,0,18-APR-2022,
OPTSTK,HCLTECH,26-May-2022,1410.0,CE,0.0,0.0,0.0,8.85,0.75,0,0.0,0,0,18-APR-2022,
OPTSTK,HCLTECH,26-May-2022,1420.0,CE,0.0,0.0,0.0,8.15,0.65,0,0.0,0,0,18-APR-2022,
OPTSTK,HCLTECH,26-May-2022,1430.0,CE,0.0,0.0,0.0,7.5,0.55,0,0.0,0,0,18-APR-2022,
OPTSTK,HCLTECH,26-May-2022,1440.0,CE,0.0,0.0,0.0,6.85,0.45,0,0.0,0,0,18-APR-2022,
OPTSTK,HCLTECH,26-May-2022,1450.0,CE,0.0,0.0,0.0,6.3,0.35,0,0.0,0,0,18-APR-2022,
OPTSTK,HCLTECH,26-May-2022,1460.0,CE,0.0,0.0,0.0,5.8,0.3,0,0.0,0,0,18-APR-2022,
OPTSTK,HCLTECH,26-May-2022,1470.0,CE,0.0,0.0,0.0,5.3,0.25,0,0.0,0,0,18-APR-2022,
OPTSTK,HCLTECH,26-May-2022,1480.0,CE,0.0,0.0,0.0,4.85,0.2,0,0.0,0,0,18-APR-2022,
OPTSTK,HCLTECH,26-May-2022,880.0,PE,0.0,0.0,0.0,7.6,0.8,0,0.0,0,0,18-APR-2022,
OPTSTK,HCLTECH,26-May-2022,890.0,PE,0.0,0.0,0.0,8.75,1.05,0,0.0,0,0,18-APR-2022,
OPTSTK,HCLTECH,26-May-2022,900.0,PE,0.0,0.0,0.0,10.0,1.4,0,0.0,0,0,18-APR-2022,
OPTSTK,HCLTECH,26-May-2022,910.0,PE,0.0,0.0,0.0,11.4,1.8,0,0.0,0,0,18-APR-2022,
OPTSTK,HCLTECH,26-May-2022,920.0,PE,0.0,0.0,0.0,13.0,2.25,0,0.0,0,0,18-APR-2022,
OPTSTK,HCLTECH,26-May-2022,930.0,PE,0.0,0.0,0.0,14.7,2.85,0,0.0,0,0,18-APR-2022,
OPTSTK,HCLTECH,26-May-2022,940.0,PE,0.0,0.0,0.0,16.55,3.6,0,0.0,0,0,18-APR-2022,
OPTSTK,HCLTECH,26-May-2022,950.0,PE,0.0,0.0,0.0,18.55,4.45,0,0.0,0,0,18-APR-2022,
OPTSTK,HCLTECH,26-May-2022,960.0,PE,0.0,0.0,0.0,20.75,5.5,0,0.0,0,0,18-APR-2022,
OPTSTK,HCLTECH,26-May-2022,970.0,PE,0.0,0.0,0.0,23.15,6.65,0,0.0,0,0,18-APR-2022,
OPTSTK,HCLTECH,26-May-2022,980.0,PE,0.0,0.0,0.0,25.75,8.05,0,0.0,0,0,18-APR-2022,
OPTSTK,HCLTECH,26-May-2022,990.0,PE,0.0,0.0,0.0,28.45,9.65,0,0.0,0,0,18-APR-2022,
OPTSTK,HCLTECH,26-May-2022,1000.0,PE,10.0,16.95,10.0,12.9,12.9,159,1129.44,85400,42700,18-APR-2022,
OPTSTK,HCLTECH,26-May-2022,1010.0,PE,0.0,0.0,0.0,34.5,13.55,0,0.0,0,0,18-APR-2022,
OPTSTK,HCLTECH,26-May-2022,1020.0,PE,0.0,0.0,0.0,13.2,15.9,0,0.0,7000,0,18-APR-2022,
OPTSTK,HCLTECH,26-May-2022,1030.0,PE,0.0,0.0,0.0,41.35,18.55,0,0.0,0,0,18-APR-2022,
OPTSTK,HCLTECH,26-May-2022,1040.0,PE,0.0,0.0,0.0,45.1,21.4,0,0.0,0,0,18-APR-2022,
OPTSTK,HCLTECH,26-May-2022,1050.0,PE,30.2,31.65,27.0,27.0,27.0,23,173.82,15400,10500,18-APR-2022,
OPTSTK,HCLTECH,26-May-2022,1060.0,PE,0.0,0.0,0.0,53.2,28.15,0,0.0,0,0,18-APR-2022,
OPTSTK,HCLTECH,26-May-2022,1070.0,PE,0.0,0.0,0.0,57.6,32.0,0,0.0,0,0,18-APR-2022,
OPTSTK,HCLTECH,26-May-2022,1080.0,PE,39.0,39.9,39.0,39.9,36.15,2,15.67,2100,1400,18-APR-2022,
OPTSTK,HCLTECH,26-May-2022,1090.0,PE,0.0,0.0,0.0,6.0,40.65,0,0.0,700,0,18-APR-2022,
OPTSTK,HCLTECH,26-May-2022,1100.0,PE,40.0,56.7,40.0,45.9,45.9,115,926.17,154000,23100,18-APR-2022,
OPTSTK,HCLTECH,26-May-2022,1110.0,PE,0.0,0.0,0.0,77.1,50.6,0,0.0,0,0,18-APR-2022,
OPTSTK,HCLTECH,26-May-2022,1120.0,PE,0.0,0.0,0.0,82.5,56.05,0,0.0,0,0,18-APR-2022,
OPTSTK,HCLTECH,26-May-2022,1130.0,PE,0.0,0.0,0.0,15.25,61.85,0,0.0,700,0,18-APR-2022,
OPTSTK,HCLTECH,26-May-2022,1140.0,PE,0.0,0.0,0.0,93.9,67.95,0,0.0,0,0,18-APR-2022,
OPTSTK,HCLTECH,26-May-2022,1150.0,PE,73.5,88.0,73.5,76.0,74.3,8,68.81,28700,5600,18-APR-2022,
OPTSTK,HCLTECH,26-May-2022,1160.0,PE,0.0,0.0,0.0,106.0,81.0,0,0.0,0,0,18-APR-2022,
OPTSTK,HCLTECH,26-May-2022,1170.0,PE,0.0,0.0,0.0,112.35,87.95,0,0.0,0,0,18-APR-2022,
OPTSTK,HCLTECH,26-May-2022,1180.0,PE,0.0,0.0,0.0,118.9,95.15,0,0.0,0,0,18-APR-2022,
OPTSTK,HCLTECH,26-May-2022,1190.0,PE,100.0,100.0,100.0,100.0,102.65,1,9.03,700,700,18-APR-2022,
OPTSTK,HCLTECH,26-May-2022,1200.0,PE,115.45,128.2,108.6,113.8,113.8,10,92.16,15400,2100,18-APR-2022,
OPTSTK,HCLTECH,26-May-2022,1210.0,PE,0.0,0.0,0.0,139.45,118.2,0,0.0,0,0,18-APR-2022,
OPTSTK,HCLTECH,26-May-2022,1220.0,PE,0.0,0.0,0.0,146.65,126.3,0,0.0,0,0,18-APR-2022,
OPTSTK,HCLTECH,26-May-2022,1230.0,PE,0.0,0.0,0.0,154.05,134.6,0,0.0,0,0,18-APR-2022,
OPTSTK,HCLTECH,26-May-2022,1240.0,PE,0.0,0.0,0.0,161.5,143.1,0,0.0,0,0,18-APR-2022,
OPTSTK,HCLTECH,26-May-2022,1250.0,PE,0.0,0.0,0.0,169.15,151.7,0,0.0,0,0,18-APR-2022,
OPTSTK,HCLTECH,26-May-2022,1260.0,PE,0.0,0.0,0.0,176.9,160.5,0,0.0,0,0,18-APR-2022,
OPTSTK,HCLTECH,26-May-2022,1270.0,PE,0.0,0.0,0.0,184.75,169.4,0,0.0,0,0,18-APR-2022,
OPTSTK,HCLTECH,26-May-2022,1280.0,PE,0.0,0.0,0.0,192.75,178.45,0,0.0,0,0,18-APR-2022,
OPTSTK,HCLTECH,26-May-2022,1290.0,PE,0.0,0.0,0.0,200.85,187.6,0,0.0,0,0,18-APR-2022,
OPTSTK,HCLTECH,26-May-2022,1300.0,PE,205.0,205.0,205.0,205.0,196.85,3,31.6,2100,2100,18-APR-2022,
OPTSTK,HCLTECH,26-May-2022,1310.0,PE,0.0,0.0,0.0,217.45,206.15,0,0.0,0,0,18-APR-2022,
OPTSTK,HCLTECH,26-May-2022,1320.0,PE,0.0,0.0,0.0,225.9,215.6,0,0.0,0,0,18-APR-2022,
OPTSTK,HCLTECH,26-May-2022,1330.0,PE,0.0,0.0,0.0,234.4,225.05,0,0.0,0,0,18-APR-2022,
OPTSTK,HCLTECH,26-May-2022,1340.0,PE,0.0,0.0,0.0,243.05,234.6,0,0.0,0,0,18-APR-2022,
OPTSTK,HCLTECH,26-May-2022,1350.0,PE,0.0,0.0,0.0,251.75,244.2,0,0.0,0,0,18-APR-2022,
OPTSTK,HCLTECH,26-May-2022,1360.0,PE,0.0,0.0,0.0,260.55,253.85,0,0.0,0,0,18-APR-2022,
OPTSTK,HCLTECH,26-May-2022,1370.0,PE,0.0,0.0,0.0,269.4,263.55,0,0.0,0,0,18-APR-2022,
OPTSTK,HCLTECH,26-May-2022,1380.0,PE,0.0,0.0,0.0,278.35,273.3,0,0.0,0,0,18-APR-2022,
OPTSTK,HCLTECH,26-May-2022,1390.0,PE,0.0,0.0,0.0,287.35,283.05,0,0.0,0,0,18-APR-2022,
OPTSTK,HCLTECH,26-May-2022,1400.0,PE,0.0,0.0,0.0,296.4,292.85,0,0.0,0,0,18-APR-2022,
OPTSTK,HCLTECH,26-May-2022,1410.0,PE,0.0,0.0,0.0,305.55,302.65,0,0.0,0,0,18-APR-2022,
OPTSTK,HCLTECH,26-May-2022,1420.0,PE,0.0,0.0,0.0,314.75,312.5,0,0.0,0,0,18-APR-2022,
OPTSTK,HCLTECH,26-May-2022,1430.0,PE,0.0,0.0,0.0,323.95,322.35,0,0.0,0,0,18-APR-2022,
OPTSTK,HCLTECH,26-May-2022,1440.0,PE,0.0,0.0,0.0,333.25,332.25,0,0.0,0,0,18-APR-2022,
OPTSTK,HCLTECH,26-May-2022,1450.0,PE,0.0,0.0,0.0,342.6,342.1,0,0.0,0,0,18-APR-2022,
OPTSTK,HCLTECH,26-May-2022,1460.0,PE,0.0,0.0,0.0,351.95,352.0,0,0.0,0,0,18-APR-2022,
OPTSTK,HCLTECH,26-May-2022,1470.0,PE,0.0,0.0,0.0,361.35,361.9,0,0.0,0,0,18-APR-2022,
OPTSTK,HCLTECH,26-May-2022,1480.0,PE,0.0,0.0,0.0,370.85,371.85,0,0.0,0,0,18-APR-2022,
OPTSTK,HCLTECH,30-Jun-2022,880.0,CE,0.0,0.0,0.0,296.55,233.65,0,0.0,0,0,18-APR-2022,
OPTSTK,HCLTECH,30-Jun-2022,900.0,CE,0.0,0.0,0.0,278.05,215.5,0,0.0,0,0,18-APR-2022,
OPTSTK,HCLTECH,30-Jun-2022,920.0,CE,0.0,0.0,0.0,259.9,197.9,0,0.0,0,0,18-APR-2022,
OPTSTK,HCLTECH,30-Jun-2022,940.0,CE,0.0,0.0,0.0,242.15,180.85,0,0.0,0,0,18-APR-2022,
OPTSTK,HCLTECH,30-Jun-2022,960.0,CE,0.0,0.0,0.0,224.9,164.5,0,0.0,0,0,18-APR-2022,
OPTSTK,HCLTECH,30-Jun-2022,980.0,CE,0.0,0.0,0.0,208.2,148.85,0,0.0,0,0,18-APR-2022,
OPTSTK,HCLTECH,30-Jun-2022,1000.0,CE,0.0,0.0,0.0,192.05,134.0,0,0.0,0,0,18-APR-2022,
OPTSTK,HCLTECH,30-Jun-2022,1020.0,CE,0.0,0.0,0.0,176.5,119.95,0,0.0,0,0,18-APR-2022,
OPTSTK,HCLTECH,30-Jun-2022,1040.0,CE,0.0,0.0,0.0,161.7,106.85,0,0.0,0,0,18-APR-2022,
OPTSTK,HCLTECH,30-Jun-2022,1060.0,CE,0.0,0.0,0.0,147.55,94.65,0,0.0,0,0,18-APR-2022,
OPTSTK,HCLTECH,30-Jun-2022,1080.0,CE,0.0,0.0,0.0,134.15,83.4,0,0.0,0,0,18-APR-2022,
OPTSTK,HCLTECH,30-Jun-2022,1100.0,CE,0.0,0.0,0.0,121.55,73.1,0,0.0,0,0,18-APR-2022,
OPTSTK,HCLTECH,30-Jun-2022,1120.0,CE,0.0,0.0,0.0,109.75,63.75,0,0.0,0,0,18-APR-2022,
OPTSTK,HCLTECH,30-Jun-2022,1140.0,CE,0.0,0.0,0.0,98.7,55.3,0,0.0,0,0,18-APR-2022,
OPTSTK,HCLTECH,30-Jun-2022,1160.0,CE,0.0,0.0,0.0,88.5,47.7,0,0.0,0,0,18-APR-2022,
OPTSTK,HCLTECH,30-Jun-2022,1180.0,CE,0.0,0.0,0.0,79.05,40.95,0,0.0,0,0,18-APR-2022,
OPTSTK,HCLTECH,30-Jun-2022,1200.0,CE,0.0,0.0,0.0,70.35,35.0,0,0.0,0,0,18-APR-2022,
OPTSTK,HCLTECH,30-Jun-2022,1220.0,CE,0.0,0.0,0.0,62.45,29.8,0,0.0,0,0,18-APR-2022,
OPTSTK,HCLTECH,30-Jun-2022,1240.0,CE,0.0,0.0,0.0,55.2,25.2,0,0.0,0,0,18-APR-2022,
OPTSTK,HCLTECH,30-Jun-2022,1260.0,CE,0.0,0.0,0.0,48.65,21.2,0,0.0,0,0,18-APR-2022,
OPTSTK,HCLTECH,30-Jun-2022,1280.0,CE,0.0,0.0,0.0,42.7,17.8,0,0.0,0,0,18-APR-2022,
OPTSTK,HCLTECH,30-Jun-2022,1300.0,CE,0.0,0.0,0.0,37.4,14.85,0,0.0,0,0,18-APR-2022,
OPTSTK,HCLTECH,30-Jun-2022,1320.0,CE,0.0,0.0,0.0,32.75,12.35,0,0.0,0,0,18-APR-2022,
OPTSTK,HCLTECH,30-Jun-2022,1340.0,CE,0.0,0.0,0.0,28.5,10.2,0,0.0,0,0,18-APR-2022,
OPTSTK,HCLTECH,30-Jun-2022,1360.0,CE,0.0,0.0,0.0,24.7,8.4,0,0.0,0,0,18-APR-2022,
OPTSTK,HCLTECH,30-Jun-2022,1380.0,CE,0.0,0.0,0.0,21.4,6.9,0,0.0,0,0,18-APR-2022,
OPTSTK,HCLTECH,30-Jun-2022,1400.0,CE,0.0,0.0,0.0,18.45,5.65,0,0.0,0,0,18-APR-2022,
OPTSTK,HCLTECH,30-Jun-2022,1420.0,CE,0.0,0.0,0.0,15.9,4.6,0,0.0,0,0,18-APR-2022,
OPTSTK,HCLTECH,30-Jun-2022,1440.0,CE,0.0,0.0,0.0,13.65,3.75,0,0.0,0,0,18-APR-2022,
OPTSTK,HCLTECH,30-Jun-2022,1460.0,CE,0.0,0.0,0.0,11.7,3.0,0,0.0,0,0,18-APR-2022,
OPTSTK,HCLTECH,30-Jun-2022,1480.0,CE,0.0,0.0,0.0,10.0,2.45,0,0.0,0,0,18-APR-2022,
OPTSTK,HCLTECH,30-Jun-2022,880.0,PE,0.0,0.0,0.0,3.5,4.35,0,0.0,0,0,18-APR-2022,
OPTSTK,HCLTECH,30-Jun-2022,900.0,PE,0.0,0.0,0.0,4.8,6.05,0,0.0,0,0,18-APR-2022,
OPTSTK,HCLTECH,30-Jun-2022,920.0,PE,0.0,0.0,0.0,6.45,8.25,0,0.0,0,0,18-APR-2022,
OPTSTK,HCLTECH,30-Jun-2022,940.0,PE,0.0,0.0,0.0,8.55,11.05,0,0.0,0,0,18-APR-2022,
OPTSTK,HCLTECH,30-Jun-2022,960.0,PE,0.0,0.0,0.0,11.05,14.5,0,0.0,0,0,18-APR-2022,
OPTSTK,HCLTECH,30-Jun-2022,980.0,PE,0.0,0.0,0.0,14.1,18.7,0,0.0,0,0,18-APR-2022,
OPTSTK,HCLTECH,30-Jun-2022,1000.0,PE,26.6,27.0,26.6,27.0,23.7,2,14.37,1400,1400,18-APR-2022,
OPTSTK,HCLTECH,30-Jun-2022,1020.0,PE,0.0,0.0,0.0,22.05,29.45,0,0.0,0,0,18-APR-2022,
OPTSTK,HCLTECH,30-Jun-2022,1040.0,PE,0.0,0.0,0.0,27.0,36.2,0,0.0,0,0,18-APR-2022,
OPTSTK,HCLTECH,30-Jun-2022,1060.0,PE,0.0,0.0,0.0,32.65,43.85,0,0.0,0,0,18-APR-2022,
OPTSTK,HCLTECH,30-Jun-2022,1080.0,PE,0.0,0.0,0.0,39.05,52.4,0,0.0,0,0,18-APR-2022,
OPTSTK,HCLTECH,30-Jun-2022,1100.0,PE,55.7,64.6,52.2,52.2,61.95,5,40.6,11200,1400,18-APR-2022,
OPTSTK,HCLTECH,30-Jun-2022,1120.0,PE,0.0,0.0,0.0,54.2,72.4,0,0.0,0,0,18-APR-2022,
OPTSTK,HCLTECH,30-Jun-2022,1140.0,PE,0.0,0.0,0.0,63.0,83.8,0,0.0,0,0,18-APR-2022,
OPTSTK,HCLTECH,30-Jun-2022,1160.0,PE,0.0,0.0,0.0,72.55,96.05,0,0.0,0,0,18-APR-2022,
OPTSTK,HCLTECH,30-Jun-2022,1180.0,PE,0.0,0.0,0.0,82.9,109.1,0,0.0,0,0,18-APR-2022,
OPTSTK,HCLTECH,30-Jun-2022,1200.0,PE,0.0,0.0,0.0,94.0,122.95,0,0.0,0,0,18-APR-2022,
OPTSTK,HCLTECH,30-Jun-2022,1220.0,PE,0.0,0.0,0.0,105.85,137.6,0,0.0,0,0,18-APR-2022,
OPTSTK,HCLTECH,30-Jun-2022,1240.0,PE,0.0,0.0,0.0,118.4,152.9,0,0.0,0,0,18-APR-2022,
OPTSTK,HCLTECH,30-Jun-2022,1260.0,PE,0.0,0.0,0.0,131.65,168.7,0,0.0,0,0,18-APR-2022,
OPTSTK,HCLTECH,30-Jun-2022,1280.0,PE,0.0,0.0,0.0,145.5,185.1,0,0.0,0,0,18-APR-2022,
OPTSTK,HCLTECH,30-Jun-2022,1300.0,PE,0.0,0.0,0.0,160.0,202.0,0,0.0,0,0,18-APR-2022,
OPTSTK,HCLTECH,30-Jun-2022,1320.0,PE,0.0,0.0,0.0,175.1,219.3,0,0.0,0,0,18-APR-2022,
OPTSTK,HCLTECH,30-Jun-2022,1340.0,PE,0.0,0.0,0.0,190.65,237.0,0,0.0,0,0,18-APR-2022,
OPTSTK,HCLTECH,30-Jun-2022,1360.0,PE,0.0,0.0,0.0,206.65,255.05,0,0.0,0,0,18-APR-2022,
OPTSTK,HCLTECH,30-Jun-2022,1380.0,PE,0.0,0.0,0.0,223.1,273.35,0,0.0,0,0,18-APR-2022,
OPTSTK,HCLTECH,30-Jun-2022,1400.0,PE,0.0,0.0,0.0,240.0,291.95,0,0.0,0,0,18-APR-2022,
OPTSTK,HCLTECH,30-Jun-2022,1420.0,PE,0.0,0.0,0.0,257.2,310.75,0,0.0,0,0,18-APR-2022,
OPTSTK,HCLTECH,30-Jun-2022,1440.0,PE,0.0,0.0,0.0,274.75,329.7,0,0.0,0,0,18-APR-2022,
OPTSTK,HCLTECH,30-Jun-2022,1460.0,PE,0.0,0.0,0.0,292.6,348.8,0,0.0,0,0,18-APR-2022,
OPTSTK,HCLTECH,30-Jun-2022,1480.0,PE,0.0,0.0,0.0,310.65,368.05,0,0.0,0,0,18-APR-2022,
OPTSTK,HDFC,28-Apr-2022,1720.0,CE,0.0,0.0,0.0,803.25,545.45,0,0.0,0,0,18-APR-2022,
OPTSTK,HDFC,28-Apr-2022,1740.0,CE,0.0,0.0,0.0,783.9,525.5,0,0.0,0,0,18-APR-2022,
OPTSTK,HDFC,28-Apr-2022,1760.0,CE,0.0,0.0,0.0,764.55,505.5,0,0.0,0,0,18-APR-2022,
OPTSTK,HDFC,28-Apr-2022,1780.0,CE,0.0,0.0,0.0,745.35,485.55,0,0.0,0,0,18-APR-2022,
OPTSTK,HDFC,28-Apr-2022,1800.0,CE,0.0,0.0,0.0,726.2,465.55,0,0.0,0,0,18-APR-2022,
OPTSTK,HDFC,28-Apr-2022,1820.0,CE,0.0,0.0,0.0,707.1,445.6,0,0.0,0,0,18-APR-2022,
OPTSTK,HDFC,28-Apr-2022,1840.0,CE,0.0,0.0,0.0,688.15,425.6,0,0.0,0,0,18-APR-2022,
OPTSTK,HDFC,28-Apr-2022,1860.0,CE,0.0,0.0,0.0,669.3,405.65,0,0.0,0,0,18-APR-2022,
OPTSTK,HDFC,28-Apr-2022,1880.0,CE,0.0,0.0,0.0,650.6,385.7,0,0.0,0,0,18-APR-2022,
OPTSTK,HDFC,28-Apr-2022,1900.0,CE,0.0,0.0,0.0,632.0,365.8,0,0.0,0,0,18-APR-2022,
OPTSTK,HDFC,28-Apr-2022,1920.0,CE,0.0,0.0,0.0,613.6,345.95,0,0.0,0,0,18-APR-2022,
OPTSTK,HDFC,28-Apr-2022,1940.0,CE,0.0,0.0,0.0,595.3,326.1,0,0.0,0,0,18-APR-2022,
OPTSTK,HDFC,28-Apr-2022,1960.0,CE,0.0,0.0,0.0,577.2,306.35,0,0.0,0,0,18-APR-2022,
OPTSTK,HDFC,28-Apr-2022,1980.0,CE,0.0,0.0,0.0,559.3,286.75,0,0.0,0,0,18-APR-2022,
OPTSTK,HDFC,28-Apr-2022,2000.0,CE,270.0,270.0,270.0,270.0,270.0,1,6.81,1500,0,18-APR-2022,
OPTSTK,HDFC,28-Apr-2022,2020.0,CE,0.0,0.0,0.0,524.05,248.0,0,0.0,0,0,18-APR-2022,
OPTSTK,HDFC,28-Apr-2022,2040.0,CE,0.0,0.0,0.0,506.75,229.05,0,0.0,0,0,18-APR-2022,
OPTSTK,HDFC,28-Apr-2022,2060.0,CE,0.0,0.0,0.0,489.7,210.4,0,0.0,0,0,18-APR-2022,
OPTSTK,HDFC,28-Apr-2022,2080.0,CE,0.0,0.0,0.0,472.85,192.2,0,0.0,0,0,18-APR-2022,
OPTSTK,HDFC,28-Apr-2022,2100.0,CE,206.4,206.4,180.0,181.0,174.5,38,261.36,11100,300,18-APR-2022,
OPTSTK,HDFC,28-Apr-2022,2120.0,CE,0.0,0.0,0.0,119.1,157.45,0,0.0,4800,0,18-APR-2022,
OPTSTK,HDFC,28-Apr-2022,2140.0,CE,0.0,0.0,0.0,110.2,141.05,0,0.0,4500,0,18-APR-2022,
OPTSTK,HDFC,28-Apr-2022,2160.0,CE,0.0,0.0,0.0,408.25,125.5,0,0.0,0,0,18-APR-2022,
OPTSTK,HDFC,28-Apr-2022,2180.0,CE,0.0,0.0,0.0,392.8,110.8,0,0.0,0,0,18-APR-2022,
OPTSTK,HDFC,28-Apr-2022,2200.0,CE,135.0,137.75,90.0,93.95,93.95,375,2590.46,39900,27600,18-APR-2022,
OPTSTK,HDFC,28-Apr-2022,2220.0,CE,75.0,77.25,75.0,76.15,76.15,2,13.77,1800,300,18-APR-2022,
OPTSTK,HDFC,28-Apr-2022,2240.0,CE,90.0,90.0,62.1,65.0,65.0,58,401.55,8400,5400,18-APR-2022,
OPTSTK,HDFC,28-Apr-2022,2260.0,CE,83.0,83.0,49.0,52.15,52.15,687,4771.12,73500,68700,18-APR-2022,
OPTSTK,HDFC,28-Apr-2022,2280.0,CE,82.2,82.2,38.8,40.65,40.65,1843,12861.08,110400,94200,18-APR-2022,
OPTSTK,HDFC,28-Apr-2022,2300.0,CE,64.0,68.5,28.95,30.85,30.85,8636,60623.52,603000,534300,18-APR-2022,
OPTSTK,HDFC,28-Apr-2022,2320.0,CE,50.55,56.0,21.7,22.85,22.85,4303,30353.95,372300,337800,18-APR-2022,
OPTSTK,HDFC,28-Apr-2022,2340.0,CE,43.7,43.7,16.1,17.3,17.3,3776,26790.85,255300,209700,18-APR-2022,
OPTSTK,HDFC,28-Apr-2022,2360.0,CE,37.7,37.7,12.15,13.15,13.15,3805,27169.8,331800,286800,18-APR-2022,
OPTSTK,HDFC,28-Apr-2022,2380.0,CE,24.95,30.25,9.8,10.35,10.35,2842,20422.19,201000,126000,18-APR-2022,
OPTSTK,HDFC,28-Apr-2022,2400.0,CE,38.9,38.9,8.1,8.7,8.7,10840,78467.02,1140600,560100,18-APR-2022,
OPTSTK,HDFC,28-Apr-2022,2420.0,CE,21.7,21.7,7.05,7.45,7.45,2634,19207.53,377100,108300,18-APR-2022,
OPTSTK,HDFC,28-Apr-2022,2440.0,CE,25.25,25.25,6.35,6.7,6.7,2776,20398.49,477900,9000,18-APR-2022,
OPTSTK,HDFC,28-Apr-2022,2460.0,CE,12.4,13.45,5.55,6.0,6.0,2755,20393.87,408600,-62700,18-APR-2022,
OPTSTK,HDFC,28-Apr-2022,2480.0,CE,9.05,11.05,5.2,5.55,5.55,2047,15270.98,283500,-6000,18-APR-2022,
OPTSTK,HDFC,28-Apr-2022,2500.0,CE,13.9,13.9,4.75,5.05,5.05,10221,76834.94,2031900,96600,18-APR-2022,
OPTSTK,HDFC,28-Apr-2022,2520.0,CE,6.45,7.4,3.5,4.8,4.8,2572,19484.17,286800,-26700,18-APR-2022,
OPTSTK,HDFC,28-Apr-2022,2540.0,CE,5.25,8.65,4.2,4.45,4.45,1791,13673.04,241200,-107100,18-APR-2022,
OPTSTK,HDFC,28-Apr-2022,2560.0,CE,4.6,5.35,3.85,4.15,4.15,2016,15509.27,293400,-56100,18-APR-2022,
OPTSTK,HDFC,28-Apr-2022,2580.0,CE,2.0,5.4,2.0,4.05,4.05,1043,8085.7,162600,-11700,18-APR-2022,
OPTSTK,HDFC,28-Apr-2022,2600.0,CE,5.95,5.95,3.4,3.7,3.7,5233,40877.21,1404300,-41100,18-APR-2022,
OPTSTK,HDFC,28-Apr-2022,2620.0,CE,2.05,4.55,0.95,3.65,3.65,1038,8170.16,142800,5400,18-APR-2022,
OPTSTK,HDFC,28-Apr-2022,2640.0,CE,3.3,4.3,3.1,3.6,3.6,932,7391.5,224400,-3900,18-APR-2022,
OPTSTK,HDFC,28-Apr-2022,2660.0,CE,2.9,4.0,2.85,3.45,3.45,672,5369.29,223800,-28200,18-APR-2022,
OPTSTK,HDFC,28-Apr-2022,2680.0,CE,3.05,3.9,2.7,3.4,3.4,892,7180.4,146400,-20700,18-APR-2022,
OPTSTK,HDFC,28-Apr-2022,2700.0,CE,3.95,3.95,2.1,3.15,3.15,4070,33004.2,1311300,-113700,18-APR-2022,
OPTSTK,HDFC,28-Apr-2022,2720.0,CE,2.9,3.45,2.4,3.2,3.2,635,5187.31,160500,-54600,18-APR-2022,
OPTSTK,HDFC,28-Apr-2022,2740.0,CE,4.2,4.2,2.35,3.2,3.2,607,4994.95,180300,-16200,18-APR-2022,
OPTSTK,HDFC,28-Apr-2022,2760.0,CE,4.0,4.0,2.2,3.1,3.1,832,6896.38,254700,27900,18-APR-2022,
OPTSTK,HDFC,28-Apr-2022,2780.0,CE,2.15,3.1,2.1,3.0,3.0,398,3322.62,97500,7800,18-APR-2022,
OPTSTK,HDFC,28-Apr-2022,2800.0,CE,3.5,3.5,2.05,2.9,2.9,2876,24181.41,1137300,-230700,18-APR-2022,
OPTSTK,HDFC,28-Apr-2022,2820.0,CE,1.85,3.1,1.85,3.0,3.0,287,2430.24,90600,-36600,18-APR-2022,
OPTSTK,HDFC,28-Apr-2022,2840.0,CE,1.75,3.0,1.5,2.8,2.8,715,6097.44,170100,-86100,18-APR-2022,
OPTSTK,HDFC,28-Apr-2022,2860.0,CE,2.0,2.95,1.9,2.85,2.85,215,1846.24,66300,-10200,18-APR-2022,
OPTSTK,HDFC,28-Apr-2022,2880.0,CE,2.5,2.8,2.0,2.75,2.75,249,2153.17,84900,-17100,18-APR-2022,
OPTSTK,HDFC,28-Apr-2022,2900.0,CE,2.5,3.1,1.9,2.5,2.5,1619,14097.11,746700,-80100,18-APR-2022,
OPTSTK,HDFC,28-Apr-2022,2920.0,CE,2.5,2.9,1.8,2.4,0.0,19,166.56,43800,-1200,18-APR-2022,
OPTSTK,HDFC,28-Apr-2022,2940.0,CE,0.4,2.5,0.4,2.3,0.0,15,132.36,48600,-300,18-APR-2022,
OPTSTK,HDFC,28-Apr-2022,2960.0,CE,2.0,2.75,1.8,2.35,2.35,429,3812.64,108300,-56400,18-APR-2022,
OPTSTK,HDFC,28-Apr-2022,2980.0,CE,2.0,2.55,2.0,2.3,0.0,19,169.98,23100,-1200,18-APR-2022,
OPTSTK,HDFC,28-Apr-2022,3000.0,CE,2.0,2.75,1.65,2.2,2.2,1618,14572.39,1200300,-106500,18-APR-2022,
OPTSTK,HDFC,28-Apr-2022,3020.0,CE,2.5,2.5,2.05,2.1,2.1,76,689.08,27000,-2700,18-APR-2022,
OPTSTK,HDFC,28-Apr-2022,3040.0,CE,1.0,3.0,1.0,2.0,2.0,50,456.32,36000,-8100,18-APR-2022,
OPTSTK,HDFC,28-Apr-2022,3060.0,CE,1.9,1.9,1.25,1.3,1.3,3,27.55,13800,-600,18-APR-2022,
OPTSTK,HDFC,28-Apr-2022,3080.0,CE,0.0,0.0,0.0,2.5,0.0,0,0.0,3000,0,18-APR-2022,
OPTSTK,HDFC,28-Apr-2022,3100.0,CE,1.85,1.95,1.35,1.65,1.65,263,2447.21,149400,-23100,18-APR-2022,
OPTSTK,HDFC,28-Apr-2022,3120.0,CE,0.0,0.0,0.0,2.2,0.0,0,0.0,7800,0,18-APR-2022,
OPTSTK,HDFC,28-Apr-2022,3140.0,CE,2.0,2.0,2.0,2.0,2.0,3,28.27,36000,-600,18-APR-2022,
OPTSTK,HDFC,28-Apr-2022,3160.0,CE,0.0,0.0,0.0,3.75,0.0,0,0.0,600,0,18-APR-2022,
OPTSTK,HDFC,28-Apr-2022,3180.0,CE,0.0,0.0,0.0,23.6,0.0,0,0.0,0,0,18-APR-2022,
OPTSTK,HDFC,28-Apr-2022,3200.0,CE,0.6,1.3,0.55,0.75,0.75,98,941.03,157500,-7500,18-APR-2022,
OPTSTK,HDFC,28-Apr-2022,3220.0,CE,0.0,0.0,0.0,1.35,0.0,0,0.0,300,0,18-APR-2022,
OPTSTK,HDFC,28-Apr-2022,3240.0,CE,0.0,0.0,0.0,19.0,0.0,0,0.0,0,0,18-APR-2022,
OPTSTK,HDFC,28-Apr-2022,3260.0,CE,0.0,0.0,0.0,17.65,0.0,0,0.0,0,0,18-APR-2022,
OPTSTK,HDFC,28-Apr-2022,3280.0,CE,0.0,0.0,0.0,1.2,0.0,0,0.0,3000,0,18-APR-2022,
OPTSTK,HDFC,28-Apr-2022,3300.0,CE,0.25,0.95,0.15,0.55,0.55,99,980.25,113400,-9900,18-APR-2022,
OPTSTK,HDFC,28-Apr-2022,1720.0,PE,0.0,0.0,0.0,0.85,0.0,0,0.0,900,0,18-APR-2022,
OPTSTK,HDFC,28-Apr-2022,1740.0,PE,0.0,0.0,0.0,2.4,0.0,0,0.0,0,0,18-APR-2022,
OPTSTK,HDFC,28-Apr-2022,1760.0,PE,0.0,0.0,0.0,2.9,0.0,0,0.0,0,0,18-APR-2022,
OPTSTK,HDFC,28-Apr-2022,1780.0,PE,0.0,0.0,0.0,3.45,0.0,0,0.0,0,0,18-APR-2022,
OPTSTK,HDFC,28-Apr-2022,1800.0,PE,2.45,2.6,0.3,0.6,0.6,36,194.48,17400,0,18-APR-2022,
OPTSTK,HDFC,28-Apr-2022,1820.0,PE,0.0,0.0,0.0,4.8,0.05,0,0.0,0,0,18-APR-2022,
OPTSTK,HDFC,28-Apr-2022,1840.0,PE,0.0,0.0,0.0,5.65,0.05,0,0.0,0,0,18-APR-2022,
OPTSTK,HDFC,28-Apr-2022,1860.0,PE,0.0,0.0,0.0,6.6,0.05,0,0.0,0,0,18-APR-2022,
OPTSTK,HDFC,28-Apr-2022,1880.0,PE,1.3,1.3,1.3,1.3,0.1,1,5.64,600,0,18-APR-2022,
OPTSTK,HDFC,28-Apr-2022,1900.0,PE,1.95,2.8,1.05,1.4,1.4,326,1859.75,55500,30000,18-APR-2022,
OPTSTK,HDFC,28-Apr-2022,1920.0,PE,0.0,0.0,0.0,10.25,0.25,0,0.0,0,0,18-APR-2022,
OPTSTK,HDFC,28-Apr-2022,1940.0,PE,0.0,0.0,0.0,11.75,0.4,0,0.0,0,0,18-APR-2022,
OPTSTK,HDFC,28-Apr-2022,1960.0,PE,0.0,0.0,0.0,13.45,0.65,0,0.0,0,0,18-APR-2022,
OPTSTK,HDFC,28-Apr-2022,1980.0,PE,0.0,0.0,0.0,15.3,1.0,0,0.0,0,0,18-APR-2022,
OPTSTK,HDFC,28-Apr-2022,2000.0,PE,4.5,4.8,2.35,3.6,3.6,1214,7297.0,178200,70800,18-APR-2022,
OPTSTK,HDFC,28-Apr-2022,2020.0,PE,4.0,4.0,4.0,4.0,4.0,1,6.07,300,300,18-APR-2022,
OPTSTK,HDFC,28-Apr-2022,2040.0,PE,4.0,4.0,4.0,4.0,4.0,2,12.26,900,600,18-APR-2022,
OPTSTK,HDFC,28-Apr-2022,2060.0,PE,5.35,6.5,4.3,5.9,5.9,243,1505.46,18300,11400,18-APR-2022,
OPTSTK,HDFC,28-Apr-2022,2080.0,PE,1.35,7.7,1.35,7.1,7.1,344,2152.54,21000,6900,18-APR-2022,
OPTSTK,HDFC,28-Apr-2022,2100.0,PE,7.3,9.3,4.95,8.45,8.45,1878,11869.47,206700,65400,18-APR-2022,
OPTSTK,HDFC,28-Apr-2022,2120.0,PE,6.95,10.85,6.35,10.0,10.0,247,1576.9,11400,8700,18-APR-2022,
OPTSTK,HDFC,28-Apr-2022,2140.0,PE,7.05,12.35,6.3,11.65,11.65,499,3217.2,16500,8100,18-APR-2022,
OPTSTK,HDFC,28-Apr-2022,2160.0,PE,7.5,15.1,7.35,13.75,13.75,739,4812.18,52200,31800,18-APR-2022,
OPTSTK,HDFC,28-Apr-2022,2180.0,PE,11.0,17.95,8.6,16.75,16.75,1077,7083.87,128700,105900,18-APR-2022,
OPTSTK,HDFC,28-Apr-2022,2200.0,PE,14.8,22.85,9.95,20.85,20.85,5456,36278.97,499200,205500,18-APR-2022,
OPTSTK,HDFC,28-Apr-2022,2220.0,PE,15.55,27.7,12.25,25.9,25.9,1709,11476.99,60000,-57300,18-APR-2022,
OPTSTK,HDFC,28-Apr-2022,2240.0,PE,21.65,33.9,15.8,31.65,31.65,2244,15247.87,110100,-59100,18-APR-2022,
OPTSTK,HDFC,28-Apr-2022,2260.0,PE,27.45,41.55,20.05,38.7,38.7,2602,17907.28,116100,37200,18-APR-2022,
OPTSTK,HDFC,28-Apr-2022,2280.0,PE,46.5,51.0,26.3,47.0,47.0,2236,15560.97,82200,23100,18-APR-2022,
OPTSTK,HDFC,28-Apr-2022,2300.0,PE,34.0,61.35,33.0,57.5,57.5,6244,43929.93,592200,-126000,18-APR-2022,
OPTSTK,HDFC,28-Apr-2022,2320.0,PE,50.0,73.95,41.85,70.45,70.45,1379,9817.42,105000,21000,18-APR-2022,
OPTSTK,HDFC,28-Apr-2022,2340.0,PE,67.9,89.0,51.7,84.85,84.85,737,5320.77,97500,-2400,18-APR-2022,
OPTSTK,HDFC,28-Apr-2022,2360.0,PE,75.25,102.65,64.0,98.9,98.9,729,5331.02,169200,-51900,18-APR-2022,
OPTSTK,HDFC,28-Apr-2022,2380.0,PE,80.05,119.95,77.4,116.05,116.05,471,3494.27,81300,-27600,18-APR-2022,
OPTSTK,HDFC,28-Apr-2022,2400.0,PE,98.1,140.6,90.5,135.65,135.65,1585,11948.47,605100,-121200,18-APR-2022,
OPTSTK,HDFC,28-Apr-2022,2420.0,PE,119.9,153.0,109.6,151.7,151.7,131,1002.41,134700,-15000,18-APR-2022,
OPTSTK,HDFC,28-Apr-2022,2440.0,PE,129.05,176.6,125.55,172.05,172.05,146,1132.49,160800,600,18-APR-2022,
OPTSTK,HDFC,28-Apr-2022,2460.0,PE,157.85,195.1,143.85,192.05,192.05,101,796.18,91800,-14700,18-APR-2022,
OPTSTK,HDFC,28-Apr-2022,2480.0,PE,163.5,212.2,162.25,209.55,219.7,66,529.39,68700,-13500,18-APR-2022,
OPTSTK,HDFC,28-Apr-2022,2500.0,PE,190.0,234.25,180.05,231.3,231.3,425,3451.91,456600,-38700,18-APR-2022,
OPTSTK,HDFC,28-Apr-2022,2520.0,PE,203.9,250.0,201.85,243.2,257.1,40,329.9,37800,-2700,18-APR-2022,
OPTSTK,HDFC,28-Apr-2022,2540.0,PE,225.4,270.1,225.4,262.0,276.25,24,201.22,79800,-4200,18-APR-2022,
OPTSTK,HDFC,28-Apr-2022,2560.0,PE,240.1,295.0,240.1,290.0,290.0,22,186.74,109200,-900,18-APR-2022,
OPTSTK,HDFC,28-Apr-2022,2580.0,PE,259.15,305.5,258.1,300.25,315.0,22,188.25,37800,-5400,18-APR-2022,
OPTSTK,HDFC,28-Apr-2022,2600.0,PE,284.4,334.95,275.75,330.75,330.75,179,1562.78,257100,-28500,18-APR-2022,
OPTSTK,HDFC,28-Apr-2022,2620.0,PE,308.0,346.8,308.0,346.8,354.3,2,17.68,31500,-300,18-APR-2022,
OPTSTK,HDFC,28-Apr-2022,2640.0,PE,321.7,369.7,321.7,369.7,374.1,8,71.78,36600,0,18-APR-2022,
OPTSTK,HDFC,28-Apr-2022,2660.0,PE,362.0,386.7,362.0,386.7,393.9,3,27.32,51000,-900,18-APR-2022,
OPTSTK,HDFC,28-Apr-2022,2680.0,PE,350.6,350.6,350.6,350.6,413.75,1,9.09,29700,0,18-APR-2022,
OPTSTK,HDFC,28-Apr-2022,2700.0,PE,380.0,433.9,374.0,430.25,430.25,129,1196.24,248700,-17100,18-APR-2022,
OPTSTK,HDFC,28-Apr-2022,2720.0,PE,0.0,0.0,0.0,327.0,453.6,0,0.0,19200,0,18-APR-2022,
OPTSTK,HDFC,28-Apr-2022,2740.0,PE,445.0,465.0,445.0,465.0,473.5,5,47.87,28500,-900,18-APR-2022,
OPTSTK,HDFC,28-Apr-2022,2760.0,PE,0.0,0.0,0.0,336.0,493.45,0,0.0,33600,0,18-APR-2022,
OPTSTK,HDFC,28-Apr-2022,2780.0,PE,483.4,483.4,483.4,483.4,513.45,1,9.79,18900,0,18-APR-2022,
OPTSTK,HDFC,28-Apr-2022,2800.0,PE,477.1,529.55,477.1,527.55,527.55,41,405.51,87300,-7200,18-APR-2022,
OPTSTK,HDFC,28-Apr-2022,2820.0,PE,0.0,0.0,0.0,350.0,553.35,0,0.0,15900,0,18-APR-2022,
OPTSTK,HDFC,28-Apr-2022,2840.0,PE,0.0,0.0,0.0,355.45,573.35,0,0.0,9600,0,18-APR-2022,
OPTSTK,HDFC,28-Apr-2022,2860.0,PE,0.0,0.0,0.0,426.7,593.3,0,0.0,2700,0,18-APR-2022,
OPTSTK,HDFC,28-Apr-2022,2880.0,PE,0.0,0.0,0.0,447.05,613.3,0,0.0,1800,0,18-APR-2022,
OPTSTK,HDFC,28-Apr-2022,2900.0,PE,620.4,630.3,620.4,626.25,633.25,5,52.9,24000,-300,18-APR-2022,
OPTSTK,HDFC,28-Apr-2022,2920.0,PE,0.0,0.0,0.0,443.25,653.25,0,0.0,0,0,18-APR-2022,
OPTSTK,HDFC,28-Apr-2022,2940.0,PE,0.0,0.0,0.0,459.5,673.2,0,0.0,0,0,18-APR-2022,
OPTSTK,HDFC,28-Apr-2022,2960.0,PE,0.0,0.0,0.0,475.9,693.2,0,0.0,0,0,18-APR-2022,
OPTSTK,HDFC,28-Apr-2022,2980.0,PE,0.0,0.0,0.0,492.5,713.15,0,0.0,0,0,18-APR-2022,
OPTSTK,HDFC,28-Apr-2022,3000.0,PE,0.0,0.0,0.0,587.75,733.15,0,0.0,6600,0,18-APR-2022,
OPTSTK,HDFC,28-Apr-2022,3020.0,PE,0.0,0.0,0.0,526.25,753.1,0,0.0,0,0,18-APR-2022,
OPTSTK,HDFC,28-Apr-2022,3040.0,PE,0.0,0.0,0.0,543.35,773.1,0,0.0,0,0,18-APR-2022,
OPTSTK,HDFC,28-Apr-2022,3060.0,PE,0.0,0.0,0.0,560.65,793.1,0,0.0,0,0,18-APR-2022,
OPTSTK,HDFC,28-Apr-2022,3080.0,PE,0.0,0.0,0.0,578.05,813.05,0,0.0,0,0,18-APR-2022,
OPTSTK,HDFC,28-Apr-2022,3100.0,PE,0.0,0.0,0.0,796.95,833.05,0,0.0,0,0,18-APR-2022,
OPTSTK,HDFC,28-Apr-2022,3120.0,PE,0.0,0.0,0.0,613.3,853.0,0,0.0,0,0,18-APR-2022,
OPTSTK,HDFC,28-Apr-2022,3140.0,PE,0.0,0.0,0.0,631.1,873.0,0,0.0,0,0,18-APR-2022,
OPTSTK,HDFC,28-Apr-2022,3160.0,PE,0.0,0.0,0.0,649.05,892.95,0,0.0,0,0,18-APR-2022,
OPTSTK,HDFC,28-Apr-2022,3180.0,PE,0.0,0.0,0.0,667.1,912.95,0,0.0,0,0,18-APR-2022,
OPTSTK,HDFC,28-Apr-2022,3200.0,PE,0.0,0.0,0.0,685.25,932.9,0,0.0,0,0,18-APR-2022,
OPTSTK,HDFC,28-Apr-2022,3220.0,PE,0.0,0.0,0.0,703.55,952.9,0,0.0,0,0,18-APR-2022,
OPTSTK,HDFC,28-Apr-2022,3240.0,PE,0.0,0.0,0.0,721.9,972.85,0,0.0,0,0,18-APR-2022,
OPTSTK,HDFC,28-Apr-2022,3260.0,PE,0.0,0.0,0.0,740.35,992.85,0,0.0,0,0,18-APR-2022,
OPTSTK,HDFC,28-Apr-2022,3280.0,PE,0.0,0.0,0.0,758.9,1012.85,0,0.0,0,0,18-APR-2022,
OPTSTK,HDFC,28-Apr-2022,3300.0,PE,0.0,0.0,0.0,835.0,1032.8,0,0.0,1200,0,18-APR-2022,
OPTSTK,HDFC,26-May-2022,1720.0,CE,0.0,0.0,0.0,646.45,552.4,0,0.0,0,0,18-APR-2022,
OPTSTK,HDFC,26-May-2022,1740.0,CE,0.0,0.0,0.0,627.6,532.85,0,0.0,0,0,18-APR-2022,
OPTSTK,HDFC,26-May-2022,1760.0,CE,0.0,0.0,0.0,608.95,513.4,0,0.0,0,0,18-APR-2022,
OPTSTK,HDFC,26-May-2022,1780.0,CE,0.0,0.0,0.0,590.4,494.05,0,0.0,0,0,18-APR-2022,
OPTSTK,HDFC,26-May-2022,1800.0,CE,0.0,0.0,0.0,572.0,474.85,0,0.0,0,0,18-APR-2022,
OPTSTK,HDFC,26-May-2022,1820.0,CE,0.0,0.0,0.0,553.8,455.8,0,0.0,0,0,18-APR-2022,
OPTSTK,HDFC,26-May-2022,1840.0,CE,0.0,0.0,0.0,535.75,436.9,0,0.0,0,0,18-APR-2022,
OPTSTK,HDFC,26-May-2022,1860.0,CE,0.0,0.0,0.0,517.95,418.2,0,0.0,0,0,18-APR-2022,
OPTSTK,HDFC,26-May-2022,1880.0,CE,0.0,0.0,0.0,500.35,399.7,0,0.0,0,0,18-APR-2022,
OPTSTK,HDFC,26-May-2022,1900.0,CE,0.0,0.0,0.0,482.95,381.45,0,0.0,0,0,18-APR-2022,
OPTSTK,HDFC,26-May-2022,1920.0,CE,0.0,0.0,0.0,465.85,363.45,0,0.0,0,0,18-APR-2022,
OPTSTK,HDFC,26-May-2022,1940.0,CE,0.0,0.0,0.0,448.95,345.75,0,0.0,0,0,18-APR-2022,
OPTSTK,HDFC,26-May-2022,1960.0,CE,0.0,0.0,0.0,432.35,328.4,0,0.0,0,0,18-APR-2022,
OPTSTK,HDFC,26-May-2022,1980.0,CE,0.0,0.0,0.0,416.05,311.35,0,0.0,0,0,18-APR-2022,
OPTSTK,HDFC,26-May-2022,2000.0,CE,0.0,0.0,0.0,400.0,294.7,0,0.0,0,0,18-APR-2022,
OPTSTK,HDFC,26-May-2022,2020.0,CE,0.0,0.0,0.0,384.25,278.45,0,0.0,0,0,18-APR-2022,
OPTSTK,HDFC,26-May-2022,2040.0,CE,0.0,0.0,0.0,368.85,262.6,0,0.0,0,0,18-APR-2022,
OPTSTK,HDFC,26-May-2022,2060.0,CE,0.0,0.0,0.0,353.75,247.2,0,0.0,0,0,18-APR-2022,
OPTSTK,HDFC,26-May-2022,2080.0,CE,0.0,0.0,0.0,339.1,232.35,0,0.0,0,0,18-APR-2022,
OPTSTK,HDFC,26-May-2022,2100.0,CE,0.0,0.0,0.0,324.65,217.9,0,0.0,0,0,18-APR-2022,
OPTSTK,HDFC,26-May-2022,2120.0,CE,0.0,0.0,0.0,310.6,203.9,0,0.0,0,0,18-APR-2022,
OPTSTK,HDFC,26-May-2022,2140.0,CE,0.0,0.0,0.0,296.8,190.5,0,0.0,0,0,18-APR-2022,
OPTSTK,HDFC,26-May-2022,2160.0,CE,0.0,0.0,0.0,283.5,177.65,0,0.0,0,0,18-APR-2022,
OPTSTK,HDFC,26-May-2022,2180.0,CE,0.0,0.0,0.0,270.55,165.3,0,0.0,0,0,18-APR-2022,
OPTSTK,HDFC,26-May-2022,2200.0,CE,140.55,143.45,138.9,138.9,138.9,13,91.31,3900,3900,18-APR-2022,
OPTSTK,HDFC,26-May-2022,2220.0,CE,0.0,0.0,0.0,245.8,142.35,0,0.0,0,0,18-APR-2022,
OPTSTK,HDFC,26-May-2022,2240.0,CE,0.0,0.0,0.0,234.0,131.7,0,0.0,0,0,18-APR-2022,
OPTSTK,HDFC,26-May-2022,2260.0,CE,0.0,0.0,0.0,222.55,121.6,0,0.0,0,0,18-APR-2022,
OPTSTK,HDFC,26-May-2022,2280.0,CE,0.0,0.0,0.0,211.5,112.05,0,0.0,0,0,18-APR-2022,
OPTSTK,HDFC,26-May-2022,2300.0,CE,127.7,127.7,81.0,83.85,83.85,432,3096.9,83400,80700,18-APR-2022,
OPTSTK,HDFC,26-May-2022,2320.0,CE,120.25,120.25,73.0,74.5,74.5,16,115.32,2700,2700,18-APR-2022,
OPTSTK,HDFC,26-May-2022,2340.0,CE,0.0,0.0,0.0,180.7,86.6,0,0.0,0,0,18-APR-2022,
OPTSTK,HDFC,26-May-2022,2360.0,CE,0.0,0.0,0.0,171.15,79.2,0,0.0,0,0,18-APR-2022,
OPTSTK,HDFC,26-May-2022,2380.0,CE,0.0,0.0,0.0,162.0,72.25,0,0.0,0,0,18-APR-2022,
OPTSTK,HDFC,26-May-2022,2400.0,CE,77.15,77.15,45.2,46.35,46.35,907,6675.03,187500,143100,18-APR-2022,
OPTSTK,HDFC,26-May-2022,2420.0,CE,103.9,103.9,52.6,52.6,59.8,3,22.41,1200,600,18-APR-2022,
OPTSTK,HDFC,26-May-2022,2440.0,CE,62.95,62.95,35.1,36.75,36.75,39,290.38,8100,4500,18-APR-2022,
OPTSTK,HDFC,26-May-2022,2460.0,CE,0.0,0.0,0.0,129.05,49.2,0,0.0,0,0,18-APR-2022,
OPTSTK,HDFC,26-May-2022,2480.0,CE,32.9,32.9,28.0,28.0,44.5,2,15.06,600,300,18-APR-2022,
OPTSTK,HDFC,26-May-2022,2500.0,CE,64.85,64.85,24.5,25.25,25.25,843,6400.89,201600,76500,18-APR-2022,
OPTSTK,HDFC,26-May-2022,2520.0,CE,0.0,0.0,0.0,107.9,36.1,0,0.0,0,0,18-APR-2022,
OPTSTK,HDFC,26-May-2022,2540.0,CE,0.0,0.0,0.0,101.5,32.45,0,0.0,0,0,18-APR-2022,
OPTSTK,HDFC,26-May-2022,2560.0,CE,0.0,0.0,0.0,95.45,29.1,0,0.0,0,0,18-APR-2022,
OPTSTK,HDFC,26-May-2022,2580.0,CE,0.0,0.0,0.0,89.65,26.05,0,0.0,0,0,18-APR-2022,
OPTSTK,HDFC,26-May-2022,2600.0,CE,22.25,25.05,14.8,15.6,15.6,405,3180.78,140400,44100,18-APR-2022,
OPTSTK,HDFC,26-May-2022,2620.0,CE,0.0,0.0,0.0,78.9,20.8,0,0.0,0,0,18-APR-2022,
OPTSTK,HDFC,26-May-2022,2640.0,CE,0.0,0.0,0.0,74.1,18.5,0,0.0,0,0,18-APR-2022,
OPTSTK,HDFC,26-May-2022,2660.0,CE,0.0,0.0,0.0,69.45,16.45,0,0.0,0,0,18-APR-2022,
OPTSTK,HDFC,26-May-2022,2680.0,CE,0.0,0.0,0.0,65.0,14.6,0,0.0,0,0,18-APR-2022,
OPTSTK,HDFC,26-May-2022,2700.0,CE,15.05,19.0,9.45,10.1,10.1,159,1293.3,62400,600,18-APR-2022,
OPTSTK,HDFC,26-May-2022,2720.0,CE,0.0,0.0,0.0,56.8,11.45,0,0.0,0,0,18-APR-2022,
OPTSTK,HDFC,26-May-2022,2740.0,CE,0.0,0.0,0.0,53.05,10.1,0,0.0,0,0,18-APR-2022,
OPTSTK,HDFC,26-May-2022,2760.0,CE,0.0,0.0,0.0,49.55,8.95,0,0.0,0,0,18-APR-2022,
OPTSTK,HDFC,26-May-2022,2780.0,CE,0.0,0.0,0.0,142.0,7.85,0,0.0,300,0,18-APR-2022,
OPTSTK,HDFC,26-May-2022,2800.0,CE,8.05,15.0,7.0,7.55,7.55,144,1213.22,64200,18600,18-APR-2022,
OPTSTK,HDFC,26-May-2022,2820.0,CE,0.0,0.0,0.0,40.2,6.05,0,0.0,0,0,18-APR-2022,
OPTSTK,HDFC,26-May-2022,2840.0,CE,0.0,0.0,0.0,65.0,5.3,0,0.0,300,0,18-APR-2022,
OPTSTK,HDFC,26-May-2022,2860.0,CE,0.0,0.0,0.0,34.85,4.65,0,0.0,0,0,18-APR-2022,
OPTSTK,HDFC,26-May-2022,2880.0,CE,0.0,0.0,0.0,32.4,4.05,0,0.0,0,0,18-APR-2022,
OPTSTK,HDFC,26-May-2022,2900.0,CE,9.0,16.55,5.5,6.35,6.35,44,383.76,31500,6000,18-APR-2022,
OPTSTK,HDFC,26-May-2022,2920.0,CE,0.0,0.0,0.0,28.0,3.1,0,0.0,0,0,18-APR-2022,
OPTSTK,HDFC,26-May-2022,2940.0,CE,0.0,0.0,0.0,26.0,2.7,0,0.0,0,0,18-APR-2022,
OPTSTK,HDFC,26-May-2022,2960.0,CE,0.0,0.0,0.0,24.1,2.35,0,0.0,0,0,18-APR-2022,
OPTSTK,HDFC,26-May-2022,2980.0,CE,0.0,0.0,0.0,22.4,2.05,0,0.0,0,0,18-APR-2022,
OPTSTK,HDFC,26-May-2022,3000.0,CE,8.1,8.5,3.15,3.95,3.95,85,766.08,56700,-900,18-APR-2022,
OPTSTK,HDFC,26-May-2022,3020.0,CE,0.0,0.0,0.0,19.2,1.55,0,0.0,0,0,18-APR-2022,
OPTSTK,HDFC,26-May-2022,3040.0,CE,0.0,0.0,0.0,17.8,1.3,0,0.0,0,0,18-APR-2022,
OPTSTK,HDFC,26-May-2022,3060.0,CE,0.0,0.0,0.0,16.5,1.15,0,0.0,0,0,18-APR-2022,
OPTSTK,HDFC,26-May-2022,3080.0,CE,0.0,0.0,0.0,15.25,1.0,0,0.0,0,0,18-APR-2022,
OPTSTK,HDFC,26-May-2022,3100.0,CE,3.0,3.0,3.0,3.0,0.85,2,18.61,4500,-600,18-APR-2022,
OPTSTK,HDFC,26-May-2022,3120.0,CE,0.0,0.0,0.0,13.05,0.75,0,0.0,0,0,18-APR-2022,
OPTSTK,HDFC,26-May-2022,3140.0,CE,0.0,0.0,0.0,12.05,0.65,0,0.0,0,0,18-APR-2022,
OPTSTK,HDFC,26-May-2022,3160.0,CE,0.0,0.0,0.0,14.8,0.55,0,0.0,0,0,18-APR-2022,
OPTSTK,HDFC,26-May-2022,3180.0,CE,0.0,0.0,0.0,13.7,0.45,0,0.0,0,0,18-APR-2022,
OPTSTK,HDFC,26-May-2022,1720.0,PE,0.0,0.0,0.0,5.4,1.3,0,0.0,0,0,18-APR-2022,
OPTSTK,HDFC,26-May-2022,1740.0,PE,0.0,0.0,0.0,6.35,1.65,0,0.0,0,0,18-APR-2022,
OPTSTK,HDFC,26-May-2022,1760.0,PE,0.0,0.0,0.0,7.45,2.15,0,0.0,0,0,18-APR-2022,
OPTSTK,HDFC,26-May-2022,1780.0,PE,0.0,0.0,0.0,8.7,2.7,0,0.0,0,0,18-APR-2022,
OPTSTK,HDFC,26-May-2022,1800.0,PE,0.0,0.0,0.0,10.1,3.4,0,0.0,0,0,18-APR-2022,
OPTSTK,HDFC,26-May-2022,1820.0,PE,0.0,0.0,0.0,11.7,4.25,0,0.0,0,0,18-APR-2022,
OPTSTK,HDFC,26-May-2022,1840.0,PE,0.0,0.0,0.0,13.45,5.25,0,0.0,0,0,18-APR-2022,
OPTSTK,HDFC,26-May-2022,1860.0,PE,0.0,0.0,0.0,15.45,6.5,0,0.0,0,0,18-APR-2022,
OPTSTK,HDFC,26-May-2022,1880.0,PE,0.0,0.0,0.0,17.6,7.9,0,0.0,0,0,18-APR-2022,
OPTSTK,HDFC,26-May-2022,1900.0,PE,8.0,8.0,8.0,8.0,9.55,1,5.72,1500,0,18-APR-2022,
OPTSTK,HDFC,26-May-2022,1920.0,PE,0.0,0.0,0.0,22.7,11.5,0,0.0,0,0,18-APR-2022,
OPTSTK,HDFC,26-May-2022,1940.0,PE,0.0,0.0,0.0,25.6,13.7,0,0.0,0,0,18-APR-2022,
OPTSTK,HDFC,26-May-2022,1960.0,PE,0.0,0.0,0.0,28.8,16.25,0,0.0,0,0,18-APR-2022,
OPTSTK,HDFC,26-May-2022,1980.0,PE,0.0,0.0,0.0,32.25,19.1,0,0.0,0,0,18-APR-2022,
OPTSTK,HDFC,26-May-2022,2000.0,PE,15.6,17.0,10.7,15.2,15.2,151,912.44,36000,23400,18-APR-2022,
OPTSTK,HDFC,26-May-2022,2020.0,PE,0.0,0.0,0.0,40.05,26.0,0,0.0,0,0,18-APR-2022,
OPTSTK,HDFC,26-May-2022,2040.0,PE,0.0,0.0,0.0,44.45,30.1,0,0.0,0,0,18-APR-2022,
OPTSTK,HDFC,26-May-2022,2060.0,PE,0.0,0.0,0.0,49.15,34.6,0,0.0,0,0,18-APR-2022,
OPTSTK,HDFC,26-May-2022,2080.0,PE,0.0,0.0,0.0,54.25,39.7,0,0.0,0,0,18-APR-2022,
OPTSTK,HDFC,26-May-2022,2100.0,PE,23.85,30.95,20.0,30.15,30.15,252,1606.46,54600,45300,18-APR-2022,
OPTSTK,HDFC,26-May-2022,2120.0,PE,0.0,0.0,0.0,65.35,51.05,0,0.0,0,0,18-APR-2022,
OPTSTK,HDFC,26-May-2022,2140.0,PE,27.0,27.0,27.0,27.0,57.55,1,6.5,300,300,18-APR-2022,
OPTSTK,HDFC,26-May-2022,2160.0,PE,0.0,0.0,0.0,77.85,64.6,0,0.0,0,0,18-APR-2022,
OPTSTK,HDFC,26-May-2022,2180.0,PE,0.0,0.0,0.0,84.7,72.2,0,0.0,0,0,18-APR-2022,
OPTSTK,HDFC,26-May-2022,2200.0,PE,39.0,57.2,35.7,56.45,56.45,349,2355.88,107100,55200,18-APR-2022,
OPTSTK,HDFC,26-May-2022,2220.0,PE,0.0,0.0,0.0,99.5,89.05,0,0.0,0,0,18-APR-2022,
OPTSTK,HDFC,26-May-2022,2240.0,PE,0.0,0.0,0.0,27.0,98.3,0,0.0,300,0,18-APR-2022,
OPTSTK,HDFC,26-May-2022,2260.0,PE,78.0,80.0,77.0,80.0,108.1,12,84.18,3600,3600,18-APR-2022,
OPTSTK,HDFC,26-May-2022,2280.0,PE,83.0,89.15,82.0,88.75,118.45,19,134.96,4500,4500,18-APR-2022,
OPTSTK,HDFC,26-May-2022,2300.0,PE,71.7,106.85,71.7,102.85,102.85,336,2410.13,116400,48300,18-APR-2022,
OPTSTK,HDFC,26-May-2022,2320.0,PE,0.0,0.0,0.0,143.25,140.8,0,0.0,0,0,18-APR-2022,
OPTSTK,HDFC,26-May-2022,2340.0,PE,0.0,0.0,0.0,153.15,152.8,0,0.0,0,0,18-APR-2022,
OPTSTK,HDFC,26-May-2022,2360.0,PE,0.0,0.0,0.0,78.0,165.25,0,0.0,13200,0,18-APR-2022,
OPTSTK,HDFC,26-May-2022,2380.0,PE,0.0,0.0,0.0,90.0,178.25,0,0.0,300,0,18-APR-2022,
OPTSTK,HDFC,26-May-2022,2400.0,PE,150.0,170.1,134.75,165.45,165.45,208,1592.44,155400,24300,18-APR-2022,
OPTSTK,HDFC,26-May-2022,2420.0,PE,143.1,143.1,143.1,143.1,205.6,1,7.68,300,0,18-APR-2022,
OPTSTK,HDFC,26-May-2022,2440.0,PE,0.0,0.0,0.0,122.05,219.95,0,0.0,1200,0,18-APR-2022,
OPTSTK,HDFC,26-May-2022,2460.0,PE,0.0,0.0,0.0,113.0,234.85,0,0.0,300,0,18-APR-2022,
OPTSTK,HDFC,26-May-2022,2480.0,PE,0.0,0.0,0.0,117.55,250.05,0,0.0,600,0,18-APR-2022,
OPTSTK,HDFC,26-May-2022,2500.0,PE,211.05,245.9,211.0,240.0,265.55,18,147.21,51300,1500,18-APR-2022,
OPTSTK,HDFC,26-May-2022,2520.0,PE,0.0,0.0,0.0,125.0,281.45,0,0.0,600,0,18-APR-2022,
OPTSTK,HDFC,26-May-2022,2540.0,PE,0.0,0.0,0.0,125.0,297.7,0,0.0,600,0,18-APR-2022,
OPTSTK,HDFC,26-May-2022,2560.0,PE,0.0,0.0,0.0,285.6,314.3,0,0.0,0,0,18-APR-2022,
OPTSTK,HDFC,26-May-2022,2580.0,PE,0.0,0.0,0.0,120.0,331.15,0,0.0,600,0,18-APR-2022,
OPTSTK,HDFC,26-May-2022,2600.0,PE,300.0,333.95,292.8,333.5,333.5,25,218.3,31800,300,18-APR-2022,
OPTSTK,HDFC,26-May-2022,2620.0,PE,0.0,0.0,0.0,328.45,365.7,0,0.0,0,0,18-APR-2022,
OPTSTK,HDFC,26-May-2022,2640.0,PE,0.0,0.0,0.0,343.4,383.35,0,0.0,0,0,18-APR-2022,
OPTSTK,HDFC,26-May-2022,2660.0,PE,0.0,0.0,0.0,130.0,401.2,0,0.0,600,0,18-APR-2022,
OPTSTK,HDFC,26-May-2022,2680.0,PE,0.0,0.0,0.0,135.0,419.3,0,0.0,600,0,18-APR-2022,
OPTSTK,HDFC,26-May-2022,2700.0,PE,396.9,430.75,396.9,429.7,429.7,16,149.42,14700,-1200,18-APR-2022,
OPTSTK,HDFC,26-May-2022,2720.0,PE,0.0,0.0,0.0,405.3,455.95,0,0.0,0,0,18-APR-2022,
OPTSTK,HDFC,26-May-2022,2740.0,PE,420.0,420.0,420.0,420.0,474.55,1,9.48,300,300,18-APR-2022,
OPTSTK,HDFC,26-May-2022,2760.0,PE,0.0,0.0,0.0,437.6,493.25,0,0.0,0,0,18-APR-2022,
OPTSTK,HDFC,26-May-2022,2780.0,PE,0.0,0.0,0.0,454.1,512.1,0,0.0,0,0,18-APR-2022,
OPTSTK,HDFC,26-May-2022,2800.0,PE,505.0,505.0,505.0,505.0,531.05,1,9.91,300,300,18-APR-2022,
OPTSTK,HDFC,26-May-2022,2820.0,PE,0.0,0.0,0.0,487.6,550.1,0,0.0,0,0,18-APR-2022,
OPTSTK,HDFC,26-May-2022,2840.0,PE,0.0,0.0,0.0,504.65,569.3,0,0.0,0,0,18-APR-2022,
OPTSTK,HDFC,26-May-2022,2860.0,PE,0.0,0.0,0.0,521.85,588.55,0,0.0,0,0,18-APR-2022,
OPTSTK,HDFC,26-May-2022,2880.0,PE,0.0,0.0,0.0,539.2,607.85,0,0.0,0,0,18-APR-2022,
OPTSTK,HDFC,26-May-2022,2900.0,PE,0.0,0.0,0.0,556.75,627.25,0,0.0,0,0,18-APR-2022,
OPTSTK,HDFC,26-May-2022,2920.0,PE,0.0,0.0,0.0,574.4,646.7,0,0.0,0,0,18-APR-2022,
OPTSTK,HDFC,26-May-2022,2940.0,PE,0.0,0.0,0.0,592.15,666.2,0,0.0,0,0,18-APR-2022,
OPTSTK,HDFC,26-May-2022,2960.0,PE,0.0,0.0,0.0,610.1,685.75,0,0.0,0,0,18-APR-2022,
OPTSTK,HDFC,26-May-2022,2980.0,PE,0.0,0.0,0.0,628.15,705.4,0,0.0,0,0,18-APR-2022,
OPTSTK,HDFC,26-May-2022,3000.0,PE,0.0,0.0,0.0,646.3,725.0,0,0.0,0,0,18-APR-2022,
OPTSTK,HDFC,26-May-2022,3020.0,PE,0.0,0.0,0.0,664.55,744.7,0,0.0,0,0,18-APR-2022,
OPTSTK,HDFC,26-May-2022,3040.0,PE,0.0,0.0,0.0,682.95,764.4,0,0.0,0,0,18-APR-2022,
OPTSTK,HDFC,26-May-2022,3060.0,PE,0.0,0.0,0.0,701.4,784.15,0,0.0,0,0,18-APR-2022,
OPTSTK,HDFC,26-May-2022,3080.0,PE,0.0,0.0,0.0,719.95,803.9,0,0.0,0,0,18-APR-2022,
OPTSTK,HDFC,26-May-2022,3100.0,PE,0.0,0.0,0.0,738.6,823.65,0,0.0,0,0,18-APR-2022,
OPTSTK,HDFC,26-May-2022,3120.0,PE,0.0,0.0,0.0,757.3,843.45,0,0.0,0,0,18-APR-2022,
OPTSTK,HDFC,26-May-2022,3140.0,PE,0.0,0.0,0.0,776.1,863.25,0,0.0,0,0,18-APR-2022,
OPTSTK,HDFC,26-May-2022,3160.0,PE,0.0,0.0,0.0,741.45,883.1,0,0.0,0,0,18-APR-2022,
OPTSTK,HDFC,26-May-2022,3180.0,PE,0.0,0.0,0.0,760.15,902.95,0,0.0,0,0,18-APR-2022,
OPTSTK,HDFC,30-Jun-2022,1720.0,CE,0.0,0.0,0.0,693.5,566.1,0,0.0,0,0,18-APR-2022,
OPTSTK,HDFC,30-Jun-2022,1740.0,CE,0.0,0.0,0.0,674.6,547.65,0,0.0,0,0,18-APR-2022,
OPTSTK,HDFC,30-Jun-2022,1760.0,CE,0.0,0.0,0.0,655.8,529.4,0,0.0,0,0,18-APR-2022,
OPTSTK,HDFC,30-Jun-2022,1780.0,CE,0.0,0.0,0.0,637.15,511.35,0,0.0,0,0,18-APR-2022,
OPTSTK,HDFC,30-Jun-2022,1800.0,CE,0.0,0.0,0.0,618.65,493.45,0,0.0,0,0,18-APR-2022,
OPTSTK,HDFC,30-Jun-2022,1820.0,CE,0.0,0.0,0.0,600.3,475.8,0,0.0,0,0,18-APR-2022,
OPTSTK,HDFC,30-Jun-2022,1840.0,CE,0.0,0.0,0.0,582.1,458.4,0,0.0,0,0,18-APR-2022,
OPTSTK,HDFC,30-Jun-2022,1860.0,CE,0.0,0.0,0.0,564.1,441.3,0,0.0,0,0,18-APR-2022,
OPTSTK,HDFC,30-Jun-2022,1880.0,CE,0.0,0.0,0.0,546.3,424.4,0,0.0,0,0,18-APR-2022,
OPTSTK,HDFC,30-Jun-2022,1900.0,CE,0.0,0.0,0.0,528.7,407.85,0,0.0,0,0,18-APR-2022,
OPTSTK,HDFC,30-Jun-2022,1920.0,CE,0.0,0.0,0.0,511.3,391.55,0,0.0,0,0,18-APR-2022,
OPTSTK,HDFC,30-Jun-2022,1940.0,CE,0.0,0.0,0.0,494.15,375.55,0,0.0,0,0,18-APR-2022,
OPTSTK,HDFC,30-Jun-2022,1960.0,CE,0.0,0.0,0.0,477.2,359.9,0,0.0,0,0,18-APR-2022,
OPTSTK,HDFC,30-Jun-2022,1980.0,CE,0.0,0.0,0.0,460.55,344.6,0,0.0,0,0,18-APR-2022,
OPTSTK,HDFC,30-Jun-2022,2000.0,CE,0.0,0.0,0.0,444.15,329.7,0,0.0,0,0,18-APR-2022,
OPTSTK,HDFC,30-Jun-2022,2020.0,CE,0.0,0.0,0.0,428.0,315.1,0,0.0,0,0,18-APR-2022,
OPTSTK,HDFC,30-Jun-2022,2040.0,CE,0.0,0.0,0.0,412.2,300.85,0,0.0,0,0,18-APR-2022,
OPTSTK,HDFC,30-Jun-2022,2060.0,CE,0.0,0.0,0.0,396.65,287.0,0,0.0,0,0,18-APR-2022,
OPTSTK,HDFC,30-Jun-2022,2080.0,CE,0.0,0.0,0.0,381.4,273.4,0,0.0,0,0,18-APR-2022,
OPTSTK,HDFC,30-Jun-2022,2100.0,CE,0.0,0.0,0.0,366.55,260.35,0,0.0,0,0,18-APR-2022,
OPTSTK,HDFC,30-Jun-2022,2120.0,CE,0.0,0.0,0.0,351.95,247.65,0,0.0,0,0,18-APR-2022,
OPTSTK,HDFC,30-Jun-2022,2140.0,CE,0.0,0.0,0.0,337.7,235.35,0,0.0,0,0,18-APR-2022,
OPTSTK,HDFC,30-Jun-2022,2160.0,CE,0.0,0.0,0.0,323.75,223.5,0,0.0,0,0,18-APR-2022,
OPTSTK,HDFC,30-Jun-2022,2180.0,CE,0.0,0.0,0.0,310.05,212.0,0,0.0,0,0,18-APR-2022,
OPTSTK,HDFC,30-Jun-2022,2200.0,CE,0.0,0.0,0.0,296.85,200.95,0,0.0,0,0,18-APR-2022,
OPTSTK,HDFC,30-Jun-2022,2220.0,CE,0.0,0.0,0.0,284.0,190.3,0,0.0,0,0,18-APR-2022,
OPTSTK,HDFC,30-Jun-2022,2240.0,CE,0.0,0.0,0.0,271.45,180.0,0,0.0,0,0,18-APR-2022,
OPTSTK,HDFC,30-Jun-2022,2260.0,CE,0.0,0.0,0.0,259.35,170.15,0,0.0,0,0,18-APR-2022,
OPTSTK,HDFC,30-Jun-2022,2280.0,CE,0.0,0.0,0.0,247.55,160.65,0,0.0,0,0,18-APR-2022,
OPTSTK,HDFC,30-Jun-2022,2300.0,CE,0.0,0.0,0.0,236.1,151.6,0,0.0,0,0,18-APR-2022,
OPTSTK,HDFC,30-Jun-2022,2320.0,CE,0.0,0.0,0.0,225.05,142.9,0,0.0,0,0,18-APR-2022,
OPTSTK,HDFC,30-Jun-2022,2340.0,CE,0.0,0.0,0.0,214.35,134.6,0,0.0,0,0,18-APR-2022,
OPTSTK,HDFC,30-Jun-2022,2360.0,CE,0.0,0.0,0.0,204.05,126.65,0,0.0,0,0,18-APR-2022,
OPTSTK,HDFC,30-Jun-2022,2380.0,CE,0.0,0.0,0.0,194.05,119.05,0,0.0,0,0,18-APR-2022,
OPTSTK,HDFC,30-Jun-2022,2400.0,CE,50.0,61.1,50.0,61.1,111.85,2,14.73,300,300,18-APR-2022,
OPTSTK,HDFC,30-Jun-2022,2420.0,CE,0.0,0.0,0.0,175.15,105.0,0,0.0,0,0,18-APR-2022,
OPTSTK,HDFC,30-Jun-2022,2440.0,CE,0.0,0.0,0.0,166.25,98.45,0,0.0,0,0,18-APR-2022,
OPTSTK,HDFC,30-Jun-2022,2460.0,CE,0.0,0.0,0.0,157.7,92.25,0,0.0,0,0,18-APR-2022,
OPTSTK,HDFC,30-Jun-2022,2480.0,CE,0.0,0.0,0.0,149.45,86.4,0,0.0,0,0,18-APR-2022,
OPTSTK,HDFC,30-Jun-2022,2500.0,CE,0.0,0.0,0.0,141.55,80.8,0,0.0,0,0,18-APR-2022,
OPTSTK,HDFC,30-Jun-2022,2520.0,CE,0.0,0.0,0.0,134.0,75.55,0,0.0,0,0,18-APR-2022,
OPTSTK,HDFC,30-Jun-2022,2540.0,CE,0.0,0.0,0.0,126.75,70.65,0,0.0,0,0,18-APR-2022,
OPTSTK,HDFC,30-Jun-2022,2560.0,CE,0.0,0.0,0.0,119.8,65.95,0,0.0,0,0,18-APR-2022,
OPTSTK,HDFC,30-Jun-2022,2580.0,CE,0.0,0.0,0.0,113.15,61.55,0,0.0,0,0,18-APR-2022,
OPTSTK,HDFC,30-Jun-2022,2600.0,CE,41.1,41.1,29.0,32.0,32.0,5,39.51,2100,1200,18-APR-2022,
OPTSTK,HDFC,30-Jun-2022,2620.0,CE,0.0,0.0,0.0,100.8,53.35,0,0.0,0,0,18-APR-2022,
OPTSTK,HDFC,30-Jun-2022,2640.0,CE,0.0,0.0,0.0,95.0,49.65,0,0.0,0,0,18-APR-2022,
OPTSTK,HDFC,30-Jun-2022,2660.0,CE,0.0,0.0,0.0,89.55,46.2,0,0.0,0,0,18-APR-2022,
OPTSTK,HDFC,30-Jun-2022,2680.0,CE,0.0,0.0,0.0,84.3,42.9,0,0.0,0,0,18-APR-2022,
OPTSTK,HDFC,30-Jun-2022,2700.0,CE,0.0,0.0,0.0,79.45,39.85,0,0.0,0,0,18-APR-2022,
OPTSTK,HDFC,30-Jun-2022,2720.0,CE,0.0,0.0,0.0,74.75,36.95,0,0.0,0,0,18-APR-2022,
OPTSTK,HDFC,30-Jun-2022,2740.0,CE,0.0,0.0,0.0,70.3,34.3,0,0.0,0,0,18-APR-2022,
OPTSTK,HDFC,30-Jun-2022,2760.0,CE,0.0,0.0,0.0,66.05,31.75,0,0.0,0,0,18-APR-2022,
OPTSTK,HDFC,30-Jun-2022,2780.0,CE,0.0,0.0,0.0,62.05,29.4,0,0.0,0,0,18-APR-2022,
OPTSTK,HDFC,30-Jun-2022,2800.0,CE,0.0,0.0,0.0,140.0,27.25,0,0.0,300,0,18-APR-2022,
OPTSTK,HDFC,30-Jun-2022,2820.0,CE,0.0,0.0,0.0,54.5,25.2,0,0.0,0,0,18-APR-2022,
OPTSTK,HDFC,30-Jun-2022,2840.0,CE,0.0,0.0,0.0,51.1,23.25,0,0.0,0,0,18-APR-2022,
OPTSTK,HDFC,30-Jun-2022,2860.0,CE,0.0,0.0,0.0,47.9,21.5,0,0.0,0,0,18-APR-2022,
OPTSTK,HDFC,30-Jun-2022,2880.0,CE,0.0,0.0,0.0,44.85,19.85,0,0.0,0,0,18-APR-2022,
OPTSTK,HDFC,30-Jun-2022,2900.0,CE,0.0,0.0,0.0,41.95,18.3,0,0.0,0,0,18-APR-2022,
OPTSTK,HDFC,30-Jun-2022,2920.0,CE,0.0,0.0,0.0,39.25,16.9,0,0.0,0,0,18-APR-2022,
OPTSTK,HDFC,30-Jun-2022,2940.0,CE,0.0,0.0,0.0,36.7,15.55,0,0.0,0,0,18-APR-2022,
OPTSTK,HDFC,30-Jun-2022,2960.0,CE,0.0,0.0,0.0,34.3,14.3,0,0.0,0,0,18-APR-2022,
OPTSTK,HDFC,30-Jun-2022,2980.0,CE,0.0,0.0,0.0,32.0,13.2,0,0.0,0,0,18-APR-2022,
OPTSTK,HDFC,30-Jun-2022,3000.0,CE,0.0,0.0,0.0,29.9,12.1,0,0.0,0,0,18-APR-2022,
OPTSTK,HDFC,30-Jun-2022,3020.0,CE,0.0,0.0,0.0,27.9,11.15,0,0.0,0,0,18-APR-2022,
OPTSTK,HDFC,30-Jun-2022,3040.0,CE,0.0,0.0,0.0,26.0,10.25,0,0.0,0,0,18-APR-2022,
OPTSTK,HDFC,30-Jun-2022,3060.0,CE,0.0,0.0,0.0,24.25,9.4,0,0.0,0,0,18-APR-2022,
OPTSTK,HDFC,30-Jun-2022,3080.0,CE,0.0,0.0,0.0,22.6,8.65,0,0.0,0,0,18-APR-2022,
OPTSTK,HDFC,30-Jun-2022,3100.0,CE,0.0,0.0,0.0,21.05,7.9,0,0.0,0,0,18-APR-2022,
OPTSTK,HDFC,30-Jun-2022,3120.0,CE,0.0,0.0,0.0,19.55,7.25,0,0.0,0,0,18-APR-2022,
OPTSTK,HDFC,30-Jun-2022,3140.0,CE,0.0,0.0,0.0,18.2,6.65,0,0.0,0,0,18-APR-2022,
OPTSTK,HDFC,30-Jun-2022,3160.0,CE,0.0,0.0,0.0,16.95,6.1,0,0.0,0,0,18-APR-2022,
OPTSTK,HDFC,30-Jun-2022,3180.0,CE,0.0,0.0,0.0,15.75,5.6,0,0.0,0,0,18-APR-2022,
OPTSTK,HDFC,30-Jun-2022,1720.0,PE,0.0,0.0,0.0,5.05,8.05,0,0.0,0,0,18-APR-2022,
OPTSTK,HDFC,30-Jun-2022,1740.0,PE,0.0,0.0,0.0,5.9,9.45,0,0.0,0,0,18-APR-2022,
OPTSTK,HDFC,30-Jun-2022,1760.0,PE,0.0,0.0,0.0,6.9,11.0,0,0.0,0,0,18-APR-2022,
OPTSTK,HDFC,30-Jun-2022,1780.0,PE,0.0,0.0,0.0,8.05,12.75,0,0.0,0,0,18-APR-2022,
OPTSTK,HDFC,30-Jun-2022,1800.0,PE,0.0,0.0,0.0,9.35,14.75,0,0.0,0,0,18-APR-2022,
OPTSTK,HDFC,30-Jun-2022,1820.0,PE,0.0,0.0,0.0,10.75,16.9,0,0.0,0,0,18-APR-2022,
OPTSTK,HDFC,30-Jun-2022,1840.0,PE,0.0,0.0,0.0,12.35,19.35,0,0.0,0,0,18-APR-2022,
OPTSTK,HDFC,30-Jun-2022,1860.0,PE,0.0,0.0,0.0,14.15,22.05,0,0.0,0,0,18-APR-2022,
OPTSTK,HDFC,30-Jun-2022,1880.0,PE,0.0,0.0,0.0,16.1,25.0,0,0.0,0,0,18-APR-2022,
OPTSTK,HDFC,30-Jun-2022,1900.0,PE,0.0,0.0,0.0,18.3,28.25,0,0.0,0,0,18-APR-2022,
OPTSTK,HDFC,30-Jun-2022,1920.0,PE,0.0,0.0,0.0,20.7,31.8,0,0.0,0,0,18-APR-2022,
OPTSTK,HDFC,30-Jun-2022,1940.0,PE,0.0,0.0,0.0,23.35,35.65,0,0.0,0,0,18-APR-2022,
OPTSTK,HDFC,30-Jun-2022,1960.0,PE,0.0,0.0,0.0,26.2,39.85,0,0.0,0,0,18-APR-2022,
OPTSTK,HDFC,30-Jun-2022,1980.0,PE,0.0,0.0,0.0,29.3,44.35,0,0.0,0,0,18-APR-2022,
OPTSTK,HDFC,30-Jun-2022,2000.0,PE,0.0,0.0,0.0,32.7,49.3,0,0.0,0,0,18-APR-2022,
OPTSTK,HDFC,30-Jun-2022,2020.0,PE,0.0,0.0,0.0,36.4,54.5,0,0.0,0,0,18-APR-2022,
OPTSTK,HDFC,30-Jun-2022,2040.0,PE,0.0,0.0,0.0,40.35,60.1,0,0.0,0,0,18-APR-2022,
OPTSTK,HDFC,30-Jun-2022,2060.0,PE,0.0,0.0,0.0,44.6,66.05,0,0.0,0,0,18-APR-2022,
OPTSTK,HDFC,30-Jun-2022,2080.0,PE,0.0,0.0,0.0,49.15,72.3,0,0.0,0,0,18-APR-2022,
OPTSTK,HDFC,30-Jun-2022,2100.0,PE,0.0,0.0,0.0,54.1,79.05,0,0.0,0,0,18-APR-2022,
OPTSTK,HDFC,30-Jun-2022,2120.0,PE,0.0,0.0,0.0,59.25,86.2,0,0.0,0,0,18-APR-2022,
OPTSTK,HDFC,30-Jun-2022,2140.0,PE,0.0,0.0,0.0,64.8,93.75,0,0.0,0,0,18-APR-2022,
OPTSTK,HDFC,30-Jun-2022,2160.0,PE,0.0,0.0,0.0,70.65,101.7,0,0.0,0,0,18-APR-2022,
OPTSTK,HDFC,30-Jun-2022,2180.0,PE,0.0,0.0,0.0,76.75,110.05,0,0.0,0,0,18-APR-2022,
OPTSTK,HDFC,30-Jun-2022,2200.0,PE,60.0,74.8,60.0,70.75,70.75,7,47.64,2100,2100,18-APR-2022,
OPTSTK,HDFC,30-Jun-2022,2220.0,PE,0.0,0.0,0.0,90.25,128.0,0,0.0,0,0,18-APR-2022,
OPTSTK,HDFC,30-Jun-2022,2240.0,PE,0.0,0.0,0.0,97.5,137.55,0,0.0,0,0,18-APR-2022,
OPTSTK,HDFC,30-Jun-2022,2260.0,PE,0.0,0.0,0.0,105.15,147.5,0,0.0,0,0,18-APR-2022,
OPTSTK,HDFC,30-Jun-2022,2280.0,PE,0.0,0.0,0.0,113.15,157.85,0,0.0,0,0,18-APR-2022,
OPTSTK,HDFC,30-Jun-2022,2300.0,PE,100.0,110.0,100.0,110.0,168.6,5,36.12,9300,1500,18-APR-2022,
OPTSTK,HDFC,30-Jun-2022,2320.0,PE,0.0,0.0,0.0,130.25,179.75,0,0.0,0,0,18-APR-2022,
OPTSTK,HDFC,30-Jun-2022,2340.0,PE,0.0,0.0,0.0,139.35,191.3,0,0.0,0,0,18-APR-2022,
OPTSTK,HDFC,30-Jun-2022,2360.0,PE,0.0,0.0,0.0,148.8,203.15,0,0.0,0,0,18-APR-2022,
OPTSTK,HDFC,30-Jun-2022,2380.0,PE,0.0,0.0,0.0,158.6,215.45,0,0.0,0,0,18-APR-2022,
OPTSTK,HDFC,30-Jun-2022,2400.0,PE,167.0,175.0,167.0,170.0,228.05,7,53.94,8400,900,18-APR-2022,
OPTSTK,HDFC,30-Jun-2022,2420.0,PE,0.0,0.0,0.0,179.3,241.0,0,0.0,0,0,18-APR-2022,
OPTSTK,HDFC,30-Jun-2022,2440.0,PE,0.0,0.0,0.0,190.2,254.3,0,0.0,0,0,18-APR-2022,
OPTSTK,HDFC,30-Jun-2022,2460.0,PE,0.0,0.0,0.0,201.4,267.95,0,0.0,0,0,18-APR-2022,
OPTSTK,HDFC,30-Jun-2022,2480.0,PE,0.0,0.0,0.0,212.95,281.9,0,0.0,0,0,18-APR-2022,
OPTSTK,HDFC,30-Jun-2022,2500.0,PE,0.0,0.0,0.0,101.0,296.15,0,0.0,2100,0,18-APR-2022,
OPTSTK,HDFC,30-Jun-2022,2520.0,PE,0.0,0.0,0.0,237.1,310.7,0,0.0,0,0,18-APR-2022,
OPTSTK,HDFC,30-Jun-2022,2540.0,PE,0.0,0.0,0.0,249.6,325.65,0,0.0,0,0,18-APR-2022,
OPTSTK,HDFC,30-Jun-2022,2560.0,PE,0.0,0.0,0.0,262.45,340.8,0,0.0,0,0,18-APR-2022,
OPTSTK,HDFC,30-Jun-2022,2580.0,PE,0.0,0.0,0.0,275.65,356.2,0,0.0,0,0,18-APR-2022,
OPTSTK,HDFC,30-Jun-2022,2600.0,PE,0.0,0.0,0.0,289.1,371.9,0,0.0,0,0,18-APR-2022,
OPTSTK,HDFC,30-Jun-2022,2620.0,PE,0.0,0.0,0.0,302.85,387.7,0,0.0,0,0,18-APR-2022,
OPTSTK,HDFC,30-Jun-2022,2640.0,PE,0.0,0.0,0.0,316.85,403.8,0,0.0,0,0,18-APR-2022,
OPTSTK,HDFC,30-Jun-2022,2660.0,PE,0.0,0.0,0.0,331.15,420.15,0,0.0,0,0,18-APR-2022,
OPTSTK,HDFC,30-Jun-2022,2680.0,PE,0.0,0.0,0.0,345.7,436.7,0,0.0,0,0,18-APR-2022,
OPTSTK,HDFC,30-Jun-2022,2700.0,PE,0.0,0.0,0.0,360.65,453.5,0,0.0,0,0,18-APR-2022,
OPTSTK,HDFC,30-Jun-2022,2720.0,PE,0.0,0.0,0.0,375.75,470.45,0,0.0,0,0,18-APR-2022,
OPTSTK,HDFC,30-Jun-2022,2740.0,PE,0.0,0.0,0.0,391.05,487.6,0,0.0,0,0,18-APR-2022,
OPTSTK,HDFC,30-Jun-2022,2760.0,PE,0.0,0.0,0.0,406.65,504.9,0,0.0,0,0,18-APR-2022,
OPTSTK,HDFC,30-Jun-2022,2780.0,PE,0.0,0.0,0.0,422.4,522.4,0,0.0,0,0,18-APR-2022,
OPTSTK,HDFC,30-Jun-2022,2800.0,PE,0.0,0.0,0.0,438.3,540.05,0,0.0,0,0,18-APR-2022,
OPTSTK,HDFC,30-Jun-2022,2820.0,PE,0.0,0.0,0.0,454.45,557.8,0,0.0,0,0,18-APR-2022,
OPTSTK,HDFC,30-Jun-2022,2840.0,PE,0.0,0.0,0.0,470.85,575.75,0,0.0,0,0,18-APR-2022,
OPTSTK,HDFC,30-Jun-2022,2860.0,PE,0.0,0.0,0.0,487.4,593.8,0,0.0,0,0,18-APR-2022,
OPTSTK,HDFC,30-Jun-2022,2880.0,PE,0.0,0.0,0.0,504.15,611.95,0,0.0,0,0,18-APR-2022,
OPTSTK,HDFC,30-Jun-2022,2900.0,PE,0.0,0.0,0.0,521.05,630.25,0,0.0,0,0,18-APR-2022,
OPTSTK,HDFC,30-Jun-2022,2920.0,PE,0.0,0.0,0.0,538.15,648.65,0,0.0,0,0,18-APR-2022,
OPTSTK,HDFC,30-Jun-2022,2940.0,PE,0.0,0.0,0.0,555.35,667.15,0,0.0,0,0,18-APR-2022,
OPTSTK,HDFC,30-Jun-2022,2960.0,PE,0.0,0.0,0.0,572.75,685.75,0,0.0,0,0,18-APR-2022,
OPTSTK,HDFC,30-Jun-2022,2980.0,PE,0.0,0.0,0.0,590.3,704.45,0,0.0,0,0,18-APR-2022,
OPTSTK,HDFC,30-Jun-2022,3000.0,PE,0.0,0.0,0.0,270.0,723.25,0,0.0,300,0,18-APR-2022,
OPTSTK,HDFC,30-Jun-2022,3020.0,PE,0.0,0.0,0.0,625.75,742.1,0,0.0,0,0,18-APR-2022,
OPTSTK,HDFC,30-Jun-2022,3040.0,PE,0.0,0.0,0.0,643.65,761.0,0,0.0,0,0,18-APR-2022,
OPTSTK,HDFC,30-Jun-2022,3060.0,PE,0.0,0.0,0.0,661.65,780.0,0,0.0,0,0,18-APR-2022,
OPTSTK,HDFC,30-Jun-2022,3080.0,PE,0.0,0.0,0.0,679.8,799.05,0,0.0,0,0,18-APR-2022,
OPTSTK,HDFC,30-Jun-2022,3100.0,PE,0.0,0.0,0.0,698.05,818.2,0,0.0,0,0,18-APR-2022,
OPTSTK,HDFC,30-Jun-2022,3120.0,PE,0.0,0.0,0.0,716.35,837.35,0,0.0,0,0,18-APR-2022,
OPTSTK,HDFC,30-Jun-2022,3140.0,PE,0.0,0.0,0.0,734.8,856.6,0,0.0,0,0,18-APR-2022,
OPTSTK,HDFC,30-Jun-2022,3160.0,PE,0.0,0.0,0.0,753.3,875.85,0,0.0,0,0,18-APR-2022,
OPTSTK,HDFC,30-Jun-2022,3180.0,PE,0.0,0.0,0.0,771.9,895.15,0,0.0,0,0,18-APR-2022,
OPTSTK,HDFCAMC,28-Apr-2022,1620.0,CE,0.0,0.0,0.0,544.1,565.55,0,0.0,0,0,18-APR-2022,
OPTSTK,HDFCAMC,28-Apr-2022,1640.0,CE,0.0,0.0,0.0,525.5,545.55,0,0.0,0,0,18-APR-2022,
OPTSTK,HDFCAMC,28-Apr-2022,1660.0,CE,0.0,0.0,0.0,507.1,525.6,0,0.0,0,0,18-APR-2022,
OPTSTK,HDFCAMC,28-Apr-2022,1680.0,CE,0.0,0.0,0.0,488.9,505.6,0,0.0,0,0,18-APR-2022,
OPTSTK,HDFCAMC,28-Apr-2022,1700.0,CE,0.0,0.0,0.0,470.95,485.65,0,0.0,0,0,18-APR-2022,
OPTSTK,HDFCAMC,28-Apr-2022,1720.0,CE,0.0,0.0,0.0,453.2,465.65,0,0.0,0,0,18-APR-2022,
OPTSTK,HDFCAMC,28-Apr-2022,1740.0,CE,0.0,0.0,0.0,435.7,445.7,0,0.0,0,0,18-APR-2022,
OPTSTK,HDFCAMC,28-Apr-2022,1760.0,CE,0.0,0.0,0.0,418.45,425.7,0,0.0,0,0,18-APR-2022,
OPTSTK,HDFCAMC,28-Apr-2022,1780.0,CE,0.0,0.0,0.0,401.5,405.75,0,0.0,0,0,18-APR-2022,
OPTSTK,HDFCAMC,28-Apr-2022,1800.0,CE,0.0,0.0,0.0,384.8,385.75,0,0.0,0,0,18-APR-2022,
OPTSTK,HDFCAMC,28-Apr-2022,1820.0,CE,0.0,0.0,0.0,368.45,365.8,0,0.0,0,0,18-APR-2022,
OPTSTK,HDFCAMC,28-Apr-2022,1840.0,CE,0.0,0.0,0.0,352.45,345.85,0,0.0,0,0,18-APR-2022,
OPTSTK,HDFCAMC,28-Apr-2022,1860.0,CE,0.0,0.0,0.0,336.75,325.95,0,0.0,0,0,18-APR-2022,
OPTSTK,HDFCAMC,28-Apr-2022,1880.0,CE,0.0,0.0,0.0,321.45,306.1,0,0.0,0,0,18-APR-2022,
OPTSTK,HDFCAMC,28-Apr-2022,1900.0,CE,0.0,0.0,0.0,510.0,286.3,0,0.0,0,0,18-APR-2022,
OPTSTK,HDFCAMC,28-Apr-2022,1920.0,CE,0.0,0.0,0.0,292.0,266.6,0,0.0,0,0,18-APR-2022,
OPTSTK,HDFCAMC,28-Apr-2022,1940.0,CE,0.0,0.0,0.0,277.85,247.05,0,0.0,0,0,18-APR-2022,
OPTSTK,HDFCAMC,28-Apr-2022,1960.0,CE,0.0,0.0,0.0,263.95,227.7,0,0.0,0,0,18-APR-2022,
OPTSTK,HDFCAMC,28-Apr-2022,1980.0,CE,0.0,0.0,0.0,250.6,208.6,0,0.0,0,0,18-APR-2022,
OPTSTK,HDFCAMC,28-Apr-2022,2000.0,CE,201.35,201.35,201.35,201.35,189.9,1,4.4,2000,0,18-APR-2022,
OPTSTK,HDFCAMC,28-Apr-2022,2020.0,CE,0.0,0.0,0.0,225.2,171.65,0,0.0,0,0,18-APR-2022,
OPTSTK,HDFCAMC,28-Apr-2022,2040.0,CE,0.0,0.0,0.0,213.1,154.0,0,0.0,0,0,18-APR-2022,
OPTSTK,HDFCAMC,28-Apr-2022,2060.0,CE,0.0,0.0,0.0,201.5,137.05,0,0.0,0,0,18-APR-2022,
OPTSTK,HDFCAMC,28-Apr-2022,2080.0,CE,0.0,0.0,0.0,190.3,120.9,0,0.0,0,0,18-APR-2022,
OPTSTK,HDFCAMC,28-Apr-2022,2100.0,CE,94.95,125.0,92.25,92.25,105.75,6,26.52,13000,800,18-APR-2022,
OPTSTK,HDFCAMC,28-Apr-2022,2120.0,CE,0.0,0.0,0.0,210.85,91.45,0,0.0,800,0,18-APR-2022,
OPTSTK,HDFCAMC,28-Apr-2022,2140.0,CE,0.0,0.0,0.0,145.0,78.35,0,0.0,2400,0,18-APR-2022,
OPTSTK,HDFCAMC,28-Apr-2022,2160.0,CE,60.9,109.15,50.0,50.0,50.0,65,290.6,5600,2800,18-APR-2022,
OPTSTK,HDFCAMC,28-Apr-2022,2180.0,CE,66.4,66.45,40.0,52.7,52.7,5,22.32,4400,400,18-APR-2022,
OPTSTK,HDFCAMC,28-Apr-2022,2200.0,CE,41.65,54.05,30.0,33.35,33.35,382,1712.84,67800,13800,18-APR-2022,
OPTSTK,HDFCAMC,28-Apr-2022,2220.0,CE,37.3,45.75,23.55,26.2,26.2,478,2157.82,20600,9200,18-APR-2022,
OPTSTK,HDFCAMC,28-Apr-2022,2240.0,CE,22.2,36.0,19.0,20.75,20.75,133,602.45,17600,-1200,18-APR-2022,
OPTSTK,HDFCAMC,28-Apr-2022,2260.0,CE,24.5,29.0,14.75,16.4,16.4,160,729.5,20400,4200,18-APR-2022,
OPTSTK,HDFCAMC,28-Apr-2022,2280.0,CE,20.85,24.85,11.35,13.2,13.2,38,174.59,9400,200,18-APR-2022,
OPTSTK,HDFCAMC,28-Apr-2022,2300.0,CE,11.55,19.2,10.1,11.55,11.55,494,2286.04,172200,13000,18-APR-2022,
OPTSTK,HDFCAMC,28-Apr-2022,2320.0,CE,15.0,16.0,8.3,9.55,11.7,41,191.06,18000,400,18-APR-2022,
OPTSTK,HDFCAMC,28-Apr-2022,2340.0,CE,6.25,12.0,5.75,8.8,8.8,40,187.99,29400,1000,18-APR-2022,
OPTSTK,HDFCAMC,28-Apr-2022,2360.0,CE,7.75,10.65,6.85,7.25,7.25,36,170.53,29600,1000,18-APR-2022,
OPTSTK,HDFCAMC,28-Apr-2022,2380.0,CE,10.0,10.0,5.85,5.85,5.0,12,57.3,25000,-400,18-APR-2022,
OPTSTK,HDFCAMC,28-Apr-2022,2400.0,CE,7.4,8.1,4.9,6.05,6.05,374,1800.12,174000,400,18-APR-2022,
OPTSTK,HDFCAMC,28-Apr-2022,2420.0,CE,8.25,8.25,6.7,6.7,6.7,6,29.12,18400,800,18-APR-2022,
OPTSTK,HDFCAMC,28-Apr-2022,2440.0,CE,6.75,6.75,4.25,5.0,5.0,21,102.69,26600,-800,18-APR-2022,
OPTSTK,HDFCAMC,28-Apr-2022,2460.0,CE,6.0,6.0,5.05,5.05,1.35,3,14.79,29200,-400,18-APR-2022,
OPTSTK,HDFCAMC,28-Apr-2022,2480.0,CE,5.25,5.25,5.25,5.25,0.95,2,9.94,10800,0,18-APR-2022,
OPTSTK,HDFCAMC,28-Apr-2022,2500.0,CE,4.5,4.8,3.3,3.6,3.6,433,2168.5,225800,7400,18-APR-2022,
OPTSTK,HDFCAMC,28-Apr-2022,2520.0,CE,0.0,0.0,0.0,6.05,0.45,0,0.0,4200,0,18-APR-2022,
OPTSTK,HDFCAMC,28-Apr-2022,2540.0,CE,3.75,3.75,3.75,3.75,0.3,1,5.08,4400,0,18-APR-2022,
OPTSTK,HDFCAMC,28-Apr-2022,2560.0,CE,0.0,0.0,0.0,4.75,0.2,0,0.0,3000,0,18-APR-2022,
OPTSTK,HDFCAMC,28-Apr-2022,2580.0,CE,3.25,3.25,3.25,3.25,0.15,10,51.66,1600,-400,18-APR-2022,
OPTSTK,HDFCAMC,28-Apr-2022,2600.0,CE,3.0,3.0,2.0,2.35,2.35,175,910.84,77000,-10800,18-APR-2022,
OPTSTK,HDFCAMC,28-Apr-2022,2620.0,CE,0.0,0.0,0.0,3.4,0.1,0,0.0,5800,0,18-APR-2022,
OPTSTK,HDFCAMC,28-Apr-2022,2640.0,CE,0.0,0.0,0.0,3.6,0.05,0,0.0,3200,0,18-APR-2022,
OPTSTK,HDFCAMC,28-Apr-2022,2660.0,CE,0.0,0.0,0.0,5.35,0.05,0,0.0,1800,0,18-APR-2022,
OPTSTK,HDFCAMC,28-Apr-2022,2680.0,CE,1.5,1.5,1.5,1.5,0.05,1,5.36,1600,-200,18-APR-2022,
OPTSTK,HDFCAMC,28-Apr-2022,2700.0,CE,2.1,2.3,1.05,1.55,1.55,217,1172.4,60200,-9000,18-APR-2022,
OPTSTK,HDFCAMC,28-Apr-2022,2720.0,CE,0.0,0.0,0.0,7.3,0.05,0,0.0,2600,0,18-APR-2022,
OPTSTK,HDFCAMC,28-Apr-2022,2740.0,CE,0.0,0.0,0.0,6.0,0.0,0,0.0,2000,0,18-APR-2022,
OPTSTK,HDFCAMC,28-Apr-2022,2760.0,CE,0.0,0.0,0.0,4.8,0.0,0,0.0,1200,0,18-APR-2022,
OPTSTK,HDFCAMC,28-Apr-2022,2780.0,CE,0.0,0.0,0.0,6.25,0.0,0,0.0,0,0,18-APR-2022,
OPTSTK,HDFCAMC,28-Apr-2022,2800.0,CE,1.7,1.7,0.9,1.25,1.25,58,324.93,59400,-2200,18-APR-2022,
OPTSTK,HDFCAMC,28-Apr-2022,2820.0,CE,0.0,0.0,0.0,11.75,0.0,0,0.0,0,0,18-APR-2022,
OPTSTK,HDFCAMC,28-Apr-2022,2840.0,CE,0.0,0.0,0.0,2.0,0.0,0,0.0,4800,0,18-APR-2022,
OPTSTK,HDFCAMC,28-Apr-2022,2860.0,CE,0.0,0.0,0.0,9.8,0.0,0,0.0,0,0,18-APR-2022,
OPTSTK,HDFCAMC,28-Apr-2022,2880.0,CE,0.0,0.0,0.0,8.95,0.0,0,0.0,0,0,18-APR-2022,
OPTSTK,HDFCAMC,28-Apr-2022,2900.0,CE,0.95,1.2,0.2,0.8,0.8,39,226.24,19000,-1400,18-APR-2022,
OPTSTK,HDFCAMC,28-Apr-2022,2920.0,CE,0.0,0.0,0.0,1.7,0.0,0,0.0,200,0,18-APR-2022,
OPTSTK,HDFCAMC,28-Apr-2022,2940.0,CE,0.0,0.0,0.0,2.0,0.0,0,0.0,200,0,18-APR-2022,
OPTSTK,HDFCAMC,28-Apr-2022,1620.0,PE,0.0,0.0,0.0,6.45,0.0,0,0.0,0,0,18-APR-2022,
OPTSTK,HDFCAMC,28-Apr-2022,1640.0,PE,0.0,0.0,0.0,1.7,0.0,0,0.0,200,0,18-APR-2022,
OPTSTK,HDFCAMC,28-Apr-2022,1660.0,PE,0.0,0.0,0.0,9.1,0.0,0,0.0,0,0,18-APR-2022,
OPTSTK,HDFCAMC,28-Apr-2022,1680.0,PE,0.0,0.0,0.0,10.65,0.0,0,0.0,0,0,18-APR-2022,
OPTSTK,HDFCAMC,28-Apr-2022,1700.0,PE,0.0,0.0,0.0,1.0,0.0,0,0.0,4400,0,18-APR-2022,
OPTSTK,HDFCAMC,28-Apr-2022,1720.0,PE,0.0,0.0,0.0,14.5,0.0,0,0.0,0,0,18-APR-2022,
OPTSTK,HDFCAMC,28-Apr-2022,1740.0,PE,0.0,0.0,0.0,16.8,0.0,0,0.0,0,0,18-APR-2022,
OPTSTK,HDFCAMC,28-Apr-2022,1760.0,PE,0.0,0.0,0.0,19.35,0.0,0,0.0,0,0,18-APR-2022,
OPTSTK,HDFCAMC,28-Apr-2022,1780.0,PE,0.0,0.0,0.0,4.25,0.05,0,0.0,0,0,18-APR-2022,
OPTSTK,HDFCAMC,28-Apr-2022,1800.0,PE,0.0,0.0,0.0,1.5,0.05,0,0.0,5200,0,18-APR-2022,
OPTSTK,HDFCAMC,28-Apr-2022,1820.0,PE,0.0,0.0,0.0,28.75,0.05,0,0.0,0,0,18-APR-2022,
OPTSTK,HDFCAMC,28-Apr-2022,1840.0,PE,0.0,0.0,0.0,32.55,0.1,0,0.0,0,0,18-APR-2022,
OPTSTK,HDFCAMC,28-Apr-2022,1860.0,PE,0.0,0.0,0.0,36.65,0.15,0,0.0,0,0,18-APR-2022,
OPTSTK,HDFCAMC,28-Apr-2022,1880.0,PE,0.0,0.0,0.0,41.1,0.25,0,0.0,0,0,18-APR-2022,
OPTSTK,HDFCAMC,28-Apr-2022,1900.0,PE,2.0,2.65,2.0,2.0,0.45,10,38.04,16800,200,18-APR-2022,
OPTSTK,HDFCAMC,28-Apr-2022,1920.0,PE,0.0,0.0,0.0,12.25,0.7,0,0.0,200,0,18-APR-2022,
OPTSTK,HDFCAMC,28-Apr-2022,1940.0,PE,0.0,0.0,0.0,56.85,1.15,0,0.0,0,0,18-APR-2022,
OPTSTK,HDFCAMC,28-Apr-2022,1960.0,PE,0.0,0.0,0.0,3.0,1.75,0,0.0,0,0,18-APR-2022,
OPTSTK,HDFCAMC,28-Apr-2022,1980.0,PE,0.0,0.0,0.0,69.25,2.7,0,0.0,0,0,18-APR-2022,
OPTSTK,HDFCAMC,28-Apr-2022,2000.0,PE,5.3,7.1,4.0,5.0,5.0,69,276.78,38600,1000,18-APR-2022,
OPTSTK,HDFCAMC,28-Apr-2022,2020.0,PE,0.0,0.0,0.0,40.0,5.7,0,0.0,200,0,18-APR-2022,
OPTSTK,HDFCAMC,28-Apr-2022,2040.0,PE,12.35,12.35,12.35,12.35,8.0,1,4.1,200,-200,18-APR-2022,
OPTSTK,HDFCAMC,28-Apr-2022,2060.0,PE,12.4,12.4,10.8,10.85,10.85,4,16.57,200,200,18-APR-2022,
OPTSTK,HDFCAMC,28-Apr-2022,2080.0,PE,17.0,17.1,11.05,12.1,12.1,5,20.94,5400,400,18-APR-2022,
OPTSTK,HDFCAMC,28-Apr-2022,2100.0,PE,20.3,20.7,12.0,16.35,16.35,135,571.56,78800,-3200,18-APR-2022,
OPTSTK,HDFCAMC,28-Apr-2022,2120.0,PE,0.0,0.0,0.0,19.5,25.35,0,0.0,3400,0,18-APR-2022,
OPTSTK,HDFCAMC,28-Apr-2022,2140.0,PE,37.85,37.85,30.0,32.0,32.25,3,13.03,3800,200,18-APR-2022,
OPTSTK,HDFCAMC,28-Apr-2022,2160.0,PE,29.5,39.9,29.5,39.9,40.3,2,8.77,4800,-200,18-APR-2022,
OPTSTK,HDFCAMC,28-Apr-2022,2180.0,PE,28.05,48.95,28.05,40.0,40.0,10,44.45,7800,600,18-APR-2022,
OPTSTK,HDFCAMC,28-Apr-2022,2200.0,PE,64.0,64.0,37.55,50.75,50.75,143,644.06,84200,-1800,18-APR-2022,
OPTSTK,HDFCAMC,28-Apr-2022,2220.0,PE,62.2,62.2,59.15,60.0,71.65,5,22.8,11000,-600,18-APR-2022,
OPTSTK,HDFCAMC,28-Apr-2022,2240.0,PE,74.65,85.8,73.0,85.8,84.4,4,18.53,7800,-400,18-APR-2022,
OPTSTK,HDFCAMC,28-Apr-2022,2260.0,PE,82.6,103.7,82.6,103.7,98.25,4,18.79,18200,-200,18-APR-2022,
OPTSTK,HDFCAMC,28-Apr-2022,2280.0,PE,104.3,104.3,103.7,103.7,113.15,2,9.53,7000,-400,18-APR-2022,
OPTSTK,HDFCAMC,28-Apr-2022,2300.0,PE,135.0,136.7,101.0,132.0,132.0,33,159.73,116000,-1600,18-APR-2022,
OPTSTK,HDFCAMC,28-Apr-2022,2320.0,PE,124.45,152.7,124.45,140.95,145.4,9,44.25,8800,-600,18-APR-2022,
OPTSTK,HDFCAMC,28-Apr-2022,2340.0,PE,135.95,147.2,135.95,146.7,162.6,4,19.86,11000,0,18-APR-2022,
OPTSTK,HDFCAMC,28-Apr-2022,2360.0,PE,164.9,164.9,164.9,164.9,180.35,2,10.09,12400,0,18-APR-2022,
OPTSTK,HDFCAMC,28-Apr-2022,2380.0,PE,205.0,205.0,205.0,205.0,198.65,1,5.17,12600,-200,18-APR-2022,
OPTSTK,HDFCAMC,28-Apr-2022,2400.0,PE,187.4,233.0,187.4,223.6,217.3,8,41.84,55000,-600,18-APR-2022,
OPTSTK,HDFCAMC,28-Apr-2022,2420.0,PE,0.0,0.0,0.0,315.65,236.25,0,0.0,0,0,18-APR-2022,
OPTSTK,HDFCAMC,28-Apr-2022,2440.0,PE,0.0,0.0,0.0,331.0,255.5,0,0.0,0,0,18-APR-2022,
OPTSTK,HDFCAMC,28-Apr-2022,2460.0,PE,0.0,0.0,0.0,198.65,274.9,0,0.0,600,0,18-APR-2022,
OPTSTK,HDFCAMC,28-Apr-2022,2480.0,PE,0.0,0.0,0.0,228.55,294.45,0,0.0,1200,0,18-APR-2022,
OPTSTK,HDFCAMC,28-Apr-2022,2500.0,PE,314.7,314.7,314.7,314.7,314.15,1,5.62,30800,-200,18-APR-2022,
OPTSTK,HDFCAMC,28-Apr-2022,2520.0,PE,0.0,0.0,0.0,394.95,333.95,0,0.0,0,0,18-APR-2022,
OPTSTK,HDFCAMC,28-Apr-2022,2540.0,PE,0.0,0.0,0.0,411.55,353.75,0,0.0,0,0,18-APR-2022,
OPTSTK,HDFCAMC,28-Apr-2022,2560.0,PE,0.0,0.0,0.0,428.35,373.65,0,0.0,0,0,18-APR-2022,
OPTSTK,HDFCAMC,28-Apr-2022,2580.0,PE,0.0,0.0,0.0,445.35,393.55,0,0.0,0,0,18-APR-2022,
OPTSTK,HDFCAMC,28-Apr-2022,2600.0,PE,417.0,417.0,417.0,417.0,413.5,1,6.03,16800,0,18-APR-2022,
OPTSTK,HDFCAMC,28-Apr-2022,2620.0,PE,0.0,0.0,0.0,479.95,433.45,0,0.0,0,0,18-APR-2022,
OPTSTK,HDFCAMC,28-Apr-2022,2640.0,PE,0.0,0.0,0.0,497.5,453.4,0,0.0,0,0,18-APR-2022,
OPTSTK,HDFCAMC,28-Apr-2022,2660.0,PE,0.0,0.0,0.0,515.2,473.35,0,0.0,0,0,18-APR-2022,
OPTSTK,HDFCAMC,28-Apr-2022,2680.0,PE,0.0,0.0,0.0,533.1,493.3,0,0.0,0,0,18-APR-2022,
OPTSTK,HDFCAMC,28-Apr-2022,2700.0,PE,0.0,0.0,0.0,483.05,513.3,0,0.0,18600,0,18-APR-2022,
OPTSTK,HDFCAMC,28-Apr-2022,2720.0,PE,0.0,0.0,0.0,569.25,533.25,0,0.0,0,0,18-APR-2022,
OPTSTK,HDFCAMC,28-Apr-2022,2740.0,PE,0.0,0.0,0.0,587.5,553.25,0,0.0,0,0,18-APR-2022,
OPTSTK,HDFCAMC,28-Apr-2022,2760.0,PE,0.0,0.0,0.0,420.0,573.2,0,0.0,200,0,18-APR-2022,
OPTSTK,HDFCAMC,28-Apr-2022,2780.0,PE,0.0,0.0,0.0,624.35,593.2,0,0.0,0,0,18-APR-2022,
OPTSTK,HDFCAMC,28-Apr-2022,2800.0,PE,0.0,0.0,0.0,460.35,613.15,0,0.0,2800,0,18-APR-2022,
OPTSTK,HDFCAMC,28-Apr-2022,2820.0,PE,0.0,0.0,0.0,661.65,633.15,0,0.0,0,0,18-APR-2022,
OPTSTK,HDFCAMC,28-Apr-2022,2840.0,PE,0.0,0.0,0.0,680.4,653.1,0,0.0,0,0,18-APR-2022,
OPTSTK,HDFCAMC,28-Apr-2022,2860.0,PE,0.0,0.0,0.0,699.3,673.1,0,0.0,0,0,18-APR-2022,
OPTSTK,HDFCAMC,28-Apr-2022,2880.0,PE,0.0,0.0,0.0,718.2,693.1,0,0.0,0,0,18-APR-2022,
OPTSTK,HDFCAMC,28-Apr-2022,2900.0,PE,0.0,0.0,0.0,636.6,713.05,0,0.0,400,0,18-APR-2022,
OPTSTK,HDFCAMC,28-Apr-2022,2920.0,PE,0.0,0.0,0.0,756.3,733.05,0,0.0,0,0,18-APR-2022,
OPTSTK,HDFCAMC,28-Apr-2022,2940.0,PE,0.0,0.0,0.0,775.4,753.0,0,0.0,0,0,18-APR-2022,
OPTSTK,HDFCAMC,26-May-2022,1620.0,CE,0.0,0.0,0.0,430.5,571.2,0,0.0,0,0,18-APR-2022,
OPTSTK,HDFCAMC,26-May-2022,1640.0,CE,0.0,0.0,0.0,412.9,551.45,0,0.0,0,0,18-APR-2022,
OPTSTK,HDFCAMC,26-May-2022,1660.0,CE,0.0,0.0,0.0,395.5,531.7,0,0.0,0,0,18-APR-2022,
OPTSTK,HDFCAMC,26-May-2022,1680.0,CE,0.0,0.0,0.0,378.45,512.05,0,0.0,0,0,18-APR-2022,
OPTSTK,HDFCAMC,26-May-2022,1700.0,CE,0.0,0.0,0.0,361.7,492.45,0,0.0,0,0,18-APR-2022,
OPTSTK,HDFCAMC,26-May-2022,1720.0,CE,0.0,0.0,0.0,345.3,472.95,0,0.0,0,0,18-APR-2022,
OPTSTK,HDFCAMC,26-May-2022,1740.0,CE,0.0,0.0,0.0,329.25,453.55,0,0.0,0,0,18-APR-2022,
OPTSTK,HDFCAMC,26-May-2022,1760.0,CE,0.0,0.0,0.0,313.55,434.25,0,0.0,0,0,18-APR-2022,
OPTSTK,HDFCAMC,26-May-2022,1780.0,CE,0.0,0.0,0.0,298.2,415.1,0,0.0,0,0,18-APR-2022,
OPTSTK,HDFCAMC,26-May-2022,1800.0,CE,0.0,0.0,0.0,283.35,396.15,0,0.0,0,0,18-APR-2022,
OPTSTK,HDFCAMC,26-May-2022,1820.0,CE,0.0,0.0,0.0,268.85,377.4,0,0.0,0,0,18-APR-2022,
OPTSTK,HDFCAMC,26-May-2022,1840.0,CE,0.0,0.0,0.0,254.75,358.9,0,0.0,0,0,18-APR-2022,
OPTSTK,HDFCAMC,26-May-2022,1860.0,CE,0.0,0.0,0.0,241.05,340.6,0,0.0,0,0,18-APR-2022,
OPTSTK,HDFCAMC,26-May-2022,1880.0,CE,0.0,0.0,0.0,227.85,322.65,0,0.0,0,0,18-APR-2022,
OPTSTK,HDFCAMC,26-May-2022,1900.0,CE,0.0,0.0,0.0,215.1,305.0,0,0.0,0,0,18-APR-2022,
OPTSTK,HDFCAMC,26-May-2022,1920.0,CE,0.0,0.0,0.0,202.85,287.75,0,0.0,0,0,18-APR-2022,
OPTSTK,HDFCAMC,26-May-2022,1940.0,CE,0.0,0.0,0.0,191.0,270.85,0,0.0,0,0,18-APR-2022,
OPTSTK,HDFCAMC,26-May-2022,1960.0,CE,0.0,0.0,0.0,179.65,254.4,0,0.0,0,0,18-APR-2022,
OPTSTK,HDFCAMC,26-May-2022,1980.0,CE,0.0,0.0,0.0,168.8,238.4,0,0.0,0,0,18-APR-2022,
OPTSTK,HDFCAMC,26-May-2022,2000.0,CE,341.25,341.25,341.25,341.25,341.25,1,4.68,200,200,18-APR-2022,
OPTSTK,HDFCAMC,26-May-2022,2020.0,CE,0.0,0.0,0.0,148.4,208.0,0,0.0,0,0,18-APR-2022,
OPTSTK,HDFCAMC,26-May-2022,2040.0,CE,0.0,0.0,0.0,138.9,193.55,0,0.0,0,0,18-APR-2022,
OPTSTK,HDFCAMC,26-May-2022,2060.0,CE,0.0,0.0,0.0,129.85,179.55,0,0.0,0,0,18-APR-2022,
OPTSTK,HDFCAMC,26-May-2022,2080.0,CE,0.0,0.0,0.0,121.25,166.25,0,0.0,0,0,18-APR-2022,
OPTSTK,HDFCAMC,26-May-2022,2100.0,CE,0.0,0.0,0.0,113.05,153.6,0,0.0,0,0,18-APR-2022,
OPTSTK,HDFCAMC,26-May-2022,2120.0,CE,0.0,0.0,0.0,105.3,141.5,0,0.0,0,0,18-APR-2022,
OPTSTK,HDFCAMC,26-May-2022,2140.0,CE,0.0,0.0,0.0,98.0,130.05,0,0.0,0,0,18-APR-2022,
OPTSTK,HDFCAMC,26-May-2022,2160.0,CE,0.0,0.0,0.0,91.05,119.2,0,0.0,0,0,18-APR-2022,
OPTSTK,HDFCAMC,26-May-2022,2180.0,CE,0.0,0.0,0.0,84.55,109.0,0,0.0,0,0,18-APR-2022,
OPTSTK,HDFCAMC,26-May-2022,2200.0,CE,86.35,86.35,65.4,72.0,99.4,28,127.25,8800,4400,18-APR-2022,
OPTSTK,HDFCAMC,26-May-2022,2220.0,CE,64.0,64.0,63.0,63.0,90.4,2,9.13,200,200,18-APR-2022,
OPTSTK,HDFCAMC,26-May-2022,2240.0,CE,0.0,0.0,0.0,67.15,82.05,0,0.0,0,0,18-APR-2022,
OPTSTK,HDFCAMC,26-May-2022,2260.0,CE,0.0,0.0,0.0,62.15,74.25,0,0.0,0,0,18-APR-2022,
OPTSTK,HDFCAMC,26-May-2022,2280.0,CE,0.0,0.0,0.0,57.4,67.0,0,0.0,0,0,18-APR-2022,
OPTSTK,HDFCAMC,26-May-2022,2300.0,CE,45.0,48.0,35.15,37.5,37.5,27,126.5,9200,3000,18-APR-2022,
OPTSTK,HDFCAMC,26-May-2022,2320.0,CE,0.0,0.0,0.0,100.0,54.15,0,0.0,0,0,18-APR-2022,
OPTSTK,HDFCAMC,26-May-2022,2340.0,CE,0.0,0.0,0.0,44.85,48.55,0,0.0,0,0,18-APR-2022,
OPTSTK,HDFCAMC,26-May-2022,2360.0,CE,0.0,0.0,0.0,41.25,43.45,0,0.0,0,0,18-APR-2022,
OPTSTK,HDFCAMC,26-May-2022,2380.0,CE,0.0,0.0,0.0,37.9,38.75,0,0.0,0,0,18-APR-2022,
OPTSTK,HDFCAMC,26-May-2022,2400.0,CE,32.9,32.9,17.1,19.35,19.35,36,174.35,21000,1000,18-APR-2022,
OPTSTK,HDFCAMC,26-May-2022,2420.0,CE,0.0,0.0,0.0,31.9,30.5,0,0.0,0,0,18-APR-2022,
OPTSTK,HDFCAMC,26-May-2022,2440.0,CE,0.0,0.0,0.0,29.2,27.0,0,0.0,0,0,18-APR-2022,
OPTSTK,HDFCAMC,26-May-2022,2460.0,CE,0.0,0.0,0.0,26.7,23.85,0,0.0,0,0,18-APR-2022,
OPTSTK,HDFCAMC,26-May-2022,2480.0,CE,0.0,0.0,0.0,24.45,21.0,0,0.0,0,0,18-APR-2022,
OPTSTK,HDFCAMC,26-May-2022,2500.0,CE,14.0,16.0,14.0,14.5,14.5,17,85.49,12800,1400,18-APR-2022,
OPTSTK,HDFCAMC,26-May-2022,2520.0,CE,0.0,0.0,0.0,20.35,16.15,0,0.0,0,0,18-APR-2022,
OPTSTK,HDFCAMC,26-May-2022,2540.0,CE,0.0,0.0,0.0,18.55,14.15,0,0.0,0,0,18-APR-2022,
OPTSTK,HDFCAMC,26-May-2022,2560.0,CE,0.0,0.0,0.0,16.9,12.35,0,0.0,0,0,18-APR-2022,
OPTSTK,HDFCAMC,26-May-2022,2580.0,CE,0.0,0.0,0.0,15.4,10.75,0,0.0,0,0,18-APR-2022,
OPTSTK,HDFCAMC,26-May-2022,2600.0,CE,0.0,0.0,0.0,12.45,9.35,0,0.0,3600,0,18-APR-2022,
OPTSTK,HDFCAMC,26-May-2022,2620.0,CE,0.0,0.0,0.0,12.7,8.1,0,0.0,0,0,18-APR-2022,
OPTSTK,HDFCAMC,26-May-2022,2640.0,CE,0.0,0.0,0.0,11.55,7.0,0,0.0,0,0,18-APR-2022,
OPTSTK,HDFCAMC,26-May-2022,2660.0,CE,0.0,0.0,0.0,10.5,6.05,0,0.0,0,0,18-APR-2022,
OPTSTK,HDFCAMC,26-May-2022,2680.0,CE,0.0,0.0,0.0,9.5,5.2,0,0.0,0,0,18-APR-2022,
OPTSTK,HDFCAMC,26-May-2022,2700.0,CE,10.0,10.0,9.0,9.0,4.45,2,10.83,1000,0,18-APR-2022,
OPTSTK,HDFCAMC,26-May-2022,2720.0,CE,0.0,0.0,0.0,7.8,3.85,0,0.0,0,0,18-APR-2022,
OPTSTK,HDFCAMC,26-May-2022,2740.0,CE,0.0,0.0,0.0,7.05,3.3,0,0.0,0,0,18-APR-2022,
OPTSTK,HDFCAMC,26-May-2022,2760.0,CE,0.0,0.0,0.0,6.35,2.8,0,0.0,0,0,18-APR-2022,
OPTSTK,HDFCAMC,26-May-2022,2780.0,CE,0.0,0.0,0.0,5.75,2.4,0,0.0,0,0,18-APR-2022,
OPTSTK,HDFCAMC,26-May-2022,2800.0,CE,0.0,0.0,0.0,18.0,2.05,0,0.0,200,0,18-APR-2022,
OPTSTK,HDFCAMC,26-May-2022,2820.0,CE,0.0,0.0,0.0,4.7,1.75,0,0.0,0,0,18-APR-2022,
OPTSTK,HDFCAMC,26-May-2022,1620.0,PE,0.0,0.0,0.0,12.5,0.35,0,0.0,0,0,18-APR-2022,
OPTSTK,HDFCAMC,26-May-2022,1640.0,PE,0.0,0.0,0.0,14.65,0.5,0,0.0,0,0,18-APR-2022,
OPTSTK,HDFCAMC,26-May-2022,1660.0,PE,0.0,0.0,0.0,17.1,0.7,0,0.0,0,0,18-APR-2022,
OPTSTK,HDFCAMC,26-May-2022,1680.0,PE,0.0,0.0,0.0,19.85,0.95,0,0.0,0,0,18-APR-2022,
OPTSTK,HDFCAMC,26-May-2022,1700.0,PE,0.0,0.0,0.0,22.85,1.25,0,0.0,0,0,18-APR-2022,
OPTSTK,HDFCAMC,26-May-2022,1720.0,PE,0.0,0.0,0.0,26.25,1.65,0,0.0,0,0,18-APR-2022,
OPTSTK,HDFCAMC,26-May-2022,1740.0,PE,0.0,0.0,0.0,29.95,2.15,0,0.0,0,0,18-APR-2022,
OPTSTK,HDFCAMC,26-May-2022,1760.0,PE,0.0,0.0,0.0,34.05,2.8,0,0.0,0,0,18-APR-2022,
OPTSTK,HDFCAMC,26-May-2022,1780.0,PE,0.0,0.0,0.0,38.55,3.55,0,0.0,0,0,18-APR-2022,
OPTSTK,HDFCAMC,26-May-2022,1800.0,PE,0.0,0.0,0.0,43.5,4.5,0,0.0,0,0,18-APR-2022,
OPTSTK,HDFCAMC,26-May-2022,1820.0,PE,0.0,0.0,0.0,48.75,5.65,0,0.0,0,0,18-APR-2022,
OPTSTK,HDFCAMC,26-May-2022,1840.0,PE,0.0,0.0,0.0,54.45,7.05,0,0.0,0,0,18-APR-2022,
OPTSTK,HDFCAMC,26-May-2022,1860.0,PE,0.0,0.0,0.0,60.5,8.7,0,0.0,0,0,18-APR-2022,
OPTSTK,HDFCAMC,26-May-2022,1880.0,PE,0.0,0.0,0.0,67.1,10.65,0,0.0,0,0,18-APR-2022,
OPTSTK,HDFCAMC,26-May-2022,1900.0,PE,0.0,0.0,0.0,74.15,12.95,0,0.0,0,0,18-APR-2022,
OPTSTK,HDFCAMC,26-May-2022,1920.0,PE,0.0,0.0,0.0,81.7,15.55,0,0.0,0,0,18-APR-2022,
OPTSTK,HDFCAMC,26-May-2022,1940.0,PE,0.0,0.0,0.0,89.65,18.6,0,0.0,0,0,18-APR-2022,
OPTSTK,HDFCAMC,26-May-2022,1960.0,PE,0.0,0.0,0.0,98.1,22.05,0,0.0,0,0,18-APR-2022,
OPTSTK,HDFCAMC,26-May-2022,1980.0,PE,0.0,0.0,0.0,107.0,25.95,0,0.0,0,0,18-APR-2022,
OPTSTK,HDFCAMC,26-May-2022,2000.0,PE,20.0,25.0,20.0,23.0,23.0,8,32.36,7600,1000,18-APR-2022,
OPTSTK,HDFCAMC,26-May-2022,2020.0,PE,0.0,0.0,0.0,126.2,35.4,0,0.0,0,0,18-APR-2022,
OPTSTK,HDFCAMC,26-May-2022,2040.0,PE,0.0,0.0,0.0,136.5,40.8,0,0.0,0,0,18-APR-2022,
OPTSTK,HDFCAMC,26-May-2022,2060.0,PE,0.0,0.0,0.0,147.25,46.75,0,0.0,0,0,18-APR-2022,
OPTSTK,HDFCAMC,26-May-2022,2080.0,PE,0.0,0.0,0.0,158.4,53.4,0,0.0,0,0,18-APR-2022,
OPTSTK,HDFCAMC,26-May-2022,2100.0,PE,0.0,0.0,0.0,42.0,60.6,0,0.0,5200,0,18-APR-2022,
OPTSTK,HDFCAMC,26-May-2022,2120.0,PE,0.0,0.0,0.0,182.1,68.45,0,0.0,0,0,18-APR-2022,
OPTSTK,HDFCAMC,26-May-2022,2140.0,PE,0.0,0.0,0.0,194.55,76.9,0,0.0,0,0,18-APR-2022,
OPTSTK,HDFCAMC,26-May-2022,2160.0,PE,0.0,0.0,0.0,207.4,85.95,0,0.0,0,0,18-APR-2022,
OPTSTK,HDFCAMC,26-May-2022,2180.0,PE,0.0,0.0,0.0,220.65,95.65,0,0.0,0,0,18-APR-2022,
OPTSTK,HDFCAMC,26-May-2022,2200.0,PE,80.0,90.0,80.0,88.4,88.4,10,45.69,18000,1600,18-APR-2022,
OPTSTK,HDFCAMC,26-May-2022,2220.0,PE,0.0,0.0,0.0,68.5,116.9,0,0.0,200,0,18-APR-2022,
OPTSTK,HDFCAMC,26-May-2022,2240.0,PE,0.0,0.0,0.0,262.65,128.45,0,0.0,0,0,18-APR-2022,
OPTSTK,HDFCAMC,26-May-2022,2260.0,PE,0.0,0.0,0.0,100.0,140.55,0,0.0,200,0,18-APR-2022,
OPTSTK,HDFCAMC,26-May-2022,2280.0,PE,0.0,0.0,0.0,292.5,153.25,0,0.0,0,0,18-APR-2022,
OPTSTK,HDFCAMC,26-May-2022,2300.0,PE,160.0,160.0,142.8,142.8,166.45,3,14.72,1800,600,18-APR-2022,
OPTSTK,HDFCAMC,26-May-2022,2320.0,PE,0.0,0.0,0.0,323.5,180.25,0,0.0,0,0,18-APR-2022,
OPTSTK,HDFCAMC,26-May-2022,2340.0,PE,0.0,0.0,0.0,339.3,194.5,0,0.0,0,0,18-APR-2022,
OPTSTK,HDFCAMC,26-May-2022,2360.0,PE,0.0,0.0,0.0,355.5,209.35,0,0.0,0,0,18-APR-2022,
OPTSTK,HDFCAMC,26-May-2022,2380.0,PE,0.0,0.0,0.0,371.95,224.55,0,0.0,0,0,18-APR-2022,
OPTSTK,HDFCAMC,26-May-2022,2400.0,PE,230.0,235.0,230.0,235.0,240.1,3,15.79,1000,600,18-APR-2022,
OPTSTK,HDFCAMC,26-May-2022,2420.0,PE,0.0,0.0,0.0,405.5,256.15,0,0.0,0,0,18-APR-2022,
OPTSTK,HDFCAMC,26-May-2022,2440.0,PE,0.0,0.0,0.0,422.6,272.55,0,0.0,0,0,18-APR-2022,
OPTSTK,HDFCAMC,26-May-2022,2460.0,PE,0.0,0.0,0.0,439.9,289.3,0,0.0,0,0,18-APR-2022,
OPTSTK,HDFCAMC,26-May-2022,2480.0,PE,0.0,0.0,0.0,457.4,306.35,0,0.0,0,0,18-APR-2022,
OPTSTK,HDFCAMC,26-May-2022,2500.0,PE,0.0,0.0,0.0,475.1,323.7,0,0.0,0,0,18-APR-2022,
OPTSTK,HDFCAMC,26-May-2022,2520.0,PE,0.0,0.0,0.0,492.95,341.35,0,0.0,0,0,18-APR-2022,
OPTSTK,HDFCAMC,26-May-2022,2540.0,PE,0.0,0.0,0.0,510.95,359.25,0,0.0,0,0,18-APR-2022,
OPTSTK,HDFCAMC,26-May-2022,2560.0,PE,0.0,0.0,0.0,529.05,377.35,0,0.0,0,0,18-APR-2022,
OPTSTK,HDFCAMC,26-May-2022,2580.0,PE,0.0,0.0,0.0,547.35,395.65,0,0.0,0,0,18-APR-2022,
OPTSTK,HDFCAMC,26-May-2022,2600.0,PE,0.0,0.0,0.0,370.0,414.15,0,0.0,400,0,18-APR-2022,
OPTSTK,HDFCAMC,26-May-2022,2620.0,PE,0.0,0.0,0.0,584.25,432.8,0,0.0,0,0,18-APR-2022,
OPTSTK,HDFCAMC,26-May-2022,2640.0,PE,0.0,0.0,0.0,602.85,451.65,0,0.0,0,0,18-APR-2022,
OPTSTK,HDFCAMC,26-May-2022,2660.0,PE,0.0,0.0,0.0,621.6,470.6,0,0.0,0,0,18-APR-2022,
OPTSTK,HDFCAMC,26-May-2022,2680.0,PE,0.0,0.0,0.0,640.4,489.65,0,0.0,0,0,18-APR-2022,
OPTSTK,HDFCAMC,26-May-2022,2700.0,PE,0.0,0.0,0.0,390.0,508.85,0,0.0,400,0,18-APR-2022,
OPTSTK,HDFCAMC,26-May-2022,2720.0,PE,0.0,0.0,0.0,678.25,528.15,0,0.0,0,0,18-APR-2022,
OPTSTK,HDFCAMC,26-May-2022,2740.0,PE,0.0,0.0,0.0,697.3,547.5,0,0.0,0,0,18-APR-2022,
OPTSTK,HDFCAMC,26-May-2022,2760.0,PE,0.0,0.0,0.0,716.45,566.9,0,0.0,0,0,18-APR-2022,
OPTSTK,HDFCAMC,26-May-2022,2780.0,PE,0.0,0.0,0.0,735.6,586.4,0,0.0,0,0,18-APR-2022,
OPTSTK,HDFCAMC,26-May-2022,2800.0,PE,0.0,0.0,0.0,754.85,606.0,0,0.0,0,0,18-APR-2022,
OPTSTK,HDFCAMC,26-May-2022,2820.0,PE,0.0,0.0,0.0,774.1,625.6,0,0.0,0,0,18-APR-2022,
OPTSTK,HDFCAMC,30-Jun-2022,1620.0,CE,0.0,0.0,0.0,550.55,581.0,0,0.0,0,0,18-APR-2022,
OPTSTK,HDFCAMC,30-Jun-2022,1640.0,CE,0.0,0.0,0.0,532.1,561.9,0,0.0,0,0,18-APR-2022,
OPTSTK,HDFCAMC,30-Jun-2022,1660.0,CE,0.0,0.0,0.0,513.85,543.0,0,0.0,0,0,18-APR-2022,
OPTSTK,HDFCAMC,30-Jun-2022,1680.0,CE,0.0,0.0,0.0,495.8,524.25,0,0.0,0,0,18-APR-2022,
OPTSTK,HDFCAMC,30-Jun-2022,1700.0,CE,0.0,0.0,0.0,477.95,505.65,0,0.0,0,0,18-APR-2022,
OPTSTK,HDFCAMC,30-Jun-2022,1720.0,CE,0.0,0.0,0.0,460.35,487.2,0,0.0,0,0,18-APR-2022,
OPTSTK,HDFCAMC,30-Jun-2022,1740.0,CE,0.0,0.0,0.0,442.95,469.0,0,0.0,0,0,18-APR-2022,
OPTSTK,HDFCAMC,30-Jun-2022,1760.0,CE,0.0,0.0,0.0,425.85,451.0,0,0.0,0,0,18-APR-2022,
OPTSTK,HDFCAMC,30-Jun-2022,1780.0,CE,0.0,0.0,0.0,409.05,433.25,0,0.0,0,0,18-APR-2022,
OPTSTK,HDFCAMC,30-Jun-2022,1800.0,CE,0.0,0.0,0.0,392.5,415.75,0,0.0,0,0,18-APR-2022,
OPTSTK,HDFCAMC,30-Jun-2022,1820.0,CE,0.0,0.0,0.0,376.3,398.5,0,0.0,0,0,18-APR-2022,
OPTSTK,HDFCAMC,30-Jun-2022,1840.0,CE,0.0,0.0,0.0,360.4,381.6,0,0.0,0,0,18-APR-2022,
OPTSTK,HDFCAMC,30-Jun-2022,1860.0,CE,0.0,0.0,0.0,344.85,364.95,0,0.0,0,0,18-APR-2022,
OPTSTK,HDFCAMC,30-Jun-2022,1880.0,CE,0.0,0.0,0.0,329.65,348.65,0,0.0,0,0,18-APR-2022,
OPTSTK,HDFCAMC,30-Jun-2022,1900.0,CE,0.0,0.0,0.0,314.9,332.75,0,0.0,0,0,18-APR-2022,
OPTSTK,HDFCAMC,30-Jun-2022,1920.0,CE,0.0,0.0,0.0,300.45,317.15,0,0.0,0,0,18-APR-2022,
OPTSTK,HDFCAMC,30-Jun-2022,1940.0,CE,0.0,0.0,0.0,286.35,301.95,0,0.0,0,0,18-APR-2022,
OPTSTK,HDFCAMC,30-Jun-2022,1960.0,CE,0.0,0.0,0.0,272.55,287.2,0,0.0,0,0,18-APR-2022,
OPTSTK,HDFCAMC,30-Jun-2022,1980.0,CE,0.0,0.0,0.0,259.25,272.8,0,0.0,0,0,18-APR-2022,
OPTSTK,HDFCAMC,30-Jun-2022,2000.0,CE,0.0,0.0,0.0,246.4,258.75,0,0.0,0,0,18-APR-2022,
OPTSTK,HDFCAMC,30-Jun-2022,2020.0,CE,0.0,0.0,0.0,233.95,245.1,0,0.0,0,0,18-APR-2022,
OPTSTK,HDFCAMC,30-Jun-2022,2040.0,CE,0.0,0.0,0.0,221.9,232.0,0,0.0,0,0,18-APR-2022,
OPTSTK,HDFCAMC,30-Jun-2022,2060.0,CE,0.0,0.0,0.0,210.25,219.3,0,0.0,0,0,18-APR-2022,
OPTSTK,HDFCAMC,30-Jun-2022,2080.0,CE,0.0,0.0,0.0,199.0,207.05,0,0.0,0,0,18-APR-2022,
OPTSTK,HDFCAMC,30-Jun-2022,2100.0,CE,0.0,0.0,0.0,188.2,195.25,0,0.0,0,0,18-APR-2022,
OPTSTK,HDFCAMC,30-Jun-2022,2120.0,CE,0.0,0.0,0.0,177.85,183.95,0,0.0,0,0,18-APR-2022,
OPTSTK,HDFCAMC,30-Jun-2022,2140.0,CE,0.0,0.0,0.0,167.85,173.05,0,0.0,0,0,18-APR-2022,
OPTSTK,HDFCAMC,30-Jun-2022,2160.0,CE,0.0,0.0,0.0,158.3,162.6,0,0.0,0,0,18-APR-2022,
OPTSTK,HDFCAMC,30-Jun-2022,2180.0,CE,0.0,0.0,0.0,149.1,152.6,0,0.0,0,0,18-APR-2022,
OPTSTK,HDFCAMC,30-Jun-2022,2200.0,CE,0.0,0.0,0.0,140.35,143.05,0,0.0,0,0,18-APR-2022,
OPTSTK,HDFCAMC,30-Jun-2022,2220.0,CE,0.0,0.0,0.0,132.0,133.95,0,0.0,0,0,18-APR-2022,
OPTSTK,HDFCAMC,30-Jun-2022,2240.0,CE,0.0,0.0,0.0,124.0,125.3,0,0.0,0,0,18-APR-2022,
OPTSTK,HDFCAMC,30-Jun-2022,2260.0,CE,0.0,0.0,0.0,116.4,117.05,0,0.0,0,0,18-APR-2022,
OPTSTK,HDFCAMC,30-Jun-2022,2280.0,CE,0.0,0.0,0.0,109.15,109.25,0,0.0,0,0,18-APR-2022,
OPTSTK,HDFCAMC,30-Jun-2022,2300.0,CE,0.0,0.0,0.0,125.0,101.8,0,0.0,200,0,18-APR-2022,
OPTSTK,HDFCAMC,30-Jun-2022,2320.0,CE,0.0,0.0,0.0,95.75,94.8,0,0.0,0,0,18-APR-2022,
OPTSTK,HDFCAMC,30-Jun-2022,2340.0,CE,0.0,0.0,0.0,89.55,88.15,0,0.0,0,0,18-APR-2022,
OPTSTK,HDFCAMC,30-Jun-2022,2360.0,CE,0.0,0.0,0.0,83.7,81.9,0,0.0,0,0,18-APR-2022,
OPTSTK,HDFCAMC,30-Jun-2022,2380.0,CE,0.0,0.0,0.0,78.15,76.0,0,0.0,0,0,18-APR-2022,
OPTSTK,HDFCAMC,30-Jun-2022,2400.0,CE,0.0,0.0,0.0,72.9,70.45,0,0.0,0,0,18-APR-2022,
OPTSTK,HDFCAMC,30-Jun-2022,2420.0,CE,0.0,0.0,0.0,68.05,65.2,0,0.0,0,0,18-APR-2022,
OPTSTK,HDFCAMC,30-Jun-2022,2440.0,CE,0.0,0.0,0.0,63.4,60.45,0,0.0,0,0,18-APR-2022,
OPTSTK,HDFCAMC,30-Jun-2022,2460.0,CE,0.0,0.0,0.0,59.05,55.85,0,0.0,0,0,18-APR-2022,
OPTSTK,HDFCAMC,30-Jun-2022,2480.0,CE,0.0,0.0,0.0,54.95,51.6,0,0.0,0,0,18-APR-2022,
OPTSTK,HDFCAMC,30-Jun-2022,2500.0,CE,0.0,0.0,0.0,51.0,47.5,0,0.0,0,0,18-APR-2022,
OPTSTK,HDFCAMC,30-Jun-2022,2520.0,CE,0.0,0.0,0.0,47.35,43.75,0,0.0,0,0,18-APR-2022,
OPTSTK,HDFCAMC,30-Jun-2022,2540.0,CE,0.0,0.0,0.0,43.95,40.3,0,0.0,0,0,18-APR-2022,
OPTSTK,HDFCAMC,30-Jun-2022,2560.0,CE,0.0,0.0,0.0,40.75,37.05,0,0.0,0,0,18-APR-2022,
OPTSTK,HDFCAMC,30-Jun-2022,2580.0,CE,0.0,0.0,0.0,37.75,34.0,0,0.0,0,0,18-APR-2022,
OPTSTK,HDFCAMC,30-Jun-2022,2600.0,CE,0.0,0.0,0.0,85.0,31.25,0,0.0,200,0,18-APR-2022,
OPTSTK,HDFCAMC,30-Jun-2022,2620.0,CE,0.0,0.0,0.0,32.35,28.65,0,0.0,0,0,18-APR-2022,
OPTSTK,HDFCAMC,30-Jun-2022,2640.0,CE,0.0,0.0,0.0,29.9,26.25,0,0.0,0,0,18-APR-2022,
OPTSTK,HDFCAMC,30-Jun-2022,2660.0,CE,0.0,0.0,0.0,27.6,24.0,0,0.0,0,0,18-APR-2022,
OPTSTK,HDFCAMC,30-Jun-2022,2680.0,CE,0.0,0.0,0.0,25.5,21.95,0,0.0,0,0,18-APR-2022,
OPTSTK,HDFCAMC,30-Jun-2022,2700.0,CE,0.0,0.0,0.0,23.5,20.05,0,0.0,0,0,18-APR-2022,
OPTSTK,HDFCAMC,30-Jun-2022,2720.0,CE,0.0,0.0,0.0,21.7,18.3,0,0.0,0,0,18-APR-2022,
OPTSTK,HDFCAMC,30-Jun-2022,2740.0,CE,0.0,0.0,0.0,20.0,16.7,0,0.0,0,0,18-APR-2022,
OPTSTK,HDFCAMC,30-Jun-2022,2760.0,CE,0.0,0.0,0.0,18.4,15.2,0,0.0,0,0,18-APR-2022,
OPTSTK,HDFCAMC,30-Jun-2022,2780.0,CE,0.0,0.0,0.0,16.95,13.85,0,0.0,0,0,18-APR-2022,
OPTSTK,HDFCAMC,30-Jun-2022,2800.0,CE,0.0,0.0,0.0,15.6,12.6,0,0.0,0,0,18-APR-2022,
OPTSTK,HDFCAMC,30-Jun-2022,2820.0,CE,0.0,0.0,0.0,14.3,11.45,0,0.0,0,0,18-APR-2022,
OPTSTK,HDFCAMC,30-Jun-2022,1620.0,PE,0.0,0.0,0.0,7.5,3.55,0,0.0,0,0,18-APR-2022,
OPTSTK,HDFCAMC,30-Jun-2022,1640.0,PE,0.0,0.0,0.0,8.8,4.35,0,0.0,0,0,18-APR-2022,
OPTSTK,HDFCAMC,30-Jun-2022,1660.0,PE,0.0,0.0,0.0,10.35,5.25,0,0.0,0,0,18-APR-2022,
OPTSTK,HDFCAMC,30-Jun-2022,1680.0,PE,0.0,0.0,0.0,12.1,6.3,0,0.0,0,0,18-APR-2022,
OPTSTK,HDFCAMC,30-Jun-2022,1700.0,PE,0.0,0.0,0.0,14.0,7.55,0,0.0,0,0,18-APR-2022,
OPTSTK,HDFCAMC,30-Jun-2022,1720.0,PE,0.0,0.0,0.0,16.2,8.95,0,0.0,0,0,18-APR-2022,
OPTSTK,HDFCAMC,30-Jun-2022,1740.0,PE,0.0,0.0,0.0,18.6,10.55,0,0.0,0,0,18-APR-2022,
OPTSTK,HDFCAMC,30-Jun-2022,1760.0,PE,0.0,0.0,0.0,21.3,12.4,0,0.0,0,0,18-APR-2022,
OPTSTK,HDFCAMC,30-Jun-2022,1780.0,PE,0.0,0.0,0.0,24.3,14.45,0,0.0,0,0,18-APR-2022,
OPTSTK,HDFCAMC,30-Jun-2022,1800.0,PE,0.0,0.0,0.0,27.55,16.8,0,0.0,0,0,18-APR-2022,
OPTSTK,HDFCAMC,30-Jun-2022,1820.0,PE,0.0,0.0,0.0,31.1,19.4,0,0.0,0,0,18-APR-2022,
OPTSTK,HDFCAMC,30-Jun-2022,1840.0,PE,0.0,0.0,0.0,35.05,22.3,0,0.0,0,0,18-APR-2022,
OPTSTK,HDFCAMC,30-Jun-2022,1860.0,PE,0.0,0.0,0.0,39.25,25.5,0,0.0,0,0,18-APR-2022,
OPTSTK,HDFCAMC,30-Jun-2022,1880.0,PE,0.0,0.0,0.0,43.85,29.05,0,0.0,0,0,18-APR-2022,
OPTSTK,HDFCAMC,30-Jun-2022,1900.0,PE,0.0,0.0,0.0,48.9,32.95,0,0.0,0,0,18-APR-2022,
OPTSTK,HDFCAMC,30-Jun-2022,1920.0,PE,0.0,0.0,0.0,54.2,37.2,0,0.0,0,0,18-APR-2022,
OPTSTK,HDFCAMC,30-Jun-2022,1940.0,PE,0.0,0.0,0.0,59.9,41.85,0,0.0,0,0,18-APR-2022,
OPTSTK,HDFCAMC,30-Jun-2022,1960.0,PE,0.0,0.0,0.0,65.9,46.9,0,0.0,0,0,18-APR-2022,
OPTSTK,HDFCAMC,30-Jun-2022,1980.0,PE,0.0,0.0,0.0,72.4,52.3,0,0.0,0,0,18-APR-2022,
OPTSTK,HDFCAMC,30-Jun-2022,2000.0,PE,0.0,0.0,0.0,79.3,58.15,0,0.0,0,0,18-APR-2022,
OPTSTK,HDFCAMC,30-Jun-2022,2020.0,PE,0.0,0.0,0.0,86.65,64.3,0,0.0,0,0,18-APR-2022,
OPTSTK,HDFCAMC,30-Jun-2022,2040.0,PE,0.0,0.0,0.0,94.4,71.05,0,0.0,0,0,18-APR-2022,
OPTSTK,HDFCAMC,30-Jun-2022,2060.0,PE,0.0,0.0,0.0,102.55,78.15,0,0.0,0,0,18-APR-2022,
OPTSTK,HDFCAMC,30-Jun-2022,2080.0,PE,0.0,0.0,0.0,111.1,85.75,0,0.0,0,0,18-APR-2022,
OPTSTK,HDFCAMC,30-Jun-2022,2100.0,PE,0.0,0.0,0.0,120.1,93.8,0,0.0,0,0,18-APR-2022,
OPTSTK,HDFCAMC,30-Jun-2022,2120.0,PE,0.0,0.0,0.0,129.5,102.3,0,0.0,0,0,18-APR-2022,
OPTSTK,HDFCAMC,30-Jun-2022,2140.0,PE,0.0,0.0,0.0,139.3,111.25,0,0.0,0,0,18-APR-2022,
OPTSTK,HDFCAMC,30-Jun-2022,2160.0,PE,0.0,0.0,0.0,149.5,120.65,0,0.0,0,0,18-APR-2022,
OPTSTK,HDFCAMC,30-Jun-2022,2180.0,PE,0.0,0.0,0.0,160.15,130.45,0,0.0,0,0,18-APR-2022,
OPTSTK,HDFCAMC,30-Jun-2022,2200.0,PE,0.0,0.0,0.0,80.0,140.75,0,0.0,1600,0,18-APR-2022,
OPTSTK,HDFCAMC,30-Jun-2022,2220.0,PE,0.0,0.0,0.0,182.6,151.5,0,0.0,0,0,18-APR-2022,
OPTSTK,HDFCAMC,30-Jun-2022,2240.0,PE,0.0,0.0,0.0,194.4,162.65,0,0.0,0,0,18-APR-2022,
OPTSTK,HDFCAMC,30-Jun-2022,2260.0,PE,0.0,0.0,0.0,206.6,174.25,0,0.0,0,0,18-APR-2022,
OPTSTK,HDFCAMC,30-Jun-2022,2280.0,PE,0.0,0.0,0.0,219.15,186.25,0,0.0,0,0,18-APR-2022,
OPTSTK,HDFCAMC,30-Jun-2022,2300.0,PE,0.0,0.0,0.0,232.05,198.65,0,0.0,0,0,18-APR-2022,
OPTSTK,HDFCAMC,30-Jun-2022,2320.0,PE,0.0,0.0,0.0,245.3,211.45,0,0.0,0,0,18-APR-2022,
OPTSTK,HDFCAMC,30-Jun-2022,2340.0,PE,0.0,0.0,0.0,258.9,224.65,0,0.0,0,0,18-APR-2022,
OPTSTK,HDFCAMC,30-Jun-2022,2360.0,PE,0.0,0.0,0.0,272.8,238.2,0,0.0,0,0,18-APR-2022,
OPTSTK,HDFCAMC,30-Jun-2022,2380.0,PE,0.0,0.0,0.0,287.05,252.15,0,0.0,0,0,18-APR-2022,
OPTSTK,HDFCAMC,30-Jun-2022,2400.0,PE,0.0,0.0,0.0,301.6,266.4,0,0.0,0,0,18-APR-2022,
OPTSTK,HDFCAMC,30-Jun-2022,2420.0,PE,0.0,0.0,0.0,316.55,281.05,0,0.0,0,0,18-APR-2022,
OPTSTK,HDFCAMC,30-Jun-2022,2440.0,PE,0.0,0.0,0.0,331.7,296.1,0,0.0,0,0,18-APR-2022,
OPTSTK,HDFCAMC,30-Jun-2022,2460.0,PE,0.0,0.0,0.0,347.15,311.35,0,0.0,0,0,18-APR-2022,
OPTSTK,HDFCAMC,30-Jun-2022,2480.0,PE,0.0,0.0,0.0,362.8,326.9,0,0.0,0,0,18-APR-2022,
OPTSTK,HDFCAMC,30-Jun-2022,2500.0,PE,0.0,0.0,0.0,378.65,342.65,0,0.0,0,0,18-APR-2022,
OPTSTK,HDFCAMC,30-Jun-2022,2520.0,PE,0.0,0.0,0.0,394.8,358.75,0,0.0,0,0,18-APR-2022,
OPTSTK,HDFCAMC,30-Jun-2022,2540.0,PE,0.0,0.0,0.0,411.15,375.1,0,0.0,0,0,18-APR-2022,
OPTSTK,HDFCAMC,30-Jun-2022,2560.0,PE,0.0,0.0,0.0,427.75,391.65,0,0.0,0,0,18-APR-2022,
OPTSTK,HDFCAMC,30-Jun-2022,2580.0,PE,0.0,0.0,0.0,444.55,408.5,0,0.0,0,0,18-APR-2022,
OPTSTK,HDFCAMC,30-Jun-2022,2600.0,PE,0.0,0.0,0.0,461.55,425.5,0,0.0,0,0,18-APR-2022,
OPTSTK,HDFCAMC,30-Jun-2022,2620.0,PE,0.0,0.0,0.0,478.75,442.75,0,0.0,0,0,18-APR-2022,
OPTSTK,HDFCAMC,30-Jun-2022,2640.0,PE,0.0,0.0,0.0,496.1,460.2,0,0.0,0,0,18-APR-2022,
OPTSTK,HDFCAMC,30-Jun-2022,2660.0,PE,0.0,0.0,0.0,513.6,477.8,0,0.0,0,0,18-APR-2022,
OPTSTK,HDFCAMC,30-Jun-2022,2680.0,PE,0.0,0.0,0.0,531.25,495.55,0,0.0,0,0,18-APR-2022,
OPTSTK,HDFCAMC,30-Jun-2022,2700.0,PE,0.0,0.0,0.0,549.1,513.5,0,0.0,0,0,18-APR-2022,
OPTSTK,HDFCAMC,30-Jun-2022,2720.0,PE,0.0,0.0,0.0,567.05,531.6,0,0.0,0,0,18-APR-2022,
OPTSTK,HDFCAMC,30-Jun-2022,2740.0,PE,0.0,0.0,0.0,585.1,549.8,0,0.0,0,0,18-APR-2022,
OPTSTK,HDFCAMC,30-Jun-2022,2760.0,PE,0.0,0.0,0.0,603.35,568.15,0,0.0,0,0,18-APR-2022,
OPTSTK,HDFCAMC,30-Jun-2022,2780.0,PE,0.0,0.0,0.0,621.65,586.6,0,0.0,0,0,18-APR-2022,
OPTSTK,HDFCAMC,30-Jun-2022,2800.0,PE,0.0,0.0,0.0,640.1,605.2,0,0.0,0,0,18-APR-2022,
OPTSTK,HDFCAMC,30-Jun-2022,2820.0,PE,0.0,0.0,0.0,658.6,623.9,0,0.0,0,0,18-APR-2022,
OPTSTK,HDFCBANK,28-Apr-2022,1070.0,CE,0.0,0.0,0.0,400.0,326.65,0,0.0,550,0,18-APR-2022,
OPTSTK,HDFCBANK,28-Apr-2022,1080.0,CE,0.0,0.0,0.0,407.35,316.7,0,0.0,0,0,18-APR-2022,
OPTSTK,HDFCBANK,28-Apr-2022,1090.0,CE,0.0,0.0,0.0,397.65,306.7,0,0.0,0,0,18-APR-2022,
OPTSTK,HDFCBANK,28-Apr-2022,1100.0,CE,0.0,0.0,0.0,565.1,296.7,0,0.0,2200,0,18-APR-2022,
OPTSTK,HDFCBANK,28-Apr-2022,1110.0,CE,0.0,0.0,0.0,378.4,286.7,0,0.0,0,0,18-APR-2022,
OPTSTK,HDFCBANK,28-Apr-2022,1120.0,CE,0.0,0.0,0.0,368.8,276.75,0,0.0,0,0,18-APR-2022,
OPTSTK,HDFCBANK,28-Apr-2022,1130.0,CE,0.0,0.0,0.0,359.3,266.75,0,0.0,0,0,18-APR-2022,
OPTSTK,HDFCBANK,28-Apr-2022,1140.0,CE,0.0,0.0,0.0,349.8,256.75,0,0.0,0,0,18-APR-2022,
OPTSTK,HDFCBANK,28-Apr-2022,1150.0,CE,0.0,0.0,0.0,340.35,246.75,0,0.0,0,0,18-APR-2022,
OPTSTK,HDFCBANK,28-Apr-2022,1160.0,CE,0.0,0.0,0.0,331.0,236.8,0,0.0,0,0,18-APR-2022,
OPTSTK,HDFCBANK,28-Apr-2022,1170.0,CE,0.0,0.0,0.0,321.7,226.8,0,0.0,0,0,18-APR-2022,
OPTSTK,HDFCBANK,28-Apr-2022,1180.0,CE,0.0,0.0,0.0,312.45,216.85,0,0.0,0,0,18-APR-2022,
OPTSTK,HDFCBANK,28-Apr-2022,1190.0,CE,0.0,0.0,0.0,303.3,206.85,0,0.0,0,0,18-APR-2022,
OPTSTK,HDFCBANK,28-Apr-2022,1200.0,CE,232.0,232.0,220.15,221.0,196.9,5,39.14,2750,1650,18-APR-2022,
OPTSTK,HDFCBANK,28-Apr-2022,1210.0,CE,0.0,0.0,0.0,285.25,187.0,0,0.0,0,0,18-APR-2022,
OPTSTK,HDFCBANK,28-Apr-2022,1220.0,CE,0.0,0.0,0.0,276.35,177.1,0,0.0,0,0,18-APR-2022,
OPTSTK,HDFCBANK,28-Apr-2022,1230.0,CE,0.0,0.0,0.0,267.55,167.25,0,0.0,0,0,18-APR-2022,
OPTSTK,HDFCBANK,28-Apr-2022,1240.0,CE,0.0,0.0,0.0,258.85,157.4,0,0.0,0,0,18-APR-2022,
OPTSTK,HDFCBANK,28-Apr-2022,1250.0,CE,0.0,0.0,0.0,250.25,147.7,0,0.0,0,0,18-APR-2022,
OPTSTK,HDFCBANK,28-Apr-2022,1260.0,CE,0.0,0.0,0.0,241.8,138.05,0,0.0,0,0,18-APR-2022,
OPTSTK,HDFCBANK,28-Apr-2022,1270.0,CE,0.0,0.0,0.0,233.45,128.5,0,0.0,0,0,18-APR-2022,
OPTSTK,HDFCBANK,28-Apr-2022,1280.0,CE,0.0,0.0,0.0,225.2,119.15,0,0.0,0,0,18-APR-2022,
OPTSTK,HDFCBANK,28-Apr-2022,1290.0,CE,0.0,0.0,0.0,217.1,109.95,0,0.0,0,0,18-APR-2022,
OPTSTK,HDFCBANK,28-Apr-2022,1300.0,CE,144.0,144.0,103.0,108.15,108.15,105,817.02,40700,20350,18-APR-2022,
OPTSTK,HDFCBANK,28-Apr-2022,1310.0,CE,0.0,0.0,0.0,78.0,92.25,0,0.0,0,0,18-APR-2022,
OPTSTK,HDFCBANK,28-Apr-2022,1320.0,CE,95.0,95.0,93.35,93.75,83.8,3,23.33,11000,1100,18-APR-2022,
OPTSTK,HDFCBANK,28-Apr-2022,1330.0,CE,105.0,105.0,78.45,80.0,80.0,10,77.74,12100,2750,18-APR-2022,
OPTSTK,HDFCBANK,28-Apr-2022,1340.0,CE,82.9,84.2,67.65,70.05,70.05,132,1029.6,68750,66550,18-APR-2022,
OPTSTK,HDFCBANK,28-Apr-2022,1350.0,CE,77.0,77.0,60.0,62.45,62.45,64,498.11,26400,21450,18-APR-2022,
OPTSTK,HDFCBANK,28-Apr-2022,1360.0,CE,75.1,75.1,52.2,55.0,55.0,78,609.05,40700,18700,18-APR-2022,
OPTSTK,HDFCBANK,28-Apr-2022,1370.0,CE,57.85,70.05,47.55,49.15,49.15,28,218.87,6600,6600,18-APR-2022,
OPTSTK,HDFCBANK,28-Apr-2022,1380.0,CE,64.0,66.0,38.85,40.6,40.6,434,3399.26,83050,62150,18-APR-2022,
OPTSTK,HDFCBANK,28-Apr-2022,1390.0,CE,49.4,55.65,33.1,34.95,34.95,689,5406.81,104500,101200,18-APR-2022,
OPTSTK,HDFCBANK,28-Apr-2022,1400.0,CE,58.75,58.75,28.2,29.95,29.95,14569,114952.99,2021250,1789700,18-APR-2022,
OPTSTK,HDFCBANK,28-Apr-2022,1410.0,CE,47.65,47.65,23.15,24.7,24.7,4351,34411.39,509850,492250,18-APR-2022,
OPTSTK,HDFCBANK,28-Apr-2022,1420.0,CE,38.75,41.05,19.05,20.3,20.3,12844,102128.97,1711050,1637900,18-APR-2022,
OPTSTK,HDFCBANK,28-Apr-2022,1430.0,CE,61.55,61.55,15.45,16.35,16.35,6922,55275.29,848650,806850,18-APR-2022,
OPTSTK,HDFCBANK,28-Apr-2022,1440.0,CE,22.1,30.15,12.5,13.3,13.3,12290,98531.69,1984400,1731950,18-APR-2022,
OPTSTK,HDFCBANK,28-Apr-2022,1450.0,CE,24.0,25.65,10.7,11.3,11.3,15419,124233.05,2069100,1760000,18-APR-2022,
OPTSTK,HDFCBANK,28-Apr-2022,1460.0,CE,16.45,27.55,8.75,9.2,9.2,12884,104325.45,1817750,1203950,18-APR-2022,
OPTSTK,HDFCBANK,28-Apr-2022,1470.0,CE,23.95,23.95,5.75,7.95,7.95,6794,55344.43,806850,266200,18-APR-2022,
OPTSTK,HDFCBANK,28-Apr-2022,1480.0,CE,13.05,16.5,6.5,6.9,6.9,12003,98321.52,2212100,982850,18-APR-2022,
OPTSTK,HDFCBANK,28-Apr-2022,1490.0,CE,6.0,13.2,6.0,6.3,6.3,4131,34041.83,672650,88550,18-APR-2022,
OPTSTK,HDFCBANK,28-Apr-2022,1500.0,CE,8.5,12.5,5.6,5.95,5.95,33253,275718.46,10380150,3086050,18-APR-2022,
OPTSTK,HDFCBANK,28-Apr-2022,1510.0,CE,12.0,12.0,5.25,5.55,5.55,3751,31293.43,889900,185900,18-APR-2022,
OPTSTK,HDFCBANK,28-Apr-2022,1520.0,CE,12.0,15.75,2.0,5.15,5.15,9467,79458.93,2466200,-20900,18-APR-2022,
OPTSTK,HDFCBANK,28-Apr-2022,1530.0,CE,13.2,13.2,0.35,4.7,4.7,6453,54503.07,949300,-306900,18-APR-2022,
OPTSTK,HDFCBANK,28-Apr-2022,1540.0,CE,9.7,9.7,3.9,4.3,4.3,7855,66749.84,1945350,-371250,18-APR-2022,
OPTSTK,HDFCBANK,28-Apr-2022,1550.0,CE,6.8,6.8,2.05,4.05,4.05,12540,107220.59,3380850,304700,18-APR-2022,
OPTSTK,HDFCBANK,28-Apr-2022,1560.0,CE,5.0,6.95,2.3,3.8,3.8,7386,63540.87,1667050,-321750,18-APR-2022,
OPTSTK,HDFCBANK,28-Apr-2022,1570.0,CE,8.0,8.0,3.35,3.75,3.75,2608,22577.8,696850,-40700,18-APR-2022,
OPTSTK,HDFCBANK,28-Apr-2022,1580.0,CE,6.2,14.0,3.0,3.4,3.4,4590,39979.29,1336500,-80850,18-APR-2022,
OPTSTK,HDFCBANK,28-Apr-2022,1590.0,CE,4.1,6.95,3.0,3.25,3.25,1351,11840.43,351450,12100,18-APR-2022,
OPTSTK,HDFCBANK,28-Apr-2022,1600.0,CE,4.5,4.95,2.7,2.9,2.9,21632,190741.02,7564150,927300,18-APR-2022,
OPTSTK,HDFCBANK,28-Apr-2022,1610.0,CE,4.2,4.2,2.35,2.85,2.85,1514,13431.82,604450,97350,18-APR-2022,
OPTSTK,HDFCBANK,28-Apr-2022,1620.0,CE,5.0,5.0,1.55,2.75,2.75,4215,37623.22,1111550,102850,18-APR-2022,
OPTSTK,HDFCBANK,28-Apr-2022,1630.0,CE,5.0,5.0,1.5,2.7,2.7,1545,13874.22,518100,-4400,18-APR-2022,
OPTSTK,HDFCBANK,28-Apr-2022,1640.0,CE,4.9,4.9,2.0,2.65,2.65,4748,42896.29,1075800,-654500,18-APR-2022,
OPTSTK,HDFCBANK,28-Apr-2022,1650.0,CE,3.7,3.7,2.05,2.4,2.4,6581,59812.44,2514050,15400,18-APR-2022,
OPTSTK,HDFCBANK,28-Apr-2022,1660.0,CE,4.0,4.0,1.6,2.4,2.4,2248,20553.61,838200,-74800,18-APR-2022,
OPTSTK,HDFCBANK,28-Apr-2022,1670.0,CE,1.8,2.55,1.75,2.35,2.35,778,7155.57,299200,-73700,18-APR-2022,
OPTSTK,HDFCBANK,28-Apr-2022,1680.0,CE,1.3,2.4,1.3,2.2,2.2,1667,15422.94,657800,-55550,18-APR-2022,
OPTSTK,HDFCBANK,28-Apr-2022,1690.0,CE,1.2,2.5,1.2,2.2,2.2,1039,9669.55,336050,71500,18-APR-2022,
OPTSTK,HDFCBANK,28-Apr-2022,1700.0,CE,2.0,2.5,1.25,2.05,2.05,11643,108986.78,5625950,-736450,18-APR-2022,
OPTSTK,HDFCBANK,28-Apr-2022,1710.0,CE,3.1,3.1,0.9,2.05,2.05,1212,11411.84,325600,-166650,18-APR-2022,
OPTSTK,HDFCBANK,28-Apr-2022,1720.0,CE,1.0,2.0,1.0,1.9,1.9,654,6193.12,491150,-11550,18-APR-2022,
OPTSTK,HDFCBANK,28-Apr-2022,1730.0,CE,1.25,1.9,1.25,1.85,1.85,491,4676.31,114400,-39050,18-APR-2022,
OPTSTK,HDFCBANK,28-Apr-2022,1740.0,CE,0.85,1.85,0.7,1.75,1.75,800,7663.12,363550,-62150,18-APR-2022,
OPTSTK,HDFCBANK,28-Apr-2022,1750.0,CE,2.2,2.2,1.1,1.7,1.7,1622,15625.68,998800,-8800,18-APR-2022,
OPTSTK,HDFCBANK,28-Apr-2022,1760.0,CE,1.9,1.9,0.85,1.5,1.5,354,3429.38,245300,2200,18-APR-2022,
OPTSTK,HDFCBANK,28-Apr-2022,1770.0,CE,2.05,2.05,1.05,1.5,1.5,169,1646.48,106150,8800,18-APR-2022,
OPTSTK,HDFCBANK,28-Apr-2022,1780.0,CE,0.9,1.4,0.85,1.3,1.3,853,8356.79,312950,-129800,18-APR-2022,
OPTSTK,HDFCBANK,28-Apr-2022,1790.0,CE,1.5,1.5,0.95,1.35,1.35,272,2679.69,83050,-23650,18-APR-2022,
OPTSTK,HDFCBANK,28-Apr-2022,1800.0,CE,1.5,1.5,0.75,1.35,1.35,4251,42114.45,2829200,-267850,18-APR-2022,
OPTSTK,HDFCBANK,28-Apr-2022,1810.0,CE,0.9,1.35,0.9,1.25,1.25,208,2072.0,79200,-15950,18-APR-2022,
OPTSTK,HDFCBANK,28-Apr-2022,1820.0,CE,0.65,1.25,0.6,1.2,1.2,369,3695.81,167200,29150,18-APR-2022,
OPTSTK,HDFCBANK,28-Apr-2022,1830.0,CE,0.9,1.15,0.65,1.1,1.1,37,372.61,28050,-3300,18-APR-2022,
OPTSTK,HDFCBANK,28-Apr-2022,1840.0,CE,0.8,1.25,0.8,1.1,1.1,134,1356.91,114400,-18700,18-APR-2022,
OPTSTK,HDFCBANK,28-Apr-2022,1850.0,CE,0.8,1.15,0.8,1.0,1.0,277,2819.94,254650,-23100,18-APR-2022,
OPTSTK,HDFCBANK,28-Apr-2022,1860.0,CE,1.2,1.35,0.45,0.85,0.85,132,1350.98,367950,-13750,18-APR-2022,
OPTSTK,HDFCBANK,28-Apr-2022,1880.0,CE,1.0,1.8,0.7,1.1,1.1,61,631.04,38500,6050,18-APR-2022,
OPTSTK,HDFCBANK,28-Apr-2022,1900.0,CE,0.4,0.9,0.35,0.85,0.85,350,3658.91,438900,-11000,18-APR-2022,
OPTSTK,HDFCBANK,28-Apr-2022,1920.0,CE,0.7,0.7,0.6,0.7,0.0,40,422.54,30250,-3300,18-APR-2022,
OPTSTK,HDFCBANK,28-Apr-2022,1940.0,CE,0.6,0.6,0.4,0.45,0.0,101,1077.96,99550,3300,18-APR-2022,
OPTSTK,HDFCBANK,28-Apr-2022,1960.0,CE,0.5,0.6,0.35,0.5,0.5,128,1380.14,174900,41250,18-APR-2022,
OPTSTK,HDFCBANK,28-Apr-2022,1070.0,PE,0.9,0.9,0.05,0.05,0.0,2,11.77,5500,550,18-APR-2022,
OPTSTK,HDFCBANK,28-Apr-2022,1080.0,PE,0.0,0.0,0.0,0.2,0.0,0,0.0,0,0,18-APR-2022,
OPTSTK,HDFCBANK,28-Apr-2022,1090.0,PE,0.0,0.0,0.0,1.35,0.0,0,0.0,0,0,18-APR-2022,
OPTSTK,HDFCBANK,28-Apr-2022,1100.0,PE,0.5,1.0,0.15,0.4,0.0,14,84.73,14850,-1650,18-APR-2022,
OPTSTK,HDFCBANK,28-Apr-2022,1110.0,PE,0.0,0.0,0.0,0.2,0.0,0,0.0,0,0,18-APR-2022,
OPTSTK,HDFCBANK,28-Apr-2022,1120.0,PE,0.1,0.25,0.1,0.25,0.0,32,197.15,0,0,18-APR-2022,
OPTSTK,HDFCBANK,28-Apr-2022,1130.0,PE,0.2,0.55,0.15,0.35,0.0,57,354.33,0,0,18-APR-2022,
OPTSTK,HDFCBANK,28-Apr-2022,1140.0,PE,0.2,0.35,0.15,0.3,0.0,37,232.04,550,550,18-APR-2022,
OPTSTK,HDFCBANK,28-Apr-2022,1150.0,PE,0.2,0.8,0.2,0.8,0.8,43,272.05,1100,0,18-APR-2022,
OPTSTK,HDFCBANK,28-Apr-2022,1160.0,PE,0.0,0.0,0.0,3.95,0.05,0,0.0,0,0,18-APR-2022,
OPTSTK,HDFCBANK,28-Apr-2022,1170.0,PE,0.0,0.0,0.0,4.55,0.05,0,0.0,0,0,18-APR-2022,
OPTSTK,HDFCBANK,28-Apr-2022,1180.0,PE,0.0,0.0,0.0,0.8,0.05,0,0.0,1100,0,18-APR-2022,
OPTSTK,HDFCBANK,28-Apr-2022,1190.0,PE,0.0,0.0,0.0,0.8,0.1,0,0.0,0,0,18-APR-2022,
OPTSTK,HDFCBANK,28-Apr-2022,1200.0,PE,1.95,2.0,0.5,1.4,1.4,1785,11789.5,250800,94600,18-APR-2022,
OPTSTK,HDFCBANK,28-Apr-2022,1210.0,PE,1.15,2.05,0.55,1.7,1.7,48,319.72,15950,4400,18-APR-2022,
OPTSTK,HDFCBANK,28-Apr-2022,1220.0,PE,1.05,2.45,0.5,2.25,2.25,808,5427.75,86350,76450,18-APR-2022,
OPTSTK,HDFCBANK,28-Apr-2022,1230.0,PE,0.6,1.65,0.6,1.55,1.55,52,352.06,3850,3850,18-APR-2022,
OPTSTK,HDFCBANK,28-Apr-2022,1240.0,PE,1.25,2.95,0.6,2.35,2.35,241,1645.58,30250,22000,18-APR-2022,
OPTSTK,HDFCBANK,28-Apr-2022,1250.0,PE,1.8,3.35,0.6,2.75,2.75,645,4440.19,45650,29700,18-APR-2022,
OPTSTK,HDFCBANK,28-Apr-2022,1260.0,PE,1.55,3.8,0.55,3.3,3.3,726,5039.19,145200,127600,18-APR-2022,
OPTSTK,HDFCBANK,28-Apr-2022,1270.0,PE,1.65,4.1,0.75,3.35,3.35,807,5644.49,128150,41800,18-APR-2022,
OPTSTK,HDFCBANK,28-Apr-2022,1280.0,PE,2.5,4.8,0.65,4.05,4.05,1816,12805.76,168850,128150,18-APR-2022,
OPTSTK,HDFCBANK,28-Apr-2022,1290.0,PE,2.75,5.35,1.0,4.55,4.55,780,5545.61,61600,48950,18-APR-2022,
OPTSTK,HDFCBANK,28-Apr-2022,1300.0,PE,2.15,6.25,1.3,5.3,5.3,7737,55457.37,1228700,506000,18-APR-2022,
OPTSTK,HDFCBANK,28-Apr-2022,1310.0,PE,3.1,6.75,1.6,5.8,5.8,983,7103.51,132550,50600,18-APR-2022,
OPTSTK,HDFCBANK,28-Apr-2022,1320.0,PE,4.85,7.65,1.9,6.2,6.2,2657,19349.31,233200,64900,18-APR-2022,
OPTSTK,HDFCBANK,28-Apr-2022,1330.0,PE,4.3,8.85,2.6,7.2,7.2,1785,13103.85,198000,155650,18-APR-2022,
OPTSTK,HDFCBANK,28-Apr-2022,1340.0,PE,6.5,10.05,3.2,8.45,8.45,5425,40133.5,1070300,896500,18-APR-2022,
OPTSTK,HDFCBANK,28-Apr-2022,1350.0,PE,7.65,12.45,4.0,10.35,10.35,6505,48555.99,1104950,484000,18-APR-2022,
OPTSTK,HDFCBANK,28-Apr-2022,1360.0,PE,2.1,14.7,2.1,12.3,12.3,6919,52081.93,674850,-255750,18-APR-2022,
OPTSTK,HDFCBANK,28-Apr-2022,1370.0,PE,11.35,17.75,6.65,15.15,15.15,3343,25383.14,328350,89100,18-APR-2022,
OPTSTK,HDFCBANK,28-Apr-2022,1380.0,PE,8.5,21.45,8.4,18.65,18.65,6388,48990.11,515350,-9350,18-APR-2022,
OPTSTK,HDFCBANK,28-Apr-2022,1390.0,PE,18.5,25.65,10.7,22.5,22.5,3325,25752.29,271700,112750,18-APR-2022,
OPTSTK,HDFCBANK,28-Apr-2022,1400.0,PE,25.2,30.65,13.35,27.05,27.05,18726,146354.66,2173050,-219450,18-APR-2022,
OPTSTK,HDFCBANK,28-Apr-2022,1410.0,PE,23.4,35.7,16.5,32.35,32.35,4792,37850.16,362450,211200,18-APR-2022,
OPTSTK,HDFCBANK,28-Apr-2022,1420.0,PE,29.25,41.7,20.2,37.7,37.7,6434,51245.93,646800,57750,18-APR-2022,
OPTSTK,HDFCBANK,28-Apr-2022,1430.0,PE,31.95,47.9,24.5,43.75,43.75,2408,19359.31,224400,11000,18-APR-2022,
OPTSTK,HDFCBANK,28-Apr-2022,1440.0,PE,36.6,54.8,29.15,49.8,49.8,3555,28902.99,496650,-196900,18-APR-2022,
OPTSTK,HDFCBANK,28-Apr-2022,1450.0,PE,45.1,63.45,34.55,57.85,57.85,2620,21538.6,1205050,-142450,18-APR-2022,
OPTSTK,HDFCBANK,28-Apr-2022,1460.0,PE,54.15,72.0,40.7,64.95,64.95,2649,22040.97,636350,-414700,18-APR-2022,
OPTSTK,HDFCBANK,28-Apr-2022,1470.0,PE,57.1,79.9,48.2,74.8,74.8,719,6050.8,476850,-116050,18-APR-2022,
OPTSTK,HDFCBANK,28-Apr-2022,1480.0,PE,70.0,87.95,55.4,83.05,83.05,1007,8579.44,828850,-185900,18-APR-2022,
OPTSTK,HDFCBANK,28-Apr-2022,1490.0,PE,60.0,97.0,60.0,92.9,92.9,156,1342.46,242000,-26950,18-APR-2022,
OPTSTK,HDFCBANK,28-Apr-2022,1500.0,PE,88.65,107.9,71.7,103.45,103.45,1879,16410.52,2776400,-340450,18-APR-2022,
OPTSTK,HDFCBANK,28-Apr-2022,1510.0,PE,90.85,118.0,81.0,111.1,111.1,168,1483.99,180400,-31350,18-APR-2022,
OPTSTK,HDFCBANK,28-Apr-2022,1520.0,PE,95.0,127.45,88.75,122.4,122.4,376,3365.06,538450,-67100,18-APR-2022,
OPTSTK,HDFCBANK,28-Apr-2022,1530.0,PE,103.25,134.5,99.0,132.6,132.6,144,1303.82,239800,-36850,18-APR-2022,
OPTSTK,HDFCBANK,28-Apr-2022,1540.0,PE,108.9,146.0,107.55,140.05,140.05,168,1534.31,467500,-23100,18-APR-2022,
OPTSTK,HDFCBANK,28-Apr-2022,1550.0,PE,126.3,154.55,116.9,149.5,149.5,216,2004.33,431750,-34100,18-APR-2022,
OPTSTK,HDFCBANK,28-Apr-2022,1560.0,PE,132.0,164.0,125.95,161.05,161.05,134,1256.05,227150,-56100,18-APR-2022,
OPTSTK,HDFCBANK,28-Apr-2022,1570.0,PE,136.9,172.0,136.9,168.7,168.7,30,284.1,107250,-1650,18-APR-2022,
OPTSTK,HDFCBANK,28-Apr-2022,1580.0,PE,150.75,174.3,148.35,173.85,183.3,68,653.23,309100,-11000,18-APR-2022,
OPTSTK,HDFCBANK,28-Apr-2022,1590.0,PE,172.1,183.65,172.1,182.85,193.15,12,116.89,77000,-1650,18-APR-2022,
OPTSTK,HDFCBANK,28-Apr-2022,1600.0,PE,175.25,203.7,166.35,198.0,198.0,2324,22837.25,949300,-428450,18-APR-2022,
OPTSTK,HDFCBANK,28-Apr-2022,1610.0,PE,192.4,210.5,191.3,210.5,212.95,21,208.99,90200,-1100,18-APR-2022,
OPTSTK,HDFCBANK,28-Apr-2022,1620.0,PE,188.8,224.6,188.8,220.8,220.8,44,441.37,146300,-7150,18-APR-2022,
OPTSTK,HDFCBANK,28-Apr-2022,1630.0,PE,202.65,235.65,200.3,234.05,234.05,227,2322.13,121550,-69300,18-APR-2022,
OPTSTK,HDFCBANK,28-Apr-2022,1640.0,PE,209.0,244.75,203.2,240.1,240.1,771,7920.46,194150,-263450,18-APR-2022,
OPTSTK,HDFCBANK,28-Apr-2022,1650.0,PE,218.7,253.5,218.7,250.1,250.1,408,4242.31,174900,-85800,18-APR-2022,
OPTSTK,HDFCBANK,28-Apr-2022,1660.0,PE,225.95,254.75,225.95,250.65,262.75,52,545.82,86350,-12100,18-APR-2022,
OPTSTK,HDFCBANK,28-Apr-2022,1670.0,PE,0.0,0.0,0.0,174.7,272.7,0,0.0,42350,0,18-APR-2022,
OPTSTK,HDFCBANK,28-Apr-2022,1680.0,PE,247.65,277.5,247.6,277.5,277.5,16,170.37,66000,-4950,18-APR-2022,
OPTSTK,HDFCBANK,28-Apr-2022,1690.0,PE,256.85,287.65,256.85,286.8,286.8,130,1395.24,65450,-15400,18-APR-2022,
OPTSTK,HDFCBANK,28-Apr-2022,1700.0,PE,266.0,302.65,266.0,295.85,295.85,573,6239.75,320100,-213950,18-APR-2022,
OPTSTK,HDFCBANK,28-Apr-2022,1710.0,PE,0.0,0.0,0.0,203.4,312.65,0,0.0,14850,0,18-APR-2022,
OPTSTK,HDFCBANK,28-Apr-2022,1720.0,PE,290.0,314.8,290.0,311.0,322.65,3,33.41,30250,-1100,18-APR-2022,
OPTSTK,HDFCBANK,28-Apr-2022,1730.0,PE,0.0,0.0,0.0,203.75,332.65,0,0.0,7150,0,18-APR-2022,
OPTSTK,HDFCBANK,28-Apr-2022,1740.0,PE,305.85,308.9,305.85,308.9,342.6,3,33.78,3300,-550,18-APR-2022,
OPTSTK,HDFCBANK,28-Apr-2022,1750.0,PE,0.0,0.0,0.0,274.6,352.6,0,0.0,0,0,18-APR-2022,
OPTSTK,HDFCBANK,28-Apr-2022,1760.0,PE,0.0,0.0,0.0,134.7,362.6,0,0.0,1100,0,18-APR-2022,
OPTSTK,HDFCBANK,28-Apr-2022,1770.0,PE,0.0,0.0,0.0,292.05,372.6,0,0.0,0,0,18-APR-2022,
OPTSTK,HDFCBANK,28-Apr-2022,1780.0,PE,0.0,0.0,0.0,300.85,382.55,0,0.0,0,0,18-APR-2022,
OPTSTK,HDFCBANK,28-Apr-2022,1790.0,PE,0.0,0.0,0.0,309.75,392.55,0,0.0,0,0,18-APR-2022,
OPTSTK,HDFCBANK,28-Apr-2022,1800.0,PE,392.0,394.75,387.1,387.1,402.55,5,60.25,32450,-1650,18-APR-2022,
OPTSTK,HDFCBANK,28-Apr-2022,1810.0,PE,0.0,0.0,0.0,327.7,412.55,0,0.0,0,0,18-APR-2022,
OPTSTK,HDFCBANK,28-Apr-2022,1820.0,PE,0.0,0.0,0.0,336.75,422.5,0,0.0,0,0,18-APR-2022,
OPTSTK,HDFCBANK,28-Apr-2022,1830.0,PE,0.0,0.0,0.0,345.9,432.5,0,0.0,0,0,18-APR-2022,
OPTSTK,HDFCBANK,28-Apr-2022,1840.0,PE,0.0,0.0,0.0,355.05,442.5,0,0.0,0,0,18-APR-2022,
OPTSTK,HDFCBANK,28-Apr-2022,1850.0,PE,0.0,0.0,0.0,340.1,452.5,0,0.0,2200,0,18-APR-2022,
OPTSTK,HDFCBANK,28-Apr-2022,1860.0,PE,0.0,0.0,0.0,373.55,462.5,0,0.0,0,0,18-APR-2022,
OPTSTK,HDFCBANK,28-Apr-2022,1880.0,PE,0.0,0.0,0.0,382.35,482.45,0,0.0,0,0,18-APR-2022,
OPTSTK,HDFCBANK,28-Apr-2022,1900.0,PE,0.0,0.0,0.0,390.55,502.45,0,0.0,0,0,18-APR-2022,
OPTSTK,HDFCBANK,28-Apr-2022,1920.0,PE,0.0,0.0,0.0,377.5,522.4,0,0.0,0,0,18-APR-2022,
OPTSTK,HDFCBANK,28-Apr-2022,1940.0,PE,0.0,0.0,0.0,463.6,542.4,0,0.0,0,0,18-APR-2022,
OPTSTK,HDFCBANK,28-Apr-2022,1960.0,PE,0.0,0.0,0.0,483.5,562.35,0,0.0,0,0,18-APR-2022,
OPTSTK,HDFCBANK,26-May-2022,1070.0,CE,0.0,0.0,0.0,362.5,330.6,0,0.0,0,0,18-APR-2022,
OPTSTK,HDFCBANK,26-May-2022,1080.0,CE,0.0,0.0,0.0,352.95,320.75,0,0.0,0,0,18-APR-2022,
OPTSTK,HDFCBANK,26-May-2022,1090.0,CE,0.0,0.0,0.0,343.45,310.9,0,0.0,0,0,18-APR-2022,
OPTSTK,HDFCBANK,26-May-2022,1100.0,CE,0.0,0.0,0.0,334.0,301.15,0,0.0,0,0,18-APR-2022,
OPTSTK,HDFCBANK,26-May-2022,1110.0,CE,0.0,0.0,0.0,324.6,291.35,0,0.0,0,0,18-APR-2022,
OPTSTK,HDFCBANK,26-May-2022,1120.0,CE,0.0,0.0,0.0,315.25,281.65,0,0.0,0,0,18-APR-2022,
OPTSTK,HDFCBANK,26-May-2022,1130.0,CE,0.0,0.0,0.0,306.0,272.0,0,0.0,0,0,18-APR-2022,
OPTSTK,HDFCBANK,26-May-2022,1140.0,CE,0.0,0.0,0.0,296.8,262.4,0,0.0,0,0,18-APR-2022,
OPTSTK,HDFCBANK,26-May-2022,1150.0,CE,0.0,0.0,0.0,287.7,252.85,0,0.0,0,0,18-APR-2022,
OPTSTK,HDFCBANK,26-May-2022,1160.0,CE,0.0,0.0,0.0,278.65,243.4,0,0.0,0,0,18-APR-2022,
OPTSTK,HDFCBANK,26-May-2022,1170.0,CE,0.0,0.0,0.0,269.75,234.0,0,0.0,0,0,18-APR-2022,
OPTSTK,HDFCBANK,26-May-2022,1180.0,CE,0.0,0.0,0.0,260.9,224.7,0,0.0,0,0,18-APR-2022,
OPTSTK,HDFCBANK,26-May-2022,1190.0,CE,0.0,0.0,0.0,252.2,215.5,0,0.0,0,0,18-APR-2022,
OPTSTK,HDFCBANK,26-May-2022,1200.0,CE,0.0,0.0,0.0,243.6,206.45,0,0.0,0,0,18-APR-2022,
OPTSTK,HDFCBANK,26-May-2022,1210.0,CE,0.0,0.0,0.0,235.1,197.5,0,0.0,0,0,18-APR-2022,
OPTSTK,HDFCBANK,26-May-2022,1220.0,CE,0.0,0.0,0.0,226.7,188.65,0,0.0,0,0,18-APR-2022,
OPTSTK,HDFCBANK,26-May-2022,1230.0,CE,0.0,0.0,0.0,218.5,180.0,0,0.0,0,0,18-APR-2022,
OPTSTK,HDFCBANK,26-May-2022,1240.0,CE,0.0,0.0,0.0,210.4,171.45,0,0.0,0,0,18-APR-2022,
OPTSTK,HDFCBANK,26-May-2022,1250.0,CE,0.0,0.0,0.0,202.4,163.1,0,0.0,0,0,18-APR-2022,
OPTSTK,HDFCBANK,26-May-2022,1260.0,CE,0.0,0.0,0.0,194.6,154.95,0,0.0,0,0,18-APR-2022,
OPTSTK,HDFCBANK,26-May-2022,1270.0,CE,0.0,0.0,0.0,186.95,146.95,0,0.0,0,0,18-APR-2022,
OPTSTK,HDFCBANK,26-May-2022,1280.0,CE,0.0,0.0,0.0,179.45,139.15,0,0.0,0,0,18-APR-2022,
OPTSTK,HDFCBANK,26-May-2022,1290.0,CE,0.0,0.0,0.0,172.15,131.55,0,0.0,0,0,18-APR-2022,
OPTSTK,HDFCBANK,26-May-2022,1300.0,CE,127.1,140.0,122.6,126.05,126.05,9,70.81,2200,2200,18-APR-2022,
OPTSTK,HDFCBANK,26-May-2022,1310.0,CE,0.0,0.0,0.0,157.95,117.0,0,0.0,0,0,18-APR-2022,
OPTSTK,HDFCBANK,26-May-2022,1320.0,CE,0.0,0.0,0.0,151.05,110.1,0,0.0,0,0,18-APR-2022,
OPTSTK,HDFCBANK,26-May-2022,1330.0,CE,0.0,0.0,0.0,144.4,103.45,0,0.0,0,0,18-APR-2022,
OPTSTK,HDFCBANK,26-May-2022,1340.0,CE,94.4,94.4,94.4,94.4,97.0,1,7.88,550,550,18-APR-2022,
OPTSTK,HDFCBANK,26-May-2022,1350.0,CE,94.0,94.0,84.0,86.9,86.9,13,102.82,5500,5500,18-APR-2022,
OPTSTK,HDFCBANK,26-May-2022,1360.0,CE,0.0,0.0,0.0,125.5,84.9,0,0.0,0,0,18-APR-2022,
OPTSTK,HDFCBANK,26-May-2022,1370.0,CE,0.0,0.0,0.0,119.55,79.2,0,0.0,0,0,18-APR-2022,
OPTSTK,HDFCBANK,26-May-2022,1380.0,CE,94.8,94.8,94.8,94.8,73.75,1,8.11,550,550,18-APR-2022,
OPTSTK,HDFCBANK,26-May-2022,1390.0,CE,0.0,0.0,0.0,108.25,68.6,0,0.0,0,0,18-APR-2022,
OPTSTK,HDFCBANK,26-May-2022,1400.0,CE,82.3,82.3,55.0,57.4,57.4,1871,15041.53,567050,529100,18-APR-2022,
OPTSTK,HDFCBANK,26-May-2022,1410.0,CE,51.0,51.0,51.0,51.0,51.0,1,8.03,550,550,18-APR-2022,
OPTSTK,HDFCBANK,26-May-2022,1420.0,CE,55.15,57.05,46.0,48.5,48.5,219,1771.46,77000,77000,18-APR-2022,
OPTSTK,HDFCBANK,26-May-2022,1430.0,CE,78.75,78.75,42.0,43.2,43.2,159,1291.91,66000,66000,18-APR-2022,
OPTSTK,HDFCBANK,26-May-2022,1440.0,CE,65.0,65.0,37.0,38.1,38.1,221,1800.98,52800,52800,18-APR-2022,
OPTSTK,HDFCBANK,26-May-2022,1450.0,CE,64.0,70.75,33.0,34.25,34.25,692,5665.6,192500,178750,18-APR-2022,
OPTSTK,HDFCBANK,26-May-2022,1460.0,CE,54.8,54.8,29.0,30.1,30.1,458,3767.46,162250,160600,18-APR-2022,
OPTSTK,HDFCBANK,26-May-2022,1470.0,CE,54.05,54.05,26.5,27.85,27.85,26,214.56,11000,1650,18-APR-2022,
OPTSTK,HDFCBANK,26-May-2022,1480.0,CE,20.35,54.7,20.3,24.75,24.75,400,3319.63,101200,62150,18-APR-2022,
OPTSTK,HDFCBANK,26-May-2022,1490.0,CE,38.0,38.0,22.05,22.05,22.05,14,116.68,6050,550,18-APR-2022,
OPTSTK,HDFCBANK,26-May-2022,1500.0,CE,30.6,34.4,20.0,20.55,20.55,4009,33603.31,1550450,812350,18-APR-2022,
OPTSTK,HDFCBANK,26-May-2022,1510.0,CE,0.0,0.0,0.0,55.65,25.1,0,0.0,0,0,18-APR-2022,
OPTSTK,HDFCBANK,26-May-2022,1520.0,CE,25.0,36.9,15.0,16.6,16.6,297,2515.57,82500,27500,18-APR-2022,
OPTSTK,HDFCBANK,26-May-2022,1530.0,CE,0.0,0.0,0.0,49.25,20.7,0,0.0,0,0,18-APR-2022,
OPTSTK,HDFCBANK,26-May-2022,1540.0,CE,22.0,22.0,12.9,13.7,13.7,179,1532.37,40700,4400,18-APR-2022,
OPTSTK,HDFCBANK,26-May-2022,1550.0,CE,24.0,24.4,10.6,12.3,12.3,846,7280.72,216150,63800,18-APR-2022,
OPTSTK,HDFCBANK,26-May-2022,1560.0,CE,13.7,16.4,10.35,11.35,11.35,170,1470.58,51700,49500,18-APR-2022,
OPTSTK,HDFCBANK,26-May-2022,1570.0,CE,0.0,0.0,0.0,38.3,13.85,0,0.0,0,0,18-APR-2022,
OPTSTK,HDFCBANK,26-May-2022,1580.0,CE,13.15,14.1,9.3,9.45,9.45,86,752.86,45650,24200,18-APR-2022,
OPTSTK,HDFCBANK,26-May-2022,1590.0,CE,0.0,0.0,0.0,33.6,11.2,0,0.0,0,0,18-APR-2022,
OPTSTK,HDFCBANK,26-May-2022,1600.0,CE,12.25,13.4,7.8,8.1,8.1,2016,17846.31,971850,325050,18-APR-2022,
OPTSTK,HDFCBANK,26-May-2022,1610.0,CE,0.0,0.0,0.0,30.0,9.0,0,0.0,550,0,18-APR-2022,
OPTSTK,HDFCBANK,26-May-2022,1620.0,CE,10.0,10.0,6.8,7.75,7.75,23,205.93,12100,1650,18-APR-2022,
OPTSTK,HDFCBANK,26-May-2022,1630.0,CE,19.75,19.75,8.0,8.0,8.0,2,18.08,3850,1100,18-APR-2022,
OPTSTK,HDFCBANK,26-May-2022,1640.0,CE,8.0,14.5,4.9,7.7,7.7,48,434.82,21450,9350,18-APR-2022,
OPTSTK,HDFCBANK,26-May-2022,1650.0,CE,5.05,8.25,0.05,6.0,6.0,278,2532.62,149050,66000,18-APR-2022,
OPTSTK,HDFCBANK,26-May-2022,1660.0,CE,10.9,10.9,6.1,6.1,5.1,28,256.67,15400,10450,18-APR-2022,
OPTSTK,HDFCBANK,26-May-2022,1670.0,CE,0.0,0.0,0.0,19.3,4.55,0,0.0,0,0,18-APR-2022,
OPTSTK,HDFCBANK,26-May-2022,1680.0,CE,5.2,6.75,5.2,5.3,4.0,3,27.81,4950,0,18-APR-2022,
OPTSTK,HDFCBANK,26-May-2022,1690.0,CE,0.0,0.0,0.0,16.65,3.55,0,0.0,0,0,18-APR-2022,
OPTSTK,HDFCBANK,26-May-2022,1700.0,CE,8.7,8.7,4.5,4.8,4.8,731,6855.27,629750,90750,18-APR-2022,
OPTSTK,HDFCBANK,26-May-2022,1710.0,CE,0.0,0.0,0.0,14.35,2.8,0,0.0,0,0,18-APR-2022,
OPTSTK,HDFCBANK,26-May-2022,1720.0,CE,0.0,0.0,0.0,13.35,2.45,0,0.0,0,0,18-APR-2022,
OPTSTK,HDFCBANK,26-May-2022,1730.0,CE,0.0,0.0,0.0,12.35,2.15,0,0.0,0,0,18-APR-2022,
OPTSTK,HDFCBANK,26-May-2022,1740.0,CE,0.0,0.0,0.0,11.45,1.9,0,0.0,0,0,18-APR-2022,
OPTSTK,HDFCBANK,26-May-2022,1750.0,CE,0.0,0.0,0.0,10.6,1.65,0,0.0,0,0,18-APR-2022,
OPTSTK,HDFCBANK,26-May-2022,1760.0,CE,0.0,0.0,0.0,9.8,1.45,0,0.0,0,0,18-APR-2022,
OPTSTK,HDFCBANK,26-May-2022,1770.0,CE,0.0,0.0,0.0,9.05,1.3,0,0.0,0,0,18-APR-2022,
OPTSTK,HDFCBANK,26-May-2022,1780.0,CE,0.0,0.0,0.0,8.4,1.15,0,0.0,0,0,18-APR-2022,
OPTSTK,HDFCBANK,26-May-2022,1790.0,CE,0.0,0.0,0.0,7.75,1.0,0,0.0,0,0,18-APR-2022,
OPTSTK,HDFCBANK,26-May-2022,1800.0,CE,4.75,4.8,3.15,3.4,3.4,180,1785.6,270050,26950,18-APR-2022,
OPTSTK,HDFCBANK,26-May-2022,1810.0,CE,0.0,0.0,0.0,6.6,0.75,0,0.0,0,0,18-APR-2022,
OPTSTK,HDFCBANK,26-May-2022,1820.0,CE,0.0,0.0,0.0,17.3,0.65,0,0.0,550,0,18-APR-2022,
OPTSTK,HDFCBANK,26-May-2022,1840.0,CE,0.0,0.0,0.0,8.05,0.5,0,0.0,0,0,18-APR-2022,
OPTSTK,HDFCBANK,26-May-2022,1860.0,CE,0.0,0.0,0.0,6.9,0.4,0,0.0,0,0,18-APR-2022,
OPTSTK,HDFCBANK,26-May-2022,1880.0,CE,0.0,0.0,0.0,4.3,0.3,0,0.0,0,0,18-APR-2022,
OPTSTK,HDFCBANK,26-May-2022,1900.0,CE,3.0,3.45,2.15,2.7,2.7,18,188.37,17600,7150,18-APR-2022,
OPTSTK,HDFCBANK,26-May-2022,1920.0,CE,0.0,0.0,0.0,1.4,0.15,0,0.0,0,0,18-APR-2022,
OPTSTK,HDFCBANK,26-May-2022,1940.0,CE,0.0,0.0,0.0,1.1,0.15,0,0.0,0,0,18-APR-2022,
OPTSTK,HDFCBANK,26-May-2022,1960.0,CE,0.0,0.0,0.0,0.9,0.1,0,0.0,0,0,18-APR-2022,
OPTSTK,HDFCBANK,26-May-2022,1070.0,PE,0.0,0.0,0.0,1.9,0.4,0,0.0,0,0,18-APR-2022,
OPTSTK,HDFCBANK,26-May-2022,1080.0,PE,0.0,0.0,0.0,2.25,0.5,0,0.0,0,0,18-APR-2022,
OPTSTK,HDFCBANK,26-May-2022,1090.0,PE,0.0,0.0,0.0,2.65,0.65,0,0.0,0,0,18-APR-2022,
OPTSTK,HDFCBANK,26-May-2022,1100.0,PE,1.0,3.35,1.0,2.9,2.9,7,42.43,6050,550,18-APR-2022,
OPTSTK,HDFCBANK,26-May-2022,1110.0,PE,0.0,0.0,0.0,3.55,1.0,0,0.0,0,0,18-APR-2022,
OPTSTK,HDFCBANK,26-May-2022,1120.0,PE,0.0,0.0,0.0,4.15,1.25,0,0.0,0,0,18-APR-2022,
OPTSTK,HDFCBANK,26-May-2022,1130.0,PE,0.0,0.0,0.0,4.75,1.55,0,0.0,0,0,18-APR-2022,
OPTSTK,HDFCBANK,26-May-2022,1140.0,PE,0.0,0.0,0.0,5.45,1.9,0,0.0,0,0,18-APR-2022,
OPTSTK,HDFCBANK,26-May-2022,1150.0,PE,0.0,0.0,0.0,6.25,2.35,0,0.0,0,0,18-APR-2022,
OPTSTK,HDFCBANK,26-May-2022,1160.0,PE,0.0,0.0,0.0,7.15,2.8,0,0.0,0,0,18-APR-2022,
OPTSTK,HDFCBANK,26-May-2022,1170.0,PE,0.0,0.0,0.0,8.1,3.4,0,0.0,0,0,18-APR-2022,
OPTSTK,HDFCBANK,26-May-2022,1180.0,PE,0.0,0.0,0.0,9.15,4.05,0,0.0,0,0,18-APR-2022,
OPTSTK,HDFCBANK,26-May-2022,1190.0,PE,0.0,0.0,0.0,10.35,4.8,0,0.0,0,0,18-APR-2022,
OPTSTK,HDFCBANK,26-May-2022,1200.0,PE,3.75,6.5,3.6,5.2,5.2,142,940.8,80300,45650,18-APR-2022,
OPTSTK,HDFCBANK,26-May-2022,1210.0,PE,0.0,0.0,0.0,13.0,6.7,0,0.0,0,0,18-APR-2022,
OPTSTK,HDFCBANK,26-May-2022,1220.0,PE,0.0,0.0,0.0,14.55,7.85,0,0.0,0,0,18-APR-2022,
OPTSTK,HDFCBANK,26-May-2022,1230.0,PE,0.0,0.0,0.0,16.2,9.1,0,0.0,0,0,18-APR-2022,
OPTSTK,HDFCBANK,26-May-2022,1240.0,PE,0.0,0.0,0.0,18.0,10.55,0,0.0,0,0,18-APR-2022,
OPTSTK,HDFCBANK,26-May-2022,1250.0,PE,7.9,10.0,6.6,9.45,9.45,94,650.58,36850,35750,18-APR-2022,
OPTSTK,HDFCBANK,26-May-2022,1260.0,PE,0.0,0.0,0.0,22.0,13.9,0,0.0,0,0,18-APR-2022,
OPTSTK,HDFCBANK,26-May-2022,1270.0,PE,0.0,0.0,0.0,24.25,15.9,0,0.0,0,0,18-APR-2022,
OPTSTK,HDFCBANK,26-May-2022,1280.0,PE,11.0,11.0,5.9,8.45,8.45,3,21.27,1650,1650,18-APR-2022,
OPTSTK,HDFCBANK,26-May-2022,1290.0,PE,0.0,0.0,0.0,29.25,20.4,0,0.0,0,0,18-APR-2022,
OPTSTK,HDFCBANK,26-May-2022,1300.0,PE,12.9,18.85,10.25,17.45,17.45,919,6645.64,350900,261250,18-APR-2022,
OPTSTK,HDFCBANK,26-May-2022,1310.0,PE,33.95,33.95,7.6,14.8,25.8,4,29.21,1100,1100,18-APR-2022,
OPTSTK,HDFCBANK,26-May-2022,1320.0,PE,10.65,48.1,10.65,24.1,24.1,34,250.66,13750,13750,18-APR-2022,
OPTSTK,HDFCBANK,26-May-2022,1330.0,PE,0.0,0.0,0.0,41.05,32.1,0,0.0,0,0,18-APR-2022,
OPTSTK,HDFCBANK,26-May-2022,1340.0,PE,25.0,27.5,24.0,26.8,26.8,36,270.48,17050,16500,18-APR-2022,
OPTSTK,HDFCBANK,26-May-2022,1350.0,PE,17.05,31.9,17.05,29.9,29.9,370,2798.69,128700,57750,18-APR-2022,
OPTSTK,HDFCBANK,26-May-2022,1360.0,PE,34.0,35.0,32.1,34.55,34.55,34,260.61,16500,16500,18-APR-2022,
OPTSTK,HDFCBANK,26-May-2022,1370.0,PE,0.0,0.0,0.0,55.85,47.7,0,0.0,0,0,18-APR-2022,
OPTSTK,HDFCBANK,26-May-2022,1380.0,PE,30.8,43.25,29.9,41.85,41.85,50,390.07,12650,12100,18-APR-2022,
OPTSTK,HDFCBANK,26-May-2022,1390.0,PE,0.0,0.0,0.0,8.5,57.0,0,0.0,550,0,18-APR-2022,
OPTSTK,HDFCBANK,26-May-2022,1400.0,PE,34.25,53.95,33.85,50.45,50.45,1650,13100.83,793100,293150,18-APR-2022,
OPTSTK,HDFCBANK,26-May-2022,1410.0,PE,0.0,0.0,0.0,73.55,67.35,0,0.0,0,0,18-APR-2022,
OPTSTK,HDFCBANK,26-May-2022,1420.0,PE,36.0,59.8,36.0,59.8,72.85,52,420.95,13750,9900,18-APR-2022,
OPTSTK,HDFCBANK,26-May-2022,1430.0,PE,0.0,0.0,0.0,83.5,78.65,0,0.0,0,0,18-APR-2022,
OPTSTK,HDFCBANK,26-May-2022,1440.0,PE,60.0,75.0,60.0,75.0,75.0,2,16.58,1650,1100,18-APR-2022,
OPTSTK,HDFCBANK,26-May-2022,1450.0,PE,46.5,78.25,46.5,74.15,74.15,216,1802.62,64350,3300,18-APR-2022,
OPTSTK,HDFCBANK,26-May-2022,1460.0,PE,74.25,86.15,56.8,83.7,83.7,53,447.23,56100,-1100,18-APR-2022,
OPTSTK,HDFCBANK,26-May-2022,1470.0,PE,87.5,87.5,87.5,87.5,104.1,1,8.56,550,550,18-APR-2022,
OPTSTK,HDFCBANK,26-May-2022,1480.0,PE,76.0,99.25,75.4,99.25,99.25,44,378.9,20350,2200,18-APR-2022,
OPTSTK,HDFCBANK,26-May-2022,1490.0,PE,0.0,0.0,0.0,117.7,118.1,0,0.0,0,0,18-APR-2022,
OPTSTK,HDFCBANK,26-May-2022,1500.0,PE,95.05,118.8,88.25,113.25,113.25,458,4034.86,561000,-15950,18-APR-2022,
OPTSTK,HDFCBANK,26-May-2022,1510.0,PE,0.0,0.0,0.0,130.45,133.0,0,0.0,0,0,18-APR-2022,
OPTSTK,HDFCBANK,26-May-2022,1520.0,PE,108.5,130.1,108.5,130.05,130.05,8,72.17,7700,0,18-APR-2022,
OPTSTK,HDFCBANK,26-May-2022,1530.0,PE,0.0,0.0,0.0,143.85,148.5,0,0.0,0,0,18-APR-2022,
OPTSTK,HDFCBANK,26-May-2022,1540.0,PE,0.0,0.0,0.0,80.0,156.5,0,0.0,550,0,18-APR-2022,
OPTSTK,HDFCBANK,26-May-2022,1550.0,PE,149.75,152.35,148.0,151.2,151.2,14,130.96,8800,7700,18-APR-2022,
OPTSTK,HDFCBANK,26-May-2022,1560.0,PE,159.0,159.0,159.0,159.0,173.0,1,9.45,550,550,18-APR-2022,
OPTSTK,HDFCBANK,26-May-2022,1570.0,PE,0.0,0.0,0.0,65.0,181.45,0,0.0,550,0,18-APR-2022,
OPTSTK,HDFCBANK,26-May-2022,1580.0,PE,0.0,0.0,0.0,65.0,190.05,0,0.0,1650,0,18-APR-2022,
OPTSTK,HDFCBANK,26-May-2022,1590.0,PE,0.0,0.0,0.0,187.55,198.75,0,0.0,0,0,18-APR-2022,
OPTSTK,HDFCBANK,26-May-2022,1600.0,PE,180.95,203.0,171.2,200.8,200.8,68,669.94,188650,-8250,18-APR-2022,
OPTSTK,HDFCBANK,26-May-2022,1610.0,PE,0.0,0.0,0.0,203.1,216.45,0,0.0,0,0,18-APR-2022,
OPTSTK,HDFCBANK,26-May-2022,1620.0,PE,0.0,0.0,0.0,211.05,225.45,0,0.0,0,0,18-APR-2022,
OPTSTK,HDFCBANK,26-May-2022,1630.0,PE,0.0,0.0,0.0,219.1,234.55,0,0.0,0,0,18-APR-2022,
OPTSTK,HDFCBANK,26-May-2022,1640.0,PE,0.0,0.0,0.0,227.3,243.75,0,0.0,0,0,18-APR-2022,
OPTSTK,HDFCBANK,26-May-2022,1650.0,PE,0.0,0.0,0.0,235.55,253.0,0,0.0,0,0,18-APR-2022,
OPTSTK,HDFCBANK,26-May-2022,1660.0,PE,0.0,0.0,0.0,243.95,262.3,0,0.0,0,0,18-APR-2022,
OPTSTK,HDFCBANK,26-May-2022,1670.0,PE,0.0,0.0,0.0,252.4,271.7,0,0.0,0,0,18-APR-2022,
OPTSTK,HDFCBANK,26-May-2022,1680.0,PE,0.0,0.0,0.0,260.95,281.15,0,0.0,0,0,18-APR-2022,
OPTSTK,HDFCBANK,26-May-2022,1690.0,PE,0.0,0.0,0.0,269.6,290.65,0,0.0,0,0,18-APR-2022,
OPTSTK,HDFCBANK,26-May-2022,1700.0,PE,266.6,292.65,266.6,292.65,300.2,9,97.77,23100,3300,18-APR-2022,
OPTSTK,HDFCBANK,26-May-2022,1710.0,PE,0.0,0.0,0.0,287.1,309.8,0,0.0,0,0,18-APR-2022,
OPTSTK,HDFCBANK,26-May-2022,1720.0,PE,0.0,0.0,0.0,295.95,319.4,0,0.0,0,0,18-APR-2022,
OPTSTK,HDFCBANK,26-May-2022,1730.0,PE,0.0,0.0,0.0,304.85,329.05,0,0.0,0,0,18-APR-2022,
OPTSTK,HDFCBANK,26-May-2022,1740.0,PE,0.0,0.0,0.0,313.85,338.75,0,0.0,0,0,18-APR-2022,
OPTSTK,HDFCBANK,26-May-2022,1750.0,PE,0.0,0.0,0.0,322.9,348.5,0,0.0,0,0,18-APR-2022,
OPTSTK,HDFCBANK,26-May-2022,1760.0,PE,0.0,0.0,0.0,332.0,358.25,0,0.0,0,0,18-APR-2022,
OPTSTK,HDFCBANK,26-May-2022,1770.0,PE,0.0,0.0,0.0,341.15,368.0,0,0.0,0,0,18-APR-2022,
OPTSTK,HDFCBANK,26-May-2022,1780.0,PE,0.0,0.0,0.0,350.35,377.8,0,0.0,0,0,18-APR-2022,
OPTSTK,HDFCBANK,26-May-2022,1790.0,PE,0.0,0.0,0.0,359.6,387.65,0,0.0,0,0,18-APR-2022,
OPTSTK,HDFCBANK,26-May-2022,1800.0,PE,380.0,380.0,380.0,380.0,397.45,2,23.98,1100,1100,18-APR-2022,
OPTSTK,HDFCBANK,26-May-2022,1810.0,PE,0.0,0.0,0.0,378.25,407.3,0,0.0,0,0,18-APR-2022,
OPTSTK,HDFCBANK,26-May-2022,1820.0,PE,0.0,0.0,0.0,387.65,417.15,0,0.0,0,0,18-APR-2022,
OPTSTK,HDFCBANK,26-May-2022,1840.0,PE,0.0,0.0,0.0,373.3,436.95,0,0.0,0,0,18-APR-2022,
OPTSTK,HDFCBANK,26-May-2022,1860.0,PE,0.0,0.0,0.0,391.95,456.7,0,0.0,0,0,18-APR-2022,
OPTSTK,HDFCBANK,26-May-2022,1880.0,PE,0.0,0.0,0.0,389.8,476.55,0,0.0,0,0,18-APR-2022,
OPTSTK,HDFCBANK,26-May-2022,1900.0,PE,0.0,0.0,0.0,419.1,496.4,0,0.0,0,0,18-APR-2022,
OPTSTK,HDFCBANK,26-May-2022,1920.0,PE,0.0,0.0,0.0,438.6,516.25,0,0.0,0,0,18-APR-2022,
OPTSTK,HDFCBANK,26-May-2022,1940.0,PE,0.0,0.0,0.0,458.2,536.1,0,0.0,0,0,18-APR-2022,
OPTSTK,HDFCBANK,26-May-2022,1960.0,PE,0.0,0.0,0.0,477.85,556.0,0,0.0,0,0,18-APR-2022,
OPTSTK,HDFCBANK,30-Jun-2022,1080.0,CE,0.0,0.0,0.0,403.35,328.2,0,0.0,0,0,18-APR-2022,
OPTSTK,HDFCBANK,30-Jun-2022,1100.0,CE,0.0,0.0,0.0,384.2,309.55,0,0.0,0,0,18-APR-2022,
OPTSTK,HDFCBANK,30-Jun-2022,1120.0,CE,0.0,0.0,0.0,365.2,291.25,0,0.0,0,0,18-APR-2022,
OPTSTK,HDFCBANK,30-Jun-2022,1140.0,CE,0.0,0.0,0.0,346.4,273.25,0,0.0,0,0,18-APR-2022,
OPTSTK,HDFCBANK,30-Jun-2022,1160.0,CE,0.0,0.0,0.0,327.85,255.7,0,0.0,0,0,18-APR-2022,
OPTSTK,HDFCBANK,30-Jun-2022,1180.0,CE,0.0,0.0,0.0,309.55,238.55,0,0.0,0,0,18-APR-2022,
OPTSTK,HDFCBANK,30-Jun-2022,1200.0,CE,0.0,0.0,0.0,291.65,221.9,0,0.0,0,0,18-APR-2022,
OPTSTK,HDFCBANK,30-Jun-2022,1220.0,CE,0.0,0.0,0.0,274.05,205.8,0,0.0,0,0,18-APR-2022,
OPTSTK,HDFCBANK,30-Jun-2022,1240.0,CE,0.0,0.0,0.0,256.9,190.25,0,0.0,0,0,18-APR-2022,
OPTSTK,HDFCBANK,30-Jun-2022,1260.0,CE,0.0,0.0,0.0,240.2,175.4,0,0.0,0,0,18-APR-2022,
OPTSTK,HDFCBANK,30-Jun-2022,1280.0,CE,0.0,0.0,0.0,224.05,161.15,0,0.0,0,0,18-APR-2022,
OPTSTK,HDFCBANK,30-Jun-2022,1300.0,CE,0.0,0.0,0.0,208.35,147.55,0,0.0,0,0,18-APR-2022,
OPTSTK,HDFCBANK,30-Jun-2022,1320.0,CE,0.0,0.0,0.0,193.25,134.7,0,0.0,0,0,18-APR-2022,
OPTSTK,HDFCBANK,30-Jun-2022,1340.0,CE,0.0,0.0,0.0,178.8,122.55,0,0.0,0,0,18-APR-2022,
OPTSTK,HDFCBANK,30-Jun-2022,1360.0,CE,0.0,0.0,0.0,164.9,111.15,0,0.0,0,0,18-APR-2022,
OPTSTK,HDFCBANK,30-Jun-2022,1380.0,CE,0.0,0.0,0.0,151.65,100.5,0,0.0,0,0,18-APR-2022,
OPTSTK,HDFCBANK,30-Jun-2022,1400.0,CE,75.0,75.0,75.0,75.0,75.0,2,16.22,1100,1100,18-APR-2022,
OPTSTK,HDFCBANK,30-Jun-2022,1420.0,CE,0.0,0.0,0.0,127.25,81.4,0,0.0,0,0,18-APR-2022,
OPTSTK,HDFCBANK,30-Jun-2022,1440.0,CE,0.0,0.0,0.0,116.1,72.9,0,0.0,0,0,18-APR-2022,
OPTSTK,HDFCBANK,30-Jun-2022,1460.0,CE,0.0,0.0,0.0,105.6,65.05,0,0.0,0,0,18-APR-2022,
OPTSTK,HDFCBANK,30-Jun-2022,1480.0,CE,0.0,0.0,0.0,95.8,57.9,0,0.0,0,0,18-APR-2022,
OPTSTK,HDFCBANK,30-Jun-2022,1500.0,CE,57.0,57.0,36.0,36.75,36.75,105,889.1,43450,31900,18-APR-2022,
OPTSTK,HDFCBANK,30-Jun-2022,1520.0,CE,0.0,0.0,0.0,78.2,45.45,0,0.0,0,0,18-APR-2022,
OPTSTK,HDFCBANK,30-Jun-2022,1540.0,CE,0.0,0.0,0.0,70.35,40.1,0,0.0,0,0,18-APR-2022,
OPTSTK,HDFCBANK,30-Jun-2022,1560.0,CE,0.0,0.0,0.0,63.1,35.35,0,0.0,0,0,18-APR-2022,
OPTSTK,HDFCBANK,30-Jun-2022,1580.0,CE,0.0,0.0,0.0,56.5,31.05,0,0.0,0,0,18-APR-2022,
OPTSTK,HDFCBANK,30-Jun-2022,1600.0,CE,27.25,27.25,17.7,21.0,27.1,57,508.31,68200,23100,18-APR-2022,
OPTSTK,HDFCBANK,30-Jun-2022,1620.0,CE,0.0,0.0,0.0,44.9,23.65,0,0.0,0,0,18-APR-2022,
OPTSTK,HDFCBANK,30-Jun-2022,1640.0,CE,0.0,0.0,0.0,39.95,20.55,0,0.0,0,0,18-APR-2022,
OPTSTK,HDFCBANK,30-Jun-2022,1660.0,CE,0.0,0.0,0.0,35.4,17.85,0,0.0,0,0,18-APR-2022,
OPTSTK,HDFCBANK,30-Jun-2022,1680.0,CE,0.0,0.0,0.0,31.25,15.45,0,0.0,0,0,18-APR-2022,
OPTSTK,HDFCBANK,30-Jun-2022,1700.0,CE,13.85,13.85,10.1,10.5,13.35,15,141.21,29700,1100,18-APR-2022,
OPTSTK,HDFCBANK,30-Jun-2022,1720.0,CE,0.0,0.0,0.0,24.25,11.5,0,0.0,0,0,18-APR-2022,
OPTSTK,HDFCBANK,30-Jun-2022,1740.0,CE,0.0,0.0,0.0,21.3,9.85,0,0.0,0,0,18-APR-2022,
OPTSTK,HDFCBANK,30-Jun-2022,1760.0,CE,0.0,0.0,0.0,18.65,8.45,0,0.0,0,0,18-APR-2022,
OPTSTK,HDFCBANK,30-Jun-2022,1780.0,CE,0.0,0.0,0.0,16.3,7.25,0,0.0,0,0,18-APR-2022,
OPTSTK,HDFCBANK,30-Jun-2022,1800.0,CE,0.0,0.0,0.0,14.2,6.2,0,0.0,0,0,18-APR-2022,
OPTSTK,HDFCBANK,30-Jun-2022,1820.0,CE,0.0,0.0,0.0,12.35,5.25,0,0.0,0,0,18-APR-2022,
OPTSTK,HDFCBANK,30-Jun-2022,1840.0,CE,0.0,0.0,0.0,10.75,4.45,0,0.0,0,0,18-APR-2022,
OPTSTK,HDFCBANK,30-Jun-2022,1860.0,CE,0.0,0.0,0.0,9.3,3.8,0,0.0,0,0,18-APR-2022,
OPTSTK,HDFCBANK,30-Jun-2022,1880.0,CE,0.0,0.0,0.0,8.05,3.2,0,0.0,0,0,18-APR-2022,
OPTSTK,HDFCBANK,30-Jun-2022,1900.0,CE,0.0,0.0,0.0,6.95,2.7,0,0.0,0,0,18-APR-2022,
OPTSTK,HDFCBANK,30-Jun-2022,1920.0,CE,0.0,0.0,0.0,6.0,2.3,0,0.0,0,0,18-APR-2022,
OPTSTK,HDFCBANK,30-Jun-2022,1940.0,CE,0.0,0.0,0.0,5.15,1.95,0,0.0,0,0,18-APR-2022,
OPTSTK,HDFCBANK,30-Jun-2022,1960.0,CE,0.0,0.0,0.0,4.4,1.6,0,0.0,0,0,18-APR-2022,
OPTSTK,HDFCBANK,30-Jun-2022,1080.0,PE,0.0,0.0,0.0,1.65,3.6,0,0.0,0,0,18-APR-2022,
OPTSTK,HDFCBANK,30-Jun-2022,1100.0,PE,0.0,0.0,0.0,2.25,4.8,0,0.0,0,0,18-APR-2022,
OPTSTK,HDFCBANK,30-Jun-2022,1120.0,PE,0.0,0.0,0.0,3.05,6.3,0,0.0,0,0,18-APR-2022,
OPTSTK,HDFCBANK,30-Jun-2022,1140.0,PE,0.0,0.0,0.0,4.05,8.15,0,0.0,0,0,18-APR-2022,
OPTSTK,HDFCBANK,30-Jun-2022,1160.0,PE,0.0,0.0,0.0,5.3,10.4,0,0.0,0,0,18-APR-2022,
OPTSTK,HDFCBANK,30-Jun-2022,1180.0,PE,0.0,0.0,0.0,6.8,13.1,0,0.0,0,0,18-APR-2022,
OPTSTK,HDFCBANK,30-Jun-2022,1200.0,PE,7.95,9.85,7.95,9.85,16.3,2,13.29,1100,1100,18-APR-2022,
OPTSTK,HDFCBANK,30-Jun-2022,1220.0,PE,0.0,0.0,0.0,10.9,20.0,0,0.0,0,0,18-APR-2022,
OPTSTK,HDFCBANK,30-Jun-2022,1240.0,PE,0.0,0.0,0.0,13.55,24.3,0,0.0,0,0,18-APR-2022,
OPTSTK,HDFCBANK,30-Jun-2022,1260.0,PE,0.0,0.0,0.0,16.65,29.3,0,0.0,0,0,18-APR-2022,
OPTSTK,HDFCBANK,30-Jun-2022,1280.0,PE,0.0,0.0,0.0,20.2,34.85,0,0.0,0,0,18-APR-2022,
OPTSTK,HDFCBANK,30-Jun-2022,1300.0,PE,15.0,26.9,15.0,25.15,25.15,35,254.51,23100,17050,18-APR-2022,
OPTSTK,HDFCBANK,30-Jun-2022,1320.0,PE,0.0,0.0,0.0,29.05,48.05,0,0.0,0,0,18-APR-2022,
OPTSTK,HDFCBANK,30-Jun-2022,1340.0,PE,0.0,0.0,0.0,34.35,55.75,0,0.0,0,0,18-APR-2022,
OPTSTK,HDFCBANK,30-Jun-2022,1360.0,PE,0.0,0.0,0.0,40.25,64.2,0,0.0,0,0,18-APR-2022,
OPTSTK,HDFCBANK,30-Jun-2022,1380.0,PE,0.0,0.0,0.0,13.5,73.4,0,0.0,550,0,18-APR-2022,
OPTSTK,HDFCBANK,30-Jun-2022,1400.0,PE,48.9,65.0,47.0,63.75,63.75,122,977.16,72050,29700,18-APR-2022,
OPTSTK,HDFCBANK,30-Jun-2022,1420.0,PE,0.0,0.0,0.0,62.0,93.9,0,0.0,0,0,18-APR-2022,
OPTSTK,HDFCBANK,30-Jun-2022,1440.0,PE,0.0,0.0,0.0,70.6,105.25,0,0.0,0,0,18-APR-2022,
OPTSTK,HDFCBANK,30-Jun-2022,1460.0,PE,0.0,0.0,0.0,79.9,117.25,0,0.0,0,0,18-APR-2022,
OPTSTK,HDFCBANK,30-Jun-2022,1480.0,PE,0.0,0.0,0.0,89.9,129.95,0,0.0,0,0,18-APR-2022,
OPTSTK,HDFCBANK,30-Jun-2022,1500.0,PE,94.95,129.0,94.95,126.3,126.3,46,407.68,149600,5500,18-APR-2022,
OPTSTK,HDFCBANK,30-Jun-2022,1520.0,PE,0.0,0.0,0.0,111.85,157.15,0,0.0,0,0,18-APR-2022,
OPTSTK,HDFCBANK,30-Jun-2022,1540.0,PE,0.0,0.0,0.0,123.8,171.6,0,0.0,0,0,18-APR-2022,
OPTSTK,HDFCBANK,30-Jun-2022,1560.0,PE,0.0,0.0,0.0,136.35,186.7,0,0.0,0,0,18-APR-2022,
OPTSTK,HDFCBANK,30-Jun-2022,1580.0,PE,0.0,0.0,0.0,149.55,202.2,0,0.0,0,0,18-APR-2022,
OPTSTK,HDFCBANK,30-Jun-2022,1600.0,PE,180.0,210.0,180.0,205.0,218.1,4,39.51,40700,1100,18-APR-2022,
OPTSTK,HDFCBANK,30-Jun-2022,1620.0,PE,0.0,0.0,0.0,177.5,234.5,0,0.0,0,0,18-APR-2022,
OPTSTK,HDFCBANK,30-Jun-2022,1640.0,PE,0.0,0.0,0.0,192.35,251.25,0,0.0,0,0,18-APR-2022,
OPTSTK,HDFCBANK,30-Jun-2022,1660.0,PE,0.0,0.0,0.0,207.6,268.35,0,0.0,0,0,18-APR-2022,
OPTSTK,HDFCBANK,30-Jun-2022,1680.0,PE,0.0,0.0,0.0,223.25,285.8,0,0.0,0,0,18-APR-2022,
OPTSTK,HDFCBANK,30-Jun-2022,1700.0,PE,0.0,0.0,0.0,239.35,303.5,0,0.0,0,0,18-APR-2022,
OPTSTK,HDFCBANK,30-Jun-2022,1720.0,PE,0.0,0.0,0.0,255.8,321.5,0,0.0,0,0,18-APR-2022,
OPTSTK,HDFCBANK,30-Jun-2022,1740.0,PE,0.0,0.0,0.0,272.65,339.7,0,0.0,0,0,18-APR-2022,
OPTSTK,HDFCBANK,30-Jun-2022,1760.0,PE,0.0,0.0,0.0,289.8,358.1,0,0.0,0,0,18-APR-2022,
OPTSTK,HDFCBANK,30-Jun-2022,1780.0,PE,0.0,0.0,0.0,307.2,376.7,0,0.0,0,0,18-APR-2022,
OPTSTK,HDFCBANK,30-Jun-2022,1800.0,PE,0.0,0.0,0.0,324.95,395.5,0,0.0,0,0,18-APR-2022,
OPTSTK,HDFCBANK,30-Jun-2022,1820.0,PE,0.0,0.0,0.0,342.85,414.4,0,0.0,0,0,18-APR-2022,
OPTSTK,HDFCBANK,30-Jun-2022,1840.0,PE,0.0,0.0,0.0,361.05,433.45,0,0.0,0,0,18-APR-2022,
OPTSTK,HDFCBANK,30-Jun-2022,1860.0,PE,0.0,0.0,0.0,379.4,452.6,0,0.0,0,0,18-APR-2022,
OPTSTK,HDFCBANK,30-Jun-2022,1880.0,PE,0.0,0.0,0.0,397.95,471.85,0,0.0,0,0,18-APR-2022,
OPTSTK,HDFCBANK,30-Jun-2022,1900.0,PE,0.0,0.0,0.0,416.6,491.2,0,0.0,0,0,18-APR-2022,
OPTSTK,HDFCBANK,30-Jun-2022,1920.0,PE,0.0,0.0,0.0,435.45,510.6,0,0.0,0,0,18-APR-2022,
OPTSTK,HDFCBANK,30-Jun-2022,1940.0,PE,0.0,0.0,0.0,454.4,530.05,0,0.0,0,0,18-APR-2022,
OPTSTK,HDFCBANK,30-Jun-2022,1960.0,PE,0.0,0.0,0.0,473.45,549.6,0,0.0,0,0,18-APR-2022,
OPTSTK,HDFCLIFE,28-Apr-2022,405.0,CE,0.0,0.0,0.0,202.1,169.8,0,0.0,0,0,18-APR-2022,
OPTSTK,HDFCLIFE,28-Apr-2022,410.0,CE,0.0,0.0,0.0,197.2,164.8,0,0.0,0,0,18-APR-2022,
OPTSTK,HDFCLIFE,28-Apr-2022,415.0,CE,0.0,0.0,0.0,192.25,159.8,0,0.0,0,0,18-APR-2022,
OPTSTK,HDFCLIFE,28-Apr-2022,420.0,CE,0.0,0.0,0.0,206.1,154.8,0,0.0,0,0,18-APR-2022,
OPTSTK,HDFCLIFE,28-Apr-2022,425.0,CE,0.0,0.0,0.0,201.2,149.8,0,0.0,0,0,18-APR-2022,
OPTSTK,HDFCLIFE,28-Apr-2022,430.0,CE,0.0,0.0,0.0,196.35,144.8,0,0.0,0,0,18-APR-2022,
OPTSTK,HDFCLIFE,28-Apr-2022,435.0,CE,0.0,0.0,0.0,191.45,139.8,0,0.0,0,0,18-APR-2022,
OPTSTK,HDFCLIFE,28-Apr-2022,440.0,CE,0.0,0.0,0.0,186.6,134.8,0,0.0,0,0,18-APR-2022,
OPTSTK,HDFCLIFE,28-Apr-2022,445.0,CE,0.0,0.0,0.0,181.75,129.8,0,0.0,0,0,18-APR-2022,
OPTSTK,HDFCLIFE,28-Apr-2022,450.0,CE,0.0,0.0,0.0,66.6,124.85,0,0.0,1100,0,18-APR-2022,
OPTSTK,HDFCLIFE,28-Apr-2022,455.0,CE,0.0,0.0,0.0,172.15,119.85,0,0.0,0,0,18-APR-2022,
OPTSTK,HDFCLIFE,28-Apr-2022,460.0,CE,0.0,0.0,0.0,167.35,114.85,0,0.0,0,0,18-APR-2022,
OPTSTK,HDFCLIFE,28-Apr-2022,465.0,CE,0.0,0.0,0.0,162.6,109.85,0,0.0,0,0,18-APR-2022,
OPTSTK,HDFCLIFE,28-Apr-2022,470.0,CE,0.0,0.0,0.0,157.85,104.85,0,0.0,0,0,18-APR-2022,
OPTSTK,HDFCLIFE,28-Apr-2022,475.0,CE,0.0,0.0,0.0,153.2,99.85,0,0.0,0,0,18-APR-2022,
OPTSTK,HDFCLIFE,28-Apr-2022,480.0,CE,0.0,0.0,0.0,148.55,94.85,0,0.0,0,0,18-APR-2022,
OPTSTK,HDFCLIFE,28-Apr-2022,485.0,CE,0.0,0.0,0.0,143.9,89.9,0,0.0,0,0,18-APR-2022,
OPTSTK,HDFCLIFE,28-Apr-2022,490.0,CE,0.0,0.0,0.0,139.35,84.9,0,0.0,0,0,18-APR-2022,
OPTSTK,HDFCLIFE,28-Apr-2022,495.0,CE,0.0,0.0,0.0,134.8,79.95,0,0.0,0,0,18-APR-2022,
OPTSTK,HDFCLIFE,28-Apr-2022,500.0,CE,63.25,76.9,63.25,73.0,75.0,10,62.78,44000,1100,18-APR-2022,
OPTSTK,HDFCLIFE,28-Apr-2022,505.0,CE,0.0,0.0,0.0,125.9,70.1,0,0.0,0,0,18-APR-2022,
OPTSTK,HDFCLIFE,28-Apr-2022,510.0,CE,0.0,0.0,0.0,58.5,65.2,0,0.0,19800,0,18-APR-2022,
OPTSTK,HDFCLIFE,28-Apr-2022,515.0,CE,0.0,0.0,0.0,59.9,60.35,0,0.0,29700,0,18-APR-2022,
OPTSTK,HDFCLIFE,28-Apr-2022,520.0,CE,45.0,56.55,45.0,56.55,56.55,11,69.19,113300,-2200,18-APR-2022,
OPTSTK,HDFCLIFE,28-Apr-2022,525.0,CE,43.4,50.0,43.4,50.0,50.9,2,12.57,38500,1100,18-APR-2022,
OPTSTK,HDFCLIFE,28-Apr-2022,530.0,CE,35.25,47.75,35.25,47.3,47.3,7,44.11,104500,-2200,18-APR-2022,
OPTSTK,HDFCLIFE,28-Apr-2022,535.0,CE,32.45,42.0,32.45,42.0,41.9,2,12.58,48400,-1100,18-APR-2022,
OPTSTK,HDFCLIFE,28-Apr-2022,540.0,CE,23.05,40.45,22.5,38.0,38.0,40,253.02,310200,-15400,18-APR-2022,
OPTSTK,HDFCLIFE,28-Apr-2022,545.0,CE,25.15,35.4,25.15,32.35,33.5,6,38.08,66000,2200,18-APR-2022,
OPTSTK,HDFCLIFE,28-Apr-2022,550.0,CE,14.9,32.0,14.9,29.8,29.8,206,1305.98,245300,-37400,18-APR-2022,
OPTSTK,HDFCLIFE,28-Apr-2022,555.0,CE,18.0,25.6,18.0,25.05,25.05,21,133.88,56100,-9900,18-APR-2022,
OPTSTK,HDFCLIFE,28-Apr-2022,560.0,CE,15.5,24.6,11.2,22.35,22.35,667,4250.86,279400,-84700,18-APR-2022,
OPTSTK,HDFCLIFE,28-Apr-2022,565.0,CE,5.05,21.25,5.05,19.35,19.35,419,2679.8,86900,-26400,18-APR-2022,
OPTSTK,HDFCLIFE,28-Apr-2022,570.0,CE,8.4,18.85,7.25,16.25,16.25,3919,25215.4,539000,-147400,18-APR-2022,
OPTSTK,HDFCLIFE,28-Apr-2022,575.0,CE,5.5,15.9,5.15,13.75,13.75,977,6319.08,203500,59400,18-APR-2022,
OPTSTK,HDFCLIFE,28-Apr-2022,580.0,CE,7.0,13.85,4.6,11.6,11.6,4612,30009.02,1245200,525800,18-APR-2022,
OPTSTK,HDFCLIFE,28-Apr-2022,585.0,CE,6.6,11.5,5.95,9.55,9.55,507,3313.43,184800,79200,18-APR-2022,
OPTSTK,HDFCLIFE,28-Apr-2022,590.0,CE,4.55,9.5,3.2,7.85,7.85,1254,8238.0,700700,62700,18-APR-2022,
OPTSTK,HDFCLIFE,28-Apr-2022,595.0,CE,2.0,7.8,2.0,6.45,6.45,324,2140.99,68200,-31900,18-APR-2022,
OPTSTK,HDFCLIFE,28-Apr-2022,600.0,CE,3.5,6.5,2.05,5.25,5.25,1975,13139.13,1977800,-150700,18-APR-2022,
OPTSTK,HDFCLIFE,28-Apr-2022,605.0,CE,3.2,5.35,3.15,4.15,4.15,25,167.53,36300,-4400,18-APR-2022,
OPTSTK,HDFCLIFE,28-Apr-2022,610.0,CE,1.4,4.5,1.4,3.65,3.65,406,2738.72,338800,-40700,18-APR-2022,
OPTSTK,HDFCLIFE,28-Apr-2022,615.0,CE,1.7,3.65,1.7,3.0,2.45,33,224.19,97900,2200,18-APR-2022,
OPTSTK,HDFCLIFE,28-Apr-2022,620.0,CE,1.1,3.15,1.1,2.55,2.55,452,3094.02,456500,-34100,18-APR-2022,
OPTSTK,HDFCLIFE,28-Apr-2022,625.0,CE,1.2,1.2,1.2,1.2,1.45,1,6.88,16500,1100,18-APR-2022,
OPTSTK,HDFCLIFE,28-Apr-2022,630.0,CE,0.85,2.15,0.85,1.8,1.8,341,2369.17,272800,4400,18-APR-2022,
OPTSTK,HDFCLIFE,28-Apr-2022,635.0,CE,0.9,1.65,0.85,1.55,0.8,30,209.93,22000,3300,18-APR-2022,
OPTSTK,HDFCLIFE,28-Apr-2022,640.0,CE,0.6,1.6,0.6,1.3,1.3,276,1946.53,184800,-2200,18-APR-2022,
OPTSTK,HDFCLIFE,28-Apr-2022,645.0,CE,0.6,1.1,0.6,1.05,0.45,7,49.73,22000,-4400,18-APR-2022,
OPTSTK,HDFCLIFE,28-Apr-2022,650.0,CE,0.6,1.2,0.45,0.95,0.95,485,3472.09,584100,-17600,18-APR-2022,
OPTSTK,HDFCLIFE,28-Apr-2022,655.0,CE,0.0,0.0,0.0,30.0,0.25,0,0.0,0,0,18-APR-2022,
OPTSTK,HDFCLIFE,28-Apr-2022,660.0,CE,0.35,0.95,0.3,0.7,0.7,212,1540.54,63800,-7700,18-APR-2022,
OPTSTK,HDFCLIFE,28-Apr-2022,665.0,CE,0.0,0.0,0.0,26.55,0.1,0,0.0,0,0,18-APR-2022,
OPTSTK,HDFCLIFE,28-Apr-2022,670.0,CE,0.1,0.75,0.1,0.75,0.75,29,213.89,49500,8800,18-APR-2022,
OPTSTK,HDFCLIFE,28-Apr-2022,675.0,CE,0.0,0.0,0.0,23.4,0.05,0,0.0,0,0,18-APR-2022,
OPTSTK,HDFCLIFE,28-Apr-2022,680.0,CE,0.2,0.6,0.15,0.4,0.4,42,314.33,148500,-7700,18-APR-2022,
OPTSTK,HDFCLIFE,28-Apr-2022,685.0,CE,0.0,0.0,0.0,20.55,0.05,0,0.0,0,0,18-APR-2022,
OPTSTK,HDFCLIFE,28-Apr-2022,690.0,CE,0.1,0.5,0.1,0.3,0.05,10,75.92,51700,5500,18-APR-2022,
OPTSTK,HDFCLIFE,28-Apr-2022,695.0,CE,0.0,0.0,0.0,18.0,0.05,0,0.0,0,0,18-APR-2022,
OPTSTK,HDFCLIFE,28-Apr-2022,700.0,CE,0.4,0.5,0.2,0.35,0.35,208,1602.41,903100,-26400,18-APR-2022,
OPTSTK,HDFCLIFE,28-Apr-2022,705.0,CE,0.0,0.0,0.0,15.75,0.0,0,0.0,0,0,18-APR-2022,
OPTSTK,HDFCLIFE,28-Apr-2022,710.0,CE,0.0,0.0,0.0,0.2,0.0,0,0.0,3300,0,18-APR-2022,
OPTSTK,HDFCLIFE,28-Apr-2022,715.0,CE,0.0,0.0,0.0,13.7,0.0,0,0.0,0,0,18-APR-2022,
OPTSTK,HDFCLIFE,28-Apr-2022,720.0,CE,0.15,0.3,0.15,0.3,0.3,2,15.84,7700,-2200,18-APR-2022,
OPTSTK,HDFCLIFE,28-Apr-2022,725.0,CE,0.0,0.0,0.0,11.9,0.0,0,0.0,0,0,18-APR-2022,
OPTSTK,HDFCLIFE,28-Apr-2022,730.0,CE,0.0,0.0,0.0,11.05,0.0,0,0.0,0,0,18-APR-2022,
OPTSTK,HDFCLIFE,28-Apr-2022,735.0,CE,0.0,0.0,0.0,10.3,0.0,0,0.0,0,0,18-APR-2022,
OPTSTK,HDFCLIFE,28-Apr-2022,740.0,CE,0.0,0.0,0.0,9.55,0.0,0,0.0,0,0,18-APR-2022,
OPTSTK,HDFCLIFE,28-Apr-2022,745.0,CE,0.0,0.0,0.0,8.9,0.0,0,0.0,0,0,18-APR-2022,
OPTSTK,HDFCLIFE,28-Apr-2022,750.0,CE,0.1,0.1,0.1,0.1,0.0,3,24.75,6600,-3300,18-APR-2022,
OPTSTK,HDFCLIFE,28-Apr-2022,755.0,CE,0.0,0.0,0.0,7.65,0.0,0,0.0,0,0,18-APR-2022,
OPTSTK,HDFCLIFE,28-Apr-2022,760.0,CE,0.0,0.0,0.0,7.1,0.0,0,0.0,0,0,18-APR-2022,
OPTSTK,HDFCLIFE,28-Apr-2022,765.0,CE,0.0,0.0,0.0,6.55,0.0,0,0.0,0,0,18-APR-2022,
OPTSTK,HDFCLIFE,28-Apr-2022,770.0,CE,0.0,0.0,0.0,6.1,0.0,0,0.0,0,0,18-APR-2022,
OPTSTK,HDFCLIFE,28-Apr-2022,775.0,CE,0.0,0.0,0.0,5.6,0.0,0,0.0,0,0,18-APR-2022,
OPTSTK,HDFCLIFE,28-Apr-2022,780.0,CE,0.0,0.0,0.0,5.2,0.0,0,0.0,0,0,18-APR-2022,
OPTSTK,HDFCLIFE,28-Apr-2022,785.0,CE,0.0,0.0,0.0,4.8,0.0,0,0.0,0,0,18-APR-2022,
OPTSTK,HDFCLIFE,28-Apr-2022,790.0,CE,0.0,0.0,0.0,4.45,0.0,0,0.0,0,0,18-APR-2022,
OPTSTK,HDFCLIFE,28-Apr-2022,795.0,CE,0.0,0.0,0.0,4.1,0.0,0,0.0,0,0,18-APR-2022,
OPTSTK,HDFCLIFE,28-Apr-2022,800.0,CE,0.0,0.0,0.0,0.15,0.0,0,0.0,25300,0,18-APR-2022,
OPTSTK,HDFCLIFE,28-Apr-2022,805.0,CE,0.0,0.0,0.0,3.5,0.0,0,0.0,0,0,18-APR-2022,
OPTSTK,HDFCLIFE,28-Apr-2022,810.0,CE,0.0,0.0,0.0,3.2,0.0,0,0.0,0,0,18-APR-2022,
OPTSTK,HDFCLIFE,28-Apr-2022,815.0,CE,0.0,0.0,0.0,2.95,0.0,0,0.0,0,0,18-APR-2022,
OPTSTK,HDFCLIFE,28-Apr-2022,820.0,CE,0.0,0.0,0.0,2.7,0.0,0,0.0,0,0,18-APR-2022,
OPTSTK,HDFCLIFE,28-Apr-2022,405.0,PE,0.0,0.0,0.0,0.1,0.0,0,0.0,1100,0,18-APR-2022,
OPTSTK,HDFCLIFE,28-Apr-2022,410.0,PE,0.0,0.0,0.0,0.2,0.0,0,0.0,2200,0,18-APR-2022,
OPTSTK,HDFCLIFE,28-Apr-2022,415.0,PE,0.0,0.0,0.0,0.2,0.0,0,0.0,0,0,18-APR-2022,
OPTSTK,HDFCLIFE,28-Apr-2022,420.0,PE,0.0,0.0,0.0,0.25,0.0,0,0.0,0,0,18-APR-2022,
OPTSTK,HDFCLIFE,28-Apr-2022,425.0,PE,0.0,0.0,0.0,0.3,0.0,0,0.0,0,0,18-APR-2022,
OPTSTK,HDFCLIFE,28-Apr-2022,430.0,PE,0.0,0.0,0.0,0.35,0.0,0,0.0,0,0,18-APR-2022,
OPTSTK,HDFCLIFE,28-Apr-2022,435.0,PE,0.0,0.0,0.0,0.45,0.0,0,0.0,0,0,18-APR-2022,
OPTSTK,HDFCLIFE,28-Apr-2022,440.0,PE,0.0,0.0,0.0,0.3,0.0,0,0.0,2200,0,18-APR-2022,
OPTSTK,HDFCLIFE,28-Apr-2022,445.0,PE,0.0,0.0,0.0,0.6,0.0,0,0.0,0,0,18-APR-2022,
OPTSTK,HDFCLIFE,28-Apr-2022,450.0,PE,0.45,0.45,0.35,0.35,0.0,3,14.86,139700,0,18-APR-2022,
OPTSTK,HDFCLIFE,28-Apr-2022,455.0,PE,0.0,0.0,0.0,0.9,0.0,0,0.0,0,0,18-APR-2022,
OPTSTK,HDFCLIFE,28-Apr-2022,460.0,PE,0.4,0.4,0.4,0.4,0.0,2,10.12,31900,-2200,18-APR-2022,
OPTSTK,HDFCLIFE,28-Apr-2022,465.0,PE,0.0,0.0,0.0,1.25,0.0,0,0.0,0,0,18-APR-2022,
OPTSTK,HDFCLIFE,28-Apr-2022,470.0,PE,0.5,0.5,0.2,0.2,0.0,29,150.07,41800,13200,18-APR-2022,
OPTSTK,HDFCLIFE,28-Apr-2022,475.0,PE,0.0,0.0,0.0,1.75,0.05,0,0.0,0,0,18-APR-2022,
OPTSTK,HDFCLIFE,28-Apr-2022,480.0,PE,0.6,0.6,0.35,0.4,0.05,48,253.68,181500,9900,18-APR-2022,
OPTSTK,HDFCLIFE,28-Apr-2022,485.0,PE,0.0,0.0,0.0,1.3,0.05,0,0.0,15400,0,18-APR-2022,
OPTSTK,HDFCLIFE,28-Apr-2022,490.0,PE,0.9,0.9,0.45,0.45,0.45,53,286.04,82500,5500,18-APR-2022,
OPTSTK,HDFCLIFE,28-Apr-2022,495.0,PE,0.0,0.0,0.0,1.8,0.1,0,0.0,11000,0,18-APR-2022,
OPTSTK,HDFCLIFE,28-Apr-2022,500.0,PE,1.2,1.2,0.65,0.7,0.7,231,1272.64,532400,1100,18-APR-2022,
OPTSTK,HDFCLIFE,28-Apr-2022,505.0,PE,0.8,0.8,0.8,0.8,0.2,1,5.56,31900,0,18-APR-2022,
OPTSTK,HDFCLIFE,28-Apr-2022,510.0,PE,1.0,1.3,0.9,0.9,0.9,44,247.34,177100,2200,18-APR-2022,
OPTSTK,HDFCLIFE,28-Apr-2022,515.0,PE,1.1,1.2,0.95,1.1,0.5,22,124.88,35200,4400,18-APR-2022,
OPTSTK,HDFCLIFE,28-Apr-2022,520.0,PE,2.15,3.2,1.05,1.25,1.25,214,1227.64,220000,-31900,18-APR-2022,
OPTSTK,HDFCLIFE,28-Apr-2022,525.0,PE,2.05,2.1,1.35,1.6,1.0,60,347.67,81400,-8800,18-APR-2022,
OPTSTK,HDFCLIFE,28-Apr-2022,530.0,PE,3.0,3.0,1.55,1.85,1.85,306,1791.07,200200,-13200,18-APR-2022,
OPTSTK,HDFCLIFE,28-Apr-2022,535.0,PE,3.75,3.75,1.95,2.3,2.3,64,378.45,60500,-7700,18-APR-2022,
OPTSTK,HDFCLIFE,28-Apr-2022,540.0,PE,5.55,5.55,2.35,2.85,2.85,422,2521.34,350900,13200,18-APR-2022,
OPTSTK,HDFCLIFE,28-Apr-2022,545.0,PE,6.5,6.5,3.1,3.4,3.4,118,712.41,62700,0,18-APR-2022,
OPTSTK,HDFCLIFE,28-Apr-2022,550.0,PE,8.55,9.05,3.9,4.35,4.35,737,4502.13,468600,-127600,18-APR-2022,
OPTSTK,HDFCLIFE,28-Apr-2022,555.0,PE,10.5,10.5,5.05,5.5,5.5,201,1240.94,85800,16500,18-APR-2022,
OPTSTK,HDFCLIFE,28-Apr-2022,560.0,PE,12.4,15.0,6.55,6.85,6.85,667,4171.54,341000,57200,18-APR-2022,
OPTSTK,HDFCLIFE,28-Apr-2022,565.0,PE,13.05,13.05,8.4,8.75,8.75,309,1954.75,63800,-6600,18-APR-2022,
OPTSTK,HDFCLIFE,28-Apr-2022,570.0,PE,19.95,19.95,10.2,11.0,11.0,648,4151.73,237600,14300,18-APR-2022,
OPTSTK,HDFCLIFE,28-Apr-2022,575.0,PE,18.15,18.8,12.8,13.3,13.3,113,732.92,36300,6600,18-APR-2022,
OPTSTK,HDFCLIFE,28-Apr-2022,580.0,PE,25.75,26.05,15.5,16.25,16.25,200,1314.91,162800,4400,18-APR-2022,
OPTSTK,HDFCLIFE,28-Apr-2022,585.0,PE,26.9,26.9,17.85,19.5,19.5,28,186.37,22000,0,18-APR-2022,
OPTSTK,HDFCLIFE,28-Apr-2022,590.0,PE,25.85,25.85,22.0,22.0,22.9,4,26.97,39600,1100,18-APR-2022,
OPTSTK,HDFCLIFE,28-Apr-2022,595.0,PE,34.2,34.2,34.2,34.2,26.4,1,6.92,11000,1100,18-APR-2022,
OPTSTK,HDFCLIFE,28-Apr-2022,600.0,PE,43.3,43.3,29.0,31.25,31.25,15,104.63,289300,-8800,18-APR-2022,
OPTSTK,HDFCLIFE,28-Apr-2022,605.0,PE,0.0,0.0,0.0,30.0,34.05,0,0.0,0,0,18-APR-2022,
OPTSTK,HDFCLIFE,28-Apr-2022,610.0,PE,0.0,0.0,0.0,41.5,38.2,0,0.0,2200,0,18-APR-2022,
OPTSTK,HDFCLIFE,28-Apr-2022,615.0,PE,0.0,0.0,0.0,34.55,42.45,0,0.0,0,0,18-APR-2022,
OPTSTK,HDFCLIFE,28-Apr-2022,620.0,PE,49.0,49.0,49.0,49.0,46.9,1,7.35,17600,-1100,18-APR-2022,
OPTSTK,HDFCLIFE,28-Apr-2022,625.0,PE,0.0,0.0,0.0,39.55,51.45,0,0.0,0,0,18-APR-2022,
OPTSTK,HDFCLIFE,28-Apr-2022,630.0,PE,0.0,0.0,0.0,110.0,56.05,0,0.0,1100,0,18-APR-2022,
OPTSTK,HDFCLIFE,28-Apr-2022,635.0,PE,0.0,0.0,0.0,44.9,60.8,0,0.0,0,0,18-APR-2022,
OPTSTK,HDFCLIFE,28-Apr-2022,640.0,PE,0.0,0.0,0.0,94.0,65.6,0,0.0,1100,0,18-APR-2022,
OPTSTK,HDFCLIFE,28-Apr-2022,645.0,PE,0.0,0.0,0.0,50.6,70.4,0,0.0,0,0,18-APR-2022,
OPTSTK,HDFCLIFE,28-Apr-2022,650.0,PE,75.5,75.5,75.5,75.5,75.3,1,7.98,117700,-1100,18-APR-2022,
OPTSTK,HDFCLIFE,28-Apr-2022,655.0,PE,0.0,0.0,0.0,56.7,80.2,0,0.0,0,0,18-APR-2022,
OPTSTK,HDFCLIFE,28-Apr-2022,660.0,PE,0.0,0.0,0.0,59.85,85.15,0,0.0,0,0,18-APR-2022,
OPTSTK,HDFCLIFE,28-Apr-2022,665.0,PE,0.0,0.0,0.0,63.1,90.1,0,0.0,0,0,18-APR-2022,
OPTSTK,HDFCLIFE,28-Apr-2022,670.0,PE,0.0,0.0,0.0,128.0,95.05,0,0.0,5500,0,18-APR-2022,
OPTSTK,HDFCLIFE,28-Apr-2022,675.0,PE,0.0,0.0,0.0,69.85,100.0,0,0.0,0,0,18-APR-2022,
OPTSTK,HDFCLIFE,28-Apr-2022,680.0,PE,0.0,0.0,0.0,141.0,105.0,0,0.0,4400,0,18-APR-2022,
OPTSTK,HDFCLIFE,28-Apr-2022,685.0,PE,0.0,0.0,0.0,76.9,109.95,0,0.0,0,0,18-APR-2022,
OPTSTK,HDFCLIFE,28-Apr-2022,690.0,PE,0.0,0.0,0.0,141.0,114.95,0,0.0,1100,0,18-APR-2022,
OPTSTK,HDFCLIFE,28-Apr-2022,695.0,PE,0.0,0.0,0.0,84.25,119.95,0,0.0,0,0,18-APR-2022,
OPTSTK,HDFCLIFE,28-Apr-2022,700.0,PE,0.0,0.0,0.0,133.0,124.95,0,0.0,129800,0,18-APR-2022,
OPTSTK,HDFCLIFE,28-Apr-2022,705.0,PE,0.0,0.0,0.0,91.9,129.95,0,0.0,0,0,18-APR-2022,
OPTSTK,HDFCLIFE,28-Apr-2022,710.0,PE,0.0,0.0,0.0,95.8,134.9,0,0.0,0,0,18-APR-2022,
OPTSTK,HDFCLIFE,28-Apr-2022,715.0,PE,0.0,0.0,0.0,99.75,139.9,0,0.0,0,0,18-APR-2022,
OPTSTK,HDFCLIFE,28-Apr-2022,720.0,PE,0.0,0.0,0.0,175.0,144.9,0,0.0,2200,0,18-APR-2022,
OPTSTK,HDFCLIFE,28-Apr-2022,725.0,PE,0.0,0.0,0.0,107.85,149.9,0,0.0,0,0,18-APR-2022,
OPTSTK,HDFCLIFE,28-Apr-2022,730.0,PE,0.0,0.0,0.0,111.95,154.9,0,0.0,0,0,18-APR-2022,
OPTSTK,HDFCLIFE,28-Apr-2022,735.0,PE,0.0,0.0,0.0,116.15,159.9,0,0.0,0,0,18-APR-2022,
OPTSTK,HDFCLIFE,28-Apr-2022,740.0,PE,0.0,0.0,0.0,120.35,164.9,0,0.0,0,0,18-APR-2022,
OPTSTK,HDFCLIFE,28-Apr-2022,745.0,PE,0.0,0.0,0.0,124.6,169.9,0,0.0,0,0,18-APR-2022,
OPTSTK,HDFCLIFE,28-Apr-2022,750.0,PE,0.0,0.0,0.0,210.0,174.9,0,0.0,1100,0,18-APR-2022,
OPTSTK,HDFCLIFE,28-Apr-2022,755.0,PE,0.0,0.0,0.0,133.3,179.85,0,0.0,0,0,18-APR-2022,
OPTSTK,HDFCLIFE,28-Apr-2022,760.0,PE,0.0,0.0,0.0,137.65,184.85,0,0.0,0,0,18-APR-2022,
OPTSTK,HDFCLIFE,28-Apr-2022,765.0,PE,0.0,0.0,0.0,142.1,189.85,0,0.0,0,0,18-APR-2022,
OPTSTK,HDFCLIFE,28-Apr-2022,770.0,PE,0.0,0.0,0.0,146.55,194.85,0,0.0,0,0,18-APR-2022,
OPTSTK,HDFCLIFE,28-Apr-2022,775.0,PE,0.0,0.0,0.0,151.05,199.85,0,0.0,0,0,18-APR-2022,
OPTSTK,HDFCLIFE,28-Apr-2022,780.0,PE,0.0,0.0,0.0,155.55,204.85,0,0.0,0,0,18-APR-2022,
OPTSTK,HDFCLIFE,28-Apr-2022,785.0,PE,0.0,0.0,0.0,160.15,209.85,0,0.0,0,0,18-APR-2022,
OPTSTK,HDFCLIFE,28-Apr-2022,790.0,PE,0.0,0.0,0.0,164.7,214.85,0,0.0,0,0,18-APR-2022,
OPTSTK,HDFCLIFE,28-Apr-2022,795.0,PE,0.0,0.0,0.0,169.3,219.85,0,0.0,0,0,18-APR-2022,
OPTSTK,HDFCLIFE,28-Apr-2022,800.0,PE,0.0,0.0,0.0,173.95,224.8,0,0.0,0,0,18-APR-2022,
OPTSTK,HDFCLIFE,28-Apr-2022,805.0,PE,0.0,0.0,0.0,178.6,229.8,0,0.0,0,0,18-APR-2022,
OPTSTK,HDFCLIFE,28-Apr-2022,810.0,PE,0.0,0.0,0.0,183.25,234.8,0,0.0,0,0,18-APR-2022,
OPTSTK,HDFCLIFE,28-Apr-2022,815.0,PE,0.0,0.0,0.0,187.95,239.8,0,0.0,0,0,18-APR-2022,
OPTSTK,HDFCLIFE,28-Apr-2022,820.0,PE,0.0,0.0,0.0,192.7,244.8,0,0.0,0,0,18-APR-2022,
OPTSTK,HDFCLIFE,26-May-2022,405.0,CE,0.0,0.0,0.0,133.75,171.15,0,0.0,0,0,18-APR-2022,
OPTSTK,HDFCLIFE,26-May-2022,410.0,CE,0.0,0.0,0.0,129.1,166.15,0,0.0,0,0,18-APR-2022,
OPTSTK,HDFCLIFE,26-May-2022,415.0,CE,0.0,0.0,0.0,124.5,161.2,0,0.0,0,0,18-APR-2022,
OPTSTK,HDFCLIFE,26-May-2022,420.0,CE,0.0,0.0,0.0,119.95,156.25,0,0.0,0,0,18-APR-2022,
OPTSTK,HDFCLIFE,26-May-2022,425.0,CE,0.0,0.0,0.0,115.5,151.3,0,0.0,0,0,18-APR-2022,
OPTSTK,HDFCLIFE,26-May-2022,430.0,CE,0.0,0.0,0.0,111.05,146.35,0,0.0,0,0,18-APR-2022,
OPTSTK,HDFCLIFE,26-May-2022,435.0,CE,0.0,0.0,0.0,106.65,141.4,0,0.0,0,0,18-APR-2022,
OPTSTK,HDFCLIFE,26-May-2022,440.0,CE,0.0,0.0,0.0,102.35,136.5,0,0.0,0,0,18-APR-2022,
OPTSTK,HDFCLIFE,26-May-2022,445.0,CE,0.0,0.0,0.0,98.1,131.6,0,0.0,0,0,18-APR-2022,
OPTSTK,HDFCLIFE,26-May-2022,450.0,CE,0.0,0.0,0.0,93.95,126.7,0,0.0,0,0,18-APR-2022,
OPTSTK,HDFCLIFE,26-May-2022,455.0,CE,0.0,0.0,0.0,89.85,121.85,0,0.0,0,0,18-APR-2022,
OPTSTK,HDFCLIFE,26-May-2022,460.0,CE,0.0,0.0,0.0,85.9,117.0,0,0.0,0,0,18-APR-2022,
OPTSTK,HDFCLIFE,26-May-2022,465.0,CE,0.0,0.0,0.0,81.95,112.2,0,0.0,0,0,18-APR-2022,
OPTSTK,HDFCLIFE,26-May-2022,470.0,CE,0.0,0.0,0.0,78.15,107.45,0,0.0,0,0,18-APR-2022,
OPTSTK,HDFCLIFE,26-May-2022,475.0,CE,0.0,0.0,0.0,74.45,102.75,0,0.0,0,0,18-APR-2022,
OPTSTK,HDFCLIFE,26-May-2022,480.0,CE,0.0,0.0,0.0,70.8,98.05,0,0.0,0,0,18-APR-2022,
OPTSTK,HDFCLIFE,26-May-2022,485.0,CE,0.0,0.0,0.0,67.3,93.45,0,0.0,0,0,18-APR-2022,
OPTSTK,HDFCLIFE,26-May-2022,490.0,CE,0.0,0.0,0.0,63.85,88.9,0,0.0,0,0,18-APR-2022,
OPTSTK,HDFCLIFE,26-May-2022,495.0,CE,0.0,0.0,0.0,60.55,84.45,0,0.0,0,0,18-APR-2022,
OPTSTK,HDFCLIFE,26-May-2022,500.0,CE,0.0,0.0,0.0,57.35,80.05,0,0.0,0,0,18-APR-2022,
OPTSTK,HDFCLIFE,26-May-2022,505.0,CE,0.0,0.0,0.0,54.25,75.75,0,0.0,0,0,18-APR-2022,
OPTSTK,HDFCLIFE,26-May-2022,510.0,CE,0.0,0.0,0.0,51.25,71.5,0,0.0,0,0,18-APR-2022,
OPTSTK,HDFCLIFE,26-May-2022,515.0,CE,0.0,0.0,0.0,48.4,67.4,0,0.0,0,0,18-APR-2022,
OPTSTK,HDFCLIFE,26-May-2022,520.0,CE,0.0,0.0,0.0,45.6,63.4,0,0.0,0,0,18-APR-2022,
OPTSTK,HDFCLIFE,26-May-2022,525.0,CE,0.0,0.0,0.0,42.95,59.5,0,0.0,0,0,18-APR-2022,
OPTSTK,HDFCLIFE,26-May-2022,530.0,CE,0.0,0.0,0.0,40.4,55.75,0,0.0,0,0,18-APR-2022,
OPTSTK,HDFCLIFE,26-May-2022,535.0,CE,0.0,0.0,0.0,37.95,52.1,0,0.0,0,0,18-APR-2022,
OPTSTK,HDFCLIFE,26-May-2022,540.0,CE,0.0,0.0,0.0,35.65,48.6,0,0.0,0,0,18-APR-2022,
OPTSTK,HDFCLIFE,26-May-2022,545.0,CE,0.0,0.0,0.0,33.4,45.2,0,0.0,0,0,18-APR-2022,
OPTSTK,HDFCLIFE,26-May-2022,550.0,CE,27.0,40.6,27.0,39.2,42.0,12,77.43,22000,-5500,18-APR-2022,
OPTSTK,HDFCLIFE,26-May-2022,555.0,CE,0.0,0.0,0.0,29.3,38.9,0,0.0,0,0,18-APR-2022,
OPTSTK,HDFCLIFE,26-May-2022,560.0,CE,28.0,28.0,28.0,28.0,35.95,1,6.46,1100,1100,18-APR-2022,
OPTSTK,HDFCLIFE,26-May-2022,565.0,CE,0.0,0.0,0.0,24.25,33.15,0,0.0,4400,0,18-APR-2022,
OPTSTK,HDFCLIFE,26-May-2022,570.0,CE,22.0,28.0,22.0,27.5,27.5,34,223.03,38500,19800,18-APR-2022,
OPTSTK,HDFCLIFE,26-May-2022,575.0,CE,22.45,22.45,14.55,14.55,28.05,2,13.05,5500,0,18-APR-2022,
OPTSTK,HDFCLIFE,26-May-2022,580.0,CE,16.75,24.35,16.75,22.7,22.7,29,191.69,85800,-1100,18-APR-2022,
OPTSTK,HDFCLIFE,26-May-2022,585.0,CE,0.0,0.0,0.0,19.2,23.45,0,0.0,0,0,18-APR-2022,
OPTSTK,HDFCLIFE,26-May-2022,590.0,CE,0.0,0.0,0.0,17.85,21.4,0,0.0,0,0,18-APR-2022,
OPTSTK,HDFCLIFE,26-May-2022,595.0,CE,0.0,0.0,0.0,16.6,19.45,0,0.0,0,0,18-APR-2022,
OPTSTK,HDFCLIFE,26-May-2022,600.0,CE,6.05,16.5,6.05,15.05,15.05,185,1249.46,213400,55000,18-APR-2022,
OPTSTK,HDFCLIFE,26-May-2022,605.0,CE,0.0,0.0,0.0,14.25,16.0,0,0.0,0,0,18-APR-2022,
OPTSTK,HDFCLIFE,26-May-2022,610.0,CE,7.55,7.55,7.55,7.55,14.45,1,6.79,4400,1100,18-APR-2022,
OPTSTK,HDFCLIFE,26-May-2022,615.0,CE,0.0,0.0,0.0,12.2,13.05,0,0.0,0,0,18-APR-2022,
OPTSTK,HDFCLIFE,26-May-2022,620.0,CE,0.0,0.0,0.0,11.25,11.75,0,0.0,0,0,18-APR-2022,
OPTSTK,HDFCLIFE,26-May-2022,625.0,CE,0.0,0.0,0.0,10.4,10.55,0,0.0,0,0,18-APR-2022,
OPTSTK,HDFCLIFE,26-May-2022,630.0,CE,7.55,7.55,7.0,7.55,9.45,4,28.04,9900,4400,18-APR-2022,
OPTSTK,HDFCLIFE,26-May-2022,635.0,CE,0.0,0.0,0.0,8.85,8.45,0,0.0,0,0,18-APR-2022,
OPTSTK,HDFCLIFE,26-May-2022,640.0,CE,5.95,6.0,5.1,6.0,6.0,17,120.77,18700,16500,18-APR-2022,
OPTSTK,HDFCLIFE,26-May-2022,645.0,CE,0.0,0.0,0.0,7.5,6.7,0,0.0,0,0,18-APR-2022,
OPTSTK,HDFCLIFE,26-May-2022,650.0,CE,5.0,5.0,3.95,4.55,4.55,19,136.78,27500,7700,18-APR-2022,
OPTSTK,HDFCLIFE,26-May-2022,655.0,CE,0.0,0.0,0.0,6.3,5.3,0,0.0,0,0,18-APR-2022,
OPTSTK,HDFCLIFE,26-May-2022,660.0,CE,0.0,0.0,0.0,5.8,4.65,0,0.0,0,0,18-APR-2022,
OPTSTK,HDFCLIFE,26-May-2022,665.0,CE,0.0,0.0,0.0,5.3,4.1,0,0.0,0,0,18-APR-2022,
OPTSTK,HDFCLIFE,26-May-2022,670.0,CE,3.45,3.45,3.45,3.45,3.65,1,7.4,1100,1100,18-APR-2022,
OPTSTK,HDFCLIFE,26-May-2022,675.0,CE,0.0,0.0,0.0,4.45,3.2,0,0.0,0,0,18-APR-2022,
OPTSTK,HDFCLIFE,26-May-2022,680.0,CE,0.0,0.0,0.0,4.1,2.8,0,0.0,0,0,18-APR-2022,
OPTSTK,HDFCLIFE,26-May-2022,685.0,CE,0.0,0.0,0.0,3.75,2.45,0,0.0,0,0,18-APR-2022,
OPTSTK,HDFCLIFE,26-May-2022,690.0,CE,0.0,0.0,0.0,3.4,2.15,0,0.0,0,0,18-APR-2022,
OPTSTK,HDFCLIFE,26-May-2022,695.0,CE,0.0,0.0,0.0,3.1,1.85,0,0.0,0,0,18-APR-2022,
OPTSTK,HDFCLIFE,26-May-2022,700.0,CE,0.0,0.0,0.0,2.0,1.65,0,0.0,3300,0,18-APR-2022,
OPTSTK,HDFCLIFE,26-May-2022,705.0,CE,0.0,0.0,0.0,2.6,1.4,0,0.0,0,0,18-APR-2022,
OPTSTK,HDFCLIFE,26-May-2022,710.0,CE,0.0,0.0,0.0,2.35,1.25,0,0.0,0,0,18-APR-2022,
OPTSTK,HDFCLIFE,26-May-2022,715.0,CE,0.0,0.0,0.0,2.15,1.05,0,0.0,0,0,18-APR-2022,
OPTSTK,HDFCLIFE,26-May-2022,720.0,CE,0.0,0.0,0.0,1.95,0.95,0,0.0,0,0,18-APR-2022,
OPTSTK,HDFCLIFE,26-May-2022,725.0,CE,0.0,0.0,0.0,1.75,0.8,0,0.0,0,0,18-APR-2022,
OPTSTK,HDFCLIFE,26-May-2022,730.0,CE,0.0,0.0,0.0,1.6,0.7,0,0.0,0,0,18-APR-2022,
OPTSTK,HDFCLIFE,26-May-2022,735.0,CE,0.0,0.0,0.0,1.45,0.6,0,0.0,0,0,18-APR-2022,
OPTSTK,HDFCLIFE,26-May-2022,405.0,PE,0.0,0.0,0.0,1.6,0.05,0,0.0,0,0,18-APR-2022,
OPTSTK,HDFCLIFE,26-May-2022,410.0,PE,0.0,0.0,0.0,1.9,0.05,0,0.0,0,0,18-APR-2022,
OPTSTK,HDFCLIFE,26-May-2022,415.0,PE,0.0,0.0,0.0,2.25,0.05,0,0.0,0,0,18-APR-2022,
OPTSTK,HDFCLIFE,26-May-2022,420.0,PE,0.0,0.0,0.0,2.65,0.1,0,0.0,0,0,18-APR-2022,
OPTSTK,HDFCLIFE,26-May-2022,425.0,PE,0.0,0.0,0.0,3.1,0.1,0,0.0,0,0,18-APR-2022,
OPTSTK,HDFCLIFE,26-May-2022,430.0,PE,0.0,0.0,0.0,3.6,0.15,0,0.0,0,0,18-APR-2022,
OPTSTK,HDFCLIFE,26-May-2022,435.0,PE,0.0,0.0,0.0,4.15,0.2,0,0.0,0,0,18-APR-2022,
OPTSTK,HDFCLIFE,26-May-2022,440.0,PE,0.0,0.0,0.0,4.8,0.25,0,0.0,0,0,18-APR-2022,
OPTSTK,HDFCLIFE,26-May-2022,445.0,PE,0.0,0.0,0.0,5.5,0.3,0,0.0,0,0,18-APR-2022,
OPTSTK,HDFCLIFE,26-May-2022,450.0,PE,0.0,0.0,0.0,6.3,0.4,0,0.0,0,0,18-APR-2022,
OPTSTK,HDFCLIFE,26-May-2022,455.0,PE,0.0,0.0,0.0,7.15,0.55,0,0.0,0,0,18-APR-2022,
OPTSTK,HDFCLIFE,26-May-2022,460.0,PE,0.0,0.0,0.0,8.1,0.65,0,0.0,0,0,18-APR-2022,
OPTSTK,HDFCLIFE,26-May-2022,465.0,PE,0.0,0.0,0.0,9.15,0.85,0,0.0,0,0,18-APR-2022,
OPTSTK,HDFCLIFE,26-May-2022,470.0,PE,0.0,0.0,0.0,10.3,1.05,0,0.0,0,0,18-APR-2022,
OPTSTK,HDFCLIFE,26-May-2022,475.0,PE,0.0,0.0,0.0,11.55,1.35,0,0.0,0,0,18-APR-2022,
OPTSTK,HDFCLIFE,26-May-2022,480.0,PE,0.0,0.0,0.0,3.1,1.65,0,0.0,3300,0,18-APR-2022,
OPTSTK,HDFCLIFE,26-May-2022,485.0,PE,0.0,0.0,0.0,14.25,2.0,0,0.0,0,0,18-APR-2022,
OPTSTK,HDFCLIFE,26-May-2022,490.0,PE,0.0,0.0,0.0,15.8,2.45,0,0.0,0,0,18-APR-2022,
OPTSTK,HDFCLIFE,26-May-2022,495.0,PE,0.0,0.0,0.0,5.0,2.95,0,0.0,1100,0,18-APR-2022,
OPTSTK,HDFCLIFE,26-May-2022,500.0,PE,4.05,4.05,3.45,3.65,3.65,23,127.43,51700,-5500,18-APR-2022,
OPTSTK,HDFCLIFE,26-May-2022,505.0,PE,0.0,0.0,0.0,21.0,4.2,0,0.0,0,0,18-APR-2022,
OPTSTK,HDFCLIFE,26-May-2022,510.0,PE,0.0,0.0,0.0,22.95,4.95,0,0.0,0,0,18-APR-2022,
OPTSTK,HDFCLIFE,26-May-2022,515.0,PE,0.0,0.0,0.0,25.05,5.85,0,0.0,0,0,18-APR-2022,
OPTSTK,HDFCLIFE,26-May-2022,520.0,PE,0.0,0.0,0.0,27.2,6.8,0,0.0,0,0,18-APR-2022,
OPTSTK,HDFCLIFE,26-May-2022,525.0,PE,0.0,0.0,0.0,29.5,7.9,0,0.0,0,0,18-APR-2022,
OPTSTK,HDFCLIFE,26-May-2022,530.0,PE,0.0,0.0,0.0,31.9,9.15,0,0.0,0,0,18-APR-2022,
OPTSTK,HDFCLIFE,26-May-2022,535.0,PE,0.0,0.0,0.0,34.45,10.45,0,0.0,0,0,18-APR-2022,
OPTSTK,HDFCLIFE,26-May-2022,540.0,PE,9.5,10.0,9.0,9.25,9.25,8,48.33,8800,2200,18-APR-2022,
OPTSTK,HDFCLIFE,26-May-2022,545.0,PE,0.0,0.0,0.0,39.75,13.5,0,0.0,0,0,18-APR-2022,
OPTSTK,HDFCLIFE,26-May-2022,550.0,PE,17.35,17.35,11.1,12.4,12.4,38,235.29,102300,15400,18-APR-2022,
OPTSTK,HDFCLIFE,26-May-2022,555.0,PE,0.0,0.0,0.0,19.05,17.15,0,0.0,4400,0,18-APR-2022,
OPTSTK,HDFCLIFE,26-May-2022,560.0,PE,0.0,0.0,0.0,20.05,19.2,0,0.0,14300,0,18-APR-2022,
OPTSTK,HDFCLIFE,26-May-2022,565.0,PE,0.0,0.0,0.0,21.85,21.4,0,0.0,13200,0,18-APR-2022,
OPTSTK,HDFCLIFE,26-May-2022,570.0,PE,24.25,24.25,24.25,24.25,23.7,1,6.53,5500,1100,18-APR-2022,
OPTSTK,HDFCLIFE,26-May-2022,575.0,PE,0.0,0.0,0.0,58.25,26.2,0,0.0,0,0,18-APR-2022,
OPTSTK,HDFCLIFE,26-May-2022,580.0,PE,0.0,0.0,0.0,31.6,28.8,0,0.0,1100,0,18-APR-2022,
OPTSTK,HDFCLIFE,26-May-2022,585.0,PE,0.0,0.0,0.0,65.15,31.6,0,0.0,0,0,18-APR-2022,
OPTSTK,HDFCLIFE,26-May-2022,590.0,PE,0.0,0.0,0.0,68.75,34.5,0,0.0,0,0,18-APR-2022,
OPTSTK,HDFCLIFE,26-May-2022,595.0,PE,0.0,0.0,0.0,72.4,37.55,0,0.0,0,0,18-APR-2022,
OPTSTK,HDFCLIFE,26-May-2022,600.0,PE,40.8,41.0,40.8,41.0,40.7,2,14.09,4400,2200,18-APR-2022,
OPTSTK,HDFCLIFE,26-May-2022,605.0,PE,0.0,0.0,0.0,80.0,44.05,0,0.0,0,0,18-APR-2022,
OPTSTK,HDFCLIFE,26-May-2022,610.0,PE,0.0,0.0,0.0,83.85,47.45,0,0.0,0,0,18-APR-2022,
OPTSTK,HDFCLIFE,26-May-2022,615.0,PE,0.0,0.0,0.0,87.8,51.0,0,0.0,0,0,18-APR-2022,
OPTSTK,HDFCLIFE,26-May-2022,620.0,PE,0.0,0.0,0.0,91.85,54.7,0,0.0,0,0,18-APR-2022,
OPTSTK,HDFCLIFE,26-May-2022,625.0,PE,0.0,0.0,0.0,95.9,58.5,0,0.0,0,0,18-APR-2022,
OPTSTK,HDFCLIFE,26-May-2022,630.0,PE,0.0,0.0,0.0,100.05,62.35,0,0.0,0,0,18-APR-2022,
OPTSTK,HDFCLIFE,26-May-2022,635.0,PE,0.0,0.0,0.0,104.25,66.35,0,0.0,0,0,18-APR-2022,
OPTSTK,HDFCLIFE,26-May-2022,640.0,PE,0.0,0.0,0.0,108.5,70.4,0,0.0,0,0,18-APR-2022,
OPTSTK,HDFCLIFE,26-May-2022,645.0,PE,0.0,0.0,0.0,112.8,74.55,0,0.0,0,0,18-APR-2022,
OPTSTK,HDFCLIFE,26-May-2022,650.0,PE,0.0,0.0,0.0,117.1,78.8,0,0.0,0,0,18-APR-2022,
OPTSTK,HDFCLIFE,26-May-2022,655.0,PE,0.0,0.0,0.0,121.5,83.1,0,0.0,0,0,18-APR-2022,
OPTSTK,HDFCLIFE,26-May-2022,660.0,PE,0.0,0.0,0.0,125.95,87.45,0,0.0,0,0,18-APR-2022,
OPTSTK,HDFCLIFE,26-May-2022,665.0,PE,0.0,0.0,0.0,130.4,91.9,0,0.0,0,0,18-APR-2022,
OPTSTK,HDFCLIFE,26-May-2022,670.0,PE,0.0,0.0,0.0,134.9,96.35,0,0.0,0,0,18-APR-2022,
OPTSTK,HDFCLIFE,26-May-2022,675.0,PE,0.0,0.0,0.0,139.45,100.9,0,0.0,0,0,18-APR-2022,
OPTSTK,HDFCLIFE,26-May-2022,680.0,PE,0.0,0.0,0.0,144.0,105.5,0,0.0,0,0,18-APR-2022,
OPTSTK,HDFCLIFE,26-May-2022,685.0,PE,0.0,0.0,0.0,148.6,110.15,0,0.0,0,0,18-APR-2022,
OPTSTK,HDFCLIFE,26-May-2022,690.0,PE,0.0,0.0,0.0,153.25,114.8,0,0.0,0,0,18-APR-2022,
OPTSTK,HDFCLIFE,26-May-2022,695.0,PE,0.0,0.0,0.0,157.9,119.5,0,0.0,0,0,18-APR-2022,
OPTSTK,HDFCLIFE,26-May-2022,700.0,PE,0.0,0.0,0.0,162.55,124.25,0,0.0,0,0,18-APR-2022,
OPTSTK,HDFCLIFE,26-May-2022,705.0,PE,0.0,0.0,0.0,167.25,129.0,0,0.0,0,0,18-APR-2022,
OPTSTK,HDFCLIFE,26-May-2022,710.0,PE,0.0,0.0,0.0,171.95,133.8,0,0.0,0,0,18-APR-2022,
OPTSTK,HDFCLIFE,26-May-2022,715.0,PE,0.0,0.0,0.0,176.7,138.6,0,0.0,0,0,18-APR-2022,
OPTSTK,HDFCLIFE,26-May-2022,720.0,PE,0.0,0.0,0.0,181.45,143.45,0,0.0,0,0,18-APR-2022,
OPTSTK,HDFCLIFE,26-May-2022,725.0,PE,0.0,0.0,0.0,186.25,148.3,0,0.0,0,0,18-APR-2022,
OPTSTK,HDFCLIFE,26-May-2022,730.0,PE,0.0,0.0,0.0,191.0,153.15,0,0.0,0,0,18-APR-2022,
OPTSTK,HDFCLIFE,26-May-2022,735.0,PE,0.0,0.0,0.0,195.8,158.05,0,0.0,0,0,18-APR-2022,
OPTSTK,HDFCLIFE,30-Jun-2022,405.0,CE,0.0,0.0,0.0,139.5,173.15,0,0.0,0,0,18-APR-2022,
OPTSTK,HDFCLIFE,30-Jun-2022,410.0,CE,0.0,0.0,0.0,134.9,168.3,0,0.0,0,0,18-APR-2022,
OPTSTK,HDFCLIFE,30-Jun-2022,415.0,CE,0.0,0.0,0.0,130.35,163.45,0,0.0,0,0,18-APR-2022,
OPTSTK,HDFCLIFE,30-Jun-2022,420.0,CE,0.0,0.0,0.0,125.85,158.65,0,0.0,0,0,18-APR-2022,
OPTSTK,HDFCLIFE,30-Jun-2022,425.0,CE,0.0,0.0,0.0,121.4,153.85,0,0.0,0,0,18-APR-2022,
OPTSTK,HDFCLIFE,30-Jun-2022,430.0,CE,0.0,0.0,0.0,117.0,149.1,0,0.0,0,0,18-APR-2022,
OPTSTK,HDFCLIFE,30-Jun-2022,435.0,CE,0.0,0.0,0.0,112.65,144.35,0,0.0,0,0,18-APR-2022,
OPTSTK,HDFCLIFE,30-Jun-2022,440.0,CE,0.0,0.0,0.0,108.4,139.65,0,0.0,0,0,18-APR-2022,
OPTSTK,HDFCLIFE,30-Jun-2022,445.0,CE,0.0,0.0,0.0,104.2,135.0,0,0.0,0,0,18-APR-2022,
OPTSTK,HDFCLIFE,30-Jun-2022,450.0,CE,0.0,0.0,0.0,100.1,130.35,0,0.0,0,0,18-APR-2022,
OPTSTK,HDFCLIFE,30-Jun-2022,455.0,CE,0.0,0.0,0.0,96.05,125.8,0,0.0,0,0,18-APR-2022,
OPTSTK,HDFCLIFE,30-Jun-2022,460.0,CE,0.0,0.0,0.0,92.1,121.3,0,0.0,0,0,18-APR-2022,
OPTSTK,HDFCLIFE,30-Jun-2022,465.0,CE,0.0,0.0,0.0,88.2,116.8,0,0.0,0,0,18-APR-2022,
OPTSTK,HDFCLIFE,30-Jun-2022,470.0,CE,0.0,0.0,0.0,84.4,112.4,0,0.0,0,0,18-APR-2022,
OPTSTK,HDFCLIFE,30-Jun-2022,475.0,CE,0.0,0.0,0.0,80.7,108.05,0,0.0,0,0,18-APR-2022,
OPTSTK,HDFCLIFE,30-Jun-2022,480.0,CE,0.0,0.0,0.0,77.1,103.8,0,0.0,0,0,18-APR-2022,
OPTSTK,HDFCLIFE,30-Jun-2022,485.0,CE,0.0,0.0,0.0,73.6,99.55,0,0.0,0,0,18-APR-2022,
OPTSTK,HDFCLIFE,30-Jun-2022,490.0,CE,0.0,0.0,0.0,70.15,95.45,0,0.0,0,0,18-APR-2022,
OPTSTK,HDFCLIFE,30-Jun-2022,495.0,CE,0.0,0.0,0.0,66.8,91.4,0,0.0,0,0,18-APR-2022,
OPTSTK,HDFCLIFE,30-Jun-2022,500.0,CE,0.0,0.0,0.0,63.6,87.4,0,0.0,0,0,18-APR-2022,
OPTSTK,HDFCLIFE,30-Jun-2022,505.0,CE,0.0,0.0,0.0,60.45,83.55,0,0.0,0,0,18-APR-2022,
OPTSTK,HDFCLIFE,30-Jun-2022,510.0,CE,0.0,0.0,0.0,57.45,79.75,0,0.0,0,0,18-APR-2022,
OPTSTK,HDFCLIFE,30-Jun-2022,515.0,CE,0.0,0.0,0.0,54.5,76.05,0,0.0,0,0,18-APR-2022,
OPTSTK,HDFCLIFE,30-Jun-2022,520.0,CE,0.0,0.0,0.0,51.7,72.45,0,0.0,0,0,18-APR-2022,
OPTSTK,HDFCLIFE,30-Jun-2022,525.0,CE,0.0,0.0,0.0,48.95,68.95,0,0.0,0,0,18-APR-2022,
OPTSTK,HDFCLIFE,30-Jun-2022,530.0,CE,0.0,0.0,0.0,46.35,65.5,0,0.0,0,0,18-APR-2022,
OPTSTK,HDFCLIFE,30-Jun-2022,535.0,CE,0.0,0.0,0.0,43.8,62.2,0,0.0,0,0,18-APR-2022,
OPTSTK,HDFCLIFE,30-Jun-2022,540.0,CE,0.0,0.0,0.0,41.4,59.0,0,0.0,0,0,18-APR-2022,
OPTSTK,HDFCLIFE,30-Jun-2022,545.0,CE,0.0,0.0,0.0,39.1,55.9,0,0.0,0,0,18-APR-2022,
OPTSTK,HDFCLIFE,30-Jun-2022,550.0,CE,0.0,0.0,0.0,36.85,52.9,0,0.0,0,0,18-APR-2022,
OPTSTK,HDFCLIFE,30-Jun-2022,555.0,CE,0.0,0.0,0.0,34.75,50.05,0,0.0,0,0,18-APR-2022,
OPTSTK,HDFCLIFE,30-Jun-2022,560.0,CE,0.0,0.0,0.0,32.7,47.25,0,0.0,0,0,18-APR-2022,
OPTSTK,HDFCLIFE,30-Jun-2022,565.0,CE,0.0,0.0,0.0,30.75,44.6,0,0.0,0,0,18-APR-2022,
OPTSTK,HDFCLIFE,30-Jun-2022,570.0,CE,0.0,0.0,0.0,28.9,42.05,0,0.0,0,0,18-APR-2022,
OPTSTK,HDFCLIFE,30-Jun-2022,575.0,CE,0.0,0.0,0.0,27.15,39.6,0,0.0,0,0,18-APR-2022,
OPTSTK,HDFCLIFE,30-Jun-2022,580.0,CE,0.0,0.0,0.0,25.5,37.2,0,0.0,0,0,18-APR-2022,
OPTSTK,HDFCLIFE,30-Jun-2022,585.0,CE,0.0,0.0,0.0,23.9,34.95,0,0.0,0,0,18-APR-2022,
OPTSTK,HDFCLIFE,30-Jun-2022,590.0,CE,0.0,0.0,0.0,22.4,32.85,0,0.0,0,0,18-APR-2022,
OPTSTK,HDFCLIFE,30-Jun-2022,595.0,CE,0.0,0.0,0.0,20.95,30.8,0,0.0,0,0,18-APR-2022,
OPTSTK,HDFCLIFE,30-Jun-2022,600.0,CE,0.0,0.0,0.0,19.6,28.85,0,0.0,0,0,18-APR-2022,
OPTSTK,HDFCLIFE,30-Jun-2022,605.0,CE,0.0,0.0,0.0,18.35,27.0,0,0.0,0,0,18-APR-2022,
OPTSTK,HDFCLIFE,30-Jun-2022,610.0,CE,0.0,0.0,0.0,17.15,25.2,0,0.0,0,0,18-APR-2022,
OPTSTK,HDFCLIFE,30-Jun-2022,615.0,CE,0.0,0.0,0.0,16.0,23.55,0,0.0,0,0,18-APR-2022,
OPTSTK,HDFCLIFE,30-Jun-2022,620.0,CE,0.0,0.0,0.0,14.9,22.0,0,0.0,0,0,18-APR-2022,
OPTSTK,HDFCLIFE,30-Jun-2022,625.0,CE,0.0,0.0,0.0,13.9,20.5,0,0.0,0,0,18-APR-2022,
OPTSTK,HDFCLIFE,30-Jun-2022,630.0,CE,0.0,0.0,0.0,12.95,19.05,0,0.0,0,0,18-APR-2022,
OPTSTK,HDFCLIFE,30-Jun-2022,635.0,CE,0.0,0.0,0.0,12.05,17.75,0,0.0,0,0,18-APR-2022,
OPTSTK,HDFCLIFE,30-Jun-2022,640.0,CE,0.0,0.0,0.0,11.2,16.5,0,0.0,0,0,18-APR-2022,
OPTSTK,HDFCLIFE,30-Jun-2022,645.0,CE,0.0,0.0,0.0,10.4,15.35,0,0.0,0,0,18-APR-2022,
OPTSTK,HDFCLIFE,30-Jun-2022,650.0,CE,0.0,0.0,0.0,9.65,14.25,0,0.0,0,0,18-APR-2022,
OPTSTK,HDFCLIFE,30-Jun-2022,655.0,CE,0.0,0.0,0.0,8.95,13.2,0,0.0,0,0,18-APR-2022,
OPTSTK,HDFCLIFE,30-Jun-2022,660.0,CE,0.0,0.0,0.0,8.3,12.2,0,0.0,0,0,18-APR-2022,
OPTSTK,HDFCLIFE,30-Jun-2022,665.0,CE,0.0,0.0,0.0,7.7,11.3,0,0.0,0,0,18-APR-2022,
OPTSTK,HDFCLIFE,30-Jun-2022,670.0,CE,0.0,0.0,0.0,7.15,10.45,0,0.0,0,0,18-APR-2022,
OPTSTK,HDFCLIFE,30-Jun-2022,675.0,CE,0.0,0.0,0.0,6.6,9.65,0,0.0,0,0,18-APR-2022,
OPTSTK,HDFCLIFE,30-Jun-2022,680.0,CE,0.0,0.0,0.0,6.1,8.9,0,0.0,0,0,18-APR-2022,
OPTSTK,HDFCLIFE,30-Jun-2022,685.0,CE,0.0,0.0,0.0,5.65,8.2,0,0.0,0,0,18-APR-2022,
OPTSTK,HDFCLIFE,30-Jun-2022,690.0,CE,0.0,0.0,0.0,5.25,7.55,0,0.0,0,0,18-APR-2022,
OPTSTK,HDFCLIFE,30-Jun-2022,695.0,CE,0.0,0.0,0.0,4.85,6.95,0,0.0,0,0,18-APR-2022,
OPTSTK,HDFCLIFE,30-Jun-2022,700.0,CE,0.0,0.0,0.0,4.45,6.4,0,0.0,0,0,18-APR-2022,
OPTSTK,HDFCLIFE,30-Jun-2022,705.0,CE,0.0,0.0,0.0,4.1,5.9,0,0.0,0,0,18-APR-2022,
OPTSTK,HDFCLIFE,30-Jun-2022,710.0,CE,0.0,0.0,0.0,3.8,5.4,0,0.0,0,0,18-APR-2022,
OPTSTK,HDFCLIFE,30-Jun-2022,715.0,CE,0.0,0.0,0.0,3.5,4.95,0,0.0,0,0,18-APR-2022,
OPTSTK,HDFCLIFE,30-Jun-2022,720.0,CE,0.0,0.0,0.0,3.2,4.55,0,0.0,0,0,18-APR-2022,
OPTSTK,HDFCLIFE,30-Jun-2022,725.0,CE,0.0,0.0,0.0,2.95,4.2,0,0.0,0,0,18-APR-2022,
OPTSTK,HDFCLIFE,30-Jun-2022,730.0,CE,0.0,0.0,0.0,2.75,3.85,0,0.0,0,0,18-APR-2022,
OPTSTK,HDFCLIFE,30-Jun-2022,735.0,CE,0.0,0.0,0.0,2.5,3.5,0,0.0,0,0,18-APR-2022,
OPTSTK,HDFCLIFE,30-Jun-2022,405.0,PE,0.0,0.0,0.0,2.0,0.45,0,0.0,0,0,18-APR-2022,
OPTSTK,HDFCLIFE,30-Jun-2022,410.0,PE,0.0,0.0,0.0,2.35,0.55,0,0.0,0,0,18-APR-2022,
OPTSTK,HDFCLIFE,30-Jun-2022,415.0,PE,0.0,0.0,0.0,2.75,0.65,0,0.0,0,0,18-APR-2022,
OPTSTK,HDFCLIFE,30-Jun-2022,420.0,PE,0.0,0.0,0.0,3.2,0.8,0,0.0,0,0,18-APR-2022,
OPTSTK,HDFCLIFE,30-Jun-2022,425.0,PE,0.0,0.0,0.0,3.7,0.95,0,0.0,0,0,18-APR-2022,
OPTSTK,HDFCLIFE,30-Jun-2022,430.0,PE,0.0,0.0,0.0,4.25,1.15,0,0.0,0,0,18-APR-2022,
OPTSTK,HDFCLIFE,30-Jun-2022,435.0,PE,0.0,0.0,0.0,4.9,1.35,0,0.0,0,0,18-APR-2022,
OPTSTK,HDFCLIFE,30-Jun-2022,440.0,PE,0.0,0.0,0.0,5.6,1.6,0,0.0,0,0,18-APR-2022,
OPTSTK,HDFCLIFE,30-Jun-2022,445.0,PE,0.0,0.0,0.0,6.35,1.9,0,0.0,0,0,18-APR-2022,
OPTSTK,HDFCLIFE,30-Jun-2022,450.0,PE,0.0,0.0,0.0,7.15,2.25,0,0.0,0,0,18-APR-2022,
OPTSTK,HDFCLIFE,30-Jun-2022,455.0,PE,0.0,0.0,0.0,8.05,2.65,0,0.0,0,0,18-APR-2022,
OPTSTK,HDFCLIFE,30-Jun-2022,460.0,PE,0.0,0.0,0.0,9.05,3.1,0,0.0,0,0,18-APR-2022,
OPTSTK,HDFCLIFE,30-Jun-2022,465.0,PE,0.0,0.0,0.0,10.1,3.55,0,0.0,0,0,18-APR-2022,
OPTSTK,HDFCLIFE,30-Jun-2022,470.0,PE,0.0,0.0,0.0,11.25,4.1,0,0.0,0,0,18-APR-2022,
OPTSTK,HDFCLIFE,30-Jun-2022,475.0,PE,0.0,0.0,0.0,12.55,4.75,0,0.0,0,0,18-APR-2022,
OPTSTK,HDFCLIFE,30-Jun-2022,480.0,PE,0.0,0.0,0.0,13.85,5.4,0,0.0,0,0,18-APR-2022,
OPTSTK,HDFCLIFE,30-Jun-2022,485.0,PE,0.0,0.0,0.0,15.3,6.15,0,0.0,0,0,18-APR-2022,
OPTSTK,HDFCLIFE,30-Jun-2022,490.0,PE,0.0,0.0,0.0,16.8,7.0,0,0.0,0,0,18-APR-2022,
OPTSTK,HDFCLIFE,30-Jun-2022,495.0,PE,0.0,0.0,0.0,18.4,7.9,0,0.0,0,0,18-APR-2022,
OPTSTK,HDFCLIFE,30-Jun-2022,500.0,PE,0.0,0.0,0.0,11.0,8.9,0,0.0,1100,0,18-APR-2022,
OPTSTK,HDFCLIFE,30-Jun-2022,505.0,PE,0.0,0.0,0.0,21.95,9.95,0,0.0,0,0,18-APR-2022,
OPTSTK,HDFCLIFE,30-Jun-2022,510.0,PE,0.0,0.0,0.0,23.85,11.15,0,0.0,0,0,18-APR-2022,
OPTSTK,HDFCLIFE,30-Jun-2022,515.0,PE,0.0,0.0,0.0,25.9,12.4,0,0.0,0,0,18-APR-2022,
OPTSTK,HDFCLIFE,30-Jun-2022,520.0,PE,0.0,0.0,0.0,28.0,13.75,0,0.0,0,0,18-APR-2022,
OPTSTK,HDFCLIFE,30-Jun-2022,525.0,PE,0.0,0.0,0.0,30.25,15.2,0,0.0,0,0,18-APR-2022,
OPTSTK,HDFCLIFE,30-Jun-2022,530.0,PE,0.0,0.0,0.0,16.3,16.7,0,0.0,2200,0,18-APR-2022,
OPTSTK,HDFCLIFE,30-Jun-2022,535.0,PE,0.0,0.0,0.0,35.0,18.4,0,0.0,0,0,18-APR-2022,
OPTSTK,HDFCLIFE,30-Jun-2022,540.0,PE,0.0,0.0,0.0,37.5,20.15,0,0.0,0,0,18-APR-2022,
OPTSTK,HDFCLIFE,30-Jun-2022,545.0,PE,0.0,0.0,0.0,40.15,22.0,0,0.0,0,0,18-APR-2022,
OPTSTK,HDFCLIFE,30-Jun-2022,550.0,PE,0.0,0.0,0.0,20.0,23.95,0,0.0,1100,0,18-APR-2022,
OPTSTK,HDFCLIFE,30-Jun-2022,555.0,PE,0.0,0.0,0.0,45.7,26.05,0,0.0,0,0,18-APR-2022,
OPTSTK,HDFCLIFE,30-Jun-2022,560.0,PE,0.0,0.0,0.0,48.6,28.25,0,0.0,0,0,18-APR-2022,
OPTSTK,HDFCLIFE,30-Jun-2022,565.0,PE,0.0,0.0,0.0,51.6,30.5,0,0.0,0,0,18-APR-2022,
OPTSTK,HDFCLIFE,30-Jun-2022,570.0,PE,0.0,0.0,0.0,54.7,32.9,0,0.0,0,0,18-APR-2022,
OPTSTK,HDFCLIFE,30-Jun-2022,575.0,PE,0.0,0.0,0.0,57.9,35.4,0,0.0,0,0,18-APR-2022,
OPTSTK,HDFCLIFE,30-Jun-2022,580.0,PE,0.0,0.0,0.0,61.2,38.0,0,0.0,0,0,18-APR-2022,
OPTSTK,HDFCLIFE,30-Jun-2022,585.0,PE,0.0,0.0,0.0,64.55,40.7,0,0.0,0,0,18-APR-2022,
OPTSTK,HDFCLIFE,30-Jun-2022,590.0,PE,0.0,0.0,0.0,68.0,43.55,0,0.0,0,0,18-APR-2022,
OPTSTK,HDFCLIFE,30-Jun-2022,595.0,PE,0.0,0.0,0.0,71.5,46.45,0,0.0,0,0,18-APR-2022,
OPTSTK,HDFCLIFE,30-Jun-2022,600.0,PE,0.0,0.0,0.0,75.1,49.45,0,0.0,0,0,18-APR-2022,
OPTSTK,HDFCLIFE,30-Jun-2022,605.0,PE,0.0,0.0,0.0,78.8,52.55,0,0.0,0,0,18-APR-2022,
OPTSTK,HDFCLIFE,30-Jun-2022,610.0,PE,0.0,0.0,0.0,82.5,55.75,0,0.0,0,0,18-APR-2022,
OPTSTK,HDFCLIFE,30-Jun-2022,615.0,PE,0.0,0.0,0.0,86.35,59.05,0,0.0,0,0,18-APR-2022,
OPTSTK,HDFCLIFE,30-Jun-2022,620.0,PE,0.0,0.0,0.0,90.2,62.45,0,0.0,0,0,18-APR-2022,
OPTSTK,HDFCLIFE,30-Jun-2022,625.0,PE,0.0,0.0,0.0,94.15,65.9,0,0.0,0,0,18-APR-2022,
OPTSTK,HDFCLIFE,30-Jun-2022,630.0,PE,0.0,0.0,0.0,98.1,69.45,0,0.0,0,0,18-APR-2022,
OPTSTK,HDFCLIFE,30-Jun-2022,635.0,PE,0.0,0.0,0.0,102.15,73.05,0,0.0,0,0,18-APR-2022,
OPTSTK,HDFCLIFE,30-Jun-2022,640.0,PE,0.0,0.0,0.0,106.25,76.8,0,0.0,0,0,18-APR-2022,
OPTSTK,HDFCLIFE,30-Jun-2022,645.0,PE,0.0,0.0,0.0,110.45,80.6,0,0.0,0,0,18-APR-2022,
OPTSTK,HDFCLIFE,30-Jun-2022,650.0,PE,0.0,0.0,0.0,114.65,84.45,0,0.0,0,0,18-APR-2022,
OPTSTK,HDFCLIFE,30-Jun-2022,655.0,PE,0.0,0.0,0.0,118.9,88.35,0,0.0,0,0,18-APR-2022,
OPTSTK,HDFCLIFE,30-Jun-2022,660.0,PE,0.0,0.0,0.0,123.2,92.35,0,0.0,0,0,18-APR-2022,
OPTSTK,HDFCLIFE,30-Jun-2022,665.0,PE,0.0,0.0,0.0,127.5,96.35,0,0.0,0,0,18-APR-2022,
OPTSTK,HDFCLIFE,30-Jun-2022,670.0,PE,0.0,0.0,0.0,131.9,100.5,0,0.0,0,0,18-APR-2022,
OPTSTK,HDFCLIFE,30-Jun-2022,675.0,PE,0.0,0.0,0.0,136.3,104.65,0,0.0,0,0,18-APR-2022,
OPTSTK,HDFCLIFE,30-Jun-2022,680.0,PE,0.0,0.0,0.0,140.75,108.85,0,0.0,0,0,18-APR-2022,
OPTSTK,HDFCLIFE,30-Jun-2022,685.0,PE,0.0,0.0,0.0,145.25,113.1,0,0.0,0,0,18-APR-2022,
OPTSTK,HDFCLIFE,30-Jun-2022,690.0,PE,0.0,0.0,0.0,149.8,117.45,0,0.0,0,0,18-APR-2022,
OPTSTK,HDFCLIFE,30-Jun-2022,695.0,PE,0.0,0.0,0.0,154.3,121.8,0,0.0,0,0,18-APR-2022,
OPTSTK,HDFCLIFE,30-Jun-2022,700.0,PE,0.0,0.0,0.0,158.9,126.2,0,0.0,0,0,18-APR-2022,
OPTSTK,HDFCLIFE,30-Jun-2022,705.0,PE,0.0,0.0,0.0,163.5,130.65,0,0.0,0,0,18-APR-2022,
OPTSTK,HDFCLIFE,30-Jun-2022,710.0,PE,0.0,0.0,0.0,168.15,135.1,0,0.0,0,0,18-APR-2022,
OPTSTK,HDFCLIFE,30-Jun-2022,715.0,PE,0.0,0.0,0.0,172.8,139.6,0,0.0,0,0,18-APR-2022,
OPTSTK,HDFCLIFE,30-Jun-2022,720.0,PE,0.0,0.0,0.0,177.45,144.15,0,0.0,0,0,18-APR-2022,
OPTSTK,HDFCLIFE,30-Jun-2022,725.0,PE,0.0,0.0,0.0,182.15,148.75,0,0.0,0,0,18-APR-2022,
OPTSTK,HDFCLIFE,30-Jun-2022,730.0,PE,0.0,0.0,0.0,186.85,153.35,0,0.0,0,0,18-APR-2022,
OPTSTK,HDFCLIFE,30-Jun-2022,735.0,PE,0.0,0.0,0.0,191.6,158.0,0,0.0,0,0,18-APR-2022,
OPTSTK,HEROMOTOCO,28-Apr-2022,1800.0,CE,0.0,0.0,0.0,704.35,487.45,0,0.0,0,0,18-APR-2022,
OPTSTK,HEROMOTOCO,28-Apr-2022,1820.0,CE,0.0,0.0,0.0,684.7,467.45,0,0.0,0,0,18-APR-2022,
OPTSTK,HEROMOTOCO,28-Apr-2022,1840.0,CE,0.0,0.0,0.0,826.0,447.5,0,0.0,0,0,18-APR-2022,
OPTSTK,HEROMOTOCO,28-Apr-2022,1860.0,CE,0.0,0.0,0.0,806.45,427.5,0,0.0,0,0,18-APR-2022,
OPTSTK,HEROMOTOCO,28-Apr-2022,1880.0,CE,0.0,0.0,0.0,812.8,407.55,0,0.0,0,0,18-APR-2022,
OPTSTK,HEROMOTOCO,28-Apr-2022,1900.0,CE,0.0,0.0,0.0,793.35,387.6,0,0.0,0,0,18-APR-2022,
OPTSTK,HEROMOTOCO,28-Apr-2022,1920.0,CE,0.0,0.0,0.0,817.2,367.65,0,0.0,0,0,18-APR-2022,
OPTSTK,HEROMOTOCO,28-Apr-2022,1940.0,CE,0.0,0.0,0.0,797.8,347.75,0,0.0,0,0,18-APR-2022,
OPTSTK,HEROMOTOCO,28-Apr-2022,1960.0,CE,0.0,0.0,0.0,778.5,327.85,0,0.0,0,0,18-APR-2022,
OPTSTK,HEROMOTOCO,28-Apr-2022,1980.0,CE,0.0,0.0,0.0,759.25,308.0,0,0.0,0,0,18-APR-2022,
OPTSTK,HEROMOTOCO,28-Apr-2022,2000.0,CE,252.45,299.0,252.45,299.0,299.0,2,13.65,900,-300,18-APR-2022,
OPTSTK,HEROMOTOCO,28-Apr-2022,2020.0,CE,0.0,0.0,0.0,721.05,268.65,0,0.0,0,0,18-APR-2022,
OPTSTK,HEROMOTOCO,28-Apr-2022,2040.0,CE,0.0,0.0,0.0,702.1,249.2,0,0.0,0,0,18-APR-2022,
OPTSTK,HEROMOTOCO,28-Apr-2022,2060.0,CE,0.0,0.0,0.0,683.25,229.95,0,0.0,0,0,18-APR-2022,
OPTSTK,HEROMOTOCO,28-Apr-2022,2080.0,CE,0.0,0.0,0.0,664.55,211.0,0,0.0,0,0,18-APR-2022,
OPTSTK,HEROMOTOCO,28-Apr-2022,2100.0,CE,167.0,186.95,167.0,186.95,192.45,6,41.04,9900,0,18-APR-2022,
OPTSTK,HEROMOTOCO,28-Apr-2022,2120.0,CE,0.0,0.0,0.0,627.5,174.4,0,0.0,0,0,18-APR-2022,
OPTSTK,HEROMOTOCO,28-Apr-2022,2140.0,CE,0.0,0.0,0.0,231.65,156.9,0,0.0,600,0,18-APR-2022,
OPTSTK,HEROMOTOCO,28-Apr-2022,2160.0,CE,127.9,127.9,127.9,127.9,140.15,1,6.86,4800,0,18-APR-2022,
OPTSTK,HEROMOTOCO,28-Apr-2022,2180.0,CE,0.0,0.0,0.0,119.05,124.15,0,0.0,9300,0,18-APR-2022,
OPTSTK,HEROMOTOCO,28-Apr-2022,2200.0,CE,87.75,111.0,81.5,107.1,107.1,62,426.72,68400,0,18-APR-2022,
OPTSTK,HEROMOTOCO,28-Apr-2022,2220.0,CE,81.2,88.15,73.2,86.65,86.65,11,75.94,9300,-900,18-APR-2022,
OPTSTK,HEROMOTOCO,28-Apr-2022,2240.0,CE,71.0,79.95,55.9,75.7,75.7,51,352.56,28200,-2400,18-APR-2022,
OPTSTK,HEROMOTOCO,28-Apr-2022,2260.0,CE,79.55,79.65,43.1,59.15,59.15,327,2267.69,20100,-3000,18-APR-2022,
OPTSTK,HEROMOTOCO,28-Apr-2022,2280.0,CE,33.3,53.0,33.3,47.5,47.5,481,3351.39,71100,-1800,18-APR-2022,
OPTSTK,HEROMOTOCO,28-Apr-2022,2300.0,CE,30.8,50.95,26.0,38.7,38.7,1424,9968.21,242400,8400,18-APR-2022,
OPTSTK,HEROMOTOCO,28-Apr-2022,2320.0,CE,31.6,34.15,20.65,28.65,28.65,431,3033.76,51300,-7800,18-APR-2022,
OPTSTK,HEROMOTOCO,28-Apr-2022,2340.0,CE,20.05,25.35,15.95,22.5,22.5,696,4927.08,93300,16200,18-APR-2022,
OPTSTK,HEROMOTOCO,28-Apr-2022,2360.0,CE,16.05,20.4,12.25,17.75,17.75,466,3320.84,88800,-4500,18-APR-2022,
OPTSTK,HEROMOTOCO,28-Apr-2022,2380.0,CE,7.9,15.8,7.9,13.45,13.45,332,2382.59,48900,4200,18-APR-2022,
OPTSTK,HEROMOTOCO,28-Apr-2022,2400.0,CE,10.05,13.35,7.9,11.25,11.25,944,6825.33,410100,-9000,18-APR-2022,
OPTSTK,HEROMOTOCO,28-Apr-2022,2420.0,CE,11.25,11.25,6.15,8.55,8.55,366,2665.7,72300,-6900,18-APR-2022,
OPTSTK,HEROMOTOCO,28-Apr-2022,2440.0,CE,9.5,9.5,5.25,7.15,7.15,270,1981.53,39900,-7800,18-APR-2022,
OPTSTK,HEROMOTOCO,28-Apr-2022,2460.0,CE,7.95,7.95,4.45,5.85,5.85,351,2596.25,78000,12600,18-APR-2022,
OPTSTK,HEROMOTOCO,28-Apr-2022,2480.0,CE,4.85,5.8,4.0,5.2,5.2,265,1975.32,31200,5100,18-APR-2022,
OPTSTK,HEROMOTOCO,28-Apr-2022,2500.0,CE,4.2,5.95,3.65,4.8,4.8,905,6799.44,307800,-11700,18-APR-2022,
OPTSTK,HEROMOTOCO,28-Apr-2022,2520.0,CE,4.35,4.5,3.2,4.15,4.15,163,1234.11,21300,1500,18-APR-2022,
OPTSTK,HEROMOTOCO,28-Apr-2022,2540.0,CE,3.0,3.85,2.95,3.75,3.75,56,427.28,21600,2700,18-APR-2022,
OPTSTK,HEROMOTOCO,28-Apr-2022,2560.0,CE,2.6,3.5,2.6,3.45,3.45,43,330.64,16200,4500,18-APR-2022,
OPTSTK,HEROMOTOCO,28-Apr-2022,2580.0,CE,2.6,2.6,2.6,2.6,1.3,1,7.74,5700,0,18-APR-2022,
OPTSTK,HEROMOTOCO,28-Apr-2022,2600.0,CE,2.05,3.1,2.05,2.95,2.95,504,3935.18,199800,5700,18-APR-2022,
OPTSTK,HEROMOTOCO,28-Apr-2022,2620.0,CE,2.1,2.7,2.1,2.7,2.7,44,346.15,7800,-600,18-APR-2022,
OPTSTK,HEROMOTOCO,28-Apr-2022,2640.0,CE,2.05,2.5,2.05,2.4,2.4,27,214.02,12600,900,18-APR-2022,
OPTSTK,HEROMOTOCO,28-Apr-2022,2660.0,CE,0.0,0.0,0.0,2.25,0.35,0,0.0,6300,0,18-APR-2022,
OPTSTK,HEROMOTOCO,28-Apr-2022,2680.0,CE,0.0,0.0,0.0,3.0,0.25,0,0.0,3300,0,18-APR-2022,
OPTSTK,HEROMOTOCO,28-Apr-2022,2700.0,CE,1.65,1.95,1.4,1.9,1.9,150,1215.76,181800,-6900,18-APR-2022,
OPTSTK,HEROMOTOCO,28-Apr-2022,2720.0,CE,0.0,0.0,0.0,5.95,0.1,0,0.0,600,0,18-APR-2022,
OPTSTK,HEROMOTOCO,28-Apr-2022,2740.0,CE,0.0,0.0,0.0,1.7,0.1,0,0.0,2700,0,18-APR-2022,
OPTSTK,HEROMOTOCO,28-Apr-2022,2760.0,CE,0.2,0.2,0.2,0.2,0.05,2,16.56,15600,0,18-APR-2022,
OPTSTK,HEROMOTOCO,28-Apr-2022,2780.0,CE,0.0,0.0,0.0,163.75,0.05,0,0.0,0,0,18-APR-2022,
OPTSTK,HEROMOTOCO,28-Apr-2022,2800.0,CE,0.95,1.2,0.95,1.2,0.05,53,445.36,112500,-1800,18-APR-2022,
OPTSTK,HEROMOTOCO,28-Apr-2022,2820.0,CE,0.0,0.0,0.0,147.2,0.05,0,0.0,0,0,18-APR-2022,
OPTSTK,HEROMOTOCO,28-Apr-2022,2840.0,CE,0.0,0.0,0.0,139.4,0.05,0,0.0,0,0,18-APR-2022,
OPTSTK,HEROMOTOCO,28-Apr-2022,2860.0,CE,0.0,0.0,0.0,131.9,0.0,0,0.0,0,0,18-APR-2022,
OPTSTK,HEROMOTOCO,28-Apr-2022,2880.0,CE,0.0,0.0,0.0,124.75,0.0,0,0.0,0,0,18-APR-2022,
OPTSTK,HEROMOTOCO,28-Apr-2022,2900.0,CE,0.75,1.05,0.75,0.95,0.95,73,635.3,27600,-16200,18-APR-2022,
OPTSTK,HEROMOTOCO,28-Apr-2022,2920.0,CE,0.0,0.0,0.0,111.35,0.0,0,0.0,0,0,18-APR-2022,
OPTSTK,HEROMOTOCO,28-Apr-2022,2940.0,CE,0.0,0.0,0.0,105.1,0.0,0,0.0,0,0,18-APR-2022,
OPTSTK,HEROMOTOCO,28-Apr-2022,2960.0,CE,0.0,0.0,0.0,99.1,0.0,0,0.0,0,0,18-APR-2022,
OPTSTK,HEROMOTOCO,28-Apr-2022,2980.0,CE,0.0,0.0,0.0,93.45,0.0,0,0.0,0,0,18-APR-2022,
OPTSTK,HEROMOTOCO,28-Apr-2022,3000.0,CE,0.55,0.75,0.55,0.65,0.65,20,180.03,13800,-300,18-APR-2022,
OPTSTK,HEROMOTOCO,28-Apr-2022,3020.0,CE,0.0,0.0,0.0,82.85,0.0,0,0.0,0,0,18-APR-2022,
OPTSTK,HEROMOTOCO,28-Apr-2022,3040.0,CE,0.0,0.0,0.0,78.05,0.0,0,0.0,0,0,18-APR-2022,
OPTSTK,HEROMOTOCO,28-Apr-2022,3060.0,CE,0.0,0.0,0.0,73.4,0.0,0,0.0,0,0,18-APR-2022,
OPTSTK,HEROMOTOCO,28-Apr-2022,3080.0,CE,0.0,0.0,0.0,69.0,0.0,0,0.0,0,0,18-APR-2022,
OPTSTK,HEROMOTOCO,28-Apr-2022,3100.0,CE,0.0,0.0,0.0,64.8,0.0,0,0.0,0,0,18-APR-2022,
OPTSTK,HEROMOTOCO,28-Apr-2022,3120.0,CE,0.0,0.0,0.0,60.7,0.0,0,0.0,0,0,18-APR-2022,
OPTSTK,HEROMOTOCO,28-Apr-2022,3140.0,CE,0.0,0.0,0.0,56.95,0.0,0,0.0,0,0,18-APR-2022,
OPTSTK,HEROMOTOCO,28-Apr-2022,3160.0,CE,0.0,0.0,0.0,53.4,0.0,0,0.0,0,0,18-APR-2022,
OPTSTK,HEROMOTOCO,28-Apr-2022,3180.0,CE,0.0,0.0,0.0,50.0,0.0,0,0.0,0,0,18-APR-2022,
OPTSTK,HEROMOTOCO,28-Apr-2022,3200.0,CE,0.0,0.0,0.0,46.8,0.0,0,0.0,0,0,18-APR-2022,
OPTSTK,HEROMOTOCO,28-Apr-2022,3220.0,CE,0.0,0.0,0.0,43.8,0.0,0,0.0,0,0,18-APR-2022,
OPTSTK,HEROMOTOCO,28-Apr-2022,3240.0,CE,0.0,0.0,0.0,40.95,0.0,0,0.0,0,0,18-APR-2022,
OPTSTK,HEROMOTOCO,28-Apr-2022,1800.0,PE,1.25,1.35,0.85,1.0,1.0,38,205.32,59700,-3300,18-APR-2022,
OPTSTK,HEROMOTOCO,28-Apr-2022,1820.0,PE,0.0,0.0,0.0,1.1,0.0,0,0.0,0,0,18-APR-2022,
OPTSTK,HEROMOTOCO,28-Apr-2022,1840.0,PE,0.0,0.0,0.0,1.0,0.0,0,0.0,0,0,18-APR-2022,
OPTSTK,HEROMOTOCO,28-Apr-2022,1860.0,PE,0.0,0.0,0.0,1.7,0.05,0,0.0,4500,0,18-APR-2022,
OPTSTK,HEROMOTOCO,28-Apr-2022,1880.0,PE,0.25,0.25,0.25,0.25,0.05,1,5.64,600,-300,18-APR-2022,
OPTSTK,HEROMOTOCO,28-Apr-2022,1900.0,PE,2.95,3.0,0.8,1.0,1.0,219,1249.59,62100,-11700,18-APR-2022,
OPTSTK,HEROMOTOCO,28-Apr-2022,1920.0,PE,0.0,0.0,0.0,2.2,0.1,0,0.0,0,0,18-APR-2022,
OPTSTK,HEROMOTOCO,28-Apr-2022,1940.0,PE,0.0,0.0,0.0,1.5,0.15,0,0.0,6900,0,18-APR-2022,
OPTSTK,HEROMOTOCO,28-Apr-2022,1960.0,PE,0.0,0.0,0.0,1.8,0.25,0,0.0,6300,0,18-APR-2022,
OPTSTK,HEROMOTOCO,28-Apr-2022,1980.0,PE,0.0,0.0,0.0,4.6,0.4,0,0.0,5100,0,18-APR-2022,
OPTSTK,HEROMOTOCO,28-Apr-2022,2000.0,PE,3.4,6.0,1.8,1.9,1.9,738,4436.67,190800,-37200,18-APR-2022,
OPTSTK,HEROMOTOCO,28-Apr-2022,2020.0,PE,2.1,5.45,2.1,2.45,2.45,36,218.51,4800,-2100,18-APR-2022,
OPTSTK,HEROMOTOCO,28-Apr-2022,2040.0,PE,2.6,2.65,2.55,2.6,2.6,6,36.76,8400,-1800,18-APR-2022,
OPTSTK,HEROMOTOCO,28-Apr-2022,2060.0,PE,4.9,7.25,2.85,3.1,3.1,155,960.26,8700,-5100,18-APR-2022,
OPTSTK,HEROMOTOCO,28-Apr-2022,2080.0,PE,7.55,8.25,3.45,3.9,3.9,145,907.49,13200,300,18-APR-2022,
OPTSTK,HEROMOTOCO,28-Apr-2022,2100.0,PE,9.95,10.45,4.0,4.65,4.65,510,3224.35,185700,-17100,18-APR-2022,
OPTSTK,HEROMOTOCO,28-Apr-2022,2120.0,PE,8.5,8.5,4.8,5.7,5.7,37,236.03,6300,-3300,18-APR-2022,
OPTSTK,HEROMOTOCO,28-Apr-2022,2140.0,PE,12.0,13.25,6.35,7.0,7.0,243,1567.22,39300,1200,18-APR-2022,
OPTSTK,HEROMOTOCO,28-Apr-2022,2160.0,PE,16.0,16.2,8.0,9.1,9.1,326,2124.3,44700,-10800,18-APR-2022,
OPTSTK,HEROMOTOCO,28-Apr-2022,2180.0,PE,18.5,19.35,10.25,11.95,11.95,210,1382.75,31800,600,18-APR-2022,
OPTSTK,HEROMOTOCO,28-Apr-2022,2200.0,PE,23.65,26.7,12.25,13.75,13.75,647,4307.13,154800,-5700,18-APR-2022,
OPTSTK,HEROMOTOCO,28-Apr-2022,2220.0,PE,29.0,30.5,16.15,18.5,18.5,204,1373.04,30000,4200,18-APR-2022,
OPTSTK,HEROMOTOCO,28-Apr-2022,2240.0,PE,36.95,41.55,19.5,22.5,22.5,512,3486.24,31800,-4500,18-APR-2022,
OPTSTK,HEROMOTOCO,28-Apr-2022,2260.0,PE,47.0,48.95,25.3,28.8,28.8,527,3630.56,64500,3300,18-APR-2022,
OPTSTK,HEROMOTOCO,28-Apr-2022,2280.0,PE,53.95,60.9,27.6,36.05,36.05,580,4047.71,42600,-21600,18-APR-2022,
OPTSTK,HEROMOTOCO,28-Apr-2022,2300.0,PE,70.95,73.25,40.0,44.6,44.6,312,2204.96,162900,-11700,18-APR-2022,
OPTSTK,HEROMOTOCO,28-Apr-2022,2320.0,PE,67.6,83.4,50.75,57.85,57.85,51,365.24,19500,-2400,18-APR-2022,
OPTSTK,HEROMOTOCO,28-Apr-2022,2340.0,PE,81.7,94.5,67.3,67.3,67.3,15,109.12,22200,-600,18-APR-2022,
OPTSTK,HEROMOTOCO,28-Apr-2022,2360.0,PE,109.4,111.95,87.5,87.5,87.5,11,81.27,14100,-900,18-APR-2022,
OPTSTK,HEROMOTOCO,28-Apr-2022,2380.0,PE,0.0,0.0,0.0,123.1,113.85,0,0.0,600,0,18-APR-2022,
OPTSTK,HEROMOTOCO,28-Apr-2022,2400.0,PE,131.0,149.0,113.5,116.3,116.3,17,129.11,37200,-1200,18-APR-2022,
OPTSTK,HEROMOTOCO,28-Apr-2022,2420.0,PE,144.85,164.75,144.85,146.9,145.5,7,54.07,1200,300,18-APR-2022,
OPTSTK,HEROMOTOCO,28-Apr-2022,2440.0,PE,172.4,172.4,164.0,164.0,162.4,2,15.64,1800,300,18-APR-2022,
OPTSTK,HEROMOTOCO,28-Apr-2022,2460.0,PE,0.0,0.0,0.0,133.2,179.95,0,0.0,600,0,18-APR-2022,
OPTSTK,HEROMOTOCO,28-Apr-2022,2480.0,PE,0.0,0.0,0.0,71.6,197.95,0,0.0,0,0,18-APR-2022,
OPTSTK,HEROMOTOCO,28-Apr-2022,2500.0,PE,235.0,235.0,215.6,215.6,216.4,2,16.35,41700,-300,18-APR-2022,
OPTSTK,HEROMOTOCO,28-Apr-2022,2520.0,PE,0.0,0.0,0.0,84.05,235.2,0,0.0,0,0,18-APR-2022,
OPTSTK,HEROMOTOCO,28-Apr-2022,2540.0,PE,0.0,0.0,0.0,90.85,254.25,0,0.0,0,0,18-APR-2022,
OPTSTK,HEROMOTOCO,28-Apr-2022,2560.0,PE,0.0,0.0,0.0,98.0,273.55,0,0.0,0,0,18-APR-2022,
OPTSTK,HEROMOTOCO,28-Apr-2022,2580.0,PE,0.0,0.0,0.0,310.0,293.0,0,0.0,300,0,18-APR-2022,
OPTSTK,HEROMOTOCO,28-Apr-2022,2600.0,PE,0.0,0.0,0.0,291.4,312.6,0,0.0,39000,0,18-APR-2022,
OPTSTK,HEROMOTOCO,28-Apr-2022,2620.0,PE,0.0,0.0,0.0,121.5,332.3,0,0.0,0,0,18-APR-2022,
OPTSTK,HEROMOTOCO,28-Apr-2022,2640.0,PE,0.0,0.0,0.0,320.0,352.1,0,0.0,300,0,18-APR-2022,
OPTSTK,HEROMOTOCO,28-Apr-2022,2660.0,PE,0.0,0.0,0.0,139.0,371.95,0,0.0,0,0,18-APR-2022,
OPTSTK,HEROMOTOCO,28-Apr-2022,2680.0,PE,0.0,0.0,0.0,282.0,391.8,0,0.0,300,0,18-APR-2022,
OPTSTK,HEROMOTOCO,28-Apr-2022,2700.0,PE,0.0,0.0,0.0,384.7,411.7,0,0.0,12300,0,18-APR-2022,
OPTSTK,HEROMOTOCO,28-Apr-2022,2720.0,PE,0.0,0.0,0.0,167.8,431.65,0,0.0,0,0,18-APR-2022,
OPTSTK,HEROMOTOCO,28-Apr-2022,2740.0,PE,0.0,0.0,0.0,178.15,451.6,0,0.0,0,0,18-APR-2022,
OPTSTK,HEROMOTOCO,28-Apr-2022,2760.0,PE,0.0,0.0,0.0,188.8,471.55,0,0.0,0,0,18-APR-2022,
OPTSTK,HEROMOTOCO,28-Apr-2022,2780.0,PE,0.0,0.0,0.0,199.8,491.5,0,0.0,0,0,18-APR-2022,
OPTSTK,HEROMOTOCO,28-Apr-2022,2800.0,PE,0.0,0.0,0.0,516.85,511.5,0,0.0,23700,0,18-APR-2022,
OPTSTK,HEROMOTOCO,28-Apr-2022,2820.0,PE,0.0,0.0,0.0,222.8,531.45,0,0.0,0,0,18-APR-2022,
OPTSTK,HEROMOTOCO,28-Apr-2022,2840.0,PE,0.0,0.0,0.0,234.8,551.45,0,0.0,0,0,18-APR-2022,
OPTSTK,HEROMOTOCO,28-Apr-2022,2860.0,PE,0.0,0.0,0.0,247.15,571.4,0,0.0,0,0,18-APR-2022,
OPTSTK,HEROMOTOCO,28-Apr-2022,2880.0,PE,0.0,0.0,0.0,259.75,591.4,0,0.0,0,0,18-APR-2022,
OPTSTK,HEROMOTOCO,28-Apr-2022,2900.0,PE,0.0,0.0,0.0,608.9,611.35,0,0.0,10500,0,18-APR-2022,
OPTSTK,HEROMOTOCO,28-Apr-2022,2920.0,PE,0.0,0.0,0.0,285.95,631.35,0,0.0,0,0,18-APR-2022,
OPTSTK,HEROMOTOCO,28-Apr-2022,2940.0,PE,0.0,0.0,0.0,299.45,651.3,0,0.0,0,0,18-APR-2022,
OPTSTK,HEROMOTOCO,28-Apr-2022,2960.0,PE,0.0,0.0,0.0,313.3,671.3,0,0.0,0,0,18-APR-2022,
OPTSTK,HEROMOTOCO,28-Apr-2022,2980.0,PE,0.0,0.0,0.0,327.4,691.25,0,0.0,0,0,18-APR-2022,
OPTSTK,HEROMOTOCO,28-Apr-2022,3000.0,PE,0.0,0.0,0.0,341.75,711.25,0,0.0,0,0,18-APR-2022,
OPTSTK,HEROMOTOCO,28-Apr-2022,3020.0,PE,0.0,0.0,0.0,356.4,731.2,0,0.0,0,0,18-APR-2022,
OPTSTK,HEROMOTOCO,28-Apr-2022,3040.0,PE,0.0,0.0,0.0,371.4,751.2,0,0.0,0,0,18-APR-2022,
OPTSTK,HEROMOTOCO,28-Apr-2022,3060.0,PE,0.0,0.0,0.0,386.55,771.2,0,0.0,0,0,18-APR-2022,
OPTSTK,HEROMOTOCO,28-Apr-2022,3080.0,PE,0.0,0.0,0.0,401.9,791.15,0,0.0,0,0,18-APR-2022,
OPTSTK,HEROMOTOCO,28-Apr-2022,3100.0,PE,0.0,0.0,0.0,417.5,811.15,0,0.0,0,0,18-APR-2022,
OPTSTK,HEROMOTOCO,28-Apr-2022,3120.0,PE,0.0,0.0,0.0,433.2,831.1,0,0.0,0,0,18-APR-2022,
OPTSTK,HEROMOTOCO,28-Apr-2022,3140.0,PE,0.0,0.0,0.0,449.25,851.1,0,0.0,0,0,18-APR-2022,
OPTSTK,HEROMOTOCO,28-Apr-2022,3160.0,PE,0.0,0.0,0.0,465.45,871.05,0,0.0,0,0,18-APR-2022,
OPTSTK,HEROMOTOCO,28-Apr-2022,3180.0,PE,0.0,0.0,0.0,481.9,891.05,0,0.0,0,0,18-APR-2022,
OPTSTK,HEROMOTOCO,28-Apr-2022,3200.0,PE,0.0,0.0,0.0,498.5,911.0,0,0.0,0,0,18-APR-2022,
OPTSTK,HEROMOTOCO,28-Apr-2022,3220.0,PE,0.0,0.0,0.0,515.25,931.0,0,0.0,0,0,18-APR-2022,
OPTSTK,HEROMOTOCO,28-Apr-2022,3240.0,PE,0.0,0.0,0.0,532.2,950.95,0,0.0,0,0,18-APR-2022,
OPTSTK,HEROMOTOCO,26-May-2022,1800.0,CE,0.0,0.0,0.0,712.3,495.1,0,0.0,0,0,18-APR-2022,
OPTSTK,HEROMOTOCO,26-May-2022,1820.0,CE,0.0,0.0,0.0,693.1,475.65,0,0.0,0,0,18-APR-2022,
OPTSTK,HEROMOTOCO,26-May-2022,1840.0,CE,0.0,0.0,0.0,674.0,456.4,0,0.0,0,0,18-APR-2022,
OPTSTK,HEROMOTOCO,26-May-2022,1860.0,CE,0.0,0.0,0.0,655.0,437.25,0,0.0,0,0,18-APR-2022,
OPTSTK,HEROMOTOCO,26-May-2022,1880.0,CE,0.0,0.0,0.0,636.1,418.25,0,0.0,0,0,18-APR-2022,
OPTSTK,HEROMOTOCO,26-May-2022,1900.0,CE,0.0,0.0,0.0,617.35,399.45,0,0.0,0,0,18-APR-2022,
OPTSTK,HEROMOTOCO,26-May-2022,1920.0,CE,0.0,0.0,0.0,598.75,380.9,0,0.0,0,0,18-APR-2022,
OPTSTK,HEROMOTOCO,26-May-2022,1940.0,CE,0.0,0.0,0.0,580.3,362.55,0,0.0,0,0,18-APR-2022,
OPTSTK,HEROMOTOCO,26-May-2022,1960.0,CE,0.0,0.0,0.0,562.0,344.5,0,0.0,0,0,18-APR-2022,
OPTSTK,HEROMOTOCO,26-May-2022,1980.0,CE,0.0,0.0,0.0,543.9,326.75,0,0.0,0,0,18-APR-2022,
OPTSTK,HEROMOTOCO,26-May-2022,2000.0,CE,0.0,0.0,0.0,526.0,309.3,0,0.0,0,0,18-APR-2022,
OPTSTK,HEROMOTOCO,26-May-2022,2020.0,CE,0.0,0.0,0.0,508.25,292.25,0,0.0,0,0,18-APR-2022,
OPTSTK,HEROMOTOCO,26-May-2022,2040.0,CE,0.0,0.0,0.0,490.75,275.55,0,0.0,0,0,18-APR-2022,
OPTSTK,HEROMOTOCO,26-May-2022,2060.0,CE,0.0,0.0,0.0,473.5,259.3,0,0.0,0,0,18-APR-2022,
OPTSTK,HEROMOTOCO,26-May-2022,2080.0,CE,0.0,0.0,0.0,456.5,243.5,0,0.0,0,0,18-APR-2022,
OPTSTK,HEROMOTOCO,26-May-2022,2100.0,CE,0.0,0.0,0.0,439.75,228.2,0,0.0,0,0,18-APR-2022,
OPTSTK,HEROMOTOCO,26-May-2022,2120.0,CE,0.0,0.0,0.0,423.25,213.45,0,0.0,0,0,18-APR-2022,
OPTSTK,HEROMOTOCO,26-May-2022,2140.0,CE,0.0,0.0,0.0,407.05,199.05,0,0.0,0,0,18-APR-2022,
OPTSTK,HEROMOTOCO,26-May-2022,2160.0,CE,0.0,0.0,0.0,391.15,185.3,0,0.0,0,0,18-APR-2022,
OPTSTK,HEROMOTOCO,26-May-2022,2180.0,CE,0.0,0.0,0.0,375.55,172.1,0,0.0,0,0,18-APR-2022,
OPTSTK,HEROMOTOCO,26-May-2022,2200.0,CE,0.0,0.0,0.0,164.0,159.5,0,0.0,300,0,18-APR-2022,
OPTSTK,HEROMOTOCO,26-May-2022,2220.0,CE,0.0,0.0,0.0,345.35,147.5,0,0.0,0,0,18-APR-2022,
OPTSTK,HEROMOTOCO,26-May-2022,2240.0,CE,0.0,0.0,0.0,330.8,136.05,0,0.0,0,0,18-APR-2022,
OPTSTK,HEROMOTOCO,26-May-2022,2260.0,CE,0.0,0.0,0.0,316.5,125.2,0,0.0,0,0,18-APR-2022,
OPTSTK,HEROMOTOCO,26-May-2022,2280.0,CE,0.0,0.0,0.0,302.6,114.95,0,0.0,0,0,18-APR-2022,
OPTSTK,HEROMOTOCO,26-May-2022,2300.0,CE,86.45,91.0,79.95,91.0,91.0,24,171.58,15600,1800,18-APR-2022,
OPTSTK,HEROMOTOCO,26-May-2022,2320.0,CE,0.0,0.0,0.0,275.8,96.25,0,0.0,0,0,18-APR-2022,
OPTSTK,HEROMOTOCO,26-May-2022,2340.0,CE,0.0,0.0,0.0,263.0,87.75,0,0.0,0,0,18-APR-2022,
OPTSTK,HEROMOTOCO,26-May-2022,2360.0,CE,0.0,0.0,0.0,250.6,79.8,0,0.0,0,0,18-APR-2022,
OPTSTK,HEROMOTOCO,26-May-2022,2380.0,CE,0.0,0.0,0.0,238.55,72.45,0,0.0,0,0,18-APR-2022,
OPTSTK,HEROMOTOCO,26-May-2022,2400.0,CE,51.95,51.95,43.95,49.0,65.6,23,168.8,11100,3000,18-APR-2022,
OPTSTK,HEROMOTOCO,26-May-2022,2420.0,CE,0.0,0.0,0.0,215.65,59.25,0,0.0,0,0,18-APR-2022,
OPTSTK,HEROMOTOCO,26-May-2022,2440.0,CE,0.0,0.0,0.0,204.75,53.4,0,0.0,0,0,18-APR-2022,
OPTSTK,HEROMOTOCO,26-May-2022,2460.0,CE,0.0,0.0,0.0,194.25,48.0,0,0.0,0,0,18-APR-2022,
OPTSTK,HEROMOTOCO,26-May-2022,2480.0,CE,0.0,0.0,0.0,184.15,43.2,0,0.0,0,0,18-APR-2022,
OPTSTK,HEROMOTOCO,26-May-2022,2500.0,CE,26.0,27.5,24.0,26.65,26.65,44,333.33,32400,3000,18-APR-2022,
OPTSTK,HEROMOTOCO,26-May-2022,2520.0,CE,0.0,0.0,0.0,165.05,34.45,0,0.0,0,0,18-APR-2022,
OPTSTK,HEROMOTOCO,26-May-2022,2540.0,CE,0.0,0.0,0.0,156.05,30.75,0,0.0,0,0,18-APR-2022,
OPTSTK,HEROMOTOCO,26-May-2022,2560.0,CE,0.0,0.0,0.0,147.45,27.3,0,0.0,0,0,18-APR-2022,
OPTSTK,HEROMOTOCO,26-May-2022,2580.0,CE,0.0,0.0,0.0,139.2,24.25,0,0.0,0,0,18-APR-2022,
OPTSTK,HEROMOTOCO,26-May-2022,2600.0,CE,19.0,19.0,19.0,19.0,21.45,3,23.57,1500,900,18-APR-2022,
OPTSTK,HEROMOTOCO,26-May-2022,2620.0,CE,0.0,0.0,0.0,123.7,18.95,0,0.0,0,0,18-APR-2022,
OPTSTK,HEROMOTOCO,26-May-2022,2640.0,CE,0.0,0.0,0.0,116.5,16.7,0,0.0,0,0,18-APR-2022,
OPTSTK,HEROMOTOCO,26-May-2022,2660.0,CE,0.0,0.0,0.0,21.2,14.7,0,0.0,300,0,18-APR-2022,
OPTSTK,HEROMOTOCO,26-May-2022,2680.0,CE,0.0,0.0,0.0,103.05,12.9,0,0.0,0,0,18-APR-2022,
OPTSTK,HEROMOTOCO,26-May-2022,2700.0,CE,12.25,12.25,10.0,10.0,11.3,2,16.26,600,0,18-APR-2022,
OPTSTK,HEROMOTOCO,26-May-2022,2720.0,CE,0.0,0.0,0.0,90.9,9.9,0,0.0,0,0,18-APR-2022,
OPTSTK,HEROMOTOCO,26-May-2022,2740.0,CE,0.0,0.0,0.0,85.25,8.65,0,0.0,0,0,18-APR-2022,
OPTSTK,HEROMOTOCO,26-May-2022,2760.0,CE,0.0,0.0,0.0,79.9,7.5,0,0.0,0,0,18-APR-2022,
OPTSTK,HEROMOTOCO,26-May-2022,2780.0,CE,0.0,0.0,0.0,74.95,6.55,0,0.0,0,0,18-APR-2022,
OPTSTK,HEROMOTOCO,26-May-2022,2800.0,CE,0.0,0.0,0.0,70.15,5.65,0,0.0,0,0,18-APR-2022,
OPTSTK,HEROMOTOCO,26-May-2022,2820.0,CE,0.0,0.0,0.0,65.65,4.9,0,0.0,0,0,18-APR-2022,
OPTSTK,HEROMOTOCO,26-May-2022,2840.0,CE,0.0,0.0,0.0,61.35,4.25,0,0.0,0,0,18-APR-2022,
OPTSTK,HEROMOTOCO,26-May-2022,2860.0,CE,0.0,0.0,0.0,57.25,3.65,0,0.0,0,0,18-APR-2022,
OPTSTK,HEROMOTOCO,26-May-2022,2880.0,CE,0.0,0.0,0.0,53.4,3.15,0,0.0,0,0,18-APR-2022,
OPTSTK,HEROMOTOCO,26-May-2022,2900.0,CE,0.0,0.0,0.0,49.8,2.7,0,0.0,0,0,18-APR-2022,
OPTSTK,HEROMOTOCO,26-May-2022,2920.0,CE,0.0,0.0,0.0,46.45,2.35,0,0.0,0,0,18-APR-2022,
OPTSTK,HEROMOTOCO,26-May-2022,2940.0,CE,0.0,0.0,0.0,43.25,2.0,0,0.0,0,0,18-APR-2022,
OPTSTK,HEROMOTOCO,26-May-2022,2960.0,CE,0.0,0.0,0.0,40.25,1.7,0,0.0,0,0,18-APR-2022,
OPTSTK,HEROMOTOCO,26-May-2022,2980.0,CE,0.0,0.0,0.0,37.45,1.45,0,0.0,0,0,18-APR-2022,
OPTSTK,HEROMOTOCO,26-May-2022,3000.0,CE,0.0,0.0,0.0,34.8,1.25,0,0.0,0,0,18-APR-2022,
OPTSTK,HEROMOTOCO,26-May-2022,3020.0,CE,0.0,0.0,0.0,32.3,1.05,0,0.0,0,0,18-APR-2022,
OPTSTK,HEROMOTOCO,26-May-2022,3040.0,CE,0.0,0.0,0.0,30.0,0.9,0,0.0,0,0,18-APR-2022,
OPTSTK,HEROMOTOCO,26-May-2022,3060.0,CE,0.0,0.0,0.0,27.8,0.75,0,0.0,0,0,18-APR-2022,
OPTSTK,HEROMOTOCO,26-May-2022,3080.0,CE,0.0,0.0,0.0,25.8,0.65,0,0.0,0,0,18-APR-2022,
OPTSTK,HEROMOTOCO,26-May-2022,3100.0,CE,0.0,0.0,0.0,23.9,0.55,0,0.0,0,0,18-APR-2022,
OPTSTK,HEROMOTOCO,26-May-2022,3120.0,CE,0.0,0.0,0.0,22.15,0.5,0,0.0,0,0,18-APR-2022,
OPTSTK,HEROMOTOCO,26-May-2022,3140.0,CE,0.0,0.0,0.0,20.5,0.4,0,0.0,0,0,18-APR-2022,
OPTSTK,HEROMOTOCO,26-May-2022,3160.0,CE,0.0,0.0,0.0,18.95,0.35,0,0.0,0,0,18-APR-2022,
OPTSTK,HEROMOTOCO,26-May-2022,3180.0,CE,0.0,0.0,0.0,17.5,0.3,0,0.0,0,0,18-APR-2022,
OPTSTK,HEROMOTOCO,26-May-2022,3200.0,CE,0.0,0.0,0.0,16.15,0.25,0,0.0,0,0,18-APR-2022,
OPTSTK,HEROMOTOCO,26-May-2022,3220.0,CE,0.0,0.0,0.0,14.95,0.2,0,0.0,0,0,18-APR-2022,
OPTSTK,HEROMOTOCO,26-May-2022,3240.0,CE,0.0,0.0,0.0,13.75,0.2,0,0.0,0,0,18-APR-2022,
OPTSTK,HEROMOTOCO,26-May-2022,1800.0,PE,0.0,0.0,0.0,9.4,1.75,0,0.0,9000,0,18-APR-2022,
OPTSTK,HEROMOTOCO,26-May-2022,1820.0,PE,0.0,0.0,0.0,3.65,2.25,0,0.0,0,0,18-APR-2022,
OPTSTK,HEROMOTOCO,26-May-2022,1840.0,PE,0.0,0.0,0.0,4.35,2.85,0,0.0,0,0,18-APR-2022,
OPTSTK,HEROMOTOCO,26-May-2022,1860.0,PE,0.0,0.0,0.0,5.15,3.65,0,0.0,0,0,18-APR-2022,
OPTSTK,HEROMOTOCO,26-May-2022,1880.0,PE,0.0,0.0,0.0,6.05,4.55,0,0.0,0,0,18-APR-2022,
OPTSTK,HEROMOTOCO,26-May-2022,1900.0,PE,13.0,13.0,13.0,13.0,5.7,2,11.47,3600,0,18-APR-2022,
OPTSTK,HEROMOTOCO,26-May-2022,1920.0,PE,0.0,0.0,0.0,8.25,7.0,0,0.0,0,0,18-APR-2022,
OPTSTK,HEROMOTOCO,26-May-2022,1940.0,PE,0.0,0.0,0.0,9.6,8.6,0,0.0,0,0,18-APR-2022,
OPTSTK,HEROMOTOCO,26-May-2022,1960.0,PE,0.0,0.0,0.0,11.1,10.45,0,0.0,0,0,18-APR-2022,
OPTSTK,HEROMOTOCO,26-May-2022,1980.0,PE,0.0,0.0,0.0,12.8,12.6,0,0.0,0,0,18-APR-2022,
OPTSTK,HEROMOTOCO,26-May-2022,2000.0,PE,11.9,11.9,11.4,11.55,11.55,6,36.2,19500,300,18-APR-2022,
OPTSTK,HEROMOTOCO,26-May-2022,2020.0,PE,0.0,0.0,0.0,16.7,17.9,0,0.0,0,0,18-APR-2022,
OPTSTK,HEROMOTOCO,26-May-2022,2040.0,PE,0.0,0.0,0.0,19.0,21.15,0,0.0,0,0,18-APR-2022,
OPTSTK,HEROMOTOCO,26-May-2022,2060.0,PE,0.0,0.0,0.0,21.55,24.8,0,0.0,0,0,18-APR-2022,
OPTSTK,HEROMOTOCO,26-May-2022,2080.0,PE,0.0,0.0,0.0,24.3,28.95,0,0.0,0,0,18-APR-2022,
OPTSTK,HEROMOTOCO,26-May-2022,2100.0,PE,28.0,29.0,21.05,21.75,21.75,52,331.38,21600,2700,18-APR-2022,
OPTSTK,HEROMOTOCO,26-May-2022,2120.0,PE,0.0,0.0,0.0,30.65,38.7,0,0.0,0,0,18-APR-2022,
OPTSTK,HEROMOTOCO,26-May-2022,2140.0,PE,0.0,0.0,0.0,34.25,44.2,0,0.0,0,0,18-APR-2022,
OPTSTK,HEROMOTOCO,26-May-2022,2160.0,PE,0.0,0.0,0.0,34.85,50.35,0,0.0,10200,0,18-APR-2022,
OPTSTK,HEROMOTOCO,26-May-2022,2180.0,PE,0.0,0.0,0.0,42.35,57.1,0,0.0,0,0,18-APR-2022,
OPTSTK,HEROMOTOCO,26-May-2022,2200.0,PE,55.0,55.0,42.0,44.0,44.0,21,141.66,25800,300,18-APR-2022,
OPTSTK,HEROMOTOCO,26-May-2022,2220.0,PE,0.0,0.0,0.0,51.7,72.3,0,0.0,0,0,18-APR-2022,
OPTSTK,HEROMOTOCO,26-May-2022,2240.0,PE,0.0,0.0,0.0,56.95,80.75,0,0.0,0,0,18-APR-2022,
OPTSTK,HEROMOTOCO,26-May-2022,2260.0,PE,0.0,0.0,0.0,62.45,89.85,0,0.0,0,0,18-APR-2022,
OPTSTK,HEROMOTOCO,26-May-2022,2280.0,PE,0.0,0.0,0.0,68.35,99.5,0,0.0,0,0,18-APR-2022,
OPTSTK,HEROMOTOCO,26-May-2022,2300.0,PE,104.2,108.0,85.0,85.0,85.0,12,86.32,23700,900,18-APR-2022,
OPTSTK,HEROMOTOCO,26-May-2022,2320.0,PE,0.0,0.0,0.0,81.1,120.6,0,0.0,0,0,18-APR-2022,
OPTSTK,HEROMOTOCO,26-May-2022,2340.0,PE,0.0,0.0,0.0,88.1,132.0,0,0.0,0,0,18-APR-2022,
OPTSTK,HEROMOTOCO,26-May-2022,2360.0,PE,0.0,0.0,0.0,95.5,144.0,0,0.0,0,0,18-APR-2022,
OPTSTK,HEROMOTOCO,26-May-2022,2380.0,PE,0.0,0.0,0.0,103.25,156.55,0,0.0,0,0,18-APR-2022,
OPTSTK,HEROMOTOCO,26-May-2022,2400.0,PE,0.0,0.0,0.0,123.0,169.6,0,0.0,600,0,18-APR-2022,
OPTSTK,HEROMOTOCO,26-May-2022,2420.0,PE,0.0,0.0,0.0,119.9,183.15,0,0.0,0,0,18-APR-2022,
OPTSTK,HEROMOTOCO,26-May-2022,2440.0,PE,0.0,0.0,0.0,128.85,197.2,0,0.0,0,0,18-APR-2022,
OPTSTK,HEROMOTOCO,26-May-2022,2460.0,PE,0.0,0.0,0.0,138.1,211.75,0,0.0,0,0,18-APR-2022,
OPTSTK,HEROMOTOCO,26-May-2022,2480.0,PE,0.0,0.0,0.0,147.8,226.85,0,0.0,0,0,18-APR-2022,
OPTSTK,HEROMOTOCO,26-May-2022,2500.0,PE,0.0,0.0,0.0,157.85,242.15,0,0.0,0,0,18-APR-2022,
OPTSTK,HEROMOTOCO,26-May-2022,2520.0,PE,0.0,0.0,0.0,168.25,257.95,0,0.0,0,0,18-APR-2022,
OPTSTK,HEROMOTOCO,26-May-2022,2540.0,PE,0.0,0.0,0.0,179.1,274.1,0,0.0,0,0,18-APR-2022,
OPTSTK,HEROMOTOCO,26-May-2022,2560.0,PE,0.0,0.0,0.0,190.25,290.6,0,0.0,0,0,18-APR-2022,
OPTSTK,HEROMOTOCO,26-May-2022,2580.0,PE,0.0,0.0,0.0,201.8,307.45,0,0.0,0,0,18-APR-2022,
OPTSTK,HEROMOTOCO,26-May-2022,2600.0,PE,0.0,0.0,0.0,213.65,324.6,0,0.0,0,0,18-APR-2022,
OPTSTK,HEROMOTOCO,26-May-2022,2620.0,PE,0.0,0.0,0.0,225.9,342.0,0,0.0,0,0,18-APR-2022,
OPTSTK,HEROMOTOCO,26-May-2022,2640.0,PE,0.0,0.0,0.0,238.45,359.65,0,0.0,0,0,18-APR-2022,
OPTSTK,HEROMOTOCO,26-May-2022,2660.0,PE,0.0,0.0,0.0,251.4,377.55,0,0.0,0,0,18-APR-2022,
OPTSTK,HEROMOTOCO,26-May-2022,2680.0,PE,0.0,0.0,0.0,264.6,395.7,0,0.0,0,0,18-APR-2022,
OPTSTK,HEROMOTOCO,26-May-2022,2700.0,PE,0.0,0.0,0.0,278.15,414.0,0,0.0,0,0,18-APR-2022,
OPTSTK,HEROMOTOCO,26-May-2022,2720.0,PE,0.0,0.0,0.0,292.0,432.5,0,0.0,0,0,18-APR-2022,
OPTSTK,HEROMOTOCO,26-May-2022,2740.0,PE,0.0,0.0,0.0,306.15,451.15,0,0.0,0,0,18-APR-2022,
OPTSTK,HEROMOTOCO,26-May-2022,2760.0,PE,0.0,0.0,0.0,320.6,469.95,0,0.0,0,0,18-APR-2022,
OPTSTK,HEROMOTOCO,26-May-2022,2780.0,PE,0.0,0.0,0.0,335.45,488.85,0,0.0,0,0,18-APR-2022,
OPTSTK,HEROMOTOCO,26-May-2022,2800.0,PE,0.0,0.0,0.0,350.45,507.9,0,0.0,0,0,18-APR-2022,
OPTSTK,HEROMOTOCO,26-May-2022,2820.0,PE,0.0,0.0,0.0,365.75,527.05,0,0.0,0,0,18-APR-2022,
OPTSTK,HEROMOTOCO,26-May-2022,2840.0,PE,0.0,0.0,0.0,381.25,546.3,0,0.0,0,0,18-APR-2022,
OPTSTK,HEROMOTOCO,26-May-2022,2860.0,PE,0.0,0.0,0.0,396.9,565.65,0,0.0,0,0,18-APR-2022,
OPTSTK,HEROMOTOCO,26-May-2022,2880.0,PE,0.0,0.0,0.0,412.85,585.05,0,0.0,0,0,18-APR-2022,
OPTSTK,HEROMOTOCO,26-May-2022,2900.0,PE,0.0,0.0,0.0,429.05,604.5,0,0.0,0,0,18-APR-2022,
OPTSTK,HEROMOTOCO,26-May-2022,2920.0,PE,0.0,0.0,0.0,445.45,624.05,0,0.0,0,0,18-APR-2022,
OPTSTK,HEROMOTOCO,26-May-2022,2940.0,PE,0.0,0.0,0.0,462.05,643.6,0,0.0,0,0,18-APR-2022,
OPTSTK,HEROMOTOCO,26-May-2022,2960.0,PE,0.0,0.0,0.0,478.85,663.25,0,0.0,0,0,18-APR-2022,
OPTSTK,HEROMOTOCO,26-May-2022,2980.0,PE,0.0,0.0,0.0,495.85,682.9,0,0.0,0,0,18-APR-2022,
OPTSTK,HEROMOTOCO,26-May-2022,3000.0,PE,0.0,0.0,0.0,513.0,702.6,0,0.0,0,0,18-APR-2022,
OPTSTK,HEROMOTOCO,26-May-2022,3020.0,PE,0.0,0.0,0.0,530.3,722.35,0,0.0,0,0,18-APR-2022,
OPTSTK,HEROMOTOCO,26-May-2022,3040.0,PE,0.0,0.0,0.0,547.8,742.1,0,0.0,0,0,18-APR-2022,
OPTSTK,HEROMOTOCO,26-May-2022,3060.0,PE,0.0,0.0,0.0,565.4,761.85,0,0.0,0,0,18-APR-2022,
OPTSTK,HEROMOTOCO,26-May-2022,3080.0,PE,0.0,0.0,0.0,583.15,781.65,0,0.0,0,0,18-APR-2022,
OPTSTK,HEROMOTOCO,26-May-2022,3100.0,PE,0.0,0.0,0.0,601.05,801.45,0,0.0,0,0,18-APR-2022,
OPTSTK,HEROMOTOCO,26-May-2022,3120.0,PE,0.0,0.0,0.0,619.05,821.3,0,0.0,0,0,18-APR-2022,
OPTSTK,HEROMOTOCO,26-May-2022,3140.0,PE,0.0,0.0,0.0,637.2,841.15,0,0.0,0,0,18-APR-2022,
OPTSTK,HEROMOTOCO,26-May-2022,3160.0,PE,0.0,0.0,0.0,655.45,861.0,0,0.0,0,0,18-APR-2022,
OPTSTK,HEROMOTOCO,26-May-2022,3180.0,PE,0.0,0.0,0.0,673.8,880.85,0,0.0,0,0,18-APR-2022,
OPTSTK,HEROMOTOCO,26-May-2022,3200.0,PE,0.0,0.0,0.0,692.3,900.7,0,0.0,0,0,18-APR-2022,
OPTSTK,HEROMOTOCO,26-May-2022,3220.0,PE,0.0,0.0,0.0,710.85,920.6,0,0.0,0,0,18-APR-2022,
OPTSTK,HEROMOTOCO,26-May-2022,3240.0,PE,0.0,0.0,0.0,729.45,940.5,0,0.0,0,0,18-APR-2022,
OPTSTK,HEROMOTOCO,30-Jun-2022,1800.0,CE,0.0,0.0,0.0,527.7,510.05,0,0.0,0,0,18-APR-2022,
OPTSTK,HEROMOTOCO,30-Jun-2022,1820.0,CE,0.0,0.0,0.0,510.0,491.85,0,0.0,0,0,18-APR-2022,
OPTSTK,HEROMOTOCO,30-Jun-2022,1840.0,CE,0.0,0.0,0.0,492.5,473.85,0,0.0,0,0,18-APR-2022,
OPTSTK,HEROMOTOCO,30-Jun-2022,1860.0,CE,0.0,0.0,0.0,475.3,456.05,0,0.0,0,0,18-APR-2022,
OPTSTK,HEROMOTOCO,30-Jun-2022,1880.0,CE,0.0,0.0,0.0,458.3,438.5,0,0.0,0,0,18-APR-2022,
OPTSTK,HEROMOTOCO,30-Jun-2022,1900.0,CE,0.0,0.0,0.0,441.6,421.25,0,0.0,0,0,18-APR-2022,
OPTSTK,HEROMOTOCO,30-Jun-2022,1920.0,CE,0.0,0.0,0.0,425.15,404.25,0,0.0,0,0,18-APR-2022,
OPTSTK,HEROMOTOCO,30-Jun-2022,1940.0,CE,0.0,0.0,0.0,409.0,387.55,0,0.0,0,0,18-APR-2022,
OPTSTK,HEROMOTOCO,30-Jun-2022,1960.0,CE,0.0,0.0,0.0,393.15,371.15,0,0.0,0,0,18-APR-2022,
OPTSTK,HEROMOTOCO,30-Jun-2022,1980.0,CE,0.0,0.0,0.0,377.6,355.05,0,0.0,0,0,18-APR-2022,
OPTSTK,HEROMOTOCO,30-Jun-2022,2000.0,CE,0.0,0.0,0.0,362.4,339.35,0,0.0,0,0,18-APR-2022,
OPTSTK,HEROMOTOCO,30-Jun-2022,2020.0,CE,0.0,0.0,0.0,347.6,323.95,0,0.0,0,0,18-APR-2022,
OPTSTK,HEROMOTOCO,30-Jun-2022,2040.0,CE,0.0,0.0,0.0,333.05,308.95,0,0.0,0,0,18-APR-2022,
OPTSTK,HEROMOTOCO,30-Jun-2022,2060.0,CE,0.0,0.0,0.0,318.8,294.4,0,0.0,0,0,18-APR-2022,
OPTSTK,HEROMOTOCO,30-Jun-2022,2080.0,CE,0.0,0.0,0.0,304.95,280.15,0,0.0,0,0,18-APR-2022,
OPTSTK,HEROMOTOCO,30-Jun-2022,2100.0,CE,0.0,0.0,0.0,291.4,266.2,0,0.0,0,0,18-APR-2022,
OPTSTK,HEROMOTOCO,30-Jun-2022,2120.0,CE,0.0,0.0,0.0,278.3,252.75,0,0.0,0,0,18-APR-2022,
OPTSTK,HEROMOTOCO,30-Jun-2022,2140.0,CE,0.0,0.0,0.0,265.55,239.75,0,0.0,0,0,18-APR-2022,
OPTSTK,HEROMOTOCO,30-Jun-2022,2160.0,CE,0.0,0.0,0.0,253.2,227.2,0,0.0,0,0,18-APR-2022,
OPTSTK,HEROMOTOCO,30-Jun-2022,2180.0,CE,0.0,0.0,0.0,241.25,215.0,0,0.0,0,0,18-APR-2022,
OPTSTK,HEROMOTOCO,30-Jun-2022,2200.0,CE,0.0,0.0,0.0,229.65,203.3,0,0.0,0,0,18-APR-2022,
OPTSTK,HEROMOTOCO,30-Jun-2022,2220.0,CE,0.0,0.0,0.0,218.45,192.0,0,0.0,0,0,18-APR-2022,
OPTSTK,HEROMOTOCO,30-Jun-2022,2240.0,CE,0.0,0.0,0.0,207.6,181.1,0,0.0,0,0,18-APR-2022,
OPTSTK,HEROMOTOCO,30-Jun-2022,2260.0,CE,0.0,0.0,0.0,197.15,170.7,0,0.0,0,0,18-APR-2022,
OPTSTK,HEROMOTOCO,30-Jun-2022,2280.0,CE,0.0,0.0,0.0,187.05,160.65,0,0.0,0,0,18-APR-2022,
OPTSTK,HEROMOTOCO,30-Jun-2022,2300.0,CE,0.0,0.0,0.0,177.4,151.1,0,0.0,0,0,18-APR-2022,
OPTSTK,HEROMOTOCO,30-Jun-2022,2320.0,CE,0.0,0.0,0.0,168.05,141.9,0,0.0,0,0,18-APR-2022,
OPTSTK,HEROMOTOCO,30-Jun-2022,2340.0,CE,0.0,0.0,0.0,159.1,133.15,0,0.0,0,0,18-APR-2022,
OPTSTK,HEROMOTOCO,30-Jun-2022,2360.0,CE,0.0,0.0,0.0,150.5,124.85,0,0.0,0,0,18-APR-2022,
OPTSTK,HEROMOTOCO,30-Jun-2022,2380.0,CE,0.0,0.0,0.0,142.25,116.9,0,0.0,0,0,18-APR-2022,
OPTSTK,HEROMOTOCO,30-Jun-2022,2400.0,CE,0.0,0.0,0.0,134.35,109.35,0,0.0,0,0,18-APR-2022,
OPTSTK,HEROMOTOCO,30-Jun-2022,2420.0,CE,0.0,0.0,0.0,126.8,102.15,0,0.0,0,0,18-APR-2022,
OPTSTK,HEROMOTOCO,30-Jun-2022,2440.0,CE,0.0,0.0,0.0,119.6,95.35,0,0.0,0,0,18-APR-2022,
OPTSTK,HEROMOTOCO,30-Jun-2022,2460.0,CE,0.0,0.0,0.0,112.7,88.95,0,0.0,0,0,18-APR-2022,
OPTSTK,HEROMOTOCO,30-Jun-2022,2480.0,CE,0.0,0.0,0.0,106.15,82.85,0,0.0,0,0,18-APR-2022,
OPTSTK,HEROMOTOCO,30-Jun-2022,2500.0,CE,0.0,0.0,0.0,81.1,77.1,0,0.0,300,0,18-APR-2022,
OPTSTK,HEROMOTOCO,30-Jun-2022,2520.0,CE,0.0,0.0,0.0,93.95,71.7,0,0.0,0,0,18-APR-2022,
OPTSTK,HEROMOTOCO,30-Jun-2022,2540.0,CE,0.0,0.0,0.0,88.3,66.7,0,0.0,0,0,18-APR-2022,
OPTSTK,HEROMOTOCO,30-Jun-2022,2560.0,CE,0.0,0.0,0.0,82.9,61.95,0,0.0,0,0,18-APR-2022,
OPTSTK,HEROMOTOCO,30-Jun-2022,2580.0,CE,0.0,0.0,0.0,77.9,57.45,0,0.0,0,0,18-APR-2022,
OPTSTK,HEROMOTOCO,30-Jun-2022,2600.0,CE,0.0,0.0,0.0,73.1,53.25,0,0.0,0,0,18-APR-2022,
OPTSTK,HEROMOTOCO,30-Jun-2022,2620.0,CE,0.0,0.0,0.0,68.55,49.2,0,0.0,0,0,18-APR-2022,
OPTSTK,HEROMOTOCO,30-Jun-2022,2640.0,CE,0.0,0.0,0.0,64.2,45.5,0,0.0,0,0,18-APR-2022,
OPTSTK,HEROMOTOCO,30-Jun-2022,2660.0,CE,0.0,0.0,0.0,60.15,42.0,0,0.0,0,0,18-APR-2022,
OPTSTK,HEROMOTOCO,30-Jun-2022,2680.0,CE,0.0,0.0,0.0,56.15,38.8,0,0.0,0,0,18-APR-2022,
OPTSTK,HEROMOTOCO,30-Jun-2022,2700.0,CE,0.0,0.0,0.0,52.5,35.75,0,0.0,0,0,18-APR-2022,
OPTSTK,HEROMOTOCO,30-Jun-2022,2720.0,CE,0.0,0.0,0.0,49.05,32.95,0,0.0,0,0,18-APR-2022,
OPTSTK,HEROMOTOCO,30-Jun-2022,2740.0,CE,0.0,0.0,0.0,45.8,30.35,0,0.0,0,0,18-APR-2022,
OPTSTK,HEROMOTOCO,30-Jun-2022,2760.0,CE,0.0,0.0,0.0,42.75,27.9,0,0.0,0,0,18-APR-2022,
OPTSTK,HEROMOTOCO,30-Jun-2022,2780.0,CE,0.0,0.0,0.0,39.9,25.65,0,0.0,0,0,18-APR-2022,
OPTSTK,HEROMOTOCO,30-Jun-2022,2800.0,CE,0.0,0.0,0.0,37.2,23.55,0,0.0,0,0,18-APR-2022,
OPTSTK,HEROMOTOCO,30-Jun-2022,2820.0,CE,0.0,0.0,0.0,34.65,21.6,0,0.0,0,0,18-APR-2022,
OPTSTK,HEROMOTOCO,30-Jun-2022,2840.0,CE,0.0,0.0,0.0,32.25,19.8,0,0.0,0,0,18-APR-2022,
OPTSTK,HEROMOTOCO,30-Jun-2022,2860.0,CE,0.0,0.0,0.0,30.0,18.15,0,0.0,0,0,18-APR-2022,
OPTSTK,HEROMOTOCO,30-Jun-2022,2880.0,CE,0.0,0.0,0.0,27.9,16.6,0,0.0,0,0,18-APR-2022,
OPTSTK,HEROMOTOCO,30-Jun-2022,2900.0,CE,0.0,0.0,0.0,25.95,15.2,0,0.0,0,0,18-APR-2022,
OPTSTK,HEROMOTOCO,30-Jun-2022,2920.0,CE,0.0,0.0,0.0,24.1,13.9,0,0.0,0,0,18-APR-2022,
OPTSTK,HEROMOTOCO,30-Jun-2022,2940.0,CE,0.0,0.0,0.0,22.4,12.7,0,0.0,0,0,18-APR-2022,
OPTSTK,HEROMOTOCO,30-Jun-2022,2960.0,CE,0.0,0.0,0.0,20.75,11.6,0,0.0,0,0,18-APR-2022,
OPTSTK,HEROMOTOCO,30-Jun-2022,2980.0,CE,0.0,0.0,0.0,19.25,10.55,0,0.0,0,0,18-APR-2022,
OPTSTK,HEROMOTOCO,30-Jun-2022,3000.0,CE,0.0,0.0,0.0,17.85,9.65,0,0.0,0,0,18-APR-2022,
OPTSTK,HEROMOTOCO,30-Jun-2022,3020.0,CE,0.0,0.0,0.0,16.55,8.75,0,0.0,0,0,18-APR-2022,
OPTSTK,HEROMOTOCO,30-Jun-2022,3040.0,CE,0.0,0.0,0.0,15.35,8.0,0,0.0,0,0,18-APR-2022,
OPTSTK,HEROMOTOCO,30-Jun-2022,3060.0,CE,0.0,0.0,0.0,14.2,7.25,0,0.0,0,0,18-APR-2022,
OPTSTK,HEROMOTOCO,30-Jun-2022,3080.0,CE,0.0,0.0,0.0,13.15,6.6,0,0.0,0,0,18-APR-2022,
OPTSTK,HEROMOTOCO,30-Jun-2022,3100.0,CE,0.0,0.0,0.0,12.15,6.0,0,0.0,0,0,18-APR-2022,
OPTSTK,HEROMOTOCO,30-Jun-2022,1800.0,PE,0.0,0.0,0.0,20.0,9.4,0,0.0,300,0,18-APR-2022,
OPTSTK,HEROMOTOCO,30-Jun-2022,1820.0,PE,0.0,0.0,0.0,16.7,11.05,0,0.0,0,0,18-APR-2022,
OPTSTK,HEROMOTOCO,30-Jun-2022,1840.0,PE,0.0,0.0,0.0,19.05,12.85,0,0.0,0,0,18-APR-2022,
OPTSTK,HEROMOTOCO,30-Jun-2022,1860.0,PE,0.0,0.0,0.0,21.6,14.9,0,0.0,0,0,18-APR-2022,
OPTSTK,HEROMOTOCO,30-Jun-2022,1880.0,PE,0.0,0.0,0.0,24.4,17.2,0,0.0,0,0,18-APR-2022,
OPTSTK,HEROMOTOCO,30-Jun-2022,1900.0,PE,0.0,0.0,0.0,27.45,19.75,0,0.0,0,0,18-APR-2022,
OPTSTK,HEROMOTOCO,30-Jun-2022,1920.0,PE,0.0,0.0,0.0,30.8,22.6,0,0.0,0,0,18-APR-2022,
OPTSTK,HEROMOTOCO,30-Jun-2022,1940.0,PE,0.0,0.0,0.0,34.45,25.7,0,0.0,0,0,18-APR-2022,
OPTSTK,HEROMOTOCO,30-Jun-2022,1960.0,PE,0.0,0.0,0.0,38.4,29.15,0,0.0,0,0,18-APR-2022,
OPTSTK,HEROMOTOCO,30-Jun-2022,1980.0,PE,0.0,0.0,0.0,42.65,32.9,0,0.0,0,0,18-APR-2022,
OPTSTK,HEROMOTOCO,30-Jun-2022,2000.0,PE,0.0,0.0,0.0,22.05,37.0,0,0.0,1200,0,18-APR-2022,
OPTSTK,HEROMOTOCO,30-Jun-2022,2020.0,PE,0.0,0.0,0.0,52.2,41.45,0,0.0,0,0,18-APR-2022,
OPTSTK,HEROMOTOCO,30-Jun-2022,2040.0,PE,0.0,0.0,0.0,57.45,46.3,0,0.0,0,0,18-APR-2022,
OPTSTK,HEROMOTOCO,30-Jun-2022,2060.0,PE,0.0,0.0,0.0,63.0,51.55,0,0.0,0,0,18-APR-2022,
OPTSTK,HEROMOTOCO,30-Jun-2022,2080.0,PE,0.0,0.0,0.0,68.95,57.15,0,0.0,0,0,18-APR-2022,
OPTSTK,HEROMOTOCO,30-Jun-2022,2100.0,PE,0.0,0.0,0.0,53.15,63.0,0,0.0,900,0,18-APR-2022,
OPTSTK,HEROMOTOCO,30-Jun-2022,2120.0,PE,0.0,0.0,0.0,81.85,69.4,0,0.0,0,0,18-APR-2022,
OPTSTK,HEROMOTOCO,30-Jun-2022,2140.0,PE,0.0,0.0,0.0,88.9,76.25,0,0.0,0,0,18-APR-2022,
OPTSTK,HEROMOTOCO,30-Jun-2022,2160.0,PE,0.0,0.0,0.0,96.35,83.5,0,0.0,0,0,18-APR-2022,
OPTSTK,HEROMOTOCO,30-Jun-2022,2180.0,PE,0.0,0.0,0.0,104.15,91.15,0,0.0,0,0,18-APR-2022,
OPTSTK,HEROMOTOCO,30-Jun-2022,2200.0,PE,0.0,0.0,0.0,112.35,99.25,0,0.0,0,0,18-APR-2022,
OPTSTK,HEROMOTOCO,30-Jun-2022,2220.0,PE,0.0,0.0,0.0,120.95,107.8,0,0.0,0,0,18-APR-2022,
OPTSTK,HEROMOTOCO,30-Jun-2022,2240.0,PE,0.0,0.0,0.0,129.9,116.75,0,0.0,0,0,18-APR-2022,
OPTSTK,HEROMOTOCO,30-Jun-2022,2260.0,PE,0.0,0.0,0.0,139.25,126.15,0,0.0,0,0,18-APR-2022,
OPTSTK,HEROMOTOCO,30-Jun-2022,2280.0,PE,0.0,0.0,0.0,148.95,135.95,0,0.0,0,0,18-APR-2022,
OPTSTK,HEROMOTOCO,30-Jun-2022,2300.0,PE,0.0,0.0,0.0,70.0,146.2,0,0.0,600,0,18-APR-2022,
OPTSTK,HEROMOTOCO,30-Jun-2022,2320.0,PE,0.0,0.0,0.0,169.5,156.9,0,0.0,0,0,18-APR-2022,
OPTSTK,HEROMOTOCO,30-Jun-2022,2340.0,PE,0.0,0.0,0.0,180.35,167.95,0,0.0,0,0,18-APR-2022,
OPTSTK,HEROMOTOCO,30-Jun-2022,2360.0,PE,0.0,0.0,0.0,191.55,179.45,0,0.0,0,0,18-APR-2022,
OPTSTK,HEROMOTOCO,30-Jun-2022,2380.0,PE,0.0,0.0,0.0,203.1,191.35,0,0.0,0,0,18-APR-2022,
OPTSTK,HEROMOTOCO,30-Jun-2022,2400.0,PE,0.0,0.0,0.0,215.0,203.6,0,0.0,0,0,18-APR-2022,
OPTSTK,HEROMOTOCO,30-Jun-2022,2420.0,PE,0.0,0.0,0.0,227.2,216.3,0,0.0,0,0,18-APR-2022,
OPTSTK,HEROMOTOCO,30-Jun-2022,2440.0,PE,0.0,0.0,0.0,239.8,229.3,0,0.0,0,0,18-APR-2022,
OPTSTK,HEROMOTOCO,30-Jun-2022,2460.0,PE,0.0,0.0,0.0,252.7,242.7,0,0.0,0,0,18-APR-2022,
OPTSTK,HEROMOTOCO,30-Jun-2022,2480.0,PE,0.0,0.0,0.0,265.95,256.45,0,0.0,0,0,18-APR-2022,
OPTSTK,HEROMOTOCO,30-Jun-2022,2500.0,PE,0.0,0.0,0.0,279.45,270.55,0,0.0,0,0,18-APR-2022,
OPTSTK,HEROMOTOCO,30-Jun-2022,2520.0,PE,0.0,0.0,0.0,293.3,284.95,0,0.0,0,0,18-APR-2022,
OPTSTK,HEROMOTOCO,30-Jun-2022,2540.0,PE,0.0,0.0,0.0,307.45,299.8,0,0.0,0,0,18-APR-2022,
OPTSTK,HEROMOTOCO,30-Jun-2022,2560.0,PE,0.0,0.0,0.0,321.85,314.85,0,0.0,0,0,18-APR-2022,
OPTSTK,HEROMOTOCO,30-Jun-2022,2580.0,PE,0.0,0.0,0.0,336.65,330.2,0,0.0,0,0,18-APR-2022,
OPTSTK,HEROMOTOCO,30-Jun-2022,2600.0,PE,0.0,0.0,0.0,351.6,345.85,0,0.0,0,0,18-APR-2022,
OPTSTK,HEROMOTOCO,30-Jun-2022,2620.0,PE,0.0,0.0,0.0,366.85,361.6,0,0.0,0,0,18-APR-2022,
OPTSTK,HEROMOTOCO,30-Jun-2022,2640.0,PE,0.0,0.0,0.0,382.3,377.75,0,0.0,0,0,18-APR-2022,
OPTSTK,HEROMOTOCO,30-Jun-2022,2660.0,PE,0.0,0.0,0.0,398.0,394.1,0,0.0,0,0,18-APR-2022,
OPTSTK,HEROMOTOCO,30-Jun-2022,2680.0,PE,0.0,0.0,0.0,413.85,410.7,0,0.0,0,0,18-APR-2022,
OPTSTK,HEROMOTOCO,30-Jun-2022,2700.0,PE,0.0,0.0,0.0,430.0,427.5,0,0.0,0,0,18-APR-2022,
OPTSTK,HEROMOTOCO,30-Jun-2022,2720.0,PE,0.0,0.0,0.0,446.3,444.55,0,0.0,0,0,18-APR-2022,
OPTSTK,HEROMOTOCO,30-Jun-2022,2740.0,PE,0.0,0.0,0.0,462.85,461.75,0,0.0,0,0,18-APR-2022,
OPTSTK,HEROMOTOCO,30-Jun-2022,2760.0,PE,0.0,0.0,0.0,479.6,479.15,0,0.0,0,0,18-APR-2022,
OPTSTK,HEROMOTOCO,30-Jun-2022,2780.0,PE,0.0,0.0,0.0,496.5,496.7,0,0.0,0,0,18-APR-2022,
OPTSTK,HEROMOTOCO,30-Jun-2022,2800.0,PE,0.0,0.0,0.0,513.6,514.45,0,0.0,0,0,18-APR-2022,
OPTSTK,HEROMOTOCO,30-Jun-2022,2820.0,PE,0.0,0.0,0.0,530.85,532.35,0,0.0,0,0,18-APR-2022,
OPTSTK,HEROMOTOCO,30-Jun-2022,2840.0,PE,0.0,0.0,0.0,548.25,550.4,0,0.0,0,0,18-APR-2022,
OPTSTK,HEROMOTOCO,30-Jun-2022,2860.0,PE,0.0,0.0,0.0,565.8,568.55,0,0.0,0,0,18-APR-2022,
OPTSTK,HEROMOTOCO,30-Jun-2022,2880.0,PE,0.0,0.0,0.0,583.45,586.85,0,0.0,0,0,18-APR-2022,
OPTSTK,HEROMOTOCO,30-Jun-2022,2900.0,PE,0.0,0.0,0.0,601.3,605.25,0,0.0,0,0,18-APR-2022,
OPTSTK,HEROMOTOCO,30-Jun-2022,2920.0,PE,0.0,0.0,0.0,619.25,623.8,0,0.0,0,0,18-APR-2022,
OPTSTK,HEROMOTOCO,30-Jun-2022,2940.0,PE,0.0,0.0,0.0,637.3,642.4,0,0.0,0,0,18-APR-2022,
OPTSTK,HEROMOTOCO,30-Jun-2022,2960.0,PE,0.0,0.0,0.0,655.5,661.15,0,0.0,0,0,18-APR-2022,
OPTSTK,HEROMOTOCO,30-Jun-2022,2980.0,PE,0.0,0.0,0.0,673.8,679.95,0,0.0,0,0,18-APR-2022,
OPTSTK,HEROMOTOCO,30-Jun-2022,3000.0,PE,0.0,0.0,0.0,692.15,698.85,0,0.0,0,0,18-APR-2022,
OPTSTK,HEROMOTOCO,30-Jun-2022,3020.0,PE,0.0,0.0,0.0,710.65,717.8,0,0.0,0,0,18-APR-2022,
OPTSTK,HEROMOTOCO,30-Jun-2022,3040.0,PE,0.0,0.0,0.0,729.2,736.85,0,0.0,0,0,18-APR-2022,
OPTSTK,HEROMOTOCO,30-Jun-2022,3060.0,PE,0.0,0.0,0.0,747.85,755.95,0,0.0,0,0,18-APR-2022,
OPTSTK,HEROMOTOCO,30-Jun-2022,3080.0,PE,0.0,0.0,0.0,766.6,775.15,0,0.0,0,0,18-APR-2022,
OPTSTK,HEROMOTOCO,30-Jun-2022,3100.0,PE,0.0,0.0,0.0,785.4,794.35,0,0.0,0,0,18-APR-2022,
OPTSTK,HINDALCO,28-Apr-2022,300.0,CE,0.0,0.0,0.0,331.0,245.7,0,0.0,8600,0,18-APR-2022,
OPTSTK,HINDALCO,28-Apr-2022,310.0,CE,0.0,0.0,0.0,183.8,235.7,0,0.0,0,0,18-APR-2022,
OPTSTK,HINDALCO,28-Apr-2022,320.0,CE,0.0,0.0,0.0,174.4,225.75,0,0.0,0,0,18-APR-2022,
OPTSTK,HINDALCO,28-Apr-2022,330.0,CE,0.0,0.0,0.0,165.2,215.75,0,0.0,0,0,18-APR-2022,
OPTSTK,HINDALCO,28-Apr-2022,340.0,CE,0.0,0.0,0.0,156.15,205.75,0,0.0,0,0,18-APR-2022,
OPTSTK,HINDALCO,28-Apr-2022,350.0,CE,0.0,0.0,0.0,147.25,195.75,0,0.0,0,0,18-APR-2022,
OPTSTK,HINDALCO,28-Apr-2022,360.0,CE,0.0,0.0,0.0,138.6,185.8,0,0.0,0,0,18-APR-2022,
OPTSTK,HINDALCO,28-Apr-2022,370.0,CE,0.0,0.0,0.0,130.15,175.8,0,0.0,0,0,18-APR-2022,
OPTSTK,HINDALCO,28-Apr-2022,380.0,CE,0.0,0.0,0.0,121.95,165.8,0,0.0,0,0,18-APR-2022,
OPTSTK,HINDALCO,28-Apr-2022,390.0,CE,0.0,0.0,0.0,114.05,155.8,0,0.0,0,0,18-APR-2022,
OPTSTK,HINDALCO,28-Apr-2022,400.0,CE,0.0,0.0,0.0,168.0,145.8,0,0.0,7525,0,18-APR-2022,
OPTSTK,HINDALCO,28-Apr-2022,410.0,CE,0.0,0.0,0.0,99.1,135.85,0,0.0,0,0,18-APR-2022,
OPTSTK,HINDALCO,28-Apr-2022,420.0,CE,0.0,0.0,0.0,92.1,125.85,0,0.0,0,0,18-APR-2022,
OPTSTK,HINDALCO,28-Apr-2022,430.0,CE,0.0,0.0,0.0,85.4,115.9,0,0.0,0,0,18-APR-2022,
OPTSTK,HINDALCO,28-Apr-2022,440.0,CE,0.0,0.0,0.0,79.0,105.95,0,0.0,0,0,18-APR-2022,
OPTSTK,HINDALCO,28-Apr-2022,450.0,CE,0.0,0.0,0.0,177.0,96.05,0,0.0,2150,0,18-APR-2022,
OPTSTK,HINDALCO,28-Apr-2022,460.0,CE,0.0,0.0,0.0,67.3,86.25,0,0.0,0,0,18-APR-2022,
OPTSTK,HINDALCO,28-Apr-2022,470.0,CE,0.0,0.0,0.0,61.9,76.6,0,0.0,0,0,18-APR-2022,
OPTSTK,HINDALCO,28-Apr-2022,480.0,CE,0.0,0.0,0.0,56.85,67.2,0,0.0,0,0,18-APR-2022,
OPTSTK,HINDALCO,28-Apr-2022,490.0,CE,0.0,0.0,0.0,52.1,58.1,0,0.0,0,0,18-APR-2022,
OPTSTK,HINDALCO,28-Apr-2022,500.0,CE,53.0,57.1,44.45,49.25,49.25,6,35.47,30100,-3225,18-APR-2022,
OPTSTK,HINDALCO,28-Apr-2022,510.0,CE,35.85,40.95,35.85,40.95,41.4,4,23.62,17200,0,18-APR-2022,
OPTSTK,HINDALCO,28-Apr-2022,520.0,CE,31.0,39.2,27.05,31.95,31.95,18,106.67,21500,2150,18-APR-2022,
OPTSTK,HINDALCO,28-Apr-2022,530.0,CE,23.95,30.6,19.4,24.4,24.4,261,1551.63,86000,-20425,18-APR-2022,
OPTSTK,HINDALCO,28-Apr-2022,540.0,CE,18.25,24.35,13.9,17.45,17.45,1528,9145.0,524600,162325,18-APR-2022,
OPTSTK,HINDALCO,28-Apr-2022,550.0,CE,12.0,17.5,9.15,11.9,11.9,5106,30828.91,1407175,216075,18-APR-2022,
OPTSTK,HINDALCO,28-Apr-2022,560.0,CE,8.25,11.85,5.1,7.5,7.5,2426,14797.84,2381125,172000,18-APR-2022,
OPTSTK,HINDALCO,28-Apr-2022,570.0,CE,5.95,7.75,3.85,4.9,4.9,1565,9674.16,1312575,70950,18-APR-2022,
OPTSTK,HINDALCO,28-Apr-2022,580.0,CE,3.65,5.2,2.6,3.2,3.2,2239,14041.49,5289000,141900,18-APR-2022,
OPTSTK,HINDALCO,28-Apr-2022,590.0,CE,2.9,3.9,2.15,2.5,2.5,1598,10182.16,2395100,48375,18-APR-2022,
OPTSTK,HINDALCO,28-Apr-2022,600.0,CE,2.75,2.95,1.8,2.0,2.0,2728,17657.93,6583300,-68800,18-APR-2022,
OPTSTK,HINDALCO,28-Apr-2022,610.0,CE,1.55,2.05,1.45,1.55,1.55,691,4543.61,1620025,41925,18-APR-2022,
OPTSTK,HINDALCO,28-Apr-2022,620.0,CE,1.5,1.75,1.25,1.35,1.35,882,5891.94,1993050,-67725,18-APR-2022,
OPTSTK,HINDALCO,28-Apr-2022,630.0,CE,1.25,1.35,1.0,1.1,1.1,607,4118.42,1345900,-50525,18-APR-2022,
OPTSTK,HINDALCO,28-Apr-2022,640.0,CE,2.25,2.25,0.85,0.95,0.95,373,2570.05,909450,-151575,18-APR-2022,
OPTSTK,HINDALCO,28-Apr-2022,650.0,CE,1.4,1.4,0.8,0.9,0.9,801,5604.34,1900600,-31175,18-APR-2022,
OPTSTK,HINDALCO,28-Apr-2022,660.0,CE,2.0,2.0,0.65,0.8,0.8,134,951.9,393450,-41925,18-APR-2022,
OPTSTK,HINDALCO,28-Apr-2022,670.0,CE,0.8,0.85,0.65,0.8,0.8,48,346.09,270900,-9675,18-APR-2022,
OPTSTK,HINDALCO,28-Apr-2022,680.0,CE,0.8,0.8,0.55,0.65,0.65,69,504.87,353675,-23650,18-APR-2022,
OPTSTK,HINDALCO,28-Apr-2022,690.0,CE,0.5,1.1,0.5,0.65,0.65,201,1492.24,781525,-4300,18-APR-2022,
OPTSTK,HINDALCO,28-Apr-2022,700.0,CE,0.55,0.65,0.45,0.6,0.6,167,1257.7,975025,-87075,18-APR-2022,
OPTSTK,HINDALCO,28-Apr-2022,710.0,CE,0.35,0.5,0.35,0.4,0.05,4,30.54,53750,-1075,18-APR-2022,
OPTSTK,HINDALCO,28-Apr-2022,720.0,CE,0.45,0.55,0.3,0.55,0.55,21,162.64,176300,-11825,18-APR-2022,
OPTSTK,HINDALCO,28-Apr-2022,730.0,CE,0.35,0.45,0.3,0.45,0.0,23,180.57,225750,-4300,18-APR-2022,
OPTSTK,HINDALCO,28-Apr-2022,300.0,PE,0.0,0.0,0.0,0.3,0.0,0,0.0,5375,0,18-APR-2022,
OPTSTK,HINDALCO,28-Apr-2022,310.0,PE,0.0,0.0,0.0,1.4,0.0,0,0.0,0,0,18-APR-2022,
OPTSTK,HINDALCO,28-Apr-2022,320.0,PE,0.0,0.0,0.0,1.95,0.0,0,0.0,0,0,18-APR-2022,
OPTSTK,HINDALCO,28-Apr-2022,330.0,PE,0.0,0.0,0.0,2.6,0.0,0,0.0,0,0,18-APR-2022,
OPTSTK,HINDALCO,28-Apr-2022,340.0,PE,0.0,0.0,0.0,3.45,0.0,0,0.0,0,0,18-APR-2022,
OPTSTK,HINDALCO,28-Apr-2022,350.0,PE,0.0,0.0,0.0,0.1,0.0,0,0.0,1075,0,18-APR-2022,
OPTSTK,HINDALCO,28-Apr-2022,360.0,PE,0.0,0.0,0.0,5.7,0.0,0,0.0,0,0,18-APR-2022,
OPTSTK,HINDALCO,28-Apr-2022,370.0,PE,0.0,0.0,0.0,7.15,0.0,0,0.0,0,0,18-APR-2022,
OPTSTK,HINDALCO,28-Apr-2022,380.0,PE,0.0,0.0,0.0,8.85,0.0,0,0.0,0,0,18-APR-2022,
OPTSTK,HINDALCO,28-Apr-2022,390.0,PE,0.0,0.0,0.0,10.85,0.0,0,0.0,0,0,18-APR-2022,
OPTSTK,HINDALCO,28-Apr-2022,400.0,PE,0.2,0.2,0.2,0.2,0.2,2,8.6,37625,0,18-APR-2022,
OPTSTK,HINDALCO,28-Apr-2022,410.0,PE,0.0,0.0,0.0,15.7,0.0,0,0.0,0,0,18-APR-2022,
OPTSTK,HINDALCO,28-Apr-2022,420.0,PE,0.0,0.0,0.0,18.55,0.05,0,0.0,0,0,18-APR-2022,
OPTSTK,HINDALCO,28-Apr-2022,430.0,PE,0.0,0.0,0.0,21.75,0.05,0,0.0,0,0,18-APR-2022,
OPTSTK,HINDALCO,28-Apr-2022,440.0,PE,0.0,0.0,0.0,4.0,0.1,0,0.0,0,0,18-APR-2022,
OPTSTK,HINDALCO,28-Apr-2022,450.0,PE,0.6,0.95,0.6,0.7,0.7,91,440.88,198875,26875,18-APR-2022,
OPTSTK,HINDALCO,28-Apr-2022,460.0,PE,0.9,0.95,0.75,0.75,0.4,4,19.81,78475,-2150,18-APR-2022,
OPTSTK,HINDALCO,28-Apr-2022,470.0,PE,1.25,1.55,0.9,0.95,0.95,128,648.23,201025,24725,18-APR-2022,
OPTSTK,HINDALCO,28-Apr-2022,480.0,PE,1.65,2.1,1.05,1.2,1.2,163,843.65,253700,35475,18-APR-2022,
OPTSTK,HINDALCO,28-Apr-2022,490.0,PE,2.4,2.8,1.45,1.5,1.5,332,1755.84,117175,-20425,18-APR-2022,
OPTSTK,HINDALCO,28-Apr-2022,500.0,PE,3.5,3.85,1.9,2.1,2.1,1291,6976.66,919125,-72025,18-APR-2022,
OPTSTK,HINDALCO,28-Apr-2022,510.0,PE,4.15,5.25,2.7,3.1,3.1,762,4210.19,209625,-49450,18-APR-2022,
OPTSTK,HINDALCO,28-Apr-2022,520.0,PE,5.7,7.3,3.9,4.5,4.5,921,5203.43,319275,-52675,18-APR-2022,
OPTSTK,HINDALCO,28-Apr-2022,530.0,PE,8.0,10.2,5.3,6.8,6.8,1201,6947.38,436450,-51600,18-APR-2022,
OPTSTK,HINDALCO,28-Apr-2022,540.0,PE,11.7,14.45,7.3,10.05,10.05,2167,12854.12,638550,-7525,18-APR-2022,
OPTSTK,HINDALCO,28-Apr-2022,550.0,PE,17.1,19.55,9.85,14.4,14.4,1263,7687.52,933100,-63425,18-APR-2022,
OPTSTK,HINDALCO,28-Apr-2022,560.0,PE,22.5,26.35,14.35,19.75,19.75,242,1511.04,353675,-1075,18-APR-2022,
OPTSTK,HINDALCO,28-Apr-2022,570.0,PE,22.8,31.35,22.4,29.5,33.4,37,238.26,333250,-6450,18-APR-2022,
OPTSTK,HINDALCO,28-Apr-2022,580.0,PE,30.2,42.55,28.7,35.15,35.15,46,304.73,531050,-12900,18-APR-2022,
OPTSTK,HINDALCO,28-Apr-2022,590.0,PE,46.0,52.2,38.65,44.75,44.75,19,129.75,130075,-12900,18-APR-2022,
OPTSTK,HINDALCO,28-Apr-2022,600.0,PE,54.8,60.8,46.0,54.3,54.3,19,134.29,376250,-6450,18-APR-2022,
OPTSTK,HINDALCO,28-Apr-2022,610.0,PE,59.4,68.1,59.4,66.0,66.25,6,43.42,94600,-2150,18-APR-2022,
OPTSTK,HINDALCO,28-Apr-2022,620.0,PE,78.8,78.8,78.8,78.8,75.5,1,7.51,99975,-1075,18-APR-2022,
OPTSTK,HINDALCO,28-Apr-2022,630.0,PE,88.45,88.8,81.8,82.65,82.65,13,100.02,102125,-5375,18-APR-2022,
OPTSTK,HINDALCO,28-Apr-2022,640.0,PE,0.0,0.0,0.0,89.1,94.6,0,0.0,13975,0,18-APR-2022,
OPTSTK,HINDALCO,28-Apr-2022,650.0,PE,106.0,109.0,101.75,101.75,101.75,5,40.6,77400,-3225,18-APR-2022,
OPTSTK,HINDALCO,28-Apr-2022,660.0,PE,0.0,0.0,0.0,173.55,114.15,0,0.0,0,0,18-APR-2022,
OPTSTK,HINDALCO,28-Apr-2022,670.0,PE,0.0,0.0,0.0,182.45,124.05,0,0.0,0,0,18-APR-2022,
OPTSTK,HINDALCO,28-Apr-2022,680.0,PE,0.0,0.0,0.0,191.45,134.0,0,0.0,0,0,18-APR-2022,
OPTSTK,HINDALCO,28-Apr-2022,690.0,PE,0.0,0.0,0.0,200.55,143.95,0,0.0,0,0,18-APR-2022,
OPTSTK,HINDALCO,28-Apr-2022,700.0,PE,0.0,0.0,0.0,113.85,153.9,0,0.0,5375,0,18-APR-2022,
OPTSTK,HINDALCO,28-Apr-2022,710.0,PE,0.0,0.0,0.0,145.0,163.9,0,0.0,0,0,18-APR-2022,
OPTSTK,HINDALCO,28-Apr-2022,720.0,PE,0.0,0.0,0.0,170.0,173.85,0,0.0,1075,0,18-APR-2022,
OPTSTK,HINDALCO,28-Apr-2022,730.0,PE,0.0,0.0,0.0,204.5,183.85,0,0.0,0,0,18-APR-2022,
OPTSTK,HINDALCO,26-May-2022,320.0,CE,0.0,0.0,0.0,202.0,226.8,0,0.0,0,0,18-APR-2022,
OPTSTK,HINDALCO,26-May-2022,330.0,CE,0.0,0.0,0.0,192.5,216.85,0,0.0,0,0,18-APR-2022,
OPTSTK,HINDALCO,26-May-2022,340.0,CE,0.0,0.0,0.0,183.1,206.9,0,0.0,0,0,18-APR-2022,
OPTSTK,HINDALCO,26-May-2022,350.0,CE,0.0,0.0,0.0,173.85,197.0,0,0.0,0,0,18-APR-2022,
OPTSTK,HINDALCO,26-May-2022,360.0,CE,0.0,0.0,0.0,164.75,187.1,0,0.0,0,0,18-APR-2022,
OPTSTK,HINDALCO,26-May-2022,370.0,CE,0.0,0.0,0.0,155.8,177.25,0,0.0,0,0,18-APR-2022,
OPTSTK,HINDALCO,26-May-2022,380.0,CE,0.0,0.0,0.0,147.05,167.45,0,0.0,0,0,18-APR-2022,
OPTSTK,HINDALCO,26-May-2022,390.0,CE,0.0,0.0,0.0,138.55,157.7,0,0.0,0,0,18-APR-2022,
OPTSTK,HINDALCO,26-May-2022,400.0,CE,0.0,0.0,0.0,130.25,148.05,0,0.0,0,0,18-APR-2022,
OPTSTK,HINDALCO,26-May-2022,410.0,CE,0.0,0.0,0.0,122.2,138.5,0,0.0,0,0,18-APR-2022,
OPTSTK,HINDALCO,26-May-2022,420.0,CE,0.0,0.0,0.0,114.4,129.1,0,0.0,0,0,18-APR-2022,
OPTSTK,HINDALCO,26-May-2022,430.0,CE,0.0,0.0,0.0,106.95,119.9,0,0.0,0,0,18-APR-2022,
OPTSTK,HINDALCO,26-May-2022,440.0,CE,0.0,0.0,0.0,99.75,110.9,0,0.0,0,0,18-APR-2022,
OPTSTK,HINDALCO,26-May-2022,450.0,CE,0.0,0.0,0.0,92.85,102.2,0,0.0,0,0,18-APR-2022,
OPTSTK,HINDALCO,26-May-2022,460.0,CE,0.0,0.0,0.0,86.2,93.75,0,0.0,0,0,18-APR-2022,
OPTSTK,HINDALCO,26-May-2022,470.0,CE,0.0,0.0,0.0,79.95,85.65,0,0.0,0,0,18-APR-2022,
OPTSTK,HINDALCO,26-May-2022,480.0,CE,0.0,0.0,0.0,74.0,77.85,0,0.0,0,0,18-APR-2022,
OPTSTK,HINDALCO,26-May-2022,490.0,CE,0.0,0.0,0.0,68.35,70.5,0,0.0,0,0,18-APR-2022,
OPTSTK,HINDALCO,26-May-2022,500.0,CE,57.0,57.0,57.0,57.0,63.5,1,5.98,1075,1075,18-APR-2022,
OPTSTK,HINDALCO,26-May-2022,510.0,CE,0.0,0.0,0.0,58.05,56.95,0,0.0,0,0,18-APR-2022,
OPTSTK,HINDALCO,26-May-2022,520.0,CE,0.0,0.0,0.0,53.35,50.85,0,0.0,0,0,18-APR-2022,
OPTSTK,HINDALCO,26-May-2022,530.0,CE,0.0,0.0,0.0,48.95,45.2,0,0.0,0,0,18-APR-2022,
OPTSTK,HINDALCO,26-May-2022,540.0,CE,30.0,30.0,30.0,30.0,40.0,1,6.12,2150,1075,18-APR-2022,
OPTSTK,HINDALCO,26-May-2022,550.0,CE,26.35,32.8,24.0,27.05,27.05,86,533.13,91375,32250,18-APR-2022,
OPTSTK,HINDALCO,26-May-2022,560.0,CE,23.45,23.45,23.45,23.45,23.45,1,6.27,10750,1075,18-APR-2022,
OPTSTK,HINDALCO,26-May-2022,570.0,CE,19.1,19.1,16.7,18.5,27.0,11,69.51,23650,5375,18-APR-2022,
OPTSTK,HINDALCO,26-May-2022,580.0,CE,17.85,18.5,14.0,15.25,15.25,125,799.46,95675,24725,18-APR-2022,
OPTSTK,HINDALCO,26-May-2022,590.0,CE,12.7,12.7,12.7,12.7,20.3,1,6.47,16125,0,18-APR-2022,
OPTSTK,HINDALCO,26-May-2022,600.0,CE,12.35,13.5,9.0,10.2,10.2,159,1042.95,241875,41925,18-APR-2022,
OPTSTK,HINDALCO,26-May-2022,610.0,CE,0.0,0.0,0.0,23.35,15.05,0,0.0,0,0,18-APR-2022,
OPTSTK,HINDALCO,26-May-2022,620.0,CE,6.8,6.85,6.0,6.8,12.9,12,80.82,35475,3225,18-APR-2022,
OPTSTK,HINDALCO,26-May-2022,630.0,CE,0.0,0.0,0.0,19.15,10.95,0,0.0,0,0,18-APR-2022,
OPTSTK,HINDALCO,26-May-2022,640.0,CE,0.0,0.0,0.0,17.3,9.3,0,0.0,0,0,18-APR-2022,
OPTSTK,HINDALCO,26-May-2022,650.0,CE,4.0,4.2,3.9,4.1,4.1,15,105.46,73100,10750,18-APR-2022,
OPTSTK,HINDALCO,26-May-2022,660.0,CE,0.0,0.0,0.0,14.1,6.65,0,0.0,0,0,18-APR-2022,
OPTSTK,HINDALCO,26-May-2022,670.0,CE,0.0,0.0,0.0,12.75,5.6,0,0.0,0,0,18-APR-2022,
OPTSTK,HINDALCO,26-May-2022,680.0,CE,0.0,0.0,0.0,11.45,4.65,0,0.0,0,0,18-APR-2022,
OPTSTK,HINDALCO,26-May-2022,690.0,CE,0.0,0.0,0.0,10.3,3.9,0,0.0,0,0,18-APR-2022,
OPTSTK,HINDALCO,26-May-2022,700.0,CE,0.0,0.0,0.0,9.25,3.25,0,0.0,0,0,18-APR-2022,
OPTSTK,HINDALCO,26-May-2022,710.0,CE,0.0,0.0,0.0,8.35,2.7,0,0.0,0,0,18-APR-2022,
OPTSTK,HINDALCO,26-May-2022,720.0,CE,0.0,0.0,0.0,1.0,2.25,0,0.0,0,0,18-APR-2022,
OPTSTK,HINDALCO,26-May-2022,730.0,CE,0.0,0.0,0.0,8.2,1.85,0,0.0,0,0,18-APR-2022,
OPTSTK,HINDALCO,26-May-2022,320.0,PE,0.0,0.0,0.0,1.0,0.05,0,0.0,0,0,18-APR-2022,
OPTSTK,HINDALCO,26-May-2022,330.0,PE,0.0,0.0,0.0,1.4,0.05,0,0.0,0,0,18-APR-2022,
OPTSTK,HINDALCO,26-May-2022,340.0,PE,0.0,0.0,0.0,1.9,0.05,0,0.0,0,0,18-APR-2022,
OPTSTK,HINDALCO,26-May-2022,350.0,PE,0.0,0.0,0.0,2.55,0.1,0,0.0,0,0,18-APR-2022,
OPTSTK,HINDALCO,26-May-2022,360.0,PE,0.0,0.0,0.0,3.3,0.15,0,0.0,0,0,18-APR-2022,
OPTSTK,HINDALCO,26-May-2022,370.0,PE,0.0,0.0,0.0,4.3,0.25,0,0.0,0,0,18-APR-2022,
OPTSTK,HINDALCO,26-May-2022,380.0,PE,0.0,0.0,0.0,5.45,0.4,0,0.0,0,0,18-APR-2022,
OPTSTK,HINDALCO,26-May-2022,390.0,PE,0.0,0.0,0.0,6.8,0.6,0,0.0,0,0,18-APR-2022,
OPTSTK,HINDALCO,26-May-2022,400.0,PE,0.0,0.0,0.0,8.4,0.9,0,0.0,0,0,18-APR-2022,
OPTSTK,HINDALCO,26-May-2022,410.0,PE,0.0,0.0,0.0,10.25,1.35,0,0.0,0,0,18-APR-2022,
OPTSTK,HINDALCO,26-May-2022,420.0,PE,0.0,0.0,0.0,12.35,1.9,0,0.0,0,0,18-APR-2022,
OPTSTK,HINDALCO,26-May-2022,430.0,PE,0.0,0.0,0.0,14.8,2.65,0,0.0,0,0,18-APR-2022,
OPTSTK,HINDALCO,26-May-2022,440.0,PE,0.0,0.0,0.0,17.45,3.65,0,0.0,0,0,18-APR-2022,
OPTSTK,HINDALCO,26-May-2022,450.0,PE,2.35,3.45,2.35,2.5,4.85,32,155.76,34400,34400,18-APR-2022,
OPTSTK,HINDALCO,26-May-2022,460.0,PE,0.0,0.0,0.0,23.75,6.35,0,0.0,0,0,18-APR-2022,
OPTSTK,HINDALCO,26-May-2022,470.0,PE,0.0,0.0,0.0,27.4,8.2,0,0.0,0,0,18-APR-2022,
OPTSTK,HINDALCO,26-May-2022,480.0,PE,0.0,0.0,0.0,31.3,10.4,0,0.0,0,0,18-APR-2022,
OPTSTK,HINDALCO,26-May-2022,490.0,PE,0.0,0.0,0.0,35.6,13.0,0,0.0,0,0,18-APR-2022,
OPTSTK,HINDALCO,26-May-2022,500.0,PE,12.05,12.05,10.0,10.35,10.35,56,307.76,138675,13975,18-APR-2022,
OPTSTK,HINDALCO,26-May-2022,510.0,PE,0.0,0.0,0.0,45.05,19.35,0,0.0,0,0,18-APR-2022,
OPTSTK,HINDALCO,26-May-2022,520.0,PE,14.0,15.7,14.0,15.0,15.0,3,17.25,2150,2150,18-APR-2022,
OPTSTK,HINDALCO,26-May-2022,530.0,PE,0.0,0.0,0.0,22.55,27.55,0,0.0,2150,0,18-APR-2022,
OPTSTK,HINDALCO,26-May-2022,540.0,PE,23.8,26.9,23.1,26.9,32.25,24,145.76,41925,22575,18-APR-2022,
OPTSTK,HINDALCO,26-May-2022,550.0,PE,29.75,32.6,26.2,27.35,27.35,20,124.43,102125,9675,18-APR-2022,
OPTSTK,HINDALCO,26-May-2022,560.0,PE,0.0,0.0,0.0,35.0,43.1,0,0.0,4300,0,18-APR-2022,
OPTSTK,HINDALCO,26-May-2022,570.0,PE,0.0,0.0,0.0,38.0,49.1,0,0.0,26875,0,18-APR-2022,
OPTSTK,HINDALCO,26-May-2022,580.0,PE,49.85,50.0,47.0,47.0,55.55,5,33.79,20425,1075,18-APR-2022,
OPTSTK,HINDALCO,26-May-2022,590.0,PE,0.0,0.0,0.0,94.5,62.35,0,0.0,0,0,18-APR-2022,
OPTSTK,HINDALCO,26-May-2022,600.0,PE,66.0,66.0,62.0,62.0,69.5,4,28.58,6450,4300,18-APR-2022,
OPTSTK,HINDALCO,26-May-2022,610.0,PE,0.0,0.0,0.0,109.3,77.0,0,0.0,0,0,18-APR-2022,
OPTSTK,HINDALCO,26-May-2022,620.0,PE,0.0,0.0,0.0,117.05,84.8,0,0.0,0,0,18-APR-2022,
OPTSTK,HINDALCO,26-May-2022,630.0,PE,0.0,0.0,0.0,124.95,92.85,0,0.0,0,0,18-APR-2022,
OPTSTK,HINDALCO,26-May-2022,640.0,PE,0.0,0.0,0.0,132.95,101.15,0,0.0,0,0,18-APR-2022,
OPTSTK,HINDALCO,26-May-2022,650.0,PE,0.0,0.0,0.0,141.2,109.65,0,0.0,0,0,18-APR-2022,
OPTSTK,HINDALCO,26-May-2022,660.0,PE,0.0,0.0,0.0,149.55,118.4,0,0.0,0,0,18-APR-2022,
OPTSTK,HINDALCO,26-May-2022,670.0,PE,0.0,0.0,0.0,158.05,127.25,0,0.0,0,0,18-APR-2022,
OPTSTK,HINDALCO,26-May-2022,680.0,PE,0.0,0.0,0.0,166.7,136.3,0,0.0,0,0,18-APR-2022,
OPTSTK,HINDALCO,26-May-2022,690.0,PE,0.0,0.0,0.0,175.45,145.5,0,0.0,0,0,18-APR-2022,
OPTSTK,HINDALCO,26-May-2022,700.0,PE,0.0,0.0,0.0,184.3,154.8,0,0.0,0,0,18-APR-2022,
OPTSTK,HINDALCO,26-May-2022,710.0,PE,0.0,0.0,0.0,193.25,164.2,0,0.0,0,0,18-APR-2022,
OPTSTK,HINDALCO,26-May-2022,720.0,PE,0.0,0.0,0.0,202.3,173.7,0,0.0,0,0,18-APR-2022,
OPTSTK,HINDALCO,26-May-2022,730.0,PE,0.0,0.0,0.0,196.9,183.25,0,0.0,0,0,18-APR-2022,
OPTSTK,HINDALCO,30-Jun-2022,330.0,CE,0.0,0.0,0.0,243.6,218.65,0,0.0,0,0,18-APR-2022,
OPTSTK,HINDALCO,30-Jun-2022,340.0,CE,0.0,0.0,0.0,233.95,208.9,0,0.0,0,0,18-APR-2022,
OPTSTK,HINDALCO,30-Jun-2022,350.0,CE,0.0,0.0,0.0,224.4,199.3,0,0.0,0,0,18-APR-2022,
OPTSTK,HINDALCO,30-Jun-2022,360.0,CE,0.0,0.0,0.0,214.9,189.75,0,0.0,0,0,18-APR-2022,
OPTSTK,HINDALCO,30-Jun-2022,370.0,CE,0.0,0.0,0.0,205.5,180.3,0,0.0,0,0,18-APR-2022,
OPTSTK,HINDALCO,30-Jun-2022,380.0,CE,0.0,0.0,0.0,196.25,171.0,0,0.0,0,0,18-APR-2022,
OPTSTK,HINDALCO,30-Jun-2022,390.0,CE,0.0,0.0,0.0,187.1,161.85,0,0.0,0,0,18-APR-2022,
OPTSTK,HINDALCO,30-Jun-2022,400.0,CE,0.0,0.0,0.0,178.15,152.9,0,0.0,0,0,18-APR-2022,
OPTSTK,HINDALCO,30-Jun-2022,410.0,CE,0.0,0.0,0.0,169.3,144.1,0,0.0,0,0,18-APR-2022,
OPTSTK,HINDALCO,30-Jun-2022,420.0,CE,0.0,0.0,0.0,160.7,135.55,0,0.0,0,0,18-APR-2022,
OPTSTK,HINDALCO,30-Jun-2022,430.0,CE,0.0,0.0,0.0,152.25,127.2,0,0.0,0,0,18-APR-2022,
OPTSTK,HINDALCO,30-Jun-2022,440.0,CE,0.0,0.0,0.0,144.05,119.1,0,0.0,0,0,18-APR-2022,
OPTSTK,HINDALCO,30-Jun-2022,450.0,CE,0.0,0.0,0.0,136.05,111.3,0,0.0,0,0,18-APR-2022,
OPTSTK,HINDALCO,30-Jun-2022,460.0,CE,0.0,0.0,0.0,128.35,103.8,0,0.0,0,0,18-APR-2022,
OPTSTK,HINDALCO,30-Jun-2022,470.0,CE,0.0,0.0,0.0,120.85,96.55,0,0.0,0,0,18-APR-2022,
OPTSTK,HINDALCO,30-Jun-2022,480.0,CE,0.0,0.0,0.0,113.65,89.6,0,0.0,0,0,18-APR-2022,
OPTSTK,HINDALCO,30-Jun-2022,490.0,CE,0.0,0.0,0.0,106.65,83.0,0,0.0,0,0,18-APR-2022,
OPTSTK,HINDALCO,30-Jun-2022,500.0,CE,0.0,0.0,0.0,99.95,76.7,0,0.0,0,0,18-APR-2022,
OPTSTK,HINDALCO,30-Jun-2022,510.0,CE,0.0,0.0,0.0,93.55,70.75,0,0.0,0,0,18-APR-2022,
OPTSTK,HINDALCO,30-Jun-2022,520.0,CE,0.0,0.0,0.0,87.45,65.15,0,0.0,0,0,18-APR-2022,
OPTSTK,HINDALCO,30-Jun-2022,530.0,CE,0.0,0.0,0.0,81.6,59.85,0,0.0,0,0,18-APR-2022,
OPTSTK,HINDALCO,30-Jun-2022,540.0,CE,0.0,0.0,0.0,76.05,54.85,0,0.0,0,0,18-APR-2022,
OPTSTK,HINDALCO,30-Jun-2022,550.0,CE,0.0,0.0,0.0,70.75,50.2,0,0.0,0,0,18-APR-2022,
OPTSTK,HINDALCO,30-Jun-2022,560.0,CE,0.0,0.0,0.0,65.8,45.85,0,0.0,0,0,18-APR-2022,
OPTSTK,HINDALCO,30-Jun-2022,570.0,CE,0.0,0.0,0.0,61.05,41.8,0,0.0,0,0,18-APR-2022,
OPTSTK,HINDALCO,30-Jun-2022,580.0,CE,0.0,0.0,0.0,56.6,38.05,0,0.0,0,0,18-APR-2022,
OPTSTK,HINDALCO,30-Jun-2022,590.0,CE,0.0,0.0,0.0,52.4,34.55,0,0.0,0,0,18-APR-2022,
OPTSTK,HINDALCO,30-Jun-2022,600.0,CE,0.0,0.0,0.0,48.45,31.35,0,0.0,0,0,18-APR-2022,
OPTSTK,HINDALCO,30-Jun-2022,610.0,CE,0.0,0.0,0.0,44.75,28.4,0,0.0,0,0,18-APR-2022,
OPTSTK,HINDALCO,30-Jun-2022,620.0,CE,0.0,0.0,0.0,41.3,25.65,0,0.0,0,0,18-APR-2022,
OPTSTK,HINDALCO,30-Jun-2022,630.0,CE,0.0,0.0,0.0,38.05,23.2,0,0.0,0,0,18-APR-2022,
OPTSTK,HINDALCO,30-Jun-2022,640.0,CE,0.0,0.0,0.0,35.05,20.9,0,0.0,0,0,18-APR-2022,
OPTSTK,HINDALCO,30-Jun-2022,650.0,CE,0.0,0.0,0.0,32.25,18.85,0,0.0,0,0,18-APR-2022,
OPTSTK,HINDALCO,30-Jun-2022,660.0,CE,0.0,0.0,0.0,29.6,16.9,0,0.0,0,0,18-APR-2022,
OPTSTK,HINDALCO,30-Jun-2022,670.0,CE,0.0,0.0,0.0,27.2,15.2,0,0.0,0,0,18-APR-2022,
OPTSTK,HINDALCO,30-Jun-2022,680.0,CE,0.0,0.0,0.0,25.0,13.6,0,0.0,0,0,18-APR-2022,
OPTSTK,HINDALCO,30-Jun-2022,690.0,CE,0.0,0.0,0.0,22.9,12.2,0,0.0,0,0,18-APR-2022,
OPTSTK,HINDALCO,30-Jun-2022,700.0,CE,0.0,0.0,0.0,20.95,10.9,0,0.0,0,0,18-APR-2022,
OPTSTK,HINDALCO,30-Jun-2022,710.0,CE,0.0,0.0,0.0,19.15,9.75,0,0.0,0,0,18-APR-2022,
OPTSTK,HINDALCO,30-Jun-2022,720.0,CE,0.0,0.0,0.0,17.5,8.7,0,0.0,0,0,18-APR-2022,
OPTSTK,HINDALCO,30-Jun-2022,730.0,CE,0.0,0.0,0.0,16.0,7.75,0,0.0,0,0,18-APR-2022,
OPTSTK,HINDALCO,30-Jun-2022,330.0,PE,0.0,0.0,0.0,0.65,0.5,0,0.0,0,0,18-APR-2022,
OPTSTK,HINDALCO,30-Jun-2022,340.0,PE,0.0,0.0,0.0,0.9,0.7,0,0.0,0,0,18-APR-2022,
OPTSTK,HINDALCO,30-Jun-2022,350.0,PE,0.0,0.0,0.0,1.2,1.0,0,0.0,0,0,18-APR-2022,
OPTSTK,HINDALCO,30-Jun-2022,360.0,PE,0.0,0.0,0.0,1.6,1.35,0,0.0,0,0,18-APR-2022,
OPTSTK,HINDALCO,30-Jun-2022,370.0,PE,0.0,0.0,0.0,2.1,1.85,0,0.0,0,0,18-APR-2022,
OPTSTK,HINDALCO,30-Jun-2022,380.0,PE,0.0,0.0,0.0,2.75,2.45,0,0.0,0,0,18-APR-2022,
OPTSTK,HINDALCO,30-Jun-2022,390.0,PE,0.0,0.0,0.0,3.5,3.2,0,0.0,0,0,18-APR-2022,
OPTSTK,HINDALCO,30-Jun-2022,400.0,PE,0.0,0.0,0.0,4.45,4.15,0,0.0,0,0,18-APR-2022,
OPTSTK,HINDALCO,30-Jun-2022,410.0,PE,0.0,0.0,0.0,5.5,5.3,0,0.0,0,0,18-APR-2022,
OPTSTK,HINDALCO,30-Jun-2022,420.0,PE,0.0,0.0,0.0,6.8,6.65,0,0.0,0,0,18-APR-2022,
OPTSTK,HINDALCO,30-Jun-2022,430.0,PE,0.0,0.0,0.0,8.25,8.2,0,0.0,0,0,18-APR-2022,
OPTSTK,HINDALCO,30-Jun-2022,440.0,PE,0.0,0.0,0.0,9.95,10.05,0,0.0,0,0,18-APR-2022,
OPTSTK,HINDALCO,30-Jun-2022,450.0,PE,0.0,0.0,0.0,11.7,12.15,0,0.0,1075,0,18-APR-2022,
OPTSTK,HINDALCO,30-Jun-2022,460.0,PE,0.0,0.0,0.0,14.0,14.55,0,0.0,0,0,18-APR-2022,
OPTSTK,HINDALCO,30-Jun-2022,470.0,PE,0.0,0.0,0.0,16.4,17.2,0,0.0,0,0,18-APR-2022,
OPTSTK,HINDALCO,30-Jun-2022,480.0,PE,0.0,0.0,0.0,19.1,20.2,0,0.0,0,0,18-APR-2022,
OPTSTK,HINDALCO,30-Jun-2022,490.0,PE,0.0,0.0,0.0,22.0,23.5,0,0.0,0,0,18-APR-2022,
OPTSTK,HINDALCO,30-Jun-2022,500.0,PE,0.0,0.0,0.0,25.2,27.1,0,0.0,0,0,18-APR-2022,
OPTSTK,HINDALCO,30-Jun-2022,510.0,PE,0.0,0.0,0.0,28.7,31.1,0,0.0,0,0,18-APR-2022,
OPTSTK,HINDALCO,30-Jun-2022,520.0,PE,0.0,0.0,0.0,32.45,35.4,0,0.0,0,0,18-APR-2022,
OPTSTK,HINDALCO,30-Jun-2022,530.0,PE,0.0,0.0,0.0,36.5,40.0,0,0.0,0,0,18-APR-2022,
OPTSTK,HINDALCO,30-Jun-2022,540.0,PE,0.0,0.0,0.0,40.85,44.95,0,0.0,0,0,18-APR-2022,
OPTSTK,HINDALCO,30-Jun-2022,550.0,PE,0.0,0.0,0.0,45.5,50.2,0,0.0,0,0,18-APR-2022,
OPTSTK,HINDALCO,30-Jun-2022,560.0,PE,0.0,0.0,0.0,50.4,55.75,0,0.0,0,0,18-APR-2022,
OPTSTK,HINDALCO,30-Jun-2022,570.0,PE,0.0,0.0,0.0,55.55,61.65,0,0.0,0,0,18-APR-2022,
OPTSTK,HINDALCO,30-Jun-2022,580.0,PE,0.0,0.0,0.0,61.0,67.8,0,0.0,0,0,18-APR-2022,
OPTSTK,HINDALCO,30-Jun-2022,590.0,PE,0.0,0.0,0.0,66.7,74.2,0,0.0,0,0,18-APR-2022,
OPTSTK,HINDALCO,30-Jun-2022,600.0,PE,0.0,0.0,0.0,72.65,80.9,0,0.0,0,0,18-APR-2022,
OPTSTK,HINDALCO,30-Jun-2022,610.0,PE,0.0,0.0,0.0,78.85,87.85,0,0.0,0,0,18-APR-2022,
OPTSTK,HINDALCO,30-Jun-2022,620.0,PE,0.0,0.0,0.0,85.3,95.05,0,0.0,0,0,18-APR-2022,
OPTSTK,HINDALCO,30-Jun-2022,630.0,PE,0.0,0.0,0.0,91.95,102.5,0,0.0,0,0,18-APR-2022,
OPTSTK,HINDALCO,30-Jun-2022,640.0,PE,0.0,0.0,0.0,98.8,110.15,0,0.0,0,0,18-APR-2022,
OPTSTK,HINDALCO,30-Jun-2022,650.0,PE,0.0,0.0,0.0,105.9,118.0,0,0.0,0,0,18-APR-2022,
OPTSTK,HINDALCO,30-Jun-2022,660.0,PE,0.0,0.0,0.0,113.2,126.0,0,0.0,0,0,18-APR-2022,
OPTSTK,HINDALCO,30-Jun-2022,670.0,PE,0.0,0.0,0.0,120.7,134.15,0,0.0,0,0,18-APR-2022,
OPTSTK,HINDALCO,30-Jun-2022,680.0,PE,0.0,0.0,0.0,128.35,142.5,0,0.0,0,0,18-APR-2022,
OPTSTK,HINDALCO,30-Jun-2022,690.0,PE,0.0,0.0,0.0,136.15,151.0,0,0.0,0,0,18-APR-2022,
OPTSTK,HINDALCO,30-Jun-2022,700.0,PE,0.0,0.0,0.0,144.1,159.65,0,0.0,0,0,18-APR-2022,
OPTSTK,HINDALCO,30-Jun-2022,710.0,PE,0.0,0.0,0.0,152.2,168.4,0,0.0,0,0,18-APR-2022,
OPTSTK,HINDALCO,30-Jun-2022,720.0,PE,0.0,0.0,0.0,160.45,177.25,0,0.0,0,0,18-APR-2022,
OPTSTK,HINDALCO,30-Jun-2022,730.0,PE,0.0,0.0,0.0,168.85,186.25,0,0.0,0,0,18-APR-2022,
OPTSTK,HINDCOPPER,28-Apr-2022,80.0,CE,0.0,0.0,0.0,44.55,41.25,0,0.0,0,0,18-APR-2022,
OPTSTK,HINDCOPPER,28-Apr-2022,82.5,CE,0.0,0.0,0.0,42.45,38.75,0,0.0,0,0,18-APR-2022,
OPTSTK,HINDCOPPER,28-Apr-2022,85.0,CE,0.0,0.0,0.0,40.4,36.25,0,0.0,0,0,18-APR-2022,
OPTSTK,HINDCOPPER,28-Apr-2022,87.5,CE,0.0,0.0,0.0,38.4,33.75,0,0.0,0,0,18-APR-2022,
OPTSTK,HINDCOPPER,28-Apr-2022,90.0,CE,0.0,0.0,0.0,36.5,31.3,0,0.0,0,0,18-APR-2022,
OPTSTK,HINDCOPPER,28-Apr-2022,92.5,CE,0.0,0.0,0.0,34.6,28.8,0,0.0,0,0,18-APR-2022,
OPTSTK,HINDCOPPER,28-Apr-2022,95.0,CE,0.0,0.0,0.0,32.8,26.35,0,0.0,0,0,18-APR-2022,
OPTSTK,HINDCOPPER,28-Apr-2022,97.5,CE,0.0,0.0,0.0,31.05,23.9,0,0.0,0,0,18-APR-2022,
OPTSTK,HINDCOPPER,28-Apr-2022,100.0,CE,20.8,20.8,20.8,20.8,21.5,2,10.38,98900,0,18-APR-2022,
OPTSTK,HINDCOPPER,28-Apr-2022,102.5,CE,0.0,0.0,0.0,27.75,19.15,0,0.0,0,0,18-APR-2022,
OPTSTK,HINDCOPPER,28-Apr-2022,105.0,CE,0.0,0.0,0.0,13.45,16.85,0,0.0,4300,0,18-APR-2022,
OPTSTK,HINDCOPPER,28-Apr-2022,107.5,CE,0.0,0.0,0.0,24.7,14.7,0,0.0,0,0,18-APR-2022,
OPTSTK,HINDCOPPER,28-Apr-2022,110.0,CE,11.15,11.5,11.15,11.5,11.5,3,15.64,120400,4300,18-APR-2022,
OPTSTK,HINDCOPPER,28-Apr-2022,112.5,CE,0.0,0.0,0.0,21.95,10.7,0,0.0,0,0,18-APR-2022,
OPTSTK,HINDCOPPER,28-Apr-2022,115.0,CE,7.3,8.6,6.95,8.3,8.3,7,36.9,430000,8600,18-APR-2022,
OPTSTK,HINDCOPPER,28-Apr-2022,117.5,CE,6.55,6.55,5.3,5.3,7.4,2,10.61,60200,0,18-APR-2022,
OPTSTK,HINDCOPPER,28-Apr-2022,120.0,CE,5.05,5.05,3.7,4.75,4.75,139,743.75,829900,0,18-APR-2022,
OPTSTK,HINDCOPPER,28-Apr-2022,122.5,CE,3.3,3.65,2.75,3.6,3.6,23,124.53,180600,38700,18-APR-2022,
OPTSTK,HINDCOPPER,28-Apr-2022,125.0,CE,2.6,2.85,2.0,2.65,2.65,209,1145.73,1191100,51600,18-APR-2022,
OPTSTK,HINDCOPPER,28-Apr-2022,127.5,CE,1.95,2.2,1.5,1.5,2.95,9,50.1,98900,-8600,18-APR-2022,
OPTSTK,HINDCOPPER,28-Apr-2022,130.0,CE,1.25,1.6,1.2,1.5,1.5,229,1293.62,2537000,-133300,18-APR-2022,
OPTSTK,HINDCOPPER,28-Apr-2022,132.5,CE,0.85,1.05,0.85,1.0,1.0,7,40.16,60200,-4300,18-APR-2022,
OPTSTK,HINDCOPPER,28-Apr-2022,135.0,CE,0.6,0.9,0.55,0.7,0.7,59,344.36,571900,-64500,18-APR-2022,
OPTSTK,HINDCOPPER,28-Apr-2022,137.5,CE,0.0,0.0,0.0,1.0,0.95,0,0.0,12900,0,18-APR-2022,
OPTSTK,HINDCOPPER,28-Apr-2022,140.0,CE,0.6,0.6,0.35,0.4,0.4,41,247.6,602000,-77400,18-APR-2022,
OPTSTK,HINDCOPPER,28-Apr-2022,142.5,CE,0.0,0.0,0.0,0.95,0.5,0,0.0,43000,0,18-APR-2022,
OPTSTK,HINDCOPPER,28-Apr-2022,145.0,CE,0.3,0.4,0.3,0.4,0.35,10,62.5,116100,0,18-APR-2022,
OPTSTK,HINDCOPPER,28-Apr-2022,147.5,CE,0.0,0.0,0.0,8.85,0.25,0,0.0,0,0,18-APR-2022,
OPTSTK,HINDCOPPER,28-Apr-2022,150.0,CE,0.3,0.6,0.2,0.25,0.25,66,426.76,1238400,47300,18-APR-2022,
OPTSTK,HINDCOPPER,28-Apr-2022,152.5,CE,0.0,0.0,0.0,7.7,0.15,0,0.0,0,0,18-APR-2022,
OPTSTK,HINDCOPPER,28-Apr-2022,155.0,CE,0.0,0.0,0.0,0.6,0.1,0,0.0,38700,0,18-APR-2022,
OPTSTK,HINDCOPPER,28-Apr-2022,157.5,CE,0.0,0.0,0.0,0.7,0.05,0,0.0,0,0,18-APR-2022,
OPTSTK,HINDCOPPER,28-Apr-2022,160.0,CE,0.1,0.1,0.1,0.1,0.05,1,6.88,8600,0,18-APR-2022,
OPTSTK,HINDCOPPER,28-Apr-2022,162.5,CE,0.0,0.0,0.0,5.8,0.05,0,0.0,0,0,18-APR-2022,
OPTSTK,HINDCOPPER,28-Apr-2022,165.0,CE,0.0,0.0,0.0,5.4,0.05,0,0.0,0,0,18-APR-2022,
OPTSTK,HINDCOPPER,28-Apr-2022,167.5,CE,0.0,0.0,0.0,0.3,0.05,0,0.0,0,0,18-APR-2022,
OPTSTK,HINDCOPPER,28-Apr-2022,80.0,PE,0.0,0.0,0.0,0.05,0.0,0,0.0,8600,0,18-APR-2022,
OPTSTK,HINDCOPPER,28-Apr-2022,82.5,PE,0.0,0.0,0.0,2.1,0.0,0,0.0,0,0,18-APR-2022,
OPTSTK,HINDCOPPER,28-Apr-2022,85.0,PE,0.0,0.0,0.0,2.55,0.0,0,0.0,0,0,18-APR-2022,
OPTSTK,HINDCOPPER,28-Apr-2022,87.5,PE,0.0,0.0,0.0,3.0,0.05,0,0.0,0,0,18-APR-2022,
OPTSTK,HINDCOPPER,28-Apr-2022,90.0,PE,0.0,0.0,0.0,0.1,0.05,0,0.0,12900,0,18-APR-2022,
OPTSTK,HINDCOPPER,28-Apr-2022,92.5,PE,0.0,0.0,0.0,4.15,0.05,0,0.0,0,0,18-APR-2022,
OPTSTK,HINDCOPPER,28-Apr-2022,95.0,PE,0.0,0.0,0.0,0.1,0.1,0,0.0,38700,0,18-APR-2022,
OPTSTK,HINDCOPPER,28-Apr-2022,97.5,PE,0.0,0.0,0.0,0.4,0.15,0,0.0,0,0,18-APR-2022,
OPTSTK,HINDCOPPER,28-Apr-2022,100.0,PE,0.1,0.3,0.1,0.3,0.2,6,25.84,253700,-8600,18-APR-2022,
OPTSTK,HINDCOPPER,28-Apr-2022,102.5,PE,0.0,0.0,0.0,7.2,0.35,0,0.0,0,0,18-APR-2022,
OPTSTK,HINDCOPPER,28-Apr-2022,105.0,PE,0.5,0.5,0.45,0.45,0.6,2,9.07,236500,0,18-APR-2022,
OPTSTK,HINDCOPPER,28-Apr-2022,107.5,PE,0.0,0.0,0.0,2.4,0.9,0,0.0,4300,0,18-APR-2022,
OPTSTK,HINDCOPPER,28-Apr-2022,110.0,PE,1.2,1.2,0.7,0.75,0.75,31,147.93,778300,-30100,18-APR-2022,
OPTSTK,HINDCOPPER,28-Apr-2022,112.5,PE,0.0,0.0,0.0,1.7,1.95,0,0.0,17200,0,18-APR-2022,
OPTSTK,HINDCOPPER,28-Apr-2022,115.0,PE,1.95,2.15,1.6,1.65,1.65,21,105.45,541800,-34400,18-APR-2022,
OPTSTK,HINDCOPPER,28-Apr-2022,117.5,PE,3.8,3.8,2.2,2.2,3.6,2,10.36,12900,0,18-APR-2022,
OPTSTK,HINDCOPPER,28-Apr-2022,120.0,PE,3.65,4.6,3.2,3.35,3.35,61,325.03,399900,-17200,18-APR-2022,
OPTSTK,HINDCOPPER,28-Apr-2022,122.5,PE,0.0,0.0,0.0,16.35,6.05,0,0.0,0,0,18-APR-2022,
OPTSTK,HINDCOPPER,28-Apr-2022,125.0,PE,7.0,7.0,6.05,6.05,6.05,3,16.98,593400,4300,18-APR-2022,
OPTSTK,HINDCOPPER,28-Apr-2022,127.5,PE,0.0,0.0,0.0,19.2,9.15,0,0.0,0,0,18-APR-2022,
OPTSTK,HINDCOPPER,28-Apr-2022,130.0,PE,10.0,10.0,10.0,10.0,10.0,2,12.04,73100,-8600,18-APR-2022,
OPTSTK,HINDCOPPER,28-Apr-2022,132.5,PE,0.0,0.0,0.0,22.35,12.9,0,0.0,0,0,18-APR-2022,
OPTSTK,HINDCOPPER,28-Apr-2022,135.0,PE,0.0,0.0,0.0,23.0,15.0,0,0.0,8600,0,18-APR-2022,
OPTSTK,HINDCOPPER,28-Apr-2022,137.5,PE,0.0,0.0,0.0,25.65,17.15,0,0.0,0,0,18-APR-2022,
OPTSTK,HINDCOPPER,28-Apr-2022,140.0,PE,0.0,0.0,0.0,28.0,19.4,0,0.0,12900,0,18-APR-2022,
OPTSTK,HINDCOPPER,28-Apr-2022,142.5,PE,0.0,0.0,0.0,29.15,21.7,0,0.0,0,0,18-APR-2022,
OPTSTK,HINDCOPPER,28-Apr-2022,145.0,PE,0.0,0.0,0.0,31.5,24.05,0,0.0,4300,0,18-APR-2022,
OPTSTK,HINDCOPPER,28-Apr-2022,147.5,PE,0.0,0.0,0.0,32.8,26.45,0,0.0,0,0,18-APR-2022,
OPTSTK,HINDCOPPER,28-Apr-2022,150.0,PE,0.0,0.0,0.0,35.0,28.85,0,0.0,4300,0,18-APR-2022,
OPTSTK,HINDCOPPER,28-Apr-2022,152.5,PE,0.0,0.0,0.0,36.6,31.3,0,0.0,0,0,18-APR-2022,
OPTSTK,HINDCOPPER,28-Apr-2022,155.0,PE,0.0,0.0,0.0,38.55,33.75,0,0.0,0,0,18-APR-2022,
OPTSTK,HINDCOPPER,28-Apr-2022,157.5,PE,0.0,0.0,0.0,40.55,36.25,0,0.0,0,0,18-APR-2022,
OPTSTK,HINDCOPPER,28-Apr-2022,160.0,PE,0.0,0.0,0.0,42.6,38.7,0,0.0,0,0,18-APR-2022,
OPTSTK,HINDCOPPER,28-Apr-2022,162.5,PE,0.0,0.0,0.0,44.65,41.2,0,0.0,0,0,18-APR-2022,
OPTSTK,HINDCOPPER,28-Apr-2022,165.0,PE,0.0,0.0,0.0,46.7,43.7,0,0.0,0,0,18-APR-2022,
OPTSTK,HINDCOPPER,28-Apr-2022,167.5,PE,0.0,0.0,0.0,48.8,46.2,0,0.0,0,0,18-APR-2022,
OPTSTK,HINDCOPPER,26-May-2022,80.0,CE,0.0,0.0,0.0,30.05,41.75,0,0.0,0,0,18-APR-2022,
OPTSTK,HINDCOPPER,26-May-2022,82.5,CE,0.0,0.0,0.0,28.25,39.35,0,0.0,0,0,18-APR-2022,
OPTSTK,HINDCOPPER,26-May-2022,85.0,CE,0.0,0.0,0.0,26.5,37.0,0,0.0,0,0,18-APR-2022,
OPTSTK,HINDCOPPER,26-May-2022,87.5,CE,0.0,0.0,0.0,24.85,34.65,0,0.0,0,0,18-APR-2022,
OPTSTK,HINDCOPPER,26-May-2022,90.0,CE,0.0,0.0,0.0,23.25,32.4,0,0.0,0,0,18-APR-2022,
OPTSTK,HINDCOPPER,26-May-2022,92.5,CE,0.0,0.0,0.0,21.75,30.2,0,0.0,0,0,18-APR-2022,
OPTSTK,HINDCOPPER,26-May-2022,95.0,CE,0.0,0.0,0.0,20.3,28.05,0,0.0,0,0,18-APR-2022,
OPTSTK,HINDCOPPER,26-May-2022,97.5,CE,0.0,0.0,0.0,18.95,25.95,0,0.0,0,0,18-APR-2022,
OPTSTK,HINDCOPPER,26-May-2022,100.0,CE,0.0,0.0,0.0,17.65,23.95,0,0.0,0,0,18-APR-2022,
OPTSTK,HINDCOPPER,26-May-2022,102.5,CE,0.0,0.0,0.0,16.4,22.05,0,0.0,0,0,18-APR-2022,
OPTSTK,HINDCOPPER,26-May-2022,105.0,CE,0.0,0.0,0.0,15.25,20.2,0,0.0,0,0,18-APR-2022,
OPTSTK,HINDCOPPER,26-May-2022,107.5,CE,0.0,0.0,0.0,14.2,18.45,0,0.0,0,0,18-APR-2022,
OPTSTK,HINDCOPPER,26-May-2022,110.0,CE,0.0,0.0,0.0,13.15,16.8,0,0.0,0,0,18-APR-2022,
OPTSTK,HINDCOPPER,26-May-2022,112.5,CE,0.0,0.0,0.0,12.2,15.25,0,0.0,0,0,18-APR-2022,
OPTSTK,HINDCOPPER,26-May-2022,115.0,CE,0.0,0.0,0.0,11.35,13.8,0,0.0,0,0,18-APR-2022,
OPTSTK,HINDCOPPER,26-May-2022,117.5,CE,0.0,0.0,0.0,11.0,12.5,0,0.0,4300,0,18-APR-2022,
OPTSTK,HINDCOPPER,26-May-2022,120.0,CE,0.0,0.0,0.0,12.0,11.25,0,0.0,12900,0,18-APR-2022,
OPTSTK,HINDCOPPER,26-May-2022,122.5,CE,0.0,0.0,0.0,9.0,10.05,0,0.0,0,0,18-APR-2022,
OPTSTK,HINDCOPPER,26-May-2022,125.0,CE,6.0,6.25,6.0,6.2,6.2,3,16.91,12900,12900,18-APR-2022,
OPTSTK,HINDCOPPER,26-May-2022,127.5,CE,0.0,0.0,0.0,7.7,8.05,0,0.0,0,0,18-APR-2022,
OPTSTK,HINDCOPPER,26-May-2022,130.0,CE,4.3,5.4,4.3,5.0,5.0,8,46.28,129000,21500,18-APR-2022,
OPTSTK,HINDCOPPER,26-May-2022,132.5,CE,0.0,0.0,0.0,6.55,6.35,0,0.0,0,0,18-APR-2022,
OPTSTK,HINDCOPPER,26-May-2022,135.0,CE,2.85,2.85,2.85,2.85,5.6,2,11.85,8600,8600,18-APR-2022,
OPTSTK,HINDCOPPER,26-May-2022,137.5,CE,0.0,0.0,0.0,5.6,4.95,0,0.0,0,0,18-APR-2022,
OPTSTK,HINDCOPPER,26-May-2022,140.0,CE,0.0,0.0,0.0,5.15,4.4,0,0.0,0,0,18-APR-2022,
OPTSTK,HINDCOPPER,26-May-2022,142.5,CE,0.0,0.0,0.0,4.75,3.85,0,0.0,0,0,18-APR-2022,
OPTSTK,HINDCOPPER,26-May-2022,145.0,CE,0.0,0.0,0.0,4.35,3.4,0,0.0,0,0,18-APR-2022,
OPTSTK,HINDCOPPER,26-May-2022,147.5,CE,0.0,0.0,0.0,4.0,2.95,0,0.0,0,0,18-APR-2022,
OPTSTK,HINDCOPPER,26-May-2022,150.0,CE,0.0,0.0,0.0,3.7,2.6,0,0.0,0,0,18-APR-2022,
OPTSTK,HINDCOPPER,26-May-2022,152.5,CE,0.0,0.0,0.0,3.4,2.25,0,0.0,0,0,18-APR-2022,
OPTSTK,HINDCOPPER,26-May-2022,155.0,CE,0.0,0.0,0.0,3.15,1.95,0,0.0,0,0,18-APR-2022,
OPTSTK,HINDCOPPER,26-May-2022,80.0,PE,0.0,0.0,0.0,3.55,0.25,0,0.0,0,0,18-APR-2022,
OPTSTK,HINDCOPPER,26-May-2022,82.5,PE,0.0,0.0,0.0,4.2,0.35,0,0.0,0,0,18-APR-2022,
OPTSTK,HINDCOPPER,26-May-2022,85.0,PE,0.0,0.0,0.0,4.95,0.45,0,0.0,0,0,18-APR-2022,
OPTSTK,HINDCOPPER,26-May-2022,87.5,PE,0.0,0.0,0.0,0.75,0.65,0,0.0,0,0,18-APR-2022,
OPTSTK,HINDCOPPER,26-May-2022,90.0,PE,0.0,0.0,0.0,2.0,0.85,0,0.0,12900,0,18-APR-2022,
OPTSTK,HINDCOPPER,26-May-2022,92.5,PE,0.0,0.0,0.0,7.6,1.15,0,0.0,0,0,18-APR-2022,
OPTSTK,HINDCOPPER,26-May-2022,95.0,PE,0.0,0.0,0.0,8.65,1.45,0,0.0,0,0,18-APR-2022,
OPTSTK,HINDCOPPER,26-May-2022,97.5,PE,0.0,0.0,0.0,9.75,1.85,0,0.0,0,0,18-APR-2022,
OPTSTK,HINDCOPPER,26-May-2022,100.0,PE,0.0,0.0,0.0,3.0,2.35,0,0.0,12900,0,18-APR-2022,
OPTSTK,HINDCOPPER,26-May-2022,102.5,PE,0.0,0.0,0.0,12.2,2.95,0,0.0,0,0,18-APR-2022,
OPTSTK,HINDCOPPER,26-May-2022,105.0,PE,0.0,0.0,0.0,13.5,3.6,0,0.0,0,0,18-APR-2022,
OPTSTK,HINDCOPPER,26-May-2022,107.5,PE,0.0,0.0,0.0,14.9,4.35,0,0.0,0,0,18-APR-2022,
OPTSTK,HINDCOPPER,26-May-2022,110.0,PE,0.0,0.0,0.0,4.5,5.2,0,0.0,8600,0,18-APR-2022,
OPTSTK,HINDCOPPER,26-May-2022,112.5,PE,0.0,0.0,0.0,17.9,6.1,0,0.0,0,0,18-APR-2022,
OPTSTK,HINDCOPPER,26-May-2022,115.0,PE,0.0,0.0,0.0,5.25,7.15,0,0.0,4300,0,18-APR-2022,
OPTSTK,HINDCOPPER,26-May-2022,117.5,PE,0.0,0.0,0.0,8.1,8.3,0,0.0,4300,0,18-APR-2022,
OPTSTK,HINDCOPPER,26-May-2022,120.0,PE,0.0,0.0,0.0,6.5,9.55,0,0.0,4300,0,18-APR-2022,
OPTSTK,HINDCOPPER,26-May-2022,122.5,PE,0.0,0.0,0.0,24.55,10.9,0,0.0,0,0,18-APR-2022,
OPTSTK,HINDCOPPER,26-May-2022,125.0,PE,0.0,0.0,0.0,26.35,12.3,0,0.0,0,0,18-APR-2022,
OPTSTK,HINDCOPPER,26-May-2022,127.5,PE,0.0,0.0,0.0,28.2,13.85,0,0.0,0,0,18-APR-2022,
OPTSTK,HINDCOPPER,26-May-2022,130.0,PE,0.0,0.0,0.0,30.1,15.45,0,0.0,0,0,18-APR-2022,
OPTSTK,HINDCOPPER,26-May-2022,132.5,PE,0.0,0.0,0.0,32.0,17.1,0,0.0,0,0,18-APR-2022,
OPTSTK,HINDCOPPER,26-May-2022,135.0,PE,0.0,0.0,0.0,34.0,18.85,0,0.0,0,0,18-APR-2022,
OPTSTK,HINDCOPPER,26-May-2022,137.5,PE,0.0,0.0,0.0,36.0,20.7,0,0.0,0,0,18-APR-2022,
OPTSTK,HINDCOPPER,26-May-2022,140.0,PE,0.0,0.0,0.0,38.05,22.6,0,0.0,0,0,18-APR-2022,
OPTSTK,HINDCOPPER,26-May-2022,142.5,PE,0.0,0.0,0.0,40.1,24.55,0,0.0,0,0,18-APR-2022,
OPTSTK,HINDCOPPER,26-May-2022,145.0,PE,0.0,0.0,0.0,42.2,26.6,0,0.0,0,0,18-APR-2022,
OPTSTK,HINDCOPPER,26-May-2022,147.5,PE,0.0,0.0,0.0,44.35,28.65,0,0.0,0,0,18-APR-2022,
OPTSTK,HINDCOPPER,26-May-2022,150.0,PE,0.0,0.0,0.0,46.5,30.75,0,0.0,0,0,18-APR-2022,
OPTSTK,HINDCOPPER,26-May-2022,152.5,PE,0.0,0.0,0.0,48.65,32.95,0,0.0,0,0,18-APR-2022,
OPTSTK,HINDCOPPER,26-May-2022,155.0,PE,0.0,0.0,0.0,50.85,35.15,0,0.0,0,0,18-APR-2022,
OPTSTK,HINDCOPPER,30-Jun-2022,80.0,CE,0.0,0.0,0.0,36.95,42.9,0,0.0,0,0,18-APR-2022,
OPTSTK,HINDCOPPER,30-Jun-2022,82.5,CE,0.0,0.0,0.0,35.0,40.7,0,0.0,0,0,18-APR-2022,
OPTSTK,HINDCOPPER,30-Jun-2022,85.0,CE,0.0,0.0,0.0,33.05,38.55,0,0.0,0,0,18-APR-2022,
OPTSTK,HINDCOPPER,30-Jun-2022,87.5,CE,0.0,0.0,0.0,31.2,36.45,0,0.0,0,0,18-APR-2022,
OPTSTK,HINDCOPPER,30-Jun-2022,90.0,CE,0.0,0.0,0.0,29.45,34.4,0,0.0,0,0,18-APR-2022,
OPTSTK,HINDCOPPER,30-Jun-2022,92.5,CE,0.0,0.0,0.0,27.7,32.45,0,0.0,0,0,18-APR-2022,
OPTSTK,HINDCOPPER,30-Jun-2022,95.0,CE,0.0,0.0,0.0,26.05,30.55,0,0.0,0,0,18-APR-2022,
OPTSTK,HINDCOPPER,30-Jun-2022,97.5,CE,0.0,0.0,0.0,24.5,28.7,0,0.0,0,0,18-APR-2022,
OPTSTK,HINDCOPPER,30-Jun-2022,100.0,CE,0.0,0.0,0.0,22.95,26.95,0,0.0,0,0,18-APR-2022,
OPTSTK,HINDCOPPER,30-Jun-2022,102.5,CE,0.0,0.0,0.0,21.55,25.25,0,0.0,0,0,18-APR-2022,
OPTSTK,HINDCOPPER,30-Jun-2022,105.0,CE,0.0,0.0,0.0,20.15,23.6,0,0.0,0,0,18-APR-2022,
OPTSTK,HINDCOPPER,30-Jun-2022,107.5,CE,0.0,0.0,0.0,18.85,22.05,0,0.0,0,0,18-APR-2022,
OPTSTK,HINDCOPPER,30-Jun-2022,110.0,CE,0.0,0.0,0.0,17.65,20.6,0,0.0,0,0,18-APR-2022,
OPTSTK,HINDCOPPER,30-Jun-2022,112.5,CE,0.0,0.0,0.0,16.5,19.2,0,0.0,0,0,18-APR-2022,
OPTSTK,HINDCOPPER,30-Jun-2022,115.0,CE,0.0,0.0,0.0,15.4,17.85,0,0.0,0,0,18-APR-2022,
OPTSTK,HINDCOPPER,30-Jun-2022,117.5,CE,0.0,0.0,0.0,14.35,16.6,0,0.0,0,0,18-APR-2022,
OPTSTK,HINDCOPPER,30-Jun-2022,120.0,CE,0.0,0.0,0.0,13.35,15.4,0,0.0,0,0,18-APR-2022,
OPTSTK,HINDCOPPER,30-Jun-2022,122.5,CE,0.0,0.0,0.0,12.45,14.3,0,0.0,0,0,18-APR-2022,
OPTSTK,HINDCOPPER,30-Jun-2022,125.0,CE,0.0,0.0,0.0,11.6,13.25,0,0.0,0,0,18-APR-2022,
OPTSTK,HINDCOPPER,30-Jun-2022,127.5,CE,0.0,0.0,0.0,10.75,12.25,0,0.0,0,0,18-APR-2022,
OPTSTK,HINDCOPPER,30-Jun-2022,130.0,CE,0.0,0.0,0.0,10.0,11.35,0,0.0,0,0,18-APR-2022,
OPTSTK,HINDCOPPER,30-Jun-2022,132.5,CE,0.0,0.0,0.0,9.3,10.45,0,0.0,0,0,18-APR-2022,
OPTSTK,HINDCOPPER,30-Jun-2022,135.0,CE,0.0,0.0,0.0,8.65,9.65,0,0.0,0,0,18-APR-2022,
OPTSTK,HINDCOPPER,30-Jun-2022,137.5,CE,0.0,0.0,0.0,8.0,8.9,0,0.0,0,0,18-APR-2022,
OPTSTK,HINDCOPPER,30-Jun-2022,140.0,CE,0.0,0.0,0.0,7.45,8.2,0,0.0,0,0,18-APR-2022,
OPTSTK,HINDCOPPER,30-Jun-2022,142.5,CE,0.0,0.0,0.0,6.9,7.55,0,0.0,0,0,18-APR-2022,
OPTSTK,HINDCOPPER,30-Jun-2022,145.0,CE,0.0,0.0,0.0,6.4,6.95,0,0.0,0,0,18-APR-2022,
OPTSTK,HINDCOPPER,30-Jun-2022,147.5,CE,0.0,0.0,0.0,5.9,6.4,0,0.0,0,0,18-APR-2022,
OPTSTK,HINDCOPPER,30-Jun-2022,150.0,CE,0.0,0.0,0.0,5.5,5.9,0,0.0,0,0,18-APR-2022,
OPTSTK,HINDCOPPER,30-Jun-2022,152.5,CE,0.0,0.0,0.0,5.05,5.4,0,0.0,0,0,18-APR-2022,
OPTSTK,HINDCOPPER,30-Jun-2022,155.0,CE,0.0,0.0,0.0,4.7,4.95,0,0.0,0,0,18-APR-2022,
OPTSTK,HINDCOPPER,30-Jun-2022,80.0,PE,0.0,0.0,0.0,2.4,1.05,0,0.0,0,0,18-APR-2022,
OPTSTK,HINDCOPPER,30-Jun-2022,82.5,PE,0.0,0.0,0.0,2.85,1.35,0,0.0,0,0,18-APR-2022,
OPTSTK,HINDCOPPER,30-Jun-2022,85.0,PE,0.0,0.0,0.0,3.4,1.65,0,0.0,0,0,18-APR-2022,
OPTSTK,HINDCOPPER,30-Jun-2022,87.5,PE,0.0,0.0,0.0,4.05,2.05,0,0.0,0,0,18-APR-2022,
OPTSTK,HINDCOPPER,30-Jun-2022,90.0,PE,0.0,0.0,0.0,4.75,2.5,0,0.0,0,0,18-APR-2022,
OPTSTK,HINDCOPPER,30-Jun-2022,92.5,PE,0.0,0.0,0.0,5.5,3.0,0,0.0,0,0,18-APR-2022,
OPTSTK,HINDCOPPER,30-Jun-2022,95.0,PE,0.0,0.0,0.0,6.3,3.6,0,0.0,0,0,18-APR-2022,
OPTSTK,HINDCOPPER,30-Jun-2022,97.5,PE,0.0,0.0,0.0,7.2,4.2,0,0.0,0,0,18-APR-2022,
OPTSTK,HINDCOPPER,30-Jun-2022,100.0,PE,0.0,0.0,0.0,8.15,4.95,0,0.0,0,0,18-APR-2022,
OPTSTK,HINDCOPPER,30-Jun-2022,102.5,PE,0.0,0.0,0.0,9.2,5.7,0,0.0,0,0,18-APR-2022,
OPTSTK,HINDCOPPER,30-Jun-2022,105.0,PE,0.0,0.0,0.0,10.3,6.55,0,0.0,0,0,18-APR-2022,
OPTSTK,HINDCOPPER,30-Jun-2022,107.5,PE,0.0,0.0,0.0,11.5,7.5,0,0.0,0,0,18-APR-2022,
OPTSTK,HINDCOPPER,30-Jun-2022,110.0,PE,0.0,0.0,0.0,12.75,8.5,0,0.0,0,0,18-APR-2022,
OPTSTK,HINDCOPPER,30-Jun-2022,112.5,PE,0.0,0.0,0.0,14.05,9.6,0,0.0,0,0,18-APR-2022,
OPTSTK,HINDCOPPER,30-Jun-2022,115.0,PE,0.0,0.0,0.0,15.4,10.75,0,0.0,0,0,18-APR-2022,
OPTSTK,HINDCOPPER,30-Jun-2022,117.5,PE,0.0,0.0,0.0,16.85,11.95,0,0.0,0,0,18-APR-2022,
OPTSTK,HINDCOPPER,30-Jun-2022,120.0,PE,0.0,0.0,0.0,18.35,13.25,0,0.0,0,0,18-APR-2022,
OPTSTK,HINDCOPPER,30-Jun-2022,122.5,PE,0.0,0.0,0.0,19.9,14.6,0,0.0,0,0,18-APR-2022,
OPTSTK,HINDCOPPER,30-Jun-2022,125.0,PE,0.0,0.0,0.0,21.5,16.05,0,0.0,0,0,18-APR-2022,
OPTSTK,HINDCOPPER,30-Jun-2022,127.5,PE,0.0,0.0,0.0,23.2,17.55,0,0.0,0,0,18-APR-2022,
OPTSTK,HINDCOPPER,30-Jun-2022,130.0,PE,0.0,0.0,0.0,24.9,19.1,0,0.0,0,0,18-APR-2022,
OPTSTK,HINDCOPPER,30-Jun-2022,132.5,PE,0.0,0.0,0.0,26.65,20.7,0,0.0,0,0,18-APR-2022,
OPTSTK,HINDCOPPER,30-Jun-2022,135.0,PE,0.0,0.0,0.0,28.45,22.35,0,0.0,0,0,18-APR-2022,
OPTSTK,HINDCOPPER,30-Jun-2022,137.5,PE,0.0,0.0,0.0,30.3,24.1,0,0.0,0,0,18-APR-2022,
OPTSTK,HINDCOPPER,30-Jun-2022,140.0,PE,0.0,0.0,0.0,32.2,25.85,0,0.0,0,0,18-APR-2022,
OPTSTK,HINDCOPPER,30-Jun-2022,142.5,PE,0.0,0.0,0.0,34.15,27.7,0,0.0,0,0,18-APR-2022,
OPTSTK,HINDCOPPER,30-Jun-2022,145.0,PE,0.0,0.0,0.0,36.1,29.6,0,0.0,0,0,18-APR-2022,
OPTSTK,HINDCOPPER,30-Jun-2022,147.5,PE,0.0,0.0,0.0,38.1,31.5,0,0.0,0,0,18-APR-2022,
OPTSTK,HINDCOPPER,30-Jun-2022,150.0,PE,0.0,0.0,0.0,40.15,33.45,0,0.0,0,0,18-APR-2022,
OPTSTK,HINDCOPPER,30-Jun-2022,152.5,PE,0.0,0.0,0.0,42.2,35.45,0,0.0,0,0,18-APR-2022,
OPTSTK,HINDCOPPER,30-Jun-2022,155.0,PE,0.0,0.0,0.0,44.3,37.5,0,0.0,0,0,18-APR-2022,
OPTSTK,HINDPETRO,28-Apr-2022,205.0,CE,0.0,0.0,0.0,106.0,78.6,0,0.0,0,0,18-APR-2022,
OPTSTK,HINDPETRO,28-Apr-2022,210.0,CE,0.0,0.0,0.0,101.2,73.6,0,0.0,0,0,18-APR-2022,
OPTSTK,HINDPETRO,28-Apr-2022,215.0,CE,0.0,0.0,0.0,96.5,68.6,0,0.0,0,0,18-APR-2022,
OPTSTK,HINDPETRO,28-Apr-2022,220.0,CE,0.0,0.0,0.0,50.5,63.6,0,0.0,5400,0,18-APR-2022,
OPTSTK,HINDPETRO,28-Apr-2022,225.0,CE,0.0,0.0,0.0,87.25,58.65,0,0.0,0,0,18-APR-2022,
OPTSTK,HINDPETRO,28-Apr-2022,230.0,CE,0.0,0.0,0.0,82.75,53.65,0,0.0,0,0,18-APR-2022,
OPTSTK,HINDPETRO,28-Apr-2022,235.0,CE,0.0,0.0,0.0,78.3,48.65,0,0.0,0,0,18-APR-2022,
OPTSTK,HINDPETRO,28-Apr-2022,240.0,CE,0.0,0.0,0.0,74.0,43.7,0,0.0,0,0,18-APR-2022,
OPTSTK,HINDPETRO,28-Apr-2022,245.0,CE,0.0,0.0,0.0,69.75,38.85,0,0.0,0,0,18-APR-2022,
OPTSTK,HINDPETRO,28-Apr-2022,250.0,CE,0.0,0.0,0.0,44.2,34.0,0,0.0,29700,0,18-APR-2022,
OPTSTK,HINDPETRO,28-Apr-2022,255.0,CE,0.0,0.0,0.0,61.65,29.35,0,0.0,0,0,18-APR-2022,
OPTSTK,HINDPETRO,28-Apr-2022,260.0,CE,25.25,27.55,25.25,27.55,24.85,2,15.46,59400,2700,18-APR-2022,
OPTSTK,HINDPETRO,28-Apr-2022,265.0,CE,0.0,0.0,0.0,28.15,20.65,0,0.0,16200,0,18-APR-2022,
OPTSTK,HINDPETRO,28-Apr-2022,270.0,CE,19.3,19.3,14.7,15.65,15.65,39,300.92,221400,-29700,18-APR-2022,
OPTSTK,HINDPETRO,28-Apr-2022,275.0,CE,12.2,12.65,12.1,12.1,12.1,3,23.27,54000,-2700,18-APR-2022,
OPTSTK,HINDPETRO,28-Apr-2022,280.0,CE,10.6,10.6,7.55,8.15,8.15,49,381.91,218700,2700,18-APR-2022,
OPTSTK,HINDPETRO,28-Apr-2022,285.0,CE,8.25,8.25,5.1,5.65,5.65,65,510.73,156600,54000,18-APR-2022,
OPTSTK,HINDPETRO,28-Apr-2022,290.0,CE,6.2,8.4,3.35,3.75,3.75,345,2743.92,496800,197100,18-APR-2022,
OPTSTK,HINDPETRO,28-Apr-2022,295.0,CE,4.4,5.4,2.25,2.5,2.5,137,1101.89,194400,10800,18-APR-2022,
OPTSTK,HINDPETRO,28-Apr-2022,300.0,CE,3.45,4.0,1.6,1.8,1.8,335,2733.37,1066500,153900,18-APR-2022,
OPTSTK,HINDPETRO,28-Apr-2022,305.0,CE,1.4,2.9,1.25,1.3,1.3,131,1084.33,321300,-43200,18-APR-2022,
OPTSTK,HINDPETRO,28-Apr-2022,310.0,CE,2.05,2.05,0.85,0.9,0.9,184,1545.5,812700,18900,18-APR-2022,
OPTSTK,HINDPETRO,28-Apr-2022,315.0,CE,1.0,1.3,0.7,0.7,0.7,24,204.64,221400,-2700,18-APR-2022,
OPTSTK,HINDPETRO,28-Apr-2022,320.0,CE,0.75,0.95,0.5,0.55,0.55,112,969.51,648000,-62100,18-APR-2022,
OPTSTK,HINDPETRO,28-Apr-2022,325.0,CE,0.8,0.8,0.45,0.45,0.45,12,105.46,126900,-2700,18-APR-2022,
OPTSTK,HINDPETRO,28-Apr-2022,330.0,CE,0.5,2.4,0.35,0.7,0.7,38,339.04,307800,0,18-APR-2022,
OPTSTK,HINDPETRO,28-Apr-2022,335.0,CE,0.2,0.2,0.2,0.2,0.1,1,9.05,35100,-2700,18-APR-2022,
OPTSTK,HINDPETRO,28-Apr-2022,340.0,CE,0.3,0.3,0.2,0.3,0.1,22,202.11,121500,-16200,18-APR-2022,
OPTSTK,HINDPETRO,28-Apr-2022,345.0,CE,0.0,0.0,0.0,14.3,0.05,0,0.0,0,0,18-APR-2022,
OPTSTK,HINDPETRO,28-Apr-2022,350.0,CE,0.25,1.45,0.1,0.25,0.25,65,614.74,256500,32400,18-APR-2022,
OPTSTK,HINDPETRO,28-Apr-2022,355.0,CE,0.0,0.0,0.0,0.25,0.05,0,0.0,8100,0,18-APR-2022,
OPTSTK,HINDPETRO,28-Apr-2022,360.0,CE,0.0,0.0,0.0,0.2,0.0,0,0.0,16200,0,18-APR-2022,
OPTSTK,HINDPETRO,28-Apr-2022,365.0,CE,0.0,0.0,0.0,0.2,0.0,0,0.0,21600,0,18-APR-2022,
OPTSTK,HINDPETRO,28-Apr-2022,370.0,CE,0.0,0.0,0.0,0.2,0.0,0,0.0,2700,0,18-APR-2022,
OPTSTK,HINDPETRO,28-Apr-2022,375.0,CE,0.0,0.0,0.0,0.2,0.0,0,0.0,67500,0,18-APR-2022,
OPTSTK,HINDPETRO,28-Apr-2022,380.0,CE,0.0,0.0,0.0,7.0,0.0,0,0.0,0,0,18-APR-2022,
OPTSTK,HINDPETRO,28-Apr-2022,385.0,CE,0.0,0.0,0.0,6.3,0.0,0,0.0,0,0,18-APR-2022,
OPTSTK,HINDPETRO,28-Apr-2022,390.0,CE,0.0,0.0,0.0,5.65,0.0,0,0.0,0,0,18-APR-2022,
OPTSTK,HINDPETRO,28-Apr-2022,395.0,CE,0.0,0.0,0.0,5.1,0.0,0,0.0,0,0,18-APR-2022,
OPTSTK,HINDPETRO,28-Apr-2022,400.0,CE,0.0,0.0,0.0,3.15,0.0,0,0.0,2700,0,18-APR-2022,
OPTSTK,HINDPETRO,28-Apr-2022,205.0,PE,0.0,0.0,0.0,0.1,0.0,0,0.0,16200,0,18-APR-2022,
OPTSTK,HINDPETRO,28-Apr-2022,210.0,PE,0.0,0.0,0.0,0.1,0.0,0,0.0,2700,0,18-APR-2022,
OPTSTK,HINDPETRO,28-Apr-2022,215.0,PE,0.0,0.0,0.0,0.95,0.0,0,0.0,0,0,18-APR-2022,
OPTSTK,HINDPETRO,28-Apr-2022,220.0,PE,0.2,0.2,0.2,0.2,0.0,1,5.94,75600,0,18-APR-2022,
OPTSTK,HINDPETRO,28-Apr-2022,225.0,PE,0.0,0.0,0.0,1.6,0.0,0,0.0,0,0,18-APR-2022,
OPTSTK,HINDPETRO,28-Apr-2022,230.0,PE,0.05,0.25,0.05,0.15,0.05,14,87.0,45900,0,18-APR-2022,
OPTSTK,HINDPETRO,28-Apr-2022,235.0,PE,0.1,0.3,0.1,0.3,0.05,3,19.04,5400,0,18-APR-2022,
OPTSTK,HINDPETRO,28-Apr-2022,240.0,PE,0.45,0.45,0.45,0.45,0.45,2,12.98,153900,-2700,18-APR-2022,
OPTSTK,HINDPETRO,28-Apr-2022,245.0,PE,0.0,0.0,0.0,0.75,0.2,0,0.0,37800,0,18-APR-2022,
OPTSTK,HINDPETRO,28-Apr-2022,250.0,PE,0.75,0.95,0.7,0.7,0.7,88,595.92,858600,-32400,18-APR-2022,
OPTSTK,HINDPETRO,28-Apr-2022,255.0,PE,0.0,0.0,0.0,0.7,0.7,0,0.0,118800,0,18-APR-2022,
OPTSTK,HINDPETRO,28-Apr-2022,260.0,PE,0.95,1.35,0.85,0.9,0.9,109,768.3,367200,-37800,18-APR-2022,
OPTSTK,HINDPETRO,28-Apr-2022,265.0,PE,1.05,1.55,0.95,1.25,1.25,42,301.96,91800,-32400,18-APR-2022,
OPTSTK,HINDPETRO,28-Apr-2022,270.0,PE,1.5,2.15,1.4,1.8,1.8,302,2215.96,423900,59400,18-APR-2022,
OPTSTK,HINDPETRO,28-Apr-2022,275.0,PE,1.6,3.25,1.6,2.7,2.7,79,592.7,197100,-13500,18-APR-2022,
OPTSTK,HINDPETRO,28-Apr-2022,280.0,PE,3.0,5.0,2.7,4.25,4.25,191,1465.92,602100,-16200,18-APR-2022,
OPTSTK,HINDPETRO,28-Apr-2022,285.0,PE,4.95,7.75,4.8,6.3,6.3,103,810.06,202500,-51300,18-APR-2022,
OPTSTK,HINDPETRO,28-Apr-2022,290.0,PE,7.5,10.9,6.0,9.65,9.65,517,4182.27,251100,35100,18-APR-2022,
OPTSTK,HINDPETRO,28-Apr-2022,295.0,PE,12.7,14.45,11.6,14.45,15.4,22,182.76,110700,-18900,18-APR-2022,
OPTSTK,HINDPETRO,28-Apr-2022,300.0,PE,15.1,18.05,14.85,17.1,19.15,17,145.51,189000,-8100,18-APR-2022,
OPTSTK,HINDPETRO,28-Apr-2022,305.0,PE,18.8,22.6,17.65,22.6,23.25,3,26.29,40500,2700,18-APR-2022,
OPTSTK,HINDPETRO,28-Apr-2022,310.0,PE,27.05,27.05,27.0,27.0,27.6,4,36.4,108000,-10800,18-APR-2022,
OPTSTK,HINDPETRO,28-Apr-2022,315.0,PE,0.0,0.0,0.0,28.25,32.1,0,0.0,0,0,18-APR-2022,
OPTSTK,HINDPETRO,28-Apr-2022,320.0,PE,0.0,0.0,0.0,23.05,36.8,0,0.0,54000,0,18-APR-2022,
OPTSTK,HINDPETRO,28-Apr-2022,325.0,PE,0.0,0.0,0.0,34.15,41.6,0,0.0,0,0,18-APR-2022,
OPTSTK,HINDPETRO,28-Apr-2022,330.0,PE,0.0,0.0,0.0,28.0,46.5,0,0.0,5400,0,18-APR-2022,
OPTSTK,HINDPETRO,28-Apr-2022,335.0,PE,0.0,0.0,0.0,40.5,51.4,0,0.0,0,0,18-APR-2022,
OPTSTK,HINDPETRO,28-Apr-2022,340.0,PE,0.0,0.0,0.0,43.9,56.35,0,0.0,0,0,18-APR-2022,
OPTSTK,HINDPETRO,28-Apr-2022,345.0,PE,0.0,0.0,0.0,47.4,61.3,0,0.0,0,0,18-APR-2022,
OPTSTK,HINDPETRO,28-Apr-2022,350.0,PE,0.0,0.0,0.0,51.05,66.3,0,0.0,0,0,18-APR-2022,
OPTSTK,HINDPETRO,28-Apr-2022,355.0,PE,0.0,0.0,0.0,54.75,71.3,0,0.0,0,0,18-APR-2022,
OPTSTK,HINDPETRO,28-Apr-2022,360.0,PE,0.0,0.0,0.0,58.6,76.25,0,0.0,0,0,18-APR-2022,
OPTSTK,HINDPETRO,28-Apr-2022,365.0,PE,0.0,0.0,0.0,62.5,81.25,0,0.0,0,0,18-APR-2022,
OPTSTK,HINDPETRO,28-Apr-2022,370.0,PE,0.0,0.0,0.0,66.5,86.25,0,0.0,0,0,18-APR-2022,
OPTSTK,HINDPETRO,28-Apr-2022,375.0,PE,0.0,0.0,0.0,70.6,91.25,0,0.0,0,0,18-APR-2022,
OPTSTK,HINDPETRO,28-Apr-2022,380.0,PE,0.0,0.0,0.0,74.75,96.25,0,0.0,0,0,18-APR-2022,
OPTSTK,HINDPETRO,28-Apr-2022,385.0,PE,0.0,0.0,0.0,79.0,101.25,0,0.0,0,0,18-APR-2022,
OPTSTK,HINDPETRO,28-Apr-2022,390.0,PE,0.0,0.0,0.0,83.3,106.25,0,0.0,0,0,18-APR-2022,
OPTSTK,HINDPETRO,28-Apr-2022,395.0,PE,0.0,0.0,0.0,87.65,111.25,0,0.0,0,0,18-APR-2022,
OPTSTK,HINDPETRO,28-Apr-2022,400.0,PE,0.0,0.0,0.0,92.1,116.2,0,0.0,0,0,18-APR-2022,
OPTSTK,HINDPETRO,26-May-2022,205.0,CE,0.0,0.0,0.0,71.35,79.4,0,0.0,0,0,18-APR-2022,
OPTSTK,HINDPETRO,26-May-2022,210.0,CE,0.0,0.0,0.0,67.0,74.55,0,0.0,0,0,18-APR-2022,
OPTSTK,HINDPETRO,26-May-2022,215.0,CE,0.0,0.0,0.0,62.75,69.7,0,0.0,0,0,18-APR-2022,
OPTSTK,HINDPETRO,26-May-2022,220.0,CE,0.0,0.0,0.0,58.6,64.9,0,0.0,0,0,18-APR-2022,
OPTSTK,HINDPETRO,26-May-2022,225.0,CE,0.0,0.0,0.0,54.6,60.2,0,0.0,0,0,18-APR-2022,
OPTSTK,HINDPETRO,26-May-2022,230.0,CE,0.0,0.0,0.0,50.75,55.55,0,0.0,0,0,18-APR-2022,
OPTSTK,HINDPETRO,26-May-2022,235.0,CE,0.0,0.0,0.0,47.05,51.05,0,0.0,0,0,18-APR-2022,
OPTSTK,HINDPETRO,26-May-2022,240.0,CE,0.0,0.0,0.0,43.5,46.65,0,0.0,0,0,18-APR-2022,
OPTSTK,HINDPETRO,26-May-2022,245.0,CE,0.0,0.0,0.0,40.1,42.45,0,0.0,0,0,18-APR-2022,
OPTSTK,HINDPETRO,26-May-2022,250.0,CE,0.0,0.0,0.0,36.9,38.4,0,0.0,0,0,18-APR-2022,
OPTSTK,HINDPETRO,26-May-2022,255.0,CE,0.0,0.0,0.0,33.9,34.55,0,0.0,0,0,18-APR-2022,
OPTSTK,HINDPETRO,26-May-2022,260.0,CE,0.0,0.0,0.0,31.0,30.9,0,0.0,0,0,18-APR-2022,
OPTSTK,HINDPETRO,26-May-2022,265.0,CE,0.0,0.0,0.0,28.35,27.5,0,0.0,0,0,18-APR-2022,
OPTSTK,HINDPETRO,26-May-2022,270.0,CE,0.0,0.0,0.0,25.8,24.3,0,0.0,0,0,18-APR-2022,
OPTSTK,HINDPETRO,26-May-2022,275.0,CE,0.0,0.0,0.0,23.5,21.35,0,0.0,0,0,18-APR-2022,
OPTSTK,HINDPETRO,26-May-2022,280.0,CE,0.0,0.0,0.0,22.5,18.65,0,0.0,8100,0,18-APR-2022,
OPTSTK,HINDPETRO,26-May-2022,285.0,CE,0.0,0.0,0.0,19.3,16.2,0,0.0,0,0,18-APR-2022,
OPTSTK,HINDPETRO,26-May-2022,290.0,CE,10.5,11.0,10.5,11.0,14.0,2,16.24,8100,5400,18-APR-2022,
OPTSTK,HINDPETRO,26-May-2022,295.0,CE,0.0,0.0,0.0,15.7,12.05,0,0.0,0,0,18-APR-2022,
OPTSTK,HINDPETRO,26-May-2022,300.0,CE,10.0,10.0,6.5,7.05,7.05,14,116.26,54000,27000,18-APR-2022,
OPTSTK,HINDPETRO,26-May-2022,305.0,CE,0.0,0.0,0.0,12.65,8.75,0,0.0,0,0,18-APR-2022,
OPTSTK,HINDPETRO,26-May-2022,310.0,CE,4.0,4.0,4.0,4.0,7.4,1,8.47,5400,-2700,18-APR-2022,
OPTSTK,HINDPETRO,26-May-2022,315.0,CE,0.0,0.0,0.0,10.15,6.2,0,0.0,0,0,18-APR-2022,
OPTSTK,HINDPETRO,26-May-2022,320.0,CE,3.0,3.0,2.0,2.0,5.2,4,34.8,24300,0,18-APR-2022,
OPTSTK,HINDPETRO,26-May-2022,325.0,CE,0.0,0.0,0.0,8.1,4.3,0,0.0,0,0,18-APR-2022,
OPTSTK,HINDPETRO,26-May-2022,330.0,CE,0.0,0.0,0.0,6.0,3.55,0,0.0,2700,0,18-APR-2022,
OPTSTK,HINDPETRO,26-May-2022,335.0,CE,0.0,0.0,0.0,6.4,2.95,0,0.0,0,0,18-APR-2022,
OPTSTK,HINDPETRO,26-May-2022,340.0,CE,0.0,0.0,0.0,5.7,2.4,0,0.0,0,0,18-APR-2022,
OPTSTK,HINDPETRO,26-May-2022,345.0,CE,0.0,0.0,0.0,5.05,1.95,0,0.0,0,0,18-APR-2022,
OPTSTK,HINDPETRO,26-May-2022,350.0,CE,0.0,0.0,0.0,4.45,1.6,0,0.0,0,0,18-APR-2022,
OPTSTK,HINDPETRO,26-May-2022,355.0,CE,0.0,0.0,0.0,3.95,1.3,0,0.0,0,0,18-APR-2022,
OPTSTK,HINDPETRO,26-May-2022,360.0,CE,0.0,0.0,0.0,3.45,1.05,0,0.0,0,0,18-APR-2022,
OPTSTK,HINDPETRO,26-May-2022,365.0,CE,0.0,0.0,0.0,3.05,0.85,0,0.0,0,0,18-APR-2022,
OPTSTK,HINDPETRO,26-May-2022,370.0,CE,0.0,0.0,0.0,2.7,0.7,0,0.0,0,0,18-APR-2022,
OPTSTK,HINDPETRO,26-May-2022,375.0,CE,0.0,0.0,0.0,2.35,0.55,0,0.0,0,0,18-APR-2022,
OPTSTK,HINDPETRO,26-May-2022,380.0,CE,0.0,0.0,0.0,2.05,0.45,0,0.0,0,0,18-APR-2022,
OPTSTK,HINDPETRO,26-May-2022,385.0,CE,0.0,0.0,0.0,1.8,0.35,0,0.0,0,0,18-APR-2022,
OPTSTK,HINDPETRO,26-May-2022,390.0,CE,0.0,0.0,0.0,1.6,0.3,0,0.0,0,0,18-APR-2022,
OPTSTK,HINDPETRO,26-May-2022,205.0,PE,0.0,0.0,0.0,2.05,0.15,0,0.0,0,0,18-APR-2022,
OPTSTK,HINDPETRO,26-May-2022,210.0,PE,0.0,0.0,0.0,2.65,0.25,0,0.0,0,0,18-APR-2022,
OPTSTK,HINDPETRO,26-May-2022,215.0,PE,0.0,0.0,0.0,3.35,0.4,0,0.0,0,0,18-APR-2022,
OPTSTK,HINDPETRO,26-May-2022,220.0,PE,0.0,0.0,0.0,4.15,0.55,0,0.0,0,0,18-APR-2022,
OPTSTK,HINDPETRO,26-May-2022,225.0,PE,0.0,0.0,0.0,5.1,0.85,0,0.0,0,0,18-APR-2022,
OPTSTK,HINDPETRO,26-May-2022,230.0,PE,0.0,0.0,0.0,6.2,1.2,0,0.0,0,0,18-APR-2022,
OPTSTK,HINDPETRO,26-May-2022,235.0,PE,0.0,0.0,0.0,7.45,1.65,0,0.0,0,0,18-APR-2022,
OPTSTK,HINDPETRO,26-May-2022,240.0,PE,0.0,0.0,0.0,8.85,2.25,0,0.0,0,0,18-APR-2022,
OPTSTK,HINDPETRO,26-May-2022,245.0,PE,0.0,0.0,0.0,10.4,3.0,0,0.0,0,0,18-APR-2022,
OPTSTK,HINDPETRO,26-May-2022,250.0,PE,0.0,0.0,0.0,12.15,3.95,0,0.0,0,0,18-APR-2022,
OPTSTK,HINDPETRO,26-May-2022,255.0,PE,0.0,0.0,0.0,14.05,5.05,0,0.0,0,0,18-APR-2022,
OPTSTK,HINDPETRO,26-May-2022,260.0,PE,4.15,4.15,4.0,4.0,4.0,2,14.26,5400,2700,18-APR-2022,
OPTSTK,HINDPETRO,26-May-2022,265.0,PE,0.0,0.0,0.0,18.4,7.95,0,0.0,0,0,18-APR-2022,
OPTSTK,HINDPETRO,26-May-2022,270.0,PE,0.0,0.0,0.0,5.5,9.75,0,0.0,2700,0,18-APR-2022,
OPTSTK,HINDPETRO,26-May-2022,275.0,PE,0.0,0.0,0.0,23.45,11.8,0,0.0,0,0,18-APR-2022,
OPTSTK,HINDPETRO,26-May-2022,280.0,PE,10.0,12.0,10.0,10.8,10.8,9,70.7,18900,18900,18-APR-2022,
OPTSTK,HINDPETRO,26-May-2022,285.0,PE,0.0,0.0,0.0,29.15,16.6,0,0.0,0,0,18-APR-2022,
OPTSTK,HINDPETRO,26-May-2022,290.0,PE,0.0,0.0,0.0,13.65,19.4,0,0.0,2700,0,18-APR-2022,
OPTSTK,HINDPETRO,26-May-2022,295.0,PE,0.0,0.0,0.0,35.45,22.4,0,0.0,0,0,18-APR-2022,
OPTSTK,HINDPETRO,26-May-2022,300.0,PE,0.0,0.0,0.0,20.0,25.6,0,0.0,5400,0,18-APR-2022,
OPTSTK,HINDPETRO,26-May-2022,305.0,PE,0.0,0.0,0.0,42.35,29.05,0,0.0,0,0,18-APR-2022,
OPTSTK,HINDPETRO,26-May-2022,310.0,PE,0.0,0.0,0.0,17.5,32.65,0,0.0,5400,0,18-APR-2022,
OPTSTK,HINDPETRO,26-May-2022,315.0,PE,0.0,0.0,0.0,49.7,36.5,0,0.0,0,0,18-APR-2022,
OPTSTK,HINDPETRO,26-May-2022,320.0,PE,0.0,0.0,0.0,53.6,40.45,0,0.0,0,0,18-APR-2022,
OPTSTK,HINDPETRO,26-May-2022,325.0,PE,0.0,0.0,0.0,57.55,44.55,0,0.0,0,0,18-APR-2022,
OPTSTK,HINDPETRO,26-May-2022,330.0,PE,0.0,0.0,0.0,61.6,48.75,0,0.0,0,0,18-APR-2022,
OPTSTK,HINDPETRO,26-May-2022,335.0,PE,0.0,0.0,0.0,65.75,53.1,0,0.0,0,0,18-APR-2022,
OPTSTK,HINDPETRO,26-May-2022,340.0,PE,0.0,0.0,0.0,69.95,57.55,0,0.0,0,0,18-APR-2022,
OPTSTK,HINDPETRO,26-May-2022,345.0,PE,0.0,0.0,0.0,74.25,62.1,0,0.0,0,0,18-APR-2022,
OPTSTK,HINDPETRO,26-May-2022,350.0,PE,0.0,0.0,0.0,78.65,66.7,0,0.0,0,0,18-APR-2022,
OPTSTK,HINDPETRO,26-May-2022,355.0,PE,0.0,0.0,0.0,83.05,71.4,0,0.0,0,0,18-APR-2022,
OPTSTK,HINDPETRO,26-May-2022,360.0,PE,0.0,0.0,0.0,87.55,76.1,0,0.0,0,0,18-APR-2022,
OPTSTK,HINDPETRO,26-May-2022,365.0,PE,0.0,0.0,0.0,92.1,80.9,0,0.0,0,0,18-APR-2022,
OPTSTK,HINDPETRO,26-May-2022,370.0,PE,0.0,0.0,0.0,96.65,85.7,0,0.0,0,0,18-APR-2022,
OPTSTK,HINDPETRO,26-May-2022,375.0,PE,0.0,0.0,0.0,101.3,90.55,0,0.0,0,0,18-APR-2022,
OPTSTK,HINDPETRO,26-May-2022,380.0,PE,0.0,0.0,0.0,105.95,95.4,0,0.0,0,0,18-APR-2022,
OPTSTK,HINDPETRO,26-May-2022,385.0,PE,0.0,0.0,0.0,110.65,100.3,0,0.0,0,0,18-APR-2022,
OPTSTK,HINDPETRO,26-May-2022,390.0,PE,0.0,0.0,0.0,115.35,105.2,0,0.0,0,0,18-APR-2022,
OPTSTK,HINDPETRO,30-Jun-2022,205.0,CE,0.0,0.0,0.0,69.05,81.1,0,0.0,0,0,18-APR-2022,
OPTSTK,HINDPETRO,30-Jun-2022,210.0,CE,0.0,0.0,0.0,64.8,76.5,0,0.0,0,0,18-APR-2022,
OPTSTK,HINDPETRO,30-Jun-2022,215.0,CE,0.0,0.0,0.0,60.6,71.95,0,0.0,0,0,18-APR-2022,
OPTSTK,HINDPETRO,30-Jun-2022,220.0,CE,0.0,0.0,0.0,56.6,67.5,0,0.0,0,0,18-APR-2022,
OPTSTK,HINDPETRO,30-Jun-2022,225.0,CE,0.0,0.0,0.0,52.7,63.2,0,0.0,0,0,18-APR-2022,
OPTSTK,HINDPETRO,30-Jun-2022,230.0,CE,0.0,0.0,0.0,49.0,58.95,0,0.0,0,0,18-APR-2022,
OPTSTK,HINDPETRO,30-Jun-2022,235.0,CE,0.0,0.0,0.0,45.4,54.9,0,0.0,0,0,18-APR-2022,
OPTSTK,HINDPETRO,30-Jun-2022,240.0,CE,0.0,0.0,0.0,42.0,50.95,0,0.0,0,0,18-APR-2022,
OPTSTK,HINDPETRO,30-Jun-2022,245.0,CE,0.0,0.0,0.0,38.7,47.15,0,0.0,0,0,18-APR-2022,
OPTSTK,HINDPETRO,30-Jun-2022,250.0,CE,0.0,0.0,0.0,35.65,43.55,0,0.0,0,0,18-APR-2022,
OPTSTK,HINDPETRO,30-Jun-2022,255.0,CE,0.0,0.0,0.0,32.7,40.1,0,0.0,0,0,18-APR-2022,
OPTSTK,HINDPETRO,30-Jun-2022,260.0,CE,0.0,0.0,0.0,29.95,36.8,0,0.0,0,0,18-APR-2022,
OPTSTK,HINDPETRO,30-Jun-2022,265.0,CE,0.0,0.0,0.0,27.4,33.7,0,0.0,0,0,18-APR-2022,
OPTSTK,HINDPETRO,30-Jun-2022,270.0,CE,0.0,0.0,0.0,25.0,30.8,0,0.0,0,0,18-APR-2022,
OPTSTK,HINDPETRO,30-Jun-2022,275.0,CE,0.0,0.0,0.0,22.75,28.05,0,0.0,0,0,18-APR-2022,
OPTSTK,HINDPETRO,30-Jun-2022,280.0,CE,0.0,0.0,0.0,20.65,25.45,0,0.0,0,0,18-APR-2022,
OPTSTK,HINDPETRO,30-Jun-2022,285.0,CE,0.0,0.0,0.0,18.7,23.05,0,0.0,0,0,18-APR-2022,
OPTSTK,HINDPETRO,30-Jun-2022,290.0,CE,0.0,0.0,0.0,16.95,20.85,0,0.0,0,0,18-APR-2022,
OPTSTK,HINDPETRO,30-Jun-2022,295.0,CE,0.0,0.0,0.0,15.3,18.8,0,0.0,0,0,18-APR-2022,
OPTSTK,HINDPETRO,30-Jun-2022,300.0,CE,0.0,0.0,0.0,13.8,16.9,0,0.0,0,0,18-APR-2022,
OPTSTK,HINDPETRO,30-Jun-2022,305.0,CE,0.0,0.0,0.0,12.4,15.15,0,0.0,0,0,18-APR-2022,
OPTSTK,HINDPETRO,30-Jun-2022,310.0,CE,0.0,0.0,0.0,11.15,13.55,0,0.0,0,0,18-APR-2022,
OPTSTK,HINDPETRO,30-Jun-2022,315.0,CE,0.0,0.0,0.0,10.0,12.1,0,0.0,0,0,18-APR-2022,
OPTSTK,HINDPETRO,30-Jun-2022,320.0,CE,0.0,0.0,0.0,8.95,10.8,0,0.0,0,0,18-APR-2022,
OPTSTK,HINDPETRO,30-Jun-2022,325.0,CE,0.0,0.0,0.0,8.0,9.6,0,0.0,0,0,18-APR-2022,
OPTSTK,HINDPETRO,30-Jun-2022,330.0,CE,0.0,0.0,0.0,7.15,8.55,0,0.0,0,0,18-APR-2022,
OPTSTK,HINDPETRO,30-Jun-2022,335.0,CE,0.0,0.0,0.0,6.35,7.55,0,0.0,0,0,18-APR-2022,
OPTSTK,HINDPETRO,30-Jun-2022,340.0,CE,0.0,0.0,0.0,5.65,6.7,0,0.0,0,0,18-APR-2022,
OPTSTK,HINDPETRO,30-Jun-2022,345.0,CE,0.0,0.0,0.0,5.05,5.9,0,0.0,0,0,18-APR-2022,
OPTSTK,HINDPETRO,30-Jun-2022,350.0,CE,0.0,0.0,0.0,4.45,5.2,0,0.0,0,0,18-APR-2022,
OPTSTK,HINDPETRO,30-Jun-2022,355.0,CE,0.0,0.0,0.0,3.95,4.55,0,0.0,0,0,18-APR-2022,
OPTSTK,HINDPETRO,30-Jun-2022,360.0,CE,0.0,0.0,0.0,3.5,4.0,0,0.0,0,0,18-APR-2022,
OPTSTK,HINDPETRO,30-Jun-2022,365.0,CE,0.0,0.0,0.0,3.1,3.5,0,0.0,0,0,18-APR-2022,
OPTSTK,HINDPETRO,30-Jun-2022,370.0,CE,0.0,0.0,0.0,2.75,3.05,0,0.0,0,0,18-APR-2022,
OPTSTK,HINDPETRO,30-Jun-2022,375.0,CE,0.0,0.0,0.0,2.4,2.7,0,0.0,0,0,18-APR-2022,
OPTSTK,HINDPETRO,30-Jun-2022,380.0,CE,0.0,0.0,0.0,2.15,2.35,0,0.0,0,0,18-APR-2022,
OPTSTK,HINDPETRO,30-Jun-2022,205.0,PE,0.0,0.0,0.0,2.55,1.0,0,0.0,0,0,18-APR-2022,
OPTSTK,HINDPETRO,30-Jun-2022,210.0,PE,0.0,0.0,0.0,3.2,1.35,0,0.0,0,0,18-APR-2022,
OPTSTK,HINDPETRO,30-Jun-2022,215.0,PE,0.0,0.0,0.0,4.0,1.8,0,0.0,0,0,18-APR-2022,
OPTSTK,HINDPETRO,30-Jun-2022,220.0,PE,0.0,0.0,0.0,4.95,2.3,0,0.0,0,0,18-APR-2022,
OPTSTK,HINDPETRO,30-Jun-2022,225.0,PE,0.0,0.0,0.0,6.0,2.9,0,0.0,0,0,18-APR-2022,
OPTSTK,HINDPETRO,30-Jun-2022,230.0,PE,0.0,0.0,0.0,7.2,3.65,0,0.0,0,0,18-APR-2022,
OPTSTK,HINDPETRO,30-Jun-2022,235.0,PE,0.0,0.0,0.0,8.6,4.55,0,0.0,0,0,18-APR-2022,
OPTSTK,HINDPETRO,30-Jun-2022,240.0,PE,0.0,0.0,0.0,10.1,5.6,0,0.0,0,0,18-APR-2022,
OPTSTK,HINDPETRO,30-Jun-2022,245.0,PE,0.0,0.0,0.0,11.8,6.75,0,0.0,0,0,18-APR-2022,
OPTSTK,HINDPETRO,30-Jun-2022,250.0,PE,0.0,0.0,0.0,13.65,8.1,0,0.0,0,0,18-APR-2022,
OPTSTK,HINDPETRO,30-Jun-2022,255.0,PE,0.0,0.0,0.0,15.7,9.6,0,0.0,0,0,18-APR-2022,
OPTSTK,HINDPETRO,30-Jun-2022,260.0,PE,0.0,0.0,0.0,17.9,11.25,0,0.0,0,0,18-APR-2022,
OPTSTK,HINDPETRO,30-Jun-2022,265.0,PE,0.0,0.0,0.0,20.25,13.1,0,0.0,0,0,18-APR-2022,
OPTSTK,HINDPETRO,30-Jun-2022,270.0,PE,0.0,0.0,0.0,22.8,15.15,0,0.0,0,0,18-APR-2022,
OPTSTK,HINDPETRO,30-Jun-2022,275.0,PE,0.0,0.0,0.0,25.5,17.35,0,0.0,0,0,18-APR-2022,
OPTSTK,HINDPETRO,30-Jun-2022,280.0,PE,0.0,0.0,0.0,28.35,19.75,0,0.0,0,0,18-APR-2022,
OPTSTK,HINDPETRO,30-Jun-2022,285.0,PE,0.0,0.0,0.0,31.4,22.3,0,0.0,0,0,18-APR-2022,
OPTSTK,HINDPETRO,30-Jun-2022,290.0,PE,0.0,0.0,0.0,34.55,25.05,0,0.0,0,0,18-APR-2022,
OPTSTK,HINDPETRO,30-Jun-2022,295.0,PE,0.0,0.0,0.0,37.85,27.95,0,0.0,0,0,18-APR-2022,
OPTSTK,HINDPETRO,30-Jun-2022,300.0,PE,0.0,0.0,0.0,41.3,31.0,0,0.0,0,0,18-APR-2022,
OPTSTK,HINDPETRO,30-Jun-2022,305.0,PE,0.0,0.0,0.0,44.85,34.25,0,0.0,0,0,18-APR-2022,
OPTSTK,HINDPETRO,30-Jun-2022,310.0,PE,0.0,0.0,0.0,48.55,37.6,0,0.0,0,0,18-APR-2022,
OPTSTK,HINDPETRO,30-Jun-2022,315.0,PE,0.0,0.0,0.0,52.35,41.1,0,0.0,0,0,18-APR-2022,
OPTSTK,HINDPETRO,30-Jun-2022,320.0,PE,0.0,0.0,0.0,56.25,44.75,0,0.0,0,0,18-APR-2022,
OPTSTK,HINDPETRO,30-Jun-2022,325.0,PE,0.0,0.0,0.0,60.25,48.5,0,0.0,0,0,18-APR-2022,
OPTSTK,HINDPETRO,30-Jun-2022,330.0,PE,0.0,0.0,0.0,64.3,52.4,0,0.0,0,0,18-APR-2022,
OPTSTK,HINDPETRO,30-Jun-2022,335.0,PE,0.0,0.0,0.0,68.5,56.35,0,0.0,0,0,18-APR-2022,
OPTSTK,HINDPETRO,30-Jun-2022,340.0,PE,0.0,0.0,0.0,72.75,60.45,0,0.0,0,0,18-APR-2022,
OPTSTK,HINDPETRO,30-Jun-2022,345.0,PE,0.0,0.0,0.0,77.05,64.6,0,0.0,0,0,18-APR-2022,
OPTSTK,HINDPETRO,30-Jun-2022,350.0,PE,0.0,0.0,0.0,81.45,68.9,0,0.0,0,0,18-APR-2022,
OPTSTK,HINDPETRO,30-Jun-2022,355.0,PE,0.0,0.0,0.0,85.9,73.2,0,0.0,0,0,18-APR-2022,
OPTSTK,HINDPETRO,30-Jun-2022,360.0,PE,0.0,0.0,0.0,90.35,77.6,0,0.0,0,0,18-APR-2022,
OPTSTK,HINDPETRO,30-Jun-2022,365.0,PE,0.0,0.0,0.0,94.9,82.05,0,0.0,0,0,18-APR-2022,
OPTSTK,HINDPETRO,30-Jun-2022,370.0,PE,0.0,0.0,0.0,99.5,86.6,0,0.0,0,0,18-APR-2022,
OPTSTK,HINDPETRO,30-Jun-2022,375.0,PE,0.0,0.0,0.0,104.15,91.15,0,0.0,0,0,18-APR-2022,
OPTSTK,HINDPETRO,30-Jun-2022,380.0,PE,0.0,0.0,0.0,108.8,95.8,0,0.0,0,0,18-APR-2022,
OPTSTK,HINDUNILVR,28-Apr-2022,1540.0,CE,0.0,0.0,0.0,771.5,639.35,0,0.0,0,0,18-APR-2022,
OPTSTK,HINDUNILVR,28-Apr-2022,1560.0,CE,0.0,0.0,0.0,751.75,619.4,0,0.0,0,0,18-APR-2022,
OPTSTK,HINDUNILVR,28-Apr-2022,1580.0,CE,0.0,0.0,0.0,732.0,599.4,0,0.0,0,0,18-APR-2022,
OPTSTK,HINDUNILVR,28-Apr-2022,1600.0,CE,0.0,0.0,0.0,712.25,579.4,0,0.0,0,0,18-APR-2022,
OPTSTK,HINDUNILVR,28-Apr-2022,1620.0,CE,0.0,0.0,0.0,692.55,559.45,0,0.0,0,0,18-APR-2022,
OPTSTK,HINDUNILVR,28-Apr-2022,1640.0,CE,0.0,0.0,0.0,672.9,539.45,0,0.0,0,0,18-APR-2022,
OPTSTK,HINDUNILVR,28-Apr-2022,1660.0,CE,0.0,0.0,0.0,653.25,519.5,0,0.0,0,0,18-APR-2022,
OPTSTK,HINDUNILVR,28-Apr-2022,1680.0,CE,0.0,0.0,0.0,633.6,499.5,0,0.0,0,0,18-APR-2022,
OPTSTK,HINDUNILVR,28-Apr-2022,1700.0,CE,0.0,0.0,0.0,614.05,479.55,0,0.0,0,0,18-APR-2022,
OPTSTK,HINDUNILVR,28-Apr-2022,1720.0,CE,0.0,0.0,0.0,594.55,459.55,0,0.0,0,0,18-APR-2022,
OPTSTK,HINDUNILVR,28-Apr-2022,1740.0,CE,0.0,0.0,0.0,575.1,439.6,0,0.0,0,0,18-APR-2022,
OPTSTK,HINDUNILVR,28-Apr-2022,1760.0,CE,0.0,0.0,0.0,555.75,419.6,0,0.0,0,0,18-APR-2022,
OPTSTK,HINDUNILVR,28-Apr-2022,1780.0,CE,0.0,0.0,0.0,536.5,399.6,0,0.0,0,0,18-APR-2022,
OPTSTK,HINDUNILVR,28-Apr-2022,1800.0,CE,0.0,0.0,0.0,377.9,379.65,0,0.0,1500,0,18-APR-2022,
OPTSTK,HINDUNILVR,28-Apr-2022,1820.0,CE,0.0,0.0,0.0,498.35,359.65,0,0.0,0,0,18-APR-2022,
OPTSTK,HINDUNILVR,28-Apr-2022,1840.0,CE,0.0,0.0,0.0,479.45,339.7,0,0.0,0,0,18-APR-2022,
OPTSTK,HINDUNILVR,28-Apr-2022,1860.0,CE,0.0,0.0,0.0,460.75,319.7,0,0.0,0,0,18-APR-2022,
OPTSTK,HINDUNILVR,28-Apr-2022,1880.0,CE,0.0,0.0,0.0,442.2,299.75,0,0.0,0,0,18-APR-2022,
OPTSTK,HINDUNILVR,28-Apr-2022,1900.0,CE,272.0,286.0,271.0,286.0,279.8,7,45.72,12900,-1500,18-APR-2022,
OPTSTK,HINDUNILVR,28-Apr-2022,1920.0,CE,0.0,0.0,0.0,405.8,259.9,0,0.0,0,0,18-APR-2022,
OPTSTK,HINDUNILVR,28-Apr-2022,1940.0,CE,0.0,0.0,0.0,218.45,240.0,0,0.0,2400,0,18-APR-2022,
OPTSTK,HINDUNILVR,28-Apr-2022,1960.0,CE,220.0,220.0,217.35,217.35,217.35,3,19.61,24000,-300,18-APR-2022,
OPTSTK,HINDUNILVR,28-Apr-2022,1980.0,CE,0.0,0.0,0.0,173.75,200.6,0,0.0,27000,0,18-APR-2022,
OPTSTK,HINDUNILVR,28-Apr-2022,2000.0,CE,159.2,187.5,152.0,179.9,179.9,30,195.62,80700,-3600,18-APR-2022,
OPTSTK,HINDUNILVR,28-Apr-2022,2020.0,CE,147.15,155.55,147.0,155.55,162.1,3,19.52,16800,-300,18-APR-2022,
OPTSTK,HINDUNILVR,28-Apr-2022,2040.0,CE,120.0,145.5,120.0,139.3,143.45,17,111.09,31200,-3900,18-APR-2022,
OPTSTK,HINDUNILVR,28-Apr-2022,2060.0,CE,105.3,126.0,105.3,125.0,125.0,35,228.75,42600,-3000,18-APR-2022,
OPTSTK,HINDUNILVR,28-Apr-2022,2080.0,CE,85.0,108.45,74.75,106.55,106.55,22,143.35,18900,-1200,18-APR-2022,
OPTSTK,HINDUNILVR,28-Apr-2022,2100.0,CE,71.5,92.6,62.0,88.85,88.85,282,1845.8,198900,-13200,18-APR-2022,
OPTSTK,HINDUNILVR,28-Apr-2022,2120.0,CE,61.85,76.35,52.0,74.8,74.8,96,629.76,34500,-3000,18-APR-2022,
OPTSTK,HINDUNILVR,28-Apr-2022,2140.0,CE,43.95,62.0,35.1,59.35,59.35,604,3969.0,81900,-32400,18-APR-2022,
OPTSTK,HINDUNILVR,28-Apr-2022,2160.0,CE,35.0,49.5,28.9,45.95,45.95,2354,15546.59,130200,-9900,18-APR-2022,
OPTSTK,HINDUNILVR,28-Apr-2022,2180.0,CE,21.05,38.5,20.35,35.4,35.4,2545,16895.7,149700,13500,18-APR-2022,
OPTSTK,HINDUNILVR,28-Apr-2022,2200.0,CE,19.05,29.0,15.2,26.1,26.1,4112,27439.62,488100,-14400,18-APR-2022,
OPTSTK,HINDUNILVR,28-Apr-2022,2220.0,CE,15.55,21.4,11.0,19.65,19.65,1231,8263.77,149400,43200,18-APR-2022,
OPTSTK,HINDUNILVR,28-Apr-2022,2240.0,CE,11.2,15.8,8.05,14.1,14.1,951,6426.66,148200,19500,18-APR-2022,
OPTSTK,HINDUNILVR,28-Apr-2022,2260.0,CE,7.5,11.45,6.05,10.3,10.3,838,5704.99,129300,15000,18-APR-2022,
OPTSTK,HINDUNILVR,28-Apr-2022,2280.0,CE,8.0,8.75,4.8,7.9,7.9,688,4720.21,33000,10200,18-APR-2022,
OPTSTK,HINDUNILVR,28-Apr-2022,2300.0,CE,5.45,7.0,3.85,6.4,6.4,1755,12139.65,397200,4800,18-APR-2022,
OPTSTK,HINDUNILVR,28-Apr-2022,2320.0,CE,4.5,5.6,3.25,5.3,5.3,406,2831.4,37800,-300,18-APR-2022,
OPTSTK,HINDUNILVR,28-Apr-2022,2340.0,CE,3.55,4.75,2.7,4.45,4.45,387,2721.09,28500,0,18-APR-2022,
OPTSTK,HINDUNILVR,28-Apr-2022,2360.0,CE,2.15,4.1,2.15,3.85,3.85,298,2112.82,34500,-5700,18-APR-2022,
OPTSTK,HINDUNILVR,28-Apr-2022,2380.0,CE,2.4,2.45,2.3,2.45,2.45,4,28.58,12000,0,18-APR-2022,
OPTSTK,HINDUNILVR,28-Apr-2022,2400.0,CE,2.05,3.3,1.85,3.0,3.0,1165,8397.65,539400,-44400,18-APR-2022,
OPTSTK,HINDUNILVR,28-Apr-2022,2420.0,CE,0.8,2.3,0.8,2.2,0.5,7,50.86,15300,0,18-APR-2022,
OPTSTK,HINDUNILVR,28-Apr-2022,2440.0,CE,2.5,2.5,0.5,1.9,0.3,6,43.95,30600,300,18-APR-2022,
OPTSTK,HINDUNILVR,28-Apr-2022,2460.0,CE,0.0,0.0,0.0,69.8,0.2,0,0.0,0,0,18-APR-2022,
OPTSTK,HINDUNILVR,28-Apr-2022,2480.0,CE,0.0,0.0,0.0,63.95,0.1,0,0.0,0,0,18-APR-2022,
OPTSTK,HINDUNILVR,28-Apr-2022,2500.0,CE,1.45,1.7,1.15,1.4,1.4,265,1988.6,142200,-18000,18-APR-2022,
OPTSTK,HINDUNILVR,28-Apr-2022,2520.0,CE,0.0,0.0,0.0,53.45,0.05,0,0.0,0,0,18-APR-2022,
OPTSTK,HINDUNILVR,28-Apr-2022,2540.0,CE,0.0,0.0,0.0,48.75,0.05,0,0.0,0,0,18-APR-2022,
OPTSTK,HINDUNILVR,28-Apr-2022,2560.0,CE,0.0,0.0,0.0,44.4,0.05,0,0.0,0,0,18-APR-2022,
OPTSTK,HINDUNILVR,28-Apr-2022,2580.0,CE,0.0,0.0,0.0,40.3,0.0,0,0.0,0,0,18-APR-2022,
OPTSTK,HINDUNILVR,28-Apr-2022,2600.0,CE,0.35,1.3,0.3,0.5,0.5,51,397.88,68700,-1200,18-APR-2022,
OPTSTK,HINDUNILVR,28-Apr-2022,2620.0,CE,0.0,0.0,0.0,33.1,0.0,0,0.0,0,0,18-APR-2022,
OPTSTK,HINDUNILVR,28-Apr-2022,2640.0,CE,0.0,0.0,0.0,29.95,0.0,0,0.0,0,0,18-APR-2022,
OPTSTK,HINDUNILVR,28-Apr-2022,2660.0,CE,0.0,0.0,0.0,27.05,0.0,0,0.0,0,0,18-APR-2022,
OPTSTK,HINDUNILVR,28-Apr-2022,2680.0,CE,0.0,0.0,0.0,24.4,0.0,0,0.0,0,0,18-APR-2022,
OPTSTK,HINDUNILVR,28-Apr-2022,2700.0,CE,0.35,0.35,0.35,0.35,0.0,4,32.4,18300,-1200,18-APR-2022,
OPTSTK,HINDUNILVR,28-Apr-2022,2720.0,CE,0.0,0.0,0.0,19.8,0.0,0,0.0,0,0,18-APR-2022,
OPTSTK,HINDUNILVR,28-Apr-2022,2740.0,CE,0.0,0.0,0.0,17.75,0.0,0,0.0,0,0,18-APR-2022,
OPTSTK,HINDUNILVR,28-Apr-2022,2760.0,CE,0.0,0.0,0.0,15.95,0.0,0,0.0,0,0,18-APR-2022,
OPTSTK,HINDUNILVR,28-Apr-2022,2780.0,CE,0.0,0.0,0.0,14.25,0.0,0,0.0,0,0,18-APR-2022,
OPTSTK,HINDUNILVR,28-Apr-2022,2800.0,CE,0.0,0.0,0.0,12.75,0.0,0,0.0,0,0,18-APR-2022,
OPTSTK,HINDUNILVR,28-Apr-2022,2820.0,CE,0.0,0.0,0.0,11.4,0.0,0,0.0,0,0,18-APR-2022,
OPTSTK,HINDUNILVR,28-Apr-2022,2840.0,CE,0.0,0.0,0.0,10.15,0.0,0,0.0,0,0,18-APR-2022,
OPTSTK,HINDUNILVR,28-Apr-2022,2860.0,CE,0.0,0.0,0.0,9.05,0.0,0,0.0,0,0,18-APR-2022,
OPTSTK,HINDUNILVR,28-Apr-2022,2880.0,CE,0.0,0.0,0.0,8.05,0.0,0,0.0,0,0,18-APR-2022,
OPTSTK,HINDUNILVR,28-Apr-2022,2900.0,CE,0.0,0.0,0.0,7.15,0.0,0,0.0,0,0,18-APR-2022,
OPTSTK,HINDUNILVR,28-Apr-2022,2920.0,CE,0.0,0.0,0.0,6.35,0.0,0,0.0,0,0,18-APR-2022,
OPTSTK,HINDUNILVR,28-Apr-2022,2940.0,CE,0.0,0.0,0.0,5.65,0.0,0,0.0,0,0,18-APR-2022,
OPTSTK,HINDUNILVR,28-Apr-2022,2960.0,CE,0.0,0.0,0.0,5.0,0.0,0,0.0,0,0,18-APR-2022,
OPTSTK,HINDUNILVR,28-Apr-2022,2980.0,CE,0.0,0.0,0.0,4.4,0.0,0,0.0,0,0,18-APR-2022,
OPTSTK,HINDUNILVR,28-Apr-2022,3000.0,CE,0.0,0.0,0.0,3.9,0.0,0,0.0,0,0,18-APR-2022,
OPTSTK,HINDUNILVR,28-Apr-2022,3020.0,CE,0.0,0.0,0.0,3.45,0.0,0,0.0,0,0,18-APR-2022,
OPTSTK,HINDUNILVR,28-Apr-2022,3040.0,CE,0.0,0.0,0.0,3.05,0.0,0,0.0,0,0,18-APR-2022,
OPTSTK,HINDUNILVR,28-Apr-2022,3060.0,CE,0.0,0.0,0.0,2.7,0.0,0,0.0,0,0,18-APR-2022,
OPTSTK,HINDUNILVR,28-Apr-2022,3080.0,CE,0.0,0.0,0.0,2.35,0.0,0,0.0,0,0,18-APR-2022,
OPTSTK,HINDUNILVR,28-Apr-2022,3100.0,CE,0.0,0.0,0.0,0.05,0.0,0,0.0,2100,0,18-APR-2022,
OPTSTK,HINDUNILVR,28-Apr-2022,1540.0,PE,0.0,0.0,0.0,0.1,0.0,0,0.0,0,0,18-APR-2022,
OPTSTK,HINDUNILVR,28-Apr-2022,1560.0,PE,0.0,0.0,0.0,0.15,0.0,0,0.0,0,0,18-APR-2022,
OPTSTK,HINDUNILVR,28-Apr-2022,1580.0,PE,0.0,0.0,0.0,0.2,0.0,0,0.0,0,0,18-APR-2022,
OPTSTK,HINDUNILVR,28-Apr-2022,1600.0,PE,0.0,0.0,0.0,2.45,0.0,0,0.0,1800,0,18-APR-2022,
OPTSTK,HINDUNILVR,28-Apr-2022,1620.0,PE,0.0,0.0,0.0,0.35,0.0,0,0.0,0,0,18-APR-2022,
OPTSTK,HINDUNILVR,28-Apr-2022,1640.0,PE,0.0,0.0,0.0,0.45,0.0,0,0.0,0,0,18-APR-2022,
OPTSTK,HINDUNILVR,28-Apr-2022,1660.0,PE,0.0,0.0,0.0,0.6,0.0,0,0.0,0,0,18-APR-2022,
OPTSTK,HINDUNILVR,28-Apr-2022,1680.0,PE,0.0,0.0,0.0,0.75,0.0,0,0.0,0,0,18-APR-2022,
OPTSTK,HINDUNILVR,28-Apr-2022,1700.0,PE,1.65,1.65,0.9,1.0,1.0,10,51.02,44100,-300,18-APR-2022,
OPTSTK,HINDUNILVR,28-Apr-2022,1720.0,PE,0.0,0.0,0.0,1.3,0.0,0,0.0,0,0,18-APR-2022,
OPTSTK,HINDUNILVR,28-Apr-2022,1740.0,PE,0.0,0.0,0.0,2.0,0.0,0,0.0,300,0,18-APR-2022,
OPTSTK,HINDUNILVR,28-Apr-2022,1760.0,PE,0.0,0.0,0.0,0.5,0.0,0,0.0,0,0,18-APR-2022,
OPTSTK,HINDUNILVR,28-Apr-2022,1780.0,PE,0.0,0.0,0.0,13.0,0.0,0,0.0,0,0,18-APR-2022,
OPTSTK,HINDUNILVR,28-Apr-2022,1800.0,PE,1.4,1.85,1.15,1.5,1.5,57,308.03,74700,3000,18-APR-2022,
OPTSTK,HINDUNILVR,28-Apr-2022,1820.0,PE,0.0,0.0,0.0,1.0,0.0,0,0.0,0,0,18-APR-2022,
OPTSTK,HINDUNILVR,28-Apr-2022,1840.0,PE,0.0,0.0,0.0,1.85,0.0,0,0.0,18000,0,18-APR-2022,
OPTSTK,HINDUNILVR,28-Apr-2022,1860.0,PE,2.2,2.2,2.2,2.2,0.05,4,22.34,33000,0,18-APR-2022,
OPTSTK,HINDUNILVR,28-Apr-2022,1880.0,PE,2.1,2.1,1.6,2.1,0.05,10,56.45,22500,600,18-APR-2022,
OPTSTK,HINDUNILVR,28-Apr-2022,1900.0,PE,1.7,2.4,1.7,2.35,2.35,298,1700.5,166800,-9900,18-APR-2022,
OPTSTK,HINDUNILVR,28-Apr-2022,1920.0,PE,3.0,3.0,2.05,2.5,2.5,35,201.85,17700,-900,18-APR-2022,
OPTSTK,HINDUNILVR,28-Apr-2022,1940.0,PE,2.65,3.15,2.35,2.9,2.9,32,186.49,36000,2100,18-APR-2022,
OPTSTK,HINDUNILVR,28-Apr-2022,1960.0,PE,2.45,3.6,2.45,3.3,3.3,241,1419.29,41100,-4800,18-APR-2022,
OPTSTK,HINDUNILVR,28-Apr-2022,1980.0,PE,3.95,4.1,2.9,3.75,3.75,237,1410.29,39600,-1800,18-APR-2022,
OPTSTK,HINDUNILVR,28-Apr-2022,2000.0,PE,5.45,5.55,3.3,4.25,4.25,603,3625.54,212700,6600,18-APR-2022,
OPTSTK,HINDUNILVR,28-Apr-2022,2020.0,PE,5.5,5.8,3.85,4.9,4.9,518,3146.35,42000,4800,18-APR-2022,
OPTSTK,HINDUNILVR,28-Apr-2022,2040.0,PE,7.5,7.5,4.55,5.8,5.8,627,3847.81,59400,-13800,18-APR-2022,
OPTSTK,HINDUNILVR,28-Apr-2022,2060.0,PE,8.15,9.5,5.5,6.95,6.95,910,5642.79,71100,-47100,18-APR-2022,
OPTSTK,HINDUNILVR,28-Apr-2022,2080.0,PE,15.35,15.35,7.35,8.55,8.55,500,3134.12,53700,0,18-APR-2022,
OPTSTK,HINDUNILVR,28-Apr-2022,2100.0,PE,18.5,18.5,9.9,11.25,11.25,1604,10163.98,197100,-25200,18-APR-2022,
OPTSTK,HINDUNILVR,28-Apr-2022,2120.0,PE,28.75,30.4,13.8,14.95,14.95,738,4732.13,39300,-20700,18-APR-2022,
OPTSTK,HINDUNILVR,28-Apr-2022,2140.0,PE,32.6,35.2,18.85,20.55,20.55,1061,6887.05,120900,25200,18-APR-2022,
OPTSTK,HINDUNILVR,28-Apr-2022,2160.0,PE,42.05,46.25,25.9,28.35,28.35,1150,7560.91,131100,66900,18-APR-2022,
OPTSTK,HINDUNILVR,28-Apr-2022,2180.0,PE,50.4,50.4,34.35,36.5,36.5,480,3195.4,54600,24300,18-APR-2022,
OPTSTK,HINDUNILVR,28-Apr-2022,2200.0,PE,68.0,72.1,45.0,47.4,47.4,344,2325.77,162900,-4800,18-APR-2022,
OPTSTK,HINDUNILVR,28-Apr-2022,2220.0,PE,65.65,65.65,59.9,64.35,64.35,4,27.4,8700,600,18-APR-2022,
OPTSTK,HINDUNILVR,28-Apr-2022,2240.0,PE,72.5,73.5,72.5,73.0,73.0,2,13.87,1500,300,18-APR-2022,
OPTSTK,HINDUNILVR,28-Apr-2022,2260.0,PE,100.05,100.05,94.6,96.3,93.2,9,63.67,4800,600,18-APR-2022,
OPTSTK,HINDUNILVR,28-Apr-2022,2280.0,PE,0.0,0.0,0.0,130.65,109.4,0,0.0,900,0,18-APR-2022,
OPTSTK,HINDUNILVR,28-Apr-2022,2300.0,PE,160.0,171.35,123.7,128.7,128.7,91,663.55,88500,-6900,18-APR-2022,
OPTSTK,HINDUNILVR,28-Apr-2022,2320.0,PE,0.0,0.0,0.0,124.0,144.4,0,0.0,0,0,18-APR-2022,
OPTSTK,HINDUNILVR,28-Apr-2022,2340.0,PE,0.0,0.0,0.0,134.7,162.85,0,0.0,0,0,18-APR-2022,
OPTSTK,HINDUNILVR,28-Apr-2022,2360.0,PE,0.0,0.0,0.0,390.0,181.8,0,0.0,900,0,18-APR-2022,
OPTSTK,HINDUNILVR,28-Apr-2022,2380.0,PE,0.0,0.0,0.0,157.55,201.05,0,0.0,0,0,18-APR-2022,
OPTSTK,HINDUNILVR,28-Apr-2022,2400.0,PE,247.5,247.5,221.0,226.0,220.55,9,70.96,52500,-2700,18-APR-2022,
OPTSTK,HINDUNILVR,28-Apr-2022,2420.0,PE,0.0,0.0,0.0,182.3,240.2,0,0.0,0,0,18-APR-2022,
OPTSTK,HINDUNILVR,28-Apr-2022,2440.0,PE,0.0,0.0,0.0,195.35,259.95,0,0.0,0,0,18-APR-2022,
OPTSTK,HINDUNILVR,28-Apr-2022,2460.0,PE,0.0,0.0,0.0,208.85,279.85,0,0.0,0,0,18-APR-2022,
OPTSTK,HINDUNILVR,28-Apr-2022,2480.0,PE,0.0,0.0,0.0,222.75,299.75,0,0.0,0,0,18-APR-2022,
OPTSTK,HINDUNILVR,28-Apr-2022,2500.0,PE,0.0,0.0,0.0,349.4,319.65,0,0.0,24000,0,18-APR-2022,
OPTSTK,HINDUNILVR,28-Apr-2022,2520.0,PE,0.0,0.0,0.0,251.85,339.6,0,0.0,0,0,18-APR-2022,
OPTSTK,HINDUNILVR,28-Apr-2022,2540.0,PE,0.0,0.0,0.0,266.95,359.6,0,0.0,0,0,18-APR-2022,
OPTSTK,HINDUNILVR,28-Apr-2022,2560.0,PE,0.0,0.0,0.0,282.4,379.55,0,0.0,0,0,18-APR-2022,
OPTSTK,HINDUNILVR,28-Apr-2022,2580.0,PE,0.0,0.0,0.0,298.05,399.5,0,0.0,0,0,18-APR-2022,
OPTSTK,HINDUNILVR,28-Apr-2022,2600.0,PE,0.0,0.0,0.0,407.15,419.5,0,0.0,56100,0,18-APR-2022,
OPTSTK,HINDUNILVR,28-Apr-2022,2620.0,PE,0.0,0.0,0.0,330.45,439.45,0,0.0,0,0,18-APR-2022,
OPTSTK,HINDUNILVR,28-Apr-2022,2640.0,PE,0.0,0.0,0.0,347.1,459.45,0,0.0,0,0,18-APR-2022,
OPTSTK,HINDUNILVR,28-Apr-2022,2660.0,PE,0.0,0.0,0.0,364.0,479.45,0,0.0,0,0,18-APR-2022,
OPTSTK,HINDUNILVR,28-Apr-2022,2680.0,PE,0.0,0.0,0.0,381.15,499.4,0,0.0,0,0,18-APR-2022,
OPTSTK,HINDUNILVR,28-Apr-2022,2700.0,PE,0.0,0.0,0.0,675.4,519.4,0,0.0,3900,0,18-APR-2022,
OPTSTK,HINDUNILVR,28-Apr-2022,2720.0,PE,0.0,0.0,0.0,416.1,539.35,0,0.0,0,0,18-APR-2022,
OPTSTK,HINDUNILVR,28-Apr-2022,2740.0,PE,0.0,0.0,0.0,433.85,559.35,0,0.0,0,0,18-APR-2022,
OPTSTK,HINDUNILVR,28-Apr-2022,2760.0,PE,0.0,0.0,0.0,451.85,579.3,0,0.0,0,0,18-APR-2022,
OPTSTK,HINDUNILVR,28-Apr-2022,2780.0,PE,0.0,0.0,0.0,469.95,599.3,0,0.0,0,0,18-APR-2022,
OPTSTK,HINDUNILVR,28-Apr-2022,2800.0,PE,0.0,0.0,0.0,488.25,619.25,0,0.0,0,0,18-APR-2022,
OPTSTK,HINDUNILVR,28-Apr-2022,2820.0,PE,0.0,0.0,0.0,506.7,639.25,0,0.0,0,0,18-APR-2022,
OPTSTK,HINDUNILVR,28-Apr-2022,2840.0,PE,0.0,0.0,0.0,525.25,659.2,0,0.0,0,0,18-APR-2022,
OPTSTK,HINDUNILVR,28-Apr-2022,2860.0,PE,0.0,0.0,0.0,543.9,679.2,0,0.0,0,0,18-APR-2022,
OPTSTK,HINDUNILVR,28-Apr-2022,2880.0,PE,0.0,0.0,0.0,562.7,699.2,0,0.0,0,0,18-APR-2022,
OPTSTK,HINDUNILVR,28-Apr-2022,2900.0,PE,0.0,0.0,0.0,581.6,719.15,0,0.0,0,0,18-APR-2022,
OPTSTK,HINDUNILVR,28-Apr-2022,2920.0,PE,0.0,0.0,0.0,600.6,739.15,0,0.0,0,0,18-APR-2022,
OPTSTK,HINDUNILVR,28-Apr-2022,2940.0,PE,0.0,0.0,0.0,619.65,759.1,0,0.0,0,0,18-APR-2022,
OPTSTK,HINDUNILVR,28-Apr-2022,2960.0,PE,0.0,0.0,0.0,638.8,779.1,0,0.0,0,0,18-APR-2022,
OPTSTK,HINDUNILVR,28-Apr-2022,2980.0,PE,0.0,0.0,0.0,658.05,799.05,0,0.0,0,0,18-APR-2022,
OPTSTK,HINDUNILVR,28-Apr-2022,3000.0,PE,0.0,0.0,0.0,677.3,819.05,0,0.0,0,0,18-APR-2022,
OPTSTK,HINDUNILVR,28-Apr-2022,3020.0,PE,0.0,0.0,0.0,696.65,839.0,0,0.0,0,0,18-APR-2022,
OPTSTK,HINDUNILVR,28-Apr-2022,3040.0,PE,0.0,0.0,0.0,716.0,859.0,0,0.0,0,0,18-APR-2022,
OPTSTK,HINDUNILVR,28-Apr-2022,3060.0,PE,0.0,0.0,0.0,735.45,879.0,0,0.0,0,0,18-APR-2022,
OPTSTK,HINDUNILVR,28-Apr-2022,3080.0,PE,0.0,0.0,0.0,754.9,898.95,0,0.0,0,0,18-APR-2022,
OPTSTK,HINDUNILVR,28-Apr-2022,3100.0,PE,0.0,0.0,0.0,774.45,918.95,0,0.0,0,0,18-APR-2022,
OPTSTK,HINDUNILVR,26-May-2022,1540.0,CE,0.0,0.0,0.0,647.8,644.4,0,0.0,0,0,18-APR-2022,
OPTSTK,HINDUNILVR,26-May-2022,1560.0,CE,0.0,0.0,0.0,628.15,624.5,0,0.0,0,0,18-APR-2022,
OPTSTK,HINDUNILVR,26-May-2022,1580.0,CE,0.0,0.0,0.0,608.5,604.6,0,0.0,0,0,18-APR-2022,
OPTSTK,HINDUNILVR,26-May-2022,1600.0,CE,0.0,0.0,0.0,588.9,584.7,0,0.0,0,0,18-APR-2022,
OPTSTK,HINDUNILVR,26-May-2022,1620.0,CE,0.0,0.0,0.0,569.35,564.8,0,0.0,0,0,18-APR-2022,
OPTSTK,HINDUNILVR,26-May-2022,1640.0,CE,0.0,0.0,0.0,549.85,544.9,0,0.0,0,0,18-APR-2022,
OPTSTK,HINDUNILVR,26-May-2022,1660.0,CE,0.0,0.0,0.0,530.4,525.0,0,0.0,0,0,18-APR-2022,
OPTSTK,HINDUNILVR,26-May-2022,1680.0,CE,0.0,0.0,0.0,511.1,505.15,0,0.0,0,0,18-APR-2022,
OPTSTK,HINDUNILVR,26-May-2022,1700.0,CE,0.0,0.0,0.0,491.85,485.3,0,0.0,0,0,18-APR-2022,
OPTSTK,HINDUNILVR,26-May-2022,1720.0,CE,0.0,0.0,0.0,472.8,465.45,0,0.0,0,0,18-APR-2022,
OPTSTK,HINDUNILVR,26-May-2022,1740.0,CE,0.0,0.0,0.0,453.85,445.65,0,0.0,0,0,18-APR-2022,
OPTSTK,HINDUNILVR,26-May-2022,1760.0,CE,0.0,0.0,0.0,435.05,425.95,0,0.0,0,0,18-APR-2022,
OPTSTK,HINDUNILVR,26-May-2022,1780.0,CE,0.0,0.0,0.0,416.45,406.25,0,0.0,0,0,18-APR-2022,
OPTSTK,HINDUNILVR,26-May-2022,1800.0,CE,0.0,0.0,0.0,398.1,386.65,0,0.0,0,0,18-APR-2022,
OPTSTK,HINDUNILVR,26-May-2022,1820.0,CE,0.0,0.0,0.0,379.95,367.2,0,0.0,0,0,18-APR-2022,
OPTSTK,HINDUNILVR,26-May-2022,1840.0,CE,0.0,0.0,0.0,362.1,347.85,0,0.0,0,0,18-APR-2022,
OPTSTK,HINDUNILVR,26-May-2022,1860.0,CE,0.0,0.0,0.0,344.5,328.7,0,0.0,0,0,18-APR-2022,
OPTSTK,HINDUNILVR,26-May-2022,1880.0,CE,0.0,0.0,0.0,327.25,309.75,0,0.0,0,0,18-APR-2022,
OPTSTK,HINDUNILVR,26-May-2022,1900.0,CE,0.0,0.0,0.0,310.3,291.05,0,0.0,0,0,18-APR-2022,
OPTSTK,HINDUNILVR,26-May-2022,1920.0,CE,0.0,0.0,0.0,293.8,272.65,0,0.0,0,0,18-APR-2022,
OPTSTK,HINDUNILVR,26-May-2022,1940.0,CE,0.0,0.0,0.0,277.65,254.65,0,0.0,0,0,18-APR-2022,
OPTSTK,HINDUNILVR,26-May-2022,1960.0,CE,0.0,0.0,0.0,261.9,237.0,0,0.0,0,0,18-APR-2022,
OPTSTK,HINDUNILVR,26-May-2022,1980.0,CE,0.0,0.0,0.0,246.6,219.8,0,0.0,0,0,18-APR-2022,
OPTSTK,HINDUNILVR,26-May-2022,2000.0,CE,171.0,188.95,171.0,188.95,203.15,3,19.63,5100,-300,18-APR-2022,
OPTSTK,HINDUNILVR,26-May-2022,2020.0,CE,0.0,0.0,0.0,217.55,187.0,0,0.0,0,0,18-APR-2022,
OPTSTK,HINDUNILVR,26-May-2022,2040.0,CE,0.0,0.0,0.0,203.6,171.5,0,0.0,0,0,18-APR-2022,
OPTSTK,HINDUNILVR,26-May-2022,2060.0,CE,0.0,0.0,0.0,190.3,156.75,0,0.0,0,0,18-APR-2022,
OPTSTK,HINDUNILVR,26-May-2022,2080.0,CE,0.0,0.0,0.0,177.55,142.5,0,0.0,0,0,18-APR-2022,
OPTSTK,HINDUNILVR,26-May-2022,2100.0,CE,105.0,122.0,101.4,122.0,129.05,10,66.32,19800,-1800,18-APR-2022,
OPTSTK,HINDUNILVR,26-May-2022,2120.0,CE,0.0,0.0,0.0,153.6,116.4,0,0.0,0,0,18-APR-2022,
OPTSTK,HINDUNILVR,26-May-2022,2140.0,CE,68.4,68.4,68.4,68.4,104.55,1,6.62,600,0,18-APR-2022,
OPTSTK,HINDUNILVR,26-May-2022,2160.0,CE,72.0,90.4,72.0,80.55,93.45,9,60.56,12000,900,18-APR-2022,
OPTSTK,HINDUNILVR,26-May-2022,2180.0,CE,75.95,79.85,70.6,70.6,70.6,5,33.83,12300,0,18-APR-2022,
OPTSTK,HINDUNILVR,26-May-2022,2200.0,CE,54.6,65.0,52.0,62.5,62.5,136,922.12,64200,9900,18-APR-2022,
OPTSTK,HINDUNILVR,26-May-2022,2220.0,CE,0.0,0.0,0.0,103.4,65.0,0,0.0,0,0,18-APR-2022,
OPTSTK,HINDUNILVR,26-May-2022,2240.0,CE,52.4,52.4,50.0,50.0,50.0,3,20.61,1200,900,18-APR-2022,
OPTSTK,HINDUNILVR,26-May-2022,2260.0,CE,0.0,0.0,0.0,87.1,49.85,0,0.0,0,0,18-APR-2022,
OPTSTK,HINDUNILVR,26-May-2022,2280.0,CE,0.0,0.0,0.0,79.7,43.35,0,0.0,0,0,18-APR-2022,
OPTSTK,HINDUNILVR,26-May-2022,2300.0,CE,29.95,29.95,23.1,28.05,28.05,189,1319.39,53100,18300,18-APR-2022,
OPTSTK,HINDUNILVR,26-May-2022,2320.0,CE,0.0,0.0,0.0,66.35,32.45,0,0.0,0,0,18-APR-2022,
OPTSTK,HINDUNILVR,26-May-2022,2340.0,CE,0.0,0.0,0.0,60.35,27.8,0,0.0,0,0,18-APR-2022,
OPTSTK,HINDUNILVR,26-May-2022,2360.0,CE,0.0,0.0,0.0,54.8,23.75,0,0.0,0,0,18-APR-2022,
OPTSTK,HINDUNILVR,26-May-2022,2380.0,CE,0.0,0.0,0.0,49.8,20.2,0,0.0,0,0,18-APR-2022,
OPTSTK,HINDUNILVR,26-May-2022,2400.0,CE,11.3,13.75,11.0,12.45,12.45,126,911.79,49200,11700,18-APR-2022,
OPTSTK,HINDUNILVR,26-May-2022,2420.0,CE,0.0,0.0,0.0,40.65,14.4,0,0.0,0,0,18-APR-2022,
OPTSTK,HINDUNILVR,26-May-2022,2440.0,CE,0.0,0.0,0.0,36.65,12.05,0,0.0,0,0,18-APR-2022,
OPTSTK,HINDUNILVR,26-May-2022,2460.0,CE,0.0,0.0,0.0,33.0,10.1,0,0.0,0,0,18-APR-2022,
OPTSTK,HINDUNILVR,26-May-2022,2480.0,CE,0.0,0.0,0.0,29.65,8.4,0,0.0,0,0,18-APR-2022,
OPTSTK,HINDUNILVR,26-May-2022,2500.0,CE,5.55,6.95,5.5,6.9,6.9,14,105.25,17400,1200,18-APR-2022,
OPTSTK,HINDUNILVR,26-May-2022,2520.0,CE,0.0,0.0,0.0,23.8,5.7,0,0.0,0,0,18-APR-2022,
OPTSTK,HINDUNILVR,26-May-2022,2540.0,CE,0.0,0.0,0.0,21.3,4.7,0,0.0,0,0,18-APR-2022,
OPTSTK,HINDUNILVR,26-May-2022,2560.0,CE,0.0,0.0,0.0,19.0,3.85,0,0.0,0,0,18-APR-2022,
OPTSTK,HINDUNILVR,26-May-2022,2580.0,CE,0.0,0.0,0.0,16.9,3.1,0,0.0,0,0,18-APR-2022,
OPTSTK,HINDUNILVR,26-May-2022,2600.0,CE,0.0,0.0,0.0,15.05,2.55,0,0.0,0,0,18-APR-2022,
OPTSTK,HINDUNILVR,26-May-2022,2620.0,CE,0.0,0.0,0.0,13.35,2.05,0,0.0,0,0,18-APR-2022,
OPTSTK,HINDUNILVR,26-May-2022,2640.0,CE,0.0,0.0,0.0,11.85,1.65,0,0.0,0,0,18-APR-2022,
OPTSTK,HINDUNILVR,26-May-2022,2660.0,CE,0.0,0.0,0.0,10.5,1.3,0,0.0,0,0,18-APR-2022,
OPTSTK,HINDUNILVR,26-May-2022,2680.0,CE,0.0,0.0,0.0,9.25,1.05,0,0.0,0,0,18-APR-2022,
OPTSTK,HINDUNILVR,26-May-2022,2700.0,CE,0.0,0.0,0.0,8.2,0.85,0,0.0,0,0,18-APR-2022,
OPTSTK,HINDUNILVR,26-May-2022,2720.0,CE,0.0,0.0,0.0,7.2,0.65,0,0.0,0,0,18-APR-2022,
OPTSTK,HINDUNILVR,26-May-2022,2740.0,CE,0.0,0.0,0.0,6.35,0.55,0,0.0,0,0,18-APR-2022,
OPTSTK,HINDUNILVR,26-May-2022,2760.0,CE,0.0,0.0,0.0,5.6,0.4,0,0.0,0,0,18-APR-2022,
OPTSTK,HINDUNILVR,26-May-2022,2780.0,CE,0.0,0.0,0.0,4.9,0.35,0,0.0,0,0,18-APR-2022,
OPTSTK,HINDUNILVR,26-May-2022,2800.0,CE,0.0,0.0,0.0,4.3,0.25,0,0.0,0,0,18-APR-2022,
OPTSTK,HINDUNILVR,26-May-2022,2820.0,CE,0.0,0.0,0.0,3.75,0.2,0,0.0,0,0,18-APR-2022,
OPTSTK,HINDUNILVR,26-May-2022,2840.0,CE,0.0,0.0,0.0,3.3,0.15,0,0.0,0,0,18-APR-2022,
OPTSTK,HINDUNILVR,26-May-2022,2860.0,CE,0.0,0.0,0.0,2.85,0.15,0,0.0,0,0,18-APR-2022,
OPTSTK,HINDUNILVR,26-May-2022,2880.0,CE,0.0,0.0,0.0,2.5,0.1,0,0.0,0,0,18-APR-2022,
OPTSTK,HINDUNILVR,26-May-2022,2900.0,CE,0.0,0.0,0.0,2.15,0.1,0,0.0,0,0,18-APR-2022,
OPTSTK,HINDUNILVR,26-May-2022,2920.0,CE,0.0,0.0,0.0,1.9,0.05,0,0.0,0,0,18-APR-2022,
OPTSTK,HINDUNILVR,26-May-2022,2940.0,CE,0.0,0.0,0.0,1.65,0.05,0,0.0,0,0,18-APR-2022,
OPTSTK,HINDUNILVR,26-May-2022,2960.0,CE,0.0,0.0,0.0,1.45,0.05,0,0.0,0,0,18-APR-2022,
OPTSTK,HINDUNILVR,26-May-2022,2980.0,CE,0.0,0.0,0.0,1.25,0.05,0,0.0,0,0,18-APR-2022,
OPTSTK,HINDUNILVR,26-May-2022,1540.0,PE,0.0,0.0,0.0,0.3,0.0,0,0.0,0,0,18-APR-2022,
OPTSTK,HINDUNILVR,26-May-2022,1560.0,PE,0.0,0.0,0.0,0.4,0.0,0,0.0,0,0,18-APR-2022,
OPTSTK,HINDUNILVR,26-May-2022,1580.0,PE,0.0,0.0,0.0,0.55,0.05,0,0.0,0,0,18-APR-2022,
OPTSTK,HINDUNILVR,26-May-2022,1600.0,PE,0.0,0.0,0.0,0.75,0.05,0,0.0,0,0,18-APR-2022,
OPTSTK,HINDUNILVR,26-May-2022,1620.0,PE,0.0,0.0,0.0,0.95,0.05,0,0.0,0,0,18-APR-2022,
OPTSTK,HINDUNILVR,26-May-2022,1640.0,PE,0.0,0.0,0.0,1.25,0.05,0,0.0,0,0,18-APR-2022,
OPTSTK,HINDUNILVR,26-May-2022,1660.0,PE,0.0,0.0,0.0,1.65,0.1,0,0.0,0,0,18-APR-2022,
OPTSTK,HINDUNILVR,26-May-2022,1680.0,PE,0.0,0.0,0.0,2.1,0.1,0,0.0,0,0,18-APR-2022,
OPTSTK,HINDUNILVR,26-May-2022,1700.0,PE,0.0,0.0,0.0,2.75,0.2,0,0.0,1800,0,18-APR-2022,
OPTSTK,HINDUNILVR,26-May-2022,1720.0,PE,0.0,0.0,0.0,3.4,0.25,0,0.0,0,0,18-APR-2022,
OPTSTK,HINDUNILVR,26-May-2022,1740.0,PE,0.0,0.0,0.0,4.2,0.4,0,0.0,0,0,18-APR-2022,
OPTSTK,HINDUNILVR,26-May-2022,1760.0,PE,0.0,0.0,0.0,5.25,0.55,0,0.0,0,0,18-APR-2022,
OPTSTK,HINDUNILVR,26-May-2022,1780.0,PE,0.0,0.0,0.0,6.45,0.8,0,0.0,0,0,18-APR-2022,
OPTSTK,HINDUNILVR,26-May-2022,1800.0,PE,5.25,5.25,4.75,5.2,5.2,3,16.24,10800,-300,18-APR-2022,
OPTSTK,HINDUNILVR,26-May-2022,1820.0,PE,0.0,0.0,0.0,9.5,1.55,0,0.0,0,0,18-APR-2022,
OPTSTK,HINDUNILVR,26-May-2022,1840.0,PE,0.0,0.0,0.0,11.4,2.15,0,0.0,0,0,18-APR-2022,
OPTSTK,HINDUNILVR,26-May-2022,1860.0,PE,0.0,0.0,0.0,41.5,2.9,0,0.0,0,0,18-APR-2022,
OPTSTK,HINDUNILVR,26-May-2022,1880.0,PE,0.0,0.0,0.0,18.0,3.85,0,0.0,0,0,18-APR-2022,
OPTSTK,HINDUNILVR,26-May-2022,1900.0,PE,8.95,8.95,6.1,6.45,6.45,19,108.7,33000,1500,18-APR-2022,
OPTSTK,HINDUNILVR,26-May-2022,1920.0,PE,0.0,0.0,0.0,35.0,6.6,0,0.0,300,0,18-APR-2022,
OPTSTK,HINDUNILVR,26-May-2022,1940.0,PE,0.0,0.0,0.0,25.95,8.45,0,0.0,0,0,18-APR-2022,
OPTSTK,HINDUNILVR,26-May-2022,1960.0,PE,0.0,0.0,0.0,30.0,10.75,0,0.0,0,0,18-APR-2022,
OPTSTK,HINDUNILVR,26-May-2022,1980.0,PE,0.0,0.0,0.0,22.6,13.45,0,0.0,4200,0,18-APR-2022,
OPTSTK,HINDUNILVR,26-May-2022,2000.0,PE,16.0,17.55,12.4,13.8,13.8,113,682.8,41100,-6300,18-APR-2022,
OPTSTK,HINDUNILVR,26-May-2022,2020.0,PE,0.0,0.0,0.0,24.95,20.5,0,0.0,300,0,18-APR-2022,
OPTSTK,HINDUNILVR,26-May-2022,2040.0,PE,0.0,0.0,0.0,50.85,24.9,0,0.0,0,0,18-APR-2022,
OPTSTK,HINDUNILVR,26-May-2022,2060.0,PE,0.0,0.0,0.0,38.0,30.05,0,0.0,300,0,18-APR-2022,
OPTSTK,HINDUNILVR,26-May-2022,2080.0,PE,0.0,0.0,0.0,64.35,35.7,0,0.0,0,0,18-APR-2022,
OPTSTK,HINDUNILVR,26-May-2022,2100.0,PE,36.05,42.6,32.2,33.1,33.1,127,813.94,50400,6600,18-APR-2022,
OPTSTK,HINDUNILVR,26-May-2022,2120.0,PE,0.0,0.0,0.0,80.05,49.45,0,0.0,0,0,18-APR-2022,
OPTSTK,HINDUNILVR,26-May-2022,2140.0,PE,0.0,0.0,0.0,63.95,57.5,0,0.0,3300,0,18-APR-2022,
OPTSTK,HINDUNILVR,26-May-2022,2160.0,PE,82.3,82.3,45.45,50.85,50.85,6,39.87,1500,1200,18-APR-2022,
OPTSTK,HINDUNILVR,26-May-2022,2180.0,PE,0.0,0.0,0.0,107.65,75.95,0,0.0,0,0,18-APR-2022,
OPTSTK,HINDUNILVR,26-May-2022,2200.0,PE,90.3,95.5,72.0,73.05,73.05,27,185.08,21900,0,18-APR-2022,
OPTSTK,HINDUNILVR,26-May-2022,2220.0,PE,0.0,0.0,0.0,128.8,97.6,0,0.0,0,0,18-APR-2022,
OPTSTK,HINDUNILVR,26-May-2022,2240.0,PE,0.0,0.0,0.0,140.15,109.55,0,0.0,0,0,18-APR-2022,
OPTSTK,HINDUNILVR,26-May-2022,2260.0,PE,0.0,0.0,0.0,152.05,122.3,0,0.0,0,0,18-APR-2022,
OPTSTK,HINDUNILVR,26-May-2022,2280.0,PE,0.0,0.0,0.0,164.4,135.7,0,0.0,0,0,18-APR-2022,
OPTSTK,HINDUNILVR,26-May-2022,2300.0,PE,143.0,145.0,138.9,139.0,139.0,25,182.98,7800,7200,18-APR-2022,
OPTSTK,HINDUNILVR,26-May-2022,2320.0,PE,0.0,0.0,0.0,190.65,164.6,0,0.0,0,0,18-APR-2022,
OPTSTK,HINDUNILVR,26-May-2022,2340.0,PE,0.0,0.0,0.0,204.45,179.85,0,0.0,0,0,18-APR-2022,
OPTSTK,HINDUNILVR,26-May-2022,2360.0,PE,0.0,0.0,0.0,218.7,195.7,0,0.0,0,0,18-APR-2022,
OPTSTK,HINDUNILVR,26-May-2022,2380.0,PE,0.0,0.0,0.0,233.5,212.05,0,0.0,0,0,18-APR-2022,
OPTSTK,HINDUNILVR,26-May-2022,2400.0,PE,230.0,230.0,225.0,225.0,228.9,7,55.15,4500,2100,18-APR-2022,
OPTSTK,HINDUNILVR,26-May-2022,2420.0,PE,0.0,0.0,0.0,263.95,246.1,0,0.0,0,0,18-APR-2022,
OPTSTK,HINDUNILVR,26-May-2022,2440.0,PE,0.0,0.0,0.0,279.7,263.7,0,0.0,0,0,18-APR-2022,
OPTSTK,HINDUNILVR,26-May-2022,2460.0,PE,0.0,0.0,0.0,295.85,281.6,0,0.0,0,0,18-APR-2022,
OPTSTK,HINDUNILVR,26-May-2022,2480.0,PE,0.0,0.0,0.0,312.3,299.85,0,0.0,0,0,18-APR-2022,
OPTSTK,HINDUNILVR,26-May-2022,2500.0,PE,0.0,0.0,0.0,329.05,318.3,0,0.0,0,0,18-APR-2022,
OPTSTK,HINDUNILVR,26-May-2022,2520.0,PE,0.0,0.0,0.0,346.05,337.0,0,0.0,0,0,18-APR-2022,
OPTSTK,HINDUNILVR,26-May-2022,2540.0,PE,0.0,0.0,0.0,363.3,355.9,0,0.0,0,0,18-APR-2022,
OPTSTK,HINDUNILVR,26-May-2022,2560.0,PE,0.0,0.0,0.0,380.8,374.95,0,0.0,0,0,18-APR-2022,
OPTSTK,HINDUNILVR,26-May-2022,2580.0,PE,0.0,0.0,0.0,398.5,394.15,0,0.0,0,0,18-APR-2022,
OPTSTK,HINDUNILVR,26-May-2022,2600.0,PE,0.0,0.0,0.0,416.45,413.45,0,0.0,0,0,18-APR-2022,
OPTSTK,HINDUNILVR,26-May-2022,2620.0,PE,0.0,0.0,0.0,434.55,432.9,0,0.0,0,0,18-APR-2022,
OPTSTK,HINDUNILVR,26-May-2022,2640.0,PE,0.0,0.0,0.0,452.8,452.4,0,0.0,0,0,18-APR-2022,
OPTSTK,HINDUNILVR,26-May-2022,2660.0,PE,0.0,0.0,0.0,471.25,472.0,0,0.0,0,0,18-APR-2022,
OPTSTK,HINDUNILVR,26-May-2022,2680.0,PE,0.0,0.0,0.0,489.8,491.65,0,0.0,0,0,18-APR-2022,
OPTSTK,HINDUNILVR,26-May-2022,2700.0,PE,0.0,0.0,0.0,508.5,511.3,0,0.0,0,0,18-APR-2022,
OPTSTK,HINDUNILVR,26-May-2022,2720.0,PE,0.0,0.0,0.0,527.35,531.05,0,0.0,0,0,18-APR-2022,
OPTSTK,HINDUNILVR,26-May-2022,2740.0,PE,0.0,0.0,0.0,546.25,550.85,0,0.0,0,0,18-APR-2022,
OPTSTK,HINDUNILVR,26-May-2022,2760.0,PE,0.0,0.0,0.0,565.3,570.65,0,0.0,0,0,18-APR-2022,
OPTSTK,HINDUNILVR,26-May-2022,2780.0,PE,0.0,0.0,0.0,584.4,590.45,0,0.0,0,0,18-APR-2022,
OPTSTK,HINDUNILVR,26-May-2022,2800.0,PE,0.0,0.0,0.0,603.6,610.3,0,0.0,0,0,18-APR-2022,
OPTSTK,HINDUNILVR,26-May-2022,2820.0,PE,0.0,0.0,0.0,622.85,630.15,0,0.0,0,0,18-APR-2022,
OPTSTK,HINDUNILVR,26-May-2022,2840.0,PE,0.0,0.0,0.0,642.15,650.05,0,0.0,0,0,18-APR-2022,
OPTSTK,HINDUNILVR,26-May-2022,2860.0,PE,0.0,0.0,0.0,661.55,669.9,0,0.0,0,0,18-APR-2022,
OPTSTK,HINDUNILVR,26-May-2022,2880.0,PE,0.0,0.0,0.0,680.95,689.8,0,0.0,0,0,18-APR-2022,
OPTSTK,HINDUNILVR,26-May-2022,2900.0,PE,0.0,0.0,0.0,700.4,709.7,0,0.0,0,0,18-APR-2022,
OPTSTK,HINDUNILVR,26-May-2022,2920.0,PE,0.0,0.0,0.0,719.95,729.6,0,0.0,0,0,18-APR-2022,
OPTSTK,HINDUNILVR,26-May-2022,2940.0,PE,0.0,0.0,0.0,739.45,749.5,0,0.0,0,0,18-APR-2022,
OPTSTK,HINDUNILVR,26-May-2022,2960.0,PE,0.0,0.0,0.0,759.05,769.4,0,0.0,0,0,18-APR-2022,
OPTSTK,HINDUNILVR,26-May-2022,2980.0,PE,0.0,0.0,0.0,778.65,789.3,0,0.0,0,0,18-APR-2022,
OPTSTK,HINDUNILVR,30-Jun-2022,1540.0,CE,0.0,0.0,0.0,526.65,650.85,0,0.0,0,0,18-APR-2022,
OPTSTK,HINDUNILVR,30-Jun-2022,1560.0,CE,0.0,0.0,0.0,507.35,631.1,0,0.0,0,0,18-APR-2022,
OPTSTK,HINDUNILVR,30-Jun-2022,1580.0,CE,0.0,0.0,0.0,488.2,611.35,0,0.0,0,0,18-APR-2022,
OPTSTK,HINDUNILVR,30-Jun-2022,1600.0,CE,0.0,0.0,0.0,469.15,591.65,0,0.0,0,0,18-APR-2022,
OPTSTK,HINDUNILVR,30-Jun-2022,1620.0,CE,0.0,0.0,0.0,450.3,572.0,0,0.0,0,0,18-APR-2022,
OPTSTK,HINDUNILVR,30-Jun-2022,1640.0,CE,0.0,0.0,0.0,431.6,552.4,0,0.0,0,0,18-APR-2022,
OPTSTK,HINDUNILVR,30-Jun-2022,1660.0,CE,0.0,0.0,0.0,413.1,532.85,0,0.0,0,0,18-APR-2022,
OPTSTK,HINDUNILVR,30-Jun-2022,1680.0,CE,0.0,0.0,0.0,394.8,513.4,0,0.0,0,0,18-APR-2022,
OPTSTK,HINDUNILVR,30-Jun-2022,1700.0,CE,0.0,0.0,0.0,376.8,494.0,0,0.0,0,0,18-APR-2022,
OPTSTK,HINDUNILVR,30-Jun-2022,1720.0,CE,0.0,0.0,0.0,359.05,474.75,0,0.0,0,0,18-APR-2022,
OPTSTK,HINDUNILVR,30-Jun-2022,1740.0,CE,0.0,0.0,0.0,341.6,455.6,0,0.0,0,0,18-APR-2022,
OPTSTK,HINDUNILVR,30-Jun-2022,1760.0,CE,0.0,0.0,0.0,324.5,436.6,0,0.0,0,0,18-APR-2022,
OPTSTK,HINDUNILVR,30-Jun-2022,1780.0,CE,0.0,0.0,0.0,307.7,417.8,0,0.0,0,0,18-APR-2022,
OPTSTK,HINDUNILVR,30-Jun-2022,1800.0,CE,0.0,0.0,0.0,291.35,399.2,0,0.0,0,0,18-APR-2022,
OPTSTK,HINDUNILVR,30-Jun-2022,1820.0,CE,0.0,0.0,0.0,275.35,380.8,0,0.0,0,0,18-APR-2022,
OPTSTK,HINDUNILVR,30-Jun-2022,1840.0,CE,0.0,0.0,0.0,259.8,362.65,0,0.0,0,0,18-APR-2022,
OPTSTK,HINDUNILVR,30-Jun-2022,1860.0,CE,0.0,0.0,0.0,244.7,344.8,0,0.0,0,0,18-APR-2022,
OPTSTK,HINDUNILVR,30-Jun-2022,1880.0,CE,0.0,0.0,0.0,230.15,327.25,0,0.0,0,0,18-APR-2022,
OPTSTK,HINDUNILVR,30-Jun-2022,1900.0,CE,0.0,0.0,0.0,216.0,310.05,0,0.0,0,0,18-APR-2022,
OPTSTK,HINDUNILVR,30-Jun-2022,1920.0,CE,0.0,0.0,0.0,202.3,293.2,0,0.0,0,0,18-APR-2022,
OPTSTK,HINDUNILVR,30-Jun-2022,1940.0,CE,0.0,0.0,0.0,189.15,276.75,0,0.0,0,0,18-APR-2022,
OPTSTK,HINDUNILVR,30-Jun-2022,1960.0,CE,0.0,0.0,0.0,176.6,260.7,0,0.0,0,0,18-APR-2022,
OPTSTK,HINDUNILVR,30-Jun-2022,1980.0,CE,0.0,0.0,0.0,164.55,245.15,0,0.0,0,0,18-APR-2022,
OPTSTK,HINDUNILVR,30-Jun-2022,2000.0,CE,0.0,0.0,0.0,153.05,230.05,0,0.0,0,0,18-APR-2022,
OPTSTK,HINDUNILVR,30-Jun-2022,2020.0,CE,0.0,0.0,0.0,142.05,215.5,0,0.0,0,0,18-APR-2022,
OPTSTK,HINDUNILVR,30-Jun-2022,2040.0,CE,0.0,0.0,0.0,131.65,201.3,0,0.0,0,0,18-APR-2022,
OPTSTK,HINDUNILVR,30-Jun-2022,2060.0,CE,0.0,0.0,0.0,121.75,187.7,0,0.0,0,0,18-APR-2022,
OPTSTK,HINDUNILVR,30-Jun-2022,2080.0,CE,0.0,0.0,0.0,112.45,174.7,0,0.0,0,0,18-APR-2022,
OPTSTK,HINDUNILVR,30-Jun-2022,2100.0,CE,0.0,0.0,0.0,103.6,162.25,0,0.0,0,0,18-APR-2022,
OPTSTK,HINDUNILVR,30-Jun-2022,2120.0,CE,0.0,0.0,0.0,95.3,150.35,0,0.0,0,0,18-APR-2022,
OPTSTK,HINDUNILVR,30-Jun-2022,2140.0,CE,0.0,0.0,0.0,87.5,139.05,0,0.0,0,0,18-APR-2022,
OPTSTK,HINDUNILVR,30-Jun-2022,2160.0,CE,0.0,0.0,0.0,80.25,128.35,0,0.0,0,0,18-APR-2022,
OPTSTK,HINDUNILVR,30-Jun-2022,2180.0,CE,0.0,0.0,0.0,73.4,118.15,0,0.0,0,0,18-APR-2022,
OPTSTK,HINDUNILVR,30-Jun-2022,2200.0,CE,0.0,0.0,0.0,67.05,108.55,0,0.0,0,0,18-APR-2022,
OPTSTK,HINDUNILVR,30-Jun-2022,2220.0,CE,0.0,0.0,0.0,61.15,99.55,0,0.0,0,0,18-APR-2022,
OPTSTK,HINDUNILVR,30-Jun-2022,2240.0,CE,0.0,0.0,0.0,55.65,91.05,0,0.0,0,0,18-APR-2022,
OPTSTK,HINDUNILVR,30-Jun-2022,2260.0,CE,0.0,0.0,0.0,50.65,83.15,0,0.0,0,0,18-APR-2022,
OPTSTK,HINDUNILVR,30-Jun-2022,2280.0,CE,0.0,0.0,0.0,46.0,75.75,0,0.0,0,0,18-APR-2022,
OPTSTK,HINDUNILVR,30-Jun-2022,2300.0,CE,0.0,0.0,0.0,50.05,68.85,0,0.0,300,0,18-APR-2022,
OPTSTK,HINDUNILVR,30-Jun-2022,2320.0,CE,0.0,0.0,0.0,37.6,62.45,0,0.0,0,0,18-APR-2022,
OPTSTK,HINDUNILVR,30-Jun-2022,2340.0,CE,0.0,0.0,0.0,33.95,56.55,0,0.0,0,0,18-APR-2022,
OPTSTK,HINDUNILVR,30-Jun-2022,2360.0,CE,0.0,0.0,0.0,30.6,51.1,0,0.0,0,0,18-APR-2022,
OPTSTK,HINDUNILVR,30-Jun-2022,2380.0,CE,0.0,0.0,0.0,27.55,46.15,0,0.0,0,0,18-APR-2022,
OPTSTK,HINDUNILVR,30-Jun-2022,2400.0,CE,0.0,0.0,0.0,24.75,41.55,0,0.0,0,0,18-APR-2022,
OPTSTK,HINDUNILVR,30-Jun-2022,2420.0,CE,0.0,0.0,0.0,22.2,37.25,0,0.0,0,0,18-APR-2022,
OPTSTK,HINDUNILVR,30-Jun-2022,2440.0,CE,0.0,0.0,0.0,19.9,33.4,0,0.0,0,0,18-APR-2022,
OPTSTK,HINDUNILVR,30-Jun-2022,2460.0,CE,0.0,0.0,0.0,17.8,29.85,0,0.0,0,0,18-APR-2022,
OPTSTK,HINDUNILVR,30-Jun-2022,2480.0,CE,0.0,0.0,0.0,15.9,26.65,0,0.0,0,0,18-APR-2022,
OPTSTK,HINDUNILVR,30-Jun-2022,2500.0,CE,0.0,0.0,0.0,14.15,23.75,0,0.0,0,0,18-APR-2022,
OPTSTK,HINDUNILVR,30-Jun-2022,2520.0,CE,0.0,0.0,0.0,12.6,21.1,0,0.0,0,0,18-APR-2022,
OPTSTK,HINDUNILVR,30-Jun-2022,2540.0,CE,0.0,0.0,0.0,11.2,18.75,0,0.0,0,0,18-APR-2022,
OPTSTK,HINDUNILVR,30-Jun-2022,2560.0,CE,0.0,0.0,0.0,9.95,16.6,0,0.0,0,0,18-APR-2022,
OPTSTK,HINDUNILVR,30-Jun-2022,2580.0,CE,0.0,0.0,0.0,8.85,14.7,0,0.0,0,0,18-APR-2022,
OPTSTK,HINDUNILVR,30-Jun-2022,2600.0,CE,0.0,0.0,0.0,7.8,12.95,0,0.0,0,0,18-APR-2022,
OPTSTK,HINDUNILVR,30-Jun-2022,2620.0,CE,0.0,0.0,0.0,6.9,11.4,0,0.0,0,0,18-APR-2022,
OPTSTK,HINDUNILVR,30-Jun-2022,2640.0,CE,0.0,0.0,0.0,6.1,10.05,0,0.0,0,0,18-APR-2022,
OPTSTK,HINDUNILVR,30-Jun-2022,2660.0,CE,0.0,0.0,0.0,5.4,8.8,0,0.0,0,0,18-APR-2022,
OPTSTK,HINDUNILVR,30-Jun-2022,2680.0,CE,0.0,0.0,0.0,4.75,7.75,0,0.0,0,0,18-APR-2022,
OPTSTK,HINDUNILVR,30-Jun-2022,2700.0,CE,0.0,0.0,0.0,4.2,6.75,0,0.0,0,0,18-APR-2022,
OPTSTK,HINDUNILVR,30-Jun-2022,2720.0,CE,0.0,0.0,0.0,3.65,5.9,0,0.0,0,0,18-APR-2022,
OPTSTK,HINDUNILVR,30-Jun-2022,2740.0,CE,0.0,0.0,0.0,3.2,5.15,0,0.0,0,0,18-APR-2022,
OPTSTK,HINDUNILVR,30-Jun-2022,2760.0,CE,0.0,0.0,0.0,2.85,4.5,0,0.0,0,0,18-APR-2022,
OPTSTK,HINDUNILVR,30-Jun-2022,2780.0,CE,0.0,0.0,0.0,2.5,3.9,0,0.0,0,0,18-APR-2022,
OPTSTK,HINDUNILVR,30-Jun-2022,2800.0,CE,0.0,0.0,0.0,2.15,3.4,0,0.0,0,0,18-APR-2022,
OPTSTK,HINDUNILVR,30-Jun-2022,2820.0,CE,0.0,0.0,0.0,1.9,2.95,0,0.0,0,0,18-APR-2022,
OPTSTK,HINDUNILVR,30-Jun-2022,2840.0,CE,0.0,0.0,0.0,1.65,2.55,0,0.0,0,0,18-APR-2022,
OPTSTK,HINDUNILVR,30-Jun-2022,1540.0,PE,0.0,0.0,0.0,1.8,0.2,0,0.0,0,0,18-APR-2022,
OPTSTK,HINDUNILVR,30-Jun-2022,1560.0,PE,0.0,0.0,0.0,2.3,0.3,0,0.0,0,0,18-APR-2022,
OPTSTK,HINDUNILVR,30-Jun-2022,1580.0,PE,0.0,0.0,0.0,2.95,0.35,0,0.0,0,0,18-APR-2022,
OPTSTK,HINDUNILVR,30-Jun-2022,1600.0,PE,0.0,0.0,0.0,3.7,0.5,0,0.0,0,0,18-APR-2022,
OPTSTK,HINDUNILVR,30-Jun-2022,1620.0,PE,0.0,0.0,0.0,4.6,0.7,0,0.0,0,0,18-APR-2022,
OPTSTK,HINDUNILVR,30-Jun-2022,1640.0,PE,0.0,0.0,0.0,5.7,0.9,0,0.0,0,0,18-APR-2022,
OPTSTK,HINDUNILVR,30-Jun-2022,1660.0,PE,0.0,0.0,0.0,7.0,1.2,0,0.0,0,0,18-APR-2022,
OPTSTK,HINDUNILVR,30-Jun-2022,1680.0,PE,0.0,0.0,0.0,8.5,1.55,0,0.0,0,0,18-APR-2022,
OPTSTK,HINDUNILVR,30-Jun-2022,1700.0,PE,0.0,0.0,0.0,10.25,2.0,0,0.0,0,0,18-APR-2022,
OPTSTK,HINDUNILVR,30-Jun-2022,1720.0,PE,0.0,0.0,0.0,12.3,2.6,0,0.0,0,0,18-APR-2022,
OPTSTK,HINDUNILVR,30-Jun-2022,1740.0,PE,0.0,0.0,0.0,14.65,3.25,0,0.0,0,0,18-APR-2022,
OPTSTK,HINDUNILVR,30-Jun-2022,1760.0,PE,0.0,0.0,0.0,17.3,4.1,0,0.0,0,0,18-APR-2022,
OPTSTK,HINDUNILVR,30-Jun-2022,1780.0,PE,0.0,0.0,0.0,20.35,5.15,0,0.0,0,0,18-APR-2022,
OPTSTK,HINDUNILVR,30-Jun-2022,1800.0,PE,0.0,0.0,0.0,10.05,6.35,0,0.0,300,0,18-APR-2022,
OPTSTK,HINDUNILVR,30-Jun-2022,1820.0,PE,0.0,0.0,0.0,27.6,7.8,0,0.0,0,0,18-APR-2022,
OPTSTK,HINDUNILVR,30-Jun-2022,1840.0,PE,0.0,0.0,0.0,31.8,9.5,0,0.0,0,0,18-APR-2022,
OPTSTK,HINDUNILVR,30-Jun-2022,1860.0,PE,0.0,0.0,0.0,36.5,11.45,0,0.0,0,0,18-APR-2022,
OPTSTK,HINDUNILVR,30-Jun-2022,1880.0,PE,0.0,0.0,0.0,41.75,13.75,0,0.0,0,0,18-APR-2022,
OPTSTK,HINDUNILVR,30-Jun-2022,1900.0,PE,0.0,0.0,0.0,10.05,16.35,0,0.0,1200,0,18-APR-2022,
OPTSTK,HINDUNILVR,30-Jun-2022,1920.0,PE,0.0,0.0,0.0,53.45,19.35,0,0.0,0,0,18-APR-2022,
OPTSTK,HINDUNILVR,30-Jun-2022,1940.0,PE,0.0,0.0,0.0,60.1,22.75,0,0.0,0,0,18-APR-2022,
OPTSTK,HINDUNILVR,30-Jun-2022,1960.0,PE,0.0,0.0,0.0,67.3,26.55,0,0.0,0,0,18-APR-2022,
OPTSTK,HINDUNILVR,30-Jun-2022,1980.0,PE,0.0,0.0,0.0,75.05,30.8,0,0.0,0,0,18-APR-2022,
OPTSTK,HINDUNILVR,30-Jun-2022,2000.0,PE,0.0,0.0,0.0,36.95,35.5,0,0.0,600,0,18-APR-2022,
OPTSTK,HINDUNILVR,30-Jun-2022,2020.0,PE,0.0,0.0,0.0,92.2,40.8,0,0.0,0,0,18-APR-2022,
OPTSTK,HINDUNILVR,30-Jun-2022,2040.0,PE,0.0,0.0,0.0,101.55,46.4,0,0.0,0,0,18-APR-2022,
OPTSTK,HINDUNILVR,30-Jun-2022,2060.0,PE,0.0,0.0,0.0,111.45,52.7,0,0.0,0,0,18-APR-2022,
OPTSTK,HINDUNILVR,30-Jun-2022,2080.0,PE,0.0,0.0,0.0,121.9,59.5,0,0.0,0,0,18-APR-2022,
OPTSTK,HINDUNILVR,30-Jun-2022,2100.0,PE,0.0,0.0,0.0,60.0,66.9,0,0.0,300,0,18-APR-2022,
OPTSTK,HINDUNILVR,30-Jun-2022,2120.0,PE,0.0,0.0,0.0,144.35,74.85,0,0.0,0,0,18-APR-2022,
OPTSTK,HINDUNILVR,30-Jun-2022,2140.0,PE,0.0,0.0,0.0,156.35,83.35,0,0.0,0,0,18-APR-2022,
OPTSTK,HINDUNILVR,30-Jun-2022,2160.0,PE,0.0,0.0,0.0,168.85,92.45,0,0.0,0,0,18-APR-2022,
OPTSTK,HINDUNILVR,30-Jun-2022,2180.0,PE,0.0,0.0,0.0,181.85,102.1,0,0.0,0,0,18-APR-2022,
OPTSTK,HINDUNILVR,30-Jun-2022,2200.0,PE,0.0,0.0,0.0,195.25,112.35,0,0.0,0,0,18-APR-2022,
OPTSTK,HINDUNILVR,30-Jun-2022,2220.0,PE,0.0,0.0,0.0,209.15,123.15,0,0.0,0,0,18-APR-2022,
OPTSTK,HINDUNILVR,30-Jun-2022,2240.0,PE,0.0,0.0,0.0,223.45,134.5,0,0.0,0,0,18-APR-2022,
OPTSTK,HINDUNILVR,30-Jun-2022,2260.0,PE,0.0,0.0,0.0,238.25,146.4,0,0.0,0,0,18-APR-2022,
OPTSTK,HINDUNILVR,30-Jun-2022,2280.0,PE,0.0,0.0,0.0,253.35,158.85,0,0.0,0,0,18-APR-2022,
OPTSTK,HINDUNILVR,30-Jun-2022,2300.0,PE,0.0,0.0,0.0,268.75,171.8,0,0.0,0,0,18-APR-2022,
OPTSTK,HINDUNILVR,30-Jun-2022,2320.0,PE,0.0,0.0,0.0,284.55,185.25,0,0.0,0,0,18-APR-2022,
OPTSTK,HINDUNILVR,30-Jun-2022,2340.0,PE,0.0,0.0,0.0,300.7,199.15,0,0.0,0,0,18-APR-2022,
OPTSTK,HINDUNILVR,30-Jun-2022,2360.0,PE,0.0,0.0,0.0,317.15,213.5,0,0.0,0,0,18-APR-2022,
OPTSTK,HINDUNILVR,30-Jun-2022,2380.0,PE,0.0,0.0,0.0,333.85,228.4,0,0.0,0,0,18-APR-2022,
OPTSTK,HINDUNILVR,30-Jun-2022,2400.0,PE,0.0,0.0,0.0,350.85,243.65,0,0.0,0,0,18-APR-2022,
OPTSTK,HINDUNILVR,30-Jun-2022,2420.0,PE,0.0,0.0,0.0,368.1,259.15,0,0.0,0,0,18-APR-2022,
OPTSTK,HINDUNILVR,30-Jun-2022,2440.0,PE,0.0,0.0,0.0,385.55,275.15,0,0.0,0,0,18-APR-2022,
OPTSTK,HINDUNILVR,30-Jun-2022,2460.0,PE,0.0,0.0,0.0,403.25,291.45,0,0.0,0,0,18-APR-2022,
OPTSTK,HINDUNILVR,30-Jun-2022,2480.0,PE,0.0,0.0,0.0,421.15,308.05,0,0.0,0,0,18-APR-2022,
OPTSTK,HINDUNILVR,30-Jun-2022,2500.0,PE,0.0,0.0,0.0,439.2,325.0,0,0.0,0,0,18-APR-2022,
OPTSTK,HINDUNILVR,30-Jun-2022,2520.0,PE,0.0,0.0,0.0,457.45,342.2,0,0.0,0,0,18-APR-2022,
OPTSTK,HINDUNILVR,30-Jun-2022,2540.0,PE,0.0,0.0,0.0,475.85,359.65,0,0.0,0,0,18-APR-2022,
OPTSTK,HINDUNILVR,30-Jun-2022,2560.0,PE,0.0,0.0,0.0,494.4,377.35,0,0.0,0,0,18-APR-2022,
OPTSTK,HINDUNILVR,30-Jun-2022,2580.0,PE,0.0,0.0,0.0,513.05,395.25,0,0.0,0,0,18-APR-2022,
OPTSTK,HINDUNILVR,30-Jun-2022,2600.0,PE,0.0,0.0,0.0,531.85,413.35,0,0.0,0,0,18-APR-2022,
OPTSTK,HINDUNILVR,30-Jun-2022,2620.0,PE,0.0,0.0,0.0,550.7,431.65,0,0.0,0,0,18-APR-2022,
OPTSTK,HINDUNILVR,30-Jun-2022,2640.0,PE,0.0,0.0,0.0,569.7,450.1,0,0.0,0,0,18-APR-2022,
OPTSTK,HINDUNILVR,30-Jun-2022,2660.0,PE,0.0,0.0,0.0,588.75,468.7,0,0.0,0,0,18-APR-2022,
OPTSTK,HINDUNILVR,30-Jun-2022,2680.0,PE,0.0,0.0,0.0,607.9,487.45,0,0.0,0,0,18-APR-2022,
OPTSTK,HINDUNILVR,30-Jun-2022,2700.0,PE,0.0,0.0,0.0,627.15,506.3,0,0.0,0,0,18-APR-2022,
OPTSTK,HINDUNILVR,30-Jun-2022,2720.0,PE,0.0,0.0,0.0,646.4,525.3,0,0.0,0,0,18-APR-2022,
OPTSTK,HINDUNILVR,30-Jun-2022,2740.0,PE,0.0,0.0,0.0,665.75,544.35,0,0.0,0,0,18-APR-2022,
OPTSTK,HINDUNILVR,30-Jun-2022,2760.0,PE,0.0,0.0,0.0,685.15,563.55,0,0.0,0,0,18-APR-2022,
OPTSTK,HINDUNILVR,30-Jun-2022,2780.0,PE,0.0,0.0,0.0,704.6,582.75,0,0.0,0,0,18-APR-2022,
OPTSTK,HINDUNILVR,30-Jun-2022,2800.0,PE,0.0,0.0,0.0,724.1,602.1,0,0.0,0,0,18-APR-2022,
OPTSTK,HINDUNILVR,30-Jun-2022,2820.0,PE,0.0,0.0,0.0,743.6,621.45,0,0.0,0,0,18-APR-2022,
OPTSTK,HINDUNILVR,30-Jun-2022,2840.0,PE,0.0,0.0,0.0,763.15,640.9,0,0.0,0,0,18-APR-2022,
OPTSTK,HONAUT,28-Apr-2022,30000.0,CE,0.0,0.0,0.0,12671.35,10453.65,0,0.0,0,0,18-APR-2022,
OPTSTK,HONAUT,28-Apr-2022,30500.0,CE,0.0,0.0,0.0,12196.75,9954.2,0,0.0,0,0,18-APR-2022,
OPTSTK,HONAUT,28-Apr-2022,31000.0,CE,0.0,0.0,0.0,11726.2,9454.75,0,0.0,0,0,18-APR-2022,
OPTSTK,HONAUT,28-Apr-2022,31500.0,CE,0.0,0.0,0.0,11260.25,8955.35,0,0.0,0,0,18-APR-2022,
OPTSTK,HONAUT,28-Apr-2022,32000.0,CE,0.0,0.0,0.0,10799.55,8455.9,0,0.0,0,0,18-APR-2022,
OPTSTK,HONAUT,28-Apr-2022,32500.0,CE,0.0,0.0,0.0,10344.6,7956.5,0,0.0,0,0,18-APR-2022,
OPTSTK,HONAUT,28-Apr-2022,33000.0,CE,0.0,0.0,0.0,9896.05,7457.2,0,0.0,0,0,18-APR-2022,
OPTSTK,HONAUT,28-Apr-2022,33500.0,CE,0.0,0.0,0.0,9454.5,6958.15,0,0.0,0,0,18-APR-2022,
OPTSTK,HONAUT,28-Apr-2022,34000.0,CE,0.0,0.0,0.0,9020.55,6459.45,0,0.0,0,0,18-APR-2022,
OPTSTK,HONAUT,28-Apr-2022,34500.0,CE,0.0,0.0,0.0,8594.85,5961.65,0,0.0,0,0,18-APR-2022,
OPTSTK,HONAUT,28-Apr-2022,35000.0,CE,0.0,0.0,0.0,8177.9,5465.55,0,0.0,0,0,18-APR-2022,
OPTSTK,HONAUT,28-Apr-2022,35500.0,CE,0.0,0.0,0.0,7770.35,4972.35,0,0.0,0,0,18-APR-2022,
OPTSTK,HONAUT,28-Apr-2022,36000.0,CE,0.0,0.0,0.0,7372.7,4484.0,0,0.0,0,0,18-APR-2022,
OPTSTK,HONAUT,28-Apr-2022,36500.0,CE,0.0,0.0,0.0,6985.45,4003.3,0,0.0,0,0,18-APR-2022,
OPTSTK,HONAUT,28-Apr-2022,37000.0,CE,0.0,0.0,0.0,6609.05,3533.8,0,0.0,0,0,18-APR-2022,
OPTSTK,HONAUT,28-Apr-2022,37500.0,CE,0.0,0.0,0.0,6245.15,3079.95,0,0.0,0,0,18-APR-2022,
OPTSTK,HONAUT,28-Apr-2022,38000.0,CE,0.0,0.0,0.0,1418.35,2646.75,0,0.0,15,0,18-APR-2022,
OPTSTK,HONAUT,28-Apr-2022,38500.0,CE,0.0,0.0,0.0,5548.0,2239.5,0,0.0,0,0,18-APR-2022,
OPTSTK,HONAUT,28-Apr-2022,39000.0,CE,0.0,0.0,0.0,1250.05,1862.95,0,0.0,135,0,18-APR-2022,
OPTSTK,HONAUT,28-Apr-2022,39500.0,CE,0.0,0.0,0.0,4902.4,1522.45,0,0.0,0,0,18-APR-2022,
OPTSTK,HONAUT,28-Apr-2022,40000.0,CE,529.0,957.0,529.0,957.0,1220.7,2,12.22,240,-15,18-APR-2022,
OPTSTK,HONAUT,28-Apr-2022,40500.0,CE,0.0,0.0,0.0,4307.25,959.3,0,0.0,0,0,18-APR-2022,
OPTSTK,HONAUT,28-Apr-2022,41000.0,CE,344.0,360.1,344.0,360.1,738.55,3,18.6,150,-30,18-APR-2022,
OPTSTK,HONAUT,28-Apr-2022,41500.0,CE,0.0,0.0,0.0,800.3,556.55,0,0.0,0,0,18-APR-2022,
OPTSTK,HONAUT,28-Apr-2022,42000.0,CE,140.05,140.05,140.05,140.05,410.35,1,6.32,315,-15,18-APR-2022,
OPTSTK,HONAUT,28-Apr-2022,42500.0,CE,0.0,0.0,0.0,3268.95,296.45,0,0.0,0,0,18-APR-2022,
OPTSTK,HONAUT,28-Apr-2022,43000.0,CE,111.0,111.0,109.0,110.0,209.25,3,19.39,105,-15,18-APR-2022,
OPTSTK,HONAUT,28-Apr-2022,43500.0,CE,0.0,0.0,0.0,2824.4,144.4,0,0.0,0,0,18-APR-2022,
OPTSTK,HONAUT,28-Apr-2022,44000.0,CE,0.0,0.0,0.0,449.8,97.45,0,0.0,75,0,18-APR-2022,
OPTSTK,HONAUT,28-Apr-2022,44500.0,CE,0.0,0.0,0.0,2427.3,64.3,0,0.0,0,0,18-APR-2022,
OPTSTK,HONAUT,28-Apr-2022,45000.0,CE,0.0,0.0,0.0,2245.75,41.5,0,0.0,0,0,18-APR-2022,
OPTSTK,HONAUT,28-Apr-2022,45500.0,CE,0.0,0.0,0.0,2075.15,26.2,0,0.0,0,0,18-APR-2022,
OPTSTK,HONAUT,28-Apr-2022,46000.0,CE,0.0,0.0,0.0,1915.05,16.15,0,0.0,0,0,18-APR-2022,
OPTSTK,HONAUT,28-Apr-2022,46500.0,CE,0.0,0.0,0.0,1765.1,9.8,0,0.0,0,0,18-APR-2022,
OPTSTK,HONAUT,28-Apr-2022,47000.0,CE,0.0,0.0,0.0,1624.9,5.8,0,0.0,0,0,18-APR-2022,
OPTSTK,HONAUT,28-Apr-2022,47500.0,CE,0.0,0.0,0.0,1494.0,3.35,0,0.0,0,0,18-APR-2022,
OPTSTK,HONAUT,28-Apr-2022,48000.0,CE,0.0,0.0,0.0,1374.35,1.9,0,0.0,0,0,18-APR-2022,
OPTSTK,HONAUT,28-Apr-2022,48500.0,CE,0.0,0.0,0.0,1261.3,1.1,0,0.0,0,0,18-APR-2022,
OPTSTK,HONAUT,28-Apr-2022,49000.0,CE,0.0,0.0,0.0,1156.35,0.6,0,0.0,0,0,18-APR-2022,
OPTSTK,HONAUT,28-Apr-2022,49500.0,CE,0.0,0.0,0.0,1057.1,0.35,0,0.0,0,0,18-APR-2022,
OPTSTK,HONAUT,28-Apr-2022,50000.0,CE,0.0,0.0,0.0,966.6,0.2,0,0.0,0,0,18-APR-2022,
OPTSTK,HONAUT,28-Apr-2022,50500.0,CE,0.0,0.0,0.0,882.9,0.1,0,0.0,0,0,18-APR-2022,
OPTSTK,HONAUT,28-Apr-2022,51000.0,CE,0.0,0.0,0.0,805.6,0.05,0,0.0,0,0,18-APR-2022,
OPTSTK,HONAUT,28-Apr-2022,51500.0,CE,0.0,0.0,0.0,734.3,0.05,0,0.0,0,0,18-APR-2022,
OPTSTK,HONAUT,28-Apr-2022,52000.0,CE,0.0,0.0,0.0,668.65,0.05,0,0.0,0,0,18-APR-2022,
OPTSTK,HONAUT,28-Apr-2022,52500.0,CE,0.0,0.0,0.0,608.25,0.05,0,0.0,0,0,18-APR-2022,
OPTSTK,HONAUT,28-Apr-2022,53000.0,CE,0.0,0.0,0.0,552.75,0.0,0,0.0,0,0,18-APR-2022,
OPTSTK,HONAUT,28-Apr-2022,53500.0,CE,0.0,0.0,0.0,501.8,0.0,0,0.0,0,0,18-APR-2022,
OPTSTK,HONAUT,28-Apr-2022,54000.0,CE,0.0,0.0,0.0,455.15,0.0,0,0.0,0,0,18-APR-2022,
OPTSTK,HONAUT,28-Apr-2022,54500.0,CE,0.0,0.0,0.0,412.45,0.0,0,0.0,0,0,18-APR-2022,
OPTSTK,HONAUT,28-Apr-2022,30000.0,PE,0.0,0.0,0.0,77.1,0.0,0,0.0,0,0,18-APR-2022,
OPTSTK,HONAUT,28-Apr-2022,30500.0,PE,0.0,0.0,0.0,97.3,0.0,0,0.0,0,0,18-APR-2022,
OPTSTK,HONAUT,28-Apr-2022,31000.0,PE,0.0,0.0,0.0,121.55,0.0,0,0.0,0,0,18-APR-2022,
OPTSTK,HONAUT,28-Apr-2022,31500.0,PE,0.0,0.0,0.0,150.4,0.05,0,0.0,0,0,18-APR-2022,
OPTSTK,HONAUT,28-Apr-2022,32000.0,PE,0.0,0.0,0.0,184.45,0.05,0,0.0,0,0,18-APR-2022,
OPTSTK,HONAUT,28-Apr-2022,32500.0,PE,0.0,0.0,0.0,224.3,0.1,0,0.0,0,0,18-APR-2022,
OPTSTK,HONAUT,28-Apr-2022,33000.0,PE,0.0,0.0,0.0,270.55,0.25,0,0.0,0,0,18-APR-2022,
OPTSTK,HONAUT,28-Apr-2022,33500.0,PE,0.0,0.0,0.0,323.8,0.55,0,0.0,0,0,18-APR-2022,
OPTSTK,HONAUT,28-Apr-2022,34000.0,PE,0.0,0.0,0.0,384.65,1.35,0,0.0,0,0,18-APR-2022,
OPTSTK,HONAUT,28-Apr-2022,34500.0,PE,0.0,0.0,0.0,453.7,3.0,0,0.0,0,0,18-APR-2022,
OPTSTK,HONAUT,28-Apr-2022,35000.0,PE,0.0,0.0,0.0,20.0,6.3,0,0.0,15,0,18-APR-2022,
OPTSTK,HONAUT,28-Apr-2022,35500.0,PE,0.0,0.0,0.0,168.35,12.55,0,0.0,30,0,18-APR-2022,
OPTSTK,HONAUT,28-Apr-2022,36000.0,PE,0.0,0.0,0.0,715.95,23.65,0,0.0,0,0,18-APR-2022,
OPTSTK,HONAUT,28-Apr-2022,36500.0,PE,0.0,0.0,0.0,823.5,42.35,0,0.0,0,0,18-APR-2022,
OPTSTK,HONAUT,28-Apr-2022,37000.0,PE,90.75,90.75,87.95,87.95,72.3,2,11.12,30,-30,18-APR-2022,
OPTSTK,HONAUT,28-Apr-2022,37500.0,PE,0.0,0.0,0.0,1072.8,117.9,0,0.0,0,0,18-APR-2022,
OPTSTK,HONAUT,28-Apr-2022,38000.0,PE,0.0,0.0,0.0,1213.8,184.1,0,0.0,0,0,18-APR-2022,
OPTSTK,HONAUT,28-Apr-2022,38500.0,PE,0.0,0.0,0.0,1365.2,276.3,0,0.0,0,0,18-APR-2022,
OPTSTK,HONAUT,28-Apr-2022,39000.0,PE,712.1,712.1,712.1,712.1,399.2,1,5.95,180,0,18-APR-2022,
OPTSTK,HONAUT,28-Apr-2022,39500.0,PE,0.0,0.0,0.0,1709.2,558.1,0,0.0,0,0,18-APR-2022,
OPTSTK,HONAUT,28-Apr-2022,40000.0,PE,0.0,0.0,0.0,1200.0,755.85,0,0.0,75,0,18-APR-2022,
OPTSTK,HONAUT,28-Apr-2022,40500.0,PE,0.0,0.0,0.0,2103.6,993.9,0,0.0,0,0,18-APR-2022,
OPTSTK,HONAUT,28-Apr-2022,41000.0,PE,0.0,0.0,0.0,2319.9,1272.55,0,0.0,0,0,18-APR-2022,
OPTSTK,HONAUT,28-Apr-2022,41500.0,PE,0.0,0.0,0.0,2548.9,1590.0,0,0.0,0,0,18-APR-2022,
OPTSTK,HONAUT,28-Apr-2022,42000.0,PE,0.0,0.0,0.0,2790.35,1943.25,0,0.0,0,0,18-APR-2022,
OPTSTK,HONAUT,28-Apr-2022,42500.0,PE,0.0,0.0,0.0,3044.5,2328.8,0,0.0,0,0,18-APR-2022,
OPTSTK,HONAUT,28-Apr-2022,43000.0,PE,0.0,0.0,0.0,3310.95,2741.0,0,0.0,0,0,18-APR-2022,
OPTSTK,HONAUT,28-Apr-2022,43500.0,PE,0.0,0.0,0.0,3589.55,3175.6,0,0.0,0,0,18-APR-2022,
OPTSTK,HONAUT,28-Apr-2022,44000.0,PE,0.0,0.0,0.0,3880.0,3628.1,0,0.0,0,0,18-APR-2022,
OPTSTK,HONAUT,28-Apr-2022,44500.0,PE,0.0,0.0,0.0,4182.0,4094.35,0,0.0,0,0,18-APR-2022,
OPTSTK,HONAUT,28-Apr-2022,45000.0,PE,0.0,0.0,0.0,4495.25,4571.0,0,0.0,0,0,18-APR-2022,
OPTSTK,HONAUT,28-Apr-2022,45500.0,PE,0.0,0.0,0.0,4819.45,5055.1,0,0.0,0,0,18-APR-2022,
OPTSTK,HONAUT,28-Apr-2022,46000.0,PE,0.0,0.0,0.0,5154.15,5544.55,0,0.0,0,0,18-APR-2022,
OPTSTK,HONAUT,28-Apr-2022,46500.0,PE,0.0,0.0,0.0,5498.95,6037.6,0,0.0,0,0,18-APR-2022,
OPTSTK,HONAUT,28-Apr-2022,47000.0,PE,0.0,0.0,0.0,5853.55,6533.05,0,0.0,0,0,18-APR-2022,
OPTSTK,HONAUT,28-Apr-2022,47500.0,PE,0.0,0.0,0.0,6217.5,7030.05,0,0.0,0,0,18-APR-2022,
OPTSTK,HONAUT,28-Apr-2022,48000.0,PE,0.0,0.0,0.0,6592.6,7528.05,0,0.0,0,0,18-APR-2022,
OPTSTK,HONAUT,28-Apr-2022,48500.0,PE,0.0,0.0,0.0,6974.35,8026.65,0,0.0,0,0,18-APR-2022,
OPTSTK,HONAUT,28-Apr-2022,49000.0,PE,0.0,0.0,0.0,7364.15,8525.6,0,0.0,0,0,18-APR-2022,
OPTSTK,HONAUT,28-Apr-2022,49500.0,PE,0.0,0.0,0.0,7759.7,9024.75,0,0.0,0,0,18-APR-2022,
OPTSTK,HONAUT,28-Apr-2022,50000.0,PE,0.0,0.0,0.0,8164.05,9524.05,0,0.0,0,0,18-APR-2022,
OPTSTK,HONAUT,28-Apr-2022,50500.0,PE,0.0,0.0,0.0,8575.1,10023.4,0,0.0,0,0,18-APR-2022,
OPTSTK,HONAUT,28-Apr-2022,51000.0,PE,0.0,0.0,0.0,8992.6,10522.8,0,0.0,0,0,18-APR-2022,
OPTSTK,HONAUT,28-Apr-2022,51500.0,PE,0.0,0.0,0.0,9416.1,11022.25,0,0.0,0,0,18-APR-2022,
OPTSTK,HONAUT,28-Apr-2022,52000.0,PE,0.0,0.0,0.0,9845.2,11521.65,0,0.0,0,0,18-APR-2022,
OPTSTK,HONAUT,28-Apr-2022,52500.0,PE,0.0,0.0,0.0,10279.6,12021.1,0,0.0,0,0,18-APR-2022,
OPTSTK,HONAUT,28-Apr-2022,53000.0,PE,0.0,0.0,0.0,10718.9,12520.55,0,0.0,0,0,18-APR-2022,
OPTSTK,HONAUT,28-Apr-2022,53500.0,PE,0.0,0.0,0.0,11162.8,13019.95,0,0.0,0,0,18-APR-2022,
OPTSTK,HONAUT,28-Apr-2022,54000.0,PE,0.0,0.0,0.0,11610.9,13519.4,0,0.0,0,0,18-APR-2022,
OPTSTK,HONAUT,28-Apr-2022,54500.0,PE,0.0,0.0,0.0,12063.0,14018.85,0,0.0,0,0,18-APR-2022,
OPTSTK,HONAUT,26-May-2022,30000.0,CE,0.0,0.0,0.0,10260.15,10559.1,0,0.0,0,0,18-APR-2022,
OPTSTK,HONAUT,26-May-2022,30500.0,CE,0.0,0.0,0.0,9805.9,10065.05,0,0.0,0,0,18-APR-2022,
OPTSTK,HONAUT,26-May-2022,31000.0,CE,0.0,0.0,0.0,9358.45,9572.7,0,0.0,0,0,18-APR-2022,
OPTSTK,HONAUT,26-May-2022,31500.0,CE,0.0,0.0,0.0,8918.5,9082.65,0,0.0,0,0,18-APR-2022,
OPTSTK,HONAUT,26-May-2022,32000.0,CE,0.0,0.0,0.0,8486.75,8595.65,0,0.0,0,0,18-APR-2022,
OPTSTK,HONAUT,26-May-2022,32500.0,CE,0.0,0.0,0.0,8063.75,8112.55,0,0.0,0,0,18-APR-2022,
OPTSTK,HONAUT,26-May-2022,33000.0,CE,0.0,0.0,0.0,7650.25,7634.35,0,0.0,0,0,18-APR-2022,
OPTSTK,HONAUT,26-May-2022,33500.0,CE,0.0,0.0,0.0,7246.8,7162.25,0,0.0,0,0,18-APR-2022,
OPTSTK,HONAUT,26-May-2022,34000.0,CE,0.0,0.0,0.0,6854.0,6697.45,0,0.0,0,0,18-APR-2022,
OPTSTK,HONAUT,26-May-2022,34500.0,CE,0.0,0.0,0.0,6472.35,6241.45,0,0.0,0,0,18-APR-2022,
OPTSTK,HONAUT,26-May-2022,35000.0,CE,0.0,0.0,0.0,6103.6,5795.6,0,0.0,0,0,18-APR-2022,
OPTSTK,HONAUT,26-May-2022,35500.0,CE,0.0,0.0,0.0,5745.35,5361.45,0,0.0,0,0,18-APR-2022,
OPTSTK,HONAUT,26-May-2022,36000.0,CE,0.0,0.0,0.0,5399.65,4940.55,0,0.0,0,0,18-APR-2022,
OPTSTK,HONAUT,26-May-2022,36500.0,CE,0.0,0.0,0.0,5065.45,4534.35,0,0.0,0,0,18-APR-2022,
OPTSTK,HONAUT,26-May-2022,37000.0,CE,0.0,0.0,0.0,4746.0,4144.2,0,0.0,0,0,18-APR-2022,
OPTSTK,HONAUT,26-May-2022,37500.0,CE,0.0,0.0,0.0,4439.7,3772.7,0,0.0,0,0,18-APR-2022,
OPTSTK,HONAUT,26-May-2022,38000.0,CE,0.0,0.0,0.0,4146.75,3416.55,0,0.0,0,0,18-APR-2022,
OPTSTK,HONAUT,26-May-2022,38500.0,CE,0.0,0.0,0.0,3867.2,3082.0,0,0.0,0,0,18-APR-2022,
OPTSTK,HONAUT,26-May-2022,39000.0,CE,0.0,0.0,0.0,3600.9,2767.6,0,0.0,0,0,18-APR-2022,
OPTSTK,HONAUT,26-May-2022,39500.0,CE,0.0,0.0,0.0,3347.7,2474.0,0,0.0,0,0,18-APR-2022,
OPTSTK,HONAUT,26-May-2022,40000.0,CE,0.0,0.0,0.0,3107.8,2201.3,0,0.0,0,0,18-APR-2022,
OPTSTK,HONAUT,26-May-2022,40500.0,CE,0.0,0.0,0.0,2880.75,1949.4,0,0.0,0,0,18-APR-2022,
OPTSTK,HONAUT,26-May-2022,41000.0,CE,0.0,0.0,0.0,2666.35,1718.45,0,0.0,0,0,18-APR-2022,
OPTSTK,HONAUT,26-May-2022,41500.0,CE,0.0,0.0,0.0,2464.35,1507.75,0,0.0,0,0,18-APR-2022,
OPTSTK,HONAUT,26-May-2022,42000.0,CE,0.0,0.0,0.0,2274.4,1316.75,0,0.0,0,0,18-APR-2022,
OPTSTK,HONAUT,26-May-2022,42500.0,CE,0.0,0.0,0.0,2096.15,1144.6,0,0.0,0,0,18-APR-2022,
OPTSTK,HONAUT,26-May-2022,43000.0,CE,0.0,0.0,0.0,1929.15,990.3,0,0.0,0,0,18-APR-2022,
OPTSTK,HONAUT,26-May-2022,43500.0,CE,0.0,0.0,0.0,1773.05,852.9,0,0.0,0,0,18-APR-2022,
OPTSTK,HONAUT,26-May-2022,44000.0,CE,0.0,0.0,0.0,1627.35,733.55,0,0.0,0,0,18-APR-2022,
OPTSTK,HONAUT,26-May-2022,44500.0,CE,0.0,0.0,0.0,1491.7,625.05,0,0.0,0,0,18-APR-2022,
OPTSTK,HONAUT,26-May-2022,45000.0,CE,0.0,0.0,0.0,1367.55,531.3,0,0.0,0,0,18-APR-2022,
OPTSTK,HONAUT,26-May-2022,45500.0,CE,0.0,0.0,0.0,1250.9,449.6,0,0.0,0,0,18-APR-2022,
OPTSTK,HONAUT,26-May-2022,46000.0,CE,0.0,0.0,0.0,1142.9,378.8,0,0.0,0,0,18-APR-2022,
OPTSTK,HONAUT,26-May-2022,46500.0,CE,0.0,0.0,0.0,1041.35,317.8,0,0.0,0,0,18-APR-2022,
OPTSTK,HONAUT,26-May-2022,47000.0,CE,0.0,0.0,0.0,948.8,265.5,0,0.0,0,0,18-APR-2022,
OPTSTK,HONAUT,26-May-2022,47500.0,CE,0.0,0.0,0.0,863.45,220.85,0,0.0,0,0,18-APR-2022,
OPTSTK,HONAUT,26-May-2022,48000.0,CE,0.0,0.0,0.0,784.9,182.95,0,0.0,0,0,18-APR-2022,
OPTSTK,HONAUT,26-May-2022,48500.0,CE,0.0,0.0,0.0,712.7,150.95,0,0.0,0,0,18-APR-2022,
OPTSTK,HONAUT,26-May-2022,49000.0,CE,0.0,0.0,0.0,646.4,124.1,0,0.0,0,0,18-APR-2022,
OPTSTK,HONAUT,26-May-2022,49500.0,CE,0.0,0.0,0.0,585.65,101.6,0,0.0,0,0,18-APR-2022,
OPTSTK,HONAUT,26-May-2022,50000.0,CE,0.0,0.0,0.0,530.05,82.85,0,0.0,0,0,18-APR-2022,
OPTSTK,HONAUT,26-May-2022,50500.0,CE,0.0,0.0,0.0,479.25,67.3,0,0.0,0,0,18-APR-2022,
OPTSTK,HONAUT,26-May-2022,51000.0,CE,0.0,0.0,0.0,432.85,54.5,0,0.0,0,0,18-APR-2022,
OPTSTK,HONAUT,26-May-2022,51500.0,CE,0.0,0.0,0.0,390.55,43.95,0,0.0,0,0,18-APR-2022,
OPTSTK,HONAUT,26-May-2022,52000.0,CE,0.0,0.0,0.0,352.05,35.35,0,0.0,0,0,18-APR-2022,
OPTSTK,HONAUT,26-May-2022,52500.0,CE,0.0,0.0,0.0,317.05,28.3,0,0.0,0,0,18-APR-2022,
OPTSTK,HONAUT,26-May-2022,53000.0,CE,0.0,0.0,0.0,285.3,22.6,0,0.0,0,0,18-APR-2022,
OPTSTK,HONAUT,26-May-2022,53500.0,CE,0.0,0.0,0.0,256.45,18.0,0,0.0,0,0,18-APR-2022,
OPTSTK,HONAUT,26-May-2022,54000.0,CE,0.0,0.0,0.0,230.35,14.3,0,0.0,0,0,18-APR-2022,
OPTSTK,HONAUT,26-May-2022,54500.0,CE,0.0,0.0,0.0,206.7,11.3,0,0.0,0,0,18-APR-2022,
OPTSTK,HONAUT,26-May-2022,30000.0,PE,0.0,0.0,0.0,178.1,6.8,0,0.0,0,0,18-APR-2022,
OPTSTK,HONAUT,26-May-2022,30500.0,PE,0.0,0.0,0.0,218.65,10.55,0,0.0,0,0,18-APR-2022,
OPTSTK,HONAUT,26-May-2022,31000.0,PE,0.0,0.0,0.0,265.95,16.0,0,0.0,0,0,18-APR-2022,
OPTSTK,HONAUT,26-May-2022,31500.0,PE,0.0,0.0,0.0,320.8,23.75,0,0.0,0,0,18-APR-2022,
OPTSTK,HONAUT,26-May-2022,32000.0,PE,0.0,0.0,0.0,383.75,34.55,0,0.0,0,0,18-APR-2022,
OPTSTK,HONAUT,26-May-2022,32500.0,PE,0.0,0.0,0.0,455.55,49.25,0,0.0,0,0,18-APR-2022,
OPTSTK,HONAUT,26-May-2022,33000.0,PE,0.0,0.0,0.0,536.8,68.85,0,0.0,0,0,18-APR-2022,
OPTSTK,HONAUT,26-May-2022,33500.0,PE,0.0,0.0,0.0,628.15,94.5,0,0.0,0,0,18-APR-2022,
OPTSTK,HONAUT,26-May-2022,34000.0,PE,0.0,0.0,0.0,730.1,127.5,0,0.0,0,0,18-APR-2022,
OPTSTK,HONAUT,26-May-2022,34500.0,PE,0.0,0.0,0.0,843.2,169.3,0,0.0,0,0,18-APR-2022,
OPTSTK,HONAUT,26-May-2022,35000.0,PE,0.0,0.0,0.0,969.25,221.25,0,0.0,0,0,18-APR-2022,
OPTSTK,HONAUT,26-May-2022,35500.0,PE,0.0,0.0,0.0,1105.75,284.9,0,0.0,0,0,18-APR-2022,
OPTSTK,HONAUT,26-May-2022,36000.0,PE,0.0,0.0,0.0,1254.8,361.75,0,0.0,0,0,18-APR-2022,
OPTSTK,HONAUT,26-May-2022,36500.0,PE,0.0,0.0,0.0,1415.4,453.35,0,0.0,0,0,18-APR-2022,
OPTSTK,HONAUT,26-May-2022,37000.0,PE,0.0,0.0,0.0,1590.7,561.0,0,0.0,0,0,18-APR-2022,
OPTSTK,HONAUT,26-May-2022,37500.0,PE,0.0,0.0,0.0,1779.2,687.3,0,0.0,0,0,18-APR-2022,
OPTSTK,HONAUT,26-May-2022,38000.0,PE,0.0,0.0,0.0,1981.0,828.95,0,0.0,0,0,18-APR-2022,
OPTSTK,HONAUT,26-May-2022,38500.0,PE,0.0,0.0,0.0,2196.2,992.15,0,0.0,0,0,18-APR-2022,
OPTSTK,HONAUT,26-May-2022,39000.0,PE,0.0,0.0,0.0,2424.7,1175.6,0,0.0,0,0,18-APR-2022,
OPTSTK,HONAUT,26-May-2022,39500.0,PE,0.0,0.0,0.0,2666.25,1379.75,0,0.0,0,0,18-APR-2022,
OPTSTK,HONAUT,26-May-2022,40000.0,PE,0.0,0.0,0.0,2921.1,1604.85,0,0.0,0,0,18-APR-2022,
OPTSTK,HONAUT,26-May-2022,40500.0,PE,0.0,0.0,0.0,3188.85,1850.75,0,0.0,0,0,18-APR-2022,
OPTSTK,HONAUT,26-May-2022,41000.0,PE,0.0,0.0,0.0,3469.2,2117.6,0,0.0,0,0,18-APR-2022,
OPTSTK,HONAUT,26-May-2022,41500.0,PE,0.0,0.0,0.0,3762.0,2404.7,0,0.0,0,0,18-APR-2022,
OPTSTK,HONAUT,26-May-2022,42000.0,PE,0.0,0.0,0.0,4066.8,2711.45,0,0.0,0,0,18-APR-2022,
OPTSTK,HONAUT,26-May-2022,42500.0,PE,0.0,0.0,0.0,4383.3,3037.1,0,0.0,0,0,18-APR-2022,
OPTSTK,HONAUT,26-May-2022,43000.0,PE,0.0,0.0,0.0,4711.05,3380.65,0,0.0,0,0,18-APR-2022,
OPTSTK,HONAUT,26-May-2022,43500.0,PE,0.0,0.0,0.0,5049.7,3741.0,0,0.0,0,0,18-APR-2022,
OPTSTK,HONAUT,26-May-2022,44000.0,PE,0.0,0.0,0.0,5398.8,4119.45,0,0.0,0,0,18-APR-2022,
OPTSTK,HONAUT,26-May-2022,44500.0,PE,0.0,0.0,0.0,5757.9,4508.75,0,0.0,0,0,18-APR-2022,
OPTSTK,HONAUT,26-May-2022,45000.0,PE,0.0,0.0,0.0,6128.55,4912.75,0,0.0,0,0,18-APR-2022,
OPTSTK,HONAUT,26-May-2022,45500.0,PE,0.0,0.0,0.0,6506.65,5328.85,0,0.0,0,0,18-APR-2022,
OPTSTK,HONAUT,26-May-2022,46000.0,PE,0.0,0.0,0.0,6893.4,5755.9,0,0.0,0,0,18-APR-2022,
OPTSTK,HONAUT,26-May-2022,46500.0,PE,0.0,0.0,0.0,7286.65,6192.65,0,0.0,0,0,18-APR-2022,
OPTSTK,HONAUT,26-May-2022,47000.0,PE,0.0,0.0,0.0,7688.85,6638.15,0,0.0,0,0,18-APR-2022,
OPTSTK,HONAUT,26-May-2022,47500.0,PE,0.0,0.0,0.0,8098.3,7091.3,0,0.0,0,0,18-APR-2022,
OPTSTK,HONAUT,26-May-2022,48000.0,PE,0.0,0.0,0.0,8514.5,7551.2,0,0.0,0,0,18-APR-2022,
OPTSTK,HONAUT,26-May-2022,48500.0,PE,0.0,0.0,0.0,8937.05,8017.0,0,0.0,0,0,18-APR-2022,
OPTSTK,HONAUT,26-May-2022,49000.0,PE,0.0,0.0,0.0,9365.55,8487.9,0,0.0,0,0,18-APR-2022,
OPTSTK,HONAUT,26-May-2022,49500.0,PE,0.0,0.0,0.0,9799.55,8963.2,0,0.0,0,0,18-APR-2022,
OPTSTK,HONAUT,26-May-2022,50000.0,PE,0.0,0.0,0.0,10238.7,9442.25,0,0.0,0,0,18-APR-2022,
OPTSTK,HONAUT,26-May-2022,50500.0,PE,0.0,0.0,0.0,10682.65,9924.5,0,0.0,0,0,18-APR-2022,
OPTSTK,HONAUT,26-May-2022,51000.0,PE,0.0,0.0,0.0,11131.05,10409.5,0,0.0,0,0,18-APR-2022,
OPTSTK,HONAUT,26-May-2022,51500.0,PE,0.0,0.0,0.0,11583.5,10896.75,0,0.0,0,0,18-APR-2022,
OPTSTK,HONAUT,26-May-2022,52000.0,PE,0.0,0.0,0.0,12039.8,11385.9,0,0.0,0,0,18-APR-2022,
OPTSTK,HONAUT,26-May-2022,52500.0,PE,0.0,0.0,0.0,12499.55,11876.7,0,0.0,0,0,18-APR-2022,
OPTSTK,HONAUT,26-May-2022,53000.0,PE,0.0,0.0,0.0,12962.55,12368.75,0,0.0,0,0,18-APR-2022,
OPTSTK,HONAUT,26-May-2022,53500.0,PE,0.0,0.0,0.0,13428.45,12861.95,0,0.0,0,0,18-APR-2022,
OPTSTK,HONAUT,26-May-2022,54000.0,PE,0.0,0.0,0.0,13897.1,13356.05,0,0.0,0,0,18-APR-2022,
OPTSTK,HONAUT,26-May-2022,54500.0,PE,0.0,0.0,0.0,14368.25,13850.85,0,0.0,0,0,18-APR-2022,
OPTSTK,HONAUT,30-Jun-2022,30000.0,CE,0.0,0.0,0.0,10154.45,10740.95,0,0.0,0,0,18-APR-2022,
OPTSTK,HONAUT,30-Jun-2022,30500.0,CE,0.0,0.0,0.0,9698.05,10265.55,0,0.0,0,0,18-APR-2022,
OPTSTK,HONAUT,30-Jun-2022,31000.0,CE,0.0,0.0,0.0,9248.35,9794.85,0,0.0,0,0,18-APR-2022,
OPTSTK,HONAUT,30-Jun-2022,31500.0,CE,0.0,0.0,0.0,8806.1,9329.7,0,0.0,0,0,18-APR-2022,
OPTSTK,HONAUT,30-Jun-2022,32000.0,CE,0.0,0.0,0.0,8371.95,8870.85,0,0.0,0,0,18-APR-2022,
OPTSTK,HONAUT,30-Jun-2022,32500.0,CE,0.0,0.0,0.0,7946.65,8419.1,0,0.0,0,0,18-APR-2022,
OPTSTK,HONAUT,30-Jun-2022,33000.0,CE,0.0,0.0,0.0,7530.9,7975.3,0,0.0,0,0,18-APR-2022,
OPTSTK,HONAUT,30-Jun-2022,33500.0,CE,0.0,0.0,0.0,7125.25,7540.3,0,0.0,0,0,18-APR-2022,
OPTSTK,HONAUT,30-Jun-2022,34000.0,CE,0.0,0.0,0.0,6730.4,7114.9,0,0.0,0,0,18-APR-2022,
OPTSTK,HONAUT,30-Jun-2022,34500.0,CE,0.0,0.0,0.0,6346.9,6700.0,0,0.0,0,0,18-APR-2022,
OPTSTK,HONAUT,30-Jun-2022,35000.0,CE,0.0,0.0,0.0,5976.55,6296.35,0,0.0,0,0,18-APR-2022,
OPTSTK,HONAUT,30-Jun-2022,35500.0,CE,0.0,0.0,0.0,5616.9,5904.65,0,0.0,0,0,18-APR-2022,
OPTSTK,HONAUT,30-Jun-2022,36000.0,CE,0.0,0.0,0.0,5270.05,5525.65,0,0.0,0,0,18-APR-2022,
OPTSTK,HONAUT,30-Jun-2022,36500.0,CE,0.0,0.0,0.0,4935.0,5161.05,0,0.0,0,0,18-APR-2022,
OPTSTK,HONAUT,30-Jun-2022,37000.0,CE,0.0,0.0,0.0,4615.05,4808.8,0,0.0,0,0,18-APR-2022,
OPTSTK,HONAUT,30-Jun-2022,37500.0,CE,0.0,0.0,0.0,4308.6,4469.65,0,0.0,0,0,18-APR-2022,
OPTSTK,HONAUT,30-Jun-2022,38000.0,CE,0.0,0.0,0.0,4015.85,4146.95,0,0.0,0,0,18-APR-2022,
OPTSTK,HONAUT,30-Jun-2022,38500.0,CE,0.0,0.0,0.0,3736.8,3839.25,0,0.0,0,0,18-APR-2022,
OPTSTK,HONAUT,30-Jun-2022,39000.0,CE,0.0,0.0,0.0,3471.45,3546.65,0,0.0,0,0,18-APR-2022,
OPTSTK,HONAUT,30-Jun-2022,39500.0,CE,0.0,0.0,0.0,3219.5,3269.25,0,0.0,0,0,18-APR-2022,
OPTSTK,HONAUT,30-Jun-2022,40000.0,CE,0.0,0.0,0.0,2981.2,3007.1,0,0.0,0,0,18-APR-2022,
OPTSTK,HONAUT,30-Jun-2022,40500.0,CE,0.0,0.0,0.0,2756.1,2759.85,0,0.0,0,0,18-APR-2022,
OPTSTK,HONAUT,30-Jun-2022,41000.0,CE,0.0,0.0,0.0,2544.0,2527.65,0,0.0,0,0,18-APR-2022,
OPTSTK,HONAUT,30-Jun-2022,41500.0,CE,0.0,0.0,0.0,2344.55,2310.15,0,0.0,0,0,18-APR-2022,
OPTSTK,HONAUT,30-Jun-2022,42000.0,CE,0.0,0.0,0.0,2157.4,2106.9,0,0.0,0,0,18-APR-2022,
OPTSTK,HONAUT,30-Jun-2022,42500.0,CE,0.0,0.0,0.0,1982.2,1917.55,0,0.0,0,0,18-APR-2022,
OPTSTK,HONAUT,30-Jun-2022,43000.0,CE,0.0,0.0,0.0,1818.5,1741.65,0,0.0,0,0,18-APR-2022,
OPTSTK,HONAUT,30-Jun-2022,43500.0,CE,0.0,0.0,0.0,1665.85,1578.65,0,0.0,0,0,18-APR-2022,
OPTSTK,HONAUT,30-Jun-2022,44000.0,CE,0.0,0.0,0.0,1523.85,1428.05,0,0.0,0,0,18-APR-2022,
OPTSTK,HONAUT,30-Jun-2022,44500.0,CE,0.0,0.0,0.0,1391.95,1289.3,0,0.0,0,0,18-APR-2022,
OPTSTK,HONAUT,30-Jun-2022,45000.0,CE,0.0,0.0,0.0,1271.85,1163.75,0,0.0,0,0,18-APR-2022,
OPTSTK,HONAUT,30-Jun-2022,45500.0,CE,0.0,0.0,0.0,1159.2,1047.3,0,0.0,0,0,18-APR-2022,
OPTSTK,HONAUT,30-Jun-2022,46000.0,CE,0.0,0.0,0.0,1055.2,940.85,0,0.0,0,0,18-APR-2022,
OPTSTK,HONAUT,30-Jun-2022,46500.0,CE,0.0,0.0,0.0,957.5,841.8,0,0.0,0,0,18-APR-2022,
OPTSTK,HONAUT,30-Jun-2022,47000.0,CE,0.0,0.0,0.0,868.95,753.1,0,0.0,0,0,18-APR-2022,
OPTSTK,HONAUT,30-Jun-2022,47500.0,CE,0.0,0.0,0.0,787.65,672.5,0,0.0,0,0,18-APR-2022,
OPTSTK,HONAUT,30-Jun-2022,48000.0,CE,0.0,0.0,0.0,713.05,599.55,0,0.0,0,0,18-APR-2022,
OPTSTK,HONAUT,30-Jun-2022,48500.0,CE,0.0,0.0,0.0,644.7,533.55,0,0.0,0,0,18-APR-2022,
OPTSTK,HONAUT,30-Jun-2022,49000.0,CE,0.0,0.0,0.0,582.25,474.0,0,0.0,0,0,18-APR-2022,
OPTSTK,HONAUT,30-Jun-2022,49500.0,CE,0.0,0.0,0.0,525.2,420.4,0,0.0,0,0,18-APR-2022,
OPTSTK,HONAUT,30-Jun-2022,50000.0,CE,0.0,0.0,0.0,473.25,372.3,0,0.0,0,0,18-APR-2022,
OPTSTK,HONAUT,30-Jun-2022,50500.0,CE,0.0,0.0,0.0,425.9,329.15,0,0.0,0,0,18-APR-2022,
OPTSTK,HONAUT,30-Jun-2022,51000.0,CE,0.0,0.0,0.0,382.9,290.55,0,0.0,0,0,18-APR-2022,
OPTSTK,HONAUT,30-Jun-2022,51500.0,CE,0.0,0.0,0.0,343.9,256.05,0,0.0,0,0,18-APR-2022,
OPTSTK,HONAUT,30-Jun-2022,52000.0,CE,0.0,0.0,0.0,308.5,225.35,0,0.0,0,0,18-APR-2022,
OPTSTK,HONAUT,30-Jun-2022,52500.0,CE,0.0,0.0,0.0,276.5,198.05,0,0.0,0,0,18-APR-2022,
OPTSTK,HONAUT,30-Jun-2022,53000.0,CE,0.0,0.0,0.0,247.55,173.8,0,0.0,0,0,18-APR-2022,
OPTSTK,HONAUT,30-Jun-2022,53500.0,CE,0.0,0.0,0.0,221.45,152.3,0,0.0,0,0,18-APR-2022,
OPTSTK,HONAUT,30-Jun-2022,54000.0,CE,0.0,0.0,0.0,197.9,133.25,0,0.0,0,0,18-APR-2022,
OPTSTK,HONAUT,30-Jun-2022,54500.0,CE,0.0,0.0,0.0,176.65,116.45,0,0.0,0,0,18-APR-2022,
OPTSTK,HONAUT,30-Jun-2022,30000.0,PE,0.0,0.0,0.0,162.2,67.2,0,0.0,0,0,18-APR-2022,
OPTSTK,HONAUT,30-Jun-2022,30500.0,PE,0.0,0.0,0.0,200.5,87.55,0,0.0,0,0,18-APR-2022,
OPTSTK,HONAUT,30-Jun-2022,31000.0,PE,0.0,0.0,0.0,245.55,112.65,0,0.0,0,0,18-APR-2022,
OPTSTK,HONAUT,30-Jun-2022,31500.0,PE,0.0,0.0,0.0,298.05,143.25,0,0.0,0,0,18-APR-2022,
OPTSTK,HONAUT,30-Jun-2022,32000.0,PE,0.0,0.0,0.0,358.65,180.15,0,0.0,0,0,18-APR-2022,
OPTSTK,HONAUT,30-Jun-2022,32500.0,PE,0.0,0.0,0.0,428.1,224.15,0,0.0,0,0,18-APR-2022,
OPTSTK,HONAUT,30-Jun-2022,33000.0,PE,0.0,0.0,0.0,507.1,276.1,0,0.0,0,0,18-APR-2022,
OPTSTK,HONAUT,30-Jun-2022,33500.0,PE,0.0,0.0,0.0,596.2,336.9,0,0.0,0,0,18-APR-2022,
OPTSTK,HONAUT,30-Jun-2022,34000.0,PE,0.0,0.0,0.0,696.1,407.3,0,0.0,0,0,18-APR-2022,
OPTSTK,HONAUT,30-Jun-2022,34500.0,PE,0.0,0.0,0.0,807.35,488.15,0,0.0,0,0,18-APR-2022,
OPTSTK,HONAUT,30-Jun-2022,35000.0,PE,0.0,0.0,0.0,931.75,580.25,0,0.0,0,0,18-APR-2022,
OPTSTK,HONAUT,30-Jun-2022,35500.0,PE,0.0,0.0,0.0,1066.8,684.35,0,0.0,0,0,18-APR-2022,
OPTSTK,HONAUT,30-Jun-2022,36000.0,PE,0.0,0.0,0.0,1214.7,801.1,0,0.0,0,0,18-APR-2022,
OPTSTK,HONAUT,30-Jun-2022,36500.0,PE,0.0,0.0,0.0,1374.4,932.25,0,0.0,0,0,18-APR-2022,
OPTSTK,HONAUT,30-Jun-2022,37000.0,PE,0.0,0.0,0.0,1549.2,1075.8,0,0.0,0,0,18-APR-2022,
OPTSTK,HONAUT,30-Jun-2022,37500.0,PE,0.0,0.0,0.0,1737.5,1232.45,0,0.0,0,0,18-APR-2022,
OPTSTK,HONAUT,30-Jun-2022,38000.0,PE,0.0,0.0,0.0,1939.5,1405.5,0,0.0,0,0,18-APR-2022,
OPTSTK,HONAUT,30-Jun-2022,38500.0,PE,0.0,0.0,0.0,2155.15,1593.5,0,0.0,0,0,18-APR-2022,
OPTSTK,HONAUT,30-Jun-2022,39000.0,PE,0.0,0.0,0.0,2384.55,1796.7,0,0.0,0,0,18-APR-2022,
OPTSTK,HONAUT,30-Jun-2022,39500.0,PE,0.0,0.0,0.0,2627.35,2015.1,0,0.0,0,0,18-APR-2022,
OPTSTK,HONAUT,30-Jun-2022,40000.0,PE,0.0,0.0,0.0,2883.8,2248.65,0,0.0,0,0,18-APR-2022,
OPTSTK,HONAUT,30-Jun-2022,40500.0,PE,0.0,0.0,0.0,3153.45,2497.2,0,0.0,0,0,18-APR-2022,
OPTSTK,HONAUT,30-Jun-2022,41000.0,PE,0.0,0.0,0.0,3436.05,2760.8,0,0.0,0,0,18-APR-2022,
OPTSTK,HONAUT,30-Jun-2022,41500.0,PE,0.0,0.0,0.0,3731.35,3039.0,0,0.0,0,0,18-APR-2022,
OPTSTK,HONAUT,30-Jun-2022,42000.0,PE,0.0,0.0,0.0,4038.95,3331.55,0,0.0,0,0,18-APR-2022,
OPTSTK,HONAUT,30-Jun-2022,42500.0,PE,0.0,0.0,0.0,4358.5,3637.95,0,0.0,0,0,18-APR-2022,
OPTSTK,HONAUT,30-Jun-2022,43000.0,PE,0.0,0.0,0.0,4689.55,3957.85,0,0.0,0,0,18-APR-2022,
OPTSTK,HONAUT,30-Jun-2022,43500.0,PE,0.0,0.0,0.0,5031.65,4290.6,0,0.0,0,0,18-APR-2022,
OPTSTK,HONAUT,30-Jun-2022,44000.0,PE,0.0,0.0,0.0,5384.35,4635.8,0,0.0,0,0,18-APR-2022,
OPTSTK,HONAUT,30-Jun-2022,44500.0,PE,0.0,0.0,0.0,5747.25,4992.8,0,0.0,0,0,18-APR-2022,
OPTSTK,HONAUT,30-Jun-2022,45000.0,PE,0.0,0.0,0.0,6121.9,5363.0,0,0.0,0,0,18-APR-2022,
OPTSTK,HONAUT,30-Jun-2022,45500.0,PE,0.0,0.0,0.0,6503.95,5742.35,0,0.0,0,0,18-APR-2022,
OPTSTK,HONAUT,30-Jun-2022,46000.0,PE,0.0,0.0,0.0,6894.7,6131.65,0,0.0,0,0,18-APR-2022,
OPTSTK,HONAUT,30-Jun-2022,46500.0,PE,0.0,0.0,0.0,7291.75,6528.35,0,0.0,0,0,18-APR-2022,
OPTSTK,HONAUT,30-Jun-2022,47000.0,PE,0.0,0.0,0.0,7697.95,6935.45,0,0.0,0,0,18-APR-2022,
OPTSTK,HONAUT,30-Jun-2022,47500.0,PE,0.0,0.0,0.0,8111.35,7350.65,0,0.0,0,0,18-APR-2022,
OPTSTK,HONAUT,30-Jun-2022,48000.0,PE,0.0,0.0,0.0,8531.5,7773.4,0,0.0,0,0,18-APR-2022,
OPTSTK,HONAUT,30-Jun-2022,48500.0,PE,0.0,0.0,0.0,8957.9,8203.2,0,0.0,0,0,18-APR-2022,
OPTSTK,HONAUT,30-Jun-2022,49000.0,PE,0.0,0.0,0.0,9390.2,8639.4,0,0.0,0,0,18-APR-2022,
OPTSTK,HONAUT,30-Jun-2022,49500.0,PE,0.0,0.0,0.0,9827.9,9081.6,0,0.0,0,0,18-APR-2022,
OPTSTK,HONAUT,30-Jun-2022,50000.0,PE,0.0,0.0,0.0,10270.65,9529.25,0,0.0,0,0,18-APR-2022,
OPTSTK,HONAUT,30-Jun-2022,50500.0,PE,0.0,0.0,0.0,10718.1,9981.85,0,0.0,0,0,18-APR-2022,
OPTSTK,HONAUT,30-Jun-2022,51000.0,PE,0.0,0.0,0.0,11169.85,10439.0,0,0.0,0,0,18-APR-2022,
OPTSTK,HONAUT,30-Jun-2022,51500.0,PE,0.0,0.0,0.0,11625.55,10900.3,0,0.0,0,0,18-APR-2022,
OPTSTK,HONAUT,30-Jun-2022,52000.0,PE,0.0,0.0,0.0,12084.9,11365.4,0,0.0,0,0,18-APR-2022,
OPTSTK,HONAUT,30-Jun-2022,52500.0,PE,0.0,0.0,0.0,12547.65,11833.85,0,0.0,0,0,18-APR-2022,
OPTSTK,HONAUT,30-Jun-2022,53000.0,PE,0.0,0.0,0.0,13013.45,12305.35,0,0.0,0,0,18-APR-2022,
OPTSTK,HONAUT,30-Jun-2022,53500.0,PE,0.0,0.0,0.0,13482.05,12779.6,0,0.0,0,0,18-APR-2022,
OPTSTK,HONAUT,30-Jun-2022,54000.0,PE,0.0,0.0,0.0,13953.25,13256.35,0,0.0,0,0,18-APR-2022,
OPTSTK,HONAUT,30-Jun-2022,54500.0,PE,0.0,0.0,0.0,14426.8,13735.35,0,0.0,0,0,18-APR-2022,
OPTSTK,IBULHSGFIN,28-Apr-2022,80.0,CE,0.0,0.0,0.0,103.8,81.95,0,0.0,0,0,18-APR-2022,
OPTSTK,IBULHSGFIN,28-Apr-2022,85.0,CE,0.0,0.0,0.0,113.3,76.95,0,0.0,0,0,18-APR-2022,
OPTSTK,IBULHSGFIN,28-Apr-2022,90.0,CE,0.0,0.0,0.0,108.4,71.95,0,0.0,0,0,18-APR-2022,
OPTSTK,IBULHSGFIN,28-Apr-2022,95.0,CE,0.0,0.0,0.0,103.55,67.0,0,0.0,0,0,18-APR-2022,
OPTSTK,IBULHSGFIN,28-Apr-2022,100.0,CE,0.0,0.0,0.0,66.3,62.0,0,0.0,12400,0,18-APR-2022,
OPTSTK,IBULHSGFIN,28-Apr-2022,105.0,CE,0.0,0.0,0.0,105.2,57.0,0,0.0,0,0,18-APR-2022,
OPTSTK,IBULHSGFIN,28-Apr-2022,110.0,CE,0.0,0.0,0.0,51.5,52.0,0,0.0,3100,0,18-APR-2022,
OPTSTK,IBULHSGFIN,28-Apr-2022,115.0,CE,0.0,0.0,0.0,95.9,47.0,0,0.0,0,0,18-APR-2022,
OPTSTK,IBULHSGFIN,28-Apr-2022,120.0,CE,0.0,0.0,0.0,54.1,42.05,0,0.0,0,0,18-APR-2022,
OPTSTK,IBULHSGFIN,28-Apr-2022,125.0,CE,0.0,0.0,0.0,86.9,37.1,0,0.0,0,0,18-APR-2022,
OPTSTK,IBULHSGFIN,28-Apr-2022,130.0,CE,0.0,0.0,0.0,44.0,32.25,0,0.0,3100,0,18-APR-2022,
OPTSTK,IBULHSGFIN,28-Apr-2022,135.0,CE,0.0,0.0,0.0,78.35,27.55,0,0.0,0,0,18-APR-2022,
OPTSTK,IBULHSGFIN,28-Apr-2022,140.0,CE,0.0,0.0,0.0,37.0,23.05,0,0.0,65100,0,18-APR-2022,
OPTSTK,IBULHSGFIN,28-Apr-2022,145.0,CE,0.0,0.0,0.0,29.15,18.85,0,0.0,3100,0,18-APR-2022,
OPTSTK,IBULHSGFIN,28-Apr-2022,150.0,CE,16.5,16.5,12.2,12.2,15.05,13,65.82,251100,-6200,18-APR-2022,
OPTSTK,IBULHSGFIN,28-Apr-2022,155.0,CE,8.55,9.9,8.3,9.2,9.2,5,25.4,105400,3100,18-APR-2022,
OPTSTK,IBULHSGFIN,28-Apr-2022,160.0,CE,4.35,8.5,4.35,6.3,6.3,451,2323.51,1348500,297600,18-APR-2022,
OPTSTK,IBULHSGFIN,28-Apr-2022,165.0,CE,4.55,6.15,3.25,4.25,4.25,499,2618.24,725400,319300,18-APR-2022,
OPTSTK,IBULHSGFIN,28-Apr-2022,170.0,CE,3.65,4.2,2.25,3.15,3.15,640,3433.93,2284700,3100,18-APR-2022,
OPTSTK,IBULHSGFIN,28-Apr-2022,175.0,CE,2.0,2.85,1.55,2.25,2.25,389,2136.0,976500,99200,18-APR-2022,
OPTSTK,IBULHSGFIN,28-Apr-2022,180.0,CE,2.7,2.7,1.15,1.65,1.65,627,3528.68,2631900,-145700,18-APR-2022,
OPTSTK,IBULHSGFIN,28-Apr-2022,185.0,CE,1.0,1.4,0.85,1.25,1.25,90,519.22,616900,-27900,18-APR-2022,
OPTSTK,IBULHSGFIN,28-Apr-2022,190.0,CE,1.3,1.3,0.7,1.0,1.0,250,1479.31,1621300,-182900,18-APR-2022,
OPTSTK,IBULHSGFIN,28-Apr-2022,195.0,CE,0.7,0.8,0.65,0.65,0.6,28,169.87,238700,-37200,18-APR-2022,
OPTSTK,IBULHSGFIN,28-Apr-2022,200.0,CE,1.05,1.05,0.5,0.7,0.7,342,2127.18,2402500,-313100,18-APR-2022,
OPTSTK,IBULHSGFIN,28-Apr-2022,205.0,CE,0.65,0.75,0.4,0.5,0.25,35,222.98,207700,-27900,18-APR-2022,
OPTSTK,IBULHSGFIN,28-Apr-2022,210.0,CE,0.7,0.7,0.3,0.45,0.45,69,450.05,418500,-114700,18-APR-2022,
OPTSTK,IBULHSGFIN,28-Apr-2022,215.0,CE,0.0,0.0,0.0,0.65,0.1,0,0.0,89900,0,18-APR-2022,
OPTSTK,IBULHSGFIN,28-Apr-2022,220.0,CE,0.35,0.35,0.25,0.3,0.3,37,252.65,1140800,-37200,18-APR-2022,
OPTSTK,IBULHSGFIN,28-Apr-2022,225.0,CE,0.0,0.0,0.0,0.45,0.05,0,0.0,49600,0,18-APR-2022,
OPTSTK,IBULHSGFIN,28-Apr-2022,230.0,CE,0.2,0.35,0.15,0.3,0.3,31,221.23,204600,-21700,18-APR-2022,
OPTSTK,IBULHSGFIN,28-Apr-2022,235.0,CE,0.0,0.0,0.0,21.8,0.05,0,0.0,0,0,18-APR-2022,
OPTSTK,IBULHSGFIN,28-Apr-2022,240.0,CE,0.2,0.2,0.15,0.15,0.0,9,67.01,161200,3100,18-APR-2022,
OPTSTK,IBULHSGFIN,28-Apr-2022,245.0,CE,0.0,0.0,0.0,18.9,0.0,0,0.0,0,0,18-APR-2022,
OPTSTK,IBULHSGFIN,28-Apr-2022,250.0,CE,0.2,0.2,0.15,0.2,0.2,16,124.09,449500,0,18-APR-2022,
OPTSTK,IBULHSGFIN,28-Apr-2022,255.0,CE,0.0,0.0,0.0,16.35,0.0,0,0.0,0,0,18-APR-2022,
OPTSTK,IBULHSGFIN,28-Apr-2022,260.0,CE,0.05,0.05,0.05,0.05,0.0,1,8.06,34100,0,18-APR-2022,
OPTSTK,IBULHSGFIN,28-Apr-2022,265.0,CE,0.0,0.0,0.0,14.1,0.0,0,0.0,0,0,18-APR-2022,
OPTSTK,IBULHSGFIN,28-Apr-2022,270.0,CE,0.05,0.8,0.05,0.45,0.45,2,16.76,0,0,18-APR-2022,
OPTSTK,IBULHSGFIN,28-Apr-2022,275.0,CE,0.0,0.0,0.0,12.15,0.0,0,0.0,0,0,18-APR-2022,
OPTSTK,IBULHSGFIN,28-Apr-2022,280.0,CE,0.0,0.0,0.0,11.3,0.0,0,0.0,0,0,18-APR-2022,
OPTSTK,IBULHSGFIN,28-Apr-2022,285.0,CE,0.0,0.0,0.0,10.5,0.0,0,0.0,0,0,18-APR-2022,
OPTSTK,IBULHSGFIN,28-Apr-2022,290.0,CE,0.0,0.0,0.0,9.7,0.0,0,0.0,0,0,18-APR-2022,
OPTSTK,IBULHSGFIN,28-Apr-2022,295.0,CE,0.0,0.0,0.0,9.0,0.0,0,0.0,0,0,18-APR-2022,
OPTSTK,IBULHSGFIN,28-Apr-2022,300.0,CE,0.0,0.0,0.0,0.4,0.0,0,0.0,3100,0,18-APR-2022,
OPTSTK,IBULHSGFIN,28-Apr-2022,305.0,CE,0.0,0.0,0.0,7.75,0.0,0,0.0,0,0,18-APR-2022,
OPTSTK,IBULHSGFIN,28-Apr-2022,310.0,CE,0.0,0.0,0.0,7.2,0.0,0,0.0,0,0,18-APR-2022,
OPTSTK,IBULHSGFIN,28-Apr-2022,315.0,CE,0.0,0.0,0.0,6.65,0.0,0,0.0,0,0,18-APR-2022,
OPTSTK,IBULHSGFIN,28-Apr-2022,80.0,PE,0.0,0.0,0.0,0.05,0.0,0,0.0,6200,0,18-APR-2022,
OPTSTK,IBULHSGFIN,28-Apr-2022,85.0,PE,0.0,0.0,0.0,0.1,0.0,0,0.0,0,0,18-APR-2022,
OPTSTK,IBULHSGFIN,28-Apr-2022,90.0,PE,0.0,0.0,0.0,0.15,0.0,0,0.0,0,0,18-APR-2022,
OPTSTK,IBULHSGFIN,28-Apr-2022,95.0,PE,0.0,0.0,0.0,0.25,0.0,0,0.0,0,0,18-APR-2022,
OPTSTK,IBULHSGFIN,28-Apr-2022,100.0,PE,0.0,0.0,0.0,0.15,0.0,0,0.0,24800,0,18-APR-2022,
OPTSTK,IBULHSGFIN,28-Apr-2022,105.0,PE,0.0,0.0,0.0,0.65,0.0,0,0.0,0,0,18-APR-2022,
OPTSTK,IBULHSGFIN,28-Apr-2022,110.0,PE,0.0,0.0,0.0,0.15,0.0,0,0.0,18600,0,18-APR-2022,
OPTSTK,IBULHSGFIN,28-Apr-2022,115.0,PE,0.0,0.0,0.0,0.1,0.05,0,0.0,9300,0,18-APR-2022,
OPTSTK,IBULHSGFIN,28-Apr-2022,120.0,PE,0.0,0.0,0.0,0.4,0.05,0,0.0,198400,0,18-APR-2022,
OPTSTK,IBULHSGFIN,28-Apr-2022,125.0,PE,0.0,0.0,0.0,0.25,0.1,0,0.0,0,0,18-APR-2022,
OPTSTK,IBULHSGFIN,28-Apr-2022,130.0,PE,0.45,0.7,0.25,0.35,0.35,57,230.46,775000,6200,18-APR-2022,
OPTSTK,IBULHSGFIN,28-Apr-2022,135.0,PE,0.5,0.6,0.45,0.45,0.55,14,58.81,46500,-9300,18-APR-2022,
OPTSTK,IBULHSGFIN,28-Apr-2022,140.0,PE,0.95,1.1,0.55,0.6,0.6,136,593.62,536300,-176700,18-APR-2022,
OPTSTK,IBULHSGFIN,28-Apr-2022,145.0,PE,1.0,1.45,0.85,0.95,0.95,109,493.91,124000,34100,18-APR-2022,
OPTSTK,IBULHSGFIN,28-Apr-2022,150.0,PE,2.0,2.4,1.35,1.45,1.45,420,1977.7,886600,-179800,18-APR-2022,
OPTSTK,IBULHSGFIN,28-Apr-2022,155.0,PE,2.9,3.55,2.2,2.35,2.35,230,1126.3,601400,148800,18-APR-2022,
OPTSTK,IBULHSGFIN,28-Apr-2022,160.0,PE,4.2,5.5,3.5,4.0,4.0,586,2989.2,1689500,12400,18-APR-2022,
OPTSTK,IBULHSGFIN,28-Apr-2022,165.0,PE,6.1,8.7,5.65,6.85,6.85,250,1337.44,477400,-158100,18-APR-2022,
OPTSTK,IBULHSGFIN,28-Apr-2022,170.0,PE,9.1,12.5,8.8,10.35,10.35,134,751.9,889700,-49600,18-APR-2022,
OPTSTK,IBULHSGFIN,28-Apr-2022,175.0,PE,15.25,16.55,14.75,15.55,16.2,30,177.05,353400,-71300,18-APR-2022,
OPTSTK,IBULHSGFIN,28-Apr-2022,180.0,PE,17.3,21.25,16.8,19.2,19.2,32,197.57,768800,-62000,18-APR-2022,
OPTSTK,IBULHSGFIN,28-Apr-2022,185.0,PE,0.0,0.0,0.0,20.15,24.4,0,0.0,133300,0,18-APR-2022,
OPTSTK,IBULHSGFIN,28-Apr-2022,190.0,PE,26.5,30.6,26.0,30.6,28.9,8,54.04,83700,0,18-APR-2022,
OPTSTK,IBULHSGFIN,28-Apr-2022,195.0,PE,0.0,0.0,0.0,22.5,33.55,0,0.0,15500,0,18-APR-2022,
OPTSTK,IBULHSGFIN,28-Apr-2022,200.0,PE,39.2,40.15,39.2,40.15,38.3,3,22.3,372000,0,18-APR-2022,
OPTSTK,IBULHSGFIN,28-Apr-2022,205.0,PE,0.0,0.0,0.0,27.6,43.15,0,0.0,0,0,18-APR-2022,
OPTSTK,IBULHSGFIN,28-Apr-2022,210.0,PE,0.0,0.0,0.0,31.3,48.05,0,0.0,46500,0,18-APR-2022,
OPTSTK,IBULHSGFIN,28-Apr-2022,215.0,PE,0.0,0.0,0.0,33.25,53.0,0,0.0,0,0,18-APR-2022,
OPTSTK,IBULHSGFIN,28-Apr-2022,220.0,PE,0.0,0.0,0.0,42.85,57.95,0,0.0,12400,0,18-APR-2022,
OPTSTK,IBULHSGFIN,28-Apr-2022,225.0,PE,0.0,0.0,0.0,39.35,62.95,0,0.0,0,0,18-APR-2022,
OPTSTK,IBULHSGFIN,28-Apr-2022,230.0,PE,69.0,69.0,69.0,69.0,69.0,6,55.61,24800,0,18-APR-2022,
OPTSTK,IBULHSGFIN,28-Apr-2022,235.0,PE,0.0,0.0,0.0,45.9,72.9,0,0.0,0,0,18-APR-2022,
OPTSTK,IBULHSGFIN,28-Apr-2022,240.0,PE,0.0,0.0,0.0,78.0,77.9,0,0.0,6200,0,18-APR-2022,
OPTSTK,IBULHSGFIN,28-Apr-2022,245.0,PE,0.0,0.0,0.0,52.9,82.9,0,0.0,0,0,18-APR-2022,
OPTSTK,IBULHSGFIN,28-Apr-2022,250.0,PE,0.0,0.0,0.0,69.9,87.9,0,0.0,18600,0,18-APR-2022,
OPTSTK,IBULHSGFIN,28-Apr-2022,255.0,PE,0.0,0.0,0.0,60.25,92.9,0,0.0,0,0,18-APR-2022,
OPTSTK,IBULHSGFIN,28-Apr-2022,260.0,PE,0.0,0.0,0.0,64.05,97.9,0,0.0,0,0,18-APR-2022,
OPTSTK,IBULHSGFIN,28-Apr-2022,265.0,PE,0.0,0.0,0.0,67.9,102.85,0,0.0,0,0,18-APR-2022,
OPTSTK,IBULHSGFIN,28-Apr-2022,270.0,PE,0.0,0.0,0.0,71.85,107.85,0,0.0,0,0,18-APR-2022,
OPTSTK,IBULHSGFIN,28-Apr-2022,275.0,PE,0.0,0.0,0.0,75.85,112.85,0,0.0,0,0,18-APR-2022,
OPTSTK,IBULHSGFIN,28-Apr-2022,280.0,PE,0.0,0.0,0.0,79.95,117.85,0,0.0,0,0,18-APR-2022,
OPTSTK,IBULHSGFIN,28-Apr-2022,285.0,PE,0.0,0.0,0.0,84.05,122.85,0,0.0,0,0,18-APR-2022,
OPTSTK,IBULHSGFIN,28-Apr-2022,290.0,PE,0.0,0.0,0.0,88.25,127.85,0,0.0,0,0,18-APR-2022,
OPTSTK,IBULHSGFIN,28-Apr-2022,295.0,PE,0.0,0.0,0.0,92.5,132.85,0,0.0,0,0,18-APR-2022,
OPTSTK,IBULHSGFIN,28-Apr-2022,300.0,PE,0.0,0.0,0.0,96.8,137.85,0,0.0,0,0,18-APR-2022,
OPTSTK,IBULHSGFIN,28-Apr-2022,305.0,PE,0.0,0.0,0.0,101.15,142.85,0,0.0,0,0,18-APR-2022,
OPTSTK,IBULHSGFIN,28-Apr-2022,310.0,PE,0.0,0.0,0.0,105.5,147.8,0,0.0,0,0,18-APR-2022,
OPTSTK,IBULHSGFIN,28-Apr-2022,315.0,PE,0.0,0.0,0.0,109.95,152.8,0,0.0,0,0,18-APR-2022,
OPTSTK,IBULHSGFIN,26-May-2022,80.0,CE,0.0,0.0,0.0,70.15,82.25,0,0.0,0,0,18-APR-2022,
OPTSTK,IBULHSGFIN,26-May-2022,85.0,CE,0.0,0.0,0.0,65.6,77.25,0,0.0,0,0,18-APR-2022,
OPTSTK,IBULHSGFIN,26-May-2022,90.0,CE,0.0,0.0,0.0,61.15,72.3,0,0.0,0,0,18-APR-2022,
OPTSTK,IBULHSGFIN,26-May-2022,95.0,CE,0.0,0.0,0.0,56.85,67.4,0,0.0,0,0,18-APR-2022,
OPTSTK,IBULHSGFIN,26-May-2022,100.0,CE,0.0,0.0,0.0,52.7,62.55,0,0.0,0,0,18-APR-2022,
OPTSTK,IBULHSGFIN,26-May-2022,105.0,CE,0.0,0.0,0.0,48.75,57.7,0,0.0,0,0,18-APR-2022,
OPTSTK,IBULHSGFIN,26-May-2022,110.0,CE,0.0,0.0,0.0,45.0,53.0,0,0.0,0,0,18-APR-2022,
OPTSTK,IBULHSGFIN,26-May-2022,115.0,CE,0.0,0.0,0.0,41.4,48.4,0,0.0,0,0,18-APR-2022,
OPTSTK,IBULHSGFIN,26-May-2022,120.0,CE,0.0,0.0,0.0,38.05,43.95,0,0.0,0,0,18-APR-2022,
OPTSTK,IBULHSGFIN,26-May-2022,125.0,CE,0.0,0.0,0.0,34.85,39.65,0,0.0,0,0,18-APR-2022,
OPTSTK,IBULHSGFIN,26-May-2022,130.0,CE,0.0,0.0,0.0,42.0,35.55,0,0.0,3100,0,18-APR-2022,
OPTSTK,IBULHSGFIN,26-May-2022,135.0,CE,0.0,0.0,0.0,29.15,31.7,0,0.0,0,0,18-APR-2022,
OPTSTK,IBULHSGFIN,26-May-2022,140.0,CE,0.0,0.0,0.0,26.55,28.1,0,0.0,0,0,18-APR-2022,
OPTSTK,IBULHSGFIN,26-May-2022,145.0,CE,0.0,0.0,0.0,24.15,24.8,0,0.0,0,0,18-APR-2022,
OPTSTK,IBULHSGFIN,26-May-2022,150.0,CE,0.0,0.0,0.0,21.95,21.7,0,0.0,0,0,18-APR-2022,
OPTSTK,IBULHSGFIN,26-May-2022,155.0,CE,0.0,0.0,0.0,19.95,18.9,0,0.0,0,0,18-APR-2022,
OPTSTK,IBULHSGFIN,26-May-2022,160.0,CE,12.9,14.0,12.9,14.0,14.0,5,26.88,15500,12400,18-APR-2022,
OPTSTK,IBULHSGFIN,26-May-2022,165.0,CE,0.0,0.0,0.0,18.5,14.15,0,0.0,3100,0,18-APR-2022,
OPTSTK,IBULHSGFIN,26-May-2022,170.0,CE,12.0,12.0,9.4,10.5,12.15,36,201.25,204600,71300,18-APR-2022,
OPTSTK,IBULHSGFIN,26-May-2022,175.0,CE,0.0,0.0,0.0,13.4,10.35,0,0.0,0,0,18-APR-2022,
OPTSTK,IBULHSGFIN,26-May-2022,180.0,CE,8.0,8.9,7.2,7.4,7.4,23,133.91,117800,21700,18-APR-2022,
OPTSTK,IBULHSGFIN,26-May-2022,185.0,CE,0.0,0.0,0.0,14.75,7.45,0,0.0,3100,0,18-APR-2022,
OPTSTK,IBULHSGFIN,26-May-2022,190.0,CE,6.5,6.5,4.9,5.0,6.3,9,54.54,15500,15500,18-APR-2022,
OPTSTK,IBULHSGFIN,26-May-2022,195.0,CE,0.0,0.0,0.0,8.9,5.3,0,0.0,0,0,18-APR-2022,
OPTSTK,IBULHSGFIN,26-May-2022,200.0,CE,4.8,5.0,3.55,3.9,3.9,66,417.61,809100,83700,18-APR-2022,
OPTSTK,IBULHSGFIN,26-May-2022,205.0,CE,0.0,0.0,0.0,7.2,3.7,0,0.0,0,0,18-APR-2022,
OPTSTK,IBULHSGFIN,26-May-2022,210.0,CE,3.0,3.0,3.0,3.0,3.05,5,33.01,15500,15500,18-APR-2022,
OPTSTK,IBULHSGFIN,26-May-2022,215.0,CE,0.0,0.0,0.0,5.85,2.55,0,0.0,0,0,18-APR-2022,
OPTSTK,IBULHSGFIN,26-May-2022,220.0,CE,0.0,0.0,0.0,5.25,2.1,0,0.0,0,0,18-APR-2022,
OPTSTK,IBULHSGFIN,26-May-2022,225.0,CE,0.0,0.0,0.0,4.7,1.75,0,0.0,0,0,18-APR-2022,
OPTSTK,IBULHSGFIN,26-May-2022,230.0,CE,0.0,0.0,0.0,4.25,1.45,0,0.0,0,0,18-APR-2022,
OPTSTK,IBULHSGFIN,26-May-2022,235.0,CE,0.0,0.0,0.0,3.8,1.2,0,0.0,0,0,18-APR-2022,
OPTSTK,IBULHSGFIN,26-May-2022,240.0,CE,0.0,0.0,0.0,3.0,0.95,0,0.0,3100,0,18-APR-2022,
OPTSTK,IBULHSGFIN,26-May-2022,245.0,CE,0.0,0.0,0.0,3.1,0.8,0,0.0,0,0,18-APR-2022,
OPTSTK,IBULHSGFIN,26-May-2022,250.0,CE,0.5,0.5,0.5,0.5,0.65,1,7.76,3100,3100,18-APR-2022,
OPTSTK,IBULHSGFIN,26-May-2022,255.0,CE,0.0,0.0,0.0,2.5,0.55,0,0.0,0,0,18-APR-2022,
OPTSTK,IBULHSGFIN,26-May-2022,260.0,CE,0.0,0.0,0.0,2.25,0.45,0,0.0,0,0,18-APR-2022,
OPTSTK,IBULHSGFIN,26-May-2022,80.0,PE,0.0,0.0,0.0,0.75,0.05,0,0.0,0,0,18-APR-2022,
OPTSTK,IBULHSGFIN,26-May-2022,85.0,PE,0.0,0.0,0.0,4.1,0.05,0,0.0,3100,0,18-APR-2022,
OPTSTK,IBULHSGFIN,26-May-2022,90.0,PE,0.0,0.0,0.0,1.65,0.1,0,0.0,0,0,18-APR-2022,
OPTSTK,IBULHSGFIN,26-May-2022,95.0,PE,0.0,0.0,0.0,2.3,0.15,0,0.0,0,0,18-APR-2022,
OPTSTK,IBULHSGFIN,26-May-2022,100.0,PE,0.0,0.0,0.0,3.15,0.25,0,0.0,0,0,18-APR-2022,
OPTSTK,IBULHSGFIN,26-May-2022,105.0,PE,0.0,0.0,0.0,4.1,0.4,0,0.0,0,0,18-APR-2022,
OPTSTK,IBULHSGFIN,26-May-2022,110.0,PE,0.0,0.0,0.0,5.3,0.65,0,0.0,0,0,18-APR-2022,
OPTSTK,IBULHSGFIN,26-May-2022,115.0,PE,0.0,0.0,0.0,6.65,1.05,0,0.0,0,0,18-APR-2022,
OPTSTK,IBULHSGFIN,26-May-2022,120.0,PE,0.0,0.0,0.0,8.25,1.55,0,0.0,0,0,18-APR-2022,
OPTSTK,IBULHSGFIN,26-May-2022,125.0,PE,0.0,0.0,0.0,10.0,2.25,0,0.0,0,0,18-APR-2022,
OPTSTK,IBULHSGFIN,26-May-2022,130.0,PE,0.0,0.0,0.0,12.0,3.15,0,0.0,0,0,18-APR-2022,
OPTSTK,IBULHSGFIN,26-May-2022,135.0,PE,0.0,0.0,0.0,14.15,4.3,0,0.0,0,0,18-APR-2022,
OPTSTK,IBULHSGFIN,26-May-2022,140.0,PE,4.75,4.8,4.5,4.55,5.65,4,17.93,15500,6200,18-APR-2022,
OPTSTK,IBULHSGFIN,26-May-2022,145.0,PE,0.0,0.0,0.0,19.1,7.3,0,0.0,0,0,18-APR-2022,
OPTSTK,IBULHSGFIN,26-May-2022,150.0,PE,7.45,8.1,7.35,7.5,7.5,31,151.52,213900,65100,18-APR-2022,
OPTSTK,IBULHSGFIN,26-May-2022,155.0,PE,0.0,0.0,0.0,9.0,11.4,0,0.0,3100,0,18-APR-2022,
OPTSTK,IBULHSGFIN,26-May-2022,160.0,PE,12.5,12.9,11.75,11.8,11.8,36,192.3,108500,68200,18-APR-2022,
OPTSTK,IBULHSGFIN,26-May-2022,165.0,PE,0.0,0.0,0.0,13.0,16.55,0,0.0,3100,0,18-APR-2022,
OPTSTK,IBULHSGFIN,26-May-2022,170.0,PE,16.8,18.9,16.8,18.9,19.55,9,52.46,55800,21700,18-APR-2022,
OPTSTK,IBULHSGFIN,26-May-2022,175.0,PE,0.0,0.0,0.0,38.0,22.75,0,0.0,0,0,18-APR-2022,
OPTSTK,IBULHSGFIN,26-May-2022,180.0,PE,0.0,0.0,0.0,21.1,26.15,0,0.0,24800,0,18-APR-2022,
OPTSTK,IBULHSGFIN,26-May-2022,185.0,PE,0.0,0.0,0.0,45.45,29.8,0,0.0,0,0,18-APR-2022,
OPTSTK,IBULHSGFIN,26-May-2022,190.0,PE,0.0,0.0,0.0,49.3,33.6,0,0.0,0,0,18-APR-2022,
OPTSTK,IBULHSGFIN,26-May-2022,195.0,PE,0.0,0.0,0.0,53.3,37.6,0,0.0,0,0,18-APR-2022,
OPTSTK,IBULHSGFIN,26-May-2022,200.0,PE,0.0,0.0,0.0,31.05,41.7,0,0.0,9300,0,18-APR-2022,
OPTSTK,IBULHSGFIN,26-May-2022,205.0,PE,0.0,0.0,0.0,61.5,45.95,0,0.0,0,0,18-APR-2022,
OPTSTK,IBULHSGFIN,26-May-2022,210.0,PE,0.0,0.0,0.0,65.75,50.3,0,0.0,0,0,18-APR-2022,
OPTSTK,IBULHSGFIN,26-May-2022,215.0,PE,0.0,0.0,0.0,70.05,54.75,0,0.0,0,0,18-APR-2022,
OPTSTK,IBULHSGFIN,26-May-2022,220.0,PE,59.0,59.0,59.0,59.0,59.0,6,51.89,18600,18600,18-APR-2022,
OPTSTK,IBULHSGFIN,26-May-2022,225.0,PE,0.0,0.0,0.0,78.8,63.9,0,0.0,0,0,18-APR-2022,
OPTSTK,IBULHSGFIN,26-May-2022,230.0,PE,0.0,0.0,0.0,83.3,68.55,0,0.0,0,0,18-APR-2022,
OPTSTK,IBULHSGFIN,26-May-2022,235.0,PE,0.0,0.0,0.0,87.8,73.3,0,0.0,0,0,18-APR-2022,
OPTSTK,IBULHSGFIN,26-May-2022,240.0,PE,0.0,0.0,0.0,67.0,78.05,0,0.0,3100,0,18-APR-2022,
OPTSTK,IBULHSGFIN,26-May-2022,245.0,PE,0.0,0.0,0.0,96.95,82.85,0,0.0,0,0,18-APR-2022,
OPTSTK,IBULHSGFIN,26-May-2022,250.0,PE,0.0,0.0,0.0,101.6,87.7,0,0.0,0,0,18-APR-2022,
OPTSTK,IBULHSGFIN,26-May-2022,255.0,PE,0.0,0.0,0.0,106.25,92.55,0,0.0,0,0,18-APR-2022,
OPTSTK,IBULHSGFIN,26-May-2022,260.0,PE,0.0,0.0,0.0,110.95,97.45,0,0.0,0,0,18-APR-2022,
OPTSTK,IBULHSGFIN,30-Jun-2022,90.0,CE,0.0,0.0,0.0,69.9,73.15,0,0.0,0,0,18-APR-2022,
OPTSTK,IBULHSGFIN,30-Jun-2022,95.0,CE,0.0,0.0,0.0,65.45,68.5,0,0.0,0,0,18-APR-2022,
OPTSTK,IBULHSGFIN,30-Jun-2022,100.0,CE,0.0,0.0,0.0,61.15,63.9,0,0.0,0,0,18-APR-2022,
OPTSTK,IBULHSGFIN,30-Jun-2022,105.0,CE,0.0,0.0,0.0,56.95,59.5,0,0.0,0,0,18-APR-2022,
OPTSTK,IBULHSGFIN,30-Jun-2022,110.0,CE,0.0,0.0,0.0,52.95,55.2,0,0.0,0,0,18-APR-2022,
OPTSTK,IBULHSGFIN,30-Jun-2022,115.0,CE,0.0,0.0,0.0,49.1,51.05,0,0.0,0,0,18-APR-2022,
OPTSTK,IBULHSGFIN,30-Jun-2022,120.0,CE,0.0,0.0,0.0,45.45,47.05,0,0.0,0,0,18-APR-2022,
OPTSTK,IBULHSGFIN,30-Jun-2022,125.0,CE,0.0,0.0,0.0,42.0,43.3,0,0.0,0,0,18-APR-2022,
OPTSTK,IBULHSGFIN,30-Jun-2022,130.0,CE,0.0,0.0,0.0,38.7,39.7,0,0.0,0,0,18-APR-2022,
OPTSTK,IBULHSGFIN,30-Jun-2022,135.0,CE,0.0,0.0,0.0,35.6,36.3,0,0.0,0,0,18-APR-2022,
OPTSTK,IBULHSGFIN,30-Jun-2022,140.0,CE,0.0,0.0,0.0,32.7,33.15,0,0.0,0,0,18-APR-2022,
OPTSTK,IBULHSGFIN,30-Jun-2022,145.0,CE,0.0,0.0,0.0,30.0,30.15,0,0.0,0,0,18-APR-2022,
OPTSTK,IBULHSGFIN,30-Jun-2022,150.0,CE,0.0,0.0,0.0,27.45,27.4,0,0.0,0,0,18-APR-2022,
OPTSTK,IBULHSGFIN,30-Jun-2022,155.0,CE,0.0,0.0,0.0,25.1,24.85,0,0.0,0,0,18-APR-2022,
OPTSTK,IBULHSGFIN,30-Jun-2022,160.0,CE,0.0,0.0,0.0,22.95,22.45,0,0.0,0,0,18-APR-2022,
OPTSTK,IBULHSGFIN,30-Jun-2022,165.0,CE,0.0,0.0,0.0,20.95,20.25,0,0.0,0,0,18-APR-2022,
OPTSTK,IBULHSGFIN,30-Jun-2022,170.0,CE,0.0,0.0,0.0,19.05,18.25,0,0.0,0,0,18-APR-2022,
OPTSTK,IBULHSGFIN,30-Jun-2022,175.0,CE,0.0,0.0,0.0,17.35,16.45,0,0.0,0,0,18-APR-2022,
OPTSTK,IBULHSGFIN,30-Jun-2022,180.0,CE,0.0,0.0,0.0,15.8,14.75,0,0.0,0,0,18-APR-2022,
OPTSTK,IBULHSGFIN,30-Jun-2022,185.0,CE,0.0,0.0,0.0,14.35,13.25,0,0.0,0,0,18-APR-2022,
OPTSTK,IBULHSGFIN,30-Jun-2022,190.0,CE,0.0,0.0,0.0,13.05,11.85,0,0.0,0,0,18-APR-2022,
OPTSTK,IBULHSGFIN,30-Jun-2022,195.0,CE,0.0,0.0,0.0,11.85,10.6,0,0.0,0,0,18-APR-2022,
OPTSTK,IBULHSGFIN,30-Jun-2022,200.0,CE,0.0,0.0,0.0,10.75,9.5,0,0.0,0,0,18-APR-2022,
OPTSTK,IBULHSGFIN,30-Jun-2022,205.0,CE,0.0,0.0,0.0,9.75,8.45,0,0.0,0,0,18-APR-2022,
OPTSTK,IBULHSGFIN,30-Jun-2022,210.0,CE,0.0,0.0,0.0,8.8,7.55,0,0.0,0,0,18-APR-2022,
OPTSTK,IBULHSGFIN,30-Jun-2022,215.0,CE,0.0,0.0,0.0,8.0,6.75,0,0.0,0,0,18-APR-2022,
OPTSTK,IBULHSGFIN,30-Jun-2022,220.0,CE,0.0,0.0,0.0,7.25,6.0,0,0.0,0,0,18-APR-2022,
OPTSTK,IBULHSGFIN,30-Jun-2022,225.0,CE,0.0,0.0,0.0,6.55,5.35,0,0.0,0,0,18-APR-2022,
OPTSTK,IBULHSGFIN,30-Jun-2022,230.0,CE,0.0,0.0,0.0,5.9,4.75,0,0.0,0,0,18-APR-2022,
OPTSTK,IBULHSGFIN,30-Jun-2022,90.0,PE,0.0,0.0,0.0,1.15,0.55,0,0.0,0,0,18-APR-2022,
OPTSTK,IBULHSGFIN,30-Jun-2022,95.0,PE,0.0,0.0,0.0,1.65,0.85,0,0.0,0,0,18-APR-2022,
OPTSTK,IBULHSGFIN,30-Jun-2022,100.0,PE,0.0,0.0,0.0,2.3,1.25,0,0.0,0,0,18-APR-2022,
OPTSTK,IBULHSGFIN,30-Jun-2022,105.0,PE,0.0,0.0,0.0,3.05,1.75,0,0.0,0,0,18-APR-2022,
OPTSTK,IBULHSGFIN,30-Jun-2022,110.0,PE,0.0,0.0,0.0,4.0,2.4,0,0.0,0,0,18-APR-2022,
OPTSTK,IBULHSGFIN,30-Jun-2022,115.0,PE,0.0,0.0,0.0,5.1,3.2,0,0.0,0,0,18-APR-2022,
OPTSTK,IBULHSGFIN,30-Jun-2022,120.0,PE,0.0,0.0,0.0,6.4,4.2,0,0.0,0,0,18-APR-2022,
OPTSTK,IBULHSGFIN,30-Jun-2022,125.0,PE,0.0,0.0,0.0,7.85,5.4,0,0.0,0,0,18-APR-2022,
OPTSTK,IBULHSGFIN,30-Jun-2022,130.0,PE,0.0,0.0,0.0,9.55,6.75,0,0.0,0,0,18-APR-2022,
OPTSTK,IBULHSGFIN,30-Jun-2022,135.0,PE,0.0,0.0,0.0,11.4,8.35,0,0.0,0,0,18-APR-2022,
OPTSTK,IBULHSGFIN,30-Jun-2022,140.0,PE,0.0,0.0,0.0,9.0,10.1,0,0.0,3100,0,18-APR-2022,
OPTSTK,IBULHSGFIN,30-Jun-2022,145.0,PE,0.0,0.0,0.0,15.65,12.1,0,0.0,0,0,18-APR-2022,
OPTSTK,IBULHSGFIN,30-Jun-2022,150.0,PE,0.0,0.0,0.0,18.1,14.25,0,0.0,0,0,18-APR-2022,
OPTSTK,IBULHSGFIN,30-Jun-2022,155.0,PE,0.0,0.0,0.0,20.7,16.65,0,0.0,0,0,18-APR-2022,
OPTSTK,IBULHSGFIN,30-Jun-2022,160.0,PE,0.0,0.0,0.0,23.45,19.25,0,0.0,0,0,18-APR-2022,
OPTSTK,IBULHSGFIN,30-Jun-2022,165.0,PE,0.0,0.0,0.0,26.4,22.0,0,0.0,0,0,18-APR-2022,
OPTSTK,IBULHSGFIN,30-Jun-2022,170.0,PE,0.0,0.0,0.0,15.0,24.95,0,0.0,6200,0,18-APR-2022,
OPTSTK,IBULHSGFIN,30-Jun-2022,175.0,PE,0.0,0.0,0.0,32.7,28.1,0,0.0,0,0,18-APR-2022,
OPTSTK,IBULHSGFIN,30-Jun-2022,180.0,PE,0.0,0.0,0.0,19.0,31.4,0,0.0,3100,0,18-APR-2022,
OPTSTK,IBULHSGFIN,30-Jun-2022,185.0,PE,0.0,0.0,0.0,39.6,34.8,0,0.0,0,0,18-APR-2022,
OPTSTK,IBULHSGFIN,30-Jun-2022,190.0,PE,0.0,0.0,0.0,43.25,38.4,0,0.0,0,0,18-APR-2022,
OPTSTK,IBULHSGFIN,30-Jun-2022,195.0,PE,0.0,0.0,0.0,47.0,42.1,0,0.0,0,0,18-APR-2022,
OPTSTK,IBULHSGFIN,30-Jun-2022,200.0,PE,0.0,0.0,0.0,50.85,45.95,0,0.0,0,0,18-APR-2022,
OPTSTK,IBULHSGFIN,30-Jun-2022,205.0,PE,0.0,0.0,0.0,54.8,49.9,0,0.0,0,0,18-APR-2022,
OPTSTK,IBULHSGFIN,30-Jun-2022,210.0,PE,0.0,0.0,0.0,58.8,53.95,0,0.0,0,0,18-APR-2022,
OPTSTK,IBULHSGFIN,30-Jun-2022,215.0,PE,0.0,0.0,0.0,62.95,58.05,0,0.0,0,0,18-APR-2022,
OPTSTK,IBULHSGFIN,30-Jun-2022,220.0,PE,0.0,0.0,0.0,67.1,62.3,0,0.0,0,0,18-APR-2022,
OPTSTK,IBULHSGFIN,30-Jun-2022,225.0,PE,0.0,0.0,0.0,71.35,66.6,0,0.0,0,0,18-APR-2022,
OPTSTK,IBULHSGFIN,30-Jun-2022,230.0,PE,0.0,0.0,0.0,75.7,70.95,0,0.0,0,0,18-APR-2022,
OPTSTK,ICICIBANK,28-Apr-2022,500.0,CE,0.0,0.0,0.0,270.0,258.4,0,0.0,1375,0,18-APR-2022,
OPTSTK,ICICIBANK,28-Apr-2022,510.0,CE,0.0,0.0,0.0,290.6,248.4,0,0.0,0,0,18-APR-2022,
OPTSTK,ICICIBANK,28-Apr-2022,520.0,CE,0.0,0.0,0.0,209.05,238.4,0,0.0,8250,0,18-APR-2022,
OPTSTK,ICICIBANK,28-Apr-2022,530.0,CE,0.0,0.0,0.0,271.2,228.4,0,0.0,0,0,18-APR-2022,
OPTSTK,ICICIBANK,28-Apr-2022,540.0,CE,0.0,0.0,0.0,261.6,218.45,0,0.0,0,0,18-APR-2022,
OPTSTK,ICICIBANK,28-Apr-2022,550.0,CE,0.0,0.0,0.0,252.1,208.45,0,0.0,0,0,18-APR-2022,
OPTSTK,ICICIBANK,28-Apr-2022,560.0,CE,0.0,0.0,0.0,242.65,198.45,0,0.0,0,0,18-APR-2022,
OPTSTK,ICICIBANK,28-Apr-2022,570.0,CE,0.0,0.0,0.0,233.25,188.45,0,0.0,0,0,18-APR-2022,
OPTSTK,ICICIBANK,28-Apr-2022,580.0,CE,0.0,0.0,0.0,224.0,178.45,0,0.0,0,0,18-APR-2022,
OPTSTK,ICICIBANK,28-Apr-2022,590.0,CE,0.0,0.0,0.0,214.85,168.5,0,0.0,0,0,18-APR-2022,
OPTSTK,ICICIBANK,28-Apr-2022,600.0,CE,160.0,160.0,155.3,155.3,158.5,2,20.83,30250,-1375,18-APR-2022,
OPTSTK,ICICIBANK,28-Apr-2022,610.0,CE,0.0,0.0,0.0,196.9,148.5,0,0.0,0,0,18-APR-2022,
OPTSTK,ICICIBANK,28-Apr-2022,620.0,CE,0.0,0.0,0.0,145.35,138.55,0,0.0,1375,0,18-APR-2022,
OPTSTK,ICICIBANK,28-Apr-2022,630.0,CE,0.0,0.0,0.0,179.55,128.55,0,0.0,0,0,18-APR-2022,
OPTSTK,ICICIBANK,28-Apr-2022,640.0,CE,0.0,0.0,0.0,171.1,118.6,0,0.0,0,0,18-APR-2022,
OPTSTK,ICICIBANK,28-Apr-2022,650.0,CE,109.8,112.85,108.0,112.85,112.85,3,31.35,60500,1375,18-APR-2022,
OPTSTK,ICICIBANK,28-Apr-2022,660.0,CE,97.75,103.55,97.75,103.4,98.85,3,31.41,9625,-4125,18-APR-2022,
OPTSTK,ICICIBANK,28-Apr-2022,670.0,CE,87.25,87.25,87.25,87.25,87.25,1,10.41,4125,0,18-APR-2022,
OPTSTK,ICICIBANK,28-Apr-2022,680.0,CE,74.3,77.85,73.6,77.85,79.55,3,31.15,59125,0,18-APR-2022,
OPTSTK,ICICIBANK,28-Apr-2022,690.0,CE,64.15,67.0,64.15,67.0,70.2,2,20.77,52250,-1375,18-APR-2022,
OPTSTK,ICICIBANK,28-Apr-2022,700.0,CE,54.95,65.0,54.95,62.7,62.7,89,931.52,354750,-6875,18-APR-2022,
OPTSTK,ICICIBANK,28-Apr-2022,710.0,CE,52.7,55.1,48.3,50.95,50.95,188,1968.43,365750,-143000,18-APR-2022,
OPTSTK,ICICIBANK,28-Apr-2022,720.0,CE,39.0,46.0,39.0,44.7,44.7,174,1825.53,320375,-46750,18-APR-2022,
OPTSTK,ICICIBANK,28-Apr-2022,730.0,CE,28.0,39.0,28.0,34.5,34.5,548,5753.36,664125,-182875,18-APR-2022,
OPTSTK,ICICIBANK,28-Apr-2022,740.0,CE,21.75,31.2,20.85,28.0,28.0,905,9534.78,738375,-86625,18-APR-2022,
OPTSTK,ICICIBANK,28-Apr-2022,750.0,CE,18.6,24.0,15.35,21.4,21.4,4332,45873.88,3015375,-479875,18-APR-2022,
OPTSTK,ICICIBANK,28-Apr-2022,760.0,CE,14.1,18.1,11.0,16.05,16.05,6714,71535.89,2635875,492250,18-APR-2022,
OPTSTK,ICICIBANK,28-Apr-2022,770.0,CE,5.55,13.05,5.55,11.7,11.7,4565,48989.31,3971000,-155375,18-APR-2022,
OPTSTK,ICICIBANK,28-Apr-2022,780.0,CE,6.35,9.2,5.25,8.1,8.1,3758,40680.64,3038750,15125,18-APR-2022,
OPTSTK,ICICIBANK,28-Apr-2022,790.0,CE,5.7,6.7,3.3,5.95,5.95,2596,28384.89,1337875,196625,18-APR-2022,
OPTSTK,ICICIBANK,28-Apr-2022,800.0,CE,4.2,4.8,2.75,4.4,4.4,4714,52097.78,5318500,-259875,18-APR-2022,
OPTSTK,ICICIBANK,28-Apr-2022,810.0,CE,2.0,3.2,1.75,2.95,2.95,1701,19003.07,1061500,-68750,18-APR-2022,
OPTSTK,ICICIBANK,28-Apr-2022,820.0,CE,1.7,2.2,1.2,1.9,1.9,1254,14167.13,1837000,-152625,18-APR-2022,
OPTSTK,ICICIBANK,28-Apr-2022,830.0,CE,0.95,1.45,0.8,1.35,1.35,610,6970.85,1029875,71500,18-APR-2022,
OPTSTK,ICICIBANK,28-Apr-2022,840.0,CE,0.8,1.05,0.65,0.95,0.95,587,6786.72,475750,214500,18-APR-2022,
OPTSTK,ICICIBANK,28-Apr-2022,850.0,CE,0.6,0.9,0.55,0.8,0.8,446,5216.91,798875,-16500,18-APR-2022,
OPTSTK,ICICIBANK,28-Apr-2022,860.0,CE,0.6,0.7,0.5,0.6,0.6,74,875.62,255750,9625,18-APR-2022,
OPTSTK,ICICIBANK,28-Apr-2022,870.0,CE,0.45,0.75,0.45,0.65,0.65,37,442.89,119625,16500,18-APR-2022,
OPTSTK,ICICIBANK,28-Apr-2022,880.0,CE,0.5,0.6,0.4,0.5,0.5,39,472.17,82500,-1375,18-APR-2022,
OPTSTK,ICICIBANK,28-Apr-2022,890.0,CE,0.45,0.55,0.4,0.5,0.5,33,404.06,37125,-8250,18-APR-2022,
OPTSTK,ICICIBANK,28-Apr-2022,900.0,CE,0.35,0.5,0.3,0.4,0.4,246,3045.61,665500,50875,18-APR-2022,
OPTSTK,ICICIBANK,28-Apr-2022,910.0,CE,0.5,0.5,0.05,0.4,0.4,31,388.08,42625,20625,18-APR-2022,
OPTSTK,ICICIBANK,28-Apr-2022,920.0,CE,0.0,0.0,0.0,0.55,0.05,0,0.0,28875,0,18-APR-2022,
OPTSTK,ICICIBANK,28-Apr-2022,930.0,CE,0.0,0.0,0.0,0.35,0.05,0,0.0,35750,0,18-APR-2022,
OPTSTK,ICICIBANK,28-Apr-2022,940.0,CE,0.0,0.0,0.0,22.25,0.05,0,0.0,0,0,18-APR-2022,
OPTSTK,ICICIBANK,28-Apr-2022,950.0,CE,0.3,0.4,0.2,0.4,0.4,14,182.93,75625,0,18-APR-2022,
OPTSTK,ICICIBANK,28-Apr-2022,960.0,CE,0.55,0.55,0.15,0.15,0.0,4,52.81,0,0,18-APR-2022,
OPTSTK,ICICIBANK,28-Apr-2022,970.0,CE,0.0,0.0,0.0,17.15,0.0,0,0.0,0,0,18-APR-2022,
OPTSTK,ICICIBANK,28-Apr-2022,980.0,CE,0.0,0.0,0.0,15.7,0.0,0,0.0,0,0,18-APR-2022,
OPTSTK,ICICIBANK,28-Apr-2022,990.0,CE,0.0,0.0,0.0,14.35,0.0,0,0.0,0,0,18-APR-2022,
OPTSTK,ICICIBANK,28-Apr-2022,500.0,PE,0.1,0.1,0.1,0.1,0.0,1,6.87,35750,0,18-APR-2022,
OPTSTK,ICICIBANK,28-Apr-2022,510.0,PE,0.0,0.0,0.0,0.6,0.0,0,0.0,0,0,18-APR-2022,
OPTSTK,ICICIBANK,28-Apr-2022,520.0,PE,0.0,0.0,0.0,0.3,0.0,0,0.0,5500,0,18-APR-2022,
OPTSTK,ICICIBANK,28-Apr-2022,530.0,PE,0.0,0.0,0.0,1.05,0.0,0,0.0,0,0,18-APR-2022,
OPTSTK,ICICIBANK,28-Apr-2022,540.0,PE,0.0,0.0,0.0,1.35,0.0,0,0.0,0,0,18-APR-2022,
OPTSTK,ICICIBANK,28-Apr-2022,550.0,PE,0.2,0.2,0.2,0.2,0.0,4,30.26,34375,0,18-APR-2022,
OPTSTK,ICICIBANK,28-Apr-2022,560.0,PE,0.0,0.0,0.0,2.15,0.0,0,0.0,0,0,18-APR-2022,
OPTSTK,ICICIBANK,28-Apr-2022,570.0,PE,0.2,0.2,0.2,0.2,0.0,2,15.68,11000,0,18-APR-2022,
OPTSTK,ICICIBANK,28-Apr-2022,580.0,PE,0.05,0.1,0.05,0.1,0.0,2,15.95,5500,-1375,18-APR-2022,
OPTSTK,ICICIBANK,28-Apr-2022,590.0,PE,0.0,0.0,0.0,0.3,0.0,0,0.0,33000,0,18-APR-2022,
OPTSTK,ICICIBANK,28-Apr-2022,600.0,PE,0.25,0.3,0.2,0.25,0.25,55,453.91,477125,-50875,18-APR-2022,
OPTSTK,ICICIBANK,28-Apr-2022,610.0,PE,0.15,0.25,0.15,0.25,0.25,6,50.33,31625,-4125,18-APR-2022,
OPTSTK,ICICIBANK,28-Apr-2022,620.0,PE,0.1,0.3,0.1,0.3,0.3,9,76.74,72875,-1375,18-APR-2022,
OPTSTK,ICICIBANK,28-Apr-2022,630.0,PE,0.2,0.35,0.2,0.35,0.35,15,129.98,97625,-11000,18-APR-2022,
OPTSTK,ICICIBANK,28-Apr-2022,640.0,PE,0.25,0.55,0.15,0.5,0.5,216,1902.02,342375,-104500,18-APR-2022,
OPTSTK,ICICIBANK,28-Apr-2022,650.0,PE,0.3,0.5,0.25,0.45,0.45,415,3711.19,745250,-96250,18-APR-2022,
OPTSTK,ICICIBANK,28-Apr-2022,660.0,PE,0.4,0.6,0.3,0.55,0.55,320,2905.85,914375,-27500,18-APR-2022,
OPTSTK,ICICIBANK,28-Apr-2022,670.0,PE,0.45,0.9,0.4,0.8,0.8,863,7957.36,855250,-598125,18-APR-2022,
OPTSTK,ICICIBANK,28-Apr-2022,680.0,PE,0.65,1.55,0.6,1.05,1.05,765,7161.27,936375,-8250,18-APR-2022,
OPTSTK,ICICIBANK,28-Apr-2022,690.0,PE,1.25,1.6,0.95,1.4,1.4,677,6434.53,466125,-144375,18-APR-2022,
OPTSTK,ICICIBANK,28-Apr-2022,700.0,PE,2.0,2.25,1.25,1.9,1.9,1907,18401.27,2437875,-320375,18-APR-2022,
OPTSTK,ICICIBANK,28-Apr-2022,710.0,PE,2.0,3.0,1.55,2.7,2.7,1213,11882.21,1108250,-244750,18-APR-2022,
OPTSTK,ICICIBANK,28-Apr-2022,720.0,PE,2.95,4.5,2.45,3.65,3.65,1258,12513.21,994125,35750,18-APR-2022,
OPTSTK,ICICIBANK,28-Apr-2022,730.0,PE,6.0,7.05,3.8,5.1,5.1,1861,18809.81,1358500,-12375,18-APR-2022,
OPTSTK,ICICIBANK,28-Apr-2022,740.0,PE,8.45,10.2,5.9,7.05,7.05,2421,24884.02,1208625,-134750,18-APR-2022,
OPTSTK,ICICIBANK,28-Apr-2022,750.0,PE,13.75,14.9,8.65,10.55,10.55,3971,41563.69,1768250,166375,18-APR-2022,
OPTSTK,ICICIBANK,28-Apr-2022,760.0,PE,17.5,20.55,12.5,14.65,14.65,2832,30208.1,950125,119625,18-APR-2022,
OPTSTK,ICICIBANK,28-Apr-2022,770.0,PE,24.8,27.15,17.45,20.85,20.85,574,6248.5,662750,-49500,18-APR-2022,
OPTSTK,ICICIBANK,28-Apr-2022,780.0,PE,31.9,34.05,24.65,27.5,27.5,163,1811.39,378125,-19250,18-APR-2022,
OPTSTK,ICICIBANK,28-Apr-2022,790.0,PE,40.75,40.75,33.55,37.2,37.2,34,386.8,46750,-11000,18-APR-2022,
OPTSTK,ICICIBANK,28-Apr-2022,800.0,PE,49.0,49.0,40.55,42.15,42.15,156,1811.27,530750,0,18-APR-2022,
OPTSTK,ICICIBANK,28-Apr-2022,810.0,PE,53.5,54.5,53.5,54.5,55.65,2,23.76,20625,0,18-APR-2022,
OPTSTK,ICICIBANK,28-Apr-2022,820.0,PE,61.65,63.0,61.35,61.85,64.3,5,60.63,66000,1375,18-APR-2022,
OPTSTK,ICICIBANK,28-Apr-2022,830.0,PE,0.0,0.0,0.0,60.2,73.35,0,0.0,12375,0,18-APR-2022,
OPTSTK,ICICIBANK,28-Apr-2022,840.0,PE,0.0,0.0,0.0,108.5,82.65,0,0.0,4125,0,18-APR-2022,
OPTSTK,ICICIBANK,28-Apr-2022,850.0,PE,87.0,87.05,87.0,87.05,92.15,2,25.76,38500,0,18-APR-2022,
OPTSTK,ICICIBANK,28-Apr-2022,860.0,PE,0.0,0.0,0.0,123.5,101.85,0,0.0,1375,0,18-APR-2022,
OPTSTK,ICICIBANK,28-Apr-2022,870.0,PE,0.0,0.0,0.0,105.65,111.6,0,0.0,0,0,18-APR-2022,
OPTSTK,ICICIBANK,28-Apr-2022,880.0,PE,0.0,0.0,0.0,112.6,121.45,0,0.0,0,0,18-APR-2022,
OPTSTK,ICICIBANK,28-Apr-2022,890.0,PE,0.0,0.0,0.0,119.7,131.35,0,0.0,0,0,18-APR-2022,
OPTSTK,ICICIBANK,28-Apr-2022,900.0,PE,140.0,140.0,140.0,140.0,141.3,1,14.3,290125,1375,18-APR-2022,
OPTSTK,ICICIBANK,28-Apr-2022,910.0,PE,0.0,0.0,0.0,134.5,151.25,0,0.0,0,0,18-APR-2022,
OPTSTK,ICICIBANK,28-Apr-2022,920.0,PE,0.0,0.0,0.0,142.1,161.2,0,0.0,0,0,18-APR-2022,
OPTSTK,ICICIBANK,28-Apr-2022,930.0,PE,0.0,0.0,0.0,149.9,171.2,0,0.0,0,0,18-APR-2022,
OPTSTK,ICICIBANK,28-Apr-2022,940.0,PE,0.0,0.0,0.0,157.8,181.15,0,0.0,0,0,18-APR-2022,
OPTSTK,ICICIBANK,28-Apr-2022,950.0,PE,0.0,0.0,0.0,226.25,191.15,0,0.0,11000,0,18-APR-2022,
OPTSTK,ICICIBANK,28-Apr-2022,960.0,PE,0.0,0.0,0.0,174.1,201.15,0,0.0,0,0,18-APR-2022,
OPTSTK,ICICIBANK,28-Apr-2022,970.0,PE,0.0,0.0,0.0,182.4,211.15,0,0.0,0,0,18-APR-2022,
OPTSTK,ICICIBANK,28-Apr-2022,980.0,PE,0.0,0.0,0.0,190.85,221.1,0,0.0,0,0,18-APR-2022,
OPTSTK,ICICIBANK,28-Apr-2022,990.0,PE,0.0,0.0,0.0,199.4,231.1,0,0.0,0,0,18-APR-2022,
OPTSTK,ICICIBANK,26-May-2022,500.0,CE,0.0,0.0,0.0,214.5,260.05,0,0.0,0,0,18-APR-2022,
OPTSTK,ICICIBANK,26-May-2022,510.0,CE,0.0,0.0,0.0,205.1,250.1,0,0.0,0,0,18-APR-2022,
OPTSTK,ICICIBANK,26-May-2022,520.0,CE,0.0,0.0,0.0,195.85,240.15,0,0.0,0,0,18-APR-2022,
OPTSTK,ICICIBANK,26-May-2022,530.0,CE,0.0,0.0,0.0,186.7,230.2,0,0.0,0,0,18-APR-2022,
OPTSTK,ICICIBANK,26-May-2022,540.0,CE,0.0,0.0,0.0,177.7,220.3,0,0.0,0,0,18-APR-2022,
OPTSTK,ICICIBANK,26-May-2022,550.0,CE,0.0,0.0,0.0,168.9,210.4,0,0.0,0,0,18-APR-2022,
OPTSTK,ICICIBANK,26-May-2022,560.0,CE,0.0,0.0,0.0,160.2,200.5,0,0.0,0,0,18-APR-2022,
OPTSTK,ICICIBANK,26-May-2022,570.0,CE,0.0,0.0,0.0,151.75,190.7,0,0.0,0,0,18-APR-2022,
OPTSTK,ICICIBANK,26-May-2022,580.0,CE,0.0,0.0,0.0,143.45,180.9,0,0.0,0,0,18-APR-2022,
OPTSTK,ICICIBANK,26-May-2022,590.0,CE,0.0,0.0,0.0,135.4,171.2,0,0.0,0,0,18-APR-2022,
OPTSTK,ICICIBANK,26-May-2022,600.0,CE,0.0,0.0,0.0,127.6,161.55,0,0.0,0,0,18-APR-2022,
OPTSTK,ICICIBANK,26-May-2022,610.0,CE,0.0,0.0,0.0,120.0,152.0,0,0.0,0,0,18-APR-2022,
OPTSTK,ICICIBANK,26-May-2022,620.0,CE,0.0,0.0,0.0,112.7,142.6,0,0.0,0,0,18-APR-2022,
OPTSTK,ICICIBANK,26-May-2022,630.0,CE,0.0,0.0,0.0,105.65,133.35,0,0.0,0,0,18-APR-2022,
OPTSTK,ICICIBANK,26-May-2022,640.0,CE,0.0,0.0,0.0,98.8,124.3,0,0.0,0,0,18-APR-2022,
OPTSTK,ICICIBANK,26-May-2022,650.0,CE,0.0,0.0,0.0,98.0,115.4,0,0.0,0,0,18-APR-2022,
OPTSTK,ICICIBANK,26-May-2022,660.0,CE,0.0,0.0,0.0,86.05,106.8,0,0.0,0,0,18-APR-2022,
OPTSTK,ICICIBANK,26-May-2022,670.0,CE,0.0,0.0,0.0,80.1,98.45,0,0.0,0,0,18-APR-2022,
OPTSTK,ICICIBANK,26-May-2022,680.0,CE,0.0,0.0,0.0,74.4,90.4,0,0.0,0,0,18-APR-2022,
OPTSTK,ICICIBANK,26-May-2022,690.0,CE,0.0,0.0,0.0,69.05,82.65,0,0.0,0,0,18-APR-2022,
OPTSTK,ICICIBANK,26-May-2022,700.0,CE,69.8,69.8,66.6,67.8,67.8,10,105.72,31625,9625,18-APR-2022,
OPTSTK,ICICIBANK,26-May-2022,710.0,CE,61.0,61.0,61.0,61.0,68.3,1,10.6,1375,1375,18-APR-2022,
OPTSTK,ICICIBANK,26-May-2022,720.0,CE,52.5,52.5,52.5,52.5,61.65,1,10.62,1375,1375,18-APR-2022,
OPTSTK,ICICIBANK,26-May-2022,730.0,CE,45.95,46.45,45.85,46.45,55.45,7,74.69,8250,-1375,18-APR-2022,
OPTSTK,ICICIBANK,26-May-2022,740.0,CE,39.35,41.0,39.35,41.0,49.65,10,107.36,71500,9625,18-APR-2022,
OPTSTK,ICICIBANK,26-May-2022,750.0,CE,30.0,39.0,29.0,37.45,37.45,85,917.99,169125,23375,18-APR-2022,
OPTSTK,ICICIBANK,26-May-2022,760.0,CE,26.0,33.9,25.9,32.0,32.0,69,750.01,143000,15125,18-APR-2022,
OPTSTK,ICICIBANK,26-May-2022,770.0,CE,22.9,28.25,21.85,27.25,27.25,35,382.6,72875,8250,18-APR-2022,
OPTSTK,ICICIBANK,26-May-2022,780.0,CE,21.65,23.85,20.4,22.55,22.55,38,418.87,107250,8250,18-APR-2022,
OPTSTK,ICICIBANK,26-May-2022,790.0,CE,0.0,0.0,0.0,21.35,26.75,0,0.0,6875,0,18-APR-2022,
OPTSTK,ICICIBANK,26-May-2022,800.0,CE,14.25,17.0,12.55,16.15,16.15,377,4225.09,484000,89375,18-APR-2022,
OPTSTK,ICICIBANK,26-May-2022,810.0,CE,12.65,13.0,11.05,11.95,11.95,26,293.84,37125,23375,18-APR-2022,
OPTSTK,ICICIBANK,26-May-2022,820.0,CE,10.9,11.0,9.15,10.4,10.4,19,216.93,28875,23375,18-APR-2022,
OPTSTK,ICICIBANK,26-May-2022,830.0,CE,8.0,8.0,8.0,8.0,15.15,2,23.04,2750,2750,18-APR-2022,
OPTSTK,ICICIBANK,26-May-2022,840.0,CE,0.0,0.0,0.0,18.6,12.95,0,0.0,0,0,18-APR-2022,
OPTSTK,ICICIBANK,26-May-2022,850.0,CE,5.5,6.15,5.0,5.85,5.85,55,647.07,121000,34375,18-APR-2022,
OPTSTK,ICICIBANK,26-May-2022,860.0,CE,4.25,4.25,4.25,4.25,9.45,1,11.88,5500,1375,18-APR-2022,
OPTSTK,ICICIBANK,26-May-2022,870.0,CE,3.5,3.95,3.4,3.7,3.7,3,36.03,4125,4125,18-APR-2022,
OPTSTK,ICICIBANK,26-May-2022,880.0,CE,3.1,3.1,2.6,2.85,2.85,2,24.27,2750,2750,18-APR-2022,
OPTSTK,ICICIBANK,26-May-2022,890.0,CE,0.0,0.0,0.0,3.6,5.7,0,0.0,1375,0,18-APR-2022,
OPTSTK,ICICIBANK,26-May-2022,900.0,CE,2.55,2.6,2.25,2.3,2.3,14,173.72,169125,6875,18-APR-2022,
OPTSTK,ICICIBANK,26-May-2022,910.0,CE,0.0,0.0,0.0,2.5,4.0,0,0.0,1375,0,18-APR-2022,
OPTSTK,ICICIBANK,26-May-2022,920.0,CE,0.0,0.0,0.0,2.25,3.3,0,0.0,1375,0,18-APR-2022,
OPTSTK,ICICIBANK,26-May-2022,930.0,CE,0.0,0.0,0.0,7.35,2.75,0,0.0,0,0,18-APR-2022,
OPTSTK,ICICIBANK,26-May-2022,940.0,CE,0.0,0.0,0.0,6.6,2.25,0,0.0,0,0,18-APR-2022,
OPTSTK,ICICIBANK,26-May-2022,950.0,CE,1.0,1.0,1.0,1.0,1.85,3,39.22,5500,4125,18-APR-2022,
OPTSTK,ICICIBANK,26-May-2022,960.0,CE,0.0,0.0,0.0,2.0,1.55,0,0.0,1375,0,18-APR-2022,
OPTSTK,ICICIBANK,26-May-2022,970.0,CE,0.0,0.0,0.0,4.75,1.25,0,0.0,0,0,18-APR-2022,
OPTSTK,ICICIBANK,26-May-2022,980.0,CE,0.0,0.0,0.0,4.25,1.05,0,0.0,0,0,18-APR-2022,
OPTSTK,ICICIBANK,26-May-2022,990.0,CE,0.0,0.0,0.0,3.8,0.85,0,0.0,0,0,18-APR-2022,
OPTSTK,ICICIBANK,26-May-2022,500.0,PE,0.0,0.0,0.0,1.85,0.05,0,0.0,0,0,18-APR-2022,
OPTSTK,ICICIBANK,26-May-2022,510.0,PE,0.0,0.0,0.0,2.35,0.05,0,0.0,0,0,18-APR-2022,
OPTSTK,ICICIBANK,26-May-2022,520.0,PE,0.0,0.0,0.0,3.0,0.05,0,0.0,0,0,18-APR-2022,
OPTSTK,ICICIBANK,26-May-2022,530.0,PE,0.0,0.0,0.0,3.75,0.1,0,0.0,0,0,18-APR-2022,
OPTSTK,ICICIBANK,26-May-2022,540.0,PE,0.0,0.0,0.0,4.65,0.1,0,0.0,0,0,18-APR-2022,
OPTSTK,ICICIBANK,26-May-2022,550.0,PE,0.0,0.0,0.0,5.7,0.15,0,0.0,0,0,18-APR-2022,
OPTSTK,ICICIBANK,26-May-2022,560.0,PE,0.0,0.0,0.0,6.95,0.25,0,0.0,0,0,18-APR-2022,
OPTSTK,ICICIBANK,26-May-2022,570.0,PE,0.0,0.0,0.0,8.4,0.35,0,0.0,0,0,18-APR-2022,
OPTSTK,ICICIBANK,26-May-2022,580.0,PE,0.0,0.0,0.0,10.0,0.55,0,0.0,0,0,18-APR-2022,
OPTSTK,ICICIBANK,26-May-2022,590.0,PE,0.0,0.0,0.0,11.85,0.75,0,0.0,0,0,18-APR-2022,
OPTSTK,ICICIBANK,26-May-2022,600.0,PE,1.6,1.6,1.6,1.6,1.1,1,8.27,38500,0,18-APR-2022,
OPTSTK,ICICIBANK,26-May-2022,610.0,PE,0.0,0.0,0.0,2.2,1.5,0,0.0,1375,0,18-APR-2022,
OPTSTK,ICICIBANK,26-May-2022,620.0,PE,0.0,0.0,0.0,18.8,2.05,0,0.0,0,0,18-APR-2022,
OPTSTK,ICICIBANK,26-May-2022,630.0,PE,0.0,0.0,0.0,21.65,2.75,0,0.0,0,0,18-APR-2022,
OPTSTK,ICICIBANK,26-May-2022,640.0,PE,0.0,0.0,0.0,24.7,3.65,0,0.0,0,0,18-APR-2022,
OPTSTK,ICICIBANK,26-May-2022,650.0,PE,3.5,4.0,3.0,3.8,4.75,31,278.64,110000,12375,18-APR-2022,
OPTSTK,ICICIBANK,26-May-2022,660.0,PE,0.0,0.0,0.0,31.75,6.1,0,0.0,0,0,18-APR-2022,
OPTSTK,ICICIBANK,26-May-2022,670.0,PE,4.5,4.5,4.5,4.5,7.7,1,9.27,1375,1375,18-APR-2022,
OPTSTK,ICICIBANK,26-May-2022,680.0,PE,0.0,0.0,0.0,4.55,9.6,0,0.0,2750,0,18-APR-2022,
OPTSTK,ICICIBANK,26-May-2022,690.0,PE,0.0,0.0,0.0,44.4,11.85,0,0.0,0,0,18-APR-2022,
OPTSTK,ICICIBANK,26-May-2022,700.0,PE,8.15,9.4,7.65,8.4,8.4,196,1909.58,360250,-1375,18-APR-2022,
OPTSTK,ICICIBANK,26-May-2022,710.0,PE,9.9,10.8,9.9,10.8,10.8,2,19.8,2750,1375,18-APR-2022,
OPTSTK,ICICIBANK,26-May-2022,720.0,PE,13.25,14.0,12.0,12.65,12.65,57,574.72,56375,48125,18-APR-2022,
OPTSTK,ICICIBANK,26-May-2022,730.0,PE,16.85,16.9,16.0,16.0,24.45,6,61.58,72875,2750,18-APR-2022,
OPTSTK,ICICIBANK,26-May-2022,740.0,PE,19.95,21.7,19.35,20.15,20.15,58,606.2,96250,13750,18-APR-2022,
OPTSTK,ICICIBANK,26-May-2022,750.0,PE,24.65,26.05,22.5,23.5,23.5,94,1001.02,158125,26125,18-APR-2022,
OPTSTK,ICICIBANK,26-May-2022,760.0,PE,28.45,30.05,27.35,27.35,27.35,11,119.32,13750,8250,18-APR-2022,
OPTSTK,ICICIBANK,26-May-2022,770.0,PE,0.0,0.0,0.0,28.0,43.5,0,0.0,8250,0,18-APR-2022,
OPTSTK,ICICIBANK,26-May-2022,780.0,PE,0.0,0.0,0.0,97.1,49.3,0,0.0,0,0,18-APR-2022,
OPTSTK,ICICIBANK,26-May-2022,790.0,PE,0.0,0.0,0.0,104.15,55.5,0,0.0,0,0,18-APR-2022,
OPTSTK,ICICIBANK,26-May-2022,800.0,PE,52.0,52.0,52.0,52.0,62.0,3,35.14,8250,4125,18-APR-2022,
OPTSTK,ICICIBANK,26-May-2022,810.0,PE,0.0,0.0,0.0,118.95,68.9,0,0.0,0,0,18-APR-2022,
OPTSTK,ICICIBANK,26-May-2022,820.0,PE,66.95,67.95,66.95,67.95,76.1,2,24.4,2750,2750,18-APR-2022,
OPTSTK,ICICIBANK,26-May-2022,830.0,PE,0.0,0.0,0.0,134.45,83.7,0,0.0,0,0,18-APR-2022,
OPTSTK,ICICIBANK,26-May-2022,840.0,PE,0.0,0.0,0.0,142.4,91.45,0,0.0,0,0,18-APR-2022,
OPTSTK,ICICIBANK,26-May-2022,850.0,PE,0.0,0.0,0.0,150.55,99.55,0,0.0,0,0,18-APR-2022,
OPTSTK,ICICIBANK,26-May-2022,860.0,PE,0.0,0.0,0.0,158.85,107.85,0,0.0,0,0,18-APR-2022,
OPTSTK,ICICIBANK,26-May-2022,870.0,PE,0.0,0.0,0.0,167.3,116.35,0,0.0,0,0,18-APR-2022,
OPTSTK,ICICIBANK,26-May-2022,880.0,PE,0.0,0.0,0.0,175.85,125.05,0,0.0,0,0,18-APR-2022,
OPTSTK,ICICIBANK,26-May-2022,890.0,PE,0.0,0.0,0.0,184.55,133.95,0,0.0,0,0,18-APR-2022,
OPTSTK,ICICIBANK,26-May-2022,900.0,PE,0.0,0.0,0.0,193.3,143.0,0,0.0,0,0,18-APR-2022,
OPTSTK,ICICIBANK,26-May-2022,910.0,PE,0.0,0.0,0.0,202.2,152.15,0,0.0,0,0,18-APR-2022,
OPTSTK,ICICIBANK,26-May-2022,920.0,PE,0.0,0.0,0.0,211.15,161.45,0,0.0,0,0,18-APR-2022,
OPTSTK,ICICIBANK,26-May-2022,930.0,PE,0.0,0.0,0.0,220.25,170.85,0,0.0,0,0,18-APR-2022,
OPTSTK,ICICIBANK,26-May-2022,940.0,PE,0.0,0.0,0.0,229.35,180.3,0,0.0,0,0,18-APR-2022,
OPTSTK,ICICIBANK,26-May-2022,950.0,PE,0.0,0.0,0.0,238.6,189.9,0,0.0,0,0,18-APR-2022,
OPTSTK,ICICIBANK,26-May-2022,960.0,PE,0.0,0.0,0.0,247.85,199.5,0,0.0,0,0,18-APR-2022,
OPTSTK,ICICIBANK,26-May-2022,970.0,PE,0.0,0.0,0.0,257.2,209.2,0,0.0,0,0,18-APR-2022,
OPTSTK,ICICIBANK,26-May-2022,980.0,PE,0.0,0.0,0.0,266.6,218.9,0,0.0,0,0,18-APR-2022,
OPTSTK,ICICIBANK,26-May-2022,990.0,PE,0.0,0.0,0.0,276.05,228.65,0,0.0,0,0,18-APR-2022,
OPTSTK,ICICIBANK,30-Jun-2022,500.0,CE,0.0,0.0,0.0,236.85,262.35,0,0.0,0,0,18-APR-2022,
OPTSTK,ICICIBANK,30-Jun-2022,510.0,CE,0.0,0.0,0.0,227.35,252.55,0,0.0,0,0,18-APR-2022,
OPTSTK,ICICIBANK,30-Jun-2022,520.0,CE,0.0,0.0,0.0,217.95,242.8,0,0.0,0,0,18-APR-2022,
OPTSTK,ICICIBANK,30-Jun-2022,530.0,CE,0.0,0.0,0.0,208.6,233.1,0,0.0,0,0,18-APR-2022,
OPTSTK,ICICIBANK,30-Jun-2022,540.0,CE,0.0,0.0,0.0,199.4,223.45,0,0.0,0,0,18-APR-2022,
OPTSTK,ICICIBANK,30-Jun-2022,550.0,CE,0.0,0.0,0.0,190.35,213.9,0,0.0,0,0,18-APR-2022,
OPTSTK,ICICIBANK,30-Jun-2022,560.0,CE,0.0,0.0,0.0,181.4,204.4,0,0.0,0,0,18-APR-2022,
OPTSTK,ICICIBANK,30-Jun-2022,570.0,CE,0.0,0.0,0.0,172.6,195.05,0,0.0,0,0,18-APR-2022,
OPTSTK,ICICIBANK,30-Jun-2022,580.0,CE,0.0,0.0,0.0,164.0,185.8,0,0.0,0,0,18-APR-2022,
OPTSTK,ICICIBANK,30-Jun-2022,590.0,CE,0.0,0.0,0.0,155.6,176.65,0,0.0,0,0,18-APR-2022,
OPTSTK,ICICIBANK,30-Jun-2022,600.0,CE,0.0,0.0,0.0,147.35,167.65,0,0.0,0,0,18-APR-2022,
OPTSTK,ICICIBANK,30-Jun-2022,610.0,CE,0.0,0.0,0.0,139.35,158.85,0,0.0,0,0,18-APR-2022,
OPTSTK,ICICIBANK,30-Jun-2022,620.0,CE,0.0,0.0,0.0,131.6,150.2,0,0.0,0,0,18-APR-2022,
OPTSTK,ICICIBANK,30-Jun-2022,630.0,CE,0.0,0.0,0.0,124.0,141.75,0,0.0,0,0,18-APR-2022,
OPTSTK,ICICIBANK,30-Jun-2022,640.0,CE,0.0,0.0,0.0,116.75,133.5,0,0.0,0,0,18-APR-2022,
OPTSTK,ICICIBANK,30-Jun-2022,650.0,CE,0.0,0.0,0.0,109.7,125.5,0,0.0,0,0,18-APR-2022,
OPTSTK,ICICIBANK,30-Jun-2022,660.0,CE,0.0,0.0,0.0,102.85,117.75,0,0.0,0,0,18-APR-2022,
OPTSTK,ICICIBANK,30-Jun-2022,670.0,CE,0.0,0.0,0.0,96.3,110.3,0,0.0,0,0,18-APR-2022,
OPTSTK,ICICIBANK,30-Jun-2022,680.0,CE,0.0,0.0,0.0,90.05,103.05,0,0.0,0,0,18-APR-2022,
OPTSTK,ICICIBANK,30-Jun-2022,690.0,CE,0.0,0.0,0.0,84.1,96.1,0,0.0,0,0,18-APR-2022,
OPTSTK,ICICIBANK,30-Jun-2022,700.0,CE,0.0,0.0,0.0,78.35,89.4,0,0.0,0,0,18-APR-2022,
OPTSTK,ICICIBANK,30-Jun-2022,710.0,CE,0.0,0.0,0.0,72.95,83.0,0,0.0,0,0,18-APR-2022,
OPTSTK,ICICIBANK,30-Jun-2022,720.0,CE,0.0,0.0,0.0,67.75,76.95,0,0.0,0,0,18-APR-2022,
OPTSTK,ICICIBANK,30-Jun-2022,730.0,CE,0.0,0.0,0.0,62.9,71.15,0,0.0,0,0,18-APR-2022,
OPTSTK,ICICIBANK,30-Jun-2022,740.0,CE,0.0,0.0,0.0,58.25,65.7,0,0.0,0,0,18-APR-2022,
OPTSTK,ICICIBANK,30-Jun-2022,750.0,CE,0.0,0.0,0.0,40.0,60.5,0,0.0,1375,0,18-APR-2022,
OPTSTK,ICICIBANK,30-Jun-2022,760.0,CE,0.0,0.0,0.0,49.75,55.65,0,0.0,0,0,18-APR-2022,
OPTSTK,ICICIBANK,30-Jun-2022,770.0,CE,0.0,0.0,0.0,45.9,51.05,0,0.0,0,0,18-APR-2022,
OPTSTK,ICICIBANK,30-Jun-2022,780.0,CE,0.0,0.0,0.0,42.3,46.75,0,0.0,0,0,18-APR-2022,
OPTSTK,ICICIBANK,30-Jun-2022,790.0,CE,0.0,0.0,0.0,38.9,42.75,0,0.0,0,0,18-APR-2022,
OPTSTK,ICICIBANK,30-Jun-2022,800.0,CE,0.0,0.0,0.0,24.5,39.0,0,0.0,2750,0,18-APR-2022,
OPTSTK,ICICIBANK,30-Jun-2022,810.0,CE,0.0,0.0,0.0,32.75,35.5,0,0.0,0,0,18-APR-2022,
OPTSTK,ICICIBANK,30-Jun-2022,820.0,CE,0.0,0.0,0.0,30.0,32.25,0,0.0,0,0,18-APR-2022,
OPTSTK,ICICIBANK,30-Jun-2022,830.0,CE,0.0,0.0,0.0,27.5,29.3,0,0.0,0,0,18-APR-2022,
OPTSTK,ICICIBANK,30-Jun-2022,840.0,CE,0.0,0.0,0.0,25.15,26.5,0,0.0,0,0,18-APR-2022,
OPTSTK,ICICIBANK,30-Jun-2022,850.0,CE,0.0,0.0,0.0,22.95,24.0,0,0.0,0,0,18-APR-2022,
OPTSTK,ICICIBANK,30-Jun-2022,860.0,CE,0.0,0.0,0.0,20.95,21.7,0,0.0,0,0,18-APR-2022,
OPTSTK,ICICIBANK,30-Jun-2022,870.0,CE,0.0,0.0,0.0,19.05,19.55,0,0.0,0,0,18-APR-2022,
OPTSTK,ICICIBANK,30-Jun-2022,880.0,CE,0.0,0.0,0.0,17.35,17.55,0,0.0,0,0,18-APR-2022,
OPTSTK,ICICIBANK,30-Jun-2022,890.0,CE,0.0,0.0,0.0,15.75,15.8,0,0.0,0,0,18-APR-2022,
OPTSTK,ICICIBANK,30-Jun-2022,900.0,CE,0.0,0.0,0.0,14.3,14.15,0,0.0,0,0,18-APR-2022,
OPTSTK,ICICIBANK,30-Jun-2022,910.0,CE,0.0,0.0,0.0,12.95,12.65,0,0.0,0,0,18-APR-2022,
OPTSTK,ICICIBANK,30-Jun-2022,920.0,CE,0.0,0.0,0.0,11.75,11.35,0,0.0,0,0,18-APR-2022,
OPTSTK,ICICIBANK,30-Jun-2022,930.0,CE,0.0,0.0,0.0,10.65,10.1,0,0.0,0,0,18-APR-2022,
OPTSTK,ICICIBANK,30-Jun-2022,940.0,CE,0.0,0.0,0.0,9.6,9.0,0,0.0,0,0,18-APR-2022,
OPTSTK,ICICIBANK,30-Jun-2022,950.0,CE,0.0,0.0,0.0,8.7,8.05,0,0.0,0,0,18-APR-2022,
OPTSTK,ICICIBANK,30-Jun-2022,960.0,CE,0.0,0.0,0.0,7.85,7.15,0,0.0,0,0,18-APR-2022,
OPTSTK,ICICIBANK,30-Jun-2022,970.0,CE,0.0,0.0,0.0,7.05,6.35,0,0.0,0,0,18-APR-2022,
OPTSTK,ICICIBANK,30-Jun-2022,980.0,CE,0.0,0.0,0.0,6.35,5.6,0,0.0,0,0,18-APR-2022,
OPTSTK,ICICIBANK,30-Jun-2022,990.0,CE,0.0,0.0,0.0,5.7,5.0,0,0.0,0,0,18-APR-2022,
OPTSTK,ICICIBANK,30-Jun-2022,500.0,PE,0.0,0.0,0.0,1.3,0.35,0,0.0,0,0,18-APR-2022,
OPTSTK,ICICIBANK,30-Jun-2022,510.0,PE,0.0,0.0,0.0,1.7,0.45,0,0.0,0,0,18-APR-2022,
OPTSTK,ICICIBANK,30-Jun-2022,520.0,PE,0.0,0.0,0.0,2.15,0.6,0,0.0,0,0,18-APR-2022,
OPTSTK,ICICIBANK,30-Jun-2022,530.0,PE,0.0,0.0,0.0,2.75,0.85,0,0.0,0,0,18-APR-2022,
OPTSTK,ICICIBANK,30-Jun-2022,540.0,PE,0.0,0.0,0.0,3.45,1.1,0,0.0,0,0,18-APR-2022,
OPTSTK,ICICIBANK,30-Jun-2022,550.0,PE,0.0,0.0,0.0,4.25,1.45,0,0.0,0,0,18-APR-2022,
OPTSTK,ICICIBANK,30-Jun-2022,560.0,PE,0.0,0.0,0.0,5.2,1.9,0,0.0,0,0,18-APR-2022,
OPTSTK,ICICIBANK,30-Jun-2022,570.0,PE,0.0,0.0,0.0,6.35,2.4,0,0.0,0,0,18-APR-2022,
OPTSTK,ICICIBANK,30-Jun-2022,580.0,PE,0.0,0.0,0.0,7.6,3.05,0,0.0,0,0,18-APR-2022,
OPTSTK,ICICIBANK,30-Jun-2022,590.0,PE,0.0,0.0,0.0,9.1,3.85,0,0.0,0,0,18-APR-2022,
OPTSTK,ICICIBANK,30-Jun-2022,600.0,PE,0.0,0.0,0.0,5.0,4.8,0,0.0,2750,0,18-APR-2022,
OPTSTK,ICICIBANK,30-Jun-2022,610.0,PE,0.0,0.0,0.0,12.65,5.85,0,0.0,0,0,18-APR-2022,
OPTSTK,ICICIBANK,30-Jun-2022,620.0,PE,0.0,0.0,0.0,14.75,7.15,0,0.0,0,0,18-APR-2022,
OPTSTK,ICICIBANK,30-Jun-2022,630.0,PE,0.0,0.0,0.0,17.1,8.6,0,0.0,0,0,18-APR-2022,
OPTSTK,ICICIBANK,30-Jun-2022,640.0,PE,0.0,0.0,0.0,19.7,10.3,0,0.0,0,0,18-APR-2022,
OPTSTK,ICICIBANK,30-Jun-2022,650.0,PE,0.0,0.0,0.0,9.95,12.2,0,0.0,0,0,18-APR-2022,
OPTSTK,ICICIBANK,30-Jun-2022,660.0,PE,0.0,0.0,0.0,25.6,14.4,0,0.0,0,0,18-APR-2022,
OPTSTK,ICICIBANK,30-Jun-2022,670.0,PE,0.0,0.0,0.0,28.95,16.8,0,0.0,0,0,18-APR-2022,
OPTSTK,ICICIBANK,30-Jun-2022,680.0,PE,0.0,0.0,0.0,32.6,19.5,0,0.0,0,0,18-APR-2022,
OPTSTK,ICICIBANK,30-Jun-2022,690.0,PE,0.0,0.0,0.0,36.5,22.45,0,0.0,0,0,18-APR-2022,
OPTSTK,ICICIBANK,30-Jun-2022,700.0,PE,14.75,14.75,14.0,14.0,25.65,4,39.29,17875,0,18-APR-2022,
OPTSTK,ICICIBANK,30-Jun-2022,710.0,PE,0.0,0.0,0.0,45.15,29.2,0,0.0,0,0,18-APR-2022,
OPTSTK,ICICIBANK,30-Jun-2022,720.0,PE,0.0,0.0,0.0,49.9,33.05,0,0.0,0,0,18-APR-2022,
OPTSTK,ICICIBANK,30-Jun-2022,730.0,PE,0.0,0.0,0.0,54.9,37.2,0,0.0,0,0,18-APR-2022,
OPTSTK,ICICIBANK,30-Jun-2022,740.0,PE,0.0,0.0,0.0,60.15,41.65,0,0.0,0,0,18-APR-2022,
OPTSTK,ICICIBANK,30-Jun-2022,750.0,PE,49.2,49.2,30.4,30.5,30.5,4,43.22,17875,2750,18-APR-2022,
OPTSTK,ICICIBANK,30-Jun-2022,760.0,PE,0.0,0.0,0.0,71.5,51.4,0,0.0,0,0,18-APR-2022,
OPTSTK,ICICIBANK,30-Jun-2022,770.0,PE,0.0,0.0,0.0,77.5,56.75,0,0.0,0,0,18-APR-2022,
OPTSTK,ICICIBANK,30-Jun-2022,780.0,PE,0.0,0.0,0.0,50.0,62.35,0,0.0,1375,0,18-APR-2022,
OPTSTK,ICICIBANK,30-Jun-2022,790.0,PE,0.0,0.0,0.0,90.3,68.25,0,0.0,0,0,18-APR-2022,
OPTSTK,ICICIBANK,30-Jun-2022,800.0,PE,0.0,0.0,0.0,97.0,74.4,0,0.0,0,0,18-APR-2022,
OPTSTK,ICICIBANK,30-Jun-2022,810.0,PE,0.0,0.0,0.0,103.95,80.85,0,0.0,0,0,18-APR-2022,
OPTSTK,ICICIBANK,30-Jun-2022,820.0,PE,0.0,0.0,0.0,111.1,87.55,0,0.0,0,0,18-APR-2022,
OPTSTK,ICICIBANK,30-Jun-2022,830.0,PE,0.0,0.0,0.0,118.45,94.45,0,0.0,0,0,18-APR-2022,
OPTSTK,ICICIBANK,30-Jun-2022,840.0,PE,0.0,0.0,0.0,126.0,101.6,0,0.0,0,0,18-APR-2022,
OPTSTK,ICICIBANK,30-Jun-2022,850.0,PE,0.0,0.0,0.0,133.7,109.0,0,0.0,0,0,18-APR-2022,
OPTSTK,ICICIBANK,30-Jun-2022,860.0,PE,0.0,0.0,0.0,141.6,116.6,0,0.0,0,0,18-APR-2022,
OPTSTK,ICICIBANK,30-Jun-2022,870.0,PE,0.0,0.0,0.0,149.6,124.4,0,0.0,0,0,18-APR-2022,
OPTSTK,ICICIBANK,30-Jun-2022,880.0,PE,0.0,0.0,0.0,157.8,132.3,0,0.0,0,0,18-APR-2022,
OPTSTK,ICICIBANK,30-Jun-2022,890.0,PE,0.0,0.0,0.0,166.1,140.45,0,0.0,0,0,18-APR-2022,
OPTSTK,ICICIBANK,30-Jun-2022,900.0,PE,0.0,0.0,0.0,174.55,148.75,0,0.0,0,0,18-APR-2022,
OPTSTK,ICICIBANK,30-Jun-2022,910.0,PE,0.0,0.0,0.0,183.1,157.15,0,0.0,0,0,18-APR-2022,
OPTSTK,ICICIBANK,30-Jun-2022,920.0,PE,0.0,0.0,0.0,191.75,165.75,0,0.0,0,0,18-APR-2022,
OPTSTK,ICICIBANK,30-Jun-2022,930.0,PE,0.0,0.0,0.0,200.55,174.45,0,0.0,0,0,18-APR-2022,
OPTSTK,ICICIBANK,30-Jun-2022,940.0,PE,0.0,0.0,0.0,209.4,183.25,0,0.0,0,0,18-APR-2022,
OPTSTK,ICICIBANK,30-Jun-2022,950.0,PE,0.0,0.0,0.0,218.4,192.2,0,0.0,0,0,18-APR-2022,
OPTSTK,ICICIBANK,30-Jun-2022,960.0,PE,0.0,0.0,0.0,227.45,201.2,0,0.0,0,0,18-APR-2022,
OPTSTK,ICICIBANK,30-Jun-2022,970.0,PE,0.0,0.0,0.0,236.55,210.35,0,0.0,0,0,18-APR-2022,
OPTSTK,ICICIBANK,30-Jun-2022,980.0,PE,0.0,0.0,0.0,245.75,219.5,0,0.0,0,0,18-APR-2022,
OPTSTK,ICICIBANK,30-Jun-2022,990.0,PE,0.0,0.0,0.0,255.0,228.8,0,0.0,0,0,18-APR-2022,
OPTSTK,ICICIGI,28-Apr-2022,920.0,CE,0.0,0.0,0.0,463.55,438.35,0,0.0,0,0,18-APR-2022,
OPTSTK,ICICIGI,28-Apr-2022,940.0,CE,0.0,0.0,0.0,444.05,418.4,0,0.0,0,0,18-APR-2022,
OPTSTK,ICICIGI,28-Apr-2022,960.0,CE,0.0,0.0,0.0,424.7,398.4,0,0.0,0,0,18-APR-2022,
OPTSTK,ICICIGI,28-Apr-2022,980.0,CE,0.0,0.0,0.0,405.45,378.4,0,0.0,0,0,18-APR-2022,
OPTSTK,ICICIGI,28-Apr-2022,1000.0,CE,0.0,0.0,0.0,386.4,358.45,0,0.0,0,0,18-APR-2022,
OPTSTK,ICICIGI,28-Apr-2022,1020.0,CE,0.0,0.0,0.0,367.5,338.45,0,0.0,0,0,18-APR-2022,
OPTSTK,ICICIGI,28-Apr-2022,1040.0,CE,0.0,0.0,0.0,348.85,318.5,0,0.0,0,0,18-APR-2022,
OPTSTK,ICICIGI,28-Apr-2022,1060.0,CE,0.0,0.0,0.0,330.45,298.5,0,0.0,0,0,18-APR-2022,
OPTSTK,ICICIGI,28-Apr-2022,1080.0,CE,0.0,0.0,0.0,312.4,278.55,0,0.0,0,0,18-APR-2022,
OPTSTK,ICICIGI,28-Apr-2022,1100.0,CE,0.0,0.0,0.0,294.65,258.55,0,0.0,0,0,18-APR-2022,
OPTSTK,ICICIGI,28-Apr-2022,1120.0,CE,0.0,0.0,0.0,277.3,238.6,0,0.0,0,0,18-APR-2022,
OPTSTK,ICICIGI,28-Apr-2022,1140.0,CE,0.0,0.0,0.0,260.4,218.65,0,0.0,0,0,18-APR-2022,
OPTSTK,ICICIGI,28-Apr-2022,1160.0,CE,0.0,0.0,0.0,243.95,198.7,0,0.0,0,0,18-APR-2022,
OPTSTK,ICICIGI,28-Apr-2022,1180.0,CE,0.0,0.0,0.0,227.95,178.8,0,0.0,0,0,18-APR-2022,
OPTSTK,ICICIGI,28-Apr-2022,1200.0,CE,0.0,0.0,0.0,139.0,159.05,0,0.0,850,0,18-APR-2022,
OPTSTK,ICICIGI,28-Apr-2022,1220.0,CE,0.0,0.0,0.0,197.75,139.55,0,0.0,0,0,18-APR-2022,
OPTSTK,ICICIGI,28-Apr-2022,1240.0,CE,0.0,0.0,0.0,116.45,120.5,0,0.0,0,0,18-APR-2022,
OPTSTK,ICICIGI,28-Apr-2022,1260.0,CE,0.0,0.0,0.0,169.75,102.1,0,0.0,0,0,18-APR-2022,
OPTSTK,ICICIGI,28-Apr-2022,1280.0,CE,0.0,0.0,0.0,84.85,84.65,0,0.0,2975,0,18-APR-2022,
OPTSTK,ICICIGI,28-Apr-2022,1300.0,CE,72.0,73.0,61.55,61.55,68.5,6,34.85,19550,-1700,18-APR-2022,
OPTSTK,ICICIGI,28-Apr-2022,1320.0,CE,0.0,0.0,0.0,57.15,53.95,0,0.0,2550,0,18-APR-2022,
OPTSTK,ICICIGI,28-Apr-2022,1340.0,CE,50.5,50.5,44.2,44.2,41.25,2,11.79,5525,0,18-APR-2022,
OPTSTK,ICICIGI,28-Apr-2022,1360.0,CE,25.0,42.25,22.05,28.35,28.35,571,3384.22,52700,33150,18-APR-2022,
OPTSTK,ICICIGI,28-Apr-2022,1380.0,CE,22.5,30.0,15.5,19.65,19.65,165,982.78,37825,19550,18-APR-2022,
OPTSTK,ICICIGI,28-Apr-2022,1400.0,CE,14.75,22.35,9.15,12.35,12.35,365,2193.56,159375,29750,18-APR-2022,
OPTSTK,ICICIGI,28-Apr-2022,1420.0,CE,8.75,8.75,5.95,5.95,10.2,3,18.19,12750,0,18-APR-2022,
OPTSTK,ICICIGI,28-Apr-2022,1440.0,CE,11.4,11.4,4.5,5.1,6.6,13,79.91,11050,0,18-APR-2022,
OPTSTK,ICICIGI,28-Apr-2022,1460.0,CE,0.45,6.85,0.45,3.1,4.15,15,93.33,17850,425,18-APR-2022,
OPTSTK,ICICIGI,28-Apr-2022,1480.0,CE,2.95,2.95,2.25,2.25,2.5,2,12.6,16150,-425,18-APR-2022,
OPTSTK,ICICIGI,28-Apr-2022,1500.0,CE,2.5,3.5,1.35,2.45,2.45,35,223.52,36550,-1700,18-APR-2022,
OPTSTK,ICICIGI,28-Apr-2022,1520.0,CE,0.0,0.0,0.0,9.0,0.85,0,0.0,850,0,18-APR-2022,
OPTSTK,ICICIGI,28-Apr-2022,1540.0,CE,0.0,0.0,0.0,44.85,0.45,0,0.0,0,0,18-APR-2022,
OPTSTK,ICICIGI,28-Apr-2022,1560.0,CE,0.0,0.0,0.0,40.15,0.25,0,0.0,0,0,18-APR-2022,
OPTSTK,ICICIGI,28-Apr-2022,1580.0,CE,0.0,0.0,0.0,35.85,0.15,0,0.0,0,0,18-APR-2022,
OPTSTK,ICICIGI,28-Apr-2022,1600.0,CE,0.0,0.0,0.0,31.9,0.1,0,0.0,0,0,18-APR-2022,
OPTSTK,ICICIGI,28-Apr-2022,1620.0,CE,0.0,0.0,0.0,28.35,0.05,0,0.0,0,0,18-APR-2022,
OPTSTK,ICICIGI,28-Apr-2022,1640.0,CE,0.0,0.0,0.0,25.15,0.05,0,0.0,0,0,18-APR-2022,
OPTSTK,ICICIGI,28-Apr-2022,1660.0,CE,0.0,0.0,0.0,22.3,0.05,0,0.0,0,0,18-APR-2022,
OPTSTK,ICICIGI,28-Apr-2022,1680.0,CE,0.0,0.0,0.0,19.7,0.0,0,0.0,0,0,18-APR-2022,
OPTSTK,ICICIGI,28-Apr-2022,1700.0,CE,0.0,0.0,0.0,17.4,0.0,0,0.0,0,0,18-APR-2022,
OPTSTK,ICICIGI,28-Apr-2022,1720.0,CE,0.0,0.0,0.0,15.35,0.0,0,0.0,0,0,18-APR-2022,
OPTSTK,ICICIGI,28-Apr-2022,1740.0,CE,0.0,0.0,0.0,13.5,0.0,0,0.0,0,0,18-APR-2022,
OPTSTK,ICICIGI,28-Apr-2022,1760.0,CE,0.0,0.0,0.0,11.85,0.0,0,0.0,0,0,18-APR-2022,
OPTSTK,ICICIGI,28-Apr-2022,1780.0,CE,0.0,0.0,0.0,10.4,0.0,0,0.0,0,0,18-APR-2022,
OPTSTK,ICICIGI,28-Apr-2022,1800.0,CE,0.0,0.0,0.0,9.1,0.0,0,0.0,0,0,18-APR-2022,
OPTSTK,ICICIGI,28-Apr-2022,1820.0,CE,0.0,0.0,0.0,7.95,0.0,0,0.0,0,0,18-APR-2022,
OPTSTK,ICICIGI,28-Apr-2022,1840.0,CE,0.0,0.0,0.0,6.95,0.0,0,0.0,0,0,18-APR-2022,
OPTSTK,ICICIGI,28-Apr-2022,1860.0,CE,0.0,0.0,0.0,6.05,0.0,0,0.0,0,0,18-APR-2022,
OPTSTK,ICICIGI,28-Apr-2022,1880.0,CE,0.0,0.0,0.0,5.3,0.0,0,0.0,0,0,18-APR-2022,
OPTSTK,ICICIGI,28-Apr-2022,1900.0,CE,0.0,0.0,0.0,4.6,0.0,0,0.0,0,0,18-APR-2022,
OPTSTK,ICICIGI,28-Apr-2022,1920.0,CE,0.0,0.0,0.0,4.0,0.0,0,0.0,0,0,18-APR-2022,
OPTSTK,ICICIGI,28-Apr-2022,1940.0,CE,0.0,0.0,0.0,3.45,0.0,0,0.0,0,0,18-APR-2022,
OPTSTK,ICICIGI,28-Apr-2022,920.0,PE,0.0,0.0,0.0,0.75,0.0,0,0.0,0,0,18-APR-2022,
OPTSTK,ICICIGI,28-Apr-2022,940.0,PE,0.0,0.0,0.0,1.05,0.0,0,0.0,0,0,18-APR-2022,
OPTSTK,ICICIGI,28-Apr-2022,960.0,PE,0.0,0.0,0.0,1.5,0.0,0,0.0,0,0,18-APR-2022,
OPTSTK,ICICIGI,28-Apr-2022,980.0,PE,0.0,0.0,0.0,2.05,0.0,0,0.0,0,0,18-APR-2022,
OPTSTK,ICICIGI,28-Apr-2022,1000.0,PE,0.0,0.0,0.0,2.75,0.0,0,0.0,0,0,18-APR-2022,
OPTSTK,ICICIGI,28-Apr-2022,1020.0,PE,0.0,0.0,0.0,3.7,0.0,0,0.0,0,0,18-APR-2022,
OPTSTK,ICICIGI,28-Apr-2022,1040.0,PE,0.0,0.0,0.0,4.8,0.0,0,0.0,0,0,18-APR-2022,
OPTSTK,ICICIGI,28-Apr-2022,1060.0,PE,0.0,0.0,0.0,6.25,0.0,0,0.0,0,0,18-APR-2022,
OPTSTK,ICICIGI,28-Apr-2022,1080.0,PE,0.0,0.0,0.0,7.95,0.0,0,0.0,0,0,18-APR-2022,
OPTSTK,ICICIGI,28-Apr-2022,1100.0,PE,0.1,0.1,0.1,0.1,0.0,1,4.67,850,0,18-APR-2022,
OPTSTK,ICICIGI,28-Apr-2022,1120.0,PE,0.0,0.0,0.0,12.45,0.05,0,0.0,0,0,18-APR-2022,
OPTSTK,ICICIGI,28-Apr-2022,1140.0,PE,0.0,0.0,0.0,15.3,0.05,0,0.0,0,0,18-APR-2022,
OPTSTK,ICICIGI,28-Apr-2022,1160.0,PE,0.0,0.0,0.0,18.65,0.1,0,0.0,0,0,18-APR-2022,
OPTSTK,ICICIGI,28-Apr-2022,1180.0,PE,0.0,0.0,0.0,22.5,0.2,0,0.0,0,0,18-APR-2022,
OPTSTK,ICICIGI,28-Apr-2022,1200.0,PE,0.6,0.6,0.6,0.6,0.4,1,5.1,14875,0,18-APR-2022,
OPTSTK,ICICIGI,28-Apr-2022,1220.0,PE,0.0,0.0,0.0,8.35,0.9,0,0.0,2125,0,18-APR-2022,
OPTSTK,ICICIGI,28-Apr-2022,1240.0,PE,0.0,0.0,0.0,4.5,1.8,0,0.0,1275,0,18-APR-2022,
OPTSTK,ICICIGI,28-Apr-2022,1260.0,PE,4.0,4.0,3.0,3.0,3.35,3,16.1,24225,-850,18-APR-2022,
OPTSTK,ICICIGI,28-Apr-2022,1280.0,PE,0.0,0.0,0.0,12.0,5.9,0,0.0,3400,0,18-APR-2022,
OPTSTK,ICICIGI,28-Apr-2022,1300.0,PE,10.0,10.0,6.35,7.3,7.3,45,250.24,38250,-2550,18-APR-2022,
OPTSTK,ICICIGI,28-Apr-2022,1320.0,PE,10.05,15.0,10.05,13.5,13.5,9,51.0,5525,425,18-APR-2022,
OPTSTK,ICICIGI,28-Apr-2022,1340.0,PE,23.1,23.1,21.4,21.4,22.45,2,11.57,6375,425,18-APR-2022,
OPTSTK,ICICIGI,28-Apr-2022,1360.0,PE,31.0,32.0,24.15,31.65,31.75,9,53.16,7650,2125,18-APR-2022,
OPTSTK,ICICIGI,28-Apr-2022,1380.0,PE,0.0,0.0,0.0,43.45,43.1,0,0.0,10200,0,18-APR-2022,
OPTSTK,ICICIGI,28-Apr-2022,1400.0,PE,51.0,51.0,51.0,51.0,56.35,1,6.16,8075,-425,18-APR-2022,
OPTSTK,ICICIGI,28-Apr-2022,1420.0,PE,0.0,0.0,0.0,115.8,71.3,0,0.0,0,0,18-APR-2022,
OPTSTK,ICICIGI,28-Apr-2022,1440.0,PE,0.0,0.0,0.0,88.65,87.7,0,0.0,425,0,18-APR-2022,
OPTSTK,ICICIGI,28-Apr-2022,1460.0,PE,0.0,0.0,0.0,140.2,105.2,0,0.0,0,0,18-APR-2022,
OPTSTK,ICICIGI,28-Apr-2022,1480.0,PE,0.0,0.0,0.0,153.25,123.55,0,0.0,0,0,18-APR-2022,
OPTSTK,ICICIGI,28-Apr-2022,1500.0,PE,0.0,0.0,0.0,225.1,142.45,0,0.0,2125,0,18-APR-2022,
OPTSTK,ICICIGI,28-Apr-2022,1520.0,PE,0.0,0.0,0.0,180.95,161.8,0,0.0,0,0,18-APR-2022,
OPTSTK,ICICIGI,28-Apr-2022,1540.0,PE,0.0,0.0,0.0,195.6,181.4,0,0.0,0,0,18-APR-2022,
OPTSTK,ICICIGI,28-Apr-2022,1560.0,PE,0.0,0.0,0.0,210.7,201.2,0,0.0,0,0,18-APR-2022,
OPTSTK,ICICIGI,28-Apr-2022,1580.0,PE,0.0,0.0,0.0,226.2,221.05,0,0.0,0,0,18-APR-2022,
OPTSTK,ICICIGI,28-Apr-2022,1600.0,PE,0.0,0.0,0.0,242.05,241.0,0,0.0,0,0,18-APR-2022,
OPTSTK,ICICIGI,28-Apr-2022,1620.0,PE,0.0,0.0,0.0,258.3,260.9,0,0.0,0,0,18-APR-2022,
OPTSTK,ICICIGI,28-Apr-2022,1640.0,PE,0.0,0.0,0.0,274.9,280.9,0,0.0,0,0,18-APR-2022,
OPTSTK,ICICIGI,28-Apr-2022,1660.0,PE,0.0,0.0,0.0,291.8,300.85,0,0.0,0,0,18-APR-2022,
OPTSTK,ICICIGI,28-Apr-2022,1680.0,PE,0.0,0.0,0.0,309.0,320.85,0,0.0,0,0,18-APR-2022,
OPTSTK,ICICIGI,28-Apr-2022,1700.0,PE,0.0,0.0,0.0,326.5,340.8,0,0.0,0,0,18-APR-2022,
OPTSTK,ICICIGI,28-Apr-2022,1720.0,PE,0.0,0.0,0.0,344.2,360.8,0,0.0,0,0,18-APR-2022,
OPTSTK,ICICIGI,28-Apr-2022,1740.0,PE,0.0,0.0,0.0,362.15,380.75,0,0.0,0,0,18-APR-2022,
OPTSTK,ICICIGI,28-Apr-2022,1760.0,PE,0.0,0.0,0.0,380.3,400.75,0,0.0,0,0,18-APR-2022,
OPTSTK,ICICIGI,28-Apr-2022,1780.0,PE,0.0,0.0,0.0,398.65,420.7,0,0.0,0,0,18-APR-2022,
OPTSTK,ICICIGI,28-Apr-2022,1800.0,PE,0.0,0.0,0.0,417.15,440.7,0,0.0,0,0,18-APR-2022,
OPTSTK,ICICIGI,28-Apr-2022,1820.0,PE,0.0,0.0,0.0,435.8,460.65,0,0.0,0,0,18-APR-2022,
OPTSTK,ICICIGI,28-Apr-2022,1840.0,PE,0.0,0.0,0.0,454.6,480.65,0,0.0,0,0,18-APR-2022,
OPTSTK,ICICIGI,28-Apr-2022,1860.0,PE,0.0,0.0,0.0,473.5,500.65,0,0.0,0,0,18-APR-2022,
OPTSTK,ICICIGI,28-Apr-2022,1880.0,PE,0.0,0.0,0.0,492.5,520.6,0,0.0,0,0,18-APR-2022,
OPTSTK,ICICIGI,28-Apr-2022,1900.0,PE,0.0,0.0,0.0,511.6,540.6,0,0.0,0,0,18-APR-2022,
OPTSTK,ICICIGI,28-Apr-2022,1920.0,PE,0.0,0.0,0.0,530.8,560.55,0,0.0,0,0,18-APR-2022,
OPTSTK,ICICIGI,28-Apr-2022,1940.0,PE,0.0,0.0,0.0,550.05,580.55,0,0.0,0,0,18-APR-2022,
OPTSTK,ICICIGI,26-May-2022,920.0,CE,0.0,0.0,0.0,333.4,441.4,0,0.0,0,0,18-APR-2022,
OPTSTK,ICICIGI,26-May-2022,940.0,CE,0.0,0.0,0.0,314.7,421.5,0,0.0,0,0,18-APR-2022,
OPTSTK,ICICIGI,26-May-2022,960.0,CE,0.0,0.0,0.0,296.25,401.6,0,0.0,0,0,18-APR-2022,
OPTSTK,ICICIGI,26-May-2022,980.0,CE,0.0,0.0,0.0,278.1,381.7,0,0.0,0,0,18-APR-2022,
OPTSTK,ICICIGI,26-May-2022,1000.0,CE,0.0,0.0,0.0,260.4,361.85,0,0.0,0,0,18-APR-2022,
OPTSTK,ICICIGI,26-May-2022,1020.0,CE,0.0,0.0,0.0,243.1,342.0,0,0.0,0,0,18-APR-2022,
OPTSTK,ICICIGI,26-May-2022,1040.0,CE,0.0,0.0,0.0,226.3,322.25,0,0.0,0,0,18-APR-2022,
OPTSTK,ICICIGI,26-May-2022,1060.0,CE,0.0,0.0,0.0,210.05,302.6,0,0.0,0,0,18-APR-2022,
OPTSTK,ICICIGI,26-May-2022,1080.0,CE,0.0,0.0,0.0,194.35,283.0,0,0.0,0,0,18-APR-2022,
OPTSTK,ICICIGI,26-May-2022,1100.0,CE,0.0,0.0,0.0,179.3,263.65,0,0.0,0,0,18-APR-2022,
OPTSTK,ICICIGI,26-May-2022,1120.0,CE,0.0,0.0,0.0,164.9,244.5,0,0.0,0,0,18-APR-2022,
OPTSTK,ICICIGI,26-May-2022,1140.0,CE,0.0,0.0,0.0,151.1,225.65,0,0.0,0,0,18-APR-2022,
OPTSTK,ICICIGI,26-May-2022,1160.0,CE,0.0,0.0,0.0,138.1,207.15,0,0.0,0,0,18-APR-2022,
OPTSTK,ICICIGI,26-May-2022,1180.0,CE,0.0,0.0,0.0,125.8,189.15,0,0.0,0,0,18-APR-2022,
OPTSTK,ICICIGI,26-May-2022,1200.0,CE,0.0,0.0,0.0,114.25,171.7,0,0.0,0,0,18-APR-2022,
OPTSTK,ICICIGI,26-May-2022,1220.0,CE,0.0,0.0,0.0,103.45,154.95,0,0.0,0,0,18-APR-2022,
OPTSTK,ICICIGI,26-May-2022,1240.0,CE,0.0,0.0,0.0,93.35,138.9,0,0.0,0,0,18-APR-2022,
OPTSTK,ICICIGI,26-May-2022,1260.0,CE,0.0,0.0,0.0,84.0,123.75,0,0.0,0,0,18-APR-2022,
OPTSTK,ICICIGI,26-May-2022,1280.0,CE,0.0,0.0,0.0,75.4,109.4,0,0.0,0,0,18-APR-2022,
OPTSTK,ICICIGI,26-May-2022,1300.0,CE,0.0,0.0,0.0,60.0,96.05,0,0.0,425,0,18-APR-2022,
OPTSTK,ICICIGI,26-May-2022,1320.0,CE,0.0,0.0,0.0,60.15,83.75,0,0.0,0,0,18-APR-2022,
OPTSTK,ICICIGI,26-May-2022,1340.0,CE,0.0,0.0,0.0,53.5,72.5,0,0.0,0,0,18-APR-2022,
OPTSTK,ICICIGI,26-May-2022,1360.0,CE,0.0,0.0,0.0,50.0,62.3,0,0.0,425,0,18-APR-2022,
OPTSTK,ICICIGI,26-May-2022,1380.0,CE,0.0,0.0,0.0,41.95,53.15,0,0.0,0,0,18-APR-2022,
OPTSTK,ICICIGI,26-May-2022,1400.0,CE,0.0,0.0,0.0,35.0,44.95,0,0.0,1700,0,18-APR-2022,
OPTSTK,ICICIGI,26-May-2022,1420.0,CE,0.0,0.0,0.0,32.65,37.8,0,0.0,0,0,18-APR-2022,
OPTSTK,ICICIGI,26-May-2022,1440.0,CE,0.0,0.0,0.0,28.6,31.5,0,0.0,0,0,18-APR-2022,
OPTSTK,ICICIGI,26-May-2022,1460.0,CE,0.0,0.0,0.0,25.05,26.15,0,0.0,0,0,18-APR-2022,
OPTSTK,ICICIGI,26-May-2022,1480.0,CE,0.0,0.0,0.0,21.9,21.45,0,0.0,0,0,18-APR-2022,
OPTSTK,ICICIGI,26-May-2022,1500.0,CE,0.0,0.0,0.0,19.1,17.5,0,0.0,0,0,18-APR-2022,
OPTSTK,ICICIGI,26-May-2022,1520.0,CE,0.0,0.0,0.0,16.6,14.2,0,0.0,0,0,18-APR-2022,
OPTSTK,ICICIGI,26-May-2022,1540.0,CE,0.0,0.0,0.0,14.4,11.45,0,0.0,0,0,18-APR-2022,
OPTSTK,ICICIGI,26-May-2022,1560.0,CE,0.0,0.0,0.0,12.45,9.15,0,0.0,0,0,18-APR-2022,
OPTSTK,ICICIGI,26-May-2022,1580.0,CE,0.0,0.0,0.0,10.75,7.25,0,0.0,0,0,18-APR-2022,
OPTSTK,ICICIGI,26-May-2022,1600.0,CE,0.0,0.0,0.0,9.25,5.7,0,0.0,0,0,18-APR-2022,
OPTSTK,ICICIGI,26-May-2022,1620.0,CE,0.0,0.0,0.0,8.0,4.5,0,0.0,0,0,18-APR-2022,
OPTSTK,ICICIGI,26-May-2022,1640.0,CE,0.0,0.0,0.0,6.85,3.5,0,0.0,0,0,18-APR-2022,
OPTSTK,ICICIGI,26-May-2022,1660.0,CE,0.0,0.0,0.0,5.85,2.7,0,0.0,0,0,18-APR-2022,
OPTSTK,ICICIGI,26-May-2022,1680.0,CE,0.0,0.0,0.0,5.0,2.1,0,0.0,0,0,18-APR-2022,
OPTSTK,ICICIGI,26-May-2022,1700.0,CE,0.0,0.0,0.0,4.3,1.6,0,0.0,0,0,18-APR-2022,
OPTSTK,ICICIGI,26-May-2022,1720.0,CE,0.0,0.0,0.0,3.65,1.2,0,0.0,0,0,18-APR-2022,
OPTSTK,ICICIGI,26-May-2022,1740.0,CE,0.0,0.0,0.0,3.1,0.9,0,0.0,0,0,18-APR-2022,
OPTSTK,ICICIGI,26-May-2022,1760.0,CE,0.0,0.0,0.0,2.65,0.7,0,0.0,0,0,18-APR-2022,
OPTSTK,ICICIGI,26-May-2022,1780.0,CE,0.0,0.0,0.0,2.25,0.55,0,0.0,0,0,18-APR-2022,
OPTSTK,ICICIGI,26-May-2022,1800.0,CE,0.0,0.0,0.0,1.9,0.4,0,0.0,0,0,18-APR-2022,
OPTSTK,ICICIGI,26-May-2022,920.0,PE,0.0,0.0,0.0,2.95,0.05,0,0.0,0,0,18-APR-2022,
OPTSTK,ICICIGI,26-May-2022,940.0,PE,0.0,0.0,0.0,4.0,0.05,0,0.0,0,0,18-APR-2022,
OPTSTK,ICICIGI,26-May-2022,960.0,PE,0.0,0.0,0.0,5.35,0.05,0,0.0,0,0,18-APR-2022,
OPTSTK,ICICIGI,26-May-2022,980.0,PE,0.0,0.0,0.0,7.0,0.1,0,0.0,0,0,18-APR-2022,
OPTSTK,ICICIGI,26-May-2022,1000.0,PE,0.0,0.0,0.0,9.05,0.15,0,0.0,0,0,18-APR-2022,
OPTSTK,ICICIGI,26-May-2022,1020.0,PE,0.0,0.0,0.0,11.55,0.2,0,0.0,0,0,18-APR-2022,
OPTSTK,ICICIGI,26-May-2022,1040.0,PE,0.0,0.0,0.0,14.55,0.35,0,0.0,0,0,18-APR-2022,
OPTSTK,ICICIGI,26-May-2022,1060.0,PE,0.0,0.0,0.0,18.1,0.6,0,0.0,0,0,18-APR-2022,
OPTSTK,ICICIGI,26-May-2022,1080.0,PE,0.0,0.0,0.0,22.2,0.95,0,0.0,0,0,18-APR-2022,
OPTSTK,ICICIGI,26-May-2022,1100.0,PE,0.0,0.0,0.0,26.95,1.5,0,0.0,0,0,18-APR-2022,
OPTSTK,ICICIGI,26-May-2022,1120.0,PE,0.0,0.0,0.0,32.3,2.25,0,0.0,0,0,18-APR-2022,
OPTSTK,ICICIGI,26-May-2022,1140.0,PE,0.0,0.0,0.0,38.3,3.3,0,0.0,0,0,18-APR-2022,
OPTSTK,ICICIGI,26-May-2022,1160.0,PE,0.0,0.0,0.0,45.1,4.75,0,0.0,0,0,18-APR-2022,
OPTSTK,ICICIGI,26-May-2022,1180.0,PE,0.0,0.0,0.0,52.6,6.65,0,0.0,0,0,18-APR-2022,
OPTSTK,ICICIGI,26-May-2022,1200.0,PE,6.0,6.0,6.0,6.0,9.1,1,5.12,425,425,18-APR-2022,
OPTSTK,ICICIGI,26-May-2022,1220.0,PE,0.0,0.0,0.0,69.85,12.25,0,0.0,0,0,18-APR-2022,
OPTSTK,ICICIGI,26-May-2022,1240.0,PE,0.0,0.0,0.0,79.55,16.15,0,0.0,0,0,18-APR-2022,
OPTSTK,ICICIGI,26-May-2022,1260.0,PE,0.0,0.0,0.0,90.0,20.9,0,0.0,0,0,18-APR-2022,
OPTSTK,ICICIGI,26-May-2022,1280.0,PE,0.0,0.0,0.0,101.15,26.45,0,0.0,0,0,18-APR-2022,
OPTSTK,ICICIGI,26-May-2022,1300.0,PE,0.0,0.0,0.0,28.0,33.0,0,0.0,2975,0,18-APR-2022,
OPTSTK,ICICIGI,26-May-2022,1320.0,PE,0.0,0.0,0.0,125.5,40.65,0,0.0,0,0,18-APR-2022,
OPTSTK,ICICIGI,26-May-2022,1340.0,PE,0.0,0.0,0.0,138.6,49.3,0,0.0,0,0,18-APR-2022,
OPTSTK,ICICIGI,26-May-2022,1360.0,PE,0.0,0.0,0.0,48.0,59.0,0,0.0,425,0,18-APR-2022,
OPTSTK,ICICIGI,26-May-2022,1380.0,PE,0.0,0.0,0.0,166.65,69.75,0,0.0,0,0,18-APR-2022,
OPTSTK,ICICIGI,26-May-2022,1400.0,PE,0.0,0.0,0.0,181.6,81.5,0,0.0,0,0,18-APR-2022,
OPTSTK,ICICIGI,26-May-2022,1420.0,PE,0.0,0.0,0.0,196.95,94.2,0,0.0,0,0,18-APR-2022,
OPTSTK,ICICIGI,26-May-2022,1440.0,PE,0.0,0.0,0.0,212.7,107.85,0,0.0,0,0,18-APR-2022,
OPTSTK,ICICIGI,26-May-2022,1460.0,PE,0.0,0.0,0.0,228.95,122.4,0,0.0,0,0,18-APR-2022,
OPTSTK,ICICIGI,26-May-2022,1480.0,PE,0.0,0.0,0.0,245.55,137.65,0,0.0,0,0,18-APR-2022,
OPTSTK,ICICIGI,26-May-2022,1500.0,PE,0.0,0.0,0.0,262.55,153.6,0,0.0,0,0,18-APR-2022,
OPTSTK,ICICIGI,26-May-2022,1520.0,PE,0.0,0.0,0.0,279.85,170.2,0,0.0,0,0,18-APR-2022,
OPTSTK,ICICIGI,26-May-2022,1540.0,PE,0.0,0.0,0.0,297.4,187.35,0,0.0,0,0,18-APR-2022,
OPTSTK,ICICIGI,26-May-2022,1560.0,PE,0.0,0.0,0.0,315.3,204.95,0,0.0,0,0,18-APR-2022,
OPTSTK,ICICIGI,26-May-2022,1580.0,PE,0.0,0.0,0.0,333.35,223.0,0,0.0,0,0,18-APR-2022,
OPTSTK,ICICIGI,26-May-2022,1600.0,PE,0.0,0.0,0.0,351.7,241.35,0,0.0,0,0,18-APR-2022,
OPTSTK,ICICIGI,26-May-2022,1620.0,PE,0.0,0.0,0.0,370.15,260.05,0,0.0,0,0,18-APR-2022,
OPTSTK,ICICIGI,26-May-2022,1640.0,PE,0.0,0.0,0.0,388.85,278.95,0,0.0,0,0,18-APR-2022,
OPTSTK,ICICIGI,26-May-2022,1660.0,PE,0.0,0.0,0.0,407.65,298.1,0,0.0,0,0,18-APR-2022,
OPTSTK,ICICIGI,26-May-2022,1680.0,PE,0.0,0.0,0.0,426.6,317.35,0,0.0,0,0,18-APR-2022,
OPTSTK,ICICIGI,26-May-2022,1700.0,PE,0.0,0.0,0.0,445.65,336.8,0,0.0,0,0,18-APR-2022,
OPTSTK,ICICIGI,26-May-2022,1720.0,PE,0.0,0.0,0.0,464.8,356.3,0,0.0,0,0,18-APR-2022,
OPTSTK,ICICIGI,26-May-2022,1740.0,PE,0.0,0.0,0.0,484.05,375.95,0,0.0,0,0,18-APR-2022,
OPTSTK,ICICIGI,26-May-2022,1760.0,PE,0.0,0.0,0.0,503.4,395.65,0,0.0,0,0,18-APR-2022,
OPTSTK,ICICIGI,26-May-2022,1780.0,PE,0.0,0.0,0.0,522.75,415.35,0,0.0,0,0,18-APR-2022,
OPTSTK,ICICIGI,26-May-2022,1800.0,PE,0.0,0.0,0.0,542.2,435.15,0,0.0,0,0,18-APR-2022,
OPTSTK,ICICIGI,30-Jun-2022,920.0,CE,0.0,0.0,0.0,419.1,445.4,0,0.0,0,0,18-APR-2022,
OPTSTK,ICICIGI,30-Jun-2022,940.0,CE,0.0,0.0,0.0,399.8,425.75,0,0.0,0,0,18-APR-2022,
OPTSTK,ICICIGI,30-Jun-2022,960.0,CE,0.0,0.0,0.0,380.6,406.15,0,0.0,0,0,18-APR-2022,
OPTSTK,ICICIGI,30-Jun-2022,980.0,CE,0.0,0.0,0.0,361.65,386.6,0,0.0,0,0,18-APR-2022,
OPTSTK,ICICIGI,30-Jun-2022,1000.0,CE,0.0,0.0,0.0,342.85,367.25,0,0.0,0,0,18-APR-2022,
OPTSTK,ICICIGI,30-Jun-2022,1020.0,CE,0.0,0.0,0.0,324.35,348.0,0,0.0,0,0,18-APR-2022,
OPTSTK,ICICIGI,30-Jun-2022,1040.0,CE,0.0,0.0,0.0,306.1,328.95,0,0.0,0,0,18-APR-2022,
OPTSTK,ICICIGI,30-Jun-2022,1060.0,CE,0.0,0.0,0.0,288.25,310.15,0,0.0,0,0,18-APR-2022,
OPTSTK,ICICIGI,30-Jun-2022,1080.0,CE,0.0,0.0,0.0,270.75,291.65,0,0.0,0,0,18-APR-2022,
OPTSTK,ICICIGI,30-Jun-2022,1100.0,CE,0.0,0.0,0.0,253.7,273.45,0,0.0,0,0,18-APR-2022,
OPTSTK,ICICIGI,30-Jun-2022,1120.0,CE,0.0,0.0,0.0,237.1,255.65,0,0.0,0,0,18-APR-2022,
OPTSTK,ICICIGI,30-Jun-2022,1140.0,CE,0.0,0.0,0.0,221.05,238.3,0,0.0,0,0,18-APR-2022,
OPTSTK,ICICIGI,30-Jun-2022,1160.0,CE,0.0,0.0,0.0,205.5,221.4,0,0.0,0,0,18-APR-2022,
OPTSTK,ICICIGI,30-Jun-2022,1180.0,CE,0.0,0.0,0.0,190.6,205.05,0,0.0,0,0,18-APR-2022,
OPTSTK,ICICIGI,30-Jun-2022,1200.0,CE,0.0,0.0,0.0,176.3,189.3,0,0.0,0,0,18-APR-2022,
OPTSTK,ICICIGI,30-Jun-2022,1220.0,CE,0.0,0.0,0.0,162.55,174.15,0,0.0,0,0,18-APR-2022,
OPTSTK,ICICIGI,30-Jun-2022,1240.0,CE,0.0,0.0,0.0,149.5,159.75,0,0.0,0,0,18-APR-2022,
OPTSTK,ICICIGI,30-Jun-2022,1260.0,CE,0.0,0.0,0.0,137.15,145.9,0,0.0,0,0,18-APR-2022,
OPTSTK,ICICIGI,30-Jun-2022,1280.0,CE,0.0,0.0,0.0,125.5,132.9,0,0.0,0,0,18-APR-2022,
OPTSTK,ICICIGI,30-Jun-2022,1300.0,CE,0.0,0.0,0.0,114.55,120.6,0,0.0,0,0,18-APR-2022,
OPTSTK,ICICIGI,30-Jun-2022,1320.0,CE,0.0,0.0,0.0,104.25,109.05,0,0.0,0,0,18-APR-2022,
OPTSTK,ICICIGI,30-Jun-2022,1340.0,CE,0.0,0.0,0.0,94.6,98.3,0,0.0,0,0,18-APR-2022,
OPTSTK,ICICIGI,30-Jun-2022,1360.0,CE,0.0,0.0,0.0,85.7,88.3,0,0.0,0,0,18-APR-2022,
OPTSTK,ICICIGI,30-Jun-2022,1380.0,CE,0.0,0.0,0.0,77.35,79.05,0,0.0,0,0,18-APR-2022,
OPTSTK,ICICIGI,30-Jun-2022,1400.0,CE,0.0,0.0,0.0,69.7,70.5,0,0.0,0,0,18-APR-2022,
OPTSTK,ICICIGI,30-Jun-2022,1420.0,CE,0.0,0.0,0.0,62.65,62.7,0,0.0,0,0,18-APR-2022,
OPTSTK,ICICIGI,30-Jun-2022,1440.0,CE,0.0,0.0,0.0,56.15,55.55,0,0.0,0,0,18-APR-2022,
OPTSTK,ICICIGI,30-Jun-2022,1460.0,CE,0.0,0.0,0.0,50.2,49.05,0,0.0,0,0,18-APR-2022,
OPTSTK,ICICIGI,30-Jun-2022,1480.0,CE,0.0,0.0,0.0,44.8,43.2,0,0.0,0,0,18-APR-2022,
OPTSTK,ICICIGI,30-Jun-2022,1500.0,CE,0.0,0.0,0.0,39.95,37.95,0,0.0,0,0,18-APR-2022,
OPTSTK,ICICIGI,30-Jun-2022,1520.0,CE,0.0,0.0,0.0,35.5,33.25,0,0.0,0,0,18-APR-2022,
OPTSTK,ICICIGI,30-Jun-2022,1540.0,CE,0.0,0.0,0.0,31.45,28.95,0,0.0,0,0,18-APR-2022,
OPTSTK,ICICIGI,30-Jun-2022,1560.0,CE,0.0,0.0,0.0,27.8,25.2,0,0.0,0,0,18-APR-2022,
OPTSTK,ICICIGI,30-Jun-2022,1580.0,CE,0.0,0.0,0.0,24.55,21.85,0,0.0,0,0,18-APR-2022,
OPTSTK,ICICIGI,30-Jun-2022,1600.0,CE,0.0,0.0,0.0,21.6,18.9,0,0.0,0,0,18-APR-2022,
OPTSTK,ICICIGI,30-Jun-2022,1620.0,CE,0.0,0.0,0.0,19.0,16.3,0,0.0,0,0,18-APR-2022,
OPTSTK,ICICIGI,30-Jun-2022,1640.0,CE,0.0,0.0,0.0,16.7,14.0,0,0.0,0,0,18-APR-2022,
OPTSTK,ICICIGI,30-Jun-2022,1660.0,CE,0.0,0.0,0.0,14.6,12.0,0,0.0,0,0,18-APR-2022,
OPTSTK,ICICIGI,30-Jun-2022,1680.0,CE,0.0,0.0,0.0,12.75,10.3,0,0.0,0,0,18-APR-2022,
OPTSTK,ICICIGI,30-Jun-2022,1700.0,CE,0.0,0.0,0.0,11.15,8.75,0,0.0,0,0,18-APR-2022,
OPTSTK,ICICIGI,30-Jun-2022,1720.0,CE,0.0,0.0,0.0,9.7,7.45,0,0.0,0,0,18-APR-2022,
OPTSTK,ICICIGI,30-Jun-2022,1740.0,CE,0.0,0.0,0.0,8.45,6.35,0,0.0,0,0,18-APR-2022,
OPTSTK,ICICIGI,30-Jun-2022,1760.0,CE,0.0,0.0,0.0,7.35,5.35,0,0.0,0,0,18-APR-2022,
OPTSTK,ICICIGI,30-Jun-2022,1780.0,CE,0.0,0.0,0.0,6.35,4.55,0,0.0,0,0,18-APR-2022,
OPTSTK,ICICIGI,30-Jun-2022,1800.0,CE,0.0,0.0,0.0,5.5,3.85,0,0.0,0,0,18-APR-2022,
OPTSTK,ICICIGI,30-Jun-2022,920.0,PE,0.0,0.0,0.0,1.15,0.3,0,0.0,0,0,18-APR-2022,
OPTSTK,ICICIGI,30-Jun-2022,940.0,PE,0.0,0.0,0.0,1.6,0.45,0,0.0,0,0,18-APR-2022,
OPTSTK,ICICIGI,30-Jun-2022,960.0,PE,0.0,0.0,0.0,2.25,0.7,0,0.0,0,0,18-APR-2022,
OPTSTK,ICICIGI,30-Jun-2022,980.0,PE,0.0,0.0,0.0,3.05,1.05,0,0.0,0,0,18-APR-2022,
OPTSTK,ICICIGI,30-Jun-2022,1000.0,PE,0.0,0.0,0.0,4.05,1.45,0,0.0,0,0,18-APR-2022,
OPTSTK,ICICIGI,30-Jun-2022,1020.0,PE,0.0,0.0,0.0,5.3,2.05,0,0.0,0,0,18-APR-2022,
OPTSTK,ICICIGI,30-Jun-2022,1040.0,PE,0.0,0.0,0.0,6.9,2.85,0,0.0,0,0,18-APR-2022,
OPTSTK,ICICIGI,30-Jun-2022,1060.0,PE,0.0,0.0,0.0,8.8,3.9,0,0.0,0,0,18-APR-2022,
OPTSTK,ICICIGI,30-Jun-2022,1080.0,PE,0.0,0.0,0.0,11.1,5.2,0,0.0,0,0,18-APR-2022,
OPTSTK,ICICIGI,30-Jun-2022,1100.0,PE,0.0,0.0,0.0,13.85,6.85,0,0.0,0,0,18-APR-2022,
OPTSTK,ICICIGI,30-Jun-2022,1120.0,PE,0.0,0.0,0.0,17.05,8.9,0,0.0,0,0,18-APR-2022,
OPTSTK,ICICIGI,30-Jun-2022,1140.0,PE,0.0,0.0,0.0,20.75,11.35,0,0.0,0,0,18-APR-2022,
OPTSTK,ICICIGI,30-Jun-2022,1160.0,PE,0.0,0.0,0.0,25.0,14.3,0,0.0,0,0,18-APR-2022,
OPTSTK,ICICIGI,30-Jun-2022,1180.0,PE,0.0,0.0,0.0,29.9,17.8,0,0.0,0,0,18-APR-2022,
OPTSTK,ICICIGI,30-Jun-2022,1200.0,PE,0.0,0.0,0.0,35.35,21.85,0,0.0,0,0,18-APR-2022,
OPTSTK,ICICIGI,30-Jun-2022,1220.0,PE,0.0,0.0,0.0,41.4,26.55,0,0.0,0,0,18-APR-2022,
OPTSTK,ICICIGI,30-Jun-2022,1240.0,PE,0.0,0.0,0.0,48.15,31.95,0,0.0,0,0,18-APR-2022,
OPTSTK,ICICIGI,30-Jun-2022,1260.0,PE,0.0,0.0,0.0,55.6,37.95,0,0.0,0,0,18-APR-2022,
OPTSTK,ICICIGI,30-Jun-2022,1280.0,PE,0.0,0.0,0.0,63.75,44.75,0,0.0,0,0,18-APR-2022,
OPTSTK,ICICIGI,30-Jun-2022,1300.0,PE,0.0,0.0,0.0,72.55,52.3,0,0.0,0,0,18-APR-2022,
OPTSTK,ICICIGI,30-Jun-2022,1320.0,PE,0.0,0.0,0.0,82.05,60.6,0,0.0,0,0,18-APR-2022,
OPTSTK,ICICIGI,30-Jun-2022,1340.0,PE,0.0,0.0,0.0,92.25,69.65,0,0.0,0,0,18-APR-2022,
OPTSTK,ICICIGI,30-Jun-2022,1360.0,PE,0.0,0.0,0.0,103.05,79.5,0,0.0,0,0,18-APR-2022,
OPTSTK,ICICIGI,30-Jun-2022,1380.0,PE,0.0,0.0,0.0,114.55,90.05,0,0.0,0,0,18-APR-2022,
OPTSTK,ICICIGI,30-Jun-2022,1400.0,PE,0.0,0.0,0.0,126.7,101.35,0,0.0,0,0,18-APR-2022,
OPTSTK,ICICIGI,30-Jun-2022,1420.0,PE,0.0,0.0,0.0,139.4,113.35,0,0.0,0,0,18-APR-2022,
OPTSTK,ICICIGI,30-Jun-2022,1440.0,PE,0.0,0.0,0.0,152.7,126.05,0,0.0,0,0,18-APR-2022,
OPTSTK,ICICIGI,30-Jun-2022,1460.0,PE,0.0,0.0,0.0,166.55,139.4,0,0.0,0,0,18-APR-2022,
OPTSTK,ICICIGI,30-Jun-2022,1480.0,PE,0.0,0.0,0.0,180.95,153.35,0,0.0,0,0,18-APR-2022,
OPTSTK,ICICIGI,30-Jun-2022,1500.0,PE,0.0,0.0,0.0,195.9,167.95,0,0.0,0,0,18-APR-2022,
OPTSTK,ICICIGI,30-Jun-2022,1520.0,PE,0.0,0.0,0.0,211.25,183.05,0,0.0,0,0,18-APR-2022,
OPTSTK,ICICIGI,30-Jun-2022,1540.0,PE,0.0,0.0,0.0,226.95,198.6,0,0.0,0,0,18-APR-2022,
OPTSTK,ICICIGI,30-Jun-2022,1560.0,PE,0.0,0.0,0.0,243.1,214.7,0,0.0,0,0,18-APR-2022,
OPTSTK,ICICIGI,30-Jun-2022,1580.0,PE,0.0,0.0,0.0,259.65,231.15,0,0.0,0,0,18-APR-2022,
OPTSTK,ICICIGI,30-Jun-2022,1600.0,PE,0.0,0.0,0.0,276.5,248.05,0,0.0,0,0,18-APR-2022,
OPTSTK,ICICIGI,30-Jun-2022,1620.0,PE,0.0,0.0,0.0,293.65,265.3,0,0.0,0,0,18-APR-2022,
OPTSTK,ICICIGI,30-Jun-2022,1640.0,PE,0.0,0.0,0.0,311.15,282.85,0,0.0,0,0,18-APR-2022,
OPTSTK,ICICIGI,30-Jun-2022,1660.0,PE,0.0,0.0,0.0,328.85,300.65,0,0.0,0,0,18-APR-2022,
OPTSTK,ICICIGI,30-Jun-2022,1680.0,PE,0.0,0.0,0.0,346.8,318.75,0,0.0,0,0,18-APR-2022,
OPTSTK,ICICIGI,30-Jun-2022,1700.0,PE,0.0,0.0,0.0,364.95,337.1,0,0.0,0,0,18-APR-2022,
OPTSTK,ICICIGI,30-Jun-2022,1720.0,PE,0.0,0.0,0.0,383.3,355.6,0,0.0,0,0,18-APR-2022,
OPTSTK,ICICIGI,30-Jun-2022,1740.0,PE,0.0,0.0,0.0,401.85,374.3,0,0.0,0,0,18-APR-2022,
OPTSTK,ICICIGI,30-Jun-2022,1760.0,PE,0.0,0.0,0.0,420.5,393.15,0,0.0,0,0,18-APR-2022,
OPTSTK,ICICIGI,30-Jun-2022,1780.0,PE,0.0,0.0,0.0,439.35,412.15,0,0.0,0,0,18-APR-2022,
OPTSTK,ICICIGI,30-Jun-2022,1800.0,PE,0.0,0.0,0.0,458.25,431.3,0,0.0,0,0,18-APR-2022,
OPTSTK,ICICIPRULI,28-Apr-2022,330.0,CE,0.0,0.0,0.0,217.05,212.55,0,0.0,0,0,18-APR-2022,
OPTSTK,ICICIPRULI,28-Apr-2022,335.0,CE,0.0,0.0,0.0,167.0,207.55,0,0.0,0,0,18-APR-2022,
OPTSTK,ICICIPRULI,28-Apr-2022,340.0,CE,0.0,0.0,0.0,207.3,202.55,0,0.0,0,0,18-APR-2022,
OPTSTK,ICICIPRULI,28-Apr-2022,345.0,CE,0.0,0.0,0.0,157.0,197.55,0,0.0,0,0,18-APR-2022,
OPTSTK,ICICIPRULI,28-Apr-2022,350.0,CE,0.0,0.0,0.0,197.6,192.55,0,0.0,0,0,18-APR-2022,
OPTSTK,ICICIPRULI,28-Apr-2022,355.0,CE,0.0,0.0,0.0,147.05,187.55,0,0.0,0,0,18-APR-2022,
OPTSTK,ICICIPRULI,28-Apr-2022,360.0,CE,0.0,0.0,0.0,188.0,182.6,0,0.0,0,0,18-APR-2022,
OPTSTK,ICICIPRULI,28-Apr-2022,365.0,CE,0.0,0.0,0.0,137.15,177.6,0,0.0,0,0,18-APR-2022,
OPTSTK,ICICIPRULI,28-Apr-2022,370.0,CE,0.0,0.0,0.0,178.45,172.6,0,0.0,0,0,18-APR-2022,
OPTSTK,ICICIPRULI,28-Apr-2022,375.0,CE,0.0,0.0,0.0,127.2,167.6,0,0.0,0,0,18-APR-2022,
OPTSTK,ICICIPRULI,28-Apr-2022,380.0,CE,0.0,0.0,0.0,169.0,162.6,0,0.0,0,0,18-APR-2022,
OPTSTK,ICICIPRULI,28-Apr-2022,385.0,CE,0.0,0.0,0.0,117.35,157.6,0,0.0,0,0,18-APR-2022,
OPTSTK,ICICIPRULI,28-Apr-2022,390.0,CE,0.0,0.0,0.0,159.7,152.6,0,0.0,0,0,18-APR-2022,
OPTSTK,ICICIPRULI,28-Apr-2022,395.0,CE,0.0,0.0,0.0,107.6,147.6,0,0.0,0,0,18-APR-2022,
OPTSTK,ICICIPRULI,28-Apr-2022,400.0,CE,0.0,0.0,0.0,150.6,142.6,0,0.0,0,0,18-APR-2022,
OPTSTK,ICICIPRULI,28-Apr-2022,405.0,CE,0.0,0.0,0.0,97.95,137.65,0,0.0,0,0,18-APR-2022,
OPTSTK,ICICIPRULI,28-Apr-2022,410.0,CE,0.0,0.0,0.0,141.6,132.65,0,0.0,0,0,18-APR-2022,
OPTSTK,ICICIPRULI,28-Apr-2022,415.0,CE,0.0,0.0,0.0,88.45,127.65,0,0.0,0,0,18-APR-2022,
OPTSTK,ICICIPRULI,28-Apr-2022,420.0,CE,0.0,0.0,0.0,132.85,122.65,0,0.0,0,0,18-APR-2022,
OPTSTK,ICICIPRULI,28-Apr-2022,425.0,CE,0.0,0.0,0.0,79.25,117.65,0,0.0,0,0,18-APR-2022,
OPTSTK,ICICIPRULI,28-Apr-2022,430.0,CE,0.0,0.0,0.0,124.35,112.65,0,0.0,0,0,18-APR-2022,
OPTSTK,ICICIPRULI,28-Apr-2022,435.0,CE,0.0,0.0,0.0,70.35,107.65,0,0.0,0,0,18-APR-2022,
OPTSTK,ICICIPRULI,28-Apr-2022,440.0,CE,0.0,0.0,0.0,116.05,102.7,0,0.0,0,0,18-APR-2022,
OPTSTK,ICICIPRULI,28-Apr-2022,445.0,CE,0.0,0.0,0.0,61.85,97.7,0,0.0,0,0,18-APR-2022,
OPTSTK,ICICIPRULI,28-Apr-2022,450.0,CE,0.0,0.0,0.0,70.0,92.7,0,0.0,2250,0,18-APR-2022,
OPTSTK,ICICIPRULI,28-Apr-2022,455.0,CE,0.0,0.0,0.0,53.8,87.75,0,0.0,0,0,18-APR-2022,
OPTSTK,ICICIPRULI,28-Apr-2022,460.0,CE,0.0,0.0,0.0,100.35,82.8,0,0.0,0,0,18-APR-2022,
OPTSTK,ICICIPRULI,28-Apr-2022,465.0,CE,0.0,0.0,0.0,46.3,77.85,0,0.0,0,0,18-APR-2022,
OPTSTK,ICICIPRULI,28-Apr-2022,470.0,CE,0.0,0.0,0.0,35.0,72.95,0,0.0,750,0,18-APR-2022,
OPTSTK,ICICIPRULI,28-Apr-2022,475.0,CE,0.0,0.0,0.0,39.4,68.1,0,0.0,0,0,18-APR-2022,
OPTSTK,ICICIPRULI,28-Apr-2022,480.0,CE,0.0,0.0,0.0,63.0,63.25,0,0.0,6000,0,18-APR-2022,
OPTSTK,ICICIPRULI,28-Apr-2022,485.0,CE,0.0,0.0,0.0,33.15,58.5,0,0.0,0,0,18-APR-2022,
OPTSTK,ICICIPRULI,28-Apr-2022,490.0,CE,65.45,65.45,65.45,65.45,53.85,1,4.16,2250,0,18-APR-2022,
OPTSTK,ICICIPRULI,28-Apr-2022,495.0,CE,0.0,0.0,0.0,27.55,49.3,0,0.0,0,0,18-APR-2022,
OPTSTK,ICICIPRULI,28-Apr-2022,500.0,CE,43.3,70.25,41.0,44.0,44.85,52,218.17,119250,-9750,18-APR-2022,
OPTSTK,ICICIPRULI,28-Apr-2022,505.0,CE,0.0,0.0,0.0,22.65,40.6,0,0.0,0,0,18-APR-2022,
OPTSTK,ICICIPRULI,28-Apr-2022,510.0,CE,42.85,59.2,42.85,54.6,36.5,22,93.16,33000,-3000,18-APR-2022,
OPTSTK,ICICIPRULI,28-Apr-2022,515.0,CE,31.7,43.1,31.7,43.1,32.55,3,12.44,9750,0,18-APR-2022,
OPTSTK,ICICIPRULI,28-Apr-2022,520.0,CE,28.0,48.35,25.0,30.5,30.5,50,209.04,118500,0,18-APR-2022,
OPTSTK,ICICIPRULI,28-Apr-2022,525.0,CE,24.1,58.3,23.0,23.9,23.9,17,71.25,35250,-750,18-APR-2022,
OPTSTK,ICICIPRULI,28-Apr-2022,530.0,CE,20.5,42.35,17.95,21.95,21.95,201,842.46,60750,-20250,18-APR-2022,
OPTSTK,ICICIPRULI,28-Apr-2022,535.0,CE,19.4,38.6,14.7,18.2,19.2,23,96.97,16500,-6750,18-APR-2022,
OPTSTK,ICICIPRULI,28-Apr-2022,540.0,CE,18.6,35.0,13.0,15.75,15.75,1752,7377.21,111750,-19500,18-APR-2022,
OPTSTK,ICICIPRULI,28-Apr-2022,545.0,CE,15.85,29.9,11.0,13.0,13.0,230,969.4,24750,0,18-APR-2022,
OPTSTK,ICICIPRULI,28-Apr-2022,550.0,CE,12.6,28.0,9.05,11.6,11.6,4091,17408.75,335250,105000,18-APR-2022,
OPTSTK,ICICIPRULI,28-Apr-2022,555.0,CE,9.85,24.9,8.0,9.55,9.55,323,1384.85,42750,39000,18-APR-2022,
OPTSTK,ICICIPRULI,28-Apr-2022,560.0,CE,8.55,22.0,6.45,8.05,8.05,5020,21641.45,295500,196500,18-APR-2022,
OPTSTK,ICICIPRULI,28-Apr-2022,565.0,CE,11.8,19.25,5.75,6.45,6.45,672,2919.4,57750,57000,18-APR-2022,
OPTSTK,ICICIPRULI,28-Apr-2022,570.0,CE,6.35,16.85,4.7,5.6,5.6,2575,11232.64,182250,143250,18-APR-2022,
OPTSTK,ICICIPRULI,28-Apr-2022,575.0,CE,9.45,14.5,4.75,5.25,5.25,63,276.73,15000,15000,18-APR-2022,
OPTSTK,ICICIPRULI,28-Apr-2022,580.0,CE,5.05,12.65,3.6,4.25,4.25,1476,6511.32,150750,125250,18-APR-2022,
OPTSTK,ICICIPRULI,28-Apr-2022,585.0,CE,0.0,0.0,0.0,3.1,2.85,0,0.0,0,0,18-APR-2022,
OPTSTK,ICICIPRULI,28-Apr-2022,590.0,CE,5.9,9.35,2.75,2.9,2.25,56,250.53,12000,12000,18-APR-2022,
OPTSTK,ICICIPRULI,28-Apr-2022,595.0,CE,0.0,0.0,0.0,2.3,1.75,0,0.0,0,0,18-APR-2022,
OPTSTK,ICICIPRULI,28-Apr-2022,600.0,CE,2.65,7.1,2.0,2.7,2.7,2035,9226.16,250500,108000,18-APR-2022,
OPTSTK,ICICIPRULI,28-Apr-2022,605.0,CE,0.0,0.0,0.0,1.7,1.05,0,0.0,0,0,18-APR-2022,
OPTSTK,ICICIPRULI,28-Apr-2022,610.0,CE,0.0,0.0,0.0,24.5,0.8,0,0.0,0,0,18-APR-2022,
OPTSTK,ICICIPRULI,28-Apr-2022,615.0,CE,0.0,0.0,0.0,1.25,0.6,0,0.0,0,0,18-APR-2022,
OPTSTK,ICICIPRULI,28-Apr-2022,620.0,CE,3.0,3.5,1.5,1.55,0.45,16,74.71,6750,3750,18-APR-2022,
OPTSTK,ICICIPRULI,28-Apr-2022,625.0,CE,0.0,0.0,0.0,0.9,0.35,0,0.0,0,0,18-APR-2022,
OPTSTK,ICICIPRULI,28-Apr-2022,630.0,CE,0.0,0.0,0.0,19.6,0.25,0,0.0,0,0,18-APR-2022,
OPTSTK,ICICIPRULI,28-Apr-2022,635.0,CE,0.0,0.0,0.0,0.65,0.2,0,0.0,0,0,18-APR-2022,
OPTSTK,ICICIPRULI,28-Apr-2022,640.0,CE,0.0,0.0,0.0,17.45,0.15,0,0.0,0,0,18-APR-2022,
OPTSTK,ICICIPRULI,28-Apr-2022,645.0,CE,0.0,0.0,0.0,0.45,0.1,0,0.0,0,0,18-APR-2022,
OPTSTK,ICICIPRULI,28-Apr-2022,650.0,CE,2.0,2.9,0.55,0.55,0.55,43,210.15,11250,11250,18-APR-2022,
OPTSTK,ICICIPRULI,28-Apr-2022,655.0,CE,0.0,0.0,0.0,0.35,0.05,0,0.0,0,0,18-APR-2022,
OPTSTK,ICICIPRULI,28-Apr-2022,660.0,CE,0.0,0.0,0.0,13.75,0.05,0,0.0,0,0,18-APR-2022,
OPTSTK,ICICIPRULI,28-Apr-2022,665.0,CE,0.0,0.0,0.0,0.25,0.05,0,0.0,0,0,18-APR-2022,
OPTSTK,ICICIPRULI,28-Apr-2022,670.0,CE,0.0,0.0,0.0,12.2,0.05,0,0.0,0,0,18-APR-2022,
OPTSTK,ICICIPRULI,28-Apr-2022,675.0,CE,0.0,0.0,0.0,0.15,0.05,0,0.0,0,0,18-APR-2022,
OPTSTK,ICICIPRULI,28-Apr-2022,680.0,CE,0.0,0.0,0.0,10.8,0.05,0,0.0,0,0,18-APR-2022,
OPTSTK,ICICIPRULI,28-Apr-2022,685.0,CE,0.0,0.0,0.0,0.1,0.0,0,0.0,0,0,18-APR-2022,
OPTSTK,ICICIPRULI,28-Apr-2022,690.0,CE,0.0,0.0,0.0,9.55,0.0,0,0.0,0,0,18-APR-2022,
OPTSTK,ICICIPRULI,28-Apr-2022,695.0,CE,0.0,0.0,0.0,0.1,0.0,0,0.0,0,0,18-APR-2022,
OPTSTK,ICICIPRULI,28-Apr-2022,700.0,CE,0.0,0.0,0.0,8.4,0.0,0,0.0,0,0,18-APR-2022,
OPTSTK,ICICIPRULI,28-Apr-2022,710.0,CE,0.0,0.0,0.0,7.4,0.0,0,0.0,0,0,18-APR-2022,
OPTSTK,ICICIPRULI,28-Apr-2022,720.0,CE,0.0,0.0,0.0,6.5,0.0,0,0.0,0,0,18-APR-2022,
OPTSTK,ICICIPRULI,28-Apr-2022,730.0,CE,0.0,0.0,0.0,5.75,0.0,0,0.0,0,0,18-APR-2022,
OPTSTK,ICICIPRULI,28-Apr-2022,740.0,CE,0.0,0.0,0.0,5.05,0.0,0,0.0,0,0,18-APR-2022,
OPTSTK,ICICIPRULI,28-Apr-2022,750.0,CE,0.0,0.0,0.0,4.4,0.0,0,0.0,0,0,18-APR-2022,
OPTSTK,ICICIPRULI,28-Apr-2022,760.0,CE,0.0,0.0,0.0,3.85,0.0,0,0.0,0,0,18-APR-2022,
OPTSTK,ICICIPRULI,28-Apr-2022,770.0,CE,0.0,0.0,0.0,3.35,0.0,0,0.0,0,0,18-APR-2022,
OPTSTK,ICICIPRULI,28-Apr-2022,780.0,CE,0.0,0.0,0.0,2.95,0.0,0,0.0,1500,0,18-APR-2022,
OPTSTK,ICICIPRULI,28-Apr-2022,330.0,PE,0.0,0.0,0.0,0.3,0.0,0,0.0,0,0,18-APR-2022,
OPTSTK,ICICIPRULI,28-Apr-2022,335.0,PE,0.0,0.0,0.0,0.05,0.0,0,0.0,0,0,18-APR-2022,
OPTSTK,ICICIPRULI,28-Apr-2022,340.0,PE,0.0,0.0,0.0,0.4,0.0,0,0.0,0,0,18-APR-2022,
OPTSTK,ICICIPRULI,28-Apr-2022,345.0,PE,0.0,0.0,0.0,0.05,0.0,0,0.0,0,0,18-APR-2022,
OPTSTK,ICICIPRULI,28-Apr-2022,350.0,PE,0.0,0.0,0.0,0.6,0.0,0,0.0,0,0,18-APR-2022,
OPTSTK,ICICIPRULI,28-Apr-2022,355.0,PE,0.0,0.0,0.0,0.05,0.0,0,0.0,0,0,18-APR-2022,
OPTSTK,ICICIPRULI,28-Apr-2022,360.0,PE,0.0,0.0,0.0,0.9,0.0,0,0.0,0,0,18-APR-2022,
OPTSTK,ICICIPRULI,28-Apr-2022,365.0,PE,0.0,0.0,0.0,0.1,0.0,0,0.0,0,0,18-APR-2022,
OPTSTK,ICICIPRULI,28-Apr-2022,370.0,PE,0.0,0.0,0.0,1.25,0.0,0,0.0,0,0,18-APR-2022,
OPTSTK,ICICIPRULI,28-Apr-2022,375.0,PE,0.0,0.0,0.0,0.15,0.0,0,0.0,0,0,18-APR-2022,
OPTSTK,ICICIPRULI,28-Apr-2022,380.0,PE,0.0,0.0,0.0,1.7,0.0,0,0.0,0,0,18-APR-2022,
OPTSTK,ICICIPRULI,28-Apr-2022,385.0,PE,0.0,0.0,0.0,0.25,0.0,0,0.0,0,0,18-APR-2022,
OPTSTK,ICICIPRULI,28-Apr-2022,390.0,PE,0.0,0.0,0.0,2.3,0.0,0,0.0,0,0,18-APR-2022,
OPTSTK,ICICIPRULI,28-Apr-2022,395.0,PE,0.0,0.0,0.0,0.45,0.0,0,0.0,0,0,18-APR-2022,
OPTSTK,ICICIPRULI,28-Apr-2022,400.0,PE,0.0,0.0,0.0,3.05,0.0,0,0.0,0,0,18-APR-2022,
OPTSTK,ICICIPRULI,28-Apr-2022,405.0,PE,0.0,0.0,0.0,0.75,0.0,0,0.0,0,0,18-APR-2022,
OPTSTK,ICICIPRULI,28-Apr-2022,410.0,PE,0.0,0.0,0.0,4.0,0.0,0,0.0,0,0,18-APR-2022,
OPTSTK,ICICIPRULI,28-Apr-2022,415.0,PE,0.0,0.0,0.0,1.25,0.0,0,0.0,0,0,18-APR-2022,
OPTSTK,ICICIPRULI,28-Apr-2022,420.0,PE,0.0,0.0,0.0,0.5,0.0,0,0.0,750,0,18-APR-2022,
OPTSTK,ICICIPRULI,28-Apr-2022,425.0,PE,0.0,0.0,0.0,2.0,0.0,0,0.0,0,0,18-APR-2022,
OPTSTK,ICICIPRULI,28-Apr-2022,430.0,PE,0.0,0.0,0.0,6.5,0.0,0,0.0,0,0,18-APR-2022,
OPTSTK,ICICIPRULI,28-Apr-2022,435.0,PE,0.0,0.0,0.0,3.05,0.05,0,0.0,0,0,18-APR-2022,
OPTSTK,ICICIPRULI,28-Apr-2022,440.0,PE,0.0,0.0,0.0,0.7,0.05,0,0.0,1500,0,18-APR-2022,
OPTSTK,ICICIPRULI,28-Apr-2022,445.0,PE,0.0,0.0,0.0,4.55,0.05,0,0.0,0,0,18-APR-2022,
OPTSTK,ICICIPRULI,28-Apr-2022,450.0,PE,0.4,0.4,0.25,0.25,0.05,4,13.5,15000,-2250,18-APR-2022,
OPTSTK,ICICIPRULI,28-Apr-2022,455.0,PE,0.0,0.0,0.0,6.45,0.1,0,0.0,0,0,18-APR-2022,
OPTSTK,ICICIPRULI,28-Apr-2022,460.0,PE,0.65,1.35,0.3,1.35,1.35,10,34.54,15750,-2250,18-APR-2022,
OPTSTK,ICICIPRULI,28-Apr-2022,465.0,PE,0.0,0.0,0.0,8.95,0.2,0,0.0,0,0,18-APR-2022,
OPTSTK,ICICIPRULI,28-Apr-2022,470.0,PE,0.55,0.65,0.4,0.65,0.25,12,42.34,21750,-2250,18-APR-2022,
OPTSTK,ICICIPRULI,28-Apr-2022,475.0,PE,0.0,0.0,0.0,3.5,0.4,0,0.0,1500,0,18-APR-2022,
OPTSTK,ICICIPRULI,28-Apr-2022,480.0,PE,0.95,1.95,0.6,1.95,0.6,52,187.54,33750,-8250,18-APR-2022,
OPTSTK,ICICIPRULI,28-Apr-2022,485.0,PE,0.25,0.7,0.25,0.7,0.85,2,7.28,2250,0,18-APR-2022,
OPTSTK,ICICIPRULI,28-Apr-2022,490.0,PE,2.15,2.6,0.8,2.6,1.15,70,257.99,18750,-750,18-APR-2022,
OPTSTK,ICICIPRULI,28-Apr-2022,495.0,PE,0.0,0.0,0.0,5.65,1.6,0,0.0,3000,0,18-APR-2022,
OPTSTK,ICICIPRULI,28-Apr-2022,500.0,PE,3.9,5.05,1.15,3.7,3.7,628,2366.3,178500,18000,18-APR-2022,
OPTSTK,ICICIPRULI,28-Apr-2022,505.0,PE,1.0,2.0,1.0,2.0,2.85,2,7.59,26250,0,18-APR-2022,
OPTSTK,ICICIPRULI,28-Apr-2022,510.0,PE,4.45,6.3,1.6,2.7,2.7,72,276.87,97500,750,18-APR-2022,
OPTSTK,ICICIPRULI,28-Apr-2022,515.0,PE,1.7,9.55,1.7,6.7,6.7,12,46.74,9750,0,18-APR-2022,
OPTSTK,ICICIPRULI,28-Apr-2022,520.0,PE,7.25,9.0,2.15,6.8,6.8,329,1293.37,59250,-12750,18-APR-2022,
OPTSTK,ICICIPRULI,28-Apr-2022,525.0,PE,7.9,10.95,2.15,6.7,6.7,18,71.72,6000,4500,18-APR-2022,
OPTSTK,ICICIPRULI,28-Apr-2022,530.0,PE,4.9,13.0,3.3,9.35,9.35,408,1645.53,47250,-6750,18-APR-2022,
OPTSTK,ICICIPRULI,28-Apr-2022,535.0,PE,14.3,14.3,3.1,10.1,10.1,87,355.12,12000,0,18-APR-2022,
OPTSTK,ICICIPRULI,28-Apr-2022,540.0,PE,17.05,17.4,4.7,13.35,13.35,588,2424.89,50250,30750,18-APR-2022,
OPTSTK,ICICIPRULI,28-Apr-2022,545.0,PE,32.0,32.0,3.55,11.0,16.25,12,50.05,6000,3000,18-APR-2022,
OPTSTK,ICICIPRULI,28-Apr-2022,550.0,PE,20.45,22.9,7.3,18.6,18.6,885,3732.08,77250,56250,18-APR-2022,
OPTSTK,ICICIPRULI,28-Apr-2022,555.0,PE,25.5,25.5,12.95,17.85,22.15,16,68.74,3750,3750,18-APR-2022,
OPTSTK,ICICIPRULI,28-Apr-2022,560.0,PE,15.25,29.9,11.0,24.2,24.2,403,1740.5,84000,80250,18-APR-2022,
OPTSTK,ICICIPRULI,28-Apr-2022,565.0,PE,19.75,19.75,19.75,19.75,29.0,1,4.38,750,750,18-APR-2022,
OPTSTK,ICICIPRULI,28-Apr-2022,570.0,PE,20.5,28.3,15.55,28.3,32.75,11,48.62,4500,750,18-APR-2022,
OPTSTK,ICICIPRULI,28-Apr-2022,575.0,PE,0.0,0.0,0.0,76.45,36.7,0,0.0,0,0,18-APR-2022,
OPTSTK,ICICIPRULI,28-Apr-2022,580.0,PE,0.0,0.0,0.0,42.4,40.8,0,0.0,9750,0,18-APR-2022,
OPTSTK,ICICIPRULI,28-Apr-2022,585.0,PE,0.0,0.0,0.0,85.35,45.05,0,0.0,0,0,18-APR-2022,
OPTSTK,ICICIPRULI,28-Apr-2022,590.0,PE,0.0,0.0,0.0,70.95,49.45,0,0.0,0,0,18-APR-2022,
OPTSTK,ICICIPRULI,28-Apr-2022,595.0,PE,0.0,0.0,0.0,94.55,53.95,0,0.0,0,0,18-APR-2022,
OPTSTK,ICICIPRULI,28-Apr-2022,600.0,PE,0.0,0.0,0.0,66.5,58.55,0,0.0,2250,0,18-APR-2022,
OPTSTK,ICICIPRULI,28-Apr-2022,605.0,PE,0.0,0.0,0.0,103.9,63.2,0,0.0,0,0,18-APR-2022,
OPTSTK,ICICIPRULI,28-Apr-2022,610.0,PE,0.0,0.0,0.0,84.8,67.95,0,0.0,0,0,18-APR-2022,
OPTSTK,ICICIPRULI,28-Apr-2022,615.0,PE,0.0,0.0,0.0,113.4,72.75,0,0.0,0,0,18-APR-2022,
OPTSTK,ICICIPRULI,28-Apr-2022,620.0,PE,0.0,0.0,0.0,92.15,77.6,0,0.0,0,0,18-APR-2022,
OPTSTK,ICICIPRULI,28-Apr-2022,625.0,PE,0.0,0.0,0.0,123.05,82.5,0,0.0,0,0,18-APR-2022,
OPTSTK,ICICIPRULI,28-Apr-2022,630.0,PE,0.0,0.0,0.0,99.65,87.4,0,0.0,0,0,18-APR-2022,
OPTSTK,ICICIPRULI,28-Apr-2022,635.0,PE,0.0,0.0,0.0,132.75,92.35,0,0.0,0,0,18-APR-2022,
OPTSTK,ICICIPRULI,28-Apr-2022,640.0,PE,0.0,0.0,0.0,107.45,97.25,0,0.0,0,0,18-APR-2022,
OPTSTK,ICICIPRULI,28-Apr-2022,645.0,PE,0.0,0.0,0.0,142.55,102.25,0,0.0,0,0,18-APR-2022,
OPTSTK,ICICIPRULI,28-Apr-2022,650.0,PE,0.0,0.0,0.0,115.4,107.2,0,0.0,0,0,18-APR-2022,
OPTSTK,ICICIPRULI,28-Apr-2022,655.0,PE,0.0,0.0,0.0,152.35,112.2,0,0.0,0,0,18-APR-2022,
OPTSTK,ICICIPRULI,28-Apr-2022,660.0,PE,0.0,0.0,0.0,123.55,117.15,0,0.0,0,0,18-APR-2022,
OPTSTK,ICICIPRULI,28-Apr-2022,665.0,PE,0.0,0.0,0.0,162.25,122.15,0,0.0,0,0,18-APR-2022,
OPTSTK,ICICIPRULI,28-Apr-2022,670.0,PE,0.0,0.0,0.0,131.9,127.15,0,0.0,0,0,18-APR-2022,
OPTSTK,ICICIPRULI,28-Apr-2022,675.0,PE,0.0,0.0,0.0,172.15,132.1,0,0.0,0,0,18-APR-2022,
OPTSTK,ICICIPRULI,28-Apr-2022,680.0,PE,0.0,0.0,0.0,140.35,137.1,0,0.0,0,0,18-APR-2022,
OPTSTK,ICICIPRULI,28-Apr-2022,685.0,PE,0.0,0.0,0.0,182.05,142.1,0,0.0,0,0,18-APR-2022,
OPTSTK,ICICIPRULI,28-Apr-2022,690.0,PE,0.0,0.0,0.0,149.0,147.1,0,0.0,0,0,18-APR-2022,
OPTSTK,ICICIPRULI,28-Apr-2022,695.0,PE,0.0,0.0,0.0,185.1,152.1,0,0.0,0,0,18-APR-2022,
OPTSTK,ICICIPRULI,28-Apr-2022,700.0,PE,0.0,0.0,0.0,157.8,157.1,0,0.0,0,0,18-APR-2022,
OPTSTK,ICICIPRULI,28-Apr-2022,710.0,PE,0.0,0.0,0.0,166.65,167.05,0,0.0,0,0,18-APR-2022,
OPTSTK,ICICIPRULI,28-Apr-2022,720.0,PE,0.0,0.0,0.0,175.65,177.05,0,0.0,0,0,18-APR-2022,
OPTSTK,ICICIPRULI,28-Apr-2022,730.0,PE,0.0,0.0,0.0,184.8,187.05,0,0.0,0,0,18-APR-2022,
OPTSTK,ICICIPRULI,28-Apr-2022,740.0,PE,0.0,0.0,0.0,193.95,197.05,0,0.0,0,0,18-APR-2022,
OPTSTK,ICICIPRULI,28-Apr-2022,750.0,PE,0.0,0.0,0.0,203.25,207.05,0,0.0,0,0,18-APR-2022,
OPTSTK,ICICIPRULI,28-Apr-2022,760.0,PE,0.0,0.0,0.0,212.6,217.0,0,0.0,0,0,18-APR-2022,
OPTSTK,ICICIPRULI,28-Apr-2022,770.0,PE,0.0,0.0,0.0,222.0,227.0,0,0.0,0,0,18-APR-2022,
OPTSTK,ICICIPRULI,28-Apr-2022,780.0,PE,0.0,0.0,0.0,231.45,237.0,0,0.0,0,0,18-APR-2022,
OPTSTK,ICICIPRULI,26-May-2022,330.0,CE,0.0,0.0,0.0,142.15,213.65,0,0.0,0,0,18-APR-2022,
OPTSTK,ICICIPRULI,26-May-2022,335.0,CE,0.0,0.0,0.0,168.25,208.65,0,0.0,0,0,18-APR-2022,
OPTSTK,ICICIPRULI,26-May-2022,340.0,CE,0.0,0.0,0.0,132.85,203.65,0,0.0,0,0,18-APR-2022,
OPTSTK,ICICIPRULI,26-May-2022,345.0,CE,0.0,0.0,0.0,158.45,198.7,0,0.0,0,0,18-APR-2022,
OPTSTK,ICICIPRULI,26-May-2022,350.0,CE,0.0,0.0,0.0,123.8,193.7,0,0.0,0,0,18-APR-2022,
OPTSTK,ICICIPRULI,26-May-2022,355.0,CE,0.0,0.0,0.0,148.7,188.75,0,0.0,0,0,18-APR-2022,
OPTSTK,ICICIPRULI,26-May-2022,360.0,CE,0.0,0.0,0.0,114.95,183.8,0,0.0,0,0,18-APR-2022,
OPTSTK,ICICIPRULI,26-May-2022,365.0,CE,0.0,0.0,0.0,139.05,178.8,0,0.0,0,0,18-APR-2022,
OPTSTK,ICICIPRULI,26-May-2022,370.0,CE,0.0,0.0,0.0,106.35,173.85,0,0.0,0,0,18-APR-2022,
OPTSTK,ICICIPRULI,26-May-2022,375.0,CE,0.0,0.0,0.0,129.5,168.9,0,0.0,0,0,18-APR-2022,
OPTSTK,ICICIPRULI,26-May-2022,380.0,CE,0.0,0.0,0.0,98.1,163.95,0,0.0,0,0,18-APR-2022,
OPTSTK,ICICIPRULI,26-May-2022,385.0,CE,0.0,0.0,0.0,120.15,159.0,0,0.0,0,0,18-APR-2022,
OPTSTK,ICICIPRULI,26-May-2022,390.0,CE,0.0,0.0,0.0,90.1,154.05,0,0.0,0,0,18-APR-2022,
OPTSTK,ICICIPRULI,26-May-2022,395.0,CE,0.0,0.0,0.0,110.95,149.1,0,0.0,0,0,18-APR-2022,
OPTSTK,ICICIPRULI,26-May-2022,400.0,CE,0.0,0.0,0.0,82.5,144.2,0,0.0,0,0,18-APR-2022,
OPTSTK,ICICIPRULI,26-May-2022,405.0,CE,0.0,0.0,0.0,102.0,139.3,0,0.0,0,0,18-APR-2022,
OPTSTK,ICICIPRULI,26-May-2022,410.0,CE,0.0,0.0,0.0,75.25,134.4,0,0.0,0,0,18-APR-2022,
OPTSTK,ICICIPRULI,26-May-2022,415.0,CE,0.0,0.0,0.0,93.3,129.55,0,0.0,0,0,18-APR-2022,
OPTSTK,ICICIPRULI,26-May-2022,420.0,CE,0.0,0.0,0.0,68.35,124.7,0,0.0,0,0,18-APR-2022,
OPTSTK,ICICIPRULI,26-May-2022,425.0,CE,0.0,0.0,0.0,84.95,119.9,0,0.0,0,0,18-APR-2022,
OPTSTK,ICICIPRULI,26-May-2022,430.0,CE,0.0,0.0,0.0,61.85,115.15,0,0.0,0,0,18-APR-2022,
OPTSTK,ICICIPRULI,26-May-2022,435.0,CE,0.0,0.0,0.0,76.95,110.45,0,0.0,0,0,18-APR-2022,
OPTSTK,ICICIPRULI,26-May-2022,440.0,CE,0.0,0.0,0.0,55.8,105.75,0,0.0,0,0,18-APR-2022,
OPTSTK,ICICIPRULI,26-May-2022,445.0,CE,0.0,0.0,0.0,69.4,101.15,0,0.0,0,0,18-APR-2022,
OPTSTK,ICICIPRULI,26-May-2022,450.0,CE,0.0,0.0,0.0,50.2,96.6,0,0.0,0,0,18-APR-2022,
OPTSTK,ICICIPRULI,26-May-2022,455.0,CE,0.0,0.0,0.0,62.2,92.1,0,0.0,0,0,18-APR-2022,
OPTSTK,ICICIPRULI,26-May-2022,460.0,CE,0.0,0.0,0.0,44.95,87.7,0,0.0,0,0,18-APR-2022,
OPTSTK,ICICIPRULI,26-May-2022,465.0,CE,0.0,0.0,0.0,55.45,83.35,0,0.0,0,0,18-APR-2022,
OPTSTK,ICICIPRULI,26-May-2022,470.0,CE,0.0,0.0,0.0,40.15,79.1,0,0.0,0,0,18-APR-2022,
OPTSTK,ICICIPRULI,26-May-2022,475.0,CE,0.0,0.0,0.0,49.2,74.95,0,0.0,0,0,18-APR-2022,
OPTSTK,ICICIPRULI,26-May-2022,480.0,CE,0.0,0.0,0.0,35.75,70.9,0,0.0,0,0,18-APR-2022,
OPTSTK,ICICIPRULI,26-May-2022,485.0,CE,0.0,0.0,0.0,43.4,66.95,0,0.0,0,0,18-APR-2022,
OPTSTK,ICICIPRULI,26-May-2022,490.0,CE,0.0,0.0,0.0,31.7,63.1,0,0.0,0,0,18-APR-2022,
OPTSTK,ICICIPRULI,26-May-2022,495.0,CE,0.0,0.0,0.0,38.1,59.35,0,0.0,0,0,18-APR-2022,
OPTSTK,ICICIPRULI,26-May-2022,500.0,CE,0.0,0.0,0.0,28.0,55.75,0,0.0,0,0,18-APR-2022,
OPTSTK,ICICIPRULI,26-May-2022,505.0,CE,0.0,0.0,0.0,33.25,52.25,0,0.0,0,0,18-APR-2022,
OPTSTK,ICICIPRULI,26-May-2022,510.0,CE,0.0,0.0,0.0,24.7,48.9,0,0.0,0,0,18-APR-2022,
OPTSTK,ICICIPRULI,26-May-2022,515.0,CE,0.0,0.0,0.0,28.9,45.65,0,0.0,0,0,18-APR-2022,
OPTSTK,ICICIPRULI,26-May-2022,520.0,CE,0.0,0.0,0.0,25.2,42.6,0,0.0,750,0,18-APR-2022,
OPTSTK,ICICIPRULI,26-May-2022,525.0,CE,0.0,0.0,0.0,24.95,39.65,0,0.0,0,0,18-APR-2022,
OPTSTK,ICICIPRULI,26-May-2022,530.0,CE,0.0,0.0,0.0,19.05,36.8,0,0.0,0,0,18-APR-2022,
OPTSTK,ICICIPRULI,26-May-2022,535.0,CE,0.0,0.0,0.0,21.5,34.15,0,0.0,0,0,18-APR-2022,
OPTSTK,ICICIPRULI,26-May-2022,540.0,CE,0.0,0.0,0.0,16.65,31.6,0,0.0,0,0,18-APR-2022,
OPTSTK,ICICIPRULI,26-May-2022,545.0,CE,0.0,0.0,0.0,18.4,29.15,0,0.0,0,0,18-APR-2022,
OPTSTK,ICICIPRULI,26-May-2022,550.0,CE,30.0,37.35,24.0,24.55,24.55,4,17.36,4500,1500,18-APR-2022,
OPTSTK,ICICIPRULI,26-May-2022,555.0,CE,0.0,0.0,0.0,15.65,24.75,0,0.0,0,0,18-APR-2022,
OPTSTK,ICICIPRULI,26-May-2022,560.0,CE,0.0,0.0,0.0,12.65,22.75,0,0.0,0,0,18-APR-2022,
OPTSTK,ICICIPRULI,26-May-2022,565.0,CE,0.0,0.0,0.0,13.3,20.85,0,0.0,0,0,18-APR-2022,
OPTSTK,ICICIPRULI,26-May-2022,570.0,CE,0.0,0.0,0.0,13.0,19.1,0,0.0,750,0,18-APR-2022,
OPTSTK,ICICIPRULI,26-May-2022,575.0,CE,0.0,0.0,0.0,11.25,17.45,0,0.0,0,0,18-APR-2022,
OPTSTK,ICICIPRULI,26-May-2022,580.0,CE,0.0,0.0,0.0,9.5,15.9,0,0.0,0,0,18-APR-2022,
OPTSTK,ICICIPRULI,26-May-2022,585.0,CE,0.0,0.0,0.0,9.45,14.45,0,0.0,0,0,18-APR-2022,
OPTSTK,ICICIPRULI,26-May-2022,590.0,CE,0.0,0.0,0.0,8.2,13.15,0,0.0,0,0,18-APR-2022,
OPTSTK,ICICIPRULI,26-May-2022,595.0,CE,0.0,0.0,0.0,7.9,11.95,0,0.0,0,0,18-APR-2022,
OPTSTK,ICICIPRULI,26-May-2022,600.0,CE,16.0,17.95,12.0,12.0,10.85,11,50.74,5250,5250,18-APR-2022,
OPTSTK,ICICIPRULI,26-May-2022,605.0,CE,0.0,0.0,0.0,6.6,9.8,0,0.0,0,0,18-APR-2022,
OPTSTK,ICICIPRULI,26-May-2022,610.0,CE,0.0,0.0,0.0,6.05,8.85,0,0.0,0,0,18-APR-2022,
OPTSTK,ICICIPRULI,26-May-2022,615.0,CE,0.0,0.0,0.0,5.5,7.95,0,0.0,0,0,18-APR-2022,
OPTSTK,ICICIPRULI,26-May-2022,620.0,CE,0.0,0.0,0.0,5.2,7.15,0,0.0,0,0,18-APR-2022,
OPTSTK,ICICIPRULI,26-May-2022,625.0,CE,0.0,0.0,0.0,4.55,6.45,0,0.0,0,0,18-APR-2022,
OPTSTK,ICICIPRULI,26-May-2022,630.0,CE,0.0,0.0,0.0,4.45,5.75,0,0.0,0,0,18-APR-2022,
OPTSTK,ICICIPRULI,26-May-2022,635.0,CE,0.0,0.0,0.0,3.75,5.15,0,0.0,0,0,18-APR-2022,
OPTSTK,ICICIPRULI,26-May-2022,640.0,CE,0.0,0.0,0.0,3.8,4.6,0,0.0,0,0,18-APR-2022,
OPTSTK,ICICIPRULI,26-May-2022,645.0,CE,0.0,0.0,0.0,3.05,4.1,0,0.0,0,0,18-APR-2022,
OPTSTK,ICICIPRULI,26-May-2022,650.0,CE,5.9,5.9,3.6,3.6,3.65,2,9.82,750,750,18-APR-2022,
OPTSTK,ICICIPRULI,26-May-2022,655.0,CE,0.0,0.0,0.0,2.5,3.25,0,0.0,0,0,18-APR-2022,
OPTSTK,ICICIPRULI,26-May-2022,660.0,CE,0.0,0.0,0.0,2.8,2.9,0,0.0,0,0,18-APR-2022,
OPTSTK,ICICIPRULI,26-May-2022,665.0,CE,0.0,0.0,0.0,2.05,2.6,0,0.0,0,0,18-APR-2022,
OPTSTK,ICICIPRULI,26-May-2022,670.0,CE,0.0,0.0,0.0,2.35,2.3,0,0.0,0,0,18-APR-2022,
OPTSTK,ICICIPRULI,26-May-2022,675.0,CE,0.0,0.0,0.0,1.65,2.0,0,0.0,0,0,18-APR-2022,
OPTSTK,ICICIPRULI,26-May-2022,680.0,CE,0.0,0.0,0.0,2.0,1.8,0,0.0,0,0,18-APR-2022,
OPTSTK,ICICIPRULI,26-May-2022,685.0,CE,0.0,0.0,0.0,1.35,1.6,0,0.0,0,0,18-APR-2022,
OPTSTK,ICICIPRULI,26-May-2022,690.0,CE,0.0,0.0,0.0,1.7,1.4,0,0.0,0,0,18-APR-2022,
OPTSTK,ICICIPRULI,26-May-2022,695.0,CE,0.0,0.0,0.0,1.15,1.25,0,0.0,0,0,18-APR-2022,
OPTSTK,ICICIPRULI,26-May-2022,700.0,CE,0.0,0.0,0.0,1.45,1.1,0,0.0,0,0,18-APR-2022,
OPTSTK,ICICIPRULI,26-May-2022,710.0,CE,0.0,0.0,0.0,1.25,0.85,0,0.0,0,0,18-APR-2022,
OPTSTK,ICICIPRULI,26-May-2022,330.0,PE,0.0,0.0,0.0,1.5,0.0,0,0.0,0,0,18-APR-2022,
OPTSTK,ICICIPRULI,26-May-2022,335.0,PE,0.0,0.0,0.0,0.2,0.0,0,0.0,0,0,18-APR-2022,
OPTSTK,ICICIPRULI,26-May-2022,340.0,PE,0.0,0.0,0.0,2.15,0.0,0,0.0,0,0,18-APR-2022,
OPTSTK,ICICIPRULI,26-May-2022,345.0,PE,0.0,0.0,0.0,0.3,0.05,0,0.0,0,0,18-APR-2022,
OPTSTK,ICICIPRULI,26-May-2022,350.0,PE,0.0,0.0,0.0,3.0,0.05,0,0.0,0,0,18-APR-2022,
OPTSTK,ICICIPRULI,26-May-2022,355.0,PE,0.0,0.0,0.0,0.5,0.05,0,0.0,0,0,18-APR-2022,
OPTSTK,ICICIPRULI,26-May-2022,360.0,PE,0.0,0.0,0.0,4.05,0.05,0,0.0,0,0,18-APR-2022,
OPTSTK,ICICIPRULI,26-May-2022,365.0,PE,0.0,0.0,0.0,0.8,0.05,0,0.0,0,0,18-APR-2022,
OPTSTK,ICICIPRULI,26-May-2022,370.0,PE,0.0,0.0,0.0,5.35,0.05,0,0.0,0,0,18-APR-2022,
OPTSTK,ICICIPRULI,26-May-2022,375.0,PE,0.0,0.0,0.0,1.2,0.1,0,0.0,0,0,18-APR-2022,
OPTSTK,ICICIPRULI,26-May-2022,380.0,PE,0.0,0.0,0.0,6.95,0.1,0,0.0,0,0,18-APR-2022,
OPTSTK,ICICIPRULI,26-May-2022,385.0,PE,0.0,0.0,0.0,1.75,0.15,0,0.0,0,0,18-APR-2022,
OPTSTK,ICICIPRULI,26-May-2022,390.0,PE,0.0,0.0,0.0,8.85,0.15,0,0.0,0,0,18-APR-2022,
OPTSTK,ICICIPRULI,26-May-2022,395.0,PE,0.0,0.0,0.0,2.5,0.2,0,0.0,0,0,18-APR-2022,
OPTSTK,ICICIPRULI,26-May-2022,400.0,PE,0.0,0.0,0.0,11.15,0.25,0,0.0,0,0,18-APR-2022,
OPTSTK,ICICIPRULI,26-May-2022,405.0,PE,0.0,0.0,0.0,3.45,0.35,0,0.0,0,0,18-APR-2022,
OPTSTK,ICICIPRULI,26-May-2022,410.0,PE,0.0,0.0,0.0,13.8,0.45,0,0.0,0,0,18-APR-2022,
OPTSTK,ICICIPRULI,26-May-2022,415.0,PE,0.0,0.0,0.0,4.75,0.55,0,0.0,0,0,18-APR-2022,
OPTSTK,ICICIPRULI,26-May-2022,420.0,PE,0.0,0.0,0.0,16.8,0.7,0,0.0,0,0,18-APR-2022,
OPTSTK,ICICIPRULI,26-May-2022,425.0,PE,0.0,0.0,0.0,6.3,0.9,0,0.0,0,0,18-APR-2022,
OPTSTK,ICICIPRULI,26-May-2022,430.0,PE,0.0,0.0,0.0,20.2,1.1,0,0.0,0,0,18-APR-2022,
OPTSTK,ICICIPRULI,26-May-2022,435.0,PE,0.0,0.0,0.0,8.25,1.35,0,0.0,0,0,18-APR-2022,
OPTSTK,ICICIPRULI,26-May-2022,440.0,PE,0.0,0.0,0.0,24.05,1.7,0,0.0,0,0,18-APR-2022,
OPTSTK,ICICIPRULI,26-May-2022,445.0,PE,0.0,0.0,0.0,10.6,2.05,0,0.0,0,0,18-APR-2022,
OPTSTK,ICICIPRULI,26-May-2022,450.0,PE,0.0,0.0,0.0,28.35,2.45,0,0.0,0,0,18-APR-2022,
OPTSTK,ICICIPRULI,26-May-2022,455.0,PE,0.0,0.0,0.0,13.35,2.95,0,0.0,0,0,18-APR-2022,
OPTSTK,ICICIPRULI,26-May-2022,460.0,PE,0.0,0.0,0.0,20.0,3.5,0,0.0,750,0,18-APR-2022,
OPTSTK,ICICIPRULI,26-May-2022,465.0,PE,0.0,0.0,0.0,16.5,4.15,0,0.0,0,0,18-APR-2022,
OPTSTK,ICICIPRULI,26-May-2022,470.0,PE,0.0,0.0,0.0,38.1,4.9,0,0.0,0,0,18-APR-2022,
OPTSTK,ICICIPRULI,26-May-2022,475.0,PE,0.0,0.0,0.0,20.2,5.7,0,0.0,0,0,18-APR-2022,
OPTSTK,ICICIPRULI,26-May-2022,480.0,PE,0.0,0.0,0.0,43.55,6.6,0,0.0,0,0,18-APR-2022,
OPTSTK,ICICIPRULI,26-May-2022,485.0,PE,0.0,0.0,0.0,24.35,7.65,0,0.0,0,0,18-APR-2022,
OPTSTK,ICICIPRULI,26-May-2022,490.0,PE,0.0,0.0,0.0,49.4,8.75,0,0.0,0,0,18-APR-2022,
OPTSTK,ICICIPRULI,26-May-2022,495.0,PE,0.0,0.0,0.0,29.0,10.05,0,0.0,0,0,18-APR-2022,
OPTSTK,ICICIPRULI,26-May-2022,500.0,PE,9.9,9.9,9.9,9.9,11.4,1,3.82,3000,750,18-APR-2022,
OPTSTK,ICICIPRULI,26-May-2022,505.0,PE,0.0,0.0,0.0,34.1,12.85,0,0.0,0,0,18-APR-2022,
OPTSTK,ICICIPRULI,26-May-2022,510.0,PE,0.0,0.0,0.0,62.2,14.5,0,0.0,0,0,18-APR-2022,
OPTSTK,ICICIPRULI,26-May-2022,515.0,PE,0.0,0.0,0.0,39.65,16.25,0,0.0,0,0,18-APR-2022,
OPTSTK,ICICIPRULI,26-May-2022,520.0,PE,0.0,0.0,0.0,69.1,18.15,0,0.0,0,0,18-APR-2022,
OPTSTK,ICICIPRULI,26-May-2022,525.0,PE,0.0,0.0,0.0,45.65,20.15,0,0.0,0,0,18-APR-2022,
OPTSTK,ICICIPRULI,26-May-2022,530.0,PE,0.0,0.0,0.0,76.35,22.3,0,0.0,0,0,18-APR-2022,
OPTSTK,ICICIPRULI,26-May-2022,535.0,PE,0.0,0.0,0.0,52.1,24.6,0,0.0,0,0,18-APR-2022,
OPTSTK,ICICIPRULI,26-May-2022,540.0,PE,0.0,0.0,0.0,83.85,27.05,0,0.0,0,0,18-APR-2022,
OPTSTK,ICICIPRULI,26-May-2022,545.0,PE,0.0,0.0,0.0,58.95,29.6,0,0.0,0,0,18-APR-2022,
OPTSTK,ICICIPRULI,26-May-2022,550.0,PE,0.0,0.0,0.0,91.65,32.3,0,0.0,0,0,18-APR-2022,
OPTSTK,ICICIPRULI,26-May-2022,555.0,PE,0.0,0.0,0.0,66.15,35.15,0,0.0,0,0,18-APR-2022,
OPTSTK,ICICIPRULI,26-May-2022,560.0,PE,0.0,0.0,0.0,99.6,38.1,0,0.0,0,0,18-APR-2022,
OPTSTK,ICICIPRULI,26-May-2022,565.0,PE,0.0,0.0,0.0,73.75,41.2,0,0.0,0,0,18-APR-2022,
OPTSTK,ICICIPRULI,26-May-2022,570.0,PE,0.0,0.0,0.0,107.85,44.4,0,0.0,0,0,18-APR-2022,
OPTSTK,ICICIPRULI,26-May-2022,575.0,PE,0.0,0.0,0.0,81.6,47.75,0,0.0,0,0,18-APR-2022,
OPTSTK,ICICIPRULI,26-May-2022,580.0,PE,0.0,0.0,0.0,116.25,51.2,0,0.0,0,0,18-APR-2022,
OPTSTK,ICICIPRULI,26-May-2022,585.0,PE,0.0,0.0,0.0,89.75,54.75,0,0.0,0,0,18-APR-2022,
OPTSTK,ICICIPRULI,26-May-2022,590.0,PE,0.0,0.0,0.0,124.85,58.4,0,0.0,0,0,18-APR-2022,
OPTSTK,ICICIPRULI,26-May-2022,595.0,PE,0.0,0.0,0.0,98.15,62.2,0,0.0,0,0,18-APR-2022,
OPTSTK,ICICIPRULI,26-May-2022,600.0,PE,0.0,0.0,0.0,133.65,66.05,0,0.0,0,0,18-APR-2022,
OPTSTK,ICICIPRULI,26-May-2022,605.0,PE,0.0,0.0,0.0,106.75,69.95,0,0.0,0,0,18-APR-2022,
OPTSTK,ICICIPRULI,26-May-2022,610.0,PE,0.0,0.0,0.0,142.55,74.0,0,0.0,0,0,18-APR-2022,
OPTSTK,ICICIPRULI,26-May-2022,615.0,PE,0.0,0.0,0.0,115.6,78.1,0,0.0,0,0,18-APR-2022,
OPTSTK,ICICIPRULI,26-May-2022,620.0,PE,0.0,0.0,0.0,151.55,82.25,0,0.0,0,0,18-APR-2022,
OPTSTK,ICICIPRULI,26-May-2022,625.0,PE,0.0,0.0,0.0,124.6,86.5,0,0.0,0,0,18-APR-2022,
OPTSTK,ICICIPRULI,26-May-2022,630.0,PE,75.0,76.0,75.0,76.0,90.85,2,10.58,1500,1500,18-APR-2022,
OPTSTK,ICICIPRULI,26-May-2022,635.0,PE,0.0,0.0,0.0,133.7,95.2,0,0.0,0,0,18-APR-2022,
OPTSTK,ICICIPRULI,26-May-2022,640.0,PE,0.0,0.0,0.0,169.95,99.65,0,0.0,0,0,18-APR-2022,
OPTSTK,ICICIPRULI,26-May-2022,645.0,PE,0.0,0.0,0.0,143.0,104.1,0,0.0,0,0,18-APR-2022,
OPTSTK,ICICIPRULI,26-May-2022,650.0,PE,0.0,0.0,0.0,179.3,108.65,0,0.0,0,0,18-APR-2022,
OPTSTK,ICICIPRULI,26-May-2022,655.0,PE,0.0,0.0,0.0,152.35,113.2,0,0.0,0,0,18-APR-2022,
OPTSTK,ICICIPRULI,26-May-2022,660.0,PE,0.0,0.0,0.0,188.7,117.85,0,0.0,0,0,18-APR-2022,
OPTSTK,ICICIPRULI,26-May-2022,665.0,PE,0.0,0.0,0.0,161.85,122.5,0,0.0,0,0,18-APR-2022,
OPTSTK,ICICIPRULI,26-May-2022,670.0,PE,0.0,0.0,0.0,198.2,127.2,0,0.0,0,0,18-APR-2022,
OPTSTK,ICICIPRULI,26-May-2022,675.0,PE,0.0,0.0,0.0,171.4,131.9,0,0.0,0,0,18-APR-2022,
OPTSTK,ICICIPRULI,26-May-2022,680.0,PE,0.0,0.0,0.0,207.75,136.65,0,0.0,0,0,18-APR-2022,
OPTSTK,ICICIPRULI,26-May-2022,685.0,PE,0.0,0.0,0.0,181.0,141.4,0,0.0,0,0,18-APR-2022,
OPTSTK,ICICIPRULI,26-May-2022,690.0,PE,0.0,0.0,0.0,217.35,146.2,0,0.0,0,0,18-APR-2022,
OPTSTK,ICICIPRULI,26-May-2022,695.0,PE,0.0,0.0,0.0,183.9,151.0,0,0.0,0,0,18-APR-2022,
OPTSTK,ICICIPRULI,26-May-2022,700.0,PE,0.0,0.0,0.0,226.95,155.85,0,0.0,0,0,18-APR-2022,
OPTSTK,ICICIPRULI,26-May-2022,710.0,PE,0.0,0.0,0.0,236.65,165.55,0,0.0,0,0,18-APR-2022,
OPTSTK,ICICIPRULI,30-Jun-2022,330.0,CE,0.0,0.0,0.0,175.15,215.05,0,0.0,0,0,18-APR-2022,
OPTSTK,ICICIPRULI,30-Jun-2022,335.0,CE,0.0,0.0,0.0,170.35,210.1,0,0.0,0,0,18-APR-2022,
OPTSTK,ICICIPRULI,30-Jun-2022,340.0,CE,0.0,0.0,0.0,165.6,205.2,0,0.0,0,0,18-APR-2022,
OPTSTK,ICICIPRULI,30-Jun-2022,345.0,CE,0.0,0.0,0.0,160.85,200.3,0,0.0,0,0,18-APR-2022,
OPTSTK,ICICIPRULI,30-Jun-2022,350.0,CE,0.0,0.0,0.0,156.15,195.4,0,0.0,0,0,18-APR-2022,
OPTSTK,ICICIPRULI,30-Jun-2022,355.0,CE,0.0,0.0,0.0,151.5,190.5,0,0.0,0,0,18-APR-2022,
OPTSTK,ICICIPRULI,30-Jun-2022,360.0,CE,0.0,0.0,0.0,146.9,185.6,0,0.0,0,0,18-APR-2022,
OPTSTK,ICICIPRULI,30-Jun-2022,365.0,CE,0.0,0.0,0.0,142.3,180.75,0,0.0,0,0,18-APR-2022,
OPTSTK,ICICIPRULI,30-Jun-2022,370.0,CE,0.0,0.0,0.0,137.75,175.9,0,0.0,0,0,18-APR-2022,
OPTSTK,ICICIPRULI,30-Jun-2022,375.0,CE,0.0,0.0,0.0,133.3,171.05,0,0.0,0,0,18-APR-2022,
OPTSTK,ICICIPRULI,30-Jun-2022,380.0,CE,0.0,0.0,0.0,128.85,166.25,0,0.0,0,0,18-APR-2022,
OPTSTK,ICICIPRULI,30-Jun-2022,385.0,CE,0.0,0.0,0.0,124.45,161.45,0,0.0,0,0,18-APR-2022,
OPTSTK,ICICIPRULI,30-Jun-2022,390.0,CE,0.0,0.0,0.0,120.15,156.7,0,0.0,0,0,18-APR-2022,
OPTSTK,ICICIPRULI,30-Jun-2022,395.0,CE,0.0,0.0,0.0,115.9,152.0,0,0.0,0,0,18-APR-2022,
OPTSTK,ICICIPRULI,30-Jun-2022,400.0,CE,0.0,0.0,0.0,111.75,147.3,0,0.0,0,0,18-APR-2022,
OPTSTK,ICICIPRULI,30-Jun-2022,405.0,CE,0.0,0.0,0.0,107.6,142.65,0,0.0,0,0,18-APR-2022,
OPTSTK,ICICIPRULI,30-Jun-2022,410.0,CE,0.0,0.0,0.0,103.55,138.05,0,0.0,0,0,18-APR-2022,
OPTSTK,ICICIPRULI,30-Jun-2022,415.0,CE,0.0,0.0,0.0,99.6,133.5,0,0.0,0,0,18-APR-2022,
OPTSTK,ICICIPRULI,30-Jun-2022,420.0,CE,0.0,0.0,0.0,95.7,129.0,0,0.0,0,0,18-APR-2022,
OPTSTK,ICICIPRULI,30-Jun-2022,425.0,CE,0.0,0.0,0.0,91.9,124.55,0,0.0,0,0,18-APR-2022,
OPTSTK,ICICIPRULI,30-Jun-2022,430.0,CE,0.0,0.0,0.0,88.2,120.15,0,0.0,0,0,18-APR-2022,
OPTSTK,ICICIPRULI,30-Jun-2022,435.0,CE,0.0,0.0,0.0,84.6,115.8,0,0.0,0,0,18-APR-2022,
OPTSTK,ICICIPRULI,30-Jun-2022,440.0,CE,0.0,0.0,0.0,81.05,111.55,0,0.0,0,0,18-APR-2022,
OPTSTK,ICICIPRULI,30-Jun-2022,445.0,CE,0.0,0.0,0.0,77.6,107.35,0,0.0,0,0,18-APR-2022,
OPTSTK,ICICIPRULI,30-Jun-2022,450.0,CE,0.0,0.0,0.0,74.2,103.2,0,0.0,0,0,18-APR-2022,
OPTSTK,ICICIPRULI,30-Jun-2022,455.0,CE,0.0,0.0,0.0,70.9,99.15,0,0.0,0,0,18-APR-2022,
OPTSTK,ICICIPRULI,30-Jun-2022,460.0,CE,0.0,0.0,0.0,67.75,95.15,0,0.0,0,0,18-APR-2022,
OPTSTK,ICICIPRULI,30-Jun-2022,465.0,CE,0.0,0.0,0.0,64.65,91.25,0,0.0,0,0,18-APR-2022,
OPTSTK,ICICIPRULI,30-Jun-2022,470.0,CE,0.0,0.0,0.0,61.65,87.45,0,0.0,0,0,18-APR-2022,
OPTSTK,ICICIPRULI,30-Jun-2022,475.0,CE,0.0,0.0,0.0,58.8,83.75,0,0.0,0,0,18-APR-2022,
OPTSTK,ICICIPRULI,30-Jun-2022,480.0,CE,0.0,0.0,0.0,56.0,80.1,0,0.0,0,0,18-APR-2022,
OPTSTK,ICICIPRULI,30-Jun-2022,485.0,CE,0.0,0.0,0.0,53.3,76.55,0,0.0,0,0,18-APR-2022,
OPTSTK,ICICIPRULI,30-Jun-2022,490.0,CE,0.0,0.0,0.0,50.7,73.1,0,0.0,0,0,18-APR-2022,
OPTSTK,ICICIPRULI,30-Jun-2022,495.0,CE,0.0,0.0,0.0,48.15,69.7,0,0.0,0,0,18-APR-2022,
OPTSTK,ICICIPRULI,30-Jun-2022,500.0,CE,0.0,0.0,0.0,45.75,66.45,0,0.0,0,0,18-APR-2022,
OPTSTK,ICICIPRULI,30-Jun-2022,505.0,CE,0.0,0.0,0.0,43.4,63.25,0,0.0,0,0,18-APR-2022,
OPTSTK,ICICIPRULI,30-Jun-2022,510.0,CE,0.0,0.0,0.0,41.15,60.2,0,0.0,0,0,18-APR-2022,
OPTSTK,ICICIPRULI,30-Jun-2022,515.0,CE,0.0,0.0,0.0,39.0,57.25,0,0.0,0,0,18-APR-2022,
OPTSTK,ICICIPRULI,30-Jun-2022,520.0,CE,0.0,0.0,0.0,36.95,54.35,0,0.0,0,0,18-APR-2022,
OPTSTK,ICICIPRULI,30-Jun-2022,525.0,CE,0.0,0.0,0.0,35.0,51.6,0,0.0,0,0,18-APR-2022,
OPTSTK,ICICIPRULI,30-Jun-2022,530.0,CE,0.0,0.0,0.0,33.1,48.95,0,0.0,0,0,18-APR-2022,
OPTSTK,ICICIPRULI,30-Jun-2022,535.0,CE,0.0,0.0,0.0,31.3,46.35,0,0.0,0,0,18-APR-2022,
OPTSTK,ICICIPRULI,30-Jun-2022,540.0,CE,0.0,0.0,0.0,29.55,43.9,0,0.0,0,0,18-APR-2022,
OPTSTK,ICICIPRULI,30-Jun-2022,545.0,CE,0.0,0.0,0.0,27.9,41.5,0,0.0,0,0,18-APR-2022,
OPTSTK,ICICIPRULI,30-Jun-2022,550.0,CE,0.0,0.0,0.0,26.3,39.25,0,0.0,0,0,18-APR-2022,
OPTSTK,ICICIPRULI,30-Jun-2022,555.0,CE,0.0,0.0,0.0,24.8,37.05,0,0.0,0,0,18-APR-2022,
OPTSTK,ICICIPRULI,30-Jun-2022,560.0,CE,0.0,0.0,0.0,23.4,34.95,0,0.0,0,0,18-APR-2022,
OPTSTK,ICICIPRULI,30-Jun-2022,565.0,CE,0.0,0.0,0.0,22.05,32.95,0,0.0,0,0,18-APR-2022,
OPTSTK,ICICIPRULI,30-Jun-2022,570.0,CE,0.0,0.0,0.0,20.75,31.05,0,0.0,0,0,18-APR-2022,
OPTSTK,ICICIPRULI,30-Jun-2022,575.0,CE,0.0,0.0,0.0,19.55,29.25,0,0.0,0,0,18-APR-2022,
OPTSTK,ICICIPRULI,30-Jun-2022,580.0,CE,0.0,0.0,0.0,18.4,27.5,0,0.0,0,0,18-APR-2022,
OPTSTK,ICICIPRULI,30-Jun-2022,585.0,CE,0.0,0.0,0.0,17.25,25.85,0,0.0,0,0,18-APR-2022,
OPTSTK,ICICIPRULI,30-Jun-2022,590.0,CE,0.0,0.0,0.0,16.25,24.25,0,0.0,0,0,18-APR-2022,
OPTSTK,ICICIPRULI,30-Jun-2022,595.0,CE,0.0,0.0,0.0,15.25,22.75,0,0.0,0,0,18-APR-2022,
OPTSTK,ICICIPRULI,30-Jun-2022,600.0,CE,0.0,0.0,0.0,14.3,21.35,0,0.0,0,0,18-APR-2022,
OPTSTK,ICICIPRULI,30-Jun-2022,605.0,CE,0.0,0.0,0.0,13.4,20.0,0,0.0,0,0,18-APR-2022,
OPTSTK,ICICIPRULI,30-Jun-2022,610.0,CE,0.0,0.0,0.0,12.55,18.75,0,0.0,0,0,18-APR-2022,
OPTSTK,ICICIPRULI,30-Jun-2022,615.0,CE,0.0,0.0,0.0,11.75,17.55,0,0.0,0,0,18-APR-2022,
OPTSTK,ICICIPRULI,30-Jun-2022,620.0,CE,0.0,0.0,0.0,11.05,16.4,0,0.0,0,0,18-APR-2022,
OPTSTK,ICICIPRULI,30-Jun-2022,625.0,CE,0.0,0.0,0.0,10.3,15.35,0,0.0,0,0,18-APR-2022,
OPTSTK,ICICIPRULI,30-Jun-2022,630.0,CE,0.0,0.0,0.0,9.65,14.35,0,0.0,0,0,18-APR-2022,
OPTSTK,ICICIPRULI,30-Jun-2022,635.0,CE,0.0,0.0,0.0,9.05,13.35,0,0.0,0,0,18-APR-2022,
OPTSTK,ICICIPRULI,30-Jun-2022,640.0,CE,0.0,0.0,0.0,8.45,12.45,0,0.0,0,0,18-APR-2022,
OPTSTK,ICICIPRULI,30-Jun-2022,645.0,CE,0.0,0.0,0.0,7.9,11.6,0,0.0,0,0,18-APR-2022,
OPTSTK,ICICIPRULI,30-Jun-2022,650.0,CE,0.0,0.0,0.0,7.35,10.8,0,0.0,0,0,18-APR-2022,
OPTSTK,ICICIPRULI,30-Jun-2022,655.0,CE,0.0,0.0,0.0,6.9,10.1,0,0.0,0,0,18-APR-2022,
OPTSTK,ICICIPRULI,30-Jun-2022,660.0,CE,0.0,0.0,0.0,6.4,9.35,0,0.0,0,0,18-APR-2022,
OPTSTK,ICICIPRULI,30-Jun-2022,665.0,CE,0.0,0.0,0.0,6.0,8.7,0,0.0,0,0,18-APR-2022,
OPTSTK,ICICIPRULI,30-Jun-2022,670.0,CE,0.0,0.0,0.0,5.6,8.1,0,0.0,0,0,18-APR-2022,
OPTSTK,ICICIPRULI,30-Jun-2022,675.0,CE,0.0,0.0,0.0,5.2,7.5,0,0.0,0,0,18-APR-2022,
OPTSTK,ICICIPRULI,30-Jun-2022,680.0,CE,0.0,0.0,0.0,4.85,7.0,0,0.0,0,0,18-APR-2022,
OPTSTK,ICICIPRULI,30-Jun-2022,685.0,CE,0.0,0.0,0.0,4.5,6.5,0,0.0,0,0,18-APR-2022,
OPTSTK,ICICIPRULI,30-Jun-2022,690.0,CE,0.0,0.0,0.0,4.2,6.0,0,0.0,0,0,18-APR-2022,
OPTSTK,ICICIPRULI,30-Jun-2022,330.0,PE,0.0,0.0,0.0,0.75,0.1,0,0.0,0,0,18-APR-2022,
OPTSTK,ICICIPRULI,30-Jun-2022,335.0,PE,0.0,0.0,0.0,0.95,0.15,0,0.0,0,0,18-APR-2022,
OPTSTK,ICICIPRULI,30-Jun-2022,340.0,PE,0.0,0.0,0.0,1.1,0.15,0,0.0,0,0,18-APR-2022,
OPTSTK,ICICIPRULI,30-Jun-2022,345.0,PE,0.0,0.0,0.0,1.35,0.2,0,0.0,0,0,18-APR-2022,
OPTSTK,ICICIPRULI,30-Jun-2022,350.0,PE,0.0,0.0,0.0,1.6,0.25,0,0.0,0,0,18-APR-2022,
OPTSTK,ICICIPRULI,30-Jun-2022,355.0,PE,0.0,0.0,0.0,1.85,0.35,0,0.0,0,0,18-APR-2022,
OPTSTK,ICICIPRULI,30-Jun-2022,360.0,PE,0.0,0.0,0.0,2.2,0.4,0,0.0,0,0,18-APR-2022,
OPTSTK,ICICIPRULI,30-Jun-2022,365.0,PE,0.0,0.0,0.0,2.55,0.5,0,0.0,0,0,18-APR-2022,
OPTSTK,ICICIPRULI,30-Jun-2022,370.0,PE,0.0,0.0,0.0,2.95,0.6,0,0.0,0,0,18-APR-2022,
OPTSTK,ICICIPRULI,30-Jun-2022,375.0,PE,0.0,0.0,0.0,3.45,0.75,0,0.0,0,0,18-APR-2022,
OPTSTK,ICICIPRULI,30-Jun-2022,380.0,PE,0.0,0.0,0.0,3.95,0.9,0,0.0,0,0,18-APR-2022,
OPTSTK,ICICIPRULI,30-Jun-2022,385.0,PE,0.0,0.0,0.0,4.55,1.05,0,0.0,0,0,18-APR-2022,
OPTSTK,ICICIPRULI,30-Jun-2022,390.0,PE,0.0,0.0,0.0,5.15,1.25,0,0.0,0,0,18-APR-2022,
OPTSTK,ICICIPRULI,30-Jun-2022,395.0,PE,0.0,0.0,0.0,5.85,1.5,0,0.0,0,0,18-APR-2022,
OPTSTK,ICICIPRULI,30-Jun-2022,400.0,PE,0.0,0.0,0.0,6.6,1.8,0,0.0,0,0,18-APR-2022,
OPTSTK,ICICIPRULI,30-Jun-2022,405.0,PE,0.0,0.0,0.0,7.45,2.1,0,0.0,0,0,18-APR-2022,
OPTSTK,ICICIPRULI,30-Jun-2022,410.0,PE,0.0,0.0,0.0,8.35,2.45,0,0.0,0,0,18-APR-2022,
OPTSTK,ICICIPRULI,30-Jun-2022,415.0,PE,0.0,0.0,0.0,9.35,2.85,0,0.0,0,0,18-APR-2022,
OPTSTK,ICICIPRULI,30-Jun-2022,420.0,PE,0.0,0.0,0.0,10.4,3.3,0,0.0,0,0,18-APR-2022,
OPTSTK,ICICIPRULI,30-Jun-2022,425.0,PE,0.0,0.0,0.0,11.55,3.8,0,0.0,0,0,18-APR-2022,
OPTSTK,ICICIPRULI,30-Jun-2022,430.0,PE,0.0,0.0,0.0,12.8,4.35,0,0.0,0,0,18-APR-2022,
OPTSTK,ICICIPRULI,30-Jun-2022,435.0,PE,0.0,0.0,0.0,14.1,5.0,0,0.0,0,0,18-APR-2022,
OPTSTK,ICICIPRULI,30-Jun-2022,440.0,PE,0.0,0.0,0.0,15.5,5.65,0,0.0,0,0,18-APR-2022,
OPTSTK,ICICIPRULI,30-Jun-2022,445.0,PE,0.0,0.0,0.0,17.0,6.4,0,0.0,0,0,18-APR-2022,
OPTSTK,ICICIPRULI,30-Jun-2022,450.0,PE,0.0,0.0,0.0,18.55,7.25,0,0.0,0,0,18-APR-2022,
OPTSTK,ICICIPRULI,30-Jun-2022,455.0,PE,0.0,0.0,0.0,20.25,8.15,0,0.0,0,0,18-APR-2022,
OPTSTK,ICICIPRULI,30-Jun-2022,460.0,PE,0.0,0.0,0.0,22.0,9.1,0,0.0,0,0,18-APR-2022,
OPTSTK,ICICIPRULI,30-Jun-2022,465.0,PE,0.0,0.0,0.0,23.85,10.2,0,0.0,0,0,18-APR-2022,
OPTSTK,ICICIPRULI,30-Jun-2022,470.0,PE,0.0,0.0,0.0,25.85,11.3,0,0.0,0,0,18-APR-2022,
OPTSTK,ICICIPRULI,30-Jun-2022,475.0,PE,0.0,0.0,0.0,27.9,12.55,0,0.0,0,0,18-APR-2022,
OPTSTK,ICICIPRULI,30-Jun-2022,480.0,PE,0.0,0.0,0.0,30.05,13.9,0,0.0,0,0,18-APR-2022,
OPTSTK,ICICIPRULI,30-Jun-2022,485.0,PE,0.0,0.0,0.0,32.3,15.3,0,0.0,0,0,18-APR-2022,
OPTSTK,ICICIPRULI,30-Jun-2022,490.0,PE,0.0,0.0,0.0,34.6,16.8,0,0.0,0,0,18-APR-2022,
OPTSTK,ICICIPRULI,30-Jun-2022,495.0,PE,0.0,0.0,0.0,37.05,18.35,0,0.0,0,0,18-APR-2022,
OPTSTK,ICICIPRULI,30-Jun-2022,500.0,PE,0.0,0.0,0.0,39.6,20.05,0,0.0,0,0,18-APR-2022,
OPTSTK,ICICIPRULI,30-Jun-2022,505.0,PE,0.0,0.0,0.0,42.2,21.85,0,0.0,0,0,18-APR-2022,
OPTSTK,ICICIPRULI,30-Jun-2022,510.0,PE,0.0,0.0,0.0,44.9,23.75,0,0.0,0,0,18-APR-2022,
OPTSTK,ICICIPRULI,30-Jun-2022,515.0,PE,0.0,0.0,0.0,47.7,25.75,0,0.0,0,0,18-APR-2022,
OPTSTK,ICICIPRULI,30-Jun-2022,520.0,PE,0.0,0.0,0.0,50.6,27.8,0,0.0,0,0,18-APR-2022,
OPTSTK,ICICIPRULI,30-Jun-2022,525.0,PE,0.0,0.0,0.0,53.55,30.0,0,0.0,0,0,18-APR-2022,
OPTSTK,ICICIPRULI,30-Jun-2022,530.0,PE,0.0,0.0,0.0,56.6,32.3,0,0.0,0,0,18-APR-2022,
OPTSTK,ICICIPRULI,30-Jun-2022,535.0,PE,0.0,0.0,0.0,59.75,34.7,0,0.0,0,0,18-APR-2022,
OPTSTK,ICICIPRULI,30-Jun-2022,540.0,PE,0.0,0.0,0.0,62.95,37.15,0,0.0,0,0,18-APR-2022,
OPTSTK,ICICIPRULI,30-Jun-2022,545.0,PE,0.0,0.0,0.0,66.25,39.75,0,0.0,0,0,18-APR-2022,
OPTSTK,ICICIPRULI,30-Jun-2022,550.0,PE,0.0,0.0,0.0,69.65,42.45,0,0.0,0,0,18-APR-2022,
OPTSTK,ICICIPRULI,30-Jun-2022,555.0,PE,0.0,0.0,0.0,73.1,45.2,0,0.0,0,0,18-APR-2022,
OPTSTK,ICICIPRULI,30-Jun-2022,560.0,PE,0.0,0.0,0.0,76.6,48.05,0,0.0,0,0,18-APR-2022,
OPTSTK,ICICIPRULI,30-Jun-2022,565.0,PE,0.0,0.0,0.0,80.2,51.05,0,0.0,0,0,18-APR-2022,
OPTSTK,ICICIPRULI,30-Jun-2022,570.0,PE,0.0,0.0,0.0,83.85,54.05,0,0.0,0,0,18-APR-2022,
OPTSTK,ICICIPRULI,30-Jun-2022,575.0,PE,0.0,0.0,0.0,87.6,57.2,0,0.0,0,0,18-APR-2022,
OPTSTK,ICICIPRULI,30-Jun-2022,580.0,PE,0.0,0.0,0.0,91.4,60.45,0,0.0,0,0,18-APR-2022,
OPTSTK,ICICIPRULI,30-Jun-2022,585.0,PE,0.0,0.0,0.0,95.2,63.75,0,0.0,0,0,18-APR-2022,
OPTSTK,ICICIPRULI,30-Jun-2022,590.0,PE,0.0,0.0,0.0,99.15,67.1,0,0.0,0,0,18-APR-2022,
OPTSTK,ICICIPRULI,30-Jun-2022,595.0,PE,0.0,0.0,0.0,103.1,70.6,0,0.0,0,0,18-APR-2022,
OPTSTK,ICICIPRULI,30-Jun-2022,600.0,PE,0.0,0.0,0.0,107.1,74.1,0,0.0,0,0,18-APR-2022,
OPTSTK,ICICIPRULI,30-Jun-2022,605.0,PE,0.0,0.0,0.0,111.15,77.75,0,0.0,0,0,18-APR-2022,
OPTSTK,ICICIPRULI,30-Jun-2022,610.0,PE,0.0,0.0,0.0,115.25,81.45,0,0.0,0,0,18-APR-2022,
OPTSTK,ICICIPRULI,30-Jun-2022,615.0,PE,0.0,0.0,0.0,119.4,85.2,0,0.0,0,0,18-APR-2022,
OPTSTK,ICICIPRULI,30-Jun-2022,620.0,PE,0.0,0.0,0.0,123.6,89.05,0,0.0,0,0,18-APR-2022,
OPTSTK,ICICIPRULI,30-Jun-2022,625.0,PE,0.0,0.0,0.0,127.85,92.9,0,0.0,0,0,18-APR-2022,
OPTSTK,ICICIPRULI,30-Jun-2022,630.0,PE,0.0,0.0,0.0,132.15,96.85,0,0.0,0,0,18-APR-2022,
OPTSTK,ICICIPRULI,30-Jun-2022,635.0,PE,0.0,0.0,0.0,136.45,100.85,0,0.0,0,0,18-APR-2022,
OPTSTK,ICICIPRULI,30-Jun-2022,640.0,PE,0.0,0.0,0.0,140.8,104.9,0,0.0,0,0,18-APR-2022,
OPTSTK,ICICIPRULI,30-Jun-2022,645.0,PE,0.0,0.0,0.0,145.2,109.0,0,0.0,0,0,18-APR-2022,
OPTSTK,ICICIPRULI,30-Jun-2022,650.0,PE,0.0,0.0,0.0,149.65,113.15,0,0.0,0,0,18-APR-2022,
OPTSTK,ICICIPRULI,30-Jun-2022,655.0,PE,0.0,0.0,0.0,154.1,117.4,0,0.0,0,0,18-APR-2022,
OPTSTK,ICICIPRULI,30-Jun-2022,660.0,PE,0.0,0.0,0.0,158.6,121.65,0,0.0,0,0,18-APR-2022,
OPTSTK,ICICIPRULI,30-Jun-2022,665.0,PE,0.0,0.0,0.0,163.1,125.95,0,0.0,0,0,18-APR-2022,
OPTSTK,ICICIPRULI,30-Jun-2022,670.0,PE,0.0,0.0,0.0,167.65,130.3,0,0.0,0,0,18-APR-2022,
OPTSTK,ICICIPRULI,30-Jun-2022,675.0,PE,0.0,0.0,0.0,172.2,134.65,0,0.0,0,0,18-APR-2022,
OPTSTK,ICICIPRULI,30-Jun-2022,680.0,PE,0.0,0.0,0.0,176.8,139.1,0,0.0,0,0,18-APR-2022,
OPTSTK,ICICIPRULI,30-Jun-2022,685.0,PE,0.0,0.0,0.0,181.4,143.55,0,0.0,0,0,18-APR-2022,
OPTSTK,ICICIPRULI,30-Jun-2022,690.0,PE,0.0,0.0,0.0,186.05,148.0,0,0.0,0,0,18-APR-2022,
OPTSTK,IDEA,28-Apr-2022,4.0,CE,0.0,0.0,0.0,6.75,6.1,0,0.0,0,0,18-APR-2022,
OPTSTK,IDEA,28-Apr-2022,5.0,CE,0.0,0.0,0.0,5.85,5.15,0,0.0,0,0,18-APR-2022,
OPTSTK,IDEA,28-Apr-2022,6.0,CE,0.0,0.0,0.0,5.0,4.15,0,0.0,0,0,18-APR-2022,
OPTSTK,IDEA,28-Apr-2022,7.0,CE,0.0,0.0,0.0,4.25,3.15,0,0.0,0,0,18-APR-2022,
OPTSTK,IDEA,28-Apr-2022,8.0,CE,2.3,2.3,2.3,2.3,2.2,1,7.21,630000,-70000,18-APR-2022,
OPTSTK,IDEA,28-Apr-2022,9.0,CE,1.35,1.35,1.15,1.2,1.2,6,42.87,3430000,-70000,18-APR-2022,
OPTSTK,IDEA,28-Apr-2022,10.0,CE,0.65,0.7,0.45,0.5,0.5,520,3834.98,26180000,2170000,18-APR-2022,
OPTSTK,IDEA,28-Apr-2022,11.0,CE,0.25,0.3,0.15,0.15,0.15,1295,10166.1,85540000,-10990000,18-APR-2022,
OPTSTK,IDEA,28-Apr-2022,12.0,CE,0.1,0.15,0.05,0.1,0.1,552,4673.3,110670000,3710000,18-APR-2022,
OPTSTK,IDEA,28-Apr-2022,13.0,CE,0.05,0.05,0.05,0.05,0.05,224,2046.24,46970000,980000,18-APR-2022,
OPTSTK,IDEA,28-Apr-2022,14.0,CE,0.05,0.05,0.05,0.05,0.05,7,68.84,30100000,140000,18-APR-2022,
OPTSTK,IDEA,28-Apr-2022,15.0,CE,0.05,0.05,0.05,0.05,0.0,2,21.07,23240000,70000,18-APR-2022,
OPTSTK,IDEA,28-Apr-2022,16.0,CE,0.0,0.0,0.0,0.05,0.0,0,0.0,3500000,0,18-APR-2022,
OPTSTK,IDEA,28-Apr-2022,17.0,CE,0.05,0.05,0.05,0.05,0.0,1,11.93,4830000,70000,18-APR-2022,
OPTSTK,IDEA,28-Apr-2022,18.0,CE,0.0,0.0,0.0,0.05,0.0,0,0.0,2100000,0,18-APR-2022,
OPTSTK,IDEA,28-Apr-2022,19.0,CE,0.0,0.0,0.0,0.05,0.0,0,0.0,210000,0,18-APR-2022,
OPTSTK,IDEA,28-Apr-2022,20.0,CE,0.0,0.0,0.0,0.05,0.0,0,0.0,1680000,0,18-APR-2022,
OPTSTK,IDEA,28-Apr-2022,21.0,CE,0.0,0.0,0.0,0.05,0.0,0,0.0,420000,0,18-APR-2022,
OPTSTK,IDEA,28-Apr-2022,4.0,PE,0.0,0.0,0.0,0.05,0.0,0,0.0,280000,0,18-APR-2022,
OPTSTK,IDEA,28-Apr-2022,5.0,PE,0.0,0.0,0.0,0.05,0.0,0,0.0,140000,0,18-APR-2022,
OPTSTK,IDEA,28-Apr-2022,6.0,PE,0.0,0.0,0.0,0.05,0.0,0,0.0,420000,0,18-APR-2022,
OPTSTK,IDEA,28-Apr-2022,7.0,PE,0.05,0.05,0.05,0.05,0.05,1,4.93,3570000,70000,18-APR-2022,
OPTSTK,IDEA,28-Apr-2022,8.0,PE,0.05,0.05,0.05,0.05,0.05,3,16.9,9450000,0,18-APR-2022,
OPTSTK,IDEA,28-Apr-2022,9.0,PE,0.1,0.1,0.05,0.1,0.1,34,216.44,19810000,630000,18-APR-2022,
OPTSTK,IDEA,28-Apr-2022,10.0,PE,0.3,0.4,0.3,0.35,0.35,375,2719.08,44660000,1750000,18-APR-2022,
OPTSTK,IDEA,28-Apr-2022,11.0,PE,0.95,1.1,0.95,1.0,1.25,21,176.71,27020000,-350000,18-APR-2022,
OPTSTK,IDEA,28-Apr-2022,12.0,PE,1.8,1.95,1.8,1.9,2.05,7,67.93,4900000,280000,18-APR-2022,
OPTSTK,IDEA,28-Apr-2022,13.0,PE,0.0,0.0,0.0,2.55,2.95,0,0.0,1890000,0,18-APR-2022,
OPTSTK,IDEA,28-Apr-2022,14.0,PE,0.0,0.0,0.0,3.5,3.9,0,0.0,1120000,0,18-APR-2022,
OPTSTK,IDEA,28-Apr-2022,15.0,PE,0.0,0.0,0.0,5.25,4.9,0,0.0,0,0,18-APR-2022,
OPTSTK,IDEA,28-Apr-2022,16.0,PE,0.0,0.0,0.0,6.05,5.9,0,0.0,0,0,18-APR-2022,
OPTSTK,IDEA,28-Apr-2022,17.0,PE,0.0,0.0,0.0,6.9,6.9,0,0.0,0,0,18-APR-2022,
OPTSTK,IDEA,28-Apr-2022,18.0,PE,0.0,0.0,0.0,7.8,7.9,0,0.0,0,0,18-APR-2022,
OPTSTK,IDEA,28-Apr-2022,19.0,PE,0.0,0.0,0.0,8.7,8.9,0,0.0,0,0,18-APR-2022,
OPTSTK,IDEA,28-Apr-2022,20.0,PE,0.0,0.0,0.0,9.6,9.9,0,0.0,0,0,18-APR-2022,
OPTSTK,IDEA,28-Apr-2022,21.0,PE,0.0,0.0,0.0,10.5,10.9,0,0.0,0,0,18-APR-2022,
OPTSTK,IDEA,26-May-2022,4.0,CE,0.0,0.0,0.0,5.75,6.15,0,0.0,0,0,18-APR-2022,
OPTSTK,IDEA,26-May-2022,5.0,CE,0.0,0.0,0.0,4.85,5.15,0,0.0,0,0,18-APR-2022,
OPTSTK,IDEA,26-May-2022,6.0,CE,0.0,0.0,0.0,4.05,4.2,0,0.0,0,0,18-APR-2022,
OPTSTK,IDEA,26-May-2022,7.0,CE,0.0,0.0,0.0,3.35,3.3,0,0.0,0,0,18-APR-2022,
OPTSTK,IDEA,26-May-2022,8.0,CE,0.0,0.0,0.0,2.75,2.5,0,0.0,0,0,18-APR-2022,
OPTSTK,IDEA,26-May-2022,9.0,CE,0.0,0.0,0.0,2.25,1.85,0,0.0,0,0,18-APR-2022,
OPTSTK,IDEA,26-May-2022,10.0,CE,1.05,1.1,0.9,0.95,0.95,23,176.92,2870000,1470000,18-APR-2022,
OPTSTK,IDEA,26-May-2022,11.0,CE,0.7,0.7,0.55,0.6,0.6,55,447.68,7000000,2870000,18-APR-2022,
OPTSTK,IDEA,26-May-2022,12.0,CE,0.4,0.45,0.35,0.35,0.35,33,286.44,4060000,1050000,18-APR-2022,
OPTSTK,IDEA,26-May-2022,13.0,CE,0.3,0.3,0.25,0.25,0.25,19,176.57,3220000,770000,18-APR-2022,
OPTSTK,IDEA,26-May-2022,14.0,CE,0.2,0.2,0.2,0.2,0.2,5,49.7,2310000,140000,18-APR-2022,
OPTSTK,IDEA,26-May-2022,15.0,CE,0.15,0.2,0.15,0.2,0.2,3,31.85,1190000,140000,18-APR-2022,
OPTSTK,IDEA,26-May-2022,16.0,CE,0.15,0.15,0.1,0.1,0.15,2,22.57,420000,70000,18-APR-2022,
OPTSTK,IDEA,26-May-2022,17.0,CE,0.0,0.0,0.0,0.1,0.1,0,0.0,70000,0,18-APR-2022,
OPTSTK,IDEA,26-May-2022,18.0,CE,0.0,0.0,0.0,0.1,0.1,0,0.0,910000,0,18-APR-2022,
OPTSTK,IDEA,26-May-2022,19.0,CE,0.0,0.0,0.0,0.15,0.05,0,0.0,350000,0,18-APR-2022,
OPTSTK,IDEA,26-May-2022,20.0,CE,0.0,0.0,0.0,0.1,0.05,0,0.0,70000,0,18-APR-2022,
OPTSTK,IDEA,26-May-2022,4.0,PE,0.0,0.0,0.0,0.05,0.0,0,0.0,70000,0,18-APR-2022,
OPTSTK,IDEA,26-May-2022,5.0,PE,0.0,0.0,0.0,0.1,0.05,0,0.0,350000,0,18-APR-2022,
OPTSTK,IDEA,26-May-2022,6.0,PE,0.0,0.0,0.0,0.05,0.05,0,0.0,0,0,18-APR-2022,
OPTSTK,IDEA,26-May-2022,7.0,PE,0.0,0.0,0.0,0.65,0.15,0,0.0,0,0,18-APR-2022,
OPTSTK,IDEA,26-May-2022,8.0,PE,0.1,0.1,0.1,0.1,0.4,1,5.67,560000,70000,18-APR-2022,
OPTSTK,IDEA,26-May-2022,9.0,PE,0.3,0.35,0.3,0.35,0.35,20,130.69,4620000,770000,18-APR-2022,
OPTSTK,IDEA,26-May-2022,10.0,PE,0.7,0.75,0.65,0.7,0.7,28,209.79,7070000,1400000,18-APR-2022,
OPTSTK,IDEA,26-May-2022,11.0,PE,1.3,1.4,1.25,1.4,1.4,14,120.89,2450000,770000,18-APR-2022,
OPTSTK,IDEA,26-May-2022,12.0,PE,2.15,2.2,2.15,2.2,2.5,4,39.69,910000,280000,18-APR-2022,
OPTSTK,IDEA,26-May-2022,13.0,PE,0.0,0.0,0.0,4.2,3.3,0,0.0,0,0,18-APR-2022,
OPTSTK,IDEA,26-May-2022,14.0,PE,0.0,0.0,0.0,5.05,4.15,0,0.0,0,0,18-APR-2022,
OPTSTK,IDEA,26-May-2022,15.0,PE,0.0,0.0,0.0,5.85,5.05,0,0.0,0,0,18-APR-2022,
OPTSTK,IDEA,26-May-2022,16.0,PE,0.0,0.0,0.0,6.75,6.0,0,0.0,0,0,18-APR-2022,
OPTSTK,IDEA,26-May-2022,17.0,PE,0.0,0.0,0.0,7.65,6.95,0,0.0,0,0,18-APR-2022,
OPTSTK,IDEA,26-May-2022,18.0,PE,0.0,0.0,0.0,8.55,7.9,0,0.0,0,0,18-APR-2022,
OPTSTK,IDEA,26-May-2022,19.0,PE,0.0,0.0,0.0,9.45,8.85,0,0.0,0,0,18-APR-2022,
OPTSTK,IDEA,26-May-2022,20.0,PE,0.0,0.0,0.0,10.4,9.85,0,0.0,0,0,18-APR-2022,
OPTSTK,IDEA,30-Jun-2022,4.0,CE,0.0,0.0,0.0,5.75,6.15,0,0.0,0,0,18-APR-2022,
OPTSTK,IDEA,30-Jun-2022,5.0,CE,0.0,0.0,0.0,4.85,5.25,0,0.0,0,0,18-APR-2022,
OPTSTK,IDEA,30-Jun-2022,6.0,CE,0.0,0.0,0.0,4.05,4.35,0,0.0,0,0,18-APR-2022,
OPTSTK,IDEA,30-Jun-2022,7.0,CE,0.0,0.0,0.0,3.35,3.55,0,0.0,0,0,18-APR-2022,
OPTSTK,IDEA,30-Jun-2022,8.0,CE,0.0,0.0,0.0,2.75,2.9,0,0.0,0,0,18-APR-2022,
OPTSTK,IDEA,30-Jun-2022,9.0,CE,0.0,0.0,0.0,2.25,2.3,0,0.0,0,0,18-APR-2022,
OPTSTK,IDEA,30-Jun-2022,10.0,CE,0.0,0.0,0.0,1.8,1.85,0,0.0,0,0,18-APR-2022,
OPTSTK,IDEA,30-Jun-2022,11.0,CE,0.0,0.0,0.0,1.3,1.45,0,0.0,0,0,18-APR-2022,
OPTSTK,IDEA,30-Jun-2022,12.0,CE,0.75,0.75,0.75,0.75,1.15,1,8.92,70000,70000,18-APR-2022,
OPTSTK,IDEA,30-Jun-2022,13.0,CE,0.0,0.0,0.0,0.95,0.9,0,0.0,0,0,18-APR-2022,
OPTSTK,IDEA,30-Jun-2022,14.0,CE,0.0,0.0,0.0,0.8,0.7,0,0.0,0,0,18-APR-2022,
OPTSTK,IDEA,30-Jun-2022,15.0,CE,0.0,0.0,0.0,0.65,0.55,0,0.0,0,0,18-APR-2022,
OPTSTK,IDEA,30-Jun-2022,16.0,CE,0.0,0.0,0.0,0.5,0.45,0,0.0,0,0,18-APR-2022,
OPTSTK,IDEA,30-Jun-2022,17.0,CE,0.0,0.0,0.0,0.4,0.35,0,0.0,0,0,18-APR-2022,
OPTSTK,IDEA,30-Jun-2022,18.0,CE,0.0,0.0,0.0,0.35,0.25,0,0.0,0,0,18-APR-2022,
OPTSTK,IDEA,30-Jun-2022,19.0,CE,0.0,0.0,0.0,0.3,0.2,0,0.0,0,0,18-APR-2022,
OPTSTK,IDEA,30-Jun-2022,20.0,CE,0.0,0.0,0.0,0.25,0.2,0,0.0,0,0,18-APR-2022,
OPTSTK,IDEA,30-Jun-2022,4.0,PE,0.0,0.0,0.0,0.05,0.05,0,0.0,0,0,18-APR-2022,
OPTSTK,IDEA,30-Jun-2022,5.0,PE,0.0,0.0,0.0,0.15,0.1,0,0.0,0,0,18-APR-2022,
OPTSTK,IDEA,30-Jun-2022,6.0,PE,0.0,0.0,0.0,0.35,0.2,0,0.0,0,0,18-APR-2022,
OPTSTK,IDEA,30-Jun-2022,7.0,PE,0.0,0.0,0.0,0.3,0.4,0,0.0,0,0,18-APR-2022,
OPTSTK,IDEA,30-Jun-2022,8.0,PE,0.0,0.0,0.0,1.0,0.7,0,0.0,0,0,18-APR-2022,
OPTSTK,IDEA,30-Jun-2022,9.0,PE,0.0,0.0,0.0,1.5,1.15,0,0.0,0,0,18-APR-2022,
OPTSTK,IDEA,30-Jun-2022,10.0,PE,0.0,0.0,0.0,0.95,1.65,0,0.0,140000,0,18-APR-2022,
OPTSTK,IDEA,30-Jun-2022,11.0,PE,0.0,0.0,0.0,2.7,2.25,0,0.0,0,0,18-APR-2022,
OPTSTK,IDEA,30-Jun-2022,12.0,PE,0.0,0.0,0.0,3.4,2.95,0,0.0,0,0,18-APR-2022,
OPTSTK,IDEA,30-Jun-2022,13.0,PE,0.0,0.0,0.0,4.15,3.7,0,0.0,0,0,18-APR-2022,
OPTSTK,IDEA,30-Jun-2022,14.0,PE,0.0,0.0,0.0,5.0,4.5,0,0.0,0,0,18-APR-2022,
OPTSTK,IDEA,30-Jun-2022,15.0,PE,0.0,0.0,0.0,5.85,5.35,0,0.0,0,0,18-APR-2022,
OPTSTK,IDEA,30-Jun-2022,16.0,PE,0.0,0.0,0.0,6.7,6.2,0,0.0,0,0,18-APR-2022,
OPTSTK,IDEA,30-Jun-2022,17.0,PE,0.0,0.0,0.0,7.6,7.1,0,0.0,0,0,18-APR-2022,
OPTSTK,IDEA,30-Jun-2022,18.0,PE,0.0,0.0,0.0,8.5,8.0,0,0.0,0,0,18-APR-2022,
OPTSTK,IDEA,30-Jun-2022,19.0,PE,0.0,0.0,0.0,9.45,8.95,0,0.0,0,0,18-APR-2022,
OPTSTK,IDEA,30-Jun-2022,20.0,PE,0.0,0.0,0.0,10.4,9.9,0,0.0,0,0,18-APR-2022,
OPTSTK,IDFC,28-Apr-2022,40.0,CE,0.0,0.0,0.0,23.45,20.65,0,0.0,0,0,18-APR-2022,
OPTSTK,IDFC,28-Apr-2022,41.0,CE,0.0,0.0,0.0,22.6,19.65,0,0.0,0,0,18-APR-2022,
OPTSTK,IDFC,28-Apr-2022,42.0,CE,0.0,0.0,0.0,21.7,18.65,0,0.0,0,0,18-APR-2022,
OPTSTK,IDFC,28-Apr-2022,43.0,CE,0.0,0.0,0.0,20.85,17.65,0,0.0,0,0,18-APR-2022,
OPTSTK,IDFC,28-Apr-2022,44.0,CE,0.0,0.0,0.0,20.0,16.65,0,0.0,0,0,18-APR-2022,
OPTSTK,IDFC,28-Apr-2022,45.0,CE,0.0,0.0,0.0,19.15,15.65,0,0.0,0,0,18-APR-2022,
OPTSTK,IDFC,28-Apr-2022,46.0,CE,0.0,0.0,0.0,18.35,14.7,0,0.0,0,0,18-APR-2022,
OPTSTK,IDFC,28-Apr-2022,47.0,CE,0.0,0.0,0.0,17.55,13.7,0,0.0,0,0,18-APR-2022,
OPTSTK,IDFC,28-Apr-2022,48.0,CE,0.0,0.0,0.0,21.0,12.7,0,0.0,10000,0,18-APR-2022,
OPTSTK,IDFC,28-Apr-2022,49.0,CE,0.0,0.0,0.0,16.0,11.7,0,0.0,0,0,18-APR-2022,
OPTSTK,IDFC,28-Apr-2022,50.0,CE,0.0,0.0,0.0,13.0,10.75,0,0.0,0,0,18-APR-2022,
OPTSTK,IDFC,28-Apr-2022,51.0,CE,0.0,0.0,0.0,14.55,9.75,0,0.0,0,0,18-APR-2022,
OPTSTK,IDFC,28-Apr-2022,52.0,CE,0.0,0.0,0.0,13.85,8.85,0,0.0,0,0,18-APR-2022,
OPTSTK,IDFC,28-Apr-2022,53.0,CE,0.0,0.0,0.0,13.2,7.9,0,0.0,0,0,18-APR-2022,
OPTSTK,IDFC,28-Apr-2022,54.0,CE,0.0,0.0,0.0,12.55,7.0,0,0.0,0,0,18-APR-2022,
OPTSTK,IDFC,28-Apr-2022,55.0,CE,0.0,0.0,0.0,9.45,6.2,0,0.0,310000,0,18-APR-2022,
OPTSTK,IDFC,28-Apr-2022,56.0,CE,0.0,0.0,0.0,11.3,5.4,0,0.0,0,0,18-APR-2022,
OPTSTK,IDFC,28-Apr-2022,57.0,CE,0.0,0.0,0.0,10.75,4.65,0,0.0,0,0,18-APR-2022,
OPTSTK,IDFC,28-Apr-2022,58.0,CE,2.7,2.7,2.7,2.7,3.95,1,6.07,10000,10000,18-APR-2022,
OPTSTK,IDFC,28-Apr-2022,59.0,CE,1.4,1.4,1.4,1.4,3.3,1,6.04,10000,10000,18-APR-2022,
OPTSTK,IDFC,28-Apr-2022,60.0,CE,1.35,1.55,0.85,1.5,1.5,400,2446.95,3570000,930000,18-APR-2022,
OPTSTK,IDFC,28-Apr-2022,61.0,CE,0.9,1.15,0.65,1.05,1.05,92,568.87,460000,280000,18-APR-2022,
OPTSTK,IDFC,28-Apr-2022,62.0,CE,1.0,1.0,0.5,0.7,0.7,218,1364.69,1240000,200000,18-APR-2022,
OPTSTK,IDFC,28-Apr-2022,63.0,CE,0.7,0.7,0.35,0.5,0.5,299,1897.01,1740000,-1570000,18-APR-2022,
OPTSTK,IDFC,28-Apr-2022,64.0,CE,0.4,0.45,0.3,0.35,0.35,153,984.67,1230000,-110000,18-APR-2022,
OPTSTK,IDFC,28-Apr-2022,65.0,CE,0.45,0.45,0.25,0.35,0.35,538,3513.77,8840000,1270000,18-APR-2022,
OPTSTK,IDFC,28-Apr-2022,66.0,CE,0.3,0.4,0.2,0.25,0.25,101,669.37,1040000,-60000,18-APR-2022,
OPTSTK,IDFC,28-Apr-2022,67.0,CE,0.2,0.25,0.15,0.25,0.25,59,396.5,1760000,80000,18-APR-2022,
OPTSTK,IDFC,28-Apr-2022,68.0,CE,0.1,0.35,0.1,0.2,0.2,43,293.32,2400000,-10000,18-APR-2022,
OPTSTK,IDFC,28-Apr-2022,69.0,CE,0.1,0.3,0.1,0.3,0.3,11,76.11,630000,-40000,18-APR-2022,
OPTSTK,IDFC,28-Apr-2022,70.0,CE,0.15,0.2,0.1,0.2,0.2,268,1879.94,11480000,-10000,18-APR-2022,
OPTSTK,IDFC,28-Apr-2022,71.0,CE,0.2,0.2,0.1,0.1,0.2,21,149.39,610000,-90000,18-APR-2022,
OPTSTK,IDFC,28-Apr-2022,72.0,CE,0.1,0.15,0.1,0.1,0.1,17,122.58,1050000,-90000,18-APR-2022,
OPTSTK,IDFC,28-Apr-2022,73.0,CE,0.1,0.1,0.1,0.1,0.1,2,14.62,260000,-20000,18-APR-2022,
OPTSTK,IDFC,28-Apr-2022,74.0,CE,0.1,0.1,0.1,0.1,0.1,4,29.64,280000,-20000,18-APR-2022,
OPTSTK,IDFC,28-Apr-2022,75.0,CE,0.1,0.1,0.1,0.1,0.1,98,735.98,4420000,80000,18-APR-2022,
OPTSTK,IDFC,28-Apr-2022,76.0,CE,0.1,0.1,0.05,0.05,0.05,2,15.21,60000,-10000,18-APR-2022,
OPTSTK,IDFC,28-Apr-2022,77.0,CE,0.1,0.15,0.1,0.15,0.05,5,38.56,100000,-10000,18-APR-2022,
OPTSTK,IDFC,28-Apr-2022,78.0,CE,0.05,0.1,0.05,0.1,0.05,6,46.85,170000,-30000,18-APR-2022,
OPTSTK,IDFC,28-Apr-2022,79.0,CE,0.1,0.1,0.05,0.05,0.05,8,63.24,150000,-50000,18-APR-2022,
OPTSTK,IDFC,28-Apr-2022,80.0,CE,0.05,0.1,0.05,0.05,0.05,54,432.33,3570000,130000,18-APR-2022,
OPTSTK,IDFC,28-Apr-2022,40.0,PE,0.0,0.0,0.0,0.05,0.0,0,0.0,100000,0,18-APR-2022,
OPTSTK,IDFC,28-Apr-2022,41.0,PE,0.05,0.05,0.05,0.05,0.0,1,4.1,30000,10000,18-APR-2022,
OPTSTK,IDFC,28-Apr-2022,42.0,PE,0.0,0.0,0.0,0.65,0.0,0,0.0,0,0,18-APR-2022,
OPTSTK,IDFC,28-Apr-2022,43.0,PE,0.0,0.0,0.0,0.7,0.0,0,0.0,10000,0,18-APR-2022,
OPTSTK,IDFC,28-Apr-2022,44.0,PE,0.0,0.0,0.0,0.05,0.0,0,0.0,10000,0,18-APR-2022,
OPTSTK,IDFC,28-Apr-2022,45.0,PE,0.0,0.0,0.0,1.1,0.0,0,0.0,0,0,18-APR-2022,
OPTSTK,IDFC,28-Apr-2022,46.0,PE,0.0,0.0,0.0,1.25,0.0,0,0.0,0,0,18-APR-2022,
OPTSTK,IDFC,28-Apr-2022,47.0,PE,0.0,0.0,0.0,1.45,0.05,0,0.0,0,0,18-APR-2022,
OPTSTK,IDFC,28-Apr-2022,48.0,PE,0.0,0.0,0.0,0.15,0.05,0,0.0,70000,0,18-APR-2022,
OPTSTK,IDFC,28-Apr-2022,49.0,PE,0.0,0.0,0.0,1.9,0.05,0,0.0,0,0,18-APR-2022,
OPTSTK,IDFC,28-Apr-2022,50.0,PE,0.15,0.2,0.05,0.1,0.05,15,75.16,370000,60000,18-APR-2022,
OPTSTK,IDFC,28-Apr-2022,51.0,PE,0.0,0.0,0.0,0.15,0.1,0,0.0,40000,0,18-APR-2022,
OPTSTK,IDFC,28-Apr-2022,52.0,PE,0.0,0.0,0.0,2.7,0.15,0,0.0,0,0,18-APR-2022,
OPTSTK,IDFC,28-Apr-2022,53.0,PE,0.0,0.0,0.0,0.4,0.25,0,0.0,10000,0,18-APR-2022,
OPTSTK,IDFC,28-Apr-2022,54.0,PE,0.0,0.0,0.0,3.4,0.35,0,0.0,0,0,18-APR-2022,
OPTSTK,IDFC,28-Apr-2022,55.0,PE,0.3,0.3,0.15,0.2,0.2,78,430.54,2330000,-50000,18-APR-2022,
OPTSTK,IDFC,28-Apr-2022,56.0,PE,0.3,0.35,0.3,0.35,0.35,12,67.57,370000,70000,18-APR-2022,
OPTSTK,IDFC,28-Apr-2022,57.0,PE,0.4,0.45,0.3,0.45,0.95,24,137.67,450000,40000,18-APR-2022,
OPTSTK,IDFC,28-Apr-2022,58.0,PE,0.6,0.75,0.4,0.65,0.65,132,773.3,2060000,200000,18-APR-2022,
OPTSTK,IDFC,28-Apr-2022,59.0,PE,1.0,1.15,0.65,1.1,1.1,153,915.06,620000,100000,18-APR-2022,
OPTSTK,IDFC,28-Apr-2022,60.0,PE,1.5,1.7,1.0,1.55,1.55,406,2488.89,8900000,-370000,18-APR-2022,
OPTSTK,IDFC,28-Apr-2022,61.0,PE,2.15,2.45,1.5,2.2,2.2,64,402.7,720000,30000,18-APR-2022,
OPTSTK,IDFC,28-Apr-2022,62.0,PE,3.2,3.2,2.45,2.75,2.75,31,200.65,1360000,-90000,18-APR-2022,
OPTSTK,IDFC,28-Apr-2022,63.0,PE,3.75,3.9,3.7,3.75,3.75,10,66.78,580000,-70000,18-APR-2022,
OPTSTK,IDFC,28-Apr-2022,64.0,PE,4.5,4.7,4.3,4.6,4.6,8,54.87,560000,-50000,18-APR-2022,
OPTSTK,IDFC,28-Apr-2022,65.0,PE,5.15,5.8,5.15,5.4,5.25,19,134.05,2180000,-30000,18-APR-2022,
OPTSTK,IDFC,28-Apr-2022,66.0,PE,6.75,6.75,6.75,6.75,6.05,1,7.27,180000,0,18-APR-2022,
OPTSTK,IDFC,28-Apr-2022,67.0,PE,7.8,7.8,7.8,7.8,6.9,1,7.48,190000,-10000,18-APR-2022,
OPTSTK,IDFC,28-Apr-2022,68.0,PE,8.35,8.7,8.35,8.4,8.4,4,30.59,220000,-10000,18-APR-2022,
OPTSTK,IDFC,28-Apr-2022,69.0,PE,0.0,0.0,0.0,5.0,8.65,0,0.0,10000,0,18-APR-2022,
OPTSTK,IDFC,28-Apr-2022,70.0,PE,0.0,0.0,0.0,9.95,9.55,0,0.0,50000,0,18-APR-2022,
OPTSTK,IDFC,28-Apr-2022,71.0,PE,0.0,0.0,0.0,12.45,10.5,0,0.0,0,0,18-APR-2022,
OPTSTK,IDFC,28-Apr-2022,72.0,PE,0.0,0.0,0.0,13.15,11.45,0,0.0,0,0,18-APR-2022,
OPTSTK,IDFC,28-Apr-2022,73.0,PE,0.0,0.0,0.0,13.85,12.4,0,0.0,0,0,18-APR-2022,
OPTSTK,IDFC,28-Apr-2022,74.0,PE,0.0,0.0,0.0,14.6,13.4,0,0.0,0,0,18-APR-2022,
OPTSTK,IDFC,28-Apr-2022,75.0,PE,0.0,0.0,0.0,15.35,14.4,0,0.0,0,0,18-APR-2022,
OPTSTK,IDFC,28-Apr-2022,76.0,PE,0.0,0.0,0.0,16.1,15.35,0,0.0,0,0,18-APR-2022,
OPTSTK,IDFC,28-Apr-2022,77.0,PE,0.0,0.0,0.0,16.9,16.35,0,0.0,0,0,18-APR-2022,
OPTSTK,IDFC,28-Apr-2022,78.0,PE,0.0,0.0,0.0,17.7,17.35,0,0.0,0,0,18-APR-2022,
OPTSTK,IDFC,28-Apr-2022,79.0,PE,0.0,0.0,0.0,18.45,18.35,0,0.0,0,0,18-APR-2022,
OPTSTK,IDFC,28-Apr-2022,80.0,PE,0.0,0.0,0.0,19.3,19.35,0,0.0,0,0,18-APR-2022,
OPTSTK,IDFC,26-May-2022,40.0,CE,0.0,0.0,0.0,13.8,20.85,0,0.0,0,0,18-APR-2022,
OPTSTK,IDFC,26-May-2022,41.0,CE,0.0,0.0,0.0,13.05,19.9,0,0.0,0,0,18-APR-2022,
OPTSTK,IDFC,26-May-2022,42.0,CE,0.0,0.0,0.0,12.3,18.9,0,0.0,0,0,18-APR-2022,
OPTSTK,IDFC,26-May-2022,43.0,CE,0.0,0.0,0.0,11.6,17.95,0,0.0,0,0,18-APR-2022,
OPTSTK,IDFC,26-May-2022,44.0,CE,0.0,0.0,0.0,10.9,17.0,0,0.0,0,0,18-APR-2022,
OPTSTK,IDFC,26-May-2022,45.0,CE,0.0,0.0,0.0,10.25,16.1,0,0.0,0,0,18-APR-2022,
OPTSTK,IDFC,26-May-2022,46.0,CE,0.0,0.0,0.0,9.65,15.15,0,0.0,0,0,18-APR-2022,
OPTSTK,IDFC,26-May-2022,47.0,CE,0.0,0.0,0.0,9.05,14.25,0,0.0,0,0,18-APR-2022,
OPTSTK,IDFC,26-May-2022,48.0,CE,0.0,0.0,0.0,8.45,13.4,0,0.0,0,0,18-APR-2022,
OPTSTK,IDFC,26-May-2022,49.0,CE,0.0,0.0,0.0,7.9,12.55,0,0.0,0,0,18-APR-2022,
OPTSTK,IDFC,26-May-2022,50.0,CE,7.85,7.85,7.85,7.85,11.7,1,5.78,10000,10000,18-APR-2022,
OPTSTK,IDFC,26-May-2022,51.0,CE,0.0,0.0,0.0,6.9,10.9,0,0.0,0,0,18-APR-2022,
OPTSTK,IDFC,26-May-2022,52.0,CE,0.0,0.0,0.0,6.45,10.15,0,0.0,0,0,18-APR-2022,
OPTSTK,IDFC,26-May-2022,53.0,CE,0.0,0.0,0.0,6.0,9.4,0,0.0,0,0,18-APR-2022,
OPTSTK,IDFC,26-May-2022,54.0,CE,0.0,0.0,0.0,5.6,8.7,0,0.0,0,0,18-APR-2022,
OPTSTK,IDFC,26-May-2022,55.0,CE,0.0,0.0,0.0,5.2,8.0,0,0.0,0,0,18-APR-2022,
OPTSTK,IDFC,26-May-2022,56.0,CE,0.0,0.0,0.0,4.85,7.35,0,0.0,0,0,18-APR-2022,
OPTSTK,IDFC,26-May-2022,57.0,CE,0.0,0.0,0.0,4.5,6.75,0,0.0,0,0,18-APR-2022,
OPTSTK,IDFC,26-May-2022,58.0,CE,0.0,0.0,0.0,4.2,6.15,0,0.0,0,0,18-APR-2022,
OPTSTK,IDFC,26-May-2022,59.0,CE,0.0,0.0,0.0,3.85,5.65,0,0.0,0,0,18-APR-2022,
OPTSTK,IDFC,26-May-2022,60.0,CE,0.0,0.0,0.0,3.6,5.1,0,0.0,0,0,18-APR-2022,
OPTSTK,IDFC,26-May-2022,61.0,CE,0.0,0.0,0.0,3.3,4.65,0,0.0,0,0,18-APR-2022,
OPTSTK,IDFC,26-May-2022,62.0,CE,0.0,0.0,0.0,3.1,4.2,0,0.0,0,0,18-APR-2022,
OPTSTK,IDFC,26-May-2022,63.0,CE,0.0,0.0,0.0,1.25,3.8,0,0.0,10000,0,18-APR-2022,
OPTSTK,IDFC,26-May-2022,64.0,CE,0.0,0.0,0.0,2.65,3.45,0,0.0,0,0,18-APR-2022,
OPTSTK,IDFC,26-May-2022,65.0,CE,0.0,0.0,0.0,2.45,3.1,0,0.0,0,0,18-APR-2022,
OPTSTK,IDFC,26-May-2022,66.0,CE,0.0,0.0,0.0,2.25,2.75,0,0.0,0,0,18-APR-2022,
OPTSTK,IDFC,26-May-2022,67.0,CE,0.0,0.0,0.0,2.05,2.5,0,0.0,0,0,18-APR-2022,
OPTSTK,IDFC,26-May-2022,68.0,CE,0.9,0.9,0.9,0.9,2.2,3,20.67,30000,30000,18-APR-2022,
OPTSTK,IDFC,26-May-2022,69.0,CE,0.0,0.0,0.0,1.75,2.0,0,0.0,0,0,18-APR-2022,
OPTSTK,IDFC,26-May-2022,70.0,CE,0.65,0.65,0.65,0.65,1.75,1,7.06,20000,10000,18-APR-2022,
OPTSTK,IDFC,26-May-2022,71.0,CE,0.0,0.0,0.0,1.5,1.55,0,0.0,0,0,18-APR-2022,
OPTSTK,IDFC,26-May-2022,72.0,CE,0.0,0.0,0.0,1.4,1.4,0,0.0,0,0,18-APR-2022,
OPTSTK,IDFC,26-May-2022,73.0,CE,0.0,0.0,0.0,1.25,1.25,0,0.0,0,0,18-APR-2022,
OPTSTK,IDFC,26-May-2022,74.0,CE,0.0,0.0,0.0,1.15,1.1,0,0.0,0,0,18-APR-2022,
OPTSTK,IDFC,26-May-2022,75.0,CE,0.0,0.0,0.0,1.0,0.95,0,0.0,0,0,18-APR-2022,
OPTSTK,IDFC,26-May-2022,76.0,CE,0.0,0.0,0.0,1.0,0.85,0,0.0,0,0,18-APR-2022,
OPTSTK,IDFC,26-May-2022,77.0,CE,0.0,0.0,0.0,1.5,0.75,0,0.0,0,0,18-APR-2022,
OPTSTK,IDFC,26-May-2022,78.0,CE,0.0,0.0,0.0,1.4,0.65,0,0.0,0,0,18-APR-2022,
OPTSTK,IDFC,26-May-2022,79.0,CE,0.0,0.0,0.0,1.3,0.6,0,0.0,0,0,18-APR-2022,
OPTSTK,IDFC,26-May-2022,80.0,CE,0.0,0.0,0.0,0.35,0.5,0,0.0,250000,0,18-APR-2022,
OPTSTK,IDFC,26-May-2022,40.0,PE,0.0,0.0,0.0,1.35,0.05,0,0.0,0,0,18-APR-2022,
OPTSTK,IDFC,26-May-2022,41.0,PE,0.0,0.0,0.0,1.55,0.1,0,0.0,0,0,18-APR-2022,
OPTSTK,IDFC,26-May-2022,42.0,PE,0.0,0.0,0.0,1.8,0.15,0,0.0,0,0,18-APR-2022,
OPTSTK,IDFC,26-May-2022,43.0,PE,0.0,0.0,0.0,2.1,0.15,0,0.0,0,0,18-APR-2022,
OPTSTK,IDFC,26-May-2022,44.0,PE,0.0,0.0,0.0,2.4,0.2,0,0.0,0,0,18-APR-2022,
OPTSTK,IDFC,26-May-2022,45.0,PE,0.0,0.0,0.0,2.75,0.3,0,0.0,0,0,18-APR-2022,
OPTSTK,IDFC,26-May-2022,46.0,PE,0.0,0.0,0.0,3.1,0.35,0,0.0,0,0,18-APR-2022,
OPTSTK,IDFC,26-May-2022,47.0,PE,0.0,0.0,0.0,3.5,0.45,0,0.0,0,0,18-APR-2022,
OPTSTK,IDFC,26-May-2022,48.0,PE,0.0,0.0,0.0,3.9,0.6,0,0.0,0,0,18-APR-2022,
OPTSTK,IDFC,26-May-2022,49.0,PE,0.0,0.0,0.0,4.35,0.7,0,0.0,0,0,18-APR-2022,
OPTSTK,IDFC,26-May-2022,50.0,PE,0.05,0.05,0.05,0.05,0.05,1,5.0,10000,10000,18-APR-2022,
OPTSTK,IDFC,26-May-2022,51.0,PE,0.0,0.0,0.0,5.35,1.1,0,0.0,0,0,18-APR-2022,
OPTSTK,IDFC,26-May-2022,52.0,PE,0.0,0.0,0.0,5.85,1.3,0,0.0,0,0,18-APR-2022,
OPTSTK,IDFC,26-May-2022,53.0,PE,0.0,0.0,0.0,6.4,1.55,0,0.0,0,0,18-APR-2022,
OPTSTK,IDFC,26-May-2022,54.0,PE,0.0,0.0,0.0,7.0,1.85,0,0.0,0,0,18-APR-2022,
OPTSTK,IDFC,26-May-2022,55.0,PE,0.0,0.0,0.0,7.6,2.15,0,0.0,0,0,18-APR-2022,
OPTSTK,IDFC,26-May-2022,56.0,PE,0.0,0.0,0.0,8.2,2.5,0,0.0,0,0,18-APR-2022,
OPTSTK,IDFC,26-May-2022,57.0,PE,0.0,0.0,0.0,8.85,2.9,0,0.0,0,0,18-APR-2022,
OPTSTK,IDFC,26-May-2022,58.0,PE,2.0,2.05,2.0,2.05,3.3,13,78.01,650000,130000,18-APR-2022,
OPTSTK,IDFC,26-May-2022,59.0,PE,0.0,0.0,0.0,10.2,3.75,0,0.0,0,0,18-APR-2022,
OPTSTK,IDFC,26-May-2022,60.0,PE,0.0,0.0,0.0,10.9,4.25,0,0.0,0,0,18-APR-2022,
OPTSTK,IDFC,26-May-2022,61.0,PE,0.0,0.0,0.0,11.65,4.8,0,0.0,0,0,18-APR-2022,
OPTSTK,IDFC,26-May-2022,62.0,PE,0.0,0.0,0.0,12.4,5.35,0,0.0,0,0,18-APR-2022,
OPTSTK,IDFC,26-May-2022,63.0,PE,0.0,0.0,0.0,13.15,5.95,0,0.0,0,0,18-APR-2022,
OPTSTK,IDFC,26-May-2022,64.0,PE,0.0,0.0,0.0,13.9,6.55,0,0.0,0,0,18-APR-2022,
OPTSTK,IDFC,26-May-2022,65.0,PE,0.0,0.0,0.0,14.7,7.2,0,0.0,0,0,18-APR-2022,
OPTSTK,IDFC,26-May-2022,66.0,PE,0.0,0.0,0.0,15.5,7.9,0,0.0,0,0,18-APR-2022,
OPTSTK,IDFC,26-May-2022,67.0,PE,0.0,0.0,0.0,16.3,8.6,0,0.0,0,0,18-APR-2022,
OPTSTK,IDFC,26-May-2022,68.0,PE,0.0,0.0,0.0,17.15,9.3,0,0.0,0,0,18-APR-2022,
OPTSTK,IDFC,26-May-2022,69.0,PE,0.0,0.0,0.0,18.0,10.1,0,0.0,0,0,18-APR-2022,
OPTSTK,IDFC,26-May-2022,70.0,PE,0.0,0.0,0.0,18.85,10.85,0,0.0,0,0,18-APR-2022,
OPTSTK,IDFC,26-May-2022,71.0,PE,0.0,0.0,0.0,19.7,11.65,0,0.0,0,0,18-APR-2022,
OPTSTK,IDFC,26-May-2022,72.0,PE,0.0,0.0,0.0,20.6,12.45,0,0.0,0,0,18-APR-2022,
OPTSTK,IDFC,26-May-2022,73.0,PE,0.0,0.0,0.0,21.45,13.3,0,0.0,0,0,18-APR-2022,
OPTSTK,IDFC,26-May-2022,74.0,PE,0.0,0.0,0.0,22.35,14.15,0,0.0,0,0,18-APR-2022,
OPTSTK,IDFC,26-May-2022,75.0,PE,0.0,0.0,0.0,23.25,15.05,0,0.0,0,0,18-APR-2022,
OPTSTK,IDFC,26-May-2022,76.0,PE,0.0,0.0,0.0,24.15,15.9,0,0.0,0,0,18-APR-2022,
OPTSTK,IDFC,26-May-2022,77.0,PE,0.0,0.0,0.0,22.0,16.8,0,0.0,0,0,18-APR-2022,
OPTSTK,IDFC,26-May-2022,78.0,PE,0.0,0.0,0.0,22.9,17.7,0,0.0,0,0,18-APR-2022,
OPTSTK,IDFC,26-May-2022,79.0,PE,0.0,0.0,0.0,23.8,18.65,0,0.0,0,0,18-APR-2022,
OPTSTK,IDFC,26-May-2022,80.0,PE,0.0,0.0,0.0,24.65,19.55,0,0.0,0,0,18-APR-2022,
OPTSTK,IDFC,30-Jun-2022,40.0,CE,0.0,0.0,0.0,22.65,21.3,0,0.0,0,0,18-APR-2022,
OPTSTK,IDFC,30-Jun-2022,41.0,CE,0.0,0.0,0.0,21.75,20.35,0,0.0,0,0,18-APR-2022,
OPTSTK,IDFC,30-Jun-2022,42.0,CE,0.0,0.0,0.0,20.9,19.5,0,0.0,0,0,18-APR-2022,
OPTSTK,IDFC,30-Jun-2022,43.0,CE,0.0,0.0,0.0,20.05,18.6,0,0.0,0,0,18-APR-2022,
OPTSTK,IDFC,30-Jun-2022,44.0,CE,0.0,0.0,0.0,19.2,17.75,0,0.0,0,0,18-APR-2022,
OPTSTK,IDFC,30-Jun-2022,45.0,CE,0.0,0.0,0.0,18.35,16.9,0,0.0,0,0,18-APR-2022,
OPTSTK,IDFC,30-Jun-2022,46.0,CE,0.0,0.0,0.0,17.55,16.05,0,0.0,0,0,18-APR-2022,
OPTSTK,IDFC,30-Jun-2022,47.0,CE,0.0,0.0,0.0,16.75,15.25,0,0.0,0,0,18-APR-2022,
OPTSTK,IDFC,30-Jun-2022,48.0,CE,0.0,0.0,0.0,16.0,14.5,0,0.0,0,0,18-APR-2022,
OPTSTK,IDFC,30-Jun-2022,49.0,CE,0.0,0.0,0.0,15.25,13.7,0,0.0,0,0,18-APR-2022,
OPTSTK,IDFC,30-Jun-2022,50.0,CE,0.0,0.0,0.0,14.55,13.0,0,0.0,0,0,18-APR-2022,
OPTSTK,IDFC,30-Jun-2022,51.0,CE,0.0,0.0,0.0,13.85,12.3,0,0.0,0,0,18-APR-2022,
OPTSTK,IDFC,30-Jun-2022,52.0,CE,0.0,0.0,0.0,13.15,11.6,0,0.0,0,0,18-APR-2022,
OPTSTK,IDFC,30-Jun-2022,53.0,CE,0.0,0.0,0.0,12.5,10.95,0,0.0,0,0,18-APR-2022,
OPTSTK,IDFC,30-Jun-2022,54.0,CE,0.0,0.0,0.0,11.85,10.3,0,0.0,0,0,18-APR-2022,
OPTSTK,IDFC,30-Jun-2022,55.0,CE,0.0,0.0,0.0,11.25,9.7,0,0.0,0,0,18-APR-2022,
OPTSTK,IDFC,30-Jun-2022,56.0,CE,0.0,0.0,0.0,10.65,9.1,0,0.0,0,0,18-APR-2022,
OPTSTK,IDFC,30-Jun-2022,57.0,CE,0.0,0.0,0.0,10.1,8.55,0,0.0,0,0,18-APR-2022,
OPTSTK,IDFC,30-Jun-2022,58.0,CE,0.0,0.0,0.0,9.55,8.0,0,0.0,0,0,18-APR-2022,
OPTSTK,IDFC,30-Jun-2022,59.0,CE,0.0,0.0,0.0,9.05,7.5,0,0.0,0,0,18-APR-2022,
OPTSTK,IDFC,30-Jun-2022,60.0,CE,0.0,0.0,0.0,8.55,7.0,0,0.0,0,0,18-APR-2022,
OPTSTK,IDFC,30-Jun-2022,61.0,CE,0.0,0.0,0.0,8.05,6.55,0,0.0,0,0,18-APR-2022,
OPTSTK,IDFC,30-Jun-2022,62.0,CE,0.0,0.0,0.0,7.6,6.15,0,0.0,0,0,18-APR-2022,
OPTSTK,IDFC,30-Jun-2022,63.0,CE,0.0,0.0,0.0,7.15,5.7,0,0.0,0,0,18-APR-2022,
OPTSTK,IDFC,30-Jun-2022,64.0,CE,0.0,0.0,0.0,6.75,5.35,0,0.0,0,0,18-APR-2022,
OPTSTK,IDFC,30-Jun-2022,65.0,CE,0.0,0.0,0.0,6.35,4.95,0,0.0,0,0,18-APR-2022,
OPTSTK,IDFC,30-Jun-2022,66.0,CE,0.0,0.0,0.0,6.0,4.6,0,0.0,0,0,18-APR-2022,
OPTSTK,IDFC,30-Jun-2022,67.0,CE,0.0,0.0,0.0,5.65,4.3,0,0.0,0,0,18-APR-2022,
OPTSTK,IDFC,30-Jun-2022,68.0,CE,0.0,0.0,0.0,5.3,4.0,0,0.0,0,0,18-APR-2022,
OPTSTK,IDFC,30-Jun-2022,69.0,CE,0.0,0.0,0.0,5.0,3.7,0,0.0,0,0,18-APR-2022,
OPTSTK,IDFC,30-Jun-2022,70.0,CE,0.0,0.0,0.0,3.0,3.45,0,0.0,0,0,18-APR-2022,
OPTSTK,IDFC,30-Jun-2022,71.0,CE,0.0,0.0,0.0,4.4,3.2,0,0.0,0,0,18-APR-2022,
OPTSTK,IDFC,30-Jun-2022,72.0,CE,0.0,0.0,0.0,4.1,2.95,0,0.0,0,0,18-APR-2022,
OPTSTK,IDFC,30-Jun-2022,73.0,CE,0.0,0.0,0.0,3.85,2.75,0,0.0,0,0,18-APR-2022,
OPTSTK,IDFC,30-Jun-2022,74.0,CE,0.0,0.0,0.0,3.6,2.55,0,0.0,0,0,18-APR-2022,
OPTSTK,IDFC,30-Jun-2022,75.0,CE,0.0,0.0,0.0,3.4,2.35,0,0.0,0,0,18-APR-2022,
OPTSTK,IDFC,30-Jun-2022,76.0,CE,0.0,0.0,0.0,3.2,2.15,0,0.0,0,0,18-APR-2022,
OPTSTK,IDFC,30-Jun-2022,77.0,CE,0.0,0.0,0.0,3.0,2.0,0,0.0,0,0,18-APR-2022,
OPTSTK,IDFC,30-Jun-2022,78.0,CE,0.0,0.0,0.0,2.8,1.85,0,0.0,0,0,18-APR-2022,
OPTSTK,IDFC,30-Jun-2022,79.0,CE,0.0,0.0,0.0,2.6,1.7,0,0.0,0,0,18-APR-2022,
OPTSTK,IDFC,30-Jun-2022,80.0,CE,0.0,0.0,0.0,2.45,1.55,0,0.0,0,0,18-APR-2022,
OPTSTK,IDFC,30-Jun-2022,40.0,PE,0.0,0.0,0.0,0.5,0.35,0,0.0,0,0,18-APR-2022,
OPTSTK,IDFC,30-Jun-2022,41.0,PE,0.0,0.0,0.0,0.6,0.45,0,0.0,0,0,18-APR-2022,
OPTSTK,IDFC,30-Jun-2022,42.0,PE,0.0,0.0,0.0,0.7,0.5,0,0.0,0,0,18-APR-2022,
OPTSTK,IDFC,30-Jun-2022,43.0,PE,0.0,0.0,0.0,0.8,0.65,0,0.0,0,0,18-APR-2022,
OPTSTK,IDFC,30-Jun-2022,44.0,PE,0.0,0.0,0.0,0.95,0.75,0,0.0,0,0,18-APR-2022,
OPTSTK,IDFC,30-Jun-2022,45.0,PE,0.0,0.0,0.0,1.15,0.9,0,0.0,0,0,18-APR-2022,
OPTSTK,IDFC,30-Jun-2022,46.0,PE,0.0,0.0,0.0,1.3,1.1,0,0.0,0,0,18-APR-2022,
OPTSTK,IDFC,30-Jun-2022,47.0,PE,0.0,0.0,0.0,1.5,1.25,0,0.0,0,0,18-APR-2022,
OPTSTK,IDFC,30-Jun-2022,48.0,PE,0.0,0.0,0.0,1.75,1.45,0,0.0,0,0,18-APR-2022,
OPTSTK,IDFC,30-Jun-2022,49.0,PE,0.0,0.0,0.0,2.0,1.7,0,0.0,0,0,18-APR-2022,
OPTSTK,IDFC,30-Jun-2022,50.0,PE,0.0,0.0,0.0,2.25,1.95,0,0.0,0,0,18-APR-2022,
OPTSTK,IDFC,30-Jun-2022,51.0,PE,0.0,0.0,0.0,2.55,2.25,0,0.0,0,0,18-APR-2022,
OPTSTK,IDFC,30-Jun-2022,52.0,PE,0.0,0.0,0.0,2.85,2.55,0,0.0,0,0,18-APR-2022,
OPTSTK,IDFC,30-Jun-2022,53.0,PE,0.0,0.0,0.0,3.2,2.9,0,0.0,0,0,18-APR-2022,
OPTSTK,IDFC,30-Jun-2022,54.0,PE,0.0,0.0,0.0,3.55,3.25,0,0.0,0,0,18-APR-2022,
OPTSTK,IDFC,30-Jun-2022,55.0,PE,0.0,0.0,0.0,3.9,3.6,0,0.0,0,0,18-APR-2022,
OPTSTK,IDFC,30-Jun-2022,56.0,PE,0.0,0.0,0.0,4.3,4.0,0,0.0,0,0,18-APR-2022,
OPTSTK,IDFC,30-Jun-2022,57.0,PE,0.0,0.0,0.0,4.75,4.45,0,0.0,0,0,18-APR-2022,
OPTSTK,IDFC,30-Jun-2022,58.0,PE,0.0,0.0,0.0,5.2,4.9,0,0.0,0,0,18-APR-2022,
OPTSTK,IDFC,30-Jun-2022,59.0,PE,0.0,0.0,0.0,5.65,5.4,0,0.0,0,0,18-APR-2022,
OPTSTK,IDFC,30-Jun-2022,60.0,PE,0.0,0.0,0.0,6.15,5.9,0,0.0,0,0,18-APR-2022,
OPTSTK,IDFC,30-Jun-2022,61.0,PE,0.0,0.0,0.0,6.65,6.45,0,0.0,0,0,18-APR-2022,
OPTSTK,IDFC,30-Jun-2022,62.0,PE,0.0,0.0,0.0,7.2,7.0,0,0.0,0,0,18-APR-2022,
OPTSTK,IDFC,30-Jun-2022,63.0,PE,0.0,0.0,0.0,7.75,7.6,0,0.0,0,0,18-APR-2022,
OPTSTK,IDFC,30-Jun-2022,64.0,PE,0.0,0.0,0.0,8.35,8.2,0,0.0,0,0,18-APR-2022,
OPTSTK,IDFC,30-Jun-2022,65.0,PE,0.0,0.0,0.0,8.95,8.8,0,0.0,0,0,18-APR-2022,
OPTSTK,IDFC,30-Jun-2022,66.0,PE,0.0,0.0,0.0,9.55,9.45,0,0.0,0,0,18-APR-2022,
OPTSTK,IDFC,30-Jun-2022,67.0,PE,0.0,0.0,0.0,10.2,10.15,0,0.0,0,0,18-APR-2022,
OPTSTK,IDFC,30-Jun-2022,68.0,PE,0.0,0.0,0.0,10.85,10.8,0,0.0,0,0,18-APR-2022,
OPTSTK,IDFC,30-Jun-2022,69.0,PE,0.0,0.0,0.0,11.5,11.5,0,0.0,0,0,18-APR-2022,
OPTSTK,IDFC,30-Jun-2022,70.0,PE,0.0,0.0,0.0,12.2,12.25,0,0.0,0,0,18-APR-2022,
OPTSTK,IDFC,30-Jun-2022,71.0,PE,0.0,0.0,0.0,12.9,13.0,0,0.0,0,0,18-APR-2022,
OPTSTK,IDFC,30-Jun-2022,72.0,PE,0.0,0.0,0.0,13.6,13.75,0,0.0,0,0,18-APR-2022,
OPTSTK,IDFC,30-Jun-2022,73.0,PE,0.0,0.0,0.0,14.35,14.5,0,0.0,0,0,18-APR-2022,
OPTSTK,IDFC,30-Jun-2022,74.0,PE,0.0,0.0,0.0,15.1,15.3,0,0.0,0,0,18-APR-2022,
OPTSTK,IDFC,30-Jun-2022,75.0,PE,0.0,0.0,0.0,15.85,16.1,0,0.0,0,0,18-APR-2022,
OPTSTK,IDFC,30-Jun-2022,76.0,PE,0.0,0.0,0.0,16.65,16.9,0,0.0,0,0,18-APR-2022,
OPTSTK,IDFC,30-Jun-2022,77.0,PE,0.0,0.0,0.0,17.4,17.75,0,0.0,0,0,18-APR-2022,
OPTSTK,IDFC,30-Jun-2022,78.0,PE,0.0,0.0,0.0,18.2,18.6,0,0.0,0,0,18-APR-2022,
OPTSTK,IDFC,30-Jun-2022,79.0,PE,0.0,0.0,0.0,19.05,19.45,0,0.0,0,0,18-APR-2022,
OPTSTK,IDFC,30-Jun-2022,80.0,PE,0.0,0.0,0.0,19.85,20.3,0,0.0,0,0,18-APR-2022,
OPTSTK,IDFCFIRSTB,28-Apr-2022,28.0,CE,0.0,0.0,0.0,18.35,12.85,0,0.0,0,0,18-APR-2022,
OPTSTK,IDFCFIRSTB,28-Apr-2022,29.0,CE,0.0,0.0,0.0,17.4,11.85,0,0.0,0,0,18-APR-2022,
OPTSTK,IDFCFIRSTB,28-Apr-2022,30.0,CE,0.0,0.0,0.0,16.45,10.85,0,0.0,0,0,18-APR-2022,
OPTSTK,IDFCFIRSTB,28-Apr-2022,31.0,CE,0.0,0.0,0.0,15.5,9.85,0,0.0,0,0,18-APR-2022,
OPTSTK,IDFCFIRSTB,28-Apr-2022,32.0,CE,0.0,0.0,0.0,14.6,8.85,0,0.0,0,0,18-APR-2022,
OPTSTK,IDFCFIRSTB,28-Apr-2022,33.0,CE,0.0,0.0,0.0,13.7,7.85,0,0.0,0,0,18-APR-2022,
OPTSTK,IDFCFIRSTB,28-Apr-2022,34.0,CE,0.0,0.0,0.0,12.8,6.85,0,0.0,0,0,18-APR-2022,
OPTSTK,IDFCFIRSTB,28-Apr-2022,35.0,CE,6.1,6.1,5.7,5.9,5.9,4,18.14,843600,0,18-APR-2022,
OPTSTK,IDFCFIRSTB,28-Apr-2022,36.0,CE,5.0,5.0,5.0,5.0,4.95,1,4.55,44400,-11100,18-APR-2022,
OPTSTK,IDFCFIRSTB,28-Apr-2022,37.0,CE,4.2,4.2,3.75,3.75,4.05,4,18.21,188700,-22200,18-APR-2022,
OPTSTK,IDFCFIRSTB,28-Apr-2022,38.0,CE,3.1,3.2,2.8,3.1,3.1,7,31.89,1376400,0,18-APR-2022,
OPTSTK,IDFCFIRSTB,28-Apr-2022,39.0,CE,2.55,2.55,1.95,2.05,2.45,10,45.76,1609500,-11100,18-APR-2022,
OPTSTK,IDFCFIRSTB,28-Apr-2022,40.0,CE,1.6,1.8,1.2,1.5,1.5,679,3121.95,11843700,1054500,18-APR-2022,
OPTSTK,IDFCFIRSTB,28-Apr-2022,41.0,CE,1.35,1.35,0.8,1.0,1.0,528,2460.24,2863800,1110000,18-APR-2022,
OPTSTK,IDFCFIRSTB,28-Apr-2022,42.0,CE,1.15,1.15,0.5,0.65,0.65,1546,7323.44,7670100,-377400,18-APR-2022,
OPTSTK,IDFCFIRSTB,28-Apr-2022,43.0,CE,0.8,0.8,0.35,0.45,0.45,911,4395.73,10356300,1698300,18-APR-2022,
OPTSTK,IDFCFIRSTB,28-Apr-2022,44.0,CE,0.5,0.5,0.25,0.3,0.3,958,4714.95,8935500,1465200,18-APR-2022,
OPTSTK,IDFCFIRSTB,28-Apr-2022,45.0,CE,0.45,0.45,0.2,0.3,0.3,2806,14111.21,47541300,2353200,18-APR-2022,
OPTSTK,IDFCFIRSTB,28-Apr-2022,46.0,CE,0.3,0.3,0.15,0.2,0.2,385,1975.16,7381500,166500,18-APR-2022,
OPTSTK,IDFCFIRSTB,28-Apr-2022,47.0,CE,0.15,0.2,0.1,0.15,0.15,241,1261.44,3996000,-366300,18-APR-2022,
OPTSTK,IDFCFIRSTB,28-Apr-2022,48.0,CE,0.15,0.2,0.1,0.1,0.1,247,1319.12,6460200,-55500,18-APR-2022,
OPTSTK,IDFCFIRSTB,28-Apr-2022,49.0,CE,0.1,0.1,0.05,0.1,0.1,41,223.43,1021200,55500,18-APR-2022,
OPTSTK,IDFCFIRSTB,28-Apr-2022,50.0,CE,0.1,0.1,0.05,0.1,0.1,532,2957.66,14030400,-55500,18-APR-2022,
OPTSTK,IDFCFIRSTB,28-Apr-2022,51.0,CE,0.05,0.1,0.05,0.1,0.1,12,68.0,732600,-55500,18-APR-2022,
OPTSTK,IDFCFIRSTB,28-Apr-2022,52.0,CE,0.05,0.05,0.05,0.05,0.0,19,109.77,2919300,-44400,18-APR-2022,
OPTSTK,IDFCFIRSTB,28-Apr-2022,53.0,CE,0.05,0.05,0.05,0.05,0.0,38,223.76,610500,-166500,18-APR-2022,
OPTSTK,IDFCFIRSTB,28-Apr-2022,54.0,CE,0.05,0.05,0.05,0.05,0.0,21,125.99,499500,0,18-APR-2022,
OPTSTK,IDFCFIRSTB,28-Apr-2022,55.0,CE,0.05,0.05,0.05,0.05,0.0,37,226.09,2153400,44400,18-APR-2022,
OPTSTK,IDFCFIRSTB,28-Apr-2022,56.0,CE,0.0,0.0,0.0,0.05,0.0,0,0.0,155400,0,18-APR-2022,
OPTSTK,IDFCFIRSTB,28-Apr-2022,57.0,CE,0.0,0.0,0.0,0.1,0.0,0,0.0,33300,0,18-APR-2022,
OPTSTK,IDFCFIRSTB,28-Apr-2022,58.0,CE,0.0,0.0,0.0,0.1,0.0,0,0.0,99900,0,18-APR-2022,
OPTSTK,IDFCFIRSTB,28-Apr-2022,59.0,CE,0.0,0.0,0.0,1.2,0.0,0,0.0,0,0,18-APR-2022,
OPTSTK,IDFCFIRSTB,28-Apr-2022,60.0,CE,0.05,0.05,0.05,0.05,0.0,1,6.66,1221000,11100,18-APR-2022,
OPTSTK,IDFCFIRSTB,28-Apr-2022,61.0,CE,0.0,0.0,0.0,0.95,0.0,0,0.0,0,0,18-APR-2022,
OPTSTK,IDFCFIRSTB,28-Apr-2022,62.0,CE,0.0,0.0,0.0,0.85,0.0,0,0.0,0,0,18-APR-2022,
OPTSTK,IDFCFIRSTB,28-Apr-2022,63.0,CE,0.0,0.0,0.0,0.05,0.0,0,0.0,33300,0,18-APR-2022,
OPTSTK,IDFCFIRSTB,28-Apr-2022,64.0,CE,0.0,0.0,0.0,0.65,0.0,0,0.0,0,0,18-APR-2022,
OPTSTK,IDFCFIRSTB,28-Apr-2022,65.0,CE,0.0,0.0,0.0,0.05,0.0,0,0.0,222000,0,18-APR-2022,
OPTSTK,IDFCFIRSTB,28-Apr-2022,66.0,CE,0.0,0.0,0.0,0.05,0.0,0,0.0,11100,0,18-APR-2022,
OPTSTK,IDFCFIRSTB,28-Apr-2022,28.0,PE,0.0,0.0,0.0,0.05,0.0,0,0.0,155400,0,18-APR-2022,
OPTSTK,IDFCFIRSTB,28-Apr-2022,29.0,PE,0.0,0.0,0.0,0.05,0.0,0,0.0,11100,0,18-APR-2022,
OPTSTK,IDFCFIRSTB,28-Apr-2022,30.0,PE,0.05,0.05,0.05,0.05,0.0,3,10.0,2120100,-11100,18-APR-2022,
OPTSTK,IDFCFIRSTB,28-Apr-2022,31.0,PE,0.0,0.0,0.0,0.05,0.0,0,0.0,488400,0,18-APR-2022,
OPTSTK,IDFCFIRSTB,28-Apr-2022,32.0,PE,0.0,0.0,0.0,0.1,0.0,0,0.0,1443000,0,18-APR-2022,
OPTSTK,IDFCFIRSTB,28-Apr-2022,33.0,PE,0.1,0.1,0.1,0.1,0.05,1,3.67,754800,11100,18-APR-2022,
OPTSTK,IDFCFIRSTB,28-Apr-2022,34.0,PE,0.0,0.0,0.0,0.1,0.05,0,0.0,610500,0,18-APR-2022,
OPTSTK,IDFCFIRSTB,28-Apr-2022,35.0,PE,0.15,0.15,0.05,0.1,0.1,139,541.56,4095900,-233100,18-APR-2022,
OPTSTK,IDFCFIRSTB,28-Apr-2022,36.0,PE,0.2,0.2,0.1,0.1,0.1,37,148.45,1221000,-155400,18-APR-2022,
OPTSTK,IDFCFIRSTB,28-Apr-2022,37.0,PE,0.2,0.2,0.15,0.15,0.15,60,247.71,1576200,-33300,18-APR-2022,
OPTSTK,IDFCFIRSTB,28-Apr-2022,38.0,PE,0.3,0.35,0.2,0.25,0.25,156,662.95,5594400,55500,18-APR-2022,
OPTSTK,IDFCFIRSTB,28-Apr-2022,39.0,PE,0.5,0.5,0.3,0.35,0.35,183,800.91,7625700,155400,18-APR-2022,
OPTSTK,IDFCFIRSTB,28-Apr-2022,40.0,PE,0.85,0.95,0.55,0.65,0.65,762,3444.71,11699400,-532800,18-APR-2022,
OPTSTK,IDFCFIRSTB,28-Apr-2022,41.0,PE,1.3,1.5,1.05,1.15,1.15,148,693.92,3596400,177600,18-APR-2022,
OPTSTK,IDFCFIRSTB,28-Apr-2022,42.0,PE,2.1,2.25,1.7,1.85,1.85,194,948.47,4206900,-1398600,18-APR-2022,
OPTSTK,IDFCFIRSTB,28-Apr-2022,43.0,PE,2.9,2.95,2.45,2.6,2.6,11,55.74,2264400,-88800,18-APR-2022,
OPTSTK,IDFCFIRSTB,28-Apr-2022,44.0,PE,3.4,3.75,3.2,3.75,3.55,15,79.13,1354200,-77700,18-APR-2022,
OPTSTK,IDFCFIRSTB,28-Apr-2022,45.0,PE,4.15,4.8,4.15,4.35,4.35,25,137.42,6182700,-166500,18-APR-2022,
OPTSTK,IDFCFIRSTB,28-Apr-2022,46.0,PE,5.05,5.7,4.4,5.7,5.3,16,90.74,699300,66600,18-APR-2022,
OPTSTK,IDFCFIRSTB,28-Apr-2022,47.0,PE,6.65,6.65,6.65,6.65,6.25,1,5.95,66600,-11100,18-APR-2022,
OPTSTK,IDFCFIRSTB,28-Apr-2022,48.0,PE,7.5,7.65,7.5,7.65,7.2,3,18.49,4218000,11100,18-APR-2022,
OPTSTK,IDFCFIRSTB,28-Apr-2022,49.0,PE,8.5,8.5,8.5,8.5,8.5,1,6.38,88800,0,18-APR-2022,
OPTSTK,IDFCFIRSTB,28-Apr-2022,50.0,PE,9.4,9.4,9.4,9.4,9.15,1,6.59,1254300,0,18-APR-2022,
OPTSTK,IDFCFIRSTB,28-Apr-2022,51.0,PE,0.0,0.0,0.0,11.4,10.15,0,0.0,22200,0,18-APR-2022,
OPTSTK,IDFCFIRSTB,28-Apr-2022,52.0,PE,0.0,0.0,0.0,8.4,11.15,0,0.0,432900,0,18-APR-2022,
OPTSTK,IDFCFIRSTB,28-Apr-2022,53.0,PE,0.0,0.0,0.0,8.8,12.15,0,0.0,0,0,18-APR-2022,
OPTSTK,IDFCFIRSTB,28-Apr-2022,54.0,PE,0.0,0.0,0.0,9.55,13.15,0,0.0,0,0,18-APR-2022,
OPTSTK,IDFCFIRSTB,28-Apr-2022,55.0,PE,0.0,0.0,0.0,13.45,14.15,0,0.0,333000,0,18-APR-2022,
OPTSTK,IDFCFIRSTB,28-Apr-2022,56.0,PE,0.0,0.0,0.0,11.15,15.15,0,0.0,0,0,18-APR-2022,
OPTSTK,IDFCFIRSTB,28-Apr-2022,57.0,PE,0.0,0.0,0.0,11.95,16.15,0,0.0,0,0,18-APR-2022,
OPTSTK,IDFCFIRSTB,28-Apr-2022,58.0,PE,0.0,0.0,0.0,12.75,17.15,0,0.0,0,0,18-APR-2022,
OPTSTK,IDFCFIRSTB,28-Apr-2022,59.0,PE,0.0,0.0,0.0,13.6,18.15,0,0.0,0,0,18-APR-2022,
OPTSTK,IDFCFIRSTB,28-Apr-2022,60.0,PE,0.0,0.0,0.0,16.1,19.15,0,0.0,421800,0,18-APR-2022,
OPTSTK,IDFCFIRSTB,28-Apr-2022,61.0,PE,0.0,0.0,0.0,15.35,20.15,0,0.0,0,0,18-APR-2022,
OPTSTK,IDFCFIRSTB,28-Apr-2022,62.0,PE,0.0,0.0,0.0,16.25,21.15,0,0.0,0,0,18-APR-2022,
OPTSTK,IDFCFIRSTB,28-Apr-2022,63.0,PE,0.0,0.0,0.0,17.15,22.15,0,0.0,0,0,18-APR-2022,
OPTSTK,IDFCFIRSTB,28-Apr-2022,64.0,PE,0.0,0.0,0.0,18.05,23.15,0,0.0,0,0,18-APR-2022,
OPTSTK,IDFCFIRSTB,28-Apr-2022,65.0,PE,0.0,0.0,0.0,18.95,24.15,0,0.0,0,0,18-APR-2022,
OPTSTK,IDFCFIRSTB,28-Apr-2022,66.0,PE,0.0,0.0,0.0,19.85,25.15,0,0.0,0,0,18-APR-2022,
OPTSTK,IDFCFIRSTB,26-May-2022,28.0,CE,0.0,0.0,0.0,11.5,12.95,0,0.0,0,0,18-APR-2022,
OPTSTK,IDFCFIRSTB,26-May-2022,29.0,CE,0.0,0.0,0.0,10.65,12.0,0,0.0,0,0,18-APR-2022,
OPTSTK,IDFCFIRSTB,26-May-2022,30.0,CE,0.0,0.0,0.0,9.8,11.0,0,0.0,0,0,18-APR-2022,
OPTSTK,IDFCFIRSTB,26-May-2022,31.0,CE,0.0,0.0,0.0,9.0,10.05,0,0.0,0,0,18-APR-2022,
OPTSTK,IDFCFIRSTB,26-May-2022,32.0,CE,0.0,0.0,0.0,8.2,9.15,0,0.0,0,0,18-APR-2022,
OPTSTK,IDFCFIRSTB,26-May-2022,33.0,CE,0.0,0.0,0.0,7.5,8.2,0,0.0,0,0,18-APR-2022,
OPTSTK,IDFCFIRSTB,26-May-2022,34.0,CE,0.0,0.0,0.0,6.8,7.35,0,0.0,0,0,18-APR-2022,
OPTSTK,IDFCFIRSTB,26-May-2022,35.0,CE,0.0,0.0,0.0,6.15,6.5,0,0.0,0,0,18-APR-2022,
OPTSTK,IDFCFIRSTB,26-May-2022,36.0,CE,0.0,0.0,0.0,5.55,5.75,0,0.0,0,0,18-APR-2022,
OPTSTK,IDFCFIRSTB,26-May-2022,37.0,CE,0.0,0.0,0.0,4.95,5.0,0,0.0,0,0,18-APR-2022,
OPTSTK,IDFCFIRSTB,26-May-2022,38.0,CE,0.0,0.0,0.0,4.45,4.35,0,0.0,0,0,18-APR-2022,
OPTSTK,IDFCFIRSTB,26-May-2022,39.0,CE,0.0,0.0,0.0,3.95,3.7,0,0.0,0,0,18-APR-2022,
OPTSTK,IDFCFIRSTB,26-May-2022,40.0,CE,3.25,3.25,2.65,3.05,3.05,22,104.76,388500,166500,18-APR-2022,
OPTSTK,IDFCFIRSTB,26-May-2022,41.0,CE,0.0,0.0,0.0,3.1,2.65,0,0.0,0,0,18-APR-2022,
OPTSTK,IDFCFIRSTB,26-May-2022,42.0,CE,2.0,2.0,2.0,2.0,2.25,2,9.76,22200,22200,18-APR-2022,
OPTSTK,IDFCFIRSTB,26-May-2022,43.0,CE,2.0,2.0,1.45,1.7,1.7,7,34.67,133200,44400,18-APR-2022,
OPTSTK,IDFCFIRSTB,26-May-2022,44.0,CE,1.55,1.6,1.35,1.35,1.5,9,45.38,177600,77700,18-APR-2022,
OPTSTK,IDFCFIRSTB,26-May-2022,45.0,CE,1.5,1.5,1.15,1.2,1.2,132,677.23,5083800,688200,18-APR-2022,
OPTSTK,IDFCFIRSTB,26-May-2022,46.0,CE,1.1,1.1,0.9,0.95,0.95,16,83.34,388500,99900,18-APR-2022,
OPTSTK,IDFCFIRSTB,26-May-2022,47.0,CE,0.85,0.85,0.8,0.8,0.8,3,15.92,77700,22200,18-APR-2022,
OPTSTK,IDFCFIRSTB,26-May-2022,48.0,CE,0.85,0.85,0.6,0.65,0.65,9,48.66,188700,66600,18-APR-2022,
OPTSTK,IDFCFIRSTB,26-May-2022,49.0,CE,0.0,0.0,0.0,0.85,0.5,0,0.0,33300,0,18-APR-2022,
OPTSTK,IDFCFIRSTB,26-May-2022,50.0,CE,0.65,0.65,0.45,0.5,0.5,73,409.31,2053500,111000,18-APR-2022,
OPTSTK,IDFCFIRSTB,26-May-2022,51.0,CE,0.0,0.0,0.0,0.85,0.35,0,0.0,0,0,18-APR-2022,
OPTSTK,IDFCFIRSTB,26-May-2022,52.0,CE,0.0,0.0,0.0,0.7,0.25,0,0.0,0,0,18-APR-2022,
OPTSTK,IDFCFIRSTB,26-May-2022,53.0,CE,0.0,0.0,0.0,0.6,0.2,0,0.0,0,0,18-APR-2022,
OPTSTK,IDFCFIRSTB,26-May-2022,54.0,CE,0.0,0.0,0.0,0.55,0.15,0,0.0,0,0,18-APR-2022,
OPTSTK,IDFCFIRSTB,26-May-2022,55.0,CE,0.3,0.3,0.25,0.25,0.25,14,85.89,532800,122100,18-APR-2022,
OPTSTK,IDFCFIRSTB,26-May-2022,56.0,CE,0.0,0.0,0.0,0.4,0.1,0,0.0,0,0,18-APR-2022,
OPTSTK,IDFCFIRSTB,26-May-2022,57.0,CE,0.0,0.0,0.0,0.35,0.1,0,0.0,0,0,18-APR-2022,
OPTSTK,IDFCFIRSTB,26-May-2022,58.0,CE,0.0,0.0,0.0,0.3,0.05,0,0.0,0,0,18-APR-2022,
OPTSTK,IDFCFIRSTB,26-May-2022,59.0,CE,0.0,0.0,0.0,0.3,0.05,0,0.0,11100,0,18-APR-2022,
OPTSTK,IDFCFIRSTB,26-May-2022,28.0,PE,0.0,0.0,0.0,0.35,0.05,0,0.0,0,0,18-APR-2022,
OPTSTK,IDFCFIRSTB,26-May-2022,29.0,PE,0.0,0.0,0.0,0.45,0.05,0,0.0,0,0,18-APR-2022,
OPTSTK,IDFCFIRSTB,26-May-2022,30.0,PE,0.0,0.0,0.0,0.2,0.1,0,0.0,44400,0,18-APR-2022,
OPTSTK,IDFCFIRSTB,26-May-2022,31.0,PE,0.0,0.0,0.0,0.75,0.1,0,0.0,0,0,18-APR-2022,
OPTSTK,IDFCFIRSTB,26-May-2022,32.0,PE,0.0,0.0,0.0,1.0,0.2,0,0.0,0,0,18-APR-2022,
OPTSTK,IDFCFIRSTB,26-May-2022,33.0,PE,0.0,0.0,0.0,1.25,0.3,0,0.0,0,0,18-APR-2022,
OPTSTK,IDFCFIRSTB,26-May-2022,34.0,PE,0.0,0.0,0.0,1.55,0.4,0,0.0,0,0,18-APR-2022,
OPTSTK,IDFCFIRSTB,26-May-2022,35.0,PE,0.55,0.6,0.5,0.5,0.5,33,130.12,1054500,299700,18-APR-2022,
OPTSTK,IDFCFIRSTB,26-May-2022,36.0,PE,0.0,0.0,0.0,2.25,0.8,0,0.0,0,0,18-APR-2022,
OPTSTK,IDFCFIRSTB,26-May-2022,37.0,PE,0.0,0.0,0.0,0.85,1.05,0,0.0,22200,0,18-APR-2022,
OPTSTK,IDFCFIRSTB,26-May-2022,38.0,PE,1.2,1.25,1.0,1.0,1.0,13,56.57,155400,122100,18-APR-2022,
OPTSTK,IDFCFIRSTB,26-May-2022,39.0,PE,1.45,1.45,1.45,1.45,1.75,2,8.97,22200,22200,18-APR-2022,
OPTSTK,IDFCFIRSTB,26-May-2022,40.0,PE,1.9,2.15,1.8,1.9,1.9,44,204.92,1298700,222000,18-APR-2022,
OPTSTK,IDFCFIRSTB,26-May-2022,41.0,PE,0.0,0.0,0.0,4.8,2.7,0,0.0,0,0,18-APR-2022,
OPTSTK,IDFCFIRSTB,26-May-2022,42.0,PE,3.15,3.15,3.15,3.15,3.25,1,5.01,299700,11100,18-APR-2022,
OPTSTK,IDFCFIRSTB,26-May-2022,43.0,PE,0.0,0.0,0.0,3.0,3.85,0,0.0,11100,0,18-APR-2022,
OPTSTK,IDFCFIRSTB,26-May-2022,44.0,PE,0.0,0.0,0.0,6.8,4.55,0,0.0,0,0,18-APR-2022,
OPTSTK,IDFCFIRSTB,26-May-2022,45.0,PE,5.0,5.9,5.0,5.15,5.15,7,39.03,266400,77700,18-APR-2022,
OPTSTK,IDFCFIRSTB,26-May-2022,46.0,PE,0.0,0.0,0.0,8.25,6.0,0,0.0,0,0,18-APR-2022,
OPTSTK,IDFCFIRSTB,26-May-2022,47.0,PE,0.0,0.0,0.0,9.05,6.8,0,0.0,0,0,18-APR-2022,
OPTSTK,IDFCFIRSTB,26-May-2022,48.0,PE,3.85,3.85,3.85,3.85,7.65,2,11.51,22200,22200,18-APR-2022,
OPTSTK,IDFCFIRSTB,26-May-2022,49.0,PE,0.0,0.0,0.0,10.7,8.5,0,0.0,0,0,18-APR-2022,
OPTSTK,IDFCFIRSTB,26-May-2022,50.0,PE,0.0,0.0,0.0,11.55,9.4,0,0.0,0,0,18-APR-2022,
OPTSTK,IDFCFIRSTB,26-May-2022,51.0,PE,0.0,0.0,0.0,12.4,10.3,0,0.0,0,0,18-APR-2022,
OPTSTK,IDFCFIRSTB,26-May-2022,52.0,PE,0.0,0.0,0.0,13.25,11.25,0,0.0,0,0,18-APR-2022,
OPTSTK,IDFCFIRSTB,26-May-2022,53.0,PE,0.0,0.0,0.0,14.15,12.15,0,0.0,0,0,18-APR-2022,
OPTSTK,IDFCFIRSTB,26-May-2022,54.0,PE,0.0,0.0,0.0,15.05,13.1,0,0.0,0,0,18-APR-2022,
OPTSTK,IDFCFIRSTB,26-May-2022,55.0,PE,0.0,0.0,0.0,16.0,14.1,0,0.0,0,0,18-APR-2022,
OPTSTK,IDFCFIRSTB,26-May-2022,56.0,PE,0.0,0.0,0.0,16.9,15.05,0,0.0,0,0,18-APR-2022,
OPTSTK,IDFCFIRSTB,26-May-2022,57.0,PE,0.0,0.0,0.0,17.85,16.05,0,0.0,0,0,18-APR-2022,
OPTSTK,IDFCFIRSTB,26-May-2022,58.0,PE,0.0,0.0,0.0,18.8,17.0,0,0.0,0,0,18-APR-2022,
OPTSTK,IDFCFIRSTB,26-May-2022,59.0,PE,0.0,0.0,0.0,19.75,18.0,0,0.0,0,0,18-APR-2022,
OPTSTK,IDFCFIRSTB,30-Jun-2022,28.0,CE,0.0,0.0,0.0,12.3,13.2,0,0.0,0,0,18-APR-2022,
OPTSTK,IDFCFIRSTB,30-Jun-2022,29.0,CE,0.0,0.0,0.0,11.45,12.25,0,0.0,0,0,18-APR-2022,
OPTSTK,IDFCFIRSTB,30-Jun-2022,30.0,CE,0.0,0.0,0.0,10.6,11.35,0,0.0,0,0,18-APR-2022,
OPTSTK,IDFCFIRSTB,30-Jun-2022,31.0,CE,0.0,0.0,0.0,9.75,10.5,0,0.0,0,0,18-APR-2022,
OPTSTK,IDFCFIRSTB,30-Jun-2022,32.0,CE,0.0,0.0,0.0,8.95,9.65,0,0.0,0,0,18-APR-2022,
OPTSTK,IDFCFIRSTB,30-Jun-2022,33.0,CE,0.0,0.0,0.0,8.2,8.8,0,0.0,0,0,18-APR-2022,
OPTSTK,IDFCFIRSTB,30-Jun-2022,34.0,CE,0.0,0.0,0.0,7.5,8.05,0,0.0,0,0,18-APR-2022,
OPTSTK,IDFCFIRSTB,30-Jun-2022,35.0,CE,0.0,0.0,0.0,6.85,7.3,0,0.0,0,0,18-APR-2022,
OPTSTK,IDFCFIRSTB,30-Jun-2022,36.0,CE,0.0,0.0,0.0,6.2,6.6,0,0.0,0,0,18-APR-2022,
OPTSTK,IDFCFIRSTB,30-Jun-2022,37.0,CE,0.0,0.0,0.0,5.6,5.95,0,0.0,0,0,18-APR-2022,
OPTSTK,IDFCFIRSTB,30-Jun-2022,38.0,CE,0.0,0.0,0.0,5.05,5.35,0,0.0,0,0,18-APR-2022,
OPTSTK,IDFCFIRSTB,30-Jun-2022,39.0,CE,0.0,0.0,0.0,4.55,4.75,0,0.0,0,0,18-APR-2022,
OPTSTK,IDFCFIRSTB,30-Jun-2022,40.0,CE,0.0,0.0,0.0,4.1,4.25,0,0.0,0,0,18-APR-2022,
OPTSTK,IDFCFIRSTB,30-Jun-2022,41.0,CE,0.0,0.0,0.0,3.65,3.75,0,0.0,0,0,18-APR-2022,
OPTSTK,IDFCFIRSTB,30-Jun-2022,42.0,CE,0.0,0.0,0.0,3.25,3.3,0,0.0,0,0,18-APR-2022,
OPTSTK,IDFCFIRSTB,30-Jun-2022,43.0,CE,0.0,0.0,0.0,2.9,2.95,0,0.0,0,0,18-APR-2022,
OPTSTK,IDFCFIRSTB,30-Jun-2022,44.0,CE,0.0,0.0,0.0,2.6,2.55,0,0.0,0,0,18-APR-2022,
OPTSTK,IDFCFIRSTB,30-Jun-2022,45.0,CE,0.0,0.0,0.0,2.3,2.25,0,0.0,0,0,18-APR-2022,
OPTSTK,IDFCFIRSTB,30-Jun-2022,46.0,CE,0.0,0.0,0.0,2.0,1.95,0,0.0,0,0,18-APR-2022,
OPTSTK,IDFCFIRSTB,30-Jun-2022,47.0,CE,0.0,0.0,0.0,1.8,1.7,0,0.0,0,0,18-APR-2022,
OPTSTK,IDFCFIRSTB,30-Jun-2022,48.0,CE,0.0,0.0,0.0,1.55,1.5,0,0.0,0,0,18-APR-2022,
OPTSTK,IDFCFIRSTB,30-Jun-2022,49.0,CE,0.0,0.0,0.0,1.4,1.3,0,0.0,0,0,18-APR-2022,
OPTSTK,IDFCFIRSTB,30-Jun-2022,50.0,CE,0.0,0.0,0.0,1.4,1.1,0,0.0,66600,0,18-APR-2022,
OPTSTK,IDFCFIRSTB,30-Jun-2022,51.0,CE,0.0,0.0,0.0,1.05,0.95,0,0.0,0,0,18-APR-2022,
OPTSTK,IDFCFIRSTB,30-Jun-2022,52.0,CE,0.0,0.0,0.0,0.95,0.85,0,0.0,0,0,18-APR-2022,
OPTSTK,IDFCFIRSTB,30-Jun-2022,53.0,CE,0.0,0.0,0.0,0.8,0.7,0,0.0,0,0,18-APR-2022,
OPTSTK,IDFCFIRSTB,30-Jun-2022,54.0,CE,0.0,0.0,0.0,0.7,0.6,0,0.0,0,0,18-APR-2022,
OPTSTK,IDFCFIRSTB,30-Jun-2022,55.0,CE,0.0,0.0,0.0,0.6,0.5,0,0.0,0,0,18-APR-2022,
OPTSTK,IDFCFIRSTB,30-Jun-2022,56.0,CE,0.0,0.0,0.0,0.55,0.45,0,0.0,0,0,18-APR-2022,
OPTSTK,IDFCFIRSTB,30-Jun-2022,57.0,CE,0.0,0.0,0.0,0.5,0.4,0,0.0,0,0,18-APR-2022,
OPTSTK,IDFCFIRSTB,30-Jun-2022,58.0,CE,0.0,0.0,0.0,0.4,0.35,0,0.0,0,0,18-APR-2022,
OPTSTK,IDFCFIRSTB,30-Jun-2022,28.0,PE,0.0,0.0,0.0,0.3,0.15,0,0.0,0,0,18-APR-2022,
OPTSTK,IDFCFIRSTB,30-Jun-2022,29.0,PE,0.0,0.0,0.0,0.45,0.2,0,0.0,0,0,18-APR-2022,
OPTSTK,IDFCFIRSTB,30-Jun-2022,30.0,PE,0.0,0.0,0.0,0.55,0.3,0,0.0,0,0,18-APR-2022,
OPTSTK,IDFCFIRSTB,30-Jun-2022,31.0,PE,0.0,0.0,0.0,0.75,0.4,0,0.0,0,0,18-APR-2022,
OPTSTK,IDFCFIRSTB,30-Jun-2022,32.0,PE,0.0,0.0,0.0,0.95,0.55,0,0.0,0,0,18-APR-2022,
OPTSTK,IDFCFIRSTB,30-Jun-2022,33.0,PE,0.0,0.0,0.0,1.2,0.75,0,0.0,0,0,18-APR-2022,
OPTSTK,IDFCFIRSTB,30-Jun-2022,34.0,PE,0.0,0.0,0.0,1.45,0.95,0,0.0,0,0,18-APR-2022,
OPTSTK,IDFCFIRSTB,30-Jun-2022,35.0,PE,0.0,0.0,0.0,1.75,1.2,0,0.0,0,0,18-APR-2022,
OPTSTK,IDFCFIRSTB,30-Jun-2022,36.0,PE,0.0,0.0,0.0,2.1,1.5,0,0.0,0,0,18-APR-2022,
OPTSTK,IDFCFIRSTB,30-Jun-2022,37.0,PE,0.0,0.0,0.0,2.5,1.85,0,0.0,0,0,18-APR-2022,
OPTSTK,IDFCFIRSTB,30-Jun-2022,38.0,PE,0.0,0.0,0.0,2.95,2.2,0,0.0,0,0,18-APR-2022,
OPTSTK,IDFCFIRSTB,30-Jun-2022,39.0,PE,0.0,0.0,0.0,3.45,2.65,0,0.0,0,0,18-APR-2022,
OPTSTK,IDFCFIRSTB,30-Jun-2022,40.0,PE,0.0,0.0,0.0,3.95,3.1,0,0.0,0,0,18-APR-2022,
OPTSTK,IDFCFIRSTB,30-Jun-2022,41.0,PE,0.0,0.0,0.0,4.5,3.6,0,0.0,0,0,18-APR-2022,
OPTSTK,IDFCFIRSTB,30-Jun-2022,42.0,PE,0.0,0.0,0.0,5.1,4.15,0,0.0,0,0,18-APR-2022,
OPTSTK,IDFCFIRSTB,30-Jun-2022,43.0,PE,0.0,0.0,0.0,5.75,4.75,0,0.0,0,0,18-APR-2022,
OPTSTK,IDFCFIRSTB,30-Jun-2022,44.0,PE,0.0,0.0,0.0,6.4,5.4,0,0.0,0,0,18-APR-2022,
OPTSTK,IDFCFIRSTB,30-Jun-2022,45.0,PE,0.0,0.0,0.0,7.1,6.05,0,0.0,0,0,18-APR-2022,
OPTSTK,IDFCFIRSTB,30-Jun-2022,46.0,PE,0.0,0.0,0.0,7.85,6.8,0,0.0,0,0,18-APR-2022,
OPTSTK,IDFCFIRSTB,30-Jun-2022,47.0,PE,0.0,0.0,0.0,8.6,7.5,0,0.0,0,0,18-APR-2022,
OPTSTK,IDFCFIRSTB,30-Jun-2022,48.0,PE,0.0,0.0,0.0,9.35,8.3,0,0.0,0,0,18-APR-2022,
OPTSTK,IDFCFIRSTB,30-Jun-2022,49.0,PE,0.0,0.0,0.0,10.15,9.1,0,0.0,0,0,18-APR-2022,
OPTSTK,IDFCFIRSTB,30-Jun-2022,50.0,PE,0.0,0.0,0.0,11.0,9.9,0,0.0,0,0,18-APR-2022,
OPTSTK,IDFCFIRSTB,30-Jun-2022,51.0,PE,0.0,0.0,0.0,11.85,10.75,0,0.0,0,0,18-APR-2022,
OPTSTK,IDFCFIRSTB,30-Jun-2022,52.0,PE,0.0,0.0,0.0,12.7,11.6,0,0.0,0,0,18-APR-2022,
OPTSTK,IDFCFIRSTB,30-Jun-2022,53.0,PE,0.0,0.0,0.0,13.55,12.45,0,0.0,0,0,18-APR-2022,
OPTSTK,IDFCFIRSTB,30-Jun-2022,54.0,PE,0.0,0.0,0.0,14.45,13.35,0,0.0,0,0,18-APR-2022,
OPTSTK,IDFCFIRSTB,30-Jun-2022,55.0,PE,0.0,0.0,0.0,15.35,14.25,0,0.0,0,0,18-APR-2022,
OPTSTK,IDFCFIRSTB,30-Jun-2022,56.0,PE,0.0,0.0,0.0,16.25,15.15,0,0.0,0,0,18-APR-2022,
OPTSTK,IDFCFIRSTB,30-Jun-2022,57.0,PE,0.0,0.0,0.0,17.2,16.1,0,0.0,0,0,18-APR-2022,
OPTSTK,IDFCFIRSTB,30-Jun-2022,58.0,PE,0.0,0.0,0.0,18.1,17.05,0,0.0,0,0,18-APR-2022,
OPTSTK,IEX,28-Apr-2022,140.0,CE,0.0,0.0,0.0,92.45,91.2,0,0.0,0,0,18-APR-2022,
OPTSTK,IEX,28-Apr-2022,145.0,CE,0.0,0.0,0.0,87.75,86.2,0,0.0,0,0,18-APR-2022,
OPTSTK,IEX,28-Apr-2022,150.0,CE,0.0,0.0,0.0,83.1,81.2,0,0.0,0,0,18-APR-2022,
OPTSTK,IEX,28-Apr-2022,155.0,CE,0.0,0.0,0.0,78.55,76.2,0,0.0,0,0,18-APR-2022,
OPTSTK,IEX,28-Apr-2022,160.0,CE,0.0,0.0,0.0,74.05,71.2,0,0.0,0,0,18-APR-2022,
OPTSTK,IEX,28-Apr-2022,165.0,CE,0.0,0.0,0.0,69.7,66.2,0,0.0,0,0,18-APR-2022,
OPTSTK,IEX,28-Apr-2022,170.0,CE,0.0,0.0,0.0,65.45,61.2,0,0.0,0,0,18-APR-2022,
OPTSTK,IEX,28-Apr-2022,175.0,CE,0.0,0.0,0.0,61.3,56.2,0,0.0,0,0,18-APR-2022,
OPTSTK,IEX,28-Apr-2022,180.0,CE,0.0,0.0,0.0,57.35,51.25,0,0.0,0,0,18-APR-2022,
OPTSTK,IEX,28-Apr-2022,185.0,CE,0.0,0.0,0.0,53.5,46.25,0,0.0,0,0,18-APR-2022,
OPTSTK,IEX,28-Apr-2022,190.0,CE,0.0,0.0,0.0,49.8,41.3,0,0.0,0,0,18-APR-2022,
OPTSTK,IEX,28-Apr-2022,195.0,CE,0.0,0.0,0.0,46.25,36.4,0,0.0,0,0,18-APR-2022,
OPTSTK,IEX,28-Apr-2022,200.0,CE,30.1,31.1,30.1,31.1,31.6,2,17.29,78750,0,18-APR-2022,
OPTSTK,IEX,28-Apr-2022,205.0,CE,0.0,0.0,0.0,39.65,26.95,0,0.0,0,0,18-APR-2022,
OPTSTK,IEX,28-Apr-2022,210.0,CE,22.0,23.05,21.5,23.05,23.05,13,112.98,108750,30000,18-APR-2022,
OPTSTK,IEX,28-Apr-2022,215.0,CE,0.0,0.0,0.0,16.0,18.45,0,0.0,3750,0,18-APR-2022,
OPTSTK,IEX,28-Apr-2022,220.0,CE,12.0,14.65,12.0,14.25,14.25,29,254.0,180000,18750,18-APR-2022,
OPTSTK,IEX,28-Apr-2022,225.0,CE,9.0,11.0,8.85,10.65,10.65,90,793.3,206250,7500,18-APR-2022,
OPTSTK,IEX,28-Apr-2022,230.0,CE,8.0,8.2,6.2,7.65,7.65,1768,15729.02,1147500,491250,18-APR-2022,
OPTSTK,IEX,28-Apr-2022,235.0,CE,8.15,8.15,4.4,5.3,5.3,581,5231.33,892500,161250,18-APR-2022,
OPTSTK,IEX,28-Apr-2022,240.0,CE,5.4,5.4,3.15,3.75,3.75,1308,11949.39,3948750,131250,18-APR-2022,
OPTSTK,IEX,28-Apr-2022,245.0,CE,2.9,3.8,2.3,2.65,2.65,448,4159.89,1762500,146250,18-APR-2022,
OPTSTK,IEX,28-Apr-2022,250.0,CE,3.0,3.0,1.65,1.95,1.95,1454,13736.74,7417500,71250,18-APR-2022,
OPTSTK,IEX,28-Apr-2022,255.0,CE,0.95,1.7,0.95,1.45,1.45,270,2596.22,1188750,180000,18-APR-2022,
OPTSTK,IEX,28-Apr-2022,260.0,CE,1.2,1.35,1.0,1.1,1.1,786,7696.3,3967500,18750,18-APR-2022,
OPTSTK,IEX,28-Apr-2022,265.0,CE,0.9,1.0,0.8,0.85,0.85,167,1665.09,746250,3750,18-APR-2022,
OPTSTK,IEX,28-Apr-2022,270.0,CE,0.75,0.9,0.65,0.75,0.75,431,4375.6,2722500,-33750,18-APR-2022,
OPTSTK,IEX,28-Apr-2022,275.0,CE,0.5,0.7,0.5,0.65,0.2,52,537.42,386250,-7500,18-APR-2022,
OPTSTK,IEX,28-Apr-2022,280.0,CE,0.55,0.65,0.4,0.55,0.55,431,4534.21,2205000,-258750,18-APR-2022,
OPTSTK,IEX,28-Apr-2022,285.0,CE,0.4,0.5,0.4,0.45,0.45,16,171.26,228750,-7500,18-APR-2022,
OPTSTK,IEX,28-Apr-2022,290.0,CE,0.25,0.5,0.25,0.4,0.4,132,1437.51,1368750,0,18-APR-2022,
OPTSTK,IEX,28-Apr-2022,295.0,CE,0.35,0.45,0.35,0.35,0.05,38,420.9,146250,-26250,18-APR-2022,
OPTSTK,IEX,28-Apr-2022,300.0,CE,0.4,0.4,0.25,0.35,0.35,307,3457.58,2782500,-135000,18-APR-2022,
OPTSTK,IEX,28-Apr-2022,305.0,CE,0.2,0.2,0.2,0.2,0.0,1,11.44,45000,-3750,18-APR-2022,
OPTSTK,IEX,28-Apr-2022,310.0,CE,0.2,0.3,0.15,0.3,0.0,26,302.44,352500,-7500,18-APR-2022,
OPTSTK,IEX,28-Apr-2022,315.0,CE,0.2,0.2,0.15,0.15,0.0,2,23.63,45000,0,18-APR-2022,
OPTSTK,IEX,28-Apr-2022,320.0,CE,0.1,0.25,0.1,0.25,0.25,9,108.06,240000,-3750,18-APR-2022,
OPTSTK,IEX,28-Apr-2022,325.0,CE,0.0,0.0,0.0,3.9,0.0,0,0.0,0,0,18-APR-2022,
OPTSTK,IEX,28-Apr-2022,330.0,CE,0.0,0.0,0.0,0.15,0.0,0,0.0,26250,0,18-APR-2022,
OPTSTK,IEX,28-Apr-2022,335.0,CE,0.0,0.0,0.0,0.2,0.0,0,0.0,3750,0,18-APR-2022,
OPTSTK,IEX,28-Apr-2022,340.0,CE,0.1,0.15,0.1,0.15,0.0,2,25.5,75000,3750,18-APR-2022,
OPTSTK,IEX,28-Apr-2022,140.0,PE,0.0,0.0,0.0,0.1,0.0,0,0.0,0,0,18-APR-2022,
OPTSTK,IEX,28-Apr-2022,145.0,PE,0.0,0.0,0.0,0.85,0.0,0,0.0,0,0,18-APR-2022,
OPTSTK,IEX,28-Apr-2022,150.0,PE,0.0,0.0,0.0,1.15,0.0,0,0.0,0,0,18-APR-2022,
OPTSTK,IEX,28-Apr-2022,155.0,PE,0.0,0.0,0.0,1.5,0.0,0,0.0,0,0,18-APR-2022,
OPTSTK,IEX,28-Apr-2022,160.0,PE,0.0,0.0,0.0,0.05,0.0,0,0.0,3750,0,18-APR-2022,
OPTSTK,IEX,28-Apr-2022,165.0,PE,0.0,0.0,0.0,1.9,0.0,0,0.0,0,0,18-APR-2022,
OPTSTK,IEX,28-Apr-2022,170.0,PE,0.0,0.0,0.0,0.1,0.0,0,0.0,11250,0,18-APR-2022,
OPTSTK,IEX,28-Apr-2022,175.0,PE,0.0,0.0,0.0,4.1,0.0,0,0.0,0,0,18-APR-2022,
OPTSTK,IEX,28-Apr-2022,180.0,PE,0.5,0.5,0.1,0.2,0.05,5,33.8,180000,0,18-APR-2022,
OPTSTK,IEX,28-Apr-2022,185.0,PE,0.2,0.2,0.2,0.2,0.05,2,13.89,63750,-3750,18-APR-2022,
OPTSTK,IEX,28-Apr-2022,190.0,PE,3.3,3.3,0.25,0.25,0.25,47,335.54,363750,22500,18-APR-2022,
OPTSTK,IEX,28-Apr-2022,195.0,PE,0.45,0.5,0.4,0.4,0.4,16,117.26,97500,-11250,18-APR-2022,
OPTSTK,IEX,28-Apr-2022,200.0,PE,0.95,0.95,0.55,0.6,0.6,107,805.2,1203750,22500,18-APR-2022,
OPTSTK,IEX,28-Apr-2022,205.0,PE,1.1,1.1,0.8,0.85,0.85,58,447.98,236250,-18750,18-APR-2022,
OPTSTK,IEX,28-Apr-2022,210.0,PE,2.45,2.45,1.1,1.2,1.2,205,1625.19,1245000,15000,18-APR-2022,
OPTSTK,IEX,28-Apr-2022,215.0,PE,2.6,2.8,1.45,1.65,1.65,179,1456.93,596250,-52500,18-APR-2022,
OPTSTK,IEX,28-Apr-2022,220.0,PE,4.05,4.2,2.25,2.45,2.45,325,2719.12,1627500,-127500,18-APR-2022,
OPTSTK,IEX,28-Apr-2022,225.0,PE,5.65,6.3,3.4,3.8,3.8,291,2503.63,952500,52500,18-APR-2022,
OPTSTK,IEX,28-Apr-2022,230.0,PE,7.2,8.7,5.2,5.65,5.65,547,4856.34,2283750,-3750,18-APR-2022,
OPTSTK,IEX,28-Apr-2022,235.0,PE,12.0,12.0,8.05,8.35,8.35,126,1155.15,566250,-86250,18-APR-2022,
OPTSTK,IEX,28-Apr-2022,240.0,PE,15.0,15.0,11.25,11.65,11.65,99,938.03,2100000,-161250,18-APR-2022,
OPTSTK,IEX,28-Apr-2022,245.0,PE,18.2,18.3,17.6,17.6,16.9,7,69.08,341250,-11250,18-APR-2022,
OPTSTK,IEX,28-Apr-2022,250.0,PE,22.7,22.7,19.75,19.95,19.95,23,234.06,1061250,-41250,18-APR-2022,
OPTSTK,IEX,28-Apr-2022,255.0,PE,27.7,27.7,27.3,27.3,25.1,2,21.18,288750,7500,18-APR-2022,
OPTSTK,IEX,28-Apr-2022,260.0,PE,30.55,30.55,30.0,30.0,29.6,4,43.52,483750,-11250,18-APR-2022,
OPTSTK,IEX,28-Apr-2022,265.0,PE,0.0,0.0,0.0,30.0,34.25,0,0.0,18750,0,18-APR-2022,
OPTSTK,IEX,28-Apr-2022,270.0,PE,0.0,0.0,0.0,33.8,39.05,0,0.0,150000,0,18-APR-2022,
OPTSTK,IEX,28-Apr-2022,275.0,PE,0.0,0.0,0.0,52.9,43.9,0,0.0,0,0,18-APR-2022,
OPTSTK,IEX,28-Apr-2022,280.0,PE,0.0,0.0,0.0,37.65,48.8,0,0.0,90000,0,18-APR-2022,
OPTSTK,IEX,28-Apr-2022,285.0,PE,0.0,0.0,0.0,60.0,53.75,0,0.0,3750,0,18-APR-2022,
OPTSTK,IEX,28-Apr-2022,290.0,PE,0.0,0.0,0.0,64.8,58.75,0,0.0,0,0,18-APR-2022,
OPTSTK,IEX,28-Apr-2022,295.0,PE,0.0,0.0,0.0,62.0,63.7,0,0.0,3750,0,18-APR-2022,
OPTSTK,IEX,28-Apr-2022,300.0,PE,68.5,70.65,68.5,70.65,68.7,3,41.59,78750,0,18-APR-2022,
OPTSTK,IEX,28-Apr-2022,305.0,PE,0.0,0.0,0.0,77.45,73.7,0,0.0,0,0,18-APR-2022,
OPTSTK,IEX,28-Apr-2022,310.0,PE,0.0,0.0,0.0,81.8,78.65,0,0.0,0,0,18-APR-2022,
OPTSTK,IEX,28-Apr-2022,315.0,PE,0.0,0.0,0.0,86.2,83.65,0,0.0,0,0,18-APR-2022,
OPTSTK,IEX,28-Apr-2022,320.0,PE,0.0,0.0,0.0,90.65,88.65,0,0.0,0,0,18-APR-2022,
OPTSTK,IEX,28-Apr-2022,325.0,PE,0.0,0.0,0.0,95.1,93.65,0,0.0,0,0,18-APR-2022,
OPTSTK,IEX,28-Apr-2022,330.0,PE,0.0,0.0,0.0,99.65,98.65,0,0.0,0,0,18-APR-2022,
OPTSTK,IEX,28-Apr-2022,335.0,PE,0.0,0.0,0.0,104.25,103.65,0,0.0,0,0,18-APR-2022,
OPTSTK,IEX,28-Apr-2022,340.0,PE,0.0,0.0,0.0,108.85,108.65,0,0.0,0,0,18-APR-2022,
OPTSTK,IEX,26-May-2022,140.0,CE,0.0,0.0,0.0,57.15,91.65,0,0.0,0,0,18-APR-2022,
OPTSTK,IEX,26-May-2022,145.0,CE,0.0,0.0,0.0,52.9,86.7,0,0.0,0,0,18-APR-2022,
OPTSTK,IEX,26-May-2022,150.0,CE,0.0,0.0,0.0,48.85,81.75,0,0.0,0,0,18-APR-2022,
OPTSTK,IEX,26-May-2022,155.0,CE,0.0,0.0,0.0,44.95,76.8,0,0.0,0,0,18-APR-2022,
OPTSTK,IEX,26-May-2022,160.0,CE,0.0,0.0,0.0,41.25,71.9,0,0.0,0,0,18-APR-2022,
OPTSTK,IEX,26-May-2022,165.0,CE,0.0,0.0,0.0,37.7,67.0,0,0.0,0,0,18-APR-2022,
OPTSTK,IEX,26-May-2022,170.0,CE,0.0,0.0,0.0,34.35,62.2,0,0.0,0,0,18-APR-2022,
OPTSTK,IEX,26-May-2022,175.0,CE,0.0,0.0,0.0,31.25,57.45,0,0.0,0,0,18-APR-2022,
OPTSTK,IEX,26-May-2022,180.0,CE,0.0,0.0,0.0,28.35,52.85,0,0.0,0,0,18-APR-2022,
OPTSTK,IEX,26-May-2022,185.0,CE,0.0,0.0,0.0,25.6,48.3,0,0.0,0,0,18-APR-2022,
OPTSTK,IEX,26-May-2022,190.0,CE,0.0,0.0,0.0,23.1,43.95,0,0.0,0,0,18-APR-2022,
OPTSTK,IEX,26-May-2022,195.0,CE,0.0,0.0,0.0,20.75,39.7,0,0.0,0,0,18-APR-2022,
OPTSTK,IEX,26-May-2022,200.0,CE,35.0,35.0,33.5,33.5,35.7,4,35.13,15000,15000,18-APR-2022,
OPTSTK,IEX,26-May-2022,205.0,CE,0.0,0.0,0.0,16.65,31.9,0,0.0,0,0,18-APR-2022,
OPTSTK,IEX,26-May-2022,210.0,CE,0.0,0.0,0.0,14.9,28.35,0,0.0,0,0,18-APR-2022,
OPTSTK,IEX,26-May-2022,215.0,CE,0.0,0.0,0.0,13.25,25.0,0,0.0,0,0,18-APR-2022,
OPTSTK,IEX,26-May-2022,220.0,CE,0.0,0.0,0.0,11.8,21.95,0,0.0,0,0,18-APR-2022,
OPTSTK,IEX,26-May-2022,225.0,CE,17.0,17.0,17.0,17.0,19.1,1,9.07,11250,0,18-APR-2022,
OPTSTK,IEX,26-May-2022,230.0,CE,14.45,14.45,14.45,14.45,16.55,1,9.16,7500,3750,18-APR-2022,
OPTSTK,IEX,26-May-2022,235.0,CE,0.0,0.0,0.0,8.2,14.25,0,0.0,0,0,18-APR-2022,
OPTSTK,IEX,26-May-2022,240.0,CE,10.0,10.0,9.9,9.9,12.2,2,18.74,11250,7500,18-APR-2022,
OPTSTK,IEX,26-May-2022,245.0,CE,5.9,8.85,5.9,8.85,8.85,6,56.97,37500,15000,18-APR-2022,
OPTSTK,IEX,26-May-2022,250.0,CE,6.85,7.85,6.6,7.65,7.65,182,1755.81,547500,292500,18-APR-2022,
OPTSTK,IEX,26-May-2022,255.0,CE,0.0,0.0,0.0,4.95,7.4,0,0.0,0,0,18-APR-2022,
OPTSTK,IEX,26-May-2022,260.0,CE,5.0,5.0,4.5,5.0,5.0,22,218.43,82500,60000,18-APR-2022,
OPTSTK,IEX,26-May-2022,265.0,CE,3.6,3.6,3.6,3.6,5.2,1,10.07,3750,3750,18-APR-2022,
OPTSTK,IEX,26-May-2022,270.0,CE,3.2,3.55,3.0,3.4,3.4,18,184.46,633750,0,18-APR-2022,
OPTSTK,IEX,26-May-2022,275.0,CE,0.0,0.0,0.0,3.75,3.55,0,0.0,105000,0,18-APR-2022,
OPTSTK,IEX,26-May-2022,280.0,CE,0.0,0.0,0.0,6.0,2.9,0,0.0,3750,0,18-APR-2022,
OPTSTK,IEX,26-May-2022,285.0,CE,0.0,0.0,0.0,2.25,2.4,0,0.0,0,0,18-APR-2022,
OPTSTK,IEX,26-May-2022,290.0,CE,0.0,0.0,0.0,1.95,1.95,0,0.0,0,0,18-APR-2022,
OPTSTK,IEX,26-May-2022,295.0,CE,0.0,0.0,0.0,1.7,1.6,0,0.0,0,0,18-APR-2022,
OPTSTK,IEX,26-May-2022,300.0,CE,1.05,1.35,0.9,1.1,1.25,18,203.21,225000,48750,18-APR-2022,
OPTSTK,IEX,26-May-2022,305.0,CE,0.0,0.0,0.0,1.3,1.05,0,0.0,0,0,18-APR-2022,
OPTSTK,IEX,26-May-2022,140.0,PE,0.0,0.0,0.0,2.2,0.05,0,0.0,0,0,18-APR-2022,
OPTSTK,IEX,26-May-2022,145.0,PE,0.0,0.0,0.0,0.35,0.05,0,0.0,0,0,18-APR-2022,
OPTSTK,IEX,26-May-2022,150.0,PE,0.0,0.0,0.0,1.1,0.05,0,0.0,11250,0,18-APR-2022,
OPTSTK,IEX,26-May-2022,155.0,PE,0.0,0.0,0.0,4.85,0.1,0,0.0,0,0,18-APR-2022,
OPTSTK,IEX,26-May-2022,160.0,PE,0.0,0.0,0.0,6.1,0.2,0,0.0,0,0,18-APR-2022,
OPTSTK,IEX,26-May-2022,165.0,PE,0.0,0.0,0.0,7.55,0.3,0,0.0,0,0,18-APR-2022,
OPTSTK,IEX,26-May-2022,170.0,PE,0.0,0.0,0.0,9.15,0.45,0,0.0,0,0,18-APR-2022,
OPTSTK,IEX,26-May-2022,175.0,PE,0.0,0.0,0.0,10.95,0.7,0,0.0,0,0,18-APR-2022,
OPTSTK,IEX,26-May-2022,180.0,PE,0.0,0.0,0.0,13.0,1.05,0,0.0,0,0,18-APR-2022,
OPTSTK,IEX,26-May-2022,185.0,PE,0.0,0.0,0.0,15.2,1.5,0,0.0,0,0,18-APR-2022,
OPTSTK,IEX,26-May-2022,190.0,PE,0.0,0.0,0.0,17.65,2.1,0,0.0,0,0,18-APR-2022,
OPTSTK,IEX,26-May-2022,195.0,PE,0.0,0.0,0.0,20.25,2.85,0,0.0,0,0,18-APR-2022,
OPTSTK,IEX,26-May-2022,200.0,PE,3.4,3.5,2.8,2.8,2.8,58,442.03,232500,108750,18-APR-2022,
OPTSTK,IEX,26-May-2022,205.0,PE,0.0,0.0,0.0,26.05,5.0,0,0.0,0,0,18-APR-2022,
OPTSTK,IEX,26-May-2022,210.0,PE,5.6,5.6,5.5,5.5,6.4,2,16.16,71250,0,18-APR-2022,
OPTSTK,IEX,26-May-2022,215.0,PE,0.0,0.0,0.0,32.55,8.05,0,0.0,0,0,18-APR-2022,
OPTSTK,IEX,26-May-2022,220.0,PE,8.95,9.0,8.0,8.15,9.95,12,102.89,150000,15000,18-APR-2022,
OPTSTK,IEX,26-May-2022,225.0,PE,0.0,0.0,0.0,5.0,12.15,0,0.0,3750,0,18-APR-2022,
OPTSTK,IEX,26-May-2022,230.0,PE,13.75,13.95,11.45,12.05,12.05,14,127.56,75000,11250,18-APR-2022,
OPTSTK,IEX,26-May-2022,235.0,PE,0.0,0.0,0.0,47.3,17.25,0,0.0,0,0,18-APR-2022,
OPTSTK,IEX,26-May-2022,240.0,PE,0.0,0.0,0.0,51.3,20.15,0,0.0,0,0,18-APR-2022,
OPTSTK,IEX,26-May-2022,245.0,PE,0.0,0.0,0.0,18.0,23.3,0,0.0,7500,0,18-APR-2022,
OPTSTK,IEX,26-May-2022,250.0,PE,26.0,26.0,25.3,25.3,26.7,3,31.02,18750,7500,18-APR-2022,
OPTSTK,IEX,26-May-2022,255.0,PE,0.0,0.0,0.0,63.85,30.3,0,0.0,0,0,18-APR-2022,
OPTSTK,IEX,26-May-2022,260.0,PE,0.0,0.0,0.0,68.15,34.05,0,0.0,0,0,18-APR-2022,
OPTSTK,IEX,26-May-2022,265.0,PE,0.0,0.0,0.0,72.6,38.0,0,0.0,0,0,18-APR-2022,
OPTSTK,IEX,26-May-2022,270.0,PE,0.0,0.0,0.0,77.05,42.1,0,0.0,0,0,18-APR-2022,
OPTSTK,IEX,26-May-2022,275.0,PE,0.0,0.0,0.0,81.6,46.35,0,0.0,0,0,18-APR-2022,
OPTSTK,IEX,26-May-2022,280.0,PE,0.0,0.0,0.0,86.15,50.7,0,0.0,0,0,18-APR-2022,
OPTSTK,IEX,26-May-2022,285.0,PE,0.0,0.0,0.0,90.8,55.1,0,0.0,0,0,18-APR-2022,
OPTSTK,IEX,26-May-2022,290.0,PE,0.0,0.0,0.0,95.45,59.65,0,0.0,0,0,18-APR-2022,
OPTSTK,IEX,26-May-2022,295.0,PE,0.0,0.0,0.0,100.15,64.25,0,0.0,0,0,18-APR-2022,
OPTSTK,IEX,26-May-2022,300.0,PE,0.0,0.0,0.0,104.9,68.95,0,0.0,0,0,18-APR-2022,
OPTSTK,IEX,26-May-2022,305.0,PE,0.0,0.0,0.0,109.65,73.7,0,0.0,0,0,18-APR-2022,
OPTSTK,IEX,30-Jun-2022,140.0,CE,0.0,0.0,0.0,86.8,92.45,0,0.0,0,0,18-APR-2022,
OPTSTK,IEX,30-Jun-2022,145.0,CE,0.0,0.0,0.0,82.15,87.6,0,0.0,0,0,18-APR-2022,
OPTSTK,IEX,30-Jun-2022,150.0,CE,0.0,0.0,0.0,77.5,82.8,0,0.0,0,0,18-APR-2022,
OPTSTK,IEX,30-Jun-2022,155.0,CE,0.0,0.0,0.0,73.0,78.05,0,0.0,0,0,18-APR-2022,
OPTSTK,IEX,30-Jun-2022,160.0,CE,0.0,0.0,0.0,68.6,73.4,0,0.0,0,0,18-APR-2022,
OPTSTK,IEX,30-Jun-2022,165.0,CE,0.0,0.0,0.0,64.3,68.85,0,0.0,0,0,18-APR-2022,
OPTSTK,IEX,30-Jun-2022,170.0,CE,0.0,0.0,0.0,60.1,64.4,0,0.0,0,0,18-APR-2022,
OPTSTK,IEX,30-Jun-2022,175.0,CE,0.0,0.0,0.0,56.05,60.05,0,0.0,0,0,18-APR-2022,
OPTSTK,IEX,30-Jun-2022,180.0,CE,0.0,0.0,0.0,52.15,55.8,0,0.0,0,0,18-APR-2022,
OPTSTK,IEX,30-Jun-2022,185.0,CE,0.0,0.0,0.0,48.45,51.75,0,0.0,0,0,18-APR-2022,
OPTSTK,IEX,30-Jun-2022,190.0,CE,0.0,0.0,0.0,44.85,47.8,0,0.0,0,0,18-APR-2022,
OPTSTK,IEX,30-Jun-2022,195.0,CE,0.0,0.0,0.0,41.45,44.1,0,0.0,0,0,18-APR-2022,
OPTSTK,IEX,30-Jun-2022,200.0,CE,0.0,0.0,0.0,38.2,40.5,0,0.0,0,0,18-APR-2022,
OPTSTK,IEX,30-Jun-2022,205.0,CE,0.0,0.0,0.0,35.15,37.1,0,0.0,0,0,18-APR-2022,
OPTSTK,IEX,30-Jun-2022,210.0,CE,0.0,0.0,0.0,32.3,33.9,0,0.0,0,0,18-APR-2022,
OPTSTK,IEX,30-Jun-2022,215.0,CE,0.0,0.0,0.0,29.55,30.85,0,0.0,0,0,18-APR-2022,
OPTSTK,IEX,30-Jun-2022,220.0,CE,0.0,0.0,0.0,27.05,28.05,0,0.0,0,0,18-APR-2022,
OPTSTK,IEX,30-Jun-2022,225.0,CE,0.0,0.0,0.0,24.65,25.4,0,0.0,0,0,18-APR-2022,
OPTSTK,IEX,30-Jun-2022,230.0,CE,0.0,0.0,0.0,22.45,22.95,0,0.0,0,0,18-APR-2022,
OPTSTK,IEX,30-Jun-2022,235.0,CE,0.0,0.0,0.0,20.45,20.7,0,0.0,0,0,18-APR-2022,
OPTSTK,IEX,30-Jun-2022,240.0,CE,0.0,0.0,0.0,18.55,18.6,0,0.0,0,0,18-APR-2022,
OPTSTK,IEX,30-Jun-2022,245.0,CE,0.0,0.0,0.0,16.8,16.7,0,0.0,0,0,18-APR-2022,
OPTSTK,IEX,30-Jun-2022,250.0,CE,0.0,0.0,0.0,15.2,14.95,0,0.0,0,0,18-APR-2022,
OPTSTK,IEX,30-Jun-2022,255.0,CE,0.0,0.0,0.0,13.75,13.35,0,0.0,0,0,18-APR-2022,
OPTSTK,IEX,30-Jun-2022,260.0,CE,0.0,0.0,0.0,12.4,11.9,0,0.0,0,0,18-APR-2022,
OPTSTK,IEX,30-Jun-2022,265.0,CE,0.0,0.0,0.0,11.15,10.6,0,0.0,0,0,18-APR-2022,
OPTSTK,IEX,30-Jun-2022,270.0,CE,0.0,0.0,0.0,10.05,9.4,0,0.0,0,0,18-APR-2022,
OPTSTK,IEX,30-Jun-2022,275.0,CE,0.0,0.0,0.0,9.05,8.35,0,0.0,0,0,18-APR-2022,
OPTSTK,IEX,30-Jun-2022,280.0,CE,0.0,0.0,0.0,8.1,7.35,0,0.0,0,0,18-APR-2022,
OPTSTK,IEX,30-Jun-2022,285.0,CE,0.0,0.0,0.0,7.25,6.5,0,0.0,0,0,18-APR-2022,
OPTSTK,IEX,30-Jun-2022,290.0,CE,0.0,0.0,0.0,6.5,5.7,0,0.0,0,0,18-APR-2022,
OPTSTK,IEX,30-Jun-2022,295.0,CE,0.0,0.0,0.0,5.8,5.05,0,0.0,0,0,18-APR-2022,
OPTSTK,IEX,30-Jun-2022,300.0,CE,0.0,0.0,0.0,5.2,4.45,0,0.0,0,0,18-APR-2022,
OPTSTK,IEX,30-Jun-2022,305.0,CE,0.0,0.0,0.0,4.65,3.9,0,0.0,0,0,18-APR-2022,
OPTSTK,IEX,30-Jun-2022,140.0,PE,0.0,0.0,0.0,0.65,0.25,0,0.0,0,0,18-APR-2022,
OPTSTK,IEX,30-Jun-2022,145.0,PE,0.0,0.0,0.0,0.9,0.35,0,0.0,0,0,18-APR-2022,
OPTSTK,IEX,30-Jun-2022,150.0,PE,0.0,0.0,0.0,1.25,0.55,0,0.0,0,0,18-APR-2022,
OPTSTK,IEX,30-Jun-2022,155.0,PE,0.0,0.0,0.0,1.65,0.75,0,0.0,0,0,18-APR-2022,
OPTSTK,IEX,30-Jun-2022,160.0,PE,0.0,0.0,0.0,2.2,1.05,0,0.0,0,0,18-APR-2022,
OPTSTK,IEX,30-Jun-2022,165.0,PE,0.0,0.0,0.0,2.85,1.45,0,0.0,0,0,18-APR-2022,
OPTSTK,IEX,30-Jun-2022,170.0,PE,0.0,0.0,0.0,3.6,1.95,0,0.0,0,0,18-APR-2022,
OPTSTK,IEX,30-Jun-2022,175.0,PE,0.0,0.0,0.0,4.5,2.55,0,0.0,0,0,18-APR-2022,
OPTSTK,IEX,30-Jun-2022,180.0,PE,0.0,0.0,0.0,5.55,3.3,0,0.0,0,0,18-APR-2022,
OPTSTK,IEX,30-Jun-2022,185.0,PE,0.0,0.0,0.0,6.8,4.15,0,0.0,0,0,18-APR-2022,
OPTSTK,IEX,30-Jun-2022,190.0,PE,0.0,0.0,0.0,8.15,5.2,0,0.0,0,0,18-APR-2022,
OPTSTK,IEX,30-Jun-2022,195.0,PE,0.0,0.0,0.0,9.7,6.45,0,0.0,0,0,18-APR-2022,
OPTSTK,IEX,30-Jun-2022,200.0,PE,0.0,0.0,0.0,11.4,7.8,0,0.0,0,0,18-APR-2022,
OPTSTK,IEX,30-Jun-2022,205.0,PE,0.0,0.0,0.0,13.3,9.35,0,0.0,0,0,18-APR-2022,
OPTSTK,IEX,30-Jun-2022,210.0,PE,0.0,0.0,0.0,15.35,11.1,0,0.0,0,0,18-APR-2022,
OPTSTK,IEX,30-Jun-2022,215.0,PE,0.0,0.0,0.0,17.6,13.05,0,0.0,0,0,18-APR-2022,
OPTSTK,IEX,30-Jun-2022,220.0,PE,0.0,0.0,0.0,20.0,15.2,0,0.0,0,0,18-APR-2022,
OPTSTK,IEX,30-Jun-2022,225.0,PE,0.0,0.0,0.0,22.6,17.5,0,0.0,0,0,18-APR-2022,
OPTSTK,IEX,30-Jun-2022,230.0,PE,0.0,0.0,0.0,25.35,20.0,0,0.0,0,0,18-APR-2022,
OPTSTK,IEX,30-Jun-2022,235.0,PE,0.0,0.0,0.0,28.25,22.7,0,0.0,0,0,18-APR-2022,
OPTSTK,IEX,30-Jun-2022,240.0,PE,23.0,23.0,23.0,23.0,25.6,1,9.86,3750,3750,18-APR-2022,
OPTSTK,IEX,30-Jun-2022,245.0,PE,0.0,0.0,0.0,34.55,28.6,0,0.0,0,0,18-APR-2022,
OPTSTK,IEX,30-Jun-2022,250.0,PE,0.0,0.0,0.0,37.85,31.85,0,0.0,0,0,18-APR-2022,
OPTSTK,IEX,30-Jun-2022,255.0,PE,0.0,0.0,0.0,41.35,35.2,0,0.0,0,0,18-APR-2022,
OPTSTK,IEX,30-Jun-2022,260.0,PE,0.0,0.0,0.0,44.95,38.7,0,0.0,0,0,18-APR-2022,
OPTSTK,IEX,30-Jun-2022,265.0,PE,0.0,0.0,0.0,48.7,42.35,0,0.0,0,0,18-APR-2022,
OPTSTK,IEX,30-Jun-2022,270.0,PE,0.0,0.0,0.0,52.5,46.1,0,0.0,0,0,18-APR-2022,
OPTSTK,IEX,30-Jun-2022,275.0,PE,0.0,0.0,0.0,56.45,50.0,0,0.0,0,0,18-APR-2022,
OPTSTK,IEX,30-Jun-2022,280.0,PE,0.0,0.0,0.0,60.45,54.0,0,0.0,0,0,18-APR-2022,
OPTSTK,IEX,30-Jun-2022,285.0,PE,0.0,0.0,0.0,64.55,58.1,0,0.0,0,0,18-APR-2022,
OPTSTK,IEX,30-Jun-2022,290.0,PE,0.0,0.0,0.0,68.75,62.25,0,0.0,0,0,18-APR-2022,
OPTSTK,IEX,30-Jun-2022,295.0,PE,0.0,0.0,0.0,73.0,66.55,0,0.0,0,0,18-APR-2022,
OPTSTK,IEX,30-Jun-2022,300.0,PE,0.0,0.0,0.0,77.35,70.9,0,0.0,0,0,18-APR-2022,
OPTSTK,IEX,30-Jun-2022,305.0,PE,0.0,0.0,0.0,81.75,75.3,0,0.0,0,0,18-APR-2022,
OPTSTK,IGL,28-Apr-2022,230.0,CE,0.0,0.0,0.0,165.45,163.95,0,0.0,0,0,18-APR-2022,
OPTSTK,IGL,28-Apr-2022,235.0,CE,0.0,0.0,0.0,160.5,158.95,0,0.0,0,0,18-APR-2022,
OPTSTK,IGL,28-Apr-2022,240.0,CE,0.0,0.0,0.0,155.55,153.95,0,0.0,0,0,18-APR-2022,
OPTSTK,IGL,28-Apr-2022,245.0,CE,0.0,0.0,0.0,150.65,148.95,0,0.0,0,0,18-APR-2022,
OPTSTK,IGL,28-Apr-2022,250.0,CE,0.0,0.0,0.0,145.75,143.95,0,0.0,0,0,18-APR-2022,
OPTSTK,IGL,28-Apr-2022,255.0,CE,0.0,0.0,0.0,140.85,138.95,0,0.0,0,0,18-APR-2022,
OPTSTK,IGL,28-Apr-2022,260.0,CE,0.0,0.0,0.0,135.95,133.95,0,0.0,0,0,18-APR-2022,
OPTSTK,IGL,28-Apr-2022,265.0,CE,0.0,0.0,0.0,131.1,128.95,0,0.0,0,0,18-APR-2022,
OPTSTK,IGL,28-Apr-2022,270.0,CE,0.0,0.0,0.0,126.25,123.95,0,0.0,0,0,18-APR-2022,
OPTSTK,IGL,28-Apr-2022,275.0,CE,0.0,0.0,0.0,121.4,119.0,0,0.0,0,0,18-APR-2022,
OPTSTK,IGL,28-Apr-2022,280.0,CE,0.0,0.0,0.0,116.6,114.0,0,0.0,0,0,18-APR-2022,
OPTSTK,IGL,28-Apr-2022,285.0,CE,0.0,0.0,0.0,111.85,109.0,0,0.0,0,0,18-APR-2022,
OPTSTK,IGL,28-Apr-2022,290.0,CE,0.0,0.0,0.0,107.15,104.0,0,0.0,0,0,18-APR-2022,
OPTSTK,IGL,28-Apr-2022,295.0,CE,0.0,0.0,0.0,102.5,99.0,0,0.0,0,0,18-APR-2022,
OPTSTK,IGL,28-Apr-2022,300.0,CE,0.0,0.0,0.0,97.9,94.0,0,0.0,0,0,18-APR-2022,
OPTSTK,IGL,28-Apr-2022,305.0,CE,0.0,0.0,0.0,93.35,89.0,0,0.0,0,0,18-APR-2022,
OPTSTK,IGL,28-Apr-2022,310.0,CE,0.0,0.0,0.0,88.9,84.0,0,0.0,0,0,18-APR-2022,
OPTSTK,IGL,28-Apr-2022,315.0,CE,0.0,0.0,0.0,84.5,79.05,0,0.0,0,0,18-APR-2022,
OPTSTK,IGL,28-Apr-2022,320.0,CE,0.0,0.0,0.0,80.25,74.05,0,0.0,0,0,18-APR-2022,
OPTSTK,IGL,28-Apr-2022,325.0,CE,0.0,0.0,0.0,76.0,69.05,0,0.0,0,0,18-APR-2022,
OPTSTK,IGL,28-Apr-2022,330.0,CE,0.0,0.0,0.0,71.9,64.05,0,0.0,0,0,18-APR-2022,
OPTSTK,IGL,28-Apr-2022,335.0,CE,0.0,0.0,0.0,67.9,59.1,0,0.0,0,0,18-APR-2022,
OPTSTK,IGL,28-Apr-2022,340.0,CE,0.0,0.0,0.0,45.5,54.15,0,0.0,0,0,18-APR-2022,
OPTSTK,IGL,28-Apr-2022,345.0,CE,0.0,0.0,0.0,60.25,49.25,0,0.0,0,0,18-APR-2022,
OPTSTK,IGL,28-Apr-2022,350.0,CE,38.55,48.0,38.55,48.0,44.4,6,32.4,17875,1375,18-APR-2022,
OPTSTK,IGL,28-Apr-2022,355.0,CE,0.0,0.0,0.0,53.1,39.65,0,0.0,0,0,18-APR-2022,
OPTSTK,IGL,28-Apr-2022,360.0,CE,34.1,36.5,34.1,36.5,35.05,3,16.29,17875,1375,18-APR-2022,
OPTSTK,IGL,28-Apr-2022,365.0,CE,25.65,25.65,25.65,25.65,30.6,1,5.37,8250,1375,18-APR-2022,
OPTSTK,IGL,28-Apr-2022,370.0,CE,21.45,30.2,21.45,26.65,26.35,19,103.77,77000,-2750,18-APR-2022,
OPTSTK,IGL,28-Apr-2022,375.0,CE,20.15,25.4,20.15,22.7,22.7,23,125.58,49500,-15125,18-APR-2022,
OPTSTK,IGL,28-Apr-2022,380.0,CE,15.15,22.25,13.15,19.1,19.1,388,2127.44,574750,-74250,18-APR-2022,
OPTSTK,IGL,28-Apr-2022,385.0,CE,11.0,18.7,10.7,15.9,15.9,319,1756.78,115500,-30250,18-APR-2022,
OPTSTK,IGL,28-Apr-2022,390.0,CE,11.45,16.1,8.6,13.35,13.35,3522,19516.44,690250,-452375,18-APR-2022,
OPTSTK,IGL,28-Apr-2022,395.0,CE,9.25,14.0,6.75,11.2,11.2,1954,10920.92,497750,196625,18-APR-2022,
OPTSTK,IGL,28-Apr-2022,400.0,CE,7.55,11.4,5.35,9.2,9.2,5953,33524.56,1835625,558250,18-APR-2022,
OPTSTK,IGL,28-Apr-2022,405.0,CE,5.65,9.4,4.8,7.4,7.4,429,2434.34,155375,12375,18-APR-2022,
OPTSTK,IGL,28-Apr-2022,410.0,CE,4.0,7.85,3.0,5.95,5.95,1128,6455.26,611875,181500,18-APR-2022,
OPTSTK,IGL,28-Apr-2022,415.0,CE,4.25,6.5,3.4,5.0,5.0,145,837.56,107250,101750,18-APR-2022,
OPTSTK,IGL,28-Apr-2022,420.0,CE,2.95,5.7,2.05,4.1,4.1,1408,8213.14,743875,103125,18-APR-2022,
OPTSTK,IGL,28-Apr-2022,425.0,CE,4.3,5.1,2.45,3.5,3.5,31,183.05,28875,26125,18-APR-2022,
OPTSTK,IGL,28-Apr-2022,430.0,CE,2.05,4.3,1.8,3.05,3.05,2278,13579.35,748000,607750,18-APR-2022,
OPTSTK,IGL,28-Apr-2022,435.0,CE,0.5,3.5,0.5,2.75,2.75,62,373.39,59125,50875,18-APR-2022,
OPTSTK,IGL,28-Apr-2022,440.0,CE,1.3,2.95,0.85,2.0,2.0,383,2329.66,243375,149875,18-APR-2022,
OPTSTK,IGL,28-Apr-2022,445.0,CE,0.0,0.0,0.0,12.6,0.35,0,0.0,0,0,18-APR-2022,
OPTSTK,IGL,28-Apr-2022,450.0,CE,1.1,1.85,0.85,1.25,1.25,502,3115.42,464750,24750,18-APR-2022,
OPTSTK,IGL,28-Apr-2022,455.0,CE,0.0,0.0,0.0,10.4,0.15,0,0.0,0,0,18-APR-2022,
OPTSTK,IGL,28-Apr-2022,460.0,CE,0.8,1.15,0.5,0.7,0.7,389,2465.42,358875,303875,18-APR-2022,
OPTSTK,IGL,28-Apr-2022,465.0,CE,0.0,0.0,0.0,8.55,0.05,0,0.0,0,0,18-APR-2022,
OPTSTK,IGL,28-Apr-2022,470.0,CE,0.55,0.7,0.25,0.5,0.05,35,226.45,48125,2750,18-APR-2022,
OPTSTK,IGL,28-Apr-2022,475.0,CE,0.0,0.0,0.0,7.0,0.05,0,0.0,0,0,18-APR-2022,
OPTSTK,IGL,28-Apr-2022,480.0,CE,0.3,0.3,0.2,0.2,0.05,2,13.2,2750,0,18-APR-2022,
OPTSTK,IGL,28-Apr-2022,485.0,CE,0.0,0.0,0.0,5.7,0.05,0,0.0,0,0,18-APR-2022,
OPTSTK,IGL,28-Apr-2022,490.0,CE,0.0,0.0,0.0,5.15,0.0,0,0.0,0,0,18-APR-2022,
OPTSTK,IGL,28-Apr-2022,495.0,CE,0.0,0.0,0.0,4.6,0.0,0,0.0,0,0,18-APR-2022,
OPTSTK,IGL,28-Apr-2022,500.0,CE,0.3,0.5,0.2,0.2,0.0,45,309.55,129250,22000,18-APR-2022,
OPTSTK,IGL,28-Apr-2022,505.0,CE,0.0,0.0,0.0,3.7,0.0,0,0.0,0,0,18-APR-2022,
OPTSTK,IGL,28-Apr-2022,510.0,CE,0.0,0.0,0.0,3.35,0.0,0,0.0,0,0,18-APR-2022,
OPTSTK,IGL,28-Apr-2022,515.0,CE,0.0,0.0,0.0,0.1,0.0,0,0.0,0,0,18-APR-2022,
OPTSTK,IGL,28-Apr-2022,520.0,CE,0.0,0.0,0.0,0.2,0.0,0,0.0,12375,0,18-APR-2022,
OPTSTK,IGL,28-Apr-2022,525.0,CE,0.0,0.0,0.0,2.4,0.0,0,0.0,0,0,18-APR-2022,
OPTSTK,IGL,28-Apr-2022,530.0,CE,0.0,0.0,0.0,0.05,0.0,0,0.0,9625,0,18-APR-2022,
OPTSTK,IGL,28-Apr-2022,535.0,CE,0.0,0.0,0.0,1.9,0.0,0,0.0,0,0,18-APR-2022,
OPTSTK,IGL,28-Apr-2022,540.0,CE,0.0,0.0,0.0,0.05,0.0,0,0.0,1375,0,18-APR-2022,
OPTSTK,IGL,28-Apr-2022,545.0,CE,0.0,0.0,0.0,0.05,0.0,0,0.0,0,0,18-APR-2022,
OPTSTK,IGL,28-Apr-2022,550.0,CE,0.0,0.0,0.0,0.05,0.0,0,0.0,2750,0,18-APR-2022,
OPTSTK,IGL,28-Apr-2022,555.0,CE,0.0,0.0,0.0,1.2,0.0,0,0.0,0,0,18-APR-2022,
OPTSTK,IGL,28-Apr-2022,560.0,CE,0.0,0.0,0.0,1.05,0.0,0,0.0,0,0,18-APR-2022,
OPTSTK,IGL,28-Apr-2022,565.0,CE,0.0,0.0,0.0,0.95,0.0,0,0.0,0,0,18-APR-2022,
OPTSTK,IGL,28-Apr-2022,570.0,CE,0.0,0.0,0.0,0.85,0.0,0,0.0,0,0,18-APR-2022,
OPTSTK,IGL,28-Apr-2022,575.0,CE,0.0,0.0,0.0,0.75,0.0,0,0.0,0,0,18-APR-2022,
OPTSTK,IGL,28-Apr-2022,580.0,CE,0.0,0.0,0.0,0.65,0.0,0,0.0,0,0,18-APR-2022,
OPTSTK,IGL,28-Apr-2022,585.0,CE,0.0,0.0,0.0,0.6,0.0,0,0.0,0,0,18-APR-2022,
OPTSTK,IGL,28-Apr-2022,590.0,CE,0.0,0.0,0.0,0.5,0.0,0,0.0,0,0,18-APR-2022,
OPTSTK,IGL,28-Apr-2022,595.0,CE,0.0,0.0,0.0,0.45,0.0,0,0.0,1375,0,18-APR-2022,
OPTSTK,IGL,28-Apr-2022,230.0,PE,0.0,0.0,0.0,0.1,0.0,0,0.0,19250,0,18-APR-2022,
OPTSTK,IGL,28-Apr-2022,235.0,PE,0.0,0.0,0.0,0.05,0.0,0,0.0,0,0,18-APR-2022,
OPTSTK,IGL,28-Apr-2022,240.0,PE,0.0,0.0,0.0,0.05,0.0,0,0.0,0,0,18-APR-2022,
OPTSTK,IGL,28-Apr-2022,245.0,PE,0.0,0.0,0.0,0.1,0.0,0,0.0,0,0,18-APR-2022,
OPTSTK,IGL,28-Apr-2022,250.0,PE,0.0,0.0,0.0,0.15,0.0,0,0.0,0,0,18-APR-2022,
OPTSTK,IGL,28-Apr-2022,255.0,PE,0.0,0.0,0.0,0.2,0.0,0,0.0,0,0,18-APR-2022,
OPTSTK,IGL,28-Apr-2022,260.0,PE,0.0,0.0,0.0,0.25,0.0,0,0.0,0,0,18-APR-2022,
OPTSTK,IGL,28-Apr-2022,265.0,PE,0.0,0.0,0.0,0.3,0.0,0,0.0,0,0,18-APR-2022,
OPTSTK,IGL,28-Apr-2022,270.0,PE,0.0,0.0,0.0,0.4,0.0,0,0.0,0,0,18-APR-2022,
OPTSTK,IGL,28-Apr-2022,275.0,PE,0.0,0.0,0.0,0.55,0.0,0,0.0,0,0,18-APR-2022,
OPTSTK,IGL,28-Apr-2022,280.0,PE,0.0,0.0,0.0,0.15,0.0,0,0.0,2750,0,18-APR-2022,
OPTSTK,IGL,28-Apr-2022,285.0,PE,0.0,0.0,0.0,0.9,0.0,0,0.0,0,0,18-APR-2022,
OPTSTK,IGL,28-Apr-2022,290.0,PE,0.0,0.0,0.0,1.15,0.0,0,0.0,0,0,18-APR-2022,
OPTSTK,IGL,28-Apr-2022,295.0,PE,0.0,0.0,0.0,1.45,0.0,0,0.0,0,0,18-APR-2022,
OPTSTK,IGL,28-Apr-2022,300.0,PE,0.6,0.6,0.3,0.35,0.0,39,161.09,63250,27500,18-APR-2022,
OPTSTK,IGL,28-Apr-2022,305.0,PE,0.0,0.0,0.0,2.2,0.0,0,0.0,0,0,18-APR-2022,
OPTSTK,IGL,28-Apr-2022,310.0,PE,0.0,0.0,0.0,2.7,0.0,0,0.0,0,0,18-APR-2022,
OPTSTK,IGL,28-Apr-2022,315.0,PE,0.0,0.0,0.0,3.25,0.0,0,0.0,0,0,18-APR-2022,
OPTSTK,IGL,28-Apr-2022,320.0,PE,0.65,0.65,0.65,0.65,0.65,4,17.63,48125,-2750,18-APR-2022,
OPTSTK,IGL,28-Apr-2022,325.0,PE,0.8,0.8,0.8,0.8,0.05,1,4.47,15125,-1375,18-APR-2022,
OPTSTK,IGL,28-Apr-2022,330.0,PE,0.95,1.0,0.55,0.85,0.05,30,136.44,86625,4125,18-APR-2022,
OPTSTK,IGL,28-Apr-2022,335.0,PE,0.0,0.0,0.0,4.0,0.05,0,0.0,6875,0,18-APR-2022,
OPTSTK,IGL,28-Apr-2022,340.0,PE,1.1,1.6,0.75,1.35,1.35,189,886.81,295625,83875,18-APR-2022,
OPTSTK,IGL,28-Apr-2022,345.0,PE,0.0,0.0,0.0,8.65,0.2,0,0.0,0,0,18-APR-2022,
OPTSTK,IGL,28-Apr-2022,350.0,PE,1.2,2.15,1.05,1.7,1.7,259,1252.2,567875,15125,18-APR-2022,
OPTSTK,IGL,28-Apr-2022,355.0,PE,0.0,0.0,0.0,2.15,0.6,0,0.0,41250,0,18-APR-2022,
OPTSTK,IGL,28-Apr-2022,360.0,PE,2.25,2.8,1.4,2.05,2.05,341,1697.69,270875,16500,18-APR-2022,
OPTSTK,IGL,28-Apr-2022,365.0,PE,2.75,3.2,1.65,2.35,2.35,152,767.92,122375,64625,18-APR-2022,
OPTSTK,IGL,28-Apr-2022,370.0,PE,3.6,4.3,2.05,2.85,2.85,358,1835.37,477125,48125,18-APR-2022,
OPTSTK,IGL,28-Apr-2022,375.0,PE,5.4,5.55,2.7,3.5,3.5,200,1041.34,154000,86625,18-APR-2022,
OPTSTK,IGL,28-Apr-2022,380.0,PE,6.2,8.1,3.75,4.6,4.6,447,2366.49,603625,50875,18-APR-2022,
OPTSTK,IGL,28-Apr-2022,385.0,PE,9.75,10.35,5.45,6.3,6.3,211,1136.98,152625,70125,18-APR-2022,
OPTSTK,IGL,28-Apr-2022,390.0,PE,11.35,13.65,7.5,8.6,8.6,571,3135.65,167750,-6875,18-APR-2022,
OPTSTK,IGL,28-Apr-2022,395.0,PE,14.5,14.5,10.5,11.45,11.45,125,699.19,93500,28875,18-APR-2022,
OPTSTK,IGL,28-Apr-2022,400.0,PE,17.35,20.0,12.95,14.25,14.25,333,1898.63,280500,44000,18-APR-2022,
OPTSTK,IGL,28-Apr-2022,405.0,PE,18.25,19.0,17.6,17.8,16.8,6,34.91,5500,4125,18-APR-2022,
OPTSTK,IGL,28-Apr-2022,410.0,PE,25.65,25.7,19.9,22.6,20.35,10,59.49,19250,4125,18-APR-2022,
OPTSTK,IGL,28-Apr-2022,415.0,PE,0.0,0.0,0.0,39.2,24.2,0,0.0,0,0,18-APR-2022,
OPTSTK,IGL,28-Apr-2022,420.0,PE,30.0,32.2,27.05,32.2,28.25,6,37.07,20625,0,18-APR-2022,
OPTSTK,IGL,28-Apr-2022,425.0,PE,0.0,0.0,0.0,45.7,32.55,0,0.0,0,0,18-APR-2022,
OPTSTK,IGL,28-Apr-2022,430.0,PE,0.0,0.0,0.0,50.0,37.05,0,0.0,6875,0,18-APR-2022,
OPTSTK,IGL,28-Apr-2022,435.0,PE,0.0,0.0,0.0,52.6,41.7,0,0.0,0,0,18-APR-2022,
OPTSTK,IGL,28-Apr-2022,440.0,PE,0.0,0.0,0.0,56.2,46.4,0,0.0,0,0,18-APR-2022,
OPTSTK,IGL,28-Apr-2022,445.0,PE,0.0,0.0,0.0,59.95,51.2,0,0.0,0,0,18-APR-2022,
OPTSTK,IGL,28-Apr-2022,450.0,PE,55.0,55.0,54.65,54.65,56.1,2,13.88,104500,-1375,18-APR-2022,
OPTSTK,IGL,28-Apr-2022,455.0,PE,0.0,0.0,0.0,67.7,61.0,0,0.0,0,0,18-APR-2022,
OPTSTK,IGL,28-Apr-2022,460.0,PE,0.0,0.0,0.0,71.65,65.95,0,0.0,0,0,18-APR-2022,
OPTSTK,IGL,28-Apr-2022,465.0,PE,0.0,0.0,0.0,88.0,70.9,0,0.0,2750,0,18-APR-2022,
OPTSTK,IGL,28-Apr-2022,470.0,PE,0.0,0.0,0.0,79.85,75.85,0,0.0,0,0,18-APR-2022,
OPTSTK,IGL,28-Apr-2022,475.0,PE,0.0,0.0,0.0,84.05,80.85,0,0.0,0,0,18-APR-2022,
OPTSTK,IGL,28-Apr-2022,480.0,PE,0.0,0.0,0.0,88.3,85.85,0,0.0,0,0,18-APR-2022,
OPTSTK,IGL,28-Apr-2022,485.0,PE,0.0,0.0,0.0,92.65,90.85,0,0.0,0,0,18-APR-2022,
OPTSTK,IGL,28-Apr-2022,490.0,PE,0.0,0.0,0.0,97.0,95.8,0,0.0,0,0,18-APR-2022,
OPTSTK,IGL,28-Apr-2022,495.0,PE,0.0,0.0,0.0,101.45,100.8,0,0.0,0,0,18-APR-2022,
OPTSTK,IGL,28-Apr-2022,500.0,PE,0.0,0.0,0.0,113.5,105.8,0,0.0,93500,0,18-APR-2022,
OPTSTK,IGL,28-Apr-2022,505.0,PE,0.0,0.0,0.0,110.45,110.8,0,0.0,0,0,18-APR-2022,
OPTSTK,IGL,28-Apr-2022,510.0,PE,0.0,0.0,0.0,115.0,115.8,0,0.0,0,0,18-APR-2022,
OPTSTK,IGL,28-Apr-2022,515.0,PE,0.0,0.0,0.0,119.6,120.8,0,0.0,0,0,18-APR-2022,
OPTSTK,IGL,28-Apr-2022,520.0,PE,0.0,0.0,0.0,142.0,125.8,0,0.0,12375,0,18-APR-2022,
OPTSTK,IGL,28-Apr-2022,525.0,PE,0.0,0.0,0.0,128.9,130.8,0,0.0,0,0,18-APR-2022,
OPTSTK,IGL,28-Apr-2022,530.0,PE,0.0,0.0,0.0,155.0,135.75,0,0.0,4125,0,18-APR-2022,
OPTSTK,IGL,28-Apr-2022,535.0,PE,0.0,0.0,0.0,138.35,140.75,0,0.0,0,0,18-APR-2022,
OPTSTK,IGL,28-Apr-2022,540.0,PE,0.0,0.0,0.0,143.05,145.75,0,0.0,0,0,18-APR-2022,
OPTSTK,IGL,28-Apr-2022,545.0,PE,0.0,0.0,0.0,147.85,150.75,0,0.0,0,0,18-APR-2022,
OPTSTK,IGL,28-Apr-2022,550.0,PE,0.0,0.0,0.0,152.6,155.75,0,0.0,0,0,18-APR-2022,
OPTSTK,IGL,28-Apr-2022,555.0,PE,0.0,0.0,0.0,157.4,160.75,0,0.0,0,0,18-APR-2022,
OPTSTK,IGL,28-Apr-2022,560.0,PE,0.0,0.0,0.0,162.25,165.75,0,0.0,0,0,18-APR-2022,
OPTSTK,IGL,28-Apr-2022,565.0,PE,0.0,0.0,0.0,167.05,170.75,0,0.0,0,0,18-APR-2022,
OPTSTK,IGL,28-Apr-2022,570.0,PE,0.0,0.0,0.0,171.9,175.75,0,0.0,0,0,18-APR-2022,
OPTSTK,IGL,28-Apr-2022,575.0,PE,0.0,0.0,0.0,176.75,180.7,0,0.0,0,0,18-APR-2022,
OPTSTK,IGL,28-Apr-2022,580.0,PE,0.0,0.0,0.0,181.6,185.7,0,0.0,0,0,18-APR-2022,
OPTSTK,IGL,28-Apr-2022,585.0,PE,0.0,0.0,0.0,186.5,190.7,0,0.0,0,0,18-APR-2022,
OPTSTK,IGL,28-Apr-2022,590.0,PE,0.0,0.0,0.0,191.4,195.7,0,0.0,0,0,18-APR-2022,
OPTSTK,IGL,28-Apr-2022,595.0,PE,0.0,0.0,0.0,196.25,200.7,0,0.0,0,0,18-APR-2022,
OPTSTK,IGL,26-May-2022,230.0,CE,0.0,0.0,0.0,107.05,164.7,0,0.0,0,0,18-APR-2022,
OPTSTK,IGL,26-May-2022,235.0,CE,0.0,0.0,0.0,102.2,159.7,0,0.0,0,0,18-APR-2022,
OPTSTK,IGL,26-May-2022,240.0,CE,0.0,0.0,0.0,97.4,154.75,0,0.0,0,0,18-APR-2022,
OPTSTK,IGL,26-May-2022,245.0,CE,0.0,0.0,0.0,92.65,149.75,0,0.0,0,0,18-APR-2022,
OPTSTK,IGL,26-May-2022,250.0,CE,0.0,0.0,0.0,87.95,144.8,0,0.0,0,0,18-APR-2022,
OPTSTK,IGL,26-May-2022,255.0,CE,0.0,0.0,0.0,83.35,139.8,0,0.0,0,0,18-APR-2022,
OPTSTK,IGL,26-May-2022,260.0,CE,0.0,0.0,0.0,78.8,134.8,0,0.0,0,0,18-APR-2022,
OPTSTK,IGL,26-May-2022,265.0,CE,0.0,0.0,0.0,74.3,129.85,0,0.0,0,0,18-APR-2022,
OPTSTK,IGL,26-May-2022,270.0,CE,0.0,0.0,0.0,69.95,124.9,0,0.0,0,0,18-APR-2022,
OPTSTK,IGL,26-May-2022,275.0,CE,0.0,0.0,0.0,65.65,119.9,0,0.0,0,0,18-APR-2022,
OPTSTK,IGL,26-May-2022,280.0,CE,0.0,0.0,0.0,61.5,114.95,0,0.0,0,0,18-APR-2022,
OPTSTK,IGL,26-May-2022,285.0,CE,0.0,0.0,0.0,57.45,110.0,0,0.0,0,0,18-APR-2022,
OPTSTK,IGL,26-May-2022,290.0,CE,0.0,0.0,0.0,53.55,105.05,0,0.0,0,0,18-APR-2022,
OPTSTK,IGL,26-May-2022,295.0,CE,0.0,0.0,0.0,49.8,100.15,0,0.0,0,0,18-APR-2022,
OPTSTK,IGL,26-May-2022,300.0,CE,0.0,0.0,0.0,46.2,95.25,0,0.0,0,0,18-APR-2022,
OPTSTK,IGL,26-May-2022,305.0,CE,0.0,0.0,0.0,42.75,90.35,0,0.0,0,0,18-APR-2022,
OPTSTK,IGL,26-May-2022,310.0,CE,0.0,0.0,0.0,39.45,85.55,0,0.0,0,0,18-APR-2022,
OPTSTK,IGL,26-May-2022,315.0,CE,0.0,0.0,0.0,36.3,80.75,0,0.0,0,0,18-APR-2022,
OPTSTK,IGL,26-May-2022,320.0,CE,0.0,0.0,0.0,33.35,76.0,0,0.0,0,0,18-APR-2022,
OPTSTK,IGL,26-May-2022,325.0,CE,0.0,0.0,0.0,30.55,71.35,0,0.0,0,0,18-APR-2022,
OPTSTK,IGL,26-May-2022,330.0,CE,0.0,0.0,0.0,27.9,66.8,0,0.0,0,0,18-APR-2022,
OPTSTK,IGL,26-May-2022,335.0,CE,0.0,0.0,0.0,25.45,62.3,0,0.0,0,0,18-APR-2022,
OPTSTK,IGL,26-May-2022,340.0,CE,0.0,0.0,0.0,23.1,57.9,0,0.0,0,0,18-APR-2022,
OPTSTK,IGL,26-May-2022,345.0,CE,0.0,0.0,0.0,20.95,53.65,0,0.0,0,0,18-APR-2022,
OPTSTK,IGL,26-May-2022,350.0,CE,0.0,0.0,0.0,19.0,49.55,0,0.0,0,0,18-APR-2022,
OPTSTK,IGL,26-May-2022,355.0,CE,0.0,0.0,0.0,17.15,45.6,0,0.0,0,0,18-APR-2022,
OPTSTK,IGL,26-May-2022,360.0,CE,0.0,0.0,0.0,15.45,41.75,0,0.0,0,0,18-APR-2022,
OPTSTK,IGL,26-May-2022,365.0,CE,0.0,0.0,0.0,13.9,38.15,0,0.0,0,0,18-APR-2022,
OPTSTK,IGL,26-May-2022,370.0,CE,0.0,0.0,0.0,12.45,34.65,0,0.0,0,0,18-APR-2022,
OPTSTK,IGL,26-May-2022,375.0,CE,0.0,0.0,0.0,11.15,31.4,0,0.0,0,0,18-APR-2022,
OPTSTK,IGL,26-May-2022,380.0,CE,0.0,0.0,0.0,19.0,28.35,0,0.0,1375,0,18-APR-2022,
OPTSTK,IGL,26-May-2022,385.0,CE,0.0,0.0,0.0,8.9,25.45,0,0.0,0,0,18-APR-2022,
OPTSTK,IGL,26-May-2022,390.0,CE,19.5,23.0,19.5,22.5,22.8,9,50.99,8250,8250,18-APR-2022,
OPTSTK,IGL,26-May-2022,395.0,CE,0.0,0.0,0.0,7.0,20.3,0,0.0,0,0,18-APR-2022,
OPTSTK,IGL,26-May-2022,400.0,CE,15.9,21.5,14.15,19.1,19.1,416,2396.87,236500,90750,18-APR-2022,
OPTSTK,IGL,26-May-2022,405.0,CE,21.55,21.55,17.5,17.5,17.5,2,11.67,1375,1375,18-APR-2022,
OPTSTK,IGL,26-May-2022,410.0,CE,17.35,24.3,14.8,14.8,14.05,28,164.89,17875,16500,18-APR-2022,
OPTSTK,IGL,26-May-2022,415.0,CE,0.0,0.0,0.0,6.0,12.3,0,0.0,1375,0,18-APR-2022,
OPTSTK,IGL,26-May-2022,420.0,CE,10.05,13.5,10.05,12.3,12.3,87,517.31,88000,48125,18-APR-2022,
OPTSTK,IGL,26-May-2022,425.0,CE,0.0,0.0,0.0,3.3,9.35,0,0.0,0,0,18-APR-2022,
OPTSTK,IGL,26-May-2022,430.0,CE,9.0,10.0,8.75,8.75,8.15,8,48.34,12375,9625,18-APR-2022,
OPTSTK,IGL,26-May-2022,435.0,CE,0.0,0.0,0.0,2.55,7.0,0,0.0,0,0,18-APR-2022,
OPTSTK,IGL,26-May-2022,440.0,CE,6.25,7.5,6.25,7.0,6.05,3,18.43,4125,2750,18-APR-2022,
OPTSTK,IGL,26-May-2022,445.0,CE,0.0,0.0,0.0,1.95,5.2,0,0.0,0,0,18-APR-2022,
OPTSTK,IGL,26-May-2022,450.0,CE,8.55,8.55,4.95,5.8,5.8,47,294.56,45375,38500,18-APR-2022,
OPTSTK,IGL,26-May-2022,455.0,CE,0.0,0.0,0.0,1.5,3.75,0,0.0,0,0,18-APR-2022,
OPTSTK,IGL,26-May-2022,460.0,CE,3.0,3.0,3.0,3.0,3.2,1,6.36,1375,1375,18-APR-2022,
OPTSTK,IGL,26-May-2022,465.0,CE,0.0,0.0,0.0,1.1,2.7,0,0.0,0,0,18-APR-2022,
OPTSTK,IGL,26-May-2022,470.0,CE,0.0,0.0,0.0,0.95,2.3,0,0.0,0,0,18-APR-2022,
OPTSTK,IGL,26-May-2022,475.0,CE,0.0,0.0,0.0,0.85,1.9,0,0.0,0,0,18-APR-2022,
OPTSTK,IGL,26-May-2022,480.0,CE,0.0,0.0,0.0,0.75,1.6,0,0.0,0,0,18-APR-2022,
OPTSTK,IGL,26-May-2022,485.0,CE,0.0,0.0,0.0,0.65,1.35,0,0.0,0,0,18-APR-2022,
OPTSTK,IGL,26-May-2022,490.0,CE,0.0,0.0,0.0,0.55,1.1,0,0.0,0,0,18-APR-2022,
OPTSTK,IGL,26-May-2022,495.0,CE,0.0,0.0,0.0,0.5,0.95,0,0.0,0,0,18-APR-2022,
OPTSTK,IGL,26-May-2022,500.0,CE,2.15,2.15,2.15,2.15,0.75,1,6.9,2750,1375,18-APR-2022,
OPTSTK,IGL,26-May-2022,505.0,CE,0.0,0.0,0.0,0.35,0.65,0,0.0,0,0,18-APR-2022,
OPTSTK,IGL,26-May-2022,510.0,CE,0.0,0.0,0.0,0.3,0.55,0,0.0,0,0,18-APR-2022,
OPTSTK,IGL,26-May-2022,515.0,CE,0.0,0.0,0.0,0.25,0.45,0,0.0,0,0,18-APR-2022,
OPTSTK,IGL,26-May-2022,520.0,CE,0.0,0.0,0.0,0.25,0.35,0,0.0,0,0,18-APR-2022,
OPTSTK,IGL,26-May-2022,525.0,CE,0.0,0.0,0.0,0.2,0.3,0,0.0,0,0,18-APR-2022,
OPTSTK,IGL,26-May-2022,530.0,CE,0.0,0.0,0.0,0.2,0.25,0,0.0,0,0,18-APR-2022,
OPTSTK,IGL,26-May-2022,535.0,CE,0.0,0.0,0.0,0.15,0.2,0,0.0,0,0,18-APR-2022,
OPTSTK,IGL,26-May-2022,230.0,PE,0.0,0.0,0.0,0.3,0.0,0,0.0,0,0,18-APR-2022,
OPTSTK,IGL,26-May-2022,235.0,PE,0.0,0.0,0.0,0.45,0.0,0,0.0,0,0,18-APR-2022,
OPTSTK,IGL,26-May-2022,240.0,PE,0.0,0.0,0.0,0.6,0.0,0,0.0,0,0,18-APR-2022,
OPTSTK,IGL,26-May-2022,245.0,PE,0.0,0.0,0.0,0.8,0.0,0,0.0,0,0,18-APR-2022,
OPTSTK,IGL,26-May-2022,250.0,PE,0.0,0.0,0.0,1.05,0.0,0,0.0,0,0,18-APR-2022,
OPTSTK,IGL,26-May-2022,255.0,PE,0.0,0.0,0.0,1.4,0.0,0,0.0,0,0,18-APR-2022,
OPTSTK,IGL,26-May-2022,260.0,PE,0.0,0.0,0.0,1.75,0.05,0,0.0,0,0,18-APR-2022,
OPTSTK,IGL,26-May-2022,265.0,PE,0.0,0.0,0.0,2.25,0.05,0,0.0,0,0,18-APR-2022,
OPTSTK,IGL,26-May-2022,270.0,PE,0.0,0.0,0.0,2.8,0.05,0,0.0,0,0,18-APR-2022,
OPTSTK,IGL,26-May-2022,275.0,PE,0.0,0.0,0.0,3.5,0.05,0,0.0,0,0,18-APR-2022,
OPTSTK,IGL,26-May-2022,280.0,PE,0.0,0.0,0.0,4.3,0.05,0,0.0,0,0,18-APR-2022,
OPTSTK,IGL,26-May-2022,285.0,PE,0.0,0.0,0.0,5.2,0.1,0,0.0,0,0,18-APR-2022,
OPTSTK,IGL,26-May-2022,290.0,PE,0.0,0.0,0.0,6.25,0.15,0,0.0,0,0,18-APR-2022,
OPTSTK,IGL,26-May-2022,295.0,PE,0.0,0.0,0.0,7.45,0.2,0,0.0,0,0,18-APR-2022,
OPTSTK,IGL,26-May-2022,300.0,PE,1.05,1.05,1.05,1.05,0.25,1,4.13,5500,0,18-APR-2022,
OPTSTK,IGL,26-May-2022,305.0,PE,0.0,0.0,0.0,10.25,0.35,0,0.0,0,0,18-APR-2022,
OPTSTK,IGL,26-May-2022,310.0,PE,0.0,0.0,0.0,11.9,0.5,0,0.0,0,0,18-APR-2022,
OPTSTK,IGL,26-May-2022,315.0,PE,0.0,0.0,0.0,13.7,0.7,0,0.0,0,0,18-APR-2022,
OPTSTK,IGL,26-May-2022,320.0,PE,0.0,0.0,0.0,15.7,0.95,0,0.0,0,0,18-APR-2022,
OPTSTK,IGL,26-May-2022,325.0,PE,0.0,0.0,0.0,17.85,1.25,0,0.0,0,0,18-APR-2022,
OPTSTK,IGL,26-May-2022,330.0,PE,0.0,0.0,0.0,20.15,1.65,0,0.0,0,0,18-APR-2022,
OPTSTK,IGL,26-May-2022,335.0,PE,0.0,0.0,0.0,22.6,2.15,0,0.0,0,0,18-APR-2022,
OPTSTK,IGL,26-May-2022,340.0,PE,3.85,3.85,3.85,3.85,2.75,1,4.72,4125,0,18-APR-2022,
OPTSTK,IGL,26-May-2022,345.0,PE,0.0,0.0,0.0,28.05,3.5,0,0.0,0,0,18-APR-2022,
OPTSTK,IGL,26-May-2022,350.0,PE,5.4,6.0,3.95,5.0,5.0,109,531.72,171875,26125,18-APR-2022,
OPTSTK,IGL,26-May-2022,355.0,PE,0.0,0.0,0.0,34.1,5.35,0,0.0,0,0,18-APR-2022,
OPTSTK,IGL,26-May-2022,360.0,PE,5.05,6.75,5.05,6.75,6.55,3,15.09,17875,2750,18-APR-2022,
OPTSTK,IGL,26-May-2022,365.0,PE,0.0,0.0,0.0,40.75,7.9,0,0.0,0,0,18-APR-2022,
OPTSTK,IGL,26-May-2022,370.0,PE,10.5,10.5,10.5,10.5,9.4,1,5.23,2750,1375,18-APR-2022,
OPTSTK,IGL,26-May-2022,375.0,PE,0.0,0.0,0.0,47.95,11.1,0,0.0,0,0,18-APR-2022,
OPTSTK,IGL,26-May-2022,380.0,PE,8.5,12.5,8.5,12.5,13.0,3,16.13,2750,2750,18-APR-2022,
OPTSTK,IGL,26-May-2022,385.0,PE,0.0,0.0,0.0,55.55,15.1,0,0.0,0,0,18-APR-2022,
OPTSTK,IGL,26-May-2022,390.0,PE,15.0,19.65,15.0,17.7,17.7,21,117.61,24750,23375,18-APR-2022,
OPTSTK,IGL,26-May-2022,395.0,PE,0.0,0.0,0.0,63.6,19.9,0,0.0,0,0,18-APR-2022,
OPTSTK,IGL,26-May-2022,400.0,PE,22.4,24.95,21.3,21.3,22.6,9,52.38,16500,12375,18-APR-2022,
OPTSTK,IGL,26-May-2022,405.0,PE,0.0,0.0,0.0,71.95,25.5,0,0.0,0,0,18-APR-2022,
OPTSTK,IGL,26-May-2022,410.0,PE,0.0,0.0,0.0,76.25,28.6,0,0.0,0,0,18-APR-2022,
OPTSTK,IGL,26-May-2022,415.0,PE,0.0,0.0,0.0,80.65,31.85,0,0.0,0,0,18-APR-2022,
OPTSTK,IGL,26-May-2022,420.0,PE,0.0,0.0,0.0,85.1,35.25,0,0.0,0,0,18-APR-2022,
OPTSTK,IGL,26-May-2022,425.0,PE,0.0,0.0,0.0,89.55,38.85,0,0.0,0,0,18-APR-2022,
OPTSTK,IGL,26-May-2022,430.0,PE,0.0,0.0,0.0,94.1,42.6,0,0.0,0,0,18-APR-2022,
OPTSTK,IGL,26-May-2022,435.0,PE,0.0,0.0,0.0,98.7,46.45,0,0.0,0,0,18-APR-2022,
OPTSTK,IGL,26-May-2022,440.0,PE,0.0,0.0,0.0,103.3,50.45,0,0.0,0,0,18-APR-2022,
OPTSTK,IGL,26-May-2022,445.0,PE,0.0,0.0,0.0,108.0,54.55,0,0.0,0,0,18-APR-2022,
OPTSTK,IGL,26-May-2022,450.0,PE,0.0,0.0,0.0,112.7,58.8,0,0.0,0,0,18-APR-2022,
OPTSTK,IGL,26-May-2022,455.0,PE,0.0,0.0,0.0,117.4,63.1,0,0.0,0,0,18-APR-2022,
OPTSTK,IGL,26-May-2022,460.0,PE,0.0,0.0,0.0,86.0,67.5,0,0.0,1375,0,18-APR-2022,
OPTSTK,IGL,26-May-2022,465.0,PE,0.0,0.0,0.0,126.95,72.0,0,0.0,0,0,18-APR-2022,
OPTSTK,IGL,26-May-2022,470.0,PE,0.0,0.0,0.0,131.75,76.55,0,0.0,0,0,18-APR-2022,
OPTSTK,IGL,26-May-2022,475.0,PE,0.0,0.0,0.0,136.55,81.15,0,0.0,0,0,18-APR-2022,
OPTSTK,IGL,26-May-2022,480.0,PE,0.0,0.0,0.0,141.4,85.85,0,0.0,0,0,18-APR-2022,
OPTSTK,IGL,26-May-2022,485.0,PE,0.0,0.0,0.0,146.25,90.55,0,0.0,0,0,18-APR-2022,
OPTSTK,IGL,26-May-2022,490.0,PE,0.0,0.0,0.0,151.1,95.3,0,0.0,0,0,18-APR-2022,
OPTSTK,IGL,26-May-2022,495.0,PE,0.0,0.0,0.0,156.0,100.1,0,0.0,0,0,18-APR-2022,
OPTSTK,IGL,26-May-2022,500.0,PE,0.0,0.0,0.0,160.9,104.9,0,0.0,0,0,18-APR-2022,
OPTSTK,IGL,26-May-2022,505.0,PE,0.0,0.0,0.0,165.75,109.75,0,0.0,0,0,18-APR-2022,
OPTSTK,IGL,26-May-2022,510.0,PE,0.0,0.0,0.0,170.65,114.6,0,0.0,0,0,18-APR-2022,
OPTSTK,IGL,26-May-2022,515.0,PE,0.0,0.0,0.0,175.6,119.5,0,0.0,0,0,18-APR-2022,
OPTSTK,IGL,26-May-2022,520.0,PE,0.0,0.0,0.0,180.5,124.4,0,0.0,0,0,18-APR-2022,
OPTSTK,IGL,26-May-2022,525.0,PE,0.0,0.0,0.0,185.4,129.35,0,0.0,0,0,18-APR-2022,
OPTSTK,IGL,26-May-2022,530.0,PE,0.0,0.0,0.0,190.35,134.25,0,0.0,0,0,18-APR-2022,
OPTSTK,IGL,26-May-2022,535.0,PE,0.0,0.0,0.0,195.25,139.2,0,0.0,0,0,18-APR-2022,
OPTSTK,IGL,30-Jun-2022,230.0,CE,0.0,0.0,0.0,145.7,165.65,0,0.0,0,0,18-APR-2022,
OPTSTK,IGL,30-Jun-2022,235.0,CE,0.0,0.0,0.0,140.8,160.7,0,0.0,0,0,18-APR-2022,
OPTSTK,IGL,30-Jun-2022,240.0,CE,0.0,0.0,0.0,135.95,155.75,0,0.0,0,0,18-APR-2022,
OPTSTK,IGL,30-Jun-2022,245.0,CE,0.0,0.0,0.0,131.1,150.8,0,0.0,0,0,18-APR-2022,
OPTSTK,IGL,30-Jun-2022,250.0,CE,0.0,0.0,0.0,126.25,145.85,0,0.0,0,0,18-APR-2022,
OPTSTK,IGL,30-Jun-2022,255.0,CE,0.0,0.0,0.0,121.45,140.95,0,0.0,0,0,18-APR-2022,
OPTSTK,IGL,30-Jun-2022,260.0,CE,0.0,0.0,0.0,116.65,136.05,0,0.0,0,0,18-APR-2022,
OPTSTK,IGL,30-Jun-2022,265.0,CE,0.0,0.0,0.0,111.95,131.15,0,0.0,0,0,18-APR-2022,
OPTSTK,IGL,30-Jun-2022,270.0,CE,0.0,0.0,0.0,107.25,126.25,0,0.0,0,0,18-APR-2022,
OPTSTK,IGL,30-Jun-2022,275.0,CE,0.0,0.0,0.0,102.6,121.4,0,0.0,0,0,18-APR-2022,
OPTSTK,IGL,30-Jun-2022,280.0,CE,0.0,0.0,0.0,98.05,116.6,0,0.0,0,0,18-APR-2022,
OPTSTK,IGL,30-Jun-2022,285.0,CE,0.0,0.0,0.0,93.55,111.8,0,0.0,0,0,18-APR-2022,
OPTSTK,IGL,30-Jun-2022,290.0,CE,0.0,0.0,0.0,89.1,107.05,0,0.0,0,0,18-APR-2022,
OPTSTK,IGL,30-Jun-2022,295.0,CE,0.0,0.0,0.0,84.75,102.35,0,0.0,0,0,18-APR-2022,
OPTSTK,IGL,30-Jun-2022,300.0,CE,0.0,0.0,0.0,80.5,97.7,0,0.0,0,0,18-APR-2022,
OPTSTK,IGL,30-Jun-2022,305.0,CE,0.0,0.0,0.0,76.35,93.1,0,0.0,0,0,18-APR-2022,
OPTSTK,IGL,30-Jun-2022,310.0,CE,0.0,0.0,0.0,72.25,88.6,0,0.0,0,0,18-APR-2022,
OPTSTK,IGL,30-Jun-2022,315.0,CE,0.0,0.0,0.0,68.3,84.15,0,0.0,0,0,18-APR-2022,
OPTSTK,IGL,30-Jun-2022,320.0,CE,0.0,0.0,0.0,64.45,79.8,0,0.0,0,0,18-APR-2022,
OPTSTK,IGL,30-Jun-2022,325.0,CE,0.0,0.0,0.0,60.75,75.55,0,0.0,0,0,18-APR-2022,
OPTSTK,IGL,30-Jun-2022,330.0,CE,0.0,0.0,0.0,57.15,71.35,0,0.0,0,0,18-APR-2022,
OPTSTK,IGL,30-Jun-2022,335.0,CE,0.0,0.0,0.0,53.7,67.3,0,0.0,0,0,18-APR-2022,
OPTSTK,IGL,30-Jun-2022,340.0,CE,0.0,0.0,0.0,50.3,63.35,0,0.0,0,0,18-APR-2022,
OPTSTK,IGL,30-Jun-2022,345.0,CE,0.0,0.0,0.0,47.1,59.55,0,0.0,0,0,18-APR-2022,
OPTSTK,IGL,30-Jun-2022,350.0,CE,0.0,0.0,0.0,44.05,55.85,0,0.0,0,0,18-APR-2022,
OPTSTK,IGL,30-Jun-2022,355.0,CE,0.0,0.0,0.0,41.1,52.3,0,0.0,0,0,18-APR-2022,
OPTSTK,IGL,30-Jun-2022,360.0,CE,0.0,0.0,0.0,38.3,48.85,0,0.0,0,0,18-APR-2022,
OPTSTK,IGL,30-Jun-2022,365.0,CE,0.0,0.0,0.0,35.65,45.55,0,0.0,0,0,18-APR-2022,
OPTSTK,IGL,30-Jun-2022,370.0,CE,0.0,0.0,0.0,33.1,42.4,0,0.0,0,0,18-APR-2022,
OPTSTK,IGL,30-Jun-2022,375.0,CE,0.0,0.0,0.0,30.7,39.4,0,0.0,0,0,18-APR-2022,
OPTSTK,IGL,30-Jun-2022,380.0,CE,0.0,0.0,0.0,28.45,36.55,0,0.0,0,0,18-APR-2022,
OPTSTK,IGL,30-Jun-2022,385.0,CE,0.0,0.0,0.0,26.3,33.8,0,0.0,0,0,18-APR-2022,
OPTSTK,IGL,30-Jun-2022,390.0,CE,0.0,0.0,0.0,24.3,31.25,0,0.0,0,0,18-APR-2022,
OPTSTK,IGL,30-Jun-2022,395.0,CE,0.0,0.0,0.0,22.4,28.8,0,0.0,0,0,18-APR-2022,
OPTSTK,IGL,30-Jun-2022,400.0,CE,0.0,0.0,0.0,20.6,26.5,0,0.0,0,0,18-APR-2022,
OPTSTK,IGL,30-Jun-2022,405.0,CE,0.0,0.0,0.0,18.95,24.35,0,0.0,0,0,18-APR-2022,
OPTSTK,IGL,30-Jun-2022,410.0,CE,0.0,0.0,0.0,17.4,22.35,0,0.0,0,0,18-APR-2022,
OPTSTK,IGL,30-Jun-2022,415.0,CE,0.0,0.0,0.0,15.95,20.45,0,0.0,0,0,18-APR-2022,
OPTSTK,IGL,30-Jun-2022,420.0,CE,0.0,0.0,0.0,14.65,18.7,0,0.0,0,0,18-APR-2022,
OPTSTK,IGL,30-Jun-2022,425.0,CE,0.0,0.0,0.0,13.4,17.05,0,0.0,0,0,18-APR-2022,
OPTSTK,IGL,30-Jun-2022,430.0,CE,0.0,0.0,0.0,12.25,15.55,0,0.0,0,0,18-APR-2022,
OPTSTK,IGL,30-Jun-2022,435.0,CE,0.0,0.0,0.0,11.2,14.15,0,0.0,0,0,18-APR-2022,
OPTSTK,IGL,30-Jun-2022,440.0,CE,0.0,0.0,0.0,10.2,12.85,0,0.0,0,0,18-APR-2022,
OPTSTK,IGL,30-Jun-2022,445.0,CE,0.0,0.0,0.0,9.25,11.65,0,0.0,0,0,18-APR-2022,
OPTSTK,IGL,30-Jun-2022,450.0,CE,0.0,0.0,0.0,8.45,10.55,0,0.0,0,0,18-APR-2022,
OPTSTK,IGL,30-Jun-2022,455.0,CE,0.0,0.0,0.0,7.65,9.55,0,0.0,0,0,18-APR-2022,
OPTSTK,IGL,30-Jun-2022,460.0,CE,0.0,0.0,0.0,6.95,8.6,0,0.0,0,0,18-APR-2022,
OPTSTK,IGL,30-Jun-2022,465.0,CE,0.0,0.0,0.0,6.3,7.75,0,0.0,0,0,18-APR-2022,
OPTSTK,IGL,30-Jun-2022,470.0,CE,0.0,0.0,0.0,5.7,7.0,0,0.0,0,0,18-APR-2022,
OPTSTK,IGL,30-Jun-2022,475.0,CE,0.0,0.0,0.0,5.15,6.25,0,0.0,0,0,18-APR-2022,
OPTSTK,IGL,30-Jun-2022,480.0,CE,0.0,0.0,0.0,4.65,5.65,0,0.0,0,0,18-APR-2022,
OPTSTK,IGL,30-Jun-2022,485.0,CE,0.0,0.0,0.0,4.2,5.05,0,0.0,0,0,18-APR-2022,
OPTSTK,IGL,30-Jun-2022,490.0,CE,0.0,0.0,0.0,3.8,4.5,0,0.0,0,0,18-APR-2022,
OPTSTK,IGL,30-Jun-2022,495.0,CE,0.0,0.0,0.0,3.45,4.05,0,0.0,0,0,18-APR-2022,
OPTSTK,IGL,30-Jun-2022,500.0,CE,0.0,0.0,0.0,3.9,3.6,0,0.0,1375,0,18-APR-2022,
OPTSTK,IGL,30-Jun-2022,505.0,CE,0.0,0.0,0.0,2.8,3.2,0,0.0,0,0,18-APR-2022,
OPTSTK,IGL,30-Jun-2022,510.0,CE,0.0,0.0,0.0,2.5,2.85,0,0.0,0,0,18-APR-2022,
OPTSTK,IGL,30-Jun-2022,515.0,CE,0.0,0.0,0.0,2.25,2.55,0,0.0,0,0,18-APR-2022,
OPTSTK,IGL,30-Jun-2022,520.0,CE,0.0,0.0,0.0,2.0,2.25,0,0.0,0,0,18-APR-2022,
OPTSTK,IGL,30-Jun-2022,525.0,CE,0.0,0.0,0.0,1.8,2.0,0,0.0,0,0,18-APR-2022,
OPTSTK,IGL,30-Jun-2022,530.0,CE,0.0,0.0,0.0,1.65,1.8,0,0.0,0,0,18-APR-2022,
OPTSTK,IGL,30-Jun-2022,535.0,CE,0.0,0.0,0.0,1.45,1.6,0,0.0,0,0,18-APR-2022,
OPTSTK,IGL,30-Jun-2022,230.0,PE,0.0,0.0,0.0,0.15,0.05,0,0.0,0,0,18-APR-2022,
OPTSTK,IGL,30-Jun-2022,235.0,PE,0.0,0.0,0.0,0.2,0.05,0,0.0,0,0,18-APR-2022,
OPTSTK,IGL,30-Jun-2022,240.0,PE,0.0,0.0,0.0,0.25,0.05,0,0.0,0,0,18-APR-2022,
OPTSTK,IGL,30-Jun-2022,245.0,PE,0.0,0.0,0.0,0.35,0.05,0,0.0,0,0,18-APR-2022,
OPTSTK,IGL,30-Jun-2022,250.0,PE,0.0,0.0,0.0,0.45,0.1,0,0.0,0,0,18-APR-2022,
OPTSTK,IGL,30-Jun-2022,255.0,PE,0.0,0.0,0.0,0.6,0.15,0,0.0,0,0,18-APR-2022,
OPTSTK,IGL,30-Jun-2022,260.0,PE,0.0,0.0,0.0,0.8,0.2,0,0.0,0,0,18-APR-2022,
OPTSTK,IGL,30-Jun-2022,265.0,PE,0.0,0.0,0.0,1.0,0.25,0,0.0,0,0,18-APR-2022,
OPTSTK,IGL,30-Jun-2022,270.0,PE,0.0,0.0,0.0,1.25,0.35,0,0.0,0,0,18-APR-2022,
OPTSTK,IGL,30-Jun-2022,275.0,PE,0.0,0.0,0.0,1.55,0.45,0,0.0,0,0,18-APR-2022,
OPTSTK,IGL,30-Jun-2022,280.0,PE,0.0,0.0,0.0,1.95,0.55,0,0.0,0,0,18-APR-2022,
OPTSTK,IGL,30-Jun-2022,285.0,PE,0.0,0.0,0.0,2.4,0.75,0,0.0,0,0,18-APR-2022,
OPTSTK,IGL,30-Jun-2022,290.0,PE,0.0,0.0,0.0,2.9,0.95,0,0.0,0,0,18-APR-2022,
OPTSTK,IGL,30-Jun-2022,295.0,PE,0.0,0.0,0.0,3.5,1.2,0,0.0,0,0,18-APR-2022,
OPTSTK,IGL,30-Jun-2022,300.0,PE,0.0,0.0,0.0,4.2,1.5,0,0.0,0,0,18-APR-2022,
OPTSTK,IGL,30-Jun-2022,305.0,PE,0.0,0.0,0.0,5.0,1.9,0,0.0,0,0,18-APR-2022,
OPTSTK,IGL,30-Jun-2022,310.0,PE,0.0,0.0,0.0,5.85,2.3,0,0.0,0,0,18-APR-2022,
OPTSTK,IGL,30-Jun-2022,315.0,PE,0.0,0.0,0.0,6.85,2.85,0,0.0,0,0,18-APR-2022,
OPTSTK,IGL,30-Jun-2022,320.0,PE,0.0,0.0,0.0,7.95,3.45,0,0.0,0,0,18-APR-2022,
OPTSTK,IGL,30-Jun-2022,325.0,PE,0.0,0.0,0.0,9.2,4.15,0,0.0,0,0,18-APR-2022,
OPTSTK,IGL,30-Jun-2022,330.0,PE,0.0,0.0,0.0,10.55,4.95,0,0.0,0,0,18-APR-2022,
OPTSTK,IGL,30-Jun-2022,335.0,PE,0.0,0.0,0.0,12.0,5.85,0,0.0,0,0,18-APR-2022,
OPTSTK,IGL,30-Jun-2022,340.0,PE,0.0,0.0,0.0,13.6,6.85,0,0.0,0,0,18-APR-2022,
OPTSTK,IGL,30-Jun-2022,345.0,PE,0.0,0.0,0.0,15.35,8.0,0,0.0,0,0,18-APR-2022,
OPTSTK,IGL,30-Jun-2022,350.0,PE,0.0,0.0,0.0,17.2,9.25,0,0.0,0,0,18-APR-2022,
OPTSTK,IGL,30-Jun-2022,355.0,PE,0.0,0.0,0.0,19.2,10.65,0,0.0,0,0,18-APR-2022,
OPTSTK,IGL,30-Jun-2022,360.0,PE,0.0,0.0,0.0,21.35,12.15,0,0.0,0,0,18-APR-2022,
OPTSTK,IGL,30-Jun-2022,365.0,PE,0.0,0.0,0.0,23.65,13.8,0,0.0,0,0,18-APR-2022,
OPTSTK,IGL,30-Jun-2022,370.0,PE,0.0,0.0,0.0,26.05,15.6,0,0.0,0,0,18-APR-2022,
OPTSTK,IGL,30-Jun-2022,375.0,PE,0.0,0.0,0.0,28.6,17.55,0,0.0,0,0,18-APR-2022,
OPTSTK,IGL,30-Jun-2022,380.0,PE,0.0,0.0,0.0,31.3,19.65,0,0.0,0,0,18-APR-2022,
OPTSTK,IGL,30-Jun-2022,385.0,PE,0.0,0.0,0.0,34.1,21.9,0,0.0,0,0,18-APR-2022,
OPTSTK,IGL,30-Jun-2022,390.0,PE,0.0,0.0,0.0,37.05,24.3,0,0.0,0,0,18-APR-2022,
OPTSTK,IGL,30-Jun-2022,395.0,PE,0.0,0.0,0.0,40.1,26.8,0,0.0,0,0,18-APR-2022,
OPTSTK,IGL,30-Jun-2022,400.0,PE,0.0,0.0,0.0,43.25,29.5,0,0.0,0,0,18-APR-2022,
OPTSTK,IGL,30-Jun-2022,405.0,PE,0.0,0.0,0.0,46.55,32.3,0,0.0,0,0,18-APR-2022,
OPTSTK,IGL,30-Jun-2022,410.0,PE,0.0,0.0,0.0,49.95,35.25,0,0.0,0,0,18-APR-2022,
OPTSTK,IGL,30-Jun-2022,415.0,PE,0.0,0.0,0.0,53.45,38.3,0,0.0,0,0,18-APR-2022,
OPTSTK,IGL,30-Jun-2022,420.0,PE,0.0,0.0,0.0,57.05,41.5,0,0.0,0,0,18-APR-2022,
OPTSTK,IGL,30-Jun-2022,425.0,PE,0.0,0.0,0.0,60.8,44.8,0,0.0,0,0,18-APR-2022,
OPTSTK,IGL,30-Jun-2022,430.0,PE,0.0,0.0,0.0,64.6,48.25,0,0.0,0,0,18-APR-2022,
OPTSTK,IGL,30-Jun-2022,435.0,PE,0.0,0.0,0.0,68.45,51.8,0,0.0,0,0,18-APR-2022,
OPTSTK,IGL,30-Jun-2022,440.0,PE,0.0,0.0,0.0,72.4,55.5,0,0.0,0,0,18-APR-2022,
OPTSTK,IGL,30-Jun-2022,445.0,PE,0.0,0.0,0.0,76.45,59.25,0,0.0,0,0,18-APR-2022,
OPTSTK,IGL,30-Jun-2022,450.0,PE,0.0,0.0,0.0,80.55,63.1,0,0.0,0,0,18-APR-2022,
OPTSTK,IGL,30-Jun-2022,455.0,PE,0.0,0.0,0.0,84.75,67.05,0,0.0,0,0,18-APR-2022,
OPTSTK,IGL,30-Jun-2022,460.0,PE,0.0,0.0,0.0,88.95,71.05,0,0.0,0,0,18-APR-2022,
OPTSTK,IGL,30-Jun-2022,465.0,PE,0.0,0.0,0.0,93.25,75.15,0,0.0,0,0,18-APR-2022,
OPTSTK,IGL,30-Jun-2022,470.0,PE,0.0,0.0,0.0,97.6,79.35,0,0.0,0,0,18-APR-2022,
OPTSTK,IGL,30-Jun-2022,475.0,PE,0.0,0.0,0.0,102.05,83.6,0,0.0,0,0,18-APR-2022,
OPTSTK,IGL,30-Jun-2022,480.0,PE,0.0,0.0,0.0,106.5,87.9,0,0.0,0,0,18-APR-2022,
OPTSTK,IGL,30-Jun-2022,485.0,PE,0.0,0.0,0.0,110.95,92.3,0,0.0,0,0,18-APR-2022,
OPTSTK,IGL,30-Jun-2022,490.0,PE,0.0,0.0,0.0,115.5,96.7,0,0.0,0,0,18-APR-2022,
OPTSTK,IGL,30-Jun-2022,495.0,PE,0.0,0.0,0.0,120.1,101.2,0,0.0,0,0,18-APR-2022,
OPTSTK,IGL,30-Jun-2022,500.0,PE,0.0,0.0,0.0,124.7,105.7,0,0.0,0,0,18-APR-2022,
OPTSTK,IGL,30-Jun-2022,505.0,PE,0.0,0.0,0.0,129.3,110.3,0,0.0,0,0,18-APR-2022,
OPTSTK,IGL,30-Jun-2022,510.0,PE,0.0,0.0,0.0,134.0,114.9,0,0.0,0,0,18-APR-2022,
OPTSTK,IGL,30-Jun-2022,515.0,PE,0.0,0.0,0.0,138.7,119.55,0,0.0,0,0,18-APR-2022,
OPTSTK,IGL,30-Jun-2022,520.0,PE,0.0,0.0,0.0,143.4,124.2,0,0.0,0,0,18-APR-2022,
OPTSTK,IGL,30-Jun-2022,525.0,PE,0.0,0.0,0.0,148.15,128.9,0,0.0,0,0,18-APR-2022,
OPTSTK,IGL,30-Jun-2022,530.0,PE,0.0,0.0,0.0,152.9,133.65,0,0.0,0,0,18-APR-2022,
OPTSTK,IGL,30-Jun-2022,535.0,PE,0.0,0.0,0.0,157.7,138.4,0,0.0,0,0,18-APR-2022,
OPTSTK,INDHOTEL,28-Apr-2022,135.0,CE,0.0,0.0,0.0,68.25,111.65,0,0.0,0,0,18-APR-2022,
OPTSTK,INDHOTEL,28-Apr-2022,140.0,CE,0.0,0.0,0.0,63.75,106.7,0,0.0,0,0,18-APR-2022,
OPTSTK,INDHOTEL,28-Apr-2022,145.0,CE,0.0,0.0,0.0,59.35,101.7,0,0.0,0,0,18-APR-2022,
OPTSTK,INDHOTEL,28-Apr-2022,150.0,CE,0.0,0.0,0.0,55.1,96.7,0,0.0,0,0,18-APR-2022,
OPTSTK,INDHOTEL,28-Apr-2022,155.0,CE,0.0,0.0,0.0,51.0,91.7,0,0.0,0,0,18-APR-2022,
OPTSTK,INDHOTEL,28-Apr-2022,160.0,CE,0.0,0.0,0.0,47.05,86.7,0,0.0,0,0,18-APR-2022,
OPTSTK,INDHOTEL,28-Apr-2022,165.0,CE,0.0,0.0,0.0,43.3,81.7,0,0.0,0,0,18-APR-2022,
OPTSTK,INDHOTEL,28-Apr-2022,170.0,CE,0.0,0.0,0.0,39.7,76.7,0,0.0,0,0,18-APR-2022,
OPTSTK,INDHOTEL,28-Apr-2022,175.0,CE,0.0,0.0,0.0,36.3,71.7,0,0.0,0,0,18-APR-2022,
OPTSTK,INDHOTEL,28-Apr-2022,180.0,CE,0.0,0.0,0.0,33.1,66.7,0,0.0,0,0,18-APR-2022,
OPTSTK,INDHOTEL,28-Apr-2022,185.0,CE,0.0,0.0,0.0,30.1,61.75,0,0.0,0,0,18-APR-2022,
OPTSTK,INDHOTEL,28-Apr-2022,190.0,CE,0.0,0.0,0.0,40.9,56.75,0,0.0,4022,0,18-APR-2022,
OPTSTK,INDHOTEL,28-Apr-2022,195.0,CE,0.0,0.0,0.0,56.05,51.75,0,0.0,4022,0,18-APR-2022,
OPTSTK,INDHOTEL,28-Apr-2022,200.0,CE,50.0,50.0,50.0,50.0,46.8,1,10.05,72396,-4022,18-APR-2022,
OPTSTK,INDHOTEL,28-Apr-2022,205.0,CE,0.0,0.0,0.0,45.9,41.85,0,0.0,12066,0,18-APR-2022,
OPTSTK,INDHOTEL,28-Apr-2022,210.0,CE,40.0,40.0,38.05,38.05,37.0,3,30.08,185012,0,18-APR-2022,
OPTSTK,INDHOTEL,28-Apr-2022,215.0,CE,35.0,35.0,35.0,35.0,32.25,1,10.05,48264,0,18-APR-2022,
OPTSTK,INDHOTEL,28-Apr-2022,220.0,CE,31.15,31.15,28.75,30.55,27.65,5,50.33,345892,12066,18-APR-2022,
OPTSTK,INDHOTEL,28-Apr-2022,225.0,CE,26.8,26.8,21.85,22.2,23.25,6,60.2,96528,-4022,18-APR-2022,
OPTSTK,INDHOTEL,28-Apr-2022,230.0,CE,19.3,23.05,17.45,18.75,18.75,23,230.62,486662,-32176,18-APR-2022,
OPTSTK,INDHOTEL,28-Apr-2022,235.0,CE,17.2,18.3,13.5,14.6,15.5,15,151.28,176968,-16088,18-APR-2022,
OPTSTK,INDHOTEL,28-Apr-2022,240.0,CE,12.5,15.4,10.1,11.1,11.1,105,1063.88,824510,24132,18-APR-2022,
OPTSTK,INDHOTEL,28-Apr-2022,245.0,CE,9.5,11.8,7.6,8.25,8.25,293,2991.11,442420,40220,18-APR-2022,
OPTSTK,INDHOTEL,28-Apr-2022,250.0,CE,1.85,9.15,1.85,6.15,6.15,974,10073.61,1769680,269474,18-APR-2022,
OPTSTK,INDHOTEL,28-Apr-2022,255.0,CE,5.15,6.8,4.1,4.55,4.55,499,5221.76,812444,-44242,18-APR-2022,
OPTSTK,INDHOTEL,28-Apr-2022,260.0,CE,4.8,5.25,3.0,3.5,3.5,1152,12230.3,2775180,-16088,18-APR-2022,
OPTSTK,INDHOTEL,28-Apr-2022,265.0,CE,2.7,3.85,2.3,2.6,2.6,352,3791.87,1069852,241320,18-APR-2022,
OPTSTK,INDHOTEL,28-Apr-2022,270.0,CE,1.75,2.95,1.75,2.05,2.05,516,5649.67,1890340,201100,18-APR-2022,
OPTSTK,INDHOTEL,28-Apr-2022,275.0,CE,1.65,2.15,1.35,1.55,1.55,234,2603.61,591234,229254,18-APR-2022,
OPTSTK,INDHOTEL,28-Apr-2022,280.0,CE,1.65,1.65,1.05,1.4,1.4,850,9618.18,2875730,727982,18-APR-2022,
OPTSTK,INDHOTEL,28-Apr-2022,285.0,CE,1.05,1.15,0.7,1.05,1.05,81,931.61,213166,4022,18-APR-2022,
OPTSTK,INDHOTEL,28-Apr-2022,290.0,CE,0.65,0.9,0.55,0.85,0.85,238,2782.55,848642,76418,18-APR-2022,
OPTSTK,INDHOTEL,28-Apr-2022,295.0,CE,0.45,0.7,0.4,0.65,0.65,99,1176.67,1077896,84462,18-APR-2022,
OPTSTK,INDHOTEL,28-Apr-2022,135.0,PE,0.0,0.0,0.0,0.3,0.0,0,0.0,0,0,18-APR-2022,
OPTSTK,INDHOTEL,28-Apr-2022,140.0,PE,0.0,0.0,0.0,1.6,0.0,0,0.0,0,0,18-APR-2022,
OPTSTK,INDHOTEL,28-Apr-2022,145.0,PE,0.0,0.0,0.0,0.05,0.0,0,0.0,0,0,18-APR-2022,
OPTSTK,INDHOTEL,28-Apr-2022,150.0,PE,0.0,0.0,0.0,2.85,0.0,0,0.0,0,0,18-APR-2022,
OPTSTK,INDHOTEL,28-Apr-2022,155.0,PE,0.0,0.0,0.0,3.7,0.0,0,0.0,0,0,18-APR-2022,
OPTSTK,INDHOTEL,28-Apr-2022,160.0,PE,0.1,0.1,0.1,0.1,0.0,1,6.43,4022,0,18-APR-2022,
OPTSTK,INDHOTEL,28-Apr-2022,165.0,PE,0.0,0.0,0.0,5.9,0.0,0,0.0,0,0,18-APR-2022,
OPTSTK,INDHOTEL,28-Apr-2022,170.0,PE,0.0,0.0,0.0,7.25,0.0,0,0.0,0,0,18-APR-2022,
OPTSTK,INDHOTEL,28-Apr-2022,175.0,PE,0.0,0.0,0.0,8.8,0.0,0,0.0,0,0,18-APR-2022,
OPTSTK,INDHOTEL,28-Apr-2022,180.0,PE,0.0,0.0,0.0,0.15,0.0,0,0.0,120660,0,18-APR-2022,
OPTSTK,INDHOTEL,28-Apr-2022,185.0,PE,0.0,0.0,0.0,0.2,0.0,0,0.0,4022,0,18-APR-2022,
OPTSTK,INDHOTEL,28-Apr-2022,190.0,PE,0.0,0.0,0.0,0.15,0.05,0,0.0,160880,0,18-APR-2022,
OPTSTK,INDHOTEL,28-Apr-2022,195.0,PE,0.25,0.25,0.25,0.25,0.05,1,7.85,60330,0,18-APR-2022,
OPTSTK,INDHOTEL,28-Apr-2022,200.0,PE,0.4,0.4,0.25,0.3,0.3,30,241.71,908972,-20110,18-APR-2022,
OPTSTK,INDHOTEL,28-Apr-2022,205.0,PE,0.4,0.5,0.4,0.45,0.15,6,49.57,76418,0,18-APR-2022,
OPTSTK,INDHOTEL,28-Apr-2022,210.0,PE,0.5,0.6,0.4,0.55,0.55,55,465.68,671674,48264,18-APR-2022,
OPTSTK,INDHOTEL,28-Apr-2022,215.0,PE,0.6,0.6,0.5,0.6,0.6,15,130.04,193056,-8044,18-APR-2022,
OPTSTK,INDHOTEL,28-Apr-2022,220.0,PE,1.05,1.25,0.7,0.85,0.85,198,1759.16,892884,-52286,18-APR-2022,
OPTSTK,INDHOTEL,28-Apr-2022,225.0,PE,2.2,2.2,1.0,1.2,1.2,183,1665.17,595256,233276,18-APR-2022,
OPTSTK,INDHOTEL,28-Apr-2022,230.0,PE,2.0,2.45,1.4,1.8,1.8,392,3655.61,1455964,20110,18-APR-2022,
OPTSTK,INDHOTEL,28-Apr-2022,235.0,PE,3.0,3.3,2.0,2.75,2.75,241,2303.97,394156,-12066,18-APR-2022,
OPTSTK,INDHOTEL,28-Apr-2022,240.0,PE,4.05,5.15,3.0,4.3,4.3,598,5872.54,1339326,56308,18-APR-2022,
OPTSTK,INDHOTEL,28-Apr-2022,245.0,PE,6.3,7.35,4.65,6.5,6.5,332,3355.67,398178,96528,18-APR-2022,
OPTSTK,INDHOTEL,28-Apr-2022,250.0,PE,8.05,10.3,6.65,9.3,9.3,579,6023.77,723960,-180990,18-APR-2022,
OPTSTK,INDHOTEL,28-Apr-2022,255.0,PE,12.5,13.65,9.5,12.9,12.9,70,750.37,201100,-24132,18-APR-2022,
OPTSTK,INDHOTEL,28-Apr-2022,260.0,PE,17.75,17.8,12.85,16.1,16.9,89,985.61,410244,-60330,18-APR-2022,
OPTSTK,INDHOTEL,28-Apr-2022,265.0,PE,0.0,0.0,0.0,66.4,20.8,0,0.0,0,0,18-APR-2022,
OPTSTK,INDHOTEL,28-Apr-2022,270.0,PE,26.25,26.25,20.65,20.65,24.95,7,82.48,40220,-12066,18-APR-2022,
OPTSTK,INDHOTEL,28-Apr-2022,275.0,PE,0.0,0.0,0.0,75.2,29.35,0,0.0,0,0,18-APR-2022,
OPTSTK,INDHOTEL,28-Apr-2022,280.0,PE,34.45,34.45,31.55,31.55,33.95,2,25.17,24132,0,18-APR-2022,
OPTSTK,INDHOTEL,28-Apr-2022,285.0,PE,0.0,0.0,0.0,28.8,38.65,0,0.0,12066,0,18-APR-2022,
OPTSTK,INDHOTEL,28-Apr-2022,290.0,PE,0.0,0.0,0.0,75.8,43.5,0,0.0,0,0,18-APR-2022,
OPTSTK,INDHOTEL,28-Apr-2022,295.0,PE,0.0,0.0,0.0,80.25,48.35,0,0.0,0,0,18-APR-2022,
OPTSTK,INDHOTEL,26-May-2022,135.0,CE,0.0,0.0,0.0,62.2,112.1,0,0.0,0,0,18-APR-2022,
OPTSTK,INDHOTEL,26-May-2022,140.0,CE,0.0,0.0,0.0,57.8,107.15,0,0.0,0,0,18-APR-2022,
OPTSTK,INDHOTEL,26-May-2022,145.0,CE,0.0,0.0,0.0,53.5,102.15,0,0.0,0,0,18-APR-2022,
OPTSTK,INDHOTEL,26-May-2022,150.0,CE,0.0,0.0,0.0,49.4,97.2,0,0.0,0,0,18-APR-2022,
OPTSTK,INDHOTEL,26-May-2022,155.0,CE,0.0,0.0,0.0,45.45,92.25,0,0.0,0,0,18-APR-2022,
OPTSTK,INDHOTEL,26-May-2022,160.0,CE,0.0,0.0,0.0,41.7,87.3,0,0.0,0,0,18-APR-2022,
OPTSTK,INDHOTEL,26-May-2022,165.0,CE,0.0,0.0,0.0,38.1,82.35,0,0.0,0,0,18-APR-2022,
OPTSTK,INDHOTEL,26-May-2022,170.0,CE,0.0,0.0,0.0,34.75,77.45,0,0.0,0,0,18-APR-2022,
OPTSTK,INDHOTEL,26-May-2022,175.0,CE,0.0,0.0,0.0,31.55,72.55,0,0.0,0,0,18-APR-2022,
OPTSTK,INDHOTEL,26-May-2022,180.0,CE,0.0,0.0,0.0,28.6,67.7,0,0.0,0,0,18-APR-2022,
OPTSTK,INDHOTEL,26-May-2022,185.0,CE,0.0,0.0,0.0,25.8,62.95,0,0.0,0,0,18-APR-2022,
OPTSTK,INDHOTEL,26-May-2022,190.0,CE,0.0,0.0,0.0,23.25,58.25,0,0.0,0,0,18-APR-2022,
OPTSTK,INDHOTEL,26-May-2022,195.0,CE,0.0,0.0,0.0,20.9,53.7,0,0.0,0,0,18-APR-2022,
OPTSTK,INDHOTEL,26-May-2022,200.0,CE,0.0,0.0,0.0,18.7,49.25,0,0.0,0,0,18-APR-2022,
OPTSTK,INDHOTEL,26-May-2022,205.0,CE,0.0,0.0,0.0,16.75,44.95,0,0.0,0,0,18-APR-2022,
OPTSTK,INDHOTEL,26-May-2022,210.0,CE,0.0,0.0,0.0,14.9,40.8,0,0.0,0,0,18-APR-2022,
OPTSTK,INDHOTEL,26-May-2022,215.0,CE,0.0,0.0,0.0,13.25,36.85,0,0.0,0,0,18-APR-2022,
OPTSTK,INDHOTEL,26-May-2022,220.0,CE,0.0,0.0,0.0,11.8,33.1,0,0.0,0,0,18-APR-2022,
OPTSTK,INDHOTEL,26-May-2022,225.0,CE,0.0,0.0,0.0,10.45,29.55,0,0.0,0,0,18-APR-2022,
OPTSTK,INDHOTEL,26-May-2022,230.0,CE,24.45,24.45,24.45,24.45,26.25,1,10.23,12066,4022,18-APR-2022,
OPTSTK,INDHOTEL,26-May-2022,235.0,CE,0.0,0.0,0.0,8.15,23.2,0,0.0,0,0,18-APR-2022,
OPTSTK,INDHOTEL,26-May-2022,240.0,CE,18.0,18.0,18.0,18.0,20.4,1,10.37,12066,0,18-APR-2022,
OPTSTK,INDHOTEL,26-May-2022,245.0,CE,0.0,0.0,0.0,6.3,17.85,0,0.0,0,0,18-APR-2022,
OPTSTK,INDHOTEL,26-May-2022,250.0,CE,14.8,14.8,12.95,12.95,12.95,4,42.52,64352,4022,18-APR-2022,
OPTSTK,INDHOTEL,26-May-2022,255.0,CE,0.0,0.0,0.0,16.5,13.4,0,0.0,4022,0,18-APR-2022,
OPTSTK,INDHOTEL,26-May-2022,260.0,CE,11.65,11.85,9.0,9.6,9.6,9,97.79,120660,4022,18-APR-2022,
OPTSTK,INDHOTEL,26-May-2022,265.0,CE,0.0,0.0,0.0,3.75,9.9,0,0.0,0,0,18-APR-2022,
OPTSTK,INDHOTEL,26-May-2022,270.0,CE,5.95,5.95,5.95,5.95,8.4,2,22.19,24132,4022,18-APR-2022,
OPTSTK,INDHOTEL,26-May-2022,275.0,CE,0.0,0.0,0.0,15.0,7.15,0,0.0,4022,0,18-APR-2022,
OPTSTK,INDHOTEL,26-May-2022,280.0,CE,5.6,5.6,4.75,4.75,6.05,3,34.4,12066,0,18-APR-2022,
OPTSTK,INDHOTEL,26-May-2022,285.0,CE,0.0,0.0,0.0,2.85,5.05,0,0.0,0,0,18-APR-2022,
OPTSTK,INDHOTEL,26-May-2022,290.0,CE,2.2,2.2,2.2,2.2,4.25,1,11.75,8044,4022,18-APR-2022,
OPTSTK,INDHOTEL,26-May-2022,295.0,CE,0.0,0.0,0.0,2.15,3.55,0,0.0,0,0,18-APR-2022,
OPTSTK,INDHOTEL,26-May-2022,135.0,PE,0.0,0.0,0.0,1.45,0.0,0,0.0,0,0,18-APR-2022,
OPTSTK,INDHOTEL,26-May-2022,140.0,PE,0.0,0.0,0.0,2.0,0.0,0,0.0,0,0,18-APR-2022,
OPTSTK,INDHOTEL,26-May-2022,145.0,PE,0.0,0.0,0.0,2.7,0.05,0,0.0,0,0,18-APR-2022,
OPTSTK,INDHOTEL,26-May-2022,150.0,PE,0.0,0.0,0.0,3.55,0.05,0,0.0,0,0,18-APR-2022,
OPTSTK,INDHOTEL,26-May-2022,155.0,PE,0.0,0.0,0.0,4.55,0.05,0,0.0,0,0,18-APR-2022,
OPTSTK,INDHOTEL,26-May-2022,160.0,PE,0.0,0.0,0.0,5.7,0.05,0,0.0,0,0,18-APR-2022,
OPTSTK,INDHOTEL,26-May-2022,165.0,PE,0.0,0.0,0.0,7.1,0.1,0,0.0,0,0,18-APR-2022,
OPTSTK,INDHOTEL,26-May-2022,170.0,PE,0.0,0.0,0.0,8.65,0.2,0,0.0,0,0,18-APR-2022,
OPTSTK,INDHOTEL,26-May-2022,175.0,PE,0.0,0.0,0.0,10.4,0.3,0,0.0,0,0,18-APR-2022,
OPTSTK,INDHOTEL,26-May-2022,180.0,PE,0.0,0.0,0.0,12.4,0.4,0,0.0,0,0,18-APR-2022,
OPTSTK,INDHOTEL,26-May-2022,185.0,PE,0.0,0.0,0.0,14.6,0.65,0,0.0,0,0,18-APR-2022,
OPTSTK,INDHOTEL,26-May-2022,190.0,PE,0.0,0.0,0.0,16.95,0.95,0,0.0,0,0,18-APR-2022,
OPTSTK,INDHOTEL,26-May-2022,195.0,PE,0.0,0.0,0.0,19.55,1.35,0,0.0,0,0,18-APR-2022,
OPTSTK,INDHOTEL,26-May-2022,200.0,PE,2.15,2.15,2.15,2.15,2.15,4,32.52,28154,16088,18-APR-2022,
OPTSTK,INDHOTEL,26-May-2022,205.0,PE,0.0,0.0,0.0,25.3,2.5,0,0.0,0,0,18-APR-2022,
OPTSTK,INDHOTEL,26-May-2022,210.0,PE,0.0,0.0,0.0,28.4,3.35,0,0.0,0,0,18-APR-2022,
OPTSTK,INDHOTEL,26-May-2022,215.0,PE,0.0,0.0,0.0,31.7,4.4,0,0.0,0,0,18-APR-2022,
OPTSTK,INDHOTEL,26-May-2022,220.0,PE,0.0,0.0,0.0,4.9,5.6,0,0.0,36198,0,18-APR-2022,
OPTSTK,INDHOTEL,26-May-2022,225.0,PE,0.0,0.0,0.0,5.5,7.05,0,0.0,8044,0,18-APR-2022,
OPTSTK,INDHOTEL,26-May-2022,230.0,PE,0.0,0.0,0.0,42.55,8.75,0,0.0,0,0,18-APR-2022,
OPTSTK,INDHOTEL,26-May-2022,235.0,PE,0.0,0.0,0.0,5.5,10.65,0,0.0,4022,0,18-APR-2022,
OPTSTK,INDHOTEL,26-May-2022,240.0,PE,0.0,0.0,0.0,50.4,12.85,0,0.0,0,0,18-APR-2022,
OPTSTK,INDHOTEL,26-May-2022,245.0,PE,11.25,11.95,11.25,11.95,15.25,2,20.64,8044,8044,18-APR-2022,
OPTSTK,INDHOTEL,26-May-2022,250.0,PE,13.55,14.7,13.55,14.7,17.9,3,31.85,12066,4022,18-APR-2022,
OPTSTK,INDHOTEL,26-May-2022,255.0,PE,0.0,0.0,0.0,62.9,20.8,0,0.0,0,0,18-APR-2022,
OPTSTK,INDHOTEL,26-May-2022,260.0,PE,0.0,0.0,0.0,16.0,23.9,0,0.0,44242,0,18-APR-2022,
OPTSTK,INDHOTEL,26-May-2022,265.0,PE,0.0,0.0,0.0,71.65,27.2,0,0.0,0,0,18-APR-2022,
OPTSTK,INDHOTEL,26-May-2022,270.0,PE,0.0,0.0,0.0,76.15,30.75,0,0.0,0,0,18-APR-2022,
OPTSTK,INDHOTEL,26-May-2022,275.0,PE,0.0,0.0,0.0,80.65,34.45,0,0.0,0,0,18-APR-2022,
OPTSTK,INDHOTEL,26-May-2022,280.0,PE,0.0,0.0,0.0,80.05,38.3,0,0.0,0,0,18-APR-2022,
OPTSTK,INDHOTEL,26-May-2022,285.0,PE,0.0,0.0,0.0,78.0,42.3,0,0.0,0,0,18-APR-2022,
OPTSTK,INDHOTEL,26-May-2022,290.0,PE,0.0,0.0,0.0,79.3,46.45,0,0.0,0,0,18-APR-2022,
OPTSTK,INDHOTEL,26-May-2022,295.0,PE,0.0,0.0,0.0,78.9,50.75,0,0.0,0,0,18-APR-2022,
OPTSTK,INDHOTEL,30-Jun-2022,160.0,CE,0.0,0.0,0.0,81.5,88.4,0,0.0,0,0,18-APR-2022,
OPTSTK,INDHOTEL,30-Jun-2022,165.0,CE,0.0,0.0,0.0,77.0,83.65,0,0.0,0,0,18-APR-2022,
OPTSTK,INDHOTEL,30-Jun-2022,170.0,CE,0.0,0.0,0.0,72.6,79.0,0,0.0,0,0,18-APR-2022,
OPTSTK,INDHOTEL,30-Jun-2022,175.0,CE,0.0,0.0,0.0,68.25,74.4,0,0.0,0,0,18-APR-2022,
OPTSTK,INDHOTEL,30-Jun-2022,180.0,CE,0.0,0.0,0.0,64.05,69.9,0,0.0,0,0,18-APR-2022,
OPTSTK,INDHOTEL,30-Jun-2022,185.0,CE,0.0,0.0,0.0,60.0,65.55,0,0.0,0,0,18-APR-2022,
OPTSTK,INDHOTEL,30-Jun-2022,190.0,CE,0.0,0.0,0.0,56.05,61.25,0,0.0,0,0,18-APR-2022,
OPTSTK,INDHOTEL,30-Jun-2022,195.0,CE,0.0,0.0,0.0,52.3,57.1,0,0.0,0,0,18-APR-2022,
OPTSTK,INDHOTEL,30-Jun-2022,200.0,CE,0.0,0.0,0.0,48.65,53.1,0,0.0,0,0,18-APR-2022,
OPTSTK,INDHOTEL,30-Jun-2022,205.0,CE,0.0,0.0,0.0,45.2,49.25,0,0.0,0,0,18-APR-2022,
OPTSTK,INDHOTEL,30-Jun-2022,210.0,CE,0.0,0.0,0.0,41.85,45.6,0,0.0,0,0,18-APR-2022,
OPTSTK,INDHOTEL,30-Jun-2022,215.0,CE,0.0,0.0,0.0,38.7,42.05,0,0.0,0,0,18-APR-2022,
OPTSTK,INDHOTEL,30-Jun-2022,220.0,CE,0.0,0.0,0.0,35.75,38.7,0,0.0,0,0,18-APR-2022,
OPTSTK,INDHOTEL,30-Jun-2022,225.0,CE,0.0,0.0,0.0,32.95,35.55,0,0.0,0,0,18-APR-2022,
OPTSTK,INDHOTEL,30-Jun-2022,230.0,CE,0.0,0.0,0.0,30.3,32.55,0,0.0,0,0,18-APR-2022,
OPTSTK,INDHOTEL,30-Jun-2022,235.0,CE,0.0,0.0,0.0,27.8,29.75,0,0.0,0,0,18-APR-2022,
OPTSTK,INDHOTEL,30-Jun-2022,240.0,CE,0.0,0.0,0.0,25.45,27.1,0,0.0,0,0,18-APR-2022,
OPTSTK,INDHOTEL,30-Jun-2022,245.0,CE,0.0,0.0,0.0,23.3,24.65,0,0.0,0,0,18-APR-2022,
OPTSTK,INDHOTEL,30-Jun-2022,250.0,CE,0.0,0.0,0.0,21.3,22.35,0,0.0,0,0,18-APR-2022,
OPTSTK,INDHOTEL,30-Jun-2022,255.0,CE,0.0,0.0,0.0,19.4,20.25,0,0.0,0,0,18-APR-2022,
OPTSTK,INDHOTEL,30-Jun-2022,260.0,CE,0.0,0.0,0.0,17.65,18.25,0,0.0,0,0,18-APR-2022,
OPTSTK,INDHOTEL,30-Jun-2022,265.0,CE,0.0,0.0,0.0,16.05,16.45,0,0.0,0,0,18-APR-2022,
OPTSTK,INDHOTEL,30-Jun-2022,270.0,CE,0.0,0.0,0.0,14.6,14.8,0,0.0,0,0,18-APR-2022,
OPTSTK,INDHOTEL,30-Jun-2022,275.0,CE,0.0,0.0,0.0,13.2,13.3,0,0.0,0,0,18-APR-2022,
OPTSTK,INDHOTEL,30-Jun-2022,280.0,CE,0.0,0.0,0.0,12.0,11.9,0,0.0,0,0,18-APR-2022,
OPTSTK,INDHOTEL,30-Jun-2022,285.0,CE,0.0,0.0,0.0,10.85,10.7,0,0.0,0,0,18-APR-2022,
OPTSTK,INDHOTEL,30-Jun-2022,290.0,CE,0.0,0.0,0.0,9.8,9.55,0,0.0,0,0,18-APR-2022,
OPTSTK,INDHOTEL,30-Jun-2022,295.0,CE,0.0,0.0,0.0,8.85,8.5,0,0.0,0,0,18-APR-2022,
OPTSTK,INDHOTEL,30-Jun-2022,160.0,PE,0.0,0.0,0.0,1.35,0.55,0,0.0,0,0,18-APR-2022,
OPTSTK,INDHOTEL,30-Jun-2022,165.0,PE,0.0,0.0,0.0,1.75,0.75,0,0.0,0,0,18-APR-2022,
OPTSTK,INDHOTEL,30-Jun-2022,170.0,PE,0.0,0.0,0.0,2.3,1.05,0,0.0,0,0,18-APR-2022,
OPTSTK,INDHOTEL,30-Jun-2022,175.0,PE,0.0,0.0,0.0,2.9,1.45,0,0.0,0,0,18-APR-2022,
OPTSTK,INDHOTEL,30-Jun-2022,180.0,PE,0.0,0.0,0.0,3.65,1.9,0,0.0,0,0,18-APR-2022,
OPTSTK,INDHOTEL,30-Jun-2022,185.0,PE,0.0,0.0,0.0,4.55,2.45,0,0.0,0,0,18-APR-2022,
OPTSTK,INDHOTEL,30-Jun-2022,190.0,PE,0.0,0.0,0.0,5.55,3.15,0,0.0,0,0,18-APR-2022,
OPTSTK,INDHOTEL,30-Jun-2022,195.0,PE,0.0,0.0,0.0,6.75,3.95,0,0.0,0,0,18-APR-2022,
OPTSTK,INDHOTEL,30-Jun-2022,200.0,PE,0.0,0.0,0.0,8.05,4.9,0,0.0,0,0,18-APR-2022,
OPTSTK,INDHOTEL,30-Jun-2022,205.0,PE,0.0,0.0,0.0,9.55,6.05,0,0.0,0,0,18-APR-2022,
OPTSTK,INDHOTEL,30-Jun-2022,210.0,PE,0.0,0.0,0.0,11.15,7.3,0,0.0,0,0,18-APR-2022,
OPTSTK,INDHOTEL,30-Jun-2022,215.0,PE,0.0,0.0,0.0,12.95,8.75,0,0.0,0,0,18-APR-2022,
OPTSTK,INDHOTEL,30-Jun-2022,220.0,PE,0.0,0.0,0.0,14.9,10.35,0,0.0,0,0,18-APR-2022,
OPTSTK,INDHOTEL,30-Jun-2022,225.0,PE,0.0,0.0,0.0,17.05,12.15,0,0.0,0,0,18-APR-2022,
OPTSTK,INDHOTEL,30-Jun-2022,230.0,PE,0.0,0.0,0.0,19.35,14.1,0,0.0,0,0,18-APR-2022,
OPTSTK,INDHOTEL,30-Jun-2022,235.0,PE,0.0,0.0,0.0,21.8,16.25,0,0.0,0,0,18-APR-2022,
OPTSTK,INDHOTEL,30-Jun-2022,240.0,PE,0.0,0.0,0.0,24.45,18.55,0,0.0,0,0,18-APR-2022,
OPTSTK,INDHOTEL,30-Jun-2022,245.0,PE,0.0,0.0,0.0,27.2,21.05,0,0.0,0,0,18-APR-2022,
OPTSTK,INDHOTEL,30-Jun-2022,250.0,PE,0.0,0.0,0.0,30.15,23.75,0,0.0,0,0,18-APR-2022,
OPTSTK,INDHOTEL,30-Jun-2022,255.0,PE,0.0,0.0,0.0,33.2,26.55,0,0.0,0,0,18-APR-2022,
OPTSTK,INDHOTEL,30-Jun-2022,260.0,PE,0.0,0.0,0.0,36.45,29.55,0,0.0,0,0,18-APR-2022,
OPTSTK,INDHOTEL,30-Jun-2022,265.0,PE,0.0,0.0,0.0,39.8,32.75,0,0.0,0,0,18-APR-2022,
OPTSTK,INDHOTEL,30-Jun-2022,270.0,PE,0.0,0.0,0.0,43.25,36.05,0,0.0,0,0,18-APR-2022,
OPTSTK,INDHOTEL,30-Jun-2022,275.0,PE,0.0,0.0,0.0,46.85,39.5,0,0.0,0,0,18-APR-2022,
OPTSTK,INDHOTEL,30-Jun-2022,280.0,PE,0.0,0.0,0.0,50.55,43.05,0,0.0,0,0,18-APR-2022,
OPTSTK,INDHOTEL,30-Jun-2022,285.0,PE,0.0,0.0,0.0,54.35,46.75,0,0.0,0,0,18-APR-2022,
OPTSTK,INDHOTEL,30-Jun-2022,290.0,PE,0.0,0.0,0.0,58.25,50.6,0,0.0,0,0,18-APR-2022,
OPTSTK,INDHOTEL,30-Jun-2022,295.0,PE,0.0,0.0,0.0,62.25,54.5,0,0.0,0,0,18-APR-2022,
OPTSTK,INDIACEM,28-Apr-2022,140.0,CE,0.0,0.0,0.0,82.35,77.05,0,0.0,0,0,18-APR-2022,
OPTSTK,INDIACEM,28-Apr-2022,142.5,CE,0.0,0.0,0.0,80.05,74.55,0,0.0,0,0,18-APR-2022,
OPTSTK,INDIACEM,28-Apr-2022,145.0,CE,0.0,0.0,0.0,77.75,72.05,0,0.0,0,0,18-APR-2022,
OPTSTK,INDIACEM,28-Apr-2022,147.5,CE,0.0,0.0,0.0,75.5,69.55,0,0.0,0,0,18-APR-2022,
OPTSTK,INDIACEM,28-Apr-2022,150.0,CE,0.0,0.0,0.0,73.3,67.05,0,0.0,0,0,18-APR-2022,
OPTSTK,INDIACEM,28-Apr-2022,152.5,CE,0.0,0.0,0.0,71.1,64.55,0,0.0,0,0,18-APR-2022,
OPTSTK,INDIACEM,28-Apr-2022,155.0,CE,0.0,0.0,0.0,68.9,62.05,0,0.0,0,0,18-APR-2022,
OPTSTK,INDIACEM,28-Apr-2022,157.5,CE,0.0,0.0,0.0,66.75,59.55,0,0.0,0,0,18-APR-2022,
OPTSTK,INDIACEM,28-Apr-2022,160.0,CE,0.0,0.0,0.0,64.65,57.05,0,0.0,0,0,18-APR-2022,
OPTSTK,INDIACEM,28-Apr-2022,162.5,CE,0.0,0.0,0.0,62.55,54.55,0,0.0,0,0,18-APR-2022,
OPTSTK,INDIACEM,28-Apr-2022,165.0,CE,0.0,0.0,0.0,60.5,52.05,0,0.0,0,0,18-APR-2022,
OPTSTK,INDIACEM,28-Apr-2022,167.5,CE,0.0,0.0,0.0,58.5,49.55,0,0.0,0,0,18-APR-2022,
OPTSTK,INDIACEM,28-Apr-2022,170.0,CE,0.0,0.0,0.0,56.55,47.1,0,0.0,0,0,18-APR-2022,
OPTSTK,INDIACEM,28-Apr-2022,172.5,CE,0.0,0.0,0.0,54.6,44.6,0,0.0,0,0,18-APR-2022,
OPTSTK,INDIACEM,28-Apr-2022,175.0,CE,0.0,0.0,0.0,52.7,42.15,0,0.0,0,0,18-APR-2022,
OPTSTK,INDIACEM,28-Apr-2022,177.5,CE,0.0,0.0,0.0,50.85,39.65,0,0.0,0,0,18-APR-2022,
OPTSTK,INDIACEM,28-Apr-2022,180.0,CE,0.0,0.0,0.0,49.0,37.2,0,0.0,0,0,18-APR-2022,
OPTSTK,INDIACEM,28-Apr-2022,182.5,CE,0.0,0.0,0.0,47.2,34.8,0,0.0,0,0,18-APR-2022,
OPTSTK,INDIACEM,28-Apr-2022,185.0,CE,0.0,0.0,0.0,45.5,32.4,0,0.0,0,0,18-APR-2022,
OPTSTK,INDIACEM,28-Apr-2022,187.5,CE,0.0,0.0,0.0,43.75,30.05,0,0.0,0,0,18-APR-2022,
OPTSTK,INDIACEM,28-Apr-2022,190.0,CE,0.0,0.0,0.0,42.1,27.7,0,0.0,0,0,18-APR-2022,
OPTSTK,INDIACEM,28-Apr-2022,192.5,CE,0.0,0.0,0.0,40.5,25.45,0,0.0,0,0,18-APR-2022,
OPTSTK,INDIACEM,28-Apr-2022,195.0,CE,0.0,0.0,0.0,38.9,23.25,0,0.0,0,0,18-APR-2022,
OPTSTK,INDIACEM,28-Apr-2022,197.5,CE,0.0,0.0,0.0,37.4,21.1,0,0.0,0,0,18-APR-2022,
OPTSTK,INDIACEM,28-Apr-2022,200.0,CE,24.5,24.5,19.0,19.3,19.05,5,32.15,46400,2900,18-APR-2022,
OPTSTK,INDIACEM,28-Apr-2022,202.5,CE,0.0,0.0,0.0,34.45,17.1,0,0.0,0,0,18-APR-2022,
OPTSTK,INDIACEM,28-Apr-2022,205.0,CE,0.0,0.0,0.0,30.0,15.3,0,0.0,5800,0,18-APR-2022,
OPTSTK,INDIACEM,28-Apr-2022,207.5,CE,0.0,0.0,0.0,31.7,13.55,0,0.0,0,0,18-APR-2022,
OPTSTK,INDIACEM,28-Apr-2022,210.0,CE,17.8,17.8,11.0,12.1,12.1,44,283.84,214600,-14500,18-APR-2022,
OPTSTK,INDIACEM,28-Apr-2022,212.5,CE,0.0,0.0,0.0,16.7,10.45,0,0.0,23200,0,18-APR-2022,
OPTSTK,INDIACEM,28-Apr-2022,215.0,CE,13.45,13.45,7.3,8.65,8.65,32,208.4,171100,-2900,18-APR-2022,
OPTSTK,INDIACEM,28-Apr-2022,217.5,CE,9.0,9.0,6.8,7.8,7.8,3,19.6,37700,0,18-APR-2022,
OPTSTK,INDIACEM,28-Apr-2022,220.0,CE,8.5,11.75,5.3,6.1,6.1,401,2643.83,748200,52200,18-APR-2022,
OPTSTK,INDIACEM,28-Apr-2022,222.5,CE,7.85,7.85,6.0,6.0,5.7,5,33.26,40600,-2900,18-APR-2022,
OPTSTK,INDIACEM,28-Apr-2022,225.0,CE,7.05,8.3,3.8,4.3,4.3,331,2210.3,890300,168200,18-APR-2022,
OPTSTK,INDIACEM,28-Apr-2022,227.5,CE,5.3,5.3,5.3,5.3,4.05,1,6.75,26100,2900,18-APR-2022,
OPTSTK,INDIACEM,28-Apr-2022,230.0,CE,5.85,6.55,2.75,3.2,3.2,929,6311.03,2496900,333500,18-APR-2022,
OPTSTK,INDIACEM,28-Apr-2022,232.5,CE,4.95,4.95,2.1,2.7,2.7,37,253.37,72500,-81200,18-APR-2022,
OPTSTK,INDIACEM,28-Apr-2022,235.0,CE,3.05,4.5,1.95,2.2,2.2,200,1378.73,568400,49300,18-APR-2022,
OPTSTK,INDIACEM,28-Apr-2022,237.5,CE,0.0,0.0,0.0,4.1,1.85,0,0.0,37700,0,18-APR-2022,
OPTSTK,INDIACEM,28-Apr-2022,240.0,CE,2.85,3.35,1.5,1.65,1.65,418,2935.01,1595000,191400,18-APR-2022,
OPTSTK,INDIACEM,28-Apr-2022,242.5,CE,0.0,0.0,0.0,3.4,1.2,0,0.0,31900,0,18-APR-2022,
OPTSTK,INDIACEM,28-Apr-2022,245.0,CE,1.7,1.85,1.05,1.05,1.05,14,100.02,60900,-5800,18-APR-2022,
OPTSTK,INDIACEM,28-Apr-2022,247.5,CE,0.0,0.0,0.0,15.3,0.8,0,0.0,0,0,18-APR-2022,
OPTSTK,INDIACEM,28-Apr-2022,250.0,CE,1.7,1.8,0.8,0.95,0.95,272,1980.8,939600,-116000,18-APR-2022,
OPTSTK,INDIACEM,28-Apr-2022,252.5,CE,0.0,0.0,0.0,13.85,0.5,0,0.0,0,0,18-APR-2022,
OPTSTK,INDIACEM,28-Apr-2022,255.0,CE,0.55,0.75,0.55,0.75,0.4,2,14.82,26100,-2900,18-APR-2022,
OPTSTK,INDIACEM,28-Apr-2022,257.5,CE,0.0,0.0,0.0,12.6,0.3,0,0.0,0,0,18-APR-2022,
OPTSTK,INDIACEM,28-Apr-2022,260.0,CE,0.85,0.85,0.45,0.6,0.25,33,249.39,408900,-31900,18-APR-2022,
OPTSTK,INDIACEM,28-Apr-2022,262.5,CE,0.0,0.0,0.0,11.4,0.2,0,0.0,0,0,18-APR-2022,
OPTSTK,INDIACEM,28-Apr-2022,265.0,CE,0.0,0.0,0.0,0.8,0.15,0,0.0,20300,0,18-APR-2022,
OPTSTK,INDIACEM,28-Apr-2022,267.5,CE,0.0,0.0,0.0,10.3,0.1,0,0.0,0,0,18-APR-2022,
OPTSTK,INDIACEM,28-Apr-2022,270.0,CE,0.3,0.6,0.3,0.35,0.35,19,148.95,142100,-20300,18-APR-2022,
OPTSTK,INDIACEM,28-Apr-2022,272.5,CE,0.0,0.0,0.0,9.3,0.05,0,0.0,0,0,18-APR-2022,
OPTSTK,INDIACEM,28-Apr-2022,275.0,CE,0.0,0.0,0.0,1.1,0.05,0,0.0,2900,0,18-APR-2022,
OPTSTK,INDIACEM,28-Apr-2022,277.5,CE,0.0,0.0,0.0,8.4,0.05,0,0.0,0,0,18-APR-2022,
OPTSTK,INDIACEM,28-Apr-2022,280.0,CE,0.3,0.3,0.15,0.15,0.05,8,65.0,107300,-8700,18-APR-2022,
OPTSTK,INDIACEM,28-Apr-2022,282.5,CE,0.0,0.0,0.0,7.55,0.05,0,0.0,0,0,18-APR-2022,
OPTSTK,INDIACEM,28-Apr-2022,285.0,CE,0.0,0.0,0.0,7.15,0.05,0,0.0,0,0,18-APR-2022,
OPTSTK,INDIACEM,28-Apr-2022,287.5,CE,0.0,0.0,0.0,0.15,0.05,0,0.0,0,0,18-APR-2022,
OPTSTK,INDIACEM,28-Apr-2022,290.0,CE,0.0,0.0,0.0,0.35,0.05,0,0.0,14500,0,18-APR-2022,
OPTSTK,INDIACEM,28-Apr-2022,292.5,CE,0.0,0.0,0.0,6.1,0.0,0,0.0,0,0,18-APR-2022,
OPTSTK,INDIACEM,28-Apr-2022,295.0,CE,0.0,0.0,0.0,0.1,0.0,0,0.0,0,0,18-APR-2022,
OPTSTK,INDIACEM,28-Apr-2022,140.0,PE,0.0,0.0,0.0,1.05,0.0,0,0.0,0,0,18-APR-2022,
OPTSTK,INDIACEM,28-Apr-2022,142.5,PE,0.0,0.0,0.0,1.2,0.0,0,0.0,0,0,18-APR-2022,
OPTSTK,INDIACEM,28-Apr-2022,145.0,PE,0.0,0.0,0.0,1.4,0.0,0,0.0,0,0,18-APR-2022,
OPTSTK,INDIACEM,28-Apr-2022,147.5,PE,0.0,0.0,0.0,1.65,0.0,0,0.0,0,0,18-APR-2022,
OPTSTK,INDIACEM,28-Apr-2022,150.0,PE,0.0,0.0,0.0,0.2,0.0,0,0.0,0,0,18-APR-2022,
OPTSTK,INDIACEM,28-Apr-2022,152.5,PE,0.0,0.0,0.0,2.15,0.0,0,0.0,0,0,18-APR-2022,
OPTSTK,INDIACEM,28-Apr-2022,155.0,PE,0.0,0.0,0.0,0.05,0.0,0,0.0,0,0,18-APR-2022,
OPTSTK,INDIACEM,28-Apr-2022,157.5,PE,0.0,0.0,0.0,2.75,0.0,0,0.0,0,0,18-APR-2022,
OPTSTK,INDIACEM,28-Apr-2022,160.0,PE,0.0,0.0,0.0,3.15,0.0,0,0.0,0,0,18-APR-2022,
OPTSTK,INDIACEM,28-Apr-2022,162.5,PE,0.0,0.0,0.0,3.55,0.0,0,0.0,0,0,18-APR-2022,
OPTSTK,INDIACEM,28-Apr-2022,165.0,PE,0.0,0.0,0.0,3.95,0.05,0,0.0,0,0,18-APR-2022,
OPTSTK,INDIACEM,28-Apr-2022,167.5,PE,0.0,0.0,0.0,1.3,0.05,0,0.0,0,0,18-APR-2022,
OPTSTK,INDIACEM,28-Apr-2022,170.0,PE,0.0,0.0,0.0,4.9,0.05,0,0.0,0,0,18-APR-2022,
OPTSTK,INDIACEM,28-Apr-2022,172.5,PE,0.0,0.0,0.0,5.45,0.05,0,0.0,0,0,18-APR-2022,
OPTSTK,INDIACEM,28-Apr-2022,175.0,PE,0.0,0.0,0.0,6.0,0.1,0,0.0,0,0,18-APR-2022,
OPTSTK,INDIACEM,28-Apr-2022,177.5,PE,0.0,0.0,0.0,6.65,0.1,0,0.0,0,0,18-APR-2022,
OPTSTK,INDIACEM,28-Apr-2022,180.0,PE,0.45,0.45,0.2,0.2,0.2,16,83.68,188500,5800,18-APR-2022,
OPTSTK,INDIACEM,28-Apr-2022,182.5,PE,0.0,0.0,0.0,7.95,0.25,0,0.0,0,0,18-APR-2022,
OPTSTK,INDIACEM,28-Apr-2022,185.0,PE,0.0,0.0,0.0,1.95,0.35,0,0.0,11600,0,18-APR-2022,
OPTSTK,INDIACEM,28-Apr-2022,187.5,PE,0.0,0.0,0.0,3.7,0.45,0,0.0,8700,0,18-APR-2022,
OPTSTK,INDIACEM,28-Apr-2022,190.0,PE,0.8,1.3,0.55,0.8,0.8,34,188.19,171100,14500,18-APR-2022,
OPTSTK,INDIACEM,28-Apr-2022,192.5,PE,0.0,0.0,0.0,11.15,0.9,0,0.0,0,0,18-APR-2022,
OPTSTK,INDIACEM,28-Apr-2022,195.0,PE,0.0,0.0,0.0,0.9,1.15,0,0.0,104400,0,18-APR-2022,
OPTSTK,INDIACEM,28-Apr-2022,197.5,PE,0.15,0.95,0.15,0.95,1.55,2,11.48,5800,2900,18-APR-2022,
OPTSTK,INDIACEM,28-Apr-2022,200.0,PE,2.05,2.5,1.25,2.05,2.05,153,895.77,609000,-34800,18-APR-2022,
OPTSTK,INDIACEM,28-Apr-2022,202.5,PE,0.0,0.0,0.0,15.0,2.55,0,0.0,0,0,18-APR-2022,
OPTSTK,INDIACEM,28-Apr-2022,205.0,PE,2.4,2.85,2.4,2.85,3.2,9,54.21,136300,-14500,18-APR-2022,
OPTSTK,INDIACEM,28-Apr-2022,207.5,PE,0.0,0.0,0.0,17.2,3.95,0,0.0,0,0,18-APR-2022,
OPTSTK,INDIACEM,28-Apr-2022,210.0,PE,2.45,4.85,2.45,4.1,4.1,130,806.13,626400,-8700,18-APR-2022,
OPTSTK,INDIACEM,28-Apr-2022,212.5,PE,0.0,0.0,0.0,19.55,5.85,0,0.0,0,0,18-APR-2022,
OPTSTK,INDIACEM,28-Apr-2022,215.0,PE,3.95,6.5,3.95,5.5,6.95,35,223.84,139200,14500,18-APR-2022,
OPTSTK,INDIACEM,28-Apr-2022,217.5,PE,0.0,0.0,0.0,22.05,8.2,0,0.0,0,0,18-APR-2022,
OPTSTK,INDIACEM,28-Apr-2022,220.0,PE,6.4,9.35,5.1,8.55,8.55,188,1241.18,414700,-2900,18-APR-2022,
OPTSTK,INDIACEM,28-Apr-2022,222.5,PE,8.2,10.3,8.2,9.7,9.7,3,20.17,2900,0,18-APR-2022,
OPTSTK,INDIACEM,28-Apr-2022,225.0,PE,9.0,12.5,7.4,11.7,11.7,21,143.01,185600,0,18-APR-2022,
OPTSTK,INDIACEM,28-Apr-2022,227.5,PE,0.0,0.0,0.0,9.3,14.45,0,0.0,0,0,18-APR-2022,
OPTSTK,INDIACEM,28-Apr-2022,230.0,PE,10.7,16.25,10.7,15.5,15.5,14,99.18,255200,-14500,18-APR-2022,
OPTSTK,INDIACEM,28-Apr-2022,232.5,PE,12.35,12.35,12.35,12.35,18.15,1,7.1,11600,2900,18-APR-2022,
OPTSTK,INDIACEM,28-Apr-2022,235.0,PE,14.15,14.15,14.15,14.15,20.15,1,7.22,20300,2900,18-APR-2022,
OPTSTK,INDIACEM,28-Apr-2022,237.5,PE,0.0,0.0,0.0,33.7,22.25,0,0.0,0,0,18-APR-2022,
OPTSTK,INDIACEM,28-Apr-2022,240.0,PE,18.6,18.6,18.6,18.6,24.4,1,7.49,23200,2900,18-APR-2022,
OPTSTK,INDIACEM,28-Apr-2022,242.5,PE,0.0,0.0,0.0,36.95,26.6,0,0.0,0,0,18-APR-2022,
OPTSTK,INDIACEM,28-Apr-2022,245.0,PE,0.0,0.0,0.0,38.65,28.85,0,0.0,0,0,18-APR-2022,
OPTSTK,INDIACEM,28-Apr-2022,247.5,PE,0.0,0.0,0.0,40.35,31.15,0,0.0,0,0,18-APR-2022,
OPTSTK,INDIACEM,28-Apr-2022,250.0,PE,0.0,0.0,0.0,23.5,33.5,0,0.0,2900,0,18-APR-2022,
OPTSTK,INDIACEM,28-Apr-2022,252.5,PE,0.0,0.0,0.0,43.9,35.85,0,0.0,0,0,18-APR-2022,
OPTSTK,INDIACEM,28-Apr-2022,255.0,PE,0.0,0.0,0.0,45.7,38.25,0,0.0,0,0,18-APR-2022,
OPTSTK,INDIACEM,28-Apr-2022,257.5,PE,0.0,0.0,0.0,47.55,40.65,0,0.0,0,0,18-APR-2022,
OPTSTK,INDIACEM,28-Apr-2022,260.0,PE,0.0,0.0,0.0,49.4,43.1,0,0.0,0,0,18-APR-2022,
OPTSTK,INDIACEM,28-Apr-2022,262.5,PE,0.0,0.0,0.0,51.3,45.55,0,0.0,0,0,18-APR-2022,
OPTSTK,INDIACEM,28-Apr-2022,265.0,PE,0.0,0.0,0.0,53.2,48.0,0,0.0,0,0,18-APR-2022,
OPTSTK,INDIACEM,28-Apr-2022,267.5,PE,0.0,0.0,0.0,55.15,50.45,0,0.0,0,0,18-APR-2022,
OPTSTK,INDIACEM,28-Apr-2022,270.0,PE,0.0,0.0,0.0,57.1,52.95,0,0.0,0,0,18-APR-2022,
OPTSTK,INDIACEM,28-Apr-2022,272.5,PE,0.0,0.0,0.0,59.1,55.4,0,0.0,0,0,18-APR-2022,
OPTSTK,INDIACEM,28-Apr-2022,275.0,PE,0.0,0.0,0.0,61.1,57.9,0,0.0,0,0,18-APR-2022,
OPTSTK,INDIACEM,28-Apr-2022,277.5,PE,0.0,0.0,0.0,63.15,60.4,0,0.0,0,0,18-APR-2022,
OPTSTK,INDIACEM,28-Apr-2022,280.0,PE,0.0,0.0,0.0,65.2,62.9,0,0.0,0,0,18-APR-2022,
OPTSTK,INDIACEM,28-Apr-2022,282.5,PE,0.0,0.0,0.0,67.25,65.35,0,0.0,0,0,18-APR-2022,
OPTSTK,INDIACEM,28-Apr-2022,285.0,PE,0.0,0.0,0.0,69.35,67.85,0,0.0,0,0,18-APR-2022,
OPTSTK,INDIACEM,28-Apr-2022,287.5,PE,0.0,0.0,0.0,71.45,70.35,0,0.0,0,0,18-APR-2022,
OPTSTK,INDIACEM,28-Apr-2022,290.0,PE,0.0,0.0,0.0,73.6,72.85,0,0.0,0,0,18-APR-2022,
OPTSTK,INDIACEM,28-Apr-2022,292.5,PE,0.0,0.0,0.0,75.7,75.35,0,0.0,0,0,18-APR-2022,
OPTSTK,INDIACEM,28-Apr-2022,295.0,PE,0.0,0.0,0.0,77.9,77.85,0,0.0,0,0,18-APR-2022,
OPTSTK,INDIACEM,26-May-2022,140.0,CE,0.0,0.0,0.0,52.0,77.55,0,0.0,0,0,18-APR-2022,
OPTSTK,INDIACEM,26-May-2022,142.5,CE,0.0,0.0,0.0,50.0,75.1,0,0.0,0,0,18-APR-2022,
OPTSTK,INDIACEM,26-May-2022,145.0,CE,0.0,0.0,0.0,48.0,72.65,0,0.0,0,0,18-APR-2022,
OPTSTK,INDIACEM,26-May-2022,147.5,CE,0.0,0.0,0.0,46.05,70.2,0,0.0,0,0,18-APR-2022,
OPTSTK,INDIACEM,26-May-2022,150.0,CE,0.0,0.0,0.0,44.15,67.75,0,0.0,0,0,18-APR-2022,
OPTSTK,INDIACEM,26-May-2022,152.5,CE,0.0,0.0,0.0,42.35,65.35,0,0.0,0,0,18-APR-2022,
OPTSTK,INDIACEM,26-May-2022,155.0,CE,0.0,0.0,0.0,40.55,62.95,0,0.0,0,0,18-APR-2022,
OPTSTK,INDIACEM,26-May-2022,157.5,CE,0.0,0.0,0.0,38.8,60.55,0,0.0,0,0,18-APR-2022,
OPTSTK,INDIACEM,26-May-2022,160.0,CE,0.0,0.0,0.0,37.05,58.15,0,0.0,0,0,18-APR-2022,
OPTSTK,INDIACEM,26-May-2022,162.5,CE,0.0,0.0,0.0,35.4,55.8,0,0.0,0,0,18-APR-2022,
OPTSTK,INDIACEM,26-May-2022,165.0,CE,0.0,0.0,0.0,33.8,53.5,0,0.0,0,0,18-APR-2022,
OPTSTK,INDIACEM,26-May-2022,167.5,CE,0.0,0.0,0.0,32.25,51.2,0,0.0,0,0,18-APR-2022,
OPTSTK,INDIACEM,26-May-2022,170.0,CE,0.0,0.0,0.0,30.75,48.95,0,0.0,0,0,18-APR-2022,
OPTSTK,INDIACEM,26-May-2022,172.5,CE,0.0,0.0,0.0,29.3,46.75,0,0.0,0,0,18-APR-2022,
OPTSTK,INDIACEM,26-May-2022,175.0,CE,0.0,0.0,0.0,27.9,44.55,0,0.0,0,0,18-APR-2022,
OPTSTK,INDIACEM,26-May-2022,177.5,CE,0.0,0.0,0.0,26.55,42.4,0,0.0,0,0,18-APR-2022,
OPTSTK,INDIACEM,26-May-2022,180.0,CE,0.0,0.0,0.0,25.25,40.3,0,0.0,0,0,18-APR-2022,
OPTSTK,INDIACEM,26-May-2022,182.5,CE,0.0,0.0,0.0,24.0,38.25,0,0.0,0,0,18-APR-2022,
OPTSTK,INDIACEM,26-May-2022,185.0,CE,0.0,0.0,0.0,22.8,36.25,0,0.0,0,0,18-APR-2022,
OPTSTK,INDIACEM,26-May-2022,187.5,CE,0.0,0.0,0.0,21.65,34.3,0,0.0,0,0,18-APR-2022,
OPTSTK,INDIACEM,26-May-2022,190.0,CE,0.0,0.0,0.0,20.55,32.4,0,0.0,0,0,18-APR-2022,
OPTSTK,INDIACEM,26-May-2022,192.5,CE,0.0,0.0,0.0,19.45,30.6,0,0.0,0,0,18-APR-2022,
OPTSTK,INDIACEM,26-May-2022,195.0,CE,0.0,0.0,0.0,18.45,28.8,0,0.0,0,0,18-APR-2022,
OPTSTK,INDIACEM,26-May-2022,197.5,CE,0.0,0.0,0.0,17.5,27.1,0,0.0,0,0,18-APR-2022,
OPTSTK,INDIACEM,26-May-2022,200.0,CE,0.0,0.0,0.0,16.55,25.45,0,0.0,0,0,18-APR-2022,
OPTSTK,INDIACEM,26-May-2022,202.5,CE,0.0,0.0,0.0,15.65,23.85,0,0.0,0,0,18-APR-2022,
OPTSTK,INDIACEM,26-May-2022,205.0,CE,0.0,0.0,0.0,14.8,22.35,0,0.0,0,0,18-APR-2022,
OPTSTK,INDIACEM,26-May-2022,207.5,CE,0.0,0.0,0.0,14.0,20.9,0,0.0,0,0,18-APR-2022,
OPTSTK,INDIACEM,26-May-2022,210.0,CE,0.0,0.0,0.0,13.2,19.5,0,0.0,0,0,18-APR-2022,
OPTSTK,INDIACEM,26-May-2022,212.5,CE,0.0,0.0,0.0,12.5,18.2,0,0.0,0,0,18-APR-2022,
OPTSTK,INDIACEM,26-May-2022,215.0,CE,0.0,0.0,0.0,11.8,16.9,0,0.0,0,0,18-APR-2022,
OPTSTK,INDIACEM,26-May-2022,217.5,CE,0.0,0.0,0.0,11.1,15.7,0,0.0,0,0,18-APR-2022,
OPTSTK,INDIACEM,26-May-2022,220.0,CE,0.0,0.0,0.0,18.0,14.6,0,0.0,8700,0,18-APR-2022,
OPTSTK,INDIACEM,26-May-2022,222.5,CE,0.0,0.0,0.0,9.9,13.5,0,0.0,0,0,18-APR-2022,
OPTSTK,INDIACEM,26-May-2022,225.0,CE,0.0,0.0,0.0,9.35,12.5,0,0.0,0,0,18-APR-2022,
OPTSTK,INDIACEM,26-May-2022,227.5,CE,0.0,0.0,0.0,8.8,11.55,0,0.0,0,0,18-APR-2022,
OPTSTK,INDIACEM,26-May-2022,230.0,CE,8.95,9.1,8.3,8.9,8.9,6,41.54,40600,2900,18-APR-2022,
OPTSTK,INDIACEM,26-May-2022,232.5,CE,0.0,0.0,0.0,7.8,9.85,0,0.0,0,0,18-APR-2022,
OPTSTK,INDIACEM,26-May-2022,235.0,CE,7.25,7.35,7.25,7.35,9.05,2,14.05,5800,2900,18-APR-2022,
OPTSTK,INDIACEM,26-May-2022,237.5,CE,0.0,0.0,0.0,6.9,8.3,0,0.0,0,0,18-APR-2022,
OPTSTK,INDIACEM,26-May-2022,240.0,CE,0.0,0.0,0.0,8.15,7.65,0,0.0,2900,0,18-APR-2022,
OPTSTK,INDIACEM,26-May-2022,242.5,CE,0.0,0.0,0.0,6.1,7.0,0,0.0,0,0,18-APR-2022,
OPTSTK,INDIACEM,26-May-2022,245.0,CE,0.0,0.0,0.0,5.75,6.4,0,0.0,0,0,18-APR-2022,
OPTSTK,INDIACEM,26-May-2022,247.5,CE,0.0,0.0,0.0,5.4,5.9,0,0.0,0,0,18-APR-2022,
OPTSTK,INDIACEM,26-May-2022,250.0,CE,0.0,0.0,0.0,5.05,5.35,0,0.0,0,0,18-APR-2022,
OPTSTK,INDIACEM,26-May-2022,252.5,CE,0.0,0.0,0.0,4.75,4.9,0,0.0,0,0,18-APR-2022,
OPTSTK,INDIACEM,26-May-2022,255.0,CE,0.0,0.0,0.0,4.45,4.45,0,0.0,0,0,18-APR-2022,
OPTSTK,INDIACEM,26-May-2022,257.5,CE,0.0,0.0,0.0,4.2,4.05,0,0.0,0,0,18-APR-2022,
OPTSTK,INDIACEM,26-May-2022,260.0,CE,0.0,0.0,0.0,3.95,3.7,0,0.0,0,0,18-APR-2022,
OPTSTK,INDIACEM,26-May-2022,262.5,CE,0.0,0.0,0.0,1.0,3.35,0,0.0,0,0,18-APR-2022,
OPTSTK,INDIACEM,26-May-2022,265.0,CE,0.0,0.0,0.0,3.45,3.05,0,0.0,0,0,18-APR-2022,
OPTSTK,INDIACEM,26-May-2022,267.5,CE,0.0,0.0,0.0,3.25,2.75,0,0.0,0,0,18-APR-2022,
OPTSTK,INDIACEM,26-May-2022,270.0,CE,0.0,0.0,0.0,4.65,2.5,0,0.0,0,0,18-APR-2022,
OPTSTK,INDIACEM,26-May-2022,275.0,CE,0.0,0.0,0.0,4.15,2.05,0,0.0,0,0,18-APR-2022,
OPTSTK,INDIACEM,26-May-2022,140.0,PE,0.0,0.0,0.0,3.25,0.1,0,0.0,0,0,18-APR-2022,
OPTSTK,INDIACEM,26-May-2022,142.5,PE,0.0,0.0,0.0,3.7,0.1,0,0.0,0,0,18-APR-2022,
OPTSTK,INDIACEM,26-May-2022,145.0,PE,0.0,0.0,0.0,4.2,0.15,0,0.0,0,0,18-APR-2022,
OPTSTK,INDIACEM,26-May-2022,147.5,PE,0.0,0.0,0.0,4.7,0.2,0,0.0,0,0,18-APR-2022,
OPTSTK,INDIACEM,26-May-2022,150.0,PE,0.0,0.0,0.0,5.3,0.25,0,0.0,0,0,18-APR-2022,
OPTSTK,INDIACEM,26-May-2022,152.5,PE,0.0,0.0,0.0,5.95,0.3,0,0.0,0,0,18-APR-2022,
OPTSTK,INDIACEM,26-May-2022,155.0,PE,0.0,0.0,0.0,6.6,0.4,0,0.0,0,0,18-APR-2022,
OPTSTK,INDIACEM,26-May-2022,157.5,PE,0.0,0.0,0.0,7.35,0.5,0,0.0,0,0,18-APR-2022,
OPTSTK,INDIACEM,26-May-2022,160.0,PE,0.0,0.0,0.0,8.1,0.6,0,0.0,0,0,18-APR-2022,
OPTSTK,INDIACEM,26-May-2022,162.5,PE,0.0,0.0,0.0,8.9,0.75,0,0.0,0,0,18-APR-2022,
OPTSTK,INDIACEM,26-May-2022,165.0,PE,0.0,0.0,0.0,9.8,0.95,0,0.0,0,0,18-APR-2022,
OPTSTK,INDIACEM,26-May-2022,167.5,PE,0.0,0.0,0.0,10.7,1.1,0,0.0,0,0,18-APR-2022,
OPTSTK,INDIACEM,26-May-2022,170.0,PE,0.0,0.0,0.0,11.7,1.35,0,0.0,0,0,18-APR-2022,
OPTSTK,INDIACEM,26-May-2022,172.5,PE,0.0,0.0,0.0,12.7,1.6,0,0.0,0,0,18-APR-2022,
OPTSTK,INDIACEM,26-May-2022,175.0,PE,0.0,0.0,0.0,13.8,1.95,0,0.0,0,0,18-APR-2022,
OPTSTK,INDIACEM,26-May-2022,177.5,PE,0.0,0.0,0.0,14.9,2.25,0,0.0,0,0,18-APR-2022,
OPTSTK,INDIACEM,26-May-2022,180.0,PE,0.0,0.0,0.0,16.05,2.65,0,0.0,0,0,18-APR-2022,
OPTSTK,INDIACEM,26-May-2022,182.5,PE,0.0,0.0,0.0,17.3,3.1,0,0.0,0,0,18-APR-2022,
OPTSTK,INDIACEM,26-May-2022,185.0,PE,0.0,0.0,0.0,18.55,3.6,0,0.0,0,0,18-APR-2022,
OPTSTK,INDIACEM,26-May-2022,187.5,PE,0.0,0.0,0.0,19.9,4.15,0,0.0,0,0,18-APR-2022,
OPTSTK,INDIACEM,26-May-2022,190.0,PE,2.15,2.15,2.15,2.15,4.75,1,5.57,2900,2900,18-APR-2022,
OPTSTK,INDIACEM,26-May-2022,192.5,PE,0.0,0.0,0.0,22.65,5.4,0,0.0,0,0,18-APR-2022,
OPTSTK,INDIACEM,26-May-2022,195.0,PE,0.0,0.0,0.0,5.85,6.1,0,0.0,2900,0,18-APR-2022,
OPTSTK,INDIACEM,26-May-2022,197.5,PE,0.0,0.0,0.0,25.6,6.85,0,0.0,0,0,18-APR-2022,
OPTSTK,INDIACEM,26-May-2022,200.0,PE,4.25,4.25,4.25,4.25,7.7,1,5.92,2900,2900,18-APR-2022,
OPTSTK,INDIACEM,26-May-2022,202.5,PE,0.0,0.0,0.0,28.75,8.6,0,0.0,0,0,18-APR-2022,
OPTSTK,INDIACEM,26-May-2022,205.0,PE,0.0,0.0,0.0,30.35,9.6,0,0.0,0,0,18-APR-2022,
OPTSTK,INDIACEM,26-May-2022,207.5,PE,0.0,0.0,0.0,32.05,10.6,0,0.0,0,0,18-APR-2022,
OPTSTK,INDIACEM,26-May-2022,210.0,PE,0.0,0.0,0.0,6.0,11.75,0,0.0,2900,0,18-APR-2022,
OPTSTK,INDIACEM,26-May-2022,212.5,PE,0.0,0.0,0.0,35.45,12.9,0,0.0,0,0,18-APR-2022,
OPTSTK,INDIACEM,26-May-2022,215.0,PE,11.0,11.0,9.55,10.35,14.1,4,26.15,8700,8700,18-APR-2022,
OPTSTK,INDIACEM,26-May-2022,217.5,PE,0.0,0.0,0.0,39.05,15.4,0,0.0,0,0,18-APR-2022,
OPTSTK,INDIACEM,26-May-2022,220.0,PE,0.0,0.0,0.0,40.9,16.75,0,0.0,0,0,18-APR-2022,
OPTSTK,INDIACEM,26-May-2022,222.5,PE,0.0,0.0,0.0,42.75,18.2,0,0.0,0,0,18-APR-2022,
OPTSTK,INDIACEM,26-May-2022,225.0,PE,0.0,0.0,0.0,44.7,19.65,0,0.0,0,0,18-APR-2022,
OPTSTK,INDIACEM,26-May-2022,227.5,PE,0.0,0.0,0.0,46.6,21.2,0,0.0,0,0,18-APR-2022,
OPTSTK,INDIACEM,26-May-2022,230.0,PE,0.0,0.0,0.0,17.0,22.8,0,0.0,2900,0,18-APR-2022,
OPTSTK,INDIACEM,26-May-2022,232.5,PE,0.0,0.0,0.0,50.55,24.45,0,0.0,0,0,18-APR-2022,
OPTSTK,INDIACEM,26-May-2022,235.0,PE,0.0,0.0,0.0,52.6,26.15,0,0.0,0,0,18-APR-2022,
OPTSTK,INDIACEM,26-May-2022,237.5,PE,0.0,0.0,0.0,54.6,27.9,0,0.0,0,0,18-APR-2022,
OPTSTK,INDIACEM,26-May-2022,240.0,PE,0.0,0.0,0.0,56.7,29.75,0,0.0,0,0,18-APR-2022,
OPTSTK,INDIACEM,26-May-2022,242.5,PE,0.0,0.0,0.0,58.75,31.6,0,0.0,0,0,18-APR-2022,
OPTSTK,INDIACEM,26-May-2022,245.0,PE,0.0,0.0,0.0,60.85,33.5,0,0.0,0,0,18-APR-2022,
OPTSTK,INDIACEM,26-May-2022,247.5,PE,0.0,0.0,0.0,63.0,35.45,0,0.0,0,0,18-APR-2022,
OPTSTK,INDIACEM,26-May-2022,250.0,PE,0.0,0.0,0.0,65.15,37.4,0,0.0,0,0,18-APR-2022,
OPTSTK,INDIACEM,26-May-2022,252.5,PE,0.0,0.0,0.0,67.3,39.45,0,0.0,0,0,18-APR-2022,
OPTSTK,INDIACEM,26-May-2022,255.0,PE,0.0,0.0,0.0,69.5,41.5,0,0.0,0,0,18-APR-2022,
OPTSTK,INDIACEM,26-May-2022,257.5,PE,0.0,0.0,0.0,71.7,43.55,0,0.0,0,0,18-APR-2022,
OPTSTK,INDIACEM,26-May-2022,260.0,PE,0.0,0.0,0.0,73.9,45.7,0,0.0,0,0,18-APR-2022,
OPTSTK,INDIACEM,26-May-2022,262.5,PE,0.0,0.0,0.0,76.15,47.85,0,0.0,0,0,18-APR-2022,
OPTSTK,INDIACEM,26-May-2022,265.0,PE,0.0,0.0,0.0,78.4,50.0,0,0.0,0,0,18-APR-2022,
OPTSTK,INDIACEM,26-May-2022,267.5,PE,0.0,0.0,0.0,80.65,52.25,0,0.0,0,0,18-APR-2022,
OPTSTK,INDIACEM,26-May-2022,270.0,PE,0.0,0.0,0.0,74.95,54.45,0,0.0,0,0,18-APR-2022,
OPTSTK,INDIACEM,26-May-2022,275.0,PE,0.0,0.0,0.0,79.35,59.0,0,0.0,0,0,18-APR-2022,
OPTSTK,INDIACEM,30-Jun-2022,140.0,CE,0.0,0.0,0.0,72.5,78.7,0,0.0,0,0,18-APR-2022,
OPTSTK,INDIACEM,30-Jun-2022,145.0,CE,0.0,0.0,0.0,68.1,74.0,0,0.0,0,0,18-APR-2022,
OPTSTK,INDIACEM,30-Jun-2022,150.0,CE,0.0,0.0,0.0,63.8,69.4,0,0.0,0,0,18-APR-2022,
OPTSTK,INDIACEM,30-Jun-2022,155.0,CE,0.0,0.0,0.0,59.6,64.95,0,0.0,0,0,18-APR-2022,
OPTSTK,INDIACEM,30-Jun-2022,160.0,CE,0.0,0.0,0.0,55.55,60.55,0,0.0,0,0,18-APR-2022,
OPTSTK,INDIACEM,30-Jun-2022,165.0,CE,0.0,0.0,0.0,51.65,56.3,0,0.0,0,0,18-APR-2022,
OPTSTK,INDIACEM,30-Jun-2022,170.0,CE,0.0,0.0,0.0,47.95,52.2,0,0.0,0,0,18-APR-2022,
OPTSTK,INDIACEM,30-Jun-2022,175.0,CE,0.0,0.0,0.0,44.35,48.25,0,0.0,0,0,18-APR-2022,
OPTSTK,INDIACEM,30-Jun-2022,180.0,CE,0.0,0.0,0.0,41.0,44.5,0,0.0,0,0,18-APR-2022,
OPTSTK,INDIACEM,30-Jun-2022,185.0,CE,0.0,0.0,0.0,37.75,40.9,0,0.0,0,0,18-APR-2022,
OPTSTK,INDIACEM,30-Jun-2022,190.0,CE,0.0,0.0,0.0,34.7,37.5,0,0.0,0,0,18-APR-2022,
OPTSTK,INDIACEM,30-Jun-2022,195.0,CE,0.0,0.0,0.0,31.85,34.25,0,0.0,0,0,18-APR-2022,
OPTSTK,INDIACEM,30-Jun-2022,200.0,CE,0.0,0.0,0.0,29.2,31.2,0,0.0,0,0,18-APR-2022,
OPTSTK,INDIACEM,30-Jun-2022,205.0,CE,0.0,0.0,0.0,26.65,28.35,0,0.0,0,0,18-APR-2022,
OPTSTK,INDIACEM,30-Jun-2022,210.0,CE,0.0,0.0,0.0,24.35,25.7,0,0.0,0,0,18-APR-2022,
OPTSTK,INDIACEM,30-Jun-2022,215.0,CE,0.0,0.0,0.0,22.15,23.25,0,0.0,0,0,18-APR-2022,
OPTSTK,INDIACEM,30-Jun-2022,220.0,CE,0.0,0.0,0.0,20.15,21.0,0,0.0,0,0,18-APR-2022,
OPTSTK,INDIACEM,30-Jun-2022,225.0,CE,0.0,0.0,0.0,18.3,18.9,0,0.0,0,0,18-APR-2022,
OPTSTK,INDIACEM,30-Jun-2022,230.0,CE,0.0,0.0,0.0,16.6,16.95,0,0.0,0,0,18-APR-2022,
OPTSTK,INDIACEM,30-Jun-2022,235.0,CE,0.0,0.0,0.0,15.0,15.2,0,0.0,0,0,18-APR-2022,
OPTSTK,INDIACEM,30-Jun-2022,240.0,CE,0.0,0.0,0.0,13.55,13.6,0,0.0,0,0,18-APR-2022,
OPTSTK,INDIACEM,30-Jun-2022,245.0,CE,0.0,0.0,0.0,12.25,12.1,0,0.0,0,0,18-APR-2022,
OPTSTK,INDIACEM,30-Jun-2022,250.0,CE,0.0,0.0,0.0,11.05,10.8,0,0.0,0,0,18-APR-2022,
OPTSTK,INDIACEM,30-Jun-2022,255.0,CE,0.0,0.0,0.0,9.95,9.6,0,0.0,0,0,18-APR-2022,
OPTSTK,INDIACEM,30-Jun-2022,260.0,CE,0.0,0.0,0.0,8.95,8.55,0,0.0,0,0,18-APR-2022,
OPTSTK,INDIACEM,30-Jun-2022,265.0,CE,0.0,0.0,0.0,8.05,7.55,0,0.0,0,0,18-APR-2022,
OPTSTK,INDIACEM,30-Jun-2022,270.0,CE,0.0,0.0,0.0,7.2,6.7,0,0.0,0,0,18-APR-2022,
OPTSTK,INDIACEM,30-Jun-2022,275.0,CE,0.0,0.0,0.0,6.45,5.9,0,0.0,0,0,18-APR-2022,
OPTSTK,INDIACEM,30-Jun-2022,140.0,PE,0.0,0.0,0.0,1.55,0.65,0,0.0,0,0,18-APR-2022,
OPTSTK,INDIACEM,30-Jun-2022,145.0,PE,0.0,0.0,0.0,2.05,0.95,0,0.0,0,0,18-APR-2022,
OPTSTK,INDIACEM,30-Jun-2022,150.0,PE,0.0,0.0,0.0,2.7,1.3,0,0.0,0,0,18-APR-2022,
OPTSTK,INDIACEM,30-Jun-2022,155.0,PE,0.0,0.0,0.0,3.45,1.75,0,0.0,0,0,18-APR-2022,
OPTSTK,INDIACEM,30-Jun-2022,160.0,PE,0.0,0.0,0.0,4.35,2.35,0,0.0,0,0,18-APR-2022,
OPTSTK,INDIACEM,30-Jun-2022,165.0,PE,0.0,0.0,0.0,5.45,3.05,0,0.0,0,0,18-APR-2022,
OPTSTK,INDIACEM,30-Jun-2022,170.0,PE,0.0,0.0,0.0,6.65,3.9,0,0.0,0,0,18-APR-2022,
OPTSTK,INDIACEM,30-Jun-2022,175.0,PE,0.0,0.0,0.0,8.05,4.95,0,0.0,0,0,18-APR-2022,
OPTSTK,INDIACEM,30-Jun-2022,180.0,PE,0.0,0.0,0.0,9.6,6.1,0,0.0,0,0,18-APR-2022,
OPTSTK,INDIACEM,30-Jun-2022,185.0,PE,0.0,0.0,0.0,11.3,7.5,0,0.0,0,0,18-APR-2022,
OPTSTK,INDIACEM,30-Jun-2022,190.0,PE,0.0,0.0,0.0,13.2,9.0,0,0.0,0,0,18-APR-2022,
OPTSTK,INDIACEM,30-Jun-2022,195.0,PE,0.0,0.0,0.0,15.3,10.75,0,0.0,0,0,18-APR-2022,
OPTSTK,INDIACEM,30-Jun-2022,200.0,PE,0.0,0.0,0.0,17.6,12.65,0,0.0,0,0,18-APR-2022,
OPTSTK,INDIACEM,30-Jun-2022,205.0,PE,0.0,0.0,0.0,20.0,14.8,0,0.0,0,0,18-APR-2022,
OPTSTK,INDIACEM,30-Jun-2022,210.0,PE,0.0,0.0,0.0,22.65,17.1,0,0.0,0,0,18-APR-2022,
OPTSTK,INDIACEM,30-Jun-2022,215.0,PE,0.0,0.0,0.0,25.4,19.6,0,0.0,0,0,18-APR-2022,
OPTSTK,INDIACEM,30-Jun-2022,220.0,PE,0.0,0.0,0.0,28.35,22.25,0,0.0,0,0,18-APR-2022,
OPTSTK,INDIACEM,30-Jun-2022,225.0,PE,0.0,0.0,0.0,31.45,25.15,0,0.0,0,0,18-APR-2022,
OPTSTK,INDIACEM,30-Jun-2022,230.0,PE,0.0,0.0,0.0,34.65,28.15,0,0.0,0,0,18-APR-2022,
OPTSTK,INDIACEM,30-Jun-2022,235.0,PE,0.0,0.0,0.0,38.05,31.35,0,0.0,0,0,18-APR-2022,
OPTSTK,INDIACEM,30-Jun-2022,240.0,PE,0.0,0.0,0.0,41.55,34.7,0,0.0,0,0,18-APR-2022,
OPTSTK,INDIACEM,30-Jun-2022,245.0,PE,0.0,0.0,0.0,45.15,38.2,0,0.0,0,0,18-APR-2022,
OPTSTK,INDIACEM,30-Jun-2022,250.0,PE,0.0,0.0,0.0,48.9,41.85,0,0.0,0,0,18-APR-2022,
OPTSTK,INDIACEM,30-Jun-2022,255.0,PE,0.0,0.0,0.0,52.75,45.6,0,0.0,0,0,18-APR-2022,
OPTSTK,INDIACEM,30-Jun-2022,260.0,PE,0.0,0.0,0.0,56.7,49.5,0,0.0,0,0,18-APR-2022,
OPTSTK,INDIACEM,30-Jun-2022,265.0,PE,0.0,0.0,0.0,60.75,53.45,0,0.0,0,0,18-APR-2022,
OPTSTK,INDIACEM,30-Jun-2022,270.0,PE,0.0,0.0,0.0,64.9,57.55,0,0.0,0,0,18-APR-2022,
OPTSTK,INDIACEM,30-Jun-2022,275.0,PE,0.0,0.0,0.0,69.1,61.75,0,0.0,0,0,18-APR-2022,
OPTSTK,INDIAMART,28-Apr-2022,2500.0,CE,0.0,0.0,0.0,2097.0,2358.9,0,0.0,0,0,18-APR-2022,
OPTSTK,INDIAMART,28-Apr-2022,2600.0,CE,0.0,0.0,0.0,2001.1,2259.0,0,0.0,0,0,18-APR-2022,
OPTSTK,INDIAMART,28-Apr-2022,2700.0,CE,0.0,0.0,0.0,1906.25,2159.1,0,0.0,0,0,18-APR-2022,
OPTSTK,INDIAMART,28-Apr-2022,2800.0,CE,0.0,0.0,0.0,1812.6,2059.2,0,0.0,0,0,18-APR-2022,
OPTSTK,INDIAMART,28-Apr-2022,2900.0,CE,0.0,0.0,0.0,1720.4,1959.35,0,0.0,0,0,18-APR-2022,
OPTSTK,INDIAMART,28-Apr-2022,3000.0,CE,0.0,0.0,0.0,1629.9,1859.45,0,0.0,0,0,18-APR-2022,
OPTSTK,INDIAMART,28-Apr-2022,3100.0,CE,0.0,0.0,0.0,1541.25,1759.55,0,0.0,0,0,18-APR-2022,
OPTSTK,INDIAMART,28-Apr-2022,3200.0,CE,0.0,0.0,0.0,1454.7,1659.65,0,0.0,0,0,18-APR-2022,
OPTSTK,INDIAMART,28-Apr-2022,3300.0,CE,0.0,0.0,0.0,1370.45,1559.8,0,0.0,0,0,18-APR-2022,
OPTSTK,INDIAMART,28-Apr-2022,3400.0,CE,0.0,0.0,0.0,1288.7,1459.9,0,0.0,0,0,18-APR-2022,
OPTSTK,INDIAMART,28-Apr-2022,3500.0,CE,0.0,0.0,0.0,1209.55,1360.05,0,0.0,0,0,18-APR-2022,
OPTSTK,INDIAMART,28-Apr-2022,3600.0,CE,0.0,0.0,0.0,1133.2,1260.2,0,0.0,0,0,18-APR-2022,
OPTSTK,INDIAMART,28-Apr-2022,3700.0,CE,0.0,0.0,0.0,1059.95,1160.5,0,0.0,0,0,18-APR-2022,
OPTSTK,INDIAMART,28-Apr-2022,3800.0,CE,0.0,0.0,0.0,989.5,1061.0,0,0.0,0,0,18-APR-2022,
OPTSTK,INDIAMART,28-Apr-2022,3900.0,CE,0.0,0.0,0.0,922.15,962.0,0,0.0,0,0,18-APR-2022,
OPTSTK,INDIAMART,28-Apr-2022,4000.0,CE,0.0,0.0,0.0,921.35,863.85,0,0.0,450,0,18-APR-2022,
OPTSTK,INDIAMART,28-Apr-2022,4100.0,CE,0.0,0.0,0.0,796.8,767.15,0,0.0,0,0,18-APR-2022,
OPTSTK,INDIAMART,28-Apr-2022,4200.0,CE,0.0,0.0,0.0,739.0,672.75,0,0.0,0,0,18-APR-2022,
OPTSTK,INDIAMART,28-Apr-2022,4300.0,CE,0.0,0.0,0.0,684.35,581.7,0,0.0,0,0,18-APR-2022,
OPTSTK,INDIAMART,28-Apr-2022,4400.0,CE,0.0,0.0,0.0,560.4,495.15,0,0.0,1650,0,18-APR-2022,
OPTSTK,INDIAMART,28-Apr-2022,4500.0,CE,400.75,400.75,383.4,383.4,414.35,2,7.33,7725,75,18-APR-2022,
OPTSTK,INDIAMART,28-Apr-2022,4600.0,CE,283.05,342.25,283.05,342.25,340.4,7,25.86,3600,75,18-APR-2022,
OPTSTK,INDIAMART,28-Apr-2022,4700.0,CE,241.85,274.95,239.95,239.95,274.35,12,44.68,6450,150,18-APR-2022,
OPTSTK,INDIAMART,28-Apr-2022,4800.0,CE,219.4,219.4,155.0,207.0,207.0,33,123.3,7350,1125,18-APR-2022,
OPTSTK,INDIAMART,28-Apr-2022,4900.0,CE,85.7,166.6,85.7,131.65,131.65,49,184.93,6225,-600,18-APR-2022,
OPTSTK,INDIAMART,28-Apr-2022,5000.0,CE,85.95,124.7,76.85,103.35,103.35,396,1515.56,31425,900,18-APR-2022,
OPTSTK,INDIAMART,28-Apr-2022,5100.0,CE,99.05,99.05,51.45,74.0,74.0,205,795.28,22725,-825,18-APR-2022,
OPTSTK,INDIAMART,28-Apr-2022,5200.0,CE,40.45,71.05,40.45,53.1,53.1,288,1135.24,33450,-1500,18-APR-2022,
OPTSTK,INDIAMART,28-Apr-2022,5300.0,CE,15.75,52.8,15.75,39.05,39.05,115,460.74,20400,-1275,18-APR-2022,
OPTSTK,INDIAMART,28-Apr-2022,5400.0,CE,35.0,39.85,29.15,35.0,33.95,38,154.91,11175,-975,18-APR-2022,
OPTSTK,INDIAMART,28-Apr-2022,5500.0,CE,20.85,29.9,20.05,21.8,21.8,292,1209.75,53250,-2325,18-APR-2022,
OPTSTK,INDIAMART,28-Apr-2022,5600.0,CE,20.0,29.95,13.3,17.95,15.5,22,92.71,8925,-150,18-APR-2022,
OPTSTK,INDIAMART,28-Apr-2022,5700.0,CE,15.5,15.5,11.9,13.0,10.15,6,25.71,2025,-75,18-APR-2022,
OPTSTK,INDIAMART,28-Apr-2022,5800.0,CE,12.0,12.8,10.0,10.0,6.55,30,130.75,2700,-375,18-APR-2022,
OPTSTK,INDIAMART,28-Apr-2022,5900.0,CE,7.3,15.0,5.55,8.0,4.15,12,53.17,3225,-225,18-APR-2022,
OPTSTK,INDIAMART,28-Apr-2022,6000.0,CE,7.05,8.55,5.05,6.25,6.25,221,995.53,57525,-3825,18-APR-2022,
OPTSTK,INDIAMART,28-Apr-2022,6100.0,CE,0.0,0.0,0.0,140.45,1.6,0,0.0,0,0,18-APR-2022,
OPTSTK,INDIAMART,28-Apr-2022,6200.0,CE,0.0,0.0,0.0,6.2,0.95,0,0.0,1275,0,18-APR-2022,
OPTSTK,INDIAMART,28-Apr-2022,6300.0,CE,0.0,0.0,0.0,115.8,0.55,0,0.0,0,0,18-APR-2022,
OPTSTK,INDIAMART,28-Apr-2022,6400.0,CE,0.0,0.0,0.0,105.05,0.35,0,0.0,0,0,18-APR-2022,
OPTSTK,INDIAMART,28-Apr-2022,6500.0,CE,2.8,6.95,2.5,2.75,2.75,18,87.79,11475,-1050,18-APR-2022,
OPTSTK,INDIAMART,28-Apr-2022,6600.0,CE,0.0,0.0,0.0,86.3,0.1,0,0.0,0,0,18-APR-2022,
OPTSTK,INDIAMART,28-Apr-2022,6700.0,CE,0.0,0.0,0.0,78.15,0.1,0,0.0,0,0,18-APR-2022,
OPTSTK,INDIAMART,28-Apr-2022,6800.0,CE,0.0,0.0,0.0,70.75,0.05,0,0.0,0,0,18-APR-2022,
OPTSTK,INDIAMART,28-Apr-2022,6900.0,CE,0.0,0.0,0.0,64.05,0.05,0,0.0,0,0,18-APR-2022,
OPTSTK,INDIAMART,28-Apr-2022,7000.0,CE,0.0,0.0,0.0,57.95,0.05,0,0.0,0,0,18-APR-2022,
OPTSTK,INDIAMART,28-Apr-2022,7100.0,CE,0.0,0.0,0.0,52.4,0.0,0,0.0,0,0,18-APR-2022,
OPTSTK,INDIAMART,28-Apr-2022,7200.0,CE,0.0,0.0,0.0,47.35,0.0,0,0.0,0,0,18-APR-2022,
OPTSTK,INDIAMART,28-Apr-2022,7300.0,CE,0.0,0.0,0.0,42.8,0.0,0,0.0,0,0,18-APR-2022,
OPTSTK,INDIAMART,28-Apr-2022,7400.0,CE,0.0,0.0,0.0,38.65,0.0,0,0.0,0,0,18-APR-2022,
OPTSTK,INDIAMART,28-Apr-2022,7500.0,CE,0.0,0.0,0.0,34.9,0.0,0,0.0,0,0,18-APR-2022,
OPTSTK,INDIAMART,28-Apr-2022,7600.0,CE,0.0,0.0,0.0,31.5,0.0,0,0.0,0,0,18-APR-2022,
OPTSTK,INDIAMART,28-Apr-2022,2500.0,PE,0.0,0.0,0.0,6.7,0.0,0,0.0,0,0,18-APR-2022,
OPTSTK,INDIAMART,28-Apr-2022,2600.0,PE,0.0,0.0,0.0,9.75,0.0,0,0.0,0,0,18-APR-2022,
OPTSTK,INDIAMART,28-Apr-2022,2700.0,PE,0.0,0.0,0.0,13.85,0.0,0,0.0,0,0,18-APR-2022,
OPTSTK,INDIAMART,28-Apr-2022,2800.0,PE,0.0,0.0,0.0,19.2,0.0,0,0.0,0,0,18-APR-2022,
OPTSTK,INDIAMART,28-Apr-2022,2900.0,PE,0.0,0.0,0.0,25.95,0.0,0,0.0,0,0,18-APR-2022,
OPTSTK,INDIAMART,28-Apr-2022,3000.0,PE,0.0,0.0,0.0,34.4,0.0,0,0.0,0,0,18-APR-2022,
OPTSTK,INDIAMART,28-Apr-2022,3100.0,PE,0.0,0.0,0.0,44.7,0.0,0,0.0,0,0,18-APR-2022,
OPTSTK,INDIAMART,28-Apr-2022,3200.0,PE,0.0,0.0,0.0,57.1,0.0,0,0.0,0,0,18-APR-2022,
OPTSTK,INDIAMART,28-Apr-2022,3300.0,PE,0.0,0.0,0.0,71.8,0.0,0,0.0,0,0,18-APR-2022,
OPTSTK,INDIAMART,28-Apr-2022,3400.0,PE,0.0,0.0,0.0,89.0,0.05,0,0.0,0,0,18-APR-2022,
OPTSTK,INDIAMART,28-Apr-2022,3500.0,PE,0.0,0.0,0.0,1.0,0.05,0,0.0,975,0,18-APR-2022,
OPTSTK,INDIAMART,28-Apr-2022,3600.0,PE,0.0,0.0,0.0,7.5,0.1,0,0.0,75,0,18-APR-2022,
OPTSTK,INDIAMART,28-Apr-2022,3700.0,PE,0.0,0.0,0.0,13.0,0.3,0,0.0,300,0,18-APR-2022,
OPTSTK,INDIAMART,28-Apr-2022,3800.0,PE,0.0,0.0,0.0,20.3,0.7,0,0.0,375,0,18-APR-2022,
OPTSTK,INDIAMART,28-Apr-2022,3900.0,PE,0.0,0.0,0.0,8.05,1.55,0,0.0,375,0,18-APR-2022,
OPTSTK,INDIAMART,28-Apr-2022,4000.0,PE,8.1,8.95,6.8,7.15,3.3,30,90.17,9975,-300,18-APR-2022,
OPTSTK,INDIAMART,28-Apr-2022,4100.0,PE,15.55,15.55,15.55,15.55,15.55,1,3.08,75,75,18-APR-2022,
OPTSTK,INDIAMART,28-Apr-2022,4200.0,PE,0.0,0.0,0.0,17.15,11.95,0,0.0,3375,0,18-APR-2022,
OPTSTK,INDIAMART,28-Apr-2022,4300.0,PE,29.95,29.95,29.95,29.95,20.8,3,9.74,1950,-150,18-APR-2022,
OPTSTK,INDIAMART,28-Apr-2022,4400.0,PE,35.0,94.85,35.0,50.8,34.15,3,10.03,2625,75,18-APR-2022,
OPTSTK,INDIAMART,28-Apr-2022,4500.0,PE,60.0,68.9,46.3,49.85,49.85,80,273.3,11025,-450,18-APR-2022,
OPTSTK,INDIAMART,28-Apr-2022,4600.0,PE,96.75,125.6,62.7,75.65,75.65,54,189.76,4650,-225,18-APR-2022,
OPTSTK,INDIAMART,28-Apr-2022,4700.0,PE,110.0,127.1,95.0,96.0,96.0,48,172.99,5775,-1200,18-APR-2022,
OPTSTK,INDIAMART,28-Apr-2022,4800.0,PE,170.0,200.0,129.0,137.15,137.15,100,371.8,12525,-2100,18-APR-2022,
OPTSTK,INDIAMART,28-Apr-2022,4900.0,PE,275.0,275.0,183.95,186.0,186.0,13,49.87,4200,-225,18-APR-2022,
OPTSTK,INDIAMART,28-Apr-2022,5000.0,PE,270.0,286.95,239.95,262.25,265.35,6,23.66,18825,-150,18-APR-2022,
OPTSTK,INDIAMART,28-Apr-2022,5100.0,PE,329.65,359.8,289.5,323.0,323.0,8,32.58,5625,-300,18-APR-2022,
OPTSTK,INDIAMART,28-Apr-2022,5200.0,PE,444.6,444.6,402.85,414.5,406.75,3,12.64,1500,75,18-APR-2022,
OPTSTK,INDIAMART,28-Apr-2022,5300.0,PE,0.0,0.0,0.0,975.75,486.7,0,0.0,0,0,18-APR-2022,
OPTSTK,INDIAMART,28-Apr-2022,5400.0,PE,0.0,0.0,0.0,1049.5,571.8,0,0.0,0,0,18-APR-2022,
OPTSTK,INDIAMART,28-Apr-2022,5500.0,PE,0.0,0.0,0.0,611.4,660.95,0,0.0,150,0,18-APR-2022,
OPTSTK,INDIAMART,28-Apr-2022,5600.0,PE,0.0,0.0,0.0,1202.35,753.15,0,0.0,0,0,18-APR-2022,
OPTSTK,INDIAMART,28-Apr-2022,5700.0,PE,0.0,0.0,0.0,1281.45,847.7,0,0.0,0,0,18-APR-2022,
OPTSTK,INDIAMART,28-Apr-2022,5800.0,PE,0.0,0.0,0.0,1362.2,943.95,0,0.0,0,0,18-APR-2022,
OPTSTK,INDIAMART,28-Apr-2022,5900.0,PE,0.0,0.0,0.0,1444.2,1041.45,0,0.0,0,0,18-APR-2022,
OPTSTK,INDIAMART,28-Apr-2022,6000.0,PE,1140.0,1140.0,1140.0,1140.0,1139.8,1,5.35,225,75,18-APR-2022,
OPTSTK,INDIAMART,28-Apr-2022,6100.0,PE,0.0,0.0,0.0,1612.65,1238.65,0,0.0,0,0,18-APR-2022,
OPTSTK,INDIAMART,28-Apr-2022,6200.0,PE,0.0,0.0,0.0,1698.7,1337.95,0,0.0,0,0,18-APR-2022,
OPTSTK,INDIAMART,28-Apr-2022,6300.0,PE,0.0,0.0,0.0,1785.9,1437.45,0,0.0,0,0,18-APR-2022,
OPTSTK,INDIAMART,28-Apr-2022,6400.0,PE,0.0,0.0,0.0,1874.1,1537.1,0,0.0,0,0,18-APR-2022,
OPTSTK,INDIAMART,28-Apr-2022,6500.0,PE,0.0,0.0,0.0,1440.0,1636.85,0,0.0,375,0,18-APR-2022,
OPTSTK,INDIAMART,28-Apr-2022,6600.0,PE,0.0,0.0,0.0,2053.3,1736.65,0,0.0,0,0,18-APR-2022,
OPTSTK,INDIAMART,28-Apr-2022,6700.0,PE,0.0,0.0,0.0,2144.1,1836.5,0,0.0,0,0,18-APR-2022,
OPTSTK,INDIAMART,28-Apr-2022,6800.0,PE,0.0,0.0,0.0,2235.7,1936.35,0,0.0,0,0,18-APR-2022,
OPTSTK,INDIAMART,28-Apr-2022,6900.0,PE,0.0,0.0,0.0,2327.9,2036.2,0,0.0,0,0,18-APR-2022,
OPTSTK,INDIAMART,28-Apr-2022,7000.0,PE,0.0,0.0,0.0,2640.0,2136.1,0,0.0,75,0,18-APR-2022,
OPTSTK,INDIAMART,28-Apr-2022,7100.0,PE,0.0,0.0,0.0,2514.15,2236.0,0,0.0,0,0,18-APR-2022,
OPTSTK,INDIAMART,28-Apr-2022,7200.0,PE,0.0,0.0,0.0,2608.1,2335.85,0,0.0,0,0,18-APR-2022,
OPTSTK,INDIAMART,28-Apr-2022,7300.0,PE,0.0,0.0,0.0,2702.5,2435.75,0,0.0,0,0,18-APR-2022,
OPTSTK,INDIAMART,28-Apr-2022,7400.0,PE,0.0,0.0,0.0,2797.3,2535.65,0,0.0,0,0,18-APR-2022,
OPTSTK,INDIAMART,28-Apr-2022,7500.0,PE,0.0,0.0,0.0,2892.5,2635.55,0,0.0,0,0,18-APR-2022,
OPTSTK,INDIAMART,28-Apr-2022,7600.0,PE,0.0,0.0,0.0,2988.1,2735.4,0,0.0,0,0,18-APR-2022,
OPTSTK,INDIAMART,26-May-2022,2500.0,CE,0.0,0.0,0.0,2324.45,2367.15,0,0.0,0,0,18-APR-2022,
OPTSTK,INDIAMART,26-May-2022,2600.0,CE,0.0,0.0,0.0,2227.35,2267.6,0,0.0,0,0,18-APR-2022,
OPTSTK,INDIAMART,26-May-2022,2700.0,CE,0.0,0.0,0.0,2131.0,2168.15,0,0.0,0,0,18-APR-2022,
OPTSTK,INDIAMART,26-May-2022,2800.0,CE,0.0,0.0,0.0,2035.45,2068.7,0,0.0,0,0,18-APR-2022,
OPTSTK,INDIAMART,26-May-2022,2900.0,CE,0.0,0.0,0.0,1940.95,1969.45,0,0.0,0,0,18-APR-2022,
OPTSTK,INDIAMART,26-May-2022,3000.0,CE,0.0,0.0,0.0,1847.75,1870.35,0,0.0,0,0,18-APR-2022,
OPTSTK,INDIAMART,26-May-2022,3100.0,CE,0.0,0.0,0.0,1755.95,1771.55,0,0.0,0,0,18-APR-2022,
OPTSTK,INDIAMART,26-May-2022,3200.0,CE,0.0,0.0,0.0,1665.8,1673.25,0,0.0,0,0,18-APR-2022,
OPTSTK,INDIAMART,26-May-2022,3300.0,CE,0.0,0.0,0.0,1577.5,1575.55,0,0.0,0,0,18-APR-2022,
OPTSTK,INDIAMART,26-May-2022,3400.0,CE,0.0,0.0,0.0,1491.25,1478.8,0,0.0,0,0,18-APR-2022,
OPTSTK,INDIAMART,26-May-2022,3500.0,CE,0.0,0.0,0.0,1407.25,1383.15,0,0.0,0,0,18-APR-2022,
OPTSTK,INDIAMART,26-May-2022,3600.0,CE,0.0,0.0,0.0,1325.65,1289.0,0,0.0,0,0,18-APR-2022,
OPTSTK,INDIAMART,26-May-2022,3700.0,CE,0.0,0.0,0.0,1246.55,1196.65,0,0.0,0,0,18-APR-2022,
OPTSTK,INDIAMART,26-May-2022,3800.0,CE,0.0,0.0,0.0,1170.2,1106.55,0,0.0,0,0,18-APR-2022,
OPTSTK,INDIAMART,26-May-2022,3900.0,CE,0.0,0.0,0.0,1096.8,1019.0,0,0.0,0,0,18-APR-2022,
OPTSTK,INDIAMART,26-May-2022,4000.0,CE,0.0,0.0,0.0,1026.1,934.4,0,0.0,0,0,18-APR-2022,
OPTSTK,INDIAMART,26-May-2022,4100.0,CE,0.0,0.0,0.0,958.4,853.15,0,0.0,0,0,18-APR-2022,
OPTSTK,INDIAMART,26-May-2022,4200.0,CE,0.0,0.0,0.0,893.55,775.5,0,0.0,0,0,18-APR-2022,
OPTSTK,INDIAMART,26-May-2022,4300.0,CE,0.0,0.0,0.0,832.05,701.9,0,0.0,0,0,18-APR-2022,
OPTSTK,INDIAMART,26-May-2022,4400.0,CE,0.0,0.0,0.0,773.55,632.1,0,0.0,0,0,18-APR-2022,
OPTSTK,INDIAMART,26-May-2022,4500.0,CE,0.0,0.0,0.0,718.15,566.95,0,0.0,0,0,18-APR-2022,
OPTSTK,INDIAMART,26-May-2022,4600.0,CE,0.0,0.0,0.0,665.75,506.25,0,0.0,0,0,18-APR-2022,
OPTSTK,INDIAMART,26-May-2022,4700.0,CE,0.0,0.0,0.0,616.3,450.0,0,0.0,0,0,18-APR-2022,
OPTSTK,INDIAMART,26-May-2022,4800.0,CE,0.0,0.0,0.0,569.8,398.3,0,0.0,0,0,18-APR-2022,
OPTSTK,INDIAMART,26-May-2022,4900.0,CE,0.0,0.0,0.0,526.1,351.0,0,0.0,0,0,18-APR-2022,
OPTSTK,INDIAMART,26-May-2022,5000.0,CE,280.8,295.0,248.0,279.8,279.8,24,94.96,1500,75,18-APR-2022,
OPTSTK,INDIAMART,26-May-2022,5100.0,CE,0.0,0.0,0.0,274.7,269.2,0,0.0,75,0,18-APR-2022,
OPTSTK,INDIAMART,26-May-2022,5200.0,CE,0.0,0.0,0.0,411.2,234.3,0,0.0,0,0,18-APR-2022,
OPTSTK,INDIAMART,26-May-2022,5300.0,CE,0.0,0.0,0.0,377.9,203.15,0,0.0,0,0,18-APR-2022,
OPTSTK,INDIAMART,26-May-2022,5400.0,CE,0.0,0.0,0.0,346.95,175.45,0,0.0,0,0,18-APR-2022,
OPTSTK,INDIAMART,26-May-2022,5500.0,CE,101.0,101.0,101.0,101.0,151.25,1,4.2,375,75,18-APR-2022,
OPTSTK,INDIAMART,26-May-2022,5600.0,CE,0.0,0.0,0.0,291.55,129.8,0,0.0,0,0,18-APR-2022,
OPTSTK,INDIAMART,26-May-2022,5700.0,CE,0.0,0.0,0.0,267.15,110.75,0,0.0,0,0,18-APR-2022,
OPTSTK,INDIAMART,26-May-2022,5800.0,CE,0.0,0.0,0.0,244.4,94.35,0,0.0,0,0,18-APR-2022,
OPTSTK,INDIAMART,26-May-2022,5900.0,CE,0.0,0.0,0.0,223.45,80.1,0,0.0,0,0,18-APR-2022,
OPTSTK,INDIAMART,26-May-2022,6000.0,CE,0.0,0.0,0.0,204.1,67.8,0,0.0,0,0,18-APR-2022,
OPTSTK,INDIAMART,26-May-2022,6100.0,CE,0.0,0.0,0.0,186.3,57.2,0,0.0,0,0,18-APR-2022,
OPTSTK,INDIAMART,26-May-2022,6200.0,CE,0.0,0.0,0.0,169.7,48.1,0,0.0,0,0,18-APR-2022,
OPTSTK,INDIAMART,26-May-2022,6300.0,CE,0.0,0.0,0.0,154.65,40.35,0,0.0,0,0,18-APR-2022,
OPTSTK,INDIAMART,26-May-2022,6400.0,CE,0.0,0.0,0.0,140.85,33.75,0,0.0,0,0,18-APR-2022,
OPTSTK,INDIAMART,26-May-2022,6500.0,CE,0.0,0.0,0.0,128.2,28.2,0,0.0,0,0,18-APR-2022,
OPTSTK,INDIAMART,26-May-2022,6600.0,CE,0.0,0.0,0.0,116.6,23.45,0,0.0,0,0,18-APR-2022,
OPTSTK,INDIAMART,26-May-2022,6700.0,CE,0.0,0.0,0.0,106.0,19.45,0,0.0,0,0,18-APR-2022,
OPTSTK,INDIAMART,26-May-2022,6800.0,CE,0.0,0.0,0.0,96.3,16.15,0,0.0,0,0,18-APR-2022,
OPTSTK,INDIAMART,26-May-2022,6900.0,CE,0.0,0.0,0.0,87.45,13.35,0,0.0,0,0,18-APR-2022,
OPTSTK,INDIAMART,26-May-2022,7000.0,CE,0.0,0.0,0.0,79.35,11.0,0,0.0,0,0,18-APR-2022,
OPTSTK,INDIAMART,26-May-2022,7100.0,CE,0.0,0.0,0.0,72.0,9.05,0,0.0,0,0,18-APR-2022,
OPTSTK,INDIAMART,26-May-2022,7200.0,CE,0.0,0.0,0.0,65.3,7.45,0,0.0,0,0,18-APR-2022,
OPTSTK,INDIAMART,26-May-2022,7300.0,CE,0.0,0.0,0.0,59.15,6.1,0,0.0,0,0,18-APR-2022,
OPTSTK,INDIAMART,26-May-2022,7400.0,CE,0.0,0.0,0.0,53.6,5.0,0,0.0,0,0,18-APR-2022,
OPTSTK,INDIAMART,26-May-2022,7500.0,CE,0.0,0.0,0.0,48.55,4.1,0,0.0,0,0,18-APR-2022,
OPTSTK,INDIAMART,26-May-2022,7600.0,CE,0.0,0.0,0.0,43.95,3.35,0,0.0,0,0,18-APR-2022,
OPTSTK,INDIAMART,26-May-2022,2500.0,PE,0.0,0.0,0.0,3.7,0.05,0,0.0,0,0,18-APR-2022,
OPTSTK,INDIAMART,26-May-2022,2600.0,PE,0.0,0.0,0.0,5.55,0.1,0,0.0,0,0,18-APR-2022,
OPTSTK,INDIAMART,26-May-2022,2700.0,PE,0.0,0.0,0.0,8.1,0.15,0,0.0,0,0,18-APR-2022,
OPTSTK,INDIAMART,26-May-2022,2800.0,PE,0.0,0.0,0.0,11.55,0.3,0,0.0,0,0,18-APR-2022,
OPTSTK,INDIAMART,26-May-2022,2900.0,PE,0.0,0.0,0.0,16.0,0.6,0,0.0,0,0,18-APR-2022,
OPTSTK,INDIAMART,26-May-2022,3000.0,PE,0.0,0.0,0.0,21.75,1.05,0,0.0,0,0,18-APR-2022,
OPTSTK,INDIAMART,26-May-2022,3100.0,PE,0.0,0.0,0.0,28.9,1.85,0,0.0,0,0,18-APR-2022,
OPTSTK,INDIAMART,26-May-2022,3200.0,PE,0.0,0.0,0.0,37.7,3.05,0,0.0,0,0,18-APR-2022,
OPTSTK,INDIAMART,26-May-2022,3300.0,PE,0.0,0.0,0.0,48.35,4.95,0,0.0,0,0,18-APR-2022,
OPTSTK,INDIAMART,26-May-2022,3400.0,PE,0.0,0.0,0.0,61.05,7.7,0,0.0,0,0,18-APR-2022,
OPTSTK,INDIAMART,26-May-2022,3500.0,PE,0.0,0.0,0.0,76.0,11.65,0,0.0,0,0,18-APR-2022,
OPTSTK,INDIAMART,26-May-2022,3600.0,PE,0.0,0.0,0.0,93.35,17.05,0,0.0,0,0,18-APR-2022,
OPTSTK,INDIAMART,26-May-2022,3700.0,PE,0.0,0.0,0.0,113.25,24.3,0,0.0,0,0,18-APR-2022,
OPTSTK,INDIAMART,26-May-2022,3800.0,PE,0.0,0.0,0.0,135.85,33.7,0,0.0,0,0,18-APR-2022,
OPTSTK,INDIAMART,26-May-2022,3900.0,PE,0.0,0.0,0.0,161.35,45.75,0,0.0,0,0,18-APR-2022,
OPTSTK,INDIAMART,26-May-2022,4000.0,PE,69.0,69.0,69.0,69.0,60.7,1,3.05,150,75,18-APR-2022,
OPTSTK,INDIAMART,26-May-2022,4100.0,PE,0.0,0.0,0.0,220.9,79.0,0,0.0,0,0,18-APR-2022,
OPTSTK,INDIAMART,26-May-2022,4200.0,PE,0.0,0.0,0.0,255.0,100.9,0,0.0,0,0,18-APR-2022,
OPTSTK,INDIAMART,26-May-2022,4300.0,PE,0.0,0.0,0.0,292.4,126.9,0,0.0,0,0,18-APR-2022,
OPTSTK,INDIAMART,26-May-2022,4400.0,PE,0.0,0.0,0.0,332.9,156.65,0,0.0,0,0,18-APR-2022,
OPTSTK,INDIAMART,26-May-2022,4500.0,PE,160.0,160.0,140.0,140.0,191.0,2,6.97,525,75,18-APR-2022,
OPTSTK,INDIAMART,26-May-2022,4600.0,PE,0.0,0.0,0.0,423.0,229.85,0,0.0,0,0,18-APR-2022,
OPTSTK,INDIAMART,26-May-2022,4700.0,PE,0.0,0.0,0.0,472.5,273.2,0,0.0,0,0,18-APR-2022,
OPTSTK,INDIAMART,26-May-2022,4800.0,PE,0.0,0.0,0.0,300.0,321.05,0,0.0,75,0,18-APR-2022,
OPTSTK,INDIAMART,26-May-2022,4900.0,PE,0.0,0.0,0.0,580.25,373.3,0,0.0,0,0,18-APR-2022,
OPTSTK,INDIAMART,26-May-2022,5000.0,PE,0.0,0.0,0.0,638.25,429.9,0,0.0,0,0,18-APR-2022,
OPTSTK,INDIAMART,26-May-2022,5100.0,PE,0.0,0.0,0.0,698.95,490.65,0,0.0,0,0,18-APR-2022,
OPTSTK,INDIAMART,26-May-2022,5200.0,PE,0.0,0.0,0.0,762.15,555.3,0,0.0,0,0,18-APR-2022,
OPTSTK,INDIAMART,26-May-2022,5300.0,PE,0.0,0.0,0.0,827.8,623.7,0,0.0,0,0,18-APR-2022,
OPTSTK,INDIAMART,26-May-2022,5400.0,PE,0.0,0.0,0.0,895.8,695.55,0,0.0,0,0,18-APR-2022,
OPTSTK,INDIAMART,26-May-2022,5500.0,PE,0.0,0.0,0.0,966.0,770.9,0,0.0,0,0,18-APR-2022,
OPTSTK,INDIAMART,26-May-2022,5600.0,PE,0.0,0.0,0.0,1038.3,849.0,0,0.0,0,0,18-APR-2022,
OPTSTK,INDIAMART,26-May-2022,5700.0,PE,0.0,0.0,0.0,1112.9,929.55,0,0.0,0,0,18-APR-2022,
OPTSTK,INDIAMART,26-May-2022,5800.0,PE,0.0,0.0,0.0,1189.1,1012.7,0,0.0,0,0,18-APR-2022,
OPTSTK,INDIAMART,26-May-2022,5900.0,PE,0.0,0.0,0.0,1267.1,1098.0,0,0.0,0,0,18-APR-2022,
OPTSTK,INDIAMART,26-May-2022,6000.0,PE,0.0,0.0,0.0,1346.7,1185.25,0,0.0,0,0,18-APR-2022,
OPTSTK,INDIAMART,26-May-2022,6100.0,PE,0.0,0.0,0.0,1427.85,1274.2,0,0.0,0,0,18-APR-2022,
OPTSTK,INDIAMART,26-May-2022,6200.0,PE,0.0,0.0,0.0,1510.25,1364.7,0,0.0,0,0,18-APR-2022,
OPTSTK,INDIAMART,26-May-2022,6300.0,PE,0.0,0.0,0.0,1594.15,1456.5,0,0.0,0,0,18-APR-2022,
OPTSTK,INDIAMART,26-May-2022,6400.0,PE,0.0,0.0,0.0,1679.25,1549.45,0,0.0,0,0,18-APR-2022,
OPTSTK,INDIAMART,26-May-2022,6500.0,PE,0.0,0.0,0.0,1765.55,1643.45,0,0.0,0,0,18-APR-2022,
OPTSTK,INDIAMART,26-May-2022,6600.0,PE,0.0,0.0,0.0,1852.9,1738.25,0,0.0,0,0,18-APR-2022,
OPTSTK,INDIAMART,26-May-2022,6700.0,PE,0.0,0.0,0.0,1941.25,1833.85,0,0.0,0,0,18-APR-2022,
OPTSTK,INDIAMART,26-May-2022,6800.0,PE,0.0,0.0,0.0,2030.5,1930.05,0,0.0,0,0,18-APR-2022,
OPTSTK,INDIAMART,26-May-2022,6900.0,PE,0.0,0.0,0.0,2120.6,2026.8,0,0.0,0,0,18-APR-2022,
OPTSTK,INDIAMART,26-May-2022,7000.0,PE,0.0,0.0,0.0,2211.5,2124.05,0,0.0,0,0,18-APR-2022,
OPTSTK,INDIAMART,26-May-2022,7100.0,PE,0.0,0.0,0.0,2303.1,2221.65,0,0.0,0,0,18-APR-2022,
OPTSTK,INDIAMART,26-May-2022,7200.0,PE,0.0,0.0,0.0,2395.35,2319.6,0,0.0,0,0,18-APR-2022,
OPTSTK,INDIAMART,26-May-2022,7300.0,PE,0.0,0.0,0.0,2488.15,2417.85,0,0.0,0,0,18-APR-2022,
OPTSTK,INDIAMART,26-May-2022,7400.0,PE,0.0,0.0,0.0,2581.55,2516.3,0,0.0,0,0,18-APR-2022,
OPTSTK,INDIAMART,26-May-2022,7500.0,PE,0.0,0.0,0.0,2675.45,2614.95,0,0.0,0,0,18-APR-2022,
OPTSTK,INDIAMART,26-May-2022,7600.0,PE,0.0,0.0,0.0,2769.8,2713.75,0,0.0,0,0,18-APR-2022,
OPTSTK,INDIAMART,30-Jun-2022,2500.0,CE,0.0,0.0,0.0,1858.1,2378.55,0,0.0,0,0,18-APR-2022,
OPTSTK,INDIAMART,30-Jun-2022,2600.0,CE,0.0,0.0,0.0,1763.25,2280.25,0,0.0,0,0,18-APR-2022,
OPTSTK,INDIAMART,30-Jun-2022,2700.0,CE,0.0,0.0,0.0,1669.75,2182.3,0,0.0,0,0,18-APR-2022,
OPTSTK,INDIAMART,30-Jun-2022,2800.0,CE,0.0,0.0,0.0,1577.85,2084.95,0,0.0,0,0,18-APR-2022,
OPTSTK,INDIAMART,30-Jun-2022,2900.0,CE,0.0,0.0,0.0,1487.75,1988.3,0,0.0,0,0,18-APR-2022,
OPTSTK,INDIAMART,30-Jun-2022,3000.0,CE,0.0,0.0,0.0,1399.7,1892.5,0,0.0,0,0,18-APR-2022,
OPTSTK,INDIAMART,30-Jun-2022,3100.0,CE,0.0,0.0,0.0,1314.0,1797.8,0,0.0,0,0,18-APR-2022,
OPTSTK,INDIAMART,30-Jun-2022,3200.0,CE,0.0,0.0,0.0,1230.85,1704.35,0,0.0,0,0,18-APR-2022,
OPTSTK,INDIAMART,30-Jun-2022,3300.0,CE,0.0,0.0,0.0,1150.45,1612.45,0,0.0,0,0,18-APR-2022,
OPTSTK,INDIAMART,30-Jun-2022,3400.0,CE,0.0,0.0,0.0,1072.95,1522.35,0,0.0,0,0,18-APR-2022,
OPTSTK,INDIAMART,30-Jun-2022,3500.0,CE,0.0,0.0,0.0,998.7,1434.15,0,0.0,0,0,18-APR-2022,
OPTSTK,INDIAMART,30-Jun-2022,3600.0,CE,0.0,0.0,0.0,927.45,1348.2,0,0.0,0,0,18-APR-2022,
OPTSTK,INDIAMART,30-Jun-2022,3700.0,CE,0.0,0.0,0.0,859.55,1264.65,0,0.0,0,0,18-APR-2022,
OPTSTK,INDIAMART,30-Jun-2022,3800.0,CE,0.0,0.0,0.0,794.9,1183.7,0,0.0,0,0,18-APR-2022,
OPTSTK,INDIAMART,30-Jun-2022,3900.0,CE,0.0,0.0,0.0,733.85,1105.55,0,0.0,0,0,18-APR-2022,
OPTSTK,INDIAMART,30-Jun-2022,4000.0,CE,0.0,0.0,0.0,676.2,1030.5,0,0.0,0,0,18-APR-2022,
OPTSTK,INDIAMART,30-Jun-2022,4100.0,CE,0.0,0.0,0.0,622.0,958.3,0,0.0,0,0,18-APR-2022,
OPTSTK,INDIAMART,30-Jun-2022,4200.0,CE,0.0,0.0,0.0,571.05,889.3,0,0.0,0,0,18-APR-2022,
OPTSTK,INDIAMART,30-Jun-2022,4300.0,CE,0.0,0.0,0.0,523.45,823.4,0,0.0,0,0,18-APR-2022,
OPTSTK,INDIAMART,30-Jun-2022,4400.0,CE,0.0,0.0,0.0,479.05,761.05,0,0.0,0,0,18-APR-2022,
OPTSTK,INDIAMART,30-Jun-2022,4500.0,CE,0.0,0.0,0.0,437.7,702.05,0,0.0,0,0,18-APR-2022,
OPTSTK,INDIAMART,30-Jun-2022,4600.0,CE,0.0,0.0,0.0,399.35,646.4,0,0.0,0,0,18-APR-2022,
OPTSTK,INDIAMART,30-Jun-2022,4700.0,CE,0.0,0.0,0.0,363.8,594.0,0,0.0,0,0,18-APR-2022,
OPTSTK,INDIAMART,30-Jun-2022,4800.0,CE,0.0,0.0,0.0,331.0,544.85,0,0.0,0,0,18-APR-2022,
OPTSTK,INDIAMART,30-Jun-2022,4900.0,CE,0.0,0.0,0.0,300.75,498.9,0,0.0,0,0,18-APR-2022,
OPTSTK,INDIAMART,30-Jun-2022,5000.0,CE,0.0,0.0,0.0,272.9,456.0,0,0.0,0,0,18-APR-2022,
OPTSTK,INDIAMART,30-Jun-2022,5100.0,CE,0.0,0.0,0.0,247.55,416.15,0,0.0,0,0,18-APR-2022,
OPTSTK,INDIAMART,30-Jun-2022,5200.0,CE,0.0,0.0,0.0,224.2,379.15,0,0.0,0,0,18-APR-2022,
OPTSTK,INDIAMART,30-Jun-2022,5300.0,CE,0.0,0.0,0.0,202.85,344.9,0,0.0,0,0,18-APR-2022,
OPTSTK,INDIAMART,30-Jun-2022,5400.0,CE,0.0,0.0,0.0,183.35,313.25,0,0.0,0,0,18-APR-2022,
OPTSTK,INDIAMART,30-Jun-2022,5500.0,CE,0.0,0.0,0.0,165.6,284.15,0,0.0,0,0,18-APR-2022,
OPTSTK,INDIAMART,30-Jun-2022,5600.0,CE,0.0,0.0,0.0,149.2,257.35,0,0.0,0,0,18-APR-2022,
OPTSTK,INDIAMART,30-Jun-2022,5700.0,CE,0.0,0.0,0.0,134.45,233.05,0,0.0,0,0,18-APR-2022,
OPTSTK,INDIAMART,30-Jun-2022,5800.0,CE,0.0,0.0,0.0,121.05,210.65,0,0.0,0,0,18-APR-2022,
OPTSTK,INDIAMART,30-Jun-2022,5900.0,CE,0.0,0.0,0.0,108.9,190.15,0,0.0,0,0,18-APR-2022,
OPTSTK,INDIAMART,30-Jun-2022,6000.0,CE,0.0,0.0,0.0,97.9,171.45,0,0.0,0,0,18-APR-2022,
OPTSTK,INDIAMART,30-Jun-2022,6100.0,CE,0.0,0.0,0.0,88.0,154.2,0,0.0,0,0,18-APR-2022,
OPTSTK,INDIAMART,30-Jun-2022,2500.0,PE,0.0,0.0,0.0,9.15,1.35,0,0.0,0,0,18-APR-2022,
OPTSTK,INDIAMART,30-Jun-2022,2600.0,PE,0.0,0.0,0.0,13.3,2.2,0,0.0,0,0,18-APR-2022,
OPTSTK,INDIAMART,30-Jun-2022,2700.0,PE,0.0,0.0,0.0,18.75,3.4,0,0.0,0,0,18-APR-2022,
OPTSTK,INDIAMART,30-Jun-2022,2800.0,PE,0.0,0.0,0.0,25.75,5.2,0,0.0,0,0,18-APR-2022,
OPTSTK,INDIAMART,30-Jun-2022,2900.0,PE,0.0,0.0,0.0,34.6,7.7,0,0.0,0,0,18-APR-2022,
OPTSTK,INDIAMART,30-Jun-2022,3000.0,PE,0.0,0.0,0.0,45.55,11.05,0,0.0,0,0,18-APR-2022,
OPTSTK,INDIAMART,30-Jun-2022,3100.0,PE,0.0,0.0,0.0,58.75,15.5,0,0.0,0,0,18-APR-2022,
OPTSTK,INDIAMART,30-Jun-2022,3200.0,PE,0.0,0.0,0.0,74.55,21.25,0,0.0,0,0,18-APR-2022,
OPTSTK,INDIAMART,30-Jun-2022,3300.0,PE,0.0,0.0,0.0,93.1,28.5,0,0.0,0,0,18-APR-2022,
OPTSTK,INDIAMART,30-Jun-2022,3400.0,PE,0.0,0.0,0.0,114.55,37.5,0,0.0,0,0,18-APR-2022,
OPTSTK,INDIAMART,30-Jun-2022,3500.0,PE,0.0,0.0,0.0,139.25,48.5,0,0.0,0,0,18-APR-2022,
OPTSTK,INDIAMART,30-Jun-2022,3600.0,PE,0.0,0.0,0.0,166.95,61.65,0,0.0,0,0,18-APR-2022,
OPTSTK,INDIAMART,30-Jun-2022,3700.0,PE,0.0,0.0,0.0,198.0,77.25,0,0.0,0,0,18-APR-2022,
OPTSTK,INDIAMART,30-Jun-2022,3800.0,PE,0.0,0.0,0.0,232.3,95.5,0,0.0,0,0,18-APR-2022,
OPTSTK,INDIAMART,30-Jun-2022,3900.0,PE,0.0,0.0,0.0,270.2,116.5,0,0.0,0,0,18-APR-2022,
OPTSTK,INDIAMART,30-Jun-2022,4000.0,PE,0.0,0.0,0.0,311.5,140.6,0,0.0,0,0,18-APR-2022,
OPTSTK,INDIAMART,30-Jun-2022,4100.0,PE,0.0,0.0,0.0,356.2,167.55,0,0.0,0,0,18-APR-2022,
OPTSTK,INDIAMART,30-Jun-2022,4200.0,PE,0.0,0.0,0.0,404.25,197.7,0,0.0,0,0,18-APR-2022,
OPTSTK,INDIAMART,30-Jun-2022,4300.0,PE,0.0,0.0,0.0,199.0,231.0,0,0.0,75,0,18-APR-2022,
OPTSTK,INDIAMART,30-Jun-2022,4400.0,PE,0.0,0.0,0.0,510.1,267.8,0,0.0,0,0,18-APR-2022,
OPTSTK,INDIAMART,30-Jun-2022,4500.0,PE,0.0,0.0,0.0,567.75,307.9,0,0.0,0,0,18-APR-2022,
OPTSTK,INDIAMART,30-Jun-2022,4600.0,PE,0.0,0.0,0.0,628.3,351.4,0,0.0,0,0,18-APR-2022,
OPTSTK,INDIAMART,30-Jun-2022,4700.0,PE,0.0,0.0,0.0,691.75,398.15,0,0.0,0,0,18-APR-2022,
OPTSTK,INDIAMART,30-Jun-2022,4800.0,PE,0.0,0.0,0.0,757.85,448.15,0,0.0,0,0,18-APR-2022,
OPTSTK,INDIAMART,30-Jun-2022,4900.0,PE,0.0,0.0,0.0,826.55,501.35,0,0.0,0,0,18-APR-2022,
OPTSTK,INDIAMART,30-Jun-2022,5000.0,PE,0.0,0.0,0.0,897.65,557.65,0,0.0,0,0,18-APR-2022,
OPTSTK,INDIAMART,30-Jun-2022,5100.0,PE,0.0,0.0,0.0,971.3,616.95,0,0.0,0,0,18-APR-2022,
OPTSTK,INDIAMART,30-Jun-2022,5200.0,PE,0.0,0.0,0.0,1046.9,679.1,0,0.0,0,0,18-APR-2022,
OPTSTK,INDIAMART,30-Jun-2022,5300.0,PE,0.0,0.0,0.0,1124.45,744.0,0,0.0,0,0,18-APR-2022,
OPTSTK,INDIAMART,30-Jun-2022,5400.0,PE,0.0,0.0,0.0,1203.9,811.5,0,0.0,0,0,18-APR-2022,
OPTSTK,INDIAMART,30-Jun-2022,5500.0,PE,0.0,0.0,0.0,1285.1,881.55,0,0.0,0,0,18-APR-2022,
OPTSTK,INDIAMART,30-Jun-2022,5600.0,PE,0.0,0.0,0.0,1367.65,953.9,0,0.0,0,0,18-APR-2022,
OPTSTK,INDIAMART,30-Jun-2022,5700.0,PE,0.0,0.0,0.0,1451.85,1028.75,0,0.0,0,0,18-APR-2022,
OPTSTK,INDIAMART,30-Jun-2022,5800.0,PE,0.0,0.0,0.0,1537.4,1105.5,0,0.0,0,0,18-APR-2022,
OPTSTK,INDIAMART,30-Jun-2022,5900.0,PE,0.0,0.0,0.0,1624.25,1184.15,0,0.0,0,0,18-APR-2022,
OPTSTK,INDIAMART,30-Jun-2022,6000.0,PE,0.0,0.0,0.0,1712.2,1264.65,0,0.0,0,0,18-APR-2022,
OPTSTK,INDIAMART,30-Jun-2022,6100.0,PE,0.0,0.0,0.0,1801.2,1346.55,0,0.0,0,0,18-APR-2022,
OPTSTK,INDIGO,28-Apr-2022,1200.0,CE,0.0,0.0,0.0,678.85,686.2,0,0.0,0,0,18-APR-2022,
OPTSTK,INDIGO,28-Apr-2022,1220.0,CE,0.0,0.0,0.0,659.85,666.25,0,0.0,0,0,18-APR-2022,
OPTSTK,INDIGO,28-Apr-2022,1240.0,CE,0.0,0.0,0.0,640.95,646.25,0,0.0,0,0,18-APR-2022,
OPTSTK,INDIGO,28-Apr-2022,1260.0,CE,0.0,0.0,0.0,622.2,626.3,0,0.0,0,0,18-APR-2022,
OPTSTK,INDIGO,28-Apr-2022,1280.0,CE,0.0,0.0,0.0,603.6,606.3,0,0.0,0,0,18-APR-2022,
OPTSTK,INDIGO,28-Apr-2022,1300.0,CE,0.0,0.0,0.0,585.15,586.35,0,0.0,0,0,18-APR-2022,
OPTSTK,INDIGO,28-Apr-2022,1320.0,CE,0.0,0.0,0.0,566.9,566.35,0,0.0,0,0,18-APR-2022,
OPTSTK,INDIGO,28-Apr-2022,1340.0,CE,0.0,0.0,0.0,548.85,546.4,0,0.0,0,0,18-APR-2022,
OPTSTK,INDIGO,28-Apr-2022,1360.0,CE,0.0,0.0,0.0,531.0,526.4,0,0.0,0,0,18-APR-2022,
OPTSTK,INDIGO,28-Apr-2022,1380.0,CE,0.0,0.0,0.0,513.35,506.45,0,0.0,0,0,18-APR-2022,
OPTSTK,INDIGO,28-Apr-2022,1400.0,CE,0.0,0.0,0.0,495.95,486.45,0,0.0,0,0,18-APR-2022,
OPTSTK,INDIGO,28-Apr-2022,1420.0,CE,0.0,0.0,0.0,478.8,466.5,0,0.0,0,0,18-APR-2022,
OPTSTK,INDIGO,28-Apr-2022,1440.0,CE,0.0,0.0,0.0,461.9,446.5,0,0.0,0,0,18-APR-2022,
OPTSTK,INDIGO,28-Apr-2022,1460.0,CE,0.0,0.0,0.0,445.3,426.55,0,0.0,0,0,18-APR-2022,
OPTSTK,INDIGO,28-Apr-2022,1480.0,CE,0.0,0.0,0.0,429.0,406.6,0,0.0,0,0,18-APR-2022,
OPTSTK,INDIGO,28-Apr-2022,1500.0,CE,0.0,0.0,0.0,413.0,386.7,0,0.0,0,0,18-APR-2022,
OPTSTK,INDIGO,28-Apr-2022,1520.0,CE,0.0,0.0,0.0,397.25,366.8,0,0.0,0,0,18-APR-2022,
OPTSTK,INDIGO,28-Apr-2022,1540.0,CE,0.0,0.0,0.0,381.9,347.0,0,0.0,0,0,18-APR-2022,
OPTSTK,INDIGO,28-Apr-2022,1560.0,CE,0.0,0.0,0.0,366.85,327.25,0,0.0,0,0,18-APR-2022,
OPTSTK,INDIGO,28-Apr-2022,1580.0,CE,0.0,0.0,0.0,352.15,307.6,0,0.0,0,0,18-APR-2022,
OPTSTK,INDIGO,28-Apr-2022,1600.0,CE,0.0,0.0,0.0,362.0,288.1,0,0.0,250,0,18-APR-2022,
OPTSTK,INDIGO,28-Apr-2022,1620.0,CE,0.0,0.0,0.0,323.75,268.8,0,0.0,0,0,18-APR-2022,
OPTSTK,INDIGO,28-Apr-2022,1640.0,CE,0.0,0.0,0.0,310.1,249.75,0,0.0,0,0,18-APR-2022,
OPTSTK,INDIGO,28-Apr-2022,1660.0,CE,0.0,0.0,0.0,296.75,231.0,0,0.0,0,0,18-APR-2022,
OPTSTK,INDIGO,28-Apr-2022,1680.0,CE,0.0,0.0,0.0,283.85,212.6,0,0.0,0,0,18-APR-2022,
OPTSTK,INDIGO,28-Apr-2022,1700.0,CE,0.0,0.0,0.0,310.0,194.7,0,0.0,1250,0,18-APR-2022,
OPTSTK,INDIGO,28-Apr-2022,1720.0,CE,0.0,0.0,0.0,259.15,177.35,0,0.0,0,0,18-APR-2022,
OPTSTK,INDIGO,28-Apr-2022,1740.0,CE,0.0,0.0,0.0,247.35,160.65,0,0.0,0,0,18-APR-2022,
OPTSTK,INDIGO,28-Apr-2022,1760.0,CE,0.0,0.0,0.0,220.0,144.6,0,0.0,250,0,18-APR-2022,
OPTSTK,INDIGO,28-Apr-2022,1780.0,CE,0.0,0.0,0.0,224.95,129.45,0,0.0,0,0,18-APR-2022,
OPTSTK,INDIGO,28-Apr-2022,1800.0,CE,97.9,118.0,83.0,113.0,113.0,65,308.5,14250,12250,18-APR-2022,
OPTSTK,INDIGO,28-Apr-2022,1820.0,CE,0.0,0.0,0.0,204.0,101.55,0,0.0,0,0,18-APR-2022,
OPTSTK,INDIGO,28-Apr-2022,1840.0,CE,57.0,87.3,54.1,81.75,81.75,251,1194.47,35000,35000,18-APR-2022,
OPTSTK,INDIGO,28-Apr-2022,1860.0,CE,0.0,0.0,0.0,184.55,77.5,0,0.0,0,0,18-APR-2022,
OPTSTK,INDIGO,28-Apr-2022,1880.0,CE,53.35,58.0,53.35,56.95,56.95,4,19.36,250,250,18-APR-2022,
OPTSTK,INDIGO,28-Apr-2022,1900.0,CE,37.05,51.0,29.4,47.15,47.15,1016,4928.14,93750,59250,18-APR-2022,
OPTSTK,INDIGO,28-Apr-2022,1920.0,CE,49.45,49.45,24.25,38.85,38.85,308,1503.83,40000,18750,18-APR-2022,
OPTSTK,INDIGO,28-Apr-2022,1940.0,CE,23.25,34.0,19.5,31.95,31.95,360,1770.09,38750,10000,18-APR-2022,
OPTSTK,INDIGO,28-Apr-2022,1960.0,CE,29.2,29.2,16.15,26.55,26.55,414,2051.04,47000,14000,18-APR-2022,
OPTSTK,INDIGO,28-Apr-2022,1980.0,CE,18.7,22.7,13.25,21.35,21.35,302,1508.23,38000,-2250,18-APR-2022,
OPTSTK,INDIGO,28-Apr-2022,2000.0,CE,12.2,19.75,5.9,18.4,18.4,1027,5174.0,266750,-12500,18-APR-2022,
OPTSTK,INDIGO,28-Apr-2022,2020.0,CE,14.45,15.85,9.15,15.15,15.15,285,1448.0,87500,-9250,18-APR-2022,
OPTSTK,INDIGO,28-Apr-2022,2040.0,CE,1.7,13.7,1.7,13.05,13.05,395,2025.13,121750,-32250,18-APR-2022,
OPTSTK,INDIGO,28-Apr-2022,2060.0,CE,15.0,15.0,6.55,10.8,10.8,180,931.16,62000,-2250,18-APR-2022,
OPTSTK,INDIGO,28-Apr-2022,2080.0,CE,6.25,10.55,5.85,9.7,9.7,129,673.47,21000,-500,18-APR-2022,
OPTSTK,INDIGO,28-Apr-2022,2100.0,CE,5.75,9.4,5.1,8.65,8.65,1039,5473.19,217250,-22250,18-APR-2022,
OPTSTK,INDIGO,28-Apr-2022,2120.0,CE,4.9,8.15,4.5,7.75,7.75,228,1211.57,26000,5750,18-APR-2022,
OPTSTK,INDIGO,28-Apr-2022,2140.0,CE,4.75,7.35,4.05,6.75,6.75,113,606.0,10000,-3250,18-APR-2022,
OPTSTK,INDIGO,28-Apr-2022,2160.0,CE,4.2,6.65,3.6,6.0,6.0,208,1125.6,17250,250,18-APR-2022,
OPTSTK,INDIGO,28-Apr-2022,2180.0,CE,3.95,5.95,3.3,5.8,5.8,69,376.79,6250,1750,18-APR-2022,
OPTSTK,INDIGO,28-Apr-2022,2200.0,CE,5.0,5.45,2.9,4.75,4.75,920,5069.11,92500,-30500,18-APR-2022,
OPTSTK,INDIGO,28-Apr-2022,2220.0,CE,0.0,0.0,0.0,11.05,1.85,0,0.0,3750,0,18-APR-2022,
OPTSTK,INDIGO,28-Apr-2022,2240.0,CE,2.65,4.05,2.45,2.95,1.4,22,123.37,4500,0,18-APR-2022,
OPTSTK,INDIGO,28-Apr-2022,2260.0,CE,0.0,0.0,0.0,59.95,1.05,0,0.0,0,0,18-APR-2022,
OPTSTK,INDIGO,28-Apr-2022,2280.0,CE,0.0,0.0,0.0,56.3,0.8,0,0.0,0,0,18-APR-2022,
OPTSTK,INDIGO,28-Apr-2022,2300.0,CE,2.95,3.6,1.85,2.95,2.95,598,3442.14,96750,2750,18-APR-2022,
OPTSTK,INDIGO,28-Apr-2022,2320.0,CE,2.4,3.05,1.8,2.9,2.9,173,1004.36,5000,-3000,18-APR-2022,
OPTSTK,INDIGO,28-Apr-2022,2340.0,CE,0.0,0.0,0.0,4.2,0.35,0,0.0,2500,0,18-APR-2022,
OPTSTK,INDIGO,28-Apr-2022,2360.0,CE,0.0,0.0,0.0,4.6,0.25,0,0.0,1000,0,18-APR-2022,
OPTSTK,INDIGO,28-Apr-2022,2380.0,CE,0.0,0.0,0.0,7.1,0.2,0,0.0,1000,0,18-APR-2022,
OPTSTK,INDIGO,28-Apr-2022,2400.0,CE,1.6,2.45,0.8,1.0,1.0,234,1404.94,79500,-22000,18-APR-2022,
OPTSTK,INDIGO,28-Apr-2022,2420.0,CE,0.0,0.0,0.0,36.2,0.1,0,0.0,0,0,18-APR-2022,
OPTSTK,INDIGO,28-Apr-2022,2440.0,CE,0.0,0.0,0.0,33.95,0.1,0,0.0,0,0,18-APR-2022,
OPTSTK,INDIGO,28-Apr-2022,2460.0,CE,0.0,0.0,0.0,31.8,0.05,0,0.0,0,0,18-APR-2022,
OPTSTK,INDIGO,28-Apr-2022,2480.0,CE,0.0,0.0,0.0,4.95,0.05,0,0.0,250,0,18-APR-2022,
OPTSTK,INDIGO,28-Apr-2022,2500.0,CE,1.25,1.5,1.0,1.5,0.05,25,156.32,31750,-250,18-APR-2022,
OPTSTK,INDIGO,28-Apr-2022,2520.0,CE,0.0,0.0,0.0,26.1,0.05,0,0.0,0,0,18-APR-2022,
OPTSTK,INDIGO,28-Apr-2022,2540.0,CE,0.0,0.0,0.0,24.45,0.05,0,0.0,0,0,18-APR-2022,
OPTSTK,INDIGO,28-Apr-2022,2560.0,CE,0.0,0.0,0.0,0.1,0.05,0,0.0,250,0,18-APR-2022,
OPTSTK,INDIGO,28-Apr-2022,2580.0,CE,0.0,0.0,0.0,21.4,0.0,0,0.0,0,0,18-APR-2022,
OPTSTK,INDIGO,28-Apr-2022,2600.0,CE,0.0,0.0,0.0,20.0,0.0,0,0.0,0,0,18-APR-2022,
OPTSTK,INDIGO,28-Apr-2022,2620.0,CE,0.0,0.0,0.0,18.7,0.0,0,0.0,0,0,18-APR-2022,
OPTSTK,INDIGO,28-Apr-2022,2640.0,CE,0.0,0.0,0.0,17.45,0.0,0,0.0,0,0,18-APR-2022,
OPTSTK,INDIGO,28-Apr-2022,2660.0,CE,0.0,0.0,0.0,16.3,0.0,0,0.0,0,0,18-APR-2022,
OPTSTK,INDIGO,28-Apr-2022,1200.0,PE,0.0,0.0,0.0,3.75,0.0,0,0.0,0,0,18-APR-2022,
OPTSTK,INDIGO,28-Apr-2022,1220.0,PE,0.0,0.0,0.0,4.5,0.0,0,0.0,0,0,18-APR-2022,
OPTSTK,INDIGO,28-Apr-2022,1240.0,PE,0.0,0.0,0.0,5.45,0.0,0,0.0,0,0,18-APR-2022,
OPTSTK,INDIGO,28-Apr-2022,1260.0,PE,0.0,0.0,0.0,6.45,0.0,0,0.0,0,0,18-APR-2022,
OPTSTK,INDIGO,28-Apr-2022,1280.0,PE,0.0,0.0,0.0,7.65,0.0,0,0.0,0,0,18-APR-2022,
OPTSTK,INDIGO,28-Apr-2022,1300.0,PE,0.0,0.0,0.0,9.0,0.0,0,0.0,0,0,18-APR-2022,
OPTSTK,INDIGO,28-Apr-2022,1320.0,PE,0.0,0.0,0.0,10.55,0.0,0,0.0,0,0,18-APR-2022,
OPTSTK,INDIGO,28-Apr-2022,1340.0,PE,0.0,0.0,0.0,12.3,0.0,0,0.0,0,0,18-APR-2022,
OPTSTK,INDIGO,28-Apr-2022,1360.0,PE,0.0,0.0,0.0,14.2,0.0,0,0.0,0,0,18-APR-2022,
OPTSTK,INDIGO,28-Apr-2022,1380.0,PE,0.0,0.0,0.0,16.4,0.0,0,0.0,0,0,18-APR-2022,
OPTSTK,INDIGO,28-Apr-2022,1400.0,PE,0.0,0.0,0.0,18.75,0.05,0,0.0,0,0,18-APR-2022,
OPTSTK,INDIGO,28-Apr-2022,1420.0,PE,0.0,0.0,0.0,21.4,0.05,0,0.0,0,0,18-APR-2022,
OPTSTK,INDIGO,28-Apr-2022,1440.0,PE,0.0,0.0,0.0,24.3,0.05,0,0.0,0,0,18-APR-2022,
OPTSTK,INDIGO,28-Apr-2022,1460.0,PE,0.0,0.0,0.0,27.5,0.05,0,0.0,0,0,18-APR-2022,
OPTSTK,INDIGO,28-Apr-2022,1480.0,PE,0.0,0.0,0.0,31.0,0.1,0,0.0,0,0,18-APR-2022,
OPTSTK,INDIGO,28-Apr-2022,1500.0,PE,0.0,0.0,0.0,2.2,0.15,0,0.0,2750,0,18-APR-2022,
OPTSTK,INDIGO,28-Apr-2022,1520.0,PE,0.0,0.0,0.0,38.85,0.25,0,0.0,0,0,18-APR-2022,
OPTSTK,INDIGO,28-Apr-2022,1540.0,PE,0.0,0.0,0.0,43.25,0.4,0,0.0,0,0,18-APR-2022,
OPTSTK,INDIGO,28-Apr-2022,1560.0,PE,0.0,0.0,0.0,48.0,0.65,0,0.0,0,0,18-APR-2022,
OPTSTK,INDIGO,28-Apr-2022,1580.0,PE,0.0,0.0,0.0,53.1,0.95,0,0.0,0,0,18-APR-2022,
OPTSTK,INDIGO,28-Apr-2022,1600.0,PE,5.25,6.55,2.25,2.65,2.65,260,1043.03,55000,-3250,18-APR-2022,
OPTSTK,INDIGO,28-Apr-2022,1620.0,PE,0.0,0.0,0.0,64.3,2.1,0,0.0,0,0,18-APR-2022,
OPTSTK,INDIGO,28-Apr-2022,1640.0,PE,0.0,0.0,0.0,70.45,3.05,0,0.0,0,0,18-APR-2022,
OPTSTK,INDIGO,28-Apr-2022,1660.0,PE,9.35,9.35,5.35,7.35,4.25,30,125.0,4250,4250,18-APR-2022,
OPTSTK,INDIGO,28-Apr-2022,1680.0,PE,0.0,0.0,0.0,83.75,5.9,0,0.0,0,0,18-APR-2022,
OPTSTK,INDIGO,28-Apr-2022,1700.0,PE,16.55,17.5,6.95,8.2,8.2,444,1899.82,43750,-3750,18-APR-2022,
OPTSTK,INDIGO,28-Apr-2022,1720.0,PE,15.05,15.05,15.05,15.05,10.6,2,8.67,500,500,18-APR-2022,
OPTSTK,INDIGO,28-Apr-2022,1740.0,PE,0.0,0.0,0.0,106.65,13.85,0,0.0,0,0,18-APR-2022,
OPTSTK,INDIGO,28-Apr-2022,1760.0,PE,19.25,21.4,17.6,17.6,17.8,16,71.21,3500,3500,18-APR-2022,
OPTSTK,INDIGO,28-Apr-2022,1780.0,PE,32.5,32.5,20.75,22.05,22.6,57,257.06,7750,2750,18-APR-2022,
OPTSTK,INDIGO,28-Apr-2022,1800.0,PE,37.95,43.0,20.2,22.6,22.6,837,3830.88,156500,-8250,18-APR-2022,
OPTSTK,INDIGO,28-Apr-2022,1820.0,PE,47.3,49.7,24.45,27.1,27.1,165,764.59,18000,13250,18-APR-2022,
OPTSTK,INDIGO,28-Apr-2022,1840.0,PE,50.0,59.0,30.0,32.8,32.8,283,1333.22,15250,11000,18-APR-2022,
OPTSTK,INDIGO,28-Apr-2022,1860.0,PE,70.0,70.0,35.3,39.9,39.9,213,1017.38,9500,1750,18-APR-2022,
OPTSTK,INDIGO,28-Apr-2022,1880.0,PE,65.0,80.2,43.3,48.5,48.5,200,970.54,17000,-5500,18-APR-2022,
OPTSTK,INDIGO,28-Apr-2022,1900.0,PE,80.3,95.15,52.0,57.1,57.1,423,2087.76,122000,-9000,18-APR-2022,
OPTSTK,INDIGO,28-Apr-2022,1920.0,PE,94.0,104.0,63.45,66.95,66.95,65,325.97,17250,-4000,18-APR-2022,
OPTSTK,INDIGO,28-Apr-2022,1940.0,PE,105.85,119.3,78.05,78.05,78.05,5,25.52,16250,-250,18-APR-2022,
OPTSTK,INDIGO,28-Apr-2022,1960.0,PE,120.0,133.75,119.45,133.75,107.7,9,46.95,18000,-500,18-APR-2022,
OPTSTK,INDIGO,28-Apr-2022,1980.0,PE,137.3,137.75,118.3,118.3,121.9,12,63.33,16750,-250,18-APR-2022,
OPTSTK,INDIGO,28-Apr-2022,2000.0,PE,160.6,174.25,119.95,125.25,125.25,65,349.8,94250,-9500,18-APR-2022,
OPTSTK,INDIGO,28-Apr-2022,2020.0,PE,170.95,172.95,154.25,160.05,152.55,6,32.8,15750,750,18-APR-2022,
OPTSTK,INDIGO,28-Apr-2022,2040.0,PE,187.6,193.85,187.6,193.85,168.9,2,11.15,4750,250,18-APR-2022,
OPTSTK,INDIGO,28-Apr-2022,2060.0,PE,0.0,0.0,0.0,160.1,185.8,0,0.0,1750,0,18-APR-2022,
OPTSTK,INDIGO,28-Apr-2022,2080.0,PE,0.0,0.0,0.0,196.45,203.2,0,0.0,1500,0,18-APR-2022,
OPTSTK,INDIGO,28-Apr-2022,2100.0,PE,241.5,241.5,224.35,224.35,221.05,3,17.48,6750,-250,18-APR-2022,
OPTSTK,INDIGO,28-Apr-2022,2120.0,PE,0.0,0.0,0.0,326.1,239.3,0,0.0,0,0,18-APR-2022,
OPTSTK,INDIGO,28-Apr-2022,2140.0,PE,0.0,0.0,0.0,340.85,257.9,0,0.0,0,0,18-APR-2022,
OPTSTK,INDIGO,28-Apr-2022,2160.0,PE,0.0,0.0,0.0,355.75,276.75,0,0.0,0,0,18-APR-2022,
OPTSTK,INDIGO,28-Apr-2022,2180.0,PE,0.0,0.0,0.0,370.9,295.8,0,0.0,0,0,18-APR-2022,
OPTSTK,INDIGO,28-Apr-2022,2200.0,PE,323.0,323.0,323.0,323.0,315.05,1,6.3,2000,-250,18-APR-2022,
OPTSTK,INDIGO,28-Apr-2022,2220.0,PE,0.0,0.0,0.0,401.95,334.5,0,0.0,0,0,18-APR-2022,
OPTSTK,INDIGO,28-Apr-2022,2240.0,PE,0.0,0.0,0.0,417.75,354.0,0,0.0,0,0,18-APR-2022,
OPTSTK,INDIGO,28-Apr-2022,2260.0,PE,0.0,0.0,0.0,433.8,373.65,0,0.0,0,0,18-APR-2022,
OPTSTK,INDIGO,28-Apr-2022,2280.0,PE,0.0,0.0,0.0,308.0,393.4,0,0.0,1000,0,18-APR-2022,
OPTSTK,INDIGO,28-Apr-2022,2300.0,PE,0.0,0.0,0.0,466.35,413.15,0,0.0,0,0,18-APR-2022,
OPTSTK,INDIGO,28-Apr-2022,2320.0,PE,0.0,0.0,0.0,482.95,433.0,0,0.0,0,0,18-APR-2022,
OPTSTK,INDIGO,28-Apr-2022,2340.0,PE,0.0,0.0,0.0,499.75,452.85,0,0.0,0,0,18-APR-2022,
OPTSTK,INDIGO,28-Apr-2022,2360.0,PE,0.0,0.0,0.0,516.65,472.75,0,0.0,0,0,18-APR-2022,
OPTSTK,INDIGO,28-Apr-2022,2380.0,PE,0.0,0.0,0.0,533.75,492.65,0,0.0,0,0,18-APR-2022,
OPTSTK,INDIGO,28-Apr-2022,2400.0,PE,0.0,0.0,0.0,411.0,512.6,0,0.0,250,0,18-APR-2022,
OPTSTK,INDIGO,28-Apr-2022,2420.0,PE,0.0,0.0,0.0,568.4,532.55,0,0.0,0,0,18-APR-2022,
OPTSTK,INDIGO,28-Apr-2022,2440.0,PE,0.0,0.0,0.0,585.9,552.5,0,0.0,0,0,18-APR-2022,
OPTSTK,INDIGO,28-Apr-2022,2460.0,PE,0.0,0.0,0.0,603.6,572.45,0,0.0,0,0,18-APR-2022,
OPTSTK,INDIGO,28-Apr-2022,2480.0,PE,0.0,0.0,0.0,621.35,592.4,0,0.0,0,0,18-APR-2022,
OPTSTK,INDIGO,28-Apr-2022,2500.0,PE,0.0,0.0,0.0,639.25,612.4,0,0.0,0,0,18-APR-2022,
OPTSTK,INDIGO,28-Apr-2022,2520.0,PE,0.0,0.0,0.0,657.25,632.35,0,0.0,0,0,18-APR-2022,
OPTSTK,INDIGO,28-Apr-2022,2540.0,PE,0.0,0.0,0.0,675.4,652.3,0,0.0,0,0,18-APR-2022,
OPTSTK,INDIGO,28-Apr-2022,2560.0,PE,0.0,0.0,0.0,582.0,672.3,0,0.0,500,0,18-APR-2022,
OPTSTK,INDIGO,28-Apr-2022,2580.0,PE,0.0,0.0,0.0,711.9,692.25,0,0.0,0,0,18-APR-2022,
OPTSTK,INDIGO,28-Apr-2022,2600.0,PE,0.0,0.0,0.0,730.3,712.25,0,0.0,0,0,18-APR-2022,
OPTSTK,INDIGO,28-Apr-2022,2620.0,PE,0.0,0.0,0.0,748.8,732.2,0,0.0,0,0,18-APR-2022,
OPTSTK,INDIGO,28-Apr-2022,2640.0,PE,0.0,0.0,0.0,767.35,752.2,0,0.0,0,0,18-APR-2022,
OPTSTK,INDIGO,28-Apr-2022,2660.0,PE,0.0,0.0,0.0,786.0,772.2,0,0.0,0,0,18-APR-2022,
OPTSTK,INDIGO,26-May-2022,1200.0,CE,0.0,0.0,0.0,648.7,690.4,0,0.0,0,0,18-APR-2022,
OPTSTK,INDIGO,26-May-2022,1220.0,CE,0.0,0.0,0.0,630.0,670.55,0,0.0,0,0,18-APR-2022,
OPTSTK,INDIGO,26-May-2022,1240.0,CE,0.0,0.0,0.0,611.4,650.75,0,0.0,0,0,18-APR-2022,
OPTSTK,INDIGO,26-May-2022,1260.0,CE,0.0,0.0,0.0,593.0,631.0,0,0.0,0,0,18-APR-2022,
OPTSTK,INDIGO,26-May-2022,1280.0,CE,0.0,0.0,0.0,574.75,611.25,0,0.0,0,0,18-APR-2022,
OPTSTK,INDIGO,26-May-2022,1300.0,CE,0.0,0.0,0.0,556.75,591.6,0,0.0,0,0,18-APR-2022,
OPTSTK,INDIGO,26-May-2022,1320.0,CE,0.0,0.0,0.0,538.9,572.0,0,0.0,0,0,18-APR-2022,
OPTSTK,INDIGO,26-May-2022,1340.0,CE,0.0,0.0,0.0,521.3,552.5,0,0.0,0,0,18-APR-2022,
OPTSTK,INDIGO,26-May-2022,1360.0,CE,0.0,0.0,0.0,503.95,533.1,0,0.0,0,0,18-APR-2022,
OPTSTK,INDIGO,26-May-2022,1380.0,CE,0.0,0.0,0.0,486.8,513.75,0,0.0,0,0,18-APR-2022,
OPTSTK,INDIGO,26-May-2022,1400.0,CE,0.0,0.0,0.0,469.95,494.6,0,0.0,0,0,18-APR-2022,
OPTSTK,INDIGO,26-May-2022,1420.0,CE,0.0,0.0,0.0,453.4,475.55,0,0.0,0,0,18-APR-2022,
OPTSTK,INDIGO,26-May-2022,1440.0,CE,0.0,0.0,0.0,437.1,456.7,0,0.0,0,0,18-APR-2022,
OPTSTK,INDIGO,26-May-2022,1460.0,CE,0.0,0.0,0.0,421.1,438.05,0,0.0,0,0,18-APR-2022,
OPTSTK,INDIGO,26-May-2022,1480.0,CE,0.0,0.0,0.0,405.4,419.6,0,0.0,0,0,18-APR-2022,
OPTSTK,INDIGO,26-May-2022,1500.0,CE,0.0,0.0,0.0,390.0,401.4,0,0.0,0,0,18-APR-2022,
OPTSTK,INDIGO,26-May-2022,1520.0,CE,0.0,0.0,0.0,375.0,383.45,0,0.0,0,0,18-APR-2022,
OPTSTK,INDIGO,26-May-2022,1540.0,CE,0.0,0.0,0.0,360.3,365.8,0,0.0,0,0,18-APR-2022,
OPTSTK,INDIGO,26-May-2022,1560.0,CE,0.0,0.0,0.0,345.95,348.45,0,0.0,0,0,18-APR-2022,
OPTSTK,INDIGO,26-May-2022,1580.0,CE,0.0,0.0,0.0,331.9,331.45,0,0.0,0,0,18-APR-2022,
OPTSTK,INDIGO,26-May-2022,1600.0,CE,0.0,0.0,0.0,318.25,314.8,0,0.0,0,0,18-APR-2022,
OPTSTK,INDIGO,26-May-2022,1620.0,CE,0.0,0.0,0.0,304.95,298.55,0,0.0,0,0,18-APR-2022,
OPTSTK,INDIGO,26-May-2022,1640.0,CE,0.0,0.0,0.0,291.95,282.75,0,0.0,0,0,18-APR-2022,
OPTSTK,INDIGO,26-May-2022,1660.0,CE,0.0,0.0,0.0,279.35,267.3,0,0.0,0,0,18-APR-2022,
OPTSTK,INDIGO,26-May-2022,1680.0,CE,0.0,0.0,0.0,267.15,252.4,0,0.0,0,0,18-APR-2022,
OPTSTK,INDIGO,26-May-2022,1700.0,CE,0.0,0.0,0.0,255.35,237.9,0,0.0,0,0,18-APR-2022,
OPTSTK,INDIGO,26-May-2022,1720.0,CE,0.0,0.0,0.0,243.9,223.9,0,0.0,0,0,18-APR-2022,
OPTSTK,INDIGO,26-May-2022,1740.0,CE,0.0,0.0,0.0,232.8,210.3,0,0.0,0,0,18-APR-2022,
OPTSTK,INDIGO,26-May-2022,1760.0,CE,0.0,0.0,0.0,222.1,197.25,0,0.0,0,0,18-APR-2022,
OPTSTK,INDIGO,26-May-2022,1780.0,CE,0.0,0.0,0.0,211.75,184.75,0,0.0,0,0,18-APR-2022,
OPTSTK,INDIGO,26-May-2022,1800.0,CE,0.0,0.0,0.0,201.75,172.8,0,0.0,0,0,18-APR-2022,
OPTSTK,INDIGO,26-May-2022,1820.0,CE,0.0,0.0,0.0,192.1,161.35,0,0.0,0,0,18-APR-2022,
OPTSTK,INDIGO,26-May-2022,1840.0,CE,0.0,0.0,0.0,182.8,150.4,0,0.0,0,0,18-APR-2022,
OPTSTK,INDIGO,26-May-2022,1860.0,CE,0.0,0.0,0.0,173.9,140.0,0,0.0,0,0,18-APR-2022,
OPTSTK,INDIGO,26-May-2022,1880.0,CE,0.0,0.0,0.0,165.3,130.1,0,0.0,0,0,18-APR-2022,
OPTSTK,INDIGO,26-May-2022,1900.0,CE,80.0,105.1,80.0,105.1,105.1,4,19.95,1000,1000,18-APR-2022,
OPTSTK,INDIGO,26-May-2022,1920.0,CE,0.0,0.0,0.0,149.15,111.8,0,0.0,0,0,18-APR-2022,
OPTSTK,INDIGO,26-May-2022,1940.0,CE,0.0,0.0,0.0,141.55,103.45,0,0.0,0,0,18-APR-2022,
OPTSTK,INDIGO,26-May-2022,1960.0,CE,74.1,74.1,74.1,74.1,95.55,1,5.08,500,250,18-APR-2022,
OPTSTK,INDIGO,26-May-2022,1980.0,CE,0.0,0.0,0.0,127.3,88.1,0,0.0,0,0,18-APR-2022,
OPTSTK,INDIGO,26-May-2022,2000.0,CE,63.9,92.2,37.95,76.1,76.1,14,72.13,3250,2250,18-APR-2022,
OPTSTK,INDIGO,26-May-2022,2020.0,CE,0.0,0.0,0.0,114.25,74.6,0,0.0,0,0,18-APR-2022,
OPTSTK,INDIGO,26-May-2022,2040.0,CE,0.0,0.0,0.0,108.15,68.5,0,0.0,0,0,18-APR-2022,
OPTSTK,INDIGO,26-May-2022,2060.0,CE,0.0,0.0,0.0,102.35,62.8,0,0.0,0,0,18-APR-2022,
OPTSTK,INDIGO,26-May-2022,2080.0,CE,0.0,0.0,0.0,96.8,57.5,0,0.0,0,0,18-APR-2022,
OPTSTK,INDIGO,26-May-2022,2100.0,CE,18.0,18.0,18.0,18.0,52.65,1,5.29,3000,250,18-APR-2022,
OPTSTK,INDIGO,26-May-2022,2120.0,CE,0.0,0.0,0.0,86.55,48.1,0,0.0,0,0,18-APR-2022,
OPTSTK,INDIGO,26-May-2022,2140.0,CE,0.0,0.0,0.0,81.75,43.9,0,0.0,0,0,18-APR-2022,
OPTSTK,INDIGO,26-May-2022,2160.0,CE,0.0,0.0,0.0,77.2,39.9,0,0.0,0,0,18-APR-2022,
OPTSTK,INDIGO,26-May-2022,2180.0,CE,0.0,0.0,0.0,72.85,36.3,0,0.0,0,0,18-APR-2022,
OPTSTK,INDIGO,26-May-2022,2200.0,CE,0.0,0.0,0.0,45.0,33.0,0,0.0,250,0,18-APR-2022,
OPTSTK,INDIGO,26-May-2022,2220.0,CE,0.0,0.0,0.0,64.85,29.9,0,0.0,0,0,18-APR-2022,
OPTSTK,INDIGO,26-May-2022,2240.0,CE,0.0,0.0,0.0,61.15,27.1,0,0.0,0,0,18-APR-2022,
OPTSTK,INDIGO,26-May-2022,2260.0,CE,0.0,0.0,0.0,57.55,24.55,0,0.0,0,0,18-APR-2022,
OPTSTK,INDIGO,26-May-2022,2280.0,CE,0.0,0.0,0.0,54.2,22.2,0,0.0,0,0,18-APR-2022,
OPTSTK,INDIGO,26-May-2022,2300.0,CE,0.0,0.0,0.0,51.05,20.0,0,0.0,0,0,18-APR-2022,
OPTSTK,INDIGO,26-May-2022,2320.0,CE,0.0,0.0,0.0,48.05,18.05,0,0.0,0,0,18-APR-2022,
OPTSTK,INDIGO,26-May-2022,2340.0,CE,0.0,0.0,0.0,45.2,16.25,0,0.0,0,0,18-APR-2022,
OPTSTK,INDIGO,26-May-2022,2360.0,CE,0.0,0.0,0.0,42.5,14.65,0,0.0,0,0,18-APR-2022,
OPTSTK,INDIGO,26-May-2022,2380.0,CE,0.0,0.0,0.0,40.0,13.15,0,0.0,0,0,18-APR-2022,
OPTSTK,INDIGO,26-May-2022,2400.0,CE,0.0,0.0,0.0,37.6,11.8,0,0.0,0,0,18-APR-2022,
OPTSTK,INDIGO,26-May-2022,2420.0,CE,0.0,0.0,0.0,35.3,10.6,0,0.0,0,0,18-APR-2022,
OPTSTK,INDIGO,26-May-2022,2440.0,CE,0.0,0.0,0.0,33.15,9.5,0,0.0,0,0,18-APR-2022,
OPTSTK,INDIGO,26-May-2022,2460.0,CE,0.0,0.0,0.0,31.15,8.5,0,0.0,0,0,18-APR-2022,
OPTSTK,INDIGO,26-May-2022,2480.0,CE,0.0,0.0,0.0,29.25,7.6,0,0.0,0,0,18-APR-2022,
OPTSTK,INDIGO,26-May-2022,2500.0,CE,0.0,0.0,0.0,27.45,6.8,0,0.0,0,0,18-APR-2022,
OPTSTK,INDIGO,26-May-2022,2520.0,CE,0.0,0.0,0.0,25.75,6.05,0,0.0,0,0,18-APR-2022,
OPTSTK,INDIGO,26-May-2022,2540.0,CE,0.0,0.0,0.0,24.15,5.4,0,0.0,0,0,18-APR-2022,
OPTSTK,INDIGO,26-May-2022,2560.0,CE,0.0,0.0,0.0,22.65,4.8,0,0.0,0,0,18-APR-2022,
OPTSTK,INDIGO,26-May-2022,2580.0,CE,0.0,0.0,0.0,21.25,4.3,0,0.0,0,0,18-APR-2022,
OPTSTK,INDIGO,26-May-2022,2600.0,CE,0.0,0.0,0.0,19.9,3.8,0,0.0,0,0,18-APR-2022,
OPTSTK,INDIGO,26-May-2022,2620.0,CE,0.0,0.0,0.0,18.65,3.4,0,0.0,0,0,18-APR-2022,
OPTSTK,INDIGO,26-May-2022,2640.0,CE,0.0,0.0,0.0,17.45,3.0,0,0.0,0,0,18-APR-2022,
OPTSTK,INDIGO,26-May-2022,1200.0,PE,0.0,0.0,0.0,5.6,0.25,0,0.0,0,0,18-APR-2022,
OPTSTK,INDIGO,26-May-2022,1220.0,PE,0.0,0.0,0.0,6.65,0.3,0,0.0,0,0,18-APR-2022,
OPTSTK,INDIGO,26-May-2022,1240.0,PE,0.0,0.0,0.0,7.9,0.45,0,0.0,0,0,18-APR-2022,
OPTSTK,INDIGO,26-May-2022,1260.0,PE,0.0,0.0,0.0,9.25,0.6,0,0.0,0,0,18-APR-2022,
OPTSTK,INDIGO,26-May-2022,1280.0,PE,0.0,0.0,0.0,10.85,0.75,0,0.0,0,0,18-APR-2022,
OPTSTK,INDIGO,26-May-2022,1300.0,PE,0.0,0.0,0.0,12.6,1.0,0,0.0,0,0,18-APR-2022,
OPTSTK,INDIGO,26-May-2022,1320.0,PE,0.0,0.0,0.0,14.55,1.35,0,0.0,0,0,18-APR-2022,
OPTSTK,INDIGO,26-May-2022,1340.0,PE,0.0,0.0,0.0,16.75,1.75,0,0.0,0,0,18-APR-2022,
OPTSTK,INDIGO,26-May-2022,1360.0,PE,0.0,0.0,0.0,19.15,2.2,0,0.0,0,0,18-APR-2022,
OPTSTK,INDIGO,26-May-2022,1380.0,PE,0.0,0.0,0.0,21.85,2.8,0,0.0,0,0,18-APR-2022,
OPTSTK,INDIGO,26-May-2022,1400.0,PE,0.0,0.0,0.0,24.75,3.55,0,0.0,0,0,18-APR-2022,
OPTSTK,INDIGO,26-May-2022,1420.0,PE,0.0,0.0,0.0,27.95,4.45,0,0.0,0,0,18-APR-2022,
OPTSTK,INDIGO,26-May-2022,1440.0,PE,0.0,0.0,0.0,31.45,5.5,0,0.0,0,0,18-APR-2022,
OPTSTK,INDIGO,26-May-2022,1460.0,PE,0.0,0.0,0.0,35.25,6.75,0,0.0,0,0,18-APR-2022,
OPTSTK,INDIGO,26-May-2022,1480.0,PE,0.0,0.0,0.0,39.35,8.2,0,0.0,0,0,18-APR-2022,
OPTSTK,INDIGO,26-May-2022,1500.0,PE,0.0,0.0,0.0,43.75,9.9,0,0.0,0,0,18-APR-2022,
OPTSTK,INDIGO,26-May-2022,1520.0,PE,0.0,0.0,0.0,48.5,11.9,0,0.0,0,0,18-APR-2022,
OPTSTK,INDIGO,26-May-2022,1540.0,PE,0.0,0.0,0.0,53.65,14.15,0,0.0,0,0,18-APR-2022,
OPTSTK,INDIGO,26-May-2022,1560.0,PE,0.0,0.0,0.0,59.05,16.7,0,0.0,0,0,18-APR-2022,
OPTSTK,INDIGO,26-May-2022,1580.0,PE,0.0,0.0,0.0,64.85,19.65,0,0.0,0,0,18-APR-2022,
OPTSTK,INDIGO,26-May-2022,1600.0,PE,0.0,0.0,0.0,70.95,22.9,0,0.0,0,0,18-APR-2022,
OPTSTK,INDIGO,26-May-2022,1620.0,PE,0.0,0.0,0.0,77.45,26.55,0,0.0,0,0,18-APR-2022,
OPTSTK,INDIGO,26-May-2022,1640.0,PE,0.0,0.0,0.0,84.2,30.65,0,0.0,0,0,18-APR-2022,
OPTSTK,INDIGO,26-May-2022,1660.0,PE,0.0,0.0,0.0,91.45,35.15,0,0.0,0,0,18-APR-2022,
OPTSTK,INDIGO,26-May-2022,1680.0,PE,0.0,0.0,0.0,99.05,40.15,0,0.0,0,0,18-APR-2022,
OPTSTK,INDIGO,26-May-2022,1700.0,PE,0.0,0.0,0.0,29.0,45.55,0,0.0,500,0,18-APR-2022,
OPTSTK,INDIGO,26-May-2022,1720.0,PE,0.0,0.0,0.0,115.35,51.45,0,0.0,0,0,18-APR-2022,
OPTSTK,INDIGO,26-May-2022,1740.0,PE,0.0,0.0,0.0,124.05,57.75,0,0.0,0,0,18-APR-2022,
OPTSTK,INDIGO,26-May-2022,1760.0,PE,0.0,0.0,0.0,133.1,64.65,0,0.0,0,0,18-APR-2022,
OPTSTK,INDIGO,26-May-2022,1780.0,PE,0.0,0.0,0.0,142.55,72.05,0,0.0,0,0,18-APR-2022,
OPTSTK,INDIGO,26-May-2022,1800.0,PE,60.0,77.0,60.0,64.95,80.0,5,23.33,2250,750,18-APR-2022,
OPTSTK,INDIGO,26-May-2022,1820.0,PE,0.0,0.0,0.0,162.5,88.45,0,0.0,0,0,18-APR-2022,
OPTSTK,INDIGO,26-May-2022,1840.0,PE,0.0,0.0,0.0,173.0,97.45,0,0.0,0,0,18-APR-2022,
OPTSTK,INDIGO,26-May-2022,1860.0,PE,0.0,0.0,0.0,183.9,106.95,0,0.0,0,0,18-APR-2022,
OPTSTK,INDIGO,26-May-2022,1880.0,PE,0.0,0.0,0.0,195.1,116.95,0,0.0,0,0,18-APR-2022,
OPTSTK,INDIGO,26-May-2022,1900.0,PE,111.45,122.0,110.0,111.5,127.45,9,45.32,3250,2000,18-APR-2022,
OPTSTK,INDIGO,26-May-2022,1920.0,PE,0.0,0.0,0.0,218.5,138.5,0,0.0,0,0,18-APR-2022,
OPTSTK,INDIGO,26-May-2022,1940.0,PE,0.0,0.0,0.0,230.7,150.0,0,0.0,0,0,18-APR-2022,
OPTSTK,INDIGO,26-May-2022,1960.0,PE,0.0,0.0,0.0,243.2,162.05,0,0.0,0,0,18-APR-2022,
OPTSTK,INDIGO,26-May-2022,1980.0,PE,0.0,0.0,0.0,256.0,174.5,0,0.0,0,0,18-APR-2022,
OPTSTK,INDIGO,26-May-2022,2000.0,PE,0.0,0.0,0.0,269.15,187.45,0,0.0,0,0,18-APR-2022,
OPTSTK,INDIGO,26-May-2022,2020.0,PE,0.0,0.0,0.0,282.55,200.85,0,0.0,0,0,18-APR-2022,
OPTSTK,INDIGO,26-May-2022,2040.0,PE,0.0,0.0,0.0,296.25,214.65,0,0.0,0,0,18-APR-2022,
OPTSTK,INDIGO,26-May-2022,2060.0,PE,0.0,0.0,0.0,310.2,228.85,0,0.0,0,0,18-APR-2022,
OPTSTK,INDIGO,26-May-2022,2080.0,PE,0.0,0.0,0.0,324.45,243.45,0,0.0,0,0,18-APR-2022,
OPTSTK,INDIGO,26-May-2022,2100.0,PE,0.0,0.0,0.0,338.95,258.55,0,0.0,0,0,18-APR-2022,
OPTSTK,INDIGO,26-May-2022,2120.0,PE,0.0,0.0,0.0,353.8,273.9,0,0.0,0,0,18-APR-2022,
OPTSTK,INDIGO,26-May-2022,2140.0,PE,0.0,0.0,0.0,368.8,289.6,0,0.0,0,0,18-APR-2022,
OPTSTK,INDIGO,26-May-2022,2160.0,PE,0.0,0.0,0.0,384.05,305.55,0,0.0,0,0,18-APR-2022,
OPTSTK,INDIGO,26-May-2022,2180.0,PE,0.0,0.0,0.0,399.5,321.85,0,0.0,0,0,18-APR-2022,
OPTSTK,INDIGO,26-May-2022,2200.0,PE,0.0,0.0,0.0,415.2,338.4,0,0.0,0,0,18-APR-2022,
OPTSTK,INDIGO,26-May-2022,2220.0,PE,0.0,0.0,0.0,431.05,355.25,0,0.0,0,0,18-APR-2022,
OPTSTK,INDIGO,26-May-2022,2240.0,PE,0.0,0.0,0.0,447.15,372.35,0,0.0,0,0,18-APR-2022,
OPTSTK,INDIGO,26-May-2022,2260.0,PE,0.0,0.0,0.0,463.35,389.7,0,0.0,0,0,18-APR-2022,
OPTSTK,INDIGO,26-May-2022,2280.0,PE,0.0,0.0,0.0,479.8,407.25,0,0.0,0,0,18-APR-2022,
OPTSTK,INDIGO,26-May-2022,2300.0,PE,0.0,0.0,0.0,496.4,425.0,0,0.0,0,0,18-APR-2022,
OPTSTK,INDIGO,26-May-2022,2320.0,PE,0.0,0.0,0.0,513.2,442.95,0,0.0,0,0,18-APR-2022,
OPTSTK,INDIGO,26-May-2022,2340.0,PE,0.0,0.0,0.0,530.15,461.1,0,0.0,0,0,18-APR-2022,
OPTSTK,INDIGO,26-May-2022,2360.0,PE,0.0,0.0,0.0,547.25,479.35,0,0.0,0,0,18-APR-2022,
OPTSTK,INDIGO,26-May-2022,2380.0,PE,0.0,0.0,0.0,564.5,497.8,0,0.0,0,0,18-APR-2022,
OPTSTK,INDIGO,26-May-2022,2400.0,PE,0.0,0.0,0.0,581.9,516.35,0,0.0,0,0,18-APR-2022,
OPTSTK,INDIGO,26-May-2022,2420.0,PE,0.0,0.0,0.0,599.45,535.05,0,0.0,0,0,18-APR-2022,
OPTSTK,INDIGO,26-May-2022,2440.0,PE,0.0,0.0,0.0,617.1,553.85,0,0.0,0,0,18-APR-2022,
OPTSTK,INDIGO,26-May-2022,2460.0,PE,0.0,0.0,0.0,634.85,572.8,0,0.0,0,0,18-APR-2022,
OPTSTK,INDIGO,26-May-2022,2480.0,PE,0.0,0.0,0.0,652.75,591.8,0,0.0,0,0,18-APR-2022,
OPTSTK,INDIGO,26-May-2022,2500.0,PE,0.0,0.0,0.0,670.75,610.9,0,0.0,0,0,18-APR-2022,
OPTSTK,INDIGO,26-May-2022,2520.0,PE,0.0,0.0,0.0,688.8,630.1,0,0.0,0,0,18-APR-2022,
OPTSTK,INDIGO,26-May-2022,2540.0,PE,0.0,0.0,0.0,707.0,649.35,0,0.0,0,0,18-APR-2022,
OPTSTK,INDIGO,26-May-2022,2560.0,PE,0.0,0.0,0.0,725.3,668.65,0,0.0,0,0,18-APR-2022,
OPTSTK,INDIGO,26-May-2022,2580.0,PE,0.0,0.0,0.0,743.65,688.05,0,0.0,0,0,18-APR-2022,
OPTSTK,INDIGO,26-May-2022,2600.0,PE,0.0,0.0,0.0,762.15,707.5,0,0.0,0,0,18-APR-2022,
OPTSTK,INDIGO,26-May-2022,2620.0,PE,0.0,0.0,0.0,780.65,726.95,0,0.0,0,0,18-APR-2022,
OPTSTK,INDIGO,26-May-2022,2640.0,PE,0.0,0.0,0.0,799.3,746.5,0,0.0,0,0,18-APR-2022,
OPTSTK,INDIGO,30-Jun-2022,1260.0,CE,0.0,0.0,0.0,772.7,640.55,0,0.0,0,0,18-APR-2022,
OPTSTK,INDIGO,30-Jun-2022,1280.0,CE,0.0,0.0,0.0,753.85,621.7,0,0.0,0,0,18-APR-2022,
OPTSTK,INDIGO,30-Jun-2022,1300.0,CE,0.0,0.0,0.0,735.1,603.0,0,0.0,0,0,18-APR-2022,
OPTSTK,INDIGO,30-Jun-2022,1320.0,CE,0.0,0.0,0.0,716.5,584.45,0,0.0,0,0,18-APR-2022,
OPTSTK,INDIGO,30-Jun-2022,1340.0,CE,0.0,0.0,0.0,698.05,566.1,0,0.0,0,0,18-APR-2022,
OPTSTK,INDIGO,30-Jun-2022,1360.0,CE,0.0,0.0,0.0,679.7,547.9,0,0.0,0,0,18-APR-2022,
OPTSTK,INDIGO,30-Jun-2022,1380.0,CE,0.0,0.0,0.0,661.55,529.95,0,0.0,0,0,18-APR-2022,
OPTSTK,INDIGO,30-Jun-2022,1400.0,CE,0.0,0.0,0.0,643.6,512.2,0,0.0,0,0,18-APR-2022,
OPTSTK,INDIGO,30-Jun-2022,1420.0,CE,0.0,0.0,0.0,625.8,494.7,0,0.0,0,0,18-APR-2022,
OPTSTK,INDIGO,30-Jun-2022,1440.0,CE,0.0,0.0,0.0,608.2,477.4,0,0.0,0,0,18-APR-2022,
OPTSTK,INDIGO,30-Jun-2022,1460.0,CE,0.0,0.0,0.0,590.8,460.4,0,0.0,0,0,18-APR-2022,
OPTSTK,INDIGO,30-Jun-2022,1480.0,CE,0.0,0.0,0.0,573.6,443.65,0,0.0,0,0,18-APR-2022,
OPTSTK,INDIGO,30-Jun-2022,1500.0,CE,0.0,0.0,0.0,556.65,427.25,0,0.0,0,0,18-APR-2022,
OPTSTK,INDIGO,30-Jun-2022,1520.0,CE,0.0,0.0,0.0,539.95,411.1,0,0.0,0,0,18-APR-2022,
OPTSTK,INDIGO,30-Jun-2022,1540.0,CE,0.0,0.0,0.0,523.45,395.25,0,0.0,0,0,18-APR-2022,
OPTSTK,INDIGO,30-Jun-2022,1560.0,CE,0.0,0.0,0.0,507.2,379.75,0,0.0,0,0,18-APR-2022,
OPTSTK,INDIGO,30-Jun-2022,1580.0,CE,0.0,0.0,0.0,491.25,364.55,0,0.0,0,0,18-APR-2022,
OPTSTK,INDIGO,30-Jun-2022,1600.0,CE,0.0,0.0,0.0,475.55,349.8,0,0.0,0,0,18-APR-2022,
OPTSTK,INDIGO,30-Jun-2022,1620.0,CE,0.0,0.0,0.0,460.15,335.3,0,0.0,0,0,18-APR-2022,
OPTSTK,INDIGO,30-Jun-2022,1640.0,CE,0.0,0.0,0.0,445.0,321.2,0,0.0,0,0,18-APR-2022,
OPTSTK,INDIGO,30-Jun-2022,1660.0,CE,0.0,0.0,0.0,430.2,307.4,0,0.0,0,0,18-APR-2022,
OPTSTK,INDIGO,30-Jun-2022,1680.0,CE,0.0,0.0,0.0,415.65,293.95,0,0.0,0,0,18-APR-2022,
OPTSTK,INDIGO,30-Jun-2022,1700.0,CE,0.0,0.0,0.0,401.4,280.95,0,0.0,0,0,18-APR-2022,
OPTSTK,INDIGO,30-Jun-2022,1720.0,CE,0.0,0.0,0.0,387.4,268.3,0,0.0,0,0,18-APR-2022,
OPTSTK,INDIGO,30-Jun-2022,1740.0,CE,0.0,0.0,0.0,373.75,256.1,0,0.0,0,0,18-APR-2022,
OPTSTK,INDIGO,30-Jun-2022,1760.0,CE,0.0,0.0,0.0,360.4,244.25,0,0.0,0,0,18-APR-2022,
OPTSTK,INDIGO,30-Jun-2022,1780.0,CE,0.0,0.0,0.0,347.3,232.75,0,0.0,0,0,18-APR-2022,
OPTSTK,INDIGO,30-Jun-2022,1800.0,CE,0.0,0.0,0.0,334.6,221.65,0,0.0,0,0,18-APR-2022,
OPTSTK,INDIGO,30-Jun-2022,1820.0,CE,0.0,0.0,0.0,322.2,210.95,0,0.0,0,0,18-APR-2022,
OPTSTK,INDIGO,30-Jun-2022,1840.0,CE,0.0,0.0,0.0,310.15,200.65,0,0.0,0,0,18-APR-2022,
OPTSTK,INDIGO,30-Jun-2022,1860.0,CE,0.0,0.0,0.0,298.4,190.65,0,0.0,0,0,18-APR-2022,
OPTSTK,INDIGO,30-Jun-2022,1880.0,CE,0.0,0.0,0.0,287.0,181.1,0,0.0,0,0,18-APR-2022,
OPTSTK,INDIGO,30-Jun-2022,1900.0,CE,0.0,0.0,0.0,275.9,171.9,0,0.0,0,0,18-APR-2022,
OPTSTK,INDIGO,30-Jun-2022,1920.0,CE,0.0,0.0,0.0,265.1,163.05,0,0.0,0,0,18-APR-2022,
OPTSTK,INDIGO,30-Jun-2022,1940.0,CE,0.0,0.0,0.0,254.6,154.55,0,0.0,0,0,18-APR-2022,
OPTSTK,INDIGO,30-Jun-2022,1960.0,CE,0.0,0.0,0.0,244.45,146.4,0,0.0,0,0,18-APR-2022,
OPTSTK,INDIGO,30-Jun-2022,1980.0,CE,0.0,0.0,0.0,234.55,138.6,0,0.0,0,0,18-APR-2022,
OPTSTK,INDIGO,30-Jun-2022,2000.0,CE,0.0,0.0,0.0,225.0,131.1,0,0.0,0,0,18-APR-2022,
OPTSTK,INDIGO,30-Jun-2022,2020.0,CE,0.0,0.0,0.0,215.75,124.0,0,0.0,0,0,18-APR-2022,
OPTSTK,INDIGO,30-Jun-2022,2040.0,CE,0.0,0.0,0.0,206.8,117.15,0,0.0,0,0,18-APR-2022,
OPTSTK,INDIGO,30-Jun-2022,2060.0,CE,0.0,0.0,0.0,198.15,110.65,0,0.0,0,0,18-APR-2022,
OPTSTK,INDIGO,30-Jun-2022,2080.0,CE,0.0,0.0,0.0,189.8,104.45,0,0.0,0,0,18-APR-2022,
OPTSTK,INDIGO,30-Jun-2022,2100.0,CE,0.0,0.0,0.0,181.7,98.5,0,0.0,0,0,18-APR-2022,
OPTSTK,INDIGO,30-Jun-2022,2120.0,CE,0.0,0.0,0.0,173.9,92.9,0,0.0,0,0,18-APR-2022,
OPTSTK,INDIGO,30-Jun-2022,2140.0,CE,0.0,0.0,0.0,166.4,87.55,0,0.0,0,0,18-APR-2022,
OPTSTK,INDIGO,30-Jun-2022,2160.0,CE,0.0,0.0,0.0,159.1,82.55,0,0.0,0,0,18-APR-2022,
OPTSTK,INDIGO,30-Jun-2022,2180.0,CE,0.0,0.0,0.0,152.1,77.7,0,0.0,0,0,18-APR-2022,
OPTSTK,INDIGO,30-Jun-2022,2200.0,CE,0.0,0.0,0.0,145.4,73.15,0,0.0,0,0,18-APR-2022,
OPTSTK,INDIGO,30-Jun-2022,2220.0,CE,0.0,0.0,0.0,138.9,68.8,0,0.0,0,0,18-APR-2022,
OPTSTK,INDIGO,30-Jun-2022,2240.0,CE,0.0,0.0,0.0,132.65,64.65,0,0.0,0,0,18-APR-2022,
OPTSTK,INDIGO,30-Jun-2022,2260.0,CE,0.0,0.0,0.0,126.65,60.8,0,0.0,0,0,18-APR-2022,
OPTSTK,INDIGO,30-Jun-2022,2280.0,CE,0.0,0.0,0.0,120.85,57.0,0,0.0,0,0,18-APR-2022,
OPTSTK,INDIGO,30-Jun-2022,2300.0,CE,0.0,0.0,0.0,115.35,53.5,0,0.0,0,0,18-APR-2022,
OPTSTK,INDIGO,30-Jun-2022,2320.0,CE,0.0,0.0,0.0,110.0,50.2,0,0.0,0,0,18-APR-2022,
OPTSTK,INDIGO,30-Jun-2022,2340.0,CE,0.0,0.0,0.0,105.0,47.1,0,0.0,0,0,18-APR-2022,
OPTSTK,INDIGO,30-Jun-2022,2360.0,CE,0.0,0.0,0.0,100.1,44.15,0,0.0,0,0,18-APR-2022,
OPTSTK,INDIGO,30-Jun-2022,2380.0,CE,0.0,0.0,0.0,95.4,41.35,0,0.0,0,0,18-APR-2022,
OPTSTK,INDIGO,30-Jun-2022,2400.0,CE,0.0,0.0,0.0,90.9,38.75,0,0.0,0,0,18-APR-2022,
OPTSTK,INDIGO,30-Jun-2022,2420.0,CE,0.0,0.0,0.0,86.6,36.25,0,0.0,0,0,18-APR-2022,
OPTSTK,INDIGO,30-Jun-2022,2440.0,CE,0.0,0.0,0.0,82.5,33.95,0,0.0,0,0,18-APR-2022,
OPTSTK,INDIGO,30-Jun-2022,2460.0,CE,0.0,0.0,0.0,78.55,31.75,0,0.0,0,0,18-APR-2022,
OPTSTK,INDIGO,30-Jun-2022,2480.0,CE,0.0,0.0,0.0,74.75,29.7,0,0.0,0,0,18-APR-2022,
OPTSTK,INDIGO,30-Jun-2022,2500.0,CE,0.0,0.0,0.0,71.15,27.75,0,0.0,0,0,18-APR-2022,
OPTSTK,INDIGO,30-Jun-2022,2520.0,CE,0.0,0.0,0.0,67.6,25.95,0,0.0,0,0,18-APR-2022,
OPTSTK,INDIGO,30-Jun-2022,2540.0,CE,0.0,0.0,0.0,64.3,24.25,0,0.0,0,0,18-APR-2022,
OPTSTK,INDIGO,30-Jun-2022,2560.0,CE,0.0,0.0,0.0,61.15,22.6,0,0.0,0,0,18-APR-2022,
OPTSTK,INDIGO,30-Jun-2022,2580.0,CE,0.0,0.0,0.0,58.1,21.1,0,0.0,0,0,18-APR-2022,
OPTSTK,INDIGO,30-Jun-2022,2600.0,CE,0.0,0.0,0.0,55.25,19.7,0,0.0,0,0,18-APR-2022,
OPTSTK,INDIGO,30-Jun-2022,2620.0,CE,0.0,0.0,0.0,52.5,18.4,0,0.0,0,0,18-APR-2022,
OPTSTK,INDIGO,30-Jun-2022,2640.0,CE,0.0,0.0,0.0,49.85,17.15,0,0.0,0,0,18-APR-2022,
OPTSTK,INDIGO,30-Jun-2022,1260.0,PE,0.0,0.0,0.0,5.3,5.05,0,0.0,0,0,18-APR-2022,
OPTSTK,INDIGO,30-Jun-2022,1280.0,PE,0.0,0.0,0.0,6.25,6.0,0,0.0,0,0,18-APR-2022,
OPTSTK,INDIGO,30-Jun-2022,1300.0,PE,0.0,0.0,0.0,7.3,7.15,0,0.0,0,0,18-APR-2022,
OPTSTK,INDIGO,30-Jun-2022,1320.0,PE,0.0,0.0,0.0,8.45,8.45,0,0.0,0,0,18-APR-2022,
OPTSTK,INDIGO,30-Jun-2022,1340.0,PE,0.0,0.0,0.0,9.8,9.9,0,0.0,0,0,18-APR-2022,
OPTSTK,INDIGO,30-Jun-2022,1360.0,PE,0.0,0.0,0.0,11.25,11.55,0,0.0,0,0,18-APR-2022,
OPTSTK,INDIGO,30-Jun-2022,1380.0,PE,0.0,0.0,0.0,12.9,13.4,0,0.0,0,0,18-APR-2022,
OPTSTK,INDIGO,30-Jun-2022,1400.0,PE,0.0,0.0,0.0,14.7,15.5,0,0.0,0,0,18-APR-2022,
OPTSTK,INDIGO,30-Jun-2022,1420.0,PE,0.0,0.0,0.0,16.7,17.8,0,0.0,0,0,18-APR-2022,
OPTSTK,INDIGO,30-Jun-2022,1440.0,PE,0.0,0.0,0.0,18.9,20.35,0,0.0,0,0,18-APR-2022,
OPTSTK,INDIGO,30-Jun-2022,1460.0,PE,0.0,0.0,0.0,21.3,23.2,0,0.0,0,0,18-APR-2022,
OPTSTK,INDIGO,30-Jun-2022,1480.0,PE,0.0,0.0,0.0,23.9,26.3,0,0.0,0,0,18-APR-2022,
OPTSTK,INDIGO,30-Jun-2022,1500.0,PE,0.0,0.0,0.0,26.75,29.7,0,0.0,0,0,18-APR-2022,
OPTSTK,INDIGO,30-Jun-2022,1520.0,PE,0.0,0.0,0.0,29.8,33.35,0,0.0,0,0,18-APR-2022,
OPTSTK,INDIGO,30-Jun-2022,1540.0,PE,0.0,0.0,0.0,33.1,37.35,0,0.0,0,0,18-APR-2022,
OPTSTK,INDIGO,30-Jun-2022,1560.0,PE,0.0,0.0,0.0,36.65,41.7,0,0.0,0,0,18-APR-2022,
OPTSTK,INDIGO,30-Jun-2022,1580.0,PE,0.0,0.0,0.0,40.5,46.35,0,0.0,0,0,18-APR-2022,
OPTSTK,INDIGO,30-Jun-2022,1600.0,PE,0.0,0.0,0.0,44.6,51.4,0,0.0,0,0,18-APR-2022,
OPTSTK,INDIGO,30-Jun-2022,1620.0,PE,0.0,0.0,0.0,48.95,56.75,0,0.0,0,0,18-APR-2022,
OPTSTK,INDIGO,30-Jun-2022,1640.0,PE,0.0,0.0,0.0,53.6,62.45,0,0.0,0,0,18-APR-2022,
OPTSTK,INDIGO,30-Jun-2022,1660.0,PE,0.0,0.0,0.0,58.6,68.5,0,0.0,0,0,18-APR-2022,
OPTSTK,INDIGO,30-Jun-2022,1680.0,PE,0.0,0.0,0.0,63.85,74.85,0,0.0,0,0,18-APR-2022,
OPTSTK,INDIGO,30-Jun-2022,1700.0,PE,0.0,0.0,0.0,69.35,81.7,0,0.0,0,0,18-APR-2022,
OPTSTK,INDIGO,30-Jun-2022,1720.0,PE,0.0,0.0,0.0,75.2,88.9,0,0.0,0,0,18-APR-2022,
OPTSTK,INDIGO,30-Jun-2022,1740.0,PE,0.0,0.0,0.0,81.3,96.5,0,0.0,0,0,18-APR-2022,
OPTSTK,INDIGO,30-Jun-2022,1760.0,PE,0.0,0.0,0.0,87.75,104.5,0,0.0,0,0,18-APR-2022,
OPTSTK,INDIGO,30-Jun-2022,1780.0,PE,0.0,0.0,0.0,94.45,112.85,0,0.0,0,0,18-APR-2022,
OPTSTK,INDIGO,30-Jun-2022,1800.0,PE,90.0,90.0,90.0,90.0,121.6,1,4.72,250,250,18-APR-2022,
OPTSTK,INDIGO,30-Jun-2022,1820.0,PE,0.0,0.0,0.0,108.95,130.7,0,0.0,0,0,18-APR-2022,
OPTSTK,INDIGO,30-Jun-2022,1840.0,PE,0.0,0.0,0.0,116.65,140.2,0,0.0,0,0,18-APR-2022,
OPTSTK,INDIGO,30-Jun-2022,1860.0,PE,0.0,0.0,0.0,124.7,150.1,0,0.0,0,0,18-APR-2022,
OPTSTK,INDIGO,30-Jun-2022,1880.0,PE,0.0,0.0,0.0,133.05,160.35,0,0.0,0,0,18-APR-2022,
OPTSTK,INDIGO,30-Jun-2022,1900.0,PE,0.0,0.0,0.0,141.75,170.95,0,0.0,0,0,18-APR-2022,
OPTSTK,INDIGO,30-Jun-2022,1920.0,PE,0.0,0.0,0.0,150.75,181.9,0,0.0,0,0,18-APR-2022,
OPTSTK,INDIGO,30-Jun-2022,1940.0,PE,0.0,0.0,0.0,160.05,193.25,0,0.0,0,0,18-APR-2022,
OPTSTK,INDIGO,30-Jun-2022,1960.0,PE,0.0,0.0,0.0,169.7,204.95,0,0.0,0,0,18-APR-2022,
OPTSTK,INDIGO,30-Jun-2022,1980.0,PE,0.0,0.0,0.0,179.6,217.0,0,0.0,0,0,18-APR-2022,
OPTSTK,INDIGO,30-Jun-2022,2000.0,PE,0.0,0.0,0.0,189.85,229.35,0,0.0,0,0,18-APR-2022,
OPTSTK,INDIGO,30-Jun-2022,2020.0,PE,0.0,0.0,0.0,200.4,242.05,0,0.0,0,0,18-APR-2022,
OPTSTK,INDIGO,30-Jun-2022,2040.0,PE,0.0,0.0,0.0,211.2,255.05,0,0.0,0,0,18-APR-2022,
OPTSTK,INDIGO,30-Jun-2022,2060.0,PE,0.0,0.0,0.0,222.35,268.35,0,0.0,0,0,18-APR-2022,
OPTSTK,INDIGO,30-Jun-2022,2080.0,PE,0.0,0.0,0.0,233.75,282.0,0,0.0,0,0,18-APR-2022,
OPTSTK,INDIGO,30-Jun-2022,2100.0,PE,0.0,0.0,0.0,245.5,295.9,0,0.0,0,0,18-APR-2022,
OPTSTK,INDIGO,30-Jun-2022,2120.0,PE,0.0,0.0,0.0,257.45,310.1,0,0.0,0,0,18-APR-2022,
OPTSTK,INDIGO,30-Jun-2022,2140.0,PE,0.0,0.0,0.0,269.7,324.55,0,0.0,0,0,18-APR-2022,
OPTSTK,INDIGO,30-Jun-2022,2160.0,PE,0.0,0.0,0.0,282.25,339.4,0,0.0,0,0,18-APR-2022,
OPTSTK,INDIGO,30-Jun-2022,2180.0,PE,0.0,0.0,0.0,295.05,354.4,0,0.0,0,0,18-APR-2022,
OPTSTK,INDIGO,30-Jun-2022,2200.0,PE,0.0,0.0,0.0,308.1,369.65,0,0.0,0,0,18-APR-2022,
OPTSTK,INDIGO,30-Jun-2022,2220.0,PE,0.0,0.0,0.0,321.4,385.15,0,0.0,0,0,18-APR-2022,
OPTSTK,INDIGO,30-Jun-2022,2240.0,PE,0.0,0.0,0.0,334.95,400.85,0,0.0,0,0,18-APR-2022,
OPTSTK,INDIGO,30-Jun-2022,2260.0,PE,0.0,0.0,0.0,348.75,416.8,0,0.0,0,0,18-APR-2022,
OPTSTK,INDIGO,30-Jun-2022,2280.0,PE,0.0,0.0,0.0,362.75,432.85,0,0.0,0,0,18-APR-2022,
OPTSTK,INDIGO,30-Jun-2022,2300.0,PE,0.0,0.0,0.0,377.0,449.2,0,0.0,0,0,18-APR-2022,
OPTSTK,INDIGO,30-Jun-2022,2320.0,PE,0.0,0.0,0.0,391.45,465.7,0,0.0,0,0,18-APR-2022,
OPTSTK,INDIGO,30-Jun-2022,2340.0,PE,0.0,0.0,0.0,406.25,482.45,0,0.0,0,0,18-APR-2022,
OPTSTK,INDIGO,30-Jun-2022,2360.0,PE,0.0,0.0,0.0,421.15,499.3,0,0.0,0,0,18-APR-2022,
OPTSTK,INDIGO,30-Jun-2022,2380.0,PE,0.0,0.0,0.0,436.25,516.35,0,0.0,0,0,18-APR-2022,
OPTSTK,INDIGO,30-Jun-2022,2400.0,PE,0.0,0.0,0.0,451.55,533.6,0,0.0,0,0,18-APR-2022,
OPTSTK,INDIGO,30-Jun-2022,2420.0,PE,0.0,0.0,0.0,467.0,550.95,0,0.0,0,0,18-APR-2022,
OPTSTK,INDIGO,30-Jun-2022,2440.0,PE,0.0,0.0,0.0,482.7,568.45,0,0.0,0,0,18-APR-2022,
OPTSTK,INDIGO,30-Jun-2022,2460.0,PE,0.0,0.0,0.0,498.55,586.1,0,0.0,0,0,18-APR-2022,
OPTSTK,INDIGO,30-Jun-2022,2480.0,PE,0.0,0.0,0.0,514.55,603.85,0,0.0,0,0,18-APR-2022,
OPTSTK,INDIGO,30-Jun-2022,2500.0,PE,0.0,0.0,0.0,530.7,621.75,0,0.0,0,0,18-APR-2022,
OPTSTK,INDIGO,30-Jun-2022,2520.0,PE,0.0,0.0,0.0,546.95,639.75,0,0.0,0,0,18-APR-2022,
OPTSTK,INDIGO,30-Jun-2022,2540.0,PE,0.0,0.0,0.0,563.45,657.9,0,0.0,0,0,18-APR-2022,
OPTSTK,INDIGO,30-Jun-2022,2560.0,PE,0.0,0.0,0.0,580.1,676.1,0,0.0,0,0,18-APR-2022,
OPTSTK,INDIGO,30-Jun-2022,2580.0,PE,0.0,0.0,0.0,596.85,694.45,0,0.0,0,0,18-APR-2022,
OPTSTK,INDIGO,30-Jun-2022,2600.0,PE,0.0,0.0,0.0,613.75,712.85,0,0.0,0,0,18-APR-2022,
OPTSTK,INDIGO,30-Jun-2022,2620.0,PE,0.0,0.0,0.0,630.8,731.35,0,0.0,0,0,18-APR-2022,
OPTSTK,INDIGO,30-Jun-2022,2640.0,PE,0.0,0.0,0.0,647.95,749.95,0,0.0,0,0,18-APR-2022,
OPTSTK,INDUSINDBK,28-Apr-2022,620.0,CE,0.0,0.0,0.0,285.15,358.1,0,0.0,0,0,18-APR-2022,
OPTSTK,INDUSINDBK,28-Apr-2022,630.0,CE,0.0,0.0,0.0,276.65,348.15,0,0.0,0,0,18-APR-2022,
OPTSTK,INDUSINDBK,28-Apr-2022,640.0,CE,0.0,0.0,0.0,268.25,338.15,0,0.0,0,0,18-APR-2022,
OPTSTK,INDUSINDBK,28-Apr-2022,650.0,CE,0.0,0.0,0.0,259.95,328.15,0,0.0,0,0,18-APR-2022,
OPTSTK,INDUSINDBK,28-Apr-2022,660.0,CE,0.0,0.0,0.0,251.8,318.15,0,0.0,0,0,18-APR-2022,
OPTSTK,INDUSINDBK,28-Apr-2022,670.0,CE,0.0,0.0,0.0,243.8,308.15,0,0.0,0,0,18-APR-2022,
OPTSTK,INDUSINDBK,28-Apr-2022,680.0,CE,0.0,0.0,0.0,235.9,298.2,0,0.0,0,0,18-APR-2022,
OPTSTK,INDUSINDBK,28-Apr-2022,690.0,CE,0.0,0.0,0.0,228.2,288.2,0,0.0,0,0,18-APR-2022,
OPTSTK,INDUSINDBK,28-Apr-2022,700.0,CE,0.0,0.0,0.0,266.0,278.2,0,0.0,900,0,18-APR-2022,
OPTSTK,INDUSINDBK,28-Apr-2022,710.0,CE,0.0,0.0,0.0,213.2,268.25,0,0.0,0,0,18-APR-2022,
OPTSTK,INDUSINDBK,28-Apr-2022,720.0,CE,0.0,0.0,0.0,205.9,258.25,0,0.0,0,0,18-APR-2022,
OPTSTK,INDUSINDBK,28-Apr-2022,730.0,CE,0.0,0.0,0.0,198.8,248.25,0,0.0,0,0,18-APR-2022,
OPTSTK,INDUSINDBK,28-Apr-2022,740.0,CE,0.0,0.0,0.0,191.8,238.3,0,0.0,0,0,18-APR-2022,
OPTSTK,INDUSINDBK,28-Apr-2022,750.0,CE,0.0,0.0,0.0,185.0,228.3,0,0.0,0,0,18-APR-2022,
OPTSTK,INDUSINDBK,28-Apr-2022,760.0,CE,0.0,0.0,0.0,178.35,218.35,0,0.0,0,0,18-APR-2022,
OPTSTK,INDUSINDBK,28-Apr-2022,770.0,CE,0.0,0.0,0.0,171.85,208.4,0,0.0,0,0,18-APR-2022,
OPTSTK,INDUSINDBK,28-Apr-2022,780.0,CE,0.0,0.0,0.0,165.5,198.5,0,0.0,0,0,18-APR-2022,
OPTSTK,INDUSINDBK,28-Apr-2022,790.0,CE,0.0,0.0,0.0,159.35,188.65,0,0.0,0,0,18-APR-2022,
OPTSTK,INDUSINDBK,28-Apr-2022,800.0,CE,0.0,0.0,0.0,156.0,178.8,0,0.0,0,0,18-APR-2022,
OPTSTK,INDUSINDBK,28-Apr-2022,810.0,CE,0.0,0.0,0.0,147.5,169.0,0,0.0,0,0,18-APR-2022,
OPTSTK,INDUSINDBK,28-Apr-2022,820.0,CE,0.0,0.0,0.0,141.85,159.3,0,0.0,0,0,18-APR-2022,
OPTSTK,INDUSINDBK,28-Apr-2022,830.0,CE,0.0,0.0,0.0,136.35,149.7,0,0.0,0,0,18-APR-2022,
OPTSTK,INDUSINDBK,28-Apr-2022,840.0,CE,0.0,0.0,0.0,170.0,140.2,0,0.0,8100,0,18-APR-2022,
OPTSTK,INDUSINDBK,28-Apr-2022,850.0,CE,123.45,123.45,123.45,123.45,130.85,1,8.76,8100,-900,18-APR-2022,
OPTSTK,INDUSINDBK,28-Apr-2022,860.0,CE,0.0,0.0,0.0,120.8,121.7,0,0.0,0,0,18-APR-2022,
OPTSTK,INDUSINDBK,28-Apr-2022,870.0,CE,0.0,0.0,0.0,114.35,112.75,0,0.0,0,0,18-APR-2022,
OPTSTK,INDUSINDBK,28-Apr-2022,880.0,CE,0.0,0.0,0.0,93.7,104.0,0,0.0,2700,0,18-APR-2022,
OPTSTK,INDUSINDBK,28-Apr-2022,890.0,CE,0.0,0.0,0.0,106.65,95.55,0,0.0,0,0,18-APR-2022,
OPTSTK,INDUSINDBK,28-Apr-2022,900.0,CE,80.6,86.0,74.45,80.9,80.9,36,317.91,65700,-16200,18-APR-2022,
OPTSTK,INDUSINDBK,28-Apr-2022,910.0,CE,0.0,0.0,0.0,73.75,79.55,0,0.0,3600,0,18-APR-2022,
OPTSTK,INDUSINDBK,28-Apr-2022,920.0,CE,59.55,63.75,59.55,63.75,72.1,2,17.66,66600,0,18-APR-2022,
OPTSTK,INDUSINDBK,28-Apr-2022,930.0,CE,57.75,59.6,50.3,57.1,57.1,70,621.3,94500,-34200,18-APR-2022,
OPTSTK,INDUSINDBK,28-Apr-2022,940.0,CE,50.95,53.5,43.95,52.2,52.2,56,498.17,194400,-9900,18-APR-2022,
OPTSTK,INDUSINDBK,28-Apr-2022,950.0,CE,38.7,47.4,36.3,45.05,45.05,227,2024.68,199800,-38700,18-APR-2022,
OPTSTK,INDUSINDBK,28-Apr-2022,960.0,CE,36.0,40.1,31.0,38.25,38.25,173,1550.1,157500,9000,18-APR-2022,
OPTSTK,INDUSINDBK,28-Apr-2022,970.0,CE,26.15,34.0,25.7,31.4,31.4,668,6008.28,177300,18900,18-APR-2022,
OPTSTK,INDUSINDBK,28-Apr-2022,980.0,CE,24.7,28.55,21.45,25.95,25.95,1678,15176.76,711900,192600,18-APR-2022,
OPTSTK,INDUSINDBK,28-Apr-2022,990.0,CE,21.5,23.75,16.25,21.9,21.9,933,8487.7,454500,-7200,18-APR-2022,
OPTSTK,INDUSINDBK,28-Apr-2022,1000.0,CE,16.2,19.9,14.35,17.95,17.95,5733,52471.59,2740500,-445500,18-APR-2022,
OPTSTK,INDUSINDBK,28-Apr-2022,1010.0,CE,12.7,15.65,11.85,14.4,14.4,407,3749.93,190800,33300,18-APR-2022,
OPTSTK,INDUSINDBK,28-Apr-2022,1020.0,CE,7.85,12.95,7.85,11.55,11.55,1106,10263.2,331200,23400,18-APR-2022,
OPTSTK,INDUSINDBK,28-Apr-2022,1030.0,CE,8.95,10.0,7.35,9.35,9.35,473,4421.96,187200,5400,18-APR-2022,
OPTSTK,INDUSINDBK,28-Apr-2022,1040.0,CE,7.85,8.0,5.75,7.5,7.5,552,5201.09,243900,9000,18-APR-2022,
OPTSTK,INDUSINDBK,28-Apr-2022,1050.0,CE,3.55,6.3,3.55,5.95,5.95,700,6649.86,423000,-75600,18-APR-2022,
OPTSTK,INDUSINDBK,28-Apr-2022,1060.0,CE,2.8,4.9,2.8,4.7,4.7,397,3802.64,501300,-68400,18-APR-2022,
OPTSTK,INDUSINDBK,28-Apr-2022,1070.0,CE,2.7,4.05,2.7,3.95,3.95,171,1652.05,54000,-4500,18-APR-2022,
OPTSTK,INDUSINDBK,28-Apr-2022,1080.0,CE,2.9,3.3,2.25,3.2,3.2,232,2260.89,126900,0,18-APR-2022,
OPTSTK,INDUSINDBK,28-Apr-2022,1090.0,CE,2.5,2.8,1.85,2.7,2.7,149,1464.77,34200,7200,18-APR-2022,
OPTSTK,INDUSINDBK,28-Apr-2022,1100.0,CE,2.0,2.4,1.55,2.3,2.3,751,7448.03,1070100,-26100,18-APR-2022,
OPTSTK,INDUSINDBK,28-Apr-2022,1110.0,CE,1.5,2.05,1.25,1.95,1.95,237,2371.07,83700,43200,18-APR-2022,
OPTSTK,INDUSINDBK,28-Apr-2022,1120.0,CE,1.35,1.75,1.05,1.7,1.7,250,2522.96,60300,-27900,18-APR-2022,
OPTSTK,INDUSINDBK,28-Apr-2022,1130.0,CE,1.25,1.55,0.85,1.5,1.5,204,2076.77,18900,0,18-APR-2022,
OPTSTK,INDUSINDBK,28-Apr-2022,1140.0,CE,1.05,1.4,0.7,1.4,1.4,140,1437.66,34200,-18000,18-APR-2022,
OPTSTK,INDUSINDBK,28-Apr-2022,1150.0,CE,0.9,1.2,0.6,1.15,1.15,207,2144.03,101700,-41400,18-APR-2022,
OPTSTK,INDUSINDBK,28-Apr-2022,1160.0,CE,0.75,1.15,0.55,1.15,1.15,90,940.26,19800,2700,18-APR-2022,
OPTSTK,INDUSINDBK,28-Apr-2022,1170.0,CE,0.0,0.0,0.0,2.2,1.1,0,0.0,4500,0,18-APR-2022,
OPTSTK,INDUSINDBK,28-Apr-2022,1180.0,CE,0.0,0.0,0.0,27.95,0.9,0,0.0,0,0,18-APR-2022,
OPTSTK,INDUSINDBK,28-Apr-2022,1190.0,CE,0.0,0.0,0.0,26.6,0.7,0,0.0,0,0,18-APR-2022,
OPTSTK,INDUSINDBK,28-Apr-2022,1200.0,CE,0.7,0.9,0.3,0.8,0.8,283,3058.15,112500,-32400,18-APR-2022,
OPTSTK,INDUSINDBK,28-Apr-2022,1210.0,CE,0.5,0.5,0.5,0.5,0.45,2,21.78,9900,-1800,18-APR-2022,
OPTSTK,INDUSINDBK,28-Apr-2022,1220.0,CE,0.0,0.0,0.0,22.9,0.35,0,0.0,0,0,18-APR-2022,
OPTSTK,INDUSINDBK,28-Apr-2022,1230.0,CE,0.0,0.0,0.0,21.8,0.25,0,0.0,0,0,18-APR-2022,
OPTSTK,INDUSINDBK,28-Apr-2022,1240.0,CE,0.0,0.0,0.0,20.7,0.2,0,0.0,0,0,18-APR-2022,
OPTSTK,INDUSINDBK,28-Apr-2022,1250.0,CE,0.0,0.0,0.0,1.0,0.15,0,0.0,2700,0,18-APR-2022,
OPTSTK,INDUSINDBK,28-Apr-2022,1260.0,CE,0.0,0.0,0.0,18.75,0.15,0,0.0,0,0,18-APR-2022,
OPTSTK,INDUSINDBK,28-Apr-2022,1270.0,CE,0.0,0.0,0.0,17.8,0.1,0,0.0,0,0,18-APR-2022,
OPTSTK,INDUSINDBK,28-Apr-2022,620.0,PE,0.0,0.0,0.0,10.6,0.0,0,0.0,0,0,18-APR-2022,
OPTSTK,INDUSINDBK,28-Apr-2022,630.0,PE,0.0,0.0,0.0,12.0,0.0,0,0.0,0,0,18-APR-2022,
OPTSTK,INDUSINDBK,28-Apr-2022,640.0,PE,0.0,0.0,0.0,13.45,0.0,0,0.0,0,0,18-APR-2022,
OPTSTK,INDUSINDBK,28-Apr-2022,650.0,PE,0.0,0.0,0.0,15.1,0.0,0,0.0,0,0,18-APR-2022,
OPTSTK,INDUSINDBK,28-Apr-2022,660.0,PE,0.0,0.0,0.0,16.85,0.0,0,0.0,0,0,18-APR-2022,
OPTSTK,INDUSINDBK,28-Apr-2022,670.0,PE,0.0,0.0,0.0,18.7,0.0,0,0.0,0,0,18-APR-2022,
OPTSTK,INDUSINDBK,28-Apr-2022,680.0,PE,0.0,0.0,0.0,20.75,0.0,0,0.0,0,0,18-APR-2022,
OPTSTK,INDUSINDBK,28-Apr-2022,690.0,PE,0.0,0.0,0.0,22.9,0.0,0,0.0,0,0,18-APR-2022,
OPTSTK,INDUSINDBK,28-Apr-2022,700.0,PE,0.4,0.45,0.4,0.4,0.4,4,25.21,46800,-1800,18-APR-2022,
OPTSTK,INDUSINDBK,28-Apr-2022,710.0,PE,0.0,0.0,0.0,27.7,0.05,0,0.0,0,0,18-APR-2022,
OPTSTK,INDUSINDBK,28-Apr-2022,720.0,PE,0.0,0.0,0.0,30.3,0.05,0,0.0,0,0,18-APR-2022,
OPTSTK,INDUSINDBK,28-Apr-2022,730.0,PE,0.0,0.0,0.0,33.1,0.05,0,0.0,0,0,18-APR-2022,
OPTSTK,INDUSINDBK,28-Apr-2022,740.0,PE,0.0,0.0,0.0,36.0,0.05,0,0.0,0,0,18-APR-2022,
OPTSTK,INDUSINDBK,28-Apr-2022,750.0,PE,0.7,0.7,0.7,0.7,0.05,1,6.75,39600,0,18-APR-2022,
OPTSTK,INDUSINDBK,28-Apr-2022,760.0,PE,0.0,0.0,0.0,42.35,0.1,0,0.0,0,0,18-APR-2022,
OPTSTK,INDUSINDBK,28-Apr-2022,770.0,PE,0.0,0.0,0.0,45.75,0.15,0,0.0,0,0,18-APR-2022,
OPTSTK,INDUSINDBK,28-Apr-2022,780.0,PE,0.0,0.0,0.0,1.4,0.25,0,0.0,9900,0,18-APR-2022,
OPTSTK,INDUSINDBK,28-Apr-2022,790.0,PE,0.0,0.0,0.0,53.0,0.35,0,0.0,0,0,18-APR-2022,
OPTSTK,INDUSINDBK,28-Apr-2022,800.0,PE,2.0,2.0,1.3,1.8,1.8,240,1731.39,303300,-23400,18-APR-2022,
OPTSTK,INDUSINDBK,28-Apr-2022,810.0,PE,0.0,0.0,0.0,1.75,0.7,0,0.0,6300,0,18-APR-2022,
OPTSTK,INDUSINDBK,28-Apr-2022,820.0,PE,2.2,2.2,2.2,2.2,2.2,2,14.79,39600,0,18-APR-2022,
OPTSTK,INDUSINDBK,28-Apr-2022,830.0,PE,0.0,0.0,0.0,69.6,1.35,0,0.0,0,0,18-APR-2022,
OPTSTK,INDUSINDBK,28-Apr-2022,840.0,PE,2.55,2.8,1.95,2.6,2.6,125,947.75,83700,-44100,18-APR-2022,
OPTSTK,INDUSINDBK,28-Apr-2022,850.0,PE,2.1,3.15,2.1,2.75,2.75,364,2792.73,160200,-49500,18-APR-2022,
OPTSTK,INDUSINDBK,28-Apr-2022,860.0,PE,2.55,3.65,2.45,3.3,3.3,111,862.08,53100,-1800,18-APR-2022,
OPTSTK,INDUSINDBK,28-Apr-2022,870.0,PE,3.0,4.25,2.65,3.65,3.65,361,2837.17,62100,-17100,18-APR-2022,
OPTSTK,INDUSINDBK,28-Apr-2022,880.0,PE,3.35,5.0,3.15,4.25,4.25,82,652.3,50400,-7200,18-APR-2022,
OPTSTK,INDUSINDBK,28-Apr-2022,890.0,PE,5.05,5.9,3.55,5.05,5.05,72,579.73,47700,-6300,18-APR-2022,
OPTSTK,INDUSINDBK,28-Apr-2022,900.0,PE,5.9,7.2,4.2,6.05,6.05,926,7546.6,618300,17100,18-APR-2022,
OPTSTK,INDUSINDBK,28-Apr-2022,910.0,PE,5.5,8.6,5.05,7.0,7.0,244,2012.8,106200,29700,18-APR-2022,
OPTSTK,INDUSINDBK,28-Apr-2022,920.0,PE,8.15,10.5,6.05,8.25,8.25,460,3842.57,186300,8100,18-APR-2022,
OPTSTK,INDUSINDBK,28-Apr-2022,930.0,PE,9.7,12.9,7.55,10.55,10.55,560,4736.66,205200,3600,18-APR-2022,
OPTSTK,INDUSINDBK,28-Apr-2022,940.0,PE,11.5,15.7,9.4,11.55,11.55,540,4628.6,256500,-900,18-APR-2022,
OPTSTK,INDUSINDBK,28-Apr-2022,950.0,PE,17.75,19.8,12.05,14.2,14.2,576,5006.02,369900,9000,18-APR-2022,
OPTSTK,INDUSINDBK,28-Apr-2022,960.0,PE,18.45,23.75,15.25,17.6,17.6,570,5021.89,188100,-5400,18-APR-2022,
OPTSTK,INDUSINDBK,28-Apr-2022,970.0,PE,22.5,28.4,19.05,22.05,22.05,706,6313.47,147600,3600,18-APR-2022,
OPTSTK,INDUSINDBK,28-Apr-2022,980.0,PE,27.0,33.95,23.35,26.25,26.25,694,6292.44,301500,31500,18-APR-2022,
OPTSTK,INDUSINDBK,28-Apr-2022,990.0,PE,31.0,40.0,28.35,31.25,31.25,178,1639.85,101700,-9000,18-APR-2022,
OPTSTK,INDUSINDBK,28-Apr-2022,1000.0,PE,39.8,46.7,34.4,36.65,36.65,217,2030.8,512100,3600,18-APR-2022,
OPTSTK,INDUSINDBK,28-Apr-2022,1010.0,PE,46.1,53.45,40.65,41.55,41.55,25,237.46,31500,8100,18-APR-2022,
OPTSTK,INDUSINDBK,28-Apr-2022,1020.0,PE,60.95,60.95,47.25,58.85,61.65,5,48.33,25200,-900,18-APR-2022,
OPTSTK,INDUSINDBK,28-Apr-2022,1030.0,PE,58.05,70.0,58.05,70.0,68.7,5,49.3,3600,1800,18-APR-2022,
OPTSTK,INDUSINDBK,28-Apr-2022,1040.0,PE,0.0,0.0,0.0,87.4,76.15,0,0.0,900,0,18-APR-2022,
OPTSTK,INDUSINDBK,28-Apr-2022,1050.0,PE,76.3,84.2,76.3,81.5,83.85,8,81.23,9000,-900,18-APR-2022,
OPTSTK,INDUSINDBK,28-Apr-2022,1060.0,PE,0.0,0.0,0.0,126.0,91.85,0,0.0,1800,0,18-APR-2022,
OPTSTK,INDUSINDBK,28-Apr-2022,1070.0,PE,0.0,0.0,0.0,218.4,100.15,0,0.0,0,0,18-APR-2022,
OPTSTK,INDUSINDBK,28-Apr-2022,1080.0,PE,0.0,0.0,0.0,88.0,108.65,0,0.0,2700,0,18-APR-2022,
OPTSTK,INDUSINDBK,28-Apr-2022,1090.0,PE,0.0,0.0,0.0,233.85,117.4,0,0.0,0,0,18-APR-2022,
OPTSTK,INDUSINDBK,28-Apr-2022,1100.0,PE,120.75,120.75,120.75,120.75,126.3,1,10.98,16200,-900,18-APR-2022,
OPTSTK,INDUSINDBK,28-Apr-2022,1110.0,PE,0.0,0.0,0.0,249.7,135.4,0,0.0,0,0,18-APR-2022,
OPTSTK,INDUSINDBK,28-Apr-2022,1120.0,PE,0.0,0.0,0.0,257.75,144.65,0,0.0,0,0,18-APR-2022,
OPTSTK,INDUSINDBK,28-Apr-2022,1130.0,PE,0.0,0.0,0.0,265.9,154.0,0,0.0,0,0,18-APR-2022,
OPTSTK,INDUSINDBK,28-Apr-2022,1140.0,PE,0.0,0.0,0.0,202.0,163.5,0,0.0,900,0,18-APR-2022,
OPTSTK,INDUSINDBK,28-Apr-2022,1150.0,PE,0.0,0.0,0.0,282.35,173.05,0,0.0,0,0,18-APR-2022,
OPTSTK,INDUSINDBK,28-Apr-2022,1160.0,PE,0.0,0.0,0.0,290.7,182.7,0,0.0,0,0,18-APR-2022,
OPTSTK,INDUSINDBK,28-Apr-2022,1170.0,PE,0.0,0.0,0.0,299.1,192.4,0,0.0,0,0,18-APR-2022,
OPTSTK,INDUSINDBK,28-Apr-2022,1180.0,PE,0.0,0.0,0.0,307.55,202.15,0,0.0,0,0,18-APR-2022,
OPTSTK,INDUSINDBK,28-Apr-2022,1190.0,PE,0.0,0.0,0.0,316.1,211.95,0,0.0,0,0,18-APR-2022,
OPTSTK,INDUSINDBK,28-Apr-2022,1200.0,PE,0.0,0.0,0.0,324.7,221.8,0,0.0,0,0,18-APR-2022,
OPTSTK,INDUSINDBK,28-Apr-2022,1210.0,PE,0.0,0.0,0.0,333.4,231.65,0,0.0,0,0,18-APR-2022,
OPTSTK,INDUSINDBK,28-Apr-2022,1220.0,PE,0.0,0.0,0.0,342.1,241.55,0,0.0,0,0,18-APR-2022,
OPTSTK,INDUSINDBK,28-Apr-2022,1230.0,PE,0.0,0.0,0.0,350.9,251.5,0,0.0,0,0,18-APR-2022,
OPTSTK,INDUSINDBK,28-Apr-2022,1240.0,PE,0.0,0.0,0.0,359.7,261.4,0,0.0,0,0,18-APR-2022,
OPTSTK,INDUSINDBK,28-Apr-2022,1250.0,PE,0.0,0.0,0.0,368.6,271.35,0,0.0,0,0,18-APR-2022,
OPTSTK,INDUSINDBK,28-Apr-2022,1260.0,PE,0.0,0.0,0.0,377.5,281.3,0,0.0,0,0,18-APR-2022,
OPTSTK,INDUSINDBK,28-Apr-2022,1270.0,PE,0.0,0.0,0.0,386.45,291.3,0,0.0,0,0,18-APR-2022,
OPTSTK,INDUSINDBK,26-May-2022,620.0,CE,0.0,0.0,0.0,273.25,360.45,0,0.0,0,0,18-APR-2022,
OPTSTK,INDUSINDBK,26-May-2022,630.0,CE,0.0,0.0,0.0,264.8,350.55,0,0.0,0,0,18-APR-2022,
OPTSTK,INDUSINDBK,26-May-2022,640.0,CE,0.0,0.0,0.0,256.45,340.7,0,0.0,0,0,18-APR-2022,
OPTSTK,INDUSINDBK,26-May-2022,650.0,CE,0.0,0.0,0.0,248.25,330.9,0,0.0,0,0,18-APR-2022,
OPTSTK,INDUSINDBK,26-May-2022,660.0,CE,0.0,0.0,0.0,240.2,321.1,0,0.0,0,0,18-APR-2022,
OPTSTK,INDUSINDBK,26-May-2022,670.0,CE,0.0,0.0,0.0,232.3,311.35,0,0.0,0,0,18-APR-2022,
OPTSTK,INDUSINDBK,26-May-2022,680.0,CE,0.0,0.0,0.0,224.5,301.65,0,0.0,0,0,18-APR-2022,
OPTSTK,INDUSINDBK,26-May-2022,690.0,CE,0.0,0.0,0.0,216.9,292.0,0,0.0,0,0,18-APR-2022,
OPTSTK,INDUSINDBK,26-May-2022,700.0,CE,0.0,0.0,0.0,209.4,282.4,0,0.0,0,0,18-APR-2022,
OPTSTK,INDUSINDBK,26-May-2022,710.0,CE,0.0,0.0,0.0,202.1,272.85,0,0.0,0,0,18-APR-2022,
OPTSTK,INDUSINDBK,26-May-2022,720.0,CE,0.0,0.0,0.0,194.95,263.4,0,0.0,0,0,18-APR-2022,
OPTSTK,INDUSINDBK,26-May-2022,730.0,CE,0.0,0.0,0.0,187.95,254.05,0,0.0,0,0,18-APR-2022,
OPTSTK,INDUSINDBK,26-May-2022,740.0,CE,0.0,0.0,0.0,181.1,244.75,0,0.0,0,0,18-APR-2022,
OPTSTK,INDUSINDBK,26-May-2022,750.0,CE,0.0,0.0,0.0,174.4,235.6,0,0.0,0,0,18-APR-2022,
OPTSTK,INDUSINDBK,26-May-2022,760.0,CE,0.0,0.0,0.0,167.9,226.5,0,0.0,0,0,18-APR-2022,
OPTSTK,INDUSINDBK,26-May-2022,770.0,CE,0.0,0.0,0.0,161.55,217.6,0,0.0,0,0,18-APR-2022,
OPTSTK,INDUSINDBK,26-May-2022,780.0,CE,0.0,0.0,0.0,155.35,208.75,0,0.0,0,0,18-APR-2022,
OPTSTK,INDUSINDBK,26-May-2022,790.0,CE,0.0,0.0,0.0,149.35,200.1,0,0.0,0,0,18-APR-2022,
OPTSTK,INDUSINDBK,26-May-2022,800.0,CE,0.0,0.0,0.0,143.55,191.55,0,0.0,0,0,18-APR-2022,
OPTSTK,INDUSINDBK,26-May-2022,810.0,CE,0.0,0.0,0.0,137.85,183.2,0,0.0,0,0,18-APR-2022,
OPTSTK,INDUSINDBK,26-May-2022,820.0,CE,0.0,0.0,0.0,132.35,175.0,0,0.0,0,0,18-APR-2022,
OPTSTK,INDUSINDBK,26-May-2022,830.0,CE,0.0,0.0,0.0,127.05,167.0,0,0.0,0,0,18-APR-2022,
OPTSTK,INDUSINDBK,26-May-2022,840.0,CE,0.0,0.0,0.0,121.85,159.15,0,0.0,0,0,18-APR-2022,
OPTSTK,INDUSINDBK,26-May-2022,850.0,CE,0.0,0.0,0.0,116.85,151.5,0,0.0,0,0,18-APR-2022,
OPTSTK,INDUSINDBK,26-May-2022,860.0,CE,0.0,0.0,0.0,112.0,144.1,0,0.0,0,0,18-APR-2022,
OPTSTK,INDUSINDBK,26-May-2022,870.0,CE,0.0,0.0,0.0,107.3,136.85,0,0.0,0,0,18-APR-2022,
OPTSTK,INDUSINDBK,26-May-2022,880.0,CE,0.0,0.0,0.0,102.8,129.85,0,0.0,0,0,18-APR-2022,
OPTSTK,INDUSINDBK,26-May-2022,890.0,CE,0.0,0.0,0.0,98.4,123.0,0,0.0,0,0,18-APR-2022,
OPTSTK,INDUSINDBK,26-May-2022,900.0,CE,93.0,93.0,93.0,93.0,116.4,1,8.93,5400,900,18-APR-2022,
OPTSTK,INDUSINDBK,26-May-2022,910.0,CE,0.0,0.0,0.0,90.1,110.05,0,0.0,0,0,18-APR-2022,
OPTSTK,INDUSINDBK,26-May-2022,920.0,CE,0.0,0.0,0.0,86.15,103.95,0,0.0,0,0,18-APR-2022,
OPTSTK,INDUSINDBK,26-May-2022,930.0,CE,0.0,0.0,0.0,82.4,98.05,0,0.0,0,0,18-APR-2022,
OPTSTK,INDUSINDBK,26-May-2022,940.0,CE,0.0,0.0,0.0,78.75,92.35,0,0.0,0,0,18-APR-2022,
OPTSTK,INDUSINDBK,26-May-2022,950.0,CE,60.65,69.95,60.55,62.05,86.9,19,173.57,8100,3600,18-APR-2022,
OPTSTK,INDUSINDBK,26-May-2022,960.0,CE,62.65,62.65,62.65,62.65,81.7,1,9.2,900,900,18-APR-2022,
OPTSTK,INDUSINDBK,26-May-2022,970.0,CE,0.0,0.0,0.0,68.6,76.7,0,0.0,0,0,18-APR-2022,
OPTSTK,INDUSINDBK,26-May-2022,980.0,CE,50.0,50.0,45.25,45.25,45.25,5,46.22,2700,2700,18-APR-2022,
OPTSTK,INDUSINDBK,26-May-2022,990.0,CE,0.0,0.0,0.0,62.45,67.4,0,0.0,0,0,18-APR-2022,
OPTSTK,INDUSINDBK,26-May-2022,1000.0,CE,39.0,43.2,34.55,40.3,40.3,381,3564.81,337500,150300,18-APR-2022,
OPTSTK,INDUSINDBK,26-May-2022,1010.0,CE,40.0,40.0,33.0,33.0,33.0,5,47.01,4500,3600,18-APR-2022,
OPTSTK,INDUSINDBK,26-May-2022,1020.0,CE,0.0,0.0,0.0,54.15,55.05,0,0.0,0,0,18-APR-2022,
OPTSTK,INDUSINDBK,26-May-2022,1030.0,CE,0.0,0.0,0.0,51.65,51.35,0,0.0,0,0,18-APR-2022,
OPTSTK,INDUSINDBK,26-May-2022,1040.0,CE,0.0,0.0,0.0,30.0,47.85,0,0.0,3600,0,18-APR-2022,
OPTSTK,INDUSINDBK,26-May-2022,1050.0,CE,0.0,0.0,0.0,29.0,44.55,0,0.0,900,0,18-APR-2022,
OPTSTK,INDUSINDBK,26-May-2022,1060.0,CE,0.0,0.0,0.0,44.7,41.4,0,0.0,0,0,18-APR-2022,
OPTSTK,INDUSINDBK,26-May-2022,1070.0,CE,0.0,0.0,0.0,42.55,38.5,0,0.0,0,0,18-APR-2022,
OPTSTK,INDUSINDBK,26-May-2022,1080.0,CE,0.0,0.0,0.0,17.0,35.7,0,0.0,3600,0,18-APR-2022,
OPTSTK,INDUSINDBK,26-May-2022,1090.0,CE,14.0,14.0,14.0,14.0,14.0,1,9.93,0,-900,18-APR-2022,
OPTSTK,INDUSINDBK,26-May-2022,1100.0,CE,13.0,14.95,10.65,13.3,13.3,58,580.7,113400,9000,18-APR-2022,
OPTSTK,INDUSINDBK,26-May-2022,1110.0,CE,0.0,0.0,0.0,34.9,28.45,0,0.0,0,0,18-APR-2022,
OPTSTK,INDUSINDBK,26-May-2022,1120.0,CE,0.0,0.0,0.0,33.15,26.3,0,0.0,0,0,18-APR-2022,
OPTSTK,INDUSINDBK,26-May-2022,1130.0,CE,0.0,0.0,0.0,31.55,24.25,0,0.0,0,0,18-APR-2022,
OPTSTK,INDUSINDBK,26-May-2022,1140.0,CE,0.0,0.0,0.0,30.0,22.4,0,0.0,0,0,18-APR-2022,
OPTSTK,INDUSINDBK,26-May-2022,1150.0,CE,0.0,0.0,0.0,28.5,20.65,0,0.0,0,0,18-APR-2022,
OPTSTK,INDUSINDBK,26-May-2022,1160.0,CE,0.0,0.0,0.0,27.1,19.0,0,0.0,0,0,18-APR-2022,
OPTSTK,INDUSINDBK,26-May-2022,1170.0,CE,0.0,0.0,0.0,25.75,17.5,0,0.0,0,0,18-APR-2022,
OPTSTK,INDUSINDBK,26-May-2022,1180.0,CE,0.0,0.0,0.0,24.45,16.1,0,0.0,0,0,18-APR-2022,
OPTSTK,INDUSINDBK,26-May-2022,1190.0,CE,0.0,0.0,0.0,23.2,14.8,0,0.0,0,0,18-APR-2022,
OPTSTK,INDUSINDBK,26-May-2022,1200.0,CE,0.0,0.0,0.0,6.4,13.6,0,0.0,4500,0,18-APR-2022,
OPTSTK,INDUSINDBK,26-May-2022,1210.0,CE,0.0,0.0,0.0,20.95,12.45,0,0.0,0,0,18-APR-2022,
OPTSTK,INDUSINDBK,26-May-2022,1220.0,CE,0.0,0.0,0.0,19.9,11.45,0,0.0,0,0,18-APR-2022,
OPTSTK,INDUSINDBK,26-May-2022,1230.0,CE,0.0,0.0,0.0,18.85,10.45,0,0.0,0,0,18-APR-2022,
OPTSTK,INDUSINDBK,26-May-2022,1240.0,CE,0.0,0.0,0.0,17.9,9.6,0,0.0,0,0,18-APR-2022,
OPTSTK,INDUSINDBK,26-May-2022,1250.0,CE,0.0,0.0,0.0,1.0,8.75,0,0.0,0,0,18-APR-2022,
OPTSTK,INDUSINDBK,26-May-2022,1260.0,CE,0.0,0.0,0.0,16.1,8.0,0,0.0,0,0,18-APR-2022,
OPTSTK,INDUSINDBK,26-May-2022,620.0,PE,0.0,0.0,0.0,11.1,0.3,0,0.0,0,0,18-APR-2022,
OPTSTK,INDUSINDBK,26-May-2022,630.0,PE,0.0,0.0,0.0,12.55,0.4,0,0.0,0,0,18-APR-2022,
OPTSTK,INDUSINDBK,26-May-2022,640.0,PE,0.0,0.0,0.0,14.1,0.5,0,0.0,0,0,18-APR-2022,
OPTSTK,INDUSINDBK,26-May-2022,650.0,PE,0.0,0.0,0.0,15.8,0.6,0,0.0,0,0,18-APR-2022,
OPTSTK,INDUSINDBK,26-May-2022,660.0,PE,0.0,0.0,0.0,17.65,0.8,0,0.0,0,0,18-APR-2022,
OPTSTK,INDUSINDBK,26-May-2022,670.0,PE,0.0,0.0,0.0,19.6,1.0,0,0.0,0,0,18-APR-2022,
OPTSTK,INDUSINDBK,26-May-2022,680.0,PE,0.0,0.0,0.0,21.75,1.25,0,0.0,0,0,18-APR-2022,
OPTSTK,INDUSINDBK,26-May-2022,690.0,PE,0.0,0.0,0.0,24.0,1.55,0,0.0,0,0,18-APR-2022,
OPTSTK,INDUSINDBK,26-May-2022,700.0,PE,0.0,0.0,0.0,7.5,1.9,0,0.0,1800,0,18-APR-2022,
OPTSTK,INDUSINDBK,26-May-2022,710.0,PE,0.0,0.0,0.0,29.0,2.35,0,0.0,0,0,18-APR-2022,
OPTSTK,INDUSINDBK,26-May-2022,720.0,PE,0.0,0.0,0.0,31.75,2.85,0,0.0,0,0,18-APR-2022,
OPTSTK,INDUSINDBK,26-May-2022,730.0,PE,0.0,0.0,0.0,34.65,3.4,0,0.0,0,0,18-APR-2022,
OPTSTK,INDUSINDBK,26-May-2022,740.0,PE,0.0,0.0,0.0,37.7,4.1,0,0.0,0,0,18-APR-2022,
OPTSTK,INDUSINDBK,26-May-2022,750.0,PE,0.0,0.0,0.0,40.9,4.9,0,0.0,0,0,18-APR-2022,
OPTSTK,INDUSINDBK,26-May-2022,760.0,PE,0.0,0.0,0.0,44.3,5.75,0,0.0,0,0,18-APR-2022,
OPTSTK,INDUSINDBK,26-May-2022,770.0,PE,0.0,0.0,0.0,47.8,6.8,0,0.0,0,0,18-APR-2022,
OPTSTK,INDUSINDBK,26-May-2022,780.0,PE,0.0,0.0,0.0,51.55,7.9,0,0.0,0,0,18-APR-2022,
OPTSTK,INDUSINDBK,26-May-2022,790.0,PE,0.0,0.0,0.0,98.95,9.2,0,0.0,900,0,18-APR-2022,
OPTSTK,INDUSINDBK,26-May-2022,800.0,PE,8.0,8.0,8.0,8.0,10.65,1,7.27,6300,900,18-APR-2022,
OPTSTK,INDUSINDBK,26-May-2022,810.0,PE,0.0,0.0,0.0,63.75,12.25,0,0.0,0,0,18-APR-2022,
OPTSTK,INDUSINDBK,26-May-2022,820.0,PE,0.0,0.0,0.0,68.15,14.0,0,0.0,0,0,18-APR-2022,
OPTSTK,INDUSINDBK,26-May-2022,830.0,PE,0.0,0.0,0.0,72.7,15.95,0,0.0,0,0,18-APR-2022,
OPTSTK,INDUSINDBK,26-May-2022,840.0,PE,0.0,0.0,0.0,77.4,18.05,0,0.0,0,0,18-APR-2022,
OPTSTK,INDUSINDBK,26-May-2022,850.0,PE,8.0,8.5,8.0,8.5,20.35,2,15.44,5400,1800,18-APR-2022,
OPTSTK,INDUSINDBK,26-May-2022,860.0,PE,0.0,0.0,0.0,87.35,22.9,0,0.0,0,0,18-APR-2022,
OPTSTK,INDUSINDBK,26-May-2022,870.0,PE,0.0,0.0,0.0,92.55,25.65,0,0.0,0,0,18-APR-2022,
OPTSTK,INDUSINDBK,26-May-2022,880.0,PE,0.0,0.0,0.0,97.9,28.55,0,0.0,0,0,18-APR-2022,
OPTSTK,INDUSINDBK,26-May-2022,890.0,PE,16.0,16.0,16.0,16.0,31.65,2,16.3,0,0,18-APR-2022,
OPTSTK,INDUSINDBK,26-May-2022,900.0,PE,18.0,21.2,17.0,18.5,18.5,79,653.27,123300,18000,18-APR-2022,
OPTSTK,INDUSINDBK,26-May-2022,910.0,PE,0.0,0.0,0.0,114.9,38.65,0,0.0,0,0,18-APR-2022,
OPTSTK,INDUSINDBK,26-May-2022,920.0,PE,0.0,0.0,0.0,21.0,42.45,0,0.0,1800,0,18-APR-2022,
OPTSTK,INDUSINDBK,26-May-2022,930.0,PE,0.0,0.0,0.0,127.0,46.55,0,0.0,0,0,18-APR-2022,
OPTSTK,INDUSINDBK,26-May-2022,940.0,PE,0.0,0.0,0.0,133.25,50.8,0,0.0,0,0,18-APR-2022,
OPTSTK,INDUSINDBK,26-May-2022,950.0,PE,33.0,36.0,33.0,34.6,34.6,15,133.01,14400,12600,18-APR-2022,
OPTSTK,INDUSINDBK,26-May-2022,960.0,PE,0.0,0.0,0.0,146.15,60.05,0,0.0,0,0,18-APR-2022,
OPTSTK,INDUSINDBK,26-May-2022,970.0,PE,0.0,0.0,0.0,152.8,65.05,0,0.0,0,0,18-APR-2022,
OPTSTK,INDUSINDBK,26-May-2022,980.0,PE,0.0,0.0,0.0,159.55,70.2,0,0.0,0,0,18-APR-2022,
OPTSTK,INDUSINDBK,26-May-2022,990.0,PE,0.0,0.0,0.0,166.45,75.65,0,0.0,0,0,18-APR-2022,
OPTSTK,INDUSINDBK,26-May-2022,1000.0,PE,58.7,62.5,52.75,55.6,55.6,73,696.25,68400,48600,18-APR-2022,
OPTSTK,INDUSINDBK,26-May-2022,1010.0,PE,0.0,0.0,0.0,180.6,87.1,0,0.0,0,0,18-APR-2022,
OPTSTK,INDUSINDBK,26-May-2022,1020.0,PE,0.0,0.0,0.0,187.85,93.15,0,0.0,0,0,18-APR-2022,
OPTSTK,INDUSINDBK,26-May-2022,1030.0,PE,0.0,0.0,0.0,195.25,99.4,0,0.0,0,0,18-APR-2022,
OPTSTK,INDUSINDBK,26-May-2022,1040.0,PE,0.0,0.0,0.0,202.7,105.85,0,0.0,0,0,18-APR-2022,
OPTSTK,INDUSINDBK,26-May-2022,1050.0,PE,0.0,0.0,0.0,210.25,112.5,0,0.0,0,0,18-APR-2022,
OPTSTK,INDUSINDBK,26-May-2022,1060.0,PE,0.0,0.0,0.0,217.95,119.35,0,0.0,0,0,18-APR-2022,
OPTSTK,INDUSINDBK,26-May-2022,1070.0,PE,0.0,0.0,0.0,225.7,126.35,0,0.0,0,0,18-APR-2022,
OPTSTK,INDUSINDBK,26-May-2022,1080.0,PE,0.0,0.0,0.0,95.0,133.55,0,0.0,900,0,18-APR-2022,
OPTSTK,INDUSINDBK,26-May-2022,1090.0,PE,0.0,0.0,0.0,241.5,140.95,0,0.0,0,0,18-APR-2022,
OPTSTK,INDUSINDBK,26-May-2022,1100.0,PE,0.0,0.0,0.0,249.55,148.45,0,0.0,0,0,18-APR-2022,
OPTSTK,INDUSINDBK,26-May-2022,1110.0,PE,0.0,0.0,0.0,257.65,156.15,0,0.0,0,0,18-APR-2022,
OPTSTK,INDUSINDBK,26-May-2022,1120.0,PE,0.0,0.0,0.0,265.8,163.95,0,0.0,0,0,18-APR-2022,
OPTSTK,INDUSINDBK,26-May-2022,1130.0,PE,0.0,0.0,0.0,274.05,171.85,0,0.0,0,0,18-APR-2022,
OPTSTK,INDUSINDBK,26-May-2022,1140.0,PE,0.0,0.0,0.0,282.4,179.95,0,0.0,0,0,18-APR-2022,
OPTSTK,INDUSINDBK,26-May-2022,1150.0,PE,0.0,0.0,0.0,290.8,188.15,0,0.0,0,0,18-APR-2022,
OPTSTK,INDUSINDBK,26-May-2022,1160.0,PE,0.0,0.0,0.0,299.3,196.5,0,0.0,0,0,18-APR-2022,
OPTSTK,INDUSINDBK,26-May-2022,1170.0,PE,0.0,0.0,0.0,307.85,204.95,0,0.0,0,0,18-APR-2022,
OPTSTK,INDUSINDBK,26-May-2022,1180.0,PE,0.0,0.0,0.0,316.45,213.5,0,0.0,0,0,18-APR-2022,
OPTSTK,INDUSINDBK,26-May-2022,1190.0,PE,0.0,0.0,0.0,325.1,222.15,0,0.0,0,0,18-APR-2022,
OPTSTK,INDUSINDBK,26-May-2022,1200.0,PE,0.0,0.0,0.0,333.85,230.9,0,0.0,0,0,18-APR-2022,
OPTSTK,INDUSINDBK,26-May-2022,1210.0,PE,0.0,0.0,0.0,342.6,239.75,0,0.0,0,0,18-APR-2022,
OPTSTK,INDUSINDBK,26-May-2022,1220.0,PE,0.0,0.0,0.0,351.45,248.65,0,0.0,0,0,18-APR-2022,
OPTSTK,INDUSINDBK,26-May-2022,1230.0,PE,0.0,0.0,0.0,360.35,257.65,0,0.0,0,0,18-APR-2022,
OPTSTK,INDUSINDBK,26-May-2022,1240.0,PE,0.0,0.0,0.0,369.3,266.7,0,0.0,0,0,18-APR-2022,
OPTSTK,INDUSINDBK,26-May-2022,1250.0,PE,0.0,0.0,0.0,378.25,275.85,0,0.0,0,0,18-APR-2022,
OPTSTK,INDUSINDBK,26-May-2022,1260.0,PE,0.0,0.0,0.0,387.3,285.05,0,0.0,0,0,18-APR-2022,
OPTSTK,INDUSINDBK,30-Jun-2022,620.0,CE,0.0,0.0,0.0,328.95,365.25,0,0.0,0,0,18-APR-2022,
OPTSTK,INDUSINDBK,30-Jun-2022,640.0,CE,0.0,0.0,0.0,311.2,346.4,0,0.0,0,0,18-APR-2022,
OPTSTK,INDUSINDBK,30-Jun-2022,660.0,CE,0.0,0.0,0.0,293.9,327.9,0,0.0,0,0,18-APR-2022,
OPTSTK,INDUSINDBK,30-Jun-2022,680.0,CE,0.0,0.0,0.0,277.0,309.65,0,0.0,0,0,18-APR-2022,
OPTSTK,INDUSINDBK,30-Jun-2022,700.0,CE,0.0,0.0,0.0,260.65,291.8,0,0.0,0,0,18-APR-2022,
OPTSTK,INDUSINDBK,30-Jun-2022,720.0,CE,0.0,0.0,0.0,244.8,274.4,0,0.0,0,0,18-APR-2022,
OPTSTK,INDUSINDBK,30-Jun-2022,740.0,CE,0.0,0.0,0.0,229.45,257.45,0,0.0,0,0,18-APR-2022,
OPTSTK,INDUSINDBK,30-Jun-2022,760.0,CE,0.0,0.0,0.0,214.75,241.0,0,0.0,0,0,18-APR-2022,
OPTSTK,INDUSINDBK,30-Jun-2022,780.0,CE,0.0,0.0,0.0,200.6,225.1,0,0.0,0,0,18-APR-2022,
OPTSTK,INDUSINDBK,30-Jun-2022,800.0,CE,0.0,0.0,0.0,187.1,209.75,0,0.0,0,0,18-APR-2022,
OPTSTK,INDUSINDBK,30-Jun-2022,820.0,CE,0.0,0.0,0.0,174.15,195.1,0,0.0,0,0,18-APR-2022,
OPTSTK,INDUSINDBK,30-Jun-2022,840.0,CE,0.0,0.0,0.0,161.85,181.0,0,0.0,0,0,18-APR-2022,
OPTSTK,INDUSINDBK,30-Jun-2022,860.0,CE,0.0,0.0,0.0,150.2,167.55,0,0.0,0,0,18-APR-2022,
OPTSTK,INDUSINDBK,30-Jun-2022,880.0,CE,0.0,0.0,0.0,139.2,154.75,0,0.0,0,0,18-APR-2022,
OPTSTK,INDUSINDBK,30-Jun-2022,900.0,CE,0.0,0.0,0.0,128.8,142.7,0,0.0,0,0,18-APR-2022,
OPTSTK,INDUSINDBK,30-Jun-2022,920.0,CE,0.0,0.0,0.0,119.0,131.3,0,0.0,0,0,18-APR-2022,
OPTSTK,INDUSINDBK,30-Jun-2022,940.0,CE,0.0,0.0,0.0,109.8,120.55,0,0.0,0,0,18-APR-2022,
OPTSTK,INDUSINDBK,30-Jun-2022,960.0,CE,0.0,0.0,0.0,101.15,110.5,0,0.0,0,0,18-APR-2022,
OPTSTK,INDUSINDBK,30-Jun-2022,980.0,CE,0.0,0.0,0.0,93.1,101.05,0,0.0,0,0,18-APR-2022,
OPTSTK,INDUSINDBK,30-Jun-2022,1000.0,CE,0.0,0.0,0.0,85.55,92.25,0,0.0,0,0,18-APR-2022,
OPTSTK,INDUSINDBK,30-Jun-2022,1020.0,CE,0.0,0.0,0.0,78.55,84.1,0,0.0,0,0,18-APR-2022,
OPTSTK,INDUSINDBK,30-Jun-2022,1040.0,CE,0.0,0.0,0.0,72.0,76.55,0,0.0,0,0,18-APR-2022,
OPTSTK,INDUSINDBK,30-Jun-2022,1060.0,CE,0.0,0.0,0.0,65.95,69.5,0,0.0,0,0,18-APR-2022,
OPTSTK,INDUSINDBK,30-Jun-2022,1080.0,CE,0.0,0.0,0.0,60.35,63.05,0,0.0,0,0,18-APR-2022,
OPTSTK,INDUSINDBK,30-Jun-2022,1100.0,CE,0.0,0.0,0.0,55.2,57.1,0,0.0,0,0,18-APR-2022,
OPTSTK,INDUSINDBK,30-Jun-2022,1120.0,CE,0.0,0.0,0.0,50.45,51.6,0,0.0,0,0,18-APR-2022,
OPTSTK,INDUSINDBK,30-Jun-2022,1140.0,CE,0.0,0.0,0.0,46.05,46.65,0,0.0,0,0,18-APR-2022,
OPTSTK,INDUSINDBK,30-Jun-2022,1160.0,CE,0.0,0.0,0.0,42.0,42.1,0,0.0,0,0,18-APR-2022,
OPTSTK,INDUSINDBK,30-Jun-2022,1180.0,CE,0.0,0.0,0.0,38.25,37.9,0,0.0,0,0,18-APR-2022,
OPTSTK,INDUSINDBK,30-Jun-2022,1200.0,CE,0.0,0.0,0.0,34.8,34.15,0,0.0,0,0,18-APR-2022,
OPTSTK,INDUSINDBK,30-Jun-2022,1220.0,CE,0.0,0.0,0.0,31.65,30.65,0,0.0,0,0,18-APR-2022,
OPTSTK,INDUSINDBK,30-Jun-2022,1240.0,CE,0.0,0.0,0.0,28.8,27.5,0,0.0,0,0,18-APR-2022,
OPTSTK,INDUSINDBK,30-Jun-2022,1260.0,CE,0.0,0.0,0.0,26.15,24.65,0,0.0,0,0,18-APR-2022,
OPTSTK,INDUSINDBK,30-Jun-2022,620.0,PE,0.0,0.0,0.0,7.0,2.6,0,0.0,0,0,18-APR-2022,
OPTSTK,INDUSINDBK,30-Jun-2022,640.0,PE,0.0,0.0,0.0,9.05,3.6,0,0.0,0,0,18-APR-2022,
OPTSTK,INDUSINDBK,30-Jun-2022,660.0,PE,0.0,0.0,0.0,11.55,4.9,0,0.0,0,0,18-APR-2022,
OPTSTK,INDUSINDBK,30-Jun-2022,680.0,PE,0.0,0.0,0.0,14.45,6.5,0,0.0,0,0,18-APR-2022,
OPTSTK,INDUSINDBK,30-Jun-2022,700.0,PE,0.0,0.0,0.0,5.0,8.5,0,0.0,900,0,18-APR-2022,
OPTSTK,INDUSINDBK,30-Jun-2022,720.0,PE,0.0,0.0,0.0,21.8,10.9,0,0.0,0,0,18-APR-2022,
OPTSTK,INDUSINDBK,30-Jun-2022,740.0,PE,0.0,0.0,0.0,26.3,13.8,0,0.0,0,0,18-APR-2022,
OPTSTK,INDUSINDBK,30-Jun-2022,760.0,PE,0.0,0.0,0.0,31.35,17.15,0,0.0,0,0,18-APR-2022,
OPTSTK,INDUSINDBK,30-Jun-2022,780.0,PE,0.0,0.0,0.0,37.0,21.1,0,0.0,0,0,18-APR-2022,
OPTSTK,INDUSINDBK,30-Jun-2022,800.0,PE,0.0,0.0,0.0,43.25,25.6,0,0.0,0,0,18-APR-2022,
OPTSTK,INDUSINDBK,30-Jun-2022,820.0,PE,0.0,0.0,0.0,50.1,30.75,0,0.0,0,0,18-APR-2022,
OPTSTK,INDUSINDBK,30-Jun-2022,840.0,PE,0.0,0.0,0.0,57.6,36.5,0,0.0,0,0,18-APR-2022,
OPTSTK,INDUSINDBK,30-Jun-2022,860.0,PE,0.0,0.0,0.0,65.75,42.9,0,0.0,0,0,18-APR-2022,
OPTSTK,INDUSINDBK,30-Jun-2022,880.0,PE,0.0,0.0,0.0,74.55,49.9,0,0.0,0,0,18-APR-2022,
OPTSTK,INDUSINDBK,30-Jun-2022,900.0,PE,31.0,31.0,31.0,31.0,57.65,1,8.37,7200,0,18-APR-2022,
OPTSTK,INDUSINDBK,30-Jun-2022,920.0,PE,0.0,0.0,0.0,93.9,66.1,0,0.0,0,0,18-APR-2022,
OPTSTK,INDUSINDBK,30-Jun-2022,940.0,PE,0.0,0.0,0.0,45.0,75.2,0,0.0,2700,0,18-APR-2022,
OPTSTK,INDUSINDBK,30-Jun-2022,960.0,PE,0.0,0.0,0.0,115.65,84.95,0,0.0,0,0,18-APR-2022,
OPTSTK,INDUSINDBK,30-Jun-2022,980.0,PE,0.0,0.0,0.0,65.05,95.35,0,0.0,900,0,18-APR-2022,
OPTSTK,INDUSINDBK,30-Jun-2022,1000.0,PE,0.0,0.0,0.0,139.65,106.4,0,0.0,0,0,18-APR-2022,
OPTSTK,INDUSINDBK,30-Jun-2022,1020.0,PE,0.0,0.0,0.0,152.4,118.05,0,0.0,0,0,18-APR-2022,
OPTSTK,INDUSINDBK,30-Jun-2022,1040.0,PE,0.0,0.0,0.0,165.7,130.3,0,0.0,0,0,18-APR-2022,
OPTSTK,INDUSINDBK,30-Jun-2022,1060.0,PE,0.0,0.0,0.0,179.4,143.15,0,0.0,0,0,18-APR-2022,
OPTSTK,INDUSINDBK,30-Jun-2022,1080.0,PE,0.0,0.0,0.0,193.6,156.5,0,0.0,0,0,18-APR-2022,
OPTSTK,INDUSINDBK,30-Jun-2022,1100.0,PE,0.0,0.0,0.0,208.25,170.4,0,0.0,0,0,18-APR-2022,
OPTSTK,INDUSINDBK,30-Jun-2022,1120.0,PE,0.0,0.0,0.0,223.25,184.75,0,0.0,0,0,18-APR-2022,
OPTSTK,INDUSINDBK,30-Jun-2022,1140.0,PE,0.0,0.0,0.0,238.65,199.6,0,0.0,0,0,18-APR-2022,
OPTSTK,INDUSINDBK,30-Jun-2022,1160.0,PE,0.0,0.0,0.0,254.4,214.85,0,0.0,0,0,18-APR-2022,
OPTSTK,INDUSINDBK,30-Jun-2022,1180.0,PE,0.0,0.0,0.0,270.45,230.55,0,0.0,0,0,18-APR-2022,
OPTSTK,INDUSINDBK,30-Jun-2022,1200.0,PE,0.0,0.0,0.0,286.8,246.55,0,0.0,0,0,18-APR-2022,
OPTSTK,INDUSINDBK,30-Jun-2022,1220.0,PE,0.0,0.0,0.0,303.45,262.9,0,0.0,0,0,18-APR-2022,
OPTSTK,INDUSINDBK,30-Jun-2022,1240.0,PE,0.0,0.0,0.0,320.35,279.6,0,0.0,0,0,18-APR-2022,
OPTSTK,INDUSINDBK,30-Jun-2022,1260.0,PE,0.0,0.0,0.0,337.5,296.6,0,0.0,0,0,18-APR-2022,
OPTSTK,INDUSTOWER,28-Apr-2022,145.0,CE,0.0,0.0,0.0,106.55,72.05,0,0.0,0,0,18-APR-2022,
OPTSTK,INDUSTOWER,28-Apr-2022,150.0,CE,0.0,0.0,0.0,101.75,67.05,0,0.0,0,0,18-APR-2022,
OPTSTK,INDUSTOWER,28-Apr-2022,155.0,CE,0.0,0.0,0.0,97.0,62.05,0,0.0,0,0,18-APR-2022,
OPTSTK,INDUSTOWER,28-Apr-2022,160.0,CE,0.0,0.0,0.0,92.35,57.05,0,0.0,0,0,18-APR-2022,
OPTSTK,INDUSTOWER,28-Apr-2022,165.0,CE,0.0,0.0,0.0,87.75,52.05,0,0.0,0,0,18-APR-2022,
OPTSTK,INDUSTOWER,28-Apr-2022,170.0,CE,0.0,0.0,0.0,83.2,47.1,0,0.0,0,0,18-APR-2022,
OPTSTK,INDUSTOWER,28-Apr-2022,175.0,CE,0.0,0.0,0.0,78.8,42.15,0,0.0,0,0,18-APR-2022,
OPTSTK,INDUSTOWER,28-Apr-2022,180.0,CE,0.0,0.0,0.0,74.45,37.25,0,0.0,0,0,18-APR-2022,
OPTSTK,INDUSTOWER,28-Apr-2022,185.0,CE,0.0,0.0,0.0,70.25,32.4,0,0.0,0,0,18-APR-2022,
OPTSTK,INDUSTOWER,28-Apr-2022,190.0,CE,0.0,0.0,0.0,28.0,27.75,0,0.0,2800,0,18-APR-2022,
OPTSTK,INDUSTOWER,28-Apr-2022,195.0,CE,0.0,0.0,0.0,62.15,23.3,0,0.0,0,0,18-APR-2022,
OPTSTK,INDUSTOWER,28-Apr-2022,200.0,CE,17.05,17.05,16.4,16.4,19.15,2,12.13,411600,-2800,18-APR-2022,
OPTSTK,INDUSTOWER,28-Apr-2022,205.0,CE,12.55,12.55,11.5,11.5,15.35,3,18.24,22400,0,18-APR-2022,
OPTSTK,INDUSTOWER,28-Apr-2022,210.0,CE,9.5,9.5,7.55,8.85,8.85,14,85.78,344400,-8400,18-APR-2022,
OPTSTK,INDUSTOWER,28-Apr-2022,215.0,CE,6.2,7.15,5.05,6.8,6.8,100,618.49,210000,58800,18-APR-2022,
OPTSTK,INDUSTOWER,28-Apr-2022,220.0,CE,5.6,5.6,3.5,4.8,4.8,417,2619.36,1439200,-30800,18-APR-2022,
OPTSTK,INDUSTOWER,28-Apr-2022,225.0,CE,4.0,4.0,2.45,3.4,3.4,339,2165.13,1660400,0,18-APR-2022,
OPTSTK,INDUSTOWER,28-Apr-2022,230.0,CE,2.05,2.6,1.8,2.35,2.35,443,2879.82,1554000,134400,18-APR-2022,
OPTSTK,INDUSTOWER,28-Apr-2022,235.0,CE,1.25,1.75,1.2,1.6,1.6,68,449.97,350000,14000,18-APR-2022,
OPTSTK,INDUSTOWER,28-Apr-2022,240.0,CE,1.0,1.25,0.8,1.15,1.15,194,1308.94,834400,-184800,18-APR-2022,
OPTSTK,INDUSTOWER,28-Apr-2022,245.0,CE,0.7,1.3,0.5,0.5,1.0,5,34.4,179200,5600,18-APR-2022,
OPTSTK,INDUSTOWER,28-Apr-2022,250.0,CE,0.4,0.7,0.4,0.7,0.7,120,841.9,1489600,11200,18-APR-2022,
OPTSTK,INDUSTOWER,28-Apr-2022,255.0,CE,0.0,0.0,0.0,0.8,0.4,0,0.0,2800,0,18-APR-2022,
OPTSTK,INDUSTOWER,28-Apr-2022,260.0,CE,0.45,0.5,0.3,0.45,0.45,36,262.51,403200,-36400,18-APR-2022,
OPTSTK,INDUSTOWER,28-Apr-2022,265.0,CE,0.0,0.0,0.0,21.85,0.15,0,0.0,0,0,18-APR-2022,
OPTSTK,INDUSTOWER,28-Apr-2022,270.0,CE,0.3,0.35,0.25,0.3,0.1,10,75.68,156800,-2800,18-APR-2022,
OPTSTK,INDUSTOWER,28-Apr-2022,275.0,CE,0.1,0.35,0.1,0.35,0.05,16,123.28,72800,-28000,18-APR-2022,
OPTSTK,INDUSTOWER,28-Apr-2022,280.0,CE,0.3,0.3,0.3,0.3,0.3,1,7.84,92400,0,18-APR-2022,
OPTSTK,INDUSTOWER,28-Apr-2022,285.0,CE,0.05,0.05,0.05,0.05,0.05,2,15.96,0,-5600,18-APR-2022,
OPTSTK,INDUSTOWER,28-Apr-2022,290.0,CE,0.0,0.0,0.0,0.6,0.05,0,0.0,11200,0,18-APR-2022,
OPTSTK,INDUSTOWER,28-Apr-2022,295.0,CE,0.0,0.0,0.0,12.85,0.0,0,0.0,0,0,18-APR-2022,
OPTSTK,INDUSTOWER,28-Apr-2022,300.0,CE,0.2,0.2,0.15,0.2,0.0,15,126.08,498400,-14000,18-APR-2022,
OPTSTK,INDUSTOWER,28-Apr-2022,305.0,CE,0.0,0.0,0.0,10.7,0.0,0,0.0,0,0,18-APR-2022,
OPTSTK,INDUSTOWER,28-Apr-2022,310.0,CE,0.0,0.0,0.0,0.15,0.0,0,0.0,0,0,18-APR-2022,
OPTSTK,INDUSTOWER,28-Apr-2022,315.0,CE,0.0,0.0,0.0,8.85,0.0,0,0.0,0,0,18-APR-2022,
OPTSTK,INDUSTOWER,28-Apr-2022,320.0,CE,0.0,0.0,0.0,8.05,0.0,0,0.0,0,0,18-APR-2022,
OPTSTK,INDUSTOWER,28-Apr-2022,325.0,CE,0.0,0.0,0.0,7.3,0.0,0,0.0,0,0,18-APR-2022,
OPTSTK,INDUSTOWER,28-Apr-2022,330.0,CE,0.0,0.0,0.0,3.0,0.0,0,0.0,2800,0,18-APR-2022,
OPTSTK,INDUSTOWER,28-Apr-2022,335.0,CE,0.0,0.0,0.0,6.0,0.0,0,0.0,0,0,18-APR-2022,
OPTSTK,INDUSTOWER,28-Apr-2022,340.0,CE,0.0,0.0,0.0,5.45,0.0,0,0.0,0,0,18-APR-2022,
OPTSTK,INDUSTOWER,28-Apr-2022,345.0,CE,0.0,0.0,0.0,4.95,0.0,0,0.0,0,0,18-APR-2022,
OPTSTK,INDUSTOWER,28-Apr-2022,350.0,CE,0.0,0.0,0.0,4.45,0.0,0,0.0,0,0,18-APR-2022,
OPTSTK,INDUSTOWER,28-Apr-2022,145.0,PE,0.1,0.1,0.1,0.1,0.0,1,4.06,19600,2800,18-APR-2022,
OPTSTK,INDUSTOWER,28-Apr-2022,150.0,PE,0.0,0.0,0.0,0.6,0.0,0,0.0,0,0,18-APR-2022,
OPTSTK,INDUSTOWER,28-Apr-2022,155.0,PE,0.0,0.0,0.0,0.2,0.0,0,0.0,0,0,18-APR-2022,
OPTSTK,INDUSTOWER,28-Apr-2022,160.0,PE,0.0,0.0,0.0,1.05,0.0,0,0.0,0,0,18-APR-2022,
OPTSTK,INDUSTOWER,28-Apr-2022,165.0,PE,0.0,0.0,0.0,1.4,0.05,0,0.0,0,0,18-APR-2022,
OPTSTK,INDUSTOWER,28-Apr-2022,170.0,PE,0.2,0.5,0.2,0.5,0.5,2,9.53,249200,0,18-APR-2022,
OPTSTK,INDUSTOWER,28-Apr-2022,175.0,PE,0.0,0.0,0.0,0.45,0.1,0,0.0,50400,0,18-APR-2022,
OPTSTK,INDUSTOWER,28-Apr-2022,180.0,PE,0.5,0.65,0.4,0.45,0.2,12,60.63,355600,0,18-APR-2022,
OPTSTK,INDUSTOWER,28-Apr-2022,185.0,PE,0.45,0.55,0.4,0.55,0.35,8,41.54,25200,-8400,18-APR-2022,
OPTSTK,INDUSTOWER,28-Apr-2022,190.0,PE,0.8,0.95,0.5,0.55,0.55,56,299.05,324800,0,18-APR-2022,
OPTSTK,INDUSTOWER,28-Apr-2022,195.0,PE,2.0,2.0,1.6,1.6,1.25,4,22.05,92400,-2800,18-APR-2022,
OPTSTK,INDUSTOWER,28-Apr-2022,200.0,PE,1.75,2.0,1.1,1.2,1.2,213,1202.81,1080800,8400,18-APR-2022,
OPTSTK,INDUSTOWER,28-Apr-2022,205.0,PE,2.4,3.15,1.75,1.85,1.85,81,470.97,173600,-33600,18-APR-2022,
OPTSTK,INDUSTOWER,28-Apr-2022,210.0,PE,4.25,4.95,2.8,2.9,2.9,345,2069.89,476000,-8400,18-APR-2022,
OPTSTK,INDUSTOWER,28-Apr-2022,215.0,PE,6.6,7.3,4.65,4.95,4.95,95,588.4,235200,-19600,18-APR-2022,
OPTSTK,INDUSTOWER,28-Apr-2022,220.0,PE,9.8,10.55,7.65,7.85,7.85,39,250.44,529200,-28000,18-APR-2022,
OPTSTK,INDUSTOWER,28-Apr-2022,225.0,PE,13.9,13.9,13.0,13.0,12.8,3,20.02,159600,5600,18-APR-2022,
OPTSTK,INDUSTOWER,28-Apr-2022,230.0,PE,17.05,17.2,15.2,15.2,15.2,10,69.12,327600,-16800,18-APR-2022,
OPTSTK,INDUSTOWER,28-Apr-2022,235.0,PE,20.2,21.9,20.2,20.4,20.25,4,28.68,16800,0,18-APR-2022,
OPTSTK,INDUSTOWER,28-Apr-2022,240.0,PE,0.0,0.0,0.0,23.3,24.45,0,0.0,114800,0,18-APR-2022,
OPTSTK,INDUSTOWER,28-Apr-2022,245.0,PE,0.0,0.0,0.0,25.0,28.9,0,0.0,8400,0,18-APR-2022,
OPTSTK,INDUSTOWER,28-Apr-2022,250.0,PE,0.0,0.0,0.0,32.85,33.5,0,0.0,30800,0,18-APR-2022,
OPTSTK,INDUSTOWER,28-Apr-2022,255.0,PE,0.0,0.0,0.0,28.55,38.25,0,0.0,0,0,18-APR-2022,
OPTSTK,INDUSTOWER,28-Apr-2022,260.0,PE,0.0,0.0,0.0,39.7,43.1,0,0.0,61600,0,18-APR-2022,
OPTSTK,INDUSTOWER,28-Apr-2022,265.0,PE,0.0,0.0,0.0,34.5,48.0,0,0.0,0,0,18-APR-2022,
OPTSTK,INDUSTOWER,28-Apr-2022,270.0,PE,0.0,0.0,0.0,55.1,52.95,0,0.0,2800,0,18-APR-2022,
OPTSTK,INDUSTOWER,28-Apr-2022,275.0,PE,0.0,0.0,0.0,40.9,57.9,0,0.0,0,0,18-APR-2022,
OPTSTK,INDUSTOWER,28-Apr-2022,280.0,PE,0.0,0.0,0.0,55.0,62.9,0,0.0,11200,0,18-APR-2022,
OPTSTK,INDUSTOWER,28-Apr-2022,285.0,PE,0.0,0.0,0.0,47.85,67.85,0,0.0,0,0,18-APR-2022,
OPTSTK,INDUSTOWER,28-Apr-2022,290.0,PE,0.0,0.0,0.0,51.45,72.85,0,0.0,0,0,18-APR-2022,
OPTSTK,INDUSTOWER,28-Apr-2022,295.0,PE,0.0,0.0,0.0,55.2,77.85,0,0.0,0,0,18-APR-2022,
OPTSTK,INDUSTOWER,28-Apr-2022,300.0,PE,0.0,0.0,0.0,59.0,82.85,0,0.0,0,0,18-APR-2022,
OPTSTK,INDUSTOWER,28-Apr-2022,305.0,PE,0.0,0.0,0.0,62.9,87.85,0,0.0,0,0,18-APR-2022,
OPTSTK,INDUSTOWER,28-Apr-2022,310.0,PE,0.0,0.0,0.0,66.9,92.8,0,0.0,0,0,18-APR-2022,
OPTSTK,INDUSTOWER,28-Apr-2022,315.0,PE,0.0,0.0,0.0,70.95,97.8,0,0.0,0,0,18-APR-2022,
OPTSTK,INDUSTOWER,28-Apr-2022,320.0,PE,0.0,0.0,0.0,75.1,102.8,0,0.0,0,0,18-APR-2022,
OPTSTK,INDUSTOWER,28-Apr-2022,325.0,PE,0.0,0.0,0.0,79.3,107.8,0,0.0,0,0,18-APR-2022,
OPTSTK,INDUSTOWER,28-Apr-2022,330.0,PE,0.0,0.0,0.0,83.6,112.8,0,0.0,0,0,18-APR-2022,
OPTSTK,INDUSTOWER,28-Apr-2022,335.0,PE,0.0,0.0,0.0,87.9,117.8,0,0.0,0,0,18-APR-2022,
OPTSTK,INDUSTOWER,28-Apr-2022,340.0,PE,0.0,0.0,0.0,92.3,122.8,0,0.0,0,0,18-APR-2022,
OPTSTK,INDUSTOWER,28-Apr-2022,345.0,PE,0.0,0.0,0.0,96.75,127.8,0,0.0,0,0,18-APR-2022,
OPTSTK,INDUSTOWER,28-Apr-2022,350.0,PE,0.0,0.0,0.0,101.2,132.8,0,0.0,0,0,18-APR-2022,
OPTSTK,INDUSTOWER,26-May-2022,145.0,CE,0.0,0.0,0.0,64.25,72.65,0,0.0,0,0,18-APR-2022,
OPTSTK,INDUSTOWER,26-May-2022,150.0,CE,0.0,0.0,0.0,59.9,67.8,0,0.0,0,0,18-APR-2022,
OPTSTK,INDUSTOWER,26-May-2022,155.0,CE,0.0,0.0,0.0,55.7,62.95,0,0.0,0,0,18-APR-2022,
OPTSTK,INDUSTOWER,26-May-2022,160.0,CE,0.0,0.0,0.0,51.6,58.2,0,0.0,0,0,18-APR-2022,
OPTSTK,INDUSTOWER,26-May-2022,165.0,CE,0.0,0.0,0.0,47.7,53.55,0,0.0,0,0,18-APR-2022,
OPTSTK,INDUSTOWER,26-May-2022,170.0,CE,0.0,0.0,0.0,43.95,49.05,0,0.0,0,0,18-APR-2022,
OPTSTK,INDUSTOWER,26-May-2022,175.0,CE,0.0,0.0,0.0,40.35,44.65,0,0.0,0,0,18-APR-2022,
OPTSTK,INDUSTOWER,26-May-2022,180.0,CE,0.0,0.0,0.0,37.0,40.4,0,0.0,0,0,18-APR-2022,
OPTSTK,INDUSTOWER,26-May-2022,185.0,CE,0.0,0.0,0.0,33.8,36.4,0,0.0,0,0,18-APR-2022,
OPTSTK,INDUSTOWER,26-May-2022,190.0,CE,0.0,0.0,0.0,30.8,32.55,0,0.0,0,0,18-APR-2022,
OPTSTK,INDUSTOWER,26-May-2022,195.0,CE,0.0,0.0,0.0,28.0,29.0,0,0.0,0,0,18-APR-2022,
OPTSTK,INDUSTOWER,26-May-2022,200.0,CE,0.0,0.0,0.0,25.35,25.6,0,0.0,0,0,18-APR-2022,
OPTSTK,INDUSTOWER,26-May-2022,205.0,CE,0.0,0.0,0.0,22.95,22.55,0,0.0,0,0,18-APR-2022,
OPTSTK,INDUSTOWER,26-May-2022,210.0,CE,0.0,0.0,0.0,20.7,19.7,0,0.0,0,0,18-APR-2022,
OPTSTK,INDUSTOWER,26-May-2022,215.0,CE,0.0,0.0,0.0,18.65,17.1,0,0.0,0,0,18-APR-2022,
OPTSTK,INDUSTOWER,26-May-2022,220.0,CE,11.1,11.2,8.9,9.3,14.8,6,38.68,28000,8400,18-APR-2022,
OPTSTK,INDUSTOWER,26-May-2022,225.0,CE,0.0,0.0,0.0,15.0,12.7,0,0.0,0,0,18-APR-2022,
OPTSTK,INDUSTOWER,26-May-2022,230.0,CE,7.3,7.3,6.0,6.0,10.85,11,72.95,61600,16800,18-APR-2022,
OPTSTK,INDUSTOWER,26-May-2022,235.0,CE,0.0,0.0,0.0,12.0,9.25,0,0.0,0,0,18-APR-2022,
OPTSTK,INDUSTOWER,26-May-2022,240.0,CE,3.95,4.1,3.95,4.1,4.1,2,13.66,2800,2800,18-APR-2022,
OPTSTK,INDUSTOWER,26-May-2022,245.0,CE,0.0,0.0,0.0,9.55,6.6,0,0.0,0,0,18-APR-2022,
OPTSTK,INDUSTOWER,26-May-2022,250.0,CE,0.0,0.0,0.0,3.5,5.5,0,0.0,5600,0,18-APR-2022,
OPTSTK,INDUSTOWER,26-May-2022,255.0,CE,0.0,0.0,0.0,7.5,4.6,0,0.0,0,0,18-APR-2022,
OPTSTK,INDUSTOWER,26-May-2022,260.0,CE,0.0,0.0,0.0,6.65,3.85,0,0.0,0,0,18-APR-2022,
OPTSTK,INDUSTOWER,26-May-2022,265.0,CE,0.0,0.0,0.0,5.9,3.15,0,0.0,0,0,18-APR-2022,
OPTSTK,INDUSTOWER,26-May-2022,270.0,CE,0.0,0.0,0.0,5.2,2.6,0,0.0,0,0,18-APR-2022,
OPTSTK,INDUSTOWER,26-May-2022,275.0,CE,0.0,0.0,0.0,4.6,2.15,0,0.0,0,0,18-APR-2022,
OPTSTK,INDUSTOWER,26-May-2022,280.0,CE,0.0,0.0,0.0,4.05,1.75,0,0.0,0,0,18-APR-2022,
OPTSTK,INDUSTOWER,26-May-2022,285.0,CE,0.0,0.0,0.0,3.55,1.45,0,0.0,0,0,18-APR-2022,
OPTSTK,INDUSTOWER,26-May-2022,290.0,CE,0.0,0.0,0.0,3.15,1.15,0,0.0,0,0,18-APR-2022,
OPTSTK,INDUSTOWER,26-May-2022,295.0,CE,0.0,0.0,0.0,2.75,0.95,0,0.0,0,0,18-APR-2022,
OPTSTK,INDUSTOWER,26-May-2022,300.0,CE,0.0,0.0,0.0,2.4,0.75,0,0.0,2800,0,18-APR-2022,
OPTSTK,INDUSTOWER,26-May-2022,305.0,CE,0.9,0.9,0.9,0.9,0.6,1,8.56,2800,2800,18-APR-2022,
OPTSTK,INDUSTOWER,26-May-2022,310.0,CE,0.0,0.0,0.0,1.85,0.5,0,0.0,0,0,18-APR-2022,
OPTSTK,INDUSTOWER,26-May-2022,315.0,CE,0.0,0.0,0.0,1.65,0.4,0,0.0,0,0,18-APR-2022,
OPTSTK,INDUSTOWER,26-May-2022,145.0,PE,0.0,0.0,0.0,1.75,0.15,0,0.0,0,0,18-APR-2022,
OPTSTK,INDUSTOWER,26-May-2022,150.0,PE,0.0,0.0,0.0,2.35,0.25,0,0.0,0,0,18-APR-2022,
OPTSTK,INDUSTOWER,26-May-2022,155.0,PE,0.0,0.0,0.0,3.05,0.4,0,0.0,0,0,18-APR-2022,
OPTSTK,INDUSTOWER,26-May-2022,160.0,PE,0.0,0.0,0.0,3.9,0.65,0,0.0,0,0,18-APR-2022,
OPTSTK,INDUSTOWER,26-May-2022,165.0,PE,0.0,0.0,0.0,4.95,1.0,0,0.0,0,0,18-APR-2022,
OPTSTK,INDUSTOWER,26-May-2022,170.0,PE,0.0,0.0,0.0,6.15,1.4,0,0.0,0,0,18-APR-2022,
OPTSTK,INDUSTOWER,26-May-2022,175.0,PE,0.0,0.0,0.0,7.55,2.0,0,0.0,0,0,18-APR-2022,
OPTSTK,INDUSTOWER,26-May-2022,180.0,PE,0.0,0.0,0.0,9.1,2.75,0,0.0,0,0,18-APR-2022,
OPTSTK,INDUSTOWER,26-May-2022,185.0,PE,0.0,0.0,0.0,10.85,3.7,0,0.0,0,0,18-APR-2022,
OPTSTK,INDUSTOWER,26-May-2022,190.0,PE,0.0,0.0,0.0,12.8,4.9,0,0.0,0,0,18-APR-2022,
OPTSTK,INDUSTOWER,26-May-2022,195.0,PE,0.0,0.0,0.0,14.95,6.25,0,0.0,0,0,18-APR-2022,
OPTSTK,INDUSTOWER,26-May-2022,200.0,PE,5.95,6.5,4.45,4.55,4.55,17,97.92,61600,25200,18-APR-2022,
OPTSTK,INDUSTOWER,26-May-2022,205.0,PE,0.0,0.0,0.0,7.5,9.75,0,0.0,2800,0,18-APR-2022,
OPTSTK,INDUSTOWER,26-May-2022,210.0,PE,9.0,11.9,8.15,8.15,8.15,10,61.45,22400,16800,18-APR-2022,
OPTSTK,INDUSTOWER,26-May-2022,215.0,PE,0.0,0.0,0.0,25.4,14.3,0,0.0,0,0,18-APR-2022,
OPTSTK,INDUSTOWER,26-May-2022,220.0,PE,14.0,14.0,14.0,14.0,16.95,1,6.55,2800,2800,18-APR-2022,
OPTSTK,INDUSTOWER,26-May-2022,225.0,PE,0.0,0.0,0.0,31.65,19.85,0,0.0,0,0,18-APR-2022,
OPTSTK,INDUSTOWER,26-May-2022,230.0,PE,0.0,0.0,0.0,35.05,23.0,0,0.0,0,0,18-APR-2022,
OPTSTK,INDUSTOWER,26-May-2022,235.0,PE,0.0,0.0,0.0,38.55,26.35,0,0.0,0,0,18-APR-2022,
OPTSTK,INDUSTOWER,26-May-2022,240.0,PE,0.0,0.0,0.0,42.2,29.9,0,0.0,0,0,18-APR-2022,
OPTSTK,INDUSTOWER,26-May-2022,245.0,PE,0.0,0.0,0.0,45.95,33.65,0,0.0,0,0,18-APR-2022,
OPTSTK,INDUSTOWER,26-May-2022,250.0,PE,0.0,0.0,0.0,49.85,37.55,0,0.0,0,0,18-APR-2022,
OPTSTK,INDUSTOWER,26-May-2022,255.0,PE,0.0,0.0,0.0,53.85,41.65,0,0.0,0,0,18-APR-2022,
OPTSTK,INDUSTOWER,26-May-2022,260.0,PE,0.0,0.0,0.0,57.95,45.85,0,0.0,0,0,18-APR-2022,
OPTSTK,INDUSTOWER,26-May-2022,265.0,PE,0.0,0.0,0.0,62.1,50.15,0,0.0,0,0,18-APR-2022,
OPTSTK,INDUSTOWER,26-May-2022,270.0,PE,0.0,0.0,0.0,66.4,54.55,0,0.0,0,0,18-APR-2022,
OPTSTK,INDUSTOWER,26-May-2022,275.0,PE,0.0,0.0,0.0,70.7,59.1,0,0.0,0,0,18-APR-2022,
OPTSTK,INDUSTOWER,26-May-2022,280.0,PE,0.0,0.0,0.0,75.1,63.65,0,0.0,0,0,18-APR-2022,
OPTSTK,INDUSTOWER,26-May-2022,285.0,PE,0.0,0.0,0.0,79.6,68.3,0,0.0,0,0,18-APR-2022,
OPTSTK,INDUSTOWER,26-May-2022,290.0,PE,0.0,0.0,0.0,84.1,73.05,0,0.0,0,0,18-APR-2022,
OPTSTK,INDUSTOWER,26-May-2022,295.0,PE,0.0,0.0,0.0,88.65,77.8,0,0.0,0,0,18-APR-2022,
OPTSTK,INDUSTOWER,26-May-2022,300.0,PE,0.0,0.0,0.0,93.3,82.6,0,0.0,0,0,18-APR-2022,
OPTSTK,INDUSTOWER,26-May-2022,305.0,PE,0.0,0.0,0.0,97.95,87.4,0,0.0,0,0,18-APR-2022,
OPTSTK,INDUSTOWER,26-May-2022,310.0,PE,0.0,0.0,0.0,102.6,92.3,0,0.0,0,0,18-APR-2022,
OPTSTK,INDUSTOWER,26-May-2022,315.0,PE,0.0,0.0,0.0,107.35,97.15,0,0.0,0,0,18-APR-2022,
OPTSTK,INDUSTOWER,30-Jun-2022,145.0,CE,0.0,0.0,0.0,80.1,74.05,0,0.0,0,0,18-APR-2022,
OPTSTK,INDUSTOWER,30-Jun-2022,150.0,CE,0.0,0.0,0.0,75.6,69.5,0,0.0,0,0,18-APR-2022,
OPTSTK,INDUSTOWER,30-Jun-2022,155.0,CE,0.0,0.0,0.0,71.25,65.0,0,0.0,0,0,18-APR-2022,
OPTSTK,INDUSTOWER,30-Jun-2022,160.0,CE,0.0,0.0,0.0,67.0,60.65,0,0.0,0,0,18-APR-2022,
OPTSTK,INDUSTOWER,30-Jun-2022,165.0,CE,0.0,0.0,0.0,62.9,56.45,0,0.0,0,0,18-APR-2022,
OPTSTK,INDUSTOWER,30-Jun-2022,170.0,CE,0.0,0.0,0.0,58.9,52.35,0,0.0,0,0,18-APR-2022,
OPTSTK,INDUSTOWER,30-Jun-2022,175.0,CE,0.0,0.0,0.0,55.05,48.45,0,0.0,0,0,18-APR-2022,
OPTSTK,INDUSTOWER,30-Jun-2022,180.0,CE,0.0,0.0,0.0,51.35,44.7,0,0.0,0,0,18-APR-2022,
OPTSTK,INDUSTOWER,30-Jun-2022,185.0,CE,0.0,0.0,0.0,47.8,41.1,0,0.0,0,0,18-APR-2022,
OPTSTK,INDUSTOWER,30-Jun-2022,190.0,CE,0.0,0.0,0.0,44.45,37.7,0,0.0,0,0,18-APR-2022,
OPTSTK,INDUSTOWER,30-Jun-2022,195.0,CE,0.0,0.0,0.0,41.2,34.5,0,0.0,0,0,18-APR-2022,
OPTSTK,INDUSTOWER,30-Jun-2022,200.0,CE,0.0,0.0,0.0,38.15,31.45,0,0.0,0,0,18-APR-2022,
OPTSTK,INDUSTOWER,30-Jun-2022,205.0,CE,0.0,0.0,0.0,35.3,28.65,0,0.0,0,0,18-APR-2022,
OPTSTK,INDUSTOWER,30-Jun-2022,210.0,CE,0.0,0.0,0.0,32.55,26.0,0,0.0,0,0,18-APR-2022,
OPTSTK,INDUSTOWER,30-Jun-2022,215.0,CE,0.0,0.0,0.0,30.0,23.55,0,0.0,0,0,18-APR-2022,
OPTSTK,INDUSTOWER,30-Jun-2022,220.0,CE,0.0,0.0,0.0,27.6,21.25,0,0.0,0,0,18-APR-2022,
OPTSTK,INDUSTOWER,30-Jun-2022,225.0,CE,0.0,0.0,0.0,25.35,19.15,0,0.0,0,0,18-APR-2022,
OPTSTK,INDUSTOWER,30-Jun-2022,230.0,CE,0.0,0.0,0.0,23.25,17.25,0,0.0,0,0,18-APR-2022,
OPTSTK,INDUSTOWER,30-Jun-2022,235.0,CE,0.0,0.0,0.0,21.3,15.45,0,0.0,0,0,18-APR-2022,
OPTSTK,INDUSTOWER,30-Jun-2022,240.0,CE,0.0,0.0,0.0,19.5,13.85,0,0.0,0,0,18-APR-2022,
OPTSTK,INDUSTOWER,30-Jun-2022,245.0,CE,0.0,0.0,0.0,17.8,12.4,0,0.0,0,0,18-APR-2022,
OPTSTK,INDUSTOWER,30-Jun-2022,250.0,CE,0.0,0.0,0.0,16.25,11.05,0,0.0,0,0,18-APR-2022,
OPTSTK,INDUSTOWER,30-Jun-2022,255.0,CE,0.0,0.0,0.0,14.8,9.85,0,0.0,0,0,18-APR-2022,
OPTSTK,INDUSTOWER,30-Jun-2022,260.0,CE,0.0,0.0,0.0,13.5,8.75,0,0.0,0,0,18-APR-2022,
OPTSTK,INDUSTOWER,30-Jun-2022,265.0,CE,0.0,0.0,0.0,12.3,7.8,0,0.0,0,0,18-APR-2022,
OPTSTK,INDUSTOWER,30-Jun-2022,270.0,CE,0.0,0.0,0.0,11.15,6.9,0,0.0,0,0,18-APR-2022,
OPTSTK,INDUSTOWER,30-Jun-2022,275.0,CE,0.0,0.0,0.0,10.15,6.1,0,0.0,0,0,18-APR-2022,
OPTSTK,INDUSTOWER,30-Jun-2022,280.0,CE,0.0,0.0,0.0,9.2,5.4,0,0.0,0,0,18-APR-2022,
OPTSTK,INDUSTOWER,30-Jun-2022,285.0,CE,0.0,0.0,0.0,8.35,4.75,0,0.0,0,0,18-APR-2022,
OPTSTK,INDUSTOWER,30-Jun-2022,290.0,CE,0.0,0.0,0.0,7.55,4.2,0,0.0,0,0,18-APR-2022,
OPTSTK,INDUSTOWER,30-Jun-2022,295.0,CE,0.0,0.0,0.0,6.85,3.7,0,0.0,0,0,18-APR-2022,
OPTSTK,INDUSTOWER,30-Jun-2022,300.0,CE,0.0,0.0,0.0,6.2,3.25,0,0.0,0,0,18-APR-2022,
OPTSTK,INDUSTOWER,30-Jun-2022,305.0,CE,0.0,0.0,0.0,5.6,2.85,0,0.0,0,0,18-APR-2022,
OPTSTK,INDUSTOWER,30-Jun-2022,310.0,CE,0.0,0.0,0.0,5.05,2.5,0,0.0,0,0,18-APR-2022,
OPTSTK,INDUSTOWER,30-Jun-2022,145.0,PE,0.0,0.0,0.0,1.5,1.0,0,0.0,0,0,18-APR-2022,
OPTSTK,INDUSTOWER,30-Jun-2022,150.0,PE,0.0,0.0,0.0,2.0,1.4,0,0.0,0,0,18-APR-2022,
OPTSTK,INDUSTOWER,30-Jun-2022,155.0,PE,0.0,0.0,0.0,2.55,1.85,0,0.0,0,0,18-APR-2022,
OPTSTK,INDUSTOWER,30-Jun-2022,160.0,PE,0.0,0.0,0.0,3.25,2.45,0,0.0,0,0,18-APR-2022,
OPTSTK,INDUSTOWER,30-Jun-2022,165.0,PE,0.0,0.0,0.0,4.1,3.2,0,0.0,0,0,18-APR-2022,
OPTSTK,INDUSTOWER,30-Jun-2022,170.0,PE,0.0,0.0,0.0,5.05,4.05,0,0.0,0,0,18-APR-2022,
OPTSTK,INDUSTOWER,30-Jun-2022,175.0,PE,0.0,0.0,0.0,6.15,5.1,0,0.0,0,0,18-APR-2022,
OPTSTK,INDUSTOWER,30-Jun-2022,180.0,PE,0.0,0.0,0.0,7.4,6.3,0,0.0,0,0,18-APR-2022,
OPTSTK,INDUSTOWER,30-Jun-2022,185.0,PE,0.0,0.0,0.0,8.8,7.7,0,0.0,0,0,18-APR-2022,
OPTSTK,INDUSTOWER,30-Jun-2022,190.0,PE,0.0,0.0,0.0,10.4,9.25,0,0.0,0,0,18-APR-2022,
OPTSTK,INDUSTOWER,30-Jun-2022,195.0,PE,0.0,0.0,0.0,12.1,11.0,0,0.0,0,0,18-APR-2022,
OPTSTK,INDUSTOWER,30-Jun-2022,200.0,PE,0.0,0.0,0.0,14.0,12.9,0,0.0,0,0,18-APR-2022,
OPTSTK,INDUSTOWER,30-Jun-2022,205.0,PE,0.0,0.0,0.0,16.05,15.05,0,0.0,0,0,18-APR-2022,
OPTSTK,INDUSTOWER,30-Jun-2022,210.0,PE,0.0,0.0,0.0,18.3,17.35,0,0.0,0,0,18-APR-2022,
OPTSTK,INDUSTOWER,30-Jun-2022,215.0,PE,0.0,0.0,0.0,20.7,19.85,0,0.0,0,0,18-APR-2022,
OPTSTK,INDUSTOWER,30-Jun-2022,220.0,PE,0.0,0.0,0.0,23.25,22.55,0,0.0,0,0,18-APR-2022,
OPTSTK,INDUSTOWER,30-Jun-2022,225.0,PE,0.0,0.0,0.0,25.95,25.4,0,0.0,0,0,18-APR-2022,
OPTSTK,INDUSTOWER,30-Jun-2022,230.0,PE,0.0,0.0,0.0,28.8,28.45,0,0.0,0,0,18-APR-2022,
OPTSTK,INDUSTOWER,30-Jun-2022,235.0,PE,0.0,0.0,0.0,31.8,31.65,0,0.0,0,0,18-APR-2022,
OPTSTK,INDUSTOWER,30-Jun-2022,240.0,PE,0.0,0.0,0.0,34.9,35.0,0,0.0,0,0,18-APR-2022,
OPTSTK,INDUSTOWER,30-Jun-2022,245.0,PE,0.0,0.0,0.0,38.2,38.45,0,0.0,0,0,18-APR-2022,
OPTSTK,INDUSTOWER,30-Jun-2022,250.0,PE,0.0,0.0,0.0,41.55,42.1,0,0.0,0,0,18-APR-2022,
OPTSTK,INDUSTOWER,30-Jun-2022,255.0,PE,0.0,0.0,0.0,45.1,45.85,0,0.0,0,0,18-APR-2022,
OPTSTK,INDUSTOWER,30-Jun-2022,260.0,PE,0.0,0.0,0.0,48.7,49.7,0,0.0,0,0,18-APR-2022,
OPTSTK,INDUSTOWER,30-Jun-2022,265.0,PE,0.0,0.0,0.0,52.45,53.7,0,0.0,0,0,18-APR-2022,
OPTSTK,INDUSTOWER,30-Jun-2022,270.0,PE,0.0,0.0,0.0,56.25,57.75,0,0.0,0,0,18-APR-2022,
OPTSTK,INDUSTOWER,30-Jun-2022,275.0,PE,0.0,0.0,0.0,60.2,61.95,0,0.0,0,0,18-APR-2022,
OPTSTK,INDUSTOWER,30-Jun-2022,280.0,PE,0.0,0.0,0.0,64.2,66.2,0,0.0,0,0,18-APR-2022,
OPTSTK,INDUSTOWER,30-Jun-2022,285.0,PE,0.0,0.0,0.0,68.3,70.5,0,0.0,0,0,18-APR-2022,
OPTSTK,INDUSTOWER,30-Jun-2022,290.0,PE,0.0,0.0,0.0,72.45,74.9,0,0.0,0,0,18-APR-2022,
OPTSTK,INDUSTOWER,30-Jun-2022,295.0,PE,0.0,0.0,0.0,76.7,79.35,0,0.0,0,0,18-APR-2022,
OPTSTK,INDUSTOWER,30-Jun-2022,300.0,PE,0.0,0.0,0.0,80.95,83.85,0,0.0,0,0,18-APR-2022,
OPTSTK,INDUSTOWER,30-Jun-2022,305.0,PE,0.0,0.0,0.0,85.3,88.45,0,0.0,0,0,18-APR-2022,
OPTSTK,INDUSTOWER,30-Jun-2022,310.0,PE,0.0,0.0,0.0,89.75,93.05,0,0.0,0,0,18-APR-2022,
OPTSTK,INFY,28-Apr-2022,1180.0,CE,0.0,0.0,0.0,511.6,442.75,0,0.0,0,0,18-APR-2022,
OPTSTK,INFY,28-Apr-2022,1200.0,CE,430.0,430.0,425.0,425.0,422.75,40,195.3,28800,12000,18-APR-2022,
OPTSTK,INFY,28-Apr-2022,1220.0,CE,0.0,0.0,0.0,472.65,402.8,0,0.0,0,0,18-APR-2022,
OPTSTK,INFY,28-Apr-2022,1240.0,CE,0.0,0.0,0.0,453.3,382.8,0,0.0,0,0,18-APR-2022,
OPTSTK,INFY,28-Apr-2022,1260.0,CE,0.0,0.0,0.0,434.1,362.85,0,0.0,0,0,18-APR-2022,
OPTSTK,INFY,28-Apr-2022,1280.0,CE,0.0,0.0,0.0,415.05,342.85,0,0.0,0,0,18-APR-2022,
OPTSTK,INFY,28-Apr-2022,1300.0,CE,0.0,0.0,0.0,396.15,322.9,0,0.0,0,0,18-APR-2022,
OPTSTK,INFY,28-Apr-2022,1320.0,CE,0.0,0.0,0.0,377.5,302.9,0,0.0,0,0,18-APR-2022,
OPTSTK,INFY,28-Apr-2022,1340.0,CE,0.0,0.0,0.0,359.05,282.95,0,0.0,0,0,18-APR-2022,
OPTSTK,INFY,28-Apr-2022,1360.0,CE,0.0,0.0,0.0,340.85,262.95,0,0.0,0,0,18-APR-2022,
OPTSTK,INFY,28-Apr-2022,1380.0,CE,0.0,0.0,0.0,323.0,243.0,0,0.0,0,0,18-APR-2022,
OPTSTK,INFY,28-Apr-2022,1400.0,CE,0.0,0.0,0.0,374.6,223.05,0,0.0,2700,0,18-APR-2022,
OPTSTK,INFY,28-Apr-2022,1420.0,CE,0.0,0.0,0.0,288.25,203.2,0,0.0,0,0,18-APR-2022,
OPTSTK,INFY,28-Apr-2022,1440.0,CE,0.0,0.0,0.0,271.5,183.4,0,0.0,0,0,18-APR-2022,
OPTSTK,INFY,28-Apr-2022,1460.0,CE,0.0,0.0,0.0,255.15,163.85,0,0.0,0,0,18-APR-2022,
OPTSTK,INFY,28-Apr-2022,1480.0,CE,0.0,0.0,0.0,239.3,144.55,0,0.0,0,0,18-APR-2022,
OPTSTK,INFY,28-Apr-2022,1500.0,CE,152.0,154.75,118.3,128.9,128.9,127,620.8,22200,17700,18-APR-2022,
OPTSTK,INFY,28-Apr-2022,1520.0,CE,0.0,0.0,0.0,209.15,107.7,0,0.0,0,0,18-APR-2022,
OPTSTK,INFY,28-Apr-2022,1540.0,CE,91.55,93.7,90.75,92.1,92.1,9,44.07,1200,1200,18-APR-2022,
OPTSTK,INFY,28-Apr-2022,1560.0,CE,92.4,92.4,67.0,76.1,76.1,309,1516.3,33900,33900,18-APR-2022,
OPTSTK,INFY,28-Apr-2022,1580.0,CE,78.9,87.45,53.0,60.65,60.65,478,2354.45,39300,39300,18-APR-2022,
OPTSTK,INFY,28-Apr-2022,1600.0,CE,51.0,75.0,40.75,46.95,46.95,11024,54629.91,579600,567900,18-APR-2022,
OPTSTK,INFY,28-Apr-2022,1620.0,CE,41.1,60.35,30.0,34.25,34.25,9767,48543.44,453000,453000,18-APR-2022,
OPTSTK,INFY,28-Apr-2022,1640.0,CE,30.35,47.7,20.95,23.75,23.75,24391,122059.91,1227600,1215600,18-APR-2022,
OPTSTK,INFY,28-Apr-2022,1660.0,CE,35.05,36.15,13.8,15.6,15.6,25343,127688.24,1563900,1560000,18-APR-2022,
OPTSTK,INFY,28-Apr-2022,1680.0,CE,16.7,26.2,9.1,10.8,10.8,22117,112372.87,1489500,1475100,18-APR-2022,
OPTSTK,INFY,28-Apr-2022,1700.0,CE,13.1,26.4,7.9,8.55,8.55,54467,279439.83,3484200,3258900,18-APR-2022,
OPTSTK,INFY,28-Apr-2022,1720.0,CE,23.75,23.75,6.2,6.75,6.75,14770,76551.06,734700,624600,18-APR-2022,
OPTSTK,INFY,28-Apr-2022,1740.0,CE,16.9,16.9,5.0,5.45,5.45,16697,87470.21,1130400,479700,18-APR-2022,
OPTSTK,INFY,28-Apr-2022,1760.0,CE,6.55,12.4,4.25,4.75,4.75,14896,78884.81,1776000,357300,18-APR-2022,
OPTSTK,INFY,28-Apr-2022,1780.0,CE,6.25,11.05,3.35,3.95,3.95,10623,56865.01,908400,100500,18-APR-2022,
OPTSTK,INFY,28-Apr-2022,1800.0,CE,7.4,7.4,2.9,3.45,3.45,35690,193117.44,4297200,739500,18-APR-2022,
OPTSTK,INFY,28-Apr-2022,1820.0,CE,7.35,7.4,2.5,3.15,3.15,10205,55820.79,1044900,-216600,18-APR-2022,
OPTSTK,INFY,28-Apr-2022,1840.0,CE,3.0,5.35,2.2,2.7,2.7,12287,67928.34,1461900,-21300,18-APR-2022,
OPTSTK,INFY,28-Apr-2022,1860.0,CE,9.8,9.8,1.95,2.45,2.45,8227,45969.73,916200,-112800,18-APR-2022,
OPTSTK,INFY,28-Apr-2022,1880.0,CE,8.0,8.0,1.8,2.25,2.25,6005,33908.68,923400,-76500,18-APR-2022,
OPTSTK,INFY,28-Apr-2022,1900.0,CE,1.65,3.4,1.55,2.1,2.1,22409,127860.15,5066100,264900,18-APR-2022,
OPTSTK,INFY,28-Apr-2022,1920.0,CE,2.95,3.0,1.4,2.05,2.05,4275,24647.63,696300,-85500,18-APR-2022,
OPTSTK,INFY,28-Apr-2022,1940.0,CE,4.7,4.7,0.05,1.9,1.9,5259,30633.97,466800,-582600,18-APR-2022,
OPTSTK,INFY,28-Apr-2022,1960.0,CE,2.05,2.05,0.8,1.8,1.8,2077,12222.26,373200,-122100,18-APR-2022,
OPTSTK,INFY,28-Apr-2022,1980.0,CE,1.6,1.8,0.85,1.75,1.75,1075,6389.99,166200,-74100,18-APR-2022,
OPTSTK,INFY,28-Apr-2022,2000.0,CE,1.85,1.9,0.8,1.6,1.6,6806,40862.02,1636500,-286800,18-APR-2022,
OPTSTK,INFY,28-Apr-2022,2020.0,CE,0.95,1.55,0.7,1.45,1.45,693,4202.04,150600,6000,18-APR-2022,
OPTSTK,INFY,28-Apr-2022,2040.0,CE,2.25,2.25,0.6,1.45,1.45,1011,6190.96,315900,-105300,18-APR-2022,
OPTSTK,INFY,28-Apr-2022,2060.0,CE,1.8,1.8,0.55,1.25,1.25,689,4260.27,83400,-66000,18-APR-2022,
OPTSTK,INFY,28-Apr-2022,2080.0,CE,0.8,1.3,0.65,1.25,1.25,863,5387.94,198300,-32400,18-APR-2022,
OPTSTK,INFY,28-Apr-2022,2100.0,CE,0.7,1.05,0.4,0.9,0.9,1681,10594.21,474300,-135600,18-APR-2022,
OPTSTK,INFY,28-Apr-2022,2120.0,CE,1.1,1.1,0.35,1.0,1.0,331,2105.88,89400,-52200,18-APR-2022,
OPTSTK,INFY,28-Apr-2022,2140.0,CE,0.6,1.05,0.5,0.75,0.75,59,378.89,18000,-5100,18-APR-2022,
OPTSTK,INFY,28-Apr-2022,2160.0,CE,0.5,1.0,0.5,0.75,0.75,130,842.67,55800,-3600,18-APR-2022,
OPTSTK,INFY,28-Apr-2022,2180.0,CE,0.5,3.75,0.2,0.65,0.65,142,929.0,12900,-10500,18-APR-2022,
OPTSTK,INFY,28-Apr-2022,2200.0,CE,1.25,1.25,0.45,0.65,0.65,626,4132.67,284100,-55200,18-APR-2022,
OPTSTK,INFY,28-Apr-2022,2220.0,CE,0.0,0.0,0.0,5.0,0.0,0,0.0,0,0,18-APR-2022,
OPTSTK,INFY,28-Apr-2022,2240.0,CE,0.0,0.0,0.0,1.6,0.0,0,0.0,1800,0,18-APR-2022,
OPTSTK,INFY,28-Apr-2022,2260.0,CE,0.35,0.9,0.2,0.6,0.6,84,569.66,16500,-6900,18-APR-2022,
OPTSTK,INFY,28-Apr-2022,2280.0,CE,0.8,0.8,0.25,0.25,0.0,4,27.36,4200,-300,18-APR-2022,
OPTSTK,INFY,28-Apr-2022,2300.0,CE,0.4,0.6,0.35,0.4,0.4,390,2691.53,191700,-3300,18-APR-2022,
OPTSTK,INFY,28-Apr-2022,1180.0,PE,0.4,0.7,0.1,0.25,0.25,64,226.64,7200,5400,18-APR-2022,
OPTSTK,INFY,28-Apr-2022,1200.0,PE,0.2,1.0,0.2,0.5,0.5,143,514.98,26400,12000,18-APR-2022,
OPTSTK,INFY,28-Apr-2022,1220.0,PE,1.35,1.35,0.15,0.15,0.0,2,7.32,300,300,18-APR-2022,
OPTSTK,INFY,28-Apr-2022,1240.0,PE,0.0,0.0,0.0,1.8,0.0,0,0.0,0,0,18-APR-2022,
OPTSTK,INFY,28-Apr-2022,1260.0,PE,0.0,0.0,0.0,2.4,0.0,0,0.0,0,0,18-APR-2022,
OPTSTK,INFY,28-Apr-2022,1280.0,PE,0.0,0.0,0.0,3.1,0.0,0,0.0,0,0,18-APR-2022,
OPTSTK,INFY,28-Apr-2022,1300.0,PE,3.0,3.0,0.3,0.4,0.4,284,1108.06,30000,30000,18-APR-2022,
OPTSTK,INFY,28-Apr-2022,1320.0,PE,0.0,0.0,0.0,5.15,0.0,0,0.0,0,0,18-APR-2022,
OPTSTK,INFY,28-Apr-2022,1340.0,PE,0.0,0.0,0.0,6.45,0.0,0,0.0,0,0,18-APR-2022,
OPTSTK,INFY,28-Apr-2022,1360.0,PE,0.0,0.0,0.0,8.1,0.05,0,0.0,0,0,18-APR-2022,
OPTSTK,INFY,28-Apr-2022,1380.0,PE,0.4,1.35,0.4,0.7,0.7,160,662.84,4800,4800,18-APR-2022,
OPTSTK,INFY,28-Apr-2022,1400.0,PE,5.55,5.55,0.65,0.85,0.85,2507,10538.32,224100,149100,18-APR-2022,
OPTSTK,INFY,28-Apr-2022,1420.0,PE,1.45,1.75,0.55,1.05,1.05,663,2826.89,67800,67800,18-APR-2022,
OPTSTK,INFY,28-Apr-2022,1440.0,PE,3.6,3.6,0.85,1.6,1.6,563,2434.81,22800,22800,18-APR-2022,
OPTSTK,INFY,28-Apr-2022,1460.0,PE,3.6,3.85,1.0,2.3,2.3,1923,8434.58,136500,136500,18-APR-2022,
OPTSTK,INFY,28-Apr-2022,1480.0,PE,5.05,5.05,1.8,3.1,3.1,1243,5529.56,46200,46200,18-APR-2022,
OPTSTK,INFY,28-Apr-2022,1500.0,PE,6.0,13.6,2.95,4.7,4.7,12527,56533.85,769200,380700,18-APR-2022,
OPTSTK,INFY,28-Apr-2022,1520.0,PE,10.0,10.0,4.25,6.55,6.55,2037,9325.17,98700,98700,18-APR-2022,
OPTSTK,INFY,28-Apr-2022,1540.0,PE,13.8,15.15,5.85,8.8,8.8,7878,36584.19,372000,294300,18-APR-2022,
OPTSTK,INFY,28-Apr-2022,1560.0,PE,20.75,21.0,8.55,12.35,12.35,9017,42498.98,483900,395400,18-APR-2022,
OPTSTK,INFY,28-Apr-2022,1580.0,PE,27.5,27.5,11.85,16.45,16.45,7913,37870.91,293400,198900,18-APR-2022,
OPTSTK,INFY,28-Apr-2022,1600.0,PE,36.5,39.55,15.5,22.55,22.55,37275,181279.71,1458600,590700,18-APR-2022,
OPTSTK,INFY,28-Apr-2022,1620.0,PE,36.05,39.75,20.0,29.95,29.95,13604,67289.23,430500,167400,18-APR-2022,
OPTSTK,INFY,28-Apr-2022,1640.0,PE,55.45,56.55,26.9,39.45,39.45,12726,63999.59,541800,-89400,18-APR-2022,
OPTSTK,INFY,28-Apr-2022,1660.0,PE,72.9,72.9,35.3,50.95,50.95,6892,35254.98,325800,-160500,18-APR-2022,
OPTSTK,INFY,28-Apr-2022,1680.0,PE,76.1,80.1,45.0,66.0,66.0,4374,22815.88,233400,-263400,18-APR-2022,
OPTSTK,INFY,28-Apr-2022,1700.0,PE,105.0,105.05,58.65,83.85,83.85,8700,46326.31,936300,-406500,18-APR-2022,
OPTSTK,INFY,28-Apr-2022,1720.0,PE,119.0,119.0,74.0,101.9,101.9,2056,11157.05,162300,-187500,18-APR-2022,
OPTSTK,INFY,28-Apr-2022,1740.0,PE,136.0,142.0,92.0,121.1,121.1,2421,13427.39,465300,-237600,18-APR-2022,
OPTSTK,INFY,28-Apr-2022,1760.0,PE,155.0,155.0,110.15,140.05,140.05,1874,10622.81,396000,-207600,18-APR-2022,
OPTSTK,INFY,28-Apr-2022,1780.0,PE,211.3,211.35,125.5,160.15,160.15,427,2471.68,195300,-21600,18-APR-2022,
OPTSTK,INFY,28-Apr-2022,1800.0,PE,174.35,190.1,147.95,179.0,179.0,1511,8920.66,755700,-189300,18-APR-2022,
OPTSTK,INFY,28-Apr-2022,1820.0,PE,162.35,210.0,162.35,198.1,198.1,514,3093.6,188100,-40500,18-APR-2022,
OPTSTK,INFY,28-Apr-2022,1840.0,PE,103.0,228.65,103.0,217.9,217.9,679,4163.62,210900,-73500,18-APR-2022,
OPTSTK,INFY,28-Apr-2022,1860.0,PE,226.85,248.5,206.55,237.45,237.45,179,1121.24,162900,-14700,18-APR-2022,
OPTSTK,INFY,28-Apr-2022,1880.0,PE,225.0,267.3,225.0,259.4,259.4,100,640.19,177900,-7200,18-APR-2022,
OPTSTK,INFY,28-Apr-2022,1900.0,PE,255.0,289.5,247.0,277.55,277.55,417,2706.5,650700,-32700,18-APR-2022,
OPTSTK,INFY,28-Apr-2022,1920.0,PE,271.4,299.0,270.15,293.65,296.5,26,172.77,44400,-6300,18-APR-2022,
OPTSTK,INFY,28-Apr-2022,1940.0,PE,288.2,318.8,288.1,318.8,316.45,7,47.11,56400,-900,18-APR-2022,
OPTSTK,INFY,28-Apr-2022,1960.0,PE,317.35,326.0,317.35,326.0,336.4,2,13.69,51600,0,18-APR-2022,
OPTSTK,INFY,28-Apr-2022,1980.0,PE,0.0,0.0,0.0,232.6,356.4,0,0.0,3900,0,18-APR-2022,
OPTSTK,INFY,28-Apr-2022,2000.0,PE,352.75,386.2,343.7,375.5,375.5,178,1267.33,159900,-13500,18-APR-2022,
OPTSTK,INFY,28-Apr-2022,2020.0,PE,0.0,0.0,0.0,277.85,396.35,0,0.0,1200,0,18-APR-2022,
OPTSTK,INFY,28-Apr-2022,2040.0,PE,0.0,0.0,0.0,163.4,416.3,0,0.0,300,0,18-APR-2022,
OPTSTK,INFY,28-Apr-2022,2060.0,PE,0.0,0.0,0.0,309.0,436.3,0,0.0,600,0,18-APR-2022,
OPTSTK,INFY,28-Apr-2022,2080.0,PE,0.0,0.0,0.0,392.4,456.3,0,0.0,0,0,18-APR-2022,
OPTSTK,INFY,28-Apr-2022,2100.0,PE,467.1,478.6,464.9,475.4,476.25,7,53.96,2700,-600,18-APR-2022,
OPTSTK,INFY,28-Apr-2022,2120.0,PE,0.0,0.0,0.0,429.1,496.25,0,0.0,0,0,18-APR-2022,
OPTSTK,INFY,28-Apr-2022,2140.0,PE,0.0,0.0,0.0,447.7,516.2,0,0.0,0,0,18-APR-2022,
OPTSTK,INFY,28-Apr-2022,2160.0,PE,0.0,0.0,0.0,405.0,536.2,0,0.0,600,0,18-APR-2022,
OPTSTK,INFY,28-Apr-2022,2180.0,PE,0.0,0.0,0.0,485.25,556.15,0,0.0,0,0,18-APR-2022,
OPTSTK,INFY,28-Apr-2022,2200.0,PE,0.0,0.0,0.0,504.2,576.15,0,0.0,0,0,18-APR-2022,
OPTSTK,INFY,28-Apr-2022,2220.0,PE,0.0,0.0,0.0,523.25,596.1,0,0.0,0,0,18-APR-2022,
OPTSTK,INFY,28-Apr-2022,2240.0,PE,0.0,0.0,0.0,542.4,616.1,0,0.0,0,0,18-APR-2022,
OPTSTK,INFY,28-Apr-2022,2260.0,PE,0.0,0.0,0.0,561.65,636.1,0,0.0,0,0,18-APR-2022,
OPTSTK,INFY,28-Apr-2022,2280.0,PE,0.0,0.0,0.0,580.95,656.05,0,0.0,0,0,18-APR-2022,
OPTSTK,INFY,28-Apr-2022,2300.0,PE,0.0,0.0,0.0,600.3,676.05,0,0.0,0,0,18-APR-2022,
OPTSTK,INFY,26-May-2022,1180.0,CE,0.0,0.0,0.0,511.25,446.65,0,0.0,0,0,18-APR-2022,
OPTSTK,INFY,26-May-2022,1200.0,CE,0.0,0.0,0.0,491.75,426.8,0,0.0,0,0,18-APR-2022,
OPTSTK,INFY,26-May-2022,1220.0,CE,0.0,0.0,0.0,472.3,406.95,0,0.0,0,0,18-APR-2022,
OPTSTK,INFY,26-May-2022,1240.0,CE,0.0,0.0,0.0,453.0,387.1,0,0.0,0,0,18-APR-2022,
OPTSTK,INFY,26-May-2022,1260.0,CE,0.0,0.0,0.0,433.8,367.35,0,0.0,0,0,18-APR-2022,
OPTSTK,INFY,26-May-2022,1280.0,CE,0.0,0.0,0.0,414.75,347.65,0,0.0,0,0,18-APR-2022,
OPTSTK,INFY,26-May-2022,1300.0,CE,0.0,0.0,0.0,395.9,328.05,0,0.0,0,0,18-APR-2022,
OPTSTK,INFY,26-May-2022,1320.0,CE,0.0,0.0,0.0,377.2,308.55,0,0.0,0,0,18-APR-2022,
OPTSTK,INFY,26-May-2022,1340.0,CE,0.0,0.0,0.0,358.8,289.25,0,0.0,0,0,18-APR-2022,
OPTSTK,INFY,26-May-2022,1360.0,CE,0.0,0.0,0.0,340.65,270.15,0,0.0,0,0,18-APR-2022,
OPTSTK,INFY,26-May-2022,1380.0,CE,0.0,0.0,0.0,322.8,251.35,0,0.0,0,0,18-APR-2022,
OPTSTK,INFY,26-May-2022,1400.0,CE,0.0,0.0,0.0,305.3,232.9,0,0.0,0,0,18-APR-2022,
OPTSTK,INFY,26-May-2022,1420.0,CE,0.0,0.0,0.0,288.15,214.85,0,0.0,0,0,18-APR-2022,
OPTSTK,INFY,26-May-2022,1440.0,CE,0.0,0.0,0.0,271.4,197.3,0,0.0,0,0,18-APR-2022,
OPTSTK,INFY,26-May-2022,1460.0,CE,0.0,0.0,0.0,255.1,180.3,0,0.0,0,0,18-APR-2022,
OPTSTK,INFY,26-May-2022,1480.0,CE,0.0,0.0,0.0,239.3,163.95,0,0.0,0,0,18-APR-2022,
OPTSTK,INFY,26-May-2022,1500.0,CE,173.9,174.0,135.0,145.0,145.0,58,286.8,8400,8400,18-APR-2022,
OPTSTK,INFY,26-May-2022,1520.0,CE,0.0,0.0,0.0,209.2,133.45,0,0.0,0,0,18-APR-2022,
OPTSTK,INFY,26-May-2022,1540.0,CE,0.0,0.0,0.0,194.95,119.3,0,0.0,0,0,18-APR-2022,
OPTSTK,INFY,26-May-2022,1560.0,CE,0.0,0.0,0.0,181.15,106.15,0,0.0,0,0,18-APR-2022,
OPTSTK,INFY,26-May-2022,1580.0,CE,101.9,101.9,99.15,99.15,93.85,2,10.08,600,600,18-APR-2022,
OPTSTK,INFY,26-May-2022,1600.0,CE,81.0,95.1,68.35,75.05,75.05,1115,5615.11,179700,178800,18-APR-2022,
OPTSTK,INFY,26-May-2022,1620.0,CE,66.0,66.85,55.9,63.4,63.4,378,1907.97,70800,70800,18-APR-2022,
OPTSTK,INFY,26-May-2022,1640.0,CE,70.05,73.15,50.0,54.75,54.75,824,4194.52,120600,120600,18-APR-2022,
OPTSTK,INFY,26-May-2022,1660.0,CE,60.0,60.05,41.0,45.65,45.65,533,2730.14,66600,66600,18-APR-2022,
OPTSTK,INFY,26-May-2022,1680.0,CE,68.8,68.8,35.0,37.5,37.5,341,1758.9,52800,52800,18-APR-2022,
OPTSTK,INFY,26-May-2022,1700.0,CE,45.0,47.55,28.5,30.9,30.9,4703,24450.09,737400,709800,18-APR-2022,
OPTSTK,INFY,26-May-2022,1720.0,CE,29.9,29.9,24.85,25.65,25.65,43,225.23,7800,7800,18-APR-2022,
OPTSTK,INFY,26-May-2022,1740.0,CE,21.25,33.0,18.7,21.05,21.05,546,2887.18,84600,70500,18-APR-2022,
OPTSTK,INFY,26-May-2022,1760.0,CE,27.4,27.4,16.7,18.1,18.1,627,3348.07,92400,44400,18-APR-2022,
OPTSTK,INFY,26-May-2022,1780.0,CE,24.8,24.8,13.55,15.45,15.45,240,1292.89,55800,33600,18-APR-2022,
OPTSTK,INFY,26-May-2022,1800.0,CE,19.95,21.4,12.2,13.5,13.5,3482,18953.29,612600,349200,18-APR-2022,
OPTSTK,INFY,26-May-2022,1820.0,CE,18.65,18.65,10.65,11.7,11.7,124,681.52,25800,20400,18-APR-2022,
OPTSTK,INFY,26-May-2022,1840.0,CE,14.05,14.05,9.05,10.25,10.25,130,721.6,29100,4800,18-APR-2022,
OPTSTK,INFY,26-May-2022,1860.0,CE,24.95,24.95,7.6,9.15,9.15,238,1334.36,69300,21600,18-APR-2022,
OPTSTK,INFY,26-May-2022,1880.0,CE,6.25,23.75,4.5,5.35,5.35,113,641.24,21000,1200,18-APR-2022,
OPTSTK,INFY,26-May-2022,1900.0,CE,5.05,14.2,3.0,6.55,6.55,1767,10108.47,461700,170700,18-APR-2022,
OPTSTK,INFY,26-May-2022,1920.0,CE,10.05,10.05,5.45,6.0,6.0,26,150.27,15900,4500,18-APR-2022,
OPTSTK,INFY,26-May-2022,1940.0,CE,6.75,10.0,6.75,8.4,8.4,3,17.53,600,600,18-APR-2022,
OPTSTK,INFY,26-May-2022,1960.0,CE,1.75,11.95,1.75,6.05,6.05,15,88.46,6300,0,18-APR-2022,
OPTSTK,INFY,26-May-2022,1980.0,CE,0.0,0.0,0.0,23.75,2.35,0,0.0,0,0,18-APR-2022,
OPTSTK,INFY,26-May-2022,2000.0,CE,8.75,10.6,3.7,4.0,4.0,960,5773.28,272100,78900,18-APR-2022,
OPTSTK,INFY,26-May-2022,2020.0,CE,0.0,0.0,0.0,18.7,1.45,0,0.0,0,0,18-APR-2022,
OPTSTK,INFY,26-May-2022,2040.0,CE,0.0,0.0,0.0,16.55,1.1,0,0.0,0,0,18-APR-2022,
OPTSTK,INFY,26-May-2022,2060.0,CE,0.0,0.0,0.0,19.8,0.85,0,0.0,300,0,18-APR-2022,
OPTSTK,INFY,26-May-2022,2080.0,CE,0.0,0.0,0.0,12.85,0.65,0,0.0,0,0,18-APR-2022,
OPTSTK,INFY,26-May-2022,2100.0,CE,6.45,7.45,2.7,3.0,3.0,149,940.16,60900,14400,18-APR-2022,
OPTSTK,INFY,26-May-2022,2120.0,CE,0.0,0.0,0.0,9.95,0.4,0,0.0,0,0,18-APR-2022,
OPTSTK,INFY,26-May-2022,2140.0,CE,0.0,0.0,0.0,8.75,0.3,0,0.0,0,0,18-APR-2022,
OPTSTK,INFY,26-May-2022,2160.0,CE,0.0,0.0,0.0,7.65,0.25,0,0.0,0,0,18-APR-2022,
OPTSTK,INFY,26-May-2022,2180.0,CE,0.0,0.0,0.0,6.7,0.2,0,0.0,0,0,18-APR-2022,
OPTSTK,INFY,26-May-2022,2200.0,CE,2.5,2.5,2.5,2.5,0.15,1,6.6,300,300,18-APR-2022,
OPTSTK,INFY,26-May-2022,2220.0,CE,0.0,0.0,0.0,5.1,0.1,0,0.0,0,0,18-APR-2022,
OPTSTK,INFY,26-May-2022,2240.0,CE,0.0,0.0,0.0,4.45,0.1,0,0.0,0,0,18-APR-2022,
OPTSTK,INFY,26-May-2022,2260.0,CE,0.0,0.0,0.0,3.85,0.05,0,0.0,0,0,18-APR-2022,
OPTSTK,INFY,26-May-2022,2280.0,CE,0.0,0.0,0.0,3.35,0.05,0,0.0,0,0,18-APR-2022,
OPTSTK,INFY,26-May-2022,2300.0,CE,0.0,0.0,0.0,2.9,0.05,0,0.0,0,0,18-APR-2022,
OPTSTK,INFY,26-May-2022,1180.0,PE,0.0,0.0,0.0,0.75,0.05,0,0.0,0,0,18-APR-2022,
OPTSTK,INFY,26-May-2022,1200.0,PE,0.0,0.0,0.0,1.05,0.1,0,0.0,0,0,18-APR-2022,
OPTSTK,INFY,26-May-2022,1220.0,PE,0.0,0.0,0.0,1.4,0.15,0,0.0,0,0,18-APR-2022,
OPTSTK,INFY,26-May-2022,1240.0,PE,0.0,0.0,0.0,1.85,0.25,0,0.0,0,0,18-APR-2022,
OPTSTK,INFY,26-May-2022,1260.0,PE,0.0,0.0,0.0,2.45,0.4,0,0.0,0,0,18-APR-2022,
OPTSTK,INFY,26-May-2022,1280.0,PE,0.0,0.0,0.0,3.2,0.6,0,0.0,0,0,18-APR-2022,
OPTSTK,INFY,26-May-2022,1300.0,PE,4.0,4.95,3.2,3.2,0.9,5,19.56,1500,1500,18-APR-2022,
OPTSTK,INFY,26-May-2022,1320.0,PE,0.0,0.0,0.0,5.25,1.35,0,0.0,0,0,18-APR-2022,
OPTSTK,INFY,26-May-2022,1340.0,PE,0.0,0.0,0.0,6.6,1.95,0,0.0,0,0,18-APR-2022,
OPTSTK,INFY,26-May-2022,1360.0,PE,0.0,0.0,0.0,8.25,2.75,0,0.0,0,0,18-APR-2022,
OPTSTK,INFY,26-May-2022,1380.0,PE,0.0,0.0,0.0,10.2,3.9,0,0.0,0,0,18-APR-2022,
OPTSTK,INFY,26-May-2022,1400.0,PE,15.0,15.0,5.0,6.0,6.0,81,341.79,16200,16200,18-APR-2022,
OPTSTK,INFY,26-May-2022,1420.0,PE,0.0,0.0,0.0,15.15,7.2,0,0.0,0,0,18-APR-2022,
OPTSTK,INFY,26-May-2022,1440.0,PE,0.0,0.0,0.0,18.2,9.55,0,0.0,0,0,18-APR-2022,
OPTSTK,INFY,26-May-2022,1460.0,PE,0.0,0.0,0.0,21.7,12.45,0,0.0,0,0,18-APR-2022,
OPTSTK,INFY,26-May-2022,1480.0,PE,0.0,0.0,0.0,25.65,16.0,0,0.0,0,0,18-APR-2022,
OPTSTK,INFY,26-May-2022,1500.0,PE,20.0,20.0,12.05,15.9,15.9,1193,5423.77,177000,163800,18-APR-2022,
OPTSTK,INFY,26-May-2022,1520.0,PE,20.0,20.0,20.0,20.0,20.0,1,4.62,300,300,18-APR-2022,
OPTSTK,INFY,26-May-2022,1540.0,PE,25.0,28.5,21.7,23.65,23.65,128,600.73,23100,23100,18-APR-2022,
OPTSTK,INFY,26-May-2022,1560.0,PE,33.0,34.0,25.6,29.4,29.4,61,290.74,11100,11100,18-APR-2022,
OPTSTK,INFY,26-May-2022,1580.0,PE,32.0,41.0,32.0,34.75,34.75,48,232.63,8400,8100,18-APR-2022,
OPTSTK,INFY,26-May-2022,1600.0,PE,45.6,50.0,32.0,43.3,43.3,2073,10205.38,320700,216600,18-APR-2022,
OPTSTK,INFY,26-May-2022,1620.0,PE,50.0,59.0,47.75,52.25,52.25,178,893.59,42000,42000,18-APR-2022,
OPTSTK,INFY,26-May-2022,1640.0,PE,48.3,72.0,48.3,64.3,64.3,177,902.88,33300,33000,18-APR-2022,
OPTSTK,INFY,26-May-2022,1660.0,PE,77.05,80.9,52.85,75.05,75.05,100,519.28,19200,17700,18-APR-2022,
OPTSTK,INFY,26-May-2022,1680.0,PE,87.9,95.25,71.4,86.9,86.9,45,238.27,21600,4800,18-APR-2022,
OPTSTK,INFY,26-May-2022,1700.0,PE,101.85,110.0,78.8,99.35,99.35,844,4543.23,249900,52200,18-APR-2022,
OPTSTK,INFY,26-May-2022,1720.0,PE,100.6,127.2,98.45,112.3,112.3,14,76.8,3600,2100,18-APR-2022,
OPTSTK,INFY,26-May-2022,1740.0,PE,111.0,137.55,104.5,129.55,129.55,46,257.14,12900,3900,18-APR-2022,
OPTSTK,INFY,26-May-2022,1760.0,PE,124.7,154.0,124.7,147.55,154.55,62,353.22,23400,7800,18-APR-2022,
OPTSTK,INFY,26-May-2022,1780.0,PE,160.0,166.45,160.0,163.85,163.85,5,29.14,3900,600,18-APR-2022,
OPTSTK,INFY,26-May-2022,1800.0,PE,158.9,191.0,155.05,181.4,181.4,114,675.37,122400,-3300,18-APR-2022,
OPTSTK,INFY,26-May-2022,1820.0,PE,0.0,0.0,0.0,102.0,204.0,0,0.0,3300,0,18-APR-2022,
OPTSTK,INFY,26-May-2022,1840.0,PE,0.0,0.0,0.0,123.6,221.5,0,0.0,3300,0,18-APR-2022,
OPTSTK,INFY,26-May-2022,1860.0,PE,235.0,240.0,234.5,236.0,239.35,9,56.6,15600,1200,18-APR-2022,
OPTSTK,INFY,26-May-2022,1880.0,PE,0.0,0.0,0.0,162.0,257.55,0,0.0,2400,0,18-APR-2022,
OPTSTK,INFY,26-May-2022,1900.0,PE,250.0,280.05,247.0,274.85,274.85,28,181.94,48900,-1200,18-APR-2022,
OPTSTK,INFY,26-May-2022,1920.0,PE,0.0,0.0,0.0,255.3,294.8,0,0.0,0,0,18-APR-2022,
OPTSTK,INFY,26-May-2022,1940.0,PE,0.0,0.0,0.0,271.5,313.75,0,0.0,0,0,18-APR-2022,
OPTSTK,INFY,26-May-2022,1960.0,PE,0.0,0.0,0.0,288.05,332.9,0,0.0,0,0,18-APR-2022,
OPTSTK,INFY,26-May-2022,1980.0,PE,0.0,0.0,0.0,304.85,352.2,0,0.0,0,0,18-APR-2022,
OPTSTK,INFY,26-May-2022,2000.0,PE,370.0,378.0,365.2,378.0,371.6,13,92.48,4500,3900,18-APR-2022,
OPTSTK,INFY,26-May-2022,2020.0,PE,0.0,0.0,0.0,339.4,391.1,0,0.0,0,0,18-APR-2022,
OPTSTK,INFY,26-May-2022,2040.0,PE,0.0,0.0,0.0,357.0,410.7,0,0.0,0,0,18-APR-2022,
OPTSTK,INFY,26-May-2022,2060.0,PE,0.0,0.0,0.0,374.9,430.35,0,0.0,0,0,18-APR-2022,
OPTSTK,INFY,26-May-2022,2080.0,PE,0.0,0.0,0.0,392.95,450.1,0,0.0,0,0,18-APR-2022,
OPTSTK,INFY,26-May-2022,2100.0,PE,0.0,0.0,0.0,411.2,469.85,0,0.0,0,0,18-APR-2022,
OPTSTK,INFY,26-May-2022,2120.0,PE,0.0,0.0,0.0,429.6,489.65,0,0.0,0,0,18-APR-2022,
OPTSTK,INFY,26-May-2022,2140.0,PE,0.0,0.0,0.0,448.2,509.45,0,0.0,0,0,18-APR-2022,
OPTSTK,INFY,26-May-2022,2160.0,PE,0.0,0.0,0.0,466.9,529.3,0,0.0,0,0,18-APR-2022,
OPTSTK,INFY,26-May-2022,2180.0,PE,0.0,0.0,0.0,485.75,549.15,0,0.0,0,0,18-APR-2022,
OPTSTK,INFY,26-May-2022,2200.0,PE,0.0,0.0,0.0,504.65,569.05,0,0.0,0,0,18-APR-2022,
OPTSTK,INFY,26-May-2022,2220.0,PE,0.0,0.0,0.0,523.7,588.9,0,0.0,0,0,18-APR-2022,
OPTSTK,INFY,26-May-2022,2240.0,PE,0.0,0.0,0.0,542.85,608.8,0,0.0,0,0,18-APR-2022,
OPTSTK,INFY,26-May-2022,2260.0,PE,0.0,0.0,0.0,562.05,628.7,0,0.0,0,0,18-APR-2022,
OPTSTK,INFY,26-May-2022,2280.0,PE,0.0,0.0,0.0,581.35,648.6,0,0.0,0,0,18-APR-2022,
OPTSTK,INFY,26-May-2022,2300.0,PE,0.0,0.0,0.0,600.7,668.5,0,0.0,0,0,18-APR-2022,
OPTSTK,INFY,30-Jun-2022,1180.0,CE,0.0,0.0,0.0,739.35,452.3,0,0.0,0,0,18-APR-2022,
OPTSTK,INFY,30-Jun-2022,1200.0,CE,0.0,0.0,0.0,719.55,432.8,0,0.0,0,0,18-APR-2022,
OPTSTK,INFY,30-Jun-2022,1220.0,CE,0.0,0.0,0.0,699.8,413.45,0,0.0,0,0,18-APR-2022,
OPTSTK,INFY,30-Jun-2022,1240.0,CE,0.0,0.0,0.0,680.1,394.2,0,0.0,0,0,18-APR-2022,
OPTSTK,INFY,30-Jun-2022,1260.0,CE,0.0,0.0,0.0,660.35,375.1,0,0.0,0,0,18-APR-2022,
OPTSTK,INFY,30-Jun-2022,1280.0,CE,0.0,0.0,0.0,640.65,356.25,0,0.0,0,0,18-APR-2022,
OPTSTK,INFY,30-Jun-2022,1300.0,CE,0.0,0.0,0.0,621.0,337.6,0,0.0,0,0,18-APR-2022,
OPTSTK,INFY,30-Jun-2022,1320.0,CE,0.0,0.0,0.0,601.4,319.25,0,0.0,0,0,18-APR-2022,
OPTSTK,INFY,30-Jun-2022,1340.0,CE,0.0,0.0,0.0,581.8,301.2,0,0.0,0,0,18-APR-2022,
OPTSTK,INFY,30-Jun-2022,1360.0,CE,0.0,0.0,0.0,562.3,283.5,0,0.0,0,0,18-APR-2022,
OPTSTK,INFY,30-Jun-2022,1380.0,CE,0.0,0.0,0.0,542.85,266.15,0,0.0,0,0,18-APR-2022,
OPTSTK,INFY,30-Jun-2022,1400.0,CE,0.0,0.0,0.0,523.5,249.3,0,0.0,0,0,18-APR-2022,
OPTSTK,INFY,30-Jun-2022,1420.0,CE,0.0,0.0,0.0,504.25,232.85,0,0.0,0,0,18-APR-2022,
OPTSTK,INFY,30-Jun-2022,1440.0,CE,0.0,0.0,0.0,485.15,216.95,0,0.0,0,0,18-APR-2022,
OPTSTK,INFY,30-Jun-2022,1460.0,CE,0.0,0.0,0.0,466.15,201.6,0,0.0,0,0,18-APR-2022,
OPTSTK,INFY,30-Jun-2022,1480.0,CE,0.0,0.0,0.0,447.35,186.9,0,0.0,0,0,18-APR-2022,
OPTSTK,INFY,30-Jun-2022,1500.0,CE,150.0,150.0,150.0,150.0,172.7,1,4.95,300,300,18-APR-2022,
OPTSTK,INFY,30-Jun-2022,1520.0,CE,0.0,0.0,0.0,410.3,159.1,0,0.0,0,0,18-APR-2022,
OPTSTK,INFY,30-Jun-2022,1540.0,CE,0.0,0.0,0.0,392.15,146.2,0,0.0,0,0,18-APR-2022,
OPTSTK,INFY,30-Jun-2022,1560.0,CE,0.0,0.0,0.0,374.2,134.0,0,0.0,0,0,18-APR-2022,
OPTSTK,INFY,30-Jun-2022,1580.0,CE,0.0,0.0,0.0,356.55,122.45,0,0.0,0,0,18-APR-2022,
OPTSTK,INFY,30-Jun-2022,1600.0,CE,90.0,100.0,83.0,88.5,88.5,127,643.33,32700,32700,18-APR-2022,
OPTSTK,INFY,30-Jun-2022,1620.0,CE,0.0,0.0,0.0,322.3,101.4,0,0.0,0,0,18-APR-2022,
OPTSTK,INFY,30-Jun-2022,1640.0,CE,0.0,0.0,0.0,305.65,91.9,0,0.0,0,0,18-APR-2022,
OPTSTK,INFY,30-Jun-2022,1660.0,CE,0.0,0.0,0.0,289.45,83.05,0,0.0,0,0,18-APR-2022,
OPTSTK,INFY,30-Jun-2022,1680.0,CE,0.0,0.0,0.0,273.65,74.8,0,0.0,0,0,18-APR-2022,
OPTSTK,INFY,30-Jun-2022,1700.0,CE,50.5,60.0,45.05,50.35,50.35,118,619.31,25200,25200,18-APR-2022,
OPTSTK,INFY,30-Jun-2022,1720.0,CE,0.0,0.0,0.0,243.4,60.25,0,0.0,0,0,18-APR-2022,
OPTSTK,INFY,30-Jun-2022,1740.0,CE,111.8,111.8,111.8,111.8,53.85,2,11.11,600,600,18-APR-2022,
OPTSTK,INFY,30-Jun-2022,1760.0,CE,0.0,0.0,0.0,214.9,48.0,0,0.0,0,0,18-APR-2022,
OPTSTK,INFY,30-Jun-2022,1780.0,CE,0.0,0.0,0.0,201.45,42.65,0,0.0,0,0,18-APR-2022,
OPTSTK,INFY,30-Jun-2022,1800.0,CE,40.6,40.6,21.0,24.8,24.8,103,563.97,24000,20400,18-APR-2022,
OPTSTK,INFY,30-Jun-2022,1820.0,CE,0.0,0.0,0.0,176.1,33.55,0,0.0,0,0,18-APR-2022,
OPTSTK,INFY,30-Jun-2022,1840.0,CE,0.0,0.0,0.0,164.25,29.55,0,0.0,0,0,18-APR-2022,
OPTSTK,INFY,30-Jun-2022,1860.0,CE,0.0,0.0,0.0,152.9,26.0,0,0.0,0,0,18-APR-2022,
OPTSTK,INFY,30-Jun-2022,1880.0,CE,0.0,0.0,0.0,142.1,22.85,0,0.0,0,0,18-APR-2022,
OPTSTK,INFY,30-Jun-2022,1900.0,CE,18.5,18.6,12.0,13.8,13.8,30,172.33,7500,4200,18-APR-2022,
OPTSTK,INFY,30-Jun-2022,1920.0,CE,0.0,0.0,0.0,122.1,17.5,0,0.0,0,0,18-APR-2022,
OPTSTK,INFY,30-Jun-2022,1940.0,CE,0.0,0.0,0.0,112.9,15.25,0,0.0,0,0,18-APR-2022,
OPTSTK,INFY,30-Jun-2022,1960.0,CE,0.0,0.0,0.0,104.25,13.25,0,0.0,0,0,18-APR-2022,
OPTSTK,INFY,30-Jun-2022,1980.0,CE,0.0,0.0,0.0,96.05,11.5,0,0.0,0,0,18-APR-2022,
OPTSTK,INFY,30-Jun-2022,2000.0,CE,15.0,15.0,8.5,8.5,9.95,12,72.41,6300,2100,18-APR-2022,
OPTSTK,INFY,30-Jun-2022,2020.0,CE,0.0,0.0,0.0,81.15,8.6,0,0.0,0,0,18-APR-2022,
OPTSTK,INFY,30-Jun-2022,2040.0,CE,0.0,0.0,0.0,74.4,7.45,0,0.0,0,0,18-APR-2022,
OPTSTK,INFY,30-Jun-2022,2060.0,CE,0.0,0.0,0.0,68.15,6.4,0,0.0,0,0,18-APR-2022,
OPTSTK,INFY,30-Jun-2022,2080.0,CE,0.0,0.0,0.0,62.25,5.5,0,0.0,0,0,18-APR-2022,
OPTSTK,INFY,30-Jun-2022,2100.0,CE,0.0,0.0,0.0,18.0,4.7,0,0.0,300,0,18-APR-2022,
OPTSTK,INFY,30-Jun-2022,2120.0,CE,0.0,0.0,0.0,51.85,4.05,0,0.0,0,0,18-APR-2022,
OPTSTK,INFY,30-Jun-2022,2140.0,CE,0.0,0.0,0.0,47.2,3.45,0,0.0,0,0,18-APR-2022,
OPTSTK,INFY,30-Jun-2022,2160.0,CE,0.0,0.0,0.0,42.9,2.95,0,0.0,0,0,18-APR-2022,
OPTSTK,INFY,30-Jun-2022,2180.0,CE,0.0,0.0,0.0,38.85,2.5,0,0.0,0,0,18-APR-2022,
OPTSTK,INFY,30-Jun-2022,2200.0,CE,0.0,0.0,0.0,35.2,2.1,0,0.0,0,0,18-APR-2022,
OPTSTK,INFY,30-Jun-2022,2220.0,CE,0.0,0.0,0.0,31.85,1.8,0,0.0,0,0,18-APR-2022,
OPTSTK,INFY,30-Jun-2022,2240.0,CE,0.0,0.0,0.0,28.75,1.55,0,0.0,0,0,18-APR-2022,
OPTSTK,INFY,30-Jun-2022,2260.0,CE,0.0,0.0,0.0,25.95,1.3,0,0.0,0,0,18-APR-2022,
OPTSTK,INFY,30-Jun-2022,2280.0,CE,0.0,0.0,0.0,23.35,1.1,0,0.0,0,0,18-APR-2022,
OPTSTK,INFY,30-Jun-2022,2300.0,CE,0.0,0.0,0.0,21.0,0.9,0,0.0,0,0,18-APR-2022,
OPTSTK,INFY,30-Jun-2022,1180.0,PE,0.0,0.0,0.0,0.05,0.9,0,0.0,0,0,18-APR-2022,
OPTSTK,INFY,30-Jun-2022,1200.0,PE,0.0,0.0,0.0,0.1,1.25,0,0.0,0,0,18-APR-2022,
OPTSTK,INFY,30-Jun-2022,1220.0,PE,0.0,0.0,0.0,0.15,1.7,0,0.0,0,0,18-APR-2022,
OPTSTK,INFY,30-Jun-2022,1240.0,PE,0.0,0.0,0.0,0.2,2.3,0,0.0,0,0,18-APR-2022,
OPTSTK,INFY,30-Jun-2022,1260.0,PE,0.0,0.0,0.0,0.25,3.05,0,0.0,0,0,18-APR-2022,
OPTSTK,INFY,30-Jun-2022,1280.0,PE,0.0,0.0,0.0,0.35,4.0,0,0.0,0,0,18-APR-2022,
OPTSTK,INFY,30-Jun-2022,1300.0,PE,0.0,0.0,0.0,0.5,5.2,0,0.0,0,0,18-APR-2022,
OPTSTK,INFY,30-Jun-2022,1320.0,PE,0.0,0.0,0.0,0.65,6.65,0,0.0,0,0,18-APR-2022,
OPTSTK,INFY,30-Jun-2022,1340.0,PE,0.0,0.0,0.0,0.85,8.45,0,0.0,0,0,18-APR-2022,
OPTSTK,INFY,30-Jun-2022,1360.0,PE,0.0,0.0,0.0,1.15,10.55,0,0.0,0,0,18-APR-2022,
OPTSTK,INFY,30-Jun-2022,1380.0,PE,0.0,0.0,0.0,1.5,13.1,0,0.0,0,0,18-APR-2022,
OPTSTK,INFY,30-Jun-2022,1400.0,PE,7.0,12.95,7.0,12.3,12.3,7,29.61,2100,1800,18-APR-2022,
OPTSTK,INFY,30-Jun-2022,1420.0,PE,0.0,0.0,0.0,2.5,19.45,0,0.0,0,0,18-APR-2022,
OPTSTK,INFY,30-Jun-2022,1440.0,PE,0.0,0.0,0.0,3.15,23.4,0,0.0,0,0,18-APR-2022,
OPTSTK,INFY,30-Jun-2022,1460.0,PE,0.0,0.0,0.0,3.95,27.85,0,0.0,0,0,18-APR-2022,
OPTSTK,INFY,30-Jun-2022,1480.0,PE,0.0,0.0,0.0,4.95,32.95,0,0.0,0,0,18-APR-2022,
OPTSTK,INFY,30-Jun-2022,1500.0,PE,27.25,29.9,21.6,28.9,28.9,74,338.68,20700,19800,18-APR-2022,
OPTSTK,INFY,30-Jun-2022,1520.0,PE,0.0,0.0,0.0,7.45,44.85,0,0.0,0,0,18-APR-2022,
OPTSTK,INFY,30-Jun-2022,1540.0,PE,0.0,0.0,0.0,9.1,51.8,0,0.0,0,0,18-APR-2022,
OPTSTK,INFY,30-Jun-2022,1560.0,PE,0.0,0.0,0.0,10.95,59.4,0,0.0,0,0,18-APR-2022,
OPTSTK,INFY,30-Jun-2022,1580.0,PE,0.0,0.0,0.0,13.1,67.7,0,0.0,0,0,18-APR-2022,
OPTSTK,INFY,30-Jun-2022,1600.0,PE,49.8,68.0,43.0,62.1,62.1,194,965.56,42300,36000,18-APR-2022,
OPTSTK,INFY,30-Jun-2022,1620.0,PE,0.0,0.0,0.0,18.4,86.3,0,0.0,0,0,18-APR-2022,
OPTSTK,INFY,30-Jun-2022,1640.0,PE,0.0,0.0,0.0,21.55,96.6,0,0.0,0,0,18-APR-2022,
OPTSTK,INFY,30-Jun-2022,1660.0,PE,0.0,0.0,0.0,25.15,107.6,0,0.0,0,0,18-APR-2022,
OPTSTK,INFY,30-Jun-2022,1680.0,PE,0.0,0.0,0.0,29.1,119.2,0,0.0,0,0,18-APR-2022,
OPTSTK,INFY,30-Jun-2022,1700.0,PE,110.1,129.7,83.95,116.85,116.85,75,408.16,33300,11400,18-APR-2022,
OPTSTK,INFY,30-Jun-2022,1720.0,PE,0.0,0.0,0.0,38.45,144.3,0,0.0,0,0,18-APR-2022,
OPTSTK,INFY,30-Jun-2022,1740.0,PE,0.0,0.0,0.0,43.8,157.7,0,0.0,0,0,18-APR-2022,
OPTSTK,INFY,30-Jun-2022,1760.0,PE,0.0,0.0,0.0,49.55,171.7,0,0.0,0,0,18-APR-2022,
OPTSTK,INFY,30-Jun-2022,1780.0,PE,0.0,0.0,0.0,55.85,186.2,0,0.0,0,0,18-APR-2022,
OPTSTK,INFY,30-Jun-2022,1800.0,PE,191.9,198.0,190.0,191.0,191.0,28,167.46,15000,6000,18-APR-2022,
OPTSTK,INFY,30-Jun-2022,1820.0,PE,0.0,0.0,0.0,85.0,216.75,0,0.0,300,0,18-APR-2022,
OPTSTK,INFY,30-Jun-2022,1840.0,PE,0.0,0.0,0.0,78.05,232.6,0,0.0,0,0,18-APR-2022,
OPTSTK,INFY,30-Jun-2022,1860.0,PE,0.0,0.0,0.0,86.5,248.9,0,0.0,0,0,18-APR-2022,
OPTSTK,INFY,30-Jun-2022,1880.0,PE,0.0,0.0,0.0,95.5,265.55,0,0.0,0,0,18-APR-2022,
OPTSTK,INFY,30-Jun-2022,1900.0,PE,0.0,0.0,0.0,150.0,282.55,0,0.0,1500,0,18-APR-2022,
OPTSTK,INFY,30-Jun-2022,1920.0,PE,0.0,0.0,0.0,115.1,299.85,0,0.0,0,0,18-APR-2022,
OPTSTK,INFY,30-Jun-2022,1940.0,PE,0.0,0.0,0.0,125.65,317.45,0,0.0,0,0,18-APR-2022,
OPTSTK,INFY,30-Jun-2022,1960.0,PE,0.0,0.0,0.0,136.75,335.25,0,0.0,0,0,18-APR-2022,
OPTSTK,INFY,30-Jun-2022,1980.0,PE,0.0,0.0,0.0,148.4,353.35,0,0.0,0,0,18-APR-2022,
OPTSTK,INFY,30-Jun-2022,2000.0,PE,0.0,0.0,0.0,160.5,371.65,0,0.0,0,0,18-APR-2022,
OPTSTK,INFY,30-Jun-2022,2020.0,PE,0.0,0.0,0.0,173.05,390.1,0,0.0,0,0,18-APR-2022,
OPTSTK,INFY,30-Jun-2022,2040.0,PE,0.0,0.0,0.0,186.1,408.75,0,0.0,0,0,18-APR-2022,
OPTSTK,INFY,30-Jun-2022,2060.0,PE,0.0,0.0,0.0,199.6,427.55,0,0.0,0,0,18-APR-2022,
OPTSTK,INFY,30-Jun-2022,2080.0,PE,0.0,0.0,0.0,213.55,446.5,0,0.0,0,0,18-APR-2022,
OPTSTK,INFY,30-Jun-2022,2100.0,PE,0.0,0.0,0.0,227.9,465.55,0,0.0,0,0,18-APR-2022,
OPTSTK,INFY,30-Jun-2022,2120.0,PE,0.0,0.0,0.0,242.7,484.7,0,0.0,0,0,18-APR-2022,
OPTSTK,INFY,30-Jun-2022,2140.0,PE,0.0,0.0,0.0,257.85,503.95,0,0.0,0,0,18-APR-2022,
OPTSTK,INFY,30-Jun-2022,2160.0,PE,0.0,0.0,0.0,273.35,523.25,0,0.0,0,0,18-APR-2022,
OPTSTK,INFY,30-Jun-2022,2180.0,PE,0.0,0.0,0.0,289.1,542.65,0,0.0,0,0,18-APR-2022,
OPTSTK,INFY,30-Jun-2022,2200.0,PE,0.0,0.0,0.0,305.2,562.1,0,0.0,0,0,18-APR-2022,
OPTSTK,INFY,30-Jun-2022,2220.0,PE,0.0,0.0,0.0,321.65,581.6,0,0.0,0,0,18-APR-2022,
OPTSTK,INFY,30-Jun-2022,2240.0,PE,0.0,0.0,0.0,338.35,601.15,0,0.0,0,0,18-APR-2022,
OPTSTK,INFY,30-Jun-2022,2260.0,PE,0.0,0.0,0.0,355.3,620.75,0,0.0,0,0,18-APR-2022,
OPTSTK,INFY,30-Jun-2022,2280.0,PE,0.0,0.0,0.0,372.55,640.4,0,0.0,0,0,18-APR-2022,
OPTSTK,INFY,30-Jun-2022,2300.0,PE,0.0,0.0,0.0,390.0,660.05,0,0.0,0,0,18-APR-2022,
OPTSTK,INTELLECT,28-Apr-2022,460.0,CE,0.0,0.0,0.0,282.8,421.1,0,0.0,0,0,18-APR-2022,
OPTSTK,INTELLECT,28-Apr-2022,480.0,CE,0.0,0.0,0.0,265.0,401.1,0,0.0,0,0,18-APR-2022,
OPTSTK,INTELLECT,28-Apr-2022,500.0,CE,0.0,0.0,0.0,247.75,381.15,0,0.0,0,0,18-APR-2022,
OPTSTK,INTELLECT,28-Apr-2022,520.0,CE,0.0,0.0,0.0,231.05,361.15,0,0.0,0,0,18-APR-2022,
OPTSTK,INTELLECT,28-Apr-2022,540.0,CE,0.0,0.0,0.0,214.95,341.2,0,0.0,0,0,18-APR-2022,
OPTSTK,INTELLECT,28-Apr-2022,560.0,CE,0.0,0.0,0.0,199.45,321.2,0,0.0,0,0,18-APR-2022,
OPTSTK,INTELLECT,28-Apr-2022,580.0,CE,0.0,0.0,0.0,184.7,301.2,0,0.0,0,0,18-APR-2022,
OPTSTK,INTELLECT,28-Apr-2022,600.0,CE,0.0,0.0,0.0,170.65,281.25,0,0.0,0,0,18-APR-2022,
OPTSTK,INTELLECT,28-Apr-2022,620.0,CE,0.0,0.0,0.0,157.3,261.25,0,0.0,0,0,18-APR-2022,
OPTSTK,INTELLECT,28-Apr-2022,640.0,CE,0.0,0.0,0.0,144.65,241.3,0,0.0,0,0,18-APR-2022,
OPTSTK,INTELLECT,28-Apr-2022,660.0,CE,0.0,0.0,0.0,132.8,221.35,0,0.0,0,0,18-APR-2022,
OPTSTK,INTELLECT,28-Apr-2022,680.0,CE,0.0,0.0,0.0,121.7,201.45,0,0.0,0,0,18-APR-2022,
OPTSTK,INTELLECT,28-Apr-2022,700.0,CE,0.0,0.0,0.0,111.3,181.65,0,0.0,0,0,18-APR-2022,
OPTSTK,INTELLECT,28-Apr-2022,720.0,CE,0.0,0.0,0.0,101.6,162.05,0,0.0,0,0,18-APR-2022,
OPTSTK,INTELLECT,28-Apr-2022,740.0,CE,0.0,0.0,0.0,92.6,142.8,0,0.0,0,0,18-APR-2022,
OPTSTK,INTELLECT,28-Apr-2022,760.0,CE,0.0,0.0,0.0,84.3,124.05,0,0.0,0,0,18-APR-2022,
OPTSTK,INTELLECT,28-Apr-2022,780.0,CE,0.0,0.0,0.0,76.6,106.1,0,0.0,0,0,18-APR-2022,
OPTSTK,INTELLECT,28-Apr-2022,800.0,CE,0.0,0.0,0.0,69.5,89.15,0,0.0,0,0,18-APR-2022,
OPTSTK,INTELLECT,28-Apr-2022,820.0,CE,0.0,0.0,0.0,62.95,73.5,0,0.0,0,0,18-APR-2022,
OPTSTK,INTELLECT,28-Apr-2022,840.0,CE,0.0,0.0,0.0,81.6,59.4,0,0.0,10500,0,18-APR-2022,
OPTSTK,INTELLECT,28-Apr-2022,860.0,CE,0.0,0.0,0.0,97.35,47.0,0,0.0,1500,0,18-APR-2022,
OPTSTK,INTELLECT,28-Apr-2022,880.0,CE,33.4,33.4,24.75,26.7,26.7,19,129.43,14250,4500,18-APR-2022,
OPTSTK,INTELLECT,28-Apr-2022,900.0,CE,31.4,31.9,14.75,19.2,19.2,64,441.77,35250,9750,18-APR-2022,
OPTSTK,INTELLECT,28-Apr-2022,920.0,CE,16.3,16.75,12.5,12.9,12.9,22,154.12,29250,-2250,18-APR-2022,
OPTSTK,INTELLECT,28-Apr-2022,940.0,CE,15.0,16.25,7.05,7.8,7.8,44,313.57,28500,-5250,18-APR-2022,
OPTSTK,INTELLECT,28-Apr-2022,960.0,CE,7.1,9.85,4.05,5.25,5.25,51,369.6,49500,-1500,18-APR-2022,
OPTSTK,INTELLECT,28-Apr-2022,980.0,CE,6.0,6.7,4.0,4.0,4.0,15,110.83,42000,0,18-APR-2022,
OPTSTK,INTELLECT,28-Apr-2022,1000.0,CE,4.0,7.35,2.3,3.4,3.4,210,1581.18,179250,-5250,18-APR-2022,
OPTSTK,INTELLECT,28-Apr-2022,1020.0,CE,2.65,2.95,1.8,2.0,2.0,32,245.35,27750,-1500,18-APR-2022,
OPTSTK,INTELLECT,28-Apr-2022,1040.0,CE,1.8,3.2,0.8,1.1,1.1,52,406.13,81750,-4500,18-APR-2022,
OPTSTK,INTELLECT,28-Apr-2022,1060.0,CE,1.7,1.7,0.05,0.65,0.65,113,899.07,17250,-29250,18-APR-2022,
OPTSTK,INTELLECT,28-Apr-2022,1080.0,CE,1.2,1.2,0.3,0.3,0.3,37,299.88,44250,-750,18-APR-2022,
OPTSTK,INTELLECT,28-Apr-2022,1100.0,CE,1.45,2.1,0.45,0.45,0.55,30,247.76,37500,0,18-APR-2022,
OPTSTK,INTELLECT,28-Apr-2022,1120.0,CE,0.0,0.0,0.0,4.1,0.35,0,0.0,0,0,18-APR-2022,
OPTSTK,INTELLECT,28-Apr-2022,1140.0,CE,0.0,0.0,0.0,4.0,0.2,0,0.0,0,0,18-APR-2022,
OPTSTK,INTELLECT,28-Apr-2022,460.0,PE,0.0,0.0,0.0,5.4,0.0,0,0.0,0,0,18-APR-2022,
OPTSTK,INTELLECT,28-Apr-2022,480.0,PE,0.0,0.0,0.0,7.4,0.0,0,0.0,0,0,18-APR-2022,
OPTSTK,INTELLECT,28-Apr-2022,500.0,PE,0.0,0.0,0.0,9.95,0.0,0,0.0,0,0,18-APR-2022,
OPTSTK,INTELLECT,28-Apr-2022,520.0,PE,0.0,0.0,0.0,13.0,0.0,0,0.0,0,0,18-APR-2022,
OPTSTK,INTELLECT,28-Apr-2022,540.0,PE,0.0,0.0,0.0,16.7,0.0,0,0.0,0,0,18-APR-2022,
OPTSTK,INTELLECT,28-Apr-2022,560.0,PE,0.0,0.0,0.0,21.05,0.0,0,0.0,0,0,18-APR-2022,
OPTSTK,INTELLECT,28-Apr-2022,580.0,PE,0.0,0.0,0.0,26.05,0.0,0,0.0,0,0,18-APR-2022,
OPTSTK,INTELLECT,28-Apr-2022,600.0,PE,0.0,0.0,0.0,31.8,0.0,0,0.0,0,0,18-APR-2022,
OPTSTK,INTELLECT,28-Apr-2022,620.0,PE,0.0,0.0,0.0,38.2,0.0,0,0.0,0,0,18-APR-2022,
OPTSTK,INTELLECT,28-Apr-2022,640.0,PE,0.0,0.0,0.0,45.4,0.05,0,0.0,0,0,18-APR-2022,
OPTSTK,INTELLECT,28-Apr-2022,660.0,PE,0.0,0.0,0.0,53.3,0.05,0,0.0,0,0,18-APR-2022,
OPTSTK,INTELLECT,28-Apr-2022,680.0,PE,0.0,0.0,0.0,0.45,0.15,0,0.0,750,0,18-APR-2022,
OPTSTK,INTELLECT,28-Apr-2022,700.0,PE,0.0,0.0,0.0,71.4,0.35,0,0.0,0,0,18-APR-2022,
OPTSTK,INTELLECT,28-Apr-2022,720.0,PE,0.0,0.0,0.0,81.5,0.7,0,0.0,0,0,18-APR-2022,
OPTSTK,INTELLECT,28-Apr-2022,740.0,PE,0.0,0.0,0.0,92.3,1.45,0,0.0,0,0,18-APR-2022,
OPTSTK,INTELLECT,28-Apr-2022,760.0,PE,0.0,0.0,0.0,103.75,2.65,0,0.0,0,0,18-APR-2022,
OPTSTK,INTELLECT,28-Apr-2022,780.0,PE,0.0,0.0,0.0,115.85,4.7,0,0.0,0,0,18-APR-2022,
OPTSTK,INTELLECT,28-Apr-2022,800.0,PE,2.95,8.7,2.95,3.6,3.6,125,755.55,42750,26250,18-APR-2022,
OPTSTK,INTELLECT,28-Apr-2022,820.0,PE,7.5,10.0,5.0,5.0,5.0,48,297.76,39750,28500,18-APR-2022,
OPTSTK,INTELLECT,28-Apr-2022,840.0,PE,11.95,15.65,8.2,8.65,8.65,20,127.77,36000,750,18-APR-2022,
OPTSTK,INTELLECT,28-Apr-2022,860.0,PE,16.95,23.0,12.05,13.2,13.2,83,546.59,24000,-15000,18-APR-2022,
OPTSTK,INTELLECT,28-Apr-2022,880.0,PE,18.9,32.0,18.9,21.3,21.3,97,660.44,27750,12000,18-APR-2022,
OPTSTK,INTELLECT,28-Apr-2022,900.0,PE,32.0,45.0,29.15,31.25,31.25,121,849.52,61500,-9750,18-APR-2022,
OPTSTK,INTELLECT,28-Apr-2022,920.0,PE,38.05,53.25,38.0,47.8,47.8,8,57.93,18000,-1500,18-APR-2022,
OPTSTK,INTELLECT,28-Apr-2022,940.0,PE,63.7,72.0,61.6,65.1,73.15,6,45.27,21000,-750,18-APR-2022,
OPTSTK,INTELLECT,28-Apr-2022,960.0,PE,76.65,76.65,76.65,76.65,88.8,1,7.77,19500,750,18-APR-2022,
OPTSTK,INTELLECT,28-Apr-2022,980.0,PE,98.5,98.5,98.5,98.5,98.5,1,8.08,750,0,18-APR-2022,
OPTSTK,INTELLECT,28-Apr-2022,1000.0,PE,0.0,0.0,0.0,56.0,123.25,0,0.0,750,0,18-APR-2022,
OPTSTK,INTELLECT,28-Apr-2022,1020.0,PE,0.0,0.0,0.0,299.05,141.55,0,0.0,0,0,18-APR-2022,
OPTSTK,INTELLECT,28-Apr-2022,1040.0,PE,0.0,0.0,0.0,316.55,160.4,0,0.0,0,0,18-APR-2022,
OPTSTK,INTELLECT,28-Apr-2022,1060.0,PE,0.0,0.0,0.0,334.3,179.6,0,0.0,0,0,18-APR-2022,
OPTSTK,INTELLECT,28-Apr-2022,1080.0,PE,0.0,0.0,0.0,332.0,199.1,0,0.0,0,0,18-APR-2022,
OPTSTK,INTELLECT,28-Apr-2022,1100.0,PE,0.0,0.0,0.0,333.15,218.75,0,0.0,0,0,18-APR-2022,
OPTSTK,INTELLECT,28-Apr-2022,1120.0,PE,0.0,0.0,0.0,316.3,238.5,0,0.0,0,0,18-APR-2022,
OPTSTK,INTELLECT,28-Apr-2022,1140.0,PE,0.0,0.0,0.0,320.45,258.35,0,0.0,0,0,18-APR-2022,
OPTSTK,INTELLECT,26-May-2022,460.0,CE,0.0,0.0,0.0,179.65,422.6,0,0.0,0,0,18-APR-2022,
OPTSTK,INTELLECT,26-May-2022,480.0,CE,0.0,0.0,0.0,164.2,402.7,0,0.0,0,0,18-APR-2022,
OPTSTK,INTELLECT,26-May-2022,500.0,CE,0.0,0.0,0.0,149.6,382.85,0,0.0,0,0,18-APR-2022,
OPTSTK,INTELLECT,26-May-2022,520.0,CE,0.0,0.0,0.0,135.8,363.0,0,0.0,0,0,18-APR-2022,
OPTSTK,INTELLECT,26-May-2022,540.0,CE,0.0,0.0,0.0,122.9,343.25,0,0.0,0,0,18-APR-2022,
OPTSTK,INTELLECT,26-May-2022,560.0,CE,0.0,0.0,0.0,110.9,323.55,0,0.0,0,0,18-APR-2022,
OPTSTK,INTELLECT,26-May-2022,580.0,CE,0.0,0.0,0.0,99.8,303.95,0,0.0,0,0,18-APR-2022,
OPTSTK,INTELLECT,26-May-2022,600.0,CE,0.0,0.0,0.0,89.55,284.55,0,0.0,0,0,18-APR-2022,
OPTSTK,INTELLECT,26-May-2022,620.0,CE,0.0,0.0,0.0,80.15,265.4,0,0.0,0,0,18-APR-2022,
OPTSTK,INTELLECT,26-May-2022,640.0,CE,0.0,0.0,0.0,71.6,246.55,0,0.0,0,0,18-APR-2022,
OPTSTK,INTELLECT,26-May-2022,660.0,CE,0.0,0.0,0.0,63.75,228.1,0,0.0,0,0,18-APR-2022,
OPTSTK,INTELLECT,26-May-2022,680.0,CE,0.0,0.0,0.0,56.7,210.1,0,0.0,0,0,18-APR-2022,
OPTSTK,INTELLECT,26-May-2022,700.0,CE,0.0,0.0,0.0,50.3,192.65,0,0.0,0,0,18-APR-2022,
OPTSTK,INTELLECT,26-May-2022,720.0,CE,0.0,0.0,0.0,44.55,175.85,0,0.0,0,0,18-APR-2022,
OPTSTK,INTELLECT,26-May-2022,740.0,CE,0.0,0.0,0.0,39.45,159.75,0,0.0,0,0,18-APR-2022,
OPTSTK,INTELLECT,26-May-2022,760.0,CE,0.0,0.0,0.0,34.8,144.45,0,0.0,0,0,18-APR-2022,
OPTSTK,INTELLECT,26-May-2022,780.0,CE,0.0,0.0,0.0,30.7,130.0,0,0.0,0,0,18-APR-2022,
OPTSTK,INTELLECT,26-May-2022,800.0,CE,0.0,0.0,0.0,27.05,116.35,0,0.0,0,0,18-APR-2022,
OPTSTK,INTELLECT,26-May-2022,820.0,CE,0.0,0.0,0.0,23.75,103.7,0,0.0,0,0,18-APR-2022,
OPTSTK,INTELLECT,26-May-2022,840.0,CE,0.0,0.0,0.0,20.9,92.0,0,0.0,0,0,18-APR-2022,
OPTSTK,INTELLECT,26-May-2022,860.0,CE,0.0,0.0,0.0,18.35,81.25,0,0.0,0,0,18-APR-2022,
OPTSTK,INTELLECT,26-May-2022,880.0,CE,0.0,0.0,0.0,16.05,71.4,0,0.0,0,0,18-APR-2022,
OPTSTK,INTELLECT,26-May-2022,900.0,CE,0.0,0.0,0.0,14.05,62.45,0,0.0,0,0,18-APR-2022,
OPTSTK,INTELLECT,26-May-2022,920.0,CE,0.0,0.0,0.0,12.3,54.4,0,0.0,0,0,18-APR-2022,
OPTSTK,INTELLECT,26-May-2022,940.0,CE,0.0,0.0,0.0,10.75,47.2,0,0.0,0,0,18-APR-2022,
OPTSTK,INTELLECT,26-May-2022,960.0,CE,0.0,0.0,0.0,12.05,40.8,0,0.0,0,0,18-APR-2022,
OPTSTK,INTELLECT,26-May-2022,980.0,CE,0.0,0.0,0.0,11.2,35.1,0,0.0,0,0,18-APR-2022,
OPTSTK,INTELLECT,26-May-2022,1000.0,CE,0.0,0.0,0.0,35.0,30.15,0,0.0,750,0,18-APR-2022,
OPTSTK,INTELLECT,26-May-2022,1020.0,CE,0.0,0.0,0.0,13.3,25.75,0,0.0,0,0,18-APR-2022,
OPTSTK,INTELLECT,26-May-2022,1040.0,CE,0.0,0.0,0.0,11.7,21.9,0,0.0,0,0,18-APR-2022,
OPTSTK,INTELLECT,26-May-2022,1060.0,CE,0.0,0.0,0.0,12.1,18.6,0,0.0,0,0,18-APR-2022,
OPTSTK,INTELLECT,26-May-2022,1080.0,CE,0.0,0.0,0.0,12.5,15.7,0,0.0,0,0,18-APR-2022,
OPTSTK,INTELLECT,26-May-2022,1100.0,CE,0.0,0.0,0.0,35.0,13.25,0,0.0,750,0,18-APR-2022,
OPTSTK,INTELLECT,26-May-2022,1120.0,CE,0.0,0.0,0.0,13.2,11.1,0,0.0,0,0,18-APR-2022,
OPTSTK,INTELLECT,26-May-2022,1140.0,CE,0.0,0.0,0.0,13.35,9.3,0,0.0,0,0,18-APR-2022,
OPTSTK,INTELLECT,26-May-2022,460.0,PE,0.0,0.0,0.0,13.75,0.05,0,0.0,0,0,18-APR-2022,
OPTSTK,INTELLECT,26-May-2022,480.0,PE,0.0,0.0,0.0,18.1,0.05,0,0.0,0,0,18-APR-2022,
OPTSTK,INTELLECT,26-May-2022,500.0,PE,0.0,0.0,0.0,23.3,0.1,0,0.0,0,0,18-APR-2022,
OPTSTK,INTELLECT,26-May-2022,520.0,PE,0.0,0.0,0.0,29.3,0.15,0,0.0,0,0,18-APR-2022,
OPTSTK,INTELLECT,26-May-2022,540.0,PE,0.0,0.0,0.0,36.2,0.3,0,0.0,0,0,18-APR-2022,
OPTSTK,INTELLECT,26-May-2022,560.0,PE,0.0,0.0,0.0,44.0,0.5,0,0.0,0,0,18-APR-2022,
OPTSTK,INTELLECT,26-May-2022,580.0,PE,0.0,0.0,0.0,52.65,0.85,0,0.0,0,0,18-APR-2022,
OPTSTK,INTELLECT,26-May-2022,600.0,PE,0.0,0.0,0.0,62.2,1.35,0,0.0,0,0,18-APR-2022,
OPTSTK,INTELLECT,26-May-2022,620.0,PE,0.0,0.0,0.0,72.6,2.1,0,0.0,0,0,18-APR-2022,
OPTSTK,INTELLECT,26-May-2022,640.0,PE,0.0,0.0,0.0,83.85,3.2,0,0.0,0,0,18-APR-2022,
OPTSTK,INTELLECT,26-May-2022,660.0,PE,0.0,0.0,0.0,95.8,4.6,0,0.0,0,0,18-APR-2022,
OPTSTK,INTELLECT,26-May-2022,680.0,PE,0.0,0.0,0.0,108.55,6.55,0,0.0,0,0,18-APR-2022,
OPTSTK,INTELLECT,26-May-2022,700.0,PE,0.0,0.0,0.0,5.0,9.0,0,0.0,750,0,18-APR-2022,
OPTSTK,INTELLECT,26-May-2022,720.0,PE,0.0,0.0,0.0,135.95,12.1,0,0.0,0,0,18-APR-2022,
OPTSTK,INTELLECT,26-May-2022,740.0,PE,0.0,0.0,0.0,150.65,15.95,0,0.0,0,0,18-APR-2022,
OPTSTK,INTELLECT,26-May-2022,760.0,PE,0.0,0.0,0.0,165.8,20.55,0,0.0,0,0,18-APR-2022,
OPTSTK,INTELLECT,26-May-2022,780.0,PE,0.0,0.0,0.0,181.5,26.0,0,0.0,0,0,18-APR-2022,
OPTSTK,INTELLECT,26-May-2022,800.0,PE,0.0,0.0,0.0,197.65,32.3,0,0.0,0,0,18-APR-2022,
OPTSTK,INTELLECT,26-May-2022,820.0,PE,0.0,0.0,0.0,214.15,39.55,0,0.0,0,0,18-APR-2022,
OPTSTK,INTELLECT,26-May-2022,840.0,PE,0.0,0.0,0.0,231.05,47.75,0,0.0,0,0,18-APR-2022,
OPTSTK,INTELLECT,26-May-2022,860.0,PE,0.0,0.0,0.0,248.3,56.9,0,0.0,0,0,18-APR-2022,
OPTSTK,INTELLECT,26-May-2022,880.0,PE,0.0,0.0,0.0,265.8,66.95,0,0.0,0,0,18-APR-2022,
OPTSTK,INTELLECT,26-May-2022,900.0,PE,0.0,0.0,0.0,283.6,77.95,0,0.0,0,0,18-APR-2022,
OPTSTK,INTELLECT,26-May-2022,920.0,PE,0.0,0.0,0.0,301.65,89.8,0,0.0,0,0,18-APR-2022,
OPTSTK,INTELLECT,26-May-2022,940.0,PE,0.0,0.0,0.0,319.9,102.5,0,0.0,0,0,18-APR-2022,
OPTSTK,INTELLECT,26-May-2022,960.0,PE,0.0,0.0,0.0,317.4,116.0,0,0.0,0,0,18-APR-2022,
OPTSTK,INTELLECT,26-May-2022,980.0,PE,0.0,0.0,0.0,327.8,130.2,0,0.0,0,0,18-APR-2022,
OPTSTK,INTELLECT,26-May-2022,1000.0,PE,0.0,0.0,0.0,323.05,145.15,0,0.0,0,0,18-APR-2022,
OPTSTK,INTELLECT,26-May-2022,1020.0,PE,0.0,0.0,0.0,313.75,160.7,0,0.0,0,0,18-APR-2022,
OPTSTK,INTELLECT,26-May-2022,1040.0,PE,0.0,0.0,0.0,331.95,176.75,0,0.0,0,0,18-APR-2022,
OPTSTK,INTELLECT,26-May-2022,1060.0,PE,0.0,0.0,0.0,325.25,193.35,0,0.0,0,0,18-APR-2022,
OPTSTK,INTELLECT,26-May-2022,1080.0,PE,0.0,0.0,0.0,321.95,210.4,0,0.0,0,0,18-APR-2022,
OPTSTK,INTELLECT,26-May-2022,1100.0,PE,0.0,0.0,0.0,303.8,227.85,0,0.0,0,0,18-APR-2022,
OPTSTK,INTELLECT,26-May-2022,1120.0,PE,0.0,0.0,0.0,321.8,245.65,0,0.0,0,0,18-APR-2022,
OPTSTK,INTELLECT,26-May-2022,1140.0,PE,0.0,0.0,0.0,326.15,263.75,0,0.0,0,0,18-APR-2022,
OPTSTK,INTELLECT,30-Jun-2022,620.0,CE,0.0,0.0,0.0,340.85,274.75,0,0.0,0,0,18-APR-2022,
OPTSTK,INTELLECT,30-Jun-2022,640.0,CE,0.0,0.0,0.0,323.35,257.55,0,0.0,0,0,18-APR-2022,
OPTSTK,INTELLECT,30-Jun-2022,660.0,CE,0.0,0.0,0.0,306.3,240.85,0,0.0,0,0,18-APR-2022,
OPTSTK,INTELLECT,30-Jun-2022,680.0,CE,0.0,0.0,0.0,289.65,224.7,0,0.0,0,0,18-APR-2022,
OPTSTK,INTELLECT,30-Jun-2022,700.0,CE,0.0,0.0,0.0,273.55,209.2,0,0.0,0,0,18-APR-2022,
OPTSTK,INTELLECT,30-Jun-2022,720.0,CE,0.0,0.0,0.0,257.9,194.3,0,0.0,0,0,18-APR-2022,
OPTSTK,INTELLECT,30-Jun-2022,740.0,CE,0.0,0.0,0.0,242.75,180.05,0,0.0,0,0,18-APR-2022,
OPTSTK,INTELLECT,30-Jun-2022,760.0,CE,0.0,0.0,0.0,228.25,166.45,0,0.0,0,0,18-APR-2022,
OPTSTK,INTELLECT,30-Jun-2022,780.0,CE,0.0,0.0,0.0,214.2,153.55,0,0.0,0,0,18-APR-2022,
OPTSTK,INTELLECT,30-Jun-2022,800.0,CE,0.0,0.0,0.0,200.8,141.35,0,0.0,0,0,18-APR-2022,
OPTSTK,INTELLECT,30-Jun-2022,820.0,CE,0.0,0.0,0.0,187.9,129.85,0,0.0,0,0,18-APR-2022,
OPTSTK,INTELLECT,30-Jun-2022,840.0,CE,0.0,0.0,0.0,175.65,119.1,0,0.0,0,0,18-APR-2022,
OPTSTK,INTELLECT,30-Jun-2022,860.0,CE,0.0,0.0,0.0,164.0,109.0,0,0.0,0,0,18-APR-2022,
OPTSTK,INTELLECT,30-Jun-2022,880.0,CE,0.0,0.0,0.0,152.95,99.55,0,0.0,0,0,18-APR-2022,
OPTSTK,INTELLECT,30-Jun-2022,900.0,CE,0.0,0.0,0.0,142.45,90.8,0,0.0,0,0,18-APR-2022,
OPTSTK,INTELLECT,30-Jun-2022,920.0,CE,0.0,0.0,0.0,132.5,82.65,0,0.0,0,0,18-APR-2022,
OPTSTK,INTELLECT,30-Jun-2022,940.0,CE,0.0,0.0,0.0,123.1,75.1,0,0.0,0,0,18-APR-2022,
OPTSTK,INTELLECT,30-Jun-2022,960.0,CE,0.0,0.0,0.0,114.3,68.15,0,0.0,0,0,18-APR-2022,
OPTSTK,INTELLECT,30-Jun-2022,980.0,CE,0.0,0.0,0.0,105.95,61.75,0,0.0,0,0,18-APR-2022,
OPTSTK,INTELLECT,30-Jun-2022,1000.0,CE,0.0,0.0,0.0,98.15,55.85,0,0.0,0,0,18-APR-2022,
OPTSTK,INTELLECT,30-Jun-2022,1020.0,CE,0.0,0.0,0.0,90.85,50.45,0,0.0,0,0,18-APR-2022,
OPTSTK,INTELLECT,30-Jun-2022,1040.0,CE,0.0,0.0,0.0,84.0,45.55,0,0.0,0,0,18-APR-2022,
OPTSTK,INTELLECT,30-Jun-2022,1060.0,CE,0.0,0.0,0.0,77.6,41.1,0,0.0,0,0,18-APR-2022,
OPTSTK,INTELLECT,30-Jun-2022,1080.0,CE,0.0,0.0,0.0,71.65,37.0,0,0.0,0,0,18-APR-2022,
OPTSTK,INTELLECT,30-Jun-2022,1100.0,CE,0.0,0.0,0.0,66.1,33.25,0,0.0,0,0,18-APR-2022,
OPTSTK,INTELLECT,30-Jun-2022,1120.0,CE,0.0,0.0,0.0,60.95,29.85,0,0.0,0,0,18-APR-2022,
OPTSTK,INTELLECT,30-Jun-2022,1140.0,CE,0.0,0.0,0.0,56.15,26.8,0,0.0,0,0,18-APR-2022,
OPTSTK,INTELLECT,30-Jun-2022,620.0,PE,0.0,0.0,0.0,8.6,8.95,0,0.0,0,0,18-APR-2022,
OPTSTK,INTELLECT,30-Jun-2022,640.0,PE,0.0,0.0,0.0,10.9,11.55,0,0.0,0,0,18-APR-2022,
OPTSTK,INTELLECT,30-Jun-2022,660.0,PE,0.0,0.0,0.0,13.6,14.7,0,0.0,0,0,18-APR-2022,
OPTSTK,INTELLECT,30-Jun-2022,680.0,PE,0.0,0.0,0.0,16.75,18.4,0,0.0,0,0,18-APR-2022,
OPTSTK,INTELLECT,30-Jun-2022,700.0,PE,0.0,0.0,0.0,20.4,22.7,0,0.0,0,0,18-APR-2022,
OPTSTK,INTELLECT,30-Jun-2022,720.0,PE,0.0,0.0,0.0,24.55,27.65,0,0.0,0,0,18-APR-2022,
OPTSTK,INTELLECT,30-Jun-2022,740.0,PE,0.0,0.0,0.0,29.25,33.2,0,0.0,0,0,18-APR-2022,
OPTSTK,INTELLECT,30-Jun-2022,760.0,PE,0.0,0.0,0.0,34.5,39.45,0,0.0,0,0,18-APR-2022,
OPTSTK,INTELLECT,30-Jun-2022,780.0,PE,0.0,0.0,0.0,40.25,46.4,0,0.0,0,0,18-APR-2022,
OPTSTK,INTELLECT,30-Jun-2022,800.0,PE,0.0,0.0,0.0,46.65,54.05,0,0.0,0,0,18-APR-2022,
OPTSTK,INTELLECT,30-Jun-2022,820.0,PE,0.0,0.0,0.0,53.55,62.4,0,0.0,0,0,18-APR-2022,
OPTSTK,INTELLECT,30-Jun-2022,840.0,PE,0.0,0.0,0.0,61.1,71.45,0,0.0,0,0,18-APR-2022,
OPTSTK,INTELLECT,30-Jun-2022,860.0,PE,0.0,0.0,0.0,69.2,81.15,0,0.0,0,0,18-APR-2022,
OPTSTK,INTELLECT,30-Jun-2022,880.0,PE,0.0,0.0,0.0,77.9,91.55,0,0.0,0,0,18-APR-2022,
OPTSTK,INTELLECT,30-Jun-2022,900.0,PE,0.0,0.0,0.0,87.2,102.6,0,0.0,0,0,18-APR-2022,
OPTSTK,INTELLECT,30-Jun-2022,920.0,PE,0.0,0.0,0.0,97.05,114.3,0,0.0,0,0,18-APR-2022,
OPTSTK,INTELLECT,30-Jun-2022,940.0,PE,0.0,0.0,0.0,107.5,126.6,0,0.0,0,0,18-APR-2022,
OPTSTK,INTELLECT,30-Jun-2022,960.0,PE,0.0,0.0,0.0,118.45,139.45,0,0.0,0,0,18-APR-2022,
OPTSTK,INTELLECT,30-Jun-2022,980.0,PE,0.0,0.0,0.0,129.9,152.9,0,0.0,0,0,18-APR-2022,
OPTSTK,INTELLECT,30-Jun-2022,1000.0,PE,0.0,0.0,0.0,141.9,166.85,0,0.0,0,0,18-APR-2022,
OPTSTK,INTELLECT,30-Jun-2022,1020.0,PE,0.0,0.0,0.0,154.4,181.25,0,0.0,0,0,18-APR-2022,
OPTSTK,INTELLECT,30-Jun-2022,1040.0,PE,0.0,0.0,0.0,167.35,196.2,0,0.0,0,0,18-APR-2022,
OPTSTK,INTELLECT,30-Jun-2022,1060.0,PE,0.0,0.0,0.0,180.7,211.55,0,0.0,0,0,18-APR-2022,
OPTSTK,INTELLECT,30-Jun-2022,1080.0,PE,0.0,0.0,0.0,194.55,227.3,0,0.0,0,0,18-APR-2022,
OPTSTK,INTELLECT,30-Jun-2022,1100.0,PE,0.0,0.0,0.0,208.75,243.4,0,0.0,0,0,18-APR-2022,
OPTSTK,INTELLECT,30-Jun-2022,1120.0,PE,0.0,0.0,0.0,223.45,259.8,0,0.0,0,0,18-APR-2022,
OPTSTK,INTELLECT,30-Jun-2022,1140.0,PE,0.0,0.0,0.0,238.4,276.6,0,0.0,0,0,18-APR-2022,
OPTSTK,IOC,28-Apr-2022,89.0,CE,0.0,0.0,0.0,34.8,39.2,0,0.0,0,0,18-APR-2022,
OPTSTK,IOC,28-Apr-2022,90.0,CE,0.0,0.0,0.0,33.85,38.2,0,0.0,0,0,18-APR-2022,
OPTSTK,IOC,28-Apr-2022,91.0,CE,0.0,0.0,0.0,32.9,37.2,0,0.0,0,0,18-APR-2022,
OPTSTK,IOC,28-Apr-2022,92.0,CE,0.0,0.0,0.0,31.95,36.2,0,0.0,0,0,18-APR-2022,
OPTSTK,IOC,28-Apr-2022,93.0,CE,0.0,0.0,0.0,31.0,35.2,0,0.0,0,0,18-APR-2022,
OPTSTK,IOC,28-Apr-2022,94.0,CE,0.0,0.0,0.0,30.05,34.25,0,0.0,0,0,18-APR-2022,
OPTSTK,IOC,28-Apr-2022,95.0,CE,0.0,0.0,0.0,29.15,33.25,0,0.0,0,0,18-APR-2022,
OPTSTK,IOC,28-Apr-2022,96.0,CE,0.0,0.0,0.0,28.2,32.25,0,0.0,0,0,18-APR-2022,
OPTSTK,IOC,28-Apr-2022,97.0,CE,0.0,0.0,0.0,27.3,31.25,0,0.0,0,0,18-APR-2022,
OPTSTK,IOC,28-Apr-2022,98.0,CE,0.0,0.0,0.0,26.4,30.25,0,0.0,0,0,18-APR-2022,
OPTSTK,IOC,28-Apr-2022,99.0,CE,0.0,0.0,0.0,25.5,29.25,0,0.0,0,0,18-APR-2022,
OPTSTK,IOC,28-Apr-2022,100.0,CE,0.0,0.0,0.0,24.6,28.25,0,0.0,0,0,18-APR-2022,
OPTSTK,IOC,28-Apr-2022,101.0,CE,0.0,0.0,0.0,23.75,27.25,0,0.0,0,0,18-APR-2022,
OPTSTK,IOC,28-Apr-2022,102.0,CE,0.0,0.0,0.0,22.9,26.25,0,0.0,0,0,18-APR-2022,
OPTSTK,IOC,28-Apr-2022,103.0,CE,0.0,0.0,0.0,22.05,25.25,0,0.0,0,0,18-APR-2022,
OPTSTK,IOC,28-Apr-2022,104.0,CE,0.0,0.0,0.0,21.2,24.25,0,0.0,0,0,18-APR-2022,
OPTSTK,IOC,28-Apr-2022,105.0,CE,0.0,0.0,0.0,20.4,23.25,0,0.0,0,0,18-APR-2022,
OPTSTK,IOC,28-Apr-2022,106.0,CE,0.0,0.0,0.0,19.6,22.25,0,0.0,0,0,18-APR-2022,
OPTSTK,IOC,28-Apr-2022,107.0,CE,0.0,0.0,0.0,18.8,21.25,0,0.0,0,0,18-APR-2022,
OPTSTK,IOC,28-Apr-2022,108.0,CE,0.0,0.0,0.0,18.05,20.25,0,0.0,0,0,18-APR-2022,
OPTSTK,IOC,28-Apr-2022,109.0,CE,0.0,0.0,0.0,17.3,19.25,0,0.0,0,0,18-APR-2022,
OPTSTK,IOC,28-Apr-2022,110.0,CE,0.0,0.0,0.0,18.8,18.25,0,0.0,45500,0,18-APR-2022,
OPTSTK,IOC,28-Apr-2022,111.0,CE,0.0,0.0,0.0,15.8,17.25,0,0.0,0,0,18-APR-2022,
OPTSTK,IOC,28-Apr-2022,112.0,CE,0.0,0.0,0.0,15.1,16.25,0,0.0,0,0,18-APR-2022,
OPTSTK,IOC,28-Apr-2022,113.0,CE,0.0,0.0,0.0,14.45,15.3,0,0.0,0,0,18-APR-2022,
OPTSTK,IOC,28-Apr-2022,114.0,CE,0.0,0.0,0.0,13.75,14.3,0,0.0,0,0,18-APR-2022,
OPTSTK,IOC,28-Apr-2022,115.0,CE,13.2,13.2,13.2,13.2,13.35,2,16.66,292500,-6500,18-APR-2022,
OPTSTK,IOC,28-Apr-2022,116.0,CE,0.0,0.0,0.0,12.5,12.35,0,0.0,0,0,18-APR-2022,
OPTSTK,IOC,28-Apr-2022,117.0,CE,0.0,0.0,0.0,10.15,11.4,0,0.0,52000,0,18-APR-2022,
OPTSTK,IOC,28-Apr-2022,118.0,CE,9.9,9.9,9.9,9.9,10.5,1,8.31,169000,6500,18-APR-2022,
OPTSTK,IOC,28-Apr-2022,119.0,CE,9.6,9.6,9.6,9.6,9.6,1,8.35,266500,6500,18-APR-2022,
OPTSTK,IOC,28-Apr-2022,120.0,CE,7.85,9.25,7.7,9.0,9.0,51,426.82,1703000,-110500,18-APR-2022,
OPTSTK,IOC,28-Apr-2022,121.0,CE,7.8,7.8,7.8,7.8,7.85,1,8.37,370500,0,18-APR-2022,
OPTSTK,IOC,28-Apr-2022,122.0,CE,7.0,7.0,7.0,7.0,7.05,1,8.38,208000,6500,18-APR-2022,
OPTSTK,IOC,28-Apr-2022,123.0,CE,5.95,6.65,5.95,6.45,6.25,17,142.93,234000,-45500,18-APR-2022,
OPTSTK,IOC,28-Apr-2022,124.0,CE,5.2,5.9,4.8,5.8,5.55,5,42.05,292500,-6500,18-APR-2022,
OPTSTK,IOC,28-Apr-2022,125.0,CE,4.05,5.15,4.0,5.0,5.0,160,1348.98,1969500,-175500,18-APR-2022,
OPTSTK,IOC,28-Apr-2022,126.0,CE,4.0,4.4,3.9,4.25,4.25,9,76.17,351000,-32500,18-APR-2022,
OPTSTK,IOC,28-Apr-2022,127.0,CE,3.7,3.9,3.0,3.7,3.7,98,831.3,435500,-39000,18-APR-2022,
OPTSTK,IOC,28-Apr-2022,128.0,CE,3.05,3.35,2.6,3.25,3.25,249,2121.47,832000,-91000,18-APR-2022,
OPTSTK,IOC,28-Apr-2022,129.0,CE,2.7,2.9,2.25,2.8,2.8,148,1266.48,1319500,130000,18-APR-2022,
OPTSTK,IOC,28-Apr-2022,130.0,CE,2.4,2.45,1.85,2.35,2.35,1669,14347.07,13728000,468000,18-APR-2022,
OPTSTK,IOC,28-Apr-2022,131.0,CE,2.0,2.0,1.6,1.95,1.95,123,1062.3,1131000,110500,18-APR-2022,
OPTSTK,IOC,28-Apr-2022,132.0,CE,1.5,1.7,1.1,1.6,1.6,196,1701.45,1430000,260000,18-APR-2022,
OPTSTK,IOC,28-Apr-2022,133.0,CE,1.15,1.45,1.1,1.35,1.35,41,357.89,357500,26000,18-APR-2022,
OPTSTK,IOC,28-Apr-2022,134.0,CE,1.15,1.15,1.0,1.1,1.1,82,720.0,539500,247000,18-APR-2022,
OPTSTK,IOC,28-Apr-2022,135.0,CE,1.05,1.05,0.75,0.9,0.9,624,5512.28,3627000,19500,18-APR-2022,
OPTSTK,IOC,28-Apr-2022,136.0,CE,0.8,0.8,0.7,0.8,0.65,10,88.91,338000,-6500,18-APR-2022,
OPTSTK,IOC,28-Apr-2022,137.0,CE,0.6,0.75,0.6,0.65,0.65,10,89.48,247000,13000,18-APR-2022,
OPTSTK,IOC,28-Apr-2022,138.0,CE,0.55,0.55,0.5,0.5,0.4,16,144.08,123500,78000,18-APR-2022,
OPTSTK,IOC,28-Apr-2022,139.0,CE,0.45,0.5,0.45,0.5,0.3,8,72.53,71500,32500,18-APR-2022,
OPTSTK,IOC,28-Apr-2022,140.0,CE,0.4,0.45,0.3,0.4,0.4,490,4471.58,3419000,-149500,18-APR-2022,
OPTSTK,IOC,28-Apr-2022,141.0,CE,0.0,0.0,0.0,0.75,0.2,0,0.0,6500,0,18-APR-2022,
OPTSTK,IOC,28-Apr-2022,142.0,CE,0.3,0.3,0.3,0.3,0.15,1,9.24,136500,6500,18-APR-2022,
OPTSTK,IOC,28-Apr-2022,143.0,CE,0.0,0.0,0.0,0.3,0.1,0,0.0,136500,0,18-APR-2022,
OPTSTK,IOC,28-Apr-2022,144.0,CE,0.2,0.2,0.2,0.2,0.1,2,18.74,130000,0,18-APR-2022,
OPTSTK,IOC,28-Apr-2022,145.0,CE,0.15,0.2,0.15,0.2,0.2,60,566.25,897000,78000,18-APR-2022,
OPTSTK,IOC,28-Apr-2022,146.0,CE,0.0,0.0,0.0,0.25,0.05,0,0.0,52000,0,18-APR-2022,
OPTSTK,IOC,28-Apr-2022,147.0,CE,0.0,0.0,0.0,0.9,0.05,0,0.0,13000,0,18-APR-2022,
OPTSTK,IOC,28-Apr-2022,148.0,CE,0.0,0.0,0.0,1.7,0.05,0,0.0,0,0,18-APR-2022,
OPTSTK,IOC,28-Apr-2022,149.0,CE,0.0,0.0,0.0,0.3,0.05,0,0.0,45500,0,18-APR-2022,
OPTSTK,IOC,28-Apr-2022,150.0,CE,0.1,0.2,0.1,0.15,0.15,83,810.05,1625000,6500,18-APR-2022,
OPTSTK,IOC,28-Apr-2022,151.0,CE,0.05,0.15,0.05,0.15,0.05,15,147.31,396500,13000,18-APR-2022,
OPTSTK,IOC,28-Apr-2022,89.0,PE,0.0,0.0,0.0,0.05,0.0,0,0.0,13000,0,18-APR-2022,
OPTSTK,IOC,28-Apr-2022,90.0,PE,0.0,0.0,0.0,0.05,0.0,0,0.0,175500,0,18-APR-2022,
OPTSTK,IOC,28-Apr-2022,91.0,PE,0.0,0.0,0.0,0.25,0.0,0,0.0,0,0,18-APR-2022,
OPTSTK,IOC,28-Apr-2022,92.0,PE,0.0,0.0,0.0,0.3,0.0,0,0.0,0,0,18-APR-2022,
OPTSTK,IOC,28-Apr-2022,93.0,PE,0.0,0.0,0.0,0.2,0.0,0,0.0,0,0,18-APR-2022,
OPTSTK,IOC,28-Apr-2022,94.0,PE,0.0,0.0,0.0,0.4,0.0,0,0.0,0,0,18-APR-2022,
OPTSTK,IOC,28-Apr-2022,95.0,PE,0.0,0.0,0.0,0.45,0.0,0,0.0,0,0,18-APR-2022,
OPTSTK,IOC,28-Apr-2022,96.0,PE,0.0,0.0,0.0,0.5,0.0,0,0.0,0,0,18-APR-2022,
OPTSTK,IOC,28-Apr-2022,97.0,PE,0.0,0.0,0.0,0.6,0.0,0,0.0,0,0,18-APR-2022,
OPTSTK,IOC,28-Apr-2022,98.0,PE,0.0,0.0,0.0,0.65,0.0,0,0.0,0,0,18-APR-2022,
OPTSTK,IOC,28-Apr-2022,99.0,PE,0.0,0.0,0.0,0.75,0.0,0,0.0,0,0,18-APR-2022,
OPTSTK,IOC,28-Apr-2022,100.0,PE,0.05,0.05,0.05,0.05,0.05,5,32.51,442000,-19500,18-APR-2022,
OPTSTK,IOC,28-Apr-2022,101.0,PE,0.0,0.0,0.0,0.15,0.0,0,0.0,6500,0,18-APR-2022,
OPTSTK,IOC,28-Apr-2022,102.0,PE,0.0,0.0,0.0,1.15,0.0,0,0.0,0,0,18-APR-2022,
OPTSTK,IOC,28-Apr-2022,103.0,PE,0.0,0.0,0.0,1.25,0.0,0,0.0,0,0,18-APR-2022,
OPTSTK,IOC,28-Apr-2022,104.0,PE,0.0,0.0,0.0,1.45,0.0,0,0.0,0,0,18-APR-2022,
OPTSTK,IOC,28-Apr-2022,105.0,PE,0.15,0.15,0.1,0.1,0.1,15,102.48,1267500,45500,18-APR-2022,
OPTSTK,IOC,28-Apr-2022,106.0,PE,0.0,0.0,0.0,0.75,0.0,0,0.0,13000,0,18-APR-2022,
OPTSTK,IOC,28-Apr-2022,107.0,PE,0.0,0.0,0.0,0.1,0.0,0,0.0,0,0,18-APR-2022,
OPTSTK,IOC,28-Apr-2022,108.0,PE,0.0,0.0,0.0,0.25,0.0,0,0.0,58500,0,18-APR-2022,
OPTSTK,IOC,28-Apr-2022,109.0,PE,0.15,0.15,0.15,0.15,0.15,3,21.28,117000,-6500,18-APR-2022,
OPTSTK,IOC,28-Apr-2022,110.0,PE,0.15,0.2,0.15,0.15,0.15,108,773.26,2567500,-260000,18-APR-2022,
OPTSTK,IOC,28-Apr-2022,111.0,PE,0.0,0.0,0.0,2.95,0.05,0,0.0,0,0,18-APR-2022,
OPTSTK,IOC,28-Apr-2022,112.0,PE,0.0,0.0,0.0,0.2,0.05,0,0.0,136500,0,18-APR-2022,
OPTSTK,IOC,28-Apr-2022,113.0,PE,0.0,0.0,0.0,0.35,0.05,0,0.0,97500,0,18-APR-2022,
OPTSTK,IOC,28-Apr-2022,114.0,PE,0.25,0.25,0.2,0.2,0.1,23,170.79,201500,45500,18-APR-2022,
OPTSTK,IOC,28-Apr-2022,115.0,PE,0.25,0.3,0.2,0.3,0.1,36,269.71,1300000,26000,18-APR-2022,
OPTSTK,IOC,28-Apr-2022,116.0,PE,0.3,0.3,0.3,0.3,0.15,2,15.11,299000,13000,18-APR-2022,
OPTSTK,IOC,28-Apr-2022,117.0,PE,0.35,0.35,0.3,0.3,0.3,8,61.0,260000,19500,18-APR-2022,
OPTSTK,IOC,28-Apr-2022,118.0,PE,0.35,0.4,0.3,0.35,0.35,71,546.22,591500,-71500,18-APR-2022,
OPTSTK,IOC,28-Apr-2022,119.0,PE,0.5,0.5,0.4,0.4,0.4,30,232.94,357500,-84500,18-APR-2022,
OPTSTK,IOC,28-Apr-2022,120.0,PE,0.65,0.65,0.45,0.5,0.5,328,2569.56,3224000,-58500,18-APR-2022,
OPTSTK,IOC,28-Apr-2022,121.0,PE,0.75,0.75,0.55,0.65,0.65,26,205.55,767000,78000,18-APR-2022,
OPTSTK,IOC,28-Apr-2022,122.0,PE,1.0,1.0,0.65,0.7,0.7,68,542.7,858000,19500,18-APR-2022,
OPTSTK,IOC,28-Apr-2022,123.0,PE,1.25,1.25,0.85,0.9,0.9,58,467.21,864500,214500,18-APR-2022,
OPTSTK,IOC,28-Apr-2022,124.0,PE,1.4,1.45,1.0,1.1,1.1,47,382.45,468000,-26000,18-APR-2022,
OPTSTK,IOC,28-Apr-2022,125.0,PE,1.75,1.95,1.25,1.35,1.35,189,1553.76,2067000,39000,18-APR-2022,
OPTSTK,IOC,28-Apr-2022,126.0,PE,1.9,2.2,1.6,1.7,1.7,51,423.81,708500,117000,18-APR-2022,
OPTSTK,IOC,28-Apr-2022,127.0,PE,2.4,2.8,2.0,2.1,2.1,118,992.19,364000,97500,18-APR-2022,
OPTSTK,IOC,28-Apr-2022,128.0,PE,3.05,3.25,2.45,2.6,2.6,111,943.6,494000,91000,18-APR-2022,
OPTSTK,IOC,28-Apr-2022,129.0,PE,3.55,3.95,3.0,3.15,3.15,56,481.86,325000,32500,18-APR-2022,
OPTSTK,IOC,28-Apr-2022,130.0,PE,4.05,4.6,3.55,3.7,3.7,53,461.75,1189500,39000,18-APR-2022,
OPTSTK,IOC,28-Apr-2022,131.0,PE,4.5,4.5,4.5,4.5,4.6,1,8.8,6500,-6500,18-APR-2022,
OPTSTK,IOC,28-Apr-2022,132.0,PE,5.45,5.45,5.35,5.35,5.25,2,17.86,13000,0,18-APR-2022,
OPTSTK,IOC,28-Apr-2022,133.0,PE,0.0,0.0,0.0,13.65,6.0,0,0.0,0,0,18-APR-2022,
OPTSTK,IOC,28-Apr-2022,134.0,PE,0.0,0.0,0.0,14.35,6.75,0,0.0,0,0,18-APR-2022,
OPTSTK,IOC,28-Apr-2022,135.0,PE,7.8,7.8,7.8,7.8,7.55,1,9.28,65000,6500,18-APR-2022,
OPTSTK,IOC,28-Apr-2022,136.0,PE,0.0,0.0,0.0,15.8,8.4,0,0.0,0,0,18-APR-2022,
OPTSTK,IOC,28-Apr-2022,137.0,PE,0.0,0.0,0.0,16.55,9.25,0,0.0,0,0,18-APR-2022,
OPTSTK,IOC,28-Apr-2022,138.0,PE,0.0,0.0,0.0,17.3,10.15,0,0.0,0,0,18-APR-2022,
OPTSTK,IOC,28-Apr-2022,139.0,PE,0.0,0.0,0.0,18.05,11.05,0,0.0,0,0,18-APR-2022,
OPTSTK,IOC,28-Apr-2022,140.0,PE,0.0,0.0,0.0,11.3,12.0,0,0.0,19500,0,18-APR-2022,
OPTSTK,IOC,28-Apr-2022,141.0,PE,0.0,0.0,0.0,19.6,12.95,0,0.0,0,0,18-APR-2022,
OPTSTK,IOC,28-Apr-2022,142.0,PE,0.0,0.0,0.0,20.4,13.9,0,0.0,0,0,18-APR-2022,
OPTSTK,IOC,28-Apr-2022,143.0,PE,0.0,0.0,0.0,21.25,14.85,0,0.0,0,0,18-APR-2022,
OPTSTK,IOC,28-Apr-2022,144.0,PE,0.0,0.0,0.0,22.05,15.85,0,0.0,0,0,18-APR-2022,
OPTSTK,IOC,28-Apr-2022,145.0,PE,0.0,0.0,0.0,22.9,16.8,0,0.0,0,0,18-APR-2022,
OPTSTK,IOC,28-Apr-2022,146.0,PE,0.0,0.0,0.0,23.75,17.8,0,0.0,0,0,18-APR-2022,
OPTSTK,IOC,28-Apr-2022,147.0,PE,0.0,0.0,0.0,24.6,18.8,0,0.0,0,0,18-APR-2022,
OPTSTK,IOC,28-Apr-2022,148.0,PE,0.0,0.0,0.0,25.45,19.75,0,0.0,0,0,18-APR-2022,
OPTSTK,IOC,28-Apr-2022,149.0,PE,0.0,0.0,0.0,26.3,20.75,0,0.0,0,0,18-APR-2022,
OPTSTK,IOC,28-Apr-2022,150.0,PE,0.0,0.0,0.0,27.2,21.75,0,0.0,0,0,18-APR-2022,
OPTSTK,IOC,28-Apr-2022,151.0,PE,0.0,0.0,0.0,28.95,22.75,0,0.0,6500,0,18-APR-2022,
OPTSTK,IOC,26-May-2022,89.0,CE,0.0,0.0,0.0,22.65,39.5,0,0.0,0,0,18-APR-2022,
OPTSTK,IOC,26-May-2022,90.0,CE,0.0,0.0,0.0,21.8,38.5,0,0.0,0,0,18-APR-2022,
OPTSTK,IOC,26-May-2022,91.0,CE,0.0,0.0,0.0,20.95,37.55,0,0.0,0,0,18-APR-2022,
OPTSTK,IOC,26-May-2022,92.0,CE,0.0,0.0,0.0,20.1,36.55,0,0.0,0,0,18-APR-2022,
OPTSTK,IOC,26-May-2022,93.0,CE,0.0,0.0,0.0,19.25,35.55,0,0.0,0,0,18-APR-2022,
OPTSTK,IOC,26-May-2022,94.0,CE,0.0,0.0,0.0,18.4,34.55,0,0.0,0,0,18-APR-2022,
OPTSTK,IOC,26-May-2022,95.0,CE,0.0,0.0,0.0,17.6,33.55,0,0.0,0,0,18-APR-2022,
OPTSTK,IOC,26-May-2022,96.0,CE,0.0,0.0,0.0,16.85,32.55,0,0.0,0,0,18-APR-2022,
OPTSTK,IOC,26-May-2022,97.0,CE,0.0,0.0,0.0,16.05,31.55,0,0.0,0,0,18-APR-2022,
OPTSTK,IOC,26-May-2022,98.0,CE,0.0,0.0,0.0,15.3,30.6,0,0.0,0,0,18-APR-2022,
OPTSTK,IOC,26-May-2022,99.0,CE,0.0,0.0,0.0,14.6,29.6,0,0.0,0,0,18-APR-2022,
OPTSTK,IOC,26-May-2022,100.0,CE,0.0,0.0,0.0,13.9,28.6,0,0.0,0,0,18-APR-2022,
OPTSTK,IOC,26-May-2022,101.0,CE,0.0,0.0,0.0,13.2,27.65,0,0.0,0,0,18-APR-2022,
OPTSTK,IOC,26-May-2022,102.0,CE,0.0,0.0,0.0,12.5,26.65,0,0.0,0,0,18-APR-2022,
OPTSTK,IOC,26-May-2022,103.0,CE,0.0,0.0,0.0,11.85,25.7,0,0.0,0,0,18-APR-2022,
OPTSTK,IOC,26-May-2022,104.0,CE,0.0,0.0,0.0,11.25,24.75,0,0.0,0,0,18-APR-2022,
OPTSTK,IOC,26-May-2022,105.0,CE,0.0,0.0,0.0,10.65,23.75,0,0.0,0,0,18-APR-2022,
OPTSTK,IOC,26-May-2022,106.0,CE,0.0,0.0,0.0,10.05,22.8,0,0.0,0,0,18-APR-2022,
OPTSTK,IOC,26-May-2022,107.0,CE,0.0,0.0,0.0,9.5,21.9,0,0.0,0,0,18-APR-2022,
OPTSTK,IOC,26-May-2022,108.0,CE,0.0,0.0,0.0,8.95,20.95,0,0.0,0,0,18-APR-2022,
OPTSTK,IOC,26-May-2022,109.0,CE,0.0,0.0,0.0,8.45,20.0,0,0.0,0,0,18-APR-2022,
OPTSTK,IOC,26-May-2022,110.0,CE,0.0,0.0,0.0,19.5,19.1,0,0.0,65000,0,18-APR-2022,
OPTSTK,IOC,26-May-2022,111.0,CE,0.0,0.0,0.0,7.45,18.2,0,0.0,0,0,18-APR-2022,
OPTSTK,IOC,26-May-2022,112.0,CE,0.0,0.0,0.0,7.0,17.35,0,0.0,0,0,18-APR-2022,
OPTSTK,IOC,26-May-2022,113.0,CE,0.0,0.0,0.0,6.55,16.45,0,0.0,0,0,18-APR-2022,
OPTSTK,IOC,26-May-2022,114.0,CE,0.0,0.0,0.0,6.15,15.6,0,0.0,0,0,18-APR-2022,
OPTSTK,IOC,26-May-2022,115.0,CE,0.0,0.0,0.0,5.75,14.8,0,0.0,0,0,18-APR-2022,
OPTSTK,IOC,26-May-2022,116.0,CE,0.0,0.0,0.0,5.4,14.0,0,0.0,0,0,18-APR-2022,
OPTSTK,IOC,26-May-2022,117.0,CE,0.0,0.0,0.0,5.05,13.2,0,0.0,0,0,18-APR-2022,
OPTSTK,IOC,26-May-2022,118.0,CE,0.0,0.0,0.0,4.7,12.4,0,0.0,0,0,18-APR-2022,
OPTSTK,IOC,26-May-2022,119.0,CE,0.0,0.0,0.0,4.4,11.65,0,0.0,0,0,18-APR-2022,
OPTSTK,IOC,26-May-2022,120.0,CE,0.0,0.0,0.0,4.1,10.95,0,0.0,0,0,18-APR-2022,
OPTSTK,IOC,26-May-2022,121.0,CE,0.0,0.0,0.0,3.8,10.25,0,0.0,0,0,18-APR-2022,
OPTSTK,IOC,26-May-2022,122.0,CE,0.0,0.0,0.0,3.55,9.6,0,0.0,0,0,18-APR-2022,
OPTSTK,IOC,26-May-2022,123.0,CE,0.0,0.0,0.0,3.3,8.95,0,0.0,0,0,18-APR-2022,
OPTSTK,IOC,26-May-2022,124.0,CE,0.0,0.0,0.0,3.05,8.3,0,0.0,0,0,18-APR-2022,
OPTSTK,IOC,26-May-2022,125.0,CE,8.0,8.0,8.0,8.0,7.75,1,8.64,117000,6500,18-APR-2022,
OPTSTK,IOC,26-May-2022,126.0,CE,0.0,0.0,0.0,2.6,7.15,0,0.0,0,0,18-APR-2022,
OPTSTK,IOC,26-May-2022,127.0,CE,0.0,0.0,0.0,2.4,6.65,0,0.0,0,0,18-APR-2022,
OPTSTK,IOC,26-May-2022,128.0,CE,0.0,0.0,0.0,2.25,6.1,0,0.0,0,0,18-APR-2022,
OPTSTK,IOC,26-May-2022,129.0,CE,0.0,0.0,0.0,2.05,5.65,0,0.0,0,0,18-APR-2022,
OPTSTK,IOC,26-May-2022,130.0,CE,4.5,5.3,4.5,5.0,5.0,36,316.12,435500,182000,18-APR-2022,
OPTSTK,IOC,26-May-2022,131.0,CE,0.0,0.0,0.0,1.75,4.75,0,0.0,0,0,18-APR-2022,
OPTSTK,IOC,26-May-2022,132.0,CE,0.0,0.0,0.0,2.5,4.35,0,0.0,6500,0,18-APR-2022,
OPTSTK,IOC,26-May-2022,133.0,CE,0.0,0.0,0.0,1.5,4.0,0,0.0,0,0,18-APR-2022,
OPTSTK,IOC,26-May-2022,134.0,CE,0.0,0.0,0.0,1.4,3.65,0,0.0,0,0,18-APR-2022,
OPTSTK,IOC,26-May-2022,135.0,CE,3.2,3.5,2.9,2.95,2.95,16,143.7,123500,26000,18-APR-2022,
OPTSTK,IOC,26-May-2022,136.0,CE,0.0,0.0,0.0,1.15,3.0,0,0.0,0,0,18-APR-2022,
OPTSTK,IOC,26-May-2022,137.0,CE,0.0,0.0,0.0,1.05,2.75,0,0.0,0,0,18-APR-2022,
OPTSTK,IOC,26-May-2022,138.0,CE,0.0,0.0,0.0,1.0,2.5,0,0.0,0,0,18-APR-2022,
OPTSTK,IOC,26-May-2022,139.0,CE,0.0,0.0,0.0,0.9,2.25,0,0.0,0,0,18-APR-2022,
OPTSTK,IOC,26-May-2022,140.0,CE,1.75,2.1,1.75,1.95,1.95,11,101.47,416000,19500,18-APR-2022,
OPTSTK,IOC,26-May-2022,141.0,CE,0.0,0.0,0.0,0.75,1.8,0,0.0,0,0,18-APR-2022,
OPTSTK,IOC,26-May-2022,142.0,CE,0.0,0.0,0.0,0.7,1.65,0,0.0,0,0,18-APR-2022,
OPTSTK,IOC,26-May-2022,143.0,CE,0.0,0.0,0.0,0.65,1.45,0,0.0,0,0,18-APR-2022,
OPTSTK,IOC,26-May-2022,144.0,CE,0.0,0.0,0.0,0.6,1.3,0,0.0,0,0,18-APR-2022,
OPTSTK,IOC,26-May-2022,145.0,CE,0.0,0.0,0.0,0.55,1.15,0,0.0,0,0,18-APR-2022,
OPTSTK,IOC,26-May-2022,146.0,CE,0.0,0.0,0.0,0.5,1.05,0,0.0,0,0,18-APR-2022,
OPTSTK,IOC,26-May-2022,147.0,CE,0.0,0.0,0.0,0.45,0.95,0,0.0,0,0,18-APR-2022,
OPTSTK,IOC,26-May-2022,148.0,CE,0.0,0.0,0.0,0.4,0.85,0,0.0,0,0,18-APR-2022,
OPTSTK,IOC,26-May-2022,149.0,CE,0.0,0.0,0.0,0.35,0.75,0,0.0,0,0,18-APR-2022,
OPTSTK,IOC,26-May-2022,150.0,CE,0.8,0.8,0.75,0.75,0.65,7,68.59,136500,32500,18-APR-2022,
OPTSTK,IOC,26-May-2022,89.0,PE,0.0,0.0,0.0,0.75,0.0,0,0.0,0,0,18-APR-2022,
OPTSTK,IOC,26-May-2022,90.0,PE,0.0,0.0,0.0,0.85,0.0,0,0.0,0,0,18-APR-2022,
OPTSTK,IOC,26-May-2022,91.0,PE,0.0,0.0,0.0,1.0,0.0,0,0.0,0,0,18-APR-2022,
OPTSTK,IOC,26-May-2022,92.0,PE,0.0,0.0,0.0,1.1,0.05,0,0.0,0,0,18-APR-2022,
OPTSTK,IOC,26-May-2022,93.0,PE,0.0,0.0,0.0,1.25,0.05,0,0.0,0,0,18-APR-2022,
OPTSTK,IOC,26-May-2022,94.0,PE,0.0,0.0,0.0,1.45,0.05,0,0.0,0,0,18-APR-2022,
OPTSTK,IOC,26-May-2022,95.0,PE,0.0,0.0,0.0,1.65,0.05,0,0.0,0,0,18-APR-2022,
OPTSTK,IOC,26-May-2022,96.0,PE,0.0,0.0,0.0,1.85,0.05,0,0.0,0,0,18-APR-2022,
OPTSTK,IOC,26-May-2022,97.0,PE,0.0,0.0,0.0,2.05,0.05,0,0.0,0,0,18-APR-2022,
OPTSTK,IOC,26-May-2022,98.0,PE,0.0,0.0,0.0,2.3,0.05,0,0.0,0,0,18-APR-2022,
OPTSTK,IOC,26-May-2022,99.0,PE,0.0,0.0,0.0,2.55,0.05,0,0.0,0,0,18-APR-2022,
OPTSTK,IOC,26-May-2022,100.0,PE,0.0,0.0,0.0,0.5,0.1,0,0.0,0,0,18-APR-2022,
OPTSTK,IOC,26-May-2022,101.0,PE,0.0,0.0,0.0,3.15,0.1,0,0.0,0,0,18-APR-2022,
OPTSTK,IOC,26-May-2022,102.0,PE,0.0,0.0,0.0,3.45,0.1,0,0.0,0,0,18-APR-2022,
OPTSTK,IOC,26-May-2022,103.0,PE,0.0,0.0,0.0,3.8,0.15,0,0.0,0,0,18-APR-2022,
OPTSTK,IOC,26-May-2022,104.0,PE,0.0,0.0,0.0,4.15,0.15,0,0.0,0,0,18-APR-2022,
OPTSTK,IOC,26-May-2022,105.0,PE,0.0,0.0,0.0,4.55,0.2,0,0.0,0,0,18-APR-2022,
OPTSTK,IOC,26-May-2022,106.0,PE,0.0,0.0,0.0,4.95,0.25,0,0.0,0,0,18-APR-2022,
OPTSTK,IOC,26-May-2022,107.0,PE,0.0,0.0,0.0,5.35,0.3,0,0.0,0,0,18-APR-2022,
OPTSTK,IOC,26-May-2022,108.0,PE,0.0,0.0,0.0,5.8,0.35,0,0.0,0,0,18-APR-2022,
OPTSTK,IOC,26-May-2022,109.0,PE,0.0,0.0,0.0,6.3,0.45,0,0.0,0,0,18-APR-2022,
OPTSTK,IOC,26-May-2022,110.0,PE,0.0,0.0,0.0,0.5,0.55,0,0.0,130000,0,18-APR-2022,
OPTSTK,IOC,26-May-2022,111.0,PE,0.0,0.0,0.0,0.5,0.65,0,0.0,0,0,18-APR-2022,
OPTSTK,IOC,26-May-2022,112.0,PE,0.0,0.0,0.0,7.85,0.75,0,0.0,0,0,18-APR-2022,
OPTSTK,IOC,26-May-2022,113.0,PE,0.0,0.0,0.0,8.4,0.85,0,0.0,0,0,18-APR-2022,
OPTSTK,IOC,26-May-2022,114.0,PE,0.0,0.0,0.0,8.95,1.0,0,0.0,0,0,18-APR-2022,
OPTSTK,IOC,26-May-2022,115.0,PE,1.1,1.1,1.1,1.1,1.2,1,7.54,195000,0,18-APR-2022,
OPTSTK,IOC,26-May-2022,116.0,PE,0.0,0.0,0.0,10.2,1.35,0,0.0,0,0,18-APR-2022,
OPTSTK,IOC,26-May-2022,117.0,PE,0.0,0.0,0.0,10.8,1.55,0,0.0,0,0,18-APR-2022,
OPTSTK,IOC,26-May-2022,118.0,PE,0.0,0.0,0.0,11.45,1.8,0,0.0,0,0,18-APR-2022,
OPTSTK,IOC,26-May-2022,119.0,PE,0.0,0.0,0.0,12.15,2.05,0,0.0,0,0,18-APR-2022,
OPTSTK,IOC,26-May-2022,120.0,PE,2.2,2.2,2.0,2.0,2.0,6,47.61,156000,6500,18-APR-2022,
OPTSTK,IOC,26-May-2022,121.0,PE,2.95,2.95,2.95,2.95,2.6,1,8.05,6500,0,18-APR-2022,
OPTSTK,IOC,26-May-2022,122.0,PE,0.0,0.0,0.0,14.25,2.95,0,0.0,0,0,18-APR-2022,
OPTSTK,IOC,26-May-2022,123.0,PE,0.0,0.0,0.0,15.0,3.3,0,0.0,0,0,18-APR-2022,
OPTSTK,IOC,26-May-2022,124.0,PE,0.0,0.0,0.0,15.75,3.65,0,0.0,0,0,18-APR-2022,
OPTSTK,IOC,26-May-2022,125.0,PE,4.0,4.0,4.0,4.0,4.05,1,8.38,6500,0,18-APR-2022,
OPTSTK,IOC,26-May-2022,126.0,PE,0.0,0.0,0.0,17.3,4.5,0,0.0,0,0,18-APR-2022,
OPTSTK,IOC,26-May-2022,127.0,PE,0.0,0.0,0.0,18.1,4.95,0,0.0,0,0,18-APR-2022,
OPTSTK,IOC,26-May-2022,128.0,PE,0.0,0.0,0.0,18.9,5.45,0,0.0,0,0,18-APR-2022,
OPTSTK,IOC,26-May-2022,129.0,PE,0.0,0.0,0.0,19.7,5.95,0,0.0,0,0,18-APR-2022,
OPTSTK,IOC,26-May-2022,130.0,PE,5.9,6.45,5.85,6.45,6.5,9,79.66,71500,39000,18-APR-2022,
OPTSTK,IOC,26-May-2022,131.0,PE,0.0,0.0,0.0,21.4,7.1,0,0.0,0,0,18-APR-2022,
OPTSTK,IOC,26-May-2022,132.0,PE,0.0,0.0,0.0,22.25,7.7,0,0.0,0,0,18-APR-2022,
OPTSTK,IOC,26-May-2022,133.0,PE,0.0,0.0,0.0,23.1,8.3,0,0.0,0,0,18-APR-2022,
OPTSTK,IOC,26-May-2022,134.0,PE,0.0,0.0,0.0,24.0,8.95,0,0.0,0,0,18-APR-2022,
OPTSTK,IOC,26-May-2022,135.0,PE,0.0,0.0,0.0,24.85,9.6,0,0.0,0,0,18-APR-2022,
OPTSTK,IOC,26-May-2022,136.0,PE,0.0,0.0,0.0,25.75,10.3,0,0.0,0,0,18-APR-2022,
OPTSTK,IOC,26-May-2022,137.0,PE,0.0,0.0,0.0,26.65,11.05,0,0.0,0,0,18-APR-2022,
OPTSTK,IOC,26-May-2022,138.0,PE,0.0,0.0,0.0,27.55,11.75,0,0.0,0,0,18-APR-2022,
OPTSTK,IOC,26-May-2022,139.0,PE,0.0,0.0,0.0,28.45,12.55,0,0.0,0,0,18-APR-2022,
OPTSTK,IOC,26-May-2022,140.0,PE,0.0,0.0,0.0,29.35,13.3,0,0.0,0,0,18-APR-2022,
OPTSTK,IOC,26-May-2022,141.0,PE,0.0,0.0,0.0,30.3,14.1,0,0.0,0,0,18-APR-2022,
OPTSTK,IOC,26-May-2022,142.0,PE,0.0,0.0,0.0,31.2,14.9,0,0.0,0,0,18-APR-2022,
OPTSTK,IOC,26-May-2022,143.0,PE,0.0,0.0,0.0,32.15,15.75,0,0.0,0,0,18-APR-2022,
OPTSTK,IOC,26-May-2022,144.0,PE,0.0,0.0,0.0,33.05,16.6,0,0.0,0,0,18-APR-2022,
OPTSTK,IOC,26-May-2022,145.0,PE,0.0,0.0,0.0,34.0,17.45,0,0.0,0,0,18-APR-2022,
OPTSTK,IOC,26-May-2022,146.0,PE,0.0,0.0,0.0,34.95,18.3,0,0.0,0,0,18-APR-2022,
OPTSTK,IOC,26-May-2022,147.0,PE,0.0,0.0,0.0,35.9,19.2,0,0.0,0,0,18-APR-2022,
OPTSTK,IOC,26-May-2022,148.0,PE,0.0,0.0,0.0,36.85,20.1,0,0.0,0,0,18-APR-2022,
OPTSTK,IOC,26-May-2022,149.0,PE,0.0,0.0,0.0,37.8,21.0,0,0.0,0,0,18-APR-2022,
OPTSTK,IOC,26-May-2022,150.0,PE,0.0,0.0,0.0,38.75,21.9,0,0.0,0,0,18-APR-2022,
OPTSTK,IOC,30-Jun-2022,89.0,CE,0.0,0.0,0.0,31.2,39.9,0,0.0,0,0,18-APR-2022,
OPTSTK,IOC,30-Jun-2022,90.0,CE,0.0,0.0,0.0,30.3,38.95,0,0.0,0,0,18-APR-2022,
OPTSTK,IOC,30-Jun-2022,91.0,CE,0.0,0.0,0.0,29.35,37.95,0,0.0,0,0,18-APR-2022,
OPTSTK,IOC,30-Jun-2022,92.0,CE,0.0,0.0,0.0,28.45,37.0,0,0.0,0,0,18-APR-2022,
OPTSTK,IOC,30-Jun-2022,93.0,CE,0.0,0.0,0.0,27.55,36.0,0,0.0,0,0,18-APR-2022,
OPTSTK,IOC,30-Jun-2022,94.0,CE,0.0,0.0,0.0,26.65,35.05,0,0.0,0,0,18-APR-2022,
OPTSTK,IOC,30-Jun-2022,95.0,CE,0.0,0.0,0.0,25.75,34.1,0,0.0,0,0,18-APR-2022,
OPTSTK,IOC,30-Jun-2022,96.0,CE,0.0,0.0,0.0,24.85,33.15,0,0.0,0,0,18-APR-2022,
OPTSTK,IOC,30-Jun-2022,97.0,CE,0.0,0.0,0.0,24.0,32.15,0,0.0,0,0,18-APR-2022,
OPTSTK,IOC,30-Jun-2022,98.0,CE,0.0,0.0,0.0,23.15,31.2,0,0.0,0,0,18-APR-2022,
OPTSTK,IOC,30-Jun-2022,99.0,CE,0.0,0.0,0.0,22.3,30.3,0,0.0,0,0,18-APR-2022,
OPTSTK,IOC,30-Jun-2022,100.0,CE,0.0,0.0,0.0,21.45,29.35,0,0.0,0,0,18-APR-2022,
OPTSTK,IOC,30-Jun-2022,101.0,CE,0.0,0.0,0.0,20.65,28.4,0,0.0,0,0,18-APR-2022,
OPTSTK,IOC,30-Jun-2022,102.0,CE,0.0,0.0,0.0,19.85,27.5,0,0.0,0,0,18-APR-2022,
OPTSTK,IOC,30-Jun-2022,103.0,CE,0.0,0.0,0.0,19.05,26.6,0,0.0,0,0,18-APR-2022,
OPTSTK,IOC,30-Jun-2022,104.0,CE,0.0,0.0,0.0,18.3,25.7,0,0.0,0,0,18-APR-2022,
OPTSTK,IOC,30-Jun-2022,105.0,CE,0.0,0.0,0.0,17.55,24.8,0,0.0,0,0,18-APR-2022,
OPTSTK,IOC,30-Jun-2022,106.0,CE,0.0,0.0,0.0,16.8,23.9,0,0.0,0,0,18-APR-2022,
OPTSTK,IOC,30-Jun-2022,107.0,CE,0.0,0.0,0.0,16.05,23.05,0,0.0,0,0,18-APR-2022,
OPTSTK,IOC,30-Jun-2022,108.0,CE,0.0,0.0,0.0,15.35,22.2,0,0.0,0,0,18-APR-2022,
OPTSTK,IOC,30-Jun-2022,109.0,CE,0.0,0.0,0.0,14.7,21.35,0,0.0,0,0,18-APR-2022,
OPTSTK,IOC,30-Jun-2022,110.0,CE,0.0,0.0,0.0,14.0,20.5,0,0.0,0,0,18-APR-2022,
OPTSTK,IOC,30-Jun-2022,111.0,CE,0.0,0.0,0.0,13.35,19.7,0,0.0,0,0,18-APR-2022,
OPTSTK,IOC,30-Jun-2022,112.0,CE,0.0,0.0,0.0,12.75,18.9,0,0.0,0,0,18-APR-2022,
OPTSTK,IOC,30-Jun-2022,113.0,CE,0.0,0.0,0.0,12.15,18.15,0,0.0,0,0,18-APR-2022,
OPTSTK,IOC,30-Jun-2022,114.0,CE,0.0,0.0,0.0,11.55,17.35,0,0.0,0,0,18-APR-2022,
OPTSTK,IOC,30-Jun-2022,115.0,CE,0.0,0.0,0.0,10.95,16.6,0,0.0,0,0,18-APR-2022,
OPTSTK,IOC,30-Jun-2022,116.0,CE,0.0,0.0,0.0,10.4,15.9,0,0.0,0,0,18-APR-2022,
OPTSTK,IOC,30-Jun-2022,117.0,CE,0.0,0.0,0.0,9.9,15.15,0,0.0,0,0,18-APR-2022,
OPTSTK,IOC,30-Jun-2022,118.0,CE,0.0,0.0,0.0,9.4,14.45,0,0.0,0,0,18-APR-2022,
OPTSTK,IOC,30-Jun-2022,119.0,CE,0.0,0.0,0.0,8.9,13.8,0,0.0,0,0,18-APR-2022,
OPTSTK,IOC,30-Jun-2022,120.0,CE,0.0,0.0,0.0,8.4,13.15,0,0.0,0,0,18-APR-2022,
OPTSTK,IOC,30-Jun-2022,121.0,CE,0.0,0.0,0.0,7.95,12.5,0,0.0,0,0,18-APR-2022,
OPTSTK,IOC,30-Jun-2022,122.0,CE,0.0,0.0,0.0,7.5,11.9,0,0.0,0,0,18-APR-2022,
OPTSTK,IOC,30-Jun-2022,123.0,CE,0.0,0.0,0.0,7.1,11.3,0,0.0,0,0,18-APR-2022,
OPTSTK,IOC,30-Jun-2022,124.0,CE,0.0,0.0,0.0,6.7,10.7,0,0.0,0,0,18-APR-2022,
OPTSTK,IOC,30-Jun-2022,125.0,CE,0.0,0.0,0.0,6.3,10.15,0,0.0,0,0,18-APR-2022,
OPTSTK,IOC,30-Jun-2022,126.0,CE,0.0,0.0,0.0,5.95,9.6,0,0.0,0,0,18-APR-2022,
OPTSTK,IOC,30-Jun-2022,127.0,CE,0.0,0.0,0.0,5.6,9.1,0,0.0,0,0,18-APR-2022,
OPTSTK,IOC,30-Jun-2022,128.0,CE,0.0,0.0,0.0,5.3,8.6,0,0.0,0,0,18-APR-2022,
OPTSTK,IOC,30-Jun-2022,129.0,CE,0.0,0.0,0.0,4.95,8.1,0,0.0,0,0,18-APR-2022,
OPTSTK,IOC,30-Jun-2022,130.0,CE,0.0,0.0,0.0,4.65,7.65,0,0.0,0,0,18-APR-2022,
OPTSTK,IOC,30-Jun-2022,131.0,CE,0.0,0.0,0.0,4.35,7.2,0,0.0,0,0,18-APR-2022,
OPTSTK,IOC,30-Jun-2022,132.0,CE,0.0,0.0,0.0,4.1,6.8,0,0.0,0,0,18-APR-2022,
OPTSTK,IOC,30-Jun-2022,133.0,CE,0.0,0.0,0.0,3.85,6.4,0,0.0,0,0,18-APR-2022,
OPTSTK,IOC,30-Jun-2022,134.0,CE,0.0,0.0,0.0,3.6,6.0,0,0.0,0,0,18-APR-2022,
OPTSTK,IOC,30-Jun-2022,135.0,CE,0.0,0.0,0.0,3.4,5.65,0,0.0,0,0,18-APR-2022,
OPTSTK,IOC,30-Jun-2022,136.0,CE,0.0,0.0,0.0,3.15,5.3,0,0.0,0,0,18-APR-2022,
OPTSTK,IOC,30-Jun-2022,137.0,CE,0.0,0.0,0.0,2.95,4.95,0,0.0,0,0,18-APR-2022,
OPTSTK,IOC,30-Jun-2022,138.0,CE,0.0,0.0,0.0,2.75,4.65,0,0.0,0,0,18-APR-2022,
OPTSTK,IOC,30-Jun-2022,139.0,CE,0.0,0.0,0.0,2.55,4.35,0,0.0,0,0,18-APR-2022,
OPTSTK,IOC,30-Jun-2022,140.0,CE,0.0,0.0,0.0,2.4,4.05,0,0.0,0,0,18-APR-2022,
OPTSTK,IOC,30-Jun-2022,141.0,CE,0.0,0.0,0.0,2.25,3.8,0,0.0,0,0,18-APR-2022,
OPTSTK,IOC,30-Jun-2022,142.0,CE,0.0,0.0,0.0,2.1,3.55,0,0.0,0,0,18-APR-2022,
OPTSTK,IOC,30-Jun-2022,143.0,CE,0.0,0.0,0.0,1.95,3.3,0,0.0,0,0,18-APR-2022,
OPTSTK,IOC,30-Jun-2022,144.0,CE,0.0,0.0,0.0,1.8,3.1,0,0.0,0,0,18-APR-2022,
OPTSTK,IOC,30-Jun-2022,145.0,CE,0.0,0.0,0.0,1.7,2.9,0,0.0,0,0,18-APR-2022,
OPTSTK,IOC,30-Jun-2022,146.0,CE,0.0,0.0,0.0,1.55,2.7,0,0.0,0,0,18-APR-2022,
OPTSTK,IOC,30-Jun-2022,147.0,CE,0.0,0.0,0.0,1.45,2.5,0,0.0,0,0,18-APR-2022,
OPTSTK,IOC,30-Jun-2022,148.0,CE,0.0,0.0,0.0,1.35,2.3,0,0.0,0,0,18-APR-2022,
OPTSTK,IOC,30-Jun-2022,149.0,CE,0.0,0.0,0.0,1.25,2.15,0,0.0,0,0,18-APR-2022,
OPTSTK,IOC,30-Jun-2022,150.0,CE,0.0,0.0,0.0,1.15,2.0,0,0.0,0,0,18-APR-2022,
OPTSTK,IOC,30-Jun-2022,89.0,PE,0.0,0.0,0.0,0.35,0.05,0,0.0,0,0,18-APR-2022,
OPTSTK,IOC,30-Jun-2022,90.0,PE,0.0,0.0,0.0,0.4,0.1,0,0.0,0,0,18-APR-2022,
OPTSTK,IOC,30-Jun-2022,91.0,PE,0.0,0.0,0.0,0.45,0.1,0,0.0,0,0,18-APR-2022,
OPTSTK,IOC,30-Jun-2022,92.0,PE,0.0,0.0,0.0,0.5,0.1,0,0.0,0,0,18-APR-2022,
OPTSTK,IOC,30-Jun-2022,93.0,PE,0.0,0.0,0.0,0.6,0.15,0,0.0,0,0,18-APR-2022,
OPTSTK,IOC,30-Jun-2022,94.0,PE,0.0,0.0,0.0,0.7,0.15,0,0.0,0,0,18-APR-2022,
OPTSTK,IOC,30-Jun-2022,95.0,PE,0.0,0.0,0.0,0.8,0.2,0,0.0,0,0,18-APR-2022,
OPTSTK,IOC,30-Jun-2022,96.0,PE,0.0,0.0,0.0,0.9,0.2,0,0.0,0,0,18-APR-2022,
OPTSTK,IOC,30-Jun-2022,97.0,PE,0.0,0.0,0.0,1.0,0.25,0,0.0,0,0,18-APR-2022,
OPTSTK,IOC,30-Jun-2022,98.0,PE,0.0,0.0,0.0,1.15,0.3,0,0.0,0,0,18-APR-2022,
OPTSTK,IOC,30-Jun-2022,99.0,PE,0.0,0.0,0.0,1.3,0.35,0,0.0,0,0,18-APR-2022,
OPTSTK,IOC,30-Jun-2022,100.0,PE,0.0,0.0,0.0,1.45,0.4,0,0.0,0,0,18-APR-2022,
OPTSTK,IOC,30-Jun-2022,101.0,PE,0.0,0.0,0.0,1.65,0.45,0,0.0,0,0,18-APR-2022,
OPTSTK,IOC,30-Jun-2022,102.0,PE,0.0,0.0,0.0,1.8,0.55,0,0.0,0,0,18-APR-2022,
OPTSTK,IOC,30-Jun-2022,103.0,PE,0.0,0.0,0.0,2.0,0.6,0,0.0,0,0,18-APR-2022,
OPTSTK,IOC,30-Jun-2022,104.0,PE,0.0,0.0,0.0,2.25,0.7,0,0.0,0,0,18-APR-2022,
OPTSTK,IOC,30-Jun-2022,105.0,PE,0.0,0.0,0.0,2.45,0.8,0,0.0,0,0,18-APR-2022,
OPTSTK,IOC,30-Jun-2022,106.0,PE,0.0,0.0,0.0,2.75,0.9,0,0.0,0,0,18-APR-2022,
OPTSTK,IOC,30-Jun-2022,107.0,PE,0.0,0.0,0.0,3.0,1.05,0,0.0,0,0,18-APR-2022,
OPTSTK,IOC,30-Jun-2022,108.0,PE,0.0,0.0,0.0,3.3,1.2,0,0.0,0,0,18-APR-2022,
OPTSTK,IOC,30-Jun-2022,109.0,PE,0.0,0.0,0.0,3.6,1.35,0,0.0,0,0,18-APR-2022,
OPTSTK,IOC,30-Jun-2022,110.0,PE,0.0,0.0,0.0,3.9,1.5,0,0.0,0,0,18-APR-2022,
OPTSTK,IOC,30-Jun-2022,111.0,PE,0.0,0.0,0.0,4.25,1.65,0,0.0,0,0,18-APR-2022,
OPTSTK,IOC,30-Jun-2022,112.0,PE,0.0,0.0,0.0,4.6,1.85,0,0.0,0,0,18-APR-2022,
OPTSTK,IOC,30-Jun-2022,113.0,PE,0.0,0.0,0.0,5.0,2.05,0,0.0,0,0,18-APR-2022,
OPTSTK,IOC,30-Jun-2022,114.0,PE,0.0,0.0,0.0,5.4,2.3,0,0.0,0,0,18-APR-2022,
OPTSTK,IOC,30-Jun-2022,115.0,PE,0.0,0.0,0.0,5.8,2.55,0,0.0,0,0,18-APR-2022,
OPTSTK,IOC,30-Jun-2022,116.0,PE,0.0,0.0,0.0,6.25,2.8,0,0.0,0,0,18-APR-2022,
OPTSTK,IOC,30-Jun-2022,117.0,PE,0.0,0.0,0.0,6.7,3.1,0,0.0,0,0,18-APR-2022,
OPTSTK,IOC,30-Jun-2022,118.0,PE,0.0,0.0,0.0,7.2,3.35,0,0.0,0,0,18-APR-2022,
OPTSTK,IOC,30-Jun-2022,119.0,PE,0.0,0.0,0.0,7.7,3.7,0,0.0,0,0,18-APR-2022,
OPTSTK,IOC,30-Jun-2022,120.0,PE,4.3,4.3,4.3,4.3,4.0,2,16.15,6500,-6500,18-APR-2022,
OPTSTK,IOC,30-Jun-2022,121.0,PE,0.0,0.0,0.0,8.75,4.35,0,0.0,0,0,18-APR-2022,
OPTSTK,IOC,30-Jun-2022,122.0,PE,0.0,0.0,0.0,9.3,4.75,0,0.0,0,0,18-APR-2022,
OPTSTK,IOC,30-Jun-2022,123.0,PE,0.0,0.0,0.0,9.85,5.15,0,0.0,0,0,18-APR-2022,
OPTSTK,IOC,30-Jun-2022,124.0,PE,0.0,0.0,0.0,10.45,5.55,0,0.0,0,0,18-APR-2022,
OPTSTK,IOC,30-Jun-2022,125.0,PE,0.0,0.0,0.0,11.05,6.0,0,0.0,0,0,18-APR-2022,
OPTSTK,IOC,30-Jun-2022,126.0,PE,0.0,0.0,0.0,11.7,6.45,0,0.0,0,0,18-APR-2022,
OPTSTK,IOC,30-Jun-2022,127.0,PE,0.0,0.0,0.0,12.3,6.9,0,0.0,0,0,18-APR-2022,
OPTSTK,IOC,30-Jun-2022,128.0,PE,0.0,0.0,0.0,13.0,7.4,0,0.0,0,0,18-APR-2022,
OPTSTK,IOC,30-Jun-2022,129.0,PE,0.0,0.0,0.0,13.65,7.9,0,0.0,0,0,18-APR-2022,
OPTSTK,IOC,30-Jun-2022,130.0,PE,0.0,0.0,0.0,14.35,8.45,0,0.0,0,0,18-APR-2022,
OPTSTK,IOC,30-Jun-2022,131.0,PE,0.0,0.0,0.0,15.05,9.0,0,0.0,0,0,18-APR-2022,
OPTSTK,IOC,30-Jun-2022,132.0,PE,0.0,0.0,0.0,15.75,9.6,0,0.0,0,0,18-APR-2022,
OPTSTK,IOC,30-Jun-2022,133.0,PE,0.0,0.0,0.0,16.5,10.15,0,0.0,0,0,18-APR-2022,
OPTSTK,IOC,30-Jun-2022,134.0,PE,0.0,0.0,0.0,17.25,10.8,0,0.0,0,0,18-APR-2022,
OPTSTK,IOC,30-Jun-2022,135.0,PE,0.0,0.0,0.0,18.0,11.4,0,0.0,0,0,18-APR-2022,
OPTSTK,IOC,30-Jun-2022,136.0,PE,0.0,0.0,0.0,18.8,12.05,0,0.0,0,0,18-APR-2022,
OPTSTK,IOC,30-Jun-2022,137.0,PE,0.0,0.0,0.0,19.55,12.7,0,0.0,0,0,18-APR-2022,
OPTSTK,IOC,30-Jun-2022,138.0,PE,0.0,0.0,0.0,20.35,13.4,0,0.0,0,0,18-APR-2022,
OPTSTK,IOC,30-Jun-2022,139.0,PE,0.0,0.0,0.0,21.15,14.1,0,0.0,0,0,18-APR-2022,
OPTSTK,IOC,30-Jun-2022,140.0,PE,0.0,0.0,0.0,22.0,14.8,0,0.0,0,0,18-APR-2022,
OPTSTK,IOC,30-Jun-2022,141.0,PE,0.0,0.0,0.0,22.8,15.5,0,0.0,0,0,18-APR-2022,
OPTSTK,IOC,30-Jun-2022,142.0,PE,0.0,0.0,0.0,23.65,16.25,0,0.0,0,0,18-APR-2022,
OPTSTK,IOC,30-Jun-2022,143.0,PE,0.0,0.0,0.0,24.5,17.0,0,0.0,0,0,18-APR-2022,
OPTSTK,IOC,30-Jun-2022,144.0,PE,0.0,0.0,0.0,25.35,17.75,0,0.0,0,0,18-APR-2022,
OPTSTK,IOC,30-Jun-2022,145.0,PE,0.0,0.0,0.0,26.2,18.55,0,0.0,0,0,18-APR-2022,
OPTSTK,IOC,30-Jun-2022,146.0,PE,0.0,0.0,0.0,27.1,19.35,0,0.0,0,0,18-APR-2022,
OPTSTK,IOC,30-Jun-2022,147.0,PE,0.0,0.0,0.0,27.95,20.15,0,0.0,0,0,18-APR-2022,
OPTSTK,IOC,30-Jun-2022,148.0,PE,0.0,0.0,0.0,28.85,20.95,0,0.0,0,0,18-APR-2022,
OPTSTK,IOC,30-Jun-2022,149.0,PE,0.0,0.0,0.0,29.75,21.8,0,0.0,0,0,18-APR-2022,
OPTSTK,IOC,30-Jun-2022,150.0,PE,0.0,0.0,0.0,30.65,22.6,0,0.0,0,0,18-APR-2022,
OPTSTK,IPCALAB,28-Apr-2022,700.0,CE,0.0,0.0,0.0,314.35,323.8,0,0.0,0,0,18-APR-2022,
OPTSTK,IPCALAB,28-Apr-2022,710.0,CE,0.0,0.0,0.0,304.75,313.8,0,0.0,0,0,18-APR-2022,
OPTSTK,IPCALAB,28-Apr-2022,720.0,CE,0.0,0.0,0.0,295.25,303.85,0,0.0,0,0,18-APR-2022,
OPTSTK,IPCALAB,28-Apr-2022,730.0,CE,0.0,0.0,0.0,285.85,293.85,0,0.0,0,0,18-APR-2022,
OPTSTK,IPCALAB,28-Apr-2022,740.0,CE,0.0,0.0,0.0,276.5,283.85,0,0.0,0,0,18-APR-2022,
OPTSTK,IPCALAB,28-Apr-2022,750.0,CE,0.0,0.0,0.0,267.2,273.85,0,0.0,0,0,18-APR-2022,
OPTSTK,IPCALAB,28-Apr-2022,760.0,CE,0.0,0.0,0.0,258.0,263.9,0,0.0,0,0,18-APR-2022,
OPTSTK,IPCALAB,28-Apr-2022,770.0,CE,0.0,0.0,0.0,248.95,253.9,0,0.0,0,0,18-APR-2022,
OPTSTK,IPCALAB,28-Apr-2022,780.0,CE,0.0,0.0,0.0,239.95,243.9,0,0.0,0,0,18-APR-2022,
OPTSTK,IPCALAB,28-Apr-2022,790.0,CE,0.0,0.0,0.0,231.1,233.9,0,0.0,0,0,18-APR-2022,
OPTSTK,IPCALAB,28-Apr-2022,800.0,CE,0.0,0.0,0.0,222.35,223.9,0,0.0,0,0,18-APR-2022,
OPTSTK,IPCALAB,28-Apr-2022,810.0,CE,0.0,0.0,0.0,213.75,213.95,0,0.0,0,0,18-APR-2022,
OPTSTK,IPCALAB,28-Apr-2022,820.0,CE,0.0,0.0,0.0,205.25,203.95,0,0.0,0,0,18-APR-2022,
OPTSTK,IPCALAB,28-Apr-2022,830.0,CE,0.0,0.0,0.0,196.95,193.95,0,0.0,0,0,18-APR-2022,
OPTSTK,IPCALAB,28-Apr-2022,840.0,CE,0.0,0.0,0.0,188.8,184.0,0,0.0,0,0,18-APR-2022,
OPTSTK,IPCALAB,28-Apr-2022,850.0,CE,0.0,0.0,0.0,180.8,174.0,0,0.0,0,0,18-APR-2022,
OPTSTK,IPCALAB,28-Apr-2022,860.0,CE,0.0,0.0,0.0,172.95,164.05,0,0.0,0,0,18-APR-2022,
OPTSTK,IPCALAB,28-Apr-2022,870.0,CE,0.0,0.0,0.0,165.3,154.1,0,0.0,0,0,18-APR-2022,
OPTSTK,IPCALAB,28-Apr-2022,880.0,CE,0.0,0.0,0.0,157.85,144.15,0,0.0,0,0,18-APR-2022,
OPTSTK,IPCALAB,28-Apr-2022,890.0,CE,0.0,0.0,0.0,150.55,134.3,0,0.0,0,0,18-APR-2022,
OPTSTK,IPCALAB,28-Apr-2022,900.0,CE,0.0,0.0,0.0,143.45,124.45,0,0.0,0,0,18-APR-2022,
OPTSTK,IPCALAB,28-Apr-2022,910.0,CE,0.0,0.0,0.0,136.55,114.75,0,0.0,0,0,18-APR-2022,
OPTSTK,IPCALAB,28-Apr-2022,920.0,CE,0.0,0.0,0.0,129.85,105.15,0,0.0,0,0,18-APR-2022,
OPTSTK,IPCALAB,28-Apr-2022,930.0,CE,0.0,0.0,0.0,123.35,95.7,0,0.0,0,0,18-APR-2022,
OPTSTK,IPCALAB,28-Apr-2022,940.0,CE,0.0,0.0,0.0,117.1,86.5,0,0.0,0,0,18-APR-2022,
OPTSTK,IPCALAB,28-Apr-2022,950.0,CE,0.0,0.0,0.0,111.05,77.55,0,0.0,0,0,18-APR-2022,
OPTSTK,IPCALAB,28-Apr-2022,960.0,CE,0.0,0.0,0.0,105.2,68.95,0,0.0,0,0,18-APR-2022,
OPTSTK,IPCALAB,28-Apr-2022,970.0,CE,0.0,0.0,0.0,99.55,60.75,0,0.0,0,0,18-APR-2022,
OPTSTK,IPCALAB,28-Apr-2022,980.0,CE,0.0,0.0,0.0,94.1,53.05,0,0.0,0,0,18-APR-2022,
OPTSTK,IPCALAB,28-Apr-2022,990.0,CE,0.0,0.0,0.0,47.5,45.8,0,0.0,450,0,18-APR-2022,
OPTSTK,IPCALAB,28-Apr-2022,1000.0,CE,51.35,51.35,33.45,33.45,39.15,8,37.47,10800,450,18-APR-2022,
OPTSTK,IPCALAB,28-Apr-2022,1010.0,CE,0.0,0.0,0.0,79.1,33.1,0,0.0,0,0,18-APR-2022,
OPTSTK,IPCALAB,28-Apr-2022,1020.0,CE,35.4,35.4,15.05,25.8,27.65,13,61.19,4500,450,18-APR-2022,
OPTSTK,IPCALAB,28-Apr-2022,1030.0,CE,23.75,23.75,23.75,23.75,22.85,1,4.74,1350,450,18-APR-2022,
OPTSTK,IPCALAB,28-Apr-2022,1040.0,CE,29.45,29.45,12.2,17.0,18.65,26,123.56,10800,1800,18-APR-2022,
OPTSTK,IPCALAB,28-Apr-2022,1050.0,CE,23.9,23.9,9.75,12.8,12.8,110,526.31,35550,8100,18-APR-2022,
OPTSTK,IPCALAB,28-Apr-2022,1060.0,CE,12.0,12.0,7.6,8.8,8.8,14,67.36,7200,2250,18-APR-2022,
OPTSTK,IPCALAB,28-Apr-2022,1070.0,CE,9.05,9.05,8.4,8.4,9.4,2,9.7,3150,0,18-APR-2022,
OPTSTK,IPCALAB,28-Apr-2022,1080.0,CE,7.25,7.25,7.25,7.25,7.3,1,4.89,12150,-450,18-APR-2022,
OPTSTK,IPCALAB,28-Apr-2022,1090.0,CE,0.0,0.0,0.0,8.65,5.6,0,0.0,5850,0,18-APR-2022,
OPTSTK,IPCALAB,28-Apr-2022,1100.0,CE,8.0,8.95,3.5,4.75,4.75,105,522.12,77400,-5400,18-APR-2022,
OPTSTK,IPCALAB,28-Apr-2022,1110.0,CE,0.0,0.0,0.0,41.75,3.15,0,0.0,0,0,18-APR-2022,
OPTSTK,IPCALAB,28-Apr-2022,1120.0,CE,0.0,0.0,0.0,20.0,2.35,0,0.0,450,0,18-APR-2022,
OPTSTK,IPCALAB,28-Apr-2022,1130.0,CE,0.0,0.0,0.0,36.35,1.7,0,0.0,0,0,18-APR-2022,
OPTSTK,IPCALAB,28-Apr-2022,1140.0,CE,0.0,0.0,0.0,33.95,1.25,0,0.0,0,0,18-APR-2022,
OPTSTK,IPCALAB,28-Apr-2022,1150.0,CE,2.1,2.65,1.8,2.4,0.9,7,36.29,12150,-450,18-APR-2022,
OPTSTK,IPCALAB,28-Apr-2022,1160.0,CE,0.0,0.0,0.0,7.0,0.6,0,0.0,2700,0,18-APR-2022,
OPTSTK,IPCALAB,28-Apr-2022,1170.0,CE,0.0,0.0,0.0,27.4,0.45,0,0.0,0,0,18-APR-2022,
OPTSTK,IPCALAB,28-Apr-2022,1180.0,CE,0.0,0.0,0.0,25.45,0.3,0,0.0,0,0,18-APR-2022,
OPTSTK,IPCALAB,28-Apr-2022,1190.0,CE,0.0,0.0,0.0,23.6,0.2,0,0.0,0,0,18-APR-2022,
OPTSTK,IPCALAB,28-Apr-2022,1200.0,CE,1.05,1.05,1.05,1.05,0.15,2,10.8,20250,0,18-APR-2022,
OPTSTK,IPCALAB,28-Apr-2022,1210.0,CE,0.0,0.0,0.0,20.3,0.1,0,0.0,0,0,18-APR-2022,
OPTSTK,IPCALAB,28-Apr-2022,1220.0,CE,0.0,0.0,0.0,18.85,0.05,0,0.0,0,0,18-APR-2022,
OPTSTK,IPCALAB,28-Apr-2022,1230.0,CE,0.0,0.0,0.0,17.45,0.05,0,0.0,0,0,18-APR-2022,
OPTSTK,IPCALAB,28-Apr-2022,1240.0,CE,0.0,0.0,0.0,16.15,0.05,0,0.0,0,0,18-APR-2022,
OPTSTK,IPCALAB,28-Apr-2022,1250.0,CE,0.0,0.0,0.0,14.95,0.05,0,0.0,0,0,18-APR-2022,
OPTSTK,IPCALAB,28-Apr-2022,1260.0,CE,0.0,0.0,0.0,13.8,0.05,0,0.0,0,0,18-APR-2022,
OPTSTK,IPCALAB,28-Apr-2022,1270.0,CE,0.0,0.0,0.0,12.75,0.05,0,0.0,0,0,18-APR-2022,
OPTSTK,IPCALAB,28-Apr-2022,1280.0,CE,0.0,0.0,0.0,11.75,0.0,0,0.0,0,0,18-APR-2022,
OPTSTK,IPCALAB,28-Apr-2022,1290.0,CE,0.0,0.0,0.0,10.85,0.0,0,0.0,0,0,18-APR-2022,
OPTSTK,IPCALAB,28-Apr-2022,1300.0,CE,0.0,0.0,0.0,10.0,0.0,0,0.0,0,0,18-APR-2022,
OPTSTK,IPCALAB,28-Apr-2022,1310.0,CE,0.0,0.0,0.0,9.2,0.0,0,0.0,0,0,18-APR-2022,
OPTSTK,IPCALAB,28-Apr-2022,1320.0,CE,0.0,0.0,0.0,8.5,0.0,0,0.0,0,0,18-APR-2022,
OPTSTK,IPCALAB,28-Apr-2022,1330.0,CE,0.0,0.0,0.0,7.8,0.0,0,0.0,0,0,18-APR-2022,
OPTSTK,IPCALAB,28-Apr-2022,1340.0,CE,0.0,0.0,0.0,7.2,0.0,0,0.0,0,0,18-APR-2022,
OPTSTK,IPCALAB,28-Apr-2022,1350.0,CE,0.0,0.0,0.0,6.6,0.0,0,0.0,0,0,18-APR-2022,
OPTSTK,IPCALAB,28-Apr-2022,1360.0,CE,0.0,0.0,0.0,6.05,0.0,0,0.0,0,0,18-APR-2022,
OPTSTK,IPCALAB,28-Apr-2022,1370.0,CE,0.0,0.0,0.0,5.55,0.0,0,0.0,0,0,18-APR-2022,
OPTSTK,IPCALAB,28-Apr-2022,1380.0,CE,0.0,0.0,0.0,5.1,0.0,0,0.0,0,0,18-APR-2022,
OPTSTK,IPCALAB,28-Apr-2022,1390.0,CE,0.0,0.0,0.0,4.7,0.0,0,0.0,0,0,18-APR-2022,
OPTSTK,IPCALAB,28-Apr-2022,1400.0,CE,0.0,0.0,0.0,4.3,0.0,0,0.0,0,0,18-APR-2022,
OPTSTK,IPCALAB,28-Apr-2022,1410.0,CE,0.0,0.0,0.0,3.95,0.0,0,0.0,0,0,18-APR-2022,
OPTSTK,IPCALAB,28-Apr-2022,700.0,PE,0.0,0.0,0.0,1.55,0.0,0,0.0,0,0,18-APR-2022,
OPTSTK,IPCALAB,28-Apr-2022,710.0,PE,0.0,0.0,0.0,1.85,0.0,0,0.0,0,0,18-APR-2022,
OPTSTK,IPCALAB,28-Apr-2022,720.0,PE,0.0,0.0,0.0,2.25,0.0,0,0.0,0,0,18-APR-2022,
OPTSTK,IPCALAB,28-Apr-2022,730.0,PE,0.0,0.0,0.0,2.75,0.0,0,0.0,0,0,18-APR-2022,
OPTSTK,IPCALAB,28-Apr-2022,740.0,PE,0.0,0.0,0.0,3.25,0.0,0,0.0,0,0,18-APR-2022,
OPTSTK,IPCALAB,28-Apr-2022,750.0,PE,0.0,0.0,0.0,3.9,0.0,0,0.0,0,0,18-APR-2022,
OPTSTK,IPCALAB,28-Apr-2022,760.0,PE,0.0,0.0,0.0,4.6,0.0,0,0.0,0,0,18-APR-2022,
OPTSTK,IPCALAB,28-Apr-2022,770.0,PE,0.0,0.0,0.0,5.4,0.0,0,0.0,0,0,18-APR-2022,
OPTSTK,IPCALAB,28-Apr-2022,780.0,PE,0.0,0.0,0.0,6.35,0.0,0,0.0,0,0,18-APR-2022,
OPTSTK,IPCALAB,28-Apr-2022,790.0,PE,0.0,0.0,0.0,7.35,0.0,0,0.0,0,0,18-APR-2022,
OPTSTK,IPCALAB,28-Apr-2022,800.0,PE,0.0,0.0,0.0,8.5,0.0,0,0.0,0,0,18-APR-2022,
OPTSTK,IPCALAB,28-Apr-2022,810.0,PE,0.0,0.0,0.0,9.8,0.0,0,0.0,0,0,18-APR-2022,
OPTSTK,IPCALAB,28-Apr-2022,820.0,PE,0.0,0.0,0.0,11.2,0.0,0,0.0,0,0,18-APR-2022,
OPTSTK,IPCALAB,28-Apr-2022,830.0,PE,0.0,0.0,0.0,12.8,0.05,0,0.0,0,0,18-APR-2022,
OPTSTK,IPCALAB,28-Apr-2022,840.0,PE,0.0,0.0,0.0,14.55,0.05,0,0.0,0,0,18-APR-2022,
OPTSTK,IPCALAB,28-Apr-2022,850.0,PE,0.0,0.0,0.0,16.4,0.05,0,0.0,0,0,18-APR-2022,
OPTSTK,IPCALAB,28-Apr-2022,860.0,PE,0.0,0.0,0.0,18.5,0.05,0,0.0,0,0,18-APR-2022,
OPTSTK,IPCALAB,28-Apr-2022,870.0,PE,0.0,0.0,0.0,20.75,0.1,0,0.0,0,0,18-APR-2022,
OPTSTK,IPCALAB,28-Apr-2022,880.0,PE,0.0,0.0,0.0,23.2,0.15,0,0.0,0,0,18-APR-2022,
OPTSTK,IPCALAB,28-Apr-2022,890.0,PE,0.0,0.0,0.0,25.8,0.3,0,0.0,0,0,18-APR-2022,
OPTSTK,IPCALAB,28-Apr-2022,900.0,PE,0.0,0.0,0.0,2.5,0.45,0,0.0,3600,0,18-APR-2022,
OPTSTK,IPCALAB,28-Apr-2022,910.0,PE,0.0,0.0,0.0,9.0,0.7,0,0.0,3150,0,18-APR-2022,
OPTSTK,IPCALAB,28-Apr-2022,920.0,PE,0.0,0.0,0.0,5.0,1.1,0,0.0,900,0,18-APR-2022,
OPTSTK,IPCALAB,28-Apr-2022,930.0,PE,0.0,0.0,0.0,38.2,1.65,0,0.0,0,0,18-APR-2022,
OPTSTK,IPCALAB,28-Apr-2022,940.0,PE,0.0,0.0,0.0,41.8,2.45,0,0.0,0,0,18-APR-2022,
OPTSTK,IPCALAB,28-Apr-2022,950.0,PE,5.5,5.5,2.85,2.85,3.5,20,85.82,19800,-4050,18-APR-2022,
OPTSTK,IPCALAB,28-Apr-2022,960.0,PE,0.0,0.0,0.0,49.7,4.9,0,0.0,0,0,18-APR-2022,
OPTSTK,IPCALAB,28-Apr-2022,970.0,PE,0.0,0.0,0.0,53.95,6.7,0,0.0,0,0,18-APR-2022,
OPTSTK,IPCALAB,28-Apr-2022,980.0,PE,0.0,0.0,0.0,58.4,8.95,0,0.0,0,0,18-APR-2022,
OPTSTK,IPCALAB,28-Apr-2022,990.0,PE,0.0,0.0,0.0,31.9,11.7,0,0.0,450,0,18-APR-2022,
OPTSTK,IPCALAB,28-Apr-2022,1000.0,PE,16.7,18.0,11.4,12.15,12.15,19,86.67,16650,-1350,18-APR-2022,
OPTSTK,IPCALAB,28-Apr-2022,1010.0,PE,0.0,0.0,0.0,22.25,18.95,0,0.0,0,0,18-APR-2022,
OPTSTK,IPCALAB,28-Apr-2022,1020.0,PE,23.25,29.3,18.35,18.35,18.35,13,61.1,2700,450,18-APR-2022,
OPTSTK,IPCALAB,28-Apr-2022,1030.0,PE,24.0,24.0,24.0,24.0,24.0,1,4.74,1350,-450,18-APR-2022,
OPTSTK,IPCALAB,28-Apr-2022,1040.0,PE,0.0,0.0,0.0,89.6,34.45,0,0.0,0,0,18-APR-2022,
OPTSTK,IPCALAB,28-Apr-2022,1050.0,PE,32.75,45.4,32.75,45.4,40.85,2,9.8,6300,450,18-APR-2022,
OPTSTK,IPCALAB,28-Apr-2022,1060.0,PE,0.0,0.0,0.0,101.55,47.75,0,0.0,0,0,18-APR-2022,
OPTSTK,IPCALAB,28-Apr-2022,1070.0,PE,0.0,0.0,0.0,107.85,55.2,0,0.0,0,0,18-APR-2022,
OPTSTK,IPCALAB,28-Apr-2022,1080.0,PE,0.0,0.0,0.0,114.3,63.1,0,0.0,0,0,18-APR-2022,
OPTSTK,IPCALAB,28-Apr-2022,1090.0,PE,0.0,0.0,0.0,120.9,71.35,0,0.0,0,0,18-APR-2022,
OPTSTK,IPCALAB,28-Apr-2022,1100.0,PE,0.0,0.0,0.0,127.7,80.0,0,0.0,0,0,18-APR-2022,
OPTSTK,IPCALAB,28-Apr-2022,1110.0,PE,0.0,0.0,0.0,134.7,88.9,0,0.0,0,0,18-APR-2022,
OPTSTK,IPCALAB,28-Apr-2022,1120.0,PE,0.0,0.0,0.0,141.8,98.1,0,0.0,0,0,18-APR-2022,
OPTSTK,IPCALAB,28-Apr-2022,1130.0,PE,0.0,0.0,0.0,149.1,107.45,0,0.0,0,0,18-APR-2022,
OPTSTK,IPCALAB,28-Apr-2022,1140.0,PE,0.0,0.0,0.0,156.55,116.95,0,0.0,0,0,18-APR-2022,
OPTSTK,IPCALAB,28-Apr-2022,1150.0,PE,0.0,0.0,0.0,164.15,126.6,0,0.0,0,0,18-APR-2022,
OPTSTK,IPCALAB,28-Apr-2022,1160.0,PE,0.0,0.0,0.0,171.85,136.3,0,0.0,0,0,18-APR-2022,
OPTSTK,IPCALAB,28-Apr-2022,1170.0,PE,0.0,0.0,0.0,179.7,146.1,0,0.0,0,0,18-APR-2022,
OPTSTK,IPCALAB,28-Apr-2022,1180.0,PE,0.0,0.0,0.0,187.65,155.95,0,0.0,0,0,18-APR-2022,
OPTSTK,IPCALAB,28-Apr-2022,1190.0,PE,0.0,0.0,0.0,195.7,165.85,0,0.0,0,0,18-APR-2022,
OPTSTK,IPCALAB,28-Apr-2022,1200.0,PE,0.0,0.0,0.0,203.9,175.8,0,0.0,0,0,18-APR-2022,
OPTSTK,IPCALAB,28-Apr-2022,1210.0,PE,0.0,0.0,0.0,212.2,185.75,0,0.0,0,0,18-APR-2022,
OPTSTK,IPCALAB,28-Apr-2022,1220.0,PE,0.0,0.0,0.0,220.65,195.7,0,0.0,0,0,18-APR-2022,
OPTSTK,IPCALAB,28-Apr-2022,1230.0,PE,0.0,0.0,0.0,229.15,205.65,0,0.0,0,0,18-APR-2022,
OPTSTK,IPCALAB,28-Apr-2022,1240.0,PE,0.0,0.0,0.0,237.75,215.65,0,0.0,0,0,18-APR-2022,
OPTSTK,IPCALAB,28-Apr-2022,1250.0,PE,0.0,0.0,0.0,246.4,225.65,0,0.0,0,0,18-APR-2022,
OPTSTK,IPCALAB,28-Apr-2022,1260.0,PE,0.0,0.0,0.0,255.15,235.6,0,0.0,0,0,18-APR-2022,
OPTSTK,IPCALAB,28-Apr-2022,1270.0,PE,0.0,0.0,0.0,264.0,245.6,0,0.0,0,0,18-APR-2022,
OPTSTK,IPCALAB,28-Apr-2022,1280.0,PE,0.0,0.0,0.0,272.95,255.6,0,0.0,0,0,18-APR-2022,
OPTSTK,IPCALAB,28-Apr-2022,1290.0,PE,0.0,0.0,0.0,281.9,265.55,0,0.0,0,0,18-APR-2022,
OPTSTK,IPCALAB,28-Apr-2022,1300.0,PE,0.0,0.0,0.0,290.95,275.55,0,0.0,0,0,18-APR-2022,
OPTSTK,IPCALAB,28-Apr-2022,1310.0,PE,0.0,0.0,0.0,300.05,285.55,0,0.0,0,0,18-APR-2022,
OPTSTK,IPCALAB,28-Apr-2022,1320.0,PE,0.0,0.0,0.0,309.25,295.55,0,0.0,0,0,18-APR-2022,
OPTSTK,IPCALAB,28-Apr-2022,1330.0,PE,0.0,0.0,0.0,318.45,305.5,0,0.0,0,0,18-APR-2022,
OPTSTK,IPCALAB,28-Apr-2022,1340.0,PE,0.0,0.0,0.0,327.75,315.5,0,0.0,0,0,18-APR-2022,
OPTSTK,IPCALAB,28-Apr-2022,1350.0,PE,0.0,0.0,0.0,337.05,325.5,0,0.0,0,0,18-APR-2022,
OPTSTK,IPCALAB,28-Apr-2022,1360.0,PE,0.0,0.0,0.0,346.4,335.5,0,0.0,0,0,18-APR-2022,
OPTSTK,IPCALAB,28-Apr-2022,1370.0,PE,0.0,0.0,0.0,355.8,345.5,0,0.0,0,0,18-APR-2022,
OPTSTK,IPCALAB,28-Apr-2022,1380.0,PE,0.0,0.0,0.0,365.25,355.45,0,0.0,0,0,18-APR-2022,
OPTSTK,IPCALAB,28-Apr-2022,1390.0,PE,0.0,0.0,0.0,374.7,365.45,0,0.0,0,0,18-APR-2022,
OPTSTK,IPCALAB,28-Apr-2022,1400.0,PE,0.0,0.0,0.0,384.2,375.45,0,0.0,0,0,18-APR-2022,
OPTSTK,IPCALAB,28-Apr-2022,1410.0,PE,0.0,0.0,0.0,393.75,385.45,0,0.0,0,0,18-APR-2022,
OPTSTK,IPCALAB,26-May-2022,700.0,CE,0.0,0.0,0.0,247.5,326.15,0,0.0,0,0,18-APR-2022,
OPTSTK,IPCALAB,26-May-2022,710.0,CE,0.0,0.0,0.0,238.3,316.2,0,0.0,0,0,18-APR-2022,
OPTSTK,IPCALAB,26-May-2022,720.0,CE,0.0,0.0,0.0,229.2,306.25,0,0.0,0,0,18-APR-2022,
OPTSTK,IPCALAB,26-May-2022,730.0,CE,0.0,0.0,0.0,220.2,296.3,0,0.0,0,0,18-APR-2022,
OPTSTK,IPCALAB,26-May-2022,740.0,CE,0.0,0.0,0.0,211.35,286.4,0,0.0,0,0,18-APR-2022,
OPTSTK,IPCALAB,26-May-2022,750.0,CE,0.0,0.0,0.0,202.6,276.5,0,0.0,0,0,18-APR-2022,
OPTSTK,IPCALAB,26-May-2022,760.0,CE,0.0,0.0,0.0,194.05,266.6,0,0.0,0,0,18-APR-2022,
OPTSTK,IPCALAB,26-May-2022,770.0,CE,0.0,0.0,0.0,185.6,256.75,0,0.0,0,0,18-APR-2022,
OPTSTK,IPCALAB,26-May-2022,780.0,CE,0.0,0.0,0.0,177.35,246.9,0,0.0,0,0,18-APR-2022,
OPTSTK,IPCALAB,26-May-2022,790.0,CE,0.0,0.0,0.0,169.25,237.1,0,0.0,0,0,18-APR-2022,
OPTSTK,IPCALAB,26-May-2022,800.0,CE,0.0,0.0,0.0,161.35,227.35,0,0.0,0,0,18-APR-2022,
OPTSTK,IPCALAB,26-May-2022,810.0,CE,0.0,0.0,0.0,153.6,217.7,0,0.0,0,0,18-APR-2022,
OPTSTK,IPCALAB,26-May-2022,820.0,CE,0.0,0.0,0.0,146.1,208.05,0,0.0,0,0,18-APR-2022,
OPTSTK,IPCALAB,26-May-2022,830.0,CE,0.0,0.0,0.0,138.8,198.5,0,0.0,0,0,18-APR-2022,
OPTSTK,IPCALAB,26-May-2022,840.0,CE,0.0,0.0,0.0,131.7,189.05,0,0.0,0,0,18-APR-2022,
OPTSTK,IPCALAB,26-May-2022,850.0,CE,0.0,0.0,0.0,124.8,179.75,0,0.0,0,0,18-APR-2022,
OPTSTK,IPCALAB,26-May-2022,860.0,CE,0.0,0.0,0.0,118.1,170.5,0,0.0,0,0,18-APR-2022,
OPTSTK,IPCALAB,26-May-2022,870.0,CE,0.0,0.0,0.0,111.65,161.45,0,0.0,0,0,18-APR-2022,
OPTSTK,IPCALAB,26-May-2022,880.0,CE,0.0,0.0,0.0,105.45,152.55,0,0.0,0,0,18-APR-2022,
OPTSTK,IPCALAB,26-May-2022,890.0,CE,0.0,0.0,0.0,99.45,143.8,0,0.0,0,0,18-APR-2022,
OPTSTK,IPCALAB,26-May-2022,900.0,CE,0.0,0.0,0.0,93.7,135.25,0,0.0,0,0,18-APR-2022,
OPTSTK,IPCALAB,26-May-2022,910.0,CE,0.0,0.0,0.0,88.15,126.95,0,0.0,0,0,18-APR-2022,
OPTSTK,IPCALAB,26-May-2022,920.0,CE,0.0,0.0,0.0,82.85,118.85,0,0.0,0,0,18-APR-2022,
OPTSTK,IPCALAB,26-May-2022,930.0,CE,0.0,0.0,0.0,77.8,111.0,0,0.0,0,0,18-APR-2022,
OPTSTK,IPCALAB,26-May-2022,940.0,CE,0.0,0.0,0.0,72.95,103.4,0,0.0,0,0,18-APR-2022,
OPTSTK,IPCALAB,26-May-2022,950.0,CE,0.0,0.0,0.0,68.35,96.15,0,0.0,0,0,18-APR-2022,
OPTSTK,IPCALAB,26-May-2022,960.0,CE,0.0,0.0,0.0,63.95,89.05,0,0.0,0,0,18-APR-2022,
OPTSTK,IPCALAB,26-May-2022,970.0,CE,0.0,0.0,0.0,59.75,82.35,0,0.0,0,0,18-APR-2022,
OPTSTK,IPCALAB,26-May-2022,980.0,CE,0.0,0.0,0.0,55.8,75.95,0,0.0,0,0,18-APR-2022,
OPTSTK,IPCALAB,26-May-2022,990.0,CE,0.0,0.0,0.0,52.05,69.85,0,0.0,0,0,18-APR-2022,
OPTSTK,IPCALAB,26-May-2022,1000.0,CE,0.0,0.0,0.0,48.5,64.05,0,0.0,0,0,18-APR-2022,
OPTSTK,IPCALAB,26-May-2022,1010.0,CE,0.0,0.0,0.0,45.1,58.6,0,0.0,0,0,18-APR-2022,
OPTSTK,IPCALAB,26-May-2022,1020.0,CE,0.0,0.0,0.0,41.95,53.5,0,0.0,0,0,18-APR-2022,
OPTSTK,IPCALAB,26-May-2022,1030.0,CE,0.0,0.0,0.0,38.95,48.65,0,0.0,0,0,18-APR-2022,
OPTSTK,IPCALAB,26-May-2022,1040.0,CE,0.0,0.0,0.0,36.15,44.15,0,0.0,0,0,18-APR-2022,
OPTSTK,IPCALAB,26-May-2022,1050.0,CE,0.0,0.0,0.0,33.5,39.95,0,0.0,0,0,18-APR-2022,
OPTSTK,IPCALAB,26-May-2022,1060.0,CE,0.0,0.0,0.0,31.05,36.05,0,0.0,0,0,18-APR-2022,
OPTSTK,IPCALAB,26-May-2022,1070.0,CE,0.0,0.0,0.0,53.55,32.45,0,0.0,900,0,18-APR-2022,
OPTSTK,IPCALAB,26-May-2022,1080.0,CE,0.0,0.0,0.0,50.95,29.15,0,0.0,900,0,18-APR-2022,
OPTSTK,IPCALAB,26-May-2022,1090.0,CE,0.0,0.0,0.0,24.55,26.1,0,0.0,0,0,18-APR-2022,
OPTSTK,IPCALAB,26-May-2022,1100.0,CE,0.0,0.0,0.0,30.0,23.3,0,0.0,450,0,18-APR-2022,
OPTSTK,IPCALAB,26-May-2022,1110.0,CE,0.0,0.0,0.0,20.85,20.8,0,0.0,0,0,18-APR-2022,
OPTSTK,IPCALAB,26-May-2022,1120.0,CE,0.0,0.0,0.0,19.2,18.5,0,0.0,0,0,18-APR-2022,
OPTSTK,IPCALAB,26-May-2022,1130.0,CE,0.0,0.0,0.0,17.7,16.4,0,0.0,0,0,18-APR-2022,
OPTSTK,IPCALAB,26-May-2022,1140.0,CE,0.0,0.0,0.0,16.25,14.5,0,0.0,0,0,18-APR-2022,
OPTSTK,IPCALAB,26-May-2022,1150.0,CE,0.0,0.0,0.0,14.95,12.75,0,0.0,0,0,18-APR-2022,
OPTSTK,IPCALAB,26-May-2022,1160.0,CE,0.0,0.0,0.0,13.7,11.25,0,0.0,0,0,18-APR-2022,
OPTSTK,IPCALAB,26-May-2022,1170.0,CE,0.0,0.0,0.0,12.55,9.85,0,0.0,0,0,18-APR-2022,
OPTSTK,IPCALAB,26-May-2022,1180.0,CE,0.0,0.0,0.0,11.5,8.65,0,0.0,0,0,18-APR-2022,
OPTSTK,IPCALAB,26-May-2022,1190.0,CE,0.0,0.0,0.0,10.55,7.55,0,0.0,0,0,18-APR-2022,
OPTSTK,IPCALAB,26-May-2022,1200.0,CE,0.0,0.0,0.0,9.65,6.55,0,0.0,0,0,18-APR-2022,
OPTSTK,IPCALAB,26-May-2022,1210.0,CE,0.0,0.0,0.0,8.85,5.7,0,0.0,0,0,18-APR-2022,
OPTSTK,IPCALAB,26-May-2022,1220.0,CE,0.0,0.0,0.0,8.05,4.95,0,0.0,0,0,18-APR-2022,
OPTSTK,IPCALAB,26-May-2022,1230.0,CE,0.0,0.0,0.0,7.35,4.3,0,0.0,0,0,18-APR-2022,
OPTSTK,IPCALAB,26-May-2022,1240.0,CE,0.0,0.0,0.0,6.7,3.7,0,0.0,0,0,18-APR-2022,
OPTSTK,IPCALAB,26-May-2022,1250.0,CE,0.0,0.0,0.0,6.15,3.2,0,0.0,0,0,18-APR-2022,
OPTSTK,IPCALAB,26-May-2022,1260.0,CE,0.0,0.0,0.0,5.6,2.75,0,0.0,0,0,18-APR-2022,
OPTSTK,IPCALAB,26-May-2022,1270.0,CE,0.0,0.0,0.0,5.1,2.35,0,0.0,0,0,18-APR-2022,
OPTSTK,IPCALAB,26-May-2022,1280.0,CE,0.0,0.0,0.0,4.65,2.0,0,0.0,0,0,18-APR-2022,
OPTSTK,IPCALAB,26-May-2022,1290.0,CE,0.0,0.0,0.0,4.2,1.75,0,0.0,0,0,18-APR-2022,
OPTSTK,IPCALAB,26-May-2022,1300.0,CE,0.0,0.0,0.0,3.85,1.45,0,0.0,0,0,18-APR-2022,
OPTSTK,IPCALAB,26-May-2022,1310.0,CE,0.0,0.0,0.0,3.5,1.25,0,0.0,0,0,18-APR-2022,
OPTSTK,IPCALAB,26-May-2022,1320.0,CE,0.0,0.0,0.0,3.15,1.05,0,0.0,0,0,18-APR-2022,
OPTSTK,IPCALAB,26-May-2022,1330.0,CE,0.0,0.0,0.0,2.85,0.9,0,0.0,0,0,18-APR-2022,
OPTSTK,IPCALAB,26-May-2022,1340.0,CE,0.0,0.0,0.0,2.6,0.75,0,0.0,0,0,18-APR-2022,
OPTSTK,IPCALAB,26-May-2022,700.0,PE,0.0,0.0,0.0,3.4,0.05,0,0.0,0,0,18-APR-2022,
OPTSTK,IPCALAB,26-May-2022,710.0,PE,0.0,0.0,0.0,4.1,0.05,0,0.0,0,0,18-APR-2022,
OPTSTK,IPCALAB,26-May-2022,720.0,PE,0.0,0.0,0.0,4.9,0.05,0,0.0,0,0,18-APR-2022,
OPTSTK,IPCALAB,26-May-2022,730.0,PE,0.0,0.0,0.0,5.8,0.1,0,0.0,0,0,18-APR-2022,
OPTSTK,IPCALAB,26-May-2022,740.0,PE,0.0,0.0,0.0,6.85,0.15,0,0.0,0,0,18-APR-2022,
OPTSTK,IPCALAB,26-May-2022,750.0,PE,0.0,0.0,0.0,8.0,0.2,0,0.0,0,0,18-APR-2022,
OPTSTK,IPCALAB,26-May-2022,760.0,PE,0.0,0.0,0.0,9.35,0.25,0,0.0,0,0,18-APR-2022,
OPTSTK,IPCALAB,26-May-2022,770.0,PE,0.0,0.0,0.0,10.8,0.35,0,0.0,0,0,18-APR-2022,
OPTSTK,IPCALAB,26-May-2022,780.0,PE,0.0,0.0,0.0,12.4,0.45,0,0.0,0,0,18-APR-2022,
OPTSTK,IPCALAB,26-May-2022,790.0,PE,0.0,0.0,0.0,14.25,0.65,0,0.0,0,0,18-APR-2022,
OPTSTK,IPCALAB,26-May-2022,800.0,PE,0.0,0.0,0.0,16.2,0.85,0,0.0,0,0,18-APR-2022,
OPTSTK,IPCALAB,26-May-2022,810.0,PE,0.0,0.0,0.0,18.4,1.1,0,0.0,0,0,18-APR-2022,
OPTSTK,IPCALAB,26-May-2022,820.0,PE,0.0,0.0,0.0,20.75,1.45,0,0.0,0,0,18-APR-2022,
OPTSTK,IPCALAB,26-May-2022,830.0,PE,0.0,0.0,0.0,23.35,1.85,0,0.0,0,0,18-APR-2022,
OPTSTK,IPCALAB,26-May-2022,840.0,PE,0.0,0.0,0.0,26.15,2.35,0,0.0,0,0,18-APR-2022,
OPTSTK,IPCALAB,26-May-2022,850.0,PE,0.0,0.0,0.0,29.15,2.95,0,0.0,0,0,18-APR-2022,
OPTSTK,IPCALAB,26-May-2022,860.0,PE,0.0,0.0,0.0,32.35,3.7,0,0.0,0,0,18-APR-2022,
OPTSTK,IPCALAB,26-May-2022,870.0,PE,0.0,0.0,0.0,35.8,4.6,0,0.0,0,0,18-APR-2022,
OPTSTK,IPCALAB,26-May-2022,880.0,PE,0.0,0.0,0.0,39.45,5.65,0,0.0,0,0,18-APR-2022,
OPTSTK,IPCALAB,26-May-2022,890.0,PE,0.0,0.0,0.0,43.35,6.85,0,0.0,0,0,18-APR-2022,
OPTSTK,IPCALAB,26-May-2022,900.0,PE,0.0,0.0,0.0,47.5,8.3,0,0.0,0,0,18-APR-2022,
OPTSTK,IPCALAB,26-May-2022,910.0,PE,0.0,0.0,0.0,51.9,9.9,0,0.0,0,0,18-APR-2022,
OPTSTK,IPCALAB,26-May-2022,920.0,PE,0.0,0.0,0.0,56.5,11.8,0,0.0,0,0,18-APR-2022,
OPTSTK,IPCALAB,26-May-2022,930.0,PE,0.0,0.0,0.0,61.3,13.9,0,0.0,0,0,18-APR-2022,
OPTSTK,IPCALAB,26-May-2022,940.0,PE,0.0,0.0,0.0,66.35,16.25,0,0.0,0,0,18-APR-2022,
OPTSTK,IPCALAB,26-May-2022,950.0,PE,0.0,0.0,0.0,71.65,18.95,0,0.0,0,0,18-APR-2022,
OPTSTK,IPCALAB,26-May-2022,960.0,PE,0.0,0.0,0.0,77.15,21.85,0,0.0,0,0,18-APR-2022,
OPTSTK,IPCALAB,26-May-2022,970.0,PE,0.0,0.0,0.0,82.85,25.05,0,0.0,0,0,18-APR-2022,
OPTSTK,IPCALAB,26-May-2022,980.0,PE,0.0,0.0,0.0,88.8,28.6,0,0.0,0,0,18-APR-2022,
OPTSTK,IPCALAB,26-May-2022,990.0,PE,0.0,0.0,0.0,94.9,32.5,0,0.0,0,0,18-APR-2022,
OPTSTK,IPCALAB,26-May-2022,1000.0,PE,0.0,0.0,0.0,52.0,36.65,0,0.0,450,0,18-APR-2022,
OPTSTK,IPCALAB,26-May-2022,1010.0,PE,0.0,0.0,0.0,107.8,41.15,0,0.0,0,0,18-APR-2022,
OPTSTK,IPCALAB,26-May-2022,1020.0,PE,0.0,0.0,0.0,114.5,45.95,0,0.0,0,0,18-APR-2022,
OPTSTK,IPCALAB,26-May-2022,1030.0,PE,0.0,0.0,0.0,121.4,51.1,0,0.0,0,0,18-APR-2022,
OPTSTK,IPCALAB,26-May-2022,1040.0,PE,0.0,0.0,0.0,128.5,56.55,0,0.0,0,0,18-APR-2022,
OPTSTK,IPCALAB,26-May-2022,1050.0,PE,0.0,0.0,0.0,135.75,62.35,0,0.0,0,0,18-APR-2022,
OPTSTK,IPCALAB,26-May-2022,1060.0,PE,0.0,0.0,0.0,143.2,68.4,0,0.0,0,0,18-APR-2022,
OPTSTK,IPCALAB,26-May-2022,1070.0,PE,0.0,0.0,0.0,150.8,74.75,0,0.0,0,0,18-APR-2022,
OPTSTK,IPCALAB,26-May-2022,1080.0,PE,0.0,0.0,0.0,158.55,81.4,0,0.0,0,0,18-APR-2022,
OPTSTK,IPCALAB,26-May-2022,1090.0,PE,0.0,0.0,0.0,166.4,88.3,0,0.0,0,0,18-APR-2022,
OPTSTK,IPCALAB,26-May-2022,1100.0,PE,0.0,0.0,0.0,174.35,95.45,0,0.0,0,0,18-APR-2022,
OPTSTK,IPCALAB,26-May-2022,1110.0,PE,0.0,0.0,0.0,182.5,102.9,0,0.0,0,0,18-APR-2022,
OPTSTK,IPCALAB,26-May-2022,1120.0,PE,0.0,0.0,0.0,190.75,110.55,0,0.0,0,0,18-APR-2022,
OPTSTK,IPCALAB,26-May-2022,1130.0,PE,0.0,0.0,0.0,199.1,118.4,0,0.0,0,0,18-APR-2022,
OPTSTK,IPCALAB,26-May-2022,1140.0,PE,0.0,0.0,0.0,207.55,126.45,0,0.0,0,0,18-APR-2022,
OPTSTK,IPCALAB,26-May-2022,1150.0,PE,0.0,0.0,0.0,216.15,134.7,0,0.0,0,0,18-APR-2022,
OPTSTK,IPCALAB,26-May-2022,1160.0,PE,0.0,0.0,0.0,224.8,143.1,0,0.0,0,0,18-APR-2022,
OPTSTK,IPCALAB,26-May-2022,1170.0,PE,0.0,0.0,0.0,233.6,151.7,0,0.0,0,0,18-APR-2022,
OPTSTK,IPCALAB,26-May-2022,1180.0,PE,0.0,0.0,0.0,242.4,160.4,0,0.0,0,0,18-APR-2022,
OPTSTK,IPCALAB,26-May-2022,1190.0,PE,0.0,0.0,0.0,251.35,169.3,0,0.0,0,0,18-APR-2022,
OPTSTK,IPCALAB,26-May-2022,1200.0,PE,0.0,0.0,0.0,260.35,178.25,0,0.0,0,0,18-APR-2022,
OPTSTK,IPCALAB,26-May-2022,1210.0,PE,0.0,0.0,0.0,269.4,187.35,0,0.0,0,0,18-APR-2022,
OPTSTK,IPCALAB,26-May-2022,1220.0,PE,0.0,0.0,0.0,278.55,196.55,0,0.0,0,0,18-APR-2022,
OPTSTK,IPCALAB,26-May-2022,1230.0,PE,0.0,0.0,0.0,287.75,205.85,0,0.0,0,0,18-APR-2022,
OPTSTK,IPCALAB,26-May-2022,1240.0,PE,0.0,0.0,0.0,297.0,215.25,0,0.0,0,0,18-APR-2022,
OPTSTK,IPCALAB,26-May-2022,1250.0,PE,0.0,0.0,0.0,306.3,224.65,0,0.0,0,0,18-APR-2022,
OPTSTK,IPCALAB,26-May-2022,1260.0,PE,0.0,0.0,0.0,315.65,234.2,0,0.0,0,0,18-APR-2022,
OPTSTK,IPCALAB,26-May-2022,1270.0,PE,0.0,0.0,0.0,325.05,243.75,0,0.0,0,0,18-APR-2022,
OPTSTK,IPCALAB,26-May-2022,1280.0,PE,0.0,0.0,0.0,334.5,253.35,0,0.0,0,0,18-APR-2022,
OPTSTK,IPCALAB,26-May-2022,1290.0,PE,0.0,0.0,0.0,343.95,263.05,0,0.0,0,0,18-APR-2022,
OPTSTK,IPCALAB,26-May-2022,1300.0,PE,0.0,0.0,0.0,353.45,272.75,0,0.0,0,0,18-APR-2022,
OPTSTK,IPCALAB,26-May-2022,1310.0,PE,0.0,0.0,0.0,363.0,282.45,0,0.0,0,0,18-APR-2022,
OPTSTK,IPCALAB,26-May-2022,1320.0,PE,0.0,0.0,0.0,372.6,292.25,0,0.0,0,0,18-APR-2022,
OPTSTK,IPCALAB,26-May-2022,1330.0,PE,0.0,0.0,0.0,382.2,302.05,0,0.0,0,0,18-APR-2022,
OPTSTK,IPCALAB,26-May-2022,1340.0,PE,0.0,0.0,0.0,391.85,311.85,0,0.0,0,0,18-APR-2022,
OPTSTK,IPCALAB,30-Jun-2022,700.0,CE,0.0,0.0,0.0,373.8,329.5,0,0.0,0,0,18-APR-2022,
OPTSTK,IPCALAB,30-Jun-2022,720.0,CE,0.0,0.0,0.0,354.35,310.0,0,0.0,0,0,18-APR-2022,
OPTSTK,IPCALAB,30-Jun-2022,740.0,CE,0.0,0.0,0.0,335.1,290.65,0,0.0,0,0,18-APR-2022,
OPTSTK,IPCALAB,30-Jun-2022,760.0,CE,0.0,0.0,0.0,316.0,271.55,0,0.0,0,0,18-APR-2022,
OPTSTK,IPCALAB,30-Jun-2022,780.0,CE,0.0,0.0,0.0,297.2,252.7,0,0.0,0,0,18-APR-2022,
OPTSTK,IPCALAB,30-Jun-2022,800.0,CE,0.0,0.0,0.0,278.65,234.25,0,0.0,0,0,18-APR-2022,
OPTSTK,IPCALAB,30-Jun-2022,820.0,CE,0.0,0.0,0.0,260.45,216.2,0,0.0,0,0,18-APR-2022,
OPTSTK,IPCALAB,30-Jun-2022,840.0,CE,0.0,0.0,0.0,242.65,198.65,0,0.0,0,0,18-APR-2022,
OPTSTK,IPCALAB,30-Jun-2022,860.0,CE,0.0,0.0,0.0,225.35,181.7,0,0.0,0,0,18-APR-2022,
OPTSTK,IPCALAB,30-Jun-2022,880.0,CE,0.0,0.0,0.0,208.6,165.4,0,0.0,0,0,18-APR-2022,
OPTSTK,IPCALAB,30-Jun-2022,900.0,CE,0.0,0.0,0.0,192.45,149.8,0,0.0,0,0,18-APR-2022,
OPTSTK,IPCALAB,30-Jun-2022,920.0,CE,0.0,0.0,0.0,176.9,135.1,0,0.0,0,0,18-APR-2022,
OPTSTK,IPCALAB,30-Jun-2022,940.0,CE,0.0,0.0,0.0,162.05,121.1,0,0.0,0,0,18-APR-2022,
OPTSTK,IPCALAB,30-Jun-2022,960.0,CE,0.0,0.0,0.0,147.95,108.1,0,0.0,0,0,18-APR-2022,
OPTSTK,IPCALAB,30-Jun-2022,980.0,CE,0.0,0.0,0.0,134.5,96.0,0,0.0,0,0,18-APR-2022,
OPTSTK,IPCALAB,30-Jun-2022,1000.0,CE,0.0,0.0,0.0,121.95,84.85,0,0.0,0,0,18-APR-2022,
OPTSTK,IPCALAB,30-Jun-2022,1020.0,CE,0.0,0.0,0.0,110.15,74.6,0,0.0,0,0,18-APR-2022,
OPTSTK,IPCALAB,30-Jun-2022,1040.0,CE,0.0,0.0,0.0,99.15,65.25,0,0.0,0,0,18-APR-2022,
OPTSTK,IPCALAB,30-Jun-2022,1060.0,CE,0.0,0.0,0.0,88.95,56.8,0,0.0,0,0,18-APR-2022,
OPTSTK,IPCALAB,30-Jun-2022,1080.0,CE,0.0,0.0,0.0,79.55,49.25,0,0.0,0,0,18-APR-2022,
OPTSTK,IPCALAB,30-Jun-2022,1100.0,CE,0.0,0.0,0.0,70.9,42.45,0,0.0,0,0,18-APR-2022,
OPTSTK,IPCALAB,30-Jun-2022,1120.0,CE,0.0,0.0,0.0,62.95,36.45,0,0.0,0,0,18-APR-2022,
OPTSTK,IPCALAB,30-Jun-2022,1140.0,CE,0.0,0.0,0.0,55.75,31.2,0,0.0,0,0,18-APR-2022,
OPTSTK,IPCALAB,30-Jun-2022,1160.0,CE,0.0,0.0,0.0,49.2,26.6,0,0.0,0,0,18-APR-2022,
OPTSTK,IPCALAB,30-Jun-2022,1180.0,CE,0.0,0.0,0.0,43.3,22.5,0,0.0,0,0,18-APR-2022,
OPTSTK,IPCALAB,30-Jun-2022,1200.0,CE,0.0,0.0,0.0,38.0,19.0,0,0.0,0,0,18-APR-2022,
OPTSTK,IPCALAB,30-Jun-2022,1220.0,CE,0.0,0.0,0.0,33.3,16.0,0,0.0,0,0,18-APR-2022,
OPTSTK,IPCALAB,30-Jun-2022,1240.0,CE,0.0,0.0,0.0,29.1,13.4,0,0.0,0,0,18-APR-2022,
OPTSTK,IPCALAB,30-Jun-2022,1260.0,CE,0.0,0.0,0.0,25.3,11.2,0,0.0,0,0,18-APR-2022,
OPTSTK,IPCALAB,30-Jun-2022,1280.0,CE,0.0,0.0,0.0,21.95,9.3,0,0.0,0,0,18-APR-2022,
OPTSTK,IPCALAB,30-Jun-2022,1300.0,CE,0.0,0.0,0.0,19.0,7.7,0,0.0,0,0,18-APR-2022,
OPTSTK,IPCALAB,30-Jun-2022,1320.0,CE,0.0,0.0,0.0,16.45,6.35,0,0.0,0,0,18-APR-2022,
OPTSTK,IPCALAB,30-Jun-2022,1340.0,CE,0.0,0.0,0.0,14.15,5.25,0,0.0,0,0,18-APR-2022,
OPTSTK,IPCALAB,30-Jun-2022,700.0,PE,0.0,0.0,0.0,0.7,0.55,0,0.0,0,0,18-APR-2022,
OPTSTK,IPCALAB,30-Jun-2022,720.0,PE,0.0,0.0,0.0,1.05,0.9,0,0.0,0,0,18-APR-2022,
OPTSTK,IPCALAB,30-Jun-2022,740.0,PE,0.0,0.0,0.0,1.55,1.4,0,0.0,0,0,18-APR-2022,
OPTSTK,IPCALAB,30-Jun-2022,760.0,PE,0.0,0.0,0.0,2.25,2.1,0,0.0,0,0,18-APR-2022,
OPTSTK,IPCALAB,30-Jun-2022,780.0,PE,0.0,0.0,0.0,3.2,3.1,0,0.0,0,0,18-APR-2022,
OPTSTK,IPCALAB,30-Jun-2022,800.0,PE,0.0,0.0,0.0,4.45,4.45,0,0.0,0,0,18-APR-2022,
OPTSTK,IPCALAB,30-Jun-2022,820.0,PE,0.0,0.0,0.0,6.1,6.25,0,0.0,0,0,18-APR-2022,
OPTSTK,IPCALAB,30-Jun-2022,840.0,PE,0.0,0.0,0.0,8.1,8.55,0,0.0,0,0,18-APR-2022,
OPTSTK,IPCALAB,30-Jun-2022,860.0,PE,0.0,0.0,0.0,10.6,11.4,0,0.0,0,0,18-APR-2022,
OPTSTK,IPCALAB,30-Jun-2022,880.0,PE,0.0,0.0,0.0,13.6,14.95,0,0.0,0,0,18-APR-2022,
OPTSTK,IPCALAB,30-Jun-2022,900.0,PE,0.0,0.0,0.0,17.2,19.2,0,0.0,0,0,18-APR-2022,
OPTSTK,IPCALAB,30-Jun-2022,920.0,PE,0.0,0.0,0.0,21.45,24.3,0,0.0,0,0,18-APR-2022,
OPTSTK,IPCALAB,30-Jun-2022,940.0,PE,0.0,0.0,0.0,26.45,30.15,0,0.0,0,0,18-APR-2022,
OPTSTK,IPCALAB,30-Jun-2022,960.0,PE,0.0,0.0,0.0,32.1,36.95,0,0.0,0,0,18-APR-2022,
OPTSTK,IPCALAB,30-Jun-2022,980.0,PE,0.0,0.0,0.0,38.45,44.7,0,0.0,0,0,18-APR-2022,
OPTSTK,IPCALAB,30-Jun-2022,1000.0,PE,0.0,0.0,0.0,45.65,53.35,0,0.0,0,0,18-APR-2022,
OPTSTK,IPCALAB,30-Jun-2022,1020.0,PE,0.0,0.0,0.0,53.65,62.95,0,0.0,0,0,18-APR-2022,
OPTSTK,IPCALAB,30-Jun-2022,1040.0,PE,0.0,0.0,0.0,62.45,73.45,0,0.0,0,0,18-APR-2022,
OPTSTK,IPCALAB,30-Jun-2022,1060.0,PE,0.0,0.0,0.0,72.05,84.85,0,0.0,0,0,18-APR-2022,
OPTSTK,IPCALAB,30-Jun-2022,1080.0,PE,0.0,0.0,0.0,82.45,97.1,0,0.0,0,0,18-APR-2022,
OPTSTK,IPCALAB,30-Jun-2022,1100.0,PE,0.0,0.0,0.0,93.55,110.15,0,0.0,0,0,18-APR-2022,
OPTSTK,IPCALAB,30-Jun-2022,1120.0,PE,0.0,0.0,0.0,105.45,124.0,0,0.0,0,0,18-APR-2022,
OPTSTK,IPCALAB,30-Jun-2022,1140.0,PE,0.0,0.0,0.0,118.0,138.55,0,0.0,0,0,18-APR-2022,
OPTSTK,IPCALAB,30-Jun-2022,1160.0,PE,0.0,0.0,0.0,131.25,153.8,0,0.0,0,0,18-APR-2022,
OPTSTK,IPCALAB,30-Jun-2022,1180.0,PE,0.0,0.0,0.0,145.15,169.55,0,0.0,0,0,18-APR-2022,
OPTSTK,IPCALAB,30-Jun-2022,1200.0,PE,0.0,0.0,0.0,159.65,185.85,0,0.0,0,0,18-APR-2022,
OPTSTK,IPCALAB,30-Jun-2022,1220.0,PE,0.0,0.0,0.0,174.75,202.65,0,0.0,0,0,18-APR-2022,
OPTSTK,IPCALAB,30-Jun-2022,1240.0,PE,0.0,0.0,0.0,190.3,219.9,0,0.0,0,0,18-APR-2022,
OPTSTK,IPCALAB,30-Jun-2022,1260.0,PE,0.0,0.0,0.0,206.3,237.5,0,0.0,0,0,18-APR-2022,
OPTSTK,IPCALAB,30-Jun-2022,1280.0,PE,0.0,0.0,0.0,222.75,255.45,0,0.0,0,0,18-APR-2022,
OPTSTK,IPCALAB,30-Jun-2022,1300.0,PE,0.0,0.0,0.0,239.6,273.7,0,0.0,0,0,18-APR-2022,
OPTSTK,IPCALAB,30-Jun-2022,1320.0,PE,0.0,0.0,0.0,256.8,292.2,0,0.0,0,0,18-APR-2022,
OPTSTK,IPCALAB,30-Jun-2022,1340.0,PE,0.0,0.0,0.0,274.35,310.9,0,0.0,0,0,18-APR-2022,
OPTSTK,IRCTC,28-Apr-2022,540.0,CE,0.0,0.0,0.0,286.6,227.8,0,0.0,0,0,18-APR-2022,
OPTSTK,IRCTC,28-Apr-2022,560.0,CE,0.0,0.0,0.0,269.15,207.8,0,0.0,0,0,18-APR-2022,
OPTSTK,IRCTC,28-Apr-2022,580.0,CE,0.0,0.0,0.0,252.15,187.85,0,0.0,0,0,18-APR-2022,
OPTSTK,IRCTC,28-Apr-2022,600.0,CE,0.0,0.0,0.0,235.7,167.95,0,0.0,0,0,18-APR-2022,
OPTSTK,IRCTC,28-Apr-2022,620.0,CE,0.0,0.0,0.0,219.85,148.15,0,0.0,0,0,18-APR-2022,
OPTSTK,IRCTC,28-Apr-2022,640.0,CE,0.0,0.0,0.0,204.6,128.65,0,0.0,0,0,18-APR-2022,
OPTSTK,IRCTC,28-Apr-2022,660.0,CE,0.0,0.0,0.0,140.0,109.6,0,0.0,875,0,18-APR-2022,
OPTSTK,IRCTC,28-Apr-2022,680.0,CE,0.0,0.0,0.0,176.1,91.35,0,0.0,0,0,18-APR-2022,
OPTSTK,IRCTC,28-Apr-2022,700.0,CE,67.0,67.0,53.0,59.0,74.25,20,132.82,37625,7875,18-APR-2022,
OPTSTK,IRCTC,28-Apr-2022,720.0,CE,0.0,0.0,0.0,62.45,58.7,0,0.0,6125,0,18-APR-2022,
OPTSTK,IRCTC,28-Apr-2022,740.0,CE,36.0,36.0,24.6,29.9,29.9,142,954.24,58625,28875,18-APR-2022,
OPTSTK,IRCTC,28-Apr-2022,760.0,CE,1.45,24.55,1.45,18.8,18.8,885,6026.82,186375,89250,18-APR-2022,
OPTSTK,IRCTC,28-Apr-2022,780.0,CE,20.15,20.15,9.65,11.65,11.65,1203,8334.7,401625,121625,18-APR-2022,
OPTSTK,IRCTC,28-Apr-2022,800.0,CE,12.0,13.05,6.3,7.45,7.45,2150,15200.72,1582000,152250,18-APR-2022,
OPTSTK,IRCTC,28-Apr-2022,820.0,CE,10.1,10.1,4.15,4.9,4.9,948,6844.9,882000,-46375,18-APR-2022,
OPTSTK,IRCTC,28-Apr-2022,840.0,CE,6.45,6.45,3.1,3.6,3.6,1082,7987.87,1245125,-25375,18-APR-2022,
OPTSTK,IRCTC,28-Apr-2022,860.0,CE,2.85,3.75,2.2,2.55,2.55,870,6566.96,715750,-18375,18-APR-2022,
OPTSTK,IRCTC,28-Apr-2022,880.0,CE,1.85,2.35,1.75,1.95,1.95,439,3388.03,393750,45500,18-APR-2022,
OPTSTK,IRCTC,28-Apr-2022,900.0,CE,2.05,2.1,1.45,1.7,1.7,882,6959.32,1283625,-120750,18-APR-2022,
OPTSTK,IRCTC,28-Apr-2022,920.0,CE,1.6,1.8,1.1,1.4,1.4,287,2313.97,237125,-17500,18-APR-2022,
OPTSTK,IRCTC,28-Apr-2022,940.0,CE,0.9,1.55,0.85,1.15,1.15,170,1400.07,181125,-28875,18-APR-2022,
OPTSTK,IRCTC,28-Apr-2022,960.0,CE,0.8,1.3,0.8,1.05,1.05,147,1236.17,129500,-25375,18-APR-2022,
OPTSTK,IRCTC,28-Apr-2022,980.0,CE,0.8,1.1,0.75,0.95,0.15,31,266.07,40250,-5250,18-APR-2022,
OPTSTK,IRCTC,28-Apr-2022,1000.0,CE,1.0,1.0,0.7,0.9,0.9,173,1515.02,381500,10500,18-APR-2022,
OPTSTK,IRCTC,28-Apr-2022,1020.0,CE,0.55,0.75,0.5,0.75,0.05,11,98.23,42000,0,18-APR-2022,
OPTSTK,IRCTC,28-Apr-2022,1040.0,CE,0.0,0.0,0.0,1.35,0.05,0,0.0,2625,0,18-APR-2022,
OPTSTK,IRCTC,28-Apr-2022,1060.0,CE,0.45,0.45,0.4,0.45,0.05,4,37.11,39375,-875,18-APR-2022,
OPTSTK,IRCTC,28-Apr-2022,1080.0,CE,0.0,0.0,0.0,27.5,0.0,0,0.0,0,0,18-APR-2022,
OPTSTK,IRCTC,28-Apr-2022,1100.0,CE,0.5,0.5,0.5,0.5,0.0,1,9.62,74375,875,18-APR-2022,
OPTSTK,IRCTC,28-Apr-2022,1120.0,CE,0.05,0.05,0.05,0.05,0.0,1,9.8,4375,0,18-APR-2022,
OPTSTK,IRCTC,28-Apr-2022,1140.0,CE,0.0,0.0,0.0,20.05,0.0,0,0.0,0,0,18-APR-2022,
OPTSTK,IRCTC,28-Apr-2022,1160.0,CE,0.3,0.45,0.3,0.3,0.0,8,81.22,25375,-3500,18-APR-2022,
OPTSTK,IRCTC,28-Apr-2022,540.0,PE,0.25,0.4,0.25,0.3,0.3,15,70.91,43750,0,18-APR-2022,
OPTSTK,IRCTC,28-Apr-2022,560.0,PE,0.0,0.0,0.0,0.45,0.05,0,0.0,22750,0,18-APR-2022,
OPTSTK,IRCTC,28-Apr-2022,580.0,PE,0.6,0.85,0.6,0.7,0.05,15,76.21,35000,0,18-APR-2022,
OPTSTK,IRCTC,28-Apr-2022,600.0,PE,1.9,1.9,0.45,1.0,1.0,80,420.67,132125,-13125,18-APR-2022,
OPTSTK,IRCTC,28-Apr-2022,620.0,PE,0.65,1.25,0.65,1.1,1.1,67,364.09,56875,0,18-APR-2022,
OPTSTK,IRCTC,28-Apr-2022,640.0,PE,4.1,4.1,0.55,1.25,1.25,167,937.2,88375,875,18-APR-2022,
OPTSTK,IRCTC,28-Apr-2022,660.0,PE,1.35,2.5,1.25,1.5,1.5,169,978.8,212625,4375,18-APR-2022,
OPTSTK,IRCTC,28-Apr-2022,680.0,PE,2.7,4.3,2.1,2.25,2.25,371,2216.86,362250,7875,18-APR-2022,
OPTSTK,IRCTC,28-Apr-2022,700.0,PE,4.9,7.65,3.95,4.2,4.2,979,6042.77,605500,-8750,18-APR-2022,
OPTSTK,IRCTC,28-Apr-2022,720.0,PE,8.25,12.4,7.0,7.5,7.5,611,3898.13,406000,28000,18-APR-2022,
OPTSTK,IRCTC,28-Apr-2022,740.0,PE,11.4,20.15,11.4,13.1,13.1,1009,6676.46,460250,63000,18-APR-2022,
OPTSTK,IRCTC,28-Apr-2022,760.0,PE,24.15,31.0,20.05,21.7,21.7,715,4916.54,487375,-9625,18-APR-2022,
OPTSTK,IRCTC,28-Apr-2022,780.0,PE,36.35,45.3,33.05,34.25,34.25,161,1152.52,320250,-32375,18-APR-2022,
OPTSTK,IRCTC,28-Apr-2022,800.0,PE,50.0,61.25,47.8,49.35,49.35,140,1045.28,376250,-45500,18-APR-2022,
OPTSTK,IRCTC,28-Apr-2022,820.0,PE,72.25,72.65,65.65,65.65,65.65,9,70.1,132125,-1750,18-APR-2022,
OPTSTK,IRCTC,28-Apr-2022,840.0,PE,83.0,98.1,83.0,94.3,79.25,15,122.43,140000,-12250,18-APR-2022,
OPTSTK,IRCTC,28-Apr-2022,860.0,PE,100.65,116.0,100.65,111.0,96.5,14,118.52,65625,-7875,18-APR-2022,
OPTSTK,IRCTC,28-Apr-2022,880.0,PE,0.0,0.0,0.0,81.7,114.7,0,0.0,16625,0,18-APR-2022,
OPTSTK,IRCTC,28-Apr-2022,900.0,PE,150.0,150.0,145.9,145.9,145.9,3,27.52,120750,0,18-APR-2022,
OPTSTK,IRCTC,28-Apr-2022,920.0,PE,0.0,0.0,0.0,158.1,152.8,0,0.0,0,0,18-APR-2022,
OPTSTK,IRCTC,28-Apr-2022,940.0,PE,0.0,0.0,0.0,185.0,172.35,0,0.0,1750,0,18-APR-2022,
OPTSTK,IRCTC,28-Apr-2022,960.0,PE,0.0,0.0,0.0,183.0,192.05,0,0.0,1750,0,18-APR-2022,
OPTSTK,IRCTC,28-Apr-2022,980.0,PE,0.0,0.0,0.0,201.8,211.9,0,0.0,0,0,18-APR-2022,
OPTSTK,IRCTC,28-Apr-2022,1000.0,PE,0.0,0.0,0.0,223.95,231.8,0,0.0,17500,0,18-APR-2022,
OPTSTK,IRCTC,28-Apr-2022,1020.0,PE,0.0,0.0,0.0,236.0,251.75,0,0.0,11375,0,18-APR-2022,
OPTSTK,IRCTC,28-Apr-2022,1040.0,PE,0.0,0.0,0.0,249.2,271.7,0,0.0,0,0,18-APR-2022,
OPTSTK,IRCTC,28-Apr-2022,1060.0,PE,0.0,0.0,0.0,265.65,291.7,0,0.0,0,0,18-APR-2022,
OPTSTK,IRCTC,28-Apr-2022,1080.0,PE,0.0,0.0,0.0,290.45,311.65,0,0.0,1750,0,18-APR-2022,
OPTSTK,IRCTC,28-Apr-2022,1100.0,PE,0.0,0.0,0.0,330.0,331.65,0,0.0,3500,0,18-APR-2022,
OPTSTK,IRCTC,28-Apr-2022,1120.0,PE,0.0,0.0,0.0,316.8,351.6,0,0.0,0,0,18-APR-2022,
OPTSTK,IRCTC,28-Apr-2022,1140.0,PE,0.0,0.0,0.0,334.35,371.6,0,0.0,0,0,18-APR-2022,
OPTSTK,IRCTC,28-Apr-2022,1160.0,PE,0.0,0.0,0.0,352.15,391.55,0,0.0,0,0,18-APR-2022,
OPTSTK,IRCTC,26-May-2022,540.0,CE,0.0,0.0,0.0,216.0,230.9,0,0.0,0,0,18-APR-2022,
OPTSTK,IRCTC,26-May-2022,560.0,CE,0.0,0.0,0.0,199.9,211.85,0,0.0,0,0,18-APR-2022,
OPTSTK,IRCTC,26-May-2022,580.0,CE,0.0,0.0,0.0,184.4,193.25,0,0.0,0,0,18-APR-2022,
OPTSTK,IRCTC,26-May-2022,600.0,CE,0.0,0.0,0.0,169.7,175.15,0,0.0,0,0,18-APR-2022,
OPTSTK,IRCTC,26-May-2022,620.0,CE,0.0,0.0,0.0,155.7,157.75,0,0.0,0,0,18-APR-2022,
OPTSTK,IRCTC,26-May-2022,640.0,CE,0.0,0.0,0.0,142.45,141.1,0,0.0,0,0,18-APR-2022,
OPTSTK,IRCTC,26-May-2022,660.0,CE,0.0,0.0,0.0,130.0,125.3,0,0.0,0,0,18-APR-2022,
OPTSTK,IRCTC,26-May-2022,680.0,CE,0.0,0.0,0.0,118.35,110.55,0,0.0,0,0,18-APR-2022,
OPTSTK,IRCTC,26-May-2022,700.0,CE,68.0,68.0,68.0,68.0,96.75,1,6.72,1750,875,18-APR-2022,
OPTSTK,IRCTC,26-May-2022,720.0,CE,0.0,0.0,0.0,97.4,84.15,0,0.0,0,0,18-APR-2022,
OPTSTK,IRCTC,26-May-2022,740.0,CE,0.0,0.0,0.0,41.3,72.65,0,0.0,3500,0,18-APR-2022,
OPTSTK,IRCTC,26-May-2022,760.0,CE,0.0,0.0,0.0,79.5,62.25,0,0.0,0,0,18-APR-2022,
OPTSTK,IRCTC,26-May-2022,780.0,CE,40.0,40.0,27.5,33.75,33.75,29,205.79,19250,17500,18-APR-2022,
OPTSTK,IRCTC,26-May-2022,800.0,CE,29.45,29.45,21.5,24.6,24.6,95,685.09,116375,30625,18-APR-2022,
OPTSTK,IRCTC,26-May-2022,820.0,CE,17.0,17.0,17.0,17.0,37.7,2,14.64,3500,875,18-APR-2022,
OPTSTK,IRCTC,26-May-2022,840.0,CE,16.2,16.2,13.65,14.75,14.75,29,216.9,43750,3500,18-APR-2022,
OPTSTK,IRCTC,26-May-2022,860.0,CE,0.0,0.0,0.0,46.25,26.15,0,0.0,0,0,18-APR-2022,
OPTSTK,IRCTC,26-May-2022,880.0,CE,0.0,0.0,0.0,41.35,21.6,0,0.0,0,0,18-APR-2022,
OPTSTK,IRCTC,26-May-2022,900.0,CE,8.0,8.0,6.5,7.7,7.7,111,881.26,125125,46375,18-APR-2022,
OPTSTK,IRCTC,26-May-2022,920.0,CE,10.0,10.0,10.0,10.0,14.5,1,8.13,875,-875,18-APR-2022,
OPTSTK,IRCTC,26-May-2022,940.0,CE,5.0,5.0,5.0,5.0,11.75,1,8.26,1750,875,18-APR-2022,
OPTSTK,IRCTC,26-May-2022,960.0,CE,0.0,0.0,0.0,25.95,9.5,0,0.0,0,0,18-APR-2022,
OPTSTK,IRCTC,26-May-2022,980.0,CE,0.0,0.0,0.0,23.05,7.65,0,0.0,0,0,18-APR-2022,
OPTSTK,IRCTC,26-May-2022,1000.0,CE,3.65,3.65,2.65,2.65,2.65,5,43.88,42000,4375,18-APR-2022,
OPTSTK,IRCTC,26-May-2022,1020.0,CE,0.0,0.0,0.0,18.1,4.9,0,0.0,0,0,18-APR-2022,
OPTSTK,IRCTC,26-May-2022,1040.0,CE,0.0,0.0,0.0,16.0,3.9,0,0.0,0,0,18-APR-2022,
OPTSTK,IRCTC,26-May-2022,1060.0,CE,0.0,0.0,0.0,14.15,3.1,0,0.0,0,0,18-APR-2022,
OPTSTK,IRCTC,26-May-2022,1080.0,CE,0.0,0.0,0.0,12.5,2.45,0,0.0,0,0,18-APR-2022,
OPTSTK,IRCTC,26-May-2022,1100.0,CE,0.0,0.0,0.0,5.5,1.9,0,0.0,875,0,18-APR-2022,
OPTSTK,IRCTC,26-May-2022,540.0,PE,0.0,0.0,0.0,12.3,1.35,0,0.0,0,0,18-APR-2022,
OPTSTK,IRCTC,26-May-2022,560.0,PE,0.0,0.0,0.0,15.95,2.25,0,0.0,0,0,18-APR-2022,
OPTSTK,IRCTC,26-May-2022,580.0,PE,0.0,0.0,0.0,20.3,3.55,0,0.0,0,0,18-APR-2022,
OPTSTK,IRCTC,26-May-2022,600.0,PE,0.0,0.0,0.0,6.0,5.35,0,0.0,875,0,18-APR-2022,
OPTSTK,IRCTC,26-May-2022,620.0,PE,0.0,0.0,0.0,31.15,7.85,0,0.0,0,0,18-APR-2022,
OPTSTK,IRCTC,26-May-2022,640.0,PE,6.4,8.6,6.4,7.7,11.1,34,192.58,37625,18375,18-APR-2022,
OPTSTK,IRCTC,26-May-2022,660.0,PE,0.0,0.0,0.0,9.0,15.25,0,0.0,17500,0,18-APR-2022,
OPTSTK,IRCTC,26-May-2022,680.0,PE,0.0,0.0,0.0,21.6,20.4,0,0.0,2625,0,18-APR-2022,
OPTSTK,IRCTC,26-May-2022,700.0,PE,19.2,24.45,18.0,19.35,19.35,132,832.59,179375,23625,18-APR-2022,
OPTSTK,IRCTC,26-May-2022,720.0,PE,0.0,0.0,0.0,20.05,33.8,0,0.0,875,0,18-APR-2022,
OPTSTK,IRCTC,26-May-2022,740.0,PE,33.0,39.0,33.0,37.75,42.2,14,95.2,30625,9625,18-APR-2022,
OPTSTK,IRCTC,26-May-2022,760.0,PE,49.3,53.5,47.5,47.5,51.75,13,92.07,51625,6125,18-APR-2022,
OPTSTK,IRCTC,26-May-2022,780.0,PE,48.3,48.3,48.3,48.3,62.45,1,7.24,9625,875,18-APR-2022,
OPTSTK,IRCTC,26-May-2022,800.0,PE,63.15,78.0,63.15,69.05,69.05,26,198.69,80500,6125,18-APR-2022,
OPTSTK,IRCTC,26-May-2022,820.0,PE,0.0,0.0,0.0,131.1,86.95,0,0.0,0,0,18-APR-2022,
OPTSTK,IRCTC,26-May-2022,840.0,PE,99.0,99.0,99.0,99.0,100.65,1,8.21,875,875,18-APR-2022,
OPTSTK,IRCTC,26-May-2022,860.0,PE,0.0,0.0,0.0,159.2,115.25,0,0.0,0,0,18-APR-2022,
OPTSTK,IRCTC,26-May-2022,880.0,PE,0.0,0.0,0.0,174.1,130.6,0,0.0,0,0,18-APR-2022,
OPTSTK,IRCTC,26-May-2022,900.0,PE,0.0,0.0,0.0,115.0,146.6,0,0.0,875,0,18-APR-2022,
OPTSTK,IRCTC,26-May-2022,920.0,PE,0.0,0.0,0.0,205.2,163.25,0,0.0,0,0,18-APR-2022,
OPTSTK,IRCTC,26-May-2022,940.0,PE,0.0,0.0,0.0,221.35,180.45,0,0.0,0,0,18-APR-2022,
OPTSTK,IRCTC,26-May-2022,960.0,PE,0.0,0.0,0.0,237.85,198.15,0,0.0,0,0,18-APR-2022,
OPTSTK,IRCTC,26-May-2022,980.0,PE,0.0,0.0,0.0,254.75,216.2,0,0.0,0,0,18-APR-2022,
OPTSTK,IRCTC,26-May-2022,1000.0,PE,0.0,0.0,0.0,271.9,234.55,0,0.0,0,0,18-APR-2022,
OPTSTK,IRCTC,26-May-2022,1020.0,PE,0.0,0.0,0.0,289.35,253.25,0,0.0,0,0,18-APR-2022,
OPTSTK,IRCTC,26-May-2022,1040.0,PE,0.0,0.0,0.0,307.1,272.15,0,0.0,0,0,18-APR-2022,
OPTSTK,IRCTC,26-May-2022,1060.0,PE,0.0,0.0,0.0,325.0,291.25,0,0.0,0,0,18-APR-2022,
OPTSTK,IRCTC,26-May-2022,1080.0,PE,0.0,0.0,0.0,343.15,310.5,0,0.0,0,0,18-APR-2022,
OPTSTK,IRCTC,26-May-2022,1100.0,PE,0.0,0.0,0.0,361.5,329.9,0,0.0,0,0,18-APR-2022,
OPTSTK,IRCTC,30-Jun-2022,540.0,CE,0.0,0.0,0.0,249.6,238.05,0,0.0,0,0,18-APR-2022,
OPTSTK,IRCTC,30-Jun-2022,560.0,CE,0.0,0.0,0.0,232.7,220.55,0,0.0,0,0,18-APR-2022,
OPTSTK,IRCTC,30-Jun-2022,580.0,CE,0.0,0.0,0.0,216.4,203.65,0,0.0,0,0,18-APR-2022,
OPTSTK,IRCTC,30-Jun-2022,600.0,CE,0.0,0.0,0.0,200.7,187.4,0,0.0,0,0,18-APR-2022,
OPTSTK,IRCTC,30-Jun-2022,620.0,CE,0.0,0.0,0.0,185.7,171.85,0,0.0,0,0,18-APR-2022,
OPTSTK,IRCTC,30-Jun-2022,640.0,CE,0.0,0.0,0.0,171.35,157.1,0,0.0,0,0,18-APR-2022,
OPTSTK,IRCTC,30-Jun-2022,660.0,CE,0.0,0.0,0.0,157.75,143.05,0,0.0,0,0,18-APR-2022,
OPTSTK,IRCTC,30-Jun-2022,680.0,CE,0.0,0.0,0.0,144.85,129.85,0,0.0,0,0,18-APR-2022,
OPTSTK,IRCTC,30-Jun-2022,700.0,CE,0.0,0.0,0.0,132.75,117.5,0,0.0,0,0,18-APR-2022,
OPTSTK,IRCTC,30-Jun-2022,720.0,CE,0.0,0.0,0.0,121.4,106.0,0,0.0,0,0,18-APR-2022,
OPTSTK,IRCTC,30-Jun-2022,740.0,CE,0.0,0.0,0.0,110.75,95.35,0,0.0,0,0,18-APR-2022,
OPTSTK,IRCTC,30-Jun-2022,760.0,CE,0.0,0.0,0.0,100.9,85.5,0,0.0,0,0,18-APR-2022,
OPTSTK,IRCTC,30-Jun-2022,780.0,CE,0.0,0.0,0.0,91.7,76.5,0,0.0,0,0,18-APR-2022,
OPTSTK,IRCTC,30-Jun-2022,800.0,CE,0.0,0.0,0.0,83.2,68.2,0,0.0,0,0,18-APR-2022,
OPTSTK,IRCTC,30-Jun-2022,820.0,CE,0.0,0.0,0.0,75.35,60.7,0,0.0,0,0,18-APR-2022,
OPTSTK,IRCTC,30-Jun-2022,840.0,CE,0.0,0.0,0.0,68.1,53.85,0,0.0,0,0,18-APR-2022,
OPTSTK,IRCTC,30-Jun-2022,860.0,CE,0.0,0.0,0.0,40.0,47.7,0,0.0,875,0,18-APR-2022,
OPTSTK,IRCTC,30-Jun-2022,880.0,CE,0.0,0.0,0.0,55.45,42.1,0,0.0,0,0,18-APR-2022,
OPTSTK,IRCTC,30-Jun-2022,900.0,CE,0.0,0.0,0.0,49.9,37.15,0,0.0,0,0,18-APR-2022,
OPTSTK,IRCTC,30-Jun-2022,920.0,CE,0.0,0.0,0.0,44.9,32.7,0,0.0,0,0,18-APR-2022,
OPTSTK,IRCTC,30-Jun-2022,940.0,CE,0.0,0.0,0.0,40.3,28.75,0,0.0,0,0,18-APR-2022,
OPTSTK,IRCTC,30-Jun-2022,960.0,CE,0.0,0.0,0.0,36.15,25.2,0,0.0,0,0,18-APR-2022,
OPTSTK,IRCTC,30-Jun-2022,980.0,CE,0.0,0.0,0.0,32.4,22.05,0,0.0,0,0,18-APR-2022,
OPTSTK,IRCTC,30-Jun-2022,1000.0,CE,0.0,0.0,0.0,29.0,19.25,0,0.0,0,0,18-APR-2022,
OPTSTK,IRCTC,30-Jun-2022,1020.0,CE,0.0,0.0,0.0,25.9,16.8,0,0.0,0,0,18-APR-2022,
OPTSTK,IRCTC,30-Jun-2022,1040.0,CE,0.0,0.0,0.0,23.15,14.65,0,0.0,0,0,18-APR-2022,
OPTSTK,IRCTC,30-Jun-2022,1060.0,CE,0.0,0.0,0.0,20.65,12.75,0,0.0,0,0,18-APR-2022,
OPTSTK,IRCTC,30-Jun-2022,1080.0,CE,0.0,0.0,0.0,18.4,11.05,0,0.0,0,0,18-APR-2022,
OPTSTK,IRCTC,30-Jun-2022,1100.0,CE,0.0,0.0,0.0,16.4,9.6,0,0.0,0,0,18-APR-2022,
OPTSTK,IRCTC,30-Jun-2022,540.0,PE,0.0,0.0,0.0,9.25,6.3,0,0.0,0,0,18-APR-2022,
OPTSTK,IRCTC,30-Jun-2022,560.0,PE,0.0,0.0,0.0,12.1,8.65,0,0.0,0,0,18-APR-2022,
OPTSTK,IRCTC,30-Jun-2022,580.0,PE,0.0,0.0,0.0,15.6,11.6,0,0.0,0,0,18-APR-2022,
OPTSTK,IRCTC,30-Jun-2022,600.0,PE,0.0,0.0,0.0,11.0,15.15,0,0.0,875,0,18-APR-2022,
OPTSTK,IRCTC,30-Jun-2022,620.0,PE,0.0,0.0,0.0,24.45,19.45,0,0.0,0,0,18-APR-2022,
OPTSTK,IRCTC,30-Jun-2022,640.0,PE,0.0,0.0,0.0,29.95,24.5,0,0.0,0,0,18-APR-2022,
OPTSTK,IRCTC,30-Jun-2022,660.0,PE,0.0,0.0,0.0,36.1,30.35,0,0.0,0,0,18-APR-2022,
OPTSTK,IRCTC,30-Jun-2022,680.0,PE,0.0,0.0,0.0,18.0,36.95,0,0.0,875,0,18-APR-2022,
OPTSTK,IRCTC,30-Jun-2022,700.0,PE,33.0,33.0,33.0,33.0,44.45,1,6.41,875,875,18-APR-2022,
OPTSTK,IRCTC,30-Jun-2022,720.0,PE,0.0,0.0,0.0,59.1,52.8,0,0.0,0,0,18-APR-2022,
OPTSTK,IRCTC,30-Jun-2022,740.0,PE,0.0,0.0,0.0,68.3,61.95,0,0.0,0,0,18-APR-2022,
OPTSTK,IRCTC,30-Jun-2022,760.0,PE,0.0,0.0,0.0,78.2,71.95,0,0.0,0,0,18-APR-2022,
OPTSTK,IRCTC,30-Jun-2022,780.0,PE,0.0,0.0,0.0,88.8,82.75,0,0.0,0,0,18-APR-2022,
OPTSTK,IRCTC,30-Jun-2022,800.0,PE,0.0,0.0,0.0,100.1,94.3,0,0.0,0,0,18-APR-2022,
OPTSTK,IRCTC,30-Jun-2022,820.0,PE,0.0,0.0,0.0,112.0,106.6,0,0.0,0,0,18-APR-2022,
OPTSTK,IRCTC,30-Jun-2022,840.0,PE,0.0,0.0,0.0,124.6,119.6,0,0.0,0,0,18-APR-2022,
OPTSTK,IRCTC,30-Jun-2022,860.0,PE,0.0,0.0,0.0,137.75,133.25,0,0.0,0,0,18-APR-2022,
OPTSTK,IRCTC,30-Jun-2022,880.0,PE,0.0,0.0,0.0,151.5,147.5,0,0.0,0,0,18-APR-2022,
OPTSTK,IRCTC,30-Jun-2022,900.0,PE,0.0,0.0,0.0,165.75,162.4,0,0.0,0,0,18-APR-2022,
OPTSTK,IRCTC,30-Jun-2022,920.0,PE,0.0,0.0,0.0,180.5,177.8,0,0.0,0,0,18-APR-2022,
OPTSTK,IRCTC,30-Jun-2022,940.0,PE,0.0,0.0,0.0,195.75,193.65,0,0.0,0,0,18-APR-2022,
OPTSTK,IRCTC,30-Jun-2022,960.0,PE,0.0,0.0,0.0,211.35,209.9,0,0.0,0,0,18-APR-2022,
OPTSTK,IRCTC,30-Jun-2022,980.0,PE,0.0,0.0,0.0,227.4,226.6,0,0.0,0,0,18-APR-2022,
OPTSTK,IRCTC,30-Jun-2022,1000.0,PE,0.0,0.0,0.0,243.75,243.65,0,0.0,0,0,18-APR-2022,
OPTSTK,IRCTC,30-Jun-2022,1020.0,PE,0.0,0.0,0.0,260.5,261.0,0,0.0,0,0,18-APR-2022,
OPTSTK,IRCTC,30-Jun-2022,1040.0,PE,0.0,0.0,0.0,277.5,278.7,0,0.0,0,0,18-APR-2022,
OPTSTK,IRCTC,30-Jun-2022,1060.0,PE,0.0,0.0,0.0,294.8,296.6,0,0.0,0,0,18-APR-2022,
OPTSTK,IRCTC,30-Jun-2022,1080.0,PE,0.0,0.0,0.0,312.35,314.75,0,0.0,0,0,18-APR-2022,
OPTSTK,IRCTC,30-Jun-2022,1100.0,PE,0.0,0.0,0.0,330.15,333.15,0,0.0,0,0,18-APR-2022,
OPTSTK,ITC,28-Apr-2022,162.5,CE,0.0,0.0,0.0,54.3,107.85,0,0.0,0,0,18-APR-2022,
OPTSTK,ITC,28-Apr-2022,165.0,CE,0.0,0.0,0.0,51.95,105.35,0,0.0,0,0,18-APR-2022,
OPTSTK,ITC,28-Apr-2022,167.5,CE,0.0,0.0,0.0,49.6,102.85,0,0.0,0,0,18-APR-2022,
OPTSTK,ITC,28-Apr-2022,170.0,CE,0.0,0.0,0.0,47.3,100.35,0,0.0,0,0,18-APR-2022,
OPTSTK,ITC,28-Apr-2022,172.5,CE,0.0,0.0,0.0,45.05,97.85,0,0.0,0,0,18-APR-2022,
OPTSTK,ITC,28-Apr-2022,175.0,CE,0.0,0.0,0.0,42.85,95.35,0,0.0,0,0,18-APR-2022,
OPTSTK,ITC,28-Apr-2022,177.5,CE,0.0,0.0,0.0,40.65,92.85,0,0.0,0,0,18-APR-2022,
OPTSTK,ITC,28-Apr-2022,180.0,CE,0.0,0.0,0.0,73.0,90.35,0,0.0,0,0,18-APR-2022,
OPTSTK,ITC,28-Apr-2022,182.5,CE,0.0,0.0,0.0,36.4,87.9,0,0.0,0,0,18-APR-2022,
OPTSTK,ITC,28-Apr-2022,185.0,CE,0.0,0.0,0.0,34.4,85.4,0,0.0,0,0,18-APR-2022,
OPTSTK,ITC,28-Apr-2022,187.5,CE,0.0,0.0,0.0,32.4,82.9,0,0.0,0,0,18-APR-2022,
OPTSTK,ITC,28-Apr-2022,190.0,CE,0.0,0.0,0.0,30.45,80.4,0,0.0,0,0,18-APR-2022,
OPTSTK,ITC,28-Apr-2022,192.5,CE,0.0,0.0,0.0,28.6,77.9,0,0.0,0,0,18-APR-2022,
OPTSTK,ITC,28-Apr-2022,195.0,CE,0.0,0.0,0.0,26.8,75.4,0,0.0,0,0,18-APR-2022,
OPTSTK,ITC,28-Apr-2022,197.5,CE,0.0,0.0,0.0,25.05,72.9,0,0.0,0,0,18-APR-2022,
OPTSTK,ITC,28-Apr-2022,200.0,CE,0.0,0.0,0.0,66.2,70.4,0,0.0,60800,0,18-APR-2022,
OPTSTK,ITC,28-Apr-2022,202.5,CE,0.0,0.0,0.0,21.8,67.9,0,0.0,0,0,18-APR-2022,
OPTSTK,ITC,28-Apr-2022,205.0,CE,0.0,0.0,0.0,20.25,65.4,0,0.0,0,0,18-APR-2022,
OPTSTK,ITC,28-Apr-2022,207.5,CE,0.0,0.0,0.0,18.8,62.9,0,0.0,0,0,18-APR-2022,
OPTSTK,ITC,28-Apr-2022,210.0,CE,61.0,61.0,59.2,59.2,59.2,2,17.28,300800,0,18-APR-2022,
OPTSTK,ITC,28-Apr-2022,212.5,CE,0.0,0.0,0.0,16.1,57.9,0,0.0,0,0,18-APR-2022,
OPTSTK,ITC,28-Apr-2022,215.0,CE,0.0,0.0,0.0,45.2,55.4,0,0.0,32000,0,18-APR-2022,
OPTSTK,ITC,28-Apr-2022,217.5,CE,0.0,0.0,0.0,34.0,52.9,0,0.0,3200,0,18-APR-2022,
OPTSTK,ITC,28-Apr-2022,220.0,CE,50.0,51.0,50.0,50.8,50.8,9,77.93,294400,-6400,18-APR-2022,
OPTSTK,ITC,28-Apr-2022,222.5,CE,0.0,0.0,0.0,23.35,47.9,0,0.0,9600,0,18-APR-2022,
OPTSTK,ITC,28-Apr-2022,225.0,CE,42.3,42.3,42.3,42.3,45.4,1,8.55,169600,0,18-APR-2022,
OPTSTK,ITC,28-Apr-2022,227.5,CE,0.0,0.0,0.0,9.65,42.95,0,0.0,0,0,18-APR-2022,
OPTSTK,ITC,28-Apr-2022,230.0,CE,40.7,42.35,38.5,40.5,40.5,9,77.82,876800,-16000,18-APR-2022,
OPTSTK,ITC,28-Apr-2022,232.5,CE,0.0,0.0,0.0,8.05,37.95,0,0.0,0,0,18-APR-2022,
OPTSTK,ITC,28-Apr-2022,235.0,CE,36.8,36.8,36.8,36.8,35.45,1,8.69,704000,-3200,18-APR-2022,
OPTSTK,ITC,28-Apr-2022,237.5,CE,0.0,0.0,0.0,27.55,32.95,0,0.0,38400,0,18-APR-2022,
OPTSTK,ITC,28-Apr-2022,240.0,CE,30.5,32.5,28.8,30.2,30.2,48,415.41,1513600,-44800,18-APR-2022,
OPTSTK,ITC,28-Apr-2022,242.5,CE,0.0,0.0,0.0,5.45,28.05,0,0.0,0,0,18-APR-2022,
OPTSTK,ITC,28-Apr-2022,245.0,CE,25.5,27.0,23.95,25.9,25.9,19,164.55,588800,-44800,18-APR-2022,
OPTSTK,ITC,28-Apr-2022,247.5,CE,21.6,24.7,21.6,24.7,23.2,3,26.0,35200,6400,18-APR-2022,
OPTSTK,ITC,28-Apr-2022,250.0,CE,19.8,23.0,18.9,21.2,21.2,193,1672.15,6540800,-201600,18-APR-2022,
OPTSTK,ITC,28-Apr-2022,252.5,CE,17.3,19.9,16.8,19.9,18.6,8,69.31,476800,3200,18-APR-2022,
OPTSTK,ITC,28-Apr-2022,255.0,CE,15.7,18.45,14.3,16.45,16.45,188,1628.96,4102400,-83200,18-APR-2022,
OPTSTK,ITC,28-Apr-2022,257.5,CE,14.15,15.9,12.5,13.35,13.35,39,338.67,345600,-6400,18-APR-2022,
OPTSTK,ITC,28-Apr-2022,260.0,CE,11.4,14.3,10.6,12.1,12.1,1892,16475.89,7884800,-588800,18-APR-2022,
OPTSTK,ITC,28-Apr-2022,262.5,CE,10.45,12.35,9.1,10.55,10.55,86,751.17,492800,-41600,18-APR-2022,
OPTSTK,ITC,28-Apr-2022,265.0,CE,7.55,10.6,7.05,8.55,8.55,5646,49481.28,9094400,-419200,18-APR-2022,
OPTSTK,ITC,28-Apr-2022,267.5,CE,6.0,9.15,5.65,7.25,7.25,1022,8992.42,1091200,-163200,18-APR-2022,
OPTSTK,ITC,28-Apr-2022,270.0,CE,5.45,7.95,5.3,6.2,6.2,15479,137006.34,21811200,-496000,18-APR-2022,
OPTSTK,ITC,28-Apr-2022,272.5,CE,5.1,6.8,4.5,5.2,5.2,2319,20635.56,2579200,192000,18-APR-2022,
OPTSTK,ITC,28-Apr-2022,275.0,CE,4.35,5.8,3.75,4.4,4.4,7520,67324.68,8332800,518400,18-APR-2022,
OPTSTK,ITC,28-Apr-2022,277.5,CE,3.7,4.9,3.3,3.7,3.7,1270,11438.16,1507200,-112000,18-APR-2022,
OPTSTK,ITC,28-Apr-2022,280.0,CE,3.1,4.3,2.75,3.2,3.2,11163,101265.53,16534400,1430400,18-APR-2022,
OPTSTK,ITC,28-Apr-2022,282.5,CE,1.75,3.6,1.75,2.7,2.7,714,6522.19,768000,150400,18-APR-2022,
OPTSTK,ITC,28-Apr-2022,285.0,CE,2.15,3.1,2.0,2.35,2.35,2317,21314.91,5212800,566400,18-APR-2022,
OPTSTK,ITC,28-Apr-2022,287.5,CE,2.15,2.7,1.8,2.05,2.05,298,2763.03,595200,54400,18-APR-2022,
OPTSTK,ITC,28-Apr-2022,290.0,CE,2.05,2.45,1.45,1.8,1.8,4487,41924.57,9632000,630400,18-APR-2022,
OPTSTK,ITC,28-Apr-2022,292.5,CE,2.5,2.5,1.15,1.6,1.6,204,1920.81,371200,22400,18-APR-2022,
OPTSTK,ITC,28-Apr-2022,295.0,CE,1.45,1.9,1.25,1.4,1.4,1217,11547.05,2876800,-3200,18-APR-2022,
OPTSTK,ITC,28-Apr-2022,297.5,CE,1.4,1.65,1.15,1.25,1.25,153,1463.25,576000,22400,18-APR-2022,
OPTSTK,ITC,28-Apr-2022,300.0,CE,1.4,1.55,0.85,1.15,1.15,6037,58195.89,21107200,297600,18-APR-2022,
OPTSTK,ITC,28-Apr-2022,302.5,CE,0.95,1.3,0.9,1.0,1.0,210,2040.04,643200,121600,18-APR-2022,
OPTSTK,ITC,28-Apr-2022,305.0,CE,0.9,1.15,0.55,0.85,0.85,813,7958.7,1718400,166400,18-APR-2022,
OPTSTK,ITC,28-Apr-2022,307.5,CE,0.95,1.0,0.7,0.75,0.75,197,1943.65,918400,0,18-APR-2022,
OPTSTK,ITC,28-Apr-2022,310.0,CE,0.8,0.9,0.6,0.65,0.65,1179,11723.39,2214400,163200,18-APR-2022,
OPTSTK,ITC,28-Apr-2022,312.5,CE,0.7,0.8,0.55,0.6,0.6,130,1302.6,288000,12800,18-APR-2022,
OPTSTK,ITC,28-Apr-2022,315.0,CE,0.45,0.65,0.4,0.55,0.55,708,7149.16,1836800,19200,18-APR-2022,
OPTSTK,ITC,28-Apr-2022,317.5,CE,0.4,0.6,0.4,0.45,0.45,148,1506.02,230400,230400,18-APR-2022,
OPTSTK,ITC,28-Apr-2022,162.5,PE,0.0,0.0,0.0,0.05,0.0,0,0.0,57600,0,18-APR-2022,
OPTSTK,ITC,28-Apr-2022,165.0,PE,0.0,0.0,0.0,0.2,0.0,0,0.0,6400,0,18-APR-2022,
OPTSTK,ITC,28-Apr-2022,167.5,PE,0.0,0.0,0.0,0.75,0.0,0,0.0,0,0,18-APR-2022,
OPTSTK,ITC,28-Apr-2022,170.0,PE,0.0,0.0,0.0,0.95,0.0,0,0.0,0,0,18-APR-2022,
OPTSTK,ITC,28-Apr-2022,172.5,PE,0.0,0.0,0.0,1.15,0.0,0,0.0,0,0,18-APR-2022,
OPTSTK,ITC,28-Apr-2022,175.0,PE,0.0,0.0,0.0,0.1,0.0,0,0.0,19200,0,18-APR-2022,
OPTSTK,ITC,28-Apr-2022,177.5,PE,0.0,0.0,0.0,1.7,0.0,0,0.0,0,0,18-APR-2022,
OPTSTK,ITC,28-Apr-2022,180.0,PE,0.05,0.1,0.05,0.1,0.1,3,17.28,192000,-3200,18-APR-2022,
OPTSTK,ITC,28-Apr-2022,182.5,PE,0.0,0.0,0.0,2.4,0.0,0,0.0,0,0,18-APR-2022,
OPTSTK,ITC,28-Apr-2022,185.0,PE,0.0,0.0,0.0,2.85,0.0,0,0.0,0,0,18-APR-2022,
OPTSTK,ITC,28-Apr-2022,187.5,PE,0.0,0.0,0.0,3.35,0.0,0,0.0,0,0,18-APR-2022,
OPTSTK,ITC,28-Apr-2022,190.0,PE,0.05,0.05,0.05,0.05,0.0,2,12.16,124800,-6400,18-APR-2022,
OPTSTK,ITC,28-Apr-2022,192.5,PE,0.0,0.0,0.0,4.5,0.0,0,0.0,0,0,18-APR-2022,
OPTSTK,ITC,28-Apr-2022,195.0,PE,0.0,0.0,0.0,0.1,0.0,0,0.0,83200,0,18-APR-2022,
OPTSTK,ITC,28-Apr-2022,197.5,PE,0.0,0.0,0.0,5.9,0.0,0,0.0,0,0,18-APR-2022,
OPTSTK,ITC,28-Apr-2022,200.0,PE,0.1,0.1,0.05,0.1,0.1,53,339.33,1600000,73600,18-APR-2022,
OPTSTK,ITC,28-Apr-2022,202.5,PE,0.0,0.0,0.0,7.55,0.0,0,0.0,0,0,18-APR-2022,
OPTSTK,ITC,28-Apr-2022,205.0,PE,0.05,0.1,0.05,0.1,0.0,2,13.12,169600,-3200,18-APR-2022,
OPTSTK,ITC,28-Apr-2022,207.5,PE,0.0,0.0,0.0,1.0,0.0,0,0.0,0,0,18-APR-2022,
OPTSTK,ITC,28-Apr-2022,210.0,PE,0.15,0.15,0.1,0.15,0.15,120,806.92,1724800,-182400,18-APR-2022,
OPTSTK,ITC,28-Apr-2022,212.5,PE,0.0,0.0,0.0,11.8,0.0,0,0.0,0,0,18-APR-2022,
OPTSTK,ITC,28-Apr-2022,215.0,PE,0.15,0.2,0.15,0.15,0.0,11,75.73,528000,-9600,18-APR-2022,
OPTSTK,ITC,28-Apr-2022,217.5,PE,0.0,0.0,0.0,0.2,0.0,0,0.0,64000,0,18-APR-2022,
OPTSTK,ITC,28-Apr-2022,220.0,PE,0.2,0.2,0.15,0.15,0.15,227,1599.26,4585600,48000,18-APR-2022,
OPTSTK,ITC,28-Apr-2022,222.5,PE,0.0,0.0,0.0,0.25,0.0,0,0.0,80000,0,18-APR-2022,
OPTSTK,ITC,28-Apr-2022,225.0,PE,0.15,0.25,0.15,0.2,0.2,285,2053.45,1686400,-166400,18-APR-2022,
OPTSTK,ITC,28-Apr-2022,227.5,PE,0.2,0.25,0.2,0.25,0.25,84,612.09,188800,-134400,18-APR-2022,
OPTSTK,ITC,28-Apr-2022,230.0,PE,0.3,0.3,0.2,0.2,0.2,577,4250.81,4396800,-476800,18-APR-2022,
OPTSTK,ITC,28-Apr-2022,232.5,PE,0.3,0.4,0.2,0.25,0.25,62,461.79,406400,-16000,18-APR-2022,
OPTSTK,ITC,28-Apr-2022,235.0,PE,0.25,0.35,0.2,0.25,0.25,282,2122.91,2236800,-86400,18-APR-2022,
OPTSTK,ITC,28-Apr-2022,237.5,PE,0.05,0.85,0.05,0.3,0.3,99,753.38,300800,6400,18-APR-2022,
OPTSTK,ITC,28-Apr-2022,240.0,PE,0.4,0.45,0.3,0.35,0.35,2029,15605.67,4889600,-595200,18-APR-2022,
OPTSTK,ITC,28-Apr-2022,242.5,PE,0.45,0.45,0.35,0.4,0.4,59,458.57,390400,9600,18-APR-2022,
OPTSTK,ITC,28-Apr-2022,245.0,PE,0.55,0.65,0.35,0.45,0.45,1991,15638.78,3228800,416000,18-APR-2022,
OPTSTK,ITC,28-Apr-2022,247.5,PE,0.8,0.8,0.45,0.55,0.55,342,2714.63,710400,128000,18-APR-2022,
OPTSTK,ITC,28-Apr-2022,250.0,PE,1.0,1.25,0.55,0.7,0.7,4273,34282.26,9481600,-137600,18-APR-2022,
OPTSTK,ITC,28-Apr-2022,252.5,PE,0.8,1.15,0.7,0.8,0.8,638,5172.74,1305600,121600,18-APR-2022,
OPTSTK,ITC,28-Apr-2022,255.0,PE,1.6,1.6,0.9,1.0,1.0,1596,13081.3,4912000,-796800,18-APR-2022,
OPTSTK,ITC,28-Apr-2022,257.5,PE,1.5,1.95,1.2,1.35,1.35,570,4724.44,771200,-3200,18-APR-2022,
OPTSTK,ITC,28-Apr-2022,260.0,PE,2.9,2.9,1.6,1.8,1.8,4035,33838.84,6592000,-83200,18-APR-2022,
OPTSTK,ITC,28-Apr-2022,262.5,PE,3.1,3.4,2.15,2.5,2.5,711,6034.83,819200,-51200,18-APR-2022,
OPTSTK,ITC,28-Apr-2022,265.0,PE,4.75,4.8,2.85,3.45,3.45,2645,22741.6,3782400,252800,18-APR-2022,
OPTSTK,ITC,28-Apr-2022,267.5,PE,6.05,6.05,3.9,4.55,4.55,1193,10399.38,1036800,198400,18-APR-2022,
OPTSTK,ITC,28-Apr-2022,270.0,PE,8.0,8.0,5.05,5.95,5.95,3510,31009.86,5571200,841600,18-APR-2022,
OPTSTK,ITC,28-Apr-2022,272.5,PE,9.75,9.75,6.5,7.55,7.55,481,4312.52,345600,112000,18-APR-2022,
OPTSTK,ITC,28-Apr-2022,275.0,PE,10.7,11.4,8.0,9.4,9.4,634,5767.32,934400,-153600,18-APR-2022,
OPTSTK,ITC,28-Apr-2022,277.5,PE,12.0,12.0,12.0,12.0,10.0,1,9.26,9600,0,18-APR-2022,
OPTSTK,ITC,28-Apr-2022,280.0,PE,14.65,14.65,11.55,12.95,12.95,366,3433.93,672000,-54400,18-APR-2022,
OPTSTK,ITC,28-Apr-2022,282.5,PE,0.0,0.0,0.0,65.85,13.75,0,0.0,0,0,18-APR-2022,
OPTSTK,ITC,28-Apr-2022,285.0,PE,17.05,18.7,16.2,17.6,17.6,12,116.02,67200,16000,18-APR-2022,
OPTSTK,ITC,28-Apr-2022,287.5,PE,0.0,0.0,0.0,70.6,17.95,0,0.0,0,0,18-APR-2022,
OPTSTK,ITC,28-Apr-2022,290.0,PE,22.35,22.8,20.8,21.15,21.15,9,89.84,41600,3200,18-APR-2022,
OPTSTK,ITC,28-Apr-2022,292.5,PE,0.0,0.0,0.0,75.4,22.5,0,0.0,0,0,18-APR-2022,
OPTSTK,ITC,28-Apr-2022,295.0,PE,0.0,0.0,0.0,77.8,24.85,0,0.0,0,0,18-APR-2022,
OPTSTK,ITC,28-Apr-2022,297.5,PE,0.0,0.0,0.0,80.25,27.25,0,0.0,0,0,18-APR-2022,
OPTSTK,ITC,28-Apr-2022,300.0,PE,30.2,32.85,29.5,30.2,30.2,10,105.85,169600,6400,18-APR-2022,
OPTSTK,ITC,28-Apr-2022,302.5,PE,0.0,0.0,0.0,85.1,32.15,0,0.0,0,0,18-APR-2022,
OPTSTK,ITC,28-Apr-2022,305.0,PE,0.0,0.0,0.0,87.5,34.6,0,0.0,0,0,18-APR-2022,
OPTSTK,ITC,28-Apr-2022,307.5,PE,0.0,0.0,0.0,87.1,37.05,0,0.0,0,0,18-APR-2022,
OPTSTK,ITC,28-Apr-2022,310.0,PE,0.0,0.0,0.0,87.0,39.55,0,0.0,0,0,18-APR-2022,
OPTSTK,ITC,28-Apr-2022,312.5,PE,0.0,0.0,0.0,82.1,42.05,0,0.0,0,0,18-APR-2022,
OPTSTK,ITC,28-Apr-2022,315.0,PE,0.0,0.0,0.0,84.55,44.5,0,0.0,0,0,18-APR-2022,
OPTSTK,ITC,28-Apr-2022,317.5,PE,0.0,0.0,0.0,86.95,47.0,0,0.0,0,0,18-APR-2022,
OPTSTK,ITC,26-May-2022,162.5,CE,0.0,0.0,0.0,48.4,108.4,0,0.0,0,0,18-APR-2022,
OPTSTK,ITC,26-May-2022,165.0,CE,0.0,0.0,0.0,46.1,105.9,0,0.0,0,0,18-APR-2022,
OPTSTK,ITC,26-May-2022,167.5,CE,0.0,0.0,0.0,43.85,103.4,0,0.0,0,0,18-APR-2022,
OPTSTK,ITC,26-May-2022,170.0,CE,0.0,0.0,0.0,41.6,100.9,0,0.0,0,0,18-APR-2022,
OPTSTK,ITC,26-May-2022,172.5,CE,0.0,0.0,0.0,39.4,98.45,0,0.0,0,0,18-APR-2022,
OPTSTK,ITC,26-May-2022,175.0,CE,0.0,0.0,0.0,37.25,95.95,0,0.0,0,0,18-APR-2022,
OPTSTK,ITC,26-May-2022,177.5,CE,0.0,0.0,0.0,35.15,93.45,0,0.0,0,0,18-APR-2022,
OPTSTK,ITC,26-May-2022,180.0,CE,0.0,0.0,0.0,33.1,90.95,0,0.0,0,0,18-APR-2022,
OPTSTK,ITC,26-May-2022,182.5,CE,0.0,0.0,0.0,31.15,88.5,0,0.0,0,0,18-APR-2022,
OPTSTK,ITC,26-May-2022,185.0,CE,0.0,0.0,0.0,29.2,86.0,0,0.0,0,0,18-APR-2022,
OPTSTK,ITC,26-May-2022,187.5,CE,0.0,0.0,0.0,27.35,83.5,0,0.0,0,0,18-APR-2022,
OPTSTK,ITC,26-May-2022,190.0,CE,0.0,0.0,0.0,25.55,81.0,0,0.0,0,0,18-APR-2022,
OPTSTK,ITC,26-May-2022,192.5,CE,0.0,0.0,0.0,23.8,78.5,0,0.0,0,0,18-APR-2022,
OPTSTK,ITC,26-May-2022,195.0,CE,0.0,0.0,0.0,22.15,76.05,0,0.0,0,0,18-APR-2022,
OPTSTK,ITC,26-May-2022,197.5,CE,0.0,0.0,0.0,20.6,73.55,0,0.0,0,0,18-APR-2022,
OPTSTK,ITC,26-May-2022,200.0,CE,0.0,0.0,0.0,19.05,71.05,0,0.0,0,0,18-APR-2022,
OPTSTK,ITC,26-May-2022,202.5,CE,0.0,0.0,0.0,17.65,68.6,0,0.0,0,0,18-APR-2022,
OPTSTK,ITC,26-May-2022,205.0,CE,0.0,0.0,0.0,16.25,66.1,0,0.0,0,0,18-APR-2022,
OPTSTK,ITC,26-May-2022,207.5,CE,0.0,0.0,0.0,15.0,63.6,0,0.0,0,0,18-APR-2022,
OPTSTK,ITC,26-May-2022,210.0,CE,0.0,0.0,0.0,13.75,61.15,0,0.0,0,0,18-APR-2022,
OPTSTK,ITC,26-May-2022,212.5,CE,0.0,0.0,0.0,12.65,58.7,0,0.0,0,0,18-APR-2022,
OPTSTK,ITC,26-May-2022,215.0,CE,0.0,0.0,0.0,17.0,56.2,0,0.0,3200,0,18-APR-2022,
OPTSTK,ITC,26-May-2022,217.5,CE,0.0,0.0,0.0,10.55,53.8,0,0.0,0,0,18-APR-2022,
OPTSTK,ITC,26-May-2022,220.0,CE,50.0,50.0,50.0,50.0,51.35,1,8.64,44800,0,18-APR-2022,
OPTSTK,ITC,26-May-2022,222.5,CE,0.0,0.0,0.0,8.75,48.9,0,0.0,0,0,18-APR-2022,
OPTSTK,ITC,26-May-2022,225.0,CE,0.0,0.0,0.0,7.95,46.5,0,0.0,0,0,18-APR-2022,
OPTSTK,ITC,26-May-2022,227.5,CE,0.0,0.0,0.0,7.2,44.15,0,0.0,0,0,18-APR-2022,
OPTSTK,ITC,26-May-2022,230.0,CE,38.1,41.0,38.1,41.0,41.0,7,60.21,204800,12800,18-APR-2022,
OPTSTK,ITC,26-May-2022,232.5,CE,0.0,0.0,0.0,5.9,39.45,0,0.0,0,0,18-APR-2022,
OPTSTK,ITC,26-May-2022,235.0,CE,0.0,0.0,0.0,5.3,37.2,0,0.0,0,0,18-APR-2022,
OPTSTK,ITC,26-May-2022,237.5,CE,0.0,0.0,0.0,4.8,34.95,0,0.0,0,0,18-APR-2022,
OPTSTK,ITC,26-May-2022,240.0,CE,32.7,33.0,30.7,32.35,32.35,13,113.13,166400,0,18-APR-2022,
OPTSTK,ITC,26-May-2022,242.5,CE,0.0,0.0,0.0,3.85,30.6,0,0.0,0,0,18-APR-2022,
OPTSTK,ITC,26-May-2022,245.0,CE,0.0,0.0,0.0,3.45,28.5,0,0.0,0,0,18-APR-2022,
OPTSTK,ITC,26-May-2022,247.5,CE,0.0,0.0,0.0,3.1,26.5,0,0.0,0,0,18-APR-2022,
OPTSTK,ITC,26-May-2022,250.0,CE,22.0,25.25,22.0,23.5,23.5,48,419.56,531200,9600,18-APR-2022,
OPTSTK,ITC,26-May-2022,252.5,CE,0.0,0.0,0.0,2.45,22.65,0,0.0,0,0,18-APR-2022,
OPTSTK,ITC,26-May-2022,255.0,CE,21.0,21.0,21.0,21.0,20.85,1,8.83,60800,3200,18-APR-2022,
OPTSTK,ITC,26-May-2022,257.5,CE,0.0,0.0,0.0,1.95,19.15,0,0.0,0,0,18-APR-2022,
OPTSTK,ITC,26-May-2022,260.0,CE,16.85,18.95,15.95,17.5,17.5,218,1935.58,1340800,230400,18-APR-2022,
OPTSTK,ITC,26-May-2022,262.5,CE,0.0,0.0,0.0,1.5,15.95,0,0.0,0,0,18-APR-2022,
OPTSTK,ITC,26-May-2022,265.0,CE,13.5,18.45,13.5,15.0,15.0,18,161.1,150400,9600,18-APR-2022,
OPTSTK,ITC,26-May-2022,267.5,CE,0.0,0.0,0.0,13.65,13.1,0,0.0,28800,0,18-APR-2022,
OPTSTK,ITC,26-May-2022,270.0,CE,11.3,13.8,10.95,12.75,12.75,717,6483.58,2675200,524800,18-APR-2022,
OPTSTK,ITC,26-May-2022,272.5,CE,11.75,12.45,11.75,11.75,11.75,10,91.05,35200,-3200,18-APR-2022,
OPTSTK,ITC,26-May-2022,275.0,CE,10.4,11.7,9.35,10.75,10.75,75,685.54,185600,32000,18-APR-2022,
OPTSTK,ITC,26-May-2022,277.5,CE,0.0,0.0,0.0,8.8,8.5,0,0.0,9600,0,18-APR-2022,
OPTSTK,ITC,26-May-2022,280.0,CE,8.05,9.9,7.2,8.9,8.9,521,4817.73,1305600,140800,18-APR-2022,
OPTSTK,ITC,26-May-2022,282.5,CE,0.0,0.0,0.0,0.55,6.7,0,0.0,0,0,18-APR-2022,
OPTSTK,ITC,26-May-2022,285.0,CE,7.2,7.8,7.0,7.7,7.7,13,121.65,41600,28800,18-APR-2022,
OPTSTK,ITC,26-May-2022,287.5,CE,0.0,0.0,0.0,0.45,5.2,0,0.0,0,0,18-APR-2022,
OPTSTK,ITC,26-May-2022,290.0,CE,5.45,7.4,5.2,6.65,6.65,219,2079.03,867200,147200,18-APR-2022,
OPTSTK,ITC,26-May-2022,292.5,CE,0.0,0.0,0.0,0.35,4.0,0,0.0,0,0,18-APR-2022,
OPTSTK,ITC,26-May-2022,295.0,CE,0.0,0.0,0.0,0.3,3.45,0,0.0,0,0,18-APR-2022,
OPTSTK,ITC,26-May-2022,297.5,CE,0.0,0.0,0.0,0.25,3.0,0,0.0,0,0,18-APR-2022,
OPTSTK,ITC,26-May-2022,300.0,CE,4.45,5.6,4.45,4.95,4.95,663,6472.25,4096000,537600,18-APR-2022,
OPTSTK,ITC,26-May-2022,302.5,CE,0.0,0.0,0.0,0.3,2.25,0,0.0,0,0,18-APR-2022,
OPTSTK,ITC,26-May-2022,305.0,CE,0.0,0.0,0.0,0.25,1.95,0,0.0,0,0,18-APR-2022,
OPTSTK,ITC,26-May-2022,307.5,CE,0.0,0.0,0.0,5.0,1.65,0,0.0,6400,0,18-APR-2022,
OPTSTK,ITC,26-May-2022,310.0,CE,3.05,4.0,3.05,3.55,3.55,163,1635.54,572800,89600,18-APR-2022,
OPTSTK,ITC,26-May-2022,312.5,CE,0.0,0.0,0.0,0.3,1.2,0,0.0,0,0,18-APR-2022,
OPTSTK,ITC,26-May-2022,315.0,CE,2.7,3.35,2.5,2.85,2.85,132,1342.54,627200,259200,18-APR-2022,
OPTSTK,ITC,26-May-2022,317.5,CE,3.0,3.0,3.0,3.0,0.85,1,10.25,3200,3200,18-APR-2022,
OPTSTK,ITC,26-May-2022,162.5,PE,0.0,0.0,0.0,0.7,0.0,0,0.0,0,0,18-APR-2022,
OPTSTK,ITC,26-May-2022,165.0,PE,0.0,0.0,0.0,0.85,0.0,0,0.0,3200,0,18-APR-2022,
OPTSTK,ITC,26-May-2022,167.5,PE,0.0,0.0,0.0,1.05,0.0,0,0.0,0,0,18-APR-2022,
OPTSTK,ITC,26-May-2022,170.0,PE,0.0,0.0,0.0,1.3,0.0,0,0.0,0,0,18-APR-2022,
OPTSTK,ITC,26-May-2022,172.5,PE,0.0,0.0,0.0,1.6,0.0,0,0.0,0,0,18-APR-2022,
OPTSTK,ITC,26-May-2022,175.0,PE,0.0,0.0,0.0,1.95,0.0,0,0.0,0,0,18-APR-2022,
OPTSTK,ITC,26-May-2022,177.5,PE,0.0,0.0,0.0,2.3,0.0,0,0.0,0,0,18-APR-2022,
OPTSTK,ITC,26-May-2022,180.0,PE,0.0,0.0,0.0,0.4,0.0,0,0.0,6400,0,18-APR-2022,
OPTSTK,ITC,26-May-2022,182.5,PE,0.0,0.0,0.0,3.25,0.0,0,0.0,0,0,18-APR-2022,
OPTSTK,ITC,26-May-2022,185.0,PE,0.0,0.0,0.0,3.8,0.0,0,0.0,0,0,18-APR-2022,
OPTSTK,ITC,26-May-2022,187.5,PE,0.0,0.0,0.0,4.4,0.0,0,0.0,0,0,18-APR-2022,
OPTSTK,ITC,26-May-2022,190.0,PE,0.0,0.0,0.0,0.6,0.0,0,0.0,0,0,18-APR-2022,
OPTSTK,ITC,26-May-2022,192.5,PE,0.0,0.0,0.0,5.8,0.0,0,0.0,0,0,18-APR-2022,
OPTSTK,ITC,26-May-2022,195.0,PE,0.0,0.0,0.0,6.6,0.0,0,0.0,0,0,18-APR-2022,
OPTSTK,ITC,26-May-2022,197.5,PE,0.0,0.0,0.0,7.5,0.05,0,0.0,0,0,18-APR-2022,
OPTSTK,ITC,26-May-2022,200.0,PE,0.3,0.3,0.25,0.3,0.05,5,32.04,131200,0,18-APR-2022,
OPTSTK,ITC,26-May-2022,202.5,PE,0.0,0.0,0.0,9.5,0.05,0,0.0,0,0,18-APR-2022,
OPTSTK,ITC,26-May-2022,205.0,PE,0.0,0.0,0.0,2.45,0.05,0,0.0,3200,0,18-APR-2022,
OPTSTK,ITC,26-May-2022,207.5,PE,0.0,0.0,0.0,11.8,0.05,0,0.0,0,0,18-APR-2022,
OPTSTK,ITC,26-May-2022,210.0,PE,0.45,0.6,0.25,0.25,0.05,12,80.8,124800,-3200,18-APR-2022,
OPTSTK,ITC,26-May-2022,212.5,PE,0.0,0.0,0.0,14.4,0.1,0,0.0,0,0,18-APR-2022,
OPTSTK,ITC,26-May-2022,215.0,PE,0.0,0.0,0.0,15.8,0.15,0,0.0,0,0,18-APR-2022,
OPTSTK,ITC,26-May-2022,217.5,PE,0.0,0.0,0.0,17.3,0.15,0,0.0,0,0,18-APR-2022,
OPTSTK,ITC,26-May-2022,220.0,PE,0.7,1.0,0.65,0.75,0.75,95,671.32,342400,115200,18-APR-2022,
OPTSTK,ITC,26-May-2022,222.5,PE,0.0,0.0,0.0,20.45,0.3,0,0.0,0,0,18-APR-2022,
OPTSTK,ITC,26-May-2022,225.0,PE,0.0,0.0,0.0,1.2,0.35,0,0.0,9600,0,18-APR-2022,
OPTSTK,ITC,26-May-2022,227.5,PE,0.0,0.0,0.0,23.8,0.5,0,0.0,0,0,18-APR-2022,
OPTSTK,ITC,26-May-2022,230.0,PE,1.1,1.35,1.05,1.15,1.15,87,643.61,649600,48000,18-APR-2022,
OPTSTK,ITC,26-May-2022,232.5,PE,0.0,0.0,0.0,27.45,0.8,0,0.0,0,0,18-APR-2022,
OPTSTK,ITC,26-May-2022,235.0,PE,0.0,0.0,0.0,1.75,1.0,0,0.0,12800,0,18-APR-2022,
OPTSTK,ITC,26-May-2022,237.5,PE,0.0,0.0,0.0,31.3,1.25,0,0.0,0,0,18-APR-2022,
OPTSTK,ITC,26-May-2022,240.0,PE,1.5,2.15,1.45,1.95,1.95,294,2276.36,1123200,137600,18-APR-2022,
OPTSTK,ITC,26-May-2022,242.5,PE,0.0,0.0,0.0,35.3,1.9,0,0.0,0,0,18-APR-2022,
OPTSTK,ITC,26-May-2022,245.0,PE,3.65,3.65,1.3,1.3,2.3,3,23.79,6400,3200,18-APR-2022,
OPTSTK,ITC,26-May-2022,247.5,PE,0.0,0.0,0.0,39.5,2.75,0,0.0,0,0,18-APR-2022,
OPTSTK,ITC,26-May-2022,250.0,PE,3.0,4.2,3.0,3.7,3.7,170,1380.56,1414400,121600,18-APR-2022,
OPTSTK,ITC,26-May-2022,252.5,PE,0.0,0.0,0.0,43.8,3.9,0,0.0,0,0,18-APR-2022,
OPTSTK,ITC,26-May-2022,255.0,PE,4.95,5.45,4.9,5.0,5.0,9,74.89,70400,16000,18-APR-2022,
OPTSTK,ITC,26-May-2022,257.5,PE,0.0,0.0,0.0,48.25,5.35,0,0.0,0,0,18-APR-2022,
OPTSTK,ITC,26-May-2022,260.0,PE,6.95,7.95,6.7,7.1,7.1,242,2069.55,976000,64000,18-APR-2022,
OPTSTK,ITC,26-May-2022,262.5,PE,7.0,7.0,7.0,7.0,7.15,1,8.62,3200,3200,18-APR-2022,
OPTSTK,ITC,26-May-2022,265.0,PE,10.0,10.05,9.0,9.1,8.15,8,70.23,51200,3200,18-APR-2022,
OPTSTK,ITC,26-May-2022,267.5,PE,0.0,0.0,0.0,57.4,9.25,0,0.0,0,0,18-APR-2022,
OPTSTK,ITC,26-May-2022,270.0,PE,12.35,13.55,11.4,12.05,12.05,222,2006.35,1673600,380800,18-APR-2022,
OPTSTK,ITC,26-May-2022,272.5,PE,0.0,0.0,0.0,62.1,11.75,0,0.0,0,0,18-APR-2022,
OPTSTK,ITC,26-May-2022,275.0,PE,0.0,0.0,0.0,64.45,13.15,0,0.0,0,0,18-APR-2022,
OPTSTK,ITC,26-May-2022,277.5,PE,0.0,0.0,0.0,20.95,14.6,0,0.0,25600,0,18-APR-2022,
OPTSTK,ITC,26-May-2022,280.0,PE,18.5,19.9,18.1,18.3,18.3,16,153.16,144000,35200,18-APR-2022,
OPTSTK,ITC,26-May-2022,282.5,PE,0.0,0.0,0.0,71.6,17.8,0,0.0,0,0,18-APR-2022,
OPTSTK,ITC,26-May-2022,285.0,PE,0.0,0.0,0.0,74.0,19.5,0,0.0,0,0,18-APR-2022,
OPTSTK,ITC,26-May-2022,287.5,PE,0.0,0.0,0.0,76.4,21.3,0,0.0,0,0,18-APR-2022,
OPTSTK,ITC,26-May-2022,290.0,PE,0.0,0.0,0.0,38.55,23.15,0,0.0,3200,0,18-APR-2022,
OPTSTK,ITC,26-May-2022,292.5,PE,0.0,0.0,0.0,81.25,25.05,0,0.0,0,0,18-APR-2022,
OPTSTK,ITC,26-May-2022,295.0,PE,0.0,0.0,0.0,83.7,27.0,0,0.0,0,0,18-APR-2022,
OPTSTK,ITC,26-May-2022,297.5,PE,0.0,0.0,0.0,86.15,29.05,0,0.0,0,0,18-APR-2022,
OPTSTK,ITC,26-May-2022,300.0,PE,35.0,35.0,35.0,35.0,31.15,1,10.72,3200,0,18-APR-2022,
OPTSTK,ITC,26-May-2022,302.5,PE,0.0,0.0,0.0,85.75,33.25,0,0.0,0,0,18-APR-2022,
OPTSTK,ITC,26-May-2022,305.0,PE,0.0,0.0,0.0,88.2,35.45,0,0.0,0,0,18-APR-2022,
OPTSTK,ITC,26-May-2022,307.5,PE,0.0,0.0,0.0,85.4,37.65,0,0.0,0,0,18-APR-2022,
OPTSTK,ITC,26-May-2022,310.0,PE,0.0,0.0,0.0,87.85,39.9,0,0.0,0,0,18-APR-2022,
OPTSTK,ITC,26-May-2022,312.5,PE,0.0,0.0,0.0,84.4,42.2,0,0.0,0,0,18-APR-2022,
OPTSTK,ITC,26-May-2022,315.0,PE,0.0,0.0,0.0,86.85,44.5,0,0.0,0,0,18-APR-2022,
OPTSTK,ITC,26-May-2022,317.5,PE,0.0,0.0,0.0,87.95,46.8,0,0.0,0,0,18-APR-2022,
OPTSTK,ITC,30-Jun-2022,162.5,CE,0.0,0.0,0.0,89.9,109.05,0,0.0,0,0,18-APR-2022,
OPTSTK,ITC,30-Jun-2022,165.0,CE,0.0,0.0,0.0,87.45,106.55,0,0.0,0,0,18-APR-2022,
OPTSTK,ITC,30-Jun-2022,167.5,CE,0.0,0.0,0.0,85.0,104.1,0,0.0,0,0,18-APR-2022,
OPTSTK,ITC,30-Jun-2022,170.0,CE,0.0,0.0,0.0,82.55,101.6,0,0.0,0,0,18-APR-2022,
OPTSTK,ITC,30-Jun-2022,172.5,CE,0.0,0.0,0.0,80.1,99.15,0,0.0,0,0,18-APR-2022,
OPTSTK,ITC,30-Jun-2022,175.0,CE,0.0,0.0,0.0,77.65,96.65,0,0.0,0,0,18-APR-2022,
OPTSTK,ITC,30-Jun-2022,177.5,CE,0.0,0.0,0.0,75.2,94.2,0,0.0,0,0,18-APR-2022,
OPTSTK,ITC,30-Jun-2022,180.0,CE,0.0,0.0,0.0,72.75,91.7,0,0.0,0,0,18-APR-2022,
OPTSTK,ITC,30-Jun-2022,182.5,CE,0.0,0.0,0.0,70.35,89.25,0,0.0,0,0,18-APR-2022,
OPTSTK,ITC,30-Jun-2022,185.0,CE,0.0,0.0,0.0,67.95,86.75,0,0.0,0,0,18-APR-2022,
OPTSTK,ITC,30-Jun-2022,187.5,CE,0.0,0.0,0.0,65.55,84.3,0,0.0,0,0,18-APR-2022,
OPTSTK,ITC,30-Jun-2022,190.0,CE,0.0,0.0,0.0,63.2,81.85,0,0.0,0,0,18-APR-2022,
OPTSTK,ITC,30-Jun-2022,192.5,CE,0.0,0.0,0.0,60.8,79.4,0,0.0,0,0,18-APR-2022,
OPTSTK,ITC,30-Jun-2022,195.0,CE,0.0,0.0,0.0,58.5,76.95,0,0.0,0,0,18-APR-2022,
OPTSTK,ITC,30-Jun-2022,197.5,CE,0.0,0.0,0.0,56.15,74.5,0,0.0,0,0,18-APR-2022,
OPTSTK,ITC,30-Jun-2022,200.0,CE,0.0,0.0,0.0,53.9,72.05,0,0.0,0,0,18-APR-2022,
OPTSTK,ITC,30-Jun-2022,202.5,CE,0.0,0.0,0.0,51.65,69.6,0,0.0,0,0,18-APR-2022,
OPTSTK,ITC,30-Jun-2022,205.0,CE,0.0,0.0,0.0,49.4,67.2,0,0.0,0,0,18-APR-2022,
OPTSTK,ITC,30-Jun-2022,207.5,CE,0.0,0.0,0.0,47.2,64.8,0,0.0,0,0,18-APR-2022,
OPTSTK,ITC,30-Jun-2022,210.0,CE,0.0,0.0,0.0,45.05,62.4,0,0.0,0,0,18-APR-2022,
OPTSTK,ITC,30-Jun-2022,212.5,CE,0.0,0.0,0.0,42.95,60.05,0,0.0,0,0,18-APR-2022,
OPTSTK,ITC,30-Jun-2022,215.0,CE,0.0,0.0,0.0,40.9,57.7,0,0.0,0,0,18-APR-2022,
OPTSTK,ITC,30-Jun-2022,217.5,CE,0.0,0.0,0.0,38.85,55.35,0,0.0,0,0,18-APR-2022,
OPTSTK,ITC,30-Jun-2022,220.0,CE,0.0,0.0,0.0,36.9,53.05,0,0.0,0,0,18-APR-2022,
OPTSTK,ITC,30-Jun-2022,222.5,CE,0.0,0.0,0.0,34.95,50.8,0,0.0,0,0,18-APR-2022,
OPTSTK,ITC,30-Jun-2022,225.0,CE,0.0,0.0,0.0,33.1,48.55,0,0.0,0,0,18-APR-2022,
OPTSTK,ITC,30-Jun-2022,227.5,CE,0.0,0.0,0.0,31.3,46.35,0,0.0,0,0,18-APR-2022,
OPTSTK,ITC,30-Jun-2022,230.0,CE,0.0,0.0,0.0,29.55,44.2,0,0.0,0,0,18-APR-2022,
OPTSTK,ITC,30-Jun-2022,232.5,CE,0.0,0.0,0.0,27.8,42.05,0,0.0,0,0,18-APR-2022,
OPTSTK,ITC,30-Jun-2022,235.0,CE,0.0,0.0,0.0,26.2,40.0,0,0.0,0,0,18-APR-2022,
OPTSTK,ITC,30-Jun-2022,237.5,CE,0.0,0.0,0.0,24.6,37.95,0,0.0,0,0,18-APR-2022,
OPTSTK,ITC,30-Jun-2022,240.0,CE,0.0,0.0,0.0,26.45,35.95,0,0.0,41600,0,18-APR-2022,
OPTSTK,ITC,30-Jun-2022,242.5,CE,0.0,0.0,0.0,21.65,34.0,0,0.0,0,0,18-APR-2022,
OPTSTK,ITC,30-Jun-2022,245.0,CE,0.0,0.0,0.0,20.25,32.15,0,0.0,0,0,18-APR-2022,
OPTSTK,ITC,30-Jun-2022,247.5,CE,0.0,0.0,0.0,18.9,30.3,0,0.0,0,0,18-APR-2022,
OPTSTK,ITC,30-Jun-2022,250.0,CE,24.0,25.9,23.9,25.9,25.9,3,26.36,204800,9600,18-APR-2022,
OPTSTK,ITC,30-Jun-2022,252.5,CE,0.0,0.0,0.0,16.4,26.8,0,0.0,0,0,18-APR-2022,
OPTSTK,ITC,30-Jun-2022,255.0,CE,0.0,0.0,0.0,15.3,25.2,0,0.0,0,0,18-APR-2022,
OPTSTK,ITC,30-Jun-2022,257.5,CE,0.0,0.0,0.0,14.2,23.6,0,0.0,0,0,18-APR-2022,
OPTSTK,ITC,30-Jun-2022,260.0,CE,18.2,20.55,18.2,20.0,22.05,7,62.66,124800,3200,18-APR-2022,
OPTSTK,ITC,30-Jun-2022,262.5,CE,0.0,0.0,0.0,12.2,20.6,0,0.0,0,0,18-APR-2022,
OPTSTK,ITC,30-Jun-2022,265.0,CE,0.0,0.0,0.0,11.25,19.2,0,0.0,0,0,18-APR-2022,
OPTSTK,ITC,30-Jun-2022,267.5,CE,0.0,0.0,0.0,10.4,17.9,0,0.0,0,0,18-APR-2022,
OPTSTK,ITC,30-Jun-2022,270.0,CE,15.45,15.55,15.45,15.55,16.65,2,18.27,44800,6400,18-APR-2022,
OPTSTK,ITC,30-Jun-2022,272.5,CE,0.0,0.0,0.0,8.85,15.45,0,0.0,0,0,18-APR-2022,
OPTSTK,ITC,30-Jun-2022,275.0,CE,0.0,0.0,0.0,14.05,14.3,0,0.0,3200,0,18-APR-2022,
OPTSTK,ITC,30-Jun-2022,277.5,CE,0.0,0.0,0.0,7.5,13.2,0,0.0,0,0,18-APR-2022,
OPTSTK,ITC,30-Jun-2022,280.0,CE,10.0,12.25,10.0,11.7,11.7,7,65.3,105600,0,18-APR-2022,
OPTSTK,ITC,30-Jun-2022,282.5,CE,0.0,0.0,0.0,6.3,11.25,0,0.0,0,0,18-APR-2022,
OPTSTK,ITC,30-Jun-2022,285.0,CE,0.0,0.0,0.0,5.75,10.35,0,0.0,0,0,18-APR-2022,
OPTSTK,ITC,30-Jun-2022,287.5,CE,0.0,0.0,0.0,5.25,9.5,0,0.0,0,0,18-APR-2022,
OPTSTK,ITC,30-Jun-2022,290.0,CE,7.6,7.6,7.6,7.6,8.75,1,9.52,22400,0,18-APR-2022,
OPTSTK,ITC,30-Jun-2022,292.5,CE,0.0,0.0,0.0,6.8,8.0,0,0.0,0,0,18-APR-2022,
OPTSTK,ITC,30-Jun-2022,295.0,CE,0.0,0.0,0.0,4.0,7.3,0,0.0,0,0,18-APR-2022,
OPTSTK,ITC,30-Jun-2022,297.5,CE,0.0,0.0,0.0,12.3,6.7,0,0.0,0,0,18-APR-2022,
OPTSTK,ITC,30-Jun-2022,300.0,CE,6.9,7.85,6.6,7.25,6.1,21,206.45,291200,16000,18-APR-2022,
OPTSTK,ITC,30-Jun-2022,302.5,CE,0.0,0.0,0.0,3.0,5.55,0,0.0,0,0,18-APR-2022,
OPTSTK,ITC,30-Jun-2022,305.0,CE,0.0,0.0,0.0,2.7,5.05,0,0.0,0,0,18-APR-2022,
OPTSTK,ITC,30-Jun-2022,307.5,CE,0.0,0.0,0.0,2.45,4.6,0,0.0,0,0,18-APR-2022,
OPTSTK,ITC,30-Jun-2022,310.0,CE,5.0,5.95,5.0,5.95,4.15,2,20.19,6400,0,18-APR-2022,
OPTSTK,ITC,30-Jun-2022,312.5,CE,0.0,0.0,0.0,2.0,3.75,0,0.0,0,0,18-APR-2022,
OPTSTK,ITC,30-Jun-2022,315.0,CE,0.0,0.0,0.0,4.95,3.4,0,0.0,12800,0,18-APR-2022,
OPTSTK,ITC,30-Jun-2022,317.5,CE,0.0,0.0,0.0,1.65,3.1,0,0.0,0,0,18-APR-2022,
OPTSTK,ITC,30-Jun-2022,162.5,PE,0.0,0.0,0.0,0.05,0.0,0,0.0,0,0,18-APR-2022,
OPTSTK,ITC,30-Jun-2022,165.0,PE,0.0,0.0,0.0,0.05,0.0,0,0.0,0,0,18-APR-2022,
OPTSTK,ITC,30-Jun-2022,167.5,PE,0.0,0.0,0.0,0.05,0.0,0,0.0,0,0,18-APR-2022,
OPTSTK,ITC,30-Jun-2022,170.0,PE,0.0,0.0,0.0,0.1,0.0,0,0.0,0,0,18-APR-2022,
OPTSTK,ITC,30-Jun-2022,172.5,PE,0.0,0.0,0.0,0.1,0.05,0,0.0,0,0,18-APR-2022,
OPTSTK,ITC,30-Jun-2022,175.0,PE,0.0,0.0,0.0,0.15,0.05,0,0.0,0,0,18-APR-2022,
OPTSTK,ITC,30-Jun-2022,177.5,PE,0.0,0.0,0.0,0.2,0.05,0,0.0,0,0,18-APR-2022,
OPTSTK,ITC,30-Jun-2022,180.0,PE,0.0,0.0,0.0,0.2,0.05,0,0.0,0,0,18-APR-2022,
OPTSTK,ITC,30-Jun-2022,182.5,PE,0.0,0.0,0.0,0.3,0.05,0,0.0,0,0,18-APR-2022,
OPTSTK,ITC,30-Jun-2022,185.0,PE,0.0,0.0,0.0,0.35,0.05,0,0.0,0,0,18-APR-2022,
OPTSTK,ITC,30-Jun-2022,187.5,PE,0.0,0.0,0.0,0.45,0.05,0,0.0,0,0,18-APR-2022,
OPTSTK,ITC,30-Jun-2022,190.0,PE,0.0,0.0,0.0,0.55,0.1,0,0.0,0,0,18-APR-2022,
OPTSTK,ITC,30-Jun-2022,192.5,PE,0.0,0.0,0.0,0.65,0.1,0,0.0,0,0,18-APR-2022,
OPTSTK,ITC,30-Jun-2022,195.0,PE,0.0,0.0,0.0,0.8,0.15,0,0.0,0,0,18-APR-2022,
OPTSTK,ITC,30-Jun-2022,197.5,PE,0.0,0.0,0.0,0.95,0.15,0,0.0,0,0,18-APR-2022,
OPTSTK,ITC,30-Jun-2022,200.0,PE,0.0,0.0,0.0,1.0,0.2,0,0.0,6400,0,18-APR-2022,
OPTSTK,ITC,30-Jun-2022,202.5,PE,0.0,0.0,0.0,1.35,0.25,0,0.0,0,0,18-APR-2022,
OPTSTK,ITC,30-Jun-2022,205.0,PE,0.0,0.0,0.0,1.6,0.3,0,0.0,0,0,18-APR-2022,
OPTSTK,ITC,30-Jun-2022,207.5,PE,0.0,0.0,0.0,1.9,0.4,0,0.0,0,0,18-APR-2022,
OPTSTK,ITC,30-Jun-2022,210.0,PE,0.95,0.95,0.95,0.95,0.95,1,6.75,57600,0,18-APR-2022,
OPTSTK,ITC,30-Jun-2022,212.5,PE,0.0,0.0,0.0,2.55,0.6,0,0.0,0,0,18-APR-2022,
OPTSTK,ITC,30-Jun-2022,215.0,PE,0.0,0.0,0.0,3.0,0.75,0,0.0,0,0,18-APR-2022,
OPTSTK,ITC,30-Jun-2022,217.5,PE,0.0,0.0,0.0,3.45,0.9,0,0.0,0,0,18-APR-2022,
OPTSTK,ITC,30-Jun-2022,220.0,PE,0.0,0.0,0.0,3.95,1.05,0,0.0,0,0,18-APR-2022,
OPTSTK,ITC,30-Jun-2022,222.5,PE,0.0,0.0,0.0,4.5,1.25,0,0.0,0,0,18-APR-2022,
OPTSTK,ITC,30-Jun-2022,225.0,PE,0.0,0.0,0.0,5.1,1.5,0,0.0,0,0,18-APR-2022,
OPTSTK,ITC,30-Jun-2022,227.5,PE,0.0,0.0,0.0,5.75,1.8,0,0.0,0,0,18-APR-2022,
OPTSTK,ITC,30-Jun-2022,230.0,PE,2.4,2.6,2.0,2.0,2.1,5,37.19,73600,0,18-APR-2022,
OPTSTK,ITC,30-Jun-2022,232.5,PE,0.0,0.0,0.0,7.25,2.45,0,0.0,0,0,18-APR-2022,
OPTSTK,ITC,30-Jun-2022,235.0,PE,0.0,0.0,0.0,8.05,2.85,0,0.0,0,0,18-APR-2022,
OPTSTK,ITC,30-Jun-2022,237.5,PE,0.0,0.0,0.0,8.95,3.3,0,0.0,0,0,18-APR-2022,
OPTSTK,ITC,30-Jun-2022,240.0,PE,0.0,0.0,0.0,9.9,3.75,0,0.0,0,0,18-APR-2022,
OPTSTK,ITC,30-Jun-2022,242.5,PE,0.0,0.0,0.0,10.95,4.3,0,0.0,0,0,18-APR-2022,
OPTSTK,ITC,30-Jun-2022,245.0,PE,0.0,0.0,0.0,12.0,4.9,0,0.0,0,0,18-APR-2022,
OPTSTK,ITC,30-Jun-2022,247.5,PE,0.0,0.0,0.0,13.15,5.55,0,0.0,0,0,18-APR-2022,
OPTSTK,ITC,30-Jun-2022,250.0,PE,6.7,7.45,6.55,6.85,6.85,11,90.44,332800,16000,18-APR-2022,
OPTSTK,ITC,30-Jun-2022,252.5,PE,0.0,0.0,0.0,15.6,7.05,0,0.0,0,0,18-APR-2022,
OPTSTK,ITC,30-Jun-2022,255.0,PE,0.0,0.0,0.0,16.95,7.85,0,0.0,0,0,18-APR-2022,
OPTSTK,ITC,30-Jun-2022,257.5,PE,0.0,0.0,0.0,18.35,8.75,0,0.0,0,0,18-APR-2022,
OPTSTK,ITC,30-Jun-2022,260.0,PE,11.0,12.0,10.6,10.6,9.7,5,43.4,57600,6400,18-APR-2022,
OPTSTK,ITC,30-Jun-2022,262.5,PE,0.0,0.0,0.0,21.3,10.75,0,0.0,0,0,18-APR-2022,
OPTSTK,ITC,30-Jun-2022,265.0,PE,0.0,0.0,0.0,22.85,11.85,0,0.0,0,0,18-APR-2022,
OPTSTK,ITC,30-Jun-2022,267.5,PE,0.0,0.0,0.0,24.45,13.0,0,0.0,0,0,18-APR-2022,
OPTSTK,ITC,30-Jun-2022,270.0,PE,0.0,0.0,0.0,16.8,14.2,0,0.0,19200,0,18-APR-2022,
OPTSTK,ITC,30-Jun-2022,272.5,PE,0.0,0.0,0.0,27.85,15.5,0,0.0,0,0,18-APR-2022,
OPTSTK,ITC,30-Jun-2022,275.0,PE,0.0,0.0,0.0,29.6,16.8,0,0.0,0,0,18-APR-2022,
OPTSTK,ITC,30-Jun-2022,277.5,PE,0.0,0.0,0.0,31.4,18.2,0,0.0,0,0,18-APR-2022,
OPTSTK,ITC,30-Jun-2022,280.0,PE,0.0,0.0,0.0,19.0,19.7,0,0.0,6400,0,18-APR-2022,
OPTSTK,ITC,30-Jun-2022,282.5,PE,0.0,0.0,0.0,35.2,21.2,0,0.0,0,0,18-APR-2022,
OPTSTK,ITC,30-Jun-2022,285.0,PE,0.0,0.0,0.0,37.1,22.8,0,0.0,0,0,18-APR-2022,
OPTSTK,ITC,30-Jun-2022,287.5,PE,0.0,0.0,0.0,39.1,24.45,0,0.0,0,0,18-APR-2022,
OPTSTK,ITC,30-Jun-2022,290.0,PE,0.0,0.0,0.0,35.0,26.15,0,0.0,6400,0,18-APR-2022,
OPTSTK,ITC,30-Jun-2022,292.5,PE,0.0,0.0,0.0,43.15,27.9,0,0.0,0,0,18-APR-2022,
OPTSTK,ITC,30-Jun-2022,295.0,PE,0.0,0.0,0.0,45.25,29.65,0,0.0,0,0,18-APR-2022,
OPTSTK,ITC,30-Jun-2022,297.5,PE,0.0,0.0,0.0,47.35,31.55,0,0.0,0,0,18-APR-2022,
OPTSTK,ITC,30-Jun-2022,300.0,PE,0.0,0.0,0.0,44.4,33.4,0,0.0,3200,0,18-APR-2022,
OPTSTK,ITC,30-Jun-2022,302.5,PE,0.0,0.0,0.0,51.65,35.35,0,0.0,0,0,18-APR-2022,
OPTSTK,ITC,30-Jun-2022,305.0,PE,0.0,0.0,0.0,53.85,37.35,0,0.0,0,0,18-APR-2022,
OPTSTK,ITC,30-Jun-2022,307.5,PE,0.0,0.0,0.0,56.1,39.35,0,0.0,0,0,18-APR-2022,
OPTSTK,ITC,30-Jun-2022,310.0,PE,0.0,0.0,0.0,58.3,41.4,0,0.0,0,0,18-APR-2022,
OPTSTK,ITC,30-Jun-2022,312.5,PE,0.0,0.0,0.0,60.6,43.5,0,0.0,0,0,18-APR-2022,
OPTSTK,ITC,30-Jun-2022,315.0,PE,0.0,0.0,0.0,62.85,45.6,0,0.0,0,0,18-APR-2022,
OPTSTK,ITC,30-Jun-2022,317.5,PE,0.0,0.0,0.0,65.15,47.75,0,0.0,0,0,18-APR-2022,
OPTSTK,JINDALSTEL,28-Apr-2022,260.0,CE,0.0,0.0,0.0,122.8,293.35,0,0.0,0,0,18-APR-2022,
OPTSTK,JINDALSTEL,28-Apr-2022,270.0,CE,0.0,0.0,0.0,114.35,283.35,0,0.0,0,0,18-APR-2022,
OPTSTK,JINDALSTEL,28-Apr-2022,280.0,CE,0.0,0.0,0.0,106.2,273.4,0,0.0,0,0,18-APR-2022,
OPTSTK,JINDALSTEL,28-Apr-2022,290.0,CE,0.0,0.0,0.0,98.4,263.4,0,0.0,0,0,18-APR-2022,
OPTSTK,JINDALSTEL,28-Apr-2022,300.0,CE,0.0,0.0,0.0,90.95,253.4,0,0.0,0,0,18-APR-2022,
OPTSTK,JINDALSTEL,28-Apr-2022,310.0,CE,0.0,0.0,0.0,83.8,243.4,0,0.0,0,0,18-APR-2022,
OPTSTK,JINDALSTEL,28-Apr-2022,320.0,CE,0.0,0.0,0.0,77.05,233.45,0,0.0,0,0,18-APR-2022,
OPTSTK,JINDALSTEL,28-Apr-2022,330.0,CE,0.0,0.0,0.0,70.65,223.45,0,0.0,0,0,18-APR-2022,
OPTSTK,JINDALSTEL,28-Apr-2022,340.0,CE,0.0,0.0,0.0,64.7,213.45,0,0.0,0,0,18-APR-2022,
OPTSTK,JINDALSTEL,28-Apr-2022,350.0,CE,0.0,0.0,0.0,59.1,203.45,0,0.0,0,0,18-APR-2022,
OPTSTK,JINDALSTEL,28-Apr-2022,360.0,CE,0.0,0.0,0.0,53.85,193.5,0,0.0,0,0,18-APR-2022,
OPTSTK,JINDALSTEL,28-Apr-2022,370.0,CE,0.0,0.0,0.0,48.95,183.5,0,0.0,0,0,18-APR-2022,
OPTSTK,JINDALSTEL,28-Apr-2022,380.0,CE,0.0,0.0,0.0,44.45,173.5,0,0.0,0,0,18-APR-2022,
OPTSTK,JINDALSTEL,28-Apr-2022,390.0,CE,0.0,0.0,0.0,40.3,163.5,0,0.0,0,0,18-APR-2022,
OPTSTK,JINDALSTEL,28-Apr-2022,400.0,CE,0.0,0.0,0.0,160.0,153.55,0,0.0,40000,0,18-APR-2022,
OPTSTK,JINDALSTEL,28-Apr-2022,410.0,CE,0.0,0.0,0.0,150.0,143.55,0,0.0,0,0,18-APR-2022,
OPTSTK,JINDALSTEL,28-Apr-2022,420.0,CE,0.0,0.0,0.0,29.7,133.6,0,0.0,0,0,18-APR-2022,
OPTSTK,JINDALSTEL,28-Apr-2022,430.0,CE,0.0,0.0,0.0,26.7,123.65,0,0.0,0,0,18-APR-2022,
OPTSTK,JINDALSTEL,28-Apr-2022,440.0,CE,0.0,0.0,0.0,120.0,113.75,0,0.0,7500,0,18-APR-2022,
OPTSTK,JINDALSTEL,28-Apr-2022,450.0,CE,103.0,108.5,103.0,108.5,103.9,4,55.53,75000,-7500,18-APR-2022,
OPTSTK,JINDALSTEL,28-Apr-2022,460.0,CE,93.45,93.45,93.45,93.45,94.15,1,13.83,22500,0,18-APR-2022,
OPTSTK,JINDALSTEL,28-Apr-2022,470.0,CE,0.0,0.0,0.0,87.3,84.6,0,0.0,15000,0,18-APR-2022,
OPTSTK,JINDALSTEL,28-Apr-2022,480.0,CE,0.0,0.0,0.0,79.6,75.25,0,0.0,37500,0,18-APR-2022,
OPTSTK,JINDALSTEL,28-Apr-2022,490.0,CE,63.1,63.1,63.1,63.1,66.25,1,13.82,32500,0,18-APR-2022,
OPTSTK,JINDALSTEL,28-Apr-2022,500.0,CE,54.8,58.85,52.0,57.65,57.65,13,180.68,262500,-15000,18-APR-2022,
OPTSTK,JINDALSTEL,28-Apr-2022,510.0,CE,44.55,49.2,42.0,48.95,48.95,6,83.55,30000,10000,18-APR-2022,
OPTSTK,JINDALSTEL,28-Apr-2022,520.0,CE,41.05,41.7,33.15,39.9,39.9,17,237.37,145000,-7500,18-APR-2022,
OPTSTK,JINDALSTEL,28-Apr-2022,530.0,CE,27.55,36.0,25.85,32.0,32.0,27,378.01,352500,-5000,18-APR-2022,
OPTSTK,JINDALSTEL,28-Apr-2022,540.0,CE,21.55,27.75,20.15,25.1,25.1,133,1872.85,390000,0,18-APR-2022,
OPTSTK,JINDALSTEL,28-Apr-2022,550.0,CE,18.65,22.15,15.0,19.3,19.3,1260,17907.84,962500,92500,18-APR-2022,
OPTSTK,JINDALSTEL,28-Apr-2022,560.0,CE,12.15,17.2,11.35,14.6,14.6,1344,19298.27,1940000,140000,18-APR-2022,
OPTSTK,JINDALSTEL,28-Apr-2022,570.0,CE,10.0,12.5,8.1,10.55,10.55,1157,16783.46,1377500,185000,18-APR-2022,
OPTSTK,JINDALSTEL,28-Apr-2022,580.0,CE,7.3,8.8,5.75,7.35,7.35,653,9586.76,1260000,-42500,18-APR-2022,
OPTSTK,JINDALSTEL,28-Apr-2022,590.0,CE,6.45,6.45,4.1,5.0,5.0,407,6054.78,500000,92500,18-APR-2022,
OPTSTK,JINDALSTEL,28-Apr-2022,600.0,CE,4.6,4.6,2.8,3.55,3.55,665,10033.81,1952500,-232500,18-APR-2022,
OPTSTK,JINDALSTEL,28-Apr-2022,610.0,CE,2.65,3.2,2.1,2.5,2.5,169,2588.26,332500,-37500,18-APR-2022,
OPTSTK,JINDALSTEL,28-Apr-2022,620.0,CE,1.75,2.35,1.55,1.75,1.75,242,3762.33,642500,-82500,18-APR-2022,
OPTSTK,JINDALSTEL,28-Apr-2022,630.0,CE,1.15,1.5,1.0,1.05,1.05,142,2240.89,467500,35000,18-APR-2022,
OPTSTK,JINDALSTEL,28-Apr-2022,640.0,CE,1.2,1.2,0.75,0.75,0.75,69,1105.69,305000,-7500,18-APR-2022,
OPTSTK,JINDALSTEL,28-Apr-2022,650.0,CE,0.75,0.85,0.55,0.6,0.6,96,1561.73,287500,-25000,18-APR-2022,
OPTSTK,JINDALSTEL,28-Apr-2022,660.0,CE,0.6,0.7,0.4,0.4,0.9,41,677.1,65000,-5000,18-APR-2022,
OPTSTK,JINDALSTEL,28-Apr-2022,260.0,PE,0.0,0.0,0.0,4.6,0.0,0,0.0,0,0,18-APR-2022,
OPTSTK,JINDALSTEL,28-Apr-2022,270.0,PE,0.0,0.0,0.0,6.05,0.0,0,0.0,0,0,18-APR-2022,
OPTSTK,JINDALSTEL,28-Apr-2022,280.0,PE,0.0,0.0,0.0,7.8,0.0,0,0.0,0,0,18-APR-2022,
OPTSTK,JINDALSTEL,28-Apr-2022,290.0,PE,0.0,0.0,0.0,0.05,0.0,0,0.0,0,0,18-APR-2022,
OPTSTK,JINDALSTEL,28-Apr-2022,300.0,PE,0.0,0.0,0.0,0.15,0.0,0,0.0,42500,0,18-APR-2022,
OPTSTK,JINDALSTEL,28-Apr-2022,310.0,PE,0.0,0.0,0.0,15.1,0.0,0,0.0,0,0,18-APR-2022,
OPTSTK,JINDALSTEL,28-Apr-2022,320.0,PE,0.0,0.0,0.0,18.25,0.0,0,0.0,0,0,18-APR-2022,
OPTSTK,JINDALSTEL,28-Apr-2022,330.0,PE,0.0,0.0,0.0,21.75,0.0,0,0.0,0,0,18-APR-2022,
OPTSTK,JINDALSTEL,28-Apr-2022,340.0,PE,0.0,0.0,0.0,25.65,0.0,0,0.0,0,0,18-APR-2022,
OPTSTK,JINDALSTEL,28-Apr-2022,350.0,PE,0.0,0.0,0.0,0.1,0.0,0,0.0,30000,0,18-APR-2022,
OPTSTK,JINDALSTEL,28-Apr-2022,360.0,PE,0.0,0.0,0.0,0.4,0.0,0,0.0,12500,0,18-APR-2022,
OPTSTK,JINDALSTEL,28-Apr-2022,370.0,PE,0.0,0.0,0.0,0.4,0.0,0,0.0,7500,0,18-APR-2022,
OPTSTK,JINDALSTEL,28-Apr-2022,380.0,PE,0.0,0.0,0.0,5.0,0.0,0,0.0,5000,0,18-APR-2022,
OPTSTK,JINDALSTEL,28-Apr-2022,390.0,PE,0.0,0.0,0.0,0.45,0.0,0,0.0,15000,0,18-APR-2022,
OPTSTK,JINDALSTEL,28-Apr-2022,400.0,PE,0.2,0.2,0.05,0.1,0.1,25,250.07,232500,-30000,18-APR-2022,
OPTSTK,JINDALSTEL,28-Apr-2022,410.0,PE,0.0,0.0,0.0,0.2,0.05,0,0.0,25000,0,18-APR-2022,
OPTSTK,JINDALSTEL,28-Apr-2022,420.0,PE,0.0,0.0,0.0,0.3,0.05,0,0.0,92500,0,18-APR-2022,
OPTSTK,JINDALSTEL,28-Apr-2022,430.0,PE,0.0,0.0,0.0,0.45,0.1,0,0.0,177500,0,18-APR-2022,
OPTSTK,JINDALSTEL,28-Apr-2022,440.0,PE,0.0,0.0,0.0,0.35,0.2,0,0.0,67500,0,18-APR-2022,
OPTSTK,JINDALSTEL,28-Apr-2022,450.0,PE,0.65,0.75,0.45,0.65,0.65,60,675.86,375000,-65000,18-APR-2022,
OPTSTK,JINDALSTEL,28-Apr-2022,460.0,PE,0.75,0.85,0.55,0.65,0.65,21,241.84,210000,-12500,18-APR-2022,
OPTSTK,JINDALSTEL,28-Apr-2022,470.0,PE,1.0,1.05,0.75,0.75,1.0,28,329.61,257500,-7500,18-APR-2022,
OPTSTK,JINDALSTEL,28-Apr-2022,480.0,PE,1.35,1.7,1.05,1.05,1.05,56,673.85,217500,-27500,18-APR-2022,
OPTSTK,JINDALSTEL,28-Apr-2022,490.0,PE,1.8,2.6,1.5,1.5,1.5,43,528.82,157500,-45000,18-APR-2022,
OPTSTK,JINDALSTEL,28-Apr-2022,500.0,PE,2.4,3.5,2.1,2.25,2.25,329,4134.27,945000,-47500,18-APR-2022,
OPTSTK,JINDALSTEL,28-Apr-2022,510.0,PE,4.15,5.15,3.0,3.2,3.2,116,1490.17,315000,-10000,18-APR-2022,
OPTSTK,JINDALSTEL,28-Apr-2022,520.0,PE,5.3,7.35,4.3,4.75,4.75,317,4166.33,592500,-72500,18-APR-2022,
OPTSTK,JINDALSTEL,28-Apr-2022,530.0,PE,7.7,10.3,6.0,6.75,6.75,242,3256.63,617500,-5000,18-APR-2022,
OPTSTK,JINDALSTEL,28-Apr-2022,540.0,PE,17.85,17.85,9.0,9.9,9.9,381,5254.39,517500,65000,18-APR-2022,
OPTSTK,JINDALSTEL,28-Apr-2022,550.0,PE,16.2,19.5,12.4,14.35,14.35,818,11570.67,665000,-20000,18-APR-2022,
OPTSTK,JINDALSTEL,28-Apr-2022,560.0,PE,20.5,26.0,17.0,19.2,19.2,216,3139.43,397500,-32500,18-APR-2022,
OPTSTK,JINDALSTEL,28-Apr-2022,570.0,PE,27.35,31.85,25.45,31.85,31.15,12,179.39,205000,-15000,18-APR-2022,
OPTSTK,JINDALSTEL,28-Apr-2022,580.0,PE,31.0,31.0,31.0,31.0,37.8,1,15.27,57500,0,18-APR-2022,
OPTSTK,JINDALSTEL,28-Apr-2022,590.0,PE,44.5,44.5,39.35,39.65,39.65,5,78.94,7500,5000,18-APR-2022,
OPTSTK,JINDALSTEL,28-Apr-2022,600.0,PE,48.5,53.65,45.9,46.3,52.9,7,113.65,72500,5000,18-APR-2022,
OPTSTK,JINDALSTEL,28-Apr-2022,610.0,PE,0.0,0.0,0.0,166.9,61.2,0,0.0,0,0,18-APR-2022,
OPTSTK,JINDALSTEL,28-Apr-2022,620.0,PE,0.0,0.0,0.0,154.95,69.85,0,0.0,0,0,18-APR-2022,
OPTSTK,JINDALSTEL,28-Apr-2022,630.0,PE,0.0,0.0,0.0,164.05,78.85,0,0.0,0,0,18-APR-2022,
OPTSTK,JINDALSTEL,28-Apr-2022,640.0,PE,0.0,0.0,0.0,162.7,88.1,0,0.0,0,0,18-APR-2022,
OPTSTK,JINDALSTEL,28-Apr-2022,650.0,PE,0.0,0.0,0.0,163.3,97.5,0,0.0,0,0,18-APR-2022,
OPTSTK,JINDALSTEL,28-Apr-2022,660.0,PE,0.0,0.0,0.0,151.3,107.1,0,0.0,0,0,18-APR-2022,
OPTSTK,JINDALSTEL,26-May-2022,260.0,CE,0.0,0.0,0.0,117.35,294.2,0,0.0,0,0,18-APR-2022,
OPTSTK,JINDALSTEL,26-May-2022,270.0,CE,0.0,0.0,0.0,109.0,284.25,0,0.0,0,0,18-APR-2022,
OPTSTK,JINDALSTEL,26-May-2022,280.0,CE,0.0,0.0,0.0,100.95,274.3,0,0.0,0,0,18-APR-2022,
OPTSTK,JINDALSTEL,26-May-2022,290.0,CE,0.0,0.0,0.0,93.25,264.35,0,0.0,0,0,18-APR-2022,
OPTSTK,JINDALSTEL,26-May-2022,300.0,CE,0.0,0.0,0.0,85.95,254.4,0,0.0,0,0,18-APR-2022,
OPTSTK,JINDALSTEL,26-May-2022,310.0,CE,0.0,0.0,0.0,78.95,244.45,0,0.0,0,0,18-APR-2022,
OPTSTK,JINDALSTEL,26-May-2022,320.0,CE,0.0,0.0,0.0,72.35,234.55,0,0.0,0,0,18-APR-2022,
OPTSTK,JINDALSTEL,26-May-2022,330.0,CE,0.0,0.0,0.0,66.15,224.6,0,0.0,0,0,18-APR-2022,
OPTSTK,JINDALSTEL,26-May-2022,340.0,CE,0.0,0.0,0.0,60.3,214.7,0,0.0,0,0,18-APR-2022,
OPTSTK,JINDALSTEL,26-May-2022,350.0,CE,0.0,0.0,0.0,54.9,204.85,0,0.0,0,0,18-APR-2022,
OPTSTK,JINDALSTEL,26-May-2022,360.0,CE,0.0,0.0,0.0,49.85,195.0,0,0.0,0,0,18-APR-2022,
OPTSTK,JINDALSTEL,26-May-2022,370.0,CE,0.0,0.0,0.0,45.15,185.25,0,0.0,0,0,18-APR-2022,
OPTSTK,JINDALSTEL,26-May-2022,380.0,CE,0.0,0.0,0.0,40.85,175.55,0,0.0,0,0,18-APR-2022,
OPTSTK,JINDALSTEL,26-May-2022,390.0,CE,0.0,0.0,0.0,36.85,165.95,0,0.0,0,0,18-APR-2022,
OPTSTK,JINDALSTEL,26-May-2022,400.0,CE,0.0,0.0,0.0,33.2,156.45,0,0.0,0,0,18-APR-2022,
OPTSTK,JINDALSTEL,26-May-2022,410.0,CE,0.0,0.0,0.0,29.85,147.1,0,0.0,0,0,18-APR-2022,
OPTSTK,JINDALSTEL,26-May-2022,420.0,CE,0.0,0.0,0.0,26.8,137.9,0,0.0,0,0,18-APR-2022,
OPTSTK,JINDALSTEL,26-May-2022,430.0,CE,0.0,0.0,0.0,24.05,128.9,0,0.0,0,0,18-APR-2022,
OPTSTK,JINDALSTEL,26-May-2022,440.0,CE,0.0,0.0,0.0,21.55,120.15,0,0.0,0,0,18-APR-2022,
OPTSTK,JINDALSTEL,26-May-2022,450.0,CE,0.0,0.0,0.0,19.3,111.6,0,0.0,0,0,18-APR-2022,
OPTSTK,JINDALSTEL,26-May-2022,460.0,CE,0.0,0.0,0.0,17.2,103.4,0,0.0,0,0,18-APR-2022,
OPTSTK,JINDALSTEL,26-May-2022,470.0,CE,0.0,0.0,0.0,15.35,95.45,0,0.0,0,0,18-APR-2022,
OPTSTK,JINDALSTEL,26-May-2022,480.0,CE,0.0,0.0,0.0,13.7,87.85,0,0.0,0,0,18-APR-2022,
OPTSTK,JINDALSTEL,26-May-2022,490.0,CE,0.0,0.0,0.0,12.2,80.6,0,0.0,0,0,18-APR-2022,
OPTSTK,JINDALSTEL,26-May-2022,500.0,CE,0.0,0.0,0.0,10.85,73.65,0,0.0,0,0,18-APR-2022,
OPTSTK,JINDALSTEL,26-May-2022,510.0,CE,0.0,0.0,0.0,9.65,67.1,0,0.0,0,0,18-APR-2022,
OPTSTK,JINDALSTEL,26-May-2022,520.0,CE,0.0,0.0,0.0,8.55,60.95,0,0.0,0,0,18-APR-2022,
OPTSTK,JINDALSTEL,26-May-2022,530.0,CE,0.0,0.0,0.0,7.6,55.2,0,0.0,0,0,18-APR-2022,
OPTSTK,JINDALSTEL,26-May-2022,540.0,CE,0.0,0.0,0.0,11.75,49.85,0,0.0,0,0,18-APR-2022,
OPTSTK,JINDALSTEL,26-May-2022,550.0,CE,34.35,37.5,34.35,37.45,37.45,26,381.0,175000,52500,18-APR-2022,
OPTSTK,JINDALSTEL,26-May-2022,560.0,CE,31.85,31.95,31.85,31.95,40.2,2,29.59,2500,-2500,18-APR-2022,
OPTSTK,JINDALSTEL,26-May-2022,570.0,CE,27.9,27.9,27.9,27.9,27.9,1,14.94,10000,2500,18-APR-2022,
OPTSTK,JINDALSTEL,26-May-2022,580.0,CE,0.0,0.0,0.0,11.75,32.1,0,0.0,0,0,18-APR-2022,
OPTSTK,JINDALSTEL,26-May-2022,590.0,CE,22.75,22.75,22.75,22.75,22.75,1,15.31,7500,2500,18-APR-2022,
OPTSTK,JINDALSTEL,26-May-2022,600.0,CE,15.0,16.1,15.0,16.1,25.3,13,199.96,30000,27500,18-APR-2022,
OPTSTK,JINDALSTEL,26-May-2022,610.0,CE,0.0,0.0,0.0,11.9,22.35,0,0.0,0,0,18-APR-2022,
OPTSTK,JINDALSTEL,26-May-2022,620.0,CE,10.0,10.0,10.0,10.0,19.75,1,15.75,2500,2500,18-APR-2022,
OPTSTK,JINDALSTEL,26-May-2022,630.0,CE,0.0,0.0,0.0,11.85,17.35,0,0.0,0,0,18-APR-2022,
OPTSTK,JINDALSTEL,26-May-2022,640.0,CE,0.0,0.0,0.0,12.1,15.25,0,0.0,0,0,18-APR-2022,
OPTSTK,JINDALSTEL,26-May-2022,650.0,CE,0.0,0.0,0.0,10.4,13.35,0,0.0,0,0,18-APR-2022,
OPTSTK,JINDALSTEL,26-May-2022,660.0,CE,0.0,0.0,0.0,12.75,11.65,0,0.0,0,0,18-APR-2022,
OPTSTK,JINDALSTEL,26-May-2022,260.0,PE,0.0,0.0,0.0,4.85,0.0,0,0.0,0,0,18-APR-2022,
OPTSTK,JINDALSTEL,26-May-2022,270.0,PE,0.0,0.0,0.0,6.4,0.0,0,0.0,0,0,18-APR-2022,
OPTSTK,JINDALSTEL,26-May-2022,280.0,PE,0.0,0.0,0.0,8.25,0.0,0,0.0,0,0,18-APR-2022,
OPTSTK,JINDALSTEL,26-May-2022,290.0,PE,0.0,0.0,0.0,10.45,0.05,0,0.0,0,0,18-APR-2022,
OPTSTK,JINDALSTEL,26-May-2022,300.0,PE,0.0,0.0,0.0,13.0,0.05,0,0.0,0,0,18-APR-2022,
OPTSTK,JINDALSTEL,26-May-2022,310.0,PE,0.0,0.0,0.0,15.9,0.05,0,0.0,0,0,18-APR-2022,
OPTSTK,JINDALSTEL,26-May-2022,320.0,PE,0.0,0.0,0.0,19.2,0.05,0,0.0,0,0,18-APR-2022,
OPTSTK,JINDALSTEL,26-May-2022,330.0,PE,0.0,0.0,0.0,22.85,0.1,0,0.0,0,0,18-APR-2022,
OPTSTK,JINDALSTEL,26-May-2022,340.0,PE,0.0,0.0,0.0,26.95,0.15,0,0.0,0,0,18-APR-2022,
OPTSTK,JINDALSTEL,26-May-2022,350.0,PE,0.0,0.0,0.0,31.4,0.25,0,0.0,0,0,18-APR-2022,
OPTSTK,JINDALSTEL,26-May-2022,360.0,PE,0.0,0.0,0.0,36.25,0.35,0,0.0,0,0,18-APR-2022,
OPTSTK,JINDALSTEL,26-May-2022,370.0,PE,0.0,0.0,0.0,41.5,0.55,0,0.0,0,0,18-APR-2022,
OPTSTK,JINDALSTEL,26-May-2022,380.0,PE,0.0,0.0,0.0,47.05,0.8,0,0.0,0,0,18-APR-2022,
OPTSTK,JINDALSTEL,26-May-2022,390.0,PE,0.0,0.0,0.0,52.95,1.15,0,0.0,0,0,18-APR-2022,
OPTSTK,JINDALSTEL,26-May-2022,400.0,PE,0.0,0.0,0.0,59.2,1.6,0,0.0,0,0,18-APR-2022,
OPTSTK,JINDALSTEL,26-May-2022,410.0,PE,0.0,0.0,0.0,65.75,2.2,0,0.0,0,0,18-APR-2022,
OPTSTK,JINDALSTEL,26-May-2022,420.0,PE,0.0,0.0,0.0,72.6,3.0,0,0.0,0,0,18-APR-2022,
OPTSTK,JINDALSTEL,26-May-2022,430.0,PE,0.0,0.0,0.0,79.75,3.95,0,0.0,0,0,18-APR-2022,
OPTSTK,JINDALSTEL,26-May-2022,440.0,PE,0.0,0.0,0.0,87.15,5.15,0,0.0,0,0,18-APR-2022,
OPTSTK,JINDALSTEL,26-May-2022,450.0,PE,0.0,0.0,0.0,94.75,6.6,0,0.0,0,0,18-APR-2022,
OPTSTK,JINDALSTEL,26-May-2022,460.0,PE,0.0,0.0,0.0,4.9,8.3,0,0.0,5000,0,18-APR-2022,
OPTSTK,JINDALSTEL,26-May-2022,470.0,PE,0.0,0.0,0.0,110.65,10.3,0,0.0,0,0,18-APR-2022,
OPTSTK,JINDALSTEL,26-May-2022,480.0,PE,5.7,8.0,2.8,7.1,7.1,28,340.79,45000,45000,18-APR-2022,
OPTSTK,JINDALSTEL,26-May-2022,490.0,PE,8.0,9.35,8.0,9.35,15.35,2,24.93,0,0,18-APR-2022,
OPTSTK,JINDALSTEL,26-May-2022,500.0,PE,9.0,12.6,9.0,12.35,18.4,12,153.43,12500,12500,18-APR-2022,
OPTSTK,JINDALSTEL,26-May-2022,510.0,PE,0.0,0.0,0.0,144.5,21.8,0,0.0,0,0,18-APR-2022,
OPTSTK,JINDALSTEL,26-May-2022,520.0,PE,0.0,0.0,0.0,153.3,25.65,0,0.0,0,0,18-APR-2022,
OPTSTK,JINDALSTEL,26-May-2022,530.0,PE,0.0,0.0,0.0,162.25,29.8,0,0.0,0,0,18-APR-2022,
OPTSTK,JINDALSTEL,26-May-2022,540.0,PE,25.7,26.65,25.7,26.65,34.4,2,28.3,5000,2500,18-APR-2022,
OPTSTK,JINDALSTEL,26-May-2022,550.0,PE,32.0,32.0,28.3,29.6,29.6,11,159.35,42500,7500,18-APR-2022,
OPTSTK,JINDALSTEL,26-May-2022,560.0,PE,0.0,0.0,0.0,164.0,44.7,0,0.0,0,0,18-APR-2022,
OPTSTK,JINDALSTEL,26-May-2022,570.0,PE,40.2,40.2,40.2,40.2,50.4,1,15.25,2500,2500,18-APR-2022,
OPTSTK,JINDALSTEL,26-May-2022,580.0,PE,0.0,0.0,0.0,161.15,56.45,0,0.0,0,0,18-APR-2022,
OPTSTK,JINDALSTEL,26-May-2022,590.0,PE,0.0,0.0,0.0,154.5,62.85,0,0.0,0,0,18-APR-2022,
OPTSTK,JINDALSTEL,26-May-2022,600.0,PE,0.0,0.0,0.0,163.1,69.6,0,0.0,0,0,18-APR-2022,
OPTSTK,JINDALSTEL,26-May-2022,610.0,PE,0.0,0.0,0.0,170.9,76.6,0,0.0,0,0,18-APR-2022,
OPTSTK,JINDALSTEL,26-May-2022,620.0,PE,0.0,0.0,0.0,159.8,83.95,0,0.0,0,0,18-APR-2022,
OPTSTK,JINDALSTEL,26-May-2022,630.0,PE,0.0,0.0,0.0,168.45,91.55,0,0.0,0,0,18-APR-2022,
OPTSTK,JINDALSTEL,26-May-2022,640.0,PE,0.0,0.0,0.0,167.4,99.35,0,0.0,0,0,18-APR-2022,
OPTSTK,JINDALSTEL,26-May-2022,650.0,PE,0.0,0.0,0.0,167.85,107.4,0,0.0,0,0,18-APR-2022,
OPTSTK,JINDALSTEL,26-May-2022,660.0,PE,0.0,0.0,0.0,157.15,115.7,0,0.0,0,0,18-APR-2022,
OPTSTK,JINDALSTEL,30-Jun-2022,350.0,CE,0.0,0.0,0.0,191.0,207.9,0,0.0,0,0,18-APR-2022,
OPTSTK,JINDALSTEL,30-Jun-2022,360.0,CE,0.0,0.0,0.0,182.2,198.55,0,0.0,0,0,18-APR-2022,
OPTSTK,JINDALSTEL,30-Jun-2022,370.0,CE,0.0,0.0,0.0,173.55,189.35,0,0.0,0,0,18-APR-2022,
OPTSTK,JINDALSTEL,30-Jun-2022,380.0,CE,0.0,0.0,0.0,165.15,180.3,0,0.0,0,0,18-APR-2022,
OPTSTK,JINDALSTEL,30-Jun-2022,390.0,CE,0.0,0.0,0.0,156.9,171.4,0,0.0,0,0,18-APR-2022,
OPTSTK,JINDALSTEL,30-Jun-2022,400.0,CE,0.0,0.0,0.0,148.9,162.7,0,0.0,0,0,18-APR-2022,
OPTSTK,JINDALSTEL,30-Jun-2022,410.0,CE,0.0,0.0,0.0,141.1,154.2,0,0.0,0,0,18-APR-2022,
OPTSTK,JINDALSTEL,30-Jun-2022,420.0,CE,0.0,0.0,0.0,133.6,145.9,0,0.0,0,0,18-APR-2022,
OPTSTK,JINDALSTEL,30-Jun-2022,430.0,CE,0.0,0.0,0.0,126.3,137.85,0,0.0,0,0,18-APR-2022,
OPTSTK,JINDALSTEL,30-Jun-2022,440.0,CE,0.0,0.0,0.0,119.25,130.05,0,0.0,0,0,18-APR-2022,
OPTSTK,JINDALSTEL,30-Jun-2022,450.0,CE,0.0,0.0,0.0,112.5,122.45,0,0.0,0,0,18-APR-2022,
OPTSTK,JINDALSTEL,30-Jun-2022,460.0,CE,0.0,0.0,0.0,105.95,115.2,0,0.0,0,0,18-APR-2022,
OPTSTK,JINDALSTEL,30-Jun-2022,470.0,CE,0.0,0.0,0.0,99.7,108.15,0,0.0,0,0,18-APR-2022,
OPTSTK,JINDALSTEL,30-Jun-2022,480.0,CE,0.0,0.0,0.0,93.7,101.4,0,0.0,0,0,18-APR-2022,
OPTSTK,JINDALSTEL,30-Jun-2022,490.0,CE,0.0,0.0,0.0,88.0,94.9,0,0.0,0,0,18-APR-2022,
OPTSTK,JINDALSTEL,30-Jun-2022,500.0,CE,0.0,0.0,0.0,82.55,88.7,0,0.0,0,0,18-APR-2022,
OPTSTK,JINDALSTEL,30-Jun-2022,510.0,CE,0.0,0.0,0.0,77.35,82.8,0,0.0,0,0,18-APR-2022,
OPTSTK,JINDALSTEL,30-Jun-2022,520.0,CE,0.0,0.0,0.0,72.4,77.15,0,0.0,0,0,18-APR-2022,
OPTSTK,JINDALSTEL,30-Jun-2022,530.0,CE,0.0,0.0,0.0,67.7,71.85,0,0.0,0,0,18-APR-2022,
OPTSTK,JINDALSTEL,30-Jun-2022,540.0,CE,0.0,0.0,0.0,63.3,66.8,0,0.0,0,0,18-APR-2022,
OPTSTK,JINDALSTEL,30-Jun-2022,550.0,CE,0.0,0.0,0.0,59.1,62.0,0,0.0,0,0,18-APR-2022,
OPTSTK,JINDALSTEL,30-Jun-2022,560.0,CE,0.0,0.0,0.0,55.1,57.5,0,0.0,0,0,18-APR-2022,
OPTSTK,JINDALSTEL,30-Jun-2022,570.0,CE,0.0,0.0,0.0,51.35,53.25,0,0.0,0,0,18-APR-2022,
OPTSTK,JINDALSTEL,30-Jun-2022,580.0,CE,0.0,0.0,0.0,47.85,49.25,0,0.0,0,0,18-APR-2022,
OPTSTK,JINDALSTEL,30-Jun-2022,590.0,CE,0.0,0.0,0.0,44.55,45.5,0,0.0,0,0,18-APR-2022,
OPTSTK,JINDALSTEL,30-Jun-2022,600.0,CE,0.0,0.0,0.0,41.4,42.0,0,0.0,0,0,18-APR-2022,
OPTSTK,JINDALSTEL,30-Jun-2022,610.0,CE,0.0,0.0,0.0,38.5,38.75,0,0.0,0,0,18-APR-2022,
OPTSTK,JINDALSTEL,30-Jun-2022,620.0,CE,0.0,0.0,0.0,35.75,35.7,0,0.0,0,0,18-APR-2022,
OPTSTK,JINDALSTEL,30-Jun-2022,630.0,CE,0.0,0.0,0.0,33.2,32.85,0,0.0,0,0,18-APR-2022,
OPTSTK,JINDALSTEL,30-Jun-2022,640.0,CE,0.0,0.0,0.0,30.8,30.2,0,0.0,0,0,18-APR-2022,
OPTSTK,JINDALSTEL,30-Jun-2022,650.0,CE,0.0,0.0,0.0,28.55,27.75,0,0.0,0,0,18-APR-2022,
OPTSTK,JINDALSTEL,30-Jun-2022,660.0,CE,0.0,0.0,0.0,26.45,25.45,0,0.0,0,0,18-APR-2022,
OPTSTK,JINDALSTEL,30-Jun-2022,350.0,PE,0.0,0.0,0.0,4.45,1.9,0,0.0,0,0,18-APR-2022,
OPTSTK,JINDALSTEL,30-Jun-2022,360.0,PE,0.0,0.0,0.0,5.55,2.45,0,0.0,0,0,18-APR-2022,
OPTSTK,JINDALSTEL,30-Jun-2022,370.0,PE,0.0,0.0,0.0,6.8,3.2,0,0.0,0,0,18-APR-2022,
OPTSTK,JINDALSTEL,30-Jun-2022,380.0,PE,0.0,0.0,0.0,8.3,4.05,0,0.0,0,0,18-APR-2022,
OPTSTK,JINDALSTEL,30-Jun-2022,390.0,PE,0.0,0.0,0.0,9.95,5.05,0,0.0,0,0,18-APR-2022,
OPTSTK,JINDALSTEL,30-Jun-2022,400.0,PE,0.0,0.0,0.0,11.85,6.3,0,0.0,0,0,18-APR-2022,
OPTSTK,JINDALSTEL,30-Jun-2022,410.0,PE,0.0,0.0,0.0,13.95,7.7,0,0.0,0,0,18-APR-2022,
OPTSTK,JINDALSTEL,30-Jun-2022,420.0,PE,0.0,0.0,0.0,16.3,9.3,0,0.0,0,0,18-APR-2022,
OPTSTK,JINDALSTEL,30-Jun-2022,430.0,PE,0.0,0.0,0.0,18.95,11.15,0,0.0,0,0,18-APR-2022,
OPTSTK,JINDALSTEL,30-Jun-2022,440.0,PE,0.0,0.0,0.0,21.8,13.25,0,0.0,0,0,18-APR-2022,
OPTSTK,JINDALSTEL,30-Jun-2022,450.0,PE,0.0,0.0,0.0,24.9,15.6,0,0.0,0,0,18-APR-2022,
OPTSTK,JINDALSTEL,30-Jun-2022,460.0,PE,0.0,0.0,0.0,28.25,18.25,0,0.0,0,0,18-APR-2022,
OPTSTK,JINDALSTEL,30-Jun-2022,470.0,PE,0.0,0.0,0.0,31.9,21.1,0,0.0,0,0,18-APR-2022,
OPTSTK,JINDALSTEL,30-Jun-2022,480.0,PE,0.0,0.0,0.0,35.8,24.25,0,0.0,0,0,18-APR-2022,
OPTSTK,JINDALSTEL,30-Jun-2022,490.0,PE,0.0,0.0,0.0,40.0,27.7,0,0.0,0,0,18-APR-2022,
OPTSTK,JINDALSTEL,30-Jun-2022,500.0,PE,0.0,0.0,0.0,44.45,31.4,0,0.0,0,0,18-APR-2022,
OPTSTK,JINDALSTEL,30-Jun-2022,510.0,PE,0.0,0.0,0.0,49.15,35.4,0,0.0,0,0,18-APR-2022,
OPTSTK,JINDALSTEL,30-Jun-2022,520.0,PE,0.0,0.0,0.0,54.1,39.7,0,0.0,0,0,18-APR-2022,
OPTSTK,JINDALSTEL,30-Jun-2022,530.0,PE,0.0,0.0,0.0,59.3,44.3,0,0.0,0,0,18-APR-2022,
OPTSTK,JINDALSTEL,30-Jun-2022,540.0,PE,0.0,0.0,0.0,64.75,49.15,0,0.0,0,0,18-APR-2022,
OPTSTK,JINDALSTEL,30-Jun-2022,550.0,PE,56.5,56.5,56.5,56.5,54.3,1,15.16,2500,2500,18-APR-2022,
OPTSTK,JINDALSTEL,30-Jun-2022,560.0,PE,0.0,0.0,0.0,76.4,59.7,0,0.0,0,0,18-APR-2022,
OPTSTK,JINDALSTEL,30-Jun-2022,570.0,PE,0.0,0.0,0.0,82.55,65.4,0,0.0,0,0,18-APR-2022,
OPTSTK,JINDALSTEL,30-Jun-2022,580.0,PE,0.0,0.0,0.0,88.9,71.3,0,0.0,0,0,18-APR-2022,
OPTSTK,JINDALSTEL,30-Jun-2022,590.0,PE,0.0,0.0,0.0,95.45,77.45,0,0.0,0,0,18-APR-2022,
OPTSTK,JINDALSTEL,30-Jun-2022,600.0,PE,0.0,0.0,0.0,102.25,83.9,0,0.0,0,0,18-APR-2022,
OPTSTK,JINDALSTEL,30-Jun-2022,610.0,PE,0.0,0.0,0.0,109.2,90.5,0,0.0,0,0,18-APR-2022,
OPTSTK,JINDALSTEL,30-Jun-2022,620.0,PE,0.0,0.0,0.0,116.35,97.4,0,0.0,0,0,18-APR-2022,
OPTSTK,JINDALSTEL,30-Jun-2022,630.0,PE,0.0,0.0,0.0,123.7,104.45,0,0.0,0,0,18-APR-2022,
OPTSTK,JINDALSTEL,30-Jun-2022,640.0,PE,0.0,0.0,0.0,131.2,111.7,0,0.0,0,0,18-APR-2022,
OPTSTK,JINDALSTEL,30-Jun-2022,650.0,PE,0.0,0.0,0.0,138.85,119.2,0,0.0,0,0,18-APR-2022,
OPTSTK,JINDALSTEL,30-Jun-2022,660.0,PE,0.0,0.0,0.0,146.65,126.85,0,0.0,0,0,18-APR-2022,
OPTSTK,JKCEMENT,28-Apr-2022,1500.0,CE,0.0,0.0,0.0,1422.55,1228.0,0,0.0,0,0,18-APR-2022,
OPTSTK,JKCEMENT,28-Apr-2022,1550.0,CE,0.0,0.0,0.0,1372.9,1178.05,0,0.0,0,0,18-APR-2022,
OPTSTK,JKCEMENT,28-Apr-2022,1600.0,CE,0.0,0.0,0.0,1390.4,1128.1,0,0.0,0,0,18-APR-2022,
OPTSTK,JKCEMENT,28-Apr-2022,1650.0,CE,0.0,0.0,0.0,1426.9,1078.2,0,0.0,0,0,18-APR-2022,
OPTSTK,JKCEMENT,28-Apr-2022,1700.0,CE,0.0,0.0,0.0,1377.35,1028.25,0,0.0,0,0,18-APR-2022,
OPTSTK,JKCEMENT,28-Apr-2022,1750.0,CE,0.0,0.0,0.0,1327.85,978.3,0,0.0,0,0,18-APR-2022,
OPTSTK,JKCEMENT,28-Apr-2022,1800.0,CE,0.0,0.0,0.0,1411.8,928.35,0,0.0,0,0,18-APR-2022,
OPTSTK,JKCEMENT,28-Apr-2022,1850.0,CE,0.0,0.0,0.0,1401.7,878.4,0,0.0,0,0,18-APR-2022,
OPTSTK,JKCEMENT,28-Apr-2022,1900.0,CE,0.0,0.0,0.0,1352.5,828.45,0,0.0,0,0,18-APR-2022,
OPTSTK,JKCEMENT,28-Apr-2022,1950.0,CE,0.0,0.0,0.0,1303.45,778.5,0,0.0,0,0,18-APR-2022,
OPTSTK,JKCEMENT,28-Apr-2022,2000.0,CE,0.0,0.0,0.0,1254.55,728.55,0,0.0,0,0,18-APR-2022,
OPTSTK,JKCEMENT,28-Apr-2022,2050.0,CE,0.0,0.0,0.0,1205.9,678.65,0,0.0,0,0,18-APR-2022,
OPTSTK,JKCEMENT,28-Apr-2022,2100.0,CE,0.0,0.0,0.0,1157.5,628.7,0,0.0,0,0,18-APR-2022,
OPTSTK,JKCEMENT,28-Apr-2022,2150.0,CE,0.0,0.0,0.0,1109.35,578.8,0,0.0,0,0,18-APR-2022,
OPTSTK,JKCEMENT,28-Apr-2022,2200.0,CE,0.0,0.0,0.0,1061.65,528.95,0,0.0,0,0,18-APR-2022,
OPTSTK,JKCEMENT,28-Apr-2022,2250.0,CE,0.0,0.0,0.0,1014.4,479.25,0,0.0,0,0,18-APR-2022,
OPTSTK,JKCEMENT,28-Apr-2022,2300.0,CE,0.0,0.0,0.0,510.0,429.85,0,0.0,175,0,18-APR-2022,
OPTSTK,JKCEMENT,28-Apr-2022,2350.0,CE,0.0,0.0,0.0,921.55,380.95,0,0.0,0,0,18-APR-2022,
OPTSTK,JKCEMENT,28-Apr-2022,2400.0,CE,0.0,0.0,0.0,410.0,333.0,0,0.0,4200,0,18-APR-2022,
OPTSTK,JKCEMENT,28-Apr-2022,2450.0,CE,0.0,0.0,0.0,831.5,286.5,0,0.0,0,0,18-APR-2022,
OPTSTK,JKCEMENT,28-Apr-2022,2500.0,CE,270.3,270.3,270.3,270.3,242.15,1,4.84,8400,0,18-APR-2022,
OPTSTK,JKCEMENT,28-Apr-2022,2550.0,CE,0.0,0.0,0.0,744.95,200.55,0,0.0,0,0,18-APR-2022,
OPTSTK,JKCEMENT,28-Apr-2022,2600.0,CE,165.0,190.0,163.25,190.0,162.6,3,14.55,3850,-175,18-APR-2022,
OPTSTK,JKCEMENT,28-Apr-2022,2650.0,CE,0.0,0.0,0.0,662.55,128.55,0,0.0,0,0,18-APR-2022,
OPTSTK,JKCEMENT,28-Apr-2022,2700.0,CE,115.2,115.2,95.0,101.65,101.65,14,68.72,11900,0,18-APR-2022,
OPTSTK,JKCEMENT,28-Apr-2022,2750.0,CE,80.0,80.0,80.0,80.0,74.6,2,9.9,350,350,18-APR-2022,
OPTSTK,JKCEMENT,28-Apr-2022,2800.0,CE,70.0,78.4,45.05,51.0,51.0,74,370.19,16800,875,18-APR-2022,
OPTSTK,JKCEMENT,28-Apr-2022,2850.0,CE,34.25,42.2,33.05,33.05,38.9,3,15.15,2100,0,18-APR-2022,
OPTSTK,JKCEMENT,28-Apr-2022,2900.0,CE,33.1,37.45,21.6,25.45,25.45,42,215.23,6300,700,18-APR-2022,
OPTSTK,JKCEMENT,28-Apr-2022,2950.0,CE,0.0,0.0,0.0,41.15,18.2,0,0.0,1050,0,18-APR-2022,
OPTSTK,JKCEMENT,28-Apr-2022,3000.0,CE,25.0,25.0,9.05,10.1,10.1,84,442.95,14525,-2625,18-APR-2022,
OPTSTK,JKCEMENT,28-Apr-2022,3050.0,CE,7.2,8.9,7.2,8.9,7.6,2,10.7,175,0,18-APR-2022,
OPTSTK,JKCEMENT,28-Apr-2022,3100.0,CE,6.6,6.6,6.0,6.0,4.75,3,16.3,4900,0,18-APR-2022,
OPTSTK,JKCEMENT,28-Apr-2022,3150.0,CE,14.55,14.55,14.55,14.55,2.85,1,5.53,350,175,18-APR-2022,
OPTSTK,JKCEMENT,28-Apr-2022,3200.0,CE,7.1,7.1,4.1,4.1,1.7,7,39.27,4025,-875,18-APR-2022,
OPTSTK,JKCEMENT,28-Apr-2022,3250.0,CE,0.0,0.0,0.0,280.65,1.0,0,0.0,0,0,18-APR-2022,
OPTSTK,JKCEMENT,28-Apr-2022,3300.0,CE,2.0,2.2,2.0,2.2,0.55,2,11.55,1400,-175,18-APR-2022,
OPTSTK,JKCEMENT,28-Apr-2022,3350.0,CE,0.0,0.0,0.0,237.25,0.3,0,0.0,0,0,18-APR-2022,
OPTSTK,JKCEMENT,28-Apr-2022,3400.0,CE,0.0,0.0,0.0,217.6,0.2,0,0.0,0,0,18-APR-2022,
OPTSTK,JKCEMENT,28-Apr-2022,3450.0,CE,0.0,0.0,0.0,199.3,0.1,0,0.0,0,0,18-APR-2022,
OPTSTK,JKCEMENT,28-Apr-2022,3500.0,CE,0.0,0.0,0.0,182.2,0.05,0,0.0,0,0,18-APR-2022,
OPTSTK,JKCEMENT,28-Apr-2022,3550.0,CE,0.0,0.0,0.0,166.35,0.05,0,0.0,0,0,18-APR-2022,
OPTSTK,JKCEMENT,28-Apr-2022,3600.0,CE,0.0,0.0,0.0,151.6,0.05,0,0.0,0,0,18-APR-2022,
OPTSTK,JKCEMENT,28-Apr-2022,3650.0,CE,0.0,0.0,0.0,138.0,0.05,0,0.0,0,0,18-APR-2022,
OPTSTK,JKCEMENT,28-Apr-2022,3700.0,CE,0.0,0.0,0.0,125.6,0.0,0,0.0,0,0,18-APR-2022,
OPTSTK,JKCEMENT,28-Apr-2022,3750.0,CE,0.0,0.0,0.0,114.05,0.0,0,0.0,0,0,18-APR-2022,
OPTSTK,JKCEMENT,28-Apr-2022,3800.0,CE,0.0,0.0,0.0,103.45,0.0,0,0.0,0,0,18-APR-2022,
OPTSTK,JKCEMENT,28-Apr-2022,3850.0,CE,0.0,0.0,0.0,93.55,0.0,0,0.0,0,0,18-APR-2022,
OPTSTK,JKCEMENT,28-Apr-2022,3900.0,CE,0.0,0.0,0.0,84.6,0.0,0,0.0,0,0,18-APR-2022,
OPTSTK,JKCEMENT,28-Apr-2022,3950.0,CE,0.0,0.0,0.0,76.4,0.0,0,0.0,0,0,18-APR-2022,
OPTSTK,JKCEMENT,28-Apr-2022,4000.0,CE,0.0,0.0,0.0,68.9,0.0,0,0.0,0,0,18-APR-2022,
OPTSTK,JKCEMENT,28-Apr-2022,4050.0,CE,0.0,0.0,0.0,62.1,0.0,0,0.0,0,0,18-APR-2022,
OPTSTK,JKCEMENT,28-Apr-2022,4100.0,CE,0.0,0.0,0.0,55.9,0.0,0,0.0,0,0,18-APR-2022,
OPTSTK,JKCEMENT,28-Apr-2022,4150.0,CE,0.0,0.0,0.0,50.25,0.0,0,0.0,0,0,18-APR-2022,
OPTSTK,JKCEMENT,28-Apr-2022,4200.0,CE,0.0,0.0,0.0,45.1,0.0,0,0.0,0,0,18-APR-2022,
OPTSTK,JKCEMENT,28-Apr-2022,4250.0,CE,0.0,0.0,0.0,40.45,0.0,0,0.0,0,0,18-APR-2022,
OPTSTK,JKCEMENT,28-Apr-2022,4300.0,CE,0.0,0.0,0.0,36.25,0.0,0,0.0,0,0,18-APR-2022,
OPTSTK,JKCEMENT,28-Apr-2022,4350.0,CE,0.0,0.0,0.0,32.45,0.0,0,0.0,0,0,18-APR-2022,
OPTSTK,JKCEMENT,28-Apr-2022,4400.0,CE,0.0,0.0,0.0,29.05,0.0,0,0.0,0,0,18-APR-2022,
OPTSTK,JKCEMENT,28-Apr-2022,4450.0,CE,0.0,0.0,0.0,25.95,0.0,0,0.0,0,0,18-APR-2022,
OPTSTK,JKCEMENT,28-Apr-2022,1500.0,PE,0.0,0.0,0.0,0.05,0.0,0,0.0,0,0,18-APR-2022,
OPTSTK,JKCEMENT,28-Apr-2022,1550.0,PE,0.0,0.0,0.0,0.05,0.0,0,0.0,0,0,18-APR-2022,
OPTSTK,JKCEMENT,28-Apr-2022,1600.0,PE,0.0,0.0,0.0,0.05,0.0,0,0.0,0,0,18-APR-2022,
OPTSTK,JKCEMENT,28-Apr-2022,1650.0,PE,0.0,0.0,0.0,0.05,0.0,0,0.0,0,0,18-APR-2022,
OPTSTK,JKCEMENT,28-Apr-2022,1700.0,PE,0.0,0.0,0.0,0.1,0.0,0,0.0,0,0,18-APR-2022,
OPTSTK,JKCEMENT,28-Apr-2022,1750.0,PE,0.0,0.0,0.0,0.15,0.0,0,0.0,0,0,18-APR-2022,
OPTSTK,JKCEMENT,28-Apr-2022,1800.0,PE,0.0,0.0,0.0,0.15,0.0,0,0.0,0,0,18-APR-2022,
OPTSTK,JKCEMENT,28-Apr-2022,1850.0,PE,0.0,0.0,0.0,0.6,0.0,0,0.0,0,0,18-APR-2022,
OPTSTK,JKCEMENT,28-Apr-2022,1900.0,PE,0.0,0.0,0.0,0.9,0.0,0,0.0,0,0,18-APR-2022,
OPTSTK,JKCEMENT,28-Apr-2022,1950.0,PE,0.0,0.0,0.0,1.2,0.0,0,0.0,175,0,18-APR-2022,
OPTSTK,JKCEMENT,28-Apr-2022,2000.0,PE,0.0,0.0,0.0,7.5,0.0,0,0.0,1050,0,18-APR-2022,
OPTSTK,JKCEMENT,28-Apr-2022,2050.0,PE,0.0,0.0,0.0,2.75,0.0,0,0.0,0,0,18-APR-2022,
OPTSTK,JKCEMENT,28-Apr-2022,2100.0,PE,0.0,0.0,0.0,12.9,0.05,0,0.0,525,0,18-APR-2022,
OPTSTK,JKCEMENT,28-Apr-2022,2150.0,PE,0.0,0.0,0.0,5.2,0.05,0,0.0,0,0,18-APR-2022,
OPTSTK,JKCEMENT,28-Apr-2022,2200.0,PE,0.0,0.0,0.0,3.8,0.15,0,0.0,1575,0,18-APR-2022,
OPTSTK,JKCEMENT,28-Apr-2022,2250.0,PE,0.0,0.0,0.0,9.15,0.4,0,0.0,0,0,18-APR-2022,
OPTSTK,JKCEMENT,28-Apr-2022,2300.0,PE,0.0,0.0,0.0,6.1,0.95,0,0.0,1400,0,18-APR-2022,
OPTSTK,JKCEMENT,28-Apr-2022,2350.0,PE,0.0,0.0,0.0,15.3,2.0,0,0.0,0,0,18-APR-2022,
OPTSTK,JKCEMENT,28-Apr-2022,2400.0,PE,8.5,11.2,8.5,11.2,4.0,3,12.64,5250,175,18-APR-2022,
OPTSTK,JKCEMENT,28-Apr-2022,2450.0,PE,0.0,0.0,0.0,24.2,7.45,0,0.0,0,0,18-APR-2022,
OPTSTK,JKCEMENT,28-Apr-2022,2500.0,PE,12.6,18.5,12.6,17.0,13.0,7,30.82,4900,175,18-APR-2022,
OPTSTK,JKCEMENT,28-Apr-2022,2550.0,PE,0.0,0.0,0.0,36.6,21.4,0,0.0,0,0,18-APR-2022,
OPTSTK,JKCEMENT,28-Apr-2022,2600.0,PE,34.0,34.0,31.65,34.0,33.35,6,27.64,3500,0,18-APR-2022,
OPTSTK,JKCEMENT,28-Apr-2022,2650.0,PE,0.0,0.0,0.0,53.15,49.3,0,0.0,0,0,18-APR-2022,
OPTSTK,JKCEMENT,28-Apr-2022,2700.0,PE,67.35,67.35,49.0,63.65,63.65,11,53.12,4550,-525,18-APR-2022,
OPTSTK,JKCEMENT,28-Apr-2022,2750.0,PE,0.0,0.0,0.0,74.45,95.2,0,0.0,0,0,18-APR-2022,
OPTSTK,JKCEMENT,28-Apr-2022,2800.0,PE,109.9,120.0,100.7,100.7,125.15,6,30.59,1750,-175,18-APR-2022,
OPTSTK,JKCEMENT,28-Apr-2022,2850.0,PE,0.0,0.0,0.0,101.05,159.4,0,0.0,0,0,18-APR-2022,
OPTSTK,JKCEMENT,28-Apr-2022,2900.0,PE,0.0,0.0,0.0,116.35,197.4,0,0.0,0,0,18-APR-2022,
OPTSTK,JKCEMENT,28-Apr-2022,2950.0,PE,0.0,0.0,0.0,133.05,238.55,0,0.0,0,0,18-APR-2022,
OPTSTK,JKCEMENT,28-Apr-2022,3000.0,PE,0.0,0.0,0.0,151.35,282.25,0,0.0,0,0,18-APR-2022,
OPTSTK,JKCEMENT,28-Apr-2022,3050.0,PE,0.0,0.0,0.0,171.15,327.9,0,0.0,0,0,18-APR-2022,
OPTSTK,JKCEMENT,28-Apr-2022,3100.0,PE,0.0,0.0,0.0,192.4,374.95,0,0.0,0,0,18-APR-2022,
OPTSTK,JKCEMENT,28-Apr-2022,3150.0,PE,0.0,0.0,0.0,215.15,423.05,0,0.0,0,0,18-APR-2022,
OPTSTK,JKCEMENT,28-Apr-2022,3200.0,PE,0.0,0.0,0.0,239.35,471.8,0,0.0,0,0,18-APR-2022,
OPTSTK,JKCEMENT,28-Apr-2022,3250.0,PE,0.0,0.0,0.0,265.0,521.05,0,0.0,0,0,18-APR-2022,
OPTSTK,JKCEMENT,28-Apr-2022,3300.0,PE,0.0,0.0,0.0,292.1,570.55,0,0.0,0,0,18-APR-2022,
OPTSTK,JKCEMENT,28-Apr-2022,3350.0,PE,0.0,0.0,0.0,320.55,620.25,0,0.0,0,0,18-APR-2022,
OPTSTK,JKCEMENT,28-Apr-2022,3400.0,PE,0.0,0.0,0.0,350.4,670.05,0,0.0,0,0,18-APR-2022,
OPTSTK,JKCEMENT,28-Apr-2022,3450.0,PE,0.0,0.0,0.0,381.55,719.9,0,0.0,0,0,18-APR-2022,
OPTSTK,JKCEMENT,28-Apr-2022,3500.0,PE,0.0,0.0,0.0,413.95,769.8,0,0.0,0,0,18-APR-2022,
OPTSTK,JKCEMENT,28-Apr-2022,3550.0,PE,0.0,0.0,0.0,447.55,819.75,0,0.0,0,0,18-APR-2022,
OPTSTK,JKCEMENT,28-Apr-2022,3600.0,PE,0.0,0.0,0.0,482.3,869.7,0,0.0,0,0,18-APR-2022,
OPTSTK,JKCEMENT,28-Apr-2022,3650.0,PE,0.0,0.0,0.0,518.2,919.6,0,0.0,0,0,18-APR-2022,
OPTSTK,JKCEMENT,28-Apr-2022,3700.0,PE,0.0,0.0,0.0,555.25,969.55,0,0.0,0,0,18-APR-2022,
OPTSTK,JKCEMENT,28-Apr-2022,3750.0,PE,0.0,0.0,0.0,593.2,1019.5,0,0.0,0,0,18-APR-2022,
OPTSTK,JKCEMENT,28-Apr-2022,3800.0,PE,0.0,0.0,0.0,632.05,1069.45,0,0.0,0,0,18-APR-2022,
OPTSTK,JKCEMENT,28-Apr-2022,3850.0,PE,0.0,0.0,0.0,671.65,1119.4,0,0.0,0,0,18-APR-2022,
OPTSTK,JKCEMENT,28-Apr-2022,3900.0,PE,0.0,0.0,0.0,712.2,1169.35,0,0.0,0,0,18-APR-2022,
OPTSTK,JKCEMENT,28-Apr-2022,3950.0,PE,0.0,0.0,0.0,753.45,1219.25,0,0.0,0,0,18-APR-2022,
OPTSTK,JKCEMENT,28-Apr-2022,4000.0,PE,0.0,0.0,0.0,795.45,1269.2,0,0.0,0,0,18-APR-2022,
OPTSTK,JKCEMENT,28-Apr-2022,4050.0,PE,0.0,0.0,0.0,838.1,1319.15,0,0.0,0,0,18-APR-2022,
OPTSTK,JKCEMENT,28-Apr-2022,4100.0,PE,0.0,0.0,0.0,881.4,1369.1,0,0.0,0,0,18-APR-2022,
OPTSTK,JKCEMENT,28-Apr-2022,4150.0,PE,0.0,0.0,0.0,925.2,1419.05,0,0.0,0,0,18-APR-2022,
OPTSTK,JKCEMENT,28-Apr-2022,4200.0,PE,0.0,0.0,0.0,969.55,1469.0,0,0.0,0,0,18-APR-2022,
OPTSTK,JKCEMENT,28-Apr-2022,4250.0,PE,0.0,0.0,0.0,1014.4,1518.95,0,0.0,0,0,18-APR-2022,
OPTSTK,JKCEMENT,28-Apr-2022,4300.0,PE,0.0,0.0,0.0,1059.7,1568.9,0,0.0,0,0,18-APR-2022,
OPTSTK,JKCEMENT,28-Apr-2022,4350.0,PE,0.0,0.0,0.0,1105.35,1618.8,0,0.0,0,0,18-APR-2022,
OPTSTK,JKCEMENT,28-Apr-2022,4400.0,PE,0.0,0.0,0.0,1151.4,1668.75,0,0.0,0,0,18-APR-2022,
OPTSTK,JKCEMENT,28-Apr-2022,4450.0,PE,0.0,0.0,0.0,1197.8,1718.7,0,0.0,0,0,18-APR-2022,
OPTSTK,JKCEMENT,26-May-2022,1500.0,CE,0.0,0.0,0.0,1302.85,1232.95,0,0.0,0,0,18-APR-2022,
OPTSTK,JKCEMENT,26-May-2022,1550.0,CE,0.0,0.0,0.0,1253.45,1183.15,0,0.0,0,0,18-APR-2022,
OPTSTK,JKCEMENT,26-May-2022,1600.0,CE,0.0,0.0,0.0,1204.2,1133.4,0,0.0,0,0,18-APR-2022,
OPTSTK,JKCEMENT,26-May-2022,1650.0,CE,0.0,0.0,0.0,1155.0,1083.65,0,0.0,0,0,18-APR-2022,
OPTSTK,JKCEMENT,26-May-2022,1700.0,CE,0.0,0.0,0.0,1105.95,1033.9,0,0.0,0,0,18-APR-2022,
OPTSTK,JKCEMENT,26-May-2022,1750.0,CE,0.0,0.0,0.0,1057.1,984.2,0,0.0,0,0,18-APR-2022,
OPTSTK,JKCEMENT,26-May-2022,1800.0,CE,0.0,0.0,0.0,1008.5,934.55,0,0.0,0,0,18-APR-2022,
OPTSTK,JKCEMENT,26-May-2022,1850.0,CE,0.0,0.0,0.0,960.25,885.0,0,0.0,0,0,18-APR-2022,
OPTSTK,JKCEMENT,26-May-2022,1900.0,CE,0.0,0.0,0.0,912.4,835.6,0,0.0,0,0,18-APR-2022,
OPTSTK,JKCEMENT,26-May-2022,1950.0,CE,0.0,0.0,0.0,865.1,786.4,0,0.0,0,0,18-APR-2022,
OPTSTK,JKCEMENT,26-May-2022,2000.0,CE,0.0,0.0,0.0,818.4,737.55,0,0.0,0,0,18-APR-2022,
OPTSTK,JKCEMENT,26-May-2022,2050.0,CE,0.0,0.0,0.0,772.45,689.15,0,0.0,0,0,18-APR-2022,
OPTSTK,JKCEMENT,26-May-2022,2100.0,CE,0.0,0.0,0.0,727.3,641.3,0,0.0,0,0,18-APR-2022,
OPTSTK,JKCEMENT,26-May-2022,2150.0,CE,0.0,0.0,0.0,683.15,594.25,0,0.0,0,0,18-APR-2022,
OPTSTK,JKCEMENT,26-May-2022,2200.0,CE,0.0,0.0,0.0,640.1,548.15,0,0.0,0,0,18-APR-2022,
OPTSTK,JKCEMENT,26-May-2022,2250.0,CE,0.0,0.0,0.0,598.2,503.2,0,0.0,0,0,18-APR-2022,
OPTSTK,JKCEMENT,26-May-2022,2300.0,CE,0.0,0.0,0.0,557.65,459.65,0,0.0,0,0,18-APR-2022,
OPTSTK,JKCEMENT,26-May-2022,2350.0,CE,0.0,0.0,0.0,518.5,417.65,0,0.0,0,0,18-APR-2022,
OPTSTK,JKCEMENT,26-May-2022,2400.0,CE,0.0,0.0,0.0,480.95,377.5,0,0.0,0,0,18-APR-2022,
OPTSTK,JKCEMENT,26-May-2022,2450.0,CE,0.0,0.0,0.0,444.8,339.4,0,0.0,0,0,18-APR-2022,
OPTSTK,JKCEMENT,26-May-2022,2500.0,CE,0.0,0.0,0.0,410.35,303.3,0,0.0,0,0,18-APR-2022,
OPTSTK,JKCEMENT,26-May-2022,2550.0,CE,0.0,0.0,0.0,377.5,269.45,0,0.0,0,0,18-APR-2022,
OPTSTK,JKCEMENT,26-May-2022,2600.0,CE,0.0,0.0,0.0,346.45,238.05,0,0.0,0,0,18-APR-2022,
OPTSTK,JKCEMENT,26-May-2022,2650.0,CE,0.0,0.0,0.0,317.2,209.15,0,0.0,0,0,18-APR-2022,
OPTSTK,JKCEMENT,26-May-2022,2700.0,CE,0.0,0.0,0.0,289.65,182.65,0,0.0,0,0,18-APR-2022,
OPTSTK,JKCEMENT,26-May-2022,2750.0,CE,0.0,0.0,0.0,263.9,158.6,0,0.0,0,0,18-APR-2022,
OPTSTK,JKCEMENT,26-May-2022,2800.0,CE,0.0,0.0,0.0,3.0,136.95,0,0.0,0,0,18-APR-2022,
OPTSTK,JKCEMENT,26-May-2022,2850.0,CE,0.0,0.0,0.0,217.4,117.6,0,0.0,0,0,18-APR-2022,
OPTSTK,JKCEMENT,26-May-2022,2900.0,CE,0.0,0.0,0.0,196.65,100.4,0,0.0,0,0,18-APR-2022,
OPTSTK,JKCEMENT,26-May-2022,2950.0,CE,0.0,0.0,0.0,177.45,85.25,0,0.0,0,0,18-APR-2022,
OPTSTK,JKCEMENT,26-May-2022,3000.0,CE,0.0,0.0,0.0,95.95,72.1,0,0.0,175,0,18-APR-2022,
OPTSTK,JKCEMENT,26-May-2022,3050.0,CE,0.0,0.0,0.0,143.55,60.65,0,0.0,0,0,18-APR-2022,
OPTSTK,JKCEMENT,26-May-2022,3100.0,CE,16.05,36.55,16.05,36.55,50.65,2,10.94,175,175,18-APR-2022,
OPTSTK,JKCEMENT,26-May-2022,3150.0,CE,0.0,0.0,0.0,115.2,42.15,0,0.0,0,0,18-APR-2022,
OPTSTK,JKCEMENT,26-May-2022,3200.0,CE,0.0,0.0,0.0,103.0,34.9,0,0.0,0,0,18-APR-2022,
OPTSTK,JKCEMENT,26-May-2022,3250.0,CE,0.0,0.0,0.0,91.85,28.75,0,0.0,0,0,18-APR-2022,
OPTSTK,JKCEMENT,26-May-2022,3300.0,CE,0.0,0.0,0.0,81.75,23.55,0,0.0,0,0,18-APR-2022,
OPTSTK,JKCEMENT,26-May-2022,3350.0,CE,0.0,0.0,0.0,72.55,19.25,0,0.0,0,0,18-APR-2022,
OPTSTK,JKCEMENT,26-May-2022,3400.0,CE,0.0,0.0,0.0,64.3,15.65,0,0.0,0,0,18-APR-2022,
OPTSTK,JKCEMENT,26-May-2022,3450.0,CE,0.0,0.0,0.0,56.9,12.65,0,0.0,0,0,18-APR-2022,
OPTSTK,JKCEMENT,26-May-2022,3500.0,CE,0.0,0.0,0.0,50.3,10.2,0,0.0,0,0,18-APR-2022,
OPTSTK,JKCEMENT,26-May-2022,3550.0,CE,0.0,0.0,0.0,44.4,8.2,0,0.0,0,0,18-APR-2022,
OPTSTK,JKCEMENT,26-May-2022,3600.0,CE,0.0,0.0,0.0,39.1,6.55,0,0.0,0,0,18-APR-2022,
OPTSTK,JKCEMENT,26-May-2022,3650.0,CE,0.0,0.0,0.0,34.4,5.25,0,0.0,0,0,18-APR-2022,
OPTSTK,JKCEMENT,26-May-2022,3700.0,CE,0.0,0.0,0.0,30.2,4.15,0,0.0,0,0,18-APR-2022,
OPTSTK,JKCEMENT,26-May-2022,3750.0,CE,0.0,0.0,0.0,26.5,3.3,0,0.0,0,0,18-APR-2022,
OPTSTK,JKCEMENT,26-May-2022,3800.0,CE,0.0,0.0,0.0,23.2,2.6,0,0.0,0,0,18-APR-2022,
OPTSTK,JKCEMENT,26-May-2022,3850.0,CE,0.0,0.0,0.0,20.3,2.05,0,0.0,0,0,18-APR-2022,
OPTSTK,JKCEMENT,26-May-2022,3900.0,CE,0.0,0.0,0.0,17.75,1.6,0,0.0,0,0,18-APR-2022,
OPTSTK,JKCEMENT,26-May-2022,3950.0,CE,0.0,0.0,0.0,15.45,1.25,0,0.0,0,0,18-APR-2022,
OPTSTK,JKCEMENT,26-May-2022,4000.0,CE,0.0,0.0,0.0,13.5,1.0,0,0.0,0,0,18-APR-2022,
OPTSTK,JKCEMENT,26-May-2022,4050.0,CE,0.0,0.0,0.0,11.75,0.75,0,0.0,0,0,18-APR-2022,
OPTSTK,JKCEMENT,26-May-2022,4100.0,CE,0.0,0.0,0.0,10.2,0.6,0,0.0,0,0,18-APR-2022,
OPTSTK,JKCEMENT,26-May-2022,4150.0,CE,0.0,0.0,0.0,8.85,0.45,0,0.0,0,0,18-APR-2022,
OPTSTK,JKCEMENT,26-May-2022,4200.0,CE,0.0,0.0,0.0,7.7,0.35,0,0.0,0,0,18-APR-2022,
OPTSTK,JKCEMENT,26-May-2022,1500.0,PE,0.0,0.0,0.0,0.2,0.0,0,0.0,0,0,18-APR-2022,
OPTSTK,JKCEMENT,26-May-2022,1550.0,PE,0.0,0.0,0.0,0.3,0.05,0,0.0,0,0,18-APR-2022,
OPTSTK,JKCEMENT,26-May-2022,1600.0,PE,0.0,0.0,0.0,0.5,0.05,0,0.0,0,0,18-APR-2022,
OPTSTK,JKCEMENT,26-May-2022,1650.0,PE,0.0,0.0,0.0,0.75,0.05,0,0.0,0,0,18-APR-2022,
OPTSTK,JKCEMENT,26-May-2022,1700.0,PE,0.0,0.0,0.0,1.2,0.1,0,0.0,0,0,18-APR-2022,
OPTSTK,JKCEMENT,26-May-2022,1750.0,PE,0.0,0.0,0.0,1.85,0.15,0,0.0,0,0,18-APR-2022,
OPTSTK,JKCEMENT,26-May-2022,1800.0,PE,0.0,0.0,0.0,2.75,0.3,0,0.0,0,0,18-APR-2022,
OPTSTK,JKCEMENT,26-May-2022,1850.0,PE,0.0,0.0,0.0,3.95,0.5,0,0.0,0,0,18-APR-2022,
OPTSTK,JKCEMENT,26-May-2022,1900.0,PE,0.0,0.0,0.0,5.6,0.9,0,0.0,0,0,18-APR-2022,
OPTSTK,JKCEMENT,26-May-2022,1950.0,PE,0.0,0.0,0.0,7.75,1.5,0,0.0,0,0,18-APR-2022,
OPTSTK,JKCEMENT,26-May-2022,2000.0,PE,0.0,0.0,0.0,30.0,2.4,0,0.0,350,0,18-APR-2022,
OPTSTK,JKCEMENT,26-May-2022,2050.0,PE,0.0,0.0,0.0,14.05,3.8,0,0.0,0,0,18-APR-2022,
OPTSTK,JKCEMENT,26-May-2022,2100.0,PE,0.0,0.0,0.0,18.4,5.75,0,0.0,0,0,18-APR-2022,
OPTSTK,JKCEMENT,26-May-2022,2150.0,PE,0.0,0.0,0.0,23.7,8.45,0,0.0,0,0,18-APR-2022,
OPTSTK,JKCEMENT,26-May-2022,2200.0,PE,0.0,0.0,0.0,30.1,12.15,0,0.0,0,0,18-APR-2022,
OPTSTK,JKCEMENT,26-May-2022,2250.0,PE,0.0,0.0,0.0,37.7,16.95,0,0.0,0,0,18-APR-2022,
OPTSTK,JKCEMENT,26-May-2022,2300.0,PE,0.0,0.0,0.0,46.65,23.2,0,0.0,0,0,18-APR-2022,
OPTSTK,JKCEMENT,26-May-2022,2350.0,PE,0.0,0.0,0.0,56.95,31.0,0,0.0,0,0,18-APR-2022,
OPTSTK,JKCEMENT,26-May-2022,2400.0,PE,0.0,0.0,0.0,68.85,40.6,0,0.0,0,0,18-APR-2022,
OPTSTK,JKCEMENT,26-May-2022,2450.0,PE,0.0,0.0,0.0,82.2,52.25,0,0.0,0,0,18-APR-2022,
OPTSTK,JKCEMENT,26-May-2022,2500.0,PE,0.0,0.0,0.0,97.2,65.95,0,0.0,0,0,18-APR-2022,
OPTSTK,JKCEMENT,26-May-2022,2550.0,PE,0.0,0.0,0.0,113.85,81.9,0,0.0,0,0,18-APR-2022,
OPTSTK,JKCEMENT,26-May-2022,2600.0,PE,0.0,0.0,0.0,132.3,100.3,0,0.0,0,0,18-APR-2022,
OPTSTK,JKCEMENT,26-May-2022,2650.0,PE,0.0,0.0,0.0,152.5,121.15,0,0.0,0,0,18-APR-2022,
OPTSTK,JKCEMENT,26-May-2022,2700.0,PE,0.0,0.0,0.0,174.45,144.45,0,0.0,0,0,18-APR-2022,
OPTSTK,JKCEMENT,26-May-2022,2750.0,PE,0.0,0.0,0.0,198.15,170.2,0,0.0,0,0,18-APR-2022,
OPTSTK,JKCEMENT,26-May-2022,2800.0,PE,0.0,0.0,0.0,223.55,198.3,0,0.0,0,0,18-APR-2022,
OPTSTK,JKCEMENT,26-May-2022,2850.0,PE,0.0,0.0,0.0,250.65,228.7,0,0.0,0,0,18-APR-2022,
OPTSTK,JKCEMENT,26-May-2022,2900.0,PE,0.0,0.0,0.0,279.35,261.3,0,0.0,0,0,18-APR-2022,
OPTSTK,JKCEMENT,26-May-2022,2950.0,PE,0.0,0.0,0.0,309.65,295.9,0,0.0,0,0,18-APR-2022,
OPTSTK,JKCEMENT,26-May-2022,3000.0,PE,0.0,0.0,0.0,341.45,332.6,0,0.0,0,0,18-APR-2022,
OPTSTK,JKCEMENT,26-May-2022,3050.0,PE,0.0,0.0,0.0,374.7,370.9,0,0.0,0,0,18-APR-2022,
OPTSTK,JKCEMENT,26-May-2022,3100.0,PE,0.0,0.0,0.0,409.35,410.65,0,0.0,0,0,18-APR-2022,
OPTSTK,JKCEMENT,26-May-2022,3150.0,PE,0.0,0.0,0.0,445.25,451.9,0,0.0,0,0,18-APR-2022,
OPTSTK,JKCEMENT,26-May-2022,3200.0,PE,0.0,0.0,0.0,482.55,494.45,0,0.0,0,0,18-APR-2022,
OPTSTK,JKCEMENT,26-May-2022,3250.0,PE,0.0,0.0,0.0,520.9,538.1,0,0.0,0,0,18-APR-2022,
OPTSTK,JKCEMENT,26-May-2022,3300.0,PE,0.0,0.0,0.0,560.3,582.7,0,0.0,0,0,18-APR-2022,
OPTSTK,JKCEMENT,26-May-2022,3350.0,PE,0.0,0.0,0.0,600.5,628.15,0,0.0,0,0,18-APR-2022,
OPTSTK,JKCEMENT,26-May-2022,3400.0,PE,0.0,0.0,0.0,641.75,674.35,0,0.0,0,0,18-APR-2022,
OPTSTK,JKCEMENT,26-May-2022,3450.0,PE,0.0,0.0,0.0,683.85,721.15,0,0.0,0,0,18-APR-2022,
OPTSTK,JKCEMENT,26-May-2022,3500.0,PE,0.0,0.0,0.0,726.7,768.45,0,0.0,0,0,18-APR-2022,
OPTSTK,JKCEMENT,26-May-2022,3550.0,PE,0.0,0.0,0.0,770.25,816.2,0,0.0,0,0,18-APR-2022,
OPTSTK,JKCEMENT,26-May-2022,3600.0,PE,0.0,0.0,0.0,814.45,864.35,0,0.0,0,0,18-APR-2022,
OPTSTK,JKCEMENT,26-May-2022,3650.0,PE,0.0,0.0,0.0,859.25,912.8,0,0.0,0,0,18-APR-2022,
OPTSTK,JKCEMENT,26-May-2022,3700.0,PE,0.0,0.0,0.0,904.5,961.5,0,0.0,0,0,18-APR-2022,
OPTSTK,JKCEMENT,26-May-2022,3750.0,PE,0.0,0.0,0.0,950.3,1010.45,0,0.0,0,0,18-APR-2022,
OPTSTK,JKCEMENT,26-May-2022,3800.0,PE,0.0,0.0,0.0,996.5,1059.5,0,0.0,0,0,18-APR-2022,
OPTSTK,JKCEMENT,26-May-2022,3850.0,PE,0.0,0.0,0.0,1043.05,1108.75,0,0.0,0,0,18-APR-2022,
OPTSTK,JKCEMENT,26-May-2022,3900.0,PE,0.0,0.0,0.0,1089.95,1158.1,0,0.0,0,0,18-APR-2022,
OPTSTK,JKCEMENT,26-May-2022,3950.0,PE,0.0,0.0,0.0,1137.2,1207.5,0,0.0,0,0,18-APR-2022,
OPTSTK,JKCEMENT,26-May-2022,4000.0,PE,0.0,0.0,0.0,1184.65,1257.0,0,0.0,0,0,18-APR-2022,
OPTSTK,JKCEMENT,26-May-2022,4050.0,PE,0.0,0.0,0.0,1232.4,1306.6,0,0.0,0,0,18-APR-2022,
OPTSTK,JKCEMENT,26-May-2022,4100.0,PE,0.0,0.0,0.0,1280.35,1356.2,0,0.0,0,0,18-APR-2022,
OPTSTK,JKCEMENT,26-May-2022,4150.0,PE,0.0,0.0,0.0,1328.5,1405.85,0,0.0,0,0,18-APR-2022,
OPTSTK,JKCEMENT,26-May-2022,4200.0,PE,0.0,0.0,0.0,1376.8,1455.5,0,0.0,0,0,18-APR-2022,
OPTSTK,JKCEMENT,30-Jun-2022,1500.0,CE,0.0,0.0,0.0,949.85,1239.25,0,0.0,0,0,18-APR-2022,
OPTSTK,JKCEMENT,30-Jun-2022,1550.0,CE,0.0,0.0,0.0,901.75,1189.85,0,0.0,0,0,18-APR-2022,
OPTSTK,JKCEMENT,30-Jun-2022,1600.0,CE,0.0,0.0,0.0,854.15,1140.5,0,0.0,0,0,18-APR-2022,
OPTSTK,JKCEMENT,30-Jun-2022,1650.0,CE,0.0,0.0,0.0,807.1,1091.35,0,0.0,0,0,18-APR-2022,
OPTSTK,JKCEMENT,30-Jun-2022,1700.0,CE,0.0,0.0,0.0,760.8,1042.35,0,0.0,0,0,18-APR-2022,
OPTSTK,JKCEMENT,30-Jun-2022,1750.0,CE,0.0,0.0,0.0,715.4,993.6,0,0.0,0,0,18-APR-2022,
OPTSTK,JKCEMENT,30-Jun-2022,1800.0,CE,0.0,0.0,0.0,670.95,945.2,0,0.0,0,0,18-APR-2022,
OPTSTK,JKCEMENT,30-Jun-2022,1850.0,CE,0.0,0.0,0.0,627.6,897.25,0,0.0,0,0,18-APR-2022,
OPTSTK,JKCEMENT,30-Jun-2022,1900.0,CE,0.0,0.0,0.0,585.5,849.75,0,0.0,0,0,18-APR-2022,
OPTSTK,JKCEMENT,30-Jun-2022,1950.0,CE,0.0,0.0,0.0,544.8,802.9,0,0.0,0,0,18-APR-2022,
OPTSTK,JKCEMENT,30-Jun-2022,2000.0,CE,0.0,0.0,0.0,505.55,756.8,0,0.0,0,0,18-APR-2022,
OPTSTK,JKCEMENT,30-Jun-2022,2050.0,CE,0.0,0.0,0.0,468.0,711.6,0,0.0,0,0,18-APR-2022,
OPTSTK,JKCEMENT,30-Jun-2022,2100.0,CE,0.0,0.0,0.0,431.95,667.35,0,0.0,0,0,18-APR-2022,
OPTSTK,JKCEMENT,30-Jun-2022,2150.0,CE,0.0,0.0,0.0,397.6,624.2,0,0.0,0,0,18-APR-2022,
OPTSTK,JKCEMENT,30-Jun-2022,2200.0,CE,0.0,0.0,0.0,365.0,582.35,0,0.0,0,0,18-APR-2022,
OPTSTK,JKCEMENT,30-Jun-2022,2250.0,CE,0.0,0.0,0.0,334.3,541.8,0,0.0,0,0,18-APR-2022,
OPTSTK,JKCEMENT,30-Jun-2022,2300.0,CE,0.0,0.0,0.0,305.35,502.7,0,0.0,0,0,18-APR-2022,
OPTSTK,JKCEMENT,30-Jun-2022,2350.0,CE,0.0,0.0,0.0,278.3,465.25,0,0.0,0,0,18-APR-2022,
OPTSTK,JKCEMENT,30-Jun-2022,2400.0,CE,0.0,0.0,0.0,252.95,429.3,0,0.0,0,0,18-APR-2022,
OPTSTK,JKCEMENT,30-Jun-2022,2450.0,CE,0.0,0.0,0.0,229.4,394.95,0,0.0,0,0,18-APR-2022,
OPTSTK,JKCEMENT,30-Jun-2022,2500.0,CE,0.0,0.0,0.0,207.6,362.5,0,0.0,0,0,18-APR-2022,
OPTSTK,JKCEMENT,30-Jun-2022,2550.0,CE,0.0,0.0,0.0,187.4,331.8,0,0.0,0,0,18-APR-2022,
OPTSTK,JKCEMENT,30-Jun-2022,2600.0,CE,0.0,0.0,0.0,168.85,302.9,0,0.0,0,0,18-APR-2022,
OPTSTK,JKCEMENT,30-Jun-2022,2650.0,CE,0.0,0.0,0.0,151.8,275.8,0,0.0,0,0,18-APR-2022,
OPTSTK,JKCEMENT,30-Jun-2022,2700.0,CE,0.0,0.0,0.0,136.15,250.45,0,0.0,0,0,18-APR-2022,
OPTSTK,JKCEMENT,30-Jun-2022,2750.0,CE,0.0,0.0,0.0,121.9,226.9,0,0.0,0,0,18-APR-2022,
OPTSTK,JKCEMENT,30-Jun-2022,2800.0,CE,0.0,0.0,0.0,109.1,205.05,0,0.0,0,0,18-APR-2022,
OPTSTK,JKCEMENT,30-Jun-2022,2850.0,CE,0.0,0.0,0.0,97.35,184.85,0,0.0,0,0,18-APR-2022,
OPTSTK,JKCEMENT,30-Jun-2022,2900.0,CE,0.0,0.0,0.0,86.75,166.2,0,0.0,0,0,18-APR-2022,
OPTSTK,JKCEMENT,30-Jun-2022,2950.0,CE,0.0,0.0,0.0,77.05,149.15,0,0.0,0,0,18-APR-2022,
OPTSTK,JKCEMENT,30-Jun-2022,3000.0,CE,0.0,0.0,0.0,68.4,133.5,0,0.0,0,0,18-APR-2022,
OPTSTK,JKCEMENT,30-Jun-2022,3050.0,CE,0.0,0.0,0.0,60.65,119.25,0,0.0,0,0,18-APR-2022,
OPTSTK,JKCEMENT,30-Jun-2022,3100.0,CE,0.0,0.0,0.0,53.65,106.45,0,0.0,0,0,18-APR-2022,
OPTSTK,JKCEMENT,30-Jun-2022,3150.0,CE,0.0,0.0,0.0,47.45,94.75,0,0.0,0,0,18-APR-2022,
OPTSTK,JKCEMENT,30-Jun-2022,3200.0,CE,0.0,0.0,0.0,41.85,84.15,0,0.0,0,0,18-APR-2022,
OPTSTK,JKCEMENT,30-Jun-2022,3250.0,CE,0.0,0.0,0.0,36.9,74.5,0,0.0,0,0,18-APR-2022,
OPTSTK,JKCEMENT,30-Jun-2022,3300.0,CE,0.0,0.0,0.0,32.5,65.9,0,0.0,0,0,18-APR-2022,
OPTSTK,JKCEMENT,30-Jun-2022,3350.0,CE,0.0,0.0,0.0,28.55,58.2,0,0.0,0,0,18-APR-2022,
OPTSTK,JKCEMENT,30-Jun-2022,3400.0,CE,0.0,0.0,0.0,25.1,51.3,0,0.0,0,0,18-APR-2022,
OPTSTK,JKCEMENT,30-Jun-2022,3450.0,CE,0.0,0.0,0.0,22.0,45.15,0,0.0,0,0,18-APR-2022,
OPTSTK,JKCEMENT,30-Jun-2022,1500.0,PE,0.0,0.0,0.0,2.8,0.25,0,0.0,0,0,18-APR-2022,
OPTSTK,JKCEMENT,30-Jun-2022,1550.0,PE,0.0,0.0,0.0,4.15,0.4,0,0.0,0,0,18-APR-2022,
OPTSTK,JKCEMENT,30-Jun-2022,1600.0,PE,0.0,0.0,0.0,6.0,0.7,0,0.0,0,0,18-APR-2022,
OPTSTK,JKCEMENT,30-Jun-2022,1650.0,PE,0.0,0.0,0.0,8.45,1.1,0,0.0,0,0,18-APR-2022,
OPTSTK,JKCEMENT,30-Jun-2022,1700.0,PE,0.0,0.0,0.0,11.65,1.65,0,0.0,0,0,18-APR-2022,
OPTSTK,JKCEMENT,30-Jun-2022,1750.0,PE,0.0,0.0,0.0,15.65,2.5,0,0.0,0,0,18-APR-2022,
OPTSTK,JKCEMENT,30-Jun-2022,1800.0,PE,0.0,0.0,0.0,20.7,3.7,0,0.0,0,0,18-APR-2022,
OPTSTK,JKCEMENT,30-Jun-2022,1850.0,PE,0.0,0.0,0.0,26.85,5.25,0,0.0,0,0,18-APR-2022,
OPTSTK,JKCEMENT,30-Jun-2022,1900.0,PE,0.0,0.0,0.0,34.25,7.4,0,0.0,0,0,18-APR-2022,
OPTSTK,JKCEMENT,30-Jun-2022,1950.0,PE,0.0,0.0,0.0,43.0,10.1,0,0.0,0,0,18-APR-2022,
OPTSTK,JKCEMENT,30-Jun-2022,2000.0,PE,0.0,0.0,0.0,53.25,13.6,0,0.0,0,0,18-APR-2022,
OPTSTK,JKCEMENT,30-Jun-2022,2050.0,PE,0.0,0.0,0.0,65.15,17.95,0,0.0,0,0,18-APR-2022,
OPTSTK,JKCEMENT,30-Jun-2022,2100.0,PE,0.0,0.0,0.0,78.55,23.25,0,0.0,0,0,18-APR-2022,
OPTSTK,JKCEMENT,30-Jun-2022,2150.0,PE,0.0,0.0,0.0,93.7,29.7,0,0.0,0,0,18-APR-2022,
OPTSTK,JKCEMENT,30-Jun-2022,2200.0,PE,0.0,0.0,0.0,110.55,37.4,0,0.0,0,0,18-APR-2022,
OPTSTK,JKCEMENT,30-Jun-2022,2250.0,PE,0.0,0.0,0.0,129.3,46.45,0,0.0,0,0,18-APR-2022,
OPTSTK,JKCEMENT,30-Jun-2022,2300.0,PE,0.0,0.0,0.0,149.9,56.95,0,0.0,0,0,18-APR-2022,
OPTSTK,JKCEMENT,30-Jun-2022,2350.0,PE,0.0,0.0,0.0,172.25,69.05,0,0.0,0,0,18-APR-2022,
OPTSTK,JKCEMENT,30-Jun-2022,2400.0,PE,0.0,0.0,0.0,196.45,82.7,0,0.0,0,0,18-APR-2022,
OPTSTK,JKCEMENT,30-Jun-2022,2450.0,PE,0.0,0.0,0.0,222.35,97.9,0,0.0,0,0,18-APR-2022,
OPTSTK,JKCEMENT,30-Jun-2022,2500.0,PE,0.0,0.0,0.0,250.0,115.0,0,0.0,0,0,18-APR-2022,
OPTSTK,JKCEMENT,30-Jun-2022,2550.0,PE,0.0,0.0,0.0,279.3,133.9,0,0.0,0,0,18-APR-2022,
OPTSTK,JKCEMENT,30-Jun-2022,2600.0,PE,0.0,0.0,0.0,310.2,154.6,0,0.0,0,0,18-APR-2022,
OPTSTK,JKCEMENT,30-Jun-2022,2650.0,PE,0.0,0.0,0.0,342.6,177.1,0,0.0,0,0,18-APR-2022,
OPTSTK,JKCEMENT,30-Jun-2022,2700.0,PE,0.0,0.0,0.0,376.45,201.3,0,0.0,0,0,18-APR-2022,
OPTSTK,JKCEMENT,30-Jun-2022,2750.0,PE,0.0,0.0,0.0,411.7,227.35,0,0.0,0,0,18-APR-2022,
OPTSTK,JKCEMENT,30-Jun-2022,2800.0,PE,0.0,0.0,0.0,448.35,255.05,0,0.0,0,0,18-APR-2022,
OPTSTK,JKCEMENT,30-Jun-2022,2850.0,PE,0.0,0.0,0.0,486.1,284.4,0,0.0,0,0,18-APR-2022,
OPTSTK,JKCEMENT,30-Jun-2022,2900.0,PE,0.0,0.0,0.0,524.95,315.4,0,0.0,0,0,18-APR-2022,
OPTSTK,JKCEMENT,30-Jun-2022,2950.0,PE,0.0,0.0,0.0,564.75,347.9,0,0.0,0,0,18-APR-2022,
OPTSTK,JKCEMENT,30-Jun-2022,3000.0,PE,0.0,0.0,0.0,605.55,381.8,0,0.0,0,0,18-APR-2022,
OPTSTK,JKCEMENT,30-Jun-2022,3050.0,PE,0.0,0.0,0.0,647.25,417.15,0,0.0,0,0,18-APR-2022,
OPTSTK,JKCEMENT,30-Jun-2022,3100.0,PE,0.0,0.0,0.0,689.75,453.9,0,0.0,0,0,18-APR-2022,
OPTSTK,JKCEMENT,30-Jun-2022,3150.0,PE,0.0,0.0,0.0,733.0,491.75,0,0.0,0,0,18-APR-2022,
OPTSTK,JKCEMENT,30-Jun-2022,3200.0,PE,0.0,0.0,0.0,776.9,530.75,0,0.0,0,0,18-APR-2022,
OPTSTK,JKCEMENT,30-Jun-2022,3250.0,PE,0.0,0.0,0.0,821.4,570.7,0,0.0,0,0,18-APR-2022,
OPTSTK,JKCEMENT,30-Jun-2022,3300.0,PE,0.0,0.0,0.0,866.5,611.7,0,0.0,0,0,18-APR-2022,
OPTSTK,JKCEMENT,30-Jun-2022,3350.0,PE,0.0,0.0,0.0,912.05,653.55,0,0.0,0,0,18-APR-2022,
OPTSTK,JKCEMENT,30-Jun-2022,3400.0,PE,0.0,0.0,0.0,958.0,696.2,0,0.0,0,0,18-APR-2022,
OPTSTK,JKCEMENT,30-Jun-2022,3450.0,PE,0.0,0.0,0.0,1004.4,739.65,0,0.0,0,0,18-APR-2022,
OPTSTK,JSWSTEEL,28-Apr-2022,430.0,CE,0.0,0.0,0.0,203.1,338.35,0,0.0,0,0,18-APR-2022,
OPTSTK,JSWSTEEL,28-Apr-2022,440.0,CE,0.0,0.0,0.0,193.9,328.35,0,0.0,0,0,18-APR-2022,
OPTSTK,JSWSTEEL,28-Apr-2022,450.0,CE,0.0,0.0,0.0,184.8,318.4,0,0.0,0,0,18-APR-2022,
OPTSTK,JSWSTEEL,28-Apr-2022,460.0,CE,0.0,0.0,0.0,175.9,308.4,0,0.0,0,0,18-APR-2022,
OPTSTK,JSWSTEEL,28-Apr-2022,470.0,CE,0.0,0.0,0.0,167.15,298.4,0,0.0,0,0,18-APR-2022,
OPTSTK,JSWSTEEL,28-Apr-2022,480.0,CE,0.0,0.0,0.0,158.55,288.4,0,0.0,0,0,18-APR-2022,
OPTSTK,JSWSTEEL,28-Apr-2022,490.0,CE,0.0,0.0,0.0,150.2,278.4,0,0.0,0,0,18-APR-2022,
OPTSTK,JSWSTEEL,28-Apr-2022,500.0,CE,0.0,0.0,0.0,142.05,268.45,0,0.0,0,0,18-APR-2022,
OPTSTK,JSWSTEEL,28-Apr-2022,510.0,CE,0.0,0.0,0.0,134.1,258.45,0,0.0,0,0,18-APR-2022,
OPTSTK,JSWSTEEL,28-Apr-2022,520.0,CE,0.0,0.0,0.0,126.4,248.45,0,0.0,0,0,18-APR-2022,
OPTSTK,JSWSTEEL,28-Apr-2022,530.0,CE,0.0,0.0,0.0,119.0,238.45,0,0.0,0,0,18-APR-2022,
OPTSTK,JSWSTEEL,28-Apr-2022,540.0,CE,0.0,0.0,0.0,111.8,228.5,0,0.0,0,0,18-APR-2022,
OPTSTK,JSWSTEEL,28-Apr-2022,550.0,CE,0.0,0.0,0.0,104.9,218.5,0,0.0,0,0,18-APR-2022,
OPTSTK,JSWSTEEL,28-Apr-2022,560.0,CE,0.0,0.0,0.0,98.2,208.5,0,0.0,0,0,18-APR-2022,
OPTSTK,JSWSTEEL,28-Apr-2022,570.0,CE,0.0,0.0,0.0,91.85,198.5,0,0.0,0,0,18-APR-2022,
OPTSTK,JSWSTEEL,28-Apr-2022,580.0,CE,0.0,0.0,0.0,85.75,188.5,0,0.0,0,0,18-APR-2022,
OPTSTK,JSWSTEEL,28-Apr-2022,590.0,CE,0.0,0.0,0.0,79.95,178.55,0,0.0,0,0,18-APR-2022,
OPTSTK,JSWSTEEL,28-Apr-2022,600.0,CE,0.0,0.0,0.0,138.75,168.55,0,0.0,14850,0,18-APR-2022,
OPTSTK,JSWSTEEL,28-Apr-2022,610.0,CE,0.0,0.0,0.0,69.2,158.6,0,0.0,0,0,18-APR-2022,
OPTSTK,JSWSTEEL,28-Apr-2022,620.0,CE,0.0,0.0,0.0,64.25,148.6,0,0.0,0,0,18-APR-2022,
OPTSTK,JSWSTEEL,28-Apr-2022,630.0,CE,0.0,0.0,0.0,36.0,138.65,0,0.0,2700,0,18-APR-2022,
OPTSTK,JSWSTEEL,28-Apr-2022,640.0,CE,0.0,0.0,0.0,101.55,128.75,0,0.0,12150,0,18-APR-2022,
OPTSTK,JSWSTEEL,28-Apr-2022,650.0,CE,0.0,0.0,0.0,94.5,118.9,0,0.0,31050,0,18-APR-2022,
OPTSTK,JSWSTEEL,28-Apr-2022,660.0,CE,0.0,0.0,0.0,91.25,109.15,0,0.0,5400,0,18-APR-2022,
OPTSTK,JSWSTEEL,28-Apr-2022,670.0,CE,0.0,0.0,0.0,100.8,99.5,0,0.0,18900,0,18-APR-2022,
OPTSTK,JSWSTEEL,28-Apr-2022,680.0,CE,83.4,87.9,83.4,87.9,90.05,2,20.67,32400,-2700,18-APR-2022,
OPTSTK,JSWSTEEL,28-Apr-2022,690.0,CE,75.0,80.75,75.0,80.75,80.8,2,20.73,10800,-1350,18-APR-2022,
OPTSTK,JSWSTEEL,28-Apr-2022,700.0,CE,66.5,73.6,66.5,72.0,72.0,9,93.61,172800,-4050,18-APR-2022,
OPTSTK,JSWSTEEL,28-Apr-2022,710.0,CE,57.95,68.75,57.95,68.75,63.35,16,166.84,25650,-2700,18-APR-2022,
OPTSTK,JSWSTEEL,28-Apr-2022,720.0,CE,52.9,60.4,51.0,53.5,55.2,17,178.07,149850,-6750,18-APR-2022,
OPTSTK,JSWSTEEL,28-Apr-2022,730.0,CE,42.75,52.0,41.05,44.45,44.45,59,619.6,294300,-2700,18-APR-2022,
OPTSTK,JSWSTEEL,28-Apr-2022,740.0,CE,40.0,44.25,33.95,38.6,38.6,161,1693.62,329400,-37800,18-APR-2022,
OPTSTK,JSWSTEEL,28-Apr-2022,750.0,CE,34.2,38.0,27.6,31.8,31.8,383,4045.4,441450,-1350,18-APR-2022,
OPTSTK,JSWSTEEL,28-Apr-2022,760.0,CE,25.5,32.0,22.45,26.15,26.15,852,9048.09,909900,108000,18-APR-2022,
OPTSTK,JSWSTEEL,28-Apr-2022,770.0,CE,22.95,26.5,18.0,21.0,21.0,2825,30211.73,1208250,54000,18-APR-2022,
OPTSTK,JSWSTEEL,28-Apr-2022,780.0,CE,17.85,21.65,14.15,16.6,16.6,2645,28484.37,1019250,-64800,18-APR-2022,
OPTSTK,JSWSTEEL,28-Apr-2022,790.0,CE,14.65,17.15,11.1,12.8,12.8,821,8908.01,495450,52650,18-APR-2022,
OPTSTK,JSWSTEEL,28-Apr-2022,800.0,CE,12.2,13.7,8.55,9.85,9.85,2085,22820.01,1356750,64800,18-APR-2022,
OPTSTK,JSWSTEEL,28-Apr-2022,810.0,CE,9.55,10.6,6.55,7.5,7.5,538,5942.21,279450,-1350,18-APR-2022,
OPTSTK,JSWSTEEL,28-Apr-2022,820.0,CE,7.2,8.25,5.0,5.65,5.65,764,8520.92,418500,29700,18-APR-2022,
OPTSTK,JSWSTEEL,28-Apr-2022,830.0,CE,6.75,6.75,3.85,4.35,4.35,427,4812.02,337500,-27000,18-APR-2022,
OPTSTK,JSWSTEEL,28-Apr-2022,840.0,CE,5.0,5.05,3.0,3.35,3.35,441,5022.81,226800,-9450,18-APR-2022,
OPTSTK,JSWSTEEL,28-Apr-2022,850.0,CE,3.25,3.85,2.35,2.65,2.65,442,5089.44,461700,-13500,18-APR-2022,
OPTSTK,JSWSTEEL,28-Apr-2022,860.0,CE,2.9,3.0,1.85,2.1,2.1,214,2491.0,187650,-14850,18-APR-2022,
OPTSTK,JSWSTEEL,28-Apr-2022,870.0,CE,2.35,2.4,1.45,1.65,1.65,183,2153.58,143100,47250,18-APR-2022,
OPTSTK,JSWSTEEL,28-Apr-2022,880.0,CE,2.1,2.1,1.15,1.35,1.35,282,3355.68,187650,-2700,18-APR-2022,
OPTSTK,JSWSTEEL,28-Apr-2022,890.0,CE,1.05,1.55,0.95,1.1,1.1,112,1347.39,52650,-14850,18-APR-2022,
OPTSTK,JSWSTEEL,28-Apr-2022,900.0,CE,1.05,1.35,0.8,1.0,1.0,360,4378.97,565650,-79650,18-APR-2022,
OPTSTK,JSWSTEEL,28-Apr-2022,910.0,CE,1.15,1.2,0.75,0.9,0.9,204,2508.51,202500,-4050,18-APR-2022,
OPTSTK,JSWSTEEL,28-Apr-2022,430.0,PE,0.0,0.0,0.0,0.1,0.0,0,0.0,4050,0,18-APR-2022,
OPTSTK,JSWSTEEL,28-Apr-2022,440.0,PE,0.0,0.0,0.0,0.1,0.0,0,0.0,1350,0,18-APR-2022,
OPTSTK,JSWSTEEL,28-Apr-2022,450.0,PE,0.0,0.0,0.0,4.0,0.0,0,0.0,0,0,18-APR-2022,
OPTSTK,JSWSTEEL,28-Apr-2022,460.0,PE,0.0,0.0,0.0,5.0,0.0,0,0.0,0,0,18-APR-2022,
OPTSTK,JSWSTEEL,28-Apr-2022,470.0,PE,0.0,0.0,0.0,6.15,0.0,0,0.0,0,0,18-APR-2022,
OPTSTK,JSWSTEEL,28-Apr-2022,480.0,PE,0.0,0.0,0.0,7.45,0.0,0,0.0,0,0,18-APR-2022,
OPTSTK,JSWSTEEL,28-Apr-2022,490.0,PE,0.0,0.0,0.0,0.2,0.0,0,0.0,2700,0,18-APR-2022,
OPTSTK,JSWSTEEL,28-Apr-2022,500.0,PE,0.0,0.0,0.0,10.75,0.0,0,0.0,0,0,18-APR-2022,
OPTSTK,JSWSTEEL,28-Apr-2022,510.0,PE,0.0,0.0,0.0,12.7,0.0,0,0.0,0,0,18-APR-2022,
OPTSTK,JSWSTEEL,28-Apr-2022,520.0,PE,0.0,0.0,0.0,14.9,0.0,0,0.0,0,0,18-APR-2022,
OPTSTK,JSWSTEEL,28-Apr-2022,530.0,PE,0.0,0.0,0.0,17.35,0.0,0,0.0,0,0,18-APR-2022,
OPTSTK,JSWSTEEL,28-Apr-2022,540.0,PE,0.0,0.0,0.0,20.1,0.0,0,0.0,0,0,18-APR-2022,
OPTSTK,JSWSTEEL,28-Apr-2022,550.0,PE,0.35,0.65,0.35,0.65,0.0,3,22.29,248400,-2700,18-APR-2022,
OPTSTK,JSWSTEEL,28-Apr-2022,560.0,PE,0.0,0.0,0.0,0.8,0.0,0,0.0,20250,0,18-APR-2022,
OPTSTK,JSWSTEEL,28-Apr-2022,570.0,PE,0.0,0.0,0.0,0.35,0.0,0,0.0,24300,0,18-APR-2022,
OPTSTK,JSWSTEEL,28-Apr-2022,580.0,PE,0.0,0.0,0.0,0.4,0.0,0,0.0,33750,0,18-APR-2022,
OPTSTK,JSWSTEEL,28-Apr-2022,590.0,PE,0.3,0.9,0.3,0.7,0.0,9,71.75,13500,-5400,18-APR-2022,
OPTSTK,JSWSTEEL,28-Apr-2022,600.0,PE,0.55,0.8,0.45,0.6,0.6,73,591.9,217350,-12150,18-APR-2022,
OPTSTK,JSWSTEEL,28-Apr-2022,610.0,PE,0.6,1.05,0.6,0.7,0.05,32,263.87,105300,-4050,18-APR-2022,
OPTSTK,JSWSTEEL,28-Apr-2022,620.0,PE,0.9,1.15,0.7,0.75,0.75,43,360.41,49950,-2700,18-APR-2022,
OPTSTK,JSWSTEEL,28-Apr-2022,630.0,PE,0.9,1.4,0.8,0.95,0.95,43,366.3,85050,-12150,18-APR-2022,
OPTSTK,JSWSTEEL,28-Apr-2022,640.0,PE,1.25,1.7,1.0,1.1,1.1,72,623.26,260550,-13500,18-APR-2022,
OPTSTK,JSWSTEEL,28-Apr-2022,650.0,PE,1.7,2.0,1.25,1.4,1.4,176,1548.12,325350,-55350,18-APR-2022,
OPTSTK,JSWSTEEL,28-Apr-2022,660.0,PE,1.95,2.25,1.55,1.75,1.75,66,589.68,153900,5400,18-APR-2022,
OPTSTK,JSWSTEEL,28-Apr-2022,670.0,PE,2.3,2.9,1.95,2.15,2.15,130,1179.95,133650,4050,18-APR-2022,
OPTSTK,JSWSTEEL,28-Apr-2022,680.0,PE,2.65,3.65,2.3,2.55,2.55,241,2221.52,297000,-33750,18-APR-2022,
OPTSTK,JSWSTEEL,28-Apr-2022,690.0,PE,3.55,4.5,2.75,3.15,3.15,195,1825.33,230850,14850,18-APR-2022,
OPTSTK,JSWSTEEL,28-Apr-2022,700.0,PE,4.15,5.75,3.4,4.0,4.0,841,7996.17,745200,-56700,18-APR-2022,
OPTSTK,JSWSTEEL,28-Apr-2022,710.0,PE,6.65,7.4,4.15,5.0,5.0,391,3776.65,184950,-39150,18-APR-2022,
OPTSTK,JSWSTEEL,28-Apr-2022,720.0,PE,7.55,9.5,5.35,6.2,6.2,567,5563.64,480600,-9450,18-APR-2022,
OPTSTK,JSWSTEEL,28-Apr-2022,730.0,PE,9.85,12.2,6.9,8.25,8.25,539,5377.39,341550,-14850,18-APR-2022,
OPTSTK,JSWSTEEL,28-Apr-2022,740.0,PE,12.4,15.35,8.95,10.9,10.9,621,6299.59,334800,5400,18-APR-2022,
OPTSTK,JSWSTEEL,28-Apr-2022,750.0,PE,14.3,19.55,12.0,14.2,14.2,826,8529.93,523800,87750,18-APR-2022,
OPTSTK,JSWSTEEL,28-Apr-2022,760.0,PE,20.75,24.2,15.65,18.45,18.45,1398,14708.86,338850,101250,18-APR-2022,
OPTSTK,JSWSTEEL,28-Apr-2022,770.0,PE,25.35,29.8,20.0,23.15,23.15,525,5626.99,199800,9450,18-APR-2022,
OPTSTK,JSWSTEEL,28-Apr-2022,780.0,PE,28.85,35.2,25.65,29.35,29.35,137,1497.03,109350,5400,18-APR-2022,
OPTSTK,JSWSTEEL,28-Apr-2022,790.0,PE,37.0,37.0,37.0,37.0,36.4,1,11.16,18900,1350,18-APR-2022,
OPTSTK,JSWSTEEL,28-Apr-2022,800.0,PE,47.2,47.2,37.2,44.0,43.2,8,91.04,28350,4050,18-APR-2022,
OPTSTK,JSWSTEEL,28-Apr-2022,810.0,PE,0.0,0.0,0.0,187.85,50.55,0,0.0,0,0,18-APR-2022,
OPTSTK,JSWSTEEL,28-Apr-2022,820.0,PE,0.0,0.0,0.0,196.6,58.35,0,0.0,0,0,18-APR-2022,
OPTSTK,JSWSTEEL,28-Apr-2022,830.0,PE,0.0,0.0,0.0,205.45,66.65,0,0.0,0,0,18-APR-2022,
OPTSTK,JSWSTEEL,28-Apr-2022,840.0,PE,0.0,0.0,0.0,214.4,75.25,0,0.0,0,0,18-APR-2022,
OPTSTK,JSWSTEEL,28-Apr-2022,850.0,PE,0.0,0.0,0.0,223.45,84.2,0,0.0,0,0,18-APR-2022,
OPTSTK,JSWSTEEL,28-Apr-2022,860.0,PE,0.0,0.0,0.0,232.55,93.35,0,0.0,0,0,18-APR-2022,
OPTSTK,JSWSTEEL,28-Apr-2022,870.0,PE,0.0,0.0,0.0,241.7,102.75,0,0.0,0,0,18-APR-2022,
OPTSTK,JSWSTEEL,28-Apr-2022,880.0,PE,0.0,0.0,0.0,250.95,112.3,0,0.0,0,0,18-APR-2022,
OPTSTK,JSWSTEEL,28-Apr-2022,890.0,PE,0.0,0.0,0.0,260.25,121.95,0,0.0,0,0,18-APR-2022,
OPTSTK,JSWSTEEL,28-Apr-2022,900.0,PE,0.0,0.0,0.0,269.6,131.7,0,0.0,0,0,18-APR-2022,
OPTSTK,JSWSTEEL,28-Apr-2022,910.0,PE,0.0,0.0,0.0,279.0,141.5,0,0.0,0,0,18-APR-2022,
OPTSTK,JSWSTEEL,26-May-2022,430.0,CE,0.0,0.0,0.0,149.45,339.75,0,0.0,0,0,18-APR-2022,
OPTSTK,JSWSTEEL,26-May-2022,440.0,CE,0.0,0.0,0.0,140.95,329.8,0,0.0,0,0,18-APR-2022,
OPTSTK,JSWSTEEL,26-May-2022,450.0,CE,0.0,0.0,0.0,132.6,319.85,0,0.0,0,0,18-APR-2022,
OPTSTK,JSWSTEEL,26-May-2022,460.0,CE,0.0,0.0,0.0,124.55,309.9,0,0.0,0,0,18-APR-2022,
OPTSTK,JSWSTEEL,26-May-2022,470.0,CE,0.0,0.0,0.0,116.7,299.95,0,0.0,0,0,18-APR-2022,
OPTSTK,JSWSTEEL,26-May-2022,480.0,CE,0.0,0.0,0.0,109.15,290.0,0,0.0,0,0,18-APR-2022,
OPTSTK,JSWSTEEL,26-May-2022,490.0,CE,0.0,0.0,0.0,101.9,280.05,0,0.0,0,0,18-APR-2022,
OPTSTK,JSWSTEEL,26-May-2022,500.0,CE,0.0,0.0,0.0,94.95,270.15,0,0.0,0,0,18-APR-2022,
OPTSTK,JSWSTEEL,26-May-2022,510.0,CE,0.0,0.0,0.0,88.25,260.2,0,0.0,0,0,18-APR-2022,
OPTSTK,JSWSTEEL,26-May-2022,520.0,CE,0.0,0.0,0.0,81.9,250.3,0,0.0,0,0,18-APR-2022,
OPTSTK,JSWSTEEL,26-May-2022,530.0,CE,0.0,0.0,0.0,75.85,240.45,0,0.0,0,0,18-APR-2022,
OPTSTK,JSWSTEEL,26-May-2022,540.0,CE,0.0,0.0,0.0,70.1,230.55,0,0.0,0,0,18-APR-2022,
OPTSTK,JSWSTEEL,26-May-2022,550.0,CE,0.0,0.0,0.0,64.7,220.75,0,0.0,0,0,18-APR-2022,
OPTSTK,JSWSTEEL,26-May-2022,560.0,CE,0.0,0.0,0.0,59.6,211.0,0,0.0,0,0,18-APR-2022,
OPTSTK,JSWSTEEL,26-May-2022,570.0,CE,0.0,0.0,0.0,54.8,201.3,0,0.0,0,0,18-APR-2022,
OPTSTK,JSWSTEEL,26-May-2022,580.0,CE,0.0,0.0,0.0,50.3,191.65,0,0.0,0,0,18-APR-2022,
OPTSTK,JSWSTEEL,26-May-2022,590.0,CE,0.0,0.0,0.0,46.05,182.1,0,0.0,0,0,18-APR-2022,
OPTSTK,JSWSTEEL,26-May-2022,600.0,CE,0.0,0.0,0.0,42.15,172.65,0,0.0,0,0,18-APR-2022,
OPTSTK,JSWSTEEL,26-May-2022,610.0,CE,0.0,0.0,0.0,38.5,163.35,0,0.0,0,0,18-APR-2022,
OPTSTK,JSWSTEEL,26-May-2022,620.0,CE,0.0,0.0,0.0,35.1,154.2,0,0.0,0,0,18-APR-2022,
OPTSTK,JSWSTEEL,26-May-2022,630.0,CE,0.0,0.0,0.0,31.95,145.2,0,0.0,0,0,18-APR-2022,
OPTSTK,JSWSTEEL,26-May-2022,640.0,CE,0.0,0.0,0.0,29.05,136.4,0,0.0,0,0,18-APR-2022,
OPTSTK,JSWSTEEL,26-May-2022,650.0,CE,0.0,0.0,0.0,26.35,127.8,0,0.0,0,0,18-APR-2022,
OPTSTK,JSWSTEEL,26-May-2022,660.0,CE,0.0,0.0,0.0,23.9,119.45,0,0.0,0,0,18-APR-2022,
OPTSTK,JSWSTEEL,26-May-2022,670.0,CE,0.0,0.0,0.0,21.65,111.3,0,0.0,0,0,18-APR-2022,
OPTSTK,JSWSTEEL,26-May-2022,680.0,CE,0.0,0.0,0.0,19.6,103.5,0,0.0,0,0,18-APR-2022,
OPTSTK,JSWSTEEL,26-May-2022,690.0,CE,0.0,0.0,0.0,17.7,95.95,0,0.0,0,0,18-APR-2022,
OPTSTK,JSWSTEEL,26-May-2022,700.0,CE,0.0,0.0,0.0,15.95,88.7,0,0.0,0,0,18-APR-2022,
OPTSTK,JSWSTEEL,26-May-2022,710.0,CE,0.0,0.0,0.0,14.35,81.75,0,0.0,0,0,18-APR-2022,
OPTSTK,JSWSTEEL,26-May-2022,720.0,CE,0.0,0.0,0.0,12.95,75.15,0,0.0,0,0,18-APR-2022,
OPTSTK,JSWSTEEL,26-May-2022,730.0,CE,0.0,0.0,0.0,11.6,68.85,0,0.0,0,0,18-APR-2022,
OPTSTK,JSWSTEEL,26-May-2022,740.0,CE,0.0,0.0,0.0,10.45,62.95,0,0.0,0,0,18-APR-2022,
OPTSTK,JSWSTEEL,26-May-2022,750.0,CE,55.65,55.65,52.0,52.0,57.35,2,21.7,39150,0,18-APR-2022,
OPTSTK,JSWSTEEL,26-May-2022,760.0,CE,0.0,0.0,0.0,51.0,52.15,0,0.0,43200,0,18-APR-2022,
OPTSTK,JSWSTEEL,26-May-2022,770.0,CE,40.4,40.65,40.4,40.65,47.25,4,43.76,10800,2700,18-APR-2022,
OPTSTK,JSWSTEEL,26-May-2022,780.0,CE,35.35,37.05,35.35,37.05,37.05,3,33.05,2700,1350,18-APR-2022,
OPTSTK,JSWSTEEL,26-May-2022,790.0,CE,0.0,0.0,0.0,34.95,38.5,0,0.0,1350,0,18-APR-2022,
OPTSTK,JSWSTEEL,26-May-2022,800.0,CE,30.4,31.45,27.1,29.1,29.1,57,638.28,129600,17550,18-APR-2022,
OPTSTK,JSWSTEEL,26-May-2022,810.0,CE,23.5,23.5,23.5,23.5,31.0,1,11.25,4050,1350,18-APR-2022,
OPTSTK,JSWSTEEL,26-May-2022,820.0,CE,0.0,0.0,0.0,4.25,27.7,0,0.0,0,0,18-APR-2022,
OPTSTK,JSWSTEEL,26-May-2022,830.0,CE,0.0,0.0,0.0,3.8,24.7,0,0.0,0,0,18-APR-2022,
OPTSTK,JSWSTEEL,26-May-2022,840.0,CE,0.0,0.0,0.0,3.4,21.95,0,0.0,0,0,18-APR-2022,
OPTSTK,JSWSTEEL,26-May-2022,850.0,CE,15.0,16.55,15.0,15.2,19.5,5,58.44,18900,0,18-APR-2022,
OPTSTK,JSWSTEEL,26-May-2022,860.0,CE,0.0,0.0,0.0,4.7,17.25,0,0.0,0,0,18-APR-2022,
OPTSTK,JSWSTEEL,26-May-2022,870.0,CE,0.0,0.0,0.0,4.2,15.2,0,0.0,0,0,18-APR-2022,
OPTSTK,JSWSTEEL,26-May-2022,880.0,CE,10.0,10.0,10.0,10.0,13.4,1,12.01,1350,1350,18-APR-2022,
OPTSTK,JSWSTEEL,26-May-2022,890.0,CE,0.0,0.0,0.0,5.4,11.75,0,0.0,0,0,18-APR-2022,
OPTSTK,JSWSTEEL,26-May-2022,900.0,CE,0.0,0.0,0.0,4.9,10.3,0,0.0,0,0,18-APR-2022,
OPTSTK,JSWSTEEL,26-May-2022,430.0,PE,0.0,0.0,0.0,5.6,0.0,0,0.0,0,0,18-APR-2022,
OPTSTK,JSWSTEEL,26-May-2022,440.0,PE,0.0,0.0,0.0,7.0,0.0,0,0.0,0,0,18-APR-2022,
OPTSTK,JSWSTEEL,26-May-2022,450.0,PE,0.0,0.0,0.0,8.55,0.0,0,0.0,0,0,18-APR-2022,
OPTSTK,JSWSTEEL,26-May-2022,460.0,PE,0.0,0.0,0.0,10.4,0.05,0,0.0,0,0,18-APR-2022,
OPTSTK,JSWSTEEL,26-May-2022,470.0,PE,0.0,0.0,0.0,12.45,0.05,0,0.0,0,0,18-APR-2022,
OPTSTK,JSWSTEEL,26-May-2022,480.0,PE,0.0,0.0,0.0,14.8,0.05,0,0.0,0,0,18-APR-2022,
OPTSTK,JSWSTEEL,26-May-2022,490.0,PE,0.0,0.0,0.0,17.45,0.05,0,0.0,0,0,18-APR-2022,
OPTSTK,JSWSTEEL,26-May-2022,500.0,PE,0.0,0.0,0.0,20.35,0.1,0,0.0,0,0,18-APR-2022,
OPTSTK,JSWSTEEL,26-May-2022,510.0,PE,0.0,0.0,0.0,23.55,0.1,0,0.0,0,0,18-APR-2022,
OPTSTK,JSWSTEEL,26-May-2022,520.0,PE,0.0,0.0,0.0,27.1,0.15,0,0.0,0,0,18-APR-2022,
OPTSTK,JSWSTEEL,26-May-2022,530.0,PE,0.0,0.0,0.0,30.95,0.25,0,0.0,0,0,18-APR-2022,
OPTSTK,JSWSTEEL,26-May-2022,540.0,PE,0.0,0.0,0.0,35.1,0.35,0,0.0,0,0,18-APR-2022,
OPTSTK,JSWSTEEL,26-May-2022,550.0,PE,0.0,0.0,0.0,39.6,0.5,0,0.0,0,0,18-APR-2022,
OPTSTK,JSWSTEEL,26-May-2022,560.0,PE,0.0,0.0,0.0,44.4,0.65,0,0.0,0,0,18-APR-2022,
OPTSTK,JSWSTEEL,26-May-2022,570.0,PE,0.0,0.0,0.0,49.45,0.9,0,0.0,0,0,18-APR-2022,
OPTSTK,JSWSTEEL,26-May-2022,580.0,PE,0.0,0.0,0.0,54.85,1.25,0,0.0,0,0,18-APR-2022,
OPTSTK,JSWSTEEL,26-May-2022,590.0,PE,0.0,0.0,0.0,60.55,1.65,0,0.0,0,0,18-APR-2022,
OPTSTK,JSWSTEEL,26-May-2022,600.0,PE,0.0,0.0,0.0,66.5,2.15,0,0.0,0,0,18-APR-2022,
OPTSTK,JSWSTEEL,26-May-2022,610.0,PE,0.0,0.0,0.0,72.75,2.8,0,0.0,0,0,18-APR-2022,
OPTSTK,JSWSTEEL,26-May-2022,620.0,PE,0.0,0.0,0.0,79.25,3.6,0,0.0,0,0,18-APR-2022,
OPTSTK,JSWSTEEL,26-May-2022,630.0,PE,0.0,0.0,0.0,86.0,4.55,0,0.0,0,0,18-APR-2022,
OPTSTK,JSWSTEEL,26-May-2022,640.0,PE,0.0,0.0,0.0,93.0,5.7,0,0.0,0,0,18-APR-2022,
OPTSTK,JSWSTEEL,26-May-2022,650.0,PE,8.8,8.8,6.0,7.0,7.1,6,53.22,6750,6750,18-APR-2022,
OPTSTK,JSWSTEEL,26-May-2022,660.0,PE,0.0,0.0,0.0,107.65,8.65,0,0.0,0,0,18-APR-2022,
OPTSTK,JSWSTEEL,26-May-2022,670.0,PE,0.0,0.0,0.0,115.3,10.5,0,0.0,0,0,18-APR-2022,
OPTSTK,JSWSTEEL,26-May-2022,680.0,PE,10.0,10.0,10.0,10.0,12.65,1,9.31,1350,1350,18-APR-2022,
OPTSTK,JSWSTEEL,26-May-2022,690.0,PE,0.0,0.0,0.0,131.1,15.05,0,0.0,0,0,18-APR-2022,
OPTSTK,JSWSTEEL,26-May-2022,700.0,PE,15.25,16.5,13.0,14.7,14.7,34,328.23,99900,10800,18-APR-2022,
OPTSTK,JSWSTEEL,26-May-2022,710.0,PE,0.0,0.0,0.0,147.6,20.75,0,0.0,0,0,18-APR-2022,
OPTSTK,JSWSTEEL,26-May-2022,720.0,PE,0.0,0.0,0.0,156.05,24.1,0,0.0,0,0,18-APR-2022,
OPTSTK,JSWSTEEL,26-May-2022,730.0,PE,0.0,0.0,0.0,164.65,27.8,0,0.0,0,0,18-APR-2022,
OPTSTK,JSWSTEEL,26-May-2022,740.0,PE,0.0,0.0,0.0,173.35,31.85,0,0.0,0,0,18-APR-2022,
OPTSTK,JSWSTEEL,26-May-2022,750.0,PE,35.15,35.15,31.8,31.8,31.8,3,31.74,4050,1350,18-APR-2022,
OPTSTK,JSWSTEEL,26-May-2022,760.0,PE,36.75,36.75,36.5,36.5,40.95,6,64.53,6750,6750,18-APR-2022,
OPTSTK,JSWSTEEL,26-May-2022,770.0,PE,0.0,0.0,0.0,200.1,46.0,0,0.0,0,0,18-APR-2022,
OPTSTK,JSWSTEEL,26-May-2022,780.0,PE,0.0,0.0,0.0,209.2,51.4,0,0.0,0,0,18-APR-2022,
OPTSTK,JSWSTEEL,26-May-2022,790.0,PE,0.0,0.0,0.0,218.4,57.15,0,0.0,0,0,18-APR-2022,
OPTSTK,JSWSTEEL,26-May-2022,800.0,PE,0.0,0.0,0.0,227.65,63.2,0,0.0,0,0,18-APR-2022,
OPTSTK,JSWSTEEL,26-May-2022,810.0,PE,0.0,0.0,0.0,236.95,69.55,0,0.0,0,0,18-APR-2022,
OPTSTK,JSWSTEEL,26-May-2022,820.0,PE,0.0,0.0,0.0,246.35,76.2,0,0.0,0,0,18-APR-2022,
OPTSTK,JSWSTEEL,26-May-2022,830.0,PE,0.0,0.0,0.0,255.75,83.15,0,0.0,0,0,18-APR-2022,
OPTSTK,JSWSTEEL,26-May-2022,840.0,PE,0.0,0.0,0.0,265.25,90.4,0,0.0,0,0,18-APR-2022,
OPTSTK,JSWSTEEL,26-May-2022,850.0,PE,0.0,0.0,0.0,274.75,97.9,0,0.0,0,0,18-APR-2022,
OPTSTK,JSWSTEEL,26-May-2022,860.0,PE,0.0,0.0,0.0,257.35,105.6,0,0.0,0,0,18-APR-2022,
OPTSTK,JSWSTEEL,26-May-2022,870.0,PE,0.0,0.0,0.0,266.8,113.5,0,0.0,0,0,18-APR-2022,
OPTSTK,JSWSTEEL,26-May-2022,880.0,PE,0.0,0.0,0.0,276.25,121.65,0,0.0,0,0,18-APR-2022,
OPTSTK,JSWSTEEL,26-May-2022,890.0,PE,0.0,0.0,0.0,259.2,130.0,0,0.0,0,0,18-APR-2022,
OPTSTK,JSWSTEEL,26-May-2022,900.0,PE,0.0,0.0,0.0,268.55,138.5,0,0.0,0,0,18-APR-2022,
OPTSTK,JSWSTEEL,30-Jun-2022,470.0,CE,0.0,0.0,0.0,269.2,302.25,0,0.0,0,0,18-APR-2022,
OPTSTK,JSWSTEEL,30-Jun-2022,480.0,CE,0.0,0.0,0.0,259.7,292.45,0,0.0,0,0,18-APR-2022,
OPTSTK,JSWSTEEL,30-Jun-2022,490.0,CE,0.0,0.0,0.0,250.3,282.7,0,0.0,0,0,18-APR-2022,
OPTSTK,JSWSTEEL,30-Jun-2022,500.0,CE,0.0,0.0,0.0,241.0,273.0,0,0.0,0,0,18-APR-2022,
OPTSTK,JSWSTEEL,30-Jun-2022,510.0,CE,0.0,0.0,0.0,231.8,263.35,0,0.0,0,0,18-APR-2022,
OPTSTK,JSWSTEEL,30-Jun-2022,520.0,CE,0.0,0.0,0.0,222.7,253.8,0,0.0,0,0,18-APR-2022,
OPTSTK,JSWSTEEL,30-Jun-2022,530.0,CE,0.0,0.0,0.0,213.75,244.3,0,0.0,0,0,18-APR-2022,
OPTSTK,JSWSTEEL,30-Jun-2022,540.0,CE,0.0,0.0,0.0,204.95,234.9,0,0.0,0,0,18-APR-2022,
OPTSTK,JSWSTEEL,30-Jun-2022,550.0,CE,0.0,0.0,0.0,196.25,225.55,0,0.0,0,0,18-APR-2022,
OPTSTK,JSWSTEEL,30-Jun-2022,560.0,CE,0.0,0.0,0.0,187.75,216.35,0,0.0,0,0,18-APR-2022,
OPTSTK,JSWSTEEL,30-Jun-2022,570.0,CE,0.0,0.0,0.0,179.4,207.25,0,0.0,0,0,18-APR-2022,
OPTSTK,JSWSTEEL,30-Jun-2022,580.0,CE,0.0,0.0,0.0,171.25,198.3,0,0.0,0,0,18-APR-2022,
OPTSTK,JSWSTEEL,30-Jun-2022,590.0,CE,0.0,0.0,0.0,163.3,189.5,0,0.0,0,0,18-APR-2022,
OPTSTK,JSWSTEEL,30-Jun-2022,600.0,CE,0.0,0.0,0.0,155.5,180.8,0,0.0,0,0,18-APR-2022,
OPTSTK,JSWSTEEL,30-Jun-2022,610.0,CE,0.0,0.0,0.0,147.95,172.35,0,0.0,0,0,18-APR-2022,
OPTSTK,JSWSTEEL,30-Jun-2022,620.0,CE,0.0,0.0,0.0,140.6,164.05,0,0.0,0,0,18-APR-2022,
OPTSTK,JSWSTEEL,30-Jun-2022,630.0,CE,0.0,0.0,0.0,133.45,155.9,0,0.0,0,0,18-APR-2022,
OPTSTK,JSWSTEEL,30-Jun-2022,640.0,CE,0.0,0.0,0.0,126.55,148.0,0,0.0,0,0,18-APR-2022,
OPTSTK,JSWSTEEL,30-Jun-2022,650.0,CE,0.0,0.0,0.0,119.85,140.3,0,0.0,0,0,18-APR-2022,
OPTSTK,JSWSTEEL,30-Jun-2022,660.0,CE,0.0,0.0,0.0,113.35,132.85,0,0.0,0,0,18-APR-2022,
OPTSTK,JSWSTEEL,30-Jun-2022,670.0,CE,0.0,0.0,0.0,107.15,125.6,0,0.0,0,0,18-APR-2022,
OPTSTK,JSWSTEEL,30-Jun-2022,680.0,CE,0.0,0.0,0.0,101.15,118.6,0,0.0,0,0,18-APR-2022,
OPTSTK,JSWSTEEL,30-Jun-2022,690.0,CE,0.0,0.0,0.0,95.4,111.8,0,0.0,0,0,18-APR-2022,
OPTSTK,JSWSTEEL,30-Jun-2022,700.0,CE,0.0,0.0,0.0,89.9,105.25,0,0.0,0,0,18-APR-2022,
OPTSTK,JSWSTEEL,30-Jun-2022,710.0,CE,0.0,0.0,0.0,84.6,99.0,0,0.0,0,0,18-APR-2022,
OPTSTK,JSWSTEEL,30-Jun-2022,720.0,CE,0.0,0.0,0.0,79.55,92.95,0,0.0,0,0,18-APR-2022,
OPTSTK,JSWSTEEL,30-Jun-2022,730.0,CE,0.0,0.0,0.0,74.75,87.2,0,0.0,0,0,18-APR-2022,
OPTSTK,JSWSTEEL,30-Jun-2022,740.0,CE,0.0,0.0,0.0,70.15,81.65,0,0.0,0,0,18-APR-2022,
OPTSTK,JSWSTEEL,30-Jun-2022,750.0,CE,0.0,0.0,0.0,65.75,76.4,0,0.0,0,0,18-APR-2022,
OPTSTK,JSWSTEEL,30-Jun-2022,760.0,CE,0.0,0.0,0.0,61.6,71.4,0,0.0,0,0,18-APR-2022,
OPTSTK,JSWSTEEL,30-Jun-2022,770.0,CE,0.0,0.0,0.0,57.65,66.6,0,0.0,0,0,18-APR-2022,
OPTSTK,JSWSTEEL,30-Jun-2022,780.0,CE,0.0,0.0,0.0,53.9,62.1,0,0.0,0,0,18-APR-2022,
OPTSTK,JSWSTEEL,30-Jun-2022,790.0,CE,0.0,0.0,0.0,50.35,57.8,0,0.0,0,0,18-APR-2022,
OPTSTK,JSWSTEEL,30-Jun-2022,800.0,CE,0.0,0.0,0.0,47.0,53.75,0,0.0,0,0,18-APR-2022,
OPTSTK,JSWSTEEL,30-Jun-2022,810.0,CE,0.0,0.0,0.0,43.85,49.9,0,0.0,0,0,18-APR-2022,
OPTSTK,JSWSTEEL,30-Jun-2022,820.0,CE,0.0,0.0,0.0,40.85,46.3,0,0.0,0,0,18-APR-2022,
OPTSTK,JSWSTEEL,30-Jun-2022,830.0,CE,0.0,0.0,0.0,38.05,42.9,0,0.0,0,0,18-APR-2022,
OPTSTK,JSWSTEEL,30-Jun-2022,840.0,CE,0.0,0.0,0.0,35.4,39.7,0,0.0,0,0,18-APR-2022,
OPTSTK,JSWSTEEL,30-Jun-2022,850.0,CE,0.0,0.0,0.0,32.95,36.75,0,0.0,0,0,18-APR-2022,
OPTSTK,JSWSTEEL,30-Jun-2022,860.0,CE,0.0,0.0,0.0,30.65,33.9,0,0.0,0,0,18-APR-2022,
OPTSTK,JSWSTEEL,30-Jun-2022,870.0,CE,0.0,0.0,0.0,28.45,31.3,0,0.0,0,0,18-APR-2022,
OPTSTK,JSWSTEEL,30-Jun-2022,880.0,CE,0.0,0.0,0.0,26.4,28.9,0,0.0,0,0,18-APR-2022,
OPTSTK,JSWSTEEL,30-Jun-2022,890.0,CE,0.0,0.0,0.0,24.5,26.6,0,0.0,0,0,18-APR-2022,
OPTSTK,JSWSTEEL,30-Jun-2022,900.0,CE,0.0,0.0,0.0,22.7,24.5,0,0.0,0,0,18-APR-2022,
OPTSTK,JSWSTEEL,30-Jun-2022,470.0,PE,0.0,0.0,0.0,1.6,0.4,0,0.0,0,0,18-APR-2022,
OPTSTK,JSWSTEEL,30-Jun-2022,480.0,PE,0.0,0.0,0.0,2.0,0.55,0,0.0,0,0,18-APR-2022,
OPTSTK,JSWSTEEL,30-Jun-2022,490.0,PE,0.0,0.0,0.0,2.5,0.7,0,0.0,0,0,18-APR-2022,
OPTSTK,JSWSTEEL,30-Jun-2022,500.0,PE,0.0,0.0,0.0,3.1,0.95,0,0.0,0,0,18-APR-2022,
OPTSTK,JSWSTEEL,30-Jun-2022,510.0,PE,0.0,0.0,0.0,3.8,1.2,0,0.0,0,0,18-APR-2022,
OPTSTK,JSWSTEEL,30-Jun-2022,520.0,PE,0.0,0.0,0.0,4.6,1.55,0,0.0,0,0,18-APR-2022,
OPTSTK,JSWSTEEL,30-Jun-2022,530.0,PE,0.0,0.0,0.0,5.55,1.95,0,0.0,0,0,18-APR-2022,
OPTSTK,JSWSTEEL,30-Jun-2022,540.0,PE,0.0,0.0,0.0,6.6,2.45,0,0.0,0,0,18-APR-2022,
OPTSTK,JSWSTEEL,30-Jun-2022,550.0,PE,0.0,0.0,0.0,7.85,3.05,0,0.0,0,0,18-APR-2022,
OPTSTK,JSWSTEEL,30-Jun-2022,560.0,PE,0.0,0.0,0.0,9.2,3.75,0,0.0,0,0,18-APR-2022,
OPTSTK,JSWSTEEL,30-Jun-2022,570.0,PE,0.0,0.0,0.0,10.75,4.6,0,0.0,0,0,18-APR-2022,
OPTSTK,JSWSTEEL,30-Jun-2022,580.0,PE,0.0,0.0,0.0,12.5,5.55,0,0.0,0,0,18-APR-2022,
OPTSTK,JSWSTEEL,30-Jun-2022,590.0,PE,0.0,0.0,0.0,14.4,6.65,0,0.0,0,0,18-APR-2022,
OPTSTK,JSWSTEEL,30-Jun-2022,600.0,PE,0.0,0.0,0.0,16.55,7.9,0,0.0,0,0,18-APR-2022,
OPTSTK,JSWSTEEL,30-Jun-2022,610.0,PE,0.0,0.0,0.0,18.85,9.3,0,0.0,0,0,18-APR-2022,
OPTSTK,JSWSTEEL,30-Jun-2022,620.0,PE,0.0,0.0,0.0,21.4,10.95,0,0.0,0,0,18-APR-2022,
OPTSTK,JSWSTEEL,30-Jun-2022,630.0,PE,0.0,0.0,0.0,24.15,12.75,0,0.0,0,0,18-APR-2022,
OPTSTK,JSWSTEEL,30-Jun-2022,640.0,PE,0.0,0.0,0.0,27.15,14.75,0,0.0,0,0,18-APR-2022,
OPTSTK,JSWSTEEL,30-Jun-2022,650.0,PE,0.0,0.0,0.0,30.35,16.95,0,0.0,0,0,18-APR-2022,
OPTSTK,JSWSTEEL,30-Jun-2022,660.0,PE,0.0,0.0,0.0,33.75,19.4,0,0.0,0,0,18-APR-2022,
OPTSTK,JSWSTEEL,30-Jun-2022,670.0,PE,0.0,0.0,0.0,37.45,22.1,0,0.0,0,0,18-APR-2022,
OPTSTK,JSWSTEEL,30-Jun-2022,680.0,PE,0.0,0.0,0.0,41.35,25.0,0,0.0,0,0,18-APR-2022,
OPTSTK,JSWSTEEL,30-Jun-2022,690.0,PE,0.0,0.0,0.0,45.5,28.1,0,0.0,0,0,18-APR-2022,
OPTSTK,JSWSTEEL,30-Jun-2022,700.0,PE,0.0,0.0,0.0,49.85,31.5,0,0.0,0,0,18-APR-2022,
OPTSTK,JSWSTEEL,30-Jun-2022,710.0,PE,0.0,0.0,0.0,54.5,35.1,0,0.0,0,0,18-APR-2022,
OPTSTK,JSWSTEEL,30-Jun-2022,720.0,PE,0.0,0.0,0.0,59.35,39.0,0,0.0,0,0,18-APR-2022,
OPTSTK,JSWSTEEL,30-Jun-2022,730.0,PE,0.0,0.0,0.0,64.4,43.15,0,0.0,0,0,18-APR-2022,
OPTSTK,JSWSTEEL,30-Jun-2022,740.0,PE,0.0,0.0,0.0,69.7,47.55,0,0.0,0,0,18-APR-2022,
OPTSTK,JSWSTEEL,30-Jun-2022,750.0,PE,0.0,0.0,0.0,75.2,52.2,0,0.0,0,0,18-APR-2022,
OPTSTK,JSWSTEEL,30-Jun-2022,760.0,PE,0.0,0.0,0.0,80.95,57.1,0,0.0,0,0,18-APR-2022,
OPTSTK,JSWSTEEL,30-Jun-2022,770.0,PE,0.0,0.0,0.0,86.9,62.25,0,0.0,0,0,18-APR-2022,
OPTSTK,JSWSTEEL,30-Jun-2022,780.0,PE,0.0,0.0,0.0,93.05,67.65,0,0.0,0,0,18-APR-2022,
OPTSTK,JSWSTEEL,30-Jun-2022,790.0,PE,0.0,0.0,0.0,99.4,73.25,0,0.0,0,0,18-APR-2022,
OPTSTK,JSWSTEEL,30-Jun-2022,800.0,PE,0.0,0.0,0.0,105.95,79.15,0,0.0,0,0,18-APR-2022,
OPTSTK,JSWSTEEL,30-Jun-2022,810.0,PE,0.0,0.0,0.0,112.7,85.2,0,0.0,0,0,18-APR-2022,
OPTSTK,JSWSTEEL,30-Jun-2022,820.0,PE,0.0,0.0,0.0,119.6,91.5,0,0.0,0,0,18-APR-2022,
OPTSTK,JSWSTEEL,30-Jun-2022,830.0,PE,0.0,0.0,0.0,126.7,98.05,0,0.0,0,0,18-APR-2022,
OPTSTK,JSWSTEEL,30-Jun-2022,840.0,PE,0.0,0.0,0.0,133.95,104.75,0,0.0,0,0,18-APR-2022,
OPTSTK,JSWSTEEL,30-Jun-2022,850.0,PE,0.0,0.0,0.0,141.35,111.7,0,0.0,0,0,18-APR-2022,
OPTSTK,JSWSTEEL,30-Jun-2022,860.0,PE,0.0,0.0,0.0,148.95,118.8,0,0.0,0,0,18-APR-2022,
OPTSTK,JSWSTEEL,30-Jun-2022,870.0,PE,0.0,0.0,0.0,156.65,126.1,0,0.0,0,0,18-APR-2022,
OPTSTK,JSWSTEEL,30-Jun-2022,880.0,PE,0.0,0.0,0.0,164.5,133.6,0,0.0,0,0,18-APR-2022,
OPTSTK,JSWSTEEL,30-Jun-2022,890.0,PE,0.0,0.0,0.0,172.5,141.25,0,0.0,0,0,18-APR-2022,
OPTSTK,JSWSTEEL,30-Jun-2022,900.0,PE,0.0,0.0,0.0,180.55,149.05,0,0.0,0,0,18-APR-2022,
OPTSTK,JUBLFOOD,28-Apr-2022,1750.0,CE,0.0,0.0,0.0,1511.65,1096.7,0,0.0,0,0,18-APR-2022,
OPTSTK,JUBLFOOD,28-Apr-2022,1800.0,CE,0.0,0.0,0.0,1462.35,1046.75,0,0.0,0,0,18-APR-2022,
OPTSTK,JUBLFOOD,28-Apr-2022,1850.0,CE,0.0,0.0,0.0,1413.15,996.8,0,0.0,0,0,18-APR-2022,
OPTSTK,JUBLFOOD,28-Apr-2022,1900.0,CE,0.0,0.0,0.0,1364.05,946.85,0,0.0,0,0,18-APR-2022,
OPTSTK,JUBLFOOD,28-Apr-2022,1950.0,CE,0.0,0.0,0.0,1315.1,896.9,0,0.0,0,0,18-APR-2022,
OPTSTK,JUBLFOOD,28-Apr-2022,2000.0,CE,0.0,0.0,0.0,1266.35,846.95,0,0.0,0,0,18-APR-2022,
OPTSTK,JUBLFOOD,28-Apr-2022,2050.0,CE,0.0,0.0,0.0,1217.85,797.05,0,0.0,0,0,18-APR-2022,
OPTSTK,JUBLFOOD,28-Apr-2022,2100.0,CE,0.0,0.0,0.0,714.05,747.1,0,0.0,500,0,18-APR-2022,
OPTSTK,JUBLFOOD,28-Apr-2022,2150.0,CE,0.0,0.0,0.0,1121.7,697.15,0,0.0,0,0,18-APR-2022,
OPTSTK,JUBLFOOD,28-Apr-2022,2200.0,CE,660.0,660.0,660.0,660.0,647.2,1,3.57,125,0,18-APR-2022,
OPTSTK,JUBLFOOD,28-Apr-2022,2250.0,CE,0.0,0.0,0.0,1027.25,597.35,0,0.0,0,0,18-APR-2022,
OPTSTK,JUBLFOOD,28-Apr-2022,2300.0,CE,0.0,0.0,0.0,980.85,547.5,0,0.0,0,0,18-APR-2022,
OPTSTK,JUBLFOOD,28-Apr-2022,2350.0,CE,0.0,0.0,0.0,935.05,497.85,0,0.0,0,0,18-APR-2022,
OPTSTK,JUBLFOOD,28-Apr-2022,2400.0,CE,0.0,0.0,0.0,890.0,448.5,0,0.0,0,0,18-APR-2022,
OPTSTK,JUBLFOOD,28-Apr-2022,2450.0,CE,0.0,0.0,0.0,845.7,399.7,0,0.0,0,0,18-APR-2022,
OPTSTK,JUBLFOOD,28-Apr-2022,2500.0,CE,286.85,385.0,286.85,363.5,351.75,29,102.92,14125,-1625,18-APR-2022,
OPTSTK,JUBLFOOD,28-Apr-2022,2550.0,CE,282.25,282.25,282.25,282.25,305.25,1,3.54,4125,-125,18-APR-2022,
OPTSTK,JUBLFOOD,28-Apr-2022,2600.0,CE,194.3,295.0,194.3,284.45,284.45,99,353.1,20625,-5750,18-APR-2022,
OPTSTK,JUBLFOOD,28-Apr-2022,2650.0,CE,182.85,246.95,182.85,238.1,238.1,36,129.35,12500,-2375,18-APR-2022,
OPTSTK,JUBLFOOD,28-Apr-2022,2700.0,CE,129.05,210.05,115.3,198.3,198.3,500,1800.61,40250,-19750,18-APR-2022,
OPTSTK,JUBLFOOD,28-Apr-2022,2750.0,CE,105.0,179.75,91.5,162.4,162.4,616,2222.9,20875,-10750,18-APR-2022,
OPTSTK,JUBLFOOD,28-Apr-2022,2800.0,CE,89.0,148.0,70.0,133.55,133.55,9446,34413.5,159375,-77375,18-APR-2022,
OPTSTK,JUBLFOOD,28-Apr-2022,2850.0,CE,59.0,120.75,54.0,105.8,105.8,4193,15448.51,70000,5000,18-APR-2022,
OPTSTK,JUBLFOOD,28-Apr-2022,2900.0,CE,60.3,98.9,40.4,82.85,82.85,10746,40034.67,165125,18375,18-APR-2022,
OPTSTK,JUBLFOOD,28-Apr-2022,2950.0,CE,52.0,76.0,31.3,64.1,64.1,1455,5466.91,42375,6250,18-APR-2022,
OPTSTK,JUBLFOOD,28-Apr-2022,3000.0,CE,26.6,60.0,20.0,49.7,49.7,6105,23222.82,251250,4000,18-APR-2022,
OPTSTK,JUBLFOOD,28-Apr-2022,3050.0,CE,22.25,47.45,22.25,38.8,38.8,1045,4024.86,21125,1125,18-APR-2022,
OPTSTK,JUBLFOOD,28-Apr-2022,3100.0,CE,18.25,38.3,17.45,30.85,30.85,2217,8661.64,57000,-4625,18-APR-2022,
OPTSTK,JUBLFOOD,28-Apr-2022,3150.0,CE,14.6,30.45,14.6,23.95,23.95,304,1206.34,19750,15250,18-APR-2022,
OPTSTK,JUBLFOOD,28-Apr-2022,3200.0,CE,9.55,25.3,9.0,20.25,20.25,2450,9852.91,82625,21500,18-APR-2022,
OPTSTK,JUBLFOOD,28-Apr-2022,3250.0,CE,15.8,16.8,14.25,16.2,16.2,51,208.19,3625,3375,18-APR-2022,
OPTSTK,JUBLFOOD,28-Apr-2022,3300.0,CE,7.2,17.75,7.1,13.6,13.6,1874,7756.5,77875,-31250,18-APR-2022,
OPTSTK,JUBLFOOD,28-Apr-2022,3350.0,CE,0.0,0.0,0.0,15.95,1.75,0,0.0,250,0,18-APR-2022,
OPTSTK,JUBLFOOD,28-Apr-2022,3400.0,CE,7.1,12.4,5.5,9.6,9.6,1336,5691.32,45875,19625,18-APR-2022,
OPTSTK,JUBLFOOD,28-Apr-2022,3450.0,CE,6.1,6.35,6.1,6.3,0.6,8,34.56,2750,0,18-APR-2022,
OPTSTK,JUBLFOOD,28-Apr-2022,3500.0,CE,5.7,9.35,4.5,7.4,7.4,840,3681.81,58500,16000,18-APR-2022,
OPTSTK,JUBLFOOD,28-Apr-2022,3550.0,CE,0.0,0.0,0.0,181.1,0.2,0,0.0,0,0,18-APR-2022,
OPTSTK,JUBLFOOD,28-Apr-2022,3600.0,CE,3.1,7.0,3.1,5.75,5.75,235,1058.81,23500,-3500,18-APR-2022,
OPTSTK,JUBLFOOD,28-Apr-2022,3650.0,CE,0.0,0.0,0.0,151.8,0.05,0,0.0,0,0,18-APR-2022,
OPTSTK,JUBLFOOD,28-Apr-2022,3700.0,CE,2.55,5.0,2.55,4.4,4.4,161,745.38,8500,2125,18-APR-2022,
OPTSTK,JUBLFOOD,28-Apr-2022,3750.0,CE,0.0,0.0,0.0,126.75,0.05,0,0.0,0,0,18-APR-2022,
OPTSTK,JUBLFOOD,28-Apr-2022,3800.0,CE,0.0,0.0,0.0,115.6,0.05,0,0.0,0,0,18-APR-2022,
OPTSTK,JUBLFOOD,28-Apr-2022,3850.0,CE,0.0,0.0,0.0,105.3,0.0,0,0.0,0,0,18-APR-2022,
OPTSTK,JUBLFOOD,28-Apr-2022,3900.0,CE,0.0,0.0,0.0,95.65,0.0,0,0.0,0,0,18-APR-2022,
OPTSTK,JUBLFOOD,28-Apr-2022,3950.0,CE,0.0,0.0,0.0,86.95,0.0,0,0.0,0,0,18-APR-2022,
OPTSTK,JUBLFOOD,28-Apr-2022,4000.0,CE,0.0,0.0,0.0,78.9,0.0,0,0.0,0,0,18-APR-2022,
OPTSTK,JUBLFOOD,28-Apr-2022,4050.0,CE,0.0,0.0,0.0,71.55,0.0,0,0.0,0,0,18-APR-2022,
OPTSTK,JUBLFOOD,28-Apr-2022,4100.0,CE,0.0,0.0,0.0,64.8,0.0,0,0.0,0,0,18-APR-2022,
OPTSTK,JUBLFOOD,28-Apr-2022,4150.0,CE,0.0,0.0,0.0,58.65,0.0,0,0.0,0,0,18-APR-2022,
OPTSTK,JUBLFOOD,28-Apr-2022,4200.0,CE,0.0,0.0,0.0,53.0,0.0,0,0.0,0,0,18-APR-2022,
OPTSTK,JUBLFOOD,28-Apr-2022,4250.0,CE,0.0,0.0,0.0,47.85,0.0,0,0.0,0,0,18-APR-2022,
OPTSTK,JUBLFOOD,28-Apr-2022,4300.0,CE,0.0,0.0,0.0,43.2,0.0,0,0.0,0,0,18-APR-2022,
OPTSTK,JUBLFOOD,28-Apr-2022,4350.0,CE,0.0,0.0,0.0,38.95,0.0,0,0.0,0,0,18-APR-2022,
OPTSTK,JUBLFOOD,28-Apr-2022,4400.0,CE,0.0,0.0,0.0,35.05,0.0,0,0.0,0,0,18-APR-2022,
OPTSTK,JUBLFOOD,28-Apr-2022,4450.0,CE,0.0,0.0,0.0,31.55,0.0,0,0.0,0,0,18-APR-2022,
OPTSTK,JUBLFOOD,28-Apr-2022,4500.0,CE,0.0,0.0,0.0,28.4,0.0,0,0.0,0,0,18-APR-2022,
OPTSTK,JUBLFOOD,28-Apr-2022,4550.0,CE,0.0,0.0,0.0,25.5,0.0,0,0.0,0,0,18-APR-2022,
OPTSTK,JUBLFOOD,28-Apr-2022,4600.0,CE,0.0,0.0,0.0,22.9,0.0,0,0.0,0,0,18-APR-2022,
OPTSTK,JUBLFOOD,28-Apr-2022,4650.0,CE,0.0,0.0,0.0,20.55,0.0,0,0.0,0,0,18-APR-2022,
OPTSTK,JUBLFOOD,28-Apr-2022,4700.0,CE,0.0,0.0,0.0,18.45,0.0,0,0.0,0,0,18-APR-2022,
OPTSTK,JUBLFOOD,28-Apr-2022,4750.0,CE,0.0,0.0,0.0,16.5,0.0,0,0.0,0,0,18-APR-2022,
OPTSTK,JUBLFOOD,28-Apr-2022,1750.0,PE,0.0,0.0,0.0,0.35,0.0,0,0.0,0,0,18-APR-2022,
OPTSTK,JUBLFOOD,28-Apr-2022,1800.0,PE,0.0,0.0,0.0,3.6,0.0,0,0.0,125,0,18-APR-2022,
OPTSTK,JUBLFOOD,28-Apr-2022,1850.0,PE,0.0,0.0,0.0,0.85,0.0,0,0.0,0,0,18-APR-2022,
OPTSTK,JUBLFOOD,28-Apr-2022,1900.0,PE,0.0,0.0,0.0,19.55,0.0,0,0.0,125,0,18-APR-2022,
OPTSTK,JUBLFOOD,28-Apr-2022,1950.0,PE,0.0,0.0,0.0,41.55,0.0,0,0.0,125,0,18-APR-2022,
OPTSTK,JUBLFOOD,28-Apr-2022,2000.0,PE,2.55,3.75,1.95,3.55,3.55,191,478.28,22875,3750,18-APR-2022,
OPTSTK,JUBLFOOD,28-Apr-2022,2050.0,PE,0.0,0.0,0.0,3.45,0.0,0,0.0,0,0,18-APR-2022,
OPTSTK,JUBLFOOD,28-Apr-2022,2100.0,PE,1.1,1.1,1.1,1.1,0.0,1,2.62,14125,0,18-APR-2022,
OPTSTK,JUBLFOOD,28-Apr-2022,2150.0,PE,0.0,0.0,0.0,9.3,0.05,0,0.0,1500,0,18-APR-2022,
OPTSTK,JUBLFOOD,28-Apr-2022,2200.0,PE,5.0,8.0,4.6,6.15,6.15,721,1988.11,74750,750,18-APR-2022,
OPTSTK,JUBLFOOD,28-Apr-2022,2250.0,PE,0.0,0.0,0.0,11.1,0.1,0,0.0,8625,0,18-APR-2022,
OPTSTK,JUBLFOOD,28-Apr-2022,2300.0,PE,9.0,9.85,5.4,8.05,8.05,1499,4323.12,115250,9750,18-APR-2022,
OPTSTK,JUBLFOOD,28-Apr-2022,2350.0,PE,12.8,12.8,6.15,9.05,9.05,580,1709.74,9750,5250,18-APR-2022,
OPTSTK,JUBLFOOD,28-Apr-2022,2400.0,PE,14.45,14.5,5.15,10.3,10.3,1484,4470.04,125375,-7750,18-APR-2022,
OPTSTK,JUBLFOOD,28-Apr-2022,2450.0,PE,20.0,20.0,8.2,12.8,12.8,520,1599.78,56250,-6625,18-APR-2022,
OPTSTK,JUBLFOOD,28-Apr-2022,2500.0,PE,24.0,24.05,10.75,15.75,15.75,1778,5589.37,136875,12875,18-APR-2022,
OPTSTK,JUBLFOOD,28-Apr-2022,2550.0,PE,24.5,26.4,14.6,19.65,19.65,797,2558.72,16750,250,18-APR-2022,
OPTSTK,JUBLFOOD,28-Apr-2022,2600.0,PE,40.25,40.25,20.95,25.6,25.6,1376,4513.94,74250,-6875,18-APR-2022,
OPTSTK,JUBLFOOD,28-Apr-2022,2650.0,PE,42.65,45.7,28.4,33.3,33.3,711,2384.67,20000,1250,18-APR-2022,
OPTSTK,JUBLFOOD,28-Apr-2022,2700.0,PE,62.0,69.3,36.85,43.75,43.75,1426,4893.78,69125,19000,18-APR-2022,
OPTSTK,JUBLFOOD,28-Apr-2022,2750.0,PE,96.05,96.05,52.75,58.3,58.3,919,3232.19,19375,-5500,18-APR-2022,
OPTSTK,JUBLFOOD,28-Apr-2022,2800.0,PE,122.95,122.95,70.4,76.8,76.8,1847,6655.0,75625,16625,18-APR-2022,
OPTSTK,JUBLFOOD,28-Apr-2022,2850.0,PE,144.15,144.15,56.3,99.9,99.9,723,2670.39,9750,2125,18-APR-2022,
OPTSTK,JUBLFOOD,28-Apr-2022,2900.0,PE,165.0,165.0,119.1,129.45,129.45,215,814.35,6625,-2125,18-APR-2022,
OPTSTK,JUBLFOOD,28-Apr-2022,2950.0,PE,188.85,188.85,144.85,150.15,150.15,4,15.58,375,125,18-APR-2022,
OPTSTK,JUBLFOOD,28-Apr-2022,3000.0,PE,237.05,237.45,182.7,197.85,197.85,52,207.96,18125,-375,18-APR-2022,
OPTSTK,JUBLFOOD,28-Apr-2022,3050.0,PE,0.0,0.0,0.0,177.15,226.3,0,0.0,0,0,18-APR-2022,
OPTSTK,JUBLFOOD,28-Apr-2022,3100.0,PE,313.9,313.9,265.2,273.5,268.5,11,46.51,12125,750,18-APR-2022,
OPTSTK,JUBLFOOD,28-Apr-2022,3150.0,PE,0.0,0.0,0.0,221.05,312.85,0,0.0,0,0,18-APR-2022,
OPTSTK,JUBLFOOD,28-Apr-2022,3200.0,PE,0.0,0.0,0.0,405.25,358.9,0,0.0,5750,0,18-APR-2022,
OPTSTK,JUBLFOOD,28-Apr-2022,3250.0,PE,0.0,0.0,0.0,270.6,406.25,0,0.0,0,0,18-APR-2022,
OPTSTK,JUBLFOOD,28-Apr-2022,3300.0,PE,0.0,0.0,0.0,526.4,454.45,0,0.0,1875,0,18-APR-2022,
OPTSTK,JUBLFOOD,28-Apr-2022,3350.0,PE,0.0,0.0,0.0,325.65,503.25,0,0.0,0,0,18-APR-2022,
OPTSTK,JUBLFOOD,28-Apr-2022,3400.0,PE,0.0,0.0,0.0,782.0,552.5,0,0.0,875,0,18-APR-2022,
OPTSTK,JUBLFOOD,28-Apr-2022,3450.0,PE,0.0,0.0,0.0,385.9,602.05,0,0.0,0,0,18-APR-2022,
OPTSTK,JUBLFOOD,28-Apr-2022,3500.0,PE,0.0,0.0,0.0,682.0,651.7,0,0.0,5250,0,18-APR-2022,
OPTSTK,JUBLFOOD,28-Apr-2022,3550.0,PE,0.0,0.0,0.0,451.05,701.5,0,0.0,0,0,18-APR-2022,
OPTSTK,JUBLFOOD,28-Apr-2022,3600.0,PE,0.0,0.0,0.0,950.0,751.35,0,0.0,2375,0,18-APR-2022,
OPTSTK,JUBLFOOD,28-Apr-2022,3650.0,PE,0.0,0.0,0.0,520.7,801.25,0,0.0,0,0,18-APR-2022,
OPTSTK,JUBLFOOD,28-Apr-2022,3700.0,PE,0.0,0.0,0.0,868.95,851.2,0,0.0,625,0,18-APR-2022,
OPTSTK,JUBLFOOD,28-Apr-2022,3750.0,PE,0.0,0.0,0.0,594.65,901.1,0,0.0,0,0,18-APR-2022,
OPTSTK,JUBLFOOD,28-Apr-2022,3800.0,PE,0.0,0.0,0.0,632.95,951.05,0,0.0,0,0,18-APR-2022,
OPTSTK,JUBLFOOD,28-Apr-2022,3850.0,PE,0.0,0.0,0.0,672.15,1001.0,0,0.0,0,0,18-APR-2022,
OPTSTK,JUBLFOOD,28-Apr-2022,3900.0,PE,0.0,0.0,0.0,712.0,1050.95,0,0.0,0,0,18-APR-2022,
OPTSTK,JUBLFOOD,28-Apr-2022,3950.0,PE,0.0,0.0,0.0,752.75,1100.9,0,0.0,0,0,18-APR-2022,
OPTSTK,JUBLFOOD,28-Apr-2022,4000.0,PE,0.0,0.0,0.0,794.2,1150.8,0,0.0,0,0,18-APR-2022,
OPTSTK,JUBLFOOD,28-Apr-2022,4050.0,PE,0.0,0.0,0.0,836.3,1200.75,0,0.0,0,0,18-APR-2022,
OPTSTK,JUBLFOOD,28-Apr-2022,4100.0,PE,0.0,0.0,0.0,879.05,1250.7,0,0.0,0,0,18-APR-2022,
OPTSTK,JUBLFOOD,28-Apr-2022,4150.0,PE,0.0,0.0,0.0,922.35,1300.65,0,0.0,0,0,18-APR-2022,
OPTSTK,JUBLFOOD,28-Apr-2022,4200.0,PE,0.0,0.0,0.0,966.2,1350.6,0,0.0,0,0,18-APR-2022,
OPTSTK,JUBLFOOD,28-Apr-2022,4250.0,PE,0.0,0.0,0.0,1010.55,1400.55,0,0.0,0,0,18-APR-2022,
OPTSTK,JUBLFOOD,28-Apr-2022,4300.0,PE,0.0,0.0,0.0,1055.35,1450.5,0,0.0,0,0,18-APR-2022,
OPTSTK,JUBLFOOD,28-Apr-2022,4350.0,PE,0.0,0.0,0.0,1100.55,1500.4,0,0.0,0,0,18-APR-2022,
OPTSTK,JUBLFOOD,28-Apr-2022,4400.0,PE,0.0,0.0,0.0,1146.2,1550.35,0,0.0,0,0,18-APR-2022,
OPTSTK,JUBLFOOD,28-Apr-2022,4450.0,PE,0.0,0.0,0.0,1192.15,1600.3,0,0.0,0,0,18-APR-2022,
OPTSTK,JUBLFOOD,28-Apr-2022,4500.0,PE,0.0,0.0,0.0,1238.45,1650.25,0,0.0,0,0,18-APR-2022,
OPTSTK,JUBLFOOD,28-Apr-2022,4550.0,PE,0.0,0.0,0.0,1285.05,1700.2,0,0.0,0,0,18-APR-2022,
OPTSTK,JUBLFOOD,28-Apr-2022,4600.0,PE,0.0,0.0,0.0,1331.95,1750.15,0,0.0,0,0,18-APR-2022,
OPTSTK,JUBLFOOD,28-Apr-2022,4650.0,PE,0.0,0.0,0.0,1379.05,1800.1,0,0.0,0,0,18-APR-2022,
OPTSTK,JUBLFOOD,28-Apr-2022,4700.0,PE,0.0,0.0,0.0,1426.4,1850.05,0,0.0,0,0,18-APR-2022,
OPTSTK,JUBLFOOD,28-Apr-2022,4750.0,PE,0.0,0.0,0.0,1900.0,1899.95,0,0.0,125,0,18-APR-2022,
OPTSTK,JUBLFOOD,26-May-2022,1750.0,CE,0.0,0.0,0.0,1154.9,1102.5,0,0.0,0,0,18-APR-2022,
OPTSTK,JUBLFOOD,26-May-2022,1800.0,CE,0.0,0.0,0.0,1106.3,1052.8,0,0.0,0,0,18-APR-2022,
OPTSTK,JUBLFOOD,26-May-2022,1850.0,CE,0.0,0.0,0.0,1058.0,1003.1,0,0.0,0,0,18-APR-2022,
OPTSTK,JUBLFOOD,26-May-2022,1900.0,CE,0.0,0.0,0.0,1010.1,953.55,0,0.0,0,0,18-APR-2022,
OPTSTK,JUBLFOOD,26-May-2022,1950.0,CE,0.0,0.0,0.0,962.65,904.05,0,0.0,0,0,18-APR-2022,
OPTSTK,JUBLFOOD,26-May-2022,2000.0,CE,0.0,0.0,0.0,915.75,854.75,0,0.0,0,0,18-APR-2022,
OPTSTK,JUBLFOOD,26-May-2022,2050.0,CE,0.0,0.0,0.0,869.45,805.75,0,0.0,0,0,18-APR-2022,
OPTSTK,JUBLFOOD,26-May-2022,2100.0,CE,0.0,0.0,0.0,823.95,757.05,0,0.0,0,0,18-APR-2022,
OPTSTK,JUBLFOOD,26-May-2022,2150.0,CE,0.0,0.0,0.0,779.3,708.85,0,0.0,0,0,18-APR-2022,
OPTSTK,JUBLFOOD,26-May-2022,2200.0,CE,0.0,0.0,0.0,735.55,661.3,0,0.0,0,0,18-APR-2022,
OPTSTK,JUBLFOOD,26-May-2022,2250.0,CE,0.0,0.0,0.0,692.85,614.5,0,0.0,0,0,18-APR-2022,
OPTSTK,JUBLFOOD,26-May-2022,2300.0,CE,0.0,0.0,0.0,651.3,568.65,0,0.0,0,0,18-APR-2022,
OPTSTK,JUBLFOOD,26-May-2022,2350.0,CE,0.0,0.0,0.0,610.95,524.0,0,0.0,0,0,18-APR-2022,
OPTSTK,JUBLFOOD,26-May-2022,2400.0,CE,0.0,0.0,0.0,571.9,480.65,0,0.0,0,0,18-APR-2022,
OPTSTK,JUBLFOOD,26-May-2022,2450.0,CE,0.0,0.0,0.0,534.2,438.85,0,0.0,0,0,18-APR-2022,
OPTSTK,JUBLFOOD,26-May-2022,2500.0,CE,0.0,0.0,0.0,498.05,398.75,0,0.0,0,0,18-APR-2022,
OPTSTK,JUBLFOOD,26-May-2022,2550.0,CE,0.0,0.0,0.0,463.3,360.5,0,0.0,0,0,18-APR-2022,
OPTSTK,JUBLFOOD,26-May-2022,2600.0,CE,0.0,0.0,0.0,429.95,324.4,0,0.0,0,0,18-APR-2022,
OPTSTK,JUBLFOOD,26-May-2022,2650.0,CE,0.0,0.0,0.0,398.35,290.25,0,0.0,0,0,18-APR-2022,
OPTSTK,JUBLFOOD,26-May-2022,2700.0,CE,0.0,0.0,0.0,368.3,258.45,0,0.0,0,0,18-APR-2022,
OPTSTK,JUBLFOOD,26-May-2022,2750.0,CE,0.0,0.0,0.0,339.85,229.0,0,0.0,0,0,18-APR-2022,
OPTSTK,JUBLFOOD,26-May-2022,2800.0,CE,167.6,225.0,167.6,218.2,218.2,43,161.56,3000,500,18-APR-2022,
OPTSTK,JUBLFOOD,26-May-2022,2850.0,CE,0.0,0.0,0.0,287.65,176.95,0,0.0,0,0,18-APR-2022,
OPTSTK,JUBLFOOD,26-May-2022,2900.0,CE,133.7,177.75,133.7,167.35,154.4,28,107.22,2500,1875,18-APR-2022,
OPTSTK,JUBLFOOD,26-May-2022,2950.0,CE,0.0,0.0,0.0,241.65,134.0,0,0.0,0,0,18-APR-2022,
OPTSTK,JUBLFOOD,26-May-2022,3000.0,CE,104.1,138.1,97.05,135.3,135.3,126,491.95,10500,3375,18-APR-2022,
OPTSTK,JUBLFOOD,26-May-2022,3050.0,CE,0.0,0.0,0.0,201.55,99.5,0,0.0,0,0,18-APR-2022,
OPTSTK,JUBLFOOD,26-May-2022,3100.0,CE,0.0,0.0,0.0,183.6,85.1,0,0.0,0,0,18-APR-2022,
OPTSTK,JUBLFOOD,26-May-2022,3150.0,CE,0.0,0.0,0.0,166.95,72.6,0,0.0,0,0,18-APR-2022,
OPTSTK,JUBLFOOD,26-May-2022,3200.0,CE,50.0,65.0,50.0,65.0,61.45,2,8.14,250,250,18-APR-2022,
OPTSTK,JUBLFOOD,26-May-2022,3250.0,CE,0.0,0.0,0.0,137.4,51.85,0,0.0,0,0,18-APR-2022,
OPTSTK,JUBLFOOD,26-May-2022,3300.0,CE,40.3,40.3,40.3,40.3,43.6,1,4.17,125,125,18-APR-2022,
OPTSTK,JUBLFOOD,26-May-2022,3350.0,CE,0.0,0.0,0.0,112.55,36.45,0,0.0,0,0,18-APR-2022,
OPTSTK,JUBLFOOD,26-May-2022,3400.0,CE,0.0,0.0,0.0,101.6,30.35,0,0.0,0,0,18-APR-2022,
OPTSTK,JUBLFOOD,26-May-2022,3450.0,CE,0.0,0.0,0.0,91.6,25.2,0,0.0,0,0,18-APR-2022,
OPTSTK,JUBLFOOD,26-May-2022,3500.0,CE,25.0,32.0,25.0,32.0,32.0,3,13.23,375,375,18-APR-2022,
OPTSTK,JUBLFOOD,26-May-2022,3550.0,CE,0.0,0.0,0.0,74.05,17.15,0,0.0,0,0,18-APR-2022,
OPTSTK,JUBLFOOD,26-May-2022,3600.0,CE,0.0,0.0,0.0,66.45,14.05,0,0.0,0,0,18-APR-2022,
OPTSTK,JUBLFOOD,26-May-2022,3650.0,CE,0.0,0.0,0.0,59.6,11.5,0,0.0,0,0,18-APR-2022,
OPTSTK,JUBLFOOD,26-May-2022,3700.0,CE,0.0,0.0,0.0,53.35,9.35,0,0.0,0,0,18-APR-2022,
OPTSTK,JUBLFOOD,26-May-2022,3750.0,CE,0.0,0.0,0.0,47.75,7.6,0,0.0,0,0,18-APR-2022,
OPTSTK,JUBLFOOD,26-May-2022,3800.0,CE,0.0,0.0,0.0,42.65,6.15,0,0.0,0,0,18-APR-2022,
OPTSTK,JUBLFOOD,26-May-2022,3850.0,CE,0.0,0.0,0.0,38.05,4.95,0,0.0,0,0,18-APR-2022,
OPTSTK,JUBLFOOD,26-May-2022,3900.0,CE,0.0,0.0,0.0,33.95,4.0,0,0.0,0,0,18-APR-2022,
OPTSTK,JUBLFOOD,26-May-2022,3950.0,CE,0.0,0.0,0.0,30.25,3.2,0,0.0,0,0,18-APR-2022,
OPTSTK,JUBLFOOD,26-May-2022,4000.0,CE,0.0,0.0,0.0,26.9,2.55,0,0.0,0,0,18-APR-2022,
OPTSTK,JUBLFOOD,26-May-2022,4050.0,CE,0.0,0.0,0.0,23.9,2.05,0,0.0,0,0,18-APR-2022,
OPTSTK,JUBLFOOD,26-May-2022,4100.0,CE,0.0,0.0,0.0,21.25,1.6,0,0.0,0,0,18-APR-2022,
OPTSTK,JUBLFOOD,26-May-2022,4150.0,CE,0.0,0.0,0.0,18.85,1.3,0,0.0,0,0,18-APR-2022,
OPTSTK,JUBLFOOD,26-May-2022,4200.0,CE,0.0,0.0,0.0,16.7,1.0,0,0.0,0,0,18-APR-2022,
OPTSTK,JUBLFOOD,26-May-2022,4250.0,CE,0.0,0.0,0.0,14.8,0.8,0,0.0,0,0,18-APR-2022,
OPTSTK,JUBLFOOD,26-May-2022,4300.0,CE,0.0,0.0,0.0,13.1,0.65,0,0.0,0,0,18-APR-2022,
OPTSTK,JUBLFOOD,26-May-2022,4350.0,CE,0.0,0.0,0.0,11.6,0.5,0,0.0,0,0,18-APR-2022,
OPTSTK,JUBLFOOD,26-May-2022,4400.0,CE,0.0,0.0,0.0,10.25,0.4,0,0.0,0,0,18-APR-2022,
OPTSTK,JUBLFOOD,26-May-2022,1750.0,PE,0.0,0.0,0.0,1.95,0.1,0,0.0,0,0,18-APR-2022,
OPTSTK,JUBLFOOD,26-May-2022,1800.0,PE,0.0,0.0,0.0,2.85,0.15,0,0.0,0,0,18-APR-2022,
OPTSTK,JUBLFOOD,26-May-2022,1850.0,PE,0.0,0.0,0.0,4.05,0.25,0,0.0,0,0,18-APR-2022,
OPTSTK,JUBLFOOD,26-May-2022,1900.0,PE,0.0,0.0,0.0,5.6,0.45,0,0.0,0,0,18-APR-2022,
OPTSTK,JUBLFOOD,26-May-2022,1950.0,PE,0.0,0.0,0.0,7.6,0.75,0,0.0,0,0,18-APR-2022,
OPTSTK,JUBLFOOD,26-May-2022,2000.0,PE,0.0,0.0,0.0,10.0,1.25,0,0.0,625,0,18-APR-2022,
OPTSTK,JUBLFOOD,26-May-2022,2050.0,PE,0.0,0.0,0.0,13.4,2.0,0,0.0,0,0,18-APR-2022,
OPTSTK,JUBLFOOD,26-May-2022,2100.0,PE,0.0,0.0,0.0,17.4,3.1,0,0.0,0,0,18-APR-2022,
OPTSTK,JUBLFOOD,26-May-2022,2150.0,PE,0.0,0.0,0.0,22.2,4.7,0,0.0,0,0,18-APR-2022,
OPTSTK,JUBLFOOD,26-May-2022,2200.0,PE,15.05,26.95,15.0,16.15,16.15,23,63.71,2125,1000,18-APR-2022,
OPTSTK,JUBLFOOD,26-May-2022,2250.0,PE,0.0,0.0,0.0,34.7,9.85,0,0.0,0,0,18-APR-2022,
OPTSTK,JUBLFOOD,26-May-2022,2300.0,PE,0.0,0.0,0.0,42.6,13.8,0,0.0,0,0,18-APR-2022,
OPTSTK,JUBLFOOD,26-May-2022,2350.0,PE,0.0,0.0,0.0,51.75,18.9,0,0.0,0,0,18-APR-2022,
OPTSTK,JUBLFOOD,26-May-2022,2400.0,PE,39.6,40.0,26.0,40.0,40.0,3,9.13,625,0,18-APR-2022,
OPTSTK,JUBLFOOD,26-May-2022,2450.0,PE,0.0,0.0,0.0,74.0,33.3,0,0.0,0,0,18-APR-2022,
OPTSTK,JUBLFOOD,26-May-2022,2500.0,PE,59.0,60.0,51.5,55.4,55.4,54,172.41,9500,500,18-APR-2022,
OPTSTK,JUBLFOOD,26-May-2022,2550.0,PE,0.0,0.0,0.0,102.0,54.55,0,0.0,0,0,18-APR-2022,
OPTSTK,JUBLFOOD,26-May-2022,2600.0,PE,80.0,80.0,76.5,76.5,68.2,3,10.04,1250,0,18-APR-2022,
OPTSTK,JUBLFOOD,26-May-2022,2650.0,PE,0.0,0.0,0.0,99.0,83.85,0,0.0,125,0,18-APR-2022,
OPTSTK,JUBLFOOD,26-May-2022,2700.0,PE,0.0,0.0,0.0,118.0,101.85,0,0.0,250,0,18-APR-2022,
OPTSTK,JUBLFOOD,26-May-2022,2750.0,PE,0.0,0.0,0.0,176.45,122.15,0,0.0,0,0,18-APR-2022,
OPTSTK,JUBLFOOD,26-May-2022,2800.0,PE,0.0,0.0,0.0,199.05,144.75,0,0.0,0,0,18-APR-2022,
OPTSTK,JUBLFOOD,26-May-2022,2850.0,PE,0.0,0.0,0.0,223.2,169.7,0,0.0,0,0,18-APR-2022,
OPTSTK,JUBLFOOD,26-May-2022,2900.0,PE,0.0,0.0,0.0,248.95,196.9,0,0.0,0,0,18-APR-2022,
OPTSTK,JUBLFOOD,26-May-2022,2950.0,PE,0.0,0.0,0.0,276.2,226.3,0,0.0,0,0,18-APR-2022,
OPTSTK,JUBLFOOD,26-May-2022,3000.0,PE,275.0,275.0,275.0,275.0,257.8,2,8.18,250,250,18-APR-2022,
OPTSTK,JUBLFOOD,26-May-2022,3050.0,PE,0.0,0.0,0.0,335.05,291.3,0,0.0,0,0,18-APR-2022,
OPTSTK,JUBLFOOD,26-May-2022,3100.0,PE,0.0,0.0,0.0,366.55,326.7,0,0.0,0,0,18-APR-2022,
OPTSTK,JUBLFOOD,26-May-2022,3150.0,PE,0.0,0.0,0.0,399.4,364.0,0,0.0,0,0,18-APR-2022,
OPTSTK,JUBLFOOD,26-May-2022,3200.0,PE,0.0,0.0,0.0,433.5,402.65,0,0.0,0,0,18-APR-2022,
OPTSTK,JUBLFOOD,26-May-2022,3250.0,PE,0.0,0.0,0.0,468.75,442.8,0,0.0,0,0,18-APR-2022,
OPTSTK,JUBLFOOD,26-May-2022,3300.0,PE,0.0,0.0,0.0,505.35,484.3,0,0.0,0,0,18-APR-2022,
OPTSTK,JUBLFOOD,26-May-2022,3350.0,PE,0.0,0.0,0.0,542.85,526.95,0,0.0,0,0,18-APR-2022,
OPTSTK,JUBLFOOD,26-May-2022,3400.0,PE,0.0,0.0,0.0,581.4,570.65,0,0.0,0,0,18-APR-2022,
OPTSTK,JUBLFOOD,26-May-2022,3450.0,PE,0.0,0.0,0.0,620.9,615.25,0,0.0,0,0,18-APR-2022,
OPTSTK,JUBLFOOD,26-May-2022,3500.0,PE,0.0,0.0,0.0,661.15,660.65,0,0.0,0,0,18-APR-2022,
OPTSTK,JUBLFOOD,26-May-2022,3550.0,PE,0.0,0.0,0.0,702.3,706.75,0,0.0,0,0,18-APR-2022,
OPTSTK,JUBLFOOD,26-May-2022,3600.0,PE,0.0,0.0,0.0,744.2,753.45,0,0.0,0,0,18-APR-2022,
OPTSTK,JUBLFOOD,26-May-2022,3650.0,PE,0.0,0.0,0.0,786.8,800.65,0,0.0,0,0,18-APR-2022,
OPTSTK,JUBLFOOD,26-May-2022,3700.0,PE,0.0,0.0,0.0,830.05,848.3,0,0.0,0,0,18-APR-2022,
OPTSTK,JUBLFOOD,26-May-2022,3750.0,PE,0.0,0.0,0.0,873.9,896.35,0,0.0,0,0,18-APR-2022,
OPTSTK,JUBLFOOD,26-May-2022,3800.0,PE,0.0,0.0,0.0,918.3,944.65,0,0.0,0,0,18-APR-2022,
OPTSTK,JUBLFOOD,26-May-2022,3850.0,PE,0.0,0.0,0.0,963.2,993.25,0,0.0,0,0,18-APR-2022,
OPTSTK,JUBLFOOD,26-May-2022,3900.0,PE,0.0,0.0,0.0,1008.55,1042.05,0,0.0,0,0,18-APR-2022,
OPTSTK,JUBLFOOD,26-May-2022,3950.0,PE,0.0,0.0,0.0,1054.3,1091.05,0,0.0,0,0,18-APR-2022,
OPTSTK,JUBLFOOD,26-May-2022,4000.0,PE,0.0,0.0,0.0,1100.45,1140.2,0,0.0,0,0,18-APR-2022,
OPTSTK,JUBLFOOD,26-May-2022,4050.0,PE,0.0,0.0,0.0,1146.95,1189.45,0,0.0,0,0,18-APR-2022,
OPTSTK,JUBLFOOD,26-May-2022,4100.0,PE,0.0,0.0,0.0,1193.75,1238.8,0,0.0,0,0,18-APR-2022,
OPTSTK,JUBLFOOD,26-May-2022,4150.0,PE,0.0,0.0,0.0,1240.8,1288.25,0,0.0,0,0,18-APR-2022,
OPTSTK,JUBLFOOD,26-May-2022,4200.0,PE,0.0,0.0,0.0,1288.15,1337.8,0,0.0,0,0,18-APR-2022,
OPTSTK,JUBLFOOD,26-May-2022,4250.0,PE,0.0,0.0,0.0,1335.75,1387.35,0,0.0,0,0,18-APR-2022,
OPTSTK,JUBLFOOD,26-May-2022,4300.0,PE,0.0,0.0,0.0,1383.5,1436.95,0,0.0,0,0,18-APR-2022,
OPTSTK,JUBLFOOD,26-May-2022,4350.0,PE,0.0,0.0,0.0,1431.5,1486.6,0,0.0,0,0,18-APR-2022,
OPTSTK,JUBLFOOD,26-May-2022,4400.0,PE,0.0,0.0,0.0,1479.6,1536.3,0,0.0,0,0,18-APR-2022,
OPTSTK,JUBLFOOD,30-Jun-2022,1750.0,CE,0.0,0.0,0.0,913.25,1111.1,0,0.0,0,0,18-APR-2022,
OPTSTK,JUBLFOOD,30-Jun-2022,1800.0,CE,0.0,0.0,0.0,866.7,1062.3,0,0.0,0,0,18-APR-2022,
OPTSTK,JUBLFOOD,30-Jun-2022,1850.0,CE,0.0,0.0,0.0,820.85,1013.8,0,0.0,0,0,18-APR-2022,
OPTSTK,JUBLFOOD,30-Jun-2022,1900.0,CE,0.0,0.0,0.0,775.85,965.65,0,0.0,0,0,18-APR-2022,
OPTSTK,JUBLFOOD,30-Jun-2022,1950.0,CE,0.0,0.0,0.0,731.8,917.95,0,0.0,0,0,18-APR-2022,
OPTSTK,JUBLFOOD,30-Jun-2022,2000.0,CE,0.0,0.0,0.0,688.75,870.85,0,0.0,0,0,18-APR-2022,
OPTSTK,JUBLFOOD,30-Jun-2022,2050.0,CE,0.0,0.0,0.0,646.9,824.35,0,0.0,0,0,18-APR-2022,
OPTSTK,JUBLFOOD,30-Jun-2022,2100.0,CE,0.0,0.0,0.0,606.3,778.65,0,0.0,0,0,18-APR-2022,
OPTSTK,JUBLFOOD,30-Jun-2022,2150.0,CE,0.0,0.0,0.0,567.0,733.8,0,0.0,0,0,18-APR-2022,
OPTSTK,JUBLFOOD,30-Jun-2022,2200.0,CE,0.0,0.0,0.0,529.15,689.95,0,0.0,0,0,18-APR-2022,
OPTSTK,JUBLFOOD,30-Jun-2022,2250.0,CE,0.0,0.0,0.0,492.8,647.2,0,0.0,0,0,18-APR-2022,
OPTSTK,JUBLFOOD,30-Jun-2022,2300.0,CE,0.0,0.0,0.0,457.95,605.65,0,0.0,0,0,18-APR-2022,
OPTSTK,JUBLFOOD,30-Jun-2022,2350.0,CE,0.0,0.0,0.0,424.5,565.4,0,0.0,0,0,18-APR-2022,
OPTSTK,JUBLFOOD,30-Jun-2022,2400.0,CE,0.0,0.0,0.0,392.85,526.55,0,0.0,0,0,18-APR-2022,
OPTSTK,JUBLFOOD,30-Jun-2022,2450.0,CE,0.0,0.0,0.0,362.85,489.3,0,0.0,0,0,18-APR-2022,
OPTSTK,JUBLFOOD,30-Jun-2022,2500.0,CE,0.0,0.0,0.0,334.45,453.45,0,0.0,0,0,18-APR-2022,
OPTSTK,JUBLFOOD,30-Jun-2022,2550.0,CE,0.0,0.0,0.0,307.65,419.05,0,0.0,0,0,18-APR-2022,
OPTSTK,JUBLFOOD,30-Jun-2022,2600.0,CE,0.0,0.0,0.0,282.5,386.5,0,0.0,0,0,18-APR-2022,
OPTSTK,JUBLFOOD,30-Jun-2022,2650.0,CE,0.0,0.0,0.0,258.9,355.65,0,0.0,0,0,18-APR-2022,
OPTSTK,JUBLFOOD,30-Jun-2022,2700.0,CE,0.0,0.0,0.0,236.85,326.45,0,0.0,0,0,18-APR-2022,
OPTSTK,JUBLFOOD,30-Jun-2022,2750.0,CE,0.0,0.0,0.0,216.3,298.95,0,0.0,0,0,18-APR-2022,
OPTSTK,JUBLFOOD,30-Jun-2022,2800.0,CE,0.0,0.0,0.0,197.15,273.15,0,0.0,0,0,18-APR-2022,
OPTSTK,JUBLFOOD,30-Jun-2022,2850.0,CE,0.0,0.0,0.0,179.45,249.0,0,0.0,0,0,18-APR-2022,
OPTSTK,JUBLFOOD,30-Jun-2022,2900.0,CE,0.0,0.0,0.0,163.05,226.5,0,0.0,0,0,18-APR-2022,
OPTSTK,JUBLFOOD,30-Jun-2022,2950.0,CE,0.0,0.0,0.0,147.95,205.6,0,0.0,0,0,18-APR-2022,
OPTSTK,JUBLFOOD,30-Jun-2022,3000.0,CE,0.0,0.0,0.0,134.0,186.2,0,0.0,0,0,18-APR-2022,
OPTSTK,JUBLFOOD,30-Jun-2022,3050.0,CE,0.0,0.0,0.0,121.35,168.3,0,0.0,0,0,18-APR-2022,
OPTSTK,JUBLFOOD,30-Jun-2022,3100.0,CE,0.0,0.0,0.0,109.65,151.85,0,0.0,0,0,18-APR-2022,
OPTSTK,JUBLFOOD,30-Jun-2022,3150.0,CE,0.0,0.0,0.0,98.95,136.7,0,0.0,0,0,18-APR-2022,
OPTSTK,JUBLFOOD,30-Jun-2022,3200.0,CE,0.0,0.0,0.0,89.2,122.85,0,0.0,0,0,18-APR-2022,
OPTSTK,JUBLFOOD,30-Jun-2022,3250.0,CE,0.0,0.0,0.0,80.2,110.3,0,0.0,0,0,18-APR-2022,
OPTSTK,JUBLFOOD,30-Jun-2022,3300.0,CE,0.0,0.0,0.0,72.1,98.8,0,0.0,0,0,18-APR-2022,
OPTSTK,JUBLFOOD,30-Jun-2022,3350.0,CE,0.0,0.0,0.0,64.7,88.35,0,0.0,0,0,18-APR-2022,
OPTSTK,JUBLFOOD,30-Jun-2022,3400.0,CE,0.0,0.0,0.0,58.05,78.75,0,0.0,0,0,18-APR-2022,
OPTSTK,JUBLFOOD,30-Jun-2022,3450.0,CE,0.0,0.0,0.0,52.0,70.2,0,0.0,0,0,18-APR-2022,
OPTSTK,JUBLFOOD,30-Jun-2022,3500.0,CE,0.0,0.0,0.0,46.5,62.45,0,0.0,0,0,18-APR-2022,
OPTSTK,JUBLFOOD,30-Jun-2022,3550.0,CE,0.0,0.0,0.0,41.6,55.45,0,0.0,0,0,18-APR-2022,
OPTSTK,JUBLFOOD,30-Jun-2022,3600.0,CE,0.0,0.0,0.0,37.15,49.15,0,0.0,0,0,18-APR-2022,
OPTSTK,JUBLFOOD,30-Jun-2022,3650.0,CE,0.0,0.0,0.0,33.15,43.55,0,0.0,0,0,18-APR-2022,
OPTSTK,JUBLFOOD,30-Jun-2022,1750.0,PE,0.0,0.0,0.0,8.35,1.6,0,0.0,0,0,18-APR-2022,
OPTSTK,JUBLFOOD,30-Jun-2022,1800.0,PE,0.0,0.0,0.0,11.25,2.35,0,0.0,0,0,18-APR-2022,
OPTSTK,JUBLFOOD,30-Jun-2022,1850.0,PE,0.0,0.0,0.0,14.9,3.45,0,0.0,0,0,18-APR-2022,
OPTSTK,JUBLFOOD,30-Jun-2022,1900.0,PE,0.0,0.0,0.0,19.35,4.9,0,0.0,0,0,18-APR-2022,
OPTSTK,JUBLFOOD,30-Jun-2022,1950.0,PE,0.0,0.0,0.0,24.75,6.75,0,0.0,0,0,18-APR-2022,
OPTSTK,JUBLFOOD,30-Jun-2022,2000.0,PE,0.0,0.0,0.0,31.25,9.2,0,0.0,0,0,18-APR-2022,
OPTSTK,JUBLFOOD,30-Jun-2022,2050.0,PE,0.0,0.0,0.0,38.85,12.3,0,0.0,0,0,18-APR-2022,
OPTSTK,JUBLFOOD,30-Jun-2022,2100.0,PE,0.0,0.0,0.0,47.7,16.2,0,0.0,0,0,18-APR-2022,
OPTSTK,JUBLFOOD,30-Jun-2022,2150.0,PE,0.0,0.0,0.0,57.9,20.9,0,0.0,0,0,18-APR-2022,
OPTSTK,JUBLFOOD,30-Jun-2022,2200.0,PE,0.0,0.0,0.0,69.5,26.65,0,0.0,0,0,18-APR-2022,
OPTSTK,JUBLFOOD,30-Jun-2022,2250.0,PE,0.0,0.0,0.0,82.65,33.45,0,0.0,0,0,18-APR-2022,
OPTSTK,JUBLFOOD,30-Jun-2022,2300.0,PE,0.0,0.0,0.0,97.25,41.5,0,0.0,0,0,18-APR-2022,
OPTSTK,JUBLFOOD,30-Jun-2022,2350.0,PE,0.0,0.0,0.0,113.3,50.85,0,0.0,0,0,18-APR-2022,
OPTSTK,JUBLFOOD,30-Jun-2022,2400.0,PE,0.0,0.0,0.0,131.15,61.55,0,0.0,0,0,18-APR-2022,
OPTSTK,JUBLFOOD,30-Jun-2022,2450.0,PE,0.0,0.0,0.0,150.6,73.85,0,0.0,0,0,18-APR-2022,
OPTSTK,JUBLFOOD,30-Jun-2022,2500.0,PE,0.0,0.0,0.0,125.0,87.55,0,0.0,375,0,18-APR-2022,
OPTSTK,JUBLFOOD,30-Jun-2022,2550.0,PE,0.0,0.0,0.0,194.35,102.8,0,0.0,0,0,18-APR-2022,
OPTSTK,JUBLFOOD,30-Jun-2022,2600.0,PE,0.0,0.0,0.0,218.65,119.8,0,0.0,0,0,18-APR-2022,
OPTSTK,JUBLFOOD,30-Jun-2022,2650.0,PE,0.0,0.0,0.0,244.55,138.5,0,0.0,0,0,18-APR-2022,
OPTSTK,JUBLFOOD,30-Jun-2022,2700.0,PE,0.0,0.0,0.0,271.95,158.9,0,0.0,0,0,18-APR-2022,
OPTSTK,JUBLFOOD,30-Jun-2022,2750.0,PE,0.0,0.0,0.0,300.85,181.0,0,0.0,0,0,18-APR-2022,
OPTSTK,JUBLFOOD,30-Jun-2022,2800.0,PE,0.0,0.0,0.0,331.25,204.75,0,0.0,0,0,18-APR-2022,
OPTSTK,JUBLFOOD,30-Jun-2022,2850.0,PE,0.0,0.0,0.0,363.0,230.2,0,0.0,0,0,18-APR-2022,
OPTSTK,JUBLFOOD,30-Jun-2022,2900.0,PE,0.0,0.0,0.0,396.05,257.25,0,0.0,0,0,18-APR-2022,
OPTSTK,JUBLFOOD,30-Jun-2022,2950.0,PE,0.0,0.0,0.0,430.4,285.95,0,0.0,0,0,18-APR-2022,
OPTSTK,JUBLFOOD,30-Jun-2022,3000.0,PE,0.0,0.0,0.0,465.95,316.15,0,0.0,0,0,18-APR-2022,
OPTSTK,JUBLFOOD,30-Jun-2022,3050.0,PE,0.0,0.0,0.0,502.8,347.8,0,0.0,0,0,18-APR-2022,
OPTSTK,JUBLFOOD,30-Jun-2022,3100.0,PE,0.0,0.0,0.0,540.55,380.9,0,0.0,0,0,18-APR-2022,
OPTSTK,JUBLFOOD,30-Jun-2022,3150.0,PE,0.0,0.0,0.0,579.35,415.35,0,0.0,0,0,18-APR-2022,
OPTSTK,JUBLFOOD,30-Jun-2022,3200.0,PE,0.0,0.0,0.0,619.05,451.05,0,0.0,0,0,18-APR-2022,
OPTSTK,JUBLFOOD,30-Jun-2022,3250.0,PE,0.0,0.0,0.0,659.5,488.1,0,0.0,0,0,18-APR-2022,
OPTSTK,JUBLFOOD,30-Jun-2022,3300.0,PE,0.0,0.0,0.0,700.9,526.2,0,0.0,0,0,18-APR-2022,
OPTSTK,JUBLFOOD,30-Jun-2022,3350.0,PE,0.0,0.0,0.0,743.0,565.3,0,0.0,0,0,18-APR-2022,
OPTSTK,JUBLFOOD,30-Jun-2022,3400.0,PE,0.0,0.0,0.0,785.8,605.3,0,0.0,0,0,18-APR-2022,
OPTSTK,JUBLFOOD,30-Jun-2022,3450.0,PE,0.0,0.0,0.0,829.2,646.3,0,0.0,0,0,18-APR-2022,
OPTSTK,JUBLFOOD,30-Jun-2022,3500.0,PE,0.0,0.0,0.0,873.2,688.1,0,0.0,0,0,18-APR-2022,
OPTSTK,JUBLFOOD,30-Jun-2022,3550.0,PE,0.0,0.0,0.0,917.75,730.7,0,0.0,0,0,18-APR-2022,
OPTSTK,JUBLFOOD,30-Jun-2022,3600.0,PE,0.0,0.0,0.0,962.8,774.0,0,0.0,0,0,18-APR-2022,
OPTSTK,JUBLFOOD,30-Jun-2022,3650.0,PE,0.0,0.0,0.0,1008.25,817.95,0,0.0,0,0,18-APR-2022,
OPTSTK,KOTAKBANK,28-Apr-2022,1340.0,CE,0.0,0.0,0.0,566.7,411.95,0,0.0,0,0,18-APR-2022,
OPTSTK,KOTAKBANK,28-Apr-2022,1360.0,CE,0.0,0.0,0.0,547.7,391.95,0,0.0,0,0,18-APR-2022,
OPTSTK,KOTAKBANK,28-Apr-2022,1380.0,CE,0.0,0.0,0.0,528.85,371.95,0,0.0,0,0,18-APR-2022,
OPTSTK,KOTAKBANK,28-Apr-2022,1400.0,CE,0.0,0.0,0.0,510.15,352.0,0,0.0,0,0,18-APR-2022,
OPTSTK,KOTAKBANK,28-Apr-2022,1420.0,CE,0.0,0.0,0.0,491.65,332.05,0,0.0,0,0,18-APR-2022,
OPTSTK,KOTAKBANK,28-Apr-2022,1440.0,CE,0.0,0.0,0.0,473.35,312.05,0,0.0,0,0,18-APR-2022,
OPTSTK,KOTAKBANK,28-Apr-2022,1460.0,CE,0.0,0.0,0.0,455.25,292.1,0,0.0,0,0,18-APR-2022,
OPTSTK,KOTAKBANK,28-Apr-2022,1480.0,CE,0.0,0.0,0.0,437.4,272.2,0,0.0,0,0,18-APR-2022,
OPTSTK,KOTAKBANK,28-Apr-2022,1500.0,CE,0.0,0.0,0.0,419.8,252.3,0,0.0,0,0,18-APR-2022,
OPTSTK,KOTAKBANK,28-Apr-2022,1520.0,CE,0.0,0.0,0.0,402.45,232.55,0,0.0,0,0,18-APR-2022,
OPTSTK,KOTAKBANK,28-Apr-2022,1540.0,CE,0.0,0.0,0.0,385.45,212.9,0,0.0,0,0,18-APR-2022,
OPTSTK,KOTAKBANK,28-Apr-2022,1560.0,CE,0.0,0.0,0.0,368.7,193.45,0,0.0,0,0,18-APR-2022,
OPTSTK,KOTAKBANK,28-Apr-2022,1580.0,CE,0.0,0.0,0.0,352.35,174.3,0,0.0,0,0,18-APR-2022,
OPTSTK,KOTAKBANK,28-Apr-2022,1600.0,CE,142.0,156.55,142.0,145.5,155.6,7,48.93,12400,0,18-APR-2022,
OPTSTK,KOTAKBANK,28-Apr-2022,1620.0,CE,0.0,0.0,0.0,320.65,137.5,0,0.0,0,0,18-APR-2022,
OPTSTK,KOTAKBANK,28-Apr-2022,1640.0,CE,0.0,0.0,0.0,134.7,120.1,0,0.0,0,0,18-APR-2022,
OPTSTK,KOTAKBANK,28-Apr-2022,1660.0,CE,0.0,0.0,0.0,139.0,103.65,0,0.0,4000,0,18-APR-2022,
OPTSTK,KOTAKBANK,28-Apr-2022,1680.0,CE,85.0,89.5,81.3,89.5,89.5,3,21.18,18400,0,18-APR-2022,
OPTSTK,KOTAKBANK,28-Apr-2022,1700.0,CE,72.05,74.35,58.3,69.0,69.0,374,2641.32,140800,31200,18-APR-2022,
OPTSTK,KOTAKBANK,28-Apr-2022,1720.0,CE,52.3,58.85,46.0,53.05,53.05,253,1792.45,40800,-6800,18-APR-2022,
OPTSTK,KOTAKBANK,28-Apr-2022,1740.0,CE,53.25,53.25,35.0,41.8,41.8,2166,15421.89,147600,60800,18-APR-2022,
OPTSTK,KOTAKBANK,28-Apr-2022,1760.0,CE,37.25,38.5,26.5,31.7,31.7,2831,20273.92,235200,69200,18-APR-2022,
OPTSTK,KOTAKBANK,28-Apr-2022,1780.0,CE,34.9,36.4,19.75,23.35,23.35,2059,14847.57,392400,54400,18-APR-2022,
OPTSTK,KOTAKBANK,28-Apr-2022,1800.0,CE,33.8,33.8,14.65,17.95,17.95,5473,39777.56,1416000,-11600,18-APR-2022,
OPTSTK,KOTAKBANK,28-Apr-2022,1820.0,CE,26.9,26.9,10.75,13.45,13.45,3317,24315.17,691200,-76800,18-APR-2022,
OPTSTK,KOTAKBANK,28-Apr-2022,1840.0,CE,15.05,15.05,7.85,9.55,9.55,2443,18071.04,701600,67600,18-APR-2022,
OPTSTK,KOTAKBANK,28-Apr-2022,1860.0,CE,12.0,12.05,6.0,7.35,7.35,1454,10859.11,358000,-20400,18-APR-2022,
OPTSTK,KOTAKBANK,28-Apr-2022,1880.0,CE,6.35,7.0,4.55,5.45,5.45,1376,10376.58,282000,-5200,18-APR-2022,
OPTSTK,KOTAKBANK,28-Apr-2022,1900.0,CE,7.65,7.65,3.85,4.6,4.6,2511,19128.33,1117200,72800,18-APR-2022,
OPTSTK,KOTAKBANK,28-Apr-2022,1920.0,CE,3.95,4.95,2.95,3.7,3.7,1366,10509.59,198400,-60800,18-APR-2022,
OPTSTK,KOTAKBANK,28-Apr-2022,1940.0,CE,3.2,3.55,2.3,3.05,3.05,847,6581.96,231200,33600,18-APR-2022,
OPTSTK,KOTAKBANK,28-Apr-2022,1960.0,CE,3.4,3.4,2.0,2.6,2.6,388,3045.5,239600,-5200,18-APR-2022,
OPTSTK,KOTAKBANK,28-Apr-2022,1980.0,CE,2.25,2.6,1.85,2.45,2.45,349,2767.01,148800,-11200,18-APR-2022,
OPTSTK,KOTAKBANK,28-Apr-2022,2000.0,CE,2.05,2.55,1.8,2.4,2.4,1019,8160.55,689200,-95200,18-APR-2022,
OPTSTK,KOTAKBANK,28-Apr-2022,2020.0,CE,1.85,2.2,1.6,2.05,2.05,274,2215.85,120000,-4800,18-APR-2022,
OPTSTK,KOTAKBANK,28-Apr-2022,2040.0,CE,1.75,2.05,1.55,1.9,1.9,173,1412.83,44400,-3600,18-APR-2022,
OPTSTK,KOTAKBANK,28-Apr-2022,2060.0,CE,1.5,1.9,1.4,1.8,1.8,31,255.63,19600,-3200,18-APR-2022,
OPTSTK,KOTAKBANK,28-Apr-2022,2080.0,CE,1.45,1.8,1.45,1.7,1.7,37,308.07,9600,0,18-APR-2022,
OPTSTK,KOTAKBANK,28-Apr-2022,2100.0,CE,1.45,1.75,1.4,1.65,1.65,409,3438.13,202400,4800,18-APR-2022,
OPTSTK,KOTAKBANK,28-Apr-2022,2120.0,CE,0.0,0.0,0.0,67.5,0.05,0,0.0,0,0,18-APR-2022,
OPTSTK,KOTAKBANK,28-Apr-2022,2140.0,CE,1.15,1.15,1.15,1.15,0.05,5,42.82,24400,-2000,18-APR-2022,
OPTSTK,KOTAKBANK,28-Apr-2022,2160.0,CE,0.0,0.0,0.0,2.95,0.05,0,0.0,1200,0,18-APR-2022,
OPTSTK,KOTAKBANK,28-Apr-2022,2180.0,CE,0.0,0.0,0.0,1.0,0.05,0,0.0,1200,0,18-APR-2022,
OPTSTK,KOTAKBANK,28-Apr-2022,2200.0,CE,0.8,1.35,0.8,1.2,1.2,88,774.76,47200,-14800,18-APR-2022,
OPTSTK,KOTAKBANK,28-Apr-2022,2220.0,CE,0.0,0.0,0.0,45.85,0.0,0,0.0,0,0,18-APR-2022,
OPTSTK,KOTAKBANK,28-Apr-2022,2240.0,CE,0.0,0.0,0.0,42.3,0.0,0,0.0,0,0,18-APR-2022,
OPTSTK,KOTAKBANK,28-Apr-2022,2260.0,CE,0.0,0.0,0.0,39.0,0.0,0,0.0,0,0,18-APR-2022,
OPTSTK,KOTAKBANK,28-Apr-2022,2280.0,CE,0.0,0.0,0.0,35.95,0.0,0,0.0,0,0,18-APR-2022,
OPTSTK,KOTAKBANK,28-Apr-2022,2300.0,CE,0.0,0.0,0.0,33.1,0.0,0,0.0,0,0,18-APR-2022,
OPTSTK,KOTAKBANK,28-Apr-2022,2320.0,CE,0.0,0.0,0.0,30.45,0.0,0,0.0,0,0,18-APR-2022,
OPTSTK,KOTAKBANK,28-Apr-2022,2340.0,CE,0.0,0.0,0.0,27.95,0.0,0,0.0,0,0,18-APR-2022,
OPTSTK,KOTAKBANK,28-Apr-2022,2360.0,CE,0.0,0.0,0.0,25.7,0.0,0,0.0,0,0,18-APR-2022,
OPTSTK,KOTAKBANK,28-Apr-2022,2380.0,CE,0.0,0.0,0.0,23.55,0.0,0,0.0,0,0,18-APR-2022,
OPTSTK,KOTAKBANK,28-Apr-2022,2400.0,CE,0.0,0.0,0.0,21.6,0.0,0,0.0,0,0,18-APR-2022,
OPTSTK,KOTAKBANK,28-Apr-2022,2420.0,CE,0.0,0.0,0.0,19.8,0.0,0,0.0,0,0,18-APR-2022,
OPTSTK,KOTAKBANK,28-Apr-2022,2440.0,CE,0.0,0.0,0.0,18.15,0.0,0,0.0,0,0,18-APR-2022,
OPTSTK,KOTAKBANK,28-Apr-2022,2460.0,CE,0.0,0.0,0.0,16.6,0.0,0,0.0,0,0,18-APR-2022,
OPTSTK,KOTAKBANK,28-Apr-2022,2480.0,CE,0.0,0.0,0.0,15.15,0.0,0,0.0,0,0,18-APR-2022,
OPTSTK,KOTAKBANK,28-Apr-2022,2500.0,CE,0.0,0.0,0.0,13.85,0.0,0,0.0,0,0,18-APR-2022,
OPTSTK,KOTAKBANK,28-Apr-2022,2520.0,CE,0.0,0.0,0.0,12.65,0.0,0,0.0,0,0,18-APR-2022,
OPTSTK,KOTAKBANK,28-Apr-2022,1340.0,PE,0.0,0.0,0.0,3.45,0.0,0,0.0,0,0,18-APR-2022,
OPTSTK,KOTAKBANK,28-Apr-2022,1360.0,PE,0.0,0.0,0.0,4.25,0.0,0,0.0,0,0,18-APR-2022,
OPTSTK,KOTAKBANK,28-Apr-2022,1380.0,PE,0.0,0.0,0.0,5.2,0.0,0,0.0,0,0,18-APR-2022,
OPTSTK,KOTAKBANK,28-Apr-2022,1400.0,PE,0.6,0.8,0.5,0.5,0.0,12,67.23,20800,400,18-APR-2022,
OPTSTK,KOTAKBANK,28-Apr-2022,1420.0,PE,0.0,0.0,0.0,7.6,0.05,0,0.0,0,0,18-APR-2022,
OPTSTK,KOTAKBANK,28-Apr-2022,1440.0,PE,0.0,0.0,0.0,9.1,0.05,0,0.0,0,0,18-APR-2022,
OPTSTK,KOTAKBANK,28-Apr-2022,1460.0,PE,0.0,0.0,0.0,0.75,0.05,0,0.0,400,0,18-APR-2022,
OPTSTK,KOTAKBANK,28-Apr-2022,1480.0,PE,0.0,0.0,0.0,12.7,0.15,0,0.0,0,0,18-APR-2022,
OPTSTK,KOTAKBANK,28-Apr-2022,1500.0,PE,1.05,1.05,0.55,0.7,0.7,131,786.33,97600,2400,18-APR-2022,
OPTSTK,KOTAKBANK,28-Apr-2022,1520.0,PE,1.1,1.1,0.6,0.85,0.85,30,182.49,17200,400,18-APR-2022,
OPTSTK,KOTAKBANK,28-Apr-2022,1540.0,PE,2.0,2.95,0.7,0.95,0.95,93,573.28,18800,0,18-APR-2022,
OPTSTK,KOTAKBANK,28-Apr-2022,1560.0,PE,1.9,1.9,0.45,1.15,1.15,602,3758.6,140000,38400,18-APR-2022,
OPTSTK,KOTAKBANK,28-Apr-2022,1580.0,PE,2.55,2.65,1.15,1.45,1.45,434,2745.76,180800,-9200,18-APR-2022,
OPTSTK,KOTAKBANK,28-Apr-2022,1600.0,PE,3.0,5.0,1.95,2.35,2.35,1244,7977.31,407600,-54800,18-APR-2022,
OPTSTK,KOTAKBANK,28-Apr-2022,1620.0,PE,6.45,7.3,3.0,3.75,3.75,535,3476.13,89600,-8000,18-APR-2022,
OPTSTK,KOTAKBANK,28-Apr-2022,1640.0,PE,7.2,9.8,4.5,5.65,5.65,968,6374.71,165200,-5200,18-APR-2022,
OPTSTK,KOTAKBANK,28-Apr-2022,1660.0,PE,6.45,13.5,6.45,7.6,7.6,969,6469.83,150400,-6400,18-APR-2022,
OPTSTK,KOTAKBANK,28-Apr-2022,1680.0,PE,12.5,18.5,8.95,10.65,10.65,1068,7231.36,179200,28000,18-APR-2022,
OPTSTK,KOTAKBANK,28-Apr-2022,1700.0,PE,31.95,31.95,12.55,15.25,15.25,1781,12234.25,619600,-11600,18-APR-2022,
OPTSTK,KOTAKBANK,28-Apr-2022,1720.0,PE,22.25,31.75,17.85,21.75,21.75,1147,8001.9,169600,44000,18-APR-2022,
OPTSTK,KOTAKBANK,28-Apr-2022,1740.0,PE,28.75,41.0,24.3,30.3,30.3,1635,11591.88,252000,15600,18-APR-2022,
OPTSTK,KOTAKBANK,28-Apr-2022,1760.0,PE,42.45,54.35,33.25,37.5,37.5,863,6218.9,271600,-34400,18-APR-2022,
OPTSTK,KOTAKBANK,28-Apr-2022,1780.0,PE,47.3,65.0,45.0,50.55,50.55,299,2194.94,188800,-11200,18-APR-2022,
OPTSTK,KOTAKBANK,28-Apr-2022,1800.0,PE,61.15,81.0,52.0,68.1,68.1,363,2714.63,330000,-47200,18-APR-2022,
OPTSTK,KOTAKBANK,28-Apr-2022,1820.0,PE,76.55,95.8,76.25,88.3,88.3,247,1884.23,148800,-46000,18-APR-2022,
OPTSTK,KOTAKBANK,28-Apr-2022,1840.0,PE,108.3,108.3,91.0,102.35,102.35,26,201.67,45600,-3200,18-APR-2022,
OPTSTK,KOTAKBANK,28-Apr-2022,1860.0,PE,127.75,127.75,117.25,117.25,117.8,2,15.86,28400,-400,18-APR-2022,
OPTSTK,KOTAKBANK,28-Apr-2022,1880.0,PE,137.25,137.25,125.0,125.0,125.0,2,16.08,11200,0,18-APR-2022,
OPTSTK,KOTAKBANK,28-Apr-2022,1900.0,PE,167.55,169.3,149.6,159.1,159.1,25,205.88,85600,-6800,18-APR-2022,
OPTSTK,KOTAKBANK,28-Apr-2022,1920.0,PE,0.0,0.0,0.0,165.0,171.1,0,0.0,1200,0,18-APR-2022,
OPTSTK,KOTAKBANK,28-Apr-2022,1940.0,PE,0.0,0.0,0.0,129.8,189.95,0,0.0,3200,0,18-APR-2022,
OPTSTK,KOTAKBANK,28-Apr-2022,1960.0,PE,0.0,0.0,0.0,171.65,209.1,0,0.0,2800,0,18-APR-2022,
OPTSTK,KOTAKBANK,28-Apr-2022,1980.0,PE,0.0,0.0,0.0,240.0,228.5,0,0.0,800,0,18-APR-2022,
OPTSTK,KOTAKBANK,28-Apr-2022,2000.0,PE,0.0,0.0,0.0,214.0,248.1,0,0.0,12400,0,18-APR-2022,
OPTSTK,KOTAKBANK,28-Apr-2022,2020.0,PE,0.0,0.0,0.0,207.0,267.8,0,0.0,0,0,18-APR-2022,
OPTSTK,KOTAKBANK,28-Apr-2022,2040.0,PE,0.0,0.0,0.0,220.1,287.6,0,0.0,0,0,18-APR-2022,
OPTSTK,KOTAKBANK,28-Apr-2022,2060.0,PE,0.0,0.0,0.0,233.6,307.5,0,0.0,0,0,18-APR-2022,
OPTSTK,KOTAKBANK,28-Apr-2022,2080.0,PE,0.0,0.0,0.0,247.45,327.4,0,0.0,0,0,18-APR-2022,
OPTSTK,KOTAKBANK,28-Apr-2022,2100.0,PE,0.0,0.0,0.0,301.0,347.3,0,0.0,8000,0,18-APR-2022,
OPTSTK,KOTAKBANK,28-Apr-2022,2120.0,PE,0.0,0.0,0.0,276.2,367.25,0,0.0,0,0,18-APR-2022,
OPTSTK,KOTAKBANK,28-Apr-2022,2140.0,PE,0.0,0.0,0.0,405.0,387.25,0,0.0,400,0,18-APR-2022,
OPTSTK,KOTAKBANK,28-Apr-2022,2160.0,PE,0.0,0.0,0.0,306.3,407.2,0,0.0,0,0,18-APR-2022,
OPTSTK,KOTAKBANK,28-Apr-2022,2180.0,PE,0.0,0.0,0.0,321.8,427.15,0,0.0,0,0,18-APR-2022,
OPTSTK,KOTAKBANK,28-Apr-2022,2200.0,PE,0.0,0.0,0.0,427.0,447.15,0,0.0,400,0,18-APR-2022,
OPTSTK,KOTAKBANK,28-Apr-2022,2220.0,PE,0.0,0.0,0.0,353.45,467.1,0,0.0,0,0,18-APR-2022,
OPTSTK,KOTAKBANK,28-Apr-2022,2240.0,PE,0.0,0.0,0.0,369.75,487.1,0,0.0,0,0,18-APR-2022,
OPTSTK,KOTAKBANK,28-Apr-2022,2260.0,PE,0.0,0.0,0.0,386.2,507.1,0,0.0,0,0,18-APR-2022,
OPTSTK,KOTAKBANK,28-Apr-2022,2280.0,PE,0.0,0.0,0.0,402.95,527.05,0,0.0,0,0,18-APR-2022,
OPTSTK,KOTAKBANK,28-Apr-2022,2300.0,PE,0.0,0.0,0.0,419.9,547.05,0,0.0,0,0,18-APR-2022,
OPTSTK,KOTAKBANK,28-Apr-2022,2320.0,PE,0.0,0.0,0.0,437.0,567.0,0,0.0,0,0,18-APR-2022,
OPTSTK,KOTAKBANK,28-Apr-2022,2340.0,PE,0.0,0.0,0.0,454.35,587.0,0,0.0,0,0,18-APR-2022,
OPTSTK,KOTAKBANK,28-Apr-2022,2360.0,PE,0.0,0.0,0.0,471.85,606.95,0,0.0,0,0,18-APR-2022,
OPTSTK,KOTAKBANK,28-Apr-2022,2380.0,PE,0.0,0.0,0.0,489.55,626.95,0,0.0,0,0,18-APR-2022,
OPTSTK,KOTAKBANK,28-Apr-2022,2400.0,PE,0.0,0.0,0.0,507.35,646.9,0,0.0,0,0,18-APR-2022,
OPTSTK,KOTAKBANK,28-Apr-2022,2420.0,PE,0.0,0.0,0.0,525.35,666.9,0,0.0,0,0,18-APR-2022,
OPTSTK,KOTAKBANK,28-Apr-2022,2440.0,PE,0.0,0.0,0.0,543.45,686.85,0,0.0,0,0,18-APR-2022,
OPTSTK,KOTAKBANK,28-Apr-2022,2460.0,PE,0.0,0.0,0.0,561.7,706.85,0,0.0,0,0,18-APR-2022,
OPTSTK,KOTAKBANK,28-Apr-2022,2480.0,PE,0.0,0.0,0.0,580.1,726.85,0,0.0,0,0,18-APR-2022,
OPTSTK,KOTAKBANK,28-Apr-2022,2500.0,PE,0.0,0.0,0.0,598.55,746.8,0,0.0,0,0,18-APR-2022,
OPTSTK,KOTAKBANK,28-Apr-2022,2520.0,PE,0.0,0.0,0.0,617.15,766.8,0,0.0,0,0,18-APR-2022,
OPTSTK,KOTAKBANK,26-May-2022,1340.0,CE,0.0,0.0,0.0,475.65,417.15,0,0.0,0,0,18-APR-2022,
OPTSTK,KOTAKBANK,26-May-2022,1360.0,CE,0.0,0.0,0.0,457.25,397.6,0,0.0,0,0,18-APR-2022,
OPTSTK,KOTAKBANK,26-May-2022,1380.0,CE,0.0,0.0,0.0,439.1,378.15,0,0.0,0,0,18-APR-2022,
OPTSTK,KOTAKBANK,26-May-2022,1400.0,CE,0.0,0.0,0.0,421.2,358.9,0,0.0,0,0,18-APR-2022,
OPTSTK,KOTAKBANK,26-May-2022,1420.0,CE,0.0,0.0,0.0,403.55,339.75,0,0.0,0,0,18-APR-2022,
OPTSTK,KOTAKBANK,26-May-2022,1440.0,CE,0.0,0.0,0.0,386.15,320.9,0,0.0,0,0,18-APR-2022,
OPTSTK,KOTAKBANK,26-May-2022,1460.0,CE,0.0,0.0,0.0,369.1,302.25,0,0.0,0,0,18-APR-2022,
OPTSTK,KOTAKBANK,26-May-2022,1480.0,CE,0.0,0.0,0.0,352.4,283.9,0,0.0,0,0,18-APR-2022,
OPTSTK,KOTAKBANK,26-May-2022,1500.0,CE,0.0,0.0,0.0,336.0,265.95,0,0.0,0,0,18-APR-2022,
OPTSTK,KOTAKBANK,26-May-2022,1520.0,CE,0.0,0.0,0.0,319.95,248.4,0,0.0,0,0,18-APR-2022,
OPTSTK,KOTAKBANK,26-May-2022,1540.0,CE,0.0,0.0,0.0,304.35,231.25,0,0.0,0,0,18-APR-2022,
OPTSTK,KOTAKBANK,26-May-2022,1560.0,CE,0.0,0.0,0.0,289.1,214.65,0,0.0,0,0,18-APR-2022,
OPTSTK,KOTAKBANK,26-May-2022,1580.0,CE,0.0,0.0,0.0,274.35,198.55,0,0.0,0,0,18-APR-2022,
OPTSTK,KOTAKBANK,26-May-2022,1600.0,CE,0.0,0.0,0.0,259.95,183.1,0,0.0,0,0,18-APR-2022,
OPTSTK,KOTAKBANK,26-May-2022,1620.0,CE,0.0,0.0,0.0,100.0,168.3,0,0.0,400,0,18-APR-2022,
OPTSTK,KOTAKBANK,26-May-2022,1640.0,CE,0.0,0.0,0.0,232.45,154.0,0,0.0,0,0,18-APR-2022,
OPTSTK,KOTAKBANK,26-May-2022,1660.0,CE,0.0,0.0,0.0,219.4,140.5,0,0.0,0,0,18-APR-2022,
OPTSTK,KOTAKBANK,26-May-2022,1680.0,CE,0.0,0.0,0.0,206.85,127.75,0,0.0,0,0,18-APR-2022,
OPTSTK,KOTAKBANK,26-May-2022,1700.0,CE,100.0,101.1,100.0,101.1,115.7,3,21.6,2400,800,18-APR-2022,
OPTSTK,KOTAKBANK,26-May-2022,1720.0,CE,0.0,0.0,0.0,183.2,104.45,0,0.0,0,0,18-APR-2022,
OPTSTK,KOTAKBANK,26-May-2022,1740.0,CE,94.6,94.6,80.0,80.0,80.0,3,21.93,400,400,18-APR-2022,
OPTSTK,KOTAKBANK,26-May-2022,1760.0,CE,83.7,83.7,69.75,77.0,77.0,6,44.03,2000,2000,18-APR-2022,
OPTSTK,KOTAKBANK,26-May-2022,1780.0,CE,0.0,0.0,0.0,97.2,75.1,0,0.0,800,0,18-APR-2022,
OPTSTK,KOTAKBANK,26-May-2022,1800.0,CE,63.15,63.2,52.0,57.15,57.15,168,1247.48,62800,21200,18-APR-2022,
OPTSTK,KOTAKBANK,26-May-2022,1820.0,CE,50.0,50.0,50.0,50.0,59.15,1,7.48,400,400,18-APR-2022,
OPTSTK,KOTAKBANK,26-May-2022,1840.0,CE,0.0,0.0,0.0,123.55,52.25,0,0.0,0,0,18-APR-2022,
OPTSTK,KOTAKBANK,26-May-2022,1860.0,CE,39.0,39.0,35.0,35.0,45.95,3,22.77,1600,800,18-APR-2022,
OPTSTK,KOTAKBANK,26-May-2022,1880.0,CE,30.0,30.0,30.0,30.0,40.25,2,15.28,1600,400,18-APR-2022,
OPTSTK,KOTAKBANK,26-May-2022,1900.0,CE,33.9,33.9,25.5,28.4,28.4,178,1372.67,109600,22800,18-APR-2022,
OPTSTK,KOTAKBANK,26-May-2022,1920.0,CE,22.65,22.65,22.65,22.65,30.7,1,7.77,1600,400,18-APR-2022,
OPTSTK,KOTAKBANK,26-May-2022,1940.0,CE,0.0,0.0,0.0,86.1,26.55,0,0.0,0,0,18-APR-2022,
OPTSTK,KOTAKBANK,26-May-2022,1960.0,CE,0.0,0.0,0.0,79.85,22.95,0,0.0,0,0,18-APR-2022,
OPTSTK,KOTAKBANK,26-May-2022,1980.0,CE,0.0,0.0,0.0,73.95,19.75,0,0.0,0,0,18-APR-2022,
OPTSTK,KOTAKBANK,26-May-2022,2000.0,CE,17.35,17.35,11.9,12.9,12.9,124,998.71,60400,14400,18-APR-2022,
OPTSTK,KOTAKBANK,26-May-2022,2020.0,CE,0.0,0.0,0.0,63.35,14.5,0,0.0,0,0,18-APR-2022,
OPTSTK,KOTAKBANK,26-May-2022,2040.0,CE,0.0,0.0,0.0,58.5,12.4,0,0.0,0,0,18-APR-2022,
OPTSTK,KOTAKBANK,26-May-2022,2060.0,CE,0.0,0.0,0.0,54.0,10.5,0,0.0,0,0,18-APR-2022,
OPTSTK,KOTAKBANK,26-May-2022,2080.0,CE,0.0,0.0,0.0,49.8,8.9,0,0.0,0,0,18-APR-2022,
OPTSTK,KOTAKBANK,26-May-2022,2100.0,CE,5.0,6.0,5.0,6.0,7.55,5,42.1,2000,2000,18-APR-2022,
OPTSTK,KOTAKBANK,26-May-2022,2120.0,CE,0.0,0.0,0.0,42.1,6.35,0,0.0,0,0,18-APR-2022,
OPTSTK,KOTAKBANK,26-May-2022,2140.0,CE,0.0,0.0,0.0,38.7,5.3,0,0.0,0,0,18-APR-2022,
OPTSTK,KOTAKBANK,26-May-2022,2160.0,CE,0.0,0.0,0.0,35.55,4.45,0,0.0,0,0,18-APR-2022,
OPTSTK,KOTAKBANK,26-May-2022,2180.0,CE,0.0,0.0,0.0,32.6,3.7,0,0.0,0,0,18-APR-2022,
OPTSTK,KOTAKBANK,26-May-2022,2200.0,CE,4.0,4.0,4.0,4.0,3.1,2,17.63,800,800,18-APR-2022,
OPTSTK,KOTAKBANK,26-May-2022,2220.0,CE,0.0,0.0,0.0,27.35,2.55,0,0.0,0,0,18-APR-2022,
OPTSTK,KOTAKBANK,26-May-2022,2240.0,CE,0.0,0.0,0.0,25.05,2.15,0,0.0,0,0,18-APR-2022,
OPTSTK,KOTAKBANK,26-May-2022,2260.0,CE,0.0,0.0,0.0,22.9,1.75,0,0.0,0,0,18-APR-2022,
OPTSTK,KOTAKBANK,26-May-2022,2280.0,CE,0.0,0.0,0.0,20.9,1.45,0,0.0,0,0,18-APR-2022,
OPTSTK,KOTAKBANK,26-May-2022,2300.0,CE,0.0,0.0,0.0,19.05,1.2,0,0.0,0,0,18-APR-2022,
OPTSTK,KOTAKBANK,26-May-2022,2320.0,CE,0.0,0.0,0.0,17.4,1.0,0,0.0,0,0,18-APR-2022,
OPTSTK,KOTAKBANK,26-May-2022,2340.0,CE,0.0,0.0,0.0,15.85,0.8,0,0.0,0,0,18-APR-2022,
OPTSTK,KOTAKBANK,26-May-2022,2360.0,CE,0.0,0.0,0.0,14.45,0.65,0,0.0,0,0,18-APR-2022,
OPTSTK,KOTAKBANK,26-May-2022,2380.0,CE,0.0,0.0,0.0,13.15,0.55,0,0.0,0,0,18-APR-2022,
OPTSTK,KOTAKBANK,26-May-2022,2400.0,CE,0.0,0.0,0.0,11.95,0.45,0,0.0,0,0,18-APR-2022,
OPTSTK,KOTAKBANK,26-May-2022,2420.0,CE,0.0,0.0,0.0,10.85,0.35,0,0.0,0,0,18-APR-2022,
OPTSTK,KOTAKBANK,26-May-2022,2440.0,CE,0.0,0.0,0.0,9.85,0.3,0,0.0,0,0,18-APR-2022,
OPTSTK,KOTAKBANK,26-May-2022,2460.0,CE,0.0,0.0,0.0,8.95,0.25,0,0.0,0,0,18-APR-2022,
OPTSTK,KOTAKBANK,26-May-2022,2480.0,CE,0.0,0.0,0.0,8.1,0.2,0,0.0,0,0,18-APR-2022,
OPTSTK,KOTAKBANK,26-May-2022,2500.0,CE,0.0,0.0,0.0,7.35,0.15,0,0.0,0,0,18-APR-2022,
OPTSTK,KOTAKBANK,26-May-2022,2520.0,CE,0.0,0.0,0.0,6.65,0.15,0,0.0,0,0,18-APR-2022,
OPTSTK,KOTAKBANK,26-May-2022,1340.0,PE,0.0,0.0,0.0,6.75,0.85,0,0.0,0,0,18-APR-2022,
OPTSTK,KOTAKBANK,26-May-2022,1360.0,PE,0.0,0.0,0.0,8.2,1.2,0,0.0,0,0,18-APR-2022,
OPTSTK,KOTAKBANK,26-May-2022,1380.0,PE,0.0,0.0,0.0,9.8,1.7,0,0.0,0,0,18-APR-2022,
OPTSTK,KOTAKBANK,26-May-2022,1400.0,PE,0.0,0.0,0.0,11.7,2.3,0,0.0,0,0,18-APR-2022,
OPTSTK,KOTAKBANK,26-May-2022,1420.0,PE,0.0,0.0,0.0,13.8,3.1,0,0.0,0,0,18-APR-2022,
OPTSTK,KOTAKBANK,26-May-2022,1440.0,PE,0.0,0.0,0.0,16.25,4.1,0,0.0,0,0,18-APR-2022,
OPTSTK,KOTAKBANK,26-May-2022,1460.0,PE,0.0,0.0,0.0,19.0,5.4,0,0.0,0,0,18-APR-2022,
OPTSTK,KOTAKBANK,26-May-2022,1480.0,PE,0.0,0.0,0.0,22.05,7.0,0,0.0,0,0,18-APR-2022,
OPTSTK,KOTAKBANK,26-May-2022,1500.0,PE,9.0,9.95,6.15,8.0,8.0,11,66.38,4400,1200,18-APR-2022,
OPTSTK,KOTAKBANK,26-May-2022,1520.0,PE,0.0,0.0,0.0,29.2,11.25,0,0.0,0,0,18-APR-2022,
OPTSTK,KOTAKBANK,26-May-2022,1540.0,PE,0.0,0.0,0.0,33.35,14.05,0,0.0,0,0,18-APR-2022,
OPTSTK,KOTAKBANK,26-May-2022,1560.0,PE,13.0,13.0,13.0,13.0,17.35,1,6.29,400,400,18-APR-2022,
OPTSTK,KOTAKBANK,26-May-2022,1580.0,PE,0.0,0.0,0.0,42.95,21.2,0,0.0,0,0,18-APR-2022,
OPTSTK,KOTAKBANK,26-May-2022,1600.0,PE,18.4,23.75,16.4,17.15,17.15,161,1042.7,113600,23600,18-APR-2022,
OPTSTK,KOTAKBANK,26-May-2022,1620.0,PE,25.0,25.0,25.0,25.0,30.7,1,6.58,400,400,18-APR-2022,
OPTSTK,KOTAKBANK,26-May-2022,1640.0,PE,0.0,0.0,0.0,60.4,36.35,0,0.0,0,0,18-APR-2022,
OPTSTK,KOTAKBANK,26-May-2022,1660.0,PE,0.0,0.0,0.0,30.0,42.8,0,0.0,800,0,18-APR-2022,
OPTSTK,KOTAKBANK,26-May-2022,1680.0,PE,0.0,0.0,0.0,74.45,49.95,0,0.0,0,0,18-APR-2022,
OPTSTK,KOTAKBANK,26-May-2022,1700.0,PE,45.0,54.05,42.2,45.75,45.75,228,1594.56,107200,39600,18-APR-2022,
OPTSTK,KOTAKBANK,26-May-2022,1720.0,PE,0.0,0.0,0.0,90.35,66.45,0,0.0,0,0,18-APR-2022,
OPTSTK,KOTAKBANK,26-May-2022,1740.0,PE,0.0,0.0,0.0,99.0,75.85,0,0.0,0,0,18-APR-2022,
OPTSTK,KOTAKBANK,26-May-2022,1760.0,PE,0.0,0.0,0.0,108.15,85.95,0,0.0,0,0,18-APR-2022,
OPTSTK,KOTAKBANK,26-May-2022,1780.0,PE,0.0,0.0,0.0,117.8,96.85,0,0.0,0,0,18-APR-2022,
OPTSTK,KOTAKBANK,26-May-2022,1800.0,PE,106.2,109.4,90.7,98.75,108.45,54,410.38,65200,5600,18-APR-2022,
OPTSTK,KOTAKBANK,26-May-2022,1820.0,PE,0.0,0.0,0.0,87.0,120.75,0,0.0,1600,0,18-APR-2022,
OPTSTK,KOTAKBANK,26-May-2022,1840.0,PE,0.0,0.0,0.0,149.4,133.7,0,0.0,0,0,18-APR-2022,
OPTSTK,KOTAKBANK,26-May-2022,1860.0,PE,0.0,0.0,0.0,160.85,147.35,0,0.0,0,0,18-APR-2022,
OPTSTK,KOTAKBANK,26-May-2022,1880.0,PE,0.0,0.0,0.0,172.75,161.55,0,0.0,0,0,18-APR-2022,
OPTSTK,KOTAKBANK,26-May-2022,1900.0,PE,0.0,0.0,0.0,185.1,176.45,0,0.0,0,0,18-APR-2022,
OPTSTK,KOTAKBANK,26-May-2022,1920.0,PE,0.0,0.0,0.0,197.8,191.8,0,0.0,0,0,18-APR-2022,
OPTSTK,KOTAKBANK,26-May-2022,1940.0,PE,0.0,0.0,0.0,210.95,207.6,0,0.0,0,0,18-APR-2022,
OPTSTK,KOTAKBANK,26-May-2022,1960.0,PE,0.0,0.0,0.0,224.5,223.9,0,0.0,0,0,18-APR-2022,
OPTSTK,KOTAKBANK,26-May-2022,1980.0,PE,0.0,0.0,0.0,238.4,240.65,0,0.0,0,0,18-APR-2022,
OPTSTK,KOTAKBANK,26-May-2022,2000.0,PE,0.0,0.0,0.0,230.0,257.75,0,0.0,1200,0,18-APR-2022,
OPTSTK,KOTAKBANK,26-May-2022,2020.0,PE,0.0,0.0,0.0,267.35,275.2,0,0.0,0,0,18-APR-2022,
OPTSTK,KOTAKBANK,26-May-2022,2040.0,PE,0.0,0.0,0.0,282.3,293.0,0,0.0,0,0,18-APR-2022,
OPTSTK,KOTAKBANK,26-May-2022,2060.0,PE,0.0,0.0,0.0,297.6,311.05,0,0.0,0,0,18-APR-2022,
OPTSTK,KOTAKBANK,26-May-2022,2080.0,PE,0.0,0.0,0.0,313.15,329.35,0,0.0,0,0,18-APR-2022,
OPTSTK,KOTAKBANK,26-May-2022,2100.0,PE,0.0,0.0,0.0,328.95,347.85,0,0.0,0,0,18-APR-2022,
OPTSTK,KOTAKBANK,26-May-2022,2120.0,PE,0.0,0.0,0.0,345.05,366.6,0,0.0,0,0,18-APR-2022,
OPTSTK,KOTAKBANK,26-May-2022,2140.0,PE,0.0,0.0,0.0,361.45,385.5,0,0.0,0,0,18-APR-2022,
OPTSTK,KOTAKBANK,26-May-2022,2160.0,PE,0.0,0.0,0.0,378.05,404.5,0,0.0,0,0,18-APR-2022,
OPTSTK,KOTAKBANK,26-May-2022,2180.0,PE,0.0,0.0,0.0,394.95,423.7,0,0.0,0,0,18-APR-2022,
OPTSTK,KOTAKBANK,26-May-2022,2200.0,PE,0.0,0.0,0.0,412.0,443.0,0,0.0,0,0,18-APR-2022,
OPTSTK,KOTAKBANK,26-May-2022,2220.0,PE,0.0,0.0,0.0,429.25,462.35,0,0.0,0,0,18-APR-2022,
OPTSTK,KOTAKBANK,26-May-2022,2240.0,PE,0.0,0.0,0.0,446.75,481.85,0,0.0,0,0,18-APR-2022,
OPTSTK,KOTAKBANK,26-May-2022,2260.0,PE,0.0,0.0,0.0,464.4,501.4,0,0.0,0,0,18-APR-2022,
OPTSTK,KOTAKBANK,26-May-2022,2280.0,PE,0.0,0.0,0.0,482.2,521.0,0,0.0,0,0,18-APR-2022,
OPTSTK,KOTAKBANK,26-May-2022,2300.0,PE,0.0,0.0,0.0,500.15,540.65,0,0.0,0,0,18-APR-2022,
OPTSTK,KOTAKBANK,26-May-2022,2320.0,PE,0.0,0.0,0.0,518.25,560.35,0,0.0,0,0,18-APR-2022,
OPTSTK,KOTAKBANK,26-May-2022,2340.0,PE,0.0,0.0,0.0,536.5,580.05,0,0.0,0,0,18-APR-2022,
OPTSTK,KOTAKBANK,26-May-2022,2360.0,PE,0.0,0.0,0.0,554.9,599.85,0,0.0,0,0,18-APR-2022,
OPTSTK,KOTAKBANK,26-May-2022,2380.0,PE,0.0,0.0,0.0,573.35,619.65,0,0.0,0,0,18-APR-2022,
OPTSTK,KOTAKBANK,26-May-2022,2400.0,PE,0.0,0.0,0.0,591.95,639.45,0,0.0,0,0,18-APR-2022,
OPTSTK,KOTAKBANK,26-May-2022,2420.0,PE,0.0,0.0,0.0,610.65,659.3,0,0.0,0,0,18-APR-2022,
OPTSTK,KOTAKBANK,26-May-2022,2440.0,PE,0.0,0.0,0.0,629.45,679.1,0,0.0,0,0,18-APR-2022,
OPTSTK,KOTAKBANK,26-May-2022,2460.0,PE,0.0,0.0,0.0,648.35,699.0,0,0.0,0,0,18-APR-2022,
OPTSTK,KOTAKBANK,26-May-2022,2480.0,PE,0.0,0.0,0.0,667.3,718.85,0,0.0,0,0,18-APR-2022,
OPTSTK,KOTAKBANK,26-May-2022,2500.0,PE,0.0,0.0,0.0,686.35,738.75,0,0.0,0,0,18-APR-2022,
OPTSTK,KOTAKBANK,26-May-2022,2520.0,PE,0.0,0.0,0.0,705.45,758.6,0,0.0,0,0,18-APR-2022,
OPTSTK,KOTAKBANK,30-Jun-2022,1340.0,CE,0.0,0.0,0.0,437.15,427.3,0,0.0,0,0,18-APR-2022,
OPTSTK,KOTAKBANK,30-Jun-2022,1360.0,CE,0.0,0.0,0.0,419.2,408.8,0,0.0,0,0,18-APR-2022,
OPTSTK,KOTAKBANK,30-Jun-2022,1380.0,CE,0.0,0.0,0.0,401.45,390.5,0,0.0,0,0,18-APR-2022,
OPTSTK,KOTAKBANK,30-Jun-2022,1400.0,CE,0.0,0.0,0.0,384.05,372.5,0,0.0,0,0,18-APR-2022,
OPTSTK,KOTAKBANK,30-Jun-2022,1420.0,CE,0.0,0.0,0.0,366.9,354.8,0,0.0,0,0,18-APR-2022,
OPTSTK,KOTAKBANK,30-Jun-2022,1440.0,CE,0.0,0.0,0.0,350.15,337.4,0,0.0,0,0,18-APR-2022,
OPTSTK,KOTAKBANK,30-Jun-2022,1460.0,CE,0.0,0.0,0.0,333.7,320.35,0,0.0,0,0,18-APR-2022,
OPTSTK,KOTAKBANK,30-Jun-2022,1480.0,CE,0.0,0.0,0.0,317.6,303.65,0,0.0,0,0,18-APR-2022,
OPTSTK,KOTAKBANK,30-Jun-2022,1500.0,CE,0.0,0.0,0.0,301.95,287.35,0,0.0,0,0,18-APR-2022,
OPTSTK,KOTAKBANK,30-Jun-2022,1520.0,CE,0.0,0.0,0.0,286.65,271.5,0,0.0,0,0,18-APR-2022,
OPTSTK,KOTAKBANK,30-Jun-2022,1540.0,CE,0.0,0.0,0.0,271.85,256.1,0,0.0,0,0,18-APR-2022,
OPTSTK,KOTAKBANK,30-Jun-2022,1560.0,CE,0.0,0.0,0.0,257.45,241.2,0,0.0,0,0,18-APR-2022,
OPTSTK,KOTAKBANK,30-Jun-2022,1580.0,CE,0.0,0.0,0.0,243.45,226.7,0,0.0,0,0,18-APR-2022,
OPTSTK,KOTAKBANK,30-Jun-2022,1600.0,CE,0.0,0.0,0.0,229.85,212.75,0,0.0,0,0,18-APR-2022,
OPTSTK,KOTAKBANK,30-Jun-2022,1620.0,CE,0.0,0.0,0.0,216.85,199.2,0,0.0,0,0,18-APR-2022,
OPTSTK,KOTAKBANK,30-Jun-2022,1640.0,CE,0.0,0.0,0.0,204.25,186.3,0,0.0,0,0,18-APR-2022,
OPTSTK,KOTAKBANK,30-Jun-2022,1660.0,CE,0.0,0.0,0.0,192.2,173.95,0,0.0,0,0,18-APR-2022,
OPTSTK,KOTAKBANK,30-Jun-2022,1680.0,CE,0.0,0.0,0.0,180.6,162.1,0,0.0,0,0,18-APR-2022,
OPTSTK,KOTAKBANK,30-Jun-2022,1700.0,CE,0.0,0.0,0.0,169.5,150.8,0,0.0,0,0,18-APR-2022,
OPTSTK,KOTAKBANK,30-Jun-2022,1720.0,CE,0.0,0.0,0.0,158.85,140.1,0,0.0,0,0,18-APR-2022,
OPTSTK,KOTAKBANK,30-Jun-2022,1740.0,CE,0.0,0.0,0.0,148.7,129.9,0,0.0,0,0,18-APR-2022,
OPTSTK,KOTAKBANK,30-Jun-2022,1760.0,CE,0.0,0.0,0.0,139.05,120.2,0,0.0,0,0,18-APR-2022,
OPTSTK,KOTAKBANK,30-Jun-2022,1780.0,CE,0.0,0.0,0.0,129.85,111.1,0,0.0,0,0,18-APR-2022,
OPTSTK,KOTAKBANK,30-Jun-2022,1800.0,CE,0.0,0.0,0.0,121.1,102.5,0,0.0,0,0,18-APR-2022,
OPTSTK,KOTAKBANK,30-Jun-2022,1820.0,CE,0.0,0.0,0.0,112.8,94.4,0,0.0,0,0,18-APR-2022,
OPTSTK,KOTAKBANK,30-Jun-2022,1840.0,CE,0.0,0.0,0.0,104.95,86.8,0,0.0,0,0,18-APR-2022,
OPTSTK,KOTAKBANK,30-Jun-2022,1860.0,CE,0.0,0.0,0.0,97.55,79.7,0,0.0,0,0,18-APR-2022,
OPTSTK,KOTAKBANK,30-Jun-2022,1880.0,CE,0.0,0.0,0.0,90.55,73.05,0,0.0,0,0,18-APR-2022,
OPTSTK,KOTAKBANK,30-Jun-2022,1900.0,CE,0.0,0.0,0.0,83.95,66.85,0,0.0,0,0,18-APR-2022,
OPTSTK,KOTAKBANK,30-Jun-2022,1920.0,CE,0.0,0.0,0.0,77.75,61.1,0,0.0,0,0,18-APR-2022,
OPTSTK,KOTAKBANK,30-Jun-2022,1940.0,CE,0.0,0.0,0.0,71.95,55.7,0,0.0,0,0,18-APR-2022,
OPTSTK,KOTAKBANK,30-Jun-2022,1960.0,CE,0.0,0.0,0.0,66.5,50.85,0,0.0,0,0,18-APR-2022,
OPTSTK,KOTAKBANK,30-Jun-2022,1980.0,CE,0.0,0.0,0.0,61.5,46.3,0,0.0,0,0,18-APR-2022,
OPTSTK,KOTAKBANK,30-Jun-2022,2000.0,CE,0.0,0.0,0.0,34.7,42.05,0,0.0,2400,0,18-APR-2022,
OPTSTK,KOTAKBANK,30-Jun-2022,2020.0,CE,0.0,0.0,0.0,52.3,38.1,0,0.0,0,0,18-APR-2022,
OPTSTK,KOTAKBANK,30-Jun-2022,2040.0,CE,0.0,0.0,0.0,48.15,34.5,0,0.0,0,0,18-APR-2022,
OPTSTK,KOTAKBANK,30-Jun-2022,2060.0,CE,0.0,0.0,0.0,44.2,31.2,0,0.0,0,0,18-APR-2022,
OPTSTK,KOTAKBANK,30-Jun-2022,2080.0,CE,0.0,0.0,0.0,40.6,28.2,0,0.0,0,0,18-APR-2022,
OPTSTK,KOTAKBANK,30-Jun-2022,2100.0,CE,0.0,0.0,0.0,37.3,25.45,0,0.0,0,0,18-APR-2022,
OPTSTK,KOTAKBANK,30-Jun-2022,2120.0,CE,0.0,0.0,0.0,34.2,22.95,0,0.0,0,0,18-APR-2022,
OPTSTK,KOTAKBANK,30-Jun-2022,2140.0,CE,0.0,0.0,0.0,31.3,20.65,0,0.0,0,0,18-APR-2022,
OPTSTK,KOTAKBANK,30-Jun-2022,2160.0,CE,0.0,0.0,0.0,28.65,18.55,0,0.0,0,0,18-APR-2022,
OPTSTK,KOTAKBANK,30-Jun-2022,2180.0,CE,0.0,0.0,0.0,26.2,16.65,0,0.0,0,0,18-APR-2022,
OPTSTK,KOTAKBANK,30-Jun-2022,2200.0,CE,0.0,0.0,0.0,23.95,14.9,0,0.0,0,0,18-APR-2022,
OPTSTK,KOTAKBANK,30-Jun-2022,2220.0,CE,0.0,0.0,0.0,21.85,13.35,0,0.0,0,0,18-APR-2022,
OPTSTK,KOTAKBANK,30-Jun-2022,2240.0,CE,0.0,0.0,0.0,19.95,11.95,0,0.0,0,0,18-APR-2022,
OPTSTK,KOTAKBANK,30-Jun-2022,2260.0,CE,0.0,0.0,0.0,18.2,10.65,0,0.0,0,0,18-APR-2022,
OPTSTK,KOTAKBANK,30-Jun-2022,2280.0,CE,0.0,0.0,0.0,16.55,9.55,0,0.0,0,0,18-APR-2022,
OPTSTK,KOTAKBANK,30-Jun-2022,2300.0,CE,0.0,0.0,0.0,15.05,8.5,0,0.0,0,0,18-APR-2022,
OPTSTK,KOTAKBANK,30-Jun-2022,2320.0,CE,0.0,0.0,0.0,13.7,7.55,0,0.0,0,0,18-APR-2022,
OPTSTK,KOTAKBANK,30-Jun-2022,2340.0,CE,0.0,0.0,0.0,12.45,6.75,0,0.0,0,0,18-APR-2022,
OPTSTK,KOTAKBANK,30-Jun-2022,2360.0,CE,0.0,0.0,0.0,11.3,6.0,0,0.0,0,0,18-APR-2022,
OPTSTK,KOTAKBANK,30-Jun-2022,2380.0,CE,0.0,0.0,0.0,10.25,5.3,0,0.0,0,0,18-APR-2022,
OPTSTK,KOTAKBANK,30-Jun-2022,2400.0,CE,0.0,0.0,0.0,9.3,4.7,0,0.0,0,0,18-APR-2022,
OPTSTK,KOTAKBANK,30-Jun-2022,2420.0,CE,0.0,0.0,0.0,8.45,4.15,0,0.0,0,0,18-APR-2022,
OPTSTK,KOTAKBANK,30-Jun-2022,2440.0,CE,0.0,0.0,0.0,7.65,3.7,0,0.0,0,0,18-APR-2022,
OPTSTK,KOTAKBANK,30-Jun-2022,2460.0,CE,0.0,0.0,0.0,6.9,3.25,0,0.0,0,0,18-APR-2022,
OPTSTK,KOTAKBANK,30-Jun-2022,2480.0,CE,0.0,0.0,0.0,6.25,2.9,0,0.0,0,0,18-APR-2022,
OPTSTK,KOTAKBANK,30-Jun-2022,1340.0,PE,0.0,0.0,0.0,9.2,5.55,0,0.0,0,0,18-APR-2022,
OPTSTK,KOTAKBANK,30-Jun-2022,1360.0,PE,0.0,0.0,0.0,11.05,6.9,0,0.0,0,0,18-APR-2022,
OPTSTK,KOTAKBANK,30-Jun-2022,1380.0,PE,0.0,0.0,0.0,13.1,8.45,0,0.0,0,0,18-APR-2022,
OPTSTK,KOTAKBANK,30-Jun-2022,1400.0,PE,0.0,0.0,0.0,15.45,10.25,0,0.0,0,0,18-APR-2022,
OPTSTK,KOTAKBANK,30-Jun-2022,1420.0,PE,0.0,0.0,0.0,18.15,12.35,0,0.0,0,0,18-APR-2022,
OPTSTK,KOTAKBANK,30-Jun-2022,1440.0,PE,0.0,0.0,0.0,21.15,14.8,0,0.0,0,0,18-APR-2022,
OPTSTK,KOTAKBANK,30-Jun-2022,1460.0,PE,0.0,0.0,0.0,24.5,17.55,0,0.0,0,0,18-APR-2022,
OPTSTK,KOTAKBANK,30-Jun-2022,1480.0,PE,0.0,0.0,0.0,28.2,20.7,0,0.0,0,0,18-APR-2022,
OPTSTK,KOTAKBANK,30-Jun-2022,1500.0,PE,0.0,0.0,0.0,32.3,24.25,0,0.0,0,0,18-APR-2022,
OPTSTK,KOTAKBANK,30-Jun-2022,1520.0,PE,0.0,0.0,0.0,36.85,28.25,0,0.0,0,0,18-APR-2022,
OPTSTK,KOTAKBANK,30-Jun-2022,1540.0,PE,0.0,0.0,0.0,41.8,32.65,0,0.0,0,0,18-APR-2022,
OPTSTK,KOTAKBANK,30-Jun-2022,1560.0,PE,0.0,0.0,0.0,47.2,37.6,0,0.0,0,0,18-APR-2022,
OPTSTK,KOTAKBANK,30-Jun-2022,1580.0,PE,0.0,0.0,0.0,53.0,42.95,0,0.0,0,0,18-APR-2022,
OPTSTK,KOTAKBANK,30-Jun-2022,1600.0,PE,30.75,30.75,30.0,30.0,48.8,2,13.04,1600,800,18-APR-2022,
OPTSTK,KOTAKBANK,30-Jun-2022,1620.0,PE,0.0,0.0,0.0,65.95,55.1,0,0.0,0,0,18-APR-2022,
OPTSTK,KOTAKBANK,30-Jun-2022,1640.0,PE,0.0,0.0,0.0,73.15,62.05,0,0.0,0,0,18-APR-2022,
OPTSTK,KOTAKBANK,30-Jun-2022,1660.0,PE,0.0,0.0,0.0,80.9,69.5,0,0.0,0,0,18-APR-2022,
OPTSTK,KOTAKBANK,30-Jun-2022,1680.0,PE,0.0,0.0,0.0,89.1,77.5,0,0.0,0,0,18-APR-2022,
OPTSTK,KOTAKBANK,30-Jun-2022,1700.0,PE,67.0,67.0,60.0,60.05,60.05,4,28.2,4400,0,18-APR-2022,
OPTSTK,KOTAKBANK,30-Jun-2022,1720.0,PE,0.0,0.0,0.0,106.9,95.1,0,0.0,0,0,18-APR-2022,
OPTSTK,KOTAKBANK,30-Jun-2022,1740.0,PE,0.0,0.0,0.0,116.55,104.75,0,0.0,0,0,18-APR-2022,
OPTSTK,KOTAKBANK,30-Jun-2022,1760.0,PE,0.0,0.0,0.0,126.7,114.95,0,0.0,0,0,18-APR-2022,
OPTSTK,KOTAKBANK,30-Jun-2022,1780.0,PE,0.0,0.0,0.0,137.25,125.65,0,0.0,0,0,18-APR-2022,
OPTSTK,KOTAKBANK,30-Jun-2022,1800.0,PE,0.0,0.0,0.0,148.3,136.85,0,0.0,0,0,18-APR-2022,
OPTSTK,KOTAKBANK,30-Jun-2022,1820.0,PE,0.0,0.0,0.0,159.8,148.6,0,0.0,0,0,18-APR-2022,
OPTSTK,KOTAKBANK,30-Jun-2022,1840.0,PE,0.0,0.0,0.0,171.75,160.85,0,0.0,0,0,18-APR-2022,
OPTSTK,KOTAKBANK,30-Jun-2022,1860.0,PE,0.0,0.0,0.0,184.15,173.55,0,0.0,0,0,18-APR-2022,
OPTSTK,KOTAKBANK,30-Jun-2022,1880.0,PE,0.0,0.0,0.0,196.95,186.75,0,0.0,0,0,18-APR-2022,
OPTSTK,KOTAKBANK,30-Jun-2022,1900.0,PE,0.0,0.0,0.0,210.15,200.35,0,0.0,0,0,18-APR-2022,
OPTSTK,KOTAKBANK,30-Jun-2022,1920.0,PE,0.0,0.0,0.0,223.75,214.4,0,0.0,0,0,18-APR-2022,
OPTSTK,KOTAKBANK,30-Jun-2022,1940.0,PE,0.0,0.0,0.0,237.7,228.9,0,0.0,0,0,18-APR-2022,
OPTSTK,KOTAKBANK,30-Jun-2022,1960.0,PE,0.0,0.0,0.0,252.05,243.85,0,0.0,0,0,18-APR-2022,
OPTSTK,KOTAKBANK,30-Jun-2022,1980.0,PE,0.0,0.0,0.0,266.8,259.1,0,0.0,0,0,18-APR-2022,
OPTSTK,KOTAKBANK,30-Jun-2022,2000.0,PE,0.0,0.0,0.0,281.85,274.75,0,0.0,0,0,18-APR-2022,
OPTSTK,KOTAKBANK,30-Jun-2022,2020.0,PE,0.0,0.0,0.0,297.2,290.6,0,0.0,0,0,18-APR-2022,
OPTSTK,KOTAKBANK,30-Jun-2022,2040.0,PE,0.0,0.0,0.0,312.85,306.85,0,0.0,0,0,18-APR-2022,
OPTSTK,KOTAKBANK,30-Jun-2022,2060.0,PE,0.0,0.0,0.0,328.7,323.4,0,0.0,0,0,18-APR-2022,
OPTSTK,KOTAKBANK,30-Jun-2022,2080.0,PE,0.0,0.0,0.0,344.9,340.2,0,0.0,0,0,18-APR-2022,
OPTSTK,KOTAKBANK,30-Jun-2022,2100.0,PE,0.0,0.0,0.0,361.35,357.25,0,0.0,0,0,18-APR-2022,
OPTSTK,KOTAKBANK,30-Jun-2022,2120.0,PE,0.0,0.0,0.0,378.05,374.6,0,0.0,0,0,18-APR-2022,
OPTSTK,KOTAKBANK,30-Jun-2022,2140.0,PE,0.0,0.0,0.0,394.95,392.1,0,0.0,0,0,18-APR-2022,
OPTSTK,KOTAKBANK,30-Jun-2022,2160.0,PE,0.0,0.0,0.0,412.1,409.85,0,0.0,0,0,18-APR-2022,
OPTSTK,KOTAKBANK,30-Jun-2022,2180.0,PE,0.0,0.0,0.0,429.45,427.8,0,0.0,0,0,18-APR-2022,
OPTSTK,KOTAKBANK,30-Jun-2022,2200.0,PE,0.0,0.0,0.0,446.95,445.9,0,0.0,0,0,18-APR-2022,
OPTSTK,KOTAKBANK,30-Jun-2022,2220.0,PE,0.0,0.0,0.0,464.7,464.15,0,0.0,0,0,18-APR-2022,
OPTSTK,KOTAKBANK,30-Jun-2022,2240.0,PE,0.0,0.0,0.0,482.55,482.6,0,0.0,0,0,18-APR-2022,
OPTSTK,KOTAKBANK,30-Jun-2022,2260.0,PE,0.0,0.0,0.0,500.55,501.15,0,0.0,0,0,18-APR-2022,
OPTSTK,KOTAKBANK,30-Jun-2022,2280.0,PE,0.0,0.0,0.0,518.75,519.85,0,0.0,0,0,18-APR-2022,
OPTSTK,KOTAKBANK,30-Jun-2022,2300.0,PE,0.0,0.0,0.0,537.05,538.6,0,0.0,0,0,18-APR-2022,
OPTSTK,KOTAKBANK,30-Jun-2022,2320.0,PE,0.0,0.0,0.0,555.45,557.5,0,0.0,0,0,18-APR-2022,
OPTSTK,KOTAKBANK,30-Jun-2022,2340.0,PE,0.0,0.0,0.0,574.0,576.5,0,0.0,0,0,18-APR-2022,
OPTSTK,KOTAKBANK,30-Jun-2022,2360.0,PE,0.0,0.0,0.0,592.65,595.6,0,0.0,0,0,18-APR-2022,
OPTSTK,KOTAKBANK,30-Jun-2022,2380.0,PE,0.0,0.0,0.0,611.4,614.75,0,0.0,0,0,18-APR-2022,
OPTSTK,KOTAKBANK,30-Jun-2022,2400.0,PE,0.0,0.0,0.0,630.2,634.0,0,0.0,0,0,18-APR-2022,
OPTSTK,KOTAKBANK,30-Jun-2022,2420.0,PE,0.0,0.0,0.0,649.15,653.3,0,0.0,0,0,18-APR-2022,
OPTSTK,KOTAKBANK,30-Jun-2022,2440.0,PE,0.0,0.0,0.0,668.1,672.65,0,0.0,0,0,18-APR-2022,
OPTSTK,KOTAKBANK,30-Jun-2022,2460.0,PE,0.0,0.0,0.0,687.2,692.05,0,0.0,0,0,18-APR-2022,
OPTSTK,KOTAKBANK,30-Jun-2022,2480.0,PE,0.0,0.0,0.0,706.3,711.5,0,0.0,0,0,18-APR-2022,
OPTSTK,L&TFH,28-Apr-2022,42.0,CE,0.0,0.0,0.0,30.95,40.1,0,0.0,0,0,18-APR-2022,
OPTSTK,L&TFH,28-Apr-2022,43.0,CE,0.0,0.0,0.0,30.0,39.1,0,0.0,0,0,18-APR-2022,
OPTSTK,L&TFH,28-Apr-2022,44.0,CE,0.0,0.0,0.0,29.05,38.1,0,0.0,0,0,18-APR-2022,
OPTSTK,L&TFH,28-Apr-2022,45.0,CE,0.0,0.0,0.0,28.1,37.1,0,0.0,0,0,18-APR-2022,
OPTSTK,L&TFH,28-Apr-2022,46.0,CE,0.0,0.0,0.0,27.15,36.1,0,0.0,0,0,18-APR-2022,
OPTSTK,L&TFH,28-Apr-2022,47.0,CE,0.0,0.0,0.0,26.2,35.1,0,0.0,0,0,18-APR-2022,
OPTSTK,L&TFH,28-Apr-2022,48.0,CE,0.0,0.0,0.0,25.25,34.1,0,0.0,0,0,18-APR-2022,
OPTSTK,L&TFH,28-Apr-2022,49.0,CE,0.0,0.0,0.0,24.3,33.15,0,0.0,0,0,18-APR-2022,
OPTSTK,L&TFH,28-Apr-2022,50.0,CE,0.0,0.0,0.0,23.4,32.15,0,0.0,0,0,18-APR-2022,
OPTSTK,L&TFH,28-Apr-2022,51.0,CE,0.0,0.0,0.0,22.5,31.15,0,0.0,0,0,18-APR-2022,
OPTSTK,L&TFH,28-Apr-2022,52.0,CE,0.0,0.0,0.0,21.6,30.15,0,0.0,0,0,18-APR-2022,
OPTSTK,L&TFH,28-Apr-2022,53.0,CE,0.0,0.0,0.0,20.75,29.15,0,0.0,0,0,18-APR-2022,
OPTSTK,L&TFH,28-Apr-2022,54.0,CE,0.0,0.0,0.0,19.85,28.15,0,0.0,0,0,18-APR-2022,
OPTSTK,L&TFH,28-Apr-2022,55.0,CE,0.0,0.0,0.0,19.05,27.15,0,0.0,0,0,18-APR-2022,
OPTSTK,L&TFH,28-Apr-2022,56.0,CE,0.0,0.0,0.0,18.2,26.15,0,0.0,0,0,18-APR-2022,
OPTSTK,L&TFH,28-Apr-2022,57.0,CE,0.0,0.0,0.0,17.4,25.15,0,0.0,0,0,18-APR-2022,
OPTSTK,L&TFH,28-Apr-2022,58.0,CE,0.0,0.0,0.0,16.6,24.15,0,0.0,0,0,18-APR-2022,
OPTSTK,L&TFH,28-Apr-2022,59.0,CE,0.0,0.0,0.0,15.85,23.15,0,0.0,0,0,18-APR-2022,
OPTSTK,L&TFH,28-Apr-2022,60.0,CE,0.0,0.0,0.0,15.1,22.15,0,0.0,0,0,18-APR-2022,
OPTSTK,L&TFH,28-Apr-2022,61.0,CE,0.0,0.0,0.0,14.35,21.15,0,0.0,0,0,18-APR-2022,
OPTSTK,L&TFH,28-Apr-2022,62.0,CE,0.0,0.0,0.0,13.65,20.15,0,0.0,0,0,18-APR-2022,
OPTSTK,L&TFH,28-Apr-2022,63.0,CE,0.0,0.0,0.0,12.95,19.15,0,0.0,0,0,18-APR-2022,
OPTSTK,L&TFH,28-Apr-2022,64.0,CE,0.0,0.0,0.0,12.3,18.15,0,0.0,0,0,18-APR-2022,
OPTSTK,L&TFH,28-Apr-2022,65.0,CE,0.0,0.0,0.0,23.6,17.15,0,0.0,89240,0,18-APR-2022,
OPTSTK,L&TFH,28-Apr-2022,66.0,CE,0.0,0.0,0.0,11.0,16.15,0,0.0,0,0,18-APR-2022,
OPTSTK,L&TFH,28-Apr-2022,67.0,CE,0.0,0.0,0.0,10.45,15.2,0,0.0,0,0,18-APR-2022,
OPTSTK,L&TFH,28-Apr-2022,68.0,CE,0.0,0.0,0.0,9.85,14.2,0,0.0,0,0,18-APR-2022,
OPTSTK,L&TFH,28-Apr-2022,69.0,CE,0.0,0.0,0.0,11.5,13.25,0,0.0,17848,0,18-APR-2022,
OPTSTK,L&TFH,28-Apr-2022,70.0,CE,13.8,13.8,13.8,13.8,12.25,1,7.47,214176,0,18-APR-2022,
OPTSTK,L&TFH,28-Apr-2022,71.0,CE,0.0,0.0,0.0,8.25,11.35,0,0.0,0,0,18-APR-2022,
OPTSTK,L&TFH,28-Apr-2022,72.0,CE,0.0,0.0,0.0,12.4,10.4,0,0.0,26772,0,18-APR-2022,
OPTSTK,L&TFH,28-Apr-2022,73.0,CE,0.0,0.0,0.0,10.55,9.5,0,0.0,17848,0,18-APR-2022,
OPTSTK,L&TFH,28-Apr-2022,74.0,CE,0.0,0.0,0.0,13.95,8.65,0,0.0,62468,0,18-APR-2022,
OPTSTK,L&TFH,28-Apr-2022,75.0,CE,0.0,0.0,0.0,11.0,7.8,0,0.0,1463536,0,18-APR-2022,
OPTSTK,L&TFH,28-Apr-2022,76.0,CE,0.0,0.0,0.0,7.4,7.0,0,0.0,8924,0,18-APR-2022,
OPTSTK,L&TFH,28-Apr-2022,77.0,CE,0.0,0.0,0.0,7.55,6.2,0,0.0,0,0,18-APR-2022,
OPTSTK,L&TFH,28-Apr-2022,78.0,CE,5.0,6.15,4.4,4.75,5.5,8,59.42,107088,0,18-APR-2022,
OPTSTK,L&TFH,28-Apr-2022,79.0,CE,0.0,0.0,0.0,7.5,4.85,0,0.0,35696,0,18-APR-2022,
OPTSTK,L&TFH,28-Apr-2022,80.0,CE,3.15,4.55,2.95,3.6,3.6,67,499.56,2231000,-26772,18-APR-2022,
OPTSTK,L&TFH,28-Apr-2022,81.0,CE,2.55,3.8,2.45,2.8,2.8,16,119.64,169556,71392,18-APR-2022,
OPTSTK,L&TFH,28-Apr-2022,82.0,CE,2.0,3.2,1.8,2.3,2.3,111,835.16,713920,44620,18-APR-2022,
OPTSTK,L&TFH,28-Apr-2022,83.0,CE,1.7,2.6,1.5,1.85,1.85,180,1366.29,588984,107088,18-APR-2022,
OPTSTK,L&TFH,28-Apr-2022,84.0,CE,0.95,2.1,0.95,1.6,1.6,99,756.89,508668,89240,18-APR-2022,
OPTSTK,L&TFH,28-Apr-2022,85.0,CE,0.9,1.7,0.9,1.25,1.25,710,5464.97,4765416,606832,18-APR-2022,
OPTSTK,L&TFH,28-Apr-2022,86.0,CE,0.85,1.4,0.75,1.0,1.0,80,621.15,794236,-62468,18-APR-2022,
OPTSTK,L&TFH,28-Apr-2022,87.0,CE,0.8,1.15,0.6,0.85,0.85,65,509.35,713920,-89240,18-APR-2022,
OPTSTK,L&TFH,28-Apr-2022,88.0,CE,0.55,0.9,0.55,0.75,0.75,48,379.82,526516,-62468,18-APR-2022,
OPTSTK,L&TFH,28-Apr-2022,89.0,CE,0.7,0.8,0.4,0.6,0.6,54,431.74,731768,-35696,18-APR-2022,
OPTSTK,L&TFH,28-Apr-2022,90.0,CE,0.4,0.75,0.35,0.55,0.55,643,5195.28,7701412,-89240,18-APR-2022,
OPTSTK,L&TFH,28-Apr-2022,91.0,CE,0.3,0.55,0.25,0.55,0.55,17,138.64,481896,-26772,18-APR-2022,
OPTSTK,L&TFH,28-Apr-2022,92.0,CE,0.3,0.55,0.3,0.5,0.45,13,107.2,687148,35696,18-APR-2022,
OPTSTK,L&TFH,28-Apr-2022,93.0,CE,0.35,0.35,0.35,0.35,0.35,10,83.3,160632,0,18-APR-2022,
OPTSTK,L&TFH,28-Apr-2022,94.0,CE,0.0,0.0,0.0,0.5,0.3,0,0.0,285568,0,18-APR-2022,
OPTSTK,L&TFH,28-Apr-2022,95.0,CE,0.25,0.35,0.2,0.3,0.3,181,1538.94,2944920,-107088,18-APR-2022,
OPTSTK,L&TFH,28-Apr-2022,96.0,CE,0.0,0.0,0.0,0.35,0.2,0,0.0,44620,0,18-APR-2022,
OPTSTK,L&TFH,28-Apr-2022,97.0,CE,0.25,0.25,0.25,0.25,0.25,2,17.35,80316,-17848,18-APR-2022,
OPTSTK,L&TFH,28-Apr-2022,98.0,CE,0.15,0.15,0.15,0.15,0.1,1,8.75,232024,0,18-APR-2022,
OPTSTK,L&TFH,28-Apr-2022,99.0,CE,0.1,0.25,0.1,0.25,0.1,4,35.4,80316,17848,18-APR-2022,
OPTSTK,L&TFH,28-Apr-2022,100.0,CE,0.15,0.25,0.1,0.2,0.2,266,2377.98,5898764,124936,18-APR-2022,
OPTSTK,L&TFH,28-Apr-2022,101.0,CE,0.0,0.0,0.0,0.2,0.05,0,0.0,62468,0,18-APR-2022,
OPTSTK,L&TFH,28-Apr-2022,102.0,CE,0.0,0.0,0.0,0.95,0.05,0,0.0,0,0,18-APR-2022,
OPTSTK,L&TFH,28-Apr-2022,103.0,CE,0.0,0.0,0.0,0.85,0.05,0,0.0,0,0,18-APR-2022,
OPTSTK,L&TFH,28-Apr-2022,104.0,CE,0.1,0.1,0.1,0.1,0.05,2,18.57,44620,-17848,18-APR-2022,
OPTSTK,L&TFH,28-Apr-2022,105.0,CE,0.05,0.1,0.05,0.1,0.1,24,225.01,2302392,17848,18-APR-2022,
OPTSTK,L&TFH,28-Apr-2022,106.0,CE,0.05,0.05,0.05,0.05,0.05,1,9.46,26772,0,18-APR-2022,
OPTSTK,L&TFH,28-Apr-2022,42.0,PE,0.0,0.0,0.0,0.05,0.0,0,0.0,62468,0,18-APR-2022,
OPTSTK,L&TFH,28-Apr-2022,43.0,PE,0.0,0.0,0.0,0.1,0.0,0,0.0,0,0,18-APR-2022,
OPTSTK,L&TFH,28-Apr-2022,44.0,PE,0.0,0.0,0.0,0.15,0.0,0,0.0,0,0,18-APR-2022,
OPTSTK,L&TFH,28-Apr-2022,45.0,PE,0.0,0.0,0.0,0.15,0.0,0,0.0,0,0,18-APR-2022,
OPTSTK,L&TFH,28-Apr-2022,46.0,PE,0.0,0.0,0.0,0.2,0.0,0,0.0,0,0,18-APR-2022,
OPTSTK,L&TFH,28-Apr-2022,47.0,PE,0.0,0.0,0.0,0.25,0.0,0,0.0,0,0,18-APR-2022,
OPTSTK,L&TFH,28-Apr-2022,48.0,PE,0.0,0.0,0.0,0.3,0.0,0,0.0,0,0,18-APR-2022,
OPTSTK,L&TFH,28-Apr-2022,49.0,PE,0.0,0.0,0.0,0.35,0.0,0,0.0,0,0,18-APR-2022,
OPTSTK,L&TFH,28-Apr-2022,50.0,PE,0.0,0.0,0.0,0.25,0.0,0,0.0,0,0,18-APR-2022,
OPTSTK,L&TFH,28-Apr-2022,51.0,PE,0.0,0.0,0.0,0.2,0.0,0,0.0,0,0,18-APR-2022,
OPTSTK,L&TFH,28-Apr-2022,52.0,PE,0.0,0.0,0.0,0.1,0.0,0,0.0,0,0,18-APR-2022,
OPTSTK,L&TFH,28-Apr-2022,53.0,PE,0.0,0.0,0.0,0.1,0.0,0,0.0,0,0,18-APR-2022,
OPTSTK,L&TFH,28-Apr-2022,54.0,PE,0.0,0.0,0.0,0.1,0.0,0,0.0,0,0,18-APR-2022,
OPTSTK,L&TFH,28-Apr-2022,55.0,PE,0.0,0.0,0.0,0.05,0.0,0,0.0,26772,0,18-APR-2022,
OPTSTK,L&TFH,28-Apr-2022,56.0,PE,0.0,0.0,0.0,0.1,0.0,0,0.0,71392,0,18-APR-2022,
OPTSTK,L&TFH,28-Apr-2022,57.0,PE,0.0,0.0,0.0,0.35,0.0,0,0.0,0,0,18-APR-2022,
OPTSTK,L&TFH,28-Apr-2022,58.0,PE,0.0,0.0,0.0,0.1,0.0,0,0.0,44620,0,18-APR-2022,
OPTSTK,L&TFH,28-Apr-2022,59.0,PE,0.0,0.0,0.0,0.35,0.0,0,0.0,0,0,18-APR-2022,
OPTSTK,L&TFH,28-Apr-2022,60.0,PE,0.1,0.1,0.05,0.05,0.0,3,16.08,606832,-8924,18-APR-2022,
OPTSTK,L&TFH,28-Apr-2022,61.0,PE,0.0,0.0,0.0,2.05,0.0,0,0.0,8924,0,18-APR-2022,
OPTSTK,L&TFH,28-Apr-2022,62.0,PE,0.0,0.0,0.0,2.55,0.0,0,0.0,0,0,18-APR-2022,
OPTSTK,L&TFH,28-Apr-2022,63.0,PE,0.0,0.0,0.0,2.85,0.0,0,0.0,0,0,18-APR-2022,
OPTSTK,L&TFH,28-Apr-2022,64.0,PE,0.0,0.0,0.0,3.15,0.05,0,0.0,0,0,18-APR-2022,
OPTSTK,L&TFH,28-Apr-2022,65.0,PE,0.1,0.1,0.1,0.1,0.05,6,34.85,2034672,-17848,18-APR-2022,
OPTSTK,L&TFH,28-Apr-2022,66.0,PE,0.0,0.0,0.0,0.25,0.05,0,0.0,62468,0,18-APR-2022,
OPTSTK,L&TFH,28-Apr-2022,67.0,PE,0.0,0.0,0.0,4.3,0.05,0,0.0,0,0,18-APR-2022,
OPTSTK,L&TFH,28-Apr-2022,68.0,PE,0.0,0.0,0.0,0.25,0.05,0,0.0,26772,0,18-APR-2022,
OPTSTK,L&TFH,28-Apr-2022,69.0,PE,0.15,0.15,0.15,0.15,0.1,1,6.17,17848,0,18-APR-2022,
OPTSTK,L&TFH,28-Apr-2022,70.0,PE,0.15,0.2,0.15,0.15,0.15,6,37.56,1222588,0,18-APR-2022,
OPTSTK,L&TFH,28-Apr-2022,71.0,PE,0.3,0.3,0.25,0.25,0.25,3,19.08,98164,-8924,18-APR-2022,
OPTSTK,L&TFH,28-Apr-2022,72.0,PE,0.25,0.25,0.25,0.25,0.25,1,6.44,196328,0,18-APR-2022,
OPTSTK,L&TFH,28-Apr-2022,73.0,PE,0.3,0.3,0.3,0.3,0.35,3,19.62,232024,-26772,18-APR-2022,
OPTSTK,L&TFH,28-Apr-2022,74.0,PE,0.0,0.0,0.0,0.35,0.5,0,0.0,116012,0,18-APR-2022,
OPTSTK,L&TFH,28-Apr-2022,75.0,PE,0.6,0.6,0.3,0.4,0.4,43,289.34,1758028,-26772,18-APR-2022,
OPTSTK,L&TFH,28-Apr-2022,76.0,PE,0.5,0.5,0.5,0.5,0.85,4,27.3,124936,-8924,18-APR-2022,
OPTSTK,L&TFH,28-Apr-2022,77.0,PE,0.65,0.65,0.5,0.6,0.6,14,96.93,267720,-8924,18-APR-2022,
OPTSTK,L&TFH,28-Apr-2022,78.0,PE,0.75,0.85,0.65,0.75,0.75,21,147.6,678224,-53544,18-APR-2022,
OPTSTK,L&TFH,28-Apr-2022,79.0,PE,0.9,1.1,0.7,0.95,1.7,41,292.34,294492,98164,18-APR-2022,
OPTSTK,L&TFH,28-Apr-2022,80.0,PE,1.45,1.8,0.85,1.2,1.2,244,1767.11,3605296,80316,18-APR-2022,
OPTSTK,L&TFH,28-Apr-2022,81.0,PE,1.9,1.9,1.1,1.45,1.45,78,574.7,258796,-187404,18-APR-2022,
OPTSTK,L&TFH,28-Apr-2022,82.0,PE,2.2,2.35,1.4,2.0,2.0,75,561.2,580060,0,18-APR-2022,
OPTSTK,L&TFH,28-Apr-2022,83.0,PE,2.95,2.95,1.8,2.55,2.55,49,373.12,437276,-8924,18-APR-2022,
OPTSTK,L&TFH,28-Apr-2022,84.0,PE,3.45,3.45,2.3,3.35,4.1,13,100.63,267720,8924,18-APR-2022,
OPTSTK,L&TFH,28-Apr-2022,85.0,PE,4.25,4.45,2.95,3.5,3.5,50,395.69,2293468,-151708,18-APR-2022,
OPTSTK,L&TFH,28-Apr-2022,86.0,PE,4.75,5.05,3.7,4.8,4.8,14,113.08,276644,0,18-APR-2022,
OPTSTK,L&TFH,28-Apr-2022,87.0,PE,6.0,6.0,4.6,5.25,6.15,9,74.17,240948,-8924,18-APR-2022,
OPTSTK,L&TFH,28-Apr-2022,88.0,PE,6.2,6.3,5.1,6.2,6.9,5,41.86,205252,0,18-APR-2022,
OPTSTK,L&TFH,28-Apr-2022,89.0,PE,7.55,7.55,7.55,7.55,7.7,1,8.61,98164,-8924,18-APR-2022,
OPTSTK,L&TFH,28-Apr-2022,90.0,PE,8.95,8.95,7.15,7.65,7.65,14,122.43,1106576,26772,18-APR-2022,
OPTSTK,L&TFH,28-Apr-2022,91.0,PE,0.0,0.0,0.0,8.7,9.4,0,0.0,26772,0,18-APR-2022,
OPTSTK,L&TFH,28-Apr-2022,92.0,PE,0.0,0.0,0.0,20.6,10.3,0,0.0,0,0,18-APR-2022,
OPTSTK,L&TFH,28-Apr-2022,93.0,PE,0.0,0.0,0.0,21.45,11.2,0,0.0,0,0,18-APR-2022,
OPTSTK,L&TFH,28-Apr-2022,94.0,PE,0.0,0.0,0.0,22.3,12.15,0,0.0,0,0,18-APR-2022,
OPTSTK,L&TFH,28-Apr-2022,95.0,PE,11.7,11.7,11.7,11.7,13.05,1,9.52,89240,-8924,18-APR-2022,
OPTSTK,L&TFH,28-Apr-2022,96.0,PE,0.0,0.0,0.0,24.05,14.0,0,0.0,0,0,18-APR-2022,
OPTSTK,L&TFH,28-Apr-2022,97.0,PE,0.0,0.0,0.0,24.9,15.0,0,0.0,0,0,18-APR-2022,
OPTSTK,L&TFH,28-Apr-2022,98.0,PE,0.0,0.0,0.0,25.8,15.95,0,0.0,0,0,18-APR-2022,
OPTSTK,L&TFH,28-Apr-2022,99.0,PE,0.0,0.0,0.0,26.7,16.95,0,0.0,0,0,18-APR-2022,
OPTSTK,L&TFH,28-Apr-2022,100.0,PE,18.0,18.0,18.0,18.0,18.0,1,10.53,847780,-8924,18-APR-2022,
OPTSTK,L&TFH,28-Apr-2022,101.0,PE,0.0,0.0,0.0,28.5,18.9,0,0.0,0,0,18-APR-2022,
OPTSTK,L&TFH,28-Apr-2022,102.0,PE,0.0,0.0,0.0,29.45,19.9,0,0.0,0,0,18-APR-2022,
OPTSTK,L&TFH,28-Apr-2022,103.0,PE,0.0,0.0,0.0,30.35,20.85,0,0.0,0,0,18-APR-2022,
OPTSTK,L&TFH,28-Apr-2022,104.0,PE,0.0,0.0,0.0,31.25,21.85,0,0.0,0,0,18-APR-2022,
OPTSTK,L&TFH,28-Apr-2022,105.0,PE,0.0,0.0,0.0,32.2,22.85,0,0.0,0,0,18-APR-2022,
OPTSTK,L&TFH,28-Apr-2022,106.0,PE,0.0,0.0,0.0,33.15,23.85,0,0.0,0,0,18-APR-2022,
OPTSTK,L&TFH,26-May-2022,42.0,CE,0.0,0.0,0.0,21.0,40.25,0,0.0,0,0,18-APR-2022,
OPTSTK,L&TFH,26-May-2022,43.0,CE,0.0,0.0,0.0,20.1,39.25,0,0.0,0,0,18-APR-2022,
OPTSTK,L&TFH,26-May-2022,44.0,CE,0.0,0.0,0.0,19.2,38.25,0,0.0,0,0,18-APR-2022,
OPTSTK,L&TFH,26-May-2022,45.0,CE,0.0,0.0,0.0,18.3,37.25,0,0.0,0,0,18-APR-2022,
OPTSTK,L&TFH,26-May-2022,46.0,CE,0.0,0.0,0.0,17.4,36.25,0,0.0,0,0,18-APR-2022,
OPTSTK,L&TFH,26-May-2022,47.0,CE,0.0,0.0,0.0,16.55,35.3,0,0.0,0,0,18-APR-2022,
OPTSTK,L&TFH,26-May-2022,48.0,CE,0.0,0.0,0.0,15.7,34.3,0,0.0,0,0,18-APR-2022,
OPTSTK,L&TFH,26-May-2022,49.0,CE,0.0,0.0,0.0,14.9,33.3,0,0.0,0,0,18-APR-2022,
OPTSTK,L&TFH,26-May-2022,50.0,CE,0.0,0.0,0.0,14.1,32.3,0,0.0,0,0,18-APR-2022,
OPTSTK,L&TFH,26-May-2022,51.0,CE,0.0,0.0,0.0,13.35,31.3,0,0.0,0,0,18-APR-2022,
OPTSTK,L&TFH,26-May-2022,52.0,CE,0.0,0.0,0.0,12.6,30.3,0,0.0,0,0,18-APR-2022,
OPTSTK,L&TFH,26-May-2022,53.0,CE,0.0,0.0,0.0,11.85,29.35,0,0.0,0,0,18-APR-2022,
OPTSTK,L&TFH,26-May-2022,54.0,CE,0.0,0.0,0.0,11.15,28.35,0,0.0,0,0,18-APR-2022,
OPTSTK,L&TFH,26-May-2022,55.0,CE,0.0,0.0,0.0,10.5,27.35,0,0.0,0,0,18-APR-2022,
OPTSTK,L&TFH,26-May-2022,56.0,CE,0.0,0.0,0.0,9.85,26.4,0,0.0,0,0,18-APR-2022,
OPTSTK,L&TFH,26-May-2022,57.0,CE,0.0,0.0,0.0,9.2,25.4,0,0.0,0,0,18-APR-2022,
OPTSTK,L&TFH,26-May-2022,58.0,CE,0.0,0.0,0.0,8.6,24.45,0,0.0,0,0,18-APR-2022,
OPTSTK,L&TFH,26-May-2022,59.0,CE,0.0,0.0,0.0,8.05,23.5,0,0.0,0,0,18-APR-2022,
OPTSTK,L&TFH,26-May-2022,60.0,CE,0.0,0.0,0.0,7.5,22.55,0,0.0,0,0,18-APR-2022,
OPTSTK,L&TFH,26-May-2022,61.0,CE,0.0,0.0,0.0,7.0,21.6,0,0.0,0,0,18-APR-2022,
OPTSTK,L&TFH,26-May-2022,62.0,CE,0.0,0.0,0.0,6.5,20.65,0,0.0,0,0,18-APR-2022,
OPTSTK,L&TFH,26-May-2022,63.0,CE,0.0,0.0,0.0,6.05,19.75,0,0.0,0,0,18-APR-2022,
OPTSTK,L&TFH,26-May-2022,64.0,CE,0.0,0.0,0.0,5.65,18.85,0,0.0,0,0,18-APR-2022,
OPTSTK,L&TFH,26-May-2022,65.0,CE,0.0,0.0,0.0,5.2,17.95,0,0.0,0,0,18-APR-2022,
OPTSTK,L&TFH,26-May-2022,66.0,CE,0.0,0.0,0.0,4.85,17.05,0,0.0,0,0,18-APR-2022,
OPTSTK,L&TFH,26-May-2022,67.0,CE,0.0,0.0,0.0,4.45,16.2,0,0.0,0,0,18-APR-2022,
OPTSTK,L&TFH,26-May-2022,68.0,CE,0.0,0.0,0.0,4.15,15.35,0,0.0,0,0,18-APR-2022,
OPTSTK,L&TFH,26-May-2022,69.0,CE,0.0,0.0,0.0,3.8,14.55,0,0.0,0,0,18-APR-2022,
OPTSTK,L&TFH,26-May-2022,70.0,CE,0.0,0.0,0.0,3.5,13.75,0,0.0,0,0,18-APR-2022,
OPTSTK,L&TFH,26-May-2022,71.0,CE,0.0,0.0,0.0,3.25,12.95,0,0.0,0,0,18-APR-2022,
OPTSTK,L&TFH,26-May-2022,72.0,CE,0.0,0.0,0.0,3.0,12.2,0,0.0,0,0,18-APR-2022,
OPTSTK,L&TFH,26-May-2022,73.0,CE,0.0,0.0,0.0,2.75,11.5,0,0.0,0,0,18-APR-2022,
OPTSTK,L&TFH,26-May-2022,74.0,CE,0.0,0.0,0.0,2.55,10.8,0,0.0,0,0,18-APR-2022,
OPTSTK,L&TFH,26-May-2022,75.0,CE,0.0,0.0,0.0,2.35,10.1,0,0.0,0,0,18-APR-2022,
OPTSTK,L&TFH,26-May-2022,76.0,CE,0.0,0.0,0.0,2.15,9.45,0,0.0,0,0,18-APR-2022,
OPTSTK,L&TFH,26-May-2022,77.0,CE,0.0,0.0,0.0,1.95,8.85,0,0.0,0,0,18-APR-2022,
OPTSTK,L&TFH,26-May-2022,78.0,CE,0.0,0.0,0.0,1.8,8.25,0,0.0,0,0,18-APR-2022,
OPTSTK,L&TFH,26-May-2022,79.0,CE,0.0,0.0,0.0,1.65,7.65,0,0.0,0,0,18-APR-2022,
OPTSTK,L&TFH,26-May-2022,80.0,CE,0.0,0.0,0.0,1.5,7.15,0,0.0,0,0,18-APR-2022,
OPTSTK,L&TFH,26-May-2022,81.0,CE,0.0,0.0,0.0,1.35,6.6,0,0.0,0,0,18-APR-2022,
OPTSTK,L&TFH,26-May-2022,82.0,CE,0.0,0.0,0.0,1.25,6.15,0,0.0,0,0,18-APR-2022,
OPTSTK,L&TFH,26-May-2022,83.0,CE,0.0,0.0,0.0,1.15,5.65,0,0.0,0,0,18-APR-2022,
OPTSTK,L&TFH,26-May-2022,84.0,CE,0.0,0.0,0.0,1.05,5.25,0,0.0,0,0,18-APR-2022,
OPTSTK,L&TFH,26-May-2022,85.0,CE,2.65,4.0,2.65,3.7,3.7,18,142.4,133860,89240,18-APR-2022,
OPTSTK,L&TFH,26-May-2022,86.0,CE,0.0,0.0,0.0,0.85,4.45,0,0.0,0,0,18-APR-2022,
OPTSTK,L&TFH,26-May-2022,87.0,CE,0.0,0.0,0.0,0.8,4.1,0,0.0,0,0,18-APR-2022,
OPTSTK,L&TFH,26-May-2022,88.0,CE,0.0,0.0,0.0,0.7,3.75,0,0.0,0,0,18-APR-2022,
OPTSTK,L&TFH,26-May-2022,89.0,CE,0.0,0.0,0.0,0.65,3.45,0,0.0,0,0,18-APR-2022,
OPTSTK,L&TFH,26-May-2022,90.0,CE,1.65,2.6,1.65,2.1,2.1,41,337.3,562212,205252,18-APR-2022,
OPTSTK,L&TFH,26-May-2022,91.0,CE,0.0,0.0,0.0,0.55,2.9,0,0.0,0,0,18-APR-2022,
OPTSTK,L&TFH,26-May-2022,92.0,CE,0.0,0.0,0.0,0.5,2.65,0,0.0,0,0,18-APR-2022,
OPTSTK,L&TFH,26-May-2022,93.0,CE,0.0,0.0,0.0,0.45,2.4,0,0.0,0,0,18-APR-2022,
OPTSTK,L&TFH,26-May-2022,94.0,CE,0.0,0.0,0.0,0.4,2.2,0,0.0,0,0,18-APR-2022,
OPTSTK,L&TFH,26-May-2022,95.0,CE,0.0,0.0,0.0,0.4,2.0,0,0.0,0,0,18-APR-2022,
OPTSTK,L&TFH,26-May-2022,96.0,CE,0.0,0.0,0.0,0.35,1.8,0,0.0,0,0,18-APR-2022,
OPTSTK,L&TFH,26-May-2022,97.0,CE,0.0,0.0,0.0,0.6,1.65,0,0.0,0,0,18-APR-2022,
OPTSTK,L&TFH,26-May-2022,98.0,CE,0.0,0.0,0.0,0.55,1.5,0,0.0,0,0,18-APR-2022,
OPTSTK,L&TFH,26-May-2022,99.0,CE,0.0,0.0,0.0,0.5,1.35,0,0.0,0,0,18-APR-2022,
OPTSTK,L&TFH,26-May-2022,100.0,CE,0.8,0.95,0.65,0.65,1.2,5,44.97,35696,35696,18-APR-2022,
OPTSTK,L&TFH,26-May-2022,101.0,CE,0.0,0.0,0.0,0.35,1.1,0,0.0,0,0,18-APR-2022,
OPTSTK,L&TFH,26-May-2022,102.0,CE,0.0,0.0,0.0,0.5,1.0,0,0.0,0,0,18-APR-2022,
OPTSTK,L&TFH,26-May-2022,103.0,CE,0.0,0.0,0.0,0.45,0.9,0,0.0,0,0,18-APR-2022,
OPTSTK,L&TFH,26-May-2022,104.0,CE,0.0,0.0,0.0,0.4,0.8,0,0.0,0,0,18-APR-2022,
OPTSTK,L&TFH,26-May-2022,42.0,PE,0.0,0.0,0.0,0.25,0.0,0,0.0,0,0,18-APR-2022,
OPTSTK,L&TFH,26-May-2022,43.0,PE,0.0,0.0,0.0,0.35,0.0,0,0.0,0,0,18-APR-2022,
OPTSTK,L&TFH,26-May-2022,44.0,PE,0.0,0.0,0.0,0.4,0.0,0,0.0,0,0,18-APR-2022,
OPTSTK,L&TFH,26-May-2022,45.0,PE,0.0,0.0,0.0,0.5,0.0,0,0.0,0,0,18-APR-2022,
OPTSTK,L&TFH,26-May-2022,46.0,PE,0.0,0.0,0.0,0.65,0.0,0,0.0,0,0,18-APR-2022,
OPTSTK,L&TFH,26-May-2022,47.0,PE,0.0,0.0,0.0,0.75,0.0,0,0.0,0,0,18-APR-2022,
OPTSTK,L&TFH,26-May-2022,48.0,PE,0.0,0.0,0.0,0.9,0.0,0,0.0,0,0,18-APR-2022,
OPTSTK,L&TFH,26-May-2022,49.0,PE,0.0,0.0,0.0,1.1,0.05,0,0.0,0,0,18-APR-2022,
OPTSTK,L&TFH,26-May-2022,50.0,PE,0.0,0.0,0.0,1.0,0.05,0,0.0,8924,0,18-APR-2022,
OPTSTK,L&TFH,26-May-2022,51.0,PE,0.0,0.0,0.0,1.5,0.05,0,0.0,0,0,18-APR-2022,
OPTSTK,L&TFH,26-May-2022,52.0,PE,0.0,0.0,0.0,1.75,0.05,0,0.0,0,0,18-APR-2022,
OPTSTK,L&TFH,26-May-2022,53.0,PE,0.0,0.0,0.0,2.0,0.05,0,0.0,0,0,18-APR-2022,
OPTSTK,L&TFH,26-May-2022,54.0,PE,0.0,0.0,0.0,2.3,0.05,0,0.0,0,0,18-APR-2022,
OPTSTK,L&TFH,26-May-2022,55.0,PE,0.0,0.0,0.0,2.6,0.05,0,0.0,0,0,18-APR-2022,
OPTSTK,L&TFH,26-May-2022,56.0,PE,0.0,0.0,0.0,2.95,0.1,0,0.0,0,0,18-APR-2022,
OPTSTK,L&TFH,26-May-2022,57.0,PE,0.0,0.0,0.0,3.3,0.1,0,0.0,0,0,18-APR-2022,
OPTSTK,L&TFH,26-May-2022,58.0,PE,0.0,0.0,0.0,3.7,0.15,0,0.0,0,0,18-APR-2022,
OPTSTK,L&TFH,26-May-2022,59.0,PE,0.0,0.0,0.0,4.15,0.2,0,0.0,0,0,18-APR-2022,
OPTSTK,L&TFH,26-May-2022,60.0,PE,0.0,0.0,0.0,0.2,0.2,0,0.0,0,0,18-APR-2022,
OPTSTK,L&TFH,26-May-2022,61.0,PE,0.0,0.0,0.0,5.05,0.3,0,0.0,0,0,18-APR-2022,
OPTSTK,L&TFH,26-May-2022,62.0,PE,0.0,0.0,0.0,0.9,0.35,0,0.0,8924,0,18-APR-2022,
OPTSTK,L&TFH,26-May-2022,63.0,PE,0.0,0.0,0.0,3.75,0.4,0,0.0,0,0,18-APR-2022,
OPTSTK,L&TFH,26-May-2022,64.0,PE,0.0,0.0,0.0,0.15,0.5,0,0.0,0,0,18-APR-2022,
OPTSTK,L&TFH,26-May-2022,65.0,PE,0.0,0.0,0.0,0.4,0.6,0,0.0,0,0,18-APR-2022,
OPTSTK,L&TFH,26-May-2022,66.0,PE,0.7,0.7,0.1,0.1,0.75,2,11.85,8924,8924,18-APR-2022,
OPTSTK,L&TFH,26-May-2022,67.0,PE,0.0,0.0,0.0,0.6,0.85,0,0.0,8924,0,18-APR-2022,
OPTSTK,L&TFH,26-May-2022,68.0,PE,0.75,0.75,0.1,0.25,1.0,4,24.42,8924,8924,18-APR-2022,
OPTSTK,L&TFH,26-May-2022,69.0,PE,0.35,0.7,0.25,0.25,1.2,3,18.58,26772,0,18-APR-2022,
OPTSTK,L&TFH,26-May-2022,70.0,PE,0.0,0.0,0.0,0.8,1.4,0,0.0,44620,0,18-APR-2022,
OPTSTK,L&TFH,26-May-2022,71.0,PE,0.0,0.0,0.0,11.2,1.6,0,0.0,0,0,18-APR-2022,
OPTSTK,L&TFH,26-May-2022,72.0,PE,0.0,0.0,0.0,11.95,1.85,0,0.0,0,0,18-APR-2022,
OPTSTK,L&TFH,26-May-2022,73.0,PE,0.0,0.0,0.0,12.7,2.1,0,0.0,0,0,18-APR-2022,
OPTSTK,L&TFH,26-May-2022,74.0,PE,0.0,0.0,0.0,13.45,2.4,0,0.0,0,0,18-APR-2022,
OPTSTK,L&TFH,26-May-2022,75.0,PE,0.0,0.0,0.0,2.2,2.75,0,0.0,17848,0,18-APR-2022,
OPTSTK,L&TFH,26-May-2022,76.0,PE,0.0,0.0,0.0,15.05,3.05,0,0.0,0,0,18-APR-2022,
OPTSTK,L&TFH,26-May-2022,77.0,PE,0.0,0.0,0.0,15.85,3.45,0,0.0,0,0,18-APR-2022,
OPTSTK,L&TFH,26-May-2022,78.0,PE,0.0,0.0,0.0,16.7,3.85,0,0.0,0,0,18-APR-2022,
OPTSTK,L&TFH,26-May-2022,79.0,PE,0.0,0.0,0.0,17.5,4.25,0,0.0,0,0,18-APR-2022,
OPTSTK,L&TFH,26-May-2022,80.0,PE,3.1,3.1,3.1,3.1,4.75,1,7.41,321264,8924,18-APR-2022,
OPTSTK,L&TFH,26-May-2022,81.0,PE,0.0,0.0,0.0,19.25,5.2,0,0.0,0,0,18-APR-2022,
OPTSTK,L&TFH,26-May-2022,82.0,PE,0.0,0.0,0.0,20.1,5.7,0,0.0,0,0,18-APR-2022,
OPTSTK,L&TFH,26-May-2022,83.0,PE,0.0,0.0,0.0,21.0,6.25,0,0.0,0,0,18-APR-2022,
OPTSTK,L&TFH,26-May-2022,84.0,PE,0.0,0.0,0.0,21.85,6.8,0,0.0,0,0,18-APR-2022,
OPTSTK,L&TFH,26-May-2022,85.0,PE,5.8,5.8,4.95,5.65,7.4,10,80.59,116012,80316,18-APR-2022,
OPTSTK,L&TFH,26-May-2022,86.0,PE,0.0,0.0,0.0,23.65,8.0,0,0.0,0,0,18-APR-2022,
OPTSTK,L&TFH,26-May-2022,87.0,PE,0.0,0.0,0.0,24.6,8.65,0,0.0,0,0,18-APR-2022,
OPTSTK,L&TFH,26-May-2022,88.0,PE,0.0,0.0,0.0,25.5,9.3,0,0.0,0,0,18-APR-2022,
OPTSTK,L&TFH,26-May-2022,89.0,PE,0.0,0.0,0.0,26.45,10.0,0,0.0,0,0,18-APR-2022,
OPTSTK,L&TFH,26-May-2022,90.0,PE,0.0,0.0,0.0,8.0,10.7,0,0.0,17848,0,18-APR-2022,
OPTSTK,L&TFH,26-May-2022,91.0,PE,0.0,0.0,0.0,28.3,11.45,0,0.0,0,0,18-APR-2022,
OPTSTK,L&TFH,26-May-2022,92.0,PE,0.0,0.0,0.0,29.25,12.2,0,0.0,0,0,18-APR-2022,
OPTSTK,L&TFH,26-May-2022,93.0,PE,0.0,0.0,0.0,30.2,12.95,0,0.0,0,0,18-APR-2022,
OPTSTK,L&TFH,26-May-2022,94.0,PE,0.0,0.0,0.0,31.15,13.7,0,0.0,0,0,18-APR-2022,
OPTSTK,L&TFH,26-May-2022,95.0,PE,0.0,0.0,0.0,32.1,14.5,0,0.0,0,0,18-APR-2022,
OPTSTK,L&TFH,26-May-2022,96.0,PE,0.0,0.0,0.0,33.05,15.35,0,0.0,0,0,18-APR-2022,
OPTSTK,L&TFH,26-May-2022,97.0,PE,0.0,0.0,0.0,30.9,16.15,0,0.0,0,0,18-APR-2022,
OPTSTK,L&TFH,26-May-2022,98.0,PE,0.0,0.0,0.0,31.85,17.0,0,0.0,0,0,18-APR-2022,
OPTSTK,L&TFH,26-May-2022,99.0,PE,0.0,0.0,0.0,32.8,17.85,0,0.0,0,0,18-APR-2022,
OPTSTK,L&TFH,26-May-2022,100.0,PE,0.0,0.0,0.0,33.75,18.7,0,0.0,0,0,18-APR-2022,
OPTSTK,L&TFH,26-May-2022,101.0,PE,0.0,0.0,0.0,33.6,19.6,0,0.0,0,0,18-APR-2022,
OPTSTK,L&TFH,26-May-2022,102.0,PE,0.0,0.0,0.0,30.35,20.5,0,0.0,0,0,18-APR-2022,
OPTSTK,L&TFH,26-May-2022,103.0,PE,0.0,0.0,0.0,31.3,21.4,0,0.0,0,0,18-APR-2022,
OPTSTK,L&TFH,26-May-2022,104.0,PE,0.0,0.0,0.0,32.25,22.3,0,0.0,0,0,18-APR-2022,
OPTSTK,L&TFH,30-Jun-2022,55.0,CE,0.0,0.0,0.0,26.95,27.9,0,0.0,0,0,18-APR-2022,
OPTSTK,L&TFH,30-Jun-2022,56.0,CE,0.0,0.0,0.0,26.05,27.0,0,0.0,0,0,18-APR-2022,
OPTSTK,L&TFH,30-Jun-2022,57.0,CE,0.0,0.0,0.0,25.2,26.05,0,0.0,0,0,18-APR-2022,
OPTSTK,L&TFH,30-Jun-2022,58.0,CE,0.0,0.0,0.0,24.35,25.15,0,0.0,0,0,18-APR-2022,
OPTSTK,L&TFH,30-Jun-2022,59.0,CE,0.0,0.0,0.0,23.5,24.3,0,0.0,0,0,18-APR-2022,
OPTSTK,L&TFH,30-Jun-2022,60.0,CE,0.0,0.0,0.0,22.7,23.4,0,0.0,0,0,18-APR-2022,
OPTSTK,L&TFH,30-Jun-2022,61.0,CE,0.0,0.0,0.0,21.9,22.55,0,0.0,0,0,18-APR-2022,
OPTSTK,L&TFH,30-Jun-2022,62.0,CE,0.0,0.0,0.0,21.1,21.7,0,0.0,0,0,18-APR-2022,
OPTSTK,L&TFH,30-Jun-2022,63.0,CE,0.0,0.0,0.0,20.3,20.85,0,0.0,0,0,18-APR-2022,
OPTSTK,L&TFH,30-Jun-2022,64.0,CE,0.0,0.0,0.0,19.55,20.05,0,0.0,0,0,18-APR-2022,
OPTSTK,L&TFH,30-Jun-2022,65.0,CE,0.0,0.0,0.0,18.8,19.25,0,0.0,0,0,18-APR-2022,
OPTSTK,L&TFH,30-Jun-2022,66.0,CE,0.0,0.0,0.0,18.1,18.45,0,0.0,0,0,18-APR-2022,
OPTSTK,L&TFH,30-Jun-2022,67.0,CE,0.0,0.0,0.0,17.4,17.7,0,0.0,0,0,18-APR-2022,
OPTSTK,L&TFH,30-Jun-2022,68.0,CE,0.0,0.0,0.0,16.7,16.95,0,0.0,0,0,18-APR-2022,
OPTSTK,L&TFH,30-Jun-2022,69.0,CE,0.0,0.0,0.0,16.0,16.25,0,0.0,0,0,18-APR-2022,
OPTSTK,L&TFH,30-Jun-2022,70.0,CE,0.0,0.0,0.0,15.35,15.5,0,0.0,0,0,18-APR-2022,
OPTSTK,L&TFH,30-Jun-2022,71.0,CE,0.0,0.0,0.0,14.7,14.8,0,0.0,0,0,18-APR-2022,
OPTSTK,L&TFH,30-Jun-2022,72.0,CE,0.0,0.0,0.0,14.1,14.15,0,0.0,0,0,18-APR-2022,
OPTSTK,L&TFH,30-Jun-2022,73.0,CE,0.0,0.0,0.0,13.5,13.5,0,0.0,0,0,18-APR-2022,
OPTSTK,L&TFH,30-Jun-2022,74.0,CE,0.0,0.0,0.0,12.95,12.85,0,0.0,0,0,18-APR-2022,
OPTSTK,L&TFH,30-Jun-2022,75.0,CE,0.0,0.0,0.0,12.35,12.25,0,0.0,0,0,18-APR-2022,
OPTSTK,L&TFH,30-Jun-2022,76.0,CE,0.0,0.0,0.0,11.85,11.65,0,0.0,0,0,18-APR-2022,
OPTSTK,L&TFH,30-Jun-2022,77.0,CE,0.0,0.0,0.0,11.3,11.1,0,0.0,0,0,18-APR-2022,
OPTSTK,L&TFH,30-Jun-2022,78.0,CE,0.0,0.0,0.0,10.8,10.55,0,0.0,0,0,18-APR-2022,
OPTSTK,L&TFH,30-Jun-2022,79.0,CE,0.0,0.0,0.0,10.3,10.0,0,0.0,0,0,18-APR-2022,
OPTSTK,L&TFH,30-Jun-2022,80.0,CE,0.0,0.0,0.0,9.85,9.5,0,0.0,0,0,18-APR-2022,
OPTSTK,L&TFH,30-Jun-2022,81.0,CE,0.0,0.0,0.0,9.4,9.0,0,0.0,0,0,18-APR-2022,
OPTSTK,L&TFH,30-Jun-2022,82.0,CE,0.0,0.0,0.0,8.95,8.55,0,0.0,0,0,18-APR-2022,
OPTSTK,L&TFH,30-Jun-2022,83.0,CE,0.0,0.0,0.0,8.5,8.1,0,0.0,0,0,18-APR-2022,
OPTSTK,L&TFH,30-Jun-2022,84.0,CE,0.0,0.0,0.0,8.1,7.65,0,0.0,0,0,18-APR-2022,
OPTSTK,L&TFH,30-Jun-2022,85.0,CE,0.0,0.0,0.0,7.7,7.25,0,0.0,0,0,18-APR-2022,
OPTSTK,L&TFH,30-Jun-2022,86.0,CE,0.0,0.0,0.0,7.35,6.85,0,0.0,0,0,18-APR-2022,
OPTSTK,L&TFH,30-Jun-2022,87.0,CE,0.0,0.0,0.0,7.0,6.5,0,0.0,0,0,18-APR-2022,
OPTSTK,L&TFH,30-Jun-2022,88.0,CE,0.0,0.0,0.0,6.65,6.1,0,0.0,0,0,18-APR-2022,
OPTSTK,L&TFH,30-Jun-2022,89.0,CE,0.0,0.0,0.0,6.3,5.75,0,0.0,0,0,18-APR-2022,
OPTSTK,L&TFH,30-Jun-2022,90.0,CE,0.0,0.0,0.0,6.0,5.45,0,0.0,0,0,18-APR-2022,
OPTSTK,L&TFH,30-Jun-2022,91.0,CE,0.0,0.0,0.0,5.7,5.15,0,0.0,0,0,18-APR-2022,
OPTSTK,L&TFH,30-Jun-2022,92.0,CE,0.0,0.0,0.0,5.4,4.85,0,0.0,0,0,18-APR-2022,
OPTSTK,L&TFH,30-Jun-2022,93.0,CE,0.0,0.0,0.0,5.15,4.55,0,0.0,0,0,18-APR-2022,
OPTSTK,L&TFH,30-Jun-2022,94.0,CE,0.0,0.0,0.0,4.9,4.3,0,0.0,0,0,18-APR-2022,
OPTSTK,L&TFH,30-Jun-2022,95.0,CE,0.0,0.0,0.0,4.65,4.05,0,0.0,0,0,18-APR-2022,
OPTSTK,L&TFH,30-Jun-2022,96.0,CE,0.0,0.0,0.0,4.5,3.8,0,0.0,0,0,18-APR-2022,
OPTSTK,L&TFH,30-Jun-2022,97.0,CE,0.0,0.0,0.0,4.15,3.55,0,0.0,0,0,18-APR-2022,
OPTSTK,L&TFH,30-Jun-2022,98.0,CE,0.0,0.0,0.0,3.95,3.35,0,0.0,0,0,18-APR-2022,
OPTSTK,L&TFH,30-Jun-2022,99.0,CE,0.0,0.0,0.0,3.75,3.15,0,0.0,0,0,18-APR-2022,
OPTSTK,L&TFH,30-Jun-2022,100.0,CE,0.0,0.0,0.0,4.8,2.95,0,0.0,17848,0,18-APR-2022,
OPTSTK,L&TFH,30-Jun-2022,101.0,CE,0.0,0.0,0.0,3.35,2.75,0,0.0,0,0,18-APR-2022,
OPTSTK,L&TFH,30-Jun-2022,102.0,CE,0.0,0.0,0.0,3.2,2.6,0,0.0,0,0,18-APR-2022,
OPTSTK,L&TFH,30-Jun-2022,103.0,CE,0.0,0.0,0.0,4.0,2.45,0,0.0,0,0,18-APR-2022,
OPTSTK,L&TFH,30-Jun-2022,104.0,CE,0.0,0.0,0.0,2.85,2.3,0,0.0,0,0,18-APR-2022,
OPTSTK,L&TFH,30-Jun-2022,55.0,PE,0.0,0.0,0.0,0.75,0.4,0,0.0,0,0,18-APR-2022,
OPTSTK,L&TFH,30-Jun-2022,56.0,PE,0.0,0.0,0.0,0.85,0.45,0,0.0,0,0,18-APR-2022,
OPTSTK,L&TFH,30-Jun-2022,57.0,PE,0.0,0.0,0.0,1.0,0.55,0,0.0,0,0,18-APR-2022,
OPTSTK,L&TFH,30-Jun-2022,58.0,PE,0.0,0.0,0.0,1.15,0.65,0,0.0,0,0,18-APR-2022,
OPTSTK,L&TFH,30-Jun-2022,59.0,PE,0.0,0.0,0.0,1.3,0.75,0,0.0,0,0,18-APR-2022,
OPTSTK,L&TFH,30-Jun-2022,60.0,PE,0.0,0.0,0.0,1.45,0.85,0,0.0,0,0,18-APR-2022,
OPTSTK,L&TFH,30-Jun-2022,61.0,PE,0.0,0.0,0.0,1.65,1.0,0,0.0,0,0,18-APR-2022,
OPTSTK,L&TFH,30-Jun-2022,62.0,PE,0.0,0.0,0.0,1.85,1.1,0,0.0,0,0,18-APR-2022,
OPTSTK,L&TFH,30-Jun-2022,63.0,PE,0.0,0.0,0.0,2.05,1.3,0,0.0,0,0,18-APR-2022,
OPTSTK,L&TFH,30-Jun-2022,64.0,PE,0.0,0.0,0.0,2.3,1.45,0,0.0,0,0,18-APR-2022,
OPTSTK,L&TFH,30-Jun-2022,65.0,PE,0.0,0.0,0.0,2.55,1.65,0,0.0,0,0,18-APR-2022,
OPTSTK,L&TFH,30-Jun-2022,66.0,PE,0.0,0.0,0.0,2.8,1.85,0,0.0,0,0,18-APR-2022,
OPTSTK,L&TFH,30-Jun-2022,67.0,PE,0.0,0.0,0.0,3.05,2.1,0,0.0,0,0,18-APR-2022,
OPTSTK,L&TFH,30-Jun-2022,68.0,PE,0.0,0.0,0.0,3.35,2.35,0,0.0,0,0,18-APR-2022,
OPTSTK,L&TFH,30-Jun-2022,69.0,PE,0.0,0.0,0.0,3.7,2.6,0,0.0,0,0,18-APR-2022,
OPTSTK,L&TFH,30-Jun-2022,70.0,PE,0.0,0.0,0.0,4.05,2.85,0,0.0,0,0,18-APR-2022,
OPTSTK,L&TFH,30-Jun-2022,71.0,PE,0.0,0.0,0.0,4.4,3.15,0,0.0,0,0,18-APR-2022,
OPTSTK,L&TFH,30-Jun-2022,72.0,PE,0.0,0.0,0.0,4.75,3.5,0,0.0,0,0,18-APR-2022,
OPTSTK,L&TFH,30-Jun-2022,73.0,PE,0.0,0.0,0.0,5.15,3.85,0,0.0,0,0,18-APR-2022,
OPTSTK,L&TFH,30-Jun-2022,74.0,PE,0.0,0.0,0.0,5.55,4.2,0,0.0,0,0,18-APR-2022,
OPTSTK,L&TFH,30-Jun-2022,75.0,PE,0.0,0.0,0.0,6.0,4.55,0,0.0,0,0,18-APR-2022,
OPTSTK,L&TFH,30-Jun-2022,76.0,PE,0.0,0.0,0.0,6.45,5.0,0,0.0,0,0,18-APR-2022,
OPTSTK,L&TFH,30-Jun-2022,77.0,PE,0.0,0.0,0.0,6.9,5.4,0,0.0,0,0,18-APR-2022,
OPTSTK,L&TFH,30-Jun-2022,78.0,PE,0.0,0.0,0.0,7.35,5.85,0,0.0,0,0,18-APR-2022,
OPTSTK,L&TFH,30-Jun-2022,79.0,PE,0.0,0.0,0.0,7.85,6.3,0,0.0,0,0,18-APR-2022,
OPTSTK,L&TFH,30-Jun-2022,80.0,PE,0.0,0.0,0.0,8.4,6.8,0,0.0,0,0,18-APR-2022,
OPTSTK,L&TFH,30-Jun-2022,81.0,PE,0.0,0.0,0.0,8.95,7.3,0,0.0,0,0,18-APR-2022,
OPTSTK,L&TFH,30-Jun-2022,82.0,PE,0.0,0.0,0.0,9.5,7.8,0,0.0,0,0,18-APR-2022,
OPTSTK,L&TFH,30-Jun-2022,83.0,PE,0.0,0.0,0.0,10.05,8.35,0,0.0,0,0,18-APR-2022,
OPTSTK,L&TFH,30-Jun-2022,84.0,PE,0.0,0.0,0.0,10.65,8.9,0,0.0,0,0,18-APR-2022,
OPTSTK,L&TFH,30-Jun-2022,85.0,PE,0.0,0.0,0.0,11.25,9.5,0,0.0,0,0,18-APR-2022,
OPTSTK,L&TFH,30-Jun-2022,86.0,PE,0.0,0.0,0.0,11.85,10.1,0,0.0,0,0,18-APR-2022,
OPTSTK,L&TFH,30-Jun-2022,87.0,PE,0.0,0.0,0.0,12.5,10.7,0,0.0,0,0,18-APR-2022,
OPTSTK,L&TFH,30-Jun-2022,88.0,PE,0.0,0.0,0.0,13.1,11.3,0,0.0,0,0,18-APR-2022,
OPTSTK,L&TFH,30-Jun-2022,89.0,PE,0.0,0.0,0.0,13.8,11.95,0,0.0,0,0,18-APR-2022,
OPTSTK,L&TFH,30-Jun-2022,90.0,PE,0.0,0.0,0.0,14.45,12.65,0,0.0,0,0,18-APR-2022,
OPTSTK,L&TFH,30-Jun-2022,91.0,PE,0.0,0.0,0.0,15.15,13.3,0,0.0,0,0,18-APR-2022,
OPTSTK,L&TFH,30-Jun-2022,92.0,PE,0.0,0.0,0.0,15.85,14.0,0,0.0,0,0,18-APR-2022,
OPTSTK,L&TFH,30-Jun-2022,93.0,PE,0.0,0.0,0.0,16.55,14.7,0,0.0,0,0,18-APR-2022,
OPTSTK,L&TFH,30-Jun-2022,94.0,PE,0.0,0.0,0.0,17.3,15.45,0,0.0,0,0,18-APR-2022,
OPTSTK,L&TFH,30-Jun-2022,95.0,PE,0.0,0.0,0.0,18.05,16.2,0,0.0,0,0,18-APR-2022,
OPTSTK,L&TFH,30-Jun-2022,96.0,PE,0.0,0.0,0.0,18.8,16.95,0,0.0,0,0,18-APR-2022,
OPTSTK,L&TFH,30-Jun-2022,97.0,PE,0.0,0.0,0.0,19.55,17.7,0,0.0,0,0,18-APR-2022,
OPTSTK,L&TFH,30-Jun-2022,98.0,PE,0.0,0.0,0.0,20.3,18.45,0,0.0,0,0,18-APR-2022,
OPTSTK,L&TFH,30-Jun-2022,99.0,PE,0.0,0.0,0.0,21.1,19.25,0,0.0,0,0,18-APR-2022,
OPTSTK,L&TFH,30-Jun-2022,100.0,PE,0.0,0.0,0.0,21.9,20.05,0,0.0,0,0,18-APR-2022,
OPTSTK,L&TFH,30-Jun-2022,101.0,PE,0.0,0.0,0.0,22.7,20.85,0,0.0,0,0,18-APR-2022,
OPTSTK,L&TFH,30-Jun-2022,102.0,PE,0.0,0.0,0.0,23.5,21.7,0,0.0,0,0,18-APR-2022,
OPTSTK,L&TFH,30-Jun-2022,103.0,PE,0.0,0.0,0.0,24.3,22.5,0,0.0,0,0,18-APR-2022,
OPTSTK,L&TFH,30-Jun-2022,104.0,PE,0.0,0.0,0.0,25.15,23.35,0,0.0,0,0,18-APR-2022,
OPTSTK,LALPATHLAB,28-Apr-2022,1650.0,CE,0.0,0.0,0.0,1206.05,1048.5,0,0.0,0,0,18-APR-2022,
OPTSTK,LALPATHLAB,28-Apr-2022,1700.0,CE,0.0,0.0,0.0,1157.25,998.55,0,0.0,0,0,18-APR-2022,
OPTSTK,LALPATHLAB,28-Apr-2022,1750.0,CE,0.0,0.0,0.0,1108.65,948.6,0,0.0,0,0,18-APR-2022,
OPTSTK,LALPATHLAB,28-Apr-2022,1800.0,CE,0.0,0.0,0.0,1060.35,898.65,0,0.0,0,0,18-APR-2022,
OPTSTK,LALPATHLAB,28-Apr-2022,1850.0,CE,0.0,0.0,0.0,1012.5,848.7,0,0.0,0,0,18-APR-2022,
OPTSTK,LALPATHLAB,28-Apr-2022,1900.0,CE,0.0,0.0,0.0,965.05,798.75,0,0.0,0,0,18-APR-2022,
OPTSTK,LALPATHLAB,28-Apr-2022,1950.0,CE,0.0,0.0,0.0,918.2,748.8,0,0.0,0,0,18-APR-2022,
OPTSTK,LALPATHLAB,28-Apr-2022,2000.0,CE,0.0,0.0,0.0,871.95,698.85,0,0.0,0,0,18-APR-2022,
OPTSTK,LALPATHLAB,28-Apr-2022,2050.0,CE,0.0,0.0,0.0,826.5,648.95,0,0.0,0,0,18-APR-2022,
OPTSTK,LALPATHLAB,28-Apr-2022,2100.0,CE,0.0,0.0,0.0,781.85,599.0,0,0.0,0,0,18-APR-2022,
OPTSTK,LALPATHLAB,28-Apr-2022,2150.0,CE,0.0,0.0,0.0,738.2,549.15,0,0.0,0,0,18-APR-2022,
OPTSTK,LALPATHLAB,28-Apr-2022,2200.0,CE,0.0,0.0,0.0,695.55,499.35,0,0.0,0,0,18-APR-2022,
OPTSTK,LALPATHLAB,28-Apr-2022,2250.0,CE,0.0,0.0,0.0,654.05,449.8,0,0.0,0,0,18-APR-2022,
OPTSTK,LALPATHLAB,28-Apr-2022,2300.0,CE,0.0,0.0,0.0,613.75,400.65,0,0.0,0,0,18-APR-2022,
OPTSTK,LALPATHLAB,28-Apr-2022,2350.0,CE,0.0,0.0,0.0,574.8,352.25,0,0.0,0,0,18-APR-2022,
OPTSTK,LALPATHLAB,28-Apr-2022,2400.0,CE,0.0,0.0,0.0,537.25,305.05,0,0.0,0,0,18-APR-2022,
OPTSTK,LALPATHLAB,28-Apr-2022,2450.0,CE,0.0,0.0,0.0,501.05,259.65,0,0.0,0,0,18-APR-2022,
OPTSTK,LALPATHLAB,28-Apr-2022,2500.0,CE,214.1,214.1,214.1,214.1,216.8,1,3.39,375,125,18-APR-2022,
OPTSTK,LALPATHLAB,28-Apr-2022,2550.0,CE,0.0,0.0,0.0,190.1,177.2,0,0.0,250,0,18-APR-2022,
OPTSTK,LALPATHLAB,28-Apr-2022,2600.0,CE,139.0,143.4,126.15,126.15,141.5,5,17.09,4375,125,18-APR-2022,
OPTSTK,LALPATHLAB,28-Apr-2022,2650.0,CE,0.0,0.0,0.0,86.4,110.25,0,0.0,6125,0,18-APR-2022,
OPTSTK,LALPATHLAB,28-Apr-2022,2700.0,CE,55.0,100.0,52.85,75.2,75.2,259,898.04,23000,1000,18-APR-2022,
OPTSTK,LALPATHLAB,28-Apr-2022,2750.0,CE,30.1,75.0,30.1,58.2,58.2,284,994.44,40000,-12250,18-APR-2022,
OPTSTK,LALPATHLAB,28-Apr-2022,2800.0,CE,28.05,57.95,25.4,42.1,42.1,535,1899.0,57375,-2125,18-APR-2022,
OPTSTK,LALPATHLAB,28-Apr-2022,2850.0,CE,14.8,33.75,14.8,30.15,30.15,32,115.03,10125,375,18-APR-2022,
OPTSTK,LALPATHLAB,28-Apr-2022,2900.0,CE,16.4,28.85,11.0,19.55,19.55,175,638.69,36250,-875,18-APR-2022,
OPTSTK,LALPATHLAB,28-Apr-2022,2950.0,CE,0.0,0.0,0.0,30.35,14.05,0,0.0,1125,0,18-APR-2022,
OPTSTK,LALPATHLAB,28-Apr-2022,3000.0,CE,11.2,14.0,3.5,10.45,10.45,280,1053.19,33625,-2250,18-APR-2022,
OPTSTK,LALPATHLAB,28-Apr-2022,3050.0,CE,7.8,7.8,7.8,7.8,5.7,1,3.82,125,-125,18-APR-2022,
OPTSTK,LALPATHLAB,28-Apr-2022,3100.0,CE,8.05,8.05,5.3,5.35,3.45,9,34.94,3375,500,18-APR-2022,
OPTSTK,LALPATHLAB,28-Apr-2022,3150.0,CE,0.0,0.0,0.0,154.55,2.05,0,0.0,0,0,18-APR-2022,
OPTSTK,LALPATHLAB,28-Apr-2022,3200.0,CE,5.0,5.65,2.55,4.5,4.5,35,140.19,11625,-250,18-APR-2022,
OPTSTK,LALPATHLAB,28-Apr-2022,3250.0,CE,0.0,0.0,0.0,127.15,0.7,0,0.0,0,0,18-APR-2022,
OPTSTK,LALPATHLAB,28-Apr-2022,3300.0,CE,0.0,0.0,0.0,10.9,0.4,0,0.0,250,0,18-APR-2022,
OPTSTK,LALPATHLAB,28-Apr-2022,3350.0,CE,0.0,0.0,0.0,104.25,0.2,0,0.0,0,0,18-APR-2022,
OPTSTK,LALPATHLAB,28-Apr-2022,3400.0,CE,0.0,0.0,0.0,0.25,0.1,0,0.0,500,0,18-APR-2022,
OPTSTK,LALPATHLAB,28-Apr-2022,3450.0,CE,0.0,0.0,0.0,84.8,0.05,0,0.0,0,0,18-APR-2022,
OPTSTK,LALPATHLAB,28-Apr-2022,3500.0,CE,0.0,0.0,0.0,76.35,0.05,0,0.0,0,0,18-APR-2022,
OPTSTK,LALPATHLAB,28-Apr-2022,3550.0,CE,0.0,0.0,0.0,68.7,0.05,0,0.0,0,0,18-APR-2022,
OPTSTK,LALPATHLAB,28-Apr-2022,3600.0,CE,0.0,0.0,0.0,61.7,0.05,0,0.0,0,0,18-APR-2022,
OPTSTK,LALPATHLAB,28-Apr-2022,3650.0,CE,0.0,0.0,0.0,55.35,0.0,0,0.0,0,0,18-APR-2022,
OPTSTK,LALPATHLAB,28-Apr-2022,3700.0,CE,0.0,0.0,0.0,49.65,0.0,0,0.0,0,0,18-APR-2022,
OPTSTK,LALPATHLAB,28-Apr-2022,3750.0,CE,0.0,0.0,0.0,44.45,0.0,0,0.0,0,0,18-APR-2022,
OPTSTK,LALPATHLAB,28-Apr-2022,3800.0,CE,0.0,0.0,0.0,39.75,0.0,0,0.0,0,0,18-APR-2022,
OPTSTK,LALPATHLAB,28-Apr-2022,3850.0,CE,0.0,0.0,0.0,35.5,0.0,0,0.0,0,0,18-APR-2022,
OPTSTK,LALPATHLAB,28-Apr-2022,3900.0,CE,0.0,0.0,0.0,31.7,0.0,0,0.0,0,0,18-APR-2022,
OPTSTK,LALPATHLAB,28-Apr-2022,3950.0,CE,0.0,0.0,0.0,28.3,0.0,0,0.0,0,0,18-APR-2022,
OPTSTK,LALPATHLAB,28-Apr-2022,4000.0,CE,0.0,0.0,0.0,25.2,0.0,0,0.0,0,0,18-APR-2022,
OPTSTK,LALPATHLAB,28-Apr-2022,4050.0,CE,0.0,0.0,0.0,22.45,0.0,0,0.0,0,0,18-APR-2022,
OPTSTK,LALPATHLAB,28-Apr-2022,4100.0,CE,0.0,0.0,0.0,19.95,0.0,0,0.0,0,0,18-APR-2022,
OPTSTK,LALPATHLAB,28-Apr-2022,4150.0,CE,0.0,0.0,0.0,17.75,0.0,0,0.0,0,0,18-APR-2022,
OPTSTK,LALPATHLAB,28-Apr-2022,4200.0,CE,0.0,0.0,0.0,15.75,0.0,0,0.0,0,0,18-APR-2022,
OPTSTK,LALPATHLAB,28-Apr-2022,4250.0,CE,0.0,0.0,0.0,14.0,0.0,0,0.0,0,0,18-APR-2022,
OPTSTK,LALPATHLAB,28-Apr-2022,1650.0,PE,0.0,0.0,0.0,1.35,0.0,0,0.0,0,0,18-APR-2022,
OPTSTK,LALPATHLAB,28-Apr-2022,1700.0,PE,0.0,0.0,0.0,2.0,0.0,0,0.0,0,0,18-APR-2022,
OPTSTK,LALPATHLAB,28-Apr-2022,1750.0,PE,0.0,0.0,0.0,2.85,0.0,0,0.0,0,0,18-APR-2022,
OPTSTK,LALPATHLAB,28-Apr-2022,1800.0,PE,0.0,0.0,0.0,4.05,0.0,0,0.0,0,0,18-APR-2022,
OPTSTK,LALPATHLAB,28-Apr-2022,1850.0,PE,0.0,0.0,0.0,5.65,0.0,0,0.0,0,0,18-APR-2022,
OPTSTK,LALPATHLAB,28-Apr-2022,1900.0,PE,0.0,0.0,0.0,7.7,0.0,0,0.0,0,0,18-APR-2022,
OPTSTK,LALPATHLAB,28-Apr-2022,1950.0,PE,0.0,0.0,0.0,10.3,0.0,0,0.0,0,0,18-APR-2022,
OPTSTK,LALPATHLAB,28-Apr-2022,2000.0,PE,0.0,0.0,0.0,13.6,0.0,0,0.0,0,0,18-APR-2022,
OPTSTK,LALPATHLAB,28-Apr-2022,2050.0,PE,0.0,0.0,0.0,17.6,0.05,0,0.0,0,0,18-APR-2022,
OPTSTK,LALPATHLAB,28-Apr-2022,2100.0,PE,0.0,0.0,0.0,22.45,0.05,0,0.0,0,0,18-APR-2022,
OPTSTK,LALPATHLAB,28-Apr-2022,2150.0,PE,0.0,0.0,0.0,28.25,0.1,0,0.0,0,0,18-APR-2022,
OPTSTK,LALPATHLAB,28-Apr-2022,2200.0,PE,1.45,1.45,1.45,1.45,0.3,1,2.75,1500,0,18-APR-2022,
OPTSTK,LALPATHLAB,28-Apr-2022,2250.0,PE,0.0,0.0,0.0,43.05,0.65,0,0.0,0,0,18-APR-2022,
OPTSTK,LALPATHLAB,28-Apr-2022,2300.0,PE,6.0,6.0,4.0,6.0,6.0,7,20.17,3875,-625,18-APR-2022,
OPTSTK,LALPATHLAB,28-Apr-2022,2350.0,PE,0.0,0.0,0.0,62.75,3.0,0,0.0,0,0,18-APR-2022,
OPTSTK,LALPATHLAB,28-Apr-2022,2400.0,PE,14.0,14.0,14.0,14.0,5.75,3,9.05,5000,-250,18-APR-2022,
OPTSTK,LALPATHLAB,28-Apr-2022,2450.0,PE,0.0,0.0,0.0,31.6,10.3,0,0.0,250,0,18-APR-2022,
OPTSTK,LALPATHLAB,28-Apr-2022,2500.0,PE,20.05,35.0,20.05,26.0,17.4,15,47.37,10125,250,18-APR-2022,
OPTSTK,LALPATHLAB,28-Apr-2022,2550.0,PE,0.0,0.0,0.0,44.85,27.75,0,0.0,250,0,18-APR-2022,
OPTSTK,LALPATHLAB,28-Apr-2022,2600.0,PE,48.4,57.15,37.25,55.65,41.95,11,36.4,9875,-250,18-APR-2022,
OPTSTK,LALPATHLAB,28-Apr-2022,2650.0,PE,46.6,80.2,46.6,80.2,60.65,3,10.17,500,0,18-APR-2022,
OPTSTK,LALPATHLAB,28-Apr-2022,2700.0,PE,96.25,110.0,80.0,90.0,84.05,12,41.88,14750,0,18-APR-2022,
OPTSTK,LALPATHLAB,28-Apr-2022,2750.0,PE,121.8,121.8,121.8,121.8,112.2,1,3.58,2000,-125,18-APR-2022,
OPTSTK,LALPATHLAB,28-Apr-2022,2800.0,PE,175.85,189.7,123.55,189.7,144.75,21,77.54,4000,-1000,18-APR-2022,
OPTSTK,LALPATHLAB,28-Apr-2022,2850.0,PE,195.85,195.9,195.85,195.9,181.45,2,7.61,625,125,18-APR-2022,
OPTSTK,LALPATHLAB,28-Apr-2022,2900.0,PE,217.0,240.2,217.0,217.0,221.35,3,11.71,1875,125,18-APR-2022,
OPTSTK,LALPATHLAB,28-Apr-2022,2950.0,PE,0.0,0.0,0.0,305.8,264.15,0,0.0,0,0,18-APR-2022,
OPTSTK,LALPATHLAB,28-Apr-2022,3000.0,PE,0.0,0.0,0.0,267.1,309.1,0,0.0,3500,0,18-APR-2022,
OPTSTK,LALPATHLAB,28-Apr-2022,3050.0,PE,0.0,0.0,0.0,367.4,355.65,0,0.0,0,0,18-APR-2022,
OPTSTK,LALPATHLAB,28-Apr-2022,3100.0,PE,0.0,0.0,0.0,400.15,403.4,0,0.0,0,0,18-APR-2022,
OPTSTK,LALPATHLAB,28-Apr-2022,3150.0,PE,0.0,0.0,0.0,434.2,451.9,0,0.0,0,0,18-APR-2022,
OPTSTK,LALPATHLAB,28-Apr-2022,3200.0,PE,0.0,0.0,0.0,599.0,501.0,0,0.0,125,0,18-APR-2022,
OPTSTK,LALPATHLAB,28-Apr-2022,3250.0,PE,0.0,0.0,0.0,505.75,550.45,0,0.0,0,0,18-APR-2022,
OPTSTK,LALPATHLAB,28-Apr-2022,3300.0,PE,625.0,625.0,625.0,625.0,600.1,1,4.9,125,-125,18-APR-2022,
OPTSTK,LALPATHLAB,28-Apr-2022,3350.0,PE,0.0,0.0,0.0,581.8,649.85,0,0.0,0,0,18-APR-2022,
OPTSTK,LALPATHLAB,28-Apr-2022,3400.0,PE,0.0,0.0,0.0,800.0,699.7,0,0.0,125,0,18-APR-2022,
OPTSTK,LALPATHLAB,28-Apr-2022,3450.0,PE,0.0,0.0,0.0,661.3,749.6,0,0.0,0,0,18-APR-2022,
OPTSTK,LALPATHLAB,28-Apr-2022,3500.0,PE,0.0,0.0,0.0,702.35,799.5,0,0.0,0,0,18-APR-2022,
OPTSTK,LALPATHLAB,28-Apr-2022,3550.0,PE,0.0,0.0,0.0,744.15,849.45,0,0.0,0,0,18-APR-2022,
OPTSTK,LALPATHLAB,28-Apr-2022,3600.0,PE,0.0,0.0,0.0,786.65,899.4,0,0.0,0,0,18-APR-2022,
OPTSTK,LALPATHLAB,28-Apr-2022,3650.0,PE,0.0,0.0,0.0,829.8,949.3,0,0.0,0,0,18-APR-2022,
OPTSTK,LALPATHLAB,28-Apr-2022,3700.0,PE,0.0,0.0,0.0,873.55,999.25,0,0.0,0,0,18-APR-2022,
OPTSTK,LALPATHLAB,28-Apr-2022,3750.0,PE,0.0,0.0,0.0,917.85,1049.2,0,0.0,0,0,18-APR-2022,
OPTSTK,LALPATHLAB,28-Apr-2022,3800.0,PE,0.0,0.0,0.0,962.6,1099.15,0,0.0,0,0,18-APR-2022,
OPTSTK,LALPATHLAB,28-Apr-2022,3850.0,PE,0.0,0.0,0.0,1007.85,1149.1,0,0.0,0,0,18-APR-2022,
OPTSTK,LALPATHLAB,28-Apr-2022,3900.0,PE,0.0,0.0,0.0,1053.55,1199.05,0,0.0,0,0,18-APR-2022,
OPTSTK,LALPATHLAB,28-Apr-2022,3950.0,PE,0.0,0.0,0.0,1099.6,1248.95,0,0.0,0,0,18-APR-2022,
OPTSTK,LALPATHLAB,28-Apr-2022,4000.0,PE,0.0,0.0,0.0,1146.0,1298.9,0,0.0,0,0,18-APR-2022,
OPTSTK,LALPATHLAB,28-Apr-2022,4050.0,PE,0.0,0.0,0.0,1192.7,1348.85,0,0.0,0,0,18-APR-2022,
OPTSTK,LALPATHLAB,28-Apr-2022,4100.0,PE,0.0,0.0,0.0,1239.7,1398.8,0,0.0,0,0,18-APR-2022,
OPTSTK,LALPATHLAB,28-Apr-2022,4150.0,PE,0.0,0.0,0.0,1286.95,1448.75,0,0.0,0,0,18-APR-2022,
OPTSTK,LALPATHLAB,28-Apr-2022,4200.0,PE,0.0,0.0,0.0,1580.0,1498.7,0,0.0,125,0,18-APR-2022,
OPTSTK,LALPATHLAB,28-Apr-2022,4250.0,PE,0.0,0.0,0.0,1382.2,1548.65,0,0.0,0,0,18-APR-2022,
OPTSTK,LALPATHLAB,26-May-2022,1650.0,CE,0.0,0.0,0.0,920.15,1053.95,0,0.0,0,0,18-APR-2022,
OPTSTK,LALPATHLAB,26-May-2022,1700.0,CE,0.0,0.0,0.0,872.7,1004.2,0,0.0,0,0,18-APR-2022,
OPTSTK,LALPATHLAB,26-May-2022,1750.0,CE,0.0,0.0,0.0,825.9,954.55,0,0.0,0,0,18-APR-2022,
OPTSTK,LALPATHLAB,26-May-2022,1800.0,CE,0.0,0.0,0.0,779.85,904.95,0,0.0,0,0,18-APR-2022,
OPTSTK,LALPATHLAB,26-May-2022,1850.0,CE,0.0,0.0,0.0,734.65,855.45,0,0.0,0,0,18-APR-2022,
OPTSTK,LALPATHLAB,26-May-2022,1900.0,CE,0.0,0.0,0.0,690.4,806.15,0,0.0,0,0,18-APR-2022,
OPTSTK,LALPATHLAB,26-May-2022,1950.0,CE,0.0,0.0,0.0,647.3,757.15,0,0.0,0,0,18-APR-2022,
OPTSTK,LALPATHLAB,26-May-2022,2000.0,CE,0.0,0.0,0.0,605.35,708.5,0,0.0,0,0,18-APR-2022,
OPTSTK,LALPATHLAB,26-May-2022,2050.0,CE,0.0,0.0,0.0,564.75,660.35,0,0.0,0,0,18-APR-2022,
OPTSTK,LALPATHLAB,26-May-2022,2100.0,CE,0.0,0.0,0.0,525.55,612.95,0,0.0,0,0,18-APR-2022,
OPTSTK,LALPATHLAB,26-May-2022,2150.0,CE,0.0,0.0,0.0,488.0,566.4,0,0.0,0,0,18-APR-2022,
OPTSTK,LALPATHLAB,26-May-2022,2200.0,CE,0.0,0.0,0.0,451.85,520.9,0,0.0,0,0,18-APR-2022,
OPTSTK,LALPATHLAB,26-May-2022,2250.0,CE,0.0,0.0,0.0,417.4,476.7,0,0.0,0,0,18-APR-2022,
OPTSTK,LALPATHLAB,26-May-2022,2300.0,CE,0.0,0.0,0.0,384.55,434.0,0,0.0,0,0,18-APR-2022,
OPTSTK,LALPATHLAB,26-May-2022,2350.0,CE,0.0,0.0,0.0,353.5,393.0,0,0.0,0,0,18-APR-2022,
OPTSTK,LALPATHLAB,26-May-2022,2400.0,CE,0.0,0.0,0.0,324.25,353.95,0,0.0,0,0,18-APR-2022,
OPTSTK,LALPATHLAB,26-May-2022,2450.0,CE,0.0,0.0,0.0,296.7,317.05,0,0.0,0,0,18-APR-2022,
OPTSTK,LALPATHLAB,26-May-2022,2500.0,CE,0.0,0.0,0.0,270.9,282.2,0,0.0,0,0,18-APR-2022,
OPTSTK,LALPATHLAB,26-May-2022,2550.0,CE,210.0,210.0,210.0,210.0,249.85,1,3.45,250,125,18-APR-2022,
OPTSTK,LALPATHLAB,26-May-2022,2600.0,CE,0.0,0.0,0.0,224.35,219.9,0,0.0,0,0,18-APR-2022,
OPTSTK,LALPATHLAB,26-May-2022,2650.0,CE,0.0,0.0,0.0,203.5,192.45,0,0.0,0,0,18-APR-2022,
OPTSTK,LALPATHLAB,26-May-2022,2700.0,CE,151.0,151.0,151.0,151.0,167.4,3,10.69,375,375,18-APR-2022,
OPTSTK,LALPATHLAB,26-May-2022,2750.0,CE,0.0,0.0,0.0,166.45,144.8,0,0.0,0,0,18-APR-2022,
OPTSTK,LALPATHLAB,26-May-2022,2800.0,CE,127.1,127.1,107.85,107.85,124.55,4,14.58,1125,500,18-APR-2022,
OPTSTK,LALPATHLAB,26-May-2022,2850.0,CE,0.0,0.0,0.0,135.1,106.55,0,0.0,0,0,18-APR-2022,
OPTSTK,LALPATHLAB,26-May-2022,2900.0,CE,0.0,0.0,0.0,121.35,90.6,0,0.0,0,0,18-APR-2022,
OPTSTK,LALPATHLAB,26-May-2022,2950.0,CE,0.0,0.0,0.0,109.0,76.65,0,0.0,0,0,18-APR-2022,
OPTSTK,LALPATHLAB,26-May-2022,3000.0,CE,85.35,100.0,51.15,51.2,64.65,13,49.7,3250,1000,18-APR-2022,
OPTSTK,LALPATHLAB,26-May-2022,3050.0,CE,0.0,0.0,0.0,87.35,54.05,0,0.0,0,0,18-APR-2022,
OPTSTK,LALPATHLAB,26-May-2022,3100.0,CE,0.0,0.0,0.0,77.9,45.05,0,0.0,0,0,18-APR-2022,
OPTSTK,LALPATHLAB,26-May-2022,3150.0,CE,0.0,0.0,0.0,69.45,37.35,0,0.0,0,0,18-APR-2022,
OPTSTK,LALPATHLAB,26-May-2022,3200.0,CE,0.0,0.0,0.0,61.8,30.8,0,0.0,0,0,18-APR-2022,
OPTSTK,LALPATHLAB,26-May-2022,3250.0,CE,0.0,0.0,0.0,54.95,25.3,0,0.0,0,0,18-APR-2022,
OPTSTK,LALPATHLAB,26-May-2022,3300.0,CE,0.0,0.0,0.0,70.95,20.7,0,0.0,125,0,18-APR-2022,
OPTSTK,LALPATHLAB,26-May-2022,3350.0,CE,0.0,0.0,0.0,43.25,16.85,0,0.0,0,0,18-APR-2022,
OPTSTK,LALPATHLAB,26-May-2022,3400.0,CE,0.0,0.0,0.0,38.3,13.65,0,0.0,0,0,18-APR-2022,
OPTSTK,LALPATHLAB,26-May-2022,3450.0,CE,0.0,0.0,0.0,33.85,11.0,0,0.0,0,0,18-APR-2022,
OPTSTK,LALPATHLAB,26-May-2022,3500.0,CE,0.0,0.0,0.0,10.3,8.85,0,0.0,500,0,18-APR-2022,
OPTSTK,LALPATHLAB,26-May-2022,3550.0,CE,0.0,0.0,0.0,26.4,7.1,0,0.0,0,0,18-APR-2022,
OPTSTK,LALPATHLAB,26-May-2022,3600.0,CE,0.0,0.0,0.0,23.25,5.65,0,0.0,0,0,18-APR-2022,
OPTSTK,LALPATHLAB,26-May-2022,3650.0,CE,0.0,0.0,0.0,20.5,4.5,0,0.0,0,0,18-APR-2022,
OPTSTK,LALPATHLAB,26-May-2022,3700.0,CE,0.0,0.0,0.0,18.05,3.55,0,0.0,0,0,18-APR-2022,
OPTSTK,LALPATHLAB,26-May-2022,3750.0,CE,0.0,0.0,0.0,15.85,2.8,0,0.0,0,0,18-APR-2022,
OPTSTK,LALPATHLAB,26-May-2022,3800.0,CE,0.0,0.0,0.0,13.9,2.2,0,0.0,0,0,18-APR-2022,
OPTSTK,LALPATHLAB,26-May-2022,3850.0,CE,0.0,0.0,0.0,12.2,1.75,0,0.0,0,0,18-APR-2022,
OPTSTK,LALPATHLAB,26-May-2022,3900.0,CE,0.0,0.0,0.0,10.7,1.35,0,0.0,0,0,18-APR-2022,
OPTSTK,LALPATHLAB,26-May-2022,3950.0,CE,0.0,0.0,0.0,9.4,1.05,0,0.0,0,0,18-APR-2022,
OPTSTK,LALPATHLAB,26-May-2022,1650.0,PE,0.0,0.0,0.0,5.05,0.05,0,0.0,0,0,18-APR-2022,
OPTSTK,LALPATHLAB,26-May-2022,1700.0,PE,0.0,0.0,0.0,7.1,0.1,0,0.0,0,0,18-APR-2022,
OPTSTK,LALPATHLAB,26-May-2022,1750.0,PE,0.0,0.0,0.0,9.75,0.2,0,0.0,0,0,18-APR-2022,
OPTSTK,LALPATHLAB,26-May-2022,1800.0,PE,0.0,0.0,0.0,13.15,0.4,0,0.0,0,0,18-APR-2022,
OPTSTK,LALPATHLAB,26-May-2022,1850.0,PE,0.0,0.0,0.0,17.45,0.7,0,0.0,0,0,18-APR-2022,
OPTSTK,LALPATHLAB,26-May-2022,1900.0,PE,0.0,0.0,0.0,22.7,1.15,0,0.0,0,0,18-APR-2022,
OPTSTK,LALPATHLAB,26-May-2022,1950.0,PE,0.0,0.0,0.0,29.0,1.9,0,0.0,0,0,18-APR-2022,
OPTSTK,LALPATHLAB,26-May-2022,2000.0,PE,0.0,0.0,0.0,36.55,3.05,0,0.0,0,0,18-APR-2022,
OPTSTK,LALPATHLAB,26-May-2022,2050.0,PE,0.0,0.0,0.0,45.45,4.7,0,0.0,0,0,18-APR-2022,
OPTSTK,LALPATHLAB,26-May-2022,2100.0,PE,0.0,0.0,0.0,55.75,7.05,0,0.0,0,0,18-APR-2022,
OPTSTK,LALPATHLAB,26-May-2022,2150.0,PE,0.0,0.0,0.0,67.65,10.3,0,0.0,0,0,18-APR-2022,
OPTSTK,LALPATHLAB,26-May-2022,2200.0,PE,0.0,0.0,0.0,81.0,14.6,0,0.0,0,0,18-APR-2022,
OPTSTK,LALPATHLAB,26-May-2022,2250.0,PE,0.0,0.0,0.0,96.0,20.15,0,0.0,0,0,18-APR-2022,
OPTSTK,LALPATHLAB,26-May-2022,2300.0,PE,40.0,40.0,40.0,40.0,27.25,1,2.92,1000,125,18-APR-2022,
OPTSTK,LALPATHLAB,26-May-2022,2350.0,PE,0.0,0.0,0.0,131.05,36.05,0,0.0,0,0,18-APR-2022,
OPTSTK,LALPATHLAB,26-May-2022,2400.0,PE,0.0,0.0,0.0,72.0,46.75,0,0.0,625,0,18-APR-2022,
OPTSTK,LALPATHLAB,26-May-2022,2450.0,PE,0.0,0.0,0.0,173.2,59.65,0,0.0,0,0,18-APR-2022,
OPTSTK,LALPATHLAB,26-May-2022,2500.0,PE,70.0,70.0,70.0,70.0,74.55,1,3.21,125,125,18-APR-2022,
OPTSTK,LALPATHLAB,26-May-2022,2550.0,PE,0.0,0.0,0.0,222.25,92.0,0,0.0,0,0,18-APR-2022,
OPTSTK,LALPATHLAB,26-May-2022,2600.0,PE,0.0,0.0,0.0,140.3,111.85,0,0.0,625,0,18-APR-2022,
OPTSTK,LALPATHLAB,26-May-2022,2650.0,PE,0.0,0.0,0.0,277.9,134.15,0,0.0,0,0,18-APR-2022,
OPTSTK,LALPATHLAB,26-May-2022,2700.0,PE,0.0,0.0,0.0,200.05,158.9,0,0.0,125,0,18-APR-2022,
OPTSTK,LALPATHLAB,26-May-2022,2750.0,PE,0.0,0.0,0.0,339.8,186.1,0,0.0,0,0,18-APR-2022,
OPTSTK,LALPATHLAB,26-May-2022,2800.0,PE,0.0,0.0,0.0,372.95,215.6,0,0.0,0,0,18-APR-2022,
OPTSTK,LALPATHLAB,26-May-2022,2850.0,PE,0.0,0.0,0.0,407.4,247.35,0,0.0,0,0,18-APR-2022,
OPTSTK,LALPATHLAB,26-May-2022,2900.0,PE,0.0,0.0,0.0,443.15,281.2,0,0.0,0,0,18-APR-2022,
OPTSTK,LALPATHLAB,26-May-2022,2950.0,PE,0.0,0.0,0.0,480.25,317.0,0,0.0,0,0,18-APR-2022,
OPTSTK,LALPATHLAB,26-May-2022,3000.0,PE,0.0,0.0,0.0,518.4,354.8,0,0.0,0,0,18-APR-2022,
OPTSTK,LALPATHLAB,26-May-2022,3050.0,PE,0.0,0.0,0.0,557.55,394.0,0,0.0,0,0,18-APR-2022,
OPTSTK,LALPATHLAB,26-May-2022,3100.0,PE,0.0,0.0,0.0,597.6,434.75,0,0.0,0,0,18-APR-2022,
OPTSTK,LALPATHLAB,26-May-2022,3150.0,PE,0.0,0.0,0.0,638.6,476.85,0,0.0,0,0,18-APR-2022,
OPTSTK,LALPATHLAB,26-May-2022,3200.0,PE,580.0,580.0,580.0,580.0,520.1,1,4.72,125,125,18-APR-2022,
OPTSTK,LALPATHLAB,26-May-2022,3250.0,PE,0.0,0.0,0.0,723.1,564.35,0,0.0,0,0,18-APR-2022,
OPTSTK,LALPATHLAB,26-May-2022,3300.0,PE,0.0,0.0,0.0,766.4,609.5,0,0.0,0,0,18-APR-2022,
OPTSTK,LALPATHLAB,26-May-2022,3350.0,PE,0.0,0.0,0.0,810.35,655.45,0,0.0,0,0,18-APR-2022,
OPTSTK,LALPATHLAB,26-May-2022,3400.0,PE,0.0,0.0,0.0,854.85,702.05,0,0.0,0,0,18-APR-2022,
OPTSTK,LALPATHLAB,26-May-2022,3450.0,PE,0.0,0.0,0.0,899.9,749.2,0,0.0,0,0,18-APR-2022,
OPTSTK,LALPATHLAB,26-May-2022,3500.0,PE,0.0,0.0,0.0,945.45,796.8,0,0.0,0,0,18-APR-2022,
OPTSTK,LALPATHLAB,26-May-2022,3550.0,PE,0.0,0.0,0.0,991.4,844.8,0,0.0,0,0,18-APR-2022,
OPTSTK,LALPATHLAB,26-May-2022,3600.0,PE,0.0,0.0,0.0,1037.75,893.15,0,0.0,0,0,18-APR-2022,
OPTSTK,LALPATHLAB,26-May-2022,3650.0,PE,0.0,0.0,0.0,1084.45,941.8,0,0.0,0,0,18-APR-2022,
OPTSTK,LALPATHLAB,26-May-2022,3700.0,PE,0.0,0.0,0.0,1131.45,990.65,0,0.0,0,0,18-APR-2022,
OPTSTK,LALPATHLAB,26-May-2022,3750.0,PE,0.0,0.0,0.0,1178.75,1039.65,0,0.0,0,0,18-APR-2022,
OPTSTK,LALPATHLAB,26-May-2022,3800.0,PE,0.0,0.0,0.0,1226.3,1088.85,0,0.0,0,0,18-APR-2022,
OPTSTK,LALPATHLAB,26-May-2022,3850.0,PE,0.0,0.0,0.0,1274.05,1138.15,0,0.0,0,0,18-APR-2022,
OPTSTK,LALPATHLAB,26-May-2022,3900.0,PE,0.0,0.0,0.0,1322.05,1187.55,0,0.0,0,0,18-APR-2022,
OPTSTK,LALPATHLAB,26-May-2022,3950.0,PE,0.0,0.0,0.0,1370.2,1237.05,0,0.0,0,0,18-APR-2022,
OPTSTK,LALPATHLAB,30-Jun-2022,1650.0,CE,0.0,0.0,0.0,982.1,1061.9,0,0.0,0,0,18-APR-2022,
OPTSTK,LALPATHLAB,30-Jun-2022,1700.0,CE,0.0,0.0,0.0,934.3,1013.0,0,0.0,0,0,18-APR-2022,
OPTSTK,LALPATHLAB,30-Jun-2022,1750.0,CE,0.0,0.0,0.0,887.05,964.45,0,0.0,0,0,18-APR-2022,
OPTSTK,LALPATHLAB,30-Jun-2022,1800.0,CE,0.0,0.0,0.0,840.45,916.25,0,0.0,0,0,18-APR-2022,
OPTSTK,LALPATHLAB,30-Jun-2022,1850.0,CE,0.0,0.0,0.0,794.6,868.5,0,0.0,0,0,18-APR-2022,
OPTSTK,LALPATHLAB,30-Jun-2022,1900.0,CE,0.0,0.0,0.0,749.55,821.35,0,0.0,0,0,18-APR-2022,
OPTSTK,LALPATHLAB,30-Jun-2022,1950.0,CE,0.0,0.0,0.0,705.5,774.9,0,0.0,0,0,18-APR-2022,
OPTSTK,LALPATHLAB,30-Jun-2022,2000.0,CE,0.0,0.0,0.0,662.55,729.25,0,0.0,0,0,18-APR-2022,
OPTSTK,LALPATHLAB,30-Jun-2022,2050.0,CE,0.0,0.0,0.0,620.75,684.5,0,0.0,0,0,18-APR-2022,
OPTSTK,LALPATHLAB,30-Jun-2022,2100.0,CE,0.0,0.0,0.0,580.25,640.85,0,0.0,0,0,18-APR-2022,
OPTSTK,LALPATHLAB,30-Jun-2022,2150.0,CE,0.0,0.0,0.0,541.15,598.4,0,0.0,0,0,18-APR-2022,
OPTSTK,LALPATHLAB,30-Jun-2022,2200.0,CE,0.0,0.0,0.0,503.6,557.25,0,0.0,0,0,18-APR-2022,
OPTSTK,LALPATHLAB,30-Jun-2022,2250.0,CE,0.0,0.0,0.0,467.5,517.5,0,0.0,0,0,18-APR-2022,
OPTSTK,LALPATHLAB,30-Jun-2022,2300.0,CE,0.0,0.0,0.0,432.95,479.3,0,0.0,0,0,18-APR-2022,
OPTSTK,LALPATHLAB,30-Jun-2022,2350.0,CE,0.0,0.0,0.0,400.0,442.75,0,0.0,0,0,18-APR-2022,
OPTSTK,LALPATHLAB,30-Jun-2022,2400.0,CE,0.0,0.0,0.0,368.8,407.8,0,0.0,0,0,18-APR-2022,
OPTSTK,LALPATHLAB,30-Jun-2022,2450.0,CE,0.0,0.0,0.0,339.3,374.45,0,0.0,0,0,18-APR-2022,
OPTSTK,LALPATHLAB,30-Jun-2022,2500.0,CE,0.0,0.0,0.0,311.5,343.05,0,0.0,0,0,18-APR-2022,
OPTSTK,LALPATHLAB,30-Jun-2022,2550.0,CE,0.0,0.0,0.0,285.35,313.4,0,0.0,0,0,18-APR-2022,
OPTSTK,LALPATHLAB,30-Jun-2022,2600.0,CE,0.0,0.0,0.0,260.85,285.6,0,0.0,0,0,18-APR-2022,
OPTSTK,LALPATHLAB,30-Jun-2022,2650.0,CE,0.0,0.0,0.0,238.0,259.55,0,0.0,0,0,18-APR-2022,
OPTSTK,LALPATHLAB,30-Jun-2022,2700.0,CE,0.0,0.0,0.0,216.7,235.3,0,0.0,0,0,18-APR-2022,
OPTSTK,LALPATHLAB,30-Jun-2022,2750.0,CE,0.0,0.0,0.0,196.95,212.75,0,0.0,0,0,18-APR-2022,
OPTSTK,LALPATHLAB,30-Jun-2022,2800.0,CE,0.0,0.0,0.0,178.65,191.9,0,0.0,0,0,18-APR-2022,
OPTSTK,LALPATHLAB,30-Jun-2022,2850.0,CE,0.0,0.0,0.0,161.8,172.7,0,0.0,0,0,18-APR-2022,
OPTSTK,LALPATHLAB,30-Jun-2022,2900.0,CE,0.0,0.0,0.0,146.25,155.05,0,0.0,0,0,18-APR-2022,
OPTSTK,LALPATHLAB,30-Jun-2022,2950.0,CE,0.0,0.0,0.0,131.95,138.9,0,0.0,0,0,18-APR-2022,
OPTSTK,LALPATHLAB,30-Jun-2022,3000.0,CE,0.0,0.0,0.0,119.0,124.15,0,0.0,0,0,18-APR-2022,
OPTSTK,LALPATHLAB,30-Jun-2022,3050.0,CE,0.0,0.0,0.0,107.1,110.7,0,0.0,0,0,18-APR-2022,
OPTSTK,LALPATHLAB,30-Jun-2022,3100.0,CE,0.0,0.0,0.0,96.2,98.7,0,0.0,0,0,18-APR-2022,
OPTSTK,LALPATHLAB,30-Jun-2022,3150.0,CE,0.0,0.0,0.0,86.35,87.7,0,0.0,0,0,18-APR-2022,
OPTSTK,LALPATHLAB,30-Jun-2022,3200.0,CE,0.0,0.0,0.0,77.25,77.7,0,0.0,0,0,18-APR-2022,
OPTSTK,LALPATHLAB,30-Jun-2022,3250.0,CE,0.0,0.0,0.0,69.1,68.75,0,0.0,0,0,18-APR-2022,
OPTSTK,LALPATHLAB,30-Jun-2022,3300.0,CE,0.0,0.0,0.0,61.7,60.75,0,0.0,0,0,18-APR-2022,
OPTSTK,LALPATHLAB,30-Jun-2022,3350.0,CE,0.0,0.0,0.0,55.05,53.55,0,0.0,0,0,18-APR-2022,
OPTSTK,LALPATHLAB,30-Jun-2022,3400.0,CE,0.0,0.0,0.0,49.05,47.15,0,0.0,0,0,18-APR-2022,
OPTSTK,LALPATHLAB,30-Jun-2022,3450.0,CE,0.0,0.0,0.0,43.65,41.45,0,0.0,0,0,18-APR-2022,
OPTSTK,LALPATHLAB,30-Jun-2022,3500.0,CE,0.0,0.0,0.0,38.8,36.35,0,0.0,0,0,18-APR-2022,
OPTSTK,LALPATHLAB,30-Jun-2022,3550.0,CE,0.0,0.0,0.0,34.45,31.85,0,0.0,0,0,18-APR-2022,
OPTSTK,LALPATHLAB,30-Jun-2022,3600.0,CE,0.0,0.0,0.0,30.6,27.85,0,0.0,0,0,18-APR-2022,
OPTSTK,LALPATHLAB,30-Jun-2022,3650.0,CE,0.0,0.0,0.0,27.1,24.35,0,0.0,0,0,18-APR-2022,
OPTSTK,LALPATHLAB,30-Jun-2022,3700.0,CE,0.0,0.0,0.0,24.0,21.25,0,0.0,0,0,18-APR-2022,
OPTSTK,LALPATHLAB,30-Jun-2022,1650.0,PE,0.0,0.0,0.0,4.05,1.35,0,0.0,0,0,18-APR-2022,
OPTSTK,LALPATHLAB,30-Jun-2022,1700.0,PE,0.0,0.0,0.0,5.75,2.05,0,0.0,0,0,18-APR-2022,
OPTSTK,LALPATHLAB,30-Jun-2022,1750.0,PE,0.0,0.0,0.0,7.95,3.05,0,0.0,0,0,18-APR-2022,
OPTSTK,LALPATHLAB,30-Jun-2022,1800.0,PE,0.0,0.0,0.0,10.8,4.4,0,0.0,0,0,18-APR-2022,
OPTSTK,LALPATHLAB,30-Jun-2022,1850.0,PE,0.0,0.0,0.0,14.4,6.25,0,0.0,0,0,18-APR-2022,
OPTSTK,LALPATHLAB,30-Jun-2022,1900.0,PE,0.0,0.0,0.0,18.9,8.65,0,0.0,0,0,18-APR-2022,
OPTSTK,LALPATHLAB,30-Jun-2022,1950.0,PE,0.0,0.0,0.0,24.3,11.75,0,0.0,0,0,18-APR-2022,
OPTSTK,LALPATHLAB,30-Jun-2022,2000.0,PE,0.0,0.0,0.0,30.8,15.7,0,0.0,0,0,18-APR-2022,
OPTSTK,LALPATHLAB,30-Jun-2022,2050.0,PE,0.0,0.0,0.0,38.5,20.55,0,0.0,0,0,18-APR-2022,
OPTSTK,LALPATHLAB,30-Jun-2022,2100.0,PE,0.0,0.0,0.0,47.5,26.5,0,0.0,0,0,18-APR-2022,
OPTSTK,LALPATHLAB,30-Jun-2022,2150.0,PE,0.0,0.0,0.0,57.85,33.6,0,0.0,0,0,18-APR-2022,
OPTSTK,LALPATHLAB,30-Jun-2022,2200.0,PE,0.0,0.0,0.0,69.8,42.05,0,0.0,0,0,18-APR-2022,
OPTSTK,LALPATHLAB,30-Jun-2022,2250.0,PE,0.0,0.0,0.0,83.15,51.9,0,0.0,0,0,18-APR-2022,
OPTSTK,LALPATHLAB,30-Jun-2022,2300.0,PE,0.0,0.0,0.0,98.1,63.25,0,0.0,0,0,18-APR-2022,
OPTSTK,LALPATHLAB,30-Jun-2022,2350.0,PE,0.0,0.0,0.0,114.6,76.25,0,0.0,0,0,18-APR-2022,
OPTSTK,LALPATHLAB,30-Jun-2022,2400.0,PE,0.0,0.0,0.0,132.85,90.85,0,0.0,0,0,18-APR-2022,
OPTSTK,LALPATHLAB,30-Jun-2022,2450.0,PE,0.0,0.0,0.0,152.85,107.1,0,0.0,0,0,18-APR-2022,
OPTSTK,LALPATHLAB,30-Jun-2022,2500.0,PE,0.0,0.0,0.0,174.5,125.3,0,0.0,0,0,18-APR-2022,
OPTSTK,LALPATHLAB,30-Jun-2022,2550.0,PE,0.0,0.0,0.0,197.85,145.25,0,0.0,0,0,18-APR-2022,
OPTSTK,LALPATHLAB,30-Jun-2022,2600.0,PE,0.0,0.0,0.0,222.85,167.0,0,0.0,0,0,18-APR-2022,
OPTSTK,LALPATHLAB,30-Jun-2022,2650.0,PE,0.0,0.0,0.0,249.45,190.55,0,0.0,0,0,18-APR-2022,
OPTSTK,LALPATHLAB,30-Jun-2022,2700.0,PE,0.0,0.0,0.0,277.65,215.85,0,0.0,0,0,18-APR-2022,
OPTSTK,LALPATHLAB,30-Jun-2022,2750.0,PE,0.0,0.0,0.0,307.35,242.9,0,0.0,0,0,18-APR-2022,
OPTSTK,LALPATHLAB,30-Jun-2022,2800.0,PE,0.0,0.0,0.0,338.5,271.6,0,0.0,0,0,18-APR-2022,
OPTSTK,LALPATHLAB,30-Jun-2022,2850.0,PE,0.0,0.0,0.0,371.1,302.0,0,0.0,0,0,18-APR-2022,
OPTSTK,LALPATHLAB,30-Jun-2022,2900.0,PE,0.0,0.0,0.0,405.05,333.9,0,0.0,0,0,18-APR-2022,
OPTSTK,LALPATHLAB,30-Jun-2022,2950.0,PE,0.0,0.0,0.0,440.25,367.3,0,0.0,0,0,18-APR-2022,
OPTSTK,LALPATHLAB,30-Jun-2022,3000.0,PE,0.0,0.0,0.0,476.75,402.15,0,0.0,0,0,18-APR-2022,
OPTSTK,LALPATHLAB,30-Jun-2022,3050.0,PE,0.0,0.0,0.0,514.3,438.3,0,0.0,0,0,18-APR-2022,
OPTSTK,LALPATHLAB,30-Jun-2022,3100.0,PE,0.0,0.0,0.0,552.9,475.85,0,0.0,0,0,18-APR-2022,
OPTSTK,LALPATHLAB,30-Jun-2022,3150.0,PE,0.0,0.0,0.0,592.5,514.45,0,0.0,0,0,18-APR-2022,
OPTSTK,LALPATHLAB,30-Jun-2022,3200.0,PE,0.0,0.0,0.0,632.9,554.0,0,0.0,0,0,18-APR-2022,
OPTSTK,LALPATHLAB,30-Jun-2022,3250.0,PE,0.0,0.0,0.0,674.2,594.65,0,0.0,0,0,18-APR-2022,
OPTSTK,LALPATHLAB,30-Jun-2022,3300.0,PE,0.0,0.0,0.0,716.3,636.2,0,0.0,0,0,18-APR-2022,
OPTSTK,LALPATHLAB,30-Jun-2022,3350.0,PE,0.0,0.0,0.0,759.15,678.6,0,0.0,0,0,18-APR-2022,
OPTSTK,LALPATHLAB,30-Jun-2022,3400.0,PE,0.0,0.0,0.0,802.6,721.75,0,0.0,0,0,18-APR-2022,
OPTSTK,LALPATHLAB,30-Jun-2022,3450.0,PE,0.0,0.0,0.0,846.7,765.65,0,0.0,0,0,18-APR-2022,
OPTSTK,LALPATHLAB,30-Jun-2022,3500.0,PE,0.0,0.0,0.0,891.3,810.15,0,0.0,0,0,18-APR-2022,
OPTSTK,LALPATHLAB,30-Jun-2022,3550.0,PE,0.0,0.0,0.0,936.45,855.2,0,0.0,0,0,18-APR-2022,
OPTSTK,LALPATHLAB,30-Jun-2022,3600.0,PE,0.0,0.0,0.0,982.0,900.8,0,0.0,0,0,18-APR-2022,
OPTSTK,LALPATHLAB,30-Jun-2022,3650.0,PE,0.0,0.0,0.0,1028.0,946.85,0,0.0,0,0,18-APR-2022,
OPTSTK,LALPATHLAB,30-Jun-2022,3700.0,PE,0.0,0.0,0.0,1074.4,993.3,0,0.0,0,0,18-APR-2022,
OPTSTK,LAURUSLABS,28-Apr-2022,340.0,CE,0.0,0.0,0.0,132.6,258.45,0,0.0,0,0,18-APR-2022,
OPTSTK,LAURUSLABS,28-Apr-2022,350.0,CE,0.0,0.0,0.0,124.0,248.45,0,0.0,0,0,18-APR-2022,
OPTSTK,LAURUSLABS,28-Apr-2022,360.0,CE,0.0,0.0,0.0,115.65,238.5,0,0.0,0,0,18-APR-2022,
OPTSTK,LAURUSLABS,28-Apr-2022,370.0,CE,0.0,0.0,0.0,107.6,228.5,0,0.0,0,0,18-APR-2022,
OPTSTK,LAURUSLABS,28-Apr-2022,380.0,CE,0.0,0.0,0.0,99.85,218.5,0,0.0,0,0,18-APR-2022,
OPTSTK,LAURUSLABS,28-Apr-2022,390.0,CE,0.0,0.0,0.0,92.4,208.5,0,0.0,0,0,18-APR-2022,
OPTSTK,LAURUSLABS,28-Apr-2022,400.0,CE,0.0,0.0,0.0,85.3,198.5,0,0.0,0,0,18-APR-2022,
OPTSTK,LAURUSLABS,28-Apr-2022,410.0,CE,0.0,0.0,0.0,78.5,188.55,0,0.0,0,0,18-APR-2022,
OPTSTK,LAURUSLABS,28-Apr-2022,420.0,CE,0.0,0.0,0.0,72.1,178.55,0,0.0,0,0,18-APR-2022,
OPTSTK,LAURUSLABS,28-Apr-2022,430.0,CE,0.0,0.0,0.0,66.05,168.55,0,0.0,0,0,18-APR-2022,
OPTSTK,LAURUSLABS,28-Apr-2022,440.0,CE,0.0,0.0,0.0,60.35,158.55,0,0.0,0,0,18-APR-2022,
OPTSTK,LAURUSLABS,28-Apr-2022,450.0,CE,0.0,0.0,0.0,55.05,148.6,0,0.0,0,0,18-APR-2022,
OPTSTK,LAURUSLABS,28-Apr-2022,460.0,CE,0.0,0.0,0.0,50.1,138.6,0,0.0,0,0,18-APR-2022,
OPTSTK,LAURUSLABS,28-Apr-2022,470.0,CE,0.0,0.0,0.0,45.45,128.6,0,0.0,0,0,18-APR-2022,
OPTSTK,LAURUSLABS,28-Apr-2022,480.0,CE,0.0,0.0,0.0,41.2,118.65,0,0.0,0,0,18-APR-2022,
OPTSTK,LAURUSLABS,28-Apr-2022,490.0,CE,0.0,0.0,0.0,37.2,108.7,0,0.0,0,0,18-APR-2022,
OPTSTK,LAURUSLABS,28-Apr-2022,500.0,CE,0.0,0.0,0.0,100.0,98.8,0,0.0,1800,0,18-APR-2022,
OPTSTK,LAURUSLABS,28-Apr-2022,510.0,CE,0.0,0.0,0.0,30.25,89.0,0,0.0,0,0,18-APR-2022,
OPTSTK,LAURUSLABS,28-Apr-2022,520.0,CE,0.0,0.0,0.0,81.0,79.3,0,0.0,900,0,18-APR-2022,
OPTSTK,LAURUSLABS,28-Apr-2022,530.0,CE,0.0,0.0,0.0,24.4,69.85,0,0.0,0,0,18-APR-2022,
OPTSTK,LAURUSLABS,28-Apr-2022,540.0,CE,0.0,0.0,0.0,21.85,60.7,0,0.0,0,0,18-APR-2022,
OPTSTK,LAURUSLABS,28-Apr-2022,550.0,CE,0.0,0.0,0.0,68.15,52.0,0,0.0,6300,0,18-APR-2022,
OPTSTK,LAURUSLABS,28-Apr-2022,560.0,CE,0.0,0.0,0.0,17.45,43.8,0,0.0,0,0,18-APR-2022,
OPTSTK,LAURUSLABS,28-Apr-2022,570.0,CE,0.0,0.0,0.0,48.7,36.25,0,0.0,900,0,18-APR-2022,
OPTSTK,LAURUSLABS,28-Apr-2022,580.0,CE,0.0,0.0,0.0,13.85,29.45,0,0.0,0,0,18-APR-2022,
OPTSTK,LAURUSLABS,28-Apr-2022,590.0,CE,24.0,24.5,17.95,22.7,23.45,10,55.02,20700,900,18-APR-2022,
OPTSTK,LAURUSLABS,28-Apr-2022,600.0,CE,15.45,18.0,13.1,15.3,15.3,222,1230.76,324900,8100,18-APR-2022,
OPTSTK,LAURUSLABS,28-Apr-2022,610.0,CE,9.6,13.3,9.6,11.4,11.4,93,520.52,227700,15300,18-APR-2022,
OPTSTK,LAURUSLABS,28-Apr-2022,620.0,CE,6.15,9.75,6.0,7.9,7.9,159,898.93,339300,-11700,18-APR-2022,
OPTSTK,LAURUSLABS,28-Apr-2022,630.0,CE,4.9,6.7,3.9,5.0,5.0,22,125.77,73800,9900,18-APR-2022,
OPTSTK,LAURUSLABS,28-Apr-2022,640.0,CE,3.45,4.9,2.85,3.4,5.5,27,156.4,156600,-4500,18-APR-2022,
OPTSTK,LAURUSLABS,28-Apr-2022,650.0,CE,3.2,3.8,1.5,3.15,3.15,42,246.86,209700,2700,18-APR-2022,
OPTSTK,LAURUSLABS,28-Apr-2022,660.0,CE,0.0,0.0,0.0,4.0,2.65,0,0.0,50400,0,18-APR-2022,
OPTSTK,LAURUSLABS,28-Apr-2022,670.0,CE,0.0,0.0,0.0,5.4,1.8,0,0.0,10800,0,18-APR-2022,
OPTSTK,LAURUSLABS,28-Apr-2022,680.0,CE,0.0,0.0,0.0,4.05,1.2,0,0.0,0,0,18-APR-2022,
OPTSTK,LAURUSLABS,28-Apr-2022,690.0,CE,0.0,0.0,0.0,6.65,0.75,0,0.0,0,0,18-APR-2022,
OPTSTK,LAURUSLABS,28-Apr-2022,700.0,CE,1.0,1.05,1.0,1.05,1.05,2,12.61,84600,0,18-APR-2022,
OPTSTK,LAURUSLABS,28-Apr-2022,710.0,CE,0.0,0.0,0.0,5.2,0.3,0,0.0,900,0,18-APR-2022,
OPTSTK,LAURUSLABS,28-Apr-2022,720.0,CE,0.0,0.0,0.0,4.65,0.2,0,0.0,0,0,18-APR-2022,
OPTSTK,LAURUSLABS,28-Apr-2022,730.0,CE,0.0,0.0,0.0,6.6,0.1,0,0.0,0,0,18-APR-2022,
OPTSTK,LAURUSLABS,28-Apr-2022,340.0,PE,0.0,0.0,0.0,4.35,0.0,0,0.0,0,0,18-APR-2022,
OPTSTK,LAURUSLABS,28-Apr-2022,350.0,PE,0.0,0.0,0.0,5.65,0.0,0,0.0,0,0,18-APR-2022,
OPTSTK,LAURUSLABS,28-Apr-2022,360.0,PE,0.0,0.0,0.0,7.2,0.0,0,0.0,0,0,18-APR-2022,
OPTSTK,LAURUSLABS,28-Apr-2022,370.0,PE,0.0,0.0,0.0,9.05,0.0,0,0.0,0,0,18-APR-2022,
OPTSTK,LAURUSLABS,28-Apr-2022,380.0,PE,0.0,0.0,0.0,11.15,0.0,0,0.0,0,0,18-APR-2022,
OPTSTK,LAURUSLABS,28-Apr-2022,390.0,PE,0.0,0.0,0.0,13.65,0.0,0,0.0,0,0,18-APR-2022,
OPTSTK,LAURUSLABS,28-Apr-2022,400.0,PE,0.0,0.0,0.0,16.4,0.0,0,0.0,0,0,18-APR-2022,
OPTSTK,LAURUSLABS,28-Apr-2022,410.0,PE,0.0,0.0,0.0,19.55,0.0,0,0.0,0,0,18-APR-2022,
OPTSTK,LAURUSLABS,28-Apr-2022,420.0,PE,0.0,0.0,0.0,23.0,0.0,0,0.0,0,0,18-APR-2022,
OPTSTK,LAURUSLABS,28-Apr-2022,430.0,PE,0.0,0.0,0.0,26.85,0.0,0,0.0,0,0,18-APR-2022,
OPTSTK,LAURUSLABS,28-Apr-2022,440.0,PE,0.0,0.0,0.0,31.1,0.0,0,0.0,0,0,18-APR-2022,
OPTSTK,LAURUSLABS,28-Apr-2022,450.0,PE,0.0,0.0,0.0,0.25,0.0,0,0.0,900,0,18-APR-2022,
OPTSTK,LAURUSLABS,28-Apr-2022,460.0,PE,0.0,0.0,0.0,40.6,0.0,0,0.0,0,0,18-APR-2022,
OPTSTK,LAURUSLABS,28-Apr-2022,470.0,PE,0.0,0.0,0.0,45.85,0.05,0,0.0,0,0,18-APR-2022,
OPTSTK,LAURUSLABS,28-Apr-2022,480.0,PE,0.0,0.0,0.0,51.5,0.05,0,0.0,0,0,18-APR-2022,
OPTSTK,LAURUSLABS,28-Apr-2022,490.0,PE,0.0,0.0,0.0,57.4,0.1,0,0.0,0,0,18-APR-2022,
OPTSTK,LAURUSLABS,28-Apr-2022,500.0,PE,1.95,2.5,1.95,2.5,0.2,10,45.22,81900,9000,18-APR-2022,
OPTSTK,LAURUSLABS,28-Apr-2022,510.0,PE,0.0,0.0,0.0,70.2,0.35,0,0.0,0,0,18-APR-2022,
OPTSTK,LAURUSLABS,28-Apr-2022,520.0,PE,0.0,0.0,0.0,6.0,0.7,0,0.0,900,0,18-APR-2022,
OPTSTK,LAURUSLABS,28-Apr-2022,530.0,PE,0.0,0.0,0.0,84.15,1.2,0,0.0,0,0,18-APR-2022,
OPTSTK,LAURUSLABS,28-Apr-2022,540.0,PE,0.0,0.0,0.0,7.85,2.05,0,0.0,1800,0,18-APR-2022,
OPTSTK,LAURUSLABS,28-Apr-2022,550.0,PE,0.0,0.0,0.0,5.4,3.3,0,0.0,38700,0,18-APR-2022,
OPTSTK,LAURUSLABS,28-Apr-2022,560.0,PE,0.0,0.0,0.0,106.95,5.1,0,0.0,0,0,18-APR-2022,
OPTSTK,LAURUSLABS,28-Apr-2022,570.0,PE,5.15,5.15,5.15,5.15,7.55,2,10.35,19800,0,18-APR-2022,
OPTSTK,LAURUSLABS,28-Apr-2022,580.0,PE,7.1,8.9,6.7,7.8,10.75,9,47.58,40500,2700,18-APR-2022,
OPTSTK,LAURUSLABS,28-Apr-2022,590.0,PE,10.15,13.55,9.65,10.7,10.7,11,59.6,22500,3600,18-APR-2022,
OPTSTK,LAURUSLABS,28-Apr-2022,600.0,PE,15.6,18.45,14.0,15.45,15.45,27,149.79,318600,900,18-APR-2022,
OPTSTK,LAURUSLABS,28-Apr-2022,610.0,PE,0.0,0.0,0.0,18.45,25.25,0,0.0,11700,0,18-APR-2022,
OPTSTK,LAURUSLABS,28-Apr-2022,620.0,PE,0.0,0.0,0.0,31.75,31.7,0,0.0,4500,0,18-APR-2022,
OPTSTK,LAURUSLABS,28-Apr-2022,630.0,PE,0.0,0.0,0.0,41.75,38.95,0,0.0,1800,0,18-APR-2022,
OPTSTK,LAURUSLABS,28-Apr-2022,640.0,PE,0.0,0.0,0.0,175.35,46.7,0,0.0,0,0,18-APR-2022,
OPTSTK,LAURUSLABS,28-Apr-2022,650.0,PE,0.0,0.0,0.0,184.45,55.05,0,0.0,0,0,18-APR-2022,
OPTSTK,LAURUSLABS,28-Apr-2022,660.0,PE,0.0,0.0,0.0,193.65,63.85,0,0.0,0,0,18-APR-2022,
OPTSTK,LAURUSLABS,28-Apr-2022,670.0,PE,0.0,0.0,0.0,202.9,73.0,0,0.0,0,0,18-APR-2022,
OPTSTK,LAURUSLABS,28-Apr-2022,680.0,PE,0.0,0.0,0.0,212.25,82.35,0,0.0,0,0,18-APR-2022,
OPTSTK,LAURUSLABS,28-Apr-2022,690.0,PE,0.0,0.0,0.0,189.9,91.95,0,0.0,0,0,18-APR-2022,
OPTSTK,LAURUSLABS,28-Apr-2022,700.0,PE,0.0,0.0,0.0,199.05,101.65,0,0.0,0,0,18-APR-2022,
OPTSTK,LAURUSLABS,28-Apr-2022,710.0,PE,0.0,0.0,0.0,208.3,111.45,0,0.0,0,0,18-APR-2022,
OPTSTK,LAURUSLABS,28-Apr-2022,720.0,PE,0.0,0.0,0.0,217.6,121.35,0,0.0,0,0,18-APR-2022,
OPTSTK,LAURUSLABS,28-Apr-2022,730.0,PE,0.0,0.0,0.0,204.9,131.25,0,0.0,0,0,18-APR-2022,
OPTSTK,LAURUSLABS,26-May-2022,340.0,CE,0.0,0.0,0.0,166.7,259.55,0,0.0,0,0,18-APR-2022,
OPTSTK,LAURUSLABS,26-May-2022,350.0,CE,0.0,0.0,0.0,157.55,249.6,0,0.0,0,0,18-APR-2022,
OPTSTK,LAURUSLABS,26-May-2022,360.0,CE,0.0,0.0,0.0,148.6,239.65,0,0.0,0,0,18-APR-2022,
OPTSTK,LAURUSLABS,26-May-2022,370.0,CE,0.0,0.0,0.0,139.85,229.7,0,0.0,0,0,18-APR-2022,
OPTSTK,LAURUSLABS,26-May-2022,380.0,CE,0.0,0.0,0.0,131.3,219.8,0,0.0,0,0,18-APR-2022,
OPTSTK,LAURUSLABS,26-May-2022,390.0,CE,0.0,0.0,0.0,123.0,209.85,0,0.0,0,0,18-APR-2022,
OPTSTK,LAURUSLABS,26-May-2022,400.0,CE,0.0,0.0,0.0,115.0,199.95,0,0.0,0,0,18-APR-2022,
OPTSTK,LAURUSLABS,26-May-2022,410.0,CE,0.0,0.0,0.0,107.25,190.05,0,0.0,0,0,18-APR-2022,
OPTSTK,LAURUSLABS,26-May-2022,420.0,CE,0.0,0.0,0.0,99.85,180.2,0,0.0,0,0,18-APR-2022,
OPTSTK,LAURUSLABS,26-May-2022,430.0,CE,0.0,0.0,0.0,92.7,170.4,0,0.0,0,0,18-APR-2022,
OPTSTK,LAURUSLABS,26-May-2022,440.0,CE,0.0,0.0,0.0,85.85,160.65,0,0.0,0,0,18-APR-2022,
OPTSTK,LAURUSLABS,26-May-2022,450.0,CE,0.0,0.0,0.0,79.35,151.0,0,0.0,0,0,18-APR-2022,
OPTSTK,LAURUSLABS,26-May-2022,460.0,CE,0.0,0.0,0.0,73.2,141.5,0,0.0,0,0,18-APR-2022,
OPTSTK,LAURUSLABS,26-May-2022,470.0,CE,0.0,0.0,0.0,67.4,132.1,0,0.0,0,0,18-APR-2022,
OPTSTK,LAURUSLABS,26-May-2022,480.0,CE,0.0,0.0,0.0,61.95,122.9,0,0.0,0,0,18-APR-2022,
OPTSTK,LAURUSLABS,26-May-2022,490.0,CE,0.0,0.0,0.0,56.8,113.9,0,0.0,0,0,18-APR-2022,
OPTSTK,LAURUSLABS,26-May-2022,500.0,CE,0.0,0.0,0.0,51.95,105.15,0,0.0,0,0,18-APR-2022,
OPTSTK,LAURUSLABS,26-May-2022,510.0,CE,0.0,0.0,0.0,47.45,96.65,0,0.0,0,0,18-APR-2022,
OPTSTK,LAURUSLABS,26-May-2022,520.0,CE,0.0,0.0,0.0,43.3,88.45,0,0.0,0,0,18-APR-2022,
OPTSTK,LAURUSLABS,26-May-2022,530.0,CE,0.0,0.0,0.0,39.4,80.65,0,0.0,0,0,18-APR-2022,
OPTSTK,LAURUSLABS,26-May-2022,540.0,CE,0.0,0.0,0.0,35.8,73.2,0,0.0,0,0,18-APR-2022,
OPTSTK,LAURUSLABS,26-May-2022,550.0,CE,0.0,0.0,0.0,32.45,66.1,0,0.0,0,0,18-APR-2022,
OPTSTK,LAURUSLABS,26-May-2022,560.0,CE,0.0,0.0,0.0,29.4,59.45,0,0.0,0,0,18-APR-2022,
OPTSTK,LAURUSLABS,26-May-2022,570.0,CE,0.0,0.0,0.0,26.6,53.2,0,0.0,0,0,18-APR-2022,
OPTSTK,LAURUSLABS,26-May-2022,580.0,CE,0.0,0.0,0.0,24.0,47.45,0,0.0,0,0,18-APR-2022,
OPTSTK,LAURUSLABS,26-May-2022,590.0,CE,0.0,0.0,0.0,21.65,42.05,0,0.0,0,0,18-APR-2022,
OPTSTK,LAURUSLABS,26-May-2022,600.0,CE,30.0,30.0,30.0,30.0,37.15,1,5.67,2700,900,18-APR-2022,
OPTSTK,LAURUSLABS,26-May-2022,610.0,CE,0.0,0.0,0.0,37.85,32.65,0,0.0,900,0,18-APR-2022,
OPTSTK,LAURUSLABS,26-May-2022,620.0,CE,0.0,0.0,0.0,25.0,28.6,0,0.0,8100,0,18-APR-2022,
OPTSTK,LAURUSLABS,26-May-2022,630.0,CE,0.0,0.0,0.0,16.55,24.9,0,0.0,4500,0,18-APR-2022,
OPTSTK,LAURUSLABS,26-May-2022,640.0,CE,0.0,0.0,0.0,22.9,21.6,0,0.0,2700,0,18-APR-2022,
OPTSTK,LAURUSLABS,26-May-2022,650.0,CE,0.0,0.0,0.0,18.0,18.7,0,0.0,4500,0,18-APR-2022,
OPTSTK,LAURUSLABS,26-May-2022,660.0,CE,0.0,0.0,0.0,19.9,16.1,0,0.0,4500,0,18-APR-2022,
OPTSTK,LAURUSLABS,26-May-2022,670.0,CE,0.0,0.0,0.0,16.0,13.8,0,0.0,2700,0,18-APR-2022,
OPTSTK,LAURUSLABS,26-May-2022,680.0,CE,0.0,0.0,0.0,8.1,11.75,0,0.0,0,0,18-APR-2022,
OPTSTK,LAURUSLABS,26-May-2022,690.0,CE,0.0,0.0,0.0,7.2,10.0,0,0.0,0,0,18-APR-2022,
OPTSTK,LAURUSLABS,26-May-2022,700.0,CE,0.0,0.0,0.0,6.4,8.5,0,0.0,0,0,18-APR-2022,
OPTSTK,LAURUSLABS,26-May-2022,710.0,CE,0.0,0.0,0.0,5.7,7.15,0,0.0,0,0,18-APR-2022,
OPTSTK,LAURUSLABS,26-May-2022,720.0,CE,0.0,0.0,0.0,5.05,6.0,0,0.0,0,0,18-APR-2022,
OPTSTK,LAURUSLABS,26-May-2022,730.0,CE,0.0,0.0,0.0,7.6,5.05,0,0.0,0,0,18-APR-2022,
OPTSTK,LAURUSLABS,26-May-2022,340.0,PE,0.0,0.0,0.0,2.3,0.0,0,0.0,0,0,18-APR-2022,
OPTSTK,LAURUSLABS,26-May-2022,350.0,PE,0.0,0.0,0.0,3.05,0.0,0,0.0,0,0,18-APR-2022,
OPTSTK,LAURUSLABS,26-May-2022,360.0,PE,0.0,0.0,0.0,4.0,0.05,0,0.0,0,0,18-APR-2022,
OPTSTK,LAURUSLABS,26-May-2022,370.0,PE,0.0,0.0,0.0,5.15,0.05,0,0.0,0,0,18-APR-2022,
OPTSTK,LAURUSLABS,26-May-2022,380.0,PE,0.0,0.0,0.0,6.5,0.05,0,0.0,0,0,18-APR-2022,
OPTSTK,LAURUSLABS,26-May-2022,390.0,PE,0.0,0.0,0.0,8.1,0.1,0,0.0,0,0,18-APR-2022,
OPTSTK,LAURUSLABS,26-May-2022,400.0,PE,0.0,0.0,0.0,9.95,0.1,0,0.0,0,0,18-APR-2022,
OPTSTK,LAURUSLABS,26-May-2022,410.0,PE,0.0,0.0,0.0,12.1,0.2,0,0.0,0,0,18-APR-2022,
OPTSTK,LAURUSLABS,26-May-2022,420.0,PE,0.0,0.0,0.0,14.6,0.3,0,0.0,0,0,18-APR-2022,
OPTSTK,LAURUSLABS,26-May-2022,430.0,PE,0.0,0.0,0.0,17.35,0.45,0,0.0,0,0,18-APR-2022,
OPTSTK,LAURUSLABS,26-May-2022,440.0,PE,0.0,0.0,0.0,20.4,0.65,0,0.0,0,0,18-APR-2022,
OPTSTK,LAURUSLABS,26-May-2022,450.0,PE,0.0,0.0,0.0,23.8,1.0,0,0.0,0,0,18-APR-2022,
OPTSTK,LAURUSLABS,26-May-2022,460.0,PE,0.0,0.0,0.0,27.55,1.4,0,0.0,0,0,18-APR-2022,
OPTSTK,LAURUSLABS,26-May-2022,470.0,PE,0.0,0.0,0.0,31.65,1.95,0,0.0,0,0,18-APR-2022,
OPTSTK,LAURUSLABS,26-May-2022,480.0,PE,0.0,0.0,0.0,36.05,2.7,0,0.0,0,0,18-APR-2022,
OPTSTK,LAURUSLABS,26-May-2022,490.0,PE,0.0,0.0,0.0,40.8,3.65,0,0.0,0,0,18-APR-2022,
OPTSTK,LAURUSLABS,26-May-2022,500.0,PE,0.0,0.0,0.0,8.5,4.85,0,0.0,900,0,18-APR-2022,
OPTSTK,LAURUSLABS,26-May-2022,510.0,PE,0.0,0.0,0.0,51.3,6.35,0,0.0,0,0,18-APR-2022,
OPTSTK,LAURUSLABS,26-May-2022,520.0,PE,0.0,0.0,0.0,57.0,8.15,0,0.0,0,0,18-APR-2022,
OPTSTK,LAURUSLABS,26-May-2022,530.0,PE,0.0,0.0,0.0,63.0,10.25,0,0.0,0,0,18-APR-2022,
OPTSTK,LAURUSLABS,26-May-2022,540.0,PE,0.0,0.0,0.0,18.05,12.75,0,0.0,900,0,18-APR-2022,
OPTSTK,LAURUSLABS,26-May-2022,550.0,PE,0.0,0.0,0.0,75.85,15.6,0,0.0,0,0,18-APR-2022,
OPTSTK,LAURUSLABS,26-May-2022,560.0,PE,0.0,0.0,0.0,82.7,18.9,0,0.0,0,0,18-APR-2022,
OPTSTK,LAURUSLABS,26-May-2022,570.0,PE,0.0,0.0,0.0,89.75,22.65,0,0.0,0,0,18-APR-2022,
OPTSTK,LAURUSLABS,26-May-2022,580.0,PE,0.0,0.0,0.0,97.1,26.8,0,0.0,0,0,18-APR-2022,
OPTSTK,LAURUSLABS,26-May-2022,590.0,PE,0.0,0.0,0.0,104.65,31.4,0,0.0,0,0,18-APR-2022,
OPTSTK,LAURUSLABS,26-May-2022,600.0,PE,0.0,0.0,0.0,31.0,36.45,0,0.0,900,0,18-APR-2022,
OPTSTK,LAURUSLABS,26-May-2022,610.0,PE,0.0,0.0,0.0,34.0,41.9,0,0.0,900,0,18-APR-2022,
OPTSTK,LAURUSLABS,26-May-2022,620.0,PE,0.0,0.0,0.0,39.0,47.8,0,0.0,900,0,18-APR-2022,
OPTSTK,LAURUSLABS,26-May-2022,630.0,PE,0.0,0.0,0.0,136.7,54.1,0,0.0,0,0,18-APR-2022,
OPTSTK,LAURUSLABS,26-May-2022,640.0,PE,0.0,0.0,0.0,145.1,60.75,0,0.0,0,0,18-APR-2022,
OPTSTK,LAURUSLABS,26-May-2022,650.0,PE,0.0,0.0,0.0,153.7,67.75,0,0.0,0,0,18-APR-2022,
OPTSTK,LAURUSLABS,26-May-2022,660.0,PE,0.0,0.0,0.0,162.4,75.15,0,0.0,0,0,18-APR-2022,
OPTSTK,LAURUSLABS,26-May-2022,670.0,PE,0.0,0.0,0.0,171.2,82.8,0,0.0,0,0,18-APR-2022,
OPTSTK,LAURUSLABS,26-May-2022,680.0,PE,0.0,0.0,0.0,180.1,90.7,0,0.0,0,0,18-APR-2022,
OPTSTK,LAURUSLABS,26-May-2022,690.0,PE,0.0,0.0,0.0,189.15,98.9,0,0.0,0,0,18-APR-2022,
OPTSTK,LAURUSLABS,26-May-2022,700.0,PE,0.0,0.0,0.0,198.25,107.35,0,0.0,0,0,18-APR-2022,
OPTSTK,LAURUSLABS,26-May-2022,710.0,PE,0.0,0.0,0.0,207.45,115.95,0,0.0,0,0,18-APR-2022,
OPTSTK,LAURUSLABS,26-May-2022,720.0,PE,0.0,0.0,0.0,216.7,124.8,0,0.0,0,0,18-APR-2022,
OPTSTK,LAURUSLABS,26-May-2022,730.0,PE,0.0,0.0,0.0,199.25,133.75,0,0.0,0,0,18-APR-2022,
OPTSTK,LAURUSLABS,30-Jun-2022,350.0,CE,0.0,0.0,0.0,244.35,251.2,0,0.0,0,0,18-APR-2022,
OPTSTK,LAURUSLABS,30-Jun-2022,360.0,CE,0.0,0.0,0.0,234.7,241.4,0,0.0,0,0,18-APR-2022,
OPTSTK,LAURUSLABS,30-Jun-2022,370.0,CE,0.0,0.0,0.0,225.1,231.6,0,0.0,0,0,18-APR-2022,
OPTSTK,LAURUSLABS,30-Jun-2022,380.0,CE,0.0,0.0,0.0,215.6,221.85,0,0.0,0,0,18-APR-2022,
OPTSTK,LAURUSLABS,30-Jun-2022,390.0,CE,0.0,0.0,0.0,206.15,212.15,0,0.0,0,0,18-APR-2022,
OPTSTK,LAURUSLABS,30-Jun-2022,400.0,CE,0.0,0.0,0.0,196.85,202.55,0,0.0,0,0,18-APR-2022,
OPTSTK,LAURUSLABS,30-Jun-2022,410.0,CE,0.0,0.0,0.0,187.7,193.05,0,0.0,0,0,18-APR-2022,
OPTSTK,LAURUSLABS,30-Jun-2022,420.0,CE,0.0,0.0,0.0,178.65,183.6,0,0.0,0,0,18-APR-2022,
OPTSTK,LAURUSLABS,30-Jun-2022,430.0,CE,0.0,0.0,0.0,169.8,174.35,0,0.0,0,0,18-APR-2022,
OPTSTK,LAURUSLABS,30-Jun-2022,440.0,CE,0.0,0.0,0.0,161.1,165.2,0,0.0,0,0,18-APR-2022,
OPTSTK,LAURUSLABS,30-Jun-2022,450.0,CE,0.0,0.0,0.0,152.6,156.2,0,0.0,0,0,18-APR-2022,
OPTSTK,LAURUSLABS,30-Jun-2022,460.0,CE,0.0,0.0,0.0,144.3,147.45,0,0.0,0,0,18-APR-2022,
OPTSTK,LAURUSLABS,30-Jun-2022,470.0,CE,0.0,0.0,0.0,136.25,138.85,0,0.0,0,0,18-APR-2022,
OPTSTK,LAURUSLABS,30-Jun-2022,480.0,CE,0.0,0.0,0.0,128.45,130.5,0,0.0,0,0,18-APR-2022,
OPTSTK,LAURUSLABS,30-Jun-2022,490.0,CE,0.0,0.0,0.0,120.85,122.35,0,0.0,0,0,18-APR-2022,
OPTSTK,LAURUSLABS,30-Jun-2022,500.0,CE,0.0,0.0,0.0,113.55,114.5,0,0.0,0,0,18-APR-2022,
OPTSTK,LAURUSLABS,30-Jun-2022,510.0,CE,0.0,0.0,0.0,106.5,106.9,0,0.0,0,0,18-APR-2022,
OPTSTK,LAURUSLABS,30-Jun-2022,520.0,CE,0.0,0.0,0.0,99.75,99.65,0,0.0,0,0,18-APR-2022,
OPTSTK,LAURUSLABS,30-Jun-2022,530.0,CE,0.0,0.0,0.0,93.25,92.65,0,0.0,0,0,18-APR-2022,
OPTSTK,LAURUSLABS,30-Jun-2022,540.0,CE,0.0,0.0,0.0,87.05,85.9,0,0.0,0,0,18-APR-2022,
OPTSTK,LAURUSLABS,30-Jun-2022,550.0,CE,0.0,0.0,0.0,81.15,79.55,0,0.0,0,0,18-APR-2022,
OPTSTK,LAURUSLABS,30-Jun-2022,560.0,CE,0.0,0.0,0.0,75.5,73.5,0,0.0,0,0,18-APR-2022,
OPTSTK,LAURUSLABS,30-Jun-2022,570.0,CE,0.0,0.0,0.0,70.15,67.75,0,0.0,0,0,18-APR-2022,
OPTSTK,LAURUSLABS,30-Jun-2022,580.0,CE,0.0,0.0,0.0,65.1,62.3,0,0.0,0,0,18-APR-2022,
OPTSTK,LAURUSLABS,30-Jun-2022,590.0,CE,0.0,0.0,0.0,60.35,57.2,0,0.0,0,0,18-APR-2022,
OPTSTK,LAURUSLABS,30-Jun-2022,600.0,CE,0.0,0.0,0.0,55.85,52.45,0,0.0,0,0,18-APR-2022,
OPTSTK,LAURUSLABS,30-Jun-2022,610.0,CE,0.0,0.0,0.0,51.6,47.95,0,0.0,0,0,18-APR-2022,
OPTSTK,LAURUSLABS,30-Jun-2022,620.0,CE,0.0,0.0,0.0,47.6,43.75,0,0.0,0,0,18-APR-2022,
OPTSTK,LAURUSLABS,30-Jun-2022,630.0,CE,0.0,0.0,0.0,43.9,39.9,0,0.0,0,0,18-APR-2022,
OPTSTK,LAURUSLABS,30-Jun-2022,640.0,CE,0.0,0.0,0.0,40.4,36.25,0,0.0,0,0,18-APR-2022,
OPTSTK,LAURUSLABS,30-Jun-2022,650.0,CE,0.0,0.0,0.0,37.15,32.95,0,0.0,0,0,18-APR-2022,
OPTSTK,LAURUSLABS,30-Jun-2022,660.0,CE,0.0,0.0,0.0,34.1,29.85,0,0.0,0,0,18-APR-2022,
OPTSTK,LAURUSLABS,30-Jun-2022,670.0,CE,0.0,0.0,0.0,31.3,27.0,0,0.0,0,0,18-APR-2022,
OPTSTK,LAURUSLABS,30-Jun-2022,680.0,CE,0.0,0.0,0.0,28.65,24.4,0,0.0,0,0,18-APR-2022,
OPTSTK,LAURUSLABS,30-Jun-2022,690.0,CE,0.0,0.0,0.0,26.3,22.05,0,0.0,0,0,18-APR-2022,
OPTSTK,LAURUSLABS,30-Jun-2022,700.0,CE,0.0,0.0,0.0,24.05,19.85,0,0.0,0,0,18-APR-2022,
OPTSTK,LAURUSLABS,30-Jun-2022,710.0,CE,0.0,0.0,0.0,21.95,17.85,0,0.0,0,0,18-APR-2022,
OPTSTK,LAURUSLABS,30-Jun-2022,720.0,CE,0.0,0.0,0.0,20.05,16.0,0,0.0,0,0,18-APR-2022,
OPTSTK,LAURUSLABS,30-Jun-2022,730.0,CE,0.0,0.0,0.0,18.25,14.35,0,0.0,0,0,18-APR-2022,
OPTSTK,LAURUSLABS,30-Jun-2022,350.0,PE,0.0,0.0,0.0,0.6,0.2,0,0.0,0,0,18-APR-2022,
OPTSTK,LAURUSLABS,30-Jun-2022,360.0,PE,0.0,0.0,0.0,0.8,0.3,0,0.0,0,0,18-APR-2022,
OPTSTK,LAURUSLABS,30-Jun-2022,370.0,PE,0.0,0.0,0.0,1.1,0.4,0,0.0,0,0,18-APR-2022,
OPTSTK,LAURUSLABS,30-Jun-2022,380.0,PE,0.0,0.0,0.0,1.5,0.6,0,0.0,0,0,18-APR-2022,
OPTSTK,LAURUSLABS,30-Jun-2022,390.0,PE,0.0,0.0,0.0,1.95,0.8,0,0.0,0,0,18-APR-2022,
OPTSTK,LAURUSLABS,30-Jun-2022,400.0,PE,0.0,0.0,0.0,2.55,1.1,0,0.0,0,0,18-APR-2022,
OPTSTK,LAURUSLABS,30-Jun-2022,410.0,PE,0.0,0.0,0.0,3.25,1.5,0,0.0,0,0,18-APR-2022,
OPTSTK,LAURUSLABS,30-Jun-2022,420.0,PE,0.0,0.0,0.0,4.15,2.0,0,0.0,0,0,18-APR-2022,
OPTSTK,LAURUSLABS,30-Jun-2022,430.0,PE,0.0,0.0,0.0,5.15,2.65,0,0.0,0,0,18-APR-2022,
OPTSTK,LAURUSLABS,30-Jun-2022,440.0,PE,0.0,0.0,0.0,6.35,3.4,0,0.0,0,0,18-APR-2022,
OPTSTK,LAURUSLABS,30-Jun-2022,450.0,PE,0.0,0.0,0.0,7.75,4.35,0,0.0,0,0,18-APR-2022,
OPTSTK,LAURUSLABS,30-Jun-2022,460.0,PE,0.0,0.0,0.0,9.35,5.5,0,0.0,0,0,18-APR-2022,
OPTSTK,LAURUSLABS,30-Jun-2022,470.0,PE,0.0,0.0,0.0,11.2,6.8,0,0.0,0,0,18-APR-2022,
OPTSTK,LAURUSLABS,30-Jun-2022,480.0,PE,0.0,0.0,0.0,13.3,8.35,0,0.0,0,0,18-APR-2022,
OPTSTK,LAURUSLABS,30-Jun-2022,490.0,PE,0.0,0.0,0.0,15.6,10.15,0,0.0,0,0,18-APR-2022,
OPTSTK,LAURUSLABS,30-Jun-2022,500.0,PE,0.0,0.0,0.0,18.2,12.2,0,0.0,0,0,18-APR-2022,
OPTSTK,LAURUSLABS,30-Jun-2022,510.0,PE,0.0,0.0,0.0,21.05,14.55,0,0.0,0,0,18-APR-2022,
OPTSTK,LAURUSLABS,30-Jun-2022,520.0,PE,0.0,0.0,0.0,24.2,17.2,0,0.0,0,0,18-APR-2022,
OPTSTK,LAURUSLABS,30-Jun-2022,530.0,PE,0.0,0.0,0.0,27.55,20.1,0,0.0,0,0,18-APR-2022,
OPTSTK,LAURUSLABS,30-Jun-2022,540.0,PE,0.0,0.0,0.0,31.25,23.3,0,0.0,0,0,18-APR-2022,
OPTSTK,LAURUSLABS,30-Jun-2022,550.0,PE,0.0,0.0,0.0,35.25,26.85,0,0.0,0,0,18-APR-2022,
OPTSTK,LAURUSLABS,30-Jun-2022,560.0,PE,0.0,0.0,0.0,39.5,30.7,0,0.0,0,0,18-APR-2022,
OPTSTK,LAURUSLABS,30-Jun-2022,570.0,PE,0.0,0.0,0.0,44.1,34.85,0,0.0,0,0,18-APR-2022,
OPTSTK,LAURUSLABS,30-Jun-2022,580.0,PE,0.0,0.0,0.0,48.9,39.35,0,0.0,0,0,18-APR-2022,
OPTSTK,LAURUSLABS,30-Jun-2022,590.0,PE,0.0,0.0,0.0,54.05,44.2,0,0.0,0,0,18-APR-2022,
OPTSTK,LAURUSLABS,30-Jun-2022,600.0,PE,0.0,0.0,0.0,59.45,49.3,0,0.0,0,0,18-APR-2022,
OPTSTK,LAURUSLABS,30-Jun-2022,610.0,PE,0.0,0.0,0.0,65.1,54.75,0,0.0,0,0,18-APR-2022,
OPTSTK,LAURUSLABS,30-Jun-2022,620.0,PE,0.0,0.0,0.0,71.0,60.5,0,0.0,0,0,18-APR-2022,
OPTSTK,LAURUSLABS,30-Jun-2022,630.0,PE,0.0,0.0,0.0,77.15,66.5,0,0.0,0,0,18-APR-2022,
OPTSTK,LAURUSLABS,30-Jun-2022,640.0,PE,0.0,0.0,0.0,83.55,72.8,0,0.0,0,0,18-APR-2022,
OPTSTK,LAURUSLABS,30-Jun-2022,650.0,PE,0.0,0.0,0.0,90.2,79.4,0,0.0,0,0,18-APR-2022,
OPTSTK,LAURUSLABS,30-Jun-2022,660.0,PE,0.0,0.0,0.0,97.1,86.2,0,0.0,0,0,18-APR-2022,
OPTSTK,LAURUSLABS,30-Jun-2022,670.0,PE,0.0,0.0,0.0,104.15,93.3,0,0.0,0,0,18-APR-2022,
OPTSTK,LAURUSLABS,30-Jun-2022,680.0,PE,0.0,0.0,0.0,111.4,100.6,0,0.0,0,0,18-APR-2022,
OPTSTK,LAURUSLABS,30-Jun-2022,690.0,PE,0.0,0.0,0.0,118.9,108.15,0,0.0,0,0,18-APR-2022,
OPTSTK,LAURUSLABS,30-Jun-2022,700.0,PE,0.0,0.0,0.0,126.6,115.85,0,0.0,0,0,18-APR-2022,
OPTSTK,LAURUSLABS,30-Jun-2022,710.0,PE,0.0,0.0,0.0,134.4,123.8,0,0.0,0,0,18-APR-2022,
OPTSTK,LAURUSLABS,30-Jun-2022,720.0,PE,0.0,0.0,0.0,142.4,131.85,0,0.0,0,0,18-APR-2022,
OPTSTK,LAURUSLABS,30-Jun-2022,730.0,PE,0.0,0.0,0.0,150.5,140.15,0,0.0,0,0,18-APR-2022,
OPTSTK,LICHSGFIN,28-Apr-2022,250.0,CE,0.0,0.0,0.0,100.2,127.05,0,0.0,0,0,18-APR-2022,
OPTSTK,LICHSGFIN,28-Apr-2022,255.0,CE,0.0,0.0,0.0,95.7,122.05,0,0.0,0,0,18-APR-2022,
OPTSTK,LICHSGFIN,28-Apr-2022,260.0,CE,0.0,0.0,0.0,116.0,117.05,0,0.0,2000,0,18-APR-2022,
OPTSTK,LICHSGFIN,28-Apr-2022,265.0,CE,0.0,0.0,0.0,87.0,112.05,0,0.0,0,0,18-APR-2022,
OPTSTK,LICHSGFIN,28-Apr-2022,270.0,CE,0.0,0.0,0.0,82.75,107.05,0,0.0,0,0,18-APR-2022,
OPTSTK,LICHSGFIN,28-Apr-2022,275.0,CE,0.0,0.0,0.0,78.6,102.1,0,0.0,0,0,18-APR-2022,
OPTSTK,LICHSGFIN,28-Apr-2022,280.0,CE,0.0,0.0,0.0,74.6,97.1,0,0.0,0,0,18-APR-2022,
OPTSTK,LICHSGFIN,28-Apr-2022,285.0,CE,0.0,0.0,0.0,70.65,92.1,0,0.0,0,0,18-APR-2022,
OPTSTK,LICHSGFIN,28-Apr-2022,290.0,CE,0.0,0.0,0.0,66.85,87.1,0,0.0,0,0,18-APR-2022,
OPTSTK,LICHSGFIN,28-Apr-2022,295.0,CE,0.0,0.0,0.0,63.15,82.1,0,0.0,0,0,18-APR-2022,
OPTSTK,LICHSGFIN,28-Apr-2022,300.0,CE,0.0,0.0,0.0,69.0,77.1,0,0.0,2000,0,18-APR-2022,
OPTSTK,LICHSGFIN,28-Apr-2022,305.0,CE,0.0,0.0,0.0,56.1,72.15,0,0.0,0,0,18-APR-2022,
OPTSTK,LICHSGFIN,28-Apr-2022,310.0,CE,0.0,0.0,0.0,52.75,67.2,0,0.0,0,0,18-APR-2022,
OPTSTK,LICHSGFIN,28-Apr-2022,315.0,CE,0.0,0.0,0.0,49.55,62.25,0,0.0,0,0,18-APR-2022,
OPTSTK,LICHSGFIN,28-Apr-2022,320.0,CE,0.0,0.0,0.0,46.5,57.35,0,0.0,0,0,18-APR-2022,
OPTSTK,LICHSGFIN,28-Apr-2022,325.0,CE,0.0,0.0,0.0,43.55,52.5,0,0.0,0,0,18-APR-2022,
OPTSTK,LICHSGFIN,28-Apr-2022,330.0,CE,0.0,0.0,0.0,40.75,47.7,0,0.0,0,0,18-APR-2022,
OPTSTK,LICHSGFIN,28-Apr-2022,335.0,CE,0.0,0.0,0.0,38.1,43.0,0,0.0,0,0,18-APR-2022,
OPTSTK,LICHSGFIN,28-Apr-2022,340.0,CE,0.0,0.0,0.0,49.55,38.45,0,0.0,10000,0,18-APR-2022,
OPTSTK,LICHSGFIN,28-Apr-2022,345.0,CE,0.0,0.0,0.0,33.1,34.1,0,0.0,0,0,18-APR-2022,
OPTSTK,LICHSGFIN,28-Apr-2022,350.0,CE,35.55,36.0,27.25,28.9,29.9,6,45.66,54000,0,18-APR-2022,
OPTSTK,LICHSGFIN,28-Apr-2022,355.0,CE,0.0,0.0,0.0,42.4,25.95,0,0.0,22000,0,18-APR-2022,
OPTSTK,LICHSGFIN,28-Apr-2022,360.0,CE,27.0,27.0,18.0,18.05,22.3,76,579.61,186000,-70000,18-APR-2022,
OPTSTK,LICHSGFIN,28-Apr-2022,365.0,CE,21.6,21.6,21.6,21.6,18.9,1,7.73,72000,0,18-APR-2022,
OPTSTK,LICHSGFIN,28-Apr-2022,370.0,CE,18.75,18.75,10.95,13.75,13.75,112,858.49,406000,46000,18-APR-2022,
OPTSTK,LICHSGFIN,28-Apr-2022,375.0,CE,15.0,15.25,8.5,10.5,10.5,166,1279.2,208000,48000,18-APR-2022,
OPTSTK,LICHSGFIN,28-Apr-2022,380.0,CE,11.65,13.4,6.55,8.25,8.25,754,5864.74,740000,88000,18-APR-2022,
OPTSTK,LICHSGFIN,28-Apr-2022,385.0,CE,9.0,10.3,5.2,6.65,6.65,156,1222.75,160000,34000,18-APR-2022,
OPTSTK,LICHSGFIN,28-Apr-2022,390.0,CE,8.05,8.5,4.15,5.2,5.2,705,5583.68,994000,16000,18-APR-2022,
OPTSTK,LICHSGFIN,28-Apr-2022,395.0,CE,5.1,6.5,3.35,4.0,4.0,220,1758.15,512000,-8000,18-APR-2022,
OPTSTK,LICHSGFIN,28-Apr-2022,400.0,CE,4.35,5.35,2.7,3.35,3.35,1089,8793.14,2846000,98000,18-APR-2022,
OPTSTK,LICHSGFIN,28-Apr-2022,405.0,CE,3.4,3.95,2.25,2.6,2.6,68,554.78,172000,12000,18-APR-2022,
OPTSTK,LICHSGFIN,28-Apr-2022,410.0,CE,2.0,3.15,1.7,2.05,2.05,345,2844.84,524000,-44000,18-APR-2022,
OPTSTK,LICHSGFIN,28-Apr-2022,415.0,CE,1.85,2.05,1.3,1.6,1.6,47,391.66,126000,8000,18-APR-2022,
OPTSTK,LICHSGFIN,28-Apr-2022,420.0,CE,1.9,1.9,1.0,1.25,1.25,478,4028.54,904000,-74000,18-APR-2022,
OPTSTK,LICHSGFIN,28-Apr-2022,425.0,CE,1.25,1.4,0.85,1.0,1.0,140,1192.91,184000,32000,18-APR-2022,
OPTSTK,LICHSGFIN,28-Apr-2022,430.0,CE,1.0,1.05,0.65,0.75,0.75,175,1507.86,446000,-18000,18-APR-2022,
OPTSTK,LICHSGFIN,28-Apr-2022,435.0,CE,0.85,0.85,0.55,0.6,0.5,30,261.39,54000,-28000,18-APR-2022,
OPTSTK,LICHSGFIN,28-Apr-2022,440.0,CE,0.7,0.7,0.4,0.5,0.5,173,1524.16,304000,-48000,18-APR-2022,
OPTSTK,LICHSGFIN,28-Apr-2022,445.0,CE,0.75,0.75,0.3,0.4,0.25,25,222.73,66000,34000,18-APR-2022,
OPTSTK,LICHSGFIN,28-Apr-2022,450.0,CE,0.4,0.5,0.25,0.4,0.4,253,2278.84,868000,-16000,18-APR-2022,
OPTSTK,LICHSGFIN,28-Apr-2022,455.0,CE,0.3,0.3,0.3,0.3,0.15,3,27.31,6000,6000,18-APR-2022,
OPTSTK,LICHSGFIN,28-Apr-2022,460.0,CE,0.35,0.35,0.15,0.2,0.2,86,791.63,136000,-52000,18-APR-2022,
OPTSTK,LICHSGFIN,28-Apr-2022,465.0,CE,0.1,0.1,0.1,0.1,0.05,3,27.9,2000,2000,18-APR-2022,
OPTSTK,LICHSGFIN,28-Apr-2022,470.0,CE,0.3,0.3,0.1,0.25,0.25,31,291.52,132000,-8000,18-APR-2022,
OPTSTK,LICHSGFIN,28-Apr-2022,475.0,CE,0.0,0.0,0.0,3.7,0.05,0,0.0,0,0,18-APR-2022,
OPTSTK,LICHSGFIN,28-Apr-2022,480.0,CE,0.15,0.15,0.15,0.15,0.05,3,28.8,60000,-6000,18-APR-2022,
OPTSTK,LICHSGFIN,28-Apr-2022,485.0,CE,0.0,0.0,0.0,3.05,0.05,0,0.0,0,0,18-APR-2022,
OPTSTK,LICHSGFIN,28-Apr-2022,490.0,CE,0.0,0.0,0.0,2.75,0.0,0,0.0,0,0,18-APR-2022,
OPTSTK,LICHSGFIN,28-Apr-2022,495.0,CE,0.0,0.0,0.0,2.5,0.0,0,0.0,0,0,18-APR-2022,
OPTSTK,LICHSGFIN,28-Apr-2022,500.0,CE,0.15,0.2,0.15,0.2,0.0,5,50.01,122000,-4000,18-APR-2022,
OPTSTK,LICHSGFIN,28-Apr-2022,505.0,CE,0.0,0.0,0.0,0.5,0.0,0,0.0,4000,0,18-APR-2022,
OPTSTK,LICHSGFIN,28-Apr-2022,250.0,PE,0.1,0.1,0.05,0.05,0.05,3,15.0,26000,0,18-APR-2022,
OPTSTK,LICHSGFIN,28-Apr-2022,255.0,PE,0.0,0.0,0.0,2.55,0.0,0,0.0,0,0,18-APR-2022,
OPTSTK,LICHSGFIN,28-Apr-2022,260.0,PE,0.0,0.0,0.0,0.1,0.0,0,0.0,2000,0,18-APR-2022,
OPTSTK,LICHSGFIN,28-Apr-2022,265.0,PE,0.0,0.0,0.0,3.7,0.0,0,0.0,0,0,18-APR-2022,
OPTSTK,LICHSGFIN,28-Apr-2022,270.0,PE,0.0,0.0,0.0,4.45,0.0,0,0.0,0,0,18-APR-2022,
OPTSTK,LICHSGFIN,28-Apr-2022,275.0,PE,0.0,0.0,0.0,0.25,0.0,0,0.0,2000,0,18-APR-2022,
OPTSTK,LICHSGFIN,28-Apr-2022,280.0,PE,0.0,0.0,0.0,0.1,0.0,0,0.0,0,0,18-APR-2022,
OPTSTK,LICHSGFIN,28-Apr-2022,285.0,PE,0.0,0.0,0.0,7.2,0.0,0,0.0,0,0,18-APR-2022,
OPTSTK,LICHSGFIN,28-Apr-2022,290.0,PE,0.0,0.0,0.0,8.3,0.0,0,0.0,0,0,18-APR-2022,
OPTSTK,LICHSGFIN,28-Apr-2022,295.0,PE,0.0,0.0,0.0,9.55,0.05,0,0.0,0,0,18-APR-2022,
OPTSTK,LICHSGFIN,28-Apr-2022,300.0,PE,0.35,0.35,0.25,0.25,0.25,18,108.11,210000,14000,18-APR-2022,
OPTSTK,LICHSGFIN,28-Apr-2022,305.0,PE,0.0,0.0,0.0,12.45,0.05,0,0.0,0,0,18-APR-2022,
OPTSTK,LICHSGFIN,28-Apr-2022,310.0,PE,0.0,0.0,0.0,0.45,0.1,0,0.0,26000,0,18-APR-2022,
OPTSTK,LICHSGFIN,28-Apr-2022,315.0,PE,0.35,0.35,0.35,0.35,0.15,3,18.92,4000,4000,18-APR-2022,
OPTSTK,LICHSGFIN,28-Apr-2022,320.0,PE,0.45,0.55,0.4,0.45,0.45,20,128.17,124000,8000,18-APR-2022,
OPTSTK,LICHSGFIN,28-Apr-2022,325.0,PE,0.0,0.0,0.0,0.85,0.35,0,0.0,22000,0,18-APR-2022,
OPTSTK,LICHSGFIN,28-Apr-2022,330.0,PE,0.8,0.9,0.6,0.6,0.6,54,357.21,262000,-4000,18-APR-2022,
OPTSTK,LICHSGFIN,28-Apr-2022,335.0,PE,0.0,0.0,0.0,24.1,0.9,0,0.0,0,0,18-APR-2022,
OPTSTK,LICHSGFIN,28-Apr-2022,340.0,PE,1.1,1.6,0.95,1.2,1.2,102,696.14,214000,-6000,18-APR-2022,
OPTSTK,LICHSGFIN,28-Apr-2022,345.0,PE,0.0,0.0,0.0,1.5,1.95,0,0.0,36000,0,18-APR-2022,
OPTSTK,LICHSGFIN,28-Apr-2022,350.0,PE,1.75,2.75,1.4,2.0,2.0,175,1232.45,424000,-18000,18-APR-2022,
OPTSTK,LICHSGFIN,28-Apr-2022,355.0,PE,0.0,0.0,0.0,1.35,3.8,0,0.0,108000,0,18-APR-2022,
OPTSTK,LICHSGFIN,28-Apr-2022,360.0,PE,3.3,4.8,2.35,3.45,3.45,355,2581.38,510000,-106000,18-APR-2022,
OPTSTK,LICHSGFIN,28-Apr-2022,365.0,PE,4.6,6.2,3.25,4.85,4.85,131,969.09,130000,-28000,18-APR-2022,
OPTSTK,LICHSGFIN,28-Apr-2022,370.0,PE,5.0,8.25,4.2,6.15,6.15,331,2492.44,430000,-12000,18-APR-2022,
OPTSTK,LICHSGFIN,28-Apr-2022,375.0,PE,7.2,10.8,5.7,8.35,8.35,232,1780.91,222000,76000,18-APR-2022,
OPTSTK,LICHSGFIN,28-Apr-2022,380.0,PE,9.0,13.9,7.4,11.3,11.3,430,3361.41,656000,-16000,18-APR-2022,
OPTSTK,LICHSGFIN,28-Apr-2022,385.0,PE,11.1,17.4,10.15,13.5,13.5,72,573.38,120000,-26000,18-APR-2022,
OPTSTK,LICHSGFIN,28-Apr-2022,390.0,PE,15.0,20.25,12.95,18.45,18.45,25,203.11,300000,-4000,18-APR-2022,
OPTSTK,LICHSGFIN,28-Apr-2022,395.0,PE,20.95,22.85,19.85,22.1,23.2,5,41.66,96000,4000,18-APR-2022,
OPTSTK,LICHSGFIN,28-Apr-2022,400.0,PE,21.8,29.0,20.4,28.8,27.0,33,279.95,434000,-8000,18-APR-2022,
OPTSTK,LICHSGFIN,28-Apr-2022,405.0,PE,0.0,0.0,0.0,26.9,31.0,0,0.0,2000,0,18-APR-2022,
OPTSTK,LICHSGFIN,28-Apr-2022,410.0,PE,31.7,34.95,30.85,34.95,35.2,3,26.55,76000,0,18-APR-2022,
OPTSTK,LICHSGFIN,28-Apr-2022,415.0,PE,0.0,0.0,0.0,76.15,39.6,0,0.0,0,0,18-APR-2022,
OPTSTK,LICHSGFIN,28-Apr-2022,420.0,PE,43.5,44.0,43.5,44.0,44.0,3,27.83,66000,-6000,18-APR-2022,
OPTSTK,LICHSGFIN,28-Apr-2022,425.0,PE,0.0,0.0,0.0,84.3,48.75,0,0.0,0,0,18-APR-2022,
OPTSTK,LICHSGFIN,28-Apr-2022,430.0,PE,0.0,0.0,0.0,66.0,53.45,0,0.0,2000,0,18-APR-2022,
OPTSTK,LICHSGFIN,28-Apr-2022,435.0,PE,0.0,0.0,0.0,92.7,58.25,0,0.0,0,0,18-APR-2022,
OPTSTK,LICHSGFIN,28-Apr-2022,440.0,PE,66.7,66.7,66.7,66.7,63.1,1,10.13,40000,0,18-APR-2022,
OPTSTK,LICHSGFIN,28-Apr-2022,445.0,PE,0.0,0.0,0.0,101.3,68.0,0,0.0,0,0,18-APR-2022,
OPTSTK,LICHSGFIN,28-Apr-2022,450.0,PE,72.5,75.0,72.5,75.0,72.9,2,20.95,32000,-2000,18-APR-2022,
OPTSTK,LICHSGFIN,28-Apr-2022,455.0,PE,0.0,0.0,0.0,110.15,77.85,0,0.0,0,0,18-APR-2022,
OPTSTK,LICHSGFIN,28-Apr-2022,460.0,PE,0.0,0.0,0.0,114.6,82.8,0,0.0,0,0,18-APR-2022,
OPTSTK,LICHSGFIN,28-Apr-2022,465.0,PE,0.0,0.0,0.0,119.1,87.8,0,0.0,0,0,18-APR-2022,
OPTSTK,LICHSGFIN,28-Apr-2022,470.0,PE,0.0,0.0,0.0,74.5,92.75,0,0.0,6000,0,18-APR-2022,
OPTSTK,LICHSGFIN,28-Apr-2022,475.0,PE,0.0,0.0,0.0,128.25,97.75,0,0.0,0,0,18-APR-2022,
OPTSTK,LICHSGFIN,28-Apr-2022,480.0,PE,0.0,0.0,0.0,132.85,102.75,0,0.0,0,0,18-APR-2022,
OPTSTK,LICHSGFIN,28-Apr-2022,485.0,PE,0.0,0.0,0.0,137.5,107.75,0,0.0,0,0,18-APR-2022,
OPTSTK,LICHSGFIN,28-Apr-2022,490.0,PE,0.0,0.0,0.0,142.15,112.7,0,0.0,0,0,18-APR-2022,
OPTSTK,LICHSGFIN,28-Apr-2022,495.0,PE,0.0,0.0,0.0,146.85,117.7,0,0.0,0,0,18-APR-2022,
OPTSTK,LICHSGFIN,28-Apr-2022,500.0,PE,125.0,125.0,125.0,125.0,122.7,1,12.5,44000,2000,18-APR-2022,
OPTSTK,LICHSGFIN,28-Apr-2022,505.0,PE,0.0,0.0,0.0,156.3,127.7,0,0.0,0,0,18-APR-2022,
OPTSTK,LICHSGFIN,26-May-2022,250.0,CE,0.0,0.0,0.0,86.75,127.95,0,0.0,0,0,18-APR-2022,
OPTSTK,LICHSGFIN,26-May-2022,255.0,CE,0.0,0.0,0.0,82.6,123.0,0,0.0,0,0,18-APR-2022,
OPTSTK,LICHSGFIN,26-May-2022,260.0,CE,0.0,0.0,0.0,78.5,118.05,0,0.0,0,0,18-APR-2022,
OPTSTK,LICHSGFIN,26-May-2022,265.0,CE,0.0,0.0,0.0,74.5,113.15,0,0.0,0,0,18-APR-2022,
OPTSTK,LICHSGFIN,26-May-2022,270.0,CE,0.0,0.0,0.0,70.65,108.25,0,0.0,0,0,18-APR-2022,
OPTSTK,LICHSGFIN,26-May-2022,275.0,CE,0.0,0.0,0.0,66.85,103.35,0,0.0,0,0,18-APR-2022,
OPTSTK,LICHSGFIN,26-May-2022,280.0,CE,0.0,0.0,0.0,63.2,98.5,0,0.0,0,0,18-APR-2022,
OPTSTK,LICHSGFIN,26-May-2022,285.0,CE,0.0,0.0,0.0,59.7,93.75,0,0.0,0,0,18-APR-2022,
OPTSTK,LICHSGFIN,26-May-2022,290.0,CE,0.0,0.0,0.0,56.3,89.0,0,0.0,0,0,18-APR-2022,
OPTSTK,LICHSGFIN,26-May-2022,295.0,CE,0.0,0.0,0.0,53.0,84.3,0,0.0,0,0,18-APR-2022,
OPTSTK,LICHSGFIN,26-May-2022,300.0,CE,78.0,78.0,78.0,78.0,79.65,1,7.56,2000,2000,18-APR-2022,
OPTSTK,LICHSGFIN,26-May-2022,305.0,CE,0.0,0.0,0.0,46.85,75.15,0,0.0,0,0,18-APR-2022,
OPTSTK,LICHSGFIN,26-May-2022,310.0,CE,0.0,0.0,0.0,43.95,70.7,0,0.0,0,0,18-APR-2022,
OPTSTK,LICHSGFIN,26-May-2022,315.0,CE,0.0,0.0,0.0,41.2,66.3,0,0.0,0,0,18-APR-2022,
OPTSTK,LICHSGFIN,26-May-2022,320.0,CE,0.0,0.0,0.0,38.55,62.1,0,0.0,0,0,18-APR-2022,
OPTSTK,LICHSGFIN,26-May-2022,325.0,CE,0.0,0.0,0.0,36.05,57.95,0,0.0,0,0,18-APR-2022,
OPTSTK,LICHSGFIN,26-May-2022,330.0,CE,0.0,0.0,0.0,33.65,53.95,0,0.0,0,0,18-APR-2022,
OPTSTK,LICHSGFIN,26-May-2022,335.0,CE,0.0,0.0,0.0,31.4,50.1,0,0.0,0,0,18-APR-2022,
OPTSTK,LICHSGFIN,26-May-2022,340.0,CE,0.0,0.0,0.0,29.25,46.4,0,0.0,0,0,18-APR-2022,
OPTSTK,LICHSGFIN,26-May-2022,345.0,CE,0.0,0.0,0.0,27.25,42.85,0,0.0,0,0,18-APR-2022,
OPTSTK,LICHSGFIN,26-May-2022,350.0,CE,0.0,0.0,0.0,25.3,39.45,0,0.0,0,0,18-APR-2022,
OPTSTK,LICHSGFIN,26-May-2022,355.0,CE,0.0,0.0,0.0,23.5,36.25,0,0.0,0,0,18-APR-2022,
OPTSTK,LICHSGFIN,26-May-2022,360.0,CE,0.0,0.0,0.0,21.85,33.2,0,0.0,0,0,18-APR-2022,
OPTSTK,LICHSGFIN,26-May-2022,365.0,CE,0.0,0.0,0.0,20.25,30.3,0,0.0,0,0,18-APR-2022,
OPTSTK,LICHSGFIN,26-May-2022,370.0,CE,0.0,0.0,0.0,18.75,27.6,0,0.0,0,0,18-APR-2022,
OPTSTK,LICHSGFIN,26-May-2022,375.0,CE,0.0,0.0,0.0,17.35,25.1,0,0.0,0,0,18-APR-2022,
OPTSTK,LICHSGFIN,26-May-2022,380.0,CE,19.0,19.35,17.0,19.35,22.7,11,87.54,12000,12000,18-APR-2022,
OPTSTK,LICHSGFIN,26-May-2022,385.0,CE,0.0,0.0,0.0,14.85,20.5,0,0.0,0,0,18-APR-2022,
OPTSTK,LICHSGFIN,26-May-2022,390.0,CE,18.9,18.9,14.0,14.75,18.45,4,32.43,26000,6000,18-APR-2022,
OPTSTK,LICHSGFIN,26-May-2022,395.0,CE,0.0,0.0,0.0,12.65,16.6,0,0.0,0,0,18-APR-2022,
OPTSTK,LICHSGFIN,26-May-2022,400.0,CE,14.15,15.0,10.0,10.8,10.8,138,1136.15,282000,110000,18-APR-2022,
OPTSTK,LICHSGFIN,26-May-2022,405.0,CE,0.0,0.0,0.0,10.7,13.3,0,0.0,0,0,18-APR-2022,
OPTSTK,LICHSGFIN,26-May-2022,410.0,CE,0.0,0.0,0.0,14.5,11.85,0,0.0,6000,0,18-APR-2022,
OPTSTK,LICHSGFIN,26-May-2022,415.0,CE,0.0,0.0,0.0,9.05,10.55,0,0.0,0,0,18-APR-2022,
OPTSTK,LICHSGFIN,26-May-2022,420.0,CE,7.25,8.85,5.85,5.95,5.95,31,265.08,50000,30000,18-APR-2022,
OPTSTK,LICHSGFIN,26-May-2022,425.0,CE,0.0,0.0,0.0,7.65,8.25,0,0.0,0,0,18-APR-2022,
OPTSTK,LICHSGFIN,26-May-2022,430.0,CE,0.0,0.0,0.0,8.85,7.3,0,0.0,8000,0,18-APR-2022,
OPTSTK,LICHSGFIN,26-May-2022,435.0,CE,0.0,0.0,0.0,6.45,6.45,0,0.0,0,0,18-APR-2022,
OPTSTK,LICHSGFIN,26-May-2022,440.0,CE,0.0,0.0,0.0,6.25,5.65,0,0.0,22000,0,18-APR-2022,
OPTSTK,LICHSGFIN,26-May-2022,445.0,CE,0.0,0.0,0.0,5.4,4.95,0,0.0,0,0,18-APR-2022,
OPTSTK,LICHSGFIN,26-May-2022,450.0,CE,3.05,3.25,3.0,3.2,3.2,11,99.69,68000,16000,18-APR-2022,
OPTSTK,LICHSGFIN,26-May-2022,455.0,CE,0.0,0.0,0.0,4.55,3.8,0,0.0,0,0,18-APR-2022,
OPTSTK,LICHSGFIN,26-May-2022,460.0,CE,0.0,0.0,0.0,4.15,3.3,0,0.0,0,0,18-APR-2022,
OPTSTK,LICHSGFIN,26-May-2022,465.0,CE,0.0,0.0,0.0,3.8,2.85,0,0.0,0,0,18-APR-2022,
OPTSTK,LICHSGFIN,26-May-2022,470.0,CE,0.0,0.0,0.0,3.45,2.5,0,0.0,0,0,18-APR-2022,
OPTSTK,LICHSGFIN,26-May-2022,475.0,CE,0.0,0.0,0.0,3.15,2.15,0,0.0,0,0,18-APR-2022,
OPTSTK,LICHSGFIN,26-May-2022,480.0,CE,0.0,0.0,0.0,2.9,1.85,0,0.0,0,0,18-APR-2022,
OPTSTK,LICHSGFIN,26-May-2022,485.0,CE,0.0,0.0,0.0,2.65,1.6,0,0.0,0,0,18-APR-2022,
OPTSTK,LICHSGFIN,26-May-2022,490.0,CE,0.0,0.0,0.0,2.4,1.4,0,0.0,0,0,18-APR-2022,
OPTSTK,LICHSGFIN,26-May-2022,250.0,PE,0.0,0.0,0.0,4.05,0.1,0,0.0,0,0,18-APR-2022,
OPTSTK,LICHSGFIN,26-May-2022,255.0,PE,0.0,0.0,0.0,4.8,0.1,0,0.0,0,0,18-APR-2022,
OPTSTK,LICHSGFIN,26-May-2022,260.0,PE,0.0,0.0,0.0,1.0,0.15,0,0.0,2000,0,18-APR-2022,
OPTSTK,LICHSGFIN,26-May-2022,265.0,PE,0.0,0.0,0.0,6.65,0.2,0,0.0,0,0,18-APR-2022,
OPTSTK,LICHSGFIN,26-May-2022,270.0,PE,0.0,0.0,0.0,7.7,0.3,0,0.0,0,0,18-APR-2022,
OPTSTK,LICHSGFIN,26-May-2022,275.0,PE,0.0,0.0,0.0,8.9,0.4,0,0.0,0,0,18-APR-2022,
OPTSTK,LICHSGFIN,26-May-2022,280.0,PE,0.0,0.0,0.0,1.0,0.55,0,0.0,2000,0,18-APR-2022,
OPTSTK,LICHSGFIN,26-May-2022,285.0,PE,0.0,0.0,0.0,11.6,0.7,0,0.0,0,0,18-APR-2022,
OPTSTK,LICHSGFIN,26-May-2022,290.0,PE,0.0,0.0,0.0,13.15,0.95,0,0.0,0,0,18-APR-2022,
OPTSTK,LICHSGFIN,26-May-2022,295.0,PE,0.0,0.0,0.0,14.8,1.25,0,0.0,0,0,18-APR-2022,
OPTSTK,LICHSGFIN,26-May-2022,300.0,PE,0.7,0.7,0.7,0.7,1.6,1,6.01,10000,2000,18-APR-2022,
OPTSTK,LICHSGFIN,26-May-2022,305.0,PE,0.0,0.0,0.0,18.55,2.05,0,0.0,0,0,18-APR-2022,
OPTSTK,LICHSGFIN,26-May-2022,310.0,PE,0.0,0.0,0.0,20.6,2.55,0,0.0,0,0,18-APR-2022,
OPTSTK,LICHSGFIN,26-May-2022,315.0,PE,0.0,0.0,0.0,22.8,3.2,0,0.0,0,0,18-APR-2022,
OPTSTK,LICHSGFIN,26-May-2022,320.0,PE,0.0,0.0,0.0,25.1,3.9,0,0.0,0,0,18-APR-2022,
OPTSTK,LICHSGFIN,26-May-2022,325.0,PE,0.0,0.0,0.0,27.55,4.75,0,0.0,0,0,18-APR-2022,
OPTSTK,LICHSGFIN,26-May-2022,330.0,PE,0.0,0.0,0.0,30.1,5.75,0,0.0,0,0,18-APR-2022,
OPTSTK,LICHSGFIN,26-May-2022,335.0,PE,0.0,0.0,0.0,32.8,6.9,0,0.0,0,0,18-APR-2022,
OPTSTK,LICHSGFIN,26-May-2022,340.0,PE,0.0,0.0,0.0,19.0,8.15,0,0.0,0,0,18-APR-2022,
OPTSTK,LICHSGFIN,26-May-2022,345.0,PE,0.0,0.0,0.0,38.5,9.6,0,0.0,0,0,18-APR-2022,
OPTSTK,LICHSGFIN,26-May-2022,350.0,PE,6.5,8.6,6.5,7.65,7.65,41,293.27,114000,32000,18-APR-2022,
OPTSTK,LICHSGFIN,26-May-2022,355.0,PE,0.0,0.0,0.0,44.7,12.95,0,0.0,0,0,18-APR-2022,
OPTSTK,LICHSGFIN,26-May-2022,360.0,PE,7.5,12.0,7.5,10.9,10.9,58,429.09,78000,54000,18-APR-2022,
OPTSTK,LICHSGFIN,26-May-2022,365.0,PE,0.0,0.0,0.0,51.3,16.95,0,0.0,0,0,18-APR-2022,
OPTSTK,LICHSGFIN,26-May-2022,370.0,PE,12.5,12.5,12.5,12.5,19.25,1,7.65,6000,2000,18-APR-2022,
OPTSTK,LICHSGFIN,26-May-2022,375.0,PE,0.0,0.0,0.0,14.0,21.65,0,0.0,2000,0,18-APR-2022,
OPTSTK,LICHSGFIN,26-May-2022,380.0,PE,16.9,21.2,16.5,19.25,19.25,18,143.5,66000,18000,18-APR-2022,
OPTSTK,LICHSGFIN,26-May-2022,385.0,PE,0.0,0.0,0.0,65.7,27.05,0,0.0,0,0,18-APR-2022,
OPTSTK,LICHSGFIN,26-May-2022,390.0,PE,24.0,24.0,24.0,24.0,30.0,1,8.28,12000,2000,18-APR-2022,
OPTSTK,LICHSGFIN,26-May-2022,395.0,PE,0.0,0.0,0.0,73.4,33.1,0,0.0,0,0,18-APR-2022,
OPTSTK,LICHSGFIN,26-May-2022,400.0,PE,35.2,35.2,35.2,35.2,36.35,1,8.7,46000,0,18-APR-2022,
OPTSTK,LICHSGFIN,26-May-2022,405.0,PE,0.0,0.0,0.0,81.35,39.75,0,0.0,0,0,18-APR-2022,
OPTSTK,LICHSGFIN,26-May-2022,410.0,PE,0.0,0.0,0.0,85.45,43.3,0,0.0,0,0,18-APR-2022,
OPTSTK,LICHSGFIN,26-May-2022,415.0,PE,0.0,0.0,0.0,89.6,46.95,0,0.0,0,0,18-APR-2022,
OPTSTK,LICHSGFIN,26-May-2022,420.0,PE,46.2,46.2,46.0,46.0,46.0,3,27.96,6000,6000,18-APR-2022,
OPTSTK,LICHSGFIN,26-May-2022,425.0,PE,0.0,0.0,0.0,98.1,54.65,0,0.0,0,0,18-APR-2022,
OPTSTK,LICHSGFIN,26-May-2022,430.0,PE,0.0,0.0,0.0,102.4,58.65,0,0.0,0,0,18-APR-2022,
OPTSTK,LICHSGFIN,26-May-2022,435.0,PE,0.0,0.0,0.0,106.8,62.75,0,0.0,0,0,18-APR-2022,
OPTSTK,LICHSGFIN,26-May-2022,440.0,PE,0.0,0.0,0.0,111.2,66.95,0,0.0,0,0,18-APR-2022,
OPTSTK,LICHSGFIN,26-May-2022,445.0,PE,0.0,0.0,0.0,115.65,71.25,0,0.0,0,0,18-APR-2022,
OPTSTK,LICHSGFIN,26-May-2022,450.0,PE,0.0,0.0,0.0,120.15,75.6,0,0.0,0,0,18-APR-2022,
OPTSTK,LICHSGFIN,26-May-2022,455.0,PE,0.0,0.0,0.0,124.65,80.0,0,0.0,0,0,18-APR-2022,
OPTSTK,LICHSGFIN,26-May-2022,460.0,PE,0.0,0.0,0.0,129.25,84.5,0,0.0,0,0,18-APR-2022,
OPTSTK,LICHSGFIN,26-May-2022,465.0,PE,0.0,0.0,0.0,133.8,89.05,0,0.0,0,0,18-APR-2022,
OPTSTK,LICHSGFIN,26-May-2022,470.0,PE,0.0,0.0,0.0,138.45,93.65,0,0.0,0,0,18-APR-2022,
OPTSTK,LICHSGFIN,26-May-2022,475.0,PE,0.0,0.0,0.0,143.1,98.3,0,0.0,0,0,18-APR-2022,
OPTSTK,LICHSGFIN,26-May-2022,480.0,PE,0.0,0.0,0.0,147.75,103.0,0,0.0,0,0,18-APR-2022,
OPTSTK,LICHSGFIN,26-May-2022,485.0,PE,0.0,0.0,0.0,152.45,107.7,0,0.0,0,0,18-APR-2022,
OPTSTK,LICHSGFIN,26-May-2022,490.0,PE,0.0,0.0,0.0,157.15,112.45,0,0.0,0,0,18-APR-2022,
OPTSTK,LICHSGFIN,30-Jun-2022,250.0,CE,0.0,0.0,0.0,113.65,129.55,0,0.0,0,0,18-APR-2022,
OPTSTK,LICHSGFIN,30-Jun-2022,255.0,CE,0.0,0.0,0.0,109.1,124.8,0,0.0,0,0,18-APR-2022,
OPTSTK,LICHSGFIN,30-Jun-2022,260.0,CE,0.0,0.0,0.0,104.65,120.05,0,0.0,0,0,18-APR-2022,
OPTSTK,LICHSGFIN,30-Jun-2022,265.0,CE,0.0,0.0,0.0,100.3,115.35,0,0.0,0,0,18-APR-2022,
OPTSTK,LICHSGFIN,30-Jun-2022,270.0,CE,0.0,0.0,0.0,96.0,110.75,0,0.0,0,0,18-APR-2022,
OPTSTK,LICHSGFIN,30-Jun-2022,275.0,CE,0.0,0.0,0.0,91.8,106.15,0,0.0,0,0,18-APR-2022,
OPTSTK,LICHSGFIN,30-Jun-2022,280.0,CE,0.0,0.0,0.0,87.65,101.65,0,0.0,0,0,18-APR-2022,
OPTSTK,LICHSGFIN,30-Jun-2022,285.0,CE,0.0,0.0,0.0,83.6,97.2,0,0.0,0,0,18-APR-2022,
OPTSTK,LICHSGFIN,30-Jun-2022,290.0,CE,0.0,0.0,0.0,79.7,92.8,0,0.0,0,0,18-APR-2022,
OPTSTK,LICHSGFIN,30-Jun-2022,295.0,CE,0.0,0.0,0.0,75.85,88.55,0,0.0,0,0,18-APR-2022,
OPTSTK,LICHSGFIN,30-Jun-2022,300.0,CE,0.0,0.0,0.0,72.1,84.35,0,0.0,0,0,18-APR-2022,
OPTSTK,LICHSGFIN,30-Jun-2022,305.0,CE,0.0,0.0,0.0,68.5,80.25,0,0.0,0,0,18-APR-2022,
OPTSTK,LICHSGFIN,30-Jun-2022,310.0,CE,0.0,0.0,0.0,65.0,76.25,0,0.0,0,0,18-APR-2022,
OPTSTK,LICHSGFIN,30-Jun-2022,315.0,CE,0.0,0.0,0.0,61.55,72.35,0,0.0,0,0,18-APR-2022,
OPTSTK,LICHSGFIN,30-Jun-2022,320.0,CE,0.0,0.0,0.0,58.25,68.55,0,0.0,0,0,18-APR-2022,
OPTSTK,LICHSGFIN,30-Jun-2022,325.0,CE,0.0,0.0,0.0,55.1,64.85,0,0.0,0,0,18-APR-2022,
OPTSTK,LICHSGFIN,30-Jun-2022,330.0,CE,0.0,0.0,0.0,52.05,61.3,0,0.0,0,0,18-APR-2022,
OPTSTK,LICHSGFIN,30-Jun-2022,335.0,CE,0.0,0.0,0.0,49.15,57.85,0,0.0,0,0,18-APR-2022,
OPTSTK,LICHSGFIN,30-Jun-2022,340.0,CE,0.0,0.0,0.0,46.3,54.5,0,0.0,0,0,18-APR-2022,
OPTSTK,LICHSGFIN,30-Jun-2022,345.0,CE,0.0,0.0,0.0,43.6,51.3,0,0.0,0,0,18-APR-2022,
OPTSTK,LICHSGFIN,30-Jun-2022,350.0,CE,0.0,0.0,0.0,41.05,48.25,0,0.0,0,0,18-APR-2022,
OPTSTK,LICHSGFIN,30-Jun-2022,355.0,CE,0.0,0.0,0.0,38.6,45.3,0,0.0,0,0,18-APR-2022,
OPTSTK,LICHSGFIN,30-Jun-2022,360.0,CE,0.0,0.0,0.0,36.25,42.45,0,0.0,0,0,18-APR-2022,
OPTSTK,LICHSGFIN,30-Jun-2022,365.0,CE,0.0,0.0,0.0,34.0,39.8,0,0.0,0,0,18-APR-2022,
OPTSTK,LICHSGFIN,30-Jun-2022,370.0,CE,0.0,0.0,0.0,31.85,37.2,0,0.0,0,0,18-APR-2022,
OPTSTK,LICHSGFIN,30-Jun-2022,375.0,CE,0.0,0.0,0.0,29.85,34.75,0,0.0,0,0,18-APR-2022,
OPTSTK,LICHSGFIN,30-Jun-2022,380.0,CE,0.0,0.0,0.0,27.9,32.45,0,0.0,0,0,18-APR-2022,
OPTSTK,LICHSGFIN,30-Jun-2022,385.0,CE,0.0,0.0,0.0,26.1,30.25,0,0.0,0,0,18-APR-2022,
OPTSTK,LICHSGFIN,30-Jun-2022,390.0,CE,0.0,0.0,0.0,24.4,28.15,0,0.0,0,0,18-APR-2022,
OPTSTK,LICHSGFIN,30-Jun-2022,395.0,CE,0.0,0.0,0.0,22.75,26.15,0,0.0,0,0,18-APR-2022,
OPTSTK,LICHSGFIN,30-Jun-2022,400.0,CE,0.0,0.0,0.0,21.2,24.3,0,0.0,0,0,18-APR-2022,
OPTSTK,LICHSGFIN,30-Jun-2022,405.0,CE,0.0,0.0,0.0,19.8,22.55,0,0.0,0,0,18-APR-2022,
OPTSTK,LICHSGFIN,30-Jun-2022,410.0,CE,0.0,0.0,0.0,18.4,20.9,0,0.0,0,0,18-APR-2022,
OPTSTK,LICHSGFIN,30-Jun-2022,415.0,CE,0.0,0.0,0.0,17.15,19.35,0,0.0,0,0,18-APR-2022,
OPTSTK,LICHSGFIN,30-Jun-2022,420.0,CE,0.0,0.0,0.0,15.95,17.9,0,0.0,0,0,18-APR-2022,
OPTSTK,LICHSGFIN,30-Jun-2022,425.0,CE,0.0,0.0,0.0,14.85,16.55,0,0.0,0,0,18-APR-2022,
OPTSTK,LICHSGFIN,30-Jun-2022,430.0,CE,0.0,0.0,0.0,13.75,15.3,0,0.0,0,0,18-APR-2022,
OPTSTK,LICHSGFIN,30-Jun-2022,435.0,CE,0.0,0.0,0.0,12.8,14.1,0,0.0,0,0,18-APR-2022,
OPTSTK,LICHSGFIN,30-Jun-2022,440.0,CE,0.0,0.0,0.0,11.85,13.0,0,0.0,0,0,18-APR-2022,
OPTSTK,LICHSGFIN,30-Jun-2022,445.0,CE,0.0,0.0,0.0,11.0,11.95,0,0.0,0,0,18-APR-2022,
OPTSTK,LICHSGFIN,30-Jun-2022,450.0,CE,0.0,0.0,0.0,10.15,11.0,0,0.0,0,0,18-APR-2022,
OPTSTK,LICHSGFIN,30-Jun-2022,455.0,CE,0.0,0.0,0.0,9.4,10.1,0,0.0,0,0,18-APR-2022,
OPTSTK,LICHSGFIN,30-Jun-2022,460.0,CE,0.0,0.0,0.0,8.7,9.25,0,0.0,0,0,18-APR-2022,
OPTSTK,LICHSGFIN,30-Jun-2022,465.0,CE,0.0,0.0,0.0,8.05,8.5,0,0.0,0,0,18-APR-2022,
OPTSTK,LICHSGFIN,30-Jun-2022,470.0,CE,0.0,0.0,0.0,7.45,7.8,0,0.0,0,0,18-APR-2022,
OPTSTK,LICHSGFIN,30-Jun-2022,475.0,CE,0.0,0.0,0.0,6.9,7.15,0,0.0,0,0,18-APR-2022,
OPTSTK,LICHSGFIN,30-Jun-2022,480.0,CE,0.0,0.0,0.0,6.35,6.55,0,0.0,0,0,18-APR-2022,
OPTSTK,LICHSGFIN,30-Jun-2022,485.0,CE,0.0,0.0,0.0,5.85,6.0,0,0.0,0,0,18-APR-2022,
OPTSTK,LICHSGFIN,30-Jun-2022,490.0,CE,0.0,0.0,0.0,5.4,5.45,0,0.0,0,0,18-APR-2022,
OPTSTK,LICHSGFIN,30-Jun-2022,250.0,PE,0.0,0.0,0.0,2.05,0.7,0,0.0,0,0,18-APR-2022,
OPTSTK,LICHSGFIN,30-Jun-2022,255.0,PE,0.0,0.0,0.0,2.5,0.85,0,0.0,0,0,18-APR-2022,
OPTSTK,LICHSGFIN,30-Jun-2022,260.0,PE,0.0,0.0,0.0,3.0,1.1,0,0.0,0,0,18-APR-2022,
OPTSTK,LICHSGFIN,30-Jun-2022,265.0,PE,0.0,0.0,0.0,3.55,1.35,0,0.0,0,0,18-APR-2022,
OPTSTK,LICHSGFIN,30-Jun-2022,270.0,PE,0.0,0.0,0.0,4.2,1.7,0,0.0,0,0,18-APR-2022,
OPTSTK,LICHSGFIN,30-Jun-2022,275.0,PE,0.0,0.0,0.0,4.95,2.05,0,0.0,0,0,18-APR-2022,
OPTSTK,LICHSGFIN,30-Jun-2022,280.0,PE,0.0,0.0,0.0,5.75,2.5,0,0.0,0,0,18-APR-2022,
OPTSTK,LICHSGFIN,30-Jun-2022,285.0,PE,0.0,0.0,0.0,6.65,3.05,0,0.0,0,0,18-APR-2022,
OPTSTK,LICHSGFIN,30-Jun-2022,290.0,PE,0.0,0.0,0.0,7.7,3.6,0,0.0,0,0,18-APR-2022,
OPTSTK,LICHSGFIN,30-Jun-2022,295.0,PE,0.0,0.0,0.0,8.8,4.3,0,0.0,0,0,18-APR-2022,
OPTSTK,LICHSGFIN,30-Jun-2022,300.0,PE,0.0,0.0,0.0,10.0,5.05,0,0.0,0,0,18-APR-2022,
OPTSTK,LICHSGFIN,30-Jun-2022,305.0,PE,0.0,0.0,0.0,11.35,5.9,0,0.0,0,0,18-APR-2022,
OPTSTK,LICHSGFIN,30-Jun-2022,310.0,PE,0.0,0.0,0.0,12.75,6.85,0,0.0,0,0,18-APR-2022,
OPTSTK,LICHSGFIN,30-Jun-2022,315.0,PE,0.0,0.0,0.0,14.3,7.9,0,0.0,0,0,18-APR-2022,
OPTSTK,LICHSGFIN,30-Jun-2022,320.0,PE,0.0,0.0,0.0,15.95,9.1,0,0.0,0,0,18-APR-2022,
OPTSTK,LICHSGFIN,30-Jun-2022,325.0,PE,0.0,0.0,0.0,17.75,10.35,0,0.0,0,0,18-APR-2022,
OPTSTK,LICHSGFIN,30-Jun-2022,330.0,PE,0.0,0.0,0.0,19.65,11.75,0,0.0,0,0,18-APR-2022,
OPTSTK,LICHSGFIN,30-Jun-2022,335.0,PE,0.0,0.0,0.0,21.65,13.25,0,0.0,0,0,18-APR-2022,
OPTSTK,LICHSGFIN,30-Jun-2022,340.0,PE,0.0,0.0,0.0,23.8,14.9,0,0.0,0,0,18-APR-2022,
OPTSTK,LICHSGFIN,30-Jun-2022,345.0,PE,0.0,0.0,0.0,26.05,16.65,0,0.0,0,0,18-APR-2022,
OPTSTK,LICHSGFIN,30-Jun-2022,350.0,PE,0.0,0.0,0.0,28.4,18.55,0,0.0,0,0,18-APR-2022,
OPTSTK,LICHSGFIN,30-Jun-2022,355.0,PE,0.0,0.0,0.0,30.9,20.55,0,0.0,0,0,18-APR-2022,
OPTSTK,LICHSGFIN,30-Jun-2022,360.0,PE,0.0,0.0,0.0,33.5,22.7,0,0.0,0,0,18-APR-2022,
OPTSTK,LICHSGFIN,30-Jun-2022,365.0,PE,0.0,0.0,0.0,36.2,24.95,0,0.0,0,0,18-APR-2022,
OPTSTK,LICHSGFIN,30-Jun-2022,370.0,PE,0.0,0.0,0.0,39.0,27.3,0,0.0,0,0,18-APR-2022,
OPTSTK,LICHSGFIN,30-Jun-2022,375.0,PE,0.0,0.0,0.0,41.95,29.85,0,0.0,0,0,18-APR-2022,
OPTSTK,LICHSGFIN,30-Jun-2022,380.0,PE,0.0,0.0,0.0,25.0,32.45,0,0.0,2000,0,18-APR-2022,
OPTSTK,LICHSGFIN,30-Jun-2022,385.0,PE,0.0,0.0,0.0,48.1,35.2,0,0.0,0,0,18-APR-2022,
OPTSTK,LICHSGFIN,30-Jun-2022,390.0,PE,0.0,0.0,0.0,51.35,38.1,0,0.0,0,0,18-APR-2022,
OPTSTK,LICHSGFIN,30-Jun-2022,395.0,PE,0.0,0.0,0.0,54.65,41.05,0,0.0,0,0,18-APR-2022,
OPTSTK,LICHSGFIN,30-Jun-2022,400.0,PE,0.0,0.0,0.0,58.05,44.15,0,0.0,0,0,18-APR-2022,
OPTSTK,LICHSGFIN,30-Jun-2022,405.0,PE,0.0,0.0,0.0,61.55,47.35,0,0.0,0,0,18-APR-2022,
OPTSTK,LICHSGFIN,30-Jun-2022,410.0,PE,0.0,0.0,0.0,65.15,50.7,0,0.0,0,0,18-APR-2022,
OPTSTK,LICHSGFIN,30-Jun-2022,415.0,PE,0.0,0.0,0.0,68.85,54.1,0,0.0,0,0,18-APR-2022,
OPTSTK,LICHSGFIN,30-Jun-2022,420.0,PE,0.0,0.0,0.0,72.6,57.6,0,0.0,0,0,18-APR-2022,
OPTSTK,LICHSGFIN,30-Jun-2022,425.0,PE,0.0,0.0,0.0,76.4,61.2,0,0.0,0,0,18-APR-2022,
OPTSTK,LICHSGFIN,30-Jun-2022,430.0,PE,0.0,0.0,0.0,80.3,64.9,0,0.0,0,0,18-APR-2022,
OPTSTK,LICHSGFIN,30-Jun-2022,435.0,PE,0.0,0.0,0.0,84.25,68.65,0,0.0,0,0,18-APR-2022,
OPTSTK,LICHSGFIN,30-Jun-2022,440.0,PE,0.0,0.0,0.0,88.25,72.5,0,0.0,0,0,18-APR-2022,
OPTSTK,LICHSGFIN,30-Jun-2022,445.0,PE,0.0,0.0,0.0,92.35,76.45,0,0.0,0,0,18-APR-2022,
OPTSTK,LICHSGFIN,30-Jun-2022,450.0,PE,0.0,0.0,0.0,96.5,80.45,0,0.0,0,0,18-APR-2022,
OPTSTK,LICHSGFIN,30-Jun-2022,455.0,PE,0.0,0.0,0.0,100.7,84.5,0,0.0,0,0,18-APR-2022,
OPTSTK,LICHSGFIN,30-Jun-2022,460.0,PE,0.0,0.0,0.0,104.95,88.65,0,0.0,0,0,18-APR-2022,
OPTSTK,LICHSGFIN,30-Jun-2022,465.0,PE,0.0,0.0,0.0,109.2,92.8,0,0.0,0,0,18-APR-2022,
OPTSTK,LICHSGFIN,30-Jun-2022,470.0,PE,0.0,0.0,0.0,113.55,97.05,0,0.0,0,0,18-APR-2022,
OPTSTK,LICHSGFIN,30-Jun-2022,475.0,PE,0.0,0.0,0.0,117.95,101.35,0,0.0,0,0,18-APR-2022,
OPTSTK,LICHSGFIN,30-Jun-2022,480.0,PE,0.0,0.0,0.0,122.35,105.7,0,0.0,0,0,18-APR-2022,
OPTSTK,LICHSGFIN,30-Jun-2022,485.0,PE,0.0,0.0,0.0,126.8,110.1,0,0.0,0,0,18-APR-2022,
OPTSTK,LICHSGFIN,30-Jun-2022,490.0,PE,0.0,0.0,0.0,131.3,114.55,0,0.0,0,0,18-APR-2022,
OPTSTK,LT,28-Apr-2022,1160.0,CE,0.0,0.0,0.0,763.0,579.7,0,0.0,0,0,18-APR-2022,
OPTSTK,LT,28-Apr-2022,1180.0,CE,0.0,0.0,0.0,743.25,559.7,0,0.0,0,0,18-APR-2022,
OPTSTK,LT,28-Apr-2022,1200.0,CE,0.0,0.0,0.0,723.5,539.7,0,0.0,0,0,18-APR-2022,
OPTSTK,LT,28-Apr-2022,1220.0,CE,0.0,0.0,0.0,703.75,519.75,0,0.0,0,0,18-APR-2022,
OPTSTK,LT,28-Apr-2022,1240.0,CE,0.0,0.0,0.0,684.05,499.75,0,0.0,0,0,18-APR-2022,
OPTSTK,LT,28-Apr-2022,1260.0,CE,0.0,0.0,0.0,664.35,479.8,0,0.0,0,0,18-APR-2022,
OPTSTK,LT,28-Apr-2022,1280.0,CE,0.0,0.0,0.0,644.7,459.8,0,0.0,0,0,18-APR-2022,
OPTSTK,LT,28-Apr-2022,1300.0,CE,0.0,0.0,0.0,625.1,439.85,0,0.0,0,0,18-APR-2022,
OPTSTK,LT,28-Apr-2022,1320.0,CE,0.0,0.0,0.0,605.55,419.85,0,0.0,0,0,18-APR-2022,
OPTSTK,LT,28-Apr-2022,1340.0,CE,0.0,0.0,0.0,586.05,399.9,0,0.0,0,0,18-APR-2022,
OPTSTK,LT,28-Apr-2022,1360.0,CE,0.0,0.0,0.0,566.6,379.9,0,0.0,0,0,18-APR-2022,
OPTSTK,LT,28-Apr-2022,1380.0,CE,0.0,0.0,0.0,547.25,359.9,0,0.0,0,0,18-APR-2022,
OPTSTK,LT,28-Apr-2022,1400.0,CE,0.0,0.0,0.0,528.0,339.95,0,0.0,0,0,18-APR-2022,
OPTSTK,LT,28-Apr-2022,1420.0,CE,0.0,0.0,0.0,508.9,319.95,0,0.0,0,0,18-APR-2022,
OPTSTK,LT,28-Apr-2022,1440.0,CE,0.0,0.0,0.0,489.9,300.0,0,0.0,0,0,18-APR-2022,
OPTSTK,LT,28-Apr-2022,1460.0,CE,0.0,0.0,0.0,471.05,280.05,0,0.0,0,0,18-APR-2022,
OPTSTK,LT,28-Apr-2022,1480.0,CE,0.0,0.0,0.0,452.4,260.1,0,0.0,0,0,18-APR-2022,
OPTSTK,LT,28-Apr-2022,1500.0,CE,0.0,0.0,0.0,273.0,240.15,0,0.0,5750,0,18-APR-2022,
OPTSTK,LT,28-Apr-2022,1520.0,CE,0.0,0.0,0.0,415.75,220.3,0,0.0,0,0,18-APR-2022,
OPTSTK,LT,28-Apr-2022,1540.0,CE,0.0,0.0,0.0,397.75,200.5,0,0.0,0,0,18-APR-2022,
OPTSTK,LT,28-Apr-2022,1560.0,CE,0.0,0.0,0.0,380.05,180.95,0,0.0,0,0,18-APR-2022,
OPTSTK,LT,28-Apr-2022,1580.0,CE,0.0,0.0,0.0,362.6,161.6,0,0.0,0,0,18-APR-2022,
OPTSTK,LT,28-Apr-2022,1600.0,CE,140.0,140.0,140.0,140.0,142.7,1,10.0,6325,-575,18-APR-2022,
OPTSTK,LT,28-Apr-2022,1620.0,CE,0.0,0.0,0.0,328.75,124.4,0,0.0,0,0,18-APR-2022,
OPTSTK,LT,28-Apr-2022,1640.0,CE,87.4,107.65,87.4,107.65,107.65,2,19.98,7475,1150,18-APR-2022,
OPTSTK,LT,28-Apr-2022,1660.0,CE,0.0,0.0,0.0,69.45,90.4,0,0.0,5750,0,18-APR-2022,
OPTSTK,LT,28-Apr-2022,1680.0,CE,0.0,0.0,0.0,163.25,75.15,0,0.0,2875,0,18-APR-2022,
OPTSTK,LT,28-Apr-2022,1700.0,CE,50.55,57.95,39.35,55.2,55.2,215,2161.72,48300,6325,18-APR-2022,
OPTSTK,LT,28-Apr-2022,1720.0,CE,42.0,44.2,28.95,41.15,41.15,818,8252.89,41975,32775,18-APR-2022,
OPTSTK,LT,28-Apr-2022,1740.0,CE,30.05,31.9,20.0,29.0,29.0,2299,23325.07,182850,54625,18-APR-2022,
OPTSTK,LT,28-Apr-2022,1760.0,CE,21.2,22.9,13.5,19.35,19.35,2073,21182.37,338675,24150,18-APR-2022,
OPTSTK,LT,28-Apr-2022,1780.0,CE,17.0,17.0,9.3,12.9,12.9,1675,17254.5,310500,14950,18-APR-2022,
OPTSTK,LT,28-Apr-2022,1800.0,CE,12.0,12.65,6.75,8.75,8.75,2498,25968.62,1106300,-13800,18-APR-2022,
OPTSTK,LT,28-Apr-2022,1820.0,CE,7.05,8.05,5.1,6.2,6.2,997,10467.08,431825,-10925,18-APR-2022,
OPTSTK,LT,28-Apr-2022,1840.0,CE,6.1,6.1,4.05,4.75,4.75,1197,12695.13,928050,37950,18-APR-2022,
OPTSTK,LT,28-Apr-2022,1860.0,CE,3.45,5.05,3.0,3.6,3.6,738,7907.63,704950,-52900,18-APR-2022,
OPTSTK,LT,28-Apr-2022,1880.0,CE,4.85,4.9,2.45,2.9,2.9,683,7394.41,145475,-18975,18-APR-2022,
OPTSTK,LT,28-Apr-2022,1900.0,CE,3.25,3.25,2.0,2.35,2.35,925,10118.04,789475,-99475,18-APR-2022,
OPTSTK,LT,28-Apr-2022,1920.0,CE,1.95,2.25,1.6,2.1,2.1,303,3348.53,120175,-17825,18-APR-2022,
OPTSTK,LT,28-Apr-2022,1940.0,CE,1.5,1.85,1.25,1.85,1.85,229,2556.63,184575,-29325,18-APR-2022,
OPTSTK,LT,28-Apr-2022,1960.0,CE,1.2,1.55,1.0,1.5,1.5,202,2278.02,208725,-14375,18-APR-2022,
OPTSTK,LT,28-Apr-2022,1980.0,CE,1.55,1.55,0.75,1.3,1.3,136,1549.22,64400,-15525,18-APR-2022,
OPTSTK,LT,28-Apr-2022,2000.0,CE,1.4,1.4,0.6,1.1,1.1,438,5039.32,428375,-66125,18-APR-2022,
OPTSTK,LT,28-Apr-2022,2020.0,CE,0.9,1.0,0.65,1.0,1.0,69,801.76,30475,-5750,18-APR-2022,
OPTSTK,LT,28-Apr-2022,2040.0,CE,0.95,0.95,0.6,0.9,0.9,74,868.34,48300,-1150,18-APR-2022,
OPTSTK,LT,28-Apr-2022,2060.0,CE,0.0,0.0,0.0,3.45,0.05,0,0.0,5175,0,18-APR-2022,
OPTSTK,LT,28-Apr-2022,2080.0,CE,0.35,0.7,0.35,0.7,0.7,14,167.47,15525,-5175,18-APR-2022,
OPTSTK,LT,28-Apr-2022,2100.0,CE,0.95,1.0,0.4,0.85,0.85,196,2367.37,160425,-18975,18-APR-2022,
OPTSTK,LT,28-Apr-2022,2120.0,CE,0.0,0.0,0.0,58.3,0.0,0,0.0,0,0,18-APR-2022,
OPTSTK,LT,28-Apr-2022,2140.0,CE,0.0,0.0,0.0,53.5,0.0,0,0.0,0,0,18-APR-2022,
OPTSTK,LT,28-Apr-2022,2160.0,CE,0.0,0.0,0.0,0.15,0.0,0,0.0,23000,0,18-APR-2022,
OPTSTK,LT,28-Apr-2022,2180.0,CE,0.0,0.0,0.0,0.65,0.0,0,0.0,5175,0,18-APR-2022,
OPTSTK,LT,28-Apr-2022,2200.0,CE,0.4,0.95,0.4,0.55,0.55,17,215.11,43125,-1725,18-APR-2022,
OPTSTK,LT,28-Apr-2022,2220.0,CE,0.0,0.0,0.0,37.1,0.0,0,0.0,0,0,18-APR-2022,
OPTSTK,LT,28-Apr-2022,2240.0,CE,0.0,0.0,0.0,33.75,0.0,0,0.0,0,0,18-APR-2022,
OPTSTK,LT,28-Apr-2022,2260.0,CE,0.0,0.0,0.0,30.7,0.0,0,0.0,0,0,18-APR-2022,
OPTSTK,LT,28-Apr-2022,2280.0,CE,0.0,0.0,0.0,27.85,0.0,0,0.0,0,0,18-APR-2022,
OPTSTK,LT,28-Apr-2022,2300.0,CE,0.0,0.0,0.0,25.25,0.0,0,0.0,0,0,18-APR-2022,
OPTSTK,LT,28-Apr-2022,2320.0,CE,0.0,0.0,0.0,22.85,0.0,0,0.0,0,0,18-APR-2022,
OPTSTK,LT,28-Apr-2022,2340.0,CE,0.0,0.0,0.0,20.7,0.0,0,0.0,0,0,18-APR-2022,
OPTSTK,LT,28-Apr-2022,2360.0,CE,0.0,0.0,0.0,18.7,0.0,0,0.0,0,0,18-APR-2022,
OPTSTK,LT,28-Apr-2022,2380.0,CE,0.0,0.0,0.0,16.85,0.0,0,0.0,0,0,18-APR-2022,
OPTSTK,LT,28-Apr-2022,2400.0,CE,0.0,0.0,0.0,15.2,0.0,0,0.0,0,0,18-APR-2022,
OPTSTK,LT,28-Apr-2022,2420.0,CE,0.0,0.0,0.0,13.7,0.0,0,0.0,0,0,18-APR-2022,
OPTSTK,LT,28-Apr-2022,2440.0,CE,0.0,0.0,0.0,12.3,0.0,0,0.0,0,0,18-APR-2022,
OPTSTK,LT,28-Apr-2022,1160.0,PE,0.0,0.0,0.0,0.1,0.0,0,0.0,0,0,18-APR-2022,
OPTSTK,LT,28-Apr-2022,1180.0,PE,0.0,0.0,0.0,0.1,0.0,0,0.0,0,0,18-APR-2022,
OPTSTK,LT,28-Apr-2022,1200.0,PE,0.0,0.0,0.0,0.15,0.0,0,0.0,0,0,18-APR-2022,
OPTSTK,LT,28-Apr-2022,1220.0,PE,0.0,0.0,0.0,0.2,0.0,0,0.0,0,0,18-APR-2022,
OPTSTK,LT,28-Apr-2022,1240.0,PE,0.0,0.0,0.0,0.3,0.0,0,0.0,0,0,18-APR-2022,
OPTSTK,LT,28-Apr-2022,1260.0,PE,0.0,0.0,0.0,0.4,0.0,0,0.0,0,0,18-APR-2022,
OPTSTK,LT,28-Apr-2022,1280.0,PE,0.0,0.0,0.0,0.55,0.0,0,0.0,0,0,18-APR-2022,
OPTSTK,LT,28-Apr-2022,1300.0,PE,0.0,0.0,0.0,0.7,0.0,0,0.0,0,0,18-APR-2022,
OPTSTK,LT,28-Apr-2022,1320.0,PE,0.0,0.0,0.0,0.95,0.0,0,0.0,0,0,18-APR-2022,
OPTSTK,LT,28-Apr-2022,1340.0,PE,0.0,0.0,0.0,1.2,0.0,0,0.0,0,0,18-APR-2022,
OPTSTK,LT,28-Apr-2022,1360.0,PE,0.0,0.0,0.0,1.6,0.0,0,0.0,0,0,18-APR-2022,
OPTSTK,LT,28-Apr-2022,1380.0,PE,0.0,0.0,0.0,2.0,0.0,0,0.0,0,0,18-APR-2022,
OPTSTK,LT,28-Apr-2022,1400.0,PE,0.0,0.0,0.0,0.25,0.0,0,0.0,1150,0,18-APR-2022,
OPTSTK,LT,28-Apr-2022,1420.0,PE,0.0,0.0,0.0,3.25,0.0,0,0.0,0,0,18-APR-2022,
OPTSTK,LT,28-Apr-2022,1440.0,PE,0.0,0.0,0.0,4.05,0.05,0,0.0,0,0,18-APR-2022,
OPTSTK,LT,28-Apr-2022,1460.0,PE,0.0,0.0,0.0,0.25,0.05,0,0.0,575,0,18-APR-2022,
OPTSTK,LT,28-Apr-2022,1480.0,PE,0.0,0.0,0.0,6.15,0.05,0,0.0,0,0,18-APR-2022,
OPTSTK,LT,28-Apr-2022,1500.0,PE,0.55,1.05,0.55,0.7,0.7,75,647.28,44850,-23000,18-APR-2022,
OPTSTK,LT,28-Apr-2022,1520.0,PE,0.0,0.0,0.0,9.05,0.2,0,0.0,0,0,18-APR-2022,
OPTSTK,LT,28-Apr-2022,1540.0,PE,1.0,1.55,0.9,0.9,0.9,95,841.86,2875,-9200,18-APR-2022,
OPTSTK,LT,28-Apr-2022,1560.0,PE,0.0,0.0,0.0,12.95,0.8,0,0.0,0,0,18-APR-2022,
OPTSTK,LT,28-Apr-2022,1580.0,PE,0.0,0.0,0.0,15.3,1.5,0,0.0,0,0,18-APR-2022,
OPTSTK,LT,28-Apr-2022,1600.0,PE,1.3,3.6,1.3,1.65,1.65,584,5381.25,200100,-7475,18-APR-2022,
OPTSTK,LT,28-Apr-2022,1620.0,PE,4.15,4.95,2.25,2.4,2.4,357,3333.2,63250,-11500,18-APR-2022,
OPTSTK,LT,28-Apr-2022,1640.0,PE,5.0,6.85,3.1,3.45,3.45,704,6660.49,121900,-56350,18-APR-2022,
OPTSTK,LT,28-Apr-2022,1660.0,PE,7.0,9.75,4.8,5.2,5.2,483,4631.85,87400,4025,18-APR-2022,
OPTSTK,LT,28-Apr-2022,1680.0,PE,13.2,14.1,7.4,8.15,8.15,715,6954.73,79350,-9775,18-APR-2022,
OPTSTK,LT,28-Apr-2022,1700.0,PE,16.45,20.55,10.6,11.7,11.7,1811,17878.21,321425,-4025,18-APR-2022,
OPTSTK,LT,28-Apr-2022,1720.0,PE,23.85,29.5,16.0,17.8,17.8,2328,23347.03,144900,21275,18-APR-2022,
OPTSTK,LT,28-Apr-2022,1740.0,PE,30.1,40.2,23.5,25.65,25.65,812,8274.29,166750,-10350,18-APR-2022,
OPTSTK,LT,28-Apr-2022,1760.0,PE,39.95,54.45,33.55,35.3,35.3,295,3059.14,148925,-12075,18-APR-2022,
OPTSTK,LT,28-Apr-2022,1780.0,PE,54.0,69.0,47.75,49.65,49.65,86,909.14,242650,-3450,18-APR-2022,
OPTSTK,LT,28-Apr-2022,1800.0,PE,70.8,86.95,63.55,65.5,65.5,80,864.3,419175,-13225,18-APR-2022,
OPTSTK,LT,28-Apr-2022,1820.0,PE,100.85,103.0,79.8,80.4,80.4,10,110.0,134550,-3450,18-APR-2022,
OPTSTK,LT,28-Apr-2022,1840.0,PE,111.0,119.0,100.05,101.6,101.6,23,257.96,127075,-5750,18-APR-2022,
OPTSTK,LT,28-Apr-2022,1860.0,PE,136.5,139.0,122.25,122.25,125.05,3,34.37,74750,0,18-APR-2022,
OPTSTK,LT,28-Apr-2022,1880.0,PE,0.0,0.0,0.0,127.65,143.2,0,0.0,14375,0,18-APR-2022,
OPTSTK,LT,28-Apr-2022,1900.0,PE,173.6,173.6,159.85,159.85,161.9,6,71.34,172500,-1725,18-APR-2022,
OPTSTK,LT,28-Apr-2022,1920.0,PE,0.0,0.0,0.0,150.15,181.0,0,0.0,2875,0,18-APR-2022,
OPTSTK,LT,28-Apr-2022,1940.0,PE,0.0,0.0,0.0,113.45,200.4,0,0.0,7475,0,18-APR-2022,
OPTSTK,LT,28-Apr-2022,1960.0,PE,0.0,0.0,0.0,140.95,220.0,0,0.0,0,0,18-APR-2022,
OPTSTK,LT,28-Apr-2022,1980.0,PE,0.0,0.0,0.0,206.15,239.75,0,0.0,1725,0,18-APR-2022,
OPTSTK,LT,28-Apr-2022,2000.0,PE,0.0,0.0,0.0,180.0,259.6,0,0.0,39675,0,18-APR-2022,
OPTSTK,LT,28-Apr-2022,2020.0,PE,0.0,0.0,0.0,206.85,279.5,0,0.0,575,0,18-APR-2022,
OPTSTK,LT,28-Apr-2022,2040.0,PE,0.0,0.0,0.0,260.5,299.45,0,0.0,1725,0,18-APR-2022,
OPTSTK,LT,28-Apr-2022,2060.0,PE,0.0,0.0,0.0,203.05,319.4,0,0.0,0,0,18-APR-2022,
OPTSTK,LT,28-Apr-2022,2080.0,PE,0.0,0.0,0.0,299.0,339.35,0,0.0,5750,0,18-APR-2022,
OPTSTK,LT,28-Apr-2022,2100.0,PE,0.0,0.0,0.0,255.0,359.3,0,0.0,3450,0,18-APR-2022,
OPTSTK,LT,28-Apr-2022,2120.0,PE,0.0,0.0,0.0,245.4,379.3,0,0.0,0,0,18-APR-2022,
OPTSTK,LT,28-Apr-2022,2140.0,PE,0.0,0.0,0.0,260.35,399.25,0,0.0,0,0,18-APR-2022,
OPTSTK,LT,28-Apr-2022,2160.0,PE,0.0,0.0,0.0,275.6,419.25,0,0.0,0,0,18-APR-2022,
OPTSTK,LT,28-Apr-2022,2180.0,PE,0.0,0.0,0.0,291.15,439.2,0,0.0,0,0,18-APR-2022,
OPTSTK,LT,28-Apr-2022,2200.0,PE,0.0,0.0,0.0,306.95,459.2,0,0.0,0,0,18-APR-2022,
OPTSTK,LT,28-Apr-2022,2220.0,PE,0.0,0.0,0.0,323.15,479.15,0,0.0,0,0,18-APR-2022,
OPTSTK,LT,28-Apr-2022,2240.0,PE,0.0,0.0,0.0,339.6,499.15,0,0.0,0,0,18-APR-2022,
OPTSTK,LT,28-Apr-2022,2260.0,PE,0.0,0.0,0.0,356.3,519.15,0,0.0,0,0,18-APR-2022,
OPTSTK,LT,28-Apr-2022,2280.0,PE,0.0,0.0,0.0,373.25,539.1,0,0.0,0,0,18-APR-2022,
OPTSTK,LT,28-Apr-2022,2300.0,PE,0.0,0.0,0.0,390.45,559.1,0,0.0,0,0,18-APR-2022,
OPTSTK,LT,28-Apr-2022,2320.0,PE,0.0,0.0,0.0,407.85,579.05,0,0.0,0,0,18-APR-2022,
OPTSTK,LT,28-Apr-2022,2340.0,PE,0.0,0.0,0.0,425.45,599.05,0,0.0,0,0,18-APR-2022,
OPTSTK,LT,28-Apr-2022,2360.0,PE,0.0,0.0,0.0,443.25,619.0,0,0.0,0,0,18-APR-2022,
OPTSTK,LT,28-Apr-2022,2380.0,PE,0.0,0.0,0.0,461.25,639.0,0,0.0,0,0,18-APR-2022,
OPTSTK,LT,28-Apr-2022,2400.0,PE,0.0,0.0,0.0,479.35,658.95,0,0.0,0,0,18-APR-2022,
OPTSTK,LT,28-Apr-2022,2420.0,PE,0.0,0.0,0.0,497.65,678.95,0,0.0,0,0,18-APR-2022,
OPTSTK,LT,28-Apr-2022,2440.0,PE,0.0,0.0,0.0,516.05,698.9,0,0.0,0,0,18-APR-2022,
OPTSTK,LT,26-May-2022,1160.0,CE,0.0,0.0,0.0,609.9,583.5,0,0.0,0,0,18-APR-2022,
OPTSTK,LT,26-May-2022,1180.0,CE,0.0,0.0,0.0,590.3,563.6,0,0.0,0,0,18-APR-2022,
OPTSTK,LT,26-May-2022,1200.0,CE,0.0,0.0,0.0,570.7,543.7,0,0.0,0,0,18-APR-2022,
OPTSTK,LT,26-May-2022,1220.0,CE,0.0,0.0,0.0,551.2,523.75,0,0.0,0,0,18-APR-2022,
OPTSTK,LT,26-May-2022,1240.0,CE,0.0,0.0,0.0,531.75,503.85,0,0.0,0,0,18-APR-2022,
OPTSTK,LT,26-May-2022,1260.0,CE,0.0,0.0,0.0,512.4,484.0,0,0.0,0,0,18-APR-2022,
OPTSTK,LT,26-May-2022,1280.0,CE,0.0,0.0,0.0,493.15,464.1,0,0.0,0,0,18-APR-2022,
OPTSTK,LT,26-May-2022,1300.0,CE,0.0,0.0,0.0,474.0,444.25,0,0.0,0,0,18-APR-2022,
OPTSTK,LT,26-May-2022,1320.0,CE,0.0,0.0,0.0,455.05,424.45,0,0.0,0,0,18-APR-2022,
OPTSTK,LT,26-May-2022,1340.0,CE,0.0,0.0,0.0,436.25,404.65,0,0.0,0,0,18-APR-2022,
OPTSTK,LT,26-May-2022,1360.0,CE,0.0,0.0,0.0,417.65,384.95,0,0.0,0,0,18-APR-2022,
OPTSTK,LT,26-May-2022,1380.0,CE,0.0,0.0,0.0,399.25,365.3,0,0.0,0,0,18-APR-2022,
OPTSTK,LT,26-May-2022,1400.0,CE,0.0,0.0,0.0,381.1,345.75,0,0.0,0,0,18-APR-2022,
OPTSTK,LT,26-May-2022,1420.0,CE,0.0,0.0,0.0,363.25,326.4,0,0.0,0,0,18-APR-2022,
OPTSTK,LT,26-May-2022,1440.0,CE,0.0,0.0,0.0,345.7,307.2,0,0.0,0,0,18-APR-2022,
OPTSTK,LT,26-May-2022,1460.0,CE,0.0,0.0,0.0,328.5,288.2,0,0.0,0,0,18-APR-2022,
OPTSTK,LT,26-May-2022,1480.0,CE,0.0,0.0,0.0,311.6,269.5,0,0.0,0,0,18-APR-2022,
OPTSTK,LT,26-May-2022,1500.0,CE,0.0,0.0,0.0,295.15,251.15,0,0.0,0,0,18-APR-2022,
OPTSTK,LT,26-May-2022,1520.0,CE,0.0,0.0,0.0,279.05,233.15,0,0.0,0,0,18-APR-2022,
OPTSTK,LT,26-May-2022,1540.0,CE,0.0,0.0,0.0,263.4,215.65,0,0.0,0,0,18-APR-2022,
OPTSTK,LT,26-May-2022,1560.0,CE,0.0,0.0,0.0,248.2,198.65,0,0.0,0,0,18-APR-2022,
OPTSTK,LT,26-May-2022,1580.0,CE,0.0,0.0,0.0,233.55,182.2,0,0.0,0,0,18-APR-2022,
OPTSTK,LT,26-May-2022,1600.0,CE,0.0,0.0,0.0,219.3,166.4,0,0.0,0,0,18-APR-2022,
OPTSTK,LT,26-May-2022,1620.0,CE,0.0,0.0,0.0,205.5,151.35,0,0.0,0,0,18-APR-2022,
OPTSTK,LT,26-May-2022,1640.0,CE,0.0,0.0,0.0,192.35,136.9,0,0.0,0,0,18-APR-2022,
OPTSTK,LT,26-May-2022,1660.0,CE,0.0,0.0,0.0,179.7,123.3,0,0.0,0,0,18-APR-2022,
OPTSTK,LT,26-May-2022,1680.0,CE,0.0,0.0,0.0,167.55,110.55,0,0.0,0,0,18-APR-2022,
OPTSTK,LT,26-May-2022,1700.0,CE,85.0,87.0,85.0,87.0,98.6,2,20.53,1150,1150,18-APR-2022,
OPTSTK,LT,26-May-2022,1720.0,CE,69.0,72.0,66.0,72.0,87.55,4,41.16,1150,1150,18-APR-2022,
OPTSTK,LT,26-May-2022,1740.0,CE,59.45,66.0,59.45,65.7,65.7,15,155.57,8050,7475,18-APR-2022,
OPTSTK,LT,26-May-2022,1760.0,CE,0.0,0.0,0.0,124.6,67.95,0,0.0,0,0,18-APR-2022,
OPTSTK,LT,26-May-2022,1780.0,CE,0.0,0.0,0.0,115.2,59.45,0,0.0,0,0,18-APR-2022,
OPTSTK,LT,26-May-2022,1800.0,CE,40.0,40.0,32.25,38.15,38.15,134,1415.07,82800,28750,18-APR-2022,
OPTSTK,LT,26-May-2022,1820.0,CE,0.0,0.0,0.0,50.0,44.75,0,0.0,2300,0,18-APR-2022,
OPTSTK,LT,26-May-2022,1840.0,CE,21.0,21.0,21.0,21.0,38.55,1,10.7,2300,575,18-APR-2022,
OPTSTK,LT,26-May-2022,1860.0,CE,0.0,0.0,0.0,82.75,33.05,0,0.0,0,0,18-APR-2022,
OPTSTK,LT,26-May-2022,1880.0,CE,0.0,0.0,0.0,75.9,28.3,0,0.0,0,0,18-APR-2022,
OPTSTK,LT,26-May-2022,1900.0,CE,12.25,15.75,12.25,14.45,14.45,66,726.35,70725,17250,18-APR-2022,
OPTSTK,LT,26-May-2022,1920.0,CE,0.0,0.0,0.0,63.5,20.25,0,0.0,0,0,18-APR-2022,
OPTSTK,LT,26-May-2022,1940.0,CE,0.0,0.0,0.0,57.95,17.0,0,0.0,0,0,18-APR-2022,
OPTSTK,LT,26-May-2022,1960.0,CE,0.0,0.0,0.0,52.9,14.25,0,0.0,0,0,18-APR-2022,
OPTSTK,LT,26-May-2022,1980.0,CE,0.0,0.0,0.0,48.15,11.85,0,0.0,0,0,18-APR-2022,
OPTSTK,LT,26-May-2022,2000.0,CE,9.9,9.9,6.0,6.55,6.55,13,150.03,22425,4600,18-APR-2022,
OPTSTK,LT,26-May-2022,2020.0,CE,0.0,0.0,0.0,39.65,8.1,0,0.0,0,0,18-APR-2022,
OPTSTK,LT,26-May-2022,2040.0,CE,0.0,0.0,0.0,35.9,6.65,0,0.0,0,0,18-APR-2022,
OPTSTK,LT,26-May-2022,2060.0,CE,0.0,0.0,0.0,32.5,5.45,0,0.0,0,0,18-APR-2022,
OPTSTK,LT,26-May-2022,2080.0,CE,0.0,0.0,0.0,29.35,4.45,0,0.0,0,0,18-APR-2022,
OPTSTK,LT,26-May-2022,2100.0,CE,3.25,3.25,3.25,3.25,3.6,2,24.18,1150,1150,18-APR-2022,
OPTSTK,LT,26-May-2022,2120.0,CE,0.0,0.0,0.0,23.85,2.9,0,0.0,0,0,18-APR-2022,
OPTSTK,LT,26-May-2022,2140.0,CE,0.0,0.0,0.0,21.45,2.35,0,0.0,0,0,18-APR-2022,
OPTSTK,LT,26-May-2022,2160.0,CE,0.0,0.0,0.0,19.3,1.85,0,0.0,0,0,18-APR-2022,
OPTSTK,LT,26-May-2022,2180.0,CE,0.0,0.0,0.0,17.3,1.5,0,0.0,0,0,18-APR-2022,
OPTSTK,LT,26-May-2022,2200.0,CE,0.0,0.0,0.0,15.5,1.2,0,0.0,0,0,18-APR-2022,
OPTSTK,LT,26-May-2022,2220.0,CE,0.0,0.0,0.0,13.9,0.95,0,0.0,0,0,18-APR-2022,
OPTSTK,LT,26-May-2022,2240.0,CE,0.0,0.0,0.0,12.45,0.75,0,0.0,0,0,18-APR-2022,
OPTSTK,LT,26-May-2022,2260.0,CE,0.0,0.0,0.0,11.1,0.6,0,0.0,0,0,18-APR-2022,
OPTSTK,LT,26-May-2022,2280.0,CE,0.0,0.0,0.0,9.9,0.45,0,0.0,0,0,18-APR-2022,
OPTSTK,LT,26-May-2022,2300.0,CE,0.0,0.0,0.0,8.8,0.35,0,0.0,0,0,18-APR-2022,
OPTSTK,LT,26-May-2022,2320.0,CE,0.0,0.0,0.0,7.85,0.3,0,0.0,0,0,18-APR-2022,
OPTSTK,LT,26-May-2022,2340.0,CE,0.0,0.0,0.0,7.0,0.25,0,0.0,0,0,18-APR-2022,
OPTSTK,LT,26-May-2022,2360.0,CE,0.0,0.0,0.0,6.2,0.2,0,0.0,0,0,18-APR-2022,
OPTSTK,LT,26-May-2022,2380.0,CE,0.0,0.0,0.0,5.5,0.15,0,0.0,0,0,18-APR-2022,
OPTSTK,LT,26-May-2022,2400.0,CE,0.0,0.0,0.0,4.9,0.1,0,0.0,0,0,18-APR-2022,
OPTSTK,LT,26-May-2022,2420.0,CE,0.0,0.0,0.0,4.3,0.1,0,0.0,0,0,18-APR-2022,
OPTSTK,LT,26-May-2022,2440.0,CE,0.0,0.0,0.0,3.85,0.1,0,0.0,0,0,18-APR-2022,
OPTSTK,LT,26-May-2022,1160.0,PE,0.0,0.0,0.0,0.45,0.0,0,0.0,0,0,18-APR-2022,
OPTSTK,LT,26-May-2022,1180.0,PE,0.0,0.0,0.0,0.6,0.0,0,0.0,0,0,18-APR-2022,
OPTSTK,LT,26-May-2022,1200.0,PE,0.0,0.0,0.0,0.8,0.05,0,0.0,0,0,18-APR-2022,
OPTSTK,LT,26-May-2022,1220.0,PE,0.0,0.0,0.0,1.05,0.05,0,0.0,0,0,18-APR-2022,
OPTSTK,LT,26-May-2022,1240.0,PE,0.0,0.0,0.0,1.4,0.05,0,0.0,0,0,18-APR-2022,
OPTSTK,LT,26-May-2022,1260.0,PE,0.0,0.0,0.0,1.85,0.05,0,0.0,0,0,18-APR-2022,
OPTSTK,LT,26-May-2022,1280.0,PE,0.0,0.0,0.0,2.4,0.1,0,0.0,0,0,18-APR-2022,
OPTSTK,LT,26-May-2022,1300.0,PE,0.0,0.0,0.0,3.05,0.15,0,0.0,0,0,18-APR-2022,
OPTSTK,LT,26-May-2022,1320.0,PE,0.0,0.0,0.0,3.85,0.25,0,0.0,0,0,18-APR-2022,
OPTSTK,LT,26-May-2022,1340.0,PE,0.0,0.0,0.0,4.85,0.4,0,0.0,0,0,18-APR-2022,
OPTSTK,LT,26-May-2022,1360.0,PE,0.0,0.0,0.0,6.05,0.6,0,0.0,0,0,18-APR-2022,
OPTSTK,LT,26-May-2022,1380.0,PE,0.0,0.0,0.0,7.45,0.85,0,0.0,0,0,18-APR-2022,
OPTSTK,LT,26-May-2022,1400.0,PE,0.0,0.0,0.0,9.1,1.25,0,0.0,0,0,18-APR-2022,
OPTSTK,LT,26-May-2022,1420.0,PE,0.0,0.0,0.0,11.05,1.75,0,0.0,0,0,18-APR-2022,
OPTSTK,LT,26-May-2022,1440.0,PE,0.0,0.0,0.0,13.3,2.45,0,0.0,0,0,18-APR-2022,
OPTSTK,LT,26-May-2022,1460.0,PE,0.0,0.0,0.0,15.85,3.4,0,0.0,0,0,18-APR-2022,
OPTSTK,LT,26-May-2022,1480.0,PE,0.0,0.0,0.0,18.75,4.6,0,0.0,0,0,18-APR-2022,
OPTSTK,LT,26-May-2022,1500.0,PE,0.0,0.0,0.0,2.55,6.15,0,0.0,0,0,18-APR-2022,
OPTSTK,LT,26-May-2022,1520.0,PE,0.0,0.0,0.0,25.8,8.1,0,0.0,0,0,18-APR-2022,
OPTSTK,LT,26-May-2022,1540.0,PE,0.0,0.0,0.0,29.95,10.5,0,0.0,0,0,18-APR-2022,
OPTSTK,LT,26-May-2022,1560.0,PE,0.0,0.0,0.0,34.55,13.4,0,0.0,0,0,18-APR-2022,
OPTSTK,LT,26-May-2022,1580.0,PE,0.0,0.0,0.0,39.65,16.85,0,0.0,0,0,18-APR-2022,
OPTSTK,LT,26-May-2022,1600.0,PE,16.95,17.0,16.8,16.8,21.0,3,27.89,32775,0,18-APR-2022,
OPTSTK,LT,26-May-2022,1620.0,PE,0.0,0.0,0.0,51.2,25.85,0,0.0,0,0,18-APR-2022,
OPTSTK,LT,26-May-2022,1640.0,PE,0.0,0.0,0.0,57.8,31.3,0,0.0,0,0,18-APR-2022,
OPTSTK,LT,26-May-2022,1660.0,PE,0.0,0.0,0.0,64.95,37.65,0,0.0,0,0,18-APR-2022,
OPTSTK,LT,26-May-2022,1680.0,PE,0.0,0.0,0.0,72.65,44.8,0,0.0,0,0,18-APR-2022,
OPTSTK,LT,26-May-2022,1700.0,PE,38.55,47.0,36.25,36.75,36.75,48,480.48,100625,9200,18-APR-2022,
OPTSTK,LT,26-May-2022,1720.0,PE,0.0,0.0,0.0,89.65,61.6,0,0.0,0,0,18-APR-2022,
OPTSTK,LT,26-May-2022,1740.0,PE,0.0,0.0,0.0,98.95,71.3,0,0.0,0,0,18-APR-2022,
OPTSTK,LT,26-May-2022,1760.0,PE,63.0,63.0,62.0,62.0,81.85,2,20.95,4025,1150,18-APR-2022,
OPTSTK,LT,26-May-2022,1780.0,PE,0.0,0.0,0.0,66.0,93.25,0,0.0,1725,0,18-APR-2022,
OPTSTK,LT,26-May-2022,1800.0,PE,99.45,103.0,87.6,87.6,105.4,34,370.57,96025,13225,18-APR-2022,
OPTSTK,LT,26-May-2022,1820.0,PE,0.0,0.0,0.0,141.55,118.4,0,0.0,0,0,18-APR-2022,
OPTSTK,LT,26-May-2022,1840.0,PE,0.0,0.0,0.0,49.0,132.1,0,0.0,575,0,18-APR-2022,
OPTSTK,LT,26-May-2022,1860.0,PE,0.0,0.0,0.0,165.95,146.5,0,0.0,0,0,18-APR-2022,
OPTSTK,LT,26-May-2022,1880.0,PE,0.0,0.0,0.0,178.85,161.65,0,0.0,0,0,18-APR-2022,
OPTSTK,LT,26-May-2022,1900.0,PE,0.0,0.0,0.0,192.25,177.2,0,0.0,0,0,18-APR-2022,
OPTSTK,LT,26-May-2022,1920.0,PE,0.0,0.0,0.0,206.05,193.4,0,0.0,0,0,18-APR-2022,
OPTSTK,LT,26-May-2022,1940.0,PE,0.0,0.0,0.0,220.3,210.1,0,0.0,0,0,18-APR-2022,
OPTSTK,LT,26-May-2022,1960.0,PE,0.0,0.0,0.0,235.05,227.25,0,0.0,0,0,18-APR-2022,
OPTSTK,LT,26-May-2022,1980.0,PE,0.0,0.0,0.0,250.05,244.75,0,0.0,0,0,18-APR-2022,
OPTSTK,LT,26-May-2022,2000.0,PE,0.0,0.0,0.0,265.5,262.65,0,0.0,0,0,18-APR-2022,
OPTSTK,LT,26-May-2022,2020.0,PE,0.0,0.0,0.0,281.15,280.85,0,0.0,0,0,18-APR-2022,
OPTSTK,LT,26-May-2022,2040.0,PE,0.0,0.0,0.0,297.2,299.3,0,0.0,0,0,18-APR-2022,
OPTSTK,LT,26-May-2022,2060.0,PE,0.0,0.0,0.0,313.6,318.0,0,0.0,0,0,18-APR-2022,
OPTSTK,LT,26-May-2022,2080.0,PE,0.0,0.0,0.0,330.25,336.9,0,0.0,0,0,18-APR-2022,
OPTSTK,LT,26-May-2022,2100.0,PE,0.0,0.0,0.0,347.15,355.95,0,0.0,0,0,18-APR-2022,
OPTSTK,LT,26-May-2022,2120.0,PE,0.0,0.0,0.0,364.35,375.2,0,0.0,0,0,18-APR-2022,
OPTSTK,LT,26-May-2022,2140.0,PE,0.0,0.0,0.0,381.75,394.55,0,0.0,0,0,18-APR-2022,
OPTSTK,LT,26-May-2022,2160.0,PE,0.0,0.0,0.0,399.35,414.0,0,0.0,0,0,18-APR-2022,
OPTSTK,LT,26-May-2022,2180.0,PE,0.0,0.0,0.0,417.15,433.5,0,0.0,0,0,18-APR-2022,
OPTSTK,LT,26-May-2022,2200.0,PE,0.0,0.0,0.0,435.15,453.15,0,0.0,0,0,18-APR-2022,
OPTSTK,LT,26-May-2022,2220.0,PE,0.0,0.0,0.0,453.3,472.8,0,0.0,0,0,18-APR-2022,
OPTSTK,LT,26-May-2022,2240.0,PE,0.0,0.0,0.0,471.65,492.5,0,0.0,0,0,18-APR-2022,
OPTSTK,LT,26-May-2022,2260.0,PE,0.0,0.0,0.0,490.1,512.25,0,0.0,0,0,18-APR-2022,
OPTSTK,LT,26-May-2022,2280.0,PE,0.0,0.0,0.0,508.7,532.05,0,0.0,0,0,18-APR-2022,
OPTSTK,LT,26-May-2022,2300.0,PE,0.0,0.0,0.0,527.4,551.85,0,0.0,0,0,18-APR-2022,
OPTSTK,LT,26-May-2022,2320.0,PE,0.0,0.0,0.0,546.2,571.7,0,0.0,0,0,18-APR-2022,
OPTSTK,LT,26-May-2022,2340.0,PE,0.0,0.0,0.0,565.15,591.55,0,0.0,0,0,18-APR-2022,
OPTSTK,LT,26-May-2022,2360.0,PE,0.0,0.0,0.0,584.15,611.4,0,0.0,0,0,18-APR-2022,
OPTSTK,LT,26-May-2022,2380.0,PE,0.0,0.0,0.0,603.25,631.3,0,0.0,0,0,18-APR-2022,
OPTSTK,LT,26-May-2022,2400.0,PE,0.0,0.0,0.0,622.4,651.15,0,0.0,0,0,18-APR-2022,
OPTSTK,LT,26-May-2022,2420.0,PE,0.0,0.0,0.0,641.65,671.05,0,0.0,0,0,18-APR-2022,
OPTSTK,LT,26-May-2022,2440.0,PE,0.0,0.0,0.0,660.95,690.95,0,0.0,0,0,18-APR-2022,
OPTSTK,LT,30-Jun-2022,1160.0,CE,0.0,0.0,0.0,620.25,588.35,0,0.0,0,0,18-APR-2022,
OPTSTK,LT,30-Jun-2022,1180.0,CE,0.0,0.0,0.0,600.6,568.6,0,0.0,0,0,18-APR-2022,
OPTSTK,LT,30-Jun-2022,1200.0,CE,0.0,0.0,0.0,581.0,548.9,0,0.0,0,0,18-APR-2022,
OPTSTK,LT,30-Jun-2022,1220.0,CE,0.0,0.0,0.0,561.45,529.2,0,0.0,0,0,18-APR-2022,
OPTSTK,LT,30-Jun-2022,1240.0,CE,0.0,0.0,0.0,542.0,509.6,0,0.0,0,0,18-APR-2022,
OPTSTK,LT,30-Jun-2022,1260.0,CE,0.0,0.0,0.0,522.6,490.05,0,0.0,0,0,18-APR-2022,
OPTSTK,LT,30-Jun-2022,1280.0,CE,0.0,0.0,0.0,503.3,470.6,0,0.0,0,0,18-APR-2022,
OPTSTK,LT,30-Jun-2022,1300.0,CE,0.0,0.0,0.0,484.15,451.2,0,0.0,0,0,18-APR-2022,
OPTSTK,LT,30-Jun-2022,1320.0,CE,0.0,0.0,0.0,465.15,432.0,0,0.0,0,0,18-APR-2022,
OPTSTK,LT,30-Jun-2022,1340.0,CE,0.0,0.0,0.0,446.3,412.9,0,0.0,0,0,18-APR-2022,
OPTSTK,LT,30-Jun-2022,1360.0,CE,0.0,0.0,0.0,427.6,394.0,0,0.0,0,0,18-APR-2022,
OPTSTK,LT,30-Jun-2022,1380.0,CE,0.0,0.0,0.0,409.15,375.3,0,0.0,0,0,18-APR-2022,
OPTSTK,LT,30-Jun-2022,1400.0,CE,0.0,0.0,0.0,390.9,356.8,0,0.0,0,0,18-APR-2022,
OPTSTK,LT,30-Jun-2022,1420.0,CE,0.0,0.0,0.0,372.95,338.6,0,0.0,0,0,18-APR-2022,
OPTSTK,LT,30-Jun-2022,1440.0,CE,0.0,0.0,0.0,355.3,320.75,0,0.0,0,0,18-APR-2022,
OPTSTK,LT,30-Jun-2022,1460.0,CE,0.0,0.0,0.0,337.95,303.2,0,0.0,0,0,18-APR-2022,
OPTSTK,LT,30-Jun-2022,1480.0,CE,0.0,0.0,0.0,320.9,286.0,0,0.0,0,0,18-APR-2022,
OPTSTK,LT,30-Jun-2022,1500.0,CE,0.0,0.0,0.0,304.3,269.25,0,0.0,0,0,18-APR-2022,
OPTSTK,LT,30-Jun-2022,1520.0,CE,0.0,0.0,0.0,288.05,252.9,0,0.0,0,0,18-APR-2022,
OPTSTK,LT,30-Jun-2022,1540.0,CE,0.0,0.0,0.0,272.2,237.05,0,0.0,0,0,18-APR-2022,
OPTSTK,LT,30-Jun-2022,1560.0,CE,0.0,0.0,0.0,256.8,221.7,0,0.0,0,0,18-APR-2022,
OPTSTK,LT,30-Jun-2022,1580.0,CE,0.0,0.0,0.0,241.95,206.9,0,0.0,0,0,18-APR-2022,
OPTSTK,LT,30-Jun-2022,1600.0,CE,0.0,0.0,0.0,227.5,192.6,0,0.0,0,0,18-APR-2022,
OPTSTK,LT,30-Jun-2022,1620.0,CE,0.0,0.0,0.0,213.55,178.85,0,0.0,0,0,18-APR-2022,
OPTSTK,LT,30-Jun-2022,1640.0,CE,0.0,0.0,0.0,200.05,165.7,0,0.0,0,0,18-APR-2022,
OPTSTK,LT,30-Jun-2022,1660.0,CE,0.0,0.0,0.0,187.15,153.2,0,0.0,0,0,18-APR-2022,
OPTSTK,LT,30-Jun-2022,1680.0,CE,0.0,0.0,0.0,174.8,141.35,0,0.0,0,0,18-APR-2022,
OPTSTK,LT,30-Jun-2022,1700.0,CE,0.0,0.0,0.0,162.95,130.05,0,0.0,0,0,18-APR-2022,
OPTSTK,LT,30-Jun-2022,1720.0,CE,0.0,0.0,0.0,151.65,119.4,0,0.0,0,0,18-APR-2022,
OPTSTK,LT,30-Jun-2022,1740.0,CE,0.0,0.0,0.0,140.9,109.35,0,0.0,0,0,18-APR-2022,
OPTSTK,LT,30-Jun-2022,1760.0,CE,0.0,0.0,0.0,130.7,99.95,0,0.0,0,0,18-APR-2022,
OPTSTK,LT,30-Jun-2022,1780.0,CE,0.0,0.0,0.0,121.05,91.1,0,0.0,0,0,18-APR-2022,
OPTSTK,LT,30-Jun-2022,1800.0,CE,0.0,0.0,0.0,111.9,82.9,0,0.0,0,0,18-APR-2022,
OPTSTK,LT,30-Jun-2022,1820.0,CE,0.0,0.0,0.0,103.3,75.2,0,0.0,0,0,18-APR-2022,
OPTSTK,LT,30-Jun-2022,1840.0,CE,0.0,0.0,0.0,95.15,68.1,0,0.0,0,0,18-APR-2022,
OPTSTK,LT,30-Jun-2022,1860.0,CE,0.0,0.0,0.0,87.55,61.55,0,0.0,0,0,18-APR-2022,
OPTSTK,LT,30-Jun-2022,1880.0,CE,0.0,0.0,0.0,80.4,55.45,0,0.0,0,0,18-APR-2022,
OPTSTK,LT,30-Jun-2022,1900.0,CE,0.0,0.0,0.0,28.4,49.9,0,0.0,1725,0,18-APR-2022,
OPTSTK,LT,30-Jun-2022,1920.0,CE,0.0,0.0,0.0,67.5,44.85,0,0.0,0,0,18-APR-2022,
OPTSTK,LT,30-Jun-2022,1940.0,CE,0.0,0.0,0.0,61.7,40.2,0,0.0,0,0,18-APR-2022,
OPTSTK,LT,30-Jun-2022,1960.0,CE,0.0,0.0,0.0,56.35,35.9,0,0.0,0,0,18-APR-2022,
OPTSTK,LT,30-Jun-2022,1980.0,CE,0.0,0.0,0.0,51.45,32.0,0,0.0,0,0,18-APR-2022,
OPTSTK,LT,30-Jun-2022,2000.0,CE,0.0,0.0,0.0,46.85,28.5,0,0.0,0,0,18-APR-2022,
OPTSTK,LT,30-Jun-2022,2020.0,CE,0.0,0.0,0.0,42.6,25.35,0,0.0,0,0,18-APR-2022,
OPTSTK,LT,30-Jun-2022,2040.0,CE,0.0,0.0,0.0,38.6,22.45,0,0.0,0,0,18-APR-2022,
OPTSTK,LT,30-Jun-2022,2060.0,CE,0.0,0.0,0.0,34.95,19.9,0,0.0,0,0,18-APR-2022,
OPTSTK,LT,30-Jun-2022,2080.0,CE,0.0,0.0,0.0,31.65,17.55,0,0.0,0,0,18-APR-2022,
OPTSTK,LT,30-Jun-2022,2100.0,CE,0.0,0.0,0.0,28.6,15.5,0,0.0,0,0,18-APR-2022,
OPTSTK,LT,30-Jun-2022,2120.0,CE,0.0,0.0,0.0,25.8,13.65,0,0.0,0,0,18-APR-2022,
OPTSTK,LT,30-Jun-2022,2140.0,CE,0.0,0.0,0.0,23.3,11.95,0,0.0,0,0,18-APR-2022,
OPTSTK,LT,30-Jun-2022,2160.0,CE,0.0,0.0,0.0,20.95,10.5,0,0.0,0,0,18-APR-2022,
OPTSTK,LT,30-Jun-2022,2180.0,CE,0.0,0.0,0.0,18.85,9.2,0,0.0,0,0,18-APR-2022,
OPTSTK,LT,30-Jun-2022,2200.0,CE,0.0,0.0,0.0,16.9,8.05,0,0.0,0,0,18-APR-2022,
OPTSTK,LT,30-Jun-2022,2220.0,CE,0.0,0.0,0.0,15.2,7.0,0,0.0,0,0,18-APR-2022,
OPTSTK,LT,30-Jun-2022,2240.0,CE,0.0,0.0,0.0,13.6,6.1,0,0.0,0,0,18-APR-2022,
OPTSTK,LT,30-Jun-2022,2260.0,CE,0.0,0.0,0.0,12.15,5.3,0,0.0,0,0,18-APR-2022,
OPTSTK,LT,30-Jun-2022,2280.0,CE,0.0,0.0,0.0,10.85,4.6,0,0.0,0,0,18-APR-2022,
OPTSTK,LT,30-Jun-2022,2300.0,CE,0.0,0.0,0.0,9.7,4.0,0,0.0,0,0,18-APR-2022,
OPTSTK,LT,30-Jun-2022,2320.0,CE,0.0,0.0,0.0,8.65,3.45,0,0.0,0,0,18-APR-2022,
OPTSTK,LT,30-Jun-2022,2340.0,CE,0.0,0.0,0.0,7.7,3.0,0,0.0,0,0,18-APR-2022,
OPTSTK,LT,30-Jun-2022,2360.0,CE,0.0,0.0,0.0,6.85,2.6,0,0.0,0,0,18-APR-2022,
OPTSTK,LT,30-Jun-2022,2380.0,CE,0.0,0.0,0.0,6.1,2.25,0,0.0,0,0,18-APR-2022,
OPTSTK,LT,30-Jun-2022,2400.0,CE,0.0,0.0,0.0,5.4,1.9,0,0.0,0,0,18-APR-2022,
OPTSTK,LT,30-Jun-2022,2420.0,CE,0.0,0.0,0.0,4.8,1.65,0,0.0,0,0,18-APR-2022,
OPTSTK,LT,30-Jun-2022,2440.0,CE,0.0,0.0,0.0,4.25,1.4,0,0.0,0,0,18-APR-2022,
OPTSTK,LT,30-Jun-2022,1160.0,PE,0.0,0.0,0.0,0.4,0.2,0,0.0,0,0,18-APR-2022,
OPTSTK,LT,30-Jun-2022,1180.0,PE,0.0,0.0,0.0,0.55,0.3,0,0.0,0,0,18-APR-2022,
OPTSTK,LT,30-Jun-2022,1200.0,PE,0.0,0.0,0.0,0.75,0.4,0,0.0,0,0,18-APR-2022,
OPTSTK,LT,30-Jun-2022,1220.0,PE,0.0,0.0,0.0,1.0,0.55,0,0.0,0,0,18-APR-2022,
OPTSTK,LT,30-Jun-2022,1240.0,PE,0.0,0.0,0.0,1.3,0.75,0,0.0,0,0,18-APR-2022,
OPTSTK,LT,30-Jun-2022,1260.0,PE,0.0,0.0,0.0,1.7,1.05,0,0.0,0,0,18-APR-2022,
OPTSTK,LT,30-Jun-2022,1280.0,PE,0.0,0.0,0.0,2.2,1.4,0,0.0,0,0,18-APR-2022,
OPTSTK,LT,30-Jun-2022,1300.0,PE,0.0,0.0,0.0,2.85,1.85,0,0.0,0,0,18-APR-2022,
OPTSTK,LT,30-Jun-2022,1320.0,PE,0.0,0.0,0.0,3.6,2.45,0,0.0,0,0,18-APR-2022,
OPTSTK,LT,30-Jun-2022,1340.0,PE,0.0,0.0,0.0,4.55,3.2,0,0.0,0,0,18-APR-2022,
OPTSTK,LT,30-Jun-2022,1360.0,PE,0.0,0.0,0.0,5.65,4.1,0,0.0,0,0,18-APR-2022,
OPTSTK,LT,30-Jun-2022,1380.0,PE,0.0,0.0,0.0,7.0,5.25,0,0.0,0,0,18-APR-2022,
OPTSTK,LT,30-Jun-2022,1400.0,PE,0.0,0.0,0.0,8.55,6.6,0,0.0,0,0,18-APR-2022,
OPTSTK,LT,30-Jun-2022,1420.0,PE,0.0,0.0,0.0,10.4,8.25,0,0.0,0,0,18-APR-2022,
OPTSTK,LT,30-Jun-2022,1440.0,PE,0.0,0.0,0.0,12.5,10.2,0,0.0,0,0,18-APR-2022,
OPTSTK,LT,30-Jun-2022,1460.0,PE,0.0,0.0,0.0,14.95,12.5,0,0.0,0,0,18-APR-2022,
OPTSTK,LT,30-Jun-2022,1480.0,PE,0.0,0.0,0.0,17.7,15.15,0,0.0,0,0,18-APR-2022,
OPTSTK,LT,30-Jun-2022,1500.0,PE,0.0,0.0,0.0,20.85,18.2,0,0.0,0,0,18-APR-2022,
OPTSTK,LT,30-Jun-2022,1520.0,PE,0.0,0.0,0.0,24.4,21.7,0,0.0,0,0,18-APR-2022,
OPTSTK,LT,30-Jun-2022,1540.0,PE,0.0,0.0,0.0,28.35,25.65,0,0.0,0,0,18-APR-2022,
OPTSTK,LT,30-Jun-2022,1560.0,PE,0.0,0.0,0.0,32.75,30.15,0,0.0,0,0,18-APR-2022,
OPTSTK,LT,30-Jun-2022,1580.0,PE,0.0,0.0,0.0,37.7,35.2,0,0.0,0,0,18-APR-2022,
OPTSTK,LT,30-Jun-2022,1600.0,PE,0.0,0.0,0.0,43.05,40.7,0,0.0,0,0,18-APR-2022,
OPTSTK,LT,30-Jun-2022,1620.0,PE,0.0,0.0,0.0,48.85,46.75,0,0.0,0,0,18-APR-2022,
OPTSTK,LT,30-Jun-2022,1640.0,PE,0.0,0.0,0.0,55.15,53.5,0,0.0,0,0,18-APR-2022,
OPTSTK,LT,30-Jun-2022,1660.0,PE,0.0,0.0,0.0,62.05,60.8,0,0.0,0,0,18-APR-2022,
OPTSTK,LT,30-Jun-2022,1680.0,PE,0.0,0.0,0.0,69.45,68.75,0,0.0,0,0,18-APR-2022,
OPTSTK,LT,30-Jun-2022,1700.0,PE,0.0,0.0,0.0,52.0,77.3,0,0.0,5750,0,18-APR-2022,
OPTSTK,LT,30-Jun-2022,1720.0,PE,0.0,0.0,0.0,85.95,86.5,0,0.0,0,0,18-APR-2022,
OPTSTK,LT,30-Jun-2022,1740.0,PE,0.0,0.0,0.0,95.0,96.3,0,0.0,0,0,18-APR-2022,
OPTSTK,LT,30-Jun-2022,1760.0,PE,0.0,0.0,0.0,104.55,106.7,0,0.0,0,0,18-APR-2022,
OPTSTK,LT,30-Jun-2022,1780.0,PE,0.0,0.0,0.0,114.65,117.7,0,0.0,0,0,18-APR-2022,
OPTSTK,LT,30-Jun-2022,1800.0,PE,0.0,0.0,0.0,100.0,129.3,0,0.0,575,0,18-APR-2022,
OPTSTK,LT,30-Jun-2022,1820.0,PE,0.0,0.0,0.0,136.5,141.45,0,0.0,0,0,18-APR-2022,
OPTSTK,LT,30-Jun-2022,1840.0,PE,0.0,0.0,0.0,148.15,154.2,0,0.0,0,0,18-APR-2022,
OPTSTK,LT,30-Jun-2022,1860.0,PE,0.0,0.0,0.0,160.35,167.45,0,0.0,0,0,18-APR-2022,
OPTSTK,LT,30-Jun-2022,1880.0,PE,0.0,0.0,0.0,173.0,181.2,0,0.0,0,0,18-APR-2022,
OPTSTK,LT,30-Jun-2022,1900.0,PE,0.0,0.0,0.0,186.1,195.45,0,0.0,0,0,18-APR-2022,
OPTSTK,LT,30-Jun-2022,1920.0,PE,0.0,0.0,0.0,199.65,210.25,0,0.0,0,0,18-APR-2022,
OPTSTK,LT,30-Jun-2022,1940.0,PE,0.0,0.0,0.0,213.65,225.45,0,0.0,0,0,18-APR-2022,
OPTSTK,LT,30-Jun-2022,1960.0,PE,0.0,0.0,0.0,228.05,240.95,0,0.0,0,0,18-APR-2022,
OPTSTK,LT,30-Jun-2022,1980.0,PE,0.0,0.0,0.0,242.95,256.9,0,0.0,0,0,18-APR-2022,
OPTSTK,LT,30-Jun-2022,2000.0,PE,0.0,0.0,0.0,258.15,273.25,0,0.0,0,0,18-APR-2022,
OPTSTK,LT,30-Jun-2022,2020.0,PE,0.0,0.0,0.0,273.7,289.9,0,0.0,0,0,18-APR-2022,
OPTSTK,LT,30-Jun-2022,2040.0,PE,0.0,0.0,0.0,289.5,306.85,0,0.0,0,0,18-APR-2022,
OPTSTK,LT,30-Jun-2022,2060.0,PE,0.0,0.0,0.0,305.65,324.1,0,0.0,0,0,18-APR-2022,
OPTSTK,LT,30-Jun-2022,2080.0,PE,0.0,0.0,0.0,322.15,341.6,0,0.0,0,0,18-APR-2022,
OPTSTK,LT,30-Jun-2022,2100.0,PE,0.0,0.0,0.0,338.85,359.35,0,0.0,0,0,18-APR-2022,
OPTSTK,LT,30-Jun-2022,2120.0,PE,0.0,0.0,0.0,355.9,377.35,0,0.0,0,0,18-APR-2022,
OPTSTK,LT,30-Jun-2022,2140.0,PE,0.0,0.0,0.0,373.1,395.5,0,0.0,0,0,18-APR-2022,
OPTSTK,LT,30-Jun-2022,2160.0,PE,0.0,0.0,0.0,390.6,413.85,0,0.0,0,0,18-APR-2022,
OPTSTK,LT,30-Jun-2022,2180.0,PE,0.0,0.0,0.0,408.25,432.4,0,0.0,0,0,18-APR-2022,
OPTSTK,LT,30-Jun-2022,2200.0,PE,0.0,0.0,0.0,426.15,451.05,0,0.0,0,0,18-APR-2022,
OPTSTK,LT,30-Jun-2022,2220.0,PE,0.0,0.0,0.0,444.2,469.85,0,0.0,0,0,18-APR-2022,
OPTSTK,LT,30-Jun-2022,2240.0,PE,0.0,0.0,0.0,462.4,488.8,0,0.0,0,0,18-APR-2022,
OPTSTK,LT,30-Jun-2022,2260.0,PE,0.0,0.0,0.0,480.75,507.85,0,0.0,0,0,18-APR-2022,
OPTSTK,LT,30-Jun-2022,2280.0,PE,0.0,0.0,0.0,499.25,526.95,0,0.0,0,0,18-APR-2022,
OPTSTK,LT,30-Jun-2022,2300.0,PE,0.0,0.0,0.0,517.85,546.2,0,0.0,0,0,18-APR-2022,
OPTSTK,LT,30-Jun-2022,2320.0,PE,0.0,0.0,0.0,536.6,565.5,0,0.0,0,0,18-APR-2022,
OPTSTK,LT,30-Jun-2022,2340.0,PE,0.0,0.0,0.0,555.45,584.85,0,0.0,0,0,18-APR-2022,
OPTSTK,LT,30-Jun-2022,2360.0,PE,0.0,0.0,0.0,574.4,604.25,0,0.0,0,0,18-APR-2022,
OPTSTK,LT,30-Jun-2022,2380.0,PE,0.0,0.0,0.0,593.45,623.75,0,0.0,0,0,18-APR-2022,
OPTSTK,LT,30-Jun-2022,2400.0,PE,0.0,0.0,0.0,612.55,643.25,0,0.0,0,0,18-APR-2022,
OPTSTK,LT,30-Jun-2022,2420.0,PE,0.0,0.0,0.0,631.7,662.8,0,0.0,0,0,18-APR-2022,
OPTSTK,LT,30-Jun-2022,2440.0,PE,0.0,0.0,0.0,650.95,682.4,0,0.0,0,0,18-APR-2022,
OPTSTK,LTI,28-Apr-2022,4200.0,CE,0.0,0.0,0.0,1630.7,1678.2,0,0.0,0,0,18-APR-2022,
OPTSTK,LTI,28-Apr-2022,4300.0,CE,0.0,0.0,0.0,1542.5,1578.3,0,0.0,0,0,18-APR-2022,
OPTSTK,LTI,28-Apr-2022,4400.0,CE,0.0,0.0,0.0,1456.25,1478.45,0,0.0,0,0,18-APR-2022,
OPTSTK,LTI,28-Apr-2022,4500.0,CE,0.0,0.0,0.0,1372.2,1378.55,0,0.0,0,0,18-APR-2022,
OPTSTK,LTI,28-Apr-2022,4600.0,CE,0.0,0.0,0.0,1290.45,1278.7,0,0.0,0,0,18-APR-2022,
OPTSTK,LTI,28-Apr-2022,4700.0,CE,0.0,0.0,0.0,1211.2,1178.95,0,0.0,0,0,18-APR-2022,
OPTSTK,LTI,28-Apr-2022,4800.0,CE,0.0,0.0,0.0,1134.55,1079.3,0,0.0,0,0,18-APR-2022,
OPTSTK,LTI,28-Apr-2022,4900.0,CE,0.0,0.0,0.0,1060.85,980.05,0,0.0,0,0,18-APR-2022,
OPTSTK,LTI,28-Apr-2022,5000.0,CE,0.0,0.0,0.0,989.75,881.45,0,0.0,0,0,18-APR-2022,
OPTSTK,LTI,28-Apr-2022,5100.0,CE,0.0,0.0,0.0,921.7,784.0,0,0.0,0,0,18-APR-2022,
OPTSTK,LTI,28-Apr-2022,5200.0,CE,0.0,0.0,0.0,856.45,688.5,0,0.0,0,0,18-APR-2022,
OPTSTK,LTI,28-Apr-2022,5300.0,CE,0.0,0.0,0.0,794.55,595.85,0,0.0,0,0,18-APR-2022,
OPTSTK,LTI,28-Apr-2022,5400.0,CE,0.0,0.0,0.0,735.7,507.3,0,0.0,0,0,18-APR-2022,
OPTSTK,LTI,28-Apr-2022,5500.0,CE,534.0,534.0,533.95,533.95,424.1,2,18.1,600,300,18-APR-2022,
OPTSTK,LTI,28-Apr-2022,5600.0,CE,0.0,0.0,0.0,627.4,347.8,0,0.0,0,0,18-APR-2022,
OPTSTK,LTI,28-Apr-2022,5700.0,CE,425.3,425.35,303.95,321.35,278.85,7,63.92,300,150,18-APR-2022,
OPTSTK,LTI,28-Apr-2022,5800.0,CE,330.0,384.0,255.0,298.8,298.8,56,512.26,2250,2250,18-APR-2022,
OPTSTK,LTI,28-Apr-2022,5900.0,CE,301.85,343.4,206.1,246.0,246.0,254,2341.39,9300,4050,18-APR-2022,
OPTSTK,LTI,28-Apr-2022,6000.0,CE,218.9,292.0,161.75,200.75,200.75,2339,21812.29,59400,19050,18-APR-2022,
OPTSTK,LTI,28-Apr-2022,6100.0,CE,121.9,242.0,121.9,160.5,160.5,663,6233.06,24450,8550,18-APR-2022,
OPTSTK,LTI,28-Apr-2022,6200.0,CE,128.85,200.0,101.0,131.7,131.7,1085,10329.55,67050,29850,18-APR-2022,
OPTSTK,LTI,28-Apr-2022,6300.0,CE,100.0,163.9,78.05,107.95,107.95,683,6569.81,43800,7650,18-APR-2022,
OPTSTK,LTI,28-Apr-2022,6400.0,CE,73.0,131.95,60.85,83.7,83.7,555,5401.2,65850,3000,18-APR-2022,
OPTSTK,LTI,28-Apr-2022,6500.0,CE,84.45,110.0,47.1,63.1,63.1,1826,18000.28,95700,300,18-APR-2022,
OPTSTK,LTI,28-Apr-2022,6600.0,CE,66.3,85.7,1.75,51.2,51.2,496,4953.45,19800,-2400,18-APR-2022,
OPTSTK,LTI,28-Apr-2022,6700.0,CE,45.25,67.7,26.05,37.95,37.95,274,2770.65,12750,2400,18-APR-2022,
OPTSTK,LTI,28-Apr-2022,6800.0,CE,12.3,55.55,12.3,28.3,28.3,129,1321.04,16950,6000,18-APR-2022,
OPTSTK,LTI,28-Apr-2022,6900.0,CE,14.95,42.55,14.95,17.05,3.0,8,83.04,5850,150,18-APR-2022,
OPTSTK,LTI,28-Apr-2022,7000.0,CE,22.8,37.0,11.45,18.05,18.05,1443,15195.96,78150,10500,18-APR-2022,
OPTSTK,LTI,28-Apr-2022,7100.0,CE,14.0,14.0,14.0,14.0,14.0,6,64.02,900,900,18-APR-2022,
OPTSTK,LTI,28-Apr-2022,7200.0,CE,7.05,14.05,7.05,11.0,11.0,8,86.51,4950,0,18-APR-2022,
OPTSTK,LTI,28-Apr-2022,7300.0,CE,0.0,0.0,0.0,125.95,0.35,0,0.0,0,0,18-APR-2022,
OPTSTK,LTI,28-Apr-2022,7400.0,CE,6.6,6.65,6.6,6.65,6.65,2,22.21,300,0,18-APR-2022,
OPTSTK,LTI,28-Apr-2022,7500.0,CE,2.0,7.95,2.0,5.05,5.05,54,607.9,12600,-1050,18-APR-2022,
OPTSTK,LTI,28-Apr-2022,7600.0,CE,0.0,0.0,0.0,11.75,0.05,0,0.0,750,0,18-APR-2022,
OPTSTK,LTI,28-Apr-2022,7700.0,CE,0.0,0.0,0.0,81.9,0.05,0,0.0,0,0,18-APR-2022,
OPTSTK,LTI,28-Apr-2022,7800.0,CE,0.0,0.0,0.0,73.35,0.05,0,0.0,0,0,18-APR-2022,
OPTSTK,LTI,28-Apr-2022,7900.0,CE,0.0,0.0,0.0,65.65,0.05,0,0.0,0,0,18-APR-2022,
OPTSTK,LTI,28-Apr-2022,8000.0,CE,0.0,0.0,0.0,6.75,0.0,0,0.0,2700,0,18-APR-2022,
OPTSTK,LTI,28-Apr-2022,8100.0,CE,0.0,0.0,0.0,52.45,0.0,0,0.0,0,0,18-APR-2022,
OPTSTK,LTI,28-Apr-2022,8200.0,CE,0.0,0.0,0.0,46.85,0.0,0,0.0,0,0,18-APR-2022,
OPTSTK,LTI,28-Apr-2022,8300.0,CE,0.0,0.0,0.0,41.8,0.0,0,0.0,0,0,18-APR-2022,
OPTSTK,LTI,28-Apr-2022,8400.0,CE,0.0,0.0,0.0,37.25,0.0,0,0.0,0,0,18-APR-2022,
OPTSTK,LTI,28-Apr-2022,8500.0,CE,0.0,0.0,0.0,33.15,0.0,0,0.0,0,0,18-APR-2022,
OPTSTK,LTI,28-Apr-2022,4200.0,PE,0.0,0.0,0.0,41.25,0.0,0,0.0,0,0,18-APR-2022,
OPTSTK,LTI,28-Apr-2022,4300.0,PE,0.0,0.0,0.0,52.0,0.0,0,0.0,0,0,18-APR-2022,
OPTSTK,LTI,28-Apr-2022,4400.0,PE,0.0,0.0,0.0,64.75,0.05,0,0.0,0,0,18-APR-2022,
OPTSTK,LTI,28-Apr-2022,4500.0,PE,0.0,0.0,0.0,3.05,0.05,0,0.0,300,0,18-APR-2022,
OPTSTK,LTI,28-Apr-2022,4600.0,PE,0.0,0.0,0.0,96.85,0.1,0,0.0,0,0,18-APR-2022,
OPTSTK,LTI,28-Apr-2022,4700.0,PE,0.0,0.0,0.0,116.5,0.2,0,0.0,0,0,18-APR-2022,
OPTSTK,LTI,28-Apr-2022,4800.0,PE,0.0,0.0,0.0,138.85,0.45,0,0.0,0,0,18-APR-2022,
OPTSTK,LTI,28-Apr-2022,4900.0,PE,0.0,0.0,0.0,164.1,1.1,0,0.0,0,0,18-APR-2022,
OPTSTK,LTI,28-Apr-2022,5000.0,PE,10.0,33.3,8.7,18.9,18.9,358,2696.63,17400,11250,18-APR-2022,
OPTSTK,LTI,28-Apr-2022,5100.0,PE,0.0,0.0,0.0,25.0,4.8,0,0.0,150,0,18-APR-2022,
OPTSTK,LTI,28-Apr-2022,5200.0,PE,19.0,52.0,19.0,33.8,33.8,140,1100.05,15600,10350,18-APR-2022,
OPTSTK,LTI,28-Apr-2022,5300.0,PE,43.65,50.1,43.65,50.1,50.1,2,16.04,4950,0,18-APR-2022,
OPTSTK,LTI,28-Apr-2022,5400.0,PE,42.0,89.0,42.0,68.0,68.0,40,328.07,1650,750,18-APR-2022,
OPTSTK,LTI,28-Apr-2022,5500.0,PE,69.95,118.5,47.0,87.5,87.5,841,7037.35,47700,14700,18-APR-2022,
OPTSTK,LTI,28-Apr-2022,5600.0,PE,61.0,153.9,61.0,120.5,120.5,118,1010.66,10500,3750,18-APR-2022,
OPTSTK,LTI,28-Apr-2022,5700.0,PE,90.0,185.0,85.0,150.4,150.4,175,1533.59,12150,3750,18-APR-2022,
OPTSTK,LTI,28-Apr-2022,5800.0,PE,159.95,235.65,112.45,197.25,197.25,608,5452.82,26100,750,18-APR-2022,
OPTSTK,LTI,28-Apr-2022,5900.0,PE,202.0,285.0,165.05,242.5,242.5,238,2186.72,10500,1500,18-APR-2022,
OPTSTK,LTI,28-Apr-2022,6000.0,PE,225.0,340.0,190.0,297.1,297.1,567,5328.26,23250,-4650,18-APR-2022,
OPTSTK,LTI,28-Apr-2022,6100.0,PE,270.0,360.45,270.0,353.1,311.05,22,211.57,5700,-1500,18-APR-2022,
OPTSTK,LTI,28-Apr-2022,6200.0,PE,325.0,455.0,320.4,438.25,438.25,21,207.71,8100,-600,18-APR-2022,
OPTSTK,LTI,28-Apr-2022,6300.0,PE,410.25,410.25,404.6,404.6,464.65,2,20.12,3150,-150,18-APR-2022,
OPTSTK,LTI,28-Apr-2022,6400.0,PE,498.2,610.0,480.0,610.0,549.9,48,499.32,4350,450,18-APR-2022,
OPTSTK,LTI,28-Apr-2022,6500.0,PE,570.0,685.0,536.65,685.0,639.4,11,117.03,2400,0,18-APR-2022,
OPTSTK,LTI,28-Apr-2022,6600.0,PE,624.15,631.15,624.15,631.15,732.1,2,21.68,450,150,18-APR-2022,
OPTSTK,LTI,28-Apr-2022,6700.0,PE,0.0,0.0,0.0,1116.9,827.15,0,0.0,0,0,18-APR-2022,
OPTSTK,LTI,28-Apr-2022,6800.0,PE,0.0,0.0,0.0,1194.05,923.9,0,0.0,0,0,18-APR-2022,
OPTSTK,LTI,28-Apr-2022,6900.0,PE,0.0,0.0,0.0,780.0,1021.8,0,0.0,150,0,18-APR-2022,
OPTSTK,LTI,28-Apr-2022,7000.0,PE,0.0,0.0,0.0,745.25,1120.45,0,0.0,900,0,18-APR-2022,
OPTSTK,LTI,28-Apr-2022,7100.0,PE,0.0,0.0,0.0,1435.55,1219.6,0,0.0,0,0,18-APR-2022,
OPTSTK,LTI,28-Apr-2022,7200.0,PE,0.0,0.0,0.0,950.0,1319.0,0,0.0,150,0,18-APR-2022,
OPTSTK,LTI,28-Apr-2022,7300.0,PE,0.0,0.0,0.0,1215.0,1418.65,0,0.0,150,0,18-APR-2022,
OPTSTK,LTI,28-Apr-2022,7400.0,PE,0.0,0.0,0.0,1690.5,1518.4,0,0.0,0,0,18-APR-2022,
OPTSTK,LTI,28-Apr-2022,7500.0,PE,0.0,0.0,0.0,1777.95,1618.2,0,0.0,0,0,18-APR-2022,
OPTSTK,LTI,28-Apr-2022,7600.0,PE,0.0,0.0,0.0,1350.0,1718.05,0,0.0,2550,0,18-APR-2022,
OPTSTK,LTI,28-Apr-2022,7700.0,PE,0.0,0.0,0.0,1956.0,1817.95,0,0.0,0,0,18-APR-2022,
OPTSTK,LTI,28-Apr-2022,7800.0,PE,0.0,0.0,0.0,2046.4,1917.8,0,0.0,0,0,18-APR-2022,
OPTSTK,LTI,28-Apr-2022,7900.0,PE,0.0,0.0,0.0,2137.7,2017.7,0,0.0,0,0,18-APR-2022,
OPTSTK,LTI,28-Apr-2022,8000.0,PE,0.0,0.0,0.0,2229.7,2117.55,0,0.0,0,0,18-APR-2022,
OPTSTK,LTI,28-Apr-2022,8100.0,PE,0.0,0.0,0.0,2322.4,2217.45,0,0.0,0,0,18-APR-2022,
OPTSTK,LTI,28-Apr-2022,8200.0,PE,0.0,0.0,0.0,2415.7,2317.35,0,0.0,0,0,18-APR-2022,
OPTSTK,LTI,28-Apr-2022,8300.0,PE,0.0,0.0,0.0,2509.6,2417.25,0,0.0,0,0,18-APR-2022,
OPTSTK,LTI,28-Apr-2022,8400.0,PE,0.0,0.0,0.0,2604.05,2517.1,0,0.0,0,0,18-APR-2022,
OPTSTK,LTI,28-Apr-2022,8500.0,PE,0.0,0.0,0.0,2698.95,2617.0,0,0.0,0,0,18-APR-2022,
OPTSTK,LTI,26-May-2022,4200.0,CE,0.0,0.0,0.0,1497.5,1694.65,0,0.0,0,0,18-APR-2022,
OPTSTK,LTI,26-May-2022,4300.0,CE,0.0,0.0,0.0,1411.65,1596.65,0,0.0,0,0,18-APR-2022,
OPTSTK,LTI,26-May-2022,4400.0,CE,0.0,0.0,0.0,1328.0,1499.4,0,0.0,0,0,18-APR-2022,
OPTSTK,LTI,26-May-2022,4500.0,CE,0.0,0.0,0.0,1246.75,1403.15,0,0.0,0,0,18-APR-2022,
OPTSTK,LTI,26-May-2022,4600.0,CE,0.0,0.0,0.0,1168.1,1308.2,0,0.0,0,0,18-APR-2022,
OPTSTK,LTI,26-May-2022,4700.0,CE,0.0,0.0,0.0,1092.15,1214.8,0,0.0,0,0,18-APR-2022,
OPTSTK,LTI,26-May-2022,4800.0,CE,0.0,0.0,0.0,1019.2,1123.35,0,0.0,0,0,18-APR-2022,
OPTSTK,LTI,26-May-2022,4900.0,CE,0.0,0.0,0.0,949.0,1034.25,0,0.0,0,0,18-APR-2022,
OPTSTK,LTI,26-May-2022,5000.0,CE,0.0,0.0,0.0,881.65,947.85,0,0.0,0,0,18-APR-2022,
OPTSTK,LTI,26-May-2022,5100.0,CE,0.0,0.0,0.0,817.7,864.55,0,0.0,0,0,18-APR-2022,
OPTSTK,LTI,26-May-2022,5200.0,CE,0.0,0.0,0.0,756.9,784.75,0,0.0,0,0,18-APR-2022,
OPTSTK,LTI,26-May-2022,5300.0,CE,0.0,0.0,0.0,699.3,708.9,0,0.0,0,0,18-APR-2022,
OPTSTK,LTI,26-May-2022,5400.0,CE,0.0,0.0,0.0,644.8,636.9,0,0.0,0,0,18-APR-2022,
OPTSTK,LTI,26-May-2022,5500.0,CE,0.0,0.0,0.0,593.5,569.05,0,0.0,0,0,18-APR-2022,
OPTSTK,LTI,26-May-2022,5600.0,CE,0.0,0.0,0.0,545.2,506.0,0,0.0,0,0,18-APR-2022,
OPTSTK,LTI,26-May-2022,5700.0,CE,0.0,0.0,0.0,500.0,447.6,0,0.0,0,0,18-APR-2022,
OPTSTK,LTI,26-May-2022,5800.0,CE,0.0,0.0,0.0,457.75,393.8,0,0.0,0,0,18-APR-2022,
OPTSTK,LTI,26-May-2022,5900.0,CE,0.0,0.0,0.0,418.35,344.65,0,0.0,0,0,18-APR-2022,
OPTSTK,LTI,26-May-2022,6000.0,CE,340.25,340.25,315.0,335.05,335.05,8,75.92,1350,1050,18-APR-2022,
OPTSTK,LTI,26-May-2022,6100.0,CE,0.0,0.0,0.0,347.7,259.9,0,0.0,0,0,18-APR-2022,
OPTSTK,LTI,26-May-2022,6200.0,CE,0.0,0.0,0.0,220.0,224.0,0,0.0,150,0,18-APR-2022,
OPTSTK,LTI,26-May-2022,6300.0,CE,0.0,0.0,0.0,287.2,192.05,0,0.0,0,0,18-APR-2022,
OPTSTK,LTI,26-May-2022,6400.0,CE,0.0,0.0,0.0,260.4,163.8,0,0.0,0,0,18-APR-2022,
OPTSTK,LTI,26-May-2022,6500.0,CE,150.0,179.1,150.0,152.2,139.4,6,59.89,2100,600,18-APR-2022,
OPTSTK,LTI,26-May-2022,6600.0,CE,0.0,0.0,0.0,213.6,117.65,0,0.0,0,0,18-APR-2022,
OPTSTK,LTI,26-May-2022,6700.0,CE,0.0,0.0,0.0,193.0,99.0,0,0.0,0,0,18-APR-2022,
OPTSTK,LTI,26-May-2022,6800.0,CE,0.0,0.0,0.0,173.95,82.9,0,0.0,0,0,18-APR-2022,
OPTSTK,LTI,26-May-2022,6900.0,CE,117.0,117.0,117.0,117.0,117.0,1,10.52,450,150,18-APR-2022,
OPTSTK,LTI,26-May-2022,7000.0,CE,70.0,79.05,70.0,74.0,74.0,9,95.48,1500,1050,18-APR-2022,
OPTSTK,LTI,26-May-2022,7100.0,CE,0.0,0.0,0.0,126.75,47.4,0,0.0,0,0,18-APR-2022,
OPTSTK,LTI,26-May-2022,7200.0,CE,0.0,0.0,0.0,113.8,39.0,0,0.0,0,0,18-APR-2022,
OPTSTK,LTI,26-May-2022,7300.0,CE,0.0,0.0,0.0,102.05,31.95,0,0.0,0,0,18-APR-2022,
OPTSTK,LTI,26-May-2022,7400.0,CE,0.0,0.0,0.0,91.45,26.1,0,0.0,0,0,18-APR-2022,
OPTSTK,LTI,26-May-2022,7500.0,CE,0.0,0.0,0.0,81.85,21.25,0,0.0,0,0,18-APR-2022,
OPTSTK,LTI,26-May-2022,7600.0,CE,0.0,0.0,0.0,73.15,17.2,0,0.0,0,0,18-APR-2022,
OPTSTK,LTI,26-May-2022,7700.0,CE,0.0,0.0,0.0,65.35,13.9,0,0.0,0,0,18-APR-2022,
OPTSTK,LTI,26-May-2022,7800.0,CE,0.0,0.0,0.0,58.3,11.2,0,0.0,0,0,18-APR-2022,
OPTSTK,LTI,26-May-2022,7900.0,CE,0.0,0.0,0.0,52.0,8.95,0,0.0,0,0,18-APR-2022,
OPTSTK,LTI,26-May-2022,8000.0,CE,0.0,0.0,0.0,46.35,7.15,0,0.0,0,0,18-APR-2022,
OPTSTK,LTI,26-May-2022,8100.0,CE,0.0,0.0,0.0,41.25,5.7,0,0.0,0,0,18-APR-2022,
OPTSTK,LTI,26-May-2022,8200.0,CE,0.0,0.0,0.0,36.7,4.55,0,0.0,0,0,18-APR-2022,
OPTSTK,LTI,26-May-2022,8300.0,CE,0.0,0.0,0.0,32.6,3.6,0,0.0,0,0,18-APR-2022,
OPTSTK,LTI,26-May-2022,8400.0,CE,0.0,0.0,0.0,28.95,2.85,0,0.0,0,0,18-APR-2022,
OPTSTK,LTI,26-May-2022,4200.0,PE,0.0,0.0,0.0,52.6,2.65,0,0.0,0,0,18-APR-2022,
OPTSTK,LTI,26-May-2022,4300.0,PE,0.0,0.0,0.0,65.7,4.25,0,0.0,0,0,18-APR-2022,
OPTSTK,LTI,26-May-2022,4400.0,PE,0.0,0.0,0.0,81.0,6.55,0,0.0,0,0,18-APR-2022,
OPTSTK,LTI,26-May-2022,4500.0,PE,0.0,0.0,0.0,98.7,9.85,0,0.0,0,0,18-APR-2022,
OPTSTK,LTI,26-May-2022,4600.0,PE,0.0,0.0,0.0,119.0,14.4,0,0.0,0,0,18-APR-2022,
OPTSTK,LTI,26-May-2022,4700.0,PE,0.0,0.0,0.0,142.0,20.6,0,0.0,0,0,18-APR-2022,
OPTSTK,LTI,26-May-2022,4800.0,PE,0.0,0.0,0.0,168.0,28.7,0,0.0,0,0,18-APR-2022,
OPTSTK,LTI,26-May-2022,4900.0,PE,0.0,0.0,0.0,196.75,39.15,0,0.0,0,0,18-APR-2022,
OPTSTK,LTI,26-May-2022,5000.0,PE,59.0,68.0,45.0,62.5,62.5,16,121.41,1800,1650,18-APR-2022,
OPTSTK,LTI,26-May-2022,5100.0,PE,0.0,0.0,0.0,263.35,68.6,0,0.0,0,0,18-APR-2022,
OPTSTK,LTI,26-May-2022,5200.0,PE,0.0,0.0,0.0,301.55,88.35,0,0.0,0,0,18-APR-2022,
OPTSTK,LTI,26-May-2022,5300.0,PE,0.0,0.0,0.0,342.85,112.05,0,0.0,0,0,18-APR-2022,
OPTSTK,LTI,26-May-2022,5400.0,PE,0.0,0.0,0.0,387.35,139.6,0,0.0,0,0,18-APR-2022,
OPTSTK,LTI,26-May-2022,5500.0,PE,90.0,205.0,90.0,189.05,189.05,30,254.91,4650,2250,18-APR-2022,
OPTSTK,LTI,26-May-2022,5600.0,PE,170.0,170.0,170.0,170.0,207.85,1,8.65,300,150,18-APR-2022,
OPTSTK,LTI,26-May-2022,5700.0,PE,0.0,0.0,0.0,190.0,248.95,0,0.0,300,0,18-APR-2022,
OPTSTK,LTI,26-May-2022,5800.0,PE,300.05,310.0,300.05,310.0,294.75,2,18.31,1050,300,18-APR-2022,
OPTSTK,LTI,26-May-2022,5900.0,PE,0.0,0.0,0.0,655.65,345.15,0,0.0,0,0,18-APR-2022,
OPTSTK,LTI,26-May-2022,6000.0,PE,0.0,0.0,0.0,717.95,400.15,0,0.0,0,0,18-APR-2022,
OPTSTK,LTI,26-May-2022,6100.0,PE,0.0,0.0,0.0,782.9,459.55,0,0.0,0,0,18-APR-2022,
OPTSTK,LTI,26-May-2022,6200.0,PE,0.0,0.0,0.0,850.4,523.15,0,0.0,0,0,18-APR-2022,
OPTSTK,LTI,26-May-2022,6300.0,PE,0.0,0.0,0.0,920.3,590.75,0,0.0,0,0,18-APR-2022,
OPTSTK,LTI,26-May-2022,6400.0,PE,0.0,0.0,0.0,992.5,662.1,0,0.0,0,0,18-APR-2022,
OPTSTK,LTI,26-May-2022,6500.0,PE,620.0,620.0,620.0,620.0,737.25,1,10.68,150,150,18-APR-2022,
OPTSTK,LTI,26-May-2022,6600.0,PE,0.0,0.0,0.0,1143.6,815.1,0,0.0,0,0,18-APR-2022,
OPTSTK,LTI,26-May-2022,6700.0,PE,0.0,0.0,0.0,1221.95,895.95,0,0.0,0,0,18-APR-2022,
OPTSTK,LTI,26-May-2022,6800.0,PE,0.0,0.0,0.0,1301.8,979.4,0,0.0,0,0,18-APR-2022,
OPTSTK,LTI,26-May-2022,6900.0,PE,0.0,0.0,0.0,1383.55,1065.2,0,0.0,0,0,18-APR-2022,
OPTSTK,LTI,26-May-2022,7000.0,PE,0.0,0.0,0.0,1466.8,1153.0,0,0.0,0,0,18-APR-2022,
OPTSTK,LTI,26-May-2022,7100.0,PE,0.0,0.0,0.0,1551.5,1242.6,0,0.0,0,0,18-APR-2022,
OPTSTK,LTI,26-May-2022,7200.0,PE,0.0,0.0,0.0,1637.5,1333.75,0,0.0,0,0,18-APR-2022,
OPTSTK,LTI,26-May-2022,7300.0,PE,0.0,0.0,0.0,1724.7,1426.3,0,0.0,0,0,18-APR-2022,
OPTSTK,LTI,26-May-2022,7400.0,PE,0.0,0.0,0.0,1813.05,1520.0,0,0.0,0,0,18-APR-2022,
OPTSTK,LTI,26-May-2022,7500.0,PE,0.0,0.0,0.0,1902.4,1614.65,0,0.0,0,0,18-APR-2022,
OPTSTK,LTI,26-May-2022,7600.0,PE,0.0,0.0,0.0,1992.65,1710.2,0,0.0,0,0,18-APR-2022,
OPTSTK,LTI,26-May-2022,7700.0,PE,0.0,0.0,0.0,2083.8,1806.45,0,0.0,0,0,18-APR-2022,
OPTSTK,LTI,26-May-2022,7800.0,PE,0.0,0.0,0.0,2175.75,1903.3,0,0.0,0,0,18-APR-2022,
OPTSTK,LTI,26-May-2022,7900.0,PE,0.0,0.0,0.0,2268.35,2000.65,0,0.0,0,0,18-APR-2022,
OPTSTK,LTI,26-May-2022,8000.0,PE,0.0,0.0,0.0,2361.65,2098.4,0,0.0,0,0,18-APR-2022,
OPTSTK,LTI,26-May-2022,8100.0,PE,0.0,0.0,0.0,2455.5,2196.5,0,0.0,0,0,18-APR-2022,
OPTSTK,LTI,26-May-2022,8200.0,PE,0.0,0.0,0.0,2549.9,2294.9,0,0.0,0,0,18-APR-2022,
OPTSTK,LTI,26-May-2022,8300.0,PE,0.0,0.0,0.0,2644.8,2393.5,0,0.0,0,0,18-APR-2022,
OPTSTK,LTI,26-May-2022,8400.0,PE,0.0,0.0,0.0,2740.1,2492.3,0,0.0,0,0,18-APR-2022,
OPTSTK,LTI,30-Jun-2022,4200.0,CE,0.0,0.0,0.0,2020.8,1728.25,0,0.0,0,0,18-APR-2022,
OPTSTK,LTI,30-Jun-2022,4300.0,CE,0.0,0.0,0.0,1928.05,1635.45,0,0.0,0,0,18-APR-2022,
OPTSTK,LTI,30-Jun-2022,4400.0,CE,0.0,0.0,0.0,1836.6,1544.2,0,0.0,0,0,18-APR-2022,
OPTSTK,LTI,30-Jun-2022,4500.0,CE,0.0,0.0,0.0,1746.65,1454.7,0,0.0,0,0,18-APR-2022,
OPTSTK,LTI,30-Jun-2022,4600.0,CE,0.0,0.0,0.0,1658.4,1367.15,0,0.0,0,0,18-APR-2022,
OPTSTK,LTI,30-Jun-2022,4700.0,CE,0.0,0.0,0.0,1571.95,1281.85,0,0.0,0,0,18-APR-2022,
OPTSTK,LTI,30-Jun-2022,4800.0,CE,0.0,0.0,0.0,1487.45,1198.95,0,0.0,0,0,18-APR-2022,
OPTSTK,LTI,30-Jun-2022,4900.0,CE,0.0,0.0,0.0,1405.1,1118.7,0,0.0,0,0,18-APR-2022,
OPTSTK,LTI,30-Jun-2022,5000.0,CE,0.0,0.0,0.0,1325.05,1041.2,0,0.0,0,0,18-APR-2022,
OPTSTK,LTI,30-Jun-2022,5100.0,CE,0.0,0.0,0.0,1247.4,966.85,0,0.0,0,0,18-APR-2022,
OPTSTK,LTI,30-Jun-2022,5200.0,CE,0.0,0.0,0.0,1172.5,895.4,0,0.0,0,0,18-APR-2022,
OPTSTK,LTI,30-Jun-2022,5300.0,CE,0.0,0.0,0.0,1099.95,826.9,0,0.0,0,0,18-APR-2022,
OPTSTK,LTI,30-Jun-2022,5400.0,CE,0.0,0.0,0.0,1030.15,762.05,0,0.0,0,0,18-APR-2022,
OPTSTK,LTI,30-Jun-2022,5500.0,CE,0.0,0.0,0.0,962.9,700.55,0,0.0,0,0,18-APR-2022,
OPTSTK,LTI,30-Jun-2022,5600.0,CE,0.0,0.0,0.0,898.8,642.45,0,0.0,0,0,18-APR-2022,
OPTSTK,LTI,30-Jun-2022,5700.0,CE,0.0,0.0,0.0,837.6,587.75,0,0.0,0,0,18-APR-2022,
OPTSTK,LTI,30-Jun-2022,5800.0,CE,0.0,0.0,0.0,779.3,536.45,0,0.0,0,0,18-APR-2022,
OPTSTK,LTI,30-Jun-2022,5900.0,CE,0.0,0.0,0.0,723.9,488.45,0,0.0,0,0,18-APR-2022,
OPTSTK,LTI,30-Jun-2022,6000.0,CE,0.0,0.0,0.0,671.35,443.8,0,0.0,0,0,18-APR-2022,
OPTSTK,LTI,30-Jun-2022,6100.0,CE,0.0,0.0,0.0,621.65,402.25,0,0.0,0,0,18-APR-2022,
OPTSTK,LTI,30-Jun-2022,6200.0,CE,0.0,0.0,0.0,574.75,363.85,0,0.0,0,0,18-APR-2022,
OPTSTK,LTI,30-Jun-2022,6300.0,CE,0.0,0.0,0.0,530.65,328.4,0,0.0,0,0,18-APR-2022,
OPTSTK,LTI,30-Jun-2022,6400.0,CE,0.0,0.0,0.0,489.15,295.75,0,0.0,0,0,18-APR-2022,
OPTSTK,LTI,30-Jun-2022,6500.0,CE,0.0,0.0,0.0,450.3,265.8,0,0.0,0,0,18-APR-2022,
OPTSTK,LTI,30-Jun-2022,6600.0,CE,0.0,0.0,0.0,413.95,238.45,0,0.0,0,0,18-APR-2022,
OPTSTK,LTI,30-Jun-2022,6700.0,CE,0.0,0.0,0.0,380.0,213.75,0,0.0,0,0,18-APR-2022,
OPTSTK,LTI,30-Jun-2022,6800.0,CE,0.0,0.0,0.0,348.4,191.1,0,0.0,0,0,18-APR-2022,
OPTSTK,LTI,30-Jun-2022,6900.0,CE,0.0,0.0,0.0,319.0,170.55,0,0.0,0,0,18-APR-2022,
OPTSTK,LTI,30-Jun-2022,7000.0,CE,0.0,0.0,0.0,291.7,151.7,0,0.0,0,0,18-APR-2022,
OPTSTK,LTI,30-Jun-2022,7100.0,CE,0.0,0.0,0.0,266.75,134.85,0,0.0,0,0,18-APR-2022,
OPTSTK,LTI,30-Jun-2022,7200.0,CE,0.0,0.0,0.0,243.45,119.7,0,0.0,0,0,18-APR-2022,
OPTSTK,LTI,30-Jun-2022,7300.0,CE,0.0,0.0,0.0,221.95,106.05,0,0.0,0,0,18-APR-2022,
OPTSTK,LTI,30-Jun-2022,7400.0,CE,0.0,0.0,0.0,202.15,93.8,0,0.0,0,0,18-APR-2022,
OPTSTK,LTI,30-Jun-2022,7500.0,CE,0.0,0.0,0.0,183.65,82.85,0,0.0,0,0,18-APR-2022,
OPTSTK,LTI,30-Jun-2022,7600.0,CE,0.0,0.0,0.0,166.85,73.1,0,0.0,0,0,18-APR-2022,
OPTSTK,LTI,30-Jun-2022,7700.0,CE,0.0,0.0,0.0,151.4,64.35,0,0.0,0,0,18-APR-2022,
OPTSTK,LTI,30-Jun-2022,7800.0,CE,0.0,0.0,0.0,137.3,56.6,0,0.0,0,0,18-APR-2022,
OPTSTK,LTI,30-Jun-2022,7900.0,CE,0.0,0.0,0.0,124.35,49.7,0,0.0,0,0,18-APR-2022,
OPTSTK,LTI,30-Jun-2022,8000.0,CE,0.0,0.0,0.0,112.55,43.6,0,0.0,0,0,18-APR-2022,
OPTSTK,LTI,30-Jun-2022,8100.0,CE,0.0,0.0,0.0,101.75,38.2,0,0.0,0,0,18-APR-2022,
OPTSTK,LTI,30-Jun-2022,8200.0,CE,0.0,0.0,0.0,91.9,33.4,0,0.0,0,0,18-APR-2022,
OPTSTK,LTI,30-Jun-2022,8300.0,CE,0.0,0.0,0.0,82.95,29.2,0,0.0,0,0,18-APR-2022,
OPTSTK,LTI,30-Jun-2022,8400.0,CE,0.0,0.0,0.0,74.85,25.5,0,0.0,0,0,18-APR-2022,
OPTSTK,LTI,30-Jun-2022,4200.0,PE,0.0,0.0,0.0,21.25,19.25,0,0.0,0,0,18-APR-2022,
OPTSTK,LTI,30-Jun-2022,4300.0,PE,0.0,0.0,0.0,27.45,25.6,0,0.0,0,0,18-APR-2022,
OPTSTK,LTI,30-Jun-2022,4400.0,PE,0.0,0.0,0.0,34.95,33.5,0,0.0,0,0,18-APR-2022,
OPTSTK,LTI,30-Jun-2022,4500.0,PE,0.0,0.0,0.0,43.95,43.15,0,0.0,0,0,18-APR-2022,
OPTSTK,LTI,30-Jun-2022,4600.0,PE,0.0,0.0,0.0,54.6,54.8,0,0.0,0,0,18-APR-2022,
OPTSTK,LTI,30-Jun-2022,4700.0,PE,0.0,0.0,0.0,67.1,68.65,0,0.0,0,0,18-APR-2022,
OPTSTK,LTI,30-Jun-2022,4800.0,PE,0.0,0.0,0.0,81.6,84.9,0,0.0,0,0,18-APR-2022,
OPTSTK,LTI,30-Jun-2022,4900.0,PE,0.0,0.0,0.0,98.2,103.75,0,0.0,0,0,18-APR-2022,
OPTSTK,LTI,30-Jun-2022,5000.0,PE,0.0,0.0,0.0,117.1,125.45,0,0.0,0,0,18-APR-2022,
OPTSTK,LTI,30-Jun-2022,5100.0,PE,0.0,0.0,0.0,138.4,150.25,0,0.0,0,0,18-APR-2022,
OPTSTK,LTI,30-Jun-2022,5200.0,PE,0.0,0.0,0.0,162.45,177.9,0,0.0,0,0,18-APR-2022,
OPTSTK,LTI,30-Jun-2022,5300.0,PE,0.0,0.0,0.0,188.85,208.6,0,0.0,0,0,18-APR-2022,
OPTSTK,LTI,30-Jun-2022,5400.0,PE,0.0,0.0,0.0,218.0,242.85,0,0.0,0,0,18-APR-2022,
OPTSTK,LTI,30-Jun-2022,5500.0,PE,0.0,0.0,0.0,200.0,280.55,0,0.0,150,0,18-APR-2022,
OPTSTK,LTI,30-Jun-2022,5600.0,PE,0.0,0.0,0.0,284.55,321.6,0,0.0,0,0,18-APR-2022,
OPTSTK,LTI,30-Jun-2022,5700.0,PE,0.0,0.0,0.0,322.3,366.05,0,0.0,0,0,18-APR-2022,
OPTSTK,LTI,30-Jun-2022,5800.0,PE,0.0,0.0,0.0,362.9,413.9,0,0.0,0,0,18-APR-2022,
OPTSTK,LTI,30-Jun-2022,5900.0,PE,0.0,0.0,0.0,406.45,465.1,0,0.0,0,0,18-APR-2022,
OPTSTK,LTI,30-Jun-2022,6000.0,PE,0.0,0.0,0.0,452.85,519.55,0,0.0,0,0,18-APR-2022,
OPTSTK,LTI,30-Jun-2022,6100.0,PE,0.0,0.0,0.0,502.1,577.2,0,0.0,0,0,18-APR-2022,
OPTSTK,LTI,30-Jun-2022,6200.0,PE,0.0,0.0,0.0,554.15,637.9,0,0.0,0,0,18-APR-2022,
OPTSTK,LTI,30-Jun-2022,6300.0,PE,0.0,0.0,0.0,609.0,701.6,0,0.0,0,0,18-APR-2022,
OPTSTK,LTI,30-Jun-2022,6400.0,PE,0.0,0.0,0.0,666.45,768.15,0,0.0,0,0,18-APR-2022,
OPTSTK,LTI,30-Jun-2022,6500.0,PE,0.0,0.0,0.0,726.55,837.35,0,0.0,0,0,18-APR-2022,
OPTSTK,LTI,30-Jun-2022,6600.0,PE,0.0,0.0,0.0,789.15,909.1,0,0.0,0,0,18-APR-2022,
OPTSTK,LTI,30-Jun-2022,6700.0,PE,0.0,0.0,0.0,854.15,983.6,0,0.0,0,0,18-APR-2022,
OPTSTK,LTI,30-Jun-2022,6800.0,PE,0.0,0.0,0.0,921.5,1060.1,0,0.0,0,0,18-APR-2022,
OPTSTK,LTI,30-Jun-2022,6900.0,PE,0.0,0.0,0.0,991.05,1138.7,0,0.0,0,0,18-APR-2022,
OPTSTK,LTI,30-Jun-2022,7000.0,PE,0.0,0.0,0.0,1062.7,1219.0,0,0.0,0,0,18-APR-2022,
OPTSTK,LTI,30-Jun-2022,7100.0,PE,0.0,0.0,0.0,1136.7,1301.3,0,0.0,0,0,18-APR-2022,
OPTSTK,LTI,30-Jun-2022,7200.0,PE,0.0,0.0,0.0,1212.35,1385.3,0,0.0,0,0,18-APR-2022,
OPTSTK,LTI,30-Jun-2022,7300.0,PE,0.0,0.0,0.0,1289.8,1470.8,0,0.0,0,0,18-APR-2022,
OPTSTK,LTI,30-Jun-2022,7400.0,PE,0.0,0.0,0.0,1368.95,1557.75,0,0.0,0,0,18-APR-2022,
OPTSTK,LTI,30-Jun-2022,7500.0,PE,0.0,0.0,0.0,1449.35,1645.95,0,0.0,0,0,18-APR-2022,
OPTSTK,LTI,30-Jun-2022,7600.0,PE,0.0,0.0,0.0,1531.5,1735.3,0,0.0,0,0,18-APR-2022,
OPTSTK,LTI,30-Jun-2022,7700.0,PE,0.0,0.0,0.0,1615.05,1825.75,0,0.0,0,0,18-APR-2022,
OPTSTK,LTI,30-Jun-2022,7800.0,PE,0.0,0.0,0.0,1699.85,1917.15,0,0.0,0,0,18-APR-2022,
OPTSTK,LTI,30-Jun-2022,7900.0,PE,0.0,0.0,0.0,1785.9,2009.4,0,0.0,0,0,18-APR-2022,
OPTSTK,LTI,30-Jun-2022,8000.0,PE,0.0,0.0,0.0,1873.0,2102.45,0,0.0,0,0,18-APR-2022,
OPTSTK,LTI,30-Jun-2022,8100.0,PE,0.0,0.0,0.0,1961.15,2196.2,0,0.0,0,0,18-APR-2022,
OPTSTK,LTI,30-Jun-2022,8200.0,PE,0.0,0.0,0.0,2050.3,2290.55,0,0.0,0,0,18-APR-2022,
OPTSTK,LTI,30-Jun-2022,8300.0,PE,0.0,0.0,0.0,2140.3,2385.5,0,0.0,0,0,18-APR-2022,
OPTSTK,LTI,30-Jun-2022,8400.0,PE,0.0,0.0,0.0,2231.1,2480.95,0,0.0,0,0,18-APR-2022,
OPTSTK,LTTS,28-Apr-2022,3200.0,CE,0.0,0.0,0.0,1233.95,1109.0,0,0.0,0,0,18-APR-2022,
OPTSTK,LTTS,28-Apr-2022,3300.0,CE,0.0,0.0,0.0,1148.85,1009.15,0,0.0,0,0,18-APR-2022,
OPTSTK,LTTS,28-Apr-2022,3400.0,CE,0.0,0.0,0.0,1066.55,909.35,0,0.0,0,0,18-APR-2022,
OPTSTK,LTTS,28-Apr-2022,3500.0,CE,0.0,0.0,0.0,987.3,809.85,0,0.0,0,0,18-APR-2022,
OPTSTK,LTTS,28-Apr-2022,3600.0,CE,0.0,0.0,0.0,911.35,710.95,0,0.0,0,0,18-APR-2022,
OPTSTK,LTTS,28-Apr-2022,3700.0,CE,0.0,0.0,0.0,838.95,613.35,0,0.0,0,0,18-APR-2022,
OPTSTK,LTTS,28-Apr-2022,3800.0,CE,0.0,0.0,0.0,770.05,518.3,0,0.0,0,0,18-APR-2022,
OPTSTK,LTTS,28-Apr-2022,3900.0,CE,0.0,0.0,0.0,704.7,427.45,0,0.0,0,0,18-APR-2022,
OPTSTK,LTTS,28-Apr-2022,4000.0,CE,368.0,368.0,368.0,368.0,368.0,5,43.68,1000,1000,18-APR-2022,
OPTSTK,LTTS,28-Apr-2022,4100.0,CE,0.0,0.0,0.0,585.8,266.25,0,0.0,0,0,18-APR-2022,
OPTSTK,LTTS,28-Apr-2022,4200.0,CE,275.0,275.0,215.0,215.0,199.95,2,17.78,200,200,18-APR-2022,
OPTSTK,LTTS,28-Apr-2022,4300.0,CE,200.0,205.0,146.0,171.3,171.3,59,526.91,6200,6200,18-APR-2022,
OPTSTK,LTTS,28-Apr-2022,4400.0,CE,140.0,160.0,106.0,124.75,124.75,60,543.47,6000,6000,18-APR-2022,
OPTSTK,LTTS,28-Apr-2022,4500.0,CE,150.0,165.0,75.1,89.7,89.7,829,7649.06,61600,48600,18-APR-2022,
OPTSTK,LTTS,28-Apr-2022,4600.0,CE,80.15,119.65,53.75,62.55,62.55,480,4490.36,47200,15400,18-APR-2022,
OPTSTK,LTTS,28-Apr-2022,4700.0,CE,60.45,84.0,36.15,42.75,42.75,379,3600.37,32600,9600,18-APR-2022,
OPTSTK,LTTS,28-Apr-2022,4800.0,CE,43.95,58.0,24.65,29.7,29.7,544,5260.86,47400,9000,18-APR-2022,
OPTSTK,LTTS,28-Apr-2022,4900.0,CE,19.75,40.2,18.05,22.75,22.75,283,2787.08,39200,6400,18-APR-2022,
OPTSTK,LTTS,28-Apr-2022,5000.0,CE,17.25,27.0,14.6,17.6,17.6,648,6502.85,92800,-600,18-APR-2022,
OPTSTK,LTTS,28-Apr-2022,5100.0,CE,15.55,19.3,11.05,14.6,14.6,150,1534.13,35600,-2000,18-APR-2022,
OPTSTK,LTTS,28-Apr-2022,5200.0,CE,10.9,16.0,9.0,11.9,11.9,268,2793.17,66400,-7600,18-APR-2022,
OPTSTK,LTTS,28-Apr-2022,5300.0,CE,9.95,13.0,7.45,9.4,9.4,317,3366.07,60000,-2800,18-APR-2022,
OPTSTK,LTTS,28-Apr-2022,5400.0,CE,13.0,13.0,6.1,7.0,7.0,61,659.77,30000,-2000,18-APR-2022,
OPTSTK,LTTS,28-Apr-2022,5500.0,CE,6.8,8.15,5.1,6.5,6.5,346,3810.78,160000,-10200,18-APR-2022,
OPTSTK,LTTS,28-Apr-2022,5600.0,CE,9.0,9.0,1.5,3.8,3.8,9,100.93,13200,-600,18-APR-2022,
OPTSTK,LTTS,28-Apr-2022,5700.0,CE,6.3,6.3,4.35,5.1,5.1,23,262.44,16800,-200,18-APR-2022,
OPTSTK,LTTS,28-Apr-2022,5800.0,CE,3.0,4.0,3.0,4.0,4.0,11,127.68,7000,-800,18-APR-2022,
OPTSTK,LTTS,28-Apr-2022,5900.0,CE,0.0,0.0,0.0,9.2,0.05,0,0.0,800,0,18-APR-2022,
OPTSTK,LTTS,28-Apr-2022,6000.0,CE,3.0,3.95,2.5,3.65,3.65,41,492.25,23800,-1600,18-APR-2022,
OPTSTK,LTTS,28-Apr-2022,6100.0,CE,0.0,0.0,0.0,3.05,0.0,0,0.0,2400,0,18-APR-2022,
OPTSTK,LTTS,28-Apr-2022,6200.0,CE,0.25,0.25,0.25,0.25,0.0,1,12.4,3600,-200,18-APR-2022,
OPTSTK,LTTS,28-Apr-2022,6300.0,CE,0.0,0.0,0.0,0.95,0.0,0,0.0,400,0,18-APR-2022,
OPTSTK,LTTS,28-Apr-2022,6400.0,CE,0.0,0.0,0.0,39.35,0.0,0,0.0,0,0,18-APR-2022,
OPTSTK,LTTS,28-Apr-2022,6500.0,CE,0.0,0.0,0.0,14.65,0.0,0,0.0,200,0,18-APR-2022,
OPTSTK,LTTS,28-Apr-2022,6600.0,CE,0.0,0.0,0.0,2.0,0.0,0,0.0,200,0,18-APR-2022,
OPTSTK,LTTS,28-Apr-2022,3200.0,PE,0.0,0.0,0.0,45.2,0.05,0,0.0,0,0,18-APR-2022,
OPTSTK,LTTS,28-Apr-2022,3300.0,PE,0.0,0.0,0.0,59.05,0.05,0,0.0,0,0,18-APR-2022,
OPTSTK,LTTS,28-Apr-2022,3400.0,PE,0.0,0.0,0.0,75.7,0.2,0,0.0,0,0,18-APR-2022,
OPTSTK,LTTS,28-Apr-2022,3500.0,PE,3.05,8.9,3.05,8.9,8.9,2,14.02,200,0,18-APR-2022,
OPTSTK,LTTS,28-Apr-2022,3600.0,PE,0.0,0.0,0.0,118.45,1.55,0,0.0,0,0,18-APR-2022,
OPTSTK,LTTS,28-Apr-2022,3700.0,PE,0.0,0.0,0.0,145.05,3.85,0,0.0,0,0,18-APR-2022,
OPTSTK,LTTS,28-Apr-2022,3800.0,PE,12.0,23.0,5.45,18.0,18.0,14,106.88,2000,2000,18-APR-2022,
OPTSTK,LTTS,28-Apr-2022,3900.0,PE,12.45,35.0,12.45,35.0,17.7,4,31.42,1000,400,18-APR-2022,
OPTSTK,LTTS,28-Apr-2022,4000.0,PE,35.0,58.0,27.05,46.2,46.2,342,2766.24,28000,9600,18-APR-2022,
OPTSTK,LTTS,28-Apr-2022,4100.0,PE,47.6,85.25,47.6,70.0,70.0,27,224.9,3600,1000,18-APR-2022,
OPTSTK,LTTS,28-Apr-2022,4200.0,PE,75.0,119.45,68.0,100.35,100.35,141,1210.34,20600,2400,18-APR-2022,
OPTSTK,LTTS,28-Apr-2022,4300.0,PE,134.5,167.0,88.0,144.9,144.9,111,985.59,12000,3600,18-APR-2022,
OPTSTK,LTTS,28-Apr-2022,4400.0,PE,140.0,226.4,139.75,195.05,195.05,109,998.21,15000,1600,18-APR-2022,
OPTSTK,LTTS,28-Apr-2022,4500.0,PE,210.0,290.0,174.45,261.9,261.9,162,1534.43,48000,-1000,18-APR-2022,
OPTSTK,LTTS,28-Apr-2022,4600.0,PE,267.25,365.5,267.25,324.65,333.05,35,344.13,12000,-2800,18-APR-2022,
OPTSTK,LTTS,28-Apr-2022,4700.0,PE,357.9,357.9,357.9,357.9,416.4,1,10.11,6000,-200,18-APR-2022,
OPTSTK,LTTS,28-Apr-2022,4800.0,PE,441.05,530.0,412.9,495.0,495.0,18,189.9,15200,-1000,18-APR-2022,
OPTSTK,LTTS,28-Apr-2022,4900.0,PE,557.5,630.0,557.5,625.0,598.35,5,55.12,3000,-200,18-APR-2022,
OPTSTK,LTTS,28-Apr-2022,5000.0,PE,588.4,716.35,588.4,702.2,694.15,22,248.47,19600,-1400,18-APR-2022,
OPTSTK,LTTS,28-Apr-2022,5100.0,PE,666.7,703.25,666.7,703.25,791.65,3,34.67,2600,200,18-APR-2022,
OPTSTK,LTTS,28-Apr-2022,5200.0,PE,720.6,925.0,720.6,900.0,890.2,6,72.97,6200,-1200,18-APR-2022,
OPTSTK,LTTS,28-Apr-2022,5300.0,PE,935.0,935.0,935.0,935.0,989.4,1,12.47,600,-200,18-APR-2022,
OPTSTK,LTTS,28-Apr-2022,5400.0,PE,0.0,0.0,0.0,1129.85,1088.9,0,0.0,0,0,18-APR-2022,
OPTSTK,LTTS,28-Apr-2022,5500.0,PE,1066.2,1193.3,1066.2,1193.3,1188.65,2,26.51,1800,200,18-APR-2022,
OPTSTK,LTTS,28-Apr-2022,5600.0,PE,0.0,0.0,0.0,1296.95,1288.45,0,0.0,0,0,18-APR-2022,
OPTSTK,LTTS,28-Apr-2022,5700.0,PE,0.0,0.0,0.0,1382.9,1388.3,0,0.0,0,0,18-APR-2022,
OPTSTK,LTTS,28-Apr-2022,5800.0,PE,0.0,0.0,0.0,1470.25,1488.15,0,0.0,0,0,18-APR-2022,
OPTSTK,LTTS,28-Apr-2022,5900.0,PE,0.0,0.0,0.0,1558.9,1588.05,0,0.0,0,0,18-APR-2022,
OPTSTK,LTTS,28-Apr-2022,6000.0,PE,0.0,0.0,0.0,1648.7,1687.9,0,0.0,0,0,18-APR-2022,
OPTSTK,LTTS,28-Apr-2022,6100.0,PE,0.0,0.0,0.0,1739.55,1787.8,0,0.0,0,0,18-APR-2022,
OPTSTK,LTTS,28-Apr-2022,6200.0,PE,0.0,0.0,0.0,1831.35,1887.7,0,0.0,0,0,18-APR-2022,
OPTSTK,LTTS,28-Apr-2022,6300.0,PE,0.0,0.0,0.0,1923.95,1987.6,0,0.0,0,0,18-APR-2022,
OPTSTK,LTTS,28-Apr-2022,6400.0,PE,0.0,0.0,0.0,2017.3,2087.45,0,0.0,0,0,18-APR-2022,
OPTSTK,LTTS,28-Apr-2022,6500.0,PE,0.0,0.0,0.0,2111.35,2187.35,0,0.0,0,0,18-APR-2022,
OPTSTK,LTTS,28-Apr-2022,6600.0,PE,0.0,0.0,0.0,2205.95,2287.25,0,0.0,0,0,18-APR-2022,
OPTSTK,LTTS,26-May-2022,3200.0,CE,0.0,0.0,0.0,1173.7,1126.05,0,0.0,0,0,18-APR-2022,
OPTSTK,LTTS,26-May-2022,3300.0,CE,0.0,0.0,0.0,1089.7,1030.75,0,0.0,0,0,18-APR-2022,
OPTSTK,LTTS,26-May-2022,3400.0,CE,0.0,0.0,0.0,1008.75,937.5,0,0.0,0,0,18-APR-2022,
OPTSTK,LTTS,26-May-2022,3500.0,CE,0.0,0.0,0.0,931.0,846.9,0,0.0,0,0,18-APR-2022,
OPTSTK,LTTS,26-May-2022,3600.0,CE,0.0,0.0,0.0,856.8,759.55,0,0.0,0,0,18-APR-2022,
OPTSTK,LTTS,26-May-2022,3700.0,CE,0.0,0.0,0.0,786.05,676.05,0,0.0,0,0,18-APR-2022,
OPTSTK,LTTS,26-May-2022,3800.0,CE,0.0,0.0,0.0,718.9,597.05,0,0.0,0,0,18-APR-2022,
OPTSTK,LTTS,26-May-2022,3900.0,CE,0.0,0.0,0.0,655.8,523.2,0,0.0,0,0,18-APR-2022,
OPTSTK,LTTS,26-May-2022,4000.0,CE,0.0,0.0,0.0,596.6,454.45,0,0.0,0,0,18-APR-2022,
OPTSTK,LTTS,26-May-2022,4100.0,CE,0.0,0.0,0.0,541.25,391.65,0,0.0,0,0,18-APR-2022,
OPTSTK,LTTS,26-May-2022,4200.0,CE,0.0,0.0,0.0,489.75,334.75,0,0.0,0,0,18-APR-2022,
OPTSTK,LTTS,26-May-2022,4300.0,CE,0.0,0.0,0.0,442.0,283.75,0,0.0,0,0,18-APR-2022,
OPTSTK,LTTS,26-May-2022,4400.0,CE,325.3,325.3,205.85,205.85,238.55,4,37.36,600,600,18-APR-2022,
OPTSTK,LTTS,26-May-2022,4500.0,CE,200.05,200.15,171.0,190.3,190.3,6,56.3,1000,1000,18-APR-2022,
OPTSTK,LTTS,26-May-2022,4600.0,CE,160.05,160.05,145.35,147.9,147.9,10,94.98,1600,1600,18-APR-2022,
OPTSTK,LTTS,26-May-2022,4700.0,CE,0.0,0.0,0.0,286.35,135.2,0,0.0,0,0,18-APR-2022,
OPTSTK,LTTS,26-May-2022,4800.0,CE,0.0,0.0,0.0,255.45,110.4,0,0.0,0,0,18-APR-2022,
OPTSTK,LTTS,26-May-2022,4900.0,CE,0.0,0.0,0.0,227.45,89.3,0,0.0,0,0,18-APR-2022,
OPTSTK,LTTS,26-May-2022,5000.0,CE,62.0,62.0,62.0,62.0,62.0,4,40.49,1400,600,18-APR-2022,
OPTSTK,LTTS,26-May-2022,5100.0,CE,0.0,0.0,0.0,179.55,57.3,0,0.0,0,0,18-APR-2022,
OPTSTK,LTTS,26-May-2022,5200.0,CE,70.0,70.0,70.0,70.0,45.4,1,10.54,1200,200,18-APR-2022,
OPTSTK,LTTS,26-May-2022,5300.0,CE,0.0,0.0,0.0,140.5,35.8,0,0.0,0,0,18-APR-2022,
OPTSTK,LTTS,26-May-2022,5400.0,CE,0.0,0.0,0.0,83.55,28.05,0,0.0,200,0,18-APR-2022,
OPTSTK,LTTS,26-May-2022,5500.0,CE,0.0,0.0,0.0,34.0,21.8,0,0.0,1200,0,18-APR-2022,
OPTSTK,LTTS,26-May-2022,5600.0,CE,0.0,0.0,0.0,50.05,16.9,0,0.0,200,0,18-APR-2022,
OPTSTK,LTTS,26-May-2022,5700.0,CE,0.0,0.0,0.0,150.2,13.0,0,0.0,400,0,18-APR-2022,
OPTSTK,LTTS,26-May-2022,5800.0,CE,0.0,0.0,0.0,74.15,9.95,0,0.0,0,0,18-APR-2022,
OPTSTK,LTTS,26-May-2022,5900.0,CE,0.0,0.0,0.0,65.0,7.6,0,0.0,0,0,18-APR-2022,
OPTSTK,LTTS,26-May-2022,6000.0,CE,0.0,0.0,0.0,56.9,5.75,0,0.0,0,0,18-APR-2022,
OPTSTK,LTTS,26-May-2022,6100.0,CE,0.0,0.0,0.0,49.75,4.35,0,0.0,0,0,18-APR-2022,
OPTSTK,LTTS,26-May-2022,6200.0,CE,0.0,0.0,0.0,43.45,3.3,0,0.0,0,0,18-APR-2022,
OPTSTK,LTTS,26-May-2022,6300.0,CE,0.0,0.0,0.0,37.9,2.45,0,0.0,0,0,18-APR-2022,
OPTSTK,LTTS,26-May-2022,6400.0,CE,0.0,0.0,0.0,33.05,1.85,0,0.0,0,0,18-APR-2022,
OPTSTK,LTTS,26-May-2022,6500.0,CE,0.0,0.0,0.0,28.75,1.35,0,0.0,0,0,18-APR-2022,
OPTSTK,LTTS,26-May-2022,3200.0,PE,0.0,0.0,0.0,49.6,6.55,0,0.0,0,0,18-APR-2022,
OPTSTK,LTTS,26-May-2022,3300.0,PE,0.0,0.0,0.0,64.6,10.85,0,0.0,0,0,18-APR-2022,
OPTSTK,LTTS,26-May-2022,3400.0,PE,0.0,0.0,0.0,82.55,17.15,0,0.0,0,0,18-APR-2022,
OPTSTK,LTTS,26-May-2022,3500.0,PE,0.0,0.0,0.0,103.75,26.1,0,0.0,0,0,18-APR-2022,
OPTSTK,LTTS,26-May-2022,3600.0,PE,0.0,0.0,0.0,128.5,38.3,0,0.0,0,0,18-APR-2022,
OPTSTK,LTTS,26-May-2022,3700.0,PE,0.0,0.0,0.0,156.75,54.4,0,0.0,0,0,18-APR-2022,
OPTSTK,LTTS,26-May-2022,3800.0,PE,0.0,0.0,0.0,188.5,74.95,0,0.0,0,0,18-APR-2022,
OPTSTK,LTTS,26-May-2022,3900.0,PE,0.0,0.0,0.0,224.4,100.6,0,0.0,0,0,18-APR-2022,
OPTSTK,LTTS,26-May-2022,4000.0,PE,74.95,136.95,74.95,115.05,131.4,15,123.44,5600,1800,18-APR-2022,
OPTSTK,LTTS,26-May-2022,4100.0,PE,0.0,0.0,0.0,307.75,168.2,0,0.0,0,0,18-APR-2022,
OPTSTK,LTTS,26-May-2022,4200.0,PE,0.0,0.0,0.0,110.0,210.85,0,0.0,200,0,18-APR-2022,
OPTSTK,LTTS,26-May-2022,4300.0,PE,180.0,180.0,180.0,180.0,259.4,1,8.96,600,200,18-APR-2022,
OPTSTK,LTTS,26-May-2022,4400.0,PE,220.8,278.0,220.8,278.0,313.8,6,55.87,1400,1200,18-APR-2022,
OPTSTK,LTTS,26-May-2022,4500.0,PE,335.0,335.0,335.0,335.0,373.75,1,9.67,200,200,18-APR-2022,
OPTSTK,LTTS,26-May-2022,4600.0,PE,0.0,0.0,0.0,269.7,439.0,0,0.0,200,0,18-APR-2022,
OPTSTK,LTTS,26-May-2022,4700.0,PE,0.0,0.0,0.0,96.8,509.1,0,0.0,200,0,18-APR-2022,
OPTSTK,LTTS,26-May-2022,4800.0,PE,0.0,0.0,0.0,200.6,583.9,0,0.0,400,0,18-APR-2022,
OPTSTK,LTTS,26-May-2022,4900.0,PE,0.0,0.0,0.0,785.6,662.3,0,0.0,0,0,18-APR-2022,
OPTSTK,LTTS,26-May-2022,5000.0,PE,725.0,725.0,725.0,725.0,725.0,1,11.45,200,200,18-APR-2022,
OPTSTK,LTTS,26-May-2022,5100.0,PE,0.0,0.0,0.0,935.6,829.4,0,0.0,0,0,18-APR-2022,
OPTSTK,LTTS,26-May-2022,5200.0,PE,900.0,900.0,900.0,900.0,917.1,2,24.4,400,400,18-APR-2022,
OPTSTK,LTTS,26-May-2022,5300.0,PE,0.0,0.0,0.0,1094.45,1007.05,0,0.0,0,0,18-APR-2022,
OPTSTK,LTTS,26-May-2022,5400.0,PE,0.0,0.0,0.0,1176.9,1098.85,0,0.0,0,0,18-APR-2022,
OPTSTK,LTTS,26-May-2022,5500.0,PE,0.0,0.0,0.0,1261.15,1192.2,0,0.0,0,0,18-APR-2022,
OPTSTK,LTTS,26-May-2022,5600.0,PE,0.0,0.0,0.0,1347.0,1286.8,0,0.0,0,0,18-APR-2022,
OPTSTK,LTTS,26-May-2022,5700.0,PE,0.0,0.0,0.0,1434.25,1382.5,0,0.0,0,0,18-APR-2022,
OPTSTK,LTTS,26-May-2022,5800.0,PE,0.0,0.0,0.0,1522.85,1479.0,0,0.0,0,0,18-APR-2022,
OPTSTK,LTTS,26-May-2022,5900.0,PE,0.0,0.0,0.0,1612.65,1576.2,0,0.0,0,0,18-APR-2022,
OPTSTK,LTTS,26-May-2022,6000.0,PE,0.0,0.0,0.0,1703.5,1673.95,0,0.0,0,0,18-APR-2022,
OPTSTK,LTTS,26-May-2022,6100.0,PE,0.0,0.0,0.0,1795.3,1772.1,0,0.0,0,0,18-APR-2022,
OPTSTK,LTTS,26-May-2022,6200.0,PE,0.0,0.0,0.0,1887.95,1870.55,0,0.0,0,0,18-APR-2022,
OPTSTK,LTTS,26-May-2022,6300.0,PE,0.0,0.0,0.0,1981.35,1969.3,0,0.0,0,0,18-APR-2022,
OPTSTK,LTTS,26-May-2022,6400.0,PE,0.0,0.0,0.0,2075.45,2068.25,0,0.0,0,0,18-APR-2022,
OPTSTK,LTTS,26-May-2022,6500.0,PE,0.0,0.0,0.0,2170.15,2167.35,0,0.0,0,0,18-APR-2022,
OPTSTK,LTTS,30-Jun-2022,3200.0,CE,0.0,0.0,0.0,1948.6,1163.05,0,0.0,0,0,18-APR-2022,
OPTSTK,LTTS,30-Jun-2022,3300.0,CE,0.0,0.0,0.0,1853.55,1075.15,0,0.0,0,0,18-APR-2022,
OPTSTK,LTTS,30-Jun-2022,3400.0,CE,0.0,0.0,0.0,1759.65,990.15,0,0.0,0,0,18-APR-2022,
OPTSTK,LTTS,30-Jun-2022,3500.0,CE,0.0,0.0,0.0,1667.15,908.35,0,0.0,0,0,18-APR-2022,
OPTSTK,LTTS,30-Jun-2022,3600.0,CE,0.0,0.0,0.0,1576.2,830.05,0,0.0,0,0,18-APR-2022,
OPTSTK,LTTS,30-Jun-2022,3700.0,CE,0.0,0.0,0.0,1487.05,755.65,0,0.0,0,0,18-APR-2022,
OPTSTK,LTTS,30-Jun-2022,3800.0,CE,0.0,0.0,0.0,1399.95,685.05,0,0.0,0,0,18-APR-2022,
OPTSTK,LTTS,30-Jun-2022,3900.0,CE,0.0,0.0,0.0,1315.1,618.5,0,0.0,0,0,18-APR-2022,
OPTSTK,LTTS,30-Jun-2022,4000.0,CE,0.0,0.0,0.0,1232.75,556.45,0,0.0,0,0,18-APR-2022,
OPTSTK,LTTS,30-Jun-2022,4100.0,CE,0.0,0.0,0.0,1152.95,498.75,0,0.0,0,0,18-APR-2022,
OPTSTK,LTTS,30-Jun-2022,4200.0,CE,0.0,0.0,0.0,579.95,445.4,0,0.0,200,0,18-APR-2022,
OPTSTK,LTTS,30-Jun-2022,4300.0,CE,0.0,0.0,0.0,1002.15,396.3,0,0.0,0,0,18-APR-2022,
OPTSTK,LTTS,30-Jun-2022,4400.0,CE,0.0,0.0,0.0,931.15,351.35,0,0.0,0,0,18-APR-2022,
OPTSTK,LTTS,30-Jun-2022,4500.0,CE,0.0,0.0,0.0,863.35,310.5,0,0.0,0,0,18-APR-2022,
OPTSTK,LTTS,30-Jun-2022,4600.0,CE,0.0,0.0,0.0,798.7,273.45,0,0.0,0,0,18-APR-2022,
OPTSTK,LTTS,30-Jun-2022,4700.0,CE,0.0,0.0,0.0,737.5,240.05,0,0.0,0,0,18-APR-2022,
OPTSTK,LTTS,30-Jun-2022,4800.0,CE,0.0,0.0,0.0,679.6,210.1,0,0.0,0,0,18-APR-2022,
OPTSTK,LTTS,30-Jun-2022,4900.0,CE,0.0,0.0,0.0,625.05,183.3,0,0.0,0,0,18-APR-2022,
OPTSTK,LTTS,30-Jun-2022,5000.0,CE,0.0,0.0,0.0,573.75,159.75,0,0.0,0,0,18-APR-2022,
OPTSTK,LTTS,30-Jun-2022,5100.0,CE,0.0,0.0,0.0,525.65,138.75,0,0.0,0,0,18-APR-2022,
OPTSTK,LTTS,30-Jun-2022,5200.0,CE,0.0,0.0,0.0,480.7,119.95,0,0.0,0,0,18-APR-2022,
OPTSTK,LTTS,30-Jun-2022,5300.0,CE,0.0,0.0,0.0,438.8,103.6,0,0.0,0,0,18-APR-2022,
OPTSTK,LTTS,30-Jun-2022,5400.0,CE,0.0,0.0,0.0,399.85,89.25,0,0.0,0,0,18-APR-2022,
OPTSTK,LTTS,30-Jun-2022,5500.0,CE,0.0,0.0,0.0,363.8,76.7,0,0.0,0,0,18-APR-2022,
OPTSTK,LTTS,30-Jun-2022,5600.0,CE,0.0,0.0,0.0,330.4,65.75,0,0.0,0,0,18-APR-2022,
OPTSTK,LTTS,30-Jun-2022,5700.0,CE,0.0,0.0,0.0,299.6,56.25,0,0.0,0,0,18-APR-2022,
OPTSTK,LTTS,30-Jun-2022,5800.0,CE,0.0,0.0,0.0,271.3,48.05,0,0.0,0,0,18-APR-2022,
OPTSTK,LTTS,30-Jun-2022,5900.0,CE,0.0,0.0,0.0,245.5,40.95,0,0.0,0,0,18-APR-2022,
OPTSTK,LTTS,30-Jun-2022,6000.0,CE,0.0,0.0,0.0,221.75,34.85,0,0.0,0,0,18-APR-2022,
OPTSTK,LTTS,30-Jun-2022,6100.0,CE,0.0,0.0,0.0,200.0,29.6,0,0.0,0,0,18-APR-2022,
OPTSTK,LTTS,30-Jun-2022,6200.0,CE,0.0,0.0,0.0,180.2,25.1,0,0.0,0,0,18-APR-2022,
OPTSTK,LTTS,30-Jun-2022,6300.0,CE,0.0,0.0,0.0,161.95,21.25,0,0.0,0,0,18-APR-2022,
OPTSTK,LTTS,30-Jun-2022,6400.0,CE,0.0,0.0,0.0,145.5,17.95,0,0.0,0,0,18-APR-2022,
OPTSTK,LTTS,30-Jun-2022,6500.0,CE,0.0,0.0,0.0,130.55,15.15,0,0.0,0,0,18-APR-2022,
OPTSTK,LTTS,30-Jun-2022,3200.0,PE,0.0,0.0,0.0,9.65,30.6,0,0.0,0,0,18-APR-2022,
OPTSTK,LTTS,30-Jun-2022,3300.0,PE,0.0,0.0,0.0,13.55,41.9,0,0.0,0,0,18-APR-2022,
OPTSTK,LTTS,30-Jun-2022,3400.0,PE,0.0,0.0,0.0,18.6,56.05,0,0.0,0,0,18-APR-2022,
OPTSTK,LTTS,30-Jun-2022,3500.0,PE,0.0,0.0,0.0,25.05,73.4,0,0.0,0,0,18-APR-2022,
OPTSTK,LTTS,30-Jun-2022,3600.0,PE,0.0,0.0,0.0,33.05,94.2,0,0.0,0,0,18-APR-2022,
OPTSTK,LTTS,30-Jun-2022,3700.0,PE,0.0,0.0,0.0,42.85,118.95,0,0.0,0,0,18-APR-2022,
OPTSTK,LTTS,30-Jun-2022,3800.0,PE,0.0,0.0,0.0,54.7,147.55,0,0.0,0,0,18-APR-2022,
OPTSTK,LTTS,30-Jun-2022,3900.0,PE,0.0,0.0,0.0,68.8,180.15,0,0.0,0,0,18-APR-2022,
OPTSTK,LTTS,30-Jun-2022,4000.0,PE,0.0,0.0,0.0,85.35,217.25,0,0.0,0,0,18-APR-2022,
OPTSTK,LTTS,30-Jun-2022,4100.0,PE,0.0,0.0,0.0,104.55,258.7,0,0.0,0,0,18-APR-2022,
OPTSTK,LTTS,30-Jun-2022,4200.0,PE,0.0,0.0,0.0,200.0,304.5,0,0.0,0,0,18-APR-2022,
OPTSTK,LTTS,30-Jun-2022,4300.0,PE,0.0,0.0,0.0,151.65,354.55,0,0.0,0,0,18-APR-2022,
OPTSTK,LTTS,30-Jun-2022,4400.0,PE,0.0,0.0,0.0,179.6,408.75,0,0.0,0,0,18-APR-2022,
OPTSTK,LTTS,30-Jun-2022,4500.0,PE,0.0,0.0,0.0,200.0,467.05,0,0.0,200,0,18-APR-2022,
OPTSTK,LTTS,30-Jun-2022,4600.0,PE,0.0,0.0,0.0,245.0,529.15,0,0.0,0,0,18-APR-2022,
OPTSTK,LTTS,30-Jun-2022,4700.0,PE,0.0,0.0,0.0,282.75,594.9,0,0.0,0,0,18-APR-2022,
OPTSTK,LTTS,30-Jun-2022,4800.0,PE,0.0,0.0,0.0,323.85,664.1,0,0.0,0,0,18-APR-2022,
OPTSTK,LTTS,30-Jun-2022,4900.0,PE,0.0,0.0,0.0,368.2,736.5,0,0.0,0,0,18-APR-2022,
OPTSTK,LTTS,30-Jun-2022,5000.0,PE,0.0,0.0,0.0,415.85,812.1,0,0.0,0,0,18-APR-2022,
OPTSTK,LTTS,30-Jun-2022,5100.0,PE,0.0,0.0,0.0,466.7,890.2,0,0.0,0,0,18-APR-2022,
OPTSTK,LTTS,30-Jun-2022,5200.0,PE,0.0,0.0,0.0,520.7,970.6,0,0.0,0,0,18-APR-2022,
OPTSTK,LTTS,30-Jun-2022,5300.0,PE,0.0,0.0,0.0,577.8,1053.4,0,0.0,0,0,18-APR-2022,
OPTSTK,LTTS,30-Jun-2022,5400.0,PE,0.0,0.0,0.0,637.8,1138.2,0,0.0,0,0,18-APR-2022,
OPTSTK,LTTS,30-Jun-2022,5500.0,PE,0.0,0.0,0.0,700.65,1224.8,0,0.0,0,0,18-APR-2022,
OPTSTK,LTTS,30-Jun-2022,5600.0,PE,0.0,0.0,0.0,766.2,1313.0,0,0.0,0,0,18-APR-2022,
OPTSTK,LTTS,30-Jun-2022,5700.0,PE,0.0,0.0,0.0,834.4,1402.65,0,0.0,0,0,18-APR-2022,
OPTSTK,LTTS,30-Jun-2022,5800.0,PE,0.0,0.0,0.0,905.0,1493.6,0,0.0,0,0,18-APR-2022,
OPTSTK,LTTS,30-Jun-2022,5900.0,PE,0.0,0.0,0.0,978.2,1585.65,0,0.0,0,0,18-APR-2022,
OPTSTK,LTTS,30-Jun-2022,6000.0,PE,0.0,0.0,0.0,1053.35,1678.7,0,0.0,0,0,18-APR-2022,
OPTSTK,LTTS,30-Jun-2022,6100.0,PE,0.0,0.0,0.0,1130.6,1772.6,0,0.0,0,0,18-APR-2022,
OPTSTK,LTTS,30-Jun-2022,6200.0,PE,0.0,0.0,0.0,1209.7,1867.25,0,0.0,0,0,18-APR-2022,
OPTSTK,LTTS,30-Jun-2022,6300.0,PE,0.0,0.0,0.0,1290.4,1962.55,0,0.0,0,0,18-APR-2022,
OPTSTK,LTTS,30-Jun-2022,6400.0,PE,0.0,0.0,0.0,1372.9,2058.45,0,0.0,0,0,18-APR-2022,
OPTSTK,LTTS,30-Jun-2022,6500.0,PE,0.0,0.0,0.0,1456.9,2154.8,0,0.0,0,0,18-APR-2022,
OPTSTK,LUPIN,28-Apr-2022,510.0,CE,0.0,0.0,0.0,383.5,260.75,0,0.0,0,0,18-APR-2022,
OPTSTK,LUPIN,28-Apr-2022,520.0,CE,0.0,0.0,0.0,373.6,250.75,0,0.0,0,0,18-APR-2022,
OPTSTK,LUPIN,28-Apr-2022,530.0,CE,0.0,0.0,0.0,363.75,240.75,0,0.0,0,0,18-APR-2022,
OPTSTK,LUPIN,28-Apr-2022,540.0,CE,0.0,0.0,0.0,353.9,230.8,0,0.0,0,0,18-APR-2022,
OPTSTK,LUPIN,28-Apr-2022,550.0,CE,0.0,0.0,0.0,344.05,220.8,0,0.0,0,0,18-APR-2022,
OPTSTK,LUPIN,28-Apr-2022,560.0,CE,0.0,0.0,0.0,334.25,210.8,0,0.0,0,0,18-APR-2022,
OPTSTK,LUPIN,28-Apr-2022,570.0,CE,0.0,0.0,0.0,324.45,200.8,0,0.0,0,0,18-APR-2022,
OPTSTK,LUPIN,28-Apr-2022,580.0,CE,0.0,0.0,0.0,314.65,190.8,0,0.0,0,0,18-APR-2022,
OPTSTK,LUPIN,28-Apr-2022,590.0,CE,0.0,0.0,0.0,304.95,180.85,0,0.0,0,0,18-APR-2022,
OPTSTK,LUPIN,28-Apr-2022,600.0,CE,0.0,0.0,0.0,295.25,170.85,0,0.0,0,0,18-APR-2022,
OPTSTK,LUPIN,28-Apr-2022,610.0,CE,0.0,0.0,0.0,285.55,160.85,0,0.0,0,0,18-APR-2022,
OPTSTK,LUPIN,28-Apr-2022,620.0,CE,0.0,0.0,0.0,275.95,150.85,0,0.0,0,0,18-APR-2022,
OPTSTK,LUPIN,28-Apr-2022,630.0,CE,0.0,0.0,0.0,266.45,140.9,0,0.0,0,0,18-APR-2022,
OPTSTK,LUPIN,28-Apr-2022,640.0,CE,0.0,0.0,0.0,256.95,130.9,0,0.0,0,0,18-APR-2022,
OPTSTK,LUPIN,28-Apr-2022,650.0,CE,0.0,0.0,0.0,247.55,120.95,0,0.0,0,0,18-APR-2022,
OPTSTK,LUPIN,28-Apr-2022,660.0,CE,0.0,0.0,0.0,238.25,111.05,0,0.0,0,0,18-APR-2022,
OPTSTK,LUPIN,28-Apr-2022,670.0,CE,0.0,0.0,0.0,229.05,101.15,0,0.0,0,0,18-APR-2022,
OPTSTK,LUPIN,28-Apr-2022,680.0,CE,0.0,0.0,0.0,219.95,91.4,0,0.0,0,0,18-APR-2022,
OPTSTK,LUPIN,28-Apr-2022,690.0,CE,0.0,0.0,0.0,211.0,81.75,0,0.0,0,0,18-APR-2022,
OPTSTK,LUPIN,28-Apr-2022,700.0,CE,0.0,0.0,0.0,72.1,72.35,0,0.0,18700,0,18-APR-2022,
OPTSTK,LUPIN,28-Apr-2022,710.0,CE,0.0,0.0,0.0,71.2,63.25,0,0.0,4250,0,18-APR-2022,
OPTSTK,LUPIN,28-Apr-2022,720.0,CE,0.0,0.0,0.0,62.5,54.55,0,0.0,1700,0,18-APR-2022,
OPTSTK,LUPIN,28-Apr-2022,730.0,CE,0.0,0.0,0.0,176.5,46.35,0,0.0,0,0,18-APR-2022,
OPTSTK,LUPIN,28-Apr-2022,740.0,CE,38.75,38.75,38.75,38.75,38.8,1,6.61,33150,850,18-APR-2022,
OPTSTK,LUPIN,28-Apr-2022,750.0,CE,33.0,34.75,26.0,31.25,31.25,43,284.9,205700,-9350,18-APR-2022,
OPTSTK,LUPIN,28-Apr-2022,760.0,CE,24.9,30.0,18.6,22.75,22.75,94,625.13,91800,-11050,18-APR-2022,
OPTSTK,LUPIN,28-Apr-2022,770.0,CE,19.05,23.55,13.85,16.7,16.7,669,4476.01,173400,-11050,18-APR-2022,
OPTSTK,LUPIN,28-Apr-2022,780.0,CE,13.95,18.5,10.4,12.3,12.3,1682,11344.71,457300,103700,18-APR-2022,
OPTSTK,LUPIN,28-Apr-2022,790.0,CE,12.2,13.9,7.9,9.05,9.05,640,4353.06,263500,-16150,18-APR-2022,
OPTSTK,LUPIN,28-Apr-2022,800.0,CE,8.5,11.0,6.2,7.2,7.2,1304,8954.39,1234200,92650,18-APR-2022,
OPTSTK,LUPIN,28-Apr-2022,810.0,CE,8.0,8.25,4.8,5.35,5.35,310,2149.92,170000,15300,18-APR-2022,
OPTSTK,LUPIN,28-Apr-2022,820.0,CE,5.8,6.3,3.65,4.15,4.15,279,1955.43,243100,27200,18-APR-2022,
OPTSTK,LUPIN,28-Apr-2022,830.0,CE,4.85,4.85,2.75,3.4,3.4,209,1480.9,266050,4250,18-APR-2022,
OPTSTK,LUPIN,28-Apr-2022,840.0,CE,3.8,3.8,2.0,2.75,2.75,151,1081.74,158100,12750,18-APR-2022,
OPTSTK,LUPIN,28-Apr-2022,850.0,CE,2.35,2.75,1.6,2.35,2.35,349,2527.98,453050,850,18-APR-2022,
OPTSTK,LUPIN,28-Apr-2022,860.0,CE,2.4,2.5,1.2,1.85,1.85,128,937.42,92650,-20400,18-APR-2022,
OPTSTK,LUPIN,28-Apr-2022,870.0,CE,0.85,1.8,0.85,1.6,0.65,34,251.83,26350,-4250,18-APR-2022,
OPTSTK,LUPIN,28-Apr-2022,880.0,CE,1.05,1.5,0.7,1.4,1.4,57,426.85,38250,10200,18-APR-2022,
OPTSTK,LUPIN,28-Apr-2022,890.0,CE,0.55,1.25,0.55,1.25,0.25,32,242.31,18700,-10200,18-APR-2022,
OPTSTK,LUPIN,28-Apr-2022,900.0,CE,0.55,1.05,0.35,0.95,0.95,188,1439.24,391850,-9350,18-APR-2022,
OPTSTK,LUPIN,28-Apr-2022,910.0,CE,0.0,0.0,0.0,61.8,0.1,0,0.0,0,0,18-APR-2022,
OPTSTK,LUPIN,28-Apr-2022,920.0,CE,0.0,0.0,0.0,57.65,0.05,0,0.0,0,0,18-APR-2022,
OPTSTK,LUPIN,28-Apr-2022,930.0,CE,0.0,0.0,0.0,53.7,0.05,0,0.0,0,0,18-APR-2022,
OPTSTK,LUPIN,28-Apr-2022,940.0,CE,0.2,0.5,0.2,0.5,0.05,11,87.92,1700,-5950,18-APR-2022,
OPTSTK,LUPIN,28-Apr-2022,950.0,CE,0.25,0.45,0.15,0.45,0.45,55,444.28,30600,-39950,18-APR-2022,
OPTSTK,LUPIN,28-Apr-2022,960.0,CE,0.2,0.45,0.2,0.4,0.4,11,89.79,19550,-9350,18-APR-2022,
OPTSTK,LUPIN,28-Apr-2022,970.0,CE,0.4,0.65,0.4,0.6,0.6,10,82.49,131750,0,18-APR-2022,
OPTSTK,LUPIN,28-Apr-2022,980.0,CE,0.0,0.0,0.0,37.0,0.0,0,0.0,0,0,18-APR-2022,
OPTSTK,LUPIN,28-Apr-2022,990.0,CE,0.0,0.0,0.0,34.2,0.0,0,0.0,0,0,18-APR-2022,
OPTSTK,LUPIN,28-Apr-2022,1000.0,CE,0.25,0.35,0.25,0.3,0.3,7,59.51,35700,-4250,18-APR-2022,
OPTSTK,LUPIN,28-Apr-2022,1010.0,CE,0.0,0.0,0.0,29.25,0.0,0,0.0,0,0,18-APR-2022,
OPTSTK,LUPIN,28-Apr-2022,1020.0,CE,0.0,0.0,0.0,27.0,0.0,0,0.0,0,0,18-APR-2022,
OPTSTK,LUPIN,28-Apr-2022,1030.0,CE,0.0,0.0,0.0,24.9,0.0,0,0.0,0,0,18-APR-2022,
OPTSTK,LUPIN,28-Apr-2022,1040.0,CE,0.0,0.0,0.0,22.9,0.0,0,0.0,0,0,18-APR-2022,
OPTSTK,LUPIN,28-Apr-2022,1050.0,CE,0.0,0.0,0.0,21.05,0.0,0,0.0,0,0,18-APR-2022,
OPTSTK,LUPIN,28-Apr-2022,1060.0,CE,0.0,0.0,0.0,19.35,0.0,0,0.0,0,0,18-APR-2022,
OPTSTK,LUPIN,28-Apr-2022,1070.0,CE,0.0,0.0,0.0,17.75,0.0,0,0.0,0,0,18-APR-2022,
OPTSTK,LUPIN,28-Apr-2022,1080.0,CE,0.0,0.0,0.0,16.3,0.0,0,0.0,0,0,18-APR-2022,
OPTSTK,LUPIN,28-Apr-2022,1090.0,CE,0.0,0.0,0.0,14.95,0.0,0,0.0,0,0,18-APR-2022,
OPTSTK,LUPIN,28-Apr-2022,1100.0,CE,0.0,0.0,0.0,0.3,0.0,0,0.0,2550,0,18-APR-2022,
OPTSTK,LUPIN,28-Apr-2022,1110.0,CE,0.0,0.0,0.0,12.5,0.0,0,0.0,0,0,18-APR-2022,
OPTSTK,LUPIN,28-Apr-2022,1120.0,CE,0.0,0.0,0.0,11.45,0.0,0,0.0,0,0,18-APR-2022,
OPTSTK,LUPIN,28-Apr-2022,1130.0,CE,0.0,0.0,0.0,10.45,0.0,0,0.0,0,0,18-APR-2022,
OPTSTK,LUPIN,28-Apr-2022,1140.0,CE,0.0,0.0,0.0,9.55,0.0,0,0.0,0,0,18-APR-2022,
OPTSTK,LUPIN,28-Apr-2022,1150.0,CE,0.0,0.0,0.0,8.7,0.0,0,0.0,0,0,18-APR-2022,
OPTSTK,LUPIN,28-Apr-2022,1160.0,CE,0.0,0.0,0.0,7.9,0.0,0,0.0,0,0,18-APR-2022,
OPTSTK,LUPIN,28-Apr-2022,1170.0,CE,0.0,0.0,0.0,7.2,0.0,0,0.0,0,0,18-APR-2022,
OPTSTK,LUPIN,28-Apr-2022,1180.0,CE,0.0,0.0,0.0,6.55,0.0,0,0.0,0,0,18-APR-2022,
OPTSTK,LUPIN,28-Apr-2022,1190.0,CE,0.0,0.0,0.0,5.95,0.0,0,0.0,0,0,18-APR-2022,
OPTSTK,LUPIN,28-Apr-2022,1200.0,CE,0.0,0.0,0.0,0.15,0.0,0,0.0,850,0,18-APR-2022,
OPTSTK,LUPIN,28-Apr-2022,1210.0,CE,0.0,0.0,0.0,4.95,0.0,0,0.0,0,0,18-APR-2022,
OPTSTK,LUPIN,28-Apr-2022,1220.0,CE,0.0,0.0,0.0,4.45,0.0,0,0.0,0,0,18-APR-2022,
OPTSTK,LUPIN,28-Apr-2022,1230.0,CE,0.0,0.0,0.0,4.05,0.0,0,0.0,0,0,18-APR-2022,
OPTSTK,LUPIN,28-Apr-2022,1240.0,CE,0.0,0.0,0.0,3.65,0.0,0,0.0,0,0,18-APR-2022,
OPTSTK,LUPIN,28-Apr-2022,1250.0,CE,0.0,0.0,0.0,3.35,0.0,0,0.0,0,0,18-APR-2022,
OPTSTK,LUPIN,28-Apr-2022,1260.0,CE,0.0,0.0,0.0,3.0,0.0,0,0.0,0,0,18-APR-2022,
OPTSTK,LUPIN,28-Apr-2022,1270.0,CE,0.0,0.0,0.0,0.1,0.0,0,0.0,850,0,18-APR-2022,
OPTSTK,LUPIN,28-Apr-2022,510.0,PE,0.0,0.0,0.0,0.05,0.0,0,0.0,0,0,18-APR-2022,
OPTSTK,LUPIN,28-Apr-2022,520.0,PE,0.0,0.0,0.0,0.1,0.0,0,0.0,0,0,18-APR-2022,
OPTSTK,LUPIN,28-Apr-2022,530.0,PE,0.0,0.0,0.0,0.15,0.0,0,0.0,0,0,18-APR-2022,
OPTSTK,LUPIN,28-Apr-2022,540.0,PE,0.0,0.0,0.0,0.15,0.0,0,0.0,0,0,18-APR-2022,
OPTSTK,LUPIN,28-Apr-2022,550.0,PE,0.0,0.0,0.0,0.25,0.0,0,0.0,0,0,18-APR-2022,
OPTSTK,LUPIN,28-Apr-2022,560.0,PE,0.0,0.0,0.0,0.3,0.0,0,0.0,0,0,18-APR-2022,
OPTSTK,LUPIN,28-Apr-2022,570.0,PE,0.0,0.0,0.0,0.4,0.0,0,0.0,0,0,18-APR-2022,
OPTSTK,LUPIN,28-Apr-2022,580.0,PE,0.0,0.0,0.0,0.3,0.0,0,0.0,850,0,18-APR-2022,
OPTSTK,LUPIN,28-Apr-2022,590.0,PE,0.0,0.0,0.0,0.7,0.0,0,0.0,0,0,18-APR-2022,
OPTSTK,LUPIN,28-Apr-2022,600.0,PE,0.25,0.35,0.25,0.35,0.35,12,61.22,61200,-9350,18-APR-2022,
OPTSTK,LUPIN,28-Apr-2022,610.0,PE,0.0,0.0,0.0,1.1,0.0,0,0.0,0,0,18-APR-2022,
OPTSTK,LUPIN,28-Apr-2022,620.0,PE,0.0,0.0,0.0,1.35,0.0,0,0.0,1700,0,18-APR-2022,
OPTSTK,LUPIN,28-Apr-2022,630.0,PE,0.0,0.0,0.0,1.75,0.05,0,0.0,0,0,18-APR-2022,
OPTSTK,LUPIN,28-Apr-2022,640.0,PE,0.0,0.0,0.0,1.3,0.05,0,0.0,850,0,18-APR-2022,
OPTSTK,LUPIN,28-Apr-2022,650.0,PE,0.85,1.35,0.85,1.2,1.2,161,890.99,264350,33150,18-APR-2022,
OPTSTK,LUPIN,28-Apr-2022,660.0,PE,1.1,1.2,1.1,1.2,0.15,3,16.85,76500,850,18-APR-2022,
OPTSTK,LUPIN,28-Apr-2022,670.0,PE,1.55,1.8,1.55,1.65,0.25,27,154.14,12750,1700,18-APR-2022,
OPTSTK,LUPIN,28-Apr-2022,680.0,PE,1.8,2.15,1.55,1.65,0.5,47,272.36,125800,-4250,18-APR-2022,
OPTSTK,LUPIN,28-Apr-2022,690.0,PE,0.0,0.0,0.0,2.55,0.85,0,0.0,19550,0,18-APR-2022,
OPTSTK,LUPIN,28-Apr-2022,700.0,PE,2.5,2.9,2.1,2.4,2.4,214,1277.65,294100,-11050,18-APR-2022,
OPTSTK,LUPIN,28-Apr-2022,710.0,PE,2.7,3.05,2.55,2.65,2.65,44,266.55,117300,7650,18-APR-2022,
OPTSTK,LUPIN,28-Apr-2022,720.0,PE,2.8,4.2,2.8,3.25,3.25,204,1254.33,79050,-22950,18-APR-2022,
OPTSTK,LUPIN,28-Apr-2022,730.0,PE,2.7,5.2,2.65,4.1,4.1,255,1591.28,75650,-18700,18-APR-2022,
OPTSTK,LUPIN,28-Apr-2022,740.0,PE,6.0,6.8,4.25,5.35,5.35,243,1539.67,142800,-11900,18-APR-2022,
OPTSTK,LUPIN,28-Apr-2022,750.0,PE,8.1,9.15,5.75,7.15,7.15,514,3308.75,310250,850,18-APR-2022,
OPTSTK,LUPIN,28-Apr-2022,760.0,PE,9.65,13.05,8.35,9.9,9.9,436,2855.56,194650,-11050,18-APR-2022,
OPTSTK,LUPIN,28-Apr-2022,770.0,PE,16.15,18.25,12.0,14.3,14.3,604,4029.6,104550,-5950,18-APR-2022,
OPTSTK,LUPIN,28-Apr-2022,780.0,PE,17.15,24.5,16.2,19.4,19.4,281,1911.47,136000,-47600,18-APR-2022,
OPTSTK,LUPIN,28-Apr-2022,790.0,PE,27.05,29.35,25.0,27.15,27.15,41,284.57,64600,-18700,18-APR-2022,
OPTSTK,LUPIN,28-Apr-2022,800.0,PE,31.55,40.0,29.3,34.9,34.9,29,205.74,197200,-6800,18-APR-2022,
OPTSTK,LUPIN,28-Apr-2022,810.0,PE,38.95,46.8,38.95,41.8,45.5,5,36.25,5950,-1700,18-APR-2022,
OPTSTK,LUPIN,28-Apr-2022,820.0,PE,56.55,56.55,48.65,48.65,53.6,2,14.83,11050,1700,18-APR-2022,
OPTSTK,LUPIN,28-Apr-2022,830.0,PE,0.0,0.0,0.0,36.85,62.2,0,0.0,0,0,18-APR-2022,
OPTSTK,LUPIN,28-Apr-2022,840.0,PE,71.0,71.0,71.0,71.0,71.15,1,7.74,6800,0,18-APR-2022,
OPTSTK,LUPIN,28-Apr-2022,850.0,PE,0.0,0.0,0.0,80.0,80.4,0,0.0,71400,0,18-APR-2022,
OPTSTK,LUPIN,28-Apr-2022,860.0,PE,0.0,0.0,0.0,49.1,89.9,0,0.0,0,0,18-APR-2022,
OPTSTK,LUPIN,28-Apr-2022,870.0,PE,0.0,0.0,0.0,53.65,99.5,0,0.0,0,0,18-APR-2022,
OPTSTK,LUPIN,28-Apr-2022,880.0,PE,0.0,0.0,0.0,58.45,109.3,0,0.0,0,0,18-APR-2022,
OPTSTK,LUPIN,28-Apr-2022,890.0,PE,0.0,0.0,0.0,63.45,119.1,0,0.0,0,0,18-APR-2022,
OPTSTK,LUPIN,28-Apr-2022,900.0,PE,124.75,124.75,124.75,124.75,129.0,1,8.71,199750,-850,18-APR-2022,
OPTSTK,LUPIN,28-Apr-2022,910.0,PE,0.0,0.0,0.0,74.25,138.95,0,0.0,0,0,18-APR-2022,
OPTSTK,LUPIN,28-Apr-2022,920.0,PE,0.0,0.0,0.0,79.95,148.9,0,0.0,0,0,18-APR-2022,
OPTSTK,LUPIN,28-Apr-2022,930.0,PE,0.0,0.0,0.0,85.9,158.85,0,0.0,0,0,18-APR-2022,
OPTSTK,LUPIN,28-Apr-2022,940.0,PE,0.0,0.0,0.0,190.0,168.85,0,0.0,850,0,18-APR-2022,
OPTSTK,LUPIN,28-Apr-2022,950.0,PE,0.0,0.0,0.0,98.4,178.8,0,0.0,0,0,18-APR-2022,
OPTSTK,LUPIN,28-Apr-2022,960.0,PE,0.0,0.0,0.0,104.95,188.8,0,0.0,0,0,18-APR-2022,
OPTSTK,LUPIN,28-Apr-2022,970.0,PE,0.0,0.0,0.0,111.75,198.8,0,0.0,0,0,18-APR-2022,
OPTSTK,LUPIN,28-Apr-2022,980.0,PE,0.0,0.0,0.0,118.7,208.75,0,0.0,0,0,18-APR-2022,
OPTSTK,LUPIN,28-Apr-2022,990.0,PE,0.0,0.0,0.0,125.8,218.75,0,0.0,0,0,18-APR-2022,
OPTSTK,LUPIN,28-Apr-2022,1000.0,PE,0.0,0.0,0.0,240.4,228.75,0,0.0,12750,0,18-APR-2022,
OPTSTK,LUPIN,28-Apr-2022,1010.0,PE,0.0,0.0,0.0,140.65,238.75,0,0.0,0,0,18-APR-2022,
OPTSTK,LUPIN,28-Apr-2022,1020.0,PE,0.0,0.0,0.0,148.25,248.7,0,0.0,0,0,18-APR-2022,
OPTSTK,LUPIN,28-Apr-2022,1030.0,PE,0.0,0.0,0.0,156.05,258.7,0,0.0,0,0,18-APR-2022,
OPTSTK,LUPIN,28-Apr-2022,1040.0,PE,0.0,0.0,0.0,163.95,268.7,0,0.0,0,0,18-APR-2022,
OPTSTK,LUPIN,28-Apr-2022,1050.0,PE,0.0,0.0,0.0,172.0,278.7,0,0.0,0,0,18-APR-2022,
OPTSTK,LUPIN,28-Apr-2022,1060.0,PE,0.0,0.0,0.0,180.2,288.7,0,0.0,0,0,18-APR-2022,
OPTSTK,LUPIN,28-Apr-2022,1070.0,PE,0.0,0.0,0.0,188.5,298.65,0,0.0,0,0,18-APR-2022,
OPTSTK,LUPIN,28-Apr-2022,1080.0,PE,0.0,0.0,0.0,196.95,308.65,0,0.0,0,0,18-APR-2022,
OPTSTK,LUPIN,28-Apr-2022,1090.0,PE,0.0,0.0,0.0,205.5,318.65,0,0.0,0,0,18-APR-2022,
OPTSTK,LUPIN,28-Apr-2022,1100.0,PE,0.0,0.0,0.0,342.0,328.65,0,0.0,2550,0,18-APR-2022,
OPTSTK,LUPIN,28-Apr-2022,1110.0,PE,0.0,0.0,0.0,222.85,338.6,0,0.0,0,0,18-APR-2022,
OPTSTK,LUPIN,28-Apr-2022,1120.0,PE,0.0,0.0,0.0,231.65,348.6,0,0.0,0,0,18-APR-2022,
OPTSTK,LUPIN,28-Apr-2022,1130.0,PE,0.0,0.0,0.0,240.55,358.6,0,0.0,0,0,18-APR-2022,
OPTSTK,LUPIN,28-Apr-2022,1140.0,PE,0.0,0.0,0.0,249.55,368.6,0,0.0,0,0,18-APR-2022,
OPTSTK,LUPIN,28-Apr-2022,1150.0,PE,0.0,0.0,0.0,258.6,378.6,0,0.0,0,0,18-APR-2022,
OPTSTK,LUPIN,28-Apr-2022,1160.0,PE,0.0,0.0,0.0,267.75,388.55,0,0.0,0,0,18-APR-2022,
OPTSTK,LUPIN,28-Apr-2022,1170.0,PE,0.0,0.0,0.0,276.95,398.55,0,0.0,0,0,18-APR-2022,
OPTSTK,LUPIN,28-Apr-2022,1180.0,PE,0.0,0.0,0.0,425.0,408.55,0,0.0,2550,0,18-APR-2022,
OPTSTK,LUPIN,28-Apr-2022,1190.0,PE,0.0,0.0,0.0,295.45,418.55,0,0.0,0,0,18-APR-2022,
OPTSTK,LUPIN,28-Apr-2022,1200.0,PE,0.0,0.0,0.0,448.0,428.5,0,0.0,5100,0,18-APR-2022,
OPTSTK,LUPIN,28-Apr-2022,1210.0,PE,0.0,0.0,0.0,314.2,438.5,0,0.0,0,0,18-APR-2022,
OPTSTK,LUPIN,28-Apr-2022,1220.0,PE,0.0,0.0,0.0,323.65,448.5,0,0.0,0,0,18-APR-2022,
OPTSTK,LUPIN,28-Apr-2022,1230.0,PE,0.0,0.0,0.0,333.15,458.5,0,0.0,0,0,18-APR-2022,
OPTSTK,LUPIN,28-Apr-2022,1240.0,PE,0.0,0.0,0.0,342.65,468.45,0,0.0,0,0,18-APR-2022,
OPTSTK,LUPIN,28-Apr-2022,1250.0,PE,0.0,0.0,0.0,352.2,478.45,0,0.0,0,0,18-APR-2022,
OPTSTK,LUPIN,28-Apr-2022,1260.0,PE,0.0,0.0,0.0,361.8,488.45,0,0.0,0,0,18-APR-2022,
OPTSTK,LUPIN,28-Apr-2022,1270.0,PE,0.0,0.0,0.0,371.4,498.45,0,0.0,0,0,18-APR-2022,
OPTSTK,LUPIN,26-May-2022,510.0,CE,0.0,0.0,0.0,210.35,262.45,0,0.0,0,0,18-APR-2022,
OPTSTK,LUPIN,26-May-2022,520.0,CE,0.0,0.0,0.0,200.95,252.5,0,0.0,0,0,18-APR-2022,
OPTSTK,LUPIN,26-May-2022,530.0,CE,0.0,0.0,0.0,191.7,242.55,0,0.0,0,0,18-APR-2022,
OPTSTK,LUPIN,26-May-2022,540.0,CE,0.0,0.0,0.0,182.55,232.6,0,0.0,0,0,18-APR-2022,
OPTSTK,LUPIN,26-May-2022,550.0,CE,0.0,0.0,0.0,173.6,222.7,0,0.0,0,0,18-APR-2022,
OPTSTK,LUPIN,26-May-2022,560.0,CE,0.0,0.0,0.0,164.75,212.8,0,0.0,0,0,18-APR-2022,
OPTSTK,LUPIN,26-May-2022,570.0,CE,0.0,0.0,0.0,156.1,202.9,0,0.0,0,0,18-APR-2022,
OPTSTK,LUPIN,26-May-2022,580.0,CE,0.0,0.0,0.0,147.65,193.05,0,0.0,0,0,18-APR-2022,
OPTSTK,LUPIN,26-May-2022,590.0,CE,0.0,0.0,0.0,139.35,183.25,0,0.0,0,0,18-APR-2022,
OPTSTK,LUPIN,26-May-2022,600.0,CE,0.0,0.0,0.0,131.35,173.5,0,0.0,0,0,18-APR-2022,
OPTSTK,LUPIN,26-May-2022,610.0,CE,0.0,0.0,0.0,123.55,163.85,0,0.0,0,0,18-APR-2022,
OPTSTK,LUPIN,26-May-2022,620.0,CE,0.0,0.0,0.0,116.0,154.3,0,0.0,0,0,18-APR-2022,
OPTSTK,LUPIN,26-May-2022,630.0,CE,0.0,0.0,0.0,108.7,144.85,0,0.0,0,0,18-APR-2022,
OPTSTK,LUPIN,26-May-2022,640.0,CE,0.0,0.0,0.0,101.7,135.55,0,0.0,0,0,18-APR-2022,
OPTSTK,LUPIN,26-May-2022,650.0,CE,0.0,0.0,0.0,94.9,126.45,0,0.0,0,0,18-APR-2022,
OPTSTK,LUPIN,26-May-2022,660.0,CE,0.0,0.0,0.0,88.45,117.5,0,0.0,0,0,18-APR-2022,
OPTSTK,LUPIN,26-May-2022,670.0,CE,0.0,0.0,0.0,82.3,108.85,0,0.0,0,0,18-APR-2022,
OPTSTK,LUPIN,26-May-2022,680.0,CE,0.0,0.0,0.0,76.4,100.4,0,0.0,0,0,18-APR-2022,
OPTSTK,LUPIN,26-May-2022,690.0,CE,0.0,0.0,0.0,70.8,92.3,0,0.0,0,0,18-APR-2022,
OPTSTK,LUPIN,26-May-2022,700.0,CE,0.0,0.0,0.0,65.5,84.45,0,0.0,0,0,18-APR-2022,
OPTSTK,LUPIN,26-May-2022,710.0,CE,0.0,0.0,0.0,60.5,77.05,0,0.0,0,0,18-APR-2022,
OPTSTK,LUPIN,26-May-2022,720.0,CE,0.0,0.0,0.0,55.8,69.9,0,0.0,0,0,18-APR-2022,
OPTSTK,LUPIN,26-May-2022,730.0,CE,0.0,0.0,0.0,51.35,63.15,0,0.0,0,0,18-APR-2022,
OPTSTK,LUPIN,26-May-2022,740.0,CE,0.0,0.0,0.0,47.15,56.85,0,0.0,0,0,18-APR-2022,
OPTSTK,LUPIN,26-May-2022,750.0,CE,0.0,0.0,0.0,43.25,50.95,0,0.0,0,0,18-APR-2022,
OPTSTK,LUPIN,26-May-2022,760.0,CE,0.0,0.0,0.0,39.6,45.45,0,0.0,0,0,18-APR-2022,
OPTSTK,LUPIN,26-May-2022,770.0,CE,0.0,0.0,0.0,36.2,40.4,0,0.0,0,0,18-APR-2022,
OPTSTK,LUPIN,26-May-2022,780.0,CE,0.0,0.0,0.0,33.05,35.7,0,0.0,0,0,18-APR-2022,
OPTSTK,LUPIN,26-May-2022,790.0,CE,0.0,0.0,0.0,30.1,31.45,0,0.0,0,0,18-APR-2022,
OPTSTK,LUPIN,26-May-2022,800.0,CE,24.55,25.85,20.5,23.5,27.55,17,119.12,28900,5100,18-APR-2022,
OPTSTK,LUPIN,26-May-2022,810.0,CE,0.0,0.0,0.0,24.95,24.05,0,0.0,0,0,18-APR-2022,
OPTSTK,LUPIN,26-May-2022,820.0,CE,21.0,21.0,17.65,17.65,20.9,3,21.38,6800,2550,18-APR-2022,
OPTSTK,LUPIN,26-May-2022,830.0,CE,0.0,0.0,0.0,20.5,18.1,0,0.0,0,0,18-APR-2022,
OPTSTK,LUPIN,26-May-2022,840.0,CE,18.75,18.75,18.75,18.75,15.6,1,7.29,850,850,18-APR-2022,
OPTSTK,LUPIN,26-May-2022,850.0,CE,0.0,0.0,0.0,23.0,13.4,0,0.0,1700,0,18-APR-2022,
OPTSTK,LUPIN,26-May-2022,860.0,CE,0.0,0.0,0.0,15.1,11.45,0,0.0,0,0,18-APR-2022,
OPTSTK,LUPIN,26-May-2022,870.0,CE,0.0,0.0,0.0,13.6,9.75,0,0.0,0,0,18-APR-2022,
OPTSTK,LUPIN,26-May-2022,880.0,CE,0.0,0.0,0.0,12.25,8.25,0,0.0,0,0,18-APR-2022,
OPTSTK,LUPIN,26-May-2022,890.0,CE,0.0,0.0,0.0,11.0,6.95,0,0.0,0,0,18-APR-2022,
OPTSTK,LUPIN,26-May-2022,900.0,CE,0.0,0.0,0.0,9.9,5.85,0,0.0,0,0,18-APR-2022,
OPTSTK,LUPIN,26-May-2022,910.0,CE,0.0,0.0,0.0,8.9,4.9,0,0.0,0,0,18-APR-2022,
OPTSTK,LUPIN,26-May-2022,920.0,CE,0.0,0.0,0.0,7.95,4.1,0,0.0,0,0,18-APR-2022,
OPTSTK,LUPIN,26-May-2022,930.0,CE,0.0,0.0,0.0,7.1,3.4,0,0.0,0,0,18-APR-2022,
OPTSTK,LUPIN,26-May-2022,940.0,CE,0.0,0.0,0.0,6.35,2.85,0,0.0,0,0,18-APR-2022,
OPTSTK,LUPIN,26-May-2022,950.0,CE,0.0,0.0,0.0,5.7,2.35,0,0.0,0,0,18-APR-2022,
OPTSTK,LUPIN,26-May-2022,960.0,CE,0.0,0.0,0.0,5.0,1.95,0,0.0,850,0,18-APR-2022,
OPTSTK,LUPIN,26-May-2022,970.0,CE,0.0,0.0,0.0,4.5,1.6,0,0.0,0,0,18-APR-2022,
OPTSTK,LUPIN,26-May-2022,980.0,CE,0.0,0.0,0.0,4.0,1.3,0,0.0,0,0,18-APR-2022,
OPTSTK,LUPIN,26-May-2022,990.0,CE,0.0,0.0,0.0,3.6,1.05,0,0.0,0,0,18-APR-2022,
OPTSTK,LUPIN,26-May-2022,1000.0,CE,0.0,0.0,0.0,3.2,0.85,0,0.0,0,0,18-APR-2022,
OPTSTK,LUPIN,26-May-2022,1010.0,CE,0.0,0.0,0.0,2.8,0.7,0,0.0,0,0,18-APR-2022,
OPTSTK,LUPIN,26-May-2022,1020.0,CE,0.0,0.0,0.0,2.5,0.55,0,0.0,0,0,18-APR-2022,
OPTSTK,LUPIN,26-May-2022,1030.0,CE,0.0,0.0,0.0,2.2,0.45,0,0.0,0,0,18-APR-2022,
OPTSTK,LUPIN,26-May-2022,1040.0,CE,0.0,0.0,0.0,2.0,0.35,0,0.0,850,0,18-APR-2022,
OPTSTK,LUPIN,26-May-2022,1050.0,CE,0.0,0.0,0.0,1.75,0.3,0,0.0,0,0,18-APR-2022,
OPTSTK,LUPIN,26-May-2022,1060.0,CE,0.0,0.0,0.0,1.55,0.25,0,0.0,0,0,18-APR-2022,
OPTSTK,LUPIN,26-May-2022,1070.0,CE,0.0,0.0,0.0,1.35,0.2,0,0.0,0,0,18-APR-2022,
OPTSTK,LUPIN,26-May-2022,1080.0,CE,0.0,0.0,0.0,1.2,0.15,0,0.0,0,0,18-APR-2022,
OPTSTK,LUPIN,26-May-2022,1090.0,CE,0.0,0.0,0.0,1.05,0.15,0,0.0,0,0,18-APR-2022,
OPTSTK,LUPIN,26-May-2022,510.0,PE,0.0,0.0,0.0,1.8,0.05,0,0.0,0,0,18-APR-2022,
OPTSTK,LUPIN,26-May-2022,520.0,PE,0.0,0.0,0.0,2.35,0.05,0,0.0,0,0,18-APR-2022,
OPTSTK,LUPIN,26-May-2022,530.0,PE,0.0,0.0,0.0,2.95,0.05,0,0.0,0,0,18-APR-2022,
OPTSTK,LUPIN,26-May-2022,540.0,PE,0.0,0.0,0.0,3.7,0.05,0,0.0,0,0,18-APR-2022,
OPTSTK,LUPIN,26-May-2022,550.0,PE,0.0,0.0,0.0,4.6,0.1,0,0.0,0,0,18-APR-2022,
OPTSTK,LUPIN,26-May-2022,560.0,PE,0.0,0.0,0.0,5.7,0.15,0,0.0,0,0,18-APR-2022,
OPTSTK,LUPIN,26-May-2022,570.0,PE,0.0,0.0,0.0,6.9,0.25,0,0.0,0,0,18-APR-2022,
OPTSTK,LUPIN,26-May-2022,580.0,PE,0.0,0.0,0.0,8.35,0.35,0,0.0,0,0,18-APR-2022,
OPTSTK,LUPIN,26-May-2022,590.0,PE,0.0,0.0,0.0,10.0,0.5,0,0.0,0,0,18-APR-2022,
OPTSTK,LUPIN,26-May-2022,600.0,PE,0.0,0.0,0.0,11.85,0.7,0,0.0,0,0,18-APR-2022,
OPTSTK,LUPIN,26-May-2022,610.0,PE,0.0,0.0,0.0,13.95,1.0,0,0.0,0,0,18-APR-2022,
OPTSTK,LUPIN,26-May-2022,620.0,PE,0.0,0.0,0.0,16.3,1.4,0,0.0,0,0,18-APR-2022,
OPTSTK,LUPIN,26-May-2022,630.0,PE,0.0,0.0,0.0,18.9,1.9,0,0.0,0,0,18-APR-2022,
OPTSTK,LUPIN,26-May-2022,640.0,PE,0.0,0.0,0.0,21.8,2.6,0,0.0,0,0,18-APR-2022,
OPTSTK,LUPIN,26-May-2022,650.0,PE,0.0,0.0,0.0,24.9,3.4,0,0.0,0,0,18-APR-2022,
OPTSTK,LUPIN,26-May-2022,660.0,PE,0.0,0.0,0.0,28.35,4.45,0,0.0,0,0,18-APR-2022,
OPTSTK,LUPIN,26-May-2022,670.0,PE,0.0,0.0,0.0,32.05,5.7,0,0.0,0,0,18-APR-2022,
OPTSTK,LUPIN,26-May-2022,680.0,PE,0.0,0.0,0.0,36.1,7.25,0,0.0,0,0,18-APR-2022,
OPTSTK,LUPIN,26-May-2022,690.0,PE,0.0,0.0,0.0,40.4,9.1,0,0.0,0,0,18-APR-2022,
OPTSTK,LUPIN,26-May-2022,700.0,PE,10.0,10.0,8.2,8.2,8.2,5,30.14,12750,850,18-APR-2022,
OPTSTK,LUPIN,26-May-2022,710.0,PE,0.0,0.0,0.0,49.85,13.75,0,0.0,0,0,18-APR-2022,
OPTSTK,LUPIN,26-May-2022,720.0,PE,0.0,0.0,0.0,55.05,16.55,0,0.0,0,0,18-APR-2022,
OPTSTK,LUPIN,26-May-2022,730.0,PE,0.0,0.0,0.0,60.5,19.8,0,0.0,0,0,18-APR-2022,
OPTSTK,LUPIN,26-May-2022,740.0,PE,0.0,0.0,0.0,66.2,23.45,0,0.0,0,0,18-APR-2022,
OPTSTK,LUPIN,26-May-2022,750.0,PE,18.0,23.15,17.5,21.25,27.5,10,65.46,9350,7650,18-APR-2022,
OPTSTK,LUPIN,26-May-2022,760.0,PE,0.0,0.0,0.0,24.25,31.95,0,0.0,850,0,18-APR-2022,
OPTSTK,LUPIN,26-May-2022,770.0,PE,0.0,0.0,0.0,84.95,36.85,0,0.0,0,0,18-APR-2022,
OPTSTK,LUPIN,26-May-2022,780.0,PE,0.0,0.0,0.0,91.7,42.1,0,0.0,0,0,18-APR-2022,
OPTSTK,LUPIN,26-May-2022,790.0,PE,0.0,0.0,0.0,98.65,47.8,0,0.0,0,0,18-APR-2022,
OPTSTK,LUPIN,26-May-2022,800.0,PE,0.0,0.0,0.0,41.9,53.85,0,0.0,850,0,18-APR-2022,
OPTSTK,LUPIN,26-May-2022,810.0,PE,0.0,0.0,0.0,113.25,60.3,0,0.0,0,0,18-APR-2022,
OPTSTK,LUPIN,26-May-2022,820.0,PE,0.0,0.0,0.0,120.85,67.15,0,0.0,0,0,18-APR-2022,
OPTSTK,LUPIN,26-May-2022,830.0,PE,0.0,0.0,0.0,128.65,74.25,0,0.0,0,0,18-APR-2022,
OPTSTK,LUPIN,26-May-2022,840.0,PE,0.0,0.0,0.0,136.55,81.75,0,0.0,0,0,18-APR-2022,
OPTSTK,LUPIN,26-May-2022,850.0,PE,0.0,0.0,0.0,144.65,89.5,0,0.0,0,0,18-APR-2022,
OPTSTK,LUPIN,26-May-2022,860.0,PE,0.0,0.0,0.0,152.9,97.5,0,0.0,0,0,18-APR-2022,
OPTSTK,LUPIN,26-May-2022,870.0,PE,0.0,0.0,0.0,161.3,105.75,0,0.0,0,0,18-APR-2022,
OPTSTK,LUPIN,26-May-2022,880.0,PE,0.0,0.0,0.0,169.85,114.2,0,0.0,0,0,18-APR-2022,
OPTSTK,LUPIN,26-May-2022,890.0,PE,0.0,0.0,0.0,178.5,122.9,0,0.0,0,0,18-APR-2022,
OPTSTK,LUPIN,26-May-2022,900.0,PE,0.0,0.0,0.0,129.0,131.75,0,0.0,1700,0,18-APR-2022,
OPTSTK,LUPIN,26-May-2022,910.0,PE,0.0,0.0,0.0,196.15,140.75,0,0.0,0,0,18-APR-2022,
OPTSTK,LUPIN,26-May-2022,920.0,PE,0.0,0.0,0.0,205.1,149.9,0,0.0,0,0,18-APR-2022,
OPTSTK,LUPIN,26-May-2022,930.0,PE,0.0,0.0,0.0,214.2,159.15,0,0.0,0,0,18-APR-2022,
OPTSTK,LUPIN,26-May-2022,940.0,PE,0.0,0.0,0.0,223.3,168.55,0,0.0,0,0,18-APR-2022,
OPTSTK,LUPIN,26-May-2022,950.0,PE,0.0,0.0,0.0,232.55,178.0,0,0.0,0,0,18-APR-2022,
OPTSTK,LUPIN,26-May-2022,960.0,PE,0.0,0.0,0.0,241.8,187.55,0,0.0,0,0,18-APR-2022,
OPTSTK,LUPIN,26-May-2022,970.0,PE,0.0,0.0,0.0,251.15,197.15,0,0.0,0,0,18-APR-2022,
OPTSTK,LUPIN,26-May-2022,980.0,PE,0.0,0.0,0.0,260.55,206.8,0,0.0,0,0,18-APR-2022,
OPTSTK,LUPIN,26-May-2022,990.0,PE,0.0,0.0,0.0,270.0,216.55,0,0.0,0,0,18-APR-2022,
OPTSTK,LUPIN,26-May-2022,1000.0,PE,0.0,0.0,0.0,279.5,226.3,0,0.0,0,0,18-APR-2022,
OPTSTK,LUPIN,26-May-2022,1010.0,PE,0.0,0.0,0.0,289.05,236.1,0,0.0,0,0,18-APR-2022,
OPTSTK,LUPIN,26-May-2022,1020.0,PE,0.0,0.0,0.0,298.65,245.9,0,0.0,0,0,18-APR-2022,
OPTSTK,LUPIN,26-May-2022,1030.0,PE,0.0,0.0,0.0,308.25,255.75,0,0.0,0,0,18-APR-2022,
OPTSTK,LUPIN,26-May-2022,1040.0,PE,0.0,0.0,0.0,317.9,265.65,0,0.0,0,0,18-APR-2022,
OPTSTK,LUPIN,26-May-2022,1050.0,PE,0.0,0.0,0.0,327.55,275.5,0,0.0,0,0,18-APR-2022,
OPTSTK,LUPIN,26-May-2022,1060.0,PE,0.0,0.0,0.0,337.25,285.4,0,0.0,0,0,18-APR-2022,
OPTSTK,LUPIN,26-May-2022,1070.0,PE,0.0,0.0,0.0,346.95,295.35,0,0.0,0,0,18-APR-2022,
OPTSTK,LUPIN,26-May-2022,1080.0,PE,0.0,0.0,0.0,356.7,305.25,0,0.0,0,0,18-APR-2022,
OPTSTK,LUPIN,26-May-2022,1090.0,PE,0.0,0.0,0.0,366.45,315.15,0,0.0,0,0,18-APR-2022,
OPTSTK,LUPIN,30-Jun-2022,510.0,CE,0.0,0.0,0.0,243.5,264.75,0,0.0,0,0,18-APR-2022,
OPTSTK,LUPIN,30-Jun-2022,520.0,CE,0.0,0.0,0.0,233.95,254.95,0,0.0,0,0,18-APR-2022,
OPTSTK,LUPIN,30-Jun-2022,530.0,CE,0.0,0.0,0.0,224.45,245.2,0,0.0,0,0,18-APR-2022,
OPTSTK,LUPIN,30-Jun-2022,540.0,CE,0.0,0.0,0.0,215.05,235.5,0,0.0,0,0,18-APR-2022,
OPTSTK,LUPIN,30-Jun-2022,550.0,CE,0.0,0.0,0.0,205.75,225.85,0,0.0,0,0,18-APR-2022,
OPTSTK,LUPIN,30-Jun-2022,560.0,CE,0.0,0.0,0.0,196.55,216.25,0,0.0,0,0,18-APR-2022,
OPTSTK,LUPIN,30-Jun-2022,570.0,CE,0.0,0.0,0.0,187.5,206.75,0,0.0,0,0,18-APR-2022,
OPTSTK,LUPIN,30-Jun-2022,580.0,CE,0.0,0.0,0.0,178.6,197.35,0,0.0,0,0,18-APR-2022,
OPTSTK,LUPIN,30-Jun-2022,590.0,CE,0.0,0.0,0.0,169.85,188.05,0,0.0,0,0,18-APR-2022,
OPTSTK,LUPIN,30-Jun-2022,600.0,CE,0.0,0.0,0.0,161.3,178.9,0,0.0,0,0,18-APR-2022,
OPTSTK,LUPIN,30-Jun-2022,610.0,CE,0.0,0.0,0.0,152.9,169.85,0,0.0,0,0,18-APR-2022,
OPTSTK,LUPIN,30-Jun-2022,620.0,CE,0.0,0.0,0.0,144.75,161.0,0,0.0,0,0,18-APR-2022,
OPTSTK,LUPIN,30-Jun-2022,630.0,CE,0.0,0.0,0.0,136.8,152.3,0,0.0,0,0,18-APR-2022,
OPTSTK,LUPIN,30-Jun-2022,640.0,CE,0.0,0.0,0.0,129.05,143.8,0,0.0,0,0,18-APR-2022,
OPTSTK,LUPIN,30-Jun-2022,650.0,CE,0.0,0.0,0.0,121.55,135.5,0,0.0,0,0,18-APR-2022,
OPTSTK,LUPIN,30-Jun-2022,660.0,CE,0.0,0.0,0.0,114.3,127.45,0,0.0,0,0,18-APR-2022,
OPTSTK,LUPIN,30-Jun-2022,670.0,CE,0.0,0.0,0.0,107.3,119.65,0,0.0,0,0,18-APR-2022,
OPTSTK,LUPIN,30-Jun-2022,680.0,CE,0.0,0.0,0.0,100.55,112.05,0,0.0,0,0,18-APR-2022,
OPTSTK,LUPIN,30-Jun-2022,690.0,CE,0.0,0.0,0.0,94.05,104.75,0,0.0,0,0,18-APR-2022,
OPTSTK,LUPIN,30-Jun-2022,700.0,CE,0.0,0.0,0.0,87.9,97.75,0,0.0,0,0,18-APR-2022,
OPTSTK,LUPIN,30-Jun-2022,710.0,CE,0.0,0.0,0.0,81.95,90.95,0,0.0,0,0,18-APR-2022,
OPTSTK,LUPIN,30-Jun-2022,720.0,CE,0.0,0.0,0.0,76.3,84.5,0,0.0,0,0,18-APR-2022,
OPTSTK,LUPIN,30-Jun-2022,730.0,CE,0.0,0.0,0.0,70.95,78.35,0,0.0,0,0,18-APR-2022,
OPTSTK,LUPIN,30-Jun-2022,740.0,CE,0.0,0.0,0.0,65.85,72.5,0,0.0,0,0,18-APR-2022,
OPTSTK,LUPIN,30-Jun-2022,750.0,CE,0.0,0.0,0.0,61.0,66.95,0,0.0,0,0,18-APR-2022,
OPTSTK,LUPIN,30-Jun-2022,760.0,CE,0.0,0.0,0.0,56.45,61.7,0,0.0,0,0,18-APR-2022,
OPTSTK,LUPIN,30-Jun-2022,770.0,CE,0.0,0.0,0.0,52.15,56.7,0,0.0,0,0,18-APR-2022,
OPTSTK,LUPIN,30-Jun-2022,780.0,CE,0.0,0.0,0.0,48.15,52.05,0,0.0,0,0,18-APR-2022,
OPTSTK,LUPIN,30-Jun-2022,790.0,CE,0.0,0.0,0.0,44.35,47.7,0,0.0,0,0,18-APR-2022,
OPTSTK,LUPIN,30-Jun-2022,800.0,CE,0.0,0.0,0.0,40.75,43.6,0,0.0,0,0,18-APR-2022,
OPTSTK,LUPIN,30-Jun-2022,810.0,CE,0.0,0.0,0.0,37.45,39.75,0,0.0,0,0,18-APR-2022,
OPTSTK,LUPIN,30-Jun-2022,820.0,CE,0.0,0.0,0.0,34.35,36.2,0,0.0,0,0,18-APR-2022,
OPTSTK,LUPIN,30-Jun-2022,830.0,CE,0.0,0.0,0.0,31.45,32.9,0,0.0,0,0,18-APR-2022,
OPTSTK,LUPIN,30-Jun-2022,840.0,CE,0.0,0.0,0.0,28.8,29.85,0,0.0,0,0,18-APR-2022,
OPTSTK,LUPIN,30-Jun-2022,850.0,CE,0.0,0.0,0.0,26.35,27.05,0,0.0,0,0,18-APR-2022,
OPTSTK,LUPIN,30-Jun-2022,860.0,CE,0.0,0.0,0.0,24.05,24.5,0,0.0,0,0,18-APR-2022,
OPTSTK,LUPIN,30-Jun-2022,870.0,CE,0.0,0.0,0.0,21.9,22.1,0,0.0,0,0,18-APR-2022,
OPTSTK,LUPIN,30-Jun-2022,880.0,CE,0.0,0.0,0.0,19.9,19.95,0,0.0,0,0,18-APR-2022,
OPTSTK,LUPIN,30-Jun-2022,890.0,CE,0.0,0.0,0.0,18.1,17.9,0,0.0,0,0,18-APR-2022,
OPTSTK,LUPIN,30-Jun-2022,900.0,CE,0.0,0.0,0.0,16.45,16.1,0,0.0,0,0,18-APR-2022,
OPTSTK,LUPIN,30-Jun-2022,910.0,CE,0.0,0.0,0.0,14.9,14.4,0,0.0,0,0,18-APR-2022,
OPTSTK,LUPIN,30-Jun-2022,920.0,CE,0.0,0.0,0.0,13.5,12.9,0,0.0,0,0,18-APR-2022,
OPTSTK,LUPIN,30-Jun-2022,930.0,CE,0.0,0.0,0.0,12.25,11.55,0,0.0,0,0,18-APR-2022,
OPTSTK,LUPIN,30-Jun-2022,940.0,CE,0.0,0.0,0.0,11.05,10.3,0,0.0,0,0,18-APR-2022,
OPTSTK,LUPIN,30-Jun-2022,950.0,CE,0.0,0.0,0.0,10.0,9.15,0,0.0,0,0,18-APR-2022,
OPTSTK,LUPIN,30-Jun-2022,960.0,CE,0.0,0.0,0.0,9.0,8.15,0,0.0,0,0,18-APR-2022,
OPTSTK,LUPIN,30-Jun-2022,970.0,CE,0.0,0.0,0.0,8.1,7.25,0,0.0,0,0,18-APR-2022,
OPTSTK,LUPIN,30-Jun-2022,980.0,CE,0.0,0.0,0.0,7.3,6.45,0,0.0,0,0,18-APR-2022,
OPTSTK,LUPIN,30-Jun-2022,990.0,CE,0.0,0.0,0.0,6.6,5.7,0,0.0,0,0,18-APR-2022,
OPTSTK,LUPIN,30-Jun-2022,1000.0,CE,0.0,0.0,0.0,5.9,5.05,0,0.0,0,0,18-APR-2022,
OPTSTK,LUPIN,30-Jun-2022,1010.0,CE,0.0,0.0,0.0,5.3,4.45,0,0.0,0,0,18-APR-2022,
OPTSTK,LUPIN,30-Jun-2022,1020.0,CE,0.0,0.0,0.0,4.75,3.95,0,0.0,0,0,18-APR-2022,
OPTSTK,LUPIN,30-Jun-2022,1030.0,CE,0.0,0.0,0.0,4.25,3.45,0,0.0,0,0,18-APR-2022,
OPTSTK,LUPIN,30-Jun-2022,1040.0,CE,0.0,0.0,0.0,3.85,3.05,0,0.0,0,0,18-APR-2022,
OPTSTK,LUPIN,30-Jun-2022,1050.0,CE,0.0,0.0,0.0,3.4,2.7,0,0.0,0,0,18-APR-2022,
OPTSTK,LUPIN,30-Jun-2022,510.0,PE,0.0,0.0,0.0,1.1,0.3,0,0.0,0,0,18-APR-2022,
OPTSTK,LUPIN,30-Jun-2022,520.0,PE,0.0,0.0,0.0,1.4,0.4,0,0.0,0,0,18-APR-2022,
OPTSTK,LUPIN,30-Jun-2022,530.0,PE,0.0,0.0,0.0,1.8,0.6,0,0.0,0,0,18-APR-2022,
OPTSTK,LUPIN,30-Jun-2022,540.0,PE,0.0,0.0,0.0,2.3,0.8,0,0.0,0,0,18-APR-2022,
OPTSTK,LUPIN,30-Jun-2022,550.0,PE,0.0,0.0,0.0,2.9,1.05,0,0.0,0,0,18-APR-2022,
OPTSTK,LUPIN,30-Jun-2022,560.0,PE,0.0,0.0,0.0,3.6,1.35,0,0.0,0,0,18-APR-2022,
OPTSTK,LUPIN,30-Jun-2022,570.0,PE,0.0,0.0,0.0,4.45,1.8,0,0.0,0,0,18-APR-2022,
OPTSTK,LUPIN,30-Jun-2022,580.0,PE,0.0,0.0,0.0,5.45,2.3,0,0.0,0,0,18-APR-2022,
OPTSTK,LUPIN,30-Jun-2022,590.0,PE,0.0,0.0,0.0,6.6,2.9,0,0.0,0,0,18-APR-2022,
OPTSTK,LUPIN,30-Jun-2022,600.0,PE,0.0,0.0,0.0,7.95,3.65,0,0.0,0,0,18-APR-2022,
OPTSTK,LUPIN,30-Jun-2022,610.0,PE,0.0,0.0,0.0,9.45,4.55,0,0.0,0,0,18-APR-2022,
OPTSTK,LUPIN,30-Jun-2022,620.0,PE,0.0,0.0,0.0,11.15,5.6,0,0.0,0,0,18-APR-2022,
OPTSTK,LUPIN,30-Jun-2022,630.0,PE,0.0,0.0,0.0,13.1,6.8,0,0.0,0,0,18-APR-2022,
OPTSTK,LUPIN,30-Jun-2022,640.0,PE,0.0,0.0,0.0,15.25,8.25,0,0.0,0,0,18-APR-2022,
OPTSTK,LUPIN,30-Jun-2022,650.0,PE,0.0,0.0,0.0,17.7,9.85,0,0.0,0,0,18-APR-2022,
OPTSTK,LUPIN,30-Jun-2022,660.0,PE,0.0,0.0,0.0,20.3,11.7,0,0.0,0,0,18-APR-2022,
OPTSTK,LUPIN,30-Jun-2022,670.0,PE,0.0,0.0,0.0,23.2,13.8,0,0.0,0,0,18-APR-2022,
OPTSTK,LUPIN,30-Jun-2022,680.0,PE,0.0,0.0,0.0,26.35,16.15,0,0.0,0,0,18-APR-2022,
OPTSTK,LUPIN,30-Jun-2022,690.0,PE,0.0,0.0,0.0,29.75,18.8,0,0.0,0,0,18-APR-2022,
OPTSTK,LUPIN,30-Jun-2022,700.0,PE,0.0,0.0,0.0,33.45,21.65,0,0.0,0,0,18-APR-2022,
OPTSTK,LUPIN,30-Jun-2022,710.0,PE,0.0,0.0,0.0,37.45,24.8,0,0.0,0,0,18-APR-2022,
OPTSTK,LUPIN,30-Jun-2022,720.0,PE,0.0,0.0,0.0,41.7,28.25,0,0.0,0,0,18-APR-2022,
OPTSTK,LUPIN,30-Jun-2022,730.0,PE,0.0,0.0,0.0,46.2,32.0,0,0.0,0,0,18-APR-2022,
OPTSTK,LUPIN,30-Jun-2022,740.0,PE,0.0,0.0,0.0,51.0,36.1,0,0.0,0,0,18-APR-2022,
OPTSTK,LUPIN,30-Jun-2022,750.0,PE,0.0,0.0,0.0,30.0,40.45,0,0.0,2550,0,18-APR-2022,
OPTSTK,LUPIN,30-Jun-2022,760.0,PE,0.0,0.0,0.0,61.4,45.1,0,0.0,0,0,18-APR-2022,
OPTSTK,LUPIN,30-Jun-2022,770.0,PE,0.0,0.0,0.0,67.0,50.05,0,0.0,0,0,18-APR-2022,
OPTSTK,LUPIN,30-Jun-2022,780.0,PE,0.0,0.0,0.0,72.85,55.3,0,0.0,0,0,18-APR-2022,
OPTSTK,LUPIN,30-Jun-2022,790.0,PE,0.0,0.0,0.0,78.95,60.85,0,0.0,0,0,18-APR-2022,
OPTSTK,LUPIN,30-Jun-2022,800.0,PE,0.0,0.0,0.0,85.3,66.65,0,0.0,0,0,18-APR-2022,
OPTSTK,LUPIN,30-Jun-2022,810.0,PE,0.0,0.0,0.0,91.9,72.75,0,0.0,0,0,18-APR-2022,
OPTSTK,LUPIN,30-Jun-2022,820.0,PE,0.0,0.0,0.0,98.7,79.15,0,0.0,0,0,18-APR-2022,
OPTSTK,LUPIN,30-Jun-2022,830.0,PE,0.0,0.0,0.0,105.7,85.75,0,0.0,0,0,18-APR-2022,
OPTSTK,LUPIN,30-Jun-2022,840.0,PE,0.0,0.0,0.0,112.9,92.6,0,0.0,0,0,18-APR-2022,
OPTSTK,LUPIN,30-Jun-2022,850.0,PE,0.0,0.0,0.0,120.35,99.7,0,0.0,0,0,18-APR-2022,
OPTSTK,LUPIN,30-Jun-2022,860.0,PE,0.0,0.0,0.0,127.95,107.05,0,0.0,0,0,18-APR-2022,
OPTSTK,LUPIN,30-Jun-2022,870.0,PE,0.0,0.0,0.0,135.7,114.6,0,0.0,0,0,18-APR-2022,
OPTSTK,LUPIN,30-Jun-2022,880.0,PE,0.0,0.0,0.0,143.6,122.35,0,0.0,0,0,18-APR-2022,
OPTSTK,LUPIN,30-Jun-2022,890.0,PE,0.0,0.0,0.0,151.7,130.2,0,0.0,0,0,18-APR-2022,
OPTSTK,LUPIN,30-Jun-2022,900.0,PE,0.0,0.0,0.0,159.95,138.3,0,0.0,0,0,18-APR-2022,
OPTSTK,LUPIN,30-Jun-2022,910.0,PE,0.0,0.0,0.0,168.3,146.55,0,0.0,0,0,18-APR-2022,
OPTSTK,LUPIN,30-Jun-2022,920.0,PE,0.0,0.0,0.0,176.8,154.95,0,0.0,0,0,18-APR-2022,
OPTSTK,LUPIN,30-Jun-2022,930.0,PE,0.0,0.0,0.0,185.4,163.5,0,0.0,0,0,18-APR-2022,
OPTSTK,LUPIN,30-Jun-2022,940.0,PE,0.0,0.0,0.0,194.1,172.2,0,0.0,0,0,18-APR-2022,
OPTSTK,LUPIN,30-Jun-2022,950.0,PE,0.0,0.0,0.0,202.95,181.0,0,0.0,0,0,18-APR-2022,
OPTSTK,LUPIN,30-Jun-2022,960.0,PE,0.0,0.0,0.0,211.85,189.9,0,0.0,0,0,18-APR-2022,
OPTSTK,LUPIN,30-Jun-2022,970.0,PE,0.0,0.0,0.0,220.85,198.9,0,0.0,0,0,18-APR-2022,
OPTSTK,LUPIN,30-Jun-2022,980.0,PE,0.0,0.0,0.0,229.95,208.0,0,0.0,0,0,18-APR-2022,
OPTSTK,LUPIN,30-Jun-2022,990.0,PE,0.0,0.0,0.0,239.1,217.15,0,0.0,0,0,18-APR-2022,
OPTSTK,LUPIN,30-Jun-2022,1000.0,PE,0.0,0.0,0.0,248.35,226.45,0,0.0,0,0,18-APR-2022,
OPTSTK,LUPIN,30-Jun-2022,1010.0,PE,0.0,0.0,0.0,257.65,235.75,0,0.0,0,0,18-APR-2022,
OPTSTK,LUPIN,30-Jun-2022,1020.0,PE,0.0,0.0,0.0,267.0,245.15,0,0.0,0,0,18-APR-2022,
OPTSTK,LUPIN,30-Jun-2022,1030.0,PE,0.0,0.0,0.0,276.4,254.6,0,0.0,0,0,18-APR-2022,
OPTSTK,LUPIN,30-Jun-2022,1040.0,PE,0.0,0.0,0.0,285.85,264.1,0,0.0,0,0,18-APR-2022,
OPTSTK,LUPIN,30-Jun-2022,1050.0,PE,0.0,0.0,0.0,295.35,273.65,0,0.0,0,0,18-APR-2022,
OPTSTK,M&M,28-Apr-2022,520.0,CE,0.0,0.0,0.0,343.65,354.7,0,0.0,0,0,18-APR-2022,
OPTSTK,M&M,28-Apr-2022,530.0,CE,0.0,0.0,0.0,333.85,344.7,0,0.0,0,0,18-APR-2022,
OPTSTK,M&M,28-Apr-2022,540.0,CE,0.0,0.0,0.0,324.05,334.75,0,0.0,0,0,18-APR-2022,
OPTSTK,M&M,28-Apr-2022,550.0,CE,0.0,0.0,0.0,314.25,324.75,0,0.0,0,0,18-APR-2022,
OPTSTK,M&M,28-Apr-2022,560.0,CE,0.0,0.0,0.0,304.5,314.75,0,0.0,0,0,18-APR-2022,
OPTSTK,M&M,28-Apr-2022,570.0,CE,0.0,0.0,0.0,294.75,304.75,0,0.0,0,0,18-APR-2022,
OPTSTK,M&M,28-Apr-2022,580.0,CE,0.0,0.0,0.0,285.1,294.75,0,0.0,0,0,18-APR-2022,
OPTSTK,M&M,28-Apr-2022,590.0,CE,0.0,0.0,0.0,275.5,284.8,0,0.0,0,0,18-APR-2022,
OPTSTK,M&M,28-Apr-2022,600.0,CE,0.0,0.0,0.0,190.0,274.8,0,0.0,1400,0,18-APR-2022,
OPTSTK,M&M,28-Apr-2022,610.0,CE,0.0,0.0,0.0,256.4,264.8,0,0.0,0,0,18-APR-2022,
OPTSTK,M&M,28-Apr-2022,620.0,CE,0.0,0.0,0.0,247.0,254.8,0,0.0,0,0,18-APR-2022,
OPTSTK,M&M,28-Apr-2022,630.0,CE,0.0,0.0,0.0,237.7,244.85,0,0.0,0,0,18-APR-2022,
OPTSTK,M&M,28-Apr-2022,640.0,CE,0.0,0.0,0.0,228.45,234.85,0,0.0,0,0,18-APR-2022,
OPTSTK,M&M,28-Apr-2022,650.0,CE,0.0,0.0,0.0,172.0,224.85,0,0.0,700,0,18-APR-2022,
OPTSTK,M&M,28-Apr-2022,660.0,CE,0.0,0.0,0.0,210.3,214.85,0,0.0,0,0,18-APR-2022,
OPTSTK,M&M,28-Apr-2022,670.0,CE,0.0,0.0,0.0,201.45,204.85,0,0.0,0,0,18-APR-2022,
OPTSTK,M&M,28-Apr-2022,680.0,CE,0.0,0.0,0.0,192.75,194.9,0,0.0,0,0,18-APR-2022,
OPTSTK,M&M,28-Apr-2022,690.0,CE,0.0,0.0,0.0,184.15,184.9,0,0.0,0,0,18-APR-2022,
OPTSTK,M&M,28-Apr-2022,700.0,CE,0.0,0.0,0.0,150.0,174.9,0,0.0,5600,0,18-APR-2022,
OPTSTK,M&M,28-Apr-2022,710.0,CE,0.0,0.0,0.0,167.5,164.95,0,0.0,0,0,18-APR-2022,
OPTSTK,M&M,28-Apr-2022,720.0,CE,0.0,0.0,0.0,159.45,154.95,0,0.0,0,0,18-APR-2022,
OPTSTK,M&M,28-Apr-2022,730.0,CE,0.0,0.0,0.0,151.6,145.0,0,0.0,0,0,18-APR-2022,
OPTSTK,M&M,28-Apr-2022,740.0,CE,0.0,0.0,0.0,143.95,135.05,0,0.0,0,0,18-APR-2022,
OPTSTK,M&M,28-Apr-2022,750.0,CE,120.5,124.0,120.5,124.0,125.1,2,12.21,34300,-700,18-APR-2022,
OPTSTK,M&M,28-Apr-2022,760.0,CE,0.0,0.0,0.0,105.8,115.25,0,0.0,22400,0,18-APR-2022,
OPTSTK,M&M,28-Apr-2022,770.0,CE,0.0,0.0,0.0,96.1,105.5,0,0.0,51100,0,18-APR-2022,
OPTSTK,M&M,28-Apr-2022,780.0,CE,92.3,92.3,85.6,85.6,95.8,2,12.16,56700,700,18-APR-2022,
OPTSTK,M&M,28-Apr-2022,790.0,CE,82.05,85.1,77.05,85.1,86.35,10,60.94,91000,-2100,18-APR-2022,
OPTSTK,M&M,28-Apr-2022,800.0,CE,63.5,74.75,63.5,74.0,74.0,56,341.81,569800,-5600,18-APR-2022,
OPTSTK,M&M,28-Apr-2022,810.0,CE,65.4,66.05,57.4,66.05,66.05,29,177.34,111300,-5600,18-APR-2022,
OPTSTK,M&M,28-Apr-2022,820.0,CE,43.5,57.0,43.45,56.25,56.25,74,452.99,423500,-26600,18-APR-2022,
OPTSTK,M&M,28-Apr-2022,830.0,CE,38.25,47.9,38.0,46.9,46.9,14,85.64,114100,-4200,18-APR-2022,
OPTSTK,M&M,28-Apr-2022,840.0,CE,27.8,39.2,27.75,37.7,37.7,153,937.5,196000,-30100,18-APR-2022,
OPTSTK,M&M,28-Apr-2022,850.0,CE,21.95,30.95,18.35,29.25,29.25,555,3406.64,812000,-18200,18-APR-2022,
OPTSTK,M&M,28-Apr-2022,860.0,CE,15.5,23.5,14.0,22.05,22.05,899,5539.15,1263500,-15400,18-APR-2022,
OPTSTK,M&M,28-Apr-2022,870.0,CE,12.0,17.9,9.55,16.3,16.3,3811,23621.99,854700,24500,18-APR-2022,
OPTSTK,M&M,28-Apr-2022,880.0,CE,8.55,13.65,7.15,12.05,12.05,3211,20036.63,824600,202300,18-APR-2022,
OPTSTK,M&M,28-Apr-2022,890.0,CE,4.7,9.9,3.95,8.6,8.6,1101,6920.58,164500,9800,18-APR-2022,
OPTSTK,M&M,28-Apr-2022,900.0,CE,4.8,7.1,3.5,6.15,6.15,2070,13125.31,679000,-22400,18-APR-2022,
OPTSTK,M&M,28-Apr-2022,910.0,CE,3.65,5.05,2.75,4.45,4.45,402,2572.27,113400,-9800,18-APR-2022,
OPTSTK,M&M,28-Apr-2022,920.0,CE,2.5,3.7,2.05,3.35,3.35,417,2694.26,92400,-4900,18-APR-2022,
OPTSTK,M&M,28-Apr-2022,930.0,CE,1.5,3.45,1.5,2.55,2.55,231,1507.57,93100,9100,18-APR-2022,
OPTSTK,M&M,28-Apr-2022,940.0,CE,1.15,2.1,1.15,2.0,2.0,190,1252.52,78400,6300,18-APR-2022,
OPTSTK,M&M,28-Apr-2022,950.0,CE,1.35,1.75,0.85,1.65,1.65,402,2677.13,168000,12600,18-APR-2022,
OPTSTK,M&M,28-Apr-2022,960.0,CE,1.4,1.4,1.35,1.35,1.35,7,47.1,4200,4200,18-APR-2022,
OPTSTK,M&M,28-Apr-2022,970.0,CE,0.75,1.15,0.65,1.15,1.15,58,394.18,19600,2100,18-APR-2022,
OPTSTK,M&M,28-Apr-2022,980.0,CE,0.9,1.0,0.5,1.0,1.0,28,192.26,25200,8400,18-APR-2022,
OPTSTK,M&M,28-Apr-2022,990.0,CE,0.5,0.8,0.1,0.8,0.8,33,228.82,32900,14700,18-APR-2022,
OPTSTK,M&M,28-Apr-2022,1000.0,CE,0.55,0.8,0.55,0.8,0.8,81,567.37,154000,-1400,18-APR-2022,
OPTSTK,M&M,28-Apr-2022,1010.0,CE,0.0,0.0,0.0,22.4,0.3,0,0.0,0,0,18-APR-2022,
OPTSTK,M&M,28-Apr-2022,1020.0,CE,0.0,0.0,0.0,20.6,0.2,0,0.0,0,0,18-APR-2022,
OPTSTK,M&M,28-Apr-2022,1030.0,CE,0.0,0.0,0.0,18.95,0.15,0,0.0,0,0,18-APR-2022,
OPTSTK,M&M,28-Apr-2022,1040.0,CE,0.0,0.0,0.0,17.35,0.1,0,0.0,0,0,18-APR-2022,
OPTSTK,M&M,28-Apr-2022,1050.0,CE,0.0,0.0,0.0,15.95,0.05,0,0.0,0,0,18-APR-2022,
OPTSTK,M&M,28-Apr-2022,1060.0,CE,0.0,0.0,0.0,14.6,0.05,0,0.0,0,0,18-APR-2022,
OPTSTK,M&M,28-Apr-2022,1070.0,CE,0.0,0.0,0.0,13.35,0.05,0,0.0,0,0,18-APR-2022,
OPTSTK,M&M,28-Apr-2022,1080.0,CE,0.0,0.0,0.0,12.2,0.05,0,0.0,0,0,18-APR-2022,
OPTSTK,M&M,28-Apr-2022,1090.0,CE,0.0,0.0,0.0,11.15,0.05,0,0.0,0,0,18-APR-2022,
OPTSTK,M&M,28-Apr-2022,1100.0,CE,0.0,0.0,0.0,10.2,0.0,0,0.0,0,0,18-APR-2022,
OPTSTK,M&M,28-Apr-2022,1110.0,CE,0.0,0.0,0.0,9.3,0.0,0,0.0,0,0,18-APR-2022,
OPTSTK,M&M,28-Apr-2022,1120.0,CE,0.0,0.0,0.0,8.45,0.0,0,0.0,0,0,18-APR-2022,
OPTSTK,M&M,28-Apr-2022,520.0,PE,0.0,0.0,0.0,0.2,0.0,0,0.0,0,0,18-APR-2022,
OPTSTK,M&M,28-Apr-2022,530.0,PE,0.0,0.0,0.0,0.25,0.0,0,0.0,0,0,18-APR-2022,
OPTSTK,M&M,28-Apr-2022,540.0,PE,0.0,0.0,0.0,0.35,0.0,0,0.0,0,0,18-APR-2022,
OPTSTK,M&M,28-Apr-2022,550.0,PE,0.0,0.0,0.0,0.45,0.0,0,0.0,0,0,18-APR-2022,
OPTSTK,M&M,28-Apr-2022,560.0,PE,0.0,0.0,0.0,0.6,0.0,0,0.0,0,0,18-APR-2022,
OPTSTK,M&M,28-Apr-2022,570.0,PE,0.0,0.0,0.0,0.8,0.0,0,0.0,0,0,18-APR-2022,
OPTSTK,M&M,28-Apr-2022,580.0,PE,0.0,0.0,0.0,1.0,0.0,0,0.0,0,0,18-APR-2022,
OPTSTK,M&M,28-Apr-2022,590.0,PE,0.0,0.0,0.0,1.3,0.0,0,0.0,0,0,18-APR-2022,
OPTSTK,M&M,28-Apr-2022,600.0,PE,0.0,0.0,0.0,0.4,0.0,0,0.0,2800,0,18-APR-2022,
OPTSTK,M&M,28-Apr-2022,610.0,PE,0.0,0.0,0.0,2.0,0.0,0,0.0,0,0,18-APR-2022,
OPTSTK,M&M,28-Apr-2022,620.0,PE,0.0,0.0,0.0,0.25,0.0,0,0.0,0,0,18-APR-2022,
OPTSTK,M&M,28-Apr-2022,630.0,PE,0.0,0.0,0.0,3.05,0.0,0,0.0,0,0,18-APR-2022,
OPTSTK,M&M,28-Apr-2022,640.0,PE,0.0,0.0,0.0,0.2,0.0,0,0.0,1400,0,18-APR-2022,
OPTSTK,M&M,28-Apr-2022,650.0,PE,0.0,0.0,0.0,0.4,0.0,0,0.0,12600,0,18-APR-2022,
OPTSTK,M&M,28-Apr-2022,660.0,PE,0.0,0.0,0.0,5.4,0.0,0,0.0,0,0,18-APR-2022,
OPTSTK,M&M,28-Apr-2022,670.0,PE,0.0,0.0,0.0,0.3,0.0,0,0.0,5600,0,18-APR-2022,
OPTSTK,M&M,28-Apr-2022,680.0,PE,0.0,0.0,0.0,0.15,0.0,0,0.0,17500,0,18-APR-2022,
OPTSTK,M&M,28-Apr-2022,690.0,PE,0.0,0.0,0.0,1.15,0.0,0,0.0,1400,0,18-APR-2022,
OPTSTK,M&M,28-Apr-2022,700.0,PE,0.75,1.7,0.35,0.6,0.6,8,39.23,152600,-2100,18-APR-2022,
OPTSTK,M&M,28-Apr-2022,710.0,PE,0.0,0.0,0.0,0.5,0.05,0,0.0,4200,0,18-APR-2022,
OPTSTK,M&M,28-Apr-2022,720.0,PE,0.4,0.4,0.4,0.4,0.4,1,5.04,25200,0,18-APR-2022,
OPTSTK,M&M,28-Apr-2022,730.0,PE,0.5,0.5,0.5,0.5,0.05,2,10.22,83300,-1400,18-APR-2022,
OPTSTK,M&M,28-Apr-2022,740.0,PE,0.0,0.0,0.0,0.5,0.1,0,0.0,34300,0,18-APR-2022,
OPTSTK,M&M,28-Apr-2022,750.0,PE,0.5,0.9,0.45,0.75,0.75,138,725.15,114800,-41300,18-APR-2022,
OPTSTK,M&M,28-Apr-2022,760.0,PE,0.7,1.0,0.65,0.8,0.8,49,260.96,132300,2100,18-APR-2022,
OPTSTK,M&M,28-Apr-2022,770.0,PE,0.9,1.15,0.75,0.85,0.85,117,631.41,109900,13300,18-APR-2022,
OPTSTK,M&M,28-Apr-2022,780.0,PE,1.0,1.35,0.65,0.9,0.9,194,1060.7,182700,-15400,18-APR-2022,
OPTSTK,M&M,28-Apr-2022,790.0,PE,1.25,1.55,0.9,1.1,1.1,81,448.63,52500,-11900,18-APR-2022,
OPTSTK,M&M,28-Apr-2022,800.0,PE,2.1,2.1,0.95,1.15,1.15,840,4713.1,379400,7000,18-APR-2022,
OPTSTK,M&M,28-Apr-2022,810.0,PE,2.1,2.3,1.25,1.4,1.4,426,2421.14,205100,35700,18-APR-2022,
OPTSTK,M&M,28-Apr-2022,820.0,PE,3.8,3.8,1.45,1.8,1.8,519,2987.35,306600,40600,18-APR-2022,
OPTSTK,M&M,28-Apr-2022,830.0,PE,4.7,4.7,2.05,2.4,2.4,423,2466.51,216300,39200,18-APR-2022,
OPTSTK,M&M,28-Apr-2022,840.0,PE,6.0,7.0,2.85,3.15,3.15,735,4343.76,224000,14700,18-APR-2022,
OPTSTK,M&M,28-Apr-2022,850.0,PE,8.35,10.1,4.05,4.7,4.7,986,5910.6,556500,105000,18-APR-2022,
OPTSTK,M&M,28-Apr-2022,860.0,PE,12.5,14.45,6.8,7.5,7.5,987,6007.9,385700,73500,18-APR-2022,
OPTSTK,M&M,28-Apr-2022,870.0,PE,20.0,20.0,10.9,11.95,11.95,1066,6598.61,172900,55300,18-APR-2022,
OPTSTK,M&M,28-Apr-2022,880.0,PE,25.8,25.8,16.4,17.7,17.7,286,1801.41,72100,37800,18-APR-2022,
OPTSTK,M&M,28-Apr-2022,890.0,PE,30.65,30.65,25.0,25.0,31.05,2,12.84,1400,700,18-APR-2022,
OPTSTK,M&M,28-Apr-2022,900.0,PE,33.05,38.1,30.45,31.35,31.35,38,248.23,51800,8400,18-APR-2022,
OPTSTK,M&M,28-Apr-2022,910.0,PE,0.0,0.0,0.0,91.65,44.6,0,0.0,0,0,18-APR-2022,
OPTSTK,M&M,28-Apr-2022,920.0,PE,0.0,0.0,0.0,98.05,52.25,0,0.0,0,0,18-APR-2022,
OPTSTK,M&M,28-Apr-2022,930.0,PE,0.0,0.0,0.0,104.65,60.35,0,0.0,0,0,18-APR-2022,
OPTSTK,M&M,28-Apr-2022,940.0,PE,0.0,0.0,0.0,136.0,68.9,0,0.0,1400,0,18-APR-2022,
OPTSTK,M&M,28-Apr-2022,950.0,PE,0.0,0.0,0.0,118.4,77.75,0,0.0,0,0,18-APR-2022,
OPTSTK,M&M,28-Apr-2022,960.0,PE,0.0,0.0,0.0,125.55,86.9,0,0.0,0,0,18-APR-2022,
OPTSTK,M&M,28-Apr-2022,970.0,PE,0.0,0.0,0.0,132.95,96.25,0,0.0,0,0,18-APR-2022,
OPTSTK,M&M,28-Apr-2022,980.0,PE,0.0,0.0,0.0,140.45,105.8,0,0.0,0,0,18-APR-2022,
OPTSTK,M&M,28-Apr-2022,990.0,PE,0.0,0.0,0.0,148.1,115.5,0,0.0,0,0,18-APR-2022,
OPTSTK,M&M,28-Apr-2022,1000.0,PE,0.0,0.0,0.0,155.95,125.25,0,0.0,0,0,18-APR-2022,
OPTSTK,M&M,28-Apr-2022,1010.0,PE,0.0,0.0,0.0,163.85,135.1,0,0.0,0,0,18-APR-2022,
OPTSTK,M&M,28-Apr-2022,1020.0,PE,0.0,0.0,0.0,171.95,144.95,0,0.0,0,0,18-APR-2022,
OPTSTK,M&M,28-Apr-2022,1030.0,PE,0.0,0.0,0.0,180.15,154.9,0,0.0,0,0,18-APR-2022,
OPTSTK,M&M,28-Apr-2022,1040.0,PE,0.0,0.0,0.0,188.5,164.8,0,0.0,0,0,18-APR-2022,
OPTSTK,M&M,28-Apr-2022,1050.0,PE,0.0,0.0,0.0,196.95,174.8,0,0.0,0,0,18-APR-2022,
OPTSTK,M&M,28-Apr-2022,1060.0,PE,0.0,0.0,0.0,205.5,184.75,0,0.0,0,0,18-APR-2022,
OPTSTK,M&M,28-Apr-2022,1070.0,PE,0.0,0.0,0.0,214.15,194.75,0,0.0,0,0,18-APR-2022,
OPTSTK,M&M,28-Apr-2022,1080.0,PE,0.0,0.0,0.0,222.9,204.7,0,0.0,0,0,18-APR-2022,
OPTSTK,M&M,28-Apr-2022,1090.0,PE,0.0,0.0,0.0,231.75,214.7,0,0.0,0,0,18-APR-2022,
OPTSTK,M&M,28-Apr-2022,1100.0,PE,0.0,0.0,0.0,240.7,224.7,0,0.0,0,0,18-APR-2022,
OPTSTK,M&M,28-Apr-2022,1110.0,PE,0.0,0.0,0.0,249.7,234.65,0,0.0,0,0,18-APR-2022,
OPTSTK,M&M,28-Apr-2022,1120.0,PE,0.0,0.0,0.0,258.75,244.65,0,0.0,0,0,18-APR-2022,
OPTSTK,M&M,26-May-2022,520.0,CE,0.0,0.0,0.0,281.75,356.4,0,0.0,0,0,18-APR-2022,
OPTSTK,M&M,26-May-2022,530.0,CE,0.0,0.0,0.0,272.0,346.45,0,0.0,0,0,18-APR-2022,
OPTSTK,M&M,26-May-2022,540.0,CE,0.0,0.0,0.0,262.35,336.5,0,0.0,0,0,18-APR-2022,
OPTSTK,M&M,26-May-2022,550.0,CE,0.0,0.0,0.0,252.7,326.55,0,0.0,0,0,18-APR-2022,
OPTSTK,M&M,26-May-2022,560.0,CE,0.0,0.0,0.0,243.15,316.6,0,0.0,0,0,18-APR-2022,
OPTSTK,M&M,26-May-2022,570.0,CE,0.0,0.0,0.0,233.65,306.65,0,0.0,0,0,18-APR-2022,
OPTSTK,M&M,26-May-2022,580.0,CE,0.0,0.0,0.0,224.25,296.7,0,0.0,0,0,18-APR-2022,
OPTSTK,M&M,26-May-2022,590.0,CE,0.0,0.0,0.0,214.95,286.75,0,0.0,0,0,18-APR-2022,
OPTSTK,M&M,26-May-2022,600.0,CE,0.0,0.0,0.0,205.75,276.8,0,0.0,0,0,18-APR-2022,
OPTSTK,M&M,26-May-2022,610.0,CE,0.0,0.0,0.0,196.65,266.85,0,0.0,0,0,18-APR-2022,
OPTSTK,M&M,26-May-2022,620.0,CE,0.0,0.0,0.0,187.7,256.95,0,0.0,0,0,18-APR-2022,
OPTSTK,M&M,26-May-2022,630.0,CE,0.0,0.0,0.0,178.95,247.05,0,0.0,0,0,18-APR-2022,
OPTSTK,M&M,26-May-2022,640.0,CE,0.0,0.0,0.0,170.3,237.15,0,0.0,0,0,18-APR-2022,
OPTSTK,M&M,26-May-2022,650.0,CE,0.0,0.0,0.0,161.85,227.25,0,0.0,0,0,18-APR-2022,
OPTSTK,M&M,26-May-2022,660.0,CE,0.0,0.0,0.0,153.6,217.45,0,0.0,0,0,18-APR-2022,
OPTSTK,M&M,26-May-2022,670.0,CE,0.0,0.0,0.0,145.55,207.65,0,0.0,0,0,18-APR-2022,
OPTSTK,M&M,26-May-2022,680.0,CE,0.0,0.0,0.0,137.7,197.9,0,0.0,0,0,18-APR-2022,
OPTSTK,M&M,26-May-2022,690.0,CE,0.0,0.0,0.0,130.05,188.25,0,0.0,0,0,18-APR-2022,
OPTSTK,M&M,26-May-2022,700.0,CE,0.0,0.0,0.0,122.7,178.65,0,0.0,0,0,18-APR-2022,
OPTSTK,M&M,26-May-2022,710.0,CE,0.0,0.0,0.0,115.55,169.2,0,0.0,0,0,18-APR-2022,
OPTSTK,M&M,26-May-2022,720.0,CE,0.0,0.0,0.0,108.65,159.8,0,0.0,0,0,18-APR-2022,
OPTSTK,M&M,26-May-2022,730.0,CE,0.0,0.0,0.0,101.95,150.6,0,0.0,0,0,18-APR-2022,
OPTSTK,M&M,26-May-2022,740.0,CE,0.0,0.0,0.0,95.55,141.55,0,0.0,0,0,18-APR-2022,
OPTSTK,M&M,26-May-2022,750.0,CE,0.0,0.0,0.0,105.65,132.65,0,0.0,1400,0,18-APR-2022,
OPTSTK,M&M,26-May-2022,760.0,CE,0.0,0.0,0.0,83.6,124.0,0,0.0,0,0,18-APR-2022,
OPTSTK,M&M,26-May-2022,770.0,CE,0.0,0.0,0.0,78.0,115.6,0,0.0,0,0,18-APR-2022,
OPTSTK,M&M,26-May-2022,780.0,CE,0.0,0.0,0.0,72.65,107.4,0,0.0,0,0,18-APR-2022,
OPTSTK,M&M,26-May-2022,790.0,CE,0.0,0.0,0.0,67.6,99.5,0,0.0,0,0,18-APR-2022,
OPTSTK,M&M,26-May-2022,800.0,CE,0.0,0.0,0.0,60.0,91.9,0,0.0,700,0,18-APR-2022,
OPTSTK,M&M,26-May-2022,810.0,CE,0.0,0.0,0.0,58.25,84.6,0,0.0,0,0,18-APR-2022,
OPTSTK,M&M,26-May-2022,820.0,CE,0.0,0.0,0.0,45.0,77.6,0,0.0,5600,0,18-APR-2022,
OPTSTK,M&M,26-May-2022,830.0,CE,0.0,0.0,0.0,49.9,70.95,0,0.0,0,0,18-APR-2022,
OPTSTK,M&M,26-May-2022,840.0,CE,59.0,59.0,59.0,59.0,59.0,1,6.29,7700,700,18-APR-2022,
OPTSTK,M&M,26-May-2022,850.0,CE,50.45,52.55,50.45,52.0,52.0,5,31.55,14000,0,18-APR-2022,
OPTSTK,M&M,26-May-2022,860.0,CE,0.0,0.0,0.0,39.15,53.2,0,0.0,0,0,18-APR-2022,
OPTSTK,M&M,26-May-2022,870.0,CE,42.2,42.2,42.2,42.2,42.2,1,6.38,1400,700,18-APR-2022,
OPTSTK,M&M,26-May-2022,880.0,CE,0.0,0.0,0.0,33.05,43.2,0,0.0,0,0,18-APR-2022,
OPTSTK,M&M,26-May-2022,890.0,CE,0.0,0.0,0.0,30.35,38.7,0,0.0,0,0,18-APR-2022,
OPTSTK,M&M,26-May-2022,900.0,CE,25.95,28.0,23.5,27.25,27.25,57,369.54,46200,25200,18-APR-2022,
OPTSTK,M&M,26-May-2022,910.0,CE,0.0,0.0,0.0,25.5,30.8,0,0.0,0,0,18-APR-2022,
OPTSTK,M&M,26-May-2022,920.0,CE,0.0,0.0,0.0,23.3,27.3,0,0.0,0,0,18-APR-2022,
OPTSTK,M&M,26-May-2022,930.0,CE,0.0,0.0,0.0,21.3,24.15,0,0.0,0,0,18-APR-2022,
OPTSTK,M&M,26-May-2022,940.0,CE,0.0,0.0,0.0,19.4,21.3,0,0.0,0,0,18-APR-2022,
OPTSTK,M&M,26-May-2022,950.0,CE,13.0,13.0,13.0,13.0,13.0,1,6.74,700,0,18-APR-2022,
OPTSTK,M&M,26-May-2022,960.0,CE,0.0,0.0,0.0,16.05,16.45,0,0.0,0,0,18-APR-2022,
OPTSTK,M&M,26-May-2022,970.0,CE,0.0,0.0,0.0,14.6,14.3,0,0.0,0,0,18-APR-2022,
OPTSTK,M&M,26-May-2022,980.0,CE,0.0,0.0,0.0,13.25,12.45,0,0.0,0,0,18-APR-2022,
OPTSTK,M&M,26-May-2022,990.0,CE,0.0,0.0,0.0,12.05,10.8,0,0.0,0,0,18-APR-2022,
OPTSTK,M&M,26-May-2022,1000.0,CE,5.0,5.0,5.0,5.0,5.0,2,14.07,1400,1400,18-APR-2022,
OPTSTK,M&M,26-May-2022,1010.0,CE,0.0,0.0,0.0,9.85,8.05,0,0.0,0,0,18-APR-2022,
OPTSTK,M&M,26-May-2022,1020.0,CE,0.0,0.0,0.0,8.9,6.95,0,0.0,0,0,18-APR-2022,
OPTSTK,M&M,26-May-2022,1030.0,CE,0.0,0.0,0.0,8.05,5.95,0,0.0,0,0,18-APR-2022,
OPTSTK,M&M,26-May-2022,1040.0,CE,0.0,0.0,0.0,7.25,5.1,0,0.0,0,0,18-APR-2022,
OPTSTK,M&M,26-May-2022,1050.0,CE,0.0,0.0,0.0,6.55,4.35,0,0.0,0,0,18-APR-2022,
OPTSTK,M&M,26-May-2022,1060.0,CE,0.0,0.0,0.0,5.9,3.7,0,0.0,0,0,18-APR-2022,
OPTSTK,M&M,26-May-2022,1070.0,CE,0.0,0.0,0.0,5.3,3.15,0,0.0,0,0,18-APR-2022,
OPTSTK,M&M,26-May-2022,1080.0,CE,0.0,0.0,0.0,4.8,2.65,0,0.0,0,0,18-APR-2022,
OPTSTK,M&M,26-May-2022,1090.0,CE,0.0,0.0,0.0,4.3,2.25,0,0.0,0,0,18-APR-2022,
OPTSTK,M&M,26-May-2022,1100.0,CE,0.0,0.0,0.0,3.85,1.9,0,0.0,0,0,18-APR-2022,
OPTSTK,M&M,26-May-2022,1110.0,CE,0.0,0.0,0.0,3.45,1.6,0,0.0,0,0,18-APR-2022,
OPTSTK,M&M,26-May-2022,1120.0,CE,0.0,0.0,0.0,3.1,1.3,0,0.0,0,0,18-APR-2022,
OPTSTK,M&M,26-May-2022,520.0,PE,0.0,0.0,0.0,0.5,0.0,0,0.0,0,0,18-APR-2022,
OPTSTK,M&M,26-May-2022,530.0,PE,0.0,0.0,0.0,0.65,0.0,0,0.0,0,0,18-APR-2022,
OPTSTK,M&M,26-May-2022,540.0,PE,0.0,0.0,0.0,0.9,0.0,0,0.0,0,0,18-APR-2022,
OPTSTK,M&M,26-May-2022,550.0,PE,0.0,0.0,0.0,1.15,0.0,0,0.0,0,0,18-APR-2022,
OPTSTK,M&M,26-May-2022,560.0,PE,0.0,0.0,0.0,1.5,0.0,0,0.0,0,0,18-APR-2022,
OPTSTK,M&M,26-May-2022,570.0,PE,0.0,0.0,0.0,1.9,0.05,0,0.0,0,0,18-APR-2022,
OPTSTK,M&M,26-May-2022,580.0,PE,0.0,0.0,0.0,2.35,0.05,0,0.0,0,0,18-APR-2022,
OPTSTK,M&M,26-May-2022,590.0,PE,0.0,0.0,0.0,2.95,0.05,0,0.0,0,0,18-APR-2022,
OPTSTK,M&M,26-May-2022,600.0,PE,0.0,0.0,0.0,3.65,0.05,0,0.0,0,0,18-APR-2022,
OPTSTK,M&M,26-May-2022,610.0,PE,0.0,0.0,0.0,4.5,0.05,0,0.0,0,0,18-APR-2022,
OPTSTK,M&M,26-May-2022,620.0,PE,0.0,0.0,0.0,5.45,0.1,0,0.0,0,0,18-APR-2022,
OPTSTK,M&M,26-May-2022,630.0,PE,0.0,0.0,0.0,6.55,0.15,0,0.0,0,0,18-APR-2022,
OPTSTK,M&M,26-May-2022,640.0,PE,0.0,0.0,0.0,7.8,0.2,0,0.0,0,0,18-APR-2022,
OPTSTK,M&M,26-May-2022,650.0,PE,0.0,0.0,0.0,2.0,0.3,0,0.0,7700,0,18-APR-2022,
OPTSTK,M&M,26-May-2022,660.0,PE,0.0,0.0,0.0,10.9,0.4,0,0.0,0,0,18-APR-2022,
OPTSTK,M&M,26-May-2022,670.0,PE,0.0,0.0,0.0,12.75,0.6,0,0.0,0,0,18-APR-2022,
OPTSTK,M&M,26-May-2022,680.0,PE,0.0,0.0,0.0,14.8,0.8,0,0.0,0,0,18-APR-2022,
OPTSTK,M&M,26-May-2022,690.0,PE,0.0,0.0,0.0,17.05,1.1,0,0.0,0,0,18-APR-2022,
OPTSTK,M&M,26-May-2022,700.0,PE,0.0,0.0,0.0,19.55,1.45,0,0.0,0,0,18-APR-2022,
OPTSTK,M&M,26-May-2022,710.0,PE,0.0,0.0,0.0,22.3,1.95,0,0.0,0,0,18-APR-2022,
OPTSTK,M&M,26-May-2022,720.0,PE,0.0,0.0,0.0,25.3,2.55,0,0.0,0,0,18-APR-2022,
OPTSTK,M&M,26-May-2022,730.0,PE,0.0,0.0,0.0,28.5,3.3,0,0.0,0,0,18-APR-2022,
OPTSTK,M&M,26-May-2022,740.0,PE,0.0,0.0,0.0,32.0,4.2,0,0.0,0,0,18-APR-2022,
OPTSTK,M&M,26-May-2022,750.0,PE,0.0,0.0,0.0,23.6,5.25,0,0.0,700,0,18-APR-2022,
OPTSTK,M&M,26-May-2022,760.0,PE,0.0,0.0,0.0,12.2,6.55,0,0.0,1400,0,18-APR-2022,
OPTSTK,M&M,26-May-2022,770.0,PE,0.0,0.0,0.0,44.15,8.1,0,0.0,0,0,18-APR-2022,
OPTSTK,M&M,26-May-2022,780.0,PE,0.0,0.0,0.0,12.0,9.85,0,0.0,700,0,18-APR-2022,
OPTSTK,M&M,26-May-2022,790.0,PE,0.0,0.0,0.0,53.5,11.9,0,0.0,0,0,18-APR-2022,
OPTSTK,M&M,26-May-2022,800.0,PE,12.0,12.5,10.0,10.75,10.75,26,147.62,33600,4900,18-APR-2022,
OPTSTK,M&M,26-May-2022,810.0,PE,0.0,0.0,0.0,40.0,16.9,0,0.0,1400,0,18-APR-2022,
OPTSTK,M&M,26-May-2022,820.0,PE,0.0,0.0,0.0,69.55,19.85,0,0.0,0,0,18-APR-2022,
OPTSTK,M&M,26-May-2022,830.0,PE,0.0,0.0,0.0,18.45,23.2,0,0.0,2100,0,18-APR-2022,
OPTSTK,M&M,26-May-2022,840.0,PE,0.0,0.0,0.0,23.0,26.9,0,0.0,1400,0,18-APR-2022,
OPTSTK,M&M,26-May-2022,850.0,PE,23.85,24.0,23.6,24.0,30.9,3,18.35,2800,2100,18-APR-2022,
OPTSTK,M&M,26-May-2022,860.0,PE,0.0,0.0,0.0,94.35,35.3,0,0.0,0,0,18-APR-2022,
OPTSTK,M&M,26-May-2022,870.0,PE,0.0,0.0,0.0,101.1,40.05,0,0.0,0,0,18-APR-2022,
OPTSTK,M&M,26-May-2022,880.0,PE,0.0,0.0,0.0,108.05,45.2,0,0.0,0,0,18-APR-2022,
OPTSTK,M&M,26-May-2022,890.0,PE,0.0,0.0,0.0,115.2,50.65,0,0.0,0,0,18-APR-2022,
OPTSTK,M&M,26-May-2022,900.0,PE,0.0,0.0,0.0,122.6,56.5,0,0.0,0,0,18-APR-2022,
OPTSTK,M&M,26-May-2022,910.0,PE,0.0,0.0,0.0,130.15,62.65,0,0.0,0,0,18-APR-2022,
OPTSTK,M&M,26-May-2022,920.0,PE,0.0,0.0,0.0,137.85,69.15,0,0.0,0,0,18-APR-2022,
OPTSTK,M&M,26-May-2022,930.0,PE,0.0,0.0,0.0,145.75,75.95,0,0.0,0,0,18-APR-2022,
OPTSTK,M&M,26-May-2022,940.0,PE,0.0,0.0,0.0,153.75,83.05,0,0.0,0,0,18-APR-2022,
OPTSTK,M&M,26-May-2022,950.0,PE,0.0,0.0,0.0,161.9,90.45,0,0.0,0,0,18-APR-2022,
OPTSTK,M&M,26-May-2022,960.0,PE,0.0,0.0,0.0,170.2,98.1,0,0.0,0,0,18-APR-2022,
OPTSTK,M&M,26-May-2022,970.0,PE,0.0,0.0,0.0,178.65,105.95,0,0.0,0,0,18-APR-2022,
OPTSTK,M&M,26-May-2022,980.0,PE,0.0,0.0,0.0,187.2,114.05,0,0.0,0,0,18-APR-2022,
OPTSTK,M&M,26-May-2022,990.0,PE,0.0,0.0,0.0,195.85,122.35,0,0.0,0,0,18-APR-2022,
OPTSTK,M&M,26-May-2022,1000.0,PE,0.0,0.0,0.0,204.65,130.85,0,0.0,0,0,18-APR-2022,
OPTSTK,M&M,26-May-2022,1010.0,PE,0.0,0.0,0.0,213.5,139.5,0,0.0,0,0,18-APR-2022,
OPTSTK,M&M,26-May-2022,1020.0,PE,0.0,0.0,0.0,222.45,148.35,0,0.0,0,0,18-APR-2022,
OPTSTK,M&M,26-May-2022,1030.0,PE,0.0,0.0,0.0,231.5,157.3,0,0.0,0,0,18-APR-2022,
OPTSTK,M&M,26-May-2022,1040.0,PE,0.0,0.0,0.0,240.6,166.4,0,0.0,0,0,18-APR-2022,
OPTSTK,M&M,26-May-2022,1050.0,PE,0.0,0.0,0.0,249.75,175.6,0,0.0,0,0,18-APR-2022,
OPTSTK,M&M,26-May-2022,1060.0,PE,0.0,0.0,0.0,259.0,184.9,0,0.0,0,0,18-APR-2022,
OPTSTK,M&M,26-May-2022,1070.0,PE,0.0,0.0,0.0,268.3,194.3,0,0.0,0,0,18-APR-2022,
OPTSTK,M&M,26-May-2022,1080.0,PE,0.0,0.0,0.0,277.7,203.8,0,0.0,0,0,18-APR-2022,
OPTSTK,M&M,26-May-2022,1090.0,PE,0.0,0.0,0.0,287.1,213.3,0,0.0,0,0,18-APR-2022,
OPTSTK,M&M,26-May-2022,1100.0,PE,0.0,0.0,0.0,296.55,222.9,0,0.0,0,0,18-APR-2022,
OPTSTK,M&M,26-May-2022,1110.0,PE,0.0,0.0,0.0,306.05,232.6,0,0.0,0,0,18-APR-2022,
OPTSTK,M&M,26-May-2022,1120.0,PE,0.0,0.0,0.0,315.6,242.3,0,0.0,0,0,18-APR-2022,
OPTSTK,M&M,30-Jun-2022,520.0,CE,0.0,0.0,0.0,292.55,358.55,0,0.0,0,0,18-APR-2022,
OPTSTK,M&M,30-Jun-2022,530.0,CE,0.0,0.0,0.0,282.85,348.65,0,0.0,0,0,18-APR-2022,
OPTSTK,M&M,30-Jun-2022,540.0,CE,0.0,0.0,0.0,273.15,338.8,0,0.0,0,0,18-APR-2022,
OPTSTK,M&M,30-Jun-2022,550.0,CE,0.0,0.0,0.0,263.55,328.9,0,0.0,0,0,18-APR-2022,
OPTSTK,M&M,30-Jun-2022,560.0,CE,0.0,0.0,0.0,254.0,319.05,0,0.0,0,0,18-APR-2022,
OPTSTK,M&M,30-Jun-2022,570.0,CE,0.0,0.0,0.0,244.5,309.2,0,0.0,0,0,18-APR-2022,
OPTSTK,M&M,30-Jun-2022,580.0,CE,0.0,0.0,0.0,235.1,299.4,0,0.0,0,0,18-APR-2022,
OPTSTK,M&M,30-Jun-2022,590.0,CE,0.0,0.0,0.0,225.8,289.6,0,0.0,0,0,18-APR-2022,
OPTSTK,M&M,30-Jun-2022,600.0,CE,0.0,0.0,0.0,216.55,279.85,0,0.0,0,0,18-APR-2022,
OPTSTK,M&M,30-Jun-2022,610.0,CE,0.0,0.0,0.0,207.5,270.1,0,0.0,0,0,18-APR-2022,
OPTSTK,M&M,30-Jun-2022,620.0,CE,0.0,0.0,0.0,198.5,260.45,0,0.0,0,0,18-APR-2022,
OPTSTK,M&M,30-Jun-2022,630.0,CE,0.0,0.0,0.0,189.7,250.85,0,0.0,0,0,18-APR-2022,
OPTSTK,M&M,30-Jun-2022,640.0,CE,0.0,0.0,0.0,181.05,241.3,0,0.0,0,0,18-APR-2022,
OPTSTK,M&M,30-Jun-2022,650.0,CE,0.0,0.0,0.0,172.55,231.85,0,0.0,0,0,18-APR-2022,
OPTSTK,M&M,30-Jun-2022,660.0,CE,0.0,0.0,0.0,164.2,222.45,0,0.0,0,0,18-APR-2022,
OPTSTK,M&M,30-Jun-2022,670.0,CE,0.0,0.0,0.0,156.1,213.2,0,0.0,0,0,18-APR-2022,
OPTSTK,M&M,30-Jun-2022,680.0,CE,0.0,0.0,0.0,148.15,204.0,0,0.0,0,0,18-APR-2022,
OPTSTK,M&M,30-Jun-2022,690.0,CE,0.0,0.0,0.0,140.4,195.0,0,0.0,0,0,18-APR-2022,
OPTSTK,M&M,30-Jun-2022,700.0,CE,0.0,0.0,0.0,132.9,186.1,0,0.0,0,0,18-APR-2022,
OPTSTK,M&M,30-Jun-2022,710.0,CE,0.0,0.0,0.0,125.65,177.35,0,0.0,0,0,18-APR-2022,
OPTSTK,M&M,30-Jun-2022,720.0,CE,0.0,0.0,0.0,118.6,168.75,0,0.0,0,0,18-APR-2022,
OPTSTK,M&M,30-Jun-2022,730.0,CE,0.0,0.0,0.0,111.75,160.35,0,0.0,0,0,18-APR-2022,
OPTSTK,M&M,30-Jun-2022,740.0,CE,0.0,0.0,0.0,105.2,152.15,0,0.0,0,0,18-APR-2022,
OPTSTK,M&M,30-Jun-2022,750.0,CE,0.0,0.0,0.0,98.9,144.15,0,0.0,0,0,18-APR-2022,
OPTSTK,M&M,30-Jun-2022,760.0,CE,0.0,0.0,0.0,92.85,136.35,0,0.0,0,0,18-APR-2022,
OPTSTK,M&M,30-Jun-2022,770.0,CE,0.0,0.0,0.0,87.05,128.75,0,0.0,0,0,18-APR-2022,
OPTSTK,M&M,30-Jun-2022,780.0,CE,0.0,0.0,0.0,81.45,121.4,0,0.0,0,0,18-APR-2022,
OPTSTK,M&M,30-Jun-2022,790.0,CE,0.0,0.0,0.0,76.15,114.3,0,0.0,0,0,18-APR-2022,
OPTSTK,M&M,30-Jun-2022,800.0,CE,0.0,0.0,0.0,71.1,107.4,0,0.0,0,0,18-APR-2022,
OPTSTK,M&M,30-Jun-2022,810.0,CE,0.0,0.0,0.0,66.3,100.8,0,0.0,0,0,18-APR-2022,
OPTSTK,M&M,30-Jun-2022,820.0,CE,0.0,0.0,0.0,61.75,94.45,0,0.0,0,0,18-APR-2022,
OPTSTK,M&M,30-Jun-2022,830.0,CE,0.0,0.0,0.0,57.45,88.35,0,0.0,0,0,18-APR-2022,
OPTSTK,M&M,30-Jun-2022,840.0,CE,0.0,0.0,0.0,53.35,82.55,0,0.0,0,0,18-APR-2022,
OPTSTK,M&M,30-Jun-2022,850.0,CE,0.0,0.0,0.0,49.5,76.95,0,0.0,0,0,18-APR-2022,
OPTSTK,M&M,30-Jun-2022,860.0,CE,0.0,0.0,0.0,45.85,71.65,0,0.0,0,0,18-APR-2022,
OPTSTK,M&M,30-Jun-2022,870.0,CE,0.0,0.0,0.0,42.45,66.6,0,0.0,0,0,18-APR-2022,
OPTSTK,M&M,30-Jun-2022,880.0,CE,0.0,0.0,0.0,39.25,61.85,0,0.0,0,0,18-APR-2022,
OPTSTK,M&M,30-Jun-2022,890.0,CE,0.0,0.0,0.0,36.25,57.3,0,0.0,0,0,18-APR-2022,
OPTSTK,M&M,30-Jun-2022,900.0,CE,0.0,0.0,0.0,33.4,53.05,0,0.0,0,0,18-APR-2022,
OPTSTK,M&M,30-Jun-2022,910.0,CE,0.0,0.0,0.0,30.8,49.0,0,0.0,0,0,18-APR-2022,
OPTSTK,M&M,30-Jun-2022,920.0,CE,0.0,0.0,0.0,28.35,45.25,0,0.0,0,0,18-APR-2022,
OPTSTK,M&M,30-Jun-2022,930.0,CE,0.0,0.0,0.0,26.1,41.65,0,0.0,0,0,18-APR-2022,
OPTSTK,M&M,30-Jun-2022,940.0,CE,0.0,0.0,0.0,23.95,38.35,0,0.0,0,0,18-APR-2022,
OPTSTK,M&M,30-Jun-2022,950.0,CE,0.0,0.0,0.0,21.95,35.2,0,0.0,0,0,18-APR-2022,
OPTSTK,M&M,30-Jun-2022,960.0,CE,0.0,0.0,0.0,20.15,32.3,0,0.0,0,0,18-APR-2022,
OPTSTK,M&M,30-Jun-2022,970.0,CE,0.0,0.0,0.0,18.45,29.6,0,0.0,0,0,18-APR-2022,
OPTSTK,M&M,30-Jun-2022,980.0,CE,0.0,0.0,0.0,16.85,27.15,0,0.0,0,0,18-APR-2022,
OPTSTK,M&M,30-Jun-2022,990.0,CE,0.0,0.0,0.0,15.4,24.8,0,0.0,0,0,18-APR-2022,
OPTSTK,M&M,30-Jun-2022,1000.0,CE,0.0,0.0,0.0,14.1,22.65,0,0.0,0,0,18-APR-2022,
OPTSTK,M&M,30-Jun-2022,1010.0,CE,0.0,0.0,0.0,12.85,20.6,0,0.0,0,0,18-APR-2022,
OPTSTK,M&M,30-Jun-2022,1020.0,CE,0.0,0.0,0.0,11.7,18.75,0,0.0,0,0,18-APR-2022,
OPTSTK,M&M,30-Jun-2022,1030.0,CE,0.0,0.0,0.0,10.65,17.05,0,0.0,0,0,18-APR-2022,
OPTSTK,M&M,30-Jun-2022,1040.0,CE,0.0,0.0,0.0,9.7,15.5,0,0.0,0,0,18-APR-2022,
OPTSTK,M&M,30-Jun-2022,1050.0,CE,0.0,0.0,0.0,8.8,14.05,0,0.0,0,0,18-APR-2022,
OPTSTK,M&M,30-Jun-2022,1060.0,CE,0.0,0.0,0.0,8.0,12.75,0,0.0,0,0,18-APR-2022,
OPTSTK,M&M,30-Jun-2022,1070.0,CE,0.0,0.0,0.0,7.25,11.5,0,0.0,0,0,18-APR-2022,
OPTSTK,M&M,30-Jun-2022,1080.0,CE,0.0,0.0,0.0,6.6,10.4,0,0.0,0,0,18-APR-2022,
OPTSTK,M&M,30-Jun-2022,1090.0,CE,0.0,0.0,0.0,6.0,9.4,0,0.0,0,0,18-APR-2022,
OPTSTK,M&M,30-Jun-2022,1100.0,CE,0.0,0.0,0.0,5.4,8.5,0,0.0,0,0,18-APR-2022,
OPTSTK,M&M,30-Jun-2022,1110.0,CE,0.0,0.0,0.0,4.9,7.65,0,0.0,0,0,18-APR-2022,
OPTSTK,M&M,30-Jun-2022,1120.0,CE,0.0,0.0,0.0,4.45,6.9,0,0.0,0,0,18-APR-2022,
OPTSTK,M&M,30-Jun-2022,520.0,PE,0.0,0.0,0.0,0.55,0.05,0,0.0,0,0,18-APR-2022,
OPTSTK,M&M,30-Jun-2022,530.0,PE,0.0,0.0,0.0,0.7,0.1,0,0.0,0,0,18-APR-2022,
OPTSTK,M&M,30-Jun-2022,540.0,PE,0.0,0.0,0.0,0.95,0.1,0,0.0,0,0,18-APR-2022,
OPTSTK,M&M,30-Jun-2022,550.0,PE,0.0,0.0,0.0,1.2,0.15,0,0.0,0,0,18-APR-2022,
OPTSTK,M&M,30-Jun-2022,560.0,PE,0.0,0.0,0.0,1.55,0.2,0,0.0,0,0,18-APR-2022,
OPTSTK,M&M,30-Jun-2022,570.0,PE,0.0,0.0,0.0,1.95,0.3,0,0.0,0,0,18-APR-2022,
OPTSTK,M&M,30-Jun-2022,580.0,PE,0.0,0.0,0.0,2.45,0.35,0,0.0,0,0,18-APR-2022,
OPTSTK,M&M,30-Jun-2022,590.0,PE,0.0,0.0,0.0,3.0,0.5,0,0.0,0,0,18-APR-2022,
OPTSTK,M&M,30-Jun-2022,600.0,PE,0.0,0.0,0.0,3.7,0.65,0,0.0,0,0,18-APR-2022,
OPTSTK,M&M,30-Jun-2022,610.0,PE,0.0,0.0,0.0,4.5,0.85,0,0.0,0,0,18-APR-2022,
OPTSTK,M&M,30-Jun-2022,620.0,PE,0.0,0.0,0.0,5.45,1.1,0,0.0,0,0,18-APR-2022,
OPTSTK,M&M,30-Jun-2022,630.0,PE,0.0,0.0,0.0,6.5,1.4,0,0.0,0,0,18-APR-2022,
OPTSTK,M&M,30-Jun-2022,640.0,PE,0.0,0.0,0.0,7.75,1.75,0,0.0,0,0,18-APR-2022,
OPTSTK,M&M,30-Jun-2022,650.0,PE,0.0,0.0,0.0,9.15,2.2,0,0.0,0,0,18-APR-2022,
OPTSTK,M&M,30-Jun-2022,660.0,PE,0.0,0.0,0.0,10.7,2.75,0,0.0,0,0,18-APR-2022,
OPTSTK,M&M,30-Jun-2022,670.0,PE,0.0,0.0,0.0,12.5,3.4,0,0.0,0,0,18-APR-2022,
OPTSTK,M&M,30-Jun-2022,680.0,PE,0.0,0.0,0.0,14.45,4.15,0,0.0,0,0,18-APR-2022,
OPTSTK,M&M,30-Jun-2022,690.0,PE,0.0,0.0,0.0,16.6,5.05,0,0.0,0,0,18-APR-2022,
OPTSTK,M&M,30-Jun-2022,700.0,PE,0.0,0.0,0.0,19.0,6.05,0,0.0,0,0,18-APR-2022,
OPTSTK,M&M,30-Jun-2022,710.0,PE,0.0,0.0,0.0,21.65,7.25,0,0.0,0,0,18-APR-2022,
OPTSTK,M&M,30-Jun-2022,720.0,PE,0.0,0.0,0.0,24.5,8.55,0,0.0,0,0,18-APR-2022,
OPTSTK,M&M,30-Jun-2022,730.0,PE,0.0,0.0,0.0,27.55,10.1,0,0.0,0,0,18-APR-2022,
OPTSTK,M&M,30-Jun-2022,740.0,PE,0.0,0.0,0.0,30.85,11.8,0,0.0,0,0,18-APR-2022,
OPTSTK,M&M,30-Jun-2022,750.0,PE,0.0,0.0,0.0,34.45,13.7,0,0.0,0,0,18-APR-2022,
OPTSTK,M&M,30-Jun-2022,760.0,PE,0.0,0.0,0.0,38.3,15.8,0,0.0,0,0,18-APR-2022,
OPTSTK,M&M,30-Jun-2022,770.0,PE,0.0,0.0,0.0,42.4,18.15,0,0.0,0,0,18-APR-2022,
OPTSTK,M&M,30-Jun-2022,780.0,PE,0.0,0.0,0.0,46.7,20.7,0,0.0,0,0,18-APR-2022,
OPTSTK,M&M,30-Jun-2022,790.0,PE,0.0,0.0,0.0,51.3,23.5,0,0.0,0,0,18-APR-2022,
OPTSTK,M&M,30-Jun-2022,800.0,PE,0.0,0.0,0.0,56.15,26.55,0,0.0,0,0,18-APR-2022,
OPTSTK,M&M,30-Jun-2022,810.0,PE,0.0,0.0,0.0,61.25,29.85,0,0.0,0,0,18-APR-2022,
OPTSTK,M&M,30-Jun-2022,820.0,PE,0.0,0.0,0.0,66.6,33.4,0,0.0,0,0,18-APR-2022,
OPTSTK,M&M,30-Jun-2022,830.0,PE,0.0,0.0,0.0,72.15,37.25,0,0.0,0,0,18-APR-2022,
OPTSTK,M&M,30-Jun-2022,840.0,PE,0.0,0.0,0.0,77.95,41.3,0,0.0,0,0,18-APR-2022,
OPTSTK,M&M,30-Jun-2022,850.0,PE,0.0,0.0,0.0,84.0,45.65,0,0.0,0,0,18-APR-2022,
OPTSTK,M&M,30-Jun-2022,860.0,PE,0.0,0.0,0.0,90.3,50.3,0,0.0,0,0,18-APR-2022,
OPTSTK,M&M,30-Jun-2022,870.0,PE,0.0,0.0,0.0,96.75,55.15,0,0.0,0,0,18-APR-2022,
OPTSTK,M&M,30-Jun-2022,880.0,PE,0.0,0.0,0.0,103.45,60.3,0,0.0,0,0,18-APR-2022,
OPTSTK,M&M,30-Jun-2022,890.0,PE,0.0,0.0,0.0,110.3,65.7,0,0.0,0,0,18-APR-2022,
OPTSTK,M&M,30-Jun-2022,900.0,PE,0.0,0.0,0.0,117.4,71.35,0,0.0,0,0,18-APR-2022,
OPTSTK,M&M,30-Jun-2022,910.0,PE,0.0,0.0,0.0,124.65,77.2,0,0.0,0,0,18-APR-2022,
OPTSTK,M&M,30-Jun-2022,920.0,PE,0.0,0.0,0.0,132.15,83.35,0,0.0,0,0,18-APR-2022,
OPTSTK,M&M,30-Jun-2022,930.0,PE,0.0,0.0,0.0,139.75,89.7,0,0.0,0,0,18-APR-2022,
OPTSTK,M&M,30-Jun-2022,940.0,PE,0.0,0.0,0.0,147.55,96.3,0,0.0,0,0,18-APR-2022,
OPTSTK,M&M,30-Jun-2022,950.0,PE,0.0,0.0,0.0,155.45,103.1,0,0.0,0,0,18-APR-2022,
OPTSTK,M&M,30-Jun-2022,960.0,PE,0.0,0.0,0.0,163.5,110.1,0,0.0,0,0,18-APR-2022,
OPTSTK,M&M,30-Jun-2022,970.0,PE,0.0,0.0,0.0,171.7,117.3,0,0.0,0,0,18-APR-2022,
OPTSTK,M&M,30-Jun-2022,980.0,PE,0.0,0.0,0.0,180.0,124.75,0,0.0,0,0,18-APR-2022,
OPTSTK,M&M,30-Jun-2022,990.0,PE,0.0,0.0,0.0,188.45,132.3,0,0.0,0,0,18-APR-2022,
OPTSTK,M&M,30-Jun-2022,1000.0,PE,0.0,0.0,0.0,197.0,140.1,0,0.0,0,0,18-APR-2022,
OPTSTK,M&M,30-Jun-2022,1010.0,PE,0.0,0.0,0.0,205.65,147.95,0,0.0,0,0,18-APR-2022,
OPTSTK,M&M,30-Jun-2022,1020.0,PE,0.0,0.0,0.0,214.45,156.05,0,0.0,0,0,18-APR-2022,
OPTSTK,M&M,30-Jun-2022,1030.0,PE,0.0,0.0,0.0,223.3,164.25,0,0.0,0,0,18-APR-2022,
OPTSTK,M&M,30-Jun-2022,1040.0,PE,0.0,0.0,0.0,232.2,172.6,0,0.0,0,0,18-APR-2022,
OPTSTK,M&M,30-Jun-2022,1050.0,PE,0.0,0.0,0.0,241.25,181.05,0,0.0,0,0,18-APR-2022,
OPTSTK,M&M,30-Jun-2022,1060.0,PE,0.0,0.0,0.0,250.3,189.65,0,0.0,0,0,18-APR-2022,
OPTSTK,M&M,30-Jun-2022,1070.0,PE,0.0,0.0,0.0,259.45,198.35,0,0.0,0,0,18-APR-2022,
OPTSTK,M&M,30-Jun-2022,1080.0,PE,0.0,0.0,0.0,268.7,207.15,0,0.0,0,0,18-APR-2022,
OPTSTK,M&M,30-Jun-2022,1090.0,PE,0.0,0.0,0.0,277.95,216.1,0,0.0,0,0,18-APR-2022,
OPTSTK,M&M,30-Jun-2022,1100.0,PE,0.0,0.0,0.0,287.3,225.05,0,0.0,0,0,18-APR-2022,
OPTSTK,M&M,30-Jun-2022,1110.0,PE,0.0,0.0,0.0,296.7,234.15,0,0.0,0,0,18-APR-2022,
OPTSTK,M&M,30-Jun-2022,1120.0,PE,0.0,0.0,0.0,306.1,243.3,0,0.0,0,0,18-APR-2022,
OPTSTK,M&MFIN,28-Apr-2022,97.5,CE,0.0,0.0,0.0,60.65,80.25,0,0.0,0,0,18-APR-2022,
OPTSTK,M&MFIN,28-Apr-2022,100.0,CE,0.0,0.0,0.0,58.35,77.75,0,0.0,0,0,18-APR-2022,
OPTSTK,M&MFIN,28-Apr-2022,102.5,CE,0.0,0.0,0.0,56.05,75.25,0,0.0,0,0,18-APR-2022,
OPTSTK,M&MFIN,28-Apr-2022,105.0,CE,0.0,0.0,0.0,53.75,72.75,0,0.0,0,0,18-APR-2022,
OPTSTK,M&MFIN,28-Apr-2022,107.5,CE,0.0,0.0,0.0,51.5,70.25,0,0.0,0,0,18-APR-2022,
OPTSTK,M&MFIN,28-Apr-2022,110.0,CE,0.0,0.0,0.0,49.3,67.75,0,0.0,0,0,18-APR-2022,
OPTSTK,M&MFIN,28-Apr-2022,112.5,CE,0.0,0.0,0.0,47.15,65.25,0,0.0,0,0,18-APR-2022,
OPTSTK,M&MFIN,28-Apr-2022,115.0,CE,0.0,0.0,0.0,45.05,62.75,0,0.0,0,0,18-APR-2022,
OPTSTK,M&MFIN,28-Apr-2022,117.5,CE,0.0,0.0,0.0,42.95,60.25,0,0.0,0,0,18-APR-2022,
OPTSTK,M&MFIN,28-Apr-2022,120.0,CE,0.0,0.0,0.0,12.0,57.75,0,0.0,4000,0,18-APR-2022,
OPTSTK,M&MFIN,28-Apr-2022,122.5,CE,0.0,0.0,0.0,38.95,55.25,0,0.0,0,0,18-APR-2022,
OPTSTK,M&MFIN,28-Apr-2022,125.0,CE,0.0,0.0,0.0,37.05,52.75,0,0.0,0,0,18-APR-2022,
OPTSTK,M&MFIN,28-Apr-2022,127.5,CE,0.0,0.0,0.0,35.2,50.25,0,0.0,0,0,18-APR-2022,
OPTSTK,M&MFIN,28-Apr-2022,130.0,CE,0.0,0.0,0.0,33.4,47.75,0,0.0,0,0,18-APR-2022,
OPTSTK,M&MFIN,28-Apr-2022,132.5,CE,0.0,0.0,0.0,31.65,45.25,0,0.0,0,0,18-APR-2022,
OPTSTK,M&MFIN,28-Apr-2022,135.0,CE,0.0,0.0,0.0,29.95,42.8,0,0.0,0,0,18-APR-2022,
OPTSTK,M&MFIN,28-Apr-2022,137.5,CE,0.0,0.0,0.0,28.3,40.3,0,0.0,0,0,18-APR-2022,
OPTSTK,M&MFIN,28-Apr-2022,140.0,CE,0.0,0.0,0.0,30.0,37.8,0,0.0,24000,0,18-APR-2022,
OPTSTK,M&MFIN,28-Apr-2022,142.5,CE,0.0,0.0,0.0,25.25,35.3,0,0.0,0,0,18-APR-2022,
OPTSTK,M&MFIN,28-Apr-2022,145.0,CE,0.0,0.0,0.0,23.8,32.85,0,0.0,0,0,18-APR-2022,
OPTSTK,M&MFIN,28-Apr-2022,147.5,CE,0.0,0.0,0.0,22.4,30.4,0,0.0,0,0,18-APR-2022,
OPTSTK,M&MFIN,28-Apr-2022,150.0,CE,31.3,31.5,28.35,28.4,28.4,9,64.82,220000,-16000,18-APR-2022,
OPTSTK,M&MFIN,28-Apr-2022,152.5,CE,25.5,25.8,25.5,25.8,25.8,2,14.25,12000,4000,18-APR-2022,
OPTSTK,M&MFIN,28-Apr-2022,155.0,CE,25.95,25.95,25.95,25.95,23.2,1,7.23,312000,0,18-APR-2022,
OPTSTK,M&MFIN,28-Apr-2022,157.5,CE,23.75,23.75,23.75,23.75,20.9,1,7.25,36000,-4000,18-APR-2022,
OPTSTK,M&MFIN,28-Apr-2022,160.0,CE,22.7,22.7,17.95,19.0,19.0,20,143.83,532000,-16000,18-APR-2022,
OPTSTK,M&MFIN,28-Apr-2022,162.5,CE,0.0,0.0,0.0,20.1,16.55,0,0.0,76000,0,18-APR-2022,
OPTSTK,M&MFIN,28-Apr-2022,165.0,CE,16.3,16.3,13.4,14.3,14.3,23,165.6,340000,-12000,18-APR-2022,
OPTSTK,M&MFIN,28-Apr-2022,167.5,CE,12.6,13.35,11.8,12.1,12.6,15,108.16,104000,12000,18-APR-2022,
OPTSTK,M&MFIN,28-Apr-2022,170.0,CE,10.15,13.65,8.7,10.35,10.35,123,892.97,804000,-120000,18-APR-2022,
OPTSTK,M&MFIN,28-Apr-2022,172.5,CE,9.45,9.65,8.2,8.8,9.25,17,123.45,76000,-32000,18-APR-2022,
OPTSTK,M&MFIN,28-Apr-2022,175.0,CE,6.85,9.15,5.95,7.05,7.05,122,890.2,588000,-60000,18-APR-2022,
OPTSTK,M&MFIN,28-Apr-2022,177.5,CE,6.7,7.9,3.75,5.55,5.55,42,308.02,156000,16000,18-APR-2022,
OPTSTK,M&MFIN,28-Apr-2022,180.0,CE,5.45,6.6,3.85,4.6,4.6,927,6863.1,2060000,-36000,18-APR-2022,
OPTSTK,M&MFIN,28-Apr-2022,182.5,CE,4.0,5.3,3.1,3.6,3.6,238,1776.66,300000,84000,18-APR-2022,
OPTSTK,M&MFIN,28-Apr-2022,185.0,CE,3.15,4.3,2.45,2.8,2.8,496,3736.12,912000,124000,18-APR-2022,
OPTSTK,M&MFIN,28-Apr-2022,187.5,CE,3.4,3.4,1.95,2.15,2.15,100,760.31,168000,28000,18-APR-2022,
OPTSTK,M&MFIN,28-Apr-2022,190.0,CE,2.8,3.3,1.5,1.65,1.65,705,5415.56,1712000,176000,18-APR-2022,
OPTSTK,M&MFIN,28-Apr-2022,192.5,CE,1.6,1.95,1.3,1.3,1.3,22,170.73,180000,-8000,18-APR-2022,
OPTSTK,M&MFIN,28-Apr-2022,195.0,CE,1.95,1.95,0.95,1.05,1.05,132,1036.67,480000,52000,18-APR-2022,
OPTSTK,M&MFIN,28-Apr-2022,197.5,CE,1.25,1.25,0.9,0.9,1.0,2,15.88,4000,4000,18-APR-2022,
OPTSTK,M&MFIN,28-Apr-2022,200.0,CE,0.5,1.2,0.5,0.7,0.7,302,2426.04,1208000,-148000,18-APR-2022,
OPTSTK,M&MFIN,28-Apr-2022,202.5,CE,0.0,0.0,0.0,4.9,0.55,0,0.0,0,0,18-APR-2022,
OPTSTK,M&MFIN,28-Apr-2022,205.0,CE,0.75,0.75,0.4,0.45,0.45,19,156.28,252000,-20000,18-APR-2022,
OPTSTK,M&MFIN,28-Apr-2022,207.5,CE,0.0,0.0,0.0,0.4,0.3,0,0.0,4000,0,18-APR-2022,
OPTSTK,M&MFIN,28-Apr-2022,210.0,CE,0.25,0.55,0.25,0.3,0.3,114,959.38,360000,-80000,18-APR-2022,
OPTSTK,M&MFIN,28-Apr-2022,212.5,CE,0.4,0.45,0.4,0.4,0.15,4,34.06,28000,0,18-APR-2022,
OPTSTK,M&MFIN,28-Apr-2022,97.5,PE,0.0,0.0,0.0,0.1,0.0,0,0.0,0,0,18-APR-2022,
OPTSTK,M&MFIN,28-Apr-2022,100.0,PE,0.0,0.0,0.0,0.1,0.0,0,0.0,4000,0,18-APR-2022,
OPTSTK,M&MFIN,28-Apr-2022,102.5,PE,0.0,0.0,0.0,0.1,0.0,0,0.0,0,0,18-APR-2022,
OPTSTK,M&MFIN,28-Apr-2022,105.0,PE,0.0,0.0,0.0,1.05,0.0,0,0.0,0,0,18-APR-2022,
OPTSTK,M&MFIN,28-Apr-2022,107.5,PE,0.0,0.0,0.0,0.05,0.0,0,0.0,8000,0,18-APR-2022,
OPTSTK,M&MFIN,28-Apr-2022,110.0,PE,0.0,0.0,0.0,1.55,0.0,0,0.0,0,0,18-APR-2022,
OPTSTK,M&MFIN,28-Apr-2022,112.5,PE,0.0,0.0,0.0,1.9,0.0,0,0.0,0,0,18-APR-2022,
OPTSTK,M&MFIN,28-Apr-2022,115.0,PE,0.0,0.0,0.0,0.3,0.0,0,0.0,0,0,18-APR-2022,
OPTSTK,M&MFIN,28-Apr-2022,117.5,PE,0.0,0.0,0.0,0.15,0.0,0,0.0,4000,0,18-APR-2022,
OPTSTK,M&MFIN,28-Apr-2022,120.0,PE,0.0,0.0,0.0,0.1,0.0,0,0.0,16000,0,18-APR-2022,
OPTSTK,M&MFIN,28-Apr-2022,122.5,PE,0.0,0.0,0.0,3.6,0.0,0,0.0,0,0,18-APR-2022,
OPTSTK,M&MFIN,28-Apr-2022,125.0,PE,0.0,0.0,0.0,4.15,0.0,0,0.0,0,0,18-APR-2022,
OPTSTK,M&MFIN,28-Apr-2022,127.5,PE,0.0,0.0,0.0,4.75,0.0,0,0.0,0,0,18-APR-2022,
OPTSTK,M&MFIN,28-Apr-2022,130.0,PE,0.1,0.15,0.1,0.15,0.15,2,10.41,360000,4000,18-APR-2022,
OPTSTK,M&MFIN,28-Apr-2022,132.5,PE,0.0,0.0,0.0,0.15,0.0,0,0.0,32000,0,18-APR-2022,
OPTSTK,M&MFIN,28-Apr-2022,135.0,PE,0.0,0.0,0.0,0.15,0.0,0,0.0,12000,0,18-APR-2022,
OPTSTK,M&MFIN,28-Apr-2022,137.5,PE,0.0,0.0,0.0,7.75,0.05,0,0.0,0,0,18-APR-2022,
OPTSTK,M&MFIN,28-Apr-2022,140.0,PE,0.15,0.2,0.15,0.2,0.2,5,28.03,820000,0,18-APR-2022,
OPTSTK,M&MFIN,28-Apr-2022,142.5,PE,0.0,0.0,0.0,9.65,0.05,0,0.0,0,0,18-APR-2022,
OPTSTK,M&MFIN,28-Apr-2022,145.0,PE,0.2,0.2,0.15,0.15,0.15,9,52.27,176000,0,18-APR-2022,
OPTSTK,M&MFIN,28-Apr-2022,147.5,PE,0.0,0.0,0.0,11.75,0.1,0,0.0,0,0,18-APR-2022,
OPTSTK,M&MFIN,28-Apr-2022,150.0,PE,0.4,0.5,0.2,0.3,0.3,53,318.63,668000,-56000,18-APR-2022,
OPTSTK,M&MFIN,28-Apr-2022,152.5,PE,0.3,0.45,0.25,0.25,0.25,7,42.78,16000,-8000,18-APR-2022,
OPTSTK,M&MFIN,28-Apr-2022,155.0,PE,0.6,0.6,0.3,0.4,0.4,40,248.75,360000,12000,18-APR-2022,
OPTSTK,M&MFIN,28-Apr-2022,157.5,PE,0.0,0.0,0.0,1.0,0.6,0,0.0,80000,0,18-APR-2022,
OPTSTK,M&MFIN,28-Apr-2022,160.0,PE,0.75,0.85,0.45,0.65,0.65,188,1208.13,660000,-92000,18-APR-2022,
OPTSTK,M&MFIN,28-Apr-2022,162.5,PE,0.9,0.9,0.9,0.9,1.25,1,6.53,76000,0,18-APR-2022,
OPTSTK,M&MFIN,28-Apr-2022,165.0,PE,1.1,1.4,0.75,1.2,1.2,192,1275.41,596000,40000,18-APR-2022,
OPTSTK,M&MFIN,28-Apr-2022,167.5,PE,4.0,4.0,0.7,1.6,1.6,158,1067.2,192000,36000,18-APR-2022,
OPTSTK,M&MFIN,28-Apr-2022,170.0,PE,2.15,2.7,1.25,2.15,2.15,251,1725.69,1012000,-24000,18-APR-2022,
OPTSTK,M&MFIN,28-Apr-2022,172.5,PE,3.0,3.6,1.85,2.95,2.95,105,735.71,164000,-36000,18-APR-2022,
OPTSTK,M&MFIN,28-Apr-2022,175.0,PE,3.85,4.9,2.5,3.95,3.95,370,2644.09,528000,-76000,18-APR-2022,
OPTSTK,M&MFIN,28-Apr-2022,177.5,PE,4.2,6.2,3.5,5.1,5.1,126,919.12,128000,0,18-APR-2022,
OPTSTK,M&MFIN,28-Apr-2022,180.0,PE,5.2,7.95,4.4,6.5,6.5,316,2348.29,472000,8000,18-APR-2022,
OPTSTK,M&MFIN,28-Apr-2022,182.5,PE,6.0,9.5,6.0,8.15,9.05,7,53.05,24000,16000,18-APR-2022,
OPTSTK,M&MFIN,28-Apr-2022,185.0,PE,7.6,10.45,7.6,9.6,9.6,18,139.77,36000,0,18-APR-2022,
OPTSTK,M&MFIN,28-Apr-2022,187.5,PE,0.0,0.0,0.0,36.6,12.45,0,0.0,0,0,18-APR-2022,
OPTSTK,M&MFIN,28-Apr-2022,190.0,PE,10.95,14.3,10.5,12.2,14.35,12,97.03,48000,-4000,18-APR-2022,
OPTSTK,M&MFIN,28-Apr-2022,192.5,PE,0.0,0.0,0.0,40.5,16.4,0,0.0,0,0,18-APR-2022,
OPTSTK,M&MFIN,28-Apr-2022,195.0,PE,0.0,0.0,0.0,42.5,18.5,0,0.0,0,0,18-APR-2022,
OPTSTK,M&MFIN,28-Apr-2022,197.5,PE,0.0,0.0,0.0,44.55,20.65,0,0.0,0,0,18-APR-2022,
OPTSTK,M&MFIN,28-Apr-2022,200.0,PE,0.0,0.0,0.0,19.0,22.9,0,0.0,4000,0,18-APR-2022,
OPTSTK,M&MFIN,28-Apr-2022,202.5,PE,0.0,0.0,0.0,48.7,25.25,0,0.0,0,0,18-APR-2022,
OPTSTK,M&MFIN,28-Apr-2022,205.0,PE,0.0,0.0,0.0,50.8,27.6,0,0.0,0,0,18-APR-2022,
OPTSTK,M&MFIN,28-Apr-2022,207.5,PE,0.0,0.0,0.0,52.95,29.95,0,0.0,0,0,18-APR-2022,
OPTSTK,M&MFIN,28-Apr-2022,210.0,PE,0.0,0.0,0.0,55.1,32.4,0,0.0,0,0,18-APR-2022,
OPTSTK,M&MFIN,28-Apr-2022,212.5,PE,0.0,0.0,0.0,57.3,34.85,0,0.0,0,0,18-APR-2022,
OPTSTK,M&MFIN,26-May-2022,97.5,CE,0.0,0.0,0.0,45.5,80.55,0,0.0,0,0,18-APR-2022,
OPTSTK,M&MFIN,26-May-2022,100.0,CE,0.0,0.0,0.0,43.3,78.05,0,0.0,0,0,18-APR-2022,
OPTSTK,M&MFIN,26-May-2022,102.5,CE,0.0,0.0,0.0,41.15,75.6,0,0.0,0,0,18-APR-2022,
OPTSTK,M&MFIN,26-May-2022,105.0,CE,0.0,0.0,0.0,39.05,73.1,0,0.0,0,0,18-APR-2022,
OPTSTK,M&MFIN,26-May-2022,107.5,CE,0.0,0.0,0.0,37.05,70.6,0,0.0,0,0,18-APR-2022,
OPTSTK,M&MFIN,26-May-2022,110.0,CE,0.0,0.0,0.0,35.05,68.1,0,0.0,0,0,18-APR-2022,
OPTSTK,M&MFIN,26-May-2022,112.5,CE,0.0,0.0,0.0,33.1,65.65,0,0.0,0,0,18-APR-2022,
OPTSTK,M&MFIN,26-May-2022,115.0,CE,0.0,0.0,0.0,31.25,63.15,0,0.0,0,0,18-APR-2022,
OPTSTK,M&MFIN,26-May-2022,117.5,CE,0.0,0.0,0.0,29.45,60.7,0,0.0,0,0,18-APR-2022,
OPTSTK,M&MFIN,26-May-2022,120.0,CE,0.0,0.0,0.0,27.7,58.25,0,0.0,0,0,18-APR-2022,
OPTSTK,M&MFIN,26-May-2022,122.5,CE,0.0,0.0,0.0,26.05,55.8,0,0.0,0,0,18-APR-2022,
OPTSTK,M&MFIN,26-May-2022,125.0,CE,0.0,0.0,0.0,24.45,53.35,0,0.0,0,0,18-APR-2022,
OPTSTK,M&MFIN,26-May-2022,127.5,CE,0.0,0.0,0.0,22.9,50.95,0,0.0,0,0,18-APR-2022,
OPTSTK,M&MFIN,26-May-2022,130.0,CE,0.0,0.0,0.0,21.45,48.55,0,0.0,0,0,18-APR-2022,
OPTSTK,M&MFIN,26-May-2022,132.5,CE,0.0,0.0,0.0,20.05,46.15,0,0.0,0,0,18-APR-2022,
OPTSTK,M&MFIN,26-May-2022,135.0,CE,0.0,0.0,0.0,18.75,43.85,0,0.0,0,0,18-APR-2022,
OPTSTK,M&MFIN,26-May-2022,137.5,CE,0.0,0.0,0.0,17.5,41.5,0,0.0,0,0,18-APR-2022,
OPTSTK,M&MFIN,26-May-2022,140.0,CE,0.0,0.0,0.0,16.3,39.25,0,0.0,0,0,18-APR-2022,
OPTSTK,M&MFIN,26-May-2022,142.5,CE,0.0,0.0,0.0,15.15,37.0,0,0.0,0,0,18-APR-2022,
OPTSTK,M&MFIN,26-May-2022,145.0,CE,0.0,0.0,0.0,14.1,34.85,0,0.0,0,0,18-APR-2022,
OPTSTK,M&MFIN,26-May-2022,147.5,CE,0.0,0.0,0.0,13.1,32.7,0,0.0,0,0,18-APR-2022,
OPTSTK,M&MFIN,26-May-2022,150.0,CE,0.0,0.0,0.0,12.15,30.65,0,0.0,0,0,18-APR-2022,
OPTSTK,M&MFIN,26-May-2022,152.5,CE,0.0,0.0,0.0,11.25,28.65,0,0.0,0,0,18-APR-2022,
OPTSTK,M&MFIN,26-May-2022,155.0,CE,0.0,0.0,0.0,10.45,26.7,0,0.0,0,0,18-APR-2022,
OPTSTK,M&MFIN,26-May-2022,157.5,CE,0.0,0.0,0.0,9.65,24.85,0,0.0,0,0,18-APR-2022,
OPTSTK,M&MFIN,26-May-2022,160.0,CE,0.0,0.0,0.0,14.0,23.05,0,0.0,4000,0,18-APR-2022,
OPTSTK,M&MFIN,26-May-2022,162.5,CE,0.0,0.0,0.0,8.25,21.3,0,0.0,0,0,18-APR-2022,
OPTSTK,M&MFIN,26-May-2022,165.0,CE,0.0,0.0,0.0,7.6,19.65,0,0.0,0,0,18-APR-2022,
OPTSTK,M&MFIN,26-May-2022,167.5,CE,0.0,0.0,0.0,7.0,18.1,0,0.0,0,0,18-APR-2022,
OPTSTK,M&MFIN,26-May-2022,170.0,CE,16.0,16.0,16.0,16.0,16.65,1,7.44,32000,0,18-APR-2022,
OPTSTK,M&MFIN,26-May-2022,172.5,CE,0.0,0.0,0.0,5.95,15.25,0,0.0,0,0,18-APR-2022,
OPTSTK,M&MFIN,26-May-2022,175.0,CE,0.0,0.0,0.0,5.5,13.95,0,0.0,0,0,18-APR-2022,
OPTSTK,M&MFIN,26-May-2022,177.5,CE,0.0,0.0,0.0,5.05,12.7,0,0.0,0,0,18-APR-2022,
OPTSTK,M&MFIN,26-May-2022,180.0,CE,10.05,11.0,8.8,9.35,9.35,13,98.69,96000,8000,18-APR-2022,
OPTSTK,M&MFIN,26-May-2022,182.5,CE,0.0,0.0,0.0,4.25,10.5,0,0.0,0,0,18-APR-2022,
OPTSTK,M&MFIN,26-May-2022,185.0,CE,0.0,0.0,0.0,3.9,9.5,0,0.0,0,0,18-APR-2022,
OPTSTK,M&MFIN,26-May-2022,187.5,CE,0.0,0.0,0.0,3.6,8.6,0,0.0,0,0,18-APR-2022,
OPTSTK,M&MFIN,26-May-2022,190.0,CE,6.5,6.5,6.5,6.5,7.75,1,7.86,4000,4000,18-APR-2022,
OPTSTK,M&MFIN,26-May-2022,192.5,CE,0.0,0.0,0.0,3.0,6.95,0,0.0,0,0,18-APR-2022,
OPTSTK,M&MFIN,26-May-2022,195.0,CE,0.0,0.0,0.0,2.95,6.25,0,0.0,4000,0,18-APR-2022,
OPTSTK,M&MFIN,26-May-2022,197.5,CE,0.0,0.0,0.0,2.55,5.6,0,0.0,0,0,18-APR-2022,
OPTSTK,M&MFIN,26-May-2022,200.0,CE,4.35,4.4,3.4,3.5,3.5,21,171.44,108000,56000,18-APR-2022,
OPTSTK,M&MFIN,26-May-2022,202.5,CE,5.95,5.95,5.95,5.95,4.45,1,8.33,4000,4000,18-APR-2022,
OPTSTK,M&MFIN,26-May-2022,205.0,CE,0.0,0.0,0.0,1.95,4.0,0,0.0,0,0,18-APR-2022,
OPTSTK,M&MFIN,26-May-2022,207.5,CE,0.0,0.0,0.0,2.35,3.55,0,0.0,0,0,18-APR-2022,
OPTSTK,M&MFIN,26-May-2022,210.0,CE,0.0,0.0,0.0,2.15,3.15,0,0.0,0,0,18-APR-2022,
OPTSTK,M&MFIN,26-May-2022,212.5,CE,0.0,0.0,0.0,1.5,2.8,0,0.0,0,0,18-APR-2022,
OPTSTK,M&MFIN,26-May-2022,97.5,PE,0.0,0.0,0.0,1.2,0.0,0,0.0,0,0,18-APR-2022,
OPTSTK,M&MFIN,26-May-2022,100.0,PE,0.0,0.0,0.0,1.5,0.0,0,0.0,0,0,18-APR-2022,
OPTSTK,M&MFIN,26-May-2022,102.5,PE,0.0,0.0,0.0,1.85,0.0,0,0.0,0,0,18-APR-2022,
OPTSTK,M&MFIN,26-May-2022,105.0,PE,0.0,0.0,0.0,2.2,0.05,0,0.0,0,0,18-APR-2022,
OPTSTK,M&MFIN,26-May-2022,107.5,PE,0.0,0.0,0.0,2.65,0.05,0,0.0,0,0,18-APR-2022,
OPTSTK,M&MFIN,26-May-2022,110.0,PE,0.0,0.0,0.0,3.15,0.05,0,0.0,0,0,18-APR-2022,
OPTSTK,M&MFIN,26-May-2022,112.5,PE,0.0,0.0,0.0,3.7,0.05,0,0.0,0,0,18-APR-2022,
OPTSTK,M&MFIN,26-May-2022,115.0,PE,0.0,0.0,0.0,4.3,0.05,0,0.0,0,0,18-APR-2022,
OPTSTK,M&MFIN,26-May-2022,117.5,PE,0.0,0.0,0.0,5.0,0.1,0,0.0,0,0,18-APR-2022,
OPTSTK,M&MFIN,26-May-2022,120.0,PE,0.0,0.0,0.0,5.7,0.1,0,0.0,0,0,18-APR-2022,
OPTSTK,M&MFIN,26-May-2022,122.5,PE,0.0,0.0,0.0,6.55,0.15,0,0.0,0,0,18-APR-2022,
OPTSTK,M&MFIN,26-May-2022,125.0,PE,0.0,0.0,0.0,7.4,0.2,0,0.0,0,0,18-APR-2022,
OPTSTK,M&MFIN,26-May-2022,127.5,PE,0.0,0.0,0.0,8.35,0.3,0,0.0,0,0,18-APR-2022,
OPTSTK,M&MFIN,26-May-2022,130.0,PE,0.0,0.0,0.0,9.35,0.35,0,0.0,0,0,18-APR-2022,
OPTSTK,M&MFIN,26-May-2022,132.5,PE,0.0,0.0,0.0,4.5,0.5,0,0.0,4000,0,18-APR-2022,
OPTSTK,M&MFIN,26-May-2022,135.0,PE,0.0,0.0,0.0,11.6,0.65,0,0.0,0,0,18-APR-2022,
OPTSTK,M&MFIN,26-May-2022,137.5,PE,0.0,0.0,0.0,12.8,0.8,0,0.0,0,0,18-APR-2022,
OPTSTK,M&MFIN,26-May-2022,140.0,PE,0.0,0.0,0.0,14.1,1.05,0,0.0,0,0,18-APR-2022,
OPTSTK,M&MFIN,26-May-2022,142.5,PE,0.0,0.0,0.0,15.4,1.3,0,0.0,0,0,18-APR-2022,
OPTSTK,M&MFIN,26-May-2022,145.0,PE,0.0,0.0,0.0,16.85,1.6,0,0.0,0,0,18-APR-2022,
OPTSTK,M&MFIN,26-May-2022,147.5,PE,0.0,0.0,0.0,18.3,1.95,0,0.0,0,0,18-APR-2022,
OPTSTK,M&MFIN,26-May-2022,150.0,PE,1.35,1.4,1.35,1.4,2.4,2,12.11,28000,0,18-APR-2022,
OPTSTK,M&MFIN,26-May-2022,152.5,PE,0.0,0.0,0.0,21.4,2.85,0,0.0,0,0,18-APR-2022,
OPTSTK,M&MFIN,26-May-2022,155.0,PE,0.0,0.0,0.0,11.05,3.4,0,0.0,4000,0,18-APR-2022,
OPTSTK,M&MFIN,26-May-2022,157.5,PE,0.0,0.0,0.0,24.75,4.05,0,0.0,0,0,18-APR-2022,
OPTSTK,M&MFIN,26-May-2022,160.0,PE,2.5,2.5,2.5,2.5,4.75,1,6.5,16000,4000,18-APR-2022,
OPTSTK,M&MFIN,26-May-2022,162.5,PE,0.0,0.0,0.0,28.3,5.5,0,0.0,0,0,18-APR-2022,
OPTSTK,M&MFIN,26-May-2022,165.0,PE,5.35,5.35,5.35,5.35,6.35,1,6.81,8000,4000,18-APR-2022,
OPTSTK,M&MFIN,26-May-2022,167.5,PE,0.0,0.0,0.0,32.0,7.25,0,0.0,0,0,18-APR-2022,
OPTSTK,M&MFIN,26-May-2022,170.0,PE,0.0,0.0,0.0,33.95,8.3,0,0.0,0,0,18-APR-2022,
OPTSTK,M&MFIN,26-May-2022,172.5,PE,0.0,0.0,0.0,35.9,9.4,0,0.0,0,0,18-APR-2022,
OPTSTK,M&MFIN,26-May-2022,175.0,PE,0.0,0.0,0.0,7.0,10.55,0,0.0,8000,0,18-APR-2022,
OPTSTK,M&MFIN,26-May-2022,177.5,PE,0.0,0.0,0.0,39.95,11.85,0,0.0,0,0,18-APR-2022,
OPTSTK,M&MFIN,26-May-2022,180.0,PE,9.0,11.0,9.0,10.8,10.8,8,60.75,32000,24000,18-APR-2022,
OPTSTK,M&MFIN,26-May-2022,182.5,PE,0.0,0.0,0.0,44.1,14.6,0,0.0,0,0,18-APR-2022,
OPTSTK,M&MFIN,26-May-2022,185.0,PE,0.0,0.0,0.0,46.2,16.1,0,0.0,0,0,18-APR-2022,
OPTSTK,M&MFIN,26-May-2022,187.5,PE,0.0,0.0,0.0,48.35,17.65,0,0.0,0,0,18-APR-2022,
OPTSTK,M&MFIN,26-May-2022,190.0,PE,0.0,0.0,0.0,50.55,19.3,0,0.0,0,0,18-APR-2022,
OPTSTK,M&MFIN,26-May-2022,192.5,PE,0.0,0.0,0.0,52.75,21.0,0,0.0,0,0,18-APR-2022,
OPTSTK,M&MFIN,26-May-2022,195.0,PE,0.0,0.0,0.0,54.95,22.8,0,0.0,0,0,18-APR-2022,
OPTSTK,M&MFIN,26-May-2022,197.5,PE,0.0,0.0,0.0,57.2,24.65,0,0.0,0,0,18-APR-2022,
OPTSTK,M&MFIN,26-May-2022,200.0,PE,0.0,0.0,0.0,59.45,26.55,0,0.0,0,0,18-APR-2022,
OPTSTK,M&MFIN,26-May-2022,202.5,PE,0.0,0.0,0.0,61.75,28.5,0,0.0,0,0,18-APR-2022,
OPTSTK,M&MFIN,26-May-2022,205.0,PE,0.0,0.0,0.0,64.05,30.45,0,0.0,0,0,18-APR-2022,
OPTSTK,M&MFIN,26-May-2022,207.5,PE,0.0,0.0,0.0,62.15,32.5,0,0.0,0,0,18-APR-2022,
OPTSTK,M&MFIN,26-May-2022,210.0,PE,0.0,0.0,0.0,64.45,34.6,0,0.0,0,0,18-APR-2022,
OPTSTK,M&MFIN,26-May-2022,212.5,PE,0.0,0.0,0.0,65.1,36.75,0,0.0,0,0,18-APR-2022,
OPTSTK,M&MFIN,30-Jun-2022,100.0,CE,0.0,0.0,0.0,60.8,78.55,0,0.0,0,0,18-APR-2022,
OPTSTK,M&MFIN,30-Jun-2022,102.5,CE,0.0,0.0,0.0,58.45,76.1,0,0.0,0,0,18-APR-2022,
OPTSTK,M&MFIN,30-Jun-2022,105.0,CE,0.0,0.0,0.0,56.15,73.65,0,0.0,0,0,18-APR-2022,
OPTSTK,M&MFIN,30-Jun-2022,107.5,CE,0.0,0.0,0.0,53.9,71.25,0,0.0,0,0,18-APR-2022,
OPTSTK,M&MFIN,30-Jun-2022,110.0,CE,0.0,0.0,0.0,51.65,68.8,0,0.0,0,0,18-APR-2022,
OPTSTK,M&MFIN,30-Jun-2022,112.5,CE,0.0,0.0,0.0,49.45,66.4,0,0.0,0,0,18-APR-2022,
OPTSTK,M&MFIN,30-Jun-2022,115.0,CE,0.0,0.0,0.0,47.3,64.05,0,0.0,0,0,18-APR-2022,
OPTSTK,M&MFIN,30-Jun-2022,117.5,CE,0.0,0.0,0.0,45.2,61.65,0,0.0,0,0,18-APR-2022,
OPTSTK,M&MFIN,30-Jun-2022,120.0,CE,0.0,0.0,0.0,43.1,59.35,0,0.0,0,0,18-APR-2022,
OPTSTK,M&MFIN,30-Jun-2022,122.5,CE,0.0,0.0,0.0,41.1,57.0,0,0.0,0,0,18-APR-2022,
OPTSTK,M&MFIN,30-Jun-2022,125.0,CE,0.0,0.0,0.0,39.15,54.75,0,0.0,0,0,18-APR-2022,
OPTSTK,M&MFIN,30-Jun-2022,127.5,CE,0.0,0.0,0.0,37.2,52.5,0,0.0,0,0,18-APR-2022,
OPTSTK,M&MFIN,30-Jun-2022,130.0,CE,0.0,0.0,0.0,35.35,50.25,0,0.0,0,0,18-APR-2022,
OPTSTK,M&MFIN,30-Jun-2022,132.5,CE,0.0,0.0,0.0,33.55,48.1,0,0.0,0,0,18-APR-2022,
OPTSTK,M&MFIN,30-Jun-2022,135.0,CE,0.0,0.0,0.0,31.8,45.95,0,0.0,0,0,18-APR-2022,
OPTSTK,M&MFIN,30-Jun-2022,137.5,CE,0.0,0.0,0.0,30.1,43.85,0,0.0,0,0,18-APR-2022,
OPTSTK,M&MFIN,30-Jun-2022,140.0,CE,0.0,0.0,0.0,28.5,41.8,0,0.0,0,0,18-APR-2022,
OPTSTK,M&MFIN,30-Jun-2022,142.5,CE,0.0,0.0,0.0,26.9,39.8,0,0.0,0,0,18-APR-2022,
OPTSTK,M&MFIN,30-Jun-2022,145.0,CE,0.0,0.0,0.0,25.4,37.85,0,0.0,0,0,18-APR-2022,
OPTSTK,M&MFIN,30-Jun-2022,147.5,CE,0.0,0.0,0.0,23.95,35.95,0,0.0,0,0,18-APR-2022,
OPTSTK,M&MFIN,30-Jun-2022,150.0,CE,0.0,0.0,0.0,22.55,34.1,0,0.0,0,0,18-APR-2022,
OPTSTK,M&MFIN,30-Jun-2022,152.5,CE,0.0,0.0,0.0,21.25,32.35,0,0.0,0,0,18-APR-2022,
OPTSTK,M&MFIN,30-Jun-2022,155.0,CE,0.0,0.0,0.0,20.0,30.6,0,0.0,0,0,18-APR-2022,
OPTSTK,M&MFIN,30-Jun-2022,157.5,CE,0.0,0.0,0.0,18.75,28.9,0,0.0,0,0,18-APR-2022,
OPTSTK,M&MFIN,30-Jun-2022,160.0,CE,0.0,0.0,0.0,17.6,27.3,0,0.0,0,0,18-APR-2022,
OPTSTK,M&MFIN,30-Jun-2022,162.5,CE,0.0,0.0,0.0,16.55,25.75,0,0.0,0,0,18-APR-2022,
OPTSTK,M&MFIN,30-Jun-2022,165.0,CE,0.0,0.0,0.0,15.5,24.3,0,0.0,0,0,18-APR-2022,
OPTSTK,M&MFIN,30-Jun-2022,167.5,CE,0.0,0.0,0.0,14.5,22.85,0,0.0,0,0,18-APR-2022,
OPTSTK,M&MFIN,30-Jun-2022,170.0,CE,0.0,0.0,0.0,13.55,21.5,0,0.0,0,0,18-APR-2022,
OPTSTK,M&MFIN,30-Jun-2022,172.5,CE,0.0,0.0,0.0,12.7,20.2,0,0.0,0,0,18-APR-2022,
OPTSTK,M&MFIN,30-Jun-2022,175.0,CE,0.0,0.0,0.0,11.85,18.95,0,0.0,0,0,18-APR-2022,
OPTSTK,M&MFIN,30-Jun-2022,177.5,CE,0.0,0.0,0.0,11.05,17.75,0,0.0,0,0,18-APR-2022,
OPTSTK,M&MFIN,30-Jun-2022,180.0,CE,0.0,0.0,0.0,10.3,16.6,0,0.0,0,0,18-APR-2022,
OPTSTK,M&MFIN,30-Jun-2022,182.5,CE,0.0,0.0,0.0,9.65,15.55,0,0.0,0,0,18-APR-2022,
OPTSTK,M&MFIN,30-Jun-2022,185.0,CE,0.0,0.0,0.0,8.95,14.55,0,0.0,0,0,18-APR-2022,
OPTSTK,M&MFIN,30-Jun-2022,187.5,CE,0.0,0.0,0.0,8.35,13.55,0,0.0,0,0,18-APR-2022,
OPTSTK,M&MFIN,30-Jun-2022,190.0,CE,0.0,0.0,0.0,7.8,12.65,0,0.0,0,0,18-APR-2022,
OPTSTK,M&MFIN,30-Jun-2022,192.5,CE,0.0,0.0,0.0,7.25,11.8,0,0.0,0,0,18-APR-2022,
OPTSTK,M&MFIN,30-Jun-2022,195.0,CE,0.0,0.0,0.0,6.75,11.0,0,0.0,0,0,18-APR-2022,
OPTSTK,M&MFIN,30-Jun-2022,197.5,CE,0.0,0.0,0.0,6.25,10.2,0,0.0,0,0,18-APR-2022,
OPTSTK,M&MFIN,30-Jun-2022,200.0,CE,0.0,0.0,0.0,5.8,9.5,0,0.0,0,0,18-APR-2022,
OPTSTK,M&MFIN,30-Jun-2022,202.5,CE,0.0,0.0,0.0,5.4,8.8,0,0.0,0,0,18-APR-2022,
OPTSTK,M&MFIN,30-Jun-2022,205.0,CE,0.0,0.0,0.0,5.0,8.2,0,0.0,0,0,18-APR-2022,
OPTSTK,M&MFIN,30-Jun-2022,207.5,CE,0.0,0.0,0.0,4.65,7.6,0,0.0,0,0,18-APR-2022,
OPTSTK,M&MFIN,30-Jun-2022,210.0,CE,0.0,0.0,0.0,4.3,7.05,0,0.0,0,0,18-APR-2022,
OPTSTK,M&MFIN,30-Jun-2022,212.5,CE,0.0,0.0,0.0,4.0,6.55,0,0.0,0,0,18-APR-2022,
OPTSTK,M&MFIN,30-Jun-2022,100.0,PE,0.0,0.0,0.0,0.6,0.1,0,0.0,0,0,18-APR-2022,
OPTSTK,M&MFIN,30-Jun-2022,102.5,PE,0.0,0.0,0.0,0.7,0.15,0,0.0,0,0,18-APR-2022,
OPTSTK,M&MFIN,30-Jun-2022,105.0,PE,0.0,0.0,0.0,0.9,0.15,0,0.0,0,0,18-APR-2022,
OPTSTK,M&MFIN,30-Jun-2022,107.5,PE,0.0,0.0,0.0,1.1,0.2,0,0.0,0,0,18-APR-2022,
OPTSTK,M&MFIN,30-Jun-2022,110.0,PE,0.0,0.0,0.0,1.35,0.3,0,0.0,0,0,18-APR-2022,
OPTSTK,M&MFIN,30-Jun-2022,112.5,PE,0.0,0.0,0.0,1.6,0.35,0,0.0,0,0,18-APR-2022,
OPTSTK,M&MFIN,30-Jun-2022,115.0,PE,0.0,0.0,0.0,1.95,0.45,0,0.0,0,0,18-APR-2022,
OPTSTK,M&MFIN,30-Jun-2022,117.5,PE,0.0,0.0,0.0,2.3,0.55,0,0.0,0,0,18-APR-2022,
OPTSTK,M&MFIN,30-Jun-2022,120.0,PE,0.0,0.0,0.0,2.7,0.7,0,0.0,0,0,18-APR-2022,
OPTSTK,M&MFIN,30-Jun-2022,122.5,PE,0.0,0.0,0.0,3.15,0.9,0,0.0,0,0,18-APR-2022,
OPTSTK,M&MFIN,30-Jun-2022,125.0,PE,0.0,0.0,0.0,3.65,1.05,0,0.0,0,0,18-APR-2022,
OPTSTK,M&MFIN,30-Jun-2022,127.5,PE,0.0,0.0,0.0,4.2,1.3,0,0.0,0,0,18-APR-2022,
OPTSTK,M&MFIN,30-Jun-2022,130.0,PE,0.0,0.0,0.0,4.85,1.55,0,0.0,0,0,18-APR-2022,
OPTSTK,M&MFIN,30-Jun-2022,132.5,PE,0.0,0.0,0.0,5.5,1.85,0,0.0,0,0,18-APR-2022,
OPTSTK,M&MFIN,30-Jun-2022,135.0,PE,0.0,0.0,0.0,6.25,2.2,0,0.0,0,0,18-APR-2022,
OPTSTK,M&MFIN,30-Jun-2022,137.5,PE,0.0,0.0,0.0,7.0,2.6,0,0.0,0,0,18-APR-2022,
OPTSTK,M&MFIN,30-Jun-2022,140.0,PE,0.0,0.0,0.0,7.85,3.0,0,0.0,0,0,18-APR-2022,
OPTSTK,M&MFIN,30-Jun-2022,142.5,PE,0.0,0.0,0.0,8.75,3.5,0,0.0,0,0,18-APR-2022,
OPTSTK,M&MFIN,30-Jun-2022,145.0,PE,0.0,0.0,0.0,9.75,4.0,0,0.0,0,0,18-APR-2022,
OPTSTK,M&MFIN,30-Jun-2022,147.5,PE,0.0,0.0,0.0,10.75,4.6,0,0.0,0,0,18-APR-2022,
OPTSTK,M&MFIN,30-Jun-2022,150.0,PE,0.0,0.0,0.0,11.85,5.25,0,0.0,0,0,18-APR-2022,
OPTSTK,M&MFIN,30-Jun-2022,152.5,PE,0.0,0.0,0.0,13.0,5.95,0,0.0,0,0,18-APR-2022,
OPTSTK,M&MFIN,30-Jun-2022,155.0,PE,0.0,0.0,0.0,14.2,6.7,0,0.0,0,0,18-APR-2022,
OPTSTK,M&MFIN,30-Jun-2022,157.5,PE,0.0,0.0,0.0,15.45,7.5,0,0.0,0,0,18-APR-2022,
OPTSTK,M&MFIN,30-Jun-2022,160.0,PE,0.0,0.0,0.0,16.8,8.35,0,0.0,0,0,18-APR-2022,
OPTSTK,M&MFIN,30-Jun-2022,162.5,PE,0.0,0.0,0.0,18.15,9.3,0,0.0,0,0,18-APR-2022,
OPTSTK,M&MFIN,30-Jun-2022,165.0,PE,0.0,0.0,0.0,19.6,10.3,0,0.0,0,0,18-APR-2022,
OPTSTK,M&MFIN,30-Jun-2022,167.5,PE,0.0,0.0,0.0,21.1,11.35,0,0.0,0,0,18-APR-2022,
OPTSTK,M&MFIN,30-Jun-2022,170.0,PE,0.0,0.0,0.0,22.65,12.45,0,0.0,0,0,18-APR-2022,
OPTSTK,M&MFIN,30-Jun-2022,172.5,PE,0.0,0.0,0.0,24.25,13.6,0,0.0,0,0,18-APR-2022,
OPTSTK,M&MFIN,30-Jun-2022,175.0,PE,0.0,0.0,0.0,25.85,14.85,0,0.0,0,0,18-APR-2022,
OPTSTK,M&MFIN,30-Jun-2022,177.5,PE,0.0,0.0,0.0,27.55,16.15,0,0.0,0,0,18-APR-2022,
OPTSTK,M&MFIN,30-Jun-2022,180.0,PE,0.0,0.0,0.0,29.3,17.5,0,0.0,0,0,18-APR-2022,
OPTSTK,M&MFIN,30-Jun-2022,182.5,PE,0.0,0.0,0.0,31.05,18.9,0,0.0,0,0,18-APR-2022,
OPTSTK,M&MFIN,30-Jun-2022,185.0,PE,0.0,0.0,0.0,32.85,20.35,0,0.0,0,0,18-APR-2022,
OPTSTK,M&MFIN,30-Jun-2022,187.5,PE,0.0,0.0,0.0,34.75,21.9,0,0.0,0,0,18-APR-2022,
OPTSTK,M&MFIN,30-Jun-2022,190.0,PE,0.0,0.0,0.0,36.65,23.45,0,0.0,0,0,18-APR-2022,
OPTSTK,M&MFIN,30-Jun-2022,192.5,PE,0.0,0.0,0.0,38.55,25.05,0,0.0,0,0,18-APR-2022,
OPTSTK,M&MFIN,30-Jun-2022,195.0,PE,0.0,0.0,0.0,40.55,26.75,0,0.0,0,0,18-APR-2022,
OPTSTK,M&MFIN,30-Jun-2022,197.5,PE,0.0,0.0,0.0,42.55,28.45,0,0.0,0,0,18-APR-2022,
OPTSTK,M&MFIN,30-Jun-2022,200.0,PE,0.0,0.0,0.0,44.55,30.2,0,0.0,0,0,18-APR-2022,
OPTSTK,M&MFIN,30-Jun-2022,202.5,PE,0.0,0.0,0.0,46.6,32.0,0,0.0,0,0,18-APR-2022,
OPTSTK,M&MFIN,30-Jun-2022,205.0,PE,0.0,0.0,0.0,48.7,33.85,0,0.0,0,0,18-APR-2022,
OPTSTK,M&MFIN,30-Jun-2022,207.5,PE,0.0,0.0,0.0,50.8,35.75,0,0.0,0,0,18-APR-2022,
OPTSTK,M&MFIN,30-Jun-2022,210.0,PE,0.0,0.0,0.0,52.95,37.65,0,0.0,0,0,18-APR-2022,
OPTSTK,M&MFIN,30-Jun-2022,212.5,PE,0.0,0.0,0.0,55.1,39.65,0,0.0,0,0,18-APR-2022,
OPTSTK,MANAPPURAM,28-Apr-2022,75.0,CE,0.0,0.0,0.0,68.55,48.2,0,0.0,0,0,18-APR-2022,
OPTSTK,MANAPPURAM,28-Apr-2022,77.5,CE,0.0,0.0,0.0,66.1,45.7,0,0.0,0,0,18-APR-2022,
OPTSTK,MANAPPURAM,28-Apr-2022,80.0,CE,0.0,0.0,0.0,63.65,43.2,0,0.0,0,0,18-APR-2022,
OPTSTK,MANAPPURAM,28-Apr-2022,82.5,CE,0.0,0.0,0.0,71.8,40.7,0,0.0,0,0,18-APR-2022,
OPTSTK,MANAPPURAM,28-Apr-2022,85.0,CE,0.0,0.0,0.0,69.35,38.2,0,0.0,0,0,18-APR-2022,
OPTSTK,MANAPPURAM,28-Apr-2022,87.5,CE,0.0,0.0,0.0,66.95,35.7,0,0.0,0,0,18-APR-2022,
OPTSTK,MANAPPURAM,28-Apr-2022,90.0,CE,0.0,0.0,0.0,64.5,33.2,0,0.0,0,0,18-APR-2022,
OPTSTK,MANAPPURAM,28-Apr-2022,92.5,CE,0.0,0.0,0.0,62.1,30.75,0,0.0,0,0,18-APR-2022,
OPTSTK,MANAPPURAM,28-Apr-2022,95.0,CE,0.0,0.0,0.0,59.75,28.25,0,0.0,0,0,18-APR-2022,
OPTSTK,MANAPPURAM,28-Apr-2022,97.5,CE,0.0,0.0,0.0,57.35,25.75,0,0.0,0,0,18-APR-2022,
OPTSTK,MANAPPURAM,28-Apr-2022,100.0,CE,0.0,0.0,0.0,23.65,23.25,0,0.0,15000,0,18-APR-2022,
OPTSTK,MANAPPURAM,28-Apr-2022,102.5,CE,0.0,0.0,0.0,52.7,20.8,0,0.0,0,0,18-APR-2022,
OPTSTK,MANAPPURAM,28-Apr-2022,105.0,CE,0.0,0.0,0.0,7.85,18.35,0,0.0,3000,0,18-APR-2022,
OPTSTK,MANAPPURAM,28-Apr-2022,107.5,CE,0.0,0.0,0.0,48.2,16.0,0,0.0,0,0,18-APR-2022,
OPTSTK,MANAPPURAM,28-Apr-2022,110.0,CE,12.0,14.1,11.0,13.5,13.5,16,58.87,216000,-15000,18-APR-2022,
OPTSTK,MANAPPURAM,28-Apr-2022,112.5,CE,0.0,0.0,0.0,12.55,11.5,0,0.0,18000,0,18-APR-2022,
OPTSTK,MANAPPURAM,28-Apr-2022,115.0,CE,7.4,9.85,7.4,9.6,9.5,9,33.36,429000,-6000,18-APR-2022,
OPTSTK,MANAPPURAM,28-Apr-2022,117.5,CE,6.55,7.0,6.55,7.0,7.65,3,11.19,99000,-3000,18-APR-2022,
OPTSTK,MANAPPURAM,28-Apr-2022,120.0,CE,4.5,6.25,4.15,5.9,5.9,291,1092.72,1413000,-84000,18-APR-2022,
OPTSTK,MANAPPURAM,28-Apr-2022,122.5,CE,3.6,5.25,3.1,4.55,4.55,212,805.16,591000,15000,18-APR-2022,
OPTSTK,MANAPPURAM,28-Apr-2022,125.0,CE,3.55,3.9,2.4,3.5,3.5,880,3383.59,4200000,-36000,18-APR-2022,
OPTSTK,MANAPPURAM,28-Apr-2022,127.5,CE,1.9,2.85,1.8,2.5,2.5,91,354.08,498000,18000,18-APR-2022,
OPTSTK,MANAPPURAM,28-Apr-2022,130.0,CE,1.7,2.05,1.0,1.85,1.85,673,2657.01,4722000,-105000,18-APR-2022,
OPTSTK,MANAPPURAM,28-Apr-2022,132.5,CE,0.75,1.4,0.75,1.25,1.25,46,184.42,321000,18000,18-APR-2022,
OPTSTK,MANAPPURAM,28-Apr-2022,135.0,CE,1.0,1.0,0.75,0.9,0.9,412,1679.34,1365000,-102000,18-APR-2022,
OPTSTK,MANAPPURAM,28-Apr-2022,137.5,CE,0.0,0.0,0.0,25.25,0.55,0,0.0,0,0,18-APR-2022,
OPTSTK,MANAPPURAM,28-Apr-2022,140.0,CE,0.7,0.7,0.5,0.6,0.6,271,1142.77,1575000,-3000,18-APR-2022,
OPTSTK,MANAPPURAM,28-Apr-2022,142.5,CE,0.0,0.0,0.0,22.25,0.25,0,0.0,0,0,18-APR-2022,
OPTSTK,MANAPPURAM,28-Apr-2022,145.0,CE,0.35,0.4,0.35,0.35,0.35,14,61.05,348000,3000,18-APR-2022,
OPTSTK,MANAPPURAM,28-Apr-2022,147.5,CE,0.0,0.0,0.0,19.55,0.1,0,0.0,0,0,18-APR-2022,
OPTSTK,MANAPPURAM,28-Apr-2022,150.0,CE,0.3,0.35,0.25,0.3,0.3,143,644.69,1062000,-105000,18-APR-2022,
OPTSTK,MANAPPURAM,28-Apr-2022,152.5,CE,0.0,0.0,0.0,17.05,0.05,0,0.0,0,0,18-APR-2022,
OPTSTK,MANAPPURAM,28-Apr-2022,155.0,CE,0.0,0.0,0.0,0.2,0.05,0,0.0,180000,0,18-APR-2022,
OPTSTK,MANAPPURAM,28-Apr-2022,157.5,CE,0.0,0.0,0.0,14.85,0.05,0,0.0,0,0,18-APR-2022,
OPTSTK,MANAPPURAM,28-Apr-2022,160.0,CE,0.1,0.2,0.1,0.2,0.2,8,38.43,225000,3000,18-APR-2022,
OPTSTK,MANAPPURAM,28-Apr-2022,162.5,CE,0.0,0.0,0.0,12.9,0.0,0,0.0,0,0,18-APR-2022,
OPTSTK,MANAPPURAM,28-Apr-2022,165.0,CE,0.0,0.0,0.0,0.25,0.0,0,0.0,15000,0,18-APR-2022,
OPTSTK,MANAPPURAM,28-Apr-2022,167.5,CE,0.0,0.0,0.0,11.1,0.0,0,0.0,0,0,18-APR-2022,
OPTSTK,MANAPPURAM,28-Apr-2022,170.0,CE,0.15,0.15,0.15,0.15,0.0,17,86.77,96000,42000,18-APR-2022,
OPTSTK,MANAPPURAM,28-Apr-2022,172.5,CE,0.0,0.0,0.0,9.55,0.0,0,0.0,0,0,18-APR-2022,
OPTSTK,MANAPPURAM,28-Apr-2022,175.0,CE,0.0,0.0,0.0,8.85,0.0,0,0.0,0,0,18-APR-2022,
OPTSTK,MANAPPURAM,28-Apr-2022,177.5,CE,0.0,0.0,0.0,8.2,0.0,0,0.0,0,0,18-APR-2022,
OPTSTK,MANAPPURAM,28-Apr-2022,180.0,CE,0.0,0.0,0.0,0.25,0.0,0,0.0,6000,0,18-APR-2022,
OPTSTK,MANAPPURAM,28-Apr-2022,182.5,CE,0.0,0.0,0.0,7.0,0.0,0,0.0,0,0,18-APR-2022,
OPTSTK,MANAPPURAM,28-Apr-2022,185.0,CE,0.0,0.0,0.0,6.5,0.0,0,0.0,0,0,18-APR-2022,
OPTSTK,MANAPPURAM,28-Apr-2022,187.5,CE,0.0,0.0,0.0,6.0,0.0,0,0.0,0,0,18-APR-2022,
OPTSTK,MANAPPURAM,28-Apr-2022,190.0,CE,0.0,0.0,0.0,5.5,0.0,0,0.0,0,0,18-APR-2022,
OPTSTK,MANAPPURAM,28-Apr-2022,192.5,CE,0.0,0.0,0.0,5.1,0.0,0,0.0,0,0,18-APR-2022,
OPTSTK,MANAPPURAM,28-Apr-2022,195.0,CE,0.0,0.0,0.0,4.7,0.0,0,0.0,0,0,18-APR-2022,
OPTSTK,MANAPPURAM,28-Apr-2022,197.5,CE,0.0,0.0,0.0,4.3,0.0,0,0.0,0,0,18-APR-2022,
OPTSTK,MANAPPURAM,28-Apr-2022,200.0,CE,0.0,0.0,0.0,3.95,0.0,0,0.0,0,0,18-APR-2022,
OPTSTK,MANAPPURAM,28-Apr-2022,202.5,CE,0.0,0.0,0.0,3.65,0.0,0,0.0,0,0,18-APR-2022,
OPTSTK,MANAPPURAM,28-Apr-2022,205.0,CE,0.0,0.0,0.0,3.35,0.0,0,0.0,0,0,18-APR-2022,
OPTSTK,MANAPPURAM,28-Apr-2022,207.5,CE,0.0,0.0,0.0,3.1,0.0,0,0.0,0,0,18-APR-2022,
OPTSTK,MANAPPURAM,28-Apr-2022,210.0,CE,0.0,0.0,0.0,2.85,0.0,0,0.0,0,0,18-APR-2022,
OPTSTK,MANAPPURAM,28-Apr-2022,212.5,CE,0.0,0.0,0.0,2.6,0.0,0,0.0,0,0,18-APR-2022,
OPTSTK,MANAPPURAM,28-Apr-2022,215.0,CE,0.0,0.0,0.0,2.4,0.0,0,0.0,0,0,18-APR-2022,
OPTSTK,MANAPPURAM,28-Apr-2022,217.5,CE,0.0,0.0,0.0,2.2,0.0,0,0.0,0,0,18-APR-2022,
OPTSTK,MANAPPURAM,28-Apr-2022,220.0,CE,0.0,0.0,0.0,2.0,0.0,0,0.0,0,0,18-APR-2022,
OPTSTK,MANAPPURAM,28-Apr-2022,222.5,CE,0.0,0.0,0.0,1.85,0.0,0,0.0,0,0,18-APR-2022,
OPTSTK,MANAPPURAM,28-Apr-2022,75.0,PE,0.0,0.0,0.0,0.3,0.0,0,0.0,0,0,18-APR-2022,
OPTSTK,MANAPPURAM,28-Apr-2022,77.5,PE,0.0,0.0,0.0,0.05,0.0,0,0.0,18000,0,18-APR-2022,
OPTSTK,MANAPPURAM,28-Apr-2022,80.0,PE,0.0,0.0,0.0,0.05,0.0,0,0.0,30000,0,18-APR-2022,
OPTSTK,MANAPPURAM,28-Apr-2022,82.5,PE,0.0,0.0,0.0,0.1,0.0,0,0.0,0,0,18-APR-2022,
OPTSTK,MANAPPURAM,28-Apr-2022,85.0,PE,0.0,0.0,0.0,0.15,0.0,0,0.0,0,0,18-APR-2022,
OPTSTK,MANAPPURAM,28-Apr-2022,87.5,PE,0.0,0.0,0.0,0.15,0.0,0,0.0,0,0,18-APR-2022,
OPTSTK,MANAPPURAM,28-Apr-2022,90.0,PE,0.0,0.0,0.0,0.1,0.0,0,0.0,3000,0,18-APR-2022,
OPTSTK,MANAPPURAM,28-Apr-2022,92.5,PE,0.0,0.0,0.0,0.3,0.0,0,0.0,0,0,18-APR-2022,
OPTSTK,MANAPPURAM,28-Apr-2022,95.0,PE,0.25,0.25,0.2,0.2,0.0,10,28.57,108000,9000,18-APR-2022,
OPTSTK,MANAPPURAM,28-Apr-2022,97.5,PE,0.0,0.0,0.0,0.3,0.05,0,0.0,24000,0,18-APR-2022,
OPTSTK,MANAPPURAM,28-Apr-2022,100.0,PE,0.4,0.45,0.25,0.25,0.25,61,183.65,681000,66000,18-APR-2022,
OPTSTK,MANAPPURAM,28-Apr-2022,102.5,PE,0.0,0.0,0.0,0.4,0.1,0,0.0,60000,0,18-APR-2022,
OPTSTK,MANAPPURAM,28-Apr-2022,105.0,PE,0.6,0.65,0.4,0.45,0.45,31,98.12,465000,-6000,18-APR-2022,
OPTSTK,MANAPPURAM,28-Apr-2022,107.5,PE,0.65,0.65,0.65,0.65,0.25,1,3.24,141000,3000,18-APR-2022,
OPTSTK,MANAPPURAM,28-Apr-2022,110.0,PE,0.9,1.35,0.6,0.65,0.65,250,830.66,1284000,-159000,18-APR-2022,
OPTSTK,MANAPPURAM,28-Apr-2022,112.5,PE,0.95,1.15,0.75,0.8,0.8,13,44.22,204000,9000,18-APR-2022,
OPTSTK,MANAPPURAM,28-Apr-2022,115.0,PE,2.0,2.0,1.05,1.1,1.1,176,614.55,1137000,-30000,18-APR-2022,
OPTSTK,MANAPPURAM,28-Apr-2022,117.5,PE,2.35,2.5,1.65,1.65,1.9,20,71.68,222000,-3000,18-APR-2022,
OPTSTK,MANAPPURAM,28-Apr-2022,120.0,PE,3.8,4.5,2.35,2.6,2.6,318,1174.08,1278000,-102000,18-APR-2022,
OPTSTK,MANAPPURAM,28-Apr-2022,122.5,PE,5.5,6.1,3.45,3.75,3.75,47,178.4,207000,-6000,18-APR-2022,
OPTSTK,MANAPPURAM,28-Apr-2022,125.0,PE,6.6,6.6,4.9,5.2,5.2,53,207.79,546000,15000,18-APR-2022,
OPTSTK,MANAPPURAM,28-Apr-2022,127.5,PE,0.0,0.0,0.0,7.3,6.8,0,0.0,24000,0,18-APR-2022,
OPTSTK,MANAPPURAM,28-Apr-2022,130.0,PE,11.25,11.25,8.5,8.5,8.5,9,37.67,216000,0,18-APR-2022,
OPTSTK,MANAPPURAM,28-Apr-2022,132.5,PE,0.0,0.0,0.0,6.25,10.5,0,0.0,0,0,18-APR-2022,
OPTSTK,MANAPPURAM,28-Apr-2022,135.0,PE,13.4,13.4,12.8,12.8,12.6,3,13.32,48000,0,18-APR-2022,
OPTSTK,MANAPPURAM,28-Apr-2022,137.5,PE,0.0,0.0,0.0,7.95,14.8,0,0.0,0,0,18-APR-2022,
OPTSTK,MANAPPURAM,28-Apr-2022,140.0,PE,0.0,0.0,0.0,17.05,17.1,0,0.0,132000,0,18-APR-2022,
OPTSTK,MANAPPURAM,28-Apr-2022,142.5,PE,0.0,0.0,0.0,9.9,19.5,0,0.0,0,0,18-APR-2022,
OPTSTK,MANAPPURAM,28-Apr-2022,145.0,PE,0.0,0.0,0.0,21.5,21.9,0,0.0,6000,0,18-APR-2022,
OPTSTK,MANAPPURAM,28-Apr-2022,147.5,PE,0.0,0.0,0.0,12.15,24.35,0,0.0,0,0,18-APR-2022,
OPTSTK,MANAPPURAM,28-Apr-2022,150.0,PE,28.7,28.7,28.7,28.7,26.8,1,5.36,231000,0,18-APR-2022,
OPTSTK,MANAPPURAM,28-Apr-2022,152.5,PE,0.0,0.0,0.0,14.65,29.25,0,0.0,0,0,18-APR-2022,
OPTSTK,MANAPPURAM,28-Apr-2022,155.0,PE,0.0,0.0,0.0,39.0,31.75,0,0.0,6000,0,18-APR-2022,
OPTSTK,MANAPPURAM,28-Apr-2022,157.5,PE,0.0,0.0,0.0,17.35,34.25,0,0.0,0,0,18-APR-2022,
OPTSTK,MANAPPURAM,28-Apr-2022,160.0,PE,0.0,0.0,0.0,36.5,36.75,0,0.0,75000,0,18-APR-2022,
OPTSTK,MANAPPURAM,28-Apr-2022,162.5,PE,0.0,0.0,0.0,20.35,39.25,0,0.0,0,0,18-APR-2022,
OPTSTK,MANAPPURAM,28-Apr-2022,165.0,PE,0.0,0.0,0.0,21.9,41.75,0,0.0,0,0,18-APR-2022,
OPTSTK,MANAPPURAM,28-Apr-2022,167.5,PE,0.0,0.0,0.0,23.5,44.25,0,0.0,0,0,18-APR-2022,
OPTSTK,MANAPPURAM,28-Apr-2022,170.0,PE,0.0,0.0,0.0,53.65,46.75,0,0.0,36000,0,18-APR-2022,
OPTSTK,MANAPPURAM,28-Apr-2022,172.5,PE,0.0,0.0,0.0,26.9,49.25,0,0.0,0,0,18-APR-2022,
OPTSTK,MANAPPURAM,28-Apr-2022,175.0,PE,0.0,0.0,0.0,28.7,51.7,0,0.0,0,0,18-APR-2022,
OPTSTK,MANAPPURAM,28-Apr-2022,177.5,PE,0.0,0.0,0.0,30.5,54.2,0,0.0,0,0,18-APR-2022,
OPTSTK,MANAPPURAM,28-Apr-2022,180.0,PE,0.0,0.0,0.0,64.7,56.7,0,0.0,15000,0,18-APR-2022,
OPTSTK,MANAPPURAM,28-Apr-2022,182.5,PE,0.0,0.0,0.0,34.25,59.2,0,0.0,0,0,18-APR-2022,
OPTSTK,MANAPPURAM,28-Apr-2022,185.0,PE,0.0,0.0,0.0,36.2,61.7,0,0.0,0,0,18-APR-2022,
OPTSTK,MANAPPURAM,28-Apr-2022,187.5,PE,0.0,0.0,0.0,38.2,64.2,0,0.0,0,0,18-APR-2022,
OPTSTK,MANAPPURAM,28-Apr-2022,190.0,PE,0.0,0.0,0.0,71.5,66.7,0,0.0,3000,0,18-APR-2022,
OPTSTK,MANAPPURAM,28-Apr-2022,192.5,PE,0.0,0.0,0.0,42.25,69.2,0,0.0,0,0,18-APR-2022,
OPTSTK,MANAPPURAM,28-Apr-2022,195.0,PE,0.0,0.0,0.0,44.3,71.7,0,0.0,0,0,18-APR-2022,
OPTSTK,MANAPPURAM,28-Apr-2022,197.5,PE,0.0,0.0,0.0,46.4,74.2,0,0.0,0,0,18-APR-2022,
OPTSTK,MANAPPURAM,28-Apr-2022,200.0,PE,0.0,0.0,0.0,84.0,76.7,0,0.0,63000,0,18-APR-2022,
OPTSTK,MANAPPURAM,28-Apr-2022,202.5,PE,0.0,0.0,0.0,50.7,79.2,0,0.0,0,0,18-APR-2022,
OPTSTK,MANAPPURAM,28-Apr-2022,205.0,PE,0.0,0.0,0.0,52.85,81.7,0,0.0,0,0,18-APR-2022,
OPTSTK,MANAPPURAM,28-Apr-2022,207.5,PE,0.0,0.0,0.0,55.05,84.2,0,0.0,0,0,18-APR-2022,
OPTSTK,MANAPPURAM,28-Apr-2022,210.0,PE,0.0,0.0,0.0,57.3,86.7,0,0.0,0,0,18-APR-2022,
OPTSTK,MANAPPURAM,28-Apr-2022,212.5,PE,0.0,0.0,0.0,59.55,89.2,0,0.0,0,0,18-APR-2022,
OPTSTK,MANAPPURAM,28-Apr-2022,215.0,PE,0.0,0.0,0.0,61.8,91.7,0,0.0,0,0,18-APR-2022,
OPTSTK,MANAPPURAM,28-Apr-2022,217.5,PE,0.0,0.0,0.0,64.05,94.2,0,0.0,0,0,18-APR-2022,
OPTSTK,MANAPPURAM,28-Apr-2022,220.0,PE,0.0,0.0,0.0,66.35,96.65,0,0.0,0,0,18-APR-2022,
OPTSTK,MANAPPURAM,28-Apr-2022,222.5,PE,0.0,0.0,0.0,68.65,99.15,0,0.0,0,0,18-APR-2022,
OPTSTK,MANAPPURAM,26-May-2022,75.0,CE,0.0,0.0,0.0,36.65,48.45,0,0.0,0,0,18-APR-2022,
OPTSTK,MANAPPURAM,26-May-2022,77.5,CE,0.0,0.0,0.0,34.45,46.0,0,0.0,0,0,18-APR-2022,
OPTSTK,MANAPPURAM,26-May-2022,80.0,CE,0.0,0.0,0.0,32.25,43.5,0,0.0,0,0,18-APR-2022,
OPTSTK,MANAPPURAM,26-May-2022,82.5,CE,0.0,0.0,0.0,30.15,41.05,0,0.0,0,0,18-APR-2022,
OPTSTK,MANAPPURAM,26-May-2022,85.0,CE,0.0,0.0,0.0,28.15,38.55,0,0.0,0,0,18-APR-2022,
OPTSTK,MANAPPURAM,26-May-2022,87.5,CE,0.0,0.0,0.0,26.15,36.15,0,0.0,0,0,18-APR-2022,
OPTSTK,MANAPPURAM,26-May-2022,90.0,CE,0.0,0.0,0.0,24.3,33.7,0,0.0,0,0,18-APR-2022,
OPTSTK,MANAPPURAM,26-May-2022,92.5,CE,0.0,0.0,0.0,22.5,31.35,0,0.0,0,0,18-APR-2022,
OPTSTK,MANAPPURAM,26-May-2022,95.0,CE,0.0,0.0,0.0,20.75,29.0,0,0.0,0,0,18-APR-2022,
OPTSTK,MANAPPURAM,26-May-2022,97.5,CE,0.0,0.0,0.0,19.15,26.7,0,0.0,0,0,18-APR-2022,
OPTSTK,MANAPPURAM,26-May-2022,100.0,CE,0.0,0.0,0.0,17.6,24.5,0,0.0,0,0,18-APR-2022,
OPTSTK,MANAPPURAM,26-May-2022,102.5,CE,0.0,0.0,0.0,16.15,22.35,0,0.0,0,0,18-APR-2022,
OPTSTK,MANAPPURAM,26-May-2022,105.0,CE,0.0,0.0,0.0,14.8,20.25,0,0.0,0,0,18-APR-2022,
OPTSTK,MANAPPURAM,26-May-2022,107.5,CE,0.0,0.0,0.0,13.5,18.3,0,0.0,0,0,18-APR-2022,
OPTSTK,MANAPPURAM,26-May-2022,110.0,CE,0.0,0.0,0.0,12.3,16.45,0,0.0,0,0,18-APR-2022,
OPTSTK,MANAPPURAM,26-May-2022,112.5,CE,0.0,0.0,0.0,11.2,14.65,0,0.0,0,0,18-APR-2022,
OPTSTK,MANAPPURAM,26-May-2022,115.0,CE,0.0,0.0,0.0,10.2,13.0,0,0.0,0,0,18-APR-2022,
OPTSTK,MANAPPURAM,26-May-2022,117.5,CE,0.0,0.0,0.0,9.25,11.5,0,0.0,0,0,18-APR-2022,
OPTSTK,MANAPPURAM,26-May-2022,120.0,CE,8.55,9.5,8.2,9.2,9.2,23,88.84,123000,27000,18-APR-2022,
OPTSTK,MANAPPURAM,26-May-2022,122.5,CE,0.0,0.0,0.0,7.55,8.85,0,0.0,0,0,18-APR-2022,
OPTSTK,MANAPPURAM,26-May-2022,125.0,CE,6.7,6.8,6.05,6.8,7.65,11,43.4,96000,9000,18-APR-2022,
OPTSTK,MANAPPURAM,26-May-2022,127.5,CE,0.0,0.0,0.0,6.15,6.65,0,0.0,0,0,18-APR-2022,
OPTSTK,MANAPPURAM,26-May-2022,130.0,CE,5.0,5.2,4.15,5.1,5.1,50,202.13,168000,60000,18-APR-2022,
OPTSTK,MANAPPURAM,26-May-2022,132.5,CE,0.0,0.0,0.0,5.0,4.9,0,0.0,0,0,18-APR-2022,
OPTSTK,MANAPPURAM,26-May-2022,135.0,CE,3.2,3.75,3.0,3.25,4.15,13,53.92,39000,30000,18-APR-2022,
OPTSTK,MANAPPURAM,26-May-2022,137.5,CE,0.0,0.0,0.0,4.0,3.55,0,0.0,0,0,18-APR-2022,
OPTSTK,MANAPPURAM,26-May-2022,140.0,CE,2.55,2.75,2.3,2.7,2.7,26,111.1,96000,48000,18-APR-2022,
OPTSTK,MANAPPURAM,26-May-2022,142.5,CE,0.0,0.0,0.0,3.2,2.5,0,0.0,0,0,18-APR-2022,
OPTSTK,MANAPPURAM,26-May-2022,145.0,CE,0.0,0.0,0.0,2.9,2.1,0,0.0,0,0,18-APR-2022,
OPTSTK,MANAPPURAM,26-May-2022,147.5,CE,0.0,0.0,0.0,2.55,1.75,0,0.0,0,0,18-APR-2022,
OPTSTK,MANAPPURAM,26-May-2022,150.0,CE,1.9,1.95,1.3,1.65,1.65,14,63.65,177000,18000,18-APR-2022,
OPTSTK,MANAPPURAM,26-May-2022,152.5,CE,0.0,0.0,0.0,0.05,1.2,0,0.0,0,0,18-APR-2022,
OPTSTK,MANAPPURAM,26-May-2022,155.0,CE,0.0,0.0,0.0,1.8,1.0,0,0.0,0,0,18-APR-2022,
OPTSTK,MANAPPURAM,26-May-2022,157.5,CE,0.0,0.0,0.0,1.6,0.8,0,0.0,0,0,18-APR-2022,
OPTSTK,MANAPPURAM,26-May-2022,160.0,CE,0.0,0.0,0.0,1.45,0.65,0,0.0,0,0,18-APR-2022,
OPTSTK,MANAPPURAM,26-May-2022,162.5,CE,0.0,0.0,0.0,1.3,0.55,0,0.0,0,0,18-APR-2022,
OPTSTK,MANAPPURAM,26-May-2022,165.0,CE,0.0,0.0,0.0,1.15,0.45,0,0.0,0,0,18-APR-2022,
OPTSTK,MANAPPURAM,26-May-2022,167.5,CE,0.0,0.0,0.0,1.0,0.35,0,0.0,0,0,18-APR-2022,
OPTSTK,MANAPPURAM,26-May-2022,170.0,CE,0.0,0.0,0.0,0.9,0.3,0,0.0,0,0,18-APR-2022,
OPTSTK,MANAPPURAM,26-May-2022,172.5,CE,0.0,0.0,0.0,0.8,0.25,0,0.0,0,0,18-APR-2022,
OPTSTK,MANAPPURAM,26-May-2022,175.0,CE,0.0,0.0,0.0,0.7,0.2,0,0.0,0,0,18-APR-2022,
OPTSTK,MANAPPURAM,26-May-2022,177.5,CE,0.0,0.0,0.0,0.65,0.15,0,0.0,0,0,18-APR-2022,
OPTSTK,MANAPPURAM,26-May-2022,180.0,CE,0.0,0.0,0.0,0.75,0.15,0,0.0,51000,0,18-APR-2022,
OPTSTK,MANAPPURAM,26-May-2022,75.0,PE,0.0,0.0,0.0,0.75,0.05,0,0.0,0,0,18-APR-2022,
OPTSTK,MANAPPURAM,26-May-2022,77.5,PE,0.0,0.0,0.0,1.0,0.05,0,0.0,0,0,18-APR-2022,
OPTSTK,MANAPPURAM,26-May-2022,80.0,PE,0.0,0.0,0.0,1.35,0.05,0,0.0,0,0,18-APR-2022,
OPTSTK,MANAPPURAM,26-May-2022,82.5,PE,0.0,0.0,0.0,1.7,0.05,0,0.0,0,0,18-APR-2022,
OPTSTK,MANAPPURAM,26-May-2022,85.0,PE,0.0,0.0,0.0,2.15,0.1,0,0.0,0,0,18-APR-2022,
OPTSTK,MANAPPURAM,26-May-2022,87.5,PE,0.0,0.0,0.0,2.65,0.15,0,0.0,0,0,18-APR-2022,
OPTSTK,MANAPPURAM,26-May-2022,90.0,PE,0.0,0.0,0.0,3.25,0.2,0,0.0,0,0,18-APR-2022,
OPTSTK,MANAPPURAM,26-May-2022,92.5,PE,0.0,0.0,0.0,3.9,0.35,0,0.0,0,0,18-APR-2022,
OPTSTK,MANAPPURAM,26-May-2022,95.0,PE,0.0,0.0,0.0,4.65,0.5,0,0.0,0,0,18-APR-2022,
OPTSTK,MANAPPURAM,26-May-2022,97.5,PE,0.0,0.0,0.0,5.5,0.7,0,0.0,0,0,18-APR-2022,
OPTSTK,MANAPPURAM,26-May-2022,100.0,PE,0.0,0.0,0.0,1.0,0.95,0,0.0,24000,0,18-APR-2022,
OPTSTK,MANAPPURAM,26-May-2022,102.5,PE,0.0,0.0,0.0,7.45,1.3,0,0.0,0,0,18-APR-2022,
OPTSTK,MANAPPURAM,26-May-2022,105.0,PE,0.0,0.0,0.0,8.6,1.7,0,0.0,0,0,18-APR-2022,
OPTSTK,MANAPPURAM,26-May-2022,107.5,PE,0.0,0.0,0.0,9.8,2.2,0,0.0,0,0,18-APR-2022,
OPTSTK,MANAPPURAM,26-May-2022,110.0,PE,2.45,2.7,2.35,2.45,2.85,17,57.39,324000,-9000,18-APR-2022,
OPTSTK,MANAPPURAM,26-May-2022,112.5,PE,0.0,0.0,0.0,12.45,3.55,0,0.0,0,0,18-APR-2022,
OPTSTK,MANAPPURAM,26-May-2022,115.0,PE,5.0,5.0,3.65,3.65,3.65,24,85.93,225000,6000,18-APR-2022,
OPTSTK,MANAPPURAM,26-May-2022,117.5,PE,0.0,0.0,0.0,15.4,5.4,0,0.0,0,0,18-APR-2022,
OPTSTK,MANAPPURAM,26-May-2022,120.0,PE,6.7,6.7,5.25,5.5,5.5,37,139.83,348000,45000,18-APR-2022,
OPTSTK,MANAPPURAM,26-May-2022,122.5,PE,0.0,0.0,0.0,18.7,7.7,0,0.0,0,0,18-APR-2022,
OPTSTK,MANAPPURAM,26-May-2022,125.0,PE,0.0,0.0,0.0,8.7,9.0,0,0.0,6000,0,18-APR-2022,
OPTSTK,MANAPPURAM,26-May-2022,127.5,PE,0.0,0.0,0.0,22.2,10.45,0,0.0,0,0,18-APR-2022,
OPTSTK,MANAPPURAM,26-May-2022,130.0,PE,0.0,0.0,0.0,12.6,12.05,0,0.0,9000,0,18-APR-2022,
OPTSTK,MANAPPURAM,26-May-2022,132.5,PE,0.0,0.0,0.0,26.0,13.7,0,0.0,0,0,18-APR-2022,
OPTSTK,MANAPPURAM,26-May-2022,135.0,PE,0.0,0.0,0.0,27.95,15.45,0,0.0,0,0,18-APR-2022,
OPTSTK,MANAPPURAM,26-May-2022,137.5,PE,0.0,0.0,0.0,30.0,17.3,0,0.0,0,0,18-APR-2022,
OPTSTK,MANAPPURAM,26-May-2022,140.0,PE,19.75,19.75,19.75,19.75,19.75,1,4.79,6000,3000,18-APR-2022,
OPTSTK,MANAPPURAM,26-May-2022,142.5,PE,0.0,0.0,0.0,34.15,21.25,0,0.0,0,0,18-APR-2022,
OPTSTK,MANAPPURAM,26-May-2022,145.0,PE,0.0,0.0,0.0,36.25,23.35,0,0.0,0,0,18-APR-2022,
OPTSTK,MANAPPURAM,26-May-2022,147.5,PE,0.0,0.0,0.0,38.45,25.5,0,0.0,0,0,18-APR-2022,
OPTSTK,MANAPPURAM,26-May-2022,150.0,PE,0.0,0.0,0.0,40.6,27.7,0,0.0,0,0,18-APR-2022,
OPTSTK,MANAPPURAM,26-May-2022,152.5,PE,0.0,0.0,0.0,42.85,29.9,0,0.0,0,0,18-APR-2022,
OPTSTK,MANAPPURAM,26-May-2022,155.0,PE,0.0,0.0,0.0,45.1,32.2,0,0.0,0,0,18-APR-2022,
OPTSTK,MANAPPURAM,26-May-2022,157.5,PE,0.0,0.0,0.0,47.35,34.5,0,0.0,0,0,18-APR-2022,
OPTSTK,MANAPPURAM,26-May-2022,160.0,PE,0.0,0.0,0.0,49.65,36.85,0,0.0,0,0,18-APR-2022,
OPTSTK,MANAPPURAM,26-May-2022,162.5,PE,0.0,0.0,0.0,52.0,39.25,0,0.0,0,0,18-APR-2022,
OPTSTK,MANAPPURAM,26-May-2022,165.0,PE,0.0,0.0,0.0,54.3,41.6,0,0.0,0,0,18-APR-2022,
OPTSTK,MANAPPURAM,26-May-2022,167.5,PE,0.0,0.0,0.0,56.65,44.0,0,0.0,0,0,18-APR-2022,
OPTSTK,MANAPPURAM,26-May-2022,170.0,PE,0.0,0.0,0.0,59.0,46.45,0,0.0,0,0,18-APR-2022,
OPTSTK,MANAPPURAM,26-May-2022,172.5,PE,0.0,0.0,0.0,61.4,48.9,0,0.0,0,0,18-APR-2022,
OPTSTK,MANAPPURAM,26-May-2022,175.0,PE,0.0,0.0,0.0,63.8,51.3,0,0.0,0,0,18-APR-2022,
OPTSTK,MANAPPURAM,26-May-2022,177.5,PE,0.0,0.0,0.0,66.15,53.8,0,0.0,0,0,18-APR-2022,
OPTSTK,MANAPPURAM,26-May-2022,180.0,PE,0.0,0.0,0.0,68.6,56.25,0,0.0,0,0,18-APR-2022,
OPTSTK,MANAPPURAM,30-Jun-2022,75.0,CE,0.0,0.0,0.0,39.9,48.9,0,0.0,0,0,18-APR-2022,
OPTSTK,MANAPPURAM,30-Jun-2022,77.5,CE,0.0,0.0,0.0,37.65,46.45,0,0.0,0,0,18-APR-2022,
OPTSTK,MANAPPURAM,30-Jun-2022,80.0,CE,0.0,0.0,0.0,35.4,44.05,0,0.0,0,0,18-APR-2022,
OPTSTK,MANAPPURAM,30-Jun-2022,82.5,CE,0.0,0.0,0.0,33.25,41.7,0,0.0,0,0,18-APR-2022,
OPTSTK,MANAPPURAM,30-Jun-2022,85.0,CE,0.0,0.0,0.0,31.1,39.35,0,0.0,0,0,18-APR-2022,
OPTSTK,MANAPPURAM,30-Jun-2022,87.5,CE,0.0,0.0,0.0,29.05,37.05,0,0.0,0,0,18-APR-2022,
OPTSTK,MANAPPURAM,30-Jun-2022,90.0,CE,0.0,0.0,0.0,27.1,34.8,0,0.0,0,0,18-APR-2022,
OPTSTK,MANAPPURAM,30-Jun-2022,92.5,CE,0.0,0.0,0.0,25.2,32.65,0,0.0,0,0,18-APR-2022,
OPTSTK,MANAPPURAM,30-Jun-2022,95.0,CE,0.0,0.0,0.0,23.35,30.5,0,0.0,0,0,18-APR-2022,
OPTSTK,MANAPPURAM,30-Jun-2022,97.5,CE,0.0,0.0,0.0,21.6,28.45,0,0.0,0,0,18-APR-2022,
OPTSTK,MANAPPURAM,30-Jun-2022,100.0,CE,0.0,0.0,0.0,19.95,26.45,0,0.0,0,0,18-APR-2022,
OPTSTK,MANAPPURAM,30-Jun-2022,102.5,CE,0.0,0.0,0.0,18.4,24.5,0,0.0,0,0,18-APR-2022,
OPTSTK,MANAPPURAM,30-Jun-2022,105.0,CE,0.0,0.0,0.0,16.9,22.65,0,0.0,0,0,18-APR-2022,
OPTSTK,MANAPPURAM,30-Jun-2022,107.5,CE,0.0,0.0,0.0,15.5,20.9,0,0.0,0,0,18-APR-2022,
OPTSTK,MANAPPURAM,30-Jun-2022,110.0,CE,0.0,0.0,0.0,14.2,19.25,0,0.0,0,0,18-APR-2022,
OPTSTK,MANAPPURAM,30-Jun-2022,112.5,CE,0.0,0.0,0.0,13.0,17.65,0,0.0,0,0,18-APR-2022,
OPTSTK,MANAPPURAM,30-Jun-2022,115.0,CE,0.0,0.0,0.0,11.85,16.15,0,0.0,0,0,18-APR-2022,
OPTSTK,MANAPPURAM,30-Jun-2022,117.5,CE,0.0,0.0,0.0,10.8,14.75,0,0.0,0,0,18-APR-2022,
OPTSTK,MANAPPURAM,30-Jun-2022,120.0,CE,0.0,0.0,0.0,9.8,13.45,0,0.0,0,0,18-APR-2022,
OPTSTK,MANAPPURAM,30-Jun-2022,122.5,CE,0.0,0.0,0.0,8.9,12.2,0,0.0,0,0,18-APR-2022,
OPTSTK,MANAPPURAM,30-Jun-2022,125.0,CE,0.0,0.0,0.0,8.05,11.1,0,0.0,0,0,18-APR-2022,
OPTSTK,MANAPPURAM,30-Jun-2022,127.5,CE,0.0,0.0,0.0,7.3,10.05,0,0.0,0,0,18-APR-2022,
OPTSTK,MANAPPURAM,30-Jun-2022,130.0,CE,0.0,0.0,0.0,6.6,9.05,0,0.0,0,0,18-APR-2022,
OPTSTK,MANAPPURAM,30-Jun-2022,132.5,CE,0.0,0.0,0.0,5.95,8.15,0,0.0,0,0,18-APR-2022,
OPTSTK,MANAPPURAM,30-Jun-2022,135.0,CE,0.0,0.0,0.0,5.35,7.35,0,0.0,0,0,18-APR-2022,
OPTSTK,MANAPPURAM,30-Jun-2022,137.5,CE,0.0,0.0,0.0,4.85,6.6,0,0.0,0,0,18-APR-2022,
OPTSTK,MANAPPURAM,30-Jun-2022,140.0,CE,0.0,0.0,0.0,4.35,5.9,0,0.0,0,0,18-APR-2022,
OPTSTK,MANAPPURAM,30-Jun-2022,142.5,CE,0.0,0.0,0.0,3.9,5.3,0,0.0,0,0,18-APR-2022,
OPTSTK,MANAPPURAM,30-Jun-2022,145.0,CE,0.0,0.0,0.0,3.5,4.7,0,0.0,0,0,18-APR-2022,
OPTSTK,MANAPPURAM,30-Jun-2022,147.5,CE,0.0,0.0,0.0,3.15,4.2,0,0.0,0,0,18-APR-2022,
OPTSTK,MANAPPURAM,30-Jun-2022,150.0,CE,0.0,0.0,0.0,2.8,3.75,0,0.0,0,0,18-APR-2022,
OPTSTK,MANAPPURAM,30-Jun-2022,152.5,CE,0.0,0.0,0.0,2.5,3.3,0,0.0,0,0,18-APR-2022,
OPTSTK,MANAPPURAM,30-Jun-2022,155.0,CE,0.0,0.0,0.0,2.25,2.95,0,0.0,0,0,18-APR-2022,
OPTSTK,MANAPPURAM,30-Jun-2022,157.5,CE,0.0,0.0,0.0,2.0,2.6,0,0.0,0,0,18-APR-2022,
OPTSTK,MANAPPURAM,30-Jun-2022,160.0,CE,0.0,0.0,0.0,1.8,2.3,0,0.0,0,0,18-APR-2022,
OPTSTK,MANAPPURAM,30-Jun-2022,162.5,CE,0.0,0.0,0.0,1.6,2.05,0,0.0,0,0,18-APR-2022,
OPTSTK,MANAPPURAM,30-Jun-2022,75.0,PE,0.0,0.0,0.0,0.55,0.15,0,0.0,0,0,18-APR-2022,
OPTSTK,MANAPPURAM,30-Jun-2022,77.5,PE,0.0,0.0,0.0,0.75,0.2,0,0.0,0,0,18-APR-2022,
OPTSTK,MANAPPURAM,30-Jun-2022,80.0,PE,0.0,0.0,0.0,1.0,0.3,0,0.0,0,0,18-APR-2022,
OPTSTK,MANAPPURAM,30-Jun-2022,82.5,PE,0.0,0.0,0.0,1.3,0.4,0,0.0,0,0,18-APR-2022,
OPTSTK,MANAPPURAM,30-Jun-2022,85.0,PE,0.0,0.0,0.0,1.65,0.55,0,0.0,0,0,18-APR-2022,
OPTSTK,MANAPPURAM,30-Jun-2022,87.5,PE,0.0,0.0,0.0,2.1,0.75,0,0.0,0,0,18-APR-2022,
OPTSTK,MANAPPURAM,30-Jun-2022,90.0,PE,0.0,0.0,0.0,2.6,0.95,0,0.0,0,0,18-APR-2022,
OPTSTK,MANAPPURAM,30-Jun-2022,92.5,PE,0.0,0.0,0.0,3.15,1.25,0,0.0,0,0,18-APR-2022,
OPTSTK,MANAPPURAM,30-Jun-2022,95.0,PE,0.0,0.0,0.0,3.8,1.6,0,0.0,0,0,18-APR-2022,
OPTSTK,MANAPPURAM,30-Jun-2022,97.5,PE,0.0,0.0,0.0,4.55,2.0,0,0.0,0,0,18-APR-2022,
OPTSTK,MANAPPURAM,30-Jun-2022,100.0,PE,0.0,0.0,0.0,2.0,2.5,0,0.0,9000,0,18-APR-2022,
OPTSTK,MANAPPURAM,30-Jun-2022,102.5,PE,0.0,0.0,0.0,6.25,3.05,0,0.0,0,0,18-APR-2022,
OPTSTK,MANAPPURAM,30-Jun-2022,105.0,PE,0.0,0.0,0.0,7.25,3.7,0,0.0,0,0,18-APR-2022,
OPTSTK,MANAPPURAM,30-Jun-2022,107.5,PE,0.0,0.0,0.0,8.35,4.4,0,0.0,0,0,18-APR-2022,
OPTSTK,MANAPPURAM,30-Jun-2022,110.0,PE,0.0,0.0,0.0,9.5,5.2,0,0.0,0,0,18-APR-2022,
OPTSTK,MANAPPURAM,30-Jun-2022,112.5,PE,0.0,0.0,0.0,10.75,6.1,0,0.0,0,0,18-APR-2022,
OPTSTK,MANAPPURAM,30-Jun-2022,115.0,PE,0.0,0.0,0.0,12.1,7.1,0,0.0,0,0,18-APR-2022,
OPTSTK,MANAPPURAM,30-Jun-2022,117.5,PE,0.0,0.0,0.0,13.5,8.15,0,0.0,0,0,18-APR-2022,
OPTSTK,MANAPPURAM,30-Jun-2022,120.0,PE,9.75,9.75,9.75,9.75,9.35,1,3.89,3000,0,18-APR-2022,
OPTSTK,MANAPPURAM,30-Jun-2022,122.5,PE,0.0,0.0,0.0,16.55,10.6,0,0.0,0,0,18-APR-2022,
OPTSTK,MANAPPURAM,30-Jun-2022,125.0,PE,0.0,0.0,0.0,18.2,11.9,0,0.0,0,0,18-APR-2022,
OPTSTK,MANAPPURAM,30-Jun-2022,127.5,PE,0.0,0.0,0.0,19.9,13.35,0,0.0,0,0,18-APR-2022,
OPTSTK,MANAPPURAM,30-Jun-2022,130.0,PE,0.0,0.0,0.0,21.7,14.85,0,0.0,0,0,18-APR-2022,
OPTSTK,MANAPPURAM,30-Jun-2022,132.5,PE,0.0,0.0,0.0,23.5,16.45,0,0.0,0,0,18-APR-2022,
OPTSTK,MANAPPURAM,30-Jun-2022,135.0,PE,0.0,0.0,0.0,25.4,18.1,0,0.0,0,0,18-APR-2022,
OPTSTK,MANAPPURAM,30-Jun-2022,137.5,PE,0.0,0.0,0.0,27.35,19.8,0,0.0,0,0,18-APR-2022,
OPTSTK,MANAPPURAM,30-Jun-2022,140.0,PE,0.0,0.0,0.0,29.3,21.6,0,0.0,0,0,18-APR-2022,
OPTSTK,MANAPPURAM,30-Jun-2022,142.5,PE,0.0,0.0,0.0,31.35,23.5,0,0.0,0,0,18-APR-2022,
OPTSTK,MANAPPURAM,30-Jun-2022,145.0,PE,0.0,0.0,0.0,33.4,25.4,0,0.0,0,0,18-APR-2022,
OPTSTK,MANAPPURAM,30-Jun-2022,147.5,PE,0.0,0.0,0.0,35.55,27.35,0,0.0,0,0,18-APR-2022,
OPTSTK,MANAPPURAM,30-Jun-2022,150.0,PE,0.0,0.0,0.0,37.65,29.35,0,0.0,0,0,18-APR-2022,
OPTSTK,MANAPPURAM,30-Jun-2022,152.5,PE,0.0,0.0,0.0,39.85,31.45,0,0.0,0,0,18-APR-2022,
OPTSTK,MANAPPURAM,30-Jun-2022,155.0,PE,0.0,0.0,0.0,42.05,33.55,0,0.0,0,0,18-APR-2022,
OPTSTK,MANAPPURAM,30-Jun-2022,157.5,PE,0.0,0.0,0.0,44.3,35.7,0,0.0,0,0,18-APR-2022,
OPTSTK,MANAPPURAM,30-Jun-2022,160.0,PE,0.0,0.0,0.0,46.55,37.85,0,0.0,0,0,18-APR-2022,
OPTSTK,MANAPPURAM,30-Jun-2022,162.5,PE,0.0,0.0,0.0,48.85,40.05,0,0.0,0,0,18-APR-2022,
OPTSTK,MARICO,28-Apr-2022,360.0,CE,0.0,0.0,0.0,107.55,158.3,0,0.0,0,0,18-APR-2022,
OPTSTK,MARICO,28-Apr-2022,365.0,CE,0.0,0.0,0.0,102.75,153.3,0,0.0,0,0,18-APR-2022,
OPTSTK,MARICO,28-Apr-2022,370.0,CE,0.0,0.0,0.0,98.0,148.3,0,0.0,0,0,18-APR-2022,
OPTSTK,MARICO,28-Apr-2022,375.0,CE,0.0,0.0,0.0,93.3,143.3,0,0.0,0,0,18-APR-2022,
OPTSTK,MARICO,28-Apr-2022,380.0,CE,0.0,0.0,0.0,88.7,138.3,0,0.0,0,0,18-APR-2022,
OPTSTK,MARICO,28-Apr-2022,385.0,CE,0.0,0.0,0.0,84.1,133.3,0,0.0,0,0,18-APR-2022,
OPTSTK,MARICO,28-Apr-2022,390.0,CE,0.0,0.0,0.0,79.6,128.3,0,0.0,0,0,18-APR-2022,
OPTSTK,MARICO,28-Apr-2022,395.0,CE,0.0,0.0,0.0,75.2,123.3,0,0.0,0,0,18-APR-2022,
OPTSTK,MARICO,28-Apr-2022,400.0,CE,0.0,0.0,0.0,70.85,118.3,0,0.0,0,0,18-APR-2022,
OPTSTK,MARICO,28-Apr-2022,405.0,CE,0.0,0.0,0.0,66.6,113.35,0,0.0,0,0,18-APR-2022,
OPTSTK,MARICO,28-Apr-2022,410.0,CE,0.0,0.0,0.0,62.5,108.35,0,0.0,0,0,18-APR-2022,
OPTSTK,MARICO,28-Apr-2022,415.0,CE,0.0,0.0,0.0,58.5,103.35,0,0.0,0,0,18-APR-2022,
OPTSTK,MARICO,28-Apr-2022,420.0,CE,0.0,0.0,0.0,54.6,98.35,0,0.0,0,0,18-APR-2022,
OPTSTK,MARICO,28-Apr-2022,425.0,CE,0.0,0.0,0.0,50.9,93.35,0,0.0,0,0,18-APR-2022,
OPTSTK,MARICO,28-Apr-2022,430.0,CE,0.0,0.0,0.0,47.25,88.35,0,0.0,0,0,18-APR-2022,
OPTSTK,MARICO,28-Apr-2022,435.0,CE,0.0,0.0,0.0,43.8,83.35,0,0.0,0,0,18-APR-2022,
OPTSTK,MARICO,28-Apr-2022,440.0,CE,0.0,0.0,0.0,40.5,78.35,0,0.0,0,0,18-APR-2022,
OPTSTK,MARICO,28-Apr-2022,445.0,CE,0.0,0.0,0.0,37.3,73.4,0,0.0,0,0,18-APR-2022,
OPTSTK,MARICO,28-Apr-2022,450.0,CE,0.0,0.0,0.0,34.3,68.4,0,0.0,0,0,18-APR-2022,
OPTSTK,MARICO,28-Apr-2022,455.0,CE,0.0,0.0,0.0,31.5,63.4,0,0.0,0,0,18-APR-2022,
OPTSTK,MARICO,28-Apr-2022,460.0,CE,0.0,0.0,0.0,28.8,58.45,0,0.0,0,0,18-APR-2022,
OPTSTK,MARICO,28-Apr-2022,465.0,CE,0.0,0.0,0.0,26.3,53.5,0,0.0,0,0,18-APR-2022,
OPTSTK,MARICO,28-Apr-2022,470.0,CE,0.0,0.0,0.0,23.9,48.6,0,0.0,0,0,18-APR-2022,
OPTSTK,MARICO,28-Apr-2022,475.0,CE,0.0,0.0,0.0,21.7,43.75,0,0.0,0,0,18-APR-2022,
OPTSTK,MARICO,28-Apr-2022,480.0,CE,0.0,0.0,0.0,38.05,39.0,0,0.0,12000,0,18-APR-2022,
OPTSTK,MARICO,28-Apr-2022,485.0,CE,0.0,0.0,0.0,17.75,34.4,0,0.0,0,0,18-APR-2022,
OPTSTK,MARICO,28-Apr-2022,490.0,CE,31.75,31.75,31.75,31.75,29.95,1,5.21,54000,-1000,18-APR-2022,
OPTSTK,MARICO,28-Apr-2022,495.0,CE,0.0,0.0,0.0,29.45,25.7,0,0.0,9000,0,18-APR-2022,
OPTSTK,MARICO,28-Apr-2022,500.0,CE,25.75,26.6,22.0,23.15,23.15,20,104.77,121000,-3000,18-APR-2022,
OPTSTK,MARICO,28-Apr-2022,505.0,CE,0.0,0.0,0.0,29.5,18.1,0,0.0,1000,0,18-APR-2022,
OPTSTK,MARICO,28-Apr-2022,510.0,CE,16.0,19.15,15.8,15.95,15.95,12,63.19,45000,2000,18-APR-2022,
OPTSTK,MARICO,28-Apr-2022,515.0,CE,0.0,0.0,0.0,9.15,11.9,0,0.0,0,0,18-APR-2022,
OPTSTK,MARICO,28-Apr-2022,520.0,CE,11.2,13.15,10.0,10.3,10.3,840,4464.42,569000,216000,18-APR-2022,
OPTSTK,MARICO,28-Apr-2022,525.0,CE,6.0,10.8,6.0,7.85,7.85,94,501.97,118000,7000,18-APR-2022,
OPTSTK,MARICO,28-Apr-2022,530.0,CE,7.7,8.75,5.7,6.05,6.05,611,3281.51,431000,71000,18-APR-2022,
OPTSTK,MARICO,28-Apr-2022,535.0,CE,4.95,6.3,4.3,4.45,4.45,156,842.24,212000,87000,18-APR-2022,
OPTSTK,MARICO,28-Apr-2022,540.0,CE,4.3,5.2,3.3,3.45,3.45,131,712.7,228000,6000,18-APR-2022,
OPTSTK,MARICO,28-Apr-2022,545.0,CE,3.3,3.3,2.5,2.6,2.6,22,120.51,29000,12000,18-APR-2022,
OPTSTK,MARICO,28-Apr-2022,550.0,CE,2.45,3.15,2.0,2.05,2.05,227,1253.97,398000,13000,18-APR-2022,
OPTSTK,MARICO,28-Apr-2022,555.0,CE,0.0,0.0,0.0,3.3,1.0,0,0.0,0,0,18-APR-2022,
OPTSTK,MARICO,28-Apr-2022,560.0,CE,1.5,2.3,1.15,1.3,1.3,58,325.64,226000,23000,18-APR-2022,
OPTSTK,MARICO,28-Apr-2022,565.0,CE,0.0,0.0,0.0,2.5,0.45,0,0.0,0,0,18-APR-2022,
OPTSTK,MARICO,28-Apr-2022,570.0,CE,1.15,1.15,0.7,0.8,0.3,11,62.79,200000,-8000,18-APR-2022,
OPTSTK,MARICO,28-Apr-2022,575.0,CE,0.0,0.0,0.0,5.15,0.2,0,0.0,2000,0,18-APR-2022,
OPTSTK,MARICO,28-Apr-2022,580.0,CE,0.8,0.8,0.4,0.45,0.45,29,168.36,86000,-7000,18-APR-2022,
OPTSTK,MARICO,28-Apr-2022,585.0,CE,0.0,0.0,0.0,1.4,0.1,0,0.0,1000,0,18-APR-2022,
OPTSTK,MARICO,28-Apr-2022,590.0,CE,0.0,0.0,0.0,0.85,0.05,0,0.0,4000,0,18-APR-2022,
OPTSTK,MARICO,28-Apr-2022,595.0,CE,0.0,0.0,0.0,1.1,0.05,0,0.0,0,0,18-APR-2022,
OPTSTK,MARICO,28-Apr-2022,600.0,CE,0.35,0.5,0.3,0.35,0.35,39,234.14,397000,0,18-APR-2022,
OPTSTK,MARICO,28-Apr-2022,605.0,CE,0.0,0.0,0.0,0.6,0.05,0,0.0,1000,0,18-APR-2022,
OPTSTK,MARICO,28-Apr-2022,610.0,CE,0.0,0.0,0.0,0.65,0.0,0,0.0,0,0,18-APR-2022,
OPTSTK,MARICO,28-Apr-2022,615.0,CE,0.0,0.0,0.0,0.6,0.0,0,0.0,0,0,18-APR-2022,
OPTSTK,MARICO,28-Apr-2022,620.0,CE,0.0,0.0,0.0,0.55,0.0,0,0.0,2000,0,18-APR-2022,
OPTSTK,MARICO,28-Apr-2022,625.0,CE,0.0,0.0,0.0,0.4,0.0,0,0.0,0,0,18-APR-2022,
OPTSTK,MARICO,28-Apr-2022,630.0,CE,0.0,0.0,0.0,0.35,0.0,0,0.0,0,0,18-APR-2022,
OPTSTK,MARICO,28-Apr-2022,635.0,CE,0.0,0.0,0.0,0.3,0.0,0,0.0,0,0,18-APR-2022,
OPTSTK,MARICO,28-Apr-2022,640.0,CE,0.0,0.0,0.0,0.25,0.0,0,0.0,0,0,18-APR-2022,
OPTSTK,MARICO,28-Apr-2022,645.0,CE,0.0,0.0,0.0,0.2,0.0,0,0.0,0,0,18-APR-2022,
OPTSTK,MARICO,28-Apr-2022,650.0,CE,0.0,0.0,0.0,0.2,0.0,0,0.0,0,0,18-APR-2022,
OPTSTK,MARICO,28-Apr-2022,655.0,CE,0.0,0.0,0.0,0.15,0.0,0,0.0,0,0,18-APR-2022,
OPTSTK,MARICO,28-Apr-2022,660.0,CE,0.0,0.0,0.0,0.15,0.0,0,0.0,0,0,18-APR-2022,
OPTSTK,MARICO,28-Apr-2022,665.0,CE,0.0,0.0,0.0,0.1,0.0,0,0.0,0,0,18-APR-2022,
OPTSTK,MARICO,28-Apr-2022,360.0,PE,0.0,0.0,0.0,0.55,0.0,0,0.0,0,0,18-APR-2022,
OPTSTK,MARICO,28-Apr-2022,365.0,PE,0.0,0.0,0.0,0.7,0.0,0,0.0,0,0,18-APR-2022,
OPTSTK,MARICO,28-Apr-2022,370.0,PE,0.0,0.0,0.0,0.9,0.0,0,0.0,0,0,18-APR-2022,
OPTSTK,MARICO,28-Apr-2022,375.0,PE,0.0,0.0,0.0,0.1,0.0,0,0.0,1000,0,18-APR-2022,
OPTSTK,MARICO,28-Apr-2022,380.0,PE,0.0,0.0,0.0,1.45,0.0,0,0.0,0,0,18-APR-2022,
OPTSTK,MARICO,28-Apr-2022,385.0,PE,0.0,0.0,0.0,1.85,0.0,0,0.0,0,0,18-APR-2022,
OPTSTK,MARICO,28-Apr-2022,390.0,PE,0.0,0.0,0.0,0.55,0.0,0,0.0,0,0,18-APR-2022,
OPTSTK,MARICO,28-Apr-2022,395.0,PE,0.0,0.0,0.0,0.05,0.0,0,0.0,0,0,18-APR-2022,
OPTSTK,MARICO,28-Apr-2022,400.0,PE,0.0,0.0,0.0,0.05,0.0,0,0.0,6000,0,18-APR-2022,
OPTSTK,MARICO,28-Apr-2022,405.0,PE,0.0,0.0,0.0,4.15,0.0,0,0.0,0,0,18-APR-2022,
OPTSTK,MARICO,28-Apr-2022,410.0,PE,0.0,0.0,0.0,5.0,0.0,0,0.0,0,0,18-APR-2022,
OPTSTK,MARICO,28-Apr-2022,415.0,PE,0.0,0.0,0.0,5.9,0.0,0,0.0,0,0,18-APR-2022,
OPTSTK,MARICO,28-Apr-2022,420.0,PE,0.0,0.0,0.0,7.0,0.0,0,0.0,0,0,18-APR-2022,
OPTSTK,MARICO,28-Apr-2022,425.0,PE,0.0,0.0,0.0,8.2,0.0,0,0.0,0,0,18-APR-2022,
OPTSTK,MARICO,28-Apr-2022,430.0,PE,0.0,0.0,0.0,9.55,0.0,0,0.0,0,0,18-APR-2022,
OPTSTK,MARICO,28-Apr-2022,435.0,PE,0.0,0.0,0.0,11.0,0.0,0,0.0,0,0,18-APR-2022,
OPTSTK,MARICO,28-Apr-2022,440.0,PE,0.0,0.0,0.0,12.65,0.0,0,0.0,0,0,18-APR-2022,
OPTSTK,MARICO,28-Apr-2022,445.0,PE,0.0,0.0,0.0,14.45,0.05,0,0.0,0,0,18-APR-2022,
OPTSTK,MARICO,28-Apr-2022,450.0,PE,0.55,0.55,0.4,0.45,0.45,14,63.06,158000,-1000,18-APR-2022,
OPTSTK,MARICO,28-Apr-2022,455.0,PE,0.0,0.0,0.0,18.5,0.05,0,0.0,0,0,18-APR-2022,
OPTSTK,MARICO,28-Apr-2022,460.0,PE,0.55,0.55,0.55,0.55,0.1,1,4.6,30000,-1000,18-APR-2022,
OPTSTK,MARICO,28-Apr-2022,465.0,PE,0.0,0.0,0.0,23.2,0.15,0,0.0,0,0,18-APR-2022,
OPTSTK,MARICO,28-Apr-2022,470.0,PE,0.6,0.6,0.6,0.6,0.2,2,9.41,21000,-2000,18-APR-2022,
OPTSTK,MARICO,28-Apr-2022,475.0,PE,0.1,0.1,0.1,0.1,0.4,1,4.75,7000,0,18-APR-2022,
OPTSTK,MARICO,28-Apr-2022,480.0,PE,1.1,1.1,0.7,0.9,0.9,67,322.15,220000,-7000,18-APR-2022,
OPTSTK,MARICO,28-Apr-2022,485.0,PE,0.0,0.0,0.0,3.4,1.0,0,0.0,1000,0,18-APR-2022,
OPTSTK,MARICO,28-Apr-2022,490.0,PE,1.85,1.85,1.4,1.8,1.8,24,117.99,70000,-3000,18-APR-2022,
OPTSTK,MARICO,28-Apr-2022,495.0,PE,0.0,0.0,0.0,3.45,2.3,0,0.0,17000,0,18-APR-2022,
OPTSTK,MARICO,28-Apr-2022,500.0,PE,3.55,4.0,2.55,3.25,3.25,148,744.68,234000,-16000,18-APR-2022,
OPTSTK,MARICO,28-Apr-2022,505.0,PE,0.0,0.0,0.0,6.1,4.7,0,0.0,29000,0,18-APR-2022,
OPTSTK,MARICO,28-Apr-2022,510.0,PE,6.55,7.5,5.15,6.05,6.05,106,546.83,183000,-14000,18-APR-2022,
OPTSTK,MARICO,28-Apr-2022,515.0,PE,7.7,8.5,7.65,7.95,7.95,36,188.31,53000,21000,18-APR-2022,
OPTSTK,MARICO,28-Apr-2022,520.0,PE,12.95,12.95,9.05,10.4,10.4,113,599.0,171000,9000,18-APR-2022,
OPTSTK,MARICO,28-Apr-2022,525.0,PE,12.45,12.95,12.45,12.95,13.8,2,10.75,12000,-1000,18-APR-2022,
OPTSTK,MARICO,28-Apr-2022,530.0,PE,15.4,16.6,15.25,16.6,16.6,7,38.2,77000,-4000,18-APR-2022,
OPTSTK,MARICO,28-Apr-2022,535.0,PE,0.0,0.0,0.0,22.85,20.65,0,0.0,5000,0,18-APR-2022,
OPTSTK,MARICO,28-Apr-2022,540.0,PE,21.75,23.85,21.7,22.45,22.45,5,28.11,41000,1000,18-APR-2022,
OPTSTK,MARICO,28-Apr-2022,545.0,PE,0.0,0.0,0.0,80.4,28.65,0,0.0,0,0,18-APR-2022,
OPTSTK,MARICO,28-Apr-2022,550.0,PE,0.0,0.0,0.0,42.0,33.0,0,0.0,1000,0,18-APR-2022,
OPTSTK,MARICO,28-Apr-2022,555.0,PE,0.0,0.0,0.0,89.3,37.55,0,0.0,0,0,18-APR-2022,
OPTSTK,MARICO,28-Apr-2022,560.0,PE,0.0,0.0,0.0,41.25,42.2,0,0.0,2000,0,18-APR-2022,
OPTSTK,MARICO,28-Apr-2022,565.0,PE,0.0,0.0,0.0,98.4,46.95,0,0.0,0,0,18-APR-2022,
OPTSTK,MARICO,28-Apr-2022,570.0,PE,0.0,0.0,0.0,103.0,51.8,0,0.0,0,0,18-APR-2022,
OPTSTK,MARICO,28-Apr-2022,575.0,PE,0.0,0.0,0.0,107.65,56.7,0,0.0,0,0,18-APR-2022,
OPTSTK,MARICO,28-Apr-2022,580.0,PE,0.0,0.0,0.0,112.35,61.6,0,0.0,0,0,18-APR-2022,
OPTSTK,MARICO,28-Apr-2022,585.0,PE,0.0,0.0,0.0,117.05,66.55,0,0.0,0,0,18-APR-2022,
OPTSTK,MARICO,28-Apr-2022,590.0,PE,0.0,0.0,0.0,121.85,71.55,0,0.0,0,0,18-APR-2022,
OPTSTK,MARICO,28-Apr-2022,595.0,PE,0.0,0.0,0.0,126.6,76.5,0,0.0,0,0,18-APR-2022,
OPTSTK,MARICO,28-Apr-2022,600.0,PE,0.0,0.0,0.0,131.4,81.5,0,0.0,0,0,18-APR-2022,
OPTSTK,MARICO,28-Apr-2022,605.0,PE,0.0,0.0,0.0,136.25,86.5,0,0.0,0,0,18-APR-2022,
OPTSTK,MARICO,28-Apr-2022,610.0,PE,0.0,0.0,0.0,141.05,91.5,0,0.0,0,0,18-APR-2022,
OPTSTK,MARICO,28-Apr-2022,615.0,PE,0.0,0.0,0.0,145.9,96.5,0,0.0,0,0,18-APR-2022,
OPTSTK,MARICO,28-Apr-2022,620.0,PE,0.0,0.0,0.0,150.8,101.45,0,0.0,0,0,18-APR-2022,
OPTSTK,MARICO,28-Apr-2022,625.0,PE,0.0,0.0,0.0,155.65,106.45,0,0.0,0,0,18-APR-2022,
OPTSTK,MARICO,28-Apr-2022,630.0,PE,0.0,0.0,0.0,160.55,111.45,0,0.0,0,0,18-APR-2022,
OPTSTK,MARICO,28-Apr-2022,635.0,PE,0.0,0.0,0.0,165.45,116.45,0,0.0,0,0,18-APR-2022,
OPTSTK,MARICO,28-Apr-2022,640.0,PE,0.0,0.0,0.0,170.35,121.45,0,0.0,0,0,18-APR-2022,
OPTSTK,MARICO,28-Apr-2022,645.0,PE,0.0,0.0,0.0,175.25,126.45,0,0.0,0,0,18-APR-2022,
OPTSTK,MARICO,28-Apr-2022,650.0,PE,0.0,0.0,0.0,180.15,131.45,0,0.0,0,0,18-APR-2022,
OPTSTK,MARICO,28-Apr-2022,655.0,PE,0.0,0.0,0.0,185.1,136.45,0,0.0,0,0,18-APR-2022,
OPTSTK,MARICO,28-Apr-2022,660.0,PE,0.0,0.0,0.0,190.0,141.45,0,0.0,0,0,18-APR-2022,
OPTSTK,MARICO,28-Apr-2022,665.0,PE,0.0,0.0,0.0,194.95,146.4,0,0.0,0,0,18-APR-2022,
OPTSTK,MARICO,26-May-2022,360.0,CE,0.0,0.0,0.0,127.5,159.45,0,0.0,0,0,18-APR-2022,
OPTSTK,MARICO,26-May-2022,365.0,CE,0.0,0.0,0.0,122.6,154.5,0,0.0,0,0,18-APR-2022,
OPTSTK,MARICO,26-May-2022,370.0,CE,0.0,0.0,0.0,117.8,149.5,0,0.0,0,0,18-APR-2022,
OPTSTK,MARICO,26-May-2022,375.0,CE,0.0,0.0,0.0,112.95,144.55,0,0.0,0,0,18-APR-2022,
OPTSTK,MARICO,26-May-2022,380.0,CE,0.0,0.0,0.0,108.2,139.55,0,0.0,0,0,18-APR-2022,
OPTSTK,MARICO,26-May-2022,385.0,CE,0.0,0.0,0.0,103.45,134.6,0,0.0,0,0,18-APR-2022,
OPTSTK,MARICO,26-May-2022,390.0,CE,0.0,0.0,0.0,98.75,129.6,0,0.0,0,0,18-APR-2022,
OPTSTK,MARICO,26-May-2022,395.0,CE,0.0,0.0,0.0,94.1,124.65,0,0.0,0,0,18-APR-2022,
OPTSTK,MARICO,26-May-2022,400.0,CE,0.0,0.0,0.0,89.55,119.65,0,0.0,0,0,18-APR-2022,
OPTSTK,MARICO,26-May-2022,405.0,CE,0.0,0.0,0.0,85.0,114.7,0,0.0,0,0,18-APR-2022,
OPTSTK,MARICO,26-May-2022,410.0,CE,0.0,0.0,0.0,80.6,109.75,0,0.0,0,0,18-APR-2022,
OPTSTK,MARICO,26-May-2022,415.0,CE,0.0,0.0,0.0,76.25,104.85,0,0.0,0,0,18-APR-2022,
OPTSTK,MARICO,26-May-2022,420.0,CE,0.0,0.0,0.0,71.95,99.9,0,0.0,0,0,18-APR-2022,
OPTSTK,MARICO,26-May-2022,425.0,CE,0.0,0.0,0.0,67.8,95.0,0,0.0,0,0,18-APR-2022,
OPTSTK,MARICO,26-May-2022,430.0,CE,0.0,0.0,0.0,63.75,90.15,0,0.0,0,0,18-APR-2022,
OPTSTK,MARICO,26-May-2022,435.0,CE,0.0,0.0,0.0,59.8,85.35,0,0.0,0,0,18-APR-2022,
OPTSTK,MARICO,26-May-2022,440.0,CE,0.0,0.0,0.0,56.0,80.55,0,0.0,0,0,18-APR-2022,
OPTSTK,MARICO,26-May-2022,445.0,CE,0.0,0.0,0.0,52.35,75.8,0,0.0,0,0,18-APR-2022,
OPTSTK,MARICO,26-May-2022,450.0,CE,0.0,0.0,0.0,48.75,71.15,0,0.0,0,0,18-APR-2022,
OPTSTK,MARICO,26-May-2022,455.0,CE,0.0,0.0,0.0,45.35,66.55,0,0.0,0,0,18-APR-2022,
OPTSTK,MARICO,26-May-2022,460.0,CE,0.0,0.0,0.0,42.05,62.1,0,0.0,0,0,18-APR-2022,
OPTSTK,MARICO,26-May-2022,465.0,CE,0.0,0.0,0.0,38.95,57.7,0,0.0,0,0,18-APR-2022,
OPTSTK,MARICO,26-May-2022,470.0,CE,0.0,0.0,0.0,35.95,53.45,0,0.0,0,0,18-APR-2022,
OPTSTK,MARICO,26-May-2022,475.0,CE,0.0,0.0,0.0,33.15,49.3,0,0.0,0,0,18-APR-2022,
OPTSTK,MARICO,26-May-2022,480.0,CE,0.0,0.0,0.0,30.5,45.3,0,0.0,0,0,18-APR-2022,
OPTSTK,MARICO,26-May-2022,485.0,CE,0.0,0.0,0.0,27.95,41.45,0,0.0,0,0,18-APR-2022,
OPTSTK,MARICO,26-May-2022,490.0,CE,0.0,0.0,0.0,25.6,37.8,0,0.0,0,0,18-APR-2022,
OPTSTK,MARICO,26-May-2022,495.0,CE,0.0,0.0,0.0,23.35,34.3,0,0.0,0,0,18-APR-2022,
OPTSTK,MARICO,26-May-2022,500.0,CE,0.0,0.0,0.0,21.3,31.0,0,0.0,0,0,18-APR-2022,
OPTSTK,MARICO,26-May-2022,505.0,CE,0.0,0.0,0.0,19.35,27.9,0,0.0,0,0,18-APR-2022,
OPTSTK,MARICO,26-May-2022,510.0,CE,0.0,0.0,0.0,17.55,25.0,0,0.0,0,0,18-APR-2022,
OPTSTK,MARICO,26-May-2022,515.0,CE,0.0,0.0,0.0,15.85,22.3,0,0.0,0,0,18-APR-2022,
OPTSTK,MARICO,26-May-2022,520.0,CE,0.0,0.0,0.0,14.35,19.8,0,0.0,0,0,18-APR-2022,
OPTSTK,MARICO,26-May-2022,525.0,CE,0.0,0.0,0.0,12.9,17.5,0,0.0,0,0,18-APR-2022,
OPTSTK,MARICO,26-May-2022,530.0,CE,0.0,0.0,0.0,11.6,15.4,0,0.0,0,0,18-APR-2022,
OPTSTK,MARICO,26-May-2022,535.0,CE,0.0,0.0,0.0,10.45,13.5,0,0.0,0,0,18-APR-2022,
OPTSTK,MARICO,26-May-2022,540.0,CE,0.0,0.0,0.0,9.35,11.75,0,0.0,0,0,18-APR-2022,
OPTSTK,MARICO,26-May-2022,545.0,CE,0.0,0.0,0.0,8.35,10.2,0,0.0,0,0,18-APR-2022,
OPTSTK,MARICO,26-May-2022,550.0,CE,10.6,11.0,10.6,11.0,8.8,3,16.82,5000,3000,18-APR-2022,
OPTSTK,MARICO,26-May-2022,555.0,CE,0.0,0.0,0.0,6.6,7.6,0,0.0,0,0,18-APR-2022,
OPTSTK,MARICO,26-May-2022,560.0,CE,0.0,0.0,0.0,5.85,6.5,0,0.0,0,0,18-APR-2022,
OPTSTK,MARICO,26-May-2022,565.0,CE,0.0,0.0,0.0,5.2,5.5,0,0.0,0,0,18-APR-2022,
OPTSTK,MARICO,26-May-2022,570.0,CE,0.0,0.0,0.0,4.6,4.7,0,0.0,0,0,18-APR-2022,
OPTSTK,MARICO,26-May-2022,575.0,CE,0.0,0.0,0.0,4.05,3.95,0,0.0,0,0,18-APR-2022,
OPTSTK,MARICO,26-May-2022,580.0,CE,0.0,0.0,0.0,3.6,3.35,0,0.0,0,0,18-APR-2022,
OPTSTK,MARICO,26-May-2022,585.0,CE,0.0,0.0,0.0,3.15,2.8,0,0.0,0,0,18-APR-2022,
OPTSTK,MARICO,26-May-2022,590.0,CE,0.0,0.0,0.0,2.75,2.3,0,0.0,0,0,18-APR-2022,
OPTSTK,MARICO,26-May-2022,595.0,CE,0.0,0.0,0.0,2.4,1.95,0,0.0,0,0,18-APR-2022,
OPTSTK,MARICO,26-May-2022,600.0,CE,5.0,5.0,1.5,1.9,1.6,3,18.08,4000,0,18-APR-2022,
OPTSTK,MARICO,26-May-2022,605.0,CE,0.0,0.0,0.0,1.85,1.3,0,0.0,0,0,18-APR-2022,
OPTSTK,MARICO,26-May-2022,610.0,CE,0.0,0.0,0.0,1.6,1.1,0,0.0,0,0,18-APR-2022,
OPTSTK,MARICO,26-May-2022,615.0,CE,0.0,0.0,0.0,1.4,0.9,0,0.0,0,0,18-APR-2022,
OPTSTK,MARICO,26-May-2022,620.0,CE,0.0,0.0,0.0,1.2,0.7,0,0.0,0,0,18-APR-2022,
OPTSTK,MARICO,26-May-2022,625.0,CE,0.0,0.0,0.0,1.05,0.6,0,0.0,0,0,18-APR-2022,
OPTSTK,MARICO,26-May-2022,630.0,CE,0.0,0.0,0.0,0.9,0.45,0,0.0,0,0,18-APR-2022,
OPTSTK,MARICO,26-May-2022,635.0,CE,0.0,0.0,0.0,0.8,0.4,0,0.0,0,0,18-APR-2022,
OPTSTK,MARICO,26-May-2022,640.0,CE,0.0,0.0,0.0,0.7,0.3,0,0.0,0,0,18-APR-2022,
OPTSTK,MARICO,26-May-2022,645.0,CE,0.0,0.0,0.0,0.6,0.25,0,0.0,0,0,18-APR-2022,
OPTSTK,MARICO,26-May-2022,650.0,CE,0.0,0.0,0.0,0.5,0.2,0,0.0,0,0,18-APR-2022,
OPTSTK,MARICO,26-May-2022,655.0,CE,0.0,0.0,0.0,0.45,0.15,0,0.0,0,0,18-APR-2022,
OPTSTK,MARICO,26-May-2022,660.0,CE,0.0,0.0,0.0,1.0,0.15,0,0.0,0,0,18-APR-2022,
OPTSTK,MARICO,26-May-2022,665.0,CE,0.0,0.0,0.0,0.35,0.1,0,0.0,0,0,18-APR-2022,
OPTSTK,MARICO,26-May-2022,360.0,PE,0.0,0.0,0.0,0.25,0.0,0,0.0,0,0,18-APR-2022,
OPTSTK,MARICO,26-May-2022,365.0,PE,0.0,0.0,0.0,0.35,0.0,0,0.0,0,0,18-APR-2022,
OPTSTK,MARICO,26-May-2022,370.0,PE,0.0,0.0,0.0,0.45,0.0,0,0.0,0,0,18-APR-2022,
OPTSTK,MARICO,26-May-2022,375.0,PE,0.0,0.0,0.0,0.6,0.0,0,0.0,0,0,18-APR-2022,
OPTSTK,MARICO,26-May-2022,380.0,PE,0.0,0.0,0.0,0.95,0.05,0,0.0,0,0,18-APR-2022,
OPTSTK,MARICO,26-May-2022,385.0,PE,0.0,0.0,0.0,0.95,0.05,0,0.0,0,0,18-APR-2022,
OPTSTK,MARICO,26-May-2022,390.0,PE,0.0,0.0,0.0,1.2,0.05,0,0.0,0,0,18-APR-2022,
OPTSTK,MARICO,26-May-2022,395.0,PE,0.0,0.0,0.0,1.55,0.05,0,0.0,0,0,18-APR-2022,
OPTSTK,MARICO,26-May-2022,400.0,PE,0.0,0.0,0.0,1.9,0.05,0,0.0,0,0,18-APR-2022,
OPTSTK,MARICO,26-May-2022,405.0,PE,0.0,0.0,0.0,2.35,0.1,0,0.0,0,0,18-APR-2022,
OPTSTK,MARICO,26-May-2022,410.0,PE,0.0,0.0,0.0,2.85,0.1,0,0.0,0,0,18-APR-2022,
OPTSTK,MARICO,26-May-2022,415.0,PE,0.0,0.0,0.0,3.45,0.15,0,0.0,0,0,18-APR-2022,
OPTSTK,MARICO,26-May-2022,420.0,PE,0.0,0.0,0.0,4.1,0.2,0,0.0,0,0,18-APR-2022,
OPTSTK,MARICO,26-May-2022,425.0,PE,0.0,0.0,0.0,4.9,0.3,0,0.0,0,0,18-APR-2022,
OPTSTK,MARICO,26-May-2022,430.0,PE,0.0,0.0,0.0,5.8,0.4,0,0.0,0,0,18-APR-2022,
OPTSTK,MARICO,26-May-2022,435.0,PE,0.0,0.0,0.0,6.8,0.55,0,0.0,0,0,18-APR-2022,
OPTSTK,MARICO,26-May-2022,440.0,PE,0.0,0.0,0.0,7.95,0.75,0,0.0,0,0,18-APR-2022,
OPTSTK,MARICO,26-May-2022,445.0,PE,0.0,0.0,0.0,9.2,1.0,0,0.0,0,0,18-APR-2022,
OPTSTK,MARICO,26-May-2022,450.0,PE,0.0,0.0,0.0,10.6,1.3,0,0.0,0,0,18-APR-2022,
OPTSTK,MARICO,26-May-2022,455.0,PE,0.0,0.0,0.0,12.1,1.7,0,0.0,0,0,18-APR-2022,
OPTSTK,MARICO,26-May-2022,460.0,PE,0.0,0.0,0.0,13.8,2.2,0,0.0,0,0,18-APR-2022,
OPTSTK,MARICO,26-May-2022,465.0,PE,0.0,0.0,0.0,15.65,2.8,0,0.0,0,0,18-APR-2022,
OPTSTK,MARICO,26-May-2022,470.0,PE,0.0,0.0,0.0,17.6,3.5,0,0.0,0,0,18-APR-2022,
OPTSTK,MARICO,26-May-2022,475.0,PE,0.0,0.0,0.0,19.75,4.35,0,0.0,0,0,18-APR-2022,
OPTSTK,MARICO,26-May-2022,480.0,PE,0.0,0.0,0.0,22.0,5.35,0,0.0,0,0,18-APR-2022,
OPTSTK,MARICO,26-May-2022,485.0,PE,0.0,0.0,0.0,24.45,6.45,0,0.0,0,0,18-APR-2022,
OPTSTK,MARICO,26-May-2022,490.0,PE,0.0,0.0,0.0,27.0,7.8,0,0.0,0,0,18-APR-2022,
OPTSTK,MARICO,26-May-2022,495.0,PE,0.0,0.0,0.0,29.75,9.25,0,0.0,0,0,18-APR-2022,
OPTSTK,MARICO,26-May-2022,500.0,PE,0.0,0.0,0.0,32.6,10.95,0,0.0,0,0,18-APR-2022,
OPTSTK,MARICO,26-May-2022,505.0,PE,0.0,0.0,0.0,35.6,12.85,0,0.0,0,0,18-APR-2022,
OPTSTK,MARICO,26-May-2022,510.0,PE,0.0,0.0,0.0,38.75,14.9,0,0.0,0,0,18-APR-2022,
OPTSTK,MARICO,26-May-2022,515.0,PE,0.0,0.0,0.0,42.05,17.2,0,0.0,0,0,18-APR-2022,
OPTSTK,MARICO,26-May-2022,520.0,PE,0.0,0.0,0.0,45.45,19.65,0,0.0,0,0,18-APR-2022,
OPTSTK,MARICO,26-May-2022,525.0,PE,0.0,0.0,0.0,48.95,22.35,0,0.0,0,0,18-APR-2022,
OPTSTK,MARICO,26-May-2022,530.0,PE,0.0,0.0,0.0,52.65,25.2,0,0.0,0,0,18-APR-2022,
OPTSTK,MARICO,26-May-2022,535.0,PE,0.0,0.0,0.0,56.4,28.25,0,0.0,0,0,18-APR-2022,
OPTSTK,MARICO,26-May-2022,540.0,PE,0.0,0.0,0.0,60.2,31.5,0,0.0,0,0,18-APR-2022,
OPTSTK,MARICO,26-May-2022,545.0,PE,0.0,0.0,0.0,64.2,34.95,0,0.0,0,0,18-APR-2022,
OPTSTK,MARICO,26-May-2022,550.0,PE,0.0,0.0,0.0,68.2,38.5,0,0.0,0,0,18-APR-2022,
OPTSTK,MARICO,26-May-2022,555.0,PE,0.0,0.0,0.0,72.35,42.3,0,0.0,0,0,18-APR-2022,
OPTSTK,MARICO,26-May-2022,560.0,PE,0.0,0.0,0.0,76.55,46.15,0,0.0,0,0,18-APR-2022,
OPTSTK,MARICO,26-May-2022,565.0,PE,0.0,0.0,0.0,80.85,50.2,0,0.0,0,0,18-APR-2022,
OPTSTK,MARICO,26-May-2022,570.0,PE,0.0,0.0,0.0,85.2,54.3,0,0.0,0,0,18-APR-2022,
OPTSTK,MARICO,26-May-2022,575.0,PE,0.0,0.0,0.0,89.6,58.55,0,0.0,0,0,18-APR-2022,
OPTSTK,MARICO,26-May-2022,580.0,PE,0.0,0.0,0.0,94.05,62.9,0,0.0,0,0,18-APR-2022,
OPTSTK,MARICO,26-May-2022,585.0,PE,0.0,0.0,0.0,98.55,67.35,0,0.0,0,0,18-APR-2022,
OPTSTK,MARICO,26-May-2022,590.0,PE,0.0,0.0,0.0,103.15,71.85,0,0.0,0,0,18-APR-2022,
OPTSTK,MARICO,26-May-2022,595.0,PE,0.0,0.0,0.0,107.75,76.45,0,0.0,0,0,18-APR-2022,
OPTSTK,MARICO,26-May-2022,600.0,PE,0.0,0.0,0.0,112.4,81.1,0,0.0,0,0,18-APR-2022,
OPTSTK,MARICO,26-May-2022,605.0,PE,0.0,0.0,0.0,117.05,85.8,0,0.0,0,0,18-APR-2022,
OPTSTK,MARICO,26-May-2022,610.0,PE,0.0,0.0,0.0,121.8,90.55,0,0.0,0,0,18-APR-2022,
OPTSTK,MARICO,26-May-2022,615.0,PE,0.0,0.0,0.0,126.5,95.3,0,0.0,0,0,18-APR-2022,
OPTSTK,MARICO,26-May-2022,620.0,PE,0.0,0.0,0.0,131.3,100.15,0,0.0,0,0,18-APR-2022,
OPTSTK,MARICO,26-May-2022,625.0,PE,0.0,0.0,0.0,136.05,105.0,0,0.0,0,0,18-APR-2022,
OPTSTK,MARICO,26-May-2022,630.0,PE,0.0,0.0,0.0,140.9,109.85,0,0.0,0,0,18-APR-2022,
OPTSTK,MARICO,26-May-2022,635.0,PE,0.0,0.0,0.0,145.7,114.75,0,0.0,0,0,18-APR-2022,
OPTSTK,MARICO,26-May-2022,640.0,PE,0.0,0.0,0.0,150.55,119.65,0,0.0,0,0,18-APR-2022,
OPTSTK,MARICO,26-May-2022,645.0,PE,0.0,0.0,0.0,155.4,124.55,0,0.0,0,0,18-APR-2022,
OPTSTK,MARICO,26-May-2022,650.0,PE,0.0,0.0,0.0,160.25,129.5,0,0.0,0,0,18-APR-2022,
OPTSTK,MARICO,26-May-2022,655.0,PE,0.0,0.0,0.0,165.15,134.4,0,0.0,0,0,18-APR-2022,
OPTSTK,MARICO,26-May-2022,660.0,PE,0.0,0.0,0.0,170.05,139.35,0,0.0,0,0,18-APR-2022,
OPTSTK,MARICO,26-May-2022,665.0,PE,0.0,0.0,0.0,174.9,144.3,0,0.0,0,0,18-APR-2022,
OPTSTK,MARICO,30-Jun-2022,360.0,CE,0.0,0.0,0.0,147.65,160.95,0,0.0,0,0,18-APR-2022,
OPTSTK,MARICO,30-Jun-2022,365.0,CE,0.0,0.0,0.0,142.8,156.0,0,0.0,0,0,18-APR-2022,
OPTSTK,MARICO,30-Jun-2022,370.0,CE,0.0,0.0,0.0,137.9,151.1,0,0.0,0,0,18-APR-2022,
OPTSTK,MARICO,30-Jun-2022,375.0,CE,0.0,0.0,0.0,133.05,146.15,0,0.0,0,0,18-APR-2022,
OPTSTK,MARICO,30-Jun-2022,380.0,CE,0.0,0.0,0.0,128.2,141.25,0,0.0,0,0,18-APR-2022,
OPTSTK,MARICO,30-Jun-2022,385.0,CE,0.0,0.0,0.0,123.4,136.35,0,0.0,0,0,18-APR-2022,
OPTSTK,MARICO,30-Jun-2022,390.0,CE,0.0,0.0,0.0,118.6,131.45,0,0.0,0,0,18-APR-2022,
OPTSTK,MARICO,30-Jun-2022,395.0,CE,0.0,0.0,0.0,113.9,126.6,0,0.0,0,0,18-APR-2022,
OPTSTK,MARICO,30-Jun-2022,400.0,CE,0.0,0.0,0.0,109.2,121.75,0,0.0,0,0,18-APR-2022,
OPTSTK,MARICO,30-Jun-2022,405.0,CE,0.0,0.0,0.0,104.55,116.95,0,0.0,0,0,18-APR-2022,
OPTSTK,MARICO,30-Jun-2022,410.0,CE,0.0,0.0,0.0,99.95,112.15,0,0.0,0,0,18-APR-2022,
OPTSTK,MARICO,30-Jun-2022,415.0,CE,0.0,0.0,0.0,95.4,107.4,0,0.0,0,0,18-APR-2022,
OPTSTK,MARICO,30-Jun-2022,420.0,CE,0.0,0.0,0.0,90.9,102.7,0,0.0,0,0,18-APR-2022,
OPTSTK,MARICO,30-Jun-2022,425.0,CE,0.0,0.0,0.0,86.5,98.05,0,0.0,0,0,18-APR-2022,
OPTSTK,MARICO,30-Jun-2022,430.0,CE,0.0,0.0,0.0,82.2,93.45,0,0.0,0,0,18-APR-2022,
OPTSTK,MARICO,30-Jun-2022,435.0,CE,0.0,0.0,0.0,77.95,88.95,0,0.0,0,0,18-APR-2022,
OPTSTK,MARICO,30-Jun-2022,440.0,CE,0.0,0.0,0.0,73.85,84.5,0,0.0,0,0,18-APR-2022,
OPTSTK,MARICO,30-Jun-2022,445.0,CE,0.0,0.0,0.0,69.8,80.1,0,0.0,0,0,18-APR-2022,
OPTSTK,MARICO,30-Jun-2022,450.0,CE,0.0,0.0,0.0,65.85,75.85,0,0.0,0,0,18-APR-2022,
OPTSTK,MARICO,30-Jun-2022,455.0,CE,0.0,0.0,0.0,62.05,71.65,0,0.0,0,0,18-APR-2022,
OPTSTK,MARICO,30-Jun-2022,460.0,CE,0.0,0.0,0.0,58.35,67.55,0,0.0,0,0,18-APR-2022,
OPTSTK,MARICO,30-Jun-2022,465.0,CE,0.0,0.0,0.0,54.75,63.55,0,0.0,0,0,18-APR-2022,
OPTSTK,MARICO,30-Jun-2022,470.0,CE,0.0,0.0,0.0,51.3,59.7,0,0.0,0,0,18-APR-2022,
OPTSTK,MARICO,30-Jun-2022,475.0,CE,0.0,0.0,0.0,47.95,56.0,0,0.0,0,0,18-APR-2022,
OPTSTK,MARICO,30-Jun-2022,480.0,CE,0.0,0.0,0.0,44.75,52.35,0,0.0,0,0,18-APR-2022,
OPTSTK,MARICO,30-Jun-2022,485.0,CE,0.0,0.0,0.0,41.7,48.85,0,0.0,0,0,18-APR-2022,
OPTSTK,MARICO,30-Jun-2022,490.0,CE,0.0,0.0,0.0,38.8,45.5,0,0.0,0,0,18-APR-2022,
OPTSTK,MARICO,30-Jun-2022,495.0,CE,0.0,0.0,0.0,36.0,42.3,0,0.0,0,0,18-APR-2022,
OPTSTK,MARICO,30-Jun-2022,500.0,CE,0.0,0.0,0.0,33.35,39.2,0,0.0,0,0,18-APR-2022,
OPTSTK,MARICO,30-Jun-2022,505.0,CE,0.0,0.0,0.0,30.85,36.3,0,0.0,0,0,18-APR-2022,
OPTSTK,MARICO,30-Jun-2022,510.0,CE,0.0,0.0,0.0,28.45,33.55,0,0.0,0,0,18-APR-2022,
OPTSTK,MARICO,30-Jun-2022,515.0,CE,0.0,0.0,0.0,26.25,30.9,0,0.0,0,0,18-APR-2022,
OPTSTK,MARICO,30-Jun-2022,520.0,CE,0.0,0.0,0.0,24.1,28.4,0,0.0,0,0,18-APR-2022,
OPTSTK,MARICO,30-Jun-2022,525.0,CE,0.0,0.0,0.0,22.15,26.05,0,0.0,0,0,18-APR-2022,
OPTSTK,MARICO,30-Jun-2022,530.0,CE,0.0,0.0,0.0,20.3,23.85,0,0.0,0,0,18-APR-2022,
OPTSTK,MARICO,30-Jun-2022,535.0,CE,0.0,0.0,0.0,18.55,21.8,0,0.0,0,0,18-APR-2022,
OPTSTK,MARICO,30-Jun-2022,540.0,CE,0.0,0.0,0.0,16.95,19.9,0,0.0,0,0,18-APR-2022,
OPTSTK,MARICO,30-Jun-2022,545.0,CE,0.0,0.0,0.0,15.45,18.1,0,0.0,0,0,18-APR-2022,
OPTSTK,MARICO,30-Jun-2022,550.0,CE,0.0,0.0,0.0,14.05,16.4,0,0.0,0,0,18-APR-2022,
OPTSTK,MARICO,30-Jun-2022,555.0,CE,0.0,0.0,0.0,12.8,14.85,0,0.0,0,0,18-APR-2022,
OPTSTK,MARICO,30-Jun-2022,560.0,CE,0.0,0.0,0.0,11.6,13.45,0,0.0,0,0,18-APR-2022,
OPTSTK,MARICO,30-Jun-2022,565.0,CE,0.0,0.0,0.0,10.5,12.15,0,0.0,0,0,18-APR-2022,
OPTSTK,MARICO,30-Jun-2022,570.0,CE,0.0,0.0,0.0,9.45,10.95,0,0.0,0,0,18-APR-2022,
OPTSTK,MARICO,30-Jun-2022,575.0,CE,0.0,0.0,0.0,8.55,9.85,0,0.0,0,0,18-APR-2022,
OPTSTK,MARICO,30-Jun-2022,580.0,CE,0.0,0.0,0.0,7.7,8.8,0,0.0,0,0,18-APR-2022,
OPTSTK,MARICO,30-Jun-2022,585.0,CE,0.0,0.0,0.0,6.9,7.9,0,0.0,0,0,18-APR-2022,
OPTSTK,MARICO,30-Jun-2022,590.0,CE,0.0,0.0,0.0,6.2,7.05,0,0.0,0,0,18-APR-2022,
OPTSTK,MARICO,30-Jun-2022,595.0,CE,0.0,0.0,0.0,5.55,6.3,0,0.0,0,0,18-APR-2022,
OPTSTK,MARICO,30-Jun-2022,600.0,CE,0.0,0.0,0.0,5.0,5.6,0,0.0,0,0,18-APR-2022,
OPTSTK,MARICO,30-Jun-2022,605.0,CE,0.0,0.0,0.0,4.45,4.95,0,0.0,0,0,18-APR-2022,
OPTSTK,MARICO,30-Jun-2022,610.0,CE,0.0,0.0,0.0,4.0,4.4,0,0.0,0,0,18-APR-2022,
OPTSTK,MARICO,30-Jun-2022,615.0,CE,0.0,0.0,0.0,3.55,3.9,0,0.0,0,0,18-APR-2022,
OPTSTK,MARICO,30-Jun-2022,620.0,CE,0.0,0.0,0.0,3.15,3.45,0,0.0,0,0,18-APR-2022,
OPTSTK,MARICO,30-Jun-2022,625.0,CE,0.0,0.0,0.0,2.8,3.05,0,0.0,0,0,18-APR-2022,
OPTSTK,MARICO,30-Jun-2022,630.0,CE,0.0,0.0,0.0,2.5,2.7,0,0.0,0,0,18-APR-2022,
OPTSTK,MARICO,30-Jun-2022,635.0,CE,0.0,0.0,0.0,2.2,2.35,0,0.0,0,0,18-APR-2022,
OPTSTK,MARICO,30-Jun-2022,640.0,CE,0.0,0.0,0.0,1.95,2.05,0,0.0,0,0,18-APR-2022,
OPTSTK,MARICO,30-Jun-2022,645.0,CE,0.0,0.0,0.0,1.75,1.8,0,0.0,0,0,18-APR-2022,
OPTSTK,MARICO,30-Jun-2022,650.0,CE,0.0,0.0,0.0,1.55,1.6,0,0.0,0,0,18-APR-2022,
OPTSTK,MARICO,30-Jun-2022,655.0,CE,0.0,0.0,0.0,1.35,1.4,0,0.0,0,0,18-APR-2022,
OPTSTK,MARICO,30-Jun-2022,660.0,CE,0.0,0.0,0.0,1.2,1.2,0,0.0,0,0,18-APR-2022,
OPTSTK,MARICO,30-Jun-2022,665.0,CE,0.0,0.0,0.0,1.05,1.05,0,0.0,0,0,18-APR-2022,
OPTSTK,MARICO,30-Jun-2022,360.0,PE,0.0,0.0,0.0,0.2,0.05,0,0.0,0,0,18-APR-2022,
OPTSTK,MARICO,30-Jun-2022,365.0,PE,0.0,0.0,0.0,0.25,0.1,0,0.0,0,0,18-APR-2022,
OPTSTK,MARICO,30-Jun-2022,370.0,PE,0.0,0.0,0.0,0.3,0.1,0,0.0,0,0,18-APR-2022,
OPTSTK,MARICO,30-Jun-2022,375.0,PE,0.0,0.0,0.0,0.4,0.15,0,0.0,0,0,18-APR-2022,
OPTSTK,MARICO,30-Jun-2022,380.0,PE,0.0,0.0,0.0,0.5,0.2,0,0.0,0,0,18-APR-2022,
OPTSTK,MARICO,30-Jun-2022,385.0,PE,0.0,0.0,0.0,0.65,0.25,0,0.0,0,0,18-APR-2022,
OPTSTK,MARICO,30-Jun-2022,390.0,PE,0.0,0.0,0.0,0.8,0.3,0,0.0,0,0,18-APR-2022,
OPTSTK,MARICO,30-Jun-2022,395.0,PE,0.0,0.0,0.0,1.0,0.4,0,0.0,0,0,18-APR-2022,
OPTSTK,MARICO,30-Jun-2022,400.0,PE,0.0,0.0,0.0,1.25,0.5,0,0.0,0,0,18-APR-2022,
OPTSTK,MARICO,30-Jun-2022,405.0,PE,0.0,0.0,0.0,1.55,0.65,0,0.0,0,0,18-APR-2022,
OPTSTK,MARICO,30-Jun-2022,410.0,PE,0.0,0.0,0.0,1.9,0.85,0,0.0,0,0,18-APR-2022,
OPTSTK,MARICO,30-Jun-2022,415.0,PE,0.0,0.0,0.0,2.3,1.05,0,0.0,0,0,18-APR-2022,
OPTSTK,MARICO,30-Jun-2022,420.0,PE,0.0,0.0,0.0,2.8,1.3,0,0.0,0,0,18-APR-2022,
OPTSTK,MARICO,30-Jun-2022,425.0,PE,0.0,0.0,0.0,3.35,1.6,0,0.0,0,0,18-APR-2022,
OPTSTK,MARICO,30-Jun-2022,430.0,PE,0.0,0.0,0.0,4.0,2.0,0,0.0,0,0,18-APR-2022,
OPTSTK,MARICO,30-Jun-2022,435.0,PE,0.0,0.0,0.0,4.7,2.4,0,0.0,0,0,18-APR-2022,
OPTSTK,MARICO,30-Jun-2022,440.0,PE,0.0,0.0,0.0,5.5,2.9,0,0.0,0,0,18-APR-2022,
OPTSTK,MARICO,30-Jun-2022,445.0,PE,0.0,0.0,0.0,6.4,3.5,0,0.0,0,0,18-APR-2022,
OPTSTK,MARICO,30-Jun-2022,450.0,PE,0.0,0.0,0.0,7.45,4.15,0,0.0,0,0,18-APR-2022,
OPTSTK,MARICO,30-Jun-2022,455.0,PE,0.0,0.0,0.0,8.55,4.95,0,0.0,0,0,18-APR-2022,
OPTSTK,MARICO,30-Jun-2022,460.0,PE,0.0,0.0,0.0,9.8,5.8,0,0.0,0,0,18-APR-2022,
OPTSTK,MARICO,30-Jun-2022,465.0,PE,0.0,0.0,0.0,11.15,6.8,0,0.0,0,0,18-APR-2022,
OPTSTK,MARICO,30-Jun-2022,470.0,PE,0.0,0.0,0.0,12.65,7.85,0,0.0,0,0,18-APR-2022,
OPTSTK,MARICO,30-Jun-2022,475.0,PE,0.0,0.0,0.0,14.25,9.1,0,0.0,0,0,18-APR-2022,
OPTSTK,MARICO,30-Jun-2022,480.0,PE,0.0,0.0,0.0,16.0,10.45,0,0.0,0,0,18-APR-2022,
OPTSTK,MARICO,30-Jun-2022,485.0,PE,0.0,0.0,0.0,17.9,11.9,0,0.0,0,0,18-APR-2022,
OPTSTK,MARICO,30-Jun-2022,490.0,PE,0.0,0.0,0.0,19.95,13.5,0,0.0,0,0,18-APR-2022,
OPTSTK,MARICO,30-Jun-2022,495.0,PE,0.0,0.0,0.0,22.1,15.25,0,0.0,0,0,18-APR-2022,
OPTSTK,MARICO,30-Jun-2022,500.0,PE,0.0,0.0,0.0,24.4,17.15,0,0.0,0,0,18-APR-2022,
OPTSTK,MARICO,30-Jun-2022,505.0,PE,0.0,0.0,0.0,26.85,19.2,0,0.0,0,0,18-APR-2022,
OPTSTK,MARICO,30-Jun-2022,510.0,PE,0.0,0.0,0.0,29.4,21.35,0,0.0,0,0,18-APR-2022,
OPTSTK,MARICO,30-Jun-2022,515.0,PE,0.0,0.0,0.0,32.1,23.7,0,0.0,0,0,18-APR-2022,
OPTSTK,MARICO,30-Jun-2022,520.0,PE,0.0,0.0,0.0,34.95,26.15,0,0.0,0,0,18-APR-2022,
OPTSTK,MARICO,30-Jun-2022,525.0,PE,0.0,0.0,0.0,37.9,28.75,0,0.0,0,0,18-APR-2022,
OPTSTK,MARICO,30-Jun-2022,530.0,PE,0.0,0.0,0.0,41.0,31.55,0,0.0,0,0,18-APR-2022,
OPTSTK,MARICO,30-Jun-2022,535.0,PE,0.0,0.0,0.0,44.25,34.45,0,0.0,0,0,18-APR-2022,
OPTSTK,MARICO,30-Jun-2022,540.0,PE,0.0,0.0,0.0,47.55,37.45,0,0.0,0,0,18-APR-2022,
OPTSTK,MARICO,30-Jun-2022,545.0,PE,0.0,0.0,0.0,51.0,40.6,0,0.0,0,0,18-APR-2022,
OPTSTK,MARICO,30-Jun-2022,550.0,PE,0.0,0.0,0.0,54.55,43.9,0,0.0,0,0,18-APR-2022,
OPTSTK,MARICO,30-Jun-2022,555.0,PE,0.0,0.0,0.0,58.25,47.35,0,0.0,0,0,18-APR-2022,
OPTSTK,MARICO,30-Jun-2022,560.0,PE,0.0,0.0,0.0,62.0,50.85,0,0.0,0,0,18-APR-2022,
OPTSTK,MARICO,30-Jun-2022,565.0,PE,0.0,0.0,0.0,65.85,54.5,0,0.0,0,0,18-APR-2022,
OPTSTK,MARICO,30-Jun-2022,570.0,PE,0.0,0.0,0.0,69.8,58.3,0,0.0,0,0,18-APR-2022,
OPTSTK,MARICO,30-Jun-2022,575.0,PE,0.0,0.0,0.0,73.8,62.15,0,0.0,0,0,18-APR-2022,
OPTSTK,MARICO,30-Jun-2022,580.0,PE,0.0,0.0,0.0,77.9,66.05,0,0.0,0,0,18-APR-2022,
OPTSTK,MARICO,30-Jun-2022,585.0,PE,0.0,0.0,0.0,82.05,70.1,0,0.0,0,0,18-APR-2022,
OPTSTK,MARICO,30-Jun-2022,590.0,PE,0.0,0.0,0.0,86.3,74.2,0,0.0,0,0,18-APR-2022,
OPTSTK,MARICO,30-Jun-2022,595.0,PE,0.0,0.0,0.0,90.6,78.4,0,0.0,0,0,18-APR-2022,
OPTSTK,MARICO,30-Jun-2022,600.0,PE,0.0,0.0,0.0,95.0,82.65,0,0.0,0,0,18-APR-2022,
OPTSTK,MARICO,30-Jun-2022,605.0,PE,0.0,0.0,0.0,99.4,87.0,0,0.0,0,0,18-APR-2022,
OPTSTK,MARICO,30-Jun-2022,610.0,PE,0.0,0.0,0.0,103.85,91.4,0,0.0,0,0,18-APR-2022,
OPTSTK,MARICO,30-Jun-2022,615.0,PE,0.0,0.0,0.0,108.4,95.85,0,0.0,0,0,18-APR-2022,
OPTSTK,MARICO,30-Jun-2022,620.0,PE,0.0,0.0,0.0,112.95,100.35,0,0.0,0,0,18-APR-2022,
OPTSTK,MARICO,30-Jun-2022,625.0,PE,0.0,0.0,0.0,117.55,104.9,0,0.0,0,0,18-APR-2022,
OPTSTK,MARICO,30-Jun-2022,630.0,PE,0.0,0.0,0.0,122.15,109.5,0,0.0,0,0,18-APR-2022,
OPTSTK,MARICO,30-Jun-2022,635.0,PE,0.0,0.0,0.0,126.85,114.15,0,0.0,0,0,18-APR-2022,
OPTSTK,MARICO,30-Jun-2022,640.0,PE,0.0,0.0,0.0,131.55,118.8,0,0.0,0,0,18-APR-2022,
OPTSTK,MARICO,30-Jun-2022,645.0,PE,0.0,0.0,0.0,136.25,123.5,0,0.0,0,0,18-APR-2022,
OPTSTK,MARICO,30-Jun-2022,650.0,PE,0.0,0.0,0.0,141.0,128.25,0,0.0,0,0,18-APR-2022,
OPTSTK,MARICO,30-Jun-2022,655.0,PE,0.0,0.0,0.0,145.75,133.0,0,0.0,0,0,18-APR-2022,
OPTSTK,MARICO,30-Jun-2022,660.0,PE,0.0,0.0,0.0,150.55,137.75,0,0.0,0,0,18-APR-2022,
OPTSTK,MARICO,30-Jun-2022,665.0,PE,0.0,0.0,0.0,155.35,142.6,0,0.0,0,0,18-APR-2022,
OPTSTK,MARUTI,28-Apr-2022,5200.0,CE,0.0,0.0,0.0,3210.65,2379.4,0,0.0,0,0,18-APR-2022,
OPTSTK,MARUTI,28-Apr-2022,5300.0,CE,0.0,0.0,0.0,3268.6,2279.55,0,0.0,0,0,18-APR-2022,
OPTSTK,MARUTI,28-Apr-2022,5400.0,CE,0.0,0.0,0.0,3207.5,2179.65,0,0.0,0,0,18-APR-2022,
OPTSTK,MARUTI,28-Apr-2022,5500.0,CE,0.0,0.0,0.0,3109.35,2079.75,0,0.0,0,0,18-APR-2022,
OPTSTK,MARUTI,28-Apr-2022,5600.0,CE,0.0,0.0,0.0,3281.5,1979.85,0,0.0,0,0,18-APR-2022,
OPTSTK,MARUTI,28-Apr-2022,5700.0,CE,0.0,0.0,0.0,3183.55,1880.0,0,0.0,0,0,18-APR-2022,
OPTSTK,MARUTI,28-Apr-2022,5800.0,CE,0.0,0.0,0.0,3085.85,1780.1,0,0.0,0,0,18-APR-2022,
OPTSTK,MARUTI,28-Apr-2022,5900.0,CE,0.0,0.0,0.0,2988.55,1680.2,0,0.0,0,0,18-APR-2022,
OPTSTK,MARUTI,28-Apr-2022,6000.0,CE,0.0,0.0,0.0,2891.6,1580.35,0,0.0,0,0,18-APR-2022,
OPTSTK,MARUTI,28-Apr-2022,6100.0,CE,0.0,0.0,0.0,2795.1,1480.5,0,0.0,0,0,18-APR-2022,
OPTSTK,MARUTI,28-Apr-2022,6200.0,CE,0.0,0.0,0.0,2699.2,1380.65,0,0.0,0,0,18-APR-2022,
OPTSTK,MARUTI,28-Apr-2022,6300.0,CE,0.0,0.0,0.0,2603.9,1280.95,0,0.0,0,0,18-APR-2022,
OPTSTK,MARUTI,28-Apr-2022,6400.0,CE,0.0,0.0,0.0,2509.35,1181.4,0,0.0,0,0,18-APR-2022,
OPTSTK,MARUTI,28-Apr-2022,6500.0,CE,0.0,0.0,0.0,2415.6,1082.2,0,0.0,0,0,18-APR-2022,
OPTSTK,MARUTI,28-Apr-2022,6600.0,CE,0.0,0.0,0.0,2322.8,983.65,0,0.0,0,0,18-APR-2022,
OPTSTK,MARUTI,28-Apr-2022,6700.0,CE,0.0,0.0,0.0,323.85,886.1,0,0.0,1400,0,18-APR-2022,
OPTSTK,MARUTI,28-Apr-2022,6800.0,CE,0.0,0.0,0.0,871.45,790.2,0,0.0,1000,0,18-APR-2022,
OPTSTK,MARUTI,28-Apr-2022,6900.0,CE,670.55,670.55,670.55,670.55,696.6,1,7.57,2100,0,18-APR-2022,
OPTSTK,MARUTI,28-Apr-2022,7000.0,CE,489.0,631.8,489.0,599.3,599.3,241,1820.5,9600,2000,18-APR-2022,
OPTSTK,MARUTI,28-Apr-2022,7100.0,CE,401.2,453.45,400.45,434.85,520.2,8,60.16,2400,100,18-APR-2022,
OPTSTK,MARUTI,28-Apr-2022,7200.0,CE,284.25,420.0,284.25,420.0,439.45,8,60.52,4000,-200,18-APR-2022,
OPTSTK,MARUTI,28-Apr-2022,7300.0,CE,215.6,365.25,213.95,351.2,351.2,170,1288.98,8000,-1300,18-APR-2022,
OPTSTK,MARUTI,28-Apr-2022,7400.0,CE,135.0,290.0,135.0,268.5,268.5,1369,10431.61,22800,7800,18-APR-2022,
OPTSTK,MARUTI,28-Apr-2022,7500.0,CE,128.45,215.0,110.0,198.7,198.7,7584,58176.68,107300,1600,18-APR-2022,
OPTSTK,MARUTI,28-Apr-2022,7600.0,CE,80.05,159.45,78.15,147.25,147.25,7759,59958.69,156100,-200,18-APR-2022,
OPTSTK,MARUTI,28-Apr-2022,7700.0,CE,57.7,115.0,55.75,106.45,106.45,5758,44856.16,171200,-31300,18-APR-2022,
OPTSTK,MARUTI,28-Apr-2022,7800.0,CE,62.0,82.8,40.0,75.95,75.95,4526,35589.99,249100,-28000,18-APR-2022,
OPTSTK,MARUTI,28-Apr-2022,7900.0,CE,34.65,59.85,29.05,54.65,54.65,2461,19553.38,114600,-13400,18-APR-2022,
OPTSTK,MARUTI,28-Apr-2022,8000.0,CE,30.0,45.0,22.0,40.95,40.95,6435,51701.43,585500,-36400,18-APR-2022,
OPTSTK,MARUTI,28-Apr-2022,8100.0,CE,29.0,33.45,17.15,29.5,29.5,1692,13747.62,56700,-12400,18-APR-2022,
OPTSTK,MARUTI,28-Apr-2022,8200.0,CE,19.0,25.0,13.55,22.35,22.35,1771,14555.84,100400,-5200,18-APR-2022,
OPTSTK,MARUTI,28-Apr-2022,8300.0,CE,15.25,19.5,10.95,16.45,16.45,1540,12804.19,106400,-3300,18-APR-2022,
OPTSTK,MARUTI,28-Apr-2022,8400.0,CE,11.05,15.35,8.25,12.7,12.7,1452,12213.26,59100,-3200,18-APR-2022,
OPTSTK,MARUTI,28-Apr-2022,8500.0,CE,8.55,12.85,7.1,10.55,10.55,3081,26217.61,226300,-62200,18-APR-2022,
OPTSTK,MARUTI,28-Apr-2022,8600.0,CE,6.7,10.3,5.8,8.6,8.6,951,8185.9,37000,-13500,18-APR-2022,
OPTSTK,MARUTI,28-Apr-2022,8700.0,CE,6.15,9.65,4.55,7.35,7.35,814,7087.19,45300,-7600,18-APR-2022,
OPTSTK,MARUTI,28-Apr-2022,8800.0,CE,7.0,7.15,3.7,6.45,6.45,656,5776.56,29100,3100,18-APR-2022,
OPTSTK,MARUTI,28-Apr-2022,8900.0,CE,5.05,6.0,3.65,5.55,5.55,445,3962.76,10400,4900,18-APR-2022,
OPTSTK,MARUTI,28-Apr-2022,9000.0,CE,4.6,6.0,4.0,5.35,5.35,1407,12670.03,165500,-17600,18-APR-2022,
OPTSTK,MARUTI,28-Apr-2022,9100.0,CE,5.4,6.45,4.0,4.0,0.4,14,127.47,4400,500,18-APR-2022,
OPTSTK,MARUTI,28-Apr-2022,9200.0,CE,3.75,5.0,3.75,3.85,3.85,19,174.88,13900,0,18-APR-2022,
OPTSTK,MARUTI,28-Apr-2022,9300.0,CE,0.0,0.0,0.0,6.4,0.15,0,0.0,400,0,18-APR-2022,
OPTSTK,MARUTI,28-Apr-2022,9400.0,CE,0.0,0.0,0.0,466.45,0.1,0,0.0,0,0,18-APR-2022,
OPTSTK,MARUTI,28-Apr-2022,9500.0,CE,2.3,3.85,2.3,3.5,3.5,178,1691.62,29800,-2800,18-APR-2022,
OPTSTK,MARUTI,28-Apr-2022,9600.0,CE,0.0,0.0,0.0,5.5,0.05,0,0.0,2200,0,18-APR-2022,
OPTSTK,MARUTI,28-Apr-2022,9700.0,CE,0.0,0.0,0.0,370.6,0.05,0,0.0,0,0,18-APR-2022,
OPTSTK,MARUTI,28-Apr-2022,9800.0,CE,0.0,0.0,0.0,342.45,0.0,0,0.0,0,0,18-APR-2022,
OPTSTK,MARUTI,28-Apr-2022,9900.0,CE,0.0,0.0,0.0,316.1,0.0,0,0.0,0,0,18-APR-2022,
OPTSTK,MARUTI,28-Apr-2022,10000.0,CE,4.3,4.3,1.8,3.55,3.55,51,510.12,15100,-1600,18-APR-2022,
OPTSTK,MARUTI,28-Apr-2022,10100.0,CE,0.0,0.0,0.0,269.05,0.0,0,0.0,0,0,18-APR-2022,
OPTSTK,MARUTI,28-Apr-2022,10200.0,CE,0.0,0.0,0.0,247.65,0.0,0,0.0,0,0,18-APR-2022,
OPTSTK,MARUTI,28-Apr-2022,10300.0,CE,0.0,0.0,0.0,227.4,0.0,0,0.0,0,0,18-APR-2022,
OPTSTK,MARUTI,28-Apr-2022,10400.0,CE,0.0,0.0,0.0,208.9,0.0,0,0.0,0,0,18-APR-2022,
OPTSTK,MARUTI,28-Apr-2022,10500.0,CE,0.0,0.0,0.0,191.65,0.0,0,0.0,0,0,18-APR-2022,
OPTSTK,MARUTI,28-Apr-2022,5200.0,PE,0.0,0.0,0.0,0.2,0.0,0,0.0,100,0,18-APR-2022,
OPTSTK,MARUTI,28-Apr-2022,5300.0,PE,0.0,0.0,0.0,1.5,0.0,0,0.0,0,0,18-APR-2022,
OPTSTK,MARUTI,28-Apr-2022,5400.0,PE,0.0,0.0,0.0,2.3,0.0,0,0.0,0,0,18-APR-2022,
OPTSTK,MARUTI,28-Apr-2022,5500.0,PE,0.0,0.0,0.0,6.0,0.0,0,0.0,400,0,18-APR-2022,
OPTSTK,MARUTI,28-Apr-2022,5600.0,PE,0.0,0.0,0.0,2.95,0.0,0,0.0,0,0,18-APR-2022,
OPTSTK,MARUTI,28-Apr-2022,5700.0,PE,0.0,0.0,0.0,3.95,0.0,0,0.0,0,0,18-APR-2022,
OPTSTK,MARUTI,28-Apr-2022,5800.0,PE,0.0,0.0,0.0,5.25,0.0,0,0.0,0,0,18-APR-2022,
OPTSTK,MARUTI,28-Apr-2022,5900.0,PE,0.0,0.0,0.0,6.85,0.05,0,0.0,0,0,18-APR-2022,
OPTSTK,MARUTI,28-Apr-2022,6000.0,PE,5.0,7.5,2.5,3.65,3.65,256,1537.1,19100,1800,18-APR-2022,
OPTSTK,MARUTI,28-Apr-2022,6100.0,PE,0.0,0.0,0.0,3.8,0.05,0,0.0,200,0,18-APR-2022,
OPTSTK,MARUTI,28-Apr-2022,6200.0,PE,7.3,7.3,4.0,6.35,6.35,15,93.08,2200,0,18-APR-2022,
OPTSTK,MARUTI,28-Apr-2022,6300.0,PE,0.0,0.0,0.0,10.45,0.3,0,0.0,800,0,18-APR-2022,
OPTSTK,MARUTI,28-Apr-2022,6400.0,PE,12.1,13.6,7.1,8.05,8.05,180,1153.68,34900,1000,18-APR-2022,
OPTSTK,MARUTI,28-Apr-2022,6500.0,PE,18.0,18.0,7.95,9.25,9.25,1194,7773.34,100200,19400,18-APR-2022,
OPTSTK,MARUTI,28-Apr-2022,6600.0,PE,16.5,16.5,8.25,10.25,10.25,598,3953.82,25300,-3600,18-APR-2022,
OPTSTK,MARUTI,28-Apr-2022,6700.0,PE,30.0,30.0,10.5,12.35,12.35,682,4579.68,16700,-3100,18-APR-2022,
OPTSTK,MARUTI,28-Apr-2022,6800.0,PE,39.2,40.0,13.1,15.15,15.15,1007,6867.69,31900,2000,18-APR-2022,
OPTSTK,MARUTI,28-Apr-2022,6900.0,PE,45.35,66.55,16.0,19.2,19.2,1262,8740.95,34300,-900,18-APR-2022,
OPTSTK,MARUTI,28-Apr-2022,7000.0,PE,52.0,66.0,21.05,24.55,24.55,2911,20477.95,119300,-9500,18-APR-2022,
OPTSTK,MARUTI,28-Apr-2022,7100.0,PE,107.4,107.4,26.8,31.8,31.8,1423,10166.65,27100,-400,18-APR-2022,
OPTSTK,MARUTI,28-Apr-2022,7200.0,PE,100.0,126.8,35.3,41.55,41.55,2483,18029.91,47200,-7600,18-APR-2022,
OPTSTK,MARUTI,28-Apr-2022,7300.0,PE,146.15,146.15,49.0,56.4,56.4,2067,15261.36,59900,9200,18-APR-2022,
OPTSTK,MARUTI,28-Apr-2022,7400.0,PE,187.15,247.7,62.6,77.6,77.6,3573,26855.85,69100,800,18-APR-2022,
OPTSTK,MARUTI,28-Apr-2022,7500.0,PE,229.9,253.9,99.0,112.9,112.9,4563,34933.34,149600,22600,18-APR-2022,
OPTSTK,MARUTI,28-Apr-2022,7600.0,PE,310.0,315.9,144.0,156.3,156.3,713,5562.67,72400,-10600,18-APR-2022,
OPTSTK,MARUTI,28-Apr-2022,7700.0,PE,363.95,375.0,200.85,212.2,212.2,211,1682.37,23500,-7500,18-APR-2022,
OPTSTK,MARUTI,28-Apr-2022,7800.0,PE,478.25,478.25,272.05,280.1,280.1,88,717.35,20100,-2100,18-APR-2022,
OPTSTK,MARUTI,28-Apr-2022,7900.0,PE,460.0,470.0,428.3,470.0,397.8,5,41.77,6600,-100,18-APR-2022,
OPTSTK,MARUTI,28-Apr-2022,8000.0,PE,601.0,601.0,434.8,442.85,442.85,17,144.59,33900,-900,18-APR-2022,
OPTSTK,MARUTI,28-Apr-2022,8100.0,PE,610.55,610.55,547.7,547.7,558.15,2,17.35,2900,0,18-APR-2022,
OPTSTK,MARUTI,28-Apr-2022,8200.0,PE,770.0,770.0,711.65,711.65,645.45,3,26.85,3500,0,18-APR-2022,
OPTSTK,MARUTI,28-Apr-2022,8300.0,PE,0.0,0.0,0.0,663.0,736.2,0,0.0,2300,0,18-APR-2022,
OPTSTK,MARUTI,28-Apr-2022,8400.0,PE,0.0,0.0,0.0,849.65,829.6,0,0.0,300,0,18-APR-2022,
OPTSTK,MARUTI,28-Apr-2022,8500.0,PE,1013.0,1013.0,1013.0,1013.0,925.05,1,9.51,2200,0,18-APR-2022,
OPTSTK,MARUTI,28-Apr-2022,8600.0,PE,0.0,0.0,0.0,919.4,1021.95,0,0.0,200,0,18-APR-2022,
OPTSTK,MARUTI,28-Apr-2022,8700.0,PE,0.0,0.0,0.0,554.55,1119.9,0,0.0,0,0,18-APR-2022,
OPTSTK,MARUTI,28-Apr-2022,8800.0,PE,0.0,0.0,0.0,1170.0,1218.5,0,0.0,200,0,18-APR-2022,
OPTSTK,MARUTI,28-Apr-2022,8900.0,PE,0.0,0.0,0.0,655.55,1317.6,0,0.0,0,0,18-APR-2022,
OPTSTK,MARUTI,28-Apr-2022,9000.0,PE,0.0,0.0,0.0,1449.95,1417.0,0,0.0,1200,0,18-APR-2022,
OPTSTK,MARUTI,28-Apr-2022,9100.0,PE,0.0,0.0,0.0,765.95,1516.6,0,0.0,0,0,18-APR-2022,
OPTSTK,MARUTI,28-Apr-2022,9200.0,PE,0.0,0.0,0.0,1560.0,1616.35,0,0.0,100,0,18-APR-2022,
OPTSTK,MARUTI,28-Apr-2022,9300.0,PE,0.0,0.0,0.0,885.35,1716.1,0,0.0,0,0,18-APR-2022,
OPTSTK,MARUTI,28-Apr-2022,9400.0,PE,0.0,0.0,0.0,948.3,1815.95,0,0.0,0,0,18-APR-2022,
OPTSTK,MARUTI,28-Apr-2022,9500.0,PE,0.0,0.0,0.0,1013.35,1915.8,0,0.0,0,0,18-APR-2022,
OPTSTK,MARUTI,28-Apr-2022,9600.0,PE,0.0,0.0,0.0,1080.35,2015.7,0,0.0,0,0,18-APR-2022,
OPTSTK,MARUTI,28-Apr-2022,9700.0,PE,0.0,0.0,0.0,1149.35,2115.55,0,0.0,0,0,18-APR-2022,
OPTSTK,MARUTI,28-Apr-2022,9800.0,PE,0.0,0.0,0.0,1220.15,2215.45,0,0.0,0,0,18-APR-2022,
OPTSTK,MARUTI,28-Apr-2022,9900.0,PE,0.0,0.0,0.0,1292.8,2315.35,0,0.0,0,0,18-APR-2022,
OPTSTK,MARUTI,28-Apr-2022,10000.0,PE,0.0,0.0,0.0,1367.6,2415.2,0,0.0,0,0,18-APR-2022,
OPTSTK,MARUTI,28-Apr-2022,10100.0,PE,0.0,0.0,0.0,1443.6,2515.1,0,0.0,0,0,18-APR-2022,
OPTSTK,MARUTI,28-Apr-2022,10200.0,PE,0.0,0.0,0.0,1521.2,2615.0,0,0.0,0,0,18-APR-2022,
OPTSTK,MARUTI,28-Apr-2022,10300.0,PE,0.0,0.0,0.0,1599.95,2714.9,0,0.0,0,0,18-APR-2022,
OPTSTK,MARUTI,28-Apr-2022,10400.0,PE,0.0,0.0,0.0,1680.35,2814.75,0,0.0,0,0,18-APR-2022,
OPTSTK,MARUTI,28-Apr-2022,10500.0,PE,0.0,0.0,0.0,1762.1,2914.65,0,0.0,0,0,18-APR-2022,
OPTSTK,MARUTI,26-May-2022,5200.0,CE,0.0,0.0,0.0,3067.05,2396.8,0,0.0,0,0,18-APR-2022,
OPTSTK,MARUTI,26-May-2022,5300.0,CE,0.0,0.0,0.0,2969.0,2297.45,0,0.0,0,0,18-APR-2022,
OPTSTK,MARUTI,26-May-2022,5400.0,CE,0.0,0.0,0.0,2871.25,2198.25,0,0.0,0,0,18-APR-2022,
OPTSTK,MARUTI,26-May-2022,5500.0,CE,0.0,0.0,0.0,2773.85,2099.2,0,0.0,0,0,18-APR-2022,
OPTSTK,MARUTI,26-May-2022,5600.0,CE,0.0,0.0,0.0,2676.9,2000.35,0,0.0,0,0,18-APR-2022,
OPTSTK,MARUTI,26-May-2022,5700.0,CE,0.0,0.0,0.0,2580.45,1901.9,0,0.0,0,0,18-APR-2022,
OPTSTK,MARUTI,26-May-2022,5800.0,CE,0.0,0.0,0.0,2484.55,1803.95,0,0.0,0,0,18-APR-2022,
OPTSTK,MARUTI,26-May-2022,5900.0,CE,0.0,0.0,0.0,2389.35,1706.55,0,0.0,0,0,18-APR-2022,
OPTSTK,MARUTI,26-May-2022,6000.0,CE,0.0,0.0,0.0,2295.0,1610.0,0,0.0,0,0,18-APR-2022,
OPTSTK,MARUTI,26-May-2022,6100.0,CE,0.0,0.0,0.0,2201.55,1514.5,0,0.0,0,0,18-APR-2022,
OPTSTK,MARUTI,26-May-2022,6200.0,CE,0.0,0.0,0.0,2109.15,1420.2,0,0.0,0,0,18-APR-2022,
OPTSTK,MARUTI,26-May-2022,6300.0,CE,0.0,0.0,0.0,2017.9,1327.4,0,0.0,0,0,18-APR-2022,
OPTSTK,MARUTI,26-May-2022,6400.0,CE,0.0,0.0,0.0,1927.95,1236.45,0,0.0,0,0,18-APR-2022,
OPTSTK,MARUTI,26-May-2022,6500.0,CE,0.0,0.0,0.0,1839.4,1147.55,0,0.0,0,0,18-APR-2022,
OPTSTK,MARUTI,26-May-2022,6600.0,CE,0.0,0.0,0.0,1752.45,1061.1,0,0.0,0,0,18-APR-2022,
OPTSTK,MARUTI,26-May-2022,6700.0,CE,0.0,0.0,0.0,1667.15,977.35,0,0.0,0,0,18-APR-2022,
OPTSTK,MARUTI,26-May-2022,6800.0,CE,0.0,0.0,0.0,1583.7,896.55,0,0.0,0,0,18-APR-2022,
OPTSTK,MARUTI,26-May-2022,6900.0,CE,0.0,0.0,0.0,1502.15,819.05,0,0.0,0,0,18-APR-2022,
OPTSTK,MARUTI,26-May-2022,7000.0,CE,0.0,0.0,0.0,1422.65,745.3,0,0.0,0,0,18-APR-2022,
OPTSTK,MARUTI,26-May-2022,7100.0,CE,0.0,0.0,0.0,1345.35,674.75,0,0.0,0,0,18-APR-2022,
OPTSTK,MARUTI,26-May-2022,7200.0,CE,0.0,0.0,0.0,1270.25,608.5,0,0.0,0,0,18-APR-2022,
OPTSTK,MARUTI,26-May-2022,7300.0,CE,0.0,0.0,0.0,1197.7,546.35,0,0.0,0,0,18-APR-2022,
OPTSTK,MARUTI,26-May-2022,7400.0,CE,0.0,0.0,0.0,1127.35,488.3,0,0.0,0,0,18-APR-2022,
OPTSTK,MARUTI,26-May-2022,7500.0,CE,340.45,402.0,338.75,391.1,391.1,162,1275.02,4200,200,18-APR-2022,
OPTSTK,MARUTI,26-May-2022,7600.0,CE,260.0,348.0,253.0,338.1,338.1,92,728.43,4200,0,18-APR-2022,
OPTSTK,MARUTI,26-May-2022,7700.0,CE,270.55,301.1,250.0,295.95,295.95,19,151.48,3200,300,18-APR-2022,
OPTSTK,MARUTI,26-May-2022,7800.0,CE,204.05,255.0,204.05,249.65,249.65,28,225.01,6700,-500,18-APR-2022,
OPTSTK,MARUTI,26-May-2022,7900.0,CE,192.55,212.75,191.85,195.05,260.2,12,97.18,10200,400,18-APR-2022,
OPTSTK,MARUTI,26-May-2022,8000.0,CE,164.95,191.75,150.0,180.55,180.55,188,1535.87,19200,300,18-APR-2022,
OPTSTK,MARUTI,26-May-2022,8100.0,CE,146.35,156.25,146.35,153.85,153.85,13,107.29,1100,1100,18-APR-2022,
OPTSTK,MARUTI,26-May-2022,8200.0,CE,0.0,0.0,0.0,120.5,169.0,0,0.0,1300,0,18-APR-2022,
OPTSTK,MARUTI,26-May-2022,8300.0,CE,105.0,105.0,96.0,96.0,145.5,4,33.6,300,100,18-APR-2022,
OPTSTK,MARUTI,26-May-2022,8400.0,CE,0.0,0.0,0.0,565.75,124.2,0,0.0,0,0,18-APR-2022,
OPTSTK,MARUTI,26-May-2022,8500.0,CE,62.25,99.95,62.25,73.5,73.5,91,779.89,6800,2900,18-APR-2022,
OPTSTK,MARUTI,26-May-2022,8600.0,CE,52.3,52.3,52.3,52.3,89.65,1,8.65,200,100,18-APR-2022,
OPTSTK,MARUTI,26-May-2022,8700.0,CE,0.0,0.0,0.0,447.05,75.7,0,0.0,0,0,18-APR-2022,
OPTSTK,MARUTI,26-May-2022,8800.0,CE,0.0,0.0,0.0,412.1,63.65,0,0.0,0,0,18-APR-2022,
OPTSTK,MARUTI,26-May-2022,8900.0,CE,0.0,0.0,0.0,379.4,53.3,0,0.0,0,0,18-APR-2022,
OPTSTK,MARUTI,26-May-2022,9000.0,CE,28.0,42.0,26.5,33.5,33.5,37,334.26,25700,1000,18-APR-2022,
OPTSTK,MARUTI,26-May-2022,9100.0,CE,0.0,0.0,0.0,320.3,36.95,0,0.0,0,0,18-APR-2022,
OPTSTK,MARUTI,26-May-2022,9200.0,CE,0.0,0.0,0.0,293.7,30.6,0,0.0,0,0,18-APR-2022,
OPTSTK,MARUTI,26-May-2022,9300.0,CE,0.0,0.0,0.0,269.4,25.25,0,0.0,0,0,18-APR-2022,
OPTSTK,MARUTI,26-May-2022,9400.0,CE,0.0,0.0,0.0,246.55,20.75,0,0.0,0,0,18-APR-2022,
OPTSTK,MARUTI,26-May-2022,9500.0,CE,0.0,0.0,0.0,225.35,17.0,0,0.0,0,0,18-APR-2022,
OPTSTK,MARUTI,26-May-2022,9600.0,CE,0.0,0.0,0.0,205.4,13.85,0,0.0,0,0,18-APR-2022,
OPTSTK,MARUTI,26-May-2022,9700.0,CE,0.0,0.0,0.0,187.2,11.25,0,0.0,0,0,18-APR-2022,
OPTSTK,MARUTI,26-May-2022,9800.0,CE,0.0,0.0,0.0,170.45,9.15,0,0.0,0,0,18-APR-2022,
OPTSTK,MARUTI,26-May-2022,9900.0,CE,0.0,0.0,0.0,155.05,7.4,0,0.0,0,0,18-APR-2022,
OPTSTK,MARUTI,26-May-2022,10000.0,CE,0.0,0.0,0.0,20.0,5.95,0,0.0,500,0,18-APR-2022,
OPTSTK,MARUTI,26-May-2022,10100.0,CE,0.0,0.0,0.0,127.8,4.8,0,0.0,0,0,18-APR-2022,
OPTSTK,MARUTI,26-May-2022,10200.0,CE,0.0,0.0,0.0,115.85,3.85,0,0.0,0,0,18-APR-2022,
OPTSTK,MARUTI,26-May-2022,10300.0,CE,0.0,0.0,0.0,104.9,3.05,0,0.0,0,0,18-APR-2022,
OPTSTK,MARUTI,26-May-2022,10400.0,CE,0.0,0.0,0.0,94.9,2.45,0,0.0,0,0,18-APR-2022,
OPTSTK,MARUTI,26-May-2022,10500.0,CE,0.0,0.0,0.0,85.75,1.95,0,0.0,0,0,18-APR-2022,
OPTSTK,MARUTI,26-May-2022,5200.0,PE,0.0,0.0,0.0,2.45,0.3,0,0.0,0,0,18-APR-2022,
OPTSTK,MARUTI,26-May-2022,5300.0,PE,0.0,0.0,0.0,3.4,0.5,0,0.0,0,0,18-APR-2022,
OPTSTK,MARUTI,26-May-2022,5400.0,PE,0.0,0.0,0.0,4.6,0.85,0,0.0,0,0,18-APR-2022,
OPTSTK,MARUTI,26-May-2022,5500.0,PE,0.0,0.0,0.0,6.15,1.35,0,0.0,0,0,18-APR-2022,
OPTSTK,MARUTI,26-May-2022,5600.0,PE,0.0,0.0,0.0,8.15,2.1,0,0.0,0,0,18-APR-2022,
OPTSTK,MARUTI,26-May-2022,5700.0,PE,0.0,0.0,0.0,10.6,3.2,0,0.0,0,0,18-APR-2022,
OPTSTK,MARUTI,26-May-2022,5800.0,PE,0.0,0.0,0.0,13.7,4.8,0,0.0,0,0,18-APR-2022,
OPTSTK,MARUTI,26-May-2022,5900.0,PE,0.0,0.0,0.0,17.45,7.0,0,0.0,0,0,18-APR-2022,
OPTSTK,MARUTI,26-May-2022,6000.0,PE,20.0,20.0,19.0,19.0,19.0,3,18.05,700,200,18-APR-2022,
OPTSTK,MARUTI,26-May-2022,6100.0,PE,0.0,0.0,0.0,27.55,14.0,0,0.0,0,0,18-APR-2022,
OPTSTK,MARUTI,26-May-2022,6200.0,PE,0.0,0.0,0.0,34.1,19.25,0,0.0,0,0,18-APR-2022,
OPTSTK,MARUTI,26-May-2022,6300.0,PE,0.0,0.0,0.0,41.8,26.05,0,0.0,0,0,18-APR-2022,
OPTSTK,MARUTI,26-May-2022,6400.0,PE,0.0,0.0,0.0,50.8,34.65,0,0.0,0,0,18-APR-2022,
OPTSTK,MARUTI,26-May-2022,6500.0,PE,50.0,60.0,27.05,43.45,43.45,77,504.16,7400,2600,18-APR-2022,
OPTSTK,MARUTI,26-May-2022,6600.0,PE,0.0,0.0,0.0,73.2,58.4,0,0.0,0,0,18-APR-2022,
OPTSTK,MARUTI,26-May-2022,6700.0,PE,0.0,0.0,0.0,86.9,74.2,0,0.0,0,0,18-APR-2022,
OPTSTK,MARUTI,26-May-2022,6800.0,PE,100.0,111.1,80.0,80.0,93.0,27,186.38,2800,1200,18-APR-2022,
OPTSTK,MARUTI,26-May-2022,6900.0,PE,0.0,0.0,0.0,119.8,115.05,0,0.0,0,0,18-APR-2022,
OPTSTK,MARUTI,26-May-2022,7000.0,PE,130.0,163.2,110.0,117.85,117.85,234,1672.42,16800,-500,18-APR-2022,
OPTSTK,MARUTI,26-May-2022,7100.0,PE,0.0,0.0,0.0,140.0,169.85,0,0.0,100,0,18-APR-2022,
OPTSTK,MARUTI,26-May-2022,7200.0,PE,243.6,243.6,160.0,171.35,171.35,34,252.28,3100,1600,18-APR-2022,
OPTSTK,MARUTI,26-May-2022,7300.0,PE,248.0,248.0,199.85,199.9,240.55,6,45.15,400,400,18-APR-2022,
OPTSTK,MARUTI,26-May-2022,7400.0,PE,302.75,302.75,266.65,266.65,282.1,18,138.18,1600,1400,18-APR-2022,
OPTSTK,MARUTI,26-May-2022,7500.0,PE,310.05,364.15,266.8,284.9,284.9,269,2105.55,16700,11800,18-APR-2022,
OPTSTK,MARUTI,26-May-2022,7600.0,PE,451.15,451.15,323.05,340.05,340.05,25,199.47,3300,300,18-APR-2022,
OPTSTK,MARUTI,26-May-2022,7700.0,PE,386.15,387.9,386.15,387.9,387.9,2,16.17,4000,-100,18-APR-2022,
OPTSTK,MARUTI,26-May-2022,7800.0,PE,470.0,504.1,452.0,452.0,452.0,6,49.61,2500,200,18-APR-2022,
OPTSTK,MARUTI,26-May-2022,7900.0,PE,0.0,0.0,0.0,422.1,551.8,0,0.0,300,0,18-APR-2022,
OPTSTK,MARUTI,26-May-2022,8000.0,PE,630.0,654.9,620.0,620.0,617.5,6,51.79,1200,200,18-APR-2022,
OPTSTK,MARUTI,26-May-2022,8100.0,PE,0.0,0.0,0.0,511.85,686.7,0,0.0,0,0,18-APR-2022,
OPTSTK,MARUTI,26-May-2022,8200.0,PE,0.0,0.0,0.0,561.25,759.25,0,0.0,0,0,18-APR-2022,
OPTSTK,MARUTI,26-May-2022,8300.0,PE,0.0,0.0,0.0,613.2,835.3,0,0.0,0,0,18-APR-2022,
OPTSTK,MARUTI,26-May-2022,8400.0,PE,0.0,0.0,0.0,667.7,913.55,0,0.0,0,0,18-APR-2022,
OPTSTK,MARUTI,26-May-2022,8500.0,PE,0.0,0.0,0.0,1201.6,994.65,0,0.0,100,0,18-APR-2022,
OPTSTK,MARUTI,26-May-2022,8600.0,PE,0.0,0.0,0.0,784.05,1078.1,0,0.0,0,0,18-APR-2022,
OPTSTK,MARUTI,26-May-2022,8700.0,PE,0.0,0.0,0.0,845.8,1163.7,0,0.0,0,0,18-APR-2022,
OPTSTK,MARUTI,26-May-2022,8800.0,PE,0.0,0.0,0.0,909.85,1251.25,0,0.0,0,0,18-APR-2022,
OPTSTK,MARUTI,26-May-2022,8900.0,PE,0.0,0.0,0.0,976.1,1340.45,0,0.0,0,0,18-APR-2022,
OPTSTK,MARUTI,26-May-2022,9000.0,PE,0.0,0.0,0.0,1044.5,1431.2,0,0.0,0,0,18-APR-2022,
OPTSTK,MARUTI,26-May-2022,9100.0,PE,0.0,0.0,0.0,1114.9,1523.2,0,0.0,0,0,18-APR-2022,
OPTSTK,MARUTI,26-May-2022,9200.0,PE,0.0,0.0,0.0,1187.25,1616.4,0,0.0,0,0,18-APR-2022,
OPTSTK,MARUTI,26-May-2022,9300.0,PE,0.0,0.0,0.0,1261.9,1710.6,0,0.0,0,0,18-APR-2022,
OPTSTK,MARUTI,26-May-2022,9400.0,PE,0.0,0.0,0.0,1338.0,1805.7,0,0.0,0,0,18-APR-2022,
OPTSTK,MARUTI,26-May-2022,9500.0,PE,0.0,0.0,0.0,1415.8,1901.5,0,0.0,0,0,18-APR-2022,
OPTSTK,MARUTI,26-May-2022,9600.0,PE,0.0,0.0,0.0,1494.75,1997.95,0,0.0,0,0,18-APR-2022,
OPTSTK,MARUTI,26-May-2022,9700.0,PE,0.0,0.0,0.0,1575.55,2094.9,0,0.0,0,0,18-APR-2022,
OPTSTK,MARUTI,26-May-2022,9800.0,PE,0.0,0.0,0.0,1657.75,2192.35,0,0.0,0,0,18-APR-2022,
OPTSTK,MARUTI,26-May-2022,9900.0,PE,0.0,0.0,0.0,1741.25,2290.15,0,0.0,0,0,18-APR-2022,
OPTSTK,MARUTI,26-May-2022,10000.0,PE,0.0,0.0,0.0,1826.0,2388.25,0,0.0,0,0,18-APR-2022,
OPTSTK,MARUTI,26-May-2022,10100.0,PE,0.0,0.0,0.0,1911.95,2486.65,0,0.0,0,0,18-APR-2022,
OPTSTK,MARUTI,26-May-2022,10200.0,PE,0.0,0.0,0.0,1998.95,2585.25,0,0.0,0,0,18-APR-2022,
OPTSTK,MARUTI,26-May-2022,10300.0,PE,0.0,0.0,0.0,2086.95,2684.05,0,0.0,0,0,18-APR-2022,
OPTSTK,MARUTI,26-May-2022,10400.0,PE,0.0,0.0,0.0,2175.9,2783.0,0,0.0,0,0,18-APR-2022,
OPTSTK,MARUTI,26-May-2022,10500.0,PE,0.0,0.0,0.0,2265.7,2882.05,0,0.0,0,0,18-APR-2022,
OPTSTK,MARUTI,30-Jun-2022,5200.0,CE,0.0,0.0,0.0,2428.7,2423.0,0,0.0,0,0,18-APR-2022,
OPTSTK,MARUTI,30-Jun-2022,5300.0,CE,0.0,0.0,0.0,2333.45,2325.85,0,0.0,0,0,18-APR-2022,
OPTSTK,MARUTI,30-Jun-2022,5400.0,CE,0.0,0.0,0.0,2239.05,2229.25,0,0.0,0,0,18-APR-2022,
OPTSTK,MARUTI,30-Jun-2022,5500.0,CE,0.0,0.0,0.0,2145.55,2133.4,0,0.0,0,0,18-APR-2022,
OPTSTK,MARUTI,30-Jun-2022,5600.0,CE,0.0,0.0,0.0,2053.2,2038.35,0,0.0,0,0,18-APR-2022,
OPTSTK,MARUTI,30-Jun-2022,5700.0,CE,0.0,0.0,0.0,1962.05,1944.3,0,0.0,0,0,18-APR-2022,
OPTSTK,MARUTI,30-Jun-2022,5800.0,CE,0.0,0.0,0.0,1872.25,1851.35,0,0.0,0,0,18-APR-2022,
OPTSTK,MARUTI,30-Jun-2022,5900.0,CE,0.0,0.0,0.0,1783.95,1759.75,0,0.0,0,0,18-APR-2022,
OPTSTK,MARUTI,30-Jun-2022,6000.0,CE,0.0,0.0,0.0,1697.3,1669.55,0,0.0,0,0,18-APR-2022,
OPTSTK,MARUTI,30-Jun-2022,6100.0,CE,0.0,0.0,0.0,1612.45,1581.05,0,0.0,0,0,18-APR-2022,
OPTSTK,MARUTI,30-Jun-2022,6200.0,CE,0.0,0.0,0.0,1529.45,1494.3,0,0.0,0,0,18-APR-2022,
OPTSTK,MARUTI,30-Jun-2022,6300.0,CE,0.0,0.0,0.0,1448.5,1409.55,0,0.0,0,0,18-APR-2022,
OPTSTK,MARUTI,30-Jun-2022,6400.0,CE,0.0,0.0,0.0,1369.7,1326.95,0,0.0,0,0,18-APR-2022,
OPTSTK,MARUTI,30-Jun-2022,6500.0,CE,0.0,0.0,0.0,1293.15,1246.65,0,0.0,0,0,18-APR-2022,
OPTSTK,MARUTI,30-Jun-2022,6600.0,CE,0.0,0.0,0.0,1219.15,1168.75,0,0.0,0,0,18-APR-2022,
OPTSTK,MARUTI,30-Jun-2022,6700.0,CE,0.0,0.0,0.0,1147.35,1093.75,0,0.0,0,0,18-APR-2022,
OPTSTK,MARUTI,30-Jun-2022,6800.0,CE,0.0,0.0,0.0,1078.05,1021.1,0,0.0,0,0,18-APR-2022,
OPTSTK,MARUTI,30-Jun-2022,6900.0,CE,0.0,0.0,0.0,1011.1,951.25,0,0.0,0,0,18-APR-2022,
OPTSTK,MARUTI,30-Jun-2022,7000.0,CE,0.0,0.0,0.0,947.1,884.1,0,0.0,0,0,18-APR-2022,
OPTSTK,MARUTI,30-Jun-2022,7100.0,CE,0.0,0.0,0.0,885.8,820.2,0,0.0,0,0,18-APR-2022,
OPTSTK,MARUTI,30-Jun-2022,7200.0,CE,0.0,0.0,0.0,827.2,759.3,0,0.0,0,0,18-APR-2022,
OPTSTK,MARUTI,30-Jun-2022,7300.0,CE,0.0,0.0,0.0,771.25,701.45,0,0.0,0,0,18-APR-2022,
OPTSTK,MARUTI,30-Jun-2022,7400.0,CE,0.0,0.0,0.0,718.0,646.7,0,0.0,0,0,18-APR-2022,
OPTSTK,MARUTI,30-Jun-2022,7500.0,CE,0.0,0.0,0.0,667.4,594.95,0,0.0,0,0,18-APR-2022,
OPTSTK,MARUTI,30-Jun-2022,7600.0,CE,0.0,0.0,0.0,619.5,546.15,0,0.0,0,0,18-APR-2022,
OPTSTK,MARUTI,30-Jun-2022,7700.0,CE,0.0,0.0,0.0,574.15,500.4,0,0.0,0,0,18-APR-2022,
OPTSTK,MARUTI,30-Jun-2022,7800.0,CE,0.0,0.0,0.0,531.35,457.55,0,0.0,0,0,18-APR-2022,
OPTSTK,MARUTI,30-Jun-2022,7900.0,CE,0.0,0.0,0.0,491.05,417.5,0,0.0,0,0,18-APR-2022,
OPTSTK,MARUTI,30-Jun-2022,8000.0,CE,0.0,0.0,0.0,453.15,380.2,0,0.0,0,0,18-APR-2022,
OPTSTK,MARUTI,30-Jun-2022,8100.0,CE,0.0,0.0,0.0,417.65,345.6,0,0.0,0,0,18-APR-2022,
OPTSTK,MARUTI,30-Jun-2022,8200.0,CE,0.0,0.0,0.0,384.35,313.5,0,0.0,0,0,18-APR-2022,
OPTSTK,MARUTI,30-Jun-2022,8300.0,CE,0.0,0.0,0.0,353.25,283.85,0,0.0,0,0,18-APR-2022,
OPTSTK,MARUTI,30-Jun-2022,8400.0,CE,0.0,0.0,0.0,324.25,256.55,0,0.0,0,0,18-APR-2022,
OPTSTK,MARUTI,30-Jun-2022,8500.0,CE,0.0,0.0,0.0,297.25,231.85,0,0.0,0,0,18-APR-2022,
OPTSTK,MARUTI,30-Jun-2022,8600.0,CE,0.0,0.0,0.0,272.55,208.9,0,0.0,0,0,18-APR-2022,
OPTSTK,MARUTI,30-Jun-2022,8700.0,CE,0.0,0.0,0.0,249.35,187.9,0,0.0,0,0,18-APR-2022,
OPTSTK,MARUTI,30-Jun-2022,8800.0,CE,0.0,0.0,0.0,227.85,168.4,0,0.0,0,0,18-APR-2022,
OPTSTK,MARUTI,30-Jun-2022,8900.0,CE,0.0,0.0,0.0,207.7,150.9,0,0.0,0,0,18-APR-2022,
OPTSTK,MARUTI,30-Jun-2022,9000.0,CE,0.0,0.0,0.0,99.0,135.0,0,0.0,100,0,18-APR-2022,
OPTSTK,MARUTI,30-Jun-2022,9100.0,CE,0.0,0.0,0.0,172.3,120.55,0,0.0,0,0,18-APR-2022,
OPTSTK,MARUTI,30-Jun-2022,9200.0,CE,0.0,0.0,0.0,156.7,107.5,0,0.0,0,0,18-APR-2022,
OPTSTK,MARUTI,30-Jun-2022,9300.0,CE,0.0,0.0,0.0,142.35,95.75,0,0.0,0,0,18-APR-2022,
OPTSTK,MARUTI,30-Jun-2022,9400.0,CE,0.0,0.0,0.0,129.2,85.1,0,0.0,0,0,18-APR-2022,
OPTSTK,MARUTI,30-Jun-2022,9500.0,CE,0.0,0.0,0.0,117.1,75.55,0,0.0,0,0,18-APR-2022,
OPTSTK,MARUTI,30-Jun-2022,9600.0,CE,0.0,0.0,0.0,106.05,66.95,0,0.0,0,0,18-APR-2022,
OPTSTK,MARUTI,30-Jun-2022,9700.0,CE,0.0,0.0,0.0,95.95,59.25,0,0.0,0,0,18-APR-2022,
OPTSTK,MARUTI,30-Jun-2022,9800.0,CE,0.0,0.0,0.0,86.7,52.4,0,0.0,0,0,18-APR-2022,
OPTSTK,MARUTI,30-Jun-2022,9900.0,CE,0.0,0.0,0.0,78.3,46.25,0,0.0,0,0,18-APR-2022,
OPTSTK,MARUTI,30-Jun-2022,10000.0,CE,0.0,0.0,0.0,70.65,40.75,0,0.0,0,0,18-APR-2022,
OPTSTK,MARUTI,30-Jun-2022,10100.0,CE,0.0,0.0,0.0,63.65,35.9,0,0.0,0,0,18-APR-2022,
OPTSTK,MARUTI,30-Jun-2022,10200.0,CE,0.0,0.0,0.0,57.35,31.55,0,0.0,0,0,18-APR-2022,
OPTSTK,MARUTI,30-Jun-2022,10300.0,CE,0.0,0.0,0.0,51.6,27.7,0,0.0,0,0,18-APR-2022,
OPTSTK,MARUTI,30-Jun-2022,10400.0,CE,0.0,0.0,0.0,46.4,24.3,0,0.0,0,0,18-APR-2022,
OPTSTK,MARUTI,30-Jun-2022,10500.0,CE,0.0,0.0,0.0,41.7,21.3,0,0.0,0,0,18-APR-2022,
OPTSTK,MARUTI,30-Jun-2022,5200.0,PE,0.0,0.0,0.0,12.7,5.45,0,0.0,0,0,18-APR-2022,
OPTSTK,MARUTI,30-Jun-2022,5300.0,PE,0.0,0.0,0.0,16.4,7.45,0,0.0,0,0,18-APR-2022,
OPTSTK,MARUTI,30-Jun-2022,5400.0,PE,0.0,0.0,0.0,20.95,10.0,0,0.0,0,0,18-APR-2022,
OPTSTK,MARUTI,30-Jun-2022,5500.0,PE,0.0,0.0,0.0,26.45,13.3,0,0.0,0,0,18-APR-2022,
OPTSTK,MARUTI,30-Jun-2022,5600.0,PE,0.0,0.0,0.0,33.0,17.4,0,0.0,0,0,18-APR-2022,
OPTSTK,MARUTI,30-Jun-2022,5700.0,PE,0.0,0.0,0.0,40.8,22.5,0,0.0,0,0,18-APR-2022,
OPTSTK,MARUTI,30-Jun-2022,5800.0,PE,0.0,0.0,0.0,50.0,28.7,0,0.0,0,0,18-APR-2022,
OPTSTK,MARUTI,30-Jun-2022,5900.0,PE,0.0,0.0,0.0,60.65,36.25,0,0.0,0,0,18-APR-2022,
OPTSTK,MARUTI,30-Jun-2022,6000.0,PE,0.0,0.0,0.0,72.9,45.25,0,0.0,0,0,18-APR-2022,
OPTSTK,MARUTI,30-Jun-2022,6100.0,PE,0.0,0.0,0.0,87.0,55.85,0,0.0,0,0,18-APR-2022,
OPTSTK,MARUTI,30-Jun-2022,6200.0,PE,0.0,0.0,0.0,102.95,68.3,0,0.0,0,0,18-APR-2022,
OPTSTK,MARUTI,30-Jun-2022,6300.0,PE,0.0,0.0,0.0,120.95,82.7,0,0.0,0,0,18-APR-2022,
OPTSTK,MARUTI,30-Jun-2022,6400.0,PE,0.0,0.0,0.0,141.1,99.25,0,0.0,0,0,18-APR-2022,
OPTSTK,MARUTI,30-Jun-2022,6500.0,PE,0.0,0.0,0.0,79.9,118.05,0,0.0,100,0,18-APR-2022,
OPTSTK,MARUTI,30-Jun-2022,6600.0,PE,0.0,0.0,0.0,188.45,139.35,0,0.0,0,0,18-APR-2022,
OPTSTK,MARUTI,30-Jun-2022,6700.0,PE,0.0,0.0,0.0,215.6,163.5,0,0.0,0,0,18-APR-2022,
OPTSTK,MARUTI,30-Jun-2022,6800.0,PE,0.0,0.0,0.0,245.25,190.0,0,0.0,0,0,18-APR-2022,
OPTSTK,MARUTI,30-Jun-2022,6900.0,PE,0.0,0.0,0.0,277.25,219.3,0,0.0,0,0,18-APR-2022,
OPTSTK,MARUTI,30-Jun-2022,7000.0,PE,0.0,0.0,0.0,312.2,251.3,0,0.0,0,0,18-APR-2022,
OPTSTK,MARUTI,30-Jun-2022,7100.0,PE,0.0,0.0,0.0,349.85,286.55,0,0.0,0,0,18-APR-2022,
OPTSTK,MARUTI,30-Jun-2022,7200.0,PE,0.0,0.0,0.0,390.15,324.8,0,0.0,0,0,18-APR-2022,
OPTSTK,MARUTI,30-Jun-2022,7300.0,PE,0.0,0.0,0.0,433.2,366.15,0,0.0,0,0,18-APR-2022,
OPTSTK,MARUTI,30-Jun-2022,7400.0,PE,0.0,0.0,0.0,478.9,410.5,0,0.0,0,0,18-APR-2022,
OPTSTK,MARUTI,30-Jun-2022,7500.0,PE,0.0,0.0,0.0,527.25,457.9,0,0.0,0,0,18-APR-2022,
OPTSTK,MARUTI,30-Jun-2022,7600.0,PE,0.0,0.0,0.0,578.25,508.3,0,0.0,0,0,18-APR-2022,
OPTSTK,MARUTI,30-Jun-2022,7700.0,PE,0.0,0.0,0.0,631.85,561.65,0,0.0,0,0,18-APR-2022,
OPTSTK,MARUTI,30-Jun-2022,7800.0,PE,0.0,0.0,0.0,688.05,617.95,0,0.0,0,0,18-APR-2022,
OPTSTK,MARUTI,30-Jun-2022,7900.0,PE,0.0,0.0,0.0,746.7,677.1,0,0.0,0,0,18-APR-2022,
OPTSTK,MARUTI,30-Jun-2022,8000.0,PE,0.0,0.0,0.0,807.75,738.95,0,0.0,0,0,18-APR-2022,
OPTSTK,MARUTI,30-Jun-2022,8100.0,PE,0.0,0.0,0.0,871.15,803.45,0,0.0,0,0,18-APR-2022,
OPTSTK,MARUTI,30-Jun-2022,8200.0,PE,0.0,0.0,0.0,936.85,870.55,0,0.0,0,0,18-APR-2022,
OPTSTK,MARUTI,30-Jun-2022,8300.0,PE,0.0,0.0,0.0,1004.7,940.05,0,0.0,0,0,18-APR-2022,
OPTSTK,MARUTI,30-Jun-2022,8400.0,PE,0.0,0.0,0.0,1074.65,1011.9,0,0.0,0,0,18-APR-2022,
OPTSTK,MARUTI,30-Jun-2022,8500.0,PE,0.0,0.0,0.0,1146.6,1086.35,0,0.0,0,0,18-APR-2022,
OPTSTK,MARUTI,30-Jun-2022,8600.0,PE,0.0,0.0,0.0,1220.8,1162.55,0,0.0,0,0,18-APR-2022,
OPTSTK,MARUTI,30-Jun-2022,8700.0,PE,0.0,0.0,0.0,1296.55,1240.75,0,0.0,0,0,18-APR-2022,
OPTSTK,MARUTI,30-Jun-2022,8800.0,PE,0.0,0.0,0.0,1374.05,1320.35,0,0.0,0,0,18-APR-2022,
OPTSTK,MARUTI,30-Jun-2022,8900.0,PE,0.0,0.0,0.0,1452.8,1402.0,0,0.0,0,0,18-APR-2022,
OPTSTK,MARUTI,30-Jun-2022,9000.0,PE,0.0,0.0,0.0,1533.35,1485.25,0,0.0,0,0,18-APR-2022,
OPTSTK,MARUTI,30-Jun-2022,9100.0,PE,0.0,0.0,0.0,1615.35,1570.0,0,0.0,0,0,18-APR-2022,
OPTSTK,MARUTI,30-Jun-2022,9200.0,PE,0.0,0.0,0.0,1698.65,1656.1,0,0.0,0,0,18-APR-2022,
OPTSTK,MARUTI,30-Jun-2022,9300.0,PE,0.0,0.0,0.0,1783.25,1743.45,0,0.0,0,0,18-APR-2022,
OPTSTK,MARUTI,30-Jun-2022,9400.0,PE,0.0,0.0,0.0,1869.05,1832.0,0,0.0,0,0,18-APR-2022,
OPTSTK,MARUTI,30-Jun-2022,9500.0,PE,0.0,0.0,0.0,1955.9,1921.6,0,0.0,0,0,18-APR-2022,
OPTSTK,MARUTI,30-Jun-2022,9600.0,PE,0.0,0.0,0.0,2043.8,2012.15,0,0.0,0,0,18-APR-2022,
OPTSTK,MARUTI,30-Jun-2022,9700.0,PE,0.0,0.0,0.0,2132.65,2103.6,0,0.0,0,0,18-APR-2022,
OPTSTK,MARUTI,30-Jun-2022,9800.0,PE,0.0,0.0,0.0,2222.35,2195.9,0,0.0,0,0,18-APR-2022,
OPTSTK,MARUTI,30-Jun-2022,9900.0,PE,0.0,0.0,0.0,2312.9,2288.9,0,0.0,0,0,18-APR-2022,
OPTSTK,MARUTI,30-Jun-2022,10000.0,PE,0.0,0.0,0.0,2404.2,2382.55,0,0.0,0,0,18-APR-2022,
OPTSTK,MARUTI,30-Jun-2022,10100.0,PE,0.0,0.0,0.0,2496.15,2476.85,0,0.0,0,0,18-APR-2022,
OPTSTK,MARUTI,30-Jun-2022,10200.0,PE,0.0,0.0,0.0,2588.8,2571.65,0,0.0,0,0,18-APR-2022,
OPTSTK,MARUTI,30-Jun-2022,10300.0,PE,0.0,0.0,0.0,2682.0,2667.0,0,0.0,0,0,18-APR-2022,
OPTSTK,MARUTI,30-Jun-2022,10400.0,PE,0.0,0.0,0.0,2775.75,2762.75,0,0.0,0,0,18-APR-2022,
OPTSTK,MARUTI,30-Jun-2022,10500.0,PE,0.0,0.0,0.0,2869.95,2858.85,0,0.0,0,0,18-APR-2022,
OPTSTK,MCDOWELL-N,28-Apr-2022,590.0,CE,0.0,0.0,0.0,259.65,297.6,0,0.0,0,0,18-APR-2022,
OPTSTK,MCDOWELL-N,28-Apr-2022,600.0,CE,0.0,0.0,0.0,258.0,287.6,0,0.0,1250,0,18-APR-2022,
OPTSTK,MCDOWELL-N,28-Apr-2022,610.0,CE,0.0,0.0,0.0,240.7,277.6,0,0.0,0,0,18-APR-2022,
OPTSTK,MCDOWELL-N,28-Apr-2022,620.0,CE,0.0,0.0,0.0,231.35,267.6,0,0.0,0,0,18-APR-2022,
OPTSTK,MCDOWELL-N,28-Apr-2022,630.0,CE,0.0,0.0,0.0,222.1,257.65,0,0.0,0,0,18-APR-2022,
OPTSTK,MCDOWELL-N,28-Apr-2022,640.0,CE,0.0,0.0,0.0,212.95,247.65,0,0.0,0,0,18-APR-2022,
OPTSTK,MCDOWELL-N,28-Apr-2022,650.0,CE,0.0,0.0,0.0,203.9,237.65,0,0.0,0,0,18-APR-2022,
OPTSTK,MCDOWELL-N,28-Apr-2022,660.0,CE,0.0,0.0,0.0,195.0,227.65,0,0.0,0,0,18-APR-2022,
OPTSTK,MCDOWELL-N,28-Apr-2022,670.0,CE,0.0,0.0,0.0,186.25,217.65,0,0.0,0,0,18-APR-2022,
OPTSTK,MCDOWELL-N,28-Apr-2022,680.0,CE,0.0,0.0,0.0,177.7,207.7,0,0.0,0,0,18-APR-2022,
OPTSTK,MCDOWELL-N,28-Apr-2022,690.0,CE,0.0,0.0,0.0,169.25,197.7,0,0.0,0,0,18-APR-2022,
OPTSTK,MCDOWELL-N,28-Apr-2022,700.0,CE,0.0,0.0,0.0,161.0,187.7,0,0.0,0,0,18-APR-2022,
OPTSTK,MCDOWELL-N,28-Apr-2022,710.0,CE,0.0,0.0,0.0,152.95,177.7,0,0.0,0,0,18-APR-2022,
OPTSTK,MCDOWELL-N,28-Apr-2022,720.0,CE,0.0,0.0,0.0,145.15,167.75,0,0.0,0,0,18-APR-2022,
OPTSTK,MCDOWELL-N,28-Apr-2022,730.0,CE,0.0,0.0,0.0,137.5,157.75,0,0.0,0,0,18-APR-2022,
OPTSTK,MCDOWELL-N,28-Apr-2022,740.0,CE,0.0,0.0,0.0,130.1,147.8,0,0.0,0,0,18-APR-2022,
OPTSTK,MCDOWELL-N,28-Apr-2022,750.0,CE,0.0,0.0,0.0,122.9,137.85,0,0.0,0,0,18-APR-2022,
OPTSTK,MCDOWELL-N,28-Apr-2022,760.0,CE,0.0,0.0,0.0,115.95,127.9,0,0.0,0,0,18-APR-2022,
OPTSTK,MCDOWELL-N,28-Apr-2022,770.0,CE,0.0,0.0,0.0,109.2,118.05,0,0.0,0,0,18-APR-2022,
OPTSTK,MCDOWELL-N,28-Apr-2022,780.0,CE,0.0,0.0,0.0,102.75,108.25,0,0.0,0,0,18-APR-2022,
OPTSTK,MCDOWELL-N,28-Apr-2022,790.0,CE,0.0,0.0,0.0,96.5,98.6,0,0.0,0,0,18-APR-2022,
OPTSTK,MCDOWELL-N,28-Apr-2022,800.0,CE,0.0,0.0,0.0,104.05,89.05,0,0.0,3750,0,18-APR-2022,
OPTSTK,MCDOWELL-N,28-Apr-2022,810.0,CE,0.0,0.0,0.0,84.85,79.75,0,0.0,0,0,18-APR-2022,
OPTSTK,MCDOWELL-N,28-Apr-2022,820.0,CE,0.0,0.0,0.0,79.35,70.75,0,0.0,0,0,18-APR-2022,
OPTSTK,MCDOWELL-N,28-Apr-2022,830.0,CE,0.0,0.0,0.0,74.15,62.15,0,0.0,0,0,18-APR-2022,
OPTSTK,MCDOWELL-N,28-Apr-2022,840.0,CE,0.0,0.0,0.0,69.2,53.95,0,0.0,0,0,18-APR-2022,
OPTSTK,MCDOWELL-N,28-Apr-2022,850.0,CE,45.3,53.75,45.0,47.45,46.3,5,56.16,16250,-2500,18-APR-2022,
OPTSTK,MCDOWELL-N,28-Apr-2022,860.0,CE,38.1,38.1,38.05,38.05,39.2,2,22.45,20000,1250,18-APR-2022,
OPTSTK,MCDOWELL-N,28-Apr-2022,870.0,CE,30.9,30.9,30.9,30.9,32.75,1,11.26,13750,-1250,18-APR-2022,
OPTSTK,MCDOWELL-N,28-Apr-2022,880.0,CE,20.65,32.0,20.65,27.3,27.3,41,464.6,77500,-5000,18-APR-2022,
OPTSTK,MCDOWELL-N,28-Apr-2022,890.0,CE,21.15,26.05,17.8,20.45,20.45,337,3838.5,56250,21250,18-APR-2022,
OPTSTK,MCDOWELL-N,28-Apr-2022,900.0,CE,15.1,20.9,13.6,15.65,15.65,894,10242.09,422500,32500,18-APR-2022,
OPTSTK,MCDOWELL-N,28-Apr-2022,910.0,CE,12.1,16.5,10.7,12.15,12.15,321,3701.59,240000,-1250,18-APR-2022,
OPTSTK,MCDOWELL-N,28-Apr-2022,920.0,CE,7.9,12.55,7.05,9.3,9.3,406,4716.47,520000,1250,18-APR-2022,
OPTSTK,MCDOWELL-N,28-Apr-2022,930.0,CE,9.65,9.65,6.2,6.95,6.95,305,3573.49,331250,-16250,18-APR-2022,
OPTSTK,MCDOWELL-N,28-Apr-2022,940.0,CE,5.15,7.2,4.65,5.25,5.25,295,3486.21,478750,-82500,18-APR-2022,
OPTSTK,MCDOWELL-N,28-Apr-2022,950.0,CE,6.5,6.5,3.25,4.1,4.1,317,3780.57,463750,-42500,18-APR-2022,
OPTSTK,MCDOWELL-N,28-Apr-2022,960.0,CE,2.9,3.9,2.6,3.0,3.0,132,1588.99,195000,-18750,18-APR-2022,
OPTSTK,MCDOWELL-N,28-Apr-2022,970.0,CE,2.4,2.95,1.95,2.3,2.3,110,1336.81,130000,15000,18-APR-2022,
OPTSTK,MCDOWELL-N,28-Apr-2022,980.0,CE,1.75,2.2,1.45,1.8,1.8,55,674.9,101250,-10000,18-APR-2022,
OPTSTK,MCDOWELL-N,28-Apr-2022,990.0,CE,1.0,2.3,0.9,1.35,1.35,41,508.03,63750,10000,18-APR-2022,
OPTSTK,MCDOWELL-N,28-Apr-2022,1000.0,CE,1.25,1.5,0.85,1.1,1.1,333,4166.88,607500,15000,18-APR-2022,
OPTSTK,MCDOWELL-N,28-Apr-2022,1010.0,CE,0.6,1.0,0.6,1.0,0.55,17,214.78,12500,-11250,18-APR-2022,
OPTSTK,MCDOWELL-N,28-Apr-2022,1020.0,CE,0.8,0.85,0.4,0.45,0.4,14,178.59,25000,-7500,18-APR-2022,
OPTSTK,MCDOWELL-N,28-Apr-2022,1030.0,CE,0.3,0.5,0.3,0.5,0.25,7,90.15,13750,-1250,18-APR-2022,
OPTSTK,MCDOWELL-N,28-Apr-2022,1040.0,CE,0.25,0.35,0.2,0.35,0.15,8,104.02,25000,-1250,18-APR-2022,
OPTSTK,MCDOWELL-N,28-Apr-2022,1050.0,CE,0.3,0.5,0.15,0.25,0.25,39,511.99,52500,-2500,18-APR-2022,
OPTSTK,MCDOWELL-N,28-Apr-2022,1060.0,CE,0.25,0.25,0.25,0.25,0.1,1,13.25,13750,1250,18-APR-2022,
OPTSTK,MCDOWELL-N,28-Apr-2022,1070.0,CE,0.0,0.0,0.0,2.65,0.05,0,0.0,2500,0,18-APR-2022,
OPTSTK,MCDOWELL-N,28-Apr-2022,1080.0,CE,0.0,0.0,0.0,9.2,0.05,0,0.0,0,0,18-APR-2022,
OPTSTK,MCDOWELL-N,28-Apr-2022,1090.0,CE,0.0,0.0,0.0,8.35,0.05,0,0.0,0,0,18-APR-2022,
OPTSTK,MCDOWELL-N,28-Apr-2022,1100.0,CE,0.25,0.25,0.05,0.1,0.1,5,68.76,145000,-1250,18-APR-2022,
OPTSTK,MCDOWELL-N,28-Apr-2022,1110.0,CE,0.0,0.0,0.0,6.85,0.0,0,0.0,0,0,18-APR-2022,
OPTSTK,MCDOWELL-N,28-Apr-2022,1120.0,CE,0.0,0.0,0.0,6.2,0.0,0,0.0,0,0,18-APR-2022,
OPTSTK,MCDOWELL-N,28-Apr-2022,1130.0,CE,0.0,0.0,0.0,5.65,0.0,0,0.0,0,0,18-APR-2022,
OPTSTK,MCDOWELL-N,28-Apr-2022,1140.0,CE,0.0,0.0,0.0,5.1,0.0,0,0.0,0,0,18-APR-2022,
OPTSTK,MCDOWELL-N,28-Apr-2022,1150.0,CE,0.0,0.0,0.0,0.3,0.0,0,0.0,3750,0,18-APR-2022,
OPTSTK,MCDOWELL-N,28-Apr-2022,590.0,PE,0.0,0.0,0.0,1.45,0.0,0,0.0,0,0,18-APR-2022,
OPTSTK,MCDOWELL-N,28-Apr-2022,600.0,PE,0.0,0.0,0.0,1.8,0.0,0,0.0,0,0,18-APR-2022,
OPTSTK,MCDOWELL-N,28-Apr-2022,610.0,PE,0.0,0.0,0.0,2.25,0.0,0,0.0,0,0,18-APR-2022,
OPTSTK,MCDOWELL-N,28-Apr-2022,620.0,PE,0.0,0.0,0.0,2.8,0.0,0,0.0,0,0,18-APR-2022,
OPTSTK,MCDOWELL-N,28-Apr-2022,630.0,PE,0.0,0.0,0.0,3.45,0.0,0,0.0,0,0,18-APR-2022,
OPTSTK,MCDOWELL-N,28-Apr-2022,640.0,PE,0.0,0.0,0.0,4.2,0.0,0,0.0,0,0,18-APR-2022,
OPTSTK,MCDOWELL-N,28-Apr-2022,650.0,PE,0.0,0.0,0.0,5.05,0.0,0,0.0,0,0,18-APR-2022,
OPTSTK,MCDOWELL-N,28-Apr-2022,660.0,PE,0.0,0.0,0.0,6.05,0.0,0,0.0,0,0,18-APR-2022,
OPTSTK,MCDOWELL-N,28-Apr-2022,670.0,PE,0.0,0.0,0.0,7.2,0.0,0,0.0,0,0,18-APR-2022,
OPTSTK,MCDOWELL-N,28-Apr-2022,680.0,PE,0.0,0.0,0.0,8.5,0.0,0,0.0,0,0,18-APR-2022,
OPTSTK,MCDOWELL-N,28-Apr-2022,690.0,PE,0.0,0.0,0.0,9.95,0.0,0,0.0,0,0,18-APR-2022,
OPTSTK,MCDOWELL-N,28-Apr-2022,700.0,PE,0.0,0.0,0.0,0.5,0.0,0,0.0,2500,0,18-APR-2022,
OPTSTK,MCDOWELL-N,28-Apr-2022,710.0,PE,0.0,0.0,0.0,13.5,0.0,0,0.0,0,0,18-APR-2022,
OPTSTK,MCDOWELL-N,28-Apr-2022,720.0,PE,0.0,0.0,0.0,0.55,0.05,0,0.0,0,0,18-APR-2022,
OPTSTK,MCDOWELL-N,28-Apr-2022,730.0,PE,0.0,0.0,0.0,17.8,0.05,0,0.0,0,0,18-APR-2022,
OPTSTK,MCDOWELL-N,28-Apr-2022,740.0,PE,0.0,0.0,0.0,0.5,0.05,0,0.0,5000,0,18-APR-2022,
OPTSTK,MCDOWELL-N,28-Apr-2022,750.0,PE,0.35,0.35,0.35,0.35,0.35,1,9.37,32500,0,18-APR-2022,
OPTSTK,MCDOWELL-N,28-Apr-2022,760.0,PE,0.0,0.0,0.0,25.95,0.15,0,0.0,0,0,18-APR-2022,
OPTSTK,MCDOWELL-N,28-Apr-2022,770.0,PE,0.0,0.0,0.0,29.1,0.3,0,0.0,0,0,18-APR-2022,
OPTSTK,MCDOWELL-N,28-Apr-2022,780.0,PE,0.25,3.25,0.25,1.9,1.9,11,107.44,6250,5000,18-APR-2022,
OPTSTK,MCDOWELL-N,28-Apr-2022,790.0,PE,0.0,0.0,0.0,1.5,0.8,0,0.0,6250,0,18-APR-2022,
OPTSTK,MCDOWELL-N,28-Apr-2022,800.0,PE,2.5,2.55,1.3,1.55,1.55,83,831.83,151250,10000,18-APR-2022,
OPTSTK,MCDOWELL-N,28-Apr-2022,810.0,PE,2.0,2.0,2.0,2.0,2.0,2,20.3,3750,2500,18-APR-2022,
OPTSTK,MCDOWELL-N,28-Apr-2022,820.0,PE,3.6,4.05,2.3,2.8,2.8,24,247.02,26250,2500,18-APR-2022,
OPTSTK,MCDOWELL-N,28-Apr-2022,830.0,PE,5.0,5.0,3.15,3.85,3.85,11,114.63,35000,-3750,18-APR-2022,
OPTSTK,MCDOWELL-N,28-Apr-2022,840.0,PE,6.0,7.55,4.35,5.5,5.5,80,846.03,138750,-8750,18-APR-2022,
OPTSTK,MCDOWELL-N,28-Apr-2022,850.0,PE,8.5,10.1,5.85,7.0,7.0,188,2015.62,273750,20000,18-APR-2022,
OPTSTK,MCDOWELL-N,28-Apr-2022,860.0,PE,10.45,12.15,7.75,9.8,9.8,108,1174.52,175000,26250,18-APR-2022,
OPTSTK,MCDOWELL-N,28-Apr-2022,870.0,PE,14.55,16.55,10.4,13.0,13.0,133,1468.92,110000,2500,18-APR-2022,
OPTSTK,MCDOWELL-N,28-Apr-2022,880.0,PE,20.0,21.15,13.0,16.7,16.7,219,2455.08,203750,-13750,18-APR-2022,
OPTSTK,MCDOWELL-N,28-Apr-2022,890.0,PE,24.2,26.25,16.95,21.4,21.4,206,2346.55,85000,-6250,18-APR-2022,
OPTSTK,MCDOWELL-N,28-Apr-2022,900.0,PE,29.95,31.5,21.6,25.4,25.4,119,1376.83,291250,-18750,18-APR-2022,
OPTSTK,MCDOWELL-N,28-Apr-2022,910.0,PE,35.35,35.35,32.15,32.25,32.25,9,106.09,63750,0,18-APR-2022,
OPTSTK,MCDOWELL-N,28-Apr-2022,920.0,PE,38.45,45.0,35.0,39.3,42.8,13,155.79,68750,-1250,18-APR-2022,
OPTSTK,MCDOWELL-N,28-Apr-2022,930.0,PE,45.45,52.6,42.55,48.8,50.25,9,110.03,48750,-1250,18-APR-2022,
OPTSTK,MCDOWELL-N,28-Apr-2022,940.0,PE,53.9,53.95,46.6,50.6,58.2,5,61.89,27500,-2500,18-APR-2022,
OPTSTK,MCDOWELL-N,28-Apr-2022,950.0,PE,63.35,63.6,58.5,63.6,66.6,4,50.58,42500,0,18-APR-2022,
OPTSTK,MCDOWELL-N,28-Apr-2022,960.0,PE,69.0,69.0,69.0,69.0,75.35,1,12.86,6250,0,18-APR-2022,
OPTSTK,MCDOWELL-N,28-Apr-2022,970.0,PE,0.0,0.0,0.0,142.9,84.4,0,0.0,0,0,18-APR-2022,
OPTSTK,MCDOWELL-N,28-Apr-2022,980.0,PE,0.0,0.0,0.0,112.4,93.7,0,0.0,2500,0,18-APR-2022,
OPTSTK,MCDOWELL-N,28-Apr-2022,990.0,PE,0.0,0.0,0.0,158.7,103.15,0,0.0,0,0,18-APR-2022,
OPTSTK,MCDOWELL-N,28-Apr-2022,1000.0,PE,0.0,0.0,0.0,93.55,112.8,0,0.0,12500,0,18-APR-2022,
OPTSTK,MCDOWELL-N,28-Apr-2022,1010.0,PE,0.0,0.0,0.0,175.05,122.5,0,0.0,0,0,18-APR-2022,
OPTSTK,MCDOWELL-N,28-Apr-2022,1020.0,PE,0.0,0.0,0.0,183.4,132.35,0,0.0,0,0,18-APR-2022,
OPTSTK,MCDOWELL-N,28-Apr-2022,1030.0,PE,0.0,0.0,0.0,191.9,142.2,0,0.0,0,0,18-APR-2022,
OPTSTK,MCDOWELL-N,28-Apr-2022,1040.0,PE,0.0,0.0,0.0,200.5,152.1,0,0.0,0,0,18-APR-2022,
OPTSTK,MCDOWELL-N,28-Apr-2022,1050.0,PE,0.0,0.0,0.0,209.2,162.05,0,0.0,0,0,18-APR-2022,
OPTSTK,MCDOWELL-N,28-Apr-2022,1060.0,PE,0.0,0.0,0.0,218.0,172.0,0,0.0,0,0,18-APR-2022,
OPTSTK,MCDOWELL-N,28-Apr-2022,1070.0,PE,0.0,0.0,0.0,226.9,181.95,0,0.0,0,0,18-APR-2022,
OPTSTK,MCDOWELL-N,28-Apr-2022,1080.0,PE,0.0,0.0,0.0,235.85,191.95,0,0.0,0,0,18-APR-2022,
OPTSTK,MCDOWELL-N,28-Apr-2022,1090.0,PE,0.0,0.0,0.0,244.9,201.9,0,0.0,0,0,18-APR-2022,
OPTSTK,MCDOWELL-N,28-Apr-2022,1100.0,PE,0.0,0.0,0.0,254.0,211.9,0,0.0,0,0,18-APR-2022,
OPTSTK,MCDOWELL-N,28-Apr-2022,1110.0,PE,0.0,0.0,0.0,263.2,221.9,0,0.0,0,0,18-APR-2022,
OPTSTK,MCDOWELL-N,28-Apr-2022,1120.0,PE,0.0,0.0,0.0,272.45,231.85,0,0.0,0,0,18-APR-2022,
OPTSTK,MCDOWELL-N,28-Apr-2022,1130.0,PE,0.0,0.0,0.0,281.75,241.85,0,0.0,0,0,18-APR-2022,
OPTSTK,MCDOWELL-N,28-Apr-2022,1140.0,PE,0.0,0.0,0.0,291.1,251.85,0,0.0,0,0,18-APR-2022,
OPTSTK,MCDOWELL-N,28-Apr-2022,1150.0,PE,0.0,0.0,0.0,300.5,261.85,0,0.0,0,0,18-APR-2022,
OPTSTK,MCDOWELL-N,26-May-2022,590.0,CE,0.0,0.0,0.0,262.05,299.55,0,0.0,0,0,18-APR-2022,
OPTSTK,MCDOWELL-N,26-May-2022,600.0,CE,0.0,0.0,0.0,252.5,289.6,0,0.0,0,0,18-APR-2022,
OPTSTK,MCDOWELL-N,26-May-2022,610.0,CE,0.0,0.0,0.0,243.05,279.65,0,0.0,0,0,18-APR-2022,
OPTSTK,MCDOWELL-N,26-May-2022,620.0,CE,0.0,0.0,0.0,233.65,269.7,0,0.0,0,0,18-APR-2022,
OPTSTK,MCDOWELL-N,26-May-2022,630.0,CE,0.0,0.0,0.0,224.35,259.8,0,0.0,0,0,18-APR-2022,
OPTSTK,MCDOWELL-N,26-May-2022,640.0,CE,0.0,0.0,0.0,215.2,249.9,0,0.0,0,0,18-APR-2022,
OPTSTK,MCDOWELL-N,26-May-2022,650.0,CE,0.0,0.0,0.0,206.15,240.0,0,0.0,0,0,18-APR-2022,
OPTSTK,MCDOWELL-N,26-May-2022,660.0,CE,0.0,0.0,0.0,197.2,230.1,0,0.0,0,0,18-APR-2022,
OPTSTK,MCDOWELL-N,26-May-2022,670.0,CE,0.0,0.0,0.0,188.4,220.3,0,0.0,0,0,18-APR-2022,
OPTSTK,MCDOWELL-N,26-May-2022,680.0,CE,0.0,0.0,0.0,179.75,210.5,0,0.0,0,0,18-APR-2022,
OPTSTK,MCDOWELL-N,26-May-2022,690.0,CE,0.0,0.0,0.0,171.3,200.75,0,0.0,0,0,18-APR-2022,
OPTSTK,MCDOWELL-N,26-May-2022,700.0,CE,0.0,0.0,0.0,163.0,191.1,0,0.0,0,0,18-APR-2022,
OPTSTK,MCDOWELL-N,26-May-2022,710.0,CE,0.0,0.0,0.0,154.9,181.5,0,0.0,0,0,18-APR-2022,
OPTSTK,MCDOWELL-N,26-May-2022,720.0,CE,0.0,0.0,0.0,147.0,172.0,0,0.0,0,0,18-APR-2022,
OPTSTK,MCDOWELL-N,26-May-2022,730.0,CE,0.0,0.0,0.0,139.3,162.65,0,0.0,0,0,18-APR-2022,
OPTSTK,MCDOWELL-N,26-May-2022,740.0,CE,0.0,0.0,0.0,131.85,153.4,0,0.0,0,0,18-APR-2022,
OPTSTK,MCDOWELL-N,26-May-2022,750.0,CE,0.0,0.0,0.0,124.6,144.3,0,0.0,0,0,18-APR-2022,
OPTSTK,MCDOWELL-N,26-May-2022,760.0,CE,0.0,0.0,0.0,117.55,135.45,0,0.0,0,0,18-APR-2022,
OPTSTK,MCDOWELL-N,26-May-2022,770.0,CE,0.0,0.0,0.0,110.75,126.75,0,0.0,0,0,18-APR-2022,
OPTSTK,MCDOWELL-N,26-May-2022,780.0,CE,0.0,0.0,0.0,104.2,118.25,0,0.0,0,0,18-APR-2022,
OPTSTK,MCDOWELL-N,26-May-2022,790.0,CE,0.0,0.0,0.0,97.95,110.05,0,0.0,0,0,18-APR-2022,
OPTSTK,MCDOWELL-N,26-May-2022,800.0,CE,0.0,0.0,0.0,91.9,102.1,0,0.0,0,0,18-APR-2022,
OPTSTK,MCDOWELL-N,26-May-2022,810.0,CE,0.0,0.0,0.0,86.1,94.4,0,0.0,0,0,18-APR-2022,
OPTSTK,MCDOWELL-N,26-May-2022,820.0,CE,0.0,0.0,0.0,80.6,87.1,0,0.0,0,0,18-APR-2022,
OPTSTK,MCDOWELL-N,26-May-2022,830.0,CE,0.0,0.0,0.0,75.3,80.0,0,0.0,0,0,18-APR-2022,
OPTSTK,MCDOWELL-N,26-May-2022,840.0,CE,0.0,0.0,0.0,70.25,73.3,0,0.0,0,0,18-APR-2022,
OPTSTK,MCDOWELL-N,26-May-2022,850.0,CE,0.0,0.0,0.0,65.5,66.95,0,0.0,0,0,18-APR-2022,
OPTSTK,MCDOWELL-N,26-May-2022,860.0,CE,0.0,0.0,0.0,60.95,60.9,0,0.0,0,0,18-APR-2022,
OPTSTK,MCDOWELL-N,26-May-2022,870.0,CE,0.0,0.0,0.0,56.65,55.25,0,0.0,0,0,18-APR-2022,
OPTSTK,MCDOWELL-N,26-May-2022,880.0,CE,0.0,0.0,0.0,52.6,50.0,0,0.0,0,0,18-APR-2022,
OPTSTK,MCDOWELL-N,26-May-2022,890.0,CE,40.0,40.0,40.0,40.0,45.05,1,11.62,1250,1250,18-APR-2022,
OPTSTK,MCDOWELL-N,26-May-2022,900.0,CE,40.0,42.5,33.15,33.8,33.8,8,93.72,18750,7500,18-APR-2022,
OPTSTK,MCDOWELL-N,26-May-2022,910.0,CE,0.0,0.0,0.0,41.75,36.25,0,0.0,0,0,18-APR-2022,
OPTSTK,MCDOWELL-N,26-May-2022,920.0,CE,0.0,0.0,0.0,37.55,32.35,0,0.0,3750,0,18-APR-2022,
OPTSTK,MCDOWELL-N,26-May-2022,930.0,CE,0.0,0.0,0.0,35.55,28.75,0,0.0,0,0,18-APR-2022,
OPTSTK,MCDOWELL-N,26-May-2022,940.0,CE,0.0,0.0,0.0,32.8,25.5,0,0.0,0,0,18-APR-2022,
OPTSTK,MCDOWELL-N,26-May-2022,950.0,CE,20.0,21.8,17.3,17.3,22.55,3,36.36,3750,1250,18-APR-2022,
OPTSTK,MCDOWELL-N,26-May-2022,960.0,CE,0.0,0.0,0.0,27.8,19.85,0,0.0,0,0,18-APR-2022,
OPTSTK,MCDOWELL-N,26-May-2022,970.0,CE,0.0,0.0,0.0,25.5,17.45,0,0.0,0,0,18-APR-2022,
OPTSTK,MCDOWELL-N,26-May-2022,980.0,CE,0.0,0.0,0.0,23.4,15.25,0,0.0,0,0,18-APR-2022,
OPTSTK,MCDOWELL-N,26-May-2022,990.0,CE,0.0,0.0,0.0,21.45,13.35,0,0.0,0,0,18-APR-2022,
OPTSTK,MCDOWELL-N,26-May-2022,1000.0,CE,0.0,0.0,0.0,14.9,11.6,0,0.0,1250,0,18-APR-2022,
OPTSTK,MCDOWELL-N,26-May-2022,1010.0,CE,0.0,0.0,0.0,17.95,10.05,0,0.0,0,0,18-APR-2022,
OPTSTK,MCDOWELL-N,26-May-2022,1020.0,CE,0.0,0.0,0.0,16.4,8.7,0,0.0,0,0,18-APR-2022,
OPTSTK,MCDOWELL-N,26-May-2022,1030.0,CE,0.0,0.0,0.0,14.95,7.5,0,0.0,0,0,18-APR-2022,
OPTSTK,MCDOWELL-N,26-May-2022,1040.0,CE,0.0,0.0,0.0,13.65,6.45,0,0.0,0,0,18-APR-2022,
OPTSTK,MCDOWELL-N,26-May-2022,1050.0,CE,0.0,0.0,0.0,12.45,5.55,0,0.0,0,0,18-APR-2022,
OPTSTK,MCDOWELL-N,26-May-2022,1060.0,CE,0.0,0.0,0.0,11.3,4.75,0,0.0,0,0,18-APR-2022,
OPTSTK,MCDOWELL-N,26-May-2022,1070.0,CE,0.0,0.0,0.0,10.3,4.05,0,0.0,0,0,18-APR-2022,
OPTSTK,MCDOWELL-N,26-May-2022,1080.0,CE,0.0,0.0,0.0,9.35,3.45,0,0.0,0,0,18-APR-2022,
OPTSTK,MCDOWELL-N,26-May-2022,1090.0,CE,0.0,0.0,0.0,8.5,2.9,0,0.0,0,0,18-APR-2022,
OPTSTK,MCDOWELL-N,26-May-2022,1100.0,CE,0.0,0.0,0.0,7.7,2.45,0,0.0,0,0,18-APR-2022,
OPTSTK,MCDOWELL-N,26-May-2022,1110.0,CE,0.0,0.0,0.0,6.95,2.1,0,0.0,0,0,18-APR-2022,
OPTSTK,MCDOWELL-N,26-May-2022,1120.0,CE,0.0,0.0,0.0,6.3,1.75,0,0.0,0,0,18-APR-2022,
OPTSTK,MCDOWELL-N,26-May-2022,1130.0,CE,0.0,0.0,0.0,5.7,1.5,0,0.0,0,0,18-APR-2022,
OPTSTK,MCDOWELL-N,26-May-2022,1140.0,CE,0.0,0.0,0.0,5.15,1.25,0,0.0,0,0,18-APR-2022,
OPTSTK,MCDOWELL-N,26-May-2022,1150.0,CE,0.0,0.0,0.0,4.65,1.05,0,0.0,0,0,18-APR-2022,
OPTSTK,MCDOWELL-N,26-May-2022,590.0,PE,0.0,0.0,0.0,1.35,0.05,0,0.0,0,0,18-APR-2022,
OPTSTK,MCDOWELL-N,26-May-2022,600.0,PE,0.0,0.0,0.0,1.7,0.05,0,0.0,0,0,18-APR-2022,
OPTSTK,MCDOWELL-N,26-May-2022,610.0,PE,0.0,0.0,0.0,2.1,0.05,0,0.0,0,0,18-APR-2022,
OPTSTK,MCDOWELL-N,26-May-2022,620.0,PE,0.0,0.0,0.0,2.6,0.1,0,0.0,0,0,18-APR-2022,
OPTSTK,MCDOWELL-N,26-May-2022,630.0,PE,0.0,0.0,0.0,3.25,0.1,0,0.0,0,0,18-APR-2022,
OPTSTK,MCDOWELL-N,26-May-2022,640.0,PE,0.0,0.0,0.0,3.95,0.15,0,0.0,0,0,18-APR-2022,
OPTSTK,MCDOWELL-N,26-May-2022,650.0,PE,0.0,0.0,0.0,4.8,0.2,0,0.0,0,0,18-APR-2022,
OPTSTK,MCDOWELL-N,26-May-2022,660.0,PE,0.0,0.0,0.0,5.75,0.3,0,0.0,0,0,18-APR-2022,
OPTSTK,MCDOWELL-N,26-May-2022,670.0,PE,0.0,0.0,0.0,6.85,0.4,0,0.0,0,0,18-APR-2022,
OPTSTK,MCDOWELL-N,26-May-2022,680.0,PE,0.0,0.0,0.0,8.1,0.6,0,0.0,0,0,18-APR-2022,
OPTSTK,MCDOWELL-N,26-May-2022,690.0,PE,0.0,0.0,0.0,9.55,0.8,0,0.0,0,0,18-APR-2022,
OPTSTK,MCDOWELL-N,26-May-2022,700.0,PE,0.0,0.0,0.0,11.15,1.1,0,0.0,0,0,18-APR-2022,
OPTSTK,MCDOWELL-N,26-May-2022,710.0,PE,0.0,0.0,0.0,12.9,1.45,0,0.0,0,0,18-APR-2022,
OPTSTK,MCDOWELL-N,26-May-2022,720.0,PE,0.0,0.0,0.0,14.9,1.95,0,0.0,0,0,18-APR-2022,
OPTSTK,MCDOWELL-N,26-May-2022,730.0,PE,0.0,0.0,0.0,17.1,2.5,0,0.0,0,0,18-APR-2022,
OPTSTK,MCDOWELL-N,26-May-2022,740.0,PE,0.0,0.0,0.0,19.55,3.25,0,0.0,0,0,18-APR-2022,
OPTSTK,MCDOWELL-N,26-May-2022,750.0,PE,0.0,0.0,0.0,22.2,4.1,0,0.0,0,0,18-APR-2022,
OPTSTK,MCDOWELL-N,26-May-2022,760.0,PE,0.0,0.0,0.0,25.05,5.15,0,0.0,0,0,18-APR-2022,
OPTSTK,MCDOWELL-N,26-May-2022,770.0,PE,0.0,0.0,0.0,28.15,6.45,0,0.0,0,0,18-APR-2022,
OPTSTK,MCDOWELL-N,26-May-2022,780.0,PE,0.0,0.0,0.0,31.5,7.9,0,0.0,0,0,18-APR-2022,
OPTSTK,MCDOWELL-N,26-May-2022,790.0,PE,0.0,0.0,0.0,35.1,9.65,0,0.0,0,0,18-APR-2022,
OPTSTK,MCDOWELL-N,26-May-2022,800.0,PE,10.0,10.0,10.0,10.0,11.65,1,10.12,5000,0,18-APR-2022,
OPTSTK,MCDOWELL-N,26-May-2022,810.0,PE,0.0,0.0,0.0,43.1,13.95,0,0.0,0,0,18-APR-2022,
OPTSTK,MCDOWELL-N,26-May-2022,820.0,PE,0.0,0.0,0.0,47.45,16.55,0,0.0,0,0,18-APR-2022,
OPTSTK,MCDOWELL-N,26-May-2022,830.0,PE,0.0,0.0,0.0,52.05,19.45,0,0.0,0,0,18-APR-2022,
OPTSTK,MCDOWELL-N,26-May-2022,840.0,PE,0.0,0.0,0.0,56.95,22.7,0,0.0,0,0,18-APR-2022,
OPTSTK,MCDOWELL-N,26-May-2022,850.0,PE,0.0,0.0,0.0,62.05,26.3,0,0.0,0,0,18-APR-2022,
OPTSTK,MCDOWELL-N,26-May-2022,860.0,PE,20.0,20.0,20.0,20.0,30.25,1,11.0,1250,1250,18-APR-2022,
OPTSTK,MCDOWELL-N,26-May-2022,870.0,PE,0.0,0.0,0.0,73.0,34.55,0,0.0,0,0,18-APR-2022,
OPTSTK,MCDOWELL-N,26-May-2022,880.0,PE,0.0,0.0,0.0,78.85,39.2,0,0.0,0,0,18-APR-2022,
OPTSTK,MCDOWELL-N,26-May-2022,890.0,PE,0.0,0.0,0.0,25.0,44.2,0,0.0,1250,0,18-APR-2022,
OPTSTK,MCDOWELL-N,26-May-2022,900.0,PE,40.0,42.0,40.0,42.0,42.0,6,70.59,7500,7500,18-APR-2022,
OPTSTK,MCDOWELL-N,26-May-2022,910.0,PE,0.0,0.0,0.0,97.7,55.3,0,0.0,0,0,18-APR-2022,
OPTSTK,MCDOWELL-N,26-May-2022,920.0,PE,0.0,0.0,0.0,50.5,61.35,0,0.0,2500,0,18-APR-2022,
OPTSTK,MCDOWELL-N,26-May-2022,930.0,PE,0.0,0.0,0.0,111.3,67.75,0,0.0,0,0,18-APR-2022,
OPTSTK,MCDOWELL-N,26-May-2022,940.0,PE,0.0,0.0,0.0,118.4,74.45,0,0.0,0,0,18-APR-2022,
OPTSTK,MCDOWELL-N,26-May-2022,950.0,PE,0.0,0.0,0.0,125.65,81.45,0,0.0,0,0,18-APR-2022,
OPTSTK,MCDOWELL-N,26-May-2022,960.0,PE,0.0,0.0,0.0,133.2,88.7,0,0.0,0,0,18-APR-2022,
OPTSTK,MCDOWELL-N,26-May-2022,970.0,PE,0.0,0.0,0.0,140.8,96.3,0,0.0,0,0,18-APR-2022,
OPTSTK,MCDOWELL-N,26-May-2022,980.0,PE,0.0,0.0,0.0,148.6,104.05,0,0.0,0,0,18-APR-2022,
OPTSTK,MCDOWELL-N,26-May-2022,990.0,PE,0.0,0.0,0.0,156.5,112.05,0,0.0,0,0,18-APR-2022,
OPTSTK,MCDOWELL-N,26-May-2022,1000.0,PE,0.0,0.0,0.0,164.6,120.3,0,0.0,0,0,18-APR-2022,
OPTSTK,MCDOWELL-N,26-May-2022,1010.0,PE,0.0,0.0,0.0,172.8,128.7,0,0.0,0,0,18-APR-2022,
OPTSTK,MCDOWELL-N,26-May-2022,1020.0,PE,0.0,0.0,0.0,181.15,137.3,0,0.0,0,0,18-APR-2022,
OPTSTK,MCDOWELL-N,26-May-2022,1030.0,PE,0.0,0.0,0.0,189.65,146.05,0,0.0,0,0,18-APR-2022,
OPTSTK,MCDOWELL-N,26-May-2022,1040.0,PE,0.0,0.0,0.0,198.2,154.95,0,0.0,0,0,18-APR-2022,
OPTSTK,MCDOWELL-N,26-May-2022,1050.0,PE,0.0,0.0,0.0,206.9,164.0,0,0.0,0,0,18-APR-2022,
OPTSTK,MCDOWELL-N,26-May-2022,1060.0,PE,0.0,0.0,0.0,215.65,173.15,0,0.0,0,0,18-APR-2022,
OPTSTK,MCDOWELL-N,26-May-2022,1070.0,PE,0.0,0.0,0.0,224.55,182.4,0,0.0,0,0,18-APR-2022,
OPTSTK,MCDOWELL-N,26-May-2022,1080.0,PE,0.0,0.0,0.0,233.5,191.75,0,0.0,0,0,18-APR-2022,
OPTSTK,MCDOWELL-N,26-May-2022,1090.0,PE,0.0,0.0,0.0,242.5,201.2,0,0.0,0,0,18-APR-2022,
OPTSTK,MCDOWELL-N,26-May-2022,1100.0,PE,0.0,0.0,0.0,251.6,210.7,0,0.0,0,0,18-APR-2022,
OPTSTK,MCDOWELL-N,26-May-2022,1110.0,PE,0.0,0.0,0.0,260.8,220.3,0,0.0,0,0,18-APR-2022,
OPTSTK,MCDOWELL-N,26-May-2022,1120.0,PE,0.0,0.0,0.0,270.05,229.9,0,0.0,0,0,18-APR-2022,
OPTSTK,MCDOWELL-N,26-May-2022,1130.0,PE,0.0,0.0,0.0,279.35,239.6,0,0.0,0,0,18-APR-2022,
OPTSTK,MCDOWELL-N,26-May-2022,1140.0,PE,0.0,0.0,0.0,288.65,249.3,0,0.0,0,0,18-APR-2022,
OPTSTK,MCDOWELL-N,26-May-2022,1150.0,PE,0.0,0.0,0.0,298.05,259.05,0,0.0,0,0,18-APR-2022,
OPTSTK,MCDOWELL-N,30-Jun-2022,590.0,CE,0.0,0.0,0.0,305.45,302.3,0,0.0,0,0,18-APR-2022,
OPTSTK,MCDOWELL-N,30-Jun-2022,600.0,CE,0.0,0.0,0.0,295.8,292.5,0,0.0,0,0,18-APR-2022,
OPTSTK,MCDOWELL-N,30-Jun-2022,610.0,CE,0.0,0.0,0.0,286.2,282.75,0,0.0,0,0,18-APR-2022,
OPTSTK,MCDOWELL-N,30-Jun-2022,620.0,CE,0.0,0.0,0.0,276.65,273.0,0,0.0,0,0,18-APR-2022,
OPTSTK,MCDOWELL-N,30-Jun-2022,630.0,CE,0.0,0.0,0.0,267.2,263.35,0,0.0,0,0,18-APR-2022,
OPTSTK,MCDOWELL-N,30-Jun-2022,640.0,CE,0.0,0.0,0.0,257.8,253.75,0,0.0,0,0,18-APR-2022,
OPTSTK,MCDOWELL-N,30-Jun-2022,650.0,CE,0.0,0.0,0.0,248.5,244.2,0,0.0,0,0,18-APR-2022,
OPTSTK,MCDOWELL-N,30-Jun-2022,660.0,CE,0.0,0.0,0.0,239.25,234.75,0,0.0,0,0,18-APR-2022,
OPTSTK,MCDOWELL-N,30-Jun-2022,670.0,CE,0.0,0.0,0.0,230.15,225.35,0,0.0,0,0,18-APR-2022,
OPTSTK,MCDOWELL-N,30-Jun-2022,680.0,CE,0.0,0.0,0.0,221.15,216.1,0,0.0,0,0,18-APR-2022,
OPTSTK,MCDOWELL-N,30-Jun-2022,690.0,CE,0.0,0.0,0.0,212.3,206.9,0,0.0,0,0,18-APR-2022,
OPTSTK,MCDOWELL-N,30-Jun-2022,700.0,CE,0.0,0.0,0.0,203.55,197.85,0,0.0,0,0,18-APR-2022,
OPTSTK,MCDOWELL-N,30-Jun-2022,710.0,CE,0.0,0.0,0.0,194.95,188.95,0,0.0,0,0,18-APR-2022,
OPTSTK,MCDOWELL-N,30-Jun-2022,720.0,CE,0.0,0.0,0.0,186.55,180.2,0,0.0,0,0,18-APR-2022,
OPTSTK,MCDOWELL-N,30-Jun-2022,730.0,CE,0.0,0.0,0.0,178.25,171.6,0,0.0,0,0,18-APR-2022,
OPTSTK,MCDOWELL-N,30-Jun-2022,740.0,CE,0.0,0.0,0.0,170.2,163.2,0,0.0,0,0,18-APR-2022,
OPTSTK,MCDOWELL-N,30-Jun-2022,750.0,CE,0.0,0.0,0.0,162.25,154.95,0,0.0,0,0,18-APR-2022,
OPTSTK,MCDOWELL-N,30-Jun-2022,760.0,CE,0.0,0.0,0.0,154.55,146.9,0,0.0,0,0,18-APR-2022,
OPTSTK,MCDOWELL-N,30-Jun-2022,770.0,CE,0.0,0.0,0.0,147.0,139.1,0,0.0,0,0,18-APR-2022,
OPTSTK,MCDOWELL-N,30-Jun-2022,780.0,CE,0.0,0.0,0.0,139.75,131.45,0,0.0,0,0,18-APR-2022,
OPTSTK,MCDOWELL-N,30-Jun-2022,790.0,CE,0.0,0.0,0.0,132.6,124.1,0,0.0,0,0,18-APR-2022,
OPTSTK,MCDOWELL-N,30-Jun-2022,800.0,CE,0.0,0.0,0.0,125.7,116.95,0,0.0,0,0,18-APR-2022,
OPTSTK,MCDOWELL-N,30-Jun-2022,810.0,CE,0.0,0.0,0.0,119.0,110.0,0,0.0,0,0,18-APR-2022,
OPTSTK,MCDOWELL-N,30-Jun-2022,820.0,CE,0.0,0.0,0.0,112.6,103.35,0,0.0,0,0,18-APR-2022,
OPTSTK,MCDOWELL-N,30-Jun-2022,830.0,CE,0.0,0.0,0.0,106.35,96.95,0,0.0,0,0,18-APR-2022,
OPTSTK,MCDOWELL-N,30-Jun-2022,840.0,CE,0.0,0.0,0.0,100.4,90.8,0,0.0,0,0,18-APR-2022,
OPTSTK,MCDOWELL-N,30-Jun-2022,850.0,CE,0.0,0.0,0.0,94.6,84.9,0,0.0,0,0,18-APR-2022,
OPTSTK,MCDOWELL-N,30-Jun-2022,860.0,CE,0.0,0.0,0.0,89.1,79.25,0,0.0,0,0,18-APR-2022,
OPTSTK,MCDOWELL-N,30-Jun-2022,870.0,CE,0.0,0.0,0.0,83.8,73.9,0,0.0,0,0,18-APR-2022,
OPTSTK,MCDOWELL-N,30-Jun-2022,880.0,CE,0.0,0.0,0.0,78.75,68.8,0,0.0,0,0,18-APR-2022,
OPTSTK,MCDOWELL-N,30-Jun-2022,890.0,CE,0.0,0.0,0.0,73.9,63.95,0,0.0,0,0,18-APR-2022,
OPTSTK,MCDOWELL-N,30-Jun-2022,900.0,CE,0.0,0.0,0.0,69.3,59.35,0,0.0,0,0,18-APR-2022,
OPTSTK,MCDOWELL-N,30-Jun-2022,910.0,CE,0.0,0.0,0.0,64.9,55.0,0,0.0,0,0,18-APR-2022,
OPTSTK,MCDOWELL-N,30-Jun-2022,920.0,CE,0.0,0.0,0.0,60.7,50.85,0,0.0,0,0,18-APR-2022,
OPTSTK,MCDOWELL-N,30-Jun-2022,930.0,CE,0.0,0.0,0.0,56.7,47.0,0,0.0,0,0,18-APR-2022,
OPTSTK,MCDOWELL-N,30-Jun-2022,940.0,CE,0.0,0.0,0.0,52.95,43.35,0,0.0,0,0,18-APR-2022,
OPTSTK,MCDOWELL-N,30-Jun-2022,950.0,CE,0.0,0.0,0.0,49.4,39.95,0,0.0,0,0,18-APR-2022,
OPTSTK,MCDOWELL-N,30-Jun-2022,960.0,CE,0.0,0.0,0.0,46.0,36.75,0,0.0,0,0,18-APR-2022,
OPTSTK,MCDOWELL-N,30-Jun-2022,970.0,CE,0.0,0.0,0.0,42.85,33.8,0,0.0,0,0,18-APR-2022,
OPTSTK,MCDOWELL-N,30-Jun-2022,980.0,CE,0.0,0.0,0.0,39.85,31.0,0,0.0,0,0,18-APR-2022,
OPTSTK,MCDOWELL-N,30-Jun-2022,990.0,CE,0.0,0.0,0.0,37.0,28.45,0,0.0,0,0,18-APR-2022,
OPTSTK,MCDOWELL-N,30-Jun-2022,1000.0,CE,14.9,14.9,14.9,14.9,14.9,1,12.68,1250,1250,18-APR-2022,
OPTSTK,MCDOWELL-N,30-Jun-2022,1010.0,CE,0.0,0.0,0.0,31.9,23.8,0,0.0,0,0,18-APR-2022,
OPTSTK,MCDOWELL-N,30-Jun-2022,1020.0,CE,0.0,0.0,0.0,29.55,21.7,0,0.0,0,0,18-APR-2022,
OPTSTK,MCDOWELL-N,30-Jun-2022,1030.0,CE,0.0,0.0,0.0,27.4,19.8,0,0.0,0,0,18-APR-2022,
OPTSTK,MCDOWELL-N,30-Jun-2022,1040.0,CE,0.0,0.0,0.0,25.35,18.05,0,0.0,0,0,18-APR-2022,
OPTSTK,MCDOWELL-N,30-Jun-2022,1050.0,CE,0.0,0.0,0.0,23.4,16.4,0,0.0,0,0,18-APR-2022,
OPTSTK,MCDOWELL-N,30-Jun-2022,1060.0,CE,0.0,0.0,0.0,21.6,14.9,0,0.0,0,0,18-APR-2022,
OPTSTK,MCDOWELL-N,30-Jun-2022,1070.0,CE,0.0,0.0,0.0,19.95,13.5,0,0.0,0,0,18-APR-2022,
OPTSTK,MCDOWELL-N,30-Jun-2022,1080.0,CE,0.0,0.0,0.0,18.35,12.25,0,0.0,0,0,18-APR-2022,
OPTSTK,MCDOWELL-N,30-Jun-2022,1090.0,CE,0.0,0.0,0.0,16.95,11.1,0,0.0,0,0,18-APR-2022,
OPTSTK,MCDOWELL-N,30-Jun-2022,1100.0,CE,0.0,0.0,0.0,15.6,10.05,0,0.0,0,0,18-APR-2022,
OPTSTK,MCDOWELL-N,30-Jun-2022,1110.0,CE,0.0,0.0,0.0,14.35,9.05,0,0.0,0,0,18-APR-2022,
OPTSTK,MCDOWELL-N,30-Jun-2022,1120.0,CE,0.0,0.0,0.0,13.15,8.2,0,0.0,0,0,18-APR-2022,
OPTSTK,MCDOWELL-N,30-Jun-2022,1130.0,CE,0.0,0.0,0.0,12.1,7.4,0,0.0,0,0,18-APR-2022,
OPTSTK,MCDOWELL-N,30-Jun-2022,1140.0,CE,0.0,0.0,0.0,11.1,6.65,0,0.0,0,0,18-APR-2022,
OPTSTK,MCDOWELL-N,30-Jun-2022,1150.0,CE,0.0,0.0,0.0,10.2,6.0,0,0.0,0,0,18-APR-2022,
OPTSTK,MCDOWELL-N,30-Jun-2022,590.0,PE,0.0,0.0,0.0,0.9,0.4,0,0.0,0,0,18-APR-2022,
OPTSTK,MCDOWELL-N,30-Jun-2022,600.0,PE,0.0,0.0,0.0,1.15,0.5,0,0.0,0,0,18-APR-2022,
OPTSTK,MCDOWELL-N,30-Jun-2022,610.0,PE,0.0,0.0,0.0,1.45,0.65,0,0.0,0,0,18-APR-2022,
OPTSTK,MCDOWELL-N,30-Jun-2022,620.0,PE,0.0,0.0,0.0,1.8,0.85,0,0.0,0,0,18-APR-2022,
OPTSTK,MCDOWELL-N,30-Jun-2022,630.0,PE,0.0,0.0,0.0,2.2,1.1,0,0.0,0,0,18-APR-2022,
OPTSTK,MCDOWELL-N,30-Jun-2022,640.0,PE,0.0,0.0,0.0,2.7,1.4,0,0.0,0,0,18-APR-2022,
OPTSTK,MCDOWELL-N,30-Jun-2022,650.0,PE,0.0,0.0,0.0,3.3,1.8,0,0.0,0,0,18-APR-2022,
OPTSTK,MCDOWELL-N,30-Jun-2022,660.0,PE,0.0,0.0,0.0,4.0,2.25,0,0.0,0,0,18-APR-2022,
OPTSTK,MCDOWELL-N,30-Jun-2022,670.0,PE,0.0,0.0,0.0,4.75,2.8,0,0.0,0,0,18-APR-2022,
OPTSTK,MCDOWELL-N,30-Jun-2022,680.0,PE,0.0,0.0,0.0,5.65,3.4,0,0.0,0,0,18-APR-2022,
OPTSTK,MCDOWELL-N,30-Jun-2022,690.0,PE,0.0,0.0,0.0,6.7,4.15,0,0.0,0,0,18-APR-2022,
OPTSTK,MCDOWELL-N,30-Jun-2022,700.0,PE,0.0,0.0,0.0,7.85,5.05,0,0.0,0,0,18-APR-2022,
OPTSTK,MCDOWELL-N,30-Jun-2022,710.0,PE,0.0,0.0,0.0,9.15,6.05,0,0.0,0,0,18-APR-2022,
OPTSTK,MCDOWELL-N,30-Jun-2022,720.0,PE,0.0,0.0,0.0,10.6,7.2,0,0.0,0,0,18-APR-2022,
OPTSTK,MCDOWELL-N,30-Jun-2022,730.0,PE,0.0,0.0,0.0,12.25,8.55,0,0.0,0,0,18-APR-2022,
OPTSTK,MCDOWELL-N,30-Jun-2022,740.0,PE,0.0,0.0,0.0,14.05,10.05,0,0.0,0,0,18-APR-2022,
OPTSTK,MCDOWELL-N,30-Jun-2022,750.0,PE,0.0,0.0,0.0,16.05,11.7,0,0.0,0,0,18-APR-2022,
OPTSTK,MCDOWELL-N,30-Jun-2022,760.0,PE,0.0,0.0,0.0,18.2,13.6,0,0.0,0,0,18-APR-2022,
OPTSTK,MCDOWELL-N,30-Jun-2022,770.0,PE,0.0,0.0,0.0,20.6,15.65,0,0.0,0,0,18-APR-2022,
OPTSTK,MCDOWELL-N,30-Jun-2022,780.0,PE,0.0,0.0,0.0,23.2,17.95,0,0.0,0,0,18-APR-2022,
OPTSTK,MCDOWELL-N,30-Jun-2022,790.0,PE,0.0,0.0,0.0,25.95,20.5,0,0.0,0,0,18-APR-2022,
OPTSTK,MCDOWELL-N,30-Jun-2022,800.0,PE,0.0,0.0,0.0,28.95,23.25,0,0.0,0,0,18-APR-2022,
OPTSTK,MCDOWELL-N,30-Jun-2022,810.0,PE,0.0,0.0,0.0,32.15,26.25,0,0.0,0,0,18-APR-2022,
OPTSTK,MCDOWELL-N,30-Jun-2022,820.0,PE,0.0,0.0,0.0,35.6,29.5,0,0.0,0,0,18-APR-2022,
OPTSTK,MCDOWELL-N,30-Jun-2022,830.0,PE,0.0,0.0,0.0,39.3,33.0,0,0.0,0,0,18-APR-2022,
OPTSTK,MCDOWELL-N,30-Jun-2022,840.0,PE,0.0,0.0,0.0,43.2,36.75,0,0.0,0,0,18-APR-2022,
OPTSTK,MCDOWELL-N,30-Jun-2022,850.0,PE,0.0,0.0,0.0,47.35,40.8,0,0.0,0,0,18-APR-2022,
OPTSTK,MCDOWELL-N,30-Jun-2022,860.0,PE,0.0,0.0,0.0,51.7,45.1,0,0.0,0,0,18-APR-2022,
OPTSTK,MCDOWELL-N,30-Jun-2022,870.0,PE,0.0,0.0,0.0,56.3,49.65,0,0.0,0,0,18-APR-2022,
OPTSTK,MCDOWELL-N,30-Jun-2022,880.0,PE,0.0,0.0,0.0,61.15,54.45,0,0.0,0,0,18-APR-2022,
OPTSTK,MCDOWELL-N,30-Jun-2022,890.0,PE,0.0,0.0,0.0,66.2,59.5,0,0.0,0,0,18-APR-2022,
OPTSTK,MCDOWELL-N,30-Jun-2022,900.0,PE,0.0,0.0,0.0,71.45,64.8,0,0.0,0,0,18-APR-2022,
OPTSTK,MCDOWELL-N,30-Jun-2022,910.0,PE,0.0,0.0,0.0,76.95,70.4,0,0.0,0,0,18-APR-2022,
OPTSTK,MCDOWELL-N,30-Jun-2022,920.0,PE,0.0,0.0,0.0,82.65,76.2,0,0.0,0,0,18-APR-2022,
OPTSTK,MCDOWELL-N,30-Jun-2022,930.0,PE,0.0,0.0,0.0,88.6,82.25,0,0.0,0,0,18-APR-2022,
OPTSTK,MCDOWELL-N,30-Jun-2022,940.0,PE,0.0,0.0,0.0,94.7,88.5,0,0.0,0,0,18-APR-2022,
OPTSTK,MCDOWELL-N,30-Jun-2022,950.0,PE,0.0,0.0,0.0,101.05,95.0,0,0.0,0,0,18-APR-2022,
OPTSTK,MCDOWELL-N,30-Jun-2022,960.0,PE,0.0,0.0,0.0,107.55,101.75,0,0.0,0,0,18-APR-2022,
OPTSTK,MCDOWELL-N,30-Jun-2022,970.0,PE,0.0,0.0,0.0,114.3,108.65,0,0.0,0,0,18-APR-2022,
OPTSTK,MCDOWELL-N,30-Jun-2022,980.0,PE,0.0,0.0,0.0,121.2,115.8,0,0.0,0,0,18-APR-2022,
OPTSTK,MCDOWELL-N,30-Jun-2022,990.0,PE,0.0,0.0,0.0,128.25,123.15,0,0.0,0,0,18-APR-2022,
OPTSTK,MCDOWELL-N,30-Jun-2022,1000.0,PE,0.0,0.0,0.0,135.5,130.65,0,0.0,0,0,18-APR-2022,
OPTSTK,MCDOWELL-N,30-Jun-2022,1010.0,PE,0.0,0.0,0.0,142.95,138.35,0,0.0,0,0,18-APR-2022,
OPTSTK,MCDOWELL-N,30-Jun-2022,1020.0,PE,0.0,0.0,0.0,150.5,146.2,0,0.0,0,0,18-APR-2022,
OPTSTK,MCDOWELL-N,30-Jun-2022,1030.0,PE,0.0,0.0,0.0,158.2,154.2,0,0.0,0,0,18-APR-2022,
OPTSTK,MCDOWELL-N,30-Jun-2022,1040.0,PE,0.0,0.0,0.0,166.05,162.35,0,0.0,0,0,18-APR-2022,
OPTSTK,MCDOWELL-N,30-Jun-2022,1050.0,PE,0.0,0.0,0.0,174.0,170.6,0,0.0,0,0,18-APR-2022,
OPTSTK,MCDOWELL-N,30-Jun-2022,1060.0,PE,0.0,0.0,0.0,182.1,179.05,0,0.0,0,0,18-APR-2022,
OPTSTK,MCDOWELL-N,30-Jun-2022,1070.0,PE,0.0,0.0,0.0,190.3,187.55,0,0.0,0,0,18-APR-2022,
OPTSTK,MCDOWELL-N,30-Jun-2022,1080.0,PE,0.0,0.0,0.0,198.65,196.2,0,0.0,0,0,18-APR-2022,
OPTSTK,MCDOWELL-N,30-Jun-2022,1090.0,PE,0.0,0.0,0.0,207.1,204.95,0,0.0,0,0,18-APR-2022,
OPTSTK,MCDOWELL-N,30-Jun-2022,1100.0,PE,0.0,0.0,0.0,215.65,213.85,0,0.0,0,0,18-APR-2022,
OPTSTK,MCDOWELL-N,30-Jun-2022,1110.0,PE,0.0,0.0,0.0,224.3,222.75,0,0.0,0,0,18-APR-2022,
OPTSTK,MCDOWELL-N,30-Jun-2022,1120.0,PE,0.0,0.0,0.0,233.05,231.8,0,0.0,0,0,18-APR-2022,
OPTSTK,MCDOWELL-N,30-Jun-2022,1130.0,PE,0.0,0.0,0.0,241.85,240.9,0,0.0,0,0,18-APR-2022,
OPTSTK,MCDOWELL-N,30-Jun-2022,1140.0,PE,0.0,0.0,0.0,250.75,250.1,0,0.0,0,0,18-APR-2022,
OPTSTK,MCDOWELL-N,30-Jun-2022,1150.0,PE,0.0,0.0,0.0,259.75,259.35,0,0.0,0,0,18-APR-2022,
OPTSTK,MCX,28-Apr-2022,820.0,CE,0.0,0.0,0.0,725.95,562.0,0,0.0,0,0,18-APR-2022,
OPTSTK,MCX,28-Apr-2022,840.0,CE,0.0,0.0,0.0,724.0,542.0,0,0.0,0,0,18-APR-2022,
OPTSTK,MCX,28-Apr-2022,860.0,CE,0.0,0.0,0.0,704.3,522.05,0,0.0,0,0,18-APR-2022,
OPTSTK,MCX,28-Apr-2022,880.0,CE,0.0,0.0,0.0,684.65,502.05,0,0.0,0,0,18-APR-2022,
OPTSTK,MCX,28-Apr-2022,900.0,CE,0.0,0.0,0.0,665.05,482.1,0,0.0,0,0,18-APR-2022,
OPTSTK,MCX,28-Apr-2022,920.0,CE,0.0,0.0,0.0,645.5,462.1,0,0.0,0,0,18-APR-2022,
OPTSTK,MCX,28-Apr-2022,940.0,CE,0.0,0.0,0.0,626.0,442.15,0,0.0,0,0,18-APR-2022,
OPTSTK,MCX,28-Apr-2022,960.0,CE,0.0,0.0,0.0,606.6,422.15,0,0.0,0,0,18-APR-2022,
OPTSTK,MCX,28-Apr-2022,980.0,CE,0.0,0.0,0.0,587.25,402.15,0,0.0,0,0,18-APR-2022,
OPTSTK,MCX,28-Apr-2022,1000.0,CE,0.0,0.0,0.0,568.05,382.2,0,0.0,0,0,18-APR-2022,
OPTSTK,MCX,28-Apr-2022,1020.0,CE,0.0,0.0,0.0,549.0,362.2,0,0.0,0,0,18-APR-2022,
OPTSTK,MCX,28-Apr-2022,1040.0,CE,0.0,0.0,0.0,530.05,342.25,0,0.0,0,0,18-APR-2022,
OPTSTK,MCX,28-Apr-2022,1060.0,CE,0.0,0.0,0.0,511.25,322.25,0,0.0,0,0,18-APR-2022,
OPTSTK,MCX,28-Apr-2022,1080.0,CE,0.0,0.0,0.0,492.65,302.3,0,0.0,0,0,18-APR-2022,
OPTSTK,MCX,28-Apr-2022,1100.0,CE,0.0,0.0,0.0,474.25,282.35,0,0.0,0,0,18-APR-2022,
OPTSTK,MCX,28-Apr-2022,1120.0,CE,0.0,0.0,0.0,456.1,262.45,0,0.0,0,0,18-APR-2022,
OPTSTK,MCX,28-Apr-2022,1140.0,CE,0.0,0.0,0.0,438.15,242.6,0,0.0,0,0,18-APR-2022,
OPTSTK,MCX,28-Apr-2022,1160.0,CE,0.0,0.0,0.0,420.5,222.85,0,0.0,0,0,18-APR-2022,
OPTSTK,MCX,28-Apr-2022,1180.0,CE,0.0,0.0,0.0,403.15,203.25,0,0.0,0,0,18-APR-2022,
OPTSTK,MCX,28-Apr-2022,1200.0,CE,0.0,0.0,0.0,386.05,183.95,0,0.0,0,0,18-APR-2022,
OPTSTK,MCX,28-Apr-2022,1220.0,CE,0.0,0.0,0.0,369.35,165.0,0,0.0,0,0,18-APR-2022,
OPTSTK,MCX,28-Apr-2022,1240.0,CE,0.0,0.0,0.0,352.95,146.55,0,0.0,0,0,18-APR-2022,
OPTSTK,MCX,28-Apr-2022,1260.0,CE,0.0,0.0,0.0,336.9,128.75,0,0.0,0,0,18-APR-2022,
OPTSTK,MCX,28-Apr-2022,1280.0,CE,0.0,0.0,0.0,321.25,111.85,0,0.0,0,0,18-APR-2022,
OPTSTK,MCX,28-Apr-2022,1300.0,CE,103.45,103.45,103.45,103.45,95.9,1,4.91,2450,350,18-APR-2022,
OPTSTK,MCX,28-Apr-2022,1320.0,CE,0.0,0.0,0.0,80.0,81.1,0,0.0,350,0,18-APR-2022,
OPTSTK,MCX,28-Apr-2022,1340.0,CE,0.0,0.0,0.0,137.25,67.7,0,0.0,350,0,18-APR-2022,
OPTSTK,MCX,28-Apr-2022,1360.0,CE,0.0,0.0,0.0,262.75,55.65,0,0.0,0,0,18-APR-2022,
OPTSTK,MCX,28-Apr-2022,1380.0,CE,39.5,40.0,30.0,32.65,32.65,29,143.38,7000,4900,18-APR-2022,
OPTSTK,MCX,28-Apr-2022,1400.0,CE,40.35,40.35,19.25,23.8,23.8,423,2109.5,194950,44100,18-APR-2022,
OPTSTK,MCX,28-Apr-2022,1420.0,CE,29.6,29.6,14.0,17.7,17.7,36,181.29,50750,2800,18-APR-2022,
OPTSTK,MCX,28-Apr-2022,1440.0,CE,18.5,19.1,11.0,12.85,12.85,70,356.39,57400,9450,18-APR-2022,
OPTSTK,MCX,28-Apr-2022,1460.0,CE,14.95,15.0,8.7,10.05,10.05,172,885.95,214550,350,18-APR-2022,
OPTSTK,MCX,28-Apr-2022,1480.0,CE,7.65,12.0,7.0,8.05,8.05,115,599.33,93100,7350,18-APR-2022,
OPTSTK,MCX,28-Apr-2022,1500.0,CE,10.05,10.05,6.0,6.9,6.9,372,1962.98,400750,-26950,18-APR-2022,
OPTSTK,MCX,28-Apr-2022,1520.0,CE,8.95,8.95,6.0,6.25,6.6,5,26.71,25900,0,18-APR-2022,
OPTSTK,MCX,28-Apr-2022,1540.0,CE,5.05,5.3,4.05,4.75,4.75,65,351.44,56700,-8400,18-APR-2022,
OPTSTK,MCX,28-Apr-2022,1560.0,CE,8.0,8.0,4.5,4.5,3.3,3,16.45,11900,-1050,18-APR-2022,
OPTSTK,MCX,28-Apr-2022,1580.0,CE,4.15,4.15,3.0,3.0,2.3,2,11.08,4550,0,18-APR-2022,
OPTSTK,MCX,28-Apr-2022,1600.0,CE,4.1,4.15,1.25,2.7,2.7,210,1177.9,100800,-5950,18-APR-2022,
OPTSTK,MCX,28-Apr-2022,1620.0,CE,2.1,2.1,2.1,2.1,1.05,1,5.67,2800,350,18-APR-2022,
OPTSTK,MCX,28-Apr-2022,1640.0,CE,0.0,0.0,0.0,5.0,0.7,0,0.0,4550,0,18-APR-2022,
OPTSTK,MCX,28-Apr-2022,1660.0,CE,0.0,0.0,0.0,4.0,0.45,0,0.0,5250,0,18-APR-2022,
OPTSTK,MCX,28-Apr-2022,1680.0,CE,0.0,0.0,0.0,11.5,0.3,0,0.0,350,0,18-APR-2022,
OPTSTK,MCX,28-Apr-2022,1700.0,CE,2.1,2.1,1.6,1.6,0.2,10,59.56,48300,-1050,18-APR-2022,
OPTSTK,MCX,28-Apr-2022,1720.0,CE,0.0,0.0,0.0,4.1,0.15,0,0.0,700,0,18-APR-2022,
OPTSTK,MCX,28-Apr-2022,1740.0,CE,0.0,0.0,0.0,81.1,0.1,0,0.0,0,0,18-APR-2022,
OPTSTK,MCX,28-Apr-2022,1760.0,CE,0.0,0.0,0.0,1.0,0.05,0,0.0,350,0,18-APR-2022,
OPTSTK,MCX,28-Apr-2022,1780.0,CE,0.0,0.0,0.0,5.0,0.05,0,0.0,700,0,18-APR-2022,
OPTSTK,MCX,28-Apr-2022,1800.0,CE,0.5,0.5,0.5,0.5,0.05,1,6.3,5250,0,18-APR-2022,
OPTSTK,MCX,28-Apr-2022,1820.0,CE,0.0,0.0,0.0,60.95,0.05,0,0.0,0,0,18-APR-2022,
OPTSTK,MCX,28-Apr-2022,1840.0,CE,0.0,0.0,0.0,56.65,0.0,0,0.0,0,0,18-APR-2022,
OPTSTK,MCX,28-Apr-2022,1860.0,CE,0.0,0.0,0.0,52.6,0.0,0,0.0,0,0,18-APR-2022,
OPTSTK,MCX,28-Apr-2022,1880.0,CE,0.0,0.0,0.0,48.75,0.0,0,0.0,0,0,18-APR-2022,
OPTSTK,MCX,28-Apr-2022,1900.0,CE,0.0,0.0,0.0,45.2,0.0,0,0.0,0,0,18-APR-2022,
OPTSTK,MCX,28-Apr-2022,1920.0,CE,0.0,0.0,0.0,41.85,0.0,0,0.0,0,0,18-APR-2022,
OPTSTK,MCX,28-Apr-2022,1940.0,CE,0.0,0.0,0.0,38.75,0.0,0,0.0,0,0,18-APR-2022,
OPTSTK,MCX,28-Apr-2022,1960.0,CE,0.0,0.0,0.0,35.9,0.0,0,0.0,0,0,18-APR-2022,
OPTSTK,MCX,28-Apr-2022,1980.0,CE,0.0,0.0,0.0,33.2,0.0,0,0.0,0,0,18-APR-2022,
OPTSTK,MCX,28-Apr-2022,2000.0,CE,0.0,0.0,0.0,30.65,0.0,0,0.0,0,0,18-APR-2022,
OPTSTK,MCX,28-Apr-2022,2020.0,CE,0.0,0.0,0.0,28.35,0.0,0,0.0,0,0,18-APR-2022,
OPTSTK,MCX,28-Apr-2022,2040.0,CE,0.0,0.0,0.0,26.15,0.0,0,0.0,0,0,18-APR-2022,
OPTSTK,MCX,28-Apr-2022,2060.0,CE,0.0,0.0,0.0,24.15,0.0,0,0.0,0,0,18-APR-2022,
OPTSTK,MCX,28-Apr-2022,2080.0,CE,0.0,0.0,0.0,22.25,0.0,0,0.0,0,0,18-APR-2022,
OPTSTK,MCX,28-Apr-2022,2100.0,CE,0.0,0.0,0.0,20.5,0.0,0,0.0,0,0,18-APR-2022,
OPTSTK,MCX,28-Apr-2022,2120.0,CE,0.0,0.0,0.0,18.9,0.0,0,0.0,0,0,18-APR-2022,
OPTSTK,MCX,28-Apr-2022,2140.0,CE,0.0,0.0,0.0,17.4,0.0,0,0.0,0,0,18-APR-2022,
OPTSTK,MCX,28-Apr-2022,2160.0,CE,0.0,0.0,0.0,16.0,0.0,0,0.0,0,0,18-APR-2022,
OPTSTK,MCX,28-Apr-2022,2180.0,CE,0.0,0.0,0.0,14.75,0.0,0,0.0,0,0,18-APR-2022,
OPTSTK,MCX,28-Apr-2022,2200.0,CE,0.0,0.0,0.0,13.55,0.0,0,0.0,0,0,18-APR-2022,
OPTSTK,MCX,28-Apr-2022,2220.0,CE,0.0,0.0,0.0,12.45,0.0,0,0.0,0,0,18-APR-2022,
OPTSTK,MCX,28-Apr-2022,2240.0,CE,0.0,0.0,0.0,11.45,0.0,0,0.0,0,0,18-APR-2022,
OPTSTK,MCX,28-Apr-2022,2260.0,CE,0.0,0.0,0.0,10.5,0.0,0,0.0,0,0,18-APR-2022,
OPTSTK,MCX,28-Apr-2022,2280.0,CE,0.0,0.0,0.0,9.65,0.0,0,0.0,0,0,18-APR-2022,
OPTSTK,MCX,28-Apr-2022,820.0,PE,0.0,0.0,0.0,0.2,0.0,0,0.0,0,0,18-APR-2022,
OPTSTK,MCX,28-Apr-2022,840.0,PE,0.0,0.0,0.0,0.3,0.0,0,0.0,0,0,18-APR-2022,
OPTSTK,MCX,28-Apr-2022,860.0,PE,0.0,0.0,0.0,0.4,0.0,0,0.0,0,0,18-APR-2022,
OPTSTK,MCX,28-Apr-2022,880.0,PE,0.0,0.0,0.0,0.55,0.0,0,0.0,0,0,18-APR-2022,
OPTSTK,MCX,28-Apr-2022,900.0,PE,0.0,0.0,0.0,0.7,0.0,0,0.0,0,0,18-APR-2022,
OPTSTK,MCX,28-Apr-2022,920.0,PE,0.0,0.0,0.0,0.95,0.0,0,0.0,0,0,18-APR-2022,
OPTSTK,MCX,28-Apr-2022,940.0,PE,0.0,0.0,0.0,1.25,0.0,0,0.0,0,0,18-APR-2022,
OPTSTK,MCX,28-Apr-2022,960.0,PE,0.0,0.0,0.0,1.65,0.0,0,0.0,0,0,18-APR-2022,
OPTSTK,MCX,28-Apr-2022,980.0,PE,0.0,0.0,0.0,2.1,0.0,0,0.0,0,0,18-APR-2022,
OPTSTK,MCX,28-Apr-2022,1000.0,PE,0.0,0.0,0.0,3.3,0.0,0,0.0,350,0,18-APR-2022,
OPTSTK,MCX,28-Apr-2022,1020.0,PE,0.0,0.0,0.0,3.4,0.0,0,0.0,0,0,18-APR-2022,
OPTSTK,MCX,28-Apr-2022,1040.0,PE,0.0,0.0,0.0,4.25,0.0,0,0.0,0,0,18-APR-2022,
OPTSTK,MCX,28-Apr-2022,1060.0,PE,0.0,0.0,0.0,5.25,0.05,0,0.0,0,0,18-APR-2022,
OPTSTK,MCX,28-Apr-2022,1080.0,PE,0.0,0.0,0.0,6.45,0.05,0,0.0,0,0,18-APR-2022,
OPTSTK,MCX,28-Apr-2022,1100.0,PE,0.0,0.0,0.0,0.15,0.1,0,0.0,2100,0,18-APR-2022,
OPTSTK,MCX,28-Apr-2022,1120.0,PE,0.0,0.0,0.0,9.5,0.15,0,0.0,0,0,18-APR-2022,
OPTSTK,MCX,28-Apr-2022,1140.0,PE,0.0,0.0,0.0,11.35,0.25,0,0.0,0,0,18-APR-2022,
OPTSTK,MCX,28-Apr-2022,1160.0,PE,0.0,0.0,0.0,13.5,0.5,0,0.0,0,0,18-APR-2022,
OPTSTK,MCX,28-Apr-2022,1180.0,PE,0.0,0.0,0.0,15.9,0.9,0,0.0,0,0,18-APR-2022,
OPTSTK,MCX,28-Apr-2022,1200.0,PE,5.0,5.0,5.0,5.0,1.55,1,4.21,1400,350,18-APR-2022,
OPTSTK,MCX,28-Apr-2022,1220.0,PE,0.0,0.0,0.0,21.65,2.55,0,0.0,0,0,18-APR-2022,
OPTSTK,MCX,28-Apr-2022,1240.0,PE,0.0,0.0,0.0,25.05,4.1,0,0.0,0,0,18-APR-2022,
OPTSTK,MCX,28-Apr-2022,1260.0,PE,0.0,0.0,0.0,28.85,6.3,0,0.0,0,0,18-APR-2022,
OPTSTK,MCX,28-Apr-2022,1280.0,PE,0.0,0.0,0.0,7.15,9.35,0,0.0,700,0,18-APR-2022,
OPTSTK,MCX,28-Apr-2022,1300.0,PE,9.7,12.15,8.55,9.05,9.05,76,348.59,59150,-7000,18-APR-2022,
OPTSTK,MCX,28-Apr-2022,1320.0,PE,13.0,13.0,13.0,13.0,18.6,2,9.33,9100,0,18-APR-2022,
OPTSTK,MCX,28-Apr-2022,1340.0,PE,17.1,24.85,13.05,13.05,25.1,6,28.55,3850,1050,18-APR-2022,
OPTSTK,MCX,28-Apr-2022,1360.0,PE,23.95,29.0,23.95,28.4,33.05,11,53.4,21700,-350,18-APR-2022,
OPTSTK,MCX,28-Apr-2022,1380.0,PE,29.35,37.55,27.3,34.3,34.3,42,207.68,17850,-6300,18-APR-2022,
OPTSTK,MCX,28-Apr-2022,1400.0,PE,40.25,51.8,34.05,40.75,40.75,126,635.97,68600,-10150,18-APR-2022,
OPTSTK,MCX,28-Apr-2022,1420.0,PE,63.0,65.65,57.2,59.8,65.5,13,67.4,11200,-1050,18-APR-2022,
OPTSTK,MCX,28-Apr-2022,1440.0,PE,63.1,74.7,63.1,64.55,79.05,3,15.82,109200,350,18-APR-2022,
OPTSTK,MCX,28-Apr-2022,1460.0,PE,79.6,100.0,79.6,87.85,87.85,9,48.85,21700,350,18-APR-2022,
OPTSTK,MCX,28-Apr-2022,1480.0,PE,93.8,105.35,93.8,104.55,109.65,7,38.73,10850,1050,18-APR-2022,
OPTSTK,MCX,28-Apr-2022,1500.0,PE,113.0,132.55,113.0,125.2,125.2,44,249.36,29750,-7350,18-APR-2022,
OPTSTK,MCX,28-Apr-2022,1520.0,PE,140.4,140.4,140.4,140.4,140.4,1,5.81,350,-350,18-APR-2022,
OPTSTK,MCX,28-Apr-2022,1540.0,PE,0.0,0.0,0.0,91.4,161.9,0,0.0,1050,0,18-APR-2022,
OPTSTK,MCX,28-Apr-2022,1560.0,PE,0.0,0.0,0.0,136.5,180.5,0,0.0,0,0,18-APR-2022,
OPTSTK,MCX,28-Apr-2022,1580.0,PE,0.0,0.0,0.0,147.25,199.45,0,0.0,0,0,18-APR-2022,
OPTSTK,MCX,28-Apr-2022,1600.0,PE,0.0,0.0,0.0,204.0,218.7,0,0.0,11550,0,18-APR-2022,
OPTSTK,MCX,28-Apr-2022,1620.0,PE,0.0,0.0,0.0,170.1,238.15,0,0.0,0,0,18-APR-2022,
OPTSTK,MCX,28-Apr-2022,1640.0,PE,0.0,0.0,0.0,182.1,257.8,0,0.0,0,0,18-APR-2022,
OPTSTK,MCX,28-Apr-2022,1660.0,PE,0.0,0.0,0.0,194.55,277.55,0,0.0,0,0,18-APR-2022,
OPTSTK,MCX,28-Apr-2022,1680.0,PE,0.0,0.0,0.0,207.4,297.35,0,0.0,0,0,18-APR-2022,
OPTSTK,MCX,28-Apr-2022,1700.0,PE,0.0,0.0,0.0,278.0,317.25,0,0.0,700,0,18-APR-2022,
OPTSTK,MCX,28-Apr-2022,1720.0,PE,0.0,0.0,0.0,234.15,337.15,0,0.0,0,0,18-APR-2022,
OPTSTK,MCX,28-Apr-2022,1740.0,PE,0.0,0.0,0.0,248.05,357.1,0,0.0,0,0,18-APR-2022,
OPTSTK,MCX,28-Apr-2022,1760.0,PE,0.0,0.0,0.0,262.3,377.05,0,0.0,0,0,18-APR-2022,
OPTSTK,MCX,28-Apr-2022,1780.0,PE,0.0,0.0,0.0,276.85,397.0,0,0.0,0,0,18-APR-2022,
OPTSTK,MCX,28-Apr-2022,1800.0,PE,0.0,0.0,0.0,345.0,416.95,0,0.0,350,0,18-APR-2022,
OPTSTK,MCX,28-Apr-2022,1820.0,PE,0.0,0.0,0.0,307.05,436.95,0,0.0,0,0,18-APR-2022,
OPTSTK,MCX,28-Apr-2022,1840.0,PE,0.0,0.0,0.0,322.5,456.9,0,0.0,0,0,18-APR-2022,
OPTSTK,MCX,28-Apr-2022,1860.0,PE,0.0,0.0,0.0,338.25,476.9,0,0.0,0,0,18-APR-2022,
OPTSTK,MCX,28-Apr-2022,1880.0,PE,0.0,0.0,0.0,354.2,496.85,0,0.0,0,0,18-APR-2022,
OPTSTK,MCX,28-Apr-2022,1900.0,PE,0.0,0.0,0.0,370.45,516.85,0,0.0,0,0,18-APR-2022,
OPTSTK,MCX,28-Apr-2022,1920.0,PE,0.0,0.0,0.0,386.9,536.8,0,0.0,0,0,18-APR-2022,
OPTSTK,MCX,28-Apr-2022,1940.0,PE,0.0,0.0,0.0,403.6,556.8,0,0.0,0,0,18-APR-2022,
OPTSTK,MCX,28-Apr-2022,1960.0,PE,0.0,0.0,0.0,420.5,576.75,0,0.0,0,0,18-APR-2022,
OPTSTK,MCX,28-Apr-2022,1980.0,PE,0.0,0.0,0.0,437.6,596.75,0,0.0,0,0,18-APR-2022,
OPTSTK,MCX,28-Apr-2022,2000.0,PE,0.0,0.0,0.0,535.0,616.7,0,0.0,350,0,18-APR-2022,
OPTSTK,MCX,28-Apr-2022,2020.0,PE,0.0,0.0,0.0,472.35,636.7,0,0.0,0,0,18-APR-2022,
OPTSTK,MCX,28-Apr-2022,2040.0,PE,0.0,0.0,0.0,489.95,656.65,0,0.0,0,0,18-APR-2022,
OPTSTK,MCX,28-Apr-2022,2060.0,PE,0.0,0.0,0.0,507.75,676.65,0,0.0,0,0,18-APR-2022,
OPTSTK,MCX,28-Apr-2022,2080.0,PE,0.0,0.0,0.0,525.65,696.65,0,0.0,0,0,18-APR-2022,
OPTSTK,MCX,28-Apr-2022,2100.0,PE,0.0,0.0,0.0,543.7,716.6,0,0.0,0,0,18-APR-2022,
OPTSTK,MCX,28-Apr-2022,2120.0,PE,0.0,0.0,0.0,561.85,736.6,0,0.0,0,0,18-APR-2022,
OPTSTK,MCX,28-Apr-2022,2140.0,PE,0.0,0.0,0.0,580.15,756.55,0,0.0,0,0,18-APR-2022,
OPTSTK,MCX,28-Apr-2022,2160.0,PE,0.0,0.0,0.0,598.55,776.55,0,0.0,0,0,18-APR-2022,
OPTSTK,MCX,28-Apr-2022,2180.0,PE,0.0,0.0,0.0,617.1,796.5,0,0.0,0,0,18-APR-2022,
OPTSTK,MCX,28-Apr-2022,2200.0,PE,0.0,0.0,0.0,635.7,816.5,0,0.0,0,0,18-APR-2022,
OPTSTK,MCX,28-Apr-2022,2220.0,PE,0.0,0.0,0.0,654.4,836.45,0,0.0,0,0,18-APR-2022,
OPTSTK,MCX,28-Apr-2022,2240.0,PE,0.0,0.0,0.0,673.15,856.45,0,0.0,0,0,18-APR-2022,
OPTSTK,MCX,28-Apr-2022,2260.0,PE,0.0,0.0,0.0,692.0,876.45,0,0.0,0,0,18-APR-2022,
OPTSTK,MCX,28-Apr-2022,2280.0,PE,0.0,0.0,0.0,710.95,896.4,0,0.0,0,0,18-APR-2022,
OPTSTK,MCX,26-May-2022,820.0,CE,0.0,0.0,0.0,372.45,564.7,0,0.0,0,0,18-APR-2022,
OPTSTK,MCX,26-May-2022,840.0,CE,0.0,0.0,0.0,354.05,544.8,0,0.0,0,0,18-APR-2022,
OPTSTK,MCX,26-May-2022,860.0,CE,0.0,0.0,0.0,336.0,524.9,0,0.0,0,0,18-APR-2022,
OPTSTK,MCX,26-May-2022,880.0,CE,0.0,0.0,0.0,318.25,505.05,0,0.0,0,0,18-APR-2022,
OPTSTK,MCX,26-May-2022,900.0,CE,0.0,0.0,0.0,300.9,485.2,0,0.0,0,0,18-APR-2022,
OPTSTK,MCX,26-May-2022,920.0,CE,0.0,0.0,0.0,283.95,465.35,0,0.0,0,0,18-APR-2022,
OPTSTK,MCX,26-May-2022,940.0,CE,0.0,0.0,0.0,267.45,445.55,0,0.0,0,0,18-APR-2022,
OPTSTK,MCX,26-May-2022,960.0,CE,0.0,0.0,0.0,251.45,425.85,0,0.0,0,0,18-APR-2022,
OPTSTK,MCX,26-May-2022,980.0,CE,0.0,0.0,0.0,235.95,406.15,0,0.0,0,0,18-APR-2022,
OPTSTK,MCX,26-May-2022,1000.0,CE,0.0,0.0,0.0,221.0,386.6,0,0.0,0,0,18-APR-2022,
OPTSTK,MCX,26-May-2022,1020.0,CE,0.0,0.0,0.0,206.55,367.2,0,0.0,0,0,18-APR-2022,
OPTSTK,MCX,26-May-2022,1040.0,CE,0.0,0.0,0.0,192.7,347.95,0,0.0,0,0,18-APR-2022,
OPTSTK,MCX,26-May-2022,1060.0,CE,0.0,0.0,0.0,179.4,328.9,0,0.0,0,0,18-APR-2022,
OPTSTK,MCX,26-May-2022,1080.0,CE,0.0,0.0,0.0,166.75,310.05,0,0.0,0,0,18-APR-2022,
OPTSTK,MCX,26-May-2022,1100.0,CE,0.0,0.0,0.0,154.7,291.55,0,0.0,0,0,18-APR-2022,
OPTSTK,MCX,26-May-2022,1120.0,CE,0.0,0.0,0.0,143.3,273.35,0,0.0,0,0,18-APR-2022,
OPTSTK,MCX,26-May-2022,1140.0,CE,0.0,0.0,0.0,132.45,255.6,0,0.0,0,0,18-APR-2022,
OPTSTK,MCX,26-May-2022,1160.0,CE,0.0,0.0,0.0,122.25,238.25,0,0.0,0,0,18-APR-2022,
OPTSTK,MCX,26-May-2022,1180.0,CE,0.0,0.0,0.0,112.65,221.4,0,0.0,0,0,18-APR-2022,
OPTSTK,MCX,26-May-2022,1200.0,CE,0.0,0.0,0.0,103.6,205.05,0,0.0,0,0,18-APR-2022,
OPTSTK,MCX,26-May-2022,1220.0,CE,0.0,0.0,0.0,95.1,189.35,0,0.0,0,0,18-APR-2022,
OPTSTK,MCX,26-May-2022,1240.0,CE,0.0,0.0,0.0,87.2,174.3,0,0.0,0,0,18-APR-2022,
OPTSTK,MCX,26-May-2022,1260.0,CE,0.0,0.0,0.0,79.8,159.85,0,0.0,0,0,18-APR-2022,
OPTSTK,MCX,26-May-2022,1280.0,CE,0.0,0.0,0.0,72.95,146.1,0,0.0,0,0,18-APR-2022,
OPTSTK,MCX,26-May-2022,1300.0,CE,0.0,0.0,0.0,66.55,133.1,0,0.0,0,0,18-APR-2022,
OPTSTK,MCX,26-May-2022,1320.0,CE,0.0,0.0,0.0,60.65,120.85,0,0.0,0,0,18-APR-2022,
OPTSTK,MCX,26-May-2022,1340.0,CE,0.0,0.0,0.0,55.2,109.35,0,0.0,0,0,18-APR-2022,
OPTSTK,MCX,26-May-2022,1360.0,CE,0.0,0.0,0.0,50.25,98.65,0,0.0,0,0,18-APR-2022,
OPTSTK,MCX,26-May-2022,1380.0,CE,0.0,0.0,0.0,45.6,88.65,0,0.0,0,0,18-APR-2022,
OPTSTK,MCX,26-May-2022,1400.0,CE,0.0,0.0,0.0,41.35,79.4,0,0.0,0,0,18-APR-2022,
OPTSTK,MCX,26-May-2022,1420.0,CE,0.0,0.0,0.0,37.45,70.9,0,0.0,0,0,18-APR-2022,
OPTSTK,MCX,26-May-2022,1440.0,CE,0.0,0.0,0.0,33.85,63.1,0,0.0,0,0,18-APR-2022,
OPTSTK,MCX,26-May-2022,1460.0,CE,0.0,0.0,0.0,30.55,55.95,0,0.0,0,0,18-APR-2022,
OPTSTK,MCX,26-May-2022,1480.0,CE,0.0,0.0,0.0,27.6,49.45,0,0.0,0,0,18-APR-2022,
OPTSTK,MCX,26-May-2022,1500.0,CE,33.05,34.95,31.0,31.0,31.0,5,26.82,5600,700,18-APR-2022,
OPTSTK,MCX,26-May-2022,1520.0,CE,0.0,0.0,0.0,22.4,38.35,0,0.0,0,0,18-APR-2022,
OPTSTK,MCX,26-May-2022,1540.0,CE,0.0,0.0,0.0,20.15,33.65,0,0.0,0,0,18-APR-2022,
OPTSTK,MCX,26-May-2022,1560.0,CE,0.0,0.0,0.0,18.1,29.35,0,0.0,0,0,18-APR-2022,
OPTSTK,MCX,26-May-2022,1580.0,CE,0.0,0.0,0.0,16.25,25.55,0,0.0,0,0,18-APR-2022,
OPTSTK,MCX,26-May-2022,1600.0,CE,15.1,17.0,13.0,13.0,22.2,12,67.83,2450,-1050,18-APR-2022,
OPTSTK,MCX,26-May-2022,1620.0,CE,0.0,0.0,0.0,13.05,19.2,0,0.0,0,0,18-APR-2022,
OPTSTK,MCX,26-May-2022,1640.0,CE,0.0,0.0,0.0,11.7,16.6,0,0.0,0,0,18-APR-2022,
OPTSTK,MCX,26-May-2022,1660.0,CE,0.0,0.0,0.0,10.45,14.3,0,0.0,0,0,18-APR-2022,
OPTSTK,MCX,26-May-2022,1680.0,CE,0.0,0.0,0.0,9.35,12.25,0,0.0,0,0,18-APR-2022,
OPTSTK,MCX,26-May-2022,1700.0,CE,0.0,0.0,0.0,8.35,10.5,0,0.0,0,0,18-APR-2022,
OPTSTK,MCX,26-May-2022,1720.0,CE,0.0,0.0,0.0,5.0,9.0,0,0.0,0,0,18-APR-2022,
OPTSTK,MCX,26-May-2022,1740.0,CE,0.0,0.0,0.0,6.65,7.65,0,0.0,0,0,18-APR-2022,
OPTSTK,MCX,26-May-2022,1760.0,CE,0.0,0.0,0.0,5.95,6.5,0,0.0,0,0,18-APR-2022,
OPTSTK,MCX,26-May-2022,1780.0,CE,0.0,0.0,0.0,5.3,5.55,0,0.0,0,0,18-APR-2022,
OPTSTK,MCX,26-May-2022,1800.0,CE,0.0,0.0,0.0,20.0,4.7,0,0.0,700,0,18-APR-2022,
OPTSTK,MCX,26-May-2022,1820.0,CE,0.0,0.0,0.0,4.2,3.95,0,0.0,0,0,18-APR-2022,
OPTSTK,MCX,26-May-2022,1840.0,CE,0.0,0.0,0.0,3.7,3.35,0,0.0,0,0,18-APR-2022,
OPTSTK,MCX,26-May-2022,1860.0,CE,0.0,0.0,0.0,3.3,2.8,0,0.0,0,0,18-APR-2022,
OPTSTK,MCX,26-May-2022,1880.0,CE,0.0,0.0,0.0,2.95,2.35,0,0.0,0,0,18-APR-2022,
OPTSTK,MCX,26-May-2022,1900.0,CE,0.0,0.0,0.0,2.6,2.0,0,0.0,0,0,18-APR-2022,
OPTSTK,MCX,26-May-2022,820.0,PE,0.0,0.0,0.0,4.8,0.05,0,0.0,0,0,18-APR-2022,
OPTSTK,MCX,26-May-2022,840.0,PE,0.0,0.0,0.0,6.25,0.05,0,0.0,0,0,18-APR-2022,
OPTSTK,MCX,26-May-2022,860.0,PE,0.0,0.0,0.0,7.95,0.05,0,0.0,0,0,18-APR-2022,
OPTSTK,MCX,26-May-2022,880.0,PE,0.0,0.0,0.0,10.0,0.1,0,0.0,0,0,18-APR-2022,
OPTSTK,MCX,26-May-2022,900.0,PE,0.0,0.0,0.0,12.45,0.15,0,0.0,0,0,18-APR-2022,
OPTSTK,MCX,26-May-2022,920.0,PE,0.0,0.0,0.0,15.3,0.25,0,0.0,0,0,18-APR-2022,
OPTSTK,MCX,26-May-2022,940.0,PE,0.0,0.0,0.0,18.6,0.35,0,0.0,0,0,18-APR-2022,
OPTSTK,MCX,26-May-2022,960.0,PE,0.0,0.0,0.0,22.35,0.55,0,0.0,0,0,18-APR-2022,
OPTSTK,MCX,26-May-2022,980.0,PE,0.0,0.0,0.0,26.65,0.8,0,0.0,0,0,18-APR-2022,
OPTSTK,MCX,26-May-2022,1000.0,PE,0.0,0.0,0.0,4.0,1.15,0,0.0,350,0,18-APR-2022,
OPTSTK,MCX,26-May-2022,1020.0,PE,0.0,0.0,0.0,36.85,1.65,0,0.0,0,0,18-APR-2022,
OPTSTK,MCX,26-May-2022,1040.0,PE,0.0,0.0,0.0,42.8,2.3,0,0.0,0,0,18-APR-2022,
OPTSTK,MCX,26-May-2022,1060.0,PE,0.0,0.0,0.0,49.25,3.15,0,0.0,0,0,18-APR-2022,
OPTSTK,MCX,26-May-2022,1080.0,PE,0.0,0.0,0.0,56.4,4.25,0,0.0,0,0,18-APR-2022,
OPTSTK,MCX,26-May-2022,1100.0,PE,0.0,0.0,0.0,64.15,5.65,0,0.0,0,0,18-APR-2022,
OPTSTK,MCX,26-May-2022,1120.0,PE,0.0,0.0,0.0,72.5,7.35,0,0.0,0,0,18-APR-2022,
OPTSTK,MCX,26-May-2022,1140.0,PE,0.0,0.0,0.0,81.5,9.5,0,0.0,0,0,18-APR-2022,
OPTSTK,MCX,26-May-2022,1160.0,PE,0.0,0.0,0.0,91.05,12.05,0,0.0,0,0,18-APR-2022,
OPTSTK,MCX,26-May-2022,1180.0,PE,0.0,0.0,0.0,101.25,15.1,0,0.0,0,0,18-APR-2022,
OPTSTK,MCX,26-May-2022,1200.0,PE,0.0,0.0,0.0,112.0,18.7,0,0.0,0,0,18-APR-2022,
OPTSTK,MCX,26-May-2022,1220.0,PE,0.0,0.0,0.0,123.3,22.9,0,0.0,0,0,18-APR-2022,
OPTSTK,MCX,26-May-2022,1240.0,PE,0.0,0.0,0.0,135.15,27.8,0,0.0,0,0,18-APR-2022,
OPTSTK,MCX,26-May-2022,1260.0,PE,0.0,0.0,0.0,147.6,33.25,0,0.0,0,0,18-APR-2022,
OPTSTK,MCX,26-May-2022,1280.0,PE,0.0,0.0,0.0,160.5,39.4,0,0.0,0,0,18-APR-2022,
OPTSTK,MCX,26-May-2022,1300.0,PE,0.0,0.0,0.0,30.0,46.3,0,0.0,350,0,18-APR-2022,
OPTSTK,MCX,26-May-2022,1320.0,PE,0.0,0.0,0.0,187.8,54.0,0,0.0,0,0,18-APR-2022,
OPTSTK,MCX,26-May-2022,1340.0,PE,0.0,0.0,0.0,202.15,62.4,0,0.0,0,0,18-APR-2022,
OPTSTK,MCX,26-May-2022,1360.0,PE,0.0,0.0,0.0,216.95,71.6,0,0.0,0,0,18-APR-2022,
OPTSTK,MCX,26-May-2022,1380.0,PE,0.0,0.0,0.0,232.1,81.5,0,0.0,0,0,18-APR-2022,
OPTSTK,MCX,26-May-2022,1400.0,PE,80.5,80.5,80.05,80.05,92.15,2,10.36,3850,-350,18-APR-2022,
OPTSTK,MCX,26-May-2022,1420.0,PE,0.0,0.0,0.0,263.55,103.55,0,0.0,0,0,18-APR-2022,
OPTSTK,MCX,26-May-2022,1440.0,PE,0.0,0.0,0.0,279.7,115.7,0,0.0,0,0,18-APR-2022,
OPTSTK,MCX,26-May-2022,1460.0,PE,0.0,0.0,0.0,296.25,128.45,0,0.0,0,0,18-APR-2022,
OPTSTK,MCX,26-May-2022,1480.0,PE,0.0,0.0,0.0,313.05,141.9,0,0.0,0,0,18-APR-2022,
OPTSTK,MCX,26-May-2022,1500.0,PE,0.0,0.0,0.0,330.1,155.9,0,0.0,0,0,18-APR-2022,
OPTSTK,MCX,26-May-2022,1520.0,PE,0.0,0.0,0.0,347.45,170.6,0,0.0,0,0,18-APR-2022,
OPTSTK,MCX,26-May-2022,1540.0,PE,0.0,0.0,0.0,364.95,185.8,0,0.0,0,0,18-APR-2022,
OPTSTK,MCX,26-May-2022,1560.0,PE,0.0,0.0,0.0,382.7,201.4,0,0.0,0,0,18-APR-2022,
OPTSTK,MCX,26-May-2022,1580.0,PE,0.0,0.0,0.0,400.65,217.5,0,0.0,0,0,18-APR-2022,
OPTSTK,MCX,26-May-2022,1600.0,PE,0.0,0.0,0.0,220.0,234.05,0,0.0,350,0,18-APR-2022,
OPTSTK,MCX,26-May-2022,1620.0,PE,0.0,0.0,0.0,437.05,251.0,0,0.0,0,0,18-APR-2022,
OPTSTK,MCX,26-May-2022,1640.0,PE,0.0,0.0,0.0,455.45,268.3,0,0.0,0,0,18-APR-2022,
OPTSTK,MCX,26-May-2022,1660.0,PE,0.0,0.0,0.0,474.05,285.9,0,0.0,0,0,18-APR-2022,
OPTSTK,MCX,26-May-2022,1680.0,PE,0.0,0.0,0.0,492.7,303.8,0,0.0,0,0,18-APR-2022,
OPTSTK,MCX,26-May-2022,1700.0,PE,0.0,0.0,0.0,511.5,321.95,0,0.0,0,0,18-APR-2022,
OPTSTK,MCX,26-May-2022,1720.0,PE,0.0,0.0,0.0,530.4,340.35,0,0.0,0,0,18-APR-2022,
OPTSTK,MCX,26-May-2022,1740.0,PE,0.0,0.0,0.0,549.4,358.95,0,0.0,0,0,18-APR-2022,
OPTSTK,MCX,26-May-2022,1760.0,PE,0.0,0.0,0.0,568.45,377.7,0,0.0,0,0,18-APR-2022,
OPTSTK,MCX,26-May-2022,1780.0,PE,0.0,0.0,0.0,587.6,396.6,0,0.0,0,0,18-APR-2022,
OPTSTK,MCX,26-May-2022,1800.0,PE,0.0,0.0,0.0,606.8,415.7,0,0.0,0,0,18-APR-2022,
OPTSTK,MCX,26-May-2022,1820.0,PE,0.0,0.0,0.0,626.1,434.85,0,0.0,0,0,18-APR-2022,
OPTSTK,MCX,26-May-2022,1840.0,PE,0.0,0.0,0.0,645.4,454.15,0,0.0,0,0,18-APR-2022,
OPTSTK,MCX,26-May-2022,1860.0,PE,0.0,0.0,0.0,664.8,473.55,0,0.0,0,0,18-APR-2022,
OPTSTK,MCX,26-May-2022,1880.0,PE,0.0,0.0,0.0,684.2,493.0,0,0.0,0,0,18-APR-2022,
OPTSTK,MCX,26-May-2022,1900.0,PE,0.0,0.0,0.0,703.7,512.55,0,0.0,0,0,18-APR-2022,
OPTSTK,MCX,30-Jun-2022,860.0,CE,0.0,0.0,0.0,566.35,529.35,0,0.0,0,0,18-APR-2022,
OPTSTK,MCX,30-Jun-2022,880.0,CE,0.0,0.0,0.0,547.1,509.9,0,0.0,0,0,18-APR-2022,
OPTSTK,MCX,30-Jun-2022,900.0,CE,0.0,0.0,0.0,528.0,490.55,0,0.0,0,0,18-APR-2022,
OPTSTK,MCX,30-Jun-2022,920.0,CE,0.0,0.0,0.0,509.05,471.3,0,0.0,0,0,18-APR-2022,
OPTSTK,MCX,30-Jun-2022,940.0,CE,0.0,0.0,0.0,490.3,452.25,0,0.0,0,0,18-APR-2022,
OPTSTK,MCX,30-Jun-2022,960.0,CE,0.0,0.0,0.0,471.7,433.35,0,0.0,0,0,18-APR-2022,
OPTSTK,MCX,30-Jun-2022,980.0,CE,0.0,0.0,0.0,453.35,414.65,0,0.0,0,0,18-APR-2022,
OPTSTK,MCX,30-Jun-2022,1000.0,CE,0.0,0.0,0.0,435.2,396.2,0,0.0,0,0,18-APR-2022,
OPTSTK,MCX,30-Jun-2022,1020.0,CE,0.0,0.0,0.0,417.35,378.0,0,0.0,0,0,18-APR-2022,
OPTSTK,MCX,30-Jun-2022,1040.0,CE,0.0,0.0,0.0,399.75,360.1,0,0.0,0,0,18-APR-2022,
OPTSTK,MCX,30-Jun-2022,1060.0,CE,0.0,0.0,0.0,382.45,342.5,0,0.0,0,0,18-APR-2022,
OPTSTK,MCX,30-Jun-2022,1080.0,CE,0.0,0.0,0.0,365.55,325.3,0,0.0,0,0,18-APR-2022,
OPTSTK,MCX,30-Jun-2022,1100.0,CE,0.0,0.0,0.0,348.95,308.45,0,0.0,0,0,18-APR-2022,
OPTSTK,MCX,30-Jun-2022,1120.0,CE,0.0,0.0,0.0,332.7,292.0,0,0.0,0,0,18-APR-2022,
OPTSTK,MCX,30-Jun-2022,1140.0,CE,0.0,0.0,0.0,316.9,276.0,0,0.0,0,0,18-APR-2022,
OPTSTK,MCX,30-Jun-2022,1160.0,CE,0.0,0.0,0.0,301.45,260.45,0,0.0,0,0,18-APR-2022,
OPTSTK,MCX,30-Jun-2022,1180.0,CE,0.0,0.0,0.0,286.45,245.4,0,0.0,0,0,18-APR-2022,
OPTSTK,MCX,30-Jun-2022,1200.0,CE,0.0,0.0,0.0,271.95,230.85,0,0.0,0,0,18-APR-2022,
OPTSTK,MCX,30-Jun-2022,1220.0,CE,0.0,0.0,0.0,257.8,216.8,0,0.0,0,0,18-APR-2022,
OPTSTK,MCX,30-Jun-2022,1240.0,CE,0.0,0.0,0.0,244.15,203.2,0,0.0,0,0,18-APR-2022,
OPTSTK,MCX,30-Jun-2022,1260.0,CE,0.0,0.0,0.0,230.9,190.25,0,0.0,0,0,18-APR-2022,
OPTSTK,MCX,30-Jun-2022,1280.0,CE,0.0,0.0,0.0,218.2,177.8,0,0.0,0,0,18-APR-2022,
OPTSTK,MCX,30-Jun-2022,1300.0,CE,0.0,0.0,0.0,206.0,165.95,0,0.0,0,0,18-APR-2022,
OPTSTK,MCX,30-Jun-2022,1320.0,CE,0.0,0.0,0.0,194.25,154.65,0,0.0,0,0,18-APR-2022,
OPTSTK,MCX,30-Jun-2022,1340.0,CE,0.0,0.0,0.0,182.95,143.85,0,0.0,0,0,18-APR-2022,
OPTSTK,MCX,30-Jun-2022,1360.0,CE,0.0,0.0,0.0,172.15,133.65,0,0.0,0,0,18-APR-2022,
OPTSTK,MCX,30-Jun-2022,1380.0,CE,0.0,0.0,0.0,161.85,123.95,0,0.0,0,0,18-APR-2022,
OPTSTK,MCX,30-Jun-2022,1400.0,CE,0.0,0.0,0.0,151.95,114.8,0,0.0,0,0,18-APR-2022,
OPTSTK,MCX,30-Jun-2022,1420.0,CE,0.0,0.0,0.0,142.6,106.2,0,0.0,0,0,18-APR-2022,
OPTSTK,MCX,30-Jun-2022,1440.0,CE,0.0,0.0,0.0,133.65,98.1,0,0.0,0,0,18-APR-2022,
OPTSTK,MCX,30-Jun-2022,1460.0,CE,0.0,0.0,0.0,125.15,90.45,0,0.0,0,0,18-APR-2022,
OPTSTK,MCX,30-Jun-2022,1480.0,CE,0.0,0.0,0.0,117.05,83.35,0,0.0,0,0,18-APR-2022,
OPTSTK,MCX,30-Jun-2022,1500.0,CE,0.0,0.0,0.0,109.4,76.65,0,0.0,0,0,18-APR-2022,
OPTSTK,MCX,30-Jun-2022,1520.0,CE,0.0,0.0,0.0,102.2,70.4,0,0.0,0,0,18-APR-2022,
OPTSTK,MCX,30-Jun-2022,1540.0,CE,0.0,0.0,0.0,95.35,64.6,0,0.0,0,0,18-APR-2022,
OPTSTK,MCX,30-Jun-2022,1560.0,CE,0.0,0.0,0.0,88.9,59.2,0,0.0,0,0,18-APR-2022,
OPTSTK,MCX,30-Jun-2022,1580.0,CE,0.0,0.0,0.0,82.8,54.25,0,0.0,0,0,18-APR-2022,
OPTSTK,MCX,30-Jun-2022,1600.0,CE,0.0,0.0,0.0,55.0,49.65,0,0.0,700,0,18-APR-2022,
OPTSTK,MCX,30-Jun-2022,1620.0,CE,0.0,0.0,0.0,71.7,45.35,0,0.0,0,0,18-APR-2022,
OPTSTK,MCX,30-Jun-2022,1640.0,CE,0.0,0.0,0.0,66.7,41.4,0,0.0,0,0,18-APR-2022,
OPTSTK,MCX,30-Jun-2022,1660.0,CE,0.0,0.0,0.0,61.95,37.65,0,0.0,0,0,18-APR-2022,
OPTSTK,MCX,30-Jun-2022,1680.0,CE,0.0,0.0,0.0,57.5,34.3,0,0.0,0,0,18-APR-2022,
OPTSTK,MCX,30-Jun-2022,1700.0,CE,0.0,0.0,0.0,53.35,31.2,0,0.0,0,0,18-APR-2022,
OPTSTK,MCX,30-Jun-2022,1720.0,CE,0.0,0.0,0.0,49.45,28.3,0,0.0,0,0,18-APR-2022,
OPTSTK,MCX,30-Jun-2022,1740.0,CE,0.0,0.0,0.0,45.75,25.7,0,0.0,0,0,18-APR-2022,
OPTSTK,MCX,30-Jun-2022,1760.0,CE,0.0,0.0,0.0,42.35,23.3,0,0.0,0,0,18-APR-2022,
OPTSTK,MCX,30-Jun-2022,1780.0,CE,0.0,0.0,0.0,39.2,21.1,0,0.0,0,0,18-APR-2022,
OPTSTK,MCX,30-Jun-2022,1800.0,CE,0.0,0.0,0.0,36.25,19.1,0,0.0,0,0,18-APR-2022,
OPTSTK,MCX,30-Jun-2022,1820.0,CE,0.0,0.0,0.0,33.45,17.3,0,0.0,0,0,18-APR-2022,
OPTSTK,MCX,30-Jun-2022,1840.0,CE,0.0,0.0,0.0,30.9,15.6,0,0.0,0,0,18-APR-2022,
OPTSTK,MCX,30-Jun-2022,1860.0,CE,0.0,0.0,0.0,28.55,14.1,0,0.0,0,0,18-APR-2022,
OPTSTK,MCX,30-Jun-2022,1880.0,CE,0.0,0.0,0.0,26.3,12.7,0,0.0,0,0,18-APR-2022,
OPTSTK,MCX,30-Jun-2022,1900.0,CE,0.0,0.0,0.0,24.25,11.45,0,0.0,0,0,18-APR-2022,
OPTSTK,MCX,30-Jun-2022,860.0,PE,0.0,0.0,0.0,1.85,1.0,0,0.0,0,0,18-APR-2022,
OPTSTK,MCX,30-Jun-2022,880.0,PE,0.0,0.0,0.0,2.4,1.4,0,0.0,0,0,18-APR-2022,
OPTSTK,MCX,30-Jun-2022,900.0,PE,0.0,0.0,0.0,3.1,1.85,0,0.0,0,0,18-APR-2022,
OPTSTK,MCX,30-Jun-2022,920.0,PE,0.0,0.0,0.0,3.95,2.45,0,0.0,0,0,18-APR-2022,
OPTSTK,MCX,30-Jun-2022,940.0,PE,0.0,0.0,0.0,4.95,3.25,0,0.0,0,0,18-APR-2022,
OPTSTK,MCX,30-Jun-2022,960.0,PE,0.0,0.0,0.0,6.15,4.15,0,0.0,0,0,18-APR-2022,
OPTSTK,MCX,30-Jun-2022,980.0,PE,0.0,0.0,0.0,7.55,5.3,0,0.0,0,0,18-APR-2022,
OPTSTK,MCX,30-Jun-2022,1000.0,PE,0.0,0.0,0.0,9.25,6.7,0,0.0,0,0,18-APR-2022,
OPTSTK,MCX,30-Jun-2022,1020.0,PE,0.0,0.0,0.0,11.15,8.3,0,0.0,0,0,18-APR-2022,
OPTSTK,MCX,30-Jun-2022,1040.0,PE,0.0,0.0,0.0,13.35,10.25,0,0.0,0,0,18-APR-2022,
OPTSTK,MCX,30-Jun-2022,1060.0,PE,0.0,0.0,0.0,15.9,12.5,0,0.0,0,0,18-APR-2022,
OPTSTK,MCX,30-Jun-2022,1080.0,PE,0.0,0.0,0.0,18.7,15.1,0,0.0,0,0,18-APR-2022,
OPTSTK,MCX,30-Jun-2022,1100.0,PE,0.0,0.0,0.0,21.9,18.1,0,0.0,0,0,18-APR-2022,
OPTSTK,MCX,30-Jun-2022,1120.0,PE,0.0,0.0,0.0,25.5,21.5,0,0.0,0,0,18-APR-2022,
OPTSTK,MCX,30-Jun-2022,1140.0,PE,0.0,0.0,0.0,29.45,25.3,0,0.0,0,0,18-APR-2022,
OPTSTK,MCX,30-Jun-2022,1160.0,PE,0.0,0.0,0.0,33.8,29.6,0,0.0,0,0,18-APR-2022,
OPTSTK,MCX,30-Jun-2022,1180.0,PE,0.0,0.0,0.0,38.6,34.35,0,0.0,0,0,18-APR-2022,
OPTSTK,MCX,30-Jun-2022,1200.0,PE,0.0,0.0,0.0,43.9,39.65,0,0.0,0,0,18-APR-2022,
OPTSTK,MCX,30-Jun-2022,1220.0,PE,0.0,0.0,0.0,49.55,45.45,0,0.0,0,0,18-APR-2022,
OPTSTK,MCX,30-Jun-2022,1240.0,PE,0.0,0.0,0.0,55.65,51.7,0,0.0,0,0,18-APR-2022,
OPTSTK,MCX,30-Jun-2022,1260.0,PE,0.0,0.0,0.0,62.2,58.55,0,0.0,0,0,18-APR-2022,
OPTSTK,MCX,30-Jun-2022,1280.0,PE,0.0,0.0,0.0,69.3,65.95,0,0.0,0,0,18-APR-2022,
OPTSTK,MCX,30-Jun-2022,1300.0,PE,0.0,0.0,0.0,76.85,73.9,0,0.0,0,0,18-APR-2022,
OPTSTK,MCX,30-Jun-2022,1320.0,PE,0.0,0.0,0.0,84.9,82.4,0,0.0,0,0,18-APR-2022,
OPTSTK,MCX,30-Jun-2022,1340.0,PE,0.0,0.0,0.0,93.4,91.45,0,0.0,0,0,18-APR-2022,
OPTSTK,MCX,30-Jun-2022,1360.0,PE,0.0,0.0,0.0,102.4,101.1,0,0.0,0,0,18-APR-2022,
OPTSTK,MCX,30-Jun-2022,1380.0,PE,0.0,0.0,0.0,111.85,111.25,0,0.0,0,0,18-APR-2022,
OPTSTK,MCX,30-Jun-2022,1400.0,PE,0.0,0.0,0.0,121.8,121.9,0,0.0,0,0,18-APR-2022,
OPTSTK,MCX,30-Jun-2022,1420.0,PE,0.0,0.0,0.0,132.2,133.15,0,0.0,0,0,18-APR-2022,
OPTSTK,MCX,30-Jun-2022,1440.0,PE,0.0,0.0,0.0,143.05,144.85,0,0.0,0,0,18-APR-2022,
OPTSTK,MCX,30-Jun-2022,1460.0,PE,0.0,0.0,0.0,154.35,157.05,0,0.0,0,0,18-APR-2022,
OPTSTK,MCX,30-Jun-2022,1480.0,PE,0.0,0.0,0.0,166.05,169.75,0,0.0,0,0,18-APR-2022,
OPTSTK,MCX,30-Jun-2022,1500.0,PE,0.0,0.0,0.0,178.2,182.9,0,0.0,0,0,18-APR-2022,
OPTSTK,MCX,30-Jun-2022,1520.0,PE,0.0,0.0,0.0,190.75,196.5,0,0.0,0,0,18-APR-2022,
OPTSTK,MCX,30-Jun-2022,1540.0,PE,0.0,0.0,0.0,203.7,210.55,0,0.0,0,0,18-APR-2022,
OPTSTK,MCX,30-Jun-2022,1560.0,PE,0.0,0.0,0.0,217.05,224.95,0,0.0,0,0,18-APR-2022,
OPTSTK,MCX,30-Jun-2022,1580.0,PE,0.0,0.0,0.0,230.75,239.85,0,0.0,0,0,18-APR-2022,
OPTSTK,MCX,30-Jun-2022,1600.0,PE,0.0,0.0,0.0,244.8,255.05,0,0.0,0,0,18-APR-2022,
OPTSTK,MCX,30-Jun-2022,1620.0,PE,0.0,0.0,0.0,259.2,270.6,0,0.0,0,0,18-APR-2022,
OPTSTK,MCX,30-Jun-2022,1640.0,PE,0.0,0.0,0.0,274.0,286.45,0,0.0,0,0,18-APR-2022,
OPTSTK,MCX,30-Jun-2022,1660.0,PE,0.0,0.0,0.0,289.05,302.55,0,0.0,0,0,18-APR-2022,
OPTSTK,MCX,30-Jun-2022,1680.0,PE,0.0,0.0,0.0,304.4,319.0,0,0.0,0,0,18-APR-2022,
OPTSTK,MCX,30-Jun-2022,1700.0,PE,0.0,0.0,0.0,320.0,335.75,0,0.0,0,0,18-APR-2022,
OPTSTK,MCX,30-Jun-2022,1720.0,PE,0.0,0.0,0.0,335.9,352.7,0,0.0,0,0,18-APR-2022,
OPTSTK,MCX,30-Jun-2022,1740.0,PE,0.0,0.0,0.0,352.0,369.95,0,0.0,0,0,18-APR-2022,
OPTSTK,MCX,30-Jun-2022,1760.0,PE,0.0,0.0,0.0,368.4,387.35,0,0.0,0,0,18-APR-2022,
OPTSTK,MCX,30-Jun-2022,1780.0,PE,0.0,0.0,0.0,385.0,405.0,0,0.0,0,0,18-APR-2022,
OPTSTK,MCX,30-Jun-2022,1800.0,PE,0.0,0.0,0.0,401.85,422.8,0,0.0,0,0,18-APR-2022,
OPTSTK,MCX,30-Jun-2022,1820.0,PE,0.0,0.0,0.0,418.9,440.85,0,0.0,0,0,18-APR-2022,
OPTSTK,MCX,30-Jun-2022,1840.0,PE,0.0,0.0,0.0,436.1,459.0,0,0.0,0,0,18-APR-2022,
OPTSTK,MCX,30-Jun-2022,1860.0,PE,0.0,0.0,0.0,453.5,477.3,0,0.0,0,0,18-APR-2022,
OPTSTK,MCX,30-Jun-2022,1880.0,PE,0.0,0.0,0.0,471.1,495.75,0,0.0,0,0,18-APR-2022,
OPTSTK,MCX,30-Jun-2022,1900.0,PE,0.0,0.0,0.0,488.85,514.35,0,0.0,0,0,18-APR-2022,
OPTSTK,METROPOLIS,28-Apr-2022,1150.0,CE,0.0,0.0,0.0,1312.25,1272.9,0,0.0,0,0,18-APR-2022,
OPTSTK,METROPOLIS,28-Apr-2022,1200.0,CE,0.0,0.0,0.0,1262.9,1222.95,0,0.0,0,0,18-APR-2022,
OPTSTK,METROPOLIS,28-Apr-2022,1250.0,CE,0.0,0.0,0.0,1213.6,1173.05,0,0.0,0,0,18-APR-2022,
OPTSTK,METROPOLIS,28-Apr-2022,1300.0,CE,0.0,0.0,0.0,1164.4,1123.1,0,0.0,0,0,18-APR-2022,
OPTSTK,METROPOLIS,28-Apr-2022,1350.0,CE,0.0,0.0,0.0,1115.35,1073.15,0,0.0,0,0,18-APR-2022,
OPTSTK,METROPOLIS,28-Apr-2022,1400.0,CE,0.0,0.0,0.0,1066.55,1023.2,0,0.0,0,0,18-APR-2022,
OPTSTK,METROPOLIS,28-Apr-2022,1450.0,CE,0.0,0.0,0.0,1017.95,973.25,0,0.0,0,0,18-APR-2022,
OPTSTK,METROPOLIS,28-Apr-2022,1500.0,CE,0.0,0.0,0.0,969.75,923.3,0,0.0,0,0,18-APR-2022,
OPTSTK,METROPOLIS,28-Apr-2022,1550.0,CE,0.0,0.0,0.0,922.05,873.35,0,0.0,0,0,18-APR-2022,
OPTSTK,METROPOLIS,28-Apr-2022,1600.0,CE,0.0,0.0,0.0,874.85,823.4,0,0.0,0,0,18-APR-2022,
OPTSTK,METROPOLIS,28-Apr-2022,1650.0,CE,0.0,0.0,0.0,828.3,773.5,0,0.0,0,0,18-APR-2022,
OPTSTK,METROPOLIS,28-Apr-2022,1700.0,CE,0.0,0.0,0.0,782.55,723.55,0,0.0,0,0,18-APR-2022,
OPTSTK,METROPOLIS,28-Apr-2022,1750.0,CE,0.0,0.0,0.0,737.7,673.6,0,0.0,0,0,18-APR-2022,
OPTSTK,METROPOLIS,28-Apr-2022,1800.0,CE,0.0,0.0,0.0,693.9,623.65,0,0.0,0,0,18-APR-2022,
OPTSTK,METROPOLIS,28-Apr-2022,1850.0,CE,0.0,0.0,0.0,651.15,573.75,0,0.0,0,0,18-APR-2022,
OPTSTK,METROPOLIS,28-Apr-2022,1900.0,CE,0.0,0.0,0.0,514.9,523.9,0,0.0,1000,0,18-APR-2022,
OPTSTK,METROPOLIS,28-Apr-2022,1950.0,CE,0.0,0.0,0.0,569.55,474.2,0,0.0,0,0,18-APR-2022,
OPTSTK,METROPOLIS,28-Apr-2022,2000.0,CE,428.2,428.2,428.2,428.2,424.85,1,4.85,4000,200,18-APR-2022,
OPTSTK,METROPOLIS,28-Apr-2022,2050.0,CE,0.0,0.0,0.0,383.1,376.05,0,0.0,200,0,18-APR-2022,
OPTSTK,METROPOLIS,28-Apr-2022,2100.0,CE,0.0,0.0,0.0,347.15,328.25,0,0.0,11800,0,18-APR-2022,
OPTSTK,METROPOLIS,28-Apr-2022,2150.0,CE,0.0,0.0,0.0,319.5,281.95,0,0.0,2600,0,18-APR-2022,
OPTSTK,METROPOLIS,28-Apr-2022,2200.0,CE,251.25,251.25,207.8,207.8,237.85,3,14.6,18400,-200,18-APR-2022,
OPTSTK,METROPOLIS,28-Apr-2022,2250.0,CE,0.0,0.0,0.0,182.1,196.7,0,0.0,2800,0,18-APR-2022,
OPTSTK,METROPOLIS,28-Apr-2022,2300.0,CE,157.0,157.0,139.8,141.65,159.15,3,14.67,18000,-400,18-APR-2022,
OPTSTK,METROPOLIS,28-Apr-2022,2350.0,CE,110.0,111.8,110.0,111.8,125.85,2,9.84,3600,-200,18-APR-2022,
OPTSTK,METROPOLIS,28-Apr-2022,2400.0,CE,106.6,123.85,72.0,84.4,84.4,43,215.06,29200,-200,18-APR-2022,
OPTSTK,METROPOLIS,28-Apr-2022,2450.0,CE,75.0,96.5,49.5,65.75,65.75,320,1616.85,15000,1600,18-APR-2022,
OPTSTK,METROPOLIS,28-Apr-2022,2500.0,CE,47.35,73.4,37.1,45.0,45.0,680,3475.2,62400,6600,18-APR-2022,
OPTSTK,METROPOLIS,28-Apr-2022,2550.0,CE,37.15,52.3,27.0,31.6,31.6,182,942.52,58200,800,18-APR-2022,
OPTSTK,METROPOLIS,28-Apr-2022,2600.0,CE,26.95,38.75,17.95,22.2,22.2,405,2127.95,77600,200,18-APR-2022,
OPTSTK,METROPOLIS,28-Apr-2022,2650.0,CE,17.05,27.0,14.1,14.2,14.2,28,149.4,7600,1400,18-APR-2022,
OPTSTK,METROPOLIS,28-Apr-2022,2700.0,CE,14.2,19.95,8.8,9.6,9.6,106,575.02,39400,-7600,18-APR-2022,
OPTSTK,METROPOLIS,28-Apr-2022,2750.0,CE,0.0,0.0,0.0,12.0,7.7,0,0.0,800,0,18-APR-2022,
OPTSTK,METROPOLIS,28-Apr-2022,2800.0,CE,11.0,11.0,5.0,5.85,5.85,32,179.65,17000,-2000,18-APR-2022,
OPTSTK,METROPOLIS,28-Apr-2022,2850.0,CE,8.1,8.1,4.0,4.0,3.0,2,11.42,0,0,18-APR-2022,
OPTSTK,METROPOLIS,28-Apr-2022,2900.0,CE,5.05,5.05,5.05,5.05,1.8,2,11.62,4400,0,18-APR-2022,
OPTSTK,METROPOLIS,28-Apr-2022,2950.0,CE,0.0,0.0,0.0,5.0,1.05,0,0.0,200,0,18-APR-2022,
OPTSTK,METROPOLIS,28-Apr-2022,3000.0,CE,3.0,4.5,2.05,2.05,0.6,16,96.1,29600,-400,18-APR-2022,
OPTSTK,METROPOLIS,28-Apr-2022,3050.0,CE,0.0,0.0,0.0,76.6,0.35,0,0.0,0,0,18-APR-2022,
OPTSTK,METROPOLIS,28-Apr-2022,3100.0,CE,0.0,0.0,0.0,68.65,0.2,0,0.0,0,0,18-APR-2022,
OPTSTK,METROPOLIS,28-Apr-2022,3150.0,CE,0.0,0.0,0.0,61.5,0.1,0,0.0,0,0,18-APR-2022,
OPTSTK,METROPOLIS,28-Apr-2022,3200.0,CE,0.0,0.0,0.0,55.0,0.05,0,0.0,0,0,18-APR-2022,
OPTSTK,METROPOLIS,28-Apr-2022,3250.0,CE,0.0,0.0,0.0,49.1,0.05,0,0.0,0,0,18-APR-2022,
OPTSTK,METROPOLIS,28-Apr-2022,3300.0,CE,0.0,0.0,0.0,43.85,0.05,0,0.0,0,0,18-APR-2022,
OPTSTK,METROPOLIS,28-Apr-2022,3350.0,CE,0.0,0.0,0.0,39.1,0.05,0,0.0,0,0,18-APR-2022,
OPTSTK,METROPOLIS,28-Apr-2022,3400.0,CE,0.0,0.0,0.0,34.8,0.0,0,0.0,0,0,18-APR-2022,
OPTSTK,METROPOLIS,28-Apr-2022,3450.0,CE,0.0,0.0,0.0,30.95,0.0,0,0.0,0,0,18-APR-2022,
OPTSTK,METROPOLIS,28-Apr-2022,3500.0,CE,0.0,0.0,0.0,27.55,0.0,0,0.0,0,0,18-APR-2022,
OPTSTK,METROPOLIS,28-Apr-2022,3550.0,CE,0.0,0.0,0.0,24.45,0.0,0,0.0,0,0,18-APR-2022,
OPTSTK,METROPOLIS,28-Apr-2022,3600.0,CE,0.0,0.0,0.0,21.7,0.0,0,0.0,0,0,18-APR-2022,
OPTSTK,METROPOLIS,28-Apr-2022,3650.0,CE,0.0,0.0,0.0,19.25,0.0,0,0.0,0,0,18-APR-2022,
OPTSTK,METROPOLIS,28-Apr-2022,3700.0,CE,0.0,0.0,0.0,17.05,0.0,0,0.0,0,0,18-APR-2022,
OPTSTK,METROPOLIS,28-Apr-2022,3750.0,CE,0.0,0.0,0.0,15.1,0.0,0,0.0,0,0,18-APR-2022,
OPTSTK,METROPOLIS,28-Apr-2022,3800.0,CE,0.0,0.0,0.0,13.4,0.0,0,0.0,0,0,18-APR-2022,
OPTSTK,METROPOLIS,28-Apr-2022,3850.0,CE,0.0,0.0,0.0,11.85,0.0,0,0.0,0,0,18-APR-2022,
OPTSTK,METROPOLIS,28-Apr-2022,1150.0,PE,0.0,0.0,0.0,0.15,0.0,0,0.0,0,0,18-APR-2022,
OPTSTK,METROPOLIS,28-Apr-2022,1200.0,PE,0.0,0.0,0.0,0.25,0.0,0,0.0,0,0,18-APR-2022,
OPTSTK,METROPOLIS,28-Apr-2022,1250.0,PE,0.0,0.0,0.0,0.45,0.0,0,0.0,0,0,18-APR-2022,
OPTSTK,METROPOLIS,28-Apr-2022,1300.0,PE,0.0,0.0,0.0,0.7,0.0,0,0.0,0,0,18-APR-2022,
OPTSTK,METROPOLIS,28-Apr-2022,1350.0,PE,0.0,0.0,0.0,1.15,0.0,0,0.0,0,0,18-APR-2022,
OPTSTK,METROPOLIS,28-Apr-2022,1400.0,PE,0.0,0.0,0.0,1.8,0.0,0,0.0,0,0,18-APR-2022,
OPTSTK,METROPOLIS,28-Apr-2022,1450.0,PE,0.0,0.0,0.0,2.7,0.0,0,0.0,0,0,18-APR-2022,
OPTSTK,METROPOLIS,28-Apr-2022,1500.0,PE,0.0,0.0,0.0,4.0,0.0,0,0.0,0,0,18-APR-2022,
OPTSTK,METROPOLIS,28-Apr-2022,1550.0,PE,0.0,0.0,0.0,5.75,0.0,0,0.0,0,0,18-APR-2022,
OPTSTK,METROPOLIS,28-Apr-2022,1600.0,PE,0.0,0.0,0.0,8.0,0.0,0,0.0,0,0,18-APR-2022,
OPTSTK,METROPOLIS,28-Apr-2022,1650.0,PE,0.0,0.0,0.0,10.95,0.0,0,0.0,0,0,18-APR-2022,
OPTSTK,METROPOLIS,28-Apr-2022,1700.0,PE,0.0,0.0,0.0,0.1,0.0,0,0.0,1400,0,18-APR-2022,
OPTSTK,METROPOLIS,28-Apr-2022,1750.0,PE,0.0,0.0,0.0,19.35,0.0,0,0.0,0,0,18-APR-2022,
OPTSTK,METROPOLIS,28-Apr-2022,1800.0,PE,3.0,3.0,0.1,0.1,0.05,2,7.2,8600,0,18-APR-2022,
OPTSTK,METROPOLIS,28-Apr-2022,1850.0,PE,0.0,0.0,0.0,40.55,0.05,0,0.0,400,0,18-APR-2022,
OPTSTK,METROPOLIS,28-Apr-2022,1900.0,PE,4.0,4.0,3.8,3.8,0.2,2,7.61,10400,-400,18-APR-2022,
OPTSTK,METROPOLIS,28-Apr-2022,1950.0,PE,0.0,0.0,0.0,5.9,0.45,0,0.0,400,0,18-APR-2022,
OPTSTK,METROPOLIS,28-Apr-2022,2000.0,PE,4.05,5.6,2.0,2.2,2.2,18,72.09,15800,-200,18-APR-2022,
OPTSTK,METROPOLIS,28-Apr-2022,2050.0,PE,7.65,10.8,7.65,9.25,9.25,2,8.23,1600,200,18-APR-2022,
OPTSTK,METROPOLIS,28-Apr-2022,2100.0,PE,7.55,10.0,7.5,9.0,9.0,4,16.86,26600,0,18-APR-2022,
OPTSTK,METROPOLIS,28-Apr-2022,2150.0,PE,0.0,0.0,0.0,19.0,7.95,0,0.0,2200,0,18-APR-2022,
OPTSTK,METROPOLIS,28-Apr-2022,2200.0,PE,13.1,19.0,13.0,19.0,13.8,36,159.51,35400,-1600,18-APR-2022,
OPTSTK,METROPOLIS,28-Apr-2022,2250.0,PE,23.05,23.1,23.05,23.1,23.1,2,9.09,8000,200,18-APR-2022,
OPTSTK,METROPOLIS,28-Apr-2022,2300.0,PE,30.0,41.75,26.05,37.1,37.1,39,181.97,22400,200,18-APR-2022,
OPTSTK,METROPOLIS,28-Apr-2022,2350.0,PE,45.0,60.0,35.8,47.75,47.75,26,124.74,13800,-1200,18-APR-2022,
OPTSTK,METROPOLIS,28-Apr-2022,2400.0,PE,64.0,84.0,50.0,69.45,69.45,82,405.17,20400,-400,18-APR-2022,
OPTSTK,METROPOLIS,28-Apr-2022,2450.0,PE,85.0,101.0,75.5,92.2,92.2,10,50.69,14000,400,18-APR-2022,
OPTSTK,METROPOLIS,28-Apr-2022,2500.0,PE,100.05,129.0,100.0,119.75,119.75,11,57.5,12800,-400,18-APR-2022,
OPTSTK,METROPOLIS,28-Apr-2022,2550.0,PE,0.0,0.0,0.0,285.6,163.8,0,0.0,0,0,18-APR-2022,
OPTSTK,METROPOLIS,28-Apr-2022,2600.0,PE,0.0,0.0,0.0,196.75,202.15,0,0.0,1400,0,18-APR-2022,
OPTSTK,METROPOLIS,28-Apr-2022,2650.0,PE,0.0,0.0,0.0,347.5,243.5,0,0.0,0,0,18-APR-2022,
OPTSTK,METROPOLIS,28-Apr-2022,2700.0,PE,0.0,0.0,0.0,292.0,287.35,0,0.0,200,0,18-APR-2022,
OPTSTK,METROPOLIS,28-Apr-2022,2750.0,PE,0.0,0.0,0.0,414.9,333.0,0,0.0,0,0,18-APR-2022,
OPTSTK,METROPOLIS,28-Apr-2022,2800.0,PE,0.0,0.0,0.0,450.5,380.1,0,0.0,0,0,18-APR-2022,
OPTSTK,METROPOLIS,28-Apr-2022,2850.0,PE,0.0,0.0,0.0,487.4,428.2,0,0.0,0,0,18-APR-2022,
OPTSTK,METROPOLIS,28-Apr-2022,2900.0,PE,0.0,0.0,0.0,525.3,476.95,0,0.0,0,0,18-APR-2022,
OPTSTK,METROPOLIS,28-Apr-2022,2950.0,PE,0.0,0.0,0.0,564.2,526.15,0,0.0,0,0,18-APR-2022,
OPTSTK,METROPOLIS,28-Apr-2022,3000.0,PE,0.0,0.0,0.0,604.05,575.65,0,0.0,0,0,18-APR-2022,
OPTSTK,METROPOLIS,28-Apr-2022,3050.0,PE,0.0,0.0,0.0,644.7,625.3,0,0.0,0,0,18-APR-2022,
OPTSTK,METROPOLIS,28-Apr-2022,3100.0,PE,0.0,0.0,0.0,686.25,675.1,0,0.0,0,0,18-APR-2022,
OPTSTK,METROPOLIS,28-Apr-2022,3150.0,PE,0.0,0.0,0.0,728.5,724.95,0,0.0,0,0,18-APR-2022,
OPTSTK,METROPOLIS,28-Apr-2022,3200.0,PE,0.0,0.0,0.0,771.5,774.85,0,0.0,0,0,18-APR-2022,
OPTSTK,METROPOLIS,28-Apr-2022,3250.0,PE,0.0,0.0,0.0,815.1,824.8,0,0.0,0,0,18-APR-2022,
OPTSTK,METROPOLIS,28-Apr-2022,3300.0,PE,0.0,0.0,0.0,780.0,874.7,0,0.0,200,0,18-APR-2022,
OPTSTK,METROPOLIS,28-Apr-2022,3350.0,PE,0.0,0.0,0.0,904.05,924.65,0,0.0,0,0,18-APR-2022,
OPTSTK,METROPOLIS,28-Apr-2022,3400.0,PE,0.0,0.0,0.0,949.25,974.6,0,0.0,0,0,18-APR-2022,
OPTSTK,METROPOLIS,28-Apr-2022,3450.0,PE,0.0,0.0,0.0,994.9,1024.55,0,0.0,0,0,18-APR-2022,
OPTSTK,METROPOLIS,28-Apr-2022,3500.0,PE,0.0,0.0,0.0,1040.95,1074.5,0,0.0,0,0,18-APR-2022,
OPTSTK,METROPOLIS,28-Apr-2022,3550.0,PE,0.0,0.0,0.0,1087.35,1124.45,0,0.0,0,0,18-APR-2022,
OPTSTK,METROPOLIS,28-Apr-2022,3600.0,PE,0.0,0.0,0.0,1134.05,1174.35,0,0.0,0,0,18-APR-2022,
OPTSTK,METROPOLIS,28-Apr-2022,3650.0,PE,0.0,0.0,0.0,1181.1,1224.3,0,0.0,0,0,18-APR-2022,
OPTSTK,METROPOLIS,28-Apr-2022,3700.0,PE,0.0,0.0,0.0,1228.4,1274.25,0,0.0,0,0,18-APR-2022,
OPTSTK,METROPOLIS,28-Apr-2022,3750.0,PE,0.0,0.0,0.0,1275.9,1324.2,0,0.0,0,0,18-APR-2022,
OPTSTK,METROPOLIS,28-Apr-2022,3800.0,PE,0.0,0.0,0.0,1323.65,1374.15,0,0.0,0,0,18-APR-2022,
OPTSTK,METROPOLIS,28-Apr-2022,3850.0,PE,0.0,0.0,0.0,1371.6,1424.1,0,0.0,0,0,18-APR-2022,
OPTSTK,METROPOLIS,26-May-2022,1150.0,CE,0.0,0.0,0.0,862.9,1276.7,0,0.0,0,0,18-APR-2022,
OPTSTK,METROPOLIS,26-May-2022,1200.0,CE,0.0,0.0,0.0,814.95,1226.9,0,0.0,0,0,18-APR-2022,
OPTSTK,METROPOLIS,26-May-2022,1250.0,CE,0.0,0.0,0.0,767.6,1177.15,0,0.0,0,0,18-APR-2022,
OPTSTK,METROPOLIS,26-May-2022,1300.0,CE,0.0,0.0,0.0,721.05,1127.35,0,0.0,0,0,18-APR-2022,
OPTSTK,METROPOLIS,26-May-2022,1350.0,CE,0.0,0.0,0.0,675.35,1077.6,0,0.0,0,0,18-APR-2022,
OPTSTK,METROPOLIS,26-May-2022,1400.0,CE,0.0,0.0,0.0,630.8,1027.85,0,0.0,0,0,18-APR-2022,
OPTSTK,METROPOLIS,26-May-2022,1450.0,CE,0.0,0.0,0.0,587.45,978.15,0,0.0,0,0,18-APR-2022,
OPTSTK,METROPOLIS,26-May-2022,1500.0,CE,0.0,0.0,0.0,545.45,928.45,0,0.0,0,0,18-APR-2022,
OPTSTK,METROPOLIS,26-May-2022,1550.0,CE,0.0,0.0,0.0,505.0,878.9,0,0.0,0,0,18-APR-2022,
OPTSTK,METROPOLIS,26-May-2022,1600.0,CE,0.0,0.0,0.0,466.2,829.5,0,0.0,0,0,18-APR-2022,
OPTSTK,METROPOLIS,26-May-2022,1650.0,CE,0.0,0.0,0.0,429.2,780.3,0,0.0,0,0,18-APR-2022,
OPTSTK,METROPOLIS,26-May-2022,1700.0,CE,0.0,0.0,0.0,393.95,731.4,0,0.0,0,0,18-APR-2022,
OPTSTK,METROPOLIS,26-May-2022,1750.0,CE,0.0,0.0,0.0,360.6,683.0,0,0.0,0,0,18-APR-2022,
OPTSTK,METROPOLIS,26-May-2022,1800.0,CE,0.0,0.0,0.0,329.15,635.2,0,0.0,0,0,18-APR-2022,
OPTSTK,METROPOLIS,26-May-2022,1850.0,CE,0.0,0.0,0.0,299.7,588.25,0,0.0,0,0,18-APR-2022,
OPTSTK,METROPOLIS,26-May-2022,1900.0,CE,0.0,0.0,0.0,272.2,542.25,0,0.0,0,0,18-APR-2022,
OPTSTK,METROPOLIS,26-May-2022,1950.0,CE,0.0,0.0,0.0,246.6,497.45,0,0.0,0,0,18-APR-2022,
OPTSTK,METROPOLIS,26-May-2022,2000.0,CE,0.0,0.0,0.0,222.9,454.15,0,0.0,0,0,18-APR-2022,
OPTSTK,METROPOLIS,26-May-2022,2050.0,CE,0.0,0.0,0.0,201.05,412.45,0,0.0,0,0,18-APR-2022,
OPTSTK,METROPOLIS,26-May-2022,2100.0,CE,0.0,0.0,0.0,180.9,372.6,0,0.0,0,0,18-APR-2022,
OPTSTK,METROPOLIS,26-May-2022,2150.0,CE,0.0,0.0,0.0,162.45,334.9,0,0.0,0,0,18-APR-2022,
OPTSTK,METROPOLIS,26-May-2022,2200.0,CE,0.0,0.0,0.0,285.1,299.25,0,0.0,400,0,18-APR-2022,
OPTSTK,METROPOLIS,26-May-2022,2250.0,CE,0.0,0.0,0.0,130.2,265.9,0,0.0,0,0,18-APR-2022,
OPTSTK,METROPOLIS,26-May-2022,2300.0,CE,0.0,0.0,0.0,116.25,235.05,0,0.0,0,0,18-APR-2022,
OPTSTK,METROPOLIS,26-May-2022,2350.0,CE,0.0,0.0,0.0,103.75,206.65,0,0.0,0,0,18-APR-2022,
OPTSTK,METROPOLIS,26-May-2022,2400.0,CE,189.8,189.8,164.35,164.35,180.7,4,20.56,800,400,18-APR-2022,
OPTSTK,METROPOLIS,26-May-2022,2450.0,CE,118.95,118.95,115.8,115.8,157.15,2,10.26,200,200,18-APR-2022,
OPTSTK,METROPOLIS,26-May-2022,2500.0,CE,0.0,0.0,0.0,89.0,135.95,0,0.0,600,0,18-APR-2022,
OPTSTK,METROPOLIS,26-May-2022,2550.0,CE,0.0,0.0,0.0,64.5,117.0,0,0.0,0,0,18-APR-2022,
OPTSTK,METROPOLIS,26-May-2022,2600.0,CE,0.0,0.0,0.0,90.0,100.15,0,0.0,2800,0,18-APR-2022,
OPTSTK,METROPOLIS,26-May-2022,2650.0,CE,0.0,0.0,0.0,50.45,85.35,0,0.0,0,0,18-APR-2022,
OPTSTK,METROPOLIS,26-May-2022,2700.0,CE,0.0,0.0,0.0,50.0,72.5,0,0.0,1000,0,18-APR-2022,
OPTSTK,METROPOLIS,26-May-2022,2750.0,CE,0.0,0.0,0.0,39.3,61.25,0,0.0,0,0,18-APR-2022,
OPTSTK,METROPOLIS,26-May-2022,2800.0,CE,0.0,0.0,0.0,34.6,51.4,0,0.0,0,0,18-APR-2022,
OPTSTK,METROPOLIS,26-May-2022,2850.0,CE,0.0,0.0,0.0,30.45,43.0,0,0.0,0,0,18-APR-2022,
OPTSTK,METROPOLIS,26-May-2022,2900.0,CE,0.0,0.0,0.0,26.75,35.8,0,0.0,0,0,18-APR-2022,
OPTSTK,METROPOLIS,26-May-2022,2950.0,CE,0.0,0.0,0.0,23.5,29.7,0,0.0,0,0,18-APR-2022,
OPTSTK,METROPOLIS,26-May-2022,3000.0,CE,0.0,0.0,0.0,20.65,24.55,0,0.0,0,0,18-APR-2022,
OPTSTK,METROPOLIS,26-May-2022,3050.0,CE,0.0,0.0,0.0,18.1,20.2,0,0.0,0,0,18-APR-2022,
OPTSTK,METROPOLIS,26-May-2022,3100.0,CE,0.0,0.0,0.0,15.85,16.55,0,0.0,0,0,18-APR-2022,
OPTSTK,METROPOLIS,26-May-2022,3150.0,CE,0.0,0.0,0.0,13.9,13.55,0,0.0,0,0,18-APR-2022,
OPTSTK,METROPOLIS,26-May-2022,3200.0,CE,0.0,0.0,0.0,12.15,11.05,0,0.0,0,0,18-APR-2022,
OPTSTK,METROPOLIS,26-May-2022,3250.0,CE,0.0,0.0,0.0,10.65,8.95,0,0.0,0,0,18-APR-2022,
OPTSTK,METROPOLIS,26-May-2022,3300.0,CE,0.0,0.0,0.0,9.3,7.25,0,0.0,0,0,18-APR-2022,
OPTSTK,METROPOLIS,26-May-2022,3350.0,CE,0.0,0.0,0.0,8.1,5.85,0,0.0,0,0,18-APR-2022,
OPTSTK,METROPOLIS,26-May-2022,3400.0,CE,0.0,0.0,0.0,7.1,4.7,0,0.0,0,0,18-APR-2022,
OPTSTK,METROPOLIS,26-May-2022,1150.0,PE,0.0,0.0,0.0,2.75,0.0,0,0.0,0,0,18-APR-2022,
OPTSTK,METROPOLIS,26-May-2022,1200.0,PE,0.0,0.0,0.0,4.25,0.0,0,0.0,0,0,18-APR-2022,
OPTSTK,METROPOLIS,26-May-2022,1250.0,PE,0.0,0.0,0.0,6.4,0.0,0,0.0,0,0,18-APR-2022,
OPTSTK,METROPOLIS,26-May-2022,1300.0,PE,0.0,0.0,0.0,9.3,0.05,0,0.0,0,0,18-APR-2022,
OPTSTK,METROPOLIS,26-May-2022,1350.0,PE,0.0,0.0,0.0,13.1,0.05,0,0.0,0,0,18-APR-2022,
OPTSTK,METROPOLIS,26-May-2022,1400.0,PE,0.0,0.0,0.0,18.0,0.05,0,0.0,0,0,18-APR-2022,
OPTSTK,METROPOLIS,26-May-2022,1450.0,PE,0.0,0.0,0.0,24.1,0.15,0,0.0,0,0,18-APR-2022,
OPTSTK,METROPOLIS,26-May-2022,1500.0,PE,0.0,0.0,0.0,31.6,0.25,0,0.0,0,0,18-APR-2022,
OPTSTK,METROPOLIS,26-May-2022,1550.0,PE,0.0,0.0,0.0,40.65,0.45,0,0.0,0,0,18-APR-2022,
OPTSTK,METROPOLIS,26-May-2022,1600.0,PE,0.0,0.0,0.0,51.3,0.8,0,0.0,0,0,18-APR-2022,
OPTSTK,METROPOLIS,26-May-2022,1650.0,PE,0.0,0.0,0.0,63.8,1.4,0,0.0,0,0,18-APR-2022,
OPTSTK,METROPOLIS,26-May-2022,1700.0,PE,0.0,0.0,0.0,78.0,2.3,0,0.0,0,0,18-APR-2022,
OPTSTK,METROPOLIS,26-May-2022,1750.0,PE,0.0,0.0,0.0,94.15,3.7,0,0.0,0,0,18-APR-2022,
OPTSTK,METROPOLIS,26-May-2022,1800.0,PE,0.0,0.0,0.0,22.4,5.65,0,0.0,200,0,18-APR-2022,
OPTSTK,METROPOLIS,26-May-2022,1850.0,PE,0.0,0.0,0.0,132.2,8.45,0,0.0,0,0,18-APR-2022,
OPTSTK,METROPOLIS,26-May-2022,1900.0,PE,0.0,0.0,0.0,140.0,12.25,0,0.0,200,0,18-APR-2022,
OPTSTK,METROPOLIS,26-May-2022,1950.0,PE,0.0,0.0,0.0,178.05,17.25,0,0.0,0,0,18-APR-2022,
OPTSTK,METROPOLIS,26-May-2022,2000.0,PE,0.0,0.0,0.0,39.95,23.7,0,0.0,200,0,18-APR-2022,
OPTSTK,METROPOLIS,26-May-2022,2050.0,PE,0.0,0.0,0.0,231.4,31.8,0,0.0,0,0,18-APR-2022,
OPTSTK,METROPOLIS,26-May-2022,2100.0,PE,0.0,0.0,0.0,260.75,41.75,0,0.0,0,0,18-APR-2022,
OPTSTK,METROPOLIS,26-May-2022,2150.0,PE,0.0,0.0,0.0,291.8,53.8,0,0.0,0,0,18-APR-2022,
OPTSTK,METROPOLIS,26-May-2022,2200.0,PE,0.0,0.0,0.0,55.0,67.95,0,0.0,400,0,18-APR-2022,
OPTSTK,METROPOLIS,26-May-2022,2250.0,PE,0.0,0.0,0.0,358.5,84.4,0,0.0,0,0,18-APR-2022,
OPTSTK,METROPOLIS,26-May-2022,2300.0,PE,0.0,0.0,0.0,80.0,103.3,0,0.0,1000,0,18-APR-2022,
OPTSTK,METROPOLIS,26-May-2022,2350.0,PE,0.0,0.0,0.0,431.0,124.65,0,0.0,0,0,18-APR-2022,
OPTSTK,METROPOLIS,26-May-2022,2400.0,PE,0.0,0.0,0.0,140.2,148.5,0,0.0,800,0,18-APR-2022,
OPTSTK,METROPOLIS,26-May-2022,2450.0,PE,0.0,0.0,0.0,508.3,174.7,0,0.0,0,0,18-APR-2022,
OPTSTK,METROPOLIS,26-May-2022,2500.0,PE,0.0,0.0,0.0,175.35,203.3,0,0.0,200,0,18-APR-2022,
OPTSTK,METROPOLIS,26-May-2022,2550.0,PE,0.0,0.0,0.0,589.65,234.15,0,0.0,0,0,18-APR-2022,
OPTSTK,METROPOLIS,26-May-2022,2600.0,PE,0.0,0.0,0.0,631.75,267.1,0,0.0,0,0,18-APR-2022,
OPTSTK,METROPOLIS,26-May-2022,2650.0,PE,0.0,0.0,0.0,674.55,302.05,0,0.0,0,0,18-APR-2022,
OPTSTK,METROPOLIS,26-May-2022,2700.0,PE,0.0,0.0,0.0,718.15,338.95,0,0.0,0,0,18-APR-2022,
OPTSTK,METROPOLIS,26-May-2022,2750.0,PE,0.0,0.0,0.0,762.35,377.5,0,0.0,0,0,18-APR-2022,
OPTSTK,METROPOLIS,26-May-2022,2800.0,PE,0.0,0.0,0.0,807.15,417.4,0,0.0,0,0,18-APR-2022,
OPTSTK,METROPOLIS,26-May-2022,2850.0,PE,0.0,0.0,0.0,852.45,458.8,0,0.0,0,0,18-APR-2022,
OPTSTK,METROPOLIS,26-May-2022,2900.0,PE,0.0,0.0,0.0,898.25,501.4,0,0.0,0,0,18-APR-2022,
OPTSTK,METROPOLIS,26-May-2022,2950.0,PE,0.0,0.0,0.0,944.5,545.1,0,0.0,0,0,18-APR-2022,
OPTSTK,METROPOLIS,26-May-2022,3000.0,PE,0.0,0.0,0.0,991.1,589.7,0,0.0,0,0,18-APR-2022,
OPTSTK,METROPOLIS,26-May-2022,3050.0,PE,0.0,0.0,0.0,1038.05,635.15,0,0.0,0,0,18-APR-2022,
OPTSTK,METROPOLIS,26-May-2022,3100.0,PE,0.0,0.0,0.0,1085.25,681.3,0,0.0,0,0,18-APR-2022,
OPTSTK,METROPOLIS,26-May-2022,3150.0,PE,0.0,0.0,0.0,1132.75,728.05,0,0.0,0,0,18-APR-2022,
OPTSTK,METROPOLIS,26-May-2022,3200.0,PE,0.0,0.0,0.0,1180.5,775.3,0,0.0,0,0,18-APR-2022,
OPTSTK,METROPOLIS,26-May-2022,3250.0,PE,0.0,0.0,0.0,1228.45,823.0,0,0.0,0,0,18-APR-2022,
OPTSTK,METROPOLIS,26-May-2022,3300.0,PE,0.0,0.0,0.0,1276.6,871.05,0,0.0,0,0,18-APR-2022,
OPTSTK,METROPOLIS,26-May-2022,3350.0,PE,0.0,0.0,0.0,1324.9,919.45,0,0.0,0,0,18-APR-2022,
OPTSTK,METROPOLIS,26-May-2022,3400.0,PE,0.0,0.0,0.0,1373.35,968.1,0,0.0,0,0,18-APR-2022,
OPTSTK,METROPOLIS,30-Jun-2022,1250.0,CE,0.0,0.0,0.0,803.4,1182.5,0,0.0,0,0,18-APR-2022,
OPTSTK,METROPOLIS,30-Jun-2022,1300.0,CE,0.0,0.0,0.0,756.15,1133.15,0,0.0,0,0,18-APR-2022,
OPTSTK,METROPOLIS,30-Jun-2022,1350.0,CE,0.0,0.0,0.0,709.7,1083.9,0,0.0,0,0,18-APR-2022,
OPTSTK,METROPOLIS,30-Jun-2022,1400.0,CE,0.0,0.0,0.0,664.15,1034.85,0,0.0,0,0,18-APR-2022,
OPTSTK,METROPOLIS,30-Jun-2022,1450.0,CE,0.0,0.0,0.0,619.7,986.05,0,0.0,0,0,18-APR-2022,
OPTSTK,METROPOLIS,30-Jun-2022,1500.0,CE,0.0,0.0,0.0,576.55,937.6,0,0.0,0,0,18-APR-2022,
OPTSTK,METROPOLIS,30-Jun-2022,1550.0,CE,0.0,0.0,0.0,534.75,889.6,0,0.0,0,0,18-APR-2022,
OPTSTK,METROPOLIS,30-Jun-2022,1600.0,CE,0.0,0.0,0.0,494.5,842.1,0,0.0,0,0,18-APR-2022,
OPTSTK,METROPOLIS,30-Jun-2022,1650.0,CE,0.0,0.0,0.0,455.95,795.25,0,0.0,0,0,18-APR-2022,
OPTSTK,METROPOLIS,30-Jun-2022,1700.0,CE,0.0,0.0,0.0,419.2,749.2,0,0.0,0,0,18-APR-2022,
OPTSTK,METROPOLIS,30-Jun-2022,1750.0,CE,0.0,0.0,0.0,384.2,704.05,0,0.0,0,0,18-APR-2022,
OPTSTK,METROPOLIS,30-Jun-2022,1800.0,CE,0.0,0.0,0.0,351.05,659.95,0,0.0,0,0,18-APR-2022,
OPTSTK,METROPOLIS,30-Jun-2022,1850.0,CE,0.0,0.0,0.0,319.95,617.0,0,0.0,0,0,18-APR-2022,
OPTSTK,METROPOLIS,30-Jun-2022,1900.0,CE,0.0,0.0,0.0,290.8,575.35,0,0.0,0,0,18-APR-2022,
OPTSTK,METROPOLIS,30-Jun-2022,1950.0,CE,0.0,0.0,0.0,263.65,535.15,0,0.0,0,0,18-APR-2022,
OPTSTK,METROPOLIS,30-Jun-2022,2000.0,CE,0.0,0.0,0.0,238.4,496.4,0,0.0,0,0,18-APR-2022,
OPTSTK,METROPOLIS,30-Jun-2022,2050.0,CE,0.0,0.0,0.0,215.05,459.35,0,0.0,0,0,18-APR-2022,
OPTSTK,METROPOLIS,30-Jun-2022,2100.0,CE,0.0,0.0,0.0,193.5,423.85,0,0.0,0,0,18-APR-2022,
OPTSTK,METROPOLIS,30-Jun-2022,2150.0,CE,0.0,0.0,0.0,173.75,390.0,0,0.0,0,0,18-APR-2022,
OPTSTK,METROPOLIS,30-Jun-2022,2200.0,CE,0.0,0.0,0.0,155.65,358.05,0,0.0,0,0,18-APR-2022,
OPTSTK,METROPOLIS,30-Jun-2022,2250.0,CE,0.0,0.0,0.0,139.15,327.95,0,0.0,0,0,18-APR-2022,
OPTSTK,METROPOLIS,30-Jun-2022,2300.0,CE,0.0,0.0,0.0,124.15,299.6,0,0.0,0,0,18-APR-2022,
OPTSTK,METROPOLIS,30-Jun-2022,2350.0,CE,0.0,0.0,0.0,110.55,273.05,0,0.0,0,0,18-APR-2022,
OPTSTK,METROPOLIS,30-Jun-2022,2400.0,CE,0.0,0.0,0.0,125.05,248.25,0,0.0,200,0,18-APR-2022,
OPTSTK,METROPOLIS,30-Jun-2022,2450.0,CE,0.0,0.0,0.0,87.3,225.25,0,0.0,0,0,18-APR-2022,
OPTSTK,METROPOLIS,30-Jun-2022,2500.0,CE,0.0,0.0,0.0,77.4,203.85,0,0.0,0,0,18-APR-2022,
OPTSTK,METROPOLIS,30-Jun-2022,2550.0,CE,0.0,0.0,0.0,68.4,184.15,0,0.0,0,0,18-APR-2022,
OPTSTK,METROPOLIS,30-Jun-2022,2600.0,CE,0.0,0.0,0.0,60.45,166.0,0,0.0,0,0,18-APR-2022,
OPTSTK,METROPOLIS,30-Jun-2022,2650.0,CE,0.0,0.0,0.0,53.3,149.3,0,0.0,0,0,18-APR-2022,
OPTSTK,METROPOLIS,30-Jun-2022,2700.0,CE,0.0,0.0,0.0,99.0,134.05,0,0.0,200,0,18-APR-2022,
OPTSTK,METROPOLIS,30-Jun-2022,2750.0,CE,0.0,0.0,0.0,41.3,120.15,0,0.0,0,0,18-APR-2022,
OPTSTK,METROPOLIS,30-Jun-2022,2800.0,CE,0.0,0.0,0.0,36.3,107.6,0,0.0,0,0,18-APR-2022,
OPTSTK,METROPOLIS,30-Jun-2022,2850.0,CE,0.0,0.0,0.0,31.85,96.1,0,0.0,0,0,18-APR-2022,
OPTSTK,METROPOLIS,30-Jun-2022,2900.0,CE,0.0,0.0,0.0,32.75,85.75,0,0.0,0,0,18-APR-2022,
OPTSTK,METROPOLIS,30-Jun-2022,1250.0,PE,0.0,0.0,0.0,4.55,0.3,0,0.0,0,0,18-APR-2022,
OPTSTK,METROPOLIS,30-Jun-2022,1300.0,PE,0.0,0.0,0.0,6.75,0.55,0,0.0,0,0,18-APR-2022,
OPTSTK,METROPOLIS,30-Jun-2022,1350.0,PE,0.0,0.0,0.0,9.75,0.9,0,0.0,0,0,18-APR-2022,
OPTSTK,METROPOLIS,30-Jun-2022,1400.0,PE,0.0,0.0,0.0,13.7,1.4,0,0.0,0,0,18-APR-2022,
OPTSTK,METROPOLIS,30-Jun-2022,1450.0,PE,0.0,0.0,0.0,18.75,2.2,0,0.0,0,0,18-APR-2022,
OPTSTK,METROPOLIS,30-Jun-2022,1500.0,PE,0.0,0.0,0.0,25.0,3.3,0,0.0,0,0,18-APR-2022,
OPTSTK,METROPOLIS,30-Jun-2022,1550.0,PE,0.0,0.0,0.0,32.7,4.85,0,0.0,0,0,18-APR-2022,
OPTSTK,METROPOLIS,30-Jun-2022,1600.0,PE,0.0,0.0,0.0,41.95,6.95,0,0.0,0,0,18-APR-2022,
OPTSTK,METROPOLIS,30-Jun-2022,1650.0,PE,0.0,0.0,0.0,52.85,9.7,0,0.0,0,0,18-APR-2022,
OPTSTK,METROPOLIS,30-Jun-2022,1700.0,PE,0.0,0.0,0.0,65.55,13.2,0,0.0,0,0,18-APR-2022,
OPTSTK,METROPOLIS,30-Jun-2022,1750.0,PE,0.0,0.0,0.0,80.05,17.65,0,0.0,0,0,18-APR-2022,
OPTSTK,METROPOLIS,30-Jun-2022,1800.0,PE,0.0,0.0,0.0,96.35,23.1,0,0.0,0,0,18-APR-2022,
OPTSTK,METROPOLIS,30-Jun-2022,1850.0,PE,0.0,0.0,0.0,114.75,29.75,0,0.0,0,0,18-APR-2022,
OPTSTK,METROPOLIS,30-Jun-2022,1900.0,PE,0.0,0.0,0.0,135.1,37.7,0,0.0,0,0,18-APR-2022,
OPTSTK,METROPOLIS,30-Jun-2022,1950.0,PE,0.0,0.0,0.0,157.4,47.05,0,0.0,0,0,18-APR-2022,
OPTSTK,METROPOLIS,30-Jun-2022,2000.0,PE,0.0,0.0,0.0,181.6,57.9,0,0.0,0,0,18-APR-2022,
OPTSTK,METROPOLIS,30-Jun-2022,2050.0,PE,0.0,0.0,0.0,207.75,70.4,0,0.0,0,0,18-APR-2022,
OPTSTK,METROPOLIS,30-Jun-2022,2100.0,PE,0.0,0.0,0.0,235.65,84.5,0,0.0,0,0,18-APR-2022,
OPTSTK,METROPOLIS,30-Jun-2022,2150.0,PE,0.0,0.0,0.0,265.4,100.2,0,0.0,0,0,18-APR-2022,
OPTSTK,METROPOLIS,30-Jun-2022,2200.0,PE,0.0,0.0,0.0,296.75,117.85,0,0.0,0,0,18-APR-2022,
OPTSTK,METROPOLIS,30-Jun-2022,2250.0,PE,0.0,0.0,0.0,329.75,137.3,0,0.0,0,0,18-APR-2022,
OPTSTK,METROPOLIS,30-Jun-2022,2300.0,PE,0.0,0.0,0.0,364.2,158.5,0,0.0,0,0,18-APR-2022,
OPTSTK,METROPOLIS,30-Jun-2022,2350.0,PE,0.0,0.0,0.0,400.1,181.55,0,0.0,0,0,18-APR-2022,
OPTSTK,METROPOLIS,30-Jun-2022,2400.0,PE,0.0,0.0,0.0,437.4,206.35,0,0.0,0,0,18-APR-2022,
OPTSTK,METROPOLIS,30-Jun-2022,2450.0,PE,0.0,0.0,0.0,475.8,232.9,0,0.0,0,0,18-APR-2022,
OPTSTK,METROPOLIS,30-Jun-2022,2500.0,PE,0.0,0.0,0.0,515.35,261.1,0,0.0,0,0,18-APR-2022,
OPTSTK,METROPOLIS,30-Jun-2022,2550.0,PE,0.0,0.0,0.0,555.85,290.95,0,0.0,0,0,18-APR-2022,
OPTSTK,METROPOLIS,30-Jun-2022,2600.0,PE,0.0,0.0,0.0,597.35,322.4,0,0.0,0,0,18-APR-2022,
OPTSTK,METROPOLIS,30-Jun-2022,2650.0,PE,0.0,0.0,0.0,639.7,355.3,0,0.0,0,0,18-APR-2022,
OPTSTK,METROPOLIS,30-Jun-2022,2700.0,PE,0.0,0.0,0.0,682.8,389.6,0,0.0,0,0,18-APR-2022,
OPTSTK,METROPOLIS,30-Jun-2022,2750.0,PE,0.0,0.0,0.0,726.65,425.25,0,0.0,0,0,18-APR-2022,
OPTSTK,METROPOLIS,30-Jun-2022,2800.0,PE,0.0,0.0,0.0,771.1,462.3,0,0.0,0,0,18-APR-2022,
OPTSTK,METROPOLIS,30-Jun-2022,2850.0,PE,0.0,0.0,0.0,816.15,500.4,0,0.0,0,0,18-APR-2022,
OPTSTK,METROPOLIS,30-Jun-2022,2900.0,PE,0.0,0.0,0.0,812.25,539.6,0,0.0,0,0,18-APR-2022,
OPTSTK,MFSL,28-Apr-2022,500.0,CE,0.0,0.0,0.0,399.7,273.4,0,0.0,0,0,18-APR-2022,
OPTSTK,MFSL,28-Apr-2022,510.0,CE,0.0,0.0,0.0,245.55,263.4,0,0.0,0,0,18-APR-2022,
OPTSTK,MFSL,28-Apr-2022,520.0,CE,0.0,0.0,0.0,380.05,253.4,0,0.0,0,0,18-APR-2022,
OPTSTK,MFSL,28-Apr-2022,530.0,CE,0.0,0.0,0.0,225.65,243.4,0,0.0,0,0,18-APR-2022,
OPTSTK,MFSL,28-Apr-2022,540.0,CE,0.0,0.0,0.0,360.5,233.45,0,0.0,0,0,18-APR-2022,
OPTSTK,MFSL,28-Apr-2022,550.0,CE,0.0,0.0,0.0,205.8,223.45,0,0.0,0,0,18-APR-2022,
OPTSTK,MFSL,28-Apr-2022,560.0,CE,0.0,0.0,0.0,341.05,213.45,0,0.0,0,0,18-APR-2022,
OPTSTK,MFSL,28-Apr-2022,570.0,CE,0.0,0.0,0.0,186.05,203.45,0,0.0,0,0,18-APR-2022,
OPTSTK,MFSL,28-Apr-2022,580.0,CE,0.0,0.0,0.0,321.8,193.45,0,0.0,0,0,18-APR-2022,
OPTSTK,MFSL,28-Apr-2022,590.0,CE,0.0,0.0,0.0,166.5,183.5,0,0.0,0,0,18-APR-2022,
OPTSTK,MFSL,28-Apr-2022,600.0,CE,0.0,0.0,0.0,163.0,173.5,0,0.0,0,0,18-APR-2022,
OPTSTK,MFSL,28-Apr-2022,610.0,CE,0.0,0.0,0.0,147.25,163.5,0,0.0,0,0,18-APR-2022,
OPTSTK,MFSL,28-Apr-2022,620.0,CE,0.0,0.0,0.0,283.95,153.55,0,0.0,0,0,18-APR-2022,
OPTSTK,MFSL,28-Apr-2022,630.0,CE,0.0,0.0,0.0,128.6,143.55,0,0.0,0,0,18-APR-2022,
OPTSTK,MFSL,28-Apr-2022,640.0,CE,0.0,0.0,0.0,265.45,133.6,0,0.0,0,0,18-APR-2022,
OPTSTK,MFSL,28-Apr-2022,650.0,CE,0.0,0.0,0.0,110.65,123.7,0,0.0,0,0,18-APR-2022,
OPTSTK,MFSL,28-Apr-2022,660.0,CE,0.0,0.0,0.0,247.4,113.85,0,0.0,0,0,18-APR-2022,
OPTSTK,MFSL,28-Apr-2022,670.0,CE,0.0,0.0,0.0,93.7,104.05,0,0.0,0,0,18-APR-2022,
OPTSTK,MFSL,28-Apr-2022,680.0,CE,0.0,0.0,0.0,229.8,94.45,0,0.0,0,0,18-APR-2022,
OPTSTK,MFSL,28-Apr-2022,690.0,CE,0.0,0.0,0.0,78.05,84.95,0,0.0,0,0,18-APR-2022,
OPTSTK,MFSL,28-Apr-2022,700.0,CE,0.0,0.0,0.0,85.0,75.75,0,0.0,4550,0,18-APR-2022,
OPTSTK,MFSL,28-Apr-2022,710.0,CE,0.0,0.0,0.0,63.85,66.85,0,0.0,0,0,18-APR-2022,
OPTSTK,MFSL,28-Apr-2022,720.0,CE,0.0,0.0,0.0,66.9,58.35,0,0.0,1950,0,18-APR-2022,
OPTSTK,MFSL,28-Apr-2022,730.0,CE,0.0,0.0,0.0,51.25,50.35,0,0.0,0,0,18-APR-2022,
OPTSTK,MFSL,28-Apr-2022,740.0,CE,0.0,0.0,0.0,74.35,42.9,0,0.0,7150,0,18-APR-2022,
OPTSTK,MFSL,28-Apr-2022,750.0,CE,0.0,0.0,0.0,40.4,36.1,0,0.0,0,0,18-APR-2022,
OPTSTK,MFSL,28-Apr-2022,760.0,CE,31.7,31.7,31.7,31.7,29.9,1,5.14,20150,0,18-APR-2022,
OPTSTK,MFSL,28-Apr-2022,770.0,CE,23.95,23.95,23.95,23.95,24.45,1,5.16,1950,650,18-APR-2022,
OPTSTK,MFSL,28-Apr-2022,780.0,CE,19.65,19.65,10.2,19.0,19.7,22,113.77,11700,0,18-APR-2022,
OPTSTK,MFSL,28-Apr-2022,790.0,CE,18.0,19.75,6.35,9.45,15.65,19,98.82,10400,-3900,18-APR-2022,
OPTSTK,MFSL,28-Apr-2022,800.0,CE,14.45,16.85,5.6,9.55,9.55,357,1880.54,107900,14950,18-APR-2022,
OPTSTK,MFSL,28-Apr-2022,810.0,CE,7.7,7.7,6.85,6.9,6.9,7,37.18,7150,0,18-APR-2022,
OPTSTK,MFSL,28-Apr-2022,820.0,CE,9.8,9.8,3.0,4.8,4.8,55,295.08,31200,7150,18-APR-2022,
OPTSTK,MFSL,28-Apr-2022,830.0,CE,3.0,3.0,3.0,3.0,5.3,1,5.41,3900,650,18-APR-2022,
OPTSTK,MFSL,28-Apr-2022,840.0,CE,2.0,3.2,1.65,3.05,3.9,14,76.67,22100,-1950,18-APR-2022,
OPTSTK,MFSL,28-Apr-2022,850.0,CE,1.45,1.5,1.45,1.5,2.85,2,11.06,0,-650,18-APR-2022,
OPTSTK,MFSL,28-Apr-2022,860.0,CE,1.5,2.0,1.5,1.55,2.0,9,50.4,9750,3900,18-APR-2022,
OPTSTK,MFSL,28-Apr-2022,870.0,CE,0.0,0.0,0.0,6.55,1.4,0,0.0,0,0,18-APR-2022,
OPTSTK,MFSL,28-Apr-2022,880.0,CE,0.0,0.0,0.0,1.8,1.0,0,0.0,4550,0,18-APR-2022,
OPTSTK,MFSL,28-Apr-2022,890.0,CE,0.0,0.0,0.0,4.55,0.7,0,0.0,0,0,18-APR-2022,
OPTSTK,MFSL,28-Apr-2022,900.0,CE,0.75,0.75,0.3,0.5,0.5,3,17.56,11050,0,18-APR-2022,
OPTSTK,MFSL,28-Apr-2022,910.0,CE,0.0,0.0,0.0,3.1,0.3,0,0.0,0,0,18-APR-2022,
OPTSTK,MFSL,28-Apr-2022,920.0,CE,0.0,0.0,0.0,72.55,0.2,0,0.0,0,0,18-APR-2022,
OPTSTK,MFSL,28-Apr-2022,930.0,CE,0.0,0.0,0.0,2.1,0.15,0,0.0,0,0,18-APR-2022,
OPTSTK,MFSL,28-Apr-2022,940.0,CE,0.0,0.0,0.0,0.5,0.1,0,0.0,3900,0,18-APR-2022,
OPTSTK,MFSL,28-Apr-2022,950.0,CE,0.0,0.0,0.0,1.4,0.05,0,0.0,0,0,18-APR-2022,
OPTSTK,MFSL,28-Apr-2022,960.0,CE,0.0,0.0,0.0,57.25,0.05,0,0.0,0,0,18-APR-2022,
OPTSTK,MFSL,28-Apr-2022,970.0,CE,0.0,0.0,0.0,0.9,0.05,0,0.0,0,0,18-APR-2022,
OPTSTK,MFSL,28-Apr-2022,980.0,CE,0.0,0.0,0.0,50.65,0.05,0,0.0,0,0,18-APR-2022,
OPTSTK,MFSL,28-Apr-2022,990.0,CE,0.0,0.0,0.0,0.6,0.05,0,0.0,0,0,18-APR-2022,
OPTSTK,MFSL,28-Apr-2022,1000.0,CE,0.0,0.0,0.0,44.65,0.0,0,0.0,0,0,18-APR-2022,
OPTSTK,MFSL,28-Apr-2022,1010.0,CE,0.0,0.0,0.0,0.4,0.0,0,0.0,0,0,18-APR-2022,
OPTSTK,MFSL,28-Apr-2022,1020.0,CE,0.0,0.0,0.0,39.3,0.0,0,0.0,0,0,18-APR-2022,
OPTSTK,MFSL,28-Apr-2022,1030.0,CE,0.0,0.0,0.0,0.25,0.0,0,0.0,0,0,18-APR-2022,
OPTSTK,MFSL,28-Apr-2022,1040.0,CE,0.0,0.0,0.0,34.55,0.0,0,0.0,0,0,18-APR-2022,
OPTSTK,MFSL,28-Apr-2022,1050.0,CE,0.0,0.0,0.0,0.15,0.0,0,0.0,0,0,18-APR-2022,
OPTSTK,MFSL,28-Apr-2022,1060.0,CE,0.0,0.0,0.0,30.25,0.0,0,0.0,0,0,18-APR-2022,
OPTSTK,MFSL,28-Apr-2022,1070.0,CE,0.0,0.0,0.0,0.1,0.0,0,0.0,0,0,18-APR-2022,
OPTSTK,MFSL,28-Apr-2022,1080.0,CE,0.0,0.0,0.0,26.4,0.0,0,0.0,0,0,18-APR-2022,
OPTSTK,MFSL,28-Apr-2022,1090.0,CE,0.0,0.0,0.0,0.1,0.0,0,0.0,0,0,18-APR-2022,
OPTSTK,MFSL,28-Apr-2022,1100.0,CE,0.0,0.0,0.0,23.0,0.0,0,0.0,0,0,18-APR-2022,
OPTSTK,MFSL,28-Apr-2022,1120.0,CE,0.0,0.0,0.0,20.05,0.0,0,0.0,0,0,18-APR-2022,
OPTSTK,MFSL,28-Apr-2022,1140.0,CE,0.0,0.0,0.0,17.4,0.0,0,0.0,0,0,18-APR-2022,
OPTSTK,MFSL,28-Apr-2022,1160.0,CE,0.0,0.0,0.0,15.05,0.0,0,0.0,0,0,18-APR-2022,
OPTSTK,MFSL,28-Apr-2022,1180.0,CE,0.0,0.0,0.0,13.05,0.0,0,0.0,0,0,18-APR-2022,
OPTSTK,MFSL,28-Apr-2022,1200.0,CE,0.0,0.0,0.0,11.25,0.0,0,0.0,0,0,18-APR-2022,
OPTSTK,MFSL,28-Apr-2022,1220.0,CE,0.0,0.0,0.0,9.7,0.0,0,0.0,0,0,18-APR-2022,
OPTSTK,MFSL,28-Apr-2022,1240.0,CE,0.0,0.0,0.0,8.35,0.0,0,0.0,0,0,18-APR-2022,
OPTSTK,MFSL,28-Apr-2022,1260.0,CE,0.0,0.0,0.0,7.15,0.0,0,0.0,0,0,18-APR-2022,
OPTSTK,MFSL,28-Apr-2022,1280.0,CE,0.0,0.0,0.0,6.15,0.0,0,0.0,0,0,18-APR-2022,
OPTSTK,MFSL,28-Apr-2022,1300.0,CE,0.0,0.0,0.0,5.25,0.0,0,0.0,0,0,18-APR-2022,
OPTSTK,MFSL,28-Apr-2022,500.0,PE,0.0,0.0,0.0,0.2,0.0,0,0.0,0,0,18-APR-2022,
OPTSTK,MFSL,28-Apr-2022,510.0,PE,0.0,0.0,0.0,0.05,0.0,0,0.0,0,0,18-APR-2022,
OPTSTK,MFSL,28-Apr-2022,520.0,PE,0.0,0.0,0.0,0.35,0.0,0,0.0,0,0,18-APR-2022,
OPTSTK,MFSL,28-Apr-2022,530.0,PE,0.0,0.0,0.0,0.05,0.0,0,0.0,0,0,18-APR-2022,
OPTSTK,MFSL,28-Apr-2022,540.0,PE,0.0,0.0,0.0,0.6,0.0,0,0.0,0,0,18-APR-2022,
OPTSTK,MFSL,28-Apr-2022,550.0,PE,0.0,0.0,0.0,0.15,0.0,0,0.0,0,0,18-APR-2022,
OPTSTK,MFSL,28-Apr-2022,560.0,PE,0.0,0.0,0.0,0.95,0.0,0,0.0,0,0,18-APR-2022,
OPTSTK,MFSL,28-Apr-2022,570.0,PE,0.0,0.0,0.0,0.35,0.0,0,0.0,0,0,18-APR-2022,
OPTSTK,MFSL,28-Apr-2022,580.0,PE,0.0,0.0,0.0,1.45,0.0,0,0.0,0,0,18-APR-2022,
OPTSTK,MFSL,28-Apr-2022,590.0,PE,0.0,0.0,0.0,0.7,0.0,0,0.0,0,0,18-APR-2022,
OPTSTK,MFSL,28-Apr-2022,600.0,PE,0.0,0.0,0.0,0.5,0.0,0,0.0,5200,0,18-APR-2022,
OPTSTK,MFSL,28-Apr-2022,610.0,PE,0.0,0.0,0.0,1.45,0.05,0,0.0,0,0,18-APR-2022,
OPTSTK,MFSL,28-Apr-2022,620.0,PE,0.0,0.0,0.0,3.15,0.05,0,0.0,0,0,18-APR-2022,
OPTSTK,MFSL,28-Apr-2022,630.0,PE,0.0,0.0,0.0,2.7,0.05,0,0.0,0,0,18-APR-2022,
OPTSTK,MFSL,28-Apr-2022,640.0,PE,0.0,0.0,0.0,4.5,0.1,0,0.0,0,0,18-APR-2022,
OPTSTK,MFSL,28-Apr-2022,650.0,PE,0.0,0.0,0.0,4.7,0.15,0,0.0,0,0,18-APR-2022,
OPTSTK,MFSL,28-Apr-2022,660.0,PE,0.0,0.0,0.0,4.7,0.3,0,0.0,1300,0,18-APR-2022,
OPTSTK,MFSL,28-Apr-2022,670.0,PE,0.0,0.0,0.0,7.7,0.5,0,0.0,0,0,18-APR-2022,
OPTSTK,MFSL,28-Apr-2022,680.0,PE,0.0,0.0,0.0,3.0,0.85,0,0.0,1950,0,18-APR-2022,
OPTSTK,MFSL,28-Apr-2022,690.0,PE,0.0,0.0,0.0,12.0,1.4,0,0.0,0,0,18-APR-2022,
OPTSTK,MFSL,28-Apr-2022,700.0,PE,4.0,4.0,4.0,4.0,2.15,1,4.57,14300,650,18-APR-2022,
OPTSTK,MFSL,28-Apr-2022,710.0,PE,0.0,0.0,0.0,17.7,3.25,0,0.0,0,0,18-APR-2022,
OPTSTK,MFSL,28-Apr-2022,720.0,PE,0.0,0.0,0.0,10.45,4.75,0,0.0,3250,0,18-APR-2022,
OPTSTK,MFSL,28-Apr-2022,730.0,PE,0.0,0.0,0.0,10.0,6.75,0,0.0,2600,0,18-APR-2022,
OPTSTK,MFSL,28-Apr-2022,740.0,PE,8.0,11.9,8.0,11.85,9.25,4,19.49,14950,-650,18-APR-2022,
OPTSTK,MFSL,28-Apr-2022,750.0,PE,0.0,0.0,0.0,11.6,12.45,0,0.0,3250,0,18-APR-2022,
OPTSTK,MFSL,28-Apr-2022,760.0,PE,21.0,21.0,12.45,12.45,16.25,11,55.63,16900,1300,18-APR-2022,
OPTSTK,MFSL,28-Apr-2022,770.0,PE,0.0,0.0,0.0,17.85,20.8,0,0.0,1300,0,18-APR-2022,
OPTSTK,MFSL,28-Apr-2022,780.0,PE,24.0,27.15,19.0,24.2,24.2,10,52.23,9750,650,18-APR-2022,
OPTSTK,MFSL,28-Apr-2022,790.0,PE,0.0,0.0,0.0,57.3,31.95,0,0.0,0,0,18-APR-2022,
OPTSTK,MFSL,28-Apr-2022,800.0,PE,26.0,45.15,26.0,45.15,38.5,3,16.28,5200,650,18-APR-2022,
OPTSTK,MFSL,28-Apr-2022,810.0,PE,0.0,0.0,0.0,71.2,45.7,0,0.0,0,0,18-APR-2022,
OPTSTK,MFSL,28-Apr-2022,820.0,PE,0.0,0.0,0.0,41.6,53.4,0,0.0,0,0,18-APR-2022,
OPTSTK,MFSL,28-Apr-2022,830.0,PE,0.0,0.0,0.0,86.4,61.6,0,0.0,0,0,18-APR-2022,
OPTSTK,MFSL,28-Apr-2022,840.0,PE,0.0,0.0,0.0,49.4,70.15,0,0.0,0,0,18-APR-2022,
OPTSTK,MFSL,28-Apr-2022,850.0,PE,0.0,0.0,0.0,102.7,79.1,0,0.0,0,0,18-APR-2022,
OPTSTK,MFSL,28-Apr-2022,860.0,PE,0.0,0.0,0.0,58.0,88.25,0,0.0,0,0,18-APR-2022,
OPTSTK,MFSL,28-Apr-2022,870.0,PE,0.0,0.0,0.0,119.9,97.65,0,0.0,0,0,18-APR-2022,
OPTSTK,MFSL,28-Apr-2022,880.0,PE,0.0,0.0,0.0,67.45,107.2,0,0.0,0,0,18-APR-2022,
OPTSTK,MFSL,28-Apr-2022,890.0,PE,0.0,0.0,0.0,137.85,116.9,0,0.0,0,0,18-APR-2022,
OPTSTK,MFSL,28-Apr-2022,900.0,PE,0.0,0.0,0.0,77.65,126.65,0,0.0,0,0,18-APR-2022,
OPTSTK,MFSL,28-Apr-2022,910.0,PE,0.0,0.0,0.0,156.35,136.5,0,0.0,0,0,18-APR-2022,
OPTSTK,MFSL,28-Apr-2022,920.0,PE,0.0,0.0,0.0,88.7,146.35,0,0.0,0,0,18-APR-2022,
OPTSTK,MFSL,28-Apr-2022,930.0,PE,0.0,0.0,0.0,175.25,156.3,0,0.0,0,0,18-APR-2022,
OPTSTK,MFSL,28-Apr-2022,940.0,PE,0.0,0.0,0.0,100.45,166.25,0,0.0,0,0,18-APR-2022,
OPTSTK,MFSL,28-Apr-2022,950.0,PE,0.0,0.0,0.0,194.5,176.2,0,0.0,0,0,18-APR-2022,
OPTSTK,MFSL,28-Apr-2022,960.0,PE,0.0,0.0,0.0,112.95,186.15,0,0.0,0,0,18-APR-2022,
OPTSTK,MFSL,28-Apr-2022,970.0,PE,0.0,0.0,0.0,213.95,196.15,0,0.0,0,0,18-APR-2022,
OPTSTK,MFSL,28-Apr-2022,980.0,PE,0.0,0.0,0.0,126.15,206.15,0,0.0,0,0,18-APR-2022,
OPTSTK,MFSL,28-Apr-2022,990.0,PE,0.0,0.0,0.0,233.6,216.1,0,0.0,0,0,18-APR-2022,
OPTSTK,MFSL,28-Apr-2022,1000.0,PE,0.0,0.0,0.0,139.95,226.1,0,0.0,0,0,18-APR-2022,
OPTSTK,MFSL,28-Apr-2022,1010.0,PE,0.0,0.0,0.0,253.3,236.1,0,0.0,0,0,18-APR-2022,
OPTSTK,MFSL,28-Apr-2022,1020.0,PE,0.0,0.0,0.0,154.35,246.05,0,0.0,0,0,18-APR-2022,
OPTSTK,MFSL,28-Apr-2022,1030.0,PE,0.0,0.0,0.0,273.1,256.05,0,0.0,0,0,18-APR-2022,
OPTSTK,MFSL,28-Apr-2022,1040.0,PE,0.0,0.0,0.0,169.4,266.05,0,0.0,0,0,18-APR-2022,
OPTSTK,MFSL,28-Apr-2022,1050.0,PE,0.0,0.0,0.0,292.95,276.05,0,0.0,0,0,18-APR-2022,
OPTSTK,MFSL,28-Apr-2022,1060.0,PE,0.0,0.0,0.0,184.9,286.05,0,0.0,0,0,18-APR-2022,
OPTSTK,MFSL,28-Apr-2022,1070.0,PE,0.0,0.0,0.0,312.85,296.0,0,0.0,0,0,18-APR-2022,
OPTSTK,MFSL,28-Apr-2022,1080.0,PE,0.0,0.0,0.0,200.85,306.0,0,0.0,0,0,18-APR-2022,
OPTSTK,MFSL,28-Apr-2022,1090.0,PE,0.0,0.0,0.0,312.75,316.0,0,0.0,0,0,18-APR-2022,
OPTSTK,MFSL,28-Apr-2022,1100.0,PE,0.0,0.0,0.0,217.25,326.0,0,0.0,0,0,18-APR-2022,
OPTSTK,MFSL,28-Apr-2022,1120.0,PE,0.0,0.0,0.0,234.05,345.95,0,0.0,0,0,18-APR-2022,
OPTSTK,MFSL,28-Apr-2022,1140.0,PE,0.0,0.0,0.0,251.2,365.95,0,0.0,0,0,18-APR-2022,
OPTSTK,MFSL,28-Apr-2022,1160.0,PE,0.0,0.0,0.0,268.7,385.9,0,0.0,0,0,18-APR-2022,
OPTSTK,MFSL,28-Apr-2022,1180.0,PE,0.0,0.0,0.0,286.45,405.9,0,0.0,0,0,18-APR-2022,
OPTSTK,MFSL,28-Apr-2022,1200.0,PE,0.0,0.0,0.0,304.45,425.85,0,0.0,0,0,18-APR-2022,
OPTSTK,MFSL,28-Apr-2022,1220.0,PE,0.0,0.0,0.0,322.7,445.85,0,0.0,0,0,18-APR-2022,
OPTSTK,MFSL,28-Apr-2022,1240.0,PE,0.0,0.0,0.0,341.15,465.8,0,0.0,0,0,18-APR-2022,
OPTSTK,MFSL,28-Apr-2022,1260.0,PE,0.0,0.0,0.0,359.75,485.8,0,0.0,0,0,18-APR-2022,
OPTSTK,MFSL,28-Apr-2022,1280.0,PE,0.0,0.0,0.0,378.5,505.8,0,0.0,0,0,18-APR-2022,
OPTSTK,MFSL,28-Apr-2022,1300.0,PE,0.0,0.0,0.0,397.45,525.75,0,0.0,0,0,18-APR-2022,
OPTSTK,MFSL,26-May-2022,500.0,CE,0.0,0.0,0.0,315.65,275.05,0,0.0,0,0,18-APR-2022,
OPTSTK,MFSL,26-May-2022,510.0,CE,0.0,0.0,0.0,247.65,265.1,0,0.0,0,0,18-APR-2022,
OPTSTK,MFSL,26-May-2022,520.0,CE,0.0,0.0,0.0,296.3,255.2,0,0.0,0,0,18-APR-2022,
OPTSTK,MFSL,26-May-2022,530.0,CE,0.0,0.0,0.0,228.2,245.25,0,0.0,0,0,18-APR-2022,
OPTSTK,MFSL,26-May-2022,540.0,CE,0.0,0.0,0.0,277.15,235.35,0,0.0,0,0,18-APR-2022,
OPTSTK,MFSL,26-May-2022,550.0,CE,0.0,0.0,0.0,208.95,225.5,0,0.0,0,0,18-APR-2022,
OPTSTK,MFSL,26-May-2022,560.0,CE,0.0,0.0,0.0,258.3,215.65,0,0.0,0,0,18-APR-2022,
OPTSTK,MFSL,26-May-2022,570.0,CE,0.0,0.0,0.0,190.1,205.85,0,0.0,0,0,18-APR-2022,
OPTSTK,MFSL,26-May-2022,580.0,CE,0.0,0.0,0.0,239.8,196.1,0,0.0,0,0,18-APR-2022,
OPTSTK,MFSL,26-May-2022,590.0,CE,0.0,0.0,0.0,171.75,186.45,0,0.0,0,0,18-APR-2022,
OPTSTK,MFSL,26-May-2022,600.0,CE,0.0,0.0,0.0,221.7,176.85,0,0.0,0,0,18-APR-2022,
OPTSTK,MFSL,26-May-2022,610.0,CE,0.0,0.0,0.0,153.95,167.4,0,0.0,0,0,18-APR-2022,
OPTSTK,MFSL,26-May-2022,620.0,CE,0.0,0.0,0.0,204.15,158.0,0,0.0,0,0,18-APR-2022,
OPTSTK,MFSL,26-May-2022,630.0,CE,0.0,0.0,0.0,136.95,148.8,0,0.0,0,0,18-APR-2022,
OPTSTK,MFSL,26-May-2022,640.0,CE,0.0,0.0,0.0,187.2,139.75,0,0.0,0,0,18-APR-2022,
OPTSTK,MFSL,26-May-2022,650.0,CE,0.0,0.0,0.0,120.85,130.9,0,0.0,0,0,18-APR-2022,
OPTSTK,MFSL,26-May-2022,660.0,CE,0.0,0.0,0.0,170.95,122.3,0,0.0,0,0,18-APR-2022,
OPTSTK,MFSL,26-May-2022,670.0,CE,0.0,0.0,0.0,105.75,113.9,0,0.0,0,0,18-APR-2022,
OPTSTK,MFSL,26-May-2022,680.0,CE,0.0,0.0,0.0,155.4,105.75,0,0.0,0,0,18-APR-2022,
OPTSTK,MFSL,26-May-2022,690.0,CE,0.0,0.0,0.0,91.75,97.9,0,0.0,0,0,18-APR-2022,
OPTSTK,MFSL,26-May-2022,700.0,CE,0.0,0.0,0.0,140.7,90.35,0,0.0,0,0,18-APR-2022,
OPTSTK,MFSL,26-May-2022,710.0,CE,0.0,0.0,0.0,78.9,83.1,0,0.0,0,0,18-APR-2022,
OPTSTK,MFSL,26-May-2022,720.0,CE,0.0,0.0,0.0,126.8,76.2,0,0.0,0,0,18-APR-2022,
OPTSTK,MFSL,26-May-2022,730.0,CE,0.0,0.0,0.0,67.3,69.65,0,0.0,0,0,18-APR-2022,
OPTSTK,MFSL,26-May-2022,740.0,CE,0.0,0.0,0.0,113.75,63.45,0,0.0,0,0,18-APR-2022,
OPTSTK,MFSL,26-May-2022,750.0,CE,0.0,0.0,0.0,56.95,57.65,0,0.0,0,0,18-APR-2022,
OPTSTK,MFSL,26-May-2022,760.0,CE,0.0,0.0,0.0,101.7,52.15,0,0.0,0,0,18-APR-2022,
OPTSTK,MFSL,26-May-2022,770.0,CE,0.0,0.0,0.0,47.75,47.05,0,0.0,0,0,18-APR-2022,
OPTSTK,MFSL,26-May-2022,780.0,CE,0.0,0.0,0.0,90.5,42.3,0,0.0,0,0,18-APR-2022,
OPTSTK,MFSL,26-May-2022,790.0,CE,0.0,0.0,0.0,39.75,37.95,0,0.0,0,0,18-APR-2022,
OPTSTK,MFSL,26-May-2022,800.0,CE,0.0,0.0,0.0,80.25,33.9,0,0.0,0,0,18-APR-2022,
OPTSTK,MFSL,26-May-2022,810.0,CE,0.0,0.0,0.0,32.8,30.2,0,0.0,0,0,18-APR-2022,
OPTSTK,MFSL,26-May-2022,820.0,CE,0.0,0.0,0.0,70.85,26.8,0,0.0,0,0,18-APR-2022,
OPTSTK,MFSL,26-May-2022,830.0,CE,0.0,0.0,0.0,26.9,23.75,0,0.0,0,0,18-APR-2022,
OPTSTK,MFSL,26-May-2022,840.0,CE,0.0,0.0,0.0,62.3,20.95,0,0.0,0,0,18-APR-2022,
OPTSTK,MFSL,26-May-2022,850.0,CE,0.0,0.0,0.0,21.9,18.45,0,0.0,0,0,18-APR-2022,
OPTSTK,MFSL,26-May-2022,860.0,CE,0.0,0.0,0.0,54.6,16.2,0,0.0,0,0,18-APR-2022,
OPTSTK,MFSL,26-May-2022,870.0,CE,0.0,0.0,0.0,17.7,14.15,0,0.0,0,0,18-APR-2022,
OPTSTK,MFSL,26-May-2022,880.0,CE,0.0,0.0,0.0,47.7,12.35,0,0.0,0,0,18-APR-2022,
OPTSTK,MFSL,26-May-2022,890.0,CE,0.0,0.0,0.0,14.2,10.75,0,0.0,0,0,18-APR-2022,
OPTSTK,MFSL,26-May-2022,900.0,CE,0.0,0.0,0.0,41.5,9.3,0,0.0,0,0,18-APR-2022,
OPTSTK,MFSL,26-May-2022,910.0,CE,0.0,0.0,0.0,11.3,8.05,0,0.0,0,0,18-APR-2022,
OPTSTK,MFSL,26-May-2022,920.0,CE,0.0,0.0,0.0,36.0,6.95,0,0.0,0,0,18-APR-2022,
OPTSTK,MFSL,26-May-2022,930.0,CE,0.0,0.0,0.0,8.95,5.95,0,0.0,0,0,18-APR-2022,
OPTSTK,MFSL,26-May-2022,940.0,CE,0.0,0.0,0.0,31.2,5.15,0,0.0,0,0,18-APR-2022,
OPTSTK,MFSL,26-May-2022,950.0,CE,0.0,0.0,0.0,7.05,4.4,0,0.0,0,0,18-APR-2022,
OPTSTK,MFSL,26-May-2022,960.0,CE,0.0,0.0,0.0,26.9,3.75,0,0.0,0,0,18-APR-2022,
OPTSTK,MFSL,26-May-2022,970.0,CE,0.0,0.0,0.0,5.55,3.2,0,0.0,0,0,18-APR-2022,
OPTSTK,MFSL,26-May-2022,980.0,CE,0.0,0.0,0.0,23.15,2.7,0,0.0,0,0,18-APR-2022,
OPTSTK,MFSL,26-May-2022,990.0,CE,0.0,0.0,0.0,4.3,2.3,0,0.0,0,0,18-APR-2022,
OPTSTK,MFSL,26-May-2022,1000.0,CE,0.0,0.0,0.0,19.85,1.95,0,0.0,0,0,18-APR-2022,
OPTSTK,MFSL,26-May-2022,1010.0,CE,0.0,0.0,0.0,3.35,1.65,0,0.0,0,0,18-APR-2022,
OPTSTK,MFSL,26-May-2022,1020.0,CE,0.0,0.0,0.0,16.95,1.4,0,0.0,0,0,18-APR-2022,
OPTSTK,MFSL,26-May-2022,1030.0,CE,0.0,0.0,0.0,2.6,1.15,0,0.0,0,0,18-APR-2022,
OPTSTK,MFSL,26-May-2022,1040.0,CE,0.0,0.0,0.0,14.5,1.0,0,0.0,0,0,18-APR-2022,
OPTSTK,MFSL,26-May-2022,1050.0,CE,0.0,0.0,0.0,2.0,0.85,0,0.0,0,0,18-APR-2022,
OPTSTK,MFSL,26-May-2022,1060.0,CE,0.0,0.0,0.0,12.35,0.7,0,0.0,0,0,18-APR-2022,
OPTSTK,MFSL,26-May-2022,1070.0,CE,0.0,0.0,0.0,1.5,0.6,0,0.0,0,0,18-APR-2022,
OPTSTK,MFSL,26-May-2022,1080.0,CE,0.0,0.0,0.0,10.45,0.5,0,0.0,0,0,18-APR-2022,
OPTSTK,MFSL,26-May-2022,1090.0,CE,0.0,0.0,0.0,1.45,0.4,0,0.0,0,0,18-APR-2022,
OPTSTK,MFSL,26-May-2022,1100.0,CE,0.0,0.0,0.0,8.85,0.35,0,0.0,0,0,18-APR-2022,
OPTSTK,MFSL,26-May-2022,1120.0,CE,0.0,0.0,0.0,7.5,0.25,0,0.0,0,0,18-APR-2022,
OPTSTK,MFSL,26-May-2022,1140.0,CE,0.0,0.0,0.0,6.35,0.15,0,0.0,0,0,18-APR-2022,
OPTSTK,MFSL,26-May-2022,1160.0,CE,0.0,0.0,0.0,5.35,0.1,0,0.0,0,0,18-APR-2022,
OPTSTK,MFSL,26-May-2022,1180.0,CE,0.0,0.0,0.0,4.5,0.1,0,0.0,0,0,18-APR-2022,
OPTSTK,MFSL,26-May-2022,1200.0,CE,0.0,0.0,0.0,3.75,0.05,0,0.0,0,0,18-APR-2022,
OPTSTK,MFSL,26-May-2022,500.0,PE,0.0,0.0,0.0,0.65,0.05,0,0.0,0,0,18-APR-2022,
OPTSTK,MFSL,26-May-2022,510.0,PE,0.0,0.0,0.0,0.45,0.05,0,0.0,0,0,18-APR-2022,
OPTSTK,MFSL,26-May-2022,520.0,PE,0.0,0.0,0.0,1.1,0.1,0,0.0,0,0,18-APR-2022,
OPTSTK,MFSL,26-May-2022,530.0,PE,0.0,0.0,0.0,0.85,0.15,0,0.0,0,0,18-APR-2022,
OPTSTK,MFSL,26-May-2022,540.0,PE,0.0,0.0,0.0,1.75,0.2,0,0.0,0,0,18-APR-2022,
OPTSTK,MFSL,26-May-2022,550.0,PE,0.0,0.0,0.0,1.5,0.25,0,0.0,0,0,18-APR-2022,
OPTSTK,MFSL,26-May-2022,560.0,PE,0.0,0.0,0.0,2.7,0.4,0,0.0,0,0,18-APR-2022,
OPTSTK,MFSL,26-May-2022,570.0,PE,0.0,0.0,0.0,2.5,0.55,0,0.0,0,0,18-APR-2022,
OPTSTK,MFSL,26-May-2022,580.0,PE,0.0,0.0,0.0,3.95,0.75,0,0.0,0,0,18-APR-2022,
OPTSTK,MFSL,26-May-2022,590.0,PE,0.0,0.0,0.0,4.0,1.05,0,0.0,0,0,18-APR-2022,
OPTSTK,MFSL,26-May-2022,600.0,PE,0.0,0.0,0.0,5.7,1.4,0,0.0,0,0,18-APR-2022,
OPTSTK,MFSL,26-May-2022,610.0,PE,0.0,0.0,0.0,6.1,1.9,0,0.0,0,0,18-APR-2022,
OPTSTK,MFSL,26-May-2022,620.0,PE,0.0,0.0,0.0,7.95,2.5,0,0.0,0,0,18-APR-2022,
OPTSTK,MFSL,26-May-2022,630.0,PE,0.0,0.0,0.0,9.0,3.25,0,0.0,0,0,18-APR-2022,
OPTSTK,MFSL,26-May-2022,640.0,PE,0.0,0.0,0.0,10.75,4.15,0,0.0,0,0,18-APR-2022,
OPTSTK,MFSL,26-May-2022,650.0,PE,0.0,0.0,0.0,12.75,5.25,0,0.0,0,0,18-APR-2022,
OPTSTK,MFSL,26-May-2022,660.0,PE,0.0,0.0,0.0,14.3,6.55,0,0.0,0,0,18-APR-2022,
OPTSTK,MFSL,26-May-2022,670.0,PE,0.0,0.0,0.0,17.55,8.1,0,0.0,0,0,18-APR-2022,
OPTSTK,MFSL,26-May-2022,680.0,PE,0.0,0.0,0.0,18.55,9.95,0,0.0,0,0,18-APR-2022,
OPTSTK,MFSL,26-May-2022,690.0,PE,0.0,0.0,0.0,23.35,12.05,0,0.0,0,0,18-APR-2022,
OPTSTK,MFSL,26-May-2022,700.0,PE,0.0,0.0,0.0,23.6,14.45,0,0.0,0,0,18-APR-2022,
OPTSTK,MFSL,26-May-2022,710.0,PE,0.0,0.0,0.0,30.4,17.2,0,0.0,0,0,18-APR-2022,
OPTSTK,MFSL,26-May-2022,720.0,PE,0.0,0.0,0.0,29.5,20.2,0,0.0,0,0,18-APR-2022,
OPTSTK,MFSL,26-May-2022,730.0,PE,0.0,0.0,0.0,38.7,23.6,0,0.0,0,0,18-APR-2022,
OPTSTK,MFSL,26-May-2022,740.0,PE,0.0,0.0,0.0,36.25,27.4,0,0.0,0,0,18-APR-2022,
OPTSTK,MFSL,26-May-2022,750.0,PE,0.0,0.0,0.0,48.2,31.5,0,0.0,0,0,18-APR-2022,
OPTSTK,MFSL,26-May-2022,760.0,PE,0.0,0.0,0.0,44.0,36.0,0,0.0,0,0,18-APR-2022,
OPTSTK,MFSL,26-May-2022,770.0,PE,0.0,0.0,0.0,58.9,40.85,0,0.0,0,0,18-APR-2022,
OPTSTK,MFSL,26-May-2022,780.0,PE,0.0,0.0,0.0,52.6,46.1,0,0.0,0,0,18-APR-2022,
OPTSTK,MFSL,26-May-2022,790.0,PE,0.0,0.0,0.0,70.75,51.65,0,0.0,0,0,18-APR-2022,
OPTSTK,MFSL,26-May-2022,800.0,PE,0.0,0.0,0.0,62.1,57.55,0,0.0,0,0,18-APR-2022,
OPTSTK,MFSL,26-May-2022,810.0,PE,0.0,0.0,0.0,83.65,63.8,0,0.0,0,0,18-APR-2022,
OPTSTK,MFSL,26-May-2022,820.0,PE,0.0,0.0,0.0,72.5,70.4,0,0.0,0,0,18-APR-2022,
OPTSTK,MFSL,26-May-2022,830.0,PE,0.0,0.0,0.0,97.6,77.25,0,0.0,0,0,18-APR-2022,
OPTSTK,MFSL,26-May-2022,840.0,PE,0.0,0.0,0.0,83.8,84.45,0,0.0,0,0,18-APR-2022,
OPTSTK,MFSL,26-May-2022,850.0,PE,0.0,0.0,0.0,112.5,91.9,0,0.0,0,0,18-APR-2022,
OPTSTK,MFSL,26-May-2022,860.0,PE,0.0,0.0,0.0,95.85,99.6,0,0.0,0,0,18-APR-2022,
OPTSTK,MFSL,26-May-2022,870.0,PE,0.0,0.0,0.0,128.15,107.5,0,0.0,0,0,18-APR-2022,
OPTSTK,MFSL,26-May-2022,880.0,PE,0.0,0.0,0.0,108.75,115.65,0,0.0,0,0,18-APR-2022,
OPTSTK,MFSL,26-May-2022,890.0,PE,0.0,0.0,0.0,144.5,124.0,0,0.0,0,0,18-APR-2022,
OPTSTK,MFSL,26-May-2022,900.0,PE,0.0,0.0,0.0,122.35,132.55,0,0.0,0,0,18-APR-2022,
OPTSTK,MFSL,26-May-2022,910.0,PE,0.0,0.0,0.0,161.5,141.25,0,0.0,0,0,18-APR-2022,
OPTSTK,MFSL,26-May-2022,920.0,PE,0.0,0.0,0.0,136.65,150.1,0,0.0,0,0,18-APR-2022,
OPTSTK,MFSL,26-May-2022,930.0,PE,0.0,0.0,0.0,179.05,159.05,0,0.0,0,0,18-APR-2022,
OPTSTK,MFSL,26-May-2022,940.0,PE,0.0,0.0,0.0,151.6,168.2,0,0.0,0,0,18-APR-2022,
OPTSTK,MFSL,26-May-2022,950.0,PE,0.0,0.0,0.0,197.0,177.4,0,0.0,0,0,18-APR-2022,
OPTSTK,MFSL,26-May-2022,960.0,PE,0.0,0.0,0.0,167.1,186.7,0,0.0,0,0,18-APR-2022,
OPTSTK,MFSL,26-May-2022,970.0,PE,0.0,0.0,0.0,215.35,196.1,0,0.0,0,0,18-APR-2022,
OPTSTK,MFSL,26-May-2022,980.0,PE,0.0,0.0,0.0,183.1,205.6,0,0.0,0,0,18-APR-2022,
OPTSTK,MFSL,26-May-2022,990.0,PE,0.0,0.0,0.0,234.0,215.15,0,0.0,0,0,18-APR-2022,
OPTSTK,MFSL,26-May-2022,1000.0,PE,0.0,0.0,0.0,199.6,224.75,0,0.0,0,0,18-APR-2022,
OPTSTK,MFSL,26-May-2022,1010.0,PE,0.0,0.0,0.0,252.9,234.4,0,0.0,0,0,18-APR-2022,
OPTSTK,MFSL,26-May-2022,1020.0,PE,0.0,0.0,0.0,216.55,244.1,0,0.0,0,0,18-APR-2022,
OPTSTK,MFSL,26-May-2022,1030.0,PE,0.0,0.0,0.0,272.0,253.8,0,0.0,0,0,18-APR-2022,
OPTSTK,MFSL,26-May-2022,1040.0,PE,0.0,0.0,0.0,233.85,263.6,0,0.0,0,0,18-APR-2022,
OPTSTK,MFSL,26-May-2022,1050.0,PE,0.0,0.0,0.0,291.25,273.4,0,0.0,0,0,18-APR-2022,
OPTSTK,MFSL,26-May-2022,1060.0,PE,0.0,0.0,0.0,251.5,283.2,0,0.0,0,0,18-APR-2022,
OPTSTK,MFSL,26-May-2022,1070.0,PE,0.0,0.0,0.0,310.7,293.05,0,0.0,0,0,18-APR-2022,
OPTSTK,MFSL,26-May-2022,1080.0,PE,0.0,0.0,0.0,269.4,302.9,0,0.0,0,0,18-APR-2022,
OPTSTK,MFSL,26-May-2022,1090.0,PE,0.0,0.0,0.0,310.5,312.8,0,0.0,0,0,18-APR-2022,
OPTSTK,MFSL,26-May-2022,1100.0,PE,0.0,0.0,0.0,287.6,322.7,0,0.0,0,0,18-APR-2022,
OPTSTK,MFSL,26-May-2022,1120.0,PE,0.0,0.0,0.0,306.05,342.5,0,0.0,0,0,18-APR-2022,
OPTSTK,MFSL,26-May-2022,1140.0,PE,0.0,0.0,0.0,324.65,362.35,0,0.0,0,0,18-APR-2022,
OPTSTK,MFSL,26-May-2022,1160.0,PE,0.0,0.0,0.0,343.45,382.2,0,0.0,0,0,18-APR-2022,
OPTSTK,MFSL,26-May-2022,1180.0,PE,0.0,0.0,0.0,362.4,402.1,0,0.0,0,0,18-APR-2022,
OPTSTK,MFSL,26-May-2022,1200.0,PE,0.0,0.0,0.0,381.45,421.95,0,0.0,0,0,18-APR-2022,
OPTSTK,MFSL,30-Jun-2022,500.0,CE,0.0,0.0,0.0,260.75,277.6,0,0.0,0,0,18-APR-2022,
OPTSTK,MFSL,30-Jun-2022,510.0,CE,0.0,0.0,0.0,251.3,267.85,0,0.0,0,0,18-APR-2022,
OPTSTK,MFSL,30-Jun-2022,520.0,CE,0.0,0.0,0.0,241.9,258.15,0,0.0,0,0,18-APR-2022,
OPTSTK,MFSL,30-Jun-2022,530.0,CE,0.0,0.0,0.0,232.6,248.55,0,0.0,0,0,18-APR-2022,
OPTSTK,MFSL,30-Jun-2022,540.0,CE,0.0,0.0,0.0,223.4,239.0,0,0.0,0,0,18-APR-2022,
OPTSTK,MFSL,30-Jun-2022,550.0,CE,0.0,0.0,0.0,214.35,229.5,0,0.0,0,0,18-APR-2022,
OPTSTK,MFSL,30-Jun-2022,560.0,CE,0.0,0.0,0.0,205.4,220.15,0,0.0,0,0,18-APR-2022,
OPTSTK,MFSL,30-Jun-2022,570.0,CE,0.0,0.0,0.0,196.6,210.85,0,0.0,0,0,18-APR-2022,
OPTSTK,MFSL,30-Jun-2022,580.0,CE,0.0,0.0,0.0,187.95,201.7,0,0.0,0,0,18-APR-2022,
OPTSTK,MFSL,30-Jun-2022,590.0,CE,0.0,0.0,0.0,179.45,192.65,0,0.0,0,0,18-APR-2022,
OPTSTK,MFSL,30-Jun-2022,600.0,CE,0.0,0.0,0.0,171.15,183.75,0,0.0,0,0,18-APR-2022,
OPTSTK,MFSL,30-Jun-2022,610.0,CE,0.0,0.0,0.0,163.05,175.05,0,0.0,0,0,18-APR-2022,
OPTSTK,MFSL,30-Jun-2022,620.0,CE,0.0,0.0,0.0,155.1,166.5,0,0.0,0,0,18-APR-2022,
OPTSTK,MFSL,30-Jun-2022,630.0,CE,0.0,0.0,0.0,147.4,158.1,0,0.0,0,0,18-APR-2022,
OPTSTK,MFSL,30-Jun-2022,640.0,CE,0.0,0.0,0.0,139.9,149.9,0,0.0,0,0,18-APR-2022,
OPTSTK,MFSL,30-Jun-2022,650.0,CE,0.0,0.0,0.0,132.6,141.95,0,0.0,0,0,18-APR-2022,
OPTSTK,MFSL,30-Jun-2022,660.0,CE,0.0,0.0,0.0,125.55,134.2,0,0.0,0,0,18-APR-2022,
OPTSTK,MFSL,30-Jun-2022,670.0,CE,0.0,0.0,0.0,118.7,126.7,0,0.0,0,0,18-APR-2022,
OPTSTK,MFSL,30-Jun-2022,680.0,CE,0.0,0.0,0.0,112.1,119.4,0,0.0,0,0,18-APR-2022,
OPTSTK,MFSL,30-Jun-2022,690.0,CE,0.0,0.0,0.0,105.75,112.35,0,0.0,0,0,18-APR-2022,
OPTSTK,MFSL,30-Jun-2022,700.0,CE,0.0,0.0,0.0,99.65,105.55,0,0.0,0,0,18-APR-2022,
OPTSTK,MFSL,30-Jun-2022,710.0,CE,0.0,0.0,0.0,93.75,99.05,0,0.0,0,0,18-APR-2022,
OPTSTK,MFSL,30-Jun-2022,720.0,CE,0.0,0.0,0.0,88.15,92.75,0,0.0,0,0,18-APR-2022,
OPTSTK,MFSL,30-Jun-2022,730.0,CE,0.0,0.0,0.0,82.75,86.75,0,0.0,0,0,18-APR-2022,
OPTSTK,MFSL,30-Jun-2022,740.0,CE,0.0,0.0,0.0,77.6,81.05,0,0.0,0,0,18-APR-2022,
OPTSTK,MFSL,30-Jun-2022,750.0,CE,0.0,0.0,0.0,72.7,75.55,0,0.0,0,0,18-APR-2022,
OPTSTK,MFSL,30-Jun-2022,760.0,CE,0.0,0.0,0.0,68.05,70.35,0,0.0,0,0,18-APR-2022,
OPTSTK,MFSL,30-Jun-2022,770.0,CE,0.0,0.0,0.0,63.6,65.45,0,0.0,0,0,18-APR-2022,
OPTSTK,MFSL,30-Jun-2022,780.0,CE,0.0,0.0,0.0,59.4,60.75,0,0.0,0,0,18-APR-2022,
OPTSTK,MFSL,30-Jun-2022,790.0,CE,0.0,0.0,0.0,55.4,56.35,0,0.0,0,0,18-APR-2022,
OPTSTK,MFSL,30-Jun-2022,800.0,CE,0.0,0.0,0.0,51.65,52.15,0,0.0,0,0,18-APR-2022,
OPTSTK,MFSL,30-Jun-2022,810.0,CE,0.0,0.0,0.0,48.1,48.2,0,0.0,0,0,18-APR-2022,
OPTSTK,MFSL,30-Jun-2022,820.0,CE,0.0,0.0,0.0,44.7,44.5,0,0.0,0,0,18-APR-2022,
OPTSTK,MFSL,30-Jun-2022,830.0,CE,0.0,0.0,0.0,41.55,41.05,0,0.0,0,0,18-APR-2022,
OPTSTK,MFSL,30-Jun-2022,840.0,CE,0.0,0.0,0.0,38.55,37.8,0,0.0,0,0,18-APR-2022,
OPTSTK,MFSL,30-Jun-2022,850.0,CE,0.0,0.0,0.0,35.75,34.75,0,0.0,0,0,18-APR-2022,
OPTSTK,MFSL,30-Jun-2022,860.0,CE,0.0,0.0,0.0,33.15,31.95,0,0.0,0,0,18-APR-2022,
OPTSTK,MFSL,30-Jun-2022,870.0,CE,0.0,0.0,0.0,30.7,29.3,0,0.0,0,0,18-APR-2022,
OPTSTK,MFSL,30-Jun-2022,880.0,CE,0.0,0.0,0.0,28.45,26.9,0,0.0,0,0,18-APR-2022,
OPTSTK,MFSL,30-Jun-2022,890.0,CE,0.0,0.0,0.0,26.3,24.6,0,0.0,0,0,18-APR-2022,
OPTSTK,MFSL,30-Jun-2022,900.0,CE,0.0,0.0,0.0,24.3,22.5,0,0.0,0,0,18-APR-2022,
OPTSTK,MFSL,30-Jun-2022,910.0,CE,0.0,0.0,0.0,22.4,20.55,0,0.0,0,0,18-APR-2022,
OPTSTK,MFSL,30-Jun-2022,920.0,CE,0.0,0.0,0.0,20.65,18.75,0,0.0,0,0,18-APR-2022,
OPTSTK,MFSL,30-Jun-2022,930.0,CE,0.0,0.0,0.0,19.0,17.1,0,0.0,0,0,18-APR-2022,
OPTSTK,MFSL,30-Jun-2022,940.0,CE,0.0,0.0,0.0,17.5,15.55,0,0.0,0,0,18-APR-2022,
OPTSTK,MFSL,30-Jun-2022,950.0,CE,0.0,0.0,0.0,16.1,14.15,0,0.0,0,0,18-APR-2022,
OPTSTK,MFSL,30-Jun-2022,960.0,CE,0.0,0.0,0.0,14.8,12.85,0,0.0,0,0,18-APR-2022,
OPTSTK,MFSL,30-Jun-2022,970.0,CE,0.0,0.0,0.0,13.6,11.65,0,0.0,0,0,18-APR-2022,
OPTSTK,MFSL,30-Jun-2022,980.0,CE,0.0,0.0,0.0,12.5,10.55,0,0.0,0,0,18-APR-2022,
OPTSTK,MFSL,30-Jun-2022,990.0,CE,0.0,0.0,0.0,11.5,9.55,0,0.0,0,0,18-APR-2022,
OPTSTK,MFSL,30-Jun-2022,1000.0,CE,0.0,0.0,0.0,10.5,8.65,0,0.0,0,0,18-APR-2022,
OPTSTK,MFSL,30-Jun-2022,1010.0,CE,0.0,0.0,0.0,9.65,7.85,0,0.0,0,0,18-APR-2022,
OPTSTK,MFSL,30-Jun-2022,1020.0,CE,0.0,0.0,0.0,8.85,7.1,0,0.0,0,0,18-APR-2022,
OPTSTK,MFSL,30-Jun-2022,1030.0,CE,0.0,0.0,0.0,8.1,6.4,0,0.0,0,0,18-APR-2022,
OPTSTK,MFSL,30-Jun-2022,1040.0,CE,0.0,0.0,0.0,7.4,5.75,0,0.0,0,0,18-APR-2022,
OPTSTK,MFSL,30-Jun-2022,1050.0,CE,0.0,0.0,0.0,6.75,5.2,0,0.0,0,0,18-APR-2022,
OPTSTK,MFSL,30-Jun-2022,1060.0,CE,0.0,0.0,0.0,6.2,4.65,0,0.0,0,0,18-APR-2022,
OPTSTK,MFSL,30-Jun-2022,1070.0,CE,0.0,0.0,0.0,5.65,4.2,0,0.0,0,0,18-APR-2022,
OPTSTK,MFSL,30-Jun-2022,500.0,PE,0.0,0.0,0.0,1.6,0.55,0,0.0,0,0,18-APR-2022,
OPTSTK,MFSL,30-Jun-2022,510.0,PE,0.0,0.0,0.0,2.0,0.75,0,0.0,0,0,18-APR-2022,
OPTSTK,MFSL,30-Jun-2022,520.0,PE,0.0,0.0,0.0,2.55,0.95,0,0.0,0,0,18-APR-2022,
OPTSTK,MFSL,30-Jun-2022,530.0,PE,0.0,0.0,0.0,3.15,1.25,0,0.0,0,0,18-APR-2022,
OPTSTK,MFSL,30-Jun-2022,540.0,PE,0.0,0.0,0.0,3.85,1.6,0,0.0,0,0,18-APR-2022,
OPTSTK,MFSL,30-Jun-2022,550.0,PE,0.0,0.0,0.0,4.65,2.05,0,0.0,0,0,18-APR-2022,
OPTSTK,MFSL,30-Jun-2022,560.0,PE,0.0,0.0,0.0,5.6,2.6,0,0.0,0,0,18-APR-2022,
OPTSTK,MFSL,30-Jun-2022,570.0,PE,0.0,0.0,0.0,6.7,3.2,0,0.0,0,0,18-APR-2022,
OPTSTK,MFSL,30-Jun-2022,580.0,PE,0.0,0.0,0.0,7.95,4.0,0,0.0,0,0,18-APR-2022,
OPTSTK,MFSL,30-Jun-2022,590.0,PE,0.0,0.0,0.0,9.35,4.85,0,0.0,0,0,18-APR-2022,
OPTSTK,MFSL,30-Jun-2022,600.0,PE,0.0,0.0,0.0,10.95,5.9,0,0.0,0,0,18-APR-2022,
OPTSTK,MFSL,30-Jun-2022,610.0,PE,0.0,0.0,0.0,12.75,7.05,0,0.0,0,0,18-APR-2022,
OPTSTK,MFSL,30-Jun-2022,620.0,PE,0.0,0.0,0.0,14.7,8.45,0,0.0,0,0,18-APR-2022,
OPTSTK,MFSL,30-Jun-2022,630.0,PE,0.0,0.0,0.0,16.9,9.95,0,0.0,0,0,18-APR-2022,
OPTSTK,MFSL,30-Jun-2022,640.0,PE,0.0,0.0,0.0,19.25,11.7,0,0.0,0,0,18-APR-2022,
OPTSTK,MFSL,30-Jun-2022,650.0,PE,0.0,0.0,0.0,21.9,13.65,0,0.0,0,0,18-APR-2022,
OPTSTK,MFSL,30-Jun-2022,660.0,PE,0.0,0.0,0.0,24.7,15.8,0,0.0,0,0,18-APR-2022,
OPTSTK,MFSL,30-Jun-2022,670.0,PE,0.0,0.0,0.0,27.8,18.2,0,0.0,0,0,18-APR-2022,
OPTSTK,MFSL,30-Jun-2022,680.0,PE,0.0,0.0,0.0,31.05,20.85,0,0.0,0,0,18-APR-2022,
OPTSTK,MFSL,30-Jun-2022,690.0,PE,0.0,0.0,0.0,34.6,23.75,0,0.0,0,0,18-APR-2022,
OPTSTK,MFSL,30-Jun-2022,700.0,PE,0.0,0.0,0.0,38.35,26.85,0,0.0,0,0,18-APR-2022,
OPTSTK,MFSL,30-Jun-2022,710.0,PE,0.0,0.0,0.0,42.4,30.2,0,0.0,0,0,18-APR-2022,
OPTSTK,MFSL,30-Jun-2022,720.0,PE,0.0,0.0,0.0,46.65,33.85,0,0.0,0,0,18-APR-2022,
OPTSTK,MFSL,30-Jun-2022,730.0,PE,0.0,0.0,0.0,51.2,37.8,0,0.0,0,0,18-APR-2022,
OPTSTK,MFSL,30-Jun-2022,740.0,PE,0.0,0.0,0.0,55.95,41.95,0,0.0,0,0,18-APR-2022,
OPTSTK,MFSL,30-Jun-2022,750.0,PE,0.0,0.0,0.0,60.95,46.4,0,0.0,0,0,18-APR-2022,
OPTSTK,MFSL,30-Jun-2022,760.0,PE,0.0,0.0,0.0,66.15,51.15,0,0.0,0,0,18-APR-2022,
OPTSTK,MFSL,30-Jun-2022,770.0,PE,0.0,0.0,0.0,71.6,56.1,0,0.0,0,0,18-APR-2022,
OPTSTK,MFSL,30-Jun-2022,780.0,PE,0.0,0.0,0.0,77.3,61.35,0,0.0,0,0,18-APR-2022,
OPTSTK,MFSL,30-Jun-2022,790.0,PE,0.0,0.0,0.0,83.2,66.85,0,0.0,0,0,18-APR-2022,
OPTSTK,MFSL,30-Jun-2022,800.0,PE,0.0,0.0,0.0,89.35,72.6,0,0.0,0,0,18-APR-2022,
OPTSTK,MFSL,30-Jun-2022,810.0,PE,0.0,0.0,0.0,95.65,78.55,0,0.0,0,0,18-APR-2022,
OPTSTK,MFSL,30-Jun-2022,820.0,PE,0.0,0.0,0.0,102.2,84.8,0,0.0,0,0,18-APR-2022,
OPTSTK,MFSL,30-Jun-2022,830.0,PE,0.0,0.0,0.0,108.9,91.25,0,0.0,0,0,18-APR-2022,
OPTSTK,MFSL,30-Jun-2022,840.0,PE,0.0,0.0,0.0,115.85,97.9,0,0.0,0,0,18-APR-2022,
OPTSTK,MFSL,30-Jun-2022,850.0,PE,0.0,0.0,0.0,122.95,104.8,0,0.0,0,0,18-APR-2022,
OPTSTK,MFSL,30-Jun-2022,860.0,PE,0.0,0.0,0.0,130.2,111.85,0,0.0,0,0,18-APR-2022,
OPTSTK,MFSL,30-Jun-2022,870.0,PE,0.0,0.0,0.0,137.7,119.15,0,0.0,0,0,18-APR-2022,
OPTSTK,MFSL,30-Jun-2022,880.0,PE,0.0,0.0,0.0,145.3,126.65,0,0.0,0,0,18-APR-2022,
OPTSTK,MFSL,30-Jun-2022,890.0,PE,0.0,0.0,0.0,153.05,134.3,0,0.0,0,0,18-APR-2022,
OPTSTK,MFSL,30-Jun-2022,900.0,PE,0.0,0.0,0.0,160.9,142.1,0,0.0,0,0,18-APR-2022,
OPTSTK,MFSL,30-Jun-2022,910.0,PE,0.0,0.0,0.0,168.9,150.05,0,0.0,0,0,18-APR-2022,
OPTSTK,MFSL,30-Jun-2022,920.0,PE,0.0,0.0,0.0,177.05,158.15,0,0.0,0,0,18-APR-2022,
OPTSTK,MFSL,30-Jun-2022,930.0,PE,0.0,0.0,0.0,185.35,166.4,0,0.0,0,0,18-APR-2022,
OPTSTK,MFSL,30-Jun-2022,940.0,PE,0.0,0.0,0.0,193.75,174.8,0,0.0,0,0,18-APR-2022,
OPTSTK,MFSL,30-Jun-2022,950.0,PE,0.0,0.0,0.0,202.25,183.3,0,0.0,0,0,18-APR-2022,
OPTSTK,MFSL,30-Jun-2022,960.0,PE,0.0,0.0,0.0,210.85,191.9,0,0.0,0,0,18-APR-2022,
OPTSTK,MFSL,30-Jun-2022,970.0,PE,0.0,0.0,0.0,219.5,200.65,0,0.0,0,0,18-APR-2022,
OPTSTK,MFSL,30-Jun-2022,980.0,PE,0.0,0.0,0.0,228.3,209.45,0,0.0,0,0,18-APR-2022,
OPTSTK,MFSL,30-Jun-2022,990.0,PE,0.0,0.0,0.0,237.15,218.4,0,0.0,0,0,18-APR-2022,
OPTSTK,MFSL,30-Jun-2022,1000.0,PE,0.0,0.0,0.0,246.1,227.4,0,0.0,0,0,18-APR-2022,
OPTSTK,MFSL,30-Jun-2022,1010.0,PE,0.0,0.0,0.0,255.1,236.5,0,0.0,0,0,18-APR-2022,
OPTSTK,MFSL,30-Jun-2022,1020.0,PE,0.0,0.0,0.0,264.2,245.65,0,0.0,0,0,18-APR-2022,
OPTSTK,MFSL,30-Jun-2022,1030.0,PE,0.0,0.0,0.0,273.35,254.85,0,0.0,0,0,18-APR-2022,
OPTSTK,MFSL,30-Jun-2022,1040.0,PE,0.0,0.0,0.0,282.55,264.15,0,0.0,0,0,18-APR-2022,
OPTSTK,MFSL,30-Jun-2022,1050.0,PE,0.0,0.0,0.0,291.85,273.5,0,0.0,0,0,18-APR-2022,
OPTSTK,MFSL,30-Jun-2022,1060.0,PE,0.0,0.0,0.0,301.15,282.9,0,0.0,0,0,18-APR-2022,
OPTSTK,MFSL,30-Jun-2022,1070.0,PE,0.0,0.0,0.0,310.5,292.35,0,0.0,0,0,18-APR-2022,
OPTSTK,MGL,28-Apr-2022,500.0,CE,0.0,0.0,0.0,314.25,324.45,0,0.0,0,0,18-APR-2022,
OPTSTK,MGL,28-Apr-2022,510.0,CE,0.0,0.0,0.0,304.4,314.45,0,0.0,0,0,18-APR-2022,
OPTSTK,MGL,28-Apr-2022,520.0,CE,0.0,0.0,0.0,294.55,304.45,0,0.0,0,0,18-APR-2022,
OPTSTK,MGL,28-Apr-2022,530.0,CE,0.0,0.0,0.0,284.75,294.45,0,0.0,0,0,18-APR-2022,
OPTSTK,MGL,28-Apr-2022,540.0,CE,0.0,0.0,0.0,274.95,284.5,0,0.0,0,0,18-APR-2022,
OPTSTK,MGL,28-Apr-2022,550.0,CE,0.0,0.0,0.0,265.15,274.5,0,0.0,0,0,18-APR-2022,
OPTSTK,MGL,28-Apr-2022,560.0,CE,0.0,0.0,0.0,255.45,264.5,0,0.0,0,0,18-APR-2022,
OPTSTK,MGL,28-Apr-2022,570.0,CE,0.0,0.0,0.0,245.75,254.5,0,0.0,0,0,18-APR-2022,
OPTSTK,MGL,28-Apr-2022,580.0,CE,0.0,0.0,0.0,236.1,244.5,0,0.0,0,0,18-APR-2022,
OPTSTK,MGL,28-Apr-2022,590.0,CE,0.0,0.0,0.0,226.55,234.55,0,0.0,0,0,18-APR-2022,
OPTSTK,MGL,28-Apr-2022,600.0,CE,0.0,0.0,0.0,206.5,224.55,0,0.0,1800,0,18-APR-2022,
OPTSTK,MGL,28-Apr-2022,610.0,CE,0.0,0.0,0.0,207.65,214.55,0,0.0,0,0,18-APR-2022,
OPTSTK,MGL,28-Apr-2022,620.0,CE,0.0,0.0,0.0,198.4,204.55,0,0.0,0,0,18-APR-2022,
OPTSTK,MGL,28-Apr-2022,630.0,CE,0.0,0.0,0.0,189.2,194.6,0,0.0,0,0,18-APR-2022,
OPTSTK,MGL,28-Apr-2022,640.0,CE,0.0,0.0,0.0,180.2,184.6,0,0.0,0,0,18-APR-2022,
OPTSTK,MGL,28-Apr-2022,650.0,CE,0.0,0.0,0.0,171.3,174.6,0,0.0,0,0,18-APR-2022,
OPTSTK,MGL,28-Apr-2022,660.0,CE,0.0,0.0,0.0,162.55,164.6,0,0.0,0,0,18-APR-2022,
OPTSTK,MGL,28-Apr-2022,670.0,CE,0.0,0.0,0.0,154.0,154.65,0,0.0,0,0,18-APR-2022,
OPTSTK,MGL,28-Apr-2022,680.0,CE,0.0,0.0,0.0,145.65,144.65,0,0.0,0,0,18-APR-2022,
OPTSTK,MGL,28-Apr-2022,690.0,CE,0.0,0.0,0.0,137.55,134.7,0,0.0,0,0,18-APR-2022,
OPTSTK,MGL,28-Apr-2022,700.0,CE,0.0,0.0,0.0,100.0,124.7,0,0.0,2400,0,18-APR-2022,
OPTSTK,MGL,28-Apr-2022,710.0,CE,0.0,0.0,0.0,121.9,114.8,0,0.0,0,0,18-APR-2022,
OPTSTK,MGL,28-Apr-2022,720.0,CE,0.0,0.0,0.0,114.5,104.95,0,0.0,0,0,18-APR-2022,
OPTSTK,MGL,28-Apr-2022,730.0,CE,0.0,0.0,0.0,107.3,95.15,0,0.0,0,0,18-APR-2022,
OPTSTK,MGL,28-Apr-2022,740.0,CE,0.0,0.0,0.0,83.7,85.5,0,0.0,1800,0,18-APR-2022,
OPTSTK,MGL,28-Apr-2022,750.0,CE,79.3,79.3,79.3,79.3,76.05,1,4.97,9000,0,18-APR-2022,
OPTSTK,MGL,28-Apr-2022,760.0,CE,0.0,0.0,0.0,105.0,66.9,0,0.0,1200,0,18-APR-2022,
OPTSTK,MGL,28-Apr-2022,770.0,CE,60.95,60.95,60.95,60.95,60.95,1,4.98,4800,600,18-APR-2022,
OPTSTK,MGL,28-Apr-2022,780.0,CE,58.65,58.65,47.0,48.35,49.8,5,24.95,19800,600,18-APR-2022,
OPTSTK,MGL,28-Apr-2022,790.0,CE,52.65,52.65,52.65,52.65,42.1,1,5.05,22200,600,18-APR-2022,
OPTSTK,MGL,28-Apr-2022,800.0,CE,32.4,44.2,29.75,35.6,34.95,45,226.67,73200,-9000,18-APR-2022,
OPTSTK,MGL,28-Apr-2022,810.0,CE,27.25,29.0,27.25,29.0,29.0,2,10.05,15600,-600,18-APR-2022,
OPTSTK,MGL,28-Apr-2022,820.0,CE,20.2,30.4,19.4,23.5,23.5,133,673.38,55800,-1800,18-APR-2022,
OPTSTK,MGL,28-Apr-2022,830.0,CE,18.75,25.0,15.6,18.85,18.85,406,2072.01,154200,13200,18-APR-2022,
OPTSTK,MGL,28-Apr-2022,840.0,CE,14.1,20.3,11.65,14.55,14.55,432,2219.01,173400,-32400,18-APR-2022,
OPTSTK,MGL,28-Apr-2022,850.0,CE,12.9,16.15,9.75,11.45,11.45,328,1697.11,229200,-4800,18-APR-2022,
OPTSTK,MGL,28-Apr-2022,860.0,CE,8.55,12.5,7.8,8.85,8.85,183,954.48,108600,4200,18-APR-2022,
OPTSTK,MGL,28-Apr-2022,870.0,CE,6.95,10.0,6.5,6.7,6.7,59,310.66,30000,-9000,18-APR-2022,
OPTSTK,MGL,28-Apr-2022,880.0,CE,6.4,8.05,5.25,5.5,5.5,103,547.84,46800,1800,18-APR-2022,
OPTSTK,MGL,28-Apr-2022,890.0,CE,4.9,5.4,4.45,4.5,4.5,18,96.64,16200,-600,18-APR-2022,
OPTSTK,MGL,28-Apr-2022,900.0,CE,4.1,5.15,3.45,3.8,3.8,218,1182.7,226200,-11400,18-APR-2022,
OPTSTK,MGL,28-Apr-2022,910.0,CE,0.0,0.0,0.0,4.1,1.35,0,0.0,600,0,18-APR-2022,
OPTSTK,MGL,28-Apr-2022,920.0,CE,3.15,3.5,2.5,3.0,0.9,19,105.21,40800,-3600,18-APR-2022,
OPTSTK,MGL,28-Apr-2022,930.0,CE,0.0,0.0,0.0,4.2,0.6,0,0.0,6000,0,18-APR-2022,
OPTSTK,MGL,28-Apr-2022,940.0,CE,1.5,2.35,1.5,2.05,0.4,16,90.43,5400,-1200,18-APR-2022,
OPTSTK,MGL,28-Apr-2022,950.0,CE,1.75,2.05,1.5,1.65,1.65,51,291.24,68400,-4200,18-APR-2022,
OPTSTK,MGL,28-Apr-2022,960.0,CE,0.0,0.0,0.0,1.25,0.15,0,0.0,1800,0,18-APR-2022,
OPTSTK,MGL,28-Apr-2022,970.0,CE,0.0,0.0,0.0,13.3,0.1,0,0.0,0,0,18-APR-2022,
OPTSTK,MGL,28-Apr-2022,980.0,CE,0.5,1.0,0.5,1.0,1.0,3,17.65,12000,-1200,18-APR-2022,
OPTSTK,MGL,28-Apr-2022,990.0,CE,0.0,0.0,0.0,10.7,0.05,0,0.0,0,0,18-APR-2022,
OPTSTK,MGL,28-Apr-2022,1000.0,CE,1.4,1.4,1.4,1.4,1.4,1,6.0,23400,0,18-APR-2022,
OPTSTK,MGL,28-Apr-2022,1010.0,CE,0.0,0.0,0.0,8.6,0.05,0,0.0,0,0,18-APR-2022,
OPTSTK,MGL,28-Apr-2022,1020.0,CE,0.0,0.0,0.0,7.65,0.0,0,0.0,0,0,18-APR-2022,
OPTSTK,MGL,28-Apr-2022,1030.0,CE,0.0,0.0,0.0,6.85,0.0,0,0.0,0,0,18-APR-2022,
OPTSTK,MGL,28-Apr-2022,1040.0,CE,0.0,0.0,0.0,6.1,0.0,0,0.0,0,0,18-APR-2022,
OPTSTK,MGL,28-Apr-2022,1050.0,CE,0.0,0.0,0.0,5.45,0.0,0,0.0,0,0,18-APR-2022,
OPTSTK,MGL,28-Apr-2022,1060.0,CE,0.0,0.0,0.0,0.1,0.0,0,0.0,600,0,18-APR-2022,
OPTSTK,MGL,28-Apr-2022,1070.0,CE,0.0,0.0,0.0,4.3,0.0,0,0.0,0,0,18-APR-2022,
OPTSTK,MGL,28-Apr-2022,1080.0,CE,0.0,0.0,0.0,3.8,0.0,0,0.0,0,0,18-APR-2022,
OPTSTK,MGL,28-Apr-2022,1090.0,CE,0.0,0.0,0.0,3.4,0.0,0,0.0,0,0,18-APR-2022,
OPTSTK,MGL,28-Apr-2022,1100.0,CE,0.0,0.0,0.0,3.0,0.0,0,0.0,0,0,18-APR-2022,
OPTSTK,MGL,28-Apr-2022,1110.0,CE,0.0,0.0,0.0,2.65,0.0,0,0.0,0,0,18-APR-2022,
OPTSTK,MGL,28-Apr-2022,1120.0,CE,0.0,0.0,0.0,2.35,0.0,0,0.0,0,0,18-APR-2022,
OPTSTK,MGL,28-Apr-2022,1130.0,CE,0.0,0.0,0.0,2.05,0.0,0,0.0,0,0,18-APR-2022,
OPTSTK,MGL,28-Apr-2022,1140.0,CE,0.0,0.0,0.0,1.85,0.0,0,0.0,0,0,18-APR-2022,
OPTSTK,MGL,28-Apr-2022,1150.0,CE,0.0,0.0,0.0,1.6,0.0,0,0.0,0,0,18-APR-2022,
OPTSTK,MGL,28-Apr-2022,1160.0,CE,0.0,0.0,0.0,1.4,0.0,0,0.0,0,0,18-APR-2022,
OPTSTK,MGL,28-Apr-2022,1170.0,CE,0.0,0.0,0.0,1.25,0.0,0,0.0,0,0,18-APR-2022,
OPTSTK,MGL,28-Apr-2022,500.0,PE,0.0,0.0,0.0,0.1,0.0,0,0.0,0,0,18-APR-2022,
OPTSTK,MGL,28-Apr-2022,510.0,PE,0.0,0.0,0.0,0.15,0.0,0,0.0,0,0,18-APR-2022,
OPTSTK,MGL,28-Apr-2022,520.0,PE,0.0,0.0,0.0,0.2,0.0,0,0.0,0,0,18-APR-2022,
OPTSTK,MGL,28-Apr-2022,530.0,PE,0.0,0.0,0.0,0.25,0.0,0,0.0,0,0,18-APR-2022,
OPTSTK,MGL,28-Apr-2022,540.0,PE,0.0,0.0,0.0,0.35,0.0,0,0.0,0,0,18-APR-2022,
OPTSTK,MGL,28-Apr-2022,550.0,PE,0.0,0.0,0.0,0.5,0.0,0,0.0,0,0,18-APR-2022,
OPTSTK,MGL,28-Apr-2022,560.0,PE,0.0,0.0,0.0,0.65,0.0,0,0.0,0,0,18-APR-2022,
OPTSTK,MGL,28-Apr-2022,570.0,PE,0.0,0.0,0.0,0.85,0.0,0,0.0,0,0,18-APR-2022,
OPTSTK,MGL,28-Apr-2022,580.0,PE,0.0,0.0,0.0,1.1,0.0,0,0.0,0,0,18-APR-2022,
OPTSTK,MGL,28-Apr-2022,590.0,PE,0.0,0.0,0.0,1.45,0.0,0,0.0,0,0,18-APR-2022,
OPTSTK,MGL,28-Apr-2022,600.0,PE,0.0,0.0,0.0,0.3,0.0,0,0.0,600,0,18-APR-2022,
OPTSTK,MGL,28-Apr-2022,610.0,PE,0.0,0.0,0.0,2.35,0.0,0,0.0,0,0,18-APR-2022,
OPTSTK,MGL,28-Apr-2022,620.0,PE,0.0,0.0,0.0,2.95,0.0,0,0.0,0,0,18-APR-2022,
OPTSTK,MGL,28-Apr-2022,630.0,PE,0.0,0.0,0.0,3.7,0.0,0,0.0,0,0,18-APR-2022,
OPTSTK,MGL,28-Apr-2022,640.0,PE,0.0,0.0,0.0,4.55,0.0,0,0.0,0,0,18-APR-2022,
OPTSTK,MGL,28-Apr-2022,650.0,PE,0.0,0.0,0.0,1.0,0.0,0,0.0,4800,0,18-APR-2022,
OPTSTK,MGL,28-Apr-2022,660.0,PE,0.0,0.0,0.0,6.75,0.0,0,0.0,0,0,18-APR-2022,
OPTSTK,MGL,28-Apr-2022,670.0,PE,0.0,0.0,0.0,8.1,0.05,0,0.0,0,0,18-APR-2022,
OPTSTK,MGL,28-Apr-2022,680.0,PE,0.0,0.0,0.0,2.0,0.05,0,0.0,1200,0,18-APR-2022,
OPTSTK,MGL,28-Apr-2022,690.0,PE,0.0,0.0,0.0,1.5,0.05,0,0.0,0,0,18-APR-2022,
OPTSTK,MGL,28-Apr-2022,700.0,PE,0.8,1.1,0.55,1.1,0.1,6,25.22,59400,-2400,18-APR-2022,
OPTSTK,MGL,28-Apr-2022,710.0,PE,0.0,0.0,0.0,15.55,0.15,0,0.0,0,0,18-APR-2022,
OPTSTK,MGL,28-Apr-2022,720.0,PE,0.0,0.0,0.0,1.0,0.25,0,0.0,600,0,18-APR-2022,
OPTSTK,MGL,28-Apr-2022,730.0,PE,0.0,0.0,0.0,1.5,0.5,0,0.0,6600,0,18-APR-2022,
OPTSTK,MGL,28-Apr-2022,740.0,PE,1.7,1.7,1.7,1.7,0.85,1,4.45,7800,600,18-APR-2022,
OPTSTK,MGL,28-Apr-2022,750.0,PE,3.75,3.95,1.7,2.65,2.65,59,266.35,108000,-3000,18-APR-2022,
OPTSTK,MGL,28-Apr-2022,760.0,PE,2.55,3.4,2.2,3.05,3.05,17,77.8,24600,1200,18-APR-2022,
OPTSTK,MGL,28-Apr-2022,770.0,PE,3.35,5.05,3.0,4.3,4.3,17,78.95,7800,600,18-APR-2022,
OPTSTK,MGL,28-Apr-2022,780.0,PE,5.05,7.15,5.05,5.55,5.55,25,117.89,34800,-2400,18-APR-2022,
OPTSTK,MGL,28-Apr-2022,790.0,PE,8.05,8.15,7.75,7.9,7.35,9,43.09,13800,0,18-APR-2022,
OPTSTK,MGL,28-Apr-2022,800.0,PE,11.3,12.85,7.15,10.0,10.0,98,476.14,108000,-600,18-APR-2022,
OPTSTK,MGL,28-Apr-2022,810.0,PE,19.8,19.8,10.0,13.25,13.25,136,671.95,29400,-1200,18-APR-2022,
OPTSTK,MGL,28-Apr-2022,820.0,PE,16.15,21.3,13.65,18.0,18.0,95,477.32,44400,-1200,18-APR-2022,
OPTSTK,MGL,28-Apr-2022,830.0,PE,31.4,31.4,18.85,23.05,23.05,86,440.03,25800,6000,18-APR-2022,
OPTSTK,MGL,28-Apr-2022,840.0,PE,26.5,29.1,24.25,29.1,29.15,17,88.35,21600,0,18-APR-2022,
OPTSTK,MGL,28-Apr-2022,850.0,PE,31.2,38.0,31.2,38.0,35.8,2,10.61,17400,600,18-APR-2022,
OPTSTK,MGL,28-Apr-2022,860.0,PE,0.0,0.0,0.0,54.0,43.1,0,0.0,8400,0,18-APR-2022,
OPTSTK,MGL,28-Apr-2022,870.0,PE,0.0,0.0,0.0,52.05,50.9,0,0.0,600,0,18-APR-2022,
OPTSTK,MGL,28-Apr-2022,880.0,PE,0.0,0.0,0.0,106.0,59.25,0,0.0,600,0,18-APR-2022,
OPTSTK,MGL,28-Apr-2022,890.0,PE,0.0,0.0,0.0,66.75,68.05,0,0.0,1200,0,18-APR-2022,
OPTSTK,MGL,28-Apr-2022,900.0,PE,74.3,74.3,67.65,67.65,77.1,3,17.45,30000,0,18-APR-2022,
OPTSTK,MGL,28-Apr-2022,910.0,PE,0.0,0.0,0.0,116.05,86.45,0,0.0,0,0,18-APR-2022,
OPTSTK,MGL,28-Apr-2022,920.0,PE,0.0,0.0,0.0,123.7,96.0,0,0.0,0,0,18-APR-2022,
OPTSTK,MGL,28-Apr-2022,930.0,PE,0.0,0.0,0.0,131.45,105.7,0,0.0,0,0,18-APR-2022,
OPTSTK,MGL,28-Apr-2022,940.0,PE,0.0,0.0,0.0,153.0,115.45,0,0.0,1200,0,18-APR-2022,
OPTSTK,MGL,28-Apr-2022,950.0,PE,0.0,0.0,0.0,147.5,125.3,0,0.0,600,0,18-APR-2022,
OPTSTK,MGL,28-Apr-2022,960.0,PE,0.0,0.0,0.0,172.0,135.2,0,0.0,1800,0,18-APR-2022,
OPTSTK,MGL,28-Apr-2022,970.0,PE,0.0,0.0,0.0,164.2,145.15,0,0.0,0,0,18-APR-2022,
OPTSTK,MGL,28-Apr-2022,980.0,PE,0.0,0.0,0.0,197.8,155.1,0,0.0,600,0,18-APR-2022,
OPTSTK,MGL,28-Apr-2022,990.0,PE,0.0,0.0,0.0,181.45,165.1,0,0.0,0,0,18-APR-2022,
OPTSTK,MGL,28-Apr-2022,1000.0,PE,0.0,0.0,0.0,168.0,175.05,0,0.0,3600,0,18-APR-2022,
OPTSTK,MGL,28-Apr-2022,1010.0,PE,0.0,0.0,0.0,199.1,185.05,0,0.0,0,0,18-APR-2022,
OPTSTK,MGL,28-Apr-2022,1020.0,PE,0.0,0.0,0.0,208.1,195.05,0,0.0,0,0,18-APR-2022,
OPTSTK,MGL,28-Apr-2022,1030.0,PE,0.0,0.0,0.0,217.15,205.0,0,0.0,0,0,18-APR-2022,
OPTSTK,MGL,28-Apr-2022,1040.0,PE,0.0,0.0,0.0,226.3,215.0,0,0.0,0,0,18-APR-2022,
OPTSTK,MGL,28-Apr-2022,1050.0,PE,0.0,0.0,0.0,235.55,225.0,0,0.0,0,0,18-APR-2022,
OPTSTK,MGL,28-Apr-2022,1060.0,PE,0.0,0.0,0.0,261.0,235.0,0,0.0,1200,0,18-APR-2022,
OPTSTK,MGL,28-Apr-2022,1070.0,PE,0.0,0.0,0.0,254.2,244.95,0,0.0,0,0,18-APR-2022,
OPTSTK,MGL,28-Apr-2022,1080.0,PE,0.0,0.0,0.0,263.6,254.95,0,0.0,0,0,18-APR-2022,
OPTSTK,MGL,28-Apr-2022,1090.0,PE,0.0,0.0,0.0,273.1,264.95,0,0.0,0,0,18-APR-2022,
OPTSTK,MGL,28-Apr-2022,1100.0,PE,0.0,0.0,0.0,310.0,274.95,0,0.0,1800,0,18-APR-2022,
OPTSTK,MGL,28-Apr-2022,1110.0,PE,0.0,0.0,0.0,292.15,284.9,0,0.0,0,0,18-APR-2022,
OPTSTK,MGL,28-Apr-2022,1120.0,PE,0.0,0.0,0.0,301.75,294.9,0,0.0,0,0,18-APR-2022,
OPTSTK,MGL,28-Apr-2022,1130.0,PE,0.0,0.0,0.0,311.35,304.9,0,0.0,0,0,18-APR-2022,
OPTSTK,MGL,28-Apr-2022,1140.0,PE,0.0,0.0,0.0,321.0,314.9,0,0.0,0,0,18-APR-2022,
OPTSTK,MGL,28-Apr-2022,1150.0,PE,0.0,0.0,0.0,330.7,324.9,0,0.0,0,0,18-APR-2022,
OPTSTK,MGL,28-Apr-2022,1160.0,PE,0.0,0.0,0.0,340.4,334.85,0,0.0,0,0,18-APR-2022,
OPTSTK,MGL,28-Apr-2022,1170.0,PE,0.0,0.0,0.0,350.1,344.85,0,0.0,0,0,18-APR-2022,
OPTSTK,MGL,26-May-2022,500.0,CE,0.0,0.0,0.0,187.75,326.1,0,0.0,0,0,18-APR-2022,
OPTSTK,MGL,26-May-2022,510.0,CE,0.0,0.0,0.0,178.3,316.1,0,0.0,0,0,18-APR-2022,
OPTSTK,MGL,26-May-2022,520.0,CE,0.0,0.0,0.0,168.9,306.15,0,0.0,0,0,18-APR-2022,
OPTSTK,MGL,26-May-2022,530.0,CE,0.0,0.0,0.0,159.7,296.2,0,0.0,0,0,18-APR-2022,
OPTSTK,MGL,26-May-2022,540.0,CE,0.0,0.0,0.0,150.6,286.25,0,0.0,0,0,18-APR-2022,
OPTSTK,MGL,26-May-2022,550.0,CE,0.0,0.0,0.0,141.7,276.3,0,0.0,0,0,18-APR-2022,
OPTSTK,MGL,26-May-2022,560.0,CE,0.0,0.0,0.0,133.0,266.35,0,0.0,0,0,18-APR-2022,
OPTSTK,MGL,26-May-2022,570.0,CE,0.0,0.0,0.0,124.55,256.4,0,0.0,0,0,18-APR-2022,
OPTSTK,MGL,26-May-2022,580.0,CE,0.0,0.0,0.0,116.3,246.45,0,0.0,0,0,18-APR-2022,
OPTSTK,MGL,26-May-2022,590.0,CE,0.0,0.0,0.0,108.3,236.55,0,0.0,0,0,18-APR-2022,
OPTSTK,MGL,26-May-2022,600.0,CE,0.0,0.0,0.0,100.6,226.65,0,0.0,0,0,18-APR-2022,
OPTSTK,MGL,26-May-2022,610.0,CE,0.0,0.0,0.0,93.25,216.75,0,0.0,0,0,18-APR-2022,
OPTSTK,MGL,26-May-2022,620.0,CE,0.0,0.0,0.0,86.15,206.85,0,0.0,0,0,18-APR-2022,
OPTSTK,MGL,26-May-2022,630.0,CE,0.0,0.0,0.0,79.35,197.05,0,0.0,0,0,18-APR-2022,
OPTSTK,MGL,26-May-2022,640.0,CE,0.0,0.0,0.0,72.9,187.25,0,0.0,0,0,18-APR-2022,
OPTSTK,MGL,26-May-2022,650.0,CE,0.0,0.0,0.0,66.8,177.5,0,0.0,0,0,18-APR-2022,
OPTSTK,MGL,26-May-2022,660.0,CE,0.0,0.0,0.0,61.05,167.85,0,0.0,0,0,18-APR-2022,
OPTSTK,MGL,26-May-2022,670.0,CE,0.0,0.0,0.0,55.65,158.35,0,0.0,0,0,18-APR-2022,
OPTSTK,MGL,26-May-2022,680.0,CE,0.0,0.0,0.0,50.55,148.9,0,0.0,0,0,18-APR-2022,
OPTSTK,MGL,26-May-2022,690.0,CE,0.0,0.0,0.0,45.85,139.6,0,0.0,0,0,18-APR-2022,
OPTSTK,MGL,26-May-2022,700.0,CE,0.0,0.0,0.0,41.45,130.5,0,0.0,0,0,18-APR-2022,
OPTSTK,MGL,26-May-2022,710.0,CE,0.0,0.0,0.0,37.35,121.6,0,0.0,0,0,18-APR-2022,
OPTSTK,MGL,26-May-2022,720.0,CE,0.0,0.0,0.0,33.6,112.9,0,0.0,0,0,18-APR-2022,
OPTSTK,MGL,26-May-2022,730.0,CE,0.0,0.0,0.0,30.15,104.45,0,0.0,0,0,18-APR-2022,
OPTSTK,MGL,26-May-2022,740.0,CE,0.0,0.0,0.0,27.0,96.3,0,0.0,0,0,18-APR-2022,
OPTSTK,MGL,26-May-2022,750.0,CE,0.0,0.0,0.0,24.1,88.45,0,0.0,0,0,18-APR-2022,
OPTSTK,MGL,26-May-2022,760.0,CE,0.0,0.0,0.0,21.45,80.95,0,0.0,0,0,18-APR-2022,
OPTSTK,MGL,26-May-2022,770.0,CE,0.0,0.0,0.0,19.1,73.7,0,0.0,0,0,18-APR-2022,
OPTSTK,MGL,26-May-2022,780.0,CE,0.0,0.0,0.0,16.95,66.9,0,0.0,0,0,18-APR-2022,
OPTSTK,MGL,26-May-2022,790.0,CE,0.0,0.0,0.0,14.95,60.45,0,0.0,0,0,18-APR-2022,
OPTSTK,MGL,26-May-2022,800.0,CE,0.0,0.0,0.0,63.15,54.45,0,0.0,3600,0,18-APR-2022,
OPTSTK,MGL,26-May-2022,810.0,CE,0.0,0.0,0.0,11.65,48.8,0,0.0,0,0,18-APR-2022,
OPTSTK,MGL,26-May-2022,820.0,CE,0.0,0.0,0.0,10.25,43.55,0,0.0,0,0,18-APR-2022,
OPTSTK,MGL,26-May-2022,830.0,CE,0.0,0.0,0.0,9.0,38.75,0,0.0,0,0,18-APR-2022,
OPTSTK,MGL,26-May-2022,840.0,CE,0.0,0.0,0.0,7.85,34.3,0,0.0,0,0,18-APR-2022,
OPTSTK,MGL,26-May-2022,850.0,CE,30.0,30.0,28.45,28.45,30.2,4,21.11,3000,0,18-APR-2022,
OPTSTK,MGL,26-May-2022,860.0,CE,0.0,0.0,0.0,6.0,26.55,0,0.0,0,0,18-APR-2022,
OPTSTK,MGL,26-May-2022,870.0,CE,0.0,0.0,0.0,5.2,23.2,0,0.0,0,0,18-APR-2022,
OPTSTK,MGL,26-May-2022,880.0,CE,0.0,0.0,0.0,4.55,20.2,0,0.0,0,0,18-APR-2022,
OPTSTK,MGL,26-May-2022,890.0,CE,0.0,0.0,0.0,3.95,17.5,0,0.0,0,0,18-APR-2022,
OPTSTK,MGL,26-May-2022,900.0,CE,14.2,16.0,14.0,14.0,14.0,10,54.87,21000,1200,18-APR-2022,
OPTSTK,MGL,26-May-2022,910.0,CE,0.0,0.0,0.0,2.95,13.0,0,0.0,0,0,18-APR-2022,
OPTSTK,MGL,26-May-2022,920.0,CE,0.0,0.0,0.0,2.55,11.15,0,0.0,0,0,18-APR-2022,
OPTSTK,MGL,26-May-2022,930.0,CE,0.0,0.0,0.0,2.2,9.55,0,0.0,0,0,18-APR-2022,
OPTSTK,MGL,26-May-2022,940.0,CE,0.0,0.0,0.0,1.9,8.1,0,0.0,0,0,18-APR-2022,
OPTSTK,MGL,26-May-2022,950.0,CE,0.0,0.0,0.0,1.6,6.85,0,0.0,0,0,18-APR-2022,
OPTSTK,MGL,26-May-2022,960.0,CE,0.0,0.0,0.0,1.4,5.8,0,0.0,0,0,18-APR-2022,
OPTSTK,MGL,26-May-2022,970.0,CE,0.0,0.0,0.0,1.2,4.85,0,0.0,0,0,18-APR-2022,
OPTSTK,MGL,26-May-2022,980.0,CE,0.0,0.0,0.0,1.05,4.1,0,0.0,0,0,18-APR-2022,
OPTSTK,MGL,26-May-2022,990.0,CE,0.0,0.0,0.0,0.9,3.4,0,0.0,0,0,18-APR-2022,
OPTSTK,MGL,26-May-2022,1000.0,CE,5.4,5.4,5.4,5.4,2.85,1,6.03,4800,600,18-APR-2022,
OPTSTK,MGL,26-May-2022,1010.0,CE,0.0,0.0,0.0,0.65,2.35,0,0.0,0,0,18-APR-2022,
OPTSTK,MGL,26-May-2022,1020.0,CE,0.0,0.0,0.0,0.55,1.95,0,0.0,0,0,18-APR-2022,
OPTSTK,MGL,26-May-2022,1030.0,CE,0.0,0.0,0.0,0.45,1.6,0,0.0,0,0,18-APR-2022,
OPTSTK,MGL,26-May-2022,1040.0,CE,0.0,0.0,0.0,0.4,1.3,0,0.0,0,0,18-APR-2022,
OPTSTK,MGL,26-May-2022,500.0,PE,0.0,0.0,0.0,1.2,0.0,0,0.0,0,0,18-APR-2022,
OPTSTK,MGL,26-May-2022,510.0,PE,0.0,0.0,0.0,1.65,0.0,0,0.0,0,0,18-APR-2022,
OPTSTK,MGL,26-May-2022,520.0,PE,0.0,0.0,0.0,2.2,0.0,0,0.0,0,0,18-APR-2022,
OPTSTK,MGL,26-May-2022,530.0,PE,0.0,0.0,0.0,2.85,0.0,0,0.0,0,0,18-APR-2022,
OPTSTK,MGL,26-May-2022,540.0,PE,0.0,0.0,0.0,3.65,0.0,0,0.0,0,0,18-APR-2022,
OPTSTK,MGL,26-May-2022,550.0,PE,0.0,0.0,0.0,4.65,0.05,0,0.0,0,0,18-APR-2022,
OPTSTK,MGL,26-May-2022,560.0,PE,0.0,0.0,0.0,5.85,0.05,0,0.0,0,0,18-APR-2022,
OPTSTK,MGL,26-May-2022,570.0,PE,0.0,0.0,0.0,7.25,0.05,0,0.0,0,0,18-APR-2022,
OPTSTK,MGL,26-May-2022,580.0,PE,0.0,0.0,0.0,8.95,0.05,0,0.0,0,0,18-APR-2022,
OPTSTK,MGL,26-May-2022,590.0,PE,0.0,0.0,0.0,10.85,0.1,0,0.0,0,0,18-APR-2022,
OPTSTK,MGL,26-May-2022,600.0,PE,0.0,0.0,0.0,13.05,0.15,0,0.0,0,0,18-APR-2022,
OPTSTK,MGL,26-May-2022,610.0,PE,0.0,0.0,0.0,15.55,0.2,0,0.0,0,0,18-APR-2022,
OPTSTK,MGL,26-May-2022,620.0,PE,0.0,0.0,0.0,18.35,0.25,0,0.0,0,0,18-APR-2022,
OPTSTK,MGL,26-May-2022,630.0,PE,0.0,0.0,0.0,21.45,0.4,0,0.0,0,0,18-APR-2022,
OPTSTK,MGL,26-May-2022,640.0,PE,0.0,0.0,0.0,24.9,0.55,0,0.0,0,0,18-APR-2022,
OPTSTK,MGL,26-May-2022,650.0,PE,0.0,0.0,0.0,28.7,0.8,0,0.0,0,0,18-APR-2022,
OPTSTK,MGL,26-May-2022,660.0,PE,0.0,0.0,0.0,32.85,1.1,0,0.0,0,0,18-APR-2022,
OPTSTK,MGL,26-May-2022,670.0,PE,0.0,0.0,0.0,37.3,1.5,0,0.0,0,0,18-APR-2022,
OPTSTK,MGL,26-May-2022,680.0,PE,0.0,0.0,0.0,42.15,2.05,0,0.0,0,0,18-APR-2022,
OPTSTK,MGL,26-May-2022,690.0,PE,0.0,0.0,0.0,47.3,2.75,0,0.0,0,0,18-APR-2022,
OPTSTK,MGL,26-May-2022,700.0,PE,0.0,0.0,0.0,11.05,3.55,0,0.0,7200,0,18-APR-2022,
OPTSTK,MGL,26-May-2022,710.0,PE,0.0,0.0,0.0,58.65,4.6,0,0.0,0,0,18-APR-2022,
OPTSTK,MGL,26-May-2022,720.0,PE,0.0,0.0,0.0,64.8,5.85,0,0.0,0,0,18-APR-2022,
OPTSTK,MGL,26-May-2022,730.0,PE,0.0,0.0,0.0,71.2,7.4,0,0.0,0,0,18-APR-2022,
OPTSTK,MGL,26-May-2022,740.0,PE,0.0,0.0,0.0,77.95,9.2,0,0.0,0,0,18-APR-2022,
OPTSTK,MGL,26-May-2022,750.0,PE,11.95,11.95,11.95,11.95,11.3,1,4.57,6600,0,18-APR-2022,
OPTSTK,MGL,26-May-2022,760.0,PE,0.0,0.0,0.0,92.2,13.75,0,0.0,0,0,18-APR-2022,
OPTSTK,MGL,26-May-2022,770.0,PE,0.0,0.0,0.0,99.75,16.45,0,0.0,0,0,18-APR-2022,
OPTSTK,MGL,26-May-2022,780.0,PE,0.0,0.0,0.0,107.5,19.6,0,0.0,0,0,18-APR-2022,
OPTSTK,MGL,26-May-2022,790.0,PE,0.0,0.0,0.0,115.4,23.15,0,0.0,0,0,18-APR-2022,
OPTSTK,MGL,26-May-2022,800.0,PE,23.0,25.0,22.65,25.0,27.05,6,29.66,12600,2400,18-APR-2022,
OPTSTK,MGL,26-May-2022,810.0,PE,0.0,0.0,0.0,131.85,31.4,0,0.0,0,0,18-APR-2022,
OPTSTK,MGL,26-May-2022,820.0,PE,0.0,0.0,0.0,140.35,36.1,0,0.0,0,0,18-APR-2022,
OPTSTK,MGL,26-May-2022,830.0,PE,0.0,0.0,0.0,36.0,41.2,0,0.0,1200,0,18-APR-2022,
OPTSTK,MGL,26-May-2022,840.0,PE,0.0,0.0,0.0,157.75,46.75,0,0.0,0,0,18-APR-2022,
OPTSTK,MGL,26-May-2022,850.0,PE,0.0,0.0,0.0,166.65,52.6,0,0.0,0,0,18-APR-2022,
OPTSTK,MGL,26-May-2022,860.0,PE,0.0,0.0,0.0,175.7,58.9,0,0.0,0,0,18-APR-2022,
OPTSTK,MGL,26-May-2022,870.0,PE,0.0,0.0,0.0,184.8,65.5,0,0.0,0,0,18-APR-2022,
OPTSTK,MGL,26-May-2022,880.0,PE,0.0,0.0,0.0,194.0,72.45,0,0.0,0,0,18-APR-2022,
OPTSTK,MGL,26-May-2022,890.0,PE,0.0,0.0,0.0,203.3,79.75,0,0.0,0,0,18-APR-2022,
OPTSTK,MGL,26-May-2022,900.0,PE,0.0,0.0,0.0,212.7,87.35,0,0.0,0,0,18-APR-2022,
OPTSTK,MGL,26-May-2022,910.0,PE,0.0,0.0,0.0,222.1,95.15,0,0.0,0,0,18-APR-2022,
OPTSTK,MGL,26-May-2022,920.0,PE,0.0,0.0,0.0,231.6,103.25,0,0.0,0,0,18-APR-2022,
OPTSTK,MGL,26-May-2022,930.0,PE,0.0,0.0,0.0,241.15,111.55,0,0.0,0,0,18-APR-2022,
OPTSTK,MGL,26-May-2022,940.0,PE,0.0,0.0,0.0,250.75,120.1,0,0.0,0,0,18-APR-2022,
OPTSTK,MGL,26-May-2022,950.0,PE,0.0,0.0,0.0,260.4,128.8,0,0.0,0,0,18-APR-2022,
OPTSTK,MGL,26-May-2022,960.0,PE,0.0,0.0,0.0,270.05,137.7,0,0.0,0,0,18-APR-2022,
OPTSTK,MGL,26-May-2022,970.0,PE,0.0,0.0,0.0,279.75,146.75,0,0.0,0,0,18-APR-2022,
OPTSTK,MGL,26-May-2022,980.0,PE,0.0,0.0,0.0,289.45,155.9,0,0.0,0,0,18-APR-2022,
OPTSTK,MGL,26-May-2022,990.0,PE,0.0,0.0,0.0,299.2,165.2,0,0.0,0,0,18-APR-2022,
OPTSTK,MGL,26-May-2022,1000.0,PE,0.0,0.0,0.0,309.0,174.55,0,0.0,0,0,18-APR-2022,
OPTSTK,MGL,26-May-2022,1010.0,PE,0.0,0.0,0.0,318.75,184.05,0,0.0,0,0,18-APR-2022,
OPTSTK,MGL,26-May-2022,1020.0,PE,0.0,0.0,0.0,328.55,193.6,0,0.0,0,0,18-APR-2022,
OPTSTK,MGL,26-May-2022,1030.0,PE,0.0,0.0,0.0,338.4,203.2,0,0.0,0,0,18-APR-2022,
OPTSTK,MGL,26-May-2022,1040.0,PE,0.0,0.0,0.0,348.2,212.9,0,0.0,0,0,18-APR-2022,
OPTSTK,MGL,30-Jun-2022,500.0,CE,0.0,0.0,0.0,284.65,328.15,0,0.0,0,0,18-APR-2022,
OPTSTK,MGL,30-Jun-2022,510.0,CE,0.0,0.0,0.0,274.9,318.25,0,0.0,0,0,18-APR-2022,
OPTSTK,MGL,30-Jun-2022,520.0,CE,0.0,0.0,0.0,265.15,308.35,0,0.0,0,0,18-APR-2022,
OPTSTK,MGL,30-Jun-2022,530.0,CE,0.0,0.0,0.0,255.45,298.5,0,0.0,0,0,18-APR-2022,
OPTSTK,MGL,30-Jun-2022,540.0,CE,0.0,0.0,0.0,245.85,288.65,0,0.0,0,0,18-APR-2022,
OPTSTK,MGL,30-Jun-2022,550.0,CE,0.0,0.0,0.0,236.25,278.8,0,0.0,0,0,18-APR-2022,
OPTSTK,MGL,30-Jun-2022,560.0,CE,0.0,0.0,0.0,226.75,269.0,0,0.0,0,0,18-APR-2022,
OPTSTK,MGL,30-Jun-2022,570.0,CE,0.0,0.0,0.0,217.35,259.2,0,0.0,0,0,18-APR-2022,
OPTSTK,MGL,30-Jun-2022,580.0,CE,0.0,0.0,0.0,208.05,249.45,0,0.0,0,0,18-APR-2022,
OPTSTK,MGL,30-Jun-2022,590.0,CE,0.0,0.0,0.0,198.85,239.75,0,0.0,0,0,18-APR-2022,
OPTSTK,MGL,30-Jun-2022,600.0,CE,0.0,0.0,0.0,189.8,230.15,0,0.0,0,0,18-APR-2022,
OPTSTK,MGL,30-Jun-2022,610.0,CE,0.0,0.0,0.0,180.85,220.6,0,0.0,0,0,18-APR-2022,
OPTSTK,MGL,30-Jun-2022,620.0,CE,0.0,0.0,0.0,172.1,211.1,0,0.0,0,0,18-APR-2022,
OPTSTK,MGL,30-Jun-2022,630.0,CE,0.0,0.0,0.0,163.5,201.75,0,0.0,0,0,18-APR-2022,
OPTSTK,MGL,30-Jun-2022,640.0,CE,0.0,0.0,0.0,155.1,192.45,0,0.0,0,0,18-APR-2022,
OPTSTK,MGL,30-Jun-2022,650.0,CE,0.0,0.0,0.0,146.9,183.3,0,0.0,0,0,18-APR-2022,
OPTSTK,MGL,30-Jun-2022,660.0,CE,0.0,0.0,0.0,138.9,174.3,0,0.0,0,0,18-APR-2022,
OPTSTK,MGL,30-Jun-2022,670.0,CE,0.0,0.0,0.0,131.1,165.5,0,0.0,0,0,18-APR-2022,
OPTSTK,MGL,30-Jun-2022,680.0,CE,0.0,0.0,0.0,123.55,156.8,0,0.0,0,0,18-APR-2022,
OPTSTK,MGL,30-Jun-2022,690.0,CE,0.0,0.0,0.0,116.25,148.3,0,0.0,0,0,18-APR-2022,
OPTSTK,MGL,30-Jun-2022,700.0,CE,0.0,0.0,0.0,109.2,140.05,0,0.0,0,0,18-APR-2022,
OPTSTK,MGL,30-Jun-2022,710.0,CE,0.0,0.0,0.0,102.35,131.95,0,0.0,0,0,18-APR-2022,
OPTSTK,MGL,30-Jun-2022,720.0,CE,0.0,0.0,0.0,95.85,124.15,0,0.0,0,0,18-APR-2022,
OPTSTK,MGL,30-Jun-2022,730.0,CE,0.0,0.0,0.0,89.55,116.55,0,0.0,0,0,18-APR-2022,
OPTSTK,MGL,30-Jun-2022,740.0,CE,0.0,0.0,0.0,83.55,109.2,0,0.0,0,0,18-APR-2022,
OPTSTK,MGL,30-Jun-2022,750.0,CE,0.0,0.0,0.0,77.85,102.1,0,0.0,0,0,18-APR-2022,
OPTSTK,MGL,30-Jun-2022,760.0,CE,0.0,0.0,0.0,72.4,95.3,0,0.0,0,0,18-APR-2022,
OPTSTK,MGL,30-Jun-2022,770.0,CE,0.0,0.0,0.0,67.25,88.75,0,0.0,0,0,18-APR-2022,
OPTSTK,MGL,30-Jun-2022,780.0,CE,0.0,0.0,0.0,62.35,82.5,0,0.0,0,0,18-APR-2022,
OPTSTK,MGL,30-Jun-2022,790.0,CE,0.0,0.0,0.0,57.7,76.55,0,0.0,0,0,18-APR-2022,
OPTSTK,MGL,30-Jun-2022,800.0,CE,0.0,0.0,0.0,53.35,70.9,0,0.0,0,0,18-APR-2022,
OPTSTK,MGL,30-Jun-2022,810.0,CE,0.0,0.0,0.0,49.2,65.55,0,0.0,0,0,18-APR-2022,
OPTSTK,MGL,30-Jun-2022,820.0,CE,0.0,0.0,0.0,45.35,60.45,0,0.0,0,0,18-APR-2022,
OPTSTK,MGL,30-Jun-2022,830.0,CE,0.0,0.0,0.0,41.7,55.65,0,0.0,0,0,18-APR-2022,
OPTSTK,MGL,30-Jun-2022,840.0,CE,0.0,0.0,0.0,38.3,51.15,0,0.0,0,0,18-APR-2022,
OPTSTK,MGL,30-Jun-2022,850.0,CE,0.0,0.0,0.0,35.15,46.95,0,0.0,0,0,18-APR-2022,
OPTSTK,MGL,30-Jun-2022,860.0,CE,0.0,0.0,0.0,32.2,42.95,0,0.0,0,0,18-APR-2022,
OPTSTK,MGL,30-Jun-2022,870.0,CE,0.0,0.0,0.0,29.45,39.25,0,0.0,0,0,18-APR-2022,
OPTSTK,MGL,30-Jun-2022,880.0,CE,0.0,0.0,0.0,26.95,35.8,0,0.0,0,0,18-APR-2022,
OPTSTK,MGL,30-Jun-2022,890.0,CE,0.0,0.0,0.0,24.6,32.6,0,0.0,0,0,18-APR-2022,
OPTSTK,MGL,30-Jun-2022,900.0,CE,0.0,0.0,0.0,22.4,29.65,0,0.0,0,0,18-APR-2022,
OPTSTK,MGL,30-Jun-2022,910.0,CE,0.0,0.0,0.0,20.4,26.9,0,0.0,0,0,18-APR-2022,
OPTSTK,MGL,30-Jun-2022,920.0,CE,0.0,0.0,0.0,18.55,24.4,0,0.0,0,0,18-APR-2022,
OPTSTK,MGL,30-Jun-2022,930.0,CE,0.0,0.0,0.0,16.8,22.1,0,0.0,0,0,18-APR-2022,
OPTSTK,MGL,30-Jun-2022,940.0,CE,0.0,0.0,0.0,15.25,19.95,0,0.0,0,0,18-APR-2022,
OPTSTK,MGL,30-Jun-2022,950.0,CE,0.0,0.0,0.0,13.8,17.95,0,0.0,0,0,18-APR-2022,
OPTSTK,MGL,30-Jun-2022,960.0,CE,0.0,0.0,0.0,12.5,16.15,0,0.0,0,0,18-APR-2022,
OPTSTK,MGL,30-Jun-2022,970.0,CE,0.0,0.0,0.0,11.3,14.5,0,0.0,0,0,18-APR-2022,
OPTSTK,MGL,30-Jun-2022,980.0,CE,0.0,0.0,0.0,10.2,13.05,0,0.0,0,0,18-APR-2022,
OPTSTK,MGL,30-Jun-2022,990.0,CE,0.0,0.0,0.0,9.2,11.65,0,0.0,0,0,18-APR-2022,
OPTSTK,MGL,30-Jun-2022,1000.0,CE,0.0,0.0,0.0,8.3,10.45,0,0.0,0,0,18-APR-2022,
OPTSTK,MGL,30-Jun-2022,1010.0,CE,0.0,0.0,0.0,7.45,9.35,0,0.0,0,0,18-APR-2022,
OPTSTK,MGL,30-Jun-2022,1020.0,CE,0.0,0.0,0.0,6.7,8.3,0,0.0,0,0,18-APR-2022,
OPTSTK,MGL,30-Jun-2022,1030.0,CE,0.0,0.0,0.0,6.0,7.4,0,0.0,0,0,18-APR-2022,
OPTSTK,MGL,30-Jun-2022,1040.0,CE,0.0,0.0,0.0,5.4,6.6,0,0.0,0,0,18-APR-2022,
OPTSTK,MGL,30-Jun-2022,500.0,PE,0.0,0.0,0.0,0.35,0.05,0,0.0,0,0,18-APR-2022,
OPTSTK,MGL,30-Jun-2022,510.0,PE,0.0,0.0,0.0,0.45,0.1,0,0.0,0,0,18-APR-2022,
OPTSTK,MGL,30-Jun-2022,520.0,PE,0.0,0.0,0.0,0.65,0.1,0,0.0,0,0,18-APR-2022,
OPTSTK,MGL,30-Jun-2022,530.0,PE,0.0,0.0,0.0,0.85,0.15,0,0.0,0,0,18-APR-2022,
OPTSTK,MGL,30-Jun-2022,540.0,PE,0.0,0.0,0.0,1.1,0.2,0,0.0,0,0,18-APR-2022,
OPTSTK,MGL,30-Jun-2022,550.0,PE,0.0,0.0,0.0,1.4,0.3,0,0.0,0,0,18-APR-2022,
OPTSTK,MGL,30-Jun-2022,560.0,PE,0.0,0.0,0.0,1.8,0.4,0,0.0,0,0,18-APR-2022,
OPTSTK,MGL,30-Jun-2022,570.0,PE,0.0,0.0,0.0,2.3,0.5,0,0.0,0,0,18-APR-2022,
OPTSTK,MGL,30-Jun-2022,580.0,PE,0.0,0.0,0.0,2.9,0.7,0,0.0,0,0,18-APR-2022,
OPTSTK,MGL,30-Jun-2022,590.0,PE,0.0,0.0,0.0,3.6,0.95,0,0.0,0,0,18-APR-2022,
OPTSTK,MGL,30-Jun-2022,600.0,PE,0.0,0.0,0.0,4.45,1.2,0,0.0,0,0,18-APR-2022,
OPTSTK,MGL,30-Jun-2022,610.0,PE,0.0,0.0,0.0,5.4,1.55,0,0.0,0,0,18-APR-2022,
OPTSTK,MGL,30-Jun-2022,620.0,PE,0.0,0.0,0.0,6.55,2.0,0,0.0,0,0,18-APR-2022,
OPTSTK,MGL,30-Jun-2022,630.0,PE,0.0,0.0,0.0,7.85,2.55,0,0.0,0,0,18-APR-2022,
OPTSTK,MGL,30-Jun-2022,640.0,PE,0.0,0.0,0.0,9.3,3.2,0,0.0,0,0,18-APR-2022,
OPTSTK,MGL,30-Jun-2022,650.0,PE,0.0,0.0,0.0,11.0,3.95,0,0.0,0,0,18-APR-2022,
OPTSTK,MGL,30-Jun-2022,660.0,PE,0.0,0.0,0.0,12.9,4.9,0,0.0,0,0,18-APR-2022,
OPTSTK,MGL,30-Jun-2022,670.0,PE,0.0,0.0,0.0,15.0,5.95,0,0.0,0,0,18-APR-2022,
OPTSTK,MGL,30-Jun-2022,680.0,PE,0.0,0.0,0.0,17.35,7.2,0,0.0,0,0,18-APR-2022,
OPTSTK,MGL,30-Jun-2022,690.0,PE,0.0,0.0,0.0,19.95,8.65,0,0.0,0,0,18-APR-2022,
OPTSTK,MGL,30-Jun-2022,700.0,PE,0.0,0.0,0.0,22.8,10.25,0,0.0,0,0,18-APR-2022,
OPTSTK,MGL,30-Jun-2022,710.0,PE,0.0,0.0,0.0,25.85,12.1,0,0.0,0,0,18-APR-2022,
OPTSTK,MGL,30-Jun-2022,720.0,PE,0.0,0.0,0.0,29.2,14.2,0,0.0,0,0,18-APR-2022,
OPTSTK,MGL,30-Jun-2022,730.0,PE,0.0,0.0,0.0,32.85,16.5,0,0.0,0,0,18-APR-2022,
OPTSTK,MGL,30-Jun-2022,740.0,PE,0.0,0.0,0.0,36.75,19.1,0,0.0,0,0,18-APR-2022,
OPTSTK,MGL,30-Jun-2022,750.0,PE,0.0,0.0,0.0,40.9,21.95,0,0.0,0,0,18-APR-2022,
OPTSTK,MGL,30-Jun-2022,760.0,PE,0.0,0.0,0.0,45.35,25.0,0,0.0,0,0,18-APR-2022,
OPTSTK,MGL,30-Jun-2022,770.0,PE,0.0,0.0,0.0,50.1,28.4,0,0.0,0,0,18-APR-2022,
OPTSTK,MGL,30-Jun-2022,780.0,PE,0.0,0.0,0.0,55.1,32.05,0,0.0,0,0,18-APR-2022,
OPTSTK,MGL,30-Jun-2022,790.0,PE,0.0,0.0,0.0,60.35,36.05,0,0.0,0,0,18-APR-2022,
OPTSTK,MGL,30-Jun-2022,800.0,PE,0.0,0.0,0.0,65.85,40.3,0,0.0,0,0,18-APR-2022,
OPTSTK,MGL,30-Jun-2022,810.0,PE,0.0,0.0,0.0,71.65,44.85,0,0.0,0,0,18-APR-2022,
OPTSTK,MGL,30-Jun-2022,820.0,PE,0.0,0.0,0.0,77.65,49.65,0,0.0,0,0,18-APR-2022,
OPTSTK,MGL,30-Jun-2022,830.0,PE,0.0,0.0,0.0,83.95,54.8,0,0.0,0,0,18-APR-2022,
OPTSTK,MGL,30-Jun-2022,840.0,PE,0.0,0.0,0.0,90.45,60.2,0,0.0,0,0,18-APR-2022,
OPTSTK,MGL,30-Jun-2022,850.0,PE,0.0,0.0,0.0,97.15,65.9,0,0.0,0,0,18-APR-2022,
OPTSTK,MGL,30-Jun-2022,860.0,PE,0.0,0.0,0.0,104.1,71.85,0,0.0,0,0,18-APR-2022,
OPTSTK,MGL,30-Jun-2022,870.0,PE,0.0,0.0,0.0,111.25,78.05,0,0.0,0,0,18-APR-2022,
OPTSTK,MGL,30-Jun-2022,880.0,PE,0.0,0.0,0.0,118.65,84.5,0,0.0,0,0,18-APR-2022,
OPTSTK,MGL,30-Jun-2022,890.0,PE,0.0,0.0,0.0,126.2,91.25,0,0.0,0,0,18-APR-2022,
OPTSTK,MGL,30-Jun-2022,900.0,PE,0.0,0.0,0.0,133.9,98.2,0,0.0,0,0,18-APR-2022,
OPTSTK,MGL,30-Jun-2022,910.0,PE,0.0,0.0,0.0,141.75,105.35,0,0.0,0,0,18-APR-2022,
OPTSTK,MGL,30-Jun-2022,920.0,PE,0.0,0.0,0.0,149.8,112.75,0,0.0,0,0,18-APR-2022,
OPTSTK,MGL,30-Jun-2022,930.0,PE,0.0,0.0,0.0,158.0,120.35,0,0.0,0,0,18-APR-2022,
OPTSTK,MGL,30-Jun-2022,940.0,PE,0.0,0.0,0.0,166.3,128.15,0,0.0,0,0,18-APR-2022,
OPTSTK,MGL,30-Jun-2022,950.0,PE,0.0,0.0,0.0,174.8,136.05,0,0.0,0,0,18-APR-2022,
OPTSTK,MGL,30-Jun-2022,960.0,PE,0.0,0.0,0.0,183.35,144.2,0,0.0,0,0,18-APR-2022,
OPTSTK,MGL,30-Jun-2022,970.0,PE,0.0,0.0,0.0,192.05,152.45,0,0.0,0,0,18-APR-2022,
OPTSTK,MGL,30-Jun-2022,980.0,PE,0.0,0.0,0.0,200.85,160.9,0,0.0,0,0,18-APR-2022,
OPTSTK,MGL,30-Jun-2022,990.0,PE,0.0,0.0,0.0,209.75,169.45,0,0.0,0,0,18-APR-2022,
OPTSTK,MGL,30-Jun-2022,1000.0,PE,0.0,0.0,0.0,218.7,178.15,0,0.0,0,0,18-APR-2022,
OPTSTK,MGL,30-Jun-2022,1010.0,PE,0.0,0.0,0.0,227.8,186.95,0,0.0,0,0,18-APR-2022,
OPTSTK,MGL,30-Jun-2022,1020.0,PE,0.0,0.0,0.0,236.9,195.85,0,0.0,0,0,18-APR-2022,
OPTSTK,MGL,30-Jun-2022,1030.0,PE,0.0,0.0,0.0,246.15,204.85,0,0.0,0,0,18-APR-2022,
OPTSTK,MGL,30-Jun-2022,1040.0,PE,0.0,0.0,0.0,255.4,213.95,0,0.0,0,0,18-APR-2022,
OPTSTK,MINDTREE,28-Apr-2022,2700.0,CE,0.0,0.0,0.0,954.9,1260.6,0,0.0,0,0,18-APR-2022,
OPTSTK,MINDTREE,28-Apr-2022,2800.0,CE,0.0,0.0,0.0,871.45,1160.7,0,0.0,0,0,18-APR-2022,
OPTSTK,MINDTREE,28-Apr-2022,2900.0,CE,0.0,0.0,0.0,791.7,1060.85,0,0.0,0,0,18-APR-2022,
OPTSTK,MINDTREE,28-Apr-2022,3000.0,CE,0.0,0.0,0.0,716.15,960.95,0,0.0,0,0,18-APR-2022,
OPTSTK,MINDTREE,28-Apr-2022,3100.0,CE,0.0,0.0,0.0,644.75,861.15,0,0.0,0,0,18-APR-2022,
OPTSTK,MINDTREE,28-Apr-2022,3200.0,CE,0.0,0.0,0.0,577.8,761.6,0,0.0,0,0,18-APR-2022,
OPTSTK,MINDTREE,28-Apr-2022,3300.0,CE,0.0,0.0,0.0,515.75,662.6,0,0.0,0,0,18-APR-2022,
OPTSTK,MINDTREE,28-Apr-2022,3400.0,CE,0.0,0.0,0.0,458.4,565.05,0,0.0,0,0,18-APR-2022,
OPTSTK,MINDTREE,28-Apr-2022,3500.0,CE,0.0,0.0,0.0,787.2,470.25,0,0.0,400,0,18-APR-2022,
OPTSTK,MINDTREE,28-Apr-2022,3600.0,CE,0.0,0.0,0.0,357.8,380.15,0,0.0,0,0,18-APR-2022,
OPTSTK,MINDTREE,28-Apr-2022,3700.0,CE,313.0,340.4,280.0,332.25,332.25,11,88.24,1600,1600,18-APR-2022,
OPTSTK,MINDTREE,28-Apr-2022,3800.0,CE,233.65,286.55,188.1,272.3,272.3,547,4410.85,24200,21600,18-APR-2022,
OPTSTK,MINDTREE,28-Apr-2022,3900.0,CE,223.55,223.55,130.5,202.95,202.95,2582,21035.74,65800,65000,18-APR-2022,
OPTSTK,MINDTREE,28-Apr-2022,4000.0,CE,179.8,179.8,89.4,146.75,146.75,8582,70782.66,191000,174200,18-APR-2022,
OPTSTK,MINDTREE,28-Apr-2022,4100.0,CE,96.0,133.15,60.35,103.9,103.9,5475,45855.47,193600,145400,18-APR-2022,
OPTSTK,MINDTREE,28-Apr-2022,4200.0,CE,78.05,82.45,42.0,72.6,72.6,4736,40348.97,159400,84800,18-APR-2022,
OPTSTK,MINDTREE,28-Apr-2022,4300.0,CE,43.55,58.0,29.5,50.35,50.35,2761,23973.29,190600,42600,18-APR-2022,
OPTSTK,MINDTREE,28-Apr-2022,4400.0,CE,26.55,40.45,21.15,35.7,35.7,2955,26171.8,254600,58200,18-APR-2022,
OPTSTK,MINDTREE,28-Apr-2022,4500.0,CE,11.15,29.5,11.15,25.15,25.15,3683,33301.84,269400,56400,18-APR-2022,
OPTSTK,MINDTREE,28-Apr-2022,4600.0,CE,12.5,21.05,10.4,18.1,18.1,1301,12008.19,95800,14800,18-APR-2022,
OPTSTK,MINDTREE,28-Apr-2022,4700.0,CE,7.1,16.0,7.1,13.65,13.65,1644,15492.13,96600,50000,18-APR-2022,
OPTSTK,MINDTREE,28-Apr-2022,4800.0,CE,8.4,14.0,6.15,10.95,10.95,1190,11446.15,60800,16000,18-APR-2022,
OPTSTK,MINDTREE,28-Apr-2022,4900.0,CE,5.3,13.35,4.9,9.15,9.15,700,6870.53,29200,-200,18-APR-2022,
OPTSTK,MINDTREE,28-Apr-2022,5000.0,CE,7.85,10.0,2.75,7.1,7.1,1540,15420.15,98000,8400,18-APR-2022,
OPTSTK,MINDTREE,28-Apr-2022,5100.0,CE,3.45,8.25,3.45,5.75,5.75,424,4329.49,19400,-3800,18-APR-2022,
OPTSTK,MINDTREE,28-Apr-2022,5200.0,CE,2.4,5.8,2.4,5.35,5.35,80,832.71,18200,0,18-APR-2022,
OPTSTK,MINDTREE,28-Apr-2022,5300.0,CE,3.15,5.7,2.45,4.5,4.5,50,530.41,6200,2000,18-APR-2022,
OPTSTK,MINDTREE,28-Apr-2022,5400.0,CE,4.1,5.3,3.0,3.95,3.95,135,1459.04,31400,4400,18-APR-2022,
OPTSTK,MINDTREE,28-Apr-2022,2700.0,PE,0.0,0.0,0.0,41.6,0.0,0,0.0,0,0,18-APR-2022,
OPTSTK,MINDTREE,28-Apr-2022,2800.0,PE,0.0,0.0,0.0,57.1,0.0,0,0.0,0,0,18-APR-2022,
OPTSTK,MINDTREE,28-Apr-2022,2900.0,PE,0.0,0.0,0.0,76.3,0.0,0,0.0,0,0,18-APR-2022,
OPTSTK,MINDTREE,28-Apr-2022,3000.0,PE,0.0,0.0,0.0,3.1,0.05,0,0.0,400,0,18-APR-2022,
OPTSTK,MINDTREE,28-Apr-2022,3100.0,PE,4.7,9.35,4.15,6.65,6.65,223,1385.47,16200,14200,18-APR-2022,
OPTSTK,MINDTREE,28-Apr-2022,3200.0,PE,8.65,20.7,7.05,10.1,10.1,1405,9025.58,58400,44800,18-APR-2022,
OPTSTK,MINDTREE,28-Apr-2022,3300.0,PE,12.0,27.1,7.9,15.6,15.6,1023,6787.85,35000,31000,18-APR-2022,
OPTSTK,MINDTREE,28-Apr-2022,3400.0,PE,19.65,39.9,19.15,25.15,25.15,1032,7070.81,40400,30600,18-APR-2022,
OPTSTK,MINDTREE,28-Apr-2022,3500.0,PE,25.0,53.0,22.75,37.55,37.55,2532,17913.8,95800,64200,18-APR-2022,
OPTSTK,MINDTREE,28-Apr-2022,3600.0,PE,38.65,72.55,33.9,53.25,53.25,1750,12790.5,81000,55600,18-APR-2022,
OPTSTK,MINDTREE,28-Apr-2022,3700.0,PE,58.3,101.5,47.6,73.05,73.05,1597,12057.33,67400,37400,18-APR-2022,
OPTSTK,MINDTREE,28-Apr-2022,3800.0,PE,84.95,139.35,68.25,98.95,98.95,3260,25480.27,123600,68800,18-APR-2022,
OPTSTK,MINDTREE,28-Apr-2022,3900.0,PE,90.6,189.0,90.55,131.5,131.5,3065,24799.42,108200,69200,18-APR-2022,
OPTSTK,MINDTREE,28-Apr-2022,4000.0,PE,133.8,237.5,117.95,174.1,174.1,2343,19583.33,92000,-4600,18-APR-2022,
OPTSTK,MINDTREE,28-Apr-2022,4100.0,PE,202.15,308.2,193.35,230.7,230.7,395,3432.46,46600,600,18-APR-2022,
OPTSTK,MINDTREE,28-Apr-2022,4200.0,PE,271.3,371.95,260.0,290.5,290.5,205,1854.32,39600,-2600,18-APR-2022,
OPTSTK,MINDTREE,28-Apr-2022,4300.0,PE,386.5,475.0,332.0,371.4,371.4,124,1165.02,36200,-1000,18-APR-2022,
OPTSTK,MINDTREE,28-Apr-2022,4400.0,PE,463.6,565.0,414.35,461.5,461.5,26,253.12,31000,600,18-APR-2022,
OPTSTK,MINDTREE,28-Apr-2022,4500.0,PE,549.85,639.6,518.45,518.45,546.4,50,507.77,25200,-2400,18-APR-2022,
OPTSTK,MINDTREE,28-Apr-2022,4600.0,PE,0.0,0.0,0.0,300.0,642.05,0,0.0,3000,0,18-APR-2022,
OPTSTK,MINDTREE,28-Apr-2022,4700.0,PE,0.0,0.0,0.0,1138.25,739.6,0,0.0,0,0,18-APR-2022,
OPTSTK,MINDTREE,28-Apr-2022,4800.0,PE,793.85,793.85,793.85,793.85,838.25,1,11.18,1600,-200,18-APR-2022,
OPTSTK,MINDTREE,28-Apr-2022,4900.0,PE,0.0,0.0,0.0,1316.15,937.5,0,0.0,0,0,18-APR-2022,
OPTSTK,MINDTREE,28-Apr-2022,5000.0,PE,1057.2,1057.2,1057.2,1057.2,1037.1,1,12.11,200,200,18-APR-2022,
OPTSTK,MINDTREE,28-Apr-2022,5100.0,PE,0.0,0.0,0.0,1499.25,1136.85,0,0.0,0,0,18-APR-2022,
OPTSTK,MINDTREE,28-Apr-2022,5200.0,PE,0.0,0.0,0.0,1592.4,1236.65,0,0.0,0,0,18-APR-2022,
OPTSTK,MINDTREE,28-Apr-2022,5300.0,PE,0.0,0.0,0.0,1686.4,1336.5,0,0.0,0,0,18-APR-2022,
OPTSTK,MINDTREE,28-Apr-2022,5400.0,PE,0.0,0.0,0.0,1781.15,1436.4,0,0.0,0,0,18-APR-2022,
OPTSTK,MINDTREE,26-May-2022,2700.0,CE,0.0,0.0,0.0,939.35,1270.85,0,0.0,0,0,18-APR-2022,
OPTSTK,MINDTREE,26-May-2022,2800.0,CE,0.0,0.0,0.0,856.75,1172.6,0,0.0,0,0,18-APR-2022,
OPTSTK,MINDTREE,26-May-2022,2900.0,CE,0.0,0.0,0.0,778.0,1075.3,0,0.0,0,0,18-APR-2022,
OPTSTK,MINDTREE,26-May-2022,3000.0,CE,0.0,0.0,0.0,703.45,979.5,0,0.0,0,0,18-APR-2022,
OPTSTK,MINDTREE,26-May-2022,3100.0,CE,0.0,0.0,0.0,633.1,885.7,0,0.0,0,0,18-APR-2022,
OPTSTK,MINDTREE,26-May-2022,3200.0,CE,0.0,0.0,0.0,567.25,794.6,0,0.0,0,0,18-APR-2022,
OPTSTK,MINDTREE,26-May-2022,3300.0,CE,0.0,0.0,0.0,506.25,706.95,0,0.0,0,0,18-APR-2022,
OPTSTK,MINDTREE,26-May-2022,3400.0,CE,0.0,0.0,0.0,450.0,623.45,0,0.0,0,0,18-APR-2022,
OPTSTK,MINDTREE,26-May-2022,3500.0,CE,0.0,0.0,0.0,398.4,544.8,0,0.0,0,0,18-APR-2022,
OPTSTK,MINDTREE,26-May-2022,3600.0,CE,0.0,0.0,0.0,351.35,471.7,0,0.0,0,0,18-APR-2022,
OPTSTK,MINDTREE,26-May-2022,3700.0,CE,0.0,0.0,0.0,308.75,404.35,0,0.0,0,0,18-APR-2022,
OPTSTK,MINDTREE,26-May-2022,3800.0,CE,0.0,0.0,0.0,270.35,343.4,0,0.0,0,0,18-APR-2022,
OPTSTK,MINDTREE,26-May-2022,3900.0,CE,0.0,0.0,0.0,235.95,288.85,0,0.0,0,0,18-APR-2022,
OPTSTK,MINDTREE,26-May-2022,4000.0,CE,200.4,266.0,196.75,249.0,249.0,59,498.86,6800,6800,18-APR-2022,
OPTSTK,MINDTREE,26-May-2022,4100.0,CE,153.95,220.0,153.95,200.0,200.0,31,265.28,3600,3000,18-APR-2022,
OPTSTK,MINDTREE,26-May-2022,4200.0,CE,125.0,165.55,125.0,165.55,162.4,3,26.1,200,200,18-APR-2022,
OPTSTK,MINDTREE,26-May-2022,4300.0,CE,0.0,0.0,0.0,190.0,131.65,0,0.0,400,0,18-APR-2022,
OPTSTK,MINDTREE,26-May-2022,4400.0,CE,0.0,0.0,0.0,245.05,105.95,0,0.0,200,0,18-APR-2022,
OPTSTK,MINDTREE,26-May-2022,4500.0,CE,79.95,95.0,60.0,88.85,88.85,176,1612.75,17800,15600,18-APR-2022,
OPTSTK,MINDTREE,26-May-2022,4600.0,CE,0.0,0.0,0.0,84.05,66.65,0,0.0,0,0,18-APR-2022,
OPTSTK,MINDTREE,26-May-2022,4700.0,CE,0.0,0.0,0.0,71.8,52.3,0,0.0,0,0,18-APR-2022,
OPTSTK,MINDTREE,26-May-2022,4800.0,CE,40.05,40.05,40.05,40.05,40.7,1,9.68,200,0,18-APR-2022,
OPTSTK,MINDTREE,26-May-2022,4900.0,CE,0.0,0.0,0.0,52.1,31.45,0,0.0,0,0,18-APR-2022,
OPTSTK,MINDTREE,26-May-2022,5000.0,CE,50.0,50.0,27.3,29.6,29.6,13,130.81,2200,2000,18-APR-2022,
OPTSTK,MINDTREE,26-May-2022,5100.0,CE,0.0,0.0,0.0,37.55,18.35,0,0.0,0,0,18-APR-2022,
OPTSTK,MINDTREE,26-May-2022,5200.0,CE,0.0,0.0,0.0,31.8,13.9,0,0.0,0,0,18-APR-2022,
OPTSTK,MINDTREE,26-May-2022,5300.0,CE,0.0,0.0,0.0,26.85,10.45,0,0.0,0,0,18-APR-2022,
OPTSTK,MINDTREE,26-May-2022,5400.0,CE,0.0,0.0,0.0,22.7,7.85,0,0.0,0,0,18-APR-2022,
OPTSTK,MINDTREE,26-May-2022,2700.0,PE,0.0,0.0,0.0,45.2,1.35,0,0.0,0,0,18-APR-2022,
OPTSTK,MINDTREE,26-May-2022,2800.0,PE,0.0,0.0,0.0,61.55,2.65,0,0.0,0,0,18-APR-2022,
OPTSTK,MINDTREE,26-May-2022,2900.0,PE,0.0,0.0,0.0,81.75,4.95,0,0.0,0,0,18-APR-2022,
OPTSTK,MINDTREE,26-May-2022,3000.0,PE,0.0,0.0,0.0,106.15,8.7,0,0.0,0,0,18-APR-2022,
OPTSTK,MINDTREE,26-May-2022,3100.0,PE,12.2,12.2,12.2,12.2,14.45,1,6.22,200,200,18-APR-2022,
OPTSTK,MINDTREE,26-May-2022,3200.0,PE,0.0,0.0,0.0,167.85,22.9,0,0.0,0,0,18-APR-2022,
OPTSTK,MINDTREE,26-May-2022,3300.0,PE,0.0,0.0,0.0,205.8,34.8,0,0.0,0,0,18-APR-2022,
OPTSTK,MINDTREE,26-May-2022,3400.0,PE,0.0,0.0,0.0,248.5,50.85,0,0.0,0,0,18-APR-2022,
OPTSTK,MINDTREE,26-May-2022,3500.0,PE,60.0,112.45,60.0,93.05,93.05,157,1129.56,22200,21800,18-APR-2022,
OPTSTK,MINDTREE,26-May-2022,3600.0,PE,120.0,120.0,120.0,120.0,98.25,2,14.88,400,400,18-APR-2022,
OPTSTK,MINDTREE,26-May-2022,3700.0,PE,0.0,0.0,0.0,404.15,130.45,0,0.0,0,0,18-APR-2022,
OPTSTK,MINDTREE,26-May-2022,3800.0,PE,185.0,194.0,185.0,194.0,169.05,3,23.94,600,600,18-APR-2022,
OPTSTK,MINDTREE,26-May-2022,3900.0,PE,290.3,290.3,157.2,222.05,222.05,21,173.35,3600,1800,18-APR-2022,
OPTSTK,MINDTREE,26-May-2022,4000.0,PE,250.0,317.0,250.0,266.0,266.0,36,307.92,7800,2800,18-APR-2022,
OPTSTK,MINDTREE,26-May-2022,4100.0,PE,0.0,0.0,0.0,669.2,322.95,0,0.0,0,0,18-APR-2022,
OPTSTK,MINDTREE,26-May-2022,4200.0,PE,350.0,350.0,350.0,350.0,386.35,1,9.1,200,200,18-APR-2022,
OPTSTK,MINDTREE,26-May-2022,4300.0,PE,0.0,0.0,0.0,822.15,455.1,0,0.0,0,0,18-APR-2022,
OPTSTK,MINDTREE,26-May-2022,4400.0,PE,0.0,0.0,0.0,325.0,528.95,0,0.0,200,0,18-APR-2022,
OPTSTK,MINDTREE,26-May-2022,4500.0,PE,0.0,0.0,0.0,985.15,606.95,0,0.0,0,0,18-APR-2022,
OPTSTK,MINDTREE,26-May-2022,4600.0,PE,0.0,0.0,0.0,1070.0,688.8,0,0.0,0,0,18-APR-2022,
OPTSTK,MINDTREE,26-May-2022,4700.0,PE,0.0,0.0,0.0,1156.75,774.0,0,0.0,0,0,18-APR-2022,
OPTSTK,MINDTREE,26-May-2022,4800.0,PE,0.0,0.0,0.0,1245.1,861.95,0,0.0,0,0,18-APR-2022,
OPTSTK,MINDTREE,26-May-2022,4900.0,PE,0.0,0.0,0.0,1334.95,952.25,0,0.0,0,0,18-APR-2022,
OPTSTK,MINDTREE,26-May-2022,5000.0,PE,0.0,0.0,0.0,1426.05,1044.5,0,0.0,0,0,18-APR-2022,
OPTSTK,MINDTREE,26-May-2022,5100.0,PE,0.0,0.0,0.0,1518.25,1138.3,0,0.0,0,0,18-APR-2022,
OPTSTK,MINDTREE,26-May-2022,5200.0,PE,0.0,0.0,0.0,1611.45,1233.4,0,0.0,0,0,18-APR-2022,
OPTSTK,MINDTREE,26-May-2022,5300.0,PE,0.0,0.0,0.0,1705.5,1329.5,0,0.0,0,0,18-APR-2022,
OPTSTK,MINDTREE,26-May-2022,5400.0,PE,0.0,0.0,0.0,1800.25,1426.45,0,0.0,0,0,18-APR-2022,
OPTSTK,MINDTREE,30-Jun-2022,2700.0,CE,0.0,0.0,0.0,1640.4,1291.65,0,0.0,0,0,18-APR-2022,
OPTSTK,MINDTREE,30-Jun-2022,2800.0,CE,0.0,0.0,0.0,1545.8,1198.3,0,0.0,0,0,18-APR-2022,
OPTSTK,MINDTREE,30-Jun-2022,2900.0,CE,0.0,0.0,0.0,1452.65,1107.05,0,0.0,0,0,18-APR-2022,
OPTSTK,MINDTREE,30-Jun-2022,3000.0,CE,0.0,0.0,0.0,1361.25,1018.35,0,0.0,0,0,18-APR-2022,
OPTSTK,MINDTREE,30-Jun-2022,3100.0,CE,0.0,0.0,0.0,1272.0,932.65,0,0.0,0,0,18-APR-2022,
OPTSTK,MINDTREE,30-Jun-2022,3200.0,CE,0.0,0.0,0.0,1185.1,850.25,0,0.0,0,0,18-APR-2022,
OPTSTK,MINDTREE,30-Jun-2022,3300.0,CE,0.0,0.0,0.0,1100.85,771.65,0,0.0,0,0,18-APR-2022,
OPTSTK,MINDTREE,30-Jun-2022,3400.0,CE,0.0,0.0,0.0,1019.6,697.2,0,0.0,0,0,18-APR-2022,
OPTSTK,MINDTREE,30-Jun-2022,3500.0,CE,0.0,0.0,0.0,941.55,626.95,0,0.0,0,0,18-APR-2022,
OPTSTK,MINDTREE,30-Jun-2022,3600.0,CE,0.0,0.0,0.0,867.0,561.15,0,0.0,0,0,18-APR-2022,
OPTSTK,MINDTREE,30-Jun-2022,3700.0,CE,0.0,0.0,0.0,795.9,500.15,0,0.0,0,0,18-APR-2022,
OPTSTK,MINDTREE,30-Jun-2022,3800.0,CE,0.0,0.0,0.0,728.5,443.85,0,0.0,0,0,18-APR-2022,
OPTSTK,MINDTREE,30-Jun-2022,3900.0,CE,0.0,0.0,0.0,664.8,392.2,0,0.0,0,0,18-APR-2022,
OPTSTK,MINDTREE,30-Jun-2022,4000.0,CE,0.0,0.0,0.0,605.15,345.1,0,0.0,0,0,18-APR-2022,
OPTSTK,MINDTREE,30-Jun-2022,4100.0,CE,0.0,0.0,0.0,549.35,302.5,0,0.0,0,0,18-APR-2022,
OPTSTK,MINDTREE,30-Jun-2022,4200.0,CE,0.0,0.0,0.0,497.4,264.1,0,0.0,0,0,18-APR-2022,
OPTSTK,MINDTREE,30-Jun-2022,4300.0,CE,0.0,0.0,0.0,449.2,229.7,0,0.0,0,0,18-APR-2022,
OPTSTK,MINDTREE,30-Jun-2022,4400.0,CE,0.0,0.0,0.0,404.7,199.05,0,0.0,0,0,18-APR-2022,
OPTSTK,MINDTREE,30-Jun-2022,4500.0,CE,0.0,0.0,0.0,363.7,171.95,0,0.0,0,0,18-APR-2022,
OPTSTK,MINDTREE,30-Jun-2022,4600.0,CE,0.0,0.0,0.0,326.15,148.25,0,0.0,0,0,18-APR-2022,
OPTSTK,MINDTREE,30-Jun-2022,4700.0,CE,0.0,0.0,0.0,291.8,127.3,0,0.0,0,0,18-APR-2022,
OPTSTK,MINDTREE,30-Jun-2022,4800.0,CE,0.0,0.0,0.0,260.5,108.8,0,0.0,0,0,18-APR-2022,
OPTSTK,MINDTREE,30-Jun-2022,4900.0,CE,0.0,0.0,0.0,232.1,92.85,0,0.0,0,0,18-APR-2022,
OPTSTK,MINDTREE,30-Jun-2022,5000.0,CE,0.0,0.0,0.0,206.6,79.0,0,0.0,0,0,18-APR-2022,
OPTSTK,MINDTREE,30-Jun-2022,5100.0,CE,0.0,0.0,0.0,183.45,67.05,0,0.0,0,0,18-APR-2022,
OPTSTK,MINDTREE,30-Jun-2022,5200.0,CE,0.0,0.0,0.0,162.65,56.75,0,0.0,0,0,18-APR-2022,
OPTSTK,MINDTREE,30-Jun-2022,5300.0,CE,0.0,0.0,0.0,143.75,47.95,0,0.0,0,0,18-APR-2022,
OPTSTK,MINDTREE,30-Jun-2022,5400.0,CE,0.0,0.0,0.0,127.0,40.4,0,0.0,0,0,18-APR-2022,
OPTSTK,MINDTREE,30-Jun-2022,2700.0,PE,0.0,0.0,0.0,9.1,11.25,0,0.0,0,0,18-APR-2022,
OPTSTK,MINDTREE,30-Jun-2022,2800.0,PE,0.0,0.0,0.0,13.45,17.05,0,0.0,0,0,18-APR-2022,
OPTSTK,MINDTREE,30-Jun-2022,2900.0,PE,0.0,0.0,0.0,19.25,25.0,0,0.0,0,0,18-APR-2022,
OPTSTK,MINDTREE,30-Jun-2022,3000.0,PE,0.0,0.0,0.0,26.8,35.4,0,0.0,0,0,18-APR-2022,
OPTSTK,MINDTREE,30-Jun-2022,3100.0,PE,0.0,0.0,0.0,36.5,48.85,0,0.0,0,0,18-APR-2022,
OPTSTK,MINDTREE,30-Jun-2022,3200.0,PE,0.0,0.0,0.0,48.55,65.65,0,0.0,0,0,18-APR-2022,
OPTSTK,MINDTREE,30-Jun-2022,3300.0,PE,0.0,0.0,0.0,63.25,86.15,0,0.0,0,0,18-APR-2022,
OPTSTK,MINDTREE,30-Jun-2022,3400.0,PE,0.0,0.0,0.0,80.95,110.9,0,0.0,0,0,18-APR-2022,
OPTSTK,MINDTREE,30-Jun-2022,3500.0,PE,0.0,0.0,0.0,101.85,139.8,0,0.0,0,0,18-APR-2022,
OPTSTK,MINDTREE,30-Jun-2022,3600.0,PE,0.0,0.0,0.0,126.25,173.1,0,0.0,0,0,18-APR-2022,
OPTSTK,MINDTREE,30-Jun-2022,3700.0,PE,0.0,0.0,0.0,154.1,211.25,0,0.0,0,0,18-APR-2022,
OPTSTK,MINDTREE,30-Jun-2022,3800.0,PE,0.0,0.0,0.0,185.65,254.1,0,0.0,0,0,18-APR-2022,
OPTSTK,MINDTREE,30-Jun-2022,3900.0,PE,0.0,0.0,0.0,220.9,301.6,0,0.0,0,0,18-APR-2022,
OPTSTK,MINDTREE,30-Jun-2022,4000.0,PE,0.0,0.0,0.0,260.2,353.7,0,0.0,0,0,18-APR-2022,
OPTSTK,MINDTREE,30-Jun-2022,4100.0,PE,0.0,0.0,0.0,303.35,410.25,0,0.0,0,0,18-APR-2022,
OPTSTK,MINDTREE,30-Jun-2022,4200.0,PE,0.0,0.0,0.0,350.35,471.0,0,0.0,0,0,18-APR-2022,
OPTSTK,MINDTREE,30-Jun-2022,4300.0,PE,0.0,0.0,0.0,401.1,535.75,0,0.0,0,0,18-APR-2022,
OPTSTK,MINDTREE,30-Jun-2022,4400.0,PE,0.0,0.0,0.0,455.55,604.3,0,0.0,0,0,18-APR-2022,
OPTSTK,MINDTREE,30-Jun-2022,4500.0,PE,0.0,0.0,0.0,513.5,676.3,0,0.0,0,0,18-APR-2022,
OPTSTK,MINDTREE,30-Jun-2022,4600.0,PE,0.0,0.0,0.0,574.85,751.75,0,0.0,0,0,18-APR-2022,
OPTSTK,MINDTREE,30-Jun-2022,4700.0,PE,0.0,0.0,0.0,639.5,829.95,0,0.0,0,0,18-APR-2022,
OPTSTK,MINDTREE,30-Jun-2022,4800.0,PE,0.0,0.0,0.0,707.15,910.65,0,0.0,0,0,18-APR-2022,
OPTSTK,MINDTREE,30-Jun-2022,4900.0,PE,0.0,0.0,0.0,777.7,993.85,0,0.0,0,0,18-APR-2022,
OPTSTK,MINDTREE,30-Jun-2022,5000.0,PE,0.0,0.0,0.0,851.15,1079.15,0,0.0,0,0,18-APR-2022,
OPTSTK,MINDTREE,30-Jun-2022,5100.0,PE,0.0,0.0,0.0,926.95,1166.35,0,0.0,0,0,18-APR-2022,
OPTSTK,MINDTREE,30-Jun-2022,5200.0,PE,0.0,0.0,0.0,1005.05,1255.2,0,0.0,0,0,18-APR-2022,
OPTSTK,MINDTREE,30-Jun-2022,5300.0,PE,0.0,0.0,0.0,1085.15,1345.55,0,0.0,0,0,18-APR-2022,
OPTSTK,MINDTREE,30-Jun-2022,5400.0,PE,0.0,0.0,0.0,1167.3,1437.15,0,0.0,0,0,18-APR-2022,
OPTSTK,MOTHERSUMI,28-Apr-2022,82.5,CE,0.0,0.0,0.0,90.4,56.7,0,0.0,0,0,18-APR-2022,
OPTSTK,MOTHERSUMI,28-Apr-2022,85.0,CE,0.0,0.0,0.0,90.1,54.2,0,0.0,0,0,18-APR-2022,
OPTSTK,MOTHERSUMI,28-Apr-2022,87.5,CE,0.0,0.0,0.0,87.65,51.7,0,0.0,0,0,18-APR-2022,
OPTSTK,MOTHERSUMI,28-Apr-2022,90.0,CE,0.0,0.0,0.0,85.2,49.2,0,0.0,0,0,18-APR-2022,
OPTSTK,MOTHERSUMI,28-Apr-2022,92.5,CE,0.0,0.0,0.0,82.75,46.7,0,0.0,0,0,18-APR-2022,
OPTSTK,MOTHERSUMI,28-Apr-2022,95.0,CE,0.0,0.0,0.0,80.3,44.25,0,0.0,0,0,18-APR-2022,
OPTSTK,MOTHERSUMI,28-Apr-2022,97.5,CE,0.0,0.0,0.0,77.9,41.75,0,0.0,0,0,18-APR-2022,
OPTSTK,MOTHERSUMI,28-Apr-2022,100.0,CE,0.0,0.0,0.0,75.45,39.25,0,0.0,0,0,18-APR-2022,
OPTSTK,MOTHERSUMI,28-Apr-2022,102.5,CE,0.0,0.0,0.0,73.05,36.75,0,0.0,0,0,18-APR-2022,
OPTSTK,MOTHERSUMI,28-Apr-2022,105.0,CE,0.0,0.0,0.0,70.7,34.25,0,0.0,0,0,18-APR-2022,
OPTSTK,MOTHERSUMI,28-Apr-2022,107.5,CE,0.0,0.0,0.0,68.3,31.75,0,0.0,0,0,18-APR-2022,
OPTSTK,MOTHERSUMI,28-Apr-2022,110.0,CE,0.0,0.0,0.0,35.0,29.25,0,0.0,3500,0,18-APR-2022,
OPTSTK,MOTHERSUMI,28-Apr-2022,112.5,CE,0.0,0.0,0.0,63.65,26.75,0,0.0,0,0,18-APR-2022,
OPTSTK,MOTHERSUMI,28-Apr-2022,115.0,CE,0.0,0.0,0.0,61.35,24.3,0,0.0,0,0,18-APR-2022,
OPTSTK,MOTHERSUMI,28-Apr-2022,117.5,CE,0.0,0.0,0.0,59.1,21.85,0,0.0,0,0,18-APR-2022,
OPTSTK,MOTHERSUMI,28-Apr-2022,120.0,CE,0.0,0.0,0.0,56.85,19.45,0,0.0,0,0,18-APR-2022,
OPTSTK,MOTHERSUMI,28-Apr-2022,122.5,CE,0.0,0.0,0.0,54.65,17.15,0,0.0,0,0,18-APR-2022,
OPTSTK,MOTHERSUMI,28-Apr-2022,125.0,CE,13.25,13.25,13.25,13.25,14.85,1,4.83,49000,3500,18-APR-2022,
OPTSTK,MOTHERSUMI,28-Apr-2022,127.5,CE,0.0,0.0,0.0,50.4,12.75,0,0.0,0,0,18-APR-2022,
OPTSTK,MOTHERSUMI,28-Apr-2022,130.0,CE,11.1,11.1,8.8,11.0,10.75,7,34.26,157500,7000,18-APR-2022,
OPTSTK,MOTHERSUMI,28-Apr-2022,132.5,CE,0.0,0.0,0.0,11.85,8.9,0,0.0,3500,0,18-APR-2022,
OPTSTK,MOTHERSUMI,28-Apr-2022,135.0,CE,7.1,7.25,5.0,6.7,6.7,42,207.1,238000,45500,18-APR-2022,
OPTSTK,MOTHERSUMI,28-Apr-2022,137.5,CE,6.0,6.0,3.85,5.1,5.8,69,342.17,129500,91000,18-APR-2022,
OPTSTK,MOTHERSUMI,28-Apr-2022,140.0,CE,4.5,4.5,2.7,3.6,3.6,578,2899.36,2299500,77000,18-APR-2022,
OPTSTK,MOTHERSUMI,28-Apr-2022,142.5,CE,2.4,3.35,1.95,2.65,2.65,154,781.44,525000,38500,18-APR-2022,
OPTSTK,MOTHERSUMI,28-Apr-2022,145.0,CE,2.3,2.6,1.45,1.95,1.95,481,2471.77,2068500,-52500,18-APR-2022,
OPTSTK,MOTHERSUMI,28-Apr-2022,147.5,CE,2.1,2.1,1.05,1.5,1.5,64,333.62,290500,42000,18-APR-2022,
OPTSTK,MOTHERSUMI,28-Apr-2022,150.0,CE,1.4,1.55,0.85,1.15,1.15,502,2654.37,2982000,-56000,18-APR-2022,
OPTSTK,MOTHERSUMI,28-Apr-2022,152.5,CE,0.9,1.1,0.75,0.9,0.9,13,69.81,143500,-3500,18-APR-2022,
OPTSTK,MOTHERSUMI,28-Apr-2022,155.0,CE,0.8,0.9,0.5,0.7,0.7,199,1084.04,899500,-80500,18-APR-2022,
OPTSTK,MOTHERSUMI,28-Apr-2022,157.5,CE,0.6,0.6,0.4,0.5,0.5,21,116.15,28000,14000,18-APR-2022,
OPTSTK,MOTHERSUMI,28-Apr-2022,160.0,CE,0.4,0.55,0.3,0.4,0.4,261,1465.21,1617000,-140000,18-APR-2022,
OPTSTK,MOTHERSUMI,28-Apr-2022,162.5,CE,0.0,0.0,0.0,25.7,0.25,0,0.0,0,0,18-APR-2022,
OPTSTK,MOTHERSUMI,28-Apr-2022,165.0,CE,0.3,0.3,0.15,0.2,0.2,115,665.05,707000,-91000,18-APR-2022,
OPTSTK,MOTHERSUMI,28-Apr-2022,167.5,CE,0.0,0.0,0.0,23.0,0.1,0,0.0,0,0,18-APR-2022,
OPTSTK,MOTHERSUMI,28-Apr-2022,170.0,CE,0.2,0.2,0.1,0.15,0.15,89,530.04,640500,-84000,18-APR-2022,
OPTSTK,MOTHERSUMI,28-Apr-2022,172.5,CE,0.0,0.0,0.0,0.2,0.05,0,0.0,17500,0,18-APR-2022,
OPTSTK,MOTHERSUMI,28-Apr-2022,175.0,CE,0.1,0.15,0.1,0.1,0.05,45,275.82,542500,21000,18-APR-2022,
OPTSTK,MOTHERSUMI,28-Apr-2022,177.5,CE,0.0,0.0,0.0,0.25,0.05,0,0.0,10500,0,18-APR-2022,
OPTSTK,MOTHERSUMI,28-Apr-2022,180.0,CE,0.15,0.2,0.1,0.15,0.15,42,264.81,1134000,-56000,18-APR-2022,
OPTSTK,MOTHERSUMI,28-Apr-2022,182.5,CE,0.0,0.0,0.0,16.3,0.0,0,0.0,0,0,18-APR-2022,
OPTSTK,MOTHERSUMI,28-Apr-2022,185.0,CE,0.0,0.0,0.0,15.35,0.0,0,0.0,0,0,18-APR-2022,
OPTSTK,MOTHERSUMI,28-Apr-2022,187.5,CE,0.0,0.0,0.0,14.45,0.0,0,0.0,0,0,18-APR-2022,
OPTSTK,MOTHERSUMI,28-Apr-2022,190.0,CE,0.1,0.15,0.1,0.15,0.15,5,33.27,500500,3500,18-APR-2022,
OPTSTK,MOTHERSUMI,28-Apr-2022,192.5,CE,0.0,0.0,0.0,12.75,0.0,0,0.0,0,0,18-APR-2022,
OPTSTK,MOTHERSUMI,28-Apr-2022,195.0,CE,0.0,0.0,0.0,12.0,0.0,0,0.0,0,0,18-APR-2022,
OPTSTK,MOTHERSUMI,28-Apr-2022,197.5,CE,0.0,0.0,0.0,11.25,0.0,0,0.0,0,0,18-APR-2022,
OPTSTK,MOTHERSUMI,28-Apr-2022,200.0,CE,0.1,0.1,0.1,0.1,0.0,6,42.02,532000,-14000,18-APR-2022,
OPTSTK,MOTHERSUMI,28-Apr-2022,202.5,CE,0.0,0.0,0.0,9.9,0.0,0,0.0,0,0,18-APR-2022,
OPTSTK,MOTHERSUMI,28-Apr-2022,205.0,CE,0.0,0.0,0.0,9.3,0.0,0,0.0,0,0,18-APR-2022,
OPTSTK,MOTHERSUMI,28-Apr-2022,207.5,CE,0.0,0.0,0.0,8.7,0.0,0,0.0,0,0,18-APR-2022,
OPTSTK,MOTHERSUMI,28-Apr-2022,210.0,CE,0.0,0.0,0.0,8.15,0.0,0,0.0,0,0,18-APR-2022,
OPTSTK,MOTHERSUMI,28-Apr-2022,212.5,CE,0.0,0.0,0.0,7.65,0.0,0,0.0,0,0,18-APR-2022,
OPTSTK,MOTHERSUMI,28-Apr-2022,215.0,CE,0.0,0.0,0.0,7.15,0.0,0,0.0,0,0,18-APR-2022,
OPTSTK,MOTHERSUMI,28-Apr-2022,217.5,CE,0.0,0.0,0.0,6.7,0.0,0,0.0,0,0,18-APR-2022,
OPTSTK,MOTHERSUMI,28-Apr-2022,220.0,CE,0.0,0.0,0.0,6.25,0.0,0,0.0,0,0,18-APR-2022,
OPTSTK,MOTHERSUMI,28-Apr-2022,222.5,CE,0.0,0.0,0.0,5.85,0.0,0,0.0,0,0,18-APR-2022,
OPTSTK,MOTHERSUMI,28-Apr-2022,225.0,CE,0.0,0.0,0.0,5.45,0.0,0,0.0,0,0,18-APR-2022,
OPTSTK,MOTHERSUMI,28-Apr-2022,227.5,CE,0.0,0.0,0.0,5.1,0.0,0,0.0,0,0,18-APR-2022,
OPTSTK,MOTHERSUMI,28-Apr-2022,230.0,CE,0.0,0.0,0.0,1.65,0.0,0,0.0,7000,0,18-APR-2022,
OPTSTK,MOTHERSUMI,28-Apr-2022,232.5,CE,0.0,0.0,0.0,4.4,0.0,0,0.0,0,0,18-APR-2022,
OPTSTK,MOTHERSUMI,28-Apr-2022,235.0,CE,0.0,0.0,0.0,4.15,0.0,0,0.0,0,0,18-APR-2022,
OPTSTK,MOTHERSUMI,28-Apr-2022,82.5,PE,0.0,0.0,0.0,0.05,0.0,0,0.0,7000,0,18-APR-2022,
OPTSTK,MOTHERSUMI,28-Apr-2022,85.0,PE,0.0,0.0,0.0,0.05,0.0,0,0.0,0,0,18-APR-2022,
OPTSTK,MOTHERSUMI,28-Apr-2022,87.5,PE,0.0,0.0,0.0,0.1,0.0,0,0.0,0,0,18-APR-2022,
OPTSTK,MOTHERSUMI,28-Apr-2022,90.0,PE,0.0,0.0,0.0,0.1,0.0,0,0.0,0,0,18-APR-2022,
OPTSTK,MOTHERSUMI,28-Apr-2022,92.5,PE,0.0,0.0,0.0,0.05,0.0,0,0.0,3500,0,18-APR-2022,
OPTSTK,MOTHERSUMI,28-Apr-2022,95.0,PE,0.0,0.0,0.0,0.15,0.0,0,0.0,0,0,18-APR-2022,
OPTSTK,MOTHERSUMI,28-Apr-2022,97.5,PE,0.0,0.0,0.0,0.2,0.0,0,0.0,0,0,18-APR-2022,
OPTSTK,MOTHERSUMI,28-Apr-2022,100.0,PE,0.05,0.1,0.05,0.1,0.1,6,21.01,196000,-10500,18-APR-2022,
OPTSTK,MOTHERSUMI,28-Apr-2022,102.5,PE,0.0,0.0,0.0,0.35,0.0,0,0.0,0,0,18-APR-2022,
OPTSTK,MOTHERSUMI,28-Apr-2022,105.0,PE,0.0,0.0,0.0,0.05,0.0,0,0.0,3500,0,18-APR-2022,
OPTSTK,MOTHERSUMI,28-Apr-2022,107.5,PE,0.0,0.0,0.0,0.55,0.0,0,0.0,0,0,18-APR-2022,
OPTSTK,MOTHERSUMI,28-Apr-2022,110.0,PE,0.15,0.15,0.1,0.1,0.05,6,23.12,329000,7000,18-APR-2022,
OPTSTK,MOTHERSUMI,28-Apr-2022,112.5,PE,0.0,0.0,0.0,0.85,0.05,0,0.0,0,0,18-APR-2022,
OPTSTK,MOTHERSUMI,28-Apr-2022,115.0,PE,0.3,0.3,0.2,0.2,0.1,19,76.63,304500,-21000,18-APR-2022,
OPTSTK,MOTHERSUMI,28-Apr-2022,117.5,PE,0.4,0.4,0.25,0.25,0.15,3,12.36,24500,0,18-APR-2022,
OPTSTK,MOTHERSUMI,28-Apr-2022,120.0,PE,0.55,0.55,0.35,0.4,0.4,79,333.04,728000,-73500,18-APR-2022,
OPTSTK,MOTHERSUMI,28-Apr-2022,122.5,PE,0.0,0.0,0.0,0.65,0.4,0,0.0,7000,0,18-APR-2022,
OPTSTK,MOTHERSUMI,28-Apr-2022,125.0,PE,1.05,1.1,0.7,0.8,0.8,78,343.74,493500,7000,18-APR-2022,
OPTSTK,MOTHERSUMI,28-Apr-2022,127.5,PE,1.3,1.35,1.0,1.0,1.0,30,135.18,17500,-17500,18-APR-2022,
OPTSTK,MOTHERSUMI,28-Apr-2022,130.0,PE,1.7,1.95,1.3,1.35,1.35,235,1083.49,1309000,-94500,18-APR-2022,
OPTSTK,MOTHERSUMI,28-Apr-2022,132.5,PE,2.25,2.55,1.85,1.85,1.85,12,56.6,52500,17500,18-APR-2022,
OPTSTK,MOTHERSUMI,28-Apr-2022,135.0,PE,3.2,3.5,2.2,2.3,2.3,238,1148.64,721000,45500,18-APR-2022,
OPTSTK,MOTHERSUMI,28-Apr-2022,137.5,PE,4.4,4.65,3.0,3.1,3.1,22,108.96,178500,-3500,18-APR-2022,
OPTSTK,MOTHERSUMI,28-Apr-2022,140.0,PE,5.35,6.45,3.95,4.2,4.2,268,1363.38,1141000,-108500,18-APR-2022,
OPTSTK,MOTHERSUMI,28-Apr-2022,142.5,PE,6.8,7.95,5.55,5.55,5.55,7,36.59,255500,-3500,18-APR-2022,
OPTSTK,MOTHERSUMI,28-Apr-2022,145.0,PE,9.15,9.7,8.5,8.7,8.4,15,81.01,724500,-31500,18-APR-2022,
OPTSTK,MOTHERSUMI,28-Apr-2022,147.5,PE,10.75,11.5,10.75,11.5,10.2,2,11.1,52500,3500,18-APR-2022,
OPTSTK,MOTHERSUMI,28-Apr-2022,150.0,PE,13.25,14.0,12.5,12.9,12.15,6,34.22,511000,0,18-APR-2022,
OPTSTK,MOTHERSUMI,28-Apr-2022,152.5,PE,0.0,0.0,0.0,8.45,14.25,0,0.0,0,0,18-APR-2022,
OPTSTK,MOTHERSUMI,28-Apr-2022,155.0,PE,16.95,16.95,16.95,16.95,16.45,1,6.01,38500,0,18-APR-2022,
OPTSTK,MOTHERSUMI,28-Apr-2022,157.5,PE,0.0,0.0,0.0,10.3,18.7,0,0.0,0,0,18-APR-2022,
OPTSTK,MOTHERSUMI,28-Apr-2022,160.0,PE,23.2,23.2,23.2,23.2,21.05,1,6.41,140000,-3500,18-APR-2022,
OPTSTK,MOTHERSUMI,28-Apr-2022,162.5,PE,0.0,0.0,0.0,12.35,23.45,0,0.0,0,0,18-APR-2022,
OPTSTK,MOTHERSUMI,28-Apr-2022,165.0,PE,0.0,0.0,0.0,13.45,25.85,0,0.0,0,0,18-APR-2022,
OPTSTK,MOTHERSUMI,28-Apr-2022,167.5,PE,0.0,0.0,0.0,14.65,28.3,0,0.0,0,0,18-APR-2022,
OPTSTK,MOTHERSUMI,28-Apr-2022,170.0,PE,0.0,0.0,0.0,25.2,30.8,0,0.0,59500,0,18-APR-2022,
OPTSTK,MOTHERSUMI,28-Apr-2022,172.5,PE,0.0,0.0,0.0,17.1,33.25,0,0.0,0,0,18-APR-2022,
OPTSTK,MOTHERSUMI,28-Apr-2022,175.0,PE,0.0,0.0,0.0,18.45,35.75,0,0.0,0,0,18-APR-2022,
OPTSTK,MOTHERSUMI,28-Apr-2022,177.5,PE,0.0,0.0,0.0,19.85,38.25,0,0.0,0,0,18-APR-2022,
OPTSTK,MOTHERSUMI,28-Apr-2022,180.0,PE,0.0,0.0,0.0,39.25,40.7,0,0.0,10500,0,18-APR-2022,
OPTSTK,MOTHERSUMI,28-Apr-2022,182.5,PE,0.0,0.0,0.0,22.75,43.2,0,0.0,0,0,18-APR-2022,
OPTSTK,MOTHERSUMI,28-Apr-2022,185.0,PE,0.0,0.0,0.0,49.0,45.7,0,0.0,7000,0,18-APR-2022,
OPTSTK,MOTHERSUMI,28-Apr-2022,187.5,PE,0.0,0.0,0.0,25.8,48.2,0,0.0,0,0,18-APR-2022,
OPTSTK,MOTHERSUMI,28-Apr-2022,190.0,PE,0.0,0.0,0.0,27.45,50.7,0,0.0,0,0,18-APR-2022,
OPTSTK,MOTHERSUMI,28-Apr-2022,192.5,PE,0.0,0.0,0.0,29.1,53.2,0,0.0,0,0,18-APR-2022,
OPTSTK,MOTHERSUMI,28-Apr-2022,195.0,PE,0.0,0.0,0.0,30.8,55.7,0,0.0,0,0,18-APR-2022,
OPTSTK,MOTHERSUMI,28-Apr-2022,197.5,PE,0.0,0.0,0.0,32.55,58.2,0,0.0,0,0,18-APR-2022,
OPTSTK,MOTHERSUMI,28-Apr-2022,200.0,PE,0.0,0.0,0.0,34.3,60.7,0,0.0,0,0,18-APR-2022,
OPTSTK,MOTHERSUMI,28-Apr-2022,202.5,PE,0.0,0.0,0.0,36.15,63.2,0,0.0,0,0,18-APR-2022,
OPTSTK,MOTHERSUMI,28-Apr-2022,205.0,PE,0.0,0.0,0.0,38.0,65.7,0,0.0,0,0,18-APR-2022,
OPTSTK,MOTHERSUMI,28-Apr-2022,207.5,PE,0.0,0.0,0.0,39.9,68.2,0,0.0,0,0,18-APR-2022,
OPTSTK,MOTHERSUMI,28-Apr-2022,210.0,PE,0.0,0.0,0.0,41.8,70.7,0,0.0,0,0,18-APR-2022,
OPTSTK,MOTHERSUMI,28-Apr-2022,212.5,PE,0.0,0.0,0.0,43.75,73.2,0,0.0,0,0,18-APR-2022,
OPTSTK,MOTHERSUMI,28-Apr-2022,215.0,PE,0.0,0.0,0.0,45.75,75.7,0,0.0,0,0,18-APR-2022,
OPTSTK,MOTHERSUMI,28-Apr-2022,217.5,PE,0.0,0.0,0.0,47.75,78.2,0,0.0,0,0,18-APR-2022,
OPTSTK,MOTHERSUMI,28-Apr-2022,220.0,PE,0.0,0.0,0.0,49.8,80.65,0,0.0,0,0,18-APR-2022,
OPTSTK,MOTHERSUMI,28-Apr-2022,222.5,PE,0.0,0.0,0.0,51.85,83.15,0,0.0,0,0,18-APR-2022,
OPTSTK,MOTHERSUMI,28-Apr-2022,225.0,PE,0.0,0.0,0.0,53.95,85.65,0,0.0,0,0,18-APR-2022,
OPTSTK,MOTHERSUMI,28-Apr-2022,227.5,PE,0.0,0.0,0.0,56.05,88.15,0,0.0,0,0,18-APR-2022,
OPTSTK,MOTHERSUMI,28-Apr-2022,230.0,PE,0.0,0.0,0.0,58.2,90.65,0,0.0,0,0,18-APR-2022,
OPTSTK,MOTHERSUMI,28-Apr-2022,232.5,PE,0.0,0.0,0.0,60.35,93.15,0,0.0,0,0,18-APR-2022,
OPTSTK,MOTHERSUMI,28-Apr-2022,235.0,PE,0.0,0.0,0.0,62.55,95.65,0,0.0,0,0,18-APR-2022,
OPTSTK,MOTHERSUMI,26-May-2022,82.5,CE,0.0,0.0,0.0,63.1,57.0,0,0.0,0,0,18-APR-2022,
OPTSTK,MOTHERSUMI,26-May-2022,85.0,CE,0.0,0.0,0.0,60.7,54.5,0,0.0,0,0,18-APR-2022,
OPTSTK,MOTHERSUMI,26-May-2022,87.5,CE,0.0,0.0,0.0,58.3,52.0,0,0.0,0,0,18-APR-2022,
OPTSTK,MOTHERSUMI,26-May-2022,90.0,CE,0.0,0.0,0.0,55.95,49.55,0,0.0,0,0,18-APR-2022,
OPTSTK,MOTHERSUMI,26-May-2022,92.5,CE,0.0,0.0,0.0,53.6,47.1,0,0.0,0,0,18-APR-2022,
OPTSTK,MOTHERSUMI,26-May-2022,95.0,CE,0.0,0.0,0.0,51.25,44.6,0,0.0,0,0,18-APR-2022,
OPTSTK,MOTHERSUMI,26-May-2022,97.5,CE,0.0,0.0,0.0,49.0,42.2,0,0.0,0,0,18-APR-2022,
OPTSTK,MOTHERSUMI,26-May-2022,100.0,CE,0.0,0.0,0.0,46.75,39.75,0,0.0,0,0,18-APR-2022,
OPTSTK,MOTHERSUMI,26-May-2022,102.5,CE,0.0,0.0,0.0,44.55,37.35,0,0.0,0,0,18-APR-2022,
OPTSTK,MOTHERSUMI,26-May-2022,105.0,CE,0.0,0.0,0.0,42.35,35.0,0,0.0,0,0,18-APR-2022,
OPTSTK,MOTHERSUMI,26-May-2022,107.5,CE,0.0,0.0,0.0,40.25,32.65,0,0.0,0,0,18-APR-2022,
OPTSTK,MOTHERSUMI,26-May-2022,110.0,CE,0.0,0.0,0.0,38.2,30.4,0,0.0,0,0,18-APR-2022,
OPTSTK,MOTHERSUMI,26-May-2022,112.5,CE,0.0,0.0,0.0,36.2,28.15,0,0.0,0,0,18-APR-2022,
OPTSTK,MOTHERSUMI,26-May-2022,115.0,CE,0.0,0.0,0.0,34.25,26.0,0,0.0,0,0,18-APR-2022,
OPTSTK,MOTHERSUMI,26-May-2022,117.5,CE,0.0,0.0,0.0,32.35,23.9,0,0.0,0,0,18-APR-2022,
OPTSTK,MOTHERSUMI,26-May-2022,120.0,CE,0.0,0.0,0.0,30.5,21.9,0,0.0,0,0,18-APR-2022,
OPTSTK,MOTHERSUMI,26-May-2022,122.5,CE,0.0,0.0,0.0,28.75,20.0,0,0.0,0,0,18-APR-2022,
OPTSTK,MOTHERSUMI,26-May-2022,125.0,CE,0.0,0.0,0.0,27.05,18.15,0,0.0,0,0,18-APR-2022,
OPTSTK,MOTHERSUMI,26-May-2022,127.5,CE,0.0,0.0,0.0,25.4,16.45,0,0.0,0,0,18-APR-2022,
OPTSTK,MOTHERSUMI,26-May-2022,130.0,CE,0.0,0.0,0.0,23.85,14.8,0,0.0,0,0,18-APR-2022,
OPTSTK,MOTHERSUMI,26-May-2022,132.5,CE,0.0,0.0,0.0,22.35,13.3,0,0.0,0,0,18-APR-2022,
OPTSTK,MOTHERSUMI,26-May-2022,135.0,CE,0.0,0.0,0.0,20.9,11.9,0,0.0,0,0,18-APR-2022,
OPTSTK,MOTHERSUMI,26-May-2022,137.5,CE,0.0,0.0,0.0,19.55,10.6,0,0.0,0,0,18-APR-2022,
OPTSTK,MOTHERSUMI,26-May-2022,140.0,CE,9.0,9.0,7.7,8.65,8.65,27,140.04,112000,42000,18-APR-2022,
OPTSTK,MOTHERSUMI,26-May-2022,142.5,CE,0.0,0.0,0.0,17.05,8.3,0,0.0,0,0,18-APR-2022,
OPTSTK,MOTHERSUMI,26-May-2022,145.0,CE,6.5,6.5,6.5,6.5,6.5,1,5.3,3500,3500,18-APR-2022,
OPTSTK,MOTHERSUMI,26-May-2022,147.5,CE,0.0,0.0,0.0,14.75,6.4,0,0.0,0,0,18-APR-2022,
OPTSTK,MOTHERSUMI,26-May-2022,150.0,CE,4.95,5.5,4.2,4.5,5.55,21,113.55,154000,-7000,18-APR-2022,
OPTSTK,MOTHERSUMI,26-May-2022,152.5,CE,0.0,0.0,0.0,12.75,4.85,0,0.0,0,0,18-APR-2022,
OPTSTK,MOTHERSUMI,26-May-2022,155.0,CE,0.0,0.0,0.0,4.15,4.2,0,0.0,7000,0,18-APR-2022,
OPTSTK,MOTHERSUMI,26-May-2022,157.5,CE,0.0,0.0,0.0,10.95,3.65,0,0.0,0,0,18-APR-2022,
OPTSTK,MOTHERSUMI,26-May-2022,160.0,CE,2.6,2.8,2.0,2.5,2.5,8,45.5,52500,21000,18-APR-2022,
OPTSTK,MOTHERSUMI,26-May-2022,162.5,CE,0.0,0.0,0.0,9.4,2.7,0,0.0,0,0,18-APR-2022,
OPTSTK,MOTHERSUMI,26-May-2022,165.0,CE,0.0,0.0,0.0,8.65,2.3,0,0.0,0,0,18-APR-2022,
OPTSTK,MOTHERSUMI,26-May-2022,167.5,CE,0.0,0.0,0.0,8.0,1.95,0,0.0,0,0,18-APR-2022,
OPTSTK,MOTHERSUMI,26-May-2022,170.0,CE,0.0,0.0,0.0,7.4,1.65,0,0.0,0,0,18-APR-2022,
OPTSTK,MOTHERSUMI,26-May-2022,172.5,CE,0.0,0.0,0.0,6.8,1.4,0,0.0,0,0,18-APR-2022,
OPTSTK,MOTHERSUMI,26-May-2022,175.0,CE,0.0,0.0,0.0,6.3,1.2,0,0.0,0,0,18-APR-2022,
OPTSTK,MOTHERSUMI,26-May-2022,177.5,CE,0.0,0.0,0.0,5.8,1.0,0,0.0,0,0,18-APR-2022,
OPTSTK,MOTHERSUMI,26-May-2022,180.0,CE,0.9,0.9,0.9,0.9,0.85,1,6.33,14000,0,18-APR-2022,
OPTSTK,MOTHERSUMI,26-May-2022,182.5,CE,0.0,0.0,0.0,4.9,0.7,0,0.0,0,0,18-APR-2022,
OPTSTK,MOTHERSUMI,26-May-2022,185.0,CE,0.0,0.0,0.0,4.5,0.6,0,0.0,0,0,18-APR-2022,
OPTSTK,MOTHERSUMI,26-May-2022,187.5,CE,0.0,0.0,0.0,4.15,0.5,0,0.0,0,0,18-APR-2022,
OPTSTK,MOTHERSUMI,26-May-2022,190.0,CE,0.0,0.0,0.0,3.8,0.4,0,0.0,0,0,18-APR-2022,
OPTSTK,MOTHERSUMI,26-May-2022,192.5,CE,0.0,0.0,0.0,3.5,0.35,0,0.0,0,0,18-APR-2022,
OPTSTK,MOTHERSUMI,26-May-2022,195.0,CE,0.0,0.0,0.0,3.2,0.3,0,0.0,0,0,18-APR-2022,
OPTSTK,MOTHERSUMI,26-May-2022,197.5,CE,0.0,0.0,0.0,2.9,0.25,0,0.0,0,0,18-APR-2022,
OPTSTK,MOTHERSUMI,26-May-2022,200.0,CE,0.65,0.65,0.65,0.65,0.2,1,7.02,7000,0,18-APR-2022,
OPTSTK,MOTHERSUMI,26-May-2022,202.5,CE,0.0,0.0,0.0,2.45,0.15,0,0.0,0,0,18-APR-2022,
OPTSTK,MOTHERSUMI,26-May-2022,205.0,CE,0.0,0.0,0.0,2.25,0.15,0,0.0,0,0,18-APR-2022,
OPTSTK,MOTHERSUMI,26-May-2022,207.5,CE,0.0,0.0,0.0,2.05,0.1,0,0.0,0,0,18-APR-2022,
OPTSTK,MOTHERSUMI,26-May-2022,210.0,CE,0.0,0.0,0.0,1.85,0.1,0,0.0,0,0,18-APR-2022,
OPTSTK,MOTHERSUMI,26-May-2022,212.5,CE,0.0,0.0,0.0,1.7,0.1,0,0.0,0,0,18-APR-2022,
OPTSTK,MOTHERSUMI,26-May-2022,215.0,CE,0.0,0.0,0.0,1.55,0.1,0,0.0,0,0,18-APR-2022,
OPTSTK,MOTHERSUMI,26-May-2022,217.5,CE,0.0,0.0,0.0,1.45,0.05,0,0.0,0,0,18-APR-2022,
OPTSTK,MOTHERSUMI,26-May-2022,220.0,CE,0.0,0.0,0.0,1.25,0.05,0,0.0,3500,0,18-APR-2022,
OPTSTK,MOTHERSUMI,26-May-2022,222.5,CE,0.0,0.0,0.0,1.2,0.05,0,0.0,0,0,18-APR-2022,
OPTSTK,MOTHERSUMI,26-May-2022,225.0,CE,0.0,0.0,0.0,1.1,0.05,0,0.0,0,0,18-APR-2022,
OPTSTK,MOTHERSUMI,26-May-2022,227.5,CE,0.2,0.2,0.2,0.2,0.05,1,7.96,77000,-3500,18-APR-2022,
OPTSTK,MOTHERSUMI,26-May-2022,230.0,CE,0.0,0.0,0.0,0.9,0.05,0,0.0,0,0,18-APR-2022,
OPTSTK,MOTHERSUMI,26-May-2022,232.5,CE,0.0,0.0,0.0,0.85,0.05,0,0.0,0,0,18-APR-2022,
OPTSTK,MOTHERSUMI,26-May-2022,235.0,CE,0.0,0.0,0.0,0.75,0.05,0,0.0,0,0,18-APR-2022,
OPTSTK,MOTHERSUMI,26-May-2022,82.5,PE,0.0,0.0,0.0,0.2,0.05,0,0.0,0,0,18-APR-2022,
OPTSTK,MOTHERSUMI,26-May-2022,85.0,PE,0.0,0.0,0.0,0.25,0.05,0,0.0,0,0,18-APR-2022,
OPTSTK,MOTHERSUMI,26-May-2022,87.5,PE,0.0,0.0,0.0,0.35,0.05,0,0.0,0,0,18-APR-2022,
OPTSTK,MOTHERSUMI,26-May-2022,90.0,PE,0.0,0.0,0.0,0.45,0.05,0,0.0,0,0,18-APR-2022,
OPTSTK,MOTHERSUMI,26-May-2022,92.5,PE,0.0,0.0,0.0,0.55,0.05,0,0.0,0,0,18-APR-2022,
OPTSTK,MOTHERSUMI,26-May-2022,95.0,PE,0.0,0.0,0.0,0.7,0.1,0,0.0,0,0,18-APR-2022,
OPTSTK,MOTHERSUMI,26-May-2022,97.5,PE,0.0,0.0,0.0,0.9,0.15,0,0.0,0,0,18-APR-2022,
OPTSTK,MOTHERSUMI,26-May-2022,100.0,PE,0.0,0.0,0.0,1.15,0.2,0,0.0,0,0,18-APR-2022,
OPTSTK,MOTHERSUMI,26-May-2022,102.5,PE,0.0,0.0,0.0,1.4,0.3,0,0.0,0,0,18-APR-2022,
OPTSTK,MOTHERSUMI,26-May-2022,105.0,PE,0.0,0.0,0.0,1.7,0.45,0,0.0,0,0,18-APR-2022,
OPTSTK,MOTHERSUMI,26-May-2022,107.5,PE,0.0,0.0,0.0,2.1,0.6,0,0.0,0,0,18-APR-2022,
OPTSTK,MOTHERSUMI,26-May-2022,110.0,PE,0.0,0.0,0.0,2.5,0.8,0,0.0,0,0,18-APR-2022,
OPTSTK,MOTHERSUMI,26-May-2022,112.5,PE,0.0,0.0,0.0,2.95,1.05,0,0.0,0,0,18-APR-2022,
OPTSTK,MOTHERSUMI,26-May-2022,115.0,PE,0.0,0.0,0.0,3.5,1.4,0,0.0,0,0,18-APR-2022,
OPTSTK,MOTHERSUMI,26-May-2022,117.5,PE,0.0,0.0,0.0,4.05,1.8,0,0.0,0,0,18-APR-2022,
OPTSTK,MOTHERSUMI,26-May-2022,120.0,PE,1.35,2.45,1.35,2.0,2.3,9,38.45,31500,14000,18-APR-2022,
OPTSTK,MOTHERSUMI,26-May-2022,122.5,PE,0.0,0.0,0.0,2.0,2.85,0,0.0,3500,0,18-APR-2022,
OPTSTK,MOTHERSUMI,26-May-2022,125.0,PE,1.95,3.1,1.95,3.1,3.5,2,8.92,17500,3500,18-APR-2022,
OPTSTK,MOTHERSUMI,26-May-2022,127.5,PE,0.0,0.0,0.0,6.0,4.3,0,0.0,0,0,18-APR-2022,
OPTSTK,MOTHERSUMI,26-May-2022,130.0,PE,5.15,5.15,5.0,5.1,5.15,3,14.18,42000,7000,18-APR-2022,
OPTSTK,MOTHERSUMI,26-May-2022,132.5,PE,0.0,0.0,0.0,8.9,6.1,0,0.0,0,0,18-APR-2022,
OPTSTK,MOTHERSUMI,26-May-2022,135.0,PE,6.0,6.0,6.0,6.0,7.2,5,24.67,24500,17500,18-APR-2022,
OPTSTK,MOTHERSUMI,26-May-2022,137.5,PE,0.0,0.0,0.0,11.05,8.35,0,0.0,0,0,18-APR-2022,
OPTSTK,MOTHERSUMI,26-May-2022,140.0,PE,9.0,10.25,8.25,8.4,8.4,7,36.58,31500,10500,18-APR-2022,
OPTSTK,MOTHERSUMI,26-May-2022,142.5,PE,0.0,0.0,0.0,13.5,11.05,0,0.0,0,0,18-APR-2022,
OPTSTK,MOTHERSUMI,26-May-2022,145.0,PE,0.0,0.0,0.0,14.8,12.55,0,0.0,0,0,18-APR-2022,
OPTSTK,MOTHERSUMI,26-May-2022,147.5,PE,0.0,0.0,0.0,16.15,14.15,0,0.0,0,0,18-APR-2022,
OPTSTK,MOTHERSUMI,26-May-2022,150.0,PE,0.0,0.0,0.0,15.0,15.8,0,0.0,3500,0,18-APR-2022,
OPTSTK,MOTHERSUMI,26-May-2022,152.5,PE,0.0,0.0,0.0,19.1,17.55,0,0.0,0,0,18-APR-2022,
OPTSTK,MOTHERSUMI,26-May-2022,155.0,PE,0.0,0.0,0.0,20.65,19.4,0,0.0,0,0,18-APR-2022,
OPTSTK,MOTHERSUMI,26-May-2022,157.5,PE,0.0,0.0,0.0,22.25,21.35,0,0.0,0,0,18-APR-2022,
OPTSTK,MOTHERSUMI,26-May-2022,160.0,PE,0.0,0.0,0.0,23.9,23.3,0,0.0,0,0,18-APR-2022,
OPTSTK,MOTHERSUMI,26-May-2022,162.5,PE,0.0,0.0,0.0,25.65,25.35,0,0.0,0,0,18-APR-2022,
OPTSTK,MOTHERSUMI,26-May-2022,165.0,PE,0.0,0.0,0.0,27.4,27.45,0,0.0,0,0,18-APR-2022,
OPTSTK,MOTHERSUMI,26-May-2022,167.5,PE,0.0,0.0,0.0,29.2,29.6,0,0.0,0,0,18-APR-2022,
OPTSTK,MOTHERSUMI,26-May-2022,170.0,PE,0.0,0.0,0.0,29.0,31.8,0,0.0,7000,0,18-APR-2022,
OPTSTK,MOTHERSUMI,26-May-2022,172.5,PE,0.0,0.0,0.0,32.95,34.05,0,0.0,0,0,18-APR-2022,
OPTSTK,MOTHERSUMI,26-May-2022,175.0,PE,0.0,0.0,0.0,34.9,36.3,0,0.0,0,0,18-APR-2022,
OPTSTK,MOTHERSUMI,26-May-2022,177.5,PE,0.0,0.0,0.0,36.9,38.65,0,0.0,0,0,18-APR-2022,
OPTSTK,MOTHERSUMI,26-May-2022,180.0,PE,0.0,0.0,0.0,38.9,40.95,0,0.0,0,0,18-APR-2022,
OPTSTK,MOTHERSUMI,26-May-2022,182.5,PE,0.0,0.0,0.0,40.95,43.3,0,0.0,0,0,18-APR-2022,
OPTSTK,MOTHERSUMI,26-May-2022,185.0,PE,0.0,0.0,0.0,43.0,45.7,0,0.0,0,0,18-APR-2022,
OPTSTK,MOTHERSUMI,26-May-2022,187.5,PE,0.0,0.0,0.0,45.1,48.1,0,0.0,0,0,18-APR-2022,
OPTSTK,MOTHERSUMI,26-May-2022,190.0,PE,0.0,0.0,0.0,47.25,50.5,0,0.0,0,0,18-APR-2022,
OPTSTK,MOTHERSUMI,26-May-2022,192.5,PE,0.0,0.0,0.0,49.4,52.9,0,0.0,0,0,18-APR-2022,
OPTSTK,MOTHERSUMI,26-May-2022,195.0,PE,0.0,0.0,0.0,51.6,55.35,0,0.0,0,0,18-APR-2022,
OPTSTK,MOTHERSUMI,26-May-2022,197.5,PE,0.0,0.0,0.0,53.8,57.8,0,0.0,0,0,18-APR-2022,
OPTSTK,MOTHERSUMI,26-May-2022,200.0,PE,0.0,0.0,0.0,56.05,60.2,0,0.0,0,0,18-APR-2022,
OPTSTK,MOTHERSUMI,26-May-2022,202.5,PE,0.0,0.0,0.0,58.3,62.7,0,0.0,0,0,18-APR-2022,
OPTSTK,MOTHERSUMI,26-May-2022,205.0,PE,0.0,0.0,0.0,60.55,65.15,0,0.0,0,0,18-APR-2022,
OPTSTK,MOTHERSUMI,26-May-2022,207.5,PE,0.0,0.0,0.0,62.85,67.6,0,0.0,0,0,18-APR-2022,
OPTSTK,MOTHERSUMI,26-May-2022,210.0,PE,0.0,0.0,0.0,65.15,70.1,0,0.0,0,0,18-APR-2022,
OPTSTK,MOTHERSUMI,26-May-2022,212.5,PE,0.0,0.0,0.0,67.45,72.55,0,0.0,0,0,18-APR-2022,
OPTSTK,MOTHERSUMI,26-May-2022,215.0,PE,0.0,0.0,0.0,69.75,75.05,0,0.0,0,0,18-APR-2022,
OPTSTK,MOTHERSUMI,26-May-2022,217.5,PE,0.0,0.0,0.0,72.1,77.5,0,0.0,0,0,18-APR-2022,
OPTSTK,MOTHERSUMI,26-May-2022,220.0,PE,0.0,0.0,0.0,74.45,80.0,0,0.0,0,0,18-APR-2022,
OPTSTK,MOTHERSUMI,26-May-2022,222.5,PE,0.0,0.0,0.0,76.8,82.45,0,0.0,0,0,18-APR-2022,
OPTSTK,MOTHERSUMI,26-May-2022,225.0,PE,0.0,0.0,0.0,79.2,84.95,0,0.0,0,0,18-APR-2022,
OPTSTK,MOTHERSUMI,26-May-2022,227.5,PE,0.0,0.0,0.0,81.55,87.45,0,0.0,0,0,18-APR-2022,
OPTSTK,MOTHERSUMI,26-May-2022,230.0,PE,0.0,0.0,0.0,83.95,89.9,0,0.0,0,0,18-APR-2022,
OPTSTK,MOTHERSUMI,26-May-2022,232.5,PE,0.0,0.0,0.0,86.35,92.4,0,0.0,0,0,18-APR-2022,
OPTSTK,MOTHERSUMI,26-May-2022,235.0,PE,0.0,0.0,0.0,88.75,94.9,0,0.0,0,0,18-APR-2022,
OPTSTK,MOTHERSUMI,30-Jun-2022,85.0,CE,0.0,0.0,0.0,55.7,55.0,0,0.0,0,0,18-APR-2022,
OPTSTK,MOTHERSUMI,30-Jun-2022,87.5,CE,0.0,0.0,0.0,53.35,52.6,0,0.0,0,0,18-APR-2022,
OPTSTK,MOTHERSUMI,30-Jun-2022,90.0,CE,0.0,0.0,0.0,51.0,50.2,0,0.0,0,0,18-APR-2022,
OPTSTK,MOTHERSUMI,30-Jun-2022,92.5,CE,0.0,0.0,0.0,48.7,47.85,0,0.0,0,0,18-APR-2022,
OPTSTK,MOTHERSUMI,30-Jun-2022,95.0,CE,0.0,0.0,0.0,46.45,45.5,0,0.0,0,0,18-APR-2022,
OPTSTK,MOTHERSUMI,30-Jun-2022,97.5,CE,0.0,0.0,0.0,44.25,43.2,0,0.0,0,0,18-APR-2022,
OPTSTK,MOTHERSUMI,30-Jun-2022,100.0,CE,0.0,0.0,0.0,42.05,40.95,0,0.0,0,0,18-APR-2022,
OPTSTK,MOTHERSUMI,30-Jun-2022,102.5,CE,0.0,0.0,0.0,39.9,38.7,0,0.0,0,0,18-APR-2022,
OPTSTK,MOTHERSUMI,30-Jun-2022,105.0,CE,0.0,0.0,0.0,37.85,36.55,0,0.0,0,0,18-APR-2022,
OPTSTK,MOTHERSUMI,30-Jun-2022,107.5,CE,0.0,0.0,0.0,35.8,34.45,0,0.0,0,0,18-APR-2022,
OPTSTK,MOTHERSUMI,30-Jun-2022,110.0,CE,0.0,0.0,0.0,33.85,32.35,0,0.0,0,0,18-APR-2022,
OPTSTK,MOTHERSUMI,30-Jun-2022,112.5,CE,0.0,0.0,0.0,31.95,30.4,0,0.0,0,0,18-APR-2022,
OPTSTK,MOTHERSUMI,30-Jun-2022,115.0,CE,0.0,0.0,0.0,30.1,28.45,0,0.0,0,0,18-APR-2022,
OPTSTK,MOTHERSUMI,30-Jun-2022,117.5,CE,0.0,0.0,0.0,28.3,26.6,0,0.0,0,0,18-APR-2022,
OPTSTK,MOTHERSUMI,30-Jun-2022,120.0,CE,0.0,0.0,0.0,26.6,24.8,0,0.0,0,0,18-APR-2022,
OPTSTK,MOTHERSUMI,30-Jun-2022,122.5,CE,0.0,0.0,0.0,24.95,23.1,0,0.0,0,0,18-APR-2022,
OPTSTK,MOTHERSUMI,30-Jun-2022,125.0,CE,0.0,0.0,0.0,23.4,21.45,0,0.0,0,0,18-APR-2022,
OPTSTK,MOTHERSUMI,30-Jun-2022,127.5,CE,0.0,0.0,0.0,21.9,19.9,0,0.0,0,0,18-APR-2022,
OPTSTK,MOTHERSUMI,30-Jun-2022,130.0,CE,0.0,0.0,0.0,20.45,18.4,0,0.0,0,0,18-APR-2022,
OPTSTK,MOTHERSUMI,30-Jun-2022,132.5,CE,0.0,0.0,0.0,19.1,17.0,0,0.0,0,0,18-APR-2022,
OPTSTK,MOTHERSUMI,30-Jun-2022,135.0,CE,0.0,0.0,0.0,17.8,15.7,0,0.0,0,0,18-APR-2022,
OPTSTK,MOTHERSUMI,30-Jun-2022,137.5,CE,0.0,0.0,0.0,16.55,14.45,0,0.0,0,0,18-APR-2022,
OPTSTK,MOTHERSUMI,30-Jun-2022,140.0,CE,0.0,0.0,0.0,15.4,13.3,0,0.0,0,0,18-APR-2022,
OPTSTK,MOTHERSUMI,30-Jun-2022,142.5,CE,0.0,0.0,0.0,14.3,12.2,0,0.0,0,0,18-APR-2022,
OPTSTK,MOTHERSUMI,30-Jun-2022,145.0,CE,0.0,0.0,0.0,13.3,11.15,0,0.0,0,0,18-APR-2022,
OPTSTK,MOTHERSUMI,30-Jun-2022,147.5,CE,0.0,0.0,0.0,12.3,10.2,0,0.0,0,0,18-APR-2022,
OPTSTK,MOTHERSUMI,30-Jun-2022,150.0,CE,0.0,0.0,0.0,11.4,9.35,0,0.0,0,0,18-APR-2022,
OPTSTK,MOTHERSUMI,30-Jun-2022,152.5,CE,0.0,0.0,0.0,10.55,8.5,0,0.0,0,0,18-APR-2022,
OPTSTK,MOTHERSUMI,30-Jun-2022,155.0,CE,0.0,0.0,0.0,9.75,7.75,0,0.0,0,0,18-APR-2022,
OPTSTK,MOTHERSUMI,30-Jun-2022,157.5,CE,0.0,0.0,0.0,9.0,7.05,0,0.0,0,0,18-APR-2022,
OPTSTK,MOTHERSUMI,30-Jun-2022,160.0,CE,0.0,0.0,0.0,8.3,6.4,0,0.0,0,0,18-APR-2022,
OPTSTK,MOTHERSUMI,30-Jun-2022,162.5,CE,0.0,0.0,0.0,7.65,5.8,0,0.0,0,0,18-APR-2022,
OPTSTK,MOTHERSUMI,30-Jun-2022,165.0,CE,0.0,0.0,0.0,7.05,5.25,0,0.0,0,0,18-APR-2022,
OPTSTK,MOTHERSUMI,30-Jun-2022,167.5,CE,0.0,0.0,0.0,6.5,4.75,0,0.0,0,0,18-APR-2022,
OPTSTK,MOTHERSUMI,30-Jun-2022,170.0,CE,0.0,0.0,0.0,5.95,4.3,0,0.0,0,0,18-APR-2022,
OPTSTK,MOTHERSUMI,30-Jun-2022,172.5,CE,0.0,0.0,0.0,5.5,3.9,0,0.0,0,0,18-APR-2022,
OPTSTK,MOTHERSUMI,30-Jun-2022,175.0,CE,0.0,0.0,0.0,5.05,3.5,0,0.0,0,0,18-APR-2022,
OPTSTK,MOTHERSUMI,30-Jun-2022,177.5,CE,0.0,0.0,0.0,4.6,3.15,0,0.0,0,0,18-APR-2022,
OPTSTK,MOTHERSUMI,30-Jun-2022,180.0,CE,0.0,0.0,0.0,4.25,2.85,0,0.0,0,0,18-APR-2022,
OPTSTK,MOTHERSUMI,30-Jun-2022,182.5,CE,0.0,0.0,0.0,3.9,2.55,0,0.0,0,0,18-APR-2022,
OPTSTK,MOTHERSUMI,30-Jun-2022,185.0,CE,0.0,0.0,0.0,3.55,2.3,0,0.0,0,0,18-APR-2022,
OPTSTK,MOTHERSUMI,30-Jun-2022,187.5,CE,0.0,0.0,0.0,3.25,2.05,0,0.0,0,0,18-APR-2022,
OPTSTK,MOTHERSUMI,30-Jun-2022,190.0,CE,0.0,0.0,0.0,2.95,1.85,0,0.0,0,0,18-APR-2022,
OPTSTK,MOTHERSUMI,30-Jun-2022,192.5,CE,0.0,0.0,0.0,2.7,1.65,0,0.0,0,0,18-APR-2022,
OPTSTK,MOTHERSUMI,30-Jun-2022,195.0,CE,0.0,0.0,0.0,2.5,1.5,0,0.0,0,0,18-APR-2022,
OPTSTK,MOTHERSUMI,30-Jun-2022,85.0,PE,0.0,0.0,0.0,0.35,0.2,0,0.0,0,0,18-APR-2022,
OPTSTK,MOTHERSUMI,30-Jun-2022,87.5,PE,0.0,0.0,0.0,0.5,0.25,0,0.0,0,0,18-APR-2022,
OPTSTK,MOTHERSUMI,30-Jun-2022,90.0,PE,0.0,0.0,0.0,0.6,0.35,0,0.0,0,0,18-APR-2022,
OPTSTK,MOTHERSUMI,30-Jun-2022,92.5,PE,0.0,0.0,0.0,0.8,0.45,0,0.0,0,0,18-APR-2022,
OPTSTK,MOTHERSUMI,30-Jun-2022,95.0,PE,0.0,0.0,0.0,1.0,0.6,0,0.0,0,0,18-APR-2022,
OPTSTK,MOTHERSUMI,30-Jun-2022,97.5,PE,0.0,0.0,0.0,1.25,0.75,0,0.0,0,0,18-APR-2022,
OPTSTK,MOTHERSUMI,30-Jun-2022,100.0,PE,0.0,0.0,0.0,1.55,1.0,0,0.0,0,0,18-APR-2022,
OPTSTK,MOTHERSUMI,30-Jun-2022,102.5,PE,0.0,0.0,0.0,1.9,1.25,0,0.0,0,0,18-APR-2022,
OPTSTK,MOTHERSUMI,30-Jun-2022,105.0,PE,0.0,0.0,0.0,2.3,1.55,0,0.0,0,0,18-APR-2022,
OPTSTK,MOTHERSUMI,30-Jun-2022,107.5,PE,0.0,0.0,0.0,2.75,1.9,0,0.0,0,0,18-APR-2022,
OPTSTK,MOTHERSUMI,30-Jun-2022,110.0,PE,0.0,0.0,0.0,3.25,2.35,0,0.0,0,0,18-APR-2022,
OPTSTK,MOTHERSUMI,30-Jun-2022,112.5,PE,0.0,0.0,0.0,3.8,2.8,0,0.0,0,0,18-APR-2022,
OPTSTK,MOTHERSUMI,30-Jun-2022,115.0,PE,0.0,0.0,0.0,4.45,3.35,0,0.0,0,0,18-APR-2022,
OPTSTK,MOTHERSUMI,30-Jun-2022,117.5,PE,0.0,0.0,0.0,5.15,4.0,0,0.0,0,0,18-APR-2022,
OPTSTK,MOTHERSUMI,30-Jun-2022,120.0,PE,0.0,0.0,0.0,5.9,4.7,0,0.0,0,0,18-APR-2022,
OPTSTK,MOTHERSUMI,30-Jun-2022,122.5,PE,0.0,0.0,0.0,6.75,5.45,0,0.0,0,0,18-APR-2022,
OPTSTK,MOTHERSUMI,30-Jun-2022,125.0,PE,0.0,0.0,0.0,7.65,6.3,0,0.0,0,0,18-APR-2022,
OPTSTK,MOTHERSUMI,30-Jun-2022,127.5,PE,0.0,0.0,0.0,8.6,7.2,0,0.0,0,0,18-APR-2022,
OPTSTK,MOTHERSUMI,30-Jun-2022,130.0,PE,0.0,0.0,0.0,9.65,8.2,0,0.0,0,0,18-APR-2022,
OPTSTK,MOTHERSUMI,30-Jun-2022,132.5,PE,0.0,0.0,0.0,10.75,9.3,0,0.0,0,0,18-APR-2022,
OPTSTK,MOTHERSUMI,30-Jun-2022,135.0,PE,0.0,0.0,0.0,11.95,10.45,0,0.0,0,0,18-APR-2022,
OPTSTK,MOTHERSUMI,30-Jun-2022,137.5,PE,0.0,0.0,0.0,13.15,11.7,0,0.0,0,0,18-APR-2022,
OPTSTK,MOTHERSUMI,30-Jun-2022,140.0,PE,0.0,0.0,0.0,14.5,13.0,0,0.0,0,0,18-APR-2022,
OPTSTK,MOTHERSUMI,30-Jun-2022,142.5,PE,0.0,0.0,0.0,15.85,14.4,0,0.0,0,0,18-APR-2022,
OPTSTK,MOTHERSUMI,30-Jun-2022,145.0,PE,0.0,0.0,0.0,17.3,15.85,0,0.0,0,0,18-APR-2022,
OPTSTK,MOTHERSUMI,30-Jun-2022,147.5,PE,0.0,0.0,0.0,18.8,17.35,0,0.0,0,0,18-APR-2022,
OPTSTK,MOTHERSUMI,30-Jun-2022,150.0,PE,0.0,0.0,0.0,20.35,18.95,0,0.0,0,0,18-APR-2022,
OPTSTK,MOTHERSUMI,30-Jun-2022,152.5,PE,0.0,0.0,0.0,22.0,20.6,0,0.0,0,0,18-APR-2022,
OPTSTK,MOTHERSUMI,30-Jun-2022,155.0,PE,0.0,0.0,0.0,23.65,22.35,0,0.0,0,0,18-APR-2022,
OPTSTK,MOTHERSUMI,30-Jun-2022,157.5,PE,0.0,0.0,0.0,25.4,24.1,0,0.0,0,0,18-APR-2022,
OPTSTK,MOTHERSUMI,30-Jun-2022,160.0,PE,0.0,0.0,0.0,27.15,25.95,0,0.0,0,0,18-APR-2022,
OPTSTK,MOTHERSUMI,30-Jun-2022,162.5,PE,0.0,0.0,0.0,29.0,27.85,0,0.0,0,0,18-APR-2022,
OPTSTK,MOTHERSUMI,30-Jun-2022,165.0,PE,0.0,0.0,0.0,30.85,29.75,0,0.0,0,0,18-APR-2022,
OPTSTK,MOTHERSUMI,30-Jun-2022,167.5,PE,0.0,0.0,0.0,32.75,31.75,0,0.0,0,0,18-APR-2022,
OPTSTK,MOTHERSUMI,30-Jun-2022,170.0,PE,0.0,0.0,0.0,34.75,33.75,0,0.0,0,0,18-APR-2022,
OPTSTK,MOTHERSUMI,30-Jun-2022,172.5,PE,0.0,0.0,0.0,36.7,35.85,0,0.0,0,0,18-APR-2022,
OPTSTK,MOTHERSUMI,30-Jun-2022,175.0,PE,0.0,0.0,0.0,38.75,37.9,0,0.0,0,0,18-APR-2022,
OPTSTK,MOTHERSUMI,30-Jun-2022,177.5,PE,0.0,0.0,0.0,40.8,40.05,0,0.0,0,0,18-APR-2022,
OPTSTK,MOTHERSUMI,30-Jun-2022,180.0,PE,0.0,0.0,0.0,42.9,42.2,0,0.0,0,0,18-APR-2022,
OPTSTK,MOTHERSUMI,30-Jun-2022,182.5,PE,0.0,0.0,0.0,45.0,44.4,0,0.0,0,0,18-APR-2022,
OPTSTK,MOTHERSUMI,30-Jun-2022,185.0,PE,0.0,0.0,0.0,47.15,46.65,0,0.0,0,0,18-APR-2022,
OPTSTK,MOTHERSUMI,30-Jun-2022,187.5,PE,0.0,0.0,0.0,49.35,48.9,0,0.0,0,0,18-APR-2022,
OPTSTK,MOTHERSUMI,30-Jun-2022,190.0,PE,0.0,0.0,0.0,51.5,51.15,0,0.0,0,0,18-APR-2022,
OPTSTK,MOTHERSUMI,30-Jun-2022,192.5,PE,0.0,0.0,0.0,53.75,53.45,0,0.0,0,0,18-APR-2022,
OPTSTK,MOTHERSUMI,30-Jun-2022,195.0,PE,0.0,0.0,0.0,56.0,55.75,0,0.0,0,0,18-APR-2022,
OPTSTK,MPHASIS,28-Apr-2022,2050.0,CE,0.0,0.0,0.0,916.5,832.25,0,0.0,0,0,18-APR-2022,
OPTSTK,MPHASIS,28-Apr-2022,2100.0,CE,0.0,0.0,0.0,870.4,782.3,0,0.0,0,0,18-APR-2022,
OPTSTK,MPHASIS,28-Apr-2022,2150.0,CE,0.0,0.0,0.0,825.05,732.35,0,0.0,0,0,18-APR-2022,
OPTSTK,MPHASIS,28-Apr-2022,2200.0,CE,0.0,0.0,0.0,780.6,682.4,0,0.0,0,0,18-APR-2022,
OPTSTK,MPHASIS,28-Apr-2022,2250.0,CE,0.0,0.0,0.0,737.05,632.45,0,0.0,0,0,18-APR-2022,
OPTSTK,MPHASIS,28-Apr-2022,2300.0,CE,0.0,0.0,0.0,694.55,582.55,0,0.0,0,0,18-APR-2022,
OPTSTK,MPHASIS,28-Apr-2022,2350.0,CE,0.0,0.0,0.0,653.2,532.7,0,0.0,0,0,18-APR-2022,
OPTSTK,MPHASIS,28-Apr-2022,2400.0,CE,0.0,0.0,0.0,613.05,483.0,0,0.0,0,0,18-APR-2022,
OPTSTK,MPHASIS,28-Apr-2022,2450.0,CE,0.0,0.0,0.0,574.2,433.55,0,0.0,0,0,18-APR-2022,
OPTSTK,MPHASIS,28-Apr-2022,2500.0,CE,0.0,0.0,0.0,536.8,384.6,0,0.0,0,0,18-APR-2022,
OPTSTK,MPHASIS,28-Apr-2022,2550.0,CE,0.0,0.0,0.0,500.7,336.55,0,0.0,0,0,18-APR-2022,
OPTSTK,MPHASIS,28-Apr-2022,2600.0,CE,268.0,268.0,265.0,265.0,289.9,4,20.06,700,700,18-APR-2022,
OPTSTK,MPHASIS,28-Apr-2022,2650.0,CE,0.0,0.0,0.0,432.9,245.3,0,0.0,0,0,18-APR-2022,
OPTSTK,MPHASIS,28-Apr-2022,2700.0,CE,194.0,194.0,194.0,194.0,203.4,10,50.64,1750,1750,18-APR-2022,
OPTSTK,MPHASIS,28-Apr-2022,2750.0,CE,0.0,0.0,0.0,371.45,165.1,0,0.0,0,0,18-APR-2022,
OPTSTK,MPHASIS,28-Apr-2022,2800.0,CE,130.0,152.1,125.0,146.8,146.8,38,194.89,2800,2800,18-APR-2022,
OPTSTK,MPHASIS,28-Apr-2022,2850.0,CE,102.6,117.0,90.95,113.25,113.25,51,263.71,3325,3325,18-APR-2022,
OPTSTK,MPHASIS,28-Apr-2022,2900.0,CE,123.85,124.2,72.25,89.55,89.55,700,3654.1,28525,28525,18-APR-2022,
OPTSTK,MPHASIS,28-Apr-2022,2950.0,CE,119.5,120.0,54.15,72.1,72.1,147,776.05,6300,6300,18-APR-2022,
OPTSTK,MPHASIS,28-Apr-2022,3000.0,CE,107.25,112.0,40.95,50.1,50.1,1097,5859.52,47250,43400,18-APR-2022,
OPTSTK,MPHASIS,28-Apr-2022,3050.0,CE,56.25,86.3,30.65,38.45,38.45,96,519.44,5425,-350,18-APR-2022,
OPTSTK,MPHASIS,28-Apr-2022,3100.0,CE,92.0,92.0,22.4,28.3,28.3,943,5169.04,67025,30275,18-APR-2022,
OPTSTK,MPHASIS,28-Apr-2022,3150.0,CE,37.8,46.65,17.05,22.4,22.4,198,1100.4,16275,-1050,18-APR-2022,
OPTSTK,MPHASIS,28-Apr-2022,3200.0,CE,44.35,44.35,13.15,17.2,17.2,1011,5698.34,125475,7175,18-APR-2022,
OPTSTK,MPHASIS,28-Apr-2022,3250.0,CE,18.65,22.85,10.7,17.9,17.9,73,417.14,14700,-350,18-APR-2022,
OPTSTK,MPHASIS,28-Apr-2022,3300.0,CE,8.8,20.0,7.0,11.35,11.35,731,4237.03,120400,2625,18-APR-2022,
OPTSTK,MPHASIS,28-Apr-2022,3350.0,CE,24.9,25.0,3.65,9.1,9.1,78,458.67,26075,700,18-APR-2022,
OPTSTK,MPHASIS,28-Apr-2022,3400.0,CE,7.1,18.95,6.2,8.4,8.4,359,2141.16,98700,2625,18-APR-2022,
OPTSTK,MPHASIS,28-Apr-2022,3450.0,CE,5.8,8.7,5.8,6.0,0.55,11,66.54,8050,175,18-APR-2022,
OPTSTK,MPHASIS,28-Apr-2022,3500.0,CE,5.25,7.95,4.65,6.75,6.75,542,3325.51,136675,-1400,18-APR-2022,
OPTSTK,MPHASIS,28-Apr-2022,3550.0,CE,1.15,9.55,1.15,4.5,0.15,19,118.19,13125,0,18-APR-2022,
OPTSTK,MPHASIS,28-Apr-2022,3600.0,CE,5.4,6.45,2.85,4.1,4.1,122,769.48,30800,-1225,18-APR-2022,
OPTSTK,MPHASIS,28-Apr-2022,3650.0,CE,1.1,1.1,1.05,1.05,0.05,2,12.77,525,-350,18-APR-2022,
OPTSTK,MPHASIS,28-Apr-2022,3700.0,CE,3.7,3.9,3.7,3.9,0.05,4,25.92,11900,-525,18-APR-2022,
OPTSTK,MPHASIS,28-Apr-2022,3750.0,CE,0.0,0.0,0.0,55.25,0.05,0,0.0,0,0,18-APR-2022,
OPTSTK,MPHASIS,28-Apr-2022,3800.0,CE,1.05,1.05,1.0,1.0,0.0,2,13.3,1400,0,18-APR-2022,
OPTSTK,MPHASIS,28-Apr-2022,3850.0,CE,0.0,0.0,0.0,44.3,0.0,0,0.0,0,0,18-APR-2022,
OPTSTK,MPHASIS,28-Apr-2022,3900.0,CE,0.0,0.0,0.0,39.6,0.0,0,0.0,0,0,18-APR-2022,
OPTSTK,MPHASIS,28-Apr-2022,3950.0,CE,0.0,0.0,0.0,35.4,0.0,0,0.0,0,0,18-APR-2022,
OPTSTK,MPHASIS,28-Apr-2022,4000.0,CE,0.0,0.0,0.0,2.0,0.0,0,0.0,875,0,18-APR-2022,
OPTSTK,MPHASIS,28-Apr-2022,4050.0,CE,0.0,0.0,0.0,28.15,0.0,0,0.0,0,0,18-APR-2022,
OPTSTK,MPHASIS,28-Apr-2022,4100.0,CE,0.0,0.0,0.0,25.05,0.0,0,0.0,0,0,18-APR-2022,
OPTSTK,MPHASIS,28-Apr-2022,4150.0,CE,0.0,0.0,0.0,15.0,0.0,0,0.0,175,0,18-APR-2022,
OPTSTK,MPHASIS,28-Apr-2022,4200.0,CE,0.0,0.0,0.0,19.8,0.0,0,0.0,0,0,18-APR-2022,
OPTSTK,MPHASIS,28-Apr-2022,2050.0,PE,0.0,0.0,0.0,11.1,0.0,0,0.0,0,0,18-APR-2022,
OPTSTK,MPHASIS,28-Apr-2022,2100.0,PE,0.0,0.0,0.0,14.5,0.0,0,0.0,0,0,18-APR-2022,
OPTSTK,MPHASIS,28-Apr-2022,2150.0,PE,0.0,0.0,0.0,18.65,0.0,0,0.0,0,0,18-APR-2022,
OPTSTK,MPHASIS,28-Apr-2022,2200.0,PE,0.0,0.0,0.0,23.65,0.0,0,0.0,0,0,18-APR-2022,
OPTSTK,MPHASIS,28-Apr-2022,2250.0,PE,0.0,0.0,0.0,29.6,0.05,0,0.0,0,0,18-APR-2022,
OPTSTK,MPHASIS,28-Apr-2022,2300.0,PE,0.0,0.0,0.0,36.6,0.05,0,0.0,0,0,18-APR-2022,
OPTSTK,MPHASIS,28-Apr-2022,2350.0,PE,0.0,0.0,0.0,44.7,0.15,0,0.0,0,0,18-APR-2022,
OPTSTK,MPHASIS,28-Apr-2022,2400.0,PE,0.0,0.0,0.0,54.05,0.4,0,0.0,0,0,18-APR-2022,
OPTSTK,MPHASIS,28-Apr-2022,2450.0,PE,0.0,0.0,0.0,64.7,0.9,0,0.0,0,0,18-APR-2022,
OPTSTK,MPHASIS,28-Apr-2022,2500.0,PE,0.0,0.0,0.0,76.75,1.9,0,0.0,0,0,18-APR-2022,
OPTSTK,MPHASIS,28-Apr-2022,2550.0,PE,0.0,0.0,0.0,90.15,3.8,0,0.0,0,0,18-APR-2022,
OPTSTK,MPHASIS,28-Apr-2022,2600.0,PE,15.0,26.0,15.0,15.65,15.65,133,609.78,6650,3675,18-APR-2022,
OPTSTK,MPHASIS,28-Apr-2022,2650.0,PE,0.0,0.0,0.0,121.3,12.4,0,0.0,0,0,18-APR-2022,
OPTSTK,MPHASIS,28-Apr-2022,2700.0,PE,10.0,53.05,10.0,30.9,30.9,170,815.0,11725,10150,18-APR-2022,
OPTSTK,MPHASIS,28-Apr-2022,2750.0,PE,0.0,0.0,0.0,16.0,32.1,0,0.0,350,0,18-APR-2022,
OPTSTK,MPHASIS,28-Apr-2022,2800.0,PE,35.0,92.55,35.0,60.3,60.3,376,1891.03,16800,12075,18-APR-2022,
OPTSTK,MPHASIS,28-Apr-2022,2850.0,PE,97.6,121.0,80.7,80.75,67.8,6,30.93,1400,175,18-APR-2022,
OPTSTK,MPHASIS,28-Apr-2022,2900.0,PE,70.0,148.25,60.45,104.05,104.05,895,4724.9,37275,18725,18-APR-2022,
OPTSTK,MPHASIS,28-Apr-2022,2950.0,PE,139.85,157.4,139.85,157.4,122.3,3,16.27,1050,350,18-APR-2022,
OPTSTK,MPHASIS,28-Apr-2022,3000.0,PE,100.0,213.2,92.2,167.25,167.25,369,2049.84,52150,-3850,18-APR-2022,
OPTSTK,MPHASIS,28-Apr-2022,3050.0,PE,0.0,0.0,0.0,308.45,194.0,0,0.0,0,0,18-APR-2022,
OPTSTK,MPHASIS,28-Apr-2022,3100.0,PE,161.4,280.0,150.0,228.2,228.2,43,250.93,16625,-1050,18-APR-2022,
OPTSTK,MPHASIS,28-Apr-2022,3150.0,PE,0.0,0.0,0.0,370.0,278.6,0,0.0,0,0,18-APR-2022,
OPTSTK,MPHASIS,28-Apr-2022,3200.0,PE,236.5,364.65,236.5,355.05,324.15,11,67.91,17850,-1225,18-APR-2022,
OPTSTK,MPHASIS,28-Apr-2022,3250.0,PE,0.0,0.0,0.0,95.0,371.15,0,0.0,350,0,18-APR-2022,
OPTSTK,MPHASIS,28-Apr-2022,3300.0,PE,408.85,463.45,408.8,435.8,435.8,36,236.17,9100,-4550,18-APR-2022,
OPTSTK,MPHASIS,28-Apr-2022,3350.0,PE,0.0,0.0,0.0,263.45,468.0,0,0.0,175,0,18-APR-2022,
OPTSTK,MPHASIS,28-Apr-2022,3400.0,PE,469.5,561.85,469.5,534.2,517.25,40,276.15,5075,-4200,18-APR-2022,
OPTSTK,MPHASIS,28-Apr-2022,3450.0,PE,0.0,0.0,0.0,584.3,566.75,0,0.0,0,0,18-APR-2022,
OPTSTK,MPHASIS,28-Apr-2022,3500.0,PE,0.0,0.0,0.0,345.3,616.45,0,0.0,1050,0,18-APR-2022,
OPTSTK,MPHASIS,28-Apr-2022,3550.0,PE,0.0,0.0,0.0,663.75,666.25,0,0.0,0,0,18-APR-2022,
OPTSTK,MPHASIS,28-Apr-2022,3600.0,PE,0.0,0.0,0.0,704.8,716.15,0,0.0,0,0,18-APR-2022,
OPTSTK,MPHASIS,28-Apr-2022,3650.0,PE,0.0,0.0,0.0,746.6,766.05,0,0.0,0,0,18-APR-2022,
OPTSTK,MPHASIS,28-Apr-2022,3700.0,PE,0.0,0.0,0.0,789.05,816.0,0,0.0,0,0,18-APR-2022,
OPTSTK,MPHASIS,28-Apr-2022,3750.0,PE,0.0,0.0,0.0,832.2,865.9,0,0.0,0,0,18-APR-2022,
OPTSTK,MPHASIS,28-Apr-2022,3800.0,PE,0.0,0.0,0.0,875.95,915.85,0,0.0,0,0,18-APR-2022,
OPTSTK,MPHASIS,28-Apr-2022,3850.0,PE,0.0,0.0,0.0,920.2,965.8,0,0.0,0,0,18-APR-2022,
OPTSTK,MPHASIS,28-Apr-2022,3900.0,PE,0.0,0.0,0.0,965.0,1015.75,0,0.0,0,0,18-APR-2022,
OPTSTK,MPHASIS,28-Apr-2022,3950.0,PE,0.0,0.0,0.0,1010.25,1065.7,0,0.0,0,0,18-APR-2022,
OPTSTK,MPHASIS,28-Apr-2022,4000.0,PE,0.0,0.0,0.0,1055.9,1115.6,0,0.0,0,0,18-APR-2022,
OPTSTK,MPHASIS,28-Apr-2022,4050.0,PE,0.0,0.0,0.0,1101.95,1165.55,0,0.0,0,0,18-APR-2022,
OPTSTK,MPHASIS,28-Apr-2022,4100.0,PE,0.0,0.0,0.0,1148.35,1215.5,0,0.0,0,0,18-APR-2022,
OPTSTK,MPHASIS,28-Apr-2022,4150.0,PE,0.0,0.0,0.0,1195.05,1265.45,0,0.0,0,0,18-APR-2022,
OPTSTK,MPHASIS,28-Apr-2022,4200.0,PE,0.0,0.0,0.0,1242.05,1315.4,0,0.0,0,0,18-APR-2022,
OPTSTK,MPHASIS,26-May-2022,2050.0,CE,0.0,0.0,0.0,933.45,839.85,0,0.0,0,0,18-APR-2022,
OPTSTK,MPHASIS,26-May-2022,2100.0,CE,0.0,0.0,0.0,887.1,790.65,0,0.0,0,0,18-APR-2022,
OPTSTK,MPHASIS,26-May-2022,2150.0,CE,0.0,0.0,0.0,841.5,741.8,0,0.0,0,0,18-APR-2022,
OPTSTK,MPHASIS,26-May-2022,2200.0,CE,0.0,0.0,0.0,796.7,693.35,0,0.0,0,0,18-APR-2022,
OPTSTK,MPHASIS,26-May-2022,2250.0,CE,0.0,0.0,0.0,752.8,645.45,0,0.0,0,0,18-APR-2022,
OPTSTK,MPHASIS,26-May-2022,2300.0,CE,0.0,0.0,0.0,709.9,598.35,0,0.0,0,0,18-APR-2022,
OPTSTK,MPHASIS,26-May-2022,2350.0,CE,0.0,0.0,0.0,668.1,552.15,0,0.0,0,0,18-APR-2022,
OPTSTK,MPHASIS,26-May-2022,2400.0,CE,0.0,0.0,0.0,627.5,507.05,0,0.0,0,0,18-APR-2022,
OPTSTK,MPHASIS,26-May-2022,2450.0,CE,0.0,0.0,0.0,588.15,463.3,0,0.0,0,0,18-APR-2022,
OPTSTK,MPHASIS,26-May-2022,2500.0,CE,0.0,0.0,0.0,550.1,421.15,0,0.0,0,0,18-APR-2022,
OPTSTK,MPHASIS,26-May-2022,2550.0,CE,0.0,0.0,0.0,513.6,380.75,0,0.0,0,0,18-APR-2022,
OPTSTK,MPHASIS,26-May-2022,2600.0,CE,0.0,0.0,0.0,478.4,342.3,0,0.0,0,0,18-APR-2022,
OPTSTK,MPHASIS,26-May-2022,2650.0,CE,0.0,0.0,0.0,444.65,306.05,0,0.0,0,0,18-APR-2022,
OPTSTK,MPHASIS,26-May-2022,2700.0,CE,0.0,0.0,0.0,412.55,271.85,0,0.0,0,0,18-APR-2022,
OPTSTK,MPHASIS,26-May-2022,2750.0,CE,0.0,0.0,0.0,382.0,240.15,0,0.0,0,0,18-APR-2022,
OPTSTK,MPHASIS,26-May-2022,2800.0,CE,0.0,0.0,0.0,353.0,210.95,0,0.0,0,0,18-APR-2022,
OPTSTK,MPHASIS,26-May-2022,2850.0,CE,0.0,0.0,0.0,325.6,184.15,0,0.0,0,0,18-APR-2022,
OPTSTK,MPHASIS,26-May-2022,2900.0,CE,0.0,0.0,0.0,299.75,159.8,0,0.0,0,0,18-APR-2022,
OPTSTK,MPHASIS,26-May-2022,2950.0,CE,0.0,0.0,0.0,275.45,137.85,0,0.0,0,0,18-APR-2022,
OPTSTK,MPHASIS,26-May-2022,3000.0,CE,0.0,0.0,0.0,252.65,118.25,0,0.0,0,0,18-APR-2022,
OPTSTK,MPHASIS,26-May-2022,3050.0,CE,0.0,0.0,0.0,231.3,100.8,0,0.0,0,0,18-APR-2022,
OPTSTK,MPHASIS,26-May-2022,3100.0,CE,100.0,100.0,78.0,89.0,89.0,23,128.15,3675,3675,18-APR-2022,
OPTSTK,MPHASIS,26-May-2022,3150.0,CE,0.0,0.0,0.0,192.9,72.2,0,0.0,0,0,18-APR-2022,
OPTSTK,MPHASIS,26-May-2022,3200.0,CE,63.0,63.0,56.0,57.0,60.6,4,22.8,700,700,18-APR-2022,
OPTSTK,MPHASIS,26-May-2022,3250.0,CE,0.0,0.0,0.0,159.8,50.45,0,0.0,0,0,18-APR-2022,
OPTSTK,MPHASIS,26-May-2022,3300.0,CE,70.0,75.0,40.5,45.1,45.1,88,515.87,9800,5950,18-APR-2022,
OPTSTK,MPHASIS,26-May-2022,3350.0,CE,0.0,0.0,0.0,131.5,34.55,0,0.0,0,0,18-APR-2022,
OPTSTK,MPHASIS,26-May-2022,3400.0,CE,0.0,0.0,0.0,119.2,28.35,0,0.0,0,0,18-APR-2022,
OPTSTK,MPHASIS,26-May-2022,3450.0,CE,0.0,0.0,0.0,107.8,23.2,0,0.0,0,0,18-APR-2022,
OPTSTK,MPHASIS,26-May-2022,3500.0,CE,0.0,0.0,0.0,55.0,18.85,0,0.0,700,0,18-APR-2022,
OPTSTK,MPHASIS,26-May-2022,3550.0,CE,0.0,0.0,0.0,87.65,15.25,0,0.0,0,0,18-APR-2022,
OPTSTK,MPHASIS,26-May-2022,3600.0,CE,0.0,0.0,0.0,78.95,12.3,0,0.0,0,0,18-APR-2022,
OPTSTK,MPHASIS,26-May-2022,3650.0,CE,0.0,0.0,0.0,71.0,9.85,0,0.0,0,0,18-APR-2022,
OPTSTK,MPHASIS,26-May-2022,3700.0,CE,0.0,0.0,0.0,63.75,7.9,0,0.0,0,0,18-APR-2022,
OPTSTK,MPHASIS,26-May-2022,3750.0,CE,0.0,0.0,0.0,57.2,6.25,0,0.0,0,0,18-APR-2022,
OPTSTK,MPHASIS,26-May-2022,3800.0,CE,0.0,0.0,0.0,51.25,4.95,0,0.0,0,0,18-APR-2022,
OPTSTK,MPHASIS,26-May-2022,3850.0,CE,0.0,0.0,0.0,45.85,3.9,0,0.0,0,0,18-APR-2022,
OPTSTK,MPHASIS,26-May-2022,3900.0,CE,0.0,0.0,0.0,41.0,3.1,0,0.0,0,0,18-APR-2022,
OPTSTK,MPHASIS,26-May-2022,3950.0,CE,0.0,0.0,0.0,36.6,2.4,0,0.0,0,0,18-APR-2022,
OPTSTK,MPHASIS,26-May-2022,4000.0,CE,0.0,0.0,0.0,32.65,1.9,0,0.0,0,0,18-APR-2022,
OPTSTK,MPHASIS,26-May-2022,4050.0,CE,0.0,0.0,0.0,29.1,1.5,0,0.0,0,0,18-APR-2022,
OPTSTK,MPHASIS,26-May-2022,4100.0,CE,0.0,0.0,0.0,25.9,1.15,0,0.0,0,0,18-APR-2022,
OPTSTK,MPHASIS,26-May-2022,4150.0,CE,0.0,0.0,0.0,23.05,0.9,0,0.0,0,0,18-APR-2022,
OPTSTK,MPHASIS,26-May-2022,4200.0,CE,0.0,0.0,0.0,20.5,0.7,0,0.0,0,0,18-APR-2022,
OPTSTK,MPHASIS,26-May-2022,2050.0,PE,0.0,0.0,0.0,10.05,0.9,0,0.0,0,0,18-APR-2022,
OPTSTK,MPHASIS,26-May-2022,2100.0,PE,0.0,0.0,0.0,13.2,1.5,0,0.0,0,0,18-APR-2022,
OPTSTK,MPHASIS,26-May-2022,2150.0,PE,0.0,0.0,0.0,17.05,2.4,0,0.0,0,0,18-APR-2022,
OPTSTK,MPHASIS,26-May-2022,2200.0,PE,0.0,0.0,0.0,21.7,3.75,0,0.0,0,0,18-APR-2022,
OPTSTK,MPHASIS,26-May-2022,2250.0,PE,0.0,0.0,0.0,27.3,5.65,0,0.0,0,0,18-APR-2022,
OPTSTK,MPHASIS,26-May-2022,2300.0,PE,0.0,0.0,0.0,33.85,8.3,0,0.0,0,0,18-APR-2022,
OPTSTK,MPHASIS,26-May-2022,2350.0,PE,0.0,0.0,0.0,41.55,11.85,0,0.0,0,0,18-APR-2022,
OPTSTK,MPHASIS,26-May-2022,2400.0,PE,0.0,0.0,0.0,50.4,16.55,0,0.0,0,0,18-APR-2022,
OPTSTK,MPHASIS,26-May-2022,2450.0,PE,0.0,0.0,0.0,60.55,22.6,0,0.0,0,0,18-APR-2022,
OPTSTK,MPHASIS,26-May-2022,2500.0,PE,39.95,39.95,35.0,35.0,35.0,4,17.75,700,700,18-APR-2022,
OPTSTK,MPHASIS,26-May-2022,2550.0,PE,0.0,0.0,0.0,84.95,39.6,0,0.0,0,0,18-APR-2022,
OPTSTK,MPHASIS,26-May-2022,2600.0,PE,0.0,0.0,0.0,99.25,50.9,0,0.0,0,0,18-APR-2022,
OPTSTK,MPHASIS,26-May-2022,2650.0,PE,0.0,0.0,0.0,114.95,64.45,0,0.0,0,0,18-APR-2022,
OPTSTK,MPHASIS,26-May-2022,2700.0,PE,0.0,0.0,0.0,132.3,80.05,0,0.0,0,0,18-APR-2022,
OPTSTK,MPHASIS,26-May-2022,2750.0,PE,0.0,0.0,0.0,151.25,98.15,0,0.0,0,0,18-APR-2022,
OPTSTK,MPHASIS,26-May-2022,2800.0,PE,78.05,150.0,78.05,150.0,118.65,3,15.36,525,350,18-APR-2022,
OPTSTK,MPHASIS,26-May-2022,2850.0,PE,0.0,0.0,0.0,193.85,141.65,0,0.0,0,0,18-APR-2022,
OPTSTK,MPHASIS,26-May-2022,2900.0,PE,120.15,190.0,120.15,190.0,167.1,6,32.21,2275,875,18-APR-2022,
OPTSTK,MPHASIS,26-May-2022,2950.0,PE,0.0,0.0,0.0,242.6,194.95,0,0.0,0,0,18-APR-2022,
OPTSTK,MPHASIS,26-May-2022,3000.0,PE,200.0,225.0,200.0,210.35,225.1,4,22.5,1575,0,18-APR-2022,
OPTSTK,MPHASIS,26-May-2022,3050.0,PE,0.0,0.0,0.0,297.45,257.45,0,0.0,0,0,18-APR-2022,
OPTSTK,MPHASIS,26-May-2022,3100.0,PE,0.0,0.0,0.0,327.0,291.9,0,0.0,0,0,18-APR-2022,
OPTSTK,MPHASIS,26-May-2022,3150.0,PE,0.0,0.0,0.0,357.95,328.35,0,0.0,0,0,18-APR-2022,
OPTSTK,MPHASIS,26-May-2022,3200.0,PE,0.0,0.0,0.0,390.25,366.55,0,0.0,0,0,18-APR-2022,
OPTSTK,MPHASIS,26-May-2022,3250.0,PE,0.0,0.0,0.0,423.8,406.2,0,0.0,0,0,18-APR-2022,
OPTSTK,MPHASIS,26-May-2022,3300.0,PE,0.0,0.0,0.0,458.6,447.4,0,0.0,0,0,18-APR-2022,
OPTSTK,MPHASIS,26-May-2022,3350.0,PE,0.0,0.0,0.0,494.5,489.85,0,0.0,0,0,18-APR-2022,
OPTSTK,MPHASIS,26-May-2022,3400.0,PE,0.0,0.0,0.0,531.65,533.45,0,0.0,0,0,18-APR-2022,
OPTSTK,MPHASIS,26-May-2022,3450.0,PE,0.0,0.0,0.0,569.75,578.05,0,0.0,0,0,18-APR-2022,
OPTSTK,MPHASIS,26-May-2022,3500.0,PE,0.0,0.0,0.0,608.75,623.5,0,0.0,0,0,18-APR-2022,
OPTSTK,MPHASIS,26-May-2022,3550.0,PE,0.0,0.0,0.0,648.55,669.7,0,0.0,0,0,18-APR-2022,
OPTSTK,MPHASIS,26-May-2022,3600.0,PE,0.0,0.0,0.0,689.3,716.5,0,0.0,0,0,18-APR-2022,
OPTSTK,MPHASIS,26-May-2022,3650.0,PE,0.0,0.0,0.0,730.85,763.85,0,0.0,0,0,18-APR-2022,
OPTSTK,MPHASIS,26-May-2022,3700.0,PE,0.0,0.0,0.0,773.05,811.65,0,0.0,0,0,18-APR-2022,
OPTSTK,MPHASIS,26-May-2022,3750.0,PE,0.0,0.0,0.0,816.0,859.8,0,0.0,0,0,18-APR-2022,
OPTSTK,MPHASIS,26-May-2022,3800.0,PE,0.0,0.0,0.0,859.5,908.3,0,0.0,0,0,18-APR-2022,
OPTSTK,MPHASIS,26-May-2022,3850.0,PE,0.0,0.0,0.0,903.6,957.05,0,0.0,0,0,18-APR-2022,
OPTSTK,MPHASIS,26-May-2022,3900.0,PE,0.0,0.0,0.0,948.2,1005.95,0,0.0,0,0,18-APR-2022,
OPTSTK,MPHASIS,26-May-2022,3950.0,PE,0.0,0.0,0.0,993.3,1055.1,0,0.0,0,0,18-APR-2022,
OPTSTK,MPHASIS,26-May-2022,4000.0,PE,0.0,0.0,0.0,1038.85,1104.35,0,0.0,0,0,18-APR-2022,
OPTSTK,MPHASIS,26-May-2022,4050.0,PE,0.0,0.0,0.0,1084.75,1153.7,0,0.0,0,0,18-APR-2022,
OPTSTK,MPHASIS,26-May-2022,4100.0,PE,0.0,0.0,0.0,1131.05,1203.15,0,0.0,0,0,18-APR-2022,
OPTSTK,MPHASIS,26-May-2022,4150.0,PE,0.0,0.0,0.0,1177.65,1252.65,0,0.0,0,0,18-APR-2022,
OPTSTK,MPHASIS,26-May-2022,4200.0,PE,0.0,0.0,0.0,1224.55,1302.25,0,0.0,0,0,18-APR-2022,
OPTSTK,MPHASIS,30-Jun-2022,2100.0,CE,0.0,0.0,0.0,1301.75,807.75,0,0.0,0,0,18-APR-2022,
OPTSTK,MPHASIS,30-Jun-2022,2150.0,CE,0.0,0.0,0.0,1253.3,761.6,0,0.0,0,0,18-APR-2022,
OPTSTK,MPHASIS,30-Jun-2022,2200.0,CE,0.0,0.0,0.0,1205.1,716.25,0,0.0,0,0,18-APR-2022,
OPTSTK,MPHASIS,30-Jun-2022,2250.0,CE,0.0,0.0,0.0,1157.3,671.9,0,0.0,0,0,18-APR-2022,
OPTSTK,MPHASIS,30-Jun-2022,2300.0,CE,0.0,0.0,0.0,1109.9,628.65,0,0.0,0,0,18-APR-2022,
OPTSTK,MPHASIS,30-Jun-2022,2350.0,CE,0.0,0.0,0.0,1062.95,586.6,0,0.0,0,0,18-APR-2022,
OPTSTK,MPHASIS,30-Jun-2022,2400.0,CE,0.0,0.0,0.0,1016.55,545.85,0,0.0,0,0,18-APR-2022,
OPTSTK,MPHASIS,30-Jun-2022,2450.0,CE,0.0,0.0,0.0,970.75,506.55,0,0.0,0,0,18-APR-2022,
OPTSTK,MPHASIS,30-Jun-2022,2500.0,CE,0.0,0.0,0.0,925.7,468.85,0,0.0,0,0,18-APR-2022,
OPTSTK,MPHASIS,30-Jun-2022,2550.0,CE,0.0,0.0,0.0,881.35,432.6,0,0.0,0,0,18-APR-2022,
OPTSTK,MPHASIS,30-Jun-2022,2600.0,CE,0.0,0.0,0.0,837.9,397.95,0,0.0,0,0,18-APR-2022,
OPTSTK,MPHASIS,30-Jun-2022,2650.0,CE,0.0,0.0,0.0,795.3,365.2,0,0.0,0,0,18-APR-2022,
OPTSTK,MPHASIS,30-Jun-2022,2700.0,CE,0.0,0.0,0.0,753.75,334.2,0,0.0,0,0,18-APR-2022,
OPTSTK,MPHASIS,30-Jun-2022,2750.0,CE,0.0,0.0,0.0,713.2,305.0,0,0.0,0,0,18-APR-2022,
OPTSTK,MPHASIS,30-Jun-2022,2800.0,CE,0.0,0.0,0.0,673.75,277.6,0,0.0,0,0,18-APR-2022,
OPTSTK,MPHASIS,30-Jun-2022,2850.0,CE,0.0,0.0,0.0,635.5,251.95,0,0.0,0,0,18-APR-2022,
OPTSTK,MPHASIS,30-Jun-2022,2900.0,CE,0.0,0.0,0.0,598.6,228.1,0,0.0,0,0,18-APR-2022,
OPTSTK,MPHASIS,30-Jun-2022,2950.0,CE,0.0,0.0,0.0,562.75,205.95,0,0.0,0,0,18-APR-2022,
OPTSTK,MPHASIS,30-Jun-2022,3000.0,CE,0.0,0.0,0.0,528.3,185.5,0,0.0,0,0,18-APR-2022,
OPTSTK,MPHASIS,30-Jun-2022,3050.0,CE,0.0,0.0,0.0,495.0,166.65,0,0.0,0,0,18-APR-2022,
OPTSTK,MPHASIS,30-Jun-2022,3100.0,CE,0.0,0.0,0.0,463.25,149.3,0,0.0,0,0,18-APR-2022,
OPTSTK,MPHASIS,30-Jun-2022,3150.0,CE,0.0,0.0,0.0,432.85,133.5,0,0.0,0,0,18-APR-2022,
OPTSTK,MPHASIS,30-Jun-2022,3200.0,CE,0.0,0.0,0.0,403.85,119.05,0,0.0,0,0,18-APR-2022,
OPTSTK,MPHASIS,30-Jun-2022,3250.0,CE,0.0,0.0,0.0,376.2,106.1,0,0.0,0,0,18-APR-2022,
OPTSTK,MPHASIS,30-Jun-2022,3300.0,CE,0.0,0.0,0.0,349.95,94.25,0,0.0,0,0,18-APR-2022,
OPTSTK,MPHASIS,30-Jun-2022,3350.0,CE,0.0,0.0,0.0,325.0,83.55,0,0.0,0,0,18-APR-2022,
OPTSTK,MPHASIS,30-Jun-2022,3400.0,CE,0.0,0.0,0.0,301.45,73.8,0,0.0,0,0,18-APR-2022,
OPTSTK,MPHASIS,30-Jun-2022,3450.0,CE,0.0,0.0,0.0,279.2,65.15,0,0.0,0,0,18-APR-2022,
OPTSTK,MPHASIS,30-Jun-2022,3500.0,CE,0.0,0.0,0.0,258.2,57.4,0,0.0,0,0,18-APR-2022,
OPTSTK,MPHASIS,30-Jun-2022,3550.0,CE,0.0,0.0,0.0,238.5,50.45,0,0.0,0,0,18-APR-2022,
OPTSTK,MPHASIS,30-Jun-2022,3600.0,CE,0.0,0.0,0.0,220.0,44.25,0,0.0,0,0,18-APR-2022,
OPTSTK,MPHASIS,30-Jun-2022,3650.0,CE,0.0,0.0,0.0,202.65,38.75,0,0.0,0,0,18-APR-2022,
OPTSTK,MPHASIS,30-Jun-2022,3700.0,CE,0.0,0.0,0.0,186.45,33.9,0,0.0,0,0,18-APR-2022,
OPTSTK,MPHASIS,30-Jun-2022,3750.0,CE,0.0,0.0,0.0,171.35,29.6,0,0.0,0,0,18-APR-2022,
OPTSTK,MPHASIS,30-Jun-2022,3800.0,CE,0.0,0.0,0.0,157.25,25.8,0,0.0,0,0,18-APR-2022,
OPTSTK,MPHASIS,30-Jun-2022,3850.0,CE,0.0,0.0,0.0,144.15,22.45,0,0.0,0,0,18-APR-2022,
OPTSTK,MPHASIS,30-Jun-2022,3900.0,CE,0.0,0.0,0.0,132.15,19.5,0,0.0,0,0,18-APR-2022,
OPTSTK,MPHASIS,30-Jun-2022,3950.0,CE,0.0,0.0,0.0,120.9,16.9,0,0.0,0,0,18-APR-2022,
OPTSTK,MPHASIS,30-Jun-2022,4000.0,CE,0.0,0.0,0.0,110.55,14.65,0,0.0,0,0,18-APR-2022,
OPTSTK,MPHASIS,30-Jun-2022,4050.0,CE,0.0,0.0,0.0,100.8,12.65,0,0.0,0,0,18-APR-2022,
OPTSTK,MPHASIS,30-Jun-2022,4100.0,CE,0.0,0.0,0.0,91.9,10.95,0,0.0,0,0,18-APR-2022,
OPTSTK,MPHASIS,30-Jun-2022,4150.0,CE,0.0,0.0,0.0,83.7,9.45,0,0.0,0,0,18-APR-2022,
OPTSTK,MPHASIS,30-Jun-2022,4200.0,CE,0.0,0.0,0.0,76.2,8.15,0,0.0,0,0,18-APR-2022,
OPTSTK,MPHASIS,30-Jun-2022,2100.0,PE,0.0,0.0,0.0,2.8,10.1,0,0.0,0,0,18-APR-2022,
OPTSTK,MPHASIS,30-Jun-2022,2150.0,PE,0.0,0.0,0.0,3.8,13.5,0,0.0,0,0,18-APR-2022,
OPTSTK,MPHASIS,30-Jun-2022,2200.0,PE,0.0,0.0,0.0,5.15,17.75,0,0.0,0,0,18-APR-2022,
OPTSTK,MPHASIS,30-Jun-2022,2250.0,PE,0.0,0.0,0.0,6.8,22.95,0,0.0,0,0,18-APR-2022,
OPTSTK,MPHASIS,30-Jun-2022,2300.0,PE,0.0,0.0,0.0,8.85,29.3,0,0.0,0,0,18-APR-2022,
OPTSTK,MPHASIS,30-Jun-2022,2350.0,PE,0.0,0.0,0.0,11.4,36.8,0,0.0,0,0,18-APR-2022,
OPTSTK,MPHASIS,30-Jun-2022,2400.0,PE,0.0,0.0,0.0,14.45,45.65,0,0.0,0,0,18-APR-2022,
OPTSTK,MPHASIS,30-Jun-2022,2450.0,PE,0.0,0.0,0.0,18.15,55.9,0,0.0,0,0,18-APR-2022,
OPTSTK,MPHASIS,30-Jun-2022,2500.0,PE,0.0,0.0,0.0,22.55,67.8,0,0.0,0,0,18-APR-2022,
OPTSTK,MPHASIS,30-Jun-2022,2550.0,PE,0.0,0.0,0.0,27.7,81.15,0,0.0,0,0,18-APR-2022,
OPTSTK,MPHASIS,30-Jun-2022,2600.0,PE,0.0,0.0,0.0,33.7,96.05,0,0.0,0,0,18-APR-2022,
OPTSTK,MPHASIS,30-Jun-2022,2650.0,PE,0.0,0.0,0.0,40.6,112.85,0,0.0,0,0,18-APR-2022,
OPTSTK,MPHASIS,30-Jun-2022,2700.0,PE,0.0,0.0,0.0,48.5,131.45,0,0.0,0,0,18-APR-2022,
OPTSTK,MPHASIS,30-Jun-2022,2750.0,PE,0.0,0.0,0.0,57.4,151.85,0,0.0,0,0,18-APR-2022,
OPTSTK,MPHASIS,30-Jun-2022,2800.0,PE,0.0,0.0,0.0,67.45,174.0,0,0.0,0,0,18-APR-2022,
OPTSTK,MPHASIS,30-Jun-2022,2850.0,PE,0.0,0.0,0.0,78.7,197.95,0,0.0,0,0,18-APR-2022,
OPTSTK,MPHASIS,30-Jun-2022,2900.0,PE,0.0,0.0,0.0,100.0,223.65,0,0.0,350,0,18-APR-2022,
OPTSTK,MPHASIS,30-Jun-2022,2950.0,PE,0.0,0.0,0.0,104.9,251.1,0,0.0,0,0,18-APR-2022,
OPTSTK,MPHASIS,30-Jun-2022,3000.0,PE,0.0,0.0,0.0,119.9,280.2,0,0.0,0,0,18-APR-2022,
OPTSTK,MPHASIS,30-Jun-2022,3050.0,PE,0.0,0.0,0.0,136.1,310.9,0,0.0,0,0,18-APR-2022,
OPTSTK,MPHASIS,30-Jun-2022,3100.0,PE,0.0,0.0,0.0,153.8,343.2,0,0.0,0,0,18-APR-2022,
OPTSTK,MPHASIS,30-Jun-2022,3150.0,PE,0.0,0.0,0.0,172.85,376.95,0,0.0,0,0,18-APR-2022,
OPTSTK,MPHASIS,30-Jun-2022,3200.0,PE,0.0,0.0,0.0,193.35,412.1,0,0.0,0,0,18-APR-2022,
OPTSTK,MPHASIS,30-Jun-2022,3250.0,PE,0.0,0.0,0.0,215.15,448.7,0,0.0,0,0,18-APR-2022,
OPTSTK,MPHASIS,30-Jun-2022,3300.0,PE,0.0,0.0,0.0,238.4,486.4,0,0.0,0,0,18-APR-2022,
OPTSTK,MPHASIS,30-Jun-2022,3350.0,PE,0.0,0.0,0.0,262.95,525.3,0,0.0,0,0,18-APR-2022,
OPTSTK,MPHASIS,30-Jun-2022,3400.0,PE,0.0,0.0,0.0,288.85,565.15,0,0.0,0,0,18-APR-2022,
OPTSTK,MPHASIS,30-Jun-2022,3450.0,PE,0.0,0.0,0.0,316.05,606.05,0,0.0,0,0,18-APR-2022,
OPTSTK,MPHASIS,30-Jun-2022,3500.0,PE,0.0,0.0,0.0,344.55,647.85,0,0.0,0,0,18-APR-2022,
OPTSTK,MPHASIS,30-Jun-2022,3550.0,PE,0.0,0.0,0.0,374.35,690.5,0,0.0,0,0,18-APR-2022,
OPTSTK,MPHASIS,30-Jun-2022,3600.0,PE,0.0,0.0,0.0,405.3,733.9,0,0.0,0,0,18-APR-2022,
OPTSTK,MPHASIS,30-Jun-2022,3650.0,PE,0.0,0.0,0.0,437.45,778.0,0,0.0,0,0,18-APR-2022,
OPTSTK,MPHASIS,30-Jun-2022,3700.0,PE,0.0,0.0,0.0,470.7,822.7,0,0.0,0,0,18-APR-2022,
OPTSTK,MPHASIS,30-Jun-2022,3750.0,PE,0.0,0.0,0.0,505.05,867.95,0,0.0,0,0,18-APR-2022,
OPTSTK,MPHASIS,30-Jun-2022,3800.0,PE,0.0,0.0,0.0,540.45,913.75,0,0.0,0,0,18-APR-2022,
OPTSTK,MPHASIS,30-Jun-2022,3850.0,PE,0.0,0.0,0.0,576.8,959.95,0,0.0,0,0,18-APR-2022,
OPTSTK,MPHASIS,30-Jun-2022,3900.0,PE,0.0,0.0,0.0,614.3,1006.6,0,0.0,0,0,18-APR-2022,
OPTSTK,MPHASIS,30-Jun-2022,3950.0,PE,0.0,0.0,0.0,652.55,1053.6,0,0.0,0,0,18-APR-2022,
OPTSTK,MPHASIS,30-Jun-2022,4000.0,PE,0.0,0.0,0.0,691.6,1100.9,0,0.0,0,0,18-APR-2022,
OPTSTK,MPHASIS,30-Jun-2022,4050.0,PE,0.0,0.0,0.0,731.35,1148.5,0,0.0,0,0,18-APR-2022,
OPTSTK,MPHASIS,30-Jun-2022,4100.0,PE,0.0,0.0,0.0,771.95,1196.35,0,0.0,0,0,18-APR-2022,
OPTSTK,MPHASIS,30-Jun-2022,4150.0,PE,0.0,0.0,0.0,813.2,1244.4,0,0.0,0,0,18-APR-2022,
OPTSTK,MPHASIS,30-Jun-2022,4200.0,PE,0.0,0.0,0.0,855.15,1292.7,0,0.0,0,0,18-APR-2022,
OPTSTK,MRF,28-Apr-2022,53500.0,CE,0.0,0.0,0.0,17879.05,13505.95,0,0.0,0,0,18-APR-2022,
OPTSTK,MRF,28-Apr-2022,54000.0,CE,0.0,0.0,0.0,17403.1,13006.5,0,0.0,0,0,18-APR-2022,
OPTSTK,MRF,28-Apr-2022,54500.0,CE,0.0,0.0,0.0,16929.8,12507.05,0,0.0,0,0,18-APR-2022,
OPTSTK,MRF,28-Apr-2022,55000.0,CE,0.0,0.0,0.0,16459.3,12007.65,0,0.0,0,0,18-APR-2022,
OPTSTK,MRF,28-Apr-2022,55500.0,CE,0.0,0.0,0.0,15991.95,11508.2,0,0.0,0,0,18-APR-2022,
OPTSTK,MRF,28-Apr-2022,56000.0,CE,0.0,0.0,0.0,15528.0,11008.8,0,0.0,0,0,18-APR-2022,
OPTSTK,MRF,28-Apr-2022,56500.0,CE,0.0,0.0,0.0,15067.75,10509.45,0,0.0,0,0,18-APR-2022,
OPTSTK,MRF,28-Apr-2022,57000.0,CE,0.0,0.0,0.0,14611.45,10010.15,0,0.0,0,0,18-APR-2022,
OPTSTK,MRF,28-Apr-2022,57500.0,CE,0.0,0.0,0.0,14159.4,9511.05,0,0.0,0,0,18-APR-2022,
OPTSTK,MRF,28-Apr-2022,58000.0,CE,0.0,0.0,0.0,13711.95,9012.15,0,0.0,0,0,18-APR-2022,
OPTSTK,MRF,28-Apr-2022,58500.0,CE,0.0,0.0,0.0,13269.35,8513.7,0,0.0,0,0,18-APR-2022,
OPTSTK,MRF,28-Apr-2022,59000.0,CE,0.0,0.0,0.0,12831.9,8016.0,0,0.0,0,0,18-APR-2022,
OPTSTK,MRF,28-Apr-2022,59500.0,CE,0.0,0.0,0.0,12400.0,7519.45,0,0.0,0,0,18-APR-2022,
OPTSTK,MRF,28-Apr-2022,60000.0,CE,0.0,0.0,0.0,11973.85,7024.7,0,0.0,0,0,18-APR-2022,
OPTSTK,MRF,28-Apr-2022,60500.0,CE,0.0,0.0,0.0,11553.8,6532.55,0,0.0,0,0,18-APR-2022,
OPTSTK,MRF,28-Apr-2022,61000.0,CE,0.0,0.0,0.0,11140.1,6044.3,0,0.0,0,0,18-APR-2022,
OPTSTK,MRF,28-Apr-2022,61500.0,CE,0.0,0.0,0.0,10733.1,5561.35,0,0.0,0,0,18-APR-2022,
OPTSTK,MRF,28-Apr-2022,62000.0,CE,0.0,0.0,0.0,10333.05,5085.6,0,0.0,0,0,18-APR-2022,
OPTSTK,MRF,28-Apr-2022,62500.0,CE,0.0,0.0,0.0,9940.15,4619.3,0,0.0,0,0,18-APR-2022,
OPTSTK,MRF,28-Apr-2022,63000.0,CE,0.0,0.0,0.0,4508.15,4165.05,0,0.0,20,0,18-APR-2022,
OPTSTK,MRF,28-Apr-2022,63500.0,CE,0.0,0.0,0.0,4500.0,3725.6,0,0.0,10,0,18-APR-2022,
OPTSTK,MRF,28-Apr-2022,64000.0,CE,3276.55,3276.55,3276.55,3276.55,3304.0,2,13.45,40,-10,18-APR-2022,
OPTSTK,MRF,28-Apr-2022,64500.0,CE,0.0,0.0,0.0,3096.1,2903.2,0,0.0,20,0,18-APR-2022,
OPTSTK,MRF,28-Apr-2022,65000.0,CE,2390.15,2390.15,1600.0,2100.0,2525.55,18,120.35,200,-10,18-APR-2022,
OPTSTK,MRF,28-Apr-2022,65500.0,CE,0.0,0.0,0.0,7746.2,2174.9,0,0.0,0,0,18-APR-2022,
OPTSTK,MRF,28-Apr-2022,66000.0,CE,850.0,1550.0,850.0,1491.0,1491.0,6,40.37,370,-20,18-APR-2022,
OPTSTK,MRF,28-Apr-2022,66500.0,CE,0.0,0.0,0.0,7083.25,1560.3,0,0.0,0,0,18-APR-2022,
OPTSTK,MRF,28-Apr-2022,67000.0,CE,1325.0,1325.0,700.0,930.0,1298.35,67,454.93,890,110,18-APR-2022,
OPTSTK,MRF,28-Apr-2022,67500.0,CE,1412.5,1412.5,477.8,700.0,1067.5,13,88.8,40,20,18-APR-2022,
OPTSTK,MRF,28-Apr-2022,68000.0,CE,650.5,890.0,70.0,591.85,591.85,190,1302.37,1150,-520,18-APR-2022,
OPTSTK,MRF,28-Apr-2022,68500.0,CE,0.0,0.0,0.0,5865.2,694.7,0,0.0,0,0,18-APR-2022,
OPTSTK,MRF,28-Apr-2022,69000.0,CE,653.0,653.0,265.0,351.0,549.55,30,208.11,820,100,18-APR-2022,
OPTSTK,MRF,28-Apr-2022,69500.0,CE,0.0,0.0,0.0,5311.15,429.6,0,0.0,0,0,18-APR-2022,
OPTSTK,MRF,28-Apr-2022,70000.0,CE,300.0,350.0,165.85,229.5,229.5,263,1846.94,3700,110,18-APR-2022,
OPTSTK,MRF,28-Apr-2022,70500.0,CE,0.0,0.0,0.0,4793.8,251.65,0,0.0,0,0,18-APR-2022,
OPTSTK,MRF,28-Apr-2022,71000.0,CE,102.0,110.0,102.0,110.0,188.7,3,21.33,210,0,18-APR-2022,
OPTSTK,MRF,28-Apr-2022,71500.0,CE,0.0,0.0,0.0,4312.55,139.5,0,0.0,0,0,18-APR-2022,
OPTSTK,MRF,28-Apr-2022,72000.0,CE,76.0,117.0,76.0,117.0,117.0,6,43.25,400,-10,18-APR-2022,
OPTSTK,MRF,28-Apr-2022,72500.0,CE,0.0,0.0,0.0,3867.4,73.15,0,0.0,0,0,18-APR-2022,
OPTSTK,MRF,28-Apr-2022,73000.0,CE,0.0,0.0,0.0,3657.95,51.9,0,0.0,0,0,18-APR-2022,
OPTSTK,MRF,28-Apr-2022,73500.0,CE,0.0,0.0,0.0,3457.1,36.3,0,0.0,0,0,18-APR-2022,
OPTSTK,MRF,28-Apr-2022,74000.0,CE,0.0,0.0,0.0,105.0,25.05,0,0.0,130,0,18-APR-2022,
OPTSTK,MRF,28-Apr-2022,74500.0,CE,0.0,0.0,0.0,3080.6,17.05,0,0.0,0,0,18-APR-2022,
OPTSTK,MRF,28-Apr-2022,75000.0,CE,78.05,78.05,50.05,60.0,60.0,33,247.7,2330,-50,18-APR-2022,
OPTSTK,MRF,28-Apr-2022,75500.0,CE,0.0,0.0,0.0,2736.5,7.6,0,0.0,0,0,18-APR-2022,
OPTSTK,MRF,28-Apr-2022,76000.0,CE,0.0,0.0,0.0,2576.15,4.95,0,0.0,0,0,18-APR-2022,
OPTSTK,MRF,28-Apr-2022,76500.0,CE,0.0,0.0,0.0,2423.3,3.2,0,0.0,0,0,18-APR-2022,
OPTSTK,MRF,28-Apr-2022,77000.0,CE,0.0,0.0,0.0,2277.85,2.05,0,0.0,0,0,18-APR-2022,
OPTSTK,MRF,28-Apr-2022,77500.0,CE,0.0,0.0,0.0,2139.5,1.3,0,0.0,0,0,18-APR-2022,
OPTSTK,MRF,28-Apr-2022,78000.0,CE,0.0,0.0,0.0,2008.0,0.8,0,0.0,0,0,18-APR-2022,
OPTSTK,MRF,28-Apr-2022,78500.0,CE,0.0,0.0,0.0,1886.7,0.5,0,0.0,0,0,18-APR-2022,
OPTSTK,MRF,28-Apr-2022,79000.0,CE,0.0,0.0,0.0,1768.85,0.3,0,0.0,0,0,18-APR-2022,
OPTSTK,MRF,28-Apr-2022,79500.0,CE,0.0,0.0,0.0,1657.3,0.2,0,0.0,0,0,18-APR-2022,
OPTSTK,MRF,28-Apr-2022,80000.0,CE,5.75,6.55,5.75,6.55,6.55,2,16.0,700,0,18-APR-2022,
OPTSTK,MRF,28-Apr-2022,80500.0,CE,0.0,0.0,0.0,1448.6,0.1,0,0.0,0,0,18-APR-2022,
OPTSTK,MRF,28-Apr-2022,81000.0,CE,0.0,0.0,0.0,1353.9,0.05,0,0.0,0,0,18-APR-2022,
OPTSTK,MRF,28-Apr-2022,81500.0,CE,0.0,0.0,0.0,1264.45,0.05,0,0.0,0,0,18-APR-2022,
OPTSTK,MRF,28-Apr-2022,82000.0,CE,0.0,0.0,0.0,1180.15,0.05,0,0.0,0,0,18-APR-2022,
OPTSTK,MRF,28-Apr-2022,82500.0,CE,0.0,0.0,0.0,1100.7,0.05,0,0.0,0,0,18-APR-2022,
OPTSTK,MRF,28-Apr-2022,83000.0,CE,0.0,0.0,0.0,1025.85,0.0,0,0.0,0,0,18-APR-2022,
OPTSTK,MRF,28-Apr-2022,83500.0,CE,0.0,0.0,0.0,955.5,0.0,0,0.0,0,0,18-APR-2022,
OPTSTK,MRF,28-Apr-2022,84000.0,CE,0.0,0.0,0.0,889.35,0.0,0,0.0,0,0,18-APR-2022,
OPTSTK,MRF,28-Apr-2022,84500.0,CE,0.0,0.0,0.0,827.2,0.0,0,0.0,0,0,18-APR-2022,
OPTSTK,MRF,28-Apr-2022,85000.0,CE,0.0,0.0,0.0,768.9,0.0,0,0.0,0,0,18-APR-2022,
OPTSTK,MRF,28-Apr-2022,85500.0,CE,0.0,0.0,0.0,714.3,0.0,0,0.0,0,0,18-APR-2022,
OPTSTK,MRF,28-Apr-2022,86000.0,CE,0.0,0.0,0.0,663.1,0.0,0,0.0,0,0,18-APR-2022,
OPTSTK,MRF,28-Apr-2022,86500.0,CE,0.0,0.0,0.0,615.2,0.0,0,0.0,0,0,18-APR-2022,
OPTSTK,MRF,28-Apr-2022,87000.0,CE,0.0,0.0,0.0,570.35,0.0,0,0.0,0,0,18-APR-2022,
OPTSTK,MRF,28-Apr-2022,87500.0,CE,0.0,0.0,0.0,528.5,0.0,0,0.0,0,0,18-APR-2022,
OPTSTK,MRF,28-Apr-2022,88000.0,CE,0.0,0.0,0.0,489.4,0.0,0,0.0,0,0,18-APR-2022,
OPTSTK,MRF,28-Apr-2022,88500.0,CE,0.0,0.0,0.0,452.9,0.0,0,0.0,0,0,18-APR-2022,
OPTSTK,MRF,28-Apr-2022,89000.0,CE,0.0,0.0,0.0,418.9,0.0,0,0.0,0,0,18-APR-2022,
OPTSTK,MRF,28-Apr-2022,89500.0,CE,0.0,0.0,0.0,387.2,0.0,0,0.0,0,0,18-APR-2022,
OPTSTK,MRF,28-Apr-2022,90000.0,CE,0.0,0.0,0.0,357.7,0.0,0,0.0,0,0,18-APR-2022,
OPTSTK,MRF,28-Apr-2022,90500.0,CE,0.0,0.0,0.0,330.25,0.0,0,0.0,0,0,18-APR-2022,
OPTSTK,MRF,28-Apr-2022,53500.0,PE,0.0,0.0,0.0,109.1,0.0,0,0.0,0,0,18-APR-2022,
OPTSTK,MRF,28-Apr-2022,54000.0,PE,0.0,0.0,0.0,127.95,0.0,0,0.0,0,0,18-APR-2022,
OPTSTK,MRF,28-Apr-2022,54500.0,PE,0.0,0.0,0.0,149.45,0.05,0,0.0,0,0,18-APR-2022,
OPTSTK,MRF,28-Apr-2022,55000.0,PE,0.0,0.0,0.0,173.75,0.05,0,0.0,0,0,18-APR-2022,
OPTSTK,MRF,28-Apr-2022,55500.0,PE,0.0,0.0,0.0,201.2,0.05,0,0.0,0,0,18-APR-2022,
OPTSTK,MRF,28-Apr-2022,56000.0,PE,0.0,0.0,0.0,232.05,0.1,0,0.0,0,0,18-APR-2022,
OPTSTK,MRF,28-Apr-2022,56500.0,PE,0.0,0.0,0.0,266.55,0.15,0,0.0,0,0,18-APR-2022,
OPTSTK,MRF,28-Apr-2022,57000.0,PE,0.0,0.0,0.0,305.05,0.3,0,0.0,0,0,18-APR-2022,
OPTSTK,MRF,28-Apr-2022,57500.0,PE,0.0,0.0,0.0,347.8,0.65,0,0.0,0,0,18-APR-2022,
OPTSTK,MRF,28-Apr-2022,58000.0,PE,0.0,0.0,0.0,395.1,1.2,0,0.0,0,0,18-APR-2022,
OPTSTK,MRF,28-Apr-2022,58500.0,PE,0.0,0.0,0.0,447.3,2.2,0,0.0,0,0,18-APR-2022,
OPTSTK,MRF,28-Apr-2022,59000.0,PE,0.0,0.0,0.0,49.95,3.9,0,0.0,30,0,18-APR-2022,
OPTSTK,MRF,28-Apr-2022,59500.0,PE,0.0,0.0,0.0,567.55,6.8,0,0.0,0,0,18-APR-2022,
OPTSTK,MRF,28-Apr-2022,60000.0,PE,101.0,115.0,77.6,77.6,11.45,17,102.15,990,140,18-APR-2022,
OPTSTK,MRF,28-Apr-2022,60500.0,PE,0.0,0.0,0.0,710.95,18.8,0,0.0,0,0,18-APR-2022,
OPTSTK,MRF,28-Apr-2022,61000.0,PE,0.0,0.0,0.0,250.0,29.95,0,0.0,80,0,18-APR-2022,
OPTSTK,MRF,28-Apr-2022,61500.0,PE,0.0,0.0,0.0,879.85,46.4,0,0.0,0,0,18-APR-2022,
OPTSTK,MRF,28-Apr-2022,62000.0,PE,151.0,151.0,54.2,65.0,70.1,5,31.05,370,0,18-APR-2022,
OPTSTK,MRF,28-Apr-2022,62500.0,PE,0.0,0.0,0.0,1076.5,103.25,0,0.0,0,0,18-APR-2022,
OPTSTK,MRF,28-Apr-2022,63000.0,PE,451.0,451.0,200.6,225.6,148.45,4,25.3,180,10,18-APR-2022,
OPTSTK,MRF,28-Apr-2022,63500.0,PE,0.0,0.0,0.0,1303.0,208.45,0,0.0,0,0,18-APR-2022,
OPTSTK,MRF,28-Apr-2022,64000.0,PE,300.0,350.0,300.0,325.0,325.0,11,70.74,150,-10,18-APR-2022,
OPTSTK,MRF,28-Apr-2022,64500.0,PE,0.0,0.0,0.0,1563.15,384.9,0,0.0,0,0,18-APR-2022,
OPTSTK,MRF,28-Apr-2022,65000.0,PE,800.0,800.0,500.0,552.5,552.5,13,85.29,750,-10,18-APR-2022,
OPTSTK,MRF,28-Apr-2022,65500.0,PE,0.0,0.0,0.0,1851.25,655.45,0,0.0,0,0,18-APR-2022,
OPTSTK,MRF,28-Apr-2022,66000.0,PE,1075.0,1075.0,900.0,900.0,832.65,4,26.79,210,20,18-APR-2022,
OPTSTK,MRF,28-Apr-2022,66500.0,PE,0.0,0.0,0.0,2177.9,1039.75,0,0.0,0,0,18-APR-2022,
OPTSTK,MRF,28-Apr-2022,67000.0,PE,1760.25,1760.25,1087.6,1475.0,1475.0,17,116.47,210,30,18-APR-2022,
OPTSTK,MRF,28-Apr-2022,67500.0,PE,0.0,0.0,0.0,2540.25,1545.8,0,0.0,0,0,18-APR-2022,
OPTSTK,MRF,28-Apr-2022,68000.0,PE,2610.9,2610.9,1988.9,1988.9,1844.45,3,21.05,100,20,18-APR-2022,
OPTSTK,MRF,28-Apr-2022,68500.0,PE,0.0,0.0,0.0,2939.05,2171.9,0,0.0,0,0,18-APR-2022,
OPTSTK,MRF,28-Apr-2022,69000.0,PE,0.0,0.0,0.0,2727.15,2526.2,0,0.0,30,0,18-APR-2022,
OPTSTK,MRF,28-Apr-2022,69500.0,PE,0.0,0.0,0.0,3374.55,2905.7,0,0.0,0,0,18-APR-2022,
OPTSTK,MRF,28-Apr-2022,70000.0,PE,0.0,0.0,0.0,3172.5,3306.6,0,0.0,200,0,18-APR-2022,
OPTSTK,MRF,28-Apr-2022,70500.0,PE,0.0,0.0,0.0,3846.8,3726.6,0,0.0,0,0,18-APR-2022,
OPTSTK,MRF,28-Apr-2022,71000.0,PE,0.0,0.0,0.0,4096.3,4163.05,0,0.0,0,0,18-APR-2022,
OPTSTK,MRF,28-Apr-2022,71500.0,PE,0.0,0.0,0.0,4355.15,4613.35,0,0.0,0,0,18-APR-2022,
OPTSTK,MRF,28-Apr-2022,72000.0,PE,0.0,0.0,0.0,5000.0,5075.0,0,0.0,20,0,18-APR-2022,
OPTSTK,MRF,28-Apr-2022,72500.0,PE,0.0,0.0,0.0,4899.55,5545.85,0,0.0,0,0,18-APR-2022,
OPTSTK,MRF,28-Apr-2022,73000.0,PE,0.0,0.0,0.0,5184.9,6024.05,0,0.0,0,0,18-APR-2022,
OPTSTK,MRF,28-Apr-2022,73500.0,PE,0.0,0.0,0.0,5478.85,6507.9,0,0.0,0,0,18-APR-2022,
OPTSTK,MRF,28-Apr-2022,74000.0,PE,0.0,0.0,0.0,8800.0,6996.05,0,0.0,10,0,18-APR-2022,
OPTSTK,MRF,28-Apr-2022,74500.0,PE,0.0,0.0,0.0,6091.9,7487.5,0,0.0,0,0,18-APR-2022,
OPTSTK,MRF,28-Apr-2022,75000.0,PE,0.0,0.0,0.0,10600.0,7981.35,0,0.0,50,0,18-APR-2022,
OPTSTK,MRF,28-Apr-2022,75500.0,PE,0.0,0.0,0.0,6737.4,8476.9,0,0.0,0,0,18-APR-2022,
OPTSTK,MRF,28-Apr-2022,76000.0,PE,0.0,0.0,0.0,7071.8,8973.75,0,0.0,0,0,18-APR-2022,
OPTSTK,MRF,28-Apr-2022,76500.0,PE,0.0,0.0,0.0,7413.8,9471.4,0,0.0,0,0,18-APR-2022,
OPTSTK,MRF,28-Apr-2022,77000.0,PE,0.0,0.0,0.0,12500.0,9969.7,0,0.0,10,0,18-APR-2022,
OPTSTK,MRF,28-Apr-2022,77500.0,PE,0.0,0.0,0.0,8119.55,10468.4,0,0.0,0,0,18-APR-2022,
OPTSTK,MRF,28-Apr-2022,78000.0,PE,0.0,0.0,0.0,8482.85,10967.35,0,0.0,0,0,18-APR-2022,
OPTSTK,MRF,28-Apr-2022,78500.0,PE,0.0,0.0,0.0,8856.35,11466.45,0,0.0,0,0,18-APR-2022,
OPTSTK,MRF,28-Apr-2022,79000.0,PE,0.0,0.0,0.0,9233.3,11965.7,0,0.0,0,0,18-APR-2022,
OPTSTK,MRF,28-Apr-2022,79500.0,PE,0.0,0.0,0.0,9616.5,12465.05,0,0.0,0,0,18-APR-2022,
OPTSTK,MRF,28-Apr-2022,80000.0,PE,0.0,0.0,0.0,10005.7,12964.4,0,0.0,0,0,18-APR-2022,
OPTSTK,MRF,28-Apr-2022,80500.0,PE,0.0,0.0,0.0,10397.4,13463.8,0,0.0,0,0,18-APR-2022,
OPTSTK,MRF,28-Apr-2022,81000.0,PE,0.0,0.0,0.0,10797.5,13963.2,0,0.0,0,0,18-APR-2022,
OPTSTK,MRF,28-Apr-2022,81500.0,PE,0.0,0.0,0.0,11202.85,14462.6,0,0.0,0,0,18-APR-2022,
OPTSTK,MRF,28-Apr-2022,82000.0,PE,0.0,0.0,0.0,11613.35,14962.05,0,0.0,0,0,18-APR-2022,
OPTSTK,MRF,28-Apr-2022,82500.0,PE,0.0,0.0,0.0,12028.65,15461.5,0,0.0,0,0,18-APR-2022,
OPTSTK,MRF,28-Apr-2022,83000.0,PE,0.0,0.0,0.0,12448.65,15960.9,0,0.0,0,0,18-APR-2022,
OPTSTK,MRF,28-Apr-2022,83500.0,PE,0.0,0.0,0.0,12873.05,16460.35,0,0.0,0,0,18-APR-2022,
OPTSTK,MRF,28-Apr-2022,84000.0,PE,0.0,0.0,0.0,13301.7,16959.8,0,0.0,0,0,18-APR-2022,
OPTSTK,MRF,28-Apr-2022,84500.0,PE,0.0,0.0,0.0,13734.35,17459.2,0,0.0,0,0,18-APR-2022,
OPTSTK,MRF,28-Apr-2022,85000.0,PE,0.0,0.0,0.0,14170.85,17958.65,0,0.0,0,0,18-APR-2022,
OPTSTK,MRF,28-Apr-2022,85500.0,PE,0.0,0.0,0.0,14611.0,18458.1,0,0.0,0,0,18-APR-2022,
OPTSTK,MRF,28-Apr-2022,86000.0,PE,0.0,0.0,0.0,15054.6,18957.55,0,0.0,0,0,18-APR-2022,
OPTSTK,MRF,28-Apr-2022,86500.0,PE,0.0,0.0,0.0,15501.5,19456.95,0,0.0,0,0,18-APR-2022,
OPTSTK,MRF,28-Apr-2022,87000.0,PE,0.0,0.0,0.0,15951.5,19956.4,0,0.0,0,0,18-APR-2022,
OPTSTK,MRF,28-Apr-2022,87500.0,PE,0.0,0.0,0.0,16404.4,20455.85,0,0.0,0,0,18-APR-2022,
OPTSTK,MRF,28-Apr-2022,88000.0,PE,0.0,0.0,0.0,16860.1,20955.3,0,0.0,0,0,18-APR-2022,
OPTSTK,MRF,28-Apr-2022,88500.0,PE,0.0,0.0,0.0,17318.4,21454.7,0,0.0,0,0,18-APR-2022,
OPTSTK,MRF,28-Apr-2022,89000.0,PE,0.0,0.0,0.0,17779.15,21954.15,0,0.0,0,0,18-APR-2022,
OPTSTK,MRF,28-Apr-2022,89500.0,PE,0.0,0.0,0.0,18242.25,22453.6,0,0.0,0,0,18-APR-2022,
OPTSTK,MRF,28-Apr-2022,90000.0,PE,0.0,0.0,0.0,18707.55,22953.05,0,0.0,0,0,18-APR-2022,
OPTSTK,MRF,28-Apr-2022,90500.0,PE,0.0,0.0,0.0,19174.9,23452.45,0,0.0,0,0,18-APR-2022,
OPTSTK,MRF,26-May-2022,53500.0,CE,0.0,0.0,0.0,11459.0,13695.85,0,0.0,0,0,18-APR-2022,
OPTSTK,MRF,26-May-2022,54000.0,CE,0.0,0.0,0.0,11027.55,13202.95,0,0.0,0,0,18-APR-2022,
OPTSTK,MRF,26-May-2022,54500.0,CE,0.0,0.0,0.0,10602.6,12711.5,0,0.0,0,0,18-APR-2022,
OPTSTK,MRF,26-May-2022,55000.0,CE,0.0,0.0,0.0,10184.55,12221.85,0,0.0,0,0,18-APR-2022,
OPTSTK,MRF,26-May-2022,55500.0,CE,0.0,0.0,0.0,9773.75,11734.4,0,0.0,0,0,18-APR-2022,
OPTSTK,MRF,26-May-2022,56000.0,CE,0.0,0.0,0.0,9370.55,11249.5,0,0.0,0,0,18-APR-2022,
OPTSTK,MRF,26-May-2022,56500.0,CE,0.0,0.0,0.0,8975.25,10767.8,0,0.0,0,0,18-APR-2022,
OPTSTK,MRF,26-May-2022,57000.0,CE,0.0,0.0,0.0,8588.25,10289.75,0,0.0,0,0,18-APR-2022,
OPTSTK,MRF,26-May-2022,57500.0,CE,0.0,0.0,0.0,8209.8,9816.0,0,0.0,0,0,18-APR-2022,
OPTSTK,MRF,26-May-2022,58000.0,CE,0.0,0.0,0.0,7842.35,9347.25,0,0.0,0,0,18-APR-2022,
OPTSTK,MRF,26-May-2022,58500.0,CE,0.0,0.0,0.0,7481.45,8884.2,0,0.0,0,0,18-APR-2022,
OPTSTK,MRF,26-May-2022,59000.0,CE,0.0,0.0,0.0,7130.0,8427.6,0,0.0,0,0,18-APR-2022,
OPTSTK,MRF,26-May-2022,59500.0,CE,0.0,0.0,0.0,6785.9,7978.25,0,0.0,0,0,18-APR-2022,
OPTSTK,MRF,26-May-2022,60000.0,CE,0.0,0.0,0.0,6454.35,7536.95,0,0.0,0,0,18-APR-2022,
OPTSTK,MRF,26-May-2022,60500.0,CE,0.0,0.0,0.0,6132.75,7104.6,0,0.0,0,0,18-APR-2022,
OPTSTK,MRF,26-May-2022,61000.0,CE,0.0,0.0,0.0,5821.2,6682.0,0,0.0,0,0,18-APR-2022,
OPTSTK,MRF,26-May-2022,61500.0,CE,0.0,0.0,0.0,5519.85,6269.95,0,0.0,0,0,18-APR-2022,
OPTSTK,MRF,26-May-2022,62000.0,CE,0.0,0.0,0.0,5228.7,5869.3,0,0.0,0,0,18-APR-2022,
OPTSTK,MRF,26-May-2022,62500.0,CE,0.0,0.0,0.0,4947.85,5480.85,0,0.0,0,0,18-APR-2022,
OPTSTK,MRF,26-May-2022,63000.0,CE,0.0,0.0,0.0,4677.3,5107.65,0,0.0,0,0,18-APR-2022,
OPTSTK,MRF,26-May-2022,63500.0,CE,0.0,0.0,0.0,4417.0,4742.2,0,0.0,0,0,18-APR-2022,
OPTSTK,MRF,26-May-2022,64000.0,CE,0.0,0.0,0.0,4166.7,4394.5,0,0.0,0,0,18-APR-2022,
OPTSTK,MRF,26-May-2022,64500.0,CE,0.0,0.0,0.0,3926.8,4061.5,0,0.0,0,0,18-APR-2022,
OPTSTK,MRF,26-May-2022,65000.0,CE,0.0,0.0,0.0,3696.95,3743.6,0,0.0,0,0,18-APR-2022,
OPTSTK,MRF,26-May-2022,65500.0,CE,0.0,0.0,0.0,3477.05,3441.2,0,0.0,0,0,18-APR-2022,
OPTSTK,MRF,26-May-2022,66000.0,CE,0.0,0.0,0.0,3266.9,3154.5,0,0.0,0,0,18-APR-2022,
OPTSTK,MRF,26-May-2022,66500.0,CE,0.0,0.0,0.0,3066.4,2883.55,0,0.0,0,0,18-APR-2022,
OPTSTK,MRF,26-May-2022,67000.0,CE,0.0,0.0,0.0,2875.3,2628.2,0,0.0,0,0,18-APR-2022,
OPTSTK,MRF,26-May-2022,67500.0,CE,0.0,0.0,0.0,2693.45,2388.85,0,0.0,0,0,18-APR-2022,
OPTSTK,MRF,26-May-2022,68000.0,CE,0.0,0.0,0.0,2400.0,2165.1,0,0.0,20,0,18-APR-2022,
OPTSTK,MRF,26-May-2022,68500.0,CE,0.0,0.0,0.0,2356.6,1956.65,0,0.0,0,0,18-APR-2022,
OPTSTK,MRF,26-May-2022,69000.0,CE,0.0,0.0,0.0,2201.1,1763.15,0,0.0,0,0,18-APR-2022,
OPTSTK,MRF,26-May-2022,69500.0,CE,0.0,0.0,0.0,2053.85,1584.2,0,0.0,0,0,18-APR-2022,
OPTSTK,MRF,26-May-2022,70000.0,CE,0.0,0.0,0.0,1914.65,1419.3,0,0.0,0,0,18-APR-2022,
OPTSTK,MRF,26-May-2022,70500.0,CE,0.0,0.0,0.0,1783.2,1267.85,0,0.0,0,0,18-APR-2022,
OPTSTK,MRF,26-May-2022,71000.0,CE,0.0,0.0,0.0,1662.4,1129.25,0,0.0,0,0,18-APR-2022,
OPTSTK,MRF,26-May-2022,71500.0,CE,0.0,0.0,0.0,1546.15,1006.25,0,0.0,0,0,18-APR-2022,
OPTSTK,MRF,26-May-2022,72000.0,CE,0.0,0.0,0.0,749.9,889.35,0,0.0,10,0,18-APR-2022,
OPTSTK,MRF,26-May-2022,72500.0,CE,0.0,0.0,0.0,1331.2,785.55,0,0.0,0,0,18-APR-2022,
OPTSTK,MRF,26-May-2022,73000.0,CE,0.0,0.0,0.0,1234.3,691.85,0,0.0,0,0,18-APR-2022,
OPTSTK,MRF,26-May-2022,73500.0,CE,0.0,0.0,0.0,1143.45,607.6,0,0.0,0,0,18-APR-2022,
OPTSTK,MRF,26-May-2022,74000.0,CE,0.0,0.0,0.0,1058.35,532.05,0,0.0,0,0,18-APR-2022,
OPTSTK,MRF,26-May-2022,74500.0,CE,0.0,0.0,0.0,978.75,464.6,0,0.0,0,0,18-APR-2022,
OPTSTK,MRF,26-May-2022,75000.0,CE,0.0,0.0,0.0,904.3,404.55,0,0.0,0,0,18-APR-2022,
OPTSTK,MRF,26-May-2022,75500.0,CE,0.0,0.0,0.0,834.85,351.3,0,0.0,0,0,18-APR-2022,
OPTSTK,MRF,26-May-2022,76000.0,CE,0.0,0.0,0.0,770.05,304.2,0,0.0,0,0,18-APR-2022,
OPTSTK,MRF,26-May-2022,76500.0,CE,0.0,0.0,0.0,709.7,262.65,0,0.0,0,0,18-APR-2022,
OPTSTK,MRF,26-May-2022,77000.0,CE,0.0,0.0,0.0,653.5,226.2,0,0.0,0,0,18-APR-2022,
OPTSTK,MRF,26-May-2022,77500.0,CE,0.0,0.0,0.0,601.3,194.25,0,0.0,0,0,18-APR-2022,
OPTSTK,MRF,26-May-2022,78000.0,CE,0.0,0.0,0.0,552.8,166.4,0,0.0,0,0,18-APR-2022,
OPTSTK,MRF,26-May-2022,78500.0,CE,0.0,0.0,0.0,507.8,142.15,0,0.0,0,0,18-APR-2022,
OPTSTK,MRF,26-May-2022,79000.0,CE,0.0,0.0,0.0,466.15,121.1,0,0.0,0,0,18-APR-2022,
OPTSTK,MRF,26-May-2022,79500.0,CE,0.0,0.0,0.0,427.5,102.9,0,0.0,0,0,18-APR-2022,
OPTSTK,MRF,26-May-2022,80000.0,CE,0.0,0.0,0.0,391.8,87.2,0,0.0,0,0,18-APR-2022,
OPTSTK,MRF,26-May-2022,80500.0,CE,0.0,0.0,0.0,358.8,73.7,0,0.0,0,0,18-APR-2022,
OPTSTK,MRF,26-May-2022,81000.0,CE,0.0,0.0,0.0,328.35,62.15,0,0.0,0,0,18-APR-2022,
OPTSTK,MRF,26-May-2022,81500.0,CE,0.0,0.0,0.0,300.25,52.3,0,0.0,0,0,18-APR-2022,
OPTSTK,MRF,26-May-2022,82000.0,CE,0.0,0.0,0.0,274.35,43.9,0,0.0,0,0,18-APR-2022,
OPTSTK,MRF,26-May-2022,82500.0,CE,0.0,0.0,0.0,250.5,36.75,0,0.0,0,0,18-APR-2022,
OPTSTK,MRF,26-May-2022,83000.0,CE,0.0,0.0,0.0,228.55,30.7,0,0.0,0,0,18-APR-2022,
OPTSTK,MRF,26-May-2022,83500.0,CE,0.0,0.0,0.0,208.4,25.55,0,0.0,0,0,18-APR-2022,
OPTSTK,MRF,26-May-2022,84000.0,CE,0.0,0.0,0.0,189.9,21.25,0,0.0,0,0,18-APR-2022,
OPTSTK,MRF,26-May-2022,53500.0,PE,0.0,0.0,0.0,453.45,13.95,0,0.0,0,0,18-APR-2022,
OPTSTK,MRF,26-May-2022,54000.0,PE,0.0,0.0,0.0,516.8,18.85,0,0.0,0,0,18-APR-2022,
OPTSTK,MRF,26-May-2022,54500.0,PE,0.0,0.0,0.0,586.6,25.2,0,0.0,0,0,18-APR-2022,
OPTSTK,MRF,26-May-2022,55000.0,PE,0.0,0.0,0.0,663.3,33.35,0,0.0,0,0,18-APR-2022,
OPTSTK,MRF,26-May-2022,55500.0,PE,0.0,0.0,0.0,747.3,43.65,0,0.0,0,0,18-APR-2022,
OPTSTK,MRF,26-May-2022,56000.0,PE,0.0,0.0,0.0,838.85,56.6,0,0.0,0,0,18-APR-2022,
OPTSTK,MRF,26-May-2022,56500.0,PE,0.0,0.0,0.0,938.35,72.65,0,0.0,0,0,18-APR-2022,
OPTSTK,MRF,26-May-2022,57000.0,PE,0.0,0.0,0.0,1046.1,92.4,0,0.0,0,0,18-APR-2022,
OPTSTK,MRF,26-May-2022,57500.0,PE,0.0,0.0,0.0,1162.4,116.45,0,0.0,0,0,18-APR-2022,
OPTSTK,MRF,26-May-2022,58000.0,PE,0.0,0.0,0.0,1289.75,145.5,0,0.0,0,0,18-APR-2022,
OPTSTK,MRF,26-May-2022,58500.0,PE,0.0,0.0,0.0,1423.6,180.2,0,0.0,0,0,18-APR-2022,
OPTSTK,MRF,26-May-2022,59000.0,PE,0.0,0.0,0.0,1566.9,221.4,0,0.0,0,0,18-APR-2022,
OPTSTK,MRF,26-May-2022,59500.0,PE,0.0,0.0,0.0,1717.55,269.85,0,0.0,0,0,18-APR-2022,
OPTSTK,MRF,26-May-2022,60000.0,PE,0.0,0.0,0.0,1880.8,326.35,0,0.0,0,0,18-APR-2022,
OPTSTK,MRF,26-May-2022,60500.0,PE,0.0,0.0,0.0,2053.95,391.8,0,0.0,0,0,18-APR-2022,
OPTSTK,MRF,26-May-2022,61000.0,PE,0.0,0.0,0.0,2237.15,467.0,0,0.0,0,0,18-APR-2022,
OPTSTK,MRF,26-May-2022,61500.0,PE,0.0,0.0,0.0,2430.55,552.75,0,0.0,0,0,18-APR-2022,
OPTSTK,MRF,26-May-2022,62000.0,PE,0.0,0.0,0.0,1000.0,649.9,0,0.0,10,0,18-APR-2022,
OPTSTK,MRF,26-May-2022,62500.0,PE,0.0,0.0,0.0,2848.15,759.2,0,0.0,0,0,18-APR-2022,
OPTSTK,MRF,26-May-2022,63000.0,PE,0.0,0.0,0.0,3072.35,883.8,0,0.0,0,0,18-APR-2022,
OPTSTK,MRF,26-May-2022,63500.0,PE,0.0,0.0,0.0,3306.85,1016.2,0,0.0,0,0,18-APR-2022,
OPTSTK,MRF,26-May-2022,64000.0,PE,0.0,0.0,0.0,3551.3,1166.25,0,0.0,0,0,18-APR-2022,
OPTSTK,MRF,26-May-2022,64500.0,PE,0.0,0.0,0.0,3806.15,1331.05,0,0.0,0,0,18-APR-2022,
OPTSTK,MRF,26-May-2022,65000.0,PE,1798.0,1800.0,1798.0,1800.0,1510.95,2,13.35,60,10,18-APR-2022,
OPTSTK,MRF,26-May-2022,65500.0,PE,0.0,0.0,0.0,4345.9,1706.35,0,0.0,0,0,18-APR-2022,
OPTSTK,MRF,26-May-2022,66000.0,PE,0.0,0.0,0.0,2000.0,1917.4,0,0.0,20,0,18-APR-2022,
OPTSTK,MRF,26-May-2022,66500.0,PE,0.0,0.0,0.0,4924.8,2144.25,0,0.0,0,0,18-APR-2022,
OPTSTK,MRF,26-May-2022,67000.0,PE,0.0,0.0,0.0,5228.5,2386.7,0,0.0,0,0,18-APR-2022,
OPTSTK,MRF,26-May-2022,67500.0,PE,0.0,0.0,0.0,5541.4,2645.15,0,0.0,0,0,18-APR-2022,
OPTSTK,MRF,26-May-2022,68000.0,PE,0.0,0.0,0.0,5863.35,2919.2,0,0.0,0,0,18-APR-2022,
OPTSTK,MRF,26-May-2022,68500.0,PE,0.0,0.0,0.0,6194.1,3208.55,0,0.0,0,0,18-APR-2022,
OPTSTK,MRF,26-May-2022,69000.0,PE,0.0,0.0,0.0,6533.35,3512.85,0,0.0,0,0,18-APR-2022,
OPTSTK,MRF,26-May-2022,69500.0,PE,0.0,0.0,0.0,6880.9,3831.65,0,0.0,0,0,18-APR-2022,
OPTSTK,MRF,26-May-2022,70000.0,PE,0.0,0.0,0.0,7236.45,4164.55,0,0.0,0,0,18-APR-2022,
OPTSTK,MRF,26-May-2022,70500.0,PE,0.0,0.0,0.0,7599.75,4510.9,0,0.0,0,0,18-APR-2022,
OPTSTK,MRF,26-May-2022,71000.0,PE,0.0,0.0,0.0,7973.75,4870.1,0,0.0,0,0,18-APR-2022,
OPTSTK,MRF,26-May-2022,71500.0,PE,0.0,0.0,0.0,8352.2,5244.85,0,0.0,0,0,18-APR-2022,
OPTSTK,MRF,26-May-2022,72000.0,PE,0.0,0.0,0.0,8737.6,5625.8,0,0.0,0,0,18-APR-2022,
OPTSTK,MRF,26-May-2022,72500.0,PE,0.0,0.0,0.0,9126.8,6019.75,0,0.0,0,0,18-APR-2022,
OPTSTK,MRF,26-May-2022,73000.0,PE,0.0,0.0,0.0,9524.7,6423.85,0,0.0,0,0,18-APR-2022,
OPTSTK,MRF,26-May-2022,73500.0,PE,0.0,0.0,0.0,9928.6,6837.4,0,0.0,0,0,18-APR-2022,
OPTSTK,MRF,26-May-2022,74000.0,PE,0.0,0.0,0.0,10338.25,7259.65,0,0.0,0,0,18-APR-2022,
OPTSTK,MRF,26-May-2022,74500.0,PE,0.0,0.0,0.0,10753.4,7690.0,0,0.0,0,0,18-APR-2022,
OPTSTK,MRF,26-May-2022,75000.0,PE,0.0,0.0,0.0,11173.75,8127.75,0,0.0,0,0,18-APR-2022,
OPTSTK,MRF,26-May-2022,75500.0,PE,0.0,0.0,0.0,11599.05,8572.25,0,0.0,0,0,18-APR-2022,
OPTSTK,MRF,26-May-2022,76000.0,PE,0.0,0.0,0.0,12029.05,9022.95,0,0.0,0,0,18-APR-2022,
OPTSTK,MRF,26-May-2022,76500.0,PE,0.0,0.0,0.0,12463.45,9479.25,0,0.0,0,0,18-APR-2022,
OPTSTK,MRF,26-May-2022,77000.0,PE,0.0,0.0,0.0,12902.05,9940.55,0,0.0,0,0,18-APR-2022,
OPTSTK,MRF,26-May-2022,77500.0,PE,0.0,0.0,0.0,13344.6,10406.4,0,0.0,0,0,18-APR-2022,
OPTSTK,MRF,26-May-2022,78000.0,PE,0.0,0.0,0.0,13790.85,10876.3,0,0.0,0,0,18-APR-2022,
OPTSTK,MRF,26-May-2022,78500.0,PE,0.0,0.0,0.0,14240.65,11349.85,0,0.0,0,0,18-APR-2022,
OPTSTK,MRF,26-May-2022,79000.0,PE,0.0,0.0,0.0,14693.7,11826.6,0,0.0,0,0,18-APR-2022,
OPTSTK,MRF,26-May-2022,79500.0,PE,0.0,0.0,0.0,15149.9,12306.2,0,0.0,0,0,18-APR-2022,
OPTSTK,MRF,26-May-2022,80000.0,PE,0.0,0.0,0.0,15608.95,12788.3,0,0.0,0,0,18-APR-2022,
OPTSTK,MRF,26-May-2022,80500.0,PE,0.0,0.0,0.0,16070.7,13272.65,0,0.0,0,0,18-APR-2022,
OPTSTK,MRF,26-May-2022,81000.0,PE,0.0,0.0,0.0,16535.0,13758.85,0,0.0,0,0,18-APR-2022,
OPTSTK,MRF,26-May-2022,81500.0,PE,0.0,0.0,0.0,17001.65,14246.8,0,0.0,0,0,18-APR-2022,
OPTSTK,MRF,26-May-2022,82000.0,PE,0.0,0.0,0.0,17470.55,14736.15,0,0.0,0,0,18-APR-2022,
OPTSTK,MRF,26-May-2022,82500.0,PE,0.0,0.0,0.0,17941.45,15226.8,0,0.0,0,0,18-APR-2022,
OPTSTK,MRF,26-May-2022,83000.0,PE,0.0,0.0,0.0,18414.3,15718.55,0,0.0,0,0,18-APR-2022,
OPTSTK,MRF,26-May-2022,83500.0,PE,0.0,0.0,0.0,18888.9,16211.2,0,0.0,0,0,18-APR-2022,
OPTSTK,MRF,26-May-2022,84000.0,PE,0.0,0.0,0.0,19365.15,16704.7,0,0.0,0,0,18-APR-2022,
OPTSTK,MRF,30-Jun-2022,53500.0,CE,0.0,0.0,0.0,12412.65,14013.85,0,0.0,0,0,18-APR-2022,
OPTSTK,MRF,30-Jun-2022,54000.0,CE,0.0,0.0,0.0,11967.45,13541.0,0,0.0,0,0,18-APR-2022,
OPTSTK,MRF,30-Jun-2022,54500.0,CE,0.0,0.0,0.0,11527.9,13071.8,0,0.0,0,0,18-APR-2022,
OPTSTK,MRF,30-Jun-2022,55000.0,CE,0.0,0.0,0.0,11094.35,12606.6,0,0.0,0,0,18-APR-2022,
OPTSTK,MRF,30-Jun-2022,55500.0,CE,0.0,0.0,0.0,10667.2,12145.85,0,0.0,0,0,18-APR-2022,
OPTSTK,MRF,30-Jun-2022,56000.0,CE,0.0,0.0,0.0,10246.85,11689.9,0,0.0,0,0,18-APR-2022,
OPTSTK,MRF,30-Jun-2022,56500.0,CE,0.0,0.0,0.0,9833.65,11239.3,0,0.0,0,0,18-APR-2022,
OPTSTK,MRF,30-Jun-2022,57000.0,CE,0.0,0.0,0.0,9427.95,10794.45,0,0.0,0,0,18-APR-2022,
OPTSTK,MRF,30-Jun-2022,57500.0,CE,0.0,0.0,0.0,9030.15,10355.8,0,0.0,0,0,18-APR-2022,
OPTSTK,MRF,30-Jun-2022,58000.0,CE,0.0,0.0,0.0,8640.5,9923.8,0,0.0,0,0,18-APR-2022,
OPTSTK,MRF,30-Jun-2022,58500.0,CE,0.0,0.0,0.0,8259.4,9498.95,0,0.0,0,0,18-APR-2022,
OPTSTK,MRF,30-Jun-2022,59000.0,CE,0.0,0.0,0.0,7889.4,9081.65,0,0.0,0,0,18-APR-2022,
OPTSTK,MRF,30-Jun-2022,59500.0,CE,0.0,0.0,0.0,7525.7,8672.4,0,0.0,0,0,18-APR-2022,
OPTSTK,MRF,30-Jun-2022,60000.0,CE,0.0,0.0,0.0,7171.45,8271.55,0,0.0,0,0,18-APR-2022,
OPTSTK,MRF,30-Jun-2022,60500.0,CE,0.0,0.0,0.0,6824.4,7879.55,0,0.0,0,0,18-APR-2022,
OPTSTK,MRF,30-Jun-2022,61000.0,CE,0.0,0.0,0.0,6490.05,7496.8,0,0.0,0,0,18-APR-2022,
OPTSTK,MRF,30-Jun-2022,61500.0,CE,0.0,0.0,0.0,6165.65,7126.05,0,0.0,0,0,18-APR-2022,
OPTSTK,MRF,30-Jun-2022,62000.0,CE,0.0,0.0,0.0,5851.35,6762.35,0,0.0,0,0,18-APR-2022,
OPTSTK,MRF,30-Jun-2022,62500.0,CE,0.0,0.0,0.0,5547.3,6406.25,0,0.0,0,0,18-APR-2022,
OPTSTK,MRF,30-Jun-2022,63000.0,CE,0.0,0.0,0.0,5253.5,6064.05,0,0.0,0,0,18-APR-2022,
OPTSTK,MRF,30-Jun-2022,63500.0,CE,0.0,0.0,0.0,4970.05,5732.6,0,0.0,0,0,18-APR-2022,
OPTSTK,MRF,30-Jun-2022,64000.0,CE,0.0,0.0,0.0,4697.0,5412.2,0,0.0,0,0,18-APR-2022,
OPTSTK,MRF,30-Jun-2022,64500.0,CE,0.0,0.0,0.0,4434.25,5102.95,0,0.0,0,0,18-APR-2022,
OPTSTK,MRF,30-Jun-2022,65000.0,CE,0.0,0.0,0.0,4181.55,4805.0,0,0.0,0,0,18-APR-2022,
OPTSTK,MRF,30-Jun-2022,65500.0,CE,0.0,0.0,0.0,3939.4,4518.4,0,0.0,0,0,18-APR-2022,
OPTSTK,MRF,30-Jun-2022,66000.0,CE,0.0,0.0,0.0,3707.35,4243.25,0,0.0,0,0,18-APR-2022,
OPTSTK,MRF,30-Jun-2022,66500.0,CE,0.0,0.0,0.0,3485.4,3979.5,0,0.0,0,0,18-APR-2022,
OPTSTK,MRF,30-Jun-2022,67000.0,CE,0.0,0.0,0.0,3273.3,3726.9,0,0.0,0,0,18-APR-2022,
OPTSTK,MRF,30-Jun-2022,67500.0,CE,0.0,0.0,0.0,3070.95,3485.9,0,0.0,0,0,18-APR-2022,
OPTSTK,MRF,30-Jun-2022,68000.0,CE,0.0,0.0,0.0,2878.15,3256.1,0,0.0,0,0,18-APR-2022,
OPTSTK,MRF,30-Jun-2022,68500.0,CE,0.0,0.0,0.0,2694.7,3037.35,0,0.0,0,0,18-APR-2022,
OPTSTK,MRF,30-Jun-2022,69000.0,CE,0.0,0.0,0.0,2520.35,2829.55,0,0.0,0,0,18-APR-2022,
OPTSTK,MRF,30-Jun-2022,69500.0,CE,0.0,0.0,0.0,2354.95,2632.4,0,0.0,0,0,18-APR-2022,
OPTSTK,MRF,30-Jun-2022,70000.0,CE,0.0,0.0,0.0,2198.15,2445.8,0,0.0,0,0,18-APR-2022,
OPTSTK,MRF,30-Jun-2022,70500.0,CE,0.0,0.0,0.0,2049.8,2269.35,0,0.0,0,0,18-APR-2022,
OPTSTK,MRF,30-Jun-2022,71000.0,CE,0.0,0.0,0.0,1909.55,2102.9,0,0.0,0,0,18-APR-2022,
OPTSTK,MRF,30-Jun-2022,71500.0,CE,0.0,0.0,0.0,1777.15,1946.1,0,0.0,0,0,18-APR-2022,
OPTSTK,MRF,30-Jun-2022,72000.0,CE,0.0,0.0,0.0,1655.55,1798.6,0,0.0,0,0,18-APR-2022,
OPTSTK,MRF,30-Jun-2022,72500.0,CE,0.0,0.0,0.0,1538.55,1660.15,0,0.0,0,0,18-APR-2022,
OPTSTK,MRF,30-Jun-2022,73000.0,CE,0.0,0.0,0.0,1428.55,1533.35,0,0.0,0,0,18-APR-2022,
OPTSTK,MRF,30-Jun-2022,73500.0,CE,0.0,0.0,0.0,1322.45,1412.5,0,0.0,0,0,18-APR-2022,
OPTSTK,MRF,30-Jun-2022,74000.0,CE,0.0,0.0,0.0,1225.1,1299.7,0,0.0,0,0,18-APR-2022,
OPTSTK,MRF,30-Jun-2022,74500.0,CE,0.0,0.0,0.0,1133.9,1191.45,0,0.0,0,0,18-APR-2022,
OPTSTK,MRF,30-Jun-2022,75000.0,CE,0.0,0.0,0.0,1048.55,1093.0,0,0.0,0,0,18-APR-2022,
OPTSTK,MRF,30-Jun-2022,75500.0,CE,0.0,0.0,0.0,968.7,1001.4,0,0.0,0,0,18-APR-2022,
OPTSTK,MRF,30-Jun-2022,76000.0,CE,0.0,0.0,0.0,894.15,916.4,0,0.0,0,0,18-APR-2022,
OPTSTK,MRF,30-Jun-2022,76500.0,CE,0.0,0.0,0.0,824.6,837.55,0,0.0,0,0,18-APR-2022,
OPTSTK,MRF,30-Jun-2022,77000.0,CE,0.0,0.0,0.0,759.8,764.6,0,0.0,0,0,18-APR-2022,
OPTSTK,MRF,30-Jun-2022,77500.0,CE,0.0,0.0,0.0,699.45,697.15,0,0.0,0,0,18-APR-2022,
OPTSTK,MRF,30-Jun-2022,78000.0,CE,0.0,0.0,0.0,643.4,634.85,0,0.0,0,0,18-APR-2022,
OPTSTK,MRF,30-Jun-2022,78500.0,CE,0.0,0.0,0.0,591.3,577.5,0,0.0,0,0,18-APR-2022,
OPTSTK,MRF,30-Jun-2022,79000.0,CE,0.0,0.0,0.0,542.95,524.7,0,0.0,0,0,18-APR-2022,
OPTSTK,MRF,30-Jun-2022,79500.0,CE,0.0,0.0,0.0,498.15,476.15,0,0.0,0,0,18-APR-2022,
OPTSTK,MRF,30-Jun-2022,80000.0,CE,0.0,0.0,0.0,456.65,431.6,0,0.0,0,0,18-APR-2022,
OPTSTK,MRF,30-Jun-2022,80500.0,CE,0.0,0.0,0.0,418.3,390.8,0,0.0,0,0,18-APR-2022,
OPTSTK,MRF,30-Jun-2022,81000.0,CE,0.0,0.0,0.0,382.85,353.45,0,0.0,0,0,18-APR-2022,
OPTSTK,MRF,30-Jun-2022,81500.0,CE,0.0,0.0,0.0,350.1,319.3,0,0.0,0,0,18-APR-2022,
OPTSTK,MRF,30-Jun-2022,82000.0,CE,0.0,0.0,0.0,319.95,288.15,0,0.0,0,0,18-APR-2022,
OPTSTK,MRF,30-Jun-2022,82500.0,CE,0.0,0.0,0.0,292.15,259.75,0,0.0,0,0,18-APR-2022,
OPTSTK,MRF,30-Jun-2022,83000.0,CE,0.0,0.0,0.0,266.55,233.9,0,0.0,0,0,18-APR-2022,
OPTSTK,MRF,30-Jun-2022,83500.0,CE,0.0,0.0,0.0,243.0,210.45,0,0.0,0,0,18-APR-2022,
OPTSTK,MRF,30-Jun-2022,84000.0,CE,0.0,0.0,0.0,221.4,189.1,0,0.0,0,0,18-APR-2022,
OPTSTK,MRF,30-Jun-2022,53500.0,PE,0.0,0.0,0.0,328.0,115.35,0,0.0,0,0,18-APR-2022,
OPTSTK,MRF,30-Jun-2022,54000.0,PE,0.0,0.0,0.0,377.55,138.25,0,0.0,0,0,18-APR-2022,
OPTSTK,MRF,30-Jun-2022,54500.0,PE,0.0,0.0,0.0,432.7,164.8,0,0.0,0,0,18-APR-2022,
OPTSTK,MRF,30-Jun-2022,55000.0,PE,0.0,0.0,0.0,493.9,195.4,0,0.0,0,0,18-APR-2022,
OPTSTK,MRF,30-Jun-2022,55500.0,PE,0.0,0.0,0.0,561.5,230.35,0,0.0,0,0,18-APR-2022,
OPTSTK,MRF,30-Jun-2022,56000.0,PE,0.0,0.0,0.0,635.9,270.25,0,0.0,0,0,18-APR-2022,
OPTSTK,MRF,30-Jun-2022,56500.0,PE,0.0,0.0,0.0,717.45,315.4,0,0.0,0,0,18-APR-2022,
OPTSTK,MRF,30-Jun-2022,57000.0,PE,0.0,0.0,0.0,806.5,366.3,0,0.0,0,0,18-APR-2022,
OPTSTK,MRF,30-Jun-2022,57500.0,PE,0.0,0.0,0.0,903.4,423.4,0,0.0,0,0,18-APR-2022,
OPTSTK,MRF,30-Jun-2022,58000.0,PE,0.0,0.0,0.0,1008.5,487.2,0,0.0,0,0,18-APR-2022,
OPTSTK,MRF,30-Jun-2022,58500.0,PE,0.0,0.0,0.0,1122.15,558.1,0,0.0,0,0,18-APR-2022,
OPTSTK,MRF,30-Jun-2022,59000.0,PE,0.0,0.0,0.0,1246.9,636.6,0,0.0,0,0,18-APR-2022,
OPTSTK,MRF,30-Jun-2022,59500.0,PE,0.0,0.0,0.0,1377.95,723.1,0,0.0,0,0,18-APR-2022,
OPTSTK,MRF,30-Jun-2022,60000.0,PE,0.0,0.0,0.0,1518.4,818.0,0,0.0,0,0,18-APR-2022,
OPTSTK,MRF,30-Jun-2022,60500.0,PE,0.0,0.0,0.0,1666.1,921.8,0,0.0,0,0,18-APR-2022,
OPTSTK,MRF,30-Jun-2022,61000.0,PE,0.0,0.0,0.0,1826.5,1034.8,0,0.0,0,0,18-APR-2022,
OPTSTK,MRF,30-Jun-2022,61500.0,PE,0.0,0.0,0.0,1996.85,1159.85,0,0.0,0,0,18-APR-2022,
OPTSTK,MRF,30-Jun-2022,62000.0,PE,0.0,0.0,0.0,2177.3,1291.9,0,0.0,0,0,18-APR-2022,
OPTSTK,MRF,30-Jun-2022,62500.0,PE,0.0,0.0,0.0,2368.0,1431.55,0,0.0,0,0,18-APR-2022,
OPTSTK,MRF,30-Jun-2022,63000.0,PE,0.0,0.0,0.0,2568.95,1585.1,0,0.0,0,0,18-APR-2022,
OPTSTK,MRF,30-Jun-2022,63500.0,PE,0.0,0.0,0.0,2780.25,1749.45,0,0.0,0,0,18-APR-2022,
OPTSTK,MRF,30-Jun-2022,64000.0,PE,0.0,0.0,0.0,3001.9,1924.8,0,0.0,0,0,18-APR-2022,
OPTSTK,MRF,30-Jun-2022,64500.0,PE,0.0,0.0,0.0,3233.9,2111.3,0,0.0,0,0,18-APR-2022,
OPTSTK,MRF,30-Jun-2022,65000.0,PE,0.0,0.0,0.0,3476.0,2309.15,0,0.0,0,0,18-APR-2022,
OPTSTK,MRF,30-Jun-2022,65500.0,PE,0.0,0.0,0.0,3728.55,2518.3,0,0.0,0,0,18-APR-2022,
OPTSTK,MRF,30-Jun-2022,66000.0,PE,0.0,0.0,0.0,3991.25,2738.9,0,0.0,0,0,18-APR-2022,
OPTSTK,MRF,30-Jun-2022,66500.0,PE,0.0,0.0,0.0,4264.0,2970.95,0,0.0,0,0,18-APR-2022,
OPTSTK,MRF,30-Jun-2022,67000.0,PE,0.0,0.0,0.0,4546.65,3214.1,0,0.0,0,0,18-APR-2022,
OPTSTK,MRF,30-Jun-2022,67500.0,PE,0.0,0.0,0.0,4839.05,3468.85,0,0.0,0,0,18-APR-2022,
OPTSTK,MRF,30-Jun-2022,68000.0,PE,0.0,0.0,0.0,5141.0,3734.85,0,0.0,0,0,18-APR-2022,
OPTSTK,MRF,30-Jun-2022,68500.0,PE,0.0,0.0,0.0,5452.3,4011.85,0,0.0,0,0,18-APR-2022,
OPTSTK,MRF,30-Jun-2022,69000.0,PE,0.0,0.0,0.0,5772.7,4299.8,0,0.0,0,0,18-APR-2022,
OPTSTK,MRF,30-Jun-2022,69500.0,PE,0.0,0.0,0.0,6102.0,4598.45,0,0.0,0,0,18-APR-2022,
OPTSTK,MRF,30-Jun-2022,70000.0,PE,0.0,0.0,0.0,6440.0,4907.6,0,0.0,0,0,18-APR-2022,
OPTSTK,MRF,30-Jun-2022,70500.0,PE,0.0,0.0,0.0,6786.35,5226.95,0,0.0,0,0,18-APR-2022,
OPTSTK,MRF,30-Jun-2022,71000.0,PE,0.0,0.0,0.0,7140.85,5556.25,0,0.0,0,0,18-APR-2022,
OPTSTK,MRF,30-Jun-2022,71500.0,PE,0.0,0.0,0.0,7503.2,5895.2,0,0.0,0,0,18-APR-2022,
OPTSTK,MRF,30-Jun-2022,72000.0,PE,0.0,0.0,0.0,7876.35,6243.5,0,0.0,0,0,18-APR-2022,
OPTSTK,MRF,30-Jun-2022,72500.0,PE,0.0,0.0,0.0,8254.1,6600.8,0,0.0,0,0,18-APR-2022,
OPTSTK,MRF,30-Jun-2022,73000.0,PE,0.0,0.0,0.0,8638.85,6969.8,0,0.0,0,0,18-APR-2022,
OPTSTK,MRF,30-Jun-2022,73500.0,PE,0.0,0.0,0.0,9027.45,7344.7,0,0.0,0,0,18-APR-2022,
OPTSTK,MRF,30-Jun-2022,74000.0,PE,0.0,0.0,0.0,9424.9,7727.65,0,0.0,0,0,18-APR-2022,
OPTSTK,MRF,30-Jun-2022,74500.0,PE,0.0,0.0,0.0,9828.45,8115.2,0,0.0,0,0,18-APR-2022,
OPTSTK,MRF,30-Jun-2022,75000.0,PE,0.0,0.0,0.0,10237.8,8512.5,0,0.0,0,0,18-APR-2022,
OPTSTK,MRF,30-Jun-2022,75500.0,PE,0.0,0.0,0.0,10652.7,8916.7,0,0.0,0,0,18-APR-2022,
OPTSTK,MRF,30-Jun-2022,76000.0,PE,0.0,0.0,0.0,11072.9,9327.45,0,0.0,0,0,18-APR-2022,
OPTSTK,MRF,30-Jun-2022,76500.0,PE,0.0,0.0,0.0,11498.1,9744.35,0,0.0,0,0,18-APR-2022,
OPTSTK,MRF,30-Jun-2022,77000.0,PE,0.0,0.0,0.0,11928.0,10167.15,0,0.0,0,0,18-APR-2022,
OPTSTK,MRF,30-Jun-2022,77500.0,PE,0.0,0.0,0.0,12362.45,10595.5,0,0.0,0,0,18-APR-2022,
OPTSTK,MRF,30-Jun-2022,78000.0,PE,0.0,0.0,0.0,12801.1,11029.0,0,0.0,0,0,18-APR-2022,
OPTSTK,MRF,30-Jun-2022,78500.0,PE,0.0,0.0,0.0,13243.75,11467.35,0,0.0,0,0,18-APR-2022,
OPTSTK,MRF,30-Jun-2022,79000.0,PE,0.0,0.0,0.0,13690.15,11910.35,0,0.0,0,0,18-APR-2022,
OPTSTK,MRF,30-Jun-2022,79500.0,PE,0.0,0.0,0.0,14140.1,12357.55,0,0.0,0,0,18-APR-2022,
OPTSTK,MRF,30-Jun-2022,80000.0,PE,0.0,0.0,0.0,14593.35,12808.8,0,0.0,0,0,18-APR-2022,
OPTSTK,MRF,30-Jun-2022,80500.0,PE,0.0,0.0,0.0,15049.7,13263.75,0,0.0,0,0,18-APR-2022,
OPTSTK,MRF,30-Jun-2022,81000.0,PE,0.0,0.0,0.0,15509.0,13722.15,0,0.0,0,0,18-APR-2022,
OPTSTK,MRF,30-Jun-2022,81500.0,PE,0.0,0.0,0.0,15971.0,14183.8,0,0.0,0,0,18-APR-2022,
OPTSTK,MRF,30-Jun-2022,82000.0,PE,0.0,0.0,0.0,16435.6,14648.4,0,0.0,0,0,18-APR-2022,
OPTSTK,MRF,30-Jun-2022,82500.0,PE,0.0,0.0,0.0,16902.55,15115.8,0,0.0,0,0,18-APR-2022,
OPTSTK,MRF,30-Jun-2022,83000.0,PE,0.0,0.0,0.0,17371.7,15585.7,0,0.0,0,0,18-APR-2022,
OPTSTK,MRF,30-Jun-2022,83500.0,PE,0.0,0.0,0.0,17842.9,16058.0,0,0.0,0,0,18-APR-2022,
OPTSTK,MRF,30-Jun-2022,84000.0,PE,0.0,0.0,0.0,18316.0,16532.4,0,0.0,0,0,18-APR-2022,
OPTSTK,MUTHOOTFIN,28-Apr-2022,920.0,CE,0.0,0.0,0.0,526.6,400.2,0,0.0,0,0,18-APR-2022,
OPTSTK,MUTHOOTFIN,28-Apr-2022,940.0,CE,0.0,0.0,0.0,507.3,380.25,0,0.0,0,0,18-APR-2022,
OPTSTK,MUTHOOTFIN,28-Apr-2022,960.0,CE,0.0,0.0,0.0,488.15,360.25,0,0.0,0,0,18-APR-2022,
OPTSTK,MUTHOOTFIN,28-Apr-2022,980.0,CE,0.0,0.0,0.0,469.1,340.25,0,0.0,0,0,18-APR-2022,
OPTSTK,MUTHOOTFIN,28-Apr-2022,1000.0,CE,0.0,0.0,0.0,310.0,320.3,0,0.0,750,0,18-APR-2022,
OPTSTK,MUTHOOTFIN,28-Apr-2022,1020.0,CE,0.0,0.0,0.0,431.55,300.3,0,0.0,0,0,18-APR-2022,
OPTSTK,MUTHOOTFIN,28-Apr-2022,1040.0,CE,0.0,0.0,0.0,413.1,280.35,0,0.0,0,0,18-APR-2022,
OPTSTK,MUTHOOTFIN,28-Apr-2022,1060.0,CE,0.0,0.0,0.0,394.9,260.4,0,0.0,0,0,18-APR-2022,
OPTSTK,MUTHOOTFIN,28-Apr-2022,1080.0,CE,0.0,0.0,0.0,377.0,240.4,0,0.0,0,0,18-APR-2022,
OPTSTK,MUTHOOTFIN,28-Apr-2022,1100.0,CE,0.0,0.0,0.0,359.4,220.5,0,0.0,0,0,18-APR-2022,
OPTSTK,MUTHOOTFIN,28-Apr-2022,1120.0,CE,0.0,0.0,0.0,342.1,200.65,0,0.0,0,0,18-APR-2022,
OPTSTK,MUTHOOTFIN,28-Apr-2022,1140.0,CE,0.0,0.0,0.0,325.15,180.9,0,0.0,0,0,18-APR-2022,
OPTSTK,MUTHOOTFIN,28-Apr-2022,1160.0,CE,0.0,0.0,0.0,308.6,161.4,0,0.0,0,0,18-APR-2022,
OPTSTK,MUTHOOTFIN,28-Apr-2022,1180.0,CE,0.0,0.0,0.0,292.5,142.2,0,0.0,0,0,18-APR-2022,
OPTSTK,MUTHOOTFIN,28-Apr-2022,1200.0,CE,109.0,109.0,109.0,109.0,123.55,1,4.9,750,375,18-APR-2022,
OPTSTK,MUTHOOTFIN,28-Apr-2022,1220.0,CE,0.0,0.0,0.0,261.55,105.7,0,0.0,0,0,18-APR-2022,
OPTSTK,MUTHOOTFIN,28-Apr-2022,1240.0,CE,0.0,0.0,0.0,246.8,88.85,0,0.0,0,0,18-APR-2022,
OPTSTK,MUTHOOTFIN,28-Apr-2022,1260.0,CE,51.55,51.55,51.55,51.55,73.3,1,4.91,1500,375,18-APR-2022,
OPTSTK,MUTHOOTFIN,28-Apr-2022,1280.0,CE,47.8,47.8,30.2,42.55,42.55,50,246.18,16125,8625,18-APR-2022,
OPTSTK,MUTHOOTFIN,28-Apr-2022,1300.0,CE,28.0,35.3,21.55,31.85,31.85,443,2206.46,93375,30750,18-APR-2022,
OPTSTK,MUTHOOTFIN,28-Apr-2022,1320.0,CE,6.25,25.65,6.25,22.8,22.8,147,739.12,41625,3000,18-APR-2022,
OPTSTK,MUTHOOTFIN,28-Apr-2022,1340.0,CE,14.8,21.45,11.0,16.85,16.85,302,1534.3,76500,17625,18-APR-2022,
OPTSTK,MUTHOOTFIN,28-Apr-2022,1360.0,CE,16.95,25.5,8.35,12.3,12.3,560,2879.8,178875,375,18-APR-2022,
OPTSTK,MUTHOOTFIN,28-Apr-2022,1380.0,CE,10.75,11.4,6.6,9.6,9.6,353,1838.47,196500,-750,18-APR-2022,
OPTSTK,MUTHOOTFIN,28-Apr-2022,1400.0,CE,8.25,10.95,4.9,7.95,7.95,700,3692.85,343500,-43125,18-APR-2022,
OPTSTK,MUTHOOTFIN,28-Apr-2022,1420.0,CE,5.3,7.5,4.45,6.35,6.35,72,384.94,44250,-375,18-APR-2022,
OPTSTK,MUTHOOTFIN,28-Apr-2022,1440.0,CE,7.5,7.5,4.0,5.75,5.75,33,178.77,64875,-2250,18-APR-2022,
OPTSTK,MUTHOOTFIN,28-Apr-2022,1460.0,CE,3.6,5.05,3.1,4.3,4.3,49,268.94,43125,-750,18-APR-2022,
OPTSTK,MUTHOOTFIN,28-Apr-2022,1480.0,CE,3.1,3.5,3.0,3.0,1.85,13,72.3,10125,-1125,18-APR-2022,
OPTSTK,MUTHOOTFIN,28-Apr-2022,1500.0,CE,3.0,4.25,2.3,3.65,3.65,254,1431.79,145875,18375,18-APR-2022,
OPTSTK,MUTHOOTFIN,28-Apr-2022,1520.0,CE,0.25,4.0,0.25,1.0,1.0,19,108.45,8250,-4125,18-APR-2022,
OPTSTK,MUTHOOTFIN,28-Apr-2022,1540.0,CE,2.0,4.0,1.95,4.0,0.4,6,34.7,1875,-375,18-APR-2022,
OPTSTK,MUTHOOTFIN,28-Apr-2022,1560.0,CE,0.0,0.0,0.0,10.9,0.25,0,0.0,750,0,18-APR-2022,
OPTSTK,MUTHOOTFIN,28-Apr-2022,1580.0,CE,0.0,0.0,0.0,73.75,0.15,0,0.0,0,0,18-APR-2022,
OPTSTK,MUTHOOTFIN,28-Apr-2022,1600.0,CE,2.0,2.3,1.8,2.3,2.3,49,294.36,117750,7875,18-APR-2022,
OPTSTK,MUTHOOTFIN,28-Apr-2022,1620.0,CE,0.0,0.0,0.0,62.45,0.05,0,0.0,0,0,18-APR-2022,
OPTSTK,MUTHOOTFIN,28-Apr-2022,1640.0,CE,0.0,0.0,0.0,57.4,0.05,0,0.0,0,0,18-APR-2022,
OPTSTK,MUTHOOTFIN,28-Apr-2022,1660.0,CE,0.0,0.0,0.0,52.7,0.05,0,0.0,0,0,18-APR-2022,
OPTSTK,MUTHOOTFIN,28-Apr-2022,1680.0,CE,0.0,0.0,0.0,48.3,0.0,0,0.0,0,0,18-APR-2022,
OPTSTK,MUTHOOTFIN,28-Apr-2022,1700.0,CE,0.0,0.0,0.0,2.0,0.0,0,0.0,750,0,18-APR-2022,
OPTSTK,MUTHOOTFIN,28-Apr-2022,1720.0,CE,0.0,0.0,0.0,40.45,0.0,0,0.0,0,0,18-APR-2022,
OPTSTK,MUTHOOTFIN,28-Apr-2022,1740.0,CE,0.0,0.0,0.0,36.95,0.0,0,0.0,0,0,18-APR-2022,
OPTSTK,MUTHOOTFIN,28-Apr-2022,1760.0,CE,0.0,0.0,0.0,33.75,0.0,0,0.0,0,0,18-APR-2022,
OPTSTK,MUTHOOTFIN,28-Apr-2022,1780.0,CE,0.0,0.0,0.0,30.75,0.0,0,0.0,0,0,18-APR-2022,
OPTSTK,MUTHOOTFIN,28-Apr-2022,1800.0,CE,0.0,0.0,0.0,28.05,0.0,0,0.0,0,0,18-APR-2022,
OPTSTK,MUTHOOTFIN,28-Apr-2022,1820.0,CE,0.0,0.0,0.0,25.5,0.0,0,0.0,0,0,18-APR-2022,
OPTSTK,MUTHOOTFIN,28-Apr-2022,1840.0,CE,0.0,0.0,0.0,23.2,0.0,0,0.0,0,0,18-APR-2022,
OPTSTK,MUTHOOTFIN,28-Apr-2022,1860.0,CE,0.0,0.0,0.0,21.1,0.0,0,0.0,0,0,18-APR-2022,
OPTSTK,MUTHOOTFIN,28-Apr-2022,1880.0,CE,0.0,0.0,0.0,19.15,0.0,0,0.0,0,0,18-APR-2022,
OPTSTK,MUTHOOTFIN,28-Apr-2022,1900.0,CE,0.0,0.0,0.0,17.4,0.0,0,0.0,0,0,18-APR-2022,
OPTSTK,MUTHOOTFIN,28-Apr-2022,1920.0,CE,0.0,0.0,0.0,15.75,0.0,0,0.0,0,0,18-APR-2022,
OPTSTK,MUTHOOTFIN,28-Apr-2022,1940.0,CE,0.0,0.0,0.0,14.3,0.0,0,0.0,0,0,18-APR-2022,
OPTSTK,MUTHOOTFIN,28-Apr-2022,1960.0,CE,0.0,0.0,0.0,12.9,0.0,0,0.0,0,0,18-APR-2022,
OPTSTK,MUTHOOTFIN,28-Apr-2022,1980.0,CE,0.0,0.0,0.0,11.7,0.0,0,0.0,0,0,18-APR-2022,
OPTSTK,MUTHOOTFIN,28-Apr-2022,2000.0,CE,0.0,0.0,0.0,10.55,0.0,0,0.0,0,0,18-APR-2022,
OPTSTK,MUTHOOTFIN,28-Apr-2022,2020.0,CE,0.0,0.0,0.0,9.55,0.0,0,0.0,0,0,18-APR-2022,
OPTSTK,MUTHOOTFIN,28-Apr-2022,2040.0,CE,0.0,0.0,0.0,8.6,0.0,0,0.0,0,0,18-APR-2022,
OPTSTK,MUTHOOTFIN,28-Apr-2022,920.0,PE,0.0,0.0,0.0,1.5,0.0,0,0.0,0,0,18-APR-2022,
OPTSTK,MUTHOOTFIN,28-Apr-2022,940.0,PE,0.0,0.0,0.0,1.95,0.0,0,0.0,0,0,18-APR-2022,
OPTSTK,MUTHOOTFIN,28-Apr-2022,960.0,PE,0.0,0.0,0.0,2.6,0.0,0,0.0,0,0,18-APR-2022,
OPTSTK,MUTHOOTFIN,28-Apr-2022,980.0,PE,0.0,0.0,0.0,3.35,0.0,0,0.0,0,0,18-APR-2022,
OPTSTK,MUTHOOTFIN,28-Apr-2022,1000.0,PE,0.0,0.0,0.0,0.25,0.0,0,0.0,375,0,18-APR-2022,
OPTSTK,MUTHOOTFIN,28-Apr-2022,1020.0,PE,0.0,0.0,0.0,5.4,0.0,0,0.0,0,0,18-APR-2022,
OPTSTK,MUTHOOTFIN,28-Apr-2022,1040.0,PE,0.0,0.0,0.0,6.75,0.0,0,0.0,0,0,18-APR-2022,
OPTSTK,MUTHOOTFIN,28-Apr-2022,1060.0,PE,0.0,0.0,0.0,8.3,0.05,0,0.0,0,0,18-APR-2022,
OPTSTK,MUTHOOTFIN,28-Apr-2022,1080.0,PE,0.0,0.0,0.0,10.2,0.05,0,0.0,0,0,18-APR-2022,
OPTSTK,MUTHOOTFIN,28-Apr-2022,1100.0,PE,3.0,4.85,2.8,2.9,2.9,235,972.95,55875,4875,18-APR-2022,
OPTSTK,MUTHOOTFIN,28-Apr-2022,1120.0,PE,0.0,0.0,0.0,14.85,0.25,0,0.0,0,0,18-APR-2022,
OPTSTK,MUTHOOTFIN,28-Apr-2022,1140.0,PE,0.0,0.0,0.0,4.4,0.45,0,0.0,13875,0,18-APR-2022,
OPTSTK,MUTHOOTFIN,28-Apr-2022,1160.0,PE,4.5,4.5,4.5,4.5,0.9,2,8.73,5625,0,18-APR-2022,
OPTSTK,MUTHOOTFIN,28-Apr-2022,1180.0,PE,7.0,8.75,5.35,5.35,5.35,50,222.69,28875,16125,18-APR-2022,
OPTSTK,MUTHOOTFIN,28-Apr-2022,1200.0,PE,10.0,10.8,6.3,6.6,6.6,342,1550.21,163125,19875,18-APR-2022,
OPTSTK,MUTHOOTFIN,28-Apr-2022,1220.0,PE,10.8,13.75,7.55,7.55,7.55,61,281.8,18750,12000,18-APR-2022,
OPTSTK,MUTHOOTFIN,28-Apr-2022,1240.0,PE,16.0,17.95,10.3,11.4,11.4,35,164.36,23625,1500,18-APR-2022,
OPTSTK,MUTHOOTFIN,28-Apr-2022,1260.0,PE,21.0,23.6,13.7,14.65,14.65,71,340.73,32625,2250,18-APR-2022,
OPTSTK,MUTHOOTFIN,28-Apr-2022,1280.0,PE,26.0,33.25,24.95,24.95,18.5,67,328.66,28875,6750,18-APR-2022,
OPTSTK,MUTHOOTFIN,28-Apr-2022,1300.0,PE,35.4,43.8,26.0,28.6,28.6,325,1628.47,157875,0,18-APR-2022,
OPTSTK,MUTHOOTFIN,28-Apr-2022,1320.0,PE,45.0,56.45,38.45,39.1,39.1,39,200.3,24000,-375,18-APR-2022,
OPTSTK,MUTHOOTFIN,28-Apr-2022,1340.0,PE,50.0,72.0,50.0,53.1,53.1,14,73.63,32250,-1500,18-APR-2022,
OPTSTK,MUTHOOTFIN,28-Apr-2022,1360.0,PE,76.2,88.2,66.0,71.1,71.1,29,156.58,48000,-1125,18-APR-2022,
OPTSTK,MUTHOOTFIN,28-Apr-2022,1380.0,PE,101.0,104.0,83.0,83.0,73.6,15,83.19,16500,-375,18-APR-2022,
OPTSTK,MUTHOOTFIN,28-Apr-2022,1400.0,PE,118.0,126.1,108.35,108.35,89.25,19,108.16,59625,-3750,18-APR-2022,
OPTSTK,MUTHOOTFIN,28-Apr-2022,1420.0,PE,0.0,0.0,0.0,93.75,106.05,0,0.0,375,0,18-APR-2022,
OPTSTK,MUTHOOTFIN,28-Apr-2022,1440.0,PE,0.0,0.0,0.0,116.65,123.75,0,0.0,0,0,18-APR-2022,
OPTSTK,MUTHOOTFIN,28-Apr-2022,1460.0,PE,0.0,0.0,0.0,121.2,142.1,0,0.0,375,0,18-APR-2022,
OPTSTK,MUTHOOTFIN,28-Apr-2022,1480.0,PE,0.0,0.0,0.0,138.6,161.05,0,0.0,0,0,18-APR-2022,
OPTSTK,MUTHOOTFIN,28-Apr-2022,1500.0,PE,217.1,217.1,217.1,217.1,180.3,1,6.43,8250,-375,18-APR-2022,
OPTSTK,MUTHOOTFIN,28-Apr-2022,1520.0,PE,0.0,0.0,0.0,162.5,199.85,0,0.0,0,0,18-APR-2022,
OPTSTK,MUTHOOTFIN,28-Apr-2022,1540.0,PE,0.0,0.0,0.0,175.15,219.55,0,0.0,0,0,18-APR-2022,
OPTSTK,MUTHOOTFIN,28-Apr-2022,1560.0,PE,0.0,0.0,0.0,188.25,239.35,0,0.0,0,0,18-APR-2022,
OPTSTK,MUTHOOTFIN,28-Apr-2022,1580.0,PE,0.0,0.0,0.0,201.75,259.2,0,0.0,0,0,18-APR-2022,
OPTSTK,MUTHOOTFIN,28-Apr-2022,1600.0,PE,0.0,0.0,0.0,294.0,279.15,0,0.0,750,0,18-APR-2022,
OPTSTK,MUTHOOTFIN,28-Apr-2022,1620.0,PE,0.0,0.0,0.0,230.0,299.1,0,0.0,0,0,18-APR-2022,
OPTSTK,MUTHOOTFIN,28-Apr-2022,1640.0,PE,0.0,0.0,0.0,346.35,319.05,0,0.0,1125,0,18-APR-2022,
OPTSTK,MUTHOOTFIN,28-Apr-2022,1660.0,PE,0.0,0.0,0.0,259.85,339.0,0,0.0,0,0,18-APR-2022,
OPTSTK,MUTHOOTFIN,28-Apr-2022,1680.0,PE,0.0,0.0,0.0,275.25,359.0,0,0.0,0,0,18-APR-2022,
OPTSTK,MUTHOOTFIN,28-Apr-2022,1700.0,PE,0.0,0.0,0.0,385.0,378.95,0,0.0,750,0,18-APR-2022,
OPTSTK,MUTHOOTFIN,28-Apr-2022,1720.0,PE,0.0,0.0,0.0,306.95,398.95,0,0.0,0,0,18-APR-2022,
OPTSTK,MUTHOOTFIN,28-Apr-2022,1740.0,PE,0.0,0.0,0.0,323.3,418.9,0,0.0,0,0,18-APR-2022,
OPTSTK,MUTHOOTFIN,28-Apr-2022,1760.0,PE,0.0,0.0,0.0,339.85,438.9,0,0.0,0,0,18-APR-2022,
OPTSTK,MUTHOOTFIN,28-Apr-2022,1780.0,PE,0.0,0.0,0.0,356.7,458.85,0,0.0,0,0,18-APR-2022,
OPTSTK,MUTHOOTFIN,28-Apr-2022,1800.0,PE,0.0,0.0,0.0,373.75,478.85,0,0.0,0,0,18-APR-2022,
OPTSTK,MUTHOOTFIN,28-Apr-2022,1820.0,PE,0.0,0.0,0.0,391.0,498.8,0,0.0,0,0,18-APR-2022,
OPTSTK,MUTHOOTFIN,28-Apr-2022,1840.0,PE,0.0,0.0,0.0,408.5,518.8,0,0.0,0,0,18-APR-2022,
OPTSTK,MUTHOOTFIN,28-Apr-2022,1860.0,PE,0.0,0.0,0.0,426.15,538.8,0,0.0,0,0,18-APR-2022,
OPTSTK,MUTHOOTFIN,28-Apr-2022,1880.0,PE,0.0,0.0,0.0,444.05,558.75,0,0.0,0,0,18-APR-2022,
OPTSTK,MUTHOOTFIN,28-Apr-2022,1900.0,PE,0.0,0.0,0.0,462.05,578.75,0,0.0,0,0,18-APR-2022,
OPTSTK,MUTHOOTFIN,28-Apr-2022,1920.0,PE,0.0,0.0,0.0,480.2,598.7,0,0.0,0,0,18-APR-2022,
OPTSTK,MUTHOOTFIN,28-Apr-2022,1940.0,PE,0.0,0.0,0.0,498.5,618.7,0,0.0,0,0,18-APR-2022,
OPTSTK,MUTHOOTFIN,28-Apr-2022,1960.0,PE,0.0,0.0,0.0,516.95,638.65,0,0.0,0,0,18-APR-2022,
OPTSTK,MUTHOOTFIN,28-Apr-2022,1980.0,PE,0.0,0.0,0.0,535.5,658.65,0,0.0,0,0,18-APR-2022,
OPTSTK,MUTHOOTFIN,28-Apr-2022,2000.0,PE,0.0,0.0,0.0,554.2,678.6,0,0.0,0,0,18-APR-2022,
OPTSTK,MUTHOOTFIN,28-Apr-2022,2020.0,PE,0.0,0.0,0.0,572.95,698.6,0,0.0,0,0,18-APR-2022,
OPTSTK,MUTHOOTFIN,28-Apr-2022,2040.0,PE,0.0,0.0,0.0,591.8,718.55,0,0.0,0,0,18-APR-2022,
OPTSTK,MUTHOOTFIN,26-May-2022,920.0,CE,0.0,0.0,0.0,408.5,403.35,0,0.0,0,0,18-APR-2022,
OPTSTK,MUTHOOTFIN,26-May-2022,940.0,CE,0.0,0.0,0.0,389.85,383.55,0,0.0,0,0,18-APR-2022,
OPTSTK,MUTHOOTFIN,26-May-2022,960.0,CE,0.0,0.0,0.0,371.4,363.75,0,0.0,0,0,18-APR-2022,
OPTSTK,MUTHOOTFIN,26-May-2022,980.0,CE,0.0,0.0,0.0,353.25,344.1,0,0.0,0,0,18-APR-2022,
OPTSTK,MUTHOOTFIN,26-May-2022,1000.0,CE,0.0,0.0,0.0,335.45,324.5,0,0.0,0,0,18-APR-2022,
OPTSTK,MUTHOOTFIN,26-May-2022,1020.0,CE,0.0,0.0,0.0,317.95,305.05,0,0.0,0,0,18-APR-2022,
OPTSTK,MUTHOOTFIN,26-May-2022,1040.0,CE,0.0,0.0,0.0,300.85,285.8,0,0.0,0,0,18-APR-2022,
OPTSTK,MUTHOOTFIN,26-May-2022,1060.0,CE,0.0,0.0,0.0,284.15,266.8,0,0.0,0,0,18-APR-2022,
OPTSTK,MUTHOOTFIN,26-May-2022,1080.0,CE,0.0,0.0,0.0,267.9,248.1,0,0.0,0,0,18-APR-2022,
OPTSTK,MUTHOOTFIN,26-May-2022,1100.0,CE,0.0,0.0,0.0,252.1,229.75,0,0.0,0,0,18-APR-2022,
OPTSTK,MUTHOOTFIN,26-May-2022,1120.0,CE,0.0,0.0,0.0,236.8,211.9,0,0.0,0,0,18-APR-2022,
OPTSTK,MUTHOOTFIN,26-May-2022,1140.0,CE,0.0,0.0,0.0,222.05,194.5,0,0.0,0,0,18-APR-2022,
OPTSTK,MUTHOOTFIN,26-May-2022,1160.0,CE,0.0,0.0,0.0,207.8,177.75,0,0.0,0,0,18-APR-2022,
OPTSTK,MUTHOOTFIN,26-May-2022,1180.0,CE,0.0,0.0,0.0,194.15,161.65,0,0.0,0,0,18-APR-2022,
OPTSTK,MUTHOOTFIN,26-May-2022,1200.0,CE,0.0,0.0,0.0,180.95,146.25,0,0.0,0,0,18-APR-2022,
OPTSTK,MUTHOOTFIN,26-May-2022,1220.0,CE,0.0,0.0,0.0,168.45,131.7,0,0.0,0,0,18-APR-2022,
OPTSTK,MUTHOOTFIN,26-May-2022,1240.0,CE,0.0,0.0,0.0,156.5,117.9,0,0.0,0,0,18-APR-2022,
OPTSTK,MUTHOOTFIN,26-May-2022,1260.0,CE,0.0,0.0,0.0,145.15,105.0,0,0.0,0,0,18-APR-2022,
OPTSTK,MUTHOOTFIN,26-May-2022,1280.0,CE,75.0,75.0,75.0,75.0,93.05,2,10.16,750,750,18-APR-2022,
OPTSTK,MUTHOOTFIN,26-May-2022,1300.0,CE,60.0,63.05,60.0,60.0,82.05,3,15.31,1125,1125,18-APR-2022,
OPTSTK,MUTHOOTFIN,26-May-2022,1320.0,CE,0.0,0.0,0.0,114.65,71.9,0,0.0,0,0,18-APR-2022,
OPTSTK,MUTHOOTFIN,26-May-2022,1340.0,CE,15.5,49.0,15.5,49.0,62.7,2,10.29,0,0,18-APR-2022,
OPTSTK,MUTHOOTFIN,26-May-2022,1360.0,CE,12.0,42.0,12.0,42.0,54.4,2,10.4,0,0,18-APR-2022,
OPTSTK,MUTHOOTFIN,26-May-2022,1380.0,CE,30.0,30.0,30.0,30.0,46.9,1,5.28,1500,375,18-APR-2022,
OPTSTK,MUTHOOTFIN,26-May-2022,1400.0,CE,30.0,33.05,3.0,33.05,40.25,36,192.58,10500,8625,18-APR-2022,
OPTSTK,MUTHOOTFIN,26-May-2022,1420.0,CE,4.6,16.8,4.6,16.8,34.35,2,10.73,750,375,18-APR-2022,
OPTSTK,MUTHOOTFIN,26-May-2022,1440.0,CE,0.0,0.0,0.0,68.4,29.25,0,0.0,0,0,18-APR-2022,
OPTSTK,MUTHOOTFIN,26-May-2022,1460.0,CE,0.0,0.0,0.0,62.4,24.7,0,0.0,0,0,18-APR-2022,
OPTSTK,MUTHOOTFIN,26-May-2022,1480.0,CE,0.0,0.0,0.0,56.85,20.75,0,0.0,0,0,18-APR-2022,
OPTSTK,MUTHOOTFIN,26-May-2022,1500.0,CE,1.4,7.0,1.4,7.0,17.4,2,11.28,375,375,18-APR-2022,
OPTSTK,MUTHOOTFIN,26-May-2022,1520.0,CE,0.0,0.0,0.0,47.1,14.5,0,0.0,0,0,18-APR-2022,
OPTSTK,MUTHOOTFIN,26-May-2022,1540.0,CE,0.0,0.0,0.0,42.75,12.0,0,0.0,0,0,18-APR-2022,
OPTSTK,MUTHOOTFIN,26-May-2022,1560.0,CE,0.0,0.0,0.0,38.8,9.9,0,0.0,0,0,18-APR-2022,
OPTSTK,MUTHOOTFIN,26-May-2022,1580.0,CE,0.0,0.0,0.0,35.05,8.15,0,0.0,0,0,18-APR-2022,
OPTSTK,MUTHOOTFIN,26-May-2022,1600.0,CE,7.0,7.0,7.0,7.0,6.65,2,12.05,1500,750,18-APR-2022,
OPTSTK,MUTHOOTFIN,26-May-2022,1620.0,CE,0.0,0.0,0.0,28.65,5.4,0,0.0,0,0,18-APR-2022,
OPTSTK,MUTHOOTFIN,26-May-2022,1640.0,CE,0.0,0.0,0.0,25.85,4.4,0,0.0,0,0,18-APR-2022,
OPTSTK,MUTHOOTFIN,26-May-2022,1660.0,CE,0.0,0.0,0.0,23.3,3.55,0,0.0,0,0,18-APR-2022,
OPTSTK,MUTHOOTFIN,26-May-2022,1680.0,CE,0.0,0.0,0.0,20.95,2.85,0,0.0,0,0,18-APR-2022,
OPTSTK,MUTHOOTFIN,26-May-2022,1700.0,CE,0.0,0.0,0.0,18.85,2.3,0,0.0,0,0,18-APR-2022,
OPTSTK,MUTHOOTFIN,26-May-2022,1720.0,CE,0.0,0.0,0.0,16.95,1.85,0,0.0,0,0,18-APR-2022,
OPTSTK,MUTHOOTFIN,26-May-2022,1740.0,CE,0.0,0.0,0.0,15.2,1.45,0,0.0,0,0,18-APR-2022,
OPTSTK,MUTHOOTFIN,26-May-2022,1760.0,CE,0.0,0.0,0.0,13.6,1.15,0,0.0,0,0,18-APR-2022,
OPTSTK,MUTHOOTFIN,26-May-2022,1780.0,CE,0.0,0.0,0.0,12.2,0.9,0,0.0,0,0,18-APR-2022,
OPTSTK,MUTHOOTFIN,26-May-2022,1800.0,CE,0.0,0.0,0.0,10.9,0.75,0,0.0,0,0,18-APR-2022,
OPTSTK,MUTHOOTFIN,26-May-2022,1820.0,CE,0.0,0.0,0.0,9.75,0.55,0,0.0,0,0,18-APR-2022,
OPTSTK,MUTHOOTFIN,26-May-2022,1840.0,CE,0.0,0.0,0.0,8.7,0.45,0,0.0,0,0,18-APR-2022,
OPTSTK,MUTHOOTFIN,26-May-2022,1860.0,CE,0.0,0.0,0.0,7.8,0.35,0,0.0,0,0,18-APR-2022,
OPTSTK,MUTHOOTFIN,26-May-2022,1880.0,CE,0.0,0.0,0.0,6.95,0.3,0,0.0,0,0,18-APR-2022,
OPTSTK,MUTHOOTFIN,26-May-2022,1900.0,CE,0.0,0.0,0.0,6.2,0.2,0,0.0,0,0,18-APR-2022,
OPTSTK,MUTHOOTFIN,26-May-2022,1920.0,CE,0.0,0.0,0.0,5.5,0.2,0,0.0,0,0,18-APR-2022,
OPTSTK,MUTHOOTFIN,26-May-2022,920.0,PE,0.0,0.0,0.0,3.8,0.15,0,0.0,0,0,18-APR-2022,
OPTSTK,MUTHOOTFIN,26-May-2022,940.0,PE,0.0,0.0,0.0,4.95,0.25,0,0.0,0,0,18-APR-2022,
OPTSTK,MUTHOOTFIN,26-May-2022,960.0,PE,0.0,0.0,0.0,6.3,0.4,0,0.0,0,0,18-APR-2022,
OPTSTK,MUTHOOTFIN,26-May-2022,980.0,PE,0.0,0.0,0.0,7.95,0.6,0,0.0,0,0,18-APR-2022,
OPTSTK,MUTHOOTFIN,26-May-2022,1000.0,PE,0.0,0.0,0.0,9.9,0.95,0,0.0,0,0,18-APR-2022,
OPTSTK,MUTHOOTFIN,26-May-2022,1020.0,PE,0.0,0.0,0.0,12.2,1.4,0,0.0,0,0,18-APR-2022,
OPTSTK,MUTHOOTFIN,26-May-2022,1040.0,PE,0.0,0.0,0.0,14.9,2.05,0,0.0,0,0,18-APR-2022,
OPTSTK,MUTHOOTFIN,26-May-2022,1060.0,PE,0.0,0.0,0.0,18.0,2.95,0,0.0,0,0,18-APR-2022,
OPTSTK,MUTHOOTFIN,26-May-2022,1080.0,PE,0.0,0.0,0.0,21.5,4.15,0,0.0,0,0,18-APR-2022,
OPTSTK,MUTHOOTFIN,26-May-2022,1100.0,PE,9.85,9.85,8.05,8.05,5.75,3,12.47,750,750,18-APR-2022,
OPTSTK,MUTHOOTFIN,26-May-2022,1120.0,PE,0.0,0.0,0.0,30.0,7.8,0,0.0,0,0,18-APR-2022,
OPTSTK,MUTHOOTFIN,26-May-2022,1140.0,PE,0.0,0.0,0.0,35.1,10.35,0,0.0,0,0,18-APR-2022,
OPTSTK,MUTHOOTFIN,26-May-2022,1160.0,PE,0.0,0.0,0.0,40.65,13.45,0,0.0,0,0,18-APR-2022,
OPTSTK,MUTHOOTFIN,26-May-2022,1180.0,PE,0.0,0.0,0.0,46.75,17.25,0,0.0,0,0,18-APR-2022,
OPTSTK,MUTHOOTFIN,26-May-2022,1200.0,PE,38.85,38.85,38.85,38.85,21.8,1,4.64,375,375,18-APR-2022,
OPTSTK,MUTHOOTFIN,26-May-2022,1220.0,PE,0.0,0.0,0.0,60.65,27.15,0,0.0,0,0,18-APR-2022,
OPTSTK,MUTHOOTFIN,26-May-2022,1240.0,PE,40.0,40.0,40.0,40.0,33.25,1,4.8,750,375,18-APR-2022,
OPTSTK,MUTHOOTFIN,26-May-2022,1260.0,PE,0.0,0.0,0.0,33.0,40.3,0,0.0,375,0,18-APR-2022,
OPTSTK,MUTHOOTFIN,26-May-2022,1280.0,PE,0.0,0.0,0.0,85.95,48.25,0,0.0,0,0,18-APR-2022,
OPTSTK,MUTHOOTFIN,26-May-2022,1300.0,PE,62.8,72.65,62.6,62.6,62.6,34,174.23,25500,7500,18-APR-2022,
OPTSTK,MUTHOOTFIN,26-May-2022,1320.0,PE,78.0,78.0,78.0,78.0,66.95,2,10.48,750,750,18-APR-2022,
OPTSTK,MUTHOOTFIN,26-May-2022,1340.0,PE,0.0,0.0,0.0,116.5,77.65,0,0.0,0,0,18-APR-2022,
OPTSTK,MUTHOOTFIN,26-May-2022,1360.0,PE,0.0,0.0,0.0,127.85,89.25,0,0.0,0,0,18-APR-2022,
OPTSTK,MUTHOOTFIN,26-May-2022,1380.0,PE,0.0,0.0,0.0,139.7,101.65,0,0.0,0,0,18-APR-2022,
OPTSTK,MUTHOOTFIN,26-May-2022,1400.0,PE,0.0,0.0,0.0,152.05,114.95,0,0.0,0,0,18-APR-2022,
OPTSTK,MUTHOOTFIN,26-May-2022,1420.0,PE,0.0,0.0,0.0,164.9,128.95,0,0.0,0,0,18-APR-2022,
OPTSTK,MUTHOOTFIN,26-May-2022,1440.0,PE,0.0,0.0,0.0,178.25,143.75,0,0.0,0,0,18-APR-2022,
OPTSTK,MUTHOOTFIN,26-May-2022,1460.0,PE,0.0,0.0,0.0,192.05,159.1,0,0.0,0,0,18-APR-2022,
OPTSTK,MUTHOOTFIN,26-May-2022,1480.0,PE,0.0,0.0,0.0,206.35,175.1,0,0.0,0,0,18-APR-2022,
OPTSTK,MUTHOOTFIN,26-May-2022,1500.0,PE,0.0,0.0,0.0,221.05,191.6,0,0.0,0,0,18-APR-2022,
OPTSTK,MUTHOOTFIN,26-May-2022,1520.0,PE,0.0,0.0,0.0,236.15,208.6,0,0.0,0,0,18-APR-2022,
OPTSTK,MUTHOOTFIN,26-May-2022,1540.0,PE,0.0,0.0,0.0,251.6,226.05,0,0.0,0,0,18-APR-2022,
OPTSTK,MUTHOOTFIN,26-May-2022,1560.0,PE,0.0,0.0,0.0,267.4,243.85,0,0.0,0,0,18-APR-2022,
OPTSTK,MUTHOOTFIN,26-May-2022,1580.0,PE,0.0,0.0,0.0,283.5,262.0,0,0.0,0,0,18-APR-2022,
OPTSTK,MUTHOOTFIN,26-May-2022,1600.0,PE,0.0,0.0,0.0,299.9,280.45,0,0.0,0,0,18-APR-2022,
OPTSTK,MUTHOOTFIN,26-May-2022,1620.0,PE,0.0,0.0,0.0,316.65,299.1,0,0.0,0,0,18-APR-2022,
OPTSTK,MUTHOOTFIN,26-May-2022,1640.0,PE,0.0,0.0,0.0,333.65,318.0,0,0.0,0,0,18-APR-2022,
OPTSTK,MUTHOOTFIN,26-May-2022,1660.0,PE,0.0,0.0,0.0,350.85,337.05,0,0.0,0,0,18-APR-2022,
OPTSTK,MUTHOOTFIN,26-May-2022,1680.0,PE,0.0,0.0,0.0,368.35,356.3,0,0.0,0,0,18-APR-2022,
OPTSTK,MUTHOOTFIN,26-May-2022,1700.0,PE,0.0,0.0,0.0,386.0,375.65,0,0.0,0,0,18-APR-2022,
OPTSTK,MUTHOOTFIN,26-May-2022,1720.0,PE,0.0,0.0,0.0,403.9,395.1,0,0.0,0,0,18-APR-2022,
OPTSTK,MUTHOOTFIN,26-May-2022,1740.0,PE,0.0,0.0,0.0,421.95,414.65,0,0.0,0,0,18-APR-2022,
OPTSTK,MUTHOOTFIN,26-May-2022,1760.0,PE,0.0,0.0,0.0,440.15,434.25,0,0.0,0,0,18-APR-2022,
OPTSTK,MUTHOOTFIN,26-May-2022,1780.0,PE,0.0,0.0,0.0,458.5,453.9,0,0.0,0,0,18-APR-2022,
OPTSTK,MUTHOOTFIN,26-May-2022,1800.0,PE,0.0,0.0,0.0,477.0,473.65,0,0.0,0,0,18-APR-2022,
OPTSTK,MUTHOOTFIN,26-May-2022,1820.0,PE,0.0,0.0,0.0,495.65,493.4,0,0.0,0,0,18-APR-2022,
OPTSTK,MUTHOOTFIN,26-May-2022,1840.0,PE,0.0,0.0,0.0,514.4,513.2,0,0.0,0,0,18-APR-2022,
OPTSTK,MUTHOOTFIN,26-May-2022,1860.0,PE,0.0,0.0,0.0,533.25,533.0,0,0.0,0,0,18-APR-2022,
OPTSTK,MUTHOOTFIN,26-May-2022,1880.0,PE,0.0,0.0,0.0,552.2,552.85,0,0.0,0,0,18-APR-2022,
OPTSTK,MUTHOOTFIN,26-May-2022,1900.0,PE,0.0,0.0,0.0,571.25,572.7,0,0.0,0,0,18-APR-2022,
OPTSTK,MUTHOOTFIN,26-May-2022,1920.0,PE,0.0,0.0,0.0,590.35,592.55,0,0.0,0,0,18-APR-2022,
OPTSTK,MUTHOOTFIN,30-Jun-2022,920.0,CE,0.0,0.0,0.0,423.8,408.6,0,0.0,0,0,18-APR-2022,
OPTSTK,MUTHOOTFIN,30-Jun-2022,940.0,CE,0.0,0.0,0.0,404.95,389.4,0,0.0,0,0,18-APR-2022,
OPTSTK,MUTHOOTFIN,30-Jun-2022,960.0,CE,0.0,0.0,0.0,386.35,370.35,0,0.0,0,0,18-APR-2022,
OPTSTK,MUTHOOTFIN,30-Jun-2022,980.0,CE,0.0,0.0,0.0,368.0,351.55,0,0.0,0,0,18-APR-2022,
OPTSTK,MUTHOOTFIN,30-Jun-2022,1000.0,CE,0.0,0.0,0.0,349.9,333.0,0,0.0,0,0,18-APR-2022,
OPTSTK,MUTHOOTFIN,30-Jun-2022,1020.0,CE,0.0,0.0,0.0,332.15,314.75,0,0.0,0,0,18-APR-2022,
OPTSTK,MUTHOOTFIN,30-Jun-2022,1040.0,CE,0.0,0.0,0.0,314.75,296.8,0,0.0,0,0,18-APR-2022,
OPTSTK,MUTHOOTFIN,30-Jun-2022,1060.0,CE,0.0,0.0,0.0,297.75,279.3,0,0.0,0,0,18-APR-2022,
OPTSTK,MUTHOOTFIN,30-Jun-2022,1080.0,CE,0.0,0.0,0.0,281.15,262.15,0,0.0,0,0,18-APR-2022,
OPTSTK,MUTHOOTFIN,30-Jun-2022,1100.0,CE,0.0,0.0,0.0,264.95,245.5,0,0.0,0,0,18-APR-2022,
OPTSTK,MUTHOOTFIN,30-Jun-2022,1120.0,CE,0.0,0.0,0.0,249.3,229.35,0,0.0,0,0,18-APR-2022,
OPTSTK,MUTHOOTFIN,30-Jun-2022,1140.0,CE,0.0,0.0,0.0,234.1,213.7,0,0.0,0,0,18-APR-2022,
OPTSTK,MUTHOOTFIN,30-Jun-2022,1160.0,CE,0.0,0.0,0.0,219.5,198.7,0,0.0,0,0,18-APR-2022,
OPTSTK,MUTHOOTFIN,30-Jun-2022,1180.0,CE,0.0,0.0,0.0,205.35,184.2,0,0.0,0,0,18-APR-2022,
OPTSTK,MUTHOOTFIN,30-Jun-2022,1200.0,CE,0.0,0.0,0.0,191.7,170.3,0,0.0,0,0,18-APR-2022,
OPTSTK,MUTHOOTFIN,30-Jun-2022,1220.0,CE,0.0,0.0,0.0,178.75,157.15,0,0.0,0,0,18-APR-2022,
OPTSTK,MUTHOOTFIN,30-Jun-2022,1240.0,CE,0.0,0.0,0.0,166.35,144.6,0,0.0,0,0,18-APR-2022,
OPTSTK,MUTHOOTFIN,30-Jun-2022,1260.0,CE,0.0,0.0,0.0,154.5,132.75,0,0.0,0,0,18-APR-2022,
OPTSTK,MUTHOOTFIN,30-Jun-2022,1280.0,CE,0.0,0.0,0.0,143.25,121.55,0,0.0,0,0,18-APR-2022,
OPTSTK,MUTHOOTFIN,30-Jun-2022,1300.0,CE,0.0,0.0,0.0,132.6,111.0,0,0.0,0,0,18-APR-2022,
OPTSTK,MUTHOOTFIN,30-Jun-2022,1320.0,CE,0.0,0.0,0.0,122.55,101.15,0,0.0,0,0,18-APR-2022,
OPTSTK,MUTHOOTFIN,30-Jun-2022,1340.0,CE,0.0,0.0,0.0,113.05,91.95,0,0.0,0,0,18-APR-2022,
OPTSTK,MUTHOOTFIN,30-Jun-2022,1360.0,CE,0.0,0.0,0.0,104.1,83.4,0,0.0,0,0,18-APR-2022,
OPTSTK,MUTHOOTFIN,30-Jun-2022,1380.0,CE,0.0,0.0,0.0,95.7,75.45,0,0.0,0,0,18-APR-2022,
OPTSTK,MUTHOOTFIN,30-Jun-2022,1400.0,CE,0.0,0.0,0.0,65.0,68.1,0,0.0,375,0,18-APR-2022,
OPTSTK,MUTHOOTFIN,30-Jun-2022,1420.0,CE,0.0,0.0,0.0,80.55,61.3,0,0.0,0,0,18-APR-2022,
OPTSTK,MUTHOOTFIN,30-Jun-2022,1440.0,CE,0.0,0.0,0.0,73.7,55.1,0,0.0,0,0,18-APR-2022,
OPTSTK,MUTHOOTFIN,30-Jun-2022,1460.0,CE,0.0,0.0,0.0,67.35,49.4,0,0.0,0,0,18-APR-2022,
OPTSTK,MUTHOOTFIN,30-Jun-2022,1480.0,CE,0.0,0.0,0.0,61.45,44.25,0,0.0,0,0,18-APR-2022,
OPTSTK,MUTHOOTFIN,30-Jun-2022,1500.0,CE,0.0,0.0,0.0,55.95,39.55,0,0.0,0,0,18-APR-2022,
OPTSTK,MUTHOOTFIN,30-Jun-2022,1520.0,CE,0.0,0.0,0.0,51.0,35.25,0,0.0,0,0,18-APR-2022,
OPTSTK,MUTHOOTFIN,30-Jun-2022,1540.0,CE,0.0,0.0,0.0,46.35,31.3,0,0.0,0,0,18-APR-2022,
OPTSTK,MUTHOOTFIN,30-Jun-2022,1560.0,CE,0.0,0.0,0.0,42.05,27.8,0,0.0,0,0,18-APR-2022,
OPTSTK,MUTHOOTFIN,30-Jun-2022,1580.0,CE,0.0,0.0,0.0,38.1,24.65,0,0.0,0,0,18-APR-2022,
OPTSTK,MUTHOOTFIN,30-Jun-2022,1600.0,CE,0.0,0.0,0.0,34.45,21.8,0,0.0,0,0,18-APR-2022,
OPTSTK,MUTHOOTFIN,30-Jun-2022,1620.0,CE,0.0,0.0,0.0,31.15,19.25,0,0.0,0,0,18-APR-2022,
OPTSTK,MUTHOOTFIN,30-Jun-2022,1640.0,CE,0.0,0.0,0.0,28.15,16.95,0,0.0,0,0,18-APR-2022,
OPTSTK,MUTHOOTFIN,30-Jun-2022,1660.0,CE,0.0,0.0,0.0,25.4,14.9,0,0.0,0,0,18-APR-2022,
OPTSTK,MUTHOOTFIN,30-Jun-2022,1680.0,CE,0.0,0.0,0.0,22.85,13.1,0,0.0,0,0,18-APR-2022,
OPTSTK,MUTHOOTFIN,30-Jun-2022,1700.0,CE,0.0,0.0,0.0,20.55,11.5,0,0.0,0,0,18-APR-2022,
OPTSTK,MUTHOOTFIN,30-Jun-2022,1720.0,CE,0.0,0.0,0.0,18.5,10.05,0,0.0,0,0,18-APR-2022,
OPTSTK,MUTHOOTFIN,30-Jun-2022,1740.0,CE,0.0,0.0,0.0,16.6,8.8,0,0.0,0,0,18-APR-2022,
OPTSTK,MUTHOOTFIN,30-Jun-2022,1760.0,CE,0.0,0.0,0.0,14.9,7.65,0,0.0,0,0,18-APR-2022,
OPTSTK,MUTHOOTFIN,30-Jun-2022,1780.0,CE,0.0,0.0,0.0,13.35,6.7,0,0.0,0,0,18-APR-2022,
OPTSTK,MUTHOOTFIN,30-Jun-2022,1800.0,CE,0.0,0.0,0.0,11.95,5.8,0,0.0,0,0,18-APR-2022,
OPTSTK,MUTHOOTFIN,30-Jun-2022,1820.0,CE,0.0,0.0,0.0,10.7,5.05,0,0.0,0,0,18-APR-2022,
OPTSTK,MUTHOOTFIN,30-Jun-2022,1840.0,CE,0.0,0.0,0.0,9.55,4.4,0,0.0,0,0,18-APR-2022,
OPTSTK,MUTHOOTFIN,30-Jun-2022,1860.0,CE,0.0,0.0,0.0,8.55,3.8,0,0.0,0,0,18-APR-2022,
OPTSTK,MUTHOOTFIN,30-Jun-2022,1880.0,CE,0.0,0.0,0.0,7.6,3.3,0,0.0,0,0,18-APR-2022,
OPTSTK,MUTHOOTFIN,30-Jun-2022,1900.0,CE,0.0,0.0,0.0,6.8,2.85,0,0.0,0,0,18-APR-2022,
OPTSTK,MUTHOOTFIN,30-Jun-2022,920.0,PE,0.0,0.0,0.0,3.15,1.65,0,0.0,0,0,18-APR-2022,
OPTSTK,MUTHOOTFIN,30-Jun-2022,940.0,PE,0.0,0.0,0.0,4.1,2.3,0,0.0,0,0,18-APR-2022,
OPTSTK,MUTHOOTFIN,30-Jun-2022,960.0,PE,0.0,0.0,0.0,5.3,3.1,0,0.0,0,0,18-APR-2022,
OPTSTK,MUTHOOTFIN,30-Jun-2022,980.0,PE,0.0,0.0,0.0,6.75,4.1,0,0.0,0,0,18-APR-2022,
OPTSTK,MUTHOOTFIN,30-Jun-2022,1000.0,PE,0.0,0.0,0.0,8.45,5.4,0,0.0,0,0,18-APR-2022,
OPTSTK,MUTHOOTFIN,30-Jun-2022,1020.0,PE,0.0,0.0,0.0,10.5,6.95,0,0.0,0,0,18-APR-2022,
OPTSTK,MUTHOOTFIN,30-Jun-2022,1040.0,PE,0.0,0.0,0.0,12.85,8.85,0,0.0,0,0,18-APR-2022,
OPTSTK,MUTHOOTFIN,30-Jun-2022,1060.0,PE,0.0,0.0,0.0,15.65,11.15,0,0.0,0,0,18-APR-2022,
OPTSTK,MUTHOOTFIN,30-Jun-2022,1080.0,PE,0.0,0.0,0.0,18.8,13.85,0,0.0,0,0,18-APR-2022,
OPTSTK,MUTHOOTFIN,30-Jun-2022,1100.0,PE,0.0,0.0,0.0,22.45,17.05,0,0.0,0,0,18-APR-2022,
OPTSTK,MUTHOOTFIN,30-Jun-2022,1120.0,PE,0.0,0.0,0.0,26.55,20.7,0,0.0,0,0,18-APR-2022,
OPTSTK,MUTHOOTFIN,30-Jun-2022,1140.0,PE,0.0,0.0,0.0,31.15,24.9,0,0.0,0,0,18-APR-2022,
OPTSTK,MUTHOOTFIN,30-Jun-2022,1160.0,PE,0.0,0.0,0.0,36.35,29.7,0,0.0,0,0,18-APR-2022,
OPTSTK,MUTHOOTFIN,30-Jun-2022,1180.0,PE,0.0,0.0,0.0,42.0,35.1,0,0.0,0,0,18-APR-2022,
OPTSTK,MUTHOOTFIN,30-Jun-2022,1200.0,PE,0.0,0.0,0.0,48.15,41.0,0,0.0,0,0,18-APR-2022,
OPTSTK,MUTHOOTFIN,30-Jun-2022,1220.0,PE,0.0,0.0,0.0,54.95,47.65,0,0.0,0,0,18-APR-2022,
OPTSTK,MUTHOOTFIN,30-Jun-2022,1240.0,PE,0.0,0.0,0.0,62.35,54.95,0,0.0,0,0,18-APR-2022,
OPTSTK,MUTHOOTFIN,30-Jun-2022,1260.0,PE,0.0,0.0,0.0,70.3,62.9,0,0.0,0,0,18-APR-2022,
OPTSTK,MUTHOOTFIN,30-Jun-2022,1280.0,PE,0.0,0.0,0.0,78.85,71.55,0,0.0,0,0,18-APR-2022,
OPTSTK,MUTHOOTFIN,30-Jun-2022,1300.0,PE,0.0,0.0,0.0,70.0,80.85,0,0.0,375,0,18-APR-2022,
OPTSTK,MUTHOOTFIN,30-Jun-2022,1320.0,PE,0.0,0.0,0.0,97.7,90.85,0,0.0,0,0,18-APR-2022,
OPTSTK,MUTHOOTFIN,30-Jun-2022,1340.0,PE,0.0,0.0,0.0,108.0,101.45,0,0.0,0,0,18-APR-2022,
OPTSTK,MUTHOOTFIN,30-Jun-2022,1360.0,PE,0.0,0.0,0.0,118.85,112.7,0,0.0,0,0,18-APR-2022,
OPTSTK,MUTHOOTFIN,30-Jun-2022,1380.0,PE,0.0,0.0,0.0,130.25,124.6,0,0.0,0,0,18-APR-2022,
OPTSTK,MUTHOOTFIN,30-Jun-2022,1400.0,PE,0.0,0.0,0.0,142.2,137.1,0,0.0,0,0,18-APR-2022,
OPTSTK,MUTHOOTFIN,30-Jun-2022,1420.0,PE,0.0,0.0,0.0,154.65,150.15,0,0.0,0,0,18-APR-2022,
OPTSTK,MUTHOOTFIN,30-Jun-2022,1440.0,PE,0.0,0.0,0.0,167.6,163.75,0,0.0,0,0,18-APR-2022,
OPTSTK,MUTHOOTFIN,30-Jun-2022,1460.0,PE,0.0,0.0,0.0,181.05,177.9,0,0.0,0,0,18-APR-2022,
OPTSTK,MUTHOOTFIN,30-Jun-2022,1480.0,PE,0.0,0.0,0.0,194.9,192.6,0,0.0,0,0,18-APR-2022,
OPTSTK,MUTHOOTFIN,30-Jun-2022,1500.0,PE,0.0,0.0,0.0,209.25,207.7,0,0.0,0,0,18-APR-2022,
OPTSTK,MUTHOOTFIN,30-Jun-2022,1520.0,PE,0.0,0.0,0.0,224.05,223.25,0,0.0,0,0,18-APR-2022,
OPTSTK,MUTHOOTFIN,30-Jun-2022,1540.0,PE,0.0,0.0,0.0,239.2,239.15,0,0.0,0,0,18-APR-2022,
OPTSTK,MUTHOOTFIN,30-Jun-2022,1560.0,PE,0.0,0.0,0.0,254.7,255.45,0,0.0,0,0,18-APR-2022,
OPTSTK,MUTHOOTFIN,30-Jun-2022,1580.0,PE,0.0,0.0,0.0,270.5,272.1,0,0.0,0,0,18-APR-2022,
OPTSTK,MUTHOOTFIN,30-Jun-2022,1600.0,PE,0.0,0.0,0.0,286.7,289.1,0,0.0,0,0,18-APR-2022,
OPTSTK,MUTHOOTFIN,30-Jun-2022,1620.0,PE,0.0,0.0,0.0,303.2,306.35,0,0.0,0,0,18-APR-2022,
OPTSTK,MUTHOOTFIN,30-Jun-2022,1640.0,PE,0.0,0.0,0.0,319.95,323.9,0,0.0,0,0,18-APR-2022,
OPTSTK,MUTHOOTFIN,30-Jun-2022,1660.0,PE,0.0,0.0,0.0,336.95,341.7,0,0.0,0,0,18-APR-2022,
OPTSTK,MUTHOOTFIN,30-Jun-2022,1680.0,PE,0.0,0.0,0.0,354.25,359.75,0,0.0,0,0,18-APR-2022,
OPTSTK,MUTHOOTFIN,30-Jun-2022,1700.0,PE,0.0,0.0,0.0,371.75,377.95,0,0.0,0,0,18-APR-2022,
OPTSTK,MUTHOOTFIN,30-Jun-2022,1720.0,PE,0.0,0.0,0.0,389.45,396.35,0,0.0,0,0,18-APR-2022,
OPTSTK,MUTHOOTFIN,30-Jun-2022,1740.0,PE,0.0,0.0,0.0,407.35,414.9,0,0.0,0,0,18-APR-2022,
OPTSTK,MUTHOOTFIN,30-Jun-2022,1760.0,PE,0.0,0.0,0.0,425.45,433.65,0,0.0,0,0,18-APR-2022,
OPTSTK,MUTHOOTFIN,30-Jun-2022,1780.0,PE,0.0,0.0,0.0,443.7,452.45,0,0.0,0,0,18-APR-2022,
OPTSTK,MUTHOOTFIN,30-Jun-2022,1800.0,PE,0.0,0.0,0.0,462.05,471.45,0,0.0,0,0,18-APR-2022,
OPTSTK,MUTHOOTFIN,30-Jun-2022,1820.0,PE,0.0,0.0,0.0,480.6,490.5,0,0.0,0,0,18-APR-2022,
OPTSTK,MUTHOOTFIN,30-Jun-2022,1840.0,PE,0.0,0.0,0.0,499.25,509.65,0,0.0,0,0,18-APR-2022,
OPTSTK,MUTHOOTFIN,30-Jun-2022,1860.0,PE,0.0,0.0,0.0,518.0,528.9,0,0.0,0,0,18-APR-2022,
OPTSTK,MUTHOOTFIN,30-Jun-2022,1880.0,PE,0.0,0.0,0.0,536.9,548.25,0,0.0,0,0,18-APR-2022,
OPTSTK,MUTHOOTFIN,30-Jun-2022,1900.0,PE,0.0,0.0,0.0,555.85,567.65,0,0.0,0,0,18-APR-2022,
OPTSTK,NAM-INDIA,28-Apr-2022,215.0,CE,0.0,0.0,0.0,112.3,116.85,0,0.0,0,0,18-APR-2022,
OPTSTK,NAM-INDIA,28-Apr-2022,220.0,CE,0.0,0.0,0.0,107.55,111.85,0,0.0,0,0,18-APR-2022,
OPTSTK,NAM-INDIA,28-Apr-2022,225.0,CE,0.0,0.0,0.0,102.85,106.85,0,0.0,0,0,18-APR-2022,
OPTSTK,NAM-INDIA,28-Apr-2022,230.0,CE,0.0,0.0,0.0,98.2,101.9,0,0.0,0,0,18-APR-2022,
OPTSTK,NAM-INDIA,28-Apr-2022,235.0,CE,0.0,0.0,0.0,93.65,96.9,0,0.0,0,0,18-APR-2022,
OPTSTK,NAM-INDIA,28-Apr-2022,240.0,CE,0.0,0.0,0.0,89.15,91.9,0,0.0,0,0,18-APR-2022,
OPTSTK,NAM-INDIA,28-Apr-2022,245.0,CE,0.0,0.0,0.0,84.7,86.9,0,0.0,0,0,18-APR-2022,
OPTSTK,NAM-INDIA,28-Apr-2022,250.0,CE,0.0,0.0,0.0,80.4,81.9,0,0.0,0,0,18-APR-2022,
OPTSTK,NAM-INDIA,28-Apr-2022,255.0,CE,0.0,0.0,0.0,76.15,76.9,0,0.0,0,0,18-APR-2022,
OPTSTK,NAM-INDIA,28-Apr-2022,260.0,CE,0.0,0.0,0.0,72.0,71.9,0,0.0,0,0,18-APR-2022,
OPTSTK,NAM-INDIA,28-Apr-2022,265.0,CE,0.0,0.0,0.0,67.95,66.9,0,0.0,0,0,18-APR-2022,
OPTSTK,NAM-INDIA,28-Apr-2022,270.0,CE,0.0,0.0,0.0,64.05,61.95,0,0.0,0,0,18-APR-2022,
OPTSTK,NAM-INDIA,28-Apr-2022,275.0,CE,0.0,0.0,0.0,60.3,56.95,0,0.0,0,0,18-APR-2022,
OPTSTK,NAM-INDIA,28-Apr-2022,280.0,CE,0.0,0.0,0.0,56.65,52.0,0,0.0,0,0,18-APR-2022,
OPTSTK,NAM-INDIA,28-Apr-2022,285.0,CE,0.0,0.0,0.0,53.1,47.1,0,0.0,0,0,18-APR-2022,
OPTSTK,NAM-INDIA,28-Apr-2022,290.0,CE,0.0,0.0,0.0,49.7,42.2,0,0.0,0,0,18-APR-2022,
OPTSTK,NAM-INDIA,28-Apr-2022,295.0,CE,0.0,0.0,0.0,46.45,37.45,0,0.0,0,0,18-APR-2022,
OPTSTK,NAM-INDIA,28-Apr-2022,300.0,CE,0.0,0.0,0.0,43.35,32.8,0,0.0,0,0,18-APR-2022,
OPTSTK,NAM-INDIA,28-Apr-2022,305.0,CE,0.0,0.0,0.0,40.35,28.3,0,0.0,0,0,18-APR-2022,
OPTSTK,NAM-INDIA,28-Apr-2022,310.0,CE,0.0,0.0,0.0,37.55,24.1,0,0.0,0,0,18-APR-2022,
OPTSTK,NAM-INDIA,28-Apr-2022,315.0,CE,0.0,0.0,0.0,34.85,20.15,0,0.0,0,0,18-APR-2022,
OPTSTK,NAM-INDIA,28-Apr-2022,320.0,CE,0.0,0.0,0.0,16.0,16.55,0,0.0,4800,0,18-APR-2022,
OPTSTK,NAM-INDIA,28-Apr-2022,325.0,CE,0.0,0.0,0.0,29.9,13.35,0,0.0,0,0,18-APR-2022,
OPTSTK,NAM-INDIA,28-Apr-2022,330.0,CE,10.8,14.3,10.5,10.65,10.65,14,76.52,24000,8000,18-APR-2022,
OPTSTK,NAM-INDIA,28-Apr-2022,335.0,CE,11.2,11.2,8.7,8.7,8.15,2,11.03,3200,3200,18-APR-2022,
OPTSTK,NAM-INDIA,28-Apr-2022,340.0,CE,6.0,9.25,5.5,6.0,6.0,101,561.84,139200,57600,18-APR-2022,
OPTSTK,NAM-INDIA,28-Apr-2022,345.0,CE,5.45,6.55,4.1,4.1,4.6,7,39.17,43200,8000,18-APR-2022,
OPTSTK,NAM-INDIA,28-Apr-2022,350.0,CE,3.75,5.45,2.85,3.25,3.25,69,391.21,225600,12800,18-APR-2022,
OPTSTK,NAM-INDIA,28-Apr-2022,355.0,CE,3.4,3.4,3.4,3.4,2.35,1,5.73,22400,0,18-APR-2022,
OPTSTK,NAM-INDIA,28-Apr-2022,360.0,CE,0.9,3.6,0.65,2.4,2.4,31,179.91,459200,-14400,18-APR-2022,
OPTSTK,NAM-INDIA,28-Apr-2022,365.0,CE,0.0,0.0,0.0,5.35,1.1,0,0.0,11200,0,18-APR-2022,
OPTSTK,NAM-INDIA,28-Apr-2022,370.0,CE,1.75,2.25,1.4,1.55,1.55,10,59.48,81600,-1600,18-APR-2022,
OPTSTK,NAM-INDIA,28-Apr-2022,375.0,CE,0.0,0.0,0.0,8.05,0.5,0,0.0,1600,0,18-APR-2022,
OPTSTK,NAM-INDIA,28-Apr-2022,380.0,CE,0.65,1.2,0.65,1.2,0.3,7,42.66,83200,1600,18-APR-2022,
OPTSTK,NAM-INDIA,28-Apr-2022,385.0,CE,0.0,0.0,0.0,7.0,0.2,0,0.0,0,0,18-APR-2022,
OPTSTK,NAM-INDIA,28-Apr-2022,390.0,CE,0.0,0.0,0.0,0.9,0.15,0,0.0,3200,0,18-APR-2022,
OPTSTK,NAM-INDIA,28-Apr-2022,395.0,CE,0.0,0.0,0.0,8.8,0.1,0,0.0,0,0,18-APR-2022,
OPTSTK,NAM-INDIA,28-Apr-2022,400.0,CE,0.6,0.6,0.4,0.45,0.05,12,76.89,153600,1600,18-APR-2022,
OPTSTK,NAM-INDIA,28-Apr-2022,405.0,CE,0.0,0.0,0.0,7.25,0.05,0,0.0,0,0,18-APR-2022,
OPTSTK,NAM-INDIA,28-Apr-2022,410.0,CE,0.0,0.0,0.0,1.75,0.05,0,0.0,12800,0,18-APR-2022,
OPTSTK,NAM-INDIA,28-Apr-2022,415.0,CE,0.0,0.0,0.0,5.95,0.05,0,0.0,0,0,18-APR-2022,
OPTSTK,NAM-INDIA,28-Apr-2022,420.0,CE,0.0,0.0,0.0,5.4,0.0,0,0.0,0,0,18-APR-2022,
OPTSTK,NAM-INDIA,28-Apr-2022,425.0,CE,0.0,0.0,0.0,4.85,0.0,0,0.0,0,0,18-APR-2022,
OPTSTK,NAM-INDIA,28-Apr-2022,430.0,CE,0.0,0.0,0.0,4.4,0.0,0,0.0,0,0,18-APR-2022,
OPTSTK,NAM-INDIA,28-Apr-2022,435.0,CE,0.0,0.0,0.0,3.95,0.0,0,0.0,0,0,18-APR-2022,
OPTSTK,NAM-INDIA,28-Apr-2022,440.0,CE,0.0,0.0,0.0,3.6,0.0,0,0.0,0,0,18-APR-2022,
OPTSTK,NAM-INDIA,28-Apr-2022,445.0,CE,0.0,0.0,0.0,3.25,0.0,0,0.0,0,0,18-APR-2022,
OPTSTK,NAM-INDIA,28-Apr-2022,450.0,CE,0.0,0.0,0.0,2.9,0.0,0,0.0,0,0,18-APR-2022,
OPTSTK,NAM-INDIA,28-Apr-2022,455.0,CE,0.0,0.0,0.0,2.6,0.0,0,0.0,0,0,18-APR-2022,
OPTSTK,NAM-INDIA,28-Apr-2022,460.0,CE,0.0,0.0,0.0,2.35,0.0,0,0.0,0,0,18-APR-2022,
OPTSTK,NAM-INDIA,28-Apr-2022,465.0,CE,0.0,0.0,0.0,2.1,0.0,0,0.0,0,0,18-APR-2022,
OPTSTK,NAM-INDIA,28-Apr-2022,470.0,CE,0.0,0.0,0.0,1.9,0.0,0,0.0,0,0,18-APR-2022,
OPTSTK,NAM-INDIA,28-Apr-2022,475.0,CE,0.0,0.0,0.0,1.7,0.0,0,0.0,0,0,18-APR-2022,
OPTSTK,NAM-INDIA,28-Apr-2022,215.0,PE,0.0,0.0,0.0,0.65,0.0,0,0.0,0,0,18-APR-2022,
OPTSTK,NAM-INDIA,28-Apr-2022,220.0,PE,0.0,0.0,0.0,0.85,0.0,0,0.0,0,0,18-APR-2022,
OPTSTK,NAM-INDIA,28-Apr-2022,225.0,PE,0.0,0.0,0.0,1.1,0.0,0,0.0,0,0,18-APR-2022,
OPTSTK,NAM-INDIA,28-Apr-2022,230.0,PE,0.0,0.0,0.0,1.4,0.0,0,0.0,0,0,18-APR-2022,
OPTSTK,NAM-INDIA,28-Apr-2022,235.0,PE,0.0,0.0,0.0,1.8,0.0,0,0.0,0,0,18-APR-2022,
OPTSTK,NAM-INDIA,28-Apr-2022,240.0,PE,0.0,0.0,0.0,2.25,0.0,0,0.0,0,0,18-APR-2022,
OPTSTK,NAM-INDIA,28-Apr-2022,245.0,PE,0.0,0.0,0.0,2.75,0.0,0,0.0,0,0,18-APR-2022,
OPTSTK,NAM-INDIA,28-Apr-2022,250.0,PE,0.0,0.0,0.0,0.1,0.0,0,0.0,1600,0,18-APR-2022,
OPTSTK,NAM-INDIA,28-Apr-2022,255.0,PE,0.0,0.0,0.0,4.1,0.0,0,0.0,0,0,18-APR-2022,
OPTSTK,NAM-INDIA,28-Apr-2022,260.0,PE,0.0,0.0,0.0,4.9,0.0,0,0.0,0,0,18-APR-2022,
OPTSTK,NAM-INDIA,28-Apr-2022,265.0,PE,0.0,0.0,0.0,5.8,0.05,0,0.0,0,0,18-APR-2022,
OPTSTK,NAM-INDIA,28-Apr-2022,270.0,PE,0.0,0.0,0.0,6.85,0.05,0,0.0,0,0,18-APR-2022,
OPTSTK,NAM-INDIA,28-Apr-2022,275.0,PE,0.0,0.0,0.0,8.0,0.05,0,0.0,0,0,18-APR-2022,
OPTSTK,NAM-INDIA,28-Apr-2022,280.0,PE,0.0,0.0,0.0,9.3,0.1,0,0.0,0,0,18-APR-2022,
OPTSTK,NAM-INDIA,28-Apr-2022,285.0,PE,0.0,0.0,0.0,10.75,0.15,0,0.0,0,0,18-APR-2022,
OPTSTK,NAM-INDIA,28-Apr-2022,290.0,PE,0.0,0.0,0.0,12.3,0.3,0,0.0,0,0,18-APR-2022,
OPTSTK,NAM-INDIA,28-Apr-2022,295.0,PE,0.0,0.0,0.0,13.95,0.5,0,0.0,0,0,18-APR-2022,
OPTSTK,NAM-INDIA,28-Apr-2022,300.0,PE,0.8,0.85,0.8,0.85,0.85,2,9.62,27200,-1600,18-APR-2022,
OPTSTK,NAM-INDIA,28-Apr-2022,305.0,PE,0.0,0.0,0.0,17.8,1.35,0,0.0,0,0,18-APR-2022,
OPTSTK,NAM-INDIA,28-Apr-2022,310.0,PE,0.0,0.0,0.0,3.8,2.15,0,0.0,6400,0,18-APR-2022,
OPTSTK,NAM-INDIA,28-Apr-2022,315.0,PE,0.0,0.0,0.0,22.2,3.2,0,0.0,0,0,18-APR-2022,
OPTSTK,NAM-INDIA,28-Apr-2022,320.0,PE,5.0,6.1,4.35,5.5,4.6,12,62.37,68800,-4800,18-APR-2022,
OPTSTK,NAM-INDIA,28-Apr-2022,325.0,PE,0.0,0.0,0.0,27.15,6.35,0,0.0,0,0,18-APR-2022,
OPTSTK,NAM-INDIA,28-Apr-2022,330.0,PE,10.15,10.45,8.5,9.45,8.55,24,130.34,60800,-6400,18-APR-2022,
OPTSTK,NAM-INDIA,28-Apr-2022,335.0,PE,11.35,11.35,11.35,11.35,11.15,1,5.54,4800,-1600,18-APR-2022,
OPTSTK,NAM-INDIA,28-Apr-2022,340.0,PE,13.6,13.6,11.7,12.25,14.2,6,33.84,49600,-3200,18-APR-2022,
OPTSTK,NAM-INDIA,28-Apr-2022,345.0,PE,0.0,0.0,0.0,38.65,17.6,0,0.0,0,0,18-APR-2022,
OPTSTK,NAM-INDIA,28-Apr-2022,350.0,PE,18.8,20.9,18.8,20.9,21.35,2,11.83,33600,1600,18-APR-2022,
OPTSTK,NAM-INDIA,28-Apr-2022,355.0,PE,0.0,0.0,0.0,45.15,25.35,0,0.0,0,0,18-APR-2022,
OPTSTK,NAM-INDIA,28-Apr-2022,360.0,PE,27.25,27.25,27.25,27.25,29.65,1,6.19,8000,0,18-APR-2022,
OPTSTK,NAM-INDIA,28-Apr-2022,365.0,PE,0.0,0.0,0.0,52.1,34.1,0,0.0,0,0,18-APR-2022,
OPTSTK,NAM-INDIA,28-Apr-2022,370.0,PE,0.0,0.0,0.0,55.75,38.75,0,0.0,0,0,18-APR-2022,
OPTSTK,NAM-INDIA,28-Apr-2022,375.0,PE,0.0,0.0,0.0,59.5,43.45,0,0.0,0,0,18-APR-2022,
OPTSTK,NAM-INDIA,28-Apr-2022,380.0,PE,0.0,0.0,0.0,34.0,48.3,0,0.0,1600,0,18-APR-2022,
OPTSTK,NAM-INDIA,28-Apr-2022,385.0,PE,0.0,0.0,0.0,67.25,53.15,0,0.0,0,0,18-APR-2022,
OPTSTK,NAM-INDIA,28-Apr-2022,390.0,PE,0.0,0.0,0.0,71.2,58.1,0,0.0,0,0,18-APR-2022,
OPTSTK,NAM-INDIA,28-Apr-2022,395.0,PE,0.0,0.0,0.0,75.3,63.05,0,0.0,0,0,18-APR-2022,
OPTSTK,NAM-INDIA,28-Apr-2022,400.0,PE,0.0,0.0,0.0,79.45,68.0,0,0.0,0,0,18-APR-2022,
OPTSTK,NAM-INDIA,28-Apr-2022,405.0,PE,0.0,0.0,0.0,83.65,73.0,0,0.0,0,0,18-APR-2022,
OPTSTK,NAM-INDIA,28-Apr-2022,410.0,PE,0.0,0.0,0.0,87.9,77.95,0,0.0,0,0,18-APR-2022,
OPTSTK,NAM-INDIA,28-Apr-2022,415.0,PE,0.0,0.0,0.0,92.25,82.95,0,0.0,0,0,18-APR-2022,
OPTSTK,NAM-INDIA,28-Apr-2022,420.0,PE,0.0,0.0,0.0,96.6,87.95,0,0.0,0,0,18-APR-2022,
OPTSTK,NAM-INDIA,28-Apr-2022,425.0,PE,0.0,0.0,0.0,101.05,92.95,0,0.0,0,0,18-APR-2022,
OPTSTK,NAM-INDIA,28-Apr-2022,430.0,PE,0.0,0.0,0.0,105.5,97.95,0,0.0,0,0,18-APR-2022,
OPTSTK,NAM-INDIA,28-Apr-2022,435.0,PE,0.0,0.0,0.0,110.05,102.95,0,0.0,0,0,18-APR-2022,
OPTSTK,NAM-INDIA,28-Apr-2022,440.0,PE,0.0,0.0,0.0,98.25,107.95,0,0.0,1600,0,18-APR-2022,
OPTSTK,NAM-INDIA,28-Apr-2022,445.0,PE,0.0,0.0,0.0,119.2,112.9,0,0.0,0,0,18-APR-2022,
OPTSTK,NAM-INDIA,28-Apr-2022,450.0,PE,0.0,0.0,0.0,123.8,117.9,0,0.0,0,0,18-APR-2022,
OPTSTK,NAM-INDIA,28-Apr-2022,455.0,PE,0.0,0.0,0.0,128.45,122.9,0,0.0,0,0,18-APR-2022,
OPTSTK,NAM-INDIA,28-Apr-2022,460.0,PE,0.0,0.0,0.0,133.15,127.9,0,0.0,0,0,18-APR-2022,
OPTSTK,NAM-INDIA,28-Apr-2022,465.0,PE,0.0,0.0,0.0,137.85,132.9,0,0.0,0,0,18-APR-2022,
OPTSTK,NAM-INDIA,28-Apr-2022,470.0,PE,0.0,0.0,0.0,142.6,137.9,0,0.0,0,0,18-APR-2022,
OPTSTK,NAM-INDIA,28-Apr-2022,475.0,PE,0.0,0.0,0.0,147.35,142.9,0,0.0,0,0,18-APR-2022,
OPTSTK,NAM-INDIA,26-May-2022,215.0,CE,0.0,0.0,0.0,98.65,117.6,0,0.0,0,0,18-APR-2022,
OPTSTK,NAM-INDIA,26-May-2022,220.0,CE,0.0,0.0,0.0,94.0,112.6,0,0.0,0,0,18-APR-2022,
OPTSTK,NAM-INDIA,26-May-2022,225.0,CE,0.0,0.0,0.0,89.4,107.65,0,0.0,0,0,18-APR-2022,
OPTSTK,NAM-INDIA,26-May-2022,230.0,CE,0.0,0.0,0.0,84.9,102.7,0,0.0,0,0,18-APR-2022,
OPTSTK,NAM-INDIA,26-May-2022,235.0,CE,0.0,0.0,0.0,80.5,97.75,0,0.0,0,0,18-APR-2022,
OPTSTK,NAM-INDIA,26-May-2022,240.0,CE,0.0,0.0,0.0,76.15,92.8,0,0.0,0,0,18-APR-2022,
OPTSTK,NAM-INDIA,26-May-2022,245.0,CE,0.0,0.0,0.0,71.95,87.9,0,0.0,0,0,18-APR-2022,
OPTSTK,NAM-INDIA,26-May-2022,250.0,CE,0.0,0.0,0.0,67.85,83.05,0,0.0,0,0,18-APR-2022,
OPTSTK,NAM-INDIA,26-May-2022,255.0,CE,0.0,0.0,0.0,63.85,78.2,0,0.0,0,0,18-APR-2022,
OPTSTK,NAM-INDIA,26-May-2022,260.0,CE,0.0,0.0,0.0,59.95,73.4,0,0.0,0,0,18-APR-2022,
OPTSTK,NAM-INDIA,26-May-2022,265.0,CE,0.0,0.0,0.0,56.2,68.7,0,0.0,0,0,18-APR-2022,
OPTSTK,NAM-INDIA,26-May-2022,270.0,CE,0.0,0.0,0.0,52.6,64.05,0,0.0,0,0,18-APR-2022,
OPTSTK,NAM-INDIA,26-May-2022,275.0,CE,0.0,0.0,0.0,49.15,59.5,0,0.0,0,0,18-APR-2022,
OPTSTK,NAM-INDIA,26-May-2022,280.0,CE,0.0,0.0,0.0,45.8,55.1,0,0.0,0,0,18-APR-2022,
OPTSTK,NAM-INDIA,26-May-2022,285.0,CE,0.0,0.0,0.0,42.65,50.75,0,0.0,0,0,18-APR-2022,
OPTSTK,NAM-INDIA,26-May-2022,290.0,CE,0.0,0.0,0.0,39.6,46.6,0,0.0,0,0,18-APR-2022,
OPTSTK,NAM-INDIA,26-May-2022,295.0,CE,0.0,0.0,0.0,36.75,42.6,0,0.0,0,0,18-APR-2022,
OPTSTK,NAM-INDIA,26-May-2022,300.0,CE,0.0,0.0,0.0,34.0,38.8,0,0.0,0,0,18-APR-2022,
OPTSTK,NAM-INDIA,26-May-2022,305.0,CE,0.0,0.0,0.0,31.4,35.15,0,0.0,0,0,18-APR-2022,
OPTSTK,NAM-INDIA,26-May-2022,310.0,CE,0.0,0.0,0.0,29.0,31.7,0,0.0,0,0,18-APR-2022,
OPTSTK,NAM-INDIA,26-May-2022,315.0,CE,0.0,0.0,0.0,26.7,28.45,0,0.0,0,0,18-APR-2022,
OPTSTK,NAM-INDIA,26-May-2022,320.0,CE,0.0,0.0,0.0,24.55,25.45,0,0.0,0,0,18-APR-2022,
OPTSTK,NAM-INDIA,26-May-2022,325.0,CE,0.0,0.0,0.0,22.55,22.65,0,0.0,0,0,18-APR-2022,
OPTSTK,NAM-INDIA,26-May-2022,330.0,CE,0.0,0.0,0.0,20.65,20.05,0,0.0,1600,0,18-APR-2022,
OPTSTK,NAM-INDIA,26-May-2022,335.0,CE,0.0,0.0,0.0,18.9,17.7,0,0.0,0,0,18-APR-2022,
OPTSTK,NAM-INDIA,26-May-2022,340.0,CE,0.0,0.0,0.0,17.3,15.5,0,0.0,0,0,18-APR-2022,
OPTSTK,NAM-INDIA,26-May-2022,345.0,CE,0.0,0.0,0.0,15.75,13.55,0,0.0,0,0,18-APR-2022,
OPTSTK,NAM-INDIA,26-May-2022,350.0,CE,0.0,0.0,0.0,16.0,11.8,0,0.0,1600,0,18-APR-2022,
OPTSTK,NAM-INDIA,26-May-2022,355.0,CE,0.0,0.0,0.0,13.1,10.2,0,0.0,0,0,18-APR-2022,
OPTSTK,NAM-INDIA,26-May-2022,360.0,CE,0.0,0.0,0.0,11.9,8.8,0,0.0,0,0,18-APR-2022,
OPTSTK,NAM-INDIA,26-May-2022,365.0,CE,0.0,0.0,0.0,10.8,7.55,0,0.0,0,0,18-APR-2022,
OPTSTK,NAM-INDIA,26-May-2022,370.0,CE,0.0,0.0,0.0,9.8,6.45,0,0.0,0,0,18-APR-2022,
OPTSTK,NAM-INDIA,26-May-2022,375.0,CE,0.0,0.0,0.0,8.85,5.5,0,0.0,0,0,18-APR-2022,
OPTSTK,NAM-INDIA,26-May-2022,380.0,CE,0.0,0.0,0.0,8.05,4.65,0,0.0,0,0,18-APR-2022,
OPTSTK,NAM-INDIA,26-May-2022,385.0,CE,0.0,0.0,0.0,7.25,3.95,0,0.0,0,0,18-APR-2022,
OPTSTK,NAM-INDIA,26-May-2022,390.0,CE,0.0,0.0,0.0,6.55,3.3,0,0.0,0,0,18-APR-2022,
OPTSTK,NAM-INDIA,26-May-2022,395.0,CE,0.0,0.0,0.0,5.9,2.8,0,0.0,0,0,18-APR-2022,
OPTSTK,NAM-INDIA,26-May-2022,400.0,CE,3.0,3.0,3.0,3.0,2.3,1,6.44,4800,1600,18-APR-2022,
OPTSTK,NAM-INDIA,26-May-2022,405.0,CE,0.0,0.0,0.0,4.8,1.95,0,0.0,0,0,18-APR-2022,
OPTSTK,NAM-INDIA,26-May-2022,410.0,CE,0.0,0.0,0.0,4.3,1.6,0,0.0,0,0,18-APR-2022,
OPTSTK,NAM-INDIA,26-May-2022,415.0,CE,0.0,0.0,0.0,3.85,1.35,0,0.0,0,0,18-APR-2022,
OPTSTK,NAM-INDIA,26-May-2022,420.0,CE,0.0,0.0,0.0,3.45,1.1,0,0.0,0,0,18-APR-2022,
OPTSTK,NAM-INDIA,26-May-2022,425.0,CE,0.0,0.0,0.0,3.1,0.9,0,0.0,0,0,18-APR-2022,
OPTSTK,NAM-INDIA,26-May-2022,430.0,CE,0.0,0.0,0.0,2.8,0.75,0,0.0,0,0,18-APR-2022,
OPTSTK,NAM-INDIA,26-May-2022,435.0,CE,0.0,0.0,0.0,2.5,0.6,0,0.0,0,0,18-APR-2022,
OPTSTK,NAM-INDIA,26-May-2022,440.0,CE,0.0,0.0,0.0,2.25,0.5,0,0.0,0,0,18-APR-2022,
OPTSTK,NAM-INDIA,26-May-2022,445.0,CE,0.0,0.0,0.0,2.0,0.4,0,0.0,0,0,18-APR-2022,
OPTSTK,NAM-INDIA,26-May-2022,450.0,CE,0.0,0.0,0.0,1.8,0.35,0,0.0,0,0,18-APR-2022,
OPTSTK,NAM-INDIA,26-May-2022,455.0,CE,0.0,0.0,0.0,1.6,0.25,0,0.0,0,0,18-APR-2022,
OPTSTK,NAM-INDIA,26-May-2022,460.0,CE,0.0,0.0,0.0,1.4,0.2,0,0.0,0,0,18-APR-2022,
OPTSTK,NAM-INDIA,26-May-2022,215.0,PE,0.0,0.0,0.0,1.05,0.05,0,0.0,0,0,18-APR-2022,
OPTSTK,NAM-INDIA,26-May-2022,220.0,PE,0.0,0.0,0.0,1.35,0.05,0,0.0,0,0,18-APR-2022,
OPTSTK,NAM-INDIA,26-May-2022,225.0,PE,0.0,0.0,0.0,1.7,0.05,0,0.0,0,0,18-APR-2022,
OPTSTK,NAM-INDIA,26-May-2022,230.0,PE,0.0,0.0,0.0,2.15,0.05,0,0.0,0,0,18-APR-2022,
OPTSTK,NAM-INDIA,26-May-2022,235.0,PE,0.0,0.0,0.0,2.7,0.1,0,0.0,0,0,18-APR-2022,
OPTSTK,NAM-INDIA,26-May-2022,240.0,PE,0.0,0.0,0.0,3.3,0.15,0,0.0,0,0,18-APR-2022,
OPTSTK,NAM-INDIA,26-May-2022,245.0,PE,0.0,0.0,0.0,4.05,0.2,0,0.0,0,0,18-APR-2022,
OPTSTK,NAM-INDIA,26-May-2022,250.0,PE,0.0,0.0,0.0,4.85,0.3,0,0.0,0,0,18-APR-2022,
OPTSTK,NAM-INDIA,26-May-2022,255.0,PE,0.0,0.0,0.0,5.8,0.45,0,0.0,0,0,18-APR-2022,
OPTSTK,NAM-INDIA,26-May-2022,260.0,PE,0.0,0.0,0.0,6.9,0.65,0,0.0,0,0,18-APR-2022,
OPTSTK,NAM-INDIA,26-May-2022,265.0,PE,0.0,0.0,0.0,8.1,0.9,0,0.0,0,0,18-APR-2022,
OPTSTK,NAM-INDIA,26-May-2022,270.0,PE,0.0,0.0,0.0,9.45,1.25,0,0.0,0,0,18-APR-2022,
OPTSTK,NAM-INDIA,26-May-2022,275.0,PE,0.0,0.0,0.0,10.9,1.7,0,0.0,0,0,18-APR-2022,
OPTSTK,NAM-INDIA,26-May-2022,280.0,PE,0.0,0.0,0.0,12.55,2.25,0,0.0,0,0,18-APR-2022,
OPTSTK,NAM-INDIA,26-May-2022,285.0,PE,0.0,0.0,0.0,14.3,2.9,0,0.0,0,0,18-APR-2022,
OPTSTK,NAM-INDIA,26-May-2022,290.0,PE,0.0,0.0,0.0,16.2,3.75,0,0.0,0,0,18-APR-2022,
OPTSTK,NAM-INDIA,26-May-2022,295.0,PE,0.0,0.0,0.0,18.3,4.7,0,0.0,0,0,18-APR-2022,
OPTSTK,NAM-INDIA,26-May-2022,300.0,PE,0.0,0.0,0.0,20.5,5.85,0,0.0,0,0,18-APR-2022,
OPTSTK,NAM-INDIA,26-May-2022,305.0,PE,0.0,0.0,0.0,22.9,7.2,0,0.0,0,0,18-APR-2022,
OPTSTK,NAM-INDIA,26-May-2022,310.0,PE,0.0,0.0,0.0,25.4,8.75,0,0.0,0,0,18-APR-2022,
OPTSTK,NAM-INDIA,26-May-2022,315.0,PE,0.0,0.0,0.0,28.05,10.45,0,0.0,0,0,18-APR-2022,
OPTSTK,NAM-INDIA,26-May-2022,320.0,PE,0.0,0.0,0.0,13.0,12.45,0,0.0,4800,0,18-APR-2022,
OPTSTK,NAM-INDIA,26-May-2022,325.0,PE,0.0,0.0,0.0,33.8,14.6,0,0.0,0,0,18-APR-2022,
OPTSTK,NAM-INDIA,26-May-2022,330.0,PE,0.0,0.0,0.0,36.85,17.0,0,0.0,0,0,18-APR-2022,
OPTSTK,NAM-INDIA,26-May-2022,335.0,PE,0.0,0.0,0.0,40.05,19.6,0,0.0,0,0,18-APR-2022,
OPTSTK,NAM-INDIA,26-May-2022,340.0,PE,0.0,0.0,0.0,43.4,22.4,0,0.0,0,0,18-APR-2022,
OPTSTK,NAM-INDIA,26-May-2022,345.0,PE,0.0,0.0,0.0,46.8,25.45,0,0.0,0,0,18-APR-2022,
OPTSTK,NAM-INDIA,26-May-2022,350.0,PE,0.0,0.0,0.0,50.35,28.65,0,0.0,0,0,18-APR-2022,
OPTSTK,NAM-INDIA,26-May-2022,355.0,PE,0.0,0.0,0.0,54.05,32.05,0,0.0,0,0,18-APR-2022,
OPTSTK,NAM-INDIA,26-May-2022,360.0,PE,0.0,0.0,0.0,57.8,35.6,0,0.0,0,0,18-APR-2022,
OPTSTK,NAM-INDIA,26-May-2022,365.0,PE,0.0,0.0,0.0,61.65,39.35,0,0.0,0,0,18-APR-2022,
OPTSTK,NAM-INDIA,26-May-2022,370.0,PE,0.0,0.0,0.0,65.6,43.25,0,0.0,0,0,18-APR-2022,
OPTSTK,NAM-INDIA,26-May-2022,375.0,PE,0.0,0.0,0.0,69.6,47.25,0,0.0,0,0,18-APR-2022,
OPTSTK,NAM-INDIA,26-May-2022,380.0,PE,0.0,0.0,0.0,73.7,51.4,0,0.0,0,0,18-APR-2022,
OPTSTK,NAM-INDIA,26-May-2022,385.0,PE,0.0,0.0,0.0,77.85,55.65,0,0.0,0,0,18-APR-2022,
OPTSTK,NAM-INDIA,26-May-2022,390.0,PE,0.0,0.0,0.0,82.1,60.0,0,0.0,0,0,18-APR-2022,
OPTSTK,NAM-INDIA,26-May-2022,395.0,PE,0.0,0.0,0.0,86.4,64.45,0,0.0,0,0,18-APR-2022,
OPTSTK,NAM-INDIA,26-May-2022,400.0,PE,0.0,0.0,0.0,90.8,68.95,0,0.0,0,0,18-APR-2022,
OPTSTK,NAM-INDIA,26-May-2022,405.0,PE,0.0,0.0,0.0,95.2,73.55,0,0.0,0,0,18-APR-2022,
OPTSTK,NAM-INDIA,26-May-2022,410.0,PE,0.0,0.0,0.0,99.65,78.2,0,0.0,0,0,18-APR-2022,
OPTSTK,NAM-INDIA,26-May-2022,415.0,PE,0.0,0.0,0.0,104.15,82.9,0,0.0,0,0,18-APR-2022,
OPTSTK,NAM-INDIA,26-May-2022,420.0,PE,0.0,0.0,0.0,108.7,87.65,0,0.0,0,0,18-APR-2022,
OPTSTK,NAM-INDIA,26-May-2022,425.0,PE,0.0,0.0,0.0,113.3,92.4,0,0.0,0,0,18-APR-2022,
OPTSTK,NAM-INDIA,26-May-2022,430.0,PE,0.0,0.0,0.0,117.95,97.25,0,0.0,0,0,18-APR-2022,
OPTSTK,NAM-INDIA,26-May-2022,435.0,PE,0.0,0.0,0.0,122.6,102.1,0,0.0,0,0,18-APR-2022,
OPTSTK,NAM-INDIA,26-May-2022,440.0,PE,0.0,0.0,0.0,127.25,106.95,0,0.0,0,0,18-APR-2022,
OPTSTK,NAM-INDIA,26-May-2022,445.0,PE,0.0,0.0,0.0,132.0,111.85,0,0.0,0,0,18-APR-2022,
OPTSTK,NAM-INDIA,26-May-2022,450.0,PE,0.0,0.0,0.0,136.7,116.75,0,0.0,0,0,18-APR-2022,
OPTSTK,NAM-INDIA,26-May-2022,455.0,PE,0.0,0.0,0.0,141.5,121.65,0,0.0,0,0,18-APR-2022,
OPTSTK,NAM-INDIA,26-May-2022,460.0,PE,0.0,0.0,0.0,146.25,126.6,0,0.0,0,0,18-APR-2022,
OPTSTK,NAM-INDIA,30-Jun-2022,220.0,CE,0.0,0.0,0.0,130.35,113.75,0,0.0,0,0,18-APR-2022,
OPTSTK,NAM-INDIA,30-Jun-2022,225.0,CE,0.0,0.0,0.0,125.5,108.95,0,0.0,0,0,18-APR-2022,
OPTSTK,NAM-INDIA,30-Jun-2022,230.0,CE,0.0,0.0,0.0,120.7,104.1,0,0.0,0,0,18-APR-2022,
OPTSTK,NAM-INDIA,30-Jun-2022,235.0,CE,0.0,0.0,0.0,115.95,99.35,0,0.0,0,0,18-APR-2022,
OPTSTK,NAM-INDIA,30-Jun-2022,240.0,CE,0.0,0.0,0.0,111.25,94.65,0,0.0,0,0,18-APR-2022,
OPTSTK,NAM-INDIA,30-Jun-2022,245.0,CE,0.0,0.0,0.0,106.55,90.0,0,0.0,0,0,18-APR-2022,
OPTSTK,NAM-INDIA,30-Jun-2022,250.0,CE,0.0,0.0,0.0,101.95,85.4,0,0.0,0,0,18-APR-2022,
OPTSTK,NAM-INDIA,30-Jun-2022,255.0,CE,0.0,0.0,0.0,97.4,80.85,0,0.0,0,0,18-APR-2022,
OPTSTK,NAM-INDIA,30-Jun-2022,260.0,CE,0.0,0.0,0.0,92.95,76.45,0,0.0,0,0,18-APR-2022,
OPTSTK,NAM-INDIA,30-Jun-2022,265.0,CE,0.0,0.0,0.0,88.55,72.1,0,0.0,0,0,18-APR-2022,
OPTSTK,NAM-INDIA,30-Jun-2022,270.0,CE,0.0,0.0,0.0,84.25,67.9,0,0.0,0,0,18-APR-2022,
OPTSTK,NAM-INDIA,30-Jun-2022,275.0,CE,0.0,0.0,0.0,80.0,63.75,0,0.0,0,0,18-APR-2022,
OPTSTK,NAM-INDIA,30-Jun-2022,280.0,CE,0.0,0.0,0.0,75.9,59.75,0,0.0,0,0,18-APR-2022,
OPTSTK,NAM-INDIA,30-Jun-2022,285.0,CE,0.0,0.0,0.0,71.85,55.9,0,0.0,0,0,18-APR-2022,
OPTSTK,NAM-INDIA,30-Jun-2022,290.0,CE,0.0,0.0,0.0,67.95,52.2,0,0.0,0,0,18-APR-2022,
OPTSTK,NAM-INDIA,30-Jun-2022,295.0,CE,0.0,0.0,0.0,64.15,48.6,0,0.0,0,0,18-APR-2022,
OPTSTK,NAM-INDIA,30-Jun-2022,300.0,CE,0.0,0.0,0.0,60.5,45.15,0,0.0,0,0,18-APR-2022,
OPTSTK,NAM-INDIA,30-Jun-2022,305.0,CE,0.0,0.0,0.0,56.95,41.85,0,0.0,0,0,18-APR-2022,
OPTSTK,NAM-INDIA,30-Jun-2022,310.0,CE,0.0,0.0,0.0,53.55,38.75,0,0.0,0,0,18-APR-2022,
OPTSTK,NAM-INDIA,30-Jun-2022,315.0,CE,0.0,0.0,0.0,50.25,35.75,0,0.0,0,0,18-APR-2022,
OPTSTK,NAM-INDIA,30-Jun-2022,320.0,CE,0.0,0.0,0.0,47.1,32.95,0,0.0,0,0,18-APR-2022,
OPTSTK,NAM-INDIA,30-Jun-2022,325.0,CE,0.0,0.0,0.0,44.05,30.3,0,0.0,0,0,18-APR-2022,
OPTSTK,NAM-INDIA,30-Jun-2022,330.0,CE,0.0,0.0,0.0,41.15,27.8,0,0.0,0,0,18-APR-2022,
OPTSTK,NAM-INDIA,30-Jun-2022,335.0,CE,0.0,0.0,0.0,38.4,25.45,0,0.0,0,0,18-APR-2022,
OPTSTK,NAM-INDIA,30-Jun-2022,340.0,CE,0.0,0.0,0.0,35.8,23.25,0,0.0,0,0,18-APR-2022,
OPTSTK,NAM-INDIA,30-Jun-2022,345.0,CE,0.0,0.0,0.0,33.3,21.2,0,0.0,0,0,18-APR-2022,
OPTSTK,NAM-INDIA,30-Jun-2022,350.0,CE,0.0,0.0,0.0,30.95,19.3,0,0.0,0,0,18-APR-2022,
OPTSTK,NAM-INDIA,30-Jun-2022,355.0,CE,0.0,0.0,0.0,28.7,17.55,0,0.0,0,0,18-APR-2022,
OPTSTK,NAM-INDIA,30-Jun-2022,360.0,CE,0.0,0.0,0.0,26.6,15.9,0,0.0,0,0,18-APR-2022,
OPTSTK,NAM-INDIA,30-Jun-2022,365.0,CE,0.0,0.0,0.0,24.65,14.4,0,0.0,0,0,18-APR-2022,
OPTSTK,NAM-INDIA,30-Jun-2022,370.0,CE,0.0,0.0,0.0,22.75,13.0,0,0.0,0,0,18-APR-2022,
OPTSTK,NAM-INDIA,30-Jun-2022,375.0,CE,0.0,0.0,0.0,21.05,11.75,0,0.0,0,0,18-APR-2022,
OPTSTK,NAM-INDIA,30-Jun-2022,380.0,CE,0.0,0.0,0.0,19.4,10.55,0,0.0,0,0,18-APR-2022,
OPTSTK,NAM-INDIA,30-Jun-2022,385.0,CE,0.0,0.0,0.0,17.85,9.5,0,0.0,0,0,18-APR-2022,
OPTSTK,NAM-INDIA,30-Jun-2022,390.0,CE,0.0,0.0,0.0,16.45,8.55,0,0.0,0,0,18-APR-2022,
OPTSTK,NAM-INDIA,30-Jun-2022,395.0,CE,0.0,0.0,0.0,15.1,7.65,0,0.0,0,0,18-APR-2022,
OPTSTK,NAM-INDIA,30-Jun-2022,400.0,CE,0.0,0.0,0.0,13.9,6.85,0,0.0,0,0,18-APR-2022,
OPTSTK,NAM-INDIA,30-Jun-2022,405.0,CE,0.0,0.0,0.0,12.75,6.1,0,0.0,0,0,18-APR-2022,
OPTSTK,NAM-INDIA,30-Jun-2022,410.0,CE,0.0,0.0,0.0,11.65,5.45,0,0.0,0,0,18-APR-2022,
OPTSTK,NAM-INDIA,30-Jun-2022,415.0,CE,0.0,0.0,0.0,10.7,4.85,0,0.0,0,0,18-APR-2022,
OPTSTK,NAM-INDIA,30-Jun-2022,420.0,CE,0.0,0.0,0.0,9.75,4.3,0,0.0,0,0,18-APR-2022,
OPTSTK,NAM-INDIA,30-Jun-2022,425.0,CE,0.0,0.0,0.0,8.9,3.85,0,0.0,0,0,18-APR-2022,
OPTSTK,NAM-INDIA,30-Jun-2022,430.0,CE,0.0,0.0,0.0,8.15,3.4,0,0.0,0,0,18-APR-2022,
OPTSTK,NAM-INDIA,30-Jun-2022,435.0,CE,0.0,0.0,0.0,7.4,3.0,0,0.0,0,0,18-APR-2022,
OPTSTK,NAM-INDIA,30-Jun-2022,440.0,CE,0.0,0.0,0.0,6.75,2.65,0,0.0,0,0,18-APR-2022,
OPTSTK,NAM-INDIA,30-Jun-2022,445.0,CE,0.0,0.0,0.0,6.15,2.35,0,0.0,0,0,18-APR-2022,
OPTSTK,NAM-INDIA,30-Jun-2022,450.0,CE,0.0,0.0,0.0,5.6,2.1,0,0.0,0,0,18-APR-2022,
OPTSTK,NAM-INDIA,30-Jun-2022,455.0,CE,0.0,0.0,0.0,5.1,1.85,0,0.0,0,0,18-APR-2022,
OPTSTK,NAM-INDIA,30-Jun-2022,460.0,CE,0.0,0.0,0.0,4.6,1.6,0,0.0,0,0,18-APR-2022,
OPTSTK,NAM-INDIA,30-Jun-2022,220.0,PE,0.0,0.0,0.0,0.35,0.3,0,0.0,0,0,18-APR-2022,
OPTSTK,NAM-INDIA,30-Jun-2022,225.0,PE,0.0,0.0,0.0,0.5,0.45,0,0.0,0,0,18-APR-2022,
OPTSTK,NAM-INDIA,30-Jun-2022,230.0,PE,0.0,0.0,0.0,0.65,0.6,0,0.0,0,0,18-APR-2022,
OPTSTK,NAM-INDIA,30-Jun-2022,235.0,PE,0.0,0.0,0.0,0.85,0.75,0,0.0,0,0,18-APR-2022,
OPTSTK,NAM-INDIA,30-Jun-2022,240.0,PE,0.0,0.0,0.0,1.05,1.0,0,0.0,0,0,18-APR-2022,
OPTSTK,NAM-INDIA,30-Jun-2022,245.0,PE,0.0,0.0,0.0,1.35,1.3,0,0.0,0,0,18-APR-2022,
OPTSTK,NAM-INDIA,30-Jun-2022,250.0,PE,0.0,0.0,0.0,1.7,1.65,0,0.0,0,0,18-APR-2022,
OPTSTK,NAM-INDIA,30-Jun-2022,255.0,PE,0.0,0.0,0.0,2.1,2.1,0,0.0,0,0,18-APR-2022,
OPTSTK,NAM-INDIA,30-Jun-2022,260.0,PE,0.0,0.0,0.0,2.55,2.65,0,0.0,0,0,18-APR-2022,
OPTSTK,NAM-INDIA,30-Jun-2022,265.0,PE,0.0,0.0,0.0,3.1,3.25,0,0.0,0,0,18-APR-2022,
OPTSTK,NAM-INDIA,30-Jun-2022,270.0,PE,0.0,0.0,0.0,3.75,4.0,0,0.0,0,0,18-APR-2022,
OPTSTK,NAM-INDIA,30-Jun-2022,275.0,PE,0.0,0.0,0.0,4.45,4.85,0,0.0,0,0,18-APR-2022,
OPTSTK,NAM-INDIA,30-Jun-2022,280.0,PE,0.0,0.0,0.0,5.3,5.8,0,0.0,0,0,18-APR-2022,
OPTSTK,NAM-INDIA,30-Jun-2022,285.0,PE,0.0,0.0,0.0,6.25,6.9,0,0.0,0,0,18-APR-2022,
OPTSTK,NAM-INDIA,30-Jun-2022,290.0,PE,0.0,0.0,0.0,7.25,8.15,0,0.0,0,0,18-APR-2022,
OPTSTK,NAM-INDIA,30-Jun-2022,295.0,PE,0.0,0.0,0.0,8.4,9.5,0,0.0,0,0,18-APR-2022,
OPTSTK,NAM-INDIA,30-Jun-2022,300.0,PE,0.0,0.0,0.0,9.7,11.0,0,0.0,0,0,18-APR-2022,
OPTSTK,NAM-INDIA,30-Jun-2022,305.0,PE,0.0,0.0,0.0,11.1,12.7,0,0.0,0,0,18-APR-2022,
OPTSTK,NAM-INDIA,30-Jun-2022,310.0,PE,0.0,0.0,0.0,12.65,14.5,0,0.0,0,0,18-APR-2022,
OPTSTK,NAM-INDIA,30-Jun-2022,315.0,PE,0.0,0.0,0.0,14.25,16.5,0,0.0,0,0,18-APR-2022,
OPTSTK,NAM-INDIA,30-Jun-2022,320.0,PE,0.0,0.0,0.0,16.05,18.65,0,0.0,0,0,18-APR-2022,
OPTSTK,NAM-INDIA,30-Jun-2022,325.0,PE,0.0,0.0,0.0,18.0,20.95,0,0.0,0,0,18-APR-2022,
OPTSTK,NAM-INDIA,30-Jun-2022,330.0,PE,0.0,0.0,0.0,20.05,23.4,0,0.0,0,0,18-APR-2022,
OPTSTK,NAM-INDIA,30-Jun-2022,335.0,PE,0.0,0.0,0.0,22.25,26.0,0,0.0,0,0,18-APR-2022,
OPTSTK,NAM-INDIA,30-Jun-2022,340.0,PE,0.0,0.0,0.0,24.55,28.8,0,0.0,0,0,18-APR-2022,
OPTSTK,NAM-INDIA,30-Jun-2022,345.0,PE,0.0,0.0,0.0,27.05,31.7,0,0.0,0,0,18-APR-2022,
OPTSTK,NAM-INDIA,30-Jun-2022,350.0,PE,0.0,0.0,0.0,29.6,34.75,0,0.0,0,0,18-APR-2022,
OPTSTK,NAM-INDIA,30-Jun-2022,355.0,PE,0.0,0.0,0.0,32.35,37.95,0,0.0,0,0,18-APR-2022,
OPTSTK,NAM-INDIA,30-Jun-2022,360.0,PE,0.0,0.0,0.0,35.2,41.25,0,0.0,0,0,18-APR-2022,
OPTSTK,NAM-INDIA,30-Jun-2022,365.0,PE,0.0,0.0,0.0,38.15,44.7,0,0.0,0,0,18-APR-2022,
OPTSTK,NAM-INDIA,30-Jun-2022,370.0,PE,0.0,0.0,0.0,41.25,48.25,0,0.0,0,0,18-APR-2022,
OPTSTK,NAM-INDIA,30-Jun-2022,375.0,PE,0.0,0.0,0.0,44.45,51.95,0,0.0,0,0,18-APR-2022,
OPTSTK,NAM-INDIA,30-Jun-2022,380.0,PE,0.0,0.0,0.0,47.75,55.75,0,0.0,0,0,18-APR-2022,
OPTSTK,NAM-INDIA,30-Jun-2022,385.0,PE,0.0,0.0,0.0,51.15,59.65,0,0.0,0,0,18-APR-2022,
OPTSTK,NAM-INDIA,30-Jun-2022,390.0,PE,0.0,0.0,0.0,54.7,63.6,0,0.0,0,0,18-APR-2022,
OPTSTK,NAM-INDIA,30-Jun-2022,395.0,PE,0.0,0.0,0.0,58.3,67.7,0,0.0,0,0,18-APR-2022,
OPTSTK,NAM-INDIA,30-Jun-2022,400.0,PE,0.0,0.0,0.0,62.0,71.85,0,0.0,0,0,18-APR-2022,
OPTSTK,NAM-INDIA,30-Jun-2022,405.0,PE,0.0,0.0,0.0,65.8,76.1,0,0.0,0,0,18-APR-2022,
OPTSTK,NAM-INDIA,30-Jun-2022,410.0,PE,0.0,0.0,0.0,69.7,80.4,0,0.0,0,0,18-APR-2022,
OPTSTK,NAM-INDIA,30-Jun-2022,415.0,PE,0.0,0.0,0.0,73.65,84.75,0,0.0,0,0,18-APR-2022,
OPTSTK,NAM-INDIA,30-Jun-2022,420.0,PE,0.0,0.0,0.0,77.7,89.15,0,0.0,0,0,18-APR-2022,
OPTSTK,NAM-INDIA,30-Jun-2022,425.0,PE,0.0,0.0,0.0,81.8,93.65,0,0.0,0,0,18-APR-2022,
OPTSTK,NAM-INDIA,30-Jun-2022,430.0,PE,0.0,0.0,0.0,85.95,98.15,0,0.0,0,0,18-APR-2022,
OPTSTK,NAM-INDIA,30-Jun-2022,435.0,PE,0.0,0.0,0.0,90.2,102.75,0,0.0,0,0,18-APR-2022,
OPTSTK,NAM-INDIA,30-Jun-2022,440.0,PE,0.0,0.0,0.0,94.45,107.35,0,0.0,0,0,18-APR-2022,
OPTSTK,NAM-INDIA,30-Jun-2022,445.0,PE,0.0,0.0,0.0,98.8,112.0,0,0.0,0,0,18-APR-2022,
OPTSTK,NAM-INDIA,30-Jun-2022,450.0,PE,0.0,0.0,0.0,103.2,116.7,0,0.0,0,0,18-APR-2022,
OPTSTK,NAM-INDIA,30-Jun-2022,455.0,PE,0.0,0.0,0.0,107.65,121.4,0,0.0,0,0,18-APR-2022,
OPTSTK,NAM-INDIA,30-Jun-2022,460.0,PE,0.0,0.0,0.0,112.1,126.15,0,0.0,0,0,18-APR-2022,
OPTSTK,NATIONALUM,28-Apr-2022,67.5,CE,0.0,0.0,0.0,40.3,52.3,0,0.0,0,0,18-APR-2022,
OPTSTK,NATIONALUM,28-Apr-2022,70.0,CE,0.0,0.0,0.0,38.05,49.8,0,0.0,0,0,18-APR-2022,
OPTSTK,NATIONALUM,28-Apr-2022,72.5,CE,0.0,0.0,0.0,35.9,47.3,0,0.0,0,0,18-APR-2022,
OPTSTK,NATIONALUM,28-Apr-2022,75.0,CE,0.0,0.0,0.0,33.8,44.8,0,0.0,0,0,18-APR-2022,
OPTSTK,NATIONALUM,28-Apr-2022,77.5,CE,0.0,0.0,0.0,31.75,42.3,0,0.0,0,0,18-APR-2022,
OPTSTK,NATIONALUM,28-Apr-2022,80.0,CE,0.0,0.0,0.0,29.8,39.8,0,0.0,0,0,18-APR-2022,
OPTSTK,NATIONALUM,28-Apr-2022,82.5,CE,0.0,0.0,0.0,27.9,37.3,0,0.0,0,0,18-APR-2022,
OPTSTK,NATIONALUM,28-Apr-2022,85.0,CE,0.0,0.0,0.0,32.0,34.8,0,0.0,34000,0,18-APR-2022,
OPTSTK,NATIONALUM,28-Apr-2022,87.5,CE,0.0,0.0,0.0,24.35,32.3,0,0.0,0,0,18-APR-2022,
OPTSTK,NATIONALUM,28-Apr-2022,90.0,CE,0.0,0.0,0.0,22.65,29.85,0,0.0,0,0,18-APR-2022,
OPTSTK,NATIONALUM,28-Apr-2022,92.5,CE,0.0,0.0,0.0,21.05,27.35,0,0.0,0,0,18-APR-2022,
OPTSTK,NATIONALUM,28-Apr-2022,95.0,CE,0.0,0.0,0.0,28.3,24.85,0,0.0,17000,0,18-APR-2022,
OPTSTK,NATIONALUM,28-Apr-2022,97.5,CE,0.0,0.0,0.0,18.15,22.4,0,0.0,0,0,18-APR-2022,
OPTSTK,NATIONALUM,28-Apr-2022,100.0,CE,0.0,0.0,0.0,26.3,20.0,0,0.0,59500,0,18-APR-2022,
OPTSTK,NATIONALUM,28-Apr-2022,102.5,CE,0.0,0.0,0.0,15.55,17.6,0,0.0,0,0,18-APR-2022,
OPTSTK,NATIONALUM,28-Apr-2022,105.0,CE,0.0,0.0,0.0,14.35,15.3,0,0.0,0,0,18-APR-2022,
OPTSTK,NATIONALUM,28-Apr-2022,107.5,CE,0.0,0.0,0.0,13.2,13.15,0,0.0,0,0,18-APR-2022,
OPTSTK,NATIONALUM,28-Apr-2022,110.0,CE,11.85,11.85,8.85,10.9,11.1,8,81.85,212500,-8500,18-APR-2022,
OPTSTK,NATIONALUM,28-Apr-2022,112.5,CE,9.35,9.35,8.75,8.75,9.2,2,20.66,76500,0,18-APR-2022,
OPTSTK,NATIONALUM,28-Apr-2022,115.0,CE,7.2,7.2,5.3,6.5,6.5,49,506.03,272000,-195500,18-APR-2022,
OPTSTK,NATIONALUM,28-Apr-2022,117.5,CE,5.6,6.7,3.75,4.75,4.75,59,613.1,348500,59500,18-APR-2022,
OPTSTK,NATIONALUM,28-Apr-2022,120.0,CE,3.5,4.8,2.6,3.3,3.3,629,6605.16,3111000,306000,18-APR-2022,
OPTSTK,NATIONALUM,28-Apr-2022,122.5,CE,2.5,3.5,1.9,2.35,2.35,248,2637.8,901000,68000,18-APR-2022,
OPTSTK,NATIONALUM,28-Apr-2022,125.0,CE,1.95,2.55,1.35,1.7,1.7,445,4797.37,3357500,110500,18-APR-2022,
OPTSTK,NATIONALUM,28-Apr-2022,127.5,CE,1.5,1.85,1.0,1.2,1.2,160,1752.07,1207000,-8500,18-APR-2022,
OPTSTK,NATIONALUM,28-Apr-2022,130.0,CE,1.05,1.35,0.75,0.9,0.9,600,6678.78,7845500,17000,18-APR-2022,
OPTSTK,NATIONALUM,28-Apr-2022,132.5,CE,0.7,1.0,0.55,0.65,0.65,105,1188.7,1334500,-42500,18-APR-2022,
OPTSTK,NATIONALUM,28-Apr-2022,135.0,CE,0.65,0.75,0.4,0.5,0.5,360,4147.18,4233000,221000,18-APR-2022,
OPTSTK,NATIONALUM,28-Apr-2022,137.5,CE,0.5,0.5,0.35,0.4,0.4,12,140.64,612000,-42500,18-APR-2022,
OPTSTK,NATIONALUM,28-Apr-2022,140.0,CE,0.4,0.5,0.3,0.35,0.35,191,2278.59,4394500,-187000,18-APR-2022,
OPTSTK,NATIONALUM,28-Apr-2022,142.5,CE,0.3,0.35,0.25,0.25,0.25,36,436.95,195500,-76500,18-APR-2022,
OPTSTK,NATIONALUM,28-Apr-2022,145.0,CE,0.2,0.3,0.2,0.25,0.25,72,888.82,850000,-76500,18-APR-2022,
OPTSTK,NATIONALUM,28-Apr-2022,147.5,CE,0.2,0.2,0.2,0.2,0.1,6,75.32,110500,25500,18-APR-2022,
OPTSTK,NATIONALUM,28-Apr-2022,150.0,CE,0.2,0.25,0.15,0.2,0.2,132,1685.17,3808000,-272000,18-APR-2022,
OPTSTK,NATIONALUM,28-Apr-2022,152.5,CE,0.1,0.1,0.1,0.1,0.1,7,90.79,357000,59500,18-APR-2022,
OPTSTK,NATIONALUM,28-Apr-2022,67.5,PE,0.0,0.0,0.0,0.05,0.0,0,0.0,0,0,18-APR-2022,
OPTSTK,NATIONALUM,28-Apr-2022,70.0,PE,0.0,0.0,0.0,1.1,0.0,0,0.0,0,0,18-APR-2022,
OPTSTK,NATIONALUM,28-Apr-2022,72.5,PE,0.0,0.0,0.0,1.4,0.0,0,0.0,0,0,18-APR-2022,
OPTSTK,NATIONALUM,28-Apr-2022,75.0,PE,0.0,0.0,0.0,1.75,0.0,0,0.0,0,0,18-APR-2022,
OPTSTK,NATIONALUM,28-Apr-2022,77.5,PE,0.0,0.0,0.0,2.2,0.0,0,0.0,0,0,18-APR-2022,
OPTSTK,NATIONALUM,28-Apr-2022,80.0,PE,0.0,0.0,0.0,0.05,0.0,0,0.0,161500,0,18-APR-2022,
OPTSTK,NATIONALUM,28-Apr-2022,82.5,PE,0.0,0.0,0.0,0.2,0.0,0,0.0,0,0,18-APR-2022,
OPTSTK,NATIONALUM,28-Apr-2022,85.0,PE,0.1,0.1,0.1,0.1,0.0,1,7.23,76500,0,18-APR-2022,
OPTSTK,NATIONALUM,28-Apr-2022,87.5,PE,0.0,0.0,0.0,4.65,0.0,0,0.0,0,0,18-APR-2022,
OPTSTK,NATIONALUM,28-Apr-2022,90.0,PE,0.1,0.1,0.05,0.05,0.05,3,22.96,153000,8500,18-APR-2022,
OPTSTK,NATIONALUM,28-Apr-2022,92.5,PE,0.0,0.0,0.0,0.15,0.05,0,0.0,8500,0,18-APR-2022,
OPTSTK,NATIONALUM,28-Apr-2022,95.0,PE,0.1,0.1,0.1,0.1,0.05,6,48.5,144500,0,18-APR-2022,
OPTSTK,NATIONALUM,28-Apr-2022,97.5,PE,0.0,0.0,0.0,0.2,0.1,0,0.0,8500,0,18-APR-2022,
OPTSTK,NATIONALUM,28-Apr-2022,100.0,PE,0.2,0.25,0.15,0.2,0.2,109,928.32,1130500,-102000,18-APR-2022,
OPTSTK,NATIONALUM,28-Apr-2022,102.5,PE,0.2,0.3,0.2,0.25,0.3,19,165.92,59500,0,18-APR-2022,
OPTSTK,NATIONALUM,28-Apr-2022,105.0,PE,0.3,0.45,0.3,0.35,0.35,50,447.82,807500,-51000,18-APR-2022,
OPTSTK,NATIONALUM,28-Apr-2022,107.5,PE,0.55,0.65,0.45,0.45,0.45,24,220.37,153000,0,18-APR-2022,
OPTSTK,NATIONALUM,28-Apr-2022,110.0,PE,0.8,1.0,0.6,0.65,0.65,273,2569.94,2057000,-119000,18-APR-2022,
OPTSTK,NATIONALUM,28-Apr-2022,112.5,PE,0.85,1.5,0.8,0.85,0.85,65,628.04,731000,-102000,18-APR-2022,
OPTSTK,NATIONALUM,28-Apr-2022,115.0,PE,1.85,2.3,1.25,1.4,1.4,250,2479.93,2388500,-255000,18-APR-2022,
OPTSTK,NATIONALUM,28-Apr-2022,117.5,PE,2.1,3.4,1.85,2.15,2.15,151,1540.99,858500,-93500,18-APR-2022,
OPTSTK,NATIONALUM,28-Apr-2022,120.0,PE,4.8,4.85,2.55,3.2,3.2,383,4023.95,2737000,85000,18-APR-2022,
OPTSTK,NATIONALUM,28-Apr-2022,122.5,PE,4.2,6.1,4.2,4.85,6.3,26,281.72,425000,17000,18-APR-2022,
OPTSTK,NATIONALUM,28-Apr-2022,125.0,PE,6.1,8.5,6.1,6.6,6.6,37,415.61,1462000,-68000,18-APR-2022,
OPTSTK,NATIONALUM,28-Apr-2022,127.5,PE,9.55,9.55,9.55,9.55,9.7,1,11.64,450500,8500,18-APR-2022,
OPTSTK,NATIONALUM,28-Apr-2022,130.0,PE,10.35,11.85,10.35,11.35,11.65,7,83.83,1300500,-42500,18-APR-2022,
OPTSTK,NATIONALUM,28-Apr-2022,132.5,PE,13.5,13.5,13.5,13.5,13.7,1,12.41,102000,0,18-APR-2022,
OPTSTK,NATIONALUM,28-Apr-2022,135.0,PE,15.2,15.2,15.2,15.2,15.2,1,12.76,144500,-8500,18-APR-2022,
OPTSTK,NATIONALUM,28-Apr-2022,137.5,PE,0.0,0.0,0.0,34.45,18.15,0,0.0,0,0,18-APR-2022,
OPTSTK,NATIONALUM,28-Apr-2022,140.0,PE,0.0,0.0,0.0,19.55,20.5,0,0.0,68000,0,18-APR-2022,
OPTSTK,NATIONALUM,28-Apr-2022,142.5,PE,0.0,0.0,0.0,38.6,22.9,0,0.0,0,0,18-APR-2022,
OPTSTK,NATIONALUM,28-Apr-2022,145.0,PE,0.0,0.0,0.0,40.75,25.3,0,0.0,0,0,18-APR-2022,
OPTSTK,NATIONALUM,28-Apr-2022,147.5,PE,0.0,0.0,0.0,42.9,27.75,0,0.0,0,0,18-APR-2022,
OPTSTK,NATIONALUM,28-Apr-2022,150.0,PE,0.0,0.0,0.0,42.9,30.2,0,0.0,0,0,18-APR-2022,
OPTSTK,NATIONALUM,28-Apr-2022,152.5,PE,0.0,0.0,0.0,41.25,32.7,0,0.0,0,0,18-APR-2022,
OPTSTK,NATIONALUM,26-May-2022,72.5,CE,0.0,0.0,0.0,41.2,47.55,0,0.0,0,0,18-APR-2022,
OPTSTK,NATIONALUM,26-May-2022,75.0,CE,0.0,0.0,0.0,39.0,45.1,0,0.0,0,0,18-APR-2022,
OPTSTK,NATIONALUM,26-May-2022,77.5,CE,0.0,0.0,0.0,36.85,42.65,0,0.0,0,0,18-APR-2022,
OPTSTK,NATIONALUM,26-May-2022,80.0,CE,0.0,0.0,0.0,34.75,40.2,0,0.0,0,0,18-APR-2022,
OPTSTK,NATIONALUM,26-May-2022,82.5,CE,0.0,0.0,0.0,32.7,37.8,0,0.0,0,0,18-APR-2022,
OPTSTK,NATIONALUM,26-May-2022,85.0,CE,0.0,0.0,0.0,30.75,35.4,0,0.0,0,0,18-APR-2022,
OPTSTK,NATIONALUM,26-May-2022,87.5,CE,0.0,0.0,0.0,28.85,33.05,0,0.0,0,0,18-APR-2022,
OPTSTK,NATIONALUM,26-May-2022,90.0,CE,0.0,0.0,0.0,27.0,30.7,0,0.0,0,0,18-APR-2022,
OPTSTK,NATIONALUM,26-May-2022,92.5,CE,0.0,0.0,0.0,25.25,28.45,0,0.0,0,0,18-APR-2022,
OPTSTK,NATIONALUM,26-May-2022,95.0,CE,0.0,0.0,0.0,23.6,26.3,0,0.0,0,0,18-APR-2022,
OPTSTK,NATIONALUM,26-May-2022,97.5,CE,0.0,0.0,0.0,22.0,24.15,0,0.0,0,0,18-APR-2022,
OPTSTK,NATIONALUM,26-May-2022,100.0,CE,0.0,0.0,0.0,20.45,22.1,0,0.0,0,0,18-APR-2022,
OPTSTK,NATIONALUM,26-May-2022,102.5,CE,0.0,0.0,0.0,19.0,20.15,0,0.0,0,0,18-APR-2022,
OPTSTK,NATIONALUM,26-May-2022,105.0,CE,0.0,0.0,0.0,17.65,18.3,0,0.0,0,0,18-APR-2022,
OPTSTK,NATIONALUM,26-May-2022,107.5,CE,0.0,0.0,0.0,16.35,16.55,0,0.0,0,0,18-APR-2022,
OPTSTK,NATIONALUM,26-May-2022,110.0,CE,0.0,0.0,0.0,15.15,14.9,0,0.0,0,0,18-APR-2022,
OPTSTK,NATIONALUM,26-May-2022,112.5,CE,0.0,0.0,0.0,14.0,13.35,0,0.0,0,0,18-APR-2022,
OPTSTK,NATIONALUM,26-May-2022,115.0,CE,0.0,0.0,0.0,12.9,11.95,0,0.0,0,0,18-APR-2022,
OPTSTK,NATIONALUM,26-May-2022,117.5,CE,0.0,0.0,0.0,11.9,10.6,0,0.0,0,0,18-APR-2022,
OPTSTK,NATIONALUM,26-May-2022,120.0,CE,7.15,7.4,6.5,7.05,7.05,8,86.42,161500,59500,18-APR-2022,
OPTSTK,NATIONALUM,26-May-2022,122.5,CE,0.0,0.0,0.0,10.1,8.3,0,0.0,0,0,18-APR-2022,
OPTSTK,NATIONALUM,26-May-2022,125.0,CE,4.5,5.0,4.5,4.95,7.3,5,55.17,110500,42500,18-APR-2022,
OPTSTK,NATIONALUM,26-May-2022,127.5,CE,0.0,0.0,0.0,8.55,6.4,0,0.0,0,0,18-APR-2022,
OPTSTK,NATIONALUM,26-May-2022,130.0,CE,3.15,3.5,3.15,3.15,3.15,9,102.02,255000,59500,18-APR-2022,
OPTSTK,NATIONALUM,26-May-2022,132.5,CE,0.0,0.0,0.0,7.2,4.85,0,0.0,0,0,18-APR-2022,
OPTSTK,NATIONALUM,26-May-2022,135.0,CE,0.0,0.0,0.0,3.05,4.2,0,0.0,68000,0,18-APR-2022,
OPTSTK,NATIONALUM,26-May-2022,137.5,CE,0.0,0.0,0.0,6.05,3.65,0,0.0,0,0,18-APR-2022,
OPTSTK,NATIONALUM,26-May-2022,140.0,CE,0.0,0.0,0.0,1.8,3.15,0,0.0,25500,0,18-APR-2022,
OPTSTK,NATIONALUM,26-May-2022,142.5,CE,0.0,0.0,0.0,5.05,2.7,0,0.0,0,0,18-APR-2022,
OPTSTK,NATIONALUM,26-May-2022,145.0,CE,0.0,0.0,0.0,4.6,2.3,0,0.0,0,0,18-APR-2022,
OPTSTK,NATIONALUM,26-May-2022,147.5,CE,0.0,0.0,0.0,4.2,1.95,0,0.0,0,0,18-APR-2022,
OPTSTK,NATIONALUM,26-May-2022,150.0,CE,0.0,0.0,0.0,1.0,1.7,0,0.0,93500,0,18-APR-2022,
OPTSTK,NATIONALUM,26-May-2022,152.5,CE,0.0,0.0,0.0,3.5,1.45,0,0.0,0,0,18-APR-2022,
OPTSTK,NATIONALUM,26-May-2022,72.5,PE,0.0,0.0,0.0,0.9,0.05,0,0.0,0,0,18-APR-2022,
OPTSTK,NATIONALUM,26-May-2022,75.0,PE,0.0,0.0,0.0,1.15,0.05,0,0.0,0,0,18-APR-2022,
OPTSTK,NATIONALUM,26-May-2022,77.5,PE,0.0,0.0,0.0,1.5,0.1,0,0.0,0,0,18-APR-2022,
OPTSTK,NATIONALUM,26-May-2022,80.0,PE,2.45,2.45,0.2,0.3,0.15,12,82.18,153000,17000,18-APR-2022,
OPTSTK,NATIONALUM,26-May-2022,82.5,PE,0.0,0.0,0.0,0.8,0.2,0,0.0,0,0,18-APR-2022,
OPTSTK,NATIONALUM,26-May-2022,85.0,PE,0.2,0.9,0.2,0.9,0.3,2,14.54,34000,0,18-APR-2022,
OPTSTK,NATIONALUM,26-May-2022,87.5,PE,0.0,0.0,0.0,3.4,0.45,0,0.0,0,0,18-APR-2022,
OPTSTK,NATIONALUM,26-May-2022,90.0,PE,0.0,0.0,0.0,4.0,0.65,0,0.0,0,0,18-APR-2022,
OPTSTK,NATIONALUM,26-May-2022,92.5,PE,0.0,0.0,0.0,4.75,0.85,0,0.0,0,0,18-APR-2022,
OPTSTK,NATIONALUM,26-May-2022,95.0,PE,0.0,0.0,0.0,5.55,1.15,0,0.0,0,0,18-APR-2022,
OPTSTK,NATIONALUM,26-May-2022,97.5,PE,0.0,0.0,0.0,6.4,1.5,0,0.0,0,0,18-APR-2022,
OPTSTK,NATIONALUM,26-May-2022,100.0,PE,1.0,1.05,1.0,1.05,1.95,3,25.75,59500,17000,18-APR-2022,
OPTSTK,NATIONALUM,26-May-2022,102.5,PE,0.0,0.0,0.0,1.5,2.5,0,0.0,8500,0,18-APR-2022,
OPTSTK,NATIONALUM,26-May-2022,105.0,PE,1.25,1.25,1.25,1.25,3.15,2,18.06,17000,17000,18-APR-2022,
OPTSTK,NATIONALUM,26-May-2022,107.5,PE,0.0,0.0,0.0,10.7,3.9,0,0.0,0,0,18-APR-2022,
OPTSTK,NATIONALUM,26-May-2022,110.0,PE,3.0,3.25,3.0,3.25,4.7,6,57.7,59500,34000,18-APR-2022,
OPTSTK,NATIONALUM,26-May-2022,112.5,PE,0.0,0.0,0.0,13.25,5.65,0,0.0,0,0,18-APR-2022,
OPTSTK,NATIONALUM,26-May-2022,115.0,PE,3.9,5.2,3.9,4.55,6.75,16,162.6,136000,85000,18-APR-2022,
OPTSTK,NATIONALUM,26-May-2022,117.5,PE,0.0,0.0,0.0,16.15,7.9,0,0.0,0,0,18-APR-2022,
OPTSTK,NATIONALUM,26-May-2022,120.0,PE,6.45,7.95,6.45,6.6,6.6,7,75.46,127500,17000,18-APR-2022,
OPTSTK,NATIONALUM,26-May-2022,122.5,PE,0.0,0.0,0.0,19.25,10.55,0,0.0,0,0,18-APR-2022,
OPTSTK,NATIONALUM,26-May-2022,125.0,PE,0.0,0.0,0.0,11.05,12.05,0,0.0,161500,0,18-APR-2022,
OPTSTK,NATIONALUM,26-May-2022,127.5,PE,0.0,0.0,0.0,22.65,13.6,0,0.0,0,0,18-APR-2022,
OPTSTK,NATIONALUM,26-May-2022,130.0,PE,0.0,0.0,0.0,7.85,15.3,0,0.0,8500,0,18-APR-2022,
OPTSTK,NATIONALUM,26-May-2022,132.5,PE,0.0,0.0,0.0,26.25,17.05,0,0.0,0,0,18-APR-2022,
OPTSTK,NATIONALUM,26-May-2022,135.0,PE,0.0,0.0,0.0,28.15,18.9,0,0.0,0,0,18-APR-2022,
OPTSTK,NATIONALUM,26-May-2022,137.5,PE,0.0,0.0,0.0,30.05,20.85,0,0.0,0,0,18-APR-2022,
OPTSTK,NATIONALUM,26-May-2022,140.0,PE,0.0,0.0,0.0,32.0,22.8,0,0.0,0,0,18-APR-2022,
OPTSTK,NATIONALUM,26-May-2022,142.5,PE,0.0,0.0,0.0,34.0,24.85,0,0.0,0,0,18-APR-2022,
OPTSTK,NATIONALUM,26-May-2022,145.0,PE,0.0,0.0,0.0,36.05,26.95,0,0.0,0,0,18-APR-2022,
OPTSTK,NATIONALUM,26-May-2022,147.5,PE,0.0,0.0,0.0,38.1,29.1,0,0.0,0,0,18-APR-2022,
OPTSTK,NATIONALUM,26-May-2022,150.0,PE,0.0,0.0,0.0,40.25,31.3,0,0.0,0,0,18-APR-2022,
OPTSTK,NATIONALUM,26-May-2022,152.5,PE,0.0,0.0,0.0,42.35,33.55,0,0.0,0,0,18-APR-2022,
OPTSTK,NATIONALUM,30-Jun-2022,77.5,CE,0.0,0.0,0.0,45.95,43.4,0,0.0,0,0,18-APR-2022,
OPTSTK,NATIONALUM,30-Jun-2022,80.0,CE,0.0,0.0,0.0,43.7,41.1,0,0.0,0,0,18-APR-2022,
OPTSTK,NATIONALUM,30-Jun-2022,82.5,CE,0.0,0.0,0.0,41.5,38.85,0,0.0,0,0,18-APR-2022,
OPTSTK,NATIONALUM,30-Jun-2022,85.0,CE,0.0,0.0,0.0,39.35,36.65,0,0.0,0,0,18-APR-2022,
OPTSTK,NATIONALUM,30-Jun-2022,87.5,CE,0.0,0.0,0.0,37.25,34.5,0,0.0,0,0,18-APR-2022,
OPTSTK,NATIONALUM,30-Jun-2022,90.0,CE,0.0,0.0,0.0,35.25,32.45,0,0.0,0,0,18-APR-2022,
OPTSTK,NATIONALUM,30-Jun-2022,92.5,CE,0.0,0.0,0.0,33.25,30.4,0,0.0,0,0,18-APR-2022,
OPTSTK,NATIONALUM,30-Jun-2022,95.0,CE,0.0,0.0,0.0,31.35,28.45,0,0.0,0,0,18-APR-2022,
OPTSTK,NATIONALUM,30-Jun-2022,97.5,CE,0.0,0.0,0.0,29.5,26.55,0,0.0,0,0,18-APR-2022,
OPTSTK,NATIONALUM,30-Jun-2022,100.0,CE,0.0,0.0,0.0,27.75,24.75,0,0.0,0,0,18-APR-2022,
OPTSTK,NATIONALUM,30-Jun-2022,102.5,CE,0.0,0.0,0.0,26.05,23.05,0,0.0,0,0,18-APR-2022,
OPTSTK,NATIONALUM,30-Jun-2022,105.0,CE,0.0,0.0,0.0,24.4,21.35,0,0.0,0,0,18-APR-2022,
OPTSTK,NATIONALUM,30-Jun-2022,107.5,CE,0.0,0.0,0.0,22.85,19.8,0,0.0,0,0,18-APR-2022,
OPTSTK,NATIONALUM,30-Jun-2022,110.0,CE,0.0,0.0,0.0,21.35,18.3,0,0.0,0,0,18-APR-2022,
OPTSTK,NATIONALUM,30-Jun-2022,112.5,CE,0.0,0.0,0.0,19.95,16.9,0,0.0,0,0,18-APR-2022,
OPTSTK,NATIONALUM,30-Jun-2022,115.0,CE,0.0,0.0,0.0,18.6,15.6,0,0.0,0,0,18-APR-2022,
OPTSTK,NATIONALUM,30-Jun-2022,117.5,CE,0.0,0.0,0.0,17.3,14.35,0,0.0,0,0,18-APR-2022,
OPTSTK,NATIONALUM,30-Jun-2022,120.0,CE,0.0,0.0,0.0,16.1,13.2,0,0.0,0,0,18-APR-2022,
OPTSTK,NATIONALUM,30-Jun-2022,122.5,CE,0.0,0.0,0.0,14.95,12.1,0,0.0,0,0,18-APR-2022,
OPTSTK,NATIONALUM,30-Jun-2022,125.0,CE,0.0,0.0,0.0,13.9,11.05,0,0.0,0,0,18-APR-2022,
OPTSTK,NATIONALUM,30-Jun-2022,127.5,CE,0.0,0.0,0.0,12.9,10.1,0,0.0,0,0,18-APR-2022,
OPTSTK,NATIONALUM,30-Jun-2022,130.0,CE,0.0,0.0,0.0,11.95,9.25,0,0.0,0,0,18-APR-2022,
OPTSTK,NATIONALUM,30-Jun-2022,132.5,CE,0.0,0.0,0.0,11.05,8.45,0,0.0,0,0,18-APR-2022,
OPTSTK,NATIONALUM,30-Jun-2022,135.0,CE,0.0,0.0,0.0,10.25,7.7,0,0.0,0,0,18-APR-2022,
OPTSTK,NATIONALUM,30-Jun-2022,137.5,CE,0.0,0.0,0.0,9.45,7.0,0,0.0,0,0,18-APR-2022,
OPTSTK,NATIONALUM,30-Jun-2022,140.0,CE,0.0,0.0,0.0,8.75,6.35,0,0.0,0,0,18-APR-2022,
OPTSTK,NATIONALUM,30-Jun-2022,142.5,CE,0.0,0.0,0.0,8.05,5.75,0,0.0,0,0,18-APR-2022,
OPTSTK,NATIONALUM,30-Jun-2022,145.0,CE,0.0,0.0,0.0,7.45,5.25,0,0.0,0,0,18-APR-2022,
OPTSTK,NATIONALUM,30-Jun-2022,147.5,CE,0.0,0.0,0.0,6.85,4.75,0,0.0,0,0,18-APR-2022,
OPTSTK,NATIONALUM,30-Jun-2022,150.0,CE,0.0,0.0,0.0,6.3,4.3,0,0.0,0,0,18-APR-2022,
OPTSTK,NATIONALUM,30-Jun-2022,152.5,CE,0.0,0.0,0.0,5.8,3.9,0,0.0,0,0,18-APR-2022,
OPTSTK,NATIONALUM,30-Jun-2022,77.5,PE,0.0,0.0,0.0,0.85,0.55,0,0.0,0,0,18-APR-2022,
OPTSTK,NATIONALUM,30-Jun-2022,80.0,PE,0.0,0.0,0.0,1.05,0.75,0,0.0,0,0,18-APR-2022,
OPTSTK,NATIONALUM,30-Jun-2022,82.5,PE,0.0,0.0,0.0,1.35,0.95,0,0.0,0,0,18-APR-2022,
OPTSTK,NATIONALUM,30-Jun-2022,85.0,PE,0.0,0.0,0.0,1.65,1.25,0,0.0,0,0,18-APR-2022,
OPTSTK,NATIONALUM,30-Jun-2022,87.5,PE,0.0,0.0,0.0,2.05,1.6,0,0.0,0,0,18-APR-2022,
OPTSTK,NATIONALUM,30-Jun-2022,90.0,PE,0.0,0.0,0.0,2.5,1.95,0,0.0,0,0,18-APR-2022,
OPTSTK,NATIONALUM,30-Jun-2022,92.5,PE,0.0,0.0,0.0,3.0,2.4,0,0.0,0,0,18-APR-2022,
OPTSTK,NATIONALUM,30-Jun-2022,95.0,PE,0.0,0.0,0.0,3.55,2.95,0,0.0,0,0,18-APR-2022,
OPTSTK,NATIONALUM,30-Jun-2022,97.5,PE,0.0,0.0,0.0,4.2,3.55,0,0.0,0,0,18-APR-2022,
OPTSTK,NATIONALUM,30-Jun-2022,100.0,PE,0.0,0.0,0.0,4.9,4.2,0,0.0,0,0,18-APR-2022,
OPTSTK,NATIONALUM,30-Jun-2022,102.5,PE,0.0,0.0,0.0,5.65,4.95,0,0.0,0,0,18-APR-2022,
OPTSTK,NATIONALUM,30-Jun-2022,105.0,PE,0.0,0.0,0.0,6.5,5.8,0,0.0,0,0,18-APR-2022,
OPTSTK,NATIONALUM,30-Jun-2022,107.5,PE,0.0,0.0,0.0,7.4,6.7,0,0.0,0,0,18-APR-2022,
OPTSTK,NATIONALUM,30-Jun-2022,110.0,PE,0.0,0.0,0.0,8.4,7.7,0,0.0,0,0,18-APR-2022,
OPTSTK,NATIONALUM,30-Jun-2022,112.5,PE,0.0,0.0,0.0,9.45,8.75,0,0.0,0,0,18-APR-2022,
OPTSTK,NATIONALUM,30-Jun-2022,115.0,PE,0.0,0.0,0.0,3.6,9.9,0,0.0,8500,0,18-APR-2022,
OPTSTK,NATIONALUM,30-Jun-2022,117.5,PE,0.0,0.0,0.0,11.8,11.15,0,0.0,0,0,18-APR-2022,
OPTSTK,NATIONALUM,30-Jun-2022,120.0,PE,0.0,0.0,0.0,13.05,12.45,0,0.0,0,0,18-APR-2022,
OPTSTK,NATIONALUM,30-Jun-2022,122.5,PE,0.0,0.0,0.0,14.4,13.85,0,0.0,0,0,18-APR-2022,
OPTSTK,NATIONALUM,30-Jun-2022,125.0,PE,0.0,0.0,0.0,15.8,15.3,0,0.0,0,0,18-APR-2022,
OPTSTK,NATIONALUM,30-Jun-2022,127.5,PE,0.0,0.0,0.0,17.25,16.85,0,0.0,0,0,18-APR-2022,
OPTSTK,NATIONALUM,30-Jun-2022,130.0,PE,0.0,0.0,0.0,18.8,18.45,0,0.0,0,0,18-APR-2022,
OPTSTK,NATIONALUM,30-Jun-2022,132.5,PE,0.0,0.0,0.0,20.35,20.1,0,0.0,0,0,18-APR-2022,
OPTSTK,NATIONALUM,30-Jun-2022,135.0,PE,0.0,0.0,0.0,22.0,21.85,0,0.0,0,0,18-APR-2022,
OPTSTK,NATIONALUM,30-Jun-2022,137.5,PE,0.0,0.0,0.0,23.7,23.6,0,0.0,0,0,18-APR-2022,
OPTSTK,NATIONALUM,30-Jun-2022,140.0,PE,0.0,0.0,0.0,25.45,25.45,0,0.0,0,0,18-APR-2022,
OPTSTK,NATIONALUM,30-Jun-2022,142.5,PE,0.0,0.0,0.0,27.25,27.35,0,0.0,0,0,18-APR-2022,
OPTSTK,NATIONALUM,30-Jun-2022,145.0,PE,0.0,0.0,0.0,29.1,29.3,0,0.0,0,0,18-APR-2022,
OPTSTK,NATIONALUM,30-Jun-2022,147.5,PE,0.0,0.0,0.0,31.0,31.3,0,0.0,0,0,18-APR-2022,
OPTSTK,NATIONALUM,30-Jun-2022,150.0,PE,0.0,0.0,0.0,32.95,33.3,0,0.0,0,0,18-APR-2022,
OPTSTK,NATIONALUM,30-Jun-2022,152.5,PE,0.0,0.0,0.0,34.9,35.4,0,0.0,0,0,18-APR-2022,
OPTSTK,NAUKRI,28-Apr-2022,3200.0,CE,0.0,0.0,0.0,1264.8,1470.15,0,0.0,0,0,18-APR-2022,
OPTSTK,NAUKRI,28-Apr-2022,3300.0,CE,0.0,0.0,0.0,1178.05,1370.3,0,0.0,0,0,18-APR-2022,
OPTSTK,NAUKRI,28-Apr-2022,3400.0,CE,0.0,0.0,0.0,1093.95,1270.4,0,0.0,0,0,18-APR-2022,
OPTSTK,NAUKRI,28-Apr-2022,3500.0,CE,0.0,0.0,0.0,1012.8,1170.5,0,0.0,0,0,18-APR-2022,
OPTSTK,NAUKRI,28-Apr-2022,3600.0,CE,0.0,0.0,0.0,934.85,1070.7,0,0.0,0,0,18-APR-2022,
OPTSTK,NAUKRI,28-Apr-2022,3700.0,CE,0.0,0.0,0.0,860.45,970.95,0,0.0,0,0,18-APR-2022,
OPTSTK,NAUKRI,28-Apr-2022,3800.0,CE,0.0,0.0,0.0,789.45,871.45,0,0.0,0,0,18-APR-2022,
OPTSTK,NAUKRI,28-Apr-2022,3900.0,CE,0.0,0.0,0.0,722.0,772.55,0,0.0,0,0,18-APR-2022,
OPTSTK,NAUKRI,28-Apr-2022,4000.0,CE,0.0,0.0,0.0,658.65,674.85,0,0.0,0,0,18-APR-2022,
OPTSTK,NAUKRI,28-Apr-2022,4100.0,CE,0.0,0.0,0.0,795.8,579.3,0,0.0,500,0,18-APR-2022,
OPTSTK,NAUKRI,28-Apr-2022,4200.0,CE,0.0,0.0,0.0,534.95,487.3,0,0.0,375,0,18-APR-2022,
OPTSTK,NAUKRI,28-Apr-2022,4300.0,CE,0.0,0.0,0.0,496.45,400.5,0,0.0,750,0,18-APR-2022,
OPTSTK,NAUKRI,28-Apr-2022,4400.0,CE,0.0,0.0,0.0,517.3,320.75,0,0.0,1750,0,18-APR-2022,
OPTSTK,NAUKRI,28-Apr-2022,4500.0,CE,228.3,235.65,201.0,223.45,249.6,11,64.9,6625,-750,18-APR-2022,
OPTSTK,NAUKRI,28-Apr-2022,4600.0,CE,81.95,170.75,81.95,165.25,165.25,33,195.91,12875,-250,18-APR-2022,
OPTSTK,NAUKRI,28-Apr-2022,4700.0,CE,144.35,144.35,88.0,111.0,111.0,210,1262.26,18250,2250,18-APR-2022,
OPTSTK,NAUKRI,28-Apr-2022,4800.0,CE,87.8,105.7,54.0,68.75,68.75,518,3153.62,54625,4875,18-APR-2022,
OPTSTK,NAUKRI,28-Apr-2022,4900.0,CE,70.3,70.3,36.0,46.35,46.35,334,2066.15,47375,-4125,18-APR-2022,
OPTSTK,NAUKRI,28-Apr-2022,5000.0,CE,50.05,50.05,24.0,31.6,31.6,404,2541.44,77750,500,18-APR-2022,
OPTSTK,NAUKRI,28-Apr-2022,5100.0,CE,38.3,38.3,17.0,21.7,21.7,136,870.67,35125,-750,18-APR-2022,
OPTSTK,NAUKRI,28-Apr-2022,5200.0,CE,15.05,19.95,12.65,15.9,15.9,165,1075.83,40750,-1000,18-APR-2022,
OPTSTK,NAUKRI,28-Apr-2022,5300.0,CE,12.0,16.8,10.05,11.5,11.5,28,185.94,11750,-1875,18-APR-2022,
OPTSTK,NAUKRI,28-Apr-2022,5400.0,CE,10.0,12.05,8.5,8.75,8.75,72,486.89,10000,-1000,18-APR-2022,
OPTSTK,NAUKRI,28-Apr-2022,5500.0,CE,7.95,9.7,6.6,7.4,7.4,251,1728.11,61375,500,18-APR-2022,
OPTSTK,NAUKRI,28-Apr-2022,5600.0,CE,7.2,7.2,7.0,7.0,1.85,4,28.03,3125,0,18-APR-2022,
OPTSTK,NAUKRI,28-Apr-2022,5700.0,CE,5.0,5.6,5.0,5.35,1.0,18,128.37,11000,-875,18-APR-2022,
OPTSTK,NAUKRI,28-Apr-2022,5800.0,CE,0.0,0.0,0.0,12.95,0.5,0,0.0,250,0,18-APR-2022,
OPTSTK,NAUKRI,28-Apr-2022,5900.0,CE,0.0,0.0,0.0,5.05,0.25,0,0.0,5625,0,18-APR-2022,
OPTSTK,NAUKRI,28-Apr-2022,6000.0,CE,3.55,7.2,3.05,3.75,3.75,76,570.38,37125,-3250,18-APR-2022,
OPTSTK,NAUKRI,28-Apr-2022,6100.0,CE,0.0,0.0,0.0,56.3,0.1,0,0.0,0,0,18-APR-2022,
OPTSTK,NAUKRI,28-Apr-2022,6200.0,CE,0.0,0.0,0.0,49.15,0.05,0,0.0,0,0,18-APR-2022,
OPTSTK,NAUKRI,28-Apr-2022,6300.0,CE,0.0,0.0,0.0,42.85,0.05,0,0.0,0,0,18-APR-2022,
OPTSTK,NAUKRI,28-Apr-2022,6400.0,CE,0.0,0.0,0.0,37.3,0.05,0,0.0,0,0,18-APR-2022,
OPTSTK,NAUKRI,28-Apr-2022,6500.0,CE,0.0,0.0,0.0,3.0,0.0,0,0.0,125,0,18-APR-2022,
OPTSTK,NAUKRI,28-Apr-2022,6600.0,CE,0.0,0.0,0.0,28.25,0.0,0,0.0,0,0,18-APR-2022,
OPTSTK,NAUKRI,28-Apr-2022,3200.0,PE,0.0,0.0,0.0,37.3,0.0,0,0.0,0,0,18-APR-2022,
OPTSTK,NAUKRI,28-Apr-2022,3300.0,PE,0.0,0.0,0.0,49.5,0.0,0,0.0,0,0,18-APR-2022,
OPTSTK,NAUKRI,28-Apr-2022,3400.0,PE,0.0,0.0,0.0,64.35,0.0,0,0.0,0,0,18-APR-2022,
OPTSTK,NAUKRI,28-Apr-2022,3500.0,PE,0.0,0.0,0.0,10.0,0.05,0,0.0,125,0,18-APR-2022,
OPTSTK,NAUKRI,28-Apr-2022,3600.0,PE,0.0,0.0,0.0,103.2,0.1,0,0.0,0,0,18-APR-2022,
OPTSTK,NAUKRI,28-Apr-2022,3700.0,PE,0.0,0.0,0.0,127.75,0.2,0,0.0,0,0,18-APR-2022,
OPTSTK,NAUKRI,28-Apr-2022,3800.0,PE,4.2,7.2,4.2,7.2,0.6,26,123.69,15625,-125,18-APR-2022,
OPTSTK,NAUKRI,28-Apr-2022,3900.0,PE,0.0,0.0,0.0,187.25,1.6,0,0.0,0,0,18-APR-2022,
OPTSTK,NAUKRI,28-Apr-2022,4000.0,PE,10.55,12.3,8.0,9.5,9.5,77,386.03,33250,-875,18-APR-2022,
OPTSTK,NAUKRI,28-Apr-2022,4100.0,PE,0.0,0.0,0.0,11.0,8.15,0,0.0,3000,0,18-APR-2022,
OPTSTK,NAUKRI,28-Apr-2022,4200.0,PE,14.5,23.9,14.5,17.1,17.1,85,448.39,13625,-5375,18-APR-2022,
OPTSTK,NAUKRI,28-Apr-2022,4300.0,PE,20.0,33.5,20.0,29.0,29.1,36,194.8,16000,1000,18-APR-2022,
OPTSTK,NAUKRI,28-Apr-2022,4400.0,PE,34.95,53.0,34.95,37.7,37.7,38,211.16,21375,1000,18-APR-2022,
OPTSTK,NAUKRI,28-Apr-2022,4500.0,PE,81.85,81.85,53.35,57.55,57.55,116,662.16,23250,-3750,18-APR-2022,
OPTSTK,NAUKRI,28-Apr-2022,4600.0,PE,75.8,124.0,75.8,88.4,88.4,273,1606.4,15625,1500,18-APR-2022,
OPTSTK,NAUKRI,28-Apr-2022,4700.0,PE,129.0,175.0,122.85,139.45,139.45,237,1437.14,22000,-3625,18-APR-2022,
OPTSTK,NAUKRI,28-Apr-2022,4800.0,PE,188.0,246.5,172.2,198.7,198.7,50,313.06,11375,-1750,18-APR-2022,
OPTSTK,NAUKRI,28-Apr-2022,4900.0,PE,320.85,320.85,274.7,276.6,294.65,7,45.35,4500,125,18-APR-2022,
OPTSTK,NAUKRI,28-Apr-2022,5000.0,PE,336.5,399.0,317.05,359.85,372.05,10,66.96,9000,250,18-APR-2022,
OPTSTK,NAUKRI,28-Apr-2022,5100.0,PE,0.0,0.0,0.0,410.0,456.0,0,0.0,875,0,18-APR-2022,
OPTSTK,NAUKRI,28-Apr-2022,5200.0,PE,0.0,0.0,0.0,525.2,545.1,0,0.0,1125,0,18-APR-2022,
OPTSTK,NAUKRI,28-Apr-2022,5300.0,PE,0.0,0.0,0.0,652.85,637.95,0,0.0,625,0,18-APR-2022,
OPTSTK,NAUKRI,28-Apr-2022,5400.0,PE,0.0,0.0,0.0,1089.8,733.45,0,0.0,0,0,18-APR-2022,
OPTSTK,NAUKRI,28-Apr-2022,5500.0,PE,0.0,0.0,0.0,914.65,830.7,0,0.0,5750,0,18-APR-2022,
OPTSTK,NAUKRI,28-Apr-2022,5600.0,PE,0.0,0.0,0.0,1256.35,929.0,0,0.0,0,0,18-APR-2022,
OPTSTK,NAUKRI,28-Apr-2022,5700.0,PE,0.0,0.0,0.0,1342.15,1028.05,0,0.0,0,0,18-APR-2022,
OPTSTK,NAUKRI,28-Apr-2022,5800.0,PE,0.0,0.0,0.0,1429.4,1127.45,0,0.0,0,0,18-APR-2022,
OPTSTK,NAUKRI,28-Apr-2022,5900.0,PE,0.0,0.0,0.0,1517.95,1227.1,0,0.0,0,0,18-APR-2022,
OPTSTK,NAUKRI,28-Apr-2022,6000.0,PE,0.0,0.0,0.0,1370.0,1326.85,0,0.0,1000,0,18-APR-2022,
OPTSTK,NAUKRI,28-Apr-2022,6100.0,PE,0.0,0.0,0.0,1698.6,1426.65,0,0.0,0,0,18-APR-2022,
OPTSTK,NAUKRI,28-Apr-2022,6200.0,PE,0.0,0.0,0.0,1790.4,1526.5,0,0.0,0,0,18-APR-2022,
OPTSTK,NAUKRI,28-Apr-2022,6300.0,PE,0.0,0.0,0.0,1883.05,1626.4,0,0.0,0,0,18-APR-2022,
OPTSTK,NAUKRI,28-Apr-2022,6400.0,PE,0.0,0.0,0.0,1976.5,1726.25,0,0.0,0,0,18-APR-2022,
OPTSTK,NAUKRI,28-Apr-2022,6500.0,PE,0.0,0.0,0.0,2070.6,1826.15,0,0.0,0,0,18-APR-2022,
OPTSTK,NAUKRI,28-Apr-2022,6600.0,PE,0.0,0.0,0.0,2165.35,1926.05,0,0.0,0,0,18-APR-2022,
OPTSTK,NAUKRI,26-May-2022,3200.0,CE,0.0,0.0,0.0,1165.5,1482.3,0,0.0,0,0,18-APR-2022,
OPTSTK,NAUKRI,26-May-2022,3300.0,CE,0.0,0.0,0.0,1082.0,1384.0,0,0.0,0,0,18-APR-2022,
OPTSTK,NAUKRI,26-May-2022,3400.0,CE,0.0,0.0,0.0,1001.45,1286.55,0,0.0,0,0,18-APR-2022,
OPTSTK,NAUKRI,26-May-2022,3500.0,CE,0.0,0.0,0.0,924.15,1190.15,0,0.0,0,0,18-APR-2022,
OPTSTK,NAUKRI,26-May-2022,3600.0,CE,0.0,0.0,0.0,850.45,1095.3,0,0.0,0,0,18-APR-2022,
OPTSTK,NAUKRI,26-May-2022,3700.0,CE,0.0,0.0,0.0,780.25,1002.4,0,0.0,0,0,18-APR-2022,
OPTSTK,NAUKRI,26-May-2022,3800.0,CE,0.0,0.0,0.0,713.55,912.0,0,0.0,0,0,18-APR-2022,
OPTSTK,NAUKRI,26-May-2022,3900.0,CE,0.0,0.0,0.0,651.0,824.65,0,0.0,0,0,18-APR-2022,
OPTSTK,NAUKRI,26-May-2022,4000.0,CE,0.0,0.0,0.0,592.25,740.85,0,0.0,0,0,18-APR-2022,
OPTSTK,NAUKRI,26-May-2022,4100.0,CE,0.0,0.0,0.0,537.4,661.15,0,0.0,0,0,18-APR-2022,
OPTSTK,NAUKRI,26-May-2022,4200.0,CE,0.0,0.0,0.0,486.35,586.1,0,0.0,0,0,18-APR-2022,
OPTSTK,NAUKRI,26-May-2022,4300.0,CE,0.0,0.0,0.0,439.05,515.65,0,0.0,0,0,18-APR-2022,
OPTSTK,NAUKRI,26-May-2022,4400.0,CE,0.0,0.0,0.0,395.35,450.65,0,0.0,0,0,18-APR-2022,
OPTSTK,NAUKRI,26-May-2022,4500.0,CE,0.0,0.0,0.0,355.2,391.1,0,0.0,0,0,18-APR-2022,
OPTSTK,NAUKRI,26-May-2022,4600.0,CE,0.0,0.0,0.0,360.0,337.0,0,0.0,125,0,18-APR-2022,
OPTSTK,NAUKRI,26-May-2022,4700.0,CE,0.0,0.0,0.0,284.8,288.35,0,0.0,0,0,18-APR-2022,
OPTSTK,NAUKRI,26-May-2022,4800.0,CE,0.0,0.0,0.0,310.0,245.0,0,0.0,250,0,18-APR-2022,
OPTSTK,NAUKRI,26-May-2022,4900.0,CE,0.0,0.0,0.0,226.45,206.75,0,0.0,0,0,18-APR-2022,
OPTSTK,NAUKRI,26-May-2022,5000.0,CE,126.2,150.0,114.0,130.25,130.25,32,205.33,5875,375,18-APR-2022,
OPTSTK,NAUKRI,26-May-2022,5100.0,CE,95.0,103.0,95.0,100.0,100.0,6,38.97,750,750,18-APR-2022,
OPTSTK,NAUKRI,26-May-2022,5200.0,CE,0.0,0.0,0.0,110.0,119.65,0,0.0,375,0,18-APR-2022,
OPTSTK,NAUKRI,26-May-2022,5300.0,CE,0.0,0.0,0.0,140.2,98.3,0,0.0,0,0,18-APR-2022,
OPTSTK,NAUKRI,26-May-2022,5400.0,CE,0.0,0.0,0.0,123.85,80.4,0,0.0,0,0,18-APR-2022,
OPTSTK,NAUKRI,26-May-2022,5500.0,CE,40.7,40.7,31.0,38.95,38.95,6,41.52,1750,375,18-APR-2022,
OPTSTK,NAUKRI,26-May-2022,5600.0,CE,0.0,0.0,0.0,96.2,52.8,0,0.0,0,0,18-APR-2022,
OPTSTK,NAUKRI,26-May-2022,5700.0,CE,0.0,0.0,0.0,84.6,42.45,0,0.0,0,0,18-APR-2022,
OPTSTK,NAUKRI,26-May-2022,5800.0,CE,0.0,0.0,0.0,74.3,33.9,0,0.0,0,0,18-APR-2022,
OPTSTK,NAUKRI,26-May-2022,5900.0,CE,0.0,0.0,0.0,65.15,26.95,0,0.0,0,0,18-APR-2022,
OPTSTK,NAUKRI,26-May-2022,6000.0,CE,0.0,0.0,0.0,40.0,21.35,0,0.0,125,0,18-APR-2022,
OPTSTK,NAUKRI,26-May-2022,6100.0,CE,0.0,0.0,0.0,49.95,16.8,0,0.0,0,0,18-APR-2022,
OPTSTK,NAUKRI,26-May-2022,6200.0,CE,0.0,0.0,0.0,43.65,13.2,0,0.0,0,0,18-APR-2022,
OPTSTK,NAUKRI,26-May-2022,6300.0,CE,0.0,0.0,0.0,38.15,10.3,0,0.0,0,0,18-APR-2022,
OPTSTK,NAUKRI,26-May-2022,6400.0,CE,0.0,0.0,0.0,33.3,8.0,0,0.0,0,0,18-APR-2022,
OPTSTK,NAUKRI,26-May-2022,6500.0,CE,0.0,0.0,0.0,0.5,6.2,0,0.0,125,0,18-APR-2022,
OPTSTK,NAUKRI,26-May-2022,3200.0,PE,0.0,0.0,0.0,51.7,1.6,0,0.0,0,0,18-APR-2022,
OPTSTK,NAUKRI,26-May-2022,3300.0,PE,0.0,0.0,0.0,67.1,2.9,0,0.0,0,0,18-APR-2022,
OPTSTK,NAUKRI,26-May-2022,3400.0,PE,0.0,0.0,0.0,85.5,4.95,0,0.0,0,0,18-APR-2022,
OPTSTK,NAUKRI,26-May-2022,3500.0,PE,0.0,0.0,0.0,107.2,8.15,0,0.0,0,0,18-APR-2022,
OPTSTK,NAUKRI,26-May-2022,3600.0,PE,0.0,0.0,0.0,132.45,12.85,0,0.0,0,0,18-APR-2022,
OPTSTK,NAUKRI,26-May-2022,3700.0,PE,0.0,0.0,0.0,161.15,19.5,0,0.0,0,0,18-APR-2022,
OPTSTK,NAUKRI,26-May-2022,3800.0,PE,0.0,0.0,0.0,193.45,28.65,0,0.0,0,0,18-APR-2022,
OPTSTK,NAUKRI,26-May-2022,3900.0,PE,0.0,0.0,0.0,229.8,40.85,0,0.0,0,0,18-APR-2022,
OPTSTK,NAUKRI,26-May-2022,4000.0,PE,0.0,0.0,0.0,45.0,56.65,0,0.0,875,0,18-APR-2022,
OPTSTK,NAUKRI,26-May-2022,4100.0,PE,0.0,0.0,0.0,314.15,76.5,0,0.0,0,0,18-APR-2022,
OPTSTK,NAUKRI,26-May-2022,4200.0,PE,0.0,0.0,0.0,362.05,101.05,0,0.0,0,0,18-APR-2022,
OPTSTK,NAUKRI,26-May-2022,4300.0,PE,62.0,62.0,62.0,62.0,130.1,1,5.45,250,125,18-APR-2022,
OPTSTK,NAUKRI,26-May-2022,4400.0,PE,0.0,0.0,0.0,468.95,164.7,0,0.0,0,0,18-APR-2022,
OPTSTK,NAUKRI,26-May-2022,4500.0,PE,130.05,169.95,130.05,169.95,204.65,4,23.26,2625,500,18-APR-2022,
OPTSTK,NAUKRI,26-May-2022,4600.0,PE,0.0,0.0,0.0,190.0,250.15,0,0.0,125,0,18-APR-2022,
OPTSTK,NAUKRI,26-May-2022,4700.0,PE,0.0,0.0,0.0,655.25,301.05,0,0.0,0,0,18-APR-2022,
OPTSTK,NAUKRI,26-May-2022,4800.0,PE,0.0,0.0,0.0,250.0,357.25,0,0.0,250,0,18-APR-2022,
OPTSTK,NAUKRI,26-May-2022,4900.0,PE,0.0,0.0,0.0,310.0,418.55,0,0.0,250,0,18-APR-2022,
OPTSTK,NAUKRI,26-May-2022,5000.0,PE,0.0,0.0,0.0,868.9,484.65,0,0.0,0,0,18-APR-2022,
OPTSTK,NAUKRI,26-May-2022,5100.0,PE,0.0,0.0,0.0,945.25,555.25,0,0.0,0,0,18-APR-2022,
OPTSTK,NAUKRI,26-May-2022,5200.0,PE,0.0,0.0,0.0,1023.85,630.15,0,0.0,0,0,18-APR-2022,
OPTSTK,NAUKRI,26-May-2022,5300.0,PE,0.0,0.0,0.0,1104.4,708.35,0,0.0,0,0,18-APR-2022,
OPTSTK,NAUKRI,26-May-2022,5400.0,PE,0.0,0.0,0.0,1187.0,790.0,0,0.0,0,0,18-APR-2022,
OPTSTK,NAUKRI,26-May-2022,5500.0,PE,0.0,0.0,0.0,1271.3,874.5,0,0.0,0,0,18-APR-2022,
OPTSTK,NAUKRI,26-May-2022,5600.0,PE,0.0,0.0,0.0,1357.25,961.5,0,0.0,0,0,18-APR-2022,
OPTSTK,NAUKRI,26-May-2022,5700.0,PE,0.0,0.0,0.0,1444.6,1050.7,0,0.0,0,0,18-APR-2022,
OPTSTK,NAUKRI,26-May-2022,5800.0,PE,0.0,0.0,0.0,1533.25,1141.75,0,0.0,0,0,18-APR-2022,
OPTSTK,NAUKRI,26-May-2022,5900.0,PE,0.0,0.0,0.0,1623.05,1234.4,0,0.0,0,0,18-APR-2022,
OPTSTK,NAUKRI,26-May-2022,6000.0,PE,0.0,0.0,0.0,1713.95,1328.3,0,0.0,0,0,18-APR-2022,
OPTSTK,NAUKRI,26-May-2022,6100.0,PE,0.0,0.0,0.0,1805.75,1423.35,0,0.0,0,0,18-APR-2022,
OPTSTK,NAUKRI,26-May-2022,6200.0,PE,0.0,0.0,0.0,1898.45,1519.25,0,0.0,0,0,18-APR-2022,
OPTSTK,NAUKRI,26-May-2022,6300.0,PE,0.0,0.0,0.0,1991.85,1615.95,0,0.0,0,0,18-APR-2022,
OPTSTK,NAUKRI,26-May-2022,6400.0,PE,0.0,0.0,0.0,2085.95,1713.2,0,0.0,0,0,18-APR-2022,
OPTSTK,NAUKRI,26-May-2022,6500.0,PE,0.0,0.0,0.0,2180.65,1810.95,0,0.0,0,0,18-APR-2022,
OPTSTK,NAUKRI,30-Jun-2022,3200.0,CE,0.0,0.0,0.0,1376.15,1507.0,0,0.0,0,0,18-APR-2022,
OPTSTK,NAUKRI,30-Jun-2022,3300.0,CE,0.0,0.0,0.0,1288.0,1413.55,0,0.0,0,0,18-APR-2022,
OPTSTK,NAUKRI,30-Jun-2022,3400.0,CE,0.0,0.0,0.0,1202.25,1321.85,0,0.0,0,0,18-APR-2022,
OPTSTK,NAUKRI,30-Jun-2022,3500.0,CE,0.0,0.0,0.0,1119.2,1232.2,0,0.0,0,0,18-APR-2022,
OPTSTK,NAUKRI,30-Jun-2022,3600.0,CE,0.0,0.0,0.0,1039.1,1144.95,0,0.0,0,0,18-APR-2022,
OPTSTK,NAUKRI,30-Jun-2022,3700.0,CE,0.0,0.0,0.0,962.05,1060.4,0,0.0,0,0,18-APR-2022,
OPTSTK,NAUKRI,30-Jun-2022,3800.0,CE,0.0,0.0,0.0,888.5,978.85,0,0.0,0,0,18-APR-2022,
OPTSTK,NAUKRI,30-Jun-2022,3900.0,CE,0.0,0.0,0.0,818.2,900.55,0,0.0,0,0,18-APR-2022,
OPTSTK,NAUKRI,30-Jun-2022,4000.0,CE,0.0,0.0,0.0,751.3,825.85,0,0.0,0,0,18-APR-2022,
OPTSTK,NAUKRI,30-Jun-2022,4100.0,CE,0.0,0.0,0.0,688.35,754.65,0,0.0,0,0,18-APR-2022,
OPTSTK,NAUKRI,30-Jun-2022,4200.0,CE,0.0,0.0,0.0,629.05,687.1,0,0.0,0,0,18-APR-2022,
OPTSTK,NAUKRI,30-Jun-2022,4300.0,CE,0.0,0.0,0.0,573.45,623.75,0,0.0,0,0,18-APR-2022,
OPTSTK,NAUKRI,30-Jun-2022,4400.0,CE,0.0,0.0,0.0,521.5,564.4,0,0.0,0,0,18-APR-2022,
OPTSTK,NAUKRI,30-Jun-2022,4500.0,CE,0.0,0.0,0.0,473.15,509.05,0,0.0,0,0,18-APR-2022,
OPTSTK,NAUKRI,30-Jun-2022,4600.0,CE,0.0,0.0,0.0,428.3,457.7,0,0.0,0,0,18-APR-2022,
OPTSTK,NAUKRI,30-Jun-2022,4700.0,CE,0.0,0.0,0.0,386.9,410.3,0,0.0,0,0,18-APR-2022,
OPTSTK,NAUKRI,30-Jun-2022,4800.0,CE,0.0,0.0,0.0,348.7,366.7,0,0.0,0,0,18-APR-2022,
OPTSTK,NAUKRI,30-Jun-2022,4900.0,CE,0.0,0.0,0.0,313.7,326.75,0,0.0,0,0,18-APR-2022,
OPTSTK,NAUKRI,30-Jun-2022,5000.0,CE,0.0,0.0,0.0,270.05,290.35,0,0.0,125,0,18-APR-2022,
OPTSTK,NAUKRI,30-Jun-2022,5100.0,CE,0.0,0.0,0.0,252.35,257.3,0,0.0,0,0,18-APR-2022,
OPTSTK,NAUKRI,30-Jun-2022,5200.0,CE,0.0,0.0,0.0,225.7,227.45,0,0.0,0,0,18-APR-2022,
OPTSTK,NAUKRI,30-Jun-2022,5300.0,CE,0.0,0.0,0.0,201.8,200.5,0,0.0,0,0,18-APR-2022,
OPTSTK,NAUKRI,30-Jun-2022,5400.0,CE,0.0,0.0,0.0,179.95,176.6,0,0.0,0,0,18-APR-2022,
OPTSTK,NAUKRI,30-Jun-2022,5500.0,CE,0.0,0.0,0.0,160.25,155.05,0,0.0,0,0,18-APR-2022,
OPTSTK,NAUKRI,30-Jun-2022,5600.0,CE,0.0,0.0,0.0,142.3,135.6,0,0.0,0,0,18-APR-2022,
OPTSTK,NAUKRI,30-Jun-2022,5700.0,CE,0.0,0.0,0.0,126.3,118.5,0,0.0,0,0,18-APR-2022,
OPTSTK,NAUKRI,30-Jun-2022,5800.0,CE,0.0,0.0,0.0,111.95,103.3,0,0.0,0,0,18-APR-2022,
OPTSTK,NAUKRI,30-Jun-2022,5900.0,CE,0.0,0.0,0.0,99.05,89.9,0,0.0,0,0,18-APR-2022,
OPTSTK,NAUKRI,30-Jun-2022,6000.0,CE,0.0,0.0,0.0,87.55,78.05,0,0.0,0,0,18-APR-2022,
OPTSTK,NAUKRI,30-Jun-2022,6100.0,CE,0.0,0.0,0.0,77.3,67.65,0,0.0,0,0,18-APR-2022,
OPTSTK,NAUKRI,30-Jun-2022,6200.0,CE,0.0,0.0,0.0,68.2,58.5,0,0.0,0,0,18-APR-2022,
OPTSTK,NAUKRI,30-Jun-2022,6300.0,CE,0.0,0.0,0.0,60.05,50.55,0,0.0,0,0,18-APR-2022,
OPTSTK,NAUKRI,30-Jun-2022,3200.0,PE,0.0,0.0,0.0,33.05,13.35,0,0.0,0,0,18-APR-2022,
OPTSTK,NAUKRI,30-Jun-2022,3300.0,PE,0.0,0.0,0.0,43.85,19.05,0,0.0,0,0,18-APR-2022,
OPTSTK,NAUKRI,30-Jun-2022,3400.0,PE,0.0,0.0,0.0,57.05,26.5,0,0.0,0,0,18-APR-2022,
OPTSTK,NAUKRI,30-Jun-2022,3500.0,PE,0.0,0.0,0.0,72.95,36.05,0,0.0,0,0,18-APR-2022,
OPTSTK,NAUKRI,30-Jun-2022,3600.0,PE,0.0,0.0,0.0,91.8,47.95,0,0.0,0,0,18-APR-2022,
OPTSTK,NAUKRI,30-Jun-2022,3700.0,PE,0.0,0.0,0.0,113.7,62.55,0,0.0,0,0,18-APR-2022,
OPTSTK,NAUKRI,30-Jun-2022,3800.0,PE,0.0,0.0,0.0,139.1,80.15,0,0.0,0,0,18-APR-2022,
OPTSTK,NAUKRI,30-Jun-2022,3900.0,PE,0.0,0.0,0.0,167.75,101.0,0,0.0,0,0,18-APR-2022,
OPTSTK,NAUKRI,30-Jun-2022,4000.0,PE,0.0,0.0,0.0,79.0,125.45,0,0.0,250,0,18-APR-2022,
OPTSTK,NAUKRI,30-Jun-2022,4100.0,PE,0.0,0.0,0.0,235.75,153.4,0,0.0,0,0,18-APR-2022,
OPTSTK,NAUKRI,30-Jun-2022,4200.0,PE,0.0,0.0,0.0,275.4,185.0,0,0.0,0,0,18-APR-2022,
OPTSTK,NAUKRI,30-Jun-2022,4300.0,PE,0.0,0.0,0.0,318.75,220.8,0,0.0,0,0,18-APR-2022,
OPTSTK,NAUKRI,30-Jun-2022,4400.0,PE,0.0,0.0,0.0,365.8,260.6,0,0.0,0,0,18-APR-2022,
OPTSTK,NAUKRI,30-Jun-2022,4500.0,PE,0.0,0.0,0.0,200.0,304.45,0,0.0,125,0,18-APR-2022,
OPTSTK,NAUKRI,30-Jun-2022,4600.0,PE,0.0,0.0,0.0,470.5,352.25,0,0.0,0,0,18-APR-2022,
OPTSTK,NAUKRI,30-Jun-2022,4700.0,PE,0.0,0.0,0.0,528.0,403.95,0,0.0,0,0,18-APR-2022,
OPTSTK,NAUKRI,30-Jun-2022,4800.0,PE,0.0,0.0,0.0,588.8,459.5,0,0.0,0,0,18-APR-2022,
OPTSTK,NAUKRI,30-Jun-2022,4900.0,PE,0.0,0.0,0.0,652.7,518.75,0,0.0,0,0,18-APR-2022,
OPTSTK,NAUKRI,30-Jun-2022,5000.0,PE,0.0,0.0,0.0,719.55,581.5,0,0.0,0,0,18-APR-2022,
OPTSTK,NAUKRI,30-Jun-2022,5100.0,PE,0.0,0.0,0.0,789.25,647.6,0,0.0,0,0,18-APR-2022,
OPTSTK,NAUKRI,30-Jun-2022,5200.0,PE,0.0,0.0,0.0,861.55,716.85,0,0.0,0,0,18-APR-2022,
OPTSTK,NAUKRI,30-Jun-2022,5300.0,PE,0.0,0.0,0.0,936.6,789.1,0,0.0,0,0,18-APR-2022,
OPTSTK,NAUKRI,30-Jun-2022,5400.0,PE,0.0,0.0,0.0,1013.7,864.35,0,0.0,0,0,18-APR-2022,
OPTSTK,NAUKRI,30-Jun-2022,5500.0,PE,0.0,0.0,0.0,1092.95,941.95,0,0.0,0,0,18-APR-2022,
OPTSTK,NAUKRI,30-Jun-2022,5600.0,PE,0.0,0.0,0.0,1173.95,1021.65,0,0.0,0,0,18-APR-2022,
OPTSTK,NAUKRI,30-Jun-2022,5700.0,PE,0.0,0.0,0.0,1256.9,1103.7,0,0.0,0,0,18-APR-2022,
OPTSTK,NAUKRI,30-Jun-2022,5800.0,PE,0.0,0.0,0.0,1341.5,1187.65,0,0.0,0,0,18-APR-2022,
OPTSTK,NAUKRI,30-Jun-2022,5900.0,PE,0.0,0.0,0.0,1427.6,1273.4,0,0.0,0,0,18-APR-2022,
OPTSTK,NAUKRI,30-Jun-2022,6000.0,PE,0.0,0.0,0.0,1515.05,1360.7,0,0.0,0,0,18-APR-2022,
OPTSTK,NAUKRI,30-Jun-2022,6100.0,PE,0.0,0.0,0.0,1603.75,1449.45,0,0.0,0,0,18-APR-2022,
OPTSTK,NAUKRI,30-Jun-2022,6200.0,PE,0.0,0.0,0.0,1693.55,1539.5,0,0.0,0,0,18-APR-2022,
OPTSTK,NAUKRI,30-Jun-2022,6300.0,PE,0.0,0.0,0.0,1784.35,1630.65,0,0.0,0,0,18-APR-2022,
OPTSTK,NAVINFLUOR,28-Apr-2022,2550.0,CE,0.0,0.0,0.0,1231.85,1417.1,0,0.0,0,0,18-APR-2022,
OPTSTK,NAVINFLUOR,28-Apr-2022,2600.0,CE,0.0,0.0,0.0,1186.45,1367.15,0,0.0,0,0,18-APR-2022,
OPTSTK,NAVINFLUOR,28-Apr-2022,2650.0,CE,0.0,0.0,0.0,1141.7,1317.2,0,0.0,0,0,18-APR-2022,
OPTSTK,NAVINFLUOR,28-Apr-2022,2700.0,CE,0.0,0.0,0.0,1097.55,1267.25,0,0.0,0,0,18-APR-2022,
OPTSTK,NAVINFLUOR,28-Apr-2022,2750.0,CE,0.0,0.0,0.0,1054.15,1217.3,0,0.0,0,0,18-APR-2022,
OPTSTK,NAVINFLUOR,28-Apr-2022,2800.0,CE,0.0,0.0,0.0,1011.5,1167.35,0,0.0,0,0,18-APR-2022,
OPTSTK,NAVINFLUOR,28-Apr-2022,2850.0,CE,0.0,0.0,0.0,969.6,1117.45,0,0.0,0,0,18-APR-2022,
OPTSTK,NAVINFLUOR,28-Apr-2022,2900.0,CE,0.0,0.0,0.0,928.6,1067.5,0,0.0,0,0,18-APR-2022,
OPTSTK,NAVINFLUOR,28-Apr-2022,2950.0,CE,0.0,0.0,0.0,888.45,1017.55,0,0.0,0,0,18-APR-2022,
OPTSTK,NAVINFLUOR,28-Apr-2022,3000.0,CE,0.0,0.0,0.0,849.25,967.6,0,0.0,0,0,18-APR-2022,
OPTSTK,NAVINFLUOR,28-Apr-2022,3050.0,CE,0.0,0.0,0.0,810.95,917.7,0,0.0,0,0,18-APR-2022,
OPTSTK,NAVINFLUOR,28-Apr-2022,3100.0,CE,0.0,0.0,0.0,773.8,867.8,0,0.0,0,0,18-APR-2022,
OPTSTK,NAVINFLUOR,28-Apr-2022,3150.0,CE,0.0,0.0,0.0,737.5,817.95,0,0.0,0,0,18-APR-2022,
OPTSTK,NAVINFLUOR,28-Apr-2022,3200.0,CE,0.0,0.0,0.0,702.25,768.2,0,0.0,0,0,18-APR-2022,
OPTSTK,NAVINFLUOR,28-Apr-2022,3250.0,CE,0.0,0.0,0.0,668.05,718.55,0,0.0,0,0,18-APR-2022,
OPTSTK,NAVINFLUOR,28-Apr-2022,3300.0,CE,0.0,0.0,0.0,634.8,669.15,0,0.0,0,0,18-APR-2022,
OPTSTK,NAVINFLUOR,28-Apr-2022,3350.0,CE,0.0,0.0,0.0,602.8,620.0,0,0.0,0,0,18-APR-2022,
OPTSTK,NAVINFLUOR,28-Apr-2022,3400.0,CE,0.0,0.0,0.0,571.95,571.35,0,0.0,0,0,18-APR-2022,
OPTSTK,NAVINFLUOR,28-Apr-2022,3450.0,CE,0.0,0.0,0.0,542.15,523.35,0,0.0,0,0,18-APR-2022,
OPTSTK,NAVINFLUOR,28-Apr-2022,3500.0,CE,0.0,0.0,0.0,513.45,476.25,0,0.0,0,0,18-APR-2022,
OPTSTK,NAVINFLUOR,28-Apr-2022,3550.0,CE,0.0,0.0,0.0,485.9,430.25,0,0.0,0,0,18-APR-2022,
OPTSTK,NAVINFLUOR,28-Apr-2022,3600.0,CE,0.0,0.0,0.0,459.4,385.65,0,0.0,0,0,18-APR-2022,
OPTSTK,NAVINFLUOR,28-Apr-2022,3650.0,CE,0.0,0.0,0.0,434.0,342.8,0,0.0,0,0,18-APR-2022,
OPTSTK,NAVINFLUOR,28-Apr-2022,3700.0,CE,0.0,0.0,0.0,409.65,302.05,0,0.0,0,0,18-APR-2022,
OPTSTK,NAVINFLUOR,28-Apr-2022,3750.0,CE,0.0,0.0,0.0,386.35,263.75,0,0.0,0,0,18-APR-2022,
OPTSTK,NAVINFLUOR,28-Apr-2022,3800.0,CE,179.65,179.65,177.55,177.55,227.75,2,17.9,1125,0,18-APR-2022,
OPTSTK,NAVINFLUOR,28-Apr-2022,3850.0,CE,0.0,0.0,0.0,342.9,194.8,0,0.0,0,0,18-APR-2022,
OPTSTK,NAVINFLUOR,28-Apr-2022,3900.0,CE,115.0,161.85,114.95,161.85,161.85,7,63.34,1800,900,18-APR-2022,
OPTSTK,NAVINFLUOR,28-Apr-2022,3950.0,CE,0.0,0.0,0.0,303.4,138.0,0,0.0,0,0,18-APR-2022,
OPTSTK,NAVINFLUOR,28-Apr-2022,4000.0,CE,80.0,102.65,53.0,98.75,98.75,25,229.34,3600,675,18-APR-2022,
OPTSTK,NAVINFLUOR,28-Apr-2022,4050.0,CE,56.35,87.25,37.45,85.45,85.45,14,129.28,2250,225,18-APR-2022,
OPTSTK,NAVINFLUOR,28-Apr-2022,4100.0,CE,34.65,62.95,31.55,61.05,61.05,45,419.98,13500,3150,18-APR-2022,
OPTSTK,NAVINFLUOR,28-Apr-2022,4150.0,CE,26.85,48.0,26.6,48.0,48.0,12,112.89,7650,-1575,18-APR-2022,
OPTSTK,NAVINFLUOR,28-Apr-2022,4200.0,CE,19.2,39.6,19.2,37.25,37.25,110,1046.17,82575,-2475,18-APR-2022,
OPTSTK,NAVINFLUOR,28-Apr-2022,4250.0,CE,15.0,25.2,15.0,23.0,37.4,6,57.63,2700,-675,18-APR-2022,
OPTSTK,NAVINFLUOR,28-Apr-2022,4300.0,CE,16.9,24.45,11.3,20.3,20.3,29,281.54,23850,-1800,18-APR-2022,
OPTSTK,NAVINFLUOR,28-Apr-2022,4350.0,CE,15.0,15.0,15.0,15.0,15.0,1,9.82,675,225,18-APR-2022,
OPTSTK,NAVINFLUOR,28-Apr-2022,4400.0,CE,8.75,8.8,6.55,7.25,16.65,8,79.33,13950,-450,18-APR-2022,
OPTSTK,NAVINFLUOR,28-Apr-2022,4450.0,CE,0.0,0.0,0.0,158.2,12.45,0,0.0,0,0,18-APR-2022,
OPTSTK,NAVINFLUOR,28-Apr-2022,4500.0,CE,8.95,8.95,5.55,6.5,9.15,17,172.36,11475,-1350,18-APR-2022,
OPTSTK,NAVINFLUOR,28-Apr-2022,4550.0,CE,0.0,0.0,0.0,137.95,6.7,0,0.0,0,0,18-APR-2022,
OPTSTK,NAVINFLUOR,28-Apr-2022,4600.0,CE,5.0,5.0,5.0,5.0,4.85,1,10.36,2250,0,18-APR-2022,
OPTSTK,NAVINFLUOR,28-Apr-2022,4650.0,CE,0.0,0.0,0.0,119.85,3.45,0,0.0,0,0,18-APR-2022,
OPTSTK,NAVINFLUOR,28-Apr-2022,4700.0,CE,3.1,3.1,3.1,3.1,2.45,1,10.58,1575,0,18-APR-2022,
OPTSTK,NAVINFLUOR,28-Apr-2022,4750.0,CE,0.0,0.0,0.0,104.05,1.7,0,0.0,0,0,18-APR-2022,
OPTSTK,NAVINFLUOR,28-Apr-2022,4800.0,CE,0.0,0.0,0.0,96.85,1.2,0,0.0,0,0,18-APR-2022,
OPTSTK,NAVINFLUOR,28-Apr-2022,4850.0,CE,0.0,0.0,0.0,90.1,0.8,0,0.0,0,0,18-APR-2022,
OPTSTK,NAVINFLUOR,28-Apr-2022,4900.0,CE,0.0,0.0,0.0,83.8,0.55,0,0.0,0,0,18-APR-2022,
OPTSTK,NAVINFLUOR,28-Apr-2022,4950.0,CE,0.0,0.0,0.0,77.9,0.4,0,0.0,0,0,18-APR-2022,
OPTSTK,NAVINFLUOR,28-Apr-2022,5000.0,CE,0.0,0.0,0.0,4.0,0.25,0,0.0,225,0,18-APR-2022,
OPTSTK,NAVINFLUOR,28-Apr-2022,5050.0,CE,0.0,0.0,0.0,67.25,0.2,0,0.0,0,0,18-APR-2022,
OPTSTK,NAVINFLUOR,28-Apr-2022,2550.0,PE,0.0,0.0,0.0,20.1,0.0,0,0.0,0,0,18-APR-2022,
OPTSTK,NAVINFLUOR,28-Apr-2022,2600.0,PE,0.0,0.0,0.0,24.2,0.0,0,0.0,0,0,18-APR-2022,
OPTSTK,NAVINFLUOR,28-Apr-2022,2650.0,PE,0.0,0.0,0.0,28.95,0.0,0,0.0,0,0,18-APR-2022,
OPTSTK,NAVINFLUOR,28-Apr-2022,2700.0,PE,0.0,0.0,0.0,34.3,0.0,0,0.0,0,0,18-APR-2022,
OPTSTK,NAVINFLUOR,28-Apr-2022,2750.0,PE,0.0,0.0,0.0,40.35,0.0,0,0.0,0,0,18-APR-2022,
OPTSTK,NAVINFLUOR,28-Apr-2022,2800.0,PE,0.0,0.0,0.0,47.15,0.0,0,0.0,0,0,18-APR-2022,
OPTSTK,NAVINFLUOR,28-Apr-2022,2850.0,PE,0.0,0.0,0.0,54.8,0.0,0,0.0,0,0,18-APR-2022,
OPTSTK,NAVINFLUOR,28-Apr-2022,2900.0,PE,0.0,0.0,0.0,63.25,0.0,0,0.0,0,0,18-APR-2022,
OPTSTK,NAVINFLUOR,28-Apr-2022,2950.0,PE,0.0,0.0,0.0,72.55,0.05,0,0.0,0,0,18-APR-2022,
OPTSTK,NAVINFLUOR,28-Apr-2022,3000.0,PE,0.0,0.0,0.0,82.85,0.05,0,0.0,0,0,18-APR-2022,
OPTSTK,NAVINFLUOR,28-Apr-2022,3050.0,PE,0.0,0.0,0.0,94.05,0.05,0,0.0,0,0,18-APR-2022,
OPTSTK,NAVINFLUOR,28-Apr-2022,3100.0,PE,0.0,0.0,0.0,106.35,0.1,0,0.0,0,0,18-APR-2022,
OPTSTK,NAVINFLUOR,28-Apr-2022,3150.0,PE,0.0,0.0,0.0,119.55,0.2,0,0.0,0,0,18-APR-2022,
OPTSTK,NAVINFLUOR,28-Apr-2022,3200.0,PE,0.0,0.0,0.0,133.75,0.4,0,0.0,0,0,18-APR-2022,
OPTSTK,NAVINFLUOR,28-Apr-2022,3250.0,PE,0.0,0.0,0.0,149.05,0.7,0,0.0,0,0,18-APR-2022,
OPTSTK,NAVINFLUOR,28-Apr-2022,3300.0,PE,0.0,0.0,0.0,165.3,1.2,0,0.0,0,0,18-APR-2022,
OPTSTK,NAVINFLUOR,28-Apr-2022,3350.0,PE,0.0,0.0,0.0,182.75,2.05,0,0.0,0,0,18-APR-2022,
OPTSTK,NAVINFLUOR,28-Apr-2022,3400.0,PE,0.0,0.0,0.0,201.35,3.35,0,0.0,0,0,18-APR-2022,
OPTSTK,NAVINFLUOR,28-Apr-2022,3450.0,PE,0.0,0.0,0.0,221.05,5.3,0,0.0,0,0,18-APR-2022,
OPTSTK,NAVINFLUOR,28-Apr-2022,3500.0,PE,15.0,15.0,15.0,15.0,8.1,1,7.9,2250,225,18-APR-2022,
OPTSTK,NAVINFLUOR,28-Apr-2022,3550.0,PE,0.0,0.0,0.0,263.75,12.05,0,0.0,0,0,18-APR-2022,
OPTSTK,NAVINFLUOR,28-Apr-2022,3600.0,PE,20.0,20.0,20.0,20.0,17.4,1,8.14,450,225,18-APR-2022,
OPTSTK,NAVINFLUOR,28-Apr-2022,3650.0,PE,0.0,0.0,0.0,310.8,24.5,0,0.0,0,0,18-APR-2022,
OPTSTK,NAVINFLUOR,28-Apr-2022,3700.0,PE,0.0,0.0,0.0,50.0,33.65,0,0.0,225,0,18-APR-2022,
OPTSTK,NAVINFLUOR,28-Apr-2022,3750.0,PE,0.0,0.0,0.0,362.15,45.35,0,0.0,0,0,18-APR-2022,
OPTSTK,NAVINFLUOR,28-Apr-2022,3800.0,PE,84.35,96.0,30.0,35.05,35.05,74,641.05,18000,9225,18-APR-2022,
OPTSTK,NAVINFLUOR,28-Apr-2022,3850.0,PE,0.0,0.0,0.0,57.8,76.25,0,0.0,4275,0,18-APR-2022,
OPTSTK,NAVINFLUOR,28-Apr-2022,3900.0,PE,127.75,148.0,62.2,62.2,62.2,8,72.2,5400,-225,18-APR-2022,
OPTSTK,NAVINFLUOR,28-Apr-2022,3950.0,PE,0.0,0.0,0.0,76.15,119.35,0,0.0,1800,0,18-APR-2022,
OPTSTK,NAVINFLUOR,28-Apr-2022,4000.0,PE,118.0,118.0,118.0,118.0,118.0,1,9.26,6975,0,18-APR-2022,
OPTSTK,NAVINFLUOR,28-Apr-2022,4050.0,PE,0.0,0.0,0.0,110.75,174.7,0,0.0,900,0,18-APR-2022,
OPTSTK,NAVINFLUOR,28-Apr-2022,4100.0,PE,0.0,0.0,0.0,199.0,206.75,0,0.0,450,0,18-APR-2022,
OPTSTK,NAVINFLUOR,28-Apr-2022,4150.0,PE,0.0,0.0,0.0,607.1,241.55,0,0.0,0,0,18-APR-2022,
OPTSTK,NAVINFLUOR,28-Apr-2022,4200.0,PE,0.0,0.0,0.0,641.8,279.05,0,0.0,0,0,18-APR-2022,
OPTSTK,NAVINFLUOR,28-Apr-2022,4250.0,PE,0.0,0.0,0.0,677.25,318.4,0,0.0,0,0,18-APR-2022,
OPTSTK,NAVINFLUOR,28-Apr-2022,4300.0,PE,0.0,0.0,0.0,713.45,359.85,0,0.0,0,0,18-APR-2022,
OPTSTK,NAVINFLUOR,28-Apr-2022,4350.0,PE,0.0,0.0,0.0,750.6,402.95,0,0.0,0,0,18-APR-2022,
OPTSTK,NAVINFLUOR,28-Apr-2022,4400.0,PE,0.0,0.0,0.0,788.3,447.5,0,0.0,0,0,18-APR-2022,
OPTSTK,NAVINFLUOR,28-Apr-2022,4450.0,PE,0.0,0.0,0.0,826.7,493.2,0,0.0,0,0,18-APR-2022,
OPTSTK,NAVINFLUOR,28-Apr-2022,4500.0,PE,0.0,0.0,0.0,865.75,539.9,0,0.0,0,0,18-APR-2022,
OPTSTK,NAVINFLUOR,28-Apr-2022,4550.0,PE,0.0,0.0,0.0,905.4,587.35,0,0.0,0,0,18-APR-2022,
OPTSTK,NAVINFLUOR,28-Apr-2022,4600.0,PE,0.0,0.0,0.0,945.65,635.45,0,0.0,0,0,18-APR-2022,
OPTSTK,NAVINFLUOR,28-Apr-2022,4650.0,PE,0.0,0.0,0.0,986.25,684.0,0,0.0,0,0,18-APR-2022,
OPTSTK,NAVINFLUOR,28-Apr-2022,4700.0,PE,0.0,0.0,0.0,1027.6,732.95,0,0.0,0,0,18-APR-2022,
OPTSTK,NAVINFLUOR,28-Apr-2022,4750.0,PE,0.0,0.0,0.0,1069.4,782.15,0,0.0,0,0,18-APR-2022,
OPTSTK,NAVINFLUOR,28-Apr-2022,4800.0,PE,0.0,0.0,0.0,1111.7,831.6,0,0.0,0,0,18-APR-2022,
OPTSTK,NAVINFLUOR,28-Apr-2022,4850.0,PE,0.0,0.0,0.0,1154.45,881.15,0,0.0,0,0,18-APR-2022,
OPTSTK,NAVINFLUOR,28-Apr-2022,4900.0,PE,0.0,0.0,0.0,1197.6,930.85,0,0.0,0,0,18-APR-2022,
OPTSTK,NAVINFLUOR,28-Apr-2022,4950.0,PE,0.0,0.0,0.0,1241.2,980.6,0,0.0,0,0,18-APR-2022,
OPTSTK,NAVINFLUOR,28-Apr-2022,5000.0,PE,0.0,0.0,0.0,1285.2,1030.45,0,0.0,0,0,18-APR-2022,
OPTSTK,NAVINFLUOR,28-Apr-2022,5050.0,PE,0.0,0.0,0.0,1329.5,1080.3,0,0.0,0,0,18-APR-2022,
OPTSTK,NAVINFLUOR,26-May-2022,2550.0,CE,0.0,0.0,0.0,1180.05,1425.85,0,0.0,0,0,18-APR-2022,
OPTSTK,NAVINFLUOR,26-May-2022,2600.0,CE,0.0,0.0,0.0,1135.3,1376.25,0,0.0,0,0,18-APR-2022,
OPTSTK,NAVINFLUOR,26-May-2022,2650.0,CE,0.0,0.0,0.0,1091.25,1326.75,0,0.0,0,0,18-APR-2022,
OPTSTK,NAVINFLUOR,26-May-2022,2700.0,CE,0.0,0.0,0.0,1047.85,1277.35,0,0.0,0,0,18-APR-2022,
OPTSTK,NAVINFLUOR,26-May-2022,2750.0,CE,0.0,0.0,0.0,1005.2,1228.1,0,0.0,0,0,18-APR-2022,
OPTSTK,NAVINFLUOR,26-May-2022,2800.0,CE,0.0,0.0,0.0,963.4,1179.05,0,0.0,0,0,18-APR-2022,
OPTSTK,NAVINFLUOR,26-May-2022,2850.0,CE,0.0,0.0,0.0,922.45,1130.2,0,0.0,0,0,18-APR-2022,
OPTSTK,NAVINFLUOR,26-May-2022,2900.0,CE,0.0,0.0,0.0,882.35,1081.65,0,0.0,0,0,18-APR-2022,
OPTSTK,NAVINFLUOR,26-May-2022,2950.0,CE,0.0,0.0,0.0,843.2,1033.4,0,0.0,0,0,18-APR-2022,
OPTSTK,NAVINFLUOR,26-May-2022,3000.0,CE,0.0,0.0,0.0,805.0,985.6,0,0.0,0,0,18-APR-2022,
OPTSTK,NAVINFLUOR,26-May-2022,3050.0,CE,0.0,0.0,0.0,767.95,938.3,0,0.0,0,0,18-APR-2022,
OPTSTK,NAVINFLUOR,26-May-2022,3100.0,CE,0.0,0.0,0.0,731.75,891.55,0,0.0,0,0,18-APR-2022,
OPTSTK,NAVINFLUOR,26-May-2022,3150.0,CE,0.0,0.0,0.0,696.6,845.45,0,0.0,0,0,18-APR-2022,
OPTSTK,NAVINFLUOR,26-May-2022,3200.0,CE,0.0,0.0,0.0,662.5,800.15,0,0.0,0,0,18-APR-2022,
OPTSTK,NAVINFLUOR,26-May-2022,3250.0,CE,0.0,0.0,0.0,629.4,755.65,0,0.0,0,0,18-APR-2022,
OPTSTK,NAVINFLUOR,26-May-2022,3300.0,CE,0.0,0.0,0.0,597.55,712.1,0,0.0,0,0,18-APR-2022,
OPTSTK,NAVINFLUOR,26-May-2022,3350.0,CE,0.0,0.0,0.0,566.75,669.55,0,0.0,0,0,18-APR-2022,
OPTSTK,NAVINFLUOR,26-May-2022,3400.0,CE,0.0,0.0,0.0,537.15,628.15,0,0.0,0,0,18-APR-2022,
OPTSTK,NAVINFLUOR,26-May-2022,3450.0,CE,0.0,0.0,0.0,508.6,587.95,0,0.0,0,0,18-APR-2022,
OPTSTK,NAVINFLUOR,26-May-2022,3500.0,CE,0.0,0.0,0.0,481.15,549.0,0,0.0,0,0,18-APR-2022,
OPTSTK,NAVINFLUOR,26-May-2022,3550.0,CE,0.0,0.0,0.0,454.8,511.6,0,0.0,0,0,18-APR-2022,
OPTSTK,NAVINFLUOR,26-May-2022,3600.0,CE,0.0,0.0,0.0,429.55,475.45,0,0.0,0,0,18-APR-2022,
OPTSTK,NAVINFLUOR,26-May-2022,3650.0,CE,0.0,0.0,0.0,405.4,440.6,0,0.0,0,0,18-APR-2022,
OPTSTK,NAVINFLUOR,26-May-2022,3700.0,CE,0.0,0.0,0.0,382.25,407.5,0,0.0,0,0,18-APR-2022,
OPTSTK,NAVINFLUOR,26-May-2022,3750.0,CE,0.0,0.0,0.0,360.15,376.0,0,0.0,0,0,18-APR-2022,
OPTSTK,NAVINFLUOR,26-May-2022,3800.0,CE,0.0,0.0,0.0,339.1,346.05,0,0.0,0,0,18-APR-2022,
OPTSTK,NAVINFLUOR,26-May-2022,3850.0,CE,0.0,0.0,0.0,319.05,317.75,0,0.0,0,0,18-APR-2022,
OPTSTK,NAVINFLUOR,26-May-2022,3900.0,CE,0.0,0.0,0.0,299.9,291.0,0,0.0,0,0,18-APR-2022,
OPTSTK,NAVINFLUOR,26-May-2022,3950.0,CE,0.0,0.0,0.0,281.75,265.9,0,0.0,0,0,18-APR-2022,
OPTSTK,NAVINFLUOR,26-May-2022,4000.0,CE,195.6,213.0,195.6,213.0,213.0,2,18.91,225,225,18-APR-2022,
OPTSTK,NAVINFLUOR,26-May-2022,4050.0,CE,0.0,0.0,0.0,248.15,220.4,0,0.0,0,0,18-APR-2022,
OPTSTK,NAVINFLUOR,26-May-2022,4100.0,CE,0.0,0.0,0.0,232.65,199.95,0,0.0,0,0,18-APR-2022,
OPTSTK,NAVINFLUOR,26-May-2022,4150.0,CE,0.0,0.0,0.0,217.95,180.95,0,0.0,0,0,18-APR-2022,
OPTSTK,NAVINFLUOR,26-May-2022,4200.0,CE,0.0,0.0,0.0,204.1,163.4,0,0.0,0,0,18-APR-2022,
OPTSTK,NAVINFLUOR,26-May-2022,4250.0,CE,0.0,0.0,0.0,190.95,147.2,0,0.0,0,0,18-APR-2022,
OPTSTK,NAVINFLUOR,26-May-2022,4300.0,CE,0.0,0.0,0.0,178.8,132.3,0,0.0,0,0,18-APR-2022,
OPTSTK,NAVINFLUOR,26-May-2022,4350.0,CE,0.0,0.0,0.0,167.15,118.65,0,0.0,0,0,18-APR-2022,
OPTSTK,NAVINFLUOR,26-May-2022,4400.0,CE,100.0,100.0,100.0,100.0,106.4,1,10.12,225,225,18-APR-2022,
OPTSTK,NAVINFLUOR,26-May-2022,4450.0,CE,0.0,0.0,0.0,145.85,95.05,0,0.0,0,0,18-APR-2022,
OPTSTK,NAVINFLUOR,26-May-2022,4500.0,CE,0.0,0.0,0.0,81.0,84.6,0,0.0,225,0,18-APR-2022,
OPTSTK,NAVINFLUOR,26-May-2022,4550.0,CE,0.0,0.0,0.0,127.0,75.25,0,0.0,0,0,18-APR-2022,
OPTSTK,NAVINFLUOR,26-May-2022,4600.0,CE,0.0,0.0,0.0,118.25,66.8,0,0.0,0,0,18-APR-2022,
OPTSTK,NAVINFLUOR,26-May-2022,4650.0,CE,0.0,0.0,0.0,110.2,59.15,0,0.0,0,0,18-APR-2022,
OPTSTK,NAVINFLUOR,26-May-2022,4700.0,CE,0.0,0.0,0.0,102.65,52.3,0,0.0,0,0,18-APR-2022,
OPTSTK,NAVINFLUOR,26-May-2022,4750.0,CE,0.0,0.0,0.0,95.55,46.15,0,0.0,0,0,18-APR-2022,
OPTSTK,NAVINFLUOR,26-May-2022,4800.0,CE,0.0,0.0,0.0,88.9,40.65,0,0.0,0,0,18-APR-2022,
OPTSTK,NAVINFLUOR,26-May-2022,4850.0,CE,0.0,0.0,0.0,82.7,35.7,0,0.0,0,0,18-APR-2022,
OPTSTK,NAVINFLUOR,26-May-2022,4900.0,CE,0.0,0.0,0.0,76.85,31.35,0,0.0,0,0,18-APR-2022,
OPTSTK,NAVINFLUOR,26-May-2022,4950.0,CE,0.0,0.0,0.0,71.45,27.45,0,0.0,0,0,18-APR-2022,
OPTSTK,NAVINFLUOR,26-May-2022,5000.0,CE,0.0,0.0,0.0,66.35,24.0,0,0.0,0,0,18-APR-2022,
OPTSTK,NAVINFLUOR,26-May-2022,5050.0,CE,0.0,0.0,0.0,61.6,20.95,0,0.0,0,0,18-APR-2022,
OPTSTK,NAVINFLUOR,26-May-2022,2550.0,PE,0.0,0.0,0.0,24.1,0.4,0,0.0,0,0,18-APR-2022,
OPTSTK,NAVINFLUOR,26-May-2022,2600.0,PE,0.0,0.0,0.0,28.8,0.6,0,0.0,0,0,18-APR-2022,
OPTSTK,NAVINFLUOR,26-May-2022,2650.0,PE,0.0,0.0,0.0,34.2,0.85,0,0.0,0,0,18-APR-2022,
OPTSTK,NAVINFLUOR,26-May-2022,2700.0,PE,0.0,0.0,0.0,40.3,1.25,0,0.0,0,0,18-APR-2022,
OPTSTK,NAVINFLUOR,26-May-2022,2750.0,PE,0.0,0.0,0.0,47.15,1.75,0,0.0,0,0,18-APR-2022,
OPTSTK,NAVINFLUOR,26-May-2022,2800.0,PE,0.0,0.0,0.0,54.8,2.45,0,0.0,0,0,18-APR-2022,
OPTSTK,NAVINFLUOR,26-May-2022,2850.0,PE,0.0,0.0,0.0,63.3,3.4,0,0.0,0,0,18-APR-2022,
OPTSTK,NAVINFLUOR,26-May-2022,2900.0,PE,0.0,0.0,0.0,72.7,4.6,0,0.0,0,0,18-APR-2022,
OPTSTK,NAVINFLUOR,26-May-2022,2950.0,PE,0.0,0.0,0.0,83.0,6.2,0,0.0,0,0,18-APR-2022,
OPTSTK,NAVINFLUOR,26-May-2022,3000.0,PE,0.0,0.0,0.0,94.3,8.15,0,0.0,0,0,18-APR-2022,
OPTSTK,NAVINFLUOR,26-May-2022,3050.0,PE,0.0,0.0,0.0,106.7,10.65,0,0.0,0,0,18-APR-2022,
OPTSTK,NAVINFLUOR,26-May-2022,3100.0,PE,0.0,0.0,0.0,120.0,13.65,0,0.0,0,0,18-APR-2022,
OPTSTK,NAVINFLUOR,26-May-2022,3150.0,PE,0.0,0.0,0.0,134.35,17.35,0,0.0,0,0,18-APR-2022,
OPTSTK,NAVINFLUOR,26-May-2022,3200.0,PE,0.0,0.0,0.0,149.75,21.8,0,0.0,0,0,18-APR-2022,
OPTSTK,NAVINFLUOR,26-May-2022,3250.0,PE,0.0,0.0,0.0,166.05,27.1,0,0.0,0,0,18-APR-2022,
OPTSTK,NAVINFLUOR,26-May-2022,3300.0,PE,0.0,0.0,0.0,183.7,33.3,0,0.0,0,0,18-APR-2022,
OPTSTK,NAVINFLUOR,26-May-2022,3350.0,PE,0.0,0.0,0.0,202.4,40.55,0,0.0,0,0,18-APR-2022,
OPTSTK,NAVINFLUOR,26-May-2022,3400.0,PE,0.0,0.0,0.0,222.25,48.95,0,0.0,0,0,18-APR-2022,
OPTSTK,NAVINFLUOR,26-May-2022,3450.0,PE,0.0,0.0,0.0,243.2,58.5,0,0.0,0,0,18-APR-2022,
OPTSTK,NAVINFLUOR,26-May-2022,3500.0,PE,0.0,0.0,0.0,265.25,69.35,0,0.0,0,0,18-APR-2022,
OPTSTK,NAVINFLUOR,26-May-2022,3550.0,PE,0.0,0.0,0.0,288.35,81.75,0,0.0,0,0,18-APR-2022,
OPTSTK,NAVINFLUOR,26-May-2022,3600.0,PE,0.0,0.0,0.0,312.6,95.35,0,0.0,0,0,18-APR-2022,
OPTSTK,NAVINFLUOR,26-May-2022,3650.0,PE,0.0,0.0,0.0,337.9,110.3,0,0.0,0,0,18-APR-2022,
OPTSTK,NAVINFLUOR,26-May-2022,3700.0,PE,0.0,0.0,0.0,364.25,126.95,0,0.0,0,0,18-APR-2022,
OPTSTK,NAVINFLUOR,26-May-2022,3750.0,PE,0.0,0.0,0.0,391.6,145.25,0,0.0,0,0,18-APR-2022,
OPTSTK,NAVINFLUOR,26-May-2022,3800.0,PE,0.0,0.0,0.0,420.05,165.1,0,0.0,0,0,18-APR-2022,
OPTSTK,NAVINFLUOR,26-May-2022,3850.0,PE,0.0,0.0,0.0,449.45,186.55,0,0.0,0,0,18-APR-2022,
OPTSTK,NAVINFLUOR,26-May-2022,3900.0,PE,0.0,0.0,0.0,479.8,209.6,0,0.0,0,0,18-APR-2022,
OPTSTK,NAVINFLUOR,26-May-2022,3950.0,PE,0.0,0.0,0.0,511.1,234.25,0,0.0,0,0,18-APR-2022,
OPTSTK,NAVINFLUOR,26-May-2022,4000.0,PE,0.0,0.0,0.0,543.35,260.5,0,0.0,0,0,18-APR-2022,
OPTSTK,NAVINFLUOR,26-May-2022,4050.0,PE,0.0,0.0,0.0,576.45,288.3,0,0.0,0,0,18-APR-2022,
OPTSTK,NAVINFLUOR,26-May-2022,4100.0,PE,0.0,0.0,0.0,610.45,317.65,0,0.0,0,0,18-APR-2022,
OPTSTK,NAVINFLUOR,26-May-2022,4150.0,PE,0.0,0.0,0.0,645.25,348.4,0,0.0,0,0,18-APR-2022,
OPTSTK,NAVINFLUOR,26-May-2022,4200.0,PE,0.0,0.0,0.0,680.8,380.65,0,0.0,0,0,18-APR-2022,
OPTSTK,NAVINFLUOR,26-May-2022,4250.0,PE,0.0,0.0,0.0,717.2,414.2,0,0.0,0,0,18-APR-2022,
OPTSTK,NAVINFLUOR,26-May-2022,4300.0,PE,0.0,0.0,0.0,754.5,449.1,0,0.0,0,0,18-APR-2022,
OPTSTK,NAVINFLUOR,26-May-2022,4350.0,PE,0.0,0.0,0.0,792.3,485.25,0,0.0,0,0,18-APR-2022,
OPTSTK,NAVINFLUOR,26-May-2022,4400.0,PE,0.0,0.0,0.0,830.8,522.75,0,0.0,0,0,18-APR-2022,
OPTSTK,NAVINFLUOR,26-May-2022,4450.0,PE,0.0,0.0,0.0,869.95,561.2,0,0.0,0,0,18-APR-2022,
OPTSTK,NAVINFLUOR,26-May-2022,4500.0,PE,0.0,0.0,0.0,909.75,600.55,0,0.0,0,0,18-APR-2022,
OPTSTK,NAVINFLUOR,26-May-2022,4550.0,PE,0.0,0.0,0.0,950.1,640.95,0,0.0,0,0,18-APR-2022,
OPTSTK,NAVINFLUOR,26-May-2022,4600.0,PE,0.0,0.0,0.0,990.8,682.3,0,0.0,0,0,18-APR-2022,
OPTSTK,NAVINFLUOR,26-May-2022,4650.0,PE,0.0,0.0,0.0,1032.25,724.45,0,0.0,0,0,18-APR-2022,
OPTSTK,NAVINFLUOR,26-May-2022,4700.0,PE,0.0,0.0,0.0,1074.15,767.35,0,0.0,0,0,18-APR-2022,
OPTSTK,NAVINFLUOR,26-May-2022,4750.0,PE,0.0,0.0,0.0,1116.55,811.0,0,0.0,0,0,18-APR-2022,
OPTSTK,NAVINFLUOR,26-May-2022,4800.0,PE,0.0,0.0,0.0,1159.35,855.25,0,0.0,0,0,18-APR-2022,
OPTSTK,NAVINFLUOR,26-May-2022,4850.0,PE,0.0,0.0,0.0,1202.6,900.1,0,0.0,0,0,18-APR-2022,
OPTSTK,NAVINFLUOR,26-May-2022,4900.0,PE,0.0,0.0,0.0,1246.3,945.5,0,0.0,0,0,18-APR-2022,
OPTSTK,NAVINFLUOR,26-May-2022,4950.0,PE,0.0,0.0,0.0,1290.3,991.4,0,0.0,0,0,18-APR-2022,
OPTSTK,NAVINFLUOR,26-May-2022,5000.0,PE,0.0,0.0,0.0,1334.7,1037.75,0,0.0,0,0,18-APR-2022,
OPTSTK,NAVINFLUOR,26-May-2022,5050.0,PE,0.0,0.0,0.0,1379.45,1084.45,0,0.0,0,0,18-APR-2022,
OPTSTK,NAVINFLUOR,30-Jun-2022,2600.0,CE,0.0,0.0,0.0,1520.1,1392.95,0,0.0,0,0,18-APR-2022,
OPTSTK,NAVINFLUOR,30-Jun-2022,2700.0,CE,0.0,0.0,0.0,1426.25,1297.7,0,0.0,0,0,18-APR-2022,
OPTSTK,NAVINFLUOR,30-Jun-2022,2800.0,CE,0.0,0.0,0.0,1334.1,1204.15,0,0.0,0,0,18-APR-2022,
OPTSTK,NAVINFLUOR,30-Jun-2022,2900.0,CE,0.0,0.0,0.0,1244.0,1112.6,0,0.0,0,0,18-APR-2022,
OPTSTK,NAVINFLUOR,30-Jun-2022,3000.0,CE,0.0,0.0,0.0,1156.3,1023.6,0,0.0,0,0,18-APR-2022,
OPTSTK,NAVINFLUOR,30-Jun-2022,3100.0,CE,0.0,0.0,0.0,1071.3,937.5,0,0.0,0,0,18-APR-2022,
OPTSTK,NAVINFLUOR,30-Jun-2022,3200.0,CE,0.0,0.0,0.0,989.35,854.75,0,0.0,0,0,18-APR-2022,
OPTSTK,NAVINFLUOR,30-Jun-2022,3300.0,CE,0.0,0.0,0.0,910.7,775.7,0,0.0,0,0,18-APR-2022,
OPTSTK,NAVINFLUOR,30-Jun-2022,3400.0,CE,0.0,0.0,0.0,835.75,700.85,0,0.0,0,0,18-APR-2022,
OPTSTK,NAVINFLUOR,30-Jun-2022,3500.0,CE,0.0,0.0,0.0,764.35,630.15,0,0.0,0,0,18-APR-2022,
OPTSTK,NAVINFLUOR,30-Jun-2022,3600.0,CE,0.0,0.0,0.0,696.8,563.9,0,0.0,0,0,18-APR-2022,
OPTSTK,NAVINFLUOR,30-Jun-2022,3700.0,CE,0.0,0.0,0.0,633.2,502.45,0,0.0,0,0,18-APR-2022,
OPTSTK,NAVINFLUOR,30-Jun-2022,3800.0,CE,0.0,0.0,0.0,573.8,445.75,0,0.0,0,0,18-APR-2022,
OPTSTK,NAVINFLUOR,30-Jun-2022,3900.0,CE,0.0,0.0,0.0,518.45,393.75,0,0.0,0,0,18-APR-2022,
OPTSTK,NAVINFLUOR,30-Jun-2022,4000.0,CE,0.0,0.0,0.0,467.05,346.35,0,0.0,0,0,18-APR-2022,
OPTSTK,NAVINFLUOR,30-Jun-2022,4100.0,CE,0.0,0.0,0.0,419.65,303.4,0,0.0,0,0,18-APR-2022,
OPTSTK,NAVINFLUOR,30-Jun-2022,4200.0,CE,0.0,0.0,0.0,376.0,264.7,0,0.0,0,0,18-APR-2022,
OPTSTK,NAVINFLUOR,30-Jun-2022,4300.0,CE,0.0,0.0,0.0,336.05,230.1,0,0.0,0,0,18-APR-2022,
OPTSTK,NAVINFLUOR,30-Jun-2022,4400.0,CE,0.0,0.0,0.0,299.65,199.25,0,0.0,0,0,18-APR-2022,
OPTSTK,NAVINFLUOR,30-Jun-2022,4500.0,CE,0.0,0.0,0.0,266.5,171.95,0,0.0,0,0,18-APR-2022,
OPTSTK,NAVINFLUOR,30-Jun-2022,4600.0,CE,0.0,0.0,0.0,236.5,148.15,0,0.0,0,0,18-APR-2022,
OPTSTK,NAVINFLUOR,30-Jun-2022,4700.0,CE,0.0,0.0,0.0,209.4,127.1,0,0.0,0,0,18-APR-2022,
OPTSTK,NAVINFLUOR,30-Jun-2022,4800.0,CE,0.0,0.0,0.0,185.3,108.55,0,0.0,0,0,18-APR-2022,
OPTSTK,NAVINFLUOR,30-Jun-2022,4900.0,CE,0.0,0.0,0.0,163.5,92.5,0,0.0,0,0,18-APR-2022,
OPTSTK,NAVINFLUOR,30-Jun-2022,5000.0,CE,0.0,0.0,0.0,144.0,78.65,0,0.0,0,0,18-APR-2022,
OPTSTK,NAVINFLUOR,30-Jun-2022,2600.0,PE,0.0,0.0,0.0,10.6,6.75,0,0.0,0,0,18-APR-2022,
OPTSTK,NAVINFLUOR,30-Jun-2022,2700.0,PE,0.0,0.0,0.0,15.65,10.65,0,0.0,0,0,18-APR-2022,
OPTSTK,NAVINFLUOR,30-Jun-2022,2800.0,PE,0.0,0.0,0.0,22.45,16.25,0,0.0,0,0,18-APR-2022,
OPTSTK,NAVINFLUOR,30-Jun-2022,2900.0,PE,0.0,0.0,0.0,31.3,23.85,0,0.0,0,0,18-APR-2022,
OPTSTK,NAVINFLUOR,30-Jun-2022,3000.0,PE,0.0,0.0,0.0,42.55,34.0,0,0.0,0,0,18-APR-2022,
OPTSTK,NAVINFLUOR,30-Jun-2022,3100.0,PE,0.0,0.0,0.0,56.5,47.05,0,0.0,0,0,18-APR-2022,
OPTSTK,NAVINFLUOR,30-Jun-2022,3200.0,PE,0.0,0.0,0.0,73.5,63.45,0,0.0,0,0,18-APR-2022,
OPTSTK,NAVINFLUOR,30-Jun-2022,3300.0,PE,0.0,0.0,0.0,93.8,83.6,0,0.0,0,0,18-APR-2022,
OPTSTK,NAVINFLUOR,30-Jun-2022,3400.0,PE,0.0,0.0,0.0,117.8,107.9,0,0.0,0,0,18-APR-2022,
OPTSTK,NAVINFLUOR,30-Jun-2022,3500.0,PE,0.0,0.0,0.0,145.3,136.35,0,0.0,0,0,18-APR-2022,
OPTSTK,NAVINFLUOR,30-Jun-2022,3600.0,PE,0.0,0.0,0.0,176.75,169.2,0,0.0,0,0,18-APR-2022,
OPTSTK,NAVINFLUOR,30-Jun-2022,3700.0,PE,0.0,0.0,0.0,212.1,206.95,0,0.0,0,0,18-APR-2022,
OPTSTK,NAVINFLUOR,30-Jun-2022,3800.0,PE,0.0,0.0,0.0,251.65,249.4,0,0.0,0,0,18-APR-2022,
OPTSTK,NAVINFLUOR,30-Jun-2022,3900.0,PE,0.0,0.0,0.0,295.2,296.55,0,0.0,0,0,18-APR-2022,
OPTSTK,NAVINFLUOR,30-Jun-2022,4000.0,PE,0.0,0.0,0.0,342.8,348.25,0,0.0,0,0,18-APR-2022,
OPTSTK,NAVINFLUOR,30-Jun-2022,4100.0,PE,0.0,0.0,0.0,394.3,404.5,0,0.0,0,0,18-APR-2022,
OPTSTK,NAVINFLUOR,30-Jun-2022,4200.0,PE,0.0,0.0,0.0,449.65,464.95,0,0.0,0,0,18-APR-2022,
OPTSTK,NAVINFLUOR,30-Jun-2022,4300.0,PE,0.0,0.0,0.0,508.65,529.5,0,0.0,0,0,18-APR-2022,
OPTSTK,NAVINFLUOR,30-Jun-2022,4400.0,PE,0.0,0.0,0.0,571.15,597.8,0,0.0,0,0,18-APR-2022,
OPTSTK,NAVINFLUOR,30-Jun-2022,4500.0,PE,0.0,0.0,0.0,637.0,669.65,0,0.0,0,0,18-APR-2022,
OPTSTK,NAVINFLUOR,30-Jun-2022,4600.0,PE,0.0,0.0,0.0,705.9,745.0,0,0.0,0,0,18-APR-2022,
OPTSTK,NAVINFLUOR,30-Jun-2022,4700.0,PE,0.0,0.0,0.0,777.8,823.1,0,0.0,0,0,18-APR-2022,
OPTSTK,NAVINFLUOR,30-Jun-2022,4800.0,PE,0.0,0.0,0.0,852.6,903.7,0,0.0,0,0,18-APR-2022,
OPTSTK,NAVINFLUOR,30-Jun-2022,4900.0,PE,0.0,0.0,0.0,929.75,986.85,0,0.0,0,0,18-APR-2022,
OPTSTK,NAVINFLUOR,30-Jun-2022,5000.0,PE,0.0,0.0,0.0,1009.25,1072.1,0,0.0,0,0,18-APR-2022,
OPTSTK,NBCC,28-Apr-2022,24.0,CE,0.0,0.0,0.0,18.55,15.65,0,0.0,0,0,18-APR-2022,
OPTSTK,NBCC,28-Apr-2022,25.0,CE,0.0,0.0,0.0,20.75,14.65,0,0.0,0,0,18-APR-2022,
OPTSTK,NBCC,28-Apr-2022,26.0,CE,0.0,0.0,0.0,20.1,13.65,0,0.0,0,0,18-APR-2022,
OPTSTK,NBCC,28-Apr-2022,27.0,CE,0.0,0.0,0.0,19.15,12.65,0,0.0,0,0,18-APR-2022,
OPTSTK,NBCC,28-Apr-2022,28.0,CE,0.0,0.0,0.0,18.2,11.65,0,0.0,0,0,18-APR-2022,
OPTSTK,NBCC,28-Apr-2022,29.0,CE,0.0,0.0,0.0,17.25,10.65,0,0.0,0,0,18-APR-2022,
OPTSTK,NBCC,28-Apr-2022,30.0,CE,0.0,0.0,0.0,16.35,9.65,0,0.0,0,0,18-APR-2022,
OPTSTK,NBCC,28-Apr-2022,31.0,CE,0.0,0.0,0.0,15.45,8.65,0,0.0,0,0,18-APR-2022,
OPTSTK,NBCC,28-Apr-2022,32.0,CE,0.0,0.0,0.0,14.55,7.65,0,0.0,0,0,18-APR-2022,
OPTSTK,NBCC,28-Apr-2022,33.0,CE,0.0,0.0,0.0,13.7,6.7,0,0.0,0,0,18-APR-2022,
OPTSTK,NBCC,28-Apr-2022,34.0,CE,0.0,0.0,0.0,7.0,5.75,0,0.0,12000,0,18-APR-2022,
OPTSTK,NBCC,28-Apr-2022,35.0,CE,4.65,4.65,4.65,4.65,4.8,1,4.75,120000,0,18-APR-2022,
OPTSTK,NBCC,28-Apr-2022,36.0,CE,0.0,0.0,0.0,11.3,3.95,0,0.0,0,0,18-APR-2022,
OPTSTK,NBCC,28-Apr-2022,37.0,CE,3.15,3.15,2.9,2.9,3.15,2,9.6,192000,0,18-APR-2022,
OPTSTK,NBCC,28-Apr-2022,38.0,CE,0.0,0.0,0.0,3.15,2.45,0,0.0,228000,0,18-APR-2022,
OPTSTK,NBCC,28-Apr-2022,39.0,CE,1.8,1.8,1.5,1.8,1.85,9,43.89,384000,84000,18-APR-2022,
OPTSTK,NBCC,28-Apr-2022,40.0,CE,1.2,1.25,0.95,1.1,1.1,44,216.88,1956000,84000,18-APR-2022,
OPTSTK,NBCC,28-Apr-2022,41.0,CE,1.0,1.0,0.65,0.7,0.95,14,70.24,696000,48000,18-APR-2022,
OPTSTK,NBCC,28-Apr-2022,42.0,CE,0.55,0.7,0.4,0.5,0.5,59,301.06,1320000,36000,18-APR-2022,
OPTSTK,NBCC,28-Apr-2022,43.0,CE,0.35,0.4,0.35,0.35,0.35,57,296.74,756000,180000,18-APR-2022,
OPTSTK,NBCC,28-Apr-2022,44.0,CE,0.3,0.3,0.25,0.3,0.3,11,58.45,780000,12000,18-APR-2022,
OPTSTK,NBCC,28-Apr-2022,45.0,CE,0.2,0.3,0.15,0.2,0.2,93,504.52,2376000,-348000,18-APR-2022,
OPTSTK,NBCC,28-Apr-2022,46.0,CE,0.2,0.2,0.1,0.1,0.1,12,66.43,384000,-24000,18-APR-2022,
OPTSTK,NBCC,28-Apr-2022,47.0,CE,0.1,0.1,0.1,0.1,0.1,1,5.65,24000,12000,18-APR-2022,
OPTSTK,NBCC,28-Apr-2022,48.0,CE,0.05,0.05,0.05,0.05,0.05,3,17.29,204000,0,18-APR-2022,
OPTSTK,NBCC,28-Apr-2022,49.0,CE,0.0,0.0,0.0,0.1,0.05,0,0.0,24000,0,18-APR-2022,
OPTSTK,NBCC,28-Apr-2022,50.0,CE,0.05,0.05,0.05,0.05,0.05,2,12.01,2604000,0,18-APR-2022,
OPTSTK,NBCC,28-Apr-2022,51.0,CE,0.0,0.0,0.0,3.35,0.05,0,0.0,0,0,18-APR-2022,
OPTSTK,NBCC,28-Apr-2022,52.0,CE,0.0,0.0,0.0,3.05,0.0,0,0.0,0,0,18-APR-2022,
OPTSTK,NBCC,28-Apr-2022,53.0,CE,0.0,0.0,0.0,2.75,0.0,0,0.0,0,0,18-APR-2022,
OPTSTK,NBCC,28-Apr-2022,54.0,CE,0.0,0.0,0.0,2.5,0.0,0,0.0,0,0,18-APR-2022,
OPTSTK,NBCC,28-Apr-2022,55.0,CE,0.0,0.0,0.0,0.05,0.0,0,0.0,240000,0,18-APR-2022,
OPTSTK,NBCC,28-Apr-2022,56.0,CE,0.0,0.0,0.0,2.1,0.0,0,0.0,0,0,18-APR-2022,
OPTSTK,NBCC,28-Apr-2022,57.0,CE,0.0,0.0,0.0,1.9,0.0,0,0.0,0,0,18-APR-2022,
OPTSTK,NBCC,28-Apr-2022,58.0,CE,0.0,0.0,0.0,1.7,0.0,0,0.0,0,0,18-APR-2022,
OPTSTK,NBCC,28-Apr-2022,59.0,CE,0.0,0.0,0.0,1.55,0.0,0,0.0,0,0,18-APR-2022,
OPTSTK,NBCC,28-Apr-2022,60.0,CE,0.0,0.0,0.0,1.4,0.0,0,0.0,0,0,18-APR-2022,
OPTSTK,NBCC,28-Apr-2022,61.0,CE,0.0,0.0,0.0,1.25,0.0,0,0.0,0,0,18-APR-2022,
OPTSTK,NBCC,28-Apr-2022,62.0,CE,0.0,0.0,0.0,1.15,0.0,0,0.0,0,0,18-APR-2022,
OPTSTK,NBCC,28-Apr-2022,63.0,CE,0.0,0.0,0.0,1.05,0.0,0,0.0,0,0,18-APR-2022,
OPTSTK,NBCC,28-Apr-2022,24.0,PE,0.0,0.0,0.0,0.05,0.0,0,0.0,0,0,18-APR-2022,
OPTSTK,NBCC,28-Apr-2022,25.0,PE,0.0,0.0,0.0,0.05,0.0,0,0.0,24000,0,18-APR-2022,
OPTSTK,NBCC,28-Apr-2022,26.0,PE,0.0,0.0,0.0,0.1,0.0,0,0.0,0,0,18-APR-2022,
OPTSTK,NBCC,28-Apr-2022,27.0,PE,0.0,0.0,0.0,0.05,0.0,0,0.0,12000,0,18-APR-2022,
OPTSTK,NBCC,28-Apr-2022,28.0,PE,0.0,0.0,0.0,0.15,0.0,0,0.0,0,0,18-APR-2022,
OPTSTK,NBCC,28-Apr-2022,29.0,PE,0.0,0.0,0.0,0.2,0.0,0,0.0,0,0,18-APR-2022,
OPTSTK,NBCC,28-Apr-2022,30.0,PE,0.05,0.05,0.05,0.05,0.0,9,32.45,288000,12000,18-APR-2022,
OPTSTK,NBCC,28-Apr-2022,31.0,PE,0.0,0.0,0.0,0.4,0.05,0,0.0,0,0,18-APR-2022,
OPTSTK,NBCC,28-Apr-2022,32.0,PE,0.0,0.0,0.0,0.6,0.05,0,0.0,24000,0,18-APR-2022,
OPTSTK,NBCC,28-Apr-2022,33.0,PE,0.1,0.1,0.1,0.1,0.05,2,7.94,72000,24000,18-APR-2022,
OPTSTK,NBCC,28-Apr-2022,34.0,PE,0.1,0.1,0.1,0.1,0.1,1,4.09,228000,-12000,18-APR-2022,
OPTSTK,NBCC,28-Apr-2022,35.0,PE,0.25,0.25,0.1,0.2,0.2,46,194.14,996000,12000,18-APR-2022,
OPTSTK,NBCC,28-Apr-2022,36.0,PE,0.2,0.4,0.2,0.25,0.3,6,26.14,324000,-24000,18-APR-2022,
OPTSTK,NBCC,28-Apr-2022,37.0,PE,0.35,0.4,0.25,0.4,0.4,19,85.18,492000,-24000,18-APR-2022,
OPTSTK,NBCC,28-Apr-2022,38.0,PE,0.4,0.75,0.4,0.55,0.55,23,106.56,612000,132000,18-APR-2022,
OPTSTK,NBCC,28-Apr-2022,39.0,PE,0.7,1.3,0.7,0.85,0.85,120,576.31,600000,360000,18-APR-2022,
OPTSTK,NBCC,28-Apr-2022,40.0,PE,1.25,1.6,1.15,1.35,1.35,25,124.09,876000,-48000,18-APR-2022,
OPTSTK,NBCC,28-Apr-2022,41.0,PE,1.8,2.15,1.8,2.15,2.3,6,30.94,288000,60000,18-APR-2022,
OPTSTK,NBCC,28-Apr-2022,42.0,PE,0.0,0.0,0.0,1.85,3.0,0,0.0,60000,0,18-APR-2022,
OPTSTK,NBCC,28-Apr-2022,43.0,PE,0.0,0.0,0.0,3.5,3.8,0,0.0,0,0,18-APR-2022,
OPTSTK,NBCC,28-Apr-2022,44.0,PE,0.0,0.0,0.0,3.95,4.65,0,0.0,0,0,18-APR-2022,
OPTSTK,NBCC,28-Apr-2022,45.0,PE,0.0,0.0,0.0,4.55,5.55,0,0.0,96000,0,18-APR-2022,
OPTSTK,NBCC,28-Apr-2022,46.0,PE,0.0,0.0,0.0,9.5,6.45,0,0.0,36000,0,18-APR-2022,
OPTSTK,NBCC,28-Apr-2022,47.0,PE,0.0,0.0,0.0,5.55,7.45,0,0.0,0,0,18-APR-2022,
OPTSTK,NBCC,28-Apr-2022,48.0,PE,0.0,0.0,0.0,9.1,8.4,0,0.0,36000,0,18-APR-2022,
OPTSTK,NBCC,28-Apr-2022,49.0,PE,0.0,0.0,0.0,6.75,9.4,0,0.0,0,0,18-APR-2022,
OPTSTK,NBCC,28-Apr-2022,50.0,PE,0.0,0.0,0.0,10.1,10.35,0,0.0,216000,0,18-APR-2022,
OPTSTK,NBCC,28-Apr-2022,51.0,PE,0.0,0.0,0.0,8.05,11.35,0,0.0,0,0,18-APR-2022,
OPTSTK,NBCC,28-Apr-2022,52.0,PE,0.0,0.0,0.0,8.75,12.35,0,0.0,0,0,18-APR-2022,
OPTSTK,NBCC,28-Apr-2022,53.0,PE,0.0,0.0,0.0,9.45,13.35,0,0.0,0,0,18-APR-2022,
OPTSTK,NBCC,28-Apr-2022,54.0,PE,0.0,0.0,0.0,10.2,14.35,0,0.0,0,0,18-APR-2022,
OPTSTK,NBCC,28-Apr-2022,55.0,PE,0.0,0.0,0.0,10.95,15.35,0,0.0,0,0,18-APR-2022,
OPTSTK,NBCC,28-Apr-2022,56.0,PE,0.0,0.0,0.0,11.75,16.35,0,0.0,0,0,18-APR-2022,
OPTSTK,NBCC,28-Apr-2022,57.0,PE,0.0,0.0,0.0,12.55,17.35,0,0.0,0,0,18-APR-2022,
OPTSTK,NBCC,28-Apr-2022,58.0,PE,0.0,0.0,0.0,13.35,18.35,0,0.0,0,0,18-APR-2022,
OPTSTK,NBCC,28-Apr-2022,59.0,PE,0.0,0.0,0.0,14.2,19.35,0,0.0,0,0,18-APR-2022,
OPTSTK,NBCC,28-Apr-2022,60.0,PE,0.0,0.0,0.0,15.0,20.35,0,0.0,0,0,18-APR-2022,
OPTSTK,NBCC,28-Apr-2022,61.0,PE,0.0,0.0,0.0,15.9,21.35,0,0.0,0,0,18-APR-2022,
OPTSTK,NBCC,28-Apr-2022,62.0,PE,0.0,0.0,0.0,16.75,22.35,0,0.0,0,0,18-APR-2022,
OPTSTK,NBCC,28-Apr-2022,63.0,PE,0.0,0.0,0.0,17.6,23.35,0,0.0,0,0,18-APR-2022,
OPTSTK,NBCC,26-May-2022,24.0,CE,0.0,0.0,0.0,11.05,15.75,0,0.0,0,0,18-APR-2022,
OPTSTK,NBCC,26-May-2022,25.0,CE,0.0,0.0,0.0,10.15,14.75,0,0.0,0,0,18-APR-2022,
OPTSTK,NBCC,26-May-2022,26.0,CE,0.0,0.0,0.0,9.35,13.75,0,0.0,0,0,18-APR-2022,
OPTSTK,NBCC,26-May-2022,27.0,CE,0.0,0.0,0.0,8.55,12.8,0,0.0,0,0,18-APR-2022,
OPTSTK,NBCC,26-May-2022,28.0,CE,0.0,0.0,0.0,7.8,11.8,0,0.0,0,0,18-APR-2022,
OPTSTK,NBCC,26-May-2022,29.0,CE,0.0,0.0,0.0,7.05,10.85,0,0.0,0,0,18-APR-2022,
OPTSTK,NBCC,26-May-2022,30.0,CE,0.0,0.0,0.0,6.4,9.95,0,0.0,0,0,18-APR-2022,
OPTSTK,NBCC,26-May-2022,31.0,CE,0.0,0.0,0.0,5.75,9.0,0,0.0,0,0,18-APR-2022,
OPTSTK,NBCC,26-May-2022,32.0,CE,0.0,0.0,0.0,5.2,8.15,0,0.0,0,0,18-APR-2022,
OPTSTK,NBCC,26-May-2022,33.0,CE,0.0,0.0,0.0,4.65,7.3,0,0.0,0,0,18-APR-2022,
OPTSTK,NBCC,26-May-2022,34.0,CE,0.0,0.0,0.0,4.15,6.5,0,0.0,0,0,18-APR-2022,
OPTSTK,NBCC,26-May-2022,35.0,CE,0.0,0.0,0.0,3.7,5.75,0,0.0,0,0,18-APR-2022,
OPTSTK,NBCC,26-May-2022,36.0,CE,0.0,0.0,0.0,3.3,5.05,0,0.0,0,0,18-APR-2022,
OPTSTK,NBCC,26-May-2022,37.0,CE,0.0,0.0,0.0,2.9,4.45,0,0.0,0,0,18-APR-2022,
OPTSTK,NBCC,26-May-2022,38.0,CE,0.0,0.0,0.0,2.55,3.85,0,0.0,0,0,18-APR-2022,
OPTSTK,NBCC,26-May-2022,39.0,CE,0.0,0.0,0.0,2.25,3.3,0,0.0,0,0,18-APR-2022,
OPTSTK,NBCC,26-May-2022,40.0,CE,2.2,2.2,2.2,2.2,2.2,1,5.06,12000,12000,18-APR-2022,
OPTSTK,NBCC,26-May-2022,41.0,CE,0.0,0.0,0.0,1.75,2.4,0,0.0,0,0,18-APR-2022,
OPTSTK,NBCC,26-May-2022,42.0,CE,0.0,0.0,0.0,1.55,2.05,0,0.0,0,0,18-APR-2022,
OPTSTK,NBCC,26-May-2022,43.0,CE,0.0,0.0,0.0,1.35,1.7,0,0.0,0,0,18-APR-2022,
OPTSTK,NBCC,26-May-2022,44.0,CE,0.0,0.0,0.0,1.15,1.45,0,0.0,0,0,18-APR-2022,
OPTSTK,NBCC,26-May-2022,45.0,CE,0.0,0.0,0.0,1.75,1.2,0,0.0,24000,0,18-APR-2022,
OPTSTK,NBCC,26-May-2022,46.0,CE,0.0,0.0,0.0,0.9,1.0,0,0.0,0,0,18-APR-2022,
OPTSTK,NBCC,26-May-2022,47.0,CE,0.0,0.0,0.0,0.8,0.8,0,0.0,0,0,18-APR-2022,
OPTSTK,NBCC,26-May-2022,48.0,CE,0.0,0.0,0.0,0.65,0.65,0,0.0,0,0,18-APR-2022,
OPTSTK,NBCC,26-May-2022,49.0,CE,0.0,0.0,0.0,0.6,0.55,0,0.0,0,0,18-APR-2022,
OPTSTK,NBCC,26-May-2022,50.0,CE,0.0,0.0,0.0,0.75,0.45,0,0.0,12000,0,18-APR-2022,
OPTSTK,NBCC,26-May-2022,51.0,CE,0.0,0.0,0.0,0.45,0.35,0,0.0,0,0,18-APR-2022,
OPTSTK,NBCC,26-May-2022,52.0,CE,0.0,0.0,0.0,0.4,0.3,0,0.0,0,0,18-APR-2022,
OPTSTK,NBCC,26-May-2022,53.0,CE,0.0,0.0,0.0,0.35,0.25,0,0.0,0,0,18-APR-2022,
OPTSTK,NBCC,26-May-2022,54.0,CE,0.0,0.0,0.0,0.3,0.2,0,0.0,0,0,18-APR-2022,
OPTSTK,NBCC,26-May-2022,24.0,PE,0.0,0.0,0.0,0.35,0.05,0,0.0,0,0,18-APR-2022,
OPTSTK,NBCC,26-May-2022,25.0,PE,0.0,0.0,0.0,0.45,0.05,0,0.0,0,0,18-APR-2022,
OPTSTK,NBCC,26-May-2022,26.0,PE,0.0,0.0,0.0,0.6,0.05,0,0.0,0,0,18-APR-2022,
OPTSTK,NBCC,26-May-2022,27.0,PE,0.0,0.0,0.0,0.8,0.05,0,0.0,0,0,18-APR-2022,
OPTSTK,NBCC,26-May-2022,28.0,PE,0.0,0.0,0.0,1.05,0.1,0,0.0,0,0,18-APR-2022,
OPTSTK,NBCC,26-May-2022,29.0,PE,0.0,0.0,0.0,1.3,0.15,0,0.0,0,0,18-APR-2022,
OPTSTK,NBCC,26-May-2022,30.0,PE,0.0,0.0,0.0,1.65,0.2,0,0.0,0,0,18-APR-2022,
OPTSTK,NBCC,26-May-2022,31.0,PE,0.0,0.0,0.0,2.0,0.3,0,0.0,0,0,18-APR-2022,
OPTSTK,NBCC,26-May-2022,32.0,PE,0.0,0.0,0.0,2.4,0.4,0,0.0,0,0,18-APR-2022,
OPTSTK,NBCC,26-May-2022,33.0,PE,0.0,0.0,0.0,2.85,0.55,0,0.0,0,0,18-APR-2022,
OPTSTK,NBCC,26-May-2022,34.0,PE,0.0,0.0,0.0,3.35,0.75,0,0.0,0,0,18-APR-2022,
OPTSTK,NBCC,26-May-2022,35.0,PE,0.7,0.7,0.7,0.7,1.0,1,4.28,12000,12000,18-APR-2022,
OPTSTK,NBCC,26-May-2022,36.0,PE,0.0,0.0,0.0,4.45,1.3,0,0.0,0,0,18-APR-2022,
OPTSTK,NBCC,26-May-2022,37.0,PE,0.0,0.0,0.0,1.35,1.65,0,0.0,12000,0,18-APR-2022,
OPTSTK,NBCC,26-May-2022,38.0,PE,0.0,0.0,0.0,5.7,2.1,0,0.0,0,0,18-APR-2022,
OPTSTK,NBCC,26-May-2022,39.0,PE,0.0,0.0,0.0,6.4,2.55,0,0.0,0,0,18-APR-2022,
OPTSTK,NBCC,26-May-2022,40.0,PE,0.0,0.0,0.0,7.1,3.05,0,0.0,0,0,18-APR-2022,
OPTSTK,NBCC,26-May-2022,41.0,PE,0.0,0.0,0.0,7.85,3.65,0,0.0,0,0,18-APR-2022,
OPTSTK,NBCC,26-May-2022,42.0,PE,0.0,0.0,0.0,8.65,4.25,0,0.0,0,0,18-APR-2022,
OPTSTK,NBCC,26-May-2022,43.0,PE,0.0,0.0,0.0,9.45,4.95,0,0.0,0,0,18-APR-2022,
OPTSTK,NBCC,26-May-2022,44.0,PE,0.0,0.0,0.0,10.25,5.65,0,0.0,0,0,18-APR-2022,
OPTSTK,NBCC,26-May-2022,45.0,PE,0.0,0.0,0.0,11.1,6.4,0,0.0,0,0,18-APR-2022,
OPTSTK,NBCC,26-May-2022,46.0,PE,0.0,0.0,0.0,11.95,7.2,0,0.0,0,0,18-APR-2022,
OPTSTK,NBCC,26-May-2022,47.0,PE,0.0,0.0,0.0,12.85,8.0,0,0.0,0,0,18-APR-2022,
OPTSTK,NBCC,26-May-2022,48.0,PE,0.0,0.0,0.0,13.7,8.85,0,0.0,0,0,18-APR-2022,
OPTSTK,NBCC,26-May-2022,49.0,PE,0.0,0.0,0.0,14.6,9.75,0,0.0,0,0,18-APR-2022,
OPTSTK,NBCC,26-May-2022,50.0,PE,0.0,0.0,0.0,15.55,10.65,0,0.0,0,0,18-APR-2022,
OPTSTK,NBCC,26-May-2022,51.0,PE,0.0,0.0,0.0,16.45,11.55,0,0.0,0,0,18-APR-2022,
OPTSTK,NBCC,26-May-2022,52.0,PE,0.0,0.0,0.0,17.4,12.45,0,0.0,0,0,18-APR-2022,
OPTSTK,NBCC,26-May-2022,53.0,PE,0.0,0.0,0.0,18.35,13.4,0,0.0,0,0,18-APR-2022,
OPTSTK,NBCC,26-May-2022,54.0,PE,0.0,0.0,0.0,19.3,14.35,0,0.0,0,0,18-APR-2022,
OPTSTK,NBCC,30-Jun-2022,24.0,CE,0.0,0.0,0.0,12.85,15.9,0,0.0,0,0,18-APR-2022,
OPTSTK,NBCC,30-Jun-2022,25.0,CE,0.0,0.0,0.0,11.95,14.95,0,0.0,0,0,18-APR-2022,
OPTSTK,NBCC,30-Jun-2022,26.0,CE,0.0,0.0,0.0,11.1,14.0,0,0.0,0,0,18-APR-2022,
OPTSTK,NBCC,30-Jun-2022,27.0,CE,0.0,0.0,0.0,10.25,13.1,0,0.0,0,0,18-APR-2022,
OPTSTK,NBCC,30-Jun-2022,28.0,CE,0.0,0.0,0.0,9.5,12.2,0,0.0,0,0,18-APR-2022,
OPTSTK,NBCC,30-Jun-2022,29.0,CE,0.0,0.0,0.0,8.7,11.3,0,0.0,0,0,18-APR-2022,
OPTSTK,NBCC,30-Jun-2022,30.0,CE,0.0,0.0,0.0,8.0,10.45,0,0.0,0,0,18-APR-2022,
OPTSTK,NBCC,30-Jun-2022,31.0,CE,0.0,0.0,0.0,7.3,9.65,0,0.0,0,0,18-APR-2022,
OPTSTK,NBCC,30-Jun-2022,32.0,CE,0.0,0.0,0.0,6.65,8.85,0,0.0,0,0,18-APR-2022,
OPTSTK,NBCC,30-Jun-2022,33.0,CE,0.0,0.0,0.0,6.05,8.1,0,0.0,0,0,18-APR-2022,
OPTSTK,NBCC,30-Jun-2022,34.0,CE,0.0,0.0,0.0,5.5,7.4,0,0.0,0,0,18-APR-2022,
OPTSTK,NBCC,30-Jun-2022,35.0,CE,0.0,0.0,0.0,5.0,6.75,0,0.0,0,0,18-APR-2022,
OPTSTK,NBCC,30-Jun-2022,36.0,CE,0.0,0.0,0.0,4.5,6.1,0,0.0,0,0,18-APR-2022,
OPTSTK,NBCC,30-Jun-2022,37.0,CE,0.0,0.0,0.0,4.05,5.55,0,0.0,0,0,18-APR-2022,
OPTSTK,NBCC,30-Jun-2022,38.0,CE,0.0,0.0,0.0,3.65,5.0,0,0.0,0,0,18-APR-2022,
OPTSTK,NBCC,30-Jun-2022,39.0,CE,0.0,0.0,0.0,3.3,4.5,0,0.0,0,0,18-APR-2022,
OPTSTK,NBCC,30-Jun-2022,40.0,CE,0.0,0.0,0.0,2.95,4.05,0,0.0,0,0,18-APR-2022,
OPTSTK,NBCC,30-Jun-2022,41.0,CE,0.0,0.0,0.0,2.6,3.6,0,0.0,0,0,18-APR-2022,
OPTSTK,NBCC,30-Jun-2022,42.0,CE,0.0,0.0,0.0,2.35,3.2,0,0.0,0,0,18-APR-2022,
OPTSTK,NBCC,30-Jun-2022,43.0,CE,0.0,0.0,0.0,2.1,2.85,0,0.0,0,0,18-APR-2022,
OPTSTK,NBCC,30-Jun-2022,44.0,CE,0.0,0.0,0.0,1.85,2.55,0,0.0,0,0,18-APR-2022,
OPTSTK,NBCC,30-Jun-2022,45.0,CE,0.0,0.0,0.0,1.65,2.25,0,0.0,0,0,18-APR-2022,
OPTSTK,NBCC,30-Jun-2022,46.0,CE,0.0,0.0,0.0,1.45,2.0,0,0.0,0,0,18-APR-2022,
OPTSTK,NBCC,30-Jun-2022,47.0,CE,0.0,0.0,0.0,1.3,1.75,0,0.0,0,0,18-APR-2022,
OPTSTK,NBCC,30-Jun-2022,48.0,CE,0.0,0.0,0.0,1.15,1.55,0,0.0,0,0,18-APR-2022,
OPTSTK,NBCC,30-Jun-2022,49.0,CE,0.0,0.0,0.0,1.05,1.35,0,0.0,0,0,18-APR-2022,
OPTSTK,NBCC,30-Jun-2022,50.0,CE,0.0,0.0,0.0,0.9,1.2,0,0.0,0,0,18-APR-2022,
OPTSTK,NBCC,30-Jun-2022,51.0,CE,0.0,0.0,0.0,0.8,1.05,0,0.0,0,0,18-APR-2022,
OPTSTK,NBCC,30-Jun-2022,52.0,CE,0.0,0.0,0.0,0.7,0.95,0,0.0,0,0,18-APR-2022,
OPTSTK,NBCC,30-Jun-2022,24.0,PE,0.0,0.0,0.0,0.3,0.1,0,0.0,0,0,18-APR-2022,
OPTSTK,NBCC,30-Jun-2022,25.0,PE,0.0,0.0,0.0,0.4,0.15,0,0.0,0,0,18-APR-2022,
OPTSTK,NBCC,30-Jun-2022,26.0,PE,0.0,0.0,0.0,0.5,0.2,0,0.0,0,0,18-APR-2022,
OPTSTK,NBCC,30-Jun-2022,27.0,PE,0.0,0.0,0.0,0.7,0.25,0,0.0,0,0,18-APR-2022,
OPTSTK,NBCC,30-Jun-2022,28.0,PE,0.0,0.0,0.0,0.9,0.35,0,0.0,0,0,18-APR-2022,
OPTSTK,NBCC,30-Jun-2022,29.0,PE,0.0,0.0,0.0,1.1,0.45,0,0.0,0,0,18-APR-2022,
OPTSTK,NBCC,30-Jun-2022,30.0,PE,0.0,0.0,0.0,1.4,0.6,0,0.0,0,0,18-APR-2022,
OPTSTK,NBCC,30-Jun-2022,31.0,PE,0.0,0.0,0.0,1.7,0.8,0,0.0,0,0,18-APR-2022,
OPTSTK,NBCC,30-Jun-2022,32.0,PE,0.0,0.0,0.0,2.05,1.0,0,0.0,0,0,18-APR-2022,
OPTSTK,NBCC,30-Jun-2022,33.0,PE,0.0,0.0,0.0,2.4,1.25,0,0.0,0,0,18-APR-2022,
OPTSTK,NBCC,30-Jun-2022,34.0,PE,0.0,0.0,0.0,2.85,1.55,0,0.0,0,0,18-APR-2022,
OPTSTK,NBCC,30-Jun-2022,35.0,PE,0.0,0.0,0.0,3.3,1.85,0,0.0,0,0,18-APR-2022,
OPTSTK,NBCC,30-Jun-2022,36.0,PE,0.0,0.0,0.0,3.8,2.2,0,0.0,0,0,18-APR-2022,
OPTSTK,NBCC,30-Jun-2022,37.0,PE,0.0,0.0,0.0,4.35,2.65,0,0.0,0,0,18-APR-2022,
OPTSTK,NBCC,30-Jun-2022,38.0,PE,0.0,0.0,0.0,4.95,3.1,0,0.0,0,0,18-APR-2022,
OPTSTK,NBCC,30-Jun-2022,39.0,PE,0.0,0.0,0.0,5.55,3.55,0,0.0,0,0,18-APR-2022,
OPTSTK,NBCC,30-Jun-2022,40.0,PE,0.0,0.0,0.0,6.2,4.1,0,0.0,0,0,18-APR-2022,
OPTSTK,NBCC,30-Jun-2022,41.0,PE,0.0,0.0,0.0,6.9,4.65,0,0.0,0,0,18-APR-2022,
OPTSTK,NBCC,30-Jun-2022,42.0,PE,0.0,0.0,0.0,7.6,5.25,0,0.0,0,0,18-APR-2022,
OPTSTK,NBCC,30-Jun-2022,43.0,PE,0.0,0.0,0.0,8.35,5.9,0,0.0,0,0,18-APR-2022,
OPTSTK,NBCC,30-Jun-2022,44.0,PE,0.0,0.0,0.0,9.1,6.6,0,0.0,0,0,18-APR-2022,
OPTSTK,NBCC,30-Jun-2022,45.0,PE,0.0,0.0,0.0,9.9,7.3,0,0.0,0,0,18-APR-2022,
OPTSTK,NBCC,30-Jun-2022,46.0,PE,0.0,0.0,0.0,10.7,8.0,0,0.0,0,0,18-APR-2022,
OPTSTK,NBCC,30-Jun-2022,47.0,PE,0.0,0.0,0.0,11.5,8.75,0,0.0,0,0,18-APR-2022,
OPTSTK,NBCC,30-Jun-2022,48.0,PE,0.0,0.0,0.0,12.35,9.55,0,0.0,0,0,18-APR-2022,
OPTSTK,NBCC,30-Jun-2022,49.0,PE,0.0,0.0,0.0,13.2,10.35,0,0.0,0,0,18-APR-2022,
OPTSTK,NBCC,30-Jun-2022,50.0,PE,0.0,0.0,0.0,14.1,11.2,0,0.0,0,0,18-APR-2022,
OPTSTK,NBCC,30-Jun-2022,51.0,PE,0.0,0.0,0.0,14.95,12.05,0,0.0,0,0,18-APR-2022,
OPTSTK,NBCC,30-Jun-2022,52.0,PE,0.0,0.0,0.0,15.85,12.9,0,0.0,0,0,18-APR-2022,
OPTSTK,NESTLEIND,28-Apr-2022,14900.0,CE,0.0,0.0,0.0,3683.4,3677.9,0,0.0,0,0,18-APR-2022,
OPTSTK,NESTLEIND,28-Apr-2022,15000.0,CE,0.0,0.0,0.0,3590.1,3578.0,0,0.0,0,0,18-APR-2022,
OPTSTK,NESTLEIND,28-Apr-2022,15100.0,CE,0.0,0.0,0.0,3497.4,3478.1,0,0.0,0,0,18-APR-2022,
OPTSTK,NESTLEIND,28-Apr-2022,15200.0,CE,0.0,0.0,0.0,3405.35,3378.25,0,0.0,0,0,18-APR-2022,
OPTSTK,NESTLEIND,28-Apr-2022,15300.0,CE,0.0,0.0,0.0,3314.0,3278.35,0,0.0,0,0,18-APR-2022,
OPTSTK,NESTLEIND,28-Apr-2022,15400.0,CE,0.0,0.0,0.0,3223.35,3178.45,0,0.0,0,0,18-APR-2022,
OPTSTK,NESTLEIND,28-Apr-2022,15500.0,CE,0.0,0.0,0.0,3133.5,3078.55,0,0.0,0,0,18-APR-2022,
OPTSTK,NESTLEIND,28-Apr-2022,15600.0,CE,0.0,0.0,0.0,3044.45,2978.7,0,0.0,0,0,18-APR-2022,
OPTSTK,NESTLEIND,28-Apr-2022,15700.0,CE,0.0,0.0,0.0,2956.25,2878.8,0,0.0,0,0,18-APR-2022,
OPTSTK,NESTLEIND,28-Apr-2022,15800.0,CE,0.0,0.0,0.0,2869.0,2778.9,0,0.0,0,0,18-APR-2022,
OPTSTK,NESTLEIND,28-Apr-2022,15900.0,CE,0.0,0.0,0.0,2782.7,2679.05,0,0.0,0,0,18-APR-2022,
OPTSTK,NESTLEIND,28-Apr-2022,16000.0,CE,0.0,0.0,0.0,2697.4,2579.15,0,0.0,0,0,18-APR-2022,
OPTSTK,NESTLEIND,28-Apr-2022,16100.0,CE,0.0,0.0,0.0,2613.2,2479.3,0,0.0,0,0,18-APR-2022,
OPTSTK,NESTLEIND,28-Apr-2022,16200.0,CE,0.0,0.0,0.0,2530.05,2379.5,0,0.0,0,0,18-APR-2022,
OPTSTK,NESTLEIND,28-Apr-2022,16300.0,CE,0.0,0.0,0.0,2448.05,2279.7,0,0.0,0,0,18-APR-2022,
OPTSTK,NESTLEIND,28-Apr-2022,16400.0,CE,0.0,0.0,0.0,2367.3,2179.95,0,0.0,0,0,18-APR-2022,
OPTSTK,NESTLEIND,28-Apr-2022,16500.0,CE,0.0,0.0,0.0,2287.7,2080.3,0,0.0,0,0,18-APR-2022,
OPTSTK,NESTLEIND,28-Apr-2022,16600.0,CE,0.0,0.0,0.0,2209.45,1980.8,0,0.0,0,0,18-APR-2022,
OPTSTK,NESTLEIND,28-Apr-2022,16700.0,CE,0.0,0.0,0.0,2132.5,1881.45,0,0.0,0,0,18-APR-2022,
OPTSTK,NESTLEIND,28-Apr-2022,16800.0,CE,0.0,0.0,0.0,2056.85,1782.4,0,0.0,0,0,18-APR-2022,
OPTSTK,NESTLEIND,28-Apr-2022,16900.0,CE,0.0,0.0,0.0,1983.3,1683.7,0,0.0,0,0,18-APR-2022,
OPTSTK,NESTLEIND,28-Apr-2022,17000.0,CE,1490.35,1600.0,1490.3,1600.0,1585.5,3,13.89,525,-50,18-APR-2022,
OPTSTK,NESTLEIND,28-Apr-2022,17100.0,CE,0.0,0.0,0.0,1839.0,1488.0,0,0.0,0,0,18-APR-2022,
OPTSTK,NESTLEIND,28-Apr-2022,17200.0,CE,0.0,0.0,0.0,1768.35,1391.3,0,0.0,0,0,18-APR-2022,
OPTSTK,NESTLEIND,28-Apr-2022,17300.0,CE,0.0,0.0,0.0,1700.05,1295.8,0,0.0,0,0,18-APR-2022,
OPTSTK,NESTLEIND,28-Apr-2022,17400.0,CE,0.0,0.0,0.0,1076.6,1201.6,0,0.0,475,0,18-APR-2022,
OPTSTK,NESTLEIND,28-Apr-2022,17500.0,CE,908.95,1170.0,901.95,1128.05,1109.15,7,32.44,3150,-25,18-APR-2022,
OPTSTK,NESTLEIND,28-Apr-2022,17600.0,CE,876.6,876.6,876.6,876.6,1018.75,1,4.61,200,-25,18-APR-2022,
OPTSTK,NESTLEIND,28-Apr-2022,17700.0,CE,0.0,0.0,0.0,1442.5,930.8,0,0.0,0,0,18-APR-2022,
OPTSTK,NESTLEIND,28-Apr-2022,17800.0,CE,809.15,809.15,809.15,809.15,809.15,1,4.65,325,25,18-APR-2022,
OPTSTK,NESTLEIND,28-Apr-2022,17900.0,CE,0.0,0.0,0.0,1323.4,763.7,0,0.0,0,0,18-APR-2022,
OPTSTK,NESTLEIND,28-Apr-2022,18000.0,CE,470.55,741.1,470.55,688.4,685.4,35,163.03,4400,-325,18-APR-2022,
OPTSTK,NESTLEIND,28-Apr-2022,18100.0,CE,464.3,520.35,464.3,520.35,610.9,3,13.95,175,-50,18-APR-2022,
OPTSTK,NESTLEIND,28-Apr-2022,18200.0,CE,549.95,550.0,549.95,550.0,540.9,2,9.37,275,-25,18-APR-2022,
OPTSTK,NESTLEIND,28-Apr-2022,18300.0,CE,291.6,507.0,291.6,441.75,441.75,28,130.78,200,-150,18-APR-2022,
OPTSTK,NESTLEIND,28-Apr-2022,18400.0,CE,301.95,598.35,176.4,377.8,377.8,72,337.47,425,-125,18-APR-2022,
OPTSTK,NESTLEIND,28-Apr-2022,18500.0,CE,165.2,408.0,165.2,333.25,333.25,1549,7286.51,9800,-2750,18-APR-2022,
OPTSTK,NESTLEIND,28-Apr-2022,18600.0,CE,289.6,344.0,245.2,283.8,283.8,147,694.96,825,625,18-APR-2022,
OPTSTK,NESTLEIND,28-Apr-2022,18700.0,CE,0.0,0.0,0.0,912.0,262.6,0,0.0,0,0,18-APR-2022,
OPTSTK,NESTLEIND,28-Apr-2022,18800.0,CE,199.9,267.45,163.0,210.65,210.65,64,304.43,450,175,18-APR-2022,
OPTSTK,NESTLEIND,28-Apr-2022,18900.0,CE,157.35,157.35,157.25,157.25,185.75,2,9.52,75,0,18-APR-2022,
OPTSTK,NESTLEIND,28-Apr-2022,19000.0,CE,76.3,220.0,31.2,154.65,154.65,905,4332.8,9825,1375,18-APR-2022,
OPTSTK,NESTLEIND,28-Apr-2022,19100.0,CE,0.0,0.0,0.0,744.75,127.65,0,0.0,0,0,18-APR-2022,
OPTSTK,NESTLEIND,28-Apr-2022,19200.0,CE,0.0,0.0,0.0,706.8,103.6,0,0.0,0,0,18-APR-2022,
OPTSTK,NESTLEIND,28-Apr-2022,19300.0,CE,199.0,199.0,9.0,10.0,83.75,6,29.08,25,25,18-APR-2022,
OPTSTK,NESTLEIND,28-Apr-2022,19400.0,CE,0.0,0.0,0.0,635.2,67.05,0,0.0,0,0,18-APR-2022,
OPTSTK,NESTLEIND,28-Apr-2022,19500.0,CE,41.0,81.0,17.1,60.25,53.2,32,156.51,875,150,18-APR-2022,
OPTSTK,NESTLEIND,28-Apr-2022,19600.0,CE,0.0,0.0,0.0,569.35,41.85,0,0.0,0,0,18-APR-2022,
OPTSTK,NESTLEIND,28-Apr-2022,19700.0,CE,0.0,0.0,0.0,538.5,32.6,0,0.0,0,0,18-APR-2022,
OPTSTK,NESTLEIND,28-Apr-2022,19800.0,CE,0.0,0.0,0.0,509.0,25.15,0,0.0,0,0,18-APR-2022,
OPTSTK,NESTLEIND,28-Apr-2022,19900.0,CE,0.0,0.0,0.0,480.75,19.2,0,0.0,0,0,18-APR-2022,
OPTSTK,NESTLEIND,28-Apr-2022,20000.0,CE,21.05,50.0,15.0,35.9,35.9,145,726.38,5525,1575,18-APR-2022,
OPTSTK,NESTLEIND,28-Apr-2022,20100.0,CE,0.0,0.0,0.0,24.8,10.9,0,0.0,0,0,18-APR-2022,
OPTSTK,NESTLEIND,28-Apr-2022,20200.0,CE,0.0,0.0,0.0,404.45,8.1,0,0.0,0,0,18-APR-2022,
OPTSTK,NESTLEIND,28-Apr-2022,20300.0,CE,0.0,0.0,0.0,381.2,5.95,0,0.0,0,0,18-APR-2022,
OPTSTK,NESTLEIND,28-Apr-2022,20400.0,CE,0.0,0.0,0.0,359.05,4.35,0,0.0,0,0,18-APR-2022,
OPTSTK,NESTLEIND,28-Apr-2022,20500.0,CE,0.0,0.0,0.0,20.0,3.15,0,0.0,100,0,18-APR-2022,
OPTSTK,NESTLEIND,28-Apr-2022,20600.0,CE,0.0,0.0,0.0,317.1,2.25,0,0.0,0,0,18-APR-2022,
OPTSTK,NESTLEIND,28-Apr-2022,20700.0,CE,0.0,0.0,0.0,298.0,1.6,0,0.0,0,0,18-APR-2022,
OPTSTK,NESTLEIND,28-Apr-2022,20800.0,CE,0.0,0.0,0.0,279.85,1.15,0,0.0,0,0,18-APR-2022,
OPTSTK,NESTLEIND,28-Apr-2022,20900.0,CE,0.0,0.0,0.0,262.7,0.8,0,0.0,0,0,18-APR-2022,
OPTSTK,NESTLEIND,28-Apr-2022,21000.0,CE,0.0,0.0,0.0,246.4,0.55,0,0.0,0,0,18-APR-2022,
OPTSTK,NESTLEIND,28-Apr-2022,21100.0,CE,0.0,0.0,0.0,231.0,0.4,0,0.0,0,0,18-APR-2022,
OPTSTK,NESTLEIND,28-Apr-2022,21200.0,CE,0.0,0.0,0.0,216.4,0.25,0,0.0,0,0,18-APR-2022,
OPTSTK,NESTLEIND,28-Apr-2022,21300.0,CE,0.0,0.0,0.0,202.6,0.2,0,0.0,0,0,18-APR-2022,
OPTSTK,NESTLEIND,28-Apr-2022,21400.0,CE,0.0,0.0,0.0,189.6,0.15,0,0.0,0,0,18-APR-2022,
OPTSTK,NESTLEIND,28-Apr-2022,21500.0,CE,0.0,0.0,0.0,177.3,0.1,0,0.0,0,0,18-APR-2022,
OPTSTK,NESTLEIND,28-Apr-2022,21600.0,CE,0.0,0.0,0.0,165.7,0.05,0,0.0,0,0,18-APR-2022,
OPTSTK,NESTLEIND,28-Apr-2022,21700.0,CE,0.0,0.0,0.0,154.75,0.05,0,0.0,0,0,18-APR-2022,
OPTSTK,NESTLEIND,28-Apr-2022,21800.0,CE,0.0,0.0,0.0,144.45,0.05,0,0.0,0,0,18-APR-2022,
OPTSTK,NESTLEIND,28-Apr-2022,21900.0,CE,0.0,0.0,0.0,134.75,0.05,0,0.0,0,0,18-APR-2022,
OPTSTK,NESTLEIND,28-Apr-2022,22000.0,CE,0.0,0.0,0.0,125.65,0.05,0,0.0,0,0,18-APR-2022,
OPTSTK,NESTLEIND,28-Apr-2022,22100.0,CE,0.0,0.0,0.0,117.1,0.0,0,0.0,0,0,18-APR-2022,
OPTSTK,NESTLEIND,28-Apr-2022,22200.0,CE,0.0,0.0,0.0,109.05,0.0,0,0.0,0,0,18-APR-2022,
OPTSTK,NESTLEIND,28-Apr-2022,22300.0,CE,0.0,0.0,0.0,101.5,0.0,0,0.0,0,0,18-APR-2022,
OPTSTK,NESTLEIND,28-Apr-2022,22400.0,CE,0.0,0.0,0.0,94.4,0.0,0,0.0,0,0,18-APR-2022,
OPTSTK,NESTLEIND,28-Apr-2022,14900.0,PE,0.0,0.0,0.0,15.0,0.0,0,0.0,0,0,18-APR-2022,
OPTSTK,NESTLEIND,28-Apr-2022,15000.0,PE,0.0,0.0,0.0,48.4,0.0,0,0.0,0,0,18-APR-2022,
OPTSTK,NESTLEIND,28-Apr-2022,15100.0,PE,0.0,0.0,0.0,54.7,0.0,0,0.0,0,0,18-APR-2022,
OPTSTK,NESTLEIND,28-Apr-2022,15200.0,PE,0.0,0.0,0.0,61.6,0.0,0,0.0,0,0,18-APR-2022,
OPTSTK,NESTLEIND,28-Apr-2022,15300.0,PE,0.0,0.0,0.0,69.15,0.0,0,0.0,0,0,18-APR-2022,
OPTSTK,NESTLEIND,28-Apr-2022,15400.0,PE,0.0,0.0,0.0,77.5,0.0,0,0.0,0,0,18-APR-2022,
OPTSTK,NESTLEIND,28-Apr-2022,15500.0,PE,3.15,3.95,3.15,3.95,0.0,2,7.75,175,-50,18-APR-2022,
OPTSTK,NESTLEIND,28-Apr-2022,15600.0,PE,0.0,0.0,0.0,96.5,0.0,0,0.0,0,0,18-APR-2022,
OPTSTK,NESTLEIND,28-Apr-2022,15700.0,PE,0.0,0.0,0.0,107.3,0.05,0,0.0,0,0,18-APR-2022,
OPTSTK,NESTLEIND,28-Apr-2022,15800.0,PE,0.0,0.0,0.0,118.95,0.05,0,0.0,0,0,18-APR-2022,
OPTSTK,NESTLEIND,28-Apr-2022,15900.0,PE,0.0,0.0,0.0,131.65,0.05,0,0.0,0,0,18-APR-2022,
OPTSTK,NESTLEIND,28-Apr-2022,16000.0,PE,0.0,0.0,0.0,5.4,0.05,0,0.0,2750,0,18-APR-2022,
OPTSTK,NESTLEIND,28-Apr-2022,16100.0,PE,0.0,0.0,0.0,29.95,0.1,0,0.0,25,0,18-APR-2022,
OPTSTK,NESTLEIND,28-Apr-2022,16200.0,PE,0.0,0.0,0.0,175.85,0.15,0,0.0,0,0,18-APR-2022,
OPTSTK,NESTLEIND,28-Apr-2022,16300.0,PE,0.0,0.0,0.0,192.85,0.25,0,0.0,0,0,18-APR-2022,
OPTSTK,NESTLEIND,28-Apr-2022,16400.0,PE,0.0,0.0,0.0,211.0,0.4,0,0.0,0,0,18-APR-2022,
OPTSTK,NESTLEIND,28-Apr-2022,16500.0,PE,13.25,13.25,13.25,13.25,0.65,1,4.12,1750,0,18-APR-2022,
OPTSTK,NESTLEIND,28-Apr-2022,16600.0,PE,0.0,0.0,0.0,251.05,1.0,0,0.0,0,0,18-APR-2022,
OPTSTK,NESTLEIND,28-Apr-2022,16700.0,PE,0.0,0.0,0.0,273.05,1.55,0,0.0,0,0,18-APR-2022,
OPTSTK,NESTLEIND,28-Apr-2022,16800.0,PE,0.0,0.0,0.0,296.4,2.4,0,0.0,0,0,18-APR-2022,
OPTSTK,NESTLEIND,28-Apr-2022,16900.0,PE,0.0,0.0,0.0,25.0,3.6,0,0.0,0,0,18-APR-2022,
OPTSTK,NESTLEIND,28-Apr-2022,17000.0,PE,26.1,43.9,20.4,23.0,23.0,28,119.18,5375,-125,18-APR-2022,
OPTSTK,NESTLEIND,28-Apr-2022,17100.0,PE,0.0,0.0,0.0,375.4,7.65,0,0.0,0,0,18-APR-2022,
OPTSTK,NESTLEIND,28-Apr-2022,17200.0,PE,0.0,0.0,0.0,403.7,10.85,0,0.0,0,0,18-APR-2022,
OPTSTK,NESTLEIND,28-Apr-2022,17300.0,PE,0.0,0.0,0.0,434.4,15.2,0,0.0,0,0,18-APR-2022,
OPTSTK,NESTLEIND,28-Apr-2022,17400.0,PE,0.0,0.0,0.0,100.0,20.95,0,0.0,75,0,18-APR-2022,
OPTSTK,NESTLEIND,28-Apr-2022,17500.0,PE,60.45,63.75,32.0,35.15,35.15,154,675.55,4475,-650,18-APR-2022,
OPTSTK,NESTLEIND,28-Apr-2022,17600.0,PE,60.0,60.0,40.0,40.0,40.0,2,8.82,75,0,18-APR-2022,
OPTSTK,NESTLEIND,28-Apr-2022,17700.0,PE,0.0,0.0,0.0,572.7,49.8,0,0.0,0,0,18-APR-2022,
OPTSTK,NESTLEIND,28-Apr-2022,17800.0,PE,0.0,0.0,0.0,177.5,64.5,0,0.0,350,0,18-APR-2022,
OPTSTK,NESTLEIND,28-Apr-2022,17900.0,PE,0.0,0.0,0.0,651.5,82.5,0,0.0,25,0,18-APR-2022,
OPTSTK,NESTLEIND,28-Apr-2022,18000.0,PE,150.05,172.9,90.05,103.85,103.85,329,1489.82,6775,1175,18-APR-2022,
OPTSTK,NESTLEIND,28-Apr-2022,18100.0,PE,0.0,0.0,0.0,736.8,129.45,0,0.0,0,0,18-APR-2022,
OPTSTK,NESTLEIND,28-Apr-2022,18200.0,PE,0.0,0.0,0.0,781.9,159.3,0,0.0,0,0,18-APR-2022,
OPTSTK,NESTLEIND,28-Apr-2022,18300.0,PE,0.0,0.0,0.0,828.65,193.75,0,0.0,0,0,18-APR-2022,
OPTSTK,NESTLEIND,28-Apr-2022,18400.0,PE,0.0,0.0,0.0,877.0,233.0,0,0.0,0,0,18-APR-2022,
OPTSTK,NESTLEIND,28-Apr-2022,18500.0,PE,400.35,400.35,230.2,286.45,286.45,101,474.03,1450,0,18-APR-2022,
OPTSTK,NESTLEIND,28-Apr-2022,18600.0,PE,487.55,487.55,294.9,294.9,326.3,5,23.71,25,0,18-APR-2022,
OPTSTK,NESTLEIND,28-Apr-2022,18700.0,PE,0.0,0.0,0.0,1031.8,380.45,0,0.0,0,0,18-APR-2022,
OPTSTK,NESTLEIND,28-Apr-2022,18800.0,PE,0.0,0.0,0.0,1086.6,439.55,0,0.0,0,0,18-APR-2022,
OPTSTK,NESTLEIND,28-Apr-2022,18900.0,PE,0.0,0.0,0.0,1142.95,503.35,0,0.0,0,0,18-APR-2022,
OPTSTK,NESTLEIND,28-Apr-2022,19000.0,PE,632.75,632.75,542.65,552.7,552.7,5,24.45,225,0,18-APR-2022,
OPTSTK,NESTLEIND,28-Apr-2022,19100.0,PE,0.0,0.0,0.0,1260.35,645.05,0,0.0,0,0,18-APR-2022,
OPTSTK,NESTLEIND,28-Apr-2022,19200.0,PE,0.0,0.0,0.0,1321.35,720.9,0,0.0,0,0,18-APR-2022,
OPTSTK,NESTLEIND,28-Apr-2022,19300.0,PE,0.0,0.0,0.0,1383.8,800.9,0,0.0,0,0,18-APR-2022,
OPTSTK,NESTLEIND,28-Apr-2022,19400.0,PE,0.0,0.0,0.0,1447.7,884.15,0,0.0,0,0,18-APR-2022,
OPTSTK,NESTLEIND,28-Apr-2022,19500.0,PE,0.0,0.0,0.0,1513.0,970.15,0,0.0,0,0,18-APR-2022,
OPTSTK,NESTLEIND,28-Apr-2022,19600.0,PE,0.0,0.0,0.0,1579.75,1058.7,0,0.0,0,0,18-APR-2022,
OPTSTK,NESTLEIND,28-Apr-2022,19700.0,PE,0.0,0.0,0.0,1647.85,1149.3,0,0.0,0,0,18-APR-2022,
OPTSTK,NESTLEIND,28-Apr-2022,19800.0,PE,0.0,0.0,0.0,1717.3,1241.75,0,0.0,0,0,18-APR-2022,
OPTSTK,NESTLEIND,28-Apr-2022,19900.0,PE,0.0,0.0,0.0,1788.0,1335.7,0,0.0,0,0,18-APR-2022,
OPTSTK,NESTLEIND,28-Apr-2022,20000.0,PE,0.0,0.0,0.0,1860.0,1430.95,0,0.0,0,0,18-APR-2022,
OPTSTK,NESTLEIND,28-Apr-2022,20100.0,PE,0.0,0.0,0.0,1933.25,1527.2,0,0.0,0,0,18-APR-2022,
OPTSTK,NESTLEIND,28-Apr-2022,20200.0,PE,0.0,0.0,0.0,2008.55,1624.25,0,0.0,0,0,18-APR-2022,
OPTSTK,NESTLEIND,28-Apr-2022,20300.0,PE,0.0,0.0,0.0,2084.25,1722.0,0,0.0,0,0,18-APR-2022,
OPTSTK,NESTLEIND,28-Apr-2022,20400.0,PE,0.0,0.0,0.0,2161.1,1820.3,0,0.0,0,0,18-APR-2022,
OPTSTK,NESTLEIND,28-Apr-2022,20500.0,PE,0.0,0.0,0.0,2238.2,1918.95,0,0.0,0,0,18-APR-2022,
OPTSTK,NESTLEIND,28-Apr-2022,20600.0,PE,0.0,0.0,0.0,2317.05,2017.95,0,0.0,0,0,18-APR-2022,
OPTSTK,NESTLEIND,28-Apr-2022,20700.0,PE,0.0,0.0,0.0,2396.9,2117.2,0,0.0,0,0,18-APR-2022,
OPTSTK,NESTLEIND,28-Apr-2022,20800.0,PE,0.0,0.0,0.0,2477.75,2216.6,0,0.0,0,0,18-APR-2022,
OPTSTK,NESTLEIND,28-Apr-2022,20900.0,PE,0.0,0.0,0.0,2559.55,2316.15,0,0.0,0,0,18-APR-2022,
OPTSTK,NESTLEIND,28-Apr-2022,21000.0,PE,0.0,0.0,0.0,2642.2,2415.8,0,0.0,0,0,18-APR-2022,
OPTSTK,NESTLEIND,28-Apr-2022,21100.0,PE,0.0,0.0,0.0,2725.75,2515.55,0,0.0,0,0,18-APR-2022,
OPTSTK,NESTLEIND,28-Apr-2022,21200.0,PE,0.0,0.0,0.0,2810.1,2615.3,0,0.0,0,0,18-APR-2022,
OPTSTK,NESTLEIND,28-Apr-2022,21300.0,PE,0.0,0.0,0.0,2895.3,2715.1,0,0.0,0,0,18-APR-2022,
OPTSTK,NESTLEIND,28-Apr-2022,21400.0,PE,0.0,0.0,0.0,2981.2,2814.95,0,0.0,0,0,18-APR-2022,
OPTSTK,NESTLEIND,28-Apr-2022,21500.0,PE,0.0,0.0,0.0,3067.9,2914.8,0,0.0,0,0,18-APR-2022,
OPTSTK,NESTLEIND,28-Apr-2022,21600.0,PE,0.0,0.0,0.0,3155.25,3014.65,0,0.0,0,0,18-APR-2022,
OPTSTK,NESTLEIND,28-Apr-2022,21700.0,PE,0.0,0.0,0.0,3243.25,3114.55,0,0.0,0,0,18-APR-2022,
OPTSTK,NESTLEIND,28-Apr-2022,21800.0,PE,0.0,0.0,0.0,3331.95,3214.4,0,0.0,0,0,18-APR-2022,
OPTSTK,NESTLEIND,28-Apr-2022,21900.0,PE,0.0,0.0,0.0,3421.2,3314.3,0,0.0,0,0,18-APR-2022,
OPTSTK,NESTLEIND,28-Apr-2022,22000.0,PE,0.0,0.0,0.0,3511.05,3414.15,0,0.0,0,0,18-APR-2022,
OPTSTK,NESTLEIND,28-Apr-2022,22100.0,PE,0.0,0.0,0.0,3601.45,3514.05,0,0.0,0,0,18-APR-2022,
OPTSTK,NESTLEIND,28-Apr-2022,22200.0,PE,0.0,0.0,0.0,3692.35,3613.95,0,0.0,0,0,18-APR-2022,
OPTSTK,NESTLEIND,28-Apr-2022,22300.0,PE,0.0,0.0,0.0,3783.75,3713.85,0,0.0,0,0,18-APR-2022,
OPTSTK,NESTLEIND,28-Apr-2022,22400.0,PE,0.0,0.0,0.0,3875.65,3813.7,0,0.0,0,0,18-APR-2022,
OPTSTK,NESTLEIND,26-May-2022,14900.0,CE,0.0,0.0,0.0,3072.05,3728.45,0,0.0,0,0,18-APR-2022,
OPTSTK,NESTLEIND,26-May-2022,15000.0,CE,0.0,0.0,0.0,2982.0,3629.35,0,0.0,0,0,18-APR-2022,
OPTSTK,NESTLEIND,26-May-2022,15100.0,CE,0.0,0.0,0.0,2892.8,3530.4,0,0.0,0,0,18-APR-2022,
OPTSTK,NESTLEIND,26-May-2022,15200.0,CE,0.0,0.0,0.0,2804.5,3431.55,0,0.0,0,0,18-APR-2022,
OPTSTK,NESTLEIND,26-May-2022,15300.0,CE,0.0,0.0,0.0,2717.2,3332.9,0,0.0,0,0,18-APR-2022,
OPTSTK,NESTLEIND,26-May-2022,15400.0,CE,0.0,0.0,0.0,2630.85,3234.45,0,0.0,0,0,18-APR-2022,
OPTSTK,NESTLEIND,26-May-2022,15500.0,CE,0.0,0.0,0.0,2545.6,3136.25,0,0.0,0,0,18-APR-2022,
OPTSTK,NESTLEIND,26-May-2022,15600.0,CE,0.0,0.0,0.0,2461.45,3038.35,0,0.0,0,0,18-APR-2022,
OPTSTK,NESTLEIND,26-May-2022,15700.0,CE,0.0,0.0,0.0,2378.5,2940.8,0,0.0,0,0,18-APR-2022,
OPTSTK,NESTLEIND,26-May-2022,15800.0,CE,0.0,0.0,0.0,2296.75,2843.65,0,0.0,0,0,18-APR-2022,
OPTSTK,NESTLEIND,26-May-2022,15900.0,CE,0.0,0.0,0.0,2216.25,2746.95,0,0.0,0,0,18-APR-2022,
OPTSTK,NESTLEIND,26-May-2022,16000.0,CE,0.0,0.0,0.0,2137.1,2650.75,0,0.0,0,0,18-APR-2022,
OPTSTK,NESTLEIND,26-May-2022,16100.0,CE,0.0,0.0,0.0,2059.25,2555.2,0,0.0,0,0,18-APR-2022,
OPTSTK,NESTLEIND,26-May-2022,16200.0,CE,0.0,0.0,0.0,1982.85,2460.3,0,0.0,0,0,18-APR-2022,
OPTSTK,NESTLEIND,26-May-2022,16300.0,CE,0.0,0.0,0.0,1907.9,2366.15,0,0.0,0,0,18-APR-2022,
OPTSTK,NESTLEIND,26-May-2022,16400.0,CE,0.0,0.0,0.0,1835.0,2272.9,0,0.0,0,0,18-APR-2022,
OPTSTK,NESTLEIND,26-May-2022,16500.0,CE,0.0,0.0,0.0,1763.0,2180.6,0,0.0,0,0,18-APR-2022,
OPTSTK,NESTLEIND,26-May-2022,16600.0,CE,0.0,0.0,0.0,1691.8,2089.3,0,0.0,0,0,18-APR-2022,
OPTSTK,NESTLEIND,26-May-2022,16700.0,CE,0.0,0.0,0.0,1623.05,1999.2,0,0.0,0,0,18-APR-2022,
OPTSTK,NESTLEIND,26-May-2022,16800.0,CE,0.0,0.0,0.0,1555.9,1910.35,0,0.0,0,0,18-APR-2022,
OPTSTK,NESTLEIND,26-May-2022,16900.0,CE,0.0,0.0,0.0,1490.4,1822.85,0,0.0,0,0,18-APR-2022,
OPTSTK,NESTLEIND,26-May-2022,17000.0,CE,0.0,0.0,0.0,1426.6,1736.85,0,0.0,0,0,18-APR-2022,
OPTSTK,NESTLEIND,26-May-2022,17100.0,CE,0.0,0.0,0.0,1364.5,1652.45,0,0.0,0,0,18-APR-2022,
OPTSTK,NESTLEIND,26-May-2022,17200.0,CE,0.0,0.0,0.0,1304.1,1569.7,0,0.0,0,0,18-APR-2022,
OPTSTK,NESTLEIND,26-May-2022,17300.0,CE,0.0,0.0,0.0,1245.4,1488.8,0,0.0,0,0,18-APR-2022,
OPTSTK,NESTLEIND,26-May-2022,17400.0,CE,0.0,0.0,0.0,1188.45,1409.75,0,0.0,0,0,18-APR-2022,
OPTSTK,NESTLEIND,26-May-2022,17500.0,CE,0.0,0.0,0.0,700.0,1332.75,0,0.0,25,0,18-APR-2022,
OPTSTK,NESTLEIND,26-May-2022,17600.0,CE,0.0,0.0,0.0,1079.7,1258.45,0,0.0,0,0,18-APR-2022,
OPTSTK,NESTLEIND,26-May-2022,17700.0,CE,0.0,0.0,0.0,1027.9,1185.55,0,0.0,0,0,18-APR-2022,
OPTSTK,NESTLEIND,26-May-2022,17800.0,CE,0.0,0.0,0.0,977.8,1114.35,0,0.0,0,0,18-APR-2022,
OPTSTK,NESTLEIND,26-May-2022,17900.0,CE,0.0,0.0,0.0,929.45,1046.25,0,0.0,0,0,18-APR-2022,
OPTSTK,NESTLEIND,26-May-2022,18000.0,CE,0.0,0.0,0.0,850.0,980.55,0,0.0,150,0,18-APR-2022,
OPTSTK,NESTLEIND,26-May-2022,18100.0,CE,0.0,0.0,0.0,837.9,917.3,0,0.0,0,0,18-APR-2022,
OPTSTK,NESTLEIND,26-May-2022,18200.0,CE,0.0,0.0,0.0,794.6,856.55,0,0.0,0,0,18-APR-2022,
OPTSTK,NESTLEIND,26-May-2022,18300.0,CE,0.0,0.0,0.0,753.0,798.35,0,0.0,0,0,18-APR-2022,
OPTSTK,NESTLEIND,26-May-2022,18400.0,CE,0.0,0.0,0.0,713.0,742.7,0,0.0,0,0,18-APR-2022,
OPTSTK,NESTLEIND,26-May-2022,18500.0,CE,600.0,700.0,600.0,700.0,689.65,3,14.37,250,25,18-APR-2022,
OPTSTK,NESTLEIND,26-May-2022,18600.0,CE,0.0,0.0,0.0,637.8,639.05,0,0.0,0,0,18-APR-2022,
OPTSTK,NESTLEIND,26-May-2022,18700.0,CE,0.0,0.0,0.0,602.55,591.1,0,0.0,0,0,18-APR-2022,
OPTSTK,NESTLEIND,26-May-2022,18800.0,CE,0.0,0.0,0.0,568.8,545.7,0,0.0,0,0,18-APR-2022,
OPTSTK,NESTLEIND,26-May-2022,18900.0,CE,0.0,0.0,0.0,536.55,502.75,0,0.0,0,0,18-APR-2022,
OPTSTK,NESTLEIND,26-May-2022,19000.0,CE,359.95,480.0,359.95,405.45,462.3,10,48.52,1100,150,18-APR-2022,
OPTSTK,NESTLEIND,26-May-2022,19100.0,CE,0.0,0.0,0.0,476.3,424.3,0,0.0,0,0,18-APR-2022,
OPTSTK,NESTLEIND,26-May-2022,19200.0,CE,0.0,0.0,0.0,448.25,388.6,0,0.0,0,0,18-APR-2022,
OPTSTK,NESTLEIND,26-May-2022,19300.0,CE,0.0,0.0,0.0,421.55,355.2,0,0.0,0,0,18-APR-2022,
OPTSTK,NESTLEIND,26-May-2022,19400.0,CE,0.0,0.0,0.0,397.0,324.05,0,0.0,0,0,18-APR-2022,
OPTSTK,NESTLEIND,26-May-2022,19500.0,CE,234.0,234.0,234.0,234.0,295.05,1,4.93,25,25,18-APR-2022,
OPTSTK,NESTLEIND,26-May-2022,19600.0,CE,0.0,0.0,0.0,350.15,268.1,0,0.0,0,0,18-APR-2022,
OPTSTK,NESTLEIND,26-May-2022,19700.0,CE,0.0,0.0,0.0,328.5,244.0,0,0.0,0,0,18-APR-2022,
OPTSTK,NESTLEIND,26-May-2022,19800.0,CE,0.0,0.0,0.0,307.15,220.3,0,0.0,0,0,18-APR-2022,
OPTSTK,NESTLEIND,26-May-2022,19900.0,CE,0.0,0.0,0.0,287.65,199.0,0,0.0,0,0,18-APR-2022,
OPTSTK,NESTLEIND,26-May-2022,20000.0,CE,195.0,200.0,195.0,200.0,179.45,5,25.24,150,125,18-APR-2022,
OPTSTK,NESTLEIND,26-May-2022,20100.0,CE,0.0,0.0,0.0,251.7,161.45,0,0.0,0,0,18-APR-2022,
OPTSTK,NESTLEIND,26-May-2022,20200.0,CE,0.0,0.0,0.0,235.2,145.0,0,0.0,0,0,18-APR-2022,
OPTSTK,NESTLEIND,26-May-2022,20300.0,CE,0.0,0.0,0.0,219.6,129.95,0,0.0,0,0,18-APR-2022,
OPTSTK,NESTLEIND,26-May-2022,20400.0,CE,0.0,0.0,0.0,204.9,116.25,0,0.0,0,0,18-APR-2022,
OPTSTK,NESTLEIND,26-May-2022,20500.0,CE,0.0,0.0,0.0,191.1,103.8,0,0.0,0,0,18-APR-2022,
OPTSTK,NESTLEIND,26-May-2022,20600.0,CE,0.0,0.0,0.0,178.05,92.45,0,0.0,0,0,18-APR-2022,
OPTSTK,NESTLEIND,26-May-2022,20700.0,CE,0.0,0.0,0.0,165.8,82.2,0,0.0,0,0,18-APR-2022,
OPTSTK,NESTLEIND,26-May-2022,20800.0,CE,0.0,0.0,0.0,154.3,72.95,0,0.0,0,0,18-APR-2022,
OPTSTK,NESTLEIND,26-May-2022,20900.0,CE,0.0,0.0,0.0,143.45,64.65,0,0.0,0,0,18-APR-2022,
OPTSTK,NESTLEIND,26-May-2022,21000.0,CE,0.0,0.0,0.0,133.3,57.15,0,0.0,0,0,18-APR-2022,
OPTSTK,NESTLEIND,26-May-2022,21100.0,CE,0.0,0.0,0.0,123.8,50.4,0,0.0,0,0,18-APR-2022,
OPTSTK,NESTLEIND,26-May-2022,21200.0,CE,0.0,0.0,0.0,114.9,44.4,0,0.0,0,0,18-APR-2022,
OPTSTK,NESTLEIND,26-May-2022,21300.0,CE,0.0,0.0,0.0,106.55,39.05,0,0.0,0,0,18-APR-2022,
OPTSTK,NESTLEIND,26-May-2022,21400.0,CE,0.0,0.0,0.0,98.75,34.25,0,0.0,0,0,18-APR-2022,
OPTSTK,NESTLEIND,26-May-2022,21500.0,CE,0.0,0.0,0.0,91.5,30.0,0,0.0,0,0,18-APR-2022,
OPTSTK,NESTLEIND,26-May-2022,21600.0,CE,0.0,0.0,0.0,84.7,26.2,0,0.0,0,0,18-APR-2022,
OPTSTK,NESTLEIND,26-May-2022,21700.0,CE,0.0,0.0,0.0,78.35,22.85,0,0.0,0,0,18-APR-2022,
OPTSTK,NESTLEIND,26-May-2022,14900.0,PE,0.0,0.0,0.0,71.35,1.55,0,0.0,0,0,18-APR-2022,
OPTSTK,NESTLEIND,26-May-2022,15000.0,PE,0.0,0.0,0.0,80.25,2.05,0,0.0,0,0,18-APR-2022,
OPTSTK,NESTLEIND,26-May-2022,15100.0,PE,0.0,0.0,0.0,90.0,2.6,0,0.0,0,0,18-APR-2022,
OPTSTK,NESTLEIND,26-May-2022,15200.0,PE,0.0,0.0,0.0,100.7,3.35,0,0.0,0,0,18-APR-2022,
OPTSTK,NESTLEIND,26-May-2022,15300.0,PE,0.0,0.0,0.0,112.3,4.25,0,0.0,0,0,18-APR-2022,
OPTSTK,NESTLEIND,26-May-2022,15400.0,PE,0.0,0.0,0.0,124.95,5.35,0,0.0,0,0,18-APR-2022,
OPTSTK,NESTLEIND,26-May-2022,15500.0,PE,0.0,0.0,0.0,138.65,6.7,0,0.0,0,0,18-APR-2022,
OPTSTK,NESTLEIND,26-May-2022,15600.0,PE,0.0,0.0,0.0,153.45,8.35,0,0.0,0,0,18-APR-2022,
OPTSTK,NESTLEIND,26-May-2022,15700.0,PE,0.0,0.0,0.0,169.45,10.35,0,0.0,0,0,18-APR-2022,
OPTSTK,NESTLEIND,26-May-2022,15800.0,PE,0.0,0.0,0.0,186.6,12.75,0,0.0,0,0,18-APR-2022,
OPTSTK,NESTLEIND,26-May-2022,15900.0,PE,0.0,0.0,0.0,205.1,15.65,0,0.0,0,0,18-APR-2022,
OPTSTK,NESTLEIND,26-May-2022,16000.0,PE,0.0,0.0,0.0,224.85,19.0,0,0.0,0,0,18-APR-2022,
OPTSTK,NESTLEIND,26-May-2022,16100.0,PE,0.0,0.0,0.0,246.0,23.0,0,0.0,0,0,18-APR-2022,
OPTSTK,NESTLEIND,26-May-2022,16200.0,PE,0.0,0.0,0.0,268.55,27.65,0,0.0,0,0,18-APR-2022,
OPTSTK,NESTLEIND,26-May-2022,16300.0,PE,0.0,0.0,0.0,292.55,33.1,0,0.0,0,0,18-APR-2022,
OPTSTK,NESTLEIND,26-May-2022,16400.0,PE,0.0,0.0,0.0,318.65,39.4,0,0.0,0,0,18-APR-2022,
OPTSTK,NESTLEIND,26-May-2022,16500.0,PE,0.0,0.0,0.0,119.2,46.65,0,0.0,50,0,18-APR-2022,
OPTSTK,NESTLEIND,26-May-2022,16600.0,PE,0.0,0.0,0.0,373.3,54.95,0,0.0,0,0,18-APR-2022,
OPTSTK,NESTLEIND,26-May-2022,16700.0,PE,0.0,0.0,0.0,403.5,64.4,0,0.0,0,0,18-APR-2022,
OPTSTK,NESTLEIND,26-May-2022,16800.0,PE,0.0,0.0,0.0,435.3,75.1,0,0.0,0,0,18-APR-2022,
OPTSTK,NESTLEIND,26-May-2022,16900.0,PE,0.0,0.0,0.0,468.8,87.15,0,0.0,0,0,18-APR-2022,
OPTSTK,NESTLEIND,26-May-2022,17000.0,PE,0.0,0.0,0.0,175.0,100.7,0,0.0,50,0,18-APR-2022,
OPTSTK,NESTLEIND,26-May-2022,17100.0,PE,0.0,0.0,0.0,540.8,115.85,0,0.0,0,0,18-APR-2022,
OPTSTK,NESTLEIND,26-May-2022,17200.0,PE,0.0,0.0,0.0,579.3,132.7,0,0.0,0,0,18-APR-2022,
OPTSTK,NESTLEIND,26-May-2022,17300.0,PE,0.0,0.0,0.0,619.6,151.3,0,0.0,0,0,18-APR-2022,
OPTSTK,NESTLEIND,26-May-2022,17400.0,PE,0.0,0.0,0.0,661.55,171.85,0,0.0,0,0,18-APR-2022,
OPTSTK,NESTLEIND,26-May-2022,17500.0,PE,0.0,0.0,0.0,705.3,194.35,0,0.0,0,0,18-APR-2022,
OPTSTK,NESTLEIND,26-May-2022,17600.0,PE,0.0,0.0,0.0,750.75,219.65,0,0.0,0,0,18-APR-2022,
OPTSTK,NESTLEIND,26-May-2022,17700.0,PE,0.0,0.0,0.0,797.9,246.3,0,0.0,0,0,18-APR-2022,
OPTSTK,NESTLEIND,26-May-2022,17800.0,PE,0.0,0.0,0.0,846.75,274.65,0,0.0,0,0,18-APR-2022,
OPTSTK,NESTLEIND,26-May-2022,17900.0,PE,0.0,0.0,0.0,897.35,306.1,0,0.0,0,0,18-APR-2022,
OPTSTK,NESTLEIND,26-May-2022,18000.0,PE,0.0,0.0,0.0,949.7,340.0,0,0.0,0,0,18-APR-2022,
OPTSTK,NESTLEIND,26-May-2022,18100.0,PE,0.0,0.0,0.0,1003.7,376.3,0,0.0,0,0,18-APR-2022,
OPTSTK,NESTLEIND,26-May-2022,18200.0,PE,0.0,0.0,0.0,1059.4,415.1,0,0.0,0,0,18-APR-2022,
OPTSTK,NESTLEIND,26-May-2022,18300.0,PE,0.0,0.0,0.0,1116.7,456.45,0,0.0,0,0,18-APR-2022,
OPTSTK,NESTLEIND,26-May-2022,18400.0,PE,0.0,0.0,0.0,1175.7,500.4,0,0.0,0,0,18-APR-2022,
OPTSTK,NESTLEIND,26-May-2022,18500.0,PE,0.0,0.0,0.0,1236.25,546.85,0,0.0,0,0,18-APR-2022,
OPTSTK,NESTLEIND,26-May-2022,18600.0,PE,0.0,0.0,0.0,1298.4,595.85,0,0.0,0,0,18-APR-2022,
OPTSTK,NESTLEIND,26-May-2022,18700.0,PE,0.0,0.0,0.0,1362.1,647.45,0,0.0,0,0,18-APR-2022,
OPTSTK,NESTLEIND,26-May-2022,18800.0,PE,0.0,0.0,0.0,1427.3,701.6,0,0.0,0,0,18-APR-2022,
OPTSTK,NESTLEIND,26-May-2022,18900.0,PE,0.0,0.0,0.0,1494.0,758.2,0,0.0,0,0,18-APR-2022,
OPTSTK,NESTLEIND,26-May-2022,19000.0,PE,0.0,0.0,0.0,1562.1,817.35,0,0.0,0,0,18-APR-2022,
OPTSTK,NESTLEIND,26-May-2022,19100.0,PE,0.0,0.0,0.0,1631.65,878.85,0,0.0,0,0,18-APR-2022,
OPTSTK,NESTLEIND,26-May-2022,19200.0,PE,0.0,0.0,0.0,1702.6,942.75,0,0.0,0,0,18-APR-2022,
OPTSTK,NESTLEIND,26-May-2022,19300.0,PE,0.0,0.0,0.0,1774.85,1008.9,0,0.0,0,0,18-APR-2022,
OPTSTK,NESTLEIND,26-May-2022,19400.0,PE,0.0,0.0,0.0,1849.2,1077.3,0,0.0,0,0,18-APR-2022,
OPTSTK,NESTLEIND,26-May-2022,19500.0,PE,0.0,0.0,0.0,1924.1,1147.85,0,0.0,0,0,18-APR-2022,
OPTSTK,NESTLEIND,26-May-2022,19600.0,PE,0.0,0.0,0.0,2000.25,1220.45,0,0.0,0,0,18-APR-2022,
OPTSTK,NESTLEIND,26-May-2022,19700.0,PE,0.0,0.0,0.0,2077.55,1295.95,0,0.0,0,0,18-APR-2022,
OPTSTK,NESTLEIND,26-May-2022,19800.0,PE,0.0,0.0,0.0,2155.2,1371.8,0,0.0,0,0,18-APR-2022,
OPTSTK,NESTLEIND,26-May-2022,19900.0,PE,0.0,0.0,0.0,2234.6,1450.05,0,0.0,0,0,18-APR-2022,
OPTSTK,NESTLEIND,26-May-2022,20000.0,PE,0.0,0.0,0.0,2315.1,1530.05,0,0.0,0,0,18-APR-2022,
OPTSTK,NESTLEIND,26-May-2022,20100.0,PE,0.0,0.0,0.0,2396.55,1611.65,0,0.0,0,0,18-APR-2022,
OPTSTK,NESTLEIND,26-May-2022,20200.0,PE,0.0,0.0,0.0,2479.0,1694.75,0,0.0,0,0,18-APR-2022,
OPTSTK,NESTLEIND,26-May-2022,20300.0,PE,0.0,0.0,0.0,2562.4,1779.25,0,0.0,0,0,18-APR-2022,
OPTSTK,NESTLEIND,26-May-2022,20400.0,PE,0.0,0.0,0.0,2646.65,1865.1,0,0.0,0,0,18-APR-2022,
OPTSTK,NESTLEIND,26-May-2022,20500.0,PE,0.0,0.0,0.0,2731.8,1952.15,0,0.0,0,0,18-APR-2022,
OPTSTK,NESTLEIND,26-May-2022,20600.0,PE,0.0,0.0,0.0,2817.7,2040.4,0,0.0,0,0,18-APR-2022,
OPTSTK,NESTLEIND,26-May-2022,20700.0,PE,0.0,0.0,0.0,2904.4,2129.75,0,0.0,0,0,18-APR-2022,
OPTSTK,NESTLEIND,26-May-2022,20800.0,PE,0.0,0.0,0.0,2991.85,2220.05,0,0.0,0,0,18-APR-2022,
OPTSTK,NESTLEIND,26-May-2022,20900.0,PE,0.0,0.0,0.0,3080.0,2311.25,0,0.0,0,0,18-APR-2022,
OPTSTK,NESTLEIND,26-May-2022,21000.0,PE,0.0,0.0,0.0,3168.8,2403.35,0,0.0,0,0,18-APR-2022,
OPTSTK,NESTLEIND,26-May-2022,21100.0,PE,0.0,0.0,0.0,3258.25,2496.15,0,0.0,0,0,18-APR-2022,
OPTSTK,NESTLEIND,26-May-2022,21200.0,PE,0.0,0.0,0.0,3348.25,2589.7,0,0.0,0,0,18-APR-2022,
OPTSTK,NESTLEIND,26-May-2022,21300.0,PE,0.0,0.0,0.0,3438.9,2683.9,0,0.0,0,0,18-APR-2022,
OPTSTK,NESTLEIND,26-May-2022,21400.0,PE,0.0,0.0,0.0,3530.05,2778.65,0,0.0,0,0,18-APR-2022,
OPTSTK,NESTLEIND,26-May-2022,21500.0,PE,0.0,0.0,0.0,3621.7,2873.95,0,0.0,0,0,18-APR-2022,
OPTSTK,NESTLEIND,26-May-2022,21600.0,PE,0.0,0.0,0.0,3713.85,2969.75,0,0.0,0,0,18-APR-2022,
OPTSTK,NESTLEIND,26-May-2022,21700.0,PE,0.0,0.0,0.0,3806.45,3065.95,0,0.0,0,0,18-APR-2022,
OPTSTK,NESTLEIND,30-Jun-2022,14900.0,CE,0.0,0.0,0.0,2742.8,3804.8,0,0.0,0,0,18-APR-2022,
OPTSTK,NESTLEIND,30-Jun-2022,15000.0,CE,0.0,0.0,0.0,2656.0,3708.6,0,0.0,0,0,18-APR-2022,
OPTSTK,NESTLEIND,30-Jun-2022,15100.0,CE,0.0,0.0,0.0,2570.25,3612.8,0,0.0,0,0,18-APR-2022,
OPTSTK,NESTLEIND,30-Jun-2022,15200.0,CE,0.0,0.0,0.0,2485.6,3517.5,0,0.0,0,0,18-APR-2022,
OPTSTK,NESTLEIND,30-Jun-2022,15300.0,CE,0.0,0.0,0.0,2402.05,3422.65,0,0.0,0,0,18-APR-2022,
OPTSTK,NESTLEIND,30-Jun-2022,15400.0,CE,0.0,0.0,0.0,2319.75,3328.35,0,0.0,0,0,18-APR-2022,
OPTSTK,NESTLEIND,30-Jun-2022,15500.0,CE,0.0,0.0,0.0,2238.7,3234.65,0,0.0,0,0,18-APR-2022,
OPTSTK,NESTLEIND,30-Jun-2022,15600.0,CE,0.0,0.0,0.0,2159.0,3141.55,0,0.0,0,0,18-APR-2022,
OPTSTK,NESTLEIND,30-Jun-2022,15700.0,CE,0.0,0.0,0.0,2080.6,3049.2,0,0.0,0,0,18-APR-2022,
OPTSTK,NESTLEIND,30-Jun-2022,15800.0,CE,0.0,0.0,0.0,2003.6,2957.55,0,0.0,0,0,18-APR-2022,
OPTSTK,NESTLEIND,30-Jun-2022,15900.0,CE,0.0,0.0,0.0,1928.05,2866.75,0,0.0,0,0,18-APR-2022,
OPTSTK,NESTLEIND,30-Jun-2022,16000.0,CE,0.0,0.0,0.0,1854.55,2776.8,0,0.0,0,0,18-APR-2022,
OPTSTK,NESTLEIND,30-Jun-2022,16100.0,CE,0.0,0.0,0.0,1781.9,2687.75,0,0.0,0,0,18-APR-2022,
OPTSTK,NESTLEIND,30-Jun-2022,16200.0,CE,0.0,0.0,0.0,1710.8,2599.65,0,0.0,0,0,18-APR-2022,
OPTSTK,NESTLEIND,30-Jun-2022,16300.0,CE,0.0,0.0,0.0,1640.7,2512.65,0,0.0,0,0,18-APR-2022,
OPTSTK,NESTLEIND,30-Jun-2022,16400.0,CE,0.0,0.0,0.0,1572.95,2426.7,0,0.0,0,0,18-APR-2022,
OPTSTK,NESTLEIND,30-Jun-2022,16500.0,CE,0.0,0.0,0.0,1506.85,2341.9,0,0.0,0,0,18-APR-2022,
OPTSTK,NESTLEIND,30-Jun-2022,16600.0,CE,0.0,0.0,0.0,1442.45,2258.35,0,0.0,0,0,18-APR-2022,
OPTSTK,NESTLEIND,30-Jun-2022,16700.0,CE,0.0,0.0,0.0,1379.7,2176.05,0,0.0,0,0,18-APR-2022,
OPTSTK,NESTLEIND,30-Jun-2022,16800.0,CE,0.0,0.0,0.0,1318.7,2095.05,0,0.0,0,0,18-APR-2022,
OPTSTK,NESTLEIND,30-Jun-2022,16900.0,CE,0.0,0.0,0.0,1259.4,2015.45,0,0.0,0,0,18-APR-2022,
OPTSTK,NESTLEIND,30-Jun-2022,17000.0,CE,0.0,0.0,0.0,1201.85,1937.3,0,0.0,0,0,18-APR-2022,
OPTSTK,NESTLEIND,30-Jun-2022,17100.0,CE,0.0,0.0,0.0,1146.05,1860.6,0,0.0,0,0,18-APR-2022,
OPTSTK,NESTLEIND,30-Jun-2022,17200.0,CE,0.0,0.0,0.0,1091.95,1785.5,0,0.0,0,0,18-APR-2022,
OPTSTK,NESTLEIND,30-Jun-2022,17300.0,CE,0.0,0.0,0.0,1039.65,1712.5,0,0.0,0,0,18-APR-2022,
OPTSTK,NESTLEIND,30-Jun-2022,17400.0,CE,0.0,0.0,0.0,989.05,1640.45,0,0.0,0,0,18-APR-2022,
OPTSTK,NESTLEIND,30-Jun-2022,17500.0,CE,0.0,0.0,0.0,940.1,1569.35,0,0.0,0,0,18-APR-2022,
OPTSTK,NESTLEIND,30-Jun-2022,17600.0,CE,0.0,0.0,0.0,892.95,1500.8,0,0.0,0,0,18-APR-2022,
OPTSTK,NESTLEIND,30-Jun-2022,17700.0,CE,0.0,0.0,0.0,847.5,1434.0,0,0.0,0,0,18-APR-2022,
OPTSTK,NESTLEIND,30-Jun-2022,17800.0,CE,0.0,0.0,0.0,803.75,1368.95,0,0.0,0,0,18-APR-2022,
OPTSTK,NESTLEIND,30-Jun-2022,17900.0,CE,0.0,0.0,0.0,761.7,1305.7,0,0.0,0,0,18-APR-2022,
OPTSTK,NESTLEIND,30-Jun-2022,18000.0,CE,0.0,0.0,0.0,721.25,1244.2,0,0.0,0,0,18-APR-2022,
OPTSTK,NESTLEIND,30-Jun-2022,18100.0,CE,0.0,0.0,0.0,682.4,1184.6,0,0.0,0,0,18-APR-2022,
OPTSTK,NESTLEIND,30-Jun-2022,18200.0,CE,0.0,0.0,0.0,645.15,1126.8,0,0.0,0,0,18-APR-2022,
OPTSTK,NESTLEIND,30-Jun-2022,18300.0,CE,0.0,0.0,0.0,609.5,1070.85,0,0.0,0,0,18-APR-2022,
OPTSTK,NESTLEIND,30-Jun-2022,18400.0,CE,0.0,0.0,0.0,575.35,1016.75,0,0.0,0,0,18-APR-2022,
OPTSTK,NESTLEIND,30-Jun-2022,18500.0,CE,0.0,0.0,0.0,542.7,964.5,0,0.0,0,0,18-APR-2022,
OPTSTK,NESTLEIND,30-Jun-2022,18600.0,CE,0.0,0.0,0.0,511.5,914.05,0,0.0,0,0,18-APR-2022,
OPTSTK,NESTLEIND,30-Jun-2022,18700.0,CE,0.0,0.0,0.0,481.75,865.5,0,0.0,0,0,18-APR-2022,
OPTSTK,NESTLEIND,30-Jun-2022,18800.0,CE,0.0,0.0,0.0,453.4,818.75,0,0.0,0,0,18-APR-2022,
OPTSTK,NESTLEIND,30-Jun-2022,18900.0,CE,0.0,0.0,0.0,426.35,773.8,0,0.0,0,0,18-APR-2022,
OPTSTK,NESTLEIND,30-Jun-2022,19000.0,CE,0.0,0.0,0.0,401.45,730.7,0,0.0,0,0,18-APR-2022,
OPTSTK,NESTLEIND,30-Jun-2022,19100.0,CE,0.0,0.0,0.0,377.1,689.3,0,0.0,0,0,18-APR-2022,
OPTSTK,NESTLEIND,30-Jun-2022,19200.0,CE,0.0,0.0,0.0,354.0,649.7,0,0.0,0,0,18-APR-2022,
OPTSTK,NESTLEIND,30-Jun-2022,19300.0,CE,0.0,0.0,0.0,332.1,611.8,0,0.0,0,0,18-APR-2022,
OPTSTK,NESTLEIND,30-Jun-2022,19400.0,CE,0.0,0.0,0.0,310.6,575.55,0,0.0,0,0,18-APR-2022,
OPTSTK,NESTLEIND,30-Jun-2022,19500.0,CE,0.0,0.0,0.0,290.85,541.0,0,0.0,0,0,18-APR-2022,
OPTSTK,NESTLEIND,30-Jun-2022,19600.0,CE,0.0,0.0,0.0,272.15,508.0,0,0.0,0,0,18-APR-2022,
OPTSTK,NESTLEIND,30-Jun-2022,19700.0,CE,0.0,0.0,0.0,254.45,476.6,0,0.0,0,0,18-APR-2022,
OPTSTK,NESTLEIND,30-Jun-2022,19800.0,CE,0.0,0.0,0.0,237.75,446.75,0,0.0,0,0,18-APR-2022,
OPTSTK,NESTLEIND,30-Jun-2022,19900.0,CE,0.0,0.0,0.0,222.0,418.35,0,0.0,0,0,18-APR-2022,
OPTSTK,NESTLEIND,30-Jun-2022,20000.0,CE,0.0,0.0,0.0,207.15,391.45,0,0.0,0,0,18-APR-2022,
OPTSTK,NESTLEIND,30-Jun-2022,20100.0,CE,0.0,0.0,0.0,193.15,366.75,0,0.0,0,0,18-APR-2022,
OPTSTK,NESTLEIND,30-Jun-2022,20200.0,CE,0.0,0.0,0.0,179.95,342.75,0,0.0,0,0,18-APR-2022,
OPTSTK,NESTLEIND,30-Jun-2022,20300.0,CE,0.0,0.0,0.0,167.6,320.0,0,0.0,0,0,18-APR-2022,
OPTSTK,NESTLEIND,30-Jun-2022,20400.0,CE,0.0,0.0,0.0,155.95,297.75,0,0.0,0,0,18-APR-2022,
OPTSTK,NESTLEIND,30-Jun-2022,20500.0,CE,0.0,0.0,0.0,145.0,277.35,0,0.0,0,0,18-APR-2022,
OPTSTK,NESTLEIND,30-Jun-2022,20600.0,CE,0.0,0.0,0.0,134.75,258.15,0,0.0,0,0,18-APR-2022,
OPTSTK,NESTLEIND,30-Jun-2022,20700.0,CE,0.0,0.0,0.0,125.1,240.1,0,0.0,0,0,18-APR-2022,
OPTSTK,NESTLEIND,30-Jun-2022,20800.0,CE,0.0,0.0,0.0,116.1,223.1,0,0.0,0,0,18-APR-2022,
OPTSTK,NESTLEIND,30-Jun-2022,20900.0,CE,0.0,0.0,0.0,107.7,207.1,0,0.0,0,0,18-APR-2022,
OPTSTK,NESTLEIND,30-Jun-2022,21000.0,CE,0.0,0.0,0.0,99.8,192.1,0,0.0,0,0,18-APR-2022,
OPTSTK,NESTLEIND,30-Jun-2022,21100.0,CE,0.0,0.0,0.0,92.45,178.0,0,0.0,0,0,18-APR-2022,
OPTSTK,NESTLEIND,30-Jun-2022,21200.0,CE,0.0,0.0,0.0,85.55,164.85,0,0.0,0,0,18-APR-2022,
OPTSTK,NESTLEIND,30-Jun-2022,21300.0,CE,0.0,0.0,0.0,79.15,152.5,0,0.0,0,0,18-APR-2022,
OPTSTK,NESTLEIND,30-Jun-2022,21400.0,CE,0.0,0.0,0.0,73.15,140.95,0,0.0,0,0,18-APR-2022,
OPTSTK,NESTLEIND,30-Jun-2022,14900.0,PE,0.0,0.0,0.0,105.6,17.6,0,0.0,0,0,18-APR-2022,
OPTSTK,NESTLEIND,30-Jun-2022,15000.0,PE,0.0,0.0,0.0,117.75,20.55,0,0.0,0,0,18-APR-2022,
OPTSTK,NESTLEIND,30-Jun-2022,15100.0,PE,0.0,0.0,0.0,130.9,23.9,0,0.0,0,0,18-APR-2022,
OPTSTK,NESTLEIND,30-Jun-2022,15200.0,PE,0.0,0.0,0.0,145.2,27.75,0,0.0,0,0,18-APR-2022,
OPTSTK,NESTLEIND,30-Jun-2022,15300.0,PE,0.0,0.0,0.0,160.65,32.05,0,0.0,0,0,18-APR-2022,
OPTSTK,NESTLEIND,30-Jun-2022,15400.0,PE,0.0,0.0,0.0,177.3,36.9,0,0.0,0,0,18-APR-2022,
OPTSTK,NESTLEIND,30-Jun-2022,15500.0,PE,0.0,0.0,0.0,195.2,42.35,0,0.0,0,0,18-APR-2022,
OPTSTK,NESTLEIND,30-Jun-2022,15600.0,PE,0.0,0.0,0.0,214.4,48.45,0,0.0,0,0,18-APR-2022,
OPTSTK,NESTLEIND,30-Jun-2022,15700.0,PE,0.0,0.0,0.0,234.95,55.2,0,0.0,0,0,18-APR-2022,
OPTSTK,NESTLEIND,30-Jun-2022,15800.0,PE,0.0,0.0,0.0,256.9,62.75,0,0.0,0,0,18-APR-2022,
OPTSTK,NESTLEIND,30-Jun-2022,15900.0,PE,0.0,0.0,0.0,280.3,71.05,0,0.0,0,0,18-APR-2022,
OPTSTK,NESTLEIND,30-Jun-2022,16000.0,PE,0.0,0.0,0.0,305.75,80.25,0,0.0,0,0,18-APR-2022,
OPTSTK,NESTLEIND,30-Jun-2022,16100.0,PE,0.0,0.0,0.0,332.05,90.35,0,0.0,0,0,18-APR-2022,
OPTSTK,NESTLEIND,30-Jun-2022,16200.0,PE,0.0,0.0,0.0,359.9,101.45,0,0.0,0,0,18-APR-2022,
OPTSTK,NESTLEIND,30-Jun-2022,16300.0,PE,0.0,0.0,0.0,388.75,113.55,0,0.0,0,0,18-APR-2022,
OPTSTK,NESTLEIND,30-Jun-2022,16400.0,PE,0.0,0.0,0.0,419.95,126.8,0,0.0,0,0,18-APR-2022,
OPTSTK,NESTLEIND,30-Jun-2022,16500.0,PE,0.0,0.0,0.0,452.8,141.15,0,0.0,0,0,18-APR-2022,
OPTSTK,NESTLEIND,30-Jun-2022,16600.0,PE,0.0,0.0,0.0,487.35,156.75,0,0.0,0,0,18-APR-2022,
OPTSTK,NESTLEIND,30-Jun-2022,16700.0,PE,0.0,0.0,0.0,523.55,173.6,0,0.0,0,0,18-APR-2022,
OPTSTK,NESTLEIND,30-Jun-2022,16800.0,PE,0.0,0.0,0.0,561.5,191.75,0,0.0,0,0,18-APR-2022,
OPTSTK,NESTLEIND,30-Jun-2022,16900.0,PE,0.0,0.0,0.0,601.15,211.35,0,0.0,0,0,18-APR-2022,
OPTSTK,NESTLEIND,30-Jun-2022,17000.0,PE,0.0,0.0,0.0,642.55,232.3,0,0.0,0,0,18-APR-2022,
OPTSTK,NESTLEIND,30-Jun-2022,17100.0,PE,0.0,0.0,0.0,685.7,254.8,0,0.0,0,0,18-APR-2022,
OPTSTK,NESTLEIND,30-Jun-2022,17200.0,PE,0.0,0.0,0.0,730.55,278.8,0,0.0,0,0,18-APR-2022,
OPTSTK,NESTLEIND,30-Jun-2022,17300.0,PE,0.0,0.0,0.0,777.2,305.0,0,0.0,0,0,18-APR-2022,
OPTSTK,NESTLEIND,30-Jun-2022,17400.0,PE,0.0,0.0,0.0,825.55,332.1,0,0.0,0,0,18-APR-2022,
OPTSTK,NESTLEIND,30-Jun-2022,17500.0,PE,0.0,0.0,0.0,875.55,360.15,0,0.0,0,0,18-APR-2022,
OPTSTK,NESTLEIND,30-Jun-2022,17600.0,PE,0.0,0.0,0.0,927.35,390.75,0,0.0,0,0,18-APR-2022,
OPTSTK,NESTLEIND,30-Jun-2022,17700.0,PE,0.0,0.0,0.0,980.85,423.1,0,0.0,0,0,18-APR-2022,
OPTSTK,NESTLEIND,30-Jun-2022,17800.0,PE,0.0,0.0,0.0,1036.05,457.2,0,0.0,0,0,18-APR-2022,
OPTSTK,NESTLEIND,30-Jun-2022,17900.0,PE,0.0,0.0,0.0,1092.9,493.05,0,0.0,0,0,18-APR-2022,
OPTSTK,NESTLEIND,30-Jun-2022,18000.0,PE,0.0,0.0,0.0,1151.4,530.75,0,0.0,0,0,18-APR-2022,
OPTSTK,NESTLEIND,30-Jun-2022,18100.0,PE,0.0,0.0,0.0,1211.5,570.3,0,0.0,0,0,18-APR-2022,
OPTSTK,NESTLEIND,30-Jun-2022,18200.0,PE,0.0,0.0,0.0,1273.25,611.65,0,0.0,0,0,18-APR-2022,
OPTSTK,NESTLEIND,30-Jun-2022,18300.0,PE,0.0,0.0,0.0,1336.5,654.85,0,0.0,0,0,18-APR-2022,
OPTSTK,NESTLEIND,30-Jun-2022,18400.0,PE,0.0,0.0,0.0,1401.3,699.9,0,0.0,0,0,18-APR-2022,
OPTSTK,NESTLEIND,30-Jun-2022,18500.0,PE,0.0,0.0,0.0,1467.6,746.85,0,0.0,0,0,18-APR-2022,
OPTSTK,NESTLEIND,30-Jun-2022,18600.0,PE,0.0,0.0,0.0,1535.4,795.5,0,0.0,0,0,18-APR-2022,
OPTSTK,NESTLEIND,30-Jun-2022,18700.0,PE,0.0,0.0,0.0,1604.55,846.1,0,0.0,0,0,18-APR-2022,
OPTSTK,NESTLEIND,30-Jun-2022,18800.0,PE,0.0,0.0,0.0,1675.15,898.5,0,0.0,0,0,18-APR-2022,
OPTSTK,NESTLEIND,30-Jun-2022,18900.0,PE,0.0,0.0,0.0,1747.1,952.75,0,0.0,0,0,18-APR-2022,
OPTSTK,NESTLEIND,30-Jun-2022,19000.0,PE,0.0,0.0,0.0,1821.1,1008.75,0,0.0,0,0,18-APR-2022,
OPTSTK,NESTLEIND,30-Jun-2022,19100.0,PE,0.0,0.0,0.0,1895.7,1066.55,0,0.0,0,0,18-APR-2022,
OPTSTK,NESTLEIND,30-Jun-2022,19200.0,PE,0.0,0.0,0.0,1971.6,1126.1,0,0.0,0,0,18-APR-2022,
OPTSTK,NESTLEIND,30-Jun-2022,19300.0,PE,0.0,0.0,0.0,2048.65,1187.35,0,0.0,0,0,18-APR-2022,
OPTSTK,NESTLEIND,30-Jun-2022,19400.0,PE,0.0,0.0,0.0,2126.05,1250.25,0,0.0,0,0,18-APR-2022,
OPTSTK,NESTLEIND,30-Jun-2022,19500.0,PE,0.0,0.0,0.0,2205.25,1314.85,0,0.0,0,0,18-APR-2022,
OPTSTK,NESTLEIND,30-Jun-2022,19600.0,PE,0.0,0.0,0.0,2285.5,1381.0,0,0.0,0,0,18-APR-2022,
OPTSTK,NESTLEIND,30-Jun-2022,19700.0,PE,0.0,0.0,0.0,2366.75,1448.75,0,0.0,0,0,18-APR-2022,
OPTSTK,NESTLEIND,30-Jun-2022,19800.0,PE,0.0,0.0,0.0,2449.0,1518.05,0,0.0,0,0,18-APR-2022,
OPTSTK,NESTLEIND,30-Jun-2022,19900.0,PE,0.0,0.0,0.0,2532.2,1588.85,0,0.0,0,0,18-APR-2022,
OPTSTK,NESTLEIND,30-Jun-2022,20000.0,PE,0.0,0.0,0.0,2616.3,1661.05,0,0.0,0,0,18-APR-2022,
OPTSTK,NESTLEIND,30-Jun-2022,20100.0,PE,0.0,0.0,0.0,2701.25,1735.55,0,0.0,0,0,18-APR-2022,
OPTSTK,NESTLEIND,30-Jun-2022,20200.0,PE,0.0,0.0,0.0,2787.0,1810.65,0,0.0,0,0,18-APR-2022,
OPTSTK,NESTLEIND,30-Jun-2022,20300.0,PE,0.0,0.0,0.0,2873.55,1887.1,0,0.0,0,0,18-APR-2022,
OPTSTK,NESTLEIND,30-Jun-2022,20400.0,PE,0.0,0.0,0.0,2960.85,1963.95,0,0.0,0,0,18-APR-2022,
OPTSTK,NESTLEIND,30-Jun-2022,20500.0,PE,0.0,0.0,0.0,3048.9,2042.75,0,0.0,0,0,18-APR-2022,
OPTSTK,NESTLEIND,30-Jun-2022,20600.0,PE,0.0,0.0,0.0,3137.55,2122.7,0,0.0,0,0,18-APR-2022,
OPTSTK,NESTLEIND,30-Jun-2022,20700.0,PE,0.0,0.0,0.0,3226.9,2203.8,0,0.0,0,0,18-APR-2022,
OPTSTK,NESTLEIND,30-Jun-2022,20800.0,PE,0.0,0.0,0.0,3316.85,2285.95,0,0.0,0,0,18-APR-2022,
OPTSTK,NESTLEIND,30-Jun-2022,20900.0,PE,0.0,0.0,0.0,3407.35,2369.1,0,0.0,0,0,18-APR-2022,
OPTSTK,NESTLEIND,30-Jun-2022,21000.0,PE,0.0,0.0,0.0,3498.4,2453.25,0,0.0,0,0,18-APR-2022,
OPTSTK,NESTLEIND,30-Jun-2022,21100.0,PE,0.0,0.0,0.0,3590.0,2538.35,0,0.0,0,0,18-APR-2022,
OPTSTK,NESTLEIND,30-Jun-2022,21200.0,PE,0.0,0.0,0.0,3682.1,2624.3,0,0.0,0,0,18-APR-2022,
OPTSTK,NESTLEIND,30-Jun-2022,21300.0,PE,0.0,0.0,0.0,3774.6,2711.1,0,0.0,0,0,18-APR-2022,
OPTSTK,NESTLEIND,30-Jun-2022,21400.0,PE,0.0,0.0,0.0,3867.6,2798.75,0,0.0,0,0,18-APR-2022,
OPTSTK,NMDC,28-Apr-2022,87.5,CE,0.0,0.0,0.0,48.05,80.85,0,0.0,0,0,18-APR-2022,
OPTSTK,NMDC,28-Apr-2022,90.0,CE,0.0,0.0,0.0,45.7,78.35,0,0.0,0,0,18-APR-2022,
OPTSTK,NMDC,28-Apr-2022,92.5,CE,0.0,0.0,0.0,43.4,75.85,0,0.0,0,0,18-APR-2022,
OPTSTK,NMDC,28-Apr-2022,95.0,CE,0.0,0.0,0.0,41.1,73.4,0,0.0,0,0,18-APR-2022,
OPTSTK,NMDC,28-Apr-2022,97.5,CE,0.0,0.0,0.0,38.9,70.9,0,0.0,0,0,18-APR-2022,
OPTSTK,NMDC,28-Apr-2022,100.0,CE,0.0,0.0,0.0,78.7,68.4,0,0.0,100500,0,18-APR-2022,
OPTSTK,NMDC,28-Apr-2022,102.5,CE,0.0,0.0,0.0,34.6,65.9,0,0.0,0,0,18-APR-2022,
OPTSTK,NMDC,28-Apr-2022,105.0,CE,0.0,0.0,0.0,32.55,63.4,0,0.0,0,0,18-APR-2022,
OPTSTK,NMDC,28-Apr-2022,107.5,CE,0.0,0.0,0.0,30.55,60.9,0,0.0,0,0,18-APR-2022,
OPTSTK,NMDC,28-Apr-2022,110.0,CE,0.0,0.0,0.0,28.65,58.4,0,0.0,0,0,18-APR-2022,
OPTSTK,NMDC,28-Apr-2022,112.5,CE,0.0,0.0,0.0,26.75,55.9,0,0.0,0,0,18-APR-2022,
OPTSTK,NMDC,28-Apr-2022,115.0,CE,0.0,0.0,0.0,25.0,53.4,0,0.0,0,0,18-APR-2022,
OPTSTK,NMDC,28-Apr-2022,117.5,CE,0.0,0.0,0.0,23.25,50.9,0,0.0,0,0,18-APR-2022,
OPTSTK,NMDC,28-Apr-2022,120.0,CE,0.0,0.0,0.0,21.6,48.4,0,0.0,0,0,18-APR-2022,
OPTSTK,NMDC,28-Apr-2022,122.5,CE,0.0,0.0,0.0,20.05,45.9,0,0.0,0,0,18-APR-2022,
OPTSTK,NMDC,28-Apr-2022,125.0,CE,0.0,0.0,0.0,18.6,43.4,0,0.0,0,0,18-APR-2022,
OPTSTK,NMDC,28-Apr-2022,127.5,CE,0.0,0.0,0.0,17.2,40.9,0,0.0,0,0,18-APR-2022,
OPTSTK,NMDC,28-Apr-2022,130.0,CE,0.0,0.0,0.0,15.85,38.4,0,0.0,0,0,18-APR-2022,
OPTSTK,NMDC,28-Apr-2022,132.5,CE,0.0,0.0,0.0,14.6,35.9,0,0.0,0,0,18-APR-2022,
OPTSTK,NMDC,28-Apr-2022,135.0,CE,0.0,0.0,0.0,25.0,33.45,0,0.0,6700,0,18-APR-2022,
OPTSTK,NMDC,28-Apr-2022,137.5,CE,0.0,0.0,0.0,12.35,30.95,0,0.0,0,0,18-APR-2022,
OPTSTK,NMDC,28-Apr-2022,140.0,CE,29.4,29.4,29.4,29.4,28.45,1,11.34,134000,6700,18-APR-2022,
OPTSTK,NMDC,28-Apr-2022,142.5,CE,0.0,0.0,0.0,10.35,26.0,0,0.0,0,0,18-APR-2022,
OPTSTK,NMDC,28-Apr-2022,145.0,CE,0.0,0.0,0.0,25.0,23.6,0,0.0,33500,0,18-APR-2022,
OPTSTK,NMDC,28-Apr-2022,147.5,CE,0.0,0.0,0.0,8.65,21.2,0,0.0,0,0,18-APR-2022,
OPTSTK,NMDC,28-Apr-2022,150.0,CE,19.75,19.75,18.95,18.95,18.85,2,22.69,556100,-13400,18-APR-2022,
OPTSTK,NMDC,28-Apr-2022,152.5,CE,0.0,0.0,0.0,20.05,16.6,0,0.0,40200,0,18-APR-2022,
OPTSTK,NMDC,28-Apr-2022,155.0,CE,14.95,15.4,14.2,14.95,14.45,7,79.59,529300,-13400,18-APR-2022,
OPTSTK,NMDC,28-Apr-2022,157.5,CE,11.95,12.0,11.95,12.0,12.4,3,34.06,67000,0,18-APR-2022,
OPTSTK,NMDC,28-Apr-2022,160.0,CE,10.15,10.45,8.0,9.4,9.4,25,283.97,1567800,-26800,18-APR-2022,
OPTSTK,NMDC,28-Apr-2022,162.5,CE,7.6,7.7,6.25,7.7,7.7,6,68.26,194300,6700,18-APR-2022,
OPTSTK,NMDC,28-Apr-2022,165.0,CE,6.25,6.75,4.35,5.8,5.8,182,2076.64,1206000,87100,18-APR-2022,
OPTSTK,NMDC,28-Apr-2022,167.5,CE,4.75,4.75,3.15,4.15,4.15,170,1951.27,355100,93800,18-APR-2022,
OPTSTK,NMDC,28-Apr-2022,170.0,CE,3.05,3.75,2.25,2.95,2.95,1160,13442.21,7872500,100500,18-APR-2022,
OPTSTK,NMDC,28-Apr-2022,172.5,CE,2.4,2.65,1.65,2.15,2.15,293,3429.27,1005000,221100,18-APR-2022,
OPTSTK,NMDC,28-Apr-2022,175.0,CE,1.8,2.2,1.25,1.65,1.65,668,7904.13,5500700,194300,18-APR-2022,
OPTSTK,NMDC,28-Apr-2022,177.5,CE,1.4,1.5,0.95,1.25,1.25,132,1580.5,964800,73700,18-APR-2022,
OPTSTK,NMDC,28-Apr-2022,180.0,CE,1.0,1.25,0.7,0.9,0.9,749,9077.85,5259500,100500,18-APR-2022,
OPTSTK,NMDC,28-Apr-2022,182.5,CE,0.8,0.85,0.6,0.65,1.2,29,355.96,810700,0,18-APR-2022,
OPTSTK,NMDC,28-Apr-2022,185.0,CE,0.7,0.7,0.45,0.55,0.55,193,2399.58,2023400,-160800,18-APR-2022,
OPTSTK,NMDC,28-Apr-2022,187.5,CE,0.5,0.5,0.35,0.35,0.6,5,62.94,288100,-6700,18-APR-2022,
OPTSTK,NMDC,28-Apr-2022,190.0,CE,0.4,0.45,0.3,0.4,0.4,299,3813.95,3350000,-254600,18-APR-2022,
OPTSTK,NMDC,28-Apr-2022,192.5,CE,0.35,0.35,0.3,0.3,0.3,7,90.42,214400,-33500,18-APR-2022,
OPTSTK,NMDC,28-Apr-2022,195.0,CE,0.25,0.3,0.25,0.25,0.25,29,379.42,469000,0,18-APR-2022,
OPTSTK,NMDC,28-Apr-2022,197.5,CE,0.2,0.25,0.2,0.25,0.15,15,198.7,120600,-13400,18-APR-2022,
OPTSTK,NMDC,28-Apr-2022,200.0,CE,0.15,0.2,0.1,0.15,0.15,117,1569.16,2150700,140700,18-APR-2022,
OPTSTK,NMDC,28-Apr-2022,202.5,CE,0.2,0.2,0.15,0.15,0.05,11,149.38,107200,60300,18-APR-2022,
OPTSTK,NMDC,28-Apr-2022,205.0,CE,0.15,0.15,0.15,0.15,0.05,1,13.74,67000,6700,18-APR-2022,
OPTSTK,NMDC,28-Apr-2022,87.5,PE,0.0,0.0,0.0,0.05,0.0,0,0.0,20100,0,18-APR-2022,
OPTSTK,NMDC,28-Apr-2022,90.0,PE,0.0,0.0,0.0,0.55,0.0,0,0.0,0,0,18-APR-2022,
OPTSTK,NMDC,28-Apr-2022,92.5,PE,0.0,0.0,0.0,0.1,0.0,0,0.0,0,0,18-APR-2022,
OPTSTK,NMDC,28-Apr-2022,95.0,PE,0.0,0.0,0.0,0.95,0.0,0,0.0,0,0,18-APR-2022,
OPTSTK,NMDC,28-Apr-2022,97.5,PE,0.0,0.0,0.0,1.2,0.0,0,0.0,0,0,18-APR-2022,
OPTSTK,NMDC,28-Apr-2022,100.0,PE,0.0,0.0,0.0,0.05,0.0,0,0.0,6700,0,18-APR-2022,
OPTSTK,NMDC,28-Apr-2022,102.5,PE,0.0,0.0,0.0,1.85,0.0,0,0.0,0,0,18-APR-2022,
OPTSTK,NMDC,28-Apr-2022,105.0,PE,0.0,0.0,0.0,2.25,0.0,0,0.0,0,0,18-APR-2022,
OPTSTK,NMDC,28-Apr-2022,107.5,PE,0.0,0.0,0.0,0.1,0.0,0,0.0,26800,0,18-APR-2022,
OPTSTK,NMDC,28-Apr-2022,110.0,PE,0.0,0.0,0.0,0.05,0.0,0,0.0,6700,0,18-APR-2022,
OPTSTK,NMDC,28-Apr-2022,112.5,PE,0.0,0.0,0.0,3.9,0.0,0,0.0,0,0,18-APR-2022,
OPTSTK,NMDC,28-Apr-2022,115.0,PE,0.0,0.0,0.0,4.6,0.0,0,0.0,0,0,18-APR-2022,
OPTSTK,NMDC,28-Apr-2022,117.5,PE,0.0,0.0,0.0,5.35,0.0,0,0.0,0,0,18-APR-2022,
OPTSTK,NMDC,28-Apr-2022,120.0,PE,0.1,0.1,0.05,0.05,0.05,5,40.22,26800,0,18-APR-2022,
OPTSTK,NMDC,28-Apr-2022,122.5,PE,0.0,0.0,0.0,7.1,0.0,0,0.0,0,0,18-APR-2022,
OPTSTK,NMDC,28-Apr-2022,125.0,PE,0.05,0.05,0.05,0.05,0.05,2,16.75,40200,-6700,18-APR-2022,
OPTSTK,NMDC,28-Apr-2022,127.5,PE,0.0,0.0,0.0,9.15,0.0,0,0.0,0,0,18-APR-2022,
OPTSTK,NMDC,28-Apr-2022,130.0,PE,0.05,0.05,0.05,0.05,0.05,3,26.14,308200,-20100,18-APR-2022,
OPTSTK,NMDC,28-Apr-2022,132.5,PE,0.0,0.0,0.0,0.2,0.0,0,0.0,6700,0,18-APR-2022,
OPTSTK,NMDC,28-Apr-2022,135.0,PE,0.1,0.1,0.1,0.1,0.05,1,9.05,214400,0,18-APR-2022,
OPTSTK,NMDC,28-Apr-2022,137.5,PE,0.0,0.0,0.0,0.15,0.05,0,0.0,53600,0,18-APR-2022,
OPTSTK,NMDC,28-Apr-2022,140.0,PE,0.15,0.2,0.1,0.2,0.05,47,441.43,1695100,-80400,18-APR-2022,
OPTSTK,NMDC,28-Apr-2022,142.5,PE,0.0,0.0,0.0,0.35,0.1,0,0.0,40200,0,18-APR-2022,
OPTSTK,NMDC,28-Apr-2022,145.0,PE,0.2,0.25,0.15,0.15,0.15,33,321.02,1239500,-13400,18-APR-2022,
OPTSTK,NMDC,28-Apr-2022,147.5,PE,0.0,0.0,0.0,0.35,0.3,0,0.0,107200,0,18-APR-2022,
OPTSTK,NMDC,28-Apr-2022,150.0,PE,0.35,0.4,0.25,0.3,0.3,168,1692.29,2338300,-234500,18-APR-2022,
OPTSTK,NMDC,28-Apr-2022,152.5,PE,0.45,0.5,0.4,0.45,0.7,26,266.43,154100,33500,18-APR-2022,
OPTSTK,NMDC,28-Apr-2022,155.0,PE,0.65,0.65,0.45,0.5,0.5,145,1511.1,1306500,-40200,18-APR-2022,
OPTSTK,NMDC,28-Apr-2022,157.5,PE,1.1,1.1,0.65,0.7,0.7,24,254.51,301500,40200,18-APR-2022,
OPTSTK,NMDC,28-Apr-2022,160.0,PE,1.8,1.8,0.9,0.95,0.95,366,3950.29,2345000,-107200,18-APR-2022,
OPTSTK,NMDC,28-Apr-2022,162.5,PE,1.65,1.95,1.2,1.4,1.4,125,1373.65,402000,-13400,18-APR-2022,
OPTSTK,NMDC,28-Apr-2022,165.0,PE,2.5,2.9,1.65,2.05,2.05,328,3676.49,1768800,60300,18-APR-2022,
OPTSTK,NMDC,28-Apr-2022,167.5,PE,3.35,4.15,2.55,2.95,2.95,214,2447.4,529300,-13400,18-APR-2022,
OPTSTK,NMDC,28-Apr-2022,170.0,PE,4.85,5.75,3.5,4.15,4.15,312,3646.08,3504100,-160800,18-APR-2022,
OPTSTK,NMDC,28-Apr-2022,172.5,PE,6.25,6.9,5.9,6.9,7.7,5,59.92,542700,13400,18-APR-2022,
OPTSTK,NMDC,28-Apr-2022,175.0,PE,8.3,9.3,7.0,7.8,7.8,19,233.47,884400,-53600,18-APR-2022,
OPTSTK,NMDC,28-Apr-2022,177.5,PE,9.95,11.15,9.3,11.15,11.2,7,87.97,53600,-6700,18-APR-2022,
OPTSTK,NMDC,28-Apr-2022,180.0,PE,12.25,13.7,11.55,13.7,13.15,7,90.15,214400,-13400,18-APR-2022,
OPTSTK,NMDC,28-Apr-2022,182.5,PE,0.0,0.0,0.0,48.55,15.25,0,0.0,0,0,18-APR-2022,
OPTSTK,NMDC,28-Apr-2022,185.0,PE,0.0,0.0,0.0,12.4,17.4,0,0.0,6700,0,18-APR-2022,
OPTSTK,NMDC,28-Apr-2022,187.5,PE,0.0,0.0,0.0,53.05,19.65,0,0.0,0,0,18-APR-2022,
OPTSTK,NMDC,28-Apr-2022,190.0,PE,21.6,21.6,21.6,21.6,21.95,1,14.17,26800,-6700,18-APR-2022,
OPTSTK,NMDC,28-Apr-2022,192.5,PE,0.0,0.0,0.0,54.15,24.35,0,0.0,0,0,18-APR-2022,
OPTSTK,NMDC,28-Apr-2022,195.0,PE,0.0,0.0,0.0,55.7,26.75,0,0.0,0,0,18-APR-2022,
OPTSTK,NMDC,28-Apr-2022,197.5,PE,0.0,0.0,0.0,52.15,29.2,0,0.0,0,0,18-APR-2022,
OPTSTK,NMDC,28-Apr-2022,200.0,PE,0.0,0.0,0.0,54.45,31.65,0,0.0,0,0,18-APR-2022,
OPTSTK,NMDC,28-Apr-2022,202.5,PE,0.0,0.0,0.0,52.35,34.1,0,0.0,0,0,18-APR-2022,
OPTSTK,NMDC,28-Apr-2022,205.0,PE,0.0,0.0,0.0,54.6,36.55,0,0.0,0,0,18-APR-2022,
OPTSTK,NMDC,26-May-2022,87.5,CE,0.0,0.0,0.0,48.25,81.15,0,0.0,0,0,18-APR-2022,
OPTSTK,NMDC,26-May-2022,90.0,CE,0.0,0.0,0.0,45.9,78.65,0,0.0,0,0,18-APR-2022,
OPTSTK,NMDC,26-May-2022,92.5,CE,0.0,0.0,0.0,43.6,76.2,0,0.0,0,0,18-APR-2022,
OPTSTK,NMDC,26-May-2022,95.0,CE,0.0,0.0,0.0,41.3,73.7,0,0.0,0,0,18-APR-2022,
OPTSTK,NMDC,26-May-2022,97.5,CE,0.0,0.0,0.0,39.1,71.2,0,0.0,0,0,18-APR-2022,
OPTSTK,NMDC,26-May-2022,100.0,CE,0.0,0.0,0.0,36.9,68.7,0,0.0,0,0,18-APR-2022,
OPTSTK,NMDC,26-May-2022,102.5,CE,0.0,0.0,0.0,34.75,66.25,0,0.0,0,0,18-APR-2022,
OPTSTK,NMDC,26-May-2022,105.0,CE,0.0,0.0,0.0,32.7,63.75,0,0.0,0,0,18-APR-2022,
OPTSTK,NMDC,26-May-2022,107.5,CE,0.0,0.0,0.0,30.65,61.25,0,0.0,0,0,18-APR-2022,
OPTSTK,NMDC,26-May-2022,110.0,CE,0.0,0.0,0.0,28.7,58.75,0,0.0,0,0,18-APR-2022,
OPTSTK,NMDC,26-May-2022,112.5,CE,0.0,0.0,0.0,26.85,56.3,0,0.0,0,0,18-APR-2022,
OPTSTK,NMDC,26-May-2022,115.0,CE,0.0,0.0,0.0,25.05,53.85,0,0.0,0,0,18-APR-2022,
OPTSTK,NMDC,26-May-2022,117.5,CE,0.0,0.0,0.0,23.3,51.35,0,0.0,0,0,18-APR-2022,
OPTSTK,NMDC,26-May-2022,120.0,CE,0.0,0.0,0.0,21.65,48.9,0,0.0,0,0,18-APR-2022,
OPTSTK,NMDC,26-May-2022,122.5,CE,0.0,0.0,0.0,20.1,46.45,0,0.0,0,0,18-APR-2022,
OPTSTK,NMDC,26-May-2022,125.0,CE,0.0,0.0,0.0,18.6,44.05,0,0.0,0,0,18-APR-2022,
OPTSTK,NMDC,26-May-2022,127.5,CE,0.0,0.0,0.0,17.15,41.65,0,0.0,0,0,18-APR-2022,
OPTSTK,NMDC,26-May-2022,130.0,CE,0.0,0.0,0.0,15.85,39.3,0,0.0,0,0,18-APR-2022,
OPTSTK,NMDC,26-May-2022,132.5,CE,0.0,0.0,0.0,14.6,36.95,0,0.0,0,0,18-APR-2022,
OPTSTK,NMDC,26-May-2022,135.0,CE,0.0,0.0,0.0,13.4,34.65,0,0.0,0,0,18-APR-2022,
OPTSTK,NMDC,26-May-2022,137.5,CE,0.0,0.0,0.0,12.3,32.4,0,0.0,0,0,18-APR-2022,
OPTSTK,NMDC,26-May-2022,140.0,CE,0.0,0.0,0.0,11.25,30.2,0,0.0,0,0,18-APR-2022,
OPTSTK,NMDC,26-May-2022,142.5,CE,0.0,0.0,0.0,10.3,28.1,0,0.0,0,0,18-APR-2022,
OPTSTK,NMDC,26-May-2022,145.0,CE,0.0,0.0,0.0,9.4,26.0,0,0.0,0,0,18-APR-2022,
OPTSTK,NMDC,26-May-2022,147.5,CE,0.0,0.0,0.0,8.55,24.0,0,0.0,0,0,18-APR-2022,
OPTSTK,NMDC,26-May-2022,150.0,CE,0.0,0.0,0.0,7.8,22.1,0,0.0,0,0,18-APR-2022,
OPTSTK,NMDC,26-May-2022,152.5,CE,0.0,0.0,0.0,7.1,20.25,0,0.0,0,0,18-APR-2022,
OPTSTK,NMDC,26-May-2022,155.0,CE,0.0,0.0,0.0,6.45,18.5,0,0.0,0,0,18-APR-2022,
OPTSTK,NMDC,26-May-2022,157.5,CE,0.0,0.0,0.0,5.85,16.85,0,0.0,0,0,18-APR-2022,
OPTSTK,NMDC,26-May-2022,160.0,CE,0.0,0.0,0.0,13.55,15.3,0,0.0,87100,0,18-APR-2022,
OPTSTK,NMDC,26-May-2022,162.5,CE,0.0,0.0,0.0,4.8,13.85,0,0.0,0,0,18-APR-2022,
OPTSTK,NMDC,26-May-2022,165.0,CE,0.0,0.0,0.0,4.35,12.45,0,0.0,0,0,18-APR-2022,
OPTSTK,NMDC,26-May-2022,167.5,CE,0.0,0.0,0.0,3.9,11.2,0,0.0,0,0,18-APR-2022,
OPTSTK,NMDC,26-May-2022,170.0,CE,7.95,8.0,6.35,7.1,7.1,41,486.42,656600,113900,18-APR-2022,
OPTSTK,NMDC,26-May-2022,172.5,CE,0.0,0.0,0.0,3.15,8.95,0,0.0,0,0,18-APR-2022,
OPTSTK,NMDC,26-May-2022,175.0,CE,0.0,0.0,0.0,5.75,7.95,0,0.0,33500,0,18-APR-2022,
OPTSTK,NMDC,26-May-2022,177.5,CE,0.0,0.0,0.0,2.55,7.05,0,0.0,0,0,18-APR-2022,
OPTSTK,NMDC,26-May-2022,180.0,CE,4.1,4.1,3.1,3.65,3.65,29,356.71,341700,20100,18-APR-2022,
OPTSTK,NMDC,26-May-2022,182.5,CE,0.0,0.0,0.0,2.05,5.45,0,0.0,0,0,18-APR-2022,
OPTSTK,NMDC,26-May-2022,185.0,CE,0.0,0.0,0.0,1.85,4.8,0,0.0,0,0,18-APR-2022,
OPTSTK,NMDC,26-May-2022,187.5,CE,0.0,0.0,0.0,1.65,4.2,0,0.0,0,0,18-APR-2022,
OPTSTK,NMDC,26-May-2022,190.0,CE,1.9,2.25,1.6,1.8,1.8,19,244.14,221100,46900,18-APR-2022,
OPTSTK,NMDC,26-May-2022,192.5,CE,0.0,0.0,0.0,2.05,3.2,0,0.0,0,0,18-APR-2022,
OPTSTK,NMDC,26-May-2022,195.0,CE,0.0,0.0,0.0,1.8,2.75,0,0.0,0,0,18-APR-2022,
OPTSTK,NMDC,26-May-2022,197.5,CE,0.0,0.0,0.0,1.85,2.4,0,0.0,0,0,18-APR-2022,
OPTSTK,NMDC,26-May-2022,200.0,CE,1.0,1.65,0.85,1.3,1.3,22,296.66,308200,120600,18-APR-2022,
OPTSTK,NMDC,26-May-2022,202.5,CE,0.0,0.0,0.0,2.4,1.8,0,0.0,0,0,18-APR-2022,
OPTSTK,NMDC,26-May-2022,205.0,CE,0.0,0.0,0.0,2.15,1.5,0,0.0,0,0,18-APR-2022,
OPTSTK,NMDC,26-May-2022,87.5,PE,0.0,0.0,0.0,0.4,0.0,0,0.0,0,0,18-APR-2022,
OPTSTK,NMDC,26-May-2022,90.0,PE,0.0,0.0,0.0,0.5,0.0,0,0.0,0,0,18-APR-2022,
OPTSTK,NMDC,26-May-2022,92.5,PE,0.0,0.0,0.0,0.65,0.0,0,0.0,0,0,18-APR-2022,
OPTSTK,NMDC,26-May-2022,95.0,PE,0.0,0.0,0.0,0.85,0.0,0,0.0,0,0,18-APR-2022,
OPTSTK,NMDC,26-May-2022,97.5,PE,0.0,0.0,0.0,1.1,0.0,0,0.0,0,0,18-APR-2022,
OPTSTK,NMDC,26-May-2022,100.0,PE,0.0,0.0,0.0,1.4,0.0,0,0.0,0,0,18-APR-2022,
OPTSTK,NMDC,26-May-2022,102.5,PE,0.0,0.0,0.0,1.75,0.0,0,0.0,0,0,18-APR-2022,
OPTSTK,NMDC,26-May-2022,105.0,PE,0.0,0.0,0.0,2.15,0.05,0,0.0,0,0,18-APR-2022,
OPTSTK,NMDC,26-May-2022,107.5,PE,0.0,0.0,0.0,2.6,0.05,0,0.0,0,0,18-APR-2022,
OPTSTK,NMDC,26-May-2022,110.0,PE,0.0,0.0,0.0,3.1,0.05,0,0.0,0,0,18-APR-2022,
OPTSTK,NMDC,26-May-2022,112.5,PE,0.0,0.0,0.0,3.7,0.05,0,0.0,0,0,18-APR-2022,
OPTSTK,NMDC,26-May-2022,115.0,PE,0.0,0.0,0.0,4.4,0.05,0,0.0,0,0,18-APR-2022,
OPTSTK,NMDC,26-May-2022,117.5,PE,0.0,0.0,0.0,5.15,0.1,0,0.0,0,0,18-APR-2022,
OPTSTK,NMDC,26-May-2022,120.0,PE,0.0,0.0,0.0,0.1,0.15,0,0.0,13400,0,18-APR-2022,
OPTSTK,NMDC,26-May-2022,122.5,PE,0.0,0.0,0.0,6.85,0.2,0,0.0,0,0,18-APR-2022,
OPTSTK,NMDC,26-May-2022,125.0,PE,0.0,0.0,0.0,7.85,0.25,0,0.0,0,0,18-APR-2022,
OPTSTK,NMDC,26-May-2022,127.5,PE,0.0,0.0,0.0,8.9,0.35,0,0.0,0,0,18-APR-2022,
OPTSTK,NMDC,26-May-2022,130.0,PE,0.0,0.0,0.0,1.9,0.45,0,0.0,6700,0,18-APR-2022,
OPTSTK,NMDC,26-May-2022,132.5,PE,0.0,0.0,0.0,11.25,0.6,0,0.0,0,0,18-APR-2022,
OPTSTK,NMDC,26-May-2022,135.0,PE,0.0,0.0,0.0,12.55,0.8,0,0.0,0,0,18-APR-2022,
OPTSTK,NMDC,26-May-2022,137.5,PE,0.0,0.0,0.0,13.9,1.05,0,0.0,0,0,18-APR-2022,
OPTSTK,NMDC,26-May-2022,140.0,PE,0.0,0.0,0.0,0.65,1.35,0,0.0,80400,0,18-APR-2022,
OPTSTK,NMDC,26-May-2022,142.5,PE,0.0,0.0,0.0,16.85,1.7,0,0.0,0,0,18-APR-2022,
OPTSTK,NMDC,26-May-2022,145.0,PE,0.0,0.0,0.0,18.45,2.1,0,0.0,0,0,18-APR-2022,
OPTSTK,NMDC,26-May-2022,147.5,PE,0.0,0.0,0.0,20.1,2.6,0,0.0,0,0,18-APR-2022,
OPTSTK,NMDC,26-May-2022,150.0,PE,1.4,1.65,1.2,1.2,3.2,7,71.05,294800,40200,18-APR-2022,
OPTSTK,NMDC,26-May-2022,152.5,PE,0.0,0.0,0.0,23.55,3.85,0,0.0,0,0,18-APR-2022,
OPTSTK,NMDC,26-May-2022,155.0,PE,0.0,0.0,0.0,25.35,4.6,0,0.0,0,0,18-APR-2022,
OPTSTK,NMDC,26-May-2022,157.5,PE,0.0,0.0,0.0,27.25,5.4,0,0.0,0,0,18-APR-2022,
OPTSTK,NMDC,26-May-2022,160.0,PE,3.75,4.2,3.25,3.55,3.55,16,175.53,234500,40200,18-APR-2022,
OPTSTK,NMDC,26-May-2022,162.5,PE,0.0,0.0,0.0,31.15,7.35,0,0.0,0,0,18-APR-2022,
OPTSTK,NMDC,26-May-2022,165.0,PE,5.4,5.4,5.15,5.15,8.5,2,22.81,13400,6700,18-APR-2022,
OPTSTK,NMDC,26-May-2022,167.5,PE,0.0,0.0,0.0,35.2,9.7,0,0.0,0,0,18-APR-2022,
OPTSTK,NMDC,26-May-2022,170.0,PE,8.95,9.0,7.5,7.6,7.6,8,95.55,187600,40200,18-APR-2022,
OPTSTK,NMDC,26-May-2022,172.5,PE,0.0,0.0,0.0,39.4,12.45,0,0.0,0,0,18-APR-2022,
OPTSTK,NMDC,26-May-2022,175.0,PE,0.0,0.0,0.0,41.55,13.95,0,0.0,0,0,18-APR-2022,
OPTSTK,NMDC,26-May-2022,177.5,PE,0.0,0.0,0.0,43.75,15.5,0,0.0,0,0,18-APR-2022,
OPTSTK,NMDC,26-May-2022,180.0,PE,0.0,0.0,0.0,45.95,17.15,0,0.0,0,0,18-APR-2022,
OPTSTK,NMDC,26-May-2022,182.5,PE,0.0,0.0,0.0,48.2,18.9,0,0.0,0,0,18-APR-2022,
OPTSTK,NMDC,26-May-2022,185.0,PE,0.0,0.0,0.0,50.45,20.75,0,0.0,0,0,18-APR-2022,
OPTSTK,NMDC,26-May-2022,187.5,PE,0.0,0.0,0.0,52.75,22.65,0,0.0,0,0,18-APR-2022,
OPTSTK,NMDC,26-May-2022,190.0,PE,0.0,0.0,0.0,55.05,24.6,0,0.0,0,0,18-APR-2022,
OPTSTK,NMDC,26-May-2022,192.5,PE,0.0,0.0,0.0,51.6,26.6,0,0.0,0,0,18-APR-2022,
OPTSTK,NMDC,26-May-2022,195.0,PE,0.0,0.0,0.0,53.85,28.65,0,0.0,0,0,18-APR-2022,
OPTSTK,NMDC,26-May-2022,197.5,PE,0.0,0.0,0.0,54.25,30.75,0,0.0,0,0,18-APR-2022,
OPTSTK,NMDC,26-May-2022,200.0,PE,0.0,0.0,0.0,49.6,32.95,0,0.0,0,0,18-APR-2022,
OPTSTK,NMDC,26-May-2022,202.5,PE,0.0,0.0,0.0,51.8,35.15,0,0.0,0,0,18-APR-2022,
OPTSTK,NMDC,26-May-2022,205.0,PE,0.0,0.0,0.0,54.05,37.35,0,0.0,0,0,18-APR-2022,
OPTSTK,NMDC,30-Jun-2022,102.5,CE,0.0,0.0,0.0,61.45,66.75,0,0.0,0,0,18-APR-2022,
OPTSTK,NMDC,30-Jun-2022,105.0,CE,0.0,0.0,0.0,59.1,64.3,0,0.0,0,0,18-APR-2022,
OPTSTK,NMDC,30-Jun-2022,107.5,CE,0.0,0.0,0.0,56.75,61.85,0,0.0,0,0,18-APR-2022,
OPTSTK,NMDC,30-Jun-2022,110.0,CE,0.0,0.0,0.0,54.4,59.45,0,0.0,0,0,18-APR-2022,
OPTSTK,NMDC,30-Jun-2022,112.5,CE,0.0,0.0,0.0,52.1,57.05,0,0.0,0,0,18-APR-2022,
OPTSTK,NMDC,30-Jun-2022,115.0,CE,0.0,0.0,0.0,49.85,54.65,0,0.0,0,0,18-APR-2022,
OPTSTK,NMDC,30-Jun-2022,117.5,CE,0.0,0.0,0.0,47.65,52.3,0,0.0,0,0,18-APR-2022,
OPTSTK,NMDC,30-Jun-2022,120.0,CE,0.0,0.0,0.0,45.45,50.0,0,0.0,0,0,18-APR-2022,
OPTSTK,NMDC,30-Jun-2022,122.5,CE,0.0,0.0,0.0,43.3,47.7,0,0.0,0,0,18-APR-2022,
OPTSTK,NMDC,30-Jun-2022,125.0,CE,0.0,0.0,0.0,41.2,45.45,0,0.0,0,0,18-APR-2022,
OPTSTK,NMDC,30-Jun-2022,127.5,CE,0.0,0.0,0.0,39.15,43.2,0,0.0,0,0,18-APR-2022,
OPTSTK,NMDC,30-Jun-2022,130.0,CE,0.0,0.0,0.0,37.15,41.05,0,0.0,0,0,18-APR-2022,
OPTSTK,NMDC,30-Jun-2022,132.5,CE,0.0,0.0,0.0,35.2,38.9,0,0.0,0,0,18-APR-2022,
OPTSTK,NMDC,30-Jun-2022,135.0,CE,0.0,0.0,0.0,33.3,36.85,0,0.0,0,0,18-APR-2022,
OPTSTK,NMDC,30-Jun-2022,137.5,CE,0.0,0.0,0.0,31.5,34.8,0,0.0,0,0,18-APR-2022,
OPTSTK,NMDC,30-Jun-2022,140.0,CE,0.0,0.0,0.0,29.7,32.85,0,0.0,0,0,18-APR-2022,
OPTSTK,NMDC,30-Jun-2022,142.5,CE,0.0,0.0,0.0,28.0,30.95,0,0.0,0,0,18-APR-2022,
OPTSTK,NMDC,30-Jun-2022,145.0,CE,0.0,0.0,0.0,26.35,29.1,0,0.0,0,0,18-APR-2022,
OPTSTK,NMDC,30-Jun-2022,147.5,CE,0.0,0.0,0.0,24.8,27.3,0,0.0,0,0,18-APR-2022,
OPTSTK,NMDC,30-Jun-2022,150.0,CE,0.0,0.0,0.0,23.3,25.6,0,0.0,0,0,18-APR-2022,
OPTSTK,NMDC,30-Jun-2022,152.5,CE,0.0,0.0,0.0,21.85,23.95,0,0.0,0,0,18-APR-2022,
OPTSTK,NMDC,30-Jun-2022,155.0,CE,0.0,0.0,0.0,20.45,22.35,0,0.0,0,0,18-APR-2022,
OPTSTK,NMDC,30-Jun-2022,157.5,CE,0.0,0.0,0.0,19.15,20.85,0,0.0,0,0,18-APR-2022,
OPTSTK,NMDC,30-Jun-2022,160.0,CE,0.0,0.0,0.0,17.9,19.4,0,0.0,0,0,18-APR-2022,
OPTSTK,NMDC,30-Jun-2022,162.5,CE,0.0,0.0,0.0,16.7,18.05,0,0.0,0,0,18-APR-2022,
OPTSTK,NMDC,30-Jun-2022,165.0,CE,0.0,0.0,0.0,15.55,16.75,0,0.0,0,0,18-APR-2022,
OPTSTK,NMDC,30-Jun-2022,167.5,CE,0.0,0.0,0.0,14.5,15.55,0,0.0,0,0,18-APR-2022,
OPTSTK,NMDC,30-Jun-2022,170.0,CE,0.0,0.0,0.0,13.5,14.35,0,0.0,0,0,18-APR-2022,
OPTSTK,NMDC,30-Jun-2022,172.5,CE,0.0,0.0,0.0,12.5,13.3,0,0.0,0,0,18-APR-2022,
OPTSTK,NMDC,30-Jun-2022,175.0,CE,0.0,0.0,0.0,11.65,12.25,0,0.0,0,0,18-APR-2022,
OPTSTK,NMDC,30-Jun-2022,177.5,CE,0.0,0.0,0.0,10.8,11.3,0,0.0,0,0,18-APR-2022,
OPTSTK,NMDC,30-Jun-2022,180.0,CE,0.0,0.0,0.0,10.0,10.4,0,0.0,0,0,18-APR-2022,
OPTSTK,NMDC,30-Jun-2022,182.5,CE,0.0,0.0,0.0,9.25,9.55,0,0.0,0,0,18-APR-2022,
OPTSTK,NMDC,30-Jun-2022,185.0,CE,0.0,0.0,0.0,8.55,8.75,0,0.0,0,0,18-APR-2022,
OPTSTK,NMDC,30-Jun-2022,187.5,CE,0.0,0.0,0.0,7.9,8.05,0,0.0,0,0,18-APR-2022,
OPTSTK,NMDC,30-Jun-2022,190.0,CE,0.0,0.0,0.0,7.3,7.35,0,0.0,0,0,18-APR-2022,
OPTSTK,NMDC,30-Jun-2022,192.5,CE,0.0,0.0,0.0,6.75,6.75,0,0.0,0,0,18-APR-2022,
OPTSTK,NMDC,30-Jun-2022,195.0,CE,0.0,0.0,0.0,6.2,6.15,0,0.0,0,0,18-APR-2022,
OPTSTK,NMDC,30-Jun-2022,197.5,CE,0.0,0.0,0.0,5.75,5.6,0,0.0,0,0,18-APR-2022,
OPTSTK,NMDC,30-Jun-2022,200.0,CE,0.0,0.0,0.0,5.25,5.1,0,0.0,0,0,18-APR-2022,
OPTSTK,NMDC,30-Jun-2022,202.5,CE,0.0,0.0,0.0,4.85,4.65,0,0.0,0,0,18-APR-2022,
OPTSTK,NMDC,30-Jun-2022,205.0,CE,0.0,0.0,0.0,4.45,4.25,0,0.0,0,0,18-APR-2022,
OPTSTK,NMDC,30-Jun-2022,102.5,PE,0.0,0.0,0.0,0.35,0.1,0,0.0,0,0,18-APR-2022,
OPTSTK,NMDC,30-Jun-2022,105.0,PE,0.0,0.0,0.0,0.45,0.15,0,0.0,0,0,18-APR-2022,
OPTSTK,NMDC,30-Jun-2022,107.5,PE,0.0,0.0,0.0,0.55,0.2,0,0.0,0,0,18-APR-2022,
OPTSTK,NMDC,30-Jun-2022,110.0,PE,0.0,0.0,0.0,0.7,0.25,0,0.0,0,0,18-APR-2022,
OPTSTK,NMDC,30-Jun-2022,112.5,PE,0.0,0.0,0.0,0.9,0.35,0,0.0,0,0,18-APR-2022,
OPTSTK,NMDC,30-Jun-2022,115.0,PE,0.0,0.0,0.0,1.1,0.45,0,0.0,0,0,18-APR-2022,
OPTSTK,NMDC,30-Jun-2022,117.5,PE,0.0,0.0,0.0,1.35,0.6,0,0.0,0,0,18-APR-2022,
OPTSTK,NMDC,30-Jun-2022,120.0,PE,0.0,0.0,0.0,1.65,0.75,0,0.0,0,0,18-APR-2022,
OPTSTK,NMDC,30-Jun-2022,122.5,PE,0.0,0.0,0.0,1.95,0.9,0,0.0,0,0,18-APR-2022,
OPTSTK,NMDC,30-Jun-2022,125.0,PE,0.0,0.0,0.0,2.35,1.15,0,0.0,0,0,18-APR-2022,
OPTSTK,NMDC,30-Jun-2022,127.5,PE,0.0,0.0,0.0,2.75,1.4,0,0.0,0,0,18-APR-2022,
OPTSTK,NMDC,30-Jun-2022,130.0,PE,0.0,0.0,0.0,3.25,1.7,0,0.0,0,0,18-APR-2022,
OPTSTK,NMDC,30-Jun-2022,132.5,PE,0.0,0.0,0.0,3.75,2.05,0,0.0,0,0,18-APR-2022,
OPTSTK,NMDC,30-Jun-2022,135.0,PE,0.0,0.0,0.0,4.35,2.45,0,0.0,0,0,18-APR-2022,
OPTSTK,NMDC,30-Jun-2022,137.5,PE,0.0,0.0,0.0,5.0,2.9,0,0.0,0,0,18-APR-2022,
OPTSTK,NMDC,30-Jun-2022,140.0,PE,0.0,0.0,0.0,5.7,3.4,0,0.0,0,0,18-APR-2022,
OPTSTK,NMDC,30-Jun-2022,142.5,PE,0.0,0.0,0.0,6.45,3.95,0,0.0,0,0,18-APR-2022,
OPTSTK,NMDC,30-Jun-2022,145.0,PE,0.0,0.0,0.0,2.3,4.6,0,0.0,6700,0,18-APR-2022,
OPTSTK,NMDC,30-Jun-2022,147.5,PE,0.0,0.0,0.0,8.2,5.3,0,0.0,0,0,18-APR-2022,
OPTSTK,NMDC,30-Jun-2022,150.0,PE,0.0,0.0,0.0,9.15,6.05,0,0.0,0,0,18-APR-2022,
OPTSTK,NMDC,30-Jun-2022,152.5,PE,0.0,0.0,0.0,10.2,6.9,0,0.0,0,0,18-APR-2022,
OPTSTK,NMDC,30-Jun-2022,155.0,PE,0.0,0.0,0.0,11.25,7.8,0,0.0,0,0,18-APR-2022,
OPTSTK,NMDC,30-Jun-2022,157.5,PE,0.0,0.0,0.0,12.4,8.75,0,0.0,0,0,18-APR-2022,
OPTSTK,NMDC,30-Jun-2022,160.0,PE,0.0,0.0,0.0,13.65,9.8,0,0.0,0,0,18-APR-2022,
OPTSTK,NMDC,30-Jun-2022,162.5,PE,0.0,0.0,0.0,14.95,10.95,0,0.0,0,0,18-APR-2022,
OPTSTK,NMDC,30-Jun-2022,165.0,PE,0.0,0.0,0.0,16.25,12.1,0,0.0,0,0,18-APR-2022,
OPTSTK,NMDC,30-Jun-2022,167.5,PE,14.1,14.1,14.1,14.1,13.35,1,12.16,6700,6700,18-APR-2022,
OPTSTK,NMDC,30-Jun-2022,170.0,PE,11.0,11.0,11.0,11.0,14.7,1,12.12,13400,0,18-APR-2022,
OPTSTK,NMDC,30-Jun-2022,172.5,PE,0.0,0.0,0.0,20.65,16.05,0,0.0,0,0,18-APR-2022,
OPTSTK,NMDC,30-Jun-2022,175.0,PE,0.0,0.0,0.0,22.25,17.5,0,0.0,0,0,18-APR-2022,
OPTSTK,NMDC,30-Jun-2022,177.5,PE,0.0,0.0,0.0,23.85,19.05,0,0.0,0,0,18-APR-2022,
OPTSTK,NMDC,30-Jun-2022,180.0,PE,0.0,0.0,0.0,25.55,20.6,0,0.0,0,0,18-APR-2022,
OPTSTK,NMDC,30-Jun-2022,182.5,PE,0.0,0.0,0.0,27.3,22.25,0,0.0,0,0,18-APR-2022,
OPTSTK,NMDC,30-Jun-2022,185.0,PE,0.0,0.0,0.0,29.05,23.95,0,0.0,0,0,18-APR-2022,
OPTSTK,NMDC,30-Jun-2022,187.5,PE,0.0,0.0,0.0,30.9,25.7,0,0.0,0,0,18-APR-2022,
OPTSTK,NMDC,30-Jun-2022,190.0,PE,0.0,0.0,0.0,32.75,27.5,0,0.0,0,0,18-APR-2022,
OPTSTK,NMDC,30-Jun-2022,192.5,PE,0.0,0.0,0.0,34.65,29.35,0,0.0,0,0,18-APR-2022,
OPTSTK,NMDC,30-Jun-2022,195.0,PE,0.0,0.0,0.0,36.6,31.25,0,0.0,0,0,18-APR-2022,
OPTSTK,NMDC,30-Jun-2022,197.5,PE,0.0,0.0,0.0,38.6,33.2,0,0.0,0,0,18-APR-2022,
OPTSTK,NMDC,30-Jun-2022,200.0,PE,0.0,0.0,0.0,40.6,35.15,0,0.0,0,0,18-APR-2022,
OPTSTK,NMDC,30-Jun-2022,202.5,PE,0.0,0.0,0.0,42.65,37.2,0,0.0,0,0,18-APR-2022,
OPTSTK,NMDC,30-Jun-2022,205.0,PE,0.0,0.0,0.0,44.75,39.25,0,0.0,0,0,18-APR-2022,
OPTSTK,NTPC,28-Apr-2022,101.0,CE,0.0,0.0,0.0,35.4,62.35,0,0.0,0,0,18-APR-2022,
OPTSTK,NTPC,28-Apr-2022,102.0,CE,0.0,0.0,0.0,34.45,61.35,0,0.0,0,0,18-APR-2022,
OPTSTK,NTPC,28-Apr-2022,103.0,CE,0.0,0.0,0.0,33.55,60.35,0,0.0,0,0,18-APR-2022,
OPTSTK,NTPC,28-Apr-2022,104.0,CE,0.0,0.0,0.0,32.6,59.35,0,0.0,0,0,18-APR-2022,
OPTSTK,NTPC,28-Apr-2022,105.0,CE,0.0,0.0,0.0,31.7,58.35,0,0.0,0,0,18-APR-2022,
OPTSTK,NTPC,28-Apr-2022,106.0,CE,0.0,0.0,0.0,30.75,57.35,0,0.0,0,0,18-APR-2022,
OPTSTK,NTPC,28-Apr-2022,107.0,CE,0.0,0.0,0.0,29.85,56.35,0,0.0,0,0,18-APR-2022,
OPTSTK,NTPC,28-Apr-2022,108.0,CE,0.0,0.0,0.0,29.0,55.35,0,0.0,0,0,18-APR-2022,
OPTSTK,NTPC,28-Apr-2022,109.0,CE,0.0,0.0,0.0,28.1,54.35,0,0.0,0,0,18-APR-2022,
OPTSTK,NTPC,28-Apr-2022,110.0,CE,0.0,0.0,0.0,39.0,53.35,0,0.0,5700,0,18-APR-2022,
OPTSTK,NTPC,28-Apr-2022,111.0,CE,0.0,0.0,0.0,26.35,52.35,0,0.0,0,0,18-APR-2022,
OPTSTK,NTPC,28-Apr-2022,112.0,CE,0.0,0.0,0.0,25.5,51.35,0,0.0,0,0,18-APR-2022,
OPTSTK,NTPC,28-Apr-2022,113.0,CE,0.0,0.0,0.0,24.65,50.35,0,0.0,0,0,18-APR-2022,
OPTSTK,NTPC,28-Apr-2022,114.0,CE,0.0,0.0,0.0,23.85,49.35,0,0.0,0,0,18-APR-2022,
OPTSTK,NTPC,28-Apr-2022,115.0,CE,0.0,0.0,0.0,23.0,48.35,0,0.0,0,0,18-APR-2022,
OPTSTK,NTPC,28-Apr-2022,116.0,CE,0.0,0.0,0.0,22.2,47.35,0,0.0,0,0,18-APR-2022,
OPTSTK,NTPC,28-Apr-2022,117.0,CE,0.0,0.0,0.0,21.45,46.35,0,0.0,0,0,18-APR-2022,
OPTSTK,NTPC,28-Apr-2022,118.0,CE,0.0,0.0,0.0,20.65,45.35,0,0.0,0,0,18-APR-2022,
OPTSTK,NTPC,28-Apr-2022,119.0,CE,0.0,0.0,0.0,19.9,44.35,0,0.0,0,0,18-APR-2022,
OPTSTK,NTPC,28-Apr-2022,120.0,CE,0.0,0.0,0.0,33.1,43.35,0,0.0,5700,0,18-APR-2022,
OPTSTK,NTPC,28-Apr-2022,121.0,CE,0.0,0.0,0.0,18.45,42.35,0,0.0,0,0,18-APR-2022,
OPTSTK,NTPC,28-Apr-2022,122.0,CE,0.0,0.0,0.0,17.7,41.35,0,0.0,0,0,18-APR-2022,
OPTSTK,NTPC,28-Apr-2022,123.0,CE,0.0,0.0,0.0,17.0,40.35,0,0.0,0,0,18-APR-2022,
OPTSTK,NTPC,28-Apr-2022,124.0,CE,0.0,0.0,0.0,33.0,39.35,0,0.0,17100,0,18-APR-2022,
OPTSTK,NTPC,28-Apr-2022,125.0,CE,0.0,0.0,0.0,29.2,38.35,0,0.0,62700,0,18-APR-2022,
OPTSTK,NTPC,28-Apr-2022,126.0,CE,0.0,0.0,0.0,15.0,37.35,0,0.0,0,0,18-APR-2022,
OPTSTK,NTPC,28-Apr-2022,127.0,CE,0.0,0.0,0.0,14.4,36.35,0,0.0,0,0,18-APR-2022,
OPTSTK,NTPC,28-Apr-2022,128.0,CE,0.0,0.0,0.0,13.75,35.35,0,0.0,0,0,18-APR-2022,
OPTSTK,NTPC,28-Apr-2022,129.0,CE,0.0,0.0,0.0,13.15,34.35,0,0.0,0,0,18-APR-2022,
OPTSTK,NTPC,28-Apr-2022,130.0,CE,30.15,30.15,30.15,30.15,33.35,1,9.12,233700,-5700,18-APR-2022,
OPTSTK,NTPC,28-Apr-2022,131.0,CE,0.0,0.0,0.0,12.05,32.35,0,0.0,0,0,18-APR-2022,
OPTSTK,NTPC,28-Apr-2022,132.0,CE,0.0,0.0,0.0,17.95,31.35,0,0.0,11400,0,18-APR-2022,
OPTSTK,NTPC,28-Apr-2022,133.0,CE,0.0,0.0,0.0,22.25,30.35,0,0.0,119700,0,18-APR-2022,
OPTSTK,NTPC,28-Apr-2022,134.0,CE,27.4,27.4,26.35,26.35,29.35,2,18.33,142500,-11400,18-APR-2022,
OPTSTK,NTPC,28-Apr-2022,135.0,CE,23.5,27.6,23.5,27.6,27.6,7,64.34,946200,-11400,18-APR-2022,
OPTSTK,NTPC,28-Apr-2022,136.0,CE,25.3,25.3,25.3,25.3,27.4,3,27.58,176700,-17100,18-APR-2022,
OPTSTK,NTPC,28-Apr-2022,137.0,CE,0.0,0.0,0.0,16.65,26.4,0,0.0,159600,0,18-APR-2022,
OPTSTK,NTPC,28-Apr-2022,138.0,CE,19.7,19.7,19.7,19.7,25.4,1,8.98,199500,0,18-APR-2022,
OPTSTK,NTPC,28-Apr-2022,139.0,CE,0.0,0.0,0.0,14.3,24.4,0,0.0,142500,0,18-APR-2022,
OPTSTK,NTPC,28-Apr-2022,140.0,CE,17.75,23.5,17.75,23.25,23.25,460,4222.6,3186300,-2131800,18-APR-2022,
OPTSTK,NTPC,28-Apr-2022,141.0,CE,18.65,19.65,18.65,19.3,22.4,3,27.39,302100,-11400,18-APR-2022,
OPTSTK,NTPC,28-Apr-2022,142.0,CE,15.95,15.95,15.95,15.95,21.4,1,9.0,524400,0,18-APR-2022,
OPTSTK,NTPC,28-Apr-2022,143.0,CE,17.45,17.45,17.15,17.2,20.4,6,54.82,575700,-34200,18-APR-2022,
OPTSTK,NTPC,28-Apr-2022,144.0,CE,18.25,18.25,16.15,16.15,19.45,2,18.37,1128600,0,18-APR-2022,
OPTSTK,NTPC,28-Apr-2022,145.0,CE,11.8,18.6,11.8,18.2,18.2,77,704.65,4360500,-91200,18-APR-2022,
OPTSTK,NTPC,28-Apr-2022,146.0,CE,10.95,11.85,10.95,11.85,17.5,3,26.88,438900,5700,18-APR-2022,
OPTSTK,NTPC,28-Apr-2022,147.0,CE,10.55,16.45,10.55,16.45,16.45,17,154.11,438900,-5700,18-APR-2022,
OPTSTK,NTPC,28-Apr-2022,148.0,CE,9.5,13.7,9.5,13.7,15.55,2,18.19,347700,-11400,18-APR-2022,
OPTSTK,NTPC,28-Apr-2022,149.0,CE,8.8,14.55,8.5,14.35,14.35,42,385.3,530100,-34200,18-APR-2022,
OPTSTK,NTPC,28-Apr-2022,150.0,CE,5.4,13.65,5.4,13.4,13.4,744,6761.46,21922200,-74100,18-APR-2022,
OPTSTK,NTPC,28-Apr-2022,151.0,CE,5.75,12.7,5.75,12.7,12.7,83,755.33,604200,-39900,18-APR-2022,
OPTSTK,NTPC,28-Apr-2022,152.0,CE,5.5,11.65,4.95,11.35,11.35,118,1073.59,889200,-17100,18-APR-2022,
OPTSTK,NTPC,28-Apr-2022,153.0,CE,4.45,10.85,4.2,10.5,10.5,245,2227.71,843600,-222300,18-APR-2022,
OPTSTK,NTPC,28-Apr-2022,154.0,CE,2.9,9.95,2.9,9.6,9.6,597,5433.1,980400,-387600,18-APR-2022,
OPTSTK,NTPC,28-Apr-2022,155.0,CE,2.2,8.9,2.2,8.5,8.5,5553,50636.17,17510400,-1031700,18-APR-2022,
OPTSTK,NTPC,28-Apr-2022,156.0,CE,1.75,8.1,1.75,7.65,7.65,2260,20597.42,1630200,-621300,18-APR-2022,
OPTSTK,NTPC,28-Apr-2022,157.0,CE,1.85,7.15,1.85,6.85,6.85,2000,18303.06,1328100,-524400,18-APR-2022,
OPTSTK,NTPC,28-Apr-2022,158.0,CE,1.45,6.5,1.45,6.1,6.1,2178,20041.56,1048800,-302100,18-APR-2022,
OPTSTK,NTPC,28-Apr-2022,159.0,CE,1.3,5.65,1.3,5.35,5.35,1970,18205.92,883500,319200,18-APR-2022,
OPTSTK,NTPC,28-Apr-2022,160.0,CE,0.95,5.0,0.9,4.6,4.6,29031,269697.92,20468700,-1464900,18-APR-2022,
OPTSTK,NTPC,28-Apr-2022,161.0,CE,1.15,4.5,1.05,4.2,4.2,2557,23880.45,1299600,735300,18-APR-2022,
OPTSTK,NTPC,28-Apr-2022,162.0,CE,0.85,4.1,0.85,3.75,3.75,4365,41006.2,1983600,963300,18-APR-2022,
OPTSTK,NTPC,28-Apr-2022,163.0,CE,0.8,3.7,0.8,3.35,3.35,3050,28804.55,1675800,1214100,18-APR-2022,
OPTSTK,NTPC,28-Apr-2022,164.0,CE,0.7,3.3,0.7,3.0,3.0,1594,15117.7,1248300,1094400,18-APR-2022,
OPTSTK,NTPC,28-Apr-2022,165.0,CE,0.45,2.95,0.4,2.7,2.7,15386,146421.82,7016700,1464900,18-APR-2022,
OPTSTK,NTPC,28-Apr-2022,166.0,CE,0.7,2.6,0.7,2.4,2.4,957,9158.35,894900,393300,18-APR-2022,
OPTSTK,NTPC,28-Apr-2022,167.0,CE,0.6,2.35,0.6,2.15,2.15,777,7470.26,1117200,592800,18-APR-2022,
OPTSTK,NTPC,28-Apr-2022,168.0,CE,0.5,2.2,0.45,1.95,1.95,844,8151.23,644100,353400,18-APR-2022,
OPTSTK,NTPC,28-Apr-2022,169.0,CE,0.35,1.95,0.35,1.7,1.7,841,8159.29,723900,136800,18-APR-2022,
OPTSTK,NTPC,28-Apr-2022,170.0,CE,0.25,1.85,0.25,1.55,1.55,19538,190614.02,7575300,5409300,18-APR-2022,
OPTSTK,NTPC,28-Apr-2022,171.0,CE,1.4,1.6,0.45,1.4,1.4,586,5745.7,324900,290700,18-APR-2022,
OPTSTK,NTPC,28-Apr-2022,172.0,CE,0.4,1.4,0.4,1.25,1.25,450,4435.73,427500,427500,18-APR-2022,
OPTSTK,NTPC,28-Apr-2022,173.0,CE,0.3,1.25,0.3,1.1,1.1,819,8112.17,741000,153900,18-APR-2022,
OPTSTK,NTPC,28-Apr-2022,174.0,CE,0.3,1.1,0.3,0.9,0.9,2478,24671.54,3864600,3756300,18-APR-2022,
OPTSTK,NTPC,28-Apr-2022,101.0,PE,0.05,0.05,0.05,0.05,0.05,2,11.51,39900,0,18-APR-2022,
OPTSTK,NTPC,28-Apr-2022,102.0,PE,0.05,0.05,0.05,0.05,0.0,1,5.81,51300,0,18-APR-2022,
OPTSTK,NTPC,28-Apr-2022,103.0,PE,0.0,0.0,0.0,0.4,0.0,0,0.0,0,0,18-APR-2022,
OPTSTK,NTPC,28-Apr-2022,104.0,PE,0.05,0.3,0.05,0.3,0.0,4,23.75,0,0,18-APR-2022,
OPTSTK,NTPC,28-Apr-2022,105.0,PE,0.0,0.0,0.0,0.6,0.0,0,0.0,0,0,18-APR-2022,
OPTSTK,NTPC,28-Apr-2022,106.0,PE,0.0,0.0,0.0,0.45,0.0,0,0.0,11400,0,18-APR-2022,
OPTSTK,NTPC,28-Apr-2022,107.0,PE,0.0,0.0,0.0,0.75,0.0,0,0.0,0,0,18-APR-2022,
OPTSTK,NTPC,28-Apr-2022,108.0,PE,0.0,0.0,0.0,0.05,0.0,0,0.0,0,0,18-APR-2022,
OPTSTK,NTPC,28-Apr-2022,109.0,PE,0.0,0.0,0.0,0.95,0.0,0,0.0,0,0,18-APR-2022,
OPTSTK,NTPC,28-Apr-2022,110.0,PE,0.05,0.05,0.05,0.05,0.0,6,37.63,279300,-28500,18-APR-2022,
OPTSTK,NTPC,28-Apr-2022,111.0,PE,0.0,0.0,0.0,1.2,0.0,0,0.0,0,0,18-APR-2022,
OPTSTK,NTPC,28-Apr-2022,112.0,PE,0.0,0.0,0.0,1.35,0.0,0,0.0,0,0,18-APR-2022,
OPTSTK,NTPC,28-Apr-2022,113.0,PE,0.0,0.0,0.0,1.5,0.0,0,0.0,0,0,18-APR-2022,
OPTSTK,NTPC,28-Apr-2022,114.0,PE,0.0,0.0,0.0,0.2,0.0,0,0.0,0,0,18-APR-2022,
OPTSTK,NTPC,28-Apr-2022,115.0,PE,0.05,0.05,0.05,0.05,0.0,1,6.55,22800,-5700,18-APR-2022,
OPTSTK,NTPC,28-Apr-2022,116.0,PE,0.0,0.0,0.0,2.0,0.0,0,0.0,0,0,18-APR-2022,
OPTSTK,NTPC,28-Apr-2022,117.0,PE,0.0,0.0,0.0,2.2,0.0,0,0.0,0,0,18-APR-2022,
OPTSTK,NTPC,28-Apr-2022,118.0,PE,0.0,0.0,0.0,2.45,0.0,0,0.0,0,0,18-APR-2022,
OPTSTK,NTPC,28-Apr-2022,119.0,PE,0.0,0.0,0.0,2.65,0.0,0,0.0,0,0,18-APR-2022,
OPTSTK,NTPC,28-Apr-2022,120.0,PE,0.05,0.1,0.05,0.1,0.1,48,328.51,615600,-199500,18-APR-2022,
OPTSTK,NTPC,28-Apr-2022,121.0,PE,0.0,0.0,0.0,3.15,0.0,0,0.0,0,0,18-APR-2022,
OPTSTK,NTPC,28-Apr-2022,122.0,PE,0.0,0.0,0.0,3.45,0.0,0,0.0,0,0,18-APR-2022,
OPTSTK,NTPC,28-Apr-2022,123.0,PE,0.0,0.0,0.0,3.75,0.0,0,0.0,0,0,18-APR-2022,
OPTSTK,NTPC,28-Apr-2022,124.0,PE,0.0,0.0,0.0,0.15,0.0,0,0.0,22800,0,18-APR-2022,
OPTSTK,NTPC,28-Apr-2022,125.0,PE,0.05,0.1,0.05,0.1,0.1,20,142.59,780900,0,18-APR-2022,
OPTSTK,NTPC,28-Apr-2022,126.0,PE,0.0,0.0,0.0,0.15,0.0,0,0.0,45600,0,18-APR-2022,
OPTSTK,NTPC,28-Apr-2022,127.0,PE,0.1,0.1,0.05,0.1,0.1,42,304.27,159600,-17100,18-APR-2022,
OPTSTK,NTPC,28-Apr-2022,128.0,PE,0.1,0.2,0.05,0.05,0.0,54,394.33,182400,-142500,18-APR-2022,
OPTSTK,NTPC,28-Apr-2022,129.0,PE,0.1,0.1,0.05,0.05,0.0,55,404.64,136800,-5700,18-APR-2022,
OPTSTK,NTPC,28-Apr-2022,130.0,PE,0.1,0.15,0.05,0.15,0.15,283,2098.68,3539700,-171000,18-APR-2022,
OPTSTK,NTPC,28-Apr-2022,131.0,PE,0.05,0.2,0.05,0.2,0.2,20,149.5,91200,-11400,18-APR-2022,
OPTSTK,NTPC,28-Apr-2022,132.0,PE,0.05,0.1,0.05,0.1,0.1,16,120.45,216600,-22800,18-APR-2022,
OPTSTK,NTPC,28-Apr-2022,133.0,PE,0.1,0.15,0.05,0.15,0.15,46,349.0,210900,39900,18-APR-2022,
OPTSTK,NTPC,28-Apr-2022,134.0,PE,0.05,0.1,0.05,0.1,0.0,5,38.21,649800,-11400,18-APR-2022,
OPTSTK,NTPC,28-Apr-2022,135.0,PE,0.1,0.15,0.1,0.15,0.15,190,1463.24,3083700,-28500,18-APR-2022,
OPTSTK,NTPC,28-Apr-2022,136.0,PE,0.1,0.1,0.1,0.1,0.1,25,193.94,222300,-11400,18-APR-2022,
OPTSTK,NTPC,28-Apr-2022,137.0,PE,0.1,0.1,0.05,0.1,0.1,29,226.61,250800,-39900,18-APR-2022,
OPTSTK,NTPC,28-Apr-2022,138.0,PE,0.1,0.15,0.1,0.15,0.15,25,196.81,404700,-74100,18-APR-2022,
OPTSTK,NTPC,28-Apr-2022,139.0,PE,0.1,0.2,0.1,0.1,0.1,59,467.8,438900,-210900,18-APR-2022,
OPTSTK,NTPC,28-Apr-2022,140.0,PE,0.15,0.2,0.1,0.15,0.15,866,6917.27,4953300,-780900,18-APR-2022,
OPTSTK,NTPC,28-Apr-2022,141.0,PE,0.15,0.15,0.1,0.15,0.15,29,233.28,570000,-57000,18-APR-2022,
OPTSTK,NTPC,28-Apr-2022,142.0,PE,0.15,0.15,0.1,0.15,0.15,25,202.51,701100,-22800,18-APR-2022,
OPTSTK,NTPC,28-Apr-2022,143.0,PE,0.15,0.2,0.15,0.2,0.2,118,962.92,684000,205200,18-APR-2022,
OPTSTK,NTPC,28-Apr-2022,144.0,PE,0.2,0.2,0.1,0.15,0.15,97,797.01,872100,45600,18-APR-2022,
OPTSTK,NTPC,28-Apr-2022,145.0,PE,0.25,0.25,0.1,0.15,0.15,1095,9059.8,4685400,210900,18-APR-2022,
OPTSTK,NTPC,28-Apr-2022,146.0,PE,0.25,0.25,0.15,0.2,0.2,168,1400.08,906300,57000,18-APR-2022,
OPTSTK,NTPC,28-Apr-2022,147.0,PE,0.25,0.25,0.15,0.2,0.2,143,1199.9,581400,85500,18-APR-2022,
OPTSTK,NTPC,28-Apr-2022,148.0,PE,0.4,0.4,0.15,0.2,0.2,244,2061.42,718200,-39900,18-APR-2022,
OPTSTK,NTPC,28-Apr-2022,149.0,PE,0.35,0.4,0.2,0.2,0.2,240,2041.66,541500,-22800,18-APR-2022,
OPTSTK,NTPC,28-Apr-2022,150.0,PE,0.6,0.6,0.15,0.2,0.2,3241,27755.16,13104300,1824000,18-APR-2022,
OPTSTK,NTPC,28-Apr-2022,151.0,PE,0.6,0.6,0.2,0.25,0.25,452,3898.73,815100,-11400,18-APR-2022,
OPTSTK,NTPC,28-Apr-2022,152.0,PE,1.4,2.0,0.25,0.3,0.3,714,6201.62,1413600,290700,18-APR-2022,
OPTSTK,NTPC,28-Apr-2022,153.0,PE,1.55,1.55,0.3,0.35,0.35,752,6579.43,1322400,427500,18-APR-2022,
OPTSTK,NTPC,28-Apr-2022,154.0,PE,2.1,2.1,0.35,0.45,0.45,1059,9332.73,1972200,1293900,18-APR-2022,
OPTSTK,NTPC,28-Apr-2022,155.0,PE,2.05,2.05,0.35,0.45,0.45,8538,75726.37,9234000,7056600,18-APR-2022,
OPTSTK,NTPC,28-Apr-2022,156.0,PE,2.75,2.75,0.55,0.6,0.6,1650,14762.48,2103300,1704300,18-APR-2022,
OPTSTK,NTPC,28-Apr-2022,157.0,PE,4.3,4.3,0.65,0.75,0.75,1570,14164.25,1316700,1048800,18-APR-2022,
OPTSTK,NTPC,28-Apr-2022,158.0,PE,2.9,3.55,0.9,1.0,1.0,1688,15348.33,1516200,1356600,18-APR-2022,
OPTSTK,NTPC,28-Apr-2022,159.0,PE,3.8,3.8,1.1,1.25,1.25,1317,12084.72,1322400,1174200,18-APR-2022,
OPTSTK,NTPC,28-Apr-2022,160.0,PE,5.0,5.0,1.35,1.55,1.55,5910,54639.95,6013500,5278200,18-APR-2022,
OPTSTK,NTPC,28-Apr-2022,161.0,PE,3.75,3.9,1.9,2.1,2.1,673,6276.73,763800,763800,18-APR-2022,
OPTSTK,NTPC,28-Apr-2022,162.0,PE,3.15,4.8,1.1,2.65,2.65,809,7616.89,689700,672600,18-APR-2022,
OPTSTK,NTPC,28-Apr-2022,163.0,PE,3.5,5.25,3.0,3.25,3.25,380,3606.83,592800,592800,18-APR-2022,
OPTSTK,NTPC,28-Apr-2022,164.0,PE,4.05,4.1,3.6,3.9,3.9,19,181.82,57000,57000,18-APR-2022,
OPTSTK,NTPC,28-Apr-2022,165.0,PE,8.9,8.95,4.3,4.55,4.55,467,4529.32,980400,923400,18-APR-2022,
OPTSTK,NTPC,28-Apr-2022,166.0,PE,0.0,0.0,0.0,30.9,5.3,0,0.0,0,0,18-APR-2022,
OPTSTK,NTPC,28-Apr-2022,167.0,PE,0.0,0.0,0.0,31.8,5.95,0,0.0,0,0,18-APR-2022,
OPTSTK,NTPC,28-Apr-2022,168.0,PE,0.0,0.0,0.0,32.7,6.6,0,0.0,0,0,18-APR-2022,
OPTSTK,NTPC,28-Apr-2022,169.0,PE,0.0,0.0,0.0,33.6,7.3,0,0.0,0,0,18-APR-2022,
OPTSTK,NTPC,28-Apr-2022,170.0,PE,8.95,8.95,8.3,8.4,8.4,3,30.53,28500,17100,18-APR-2022,
OPTSTK,NTPC,28-Apr-2022,171.0,PE,0.0,0.0,0.0,35.4,8.85,0,0.0,0,0,18-APR-2022,
OPTSTK,NTPC,28-Apr-2022,172.0,PE,0.0,0.0,0.0,36.3,9.65,0,0.0,0,0,18-APR-2022,
OPTSTK,NTPC,28-Apr-2022,173.0,PE,0.0,0.0,0.0,37.2,10.5,0,0.0,0,0,18-APR-2022,
OPTSTK,NTPC,28-Apr-2022,174.0,PE,0.0,0.0,0.0,38.15,11.35,0,0.0,0,0,18-APR-2022,
OPTSTK,NTPC,26-May-2022,101.0,CE,0.0,0.0,0.0,25.35,62.65,0,0.0,0,0,18-APR-2022,
OPTSTK,NTPC,26-May-2022,102.0,CE,0.0,0.0,0.0,24.5,61.65,0,0.0,0,0,18-APR-2022,
OPTSTK,NTPC,26-May-2022,103.0,CE,0.0,0.0,0.0,23.65,60.65,0,0.0,0,0,18-APR-2022,
OPTSTK,NTPC,26-May-2022,104.0,CE,0.0,0.0,0.0,22.8,59.7,0,0.0,0,0,18-APR-2022,
OPTSTK,NTPC,26-May-2022,105.0,CE,0.0,0.0,0.0,21.95,58.7,0,0.0,0,0,18-APR-2022,
OPTSTK,NTPC,26-May-2022,106.0,CE,0.0,0.0,0.0,21.15,57.7,0,0.0,0,0,18-APR-2022,
OPTSTK,NTPC,26-May-2022,107.0,CE,0.0,0.0,0.0,20.3,56.7,0,0.0,0,0,18-APR-2022,
OPTSTK,NTPC,26-May-2022,108.0,CE,0.0,0.0,0.0,19.55,55.7,0,0.0,0,0,18-APR-2022,
OPTSTK,NTPC,26-May-2022,109.0,CE,0.0,0.0,0.0,18.75,54.7,0,0.0,0,0,18-APR-2022,
OPTSTK,NTPC,26-May-2022,110.0,CE,0.0,0.0,0.0,18.0,53.7,0,0.0,0,0,18-APR-2022,
OPTSTK,NTPC,26-May-2022,111.0,CE,0.0,0.0,0.0,17.25,52.7,0,0.0,0,0,18-APR-2022,
OPTSTK,NTPC,26-May-2022,112.0,CE,0.0,0.0,0.0,16.55,51.7,0,0.0,0,0,18-APR-2022,
OPTSTK,NTPC,26-May-2022,113.0,CE,0.0,0.0,0.0,15.85,50.7,0,0.0,0,0,18-APR-2022,
OPTSTK,NTPC,26-May-2022,114.0,CE,0.0,0.0,0.0,15.15,49.75,0,0.0,0,0,18-APR-2022,
OPTSTK,NTPC,26-May-2022,115.0,CE,0.0,0.0,0.0,14.45,48.75,0,0.0,0,0,18-APR-2022,
OPTSTK,NTPC,26-May-2022,116.0,CE,0.0,0.0,0.0,13.8,47.75,0,0.0,0,0,18-APR-2022,
OPTSTK,NTPC,26-May-2022,117.0,CE,0.0,0.0,0.0,13.15,46.75,0,0.0,0,0,18-APR-2022,
OPTSTK,NTPC,26-May-2022,118.0,CE,0.0,0.0,0.0,12.55,45.75,0,0.0,0,0,18-APR-2022,
OPTSTK,NTPC,26-May-2022,119.0,CE,0.0,0.0,0.0,11.95,44.75,0,0.0,0,0,18-APR-2022,
OPTSTK,NTPC,26-May-2022,120.0,CE,0.0,0.0,0.0,11.4,43.75,0,0.0,0,0,18-APR-2022,
OPTSTK,NTPC,26-May-2022,121.0,CE,0.0,0.0,0.0,10.8,42.75,0,0.0,0,0,18-APR-2022,
OPTSTK,NTPC,26-May-2022,122.0,CE,0.0,0.0,0.0,10.3,41.8,0,0.0,0,0,18-APR-2022,
OPTSTK,NTPC,26-May-2022,123.0,CE,0.0,0.0,0.0,9.75,40.8,0,0.0,0,0,18-APR-2022,
OPTSTK,NTPC,26-May-2022,124.0,CE,0.0,0.0,0.0,9.25,39.8,0,0.0,0,0,18-APR-2022,
OPTSTK,NTPC,26-May-2022,125.0,CE,0.0,0.0,0.0,8.75,38.8,0,0.0,0,0,18-APR-2022,
OPTSTK,NTPC,26-May-2022,126.0,CE,0.0,0.0,0.0,8.3,37.85,0,0.0,0,0,18-APR-2022,
OPTSTK,NTPC,26-May-2022,127.0,CE,0.0,0.0,0.0,7.85,36.85,0,0.0,0,0,18-APR-2022,
OPTSTK,NTPC,26-May-2022,128.0,CE,0.0,0.0,0.0,7.45,35.85,0,0.0,0,0,18-APR-2022,
OPTSTK,NTPC,26-May-2022,129.0,CE,0.0,0.0,0.0,7.0,34.9,0,0.0,0,0,18-APR-2022,
OPTSTK,NTPC,26-May-2022,130.0,CE,0.0,0.0,0.0,6.6,33.9,0,0.0,0,0,18-APR-2022,
OPTSTK,NTPC,26-May-2022,131.0,CE,0.0,0.0,0.0,6.25,32.95,0,0.0,0,0,18-APR-2022,
OPTSTK,NTPC,26-May-2022,132.0,CE,0.0,0.0,0.0,5.9,32.0,0,0.0,0,0,18-APR-2022,
OPTSTK,NTPC,26-May-2022,133.0,CE,0.0,0.0,0.0,5.55,31.05,0,0.0,0,0,18-APR-2022,
OPTSTK,NTPC,26-May-2022,134.0,CE,0.0,0.0,0.0,5.2,30.05,0,0.0,0,0,18-APR-2022,
OPTSTK,NTPC,26-May-2022,135.0,CE,0.0,0.0,0.0,4.9,29.1,0,0.0,0,0,18-APR-2022,
OPTSTK,NTPC,26-May-2022,136.0,CE,0.0,0.0,0.0,4.6,28.2,0,0.0,0,0,18-APR-2022,
OPTSTK,NTPC,26-May-2022,137.0,CE,0.0,0.0,0.0,4.35,27.25,0,0.0,0,0,18-APR-2022,
OPTSTK,NTPC,26-May-2022,138.0,CE,0.0,0.0,0.0,4.05,26.3,0,0.0,0,0,18-APR-2022,
OPTSTK,NTPC,26-May-2022,139.0,CE,0.0,0.0,0.0,3.8,25.4,0,0.0,0,0,18-APR-2022,
OPTSTK,NTPC,26-May-2022,140.0,CE,0.0,0.0,0.0,3.55,24.5,0,0.0,0,0,18-APR-2022,
OPTSTK,NTPC,26-May-2022,141.0,CE,0.0,0.0,0.0,3.35,23.6,0,0.0,0,0,18-APR-2022,
OPTSTK,NTPC,26-May-2022,142.0,CE,0.0,0.0,0.0,3.15,22.7,0,0.0,0,0,18-APR-2022,
OPTSTK,NTPC,26-May-2022,143.0,CE,0.0,0.0,0.0,2.95,21.85,0,0.0,0,0,18-APR-2022,
OPTSTK,NTPC,26-May-2022,144.0,CE,0.0,0.0,0.0,2.75,20.95,0,0.0,0,0,18-APR-2022,
OPTSTK,NTPC,26-May-2022,145.0,CE,0.0,0.0,0.0,12.5,20.1,0,0.0,5700,0,18-APR-2022,
OPTSTK,NTPC,26-May-2022,146.0,CE,0.0,0.0,0.0,2.4,19.3,0,0.0,0,0,18-APR-2022,
OPTSTK,NTPC,26-May-2022,147.0,CE,0.0,0.0,0.0,2.2,18.45,0,0.0,0,0,18-APR-2022,
OPTSTK,NTPC,26-May-2022,148.0,CE,0.0,0.0,0.0,2.05,17.65,0,0.0,0,0,18-APR-2022,
OPTSTK,NTPC,26-May-2022,149.0,CE,0.0,0.0,0.0,1.95,16.85,0,0.0,0,0,18-APR-2022,
OPTSTK,NTPC,26-May-2022,150.0,CE,10.0,16.25,10.0,15.8,15.8,26,242.32,153900,28500,18-APR-2022,
OPTSTK,NTPC,26-May-2022,151.0,CE,0.0,0.0,0.0,1.65,15.35,0,0.0,0,0,18-APR-2022,
OPTSTK,NTPC,26-May-2022,152.0,CE,0.0,0.0,0.0,1.55,14.6,0,0.0,0,0,18-APR-2022,
OPTSTK,NTPC,26-May-2022,153.0,CE,0.0,0.0,0.0,1.45,13.9,0,0.0,0,0,18-APR-2022,
OPTSTK,NTPC,26-May-2022,154.0,CE,0.0,0.0,0.0,1.35,13.2,0,0.0,0,0,18-APR-2022,
OPTSTK,NTPC,26-May-2022,155.0,CE,7.25,12.25,7.25,12.25,12.25,38,357.31,102600,5700,18-APR-2022,
OPTSTK,NTPC,26-May-2022,156.0,CE,0.0,0.0,0.0,1.15,11.85,0,0.0,0,0,18-APR-2022,
OPTSTK,NTPC,26-May-2022,157.0,CE,0.0,0.0,0.0,1.05,11.25,0,0.0,0,0,18-APR-2022,
OPTSTK,NTPC,26-May-2022,158.0,CE,0.0,0.0,0.0,1.0,10.6,0,0.0,0,0,18-APR-2022,
OPTSTK,NTPC,26-May-2022,159.0,CE,0.0,0.0,0.0,0.9,10.05,0,0.0,0,0,18-APR-2022,
OPTSTK,NTPC,26-May-2022,160.0,CE,5.8,9.4,5.55,9.15,9.15,417,3983.76,495900,296400,18-APR-2022,
OPTSTK,NTPC,26-May-2022,161.0,CE,0.0,0.0,0.0,0.8,8.9,0,0.0,0,0,18-APR-2022,
OPTSTK,NTPC,26-May-2022,162.0,CE,5.75,6.6,5.65,6.25,8.4,7,67.05,34200,28500,18-APR-2022,
OPTSTK,NTPC,26-May-2022,163.0,CE,0.0,0.0,0.0,0.7,7.9,0,0.0,0,0,18-APR-2022,
OPTSTK,NTPC,26-May-2022,164.0,CE,0.0,0.0,0.0,0.65,7.4,0,0.0,0,0,18-APR-2022,
OPTSTK,NTPC,26-May-2022,165.0,CE,3.45,6.85,3.45,6.6,6.6,157,1527.95,416100,285000,18-APR-2022,
OPTSTK,NTPC,26-May-2022,166.0,CE,0.0,0.0,0.0,1.0,6.5,0,0.0,0,0,18-APR-2022,
OPTSTK,NTPC,26-May-2022,167.0,CE,0.0,0.0,0.0,0.9,6.05,0,0.0,0,0,18-APR-2022,
OPTSTK,NTPC,26-May-2022,168.0,CE,0.0,0.0,0.0,0.85,5.65,0,0.0,0,0,18-APR-2022,
OPTSTK,NTPC,26-May-2022,169.0,CE,0.0,0.0,0.0,0.8,5.3,0,0.0,0,0,18-APR-2022,
OPTSTK,NTPC,26-May-2022,170.0,CE,2.9,4.85,2.25,4.75,4.75,238,2362.6,575700,564300,18-APR-2022,
OPTSTK,NTPC,26-May-2022,171.0,CE,0.0,0.0,0.0,0.95,4.6,0,0.0,0,0,18-APR-2022,
OPTSTK,NTPC,26-May-2022,172.0,CE,0.0,0.0,0.0,0.9,4.25,0,0.0,0,0,18-APR-2022,
OPTSTK,NTPC,26-May-2022,173.0,CE,0.0,0.0,0.0,0.85,3.95,0,0.0,0,0,18-APR-2022,
OPTSTK,NTPC,26-May-2022,174.0,CE,2.5,3.85,2.5,3.7,3.7,41,413.88,131100,131100,18-APR-2022,
OPTSTK,NTPC,26-May-2022,101.0,PE,0.0,0.0,0.0,0.15,0.0,0,0.0,0,0,18-APR-2022,
OPTSTK,NTPC,26-May-2022,102.0,PE,0.0,0.0,0.0,1.0,0.0,0,0.0,0,0,18-APR-2022,
OPTSTK,NTPC,26-May-2022,103.0,PE,0.0,0.0,0.0,1.15,0.0,0,0.0,0,0,18-APR-2022,
OPTSTK,NTPC,26-May-2022,104.0,PE,0.0,0.0,0.0,1.3,0.0,0,0.0,0,0,18-APR-2022,
OPTSTK,NTPC,26-May-2022,105.0,PE,0.0,0.0,0.0,1.45,0.0,0,0.0,0,0,18-APR-2022,
OPTSTK,NTPC,26-May-2022,106.0,PE,0.0,0.0,0.0,1.6,0.0,0,0.0,0,0,18-APR-2022,
OPTSTK,NTPC,26-May-2022,107.0,PE,0.0,0.0,0.0,1.8,0.0,0,0.0,0,0,18-APR-2022,
OPTSTK,NTPC,26-May-2022,108.0,PE,0.0,0.0,0.0,2.0,0.0,0,0.0,0,0,18-APR-2022,
OPTSTK,NTPC,26-May-2022,109.0,PE,0.0,0.0,0.0,2.2,0.0,0,0.0,0,0,18-APR-2022,
OPTSTK,NTPC,26-May-2022,110.0,PE,0.0,0.0,0.0,1.0,0.0,0,0.0,5700,0,18-APR-2022,
OPTSTK,NTPC,26-May-2022,111.0,PE,0.0,0.0,0.0,2.7,0.0,0,0.0,0,0,18-APR-2022,
OPTSTK,NTPC,26-May-2022,112.0,PE,0.0,0.0,0.0,2.95,0.0,0,0.0,0,0,18-APR-2022,
OPTSTK,NTPC,26-May-2022,113.0,PE,0.0,0.0,0.0,3.25,0.0,0,0.0,0,0,18-APR-2022,
OPTSTK,NTPC,26-May-2022,114.0,PE,0.0,0.0,0.0,3.55,0.0,0,0.0,0,0,18-APR-2022,
OPTSTK,NTPC,26-May-2022,115.0,PE,0.0,0.0,0.0,3.85,0.0,0,0.0,0,0,18-APR-2022,
OPTSTK,NTPC,26-May-2022,116.0,PE,0.0,0.0,0.0,4.2,0.05,0,0.0,0,0,18-APR-2022,
OPTSTK,NTPC,26-May-2022,117.0,PE,0.0,0.0,0.0,4.55,0.05,0,0.0,0,0,18-APR-2022,
OPTSTK,NTPC,26-May-2022,118.0,PE,0.0,0.0,0.0,4.9,0.05,0,0.0,0,0,18-APR-2022,
OPTSTK,NTPC,26-May-2022,119.0,PE,0.0,0.0,0.0,5.3,0.05,0,0.0,0,0,18-APR-2022,
OPTSTK,NTPC,26-May-2022,120.0,PE,0.2,0.2,0.2,0.2,0.2,1,6.85,17100,5700,18-APR-2022,
OPTSTK,NTPC,26-May-2022,121.0,PE,0.0,0.0,0.0,6.15,0.05,0,0.0,0,0,18-APR-2022,
OPTSTK,NTPC,26-May-2022,122.0,PE,0.0,0.0,0.0,6.6,0.05,0,0.0,0,0,18-APR-2022,
OPTSTK,NTPC,26-May-2022,123.0,PE,0.0,0.0,0.0,7.05,0.05,0,0.0,0,0,18-APR-2022,
OPTSTK,NTPC,26-May-2022,124.0,PE,0.0,0.0,0.0,7.55,0.05,0,0.0,0,0,18-APR-2022,
OPTSTK,NTPC,26-May-2022,125.0,PE,0.3,0.3,0.3,0.3,0.3,2,14.28,51300,5700,18-APR-2022,
OPTSTK,NTPC,26-May-2022,126.0,PE,0.0,0.0,0.0,8.6,0.1,0,0.0,0,0,18-APR-2022,
OPTSTK,NTPC,26-May-2022,127.0,PE,0.0,0.0,0.0,9.15,0.1,0,0.0,0,0,18-APR-2022,
OPTSTK,NTPC,26-May-2022,128.0,PE,0.0,0.0,0.0,9.7,0.1,0,0.0,0,0,18-APR-2022,
OPTSTK,NTPC,26-May-2022,129.0,PE,0.0,0.0,0.0,10.25,0.15,0,0.0,0,0,18-APR-2022,
OPTSTK,NTPC,26-May-2022,130.0,PE,0.5,0.5,0.4,0.4,0.15,6,44.61,108300,28500,18-APR-2022,
OPTSTK,NTPC,26-May-2022,131.0,PE,0.0,0.0,0.0,11.45,0.15,0,0.0,0,0,18-APR-2022,
OPTSTK,NTPC,26-May-2022,132.0,PE,0.0,0.0,0.0,12.1,0.2,0,0.0,0,0,18-APR-2022,
OPTSTK,NTPC,26-May-2022,133.0,PE,0.0,0.0,0.0,12.75,0.25,0,0.0,0,0,18-APR-2022,
OPTSTK,NTPC,26-May-2022,134.0,PE,0.0,0.0,0.0,13.4,0.3,0,0.0,0,0,18-APR-2022,
OPTSTK,NTPC,26-May-2022,135.0,PE,0.0,0.0,0.0,14.1,0.35,0,0.0,0,0,18-APR-2022,
OPTSTK,NTPC,26-May-2022,136.0,PE,0.0,0.0,0.0,14.8,0.4,0,0.0,0,0,18-APR-2022,
OPTSTK,NTPC,26-May-2022,137.0,PE,0.0,0.0,0.0,15.5,0.45,0,0.0,0,0,18-APR-2022,
OPTSTK,NTPC,26-May-2022,138.0,PE,0.0,0.0,0.0,16.2,0.5,0,0.0,0,0,18-APR-2022,
OPTSTK,NTPC,26-May-2022,139.0,PE,0.0,0.0,0.0,16.95,0.6,0,0.0,0,0,18-APR-2022,
OPTSTK,NTPC,26-May-2022,140.0,PE,0.0,0.0,0.0,17.7,0.65,0,0.0,0,0,18-APR-2022,
OPTSTK,NTPC,26-May-2022,141.0,PE,0.0,0.0,0.0,18.45,0.75,0,0.0,0,0,18-APR-2022,
OPTSTK,NTPC,26-May-2022,142.0,PE,0.0,0.0,0.0,19.25,0.9,0,0.0,0,0,18-APR-2022,
OPTSTK,NTPC,26-May-2022,143.0,PE,0.0,0.0,0.0,20.05,1.0,0,0.0,0,0,18-APR-2022,
OPTSTK,NTPC,26-May-2022,144.0,PE,0.0,0.0,0.0,20.85,1.15,0,0.0,0,0,18-APR-2022,
OPTSTK,NTPC,26-May-2022,145.0,PE,0.0,0.0,0.0,3.0,1.3,0,0.0,5700,0,18-APR-2022,
OPTSTK,NTPC,26-May-2022,146.0,PE,0.0,0.0,0.0,22.45,1.45,0,0.0,0,0,18-APR-2022,
OPTSTK,NTPC,26-May-2022,147.0,PE,0.0,0.0,0.0,23.3,1.6,0,0.0,0,0,18-APR-2022,
OPTSTK,NTPC,26-May-2022,148.0,PE,0.0,0.0,0.0,24.1,1.8,0,0.0,0,0,18-APR-2022,
OPTSTK,NTPC,26-May-2022,149.0,PE,8.55,8.55,8.55,8.55,2.0,1,8.98,5700,5700,18-APR-2022,
OPTSTK,NTPC,26-May-2022,150.0,PE,4.0,4.1,2.25,2.35,2.35,69,600.26,222300,153900,18-APR-2022,
OPTSTK,NTPC,26-May-2022,151.0,PE,0.0,0.0,0.0,26.7,2.5,0,0.0,0,0,18-APR-2022,
OPTSTK,NTPC,26-May-2022,152.0,PE,0.0,0.0,0.0,27.55,2.75,0,0.0,0,0,18-APR-2022,
OPTSTK,NTPC,26-May-2022,153.0,PE,0.0,0.0,0.0,28.45,3.0,0,0.0,0,0,18-APR-2022,
OPTSTK,NTPC,26-May-2022,154.0,PE,0.0,0.0,0.0,29.35,3.3,0,0.0,0,0,18-APR-2022,
OPTSTK,NTPC,26-May-2022,155.0,PE,7.45,7.45,3.4,3.4,3.4,29,263.45,114000,114000,18-APR-2022,
OPTSTK,NTPC,26-May-2022,156.0,PE,0.0,0.0,0.0,31.15,4.0,0,0.0,0,0,18-APR-2022,
OPTSTK,NTPC,26-May-2022,157.0,PE,0.0,0.0,0.0,32.05,4.35,0,0.0,0,0,18-APR-2022,
OPTSTK,NTPC,26-May-2022,158.0,PE,0.0,0.0,0.0,32.95,4.7,0,0.0,0,0,18-APR-2022,
OPTSTK,NTPC,26-May-2022,159.0,PE,0.0,0.0,0.0,33.85,5.15,0,0.0,0,0,18-APR-2022,
OPTSTK,NTPC,26-May-2022,160.0,PE,5.3,6.35,5.0,5.2,5.2,15,141.57,68400,68400,18-APR-2022,
OPTSTK,NTPC,26-May-2022,161.0,PE,0.0,0.0,0.0,35.7,6.0,0,0.0,0,0,18-APR-2022,
OPTSTK,NTPC,26-May-2022,162.0,PE,6.5,6.5,6.5,6.5,6.45,5,48.02,28500,28500,18-APR-2022,
OPTSTK,NTPC,26-May-2022,163.0,PE,0.0,0.0,0.0,37.55,6.95,0,0.0,0,0,18-APR-2022,
OPTSTK,NTPC,26-May-2022,164.0,PE,0.0,0.0,0.0,38.5,7.45,0,0.0,0,0,18-APR-2022,
OPTSTK,NTPC,26-May-2022,165.0,PE,6.9,7.15,6.9,7.05,7.05,2,19.61,11400,11400,18-APR-2022,
OPTSTK,NTPC,26-May-2022,166.0,PE,0.0,0.0,0.0,34.95,8.55,0,0.0,0,0,18-APR-2022,
OPTSTK,NTPC,26-May-2022,167.0,PE,0.0,0.0,0.0,35.9,9.15,0,0.0,0,0,18-APR-2022,
OPTSTK,NTPC,26-May-2022,168.0,PE,0.0,0.0,0.0,36.8,9.7,0,0.0,0,0,18-APR-2022,
OPTSTK,NTPC,26-May-2022,169.0,PE,0.0,0.0,0.0,37.75,10.35,0,0.0,0,0,18-APR-2022,
OPTSTK,NTPC,26-May-2022,170.0,PE,0.0,0.0,0.0,38.65,10.95,0,0.0,0,0,18-APR-2022,
OPTSTK,NTPC,26-May-2022,171.0,PE,0.0,0.0,0.0,36.75,11.6,0,0.0,0,0,18-APR-2022,
OPTSTK,NTPC,26-May-2022,172.0,PE,0.0,0.0,0.0,37.7,12.3,0,0.0,0,0,18-APR-2022,
OPTSTK,NTPC,26-May-2022,173.0,PE,0.0,0.0,0.0,38.6,13.0,0,0.0,0,0,18-APR-2022,
OPTSTK,NTPC,26-May-2022,174.0,PE,0.0,0.0,0.0,39.55,13.7,0,0.0,0,0,18-APR-2022,
OPTSTK,NTPC,30-Jun-2022,101.0,CE,0.0,0.0,0.0,35.4,63.1,0,0.0,0,0,18-APR-2022,
OPTSTK,NTPC,30-Jun-2022,102.0,CE,0.0,0.0,0.0,34.45,62.1,0,0.0,0,0,18-APR-2022,
OPTSTK,NTPC,30-Jun-2022,103.0,CE,0.0,0.0,0.0,33.5,61.1,0,0.0,0,0,18-APR-2022,
OPTSTK,NTPC,30-Jun-2022,104.0,CE,0.0,0.0,0.0,32.6,60.1,0,0.0,0,0,18-APR-2022,
OPTSTK,NTPC,30-Jun-2022,105.0,CE,0.0,0.0,0.0,31.65,59.1,0,0.0,0,0,18-APR-2022,
OPTSTK,NTPC,30-Jun-2022,106.0,CE,0.0,0.0,0.0,30.75,58.15,0,0.0,0,0,18-APR-2022,
OPTSTK,NTPC,30-Jun-2022,107.0,CE,0.0,0.0,0.0,29.85,57.15,0,0.0,0,0,18-APR-2022,
OPTSTK,NTPC,30-Jun-2022,108.0,CE,0.0,0.0,0.0,28.95,56.15,0,0.0,0,0,18-APR-2022,
OPTSTK,NTPC,30-Jun-2022,109.0,CE,0.0,0.0,0.0,28.05,55.15,0,0.0,0,0,18-APR-2022,
OPTSTK,NTPC,30-Jun-2022,110.0,CE,0.0,0.0,0.0,27.15,54.2,0,0.0,0,0,18-APR-2022,
OPTSTK,NTPC,30-Jun-2022,111.0,CE,0.0,0.0,0.0,26.3,53.2,0,0.0,0,0,18-APR-2022,
OPTSTK,NTPC,30-Jun-2022,112.0,CE,0.0,0.0,0.0,25.45,52.2,0,0.0,0,0,18-APR-2022,
OPTSTK,NTPC,30-Jun-2022,113.0,CE,0.0,0.0,0.0,24.6,51.25,0,0.0,0,0,18-APR-2022,
OPTSTK,NTPC,30-Jun-2022,114.0,CE,0.0,0.0,0.0,23.75,50.25,0,0.0,0,0,18-APR-2022,
OPTSTK,NTPC,30-Jun-2022,115.0,CE,0.0,0.0,0.0,22.95,49.3,0,0.0,0,0,18-APR-2022,
OPTSTK,NTPC,30-Jun-2022,116.0,CE,0.0,0.0,0.0,22.15,48.3,0,0.0,0,0,18-APR-2022,
OPTSTK,NTPC,30-Jun-2022,117.0,CE,0.0,0.0,0.0,21.35,47.35,0,0.0,0,0,18-APR-2022,
OPTSTK,NTPC,30-Jun-2022,118.0,CE,0.0,0.0,0.0,20.55,46.35,0,0.0,0,0,18-APR-2022,
OPTSTK,NTPC,30-Jun-2022,119.0,CE,0.0,0.0,0.0,19.8,45.4,0,0.0,0,0,18-APR-2022,
OPTSTK,NTPC,30-Jun-2022,120.0,CE,0.0,0.0,0.0,19.05,44.4,0,0.0,0,0,18-APR-2022,
OPTSTK,NTPC,30-Jun-2022,121.0,CE,0.0,0.0,0.0,18.35,43.45,0,0.0,0,0,18-APR-2022,
OPTSTK,NTPC,30-Jun-2022,122.0,CE,0.0,0.0,0.0,17.6,42.5,0,0.0,0,0,18-APR-2022,
OPTSTK,NTPC,30-Jun-2022,123.0,CE,0.0,0.0,0.0,16.9,41.55,0,0.0,0,0,18-APR-2022,
OPTSTK,NTPC,30-Jun-2022,124.0,CE,0.0,0.0,0.0,16.2,40.6,0,0.0,0,0,18-APR-2022,
OPTSTK,NTPC,30-Jun-2022,125.0,CE,0.0,0.0,0.0,15.55,39.65,0,0.0,0,0,18-APR-2022,
OPTSTK,NTPC,30-Jun-2022,126.0,CE,0.0,0.0,0.0,14.9,38.7,0,0.0,0,0,18-APR-2022,
OPTSTK,NTPC,30-Jun-2022,127.0,CE,0.0,0.0,0.0,14.25,37.75,0,0.0,0,0,18-APR-2022,
OPTSTK,NTPC,30-Jun-2022,128.0,CE,0.0,0.0,0.0,13.65,36.85,0,0.0,0,0,18-APR-2022,
OPTSTK,NTPC,30-Jun-2022,129.0,CE,0.0,0.0,0.0,13.05,35.9,0,0.0,0,0,18-APR-2022,
OPTSTK,NTPC,30-Jun-2022,130.0,CE,0.0,0.0,0.0,12.45,35.0,0,0.0,0,0,18-APR-2022,
OPTSTK,NTPC,30-Jun-2022,131.0,CE,0.0,0.0,0.0,11.9,34.1,0,0.0,0,0,18-APR-2022,
OPTSTK,NTPC,30-Jun-2022,132.0,CE,0.0,0.0,0.0,11.35,33.2,0,0.0,0,0,18-APR-2022,
OPTSTK,NTPC,30-Jun-2022,133.0,CE,0.0,0.0,0.0,10.8,32.3,0,0.0,0,0,18-APR-2022,
OPTSTK,NTPC,30-Jun-2022,134.0,CE,0.0,0.0,0.0,10.3,31.4,0,0.0,0,0,18-APR-2022,
OPTSTK,NTPC,30-Jun-2022,135.0,CE,0.0,0.0,0.0,9.8,30.55,0,0.0,0,0,18-APR-2022,
OPTSTK,NTPC,30-Jun-2022,136.0,CE,0.0,0.0,0.0,9.35,29.65,0,0.0,0,0,18-APR-2022,
OPTSTK,NTPC,30-Jun-2022,137.0,CE,0.0,0.0,0.0,8.85,28.8,0,0.0,0,0,18-APR-2022,
OPTSTK,NTPC,30-Jun-2022,138.0,CE,0.0,0.0,0.0,8.45,27.95,0,0.0,0,0,18-APR-2022,
OPTSTK,NTPC,30-Jun-2022,139.0,CE,0.0,0.0,0.0,8.0,27.1,0,0.0,0,0,18-APR-2022,
OPTSTK,NTPC,30-Jun-2022,140.0,CE,0.0,0.0,0.0,7.6,26.3,0,0.0,0,0,18-APR-2022,
OPTSTK,NTPC,30-Jun-2022,141.0,CE,0.0,0.0,0.0,7.2,25.45,0,0.0,0,0,18-APR-2022,
OPTSTK,NTPC,30-Jun-2022,142.0,CE,0.0,0.0,0.0,6.8,24.65,0,0.0,0,0,18-APR-2022,
OPTSTK,NTPC,30-Jun-2022,143.0,CE,0.0,0.0,0.0,6.45,23.9,0,0.0,0,0,18-APR-2022,
OPTSTK,NTPC,30-Jun-2022,144.0,CE,0.0,0.0,0.0,6.1,23.1,0,0.0,0,0,18-APR-2022,
OPTSTK,NTPC,30-Jun-2022,145.0,CE,0.0,0.0,0.0,5.8,22.35,0,0.0,0,0,18-APR-2022,
OPTSTK,NTPC,30-Jun-2022,146.0,CE,0.0,0.0,0.0,5.45,21.6,0,0.0,0,0,18-APR-2022,
OPTSTK,NTPC,30-Jun-2022,147.0,CE,0.0,0.0,0.0,5.15,20.85,0,0.0,0,0,18-APR-2022,
OPTSTK,NTPC,30-Jun-2022,148.0,CE,0.0,0.0,0.0,4.85,20.1,0,0.0,0,0,18-APR-2022,
OPTSTK,NTPC,30-Jun-2022,149.0,CE,0.0,0.0,0.0,4.6,19.4,0,0.0,0,0,18-APR-2022,
OPTSTK,NTPC,30-Jun-2022,150.0,CE,0.0,0.0,0.0,4.35,18.7,0,0.0,0,0,18-APR-2022,
OPTSTK,NTPC,30-Jun-2022,151.0,CE,0.0,0.0,0.0,4.1,18.05,0,0.0,0,0,18-APR-2022,
OPTSTK,NTPC,30-Jun-2022,152.0,CE,0.0,0.0,0.0,3.85,17.35,0,0.0,0,0,18-APR-2022,
OPTSTK,NTPC,30-Jun-2022,153.0,CE,0.0,0.0,0.0,3.6,16.7,0,0.0,0,0,18-APR-2022,
OPTSTK,NTPC,30-Jun-2022,154.0,CE,0.0,0.0,0.0,3.4,16.05,0,0.0,0,0,18-APR-2022,
OPTSTK,NTPC,30-Jun-2022,155.0,CE,0.0,0.0,0.0,3.2,15.45,0,0.0,0,0,18-APR-2022,
OPTSTK,NTPC,30-Jun-2022,156.0,CE,0.0,0.0,0.0,3.0,14.85,0,0.0,0,0,18-APR-2022,
OPTSTK,NTPC,30-Jun-2022,157.0,CE,0.0,0.0,0.0,2.8,14.25,0,0.0,0,0,18-APR-2022,
OPTSTK,NTPC,30-Jun-2022,158.0,CE,0.0,0.0,0.0,2.65,13.7,0,0.0,0,0,18-APR-2022,
OPTSTK,NTPC,30-Jun-2022,159.0,CE,0.0,0.0,0.0,2.5,13.1,0,0.0,0,0,18-APR-2022,
OPTSTK,NTPC,30-Jun-2022,160.0,CE,0.0,0.0,0.0,2.35,12.6,0,0.0,0,0,18-APR-2022,
OPTSTK,NTPC,30-Jun-2022,161.0,CE,0.0,0.0,0.0,2.2,12.05,0,0.0,0,0,18-APR-2022,
OPTSTK,NTPC,30-Jun-2022,162.0,CE,0.0,0.0,0.0,2.05,11.55,0,0.0,0,0,18-APR-2022,
OPTSTK,NTPC,30-Jun-2022,163.0,CE,0.0,0.0,0.0,1.9,11.05,0,0.0,0,0,18-APR-2022,
OPTSTK,NTPC,30-Jun-2022,164.0,CE,0.0,0.0,0.0,1.8,10.55,0,0.0,0,0,18-APR-2022,
OPTSTK,NTPC,30-Jun-2022,165.0,CE,0.0,0.0,0.0,1.65,10.1,0,0.0,0,0,18-APR-2022,
OPTSTK,NTPC,30-Jun-2022,166.0,CE,0.0,0.0,0.0,1.55,9.65,0,0.0,0,0,18-APR-2022,
OPTSTK,NTPC,30-Jun-2022,167.0,CE,0.0,0.0,0.0,1.45,9.2,0,0.0,0,0,18-APR-2022,
OPTSTK,NTPC,30-Jun-2022,168.0,CE,0.0,0.0,0.0,1.35,8.8,0,0.0,0,0,18-APR-2022,
OPTSTK,NTPC,30-Jun-2022,169.0,CE,0.0,0.0,0.0,1.25,8.4,0,0.0,0,0,18-APR-2022,
OPTSTK,NTPC,30-Jun-2022,170.0,CE,0.0,0.0,0.0,1.2,8.0,0,0.0,0,0,18-APR-2022,
OPTSTK,NTPC,30-Jun-2022,171.0,CE,0.0,0.0,0.0,1.1,7.6,0,0.0,0,0,18-APR-2022,
OPTSTK,NTPC,30-Jun-2022,172.0,CE,0.0,0.0,0.0,1.05,7.25,0,0.0,0,0,18-APR-2022,
OPTSTK,NTPC,30-Jun-2022,173.0,CE,0.0,0.0,0.0,0.95,6.9,0,0.0,0,0,18-APR-2022,
OPTSTK,NTPC,30-Jun-2022,174.0,CE,0.0,0.0,0.0,0.9,6.55,0,0.0,0,0,18-APR-2022,
OPTSTK,NTPC,30-Jun-2022,101.0,PE,0.0,0.0,0.0,0.3,0.05,0,0.0,0,0,18-APR-2022,
OPTSTK,NTPC,30-Jun-2022,102.0,PE,0.0,0.0,0.0,0.35,0.05,0,0.0,0,0,18-APR-2022,
OPTSTK,NTPC,30-Jun-2022,103.0,PE,0.0,0.0,0.0,0.4,0.05,0,0.0,0,0,18-APR-2022,
OPTSTK,NTPC,30-Jun-2022,104.0,PE,0.0,0.0,0.0,0.5,0.05,0,0.0,0,0,18-APR-2022,
OPTSTK,NTPC,30-Jun-2022,105.0,PE,0.0,0.0,0.0,0.55,0.05,0,0.0,0,0,18-APR-2022,
OPTSTK,NTPC,30-Jun-2022,106.0,PE,0.0,0.0,0.0,0.6,0.05,0,0.0,0,0,18-APR-2022,
OPTSTK,NTPC,30-Jun-2022,107.0,PE,0.0,0.0,0.0,0.7,0.05,0,0.0,0,0,18-APR-2022,
OPTSTK,NTPC,30-Jun-2022,108.0,PE,0.0,0.0,0.0,0.8,0.05,0,0.0,0,0,18-APR-2022,
OPTSTK,NTPC,30-Jun-2022,109.0,PE,0.0,0.0,0.0,0.9,0.05,0,0.0,0,0,18-APR-2022,
OPTSTK,NTPC,30-Jun-2022,110.0,PE,0.0,0.0,0.0,1.0,0.05,0,0.0,0,0,18-APR-2022,
OPTSTK,NTPC,30-Jun-2022,111.0,PE,0.0,0.0,0.0,1.15,0.05,0,0.0,0,0,18-APR-2022,
OPTSTK,NTPC,30-Jun-2022,112.0,PE,0.0,0.0,0.0,1.25,0.05,0,0.0,0,0,18-APR-2022,
OPTSTK,NTPC,30-Jun-2022,113.0,PE,0.0,0.0,0.0,1.4,0.1,0,0.0,0,0,18-APR-2022,
OPTSTK,NTPC,30-Jun-2022,114.0,PE,0.0,0.0,0.0,1.55,0.1,0,0.0,0,0,18-APR-2022,
OPTSTK,NTPC,30-Jun-2022,115.0,PE,0.0,0.0,0.0,1.75,0.1,0,0.0,0,0,18-APR-2022,
OPTSTK,NTPC,30-Jun-2022,116.0,PE,0.0,0.0,0.0,1.9,0.1,0,0.0,0,0,18-APR-2022,
OPTSTK,NTPC,30-Jun-2022,117.0,PE,0.0,0.0,0.0,2.1,0.15,0,0.0,0,0,18-APR-2022,
OPTSTK,NTPC,30-Jun-2022,118.0,PE,0.0,0.0,0.0,2.35,0.15,0,0.0,0,0,18-APR-2022,
OPTSTK,NTPC,30-Jun-2022,119.0,PE,0.0,0.0,0.0,2.55,0.2,0,0.0,0,0,18-APR-2022,
OPTSTK,NTPC,30-Jun-2022,120.0,PE,0.0,0.0,0.0,2.8,0.2,0,0.0,0,0,18-APR-2022,
OPTSTK,NTPC,30-Jun-2022,121.0,PE,0.0,0.0,0.0,3.05,0.25,0,0.0,0,0,18-APR-2022,
OPTSTK,NTPC,30-Jun-2022,122.0,PE,0.0,0.0,0.0,3.3,0.25,0,0.0,0,0,18-APR-2022,
OPTSTK,NTPC,30-Jun-2022,123.0,PE,0.0,0.0,0.0,3.6,0.3,0,0.0,0,0,18-APR-2022,
OPTSTK,NTPC,30-Jun-2022,124.0,PE,0.0,0.0,0.0,3.9,0.35,0,0.0,0,0,18-APR-2022,
OPTSTK,NTPC,30-Jun-2022,125.0,PE,0.0,0.0,0.0,4.25,0.4,0,0.0,0,0,18-APR-2022,
OPTSTK,NTPC,30-Jun-2022,126.0,PE,0.0,0.0,0.0,4.55,0.45,0,0.0,0,0,18-APR-2022,
OPTSTK,NTPC,30-Jun-2022,127.0,PE,0.0,0.0,0.0,4.9,0.5,0,0.0,0,0,18-APR-2022,
OPTSTK,NTPC,30-Jun-2022,128.0,PE,0.0,0.0,0.0,5.3,0.55,0,0.0,0,0,18-APR-2022,
OPTSTK,NTPC,30-Jun-2022,129.0,PE,0.0,0.0,0.0,5.7,0.6,0,0.0,0,0,18-APR-2022,
OPTSTK,NTPC,30-Jun-2022,130.0,PE,0.0,0.0,0.0,6.1,0.7,0,0.0,0,0,18-APR-2022,
OPTSTK,NTPC,30-Jun-2022,131.0,PE,0.0,0.0,0.0,6.5,0.8,0,0.0,0,0,18-APR-2022,
OPTSTK,NTPC,30-Jun-2022,132.0,PE,0.0,0.0,0.0,6.95,0.85,0,0.0,0,0,18-APR-2022,
OPTSTK,NTPC,30-Jun-2022,133.0,PE,0.0,0.0,0.0,7.4,0.95,0,0.0,0,0,18-APR-2022,
OPTSTK,NTPC,30-Jun-2022,134.0,PE,0.0,0.0,0.0,7.9,1.05,0,0.0,0,0,18-APR-2022,
OPTSTK,NTPC,30-Jun-2022,135.0,PE,0.0,0.0,0.0,8.4,1.2,0,0.0,0,0,18-APR-2022,
OPTSTK,NTPC,30-Jun-2022,136.0,PE,0.0,0.0,0.0,8.9,1.3,0,0.0,0,0,18-APR-2022,
OPTSTK,NTPC,30-Jun-2022,137.0,PE,0.0,0.0,0.0,9.45,1.45,0,0.0,0,0,18-APR-2022,
OPTSTK,NTPC,30-Jun-2022,138.0,PE,0.0,0.0,0.0,10.0,1.6,0,0.0,0,0,18-APR-2022,
OPTSTK,NTPC,30-Jun-2022,139.0,PE,0.0,0.0,0.0,10.55,1.75,0,0.0,0,0,18-APR-2022,
OPTSTK,NTPC,30-Jun-2022,140.0,PE,0.0,0.0,0.0,11.1,1.9,0,0.0,0,0,18-APR-2022,
OPTSTK,NTPC,30-Jun-2022,141.0,PE,0.0,0.0,0.0,11.7,2.1,0,0.0,0,0,18-APR-2022,
OPTSTK,NTPC,30-Jun-2022,142.0,PE,0.0,0.0,0.0,12.35,2.25,0,0.0,0,0,18-APR-2022,
OPTSTK,NTPC,30-Jun-2022,143.0,PE,0.0,0.0,0.0,12.95,2.45,0,0.0,0,0,18-APR-2022,
OPTSTK,NTPC,30-Jun-2022,144.0,PE,0.0,0.0,0.0,13.6,2.7,0,0.0,0,0,18-APR-2022,
OPTSTK,NTPC,30-Jun-2022,145.0,PE,0.0,0.0,0.0,14.25,2.9,0,0.0,0,0,18-APR-2022,
OPTSTK,NTPC,30-Jun-2022,146.0,PE,0.0,0.0,0.0,14.9,3.15,0,0.0,0,0,18-APR-2022,
OPTSTK,NTPC,30-Jun-2022,147.0,PE,0.0,0.0,0.0,15.6,3.4,0,0.0,0,0,18-APR-2022,
OPTSTK,NTPC,30-Jun-2022,148.0,PE,0.0,0.0,0.0,16.3,3.65,0,0.0,0,0,18-APR-2022,
OPTSTK,NTPC,30-Jun-2022,149.0,PE,0.0,0.0,0.0,17.0,3.95,0,0.0,0,0,18-APR-2022,
OPTSTK,NTPC,30-Jun-2022,150.0,PE,0.0,0.0,0.0,17.75,4.25,0,0.0,0,0,18-APR-2022,
OPTSTK,NTPC,30-Jun-2022,151.0,PE,0.0,0.0,0.0,18.5,4.55,0,0.0,0,0,18-APR-2022,
OPTSTK,NTPC,30-Jun-2022,152.0,PE,0.0,0.0,0.0,8.75,4.85,0,0.0,11400,0,18-APR-2022,
OPTSTK,NTPC,30-Jun-2022,153.0,PE,0.0,0.0,0.0,20.0,5.2,0,0.0,0,0,18-APR-2022,
OPTSTK,NTPC,30-Jun-2022,154.0,PE,0.0,0.0,0.0,20.8,5.55,0,0.0,0,0,18-APR-2022,
OPTSTK,NTPC,30-Jun-2022,155.0,PE,0.0,0.0,0.0,21.55,5.95,0,0.0,0,0,18-APR-2022,
OPTSTK,NTPC,30-Jun-2022,156.0,PE,0.0,0.0,0.0,22.35,6.3,0,0.0,0,0,18-APR-2022,
OPTSTK,NTPC,30-Jun-2022,157.0,PE,0.0,0.0,0.0,23.15,6.75,0,0.0,0,0,18-APR-2022,
OPTSTK,NTPC,30-Jun-2022,158.0,PE,0.0,0.0,0.0,24.0,7.15,0,0.0,0,0,18-APR-2022,
OPTSTK,NTPC,30-Jun-2022,159.0,PE,0.0,0.0,0.0,24.8,7.6,0,0.0,0,0,18-APR-2022,
OPTSTK,NTPC,30-Jun-2022,160.0,PE,0.0,0.0,0.0,25.65,8.0,0,0.0,0,0,18-APR-2022,
OPTSTK,NTPC,30-Jun-2022,161.0,PE,0.0,0.0,0.0,26.5,8.5,0,0.0,0,0,18-APR-2022,
OPTSTK,NTPC,30-Jun-2022,162.0,PE,0.0,0.0,0.0,27.35,8.95,0,0.0,0,0,18-APR-2022,
OPTSTK,NTPC,30-Jun-2022,163.0,PE,0.0,0.0,0.0,28.2,9.45,0,0.0,0,0,18-APR-2022,
OPTSTK,NTPC,30-Jun-2022,164.0,PE,0.0,0.0,0.0,29.05,9.95,0,0.0,0,0,18-APR-2022,
OPTSTK,NTPC,30-Jun-2022,165.0,PE,0.0,0.0,0.0,29.95,10.5,0,0.0,0,0,18-APR-2022,
OPTSTK,NTPC,30-Jun-2022,166.0,PE,0.0,0.0,0.0,30.8,11.05,0,0.0,0,0,18-APR-2022,
OPTSTK,NTPC,30-Jun-2022,167.0,PE,0.0,0.0,0.0,31.7,11.6,0,0.0,0,0,18-APR-2022,
OPTSTK,NTPC,30-Jun-2022,168.0,PE,0.0,0.0,0.0,32.6,12.15,0,0.0,0,0,18-APR-2022,
OPTSTK,NTPC,30-Jun-2022,169.0,PE,0.0,0.0,0.0,33.5,12.75,0,0.0,0,0,18-APR-2022,
OPTSTK,NTPC,30-Jun-2022,170.0,PE,0.0,0.0,0.0,34.4,13.35,0,0.0,0,0,18-APR-2022,
OPTSTK,NTPC,30-Jun-2022,171.0,PE,0.0,0.0,0.0,35.3,13.95,0,0.0,0,0,18-APR-2022,
OPTSTK,NTPC,30-Jun-2022,172.0,PE,0.0,0.0,0.0,36.2,14.6,0,0.0,0,0,18-APR-2022,
OPTSTK,NTPC,30-Jun-2022,173.0,PE,0.0,0.0,0.0,37.15,15.25,0,0.0,0,0,18-APR-2022,
OPTSTK,NTPC,30-Jun-2022,174.0,PE,0.0,0.0,0.0,38.05,15.9,0,0.0,0,0,18-APR-2022,
OPTSTK,OBEROIRLTY,28-Apr-2022,600.0,CE,0.0,0.0,0.0,299.35,397.7,0,0.0,0,0,18-APR-2022,
OPTSTK,OBEROIRLTY,28-Apr-2022,620.0,CE,0.0,0.0,0.0,281.65,377.7,0,0.0,0,0,18-APR-2022,
OPTSTK,OBEROIRLTY,28-Apr-2022,640.0,CE,0.0,0.0,0.0,264.4,357.75,0,0.0,0,0,18-APR-2022,
OPTSTK,OBEROIRLTY,28-Apr-2022,660.0,CE,0.0,0.0,0.0,247.65,337.75,0,0.0,0,0,18-APR-2022,
OPTSTK,OBEROIRLTY,28-Apr-2022,680.0,CE,0.0,0.0,0.0,231.45,317.8,0,0.0,0,0,18-APR-2022,
OPTSTK,OBEROIRLTY,28-Apr-2022,700.0,CE,0.0,0.0,0.0,215.85,297.8,0,0.0,0,0,18-APR-2022,
OPTSTK,OBEROIRLTY,28-Apr-2022,720.0,CE,0.0,0.0,0.0,200.85,277.85,0,0.0,0,0,18-APR-2022,
OPTSTK,OBEROIRLTY,28-Apr-2022,740.0,CE,0.0,0.0,0.0,186.45,257.85,0,0.0,0,0,18-APR-2022,
OPTSTK,OBEROIRLTY,28-Apr-2022,760.0,CE,0.0,0.0,0.0,172.75,237.9,0,0.0,0,0,18-APR-2022,
OPTSTK,OBEROIRLTY,28-Apr-2022,780.0,CE,0.0,0.0,0.0,159.65,218.0,0,0.0,0,0,18-APR-2022,
OPTSTK,OBEROIRLTY,28-Apr-2022,800.0,CE,0.0,0.0,0.0,147.3,198.1,0,0.0,0,0,18-APR-2022,
OPTSTK,OBEROIRLTY,28-Apr-2022,820.0,CE,0.0,0.0,0.0,135.65,178.4,0,0.0,0,0,18-APR-2022,
OPTSTK,OBEROIRLTY,28-Apr-2022,840.0,CE,0.0,0.0,0.0,124.65,158.9,0,0.0,0,0,18-APR-2022,
OPTSTK,OBEROIRLTY,28-Apr-2022,860.0,CE,0.0,0.0,0.0,137.45,139.75,0,0.0,700,0,18-APR-2022,
OPTSTK,OBEROIRLTY,28-Apr-2022,880.0,CE,0.0,0.0,0.0,134.75,121.2,0,0.0,700,0,18-APR-2022,
OPTSTK,OBEROIRLTY,28-Apr-2022,900.0,CE,99.5,99.5,77.0,96.2,103.5,6,41.38,23800,-1400,18-APR-2022,
OPTSTK,OBEROIRLTY,28-Apr-2022,920.0,CE,82.9,82.9,82.9,82.9,86.8,1,7.02,7700,700,18-APR-2022,
OPTSTK,OBEROIRLTY,28-Apr-2022,940.0,CE,60.85,66.4,56.4,66.4,71.5,3,21.02,46200,700,18-APR-2022,
OPTSTK,OBEROIRLTY,28-Apr-2022,960.0,CE,45.0,57.0,37.0,54.5,54.5,18,127.27,49700,1400,18-APR-2022,
OPTSTK,OBEROIRLTY,28-Apr-2022,980.0,CE,38.2,47.05,25.45,43.0,43.0,261,1861.36,79800,22400,18-APR-2022,
OPTSTK,OBEROIRLTY,28-Apr-2022,1000.0,CE,25.3,35.85,18.65,31.75,31.75,553,3978.9,255500,-700,18-APR-2022,
OPTSTK,OBEROIRLTY,28-Apr-2022,1020.0,CE,18.35,27.0,14.0,23.7,23.7,351,2555.7,175000,-21000,18-APR-2022,
OPTSTK,OBEROIRLTY,28-Apr-2022,1040.0,CE,13.15,19.9,8.8,16.3,16.3,243,1792.74,85400,-9100,18-APR-2022,
OPTSTK,OBEROIRLTY,28-Apr-2022,1060.0,CE,8.4,15.0,7.2,11.75,11.75,241,1804.71,139300,-16100,18-APR-2022,
OPTSTK,OBEROIRLTY,28-Apr-2022,1080.0,CE,8.0,9.55,5.05,8.6,8.6,16,121.74,27300,-700,18-APR-2022,
OPTSTK,OBEROIRLTY,28-Apr-2022,1100.0,CE,3.15,7.45,3.15,6.15,6.15,303,2344.11,279300,-3500,18-APR-2022,
OPTSTK,OBEROIRLTY,28-Apr-2022,1120.0,CE,6.05,6.05,3.1,4.0,4.7,7,55.09,7000,2800,18-APR-2022,
OPTSTK,OBEROIRLTY,28-Apr-2022,1140.0,CE,0.0,0.0,0.0,3.15,3.1,0,0.0,2800,0,18-APR-2022,
OPTSTK,OBEROIRLTY,28-Apr-2022,1160.0,CE,1.5,1.5,1.5,1.5,2.0,1,8.13,5600,0,18-APR-2022,
OPTSTK,OBEROIRLTY,28-Apr-2022,1180.0,CE,0.0,0.0,0.0,23.55,1.3,0,0.0,0,0,18-APR-2022,
OPTSTK,OBEROIRLTY,28-Apr-2022,1200.0,CE,1.35,1.35,0.6,0.6,0.8,11,92.46,58100,-2100,18-APR-2022,
OPTSTK,OBEROIRLTY,28-Apr-2022,600.0,PE,0.0,0.0,0.0,6.6,0.0,0,0.0,0,0,18-APR-2022,
OPTSTK,OBEROIRLTY,28-Apr-2022,620.0,PE,0.0,0.0,0.0,8.7,0.0,0,0.0,0,0,18-APR-2022,
OPTSTK,OBEROIRLTY,28-Apr-2022,640.0,PE,0.0,0.0,0.0,11.25,0.0,0,0.0,0,0,18-APR-2022,
OPTSTK,OBEROIRLTY,28-Apr-2022,660.0,PE,0.0,0.0,0.0,14.3,0.0,0,0.0,0,0,18-APR-2022,
OPTSTK,OBEROIRLTY,28-Apr-2022,680.0,PE,0.0,0.0,0.0,17.9,0.0,0,0.0,0,0,18-APR-2022,
OPTSTK,OBEROIRLTY,28-Apr-2022,700.0,PE,0.0,0.0,0.0,0.3,0.0,0,0.0,700,0,18-APR-2022,
OPTSTK,OBEROIRLTY,28-Apr-2022,720.0,PE,0.0,0.0,0.0,26.85,0.0,0,0.0,0,0,18-APR-2022,
OPTSTK,OBEROIRLTY,28-Apr-2022,740.0,PE,0.0,0.0,0.0,32.25,0.05,0,0.0,0,0,18-APR-2022,
OPTSTK,OBEROIRLTY,28-Apr-2022,760.0,PE,0.0,0.0,0.0,0.35,0.05,0,0.0,1400,0,18-APR-2022,
OPTSTK,OBEROIRLTY,28-Apr-2022,780.0,PE,0.0,0.0,0.0,45.05,0.1,0,0.0,0,0,18-APR-2022,
OPTSTK,OBEROIRLTY,28-Apr-2022,800.0,PE,0.0,0.0,0.0,52.45,0.2,0,0.0,0,0,18-APR-2022,
OPTSTK,OBEROIRLTY,28-Apr-2022,820.0,PE,0.0,0.0,0.0,60.6,0.45,0,0.0,0,0,18-APR-2022,
OPTSTK,OBEROIRLTY,28-Apr-2022,840.0,PE,0.0,0.0,0.0,12.0,0.95,0,0.0,2100,0,18-APR-2022,
OPTSTK,OBEROIRLTY,28-Apr-2022,860.0,PE,1.5,3.0,1.5,3.0,3.0,12,72.44,39900,-2800,18-APR-2022,
OPTSTK,OBEROIRLTY,28-Apr-2022,880.0,PE,0.0,0.0,0.0,5.25,3.25,0,0.0,8400,0,18-APR-2022,
OPTSTK,OBEROIRLTY,28-Apr-2022,900.0,PE,3.85,8.0,3.0,3.35,3.35,95,602.02,121100,-14000,18-APR-2022,
OPTSTK,OBEROIRLTY,28-Apr-2022,920.0,PE,7.7,7.7,7.7,7.7,8.8,2,12.98,18900,0,18-APR-2022,
OPTSTK,OBEROIRLTY,28-Apr-2022,940.0,PE,12.35,19.65,9.25,10.0,10.0,44,293.6,59500,8400,18-APR-2022,
OPTSTK,OBEROIRLTY,28-Apr-2022,960.0,PE,22.0,26.85,14.5,18.05,19.6,64,438.62,31500,-700,18-APR-2022,
OPTSTK,OBEROIRLTY,28-Apr-2022,980.0,PE,29.95,48.95,19.3,21.7,21.7,76,535.71,35700,-1400,18-APR-2022,
OPTSTK,OBEROIRLTY,28-Apr-2022,1000.0,PE,35.0,50.1,28.0,30.05,30.05,73,528.89,53900,-8400,18-APR-2022,
OPTSTK,OBEROIRLTY,28-Apr-2022,1020.0,PE,0.0,0.0,0.0,176.9,48.45,0,0.0,0,0,18-APR-2022,
OPTSTK,OBEROIRLTY,28-Apr-2022,1040.0,PE,0.0,0.0,0.0,191.6,61.5,0,0.0,0,0,18-APR-2022,
OPTSTK,OBEROIRLTY,28-Apr-2022,1060.0,PE,0.0,0.0,0.0,206.7,76.05,0,0.0,0,0,18-APR-2022,
OPTSTK,OBEROIRLTY,28-Apr-2022,1080.0,PE,0.0,0.0,0.0,222.2,91.8,0,0.0,0,0,18-APR-2022,
OPTSTK,OBEROIRLTY,28-Apr-2022,1100.0,PE,122.55,122.55,122.55,122.55,108.7,1,8.55,4900,-700,18-APR-2022,
OPTSTK,OBEROIRLTY,28-Apr-2022,1120.0,PE,0.0,0.0,0.0,254.25,126.4,0,0.0,0,0,18-APR-2022,
OPTSTK,OBEROIRLTY,28-Apr-2022,1140.0,PE,0.0,0.0,0.0,270.8,144.8,0,0.0,0,0,18-APR-2022,
OPTSTK,OBEROIRLTY,28-Apr-2022,1160.0,PE,0.0,0.0,0.0,287.65,163.7,0,0.0,0,0,18-APR-2022,
OPTSTK,OBEROIRLTY,28-Apr-2022,1180.0,PE,0.0,0.0,0.0,304.75,182.95,0,0.0,0,0,18-APR-2022,
OPTSTK,OBEROIRLTY,28-Apr-2022,1200.0,PE,0.0,0.0,0.0,322.15,202.45,0,0.0,0,0,18-APR-2022,
OPTSTK,OBEROIRLTY,26-May-2022,600.0,CE,0.0,0.0,0.0,272.95,399.75,0,0.0,0,0,18-APR-2022,
OPTSTK,OBEROIRLTY,26-May-2022,620.0,CE,0.0,0.0,0.0,255.65,379.9,0,0.0,0,0,18-APR-2022,
OPTSTK,OBEROIRLTY,26-May-2022,640.0,CE,0.0,0.0,0.0,238.85,360.1,0,0.0,0,0,18-APR-2022,
OPTSTK,OBEROIRLTY,26-May-2022,660.0,CE,0.0,0.0,0.0,222.65,340.4,0,0.0,0,0,18-APR-2022,
OPTSTK,OBEROIRLTY,26-May-2022,680.0,CE,0.0,0.0,0.0,207.0,320.75,0,0.0,0,0,18-APR-2022,
OPTSTK,OBEROIRLTY,26-May-2022,700.0,CE,0.0,0.0,0.0,192.05,301.3,0,0.0,0,0,18-APR-2022,
OPTSTK,OBEROIRLTY,26-May-2022,720.0,CE,0.0,0.0,0.0,177.75,282.0,0,0.0,0,0,18-APR-2022,
OPTSTK,OBEROIRLTY,26-May-2022,740.0,CE,0.0,0.0,0.0,164.1,263.0,0,0.0,0,0,18-APR-2022,
OPTSTK,OBEROIRLTY,26-May-2022,760.0,CE,0.0,0.0,0.0,151.1,244.3,0,0.0,0,0,18-APR-2022,
OPTSTK,OBEROIRLTY,26-May-2022,780.0,CE,0.0,0.0,0.0,138.9,226.0,0,0.0,0,0,18-APR-2022,
OPTSTK,OBEROIRLTY,26-May-2022,800.0,CE,0.0,0.0,0.0,127.4,208.2,0,0.0,0,0,18-APR-2022,
OPTSTK,OBEROIRLTY,26-May-2022,820.0,CE,0.0,0.0,0.0,116.6,190.95,0,0.0,0,0,18-APR-2022,
OPTSTK,OBEROIRLTY,26-May-2022,840.0,CE,0.0,0.0,0.0,106.55,174.35,0,0.0,0,0,18-APR-2022,
OPTSTK,OBEROIRLTY,26-May-2022,860.0,CE,0.0,0.0,0.0,97.15,158.45,0,0.0,0,0,18-APR-2022,
OPTSTK,OBEROIRLTY,26-May-2022,880.0,CE,0.0,0.0,0.0,88.4,143.35,0,0.0,0,0,18-APR-2022,
OPTSTK,OBEROIRLTY,26-May-2022,900.0,CE,0.0,0.0,0.0,80.3,129.0,0,0.0,0,0,18-APR-2022,
OPTSTK,OBEROIRLTY,26-May-2022,920.0,CE,0.0,0.0,0.0,72.8,115.55,0,0.0,0,0,18-APR-2022,
OPTSTK,OBEROIRLTY,26-May-2022,940.0,CE,0.0,0.0,0.0,65.9,103.0,0,0.0,0,0,18-APR-2022,
OPTSTK,OBEROIRLTY,26-May-2022,960.0,CE,0.0,0.0,0.0,59.6,91.4,0,0.0,0,0,18-APR-2022,
OPTSTK,OBEROIRLTY,26-May-2022,980.0,CE,0.0,0.0,0.0,86.15,80.7,0,0.0,700,0,18-APR-2022,
OPTSTK,OBEROIRLTY,26-May-2022,1000.0,CE,0.0,0.0,0.0,62.0,70.95,0,0.0,700,0,18-APR-2022,
OPTSTK,OBEROIRLTY,26-May-2022,1020.0,CE,0.0,0.0,0.0,43.65,62.05,0,0.0,0,0,18-APR-2022,
OPTSTK,OBEROIRLTY,26-May-2022,1040.0,CE,0.0,0.0,0.0,39.25,54.05,0,0.0,0,0,18-APR-2022,
OPTSTK,OBEROIRLTY,26-May-2022,1060.0,CE,0.0,0.0,0.0,35.3,46.85,0,0.0,0,0,18-APR-2022,
OPTSTK,OBEROIRLTY,26-May-2022,1080.0,CE,0.0,0.0,0.0,31.65,40.45,0,0.0,0,0,18-APR-2022,
OPTSTK,OBEROIRLTY,26-May-2022,1100.0,CE,0.0,0.0,0.0,28.3,34.8,0,0.0,0,0,18-APR-2022,
OPTSTK,OBEROIRLTY,26-May-2022,1120.0,CE,0.0,0.0,0.0,25.35,29.85,0,0.0,0,0,18-APR-2022,
OPTSTK,OBEROIRLTY,26-May-2022,1140.0,CE,0.0,0.0,0.0,22.65,25.45,0,0.0,0,0,18-APR-2022,
OPTSTK,OBEROIRLTY,26-May-2022,1160.0,CE,0.0,0.0,0.0,20.25,21.6,0,0.0,0,0,18-APR-2022,
OPTSTK,OBEROIRLTY,26-May-2022,1180.0,CE,0.0,0.0,0.0,18.05,18.3,0,0.0,0,0,18-APR-2022,
OPTSTK,OBEROIRLTY,26-May-2022,1200.0,CE,0.0,0.0,0.0,16.1,15.4,0,0.0,0,0,18-APR-2022,
OPTSTK,OBEROIRLTY,26-May-2022,600.0,PE,0.0,0.0,0.0,8.1,0.1,0,0.0,0,0,18-APR-2022,
OPTSTK,OBEROIRLTY,26-May-2022,620.0,PE,0.0,0.0,0.0,10.6,0.15,0,0.0,0,0,18-APR-2022,
OPTSTK,OBEROIRLTY,26-May-2022,640.0,PE,0.0,0.0,0.0,13.6,0.3,0,0.0,0,0,18-APR-2022,
OPTSTK,OBEROIRLTY,26-May-2022,660.0,PE,0.0,0.0,0.0,17.2,0.45,0,0.0,0,0,18-APR-2022,
OPTSTK,OBEROIRLTY,26-May-2022,680.0,PE,0.0,0.0,0.0,21.35,0.75,0,0.0,0,0,18-APR-2022,
OPTSTK,OBEROIRLTY,26-May-2022,700.0,PE,0.0,0.0,0.0,26.2,1.2,0,0.0,0,0,18-APR-2022,
OPTSTK,OBEROIRLTY,26-May-2022,720.0,PE,0.0,0.0,0.0,31.65,1.85,0,0.0,0,0,18-APR-2022,
OPTSTK,OBEROIRLTY,26-May-2022,740.0,PE,0.0,0.0,0.0,37.8,2.75,0,0.0,0,0,18-APR-2022,
OPTSTK,OBEROIRLTY,26-May-2022,760.0,PE,0.0,0.0,0.0,44.6,3.95,0,0.0,0,0,18-APR-2022,
OPTSTK,OBEROIRLTY,26-May-2022,780.0,PE,0.0,0.0,0.0,52.2,5.6,0,0.0,0,0,18-APR-2022,
OPTSTK,OBEROIRLTY,26-May-2022,800.0,PE,0.0,0.0,0.0,60.5,7.7,0,0.0,0,0,18-APR-2022,
OPTSTK,OBEROIRLTY,26-May-2022,820.0,PE,0.0,0.0,0.0,69.5,10.35,0,0.0,0,0,18-APR-2022,
OPTSTK,OBEROIRLTY,26-May-2022,840.0,PE,0.0,0.0,0.0,79.2,13.65,0,0.0,0,0,18-APR-2022,
OPTSTK,OBEROIRLTY,26-May-2022,860.0,PE,0.0,0.0,0.0,89.6,17.65,0,0.0,0,0,18-APR-2022,
OPTSTK,OBEROIRLTY,26-May-2022,880.0,PE,0.0,0.0,0.0,100.65,22.45,0,0.0,0,0,18-APR-2022,
OPTSTK,OBEROIRLTY,26-May-2022,900.0,PE,0.0,0.0,0.0,112.3,28.05,0,0.0,0,0,18-APR-2022,
OPTSTK,OBEROIRLTY,26-May-2022,920.0,PE,0.0,0.0,0.0,124.65,34.45,0,0.0,0,0,18-APR-2022,
OPTSTK,OBEROIRLTY,26-May-2022,940.0,PE,0.0,0.0,0.0,137.55,41.85,0,0.0,0,0,18-APR-2022,
OPTSTK,OBEROIRLTY,26-May-2022,960.0,PE,0.0,0.0,0.0,151.0,50.15,0,0.0,0,0,18-APR-2022,
OPTSTK,OBEROIRLTY,26-May-2022,980.0,PE,0.0,0.0,0.0,164.95,59.4,0,0.0,0,0,18-APR-2022,
OPTSTK,OBEROIRLTY,26-May-2022,1000.0,PE,0.0,0.0,0.0,179.45,69.55,0,0.0,0,0,18-APR-2022,
OPTSTK,OBEROIRLTY,26-May-2022,1020.0,PE,0.0,0.0,0.0,194.45,80.55,0,0.0,0,0,18-APR-2022,
OPTSTK,OBEROIRLTY,26-May-2022,1040.0,PE,0.0,0.0,0.0,209.85,92.45,0,0.0,0,0,18-APR-2022,
OPTSTK,OBEROIRLTY,26-May-2022,1060.0,PE,0.0,0.0,0.0,225.65,105.2,0,0.0,0,0,18-APR-2022,
OPTSTK,OBEROIRLTY,26-May-2022,1080.0,PE,0.0,0.0,0.0,241.8,118.7,0,0.0,0,0,18-APR-2022,
OPTSTK,OBEROIRLTY,26-May-2022,1100.0,PE,0.0,0.0,0.0,258.25,132.9,0,0.0,0,0,18-APR-2022,
OPTSTK,OBEROIRLTY,26-May-2022,1120.0,PE,0.0,0.0,0.0,275.1,147.9,0,0.0,0,0,18-APR-2022,
OPTSTK,OBEROIRLTY,26-May-2022,1140.0,PE,0.0,0.0,0.0,292.2,163.45,0,0.0,0,0,18-APR-2022,
OPTSTK,OBEROIRLTY,26-May-2022,1160.0,PE,0.0,0.0,0.0,309.55,179.5,0,0.0,0,0,18-APR-2022,
OPTSTK,OBEROIRLTY,26-May-2022,1180.0,PE,0.0,0.0,0.0,327.15,196.1,0,0.0,0,0,18-APR-2022,
OPTSTK,OBEROIRLTY,26-May-2022,1200.0,PE,0.0,0.0,0.0,345.0,213.1,0,0.0,0,0,18-APR-2022,
OPTSTK,OBEROIRLTY,30-Jun-2022,600.0,CE,0.0,0.0,0.0,350.35,403.3,0,0.0,0,0,18-APR-2022,
OPTSTK,OBEROIRLTY,30-Jun-2022,620.0,CE,0.0,0.0,0.0,332.0,384.0,0,0.0,0,0,18-APR-2022,
OPTSTK,OBEROIRLTY,30-Jun-2022,640.0,CE,0.0,0.0,0.0,314.0,364.95,0,0.0,0,0,18-APR-2022,
OPTSTK,OBEROIRLTY,30-Jun-2022,660.0,CE,0.0,0.0,0.0,296.4,346.1,0,0.0,0,0,18-APR-2022,
OPTSTK,OBEROIRLTY,30-Jun-2022,680.0,CE,0.0,0.0,0.0,279.2,327.5,0,0.0,0,0,18-APR-2022,
OPTSTK,OBEROIRLTY,30-Jun-2022,700.0,CE,0.0,0.0,0.0,262.5,309.25,0,0.0,0,0,18-APR-2022,
OPTSTK,OBEROIRLTY,30-Jun-2022,720.0,CE,0.0,0.0,0.0,246.3,291.35,0,0.0,0,0,18-APR-2022,
OPTSTK,OBEROIRLTY,30-Jun-2022,740.0,CE,0.0,0.0,0.0,230.6,273.85,0,0.0,0,0,18-APR-2022,
OPTSTK,OBEROIRLTY,30-Jun-2022,760.0,CE,0.0,0.0,0.0,215.55,256.85,0,0.0,0,0,18-APR-2022,
OPTSTK,OBEROIRLTY,30-Jun-2022,780.0,CE,0.0,0.0,0.0,201.05,240.35,0,0.0,0,0,18-APR-2022,
OPTSTK,OBEROIRLTY,30-Jun-2022,800.0,CE,0.0,0.0,0.0,187.2,224.35,0,0.0,0,0,18-APR-2022,
OPTSTK,OBEROIRLTY,30-Jun-2022,820.0,CE,0.0,0.0,0.0,173.95,208.95,0,0.0,0,0,18-APR-2022,
OPTSTK,OBEROIRLTY,30-Jun-2022,840.0,CE,0.0,0.0,0.0,161.3,194.2,0,0.0,0,0,18-APR-2022,
OPTSTK,OBEROIRLTY,30-Jun-2022,860.0,CE,0.0,0.0,0.0,149.35,180.05,0,0.0,0,0,18-APR-2022,
OPTSTK,OBEROIRLTY,30-Jun-2022,880.0,CE,0.0,0.0,0.0,138.1,166.55,0,0.0,0,0,18-APR-2022,
OPTSTK,OBEROIRLTY,30-Jun-2022,900.0,CE,0.0,0.0,0.0,127.4,153.7,0,0.0,0,0,18-APR-2022,
OPTSTK,OBEROIRLTY,30-Jun-2022,920.0,CE,0.0,0.0,0.0,117.4,141.55,0,0.0,0,0,18-APR-2022,
OPTSTK,OBEROIRLTY,30-Jun-2022,940.0,CE,0.0,0.0,0.0,108.0,130.1,0,0.0,0,0,18-APR-2022,
OPTSTK,OBEROIRLTY,30-Jun-2022,960.0,CE,0.0,0.0,0.0,99.2,119.35,0,0.0,0,0,18-APR-2022,
OPTSTK,OBEROIRLTY,30-Jun-2022,980.0,CE,0.0,0.0,0.0,91.0,109.25,0,0.0,0,0,18-APR-2022,
OPTSTK,OBEROIRLTY,30-Jun-2022,1000.0,CE,0.0,0.0,0.0,83.3,99.8,0,0.0,0,0,18-APR-2022,
OPTSTK,OBEROIRLTY,30-Jun-2022,1020.0,CE,0.0,0.0,0.0,76.2,90.95,0,0.0,0,0,18-APR-2022,
OPTSTK,OBEROIRLTY,30-Jun-2022,1040.0,CE,0.0,0.0,0.0,69.6,82.8,0,0.0,0,0,18-APR-2022,
OPTSTK,OBEROIRLTY,30-Jun-2022,1060.0,CE,0.0,0.0,0.0,63.5,75.2,0,0.0,0,0,18-APR-2022,
OPTSTK,OBEROIRLTY,30-Jun-2022,1080.0,CE,0.0,0.0,0.0,57.85,68.2,0,0.0,0,0,18-APR-2022,
OPTSTK,OBEROIRLTY,30-Jun-2022,1100.0,CE,0.0,0.0,0.0,52.7,61.75,0,0.0,0,0,18-APR-2022,
OPTSTK,OBEROIRLTY,30-Jun-2022,1120.0,CE,0.0,0.0,0.0,47.95,55.8,0,0.0,0,0,18-APR-2022,
OPTSTK,OBEROIRLTY,30-Jun-2022,1140.0,CE,0.0,0.0,0.0,43.55,50.35,0,0.0,0,0,18-APR-2022,
OPTSTK,OBEROIRLTY,30-Jun-2022,1160.0,CE,0.0,0.0,0.0,39.55,45.4,0,0.0,0,0,18-APR-2022,
OPTSTK,OBEROIRLTY,30-Jun-2022,1180.0,CE,0.0,0.0,0.0,35.85,40.85,0,0.0,0,0,18-APR-2022,
OPTSTK,OBEROIRLTY,30-Jun-2022,1200.0,CE,0.0,0.0,0.0,32.45,36.75,0,0.0,0,0,18-APR-2022,
OPTSTK,OBEROIRLTY,30-Jun-2022,600.0,PE,0.0,0.0,0.0,4.2,1.2,0,0.0,0,0,18-APR-2022,
OPTSTK,OBEROIRLTY,30-Jun-2022,620.0,PE,0.0,0.0,0.0,5.65,1.75,0,0.0,0,0,18-APR-2022,
OPTSTK,OBEROIRLTY,30-Jun-2022,640.0,PE,0.0,0.0,0.0,7.4,2.5,0,0.0,0,0,18-APR-2022,
OPTSTK,OBEROIRLTY,30-Jun-2022,660.0,PE,0.0,0.0,0.0,9.6,3.5,0,0.0,0,0,18-APR-2022,
OPTSTK,OBEROIRLTY,30-Jun-2022,680.0,PE,0.0,0.0,0.0,12.2,4.75,0,0.0,0,0,18-APR-2022,
OPTSTK,OBEROIRLTY,30-Jun-2022,700.0,PE,0.0,0.0,0.0,15.25,6.3,0,0.0,0,0,18-APR-2022,
OPTSTK,OBEROIRLTY,30-Jun-2022,720.0,PE,0.0,0.0,0.0,18.85,8.25,0,0.0,0,0,18-APR-2022,
OPTSTK,OBEROIRLTY,30-Jun-2022,740.0,PE,0.0,0.0,0.0,23.0,10.6,0,0.0,0,0,18-APR-2022,
OPTSTK,OBEROIRLTY,30-Jun-2022,760.0,PE,0.0,0.0,0.0,27.7,13.4,0,0.0,0,0,18-APR-2022,
OPTSTK,OBEROIRLTY,30-Jun-2022,780.0,PE,0.0,0.0,0.0,33.0,16.75,0,0.0,0,0,18-APR-2022,
OPTSTK,OBEROIRLTY,30-Jun-2022,800.0,PE,0.0,0.0,0.0,38.9,20.6,0,0.0,0,0,18-APR-2022,
OPTSTK,OBEROIRLTY,30-Jun-2022,820.0,PE,0.0,0.0,0.0,45.45,25.05,0,0.0,0,0,18-APR-2022,
OPTSTK,OBEROIRLTY,30-Jun-2022,840.0,PE,0.0,0.0,0.0,52.65,30.1,0,0.0,0,0,18-APR-2022,
OPTSTK,OBEROIRLTY,30-Jun-2022,860.0,PE,0.0,0.0,0.0,60.5,35.8,0,0.0,0,0,18-APR-2022,
OPTSTK,OBEROIRLTY,30-Jun-2022,880.0,PE,0.0,0.0,0.0,68.95,42.1,0,0.0,0,0,18-APR-2022,
OPTSTK,OBEROIRLTY,30-Jun-2022,900.0,PE,0.0,0.0,0.0,78.1,49.1,0,0.0,0,0,18-APR-2022,
OPTSTK,OBEROIRLTY,30-Jun-2022,920.0,PE,0.0,0.0,0.0,87.85,56.8,0,0.0,0,0,18-APR-2022,
OPTSTK,OBEROIRLTY,30-Jun-2022,940.0,PE,0.0,0.0,0.0,98.25,65.15,0,0.0,0,0,18-APR-2022,
OPTSTK,OBEROIRLTY,30-Jun-2022,960.0,PE,0.0,0.0,0.0,109.25,74.2,0,0.0,0,0,18-APR-2022,
OPTSTK,OBEROIRLTY,30-Jun-2022,980.0,PE,0.0,0.0,0.0,120.8,83.95,0,0.0,0,0,18-APR-2022,
OPTSTK,OBEROIRLTY,30-Jun-2022,1000.0,PE,0.0,0.0,0.0,132.95,94.3,0,0.0,0,0,18-APR-2022,
OPTSTK,OBEROIRLTY,30-Jun-2022,1020.0,PE,0.0,0.0,0.0,145.65,105.35,0,0.0,0,0,18-APR-2022,
OPTSTK,OBEROIRLTY,30-Jun-2022,1040.0,PE,0.0,0.0,0.0,158.85,117.0,0,0.0,0,0,18-APR-2022,
OPTSTK,OBEROIRLTY,30-Jun-2022,1060.0,PE,0.0,0.0,0.0,172.5,129.25,0,0.0,0,0,18-APR-2022,
OPTSTK,OBEROIRLTY,30-Jun-2022,1080.0,PE,0.0,0.0,0.0,186.65,142.05,0,0.0,0,0,18-APR-2022,
OPTSTK,OBEROIRLTY,30-Jun-2022,1100.0,PE,0.0,0.0,0.0,201.3,155.4,0,0.0,0,0,18-APR-2022,
OPTSTK,OBEROIRLTY,30-Jun-2022,1120.0,PE,0.0,0.0,0.0,216.3,169.3,0,0.0,0,0,18-APR-2022,
OPTSTK,OBEROIRLTY,30-Jun-2022,1140.0,PE,0.0,0.0,0.0,231.75,183.7,0,0.0,0,0,18-APR-2022,
OPTSTK,OBEROIRLTY,30-Jun-2022,1160.0,PE,0.0,0.0,0.0,247.5,198.6,0,0.0,0,0,18-APR-2022,
OPTSTK,OBEROIRLTY,30-Jun-2022,1180.0,PE,0.0,0.0,0.0,263.6,213.9,0,0.0,0,0,18-APR-2022,
OPTSTK,OBEROIRLTY,30-Jun-2022,1200.0,PE,0.0,0.0,0.0,280.0,229.6,0,0.0,0,0,18-APR-2022,
OPTSTK,OFSS,28-Apr-2022,2500.0,CE,0.0,0.0,0.0,955.4,1090.0,0,0.0,0,0,18-APR-2022,
OPTSTK,OFSS,28-Apr-2022,2550.0,CE,0.0,0.0,0.0,908.85,1040.05,0,0.0,0,0,18-APR-2022,
OPTSTK,OFSS,28-Apr-2022,2600.0,CE,0.0,0.0,0.0,862.95,990.1,0,0.0,0,0,18-APR-2022,
OPTSTK,OFSS,28-Apr-2022,2650.0,CE,0.0,0.0,0.0,817.8,940.15,0,0.0,0,0,18-APR-2022,
OPTSTK,OFSS,28-Apr-2022,2700.0,CE,0.0,0.0,0.0,773.5,890.2,0,0.0,0,0,18-APR-2022,
OPTSTK,OFSS,28-Apr-2022,2750.0,CE,0.0,0.0,0.0,730.1,840.25,0,0.0,0,0,18-APR-2022,
OPTSTK,OFSS,28-Apr-2022,2800.0,CE,0.0,0.0,0.0,687.75,790.3,0,0.0,0,0,18-APR-2022,
OPTSTK,OFSS,28-Apr-2022,2850.0,CE,0.0,0.0,0.0,646.5,740.4,0,0.0,0,0,18-APR-2022,
OPTSTK,OFSS,28-Apr-2022,2900.0,CE,0.0,0.0,0.0,606.4,690.45,0,0.0,0,0,18-APR-2022,
OPTSTK,OFSS,28-Apr-2022,2950.0,CE,0.0,0.0,0.0,567.6,640.55,0,0.0,0,0,18-APR-2022,
OPTSTK,OFSS,28-Apr-2022,3000.0,CE,0.0,0.0,0.0,530.25,590.65,0,0.0,0,0,18-APR-2022,
OPTSTK,OFSS,28-Apr-2022,3050.0,CE,0.0,0.0,0.0,494.15,540.85,0,0.0,0,0,18-APR-2022,
OPTSTK,OFSS,28-Apr-2022,3100.0,CE,0.0,0.0,0.0,459.5,491.25,0,0.0,0,0,18-APR-2022,
OPTSTK,OFSS,28-Apr-2022,3150.0,CE,0.0,0.0,0.0,426.25,442.0,0,0.0,0,0,18-APR-2022,
OPTSTK,OFSS,28-Apr-2022,3200.0,CE,0.0,0.0,0.0,394.7,393.3,0,0.0,0,0,18-APR-2022,
OPTSTK,OFSS,28-Apr-2022,3250.0,CE,0.0,0.0,0.0,364.7,345.6,0,0.0,0,0,18-APR-2022,
OPTSTK,OFSS,28-Apr-2022,3300.0,CE,0.0,0.0,0.0,336.25,299.3,0,0.0,0,0,18-APR-2022,
OPTSTK,OFSS,28-Apr-2022,3350.0,CE,0.0,0.0,0.0,309.35,255.0,0,0.0,0,0,18-APR-2022,
OPTSTK,OFSS,28-Apr-2022,3400.0,CE,0.0,0.0,0.0,284.0,213.35,0,0.0,0,0,18-APR-2022,
OPTSTK,OFSS,28-Apr-2022,3450.0,CE,0.0,0.0,0.0,260.2,175.1,0,0.0,0,0,18-APR-2022,
OPTSTK,OFSS,28-Apr-2022,3500.0,CE,108.8,130.0,108.8,120.0,120.0,6,27.15,1625,125,18-APR-2022,
OPTSTK,OFSS,28-Apr-2022,3550.0,CE,0.0,0.0,0.0,217.1,110.1,0,0.0,0,0,18-APR-2022,
OPTSTK,OFSS,28-Apr-2022,3600.0,CE,59.9,89.0,40.0,84.3,84.3,31,141.97,9500,1375,18-APR-2022,
OPTSTK,OFSS,28-Apr-2022,3650.0,CE,0.0,0.0,0.0,179.7,62.95,0,0.0,0,0,18-APR-2022,
OPTSTK,OFSS,28-Apr-2022,3700.0,CE,40.0,61.45,25.0,47.15,47.15,75,350.2,36500,250,18-APR-2022,
OPTSTK,OFSS,28-Apr-2022,3750.0,CE,26.05,26.05,26.05,26.05,32.45,1,4.72,2375,-125,18-APR-2022,
OPTSTK,OFSS,28-Apr-2022,3800.0,CE,12.05,26.0,10.05,23.5,23.5,49,233.9,11250,-1875,18-APR-2022,
OPTSTK,OFSS,28-Apr-2022,3850.0,CE,0.0,0.0,0.0,120.45,15.05,0,0.0,0,0,18-APR-2022,
OPTSTK,OFSS,28-Apr-2022,3900.0,CE,10.65,14.0,10.6,14.0,14.0,7,34.23,4375,250,18-APR-2022,
OPTSTK,OFSS,28-Apr-2022,3950.0,CE,0.0,0.0,0.0,40.0,6.25,0,0.0,375,0,18-APR-2022,
OPTSTK,OFSS,28-Apr-2022,4000.0,CE,4.9,9.0,4.9,9.0,3.9,8,40.05,8375,-875,18-APR-2022,
OPTSTK,OFSS,28-Apr-2022,4050.0,CE,0.0,0.0,0.0,24.3,2.35,0,0.0,125,0,18-APR-2022,
OPTSTK,OFSS,28-Apr-2022,4100.0,CE,5.0,5.0,5.0,5.0,1.4,2,10.26,250,-250,18-APR-2022,
OPTSTK,OFSS,28-Apr-2022,4150.0,CE,0.0,0.0,0.0,62.7,0.8,0,0.0,0,0,18-APR-2022,
OPTSTK,OFSS,28-Apr-2022,4200.0,CE,0.0,0.0,0.0,55.95,0.45,0,0.0,0,0,18-APR-2022,
OPTSTK,OFSS,28-Apr-2022,4250.0,CE,0.0,0.0,0.0,49.8,0.25,0,0.0,0,0,18-APR-2022,
OPTSTK,OFSS,28-Apr-2022,4300.0,CE,0.0,0.0,0.0,9.0,0.15,0,0.0,125,0,18-APR-2022,
OPTSTK,OFSS,28-Apr-2022,4350.0,CE,0.0,0.0,0.0,39.35,0.1,0,0.0,0,0,18-APR-2022,
OPTSTK,OFSS,28-Apr-2022,4400.0,CE,0.0,0.0,0.0,34.9,0.05,0,0.0,0,0,18-APR-2022,
OPTSTK,OFSS,28-Apr-2022,4450.0,CE,0.0,0.0,0.0,30.9,0.05,0,0.0,0,0,18-APR-2022,
OPTSTK,OFSS,28-Apr-2022,4500.0,CE,0.0,0.0,0.0,2.0,0.05,0,0.0,250,0,18-APR-2022,
OPTSTK,OFSS,28-Apr-2022,4550.0,CE,0.0,0.0,0.0,24.15,0.0,0,0.0,0,0,18-APR-2022,
OPTSTK,OFSS,28-Apr-2022,4600.0,CE,0.0,0.0,0.0,21.3,0.0,0,0.0,0,0,18-APR-2022,
OPTSTK,OFSS,28-Apr-2022,4650.0,CE,0.0,0.0,0.0,18.75,0.0,0,0.0,0,0,18-APR-2022,
OPTSTK,OFSS,28-Apr-2022,4700.0,CE,0.0,0.0,0.0,16.5,0.0,0,0.0,0,0,18-APR-2022,
OPTSTK,OFSS,28-Apr-2022,4750.0,CE,0.0,0.0,0.0,14.5,0.0,0,0.0,0,0,18-APR-2022,
OPTSTK,OFSS,28-Apr-2022,4800.0,CE,0.0,0.0,0.0,12.75,0.0,0,0.0,0,0,18-APR-2022,
OPTSTK,OFSS,28-Apr-2022,4850.0,CE,0.0,0.0,0.0,11.2,0.0,0,0.0,0,0,18-APR-2022,
OPTSTK,OFSS,28-Apr-2022,4900.0,CE,0.0,0.0,0.0,9.8,0.0,0,0.0,0,0,18-APR-2022,
OPTSTK,OFSS,28-Apr-2022,4950.0,CE,0.0,0.0,0.0,8.6,0.0,0,0.0,0,0,18-APR-2022,
OPTSTK,OFSS,28-Apr-2022,5000.0,CE,0.0,0.0,0.0,7.5,0.0,0,0.0,0,0,18-APR-2022,
OPTSTK,OFSS,28-Apr-2022,5050.0,CE,0.0,0.0,0.0,6.55,0.0,0,0.0,0,0,18-APR-2022,
OPTSTK,OFSS,28-Apr-2022,5100.0,CE,0.0,0.0,0.0,5.75,0.0,0,0.0,0,0,18-APR-2022,
OPTSTK,OFSS,28-Apr-2022,2500.0,PE,0.0,0.0,0.0,9.8,0.0,0,0.0,0,0,18-APR-2022,
OPTSTK,OFSS,28-Apr-2022,2550.0,PE,0.0,0.0,0.0,12.75,0.0,0,0.0,0,0,18-APR-2022,
OPTSTK,OFSS,28-Apr-2022,2600.0,PE,0.0,0.0,0.0,16.35,0.0,0,0.0,0,0,18-APR-2022,
OPTSTK,OFSS,28-Apr-2022,2650.0,PE,0.0,0.0,0.0,20.65,0.0,0,0.0,0,0,18-APR-2022,
OPTSTK,OFSS,28-Apr-2022,2700.0,PE,0.0,0.0,0.0,25.8,0.0,0,0.0,0,0,18-APR-2022,
OPTSTK,OFSS,28-Apr-2022,2750.0,PE,0.0,0.0,0.0,31.9,0.0,0,0.0,0,0,18-APR-2022,
OPTSTK,OFSS,28-Apr-2022,2800.0,PE,0.0,0.0,0.0,39.05,0.0,0,0.0,0,0,18-APR-2022,
OPTSTK,OFSS,28-Apr-2022,2850.0,PE,0.0,0.0,0.0,47.25,0.0,0,0.0,0,0,18-APR-2022,
OPTSTK,OFSS,28-Apr-2022,2900.0,PE,0.0,0.0,0.0,56.65,0.05,0,0.0,0,0,18-APR-2022,
OPTSTK,OFSS,28-Apr-2022,2950.0,PE,0.0,0.0,0.0,67.35,0.05,0,0.0,0,0,18-APR-2022,
OPTSTK,OFSS,28-Apr-2022,3000.0,PE,2.5,2.5,2.5,2.5,0.15,1,3.75,500,-125,18-APR-2022,
OPTSTK,OFSS,28-Apr-2022,3050.0,PE,0.0,0.0,0.0,92.85,0.3,0,0.0,0,0,18-APR-2022,
OPTSTK,OFSS,28-Apr-2022,3100.0,PE,0.0,0.0,0.0,107.65,0.6,0,0.0,0,0,18-APR-2022,
OPTSTK,OFSS,28-Apr-2022,3150.0,PE,0.0,0.0,0.0,8.5,1.3,0,0.0,125,0,18-APR-2022,
OPTSTK,OFSS,28-Apr-2022,3200.0,PE,0.0,0.0,0.0,11.4,2.55,0,0.0,125,0,18-APR-2022,
OPTSTK,OFSS,28-Apr-2022,3250.0,PE,0.0,0.0,0.0,161.3,4.8,0,0.0,0,0,18-APR-2022,
OPTSTK,OFSS,28-Apr-2022,3300.0,PE,0.0,0.0,0.0,45.95,8.45,0,0.0,500,0,18-APR-2022,
OPTSTK,OFSS,28-Apr-2022,3350.0,PE,0.0,0.0,0.0,204.9,14.1,0,0.0,0,0,18-APR-2022,
OPTSTK,OFSS,28-Apr-2022,3400.0,PE,30.0,30.0,24.0,24.0,22.35,4,17.13,2750,250,18-APR-2022,
OPTSTK,OFSS,28-Apr-2022,3450.0,PE,0.0,0.0,0.0,254.7,34.05,0,0.0,0,0,18-APR-2022,
OPTSTK,OFSS,28-Apr-2022,3500.0,PE,75.7,75.7,34.45,40.0,40.0,15,66.68,5625,250,18-APR-2022,
OPTSTK,OFSS,28-Apr-2022,3550.0,PE,0.0,0.0,0.0,73.7,69.0,0,0.0,0,0,18-APR-2022,
OPTSTK,OFSS,28-Apr-2022,3600.0,PE,123.15,131.5,84.65,84.65,84.65,4,18.53,6875,0,18-APR-2022,
OPTSTK,OFSS,28-Apr-2022,3650.0,PE,0.0,0.0,0.0,372.1,121.65,0,0.0,0,0,18-APR-2022,
OPTSTK,OFSS,28-Apr-2022,3700.0,PE,202.25,207.85,188.15,207.85,154.45,3,14.62,3125,375,18-APR-2022,
OPTSTK,OFSS,28-Apr-2022,3750.0,PE,0.0,0.0,0.0,140.0,191.1,0,0.0,125,0,18-APR-2022,
OPTSTK,OFSS,28-Apr-2022,3800.0,PE,0.0,0.0,0.0,265.0,231.0,0,0.0,375,0,18-APR-2022,
OPTSTK,OFSS,28-Apr-2022,3850.0,PE,0.0,0.0,0.0,510.8,273.55,0,0.0,0,0,18-APR-2022,
OPTSTK,OFSS,28-Apr-2022,3900.0,PE,0.0,0.0,0.0,265.05,318.3,0,0.0,125,0,18-APR-2022,
OPTSTK,OFSS,28-Apr-2022,3950.0,PE,0.0,0.0,0.0,586.95,364.7,0,0.0,0,0,18-APR-2022,
OPTSTK,OFSS,28-Apr-2022,4000.0,PE,0.0,0.0,0.0,349.95,412.25,0,0.0,500,0,18-APR-2022,
OPTSTK,OFSS,28-Apr-2022,4050.0,PE,0.0,0.0,0.0,666.7,460.65,0,0.0,0,0,18-APR-2022,
OPTSTK,OFSS,28-Apr-2022,4100.0,PE,0.0,0.0,0.0,535.0,509.65,0,0.0,125,0,18-APR-2022,
OPTSTK,OFSS,28-Apr-2022,4150.0,PE,0.0,0.0,0.0,749.95,559.0,0,0.0,0,0,18-APR-2022,
OPTSTK,OFSS,28-Apr-2022,4200.0,PE,0.0,0.0,0.0,792.65,608.6,0,0.0,0,0,18-APR-2022,
OPTSTK,OFSS,28-Apr-2022,4250.0,PE,0.0,0.0,0.0,836.0,658.3,0,0.0,0,0,18-APR-2022,
OPTSTK,OFSS,28-Apr-2022,4300.0,PE,0.0,0.0,0.0,879.95,708.15,0,0.0,0,0,18-APR-2022,
OPTSTK,OFSS,28-Apr-2022,4350.0,PE,0.0,0.0,0.0,924.5,758.05,0,0.0,0,0,18-APR-2022,
OPTSTK,OFSS,28-Apr-2022,4400.0,PE,0.0,0.0,0.0,969.5,807.95,0,0.0,0,0,18-APR-2022,
OPTSTK,OFSS,28-Apr-2022,4450.0,PE,0.0,0.0,0.0,1015.0,857.9,0,0.0,0,0,18-APR-2022,
OPTSTK,OFSS,28-Apr-2022,4500.0,PE,0.0,0.0,0.0,1060.9,907.8,0,0.0,0,0,18-APR-2022,
OPTSTK,OFSS,28-Apr-2022,4550.0,PE,0.0,0.0,0.0,1107.2,957.75,0,0.0,0,0,18-APR-2022,
OPTSTK,OFSS,28-Apr-2022,4600.0,PE,0.0,0.0,0.0,1153.85,1007.7,0,0.0,0,0,18-APR-2022,
OPTSTK,OFSS,28-Apr-2022,4650.0,PE,0.0,0.0,0.0,1200.8,1057.65,0,0.0,0,0,18-APR-2022,
OPTSTK,OFSS,28-Apr-2022,4700.0,PE,0.0,0.0,0.0,1248.0,1107.6,0,0.0,0,0,18-APR-2022,
OPTSTK,OFSS,28-Apr-2022,4750.0,PE,0.0,0.0,0.0,1295.5,1157.5,0,0.0,0,0,18-APR-2022,
OPTSTK,OFSS,28-Apr-2022,4800.0,PE,0.0,0.0,0.0,1343.2,1207.45,0,0.0,0,0,18-APR-2022,
OPTSTK,OFSS,28-Apr-2022,4850.0,PE,0.0,0.0,0.0,1391.1,1257.4,0,0.0,0,0,18-APR-2022,
OPTSTK,OFSS,28-Apr-2022,4900.0,PE,0.0,0.0,0.0,1439.2,1307.35,0,0.0,0,0,18-APR-2022,
OPTSTK,OFSS,28-Apr-2022,4950.0,PE,0.0,0.0,0.0,1487.45,1357.3,0,0.0,0,0,18-APR-2022,
OPTSTK,OFSS,28-Apr-2022,5000.0,PE,0.0,0.0,0.0,1535.9,1407.25,0,0.0,0,0,18-APR-2022,
OPTSTK,OFSS,28-Apr-2022,5050.0,PE,0.0,0.0,0.0,1584.4,1457.2,0,0.0,0,0,18-APR-2022,
OPTSTK,OFSS,28-Apr-2022,5100.0,PE,0.0,0.0,0.0,1633.05,1507.15,0,0.0,0,0,18-APR-2022,
OPTSTK,OFSS,26-May-2022,2500.0,CE,0.0,0.0,0.0,870.5,1098.35,0,0.0,0,0,18-APR-2022,
OPTSTK,OFSS,26-May-2022,2550.0,CE,0.0,0.0,0.0,825.05,1048.65,0,0.0,0,0,18-APR-2022,
OPTSTK,OFSS,26-May-2022,2600.0,CE,0.0,0.0,0.0,780.45,999.05,0,0.0,0,0,18-APR-2022,
OPTSTK,OFSS,26-May-2022,2650.0,CE,0.0,0.0,0.0,736.75,949.5,0,0.0,0,0,18-APR-2022,
OPTSTK,OFSS,26-May-2022,2700.0,CE,0.0,0.0,0.0,694.05,900.15,0,0.0,0,0,18-APR-2022,
OPTSTK,OFSS,26-May-2022,2750.0,CE,0.0,0.0,0.0,652.45,850.95,0,0.0,0,0,18-APR-2022,
OPTSTK,OFSS,26-May-2022,2800.0,CE,0.0,0.0,0.0,612.05,802.05,0,0.0,0,0,18-APR-2022,
OPTSTK,OFSS,26-May-2022,2850.0,CE,0.0,0.0,0.0,572.9,753.55,0,0.0,0,0,18-APR-2022,
OPTSTK,OFSS,26-May-2022,2900.0,CE,0.0,0.0,0.0,535.05,705.55,0,0.0,0,0,18-APR-2022,
OPTSTK,OFSS,26-May-2022,2950.0,CE,0.0,0.0,0.0,498.7,658.15,0,0.0,0,0,18-APR-2022,
OPTSTK,OFSS,26-May-2022,3000.0,CE,0.0,0.0,0.0,463.75,611.5,0,0.0,0,0,18-APR-2022,
OPTSTK,OFSS,26-May-2022,3050.0,CE,0.0,0.0,0.0,430.15,565.85,0,0.0,0,0,18-APR-2022,
OPTSTK,OFSS,26-May-2022,3100.0,CE,0.0,0.0,0.0,398.25,521.3,0,0.0,0,0,18-APR-2022,
OPTSTK,OFSS,26-May-2022,3150.0,CE,0.0,0.0,0.0,367.9,478.1,0,0.0,0,0,18-APR-2022,
OPTSTK,OFSS,26-May-2022,3200.0,CE,0.0,0.0,0.0,339.15,436.35,0,0.0,0,0,18-APR-2022,
OPTSTK,OFSS,26-May-2022,3250.0,CE,0.0,0.0,0.0,311.95,396.3,0,0.0,0,0,18-APR-2022,
OPTSTK,OFSS,26-May-2022,3300.0,CE,0.0,0.0,0.0,286.35,358.1,0,0.0,0,0,18-APR-2022,
OPTSTK,OFSS,26-May-2022,3350.0,CE,0.0,0.0,0.0,262.25,321.95,0,0.0,0,0,18-APR-2022,
OPTSTK,OFSS,26-May-2022,3400.0,CE,0.0,0.0,0.0,239.75,287.7,0,0.0,0,0,18-APR-2022,
OPTSTK,OFSS,26-May-2022,3450.0,CE,0.0,0.0,0.0,218.7,255.8,0,0.0,0,0,18-APR-2022,
OPTSTK,OFSS,26-May-2022,3500.0,CE,0.0,0.0,0.0,199.1,226.2,0,0.0,0,0,18-APR-2022,
OPTSTK,OFSS,26-May-2022,3550.0,CE,0.0,0.0,0.0,180.9,198.9,0,0.0,0,0,18-APR-2022,
OPTSTK,OFSS,26-May-2022,3600.0,CE,0.0,0.0,0.0,164.05,173.9,0,0.0,0,0,18-APR-2022,
OPTSTK,OFSS,26-May-2022,3650.0,CE,0.0,0.0,0.0,148.5,151.2,0,0.0,0,0,18-APR-2022,
OPTSTK,OFSS,26-May-2022,3700.0,CE,0.0,0.0,0.0,134.15,130.75,0,0.0,0,0,18-APR-2022,
OPTSTK,OFSS,26-May-2022,3750.0,CE,0.0,0.0,0.0,120.95,112.4,0,0.0,0,0,18-APR-2022,
OPTSTK,OFSS,26-May-2022,3800.0,CE,0.0,0.0,0.0,124.9,96.1,0,0.0,125,0,18-APR-2022,
OPTSTK,OFSS,26-May-2022,3850.0,CE,0.0,0.0,0.0,98.1,81.7,0,0.0,0,0,18-APR-2022,
OPTSTK,OFSS,26-May-2022,3900.0,CE,0.0,0.0,0.0,87.9,69.25,0,0.0,0,0,18-APR-2022,
OPTSTK,OFSS,26-May-2022,3950.0,CE,0.0,0.0,0.0,78.75,58.2,0,0.0,0,0,18-APR-2022,
OPTSTK,OFSS,26-May-2022,4000.0,CE,40.0,40.0,40.0,40.0,48.7,1,5.05,125,125,18-APR-2022,
OPTSTK,OFSS,26-May-2022,4050.0,CE,0.0,0.0,0.0,62.9,40.5,0,0.0,0,0,18-APR-2022,
OPTSTK,OFSS,26-May-2022,4100.0,CE,0.0,0.0,0.0,56.1,33.55,0,0.0,0,0,18-APR-2022,
OPTSTK,OFSS,26-May-2022,4150.0,CE,0.0,0.0,0.0,49.95,27.65,0,0.0,0,0,18-APR-2022,
OPTSTK,OFSS,26-May-2022,4200.0,CE,0.0,0.0,0.0,44.4,22.65,0,0.0,0,0,18-APR-2022,
OPTSTK,OFSS,26-May-2022,4250.0,CE,0.0,0.0,0.0,39.4,18.5,0,0.0,0,0,18-APR-2022,
OPTSTK,OFSS,26-May-2022,4300.0,CE,0.0,0.0,0.0,34.95,15.0,0,0.0,0,0,18-APR-2022,
OPTSTK,OFSS,26-May-2022,4350.0,CE,0.0,0.0,0.0,30.95,12.1,0,0.0,0,0,18-APR-2022,
OPTSTK,OFSS,26-May-2022,4400.0,CE,0.0,0.0,0.0,27.35,9.75,0,0.0,0,0,18-APR-2022,
OPTSTK,OFSS,26-May-2022,4450.0,CE,0.0,0.0,0.0,24.15,7.8,0,0.0,0,0,18-APR-2022,
OPTSTK,OFSS,26-May-2022,4500.0,CE,0.0,0.0,0.0,21.3,6.2,0,0.0,0,0,18-APR-2022,
OPTSTK,OFSS,26-May-2022,4550.0,CE,0.0,0.0,0.0,18.75,4.95,0,0.0,0,0,18-APR-2022,
OPTSTK,OFSS,26-May-2022,4600.0,CE,0.0,0.0,0.0,16.5,3.9,0,0.0,0,0,18-APR-2022,
OPTSTK,OFSS,26-May-2022,4650.0,CE,0.0,0.0,0.0,14.5,3.05,0,0.0,0,0,18-APR-2022,
OPTSTK,OFSS,26-May-2022,4700.0,CE,0.0,0.0,0.0,12.75,2.4,0,0.0,0,0,18-APR-2022,
OPTSTK,OFSS,26-May-2022,4750.0,CE,0.0,0.0,0.0,11.2,1.9,0,0.0,0,0,18-APR-2022,
OPTSTK,OFSS,26-May-2022,4800.0,CE,0.0,0.0,0.0,9.8,1.45,0,0.0,0,0,18-APR-2022,
OPTSTK,OFSS,26-May-2022,4850.0,CE,0.0,0.0,0.0,8.55,1.15,0,0.0,0,0,18-APR-2022,
OPTSTK,OFSS,26-May-2022,4900.0,CE,0.0,0.0,0.0,7.5,0.9,0,0.0,0,0,18-APR-2022,
OPTSTK,OFSS,26-May-2022,4950.0,CE,0.0,0.0,0.0,6.55,0.7,0,0.0,0,0,18-APR-2022,
OPTSTK,OFSS,26-May-2022,5000.0,CE,0.0,0.0,0.0,5.7,0.55,0,0.0,0,0,18-APR-2022,
OPTSTK,OFSS,26-May-2022,5050.0,CE,0.0,0.0,0.0,5.0,0.4,0,0.0,0,0,18-APR-2022,
OPTSTK,OFSS,26-May-2022,2500.0,PE,0.0,0.0,0.0,14.75,0.15,0,0.0,0,0,18-APR-2022,
OPTSTK,OFSS,26-May-2022,2550.0,PE,0.0,0.0,0.0,18.8,0.25,0,0.0,0,0,18-APR-2022,
OPTSTK,OFSS,26-May-2022,2600.0,PE,0.0,0.0,0.0,23.65,0.4,0,0.0,0,0,18-APR-2022,
OPTSTK,OFSS,26-May-2022,2650.0,PE,0.0,0.0,0.0,29.4,0.65,0,0.0,0,0,18-APR-2022,
OPTSTK,OFSS,26-May-2022,2700.0,PE,0.0,0.0,0.0,36.2,1.05,0,0.0,0,0,18-APR-2022,
OPTSTK,OFSS,26-May-2022,2750.0,PE,0.0,0.0,0.0,44.1,1.65,0,0.0,0,0,18-APR-2022,
OPTSTK,OFSS,26-May-2022,2800.0,PE,0.0,0.0,0.0,53.15,2.55,0,0.0,0,0,18-APR-2022,
OPTSTK,OFSS,26-May-2022,2850.0,PE,0.0,0.0,0.0,63.45,3.8,0,0.0,0,0,18-APR-2022,
OPTSTK,OFSS,26-May-2022,2900.0,PE,0.0,0.0,0.0,75.1,5.6,0,0.0,0,0,18-APR-2022,
OPTSTK,OFSS,26-May-2022,2950.0,PE,0.0,0.0,0.0,88.25,7.95,0,0.0,0,0,18-APR-2022,
OPTSTK,OFSS,26-May-2022,3000.0,PE,0.0,0.0,0.0,102.75,11.15,0,0.0,0,0,18-APR-2022,
OPTSTK,OFSS,26-May-2022,3050.0,PE,0.0,0.0,0.0,118.6,15.25,0,0.0,0,0,18-APR-2022,
OPTSTK,OFSS,26-May-2022,3100.0,PE,0.0,0.0,0.0,136.2,20.5,0,0.0,0,0,18-APR-2022,
OPTSTK,OFSS,26-May-2022,3150.0,PE,0.0,0.0,0.0,155.3,27.05,0,0.0,0,0,18-APR-2022,
OPTSTK,OFSS,26-May-2022,3200.0,PE,0.0,0.0,0.0,176.05,35.1,0,0.0,0,0,18-APR-2022,
OPTSTK,OFSS,26-May-2022,3250.0,PE,0.0,0.0,0.0,198.35,44.8,0,0.0,0,0,18-APR-2022,
OPTSTK,OFSS,26-May-2022,3300.0,PE,0.0,0.0,0.0,222.2,56.35,0,0.0,0,0,18-APR-2022,
OPTSTK,OFSS,26-May-2022,3350.0,PE,0.0,0.0,0.0,247.6,70.0,0,0.0,0,0,18-APR-2022,
OPTSTK,OFSS,26-May-2022,3400.0,PE,0.0,0.0,0.0,274.55,85.55,0,0.0,0,0,18-APR-2022,
OPTSTK,OFSS,26-May-2022,3450.0,PE,0.0,0.0,0.0,70.0,103.45,0,0.0,0,0,18-APR-2022,
OPTSTK,OFSS,26-May-2022,3500.0,PE,0.0,0.0,0.0,332.85,123.6,0,0.0,0,0,18-APR-2022,
OPTSTK,OFSS,26-May-2022,3550.0,PE,0.0,0.0,0.0,300.0,146.1,0,0.0,0,0,18-APR-2022,
OPTSTK,OFSS,26-May-2022,3600.0,PE,0.0,0.0,0.0,396.75,170.85,0,0.0,0,0,18-APR-2022,
OPTSTK,OFSS,26-May-2022,3650.0,PE,0.0,0.0,0.0,430.7,197.95,0,0.0,0,0,18-APR-2022,
OPTSTK,OFSS,26-May-2022,3700.0,PE,0.0,0.0,0.0,465.8,227.25,0,0.0,0,0,18-APR-2022,
OPTSTK,OFSS,26-May-2022,3750.0,PE,0.0,0.0,0.0,502.1,258.7,0,0.0,0,0,18-APR-2022,
OPTSTK,OFSS,26-May-2022,3800.0,PE,0.0,0.0,0.0,539.7,292.15,0,0.0,0,0,18-APR-2022,
OPTSTK,OFSS,26-May-2022,3850.0,PE,0.0,0.0,0.0,578.2,327.55,0,0.0,0,0,18-APR-2022,
OPTSTK,OFSS,26-May-2022,3900.0,PE,0.0,0.0,0.0,617.5,364.9,0,0.0,0,0,18-APR-2022,
OPTSTK,OFSS,26-May-2022,3950.0,PE,0.0,0.0,0.0,657.85,403.6,0,0.0,0,0,18-APR-2022,
OPTSTK,OFSS,26-May-2022,4000.0,PE,0.0,0.0,0.0,699.0,443.85,0,0.0,0,0,18-APR-2022,
OPTSTK,OFSS,26-May-2022,4050.0,PE,0.0,0.0,0.0,740.95,485.5,0,0.0,0,0,18-APR-2022,
OPTSTK,OFSS,26-May-2022,4100.0,PE,0.0,0.0,0.0,783.6,528.3,0,0.0,0,0,18-APR-2022,
OPTSTK,OFSS,26-May-2022,4150.0,PE,0.0,0.0,0.0,826.9,572.15,0,0.0,0,0,18-APR-2022,
OPTSTK,OFSS,26-May-2022,4200.0,PE,0.0,0.0,0.0,870.85,616.95,0,0.0,0,0,18-APR-2022,
OPTSTK,OFSS,26-May-2022,4250.0,PE,0.0,0.0,0.0,915.35,662.55,0,0.0,0,0,18-APR-2022,
OPTSTK,OFSS,26-May-2022,4300.0,PE,0.0,0.0,0.0,960.35,708.85,0,0.0,0,0,18-APR-2022,
OPTSTK,OFSS,26-May-2022,4350.0,PE,0.0,0.0,0.0,1005.8,755.75,0,0.0,0,0,18-APR-2022,
OPTSTK,OFSS,26-May-2022,4400.0,PE,0.0,0.0,0.0,1051.7,803.15,0,0.0,0,0,18-APR-2022,
OPTSTK,OFSS,26-May-2022,4450.0,PE,0.0,0.0,0.0,1098.0,851.0,0,0.0,0,0,18-APR-2022,
OPTSTK,OFSS,26-May-2022,4500.0,PE,0.0,0.0,0.0,1144.6,899.2,0,0.0,0,0,18-APR-2022,
OPTSTK,OFSS,26-May-2022,4550.0,PE,0.0,0.0,0.0,1191.55,947.7,0,0.0,0,0,18-APR-2022,
OPTSTK,OFSS,26-May-2022,4600.0,PE,0.0,0.0,0.0,1238.75,996.45,0,0.0,0,0,18-APR-2022,
OPTSTK,OFSS,26-May-2022,4650.0,PE,0.0,0.0,0.0,1286.25,1045.4,0,0.0,0,0,18-APR-2022,
OPTSTK,OFSS,26-May-2022,4700.0,PE,0.0,0.0,0.0,1333.95,1094.5,0,0.0,0,0,18-APR-2022,
OPTSTK,OFSS,26-May-2022,4750.0,PE,0.0,0.0,0.0,1381.85,1143.75,0,0.0,0,0,18-APR-2022,
OPTSTK,OFSS,26-May-2022,4800.0,PE,0.0,0.0,0.0,1429.95,1193.15,0,0.0,0,0,18-APR-2022,
OPTSTK,OFSS,26-May-2022,4850.0,PE,0.0,0.0,0.0,1478.2,1242.6,0,0.0,0,0,18-APR-2022,
OPTSTK,OFSS,26-May-2022,4900.0,PE,0.0,0.0,0.0,1526.6,1292.1,0,0.0,0,0,18-APR-2022,
OPTSTK,OFSS,26-May-2022,4950.0,PE,0.0,0.0,0.0,1575.15,1341.7,0,0.0,0,0,18-APR-2022,
OPTSTK,OFSS,26-May-2022,5000.0,PE,0.0,0.0,0.0,1623.8,1391.3,0,0.0,0,0,18-APR-2022,
OPTSTK,OFSS,26-May-2022,5050.0,PE,0.0,0.0,0.0,1672.55,1440.95,0,0.0,0,0,18-APR-2022,
OPTSTK,OFSS,30-Jun-2022,2500.0,CE,0.0,0.0,0.0,1119.5,1110.7,0,0.0,0,0,18-APR-2022,
OPTSTK,OFSS,30-Jun-2022,2550.0,CE,0.0,0.0,0.0,1071.75,1062.1,0,0.0,0,0,18-APR-2022,
OPTSTK,OFSS,30-Jun-2022,2600.0,CE,0.0,0.0,0.0,1024.5,1013.8,0,0.0,0,0,18-APR-2022,
OPTSTK,OFSS,30-Jun-2022,2650.0,CE,0.0,0.0,0.0,977.7,965.85,0,0.0,0,0,18-APR-2022,
OPTSTK,OFSS,30-Jun-2022,2700.0,CE,0.0,0.0,0.0,931.55,918.4,0,0.0,0,0,18-APR-2022,
OPTSTK,OFSS,30-Jun-2022,2750.0,CE,0.0,0.0,0.0,886.0,871.5,0,0.0,0,0,18-APR-2022,
OPTSTK,OFSS,30-Jun-2022,2800.0,CE,0.0,0.0,0.0,841.25,825.2,0,0.0,0,0,18-APR-2022,
OPTSTK,OFSS,30-Jun-2022,2850.0,CE,0.0,0.0,0.0,797.3,779.7,0,0.0,0,0,18-APR-2022,
OPTSTK,OFSS,30-Jun-2022,2900.0,CE,0.0,0.0,0.0,754.3,735.0,0,0.0,0,0,18-APR-2022,
OPTSTK,OFSS,30-Jun-2022,2950.0,CE,0.0,0.0,0.0,712.3,691.25,0,0.0,0,0,18-APR-2022,
OPTSTK,OFSS,30-Jun-2022,3000.0,CE,0.0,0.0,0.0,671.35,648.55,0,0.0,0,0,18-APR-2022,
OPTSTK,OFSS,30-Jun-2022,3050.0,CE,0.0,0.0,0.0,631.55,607.0,0,0.0,0,0,18-APR-2022,
OPTSTK,OFSS,30-Jun-2022,3100.0,CE,0.0,0.0,0.0,592.95,566.7,0,0.0,0,0,18-APR-2022,
OPTSTK,OFSS,30-Jun-2022,3150.0,CE,0.0,0.0,0.0,555.75,527.75,0,0.0,0,0,18-APR-2022,
OPTSTK,OFSS,30-Jun-2022,3200.0,CE,0.0,0.0,0.0,519.75,490.35,0,0.0,0,0,18-APR-2022,
OPTSTK,OFSS,30-Jun-2022,3250.0,CE,0.0,0.0,0.0,485.15,454.25,0,0.0,0,0,18-APR-2022,
OPTSTK,OFSS,30-Jun-2022,3300.0,CE,0.0,0.0,0.0,451.85,419.55,0,0.0,0,0,18-APR-2022,
OPTSTK,OFSS,30-Jun-2022,3350.0,CE,0.0,0.0,0.0,420.15,386.7,0,0.0,0,0,18-APR-2022,
OPTSTK,OFSS,30-Jun-2022,3400.0,CE,0.0,0.0,0.0,389.9,355.45,0,0.0,0,0,18-APR-2022,
OPTSTK,OFSS,30-Jun-2022,3450.0,CE,0.0,0.0,0.0,361.15,325.9,0,0.0,0,0,18-APR-2022,
OPTSTK,OFSS,30-Jun-2022,3500.0,CE,0.0,0.0,0.0,333.9,298.0,0,0.0,0,0,18-APR-2022,
OPTSTK,OFSS,30-Jun-2022,3550.0,CE,0.0,0.0,0.0,308.1,271.8,0,0.0,0,0,18-APR-2022,
OPTSTK,OFSS,30-Jun-2022,3600.0,CE,0.0,0.0,0.0,283.75,247.25,0,0.0,0,0,18-APR-2022,
OPTSTK,OFSS,30-Jun-2022,3650.0,CE,0.0,0.0,0.0,260.9,224.3,0,0.0,0,0,18-APR-2022,
OPTSTK,OFSS,30-Jun-2022,3700.0,CE,0.0,0.0,0.0,239.4,203.05,0,0.0,0,0,18-APR-2022,
OPTSTK,OFSS,30-Jun-2022,3750.0,CE,0.0,0.0,0.0,219.3,183.3,0,0.0,0,0,18-APR-2022,
OPTSTK,OFSS,30-Jun-2022,3800.0,CE,0.0,0.0,0.0,200.5,165.05,0,0.0,0,0,18-APR-2022,
OPTSTK,OFSS,30-Jun-2022,3850.0,CE,0.0,0.0,0.0,183.05,148.3,0,0.0,0,0,18-APR-2022,
OPTSTK,OFSS,30-Jun-2022,3900.0,CE,0.0,0.0,0.0,166.8,132.9,0,0.0,0,0,18-APR-2022,
OPTSTK,OFSS,30-Jun-2022,3950.0,CE,0.0,0.0,0.0,151.75,118.8,0,0.0,0,0,18-APR-2022,
OPTSTK,OFSS,30-Jun-2022,4000.0,CE,0.0,0.0,0.0,137.8,106.15,0,0.0,0,0,18-APR-2022,
OPTSTK,OFSS,30-Jun-2022,4050.0,CE,0.0,0.0,0.0,125.15,94.55,0,0.0,0,0,18-APR-2022,
OPTSTK,OFSS,30-Jun-2022,4100.0,CE,0.0,0.0,0.0,113.35,83.85,0,0.0,0,0,18-APR-2022,
OPTSTK,OFSS,30-Jun-2022,4150.0,CE,0.0,0.0,0.0,102.5,74.35,0,0.0,0,0,18-APR-2022,
OPTSTK,OFSS,30-Jun-2022,4200.0,CE,0.0,0.0,0.0,92.45,65.75,0,0.0,0,0,18-APR-2022,
OPTSTK,OFSS,30-Jun-2022,4250.0,CE,0.0,0.0,0.0,83.35,58.0,0,0.0,0,0,18-APR-2022,
OPTSTK,OFSS,30-Jun-2022,4300.0,CE,0.0,0.0,0.0,75.0,51.1,0,0.0,0,0,18-APR-2022,
OPTSTK,OFSS,30-Jun-2022,4350.0,CE,0.0,0.0,0.0,67.4,44.9,0,0.0,0,0,18-APR-2022,
OPTSTK,OFSS,30-Jun-2022,4400.0,CE,0.0,0.0,0.0,60.5,39.4,0,0.0,0,0,18-APR-2022,
OPTSTK,OFSS,30-Jun-2022,4450.0,CE,0.0,0.0,0.0,54.25,34.5,0,0.0,0,0,18-APR-2022,
OPTSTK,OFSS,30-Jun-2022,4500.0,CE,0.0,0.0,0.0,48.55,30.15,0,0.0,0,0,18-APR-2022,
OPTSTK,OFSS,30-Jun-2022,4550.0,CE,0.0,0.0,0.0,43.4,26.3,0,0.0,0,0,18-APR-2022,
OPTSTK,OFSS,30-Jun-2022,4600.0,CE,0.0,0.0,0.0,38.8,22.9,0,0.0,0,0,18-APR-2022,
OPTSTK,OFSS,30-Jun-2022,4650.0,CE,0.0,0.0,0.0,34.6,19.9,0,0.0,0,0,18-APR-2022,
OPTSTK,OFSS,30-Jun-2022,4700.0,CE,0.0,0.0,0.0,30.8,17.25,0,0.0,0,0,18-APR-2022,
OPTSTK,OFSS,30-Jun-2022,4750.0,CE,0.0,0.0,0.0,27.4,14.95,0,0.0,0,0,18-APR-2022,
OPTSTK,OFSS,30-Jun-2022,4800.0,CE,0.0,0.0,0.0,24.35,12.9,0,0.0,0,0,18-APR-2022,
OPTSTK,OFSS,30-Jun-2022,4850.0,CE,0.0,0.0,0.0,21.65,11.15,0,0.0,0,0,18-APR-2022,
OPTSTK,OFSS,30-Jun-2022,4900.0,CE,0.0,0.0,0.0,19.2,9.6,0,0.0,0,0,18-APR-2022,
OPTSTK,OFSS,30-Jun-2022,4950.0,CE,0.0,0.0,0.0,17.0,8.3,0,0.0,0,0,18-APR-2022,
OPTSTK,OFSS,30-Jun-2022,5000.0,CE,0.0,0.0,0.0,15.05,7.1,0,0.0,0,0,18-APR-2022,
OPTSTK,OFSS,30-Jun-2022,2500.0,PE,0.0,0.0,0.0,5.45,2.4,0,0.0,0,0,18-APR-2022,
OPTSTK,OFSS,30-Jun-2022,2550.0,PE,0.0,0.0,0.0,7.2,3.35,0,0.0,0,0,18-APR-2022,
OPTSTK,OFSS,30-Jun-2022,2600.0,PE,0.0,0.0,0.0,9.4,4.6,0,0.0,0,0,18-APR-2022,
OPTSTK,OFSS,30-Jun-2022,2650.0,PE,0.0,0.0,0.0,12.1,6.3,0,0.0,0,0,18-APR-2022,
OPTSTK,OFSS,30-Jun-2022,2700.0,PE,0.0,0.0,0.0,15.4,8.4,0,0.0,0,0,18-APR-2022,
OPTSTK,OFSS,30-Jun-2022,2750.0,PE,0.0,0.0,0.0,19.35,11.05,0,0.0,0,0,18-APR-2022,
OPTSTK,OFSS,30-Jun-2022,2800.0,PE,0.0,0.0,0.0,24.05,14.35,0,0.0,0,0,18-APR-2022,
OPTSTK,OFSS,30-Jun-2022,2850.0,PE,0.0,0.0,0.0,29.6,18.4,0,0.0,0,0,18-APR-2022,
OPTSTK,OFSS,30-Jun-2022,2900.0,PE,0.0,0.0,0.0,36.05,23.3,0,0.0,0,0,18-APR-2022,
OPTSTK,OFSS,30-Jun-2022,2950.0,PE,0.0,0.0,0.0,43.5,29.15,0,0.0,0,0,18-APR-2022,
OPTSTK,OFSS,30-Jun-2022,3000.0,PE,0.0,0.0,0.0,52.05,36.0,0,0.0,0,0,18-APR-2022,
OPTSTK,OFSS,30-Jun-2022,3050.0,PE,0.0,0.0,0.0,61.7,44.05,0,0.0,0,0,18-APR-2022,
OPTSTK,OFSS,30-Jun-2022,3100.0,PE,0.0,0.0,0.0,72.6,53.35,0,0.0,0,0,18-APR-2022,
OPTSTK,OFSS,30-Jun-2022,3150.0,PE,0.0,0.0,0.0,84.9,63.95,0,0.0,0,0,18-APR-2022,
OPTSTK,OFSS,30-Jun-2022,3200.0,PE,0.0,0.0,0.0,98.35,76.1,0,0.0,0,0,18-APR-2022,
OPTSTK,OFSS,30-Jun-2022,3250.0,PE,0.0,0.0,0.0,113.25,89.6,0,0.0,0,0,18-APR-2022,
OPTSTK,OFSS,30-Jun-2022,3300.0,PE,0.0,0.0,0.0,129.4,104.5,0,0.0,0,0,18-APR-2022,
OPTSTK,OFSS,30-Jun-2022,3350.0,PE,0.0,0.0,0.0,147.15,121.2,0,0.0,0,0,18-APR-2022,
OPTSTK,OFSS,30-Jun-2022,3400.0,PE,0.0,0.0,0.0,166.4,139.5,0,0.0,0,0,18-APR-2022,
OPTSTK,OFSS,30-Jun-2022,3450.0,PE,0.0,0.0,0.0,187.15,159.55,0,0.0,0,0,18-APR-2022,
OPTSTK,OFSS,30-Jun-2022,3500.0,PE,0.0,0.0,0.0,209.35,181.2,0,0.0,0,0,18-APR-2022,
OPTSTK,OFSS,30-Jun-2022,3550.0,PE,0.0,0.0,0.0,233.05,204.6,0,0.0,0,0,18-APR-2022,
OPTSTK,OFSS,30-Jun-2022,3600.0,PE,0.0,0.0,0.0,258.15,229.6,0,0.0,0,0,18-APR-2022,
OPTSTK,OFSS,30-Jun-2022,3650.0,PE,0.0,0.0,0.0,284.75,256.3,0,0.0,0,0,18-APR-2022,
OPTSTK,OFSS,30-Jun-2022,3700.0,PE,0.0,0.0,0.0,312.75,284.55,0,0.0,0,0,18-APR-2022,
OPTSTK,OFSS,30-Jun-2022,3750.0,PE,0.0,0.0,0.0,342.1,314.4,0,0.0,0,0,18-APR-2022,
OPTSTK,OFSS,30-Jun-2022,3800.0,PE,0.0,0.0,0.0,372.8,345.75,0,0.0,0,0,18-APR-2022,
OPTSTK,OFSS,30-Jun-2022,3850.0,PE,0.0,0.0,0.0,404.8,378.55,0,0.0,0,0,18-APR-2022,
OPTSTK,OFSS,30-Jun-2022,3900.0,PE,0.0,0.0,0.0,438.05,412.75,0,0.0,0,0,18-APR-2022,
OPTSTK,OFSS,30-Jun-2022,3950.0,PE,0.0,0.0,0.0,472.45,448.25,0,0.0,0,0,18-APR-2022,
OPTSTK,OFSS,30-Jun-2022,4000.0,PE,0.0,0.0,0.0,508.0,485.15,0,0.0,0,0,18-APR-2022,
OPTSTK,OFSS,30-Jun-2022,4050.0,PE,0.0,0.0,0.0,544.8,523.1,0,0.0,0,0,18-APR-2022,
OPTSTK,OFSS,30-Jun-2022,4100.0,PE,0.0,0.0,0.0,582.5,562.0,0,0.0,0,0,18-APR-2022,
OPTSTK,OFSS,30-Jun-2022,4150.0,PE,0.0,0.0,0.0,621.15,602.05,0,0.0,0,0,18-APR-2022,
OPTSTK,OFSS,30-Jun-2022,4200.0,PE,0.0,0.0,0.0,660.5,643.05,0,0.0,0,0,18-APR-2022,
OPTSTK,OFSS,30-Jun-2022,4250.0,PE,0.0,0.0,0.0,700.9,684.9,0,0.0,0,0,18-APR-2022,
OPTSTK,OFSS,30-Jun-2022,4300.0,PE,0.0,0.0,0.0,742.05,727.55,0,0.0,0,0,18-APR-2022,
OPTSTK,OFSS,30-Jun-2022,4350.0,PE,0.0,0.0,0.0,783.95,770.95,0,0.0,0,0,18-APR-2022,
OPTSTK,OFSS,30-Jun-2022,4400.0,PE,0.0,0.0,0.0,826.5,815.0,0,0.0,0,0,18-APR-2022,
OPTSTK,OFSS,30-Jun-2022,4450.0,PE,0.0,0.0,0.0,869.7,859.65,0,0.0,0,0,18-APR-2022,
OPTSTK,OFSS,30-Jun-2022,4500.0,PE,0.0,0.0,0.0,913.5,904.9,0,0.0,0,0,18-APR-2022,
OPTSTK,OFSS,30-Jun-2022,4550.0,PE,0.0,0.0,0.0,957.85,950.6,0,0.0,0,0,18-APR-2022,
OPTSTK,OFSS,30-Jun-2022,4600.0,PE,0.0,0.0,0.0,1002.65,996.8,0,0.0,0,0,18-APR-2022,
OPTSTK,OFSS,30-Jun-2022,4650.0,PE,0.0,0.0,0.0,1047.95,1043.4,0,0.0,0,0,18-APR-2022,
OPTSTK,OFSS,30-Jun-2022,4700.0,PE,0.0,0.0,0.0,1093.65,1090.3,0,0.0,0,0,18-APR-2022,
OPTSTK,OFSS,30-Jun-2022,4750.0,PE,0.0,0.0,0.0,1139.7,1137.6,0,0.0,0,0,18-APR-2022,
OPTSTK,OFSS,30-Jun-2022,4800.0,PE,0.0,0.0,0.0,1186.15,1185.15,0,0.0,0,0,18-APR-2022,
OPTSTK,OFSS,30-Jun-2022,4850.0,PE,0.0,0.0,0.0,1232.9,1232.95,0,0.0,0,0,18-APR-2022,
OPTSTK,OFSS,30-Jun-2022,4900.0,PE,0.0,0.0,0.0,1279.9,1281.0,0,0.0,0,0,18-APR-2022,
OPTSTK,OFSS,30-Jun-2022,4950.0,PE,0.0,0.0,0.0,1327.2,1329.25,0,0.0,0,0,18-APR-2022,
OPTSTK,OFSS,30-Jun-2022,5000.0,PE,0.0,0.0,0.0,1374.7,1377.65,0,0.0,0,0,18-APR-2022,
OPTSTK,ONGC,28-Apr-2022,105.0,CE,0.0,0.0,0.0,62.0,70.95,0,0.0,0,0,18-APR-2022,
OPTSTK,ONGC,28-Apr-2022,107.5,CE,0.0,0.0,0.0,59.6,68.45,0,0.0,0,0,18-APR-2022,
OPTSTK,ONGC,28-Apr-2022,110.0,CE,0.0,0.0,0.0,57.25,65.95,0,0.0,0,0,18-APR-2022,
OPTSTK,ONGC,28-Apr-2022,112.5,CE,0.0,0.0,0.0,54.9,63.45,0,0.0,0,0,18-APR-2022,
OPTSTK,ONGC,28-Apr-2022,115.0,CE,0.0,0.0,0.0,52.55,60.95,0,0.0,0,0,18-APR-2022,
OPTSTK,ONGC,28-Apr-2022,117.5,CE,0.0,0.0,0.0,50.25,58.45,0,0.0,0,0,18-APR-2022,
OPTSTK,ONGC,28-Apr-2022,120.0,CE,0.0,0.0,0.0,47.95,55.95,0,0.0,0,0,18-APR-2022,
OPTSTK,ONGC,28-Apr-2022,122.5,CE,0.0,0.0,0.0,45.7,53.45,0,0.0,0,0,18-APR-2022,
OPTSTK,ONGC,28-Apr-2022,125.0,CE,0.0,0.0,0.0,43.5,50.95,0,0.0,0,0,18-APR-2022,
OPTSTK,ONGC,28-Apr-2022,127.5,CE,0.0,0.0,0.0,41.35,48.45,0,0.0,0,0,18-APR-2022,
OPTSTK,ONGC,28-Apr-2022,130.0,CE,0.0,0.0,0.0,39.25,45.95,0,0.0,0,0,18-APR-2022,
OPTSTK,ONGC,28-Apr-2022,132.5,CE,0.0,0.0,0.0,37.2,43.45,0,0.0,0,0,18-APR-2022,
OPTSTK,ONGC,28-Apr-2022,135.0,CE,0.0,0.0,0.0,35.2,40.95,0,0.0,0,0,18-APR-2022,
OPTSTK,ONGC,28-Apr-2022,137.5,CE,0.0,0.0,0.0,33.25,38.5,0,0.0,0,0,18-APR-2022,
OPTSTK,ONGC,28-Apr-2022,140.0,CE,0.0,0.0,0.0,31.35,36.0,0,0.0,0,0,18-APR-2022,
OPTSTK,ONGC,28-Apr-2022,142.5,CE,0.0,0.0,0.0,29.5,33.5,0,0.0,0,0,18-APR-2022,
OPTSTK,ONGC,28-Apr-2022,145.0,CE,0.0,0.0,0.0,21.5,31.0,0,0.0,23100,0,18-APR-2022,
OPTSTK,ONGC,28-Apr-2022,147.5,CE,0.0,0.0,0.0,26.05,28.55,0,0.0,0,0,18-APR-2022,
OPTSTK,ONGC,28-Apr-2022,150.0,CE,26.5,26.5,26.5,26.5,26.1,1,13.59,585200,0,18-APR-2022,
OPTSTK,ONGC,28-Apr-2022,152.5,CE,0.0,0.0,0.0,22.85,23.65,0,0.0,0,0,18-APR-2022,
OPTSTK,ONGC,28-Apr-2022,155.0,CE,0.0,0.0,0.0,19.7,21.25,0,0.0,61600,0,18-APR-2022,
OPTSTK,ONGC,28-Apr-2022,157.5,CE,0.0,0.0,0.0,19.95,18.95,0,0.0,0,0,18-APR-2022,
OPTSTK,ONGC,28-Apr-2022,160.0,CE,18.0,18.8,16.65,16.65,16.65,9,123.1,770000,-46200,18-APR-2022,
OPTSTK,ONGC,28-Apr-2022,162.5,CE,16.2,16.2,14.15,14.2,14.2,3,40.96,238700,0,18-APR-2022,
OPTSTK,ONGC,28-Apr-2022,165.0,CE,11.4,13.5,11.4,11.85,11.85,45,613.98,1131900,0,18-APR-2022,
OPTSTK,ONGC,28-Apr-2022,167.5,CE,9.6,11.3,9.35,9.45,9.45,38,520.4,462000,-30800,18-APR-2022,
OPTSTK,ONGC,28-Apr-2022,170.0,CE,6.9,9.25,6.7,7.15,7.15,774,10605.7,6699000,-238700,18-APR-2022,
OPTSTK,ONGC,28-Apr-2022,172.5,CE,4.85,7.15,4.85,5.1,5.1,435,5976.03,2402400,-77000,18-APR-2022,
OPTSTK,ONGC,28-Apr-2022,175.0,CE,3.2,5.15,2.95,3.35,3.35,4048,55799.54,33094600,-569800,18-APR-2022,
OPTSTK,ONGC,28-Apr-2022,177.5,CE,2.5,4.15,2.35,2.5,2.5,2673,37175.98,4265800,2271500,18-APR-2022,
OPTSTK,ONGC,28-Apr-2022,180.0,CE,1.6,3.4,1.6,1.95,1.95,8403,118140.66,17787000,3280200,18-APR-2022,
OPTSTK,ONGC,28-Apr-2022,182.5,CE,1.5,2.7,1.35,1.55,1.55,741,10530.9,1370600,438900,18-APR-2022,
OPTSTK,ONGC,28-Apr-2022,185.0,CE,1.05,2.2,1.05,1.2,1.2,2426,34859.94,5228300,2094400,18-APR-2022,
OPTSTK,ONGC,28-Apr-2022,187.5,CE,0.85,1.8,0.85,0.95,0.95,332,4827.15,785400,423500,18-APR-2022,
OPTSTK,ONGC,28-Apr-2022,190.0,CE,0.85,1.5,0.75,0.8,0.8,2838,41757.95,4650800,469700,18-APR-2022,
OPTSTK,ONGC,28-Apr-2022,192.5,CE,1.2,1.3,0.6,0.65,0.65,201,2992.73,577500,284900,18-APR-2022,
OPTSTK,ONGC,28-Apr-2022,195.0,CE,0.75,1.1,0.55,0.6,0.6,440,6632.56,1001000,77000,18-APR-2022,
OPTSTK,ONGC,28-Apr-2022,197.5,CE,0.7,0.95,0.5,0.55,0.55,45,686.68,207900,15400,18-APR-2022,
OPTSTK,ONGC,28-Apr-2022,200.0,CE,0.7,0.85,0.45,0.5,0.5,1735,26801.95,6152300,-261800,18-APR-2022,
OPTSTK,ONGC,28-Apr-2022,202.5,CE,0.55,0.8,0.4,0.4,0.25,23,359.65,92400,53900,18-APR-2022,
OPTSTK,ONGC,28-Apr-2022,205.0,CE,0.5,0.65,0.35,0.4,0.4,145,2294.24,716100,369600,18-APR-2022,
OPTSTK,ONGC,28-Apr-2022,207.5,CE,0.0,0.0,0.0,3.85,0.1,0,0.0,0,0,18-APR-2022,
OPTSTK,ONGC,28-Apr-2022,210.0,CE,0.35,0.55,0.3,0.35,0.35,274,4439.76,1247400,-46200,18-APR-2022,
OPTSTK,ONGC,28-Apr-2022,212.5,CE,0.45,0.45,0.4,0.4,0.05,2,32.79,7700,7700,18-APR-2022,
OPTSTK,ONGC,28-Apr-2022,215.0,CE,0.4,0.45,0.25,0.3,0.05,33,547.28,408100,61600,18-APR-2022,
OPTSTK,ONGC,28-Apr-2022,217.5,CE,0.3,0.4,0.25,0.25,0.25,75,1257.83,700700,261800,18-APR-2022,
OPTSTK,ONGC,28-Apr-2022,105.0,PE,0.0,0.0,0.0,0.05,0.0,0,0.0,107800,0,18-APR-2022,
OPTSTK,ONGC,28-Apr-2022,107.5,PE,0.0,0.0,0.0,0.15,0.0,0,0.0,0,0,18-APR-2022,
OPTSTK,ONGC,28-Apr-2022,110.0,PE,0.0,0.0,0.0,0.05,0.0,0,0.0,23100,0,18-APR-2022,
OPTSTK,ONGC,28-Apr-2022,112.5,PE,0.0,0.0,0.0,0.5,0.0,0,0.0,0,0,18-APR-2022,
OPTSTK,ONGC,28-Apr-2022,115.0,PE,0.0,0.0,0.0,0.65,0.0,0,0.0,0,0,18-APR-2022,
OPTSTK,ONGC,28-Apr-2022,117.5,PE,0.0,0.0,0.0,0.8,0.0,0,0.0,0,0,18-APR-2022,
OPTSTK,ONGC,28-Apr-2022,120.0,PE,0.1,0.1,0.1,0.1,0.0,1,9.24,146300,7700,18-APR-2022,
OPTSTK,ONGC,28-Apr-2022,122.5,PE,0.0,0.0,0.0,1.25,0.0,0,0.0,0,0,18-APR-2022,
OPTSTK,ONGC,28-Apr-2022,125.0,PE,0.0,0.0,0.0,0.15,0.0,0,0.0,7700,0,18-APR-2022,
OPTSTK,ONGC,28-Apr-2022,127.5,PE,0.0,0.0,0.0,1.85,0.0,0,0.0,0,0,18-APR-2022,
OPTSTK,ONGC,28-Apr-2022,130.0,PE,0.1,0.1,0.1,0.1,0.0,2,20.03,238700,0,18-APR-2022,
OPTSTK,ONGC,28-Apr-2022,132.5,PE,0.0,0.0,0.0,2.6,0.0,0,0.0,0,0,18-APR-2022,
OPTSTK,ONGC,28-Apr-2022,135.0,PE,0.1,0.15,0.1,0.15,0.0,2,20.8,100100,0,18-APR-2022,
OPTSTK,ONGC,28-Apr-2022,137.5,PE,0.0,0.0,0.0,3.6,0.0,0,0.0,0,0,18-APR-2022,
OPTSTK,ONGC,28-Apr-2022,140.0,PE,0.2,0.2,0.15,0.15,0.15,11,118.71,885500,-15400,18-APR-2022,
OPTSTK,ONGC,28-Apr-2022,142.5,PE,0.2,0.2,0.2,0.2,0.2,2,21.97,269500,15400,18-APR-2022,
OPTSTK,ONGC,28-Apr-2022,145.0,PE,0.2,0.25,0.15,0.15,0.15,8,89.44,462000,15400,18-APR-2022,
OPTSTK,ONGC,28-Apr-2022,147.5,PE,0.25,0.25,0.2,0.25,0.25,24,273.01,154000,-77000,18-APR-2022,
OPTSTK,ONGC,28-Apr-2022,150.0,PE,0.3,0.3,0.2,0.25,0.25,133,1538.79,1547700,-177100,18-APR-2022,
OPTSTK,ONGC,28-Apr-2022,152.5,PE,0.3,0.3,0.25,0.25,0.2,3,35.28,215600,0,18-APR-2022,
OPTSTK,ONGC,28-Apr-2022,155.0,PE,0.35,0.35,0.25,0.3,0.3,158,1889.52,1447600,261800,18-APR-2022,
OPTSTK,ONGC,28-Apr-2022,157.5,PE,0.2,0.4,0.2,0.4,0.4,19,230.94,200200,-15400,18-APR-2022,
OPTSTK,ONGC,28-Apr-2022,160.0,PE,0.45,0.5,0.35,0.45,0.45,481,5940.84,3395700,-107800,18-APR-2022,
OPTSTK,ONGC,28-Apr-2022,162.5,PE,0.45,0.55,0.4,0.55,0.55,168,2108.14,977900,30800,18-APR-2022,
OPTSTK,ONGC,28-Apr-2022,165.0,PE,0.75,0.75,0.4,0.6,0.6,670,8539.75,3457300,-123200,18-APR-2022,
OPTSTK,ONGC,28-Apr-2022,167.5,PE,0.7,0.9,0.45,0.75,0.75,302,3909.12,985600,92400,18-APR-2022,
OPTSTK,ONGC,28-Apr-2022,170.0,PE,1.5,1.65,0.55,0.95,0.95,1556,20466.19,4928000,770000,18-APR-2022,
OPTSTK,ONGC,28-Apr-2022,172.5,PE,1.8,1.8,0.85,1.4,1.4,486,6501.69,1932700,130900,18-APR-2022,
OPTSTK,ONGC,28-Apr-2022,175.0,PE,3.05,3.05,1.3,2.1,2.1,1345,18313.52,4558400,2402400,18-APR-2022,
OPTSTK,ONGC,28-Apr-2022,177.5,PE,3.55,12.8,2.2,3.75,3.75,381,5307.3,646800,562100,18-APR-2022,
OPTSTK,ONGC,28-Apr-2022,180.0,PE,4.7,6.05,4.45,5.65,5.65,238,3394.9,531300,223300,18-APR-2022,
OPTSTK,ONGC,28-Apr-2022,182.5,PE,0.0,0.0,0.0,24.15,9.4,0,0.0,0,0,18-APR-2022,
OPTSTK,ONGC,28-Apr-2022,185.0,PE,8.55,10.05,8.55,9.8,9.8,22,329.33,130900,123200,18-APR-2022,
OPTSTK,ONGC,28-Apr-2022,187.5,PE,0.0,0.0,0.0,27.65,13.15,0,0.0,0,0,18-APR-2022,
OPTSTK,ONGC,28-Apr-2022,190.0,PE,13.25,14.55,13.25,14.5,14.5,6,94.1,92400,38500,18-APR-2022,
OPTSTK,ONGC,28-Apr-2022,192.5,PE,0.0,0.0,0.0,31.4,17.4,0,0.0,0,0,18-APR-2022,
OPTSTK,ONGC,28-Apr-2022,195.0,PE,0.0,0.0,0.0,33.3,19.65,0,0.0,0,0,18-APR-2022,
OPTSTK,ONGC,28-Apr-2022,197.5,PE,0.0,0.0,0.0,35.25,21.95,0,0.0,0,0,18-APR-2022,
OPTSTK,ONGC,28-Apr-2022,200.0,PE,0.0,0.0,0.0,37.25,24.3,0,0.0,0,0,18-APR-2022,
OPTSTK,ONGC,28-Apr-2022,202.5,PE,0.0,0.0,0.0,39.3,26.7,0,0.0,0,0,18-APR-2022,
OPTSTK,ONGC,28-Apr-2022,205.0,PE,0.0,0.0,0.0,41.35,29.15,0,0.0,0,0,18-APR-2022,
OPTSTK,ONGC,28-Apr-2022,207.5,PE,0.0,0.0,0.0,43.45,31.6,0,0.0,0,0,18-APR-2022,
OPTSTK,ONGC,28-Apr-2022,210.0,PE,0.0,0.0,0.0,45.6,34.05,0,0.0,0,0,18-APR-2022,
OPTSTK,ONGC,28-Apr-2022,212.5,PE,0.0,0.0,0.0,47.75,36.5,0,0.0,0,0,18-APR-2022,
OPTSTK,ONGC,28-Apr-2022,215.0,PE,0.0,0.0,0.0,49.95,39.0,0,0.0,0,0,18-APR-2022,
OPTSTK,ONGC,28-Apr-2022,217.5,PE,0.0,0.0,0.0,52.15,41.5,0,0.0,0,0,18-APR-2022,
OPTSTK,ONGC,26-May-2022,105.0,CE,0.0,0.0,0.0,53.15,71.3,0,0.0,0,0,18-APR-2022,
OPTSTK,ONGC,26-May-2022,107.5,CE,0.0,0.0,0.0,50.75,68.8,0,0.0,0,0,18-APR-2022,
OPTSTK,ONGC,26-May-2022,110.0,CE,0.0,0.0,0.0,48.45,66.3,0,0.0,0,0,18-APR-2022,
OPTSTK,ONGC,26-May-2022,112.5,CE,0.0,0.0,0.0,46.15,63.85,0,0.0,0,0,18-APR-2022,
OPTSTK,ONGC,26-May-2022,115.0,CE,0.0,0.0,0.0,43.9,61.35,0,0.0,0,0,18-APR-2022,
OPTSTK,ONGC,26-May-2022,117.5,CE,0.0,0.0,0.0,41.65,58.85,0,0.0,0,0,18-APR-2022,
OPTSTK,ONGC,26-May-2022,120.0,CE,0.0,0.0,0.0,39.45,56.4,0,0.0,0,0,18-APR-2022,
OPTSTK,ONGC,26-May-2022,122.5,CE,0.0,0.0,0.0,37.35,53.9,0,0.0,0,0,18-APR-2022,
OPTSTK,ONGC,26-May-2022,125.0,CE,0.0,0.0,0.0,35.25,51.45,0,0.0,0,0,18-APR-2022,
OPTSTK,ONGC,26-May-2022,127.5,CE,0.0,0.0,0.0,33.25,49.0,0,0.0,0,0,18-APR-2022,
OPTSTK,ONGC,26-May-2022,130.0,CE,0.0,0.0,0.0,31.3,46.6,0,0.0,0,0,18-APR-2022,
OPTSTK,ONGC,26-May-2022,132.5,CE,0.0,0.0,0.0,29.4,44.15,0,0.0,0,0,18-APR-2022,
OPTSTK,ONGC,26-May-2022,135.0,CE,0.0,0.0,0.0,27.55,41.8,0,0.0,0,0,18-APR-2022,
OPTSTK,ONGC,26-May-2022,137.5,CE,0.0,0.0,0.0,25.8,39.4,0,0.0,0,0,18-APR-2022,
OPTSTK,ONGC,26-May-2022,140.0,CE,0.0,0.0,0.0,24.1,37.1,0,0.0,0,0,18-APR-2022,
OPTSTK,ONGC,26-May-2022,142.5,CE,0.0,0.0,0.0,22.45,34.8,0,0.0,0,0,18-APR-2022,
OPTSTK,ONGC,26-May-2022,145.0,CE,0.0,0.0,0.0,20.9,32.55,0,0.0,0,0,18-APR-2022,
OPTSTK,ONGC,26-May-2022,147.5,CE,0.0,0.0,0.0,19.45,30.4,0,0.0,0,0,18-APR-2022,
OPTSTK,ONGC,26-May-2022,150.0,CE,0.0,0.0,0.0,18.05,28.25,0,0.0,0,0,18-APR-2022,
OPTSTK,ONGC,26-May-2022,152.5,CE,0.0,0.0,0.0,16.7,26.2,0,0.0,0,0,18-APR-2022,
OPTSTK,ONGC,26-May-2022,155.0,CE,0.0,0.0,0.0,15.45,24.2,0,0.0,0,0,18-APR-2022,
OPTSTK,ONGC,26-May-2022,157.5,CE,0.0,0.0,0.0,14.25,22.3,0,0.0,0,0,18-APR-2022,
OPTSTK,ONGC,26-May-2022,160.0,CE,0.0,0.0,0.0,13.15,20.5,0,0.0,0,0,18-APR-2022,
OPTSTK,ONGC,26-May-2022,162.5,CE,0.0,0.0,0.0,12.1,18.75,0,0.0,0,0,18-APR-2022,
OPTSTK,ONGC,26-May-2022,165.0,CE,0.0,0.0,0.0,11.1,17.1,0,0.0,0,0,18-APR-2022,
OPTSTK,ONGC,26-May-2022,167.5,CE,0.0,0.0,0.0,10.2,15.5,0,0.0,0,0,18-APR-2022,
OPTSTK,ONGC,26-May-2022,170.0,CE,12.8,12.8,11.45,12.0,14.05,4,56.07,69300,7700,18-APR-2022,
OPTSTK,ONGC,26-May-2022,172.5,CE,0.0,0.0,0.0,8.55,12.7,0,0.0,0,0,18-APR-2022,
OPTSTK,ONGC,26-May-2022,175.0,CE,9.35,9.7,9.0,9.25,9.25,11,156.01,130900,61600,18-APR-2022,
OPTSTK,ONGC,26-May-2022,177.5,CE,0.0,0.0,0.0,7.15,10.25,0,0.0,0,0,18-APR-2022,
OPTSTK,ONGC,26-May-2022,180.0,CE,7.5,8.05,6.8,7.25,9.15,12,173.05,315700,38500,18-APR-2022,
OPTSTK,ONGC,26-May-2022,182.5,CE,0.0,0.0,0.0,13.0,8.15,0,0.0,15400,0,18-APR-2022,
OPTSTK,ONGC,26-May-2022,185.0,CE,0.0,0.0,0.0,4.5,7.2,0,0.0,7700,0,18-APR-2022,
OPTSTK,ONGC,26-May-2022,187.5,CE,0.0,0.0,0.0,4.9,6.4,0,0.0,0,0,18-APR-2022,
OPTSTK,ONGC,26-May-2022,190.0,CE,4.4,4.4,3.3,3.8,3.8,18,268.68,231000,0,18-APR-2022,
OPTSTK,ONGC,26-May-2022,192.5,CE,0.0,0.0,0.0,4.0,4.95,0,0.0,0,0,18-APR-2022,
OPTSTK,ONGC,26-May-2022,195.0,CE,0.0,0.0,0.0,3.65,4.35,0,0.0,0,0,18-APR-2022,
OPTSTK,ONGC,26-May-2022,197.5,CE,0.0,0.0,0.0,3.3,3.8,0,0.0,0,0,18-APR-2022,
OPTSTK,ONGC,26-May-2022,200.0,CE,2.6,2.75,2.0,2.2,2.2,61,950.99,492800,323400,18-APR-2022,
OPTSTK,ONGC,26-May-2022,202.5,CE,0.0,0.0,0.0,2.7,2.9,0,0.0,0,0,18-APR-2022,
OPTSTK,ONGC,26-May-2022,205.0,CE,0.0,0.0,0.0,2.4,2.5,0,0.0,0,0,18-APR-2022,
OPTSTK,ONGC,26-May-2022,207.5,CE,0.0,0.0,0.0,2.2,2.15,0,0.0,0,0,18-APR-2022,
OPTSTK,ONGC,26-May-2022,210.0,CE,0.0,0.0,0.0,1.95,1.85,0,0.0,0,0,18-APR-2022,
OPTSTK,ONGC,26-May-2022,212.5,CE,0.0,0.0,0.0,1.75,1.6,0,0.0,7700,0,18-APR-2022,
OPTSTK,ONGC,26-May-2022,215.0,CE,0.0,0.0,0.0,1.6,1.35,0,0.0,0,0,18-APR-2022,
OPTSTK,ONGC,26-May-2022,217.5,CE,2.0,2.0,2.0,2.0,1.15,1,16.9,7700,7700,18-APR-2022,
OPTSTK,ONGC,26-May-2022,105.0,PE,0.0,0.0,0.0,0.4,0.0,0,0.0,0,0,18-APR-2022,
OPTSTK,ONGC,26-May-2022,107.5,PE,0.0,0.0,0.0,0.5,0.0,0,0.0,0,0,18-APR-2022,
OPTSTK,ONGC,26-May-2022,110.0,PE,0.0,0.0,0.0,0.65,0.05,0,0.0,0,0,18-APR-2022,
OPTSTK,ONGC,26-May-2022,112.5,PE,0.0,0.0,0.0,0.8,0.05,0,0.0,0,0,18-APR-2022,
OPTSTK,ONGC,26-May-2022,115.0,PE,0.0,0.0,0.0,1.0,0.05,0,0.0,0,0,18-APR-2022,
OPTSTK,ONGC,26-May-2022,117.5,PE,0.0,0.0,0.0,1.25,0.05,0,0.0,0,0,18-APR-2022,
OPTSTK,ONGC,26-May-2022,120.0,PE,0.0,0.0,0.0,1.55,0.05,0,0.0,0,0,18-APR-2022,
OPTSTK,ONGC,26-May-2022,122.5,PE,0.0,0.0,0.0,1.9,0.1,0,0.0,0,0,18-APR-2022,
OPTSTK,ONGC,26-May-2022,125.0,PE,0.0,0.0,0.0,0.3,0.1,0,0.0,7700,0,18-APR-2022,
OPTSTK,ONGC,26-May-2022,127.5,PE,0.0,0.0,0.0,2.75,0.15,0,0.0,0,0,18-APR-2022,
OPTSTK,ONGC,26-May-2022,130.0,PE,0.0,0.0,0.0,3.25,0.2,0,0.0,0,0,18-APR-2022,
OPTSTK,ONGC,26-May-2022,132.5,PE,0.0,0.0,0.0,3.85,0.3,0,0.0,0,0,18-APR-2022,
OPTSTK,ONGC,26-May-2022,135.0,PE,0.0,0.0,0.0,4.5,0.4,0,0.0,0,0,18-APR-2022,
OPTSTK,ONGC,26-May-2022,137.5,PE,0.0,0.0,0.0,5.2,0.5,0,0.0,0,0,18-APR-2022,
OPTSTK,ONGC,26-May-2022,140.0,PE,0.0,0.0,0.0,1.9,0.65,0,0.0,7700,0,18-APR-2022,
OPTSTK,ONGC,26-May-2022,142.5,PE,0.0,0.0,0.0,6.8,0.9,0,0.0,0,0,18-APR-2022,
OPTSTK,ONGC,26-May-2022,145.0,PE,0.0,0.0,0.0,7.75,1.15,0,0.0,0,0,18-APR-2022,
OPTSTK,ONGC,26-May-2022,147.5,PE,0.0,0.0,0.0,8.75,1.45,0,0.0,0,0,18-APR-2022,
OPTSTK,ONGC,26-May-2022,150.0,PE,1.1,1.1,1.05,1.1,1.1,7,81.43,92400,30800,18-APR-2022,
OPTSTK,ONGC,26-May-2022,152.5,PE,0.0,0.0,0.0,10.95,2.2,0,0.0,0,0,18-APR-2022,
OPTSTK,ONGC,26-May-2022,155.0,PE,0.0,0.0,0.0,12.15,2.75,0,0.0,0,0,18-APR-2022,
OPTSTK,ONGC,26-May-2022,157.5,PE,0.0,0.0,0.0,13.45,3.3,0,0.0,0,0,18-APR-2022,
OPTSTK,ONGC,26-May-2022,160.0,PE,2.2,2.7,2.2,2.6,2.6,5,62.53,30800,15400,18-APR-2022,
OPTSTK,ONGC,26-May-2022,162.5,PE,0.0,0.0,0.0,16.25,4.7,0,0.0,0,0,18-APR-2022,
OPTSTK,ONGC,26-May-2022,165.0,PE,0.0,0.0,0.0,17.75,5.55,0,0.0,0,0,18-APR-2022,
OPTSTK,ONGC,26-May-2022,167.5,PE,0.0,0.0,0.0,19.3,6.5,0,0.0,0,0,18-APR-2022,
OPTSTK,ONGC,26-May-2022,170.0,PE,4.35,5.5,4.3,5.15,7.5,22,296.29,138600,61600,18-APR-2022,
OPTSTK,ONGC,26-May-2022,172.5,PE,0.0,0.0,0.0,7.8,8.6,0,0.0,15400,0,18-APR-2022,
OPTSTK,ONGC,26-May-2022,175.0,PE,0.0,0.0,0.0,24.35,9.85,0,0.0,0,0,18-APR-2022,
OPTSTK,ONGC,26-May-2022,177.5,PE,0.0,0.0,0.0,26.1,11.15,0,0.0,0,0,18-APR-2022,
OPTSTK,ONGC,26-May-2022,180.0,PE,0.0,0.0,0.0,27.95,12.55,0,0.0,0,0,18-APR-2022,
OPTSTK,ONGC,26-May-2022,182.5,PE,0.0,0.0,0.0,29.85,14.05,0,0.0,0,0,18-APR-2022,
OPTSTK,ONGC,26-May-2022,185.0,PE,0.0,0.0,0.0,31.8,15.6,0,0.0,0,0,18-APR-2022,
OPTSTK,ONGC,26-May-2022,187.5,PE,0.0,0.0,0.0,33.8,17.25,0,0.0,0,0,18-APR-2022,
OPTSTK,ONGC,26-May-2022,190.0,PE,0.0,0.0,0.0,35.8,19.0,0,0.0,0,0,18-APR-2022,
OPTSTK,ONGC,26-May-2022,192.5,PE,0.0,0.0,0.0,37.85,20.8,0,0.0,0,0,18-APR-2022,
OPTSTK,ONGC,26-May-2022,195.0,PE,0.0,0.0,0.0,39.95,22.7,0,0.0,0,0,18-APR-2022,
OPTSTK,ONGC,26-May-2022,197.5,PE,0.0,0.0,0.0,42.05,24.65,0,0.0,0,0,18-APR-2022,
OPTSTK,ONGC,26-May-2022,200.0,PE,0.0,0.0,0.0,44.25,26.65,0,0.0,0,0,18-APR-2022,
OPTSTK,ONGC,26-May-2022,202.5,PE,0.0,0.0,0.0,46.4,28.7,0,0.0,0,0,18-APR-2022,
OPTSTK,ONGC,26-May-2022,205.0,PE,0.0,0.0,0.0,48.6,30.8,0,0.0,0,0,18-APR-2022,
OPTSTK,ONGC,26-May-2022,207.5,PE,0.0,0.0,0.0,50.85,32.95,0,0.0,0,0,18-APR-2022,
OPTSTK,ONGC,26-May-2022,210.0,PE,0.0,0.0,0.0,53.1,35.15,0,0.0,0,0,18-APR-2022,
OPTSTK,ONGC,26-May-2022,212.5,PE,0.0,0.0,0.0,55.4,37.35,0,0.0,0,0,18-APR-2022,
OPTSTK,ONGC,26-May-2022,215.0,PE,0.0,0.0,0.0,57.7,39.6,0,0.0,0,0,18-APR-2022,
OPTSTK,ONGC,26-May-2022,217.5,PE,0.0,0.0,0.0,60.0,41.9,0,0.0,0,0,18-APR-2022,
OPTSTK,ONGC,30-Jun-2022,105.0,CE,0.0,0.0,0.0,60.35,71.75,0,0.0,0,0,18-APR-2022,
OPTSTK,ONGC,30-Jun-2022,107.5,CE,0.0,0.0,0.0,58.0,69.3,0,0.0,0,0,18-APR-2022,
OPTSTK,ONGC,30-Jun-2022,110.0,CE,0.0,0.0,0.0,55.65,66.85,0,0.0,0,0,18-APR-2022,
OPTSTK,ONGC,30-Jun-2022,112.5,CE,0.0,0.0,0.0,53.3,64.45,0,0.0,0,0,18-APR-2022,
OPTSTK,ONGC,30-Jun-2022,115.0,CE,0.0,0.0,0.0,51.0,62.0,0,0.0,0,0,18-APR-2022,
OPTSTK,ONGC,30-Jun-2022,117.5,CE,0.0,0.0,0.0,48.75,59.6,0,0.0,0,0,18-APR-2022,
OPTSTK,ONGC,30-Jun-2022,120.0,CE,0.0,0.0,0.0,46.55,57.2,0,0.0,0,0,18-APR-2022,
OPTSTK,ONGC,30-Jun-2022,122.5,CE,0.0,0.0,0.0,44.35,54.85,0,0.0,0,0,18-APR-2022,
OPTSTK,ONGC,30-Jun-2022,125.0,CE,0.0,0.0,0.0,42.2,52.5,0,0.0,0,0,18-APR-2022,
OPTSTK,ONGC,30-Jun-2022,127.5,CE,0.0,0.0,0.0,40.1,50.2,0,0.0,0,0,18-APR-2022,
OPTSTK,ONGC,30-Jun-2022,130.0,CE,0.0,0.0,0.0,38.05,47.9,0,0.0,0,0,18-APR-2022,
OPTSTK,ONGC,30-Jun-2022,132.5,CE,0.0,0.0,0.0,36.1,45.65,0,0.0,0,0,18-APR-2022,
OPTSTK,ONGC,30-Jun-2022,135.0,CE,0.0,0.0,0.0,34.15,43.45,0,0.0,0,0,18-APR-2022,
OPTSTK,ONGC,30-Jun-2022,137.5,CE,0.0,0.0,0.0,32.3,41.3,0,0.0,0,0,18-APR-2022,
OPTSTK,ONGC,30-Jun-2022,140.0,CE,0.0,0.0,0.0,30.45,39.15,0,0.0,0,0,18-APR-2022,
OPTSTK,ONGC,30-Jun-2022,142.5,CE,0.0,0.0,0.0,28.7,37.1,0,0.0,0,0,18-APR-2022,
OPTSTK,ONGC,30-Jun-2022,145.0,CE,0.0,0.0,0.0,27.0,35.05,0,0.0,0,0,18-APR-2022,
OPTSTK,ONGC,30-Jun-2022,147.5,CE,0.0,0.0,0.0,25.4,33.1,0,0.0,0,0,18-APR-2022,
OPTSTK,ONGC,30-Jun-2022,150.0,CE,0.0,0.0,0.0,23.85,31.2,0,0.0,0,0,18-APR-2022,
OPTSTK,ONGC,30-Jun-2022,152.5,CE,0.0,0.0,0.0,22.35,29.35,0,0.0,0,0,18-APR-2022,
OPTSTK,ONGC,30-Jun-2022,155.0,CE,0.0,0.0,0.0,20.9,27.6,0,0.0,0,0,18-APR-2022,
OPTSTK,ONGC,30-Jun-2022,157.5,CE,0.0,0.0,0.0,19.55,25.9,0,0.0,0,0,18-APR-2022,
OPTSTK,ONGC,30-Jun-2022,160.0,CE,0.0,0.0,0.0,18.25,24.25,0,0.0,0,0,18-APR-2022,
OPTSTK,ONGC,30-Jun-2022,162.5,CE,0.0,0.0,0.0,17.0,22.65,0,0.0,0,0,18-APR-2022,
OPTSTK,ONGC,30-Jun-2022,165.0,CE,0.0,0.0,0.0,15.85,21.15,0,0.0,0,0,18-APR-2022,
OPTSTK,ONGC,30-Jun-2022,167.5,CE,0.0,0.0,0.0,14.75,19.7,0,0.0,0,0,18-APR-2022,
OPTSTK,ONGC,30-Jun-2022,170.0,CE,0.0,0.0,0.0,13.7,18.35,0,0.0,0,0,18-APR-2022,
OPTSTK,ONGC,30-Jun-2022,172.5,CE,0.0,0.0,0.0,12.7,17.05,0,0.0,0,0,18-APR-2022,
OPTSTK,ONGC,30-Jun-2022,175.0,CE,0.0,0.0,0.0,11.8,15.8,0,0.0,0,0,18-APR-2022,
OPTSTK,ONGC,30-Jun-2022,177.5,CE,0.0,0.0,0.0,10.9,14.65,0,0.0,0,0,18-APR-2022,
OPTSTK,ONGC,30-Jun-2022,180.0,CE,0.0,0.0,0.0,10.1,13.55,0,0.0,0,0,18-APR-2022,
OPTSTK,ONGC,30-Jun-2022,182.5,CE,0.0,0.0,0.0,9.35,12.5,0,0.0,0,0,18-APR-2022,
OPTSTK,ONGC,30-Jun-2022,185.0,CE,0.0,0.0,0.0,8.6,11.55,0,0.0,0,0,18-APR-2022,
OPTSTK,ONGC,30-Jun-2022,187.5,CE,0.0,0.0,0.0,7.95,10.65,0,0.0,0,0,18-APR-2022,
OPTSTK,ONGC,30-Jun-2022,190.0,CE,0.0,0.0,0.0,7.35,9.8,0,0.0,0,0,18-APR-2022,
OPTSTK,ONGC,30-Jun-2022,192.5,CE,0.0,0.0,0.0,6.75,9.0,0,0.0,0,0,18-APR-2022,
OPTSTK,ONGC,30-Jun-2022,195.0,CE,0.0,0.0,0.0,6.2,8.25,0,0.0,0,0,18-APR-2022,
OPTSTK,ONGC,30-Jun-2022,197.5,CE,0.0,0.0,0.0,5.7,7.55,0,0.0,0,0,18-APR-2022,
OPTSTK,ONGC,30-Jun-2022,200.0,CE,0.0,0.0,0.0,5.25,6.95,0,0.0,0,0,18-APR-2022,
OPTSTK,ONGC,30-Jun-2022,202.5,CE,0.0,0.0,0.0,4.8,6.35,0,0.0,0,0,18-APR-2022,
OPTSTK,ONGC,30-Jun-2022,205.0,CE,0.0,0.0,0.0,4.4,5.8,0,0.0,0,0,18-APR-2022,
OPTSTK,ONGC,30-Jun-2022,207.5,CE,0.0,0.0,0.0,4.05,5.3,0,0.0,0,0,18-APR-2022,
OPTSTK,ONGC,30-Jun-2022,210.0,CE,0.0,0.0,0.0,3.7,4.8,0,0.0,0,0,18-APR-2022,
OPTSTK,ONGC,30-Jun-2022,212.5,CE,0.0,0.0,0.0,3.4,4.4,0,0.0,0,0,18-APR-2022,
OPTSTK,ONGC,30-Jun-2022,215.0,CE,0.0,0.0,0.0,3.1,4.0,0,0.0,0,0,18-APR-2022,
OPTSTK,ONGC,30-Jun-2022,217.5,CE,0.0,0.0,0.0,2.85,3.6,0,0.0,0,0,18-APR-2022,
OPTSTK,ONGC,30-Jun-2022,105.0,PE,0.0,0.0,0.0,0.35,0.1,0,0.0,0,0,18-APR-2022,
OPTSTK,ONGC,30-Jun-2022,107.5,PE,0.0,0.0,0.0,0.45,0.1,0,0.0,0,0,18-APR-2022,
OPTSTK,ONGC,30-Jun-2022,110.0,PE,0.0,0.0,0.0,0.6,0.15,0,0.0,0,0,18-APR-2022,
OPTSTK,ONGC,30-Jun-2022,112.5,PE,0.0,0.0,0.0,0.75,0.2,0,0.0,0,0,18-APR-2022,
OPTSTK,ONGC,30-Jun-2022,115.0,PE,0.0,0.0,0.0,0.9,0.25,0,0.0,0,0,18-APR-2022,
OPTSTK,ONGC,30-Jun-2022,117.5,PE,0.0,0.0,0.0,1.1,0.3,0,0.0,0,0,18-APR-2022,
OPTSTK,ONGC,30-Jun-2022,120.0,PE,0.0,0.0,0.0,1.35,0.4,0,0.0,0,0,18-APR-2022,
OPTSTK,ONGC,30-Jun-2022,122.5,PE,0.0,0.0,0.0,1.65,0.5,0,0.0,0,0,18-APR-2022,
OPTSTK,ONGC,30-Jun-2022,125.0,PE,0.0,0.0,0.0,2.0,0.65,0,0.0,0,0,18-APR-2022,
OPTSTK,ONGC,30-Jun-2022,127.5,PE,0.0,0.0,0.0,2.35,0.8,0,0.0,0,0,18-APR-2022,
OPTSTK,ONGC,30-Jun-2022,130.0,PE,0.0,0.0,0.0,2.8,1.0,0,0.0,0,0,18-APR-2022,
OPTSTK,ONGC,30-Jun-2022,132.5,PE,0.0,0.0,0.0,3.3,1.25,0,0.0,0,0,18-APR-2022,
OPTSTK,ONGC,30-Jun-2022,135.0,PE,0.0,0.0,0.0,3.85,1.5,0,0.0,0,0,18-APR-2022,
OPTSTK,ONGC,30-Jun-2022,137.5,PE,0.0,0.0,0.0,4.45,1.8,0,0.0,0,0,18-APR-2022,
OPTSTK,ONGC,30-Jun-2022,140.0,PE,0.0,0.0,0.0,5.1,2.15,0,0.0,0,0,18-APR-2022,
OPTSTK,ONGC,30-Jun-2022,142.5,PE,0.0,0.0,0.0,5.8,2.6,0,0.0,0,0,18-APR-2022,
OPTSTK,ONGC,30-Jun-2022,145.0,PE,0.0,0.0,0.0,6.6,3.05,0,0.0,0,0,18-APR-2022,
OPTSTK,ONGC,30-Jun-2022,147.5,PE,0.0,0.0,0.0,7.45,3.55,0,0.0,0,0,18-APR-2022,
OPTSTK,ONGC,30-Jun-2022,150.0,PE,0.0,0.0,0.0,8.35,4.15,0,0.0,0,0,18-APR-2022,
OPTSTK,ONGC,30-Jun-2022,152.5,PE,0.0,0.0,0.0,9.35,4.8,0,0.0,0,0,18-APR-2022,
OPTSTK,ONGC,30-Jun-2022,155.0,PE,0.0,0.0,0.0,10.4,5.5,0,0.0,0,0,18-APR-2022,
OPTSTK,ONGC,30-Jun-2022,157.5,PE,0.0,0.0,0.0,11.5,6.25,0,0.0,0,0,18-APR-2022,
OPTSTK,ONGC,30-Jun-2022,160.0,PE,0.0,0.0,0.0,12.65,7.1,0,0.0,0,0,18-APR-2022,
OPTSTK,ONGC,30-Jun-2022,162.5,PE,0.0,0.0,0.0,13.9,8.0,0,0.0,0,0,18-APR-2022,
OPTSTK,ONGC,30-Jun-2022,165.0,PE,0.0,0.0,0.0,15.2,8.95,0,0.0,0,0,18-APR-2022,
OPTSTK,ONGC,30-Jun-2022,167.5,PE,0.0,0.0,0.0,16.6,10.0,0,0.0,0,0,18-APR-2022,
OPTSTK,ONGC,30-Jun-2022,170.0,PE,0.0,0.0,0.0,18.0,11.1,0,0.0,0,0,18-APR-2022,
OPTSTK,ONGC,30-Jun-2022,172.5,PE,0.0,0.0,0.0,19.5,12.3,0,0.0,0,0,18-APR-2022,
OPTSTK,ONGC,30-Jun-2022,175.0,PE,0.0,0.0,0.0,21.05,13.55,0,0.0,0,0,18-APR-2022,
OPTSTK,ONGC,30-Jun-2022,177.5,PE,0.0,0.0,0.0,22.65,14.85,0,0.0,0,0,18-APR-2022,
OPTSTK,ONGC,30-Jun-2022,180.0,PE,0.0,0.0,0.0,24.3,16.25,0,0.0,0,0,18-APR-2022,
OPTSTK,ONGC,30-Jun-2022,182.5,PE,0.0,0.0,0.0,26.0,17.7,0,0.0,0,0,18-APR-2022,
OPTSTK,ONGC,30-Jun-2022,185.0,PE,0.0,0.0,0.0,27.8,19.2,0,0.0,0,0,18-APR-2022,
OPTSTK,ONGC,30-Jun-2022,187.5,PE,0.0,0.0,0.0,29.6,20.75,0,0.0,0,0,18-APR-2022,
OPTSTK,ONGC,30-Jun-2022,190.0,PE,0.0,0.0,0.0,31.45,22.4,0,0.0,0,0,18-APR-2022,
OPTSTK,ONGC,30-Jun-2022,192.5,PE,0.0,0.0,0.0,33.35,24.05,0,0.0,0,0,18-APR-2022,
OPTSTK,ONGC,30-Jun-2022,195.0,PE,0.0,0.0,0.0,35.25,25.8,0,0.0,0,0,18-APR-2022,
OPTSTK,ONGC,30-Jun-2022,197.5,PE,0.0,0.0,0.0,37.25,27.6,0,0.0,0,0,18-APR-2022,
OPTSTK,ONGC,30-Jun-2022,200.0,PE,0.0,0.0,0.0,39.25,29.45,0,0.0,0,0,18-APR-2022,
OPTSTK,ONGC,30-Jun-2022,202.5,PE,0.0,0.0,0.0,41.3,31.3,0,0.0,0,0,18-APR-2022,
OPTSTK,ONGC,30-Jun-2022,205.0,PE,0.0,0.0,0.0,43.35,33.25,0,0.0,0,0,18-APR-2022,
OPTSTK,ONGC,30-Jun-2022,207.5,PE,0.0,0.0,0.0,45.45,35.25,0,0.0,0,0,18-APR-2022,
OPTSTK,ONGC,30-Jun-2022,210.0,PE,0.0,0.0,0.0,47.6,37.25,0,0.0,0,0,18-APR-2022,
OPTSTK,ONGC,30-Jun-2022,212.5,PE,0.0,0.0,0.0,49.75,39.3,0,0.0,0,0,18-APR-2022,
OPTSTK,ONGC,30-Jun-2022,215.0,PE,0.0,0.0,0.0,51.95,41.35,0,0.0,0,0,18-APR-2022,
OPTSTK,ONGC,30-Jun-2022,217.5,PE,0.0,0.0,0.0,54.15,43.5,0,0.0,0,0,18-APR-2022,
OPTSTK,PAGEIND,28-Apr-2022,27000.0,CE,0.0,0.0,0.0,14123.9,18304.25,0,0.0,0,0,18-APR-2022,
OPTSTK,PAGEIND,28-Apr-2022,27500.0,CE,0.0,0.0,0.0,13640.65,17804.8,0,0.0,0,0,18-APR-2022,
OPTSTK,PAGEIND,28-Apr-2022,28000.0,CE,0.0,0.0,0.0,13160.2,17305.4,0,0.0,0,0,18-APR-2022,
OPTSTK,PAGEIND,28-Apr-2022,28500.0,CE,0.0,0.0,0.0,12682.95,16805.95,0,0.0,0,0,18-APR-2022,
OPTSTK,PAGEIND,28-Apr-2022,29000.0,CE,0.0,0.0,0.0,12209.4,16306.5,0,0.0,0,0,18-APR-2022,
OPTSTK,PAGEIND,28-Apr-2022,29500.0,CE,0.0,0.0,0.0,11740.05,15807.05,0,0.0,0,0,18-APR-2022,
OPTSTK,PAGEIND,28-Apr-2022,30000.0,CE,0.0,0.0,0.0,11275.45,15307.65,0,0.0,0,0,18-APR-2022,
OPTSTK,PAGEIND,28-Apr-2022,30500.0,CE,0.0,0.0,0.0,10816.25,14808.2,0,0.0,0,0,18-APR-2022,
OPTSTK,PAGEIND,28-Apr-2022,31000.0,CE,0.0,0.0,0.0,10363.0,14308.75,0,0.0,0,0,18-APR-2022,
OPTSTK,PAGEIND,28-Apr-2022,31500.0,CE,0.0,0.0,0.0,9916.25,13809.3,0,0.0,0,0,18-APR-2022,
OPTSTK,PAGEIND,28-Apr-2022,32000.0,CE,0.0,0.0,0.0,9476.7,13309.9,0,0.0,0,0,18-APR-2022,
OPTSTK,PAGEIND,28-Apr-2022,32500.0,CE,0.0,0.0,0.0,9044.85,12810.45,0,0.0,0,0,18-APR-2022,
OPTSTK,PAGEIND,28-Apr-2022,33000.0,CE,0.0,0.0,0.0,8621.35,12311.0,0,0.0,0,0,18-APR-2022,
OPTSTK,PAGEIND,28-Apr-2022,33500.0,CE,0.0,0.0,0.0,8206.75,11811.55,0,0.0,0,0,18-APR-2022,
OPTSTK,PAGEIND,28-Apr-2022,34000.0,CE,0.0,0.0,0.0,7801.6,11312.15,0,0.0,0,0,18-APR-2022,
OPTSTK,PAGEIND,28-Apr-2022,34500.0,CE,0.0,0.0,0.0,7406.35,10812.7,0,0.0,0,0,18-APR-2022,
OPTSTK,PAGEIND,28-Apr-2022,35000.0,CE,0.0,0.0,0.0,7021.6,10313.3,0,0.0,0,0,18-APR-2022,
OPTSTK,PAGEIND,28-Apr-2022,35500.0,CE,0.0,0.0,0.0,6649.1,9813.85,0,0.0,0,0,18-APR-2022,
OPTSTK,PAGEIND,28-Apr-2022,36000.0,CE,0.0,0.0,0.0,6286.15,9314.5,0,0.0,0,0,18-APR-2022,
OPTSTK,PAGEIND,28-Apr-2022,36500.0,CE,0.0,0.0,0.0,5934.85,8815.2,0,0.0,0,0,18-APR-2022,
OPTSTK,PAGEIND,28-Apr-2022,37000.0,CE,0.0,0.0,0.0,5593.9,8316.1,0,0.0,0,0,18-APR-2022,
OPTSTK,PAGEIND,28-Apr-2022,37500.0,CE,0.0,0.0,0.0,5267.15,7817.35,0,0.0,0,0,18-APR-2022,
OPTSTK,PAGEIND,28-Apr-2022,38000.0,CE,0.0,0.0,0.0,4952.75,7319.25,0,0.0,0,0,18-APR-2022,
OPTSTK,PAGEIND,28-Apr-2022,38500.0,CE,0.0,0.0,0.0,4650.8,6822.2,0,0.0,0,0,18-APR-2022,
OPTSTK,PAGEIND,28-Apr-2022,39000.0,CE,0.0,0.0,0.0,4361.4,6327.0,0,0.0,0,0,18-APR-2022,
OPTSTK,PAGEIND,28-Apr-2022,39500.0,CE,0.0,0.0,0.0,4084.55,5834.7,0,0.0,0,0,18-APR-2022,
OPTSTK,PAGEIND,28-Apr-2022,40000.0,CE,0.0,0.0,0.0,3820.25,5346.8,0,0.0,0,0,18-APR-2022,
OPTSTK,PAGEIND,28-Apr-2022,40500.0,CE,0.0,0.0,0.0,3568.2,4865.3,0,0.0,0,0,18-APR-2022,
OPTSTK,PAGEIND,28-Apr-2022,41000.0,CE,0.0,0.0,0.0,3386.15,4392.7,0,0.0,210,0,18-APR-2022,
OPTSTK,PAGEIND,28-Apr-2022,41500.0,CE,0.0,0.0,0.0,3101.1,3931.95,0,0.0,0,0,18-APR-2022,
OPTSTK,PAGEIND,28-Apr-2022,42000.0,CE,3103.55,3103.55,3103.55,3103.55,3486.55,1,13.53,150,-30,18-APR-2022,
OPTSTK,PAGEIND,28-Apr-2022,42500.0,CE,0.0,0.0,0.0,2681.55,3060.1,0,0.0,0,0,18-APR-2022,
OPTSTK,PAGEIND,28-Apr-2022,43000.0,CE,0.0,0.0,0.0,2250.0,2656.4,0,0.0,660,0,18-APR-2022,
OPTSTK,PAGEIND,28-Apr-2022,43500.0,CE,0.0,0.0,0.0,2307.35,2280.4,0,0.0,0,0,18-APR-2022,
OPTSTK,PAGEIND,28-Apr-2022,44000.0,CE,0.0,0.0,0.0,1982.5,1930.65,0,0.0,810,0,18-APR-2022,
OPTSTK,PAGEIND,28-Apr-2022,44500.0,CE,0.0,0.0,0.0,1273.55,1614.7,0,0.0,60,0,18-APR-2022,
OPTSTK,PAGEIND,28-Apr-2022,45000.0,CE,1135.3,1135.3,883.35,1126.7,1126.7,15,207.1,930,-30,18-APR-2022,
OPTSTK,PAGEIND,28-Apr-2022,45500.0,CE,0.0,0.0,0.0,1684.3,1083.65,0,0.0,0,0,18-APR-2022,
OPTSTK,PAGEIND,28-Apr-2022,46000.0,CE,454.6,710.0,454.6,695.35,695.35,7,97.92,660,0,18-APR-2022,
OPTSTK,PAGEIND,28-Apr-2022,46500.0,CE,0.0,0.0,0.0,1431.55,686.5,0,0.0,0,0,18-APR-2022,
OPTSTK,PAGEIND,28-Apr-2022,47000.0,CE,351.6,400.0,351.6,400.0,400.0,2,28.42,780,0,18-APR-2022,
OPTSTK,PAGEIND,28-Apr-2022,47500.0,CE,199.0,199.0,199.0,199.0,410.15,1,14.3,30,30,18-APR-2022,
OPTSTK,PAGEIND,28-Apr-2022,48000.0,CE,0.0,0.0,0.0,1110.25,309.85,0,0.0,0,0,18-APR-2022,
OPTSTK,PAGEIND,28-Apr-2022,48500.0,CE,0.0,0.0,0.0,1018.15,230.5,0,0.0,0,0,18-APR-2022,
OPTSTK,PAGEIND,28-Apr-2022,49000.0,CE,0.0,0.0,0.0,932.8,168.85,0,0.0,0,0,18-APR-2022,
OPTSTK,PAGEIND,28-Apr-2022,49500.0,CE,0.0,0.0,0.0,853.8,121.8,0,0.0,0,0,18-APR-2022,
OPTSTK,PAGEIND,28-Apr-2022,50000.0,CE,0.0,0.0,0.0,66.05,86.5,0,0.0,360,0,18-APR-2022,
OPTSTK,PAGEIND,28-Apr-2022,50500.0,CE,0.0,0.0,0.0,713.25,60.5,0,0.0,0,0,18-APR-2022,
OPTSTK,PAGEIND,28-Apr-2022,51000.0,CE,0.0,0.0,0.0,651.0,41.7,0,0.0,0,0,18-APR-2022,
OPTSTK,PAGEIND,28-Apr-2022,51500.0,CE,0.0,0.0,0.0,593.65,28.3,0,0.0,0,0,18-APR-2022,
OPTSTK,PAGEIND,28-Apr-2022,52000.0,CE,0.0,0.0,0.0,540.9,18.95,0,0.0,0,0,18-APR-2022,
OPTSTK,PAGEIND,28-Apr-2022,52500.0,CE,0.0,0.0,0.0,492.4,12.5,0,0.0,0,0,18-APR-2022,
OPTSTK,PAGEIND,28-Apr-2022,53000.0,CE,0.0,0.0,0.0,447.9,8.1,0,0.0,0,0,18-APR-2022,
OPTSTK,PAGEIND,28-Apr-2022,53500.0,CE,0.0,0.0,0.0,407.05,5.2,0,0.0,0,0,18-APR-2022,
OPTSTK,PAGEIND,28-Apr-2022,54000.0,CE,0.0,0.0,0.0,369.65,3.3,0,0.0,0,0,18-APR-2022,
OPTSTK,PAGEIND,28-Apr-2022,27000.0,PE,0.0,0.0,0.0,38.3,0.0,0,0.0,0,0,18-APR-2022,
OPTSTK,PAGEIND,28-Apr-2022,27500.0,PE,0.0,0.0,0.0,49.85,0.0,0,0.0,0,0,18-APR-2022,
OPTSTK,PAGEIND,28-Apr-2022,28000.0,PE,0.0,0.0,0.0,64.2,0.0,0,0.0,0,0,18-APR-2022,
OPTSTK,PAGEIND,28-Apr-2022,28500.0,PE,0.0,0.0,0.0,81.7,0.0,0,0.0,0,0,18-APR-2022,
OPTSTK,PAGEIND,28-Apr-2022,29000.0,PE,0.0,0.0,0.0,102.95,0.0,0,0.0,0,0,18-APR-2022,
OPTSTK,PAGEIND,28-Apr-2022,29500.0,PE,0.0,0.0,0.0,128.4,0.0,0,0.0,0,0,18-APR-2022,
OPTSTK,PAGEIND,28-Apr-2022,30000.0,PE,0.0,0.0,0.0,158.65,0.0,0,0.0,0,0,18-APR-2022,
OPTSTK,PAGEIND,28-Apr-2022,30500.0,PE,0.0,0.0,0.0,194.2,0.0,0,0.0,0,0,18-APR-2022,
OPTSTK,PAGEIND,28-Apr-2022,31000.0,PE,0.0,0.0,0.0,235.75,0.0,0,0.0,0,0,18-APR-2022,
OPTSTK,PAGEIND,28-Apr-2022,31500.0,PE,0.0,0.0,0.0,283.8,0.0,0,0.0,0,0,18-APR-2022,
OPTSTK,PAGEIND,28-Apr-2022,32000.0,PE,0.0,0.0,0.0,339.0,0.0,0,0.0,0,0,18-APR-2022,
OPTSTK,PAGEIND,28-Apr-2022,32500.0,PE,0.0,0.0,0.0,401.95,0.0,0,0.0,0,0,18-APR-2022,
OPTSTK,PAGEIND,28-Apr-2022,33000.0,PE,0.0,0.0,0.0,473.25,0.0,0,0.0,0,0,18-APR-2022,
OPTSTK,PAGEIND,28-Apr-2022,33500.0,PE,0.0,0.0,0.0,553.45,0.0,0,0.0,0,0,18-APR-2022,
OPTSTK,PAGEIND,28-Apr-2022,34000.0,PE,0.0,0.0,0.0,643.05,0.0,0,0.0,0,0,18-APR-2022,
OPTSTK,PAGEIND,28-Apr-2022,34500.0,PE,0.0,0.0,0.0,742.65,0.05,0,0.0,0,0,18-APR-2022,
OPTSTK,PAGEIND,28-Apr-2022,35000.0,PE,0.0,0.0,0.0,10.2,0.05,0,0.0,30,0,18-APR-2022,
OPTSTK,PAGEIND,28-Apr-2022,35500.0,PE,0.0,0.0,0.0,975.0,0.05,0,0.0,0,0,18-APR-2022,
OPTSTK,PAGEIND,28-Apr-2022,36000.0,PE,0.0,0.0,0.0,200.0,0.15,0,0.0,0,0,18-APR-2022,
OPTSTK,PAGEIND,28-Apr-2022,36500.0,PE,0.0,0.0,0.0,1250.3,0.3,0,0.0,0,0,18-APR-2022,
OPTSTK,PAGEIND,28-Apr-2022,37000.0,PE,0.0,0.0,0.0,1404.15,0.65,0,0.0,0,0,18-APR-2022,
OPTSTK,PAGEIND,28-Apr-2022,37500.0,PE,0.0,0.0,0.0,1572.2,1.3,0,0.0,0,0,18-APR-2022,
OPTSTK,PAGEIND,28-Apr-2022,38000.0,PE,0.0,0.0,0.0,1752.55,2.6,0,0.0,0,0,18-APR-2022,
OPTSTK,PAGEIND,28-Apr-2022,38500.0,PE,0.0,0.0,0.0,1945.4,5.05,0,0.0,0,0,18-APR-2022,
OPTSTK,PAGEIND,28-Apr-2022,39000.0,PE,0.0,0.0,0.0,2150.8,9.25,0,0.0,0,0,18-APR-2022,
OPTSTK,PAGEIND,28-Apr-2022,39500.0,PE,0.0,0.0,0.0,2368.75,16.4,0,0.0,0,0,18-APR-2022,
OPTSTK,PAGEIND,28-Apr-2022,40000.0,PE,60.0,179.0,28.0,28.0,27.95,7,84.17,480,30,18-APR-2022,
OPTSTK,PAGEIND,28-Apr-2022,40500.0,PE,379.0,434.0,15.0,95.0,95.0,210,2561.58,600,600,18-APR-2022,
OPTSTK,PAGEIND,28-Apr-2022,41000.0,PE,169.95,170.0,72.05,72.05,72.7,3,37.02,630,30,18-APR-2022,
OPTSTK,PAGEIND,28-Apr-2022,41500.0,PE,0.0,0.0,0.0,3364.45,111.4,0,0.0,0,0,18-APR-2022,
OPTSTK,PAGEIND,28-Apr-2022,42000.0,PE,0.0,0.0,0.0,245.0,165.45,0,0.0,450,0,18-APR-2022,
OPTSTK,PAGEIND,28-Apr-2022,42500.0,PE,185.0,185.0,185.0,185.0,238.45,1,12.8,30,30,18-APR-2022,
OPTSTK,PAGEIND,28-Apr-2022,43000.0,PE,425.0,425.0,205.05,238.75,238.75,5,64.91,630,90,18-APR-2022,
OPTSTK,PAGEIND,28-Apr-2022,43500.0,PE,0.0,0.0,0.0,4549.9,457.6,0,0.0,0,0,18-APR-2022,
OPTSTK,PAGEIND,28-Apr-2022,44000.0,PE,0.0,0.0,0.0,558.45,607.25,0,0.0,90,0,18-APR-2022,
OPTSTK,PAGEIND,28-Apr-2022,44500.0,PE,0.0,0.0,0.0,5208.05,790.75,0,0.0,0,0,18-APR-2022,
OPTSTK,PAGEIND,28-Apr-2022,45000.0,PE,721.4,1243.95,700.0,700.0,700.0,5,68.72,120,90,18-APR-2022,
OPTSTK,PAGEIND,28-Apr-2022,45500.0,PE,0.0,0.0,0.0,5906.0,1258.6,0,0.0,0,0,18-APR-2022,
OPTSTK,PAGEIND,28-Apr-2022,46000.0,PE,0.0,0.0,0.0,6268.95,1543.3,0,0.0,0,0,18-APR-2022,
OPTSTK,PAGEIND,28-Apr-2022,46500.0,PE,0.0,0.0,0.0,6642.8,1860.35,0,0.0,0,0,18-APR-2022,
OPTSTK,PAGEIND,28-Apr-2022,47000.0,PE,0.0,0.0,0.0,7023.25,2207.55,0,0.0,0,0,18-APR-2022,
OPTSTK,PAGEIND,28-Apr-2022,47500.0,PE,0.0,0.0,0.0,7411.65,2582.85,0,0.0,0,0,18-APR-2022,
OPTSTK,PAGEIND,28-Apr-2022,48000.0,PE,0.0,0.0,0.0,7805.9,2981.95,0,0.0,0,0,18-APR-2022,
OPTSTK,PAGEIND,28-Apr-2022,48500.0,PE,0.0,0.0,0.0,8208.6,3402.05,0,0.0,0,0,18-APR-2022,
OPTSTK,PAGEIND,28-Apr-2022,49000.0,PE,0.0,0.0,0.0,8618.05,3839.85,0,0.0,0,0,18-APR-2022,
OPTSTK,PAGEIND,28-Apr-2022,49500.0,PE,0.0,0.0,0.0,9033.8,4292.2,0,0.0,0,0,18-APR-2022,
OPTSTK,PAGEIND,28-Apr-2022,50000.0,PE,0.0,0.0,0.0,9455.55,4756.4,0,0.0,0,0,18-APR-2022,
OPTSTK,PAGEIND,28-Apr-2022,50500.0,PE,0.0,0.0,0.0,9882.85,5229.85,0,0.0,0,0,18-APR-2022,
OPTSTK,PAGEIND,28-Apr-2022,51000.0,PE,0.0,0.0,0.0,10315.4,5710.45,0,0.0,0,0,18-APR-2022,
OPTSTK,PAGEIND,28-Apr-2022,51500.0,PE,0.0,0.0,0.0,10752.85,6196.5,0,0.0,0,0,18-APR-2022,
OPTSTK,PAGEIND,28-Apr-2022,52000.0,PE,0.0,0.0,0.0,11194.9,6686.55,0,0.0,0,0,18-APR-2022,
OPTSTK,PAGEIND,28-Apr-2022,52500.0,PE,0.0,0.0,0.0,11641.2,7179.55,0,0.0,0,0,18-APR-2022,
OPTSTK,PAGEIND,28-Apr-2022,53000.0,PE,0.0,0.0,0.0,12091.45,7674.6,0,0.0,0,0,18-APR-2022,
OPTSTK,PAGEIND,28-Apr-2022,53500.0,PE,0.0,0.0,0.0,12545.4,8171.15,0,0.0,0,0,18-APR-2022,
OPTSTK,PAGEIND,28-Apr-2022,54000.0,PE,0.0,0.0,0.0,13002.8,8668.7,0,0.0,0,0,18-APR-2022,
OPTSTK,PAGEIND,26-May-2022,27000.0,CE,0.0,0.0,0.0,13529.6,18393.1,0,0.0,0,0,18-APR-2022,
OPTSTK,PAGEIND,26-May-2022,27500.0,CE,0.0,0.0,0.0,13049.4,17895.3,0,0.0,0,0,18-APR-2022,
OPTSTK,PAGEIND,26-May-2022,28000.0,CE,0.0,0.0,0.0,12572.45,17397.55,0,0.0,0,0,18-APR-2022,
OPTSTK,PAGEIND,26-May-2022,28500.0,CE,0.0,0.0,0.0,12099.25,16899.8,0,0.0,0,0,18-APR-2022,
OPTSTK,PAGEIND,26-May-2022,29000.0,CE,0.0,0.0,0.0,11630.4,16402.1,0,0.0,0,0,18-APR-2022,
OPTSTK,PAGEIND,26-May-2022,29500.0,CE,0.0,0.0,0.0,11166.45,15904.45,0,0.0,0,0,18-APR-2022,
OPTSTK,PAGEIND,26-May-2022,30000.0,CE,0.0,0.0,0.0,10707.9,15406.9,0,0.0,0,0,18-APR-2022,
OPTSTK,PAGEIND,26-May-2022,30500.0,CE,0.0,0.0,0.0,10255.45,14909.5,0,0.0,0,0,18-APR-2022,
OPTSTK,PAGEIND,26-May-2022,31000.0,CE,0.0,0.0,0.0,9809.65,14412.3,0,0.0,0,0,18-APR-2022,
OPTSTK,PAGEIND,26-May-2022,31500.0,CE,0.0,0.0,0.0,9371.1,13915.4,0,0.0,0,0,18-APR-2022,
OPTSTK,PAGEIND,26-May-2022,32000.0,CE,0.0,0.0,0.0,8940.5,13418.9,0,0.0,0,0,18-APR-2022,
OPTSTK,PAGEIND,26-May-2022,32500.0,CE,0.0,0.0,0.0,8518.3,12923.05,0,0.0,0,0,18-APR-2022,
OPTSTK,PAGEIND,26-May-2022,33000.0,CE,0.0,0.0,0.0,8105.2,12428.05,0,0.0,0,0,18-APR-2022,
OPTSTK,PAGEIND,26-May-2022,33500.0,CE,0.0,0.0,0.0,7701.65,11934.1,0,0.0,0,0,18-APR-2022,
OPTSTK,PAGEIND,26-May-2022,34000.0,CE,0.0,0.0,0.0,7308.25,11441.65,0,0.0,0,0,18-APR-2022,
OPTSTK,PAGEIND,26-May-2022,34500.0,CE,0.0,0.0,0.0,6925.4,10951.05,0,0.0,0,0,18-APR-2022,
OPTSTK,PAGEIND,26-May-2022,35000.0,CE,0.0,0.0,0.0,6554.85,10462.85,0,0.0,0,0,18-APR-2022,
OPTSTK,PAGEIND,26-May-2022,35500.0,CE,0.0,0.0,0.0,6194.1,9977.65,0,0.0,0,0,18-APR-2022,
OPTSTK,PAGEIND,26-May-2022,36000.0,CE,0.0,0.0,0.0,5845.15,9496.05,0,0.0,0,0,18-APR-2022,
OPTSTK,PAGEIND,26-May-2022,36500.0,CE,0.0,0.0,0.0,5506.75,9018.9,0,0.0,0,0,18-APR-2022,
OPTSTK,PAGEIND,26-May-2022,37000.0,CE,0.0,0.0,0.0,5182.5,8547.05,0,0.0,0,0,18-APR-2022,
OPTSTK,PAGEIND,26-May-2022,37500.0,CE,0.0,0.0,0.0,4870.75,8081.35,0,0.0,0,0,18-APR-2022,
OPTSTK,PAGEIND,26-May-2022,38000.0,CE,0.0,0.0,0.0,4571.5,7622.8,0,0.0,0,0,18-APR-2022,
OPTSTK,PAGEIND,26-May-2022,38500.0,CE,0.0,0.0,0.0,4284.9,7172.5,0,0.0,0,0,18-APR-2022,
OPTSTK,PAGEIND,26-May-2022,39000.0,CE,0.0,0.0,0.0,4010.9,6731.4,0,0.0,0,0,18-APR-2022,
OPTSTK,PAGEIND,26-May-2022,39500.0,CE,0.0,0.0,0.0,3749.5,6300.7,0,0.0,0,0,18-APR-2022,
OPTSTK,PAGEIND,26-May-2022,40000.0,CE,0.0,0.0,0.0,3500.35,5881.4,0,0.0,0,0,18-APR-2022,
OPTSTK,PAGEIND,26-May-2022,40500.0,CE,0.0,0.0,0.0,3263.65,5474.5,0,0.0,0,0,18-APR-2022,
OPTSTK,PAGEIND,26-May-2022,41000.0,CE,0.0,0.0,0.0,3039.1,5081.05,0,0.0,0,0,18-APR-2022,
OPTSTK,PAGEIND,26-May-2022,41500.0,CE,0.0,0.0,0.0,2826.4,4701.95,0,0.0,0,0,18-APR-2022,
OPTSTK,PAGEIND,26-May-2022,42000.0,CE,0.0,0.0,0.0,2625.35,4339.2,0,0.0,0,0,18-APR-2022,
OPTSTK,PAGEIND,26-May-2022,42500.0,CE,0.0,0.0,0.0,2435.6,3989.3,0,0.0,0,0,18-APR-2022,
OPTSTK,PAGEIND,26-May-2022,43000.0,CE,0.0,0.0,0.0,2256.8,3658.05,0,0.0,0,0,18-APR-2022,
OPTSTK,PAGEIND,26-May-2022,43500.0,CE,0.0,0.0,0.0,2088.7,3343.85,0,0.0,0,0,18-APR-2022,
OPTSTK,PAGEIND,26-May-2022,44000.0,CE,0.0,0.0,0.0,1930.85,3047.0,0,0.0,0,0,18-APR-2022,
OPTSTK,PAGEIND,26-May-2022,44500.0,CE,0.0,0.0,0.0,1782.85,2767.65,0,0.0,0,0,18-APR-2022,
OPTSTK,PAGEIND,26-May-2022,45000.0,CE,0.0,0.0,0.0,1644.35,2505.95,0,0.0,0,0,18-APR-2022,
OPTSTK,PAGEIND,26-May-2022,45500.0,CE,0.0,0.0,0.0,1516.85,2261.6,0,0.0,0,0,18-APR-2022,
OPTSTK,PAGEIND,26-May-2022,46000.0,CE,0.0,0.0,0.0,1396.5,2034.65,0,0.0,0,0,18-APR-2022,
OPTSTK,PAGEIND,26-May-2022,46500.0,CE,0.0,0.0,0.0,1284.4,1824.65,0,0.0,0,0,18-APR-2022,
OPTSTK,PAGEIND,26-May-2022,47000.0,CE,0.0,0.0,0.0,1180.2,1631.1,0,0.0,0,0,18-APR-2022,
OPTSTK,PAGEIND,26-May-2022,47500.0,CE,0.0,0.0,0.0,1081.65,1453.45,0,0.0,0,0,18-APR-2022,
OPTSTK,PAGEIND,26-May-2022,48000.0,CE,0.0,0.0,0.0,991.55,1291.1,0,0.0,0,0,18-APR-2022,
OPTSTK,PAGEIND,26-May-2022,48500.0,CE,0.0,0.0,0.0,908.1,1143.25,0,0.0,0,0,18-APR-2022,
OPTSTK,PAGEIND,26-May-2022,49000.0,CE,0.0,0.0,0.0,830.85,1009.2,0,0.0,0,0,18-APR-2022,
OPTSTK,PAGEIND,26-May-2022,49500.0,CE,0.0,0.0,0.0,759.45,890.7,0,0.0,0,0,18-APR-2022,
OPTSTK,PAGEIND,26-May-2022,50000.0,CE,0.0,0.0,0.0,693.6,780.35,0,0.0,0,0,18-APR-2022,
OPTSTK,PAGEIND,26-May-2022,50500.0,CE,0.0,0.0,0.0,632.85,682.8,0,0.0,0,0,18-APR-2022,
OPTSTK,PAGEIND,26-May-2022,51000.0,CE,0.0,0.0,0.0,576.9,595.65,0,0.0,0,0,18-APR-2022,
OPTSTK,PAGEIND,26-May-2022,51500.0,CE,0.0,0.0,0.0,525.45,518.1,0,0.0,0,0,18-APR-2022,
OPTSTK,PAGEIND,26-May-2022,52000.0,CE,0.0,0.0,0.0,478.2,449.35,0,0.0,0,0,18-APR-2022,
OPTSTK,PAGEIND,26-May-2022,52500.0,CE,0.0,0.0,0.0,434.85,388.6,0,0.0,0,0,18-APR-2022,
OPTSTK,PAGEIND,26-May-2022,53000.0,CE,0.0,0.0,0.0,200.0,335.1,0,0.0,30,0,18-APR-2022,
OPTSTK,PAGEIND,26-May-2022,53500.0,CE,0.0,0.0,0.0,358.7,288.15,0,0.0,0,0,18-APR-2022,
OPTSTK,PAGEIND,26-May-2022,54000.0,CE,0.0,0.0,0.0,325.4,247.1,0,0.0,0,0,18-APR-2022,
OPTSTK,PAGEIND,26-May-2022,27000.0,PE,0.0,0.0,0.0,50.35,0.05,0,0.0,0,0,18-APR-2022,
OPTSTK,PAGEIND,26-May-2022,27500.0,PE,0.0,0.0,0.0,64.9,0.05,0,0.0,0,0,18-APR-2022,
OPTSTK,PAGEIND,26-May-2022,28000.0,PE,0.0,0.0,0.0,82.7,0.1,0,0.0,0,0,18-APR-2022,
OPTSTK,PAGEIND,26-May-2022,28500.0,PE,0.0,0.0,0.0,104.3,0.15,0,0.0,0,0,18-APR-2022,
OPTSTK,PAGEIND,26-May-2022,29000.0,PE,0.0,0.0,0.0,130.2,0.2,0,0.0,0,0,18-APR-2022,
OPTSTK,PAGEIND,26-May-2022,29500.0,PE,0.0,0.0,0.0,161.0,0.35,0,0.0,0,0,18-APR-2022,
OPTSTK,PAGEIND,26-May-2022,30000.0,PE,0.0,0.0,0.0,197.2,0.6,0,0.0,0,0,18-APR-2022,
OPTSTK,PAGEIND,26-May-2022,30500.0,PE,0.0,0.0,0.0,239.5,1.0,0,0.0,0,0,18-APR-2022,
OPTSTK,PAGEIND,26-May-2022,31000.0,PE,0.0,0.0,0.0,288.5,1.55,0,0.0,0,0,18-APR-2022,
OPTSTK,PAGEIND,26-May-2022,31500.0,PE,0.0,0.0,0.0,344.75,2.45,0,0.0,0,0,18-APR-2022,
OPTSTK,PAGEIND,26-May-2022,32000.0,PE,0.0,0.0,0.0,408.85,3.8,0,0.0,0,0,18-APR-2022,
OPTSTK,PAGEIND,26-May-2022,32500.0,PE,0.0,0.0,0.0,481.45,5.75,0,0.0,0,0,18-APR-2022,
OPTSTK,PAGEIND,26-May-2022,33000.0,PE,0.0,0.0,0.0,563.1,8.5,0,0.0,0,0,18-APR-2022,
OPTSTK,PAGEIND,26-May-2022,33500.0,PE,0.0,0.0,0.0,654.35,12.35,0,0.0,0,0,18-APR-2022,
OPTSTK,PAGEIND,26-May-2022,34000.0,PE,0.0,0.0,0.0,755.7,17.7,0,0.0,0,0,18-APR-2022,
OPTSTK,PAGEIND,26-May-2022,34500.0,PE,0.0,0.0,0.0,867.6,24.9,0,0.0,0,0,18-APR-2022,
OPTSTK,PAGEIND,26-May-2022,35000.0,PE,0.0,0.0,0.0,991.85,34.5,0,0.0,0,0,18-APR-2022,
OPTSTK,PAGEIND,26-May-2022,35500.0,PE,0.0,0.0,0.0,1125.9,47.05,0,0.0,0,0,18-APR-2022,
OPTSTK,PAGEIND,26-May-2022,36000.0,PE,0.0,0.0,0.0,1271.65,63.3,0,0.0,0,0,18-APR-2022,
OPTSTK,PAGEIND,26-May-2022,36500.0,PE,0.0,0.0,0.0,1428.05,83.9,0,0.0,0,0,18-APR-2022,
OPTSTK,PAGEIND,26-May-2022,37000.0,PE,0.0,0.0,0.0,1598.6,109.85,0,0.0,0,0,18-APR-2022,
OPTSTK,PAGEIND,26-May-2022,37500.0,PE,0.0,0.0,0.0,1781.55,141.95,0,0.0,0,0,18-APR-2022,
OPTSTK,PAGEIND,26-May-2022,38000.0,PE,0.0,0.0,0.0,1977.1,181.2,0,0.0,0,0,18-APR-2022,
OPTSTK,PAGEIND,26-May-2022,38500.0,PE,0.0,0.0,0.0,2185.3,228.65,0,0.0,0,0,18-APR-2022,
OPTSTK,PAGEIND,26-May-2022,39000.0,PE,0.0,0.0,0.0,2406.05,285.4,0,0.0,0,0,18-APR-2022,
OPTSTK,PAGEIND,26-May-2022,39500.0,PE,0.0,0.0,0.0,2639.35,352.45,0,0.0,0,0,18-APR-2022,
OPTSTK,PAGEIND,26-May-2022,40000.0,PE,0.0,0.0,0.0,2885.0,430.95,0,0.0,0,0,18-APR-2022,
OPTSTK,PAGEIND,26-May-2022,40500.0,PE,0.0,0.0,0.0,3143.1,521.85,0,0.0,0,0,18-APR-2022,
OPTSTK,PAGEIND,26-May-2022,41000.0,PE,0.0,0.0,0.0,3413.3,626.2,0,0.0,0,0,18-APR-2022,
OPTSTK,PAGEIND,26-May-2022,41500.0,PE,0.0,0.0,0.0,3695.35,744.9,0,0.0,0,0,18-APR-2022,
OPTSTK,PAGEIND,26-May-2022,42000.0,PE,0.0,0.0,0.0,3989.05,879.95,0,0.0,0,0,18-APR-2022,
OPTSTK,PAGEIND,26-May-2022,42500.0,PE,0.0,0.0,0.0,4294.05,1027.85,0,0.0,0,0,18-APR-2022,
OPTSTK,PAGEIND,26-May-2022,43000.0,PE,0.0,0.0,0.0,4610.1,1194.35,0,0.0,0,0,18-APR-2022,
OPTSTK,PAGEIND,26-May-2022,43500.0,PE,0.0,0.0,0.0,4936.7,1377.95,0,0.0,0,0,18-APR-2022,
OPTSTK,PAGEIND,26-May-2022,44000.0,PE,0.0,0.0,0.0,5273.6,1578.85,0,0.0,0,0,18-APR-2022,
OPTSTK,PAGEIND,26-May-2022,44500.0,PE,0.0,0.0,0.0,5620.4,1797.35,0,0.0,0,0,18-APR-2022,
OPTSTK,PAGEIND,26-May-2022,45000.0,PE,0.0,0.0,0.0,5976.7,2033.45,0,0.0,0,0,18-APR-2022,
OPTSTK,PAGEIND,26-May-2022,45500.0,PE,0.0,0.0,0.0,6343.95,2286.85,0,0.0,0,0,18-APR-2022,
OPTSTK,PAGEIND,26-May-2022,46000.0,PE,0.0,0.0,0.0,6718.35,2557.7,0,0.0,0,0,18-APR-2022,
OPTSTK,PAGEIND,26-May-2022,46500.0,PE,0.0,0.0,0.0,7101.05,2845.5,0,0.0,0,0,18-APR-2022,
OPTSTK,PAGEIND,26-May-2022,47000.0,PE,0.0,0.0,0.0,7491.6,3149.75,0,0.0,0,0,18-APR-2022,
OPTSTK,PAGEIND,26-May-2022,47500.0,PE,0.0,0.0,0.0,7887.8,3469.9,0,0.0,0,0,18-APR-2022,
OPTSTK,PAGEIND,26-May-2022,48000.0,PE,0.0,0.0,0.0,8292.5,3805.35,0,0.0,0,0,18-APR-2022,
OPTSTK,PAGEIND,26-May-2022,48500.0,PE,0.0,0.0,0.0,8703.8,4155.3,0,0.0,0,0,18-APR-2022,
OPTSTK,PAGEIND,26-May-2022,49000.0,PE,0.0,0.0,0.0,9121.3,4519.05,0,0.0,0,0,18-APR-2022,
OPTSTK,PAGEIND,26-May-2022,49500.0,PE,0.0,0.0,0.0,9544.7,4898.3,0,0.0,0,0,18-APR-2022,
OPTSTK,PAGEIND,26-May-2022,50000.0,PE,0.0,0.0,0.0,9973.6,5285.75,0,0.0,0,0,18-APR-2022,
OPTSTK,PAGEIND,26-May-2022,50500.0,PE,0.0,0.0,0.0,10407.6,5686.0,0,0.0,0,0,18-APR-2022,
OPTSTK,PAGEIND,26-May-2022,51000.0,PE,0.0,0.0,0.0,10846.45,6096.65,0,0.0,0,0,18-APR-2022,
OPTSTK,PAGEIND,26-May-2022,51500.0,PE,0.0,0.0,0.0,11289.8,6516.9,0,0.0,0,0,18-APR-2022,
OPTSTK,PAGEIND,26-May-2022,52000.0,PE,0.0,0.0,0.0,11737.3,6945.9,0,0.0,0,0,18-APR-2022,
OPTSTK,PAGEIND,26-May-2022,52500.0,PE,0.0,0.0,0.0,12188.7,7382.95,0,0.0,0,0,18-APR-2022,
OPTSTK,PAGEIND,26-May-2022,53000.0,PE,0.0,0.0,0.0,12643.7,7827.25,0,0.0,0,0,18-APR-2022,
OPTSTK,PAGEIND,26-May-2022,53500.0,PE,0.0,0.0,0.0,13102.1,8278.1,0,0.0,0,0,18-APR-2022,
OPTSTK,PAGEIND,26-May-2022,54000.0,PE,0.0,0.0,0.0,13563.55,8734.85,0,0.0,0,0,18-APR-2022,
OPTSTK,PAGEIND,30-Jun-2022,27000.0,CE,0.0,0.0,0.0,16489.75,18504.65,0,0.0,0,0,18-APR-2022,
OPTSTK,PAGEIND,30-Jun-2022,27500.0,CE,0.0,0.0,0.0,16000.55,18009.9,0,0.0,0,0,18-APR-2022,
OPTSTK,PAGEIND,30-Jun-2022,28000.0,CE,0.0,0.0,0.0,15512.8,17515.55,0,0.0,0,0,18-APR-2022,
OPTSTK,PAGEIND,30-Jun-2022,28500.0,CE,0.0,0.0,0.0,15026.8,17021.75,0,0.0,0,0,18-APR-2022,
OPTSTK,PAGEIND,30-Jun-2022,29000.0,CE,0.0,0.0,0.0,14542.95,16528.55,0,0.0,0,0,18-APR-2022,
OPTSTK,PAGEIND,30-Jun-2022,29500.0,CE,0.0,0.0,0.0,14061.6,16036.25,0,0.0,0,0,18-APR-2022,
OPTSTK,PAGEIND,30-Jun-2022,30000.0,CE,0.0,0.0,0.0,13583.1,15544.95,0,0.0,0,0,18-APR-2022,
OPTSTK,PAGEIND,30-Jun-2022,30500.0,CE,0.0,0.0,0.0,13107.9,15054.95,0,0.0,0,0,18-APR-2022,
OPTSTK,PAGEIND,30-Jun-2022,31000.0,CE,0.0,0.0,0.0,12636.45,14566.55,0,0.0,0,0,18-APR-2022,
OPTSTK,PAGEIND,30-Jun-2022,31500.0,CE,0.0,0.0,0.0,12169.3,14080.05,0,0.0,0,0,18-APR-2022,
OPTSTK,PAGEIND,30-Jun-2022,32000.0,CE,0.0,0.0,0.0,11706.85,13595.8,0,0.0,0,0,18-APR-2022,
OPTSTK,PAGEIND,30-Jun-2022,32500.0,CE,0.0,0.0,0.0,11249.75,13114.2,0,0.0,0,0,18-APR-2022,
OPTSTK,PAGEIND,30-Jun-2022,33000.0,CE,0.0,0.0,0.0,10798.4,12635.75,0,0.0,0,0,18-APR-2022,
OPTSTK,PAGEIND,30-Jun-2022,33500.0,CE,0.0,0.0,0.0,10353.4,12160.85,0,0.0,0,0,18-APR-2022,
OPTSTK,PAGEIND,30-Jun-2022,34000.0,CE,0.0,0.0,0.0,9915.35,11690.05,0,0.0,0,0,18-APR-2022,
OPTSTK,PAGEIND,30-Jun-2022,34500.0,CE,0.0,0.0,0.0,9484.7,11223.9,0,0.0,0,0,18-APR-2022,
OPTSTK,PAGEIND,30-Jun-2022,35000.0,CE,0.0,0.0,0.0,9062.0,10762.9,0,0.0,0,0,18-APR-2022,
OPTSTK,PAGEIND,30-Jun-2022,35500.0,CE,0.0,0.0,0.0,8647.8,10307.75,0,0.0,0,0,18-APR-2022,
OPTSTK,PAGEIND,30-Jun-2022,36000.0,CE,0.0,0.0,0.0,8242.5,9858.95,0,0.0,0,0,18-APR-2022,
OPTSTK,PAGEIND,30-Jun-2022,36500.0,CE,0.0,0.0,0.0,7846.65,9417.1,0,0.0,0,0,18-APR-2022,
OPTSTK,PAGEIND,30-Jun-2022,37000.0,CE,0.0,0.0,0.0,7460.65,8982.85,0,0.0,0,0,18-APR-2022,
OPTSTK,PAGEIND,30-Jun-2022,37500.0,CE,0.0,0.0,0.0,7084.9,8556.8,0,0.0,0,0,18-APR-2022,
OPTSTK,PAGEIND,30-Jun-2022,38000.0,CE,0.0,0.0,0.0,6721.0,8139.5,0,0.0,0,0,18-APR-2022,
OPTSTK,PAGEIND,30-Jun-2022,38500.0,CE,0.0,0.0,0.0,6366.45,7731.55,0,0.0,0,0,18-APR-2022,
OPTSTK,PAGEIND,30-Jun-2022,39000.0,CE,0.0,0.0,0.0,6023.15,7333.45,0,0.0,0,0,18-APR-2022,
OPTSTK,PAGEIND,30-Jun-2022,39500.0,CE,0.0,0.0,0.0,5689.95,6945.75,0,0.0,0,0,18-APR-2022,
OPTSTK,PAGEIND,30-Jun-2022,40000.0,CE,0.0,0.0,0.0,5370.25,6568.85,0,0.0,0,0,18-APR-2022,
OPTSTK,PAGEIND,30-Jun-2022,40500.0,CE,0.0,0.0,0.0,5062.3,6204.5,0,0.0,0,0,18-APR-2022,
OPTSTK,PAGEIND,30-Jun-2022,41000.0,CE,0.0,0.0,0.0,4766.2,5850.2,0,0.0,0,0,18-APR-2022,
OPTSTK,PAGEIND,30-Jun-2022,41500.0,CE,0.0,0.0,0.0,4482.0,5506.25,0,0.0,0,0,18-APR-2022,
OPTSTK,PAGEIND,30-Jun-2022,42000.0,CE,0.0,0.0,0.0,4209.7,5176.65,0,0.0,0,0,18-APR-2022,
OPTSTK,PAGEIND,30-Jun-2022,42500.0,CE,0.0,0.0,0.0,3949.25,4859.6,0,0.0,0,0,18-APR-2022,
OPTSTK,PAGEIND,30-Jun-2022,43000.0,CE,0.0,0.0,0.0,3700.4,4555.2,0,0.0,0,0,18-APR-2022,
OPTSTK,PAGEIND,30-Jun-2022,43500.0,CE,0.0,0.0,0.0,3463.3,4263.5,0,0.0,0,0,18-APR-2022,
OPTSTK,PAGEIND,30-Jun-2022,44000.0,CE,0.0,0.0,0.0,3237.7,3984.6,0,0.0,0,0,18-APR-2022,
OPTSTK,PAGEIND,30-Jun-2022,44500.0,CE,0.0,0.0,0.0,3023.35,3718.45,0,0.0,0,0,18-APR-2022,
OPTSTK,PAGEIND,30-Jun-2022,45000.0,CE,0.0,0.0,0.0,2820.0,3464.85,0,0.0,0,0,18-APR-2022,
OPTSTK,PAGEIND,30-Jun-2022,45500.0,CE,0.0,0.0,0.0,2627.4,3224.0,0,0.0,0,0,18-APR-2022,
OPTSTK,PAGEIND,30-Jun-2022,46000.0,CE,0.0,0.0,0.0,2445.3,2995.55,0,0.0,0,0,18-APR-2022,
OPTSTK,PAGEIND,30-Jun-2022,46500.0,CE,0.0,0.0,0.0,2273.35,2779.35,0,0.0,0,0,18-APR-2022,
OPTSTK,PAGEIND,30-Jun-2022,47000.0,CE,0.0,0.0,0.0,2111.25,2575.05,0,0.0,0,0,18-APR-2022,
OPTSTK,PAGEIND,30-Jun-2022,47500.0,CE,0.0,0.0,0.0,1958.65,2382.45,0,0.0,0,0,18-APR-2022,
OPTSTK,PAGEIND,30-Jun-2022,48000.0,CE,0.0,0.0,0.0,1815.2,2201.2,0,0.0,0,0,18-APR-2022,
OPTSTK,PAGEIND,30-Jun-2022,48500.0,CE,0.0,0.0,0.0,1680.6,2030.95,0,0.0,0,0,18-APR-2022,
OPTSTK,PAGEIND,30-Jun-2022,49000.0,CE,0.0,0.0,0.0,1556.55,1871.35,0,0.0,0,0,18-APR-2022,
OPTSTK,PAGEIND,30-Jun-2022,49500.0,CE,0.0,0.0,0.0,1438.85,1721.95,0,0.0,0,0,18-APR-2022,
OPTSTK,PAGEIND,30-Jun-2022,50000.0,CE,0.0,0.0,0.0,1328.85,1582.45,0,0.0,0,0,18-APR-2022,
OPTSTK,PAGEIND,30-Jun-2022,50500.0,CE,0.0,0.0,0.0,1226.2,1454.35,0,0.0,0,0,18-APR-2022,
OPTSTK,PAGEIND,30-Jun-2022,51000.0,CE,0.0,0.0,0.0,1128.55,1333.7,0,0.0,0,0,18-APR-2022,
OPTSTK,PAGEIND,30-Jun-2022,51500.0,CE,0.0,0.0,0.0,1039.1,1221.6,0,0.0,0,0,18-APR-2022,
OPTSTK,PAGEIND,30-Jun-2022,52000.0,CE,0.0,0.0,0.0,955.95,1117.65,0,0.0,0,0,18-APR-2022,
OPTSTK,PAGEIND,30-Jun-2022,52500.0,CE,0.0,0.0,0.0,878.65,1019.2,0,0.0,0,0,18-APR-2022,
OPTSTK,PAGEIND,30-Jun-2022,53000.0,CE,0.0,0.0,0.0,806.9,929.85,0,0.0,0,0,18-APR-2022,
OPTSTK,PAGEIND,30-Jun-2022,53500.0,CE,0.0,0.0,0.0,740.4,847.3,0,0.0,0,0,18-APR-2022,
OPTSTK,PAGEIND,30-Jun-2022,54000.0,CE,0.0,0.0,0.0,678.85,771.2,0,0.0,0,0,18-APR-2022,
OPTSTK,PAGEIND,30-Jun-2022,27000.0,PE,0.0,0.0,0.0,16.5,2.25,0,0.0,0,0,18-APR-2022,
OPTSTK,PAGEIND,30-Jun-2022,27500.0,PE,0.0,0.0,0.0,22.0,3.3,0,0.0,0,0,18-APR-2022,
OPTSTK,PAGEIND,30-Jun-2022,28000.0,PE,0.0,0.0,0.0,29.0,4.7,0,0.0,0,0,18-APR-2022,
OPTSTK,PAGEIND,30-Jun-2022,28500.0,PE,0.0,0.0,0.0,37.8,6.65,0,0.0,0,0,18-APR-2022,
OPTSTK,PAGEIND,30-Jun-2022,29000.0,PE,0.0,0.0,0.0,48.7,9.25,0,0.0,0,0,18-APR-2022,
OPTSTK,PAGEIND,30-Jun-2022,29500.0,PE,0.0,0.0,0.0,62.05,12.7,0,0.0,0,0,18-APR-2022,
OPTSTK,PAGEIND,30-Jun-2022,30000.0,PE,0.0,0.0,0.0,78.3,17.15,0,0.0,0,0,18-APR-2022,
OPTSTK,PAGEIND,30-Jun-2022,30500.0,PE,0.0,0.0,0.0,97.85,22.95,0,0.0,0,0,18-APR-2022,
OPTSTK,PAGEIND,30-Jun-2022,31000.0,PE,0.0,0.0,0.0,121.15,30.3,0,0.0,0,0,18-APR-2022,
OPTSTK,PAGEIND,30-Jun-2022,31500.0,PE,0.0,0.0,0.0,148.7,39.55,0,0.0,0,0,18-APR-2022,
OPTSTK,PAGEIND,30-Jun-2022,32000.0,PE,0.0,0.0,0.0,181.05,51.1,0,0.0,0,0,18-APR-2022,
OPTSTK,PAGEIND,30-Jun-2022,32500.0,PE,0.0,0.0,0.0,218.65,65.3,0,0.0,0,0,18-APR-2022,
OPTSTK,PAGEIND,30-Jun-2022,33000.0,PE,0.0,0.0,0.0,262.05,82.6,0,0.0,0,0,18-APR-2022,
OPTSTK,PAGEIND,30-Jun-2022,33500.0,PE,0.0,0.0,0.0,311.8,103.45,0,0.0,0,0,18-APR-2022,
OPTSTK,PAGEIND,30-Jun-2022,34000.0,PE,0.0,0.0,0.0,368.5,128.45,0,0.0,0,0,18-APR-2022,
OPTSTK,PAGEIND,30-Jun-2022,34500.0,PE,0.0,0.0,0.0,432.55,158.05,0,0.0,0,0,18-APR-2022,
OPTSTK,PAGEIND,30-Jun-2022,35000.0,PE,0.0,0.0,0.0,504.6,192.85,0,0.0,0,0,18-APR-2022,
OPTSTK,PAGEIND,30-Jun-2022,35500.0,PE,0.0,0.0,0.0,585.15,233.4,0,0.0,0,0,18-APR-2022,
OPTSTK,PAGEIND,30-Jun-2022,36000.0,PE,0.0,0.0,0.0,674.6,280.4,0,0.0,0,0,18-APR-2022,
OPTSTK,PAGEIND,30-Jun-2022,36500.0,PE,0.0,0.0,0.0,773.5,334.3,0,0.0,0,0,18-APR-2022,
OPTSTK,PAGEIND,30-Jun-2022,37000.0,PE,0.0,0.0,0.0,882.25,395.85,0,0.0,0,0,18-APR-2022,
OPTSTK,PAGEIND,30-Jun-2022,37500.0,PE,0.0,0.0,0.0,1001.25,465.55,0,0.0,0,0,18-APR-2022,
OPTSTK,PAGEIND,30-Jun-2022,38000.0,PE,0.0,0.0,0.0,1132.05,544.05,0,0.0,0,0,18-APR-2022,
OPTSTK,PAGEIND,30-Jun-2022,38500.0,PE,0.0,0.0,0.0,1272.25,631.85,0,0.0,0,0,18-APR-2022,
OPTSTK,PAGEIND,30-Jun-2022,39000.0,PE,0.0,0.0,0.0,1423.7,729.5,0,0.0,0,0,18-APR-2022,
OPTSTK,PAGEIND,30-Jun-2022,39500.0,PE,0.0,0.0,0.0,1585.25,837.55,0,0.0,0,0,18-APR-2022,
OPTSTK,PAGEIND,30-Jun-2022,40000.0,PE,0.0,0.0,0.0,1760.25,956.45,0,0.0,0,0,18-APR-2022,
OPTSTK,PAGEIND,30-Jun-2022,40500.0,PE,0.0,0.0,0.0,1947.05,1087.9,0,0.0,0,0,18-APR-2022,
OPTSTK,PAGEIND,30-Jun-2022,41000.0,PE,0.0,0.0,0.0,2145.7,1229.35,0,0.0,0,0,18-APR-2022,
OPTSTK,PAGEIND,30-Jun-2022,41500.0,PE,0.0,0.0,0.0,2356.25,1381.15,0,0.0,0,0,18-APR-2022,
OPTSTK,PAGEIND,30-Jun-2022,42000.0,PE,0.0,0.0,0.0,2578.7,1547.35,0,0.0,0,0,18-APR-2022,
OPTSTK,PAGEIND,30-Jun-2022,42500.0,PE,0.0,0.0,0.0,2813.0,1726.05,0,0.0,0,0,18-APR-2022,
OPTSTK,PAGEIND,30-Jun-2022,43000.0,PE,0.0,0.0,0.0,3058.9,1917.4,0,0.0,0,0,18-APR-2022,
OPTSTK,PAGEIND,30-Jun-2022,43500.0,PE,0.0,0.0,0.0,3316.55,2121.45,0,0.0,0,0,18-APR-2022,
OPTSTK,PAGEIND,30-Jun-2022,44000.0,PE,0.0,0.0,0.0,3585.7,2338.35,0,0.0,0,0,18-APR-2022,
OPTSTK,PAGEIND,30-Jun-2022,44500.0,PE,0.0,0.0,0.0,3866.05,2567.95,0,0.0,0,0,18-APR-2022,
OPTSTK,PAGEIND,30-Jun-2022,45000.0,PE,0.0,0.0,0.0,4157.45,2810.1,0,0.0,0,0,18-APR-2022,
OPTSTK,PAGEIND,30-Jun-2022,45500.0,PE,0.0,0.0,0.0,4459.6,3065.05,0,0.0,0,0,18-APR-2022,
OPTSTK,PAGEIND,30-Jun-2022,46000.0,PE,0.0,0.0,0.0,4772.25,3332.35,0,0.0,0,0,18-APR-2022,
OPTSTK,PAGEIND,30-Jun-2022,46500.0,PE,0.0,0.0,0.0,5095.0,3611.9,0,0.0,0,0,18-APR-2022,
OPTSTK,PAGEIND,30-Jun-2022,47000.0,PE,0.0,0.0,0.0,5427.65,3903.4,0,0.0,0,0,18-APR-2022,
OPTSTK,PAGEIND,30-Jun-2022,47500.0,PE,0.0,0.0,0.0,5769.8,4206.55,0,0.0,0,0,18-APR-2022,
OPTSTK,PAGEIND,30-Jun-2022,48000.0,PE,0.0,0.0,0.0,6121.15,4521.1,0,0.0,0,0,18-APR-2022,
OPTSTK,PAGEIND,30-Jun-2022,48500.0,PE,0.0,0.0,0.0,6481.25,4846.6,0,0.0,0,0,18-APR-2022,
OPTSTK,PAGEIND,30-Jun-2022,49000.0,PE,0.0,0.0,0.0,6851.95,5182.75,0,0.0,0,0,18-APR-2022,
OPTSTK,PAGEIND,30-Jun-2022,49500.0,PE,0.0,0.0,0.0,7229.0,5529.15,0,0.0,0,0,18-APR-2022,
OPTSTK,PAGEIND,30-Jun-2022,50000.0,PE,0.0,0.0,0.0,7613.75,5885.4,0,0.0,0,0,18-APR-2022,
OPTSTK,PAGEIND,30-Jun-2022,50500.0,PE,0.0,0.0,0.0,8005.8,6253.1,0,0.0,0,0,18-APR-2022,
OPTSTK,PAGEIND,30-Jun-2022,51000.0,PE,0.0,0.0,0.0,8402.9,6628.2,0,0.0,0,0,18-APR-2022,
OPTSTK,PAGEIND,30-Jun-2022,51500.0,PE,0.0,0.0,0.0,8808.25,7011.85,0,0.0,0,0,18-APR-2022,
OPTSTK,PAGEIND,30-Jun-2022,52000.0,PE,0.0,0.0,0.0,9219.8,7403.7,0,0.0,0,0,18-APR-2022,
OPTSTK,PAGEIND,30-Jun-2022,52500.0,PE,0.0,0.0,0.0,9637.25,7801.0,0,0.0,0,0,18-APR-2022,
OPTSTK,PAGEIND,30-Jun-2022,53000.0,PE,0.0,0.0,0.0,10060.25,8207.4,0,0.0,0,0,18-APR-2022,
OPTSTK,PAGEIND,30-Jun-2022,53500.0,PE,0.0,0.0,0.0,10488.5,8620.6,0,0.0,0,0,18-APR-2022,
OPTSTK,PAGEIND,30-Jun-2022,54000.0,PE,0.0,0.0,0.0,10921.7,9040.3,0,0.0,0,0,18-APR-2022,
OPTSTK,PEL,28-Apr-2022,1350.0,CE,0.0,0.0,0.0,972.8,878.15,0,0.0,0,0,18-APR-2022,
OPTSTK,PEL,28-Apr-2022,1400.0,CE,0.0,0.0,0.0,924.85,828.2,0,0.0,0,0,18-APR-2022,
OPTSTK,PEL,28-Apr-2022,1450.0,CE,0.0,0.0,0.0,877.5,778.25,0,0.0,0,0,18-APR-2022,
OPTSTK,PEL,28-Apr-2022,1500.0,CE,0.0,0.0,0.0,830.75,728.3,0,0.0,0,0,18-APR-2022,
OPTSTK,PEL,28-Apr-2022,1550.0,CE,0.0,0.0,0.0,784.75,678.35,0,0.0,0,0,18-APR-2022,
OPTSTK,PEL,28-Apr-2022,1600.0,CE,0.0,0.0,0.0,739.7,628.4,0,0.0,0,0,18-APR-2022,
OPTSTK,PEL,28-Apr-2022,1650.0,CE,0.0,0.0,0.0,695.65,578.5,0,0.0,0,0,18-APR-2022,
OPTSTK,PEL,28-Apr-2022,1700.0,CE,0.0,0.0,0.0,652.7,528.6,0,0.0,0,0,18-APR-2022,
OPTSTK,PEL,28-Apr-2022,1750.0,CE,0.0,0.0,0.0,611.05,478.75,0,0.0,0,0,18-APR-2022,
OPTSTK,PEL,28-Apr-2022,1800.0,CE,0.0,0.0,0.0,570.75,429.1,0,0.0,0,0,18-APR-2022,
OPTSTK,PEL,28-Apr-2022,1850.0,CE,0.0,0.0,0.0,531.85,379.8,0,0.0,0,0,18-APR-2022,
OPTSTK,PEL,28-Apr-2022,1900.0,CE,0.0,0.0,0.0,494.6,331.25,0,0.0,0,0,18-APR-2022,
OPTSTK,PEL,28-Apr-2022,1950.0,CE,0.0,0.0,0.0,458.8,284.0,0,0.0,0,0,18-APR-2022,
OPTSTK,PEL,28-Apr-2022,2000.0,CE,0.0,0.0,0.0,361.0,238.65,0,0.0,1925,0,18-APR-2022,
OPTSTK,PEL,28-Apr-2022,2050.0,CE,0.0,0.0,0.0,392.2,196.15,0,0.0,0,0,18-APR-2022,
OPTSTK,PEL,28-Apr-2022,2100.0,CE,134.0,134.0,134.0,134.0,157.3,1,6.14,6875,-275,18-APR-2022,
OPTSTK,PEL,28-Apr-2022,2150.0,CE,130.95,130.95,100.0,118.5,118.5,13,81.08,4125,2200,18-APR-2022,
OPTSTK,PEL,28-Apr-2022,2200.0,CE,94.95,102.15,61.3,80.75,80.75,309,1932.05,66825,-9625,18-APR-2022,
OPTSTK,PEL,28-Apr-2022,2250.0,CE,69.4,72.2,40.3,54.2,54.2,792,5025.48,39325,-550,18-APR-2022,
OPTSTK,PEL,28-Apr-2022,2300.0,CE,50.6,50.95,27.45,35.0,35.0,900,5786.85,133925,4125,18-APR-2022,
OPTSTK,PEL,28-Apr-2022,2350.0,CE,30.55,33.5,18.95,23.7,23.7,678,4429.95,86075,-10450,18-APR-2022,
OPTSTK,PEL,28-Apr-2022,2400.0,CE,31.1,31.1,13.75,17.15,17.15,1279,8504.22,319000,6325,18-APR-2022,
OPTSTK,PEL,28-Apr-2022,2450.0,CE,15.0,15.15,9.55,12.75,12.75,524,3548.45,36575,15950,18-APR-2022,
OPTSTK,PEL,28-Apr-2022,2500.0,CE,10.05,10.3,6.5,9.4,9.4,681,4697.66,155650,12100,18-APR-2022,
OPTSTK,PEL,28-Apr-2022,2550.0,CE,6.0,8.2,4.6,7.35,7.35,292,2052.57,31900,5500,18-APR-2022,
OPTSTK,PEL,28-Apr-2022,2600.0,CE,3.95,6.8,3.35,6.2,6.2,326,2334.87,71775,-18150,18-APR-2022,
OPTSTK,PEL,28-Apr-2022,2650.0,CE,0.0,0.0,0.0,5.85,2.0,0,0.0,1925,0,18-APR-2022,
OPTSTK,PEL,28-Apr-2022,2700.0,CE,2.2,4.5,1.55,4.3,4.3,277,2058.67,27500,-13475,18-APR-2022,
OPTSTK,PEL,28-Apr-2022,2750.0,CE,0.0,0.0,0.0,7.1,0.65,0,0.0,825,0,18-APR-2022,
OPTSTK,PEL,28-Apr-2022,2800.0,CE,2.5,2.95,1.1,2.8,2.8,54,416.03,15675,-6050,18-APR-2022,
OPTSTK,PEL,28-Apr-2022,2850.0,CE,0.0,0.0,0.0,86.25,0.2,0,0.0,0,0,18-APR-2022,
OPTSTK,PEL,28-Apr-2022,2900.0,CE,1.05,1.65,1.05,1.65,0.1,6,47.87,10450,-1100,18-APR-2022,
OPTSTK,PEL,28-Apr-2022,2950.0,CE,0.0,0.0,0.0,69.5,0.05,0,0.0,0,0,18-APR-2022,
OPTSTK,PEL,28-Apr-2022,3000.0,CE,0.0,0.0,0.0,2.0,0.05,0,0.0,3300,0,18-APR-2022,
OPTSTK,PEL,28-Apr-2022,3050.0,CE,0.0,0.0,0.0,55.8,0.05,0,0.0,0,0,18-APR-2022,
OPTSTK,PEL,28-Apr-2022,3100.0,CE,0.0,0.0,0.0,49.95,0.0,0,0.0,0,0,18-APR-2022,
OPTSTK,PEL,28-Apr-2022,3150.0,CE,0.0,0.0,0.0,44.65,0.0,0,0.0,0,0,18-APR-2022,
OPTSTK,PEL,28-Apr-2022,3200.0,CE,0.0,0.0,0.0,39.9,0.0,0,0.0,0,0,18-APR-2022,
OPTSTK,PEL,28-Apr-2022,3250.0,CE,0.0,0.0,0.0,35.6,0.0,0,0.0,0,0,18-APR-2022,
OPTSTK,PEL,28-Apr-2022,3300.0,CE,0.0,0.0,0.0,31.75,0.0,0,0.0,0,0,18-APR-2022,
OPTSTK,PEL,28-Apr-2022,3350.0,CE,0.0,0.0,0.0,28.3,0.0,0,0.0,0,0,18-APR-2022,
OPTSTK,PEL,28-Apr-2022,3400.0,CE,0.0,0.0,0.0,25.2,0.0,0,0.0,0,0,18-APR-2022,
OPTSTK,PEL,28-Apr-2022,1350.0,PE,0.0,0.0,0.0,3.3,0.0,0,0.0,0,0,18-APR-2022,
OPTSTK,PEL,28-Apr-2022,1400.0,PE,0.0,0.0,0.0,4.9,0.0,0,0.0,0,0,18-APR-2022,
OPTSTK,PEL,28-Apr-2022,1450.0,PE,0.0,0.0,0.0,6.95,0.0,0,0.0,0,0,18-APR-2022,
OPTSTK,PEL,28-Apr-2022,1500.0,PE,0.0,0.0,0.0,9.7,0.0,0,0.0,0,0,18-APR-2022,
OPTSTK,PEL,28-Apr-2022,1550.0,PE,0.0,0.0,0.0,13.25,0.0,0,0.0,0,0,18-APR-2022,
OPTSTK,PEL,28-Apr-2022,1600.0,PE,0.0,0.0,0.0,1.0,0.0,0,0.0,1100,0,18-APR-2022,
OPTSTK,PEL,28-Apr-2022,1650.0,PE,0.0,0.0,0.0,23.05,0.05,0,0.0,0,0,18-APR-2022,
OPTSTK,PEL,28-Apr-2022,1700.0,PE,0.0,0.0,0.0,29.6,0.05,0,0.0,0,0,18-APR-2022,
OPTSTK,PEL,28-Apr-2022,1750.0,PE,0.0,0.0,0.0,37.4,0.2,0,0.0,0,0,18-APR-2022,
OPTSTK,PEL,28-Apr-2022,1800.0,PE,2.0,2.0,1.8,1.95,0.45,20,99.1,3025,275,18-APR-2022,
OPTSTK,PEL,28-Apr-2022,1850.0,PE,0.0,0.0,0.0,13.7,1.15,0,0.0,275,0,18-APR-2022,
OPTSTK,PEL,28-Apr-2022,1900.0,PE,3.1,5.0,3.1,3.7,3.7,5,26.17,17050,550,18-APR-2022,
OPTSTK,PEL,28-Apr-2022,1950.0,PE,0.0,0.0,0.0,6.95,5.2,0,0.0,5500,0,18-APR-2022,
OPTSTK,PEL,28-Apr-2022,2000.0,PE,7.65,14.0,6.45,8.45,8.45,379,2094.28,46750,-7425,18-APR-2022,
OPTSTK,PEL,28-Apr-2022,2050.0,PE,19.1,19.1,10.45,13.05,13.05,32,181.64,10450,825,18-APR-2022,
OPTSTK,PEL,28-Apr-2022,2100.0,PE,16.35,30.35,15.95,19.45,19.45,414,2415.39,46475,4675,18-APR-2022,
OPTSTK,PEL,28-Apr-2022,2150.0,PE,25.55,44.45,23.1,30.05,30.05,294,1763.72,26675,6325,18-APR-2022,
OPTSTK,PEL,28-Apr-2022,2200.0,PE,50.0,66.2,35.7,45.95,45.95,696,4310.77,104500,-14850,18-APR-2022,
OPTSTK,PEL,28-Apr-2022,2250.0,PE,63.55,96.2,54.6,69.85,69.85,281,1793.14,28600,1650,18-APR-2022,
OPTSTK,PEL,28-Apr-2022,2300.0,PE,95.0,132.0,81.75,102.6,102.6,109,721.93,139425,-6325,18-APR-2022,
OPTSTK,PEL,28-Apr-2022,2350.0,PE,122.4,167.9,122.4,144.35,144.35,21,143.27,15675,-3300,18-APR-2022,
OPTSTK,PEL,28-Apr-2022,2400.0,PE,171.1,211.75,171.1,211.75,193.55,9,63.94,86900,-1100,18-APR-2022,
OPTSTK,PEL,28-Apr-2022,2450.0,PE,0.0,0.0,0.0,312.65,235.55,0,0.0,0,0,18-APR-2022,
OPTSTK,PEL,28-Apr-2022,2500.0,PE,248.35,305.6,248.35,286.55,280.05,6,45.83,21450,-550,18-APR-2022,
OPTSTK,PEL,28-Apr-2022,2550.0,PE,0.0,0.0,0.0,377.45,326.35,0,0.0,0,0,18-APR-2022,
OPTSTK,PEL,28-Apr-2022,2600.0,PE,0.0,0.0,0.0,294.3,373.95,0,0.0,1375,0,18-APR-2022,
OPTSTK,PEL,28-Apr-2022,2650.0,PE,0.0,0.0,0.0,447.5,422.45,0,0.0,0,0,18-APR-2022,
OPTSTK,PEL,28-Apr-2022,2700.0,PE,0.0,0.0,0.0,490.0,471.5,0,0.0,1375,0,18-APR-2022,
OPTSTK,PEL,28-Apr-2022,2750.0,PE,0.0,0.0,0.0,540.0,520.95,0,0.0,550,0,18-APR-2022,
OPTSTK,PEL,28-Apr-2022,2800.0,PE,0.0,0.0,0.0,579.0,570.6,0,0.0,275,0,18-APR-2022,
OPTSTK,PEL,28-Apr-2022,2850.0,PE,0.0,0.0,0.0,630.0,620.4,0,0.0,550,0,18-APR-2022,
OPTSTK,PEL,28-Apr-2022,2900.0,PE,0.0,0.0,0.0,641.8,670.25,0,0.0,0,0,18-APR-2022,
OPTSTK,PEL,28-Apr-2022,2950.0,PE,0.0,0.0,0.0,683.35,720.15,0,0.0,0,0,18-APR-2022,
OPTSTK,PEL,28-Apr-2022,3000.0,PE,0.0,0.0,0.0,725.65,770.05,0,0.0,0,0,18-APR-2022,
OPTSTK,PEL,28-Apr-2022,3050.0,PE,0.0,0.0,0.0,768.65,820.0,0,0.0,0,0,18-APR-2022,
OPTSTK,PEL,28-Apr-2022,3100.0,PE,0.0,0.0,0.0,812.25,869.95,0,0.0,0,0,18-APR-2022,
OPTSTK,PEL,28-Apr-2022,3150.0,PE,0.0,0.0,0.0,856.45,919.9,0,0.0,0,0,18-APR-2022,
OPTSTK,PEL,28-Apr-2022,3200.0,PE,0.0,0.0,0.0,901.15,969.8,0,0.0,0,0,18-APR-2022,
OPTSTK,PEL,28-Apr-2022,3250.0,PE,0.0,0.0,0.0,946.35,1019.75,0,0.0,0,0,18-APR-2022,
OPTSTK,PEL,28-Apr-2022,3300.0,PE,0.0,0.0,0.0,991.95,1069.7,0,0.0,0,0,18-APR-2022,
OPTSTK,PEL,28-Apr-2022,3350.0,PE,0.0,0.0,0.0,1038.0,1119.65,0,0.0,0,0,18-APR-2022,
OPTSTK,PEL,28-Apr-2022,3400.0,PE,0.0,0.0,0.0,1084.4,1169.6,0,0.0,0,0,18-APR-2022,
OPTSTK,PEL,26-May-2022,1350.0,CE,0.0,0.0,0.0,627.5,882.7,0,0.0,0,0,18-APR-2022,
OPTSTK,PEL,26-May-2022,1400.0,CE,0.0,0.0,0.0,583.5,833.1,0,0.0,0,0,18-APR-2022,
OPTSTK,PEL,26-May-2022,1450.0,CE,0.0,0.0,0.0,540.8,783.6,0,0.0,0,0,18-APR-2022,
OPTSTK,PEL,26-May-2022,1500.0,CE,0.0,0.0,0.0,499.65,734.3,0,0.0,0,0,18-APR-2022,
OPTSTK,PEL,26-May-2022,1550.0,CE,0.0,0.0,0.0,460.15,685.35,0,0.0,0,0,18-APR-2022,
OPTSTK,PEL,26-May-2022,1600.0,CE,0.0,0.0,0.0,422.5,636.8,0,0.0,0,0,18-APR-2022,
OPTSTK,PEL,26-May-2022,1650.0,CE,0.0,0.0,0.0,386.65,588.95,0,0.0,0,0,18-APR-2022,
OPTSTK,PEL,26-May-2022,1700.0,CE,0.0,0.0,0.0,352.75,541.95,0,0.0,0,0,18-APR-2022,
OPTSTK,PEL,26-May-2022,1750.0,CE,0.0,0.0,0.0,320.8,496.0,0,0.0,0,0,18-APR-2022,
OPTSTK,PEL,26-May-2022,1800.0,CE,0.0,0.0,0.0,290.95,451.4,0,0.0,0,0,18-APR-2022,
OPTSTK,PEL,26-May-2022,1850.0,CE,0.0,0.0,0.0,263.15,408.4,0,0.0,0,0,18-APR-2022,
OPTSTK,PEL,26-May-2022,1900.0,CE,0.0,0.0,0.0,237.35,367.25,0,0.0,0,0,18-APR-2022,
OPTSTK,PEL,26-May-2022,1950.0,CE,0.0,0.0,0.0,213.5,328.2,0,0.0,0,0,18-APR-2022,
OPTSTK,PEL,26-May-2022,2000.0,CE,0.0,0.0,0.0,191.55,291.5,0,0.0,0,0,18-APR-2022,
OPTSTK,PEL,26-May-2022,2050.0,CE,0.0,0.0,0.0,171.45,257.1,0,0.0,0,0,18-APR-2022,
OPTSTK,PEL,26-May-2022,2100.0,CE,0.0,0.0,0.0,153.1,225.4,0,0.0,0,0,18-APR-2022,
OPTSTK,PEL,26-May-2022,2150.0,CE,0.0,0.0,0.0,136.4,196.35,0,0.0,0,0,18-APR-2022,
OPTSTK,PEL,26-May-2022,2200.0,CE,0.0,0.0,0.0,121.3,169.9,0,0.0,0,0,18-APR-2022,
OPTSTK,PEL,26-May-2022,2250.0,CE,0.0,0.0,0.0,107.6,146.15,0,0.0,0,0,18-APR-2022,
OPTSTK,PEL,26-May-2022,2300.0,CE,0.0,0.0,0.0,95.4,124.9,0,0.0,0,0,18-APR-2022,
OPTSTK,PEL,26-May-2022,2350.0,CE,0.0,0.0,0.0,121.5,106.1,0,0.0,0,0,18-APR-2022,
OPTSTK,PEL,26-May-2022,2400.0,CE,52.0,56.0,52.0,56.0,89.6,15,101.22,4125,3575,18-APR-2022,
OPTSTK,PEL,26-May-2022,2450.0,CE,0.0,0.0,0.0,65.6,75.2,0,0.0,0,0,18-APR-2022,
OPTSTK,PEL,26-May-2022,2500.0,CE,0.0,0.0,0.0,57.75,62.9,0,0.0,0,0,18-APR-2022,
OPTSTK,PEL,26-May-2022,2550.0,CE,0.0,0.0,0.0,50.7,52.2,0,0.0,0,0,18-APR-2022,
OPTSTK,PEL,26-May-2022,2600.0,CE,0.0,0.0,0.0,44.5,43.15,0,0.0,0,0,18-APR-2022,
OPTSTK,PEL,26-May-2022,2650.0,CE,0.0,0.0,0.0,39.0,35.45,0,0.0,0,0,18-APR-2022,
OPTSTK,PEL,26-May-2022,2700.0,CE,0.0,0.0,0.0,34.1,29.0,0,0.0,0,0,18-APR-2022,
OPTSTK,PEL,26-May-2022,2750.0,CE,0.0,0.0,0.0,29.8,23.6,0,0.0,0,0,18-APR-2022,
OPTSTK,PEL,26-May-2022,2800.0,CE,0.0,0.0,0.0,26.05,19.15,0,0.0,0,0,18-APR-2022,
OPTSTK,PEL,26-May-2022,2850.0,CE,0.0,0.0,0.0,22.7,15.45,0,0.0,0,0,18-APR-2022,
OPTSTK,PEL,26-May-2022,2900.0,CE,0.0,0.0,0.0,19.8,12.4,0,0.0,0,0,18-APR-2022,
OPTSTK,PEL,26-May-2022,2950.0,CE,0.0,0.0,0.0,17.25,9.95,0,0.0,0,0,18-APR-2022,
OPTSTK,PEL,26-May-2022,3000.0,CE,0.0,0.0,0.0,15.0,7.9,0,0.0,0,0,18-APR-2022,
OPTSTK,PEL,26-May-2022,3050.0,CE,0.0,0.0,0.0,13.0,6.3,0,0.0,0,0,18-APR-2022,
OPTSTK,PEL,26-May-2022,1350.0,PE,0.0,0.0,0.0,14.65,0.15,0,0.0,0,0,18-APR-2022,
OPTSTK,PEL,26-May-2022,1400.0,PE,0.0,0.0,0.0,20.1,0.3,0,0.0,0,0,18-APR-2022,
OPTSTK,PEL,26-May-2022,1450.0,PE,0.0,0.0,0.0,26.9,0.6,0,0.0,0,0,18-APR-2022,
OPTSTK,PEL,26-May-2022,1500.0,PE,0.0,0.0,0.0,35.2,1.1,0,0.0,0,0,18-APR-2022,
OPTSTK,PEL,26-May-2022,1550.0,PE,0.0,0.0,0.0,45.2,1.9,0,0.0,0,0,18-APR-2022,
OPTSTK,PEL,26-May-2022,1600.0,PE,0.0,0.0,0.0,57.0,3.15,0,0.0,0,0,18-APR-2022,
OPTSTK,PEL,26-May-2022,1650.0,PE,0.0,0.0,0.0,70.6,5.05,0,0.0,0,0,18-APR-2022,
OPTSTK,PEL,26-May-2022,1700.0,PE,0.0,0.0,0.0,86.2,7.8,0,0.0,0,0,18-APR-2022,
OPTSTK,PEL,26-May-2022,1750.0,PE,0.0,0.0,0.0,103.7,11.65,0,0.0,0,0,18-APR-2022,
OPTSTK,PEL,26-May-2022,1800.0,PE,0.0,0.0,0.0,123.35,16.85,0,0.0,0,0,18-APR-2022,
OPTSTK,PEL,26-May-2022,1850.0,PE,0.0,0.0,0.0,145.0,23.65,0,0.0,0,0,18-APR-2022,
OPTSTK,PEL,26-May-2022,1900.0,PE,0.0,0.0,0.0,168.7,32.3,0,0.0,0,0,18-APR-2022,
OPTSTK,PEL,26-May-2022,1950.0,PE,0.0,0.0,0.0,194.35,43.0,0,0.0,0,0,18-APR-2022,
OPTSTK,PEL,26-May-2022,2000.0,PE,0.0,0.0,0.0,30.0,56.1,0,0.0,275,0,18-APR-2022,
OPTSTK,PEL,26-May-2022,2050.0,PE,0.0,0.0,0.0,251.25,71.45,0,0.0,0,0,18-APR-2022,
OPTSTK,PEL,26-May-2022,2100.0,PE,0.0,0.0,0.0,282.4,89.55,0,0.0,0,0,18-APR-2022,
OPTSTK,PEL,26-May-2022,2150.0,PE,0.0,0.0,0.0,315.15,110.25,0,0.0,0,0,18-APR-2022,
OPTSTK,PEL,26-May-2022,2200.0,PE,0.0,0.0,0.0,100.0,133.6,0,0.0,1100,0,18-APR-2022,
OPTSTK,PEL,26-May-2022,2250.0,PE,0.0,0.0,0.0,385.3,159.6,0,0.0,0,0,18-APR-2022,
OPTSTK,PEL,26-May-2022,2300.0,PE,0.0,0.0,0.0,422.6,188.15,0,0.0,0,0,18-APR-2022,
OPTSTK,PEL,26-May-2022,2350.0,PE,0.0,0.0,0.0,461.05,219.1,0,0.0,0,0,18-APR-2022,
OPTSTK,PEL,26-May-2022,2400.0,PE,0.0,0.0,0.0,500.65,252.4,0,0.0,0,0,18-APR-2022,
OPTSTK,PEL,26-May-2022,2450.0,PE,0.0,0.0,0.0,541.2,287.8,0,0.0,0,0,18-APR-2022,
OPTSTK,PEL,26-May-2022,2500.0,PE,0.0,0.0,0.0,582.8,325.3,0,0.0,0,0,18-APR-2022,
OPTSTK,PEL,26-May-2022,2550.0,PE,0.0,0.0,0.0,625.3,364.35,0,0.0,0,0,18-APR-2022,
OPTSTK,PEL,26-May-2022,2600.0,PE,0.0,0.0,0.0,668.55,405.05,0,0.0,0,0,18-APR-2022,
OPTSTK,PEL,26-May-2022,2650.0,PE,0.0,0.0,0.0,712.5,447.15,0,0.0,0,0,18-APR-2022,
OPTSTK,PEL,26-May-2022,2700.0,PE,0.0,0.0,0.0,757.1,490.5,0,0.0,0,0,18-APR-2022,
OPTSTK,PEL,26-May-2022,2750.0,PE,0.0,0.0,0.0,802.3,534.85,0,0.0,0,0,18-APR-2022,
OPTSTK,PEL,26-May-2022,2800.0,PE,0.0,0.0,0.0,848.0,580.15,0,0.0,0,0,18-APR-2022,
OPTSTK,PEL,26-May-2022,2850.0,PE,0.0,0.0,0.0,894.15,626.25,0,0.0,0,0,18-APR-2022,
OPTSTK,PEL,26-May-2022,2900.0,PE,0.0,0.0,0.0,940.7,673.0,0,0.0,0,0,18-APR-2022,
OPTSTK,PEL,26-May-2022,2950.0,PE,0.0,0.0,0.0,987.6,720.3,0,0.0,0,0,18-APR-2022,
OPTSTK,PEL,26-May-2022,3000.0,PE,0.0,0.0,0.0,1034.85,768.05,0,0.0,0,0,18-APR-2022,
OPTSTK,PEL,26-May-2022,3050.0,PE,0.0,0.0,0.0,1082.35,816.2,0,0.0,0,0,18-APR-2022,
OPTSTK,PEL,30-Jun-2022,1350.0,CE,0.0,0.0,0.0,857.25,890.45,0,0.0,0,0,18-APR-2022,
OPTSTK,PEL,30-Jun-2022,1400.0,CE,0.0,0.0,0.0,810.4,842.15,0,0.0,0,0,18-APR-2022,
OPTSTK,PEL,30-Jun-2022,1450.0,CE,0.0,0.0,0.0,764.3,794.4,0,0.0,0,0,18-APR-2022,
OPTSTK,PEL,30-Jun-2022,1500.0,CE,0.0,0.0,0.0,719.1,747.3,0,0.0,0,0,18-APR-2022,
OPTSTK,PEL,30-Jun-2022,1550.0,CE,0.0,0.0,0.0,675.0,701.0,0,0.0,0,0,18-APR-2022,
OPTSTK,PEL,30-Jun-2022,1600.0,CE,0.0,0.0,0.0,632.05,655.65,0,0.0,0,0,18-APR-2022,
OPTSTK,PEL,30-Jun-2022,1650.0,CE,0.0,0.0,0.0,590.35,611.45,0,0.0,0,0,18-APR-2022,
OPTSTK,PEL,30-Jun-2022,1700.0,CE,0.0,0.0,0.0,550.1,568.45,0,0.0,0,0,18-APR-2022,
OPTSTK,PEL,30-Jun-2022,1750.0,CE,0.0,0.0,0.0,511.35,526.9,0,0.0,0,0,18-APR-2022,
OPTSTK,PEL,30-Jun-2022,1800.0,CE,0.0,0.0,0.0,474.3,486.85,0,0.0,0,0,18-APR-2022,
OPTSTK,PEL,30-Jun-2022,1850.0,CE,0.0,0.0,0.0,438.75,448.5,0,0.0,0,0,18-APR-2022,
OPTSTK,PEL,30-Jun-2022,1900.0,CE,0.0,0.0,0.0,404.95,411.9,0,0.0,0,0,18-APR-2022,
OPTSTK,PEL,30-Jun-2022,1950.0,CE,0.0,0.0,0.0,372.85,377.1,0,0.0,0,0,18-APR-2022,
OPTSTK,PEL,30-Jun-2022,2000.0,CE,0.0,0.0,0.0,342.65,344.1,0,0.0,0,0,18-APR-2022,
OPTSTK,PEL,30-Jun-2022,2050.0,CE,0.0,0.0,0.0,314.2,313.2,0,0.0,0,0,18-APR-2022,
OPTSTK,PEL,30-Jun-2022,2100.0,CE,0.0,0.0,0.0,287.5,284.2,0,0.0,0,0,18-APR-2022,
OPTSTK,PEL,30-Jun-2022,2150.0,CE,0.0,0.0,0.0,262.55,257.2,0,0.0,0,0,18-APR-2022,
OPTSTK,PEL,30-Jun-2022,2200.0,CE,0.0,0.0,0.0,239.3,232.1,0,0.0,0,0,18-APR-2022,
OPTSTK,PEL,30-Jun-2022,2250.0,CE,0.0,0.0,0.0,217.7,208.9,0,0.0,0,0,18-APR-2022,
OPTSTK,PEL,30-Jun-2022,2300.0,CE,0.0,0.0,0.0,197.7,187.5,0,0.0,0,0,18-APR-2022,
OPTSTK,PEL,30-Jun-2022,2350.0,CE,0.0,0.0,0.0,179.2,167.9,0,0.0,0,0,18-APR-2022,
OPTSTK,PEL,30-Jun-2022,2400.0,CE,0.0,0.0,0.0,162.2,150.0,0,0.0,0,0,18-APR-2022,
OPTSTK,PEL,30-Jun-2022,2450.0,CE,0.0,0.0,0.0,146.55,133.65,0,0.0,0,0,18-APR-2022,
OPTSTK,PEL,30-Jun-2022,2500.0,CE,0.0,0.0,0.0,132.2,118.85,0,0.0,0,0,18-APR-2022,
OPTSTK,PEL,30-Jun-2022,2550.0,CE,0.0,0.0,0.0,119.2,105.45,0,0.0,0,0,18-APR-2022,
OPTSTK,PEL,30-Jun-2022,2600.0,CE,0.0,0.0,0.0,107.3,93.45,0,0.0,0,0,18-APR-2022,
OPTSTK,PEL,30-Jun-2022,2650.0,CE,0.0,0.0,0.0,96.45,82.65,0,0.0,0,0,18-APR-2022,
OPTSTK,PEL,30-Jun-2022,2700.0,CE,0.0,0.0,0.0,86.6,72.95,0,0.0,0,0,18-APR-2022,
OPTSTK,PEL,30-Jun-2022,2750.0,CE,0.0,0.0,0.0,77.55,64.15,0,0.0,0,0,18-APR-2022,
OPTSTK,PEL,30-Jun-2022,2800.0,CE,0.0,0.0,0.0,69.45,56.4,0,0.0,0,0,18-APR-2022,
OPTSTK,PEL,30-Jun-2022,2850.0,CE,0.0,0.0,0.0,62.1,49.45,0,0.0,0,0,18-APR-2022,
OPTSTK,PEL,30-Jun-2022,2900.0,CE,0.0,0.0,0.0,55.5,43.35,0,0.0,0,0,18-APR-2022,
OPTSTK,PEL,30-Jun-2022,2950.0,CE,0.0,0.0,0.0,49.55,37.9,0,0.0,0,0,18-APR-2022,
OPTSTK,PEL,30-Jun-2022,3000.0,CE,0.0,0.0,0.0,44.15,33.1,0,0.0,0,0,18-APR-2022,
OPTSTK,PEL,30-Jun-2022,3050.0,CE,0.0,0.0,0.0,39.35,28.9,0,0.0,0,0,18-APR-2022,
OPTSTK,PEL,30-Jun-2022,1350.0,PE,0.0,0.0,0.0,6.15,2.4,0,0.0,0,0,18-APR-2022,
OPTSTK,PEL,30-Jun-2022,1400.0,PE,0.0,0.0,0.0,8.75,3.7,0,0.0,0,0,18-APR-2022,
OPTSTK,PEL,30-Jun-2022,1450.0,PE,0.0,0.0,0.0,12.15,5.55,0,0.0,0,0,18-APR-2022,
OPTSTK,PEL,30-Jun-2022,1500.0,PE,0.0,0.0,0.0,16.45,8.0,0,0.0,0,0,18-APR-2022,
OPTSTK,PEL,30-Jun-2022,1550.0,PE,0.0,0.0,0.0,21.8,11.3,0,0.0,0,0,18-APR-2022,
OPTSTK,PEL,30-Jun-2022,1600.0,PE,0.0,0.0,0.0,28.3,15.55,0,0.0,0,0,18-APR-2022,
OPTSTK,PEL,30-Jun-2022,1650.0,PE,0.0,0.0,0.0,36.1,20.85,0,0.0,0,0,18-APR-2022,
OPTSTK,PEL,30-Jun-2022,1700.0,PE,0.0,0.0,0.0,45.35,27.45,0,0.0,0,0,18-APR-2022,
OPTSTK,PEL,30-Jun-2022,1750.0,PE,0.0,0.0,0.0,56.05,35.5,0,0.0,0,0,18-APR-2022,
OPTSTK,PEL,30-Jun-2022,1800.0,PE,0.0,0.0,0.0,68.45,45.0,0,0.0,0,0,18-APR-2022,
OPTSTK,PEL,30-Jun-2022,1850.0,PE,0.0,0.0,0.0,82.4,56.2,0,0.0,0,0,18-APR-2022,
OPTSTK,PEL,30-Jun-2022,1900.0,PE,0.0,0.0,0.0,98.1,69.25,0,0.0,0,0,18-APR-2022,
OPTSTK,PEL,30-Jun-2022,1950.0,PE,0.0,0.0,0.0,115.45,84.0,0,0.0,0,0,18-APR-2022,
OPTSTK,PEL,30-Jun-2022,2000.0,PE,0.0,0.0,0.0,134.7,100.6,0,0.0,0,0,18-APR-2022,
OPTSTK,PEL,30-Jun-2022,2050.0,PE,0.0,0.0,0.0,155.75,119.25,0,0.0,0,0,18-APR-2022,
OPTSTK,PEL,30-Jun-2022,2100.0,PE,0.0,0.0,0.0,178.55,139.85,0,0.0,0,0,18-APR-2022,
OPTSTK,PEL,30-Jun-2022,2150.0,PE,0.0,0.0,0.0,203.05,162.4,0,0.0,0,0,18-APR-2022,
OPTSTK,PEL,30-Jun-2022,2200.0,PE,0.0,0.0,0.0,229.3,186.9,0,0.0,0,0,18-APR-2022,
OPTSTK,PEL,30-Jun-2022,2250.0,PE,0.0,0.0,0.0,257.15,213.25,0,0.0,0,0,18-APR-2022,
OPTSTK,PEL,30-Jun-2022,2300.0,PE,0.0,0.0,0.0,286.6,241.45,0,0.0,0,0,18-APR-2022,
OPTSTK,PEL,30-Jun-2022,2350.0,PE,0.0,0.0,0.0,317.6,271.4,0,0.0,0,0,18-APR-2022,
OPTSTK,PEL,30-Jun-2022,2400.0,PE,0.0,0.0,0.0,350.05,303.05,0,0.0,0,0,18-APR-2022,
OPTSTK,PEL,30-Jun-2022,2450.0,PE,0.0,0.0,0.0,383.9,336.3,0,0.0,0,0,18-APR-2022,
OPTSTK,PEL,30-Jun-2022,2500.0,PE,0.0,0.0,0.0,419.05,371.05,0,0.0,0,0,18-APR-2022,
OPTSTK,PEL,30-Jun-2022,2550.0,PE,0.0,0.0,0.0,455.5,407.25,0,0.0,0,0,18-APR-2022,
OPTSTK,PEL,30-Jun-2022,2600.0,PE,0.0,0.0,0.0,493.05,444.85,0,0.0,0,0,18-APR-2022,
OPTSTK,PEL,30-Jun-2022,2650.0,PE,0.0,0.0,0.0,531.65,483.6,0,0.0,0,0,18-APR-2022,
OPTSTK,PEL,30-Jun-2022,2700.0,PE,0.0,0.0,0.0,571.3,523.5,0,0.0,0,0,18-APR-2022,
OPTSTK,PEL,30-Jun-2022,2750.0,PE,0.0,0.0,0.0,611.75,564.25,0,0.0,0,0,18-APR-2022,
OPTSTK,PEL,30-Jun-2022,2800.0,PE,0.0,0.0,0.0,653.1,606.1,0,0.0,0,0,18-APR-2022,
OPTSTK,PEL,30-Jun-2022,2850.0,PE,0.0,0.0,0.0,695.25,648.75,0,0.0,0,0,18-APR-2022,
OPTSTK,PEL,30-Jun-2022,2900.0,PE,0.0,0.0,0.0,738.1,692.2,0,0.0,0,0,18-APR-2022,
OPTSTK,PEL,30-Jun-2022,2950.0,PE,0.0,0.0,0.0,781.6,736.35,0,0.0,0,0,18-APR-2022,
OPTSTK,PEL,30-Jun-2022,3000.0,PE,0.0,0.0,0.0,825.7,781.1,0,0.0,0,0,18-APR-2022,
OPTSTK,PEL,30-Jun-2022,3050.0,PE,0.0,0.0,0.0,870.4,826.45,0,0.0,0,0,18-APR-2022,
OPTSTK,PERSISTENT,28-Apr-2022,2900.0,CE,0.0,0.0,0.0,1215.2,1318.75,0,0.0,0,0,18-APR-2022,
OPTSTK,PERSISTENT,28-Apr-2022,3000.0,CE,0.0,0.0,0.0,1124.35,1218.85,0,0.0,0,0,18-APR-2022,
OPTSTK,PERSISTENT,28-Apr-2022,3100.0,CE,0.0,0.0,0.0,1036.0,1118.95,0,0.0,0,0,18-APR-2022,
OPTSTK,PERSISTENT,28-Apr-2022,3200.0,CE,0.0,0.0,0.0,950.55,1019.1,0,0.0,0,0,18-APR-2022,
OPTSTK,PERSISTENT,28-Apr-2022,3300.0,CE,0.0,0.0,0.0,868.4,919.25,0,0.0,0,0,18-APR-2022,
OPTSTK,PERSISTENT,28-Apr-2022,3400.0,CE,0.0,0.0,0.0,789.95,819.45,0,0.0,0,0,18-APR-2022,
OPTSTK,PERSISTENT,28-Apr-2022,3500.0,CE,0.0,0.0,0.0,715.5,720.05,0,0.0,0,0,18-APR-2022,
OPTSTK,PERSISTENT,28-Apr-2022,3600.0,CE,0.0,0.0,0.0,645.15,621.4,0,0.0,0,0,18-APR-2022,
OPTSTK,PERSISTENT,28-Apr-2022,3700.0,CE,0.0,0.0,0.0,579.05,524.6,0,0.0,0,0,18-APR-2022,
OPTSTK,PERSISTENT,28-Apr-2022,3800.0,CE,0.0,0.0,0.0,517.7,431.15,0,0.0,0,0,18-APR-2022,
OPTSTK,PERSISTENT,28-Apr-2022,3900.0,CE,0.0,0.0,0.0,460.9,343.3,0,0.0,0,0,18-APR-2022,
OPTSTK,PERSISTENT,28-Apr-2022,4000.0,CE,0.0,0.0,0.0,490.0,263.6,0,0.0,450,0,18-APR-2022,
OPTSTK,PERSISTENT,28-Apr-2022,4100.0,CE,0.0,0.0,0.0,233.8,194.3,0,0.0,150,0,18-APR-2022,
OPTSTK,PERSISTENT,28-Apr-2022,4200.0,CE,208.5,208.5,171.0,171.35,171.35,6,39.39,1050,600,18-APR-2022,
OPTSTK,PERSISTENT,28-Apr-2022,4300.0,CE,138.05,175.0,114.5,119.75,119.75,80,532.4,4350,3900,18-APR-2022,
OPTSTK,PERSISTENT,28-Apr-2022,4400.0,CE,109.95,124.4,77.95,81.55,81.55,197,1329.14,11850,750,18-APR-2022,
OPTSTK,PERSISTENT,28-Apr-2022,4500.0,CE,59.2,98.75,50.0,55.3,55.3,215,1471.45,21000,0,18-APR-2022,
OPTSTK,PERSISTENT,28-Apr-2022,4600.0,CE,38.25,56.1,35.0,38.2,38.2,151,1052.04,17400,1200,18-APR-2022,
OPTSTK,PERSISTENT,28-Apr-2022,4700.0,CE,20.1,37.7,18.55,26.4,26.4,213,1511.39,40350,-1800,18-APR-2022,
OPTSTK,PERSISTENT,28-Apr-2022,4800.0,CE,37.45,37.45,15.0,17.8,17.8,79,571.16,30150,-1500,18-APR-2022,
OPTSTK,PERSISTENT,28-Apr-2022,4900.0,CE,11.05,17.0,11.05,14.5,14.5,41,302.2,21750,-1050,18-APR-2022,
OPTSTK,PERSISTENT,28-Apr-2022,5000.0,CE,10.0,11.8,8.05,11.45,11.45,80,601.2,33300,-1650,18-APR-2022,
OPTSTK,PERSISTENT,28-Apr-2022,5100.0,CE,3.3,7.0,3.3,7.0,0.7,4,30.63,6000,0,18-APR-2022,
OPTSTK,PERSISTENT,28-Apr-2022,5200.0,CE,6.6,6.9,5.9,6.0,0.3,8,62.47,5400,-150,18-APR-2022,
OPTSTK,PERSISTENT,28-Apr-2022,5300.0,CE,0.0,0.0,0.0,10.4,0.15,0,0.0,4500,0,18-APR-2022,
OPTSTK,PERSISTENT,28-Apr-2022,5400.0,CE,2.0,3.5,1.25,1.35,1.35,5,40.51,1800,-150,18-APR-2022,
OPTSTK,PERSISTENT,28-Apr-2022,5500.0,CE,3.75,3.75,2.05,2.1,2.1,4,33.01,6600,-300,18-APR-2022,
OPTSTK,PERSISTENT,28-Apr-2022,5600.0,CE,0.0,0.0,0.0,5.1,0.05,0,0.0,750,0,18-APR-2022,
OPTSTK,PERSISTENT,28-Apr-2022,5700.0,CE,0.0,0.0,0.0,31.95,0.0,0,0.0,0,0,18-APR-2022,
OPTSTK,PERSISTENT,28-Apr-2022,5800.0,CE,0.0,0.0,0.0,26.9,0.0,0,0.0,0,0,18-APR-2022,
OPTSTK,PERSISTENT,28-Apr-2022,2900.0,PE,0.0,0.0,0.0,18.2,0.0,0,0.0,0,0,18-APR-2022,
OPTSTK,PERSISTENT,28-Apr-2022,3000.0,PE,0.0,0.0,0.0,26.3,0.0,0,0.0,0,0,18-APR-2022,
OPTSTK,PERSISTENT,28-Apr-2022,3100.0,PE,0.0,0.0,0.0,36.9,0.0,0,0.0,0,0,18-APR-2022,
OPTSTK,PERSISTENT,28-Apr-2022,3200.0,PE,0.0,0.0,0.0,50.45,0.05,0,0.0,0,0,18-APR-2022,
OPTSTK,PERSISTENT,28-Apr-2022,3300.0,PE,0.0,0.0,0.0,67.25,0.05,0,0.0,0,0,18-APR-2022,
OPTSTK,PERSISTENT,28-Apr-2022,3400.0,PE,0.0,0.0,0.0,87.7,0.2,0,0.0,0,0,18-APR-2022,
OPTSTK,PERSISTENT,28-Apr-2022,3500.0,PE,0.0,0.0,0.0,112.25,0.65,0,0.0,0,0,18-APR-2022,
OPTSTK,PERSISTENT,28-Apr-2022,3600.0,PE,0.0,0.0,0.0,140.85,1.9,0,0.0,0,0,18-APR-2022,
OPTSTK,PERSISTENT,28-Apr-2022,3700.0,PE,0.0,0.0,0.0,4.7,4.95,0,0.0,150,0,18-APR-2022,
OPTSTK,PERSISTENT,28-Apr-2022,3800.0,PE,18.0,25.2,15.6,25.2,11.4,6,34.37,2100,600,18-APR-2022,
OPTSTK,PERSISTENT,28-Apr-2022,3900.0,PE,0.0,0.0,0.0,253.5,23.5,0,0.0,0,0,18-APR-2022,
OPTSTK,PERSISTENT,28-Apr-2022,4000.0,PE,62.0,86.55,40.0,66.2,66.2,70,426.05,8400,150,18-APR-2022,
OPTSTK,PERSISTENT,28-Apr-2022,4100.0,PE,0.0,0.0,0.0,63.35,74.2,0,0.0,300,0,18-APR-2022,
OPTSTK,PERSISTENT,28-Apr-2022,4200.0,PE,100.0,140.05,89.05,133.5,133.5,31,200.9,3900,750,18-APR-2022,
OPTSTK,PERSISTENT,28-Apr-2022,4300.0,PE,160.0,190.05,130.45,178.65,171.95,41,274.57,6750,1350,18-APR-2022,
OPTSTK,PERSISTENT,28-Apr-2022,4400.0,PE,202.55,261.85,192.0,249.75,249.75,25,173.85,10650,-300,18-APR-2022,
OPTSTK,PERSISTENT,28-Apr-2022,4500.0,PE,259.6,289.6,257.05,278.05,315.7,8,57.26,16050,0,18-APR-2022,
OPTSTK,PERSISTENT,28-Apr-2022,4600.0,PE,400.0,400.0,400.0,400.0,400.45,1,7.5,3600,-150,18-APR-2022,
OPTSTK,PERSISTENT,28-Apr-2022,4700.0,PE,435.65,435.7,397.85,418.3,490.95,5,38.37,2850,0,18-APR-2022,
OPTSTK,PERSISTENT,28-Apr-2022,4800.0,PE,547.05,600.0,536.35,600.0,600.0,7,56.33,4050,-450,18-APR-2022,
OPTSTK,PERSISTENT,28-Apr-2022,4900.0,PE,0.0,0.0,0.0,580.2,682.15,0,0.0,900,0,18-APR-2022,
OPTSTK,PERSISTENT,28-Apr-2022,5000.0,PE,0.0,0.0,0.0,244.0,780.45,0,0.0,450,0,18-APR-2022,
OPTSTK,PERSISTENT,28-Apr-2022,5100.0,PE,0.0,0.0,0.0,1066.2,879.5,0,0.0,0,0,18-APR-2022,
OPTSTK,PERSISTENT,28-Apr-2022,5200.0,PE,0.0,0.0,0.0,1152.45,979.0,0,0.0,0,0,18-APR-2022,
OPTSTK,PERSISTENT,28-Apr-2022,5300.0,PE,0.0,0.0,0.0,1240.45,1078.75,0,0.0,0,0,18-APR-2022,
OPTSTK,PERSISTENT,28-Apr-2022,5400.0,PE,0.0,0.0,0.0,1329.95,1178.55,0,0.0,0,0,18-APR-2022,
OPTSTK,PERSISTENT,28-Apr-2022,5500.0,PE,0.0,0.0,0.0,1420.75,1278.4,0,0.0,0,0,18-APR-2022,
OPTSTK,PERSISTENT,28-Apr-2022,5600.0,PE,0.0,0.0,0.0,1512.75,1378.3,0,0.0,0,0,18-APR-2022,
OPTSTK,PERSISTENT,28-Apr-2022,5700.0,PE,0.0,0.0,0.0,1605.75,1478.15,0,0.0,0,0,18-APR-2022,
OPTSTK,PERSISTENT,28-Apr-2022,5800.0,PE,0.0,0.0,0.0,1699.65,1578.05,0,0.0,0,0,18-APR-2022,
OPTSTK,PERSISTENT,26-May-2022,2900.0,CE,0.0,0.0,0.0,948.95,1329.1,0,0.0,0,0,18-APR-2022,
OPTSTK,PERSISTENT,26-May-2022,3000.0,CE,0.0,0.0,0.0,865.55,1230.4,0,0.0,0,0,18-APR-2022,
OPTSTK,PERSISTENT,26-May-2022,3100.0,CE,0.0,0.0,0.0,785.8,1132.45,0,0.0,0,0,18-APR-2022,
OPTSTK,PERSISTENT,26-May-2022,3200.0,CE,0.0,0.0,0.0,710.25,1035.55,0,0.0,0,0,18-APR-2022,
OPTSTK,PERSISTENT,26-May-2022,3300.0,CE,0.0,0.0,0.0,638.8,940.25,0,0.0,0,0,18-APR-2022,
OPTSTK,PERSISTENT,26-May-2022,3400.0,CE,0.0,0.0,0.0,571.8,847.2,0,0.0,0,0,18-APR-2022,
OPTSTK,PERSISTENT,26-May-2022,3500.0,CE,0.0,0.0,0.0,509.75,757.05,0,0.0,0,0,18-APR-2022,
OPTSTK,PERSISTENT,26-May-2022,3600.0,CE,0.0,0.0,0.0,452.4,670.5,0,0.0,0,0,18-APR-2022,
OPTSTK,PERSISTENT,26-May-2022,3700.0,CE,0.0,0.0,0.0,399.75,588.4,0,0.0,0,0,18-APR-2022,
OPTSTK,PERSISTENT,26-May-2022,3800.0,CE,0.0,0.0,0.0,351.8,511.55,0,0.0,0,0,18-APR-2022,
OPTSTK,PERSISTENT,26-May-2022,3900.0,CE,0.0,0.0,0.0,308.3,440.0,0,0.0,0,0,18-APR-2022,
OPTSTK,PERSISTENT,26-May-2022,4000.0,CE,0.0,0.0,0.0,269.2,374.8,0,0.0,0,0,18-APR-2022,
OPTSTK,PERSISTENT,26-May-2022,4100.0,CE,0.0,0.0,0.0,234.15,316.05,0,0.0,0,0,18-APR-2022,
OPTSTK,PERSISTENT,26-May-2022,4200.0,CE,0.0,0.0,0.0,202.9,263.75,0,0.0,0,0,18-APR-2022,
OPTSTK,PERSISTENT,26-May-2022,4300.0,CE,0.0,0.0,0.0,175.25,217.9,0,0.0,0,0,18-APR-2022,
OPTSTK,PERSISTENT,26-May-2022,4400.0,CE,0.0,0.0,0.0,151.1,178.2,0,0.0,0,0,18-APR-2022,
OPTSTK,PERSISTENT,26-May-2022,4500.0,CE,0.0,0.0,0.0,129.75,144.3,0,0.0,0,0,18-APR-2022,
OPTSTK,PERSISTENT,26-May-2022,4600.0,CE,0.0,0.0,0.0,110.95,115.7,0,0.0,0,0,18-APR-2022,
OPTSTK,PERSISTENT,26-May-2022,4700.0,CE,0.0,0.0,0.0,94.7,92.15,0,0.0,0,0,18-APR-2022,
OPTSTK,PERSISTENT,26-May-2022,4800.0,CE,0.0,0.0,0.0,100.0,72.45,0,0.0,750,0,18-APR-2022,
OPTSTK,PERSISTENT,26-May-2022,4900.0,CE,0.0,0.0,0.0,68.45,56.55,0,0.0,0,0,18-APR-2022,
OPTSTK,PERSISTENT,26-May-2022,5000.0,CE,0.0,0.0,0.0,57.95,43.75,0,0.0,0,0,18-APR-2022,
OPTSTK,PERSISTENT,26-May-2022,5100.0,CE,0.0,0.0,0.0,48.95,33.55,0,0.0,0,0,18-APR-2022,
OPTSTK,PERSISTENT,26-May-2022,5200.0,CE,0.0,0.0,0.0,41.3,25.55,0,0.0,0,0,18-APR-2022,
OPTSTK,PERSISTENT,26-May-2022,5300.0,CE,0.0,0.0,0.0,34.75,19.3,0,0.0,0,0,18-APR-2022,
OPTSTK,PERSISTENT,26-May-2022,5400.0,CE,0.0,0.0,0.0,29.15,14.45,0,0.0,0,0,18-APR-2022,
OPTSTK,PERSISTENT,26-May-2022,5500.0,CE,0.0,0.0,0.0,24.45,10.75,0,0.0,0,0,18-APR-2022,
OPTSTK,PERSISTENT,26-May-2022,5600.0,CE,0.0,0.0,0.0,20.45,7.95,0,0.0,0,0,18-APR-2022,
OPTSTK,PERSISTENT,26-May-2022,5700.0,CE,0.0,0.0,0.0,21.55,5.85,0,0.0,0,0,18-APR-2022,
OPTSTK,PERSISTENT,26-May-2022,5800.0,CE,0.0,0.0,0.0,29.2,4.25,0,0.0,0,0,18-APR-2022,
OPTSTK,PERSISTENT,26-May-2022,2900.0,PE,0.0,0.0,0.0,42.5,0.85,0,0.0,0,0,18-APR-2022,
OPTSTK,PERSISTENT,26-May-2022,3000.0,PE,0.0,0.0,0.0,58.05,1.7,0,0.0,0,0,18-APR-2022,
OPTSTK,PERSISTENT,26-May-2022,3100.0,PE,0.0,0.0,0.0,77.25,3.3,0,0.0,0,0,18-APR-2022,
OPTSTK,PERSISTENT,26-May-2022,3200.0,PE,0.0,0.0,0.0,100.65,5.95,0,0.0,0,0,18-APR-2022,
OPTSTK,PERSISTENT,26-May-2022,3300.0,PE,0.0,0.0,0.0,128.2,10.25,0,0.0,0,0,18-APR-2022,
OPTSTK,PERSISTENT,26-May-2022,3400.0,PE,0.0,0.0,0.0,160.15,16.7,0,0.0,0,0,18-APR-2022,
OPTSTK,PERSISTENT,26-May-2022,3500.0,PE,0.0,0.0,0.0,197.0,26.1,0,0.0,0,0,18-APR-2022,
OPTSTK,PERSISTENT,26-May-2022,3600.0,PE,0.0,0.0,0.0,238.6,39.2,0,0.0,0,0,18-APR-2022,
OPTSTK,PERSISTENT,26-May-2022,3700.0,PE,0.0,0.0,0.0,284.95,56.65,0,0.0,0,0,18-APR-2022,
OPTSTK,PERSISTENT,26-May-2022,3800.0,PE,0.0,0.0,0.0,335.9,79.35,0,0.0,0,0,18-APR-2022,
OPTSTK,PERSISTENT,26-May-2022,3900.0,PE,0.0,0.0,0.0,391.4,107.3,0,0.0,0,0,18-APR-2022,
OPTSTK,PERSISTENT,26-May-2022,4000.0,PE,140.0,140.0,140.0,140.0,141.7,1,6.21,300,150,18-APR-2022,
OPTSTK,PERSISTENT,26-May-2022,4100.0,PE,0.0,0.0,0.0,515.1,182.5,0,0.0,0,0,18-APR-2022,
OPTSTK,PERSISTENT,26-May-2022,4200.0,PE,185.0,185.0,185.0,185.0,229.75,1,6.57,450,150,18-APR-2022,
OPTSTK,PERSISTENT,26-May-2022,4300.0,PE,0.0,0.0,0.0,150.0,283.45,0,0.0,150,0,18-APR-2022,
OPTSTK,PERSISTENT,26-May-2022,4400.0,PE,0.0,0.0,0.0,728.95,343.3,0,0.0,0,0,18-APR-2022,
OPTSTK,PERSISTENT,26-May-2022,4500.0,PE,0.0,0.0,0.0,806.55,408.95,0,0.0,0,0,18-APR-2022,
OPTSTK,PERSISTENT,26-May-2022,4600.0,PE,0.0,0.0,0.0,886.7,479.95,0,0.0,0,0,18-APR-2022,
OPTSTK,PERSISTENT,26-May-2022,4700.0,PE,0.0,0.0,0.0,969.4,555.95,0,0.0,0,0,18-APR-2022,
OPTSTK,PERSISTENT,26-May-2022,4800.0,PE,0.0,0.0,0.0,1054.25,635.8,0,0.0,0,0,18-APR-2022,
OPTSTK,PERSISTENT,26-May-2022,4900.0,PE,0.0,0.0,0.0,1141.05,719.45,0,0.0,0,0,18-APR-2022,
OPTSTK,PERSISTENT,26-May-2022,5000.0,PE,0.0,0.0,0.0,1229.5,806.2,0,0.0,0,0,18-APR-2022,
OPTSTK,PERSISTENT,26-May-2022,5100.0,PE,0.0,0.0,0.0,1319.5,895.6,0,0.0,0,0,18-APR-2022,
OPTSTK,PERSISTENT,26-May-2022,5200.0,PE,0.0,0.0,0.0,1410.75,987.1,0,0.0,0,0,18-APR-2022,
OPTSTK,PERSISTENT,26-May-2022,5300.0,PE,0.0,0.0,0.0,1503.15,1080.45,0,0.0,0,0,18-APR-2022,
OPTSTK,PERSISTENT,26-May-2022,5400.0,PE,0.0,0.0,0.0,1596.55,1175.15,0,0.0,0,0,18-APR-2022,
OPTSTK,PERSISTENT,26-May-2022,5500.0,PE,0.0,0.0,0.0,1690.8,1271.0,0,0.0,0,0,18-APR-2022,
OPTSTK,PERSISTENT,26-May-2022,5600.0,PE,0.0,0.0,0.0,1785.75,1367.8,0,0.0,0,0,18-APR-2022,
OPTSTK,PERSISTENT,26-May-2022,5700.0,PE,0.0,0.0,0.0,1790.2,1465.25,0,0.0,0,0,18-APR-2022,
OPTSTK,PERSISTENT,26-May-2022,5800.0,PE,0.0,0.0,0.0,1680.4,1563.2,0,0.0,0,0,18-APR-2022,
OPTSTK,PERSISTENT,30-Jun-2022,3000.0,CE,0.0,0.0,0.0,1802.85,1253.8,0,0.0,0,0,18-APR-2022,
OPTSTK,PERSISTENT,30-Jun-2022,3100.0,CE,0.0,0.0,0.0,1706.85,1161.0,0,0.0,0,0,18-APR-2022,
OPTSTK,PERSISTENT,30-Jun-2022,3200.0,CE,0.0,0.0,0.0,1611.9,1070.4,0,0.0,0,0,18-APR-2022,
OPTSTK,PERSISTENT,30-Jun-2022,3300.0,CE,0.0,0.0,0.0,1518.3,982.45,0,0.0,0,0,18-APR-2022,
OPTSTK,PERSISTENT,30-Jun-2022,3400.0,CE,0.0,0.0,0.0,1426.35,897.5,0,0.0,0,0,18-APR-2022,
OPTSTK,PERSISTENT,30-Jun-2022,3500.0,CE,0.0,0.0,0.0,1336.2,816.1,0,0.0,0,0,18-APR-2022,
OPTSTK,PERSISTENT,30-Jun-2022,3600.0,CE,0.0,0.0,0.0,1248.3,738.5,0,0.0,0,0,18-APR-2022,
OPTSTK,PERSISTENT,30-Jun-2022,3700.0,CE,0.0,0.0,0.0,1162.8,665.15,0,0.0,0,0,18-APR-2022,
OPTSTK,PERSISTENT,30-Jun-2022,3800.0,CE,0.0,0.0,0.0,1080.0,595.9,0,0.0,0,0,18-APR-2022,
OPTSTK,PERSISTENT,30-Jun-2022,3900.0,CE,0.0,0.0,0.0,1000.15,531.5,0,0.0,0,0,18-APR-2022,
OPTSTK,PERSISTENT,30-Jun-2022,4000.0,CE,0.0,0.0,0.0,923.5,471.8,0,0.0,0,0,18-APR-2022,
OPTSTK,PERSISTENT,30-Jun-2022,4100.0,CE,0.0,0.0,0.0,850.35,416.85,0,0.0,0,0,18-APR-2022,
OPTSTK,PERSISTENT,30-Jun-2022,4200.0,CE,0.0,0.0,0.0,780.55,366.65,0,0.0,0,0,18-APR-2022,
OPTSTK,PERSISTENT,30-Jun-2022,4300.0,CE,0.0,0.0,0.0,714.25,321.0,0,0.0,0,0,18-APR-2022,
OPTSTK,PERSISTENT,30-Jun-2022,4400.0,CE,0.0,0.0,0.0,651.95,279.85,0,0.0,0,0,18-APR-2022,
OPTSTK,PERSISTENT,30-Jun-2022,4500.0,CE,0.0,0.0,0.0,593.35,242.9,0,0.0,0,0,18-APR-2022,
OPTSTK,PERSISTENT,30-Jun-2022,4600.0,CE,0.0,0.0,0.0,538.6,210.0,0,0.0,0,0,18-APR-2022,
OPTSTK,PERSISTENT,30-Jun-2022,4700.0,CE,0.0,0.0,0.0,487.55,180.8,0,0.0,0,0,18-APR-2022,
OPTSTK,PERSISTENT,30-Jun-2022,4800.0,CE,0.0,0.0,0.0,440.2,155.3,0,0.0,0,0,18-APR-2022,
OPTSTK,PERSISTENT,30-Jun-2022,4900.0,CE,0.0,0.0,0.0,396.4,132.85,0,0.0,0,0,18-APR-2022,
OPTSTK,PERSISTENT,30-Jun-2022,5000.0,CE,0.0,0.0,0.0,356.1,113.05,0,0.0,0,0,18-APR-2022,
OPTSTK,PERSISTENT,30-Jun-2022,5100.0,CE,0.0,0.0,0.0,319.1,95.95,0,0.0,0,0,18-APR-2022,
OPTSTK,PERSISTENT,30-Jun-2022,5200.0,CE,0.0,0.0,0.0,285.3,81.2,0,0.0,0,0,18-APR-2022,
OPTSTK,PERSISTENT,30-Jun-2022,5300.0,CE,0.0,0.0,0.0,254.5,68.5,0,0.0,0,0,18-APR-2022,
OPTSTK,PERSISTENT,30-Jun-2022,5400.0,CE,0.0,0.0,0.0,226.5,57.6,0,0.0,0,0,18-APR-2022,
OPTSTK,PERSISTENT,30-Jun-2022,5500.0,CE,0.0,0.0,0.0,201.45,48.3,0,0.0,0,0,18-APR-2022,
OPTSTK,PERSISTENT,30-Jun-2022,5600.0,CE,0.0,0.0,0.0,178.65,40.4,0,0.0,0,0,18-APR-2022,
OPTSTK,PERSISTENT,30-Jun-2022,5700.0,CE,0.0,0.0,0.0,158.15,33.7,0,0.0,0,0,18-APR-2022,
OPTSTK,PERSISTENT,30-Jun-2022,5800.0,CE,0.0,0.0,0.0,139.55,28.05,0,0.0,0,0,18-APR-2022,
OPTSTK,PERSISTENT,30-Jun-2022,3000.0,PE,0.0,0.0,0.0,6.0,13.0,0,0.0,0,0,18-APR-2022,
OPTSTK,PERSISTENT,30-Jun-2022,3100.0,PE,0.0,0.0,0.0,8.95,19.3,0,0.0,0,0,18-APR-2022,
OPTSTK,PERSISTENT,30-Jun-2022,3200.0,PE,0.0,0.0,0.0,12.95,27.85,0,0.0,0,0,18-APR-2022,
OPTSTK,PERSISTENT,30-Jun-2022,3300.0,PE,0.0,0.0,0.0,18.3,39.05,0,0.0,0,0,18-APR-2022,
OPTSTK,PERSISTENT,30-Jun-2022,3400.0,PE,0.0,0.0,0.0,25.3,53.3,0,0.0,0,0,18-APR-2022,
OPTSTK,PERSISTENT,30-Jun-2022,3500.0,PE,0.0,0.0,0.0,34.1,71.0,0,0.0,0,0,18-APR-2022,
OPTSTK,PERSISTENT,30-Jun-2022,3600.0,PE,0.0,0.0,0.0,45.1,92.55,0,0.0,0,0,18-APR-2022,
OPTSTK,PERSISTENT,30-Jun-2022,3700.0,PE,0.0,0.0,0.0,58.55,118.35,0,0.0,0,0,18-APR-2022,
OPTSTK,PERSISTENT,30-Jun-2022,3800.0,PE,0.0,0.0,0.0,74.75,148.25,0,0.0,0,0,18-APR-2022,
OPTSTK,PERSISTENT,30-Jun-2022,3900.0,PE,0.0,0.0,0.0,93.85,183.05,0,0.0,0,0,18-APR-2022,
OPTSTK,PERSISTENT,30-Jun-2022,4000.0,PE,0.0,0.0,0.0,116.15,222.5,0,0.0,0,0,18-APR-2022,
OPTSTK,PERSISTENT,30-Jun-2022,4100.0,PE,0.0,0.0,0.0,141.95,266.7,0,0.0,0,0,18-APR-2022,
OPTSTK,PERSISTENT,30-Jun-2022,4200.0,PE,0.0,0.0,0.0,171.1,315.65,0,0.0,0,0,18-APR-2022,
OPTSTK,PERSISTENT,30-Jun-2022,4300.0,PE,0.0,0.0,0.0,203.75,369.15,0,0.0,0,0,18-APR-2022,
OPTSTK,PERSISTENT,30-Jun-2022,4400.0,PE,0.0,0.0,0.0,240.35,427.15,0,0.0,0,0,18-APR-2022,
OPTSTK,PERSISTENT,30-Jun-2022,4500.0,PE,0.0,0.0,0.0,280.75,489.35,0,0.0,0,0,18-APR-2022,
OPTSTK,PERSISTENT,30-Jun-2022,4600.0,PE,0.0,0.0,0.0,324.9,555.6,0,0.0,0,0,18-APR-2022,
OPTSTK,PERSISTENT,30-Jun-2022,4700.0,PE,0.0,0.0,0.0,372.8,625.6,0,0.0,0,0,18-APR-2022,
OPTSTK,PERSISTENT,30-Jun-2022,4800.0,PE,0.0,0.0,0.0,424.4,699.25,0,0.0,0,0,18-APR-2022,
OPTSTK,PERSISTENT,30-Jun-2022,4900.0,PE,0.0,0.0,0.0,479.6,775.9,0,0.0,0,0,18-APR-2022,
OPTSTK,PERSISTENT,30-Jun-2022,5000.0,PE,0.0,0.0,0.0,538.2,855.25,0,0.0,0,0,18-APR-2022,
OPTSTK,PERSISTENT,30-Jun-2022,5100.0,PE,0.0,0.0,0.0,600.2,937.35,0,0.0,0,0,18-APR-2022,
OPTSTK,PERSISTENT,30-Jun-2022,5200.0,PE,0.0,0.0,0.0,665.3,1021.75,0,0.0,0,0,18-APR-2022,
OPTSTK,PERSISTENT,30-Jun-2022,5300.0,PE,0.0,0.0,0.0,733.45,1108.2,0,0.0,0,0,18-APR-2022,
OPTSTK,PERSISTENT,30-Jun-2022,5400.0,PE,0.0,0.0,0.0,804.45,1196.45,0,0.0,0,0,18-APR-2022,
OPTSTK,PERSISTENT,30-Jun-2022,5500.0,PE,0.0,0.0,0.0,878.3,1286.3,0,0.0,0,0,18-APR-2022,
OPTSTK,PERSISTENT,30-Jun-2022,5600.0,PE,0.0,0.0,0.0,954.45,1377.55,0,0.0,0,0,18-APR-2022,
OPTSTK,PERSISTENT,30-Jun-2022,5700.0,PE,0.0,0.0,0.0,1032.9,1470.0,0,0.0,0,0,18-APR-2022,
OPTSTK,PERSISTENT,30-Jun-2022,5800.0,PE,0.0,0.0,0.0,1113.25,1563.5,0,0.0,0,0,18-APR-2022,
OPTSTK,PETRONET,28-Apr-2022,145.0,CE,0.0,0.0,0.0,68.55,59.2,0,0.0,0,0,18-APR-2022,
OPTSTK,PETRONET,28-Apr-2022,147.5,CE,0.0,0.0,0.0,66.1,56.7,0,0.0,0,0,18-APR-2022,
OPTSTK,PETRONET,28-Apr-2022,150.0,CE,0.0,0.0,0.0,63.65,54.2,0,0.0,0,0,18-APR-2022,
OPTSTK,PETRONET,28-Apr-2022,152.5,CE,0.0,0.0,0.0,61.2,51.7,0,0.0,0,0,18-APR-2022,
OPTSTK,PETRONET,28-Apr-2022,155.0,CE,0.0,0.0,0.0,58.8,49.2,0,0.0,0,0,18-APR-2022,
OPTSTK,PETRONET,28-Apr-2022,157.5,CE,0.0,0.0,0.0,56.35,46.7,0,0.0,0,0,18-APR-2022,
OPTSTK,PETRONET,28-Apr-2022,160.0,CE,0.0,0.0,0.0,53.95,44.2,0,0.0,0,0,18-APR-2022,
OPTSTK,PETRONET,28-Apr-2022,162.5,CE,0.0,0.0,0.0,51.6,41.7,0,0.0,0,0,18-APR-2022,
OPTSTK,PETRONET,28-Apr-2022,165.0,CE,0.0,0.0,0.0,49.2,39.2,0,0.0,0,0,18-APR-2022,
OPTSTK,PETRONET,28-Apr-2022,167.5,CE,0.0,0.0,0.0,46.85,36.7,0,0.0,0,0,18-APR-2022,
OPTSTK,PETRONET,28-Apr-2022,170.0,CE,0.0,0.0,0.0,27.3,34.2,0,0.0,3000,0,18-APR-2022,
OPTSTK,PETRONET,28-Apr-2022,172.5,CE,0.0,0.0,0.0,42.3,31.7,0,0.0,0,0,18-APR-2022,
OPTSTK,PETRONET,28-Apr-2022,175.0,CE,0.0,0.0,0.0,40.05,29.2,0,0.0,0,0,18-APR-2022,
OPTSTK,PETRONET,28-Apr-2022,177.5,CE,0.0,0.0,0.0,37.85,26.75,0,0.0,0,0,18-APR-2022,
OPTSTK,PETRONET,28-Apr-2022,180.0,CE,0.0,0.0,0.0,16.25,24.25,0,0.0,3000,0,18-APR-2022,
OPTSTK,PETRONET,28-Apr-2022,182.5,CE,0.0,0.0,0.0,33.6,21.8,0,0.0,0,0,18-APR-2022,
OPTSTK,PETRONET,28-Apr-2022,185.0,CE,0.0,0.0,0.0,31.55,19.35,0,0.0,0,0,18-APR-2022,
OPTSTK,PETRONET,28-Apr-2022,187.5,CE,0.0,0.0,0.0,29.55,17.0,0,0.0,0,0,18-APR-2022,
OPTSTK,PETRONET,28-Apr-2022,190.0,CE,15.95,16.0,14.9,14.9,14.7,3,18.5,72000,-6000,18-APR-2022,
OPTSTK,PETRONET,28-Apr-2022,192.5,CE,0.0,0.0,0.0,25.8,12.5,0,0.0,0,0,18-APR-2022,
OPTSTK,PETRONET,28-Apr-2022,195.0,CE,9.95,11.0,9.95,10.6,10.4,6,36.97,138000,0,18-APR-2022,
OPTSTK,PETRONET,28-Apr-2022,197.5,CE,8.35,8.35,8.35,8.35,8.5,5,30.87,36000,-12000,18-APR-2022,
OPTSTK,PETRONET,28-Apr-2022,200.0,CE,6.2,7.45,5.7,6.75,6.75,137,849.12,852000,-96000,18-APR-2022,
OPTSTK,PETRONET,28-Apr-2022,202.5,CE,4.6,6.0,4.6,5.2,5.35,4,24.93,108000,-3000,18-APR-2022,
OPTSTK,PETRONET,28-Apr-2022,205.0,CE,3.3,4.4,3.0,3.8,3.8,201,1259.11,603000,93000,18-APR-2022,
OPTSTK,PETRONET,28-Apr-2022,207.5,CE,2.65,3.4,2.2,3.35,3.0,35,220.86,87000,21000,18-APR-2022,
OPTSTK,PETRONET,28-Apr-2022,210.0,CE,1.95,2.35,1.55,1.8,1.8,386,2454.04,1308000,-27000,18-APR-2022,
OPTSTK,PETRONET,28-Apr-2022,212.5,CE,0.0,0.0,0.0,2.25,1.55,0,0.0,33000,0,18-APR-2022,
OPTSTK,PETRONET,28-Apr-2022,215.0,CE,0.85,1.25,0.8,1.0,1.0,78,505.49,372000,63000,18-APR-2022,
OPTSTK,PETRONET,28-Apr-2022,217.5,CE,0.0,0.0,0.0,11.3,0.7,0,0.0,0,0,18-APR-2022,
OPTSTK,PETRONET,28-Apr-2022,220.0,CE,0.6,0.85,0.6,0.7,0.7,123,814.46,2064000,-48000,18-APR-2022,
OPTSTK,PETRONET,28-Apr-2022,222.5,CE,0.0,0.0,0.0,9.3,0.3,0,0.0,0,0,18-APR-2022,
OPTSTK,PETRONET,28-Apr-2022,225.0,CE,0.5,0.6,0.3,0.4,0.4,15,101.46,123000,6000,18-APR-2022,
OPTSTK,PETRONET,28-Apr-2022,227.5,CE,0.0,0.0,0.0,7.6,0.1,0,0.0,0,0,18-APR-2022,
OPTSTK,PETRONET,28-Apr-2022,230.0,CE,0.25,0.35,0.25,0.25,0.1,16,110.53,771000,3000,18-APR-2022,
OPTSTK,PETRONET,28-Apr-2022,232.5,CE,0.0,0.0,0.0,6.15,0.05,0,0.0,0,0,18-APR-2022,
OPTSTK,PETRONET,28-Apr-2022,235.0,CE,0.0,0.0,0.0,0.3,0.05,0,0.0,6000,0,18-APR-2022,
OPTSTK,PETRONET,28-Apr-2022,237.5,CE,0.0,0.0,0.0,4.95,0.05,0,0.0,0,0,18-APR-2022,
OPTSTK,PETRONET,28-Apr-2022,240.0,CE,0.15,0.15,0.15,0.15,0.15,2,14.4,180000,0,18-APR-2022,
OPTSTK,PETRONET,28-Apr-2022,242.5,CE,0.0,0.0,0.0,3.95,0.0,0,0.0,0,0,18-APR-2022,
OPTSTK,PETRONET,28-Apr-2022,245.0,CE,0.0,0.0,0.0,0.5,0.0,0,0.0,6000,0,18-APR-2022,
OPTSTK,PETRONET,28-Apr-2022,247.5,CE,0.0,0.0,0.0,3.1,0.0,0,0.0,0,0,18-APR-2022,
OPTSTK,PETRONET,28-Apr-2022,250.0,CE,0.0,0.0,0.0,0.3,0.0,0,0.0,3000,0,18-APR-2022,
OPTSTK,PETRONET,28-Apr-2022,252.5,CE,0.0,0.0,0.0,2.45,0.0,0,0.0,0,0,18-APR-2022,
OPTSTK,PETRONET,28-Apr-2022,255.0,CE,0.0,0.0,0.0,2.15,0.0,0,0.0,0,0,18-APR-2022,
OPTSTK,PETRONET,28-Apr-2022,257.5,CE,0.0,0.0,0.0,1.9,0.0,0,0.0,0,0,18-APR-2022,
OPTSTK,PETRONET,28-Apr-2022,260.0,CE,0.0,0.0,0.0,1.65,0.0,0,0.0,0,0,18-APR-2022,
OPTSTK,PETRONET,28-Apr-2022,262.5,CE,0.0,0.0,0.0,1.45,0.0,0,0.0,0,0,18-APR-2022,
OPTSTK,PETRONET,28-Apr-2022,265.0,CE,0.0,0.0,0.0,1.3,0.0,0,0.0,0,0,18-APR-2022,
OPTSTK,PETRONET,28-Apr-2022,267.5,CE,0.0,0.0,0.0,1.15,0.0,0,0.0,0,0,18-APR-2022,
OPTSTK,PETRONET,28-Apr-2022,270.0,CE,0.0,0.0,0.0,1.0,0.0,0,0.0,0,0,18-APR-2022,
OPTSTK,PETRONET,28-Apr-2022,272.5,CE,0.0,0.0,0.0,0.85,0.0,0,0.0,0,0,18-APR-2022,
OPTSTK,PETRONET,28-Apr-2022,275.0,CE,0.0,0.0,0.0,0.75,0.0,0,0.0,0,0,18-APR-2022,
OPTSTK,PETRONET,28-Apr-2022,277.5,CE,0.0,0.0,0.0,0.65,0.0,0,0.0,0,0,18-APR-2022,
OPTSTK,PETRONET,28-Apr-2022,280.0,CE,0.0,0.0,0.0,0.55,0.0,0,0.0,0,0,18-APR-2022,
OPTSTK,PETRONET,28-Apr-2022,282.5,CE,0.0,0.0,0.0,0.5,0.0,0,0.0,0,0,18-APR-2022,
OPTSTK,PETRONET,28-Apr-2022,285.0,CE,0.0,0.0,0.0,0.45,0.0,0,0.0,0,0,18-APR-2022,
OPTSTK,PETRONET,28-Apr-2022,287.5,CE,0.0,0.0,0.0,0.4,0.0,0,0.0,0,0,18-APR-2022,
OPTSTK,PETRONET,28-Apr-2022,290.0,CE,0.0,0.0,0.0,0.35,0.0,0,0.0,0,0,18-APR-2022,
OPTSTK,PETRONET,28-Apr-2022,292.5,CE,0.0,0.0,0.0,0.3,0.0,0,0.0,0,0,18-APR-2022,
OPTSTK,PETRONET,28-Apr-2022,295.0,CE,0.0,0.0,0.0,0.25,0.0,0,0.0,0,0,18-APR-2022,
OPTSTK,PETRONET,28-Apr-2022,297.5,CE,0.0,0.0,0.0,0.2,0.0,0,0.0,0,0,18-APR-2022,
OPTSTK,PETRONET,28-Apr-2022,300.0,CE,0.0,0.0,0.0,0.2,0.0,0,0.0,0,0,18-APR-2022,
OPTSTK,PETRONET,28-Apr-2022,302.5,CE,0.0,0.0,0.0,0.15,0.0,0,0.0,0,0,18-APR-2022,
OPTSTK,PETRONET,28-Apr-2022,145.0,PE,0.0,0.0,0.0,0.05,0.0,0,0.0,0,0,18-APR-2022,
OPTSTK,PETRONET,28-Apr-2022,147.5,PE,0.0,0.0,0.0,0.1,0.0,0,0.0,0,0,18-APR-2022,
OPTSTK,PETRONET,28-Apr-2022,150.0,PE,0.0,0.0,0.0,0.05,0.0,0,0.0,6000,0,18-APR-2022,
OPTSTK,PETRONET,28-Apr-2022,152.5,PE,0.0,0.0,0.0,0.15,0.0,0,0.0,0,0,18-APR-2022,
OPTSTK,PETRONET,28-Apr-2022,155.0,PE,0.0,0.0,0.0,0.15,0.0,0,0.0,0,0,18-APR-2022,
OPTSTK,PETRONET,28-Apr-2022,157.5,PE,0.0,0.0,0.0,0.25,0.0,0,0.0,0,0,18-APR-2022,
OPTSTK,PETRONET,28-Apr-2022,160.0,PE,0.0,0.0,0.0,0.05,0.0,0,0.0,9000,0,18-APR-2022,
OPTSTK,PETRONET,28-Apr-2022,162.5,PE,0.0,0.0,0.0,0.4,0.0,0,0.0,0,0,18-APR-2022,
OPTSTK,PETRONET,28-Apr-2022,165.0,PE,0.0,0.0,0.0,0.7,0.0,0,0.0,0,0,18-APR-2022,
OPTSTK,PETRONET,28-Apr-2022,167.5,PE,0.0,0.0,0.0,0.65,0.0,0,0.0,0,0,18-APR-2022,
OPTSTK,PETRONET,28-Apr-2022,170.0,PE,0.2,0.25,0.15,0.15,0.15,9,45.94,303000,-6000,18-APR-2022,
OPTSTK,PETRONET,28-Apr-2022,172.5,PE,0.0,0.0,0.0,1.0,0.0,0,0.0,0,0,18-APR-2022,
OPTSTK,PETRONET,28-Apr-2022,175.0,PE,0.0,0.0,0.0,1.2,0.05,0,0.0,0,0,18-APR-2022,
OPTSTK,PETRONET,28-Apr-2022,177.5,PE,0.0,0.0,0.0,1.5,0.05,0,0.0,0,0,18-APR-2022,
OPTSTK,PETRONET,28-Apr-2022,180.0,PE,0.25,0.25,0.2,0.25,0.05,15,81.1,357000,-24000,18-APR-2022,
OPTSTK,PETRONET,28-Apr-2022,182.5,PE,0.0,0.0,0.0,3.2,0.1,0,0.0,3000,0,18-APR-2022,
OPTSTK,PETRONET,28-Apr-2022,185.0,PE,0.35,0.35,0.25,0.25,0.15,3,16.67,204000,-6000,18-APR-2022,
OPTSTK,PETRONET,28-Apr-2022,187.5,PE,0.0,0.0,0.0,1.25,0.3,0,0.0,9000,0,18-APR-2022,
OPTSTK,PETRONET,28-Apr-2022,190.0,PE,0.7,0.75,0.55,0.6,0.6,31,177.26,480000,-27000,18-APR-2022,
OPTSTK,PETRONET,28-Apr-2022,192.5,PE,0.0,0.0,0.0,2.0,0.75,0,0.0,3000,0,18-APR-2022,
OPTSTK,PETRONET,28-Apr-2022,195.0,PE,1.2,1.3,0.85,0.9,0.9,28,164.65,234000,-27000,18-APR-2022,
OPTSTK,PETRONET,28-Apr-2022,197.5,PE,1.8,1.8,1.5,1.5,1.8,2,11.94,3000,-3000,18-APR-2022,
OPTSTK,PETRONET,28-Apr-2022,200.0,PE,2.55,3.0,1.65,1.85,1.85,79,479.02,627000,-69000,18-APR-2022,
OPTSTK,PETRONET,28-Apr-2022,202.5,PE,0.0,0.0,0.0,3.3,3.6,0,0.0,12000,0,18-APR-2022,
OPTSTK,PETRONET,28-Apr-2022,205.0,PE,5.35,5.35,3.5,3.95,4.85,5,31.36,63000,15000,18-APR-2022,
OPTSTK,PETRONET,28-Apr-2022,207.5,PE,0.0,0.0,0.0,9.5,6.3,0,0.0,0,0,18-APR-2022,
OPTSTK,PETRONET,28-Apr-2022,210.0,PE,7.0,7.0,7.0,7.0,7.0,1,6.51,294000,-3000,18-APR-2022,
OPTSTK,PETRONET,28-Apr-2022,212.5,PE,0.0,0.0,0.0,11.85,9.8,0,0.0,0,0,18-APR-2022,
OPTSTK,PETRONET,28-Apr-2022,215.0,PE,0.0,0.0,0.0,13.15,11.8,0,0.0,0,0,18-APR-2022,
OPTSTK,PETRONET,28-Apr-2022,217.5,PE,0.0,0.0,0.0,14.5,13.95,0,0.0,0,0,18-APR-2022,
OPTSTK,PETRONET,28-Apr-2022,220.0,PE,16.0,16.0,16.0,16.0,16.2,1,7.08,144000,-3000,18-APR-2022,
OPTSTK,PETRONET,28-Apr-2022,222.5,PE,0.0,0.0,0.0,17.5,18.55,0,0.0,0,0,18-APR-2022,
OPTSTK,PETRONET,28-Apr-2022,225.0,PE,0.0,0.0,0.0,19.05,20.95,0,0.0,0,0,18-APR-2022,
OPTSTK,PETRONET,28-Apr-2022,227.5,PE,0.0,0.0,0.0,20.75,23.35,0,0.0,0,0,18-APR-2022,
OPTSTK,PETRONET,28-Apr-2022,230.0,PE,0.0,0.0,0.0,33.9,25.8,0,0.0,69000,0,18-APR-2022,
OPTSTK,PETRONET,28-Apr-2022,232.5,PE,0.0,0.0,0.0,24.25,28.3,0,0.0,0,0,18-APR-2022,
OPTSTK,PETRONET,28-Apr-2022,235.0,PE,0.0,0.0,0.0,26.1,30.75,0,0.0,0,0,18-APR-2022,
OPTSTK,PETRONET,28-Apr-2022,237.5,PE,0.0,0.0,0.0,28.0,33.25,0,0.0,0,0,18-APR-2022,
OPTSTK,PETRONET,28-Apr-2022,240.0,PE,0.0,0.0,0.0,46.1,35.75,0,0.0,9000,0,18-APR-2022,
OPTSTK,PETRONET,28-Apr-2022,242.5,PE,0.0,0.0,0.0,31.9,38.25,0,0.0,0,0,18-APR-2022,
OPTSTK,PETRONET,28-Apr-2022,245.0,PE,0.0,0.0,0.0,49.95,40.75,0,0.0,12000,0,18-APR-2022,
OPTSTK,PETRONET,28-Apr-2022,247.5,PE,0.0,0.0,0.0,36.05,43.25,0,0.0,0,0,18-APR-2022,
OPTSTK,PETRONET,28-Apr-2022,250.0,PE,0.0,0.0,0.0,38.15,45.75,0,0.0,0,0,18-APR-2022,
OPTSTK,PETRONET,28-Apr-2022,252.5,PE,0.0,0.0,0.0,40.3,48.25,0,0.0,0,0,18-APR-2022,
OPTSTK,PETRONET,28-Apr-2022,255.0,PE,0.0,0.0,0.0,42.5,50.75,0,0.0,0,0,18-APR-2022,
OPTSTK,PETRONET,28-Apr-2022,257.5,PE,0.0,0.0,0.0,44.7,53.25,0,0.0,0,0,18-APR-2022,
OPTSTK,PETRONET,28-Apr-2022,260.0,PE,0.0,0.0,0.0,46.95,55.75,0,0.0,0,0,18-APR-2022,
OPTSTK,PETRONET,28-Apr-2022,262.5,PE,0.0,0.0,0.0,49.25,58.2,0,0.0,0,0,18-APR-2022,
OPTSTK,PETRONET,28-Apr-2022,265.0,PE,0.0,0.0,0.0,51.55,60.7,0,0.0,0,0,18-APR-2022,
OPTSTK,PETRONET,28-Apr-2022,267.5,PE,0.0,0.0,0.0,53.85,63.2,0,0.0,0,0,18-APR-2022,
OPTSTK,PETRONET,28-Apr-2022,270.0,PE,0.0,0.0,0.0,56.15,65.7,0,0.0,0,0,18-APR-2022,
OPTSTK,PETRONET,28-Apr-2022,272.5,PE,0.0,0.0,0.0,58.5,68.2,0,0.0,0,0,18-APR-2022,
OPTSTK,PETRONET,28-Apr-2022,275.0,PE,0.0,0.0,0.0,60.9,70.7,0,0.0,0,0,18-APR-2022,
OPTSTK,PETRONET,28-Apr-2022,277.5,PE,0.0,0.0,0.0,63.25,73.2,0,0.0,0,0,18-APR-2022,
OPTSTK,PETRONET,28-Apr-2022,280.0,PE,0.0,0.0,0.0,65.65,75.7,0,0.0,0,0,18-APR-2022,
OPTSTK,PETRONET,28-Apr-2022,282.5,PE,0.0,0.0,0.0,68.05,78.2,0,0.0,0,0,18-APR-2022,
OPTSTK,PETRONET,28-Apr-2022,285.0,PE,0.0,0.0,0.0,70.45,80.7,0,0.0,0,0,18-APR-2022,
OPTSTK,PETRONET,28-Apr-2022,287.5,PE,0.0,0.0,0.0,72.9,83.2,0,0.0,0,0,18-APR-2022,
OPTSTK,PETRONET,28-Apr-2022,290.0,PE,0.0,0.0,0.0,75.3,85.7,0,0.0,0,0,18-APR-2022,
OPTSTK,PETRONET,28-Apr-2022,292.5,PE,0.0,0.0,0.0,77.75,88.2,0,0.0,0,0,18-APR-2022,
OPTSTK,PETRONET,28-Apr-2022,295.0,PE,0.0,0.0,0.0,80.15,90.7,0,0.0,0,0,18-APR-2022,
OPTSTK,PETRONET,28-Apr-2022,297.5,PE,0.0,0.0,0.0,82.6,93.2,0,0.0,0,0,18-APR-2022,
OPTSTK,PETRONET,28-Apr-2022,300.0,PE,0.0,0.0,0.0,85.05,95.7,0,0.0,0,0,18-APR-2022,
OPTSTK,PETRONET,28-Apr-2022,302.5,PE,0.0,0.0,0.0,87.5,98.2,0,0.0,0,0,18-APR-2022,
OPTSTK,PETRONET,26-May-2022,145.0,CE,0.0,0.0,0.0,47.75,59.65,0,0.0,0,0,18-APR-2022,
OPTSTK,PETRONET,26-May-2022,147.5,CE,0.0,0.0,0.0,45.35,57.2,0,0.0,0,0,18-APR-2022,
OPTSTK,PETRONET,26-May-2022,150.0,CE,0.0,0.0,0.0,43.0,54.7,0,0.0,0,0,18-APR-2022,
OPTSTK,PETRONET,26-May-2022,152.5,CE,0.0,0.0,0.0,40.65,52.2,0,0.0,0,0,18-APR-2022,
OPTSTK,PETRONET,26-May-2022,155.0,CE,0.0,0.0,0.0,38.4,49.75,0,0.0,0,0,18-APR-2022,
OPTSTK,PETRONET,26-May-2022,157.5,CE,0.0,0.0,0.0,36.15,47.25,0,0.0,0,0,18-APR-2022,
OPTSTK,PETRONET,26-May-2022,160.0,CE,0.0,0.0,0.0,33.9,44.8,0,0.0,0,0,18-APR-2022,
OPTSTK,PETRONET,26-May-2022,162.5,CE,0.0,0.0,0.0,31.75,42.35,0,0.0,0,0,18-APR-2022,
OPTSTK,PETRONET,26-May-2022,165.0,CE,0.0,0.0,0.0,29.65,39.9,0,0.0,0,0,18-APR-2022,
OPTSTK,PETRONET,26-May-2022,167.5,CE,0.0,0.0,0.0,27.65,37.45,0,0.0,0,0,18-APR-2022,
OPTSTK,PETRONET,26-May-2022,170.0,CE,0.0,0.0,0.0,25.65,35.1,0,0.0,0,0,18-APR-2022,
OPTSTK,PETRONET,26-May-2022,172.5,CE,0.0,0.0,0.0,23.75,32.7,0,0.0,0,0,18-APR-2022,
OPTSTK,PETRONET,26-May-2022,175.0,CE,0.0,0.0,0.0,21.95,30.4,0,0.0,0,0,18-APR-2022,
OPTSTK,PETRONET,26-May-2022,177.5,CE,0.0,0.0,0.0,20.2,28.1,0,0.0,0,0,18-APR-2022,
OPTSTK,PETRONET,26-May-2022,180.0,CE,0.0,0.0,0.0,18.55,25.9,0,0.0,0,0,18-APR-2022,
OPTSTK,PETRONET,26-May-2022,182.5,CE,0.0,0.0,0.0,16.95,23.75,0,0.0,0,0,18-APR-2022,
OPTSTK,PETRONET,26-May-2022,185.0,CE,0.0,0.0,0.0,15.45,21.65,0,0.0,0,0,18-APR-2022,
OPTSTK,PETRONET,26-May-2022,187.5,CE,0.0,0.0,0.0,14.1,19.65,0,0.0,0,0,18-APR-2022,
OPTSTK,PETRONET,26-May-2022,190.0,CE,0.0,0.0,0.0,12.75,17.75,0,0.0,0,0,18-APR-2022,
OPTSTK,PETRONET,26-May-2022,192.5,CE,0.0,0.0,0.0,11.55,15.95,0,0.0,0,0,18-APR-2022,
OPTSTK,PETRONET,26-May-2022,195.0,CE,0.0,0.0,0.0,10.4,14.25,0,0.0,0,0,18-APR-2022,
OPTSTK,PETRONET,26-May-2022,197.5,CE,0.0,0.0,0.0,9.35,12.65,0,0.0,0,0,18-APR-2022,
OPTSTK,PETRONET,26-May-2022,200.0,CE,10.45,10.45,9.5,9.5,11.2,5,31.53,45000,12000,18-APR-2022,
OPTSTK,PETRONET,26-May-2022,202.5,CE,0.0,0.0,0.0,7.5,9.8,0,0.0,0,0,18-APR-2022,
OPTSTK,PETRONET,26-May-2022,205.0,CE,0.0,0.0,0.0,5.6,8.55,0,0.0,3000,0,18-APR-2022,
OPTSTK,PETRONET,26-May-2022,207.5,CE,0.0,0.0,0.0,5.95,7.45,0,0.0,0,0,18-APR-2022,
OPTSTK,PETRONET,26-May-2022,210.0,CE,5.3,5.9,5.1,5.5,5.5,7,45.27,48000,6000,18-APR-2022,
OPTSTK,PETRONET,26-May-2022,212.5,CE,0.0,0.0,0.0,4.65,5.5,0,0.0,0,0,18-APR-2022,
OPTSTK,PETRONET,26-May-2022,215.0,CE,0.0,0.0,0.0,4.1,4.7,0,0.0,0,0,18-APR-2022,
OPTSTK,PETRONET,26-May-2022,217.5,CE,0.0,0.0,0.0,3.6,4.0,0,0.0,0,0,18-APR-2022,
OPTSTK,PETRONET,26-May-2022,220.0,CE,3.0,3.65,2.75,3.0,3.0,12,80.37,132000,24000,18-APR-2022,
OPTSTK,PETRONET,26-May-2022,222.5,CE,0.0,0.0,0.0,2.75,2.8,0,0.0,0,0,18-APR-2022,
OPTSTK,PETRONET,26-May-2022,225.0,CE,0.0,0.0,0.0,2.4,2.35,0,0.0,0,0,18-APR-2022,
OPTSTK,PETRONET,26-May-2022,227.5,CE,0.0,0.0,0.0,2.1,1.95,0,0.0,0,0,18-APR-2022,
OPTSTK,PETRONET,26-May-2022,230.0,CE,1.5,1.95,1.5,1.55,1.55,8,55.6,72000,12000,18-APR-2022,
OPTSTK,PETRONET,26-May-2022,232.5,CE,0.0,0.0,0.0,1.6,1.3,0,0.0,0,0,18-APR-2022,
OPTSTK,PETRONET,26-May-2022,235.0,CE,0.0,0.0,0.0,1.35,1.1,0,0.0,0,0,18-APR-2022,
OPTSTK,PETRONET,26-May-2022,237.5,CE,0.0,0.0,0.0,1.2,0.9,0,0.0,0,0,18-APR-2022,
OPTSTK,PETRONET,26-May-2022,240.0,CE,0.95,0.95,0.95,0.95,0.7,1,7.22,6000,3000,18-APR-2022,
OPTSTK,PETRONET,26-May-2022,242.5,CE,0.0,0.0,0.0,0.85,0.55,0,0.0,0,0,18-APR-2022,
OPTSTK,PETRONET,26-May-2022,245.0,CE,0.0,0.0,0.0,0.75,0.45,0,0.0,0,0,18-APR-2022,
OPTSTK,PETRONET,26-May-2022,247.5,CE,0.0,0.0,0.0,0.65,0.35,0,0.0,0,0,18-APR-2022,
OPTSTK,PETRONET,26-May-2022,250.0,CE,0.0,0.0,0.0,0.55,0.3,0,0.0,0,0,18-APR-2022,
OPTSTK,PETRONET,26-May-2022,252.5,CE,0.0,0.0,0.0,0.45,0.25,0,0.0,0,0,18-APR-2022,
OPTSTK,PETRONET,26-May-2022,255.0,CE,0.0,0.0,0.0,0.4,0.2,0,0.0,0,0,18-APR-2022,
OPTSTK,PETRONET,26-May-2022,257.5,CE,0.0,0.0,0.0,0.35,0.15,0,0.0,0,0,18-APR-2022,
OPTSTK,PETRONET,26-May-2022,260.0,CE,0.0,0.0,0.0,0.3,0.1,0,0.0,0,0,18-APR-2022,
OPTSTK,PETRONET,26-May-2022,262.5,CE,0.0,0.0,0.0,0.25,0.1,0,0.0,0,0,18-APR-2022,
OPTSTK,PETRONET,26-May-2022,265.0,CE,0.0,0.0,0.0,0.2,0.1,0,0.0,0,0,18-APR-2022,
OPTSTK,PETRONET,26-May-2022,267.5,CE,0.0,0.0,0.0,0.2,0.05,0,0.0,0,0,18-APR-2022,
OPTSTK,PETRONET,26-May-2022,270.0,CE,0.0,0.0,0.0,0.15,0.05,0,0.0,0,0,18-APR-2022,
OPTSTK,PETRONET,26-May-2022,272.5,CE,0.0,0.0,0.0,0.15,0.05,0,0.0,0,0,18-APR-2022,
OPTSTK,PETRONET,26-May-2022,275.0,CE,0.0,0.0,0.0,0.1,0.05,0,0.0,0,0,18-APR-2022,
OPTSTK,PETRONET,26-May-2022,277.5,CE,0.0,0.0,0.0,0.1,0.05,0,0.0,0,0,18-APR-2022,
OPTSTK,PETRONET,26-May-2022,280.0,CE,0.0,0.0,0.0,0.1,0.05,0,0.0,0,0,18-APR-2022,
OPTSTK,PETRONET,26-May-2022,145.0,PE,0.0,0.0,0.0,0.3,0.0,0,0.0,0,0,18-APR-2022,
OPTSTK,PETRONET,26-May-2022,147.5,PE,0.0,0.0,0.0,0.35,0.0,0,0.0,0,0,18-APR-2022,
OPTSTK,PETRONET,26-May-2022,150.0,PE,0.0,0.0,0.0,0.5,0.05,0,0.0,0,0,18-APR-2022,
OPTSTK,PETRONET,26-May-2022,152.5,PE,0.0,0.0,0.0,0.65,0.05,0,0.0,0,0,18-APR-2022,
OPTSTK,PETRONET,26-May-2022,155.0,PE,0.0,0.0,0.0,0.8,0.05,0,0.0,0,0,18-APR-2022,
OPTSTK,PETRONET,26-May-2022,157.5,PE,0.0,0.0,0.0,1.05,0.05,0,0.0,0,0,18-APR-2022,
OPTSTK,PETRONET,26-May-2022,160.0,PE,0.0,0.0,0.0,1.3,0.1,0,0.0,0,0,18-APR-2022,
OPTSTK,PETRONET,26-May-2022,162.5,PE,0.0,0.0,0.0,1.6,0.1,0,0.0,0,0,18-APR-2022,
OPTSTK,PETRONET,26-May-2022,165.0,PE,0.0,0.0,0.0,2.0,0.15,0,0.0,0,0,18-APR-2022,
OPTSTK,PETRONET,26-May-2022,167.5,PE,0.0,0.0,0.0,2.45,0.25,0,0.0,0,0,18-APR-2022,
OPTSTK,PETRONET,26-May-2022,170.0,PE,0.0,0.0,0.0,1.55,0.35,0,0.0,6000,0,18-APR-2022,
OPTSTK,PETRONET,26-May-2022,172.5,PE,0.0,0.0,0.0,3.5,0.45,0,0.0,0,0,18-APR-2022,
OPTSTK,PETRONET,26-May-2022,175.0,PE,0.0,0.0,0.0,4.15,0.6,0,0.0,0,0,18-APR-2022,
OPTSTK,PETRONET,26-May-2022,177.5,PE,0.0,0.0,0.0,4.9,0.85,0,0.0,0,0,18-APR-2022,
OPTSTK,PETRONET,26-May-2022,180.0,PE,0.0,0.0,0.0,1.05,1.1,0,0.0,9000,0,18-APR-2022,
OPTSTK,PETRONET,26-May-2022,182.5,PE,0.0,0.0,0.0,6.6,1.45,0,0.0,0,0,18-APR-2022,
OPTSTK,PETRONET,26-May-2022,185.0,PE,0.0,0.0,0.0,7.6,1.85,0,0.0,0,0,18-APR-2022,
OPTSTK,PETRONET,26-May-2022,187.5,PE,0.0,0.0,0.0,8.65,2.35,0,0.0,0,0,18-APR-2022,
OPTSTK,PETRONET,26-May-2022,190.0,PE,2.45,2.45,2.1,2.1,2.9,2,11.53,51000,3000,18-APR-2022,
OPTSTK,PETRONET,26-May-2022,192.5,PE,0.0,0.0,0.0,11.1,3.6,0,0.0,0,0,18-APR-2022,
OPTSTK,PETRONET,26-May-2022,195.0,PE,3.0,3.0,3.0,3.0,3.0,1,5.94,3000,3000,18-APR-2022,
OPTSTK,PETRONET,26-May-2022,197.5,PE,0.0,0.0,0.0,13.85,5.3,0,0.0,0,0,18-APR-2022,
OPTSTK,PETRONET,26-May-2022,200.0,PE,5.5,5.5,5.15,5.3,6.3,7,43.1,75000,15000,18-APR-2022,
OPTSTK,PETRONET,26-May-2022,202.5,PE,0.0,0.0,0.0,16.9,7.4,0,0.0,0,0,18-APR-2022,
OPTSTK,PETRONET,26-May-2022,205.0,PE,0.0,0.0,0.0,18.6,8.65,0,0.0,0,0,18-APR-2022,
OPTSTK,PETRONET,26-May-2022,207.5,PE,0.0,0.0,0.0,20.3,10.0,0,0.0,0,0,18-APR-2022,
OPTSTK,PETRONET,26-May-2022,210.0,PE,0.0,0.0,0.0,15.0,11.5,0,0.0,3000,0,18-APR-2022,
OPTSTK,PETRONET,26-May-2022,212.5,PE,0.0,0.0,0.0,24.0,13.05,0,0.0,0,0,18-APR-2022,
OPTSTK,PETRONET,26-May-2022,215.0,PE,0.0,0.0,0.0,25.9,14.75,0,0.0,0,0,18-APR-2022,
OPTSTK,PETRONET,26-May-2022,217.5,PE,0.0,0.0,0.0,27.9,16.5,0,0.0,0,0,18-APR-2022,
OPTSTK,PETRONET,26-May-2022,220.0,PE,0.0,0.0,0.0,29.9,18.4,0,0.0,0,0,18-APR-2022,
OPTSTK,PETRONET,26-May-2022,222.5,PE,0.0,0.0,0.0,32.0,20.35,0,0.0,0,0,18-APR-2022,
OPTSTK,PETRONET,26-May-2022,225.0,PE,0.0,0.0,0.0,34.1,22.35,0,0.0,0,0,18-APR-2022,
OPTSTK,PETRONET,26-May-2022,227.5,PE,0.0,0.0,0.0,36.25,24.45,0,0.0,0,0,18-APR-2022,
OPTSTK,PETRONET,26-May-2022,230.0,PE,0.0,0.0,0.0,38.45,26.6,0,0.0,0,0,18-APR-2022,
OPTSTK,PETRONET,26-May-2022,232.5,PE,0.0,0.0,0.0,40.7,28.8,0,0.0,0,0,18-APR-2022,
OPTSTK,PETRONET,26-May-2022,235.0,PE,0.0,0.0,0.0,42.95,31.05,0,0.0,0,0,18-APR-2022,
OPTSTK,PETRONET,26-May-2022,237.5,PE,0.0,0.0,0.0,45.25,33.35,0,0.0,0,0,18-APR-2022,
OPTSTK,PETRONET,26-May-2022,240.0,PE,0.0,0.0,0.0,47.55,35.65,0,0.0,0,0,18-APR-2022,
OPTSTK,PETRONET,26-May-2022,242.5,PE,0.0,0.0,0.0,49.9,38.0,0,0.0,0,0,18-APR-2022,
OPTSTK,PETRONET,26-May-2022,245.0,PE,0.0,0.0,0.0,52.25,40.4,0,0.0,0,0,18-APR-2022,
OPTSTK,PETRONET,26-May-2022,247.5,PE,0.0,0.0,0.0,54.6,42.8,0,0.0,0,0,18-APR-2022,
OPTSTK,PETRONET,26-May-2022,250.0,PE,0.0,0.0,0.0,57.0,45.2,0,0.0,0,0,18-APR-2022,
OPTSTK,PETRONET,26-May-2022,252.5,PE,0.0,0.0,0.0,59.4,47.6,0,0.0,0,0,18-APR-2022,
OPTSTK,PETRONET,26-May-2022,255.0,PE,0.0,0.0,0.0,61.8,50.05,0,0.0,0,0,18-APR-2022,
OPTSTK,PETRONET,26-May-2022,257.5,PE,0.0,0.0,0.0,64.2,52.5,0,0.0,0,0,18-APR-2022,
OPTSTK,PETRONET,26-May-2022,260.0,PE,0.0,0.0,0.0,66.6,54.95,0,0.0,0,0,18-APR-2022,
OPTSTK,PETRONET,26-May-2022,262.5,PE,0.0,0.0,0.0,69.05,57.45,0,0.0,0,0,18-APR-2022,
OPTSTK,PETRONET,26-May-2022,265.0,PE,0.0,0.0,0.0,71.5,59.9,0,0.0,0,0,18-APR-2022,
OPTSTK,PETRONET,26-May-2022,267.5,PE,0.0,0.0,0.0,73.95,62.4,0,0.0,0,0,18-APR-2022,
OPTSTK,PETRONET,26-May-2022,270.0,PE,0.0,0.0,0.0,76.4,64.85,0,0.0,0,0,18-APR-2022,
OPTSTK,PETRONET,26-May-2022,272.5,PE,0.0,0.0,0.0,78.85,67.35,0,0.0,0,0,18-APR-2022,
OPTSTK,PETRONET,26-May-2022,275.0,PE,0.0,0.0,0.0,81.3,69.85,0,0.0,0,0,18-APR-2022,
OPTSTK,PETRONET,26-May-2022,277.5,PE,0.0,0.0,0.0,83.75,72.3,0,0.0,0,0,18-APR-2022,
OPTSTK,PETRONET,26-May-2022,280.0,PE,0.0,0.0,0.0,86.2,74.8,0,0.0,0,0,18-APR-2022,
OPTSTK,PETRONET,30-Jun-2022,145.0,CE,0.0,0.0,0.0,50.7,60.3,0,0.0,0,0,18-APR-2022,
OPTSTK,PETRONET,30-Jun-2022,147.5,CE,0.0,0.0,0.0,48.35,57.85,0,0.0,0,0,18-APR-2022,
OPTSTK,PETRONET,30-Jun-2022,150.0,CE,0.0,0.0,0.0,46.0,55.45,0,0.0,0,0,18-APR-2022,
OPTSTK,PETRONET,30-Jun-2022,152.5,CE,0.0,0.0,0.0,43.7,53.0,0,0.0,0,0,18-APR-2022,
OPTSTK,PETRONET,30-Jun-2022,155.0,CE,0.0,0.0,0.0,41.45,50.6,0,0.0,0,0,18-APR-2022,
OPTSTK,PETRONET,30-Jun-2022,157.5,CE,0.0,0.0,0.0,39.25,48.2,0,0.0,0,0,18-APR-2022,
OPTSTK,PETRONET,30-Jun-2022,160.0,CE,0.0,0.0,0.0,37.05,45.85,0,0.0,0,0,18-APR-2022,
OPTSTK,PETRONET,30-Jun-2022,162.5,CE,0.0,0.0,0.0,34.95,43.5,0,0.0,0,0,18-APR-2022,
OPTSTK,PETRONET,30-Jun-2022,165.0,CE,0.0,0.0,0.0,32.85,41.2,0,0.0,0,0,18-APR-2022,
OPTSTK,PETRONET,30-Jun-2022,167.5,CE,0.0,0.0,0.0,30.85,38.9,0,0.0,0,0,18-APR-2022,
OPTSTK,PETRONET,30-Jun-2022,170.0,CE,0.0,0.0,0.0,28.9,36.7,0,0.0,0,0,18-APR-2022,
OPTSTK,PETRONET,30-Jun-2022,172.5,CE,0.0,0.0,0.0,27.0,34.5,0,0.0,0,0,18-APR-2022,
OPTSTK,PETRONET,30-Jun-2022,175.0,CE,0.0,0.0,0.0,25.2,32.4,0,0.0,0,0,18-APR-2022,
OPTSTK,PETRONET,30-Jun-2022,177.5,CE,0.0,0.0,0.0,23.45,30.3,0,0.0,0,0,18-APR-2022,
OPTSTK,PETRONET,30-Jun-2022,180.0,CE,0.0,0.0,0.0,21.75,28.3,0,0.0,0,0,18-APR-2022,
OPTSTK,PETRONET,30-Jun-2022,182.5,CE,0.0,0.0,0.0,20.15,26.35,0,0.0,0,0,18-APR-2022,
OPTSTK,PETRONET,30-Jun-2022,185.0,CE,0.0,0.0,0.0,18.6,24.45,0,0.0,0,0,18-APR-2022,
OPTSTK,PETRONET,30-Jun-2022,187.5,CE,0.0,0.0,0.0,17.15,22.65,0,0.0,0,0,18-APR-2022,
OPTSTK,PETRONET,30-Jun-2022,190.0,CE,0.0,0.0,0.0,15.8,20.95,0,0.0,0,0,18-APR-2022,
OPTSTK,PETRONET,30-Jun-2022,192.5,CE,0.0,0.0,0.0,14.5,19.3,0,0.0,0,0,18-APR-2022,
OPTSTK,PETRONET,30-Jun-2022,195.0,CE,0.0,0.0,0.0,13.3,17.7,0,0.0,0,0,18-APR-2022,
OPTSTK,PETRONET,30-Jun-2022,197.5,CE,0.0,0.0,0.0,12.15,16.25,0,0.0,0,0,18-APR-2022,
OPTSTK,PETRONET,30-Jun-2022,200.0,CE,0.0,0.0,0.0,11.05,14.85,0,0.0,0,0,18-APR-2022,
OPTSTK,PETRONET,30-Jun-2022,202.5,CE,0.0,0.0,0.0,10.1,13.5,0,0.0,0,0,18-APR-2022,
OPTSTK,PETRONET,30-Jun-2022,205.0,CE,0.0,0.0,0.0,9.15,12.3,0,0.0,0,0,18-APR-2022,
OPTSTK,PETRONET,30-Jun-2022,207.5,CE,0.0,0.0,0.0,8.3,11.15,0,0.0,0,0,18-APR-2022,
OPTSTK,PETRONET,30-Jun-2022,210.0,CE,0.0,0.0,0.0,7.5,10.05,0,0.0,0,0,18-APR-2022,
OPTSTK,PETRONET,30-Jun-2022,212.5,CE,0.0,0.0,0.0,6.75,9.05,0,0.0,0,0,18-APR-2022,
OPTSTK,PETRONET,30-Jun-2022,215.0,CE,0.0,0.0,0.0,6.1,8.15,0,0.0,0,0,18-APR-2022,
OPTSTK,PETRONET,30-Jun-2022,217.5,CE,0.0,0.0,0.0,5.5,7.3,0,0.0,0,0,18-APR-2022,
OPTSTK,PETRONET,30-Jun-2022,220.0,CE,0.0,0.0,0.0,4.95,6.55,0,0.0,0,0,18-APR-2022,
OPTSTK,PETRONET,30-Jun-2022,222.5,CE,0.0,0.0,0.0,4.4,5.85,0,0.0,0,0,18-APR-2022,
OPTSTK,PETRONET,30-Jun-2022,225.0,CE,0.0,0.0,0.0,3.95,5.2,0,0.0,0,0,18-APR-2022,
OPTSTK,PETRONET,30-Jun-2022,227.5,CE,0.0,0.0,0.0,3.55,4.6,0,0.0,0,0,18-APR-2022,
OPTSTK,PETRONET,30-Jun-2022,230.0,CE,0.0,0.0,0.0,3.15,4.1,0,0.0,0,0,18-APR-2022,
OPTSTK,PETRONET,30-Jun-2022,232.5,CE,0.0,0.0,0.0,2.8,3.6,0,0.0,0,0,18-APR-2022,
OPTSTK,PETRONET,30-Jun-2022,235.0,CE,0.0,0.0,0.0,2.5,3.2,0,0.0,0,0,18-APR-2022,
OPTSTK,PETRONET,30-Jun-2022,237.5,CE,0.0,0.0,0.0,2.2,2.8,0,0.0,0,0,18-APR-2022,
OPTSTK,PETRONET,30-Jun-2022,240.0,CE,0.0,0.0,0.0,1.95,2.45,0,0.0,0,0,18-APR-2022,
OPTSTK,PETRONET,30-Jun-2022,242.5,CE,0.0,0.0,0.0,1.75,2.15,0,0.0,0,0,18-APR-2022,
OPTSTK,PETRONET,30-Jun-2022,245.0,CE,0.0,0.0,0.0,1.5,1.9,0,0.0,0,0,18-APR-2022,
OPTSTK,PETRONET,30-Jun-2022,247.5,CE,0.0,0.0,0.0,1.35,1.65,0,0.0,0,0,18-APR-2022,
OPTSTK,PETRONET,30-Jun-2022,250.0,CE,0.0,0.0,0.0,1.2,1.45,0,0.0,0,0,18-APR-2022,
OPTSTK,PETRONET,30-Jun-2022,252.5,CE,0.0,0.0,0.0,1.05,1.25,0,0.0,0,0,18-APR-2022,
OPTSTK,PETRONET,30-Jun-2022,255.0,CE,0.0,0.0,0.0,0.9,1.1,0,0.0,0,0,18-APR-2022,
OPTSTK,PETRONET,30-Jun-2022,257.5,CE,0.0,0.0,0.0,0.8,0.95,0,0.0,0,0,18-APR-2022,
OPTSTK,PETRONET,30-Jun-2022,260.0,CE,0.0,0.0,0.0,0.7,0.8,0,0.0,0,0,18-APR-2022,
OPTSTK,PETRONET,30-Jun-2022,262.5,CE,0.0,0.0,0.0,0.6,0.7,0,0.0,0,0,18-APR-2022,
OPTSTK,PETRONET,30-Jun-2022,265.0,CE,0.0,0.0,0.0,0.55,0.6,0,0.0,0,0,18-APR-2022,
OPTSTK,PETRONET,30-Jun-2022,267.5,CE,0.0,0.0,0.0,0.45,0.5,0,0.0,0,0,18-APR-2022,
OPTSTK,PETRONET,30-Jun-2022,270.0,CE,0.0,0.0,0.0,0.4,0.45,0,0.0,0,0,18-APR-2022,
OPTSTK,PETRONET,30-Jun-2022,272.5,CE,0.0,0.0,0.0,0.35,0.4,0,0.0,0,0,18-APR-2022,
OPTSTK,PETRONET,30-Jun-2022,275.0,CE,0.0,0.0,0.0,0.3,0.35,0,0.0,0,0,18-APR-2022,
OPTSTK,PETRONET,30-Jun-2022,277.5,CE,0.0,0.0,0.0,0.3,0.3,0,0.0,0,0,18-APR-2022,
OPTSTK,PETRONET,30-Jun-2022,280.0,CE,0.0,0.0,0.0,0.25,0.25,0,0.0,0,0,18-APR-2022,
OPTSTK,PETRONET,30-Jun-2022,145.0,PE,0.0,0.0,0.0,0.4,0.1,0,0.0,0,0,18-APR-2022,
OPTSTK,PETRONET,30-Jun-2022,147.5,PE,0.0,0.0,0.0,0.55,0.1,0,0.0,0,0,18-APR-2022,
OPTSTK,PETRONET,30-Jun-2022,150.0,PE,0.0,0.0,0.0,0.7,0.15,0,0.0,0,0,18-APR-2022,
OPTSTK,PETRONET,30-Jun-2022,152.5,PE,0.0,0.0,0.0,0.85,0.2,0,0.0,0,0,18-APR-2022,
OPTSTK,PETRONET,30-Jun-2022,155.0,PE,0.0,0.0,0.0,1.1,0.3,0,0.0,0,0,18-APR-2022,
OPTSTK,PETRONET,30-Jun-2022,157.5,PE,0.0,0.0,0.0,1.35,0.35,0,0.0,0,0,18-APR-2022,
OPTSTK,PETRONET,30-Jun-2022,160.0,PE,0.0,0.0,0.0,1.65,0.5,0,0.0,0,0,18-APR-2022,
OPTSTK,PETRONET,30-Jun-2022,162.5,PE,0.0,0.0,0.0,1.95,0.6,0,0.0,0,0,18-APR-2022,
OPTSTK,PETRONET,30-Jun-2022,165.0,PE,0.0,0.0,0.0,2.35,0.8,0,0.0,0,0,18-APR-2022,
OPTSTK,PETRONET,30-Jun-2022,167.5,PE,0.0,0.0,0.0,2.85,1.0,0,0.0,0,0,18-APR-2022,
OPTSTK,PETRONET,30-Jun-2022,170.0,PE,0.0,0.0,0.0,3.35,1.25,0,0.0,0,0,18-APR-2022,
OPTSTK,PETRONET,30-Jun-2022,172.5,PE,0.0,0.0,0.0,3.95,1.55,0,0.0,0,0,18-APR-2022,
OPTSTK,PETRONET,30-Jun-2022,175.0,PE,0.0,0.0,0.0,4.6,1.9,0,0.0,0,0,18-APR-2022,
OPTSTK,PETRONET,30-Jun-2022,177.5,PE,0.0,0.0,0.0,5.3,2.3,0,0.0,0,0,18-APR-2022,
OPTSTK,PETRONET,30-Jun-2022,180.0,PE,0.0,0.0,0.0,6.1,2.75,0,0.0,0,0,18-APR-2022,
OPTSTK,PETRONET,30-Jun-2022,182.5,PE,0.0,0.0,0.0,6.95,3.3,0,0.0,0,0,18-APR-2022,
OPTSTK,PETRONET,30-Jun-2022,185.0,PE,0.0,0.0,0.0,7.9,3.9,0,0.0,0,0,18-APR-2022,
OPTSTK,PETRONET,30-Jun-2022,187.5,PE,0.0,0.0,0.0,8.95,4.55,0,0.0,0,0,18-APR-2022,
OPTSTK,PETRONET,30-Jun-2022,190.0,PE,0.0,0.0,0.0,10.05,5.3,0,0.0,0,0,18-APR-2022,
OPTSTK,PETRONET,30-Jun-2022,192.5,PE,0.0,0.0,0.0,11.2,6.15,0,0.0,0,0,18-APR-2022,
OPTSTK,PETRONET,30-Jun-2022,195.0,PE,0.0,0.0,0.0,12.5,7.05,0,0.0,0,0,18-APR-2022,
OPTSTK,PETRONET,30-Jun-2022,197.5,PE,0.0,0.0,0.0,13.8,8.05,0,0.0,0,0,18-APR-2022,
OPTSTK,PETRONET,30-Jun-2022,200.0,PE,0.0,0.0,0.0,15.2,9.15,0,0.0,0,0,18-APR-2022,
OPTSTK,PETRONET,30-Jun-2022,202.5,PE,0.0,0.0,0.0,16.7,10.3,0,0.0,0,0,18-APR-2022,
OPTSTK,PETRONET,30-Jun-2022,205.0,PE,0.0,0.0,0.0,18.25,11.55,0,0.0,0,0,18-APR-2022,
OPTSTK,PETRONET,30-Jun-2022,207.5,PE,0.0,0.0,0.0,19.85,12.85,0,0.0,0,0,18-APR-2022,
OPTSTK,PETRONET,30-Jun-2022,210.0,PE,0.0,0.0,0.0,21.55,14.3,0,0.0,0,0,18-APR-2022,
OPTSTK,PETRONET,30-Jun-2022,212.5,PE,0.0,0.0,0.0,23.3,15.75,0,0.0,0,0,18-APR-2022,
OPTSTK,PETRONET,30-Jun-2022,215.0,PE,0.0,0.0,0.0,25.1,17.35,0,0.0,0,0,18-APR-2022,
OPTSTK,PETRONET,30-Jun-2022,217.5,PE,0.0,0.0,0.0,26.95,18.95,0,0.0,0,0,18-APR-2022,
OPTSTK,PETRONET,30-Jun-2022,220.0,PE,0.0,0.0,0.0,28.85,20.7,0,0.0,0,0,18-APR-2022,
OPTSTK,PETRONET,30-Jun-2022,222.5,PE,0.0,0.0,0.0,30.85,22.45,0,0.0,0,0,18-APR-2022,
OPTSTK,PETRONET,30-Jun-2022,225.0,PE,0.0,0.0,0.0,32.85,24.3,0,0.0,0,0,18-APR-2022,
OPTSTK,PETRONET,30-Jun-2022,227.5,PE,0.0,0.0,0.0,34.9,26.2,0,0.0,0,0,18-APR-2022,
OPTSTK,PETRONET,30-Jun-2022,230.0,PE,0.0,0.0,0.0,36.95,28.15,0,0.0,0,0,18-APR-2022,
OPTSTK,PETRONET,30-Jun-2022,232.5,PE,0.0,0.0,0.0,39.1,30.15,0,0.0,0,0,18-APR-2022,
OPTSTK,PETRONET,30-Jun-2022,235.0,PE,0.0,0.0,0.0,41.25,32.2,0,0.0,0,0,18-APR-2022,
OPTSTK,PETRONET,30-Jun-2022,237.5,PE,0.0,0.0,0.0,43.45,34.3,0,0.0,0,0,18-APR-2022,
OPTSTK,PETRONET,30-Jun-2022,240.0,PE,0.0,0.0,0.0,45.7,36.45,0,0.0,0,0,18-APR-2022,
OPTSTK,PETRONET,30-Jun-2022,242.5,PE,0.0,0.0,0.0,47.95,38.6,0,0.0,0,0,18-APR-2022,
OPTSTK,PETRONET,30-Jun-2022,245.0,PE,0.0,0.0,0.0,50.2,40.8,0,0.0,0,0,18-APR-2022,
OPTSTK,PETRONET,30-Jun-2022,247.5,PE,0.0,0.0,0.0,52.5,43.05,0,0.0,0,0,18-APR-2022,
OPTSTK,PETRONET,30-Jun-2022,250.0,PE,0.0,0.0,0.0,54.8,45.3,0,0.0,0,0,18-APR-2022,
OPTSTK,PETRONET,30-Jun-2022,252.5,PE,0.0,0.0,0.0,57.15,47.6,0,0.0,0,0,18-APR-2022,
OPTSTK,PETRONET,30-Jun-2022,255.0,PE,0.0,0.0,0.0,59.5,49.9,0,0.0,0,0,18-APR-2022,
OPTSTK,PETRONET,30-Jun-2022,257.5,PE,0.0,0.0,0.0,61.85,52.25,0,0.0,0,0,18-APR-2022,
OPTSTK,PETRONET,30-Jun-2022,260.0,PE,0.0,0.0,0.0,64.2,54.6,0,0.0,0,0,18-APR-2022,
OPTSTK,PETRONET,30-Jun-2022,262.5,PE,0.0,0.0,0.0,66.6,56.95,0,0.0,0,0,18-APR-2022,
OPTSTK,PETRONET,30-Jun-2022,265.0,PE,0.0,0.0,0.0,69.0,59.35,0,0.0,0,0,18-APR-2022,
OPTSTK,PETRONET,30-Jun-2022,267.5,PE,0.0,0.0,0.0,71.4,61.75,0,0.0,0,0,18-APR-2022,
OPTSTK,PETRONET,30-Jun-2022,270.0,PE,0.0,0.0,0.0,73.8,64.15,0,0.0,0,0,18-APR-2022,
OPTSTK,PETRONET,30-Jun-2022,272.5,PE,0.0,0.0,0.0,76.25,66.6,0,0.0,0,0,18-APR-2022,
OPTSTK,PETRONET,30-Jun-2022,275.0,PE,0.0,0.0,0.0,78.65,69.0,0,0.0,0,0,18-APR-2022,
OPTSTK,PETRONET,30-Jun-2022,277.5,PE,0.0,0.0,0.0,81.1,71.45,0,0.0,0,0,18-APR-2022,
OPTSTK,PETRONET,30-Jun-2022,280.0,PE,0.0,0.0,0.0,83.55,73.85,0,0.0,0,0,18-APR-2022,
OPTSTK,PFC,28-Apr-2022,86.0,CE,0.0,0.0,0.0,34.25,33.1,0,0.0,0,0,18-APR-2022,
OPTSTK,PFC,28-Apr-2022,87.0,CE,0.0,0.0,0.0,33.35,32.1,0,0.0,0,0,18-APR-2022,
OPTSTK,PFC,28-Apr-2022,88.0,CE,0.0,0.0,0.0,32.4,31.1,0,0.0,0,0,18-APR-2022,
OPTSTK,PFC,28-Apr-2022,89.0,CE,0.0,0.0,0.0,31.5,30.1,0,0.0,0,0,18-APR-2022,
OPTSTK,PFC,28-Apr-2022,90.0,CE,0.0,0.0,0.0,30.6,29.1,0,0.0,0,0,18-APR-2022,
OPTSTK,PFC,28-Apr-2022,91.0,CE,0.0,0.0,0.0,29.7,28.1,0,0.0,0,0,18-APR-2022,
OPTSTK,PFC,28-Apr-2022,92.0,CE,0.0,0.0,0.0,28.85,27.1,0,0.0,0,0,18-APR-2022,
OPTSTK,PFC,28-Apr-2022,93.0,CE,0.0,0.0,0.0,27.95,26.1,0,0.0,0,0,18-APR-2022,
OPTSTK,PFC,28-Apr-2022,94.0,CE,0.0,0.0,0.0,27.1,25.15,0,0.0,0,0,18-APR-2022,
OPTSTK,PFC,28-Apr-2022,95.0,CE,0.0,0.0,0.0,26.25,24.15,0,0.0,0,0,18-APR-2022,
OPTSTK,PFC,28-Apr-2022,96.0,CE,0.0,0.0,0.0,25.4,23.15,0,0.0,0,0,18-APR-2022,
OPTSTK,PFC,28-Apr-2022,97.0,CE,0.0,0.0,0.0,24.55,22.15,0,0.0,0,0,18-APR-2022,
OPTSTK,PFC,28-Apr-2022,98.0,CE,0.0,0.0,0.0,23.75,21.15,0,0.0,0,0,18-APR-2022,
OPTSTK,PFC,28-Apr-2022,99.0,CE,0.0,0.0,0.0,22.95,20.15,0,0.0,0,0,18-APR-2022,
OPTSTK,PFC,28-Apr-2022,100.0,CE,0.0,0.0,0.0,20.0,19.15,0,0.0,31000,0,18-APR-2022,
OPTSTK,PFC,28-Apr-2022,101.0,CE,0.0,0.0,0.0,21.35,18.15,0,0.0,0,0,18-APR-2022,
OPTSTK,PFC,28-Apr-2022,102.0,CE,0.0,0.0,0.0,20.6,17.15,0,0.0,0,0,18-APR-2022,
OPTSTK,PFC,28-Apr-2022,103.0,CE,0.0,0.0,0.0,19.85,16.15,0,0.0,0,0,18-APR-2022,
OPTSTK,PFC,28-Apr-2022,104.0,CE,0.0,0.0,0.0,19.15,15.2,0,0.0,0,0,18-APR-2022,
OPTSTK,PFC,28-Apr-2022,105.0,CE,13.25,13.9,13.0,13.9,14.2,3,22.01,55800,6200,18-APR-2022,
OPTSTK,PFC,28-Apr-2022,106.0,CE,0.0,0.0,0.0,17.7,13.25,0,0.0,0,0,18-APR-2022,
OPTSTK,PFC,28-Apr-2022,107.0,CE,0.0,0.0,0.0,17.05,12.3,0,0.0,0,0,18-APR-2022,
OPTSTK,PFC,28-Apr-2022,108.0,CE,0.0,0.0,0.0,16.35,11.35,0,0.0,0,0,18-APR-2022,
OPTSTK,PFC,28-Apr-2022,109.0,CE,0.0,0.0,0.0,15.7,10.4,0,0.0,0,0,18-APR-2022,
OPTSTK,PFC,28-Apr-2022,110.0,CE,8.2,9.95,7.55,9.7,9.7,14,102.81,471200,0,18-APR-2022,
OPTSTK,PFC,28-Apr-2022,111.0,CE,0.0,0.0,0.0,12.55,8.65,0,0.0,18600,0,18-APR-2022,
OPTSTK,PFC,28-Apr-2022,112.0,CE,6.85,6.85,6.85,6.85,7.8,1,7.36,55800,0,18-APR-2022,
OPTSTK,PFC,28-Apr-2022,113.0,CE,0.0,0.0,0.0,13.25,7.0,0,0.0,0,0,18-APR-2022,
OPTSTK,PFC,28-Apr-2022,114.0,CE,4.4,6.05,4.25,6.0,6.25,13,96.13,204600,-24800,18-APR-2022,
OPTSTK,PFC,28-Apr-2022,115.0,CE,3.85,5.65,3.45,5.1,5.1,657,4858.73,2139000,279000,18-APR-2022,
OPTSTK,PFC,28-Apr-2022,116.0,CE,3.4,3.55,3.35,3.35,4.85,10,74.09,173600,24800,18-APR-2022,
OPTSTK,PFC,28-Apr-2022,117.0,CE,3.05,3.75,2.35,3.55,3.55,28,207.96,310000,0,18-APR-2022,
OPTSTK,PFC,28-Apr-2022,118.0,CE,2.6,3.5,1.8,3.05,3.05,200,1494.16,415400,173600,18-APR-2022,
OPTSTK,PFC,28-Apr-2022,119.0,CE,2.1,2.85,1.45,2.55,2.55,223,1678.47,372000,111600,18-APR-2022,
OPTSTK,PFC,28-Apr-2022,120.0,CE,1.5,2.4,1.15,2.1,2.1,2204,16656.71,5177000,1413600,18-APR-2022,
OPTSTK,PFC,28-Apr-2022,121.0,CE,1.3,1.85,0.9,1.7,1.7,65,493.69,365800,24800,18-APR-2022,
OPTSTK,PFC,28-Apr-2022,122.0,CE,1.0,1.6,0.75,1.35,1.35,208,1587.51,824600,111600,18-APR-2022,
OPTSTK,PFC,28-Apr-2022,123.0,CE,0.75,1.35,0.65,1.1,1.1,44,338.35,446400,-18600,18-APR-2022,
OPTSTK,PFC,28-Apr-2022,124.0,CE,0.6,1.05,0.5,0.9,0.9,112,866.26,483600,-130200,18-APR-2022,
OPTSTK,PFC,28-Apr-2022,125.0,CE,0.6,0.95,0.45,0.75,0.75,783,6097.65,4259400,12400,18-APR-2022,
OPTSTK,PFC,28-Apr-2022,126.0,CE,0.35,0.7,0.35,0.6,0.6,20,156.84,248000,6200,18-APR-2022,
OPTSTK,PFC,28-Apr-2022,127.0,CE,0.55,0.6,0.35,0.5,0.5,46,363.54,223200,-12400,18-APR-2022,
OPTSTK,PFC,28-Apr-2022,128.0,CE,0.3,0.4,0.25,0.4,0.55,12,95.43,86800,18600,18-APR-2022,
OPTSTK,PFC,28-Apr-2022,129.0,CE,0.0,0.0,0.0,0.35,0.45,0,0.0,55800,0,18-APR-2022,
OPTSTK,PFC,28-Apr-2022,130.0,CE,0.2,0.35,0.15,0.3,0.3,553,4464.49,6038800,-241800,18-APR-2022,
OPTSTK,PFC,28-Apr-2022,131.0,CE,0.15,0.15,0.15,0.15,0.25,1,8.13,37200,0,18-APR-2022,
OPTSTK,PFC,28-Apr-2022,132.0,CE,0.2,0.2,0.2,0.2,0.2,5,40.98,130200,-24800,18-APR-2022,
OPTSTK,PFC,28-Apr-2022,133.0,CE,0.1,0.1,0.1,0.1,0.15,5,41.26,12400,-31000,18-APR-2022,
OPTSTK,PFC,28-Apr-2022,134.0,CE,0.0,0.0,0.0,0.75,0.1,0,0.0,31000,0,18-APR-2022,
OPTSTK,PFC,28-Apr-2022,135.0,CE,0.1,0.15,0.05,0.15,0.15,35,293.17,861800,-80600,18-APR-2022,
OPTSTK,PFC,28-Apr-2022,136.0,CE,0.0,0.0,0.0,4.2,0.1,0,0.0,0,0,18-APR-2022,
OPTSTK,PFC,28-Apr-2022,137.0,CE,0.0,0.0,0.0,0.55,0.05,0,0.0,49600,0,18-APR-2022,
OPTSTK,PFC,28-Apr-2022,138.0,CE,0.0,0.0,0.0,3.75,0.05,0,0.0,0,0,18-APR-2022,
OPTSTK,PFC,28-Apr-2022,139.0,CE,0.0,0.0,0.0,3.55,0.05,0,0.0,0,0,18-APR-2022,
OPTSTK,PFC,28-Apr-2022,140.0,CE,0.05,0.1,0.05,0.1,0.1,77,668.61,861800,-93000,18-APR-2022,
OPTSTK,PFC,28-Apr-2022,141.0,CE,0.0,0.0,0.0,3.15,0.05,0,0.0,0,0,18-APR-2022,
OPTSTK,PFC,28-Apr-2022,142.0,CE,0.0,0.0,0.0,0.4,0.05,0,0.0,12400,0,18-APR-2022,
OPTSTK,PFC,28-Apr-2022,143.0,CE,0.0,0.0,0.0,2.8,0.05,0,0.0,0,0,18-APR-2022,
OPTSTK,PFC,28-Apr-2022,144.0,CE,0.0,0.0,0.0,2.65,0.0,0,0.0,0,0,18-APR-2022,
OPTSTK,PFC,28-Apr-2022,145.0,CE,0.05,0.1,0.05,0.05,0.05,6,53.96,291400,0,18-APR-2022,
OPTSTK,PFC,28-Apr-2022,146.0,CE,0.0,0.0,0.0,2.35,0.0,0,0.0,0,0,18-APR-2022,
OPTSTK,PFC,28-Apr-2022,147.0,CE,0.0,0.0,0.0,2.2,0.0,0,0.0,0,0,18-APR-2022,
OPTSTK,PFC,28-Apr-2022,148.0,CE,0.0,0.0,0.0,2.1,0.0,0,0.0,0,0,18-APR-2022,
OPTSTK,PFC,28-Apr-2022,149.0,CE,0.0,0.0,0.0,1.95,0.0,0,0.0,0,0,18-APR-2022,
OPTSTK,PFC,28-Apr-2022,150.0,CE,0.05,0.05,0.05,0.05,0.0,38,353.51,1010600,-235600,18-APR-2022,
OPTSTK,PFC,28-Apr-2022,151.0,CE,0.0,0.0,0.0,1.75,0.0,0,0.0,0,0,18-APR-2022,
OPTSTK,PFC,28-Apr-2022,152.0,CE,0.0,0.0,0.0,1.65,0.0,0,0.0,0,0,18-APR-2022,
OPTSTK,PFC,28-Apr-2022,153.0,CE,0.0,0.0,0.0,1.55,0.0,0,0.0,0,0,18-APR-2022,
OPTSTK,PFC,28-Apr-2022,154.0,CE,0.0,0.0,0.0,1.45,0.0,0,0.0,0,0,18-APR-2022,
OPTSTK,PFC,28-Apr-2022,155.0,CE,0.0,0.0,0.0,1.35,0.0,0,0.0,0,0,18-APR-2022,
OPTSTK,PFC,28-Apr-2022,156.0,CE,0.0,0.0,0.0,0.05,0.0,0,0.0,18600,0,18-APR-2022,
OPTSTK,PFC,28-Apr-2022,157.0,CE,0.0,0.0,0.0,0.1,0.0,0,0.0,0,0,18-APR-2022,
OPTSTK,PFC,28-Apr-2022,158.0,CE,0.0,0.0,0.0,0.15,0.0,0,0.0,0,0,18-APR-2022,
OPTSTK,PFC,28-Apr-2022,86.0,PE,0.0,0.0,0.0,0.4,0.0,0,0.0,0,0,18-APR-2022,
OPTSTK,PFC,28-Apr-2022,87.0,PE,0.0,0.0,0.0,0.5,0.0,0,0.0,0,0,18-APR-2022,
OPTSTK,PFC,28-Apr-2022,88.0,PE,0.0,0.0,0.0,0.1,0.0,0,0.0,6200,0,18-APR-2022,
OPTSTK,PFC,28-Apr-2022,89.0,PE,0.0,0.0,0.0,0.1,0.0,0,0.0,12400,0,18-APR-2022,
OPTSTK,PFC,28-Apr-2022,90.0,PE,0.0,0.0,0.0,0.1,0.0,0,0.0,6200,0,18-APR-2022,
OPTSTK,PFC,28-Apr-2022,91.0,PE,0.0,0.0,0.0,0.1,0.0,0,0.0,0,0,18-APR-2022,
OPTSTK,PFC,28-Apr-2022,92.0,PE,0.0,0.0,0.0,0.1,0.0,0,0.0,0,0,18-APR-2022,
OPTSTK,PFC,28-Apr-2022,93.0,PE,0.0,0.0,0.0,0.1,0.0,0,0.0,0,0,18-APR-2022,
OPTSTK,PFC,28-Apr-2022,94.0,PE,0.0,0.0,0.0,0.1,0.0,0,0.0,6200,0,18-APR-2022,
OPTSTK,PFC,28-Apr-2022,95.0,PE,0.0,0.0,0.0,0.05,0.0,0,0.0,49600,0,18-APR-2022,
OPTSTK,PFC,28-Apr-2022,96.0,PE,0.0,0.0,0.0,0.55,0.0,0,0.0,18600,0,18-APR-2022,
OPTSTK,PFC,28-Apr-2022,97.0,PE,0.0,0.0,0.0,0.25,0.0,0,0.0,0,0,18-APR-2022,
OPTSTK,PFC,28-Apr-2022,98.0,PE,0.0,0.0,0.0,0.15,0.0,0,0.0,0,0,18-APR-2022,
OPTSTK,PFC,28-Apr-2022,99.0,PE,0.0,0.0,0.0,0.6,0.0,0,0.0,0,0,18-APR-2022,
OPTSTK,PFC,28-Apr-2022,100.0,PE,0.1,0.1,0.1,0.1,0.05,6,37.23,502200,-12400,18-APR-2022,
OPTSTK,PFC,28-Apr-2022,101.0,PE,0.0,0.0,0.0,2.35,0.05,0,0.0,0,0,18-APR-2022,
OPTSTK,PFC,28-Apr-2022,102.0,PE,0.0,0.0,0.0,2.6,0.05,0,0.0,0,0,18-APR-2022,
OPTSTK,PFC,28-Apr-2022,103.0,PE,0.0,0.0,0.0,0.55,0.05,0,0.0,12400,0,18-APR-2022,
OPTSTK,PFC,28-Apr-2022,104.0,PE,0.0,0.0,0.0,3.1,0.05,0,0.0,0,0,18-APR-2022,
OPTSTK,PFC,28-Apr-2022,105.0,PE,0.2,0.25,0.1,0.15,0.15,130,847.99,756400,310000,18-APR-2022,
OPTSTK,PFC,28-Apr-2022,106.0,PE,0.0,0.0,0.0,3.65,0.1,0,0.0,0,0,18-APR-2022,
OPTSTK,PFC,28-Apr-2022,107.0,PE,0.0,0.0,0.0,0.3,0.15,0,0.0,6200,0,18-APR-2022,
OPTSTK,PFC,28-Apr-2022,108.0,PE,0.3,0.3,0.3,0.3,0.2,1,6.71,148800,0,18-APR-2022,
OPTSTK,PFC,28-Apr-2022,109.0,PE,0.0,0.0,0.0,4.6,0.3,0,0.0,0,0,18-APR-2022,
OPTSTK,PFC,28-Apr-2022,110.0,PE,0.65,0.65,0.3,0.35,0.35,271,1855.35,2182400,-260400,18-APR-2022,
OPTSTK,PFC,28-Apr-2022,111.0,PE,0.0,0.0,0.0,0.85,0.5,0,0.0,86800,0,18-APR-2022,
OPTSTK,PFC,28-Apr-2022,112.0,PE,0.6,0.7,0.45,0.45,0.45,14,97.77,427800,0,18-APR-2022,
OPTSTK,PFC,28-Apr-2022,113.0,PE,0.8,0.9,0.55,0.55,0.55,13,91.62,291400,-12400,18-APR-2022,
OPTSTK,PFC,28-Apr-2022,114.0,PE,0.9,1.1,0.7,0.75,0.75,57,405.93,322400,-86800,18-APR-2022,
OPTSTK,PFC,28-Apr-2022,115.0,PE,1.55,1.55,0.8,0.9,0.9,396,2851.51,2442800,520800,18-APR-2022,
OPTSTK,PFC,28-Apr-2022,116.0,PE,1.65,1.8,1.1,1.15,1.15,91,662.56,248000,-43400,18-APR-2022,
OPTSTK,PFC,28-Apr-2022,117.0,PE,2.0,2.25,1.35,1.45,1.45,45,331.38,347200,-37200,18-APR-2022,
OPTSTK,PFC,28-Apr-2022,118.0,PE,2.7,2.8,1.7,1.9,1.9,108,804.69,452600,-62000,18-APR-2022,
OPTSTK,PFC,28-Apr-2022,119.0,PE,2.85,3.05,2.05,2.35,2.35,62,466.55,328600,-12400,18-APR-2022,
OPTSTK,PFC,28-Apr-2022,120.0,PE,4.2,4.4,2.45,2.8,2.8,189,1441.88,3286000,-179800,18-APR-2022,
OPTSTK,PFC,28-Apr-2022,121.0,PE,4.25,4.75,2.7,4.25,4.1,26,201.26,272800,55800,18-APR-2022,
OPTSTK,PFC,28-Apr-2022,122.0,PE,5.55,5.6,3.9,4.0,4.0,14,109.65,415400,-55800,18-APR-2022,
OPTSTK,PFC,28-Apr-2022,123.0,PE,6.3,6.3,4.95,4.95,5.4,2,15.94,248000,6200,18-APR-2022,
OPTSTK,PFC,28-Apr-2022,124.0,PE,7.0,7.35,5.6,5.6,6.15,7,56.64,124000,6200,18-APR-2022,
OPTSTK,PFC,28-Apr-2022,125.0,PE,7.45,8.1,6.2,6.2,6.9,15,123.1,694400,-6200,18-APR-2022,
OPTSTK,PFC,28-Apr-2022,126.0,PE,8.65,9.05,8.65,9.05,7.7,2,16.72,24800,-6200,18-APR-2022,
OPTSTK,PFC,28-Apr-2022,127.0,PE,0.0,0.0,0.0,13.55,8.55,0,0.0,0,0,18-APR-2022,
OPTSTK,PFC,28-Apr-2022,128.0,PE,0.0,0.0,0.0,14.2,9.4,0,0.0,0,0,18-APR-2022,
OPTSTK,PFC,28-Apr-2022,129.0,PE,0.0,0.0,0.0,14.85,10.3,0,0.0,0,0,18-APR-2022,
OPTSTK,PFC,28-Apr-2022,130.0,PE,12.2,12.2,12.2,12.2,11.2,1,8.81,155000,-6200,18-APR-2022,
OPTSTK,PFC,28-Apr-2022,131.0,PE,0.0,0.0,0.0,16.2,12.1,0,0.0,0,0,18-APR-2022,
OPTSTK,PFC,28-Apr-2022,132.0,PE,0.0,0.0,0.0,16.9,13.05,0,0.0,0,0,18-APR-2022,
OPTSTK,PFC,28-Apr-2022,133.0,PE,0.0,0.0,0.0,17.65,14.0,0,0.0,0,0,18-APR-2022,
OPTSTK,PFC,28-Apr-2022,134.0,PE,0.0,0.0,0.0,18.35,14.95,0,0.0,0,0,18-APR-2022,
OPTSTK,PFC,28-Apr-2022,135.0,PE,0.0,0.0,0.0,17.5,15.95,0,0.0,0,0,18-APR-2022,
OPTSTK,PFC,28-Apr-2022,136.0,PE,0.0,0.0,0.0,19.85,16.9,0,0.0,0,0,18-APR-2022,
OPTSTK,PFC,28-Apr-2022,137.0,PE,0.0,0.0,0.0,20.6,17.9,0,0.0,0,0,18-APR-2022,
OPTSTK,PFC,28-Apr-2022,138.0,PE,0.0,0.0,0.0,21.4,18.9,0,0.0,0,0,18-APR-2022,
OPTSTK,PFC,28-Apr-2022,139.0,PE,0.0,0.0,0.0,22.15,19.9,0,0.0,0,0,18-APR-2022,
OPTSTK,PFC,28-Apr-2022,140.0,PE,0.0,0.0,0.0,21.0,20.9,0,0.0,105400,0,18-APR-2022,
OPTSTK,PFC,28-Apr-2022,141.0,PE,0.0,0.0,0.0,23.75,21.85,0,0.0,0,0,18-APR-2022,
OPTSTK,PFC,28-Apr-2022,142.0,PE,0.0,0.0,0.0,24.55,22.85,0,0.0,0,0,18-APR-2022,
OPTSTK,PFC,28-Apr-2022,143.0,PE,0.0,0.0,0.0,25.4,23.85,0,0.0,0,0,18-APR-2022,
OPTSTK,PFC,28-Apr-2022,144.0,PE,0.0,0.0,0.0,26.2,24.85,0,0.0,0,0,18-APR-2022,
OPTSTK,PFC,28-Apr-2022,145.0,PE,0.0,0.0,0.0,29.6,25.85,0,0.0,6200,0,18-APR-2022,
OPTSTK,PFC,28-Apr-2022,146.0,PE,0.0,0.0,0.0,27.9,26.85,0,0.0,0,0,18-APR-2022,
OPTSTK,PFC,28-Apr-2022,147.0,PE,0.0,0.0,0.0,28.75,27.85,0,0.0,0,0,18-APR-2022,
OPTSTK,PFC,28-Apr-2022,148.0,PE,0.0,0.0,0.0,29.6,28.85,0,0.0,0,0,18-APR-2022,
OPTSTK,PFC,28-Apr-2022,149.0,PE,0.0,0.0,0.0,30.45,29.85,0,0.0,0,0,18-APR-2022,
OPTSTK,PFC,28-Apr-2022,150.0,PE,0.0,0.0,0.0,31.35,30.85,0,0.0,0,0,18-APR-2022,
OPTSTK,PFC,28-Apr-2022,151.0,PE,0.0,0.0,0.0,32.2,31.85,0,0.0,0,0,18-APR-2022,
OPTSTK,PFC,28-Apr-2022,152.0,PE,0.0,0.0,0.0,33.1,32.85,0,0.0,0,0,18-APR-2022,
OPTSTK,PFC,28-Apr-2022,153.0,PE,0.0,0.0,0.0,34.0,33.85,0,0.0,0,0,18-APR-2022,
OPTSTK,PFC,28-Apr-2022,154.0,PE,0.0,0.0,0.0,34.9,34.85,0,0.0,0,0,18-APR-2022,
OPTSTK,PFC,28-Apr-2022,155.0,PE,0.0,0.0,0.0,35.8,35.85,0,0.0,0,0,18-APR-2022,
OPTSTK,PFC,28-Apr-2022,156.0,PE,0.0,0.0,0.0,36.7,36.85,0,0.0,0,0,18-APR-2022,
OPTSTK,PFC,28-Apr-2022,157.0,PE,0.0,0.0,0.0,37.6,37.85,0,0.0,0,0,18-APR-2022,
OPTSTK,PFC,28-Apr-2022,158.0,PE,0.0,0.0,0.0,38.55,38.85,0,0.0,0,0,18-APR-2022,
OPTSTK,PFC,26-May-2022,86.0,CE,0.0,0.0,0.0,27.2,33.4,0,0.0,0,0,18-APR-2022,
OPTSTK,PFC,26-May-2022,87.0,CE,0.0,0.0,0.0,26.35,32.45,0,0.0,0,0,18-APR-2022,
OPTSTK,PFC,26-May-2022,88.0,CE,0.0,0.0,0.0,25.45,31.45,0,0.0,0,0,18-APR-2022,
OPTSTK,PFC,26-May-2022,89.0,CE,0.0,0.0,0.0,24.6,30.45,0,0.0,0,0,18-APR-2022,
OPTSTK,PFC,26-May-2022,90.0,CE,0.0,0.0,0.0,23.75,29.45,0,0.0,0,0,18-APR-2022,
OPTSTK,PFC,26-May-2022,91.0,CE,0.0,0.0,0.0,22.9,28.5,0,0.0,0,0,18-APR-2022,
OPTSTK,PFC,26-May-2022,92.0,CE,0.0,0.0,0.0,22.1,27.5,0,0.0,0,0,18-APR-2022,
OPTSTK,PFC,26-May-2022,93.0,CE,0.0,0.0,0.0,21.3,26.55,0,0.0,0,0,18-APR-2022,
OPTSTK,PFC,26-May-2022,94.0,CE,0.0,0.0,0.0,20.5,25.55,0,0.0,0,0,18-APR-2022,
OPTSTK,PFC,26-May-2022,95.0,CE,0.0,0.0,0.0,19.7,24.6,0,0.0,0,0,18-APR-2022,
OPTSTK,PFC,26-May-2022,96.0,CE,0.0,0.0,0.0,18.95,23.65,0,0.0,0,0,18-APR-2022,
OPTSTK,PFC,26-May-2022,97.0,CE,0.0,0.0,0.0,18.2,22.7,0,0.0,0,0,18-APR-2022,
OPTSTK,PFC,26-May-2022,98.0,CE,0.0,0.0,0.0,17.45,21.75,0,0.0,0,0,18-APR-2022,
OPTSTK,PFC,26-May-2022,99.0,CE,0.0,0.0,0.0,16.75,20.85,0,0.0,0,0,18-APR-2022,
OPTSTK,PFC,26-May-2022,100.0,CE,0.0,0.0,0.0,16.05,19.95,0,0.0,0,0,18-APR-2022,
OPTSTK,PFC,26-May-2022,101.0,CE,0.0,0.0,0.0,15.35,19.0,0,0.0,0,0,18-APR-2022,
OPTSTK,PFC,26-May-2022,102.0,CE,0.0,0.0,0.0,14.7,18.15,0,0.0,0,0,18-APR-2022,
OPTSTK,PFC,26-May-2022,103.0,CE,0.0,0.0,0.0,14.05,17.25,0,0.0,0,0,18-APR-2022,
OPTSTK,PFC,26-May-2022,104.0,CE,0.0,0.0,0.0,13.45,16.4,0,0.0,0,0,18-APR-2022,
OPTSTK,PFC,26-May-2022,105.0,CE,0.0,0.0,0.0,12.85,15.55,0,0.0,0,0,18-APR-2022,
OPTSTK,PFC,26-May-2022,106.0,CE,0.0,0.0,0.0,12.25,14.75,0,0.0,0,0,18-APR-2022,
OPTSTK,PFC,26-May-2022,107.0,CE,0.0,0.0,0.0,11.65,13.95,0,0.0,0,0,18-APR-2022,
OPTSTK,PFC,26-May-2022,108.0,CE,0.0,0.0,0.0,11.1,13.15,0,0.0,0,0,18-APR-2022,
OPTSTK,PFC,26-May-2022,109.0,CE,0.0,0.0,0.0,10.6,12.4,0,0.0,0,0,18-APR-2022,
OPTSTK,PFC,26-May-2022,110.0,CE,0.0,0.0,0.0,10.05,11.65,0,0.0,0,0,18-APR-2022,
OPTSTK,PFC,26-May-2022,111.0,CE,0.0,0.0,0.0,9.6,10.95,0,0.0,0,0,18-APR-2022,
OPTSTK,PFC,26-May-2022,112.0,CE,0.0,0.0,0.0,9.1,10.25,0,0.0,0,0,18-APR-2022,
OPTSTK,PFC,26-May-2022,113.0,CE,0.0,0.0,0.0,8.65,9.6,0,0.0,0,0,18-APR-2022,
OPTSTK,PFC,26-May-2022,114.0,CE,0.0,0.0,0.0,8.2,8.95,0,0.0,0,0,18-APR-2022,
OPTSTK,PFC,26-May-2022,115.0,CE,0.0,0.0,0.0,6.0,8.35,0,0.0,6200,0,18-APR-2022,
OPTSTK,PFC,26-May-2022,116.0,CE,0.0,0.0,0.0,7.35,7.75,0,0.0,0,0,18-APR-2022,
OPTSTK,PFC,26-May-2022,117.0,CE,0.0,0.0,0.0,6.95,7.2,0,0.0,0,0,18-APR-2022,
OPTSTK,PFC,26-May-2022,118.0,CE,0.0,0.0,0.0,6.6,6.7,0,0.0,0,0,18-APR-2022,
OPTSTK,PFC,26-May-2022,119.0,CE,0.0,0.0,0.0,6.25,6.2,0,0.0,0,0,18-APR-2022,
OPTSTK,PFC,26-May-2022,120.0,CE,4.05,4.8,3.3,4.55,4.55,46,353.11,303800,179800,18-APR-2022,
OPTSTK,PFC,26-May-2022,121.0,CE,0.0,0.0,0.0,5.55,5.25,0,0.0,0,0,18-APR-2022,
OPTSTK,PFC,26-May-2022,122.0,CE,0.0,0.0,0.0,5.25,4.85,0,0.0,0,0,18-APR-2022,
OPTSTK,PFC,26-May-2022,123.0,CE,3.0,3.0,3.0,3.0,4.45,1,7.81,6200,6200,18-APR-2022,
OPTSTK,PFC,26-May-2022,124.0,CE,0.0,0.0,0.0,4.65,4.1,0,0.0,0,0,18-APR-2022,
OPTSTK,PFC,26-May-2022,125.0,CE,2.25,2.8,1.7,2.75,2.75,40,315.95,266600,186000,18-APR-2022,
OPTSTK,PFC,26-May-2022,126.0,CE,0.0,0.0,0.0,4.15,3.4,0,0.0,0,0,18-APR-2022,
OPTSTK,PFC,26-May-2022,127.0,CE,0.0,0.0,0.0,3.9,3.1,0,0.0,0,0,18-APR-2022,
OPTSTK,PFC,26-May-2022,128.0,CE,0.0,0.0,0.0,3.7,2.8,0,0.0,0,0,18-APR-2022,
OPTSTK,PFC,26-May-2022,129.0,CE,0.0,0.0,0.0,3.45,2.55,0,0.0,0,0,18-APR-2022,
OPTSTK,PFC,26-May-2022,130.0,CE,1.3,1.65,1.05,1.65,2.35,27,220.01,223200,111600,18-APR-2022,
OPTSTK,PFC,26-May-2022,131.0,CE,0.0,0.0,0.0,3.05,2.1,0,0.0,0,0,18-APR-2022,
OPTSTK,PFC,26-May-2022,132.0,CE,0.0,0.0,0.0,2.85,1.9,0,0.0,0,0,18-APR-2022,
OPTSTK,PFC,26-May-2022,133.0,CE,0.0,0.0,0.0,2.7,1.7,0,0.0,0,0,18-APR-2022,
OPTSTK,PFC,26-May-2022,134.0,CE,0.0,0.0,0.0,2.5,1.55,0,0.0,0,0,18-APR-2022,
OPTSTK,PFC,26-May-2022,135.0,CE,0.9,1.0,0.9,1.0,1.0,6,50.58,37200,37200,18-APR-2022,
OPTSTK,PFC,26-May-2022,136.0,CE,0.0,0.0,0.0,2.2,1.25,0,0.0,0,0,18-APR-2022,
OPTSTK,PFC,26-May-2022,137.0,CE,0.0,0.0,0.0,2.05,1.1,0,0.0,0,0,18-APR-2022,
OPTSTK,PFC,26-May-2022,138.0,CE,0.0,0.0,0.0,1.95,1.0,0,0.0,0,0,18-APR-2022,
OPTSTK,PFC,26-May-2022,139.0,CE,0.0,0.0,0.0,1.8,0.9,0,0.0,0,0,18-APR-2022,
OPTSTK,PFC,26-May-2022,140.0,CE,0.0,0.0,0.0,1.7,0.8,0,0.0,0,0,18-APR-2022,
OPTSTK,PFC,26-May-2022,141.0,CE,0.0,0.0,0.0,1.6,0.7,0,0.0,0,0,18-APR-2022,
OPTSTK,PFC,26-May-2022,142.0,CE,0.0,0.0,0.0,1.5,0.65,0,0.0,0,0,18-APR-2022,
OPTSTK,PFC,26-May-2022,143.0,CE,0.0,0.0,0.0,1.4,0.55,0,0.0,0,0,18-APR-2022,
OPTSTK,PFC,26-May-2022,144.0,CE,0.0,0.0,0.0,1.3,0.5,0,0.0,0,0,18-APR-2022,
OPTSTK,PFC,26-May-2022,145.0,CE,0.0,0.0,0.0,1.0,0.45,0,0.0,6200,0,18-APR-2022,
OPTSTK,PFC,26-May-2022,146.0,CE,0.0,0.0,0.0,1.1,0.4,0,0.0,0,0,18-APR-2022,
OPTSTK,PFC,26-May-2022,147.0,CE,0.0,0.0,0.0,1.05,0.35,0,0.0,0,0,18-APR-2022,
OPTSTK,PFC,26-May-2022,148.0,CE,0.0,0.0,0.0,1.0,0.3,0,0.0,0,0,18-APR-2022,
OPTSTK,PFC,26-May-2022,149.0,CE,0.0,0.0,0.0,0.9,0.3,0,0.0,0,0,18-APR-2022,
OPTSTK,PFC,26-May-2022,150.0,CE,0.0,0.0,0.0,0.85,0.25,0,0.0,0,0,18-APR-2022,
OPTSTK,PFC,26-May-2022,151.0,CE,0.0,0.0,0.0,0.8,0.2,0,0.0,0,0,18-APR-2022,
OPTSTK,PFC,26-May-2022,152.0,CE,0.0,0.0,0.0,0.75,0.2,0,0.0,0,0,18-APR-2022,
OPTSTK,PFC,26-May-2022,86.0,PE,0.0,0.0,0.0,0.75,0.05,0,0.0,0,0,18-APR-2022,
OPTSTK,PFC,26-May-2022,87.0,PE,0.0,0.0,0.0,0.85,0.05,0,0.0,0,0,18-APR-2022,
OPTSTK,PFC,26-May-2022,88.0,PE,0.0,0.0,0.0,1.0,0.05,0,0.0,0,0,18-APR-2022,
OPTSTK,PFC,26-May-2022,89.0,PE,0.0,0.0,0.0,1.1,0.05,0,0.0,0,0,18-APR-2022,
OPTSTK,PFC,26-May-2022,90.0,PE,0.0,0.0,0.0,0.1,0.05,0,0.0,0,0,18-APR-2022,
OPTSTK,PFC,26-May-2022,91.0,PE,0.0,0.0,0.0,0.1,0.1,0,0.0,0,0,18-APR-2022,
OPTSTK,PFC,26-May-2022,92.0,PE,0.0,0.0,0.0,0.2,0.1,0,0.0,6200,0,18-APR-2022,
OPTSTK,PFC,26-May-2022,93.0,PE,0.0,0.0,0.0,0.7,0.15,0,0.0,6200,0,18-APR-2022,
OPTSTK,PFC,26-May-2022,94.0,PE,0.0,0.0,0.0,0.1,0.15,0,0.0,0,0,18-APR-2022,
OPTSTK,PFC,26-May-2022,95.0,PE,0.1,0.15,0.1,0.15,0.2,4,23.59,62000,0,18-APR-2022,
OPTSTK,PFC,26-May-2022,96.0,PE,0.0,0.0,0.0,0.3,0.25,0,0.0,0,0,18-APR-2022,
OPTSTK,PFC,26-May-2022,97.0,PE,0.0,0.0,0.0,2.6,0.3,0,0.0,0,0,18-APR-2022,
OPTSTK,PFC,26-May-2022,98.0,PE,0.0,0.0,0.0,0.3,0.35,0,0.0,0,0,18-APR-2022,
OPTSTK,PFC,26-May-2022,99.0,PE,0.0,0.0,0.0,0.2,0.4,0,0.0,0,0,18-APR-2022,
OPTSTK,PFC,26-May-2022,100.0,PE,0.0,0.0,0.0,3.45,0.5,0,0.0,0,0,18-APR-2022,
OPTSTK,PFC,26-May-2022,101.0,PE,1.1,1.1,0.2,0.2,0.6,2,12.6,6200,6200,18-APR-2022,
OPTSTK,PFC,26-May-2022,102.0,PE,0.0,0.0,0.0,4.1,0.7,0,0.0,0,0,18-APR-2022,
OPTSTK,PFC,26-May-2022,103.0,PE,0.0,0.0,0.0,4.45,0.8,0,0.0,0,0,18-APR-2022,
OPTSTK,PFC,26-May-2022,104.0,PE,0.2,0.2,0.2,0.2,0.95,1,6.46,6200,-6200,18-APR-2022,
OPTSTK,PFC,26-May-2022,105.0,PE,0.0,0.0,0.0,1.0,1.1,0,0.0,18600,0,18-APR-2022,
OPTSTK,PFC,26-May-2022,106.0,PE,0.0,0.0,0.0,5.6,1.25,0,0.0,0,0,18-APR-2022,
OPTSTK,PFC,26-May-2022,107.0,PE,1.4,1.4,0.6,0.6,1.45,2,13.39,6200,6200,18-APR-2022,
OPTSTK,PFC,26-May-2022,108.0,PE,0.4,0.4,0.35,0.35,1.65,2,13.43,0,-12400,18-APR-2022,
OPTSTK,PFC,26-May-2022,109.0,PE,0.3,1.4,0.25,0.8,1.9,5,34.0,18600,-6200,18-APR-2022,
OPTSTK,PFC,26-May-2022,110.0,PE,1.5,1.7,1.5,1.7,2.15,3,20.76,142600,18600,18-APR-2022,
OPTSTK,PFC,26-May-2022,111.0,PE,0.0,0.0,0.0,7.85,2.45,0,0.0,0,0,18-APR-2022,
OPTSTK,PFC,26-May-2022,112.0,PE,0.0,0.0,0.0,8.4,2.75,0,0.0,0,0,18-APR-2022,
OPTSTK,PFC,26-May-2022,113.0,PE,0.0,0.0,0.0,8.9,3.1,0,0.0,0,0,18-APR-2022,
OPTSTK,PFC,26-May-2022,114.0,PE,0.0,0.0,0.0,9.45,3.45,0,0.0,0,0,18-APR-2022,
OPTSTK,PFC,26-May-2022,115.0,PE,2.95,3.0,2.95,2.95,3.85,4,29.25,124000,24800,18-APR-2022,
OPTSTK,PFC,26-May-2022,116.0,PE,0.0,0.0,0.0,10.6,4.25,0,0.0,0,0,18-APR-2022,
OPTSTK,PFC,26-May-2022,117.0,PE,0.0,0.0,0.0,11.2,4.7,0,0.0,0,0,18-APR-2022,
OPTSTK,PFC,26-May-2022,118.0,PE,0.0,0.0,0.0,11.8,5.15,0,0.0,0,0,18-APR-2022,
OPTSTK,PFC,26-May-2022,119.0,PE,0.0,0.0,0.0,12.45,5.65,0,0.0,0,0,18-APR-2022,
OPTSTK,PFC,26-May-2022,120.0,PE,4.6,5.4,4.5,4.5,4.5,10,77.43,142600,12400,18-APR-2022,
OPTSTK,PFC,26-May-2022,121.0,PE,0.0,0.0,0.0,13.75,6.75,0,0.0,0,0,18-APR-2022,
OPTSTK,PFC,26-May-2022,122.0,PE,0.0,0.0,0.0,14.45,7.3,0,0.0,0,0,18-APR-2022,
OPTSTK,PFC,26-May-2022,123.0,PE,0.0,0.0,0.0,15.1,7.9,0,0.0,0,0,18-APR-2022,
OPTSTK,PFC,26-May-2022,124.0,PE,0.0,0.0,0.0,15.85,8.55,0,0.0,0,0,18-APR-2022,
OPTSTK,PFC,26-May-2022,125.0,PE,0.0,0.0,0.0,8.5,9.2,0,0.0,6200,0,18-APR-2022,
OPTSTK,PFC,26-May-2022,126.0,PE,0.0,0.0,0.0,17.3,9.85,0,0.0,0,0,18-APR-2022,
OPTSTK,PFC,26-May-2022,127.0,PE,0.0,0.0,0.0,18.05,10.55,0,0.0,0,0,18-APR-2022,
OPTSTK,PFC,26-May-2022,128.0,PE,0.0,0.0,0.0,18.8,11.25,0,0.0,0,0,18-APR-2022,
OPTSTK,PFC,26-May-2022,129.0,PE,0.0,0.0,0.0,19.55,12.0,0,0.0,0,0,18-APR-2022,
OPTSTK,PFC,26-May-2022,130.0,PE,0.0,0.0,0.0,20.35,12.75,0,0.0,0,0,18-APR-2022,
OPTSTK,PFC,26-May-2022,131.0,PE,0.0,0.0,0.0,21.15,13.55,0,0.0,0,0,18-APR-2022,
OPTSTK,PFC,26-May-2022,132.0,PE,0.0,0.0,0.0,21.95,14.3,0,0.0,0,0,18-APR-2022,
OPTSTK,PFC,26-May-2022,133.0,PE,0.0,0.0,0.0,22.75,15.15,0,0.0,0,0,18-APR-2022,
OPTSTK,PFC,26-May-2022,134.0,PE,0.0,0.0,0.0,23.55,15.95,0,0.0,0,0,18-APR-2022,
OPTSTK,PFC,26-May-2022,135.0,PE,0.0,0.0,0.0,24.4,16.8,0,0.0,0,0,18-APR-2022,
OPTSTK,PFC,26-May-2022,136.0,PE,0.0,0.0,0.0,25.25,17.65,0,0.0,0,0,18-APR-2022,
OPTSTK,PFC,26-May-2022,137.0,PE,0.0,0.0,0.0,26.1,18.5,0,0.0,0,0,18-APR-2022,
OPTSTK,PFC,26-May-2022,138.0,PE,0.0,0.0,0.0,26.95,19.4,0,0.0,0,0,18-APR-2022,
OPTSTK,PFC,26-May-2022,139.0,PE,0.0,0.0,0.0,27.8,20.3,0,0.0,0,0,18-APR-2022,
OPTSTK,PFC,26-May-2022,140.0,PE,0.0,0.0,0.0,28.7,21.2,0,0.0,0,0,18-APR-2022,
OPTSTK,PFC,26-May-2022,141.0,PE,0.0,0.0,0.0,29.55,22.1,0,0.0,0,0,18-APR-2022,
OPTSTK,PFC,26-May-2022,142.0,PE,0.0,0.0,0.0,30.45,23.0,0,0.0,0,0,18-APR-2022,
OPTSTK,PFC,26-May-2022,143.0,PE,0.0,0.0,0.0,31.35,23.95,0,0.0,0,0,18-APR-2022,
OPTSTK,PFC,26-May-2022,144.0,PE,0.0,0.0,0.0,32.25,24.85,0,0.0,0,0,18-APR-2022,
OPTSTK,PFC,26-May-2022,145.0,PE,0.0,0.0,0.0,33.15,25.8,0,0.0,0,0,18-APR-2022,
OPTSTK,PFC,26-May-2022,146.0,PE,0.0,0.0,0.0,34.05,26.75,0,0.0,0,0,18-APR-2022,
OPTSTK,PFC,26-May-2022,147.0,PE,0.0,0.0,0.0,34.95,27.7,0,0.0,0,0,18-APR-2022,
OPTSTK,PFC,26-May-2022,148.0,PE,0.0,0.0,0.0,35.9,28.65,0,0.0,0,0,18-APR-2022,
OPTSTK,PFC,26-May-2022,149.0,PE,0.0,0.0,0.0,36.8,29.6,0,0.0,0,0,18-APR-2022,
OPTSTK,PFC,26-May-2022,150.0,PE,0.0,0.0,0.0,37.75,30.6,0,0.0,0,0,18-APR-2022,
OPTSTK,PFC,26-May-2022,151.0,PE,0.0,0.0,0.0,38.65,31.55,0,0.0,0,0,18-APR-2022,
OPTSTK,PFC,26-May-2022,152.0,PE,0.0,0.0,0.0,39.6,32.5,0,0.0,0,0,18-APR-2022,
OPTSTK,PFC,30-Jun-2022,86.0,CE,0.0,0.0,0.0,28.2,33.95,0,0.0,0,0,18-APR-2022,
OPTSTK,PFC,30-Jun-2022,87.0,CE,0.0,0.0,0.0,27.3,32.95,0,0.0,0,0,18-APR-2022,
OPTSTK,PFC,30-Jun-2022,88.0,CE,0.0,0.0,0.0,26.4,32.0,0,0.0,0,0,18-APR-2022,
OPTSTK,PFC,30-Jun-2022,89.0,CE,0.0,0.0,0.0,25.5,31.05,0,0.0,0,0,18-APR-2022,
OPTSTK,PFC,30-Jun-2022,90.0,CE,0.0,0.0,0.0,24.65,30.15,0,0.0,0,0,18-APR-2022,
OPTSTK,PFC,30-Jun-2022,91.0,CE,0.0,0.0,0.0,23.8,29.2,0,0.0,0,0,18-APR-2022,
OPTSTK,PFC,30-Jun-2022,92.0,CE,0.0,0.0,0.0,23.0,28.3,0,0.0,0,0,18-APR-2022,
OPTSTK,PFC,30-Jun-2022,93.0,CE,0.0,0.0,0.0,22.15,27.35,0,0.0,0,0,18-APR-2022,
OPTSTK,PFC,30-Jun-2022,94.0,CE,0.0,0.0,0.0,21.35,26.45,0,0.0,0,0,18-APR-2022,
OPTSTK,PFC,30-Jun-2022,95.0,CE,0.0,0.0,0.0,20.55,25.55,0,0.0,0,0,18-APR-2022,
OPTSTK,PFC,30-Jun-2022,96.0,CE,0.0,0.0,0.0,19.75,24.7,0,0.0,0,0,18-APR-2022,
OPTSTK,PFC,30-Jun-2022,97.0,CE,0.0,0.0,0.0,19.0,23.8,0,0.0,0,0,18-APR-2022,
OPTSTK,PFC,30-Jun-2022,98.0,CE,0.0,0.0,0.0,18.25,22.95,0,0.0,0,0,18-APR-2022,
OPTSTK,PFC,30-Jun-2022,99.0,CE,0.0,0.0,0.0,17.55,22.1,0,0.0,0,0,18-APR-2022,
OPTSTK,PFC,30-Jun-2022,100.0,CE,0.0,0.0,0.0,16.8,21.25,0,0.0,0,0,18-APR-2022,
OPTSTK,PFC,30-Jun-2022,101.0,CE,0.0,0.0,0.0,16.1,20.45,0,0.0,0,0,18-APR-2022,
OPTSTK,PFC,30-Jun-2022,102.0,CE,0.0,0.0,0.0,15.45,19.65,0,0.0,0,0,18-APR-2022,
OPTSTK,PFC,30-Jun-2022,103.0,CE,0.0,0.0,0.0,14.75,18.85,0,0.0,0,0,18-APR-2022,
OPTSTK,PFC,30-Jun-2022,104.0,CE,0.0,0.0,0.0,14.1,18.1,0,0.0,0,0,18-APR-2022,
OPTSTK,PFC,30-Jun-2022,105.0,CE,0.0,0.0,0.0,13.5,17.35,0,0.0,0,0,18-APR-2022,
OPTSTK,PFC,30-Jun-2022,106.0,CE,0.0,0.0,0.0,12.9,16.6,0,0.0,0,0,18-APR-2022,
OPTSTK,PFC,30-Jun-2022,107.0,CE,0.0,0.0,0.0,12.3,15.85,0,0.0,0,0,18-APR-2022,
OPTSTK,PFC,30-Jun-2022,108.0,CE,0.0,0.0,0.0,11.75,15.15,0,0.0,0,0,18-APR-2022,
OPTSTK,PFC,30-Jun-2022,109.0,CE,0.0,0.0,0.0,11.2,14.45,0,0.0,0,0,18-APR-2022,
OPTSTK,PFC,30-Jun-2022,110.0,CE,0.0,0.0,0.0,10.65,13.8,0,0.0,0,0,18-APR-2022,
OPTSTK,PFC,30-Jun-2022,111.0,CE,0.0,0.0,0.0,10.15,13.15,0,0.0,0,0,18-APR-2022,
OPTSTK,PFC,30-Jun-2022,112.0,CE,0.0,0.0,0.0,9.65,12.55,0,0.0,0,0,18-APR-2022,
OPTSTK,PFC,30-Jun-2022,113.0,CE,0.0,0.0,0.0,9.15,11.95,0,0.0,0,0,18-APR-2022,
OPTSTK,PFC,30-Jun-2022,114.0,CE,0.0,0.0,0.0,8.7,11.35,0,0.0,0,0,18-APR-2022,
OPTSTK,PFC,30-Jun-2022,115.0,CE,0.0,0.0,0.0,8.25,10.75,0,0.0,0,0,18-APR-2022,
OPTSTK,PFC,30-Jun-2022,116.0,CE,0.0,0.0,0.0,7.8,10.2,0,0.0,0,0,18-APR-2022,
OPTSTK,PFC,30-Jun-2022,117.0,CE,0.0,0.0,0.0,7.4,9.7,0,0.0,0,0,18-APR-2022,
OPTSTK,PFC,30-Jun-2022,118.0,CE,0.0,0.0,0.0,7.0,9.2,0,0.0,0,0,18-APR-2022,
OPTSTK,PFC,30-Jun-2022,119.0,CE,0.0,0.0,0.0,6.65,8.7,0,0.0,0,0,18-APR-2022,
OPTSTK,PFC,30-Jun-2022,120.0,CE,0.0,0.0,0.0,6.0,8.2,0,0.0,6200,0,18-APR-2022,
OPTSTK,PFC,30-Jun-2022,121.0,CE,0.0,0.0,0.0,5.95,7.75,0,0.0,0,0,18-APR-2022,
OPTSTK,PFC,30-Jun-2022,122.0,CE,0.0,0.0,0.0,5.6,7.35,0,0.0,0,0,18-APR-2022,
OPTSTK,PFC,30-Jun-2022,123.0,CE,0.0,0.0,0.0,5.3,6.9,0,0.0,0,0,18-APR-2022,
OPTSTK,PFC,30-Jun-2022,124.0,CE,0.0,0.0,0.0,5.0,6.5,0,0.0,0,0,18-APR-2022,
OPTSTK,PFC,30-Jun-2022,125.0,CE,0.0,0.0,0.0,4.7,6.15,0,0.0,0,0,18-APR-2022,
OPTSTK,PFC,30-Jun-2022,126.0,CE,0.0,0.0,0.0,4.45,5.8,0,0.0,0,0,18-APR-2022,
OPTSTK,PFC,30-Jun-2022,127.0,CE,0.0,0.0,0.0,4.2,5.45,0,0.0,0,0,18-APR-2022,
OPTSTK,PFC,30-Jun-2022,128.0,CE,0.0,0.0,0.0,3.95,5.1,0,0.0,0,0,18-APR-2022,
OPTSTK,PFC,30-Jun-2022,129.0,CE,0.0,0.0,0.0,3.7,4.8,0,0.0,0,0,18-APR-2022,
OPTSTK,PFC,30-Jun-2022,130.0,CE,0.0,0.0,0.0,3.5,4.5,0,0.0,0,0,18-APR-2022,
OPTSTK,PFC,30-Jun-2022,131.0,CE,0.0,0.0,0.0,3.25,4.2,0,0.0,0,0,18-APR-2022,
OPTSTK,PFC,30-Jun-2022,132.0,CE,0.0,0.0,0.0,3.1,3.95,0,0.0,0,0,18-APR-2022,
OPTSTK,PFC,30-Jun-2022,133.0,CE,0.0,0.0,0.0,2.9,3.7,0,0.0,0,0,18-APR-2022,
OPTSTK,PFC,30-Jun-2022,134.0,CE,0.0,0.0,0.0,2.7,3.45,0,0.0,0,0,18-APR-2022,
OPTSTK,PFC,30-Jun-2022,135.0,CE,0.0,0.0,0.0,2.55,3.25,0,0.0,0,0,18-APR-2022,
OPTSTK,PFC,30-Jun-2022,136.0,CE,0.0,0.0,0.0,2.4,3.0,0,0.0,0,0,18-APR-2022,
OPTSTK,PFC,30-Jun-2022,137.0,CE,0.0,0.0,0.0,2.25,2.8,0,0.0,0,0,18-APR-2022,
OPTSTK,PFC,30-Jun-2022,138.0,CE,0.0,0.0,0.0,2.1,2.65,0,0.0,0,0,18-APR-2022,
OPTSTK,PFC,30-Jun-2022,139.0,CE,0.0,0.0,0.0,1.95,2.45,0,0.0,0,0,18-APR-2022,
OPTSTK,PFC,30-Jun-2022,140.0,CE,0.0,0.0,0.0,1.85,2.3,0,0.0,0,0,18-APR-2022,
OPTSTK,PFC,30-Jun-2022,141.0,CE,0.0,0.0,0.0,1.7,2.15,0,0.0,0,0,18-APR-2022,
OPTSTK,PFC,30-Jun-2022,142.0,CE,0.0,0.0,0.0,1.6,2.0,0,0.0,0,0,18-APR-2022,
OPTSTK,PFC,30-Jun-2022,143.0,CE,0.0,0.0,0.0,1.5,1.85,0,0.0,0,0,18-APR-2022,
OPTSTK,PFC,30-Jun-2022,144.0,CE,0.0,0.0,0.0,1.4,1.7,0,0.0,0,0,18-APR-2022,
OPTSTK,PFC,30-Jun-2022,145.0,CE,0.0,0.0,0.0,1.3,1.6,0,0.0,0,0,18-APR-2022,
OPTSTK,PFC,30-Jun-2022,146.0,CE,0.0,0.0,0.0,1.2,1.45,0,0.0,0,0,18-APR-2022,
OPTSTK,PFC,30-Jun-2022,147.0,CE,0.0,0.0,0.0,1.15,1.35,0,0.0,0,0,18-APR-2022,
OPTSTK,PFC,30-Jun-2022,148.0,CE,0.0,0.0,0.0,1.05,1.25,0,0.0,0,0,18-APR-2022,
OPTSTK,PFC,30-Jun-2022,149.0,CE,0.0,0.0,0.0,1.0,1.15,0,0.0,0,0,18-APR-2022,
OPTSTK,PFC,30-Jun-2022,150.0,CE,0.0,0.0,0.0,0.9,1.1,0,0.0,0,0,18-APR-2022,
OPTSTK,PFC,30-Jun-2022,151.0,CE,0.0,0.0,0.0,0.85,1.0,0,0.0,0,0,18-APR-2022,
OPTSTK,PFC,30-Jun-2022,152.0,CE,0.0,0.0,0.0,0.8,0.95,0,0.0,0,0,18-APR-2022,
OPTSTK,PFC,30-Jun-2022,86.0,PE,0.0,0.0,0.0,0.65,0.2,0,0.0,0,0,18-APR-2022,
OPTSTK,PFC,30-Jun-2022,87.0,PE,0.0,0.0,0.0,0.75,0.25,0,0.0,0,0,18-APR-2022,
OPTSTK,PFC,30-Jun-2022,88.0,PE,0.0,0.0,0.0,0.85,0.25,0,0.0,0,0,18-APR-2022,
OPTSTK,PFC,30-Jun-2022,89.0,PE,0.0,0.0,0.0,1.0,0.3,0,0.0,0,0,18-APR-2022,
OPTSTK,PFC,30-Jun-2022,90.0,PE,0.0,0.0,0.0,1.1,0.35,0,0.0,0,0,18-APR-2022,
OPTSTK,PFC,30-Jun-2022,91.0,PE,0.0,0.0,0.0,1.25,0.45,0,0.0,0,0,18-APR-2022,
OPTSTK,PFC,30-Jun-2022,92.0,PE,0.0,0.0,0.0,1.4,0.5,0,0.0,0,0,18-APR-2022,
OPTSTK,PFC,30-Jun-2022,93.0,PE,0.0,0.0,0.0,1.55,0.6,0,0.0,0,0,18-APR-2022,
OPTSTK,PFC,30-Jun-2022,94.0,PE,0.0,0.0,0.0,1.75,0.65,0,0.0,0,0,18-APR-2022,
OPTSTK,PFC,30-Jun-2022,95.0,PE,0.0,0.0,0.0,1.95,0.75,0,0.0,0,0,18-APR-2022,
OPTSTK,PFC,30-Jun-2022,96.0,PE,0.0,0.0,0.0,2.15,0.85,0,0.0,0,0,18-APR-2022,
OPTSTK,PFC,30-Jun-2022,97.0,PE,0.0,0.0,0.0,2.4,1.0,0,0.0,0,0,18-APR-2022,
OPTSTK,PFC,30-Jun-2022,98.0,PE,0.0,0.0,0.0,2.65,1.1,0,0.0,0,0,18-APR-2022,
OPTSTK,PFC,30-Jun-2022,99.0,PE,0.0,0.0,0.0,2.9,1.25,0,0.0,0,0,18-APR-2022,
OPTSTK,PFC,30-Jun-2022,100.0,PE,0.0,0.0,0.0,3.15,1.4,0,0.0,0,0,18-APR-2022,
OPTSTK,PFC,30-Jun-2022,101.0,PE,0.0,0.0,0.0,3.45,1.6,0,0.0,0,0,18-APR-2022,
OPTSTK,PFC,30-Jun-2022,102.0,PE,0.0,0.0,0.0,3.75,1.8,0,0.0,0,0,18-APR-2022,
OPTSTK,PFC,30-Jun-2022,103.0,PE,0.0,0.0,0.0,4.1,2.0,0,0.0,0,0,18-APR-2022,
OPTSTK,PFC,30-Jun-2022,104.0,PE,0.0,0.0,0.0,4.45,2.2,0,0.0,0,0,18-APR-2022,
OPTSTK,PFC,30-Jun-2022,105.0,PE,0.0,0.0,0.0,4.8,2.45,0,0.0,0,0,18-APR-2022,
OPTSTK,PFC,30-Jun-2022,106.0,PE,0.0,0.0,0.0,5.15,2.7,0,0.0,0,0,18-APR-2022,
OPTSTK,PFC,30-Jun-2022,107.0,PE,0.0,0.0,0.0,5.55,2.95,0,0.0,0,0,18-APR-2022,
OPTSTK,PFC,30-Jun-2022,108.0,PE,0.0,0.0,0.0,6.0,3.25,0,0.0,0,0,18-APR-2022,
OPTSTK,PFC,30-Jun-2022,109.0,PE,0.0,0.0,0.0,6.45,3.55,0,0.0,0,0,18-APR-2022,
OPTSTK,PFC,30-Jun-2022,110.0,PE,0.0,0.0,0.0,6.9,3.9,0,0.0,0,0,18-APR-2022,
OPTSTK,PFC,30-Jun-2022,111.0,PE,0.0,0.0,0.0,7.35,4.2,0,0.0,0,0,18-APR-2022,
OPTSTK,PFC,30-Jun-2022,112.0,PE,0.0,0.0,0.0,7.85,4.6,0,0.0,0,0,18-APR-2022,
OPTSTK,PFC,30-Jun-2022,113.0,PE,0.0,0.0,0.0,8.35,4.95,0,0.0,0,0,18-APR-2022,
OPTSTK,PFC,30-Jun-2022,114.0,PE,0.0,0.0,0.0,8.9,5.35,0,0.0,0,0,18-APR-2022,
OPTSTK,PFC,30-Jun-2022,115.0,PE,0.0,0.0,0.0,9.45,5.8,0,0.0,0,0,18-APR-2022,
OPTSTK,PFC,30-Jun-2022,116.0,PE,0.0,0.0,0.0,10.0,6.25,0,0.0,0,0,18-APR-2022,
OPTSTK,PFC,30-Jun-2022,117.0,PE,0.0,0.0,0.0,10.6,6.7,0,0.0,0,0,18-APR-2022,
OPTSTK,PFC,30-Jun-2022,118.0,PE,0.0,0.0,0.0,11.15,7.2,0,0.0,0,0,18-APR-2022,
OPTSTK,PFC,30-Jun-2022,119.0,PE,0.0,0.0,0.0,11.8,7.7,0,0.0,0,0,18-APR-2022,
OPTSTK,PFC,30-Jun-2022,120.0,PE,0.0,0.0,0.0,12.4,8.2,0,0.0,0,0,18-APR-2022,
OPTSTK,PFC,30-Jun-2022,121.0,PE,0.0,0.0,0.0,13.05,8.75,0,0.0,0,0,18-APR-2022,
OPTSTK,PFC,30-Jun-2022,122.0,PE,0.0,0.0,0.0,13.7,9.3,0,0.0,0,0,18-APR-2022,
OPTSTK,PFC,30-Jun-2022,123.0,PE,0.0,0.0,0.0,14.4,9.85,0,0.0,0,0,18-APR-2022,
OPTSTK,PFC,30-Jun-2022,124.0,PE,0.0,0.0,0.0,15.1,10.45,0,0.0,0,0,18-APR-2022,
OPTSTK,PFC,30-Jun-2022,125.0,PE,0.0,0.0,0.0,15.8,11.1,0,0.0,0,0,18-APR-2022,
OPTSTK,PFC,30-Jun-2022,126.0,PE,0.0,0.0,0.0,16.5,11.7,0,0.0,0,0,18-APR-2022,
OPTSTK,PFC,30-Jun-2022,127.0,PE,0.0,0.0,0.0,17.25,12.35,0,0.0,0,0,18-APR-2022,
OPTSTK,PFC,30-Jun-2022,128.0,PE,0.0,0.0,0.0,18.0,13.0,0,0.0,0,0,18-APR-2022,
OPTSTK,PFC,30-Jun-2022,129.0,PE,0.0,0.0,0.0,18.75,13.7,0,0.0,0,0,18-APR-2022,
OPTSTK,PFC,30-Jun-2022,130.0,PE,0.0,0.0,0.0,19.5,14.4,0,0.0,0,0,18-APR-2022,
OPTSTK,PFC,30-Jun-2022,131.0,PE,0.0,0.0,0.0,20.3,15.1,0,0.0,0,0,18-APR-2022,
OPTSTK,PFC,30-Jun-2022,132.0,PE,0.0,0.0,0.0,21.1,15.85,0,0.0,0,0,18-APR-2022,
OPTSTK,PFC,30-Jun-2022,133.0,PE,0.0,0.0,0.0,21.9,16.55,0,0.0,0,0,18-APR-2022,
OPTSTK,PFC,30-Jun-2022,134.0,PE,0.0,0.0,0.0,22.7,17.35,0,0.0,0,0,18-APR-2022,
OPTSTK,PFC,30-Jun-2022,135.0,PE,0.0,0.0,0.0,23.5,18.1,0,0.0,0,0,18-APR-2022,
OPTSTK,PFC,30-Jun-2022,136.0,PE,0.0,0.0,0.0,24.35,18.85,0,0.0,0,0,18-APR-2022,
OPTSTK,PFC,30-Jun-2022,137.0,PE,0.0,0.0,0.0,25.2,19.65,0,0.0,0,0,18-APR-2022,
OPTSTK,PFC,30-Jun-2022,138.0,PE,0.0,0.0,0.0,26.05,20.45,0,0.0,0,0,18-APR-2022,
OPTSTK,PFC,30-Jun-2022,139.0,PE,0.0,0.0,0.0,26.9,21.25,0,0.0,0,0,18-APR-2022,
OPTSTK,PFC,30-Jun-2022,140.0,PE,0.0,0.0,0.0,27.75,22.1,0,0.0,0,0,18-APR-2022,
OPTSTK,PFC,30-Jun-2022,141.0,PE,0.0,0.0,0.0,28.65,22.95,0,0.0,0,0,18-APR-2022,
OPTSTK,PFC,30-Jun-2022,142.0,PE,0.0,0.0,0.0,29.5,23.8,0,0.0,0,0,18-APR-2022,
OPTSTK,PFC,30-Jun-2022,143.0,PE,0.0,0.0,0.0,30.4,24.65,0,0.0,0,0,18-APR-2022,
OPTSTK,PFC,30-Jun-2022,144.0,PE,0.0,0.0,0.0,31.3,25.5,0,0.0,0,0,18-APR-2022,
OPTSTK,PFC,30-Jun-2022,145.0,PE,0.0,0.0,0.0,32.2,26.35,0,0.0,0,0,18-APR-2022,
OPTSTK,PFC,30-Jun-2022,146.0,PE,0.0,0.0,0.0,33.1,27.25,0,0.0,0,0,18-APR-2022,
OPTSTK,PFC,30-Jun-2022,147.0,PE,0.0,0.0,0.0,34.0,28.1,0,0.0,0,0,18-APR-2022,
OPTSTK,PFC,30-Jun-2022,148.0,PE,0.0,0.0,0.0,34.9,29.0,0,0.0,0,0,18-APR-2022,
OPTSTK,PFC,30-Jun-2022,149.0,PE,0.0,0.0,0.0,35.8,29.9,0,0.0,0,0,18-APR-2022,
OPTSTK,PFC,30-Jun-2022,150.0,PE,0.0,0.0,0.0,36.75,30.8,0,0.0,0,0,18-APR-2022,
OPTSTK,PFC,30-Jun-2022,151.0,PE,0.0,0.0,0.0,37.65,31.75,0,0.0,0,0,18-APR-2022,
OPTSTK,PFC,30-Jun-2022,152.0,PE,0.0,0.0,0.0,38.6,32.65,0,0.0,0,0,18-APR-2022,
OPTSTK,PFIZER,28-Apr-2022,3200.0,CE,0.0,0.0,0.0,1275.65,1262.9,0,0.0,0,0,18-APR-2022,
OPTSTK,PFIZER,28-Apr-2022,3250.0,CE,0.0,0.0,0.0,1227.85,1213.0,0,0.0,0,0,18-APR-2022,
OPTSTK,PFIZER,28-Apr-2022,3300.0,CE,0.0,0.0,0.0,1180.4,1163.05,0,0.0,0,0,18-APR-2022,
OPTSTK,PFIZER,28-Apr-2022,3350.0,CE,0.0,0.0,0.0,1133.35,1113.1,0,0.0,0,0,18-APR-2022,
OPTSTK,PFIZER,28-Apr-2022,3400.0,CE,0.0,0.0,0.0,1086.75,1063.15,0,0.0,0,0,18-APR-2022,
OPTSTK,PFIZER,28-Apr-2022,3450.0,CE,0.0,0.0,0.0,1040.7,1013.2,0,0.0,0,0,18-APR-2022,
OPTSTK,PFIZER,28-Apr-2022,3500.0,CE,0.0,0.0,0.0,995.25,963.25,0,0.0,0,0,18-APR-2022,
OPTSTK,PFIZER,28-Apr-2022,3550.0,CE,0.0,0.0,0.0,950.45,913.3,0,0.0,0,0,18-APR-2022,
OPTSTK,PFIZER,28-Apr-2022,3600.0,CE,0.0,0.0,0.0,906.35,863.35,0,0.0,0,0,18-APR-2022,
OPTSTK,PFIZER,28-Apr-2022,3650.0,CE,0.0,0.0,0.0,863.05,813.45,0,0.0,0,0,18-APR-2022,
OPTSTK,PFIZER,28-Apr-2022,3700.0,CE,0.0,0.0,0.0,820.6,763.5,0,0.0,0,0,18-APR-2022,
OPTSTK,PFIZER,28-Apr-2022,3750.0,CE,0.0,0.0,0.0,779.05,713.6,0,0.0,0,0,18-APR-2022,
OPTSTK,PFIZER,28-Apr-2022,3800.0,CE,0.0,0.0,0.0,738.5,663.7,0,0.0,0,0,18-APR-2022,
OPTSTK,PFIZER,28-Apr-2022,3850.0,CE,0.0,0.0,0.0,698.95,613.9,0,0.0,0,0,18-APR-2022,
OPTSTK,PFIZER,28-Apr-2022,3900.0,CE,0.0,0.0,0.0,660.45,564.2,0,0.0,0,0,18-APR-2022,
OPTSTK,PFIZER,28-Apr-2022,3950.0,CE,0.0,0.0,0.0,623.25,514.8,0,0.0,0,0,18-APR-2022,
OPTSTK,PFIZER,28-Apr-2022,4000.0,CE,0.0,0.0,0.0,587.05,465.75,0,0.0,0,0,18-APR-2022,
OPTSTK,PFIZER,28-Apr-2022,4050.0,CE,0.0,0.0,0.0,552.05,417.4,0,0.0,0,0,18-APR-2022,
OPTSTK,PFIZER,28-Apr-2022,4100.0,CE,0.0,0.0,0.0,518.2,370.0,0,0.0,0,0,18-APR-2022,
OPTSTK,PFIZER,28-Apr-2022,4150.0,CE,0.0,0.0,0.0,485.75,323.95,0,0.0,0,0,18-APR-2022,
OPTSTK,PFIZER,28-Apr-2022,4200.0,CE,0.0,0.0,0.0,454.65,279.85,0,0.0,0,0,18-APR-2022,
OPTSTK,PFIZER,28-Apr-2022,4250.0,CE,0.0,0.0,0.0,424.85,238.1,0,0.0,0,0,18-APR-2022,
OPTSTK,PFIZER,28-Apr-2022,4300.0,CE,0.0,0.0,0.0,396.35,199.45,0,0.0,0,0,18-APR-2022,
OPTSTK,PFIZER,28-Apr-2022,4350.0,CE,0.0,0.0,0.0,369.2,163.8,0,0.0,0,0,18-APR-2022,
OPTSTK,PFIZER,28-Apr-2022,4400.0,CE,121.45,168.85,121.45,137.75,132.15,7,39.71,375,-125,18-APR-2022,
OPTSTK,PFIZER,28-Apr-2022,4450.0,CE,110.0,121.0,109.2,109.2,104.5,3,17.11,500,-375,18-APR-2022,
OPTSTK,PFIZER,28-Apr-2022,4500.0,CE,54.8,106.0,45.0,70.9,70.9,121,693.91,10250,875,18-APR-2022,
OPTSTK,PFIZER,28-Apr-2022,4550.0,CE,64.85,120.0,43.3,50.75,50.75,23,132.89,2625,625,18-APR-2022,
OPTSTK,PFIZER,28-Apr-2022,4600.0,CE,25.25,65.55,20.7,37.15,37.15,68,394.52,6125,1125,18-APR-2022,
OPTSTK,PFIZER,28-Apr-2022,4650.0,CE,23.95,40.15,18.7,22.3,22.3,33,192.85,2625,1625,18-APR-2022,
OPTSTK,PFIZER,28-Apr-2022,4700.0,CE,36.5,36.5,16.35,21.35,23.4,18,106.21,4125,500,18-APR-2022,
OPTSTK,PFIZER,28-Apr-2022,4750.0,CE,0.0,0.0,0.0,197.75,16.2,0,0.0,0,0,18-APR-2022,
OPTSTK,PFIZER,28-Apr-2022,4800.0,CE,6.25,6.25,6.1,6.1,10.95,5,30.03,1125,-125,18-APR-2022,
OPTSTK,PFIZER,28-Apr-2022,4850.0,CE,0.0,0.0,0.0,166.65,7.25,0,0.0,0,0,18-APR-2022,
OPTSTK,PFIZER,28-Apr-2022,4900.0,CE,0.0,0.0,0.0,152.65,4.7,0,0.0,0,0,18-APR-2022,
OPTSTK,PFIZER,28-Apr-2022,4950.0,CE,0.0,0.0,0.0,139.8,2.95,0,0.0,0,0,18-APR-2022,
OPTSTK,PFIZER,28-Apr-2022,5000.0,CE,4.0,4.3,4.0,4.0,4.0,20,125.1,5250,-125,18-APR-2022,
OPTSTK,PFIZER,28-Apr-2022,5050.0,CE,0.0,0.0,0.0,116.65,1.1,0,0.0,0,0,18-APR-2022,
OPTSTK,PFIZER,28-Apr-2022,5100.0,CE,0.0,0.0,0.0,106.15,0.65,0,0.0,0,0,18-APR-2022,
OPTSTK,PFIZER,28-Apr-2022,5150.0,CE,0.0,0.0,0.0,96.6,0.4,0,0.0,0,0,18-APR-2022,
OPTSTK,PFIZER,28-Apr-2022,5200.0,CE,0.0,0.0,0.0,87.75,0.25,0,0.0,0,0,18-APR-2022,
OPTSTK,PFIZER,28-Apr-2022,5250.0,CE,0.0,0.0,0.0,79.65,0.15,0,0.0,0,0,18-APR-2022,
OPTSTK,PFIZER,28-Apr-2022,5300.0,CE,0.0,0.0,0.0,72.2,0.1,0,0.0,0,0,18-APR-2022,
OPTSTK,PFIZER,28-Apr-2022,5350.0,CE,0.0,0.0,0.0,65.35,0.05,0,0.0,0,0,18-APR-2022,
OPTSTK,PFIZER,28-Apr-2022,5400.0,CE,0.0,0.0,0.0,59.1,0.05,0,0.0,0,0,18-APR-2022,
OPTSTK,PFIZER,28-Apr-2022,5450.0,CE,0.0,0.0,0.0,53.4,0.05,0,0.0,0,0,18-APR-2022,
OPTSTK,PFIZER,28-Apr-2022,5500.0,CE,0.0,0.0,0.0,3.0,0.0,0,0.0,125,0,18-APR-2022,
OPTSTK,PFIZER,28-Apr-2022,5550.0,CE,0.0,0.0,0.0,43.4,0.0,0,0.0,0,0,18-APR-2022,
OPTSTK,PFIZER,28-Apr-2022,5600.0,CE,0.0,0.0,0.0,39.05,0.0,0,0.0,0,0,18-APR-2022,
OPTSTK,PFIZER,28-Apr-2022,5650.0,CE,0.0,0.0,0.0,35.1,0.0,0,0.0,0,0,18-APR-2022,
OPTSTK,PFIZER,28-Apr-2022,5700.0,CE,0.0,0.0,0.0,31.55,0.0,0,0.0,0,0,18-APR-2022,
OPTSTK,PFIZER,28-Apr-2022,5750.0,CE,0.0,0.0,0.0,28.3,0.0,0,0.0,0,0,18-APR-2022,
OPTSTK,PFIZER,28-Apr-2022,5800.0,CE,0.0,0.0,0.0,25.35,0.0,0,0.0,0,0,18-APR-2022,
OPTSTK,PFIZER,28-Apr-2022,5850.0,CE,0.0,0.0,0.0,22.7,0.0,0,0.0,0,0,18-APR-2022,
OPTSTK,PFIZER,28-Apr-2022,5900.0,CE,0.0,0.0,0.0,20.3,0.0,0,0.0,0,0,18-APR-2022,
OPTSTK,PFIZER,28-Apr-2022,5950.0,CE,0.0,0.0,0.0,18.15,0.0,0,0.0,0,0,18-APR-2022,
OPTSTK,PFIZER,28-Apr-2022,6000.0,CE,0.0,0.0,0.0,16.2,0.0,0,0.0,0,0,18-APR-2022,
OPTSTK,PFIZER,28-Apr-2022,6050.0,CE,0.0,0.0,0.0,14.45,0.0,0,0.0,0,0,18-APR-2022,
OPTSTK,PFIZER,28-Apr-2022,6100.0,CE,0.0,0.0,0.0,12.85,0.0,0,0.0,0,0,18-APR-2022,
OPTSTK,PFIZER,28-Apr-2022,6150.0,CE,0.0,0.0,0.0,11.45,0.0,0,0.0,0,0,18-APR-2022,
OPTSTK,PFIZER,28-Apr-2022,6200.0,CE,0.0,0.0,0.0,10.2,0.0,0,0.0,0,0,18-APR-2022,
OPTSTK,PFIZER,28-Apr-2022,6250.0,CE,0.0,0.0,0.0,9.05,0.0,0,0.0,0,0,18-APR-2022,
OPTSTK,PFIZER,28-Apr-2022,6300.0,CE,0.0,0.0,0.0,8.05,0.0,0,0.0,0,0,18-APR-2022,
OPTSTK,PFIZER,28-Apr-2022,6350.0,CE,0.0,0.0,0.0,7.15,0.0,0,0.0,0,0,18-APR-2022,
OPTSTK,PFIZER,28-Apr-2022,6400.0,CE,0.0,0.0,0.0,6.35,0.0,0,0.0,0,0,18-APR-2022,
OPTSTK,PFIZER,28-Apr-2022,6450.0,CE,0.0,0.0,0.0,5.6,0.0,0,0.0,0,0,18-APR-2022,
OPTSTK,PFIZER,28-Apr-2022,3200.0,PE,0.0,0.0,0.0,6.0,0.0,0,0.0,0,0,18-APR-2022,
OPTSTK,PFIZER,28-Apr-2022,3250.0,PE,0.0,0.0,0.0,7.7,0.0,0,0.0,0,0,18-APR-2022,
OPTSTK,PFIZER,28-Apr-2022,3300.0,PE,0.0,0.0,0.0,9.7,0.0,0,0.0,0,0,18-APR-2022,
OPTSTK,PFIZER,28-Apr-2022,3350.0,PE,0.0,0.0,0.0,12.15,0.0,0,0.0,0,0,18-APR-2022,
OPTSTK,PFIZER,28-Apr-2022,3400.0,PE,0.0,0.0,0.0,15.05,0.0,0,0.0,0,0,18-APR-2022,
OPTSTK,PFIZER,28-Apr-2022,3450.0,PE,0.0,0.0,0.0,18.45,0.0,0,0.0,0,0,18-APR-2022,
OPTSTK,PFIZER,28-Apr-2022,3500.0,PE,0.0,0.0,0.0,22.5,0.0,0,0.0,0,0,18-APR-2022,
OPTSTK,PFIZER,28-Apr-2022,3550.0,PE,0.0,0.0,0.0,27.15,0.0,0,0.0,0,0,18-APR-2022,
OPTSTK,PFIZER,28-Apr-2022,3600.0,PE,0.0,0.0,0.0,32.55,0.0,0,0.0,0,0,18-APR-2022,
OPTSTK,PFIZER,28-Apr-2022,3650.0,PE,0.0,0.0,0.0,38.75,0.05,0,0.0,0,0,18-APR-2022,
OPTSTK,PFIZER,28-Apr-2022,3700.0,PE,0.0,0.0,0.0,45.75,0.05,0,0.0,0,0,18-APR-2022,
OPTSTK,PFIZER,28-Apr-2022,3750.0,PE,0.0,0.0,0.0,53.7,0.05,0,0.0,0,0,18-APR-2022,
OPTSTK,PFIZER,28-Apr-2022,3800.0,PE,0.0,0.0,0.0,62.6,0.1,0,0.0,0,0,18-APR-2022,
OPTSTK,PFIZER,28-Apr-2022,3850.0,PE,0.0,0.0,0.0,72.5,0.25,0,0.0,0,0,18-APR-2022,
OPTSTK,PFIZER,28-Apr-2022,3900.0,PE,0.0,0.0,0.0,83.55,0.5,0,0.0,0,0,18-APR-2022,
OPTSTK,PFIZER,28-Apr-2022,3950.0,PE,0.0,0.0,0.0,95.8,1.05,0,0.0,0,0,18-APR-2022,
OPTSTK,PFIZER,28-Apr-2022,4000.0,PE,9.0,9.0,9.0,9.0,1.95,1,5.01,250,125,18-APR-2022,
OPTSTK,PFIZER,28-Apr-2022,4050.0,PE,0.0,0.0,0.0,123.6,3.5,0,0.0,0,0,18-APR-2022,
OPTSTK,PFIZER,28-Apr-2022,4100.0,PE,0.0,0.0,0.0,139.2,6.05,0,0.0,0,0,18-APR-2022,
OPTSTK,PFIZER,28-Apr-2022,4150.0,PE,0.0,0.0,0.0,156.25,10.0,0,0.0,0,0,18-APR-2022,
OPTSTK,PFIZER,28-Apr-2022,4200.0,PE,15.0,15.0,15.0,15.0,15.8,1,5.26,500,0,18-APR-2022,
OPTSTK,PFIZER,28-Apr-2022,4250.0,PE,0.0,0.0,0.0,194.25,24.0,0,0.0,0,0,18-APR-2022,
OPTSTK,PFIZER,28-Apr-2022,4300.0,PE,33.3,33.3,19.65,19.65,35.3,3,16.22,750,0,18-APR-2022,
OPTSTK,PFIZER,28-Apr-2022,4350.0,PE,0.0,0.0,0.0,237.55,49.6,0,0.0,0,0,18-APR-2022,
OPTSTK,PFIZER,28-Apr-2022,4400.0,PE,48.5,48.5,47.5,47.5,67.9,2,11.12,1625,0,18-APR-2022,
OPTSTK,PFIZER,28-Apr-2022,4450.0,PE,0.0,0.0,0.0,286.1,90.2,0,0.0,0,0,18-APR-2022,
OPTSTK,PFIZER,28-Apr-2022,4500.0,PE,101.4,102.3,99.95,99.95,116.55,7,40.26,2000,250,18-APR-2022,
OPTSTK,PFIZER,28-Apr-2022,4550.0,PE,130.0,130.0,130.0,130.0,130.0,1,5.85,125,-125,18-APR-2022,
OPTSTK,PFIZER,28-Apr-2022,4600.0,PE,0.0,0.0,0.0,368.6,181.0,0,0.0,0,0,18-APR-2022,
OPTSTK,PFIZER,28-Apr-2022,4650.0,PE,0.0,0.0,0.0,398.55,218.45,0,0.0,0,0,18-APR-2022,
OPTSTK,PFIZER,28-Apr-2022,4700.0,PE,0.0,0.0,0.0,429.7,258.8,0,0.0,0,0,18-APR-2022,
OPTSTK,PFIZER,28-Apr-2022,4750.0,PE,0.0,0.0,0.0,461.95,301.55,0,0.0,0,0,18-APR-2022,
OPTSTK,PFIZER,28-Apr-2022,4800.0,PE,0.0,0.0,0.0,410.0,346.25,0,0.0,500,0,18-APR-2022,
OPTSTK,PFIZER,28-Apr-2022,4850.0,PE,0.0,0.0,0.0,529.8,392.5,0,0.0,0,0,18-APR-2022,
OPTSTK,PFIZER,28-Apr-2022,4900.0,PE,0.0,0.0,0.0,518.0,439.85,0,0.0,1000,0,18-APR-2022,
OPTSTK,PFIZER,28-Apr-2022,4950.0,PE,0.0,0.0,0.0,601.95,488.1,0,0.0,0,0,18-APR-2022,
OPTSTK,PFIZER,28-Apr-2022,5000.0,PE,0.0,0.0,0.0,599.0,536.9,0,0.0,1000,0,18-APR-2022,
OPTSTK,PFIZER,28-Apr-2022,5050.0,PE,0.0,0.0,0.0,677.75,586.15,0,0.0,0,0,18-APR-2022,
OPTSTK,PFIZER,28-Apr-2022,5100.0,PE,0.0,0.0,0.0,716.7,635.6,0,0.0,0,0,18-APR-2022,
OPTSTK,PFIZER,28-Apr-2022,5150.0,PE,0.0,0.0,0.0,756.65,685.3,0,0.0,0,0,18-APR-2022,
OPTSTK,PFIZER,28-Apr-2022,5200.0,PE,0.0,0.0,0.0,797.3,735.1,0,0.0,0,0,18-APR-2022,
OPTSTK,PFIZER,28-Apr-2022,5250.0,PE,0.0,0.0,0.0,838.65,784.95,0,0.0,0,0,18-APR-2022,
OPTSTK,PFIZER,28-Apr-2022,5300.0,PE,0.0,0.0,0.0,880.7,834.8,0,0.0,0,0,18-APR-2022,
OPTSTK,PFIZER,28-Apr-2022,5350.0,PE,0.0,0.0,0.0,923.35,884.75,0,0.0,0,0,18-APR-2022,
OPTSTK,PFIZER,28-Apr-2022,5400.0,PE,0.0,0.0,0.0,966.55,934.65,0,0.0,0,0,18-APR-2022,
OPTSTK,PFIZER,28-Apr-2022,5450.0,PE,0.0,0.0,0.0,1010.3,984.6,0,0.0,0,0,18-APR-2022,
OPTSTK,PFIZER,28-Apr-2022,5500.0,PE,0.0,0.0,0.0,1050.0,1034.55,0,0.0,250,0,18-APR-2022,
OPTSTK,PFIZER,28-Apr-2022,5550.0,PE,0.0,0.0,0.0,1099.3,1084.5,0,0.0,0,0,18-APR-2022,
OPTSTK,PFIZER,28-Apr-2022,5600.0,PE,0.0,0.0,0.0,1144.45,1134.4,0,0.0,0,0,18-APR-2022,
OPTSTK,PFIZER,28-Apr-2022,5650.0,PE,0.0,0.0,0.0,1189.95,1184.35,0,0.0,0,0,18-APR-2022,
OPTSTK,PFIZER,28-Apr-2022,5700.0,PE,0.0,0.0,0.0,1235.85,1234.3,0,0.0,0,0,18-APR-2022,
OPTSTK,PFIZER,28-Apr-2022,5750.0,PE,0.0,0.0,0.0,1282.1,1284.25,0,0.0,0,0,18-APR-2022,
OPTSTK,PFIZER,28-Apr-2022,5800.0,PE,0.0,0.0,0.0,1328.65,1334.2,0,0.0,0,0,18-APR-2022,
OPTSTK,PFIZER,28-Apr-2022,5850.0,PE,0.0,0.0,0.0,1375.45,1384.15,0,0.0,0,0,18-APR-2022,
OPTSTK,PFIZER,28-Apr-2022,5900.0,PE,0.0,0.0,0.0,1422.55,1434.1,0,0.0,0,0,18-APR-2022,
OPTSTK,PFIZER,28-Apr-2022,5950.0,PE,0.0,0.0,0.0,1469.85,1484.0,0,0.0,0,0,18-APR-2022,
OPTSTK,PFIZER,28-Apr-2022,6000.0,PE,0.0,0.0,0.0,1517.4,1533.95,0,0.0,0,0,18-APR-2022,
OPTSTK,PFIZER,28-Apr-2022,6050.0,PE,0.0,0.0,0.0,1565.1,1583.9,0,0.0,0,0,18-APR-2022,
OPTSTK,PFIZER,28-Apr-2022,6100.0,PE,0.0,0.0,0.0,1613.05,1633.85,0,0.0,0,0,18-APR-2022,
OPTSTK,PFIZER,28-Apr-2022,6150.0,PE,0.0,0.0,0.0,1661.1,1683.8,0,0.0,0,0,18-APR-2022,
OPTSTK,PFIZER,28-Apr-2022,6200.0,PE,0.0,0.0,0.0,1709.3,1733.75,0,0.0,0,0,18-APR-2022,
OPTSTK,PFIZER,28-Apr-2022,6250.0,PE,0.0,0.0,0.0,1757.65,1783.7,0,0.0,0,0,18-APR-2022,
OPTSTK,PFIZER,28-Apr-2022,6300.0,PE,0.0,0.0,0.0,1806.1,1833.65,0,0.0,0,0,18-APR-2022,
OPTSTK,PFIZER,28-Apr-2022,6350.0,PE,0.0,0.0,0.0,1854.7,1883.55,0,0.0,0,0,18-APR-2022,
OPTSTK,PFIZER,28-Apr-2022,6400.0,PE,0.0,0.0,0.0,1903.35,1933.5,0,0.0,0,0,18-APR-2022,
OPTSTK,PFIZER,28-Apr-2022,6450.0,PE,0.0,0.0,0.0,1952.1,1983.45,0,0.0,0,0,18-APR-2022,
OPTSTK,PIDILITIND,28-Apr-2022,1660.0,CE,0.0,0.0,0.0,818.7,706.3,0,0.0,0,0,18-APR-2022,
OPTSTK,PIDILITIND,28-Apr-2022,1680.0,CE,0.0,0.0,0.0,799.05,686.3,0,0.0,0,0,18-APR-2022,
OPTSTK,PIDILITIND,28-Apr-2022,1700.0,CE,0.0,0.0,0.0,779.45,666.35,0,0.0,0,0,18-APR-2022,
OPTSTK,PIDILITIND,28-Apr-2022,1720.0,CE,0.0,0.0,0.0,759.85,646.35,0,0.0,0,0,18-APR-2022,
OPTSTK,PIDILITIND,28-Apr-2022,1740.0,CE,0.0,0.0,0.0,740.3,626.4,0,0.0,0,0,18-APR-2022,
OPTSTK,PIDILITIND,28-Apr-2022,1760.0,CE,0.0,0.0,0.0,720.85,606.4,0,0.0,0,0,18-APR-2022,
OPTSTK,PIDILITIND,28-Apr-2022,1780.0,CE,0.0,0.0,0.0,701.4,586.4,0,0.0,0,0,18-APR-2022,
OPTSTK,PIDILITIND,28-Apr-2022,1800.0,CE,0.0,0.0,0.0,682.05,566.45,0,0.0,0,0,18-APR-2022,
OPTSTK,PIDILITIND,28-Apr-2022,1820.0,CE,0.0,0.0,0.0,662.75,546.45,0,0.0,0,0,18-APR-2022,
OPTSTK,PIDILITIND,28-Apr-2022,1840.0,CE,0.0,0.0,0.0,643.6,526.5,0,0.0,0,0,18-APR-2022,
OPTSTK,PIDILITIND,28-Apr-2022,1860.0,CE,0.0,0.0,0.0,624.5,506.5,0,0.0,0,0,18-APR-2022,
OPTSTK,PIDILITIND,28-Apr-2022,1880.0,CE,0.0,0.0,0.0,605.55,486.55,0,0.0,0,0,18-APR-2022,
OPTSTK,PIDILITIND,28-Apr-2022,1900.0,CE,0.0,0.0,0.0,586.7,466.55,0,0.0,0,0,18-APR-2022,
OPTSTK,PIDILITIND,28-Apr-2022,1920.0,CE,0.0,0.0,0.0,567.95,446.6,0,0.0,0,0,18-APR-2022,
OPTSTK,PIDILITIND,28-Apr-2022,1940.0,CE,0.0,0.0,0.0,549.4,426.6,0,0.0,0,0,18-APR-2022,
OPTSTK,PIDILITIND,28-Apr-2022,1960.0,CE,0.0,0.0,0.0,531.05,406.65,0,0.0,0,0,18-APR-2022,
OPTSTK,PIDILITIND,28-Apr-2022,1980.0,CE,0.0,0.0,0.0,512.8,386.65,0,0.0,0,0,18-APR-2022,
OPTSTK,PIDILITIND,28-Apr-2022,2000.0,CE,0.0,0.0,0.0,494.8,366.7,0,0.0,0,0,18-APR-2022,
OPTSTK,PIDILITIND,28-Apr-2022,2020.0,CE,0.0,0.0,0.0,477.0,346.75,0,0.0,0,0,18-APR-2022,
OPTSTK,PIDILITIND,28-Apr-2022,2040.0,CE,0.0,0.0,0.0,459.45,326.8,0,0.0,0,0,18-APR-2022,
OPTSTK,PIDILITIND,28-Apr-2022,2060.0,CE,0.0,0.0,0.0,442.15,306.95,0,0.0,0,0,18-APR-2022,
OPTSTK,PIDILITIND,28-Apr-2022,2080.0,CE,0.0,0.0,0.0,425.05,287.1,0,0.0,0,0,18-APR-2022,
OPTSTK,PIDILITIND,28-Apr-2022,2100.0,CE,0.0,0.0,0.0,408.3,267.35,0,0.0,0,0,18-APR-2022,
OPTSTK,PIDILITIND,28-Apr-2022,2120.0,CE,0.0,0.0,0.0,391.8,247.75,0,0.0,0,0,18-APR-2022,
OPTSTK,PIDILITIND,28-Apr-2022,2140.0,CE,0.0,0.0,0.0,375.6,228.3,0,0.0,0,0,18-APR-2022,
OPTSTK,PIDILITIND,28-Apr-2022,2160.0,CE,0.0,0.0,0.0,359.75,209.15,0,0.0,0,0,18-APR-2022,
OPTSTK,PIDILITIND,28-Apr-2022,2180.0,CE,0.0,0.0,0.0,344.2,190.35,0,0.0,0,0,18-APR-2022,
OPTSTK,PIDILITIND,28-Apr-2022,2200.0,CE,0.0,0.0,0.0,309.25,171.95,0,0.0,250,0,18-APR-2022,
OPTSTK,PIDILITIND,28-Apr-2022,2220.0,CE,0.0,0.0,0.0,314.25,154.15,0,0.0,0,0,18-APR-2022,
OPTSTK,PIDILITIND,28-Apr-2022,2240.0,CE,0.0,0.0,0.0,299.75,137.0,0,0.0,0,0,18-APR-2022,
OPTSTK,PIDILITIND,28-Apr-2022,2260.0,CE,0.0,0.0,0.0,285.65,120.65,0,0.0,0,0,18-APR-2022,
OPTSTK,PIDILITIND,28-Apr-2022,2280.0,CE,0.0,0.0,0.0,271.8,105.2,0,0.0,0,0,18-APR-2022,
OPTSTK,PIDILITIND,28-Apr-2022,2300.0,CE,80.0,81.0,65.0,81.0,90.8,7,41.62,3500,-750,18-APR-2022,
OPTSTK,PIDILITIND,28-Apr-2022,2320.0,CE,0.0,0.0,0.0,245.6,77.55,0,0.0,0,0,18-APR-2022,
OPTSTK,PIDILITIND,28-Apr-2022,2340.0,CE,0.0,0.0,0.0,233.1,65.5,0,0.0,0,0,18-APR-2022,
OPTSTK,PIDILITIND,28-Apr-2022,2360.0,CE,53.25,56.0,36.6,48.25,48.25,62,372.84,8750,6750,18-APR-2022,
OPTSTK,PIDILITIND,28-Apr-2022,2380.0,CE,32.5,44.85,29.55,36.05,36.05,57,345.04,4500,2500,18-APR-2022,
OPTSTK,PIDILITIND,28-Apr-2022,2400.0,CE,29.9,37.0,21.45,29.55,29.55,461,2798.55,74250,3000,18-APR-2022,
OPTSTK,PIDILITIND,28-Apr-2022,2420.0,CE,22.0,27.1,16.45,24.4,24.4,219,1336.67,48750,-3250,18-APR-2022,
OPTSTK,PIDILITIND,28-Apr-2022,2440.0,CE,19.0,20.9,13.4,18.7,18.7,263,1615.41,43750,-3000,18-APR-2022,
OPTSTK,PIDILITIND,28-Apr-2022,2460.0,CE,9.0,16.2,9.0,13.7,13.7,93,574.94,26500,3000,18-APR-2022,
OPTSTK,PIDILITIND,28-Apr-2022,2480.0,CE,13.2,13.2,7.45,11.0,11.0,19,118.32,10000,250,18-APR-2022,
OPTSTK,PIDILITIND,28-Apr-2022,2500.0,CE,8.8,10.05,6.7,8.25,8.25,619,3880.99,185750,-38000,18-APR-2022,
OPTSTK,PIDILITIND,28-Apr-2022,2520.0,CE,6.6,7.85,5.35,6.35,6.35,52,328.42,26000,-4000,18-APR-2022,
OPTSTK,PIDILITIND,28-Apr-2022,2540.0,CE,5.0,6.35,4.4,5.35,5.35,181,1151.68,69750,-5000,18-APR-2022,
OPTSTK,PIDILITIND,28-Apr-2022,2560.0,CE,4.05,5.25,3.0,3.55,3.55,45,288.47,29000,-3000,18-APR-2022,
OPTSTK,PIDILITIND,28-Apr-2022,2580.0,CE,3.95,4.45,3.15,4.0,3.2,28,180.86,11750,0,18-APR-2022,
OPTSTK,PIDILITIND,28-Apr-2022,2600.0,CE,3.3,3.7,2.65,3.05,3.05,241,1568.3,78750,-7250,18-APR-2022,
OPTSTK,PIDILITIND,28-Apr-2022,2620.0,CE,3.3,3.3,2.05,2.4,1.6,17,111.45,4000,250,18-APR-2022,
OPTSTK,PIDILITIND,28-Apr-2022,2640.0,CE,2.85,2.85,2.85,2.85,1.15,1,6.6,5000,-250,18-APR-2022,
OPTSTK,PIDILITIND,28-Apr-2022,2660.0,CE,0.0,0.0,0.0,8.95,0.8,0,0.0,1250,0,18-APR-2022,
OPTSTK,PIDILITIND,28-Apr-2022,2680.0,CE,0.0,0.0,0.0,3.05,0.55,0,0.0,6500,0,18-APR-2022,
OPTSTK,PIDILITIND,28-Apr-2022,2700.0,CE,2.5,3.0,1.5,2.3,2.3,109,736.25,47250,-8250,18-APR-2022,
OPTSTK,PIDILITIND,28-Apr-2022,2720.0,CE,0.0,0.0,0.0,71.3,0.25,0,0.0,0,0,18-APR-2022,
OPTSTK,PIDILITIND,28-Apr-2022,2740.0,CE,0.0,0.0,0.0,11.0,0.15,0,0.0,250,0,18-APR-2022,
OPTSTK,PIDILITIND,28-Apr-2022,2760.0,CE,0.0,0.0,0.0,6.2,0.1,0,0.0,2250,0,18-APR-2022,
OPTSTK,PIDILITIND,28-Apr-2022,2780.0,CE,0.0,0.0,0.0,57.4,0.1,0,0.0,0,0,18-APR-2022,
OPTSTK,PIDILITIND,28-Apr-2022,2800.0,CE,0.7,1.7,0.7,1.3,0.05,12,84.03,17500,500,18-APR-2022,
OPTSTK,PIDILITIND,28-Apr-2022,2820.0,CE,0.0,0.0,0.0,49.35,0.05,0,0.0,0,0,18-APR-2022,
OPTSTK,PIDILITIND,28-Apr-2022,2840.0,CE,0.0,0.0,0.0,45.7,0.05,0,0.0,0,0,18-APR-2022,
OPTSTK,PIDILITIND,28-Apr-2022,2860.0,CE,0.0,0.0,0.0,42.3,0.05,0,0.0,0,0,18-APR-2022,
OPTSTK,PIDILITIND,28-Apr-2022,2880.0,CE,0.0,0.0,0.0,39.15,0.05,0,0.0,0,0,18-APR-2022,
OPTSTK,PIDILITIND,28-Apr-2022,2900.0,CE,0.0,0.0,0.0,2.0,0.0,0,0.0,6500,0,18-APR-2022,
OPTSTK,PIDILITIND,28-Apr-2022,2920.0,CE,0.0,0.0,0.0,33.4,0.0,0,0.0,0,0,18-APR-2022,
OPTSTK,PIDILITIND,28-Apr-2022,2940.0,CE,0.0,0.0,0.0,30.8,0.0,0,0.0,0,0,18-APR-2022,
OPTSTK,PIDILITIND,28-Apr-2022,2960.0,CE,0.0,0.0,0.0,28.4,0.0,0,0.0,0,0,18-APR-2022,
OPTSTK,PIDILITIND,28-Apr-2022,2980.0,CE,0.0,0.0,0.0,26.15,0.0,0,0.0,0,0,18-APR-2022,
OPTSTK,PIDILITIND,28-Apr-2022,3000.0,CE,0.6,0.95,0.6,0.65,0.65,9,67.51,12500,-500,18-APR-2022,
OPTSTK,PIDILITIND,28-Apr-2022,3020.0,CE,0.0,0.0,0.0,22.15,0.0,0,0.0,0,0,18-APR-2022,
OPTSTK,PIDILITIND,28-Apr-2022,3040.0,CE,0.0,0.0,0.0,20.35,0.0,0,0.0,0,0,18-APR-2022,
OPTSTK,PIDILITIND,28-Apr-2022,3060.0,CE,0.0,0.0,0.0,18.65,0.0,0,0.0,0,0,18-APR-2022,
OPTSTK,PIDILITIND,28-Apr-2022,3080.0,CE,0.0,0.0,0.0,17.15,0.0,0,0.0,0,0,18-APR-2022,
OPTSTK,PIDILITIND,28-Apr-2022,3100.0,CE,0.0,0.0,0.0,15.7,0.0,0,0.0,0,0,18-APR-2022,
OPTSTK,PIDILITIND,28-Apr-2022,3120.0,CE,0.0,0.0,0.0,14.4,0.0,0,0.0,0,0,18-APR-2022,
OPTSTK,PIDILITIND,28-Apr-2022,3140.0,CE,0.0,0.0,0.0,13.15,0.0,0,0.0,0,0,18-APR-2022,
OPTSTK,PIDILITIND,28-Apr-2022,1660.0,PE,0.0,0.0,0.0,0.5,0.0,0,0.0,0,0,18-APR-2022,
OPTSTK,PIDILITIND,28-Apr-2022,1680.0,PE,0.0,0.0,0.0,0.65,0.0,0,0.0,0,0,18-APR-2022,
OPTSTK,PIDILITIND,28-Apr-2022,1700.0,PE,0.0,0.0,0.0,0.85,0.0,0,0.0,0,0,18-APR-2022,
OPTSTK,PIDILITIND,28-Apr-2022,1720.0,PE,0.0,0.0,0.0,1.05,0.0,0,0.0,0,0,18-APR-2022,
OPTSTK,PIDILITIND,28-Apr-2022,1740.0,PE,0.0,0.0,0.0,1.3,0.0,0,0.0,0,0,18-APR-2022,
OPTSTK,PIDILITIND,28-Apr-2022,1760.0,PE,0.0,0.0,0.0,1.6,0.0,0,0.0,0,0,18-APR-2022,
OPTSTK,PIDILITIND,28-Apr-2022,1780.0,PE,0.0,0.0,0.0,1.95,0.0,0,0.0,0,0,18-APR-2022,
OPTSTK,PIDILITIND,28-Apr-2022,1800.0,PE,0.0,0.0,0.0,2.4,0.0,0,0.0,0,0,18-APR-2022,
OPTSTK,PIDILITIND,28-Apr-2022,1820.0,PE,0.0,0.0,0.0,2.9,0.0,0,0.0,0,0,18-APR-2022,
OPTSTK,PIDILITIND,28-Apr-2022,1840.0,PE,0.0,0.0,0.0,3.5,0.0,0,0.0,0,0,18-APR-2022,
OPTSTK,PIDILITIND,28-Apr-2022,1860.0,PE,0.0,0.0,0.0,4.2,0.0,0,0.0,0,0,18-APR-2022,
OPTSTK,PIDILITIND,28-Apr-2022,1880.0,PE,0.0,0.0,0.0,5.05,0.0,0,0.0,0,0,18-APR-2022,
OPTSTK,PIDILITIND,28-Apr-2022,1900.0,PE,0.0,0.0,0.0,6.0,0.0,0,0.0,0,0,18-APR-2022,
OPTSTK,PIDILITIND,28-Apr-2022,1920.0,PE,0.0,0.0,0.0,7.05,0.0,0,0.0,0,0,18-APR-2022,
OPTSTK,PIDILITIND,28-Apr-2022,1940.0,PE,0.0,0.0,0.0,8.3,0.0,0,0.0,0,0,18-APR-2022,
OPTSTK,PIDILITIND,28-Apr-2022,1960.0,PE,0.0,0.0,0.0,9.7,0.05,0,0.0,0,0,18-APR-2022,
OPTSTK,PIDILITIND,28-Apr-2022,1980.0,PE,0.0,0.0,0.0,11.3,0.05,0,0.0,0,0,18-APR-2022,
OPTSTK,PIDILITIND,28-Apr-2022,2000.0,PE,0.0,0.0,0.0,1.9,0.05,0,0.0,750,0,18-APR-2022,
OPTSTK,PIDILITIND,28-Apr-2022,2020.0,PE,0.0,0.0,0.0,15.1,0.1,0,0.0,0,0,18-APR-2022,
OPTSTK,PIDILITIND,28-Apr-2022,2040.0,PE,0.0,0.0,0.0,17.3,0.15,0,0.0,0,0,18-APR-2022,
OPTSTK,PIDILITIND,28-Apr-2022,2060.0,PE,0.0,0.0,0.0,19.75,0.2,0,0.0,0,0,18-APR-2022,
OPTSTK,PIDILITIND,28-Apr-2022,2080.0,PE,0.0,0.0,0.0,22.5,0.35,0,0.0,0,0,18-APR-2022,
OPTSTK,PIDILITIND,28-Apr-2022,2100.0,PE,0.0,0.0,0.0,25.5,0.6,0,0.0,0,0,18-APR-2022,
OPTSTK,PIDILITIND,28-Apr-2022,2120.0,PE,0.0,0.0,0.0,28.8,0.95,0,0.0,0,0,18-APR-2022,
OPTSTK,PIDILITIND,28-Apr-2022,2140.0,PE,0.0,0.0,0.0,32.4,1.5,0,0.0,0,0,18-APR-2022,
OPTSTK,PIDILITIND,28-Apr-2022,2160.0,PE,0.0,0.0,0.0,36.35,2.35,0,0.0,0,0,18-APR-2022,
OPTSTK,PIDILITIND,28-Apr-2022,2180.0,PE,0.0,0.0,0.0,40.6,3.5,0,0.0,0,0,18-APR-2022,
OPTSTK,PIDILITIND,28-Apr-2022,2200.0,PE,7.0,7.0,4.0,4.6,4.6,119,656.17,24500,-250,18-APR-2022,
OPTSTK,PIDILITIND,28-Apr-2022,2220.0,PE,0.0,0.0,0.0,50.2,7.25,0,0.0,0,0,18-APR-2022,
OPTSTK,PIDILITIND,28-Apr-2022,2240.0,PE,0.0,0.0,0.0,55.5,10.05,0,0.0,0,0,18-APR-2022,
OPTSTK,PIDILITIND,28-Apr-2022,2260.0,PE,0.0,0.0,0.0,61.2,13.7,0,0.0,0,0,18-APR-2022,
OPTSTK,PIDILITIND,28-Apr-2022,2280.0,PE,0.0,0.0,0.0,67.15,18.25,0,0.0,0,0,18-APR-2022,
OPTSTK,PIDILITIND,28-Apr-2022,2300.0,PE,28.95,34.2,15.9,19.35,19.35,308,1788.13,67750,-1000,18-APR-2022,
OPTSTK,PIDILITIND,28-Apr-2022,2320.0,PE,0.0,0.0,0.0,21.0,30.55,0,0.0,250,0,18-APR-2022,
OPTSTK,PIDILITIND,28-Apr-2022,2340.0,PE,42.5,45.95,26.9,26.9,26.9,19,112.98,6000,1250,18-APR-2022,
OPTSTK,PIDILITIND,28-Apr-2022,2360.0,PE,56.0,62.0,37.8,40.45,47.6,41,246.8,5500,-750,18-APR-2022,
OPTSTK,PIDILITIND,28-Apr-2022,2380.0,PE,80.65,80.65,46.8,46.8,57.95,4,24.4,5000,-750,18-APR-2022,
OPTSTK,PIDILITIND,28-Apr-2022,2400.0,PE,91.3,91.3,55.0,60.0,60.0,76,468.82,58750,-5000,18-APR-2022,
OPTSTK,PIDILITIND,28-Apr-2022,2420.0,PE,78.9,83.05,78.9,83.05,82.35,3,18.75,3750,500,18-APR-2022,
OPTSTK,PIDILITIND,28-Apr-2022,2440.0,PE,96.5,96.55,96.5,96.55,96.25,2,12.68,8000,250,18-APR-2022,
OPTSTK,PIDILITIND,28-Apr-2022,2460.0,PE,112.75,112.75,101.0,101.0,111.2,2,12.83,8500,-250,18-APR-2022,
OPTSTK,PIDILITIND,28-Apr-2022,2480.0,PE,0.0,0.0,0.0,150.4,127.0,0,0.0,0,0,18-APR-2022,
OPTSTK,PIDILITIND,28-Apr-2022,2500.0,PE,159.95,182.3,145.0,165.85,143.6,11,73.23,47500,-750,18-APR-2022,
OPTSTK,PIDILITIND,28-Apr-2022,2520.0,PE,0.0,0.0,0.0,171.95,160.9,0,0.0,0,0,18-APR-2022,
OPTSTK,PIDILITIND,28-Apr-2022,2540.0,PE,0.0,0.0,0.0,183.3,178.8,0,0.0,0,0,18-APR-2022,
OPTSTK,PIDILITIND,28-Apr-2022,2560.0,PE,0.0,0.0,0.0,195.05,197.15,0,0.0,0,0,18-APR-2022,
OPTSTK,PIDILITIND,28-Apr-2022,2580.0,PE,0.0,0.0,0.0,207.2,215.9,0,0.0,0,0,18-APR-2022,
OPTSTK,PIDILITIND,28-Apr-2022,2600.0,PE,0.0,0.0,0.0,175.45,234.95,0,0.0,11000,0,18-APR-2022,
OPTSTK,PIDILITIND,28-Apr-2022,2620.0,PE,0.0,0.0,0.0,232.6,254.25,0,0.0,0,0,18-APR-2022,
OPTSTK,PIDILITIND,28-Apr-2022,2640.0,PE,0.0,0.0,0.0,245.8,273.75,0,0.0,0,0,18-APR-2022,
OPTSTK,PIDILITIND,28-Apr-2022,2660.0,PE,0.0,0.0,0.0,259.4,293.4,0,0.0,0,0,18-APR-2022,
OPTSTK,PIDILITIND,28-Apr-2022,2680.0,PE,0.0,0.0,0.0,273.3,313.1,0,0.0,0,0,18-APR-2022,
OPTSTK,PIDILITIND,28-Apr-2022,2700.0,PE,319.0,319.0,319.0,319.0,332.9,1,7.54,1500,-250,18-APR-2022,
OPTSTK,PIDILITIND,28-Apr-2022,2720.0,PE,0.0,0.0,0.0,302.05,352.8,0,0.0,0,0,18-APR-2022,
OPTSTK,PIDILITIND,28-Apr-2022,2740.0,PE,0.0,0.0,0.0,317.0,372.7,0,0.0,0,0,18-APR-2022,
OPTSTK,PIDILITIND,28-Apr-2022,2760.0,PE,0.0,0.0,0.0,228.15,392.6,0,0.0,250,0,18-APR-2022,
OPTSTK,PIDILITIND,28-Apr-2022,2780.0,PE,0.0,0.0,0.0,347.55,412.55,0,0.0,0,0,18-APR-2022,
OPTSTK,PIDILITIND,28-Apr-2022,2800.0,PE,0.0,0.0,0.0,363.15,432.5,0,0.0,0,0,18-APR-2022,
OPTSTK,PIDILITIND,28-Apr-2022,2820.0,PE,0.0,0.0,0.0,379.05,452.45,0,0.0,0,0,18-APR-2022,
OPTSTK,PIDILITIND,28-Apr-2022,2840.0,PE,0.0,0.0,0.0,395.25,472.45,0,0.0,0,0,18-APR-2022,
OPTSTK,PIDILITIND,28-Apr-2022,2860.0,PE,0.0,0.0,0.0,411.6,492.4,0,0.0,0,0,18-APR-2022,
OPTSTK,PIDILITIND,28-Apr-2022,2880.0,PE,0.0,0.0,0.0,428.25,512.4,0,0.0,0,0,18-APR-2022,
OPTSTK,PIDILITIND,28-Apr-2022,2900.0,PE,0.0,0.0,0.0,445.05,532.35,0,0.0,0,0,18-APR-2022,
OPTSTK,PIDILITIND,28-Apr-2022,2920.0,PE,0.0,0.0,0.0,462.05,552.35,0,0.0,0,0,18-APR-2022,
OPTSTK,PIDILITIND,28-Apr-2022,2940.0,PE,0.0,0.0,0.0,479.3,572.3,0,0.0,0,0,18-APR-2022,
OPTSTK,PIDILITIND,28-Apr-2022,2960.0,PE,0.0,0.0,0.0,496.65,592.3,0,0.0,0,0,18-APR-2022,
OPTSTK,PIDILITIND,28-Apr-2022,2980.0,PE,0.0,0.0,0.0,514.2,612.25,0,0.0,0,0,18-APR-2022,
OPTSTK,PIDILITIND,28-Apr-2022,3000.0,PE,0.0,0.0,0.0,531.9,632.25,0,0.0,0,0,18-APR-2022,
OPTSTK,PIDILITIND,28-Apr-2022,3020.0,PE,0.0,0.0,0.0,549.75,652.2,0,0.0,0,0,18-APR-2022,
OPTSTK,PIDILITIND,28-Apr-2022,3040.0,PE,0.0,0.0,0.0,567.75,672.2,0,0.0,0,0,18-APR-2022,
OPTSTK,PIDILITIND,28-Apr-2022,3060.0,PE,0.0,0.0,0.0,585.9,692.2,0,0.0,0,0,18-APR-2022,
OPTSTK,PIDILITIND,28-Apr-2022,3080.0,PE,0.0,0.0,0.0,604.15,712.15,0,0.0,0,0,18-APR-2022,
OPTSTK,PIDILITIND,28-Apr-2022,3100.0,PE,0.0,0.0,0.0,622.5,732.15,0,0.0,0,0,18-APR-2022,
OPTSTK,PIDILITIND,28-Apr-2022,3120.0,PE,0.0,0.0,0.0,641.0,752.1,0,0.0,0,0,18-APR-2022,
OPTSTK,PIDILITIND,28-Apr-2022,3140.0,PE,0.0,0.0,0.0,659.55,772.1,0,0.0,0,0,18-APR-2022,
OPTSTK,PIDILITIND,26-May-2022,1660.0,CE,0.0,0.0,0.0,669.65,711.75,0,0.0,0,0,18-APR-2022,
OPTSTK,PIDILITIND,26-May-2022,1680.0,CE,0.0,0.0,0.0,650.25,691.85,0,0.0,0,0,18-APR-2022,
OPTSTK,PIDILITIND,26-May-2022,1700.0,CE,0.0,0.0,0.0,630.9,671.95,0,0.0,0,0,18-APR-2022,
OPTSTK,PIDILITIND,26-May-2022,1720.0,CE,0.0,0.0,0.0,611.65,652.1,0,0.0,0,0,18-APR-2022,
OPTSTK,PIDILITIND,26-May-2022,1740.0,CE,0.0,0.0,0.0,592.5,632.2,0,0.0,0,0,18-APR-2022,
OPTSTK,PIDILITIND,26-May-2022,1760.0,CE,0.0,0.0,0.0,573.45,612.35,0,0.0,0,0,18-APR-2022,
OPTSTK,PIDILITIND,26-May-2022,1780.0,CE,0.0,0.0,0.0,554.55,592.5,0,0.0,0,0,18-APR-2022,
OPTSTK,PIDILITIND,26-May-2022,1800.0,CE,0.0,0.0,0.0,535.75,572.65,0,0.0,0,0,18-APR-2022,
OPTSTK,PIDILITIND,26-May-2022,1820.0,CE,0.0,0.0,0.0,517.15,552.85,0,0.0,0,0,18-APR-2022,
OPTSTK,PIDILITIND,26-May-2022,1840.0,CE,0.0,0.0,0.0,498.7,533.1,0,0.0,0,0,18-APR-2022,
OPTSTK,PIDILITIND,26-May-2022,1860.0,CE,0.0,0.0,0.0,480.45,513.4,0,0.0,0,0,18-APR-2022,
OPTSTK,PIDILITIND,26-May-2022,1880.0,CE,0.0,0.0,0.0,462.4,493.75,0,0.0,0,0,18-APR-2022,
OPTSTK,PIDILITIND,26-May-2022,1900.0,CE,0.0,0.0,0.0,444.6,474.2,0,0.0,0,0,18-APR-2022,
OPTSTK,PIDILITIND,26-May-2022,1920.0,CE,0.0,0.0,0.0,427.05,454.75,0,0.0,0,0,18-APR-2022,
OPTSTK,PIDILITIND,26-May-2022,1940.0,CE,0.0,0.0,0.0,409.75,435.4,0,0.0,0,0,18-APR-2022,
OPTSTK,PIDILITIND,26-May-2022,1960.0,CE,0.0,0.0,0.0,392.7,416.2,0,0.0,0,0,18-APR-2022,
OPTSTK,PIDILITIND,26-May-2022,1980.0,CE,0.0,0.0,0.0,376.0,397.15,0,0.0,0,0,18-APR-2022,
OPTSTK,PIDILITIND,26-May-2022,2000.0,CE,0.0,0.0,0.0,359.6,378.25,0,0.0,0,0,18-APR-2022,
OPTSTK,PIDILITIND,26-May-2022,2020.0,CE,0.0,0.0,0.0,343.5,359.6,0,0.0,0,0,18-APR-2022,
OPTSTK,PIDILITIND,26-May-2022,2040.0,CE,0.0,0.0,0.0,327.75,341.25,0,0.0,0,0,18-APR-2022,
OPTSTK,PIDILITIND,26-May-2022,2060.0,CE,0.0,0.0,0.0,312.4,323.1,0,0.0,0,0,18-APR-2022,
OPTSTK,PIDILITIND,26-May-2022,2080.0,CE,0.0,0.0,0.0,297.4,305.3,0,0.0,0,0,18-APR-2022,
OPTSTK,PIDILITIND,26-May-2022,2100.0,CE,0.0,0.0,0.0,282.9,287.9,0,0.0,0,0,18-APR-2022,
OPTSTK,PIDILITIND,26-May-2022,2120.0,CE,0.0,0.0,0.0,268.65,270.8,0,0.0,0,0,18-APR-2022,
OPTSTK,PIDILITIND,26-May-2022,2140.0,CE,0.0,0.0,0.0,254.8,254.2,0,0.0,0,0,18-APR-2022,
OPTSTK,PIDILITIND,26-May-2022,2160.0,CE,0.0,0.0,0.0,241.4,238.0,0,0.0,0,0,18-APR-2022,
OPTSTK,PIDILITIND,26-May-2022,2180.0,CE,0.0,0.0,0.0,228.5,222.3,0,0.0,0,0,18-APR-2022,
OPTSTK,PIDILITIND,26-May-2022,2200.0,CE,0.0,0.0,0.0,216.0,207.1,0,0.0,0,0,18-APR-2022,
OPTSTK,PIDILITIND,26-May-2022,2220.0,CE,0.0,0.0,0.0,203.95,192.55,0,0.0,0,0,18-APR-2022,
OPTSTK,PIDILITIND,26-May-2022,2240.0,CE,0.0,0.0,0.0,192.35,178.35,0,0.0,0,0,18-APR-2022,
OPTSTK,PIDILITIND,26-May-2022,2260.0,CE,0.0,0.0,0.0,181.15,164.9,0,0.0,0,0,18-APR-2022,
OPTSTK,PIDILITIND,26-May-2022,2280.0,CE,0.0,0.0,0.0,170.45,152.0,0,0.0,0,0,18-APR-2022,
OPTSTK,PIDILITIND,26-May-2022,2300.0,CE,0.0,0.0,0.0,135.0,139.75,0,0.0,250,0,18-APR-2022,
OPTSTK,PIDILITIND,26-May-2022,2320.0,CE,0.0,0.0,0.0,150.35,128.15,0,0.0,0,0,18-APR-2022,
OPTSTK,PIDILITIND,26-May-2022,2340.0,CE,0.0,0.0,0.0,140.95,117.2,0,0.0,0,0,18-APR-2022,
OPTSTK,PIDILITIND,26-May-2022,2360.0,CE,0.0,0.0,0.0,132.0,106.85,0,0.0,0,0,18-APR-2022,
OPTSTK,PIDILITIND,26-May-2022,2380.0,CE,0.0,0.0,0.0,123.45,97.15,0,0.0,0,0,18-APR-2022,
OPTSTK,PIDILITIND,26-May-2022,2400.0,CE,0.0,0.0,0.0,115.3,88.1,0,0.0,0,0,18-APR-2022,
OPTSTK,PIDILITIND,26-May-2022,2420.0,CE,0.0,0.0,0.0,107.6,79.65,0,0.0,0,0,18-APR-2022,
OPTSTK,PIDILITIND,26-May-2022,2440.0,CE,0.0,0.0,0.0,100.3,71.8,0,0.0,0,0,18-APR-2022,
OPTSTK,PIDILITIND,26-May-2022,2460.0,CE,0.0,0.0,0.0,93.4,64.55,0,0.0,0,0,18-APR-2022,
OPTSTK,PIDILITIND,26-May-2022,2480.0,CE,0.0,0.0,0.0,86.85,57.9,0,0.0,0,0,18-APR-2022,
OPTSTK,PIDILITIND,26-May-2022,2500.0,CE,39.9,40.0,39.9,40.0,51.75,3,19.04,1750,500,18-APR-2022,
OPTSTK,PIDILITIND,26-May-2022,2520.0,CE,0.0,0.0,0.0,74.85,46.15,0,0.0,0,0,18-APR-2022,
OPTSTK,PIDILITIND,26-May-2022,2540.0,CE,0.0,0.0,0.0,69.4,41.15,0,0.0,0,0,18-APR-2022,
OPTSTK,PIDILITIND,26-May-2022,2560.0,CE,0.0,0.0,0.0,64.35,36.5,0,0.0,0,0,18-APR-2022,
OPTSTK,PIDILITIND,26-May-2022,2580.0,CE,0.0,0.0,0.0,59.55,32.2,0,0.0,0,0,18-APR-2022,
OPTSTK,PIDILITIND,26-May-2022,2600.0,CE,0.0,0.0,0.0,38.85,28.4,0,0.0,2000,0,18-APR-2022,
OPTSTK,PIDILITIND,26-May-2022,2620.0,CE,0.0,0.0,0.0,50.85,24.95,0,0.0,0,0,18-APR-2022,
OPTSTK,PIDILITIND,26-May-2022,2640.0,CE,0.0,0.0,0.0,46.8,21.9,0,0.0,0,0,18-APR-2022,
OPTSTK,PIDILITIND,26-May-2022,2660.0,CE,0.0,0.0,0.0,43.1,19.15,0,0.0,0,0,18-APR-2022,
OPTSTK,PIDILITIND,26-May-2022,2680.0,CE,0.0,0.0,0.0,39.65,16.7,0,0.0,0,0,18-APR-2022,
OPTSTK,PIDILITIND,26-May-2022,2700.0,CE,0.0,0.0,0.0,25.0,14.55,0,0.0,1250,0,18-APR-2022,
OPTSTK,PIDILITIND,26-May-2022,2720.0,CE,0.0,0.0,0.0,33.5,12.6,0,0.0,0,0,18-APR-2022,
OPTSTK,PIDILITIND,26-May-2022,2740.0,CE,0.0,0.0,0.0,30.75,10.9,0,0.0,0,0,18-APR-2022,
OPTSTK,PIDILITIND,26-May-2022,2760.0,CE,0.0,0.0,0.0,28.15,9.45,0,0.0,0,0,18-APR-2022,
OPTSTK,PIDILITIND,26-May-2022,2780.0,CE,0.0,0.0,0.0,25.8,8.1,0,0.0,0,0,18-APR-2022,
OPTSTK,PIDILITIND,26-May-2022,2800.0,CE,0.0,0.0,0.0,1.0,6.95,0,0.0,0,0,18-APR-2022,
OPTSTK,PIDILITIND,26-May-2022,2820.0,CE,0.0,0.0,0.0,21.6,6.0,0,0.0,0,0,18-APR-2022,
OPTSTK,PIDILITIND,26-May-2022,2840.0,CE,0.0,0.0,0.0,19.7,5.1,0,0.0,0,0,18-APR-2022,
OPTSTK,PIDILITIND,26-May-2022,2860.0,CE,0.0,0.0,0.0,18.0,4.35,0,0.0,0,0,18-APR-2022,
OPTSTK,PIDILITIND,26-May-2022,2880.0,CE,0.0,0.0,0.0,16.4,3.7,0,0.0,0,0,18-APR-2022,
OPTSTK,PIDILITIND,26-May-2022,2900.0,CE,0.0,0.0,0.0,14.95,3.15,0,0.0,0,0,18-APR-2022,
OPTSTK,PIDILITIND,26-May-2022,2920.0,CE,0.0,0.0,0.0,13.6,2.65,0,0.0,0,0,18-APR-2022,
OPTSTK,PIDILITIND,26-May-2022,2940.0,CE,0.0,0.0,0.0,12.35,2.25,0,0.0,0,0,18-APR-2022,
OPTSTK,PIDILITIND,26-May-2022,2960.0,CE,0.0,0.0,0.0,11.2,1.9,0,0.0,0,0,18-APR-2022,
OPTSTK,PIDILITIND,26-May-2022,2980.0,CE,0.0,0.0,0.0,10.2,1.6,0,0.0,0,0,18-APR-2022,
OPTSTK,PIDILITIND,26-May-2022,3000.0,CE,0.0,0.0,0.0,9.25,1.35,0,0.0,0,0,18-APR-2022,
OPTSTK,PIDILITIND,26-May-2022,3020.0,CE,0.0,0.0,0.0,8.4,1.15,0,0.0,0,0,18-APR-2022,
OPTSTK,PIDILITIND,26-May-2022,3040.0,CE,0.0,0.0,0.0,7.6,0.95,0,0.0,0,0,18-APR-2022,
OPTSTK,PIDILITIND,26-May-2022,3060.0,CE,0.0,0.0,0.0,6.85,0.8,0,0.0,0,0,18-APR-2022,
OPTSTK,PIDILITIND,26-May-2022,3080.0,CE,0.0,0.0,0.0,6.2,0.65,0,0.0,0,0,18-APR-2022,
OPTSTK,PIDILITIND,26-May-2022,3100.0,CE,0.0,0.0,0.0,5.6,0.55,0,0.0,0,0,18-APR-2022,
OPTSTK,PIDILITIND,26-May-2022,3120.0,CE,0.0,0.0,0.0,5.05,0.45,0,0.0,0,0,18-APR-2022,
OPTSTK,PIDILITIND,26-May-2022,1660.0,PE,0.0,0.0,0.0,1.5,0.05,0,0.0,0,0,18-APR-2022,
OPTSTK,PIDILITIND,26-May-2022,1680.0,PE,0.0,0.0,0.0,1.9,0.05,0,0.0,0,0,18-APR-2022,
OPTSTK,PIDILITIND,26-May-2022,1700.0,PE,0.0,0.0,0.0,2.35,0.05,0,0.0,0,0,18-APR-2022,
OPTSTK,PIDILITIND,26-May-2022,1720.0,PE,0.0,0.0,0.0,2.9,0.1,0,0.0,0,0,18-APR-2022,
OPTSTK,PIDILITIND,26-May-2022,1740.0,PE,0.0,0.0,0.0,3.5,0.1,0,0.0,0,0,18-APR-2022,
OPTSTK,PIDILITIND,26-May-2022,1760.0,PE,0.0,0.0,0.0,4.25,0.15,0,0.0,0,0,18-APR-2022,
OPTSTK,PIDILITIND,26-May-2022,1780.0,PE,0.0,0.0,0.0,5.15,0.25,0,0.0,0,0,18-APR-2022,
OPTSTK,PIDILITIND,26-May-2022,1800.0,PE,0.0,0.0,0.0,6.15,0.3,0,0.0,0,0,18-APR-2022,
OPTSTK,PIDILITIND,26-May-2022,1820.0,PE,0.0,0.0,0.0,7.35,0.45,0,0.0,0,0,18-APR-2022,
OPTSTK,PIDILITIND,26-May-2022,1840.0,PE,0.0,0.0,0.0,8.7,0.6,0,0.0,0,0,18-APR-2022,
OPTSTK,PIDILITIND,26-May-2022,1860.0,PE,0.0,0.0,0.0,10.25,0.8,0,0.0,0,0,18-APR-2022,
OPTSTK,PIDILITIND,26-May-2022,1880.0,PE,0.0,0.0,0.0,12.0,1.05,0,0.0,0,0,18-APR-2022,
OPTSTK,PIDILITIND,26-May-2022,1900.0,PE,0.0,0.0,0.0,13.95,1.4,0,0.0,0,0,18-APR-2022,
OPTSTK,PIDILITIND,26-May-2022,1920.0,PE,0.0,0.0,0.0,16.2,1.85,0,0.0,0,0,18-APR-2022,
OPTSTK,PIDILITIND,26-May-2022,1940.0,PE,0.0,0.0,0.0,18.7,2.45,0,0.0,0,0,18-APR-2022,
OPTSTK,PIDILITIND,26-May-2022,1960.0,PE,0.0,0.0,0.0,21.45,3.15,0,0.0,0,0,18-APR-2022,
OPTSTK,PIDILITIND,26-May-2022,1980.0,PE,0.0,0.0,0.0,24.5,4.0,0,0.0,0,0,18-APR-2022,
OPTSTK,PIDILITIND,26-May-2022,2000.0,PE,0.0,0.0,0.0,27.9,5.05,0,0.0,0,0,18-APR-2022,
OPTSTK,PIDILITIND,26-May-2022,2020.0,PE,0.0,0.0,0.0,31.6,6.3,0,0.0,0,0,18-APR-2022,
OPTSTK,PIDILITIND,26-May-2022,2040.0,PE,0.0,0.0,0.0,35.65,7.8,0,0.0,0,0,18-APR-2022,
OPTSTK,PIDILITIND,26-May-2022,2060.0,PE,0.0,0.0,0.0,40.1,9.6,0,0.0,0,0,18-APR-2022,
OPTSTK,PIDILITIND,26-May-2022,2080.0,PE,0.0,0.0,0.0,44.9,11.75,0,0.0,0,0,18-APR-2022,
OPTSTK,PIDILITIND,26-May-2022,2100.0,PE,0.0,0.0,0.0,50.15,14.2,0,0.0,0,0,18-APR-2022,
OPTSTK,PIDILITIND,26-May-2022,2120.0,PE,0.0,0.0,0.0,55.75,17.05,0,0.0,0,0,18-APR-2022,
OPTSTK,PIDILITIND,26-May-2022,2140.0,PE,0.0,0.0,0.0,61.65,20.35,0,0.0,0,0,18-APR-2022,
OPTSTK,PIDILITIND,26-May-2022,2160.0,PE,0.0,0.0,0.0,68.05,24.05,0,0.0,0,0,18-APR-2022,
OPTSTK,PIDILITIND,26-May-2022,2180.0,PE,0.0,0.0,0.0,74.9,28.25,0,0.0,0,0,18-APR-2022,
OPTSTK,PIDILITIND,26-May-2022,2200.0,PE,0.0,0.0,0.0,82.2,33.0,0,0.0,0,0,18-APR-2022,
OPTSTK,PIDILITIND,26-May-2022,2220.0,PE,0.0,0.0,0.0,89.95,38.3,0,0.0,0,0,18-APR-2022,
OPTSTK,PIDILITIND,26-May-2022,2240.0,PE,0.0,0.0,0.0,98.15,44.05,0,0.0,0,0,18-APR-2022,
OPTSTK,PIDILITIND,26-May-2022,2260.0,PE,0.0,0.0,0.0,106.75,50.5,0,0.0,0,0,18-APR-2022,
OPTSTK,PIDILITIND,26-May-2022,2280.0,PE,0.0,0.0,0.0,115.85,57.55,0,0.0,0,0,18-APR-2022,
OPTSTK,PIDILITIND,26-May-2022,2300.0,PE,45.0,45.0,45.0,45.0,65.2,1,5.86,500,250,18-APR-2022,
OPTSTK,PIDILITIND,26-May-2022,2320.0,PE,0.0,0.0,0.0,135.3,73.5,0,0.0,0,0,18-APR-2022,
OPTSTK,PIDILITIND,26-May-2022,2340.0,PE,0.0,0.0,0.0,145.7,82.45,0,0.0,0,0,18-APR-2022,
OPTSTK,PIDILITIND,26-May-2022,2360.0,PE,0.0,0.0,0.0,156.55,92.05,0,0.0,0,0,18-APR-2022,
OPTSTK,PIDILITIND,26-May-2022,2380.0,PE,0.0,0.0,0.0,167.8,102.25,0,0.0,0,0,18-APR-2022,
OPTSTK,PIDILITIND,26-May-2022,2400.0,PE,92.0,105.1,92.0,92.0,113.1,3,18.72,3000,0,18-APR-2022,
OPTSTK,PIDILITIND,26-May-2022,2420.0,PE,0.0,0.0,0.0,191.55,124.6,0,0.0,0,0,18-APR-2022,
OPTSTK,PIDILITIND,26-May-2022,2440.0,PE,114.0,114.0,114.0,114.0,136.65,1,6.38,250,250,18-APR-2022,
OPTSTK,PIDILITIND,26-May-2022,2460.0,PE,0.0,0.0,0.0,216.9,149.3,0,0.0,0,0,18-APR-2022,
OPTSTK,PIDILITIND,26-May-2022,2480.0,PE,0.0,0.0,0.0,54.8,162.55,0,0.0,250,0,18-APR-2022,
OPTSTK,PIDILITIND,26-May-2022,2500.0,PE,0.0,0.0,0.0,243.75,176.3,0,0.0,0,0,18-APR-2022,
OPTSTK,PIDILITIND,26-May-2022,2520.0,PE,0.0,0.0,0.0,257.75,190.6,0,0.0,0,0,18-APR-2022,
OPTSTK,PIDILITIND,26-May-2022,2540.0,PE,0.0,0.0,0.0,272.05,205.5,0,0.0,0,0,18-APR-2022,
OPTSTK,PIDILITIND,26-May-2022,2560.0,PE,0.0,0.0,0.0,286.8,220.8,0,0.0,0,0,18-APR-2022,
OPTSTK,PIDILITIND,26-May-2022,2580.0,PE,0.0,0.0,0.0,301.8,236.4,0,0.0,0,0,18-APR-2022,
OPTSTK,PIDILITIND,26-May-2022,2600.0,PE,0.0,0.0,0.0,317.1,252.5,0,0.0,0,0,18-APR-2022,
OPTSTK,PIDILITIND,26-May-2022,2620.0,PE,0.0,0.0,0.0,332.65,269.0,0,0.0,0,0,18-APR-2022,
OPTSTK,PIDILITIND,26-May-2022,2640.0,PE,0.0,0.0,0.0,348.4,285.85,0,0.0,0,0,18-APR-2022,
OPTSTK,PIDILITIND,26-May-2022,2660.0,PE,0.0,0.0,0.0,364.5,303.0,0,0.0,0,0,18-APR-2022,
OPTSTK,PIDILITIND,26-May-2022,2680.0,PE,0.0,0.0,0.0,380.85,320.5,0,0.0,0,0,18-APR-2022,
OPTSTK,PIDILITIND,26-May-2022,2700.0,PE,0.0,0.0,0.0,397.45,338.2,0,0.0,0,0,18-APR-2022,
OPTSTK,PIDILITIND,26-May-2022,2720.0,PE,0.0,0.0,0.0,414.3,356.2,0,0.0,0,0,18-APR-2022,
OPTSTK,PIDILITIND,26-May-2022,2740.0,PE,0.0,0.0,0.0,431.3,374.4,0,0.0,0,0,18-APR-2022,
OPTSTK,PIDILITIND,26-May-2022,2760.0,PE,0.0,0.0,0.0,448.55,392.85,0,0.0,0,0,18-APR-2022,
OPTSTK,PIDILITIND,26-May-2022,2780.0,PE,0.0,0.0,0.0,465.95,411.45,0,0.0,0,0,18-APR-2022,
OPTSTK,PIDILITIND,26-May-2022,2800.0,PE,0.0,0.0,0.0,483.55,430.2,0,0.0,0,0,18-APR-2022,
OPTSTK,PIDILITIND,26-May-2022,2820.0,PE,0.0,0.0,0.0,501.3,449.15,0,0.0,0,0,18-APR-2022,
OPTSTK,PIDILITIND,26-May-2022,2840.0,PE,0.0,0.0,0.0,519.25,468.15,0,0.0,0,0,18-APR-2022,
OPTSTK,PIDILITIND,26-May-2022,2860.0,PE,0.0,0.0,0.0,537.3,487.35,0,0.0,0,0,18-APR-2022,
OPTSTK,PIDILITIND,26-May-2022,2880.0,PE,0.0,0.0,0.0,555.5,506.6,0,0.0,0,0,18-APR-2022,
OPTSTK,PIDILITIND,26-May-2022,2900.0,PE,0.0,0.0,0.0,573.85,525.95,0,0.0,0,0,18-APR-2022,
OPTSTK,PIDILITIND,26-May-2022,2920.0,PE,0.0,0.0,0.0,592.3,545.4,0,0.0,0,0,18-APR-2022,
OPTSTK,PIDILITIND,26-May-2022,2940.0,PE,0.0,0.0,0.0,610.85,564.9,0,0.0,0,0,18-APR-2022,
OPTSTK,PIDILITIND,26-May-2022,2960.0,PE,0.0,0.0,0.0,629.5,584.45,0,0.0,0,0,18-APR-2022,
OPTSTK,PIDILITIND,26-May-2022,2980.0,PE,0.0,0.0,0.0,648.25,604.05,0,0.0,0,0,18-APR-2022,
OPTSTK,PIDILITIND,26-May-2022,3000.0,PE,0.0,0.0,0.0,667.1,623.7,0,0.0,0,0,18-APR-2022,
OPTSTK,PIDILITIND,26-May-2022,3020.0,PE,0.0,0.0,0.0,686.0,643.4,0,0.0,0,0,18-APR-2022,
OPTSTK,PIDILITIND,26-May-2022,3040.0,PE,0.0,0.0,0.0,705.0,663.15,0,0.0,0,0,18-APR-2022,
OPTSTK,PIDILITIND,26-May-2022,3060.0,PE,0.0,0.0,0.0,724.1,682.9,0,0.0,0,0,18-APR-2022,
OPTSTK,PIDILITIND,26-May-2022,3080.0,PE,0.0,0.0,0.0,743.2,702.65,0,0.0,0,0,18-APR-2022,
OPTSTK,PIDILITIND,26-May-2022,3100.0,PE,0.0,0.0,0.0,762.4,722.45,0,0.0,0,0,18-APR-2022,
OPTSTK,PIDILITIND,26-May-2022,3120.0,PE,0.0,0.0,0.0,781.65,742.3,0,0.0,0,0,18-APR-2022,
OPTSTK,PIDILITIND,30-Jun-2022,1660.0,CE,0.0,0.0,0.0,812.55,719.1,0,0.0,0,0,18-APR-2022,
OPTSTK,PIDILITIND,30-Jun-2022,1680.0,CE,0.0,0.0,0.0,792.95,699.45,0,0.0,0,0,18-APR-2022,
OPTSTK,PIDILITIND,30-Jun-2022,1700.0,CE,0.0,0.0,0.0,773.45,679.85,0,0.0,0,0,18-APR-2022,
OPTSTK,PIDILITIND,30-Jun-2022,1720.0,CE,0.0,0.0,0.0,753.95,660.3,0,0.0,0,0,18-APR-2022,
OPTSTK,PIDILITIND,30-Jun-2022,1740.0,CE,0.0,0.0,0.0,734.5,640.8,0,0.0,0,0,18-APR-2022,
OPTSTK,PIDILITIND,30-Jun-2022,1760.0,CE,0.0,0.0,0.0,715.1,621.4,0,0.0,0,0,18-APR-2022,
OPTSTK,PIDILITIND,30-Jun-2022,1780.0,CE,0.0,0.0,0.0,695.8,602.05,0,0.0,0,0,18-APR-2022,
OPTSTK,PIDILITIND,30-Jun-2022,1800.0,CE,0.0,0.0,0.0,676.6,582.8,0,0.0,0,0,18-APR-2022,
OPTSTK,PIDILITIND,30-Jun-2022,1820.0,CE,0.0,0.0,0.0,657.45,563.7,0,0.0,0,0,18-APR-2022,
OPTSTK,PIDILITIND,30-Jun-2022,1840.0,CE,0.0,0.0,0.0,638.45,544.65,0,0.0,0,0,18-APR-2022,
OPTSTK,PIDILITIND,30-Jun-2022,1860.0,CE,0.0,0.0,0.0,619.55,525.8,0,0.0,0,0,18-APR-2022,
OPTSTK,PIDILITIND,30-Jun-2022,1880.0,CE,0.0,0.0,0.0,600.75,507.1,0,0.0,0,0,18-APR-2022,
OPTSTK,PIDILITIND,30-Jun-2022,1900.0,CE,0.0,0.0,0.0,582.1,488.55,0,0.0,0,0,18-APR-2022,
OPTSTK,PIDILITIND,30-Jun-2022,1920.0,CE,0.0,0.0,0.0,563.65,470.2,0,0.0,0,0,18-APR-2022,
OPTSTK,PIDILITIND,30-Jun-2022,1940.0,CE,0.0,0.0,0.0,545.3,452.05,0,0.0,0,0,18-APR-2022,
OPTSTK,PIDILITIND,30-Jun-2022,1960.0,CE,0.0,0.0,0.0,527.2,434.15,0,0.0,0,0,18-APR-2022,
OPTSTK,PIDILITIND,30-Jun-2022,1980.0,CE,0.0,0.0,0.0,509.25,416.5,0,0.0,0,0,18-APR-2022,
OPTSTK,PIDILITIND,30-Jun-2022,2000.0,CE,0.0,0.0,0.0,491.55,399.1,0,0.0,0,0,18-APR-2022,
OPTSTK,PIDILITIND,30-Jun-2022,2020.0,CE,0.0,0.0,0.0,474.05,382.0,0,0.0,0,0,18-APR-2022,
OPTSTK,PIDILITIND,30-Jun-2022,2040.0,CE,0.0,0.0,0.0,456.8,365.2,0,0.0,0,0,18-APR-2022,
OPTSTK,PIDILITIND,30-Jun-2022,2060.0,CE,0.0,0.0,0.0,439.8,348.7,0,0.0,0,0,18-APR-2022,
OPTSTK,PIDILITIND,30-Jun-2022,2080.0,CE,0.0,0.0,0.0,423.05,332.55,0,0.0,0,0,18-APR-2022,
OPTSTK,PIDILITIND,30-Jun-2022,2100.0,CE,0.0,0.0,0.0,406.6,316.75,0,0.0,0,0,18-APR-2022,
OPTSTK,PIDILITIND,30-Jun-2022,2120.0,CE,0.0,0.0,0.0,390.45,301.35,0,0.0,0,0,18-APR-2022,
OPTSTK,PIDILITIND,30-Jun-2022,2140.0,CE,0.0,0.0,0.0,374.6,286.35,0,0.0,0,0,18-APR-2022,
OPTSTK,PIDILITIND,30-Jun-2022,2160.0,CE,0.0,0.0,0.0,359.05,271.8,0,0.0,0,0,18-APR-2022,
OPTSTK,PIDILITIND,30-Jun-2022,2180.0,CE,0.0,0.0,0.0,343.9,257.55,0,0.0,0,0,18-APR-2022,
OPTSTK,PIDILITIND,30-Jun-2022,2200.0,CE,0.0,0.0,0.0,329.1,243.7,0,0.0,0,0,18-APR-2022,
OPTSTK,PIDILITIND,30-Jun-2022,2220.0,CE,0.0,0.0,0.0,314.6,230.35,0,0.0,0,0,18-APR-2022,
OPTSTK,PIDILITIND,30-Jun-2022,2240.0,CE,0.0,0.0,0.0,300.45,217.45,0,0.0,0,0,18-APR-2022,
OPTSTK,PIDILITIND,30-Jun-2022,2260.0,CE,0.0,0.0,0.0,286.6,205.05,0,0.0,0,0,18-APR-2022,
OPTSTK,PIDILITIND,30-Jun-2022,2280.0,CE,0.0,0.0,0.0,273.2,193.05,0,0.0,0,0,18-APR-2022,
OPTSTK,PIDILITIND,30-Jun-2022,2300.0,CE,0.0,0.0,0.0,260.2,181.55,0,0.0,0,0,18-APR-2022,
OPTSTK,PIDILITIND,30-Jun-2022,2320.0,CE,0.0,0.0,0.0,247.6,170.5,0,0.0,0,0,18-APR-2022,
OPTSTK,PIDILITIND,30-Jun-2022,2340.0,CE,0.0,0.0,0.0,235.4,159.9,0,0.0,0,0,18-APR-2022,
OPTSTK,PIDILITIND,30-Jun-2022,2360.0,CE,0.0,0.0,0.0,223.55,149.8,0,0.0,0,0,18-APR-2022,
OPTSTK,PIDILITIND,30-Jun-2022,2380.0,CE,0.0,0.0,0.0,212.15,140.1,0,0.0,0,0,18-APR-2022,
OPTSTK,PIDILITIND,30-Jun-2022,2400.0,CE,0.0,0.0,0.0,201.1,130.9,0,0.0,0,0,18-APR-2022,
OPTSTK,PIDILITIND,30-Jun-2022,2420.0,CE,0.0,0.0,0.0,190.5,122.15,0,0.0,0,0,18-APR-2022,
OPTSTK,PIDILITIND,30-Jun-2022,2440.0,CE,0.0,0.0,0.0,180.25,113.8,0,0.0,0,0,18-APR-2022,
OPTSTK,PIDILITIND,30-Jun-2022,2460.0,CE,0.0,0.0,0.0,170.4,105.9,0,0.0,0,0,18-APR-2022,
OPTSTK,PIDILITIND,30-Jun-2022,2480.0,CE,0.0,0.0,0.0,160.95,98.45,0,0.0,0,0,18-APR-2022,
OPTSTK,PIDILITIND,30-Jun-2022,2500.0,CE,0.0,0.0,0.0,151.9,91.35,0,0.0,0,0,18-APR-2022,
OPTSTK,PIDILITIND,30-Jun-2022,2520.0,CE,0.0,0.0,0.0,143.2,84.7,0,0.0,0,0,18-APR-2022,
OPTSTK,PIDILITIND,30-Jun-2022,2540.0,CE,0.0,0.0,0.0,134.9,78.45,0,0.0,0,0,18-APR-2022,
OPTSTK,PIDILITIND,30-Jun-2022,2560.0,CE,0.0,0.0,0.0,126.95,72.55,0,0.0,0,0,18-APR-2022,
OPTSTK,PIDILITIND,30-Jun-2022,2580.0,CE,0.0,0.0,0.0,119.4,67.0,0,0.0,0,0,18-APR-2022,
OPTSTK,PIDILITIND,30-Jun-2022,2600.0,CE,0.0,0.0,0.0,112.15,61.9,0,0.0,0,0,18-APR-2022,
OPTSTK,PIDILITIND,30-Jun-2022,2620.0,CE,0.0,0.0,0.0,105.3,57.05,0,0.0,0,0,18-APR-2022,
OPTSTK,PIDILITIND,30-Jun-2022,2640.0,CE,0.0,0.0,0.0,98.75,52.55,0,0.0,0,0,18-APR-2022,
OPTSTK,PIDILITIND,30-Jun-2022,2660.0,CE,0.0,0.0,0.0,92.55,48.25,0,0.0,0,0,18-APR-2022,
OPTSTK,PIDILITIND,30-Jun-2022,2680.0,CE,0.0,0.0,0.0,86.65,44.3,0,0.0,0,0,18-APR-2022,
OPTSTK,PIDILITIND,30-Jun-2022,2700.0,CE,0.0,0.0,0.0,81.05,40.6,0,0.0,0,0,18-APR-2022,
OPTSTK,PIDILITIND,30-Jun-2022,2720.0,CE,0.0,0.0,0.0,75.75,37.2,0,0.0,0,0,18-APR-2022,
OPTSTK,PIDILITIND,30-Jun-2022,2740.0,CE,0.0,0.0,0.0,70.9,34.05,0,0.0,0,0,18-APR-2022,
OPTSTK,PIDILITIND,30-Jun-2022,2760.0,CE,0.0,0.0,0.0,66.15,31.15,0,0.0,0,0,18-APR-2022,
OPTSTK,PIDILITIND,30-Jun-2022,2780.0,CE,0.0,0.0,0.0,61.75,28.45,0,0.0,0,0,18-APR-2022,
OPTSTK,PIDILITIND,30-Jun-2022,2800.0,CE,0.0,0.0,0.0,57.55,25.95,0,0.0,0,0,18-APR-2022,
OPTSTK,PIDILITIND,30-Jun-2022,2820.0,CE,0.0,0.0,0.0,53.5,23.6,0,0.0,0,0,18-APR-2022,
OPTSTK,PIDILITIND,30-Jun-2022,2840.0,CE,0.0,0.0,0.0,49.75,21.5,0,0.0,0,0,18-APR-2022,
OPTSTK,PIDILITIND,30-Jun-2022,2860.0,CE,0.0,0.0,0.0,46.25,19.55,0,0.0,0,0,18-APR-2022,
OPTSTK,PIDILITIND,30-Jun-2022,2880.0,CE,0.0,0.0,0.0,43.0,17.75,0,0.0,0,0,18-APR-2022,
OPTSTK,PIDILITIND,30-Jun-2022,2900.0,CE,0.0,0.0,0.0,39.9,16.1,0,0.0,0,0,18-APR-2022,
OPTSTK,PIDILITIND,30-Jun-2022,2920.0,CE,0.0,0.0,0.0,37.0,14.6,0,0.0,0,0,18-APR-2022,
OPTSTK,PIDILITIND,30-Jun-2022,2940.0,CE,0.0,0.0,0.0,34.3,13.2,0,0.0,0,0,18-APR-2022,
OPTSTK,PIDILITIND,30-Jun-2022,2960.0,CE,0.0,0.0,0.0,31.8,11.95,0,0.0,0,0,18-APR-2022,
OPTSTK,PIDILITIND,30-Jun-2022,2980.0,CE,0.0,0.0,0.0,29.4,10.8,0,0.0,0,0,18-APR-2022,
OPTSTK,PIDILITIND,30-Jun-2022,3000.0,CE,0.0,0.0,0.0,27.2,9.75,0,0.0,0,0,18-APR-2022,
OPTSTK,PIDILITIND,30-Jun-2022,3020.0,CE,0.0,0.0,0.0,25.15,8.8,0,0.0,0,0,18-APR-2022,
OPTSTK,PIDILITIND,30-Jun-2022,3040.0,CE,0.0,0.0,0.0,23.25,7.95,0,0.0,0,0,18-APR-2022,
OPTSTK,PIDILITIND,30-Jun-2022,3060.0,CE,0.0,0.0,0.0,21.45,7.15,0,0.0,0,0,18-APR-2022,
OPTSTK,PIDILITIND,30-Jun-2022,3080.0,CE,0.0,0.0,0.0,19.75,6.4,0,0.0,0,0,18-APR-2022,
OPTSTK,PIDILITIND,30-Jun-2022,3100.0,CE,0.0,0.0,0.0,18.25,5.75,0,0.0,0,0,18-APR-2022,
OPTSTK,PIDILITIND,30-Jun-2022,3120.0,CE,0.0,0.0,0.0,16.8,5.2,0,0.0,0,0,18-APR-2022,
OPTSTK,PIDILITIND,30-Jun-2022,1660.0,PE,0.0,0.0,0.0,0.8,0.65,0,0.0,0,0,18-APR-2022,
OPTSTK,PIDILITIND,30-Jun-2022,1680.0,PE,0.0,0.0,0.0,1.0,0.85,0,0.0,0,0,18-APR-2022,
OPTSTK,PIDILITIND,30-Jun-2022,1700.0,PE,0.0,0.0,0.0,1.25,1.05,0,0.0,0,0,18-APR-2022,
OPTSTK,PIDILITIND,30-Jun-2022,1720.0,PE,0.0,0.0,0.0,1.55,1.35,0,0.0,0,0,18-APR-2022,
OPTSTK,PIDILITIND,30-Jun-2022,1740.0,PE,0.0,0.0,0.0,1.9,1.65,0,0.0,0,0,18-APR-2022,
OPTSTK,PIDILITIND,30-Jun-2022,1760.0,PE,0.0,0.0,0.0,2.3,2.1,0,0.0,0,0,18-APR-2022,
OPTSTK,PIDILITIND,30-Jun-2022,1780.0,PE,0.0,0.0,0.0,2.8,2.6,0,0.0,0,0,18-APR-2022,
OPTSTK,PIDILITIND,30-Jun-2022,1800.0,PE,0.0,0.0,0.0,3.35,3.15,0,0.0,0,0,18-APR-2022,
OPTSTK,PIDILITIND,30-Jun-2022,1820.0,PE,0.0,0.0,0.0,4.0,3.85,0,0.0,0,0,18-APR-2022,
OPTSTK,PIDILITIND,30-Jun-2022,1840.0,PE,0.0,0.0,0.0,4.8,4.7,0,0.0,0,0,18-APR-2022,
OPTSTK,PIDILITIND,30-Jun-2022,1860.0,PE,0.0,0.0,0.0,5.65,5.65,0,0.0,0,0,18-APR-2022,
OPTSTK,PIDILITIND,30-Jun-2022,1880.0,PE,0.0,0.0,0.0,6.7,6.8,0,0.0,0,0,18-APR-2022,
OPTSTK,PIDILITIND,30-Jun-2022,1900.0,PE,0.0,0.0,0.0,7.85,8.05,0,0.0,0,0,18-APR-2022,
OPTSTK,PIDILITIND,30-Jun-2022,1920.0,PE,0.0,0.0,0.0,9.15,9.55,0,0.0,0,0,18-APR-2022,
OPTSTK,PIDILITIND,30-Jun-2022,1940.0,PE,0.0,0.0,0.0,10.6,11.25,0,0.0,0,0,18-APR-2022,
OPTSTK,PIDILITIND,30-Jun-2022,1960.0,PE,0.0,0.0,0.0,12.3,13.15,0,0.0,0,0,18-APR-2022,
OPTSTK,PIDILITIND,30-Jun-2022,1980.0,PE,0.0,0.0,0.0,14.15,15.35,0,0.0,0,0,18-APR-2022,
OPTSTK,PIDILITIND,30-Jun-2022,2000.0,PE,0.0,0.0,0.0,16.2,17.75,0,0.0,0,0,18-APR-2022,
OPTSTK,PIDILITIND,30-Jun-2022,2020.0,PE,0.0,0.0,0.0,18.5,20.5,0,0.0,0,0,18-APR-2022,
OPTSTK,PIDILITIND,30-Jun-2022,2040.0,PE,0.0,0.0,0.0,21.05,23.5,0,0.0,0,0,18-APR-2022,
OPTSTK,PIDILITIND,30-Jun-2022,2060.0,PE,0.0,0.0,0.0,23.8,26.85,0,0.0,0,0,18-APR-2022,
OPTSTK,PIDILITIND,30-Jun-2022,2080.0,PE,0.0,0.0,0.0,26.9,30.55,0,0.0,0,0,18-APR-2022,
OPTSTK,PIDILITIND,30-Jun-2022,2100.0,PE,0.0,0.0,0.0,30.2,34.6,0,0.0,0,0,18-APR-2022,
OPTSTK,PIDILITIND,30-Jun-2022,2120.0,PE,0.0,0.0,0.0,33.85,39.0,0,0.0,0,0,18-APR-2022,
OPTSTK,PIDILITIND,30-Jun-2022,2140.0,PE,0.0,0.0,0.0,37.8,43.8,0,0.0,0,0,18-APR-2022,
OPTSTK,PIDILITIND,30-Jun-2022,2160.0,PE,0.0,0.0,0.0,42.05,49.1,0,0.0,0,0,18-APR-2022,
OPTSTK,PIDILITIND,30-Jun-2022,2180.0,PE,0.0,0.0,0.0,46.65,54.7,0,0.0,0,0,18-APR-2022,
OPTSTK,PIDILITIND,30-Jun-2022,2200.0,PE,0.0,0.0,0.0,51.7,60.65,0,0.0,0,0,18-APR-2022,
OPTSTK,PIDILITIND,30-Jun-2022,2220.0,PE,0.0,0.0,0.0,56.95,67.15,0,0.0,0,0,18-APR-2022,
OPTSTK,PIDILITIND,30-Jun-2022,2240.0,PE,0.0,0.0,0.0,62.6,74.1,0,0.0,0,0,18-APR-2022,
OPTSTK,PIDILITIND,30-Jun-2022,2260.0,PE,0.0,0.0,0.0,68.5,81.5,0,0.0,0,0,18-APR-2022,
OPTSTK,PIDILITIND,30-Jun-2022,2280.0,PE,0.0,0.0,0.0,74.9,89.35,0,0.0,0,0,18-APR-2022,
OPTSTK,PIDILITIND,30-Jun-2022,2300.0,PE,0.0,0.0,0.0,81.7,97.7,0,0.0,0,0,18-APR-2022,
OPTSTK,PIDILITIND,30-Jun-2022,2320.0,PE,0.0,0.0,0.0,88.9,106.45,0,0.0,0,0,18-APR-2022,
OPTSTK,PIDILITIND,30-Jun-2022,2340.0,PE,0.0,0.0,0.0,96.45,115.7,0,0.0,0,0,18-APR-2022,
OPTSTK,PIDILITIND,30-Jun-2022,2360.0,PE,0.0,0.0,0.0,104.45,125.4,0,0.0,0,0,18-APR-2022,
OPTSTK,PIDILITIND,30-Jun-2022,2380.0,PE,0.0,0.0,0.0,112.8,135.55,0,0.0,0,0,18-APR-2022,
OPTSTK,PIDILITIND,30-Jun-2022,2400.0,PE,0.0,0.0,0.0,121.55,146.2,0,0.0,0,0,18-APR-2022,
OPTSTK,PIDILITIND,30-Jun-2022,2420.0,PE,0.0,0.0,0.0,130.75,157.25,0,0.0,0,0,18-APR-2022,
OPTSTK,PIDILITIND,30-Jun-2022,2440.0,PE,0.0,0.0,0.0,140.3,168.75,0,0.0,0,0,18-APR-2022,
OPTSTK,PIDILITIND,30-Jun-2022,2460.0,PE,0.0,0.0,0.0,150.25,180.7,0,0.0,0,0,18-APR-2022,
OPTSTK,PIDILITIND,30-Jun-2022,2480.0,PE,0.0,0.0,0.0,160.6,193.05,0,0.0,0,0,18-APR-2022,
OPTSTK,PIDILITIND,30-Jun-2022,2500.0,PE,0.0,0.0,0.0,171.3,205.8,0,0.0,0,0,18-APR-2022,
OPTSTK,PIDILITIND,30-Jun-2022,2520.0,PE,0.0,0.0,0.0,182.4,219.0,0,0.0,0,0,18-APR-2022,
OPTSTK,PIDILITIND,30-Jun-2022,2540.0,PE,0.0,0.0,0.0,193.9,232.55,0,0.0,0,0,18-APR-2022,
OPTSTK,PIDILITIND,30-Jun-2022,2560.0,PE,0.0,0.0,0.0,205.75,246.45,0,0.0,0,0,18-APR-2022,
OPTSTK,PIDILITIND,30-Jun-2022,2580.0,PE,0.0,0.0,0.0,217.95,260.75,0,0.0,0,0,18-APR-2022,
OPTSTK,PIDILITIND,30-Jun-2022,2600.0,PE,0.0,0.0,0.0,230.55,275.5,0,0.0,0,0,18-APR-2022,
OPTSTK,PIDILITIND,30-Jun-2022,2620.0,PE,0.0,0.0,0.0,243.45,290.5,0,0.0,0,0,18-APR-2022,
OPTSTK,PIDILITIND,30-Jun-2022,2640.0,PE,0.0,0.0,0.0,256.7,305.8,0,0.0,0,0,18-APR-2022,
OPTSTK,PIDILITIND,30-Jun-2022,2660.0,PE,0.0,0.0,0.0,270.25,321.3,0,0.0,0,0,18-APR-2022,
OPTSTK,PIDILITIND,30-Jun-2022,2680.0,PE,0.0,0.0,0.0,284.15,337.2,0,0.0,0,0,18-APR-2022,
OPTSTK,PIDILITIND,30-Jun-2022,2700.0,PE,0.0,0.0,0.0,298.35,353.35,0,0.0,0,0,18-APR-2022,
OPTSTK,PIDILITIND,30-Jun-2022,2720.0,PE,0.0,0.0,0.0,312.85,369.8,0,0.0,0,0,18-APR-2022,
OPTSTK,PIDILITIND,30-Jun-2022,2740.0,PE,0.0,0.0,0.0,327.75,386.45,0,0.0,0,0,18-APR-2022,
OPTSTK,PIDILITIND,30-Jun-2022,2760.0,PE,0.0,0.0,0.0,342.85,403.35,0,0.0,0,0,18-APR-2022,
OPTSTK,PIDILITIND,30-Jun-2022,2780.0,PE,0.0,0.0,0.0,358.2,420.5,0,0.0,0,0,18-APR-2022,
OPTSTK,PIDILITIND,30-Jun-2022,2800.0,PE,0.0,0.0,0.0,373.8,437.85,0,0.0,0,0,18-APR-2022,
OPTSTK,PIDILITIND,30-Jun-2022,2820.0,PE,0.0,0.0,0.0,389.55,455.35,0,0.0,0,0,18-APR-2022,
OPTSTK,PIDILITIND,30-Jun-2022,2840.0,PE,0.0,0.0,0.0,405.6,473.05,0,0.0,0,0,18-APR-2022,
OPTSTK,PIDILITIND,30-Jun-2022,2860.0,PE,0.0,0.0,0.0,421.9,490.95,0,0.0,0,0,18-APR-2022,
OPTSTK,PIDILITIND,30-Jun-2022,2880.0,PE,0.0,0.0,0.0,438.4,509.0,0,0.0,0,0,18-APR-2022,
OPTSTK,PIDILITIND,30-Jun-2022,2900.0,PE,0.0,0.0,0.0,455.1,527.15,0,0.0,0,0,18-APR-2022,
OPTSTK,PIDILITIND,30-Jun-2022,2920.0,PE,0.0,0.0,0.0,472.0,545.5,0,0.0,0,0,18-APR-2022,
OPTSTK,PIDILITIND,30-Jun-2022,2940.0,PE,0.0,0.0,0.0,489.1,563.95,0,0.0,0,0,18-APR-2022,
OPTSTK,PIDILITIND,30-Jun-2022,2960.0,PE,0.0,0.0,0.0,506.35,582.5,0,0.0,0,0,18-APR-2022,
OPTSTK,PIDILITIND,30-Jun-2022,2980.0,PE,0.0,0.0,0.0,523.8,601.2,0,0.0,0,0,18-APR-2022,
OPTSTK,PIDILITIND,30-Jun-2022,3000.0,PE,0.0,0.0,0.0,541.35,619.95,0,0.0,0,0,18-APR-2022,
OPTSTK,PIDILITIND,30-Jun-2022,3020.0,PE,0.0,0.0,0.0,559.1,638.85,0,0.0,0,0,18-APR-2022,
OPTSTK,PIDILITIND,30-Jun-2022,3040.0,PE,0.0,0.0,0.0,576.95,657.8,0,0.0,0,0,18-APR-2022,
OPTSTK,PIDILITIND,30-Jun-2022,3060.0,PE,0.0,0.0,0.0,594.95,676.85,0,0.0,0,0,18-APR-2022,
OPTSTK,PIDILITIND,30-Jun-2022,3080.0,PE,0.0,0.0,0.0,613.1,695.95,0,0.0,0,0,18-APR-2022,
OPTSTK,PIDILITIND,30-Jun-2022,3100.0,PE,0.0,0.0,0.0,631.35,715.15,0,0.0,0,0,18-APR-2022,
OPTSTK,PIDILITIND,30-Jun-2022,3120.0,PE,0.0,0.0,0.0,649.7,734.4,0,0.0,0,0,18-APR-2022,
OPTSTK,PIIND,28-Apr-2022,1700.0,CE,0.0,0.0,0.0,701.8,1225.2,0,0.0,0,0,18-APR-2022,
OPTSTK,PIIND,28-Apr-2022,1750.0,CE,0.0,0.0,0.0,656.3,1175.25,0,0.0,0,0,18-APR-2022,
OPTSTK,PIIND,28-Apr-2022,1800.0,CE,0.0,0.0,0.0,611.85,1125.3,0,0.0,0,0,18-APR-2022,
OPTSTK,PIIND,28-Apr-2022,1850.0,CE,0.0,0.0,0.0,568.6,1075.35,0,0.0,0,0,18-APR-2022,
OPTSTK,PIIND,28-Apr-2022,1900.0,CE,0.0,0.0,0.0,526.7,1025.4,0,0.0,0,0,18-APR-2022,
OPTSTK,PIIND,28-Apr-2022,1950.0,CE,0.0,0.0,0.0,486.35,975.45,0,0.0,0,0,18-APR-2022,
OPTSTK,PIIND,28-Apr-2022,2000.0,CE,0.0,0.0,0.0,447.6,925.5,0,0.0,0,0,18-APR-2022,
OPTSTK,PIIND,28-Apr-2022,2050.0,CE,0.0,0.0,0.0,410.6,875.6,0,0.0,0,0,18-APR-2022,
OPTSTK,PIIND,28-Apr-2022,2100.0,CE,0.0,0.0,0.0,375.4,825.65,0,0.0,0,0,18-APR-2022,
OPTSTK,PIIND,28-Apr-2022,2150.0,CE,0.0,0.0,0.0,342.0,775.7,0,0.0,0,0,18-APR-2022,
OPTSTK,PIIND,28-Apr-2022,2200.0,CE,0.0,0.0,0.0,310.65,725.75,0,0.0,0,0,18-APR-2022,
OPTSTK,PIIND,28-Apr-2022,2250.0,CE,0.0,0.0,0.0,281.3,675.8,0,0.0,0,0,18-APR-2022,
OPTSTK,PIIND,28-Apr-2022,2300.0,CE,0.0,0.0,0.0,253.95,625.85,0,0.0,0,0,18-APR-2022,
OPTSTK,PIIND,28-Apr-2022,2350.0,CE,0.0,0.0,0.0,228.5,575.95,0,0.0,0,0,18-APR-2022,
OPTSTK,PIIND,28-Apr-2022,2400.0,CE,0.0,0.0,0.0,380.0,526.1,0,0.0,250,0,18-APR-2022,
OPTSTK,PIIND,28-Apr-2022,2450.0,CE,0.0,0.0,0.0,183.4,476.35,0,0.0,0,0,18-APR-2022,
OPTSTK,PIIND,28-Apr-2022,2500.0,CE,0.0,0.0,0.0,163.6,426.9,0,0.0,0,0,18-APR-2022,
OPTSTK,PIIND,28-Apr-2022,2550.0,CE,0.0,0.0,0.0,145.55,377.95,0,0.0,0,0,18-APR-2022,
OPTSTK,PIIND,28-Apr-2022,2600.0,CE,0.0,0.0,0.0,129.15,329.85,0,0.0,0,0,18-APR-2022,
OPTSTK,PIIND,28-Apr-2022,2650.0,CE,0.0,0.0,0.0,114.25,283.2,0,0.0,0,0,18-APR-2022,
OPTSTK,PIIND,28-Apr-2022,2700.0,CE,0.0,0.0,0.0,100.85,238.6,0,0.0,0,0,18-APR-2022,
OPTSTK,PIIND,28-Apr-2022,2750.0,CE,0.0,0.0,0.0,242.85,196.8,0,0.0,250,0,18-APR-2022,
OPTSTK,PIIND,28-Apr-2022,2800.0,CE,106.1,148.0,106.1,147.75,147.75,6,43.86,9250,500,18-APR-2022,
OPTSTK,PIIND,28-Apr-2022,2850.0,CE,75.0,128.4,75.0,128.4,124.65,5,36.77,2250,500,18-APR-2022,
OPTSTK,PIIND,28-Apr-2022,2900.0,CE,106.2,106.2,47.4,87.3,87.3,145,1075.32,18250,-4250,18-APR-2022,
OPTSTK,PIIND,28-Apr-2022,2950.0,CE,75.2,75.2,33.0,67.0,67.0,42,315.14,7000,1250,18-APR-2022,
OPTSTK,PIIND,28-Apr-2022,3000.0,CE,50.0,55.0,23.9,49.45,49.45,433,3287.84,67500,-9000,18-APR-2022,
OPTSTK,PIIND,28-Apr-2022,3050.0,CE,30.2,38.15,17.1,35.1,35.1,26,199.93,10250,-1250,18-APR-2022,
OPTSTK,PIIND,28-Apr-2022,3100.0,CE,20.3,25.5,11.5,21.6,21.6,166,1293.41,31750,-1250,18-APR-2022,
OPTSTK,PIIND,28-Apr-2022,3150.0,CE,0.0,0.0,0.0,50.0,16.15,0,0.0,250,0,18-APR-2022,
OPTSTK,PIIND,28-Apr-2022,3200.0,CE,9.0,11.9,6.05,10.45,10.45,158,1267.2,37250,500,18-APR-2022,
OPTSTK,PIIND,28-Apr-2022,3250.0,CE,0.0,0.0,0.0,22.25,6.45,0,0.0,0,0,18-APR-2022,
OPTSTK,PIIND,28-Apr-2022,3300.0,CE,4.9,5.05,2.95,5.0,5.0,32,264.32,9250,-500,18-APR-2022,
OPTSTK,PIIND,28-Apr-2022,3350.0,CE,0.0,0.0,0.0,16.55,2.3,0,0.0,0,0,18-APR-2022,
OPTSTK,PIIND,28-Apr-2022,3400.0,CE,0.0,0.0,0.0,5.5,1.3,0,0.0,750,0,18-APR-2022,
OPTSTK,PIIND,28-Apr-2022,3450.0,CE,0.0,0.0,0.0,10.0,0.75,0,0.0,0,0,18-APR-2022,
OPTSTK,PIIND,28-Apr-2022,3500.0,CE,2.0,2.2,0.9,1.0,1.0,15,131.31,15250,-500,18-APR-2022,
OPTSTK,PIIND,28-Apr-2022,3550.0,CE,0.0,0.0,0.0,6.45,0.2,0,0.0,250,0,18-APR-2022,
OPTSTK,PIIND,28-Apr-2022,3600.0,CE,0.0,0.0,0.0,7.65,0.1,0,0.0,0,0,18-APR-2022,
OPTSTK,PIIND,28-Apr-2022,3650.0,CE,0.0,0.0,0.0,6.55,0.05,0,0.0,0,0,18-APR-2022,
OPTSTK,PIIND,28-Apr-2022,1700.0,PE,0.0,0.0,0.0,10.6,0.0,0,0.0,0,0,18-APR-2022,
OPTSTK,PIIND,28-Apr-2022,1750.0,PE,0.0,0.0,0.0,14.55,0.0,0,0.0,0,0,18-APR-2022,
OPTSTK,PIIND,28-Apr-2022,1800.0,PE,0.0,0.0,0.0,19.6,0.0,0,0.0,0,0,18-APR-2022,
OPTSTK,PIIND,28-Apr-2022,1850.0,PE,0.0,0.0,0.0,25.85,0.0,0,0.0,0,0,18-APR-2022,
OPTSTK,PIIND,28-Apr-2022,1900.0,PE,0.0,0.0,0.0,33.45,0.0,0,0.0,0,0,18-APR-2022,
OPTSTK,PIIND,28-Apr-2022,1950.0,PE,0.0,0.0,0.0,42.55,0.0,0,0.0,0,0,18-APR-2022,
OPTSTK,PIIND,28-Apr-2022,2000.0,PE,0.0,0.0,0.0,53.25,0.0,0,0.0,0,0,18-APR-2022,
OPTSTK,PIIND,28-Apr-2022,2050.0,PE,0.0,0.0,0.0,65.75,0.0,0,0.0,0,0,18-APR-2022,
OPTSTK,PIIND,28-Apr-2022,2100.0,PE,0.0,0.0,0.0,80.0,0.0,0,0.0,0,0,18-APR-2022,
OPTSTK,PIIND,28-Apr-2022,2150.0,PE,0.0,0.0,0.0,96.1,0.0,0,0.0,0,0,18-APR-2022,
OPTSTK,PIIND,28-Apr-2022,2200.0,PE,0.0,0.0,0.0,114.25,0.0,0,0.0,0,0,18-APR-2022,
OPTSTK,PIIND,28-Apr-2022,2250.0,PE,0.0,0.0,0.0,134.35,0.0,0,0.0,0,0,18-APR-2022,
OPTSTK,PIIND,28-Apr-2022,2300.0,PE,0.0,0.0,0.0,156.45,0.05,0,0.0,0,0,18-APR-2022,
OPTSTK,PIIND,28-Apr-2022,2350.0,PE,0.0,0.0,0.0,180.55,0.05,0,0.0,0,0,18-APR-2022,
OPTSTK,PIIND,28-Apr-2022,2400.0,PE,0.0,0.0,0.0,8.5,0.15,0,0.0,250,0,18-APR-2022,
OPTSTK,PIIND,28-Apr-2022,2450.0,PE,0.0,0.0,0.0,234.4,0.35,0,0.0,0,0,18-APR-2022,
OPTSTK,PIIND,28-Apr-2022,2500.0,PE,0.0,0.0,0.0,2.5,0.85,0,0.0,3250,0,18-APR-2022,
OPTSTK,PIIND,28-Apr-2022,2550.0,PE,0.0,0.0,0.0,295.5,1.8,0,0.0,0,0,18-APR-2022,
OPTSTK,PIIND,28-Apr-2022,2600.0,PE,4.0,4.0,3.55,3.8,3.8,2,13.01,4750,250,18-APR-2022,
OPTSTK,PIIND,28-Apr-2022,2650.0,PE,0.0,0.0,0.0,10.35,6.95,0,0.0,0,0,18-APR-2022,
OPTSTK,PIIND,28-Apr-2022,2700.0,PE,13.95,21.4,13.95,15.0,12.3,13,88.3,10250,750,18-APR-2022,
OPTSTK,PIIND,28-Apr-2022,2750.0,PE,34.05,34.05,21.35,21.35,20.5,2,13.88,500,-250,18-APR-2022,
OPTSTK,PIIND,28-Apr-2022,2800.0,PE,37.0,59.95,19.25,20.6,20.6,86,611.92,15750,1000,18-APR-2022,
OPTSTK,PIIND,28-Apr-2022,2850.0,PE,0.0,0.0,0.0,515.3,48.15,0,0.0,0,0,18-APR-2022,
OPTSTK,PIIND,28-Apr-2022,2900.0,PE,67.6,110.0,50.0,59.0,59.0,109,812.13,11250,-1500,18-APR-2022,
OPTSTK,PIIND,28-Apr-2022,2950.0,PE,93.6,100.0,93.6,100.0,94.35,2,15.23,250,250,18-APR-2022,
OPTSTK,PIIND,28-Apr-2022,3000.0,PE,180.95,180.95,170.0,170.0,124.6,2,15.87,7500,0,18-APR-2022,
OPTSTK,PIIND,28-Apr-2022,3050.0,PE,0.0,0.0,0.0,684.35,159.25,0,0.0,0,0,18-APR-2022,
OPTSTK,PIIND,28-Apr-2022,3100.0,PE,0.0,0.0,0.0,177.0,197.75,0,0.0,500,0,18-APR-2022,
OPTSTK,PIIND,28-Apr-2022,3150.0,PE,0.0,0.0,0.0,773.5,239.35,0,0.0,0,0,18-APR-2022,
OPTSTK,PIIND,28-Apr-2022,3200.0,PE,0.0,0.0,0.0,818.95,283.5,0,0.0,0,0,18-APR-2022,
OPTSTK,PIIND,28-Apr-2022,3250.0,PE,0.0,0.0,0.0,864.9,329.55,0,0.0,0,0,18-APR-2022,
OPTSTK,PIIND,28-Apr-2022,3300.0,PE,0.0,0.0,0.0,911.3,376.95,0,0.0,0,0,18-APR-2022,
OPTSTK,PIIND,28-Apr-2022,3350.0,PE,0.0,0.0,0.0,958.15,425.25,0,0.0,0,0,18-APR-2022,
OPTSTK,PIIND,28-Apr-2022,3400.0,PE,0.0,0.0,0.0,1005.3,474.25,0,0.0,0,0,18-APR-2022,
OPTSTK,PIIND,28-Apr-2022,3450.0,PE,0.0,0.0,0.0,1052.75,523.6,0,0.0,0,0,18-APR-2022,
OPTSTK,PIIND,28-Apr-2022,3500.0,PE,0.0,0.0,0.0,1100.5,573.2,0,0.0,0,0,18-APR-2022,
OPTSTK,PIIND,28-Apr-2022,3550.0,PE,0.0,0.0,0.0,1148.5,623.0,0,0.0,0,0,18-APR-2022,
OPTSTK,PIIND,28-Apr-2022,3600.0,PE,0.0,0.0,0.0,1196.65,672.8,0,0.0,0,0,18-APR-2022,
OPTSTK,PIIND,28-Apr-2022,3650.0,PE,0.0,0.0,0.0,1245.05,722.7,0,0.0,0,0,18-APR-2022,
OPTSTK,PIIND,26-May-2022,1700.0,CE,0.0,0.0,0.0,718.1,1230.8,0,0.0,0,0,18-APR-2022,
OPTSTK,PIIND,26-May-2022,1750.0,CE,0.0,0.0,0.0,672.15,1181.0,0,0.0,0,0,18-APR-2022,
OPTSTK,PIIND,26-May-2022,1800.0,CE,0.0,0.0,0.0,627.25,1131.25,0,0.0,0,0,18-APR-2022,
OPTSTK,PIIND,26-May-2022,1850.0,CE,0.0,0.0,0.0,583.45,1081.45,0,0.0,0,0,18-APR-2022,
OPTSTK,PIIND,26-May-2022,1900.0,CE,0.0,0.0,0.0,540.95,1031.7,0,0.0,0,0,18-APR-2022,
OPTSTK,PIIND,26-May-2022,1950.0,CE,0.0,0.0,0.0,499.85,982.0,0,0.0,0,0,18-APR-2022,
OPTSTK,PIIND,26-May-2022,2000.0,CE,0.0,0.0,0.0,460.4,932.35,0,0.0,0,0,18-APR-2022,
OPTSTK,PIIND,26-May-2022,2050.0,CE,0.0,0.0,0.0,422.7,882.75,0,0.0,0,0,18-APR-2022,
OPTSTK,PIIND,26-May-2022,2100.0,CE,0.0,0.0,0.0,386.65,833.35,0,0.0,0,0,18-APR-2022,
OPTSTK,PIIND,26-May-2022,2150.0,CE,0.0,0.0,0.0,352.45,784.1,0,0.0,0,0,18-APR-2022,
OPTSTK,PIIND,26-May-2022,2200.0,CE,0.0,0.0,0.0,320.3,735.15,0,0.0,0,0,18-APR-2022,
OPTSTK,PIIND,26-May-2022,2250.0,CE,0.0,0.0,0.0,290.15,686.65,0,0.0,0,0,18-APR-2022,
OPTSTK,PIIND,26-May-2022,2300.0,CE,0.0,0.0,0.0,262.0,638.65,0,0.0,0,0,18-APR-2022,
OPTSTK,PIIND,26-May-2022,2350.0,CE,0.0,0.0,0.0,235.8,591.4,0,0.0,0,0,18-APR-2022,
OPTSTK,PIIND,26-May-2022,2400.0,CE,0.0,0.0,0.0,211.55,545.1,0,0.0,0,0,18-APR-2022,
OPTSTK,PIIND,26-May-2022,2450.0,CE,0.0,0.0,0.0,189.25,499.9,0,0.0,0,0,18-APR-2022,
OPTSTK,PIIND,26-May-2022,2500.0,CE,0.0,0.0,0.0,168.8,456.05,0,0.0,0,0,18-APR-2022,
OPTSTK,PIIND,26-May-2022,2550.0,CE,0.0,0.0,0.0,150.1,413.75,0,0.0,0,0,18-APR-2022,
OPTSTK,PIIND,26-May-2022,2600.0,CE,0.0,0.0,0.0,133.1,373.25,0,0.0,0,0,18-APR-2022,
OPTSTK,PIIND,26-May-2022,2650.0,CE,0.0,0.0,0.0,117.75,334.75,0,0.0,0,0,18-APR-2022,
OPTSTK,PIIND,26-May-2022,2700.0,CE,0.0,0.0,0.0,103.85,298.45,0,0.0,0,0,18-APR-2022,
OPTSTK,PIIND,26-May-2022,2750.0,CE,0.0,0.0,0.0,91.5,264.3,0,0.0,0,0,18-APR-2022,
OPTSTK,PIIND,26-May-2022,2800.0,CE,0.0,0.0,0.0,80.4,232.7,0,0.0,0,0,18-APR-2022,
OPTSTK,PIIND,26-May-2022,2850.0,CE,0.0,0.0,0.0,70.35,203.6,0,0.0,0,0,18-APR-2022,
OPTSTK,PIIND,26-May-2022,2900.0,CE,0.0,0.0,0.0,145.3,177.0,0,0.0,1000,0,18-APR-2022,
OPTSTK,PIIND,26-May-2022,2950.0,CE,0.0,0.0,0.0,53.6,152.9,0,0.0,0,0,18-APR-2022,
OPTSTK,PIIND,26-May-2022,3000.0,CE,98.45,98.45,80.0,80.0,131.25,2,15.44,1250,0,18-APR-2022,
OPTSTK,PIIND,26-May-2022,3050.0,CE,0.0,0.0,0.0,40.5,111.95,0,0.0,0,0,18-APR-2022,
OPTSTK,PIIND,26-May-2022,3100.0,CE,0.0,0.0,0.0,35.1,94.9,0,0.0,0,0,18-APR-2022,
OPTSTK,PIIND,26-May-2022,3150.0,CE,0.0,0.0,0.0,30.35,79.95,0,0.0,0,0,18-APR-2022,
OPTSTK,PIIND,26-May-2022,3200.0,CE,0.0,0.0,0.0,26.25,67.1,0,0.0,0,0,18-APR-2022,
OPTSTK,PIIND,26-May-2022,3250.0,CE,0.0,0.0,0.0,22.6,55.85,0,0.0,0,0,18-APR-2022,
OPTSTK,PIIND,26-May-2022,3300.0,CE,0.0,0.0,0.0,19.45,46.25,0,0.0,0,0,18-APR-2022,
OPTSTK,PIIND,26-May-2022,3350.0,CE,0.0,0.0,0.0,16.7,38.05,0,0.0,0,0,18-APR-2022,
OPTSTK,PIIND,26-May-2022,3400.0,CE,0.0,0.0,0.0,14.35,31.15,0,0.0,0,0,18-APR-2022,
OPTSTK,PIIND,26-May-2022,3450.0,CE,0.0,0.0,0.0,12.3,25.4,0,0.0,0,0,18-APR-2022,
OPTSTK,PIIND,26-May-2022,3500.0,CE,0.0,0.0,0.0,10.5,20.55,0,0.0,0,0,18-APR-2022,
OPTSTK,PIIND,26-May-2022,3550.0,CE,0.0,0.0,0.0,9.0,16.55,0,0.0,0,0,18-APR-2022,
OPTSTK,PIIND,26-May-2022,3600.0,CE,0.0,0.0,0.0,7.65,13.3,0,0.0,0,0,18-APR-2022,
OPTSTK,PIIND,26-May-2022,3650.0,CE,0.0,0.0,0.0,6.55,10.6,0,0.0,0,0,18-APR-2022,
OPTSTK,PIIND,26-May-2022,1700.0,PE,0.0,0.0,0.0,9.05,0.0,0,0.0,0,0,18-APR-2022,
OPTSTK,PIIND,26-May-2022,1750.0,PE,0.0,0.0,0.0,12.6,0.05,0,0.0,0,0,18-APR-2022,
OPTSTK,PIIND,26-May-2022,1800.0,PE,0.0,0.0,0.0,17.15,0.05,0,0.0,0,0,18-APR-2022,
OPTSTK,PIIND,26-May-2022,1850.0,PE,0.0,0.0,0.0,22.8,0.05,0,0.0,0,0,18-APR-2022,
OPTSTK,PIIND,26-May-2022,1900.0,PE,0.0,0.0,0.0,29.8,0.1,0,0.0,0,0,18-APR-2022,
OPTSTK,PIIND,26-May-2022,1950.0,PE,0.0,0.0,0.0,38.2,0.15,0,0.0,0,0,18-APR-2022,
OPTSTK,PIIND,26-May-2022,2000.0,PE,0.0,0.0,0.0,48.2,0.25,0,0.0,0,0,18-APR-2022,
OPTSTK,PIIND,26-May-2022,2050.0,PE,0.0,0.0,0.0,60.0,0.45,0,0.0,0,0,18-APR-2022,
OPTSTK,PIIND,26-May-2022,2100.0,PE,0.0,0.0,0.0,73.45,0.8,0,0.0,0,0,18-APR-2022,
OPTSTK,PIIND,26-May-2022,2150.0,PE,0.0,0.0,0.0,88.7,1.35,0,0.0,0,0,18-APR-2022,
OPTSTK,PIIND,26-May-2022,2200.0,PE,0.0,0.0,0.0,106.05,2.2,0,0.0,0,0,18-APR-2022,
OPTSTK,PIIND,26-May-2022,2250.0,PE,0.0,0.0,0.0,125.35,3.45,0,0.0,0,0,18-APR-2022,
OPTSTK,PIIND,26-May-2022,2300.0,PE,0.0,0.0,0.0,146.65,5.25,0,0.0,0,0,18-APR-2022,
OPTSTK,PIIND,26-May-2022,2350.0,PE,0.0,0.0,0.0,169.95,7.8,0,0.0,0,0,18-APR-2022,
OPTSTK,PIIND,26-May-2022,2400.0,PE,0.0,0.0,0.0,195.2,11.25,0,0.0,0,0,18-APR-2022,
OPTSTK,PIIND,26-May-2022,2450.0,PE,0.0,0.0,0.0,222.35,15.8,0,0.0,0,0,18-APR-2022,
OPTSTK,PIIND,26-May-2022,2500.0,PE,0.0,0.0,0.0,251.4,21.75,0,0.0,0,0,18-APR-2022,
OPTSTK,PIIND,26-May-2022,2550.0,PE,0.0,0.0,0.0,282.15,29.25,0,0.0,0,0,18-APR-2022,
OPTSTK,PIIND,26-May-2022,2600.0,PE,0.0,0.0,0.0,314.65,38.5,0,0.0,0,0,18-APR-2022,
OPTSTK,PIIND,26-May-2022,2650.0,PE,0.0,0.0,0.0,348.75,49.8,0,0.0,0,0,18-APR-2022,
OPTSTK,PIIND,26-May-2022,2700.0,PE,0.0,0.0,0.0,40.0,63.3,0,0.0,500,0,18-APR-2022,
OPTSTK,PIIND,26-May-2022,2750.0,PE,0.0,0.0,0.0,101.0,78.9,0,0.0,250,0,18-APR-2022,
OPTSTK,PIIND,26-May-2022,2800.0,PE,0.0,0.0,0.0,70.0,97.1,0,0.0,1250,0,18-APR-2022,
OPTSTK,PIIND,26-May-2022,2850.0,PE,0.0,0.0,0.0,499.25,117.75,0,0.0,0,0,18-APR-2022,
OPTSTK,PIIND,26-May-2022,2900.0,PE,0.0,0.0,0.0,539.85,140.95,0,0.0,0,0,18-APR-2022,
OPTSTK,PIIND,26-May-2022,2950.0,PE,0.0,0.0,0.0,581.5,166.6,0,0.0,0,0,18-APR-2022,
OPTSTK,PIIND,26-May-2022,3000.0,PE,0.0,0.0,0.0,624.0,194.75,0,0.0,0,0,18-APR-2022,
OPTSTK,PIIND,26-May-2022,3050.0,PE,0.0,0.0,0.0,667.35,225.25,0,0.0,0,0,18-APR-2022,
OPTSTK,PIIND,26-May-2022,3100.0,PE,0.0,0.0,0.0,711.4,258.0,0,0.0,0,0,18-APR-2022,
OPTSTK,PIIND,26-May-2022,3150.0,PE,0.0,0.0,0.0,756.15,292.8,0,0.0,0,0,18-APR-2022,
OPTSTK,PIIND,26-May-2022,3200.0,PE,0.0,0.0,0.0,801.5,329.75,0,0.0,0,0,18-APR-2022,
OPTSTK,PIIND,26-May-2022,3250.0,PE,0.0,0.0,0.0,847.35,368.25,0,0.0,0,0,18-APR-2022,
OPTSTK,PIIND,26-May-2022,3300.0,PE,0.0,0.0,0.0,893.65,408.4,0,0.0,0,0,18-APR-2022,
OPTSTK,PIIND,26-May-2022,3350.0,PE,0.0,0.0,0.0,940.4,450.05,0,0.0,0,0,18-APR-2022,
OPTSTK,PIIND,26-May-2022,3400.0,PE,0.0,0.0,0.0,987.5,492.9,0,0.0,0,0,18-APR-2022,
OPTSTK,PIIND,26-May-2022,3450.0,PE,0.0,0.0,0.0,1034.95,536.9,0,0.0,0,0,18-APR-2022,
OPTSTK,PIIND,26-May-2022,3500.0,PE,0.0,0.0,0.0,1082.65,581.85,0,0.0,0,0,18-APR-2022,
OPTSTK,PIIND,26-May-2022,3550.0,PE,0.0,0.0,0.0,1130.6,627.65,0,0.0,0,0,18-APR-2022,
OPTSTK,PIIND,26-May-2022,3600.0,PE,0.0,0.0,0.0,1178.75,674.15,0,0.0,0,0,18-APR-2022,
OPTSTK,PIIND,26-May-2022,3650.0,PE,0.0,0.0,0.0,1227.1,721.25,0,0.0,0,0,18-APR-2022,
OPTSTK,PIIND,30-Jun-2022,1700.0,CE,0.0,0.0,0.0,1138.8,1237.9,0,0.0,0,0,18-APR-2022,
OPTSTK,PIIND,30-Jun-2022,1750.0,CE,0.0,0.0,0.0,1089.95,1188.45,0,0.0,0,0,18-APR-2022,
OPTSTK,PIIND,30-Jun-2022,1800.0,CE,0.0,0.0,0.0,1041.4,1139.15,0,0.0,0,0,18-APR-2022,
OPTSTK,PIIND,30-Jun-2022,1850.0,CE,0.0,0.0,0.0,993.15,1089.9,0,0.0,0,0,18-APR-2022,
OPTSTK,PIIND,30-Jun-2022,1900.0,CE,0.0,0.0,0.0,945.3,1040.9,0,0.0,0,0,18-APR-2022,
OPTSTK,PIIND,30-Jun-2022,1950.0,CE,0.0,0.0,0.0,897.95,992.1,0,0.0,0,0,18-APR-2022,
OPTSTK,PIIND,30-Jun-2022,2000.0,CE,0.0,0.0,0.0,851.2,943.6,0,0.0,0,0,18-APR-2022,
OPTSTK,PIIND,30-Jun-2022,2050.0,CE,0.0,0.0,0.0,805.15,895.5,0,0.0,0,0,18-APR-2022,
OPTSTK,PIIND,30-Jun-2022,2100.0,CE,0.0,0.0,0.0,759.95,847.9,0,0.0,0,0,18-APR-2022,
OPTSTK,PIIND,30-Jun-2022,2150.0,CE,0.0,0.0,0.0,715.65,800.85,0,0.0,0,0,18-APR-2022,
OPTSTK,PIIND,30-Jun-2022,2200.0,CE,0.0,0.0,0.0,672.35,754.55,0,0.0,0,0,18-APR-2022,
OPTSTK,PIIND,30-Jun-2022,2250.0,CE,0.0,0.0,0.0,630.2,709.05,0,0.0,0,0,18-APR-2022,
OPTSTK,PIIND,30-Jun-2022,2300.0,CE,0.0,0.0,0.0,589.3,664.5,0,0.0,0,0,18-APR-2022,
OPTSTK,PIIND,30-Jun-2022,2350.0,CE,0.0,0.0,0.0,549.75,621.05,0,0.0,0,0,18-APR-2022,
OPTSTK,PIIND,30-Jun-2022,2400.0,CE,0.0,0.0,0.0,511.65,578.85,0,0.0,0,0,18-APR-2022,
OPTSTK,PIIND,30-Jun-2022,2450.0,CE,0.0,0.0,0.0,475.1,537.9,0,0.0,0,0,18-APR-2022,
OPTSTK,PIIND,30-Jun-2022,2500.0,CE,0.0,0.0,0.0,440.0,498.45,0,0.0,0,0,18-APR-2022,
OPTSTK,PIIND,30-Jun-2022,2550.0,CE,0.0,0.0,0.0,406.45,460.5,0,0.0,0,0,18-APR-2022,
OPTSTK,PIIND,30-Jun-2022,2600.0,CE,0.0,0.0,0.0,374.65,424.25,0,0.0,0,0,18-APR-2022,
OPTSTK,PIIND,30-Jun-2022,2650.0,CE,0.0,0.0,0.0,344.55,389.5,0,0.0,0,0,18-APR-2022,
OPTSTK,PIIND,30-Jun-2022,2700.0,CE,0.0,0.0,0.0,316.15,356.65,0,0.0,0,0,18-APR-2022,
OPTSTK,PIIND,30-Jun-2022,2750.0,CE,0.0,0.0,0.0,289.45,325.65,0,0.0,0,0,18-APR-2022,
OPTSTK,PIIND,30-Jun-2022,2800.0,CE,0.0,0.0,0.0,264.35,296.45,0,0.0,0,0,18-APR-2022,
OPTSTK,PIIND,30-Jun-2022,2850.0,CE,0.0,0.0,0.0,240.95,269.1,0,0.0,0,0,18-APR-2022,
OPTSTK,PIIND,30-Jun-2022,2900.0,CE,0.0,0.0,0.0,219.15,243.5,0,0.0,0,0,18-APR-2022,
OPTSTK,PIIND,30-Jun-2022,2950.0,CE,0.0,0.0,0.0,198.85,219.8,0,0.0,0,0,18-APR-2022,
OPTSTK,PIIND,30-Jun-2022,3000.0,CE,0.0,0.0,0.0,180.1,197.8,0,0.0,0,0,18-APR-2022,
OPTSTK,PIIND,30-Jun-2022,3050.0,CE,0.0,0.0,0.0,162.8,177.55,0,0.0,0,0,18-APR-2022,
OPTSTK,PIIND,30-Jun-2022,3100.0,CE,0.0,0.0,0.0,146.85,158.9,0,0.0,0,0,18-APR-2022,
OPTSTK,PIIND,30-Jun-2022,3150.0,CE,0.0,0.0,0.0,132.25,141.85,0,0.0,0,0,18-APR-2022,
OPTSTK,PIIND,30-Jun-2022,3200.0,CE,0.0,0.0,0.0,118.85,126.3,0,0.0,0,0,18-APR-2022,
OPTSTK,PIIND,30-Jun-2022,3250.0,CE,0.0,0.0,0.0,106.75,112.2,0,0.0,0,0,18-APR-2022,
OPTSTK,PIIND,30-Jun-2022,3300.0,CE,0.0,0.0,0.0,95.65,99.55,0,0.0,0,0,18-APR-2022,
OPTSTK,PIIND,30-Jun-2022,3350.0,CE,0.0,0.0,0.0,85.6,88.05,0,0.0,0,0,18-APR-2022,
OPTSTK,PIIND,30-Jun-2022,3400.0,CE,0.0,0.0,0.0,76.3,77.7,0,0.0,0,0,18-APR-2022,
OPTSTK,PIIND,30-Jun-2022,3450.0,CE,0.0,0.0,0.0,68.05,68.25,0,0.0,0,0,18-APR-2022,
OPTSTK,PIIND,30-Jun-2022,3500.0,CE,0.0,0.0,0.0,60.55,59.95,0,0.0,0,0,18-APR-2022,
OPTSTK,PIIND,30-Jun-2022,3550.0,CE,0.0,0.0,0.0,53.8,52.55,0,0.0,0,0,18-APR-2022,
OPTSTK,PIIND,30-Jun-2022,3600.0,CE,0.0,0.0,0.0,47.75,45.95,0,0.0,0,0,18-APR-2022,
OPTSTK,PIIND,30-Jun-2022,3650.0,CE,0.0,0.0,0.0,42.3,40.1,0,0.0,0,0,18-APR-2022,
OPTSTK,PIIND,30-Jun-2022,1700.0,PE,0.0,0.0,0.0,1.25,0.25,0,0.0,0,0,18-APR-2022,
OPTSTK,PIIND,30-Jun-2022,1750.0,PE,0.0,0.0,0.0,1.9,0.4,0,0.0,0,0,18-APR-2022,
OPTSTK,PIIND,30-Jun-2022,1800.0,PE,0.0,0.0,0.0,2.8,0.65,0,0.0,0,0,18-APR-2022,
OPTSTK,PIIND,30-Jun-2022,1850.0,PE,0.0,0.0,0.0,4.05,1.0,0,0.0,0,0,18-APR-2022,
OPTSTK,PIIND,30-Jun-2022,1900.0,PE,0.0,0.0,0.0,5.65,1.55,0,0.0,0,0,18-APR-2022,
OPTSTK,PIIND,30-Jun-2022,1950.0,PE,0.0,0.0,0.0,7.8,2.35,0,0.0,0,0,18-APR-2022,
OPTSTK,PIIND,30-Jun-2022,2000.0,PE,0.0,0.0,0.0,10.55,3.4,0,0.0,0,0,18-APR-2022,
OPTSTK,PIIND,30-Jun-2022,2050.0,PE,0.0,0.0,0.0,13.95,4.9,0,0.0,0,0,18-APR-2022,
OPTSTK,PIIND,30-Jun-2022,2100.0,PE,0.0,0.0,0.0,18.2,6.85,0,0.0,0,0,18-APR-2022,
OPTSTK,PIIND,30-Jun-2022,2150.0,PE,0.0,0.0,0.0,23.35,9.4,0,0.0,0,0,18-APR-2022,
OPTSTK,PIIND,30-Jun-2022,2200.0,PE,0.0,0.0,0.0,29.55,12.65,0,0.0,0,0,18-APR-2022,
OPTSTK,PIIND,30-Jun-2022,2250.0,PE,0.0,0.0,0.0,36.9,16.75,0,0.0,0,0,18-APR-2022,
OPTSTK,PIIND,30-Jun-2022,2300.0,PE,0.0,0.0,0.0,45.5,21.8,0,0.0,0,0,18-APR-2022,
OPTSTK,PIIND,30-Jun-2022,2350.0,PE,0.0,0.0,0.0,55.4,27.95,0,0.0,0,0,18-APR-2022,
OPTSTK,PIIND,30-Jun-2022,2400.0,PE,0.0,0.0,0.0,66.75,35.25,0,0.0,0,0,18-APR-2022,
OPTSTK,PIIND,30-Jun-2022,2450.0,PE,0.0,0.0,0.0,79.7,43.95,0,0.0,0,0,18-APR-2022,
OPTSTK,PIIND,30-Jun-2022,2500.0,PE,0.0,0.0,0.0,94.05,54.0,0,0.0,0,0,18-APR-2022,
OPTSTK,PIIND,30-Jun-2022,2550.0,PE,0.0,0.0,0.0,109.95,65.65,0,0.0,0,0,18-APR-2022,
OPTSTK,PIIND,30-Jun-2022,2600.0,PE,0.0,0.0,0.0,127.65,79.0,0,0.0,0,0,18-APR-2022,
OPTSTK,PIIND,30-Jun-2022,2650.0,PE,0.0,0.0,0.0,147.05,93.8,0,0.0,0,0,18-APR-2022,
OPTSTK,PIIND,30-Jun-2022,2700.0,PE,0.0,0.0,0.0,168.1,110.55,0,0.0,0,0,18-APR-2022,
OPTSTK,PIIND,30-Jun-2022,2750.0,PE,0.0,0.0,0.0,190.85,129.1,0,0.0,0,0,18-APR-2022,
OPTSTK,PIIND,30-Jun-2022,2800.0,PE,0.0,0.0,0.0,215.25,149.5,0,0.0,0,0,18-APR-2022,
OPTSTK,PIIND,30-Jun-2022,2850.0,PE,0.0,0.0,0.0,241.35,171.7,0,0.0,0,0,18-APR-2022,
OPTSTK,PIIND,30-Jun-2022,2900.0,PE,0.0,0.0,0.0,269.0,195.75,0,0.0,0,0,18-APR-2022,
OPTSTK,PIIND,30-Jun-2022,2950.0,PE,0.0,0.0,0.0,298.2,221.55,0,0.0,0,0,18-APR-2022,
OPTSTK,PIIND,30-Jun-2022,3000.0,PE,0.0,0.0,0.0,328.9,249.15,0,0.0,0,0,18-APR-2022,
OPTSTK,PIIND,30-Jun-2022,3050.0,PE,0.0,0.0,0.0,361.1,278.45,0,0.0,0,0,18-APR-2022,
OPTSTK,PIIND,30-Jun-2022,3100.0,PE,0.0,0.0,0.0,394.6,309.4,0,0.0,0,0,18-APR-2022,
OPTSTK,PIIND,30-Jun-2022,3150.0,PE,0.0,0.0,0.0,429.45,341.95,0,0.0,0,0,18-APR-2022,
OPTSTK,PIIND,30-Jun-2022,3200.0,PE,0.0,0.0,0.0,465.55,376.0,0,0.0,0,0,18-APR-2022,
OPTSTK,PIIND,30-Jun-2022,3250.0,PE,0.0,0.0,0.0,502.95,411.45,0,0.0,0,0,18-APR-2022,
OPTSTK,PIIND,30-Jun-2022,3300.0,PE,0.0,0.0,0.0,541.3,448.35,0,0.0,0,0,18-APR-2022,
OPTSTK,PIIND,30-Jun-2022,3350.0,PE,0.0,0.0,0.0,580.7,486.45,0,0.0,0,0,18-APR-2022,
OPTSTK,PIIND,30-Jun-2022,3400.0,PE,0.0,0.0,0.0,620.9,525.65,0,0.0,0,0,18-APR-2022,
OPTSTK,PIIND,30-Jun-2022,3450.0,PE,0.0,0.0,0.0,662.1,565.8,0,0.0,0,0,18-APR-2022,
OPTSTK,PIIND,30-Jun-2022,3500.0,PE,0.0,0.0,0.0,704.1,607.05,0,0.0,0,0,18-APR-2022,
OPTSTK,PIIND,30-Jun-2022,3550.0,PE,0.0,0.0,0.0,746.85,649.25,0,0.0,0,0,18-APR-2022,
OPTSTK,PIIND,30-Jun-2022,3600.0,PE,0.0,0.0,0.0,790.25,692.2,0,0.0,0,0,18-APR-2022,
OPTSTK,PIIND,30-Jun-2022,3650.0,PE,0.0,0.0,0.0,834.3,735.95,0,0.0,0,0,18-APR-2022,
OPTSTK,PNB,28-Apr-2022,24.0,CE,0.0,0.0,0.0,16.0,12.25,0,0.0,0,0,18-APR-2022,
OPTSTK,PNB,28-Apr-2022,25.0,CE,0.0,0.0,0.0,10.9,11.25,0,0.0,16000,0,18-APR-2022,
OPTSTK,PNB,28-Apr-2022,26.0,CE,0.0,0.0,0.0,15.55,10.25,0,0.0,0,0,18-APR-2022,
OPTSTK,PNB,28-Apr-2022,27.0,CE,0.0,0.0,0.0,14.6,9.25,0,0.0,0,0,18-APR-2022,
OPTSTK,PNB,28-Apr-2022,28.0,CE,0.0,0.0,0.0,13.65,8.25,0,0.0,0,0,18-APR-2022,
OPTSTK,PNB,28-Apr-2022,29.0,CE,0.0,0.0,0.0,12.75,7.25,0,0.0,0,0,18-APR-2022,
OPTSTK,PNB,28-Apr-2022,30.0,CE,0.0,0.0,0.0,8.0,6.25,0,0.0,512000,0,18-APR-2022,
OPTSTK,PNB,28-Apr-2022,31.0,CE,0.0,0.0,0.0,7.45,5.3,0,0.0,16000,0,18-APR-2022,
OPTSTK,PNB,28-Apr-2022,32.0,CE,0.0,0.0,0.0,6.0,4.35,0,0.0,64000,0,18-APR-2022,
OPTSTK,PNB,28-Apr-2022,33.0,CE,0.0,0.0,0.0,4.0,3.45,0,0.0,304000,0,18-APR-2022,
OPTSTK,PNB,28-Apr-2022,34.0,CE,2.4,2.55,2.1,2.4,2.65,11,64.11,1040000,-48000,18-APR-2022,
OPTSTK,PNB,28-Apr-2022,35.0,CE,1.9,1.9,1.3,1.65,1.65,105,613.87,8384000,112000,18-APR-2022,
OPTSTK,PNB,28-Apr-2022,36.0,CE,1.1,1.1,0.75,1.0,1.0,779,4600.24,8352000,1616000,18-APR-2022,
OPTSTK,PNB,28-Apr-2022,37.0,CE,0.75,0.75,0.45,0.6,0.6,1160,6971.55,12384000,1504000,18-APR-2022,
OPTSTK,PNB,28-Apr-2022,38.0,CE,0.5,0.55,0.3,0.4,0.4,1280,7861.05,20528000,928000,18-APR-2022,
OPTSTK,PNB,28-Apr-2022,39.0,CE,0.35,0.35,0.2,0.25,0.25,546,3428.69,9456000,272000,18-APR-2022,
OPTSTK,PNB,28-Apr-2022,40.0,CE,0.25,0.25,0.15,0.2,0.2,1644,10571.76,39088000,-544000,18-APR-2022,
OPTSTK,PNB,28-Apr-2022,41.0,CE,0.15,0.15,0.1,0.15,0.15,66,434.29,6496000,144000,18-APR-2022,
OPTSTK,PNB,28-Apr-2022,42.0,CE,0.15,0.15,0.05,0.1,0.1,243,1636.86,7664000,864000,18-APR-2022,
OPTSTK,PNB,28-Apr-2022,43.0,CE,0.1,0.1,0.05,0.1,0.1,48,330.92,3360000,480000,18-APR-2022,
OPTSTK,PNB,28-Apr-2022,44.0,CE,0.05,0.1,0.05,0.05,0.05,17,119.87,3232000,-32000,18-APR-2022,
OPTSTK,PNB,28-Apr-2022,45.0,CE,0.05,0.1,0.05,0.05,0.05,210,1513.7,10992000,-144000,18-APR-2022,
OPTSTK,PNB,28-Apr-2022,46.0,CE,0.05,0.05,0.05,0.05,0.0,13,95.78,1168000,128000,18-APR-2022,
OPTSTK,PNB,28-Apr-2022,47.0,CE,0.0,0.0,0.0,0.05,0.0,0,0.0,1696000,0,18-APR-2022,
OPTSTK,PNB,28-Apr-2022,48.0,CE,0.05,0.05,0.05,0.05,0.05,1,7.68,768000,0,18-APR-2022,
OPTSTK,PNB,28-Apr-2022,49.0,CE,0.05,0.05,0.05,0.05,0.05,1,7.84,976000,0,18-APR-2022,
OPTSTK,PNB,28-Apr-2022,50.0,CE,0.05,0.05,0.05,0.05,0.0,73,584.58,5040000,912000,18-APR-2022,
OPTSTK,PNB,28-Apr-2022,51.0,CE,0.0,0.0,0.0,1.3,0.0,0,0.0,0,0,18-APR-2022,
OPTSTK,PNB,28-Apr-2022,52.0,CE,0.0,0.0,0.0,0.1,0.0,0,0.0,48000,0,18-APR-2022,
OPTSTK,PNB,28-Apr-2022,53.0,CE,0.0,0.0,0.0,0.05,0.0,0,0.0,704000,0,18-APR-2022,
OPTSTK,PNB,28-Apr-2022,24.0,PE,0.0,0.0,0.0,0.05,0.0,0,0.0,16000,0,18-APR-2022,
OPTSTK,PNB,28-Apr-2022,25.0,PE,0.0,0.0,0.0,0.05,0.0,0,0.0,336000,0,18-APR-2022,
OPTSTK,PNB,28-Apr-2022,26.0,PE,0.0,0.0,0.0,0.05,0.0,0,0.0,128000,0,18-APR-2022,
OPTSTK,PNB,28-Apr-2022,27.0,PE,0.0,0.0,0.0,0.05,0.0,0,0.0,96000,0,18-APR-2022,
OPTSTK,PNB,28-Apr-2022,28.0,PE,0.0,0.0,0.0,0.05,0.0,0,0.0,576000,0,18-APR-2022,
OPTSTK,PNB,28-Apr-2022,29.0,PE,0.0,0.0,0.0,0.05,0.0,0,0.0,720000,0,18-APR-2022,
OPTSTK,PNB,28-Apr-2022,30.0,PE,0.1,0.1,0.05,0.05,0.05,23,110.6,4416000,-64000,18-APR-2022,
OPTSTK,PNB,28-Apr-2022,31.0,PE,0.1,0.1,0.05,0.05,0.05,2,9.94,944000,0,18-APR-2022,
OPTSTK,PNB,28-Apr-2022,32.0,PE,0.15,0.15,0.1,0.1,0.1,52,267.08,3728000,432000,18-APR-2022,
OPTSTK,PNB,28-Apr-2022,33.0,PE,0.25,0.25,0.15,0.15,0.15,41,217.55,4224000,-144000,18-APR-2022,
OPTSTK,PNB,28-Apr-2022,34.0,PE,0.3,0.3,0.2,0.25,0.25,120,658.0,5584000,-624000,18-APR-2022,
OPTSTK,PNB,28-Apr-2022,35.0,PE,0.4,0.55,0.35,0.4,0.4,433,2456.44,11632000,192000,18-APR-2022,
OPTSTK,PNB,28-Apr-2022,36.0,PE,0.7,0.95,0.65,0.7,0.7,364,2144.59,7664000,-320000,18-APR-2022,
OPTSTK,PNB,28-Apr-2022,37.0,PE,1.4,1.7,1.25,1.3,1.3,73,448.96,6304000,112000,18-APR-2022,
OPTSTK,PNB,28-Apr-2022,38.0,PE,1.9,2.45,1.9,2.1,2.1,26,167.25,5632000,-112000,18-APR-2022,
OPTSTK,PNB,28-Apr-2022,39.0,PE,3.1,3.1,3.0,3.1,3.1,3,20.19,1488000,-32000,18-APR-2022,
OPTSTK,PNB,28-Apr-2022,40.0,PE,3.85,4.3,3.85,3.95,3.95,39,274.87,6432000,-400000,18-APR-2022,
OPTSTK,PNB,28-Apr-2022,41.0,PE,5.15,5.15,5.15,5.15,4.9,6,44.3,64000,-96000,18-APR-2022,
OPTSTK,PNB,28-Apr-2022,42.0,PE,0.0,0.0,0.0,4.35,5.85,0,0.0,208000,0,18-APR-2022,
OPTSTK,PNB,28-Apr-2022,43.0,PE,0.0,0.0,0.0,7.2,6.8,0,0.0,32000,0,18-APR-2022,
OPTSTK,PNB,28-Apr-2022,44.0,PE,0.0,0.0,0.0,5.5,7.8,0,0.0,0,0,18-APR-2022,
OPTSTK,PNB,28-Apr-2022,45.0,PE,0.0,0.0,0.0,8.6,8.75,0,0.0,2144000,0,18-APR-2022,
OPTSTK,PNB,28-Apr-2022,46.0,PE,0.0,0.0,0.0,6.8,9.75,0,0.0,0,0,18-APR-2022,
OPTSTK,PNB,28-Apr-2022,47.0,PE,0.0,0.0,0.0,7.5,10.75,0,0.0,0,0,18-APR-2022,
OPTSTK,PNB,28-Apr-2022,48.0,PE,0.0,0.0,0.0,8.25,11.75,0,0.0,0,0,18-APR-2022,
OPTSTK,PNB,28-Apr-2022,49.0,PE,0.0,0.0,0.0,9.05,12.75,0,0.0,0,0,18-APR-2022,
OPTSTK,PNB,28-Apr-2022,50.0,PE,14.0,14.0,14.0,14.0,13.75,1,10.24,192000,-16000,18-APR-2022,
OPTSTK,PNB,28-Apr-2022,51.0,PE,0.0,0.0,0.0,10.6,14.75,0,0.0,0,0,18-APR-2022,
OPTSTK,PNB,28-Apr-2022,52.0,PE,0.0,0.0,0.0,14.3,15.75,0,0.0,16000,0,18-APR-2022,
OPTSTK,PNB,28-Apr-2022,53.0,PE,0.0,0.0,0.0,12.3,16.75,0,0.0,0,0,18-APR-2022,
OPTSTK,PNB,26-May-2022,24.0,CE,0.0,0.0,0.0,8.65,12.35,0,0.0,0,0,18-APR-2022,
OPTSTK,PNB,26-May-2022,25.0,CE,0.0,0.0,0.0,7.8,11.35,0,0.0,0,0,18-APR-2022,
OPTSTK,PNB,26-May-2022,26.0,CE,0.0,0.0,0.0,7.0,10.35,0,0.0,0,0,18-APR-2022,
OPTSTK,PNB,26-May-2022,27.0,CE,0.0,0.0,0.0,6.25,9.4,0,0.0,0,0,18-APR-2022,
OPTSTK,PNB,26-May-2022,28.0,CE,0.0,0.0,0.0,5.55,8.45,0,0.0,0,0,18-APR-2022,
OPTSTK,PNB,26-May-2022,29.0,CE,0.0,0.0,0.0,4.9,7.55,0,0.0,0,0,18-APR-2022,
OPTSTK,PNB,26-May-2022,30.0,CE,6.65,6.65,6.4,6.5,6.5,4,23.36,128000,16000,18-APR-2022,
OPTSTK,PNB,26-May-2022,31.0,CE,0.0,0.0,0.0,3.75,5.85,0,0.0,0,0,18-APR-2022,
OPTSTK,PNB,26-May-2022,32.0,CE,0.0,0.0,0.0,3.3,5.05,0,0.0,0,0,18-APR-2022,
OPTSTK,PNB,26-May-2022,33.0,CE,0.0,0.0,0.0,2.85,4.35,0,0.0,0,0,18-APR-2022,
OPTSTK,PNB,26-May-2022,34.0,CE,0.0,0.0,0.0,2.45,3.7,0,0.0,0,0,18-APR-2022,
OPTSTK,PNB,26-May-2022,35.0,CE,2.75,2.75,2.4,2.7,3.1,25,150.2,1392000,336000,18-APR-2022,
OPTSTK,PNB,26-May-2022,36.0,CE,2.25,2.25,1.75,1.75,2.55,9,54.79,160000,112000,18-APR-2022,
OPTSTK,PNB,26-May-2022,37.0,CE,1.6,1.6,1.5,1.5,2.1,6,37.0,96000,96000,18-APR-2022,
OPTSTK,PNB,26-May-2022,38.0,CE,1.4,1.4,1.1,1.25,1.7,62,389.46,1056000,592000,18-APR-2022,
OPTSTK,PNB,26-May-2022,39.0,CE,1.0,1.15,1.0,1.0,1.0,12,76.82,224000,128000,18-APR-2022,
OPTSTK,PNB,26-May-2022,40.0,CE,0.9,1.0,0.8,0.9,0.9,192,1255.72,7184000,1680000,18-APR-2022,
OPTSTK,PNB,26-May-2022,41.0,CE,0.7,0.7,0.6,0.7,0.9,6,39.99,48000,48000,18-APR-2022,
OPTSTK,PNB,26-May-2022,42.0,CE,0.65,0.65,0.45,0.5,0.5,32,217.68,624000,304000,18-APR-2022,
OPTSTK,PNB,26-May-2022,43.0,CE,0.0,0.0,0.0,0.55,0.55,0,0.0,0,0,18-APR-2022,
OPTSTK,PNB,26-May-2022,44.0,CE,0.0,0.0,0.0,0.45,0.4,0,0.0,0,0,18-APR-2022,
OPTSTK,PNB,26-May-2022,45.0,CE,0.3,0.35,0.25,0.3,0.3,37,268.32,2240000,144000,18-APR-2022,
OPTSTK,PNB,26-May-2022,46.0,CE,0.15,0.2,0.15,0.2,0.25,2,14.77,32000,32000,18-APR-2022,
OPTSTK,PNB,26-May-2022,47.0,CE,0.0,0.0,0.0,0.3,0.2,0,0.0,0,0,18-APR-2022,
OPTSTK,PNB,26-May-2022,48.0,CE,0.0,0.0,0.0,0.25,0.15,0,0.0,0,0,18-APR-2022,
OPTSTK,PNB,26-May-2022,24.0,PE,0.0,0.0,0.0,0.4,0.05,0,0.0,0,0,18-APR-2022,
OPTSTK,PNB,26-May-2022,25.0,PE,0.0,0.0,0.0,0.1,0.05,0,0.0,16000,0,18-APR-2022,
OPTSTK,PNB,26-May-2022,26.0,PE,0.0,0.0,0.0,0.3,0.05,0,0.0,16000,0,18-APR-2022,
OPTSTK,PNB,26-May-2022,27.0,PE,0.0,0.0,0.0,0.25,0.1,0,0.0,0,0,18-APR-2022,
OPTSTK,PNB,26-May-2022,28.0,PE,0.0,0.0,0.0,1.25,0.15,0,0.0,0,0,18-APR-2022,
OPTSTK,PNB,26-May-2022,29.0,PE,0.0,0.0,0.0,0.5,0.25,0,0.0,16000,0,18-APR-2022,
OPTSTK,PNB,26-May-2022,30.0,PE,0.25,0.25,0.2,0.2,0.2,3,14.51,352000,32000,18-APR-2022,
OPTSTK,PNB,26-May-2022,31.0,PE,0.0,0.0,0.0,2.45,0.5,0,0.0,0,0,18-APR-2022,
OPTSTK,PNB,26-May-2022,32.0,PE,0.45,0.45,0.45,0.45,0.7,2,10.38,208000,32000,18-APR-2022,
OPTSTK,PNB,26-May-2022,33.0,PE,0.55,0.55,0.55,0.55,1.0,2,10.73,80000,0,18-APR-2022,
OPTSTK,PNB,26-May-2022,34.0,PE,1.0,1.0,1.0,1.0,1.35,2,11.2,48000,32000,18-APR-2022,
OPTSTK,PNB,26-May-2022,35.0,PE,1.15,1.4,1.1,1.15,1.15,61,354.01,8592000,400000,18-APR-2022,
OPTSTK,PNB,26-May-2022,36.0,PE,1.6,1.85,1.6,1.65,1.65,37,223.12,2624000,480000,18-APR-2022,
OPTSTK,PNB,26-May-2022,37.0,PE,2.2,2.4,2.2,2.4,2.75,9,56.54,144000,96000,18-APR-2022,
OPTSTK,PNB,26-May-2022,38.0,PE,3.9,3.9,2.8,3.2,3.35,11,72.94,128000,-64000,18-APR-2022,
OPTSTK,PNB,26-May-2022,39.0,PE,0.0,0.0,0.0,7.7,4.0,0,0.0,0,0,18-APR-2022,
OPTSTK,PNB,26-May-2022,40.0,PE,4.4,4.8,4.3,4.8,4.75,20,142.51,1168000,288000,18-APR-2022,
OPTSTK,PNB,26-May-2022,41.0,PE,5.65,5.65,5.65,5.65,5.5,1,7.46,16000,16000,18-APR-2022,
OPTSTK,PNB,26-May-2022,42.0,PE,0.0,0.0,0.0,10.25,6.3,0,0.0,0,0,18-APR-2022,
OPTSTK,PNB,26-May-2022,43.0,PE,0.0,0.0,0.0,11.1,7.15,0,0.0,0,0,18-APR-2022,
OPTSTK,PNB,26-May-2022,44.0,PE,8.15,8.15,8.15,8.15,8.05,1,8.34,16000,16000,18-APR-2022,
OPTSTK,PNB,26-May-2022,45.0,PE,0.0,0.0,0.0,8.2,8.95,0,0.0,48000,0,18-APR-2022,
OPTSTK,PNB,26-May-2022,46.0,PE,0.0,0.0,0.0,13.85,9.85,0,0.0,0,0,18-APR-2022,
OPTSTK,PNB,26-May-2022,47.0,PE,0.0,0.0,0.0,14.8,10.8,0,0.0,0,0,18-APR-2022,
OPTSTK,PNB,26-May-2022,48.0,PE,0.0,0.0,0.0,15.75,11.75,0,0.0,0,0,18-APR-2022,
OPTSTK,PNB,30-Jun-2022,24.0,CE,0.0,0.0,0.0,11.55,12.5,0,0.0,0,0,18-APR-2022,
OPTSTK,PNB,30-Jun-2022,25.0,CE,0.0,0.0,0.0,10.65,11.55,0,0.0,0,0,18-APR-2022,
OPTSTK,PNB,30-Jun-2022,26.0,CE,0.0,0.0,0.0,9.8,10.65,0,0.0,0,0,18-APR-2022,
OPTSTK,PNB,30-Jun-2022,27.0,CE,0.0,0.0,0.0,8.95,9.75,0,0.0,0,0,18-APR-2022,
OPTSTK,PNB,30-Jun-2022,28.0,CE,0.0,0.0,0.0,8.15,8.9,0,0.0,0,0,18-APR-2022,
OPTSTK,PNB,30-Jun-2022,29.0,CE,0.0,0.0,0.0,7.4,8.05,0,0.0,0,0,18-APR-2022,
OPTSTK,PNB,30-Jun-2022,30.0,CE,0.0,0.0,0.0,6.7,7.3,0,0.0,0,0,18-APR-2022,
OPTSTK,PNB,30-Jun-2022,31.0,CE,0.0,0.0,0.0,6.05,6.55,0,0.0,0,0,18-APR-2022,
OPTSTK,PNB,30-Jun-2022,32.0,CE,0.0,0.0,0.0,5.4,5.85,0,0.0,0,0,18-APR-2022,
OPTSTK,PNB,30-Jun-2022,33.0,CE,0.0,0.0,0.0,4.85,5.2,0,0.0,0,0,18-APR-2022,
OPTSTK,PNB,30-Jun-2022,34.0,CE,0.0,0.0,0.0,4.3,4.6,0,0.0,0,0,18-APR-2022,
OPTSTK,PNB,30-Jun-2022,35.0,CE,0.0,0.0,0.0,3.85,4.05,0,0.0,0,0,18-APR-2022,
OPTSTK,PNB,30-Jun-2022,36.0,CE,0.0,0.0,0.0,3.4,3.55,0,0.0,0,0,18-APR-2022,
OPTSTK,PNB,30-Jun-2022,37.0,CE,0.0,0.0,0.0,3.0,3.1,0,0.0,0,0,18-APR-2022,
OPTSTK,PNB,30-Jun-2022,38.0,CE,0.0,0.0,0.0,2.65,2.7,0,0.0,0,0,18-APR-2022,
OPTSTK,PNB,30-Jun-2022,39.0,CE,0.0,0.0,0.0,2.3,2.3,0,0.0,0,0,18-APR-2022,
OPTSTK,PNB,30-Jun-2022,40.0,CE,1.5,1.55,1.45,1.5,2.0,12,79.68,256000,192000,18-APR-2022,
OPTSTK,PNB,30-Jun-2022,41.0,CE,0.0,0.0,0.0,1.75,1.7,0,0.0,0,0,18-APR-2022,
OPTSTK,PNB,30-Jun-2022,42.0,CE,0.0,0.0,0.0,1.55,1.5,0,0.0,0,0,18-APR-2022,
OPTSTK,PNB,30-Jun-2022,43.0,CE,0.0,0.0,0.0,1.35,1.25,0,0.0,0,0,18-APR-2022,
OPTSTK,PNB,30-Jun-2022,44.0,CE,0.0,0.0,0.0,1.15,1.05,0,0.0,0,0,18-APR-2022,
OPTSTK,PNB,30-Jun-2022,45.0,CE,0.0,0.0,0.0,0.85,0.9,0,0.0,64000,0,18-APR-2022,
OPTSTK,PNB,30-Jun-2022,46.0,CE,0.0,0.0,0.0,0.85,0.75,0,0.0,0,0,18-APR-2022,
OPTSTK,PNB,30-Jun-2022,47.0,CE,0.0,0.0,0.0,0.75,0.65,0,0.0,0,0,18-APR-2022,
OPTSTK,PNB,30-Jun-2022,48.0,CE,0.0,0.0,0.0,0.65,0.55,0,0.0,0,0,18-APR-2022,
OPTSTK,PNB,30-Jun-2022,24.0,PE,0.0,0.0,0.0,0.25,0.1,0,0.0,0,0,18-APR-2022,
OPTSTK,PNB,30-Jun-2022,25.0,PE,0.0,0.0,0.0,0.35,0.15,0,0.0,0,0,18-APR-2022,
OPTSTK,PNB,30-Jun-2022,26.0,PE,0.0,0.0,0.0,0.45,0.25,0,0.0,0,0,18-APR-2022,
OPTSTK,PNB,30-Jun-2022,27.0,PE,0.0,0.0,0.0,0.15,0.35,0,0.0,0,0,18-APR-2022,
OPTSTK,PNB,30-Jun-2022,28.0,PE,0.0,0.0,0.0,0.8,0.45,0,0.0,0,0,18-APR-2022,
OPTSTK,PNB,30-Jun-2022,29.0,PE,0.0,0.0,0.0,1.05,0.6,0,0.0,0,0,18-APR-2022,
OPTSTK,PNB,30-Jun-2022,30.0,PE,0.0,0.0,0.0,1.35,0.85,0,0.0,0,0,18-APR-2022,
OPTSTK,PNB,30-Jun-2022,31.0,PE,0.0,0.0,0.0,0.5,1.05,0,0.0,16000,0,18-APR-2022,
OPTSTK,PNB,30-Jun-2022,32.0,PE,0.0,0.0,0.0,0.9,1.35,0,0.0,0,0,18-APR-2022,
OPTSTK,PNB,30-Jun-2022,33.0,PE,0.0,0.0,0.0,2.45,1.7,0,0.0,0,0,18-APR-2022,
OPTSTK,PNB,30-Jun-2022,34.0,PE,0.0,0.0,0.0,2.9,2.1,0,0.0,0,0,18-APR-2022,
OPTSTK,PNB,30-Jun-2022,35.0,PE,0.0,0.0,0.0,1.35,2.55,0,0.0,64000,0,18-APR-2022,
OPTSTK,PNB,30-Jun-2022,36.0,PE,0.0,0.0,0.0,3.95,3.05,0,0.0,0,0,18-APR-2022,
OPTSTK,PNB,30-Jun-2022,37.0,PE,0.0,0.0,0.0,4.55,3.6,0,0.0,0,0,18-APR-2022,
OPTSTK,PNB,30-Jun-2022,38.0,PE,0.0,0.0,0.0,5.2,4.15,0,0.0,0,0,18-APR-2022,
OPTSTK,PNB,30-Jun-2022,39.0,PE,0.0,0.0,0.0,5.85,4.8,0,0.0,0,0,18-APR-2022,
OPTSTK,PNB,30-Jun-2022,40.0,PE,0.0,0.0,0.0,6.55,5.45,0,0.0,0,0,18-APR-2022,
OPTSTK,PNB,30-Jun-2022,41.0,PE,0.0,0.0,0.0,7.3,6.15,0,0.0,0,0,18-APR-2022,
OPTSTK,PNB,30-Jun-2022,42.0,PE,0.0,0.0,0.0,8.05,6.9,0,0.0,0,0,18-APR-2022,
OPTSTK,PNB,30-Jun-2022,43.0,PE,0.0,0.0,0.0,8.85,7.7,0,0.0,0,0,18-APR-2022,
OPTSTK,PNB,30-Jun-2022,44.0,PE,0.0,0.0,0.0,9.65,8.5,0,0.0,0,0,18-APR-2022,
OPTSTK,PNB,30-Jun-2022,45.0,PE,0.0,0.0,0.0,10.5,9.35,0,0.0,0,0,18-APR-2022,
OPTSTK,PNB,30-Jun-2022,46.0,PE,0.0,0.0,0.0,11.35,10.2,0,0.0,0,0,18-APR-2022,
OPTSTK,PNB,30-Jun-2022,47.0,PE,0.0,0.0,0.0,12.2,11.05,0,0.0,0,0,18-APR-2022,
OPTSTK,PNB,30-Jun-2022,48.0,PE,0.0,0.0,0.0,13.1,11.95,0,0.0,0,0,18-APR-2022,
OPTSTK,POLYCAB,28-Apr-2022,1600.0,CE,0.0,0.0,0.0,908.3,970.25,0,0.0,0,0,18-APR-2022,
OPTSTK,POLYCAB,28-Apr-2022,1650.0,CE,0.0,0.0,0.0,860.1,920.35,0,0.0,0,0,18-APR-2022,
OPTSTK,POLYCAB,28-Apr-2022,1700.0,CE,0.0,0.0,0.0,812.4,870.4,0,0.0,0,0,18-APR-2022,
OPTSTK,POLYCAB,28-Apr-2022,1750.0,CE,0.0,0.0,0.0,765.3,820.45,0,0.0,0,0,18-APR-2022,
OPTSTK,POLYCAB,28-Apr-2022,1800.0,CE,0.0,0.0,0.0,718.95,770.5,0,0.0,0,0,18-APR-2022,
OPTSTK,POLYCAB,28-Apr-2022,1850.0,CE,0.0,0.0,0.0,673.45,720.55,0,0.0,0,0,18-APR-2022,
OPTSTK,POLYCAB,28-Apr-2022,1900.0,CE,0.0,0.0,0.0,629.0,670.6,0,0.0,0,0,18-APR-2022,
OPTSTK,POLYCAB,28-Apr-2022,1950.0,CE,0.0,0.0,0.0,585.7,620.65,0,0.0,0,0,18-APR-2022,
OPTSTK,POLYCAB,28-Apr-2022,2000.0,CE,0.0,0.0,0.0,543.75,570.75,0,0.0,0,0,18-APR-2022,
OPTSTK,POLYCAB,28-Apr-2022,2050.0,CE,0.0,0.0,0.0,503.25,520.8,0,0.0,0,0,18-APR-2022,
OPTSTK,POLYCAB,28-Apr-2022,2100.0,CE,0.0,0.0,0.0,464.25,470.9,0,0.0,0,0,18-APR-2022,
OPTSTK,POLYCAB,28-Apr-2022,2150.0,CE,0.0,0.0,0.0,427.05,421.15,0,0.0,0,0,18-APR-2022,
OPTSTK,POLYCAB,28-Apr-2022,2200.0,CE,0.0,0.0,0.0,391.5,371.65,0,0.0,0,0,18-APR-2022,
OPTSTK,POLYCAB,28-Apr-2022,2250.0,CE,0.0,0.0,0.0,357.65,322.75,0,0.0,0,0,18-APR-2022,
OPTSTK,POLYCAB,28-Apr-2022,2300.0,CE,0.0,0.0,0.0,362.2,274.95,0,0.0,3000,0,18-APR-2022,
OPTSTK,POLYCAB,28-Apr-2022,2350.0,CE,0.0,0.0,0.0,188.05,229.0,0,0.0,6000,0,18-APR-2022,
OPTSTK,POLYCAB,28-Apr-2022,2400.0,CE,240.5,240.5,173.0,173.0,185.8,2,15.64,9900,0,18-APR-2022,
OPTSTK,POLYCAB,28-Apr-2022,2450.0,CE,204.9,204.9,204.9,204.9,146.5,1,7.96,3300,300,18-APR-2022,
OPTSTK,POLYCAB,28-Apr-2022,2500.0,CE,146.3,146.35,96.25,99.6,111.6,13,102.07,16500,0,18-APR-2022,
OPTSTK,POLYCAB,28-Apr-2022,2550.0,CE,111.35,111.35,73.15,73.15,82.15,3,23.83,6600,600,18-APR-2022,
OPTSTK,POLYCAB,28-Apr-2022,2600.0,CE,84.85,98.0,46.05,59.1,59.1,162,1292.37,56400,-1800,18-APR-2022,
OPTSTK,POLYCAB,28-Apr-2022,2650.0,CE,46.0,69.65,30.45,31.85,39.75,32,258.99,11700,1800,18-APR-2022,
OPTSTK,POLYCAB,28-Apr-2022,2700.0,CE,28.45,54.15,23.35,30.25,30.25,551,4518.62,142200,6600,18-APR-2022,
OPTSTK,POLYCAB,28-Apr-2022,2750.0,CE,18.25,33.65,17.05,20.95,20.95,48,399.22,48600,300,18-APR-2022,
OPTSTK,POLYCAB,28-Apr-2022,2800.0,CE,11.95,25.45,11.95,15.75,15.75,243,2053.42,77100,-900,18-APR-2022,
OPTSTK,POLYCAB,28-Apr-2022,2850.0,CE,9.25,10.35,9.25,9.35,5.8,4,34.31,12000,-600,18-APR-2022,
OPTSTK,POLYCAB,28-Apr-2022,2900.0,CE,9.65,10.95,5.8,8.8,8.8,40,348.98,49500,-1500,18-APR-2022,
OPTSTK,POLYCAB,28-Apr-2022,2950.0,CE,20.5,20.5,1.6,8.0,8.0,7,62.1,2700,0,18-APR-2022,
OPTSTK,POLYCAB,28-Apr-2022,3000.0,CE,13.5,13.5,3.0,5.55,5.55,1652,14888.76,74700,-3900,18-APR-2022,
OPTSTK,POLYCAB,28-Apr-2022,3050.0,CE,1.95,1.95,1.95,1.95,0.45,1,9.15,300,0,18-APR-2022,
OPTSTK,POLYCAB,28-Apr-2022,3100.0,CE,2.2,2.2,2.1,2.1,0.25,7,65.14,12000,-600,18-APR-2022,
OPTSTK,POLYCAB,28-Apr-2022,3150.0,CE,0.0,0.0,0.0,44.15,0.1,0,0.0,0,0,18-APR-2022,
OPTSTK,POLYCAB,28-Apr-2022,3200.0,CE,0.85,1.0,0.85,1.0,0.05,2,19.2,21300,0,18-APR-2022,
OPTSTK,POLYCAB,28-Apr-2022,1600.0,PE,0.0,0.0,0.0,1.5,0.0,0,0.0,600,0,18-APR-2022,
OPTSTK,POLYCAB,28-Apr-2022,1650.0,PE,0.0,0.0,0.0,3.85,0.0,0,0.0,0,0,18-APR-2022,
OPTSTK,POLYCAB,28-Apr-2022,1700.0,PE,0.0,0.0,0.0,3.15,0.0,0,0.0,1200,0,18-APR-2022,
OPTSTK,POLYCAB,28-Apr-2022,1750.0,PE,0.0,0.0,0.0,8.0,0.0,0,0.0,0,0,18-APR-2022,
OPTSTK,POLYCAB,28-Apr-2022,1800.0,PE,0.0,0.0,0.0,11.15,0.0,0,0.0,0,0,18-APR-2022,
OPTSTK,POLYCAB,28-Apr-2022,1850.0,PE,0.0,0.0,0.0,15.15,0.0,0,0.0,0,0,18-APR-2022,
OPTSTK,POLYCAB,28-Apr-2022,1900.0,PE,0.0,0.0,0.0,20.15,0.0,0,0.0,0,0,18-APR-2022,
OPTSTK,POLYCAB,28-Apr-2022,1950.0,PE,0.0,0.0,0.0,1.05,0.0,0,0.0,300,0,18-APR-2022,
OPTSTK,POLYCAB,28-Apr-2022,2000.0,PE,0.0,0.0,0.0,1.0,0.05,0,0.0,1200,0,18-APR-2022,
OPTSTK,POLYCAB,28-Apr-2022,2050.0,PE,0.0,0.0,0.0,42.8,0.05,0,0.0,0,0,18-APR-2022,
OPTSTK,POLYCAB,28-Apr-2022,2100.0,PE,0.0,0.0,0.0,6.8,0.1,0,0.0,1800,0,18-APR-2022,
OPTSTK,POLYCAB,28-Apr-2022,2150.0,PE,0.0,0.0,0.0,65.6,0.3,0,0.0,0,0,18-APR-2022,
OPTSTK,POLYCAB,28-Apr-2022,2200.0,PE,1.4,1.4,1.4,1.4,0.75,1,6.6,12900,0,18-APR-2022,
OPTSTK,POLYCAB,28-Apr-2022,2250.0,PE,0.0,0.0,0.0,5.1,1.8,0,0.0,300,0,18-APR-2022,
OPTSTK,POLYCAB,28-Apr-2022,2300.0,PE,7.0,7.0,5.0,5.0,5.0,9,62.25,20400,-600,18-APR-2022,
OPTSTK,POLYCAB,28-Apr-2022,2350.0,PE,0.0,0.0,0.0,10.9,7.9,0,0.0,3000,0,18-APR-2022,
OPTSTK,POLYCAB,28-Apr-2022,2400.0,PE,10.5,20.0,6.2,14.6,14.6,61,441.91,27000,4200,18-APR-2022,
OPTSTK,POLYCAB,28-Apr-2022,2450.0,PE,23.95,23.95,18.0,20.95,25.25,6,44.46,6600,900,18-APR-2022,
OPTSTK,POLYCAB,28-Apr-2022,2500.0,PE,35.0,50.0,23.0,30.35,30.35,84,639.22,37500,300,18-APR-2022,
OPTSTK,POLYCAB,28-Apr-2022,2550.0,PE,50.0,64.9,41.05,47.35,47.35,18,140.78,9000,-600,18-APR-2022,
OPTSTK,POLYCAB,28-Apr-2022,2600.0,PE,73.0,97.0,54.2,65.0,65.0,46,368.83,31500,-3300,18-APR-2022,
OPTSTK,POLYCAB,28-Apr-2022,2650.0,PE,91.9,103.7,91.9,103.7,118.35,2,16.48,9300,300,18-APR-2022,
OPTSTK,POLYCAB,28-Apr-2022,2700.0,PE,134.35,150.0,62.4,143.7,143.7,5,42.35,13800,0,18-APR-2022,
OPTSTK,POLYCAB,28-Apr-2022,2750.0,PE,164.05,206.55,164.05,185.6,185.6,6,52.9,1800,600,18-APR-2022,
OPTSTK,POLYCAB,28-Apr-2022,2800.0,PE,189.05,189.05,189.05,189.05,238.4,1,8.96,600,0,18-APR-2022,
OPTSTK,POLYCAB,28-Apr-2022,2850.0,PE,0.0,0.0,0.0,428.2,284.15,0,0.0,0,0,18-APR-2022,
OPTSTK,POLYCAB,28-Apr-2022,2900.0,PE,0.0,0.0,0.0,466.25,331.55,0,0.0,0,0,18-APR-2022,
OPTSTK,POLYCAB,28-Apr-2022,2950.0,PE,0.0,0.0,0.0,505.5,380.0,0,0.0,0,0,18-APR-2022,
OPTSTK,POLYCAB,28-Apr-2022,3000.0,PE,0.0,0.0,0.0,545.7,429.1,0,0.0,0,0,18-APR-2022,
OPTSTK,POLYCAB,28-Apr-2022,3050.0,PE,0.0,0.0,0.0,587.05,478.6,0,0.0,0,0,18-APR-2022,
OPTSTK,POLYCAB,28-Apr-2022,3100.0,PE,0.0,0.0,0.0,629.25,528.3,0,0.0,0,0,18-APR-2022,
OPTSTK,POLYCAB,28-Apr-2022,3150.0,PE,0.0,0.0,0.0,672.3,578.15,0,0.0,0,0,18-APR-2022,
OPTSTK,POLYCAB,28-Apr-2022,3200.0,PE,0.0,0.0,0.0,716.1,628.0,0,0.0,0,0,18-APR-2022,
OPTSTK,POLYCAB,26-May-2022,1600.0,CE,0.0,0.0,0.0,706.0,975.55,0,0.0,0,0,18-APR-2022,
OPTSTK,POLYCAB,26-May-2022,1650.0,CE,0.0,0.0,0.0,659.45,925.8,0,0.0,0,0,18-APR-2022,
OPTSTK,POLYCAB,26-May-2022,1700.0,CE,0.0,0.0,0.0,613.85,876.05,0,0.0,0,0,18-APR-2022,
OPTSTK,POLYCAB,26-May-2022,1750.0,CE,0.0,0.0,0.0,569.35,826.35,0,0.0,0,0,18-APR-2022,
OPTSTK,POLYCAB,26-May-2022,1800.0,CE,0.0,0.0,0.0,526.15,776.75,0,0.0,0,0,18-APR-2022,
OPTSTK,POLYCAB,26-May-2022,1850.0,CE,0.0,0.0,0.0,484.4,727.3,0,0.0,0,0,18-APR-2022,
OPTSTK,POLYCAB,26-May-2022,1900.0,CE,0.0,0.0,0.0,444.3,678.1,0,0.0,0,0,18-APR-2022,
OPTSTK,POLYCAB,26-May-2022,1950.0,CE,0.0,0.0,0.0,405.9,629.25,0,0.0,0,0,18-APR-2022,
OPTSTK,POLYCAB,26-May-2022,2000.0,CE,0.0,0.0,0.0,369.5,580.9,0,0.0,0,0,18-APR-2022,
OPTSTK,POLYCAB,26-May-2022,2050.0,CE,0.0,0.0,0.0,334.95,533.3,0,0.0,0,0,18-APR-2022,
OPTSTK,POLYCAB,26-May-2022,2100.0,CE,0.0,0.0,0.0,302.45,486.6,0,0.0,0,0,18-APR-2022,
OPTSTK,POLYCAB,26-May-2022,2150.0,CE,0.0,0.0,0.0,272.15,441.15,0,0.0,0,0,18-APR-2022,
OPTSTK,POLYCAB,26-May-2022,2200.0,CE,0.0,0.0,0.0,243.95,397.2,0,0.0,0,0,18-APR-2022,
OPTSTK,POLYCAB,26-May-2022,2250.0,CE,0.0,0.0,0.0,217.9,355.05,0,0.0,0,0,18-APR-2022,
OPTSTK,POLYCAB,26-May-2022,2300.0,CE,0.0,0.0,0.0,193.9,315.0,0,0.0,0,0,18-APR-2022,
OPTSTK,POLYCAB,26-May-2022,2350.0,CE,0.0,0.0,0.0,172.0,277.35,0,0.0,0,0,18-APR-2022,
OPTSTK,POLYCAB,26-May-2022,2400.0,CE,0.0,0.0,0.0,152.0,242.1,0,0.0,0,0,18-APR-2022,
OPTSTK,POLYCAB,26-May-2022,2450.0,CE,0.0,0.0,0.0,133.9,209.65,0,0.0,0,0,18-APR-2022,
OPTSTK,POLYCAB,26-May-2022,2500.0,CE,180.0,180.0,180.0,180.0,180.1,1,8.04,900,0,18-APR-2022,
OPTSTK,POLYCAB,26-May-2022,2550.0,CE,0.0,0.0,0.0,102.9,153.4,0,0.0,0,0,18-APR-2022,
OPTSTK,POLYCAB,26-May-2022,2600.0,CE,126.15,126.15,126.15,126.15,129.55,1,8.17,4200,300,18-APR-2022,
OPTSTK,POLYCAB,26-May-2022,2650.0,CE,0.0,0.0,0.0,78.3,108.55,0,0.0,0,0,18-APR-2022,
OPTSTK,POLYCAB,26-May-2022,2700.0,CE,0.0,0.0,0.0,68.0,90.15,0,0.0,0,0,18-APR-2022,
OPTSTK,POLYCAB,26-May-2022,2750.0,CE,0.0,0.0,0.0,58.8,74.3,0,0.0,0,0,18-APR-2022,
OPTSTK,POLYCAB,26-May-2022,2800.0,CE,0.0,0.0,0.0,50.75,60.85,0,0.0,0,0,18-APR-2022,
OPTSTK,POLYCAB,26-May-2022,2850.0,CE,0.0,0.0,0.0,43.75,49.35,0,0.0,0,0,18-APR-2022,
OPTSTK,POLYCAB,26-May-2022,2900.0,CE,0.0,0.0,0.0,37.6,39.7,0,0.0,0,0,18-APR-2022,
OPTSTK,POLYCAB,26-May-2022,2950.0,CE,0.0,0.0,0.0,32.2,31.75,0,0.0,0,0,18-APR-2022,
OPTSTK,POLYCAB,26-May-2022,3000.0,CE,0.0,0.0,0.0,27.55,25.2,0,0.0,0,0,18-APR-2022,
OPTSTK,POLYCAB,26-May-2022,3050.0,CE,0.0,0.0,0.0,23.5,19.85,0,0.0,0,0,18-APR-2022,
OPTSTK,POLYCAB,26-May-2022,3100.0,CE,0.0,0.0,0.0,20.05,15.5,0,0.0,0,0,18-APR-2022,
OPTSTK,POLYCAB,26-May-2022,3150.0,CE,0.0,0.0,0.0,17.05,12.05,0,0.0,0,0,18-APR-2022,
OPTSTK,POLYCAB,26-May-2022,3200.0,CE,0.0,0.0,0.0,14.45,9.3,0,0.0,0,0,18-APR-2022,
OPTSTK,POLYCAB,26-May-2022,1600.0,PE,0.0,0.0,0.0,6.6,0.05,0,0.0,0,0,18-APR-2022,
OPTSTK,POLYCAB,26-May-2022,1650.0,PE,0.0,0.0,0.0,9.55,0.05,0,0.0,0,0,18-APR-2022,
OPTSTK,POLYCAB,26-May-2022,1700.0,PE,0.0,0.0,0.0,13.4,0.1,0,0.0,0,0,18-APR-2022,
OPTSTK,POLYCAB,26-May-2022,1750.0,PE,0.0,0.0,0.0,18.4,0.2,0,0.0,0,0,18-APR-2022,
OPTSTK,POLYCAB,26-May-2022,1800.0,PE,0.0,0.0,0.0,24.65,0.4,0,0.0,0,0,18-APR-2022,
OPTSTK,POLYCAB,26-May-2022,1850.0,PE,0.0,0.0,0.0,32.4,0.7,0,0.0,0,0,18-APR-2022,
OPTSTK,POLYCAB,26-May-2022,1900.0,PE,0.0,0.0,0.0,41.75,1.25,0,0.0,0,0,18-APR-2022,
OPTSTK,POLYCAB,26-May-2022,1950.0,PE,0.0,0.0,0.0,52.85,2.2,0,0.0,0,0,18-APR-2022,
OPTSTK,POLYCAB,26-May-2022,2000.0,PE,0.0,0.0,0.0,65.9,3.6,0,0.0,0,0,18-APR-2022,
OPTSTK,POLYCAB,26-May-2022,2050.0,PE,0.0,0.0,0.0,80.85,5.8,0,0.0,0,0,18-APR-2022,
OPTSTK,POLYCAB,26-May-2022,2100.0,PE,0.0,0.0,0.0,97.85,8.9,0,0.0,0,0,18-APR-2022,
OPTSTK,POLYCAB,26-May-2022,2150.0,PE,0.0,0.0,0.0,117.0,13.2,0,0.0,0,0,18-APR-2022,
OPTSTK,POLYCAB,26-May-2022,2200.0,PE,0.0,0.0,0.0,45.0,19.05,0,0.0,300,0,18-APR-2022,
OPTSTK,POLYCAB,26-May-2022,2250.0,PE,0.0,0.0,0.0,161.7,26.7,0,0.0,0,0,18-APR-2022,
OPTSTK,POLYCAB,26-May-2022,2300.0,PE,0.0,0.0,0.0,187.2,36.4,0,0.0,0,0,18-APR-2022,
OPTSTK,POLYCAB,26-May-2022,2350.0,PE,0.0,0.0,0.0,214.75,48.55,0,0.0,0,0,18-APR-2022,
OPTSTK,POLYCAB,26-May-2022,2400.0,PE,0.0,0.0,0.0,244.25,63.05,0,0.0,0,0,18-APR-2022,
OPTSTK,POLYCAB,26-May-2022,2450.0,PE,0.0,0.0,0.0,275.6,80.4,0,0.0,0,0,18-APR-2022,
OPTSTK,POLYCAB,26-May-2022,2500.0,PE,0.0,0.0,0.0,102.0,100.6,0,0.0,300,0,18-APR-2022,
OPTSTK,POLYCAB,26-May-2022,2550.0,PE,0.0,0.0,0.0,343.6,123.7,0,0.0,0,0,18-APR-2022,
OPTSTK,POLYCAB,26-May-2022,2600.0,PE,0.0,0.0,0.0,380.05,149.65,0,0.0,0,0,18-APR-2022,
OPTSTK,POLYCAB,26-May-2022,2650.0,PE,0.0,0.0,0.0,417.9,178.4,0,0.0,0,0,18-APR-2022,
OPTSTK,POLYCAB,26-May-2022,2700.0,PE,0.0,0.0,0.0,457.1,209.8,0,0.0,0,0,18-APR-2022,
OPTSTK,POLYCAB,26-May-2022,2750.0,PE,0.0,0.0,0.0,497.35,243.7,0,0.0,0,0,18-APR-2022,
OPTSTK,POLYCAB,26-May-2022,2800.0,PE,0.0,0.0,0.0,538.8,280.05,0,0.0,0,0,18-APR-2022,
OPTSTK,POLYCAB,26-May-2022,2850.0,PE,0.0,0.0,0.0,581.25,318.3,0,0.0,0,0,18-APR-2022,
OPTSTK,POLYCAB,26-May-2022,2900.0,PE,0.0,0.0,0.0,624.55,358.45,0,0.0,0,0,18-APR-2022,
OPTSTK,POLYCAB,26-May-2022,2950.0,PE,0.0,0.0,0.0,668.7,400.25,0,0.0,0,0,18-APR-2022,
OPTSTK,POLYCAB,26-May-2022,3000.0,PE,0.0,0.0,0.0,713.5,443.5,0,0.0,0,0,18-APR-2022,
OPTSTK,POLYCAB,26-May-2022,3050.0,PE,0.0,0.0,0.0,758.95,487.9,0,0.0,0,0,18-APR-2022,
OPTSTK,POLYCAB,26-May-2022,3100.0,PE,0.0,0.0,0.0,804.95,533.35,0,0.0,0,0,18-APR-2022,
OPTSTK,POLYCAB,26-May-2022,3150.0,PE,0.0,0.0,0.0,851.4,579.7,0,0.0,0,0,18-APR-2022,
OPTSTK,POLYCAB,26-May-2022,3200.0,PE,0.0,0.0,0.0,898.3,626.7,0,0.0,0,0,18-APR-2022,
OPTSTK,POLYCAB,30-Jun-2022,1600.0,CE,0.0,0.0,0.0,785.25,982.65,0,0.0,0,0,18-APR-2022,
OPTSTK,POLYCAB,30-Jun-2022,1650.0,CE,0.0,0.0,0.0,737.7,933.5,0,0.0,0,0,18-APR-2022,
OPTSTK,POLYCAB,30-Jun-2022,1700.0,CE,0.0,0.0,0.0,690.9,884.55,0,0.0,0,0,18-APR-2022,
OPTSTK,POLYCAB,30-Jun-2022,1750.0,CE,0.0,0.0,0.0,644.9,835.95,0,0.0,0,0,18-APR-2022,
OPTSTK,POLYCAB,30-Jun-2022,1800.0,CE,0.0,0.0,0.0,599.95,787.75,0,0.0,0,0,18-APR-2022,
OPTSTK,POLYCAB,30-Jun-2022,1850.0,CE,0.0,0.0,0.0,556.2,740.1,0,0.0,0,0,18-APR-2022,
OPTSTK,POLYCAB,30-Jun-2022,1900.0,CE,0.0,0.0,0.0,513.8,693.1,0,0.0,0,0,18-APR-2022,
OPTSTK,POLYCAB,30-Jun-2022,1950.0,CE,0.0,0.0,0.0,472.9,646.95,0,0.0,0,0,18-APR-2022,
OPTSTK,POLYCAB,30-Jun-2022,2000.0,CE,0.0,0.0,0.0,433.65,601.8,0,0.0,0,0,18-APR-2022,
OPTSTK,POLYCAB,30-Jun-2022,2050.0,CE,0.0,0.0,0.0,396.25,557.8,0,0.0,0,0,18-APR-2022,
OPTSTK,POLYCAB,30-Jun-2022,2100.0,CE,0.0,0.0,0.0,360.65,515.1,0,0.0,0,0,18-APR-2022,
OPTSTK,POLYCAB,30-Jun-2022,2150.0,CE,0.0,0.0,0.0,326.95,473.9,0,0.0,0,0,18-APR-2022,
OPTSTK,POLYCAB,30-Jun-2022,2200.0,CE,0.0,0.0,0.0,295.45,434.3,0,0.0,0,0,18-APR-2022,
OPTSTK,POLYCAB,30-Jun-2022,2250.0,CE,0.0,0.0,0.0,265.95,396.6,0,0.0,0,0,18-APR-2022,
OPTSTK,POLYCAB,30-Jun-2022,2300.0,CE,0.0,0.0,0.0,238.6,360.6,0,0.0,0,0,18-APR-2022,
OPTSTK,POLYCAB,30-Jun-2022,2350.0,CE,0.0,0.0,0.0,213.25,326.55,0,0.0,0,0,18-APR-2022,
OPTSTK,POLYCAB,30-Jun-2022,2400.0,CE,0.0,0.0,0.0,190.0,294.65,0,0.0,0,0,18-APR-2022,
OPTSTK,POLYCAB,30-Jun-2022,2450.0,CE,0.0,0.0,0.0,168.7,264.8,0,0.0,0,0,18-APR-2022,
OPTSTK,POLYCAB,30-Jun-2022,2500.0,CE,0.0,0.0,0.0,149.25,237.1,0,0.0,0,0,18-APR-2022,
OPTSTK,POLYCAB,30-Jun-2022,2550.0,CE,0.0,0.0,0.0,131.65,211.45,0,0.0,0,0,18-APR-2022,
OPTSTK,POLYCAB,30-Jun-2022,2600.0,CE,0.0,0.0,0.0,115.8,187.9,0,0.0,0,0,18-APR-2022,
OPTSTK,POLYCAB,30-Jun-2022,2650.0,CE,0.0,0.0,0.0,101.5,166.35,0,0.0,0,0,18-APR-2022,
OPTSTK,POLYCAB,30-Jun-2022,2700.0,CE,0.0,0.0,0.0,88.85,146.75,0,0.0,0,0,18-APR-2022,
OPTSTK,POLYCAB,30-Jun-2022,2750.0,CE,0.0,0.0,0.0,77.5,129.0,0,0.0,0,0,18-APR-2022,
OPTSTK,POLYCAB,30-Jun-2022,2800.0,CE,0.0,0.0,0.0,67.35,113.0,0,0.0,0,0,18-APR-2022,
OPTSTK,POLYCAB,30-Jun-2022,2850.0,CE,0.0,0.0,0.0,58.4,98.65,0,0.0,0,0,18-APR-2022,
OPTSTK,POLYCAB,30-Jun-2022,2900.0,CE,0.0,0.0,0.0,50.55,85.95,0,0.0,0,0,18-APR-2022,
OPTSTK,POLYCAB,30-Jun-2022,2950.0,CE,0.0,0.0,0.0,43.6,74.6,0,0.0,0,0,18-APR-2022,
OPTSTK,POLYCAB,30-Jun-2022,3000.0,CE,0.0,0.0,0.0,37.55,64.5,0,0.0,0,0,18-APR-2022,
OPTSTK,POLYCAB,30-Jun-2022,3050.0,CE,0.0,0.0,0.0,32.25,55.6,0,0.0,0,0,18-APR-2022,
OPTSTK,POLYCAB,30-Jun-2022,3100.0,CE,0.0,0.0,0.0,27.65,47.8,0,0.0,0,0,18-APR-2022,
OPTSTK,POLYCAB,30-Jun-2022,3150.0,CE,0.0,0.0,0.0,23.65,41.0,0,0.0,0,0,18-APR-2022,
OPTSTK,POLYCAB,30-Jun-2022,3200.0,CE,0.0,0.0,0.0,20.2,35.05,0,0.0,0,0,18-APR-2022,
OPTSTK,POLYCAB,30-Jun-2022,1600.0,PE,0.0,0.0,0.0,4.0,0.65,0,0.0,0,0,18-APR-2022,
OPTSTK,POLYCAB,30-Jun-2022,1650.0,PE,0.0,0.0,0.0,5.95,1.05,0,0.0,0,0,18-APR-2022,
OPTSTK,POLYCAB,30-Jun-2022,1700.0,PE,0.0,0.0,0.0,8.6,1.7,0,0.0,0,0,18-APR-2022,
OPTSTK,POLYCAB,30-Jun-2022,1750.0,PE,0.0,0.0,0.0,12.1,2.7,0,0.0,0,0,18-APR-2022,
OPTSTK,POLYCAB,30-Jun-2022,1800.0,PE,0.0,0.0,0.0,16.65,4.05,0,0.0,0,0,18-APR-2022,
OPTSTK,POLYCAB,30-Jun-2022,1850.0,PE,0.0,0.0,0.0,22.35,6.0,0,0.0,0,0,18-APR-2022,
OPTSTK,POLYCAB,30-Jun-2022,1900.0,PE,0.0,0.0,0.0,29.4,8.55,0,0.0,0,0,18-APR-2022,
OPTSTK,POLYCAB,30-Jun-2022,1950.0,PE,0.0,0.0,0.0,38.0,12.0,0,0.0,0,0,18-APR-2022,
OPTSTK,POLYCAB,30-Jun-2022,2000.0,PE,0.0,0.0,0.0,48.2,16.4,0,0.0,0,0,18-APR-2022,
OPTSTK,POLYCAB,30-Jun-2022,2050.0,PE,0.0,0.0,0.0,60.3,22.0,0,0.0,0,0,18-APR-2022,
OPTSTK,POLYCAB,30-Jun-2022,2100.0,PE,0.0,0.0,0.0,74.2,28.85,0,0.0,0,0,18-APR-2022,
OPTSTK,POLYCAB,30-Jun-2022,2150.0,PE,0.0,0.0,0.0,89.95,37.25,0,0.0,0,0,18-APR-2022,
OPTSTK,POLYCAB,30-Jun-2022,2200.0,PE,0.0,0.0,0.0,107.9,47.25,0,0.0,0,0,18-APR-2022,
OPTSTK,POLYCAB,30-Jun-2022,2250.0,PE,0.0,0.0,0.0,127.9,59.1,0,0.0,0,0,18-APR-2022,
OPTSTK,POLYCAB,30-Jun-2022,2300.0,PE,0.0,0.0,0.0,150.0,72.7,0,0.0,0,0,18-APR-2022,
OPTSTK,POLYCAB,30-Jun-2022,2350.0,PE,0.0,0.0,0.0,174.15,88.2,0,0.0,0,0,18-APR-2022,
OPTSTK,POLYCAB,30-Jun-2022,2400.0,PE,0.0,0.0,0.0,200.35,105.85,0,0.0,0,0,18-APR-2022,
OPTSTK,POLYCAB,30-Jun-2022,2450.0,PE,0.0,0.0,0.0,228.5,125.6,0,0.0,0,0,18-APR-2022,
OPTSTK,POLYCAB,30-Jun-2022,2500.0,PE,0.0,0.0,0.0,258.6,147.5,0,0.0,0,0,18-APR-2022,
OPTSTK,POLYCAB,30-Jun-2022,2550.0,PE,0.0,0.0,0.0,290.45,171.45,0,0.0,0,0,18-APR-2022,
OPTSTK,POLYCAB,30-Jun-2022,2600.0,PE,0.0,0.0,0.0,324.05,197.45,0,0.0,0,0,18-APR-2022,
OPTSTK,POLYCAB,30-Jun-2022,2650.0,PE,0.0,0.0,0.0,359.25,225.45,0,0.0,0,0,18-APR-2022,
OPTSTK,POLYCAB,30-Jun-2022,2700.0,PE,0.0,0.0,0.0,396.05,255.45,0,0.0,0,0,18-APR-2022,
OPTSTK,POLYCAB,30-Jun-2022,2750.0,PE,0.0,0.0,0.0,434.2,287.25,0,0.0,0,0,18-APR-2022,
OPTSTK,POLYCAB,30-Jun-2022,2800.0,PE,0.0,0.0,0.0,473.5,320.85,0,0.0,0,0,18-APR-2022,
OPTSTK,POLYCAB,30-Jun-2022,2850.0,PE,0.0,0.0,0.0,514.05,356.05,0,0.0,0,0,18-APR-2022,
OPTSTK,POLYCAB,30-Jun-2022,2900.0,PE,0.0,0.0,0.0,555.65,392.95,0,0.0,0,0,18-APR-2022,
OPTSTK,POLYCAB,30-Jun-2022,2950.0,PE,0.0,0.0,0.0,598.2,431.2,0,0.0,0,0,18-APR-2022,
OPTSTK,POLYCAB,30-Jun-2022,3000.0,PE,0.0,0.0,0.0,641.6,470.65,0,0.0,0,0,18-APR-2022,
OPTSTK,POLYCAB,30-Jun-2022,3050.0,PE,0.0,0.0,0.0,685.8,511.35,0,0.0,0,0,18-APR-2022,
OPTSTK,POLYCAB,30-Jun-2022,3100.0,PE,0.0,0.0,0.0,730.65,553.15,0,0.0,0,0,18-APR-2022,
OPTSTK,POLYCAB,30-Jun-2022,3150.0,PE,0.0,0.0,0.0,776.15,595.9,0,0.0,0,0,18-APR-2022,
OPTSTK,POLYCAB,30-Jun-2022,3200.0,PE,0.0,0.0,0.0,822.15,639.55,0,0.0,0,0,18-APR-2022,
OPTSTK,POWERGRID,28-Apr-2022,130.0,CE,0.0,0.0,0.0,86.25,101.25,0,0.0,0,0,18-APR-2022,
OPTSTK,POWERGRID,28-Apr-2022,132.5,CE,0.0,0.0,0.0,83.75,98.75,0,0.0,0,0,18-APR-2022,
OPTSTK,POWERGRID,28-Apr-2022,135.0,CE,0.0,0.0,0.0,81.3,96.25,0,0.0,0,0,18-APR-2022,
OPTSTK,POWERGRID,28-Apr-2022,137.5,CE,0.0,0.0,0.0,78.85,93.75,0,0.0,0,0,18-APR-2022,
OPTSTK,POWERGRID,28-Apr-2022,140.0,CE,0.0,0.0,0.0,76.4,91.3,0,0.0,0,0,18-APR-2022,
OPTSTK,POWERGRID,28-Apr-2022,142.5,CE,0.0,0.0,0.0,73.9,88.8,0,0.0,0,0,18-APR-2022,
OPTSTK,POWERGRID,28-Apr-2022,145.0,CE,0.0,0.0,0.0,71.5,86.3,0,0.0,0,0,18-APR-2022,
OPTSTK,POWERGRID,28-Apr-2022,147.5,CE,0.0,0.0,0.0,69.05,83.8,0,0.0,0,0,18-APR-2022,
OPTSTK,POWERGRID,28-Apr-2022,150.0,CE,0.0,0.0,0.0,66.6,81.3,0,0.0,0,0,18-APR-2022,
OPTSTK,POWERGRID,28-Apr-2022,152.5,CE,0.0,0.0,0.0,64.2,78.8,0,0.0,0,0,18-APR-2022,
OPTSTK,POWERGRID,28-Apr-2022,155.0,CE,0.0,0.0,0.0,61.8,76.3,0,0.0,0,0,18-APR-2022,
OPTSTK,POWERGRID,28-Apr-2022,157.5,CE,0.0,0.0,0.0,59.4,73.8,0,0.0,0,0,18-APR-2022,
OPTSTK,POWERGRID,28-Apr-2022,160.0,CE,0.0,0.0,0.0,57.0,71.3,0,0.0,0,0,18-APR-2022,
OPTSTK,POWERGRID,28-Apr-2022,162.5,CE,0.0,0.0,0.0,54.65,68.8,0,0.0,0,0,18-APR-2022,
OPTSTK,POWERGRID,28-Apr-2022,165.0,CE,0.0,0.0,0.0,52.35,66.3,0,0.0,0,0,18-APR-2022,
OPTSTK,POWERGRID,28-Apr-2022,167.5,CE,0.0,0.0,0.0,50.05,63.8,0,0.0,0,0,18-APR-2022,
OPTSTK,POWERGRID,28-Apr-2022,170.0,CE,0.0,0.0,0.0,47.8,61.3,0,0.0,0,0,18-APR-2022,
OPTSTK,POWERGRID,28-Apr-2022,172.5,CE,0.0,0.0,0.0,45.55,58.8,0,0.0,0,0,18-APR-2022,
OPTSTK,POWERGRID,28-Apr-2022,175.0,CE,0.0,0.0,0.0,43.35,56.3,0,0.0,0,0,18-APR-2022,
OPTSTK,POWERGRID,28-Apr-2022,177.5,CE,0.0,0.0,0.0,41.2,53.8,0,0.0,0,0,18-APR-2022,
OPTSTK,POWERGRID,28-Apr-2022,180.0,CE,0.0,0.0,0.0,39.1,51.3,0,0.0,0,0,18-APR-2022,
OPTSTK,POWERGRID,28-Apr-2022,182.5,CE,0.0,0.0,0.0,37.05,48.85,0,0.0,0,0,18-APR-2022,
OPTSTK,POWERGRID,28-Apr-2022,185.0,CE,0.0,0.0,0.0,35.0,46.35,0,0.0,0,0,18-APR-2022,
OPTSTK,POWERGRID,28-Apr-2022,187.5,CE,0.0,0.0,0.0,33.05,43.85,0,0.0,0,0,18-APR-2022,
OPTSTK,POWERGRID,28-Apr-2022,190.0,CE,0.0,0.0,0.0,31.15,41.35,0,0.0,0,0,18-APR-2022,
OPTSTK,POWERGRID,28-Apr-2022,192.5,CE,0.0,0.0,0.0,29.35,38.85,0,0.0,0,0,18-APR-2022,
OPTSTK,POWERGRID,28-Apr-2022,195.0,CE,0.0,0.0,0.0,27.55,36.35,0,0.0,0,0,18-APR-2022,
OPTSTK,POWERGRID,28-Apr-2022,197.5,CE,0.0,0.0,0.0,25.85,33.85,0,0.0,0,0,18-APR-2022,
OPTSTK,POWERGRID,28-Apr-2022,200.0,CE,0.0,0.0,0.0,32.35,31.35,0,0.0,63996,0,18-APR-2022,
OPTSTK,POWERGRID,28-Apr-2022,202.5,CE,0.0,0.0,0.0,22.6,28.9,0,0.0,0,0,18-APR-2022,
OPTSTK,POWERGRID,28-Apr-2022,205.0,CE,0.0,0.0,0.0,32.35,26.45,0,0.0,37331,0,18-APR-2022,
OPTSTK,POWERGRID,28-Apr-2022,207.5,CE,0.0,0.0,0.0,10.95,24.0,0,0.0,26665,0,18-APR-2022,
OPTSTK,POWERGRID,28-Apr-2022,210.0,CE,20.3,20.3,20.3,20.3,21.6,1,12.28,437306,-5333,18-APR-2022,
OPTSTK,POWERGRID,28-Apr-2022,212.5,CE,18.6,18.85,18.6,18.85,19.25,4,49.33,186655,-5333,18-APR-2022,
OPTSTK,POWERGRID,28-Apr-2022,215.0,CE,14.75,17.25,14.75,17.25,17.25,4,49.35,917276,-15999,18-APR-2022,
OPTSTK,POWERGRID,28-Apr-2022,217.5,CE,0.0,0.0,0.0,14.5,14.8,0,0.0,111993,0,18-APR-2022,
OPTSTK,POWERGRID,28-Apr-2022,220.0,CE,10.0,13.0,9.85,13.0,12.7,32,395.08,661292,-74662,18-APR-2022,
OPTSTK,POWERGRID,28-Apr-2022,222.5,CE,9.9,9.9,8.35,8.35,10.8,3,37.05,293315,-5333,18-APR-2022,
OPTSTK,POWERGRID,28-Apr-2022,225.0,CE,8.15,8.7,6.2,8.7,8.7,31,384.32,1247922,-69329,18-APR-2022,
OPTSTK,POWERGRID,28-Apr-2022,227.5,CE,6.6,6.95,4.8,6.85,6.85,70,870.63,255984,-58663,18-APR-2022,
OPTSTK,POWERGRID,28-Apr-2022,230.0,CE,4.85,5.8,3.55,5.35,5.35,1197,14983.62,1893215,74662,18-APR-2022,
OPTSTK,POWERGRID,28-Apr-2022,232.5,CE,3.7,4.45,2.6,4.05,4.05,397,4997.25,655959,47997,18-APR-2022,
OPTSTK,POWERGRID,28-Apr-2022,235.0,CE,3.15,3.3,1.9,3.05,3.05,927,11746.98,2954482,-159990,18-APR-2022,
OPTSTK,POWERGRID,28-Apr-2022,237.5,CE,2.05,2.4,1.4,2.15,2.15,215,2744.23,863946,-79995,18-APR-2022,
OPTSTK,POWERGRID,28-Apr-2022,240.0,CE,1.4,1.65,0.9,1.5,1.5,1264,16266.24,6090286,431973,18-APR-2022,
OPTSTK,POWERGRID,28-Apr-2022,242.5,CE,0.95,1.2,0.7,1.1,1.1,31,402.47,426640,-10666,18-APR-2022,
OPTSTK,POWERGRID,28-Apr-2022,245.0,CE,0.75,0.9,0.55,0.85,0.85,552,7233.53,1221257,-570631,18-APR-2022,
OPTSTK,POWERGRID,28-Apr-2022,247.5,CE,0.6,0.65,0.4,0.65,0.65,24,317.49,175989,-58663,18-APR-2022,
OPTSTK,POWERGRID,28-Apr-2022,250.0,CE,0.5,0.6,0.35,0.55,0.55,397,5302.78,3093140,63996,18-APR-2022,
OPTSTK,POWERGRID,28-Apr-2022,252.5,CE,0.45,0.45,0.35,0.45,0.45,7,94.41,95994,5333,18-APR-2022,
OPTSTK,POWERGRID,28-Apr-2022,255.0,CE,0.3,0.4,0.25,0.4,0.4,136,1851.72,650626,-47997,18-APR-2022,
OPTSTK,POWERGRID,28-Apr-2022,257.5,CE,0.4,0.4,0.4,0.4,0.2,1,13.75,79995,5333,18-APR-2022,
OPTSTK,POWERGRID,28-Apr-2022,260.0,CE,0.25,0.35,0.2,0.3,0.3,197,2734.39,2255859,-37331,18-APR-2022,
OPTSTK,POWERGRID,28-Apr-2022,262.5,CE,0.2,0.2,0.15,0.2,0.1,3,42.02,186655,5333,18-APR-2022,
OPTSTK,POWERGRID,28-Apr-2022,265.0,CE,0.15,0.2,0.15,0.2,0.05,29,410.14,239985,-85328,18-APR-2022,
OPTSTK,POWERGRID,28-Apr-2022,267.5,CE,0.0,0.0,0.0,0.35,0.05,0,0.0,21332,0,18-APR-2022,
OPTSTK,POWERGRID,28-Apr-2022,270.0,CE,0.2,0.2,0.15,0.2,0.2,34,489.86,698623,15999,18-APR-2022,
OPTSTK,POWERGRID,28-Apr-2022,272.5,CE,0.0,0.0,0.0,1.8,0.05,0,0.0,0,0,18-APR-2022,
OPTSTK,POWERGRID,28-Apr-2022,275.0,CE,0.1,0.1,0.1,0.1,0.05,2,29.34,47997,10666,18-APR-2022,
OPTSTK,POWERGRID,28-Apr-2022,277.5,CE,0.0,0.0,0.0,1.45,0.0,0,0.0,0,0,18-APR-2022,
OPTSTK,POWERGRID,28-Apr-2022,280.0,CE,0.15,0.15,0.1,0.1,0.0,3,44.81,106660,10666,18-APR-2022,
OPTSTK,POWERGRID,28-Apr-2022,130.0,PE,0.0,0.0,0.0,0.05,0.0,0,0.0,15999,0,18-APR-2022,
OPTSTK,POWERGRID,28-Apr-2022,132.5,PE,0.0,0.0,0.0,0.05,0.0,0,0.0,10666,0,18-APR-2022,
OPTSTK,POWERGRID,28-Apr-2022,135.0,PE,0.0,0.0,0.0,0.05,0.0,0,0.0,0,0,18-APR-2022,
OPTSTK,POWERGRID,28-Apr-2022,137.5,PE,0.0,0.0,0.0,0.05,0.0,0,0.0,0,0,18-APR-2022,
OPTSTK,POWERGRID,28-Apr-2022,140.0,PE,0.0,0.0,0.0,0.05,0.0,0,0.0,0,0,18-APR-2022,
OPTSTK,POWERGRID,28-Apr-2022,142.5,PE,0.0,0.0,0.0,0.05,0.0,0,0.0,5333,0,18-APR-2022,
OPTSTK,POWERGRID,28-Apr-2022,145.0,PE,0.0,0.0,0.0,0.1,0.0,0,0.0,0,0,18-APR-2022,
OPTSTK,POWERGRID,28-Apr-2022,147.5,PE,0.0,0.0,0.0,0.15,0.0,0,0.0,0,0,18-APR-2022,
OPTSTK,POWERGRID,28-Apr-2022,150.0,PE,0.0,0.0,0.0,0.2,0.0,0,0.0,0,0,18-APR-2022,
OPTSTK,POWERGRID,28-Apr-2022,152.5,PE,0.0,0.0,0.0,0.25,0.0,0,0.0,0,0,18-APR-2022,
OPTSTK,POWERGRID,28-Apr-2022,155.0,PE,0.0,0.0,0.0,0.3,0.0,0,0.0,0,0,18-APR-2022,
OPTSTK,POWERGRID,28-Apr-2022,157.5,PE,0.0,0.0,0.0,0.4,0.0,0,0.0,0,0,18-APR-2022,
OPTSTK,POWERGRID,28-Apr-2022,160.0,PE,0.0,0.0,0.0,0.05,0.0,0,0.0,15999,0,18-APR-2022,
OPTSTK,POWERGRID,28-Apr-2022,162.5,PE,0.0,0.0,0.0,0.6,0.0,0,0.0,0,0,18-APR-2022,
OPTSTK,POWERGRID,28-Apr-2022,165.0,PE,0.0,0.0,0.0,0.1,0.0,0,0.0,5333,0,18-APR-2022,
OPTSTK,POWERGRID,28-Apr-2022,167.5,PE,0.0,0.0,0.0,0.95,0.0,0,0.0,0,0,18-APR-2022,
OPTSTK,POWERGRID,28-Apr-2022,170.0,PE,0.0,0.0,0.0,1.15,0.0,0,0.0,0,0,18-APR-2022,
OPTSTK,POWERGRID,28-Apr-2022,172.5,PE,0.0,0.0,0.0,1.4,0.0,0,0.0,0,0,18-APR-2022,
OPTSTK,POWERGRID,28-Apr-2022,175.0,PE,0.0,0.0,0.0,1.7,0.0,0,0.0,0,0,18-APR-2022,
OPTSTK,POWERGRID,28-Apr-2022,177.5,PE,0.0,0.0,0.0,2.0,0.0,0,0.0,0,0,18-APR-2022,
OPTSTK,POWERGRID,28-Apr-2022,180.0,PE,0.1,0.1,0.1,0.1,0.0,9,86.44,181322,-42664,18-APR-2022,
OPTSTK,POWERGRID,28-Apr-2022,182.5,PE,0.1,0.1,0.1,0.1,0.0,1,9.73,26665,0,18-APR-2022,
OPTSTK,POWERGRID,28-Apr-2022,185.0,PE,0.0,0.0,0.0,0.15,0.0,0,0.0,37331,0,18-APR-2022,
OPTSTK,POWERGRID,28-Apr-2022,187.5,PE,0.1,0.1,0.1,0.1,0.0,4,40.01,79995,0,18-APR-2022,
OPTSTK,POWERGRID,28-Apr-2022,190.0,PE,0.05,0.15,0.05,0.15,0.15,5,50.69,554632,-5333,18-APR-2022,
OPTSTK,POWERGRID,28-Apr-2022,192.5,PE,0.0,0.0,0.0,0.15,0.0,0,0.0,74662,0,18-APR-2022,
OPTSTK,POWERGRID,28-Apr-2022,195.0,PE,0.0,0.0,0.0,0.1,0.0,0,0.0,239985,0,18-APR-2022,
OPTSTK,POWERGRID,28-Apr-2022,197.5,PE,0.0,0.0,0.0,1.4,0.05,0,0.0,5333,0,18-APR-2022,
OPTSTK,POWERGRID,28-Apr-2022,200.0,PE,0.2,0.2,0.15,0.2,0.2,47,501.7,1343916,-74662,18-APR-2022,
OPTSTK,POWERGRID,28-Apr-2022,202.5,PE,0.15,0.15,0.15,0.15,0.15,25,270.18,170656,69329,18-APR-2022,
OPTSTK,POWERGRID,28-Apr-2022,205.0,PE,0.2,0.25,0.15,0.15,0.15,70,766.06,522634,-245318,18-APR-2022,
OPTSTK,POWERGRID,28-Apr-2022,207.5,PE,0.3,0.3,0.2,0.2,0.15,14,155.11,117326,-31998,18-APR-2022,
OPTSTK,POWERGRID,28-Apr-2022,210.0,PE,0.35,0.35,0.2,0.2,0.2,185,2074.56,1658563,69329,18-APR-2022,
OPTSTK,POWERGRID,28-Apr-2022,212.5,PE,0.45,0.45,0.3,0.3,0.3,50,567.52,229319,90661,18-APR-2022,
OPTSTK,POWERGRID,28-Apr-2022,215.0,PE,0.5,0.6,0.4,0.4,0.4,234,2689.08,1167927,-5333,18-APR-2022,
OPTSTK,POWERGRID,28-Apr-2022,217.5,PE,0.7,0.85,0.55,0.55,0.55,18,209.41,207987,21332,18-APR-2022,
OPTSTK,POWERGRID,28-Apr-2022,220.0,PE,1.35,1.35,0.7,0.8,0.8,440,5185.01,2485178,69329,18-APR-2022,
OPTSTK,POWERGRID,28-Apr-2022,222.5,PE,1.85,1.85,1.05,1.15,1.15,81,967.3,581297,31998,18-APR-2022,
OPTSTK,POWERGRID,28-Apr-2022,225.0,PE,2.05,2.55,1.5,1.65,1.65,291,3524.12,1802554,250651,18-APR-2022,
OPTSTK,POWERGRID,28-Apr-2022,227.5,PE,3.25,3.6,2.2,2.3,2.3,219,2691.17,501302,-5333,18-APR-2022,
OPTSTK,POWERGRID,28-Apr-2022,230.0,PE,4.0,4.95,3.1,3.3,3.3,399,4980.46,1818553,5333,18-APR-2022,
OPTSTK,POWERGRID,28-Apr-2022,232.5,PE,5.6,6.35,4.25,4.55,4.55,113,1432.3,303981,-21332,18-APR-2022,
OPTSTK,POWERGRID,28-Apr-2022,235.0,PE,7.25,8.35,5.75,6.05,6.05,28,361.15,1413245,-63996,18-APR-2022,
OPTSTK,POWERGRID,28-Apr-2022,237.5,PE,9.45,9.45,9.45,9.45,8.95,1,13.16,431973,-5333,18-APR-2022,
OPTSTK,POWERGRID,28-Apr-2022,240.0,PE,10.25,12.2,9.1,9.35,9.35,33,440.27,6164948,-10666,18-APR-2022,
OPTSTK,POWERGRID,28-Apr-2022,242.5,PE,14.05,14.1,14.05,14.1,12.7,10,136.84,106660,-42664,18-APR-2022,
OPTSTK,POWERGRID,28-Apr-2022,245.0,PE,15.1,15.1,14.7,14.7,14.75,2,27.72,47997,-5333,18-APR-2022,
OPTSTK,POWERGRID,28-Apr-2022,247.5,PE,0.0,0.0,0.0,35.15,16.95,0,0.0,0,0,18-APR-2022,
OPTSTK,POWERGRID,28-Apr-2022,250.0,PE,19.35,19.35,19.35,19.35,19.2,2,28.72,63996,10666,18-APR-2022,
OPTSTK,POWERGRID,28-Apr-2022,252.5,PE,0.0,0.0,0.0,39.2,21.5,0,0.0,0,0,18-APR-2022,
OPTSTK,POWERGRID,28-Apr-2022,255.0,PE,0.0,0.0,0.0,41.25,23.9,0,0.0,0,0,18-APR-2022,
OPTSTK,POWERGRID,28-Apr-2022,257.5,PE,0.0,0.0,0.0,43.4,26.3,0,0.0,0,0,18-APR-2022,
OPTSTK,POWERGRID,28-Apr-2022,260.0,PE,0.0,0.0,0.0,45.5,28.75,0,0.0,0,0,18-APR-2022,
OPTSTK,POWERGRID,28-Apr-2022,262.5,PE,0.0,0.0,0.0,47.7,31.2,0,0.0,0,0,18-APR-2022,
OPTSTK,POWERGRID,28-Apr-2022,265.0,PE,0.0,0.0,0.0,49.9,33.65,0,0.0,0,0,18-APR-2022,
OPTSTK,POWERGRID,28-Apr-2022,267.5,PE,0.0,0.0,0.0,52.1,36.15,0,0.0,0,0,18-APR-2022,
OPTSTK,POWERGRID,28-Apr-2022,270.0,PE,0.0,0.0,0.0,54.35,38.65,0,0.0,0,0,18-APR-2022,
OPTSTK,POWERGRID,28-Apr-2022,272.5,PE,0.0,0.0,0.0,56.65,41.1,0,0.0,0,0,18-APR-2022,
OPTSTK,POWERGRID,28-Apr-2022,275.0,PE,0.0,0.0,0.0,58.9,43.6,0,0.0,0,0,18-APR-2022,
OPTSTK,POWERGRID,28-Apr-2022,277.5,PE,0.0,0.0,0.0,61.2,46.1,0,0.0,0,0,18-APR-2022,
OPTSTK,POWERGRID,28-Apr-2022,280.0,PE,0.0,0.0,0.0,63.55,48.6,0,0.0,0,0,18-APR-2022,
OPTSTK,POWERGRID,26-May-2022,130.0,CE,0.0,0.0,0.0,62.55,101.7,0,0.0,0,0,18-APR-2022,
OPTSTK,POWERGRID,26-May-2022,132.5,CE,0.0,0.0,0.0,60.15,99.2,0,0.0,0,0,18-APR-2022,
OPTSTK,POWERGRID,26-May-2022,135.0,CE,0.0,0.0,0.0,57.7,96.7,0,0.0,0,0,18-APR-2022,
OPTSTK,POWERGRID,26-May-2022,137.5,CE,0.0,0.0,0.0,55.3,94.25,0,0.0,0,0,18-APR-2022,
OPTSTK,POWERGRID,26-May-2022,140.0,CE,0.0,0.0,0.0,52.9,91.75,0,0.0,0,0,18-APR-2022,
OPTSTK,POWERGRID,26-May-2022,142.5,CE,0.0,0.0,0.0,50.5,89.25,0,0.0,0,0,18-APR-2022,
OPTSTK,POWERGRID,26-May-2022,145.0,CE,0.0,0.0,0.0,48.15,86.75,0,0.0,0,0,18-APR-2022,
OPTSTK,POWERGRID,26-May-2022,147.5,CE,0.0,0.0,0.0,45.85,84.25,0,0.0,0,0,18-APR-2022,
OPTSTK,POWERGRID,26-May-2022,150.0,CE,0.0,0.0,0.0,43.55,81.8,0,0.0,0,0,18-APR-2022,
OPTSTK,POWERGRID,26-May-2022,152.5,CE,0.0,0.0,0.0,41.25,79.3,0,0.0,0,0,18-APR-2022,
OPTSTK,POWERGRID,26-May-2022,155.0,CE,0.0,0.0,0.0,39.05,76.8,0,0.0,0,0,18-APR-2022,
OPTSTK,POWERGRID,26-May-2022,157.5,CE,0.0,0.0,0.0,36.9,74.3,0,0.0,0,0,18-APR-2022,
OPTSTK,POWERGRID,26-May-2022,160.0,CE,0.0,0.0,0.0,34.75,71.85,0,0.0,0,0,18-APR-2022,
OPTSTK,POWERGRID,26-May-2022,162.5,CE,0.0,0.0,0.0,32.7,69.35,0,0.0,0,0,18-APR-2022,
OPTSTK,POWERGRID,26-May-2022,165.0,CE,0.0,0.0,0.0,30.65,66.85,0,0.0,0,0,18-APR-2022,
OPTSTK,POWERGRID,26-May-2022,167.5,CE,0.0,0.0,0.0,28.7,64.35,0,0.0,0,0,18-APR-2022,
OPTSTK,POWERGRID,26-May-2022,170.0,CE,0.0,0.0,0.0,26.85,61.9,0,0.0,0,0,18-APR-2022,
OPTSTK,POWERGRID,26-May-2022,172.5,CE,0.0,0.0,0.0,25.0,59.4,0,0.0,0,0,18-APR-2022,
OPTSTK,POWERGRID,26-May-2022,175.0,CE,0.0,0.0,0.0,23.25,56.95,0,0.0,0,0,18-APR-2022,
OPTSTK,POWERGRID,26-May-2022,177.5,CE,0.0,0.0,0.0,21.6,54.45,0,0.0,0,0,18-APR-2022,
OPTSTK,POWERGRID,26-May-2022,180.0,CE,0.0,0.0,0.0,20.0,52.0,0,0.0,0,0,18-APR-2022,
OPTSTK,POWERGRID,26-May-2022,182.5,CE,0.0,0.0,0.0,18.45,49.55,0,0.0,0,0,18-APR-2022,
OPTSTK,POWERGRID,26-May-2022,185.0,CE,0.0,0.0,0.0,17.0,47.1,0,0.0,0,0,18-APR-2022,
OPTSTK,POWERGRID,26-May-2022,187.5,CE,0.0,0.0,0.0,15.65,44.7,0,0.0,0,0,18-APR-2022,
OPTSTK,POWERGRID,26-May-2022,190.0,CE,0.0,0.0,0.0,14.35,42.3,0,0.0,0,0,18-APR-2022,
OPTSTK,POWERGRID,26-May-2022,192.5,CE,0.0,0.0,0.0,13.15,39.9,0,0.0,0,0,18-APR-2022,
OPTSTK,POWERGRID,26-May-2022,195.0,CE,0.0,0.0,0.0,12.0,37.6,0,0.0,0,0,18-APR-2022,
OPTSTK,POWERGRID,26-May-2022,197.5,CE,0.0,0.0,0.0,10.95,35.25,0,0.0,0,0,18-APR-2022,
OPTSTK,POWERGRID,26-May-2022,200.0,CE,0.0,0.0,0.0,10.0,33.0,0,0.0,0,0,18-APR-2022,
OPTSTK,POWERGRID,26-May-2022,202.5,CE,0.0,0.0,0.0,9.05,30.8,0,0.0,0,0,18-APR-2022,
OPTSTK,POWERGRID,26-May-2022,205.0,CE,0.0,0.0,0.0,8.2,28.65,0,0.0,0,0,18-APR-2022,
OPTSTK,POWERGRID,26-May-2022,207.5,CE,0.0,0.0,0.0,7.4,26.55,0,0.0,0,0,18-APR-2022,
OPTSTK,POWERGRID,26-May-2022,210.0,CE,0.0,0.0,0.0,6.7,24.5,0,0.0,0,0,18-APR-2022,
OPTSTK,POWERGRID,26-May-2022,212.5,CE,0.0,0.0,0.0,6.05,22.55,0,0.0,0,0,18-APR-2022,
OPTSTK,POWERGRID,26-May-2022,215.0,CE,0.0,0.0,0.0,5.45,20.7,0,0.0,0,0,18-APR-2022,
OPTSTK,POWERGRID,26-May-2022,217.5,CE,0.0,0.0,0.0,4.9,18.9,0,0.0,0,0,18-APR-2022,
OPTSTK,POWERGRID,26-May-2022,220.0,CE,0.0,0.0,0.0,11.6,17.2,0,0.0,5333,0,18-APR-2022,
OPTSTK,POWERGRID,26-May-2022,222.5,CE,0.0,0.0,0.0,3.9,15.6,0,0.0,0,0,18-APR-2022,
OPTSTK,POWERGRID,26-May-2022,225.0,CE,0.0,0.0,0.0,3.5,14.05,0,0.0,0,0,18-APR-2022,
OPTSTK,POWERGRID,26-May-2022,227.5,CE,0.0,0.0,0.0,3.1,12.65,0,0.0,0,0,18-APR-2022,
OPTSTK,POWERGRID,26-May-2022,230.0,CE,8.95,9.6,7.5,9.5,9.5,14,178.03,181322,53330,18-APR-2022,
OPTSTK,POWERGRID,26-May-2022,232.5,CE,0.0,0.0,0.0,2.45,10.1,0,0.0,0,0,18-APR-2022,
OPTSTK,POWERGRID,26-May-2022,235.0,CE,6.0,6.7,6.0,6.5,9.0,21,270.24,127992,111993,18-APR-2022,
OPTSTK,POWERGRID,26-May-2022,237.5,CE,0.0,0.0,0.0,1.9,7.95,0,0.0,0,0,18-APR-2022,
OPTSTK,POWERGRID,26-May-2022,240.0,CE,4.45,5.2,3.9,5.2,5.2,91,1186.97,1519905,53330,18-APR-2022,
OPTSTK,POWERGRID,26-May-2022,242.5,CE,0.0,0.0,0.0,1.5,6.15,0,0.0,0,0,18-APR-2022,
OPTSTK,POWERGRID,26-May-2022,245.0,CE,0.0,0.0,0.0,1.35,5.35,0,0.0,0,0,18-APR-2022,
OPTSTK,POWERGRID,26-May-2022,247.5,CE,0.0,0.0,0.0,1.15,4.7,0,0.0,0,0,18-APR-2022,
OPTSTK,POWERGRID,26-May-2022,250.0,CE,2.6,4.7,2.3,2.65,2.65,27,363.85,271983,26665,18-APR-2022,
OPTSTK,POWERGRID,26-May-2022,252.5,CE,0.0,0.0,0.0,0.9,3.5,0,0.0,0,0,18-APR-2022,
OPTSTK,POWERGRID,26-May-2022,255.0,CE,0.0,0.0,0.0,0.8,3.0,0,0.0,0,0,18-APR-2022,
OPTSTK,POWERGRID,26-May-2022,257.5,CE,0.0,0.0,0.0,0.7,2.6,0,0.0,0,0,18-APR-2022,
OPTSTK,POWERGRID,26-May-2022,260.0,CE,1.25,1.25,1.25,1.25,2.2,1,13.93,10666,5333,18-APR-2022,
OPTSTK,POWERGRID,26-May-2022,262.5,CE,0.0,0.0,0.0,0.55,1.9,0,0.0,0,0,18-APR-2022,
OPTSTK,POWERGRID,26-May-2022,265.0,CE,0.0,0.0,0.0,0.45,1.6,0,0.0,0,0,18-APR-2022,
OPTSTK,POWERGRID,26-May-2022,267.5,CE,0.0,0.0,0.0,0.4,1.35,0,0.0,0,0,18-APR-2022,
OPTSTK,POWERGRID,26-May-2022,270.0,CE,0.0,0.0,0.0,0.35,1.15,0,0.0,0,0,18-APR-2022,
OPTSTK,POWERGRID,26-May-2022,272.5,CE,0.0,0.0,0.0,0.3,0.95,0,0.0,0,0,18-APR-2022,
OPTSTK,POWERGRID,26-May-2022,275.0,CE,0.0,0.0,0.0,0.25,0.8,0,0.0,0,0,18-APR-2022,
OPTSTK,POWERGRID,26-May-2022,277.5,CE,0.0,0.0,0.0,0.35,0.65,0,0.0,0,0,18-APR-2022,
OPTSTK,POWERGRID,26-May-2022,280.0,CE,0.0,0.0,0.0,0.3,0.55,0,0.0,0,0,18-APR-2022,
OPTSTK,POWERGRID,26-May-2022,130.0,PE,0.0,0.0,0.0,0.1,0.0,0,0.0,0,0,18-APR-2022,
OPTSTK,POWERGRID,26-May-2022,132.5,PE,0.0,0.0,0.0,0.15,0.0,0,0.0,0,0,18-APR-2022,
OPTSTK,POWERGRID,26-May-2022,135.0,PE,0.0,0.0,0.0,0.2,0.0,0,0.0,0,0,18-APR-2022,
OPTSTK,POWERGRID,26-May-2022,137.5,PE,0.0,0.0,0.0,0.25,0.0,0,0.0,0,0,18-APR-2022,
OPTSTK,POWERGRID,26-May-2022,140.0,PE,0.0,0.0,0.0,0.3,0.0,0,0.0,0,0,18-APR-2022,
OPTSTK,POWERGRID,26-May-2022,142.5,PE,0.0,0.0,0.0,0.4,0.0,0,0.0,0,0,18-APR-2022,
OPTSTK,POWERGRID,26-May-2022,145.0,PE,0.0,0.0,0.0,0.55,0.0,0,0.0,0,0,18-APR-2022,
OPTSTK,POWERGRID,26-May-2022,147.5,PE,0.0,0.0,0.0,0.7,0.0,0,0.0,0,0,18-APR-2022,
OPTSTK,POWERGRID,26-May-2022,150.0,PE,0.0,0.0,0.0,0.6,0.0,0,0.0,5333,0,18-APR-2022,
OPTSTK,POWERGRID,26-May-2022,152.5,PE,0.0,0.0,0.0,1.05,0.0,0,0.0,0,0,18-APR-2022,
OPTSTK,POWERGRID,26-May-2022,155.0,PE,0.0,0.0,0.0,1.35,0.0,0,0.0,0,0,18-APR-2022,
OPTSTK,POWERGRID,26-May-2022,157.5,PE,0.0,0.0,0.0,1.65,0.0,0,0.0,0,0,18-APR-2022,
OPTSTK,POWERGRID,26-May-2022,160.0,PE,0.0,0.0,0.0,1.0,0.0,0,0.0,5333,0,18-APR-2022,
OPTSTK,POWERGRID,26-May-2022,162.5,PE,0.0,0.0,0.0,2.4,0.0,0,0.0,0,0,18-APR-2022,
OPTSTK,POWERGRID,26-May-2022,165.0,PE,0.0,0.0,0.0,2.85,0.05,0,0.0,0,0,18-APR-2022,
OPTSTK,POWERGRID,26-May-2022,167.5,PE,0.0,0.0,0.0,3.35,0.05,0,0.0,0,0,18-APR-2022,
OPTSTK,POWERGRID,26-May-2022,170.0,PE,0.0,0.0,0.0,3.95,0.05,0,0.0,0,0,18-APR-2022,
OPTSTK,POWERGRID,26-May-2022,172.5,PE,0.0,0.0,0.0,4.6,0.05,0,0.0,0,0,18-APR-2022,
OPTSTK,POWERGRID,26-May-2022,175.0,PE,0.0,0.0,0.0,5.35,0.05,0,0.0,0,0,18-APR-2022,
OPTSTK,POWERGRID,26-May-2022,177.5,PE,0.0,0.0,0.0,6.15,0.1,0,0.0,0,0,18-APR-2022,
OPTSTK,POWERGRID,26-May-2022,180.0,PE,0.0,0.0,0.0,7.0,0.1,0,0.0,0,0,18-APR-2022,
OPTSTK,POWERGRID,26-May-2022,182.5,PE,0.0,0.0,0.0,7.95,0.15,0,0.0,0,0,18-APR-2022,
OPTSTK,POWERGRID,26-May-2022,185.0,PE,0.0,0.0,0.0,9.0,0.2,0,0.0,0,0,18-APR-2022,
OPTSTK,POWERGRID,26-May-2022,187.5,PE,0.0,0.0,0.0,10.1,0.25,0,0.0,0,0,18-APR-2022,
OPTSTK,POWERGRID,26-May-2022,190.0,PE,0.0,0.0,0.0,11.3,0.35,0,0.0,0,0,18-APR-2022,
OPTSTK,POWERGRID,26-May-2022,192.5,PE,0.0,0.0,0.0,12.55,0.45,0,0.0,0,0,18-APR-2022,
OPTSTK,POWERGRID,26-May-2022,195.0,PE,0.0,0.0,0.0,13.9,0.6,0,0.0,0,0,18-APR-2022,
OPTSTK,POWERGRID,26-May-2022,197.5,PE,0.0,0.0,0.0,15.3,0.8,0,0.0,0,0,18-APR-2022,
OPTSTK,POWERGRID,26-May-2022,200.0,PE,0.85,0.85,0.8,0.85,0.85,2,21.41,149324,0,18-APR-2022,
OPTSTK,POWERGRID,26-May-2022,202.5,PE,0.0,0.0,0.0,18.35,1.3,0,0.0,0,0,18-APR-2022,
OPTSTK,POWERGRID,26-May-2022,205.0,PE,0.0,0.0,0.0,19.95,1.65,0,0.0,0,0,18-APR-2022,
OPTSTK,POWERGRID,26-May-2022,207.5,PE,0.0,0.0,0.0,21.65,2.0,0,0.0,0,0,18-APR-2022,
OPTSTK,POWERGRID,26-May-2022,210.0,PE,1.4,1.4,1.4,1.4,2.5,1,11.27,5333,5333,18-APR-2022,
OPTSTK,POWERGRID,26-May-2022,212.5,PE,0.0,0.0,0.0,25.2,3.0,0,0.0,0,0,18-APR-2022,
OPTSTK,POWERGRID,26-May-2022,215.0,PE,0.0,0.0,0.0,27.1,3.65,0,0.0,0,0,18-APR-2022,
OPTSTK,POWERGRID,26-May-2022,217.5,PE,0.0,0.0,0.0,29.0,4.35,0,0.0,0,0,18-APR-2022,
OPTSTK,POWERGRID,26-May-2022,220.0,PE,3.25,3.25,3.0,3.0,3.0,4,47.58,122659,10666,18-APR-2022,
OPTSTK,POWERGRID,26-May-2022,222.5,PE,0.0,0.0,0.0,32.95,6.0,0,0.0,0,0,18-APR-2022,
OPTSTK,POWERGRID,26-May-2022,225.0,PE,0.0,0.0,0.0,35.05,6.95,0,0.0,0,0,18-APR-2022,
OPTSTK,POWERGRID,26-May-2022,227.5,PE,0.0,0.0,0.0,37.1,8.05,0,0.0,0,0,18-APR-2022,
OPTSTK,POWERGRID,26-May-2022,230.0,PE,7.15,7.15,7.0,7.0,9.2,10,126.42,63996,47997,18-APR-2022,
OPTSTK,POWERGRID,26-May-2022,232.5,PE,0.0,0.0,0.0,41.4,10.5,0,0.0,0,0,18-APR-2022,
OPTSTK,POWERGRID,26-May-2022,235.0,PE,6.25,9.1,6.25,9.1,11.85,2,25.88,5333,5333,18-APR-2022,
OPTSTK,POWERGRID,26-May-2022,237.5,PE,0.0,0.0,0.0,45.85,13.3,0,0.0,0,0,18-APR-2022,
OPTSTK,POWERGRID,26-May-2022,240.0,PE,0.0,0.0,0.0,48.1,14.85,0,0.0,0,0,18-APR-2022,
OPTSTK,POWERGRID,26-May-2022,242.5,PE,0.0,0.0,0.0,50.35,16.45,0,0.0,0,0,18-APR-2022,
OPTSTK,POWERGRID,26-May-2022,245.0,PE,0.0,0.0,0.0,52.65,18.2,0,0.0,0,0,18-APR-2022,
OPTSTK,POWERGRID,26-May-2022,247.5,PE,0.0,0.0,0.0,55.0,20.0,0,0.0,0,0,18-APR-2022,
OPTSTK,POWERGRID,26-May-2022,250.0,PE,0.0,0.0,0.0,57.3,21.85,0,0.0,0,0,18-APR-2022,
OPTSTK,POWERGRID,26-May-2022,252.5,PE,0.0,0.0,0.0,59.65,23.8,0,0.0,0,0,18-APR-2022,
OPTSTK,POWERGRID,26-May-2022,255.0,PE,0.0,0.0,0.0,62.0,25.8,0,0.0,0,0,18-APR-2022,
OPTSTK,POWERGRID,26-May-2022,257.5,PE,0.0,0.0,0.0,64.4,27.85,0,0.0,0,0,18-APR-2022,
OPTSTK,POWERGRID,26-May-2022,260.0,PE,0.0,0.0,0.0,66.8,29.95,0,0.0,0,0,18-APR-2022,
OPTSTK,POWERGRID,26-May-2022,262.5,PE,0.0,0.0,0.0,69.2,32.15,0,0.0,0,0,18-APR-2022,
OPTSTK,POWERGRID,26-May-2022,265.0,PE,0.0,0.0,0.0,71.6,34.35,0,0.0,0,0,18-APR-2022,
OPTSTK,POWERGRID,26-May-2022,267.5,PE,0.0,0.0,0.0,74.0,36.55,0,0.0,0,0,18-APR-2022,
OPTSTK,POWERGRID,26-May-2022,270.0,PE,0.0,0.0,0.0,76.45,38.85,0,0.0,0,0,18-APR-2022,
OPTSTK,POWERGRID,26-May-2022,272.5,PE,0.0,0.0,0.0,78.85,41.15,0,0.0,0,0,18-APR-2022,
OPTSTK,POWERGRID,26-May-2022,275.0,PE,0.0,0.0,0.0,81.3,43.5,0,0.0,0,0,18-APR-2022,
OPTSTK,POWERGRID,26-May-2022,277.5,PE,0.0,0.0,0.0,77.75,45.85,0,0.0,0,0,18-APR-2022,
OPTSTK,POWERGRID,26-May-2022,280.0,PE,0.0,0.0,0.0,80.2,48.2,0,0.0,0,0,18-APR-2022,
OPTSTK,POWERGRID,30-Jun-2022,132.5,CE,0.0,0.0,0.0,85.75,99.75,0,0.0,0,0,18-APR-2022,
OPTSTK,POWERGRID,30-Jun-2022,135.0,CE,0.0,0.0,0.0,83.25,97.25,0,0.0,0,0,18-APR-2022,
OPTSTK,POWERGRID,30-Jun-2022,137.5,CE,0.0,0.0,0.0,80.8,94.8,0,0.0,0,0,18-APR-2022,
OPTSTK,POWERGRID,30-Jun-2022,140.0,CE,0.0,0.0,0.0,78.35,92.3,0,0.0,0,0,18-APR-2022,
OPTSTK,POWERGRID,30-Jun-2022,142.5,CE,0.0,0.0,0.0,75.9,89.85,0,0.0,0,0,18-APR-2022,
OPTSTK,POWERGRID,30-Jun-2022,145.0,CE,0.0,0.0,0.0,73.45,87.35,0,0.0,0,0,18-APR-2022,
OPTSTK,POWERGRID,30-Jun-2022,147.5,CE,0.0,0.0,0.0,71.0,84.9,0,0.0,0,0,18-APR-2022,
OPTSTK,POWERGRID,30-Jun-2022,150.0,CE,0.0,0.0,0.0,68.55,82.4,0,0.0,0,0,18-APR-2022,
OPTSTK,POWERGRID,30-Jun-2022,152.5,CE,0.0,0.0,0.0,66.15,79.95,0,0.0,0,0,18-APR-2022,
OPTSTK,POWERGRID,30-Jun-2022,155.0,CE,0.0,0.0,0.0,63.7,77.45,0,0.0,0,0,18-APR-2022,
OPTSTK,POWERGRID,30-Jun-2022,157.5,CE,0.0,0.0,0.0,61.3,75.0,0,0.0,0,0,18-APR-2022,
OPTSTK,POWERGRID,30-Jun-2022,160.0,CE,0.0,0.0,0.0,58.95,72.55,0,0.0,0,0,18-APR-2022,
OPTSTK,POWERGRID,30-Jun-2022,162.5,CE,0.0,0.0,0.0,56.6,70.1,0,0.0,0,0,18-APR-2022,
OPTSTK,POWERGRID,30-Jun-2022,165.0,CE,0.0,0.0,0.0,54.25,67.65,0,0.0,0,0,18-APR-2022,
OPTSTK,POWERGRID,30-Jun-2022,167.5,CE,0.0,0.0,0.0,51.95,65.2,0,0.0,0,0,18-APR-2022,
OPTSTK,POWERGRID,30-Jun-2022,170.0,CE,0.0,0.0,0.0,49.65,62.8,0,0.0,0,0,18-APR-2022,
OPTSTK,POWERGRID,30-Jun-2022,172.5,CE,0.0,0.0,0.0,47.4,60.4,0,0.0,0,0,18-APR-2022,
OPTSTK,POWERGRID,30-Jun-2022,175.0,CE,0.0,0.0,0.0,45.2,58.0,0,0.0,0,0,18-APR-2022,
OPTSTK,POWERGRID,30-Jun-2022,177.5,CE,0.0,0.0,0.0,43.0,55.6,0,0.0,0,0,18-APR-2022,
OPTSTK,POWERGRID,30-Jun-2022,180.0,CE,0.0,0.0,0.0,40.85,53.25,0,0.0,0,0,18-APR-2022,
OPTSTK,POWERGRID,30-Jun-2022,182.5,CE,0.0,0.0,0.0,38.8,50.95,0,0.0,0,0,18-APR-2022,
OPTSTK,POWERGRID,30-Jun-2022,185.0,CE,0.0,0.0,0.0,36.75,48.65,0,0.0,0,0,18-APR-2022,
OPTSTK,POWERGRID,30-Jun-2022,187.5,CE,0.0,0.0,0.0,34.75,46.35,0,0.0,0,0,18-APR-2022,
OPTSTK,POWERGRID,30-Jun-2022,190.0,CE,0.0,0.0,0.0,32.85,44.15,0,0.0,0,0,18-APR-2022,
OPTSTK,POWERGRID,30-Jun-2022,192.5,CE,0.0,0.0,0.0,30.95,41.95,0,0.0,0,0,18-APR-2022,
OPTSTK,POWERGRID,30-Jun-2022,195.0,CE,0.0,0.0,0.0,29.15,39.8,0,0.0,0,0,18-APR-2022,
OPTSTK,POWERGRID,30-Jun-2022,197.5,CE,0.0,0.0,0.0,27.4,37.65,0,0.0,0,0,18-APR-2022,
OPTSTK,POWERGRID,30-Jun-2022,200.0,CE,0.0,0.0,0.0,25.7,35.6,0,0.0,0,0,18-APR-2022,
OPTSTK,POWERGRID,30-Jun-2022,202.5,CE,0.0,0.0,0.0,24.05,33.6,0,0.0,0,0,18-APR-2022,
OPTSTK,POWERGRID,30-Jun-2022,205.0,CE,0.0,0.0,0.0,22.5,31.65,0,0.0,0,0,18-APR-2022,
OPTSTK,POWERGRID,30-Jun-2022,207.5,CE,0.0,0.0,0.0,21.0,29.75,0,0.0,0,0,18-APR-2022,
OPTSTK,POWERGRID,30-Jun-2022,210.0,CE,0.0,0.0,0.0,19.6,27.95,0,0.0,0,0,18-APR-2022,
OPTSTK,POWERGRID,30-Jun-2022,212.5,CE,0.0,0.0,0.0,18.2,26.2,0,0.0,0,0,18-APR-2022,
OPTSTK,POWERGRID,30-Jun-2022,215.0,CE,0.0,0.0,0.0,16.9,24.45,0,0.0,0,0,18-APR-2022,
OPTSTK,POWERGRID,30-Jun-2022,217.5,CE,0.0,0.0,0.0,15.7,22.85,0,0.0,0,0,18-APR-2022,
OPTSTK,POWERGRID,30-Jun-2022,220.0,CE,0.0,0.0,0.0,14.55,21.25,0,0.0,0,0,18-APR-2022,
OPTSTK,POWERGRID,30-Jun-2022,222.5,CE,0.0,0.0,0.0,13.45,19.8,0,0.0,0,0,18-APR-2022,
OPTSTK,POWERGRID,30-Jun-2022,225.0,CE,0.0,0.0,0.0,12.4,18.35,0,0.0,0,0,18-APR-2022,
OPTSTK,POWERGRID,30-Jun-2022,227.5,CE,0.0,0.0,0.0,11.45,17.0,0,0.0,0,0,18-APR-2022,
OPTSTK,POWERGRID,30-Jun-2022,230.0,CE,0.0,0.0,0.0,10.5,15.7,0,0.0,0,0,18-APR-2022,
OPTSTK,POWERGRID,30-Jun-2022,232.5,CE,0.0,0.0,0.0,9.65,14.5,0,0.0,0,0,18-APR-2022,
OPTSTK,POWERGRID,30-Jun-2022,235.0,CE,0.0,0.0,0.0,8.85,13.35,0,0.0,0,0,18-APR-2022,
OPTSTK,POWERGRID,30-Jun-2022,237.5,CE,0.0,0.0,0.0,8.15,12.3,0,0.0,0,0,18-APR-2022,
OPTSTK,POWERGRID,30-Jun-2022,240.0,CE,0.0,0.0,0.0,7.45,11.25,0,0.0,0,0,18-APR-2022,
OPTSTK,POWERGRID,30-Jun-2022,242.5,CE,0.0,0.0,0.0,6.8,10.35,0,0.0,0,0,18-APR-2022,
OPTSTK,POWERGRID,30-Jun-2022,245.0,CE,0.0,0.0,0.0,6.2,9.45,0,0.0,0,0,18-APR-2022,
OPTSTK,POWERGRID,30-Jun-2022,247.5,CE,0.0,0.0,0.0,5.65,8.6,0,0.0,0,0,18-APR-2022,
OPTSTK,POWERGRID,30-Jun-2022,250.0,CE,0.0,0.0,0.0,5.15,7.85,0,0.0,0,0,18-APR-2022,
OPTSTK,POWERGRID,30-Jun-2022,252.5,CE,0.0,0.0,0.0,4.65,7.15,0,0.0,0,0,18-APR-2022,
OPTSTK,POWERGRID,30-Jun-2022,255.0,CE,0.0,0.0,0.0,4.25,6.5,0,0.0,0,0,18-APR-2022,
OPTSTK,POWERGRID,30-Jun-2022,257.5,CE,0.0,0.0,0.0,3.85,5.9,0,0.0,0,0,18-APR-2022,
OPTSTK,POWERGRID,30-Jun-2022,260.0,CE,0.0,0.0,0.0,3.5,5.35,0,0.0,0,0,18-APR-2022,
OPTSTK,POWERGRID,30-Jun-2022,262.5,CE,0.0,0.0,0.0,3.15,4.8,0,0.0,0,0,18-APR-2022,
OPTSTK,POWERGRID,30-Jun-2022,265.0,CE,0.0,0.0,0.0,2.85,4.35,0,0.0,0,0,18-APR-2022,
OPTSTK,POWERGRID,30-Jun-2022,267.5,CE,0.0,0.0,0.0,2.55,3.9,0,0.0,0,0,18-APR-2022,
OPTSTK,POWERGRID,30-Jun-2022,270.0,CE,0.0,0.0,0.0,2.3,3.5,0,0.0,0,0,18-APR-2022,
OPTSTK,POWERGRID,30-Jun-2022,272.5,CE,0.0,0.0,0.0,2.1,3.15,0,0.0,0,0,18-APR-2022,
OPTSTK,POWERGRID,30-Jun-2022,275.0,CE,0.0,0.0,0.0,1.85,2.85,0,0.0,0,0,18-APR-2022,
OPTSTK,POWERGRID,30-Jun-2022,277.5,CE,0.0,0.0,0.0,1.7,2.55,0,0.0,0,0,18-APR-2022,
OPTSTK,POWERGRID,30-Jun-2022,280.0,CE,0.0,0.0,0.0,1.5,2.25,0,0.0,0,0,18-APR-2022,
OPTSTK,POWERGRID,30-Jun-2022,132.5,PE,0.0,0.0,0.0,0.05,0.0,0,0.0,0,0,18-APR-2022,
OPTSTK,POWERGRID,30-Jun-2022,135.0,PE,0.0,0.0,0.0,0.05,0.0,0,0.0,0,0,18-APR-2022,
OPTSTK,POWERGRID,30-Jun-2022,137.5,PE,0.0,0.0,0.0,0.05,0.0,0,0.0,0,0,18-APR-2022,
OPTSTK,POWERGRID,30-Jun-2022,140.0,PE,0.0,0.0,0.0,0.05,0.0,0,0.0,0,0,18-APR-2022,
OPTSTK,POWERGRID,30-Jun-2022,142.5,PE,0.0,0.0,0.0,0.1,0.05,0,0.0,0,0,18-APR-2022,
OPTSTK,POWERGRID,30-Jun-2022,145.0,PE,0.0,0.0,0.0,0.1,0.05,0,0.0,0,0,18-APR-2022,
OPTSTK,POWERGRID,30-Jun-2022,147.5,PE,0.0,0.0,0.0,0.15,0.05,0,0.0,0,0,18-APR-2022,
OPTSTK,POWERGRID,30-Jun-2022,150.0,PE,0.0,0.0,0.0,0.15,0.05,0,0.0,0,0,18-APR-2022,
OPTSTK,POWERGRID,30-Jun-2022,152.5,PE,0.0,0.0,0.0,0.2,0.05,0,0.0,0,0,18-APR-2022,
OPTSTK,POWERGRID,30-Jun-2022,155.0,PE,0.0,0.0,0.0,0.3,0.05,0,0.0,0,0,18-APR-2022,
OPTSTK,POWERGRID,30-Jun-2022,157.5,PE,0.0,0.0,0.0,0.35,0.05,0,0.0,0,0,18-APR-2022,
OPTSTK,POWERGRID,30-Jun-2022,160.0,PE,0.0,0.0,0.0,0.45,0.1,0,0.0,0,0,18-APR-2022,
OPTSTK,POWERGRID,30-Jun-2022,162.5,PE,0.0,0.0,0.0,0.55,0.1,0,0.0,0,0,18-APR-2022,
OPTSTK,POWERGRID,30-Jun-2022,165.0,PE,0.0,0.0,0.0,0.7,0.15,0,0.0,0,0,18-APR-2022,
OPTSTK,POWERGRID,30-Jun-2022,167.5,PE,0.0,0.0,0.0,0.85,0.2,0,0.0,0,0,18-APR-2022,
OPTSTK,POWERGRID,30-Jun-2022,170.0,PE,0.0,0.0,0.0,1.05,0.25,0,0.0,0,0,18-APR-2022,
OPTSTK,POWERGRID,30-Jun-2022,172.5,PE,0.0,0.0,0.0,1.3,0.3,0,0.0,0,0,18-APR-2022,
OPTSTK,POWERGRID,30-Jun-2022,175.0,PE,0.0,0.0,0.0,1.55,0.4,0,0.0,0,0,18-APR-2022,
OPTSTK,POWERGRID,30-Jun-2022,177.5,PE,0.0,0.0,0.0,1.85,0.5,0,0.0,0,0,18-APR-2022,
OPTSTK,POWERGRID,30-Jun-2022,180.0,PE,0.0,0.0,0.0,2.2,0.65,0,0.0,0,0,18-APR-2022,
OPTSTK,POWERGRID,30-Jun-2022,182.5,PE,0.0,0.0,0.0,2.55,0.8,0,0.0,0,0,18-APR-2022,
OPTSTK,POWERGRID,30-Jun-2022,185.0,PE,0.0,0.0,0.0,3.0,0.95,0,0.0,0,0,18-APR-2022,
OPTSTK,POWERGRID,30-Jun-2022,187.5,PE,0.0,0.0,0.0,3.5,1.15,0,0.0,0,0,18-APR-2022,
OPTSTK,POWERGRID,30-Jun-2022,190.0,PE,0.0,0.0,0.0,4.05,1.4,0,0.0,0,0,18-APR-2022,
OPTSTK,POWERGRID,30-Jun-2022,192.5,PE,0.0,0.0,0.0,4.65,1.7,0,0.0,0,0,18-APR-2022,
OPTSTK,POWERGRID,30-Jun-2022,195.0,PE,0.0,0.0,0.0,5.3,2.05,0,0.0,0,0,18-APR-2022,
OPTSTK,POWERGRID,30-Jun-2022,197.5,PE,0.0,0.0,0.0,6.0,2.4,0,0.0,0,0,18-APR-2022,
OPTSTK,POWERGRID,30-Jun-2022,200.0,PE,0.0,0.0,0.0,6.8,2.8,0,0.0,0,0,18-APR-2022,
OPTSTK,POWERGRID,30-Jun-2022,202.5,PE,0.0,0.0,0.0,7.65,3.3,0,0.0,0,0,18-APR-2022,
OPTSTK,POWERGRID,30-Jun-2022,205.0,PE,0.0,0.0,0.0,8.55,3.8,0,0.0,0,0,18-APR-2022,
OPTSTK,POWERGRID,30-Jun-2022,207.5,PE,0.0,0.0,0.0,9.5,4.4,0,0.0,0,0,18-APR-2022,
OPTSTK,POWERGRID,30-Jun-2022,210.0,PE,0.0,0.0,0.0,10.55,5.05,0,0.0,0,0,18-APR-2022,
OPTSTK,POWERGRID,30-Jun-2022,212.5,PE,0.0,0.0,0.0,11.7,5.8,0,0.0,0,0,18-APR-2022,
OPTSTK,POWERGRID,30-Jun-2022,215.0,PE,0.0,0.0,0.0,12.85,6.55,0,0.0,0,0,18-APR-2022,
OPTSTK,POWERGRID,30-Jun-2022,217.5,PE,0.0,0.0,0.0,14.1,7.4,0,0.0,0,0,18-APR-2022,
OPTSTK,POWERGRID,30-Jun-2022,220.0,PE,0.0,0.0,0.0,15.4,8.3,0,0.0,0,0,18-APR-2022,
OPTSTK,POWERGRID,30-Jun-2022,222.5,PE,0.0,0.0,0.0,16.8,9.3,0,0.0,0,0,18-APR-2022,
OPTSTK,POWERGRID,30-Jun-2022,225.0,PE,0.0,0.0,0.0,18.25,10.35,0,0.0,0,0,18-APR-2022,
OPTSTK,POWERGRID,30-Jun-2022,227.5,PE,0.0,0.0,0.0,19.75,11.5,0,0.0,0,0,18-APR-2022,
OPTSTK,POWERGRID,30-Jun-2022,230.0,PE,0.0,0.0,0.0,21.3,12.65,0,0.0,0,0,18-APR-2022,
OPTSTK,POWERGRID,30-Jun-2022,232.5,PE,0.0,0.0,0.0,22.9,13.95,0,0.0,0,0,18-APR-2022,
OPTSTK,POWERGRID,30-Jun-2022,235.0,PE,0.0,0.0,0.0,24.6,15.25,0,0.0,0,0,18-APR-2022,
OPTSTK,POWERGRID,30-Jun-2022,237.5,PE,0.0,0.0,0.0,26.35,16.65,0,0.0,0,0,18-APR-2022,
OPTSTK,POWERGRID,30-Jun-2022,240.0,PE,0.0,0.0,0.0,28.1,18.15,0,0.0,0,0,18-APR-2022,
OPTSTK,POWERGRID,30-Jun-2022,242.5,PE,0.0,0.0,0.0,29.95,19.65,0,0.0,0,0,18-APR-2022,
OPTSTK,POWERGRID,30-Jun-2022,245.0,PE,0.0,0.0,0.0,31.85,21.25,0,0.0,0,0,18-APR-2022,
OPTSTK,POWERGRID,30-Jun-2022,247.5,PE,0.0,0.0,0.0,33.75,22.9,0,0.0,0,0,18-APR-2022,
OPTSTK,POWERGRID,30-Jun-2022,250.0,PE,0.0,0.0,0.0,35.7,24.65,0,0.0,0,0,18-APR-2022,
OPTSTK,POWERGRID,30-Jun-2022,252.5,PE,0.0,0.0,0.0,37.7,26.4,0,0.0,0,0,18-APR-2022,
OPTSTK,POWERGRID,30-Jun-2022,255.0,PE,0.0,0.0,0.0,39.75,28.25,0,0.0,0,0,18-APR-2022,
OPTSTK,POWERGRID,30-Jun-2022,257.5,PE,0.0,0.0,0.0,41.85,30.1,0,0.0,0,0,18-APR-2022,
OPTSTK,POWERGRID,30-Jun-2022,260.0,PE,0.0,0.0,0.0,43.95,32.05,0,0.0,0,0,18-APR-2022,
OPTSTK,POWERGRID,30-Jun-2022,262.5,PE,0.0,0.0,0.0,46.1,34.0,0,0.0,0,0,18-APR-2022,
OPTSTK,POWERGRID,30-Jun-2022,265.0,PE,0.0,0.0,0.0,48.25,36.0,0,0.0,0,0,18-APR-2022,
OPTSTK,POWERGRID,30-Jun-2022,267.5,PE,0.0,0.0,0.0,50.45,38.05,0,0.0,0,0,18-APR-2022,
OPTSTK,POWERGRID,30-Jun-2022,270.0,PE,0.0,0.0,0.0,52.65,40.15,0,0.0,0,0,18-APR-2022,
OPTSTK,POWERGRID,30-Jun-2022,272.5,PE,0.0,0.0,0.0,54.9,42.25,0,0.0,0,0,18-APR-2022,
OPTSTK,POWERGRID,30-Jun-2022,275.0,PE,0.0,0.0,0.0,57.2,44.4,0,0.0,0,0,18-APR-2022,
OPTSTK,POWERGRID,30-Jun-2022,277.5,PE,0.0,0.0,0.0,59.45,46.6,0,0.0,0,0,18-APR-2022,
OPTSTK,POWERGRID,30-Jun-2022,280.0,PE,0.0,0.0,0.0,61.75,48.8,0,0.0,0,0,18-APR-2022,
OPTSTK,PVR,28-Apr-2022,980.0,CE,0.0,0.0,0.0,571.0,846.5,0,0.0,0,0,18-APR-2022,
OPTSTK,PVR,28-Apr-2022,1000.0,CE,0.0,0.0,0.0,552.25,826.55,0,0.0,0,0,18-APR-2022,
OPTSTK,PVR,28-Apr-2022,1020.0,CE,0.0,0.0,0.0,533.65,806.55,0,0.0,0,0,18-APR-2022,
OPTSTK,PVR,28-Apr-2022,1040.0,CE,0.0,0.0,0.0,515.3,786.6,0,0.0,0,0,18-APR-2022,
OPTSTK,PVR,28-Apr-2022,1060.0,CE,0.0,0.0,0.0,497.1,766.6,0,0.0,0,0,18-APR-2022,
OPTSTK,PVR,28-Apr-2022,1080.0,CE,0.0,0.0,0.0,479.2,746.65,0,0.0,0,0,18-APR-2022,
OPTSTK,PVR,28-Apr-2022,1100.0,CE,0.0,0.0,0.0,461.5,726.65,0,0.0,0,0,18-APR-2022,
OPTSTK,PVR,28-Apr-2022,1120.0,CE,0.0,0.0,0.0,444.1,706.7,0,0.0,0,0,18-APR-2022,
OPTSTK,PVR,28-Apr-2022,1140.0,CE,0.0,0.0,0.0,426.95,686.7,0,0.0,0,0,18-APR-2022,
OPTSTK,PVR,28-Apr-2022,1160.0,CE,0.0,0.0,0.0,410.15,666.75,0,0.0,0,0,18-APR-2022,
OPTSTK,PVR,28-Apr-2022,1180.0,CE,0.0,0.0,0.0,393.65,646.75,0,0.0,0,0,18-APR-2022,
OPTSTK,PVR,28-Apr-2022,1200.0,CE,0.0,0.0,0.0,377.45,626.75,0,0.0,0,0,18-APR-2022,
OPTSTK,PVR,28-Apr-2022,1220.0,CE,0.0,0.0,0.0,361.65,606.8,0,0.0,0,0,18-APR-2022,
OPTSTK,PVR,28-Apr-2022,1240.0,CE,0.0,0.0,0.0,346.15,586.8,0,0.0,0,0,18-APR-2022,
OPTSTK,PVR,28-Apr-2022,1260.0,CE,0.0,0.0,0.0,331.05,566.85,0,0.0,0,0,18-APR-2022,
OPTSTK,PVR,28-Apr-2022,1280.0,CE,0.0,0.0,0.0,316.4,546.85,0,0.0,0,0,18-APR-2022,
OPTSTK,PVR,28-Apr-2022,1300.0,CE,0.0,0.0,0.0,302.1,526.9,0,0.0,0,0,18-APR-2022,
OPTSTK,PVR,28-Apr-2022,1320.0,CE,0.0,0.0,0.0,288.2,506.9,0,0.0,0,0,18-APR-2022,
OPTSTK,PVR,28-Apr-2022,1340.0,CE,0.0,0.0,0.0,274.65,486.95,0,0.0,0,0,18-APR-2022,
OPTSTK,PVR,28-Apr-2022,1360.0,CE,0.0,0.0,0.0,261.5,466.95,0,0.0,0,0,18-APR-2022,
OPTSTK,PVR,28-Apr-2022,1380.0,CE,0.0,0.0,0.0,248.85,447.0,0,0.0,0,0,18-APR-2022,
OPTSTK,PVR,28-Apr-2022,1400.0,CE,0.0,0.0,0.0,445.0,427.0,0,0.0,4884,0,18-APR-2022,
OPTSTK,PVR,28-Apr-2022,1420.0,CE,0.0,0.0,0.0,224.8,407.05,0,0.0,0,0,18-APR-2022,
OPTSTK,PVR,28-Apr-2022,1440.0,CE,0.0,0.0,0.0,213.4,387.1,0,0.0,0,0,18-APR-2022,
OPTSTK,PVR,28-Apr-2022,1460.0,CE,0.0,0.0,0.0,202.45,367.2,0,0.0,0,0,18-APR-2022,
OPTSTK,PVR,28-Apr-2022,1480.0,CE,0.0,0.0,0.0,191.9,347.3,0,0.0,0,0,18-APR-2022,
OPTSTK,PVR,28-Apr-2022,1500.0,CE,329.0,329.0,329.0,329.0,329.0,1,7.44,814,-407,18-APR-2022,
OPTSTK,PVR,28-Apr-2022,1520.0,CE,0.0,0.0,0.0,172.0,307.75,0,0.0,0,0,18-APR-2022,
OPTSTK,PVR,28-Apr-2022,1540.0,CE,0.0,0.0,0.0,162.7,288.1,0,0.0,0,0,18-APR-2022,
OPTSTK,PVR,28-Apr-2022,1560.0,CE,0.0,0.0,0.0,153.75,268.65,0,0.0,0,0,18-APR-2022,
OPTSTK,PVR,28-Apr-2022,1580.0,CE,0.0,0.0,0.0,145.2,249.35,0,0.0,0,0,18-APR-2022,
OPTSTK,PVR,28-Apr-2022,1600.0,CE,255.0,255.0,225.0,234.5,234.5,3,22.44,2035,407,18-APR-2022,
OPTSTK,PVR,28-Apr-2022,1620.0,CE,0.0,0.0,0.0,129.25,211.75,0,0.0,0,0,18-APR-2022,
OPTSTK,PVR,28-Apr-2022,1640.0,CE,0.0,0.0,0.0,121.85,193.55,0,0.0,0,0,18-APR-2022,
OPTSTK,PVR,28-Apr-2022,1660.0,CE,0.0,0.0,0.0,114.8,175.9,0,0.0,0,0,18-APR-2022,
OPTSTK,PVR,28-Apr-2022,1680.0,CE,0.0,0.0,0.0,108.05,158.85,0,0.0,0,0,18-APR-2022,
OPTSTK,PVR,28-Apr-2022,1700.0,CE,153.6,153.6,143.75,151.0,142.5,6,45.17,10175,407,18-APR-2022,
OPTSTK,PVR,28-Apr-2022,1720.0,CE,0.0,0.0,0.0,227.1,126.95,0,0.0,407,0,18-APR-2022,
OPTSTK,PVR,28-Apr-2022,1740.0,CE,0.0,0.0,0.0,122.0,112.25,0,0.0,814,0,18-APR-2022,
OPTSTK,PVR,28-Apr-2022,1760.0,CE,0.0,0.0,0.0,84.35,98.55,0,0.0,0,0,18-APR-2022,
OPTSTK,PVR,28-Apr-2022,1780.0,CE,0.0,0.0,0.0,194.75,85.85,0,0.0,0,0,18-APR-2022,
OPTSTK,PVR,28-Apr-2022,1800.0,CE,103.6,114.2,65.55,73.95,73.95,456,3488.51,62678,21978,18-APR-2022,
OPTSTK,PVR,28-Apr-2022,1820.0,CE,63.4,78.85,56.0,63.1,63.1,139,1066.91,16280,6919,18-APR-2022,
OPTSTK,PVR,28-Apr-2022,1840.0,CE,56.4,69.9,47.45,53.45,53.45,815,6302.73,41514,22792,18-APR-2022,
OPTSTK,PVR,28-Apr-2022,1860.0,CE,80.0,80.0,39.9,45.6,45.6,801,6231.02,57387,47212,18-APR-2022,
OPTSTK,PVR,28-Apr-2022,1880.0,CE,96.05,96.05,34.9,38.55,38.55,642,5023.35,67969,29711,18-APR-2022,
OPTSTK,PVR,28-Apr-2022,1900.0,CE,70.0,73.55,27.75,32.65,32.65,3065,24166.38,537647,135531,18-APR-2022,
OPTSTK,PVR,28-Apr-2022,1920.0,CE,52.55,52.6,24.0,28.15,28.15,979,7776.73,192104,1221,18-APR-2022,
OPTSTK,PVR,28-Apr-2022,1940.0,CE,47.0,47.05,20.0,23.85,23.85,1317,10543.73,219373,-45991,18-APR-2022,
OPTSTK,PVR,28-Apr-2022,1960.0,CE,53.95,53.95,16.95,20.7,20.7,819,6610.11,147741,-8954,18-APR-2022,
OPTSTK,PVR,28-Apr-2022,1980.0,CE,37.05,37.05,13.8,17.9,17.9,535,4354.45,67155,-4477,18-APR-2022,
OPTSTK,PVR,28-Apr-2022,2000.0,CE,25.2,29.15,11.85,15.4,15.4,2964,24325.68,746438,34595,18-APR-2022,
OPTSTK,PVR,28-Apr-2022,2020.0,CE,30.0,30.0,10.55,13.45,13.45,533,4414.08,65120,-5698,18-APR-2022,
OPTSTK,PVR,28-Apr-2022,2040.0,CE,16.0,17.05,9.0,12.1,12.1,461,3851.45,43142,-17501,18-APR-2022,
OPTSTK,PVR,28-Apr-2022,2060.0,CE,13.2,14.4,1.4,10.35,10.35,282,2376.79,43142,8547,18-APR-2022,
OPTSTK,PVR,28-Apr-2022,2080.0,CE,3.3,12.1,3.3,8.3,8.3,30,255.17,8547,2035,18-APR-2022,
OPTSTK,PVR,28-Apr-2022,2100.0,CE,20.85,20.9,5.6,8.65,8.65,2069,17757.5,460724,63085,18-APR-2022,
OPTSTK,PVR,28-Apr-2022,2120.0,CE,1.25,9.8,1.25,7.65,7.65,65,562.79,18315,5698,18-APR-2022,
OPTSTK,PVR,28-Apr-2022,2140.0,CE,4.05,9.0,0.5,6.7,6.7,263,2298.09,45584,-3663,18-APR-2022,
OPTSTK,PVR,28-Apr-2022,2160.0,CE,0.3,7.8,0.3,5.8,5.8,67,590.67,11396,-2442,18-APR-2022,
OPTSTK,PVR,28-Apr-2022,2180.0,CE,13.8,13.8,3.35,3.35,0.95,2,17.81,1221,407,18-APR-2022,
OPTSTK,PVR,28-Apr-2022,2200.0,CE,11.8,11.8,3.85,4.8,4.8,1210,10859.54,256410,5698,18-APR-2022,
OPTSTK,PVR,28-Apr-2022,2220.0,CE,5.35,6.15,3.6,4.3,4.3,240,2172.9,11803,3256,18-APR-2022,
OPTSTK,PVR,28-Apr-2022,2240.0,CE,5.0,5.7,3.45,4.05,4.05,171,1561.99,12617,814,18-APR-2022,
OPTSTK,PVR,28-Apr-2022,2260.0,CE,6.25,6.25,2.75,3.35,3.35,434,3998.71,138380,8547,18-APR-2022,
OPTSTK,PVR,28-Apr-2022,980.0,PE,0.0,0.0,0.0,4.6,0.0,0,0.0,0,0,18-APR-2022,
OPTSTK,PVR,28-Apr-2022,1000.0,PE,0.0,0.0,0.0,5.65,0.0,0,0.0,0,0,18-APR-2022,
OPTSTK,PVR,28-Apr-2022,1020.0,PE,0.0,0.0,0.0,6.9,0.0,0,0.0,0,0,18-APR-2022,
OPTSTK,PVR,28-Apr-2022,1040.0,PE,0.0,0.0,0.0,8.3,0.0,0,0.0,0,0,18-APR-2022,
OPTSTK,PVR,28-Apr-2022,1060.0,PE,0.0,0.0,0.0,9.95,0.0,0,0.0,0,0,18-APR-2022,
OPTSTK,PVR,28-Apr-2022,1080.0,PE,0.0,0.0,0.0,11.8,0.0,0,0.0,0,0,18-APR-2022,
OPTSTK,PVR,28-Apr-2022,1100.0,PE,0.0,0.0,0.0,13.9,0.0,0,0.0,0,0,18-APR-2022,
OPTSTK,PVR,28-Apr-2022,1120.0,PE,0.0,0.0,0.0,16.25,0.0,0,0.0,0,0,18-APR-2022,
OPTSTK,PVR,28-Apr-2022,1140.0,PE,0.0,0.0,0.0,18.95,0.0,0,0.0,0,0,18-APR-2022,
OPTSTK,PVR,28-Apr-2022,1160.0,PE,0.0,0.0,0.0,21.9,0.0,0,0.0,0,0,18-APR-2022,
OPTSTK,PVR,28-Apr-2022,1180.0,PE,0.0,0.0,0.0,25.2,0.0,0,0.0,0,0,18-APR-2022,
OPTSTK,PVR,28-Apr-2022,1200.0,PE,0.0,0.0,0.0,28.8,0.0,0,0.0,0,0,18-APR-2022,
OPTSTK,PVR,28-Apr-2022,1220.0,PE,0.0,0.0,0.0,32.75,0.0,0,0.0,0,0,18-APR-2022,
OPTSTK,PVR,28-Apr-2022,1240.0,PE,0.0,0.0,0.0,37.1,0.0,0,0.0,0,0,18-APR-2022,
OPTSTK,PVR,28-Apr-2022,1260.0,PE,0.0,0.0,0.0,41.8,0.0,0,0.0,0,0,18-APR-2022,
OPTSTK,PVR,28-Apr-2022,1280.0,PE,0.0,0.0,0.0,46.95,0.0,0,0.0,0,0,18-APR-2022,
OPTSTK,PVR,28-Apr-2022,1300.0,PE,0.0,0.0,0.0,52.4,0.0,0,0.0,0,0,18-APR-2022,
OPTSTK,PVR,28-Apr-2022,1320.0,PE,0.0,0.0,0.0,58.3,0.0,0,0.0,0,0,18-APR-2022,
OPTSTK,PVR,28-Apr-2022,1340.0,PE,0.0,0.0,0.0,64.55,0.0,0,0.0,0,0,18-APR-2022,
OPTSTK,PVR,28-Apr-2022,1360.0,PE,0.0,0.0,0.0,71.2,0.05,0,0.0,0,0,18-APR-2022,
OPTSTK,PVR,28-Apr-2022,1380.0,PE,0.0,0.0,0.0,78.35,0.05,0,0.0,0,0,18-APR-2022,
OPTSTK,PVR,28-Apr-2022,1400.0,PE,3.05,3.05,0.1,1.0,0.05,5,28.51,1221,-814,18-APR-2022,
OPTSTK,PVR,28-Apr-2022,1420.0,PE,0.0,0.0,0.0,93.85,0.05,0,0.0,0,0,18-APR-2022,
OPTSTK,PVR,28-Apr-2022,1440.0,PE,0.0,0.0,0.0,102.25,0.1,0,0.0,0,0,18-APR-2022,
OPTSTK,PVR,28-Apr-2022,1460.0,PE,0.0,0.0,0.0,111.1,0.15,0,0.0,0,0,18-APR-2022,
OPTSTK,PVR,28-Apr-2022,1480.0,PE,0.0,0.0,0.0,120.3,0.25,0,0.0,0,0,18-APR-2022,
OPTSTK,PVR,28-Apr-2022,1500.0,PE,4.0,4.0,1.6,2.0,2.0,115,703.27,30932,6105,18-APR-2022,
OPTSTK,PVR,28-Apr-2022,1520.0,PE,0.0,0.0,0.0,140.05,0.6,0,0.0,0,0,18-APR-2022,
OPTSTK,PVR,28-Apr-2022,1540.0,PE,0.0,0.0,0.0,150.5,0.95,0,0.0,0,0,18-APR-2022,
OPTSTK,PVR,28-Apr-2022,1560.0,PE,7.0,7.0,3.1,3.8,3.8,190,1209.96,6919,-7733,18-APR-2022,
OPTSTK,PVR,28-Apr-2022,1580.0,PE,0.0,0.0,0.0,172.6,2.2,0,0.0,0,0,18-APR-2022,
OPTSTK,PVR,28-Apr-2022,1600.0,PE,11.0,11.0,4.9,5.95,5.95,446,2917.01,85470,-7326,18-APR-2022,
OPTSTK,PVR,28-Apr-2022,1620.0,PE,0.0,0.0,0.0,6.0,4.55,0,0.0,814,0,18-APR-2022,
OPTSTK,PVR,28-Apr-2022,1640.0,PE,10.7,11.2,7.5,7.5,7.5,8,53.73,6105,-407,18-APR-2022,
OPTSTK,PVR,28-Apr-2022,1660.0,PE,0.0,0.0,0.0,9.0,8.65,0,0.0,814,0,18-APR-2022,
OPTSTK,PVR,28-Apr-2022,1680.0,PE,0.0,0.0,0.0,234.4,11.55,0,0.0,0,0,18-APR-2022,
OPTSTK,PVR,28-Apr-2022,1700.0,PE,19.95,24.5,14.2,17.6,17.6,885,6191.88,226292,-27269,18-APR-2022,
OPTSTK,PVR,28-Apr-2022,1720.0,PE,23.0,28.0,17.55,21.2,21.2,203,1439.16,21571,-814,18-APR-2022,
OPTSTK,PVR,28-Apr-2022,1740.0,PE,21.85,33.2,20.95,25.3,25.3,551,3959.81,80586,55759,18-APR-2022,
OPTSTK,PVR,28-Apr-2022,1760.0,PE,36.0,39.6,26.0,30.85,30.85,363,2646.68,39072,13024,18-APR-2022,
OPTSTK,PVR,28-Apr-2022,1780.0,PE,55.2,55.2,18.55,36.35,36.35,163,1205.71,16280,6105,18-APR-2022,
OPTSTK,PVR,28-Apr-2022,1800.0,PE,39.25,55.0,37.0,44.25,44.25,1924,14458.39,302401,-43956,18-APR-2022,
OPTSTK,PVR,28-Apr-2022,1820.0,PE,41.0,65.0,41.0,53.4,53.4,383,2921.71,22385,8140,18-APR-2022,
OPTSTK,PVR,28-Apr-2022,1840.0,PE,53.5,73.6,53.5,63.9,63.9,455,3524.3,28490,1628,18-APR-2022,
OPTSTK,PVR,28-Apr-2022,1860.0,PE,67.0,86.8,60.95,75.1,75.1,193,1517.75,26862,814,18-APR-2022,
OPTSTK,PVR,28-Apr-2022,1880.0,PE,74.95,98.3,71.75,89.3,89.3,131,1047.51,13024,-3256,18-APR-2022,
OPTSTK,PVR,28-Apr-2022,1900.0,PE,87.15,116.3,81.15,102.7,102.7,371,3018.18,131054,-60643,18-APR-2022,
OPTSTK,PVR,28-Apr-2022,1920.0,PE,101.25,125.85,101.25,119.0,119.0,36,297.84,32967,-3663,18-APR-2022,
OPTSTK,PVR,28-Apr-2022,1940.0,PE,138.25,138.25,123.5,123.5,133.6,7,58.99,17094,-407,18-APR-2022,
OPTSTK,PVR,28-Apr-2022,1960.0,PE,138.05,138.05,138.05,138.05,149.55,1,8.53,1221,407,18-APR-2022,
OPTSTK,PVR,28-Apr-2022,1980.0,PE,159.9,173.65,153.6,173.65,166.1,4,34.84,2849,-407,18-APR-2022,
OPTSTK,PVR,28-Apr-2022,2000.0,PE,180.35,180.35,180.35,180.35,183.25,1,8.87,6512,0,18-APR-2022,
OPTSTK,PVR,28-Apr-2022,2020.0,PE,0.0,0.0,0.0,498.55,200.95,0,0.0,0,0,18-APR-2022,
OPTSTK,PVR,28-Apr-2022,2040.0,PE,0.0,0.0,0.0,515.95,219.05,0,0.0,0,0,18-APR-2022,
OPTSTK,PVR,28-Apr-2022,2060.0,PE,0.0,0.0,0.0,533.5,237.5,0,0.0,0,0,18-APR-2022,
OPTSTK,PVR,28-Apr-2022,2080.0,PE,0.0,0.0,0.0,551.2,256.25,0,0.0,0,0,18-APR-2022,
OPTSTK,PVR,28-Apr-2022,2100.0,PE,0.0,0.0,0.0,223.85,275.3,0,0.0,407,0,18-APR-2022,
OPTSTK,PVR,28-Apr-2022,2120.0,PE,0.0,0.0,0.0,571.15,294.55,0,0.0,0,0,18-APR-2022,
OPTSTK,PVR,28-Apr-2022,2140.0,PE,0.0,0.0,0.0,559.0,313.95,0,0.0,0,0,18-APR-2022,
OPTSTK,PVR,28-Apr-2022,2160.0,PE,0.0,0.0,0.0,564.35,333.45,0,0.0,0,0,18-APR-2022,
OPTSTK,PVR,28-Apr-2022,2180.0,PE,0.0,0.0,0.0,565.55,353.1,0,0.0,0,0,18-APR-2022,
OPTSTK,PVR,28-Apr-2022,2200.0,PE,0.0,0.0,0.0,557.5,372.85,0,0.0,0,0,18-APR-2022,
OPTSTK,PVR,28-Apr-2022,2220.0,PE,0.0,0.0,0.0,556.15,392.65,0,0.0,0,0,18-APR-2022,
OPTSTK,PVR,28-Apr-2022,2240.0,PE,0.0,0.0,0.0,563.65,412.45,0,0.0,0,0,18-APR-2022,
OPTSTK,PVR,28-Apr-2022,2260.0,PE,0.0,0.0,0.0,534.95,432.35,0,0.0,0,0,18-APR-2022,
OPTSTK,PVR,26-May-2022,980.0,CE,0.0,0.0,0.0,548.95,849.75,0,0.0,0,0,18-APR-2022,
OPTSTK,PVR,26-May-2022,1000.0,CE,0.0,0.0,0.0,530.15,829.85,0,0.0,0,0,18-APR-2022,
OPTSTK,PVR,26-May-2022,1020.0,CE,0.0,0.0,0.0,511.6,809.95,0,0.0,0,0,18-APR-2022,
OPTSTK,PVR,26-May-2022,1040.0,CE,0.0,0.0,0.0,493.2,790.0,0,0.0,0,0,18-APR-2022,
OPTSTK,PVR,26-May-2022,1060.0,CE,0.0,0.0,0.0,475.05,770.1,0,0.0,0,0,18-APR-2022,
OPTSTK,PVR,26-May-2022,1080.0,CE,0.0,0.0,0.0,457.15,750.2,0,0.0,0,0,18-APR-2022,
OPTSTK,PVR,26-May-2022,1100.0,CE,0.0,0.0,0.0,439.5,730.3,0,0.0,0,0,18-APR-2022,
OPTSTK,PVR,26-May-2022,1120.0,CE,0.0,0.0,0.0,422.15,710.45,0,0.0,0,0,18-APR-2022,
OPTSTK,PVR,26-May-2022,1140.0,CE,0.0,0.0,0.0,405.05,690.55,0,0.0,0,0,18-APR-2022,
OPTSTK,PVR,26-May-2022,1160.0,CE,0.0,0.0,0.0,388.3,670.7,0,0.0,0,0,18-APR-2022,
OPTSTK,PVR,26-May-2022,1180.0,CE,0.0,0.0,0.0,371.9,650.85,0,0.0,0,0,18-APR-2022,
OPTSTK,PVR,26-May-2022,1200.0,CE,0.0,0.0,0.0,355.8,631.0,0,0.0,0,0,18-APR-2022,
OPTSTK,PVR,26-May-2022,1220.0,CE,0.0,0.0,0.0,340.1,611.25,0,0.0,0,0,18-APR-2022,
OPTSTK,PVR,26-May-2022,1240.0,CE,0.0,0.0,0.0,324.75,591.5,0,0.0,0,0,18-APR-2022,
OPTSTK,PVR,26-May-2022,1260.0,CE,0.0,0.0,0.0,309.9,571.8,0,0.0,0,0,18-APR-2022,
OPTSTK,PVR,26-May-2022,1280.0,CE,0.0,0.0,0.0,295.35,552.15,0,0.0,0,0,18-APR-2022,
OPTSTK,PVR,26-May-2022,1300.0,CE,0.0,0.0,0.0,281.25,532.6,0,0.0,0,0,18-APR-2022,
OPTSTK,PVR,26-May-2022,1320.0,CE,0.0,0.0,0.0,267.55,513.1,0,0.0,0,0,18-APR-2022,
OPTSTK,PVR,26-May-2022,1340.0,CE,0.0,0.0,0.0,254.2,493.75,0,0.0,0,0,18-APR-2022,
OPTSTK,PVR,26-May-2022,1360.0,CE,0.0,0.0,0.0,241.4,474.5,0,0.0,0,0,18-APR-2022,
OPTSTK,PVR,26-May-2022,1380.0,CE,0.0,0.0,0.0,229.0,455.4,0,0.0,0,0,18-APR-2022,
OPTSTK,PVR,26-May-2022,1400.0,CE,0.0,0.0,0.0,217.05,436.5,0,0.0,0,0,18-APR-2022,
OPTSTK,PVR,26-May-2022,1420.0,CE,0.0,0.0,0.0,205.55,417.8,0,0.0,0,0,18-APR-2022,
OPTSTK,PVR,26-May-2022,1440.0,CE,0.0,0.0,0.0,194.5,399.3,0,0.0,0,0,18-APR-2022,
OPTSTK,PVR,26-May-2022,1460.0,CE,0.0,0.0,0.0,183.9,381.05,0,0.0,0,0,18-APR-2022,
OPTSTK,PVR,26-May-2022,1480.0,CE,0.0,0.0,0.0,173.7,363.1,0,0.0,0,0,18-APR-2022,
OPTSTK,PVR,26-May-2022,1500.0,CE,0.0,0.0,0.0,163.95,345.45,0,0.0,0,0,18-APR-2022,
OPTSTK,PVR,26-May-2022,1520.0,CE,0.0,0.0,0.0,154.6,328.1,0,0.0,0,0,18-APR-2022,
OPTSTK,PVR,26-May-2022,1540.0,CE,0.0,0.0,0.0,145.65,311.15,0,0.0,0,0,18-APR-2022,
OPTSTK,PVR,26-May-2022,1560.0,CE,0.0,0.0,0.0,137.15,294.55,0,0.0,0,0,18-APR-2022,
OPTSTK,PVR,26-May-2022,1580.0,CE,0.0,0.0,0.0,129.05,278.35,0,0.0,0,0,18-APR-2022,
OPTSTK,PVR,26-May-2022,1600.0,CE,0.0,0.0,0.0,121.3,262.65,0,0.0,0,0,18-APR-2022,
OPTSTK,PVR,26-May-2022,1620.0,CE,0.0,0.0,0.0,113.95,247.35,0,0.0,0,0,18-APR-2022,
OPTSTK,PVR,26-May-2022,1640.0,CE,0.0,0.0,0.0,107.0,232.6,0,0.0,0,0,18-APR-2022,
OPTSTK,PVR,26-May-2022,1660.0,CE,0.0,0.0,0.0,100.35,218.3,0,0.0,0,0,18-APR-2022,
OPTSTK,PVR,26-May-2022,1680.0,CE,0.0,0.0,0.0,94.1,204.4,0,0.0,0,0,18-APR-2022,
OPTSTK,PVR,26-May-2022,1700.0,CE,0.0,0.0,0.0,145.0,191.15,0,0.0,407,0,18-APR-2022,
OPTSTK,PVR,26-May-2022,1720.0,CE,0.0,0.0,0.0,82.5,178.45,0,0.0,0,0,18-APR-2022,
OPTSTK,PVR,26-May-2022,1740.0,CE,0.0,0.0,0.0,77.2,166.3,0,0.0,0,0,18-APR-2022,
OPTSTK,PVR,26-May-2022,1760.0,CE,0.0,0.0,0.0,72.25,154.7,0,0.0,0,0,18-APR-2022,
OPTSTK,PVR,26-May-2022,1780.0,CE,0.0,0.0,0.0,67.55,143.6,0,0.0,0,0,18-APR-2022,
OPTSTK,PVR,26-May-2022,1800.0,CE,0.0,0.0,0.0,63.1,133.1,0,0.0,0,0,18-APR-2022,
OPTSTK,PVR,26-May-2022,1820.0,CE,0.0,0.0,0.0,58.9,123.15,0,0.0,0,0,18-APR-2022,
OPTSTK,PVR,26-May-2022,1840.0,CE,0.0,0.0,0.0,55.0,113.75,0,0.0,0,0,18-APR-2022,
OPTSTK,PVR,26-May-2022,1860.0,CE,0.0,0.0,0.0,51.3,104.85,0,0.0,0,0,18-APR-2022,
OPTSTK,PVR,26-May-2022,1880.0,CE,0.0,0.0,0.0,47.75,96.5,0,0.0,0,0,18-APR-2022,
OPTSTK,PVR,26-May-2022,1900.0,CE,120.85,120.85,88.0,88.0,88.0,10,81.14,4477,2442,18-APR-2022,
OPTSTK,PVR,26-May-2022,1920.0,CE,0.0,0.0,0.0,41.4,81.3,0,0.0,0,0,18-APR-2022,
OPTSTK,PVR,26-May-2022,1940.0,CE,0.0,0.0,0.0,38.5,74.45,0,0.0,0,0,18-APR-2022,
OPTSTK,PVR,26-May-2022,1960.0,CE,0.0,0.0,0.0,35.85,68.05,0,0.0,0,0,18-APR-2022,
OPTSTK,PVR,26-May-2022,1980.0,CE,0.0,0.0,0.0,33.3,62.1,0,0.0,0,0,18-APR-2022,
OPTSTK,PVR,26-May-2022,2000.0,CE,77.35,77.35,51.0,64.4,64.4,29,242.98,10582,2849,18-APR-2022,
OPTSTK,PVR,26-May-2022,2020.0,CE,0.0,0.0,0.0,28.75,51.55,0,0.0,0,0,18-APR-2022,
OPTSTK,PVR,26-May-2022,2040.0,CE,0.0,0.0,0.0,26.7,46.85,0,0.0,0,0,18-APR-2022,
OPTSTK,PVR,26-May-2022,2060.0,CE,0.0,0.0,0.0,24.8,42.5,0,0.0,0,0,18-APR-2022,
OPTSTK,PVR,26-May-2022,2080.0,CE,0.0,0.0,0.0,23.0,38.45,0,0.0,0,0,18-APR-2022,
OPTSTK,PVR,26-May-2022,2100.0,CE,0.0,0.0,0.0,32.3,34.75,0,0.0,0,0,18-APR-2022,
OPTSTK,PVR,26-May-2022,2120.0,CE,0.0,0.0,0.0,30.1,31.35,0,0.0,0,0,18-APR-2022,
OPTSTK,PVR,26-May-2022,2140.0,CE,0.0,0.0,0.0,28.0,28.3,0,0.0,0,0,18-APR-2022,
OPTSTK,PVR,26-May-2022,2160.0,CE,0.0,0.0,0.0,26.05,25.45,0,0.0,0,0,18-APR-2022,
OPTSTK,PVR,26-May-2022,2180.0,CE,0.0,0.0,0.0,29.55,22.9,0,0.0,0,0,18-APR-2022,
OPTSTK,PVR,26-May-2022,2200.0,CE,0.0,0.0,0.0,27.5,20.55,0,0.0,0,0,18-APR-2022,
OPTSTK,PVR,26-May-2022,2220.0,CE,0.0,0.0,0.0,28.05,18.4,0,0.0,0,0,18-APR-2022,
OPTSTK,PVR,26-May-2022,2240.0,CE,0.0,0.0,0.0,25.45,16.5,0,0.0,0,0,18-APR-2022,
OPTSTK,PVR,26-May-2022,2260.0,CE,0.0,0.0,0.0,27.95,14.75,0,0.0,0,0,18-APR-2022,
OPTSTK,PVR,26-May-2022,980.0,PE,0.0,0.0,0.0,4.4,0.0,0,0.0,0,0,18-APR-2022,
OPTSTK,PVR,26-May-2022,1000.0,PE,0.0,0.0,0.0,5.45,0.0,0,0.0,0,0,18-APR-2022,
OPTSTK,PVR,26-May-2022,1020.0,PE,0.0,0.0,0.0,6.65,0.05,0,0.0,0,0,18-APR-2022,
OPTSTK,PVR,26-May-2022,1040.0,PE,0.0,0.0,0.0,8.1,0.05,0,0.0,0,0,18-APR-2022,
OPTSTK,PVR,26-May-2022,1060.0,PE,0.0,0.0,0.0,9.75,0.05,0,0.0,0,0,18-APR-2022,
OPTSTK,PVR,26-May-2022,1080.0,PE,0.0,0.0,0.0,11.6,0.05,0,0.0,0,0,18-APR-2022,
OPTSTK,PVR,26-May-2022,1100.0,PE,0.0,0.0,0.0,13.75,0.05,0,0.0,0,0,18-APR-2022,
OPTSTK,PVR,26-May-2022,1120.0,PE,0.0,0.0,0.0,16.15,0.1,0,0.0,0,0,18-APR-2022,
OPTSTK,PVR,26-May-2022,1140.0,PE,0.0,0.0,0.0,18.85,0.1,0,0.0,0,0,18-APR-2022,
OPTSTK,PVR,26-May-2022,1160.0,PE,0.0,0.0,0.0,21.9,0.15,0,0.0,0,0,18-APR-2022,
OPTSTK,PVR,26-May-2022,1180.0,PE,0.0,0.0,0.0,25.3,0.25,0,0.0,0,0,18-APR-2022,
OPTSTK,PVR,26-May-2022,1200.0,PE,0.0,0.0,0.0,29.0,0.3,0,0.0,0,0,18-APR-2022,
OPTSTK,PVR,26-May-2022,1220.0,PE,0.0,0.0,0.0,33.1,0.45,0,0.0,0,0,18-APR-2022,
OPTSTK,PVR,26-May-2022,1240.0,PE,0.0,0.0,0.0,37.55,0.6,0,0.0,0,0,18-APR-2022,
OPTSTK,PVR,26-May-2022,1260.0,PE,0.0,0.0,0.0,42.45,0.8,0,0.0,0,0,18-APR-2022,
OPTSTK,PVR,26-May-2022,1280.0,PE,0.0,0.0,0.0,47.7,1.1,0,0.0,0,0,18-APR-2022,
OPTSTK,PVR,26-May-2022,1300.0,PE,0.0,0.0,0.0,53.35,1.45,0,0.0,0,0,18-APR-2022,
OPTSTK,PVR,26-May-2022,1320.0,PE,0.0,0.0,0.0,59.45,1.9,0,0.0,0,0,18-APR-2022,
OPTSTK,PVR,26-May-2022,1340.0,PE,0.0,0.0,0.0,65.95,2.45,0,0.0,0,0,18-APR-2022,
OPTSTK,PVR,26-May-2022,1360.0,PE,0.0,0.0,0.0,72.9,3.1,0,0.0,0,0,18-APR-2022,
OPTSTK,PVR,26-May-2022,1380.0,PE,0.0,0.0,0.0,80.3,3.95,0,0.0,0,0,18-APR-2022,
OPTSTK,PVR,26-May-2022,1400.0,PE,0.0,0.0,0.0,88.15,4.95,0,0.0,0,0,18-APR-2022,
OPTSTK,PVR,26-May-2022,1420.0,PE,0.0,0.0,0.0,96.45,6.15,0,0.0,0,0,18-APR-2022,
OPTSTK,PVR,26-May-2022,1440.0,PE,0.0,0.0,0.0,105.2,7.55,0,0.0,0,0,18-APR-2022,
OPTSTK,PVR,26-May-2022,1460.0,PE,0.0,0.0,0.0,114.35,9.2,0,0.0,0,0,18-APR-2022,
OPTSTK,PVR,26-May-2022,1480.0,PE,0.0,0.0,0.0,123.95,11.15,0,0.0,0,0,18-APR-2022,
OPTSTK,PVR,26-May-2022,1500.0,PE,14.0,14.0,14.0,14.0,14.0,1,6.16,1628,407,18-APR-2022,
OPTSTK,PVR,26-May-2022,1520.0,PE,0.0,0.0,0.0,144.45,16.0,0,0.0,0,0,18-APR-2022,
OPTSTK,PVR,26-May-2022,1540.0,PE,0.0,0.0,0.0,155.3,18.95,0,0.0,0,0,18-APR-2022,
OPTSTK,PVR,26-May-2022,1560.0,PE,0.0,0.0,0.0,166.6,22.25,0,0.0,0,0,18-APR-2022,
OPTSTK,PVR,26-May-2022,1580.0,PE,0.0,0.0,0.0,178.25,26.0,0,0.0,0,0,18-APR-2022,
OPTSTK,PVR,26-May-2022,1600.0,PE,20.0,30.0,20.0,30.0,30.15,5,33.1,3256,2035,18-APR-2022,
OPTSTK,PVR,26-May-2022,1620.0,PE,0.0,0.0,0.0,202.75,34.8,0,0.0,0,0,18-APR-2022,
OPTSTK,PVR,26-May-2022,1640.0,PE,0.0,0.0,0.0,215.55,39.95,0,0.0,0,0,18-APR-2022,
OPTSTK,PVR,26-May-2022,1660.0,PE,0.0,0.0,0.0,228.75,45.55,0,0.0,0,0,18-APR-2022,
OPTSTK,PVR,26-May-2022,1680.0,PE,0.0,0.0,0.0,242.25,51.6,0,0.0,0,0,18-APR-2022,
OPTSTK,PVR,26-May-2022,1700.0,PE,45.0,46.2,45.0,46.2,58.25,3,21.31,2849,1221,18-APR-2022,
OPTSTK,PVR,26-May-2022,1720.0,PE,0.0,0.0,0.0,270.25,65.45,0,0.0,0,0,18-APR-2022,
OPTSTK,PVR,26-May-2022,1740.0,PE,0.0,0.0,0.0,284.75,73.2,0,0.0,0,0,18-APR-2022,
OPTSTK,PVR,26-May-2022,1760.0,PE,0.0,0.0,0.0,299.6,81.5,0,0.0,0,0,18-APR-2022,
OPTSTK,PVR,26-May-2022,1780.0,PE,0.0,0.0,0.0,314.65,90.35,0,0.0,0,0,18-APR-2022,
OPTSTK,PVR,26-May-2022,1800.0,PE,90.0,98.0,85.0,92.8,92.8,19,146.33,8140,3256,18-APR-2022,
OPTSTK,PVR,26-May-2022,1820.0,PE,0.0,0.0,0.0,345.6,109.7,0,0.0,0,0,18-APR-2022,
OPTSTK,PVR,26-May-2022,1840.0,PE,0.0,0.0,0.0,361.45,120.2,0,0.0,0,0,18-APR-2022,
OPTSTK,PVR,26-May-2022,1860.0,PE,0.0,0.0,0.0,377.55,131.25,0,0.0,0,0,18-APR-2022,
OPTSTK,PVR,26-May-2022,1880.0,PE,0.0,0.0,0.0,393.8,142.8,0,0.0,0,0,18-APR-2022,
OPTSTK,PVR,26-May-2022,1900.0,PE,0.0,0.0,0.0,410.35,154.85,0,0.0,0,0,18-APR-2022,
OPTSTK,PVR,26-May-2022,1920.0,PE,0.0,0.0,0.0,427.05,167.45,0,0.0,0,0,18-APR-2022,
OPTSTK,PVR,26-May-2022,1940.0,PE,0.0,0.0,0.0,443.95,180.5,0,0.0,0,0,18-APR-2022,
OPTSTK,PVR,26-May-2022,1960.0,PE,0.0,0.0,0.0,461.05,194.0,0,0.0,0,0,18-APR-2022,
OPTSTK,PVR,26-May-2022,1980.0,PE,0.0,0.0,0.0,478.35,207.95,0,0.0,0,0,18-APR-2022,
OPTSTK,PVR,26-May-2022,2000.0,PE,0.0,0.0,0.0,495.75,222.35,0,0.0,0,0,18-APR-2022,
OPTSTK,PVR,26-May-2022,2020.0,PE,0.0,0.0,0.0,513.35,237.25,0,0.0,0,0,18-APR-2022,
OPTSTK,PVR,26-May-2022,2040.0,PE,0.0,0.0,0.0,531.1,252.45,0,0.0,0,0,18-APR-2022,
OPTSTK,PVR,26-May-2022,2060.0,PE,0.0,0.0,0.0,548.95,268.0,0,0.0,0,0,18-APR-2022,
OPTSTK,PVR,26-May-2022,2080.0,PE,0.0,0.0,0.0,566.95,283.85,0,0.0,0,0,18-APR-2022,
OPTSTK,PVR,26-May-2022,2100.0,PE,0.0,0.0,0.0,514.4,300.1,0,0.0,0,0,18-APR-2022,
OPTSTK,PVR,26-May-2022,2120.0,PE,0.0,0.0,0.0,532.0,316.6,0,0.0,0,0,18-APR-2022,
OPTSTK,PVR,26-May-2022,2140.0,PE,0.0,0.0,0.0,549.7,333.45,0,0.0,0,0,18-APR-2022,
OPTSTK,PVR,26-May-2022,2160.0,PE,0.0,0.0,0.0,567.55,350.5,0,0.0,0,0,18-APR-2022,
OPTSTK,PVR,26-May-2022,2180.0,PE,0.0,0.0,0.0,552.25,367.85,0,0.0,0,0,18-APR-2022,
OPTSTK,PVR,26-May-2022,2200.0,PE,0.0,0.0,0.0,570.05,385.45,0,0.0,0,0,18-APR-2022,
OPTSTK,PVR,26-May-2022,2220.0,PE,0.0,0.0,0.0,569.7,403.2,0,0.0,0,0,18-APR-2022,
OPTSTK,PVR,26-May-2022,2240.0,PE,0.0,0.0,0.0,571.75,421.2,0,0.0,0,0,18-APR-2022,
OPTSTK,PVR,26-May-2022,2260.0,PE,0.0,0.0,0.0,544.85,439.35,0,0.0,0,0,18-APR-2022,
OPTSTK,PVR,30-Jun-2022,1240.0,CE,0.0,0.0,0.0,701.15,600.95,0,0.0,0,0,18-APR-2022,
OPTSTK,PVR,30-Jun-2022,1260.0,CE,0.0,0.0,0.0,682.4,582.15,0,0.0,0,0,18-APR-2022,
OPTSTK,PVR,30-Jun-2022,1280.0,CE,0.0,0.0,0.0,663.8,563.5,0,0.0,0,0,18-APR-2022,
OPTSTK,PVR,30-Jun-2022,1300.0,CE,0.0,0.0,0.0,645.35,545.05,0,0.0,0,0,18-APR-2022,
OPTSTK,PVR,30-Jun-2022,1320.0,CE,0.0,0.0,0.0,627.05,526.75,0,0.0,0,0,18-APR-2022,
OPTSTK,PVR,30-Jun-2022,1340.0,CE,0.0,0.0,0.0,608.95,508.7,0,0.0,0,0,18-APR-2022,
OPTSTK,PVR,30-Jun-2022,1360.0,CE,0.0,0.0,0.0,591.0,490.85,0,0.0,0,0,18-APR-2022,
OPTSTK,PVR,30-Jun-2022,1380.0,CE,0.0,0.0,0.0,573.25,473.25,0,0.0,0,0,18-APR-2022,
OPTSTK,PVR,30-Jun-2022,1400.0,CE,0.0,0.0,0.0,555.75,455.9,0,0.0,0,0,18-APR-2022,
OPTSTK,PVR,30-Jun-2022,1420.0,CE,0.0,0.0,0.0,538.45,438.8,0,0.0,0,0,18-APR-2022,
OPTSTK,PVR,30-Jun-2022,1440.0,CE,0.0,0.0,0.0,521.4,422.0,0,0.0,0,0,18-APR-2022,
OPTSTK,PVR,30-Jun-2022,1460.0,CE,0.0,0.0,0.0,504.6,405.5,0,0.0,0,0,18-APR-2022,
OPTSTK,PVR,30-Jun-2022,1480.0,CE,0.0,0.0,0.0,488.05,389.3,0,0.0,0,0,18-APR-2022,
OPTSTK,PVR,30-Jun-2022,1500.0,CE,0.0,0.0,0.0,471.8,373.45,0,0.0,0,0,18-APR-2022,
OPTSTK,PVR,30-Jun-2022,1520.0,CE,0.0,0.0,0.0,455.75,357.95,0,0.0,0,0,18-APR-2022,
OPTSTK,PVR,30-Jun-2022,1540.0,CE,0.0,0.0,0.0,440.05,342.8,0,0.0,0,0,18-APR-2022,
OPTSTK,PVR,30-Jun-2022,1560.0,CE,0.0,0.0,0.0,424.65,328.05,0,0.0,0,0,18-APR-2022,
OPTSTK,PVR,30-Jun-2022,1580.0,CE,0.0,0.0,0.0,409.5,313.6,0,0.0,0,0,18-APR-2022,
OPTSTK,PVR,30-Jun-2022,1600.0,CE,0.0,0.0,0.0,394.75,299.55,0,0.0,0,0,18-APR-2022,
OPTSTK,PVR,30-Jun-2022,1620.0,CE,0.0,0.0,0.0,380.25,285.9,0,0.0,0,0,18-APR-2022,
OPTSTK,PVR,30-Jun-2022,1640.0,CE,0.0,0.0,0.0,366.1,272.55,0,0.0,0,0,18-APR-2022,
OPTSTK,PVR,30-Jun-2022,1660.0,CE,0.0,0.0,0.0,352.25,259.7,0,0.0,0,0,18-APR-2022,
OPTSTK,PVR,30-Jun-2022,1680.0,CE,0.0,0.0,0.0,338.75,247.2,0,0.0,0,0,18-APR-2022,
OPTSTK,PVR,30-Jun-2022,1700.0,CE,0.0,0.0,0.0,325.45,235.15,0,0.0,0,0,18-APR-2022,
OPTSTK,PVR,30-Jun-2022,1720.0,CE,0.0,0.0,0.0,312.65,223.55,0,0.0,0,0,18-APR-2022,
OPTSTK,PVR,30-Jun-2022,1740.0,CE,0.0,0.0,0.0,300.15,212.3,0,0.0,0,0,18-APR-2022,
OPTSTK,PVR,30-Jun-2022,1760.0,CE,0.0,0.0,0.0,288.0,201.45,0,0.0,0,0,18-APR-2022,
OPTSTK,PVR,30-Jun-2022,1780.0,CE,0.0,0.0,0.0,276.25,191.0,0,0.0,0,0,18-APR-2022,
OPTSTK,PVR,30-Jun-2022,1800.0,CE,0.0,0.0,0.0,264.75,180.95,0,0.0,0,0,18-APR-2022,
OPTSTK,PVR,30-Jun-2022,1820.0,CE,0.0,0.0,0.0,253.65,171.35,0,0.0,0,0,18-APR-2022,
OPTSTK,PVR,30-Jun-2022,1840.0,CE,0.0,0.0,0.0,242.9,162.1,0,0.0,0,0,18-APR-2022,
OPTSTK,PVR,30-Jun-2022,1860.0,CE,0.0,0.0,0.0,232.45,153.2,0,0.0,0,0,18-APR-2022,
OPTSTK,PVR,30-Jun-2022,1880.0,CE,0.0,0.0,0.0,222.35,144.75,0,0.0,0,0,18-APR-2022,
OPTSTK,PVR,30-Jun-2022,1900.0,CE,0.0,0.0,0.0,212.6,136.6,0,0.0,0,0,18-APR-2022,
OPTSTK,PVR,30-Jun-2022,1920.0,CE,0.0,0.0,0.0,203.15,128.85,0,0.0,0,0,18-APR-2022,
OPTSTK,PVR,30-Jun-2022,1940.0,CE,0.0,0.0,0.0,194.05,121.45,0,0.0,0,0,18-APR-2022,
OPTSTK,PVR,30-Jun-2022,1960.0,CE,0.0,0.0,0.0,185.25,114.4,0,0.0,0,0,18-APR-2022,
OPTSTK,PVR,30-Jun-2022,1980.0,CE,0.0,0.0,0.0,176.8,107.7,0,0.0,0,0,18-APR-2022,
OPTSTK,PVR,30-Jun-2022,2000.0,CE,0.0,0.0,0.0,168.65,101.3,0,0.0,0,0,18-APR-2022,
OPTSTK,PVR,30-Jun-2022,2020.0,CE,0.0,0.0,0.0,160.8,95.2,0,0.0,0,0,18-APR-2022,
OPTSTK,PVR,30-Jun-2022,2040.0,CE,0.0,0.0,0.0,153.2,89.45,0,0.0,0,0,18-APR-2022,
OPTSTK,PVR,30-Jun-2022,2060.0,CE,0.0,0.0,0.0,145.95,83.95,0,0.0,0,0,18-APR-2022,
OPTSTK,PVR,30-Jun-2022,2080.0,CE,0.0,0.0,0.0,138.95,78.8,0,0.0,0,0,18-APR-2022,
OPTSTK,PVR,30-Jun-2022,2100.0,CE,0.0,0.0,0.0,132.25,73.95,0,0.0,0,0,18-APR-2022,
OPTSTK,PVR,30-Jun-2022,2120.0,CE,0.0,0.0,0.0,125.85,69.35,0,0.0,0,0,18-APR-2022,
OPTSTK,PVR,30-Jun-2022,2140.0,CE,0.0,0.0,0.0,119.65,64.95,0,0.0,0,0,18-APR-2022,
OPTSTK,PVR,30-Jun-2022,2160.0,CE,0.0,0.0,0.0,113.75,60.8,0,0.0,0,0,18-APR-2022,
OPTSTK,PVR,30-Jun-2022,2180.0,CE,0.0,0.0,0.0,108.1,56.9,0,0.0,0,0,18-APR-2022,
OPTSTK,PVR,30-Jun-2022,2200.0,CE,0.0,0.0,0.0,97.0,53.15,0,0.0,0,0,18-APR-2022,
OPTSTK,PVR,30-Jun-2022,2220.0,CE,0.0,0.0,0.0,97.5,49.7,0,0.0,0,0,18-APR-2022,
OPTSTK,PVR,30-Jun-2022,2240.0,CE,0.0,0.0,0.0,92.65,46.4,0,0.0,0,0,18-APR-2022,
OPTSTK,PVR,30-Jun-2022,2260.0,CE,0.0,0.0,0.0,87.9,43.3,0,0.0,0,0,18-APR-2022,
OPTSTK,PVR,30-Jun-2022,1240.0,PE,0.0,0.0,0.0,5.8,5.05,0,0.0,0,0,18-APR-2022,
OPTSTK,PVR,30-Jun-2022,1260.0,PE,0.0,0.0,0.0,6.85,6.1,0,0.0,0,0,18-APR-2022,
OPTSTK,PVR,30-Jun-2022,1280.0,PE,0.0,0.0,0.0,8.05,7.3,0,0.0,0,0,18-APR-2022,
OPTSTK,PVR,30-Jun-2022,1300.0,PE,0.0,0.0,0.0,9.35,8.65,0,0.0,0,0,18-APR-2022,
OPTSTK,PVR,30-Jun-2022,1320.0,PE,0.0,0.0,0.0,10.85,10.2,0,0.0,0,0,18-APR-2022,
OPTSTK,PVR,30-Jun-2022,1340.0,PE,0.0,0.0,0.0,12.55,11.95,0,0.0,0,0,18-APR-2022,
OPTSTK,PVR,30-Jun-2022,1360.0,PE,0.0,0.0,0.0,14.4,13.95,0,0.0,0,0,18-APR-2022,
OPTSTK,PVR,30-Jun-2022,1380.0,PE,0.0,0.0,0.0,16.45,16.15,0,0.0,0,0,18-APR-2022,
OPTSTK,PVR,30-Jun-2022,1400.0,PE,0.0,0.0,0.0,18.75,18.65,0,0.0,0,0,18-APR-2022,
OPTSTK,PVR,30-Jun-2022,1420.0,PE,0.0,0.0,0.0,21.25,21.4,0,0.0,0,0,18-APR-2022,
OPTSTK,PVR,30-Jun-2022,1440.0,PE,0.0,0.0,0.0,23.95,24.4,0,0.0,0,0,18-APR-2022,
OPTSTK,PVR,30-Jun-2022,1460.0,PE,0.0,0.0,0.0,26.95,27.75,0,0.0,0,0,18-APR-2022,
OPTSTK,PVR,30-Jun-2022,1480.0,PE,0.0,0.0,0.0,30.2,31.4,0,0.0,0,0,18-APR-2022,
OPTSTK,PVR,30-Jun-2022,1500.0,PE,0.0,0.0,0.0,33.7,35.35,0,0.0,0,0,18-APR-2022,
OPTSTK,PVR,30-Jun-2022,1520.0,PE,0.0,0.0,0.0,37.5,39.7,0,0.0,0,0,18-APR-2022,
OPTSTK,PVR,30-Jun-2022,1540.0,PE,0.0,0.0,0.0,41.55,44.35,0,0.0,0,0,18-APR-2022,
OPTSTK,PVR,30-Jun-2022,1560.0,PE,0.0,0.0,0.0,45.95,49.45,0,0.0,0,0,18-APR-2022,
OPTSTK,PVR,30-Jun-2022,1580.0,PE,0.0,0.0,0.0,50.6,54.85,0,0.0,0,0,18-APR-2022,
OPTSTK,PVR,30-Jun-2022,1600.0,PE,0.0,0.0,0.0,55.65,60.6,0,0.0,0,0,18-APR-2022,
OPTSTK,PVR,30-Jun-2022,1620.0,PE,0.0,0.0,0.0,60.95,66.75,0,0.0,0,0,18-APR-2022,
OPTSTK,PVR,30-Jun-2022,1640.0,PE,0.0,0.0,0.0,66.55,73.25,0,0.0,0,0,18-APR-2022,
OPTSTK,PVR,30-Jun-2022,1660.0,PE,0.0,0.0,0.0,72.5,80.25,0,0.0,0,0,18-APR-2022,
OPTSTK,PVR,30-Jun-2022,1680.0,PE,0.0,0.0,0.0,78.75,87.6,0,0.0,0,0,18-APR-2022,
OPTSTK,PVR,30-Jun-2022,1700.0,PE,77.35,77.35,77.35,77.35,95.4,1,7.23,407,407,18-APR-2022,
OPTSTK,PVR,30-Jun-2022,1720.0,PE,0.0,0.0,0.0,92.25,103.55,0,0.0,0,0,18-APR-2022,
OPTSTK,PVR,30-Jun-2022,1740.0,PE,0.0,0.0,0.0,99.55,112.15,0,0.0,0,0,18-APR-2022,
OPTSTK,PVR,30-Jun-2022,1760.0,PE,0.0,0.0,0.0,107.2,121.15,0,0.0,0,0,18-APR-2022,
OPTSTK,PVR,30-Jun-2022,1780.0,PE,0.0,0.0,0.0,115.2,130.55,0,0.0,0,0,18-APR-2022,
OPTSTK,PVR,30-Jun-2022,1800.0,PE,0.0,0.0,0.0,123.55,140.35,0,0.0,0,0,18-APR-2022,
OPTSTK,PVR,30-Jun-2022,1820.0,PE,0.0,0.0,0.0,132.2,150.55,0,0.0,0,0,18-APR-2022,
OPTSTK,PVR,30-Jun-2022,1840.0,PE,0.0,0.0,0.0,141.25,161.1,0,0.0,0,0,18-APR-2022,
OPTSTK,PVR,30-Jun-2022,1860.0,PE,0.0,0.0,0.0,150.6,172.05,0,0.0,0,0,18-APR-2022,
OPTSTK,PVR,30-Jun-2022,1880.0,PE,0.0,0.0,0.0,160.3,183.4,0,0.0,0,0,18-APR-2022,
OPTSTK,PVR,30-Jun-2022,1900.0,PE,0.0,0.0,0.0,170.3,195.15,0,0.0,0,0,18-APR-2022,
OPTSTK,PVR,30-Jun-2022,1920.0,PE,0.0,0.0,0.0,180.7,207.2,0,0.0,0,0,18-APR-2022,
OPTSTK,PVR,30-Jun-2022,1940.0,PE,0.0,0.0,0.0,191.35,219.65,0,0.0,0,0,18-APR-2022,
OPTSTK,PVR,30-Jun-2022,1960.0,PE,0.0,0.0,0.0,202.35,232.4,0,0.0,0,0,18-APR-2022,
OPTSTK,PVR,30-Jun-2022,1980.0,PE,0.0,0.0,0.0,213.7,245.55,0,0.0,0,0,18-APR-2022,
OPTSTK,PVR,30-Jun-2022,2000.0,PE,0.0,0.0,0.0,225.3,258.95,0,0.0,0,0,18-APR-2022,
OPTSTK,PVR,30-Jun-2022,2020.0,PE,0.0,0.0,0.0,237.25,272.7,0,0.0,0,0,18-APR-2022,
OPTSTK,PVR,30-Jun-2022,2040.0,PE,0.0,0.0,0.0,249.45,286.8,0,0.0,0,0,18-APR-2022,
OPTSTK,PVR,30-Jun-2022,2060.0,PE,0.0,0.0,0.0,262.0,301.15,0,0.0,0,0,18-APR-2022,
OPTSTK,PVR,30-Jun-2022,2080.0,PE,0.0,0.0,0.0,274.8,315.8,0,0.0,0,0,18-APR-2022,
OPTSTK,PVR,30-Jun-2022,2100.0,PE,0.0,0.0,0.0,287.9,330.8,0,0.0,0,0,18-APR-2022,
OPTSTK,PVR,30-Jun-2022,2120.0,PE,0.0,0.0,0.0,301.25,346.0,0,0.0,0,0,18-APR-2022,
OPTSTK,PVR,30-Jun-2022,2140.0,PE,0.0,0.0,0.0,314.85,361.45,0,0.0,0,0,18-APR-2022,
OPTSTK,PVR,30-Jun-2022,2160.0,PE,0.0,0.0,0.0,328.75,377.15,0,0.0,0,0,18-APR-2022,
OPTSTK,PVR,30-Jun-2022,2180.0,PE,0.0,0.0,0.0,342.85,393.05,0,0.0,0,0,18-APR-2022,
OPTSTK,PVR,30-Jun-2022,2200.0,PE,0.0,0.0,0.0,357.25,409.15,0,0.0,0,0,18-APR-2022,
OPTSTK,PVR,30-Jun-2022,2220.0,PE,0.0,0.0,0.0,371.85,425.5,0,0.0,0,0,18-APR-2022,
OPTSTK,PVR,30-Jun-2022,2240.0,PE,0.0,0.0,0.0,386.8,442.05,0,0.0,0,0,18-APR-2022,
OPTSTK,PVR,30-Jun-2022,2260.0,PE,0.0,0.0,0.0,401.85,458.8,0,0.0,0,0,18-APR-2022,
OPTSTK,RAIN,28-Apr-2022,120.0,CE,0.0,0.0,0.0,96.75,60.1,0,0.0,0,0,18-APR-2022,
OPTSTK,RAIN,28-Apr-2022,125.0,CE,0.0,0.0,0.0,92.0,55.1,0,0.0,0,0,18-APR-2022,
OPTSTK,RAIN,28-Apr-2022,130.0,CE,0.0,0.0,0.0,87.35,50.1,0,0.0,0,0,18-APR-2022,
OPTSTK,RAIN,28-Apr-2022,135.0,CE,0.0,0.0,0.0,82.7,45.15,0,0.0,0,0,18-APR-2022,
OPTSTK,RAIN,28-Apr-2022,140.0,CE,0.0,0.0,0.0,78.2,40.15,0,0.0,0,0,18-APR-2022,
OPTSTK,RAIN,28-Apr-2022,145.0,CE,0.0,0.0,0.0,73.75,35.25,0,0.0,0,0,18-APR-2022,
OPTSTK,RAIN,28-Apr-2022,150.0,CE,0.0,0.0,0.0,69.45,30.4,0,0.0,0,0,18-APR-2022,
OPTSTK,RAIN,28-Apr-2022,155.0,CE,0.0,0.0,0.0,65.25,25.75,0,0.0,0,0,18-APR-2022,
OPTSTK,RAIN,28-Apr-2022,160.0,CE,0.0,0.0,0.0,61.2,21.3,0,0.0,0,0,18-APR-2022,
OPTSTK,RAIN,28-Apr-2022,165.0,CE,0.0,0.0,0.0,57.3,17.2,0,0.0,0,0,18-APR-2022,
OPTSTK,RAIN,28-Apr-2022,170.0,CE,0.0,0.0,0.0,53.5,13.5,0,0.0,0,0,18-APR-2022,
OPTSTK,RAIN,28-Apr-2022,175.0,CE,0.0,0.0,0.0,49.9,10.3,0,0.0,0,0,18-APR-2022,
OPTSTK,RAIN,28-Apr-2022,180.0,CE,8.85,8.85,5.5,5.7,5.7,41,190.73,102500,67500,18-APR-2022,
OPTSTK,RAIN,28-Apr-2022,185.0,CE,6.5,6.5,3.5,3.7,3.7,16,75.93,32500,15000,18-APR-2022,
OPTSTK,RAIN,28-Apr-2022,190.0,CE,4.45,4.45,2.25,2.5,2.5,139,671.38,245000,52500,18-APR-2022,
OPTSTK,RAIN,28-Apr-2022,195.0,CE,2.95,2.95,1.65,1.65,1.65,30,147.86,140000,15000,18-APR-2022,
OPTSTK,RAIN,28-Apr-2022,200.0,CE,2.0,2.0,1.15,1.25,1.25,176,886.6,1130000,25000,18-APR-2022,
OPTSTK,RAIN,28-Apr-2022,205.0,CE,1.15,1.9,1.0,1.0,1.05,8,41.23,57500,0,18-APR-2022,
OPTSTK,RAIN,28-Apr-2022,210.0,CE,0.75,1.15,0.75,0.8,0.8,98,516.7,772500,30000,18-APR-2022,
OPTSTK,RAIN,28-Apr-2022,215.0,CE,1.0,1.0,0.75,0.75,0.4,6,32.37,62500,-7500,18-APR-2022,
OPTSTK,RAIN,28-Apr-2022,220.0,CE,0.35,1.45,0.35,0.5,0.5,101,557.02,670000,-30000,18-APR-2022,
OPTSTK,RAIN,28-Apr-2022,225.0,CE,0.55,1.0,0.55,1.0,0.15,2,11.28,45000,-2500,18-APR-2022,
OPTSTK,RAIN,28-Apr-2022,230.0,CE,0.4,0.5,0.3,0.3,0.1,17,97.9,272500,-20000,18-APR-2022,
OPTSTK,RAIN,28-Apr-2022,235.0,CE,0.0,0.0,0.0,18.95,0.05,0,0.0,0,0,18-APR-2022,
OPTSTK,RAIN,28-Apr-2022,240.0,CE,0.2,0.4,0.2,0.2,0.05,12,72.08,140000,-12500,18-APR-2022,
OPTSTK,RAIN,28-Apr-2022,245.0,CE,0.0,0.0,0.0,15.85,0.05,0,0.0,0,0,18-APR-2022,
OPTSTK,RAIN,28-Apr-2022,250.0,CE,0.3,0.3,0.25,0.25,0.05,4,25.02,115000,7500,18-APR-2022,
OPTSTK,RAIN,28-Apr-2022,255.0,CE,0.0,0.0,0.0,13.2,0.0,0,0.0,0,0,18-APR-2022,
OPTSTK,RAIN,28-Apr-2022,260.0,CE,0.0,0.0,0.0,0.4,0.0,0,0.0,7500,0,18-APR-2022,
OPTSTK,RAIN,28-Apr-2022,265.0,CE,0.0,0.0,0.0,10.95,0.0,0,0.0,0,0,18-APR-2022,
OPTSTK,RAIN,28-Apr-2022,270.0,CE,0.0,0.0,0.0,9.95,0.0,0,0.0,0,0,18-APR-2022,
OPTSTK,RAIN,28-Apr-2022,275.0,CE,0.0,0.0,0.0,9.05,0.0,0,0.0,0,0,18-APR-2022,
OPTSTK,RAIN,28-Apr-2022,280.0,CE,0.0,0.0,0.0,1.0,0.0,0,0.0,5000,0,18-APR-2022,
OPTSTK,RAIN,28-Apr-2022,285.0,CE,0.0,0.0,0.0,7.45,0.0,0,0.0,0,0,18-APR-2022,
OPTSTK,RAIN,28-Apr-2022,290.0,CE,0.0,0.0,0.0,6.75,0.0,0,0.0,0,0,18-APR-2022,
OPTSTK,RAIN,28-Apr-2022,295.0,CE,0.0,0.0,0.0,6.1,0.0,0,0.0,0,0,18-APR-2022,
OPTSTK,RAIN,28-Apr-2022,300.0,CE,0.0,0.0,0.0,5.55,0.0,0,0.0,0,0,18-APR-2022,
OPTSTK,RAIN,28-Apr-2022,305.0,CE,0.0,0.0,0.0,5.0,0.0,0,0.0,0,0,18-APR-2022,
OPTSTK,RAIN,28-Apr-2022,120.0,PE,0.0,0.0,0.0,0.45,0.0,0,0.0,0,0,18-APR-2022,
OPTSTK,RAIN,28-Apr-2022,125.0,PE,0.0,0.0,0.0,0.3,0.0,0,0.0,0,0,18-APR-2022,
OPTSTK,RAIN,28-Apr-2022,130.0,PE,0.0,0.0,0.0,0.9,0.0,0,0.0,0,0,18-APR-2022,
OPTSTK,RAIN,28-Apr-2022,135.0,PE,0.0,0.0,0.0,1.25,0.05,0,0.0,0,0,18-APR-2022,
OPTSTK,RAIN,28-Apr-2022,140.0,PE,0.0,0.0,0.0,0.55,0.05,0,0.0,2500,0,18-APR-2022,
OPTSTK,RAIN,28-Apr-2022,145.0,PE,0.0,0.0,0.0,2.2,0.15,0,0.0,0,0,18-APR-2022,
OPTSTK,RAIN,28-Apr-2022,150.0,PE,0.0,0.0,0.0,0.4,0.3,0,0.0,5000,0,18-APR-2022,
OPTSTK,RAIN,28-Apr-2022,155.0,PE,0.0,0.0,0.0,3.6,0.6,0,0.0,0,0,18-APR-2022,
OPTSTK,RAIN,28-Apr-2022,160.0,PE,1.2,1.2,0.85,0.85,1.15,3,12.07,15000,0,18-APR-2022,
OPTSTK,RAIN,28-Apr-2022,165.0,PE,0.0,0.0,0.0,5.5,2.05,0,0.0,0,0,18-APR-2022,
OPTSTK,RAIN,28-Apr-2022,170.0,PE,2.0,2.5,1.9,2.05,2.05,43,185.06,120000,27500,18-APR-2022,
OPTSTK,RAIN,28-Apr-2022,175.0,PE,3.05,4.0,3.05,3.1,3.1,8,35.7,27500,2500,18-APR-2022,
OPTSTK,RAIN,28-Apr-2022,180.0,PE,4.5,6.3,4.5,5.05,7.45,34,157.63,185000,-7500,18-APR-2022,
OPTSTK,RAIN,28-Apr-2022,185.0,PE,7.0,8.25,6.8,7.45,7.45,15,72.2,32500,-2500,18-APR-2022,
OPTSTK,RAIN,28-Apr-2022,190.0,PE,9.2,13.3,9.2,11.85,11.85,21,105.66,137500,-22500,18-APR-2022,
OPTSTK,RAIN,28-Apr-2022,195.0,PE,14.15,16.55,14.15,16.35,16.35,5,26.34,52500,5000,18-APR-2022,
OPTSTK,RAIN,28-Apr-2022,200.0,PE,17.65,20.6,17.65,20.6,21.5,4,21.97,197500,-2500,18-APR-2022,
OPTSTK,RAIN,28-Apr-2022,205.0,PE,0.0,0.0,0.0,20.55,25.9,0,0.0,12500,0,18-APR-2022,
OPTSTK,RAIN,28-Apr-2022,210.0,PE,26.45,31.0,26.45,31.0,30.5,2,11.93,35000,0,18-APR-2022,
OPTSTK,RAIN,28-Apr-2022,215.0,PE,0.0,0.0,0.0,24.5,35.2,0,0.0,0,0,18-APR-2022,
OPTSTK,RAIN,28-Apr-2022,220.0,PE,0.0,0.0,0.0,35.0,40.05,0,0.0,55000,0,18-APR-2022,
OPTSTK,RAIN,28-Apr-2022,225.0,PE,0.0,0.0,0.0,30.2,44.95,0,0.0,0,0,18-APR-2022,
OPTSTK,RAIN,28-Apr-2022,230.0,PE,0.0,0.0,0.0,35.05,49.9,0,0.0,12500,0,18-APR-2022,
OPTSTK,RAIN,28-Apr-2022,235.0,PE,0.0,0.0,0.0,36.45,54.85,0,0.0,0,0,18-APR-2022,
OPTSTK,RAIN,28-Apr-2022,240.0,PE,0.0,0.0,0.0,44.0,59.8,0,0.0,2500,0,18-APR-2022,
OPTSTK,RAIN,28-Apr-2022,245.0,PE,0.0,0.0,0.0,43.25,64.8,0,0.0,0,0,18-APR-2022,
OPTSTK,RAIN,28-Apr-2022,250.0,PE,0.0,0.0,0.0,46.8,69.8,0,0.0,0,0,18-APR-2022,
OPTSTK,RAIN,28-Apr-2022,255.0,PE,0.0,0.0,0.0,50.45,74.8,0,0.0,0,0,18-APR-2022,
OPTSTK,RAIN,28-Apr-2022,260.0,PE,0.0,0.0,0.0,54.25,79.8,0,0.0,0,0,18-APR-2022,
OPTSTK,RAIN,28-Apr-2022,265.0,PE,0.0,0.0,0.0,58.1,84.75,0,0.0,0,0,18-APR-2022,
OPTSTK,RAIN,28-Apr-2022,270.0,PE,0.0,0.0,0.0,62.1,89.75,0,0.0,0,0,18-APR-2022,
OPTSTK,RAIN,28-Apr-2022,275.0,PE,0.0,0.0,0.0,66.1,94.75,0,0.0,0,0,18-APR-2022,
OPTSTK,RAIN,28-Apr-2022,280.0,PE,0.0,0.0,0.0,70.25,99.75,0,0.0,0,0,18-APR-2022,
OPTSTK,RAIN,28-Apr-2022,285.0,PE,0.0,0.0,0.0,74.4,104.75,0,0.0,0,0,18-APR-2022,
OPTSTK,RAIN,28-Apr-2022,290.0,PE,0.0,0.0,0.0,78.65,109.75,0,0.0,0,0,18-APR-2022,
OPTSTK,RAIN,28-Apr-2022,295.0,PE,0.0,0.0,0.0,83.0,114.75,0,0.0,0,0,18-APR-2022,
OPTSTK,RAIN,28-Apr-2022,300.0,PE,0.0,0.0,0.0,87.35,119.75,0,0.0,0,0,18-APR-2022,
OPTSTK,RAIN,28-Apr-2022,305.0,PE,0.0,0.0,0.0,91.8,124.75,0,0.0,0,0,18-APR-2022,
OPTSTK,RAIN,26-May-2022,120.0,CE,0.0,0.0,0.0,65.3,60.75,0,0.0,0,0,18-APR-2022,
OPTSTK,RAIN,26-May-2022,125.0,CE,0.0,0.0,0.0,60.95,55.95,0,0.0,0,0,18-APR-2022,
OPTSTK,RAIN,26-May-2022,130.0,CE,0.0,0.0,0.0,56.7,51.25,0,0.0,0,0,18-APR-2022,
OPTSTK,RAIN,26-May-2022,135.0,CE,0.0,0.0,0.0,52.6,46.65,0,0.0,0,0,18-APR-2022,
OPTSTK,RAIN,26-May-2022,140.0,CE,0.0,0.0,0.0,48.7,42.2,0,0.0,0,0,18-APR-2022,
OPTSTK,RAIN,26-May-2022,145.0,CE,0.0,0.0,0.0,44.95,37.95,0,0.0,0,0,18-APR-2022,
OPTSTK,RAIN,26-May-2022,150.0,CE,0.0,0.0,0.0,41.35,33.9,0,0.0,0,0,18-APR-2022,
OPTSTK,RAIN,26-May-2022,155.0,CE,0.0,0.0,0.0,37.95,30.1,0,0.0,0,0,18-APR-2022,
OPTSTK,RAIN,26-May-2022,160.0,CE,0.0,0.0,0.0,34.75,26.5,0,0.0,0,0,18-APR-2022,
OPTSTK,RAIN,26-May-2022,165.0,CE,0.0,0.0,0.0,31.75,23.2,0,0.0,0,0,18-APR-2022,
OPTSTK,RAIN,26-May-2022,170.0,CE,0.0,0.0,0.0,28.95,20.2,0,0.0,0,0,18-APR-2022,
OPTSTK,RAIN,26-May-2022,175.0,CE,0.0,0.0,0.0,26.35,17.45,0,0.0,0,0,18-APR-2022,
OPTSTK,RAIN,26-May-2022,180.0,CE,12.0,12.0,12.0,12.0,12.0,1,4.8,2500,2500,18-APR-2022,
OPTSTK,RAIN,26-May-2022,185.0,CE,0.0,0.0,0.0,21.7,12.8,0,0.0,0,0,18-APR-2022,
OPTSTK,RAIN,26-May-2022,190.0,CE,0.0,0.0,0.0,19.6,10.85,0,0.0,0,0,18-APR-2022,
OPTSTK,RAIN,26-May-2022,195.0,CE,0.0,0.0,0.0,17.7,9.15,0,0.0,0,0,18-APR-2022,
OPTSTK,RAIN,26-May-2022,200.0,CE,6.1,6.1,6.0,6.0,6.0,3,15.45,12500,7500,18-APR-2022,
OPTSTK,RAIN,26-May-2022,205.0,CE,0.0,0.0,0.0,14.35,6.4,0,0.0,0,0,18-APR-2022,
OPTSTK,RAIN,26-May-2022,210.0,CE,4.0,4.0,4.0,4.0,5.35,1,5.35,2500,0,18-APR-2022,
OPTSTK,RAIN,26-May-2022,215.0,CE,0.0,0.0,0.0,11.6,4.4,0,0.0,0,0,18-APR-2022,
OPTSTK,RAIN,26-May-2022,220.0,CE,0.0,0.0,0.0,10.4,3.65,0,0.0,0,0,18-APR-2022,
OPTSTK,RAIN,26-May-2022,225.0,CE,0.0,0.0,0.0,9.3,3.0,0,0.0,0,0,18-APR-2022,
OPTSTK,RAIN,26-May-2022,230.0,CE,0.0,0.0,0.0,8.35,2.45,0,0.0,0,0,18-APR-2022,
OPTSTK,RAIN,26-May-2022,235.0,CE,0.0,0.0,0.0,7.45,2.0,0,0.0,0,0,18-APR-2022,
OPTSTK,RAIN,26-May-2022,240.0,CE,0.0,0.0,0.0,2.5,1.6,0,0.0,5000,0,18-APR-2022,
OPTSTK,RAIN,26-May-2022,245.0,CE,0.0,0.0,0.0,5.9,1.3,0,0.0,0,0,18-APR-2022,
OPTSTK,RAIN,26-May-2022,250.0,CE,0.0,0.0,0.0,1.0,1.05,0,0.0,0,0,18-APR-2022,
OPTSTK,RAIN,26-May-2022,255.0,CE,0.0,0.0,0.0,4.7,0.85,0,0.0,0,0,18-APR-2022,
OPTSTK,RAIN,26-May-2022,260.0,CE,0.0,0.0,0.0,4.2,0.7,0,0.0,0,0,18-APR-2022,
OPTSTK,RAIN,26-May-2022,265.0,CE,0.0,0.0,0.0,3.7,0.55,0,0.0,0,0,18-APR-2022,
OPTSTK,RAIN,26-May-2022,270.0,CE,0.0,0.0,0.0,3.3,0.45,0,0.0,0,0,18-APR-2022,
OPTSTK,RAIN,26-May-2022,275.0,CE,0.0,0.0,0.0,2.95,0.35,0,0.0,0,0,18-APR-2022,
OPTSTK,RAIN,26-May-2022,280.0,CE,0.0,0.0,0.0,2.6,0.3,0,0.0,0,0,18-APR-2022,
OPTSTK,RAIN,26-May-2022,285.0,CE,0.0,0.0,0.0,2.3,0.25,0,0.0,0,0,18-APR-2022,
OPTSTK,RAIN,26-May-2022,120.0,PE,0.0,0.0,0.0,1.55,0.25,0,0.0,0,0,18-APR-2022,
OPTSTK,RAIN,26-May-2022,125.0,PE,0.0,0.0,0.0,2.15,0.45,0,0.0,0,0,18-APR-2022,
OPTSTK,RAIN,26-May-2022,130.0,PE,0.0,0.0,0.0,2.85,0.7,0,0.0,0,0,18-APR-2022,
OPTSTK,RAIN,26-May-2022,135.0,PE,0.0,0.0,0.0,3.7,1.1,0,0.0,0,0,18-APR-2022,
OPTSTK,RAIN,26-May-2022,140.0,PE,0.0,0.0,0.0,4.7,1.65,0,0.0,0,0,18-APR-2022,
OPTSTK,RAIN,26-May-2022,145.0,PE,0.0,0.0,0.0,5.9,2.35,0,0.0,0,0,18-APR-2022,
OPTSTK,RAIN,26-May-2022,150.0,PE,0.0,0.0,0.0,7.3,3.3,0,0.0,0,0,18-APR-2022,
OPTSTK,RAIN,26-May-2022,155.0,PE,0.0,0.0,0.0,8.85,4.45,0,0.0,0,0,18-APR-2022,
OPTSTK,RAIN,26-May-2022,160.0,PE,0.0,0.0,0.0,3.0,5.85,0,0.0,2500,0,18-APR-2022,
OPTSTK,RAIN,26-May-2022,165.0,PE,0.0,0.0,0.0,12.55,7.55,0,0.0,0,0,18-APR-2022,
OPTSTK,RAIN,26-May-2022,170.0,PE,7.3,7.3,7.3,7.3,9.5,1,4.43,5000,2500,18-APR-2022,
OPTSTK,RAIN,26-May-2022,175.0,PE,0.0,0.0,0.0,17.0,11.75,0,0.0,0,0,18-APR-2022,
OPTSTK,RAIN,26-May-2022,180.0,PE,12.0,12.0,12.0,12.0,14.25,1,4.8,5000,2500,18-APR-2022,
OPTSTK,RAIN,26-May-2022,185.0,PE,0.0,0.0,0.0,22.25,17.0,0,0.0,0,0,18-APR-2022,
OPTSTK,RAIN,26-May-2022,190.0,PE,16.0,16.0,16.0,16.0,20.05,1,5.15,7500,0,18-APR-2022,
OPTSTK,RAIN,26-May-2022,195.0,PE,0.0,0.0,0.0,13.25,23.35,0,0.0,5000,0,18-APR-2022,
OPTSTK,RAIN,26-May-2022,200.0,PE,0.0,0.0,0.0,31.35,26.85,0,0.0,0,0,18-APR-2022,
OPTSTK,RAIN,26-May-2022,205.0,PE,0.0,0.0,0.0,34.7,30.55,0,0.0,0,0,18-APR-2022,
OPTSTK,RAIN,26-May-2022,210.0,PE,0.0,0.0,0.0,38.2,34.45,0,0.0,0,0,18-APR-2022,
OPTSTK,RAIN,26-May-2022,215.0,PE,0.0,0.0,0.0,41.85,38.5,0,0.0,0,0,18-APR-2022,
OPTSTK,RAIN,26-May-2022,220.0,PE,0.0,0.0,0.0,45.6,42.7,0,0.0,0,0,18-APR-2022,
OPTSTK,RAIN,26-May-2022,225.0,PE,0.0,0.0,0.0,49.45,47.05,0,0.0,0,0,18-APR-2022,
OPTSTK,RAIN,26-May-2022,230.0,PE,0.0,0.0,0.0,53.4,51.45,0,0.0,0,0,18-APR-2022,
OPTSTK,RAIN,26-May-2022,235.0,PE,0.0,0.0,0.0,57.5,56.0,0,0.0,0,0,18-APR-2022,
OPTSTK,RAIN,26-May-2022,240.0,PE,0.0,0.0,0.0,61.6,60.6,0,0.0,0,0,18-APR-2022,
OPTSTK,RAIN,26-May-2022,245.0,PE,0.0,0.0,0.0,65.85,65.25,0,0.0,0,0,18-APR-2022,
OPTSTK,RAIN,26-May-2022,250.0,PE,0.0,0.0,0.0,70.15,70.0,0,0.0,0,0,18-APR-2022,
OPTSTK,RAIN,26-May-2022,255.0,PE,0.0,0.0,0.0,74.5,74.75,0,0.0,0,0,18-APR-2022,
OPTSTK,RAIN,26-May-2022,260.0,PE,0.0,0.0,0.0,78.95,79.6,0,0.0,0,0,18-APR-2022,
OPTSTK,RAIN,26-May-2022,265.0,PE,0.0,0.0,0.0,83.45,84.4,0,0.0,0,0,18-APR-2022,
OPTSTK,RAIN,26-May-2022,270.0,PE,0.0,0.0,0.0,87.95,89.3,0,0.0,0,0,18-APR-2022,
OPTSTK,RAIN,26-May-2022,275.0,PE,0.0,0.0,0.0,92.55,94.2,0,0.0,0,0,18-APR-2022,
OPTSTK,RAIN,26-May-2022,280.0,PE,0.0,0.0,0.0,97.15,99.1,0,0.0,0,0,18-APR-2022,
OPTSTK,RAIN,26-May-2022,285.0,PE,0.0,0.0,0.0,101.8,104.0,0,0.0,0,0,18-APR-2022,
OPTSTK,RAIN,30-Jun-2022,120.0,CE,0.0,0.0,0.0,76.6,62.3,0,0.0,0,0,18-APR-2022,
OPTSTK,RAIN,30-Jun-2022,125.0,CE,0.0,0.0,0.0,72.1,57.85,0,0.0,0,0,18-APR-2022,
OPTSTK,RAIN,30-Jun-2022,130.0,CE,0.0,0.0,0.0,67.75,53.6,0,0.0,0,0,18-APR-2022,
OPTSTK,RAIN,30-Jun-2022,135.0,CE,0.0,0.0,0.0,63.5,49.45,0,0.0,0,0,18-APR-2022,
OPTSTK,RAIN,30-Jun-2022,140.0,CE,0.0,0.0,0.0,59.4,45.5,0,0.0,0,0,18-APR-2022,
OPTSTK,RAIN,30-Jun-2022,145.0,CE,0.0,0.0,0.0,55.45,41.7,0,0.0,0,0,18-APR-2022,
OPTSTK,RAIN,30-Jun-2022,150.0,CE,0.0,0.0,0.0,51.65,38.1,0,0.0,0,0,18-APR-2022,
OPTSTK,RAIN,30-Jun-2022,155.0,CE,0.0,0.0,0.0,48.05,34.75,0,0.0,0,0,18-APR-2022,
OPTSTK,RAIN,30-Jun-2022,160.0,CE,0.0,0.0,0.0,44.55,31.55,0,0.0,0,0,18-APR-2022,
OPTSTK,RAIN,30-Jun-2022,165.0,CE,0.0,0.0,0.0,41.25,28.6,0,0.0,0,0,18-APR-2022,
OPTSTK,RAIN,30-Jun-2022,170.0,CE,0.0,0.0,0.0,38.15,25.85,0,0.0,0,0,18-APR-2022,
OPTSTK,RAIN,30-Jun-2022,175.0,CE,0.0,0.0,0.0,35.2,23.25,0,0.0,0,0,18-APR-2022,
OPTSTK,RAIN,30-Jun-2022,180.0,CE,0.0,0.0,0.0,32.45,20.9,0,0.0,0,0,18-APR-2022,
OPTSTK,RAIN,30-Jun-2022,185.0,CE,0.0,0.0,0.0,29.85,18.75,0,0.0,0,0,18-APR-2022,
OPTSTK,RAIN,30-Jun-2022,190.0,CE,0.0,0.0,0.0,27.4,16.8,0,0.0,0,0,18-APR-2022,
OPTSTK,RAIN,30-Jun-2022,195.0,CE,0.0,0.0,0.0,25.1,14.95,0,0.0,0,0,18-APR-2022,
OPTSTK,RAIN,30-Jun-2022,200.0,CE,0.0,0.0,0.0,23.0,13.35,0,0.0,0,0,18-APR-2022,
OPTSTK,RAIN,30-Jun-2022,205.0,CE,0.0,0.0,0.0,21.05,11.85,0,0.0,0,0,18-APR-2022,
OPTSTK,RAIN,30-Jun-2022,210.0,CE,0.0,0.0,0.0,19.2,10.5,0,0.0,0,0,18-APR-2022,
OPTSTK,RAIN,30-Jun-2022,215.0,CE,0.0,0.0,0.0,17.55,9.35,0,0.0,0,0,18-APR-2022,
OPTSTK,RAIN,30-Jun-2022,220.0,CE,0.0,0.0,0.0,16.0,8.25,0,0.0,0,0,18-APR-2022,
OPTSTK,RAIN,30-Jun-2022,225.0,CE,0.0,0.0,0.0,14.55,7.3,0,0.0,0,0,18-APR-2022,
OPTSTK,RAIN,30-Jun-2022,230.0,CE,0.0,0.0,0.0,13.25,6.45,0,0.0,0,0,18-APR-2022,
OPTSTK,RAIN,30-Jun-2022,235.0,CE,0.0,0.0,0.0,12.05,5.65,0,0.0,0,0,18-APR-2022,
OPTSTK,RAIN,30-Jun-2022,240.0,CE,0.0,0.0,0.0,10.95,5.0,0,0.0,0,0,18-APR-2022,
OPTSTK,RAIN,30-Jun-2022,245.0,CE,0.0,0.0,0.0,9.9,4.4,0,0.0,0,0,18-APR-2022,
OPTSTK,RAIN,30-Jun-2022,250.0,CE,0.0,0.0,0.0,9.0,3.85,0,0.0,0,0,18-APR-2022,
OPTSTK,RAIN,30-Jun-2022,255.0,CE,0.0,0.0,0.0,8.15,3.35,0,0.0,0,0,18-APR-2022,
OPTSTK,RAIN,30-Jun-2022,260.0,CE,0.0,0.0,0.0,7.4,2.95,0,0.0,0,0,18-APR-2022,
OPTSTK,RAIN,30-Jun-2022,265.0,CE,0.0,0.0,0.0,6.7,2.6,0,0.0,0,0,18-APR-2022,
OPTSTK,RAIN,30-Jun-2022,270.0,CE,0.0,0.0,0.0,6.05,2.25,0,0.0,0,0,18-APR-2022,
OPTSTK,RAIN,30-Jun-2022,275.0,CE,0.0,0.0,0.0,5.45,2.0,0,0.0,0,0,18-APR-2022,
OPTSTK,RAIN,30-Jun-2022,120.0,PE,0.0,0.0,0.0,1.3,1.35,0,0.0,0,0,18-APR-2022,
OPTSTK,RAIN,30-Jun-2022,125.0,PE,0.0,0.0,0.0,1.8,1.85,0,0.0,0,0,18-APR-2022,
OPTSTK,RAIN,30-Jun-2022,130.0,PE,0.0,0.0,0.0,2.4,2.55,0,0.0,0,0,18-APR-2022,
OPTSTK,RAIN,30-Jun-2022,135.0,PE,0.0,0.0,0.0,3.1,3.35,0,0.0,0,0,18-APR-2022,
OPTSTK,RAIN,30-Jun-2022,140.0,PE,0.0,0.0,0.0,3.95,4.35,0,0.0,0,0,18-APR-2022,
OPTSTK,RAIN,30-Jun-2022,145.0,PE,0.0,0.0,0.0,4.95,5.55,0,0.0,0,0,18-APR-2022,
OPTSTK,RAIN,30-Jun-2022,150.0,PE,0.0,0.0,0.0,6.1,6.9,0,0.0,0,0,18-APR-2022,
OPTSTK,RAIN,30-Jun-2022,155.0,PE,0.0,0.0,0.0,7.4,8.45,0,0.0,0,0,18-APR-2022,
OPTSTK,RAIN,30-Jun-2022,160.0,PE,0.0,0.0,0.0,8.9,10.25,0,0.0,0,0,18-APR-2022,
OPTSTK,RAIN,30-Jun-2022,165.0,PE,0.0,0.0,0.0,10.55,12.25,0,0.0,0,0,18-APR-2022,
OPTSTK,RAIN,30-Jun-2022,170.0,PE,0.0,0.0,0.0,12.35,14.45,0,0.0,0,0,18-APR-2022,
OPTSTK,RAIN,30-Jun-2022,175.0,PE,0.0,0.0,0.0,14.35,16.85,0,0.0,0,0,18-APR-2022,
OPTSTK,RAIN,30-Jun-2022,180.0,PE,0.0,0.0,0.0,16.55,19.45,0,0.0,0,0,18-APR-2022,
OPTSTK,RAIN,30-Jun-2022,185.0,PE,0.0,0.0,0.0,18.9,22.25,0,0.0,0,0,18-APR-2022,
OPTSTK,RAIN,30-Jun-2022,190.0,PE,0.0,0.0,0.0,21.4,25.2,0,0.0,0,0,18-APR-2022,
OPTSTK,RAIN,30-Jun-2022,195.0,PE,0.0,0.0,0.0,24.05,28.35,0,0.0,0,0,18-APR-2022,
OPTSTK,RAIN,30-Jun-2022,200.0,PE,0.0,0.0,0.0,26.9,31.7,0,0.0,0,0,18-APR-2022,
OPTSTK,RAIN,30-Jun-2022,205.0,PE,0.0,0.0,0.0,29.9,35.15,0,0.0,0,0,18-APR-2022,
OPTSTK,RAIN,30-Jun-2022,210.0,PE,0.0,0.0,0.0,33.0,38.8,0,0.0,0,0,18-APR-2022,
OPTSTK,RAIN,30-Jun-2022,215.0,PE,0.0,0.0,0.0,36.3,42.55,0,0.0,0,0,18-APR-2022,
OPTSTK,RAIN,30-Jun-2022,220.0,PE,0.0,0.0,0.0,39.65,46.45,0,0.0,0,0,18-APR-2022,
OPTSTK,RAIN,30-Jun-2022,225.0,PE,0.0,0.0,0.0,43.2,50.45,0,0.0,0,0,18-APR-2022,
OPTSTK,RAIN,30-Jun-2022,230.0,PE,0.0,0.0,0.0,46.8,54.55,0,0.0,0,0,18-APR-2022,
OPTSTK,RAIN,30-Jun-2022,235.0,PE,0.0,0.0,0.0,50.55,58.75,0,0.0,0,0,18-APR-2022,
OPTSTK,RAIN,30-Jun-2022,240.0,PE,0.0,0.0,0.0,54.4,63.0,0,0.0,0,0,18-APR-2022,
OPTSTK,RAIN,30-Jun-2022,245.0,PE,0.0,0.0,0.0,58.35,67.35,0,0.0,0,0,18-APR-2022,
OPTSTK,RAIN,30-Jun-2022,250.0,PE,0.0,0.0,0.0,62.35,71.8,0,0.0,0,0,18-APR-2022,
OPTSTK,RAIN,30-Jun-2022,255.0,PE,0.0,0.0,0.0,66.5,76.25,0,0.0,0,0,18-APR-2022,
OPTSTK,RAIN,30-Jun-2022,260.0,PE,0.0,0.0,0.0,70.65,80.8,0,0.0,0,0,18-APR-2022,
OPTSTK,RAIN,30-Jun-2022,265.0,PE,0.0,0.0,0.0,74.9,85.4,0,0.0,0,0,18-APR-2022,
OPTSTK,RAIN,30-Jun-2022,270.0,PE,0.0,0.0,0.0,79.2,90.05,0,0.0,0,0,18-APR-2022,
OPTSTK,RAIN,30-Jun-2022,275.0,PE,0.0,0.0,0.0,83.55,94.7,0,0.0,0,0,18-APR-2022,
OPTSTK,RAMCOCEM,28-Apr-2022,500.0,CE,0.0,0.0,0.0,351.1,304.7,0,0.0,0,0,18-APR-2022,
OPTSTK,RAMCOCEM,28-Apr-2022,510.0,CE,0.0,0.0,0.0,341.2,294.7,0,0.0,0,0,18-APR-2022,
OPTSTK,RAMCOCEM,28-Apr-2022,520.0,CE,0.0,0.0,0.0,331.35,284.7,0,0.0,0,0,18-APR-2022,
OPTSTK,RAMCOCEM,28-Apr-2022,530.0,CE,0.0,0.0,0.0,321.5,274.7,0,0.0,0,0,18-APR-2022,
OPTSTK,RAMCOCEM,28-Apr-2022,540.0,CE,0.0,0.0,0.0,311.7,264.75,0,0.0,0,0,18-APR-2022,
OPTSTK,RAMCOCEM,28-Apr-2022,550.0,CE,0.0,0.0,0.0,301.85,254.75,0,0.0,0,0,18-APR-2022,
OPTSTK,RAMCOCEM,28-Apr-2022,560.0,CE,0.0,0.0,0.0,292.1,244.75,0,0.0,0,0,18-APR-2022,
OPTSTK,RAMCOCEM,28-Apr-2022,570.0,CE,0.0,0.0,0.0,282.35,234.75,0,0.0,0,0,18-APR-2022,
OPTSTK,RAMCOCEM,28-Apr-2022,580.0,CE,0.0,0.0,0.0,272.65,224.75,0,0.0,0,0,18-APR-2022,
OPTSTK,RAMCOCEM,28-Apr-2022,590.0,CE,0.0,0.0,0.0,262.95,214.8,0,0.0,0,0,18-APR-2022,
OPTSTK,RAMCOCEM,28-Apr-2022,600.0,CE,0.0,0.0,0.0,253.35,204.8,0,0.0,0,0,18-APR-2022,
OPTSTK,RAMCOCEM,28-Apr-2022,610.0,CE,0.0,0.0,0.0,243.8,194.8,0,0.0,0,0,18-APR-2022,
OPTSTK,RAMCOCEM,28-Apr-2022,620.0,CE,0.0,0.0,0.0,234.35,184.8,0,0.0,0,0,18-APR-2022,
OPTSTK,RAMCOCEM,28-Apr-2022,630.0,CE,0.0,0.0,0.0,224.95,174.85,0,0.0,0,0,18-APR-2022,
OPTSTK,RAMCOCEM,28-Apr-2022,640.0,CE,0.0,0.0,0.0,215.7,164.85,0,0.0,0,0,18-APR-2022,
OPTSTK,RAMCOCEM,28-Apr-2022,650.0,CE,0.0,0.0,0.0,206.5,154.85,0,0.0,0,0,18-APR-2022,
OPTSTK,RAMCOCEM,28-Apr-2022,660.0,CE,0.0,0.0,0.0,197.5,144.85,0,0.0,0,0,18-APR-2022,
OPTSTK,RAMCOCEM,28-Apr-2022,670.0,CE,0.0,0.0,0.0,188.55,134.9,0,0.0,0,0,18-APR-2022,
OPTSTK,RAMCOCEM,28-Apr-2022,680.0,CE,0.0,0.0,0.0,179.8,124.95,0,0.0,0,0,18-APR-2022,
OPTSTK,RAMCOCEM,28-Apr-2022,690.0,CE,0.0,0.0,0.0,171.2,115.0,0,0.0,0,0,18-APR-2022,
OPTSTK,RAMCOCEM,28-Apr-2022,700.0,CE,0.0,0.0,0.0,109.0,105.1,0,0.0,0,0,18-APR-2022,
OPTSTK,RAMCOCEM,28-Apr-2022,710.0,CE,0.0,0.0,0.0,154.55,95.3,0,0.0,0,0,18-APR-2022,
OPTSTK,RAMCOCEM,28-Apr-2022,720.0,CE,0.0,0.0,0.0,146.5,85.6,0,0.0,0,0,18-APR-2022,
OPTSTK,RAMCOCEM,28-Apr-2022,730.0,CE,0.0,0.0,0.0,138.7,76.1,0,0.0,0,0,18-APR-2022,
OPTSTK,RAMCOCEM,28-Apr-2022,740.0,CE,0.0,0.0,0.0,131.05,66.9,0,0.0,0,0,18-APR-2022,
OPTSTK,RAMCOCEM,28-Apr-2022,750.0,CE,0.0,0.0,0.0,123.7,58.05,0,0.0,0,0,18-APR-2022,
OPTSTK,RAMCOCEM,28-Apr-2022,760.0,CE,0.0,0.0,0.0,116.55,49.65,0,0.0,0,0,18-APR-2022,
OPTSTK,RAMCOCEM,28-Apr-2022,770.0,CE,0.0,0.0,0.0,109.65,41.8,0,0.0,0,0,18-APR-2022,
OPTSTK,RAMCOCEM,28-Apr-2022,780.0,CE,33.4,33.4,33.4,33.4,34.6,1,6.91,11050,0,18-APR-2022,
OPTSTK,RAMCOCEM,28-Apr-2022,790.0,CE,0.0,0.0,0.0,96.55,28.15,0,0.0,0,0,18-APR-2022,
OPTSTK,RAMCOCEM,28-Apr-2022,800.0,CE,24.7,26.6,19.4,24.6,24.6,50,350.0,70550,850,18-APR-2022,
OPTSTK,RAMCOCEM,28-Apr-2022,810.0,CE,0.0,0.0,0.0,84.55,17.6,0,0.0,0,0,18-APR-2022,
OPTSTK,RAMCOCEM,28-Apr-2022,820.0,CE,19.8,19.8,12.75,16.4,16.4,185,1313.56,78200,3400,18-APR-2022,
OPTSTK,RAMCOCEM,28-Apr-2022,830.0,CE,10.55,10.55,10.0,10.4,10.4,4,28.57,3400,3400,18-APR-2022,
OPTSTK,RAMCOCEM,28-Apr-2022,840.0,CE,9.9,11.5,7.25,9.45,9.45,28,202.02,44200,0,18-APR-2022,
OPTSTK,RAMCOCEM,28-Apr-2022,850.0,CE,8.6,8.95,6.45,8.95,5.45,8,58.3,12750,-1700,18-APR-2022,
OPTSTK,RAMCOCEM,28-Apr-2022,860.0,CE,6.25,6.25,3.6,4.5,3.85,3,22.05,11900,1700,18-APR-2022,
OPTSTK,RAMCOCEM,28-Apr-2022,870.0,CE,0.0,0.0,0.0,6.0,2.65,0,0.0,5950,0,18-APR-2022,
OPTSTK,RAMCOCEM,28-Apr-2022,880.0,CE,0.0,0.0,0.0,50.65,1.8,0,0.0,0,0,18-APR-2022,
OPTSTK,RAMCOCEM,28-Apr-2022,890.0,CE,0.0,0.0,0.0,46.8,1.2,0,0.0,0,0,18-APR-2022,
OPTSTK,RAMCOCEM,28-Apr-2022,900.0,CE,1.4,1.4,1.35,1.35,0.8,3,22.98,51850,0,18-APR-2022,
OPTSTK,RAMCOCEM,28-Apr-2022,910.0,CE,0.0,0.0,0.0,39.8,0.5,0,0.0,0,0,18-APR-2022,
OPTSTK,RAMCOCEM,28-Apr-2022,920.0,CE,0.0,0.0,0.0,36.6,0.3,0,0.0,0,0,18-APR-2022,
OPTSTK,RAMCOCEM,28-Apr-2022,930.0,CE,0.0,0.0,0.0,33.65,0.2,0,0.0,0,0,18-APR-2022,
OPTSTK,RAMCOCEM,28-Apr-2022,940.0,CE,0.0,0.0,0.0,2.5,0.15,0,0.0,850,0,18-APR-2022,
OPTSTK,RAMCOCEM,28-Apr-2022,950.0,CE,0.0,0.0,0.0,28.35,0.1,0,0.0,0,0,18-APR-2022,
OPTSTK,RAMCOCEM,28-Apr-2022,960.0,CE,0.0,0.0,0.0,25.95,0.05,0,0.0,0,0,18-APR-2022,
OPTSTK,RAMCOCEM,28-Apr-2022,970.0,CE,0.0,0.0,0.0,23.75,0.05,0,0.0,0,0,18-APR-2022,
OPTSTK,RAMCOCEM,28-Apr-2022,980.0,CE,0.0,0.0,0.0,21.7,0.05,0,0.0,0,0,18-APR-2022,
OPTSTK,RAMCOCEM,28-Apr-2022,990.0,CE,0.0,0.0,0.0,19.75,0.05,0,0.0,0,0,18-APR-2022,
OPTSTK,RAMCOCEM,28-Apr-2022,1000.0,CE,0.0,0.0,0.0,2.0,0.0,0,0.0,2550,0,18-APR-2022,
OPTSTK,RAMCOCEM,28-Apr-2022,1010.0,CE,0.0,0.0,0.0,16.35,0.0,0,0.0,0,0,18-APR-2022,
OPTSTK,RAMCOCEM,28-Apr-2022,1020.0,CE,0.0,0.0,0.0,14.9,0.0,0,0.0,0,0,18-APR-2022,
OPTSTK,RAMCOCEM,28-Apr-2022,1030.0,CE,0.0,0.0,0.0,13.5,0.0,0,0.0,0,0,18-APR-2022,
OPTSTK,RAMCOCEM,28-Apr-2022,1040.0,CE,0.0,0.0,0.0,12.25,0.0,0,0.0,0,0,18-APR-2022,
OPTSTK,RAMCOCEM,28-Apr-2022,1050.0,CE,0.0,0.0,0.0,11.1,0.0,0,0.0,0,0,18-APR-2022,
OPTSTK,RAMCOCEM,28-Apr-2022,1060.0,CE,0.0,0.0,0.0,0.1,0.0,0,0.0,1700,0,18-APR-2022,
OPTSTK,RAMCOCEM,28-Apr-2022,1070.0,CE,0.0,0.0,0.0,9.1,0.0,0,0.0,0,0,18-APR-2022,
OPTSTK,RAMCOCEM,28-Apr-2022,1080.0,CE,0.0,0.0,0.0,8.2,0.0,0,0.0,0,0,18-APR-2022,
OPTSTK,RAMCOCEM,28-Apr-2022,1090.0,CE,0.0,0.0,0.0,7.4,0.0,0,0.0,0,0,18-APR-2022,
OPTSTK,RAMCOCEM,28-Apr-2022,1100.0,CE,0.0,0.0,0.0,6.7,0.0,0,0.0,0,0,18-APR-2022,
OPTSTK,RAMCOCEM,28-Apr-2022,1110.0,CE,0.0,0.0,0.0,6.0,0.0,0,0.0,0,0,18-APR-2022,
OPTSTK,RAMCOCEM,28-Apr-2022,1120.0,CE,0.0,0.0,0.0,5.4,0.0,0,0.0,0,0,18-APR-2022,
OPTSTK,RAMCOCEM,28-Apr-2022,1130.0,CE,0.0,0.0,0.0,4.85,0.0,0,0.0,0,0,18-APR-2022,
OPTSTK,RAMCOCEM,28-Apr-2022,1140.0,CE,0.0,0.0,0.0,4.35,0.0,0,0.0,0,0,18-APR-2022,
OPTSTK,RAMCOCEM,28-Apr-2022,1150.0,CE,0.0,0.0,0.0,3.9,0.0,0,0.0,0,0,18-APR-2022,
OPTSTK,RAMCOCEM,28-Apr-2022,1160.0,CE,0.0,0.0,0.0,3.5,0.0,0,0.0,0,0,18-APR-2022,
OPTSTK,RAMCOCEM,28-Apr-2022,1170.0,CE,0.0,0.0,0.0,3.15,0.0,0,0.0,0,0,18-APR-2022,
OPTSTK,RAMCOCEM,28-Apr-2022,1180.0,CE,0.0,0.0,0.0,2.8,0.0,0,0.0,0,0,18-APR-2022,
OPTSTK,RAMCOCEM,28-Apr-2022,1190.0,CE,0.0,0.0,0.0,2.55,0.0,0,0.0,0,0,18-APR-2022,
OPTSTK,RAMCOCEM,28-Apr-2022,1200.0,CE,0.0,0.0,0.0,2.25,0.0,0,0.0,0,0,18-APR-2022,
OPTSTK,RAMCOCEM,28-Apr-2022,1210.0,CE,0.0,0.0,0.0,2.0,0.0,0,0.0,0,0,18-APR-2022,
OPTSTK,RAMCOCEM,28-Apr-2022,1220.0,CE,0.0,0.0,0.0,1.8,0.0,0,0.0,0,0,18-APR-2022,
OPTSTK,RAMCOCEM,28-Apr-2022,1230.0,CE,0.0,0.0,0.0,1.6,0.0,0,0.0,0,0,18-APR-2022,
OPTSTK,RAMCOCEM,28-Apr-2022,1240.0,CE,0.0,0.0,0.0,1.45,0.0,0,0.0,0,0,18-APR-2022,
OPTSTK,RAMCOCEM,28-Apr-2022,1250.0,CE,0.0,0.0,0.0,1.3,0.0,0,0.0,0,0,18-APR-2022,
OPTSTK,RAMCOCEM,28-Apr-2022,500.0,PE,0.0,0.0,0.0,0.1,0.0,0,0.0,0,0,18-APR-2022,
OPTSTK,RAMCOCEM,28-Apr-2022,510.0,PE,0.0,0.0,0.0,0.1,0.0,0,0.0,0,0,18-APR-2022,
OPTSTK,RAMCOCEM,28-Apr-2022,520.0,PE,0.0,0.0,0.0,0.15,0.0,0,0.0,0,0,18-APR-2022,
OPTSTK,RAMCOCEM,28-Apr-2022,530.0,PE,0.0,0.0,0.0,0.2,0.0,0,0.0,0,0,18-APR-2022,
OPTSTK,RAMCOCEM,28-Apr-2022,540.0,PE,0.0,0.0,0.0,0.25,0.0,0,0.0,0,0,18-APR-2022,
OPTSTK,RAMCOCEM,28-Apr-2022,550.0,PE,0.0,0.0,0.0,0.35,0.0,0,0.0,0,0,18-APR-2022,
OPTSTK,RAMCOCEM,28-Apr-2022,560.0,PE,0.0,0.0,0.0,0.45,0.0,0,0.0,0,0,18-APR-2022,
OPTSTK,RAMCOCEM,28-Apr-2022,570.0,PE,0.0,0.0,0.0,0.6,0.0,0,0.0,0,0,18-APR-2022,
OPTSTK,RAMCOCEM,28-Apr-2022,580.0,PE,0.0,0.0,0.0,0.5,0.0,0,0.0,0,0,18-APR-2022,
OPTSTK,RAMCOCEM,28-Apr-2022,590.0,PE,0.0,0.0,0.0,1.0,0.0,0,0.0,0,0,18-APR-2022,
OPTSTK,RAMCOCEM,28-Apr-2022,600.0,PE,0.0,0.0,0.0,1.3,0.0,0,0.0,0,0,18-APR-2022,
OPTSTK,RAMCOCEM,28-Apr-2022,610.0,PE,0.0,0.0,0.0,1.65,0.0,0,0.0,0,0,18-APR-2022,
OPTSTK,RAMCOCEM,28-Apr-2022,620.0,PE,0.0,0.0,0.0,2.1,0.0,0,0.0,0,0,18-APR-2022,
OPTSTK,RAMCOCEM,28-Apr-2022,630.0,PE,0.0,0.0,0.0,2.6,0.0,0,0.0,0,0,18-APR-2022,
OPTSTK,RAMCOCEM,28-Apr-2022,640.0,PE,0.0,0.0,0.0,3.25,0.0,0,0.0,0,0,18-APR-2022,
OPTSTK,RAMCOCEM,28-Apr-2022,650.0,PE,0.0,0.0,0.0,3.65,0.0,0,0.0,2550,0,18-APR-2022,
OPTSTK,RAMCOCEM,28-Apr-2022,660.0,PE,0.0,0.0,0.0,4.8,0.05,0,0.0,0,0,18-APR-2022,
OPTSTK,RAMCOCEM,28-Apr-2022,670.0,PE,0.0,0.0,0.0,5.8,0.05,0,0.0,0,0,18-APR-2022,
OPTSTK,RAMCOCEM,28-Apr-2022,680.0,PE,0.0,0.0,0.0,6.95,0.05,0,0.0,0,0,18-APR-2022,
OPTSTK,RAMCOCEM,28-Apr-2022,690.0,PE,0.0,0.0,0.0,8.2,0.1,0,0.0,0,0,18-APR-2022,
OPTSTK,RAMCOCEM,28-Apr-2022,700.0,PE,1.55,1.55,1.5,1.5,0.2,2,11.92,21250,-850,18-APR-2022,
OPTSTK,RAMCOCEM,28-Apr-2022,710.0,PE,0.0,0.0,0.0,1.0,0.4,0,0.0,0,0,18-APR-2022,
OPTSTK,RAMCOCEM,28-Apr-2022,720.0,PE,0.0,0.0,0.0,1.6,0.7,0,0.0,0,0,18-APR-2022,
OPTSTK,RAMCOCEM,28-Apr-2022,730.0,PE,0.0,0.0,0.0,15.25,1.2,0,0.0,0,0,18-APR-2022,
OPTSTK,RAMCOCEM,28-Apr-2022,740.0,PE,0.0,0.0,0.0,7.8,1.95,0,0.0,850,0,18-APR-2022,
OPTSTK,RAMCOCEM,28-Apr-2022,750.0,PE,4.0,4.0,4.0,4.0,3.1,1,6.4,15300,-850,18-APR-2022,
OPTSTK,RAMCOCEM,28-Apr-2022,760.0,PE,0.0,0.0,0.0,18.0,4.7,0,0.0,1700,0,18-APR-2022,
OPTSTK,RAMCOCEM,28-Apr-2022,770.0,PE,0.0,0.0,0.0,25.8,6.85,0,0.0,0,0,18-APR-2022,
OPTSTK,RAMCOCEM,28-Apr-2022,780.0,PE,0.0,0.0,0.0,15.0,9.65,0,0.0,1700,0,18-APR-2022,
OPTSTK,RAMCOCEM,28-Apr-2022,790.0,PE,0.0,0.0,0.0,32.55,13.15,0,0.0,0,0,18-APR-2022,
OPTSTK,RAMCOCEM,28-Apr-2022,800.0,PE,27.15,27.15,18.2,23.95,17.5,9,62.88,11900,0,18-APR-2022,
OPTSTK,RAMCOCEM,28-Apr-2022,810.0,PE,0.0,0.0,0.0,25.0,22.6,0,0.0,1700,0,18-APR-2022,
OPTSTK,RAMCOCEM,28-Apr-2022,820.0,PE,25.45,30.95,25.45,30.95,30.95,2,14.41,1700,0,18-APR-2022,
OPTSTK,RAMCOCEM,28-Apr-2022,830.0,PE,0.0,0.0,0.0,49.15,35.15,0,0.0,0,0,18-APR-2022,
OPTSTK,RAMCOCEM,28-Apr-2022,840.0,PE,0.0,0.0,0.0,53.95,42.5,0,0.0,0,0,18-APR-2022,
OPTSTK,RAMCOCEM,28-Apr-2022,850.0,PE,0.0,0.0,0.0,59.0,50.35,0,0.0,0,0,18-APR-2022,
OPTSTK,RAMCOCEM,28-Apr-2022,860.0,PE,0.0,0.0,0.0,64.3,58.75,0,0.0,0,0,18-APR-2022,
OPTSTK,RAMCOCEM,28-Apr-2022,870.0,PE,0.0,0.0,0.0,69.85,67.6,0,0.0,0,0,18-APR-2022,
OPTSTK,RAMCOCEM,28-Apr-2022,880.0,PE,0.0,0.0,0.0,75.7,76.7,0,0.0,0,0,18-APR-2022,
OPTSTK,RAMCOCEM,28-Apr-2022,890.0,PE,0.0,0.0,0.0,81.75,86.1,0,0.0,0,0,18-APR-2022,
OPTSTK,RAMCOCEM,28-Apr-2022,900.0,PE,0.0,0.0,0.0,89.95,95.65,0,0.0,11900,0,18-APR-2022,
OPTSTK,RAMCOCEM,28-Apr-2022,910.0,PE,0.0,0.0,0.0,94.5,105.4,0,0.0,0,0,18-APR-2022,
OPTSTK,RAMCOCEM,28-Apr-2022,920.0,PE,0.0,0.0,0.0,101.25,115.2,0,0.0,0,0,18-APR-2022,
OPTSTK,RAMCOCEM,28-Apr-2022,930.0,PE,0.0,0.0,0.0,108.15,125.05,0,0.0,0,0,18-APR-2022,
OPTSTK,RAMCOCEM,28-Apr-2022,940.0,PE,0.0,0.0,0.0,115.3,134.95,0,0.0,0,0,18-APR-2022,
OPTSTK,RAMCOCEM,28-Apr-2022,950.0,PE,0.0,0.0,0.0,122.65,144.9,0,0.0,0,0,18-APR-2022,
OPTSTK,RAMCOCEM,28-Apr-2022,960.0,PE,0.0,0.0,0.0,130.15,154.9,0,0.0,0,0,18-APR-2022,
OPTSTK,RAMCOCEM,28-Apr-2022,970.0,PE,0.0,0.0,0.0,137.85,164.85,0,0.0,0,0,18-APR-2022,
OPTSTK,RAMCOCEM,28-Apr-2022,980.0,PE,0.0,0.0,0.0,145.7,174.85,0,0.0,0,0,18-APR-2022,
OPTSTK,RAMCOCEM,28-Apr-2022,990.0,PE,0.0,0.0,0.0,153.65,184.8,0,0.0,0,0,18-APR-2022,
OPTSTK,RAMCOCEM,28-Apr-2022,1000.0,PE,0.0,0.0,0.0,196.25,194.8,0,0.0,850,0,18-APR-2022,
OPTSTK,RAMCOCEM,28-Apr-2022,1010.0,PE,0.0,0.0,0.0,170.05,204.8,0,0.0,0,0,18-APR-2022,
OPTSTK,RAMCOCEM,28-Apr-2022,1020.0,PE,0.0,0.0,0.0,178.45,214.75,0,0.0,0,0,18-APR-2022,
OPTSTK,RAMCOCEM,28-Apr-2022,1030.0,PE,0.0,0.0,0.0,187.0,224.75,0,0.0,0,0,18-APR-2022,
OPTSTK,RAMCOCEM,28-Apr-2022,1040.0,PE,0.0,0.0,0.0,195.6,234.75,0,0.0,0,0,18-APR-2022,
OPTSTK,RAMCOCEM,28-Apr-2022,1050.0,PE,0.0,0.0,0.0,204.35,244.75,0,0.0,0,0,18-APR-2022,
OPTSTK,RAMCOCEM,28-Apr-2022,1060.0,PE,0.0,0.0,0.0,213.2,254.75,0,0.0,0,0,18-APR-2022,
OPTSTK,RAMCOCEM,28-Apr-2022,1070.0,PE,0.0,0.0,0.0,222.15,264.7,0,0.0,0,0,18-APR-2022,
OPTSTK,RAMCOCEM,28-Apr-2022,1080.0,PE,0.0,0.0,0.0,231.15,274.7,0,0.0,0,0,18-APR-2022,
OPTSTK,RAMCOCEM,28-Apr-2022,1090.0,PE,0.0,0.0,0.0,240.25,284.7,0,0.0,0,0,18-APR-2022,
OPTSTK,RAMCOCEM,28-Apr-2022,1100.0,PE,0.0,0.0,0.0,249.4,294.7,0,0.0,0,0,18-APR-2022,
OPTSTK,RAMCOCEM,28-Apr-2022,1110.0,PE,0.0,0.0,0.0,258.65,304.65,0,0.0,0,0,18-APR-2022,
OPTSTK,RAMCOCEM,28-Apr-2022,1120.0,PE,0.0,0.0,0.0,267.95,314.65,0,0.0,0,0,18-APR-2022,
OPTSTK,RAMCOCEM,28-Apr-2022,1130.0,PE,0.0,0.0,0.0,277.3,324.65,0,0.0,0,0,18-APR-2022,
OPTSTK,RAMCOCEM,28-Apr-2022,1140.0,PE,0.0,0.0,0.0,286.7,334.65,0,0.0,0,0,18-APR-2022,
OPTSTK,RAMCOCEM,28-Apr-2022,1150.0,PE,0.0,0.0,0.0,296.15,344.65,0,0.0,0,0,18-APR-2022,
OPTSTK,RAMCOCEM,28-Apr-2022,1160.0,PE,0.0,0.0,0.0,305.65,354.6,0,0.0,0,0,18-APR-2022,
OPTSTK,RAMCOCEM,28-Apr-2022,1170.0,PE,0.0,0.0,0.0,315.15,364.6,0,0.0,0,0,18-APR-2022,
OPTSTK,RAMCOCEM,28-Apr-2022,1180.0,PE,0.0,0.0,0.0,324.75,374.6,0,0.0,0,0,18-APR-2022,
OPTSTK,RAMCOCEM,28-Apr-2022,1190.0,PE,0.0,0.0,0.0,334.35,384.6,0,0.0,0,0,18-APR-2022,
OPTSTK,RAMCOCEM,28-Apr-2022,1200.0,PE,0.0,0.0,0.0,343.95,394.55,0,0.0,0,0,18-APR-2022,
OPTSTK,RAMCOCEM,28-Apr-2022,1210.0,PE,0.0,0.0,0.0,353.6,404.55,0,0.0,0,0,18-APR-2022,
OPTSTK,RAMCOCEM,28-Apr-2022,1220.0,PE,0.0,0.0,0.0,363.3,414.55,0,0.0,0,0,18-APR-2022,
OPTSTK,RAMCOCEM,28-Apr-2022,1230.0,PE,0.0,0.0,0.0,373.0,424.55,0,0.0,0,0,18-APR-2022,
OPTSTK,RAMCOCEM,28-Apr-2022,1240.0,PE,0.0,0.0,0.0,382.7,434.5,0,0.0,0,0,18-APR-2022,
OPTSTK,RAMCOCEM,28-Apr-2022,1250.0,PE,0.0,0.0,0.0,392.45,444.5,0,0.0,0,0,18-APR-2022,
OPTSTK,RAMCOCEM,26-May-2022,500.0,CE,0.0,0.0,0.0,274.85,306.35,0,0.0,0,0,18-APR-2022,
OPTSTK,RAMCOCEM,26-May-2022,510.0,CE,0.0,0.0,0.0,265.1,296.35,0,0.0,0,0,18-APR-2022,
OPTSTK,RAMCOCEM,26-May-2022,520.0,CE,0.0,0.0,0.0,255.35,286.4,0,0.0,0,0,18-APR-2022,
OPTSTK,RAMCOCEM,26-May-2022,530.0,CE,0.0,0.0,0.0,245.7,276.45,0,0.0,0,0,18-APR-2022,
OPTSTK,RAMCOCEM,26-May-2022,540.0,CE,0.0,0.0,0.0,236.05,266.5,0,0.0,0,0,18-APR-2022,
OPTSTK,RAMCOCEM,26-May-2022,550.0,CE,0.0,0.0,0.0,226.5,256.55,0,0.0,0,0,18-APR-2022,
OPTSTK,RAMCOCEM,26-May-2022,560.0,CE,0.0,0.0,0.0,217.0,246.6,0,0.0,0,0,18-APR-2022,
OPTSTK,RAMCOCEM,26-May-2022,570.0,CE,0.0,0.0,0.0,207.6,236.7,0,0.0,0,0,18-APR-2022,
OPTSTK,RAMCOCEM,26-May-2022,580.0,CE,0.0,0.0,0.0,198.35,226.75,0,0.0,0,0,18-APR-2022,
OPTSTK,RAMCOCEM,26-May-2022,590.0,CE,0.0,0.0,0.0,189.15,216.85,0,0.0,0,0,18-APR-2022,
OPTSTK,RAMCOCEM,26-May-2022,600.0,CE,0.0,0.0,0.0,180.15,206.95,0,0.0,0,0,18-APR-2022,
OPTSTK,RAMCOCEM,26-May-2022,610.0,CE,0.0,0.0,0.0,171.25,197.1,0,0.0,0,0,18-APR-2022,
OPTSTK,RAMCOCEM,26-May-2022,620.0,CE,0.0,0.0,0.0,162.55,187.3,0,0.0,0,0,18-APR-2022,
OPTSTK,RAMCOCEM,26-May-2022,630.0,CE,0.0,0.0,0.0,154.0,177.55,0,0.0,0,0,18-APR-2022,
OPTSTK,RAMCOCEM,26-May-2022,640.0,CE,0.0,0.0,0.0,145.7,167.85,0,0.0,0,0,18-APR-2022,
OPTSTK,RAMCOCEM,26-May-2022,650.0,CE,0.0,0.0,0.0,137.55,158.25,0,0.0,0,0,18-APR-2022,
OPTSTK,RAMCOCEM,26-May-2022,660.0,CE,0.0,0.0,0.0,129.65,148.8,0,0.0,0,0,18-APR-2022,
OPTSTK,RAMCOCEM,26-May-2022,670.0,CE,0.0,0.0,0.0,122.0,139.45,0,0.0,0,0,18-APR-2022,
OPTSTK,RAMCOCEM,26-May-2022,680.0,CE,0.0,0.0,0.0,114.6,130.25,0,0.0,0,0,18-APR-2022,
OPTSTK,RAMCOCEM,26-May-2022,690.0,CE,0.0,0.0,0.0,107.45,121.3,0,0.0,0,0,18-APR-2022,
OPTSTK,RAMCOCEM,26-May-2022,700.0,CE,0.0,0.0,0.0,100.5,112.5,0,0.0,0,0,18-APR-2022,
OPTSTK,RAMCOCEM,26-May-2022,710.0,CE,0.0,0.0,0.0,93.9,104.0,0,0.0,0,0,18-APR-2022,
OPTSTK,RAMCOCEM,26-May-2022,720.0,CE,0.0,0.0,0.0,87.55,95.75,0,0.0,0,0,18-APR-2022,
OPTSTK,RAMCOCEM,26-May-2022,730.0,CE,0.0,0.0,0.0,81.45,87.8,0,0.0,0,0,18-APR-2022,
OPTSTK,RAMCOCEM,26-May-2022,740.0,CE,0.0,0.0,0.0,75.7,80.25,0,0.0,0,0,18-APR-2022,
OPTSTK,RAMCOCEM,26-May-2022,750.0,CE,0.0,0.0,0.0,70.2,73.0,0,0.0,0,0,18-APR-2022,
OPTSTK,RAMCOCEM,26-May-2022,760.0,CE,0.0,0.0,0.0,65.0,66.1,0,0.0,0,0,18-APR-2022,
OPTSTK,RAMCOCEM,26-May-2022,770.0,CE,0.0,0.0,0.0,60.05,59.6,0,0.0,0,0,18-APR-2022,
OPTSTK,RAMCOCEM,26-May-2022,780.0,CE,0.0,0.0,0.0,55.4,53.55,0,0.0,0,0,18-APR-2022,
OPTSTK,RAMCOCEM,26-May-2022,790.0,CE,0.0,0.0,0.0,51.05,47.85,0,0.0,0,0,18-APR-2022,
OPTSTK,RAMCOCEM,26-May-2022,800.0,CE,0.0,0.0,0.0,49.3,42.6,0,0.0,850,0,18-APR-2022,
OPTSTK,RAMCOCEM,26-May-2022,810.0,CE,0.0,0.0,0.0,43.05,37.75,0,0.0,0,0,18-APR-2022,
OPTSTK,RAMCOCEM,26-May-2022,820.0,CE,0.0,0.0,0.0,39.45,33.3,0,0.0,0,0,18-APR-2022,
OPTSTK,RAMCOCEM,26-May-2022,830.0,CE,0.0,0.0,0.0,36.1,29.25,0,0.0,0,0,18-APR-2022,
OPTSTK,RAMCOCEM,26-May-2022,840.0,CE,0.0,0.0,0.0,33.0,25.6,0,0.0,0,0,18-APR-2022,
OPTSTK,RAMCOCEM,26-May-2022,850.0,CE,0.0,0.0,0.0,3.0,22.3,0,0.0,0,0,18-APR-2022,
OPTSTK,RAMCOCEM,26-May-2022,860.0,CE,0.0,0.0,0.0,27.4,19.35,0,0.0,0,0,18-APR-2022,
OPTSTK,RAMCOCEM,26-May-2022,870.0,CE,5.4,16.55,5.4,16.55,16.7,2,14.97,850,0,18-APR-2022,
OPTSTK,RAMCOCEM,26-May-2022,880.0,CE,0.0,0.0,0.0,22.65,14.4,0,0.0,0,0,18-APR-2022,
OPTSTK,RAMCOCEM,26-May-2022,890.0,CE,0.0,0.0,0.0,20.55,12.3,0,0.0,0,0,18-APR-2022,
OPTSTK,RAMCOCEM,26-May-2022,900.0,CE,0.0,0.0,0.0,18.6,10.5,0,0.0,0,0,18-APR-2022,
OPTSTK,RAMCOCEM,26-May-2022,910.0,CE,0.0,0.0,0.0,16.8,8.9,0,0.0,0,0,18-APR-2022,
OPTSTK,RAMCOCEM,26-May-2022,920.0,CE,0.0,0.0,0.0,15.15,7.55,0,0.0,0,0,18-APR-2022,
OPTSTK,RAMCOCEM,26-May-2022,930.0,CE,0.0,0.0,0.0,13.7,6.35,0,0.0,0,0,18-APR-2022,
OPTSTK,RAMCOCEM,26-May-2022,940.0,CE,0.0,0.0,0.0,12.3,5.3,0,0.0,0,0,18-APR-2022,
OPTSTK,RAMCOCEM,26-May-2022,950.0,CE,0.0,0.0,0.0,11.1,4.45,0,0.0,0,0,18-APR-2022,
OPTSTK,RAMCOCEM,26-May-2022,960.0,CE,0.0,0.0,0.0,9.95,3.7,0,0.0,0,0,18-APR-2022,
OPTSTK,RAMCOCEM,26-May-2022,970.0,CE,0.0,0.0,0.0,8.95,3.1,0,0.0,0,0,18-APR-2022,
OPTSTK,RAMCOCEM,26-May-2022,980.0,CE,0.0,0.0,0.0,8.0,2.55,0,0.0,0,0,18-APR-2022,
OPTSTK,RAMCOCEM,26-May-2022,990.0,CE,0.0,0.0,0.0,7.15,2.1,0,0.0,0,0,18-APR-2022,
OPTSTK,RAMCOCEM,26-May-2022,1000.0,CE,0.0,0.0,0.0,6.4,1.7,0,0.0,0,0,18-APR-2022,
OPTSTK,RAMCOCEM,26-May-2022,1010.0,CE,0.0,0.0,0.0,5.75,1.4,0,0.0,0,0,18-APR-2022,
OPTSTK,RAMCOCEM,26-May-2022,1020.0,CE,0.0,0.0,0.0,5.1,1.15,0,0.0,0,0,18-APR-2022,
OPTSTK,RAMCOCEM,26-May-2022,1030.0,CE,0.0,0.0,0.0,4.55,0.95,0,0.0,0,0,18-APR-2022,
OPTSTK,RAMCOCEM,26-May-2022,1040.0,CE,0.0,0.0,0.0,4.05,0.75,0,0.0,0,0,18-APR-2022,
OPTSTK,RAMCOCEM,26-May-2022,1050.0,CE,0.0,0.0,0.0,3.6,0.6,0,0.0,0,0,18-APR-2022,
OPTSTK,RAMCOCEM,26-May-2022,1060.0,CE,0.0,0.0,0.0,3.2,0.5,0,0.0,0,0,18-APR-2022,
OPTSTK,RAMCOCEM,26-May-2022,1070.0,CE,0.0,0.0,0.0,2.85,0.4,0,0.0,0,0,18-APR-2022,
OPTSTK,RAMCOCEM,26-May-2022,1080.0,CE,0.0,0.0,0.0,2.55,0.35,0,0.0,0,0,18-APR-2022,
OPTSTK,RAMCOCEM,26-May-2022,1090.0,CE,0.0,0.0,0.0,2.25,0.25,0,0.0,0,0,18-APR-2022,
OPTSTK,RAMCOCEM,26-May-2022,1100.0,CE,0.0,0.0,0.0,2.0,0.2,0,0.0,0,0,18-APR-2022,
OPTSTK,RAMCOCEM,26-May-2022,1110.0,CE,0.0,0.0,0.0,1.75,0.15,0,0.0,0,0,18-APR-2022,
OPTSTK,RAMCOCEM,26-May-2022,1120.0,CE,0.0,0.0,0.0,1.55,0.15,0,0.0,0,0,18-APR-2022,
OPTSTK,RAMCOCEM,26-May-2022,1130.0,CE,0.0,0.0,0.0,1.4,0.1,0,0.0,0,0,18-APR-2022,
OPTSTK,RAMCOCEM,26-May-2022,1140.0,CE,0.0,0.0,0.0,1.2,0.1,0,0.0,0,0,18-APR-2022,
OPTSTK,RAMCOCEM,26-May-2022,1150.0,CE,0.0,0.0,0.0,1.05,0.1,0,0.0,0,0,18-APR-2022,
OPTSTK,RAMCOCEM,26-May-2022,1160.0,CE,0.0,0.0,0.0,0.95,0.05,0,0.0,0,0,18-APR-2022,
OPTSTK,RAMCOCEM,26-May-2022,1170.0,CE,0.0,0.0,0.0,0.85,0.05,0,0.0,0,0,18-APR-2022,
OPTSTK,RAMCOCEM,26-May-2022,500.0,PE,0.0,0.0,0.0,0.35,0.0,0,0.0,0,0,18-APR-2022,
OPTSTK,RAMCOCEM,26-May-2022,510.0,PE,0.0,0.0,0.0,0.45,0.0,0,0.0,0,0,18-APR-2022,
OPTSTK,RAMCOCEM,26-May-2022,520.0,PE,0.0,0.0,0.0,0.6,0.0,0,0.0,0,0,18-APR-2022,
OPTSTK,RAMCOCEM,26-May-2022,530.0,PE,0.0,0.0,0.0,0.85,0.05,0,0.0,0,0,18-APR-2022,
OPTSTK,RAMCOCEM,26-May-2022,540.0,PE,0.0,0.0,0.0,1.1,0.05,0,0.0,0,0,18-APR-2022,
OPTSTK,RAMCOCEM,26-May-2022,550.0,PE,0.0,0.0,0.0,1.45,0.05,0,0.0,0,0,18-APR-2022,
OPTSTK,RAMCOCEM,26-May-2022,560.0,PE,0.0,0.0,0.0,1.85,0.05,0,0.0,0,0,18-APR-2022,
OPTSTK,RAMCOCEM,26-May-2022,570.0,PE,0.0,0.0,0.0,2.35,0.05,0,0.0,0,0,18-APR-2022,
OPTSTK,RAMCOCEM,26-May-2022,580.0,PE,0.0,0.0,0.0,2.95,0.1,0,0.0,0,0,18-APR-2022,
OPTSTK,RAMCOCEM,26-May-2022,590.0,PE,0.0,0.0,0.0,3.7,0.15,0,0.0,0,0,18-APR-2022,
OPTSTK,RAMCOCEM,26-May-2022,600.0,PE,0.0,0.0,0.0,4.55,0.2,0,0.0,0,0,18-APR-2022,
OPTSTK,RAMCOCEM,26-May-2022,610.0,PE,0.0,0.0,0.0,5.6,0.3,0,0.0,0,0,18-APR-2022,
OPTSTK,RAMCOCEM,26-May-2022,620.0,PE,0.0,0.0,0.0,6.75,0.45,0,0.0,0,0,18-APR-2022,
OPTSTK,RAMCOCEM,26-May-2022,630.0,PE,0.0,0.0,0.0,8.15,0.65,0,0.0,0,0,18-APR-2022,
OPTSTK,RAMCOCEM,26-May-2022,640.0,PE,0.0,0.0,0.0,9.7,0.95,0,0.0,0,0,18-APR-2022,
OPTSTK,RAMCOCEM,26-May-2022,650.0,PE,0.0,0.0,0.0,11.45,1.3,0,0.0,0,0,18-APR-2022,
OPTSTK,RAMCOCEM,26-May-2022,660.0,PE,0.0,0.0,0.0,13.45,1.75,0,0.0,0,0,18-APR-2022,
OPTSTK,RAMCOCEM,26-May-2022,670.0,PE,0.0,0.0,0.0,15.7,2.4,0,0.0,0,0,18-APR-2022,
OPTSTK,RAMCOCEM,26-May-2022,680.0,PE,0.0,0.0,0.0,18.2,3.15,0,0.0,0,0,18-APR-2022,
OPTSTK,RAMCOCEM,26-May-2022,690.0,PE,0.0,0.0,0.0,20.9,4.15,0,0.0,0,0,18-APR-2022,
OPTSTK,RAMCOCEM,26-May-2022,700.0,PE,0.0,0.0,0.0,23.85,5.3,0,0.0,0,0,18-APR-2022,
OPTSTK,RAMCOCEM,26-May-2022,710.0,PE,0.0,0.0,0.0,27.15,6.75,0,0.0,0,0,18-APR-2022,
OPTSTK,RAMCOCEM,26-May-2022,720.0,PE,0.0,0.0,0.0,30.7,8.5,0,0.0,0,0,18-APR-2022,
OPTSTK,RAMCOCEM,26-May-2022,730.0,PE,0.0,0.0,0.0,34.55,10.5,0,0.0,0,0,18-APR-2022,
OPTSTK,RAMCOCEM,26-May-2022,740.0,PE,0.0,0.0,0.0,38.65,12.9,0,0.0,0,0,18-APR-2022,
OPTSTK,RAMCOCEM,26-May-2022,750.0,PE,0.0,0.0,0.0,43.05,15.6,0,0.0,0,0,18-APR-2022,
OPTSTK,RAMCOCEM,26-May-2022,760.0,PE,0.0,0.0,0.0,47.75,18.65,0,0.0,0,0,18-APR-2022,
OPTSTK,RAMCOCEM,26-May-2022,770.0,PE,0.0,0.0,0.0,52.7,22.1,0,0.0,0,0,18-APR-2022,
OPTSTK,RAMCOCEM,26-May-2022,780.0,PE,0.0,0.0,0.0,57.95,26.0,0,0.0,0,0,18-APR-2022,
OPTSTK,RAMCOCEM,26-May-2022,790.0,PE,0.0,0.0,0.0,63.45,30.3,0,0.0,0,0,18-APR-2022,
OPTSTK,RAMCOCEM,26-May-2022,800.0,PE,0.0,0.0,0.0,69.25,35.0,0,0.0,0,0,18-APR-2022,
OPTSTK,RAMCOCEM,26-May-2022,810.0,PE,0.0,0.0,0.0,75.3,40.1,0,0.0,0,0,18-APR-2022,
OPTSTK,RAMCOCEM,26-May-2022,820.0,PE,0.0,0.0,0.0,81.6,45.6,0,0.0,0,0,18-APR-2022,
OPTSTK,RAMCOCEM,26-May-2022,830.0,PE,0.0,0.0,0.0,88.1,51.5,0,0.0,0,0,18-APR-2022,
OPTSTK,RAMCOCEM,26-May-2022,840.0,PE,0.0,0.0,0.0,94.9,57.8,0,0.0,0,0,18-APR-2022,
OPTSTK,RAMCOCEM,26-May-2022,850.0,PE,0.0,0.0,0.0,101.9,64.45,0,0.0,0,0,18-APR-2022,
OPTSTK,RAMCOCEM,26-May-2022,860.0,PE,0.0,0.0,0.0,109.1,71.45,0,0.0,0,0,18-APR-2022,
OPTSTK,RAMCOCEM,26-May-2022,870.0,PE,0.0,0.0,0.0,116.55,78.8,0,0.0,0,0,18-APR-2022,
OPTSTK,RAMCOCEM,26-May-2022,880.0,PE,0.0,0.0,0.0,124.15,86.4,0,0.0,0,0,18-APR-2022,
OPTSTK,RAMCOCEM,26-May-2022,890.0,PE,0.0,0.0,0.0,131.95,94.25,0,0.0,0,0,18-APR-2022,
OPTSTK,RAMCOCEM,26-May-2022,900.0,PE,0.0,0.0,0.0,139.85,102.4,0,0.0,0,0,18-APR-2022,
OPTSTK,RAMCOCEM,26-May-2022,910.0,PE,0.0,0.0,0.0,148.0,110.8,0,0.0,0,0,18-APR-2022,
OPTSTK,RAMCOCEM,26-May-2022,920.0,PE,0.0,0.0,0.0,156.25,119.35,0,0.0,0,0,18-APR-2022,
OPTSTK,RAMCOCEM,26-May-2022,930.0,PE,0.0,0.0,0.0,164.65,128.15,0,0.0,0,0,18-APR-2022,
OPTSTK,RAMCOCEM,26-May-2022,940.0,PE,0.0,0.0,0.0,173.2,137.05,0,0.0,0,0,18-APR-2022,
OPTSTK,RAMCOCEM,26-May-2022,950.0,PE,0.0,0.0,0.0,181.85,146.15,0,0.0,0,0,18-APR-2022,
OPTSTK,RAMCOCEM,26-May-2022,960.0,PE,0.0,0.0,0.0,190.6,155.35,0,0.0,0,0,18-APR-2022,
OPTSTK,RAMCOCEM,26-May-2022,970.0,PE,0.0,0.0,0.0,199.5,164.7,0,0.0,0,0,18-APR-2022,
OPTSTK,RAMCOCEM,26-May-2022,980.0,PE,0.0,0.0,0.0,208.45,174.1,0,0.0,0,0,18-APR-2022,
OPTSTK,RAMCOCEM,26-May-2022,990.0,PE,0.0,0.0,0.0,217.5,183.65,0,0.0,0,0,18-APR-2022,
OPTSTK,RAMCOCEM,26-May-2022,1000.0,PE,0.0,0.0,0.0,198.0,193.2,0,0.0,850,0,18-APR-2022,
OPTSTK,RAMCOCEM,26-May-2022,1010.0,PE,0.0,0.0,0.0,235.85,202.85,0,0.0,0,0,18-APR-2022,
OPTSTK,RAMCOCEM,26-May-2022,1020.0,PE,0.0,0.0,0.0,245.15,212.55,0,0.0,0,0,18-APR-2022,
OPTSTK,RAMCOCEM,26-May-2022,1030.0,PE,0.0,0.0,0.0,254.45,222.3,0,0.0,0,0,18-APR-2022,
OPTSTK,RAMCOCEM,26-May-2022,1040.0,PE,0.0,0.0,0.0,263.85,232.05,0,0.0,0,0,18-APR-2022,
OPTSTK,RAMCOCEM,26-May-2022,1050.0,PE,0.0,0.0,0.0,273.3,241.9,0,0.0,0,0,18-APR-2022,
OPTSTK,RAMCOCEM,26-May-2022,1060.0,PE,0.0,0.0,0.0,282.8,251.7,0,0.0,0,0,18-APR-2022,
OPTSTK,RAMCOCEM,26-May-2022,1070.0,PE,0.0,0.0,0.0,292.35,261.6,0,0.0,0,0,18-APR-2022,
OPTSTK,RAMCOCEM,26-May-2022,1080.0,PE,0.0,0.0,0.0,301.9,271.45,0,0.0,0,0,18-APR-2022,
OPTSTK,RAMCOCEM,26-May-2022,1090.0,PE,0.0,0.0,0.0,311.55,281.35,0,0.0,0,0,18-APR-2022,
OPTSTK,RAMCOCEM,26-May-2022,1100.0,PE,0.0,0.0,0.0,321.15,291.25,0,0.0,0,0,18-APR-2022,
OPTSTK,RAMCOCEM,26-May-2022,1110.0,PE,0.0,0.0,0.0,330.85,301.15,0,0.0,0,0,18-APR-2022,
OPTSTK,RAMCOCEM,26-May-2022,1120.0,PE,0.0,0.0,0.0,340.55,311.1,0,0.0,0,0,18-APR-2022,
OPTSTK,RAMCOCEM,26-May-2022,1130.0,PE,0.0,0.0,0.0,350.25,321.05,0,0.0,0,0,18-APR-2022,
OPTSTK,RAMCOCEM,26-May-2022,1140.0,PE,0.0,0.0,0.0,360.0,330.95,0,0.0,0,0,18-APR-2022,
OPTSTK,RAMCOCEM,26-May-2022,1150.0,PE,0.0,0.0,0.0,369.75,340.9,0,0.0,0,0,18-APR-2022,
OPTSTK,RAMCOCEM,26-May-2022,1160.0,PE,0.0,0.0,0.0,379.5,350.85,0,0.0,0,0,18-APR-2022,
OPTSTK,RAMCOCEM,26-May-2022,1170.0,PE,0.0,0.0,0.0,389.3,360.8,0,0.0,0,0,18-APR-2022,
OPTSTK,RAMCOCEM,30-Jun-2022,500.0,CE,0.0,0.0,0.0,273.75,308.4,0,0.0,0,0,18-APR-2022,
OPTSTK,RAMCOCEM,30-Jun-2022,510.0,CE,0.0,0.0,0.0,264.0,298.55,0,0.0,0,0,18-APR-2022,
OPTSTK,RAMCOCEM,30-Jun-2022,520.0,CE,0.0,0.0,0.0,254.3,288.65,0,0.0,0,0,18-APR-2022,
OPTSTK,RAMCOCEM,30-Jun-2022,530.0,CE,0.0,0.0,0.0,244.7,278.8,0,0.0,0,0,18-APR-2022,
OPTSTK,RAMCOCEM,30-Jun-2022,540.0,CE,0.0,0.0,0.0,235.1,268.95,0,0.0,0,0,18-APR-2022,
OPTSTK,RAMCOCEM,30-Jun-2022,550.0,CE,0.0,0.0,0.0,225.6,259.15,0,0.0,0,0,18-APR-2022,
OPTSTK,RAMCOCEM,30-Jun-2022,560.0,CE,0.0,0.0,0.0,216.2,249.4,0,0.0,0,0,18-APR-2022,
OPTSTK,RAMCOCEM,30-Jun-2022,570.0,CE,0.0,0.0,0.0,206.85,239.7,0,0.0,0,0,18-APR-2022,
OPTSTK,RAMCOCEM,30-Jun-2022,580.0,CE,0.0,0.0,0.0,197.65,230.0,0,0.0,0,0,18-APR-2022,
OPTSTK,RAMCOCEM,30-Jun-2022,590.0,CE,0.0,0.0,0.0,188.6,220.4,0,0.0,0,0,18-APR-2022,
OPTSTK,RAMCOCEM,30-Jun-2022,600.0,CE,0.0,0.0,0.0,179.65,210.9,0,0.0,0,0,18-APR-2022,
OPTSTK,RAMCOCEM,30-Jun-2022,610.0,CE,0.0,0.0,0.0,170.9,201.45,0,0.0,0,0,18-APR-2022,
OPTSTK,RAMCOCEM,30-Jun-2022,620.0,CE,0.0,0.0,0.0,162.3,192.1,0,0.0,0,0,18-APR-2022,
OPTSTK,RAMCOCEM,30-Jun-2022,630.0,CE,0.0,0.0,0.0,153.9,182.9,0,0.0,0,0,18-APR-2022,
OPTSTK,RAMCOCEM,30-Jun-2022,640.0,CE,0.0,0.0,0.0,145.65,173.85,0,0.0,0,0,18-APR-2022,
OPTSTK,RAMCOCEM,30-Jun-2022,650.0,CE,0.0,0.0,0.0,137.65,164.95,0,0.0,0,0,18-APR-2022,
OPTSTK,RAMCOCEM,30-Jun-2022,660.0,CE,0.0,0.0,0.0,129.85,156.2,0,0.0,0,0,18-APR-2022,
OPTSTK,RAMCOCEM,30-Jun-2022,670.0,CE,0.0,0.0,0.0,122.35,147.6,0,0.0,0,0,18-APR-2022,
OPTSTK,RAMCOCEM,30-Jun-2022,680.0,CE,0.0,0.0,0.0,115.05,139.25,0,0.0,0,0,18-APR-2022,
OPTSTK,RAMCOCEM,30-Jun-2022,690.0,CE,0.0,0.0,0.0,108.0,131.1,0,0.0,0,0,18-APR-2022,
OPTSTK,RAMCOCEM,30-Jun-2022,700.0,CE,0.0,0.0,0.0,101.15,123.2,0,0.0,0,0,18-APR-2022,
OPTSTK,RAMCOCEM,30-Jun-2022,710.0,CE,0.0,0.0,0.0,94.65,115.55,0,0.0,0,0,18-APR-2022,
OPTSTK,RAMCOCEM,30-Jun-2022,720.0,CE,0.0,0.0,0.0,88.4,108.15,0,0.0,0,0,18-APR-2022,
OPTSTK,RAMCOCEM,30-Jun-2022,730.0,CE,0.0,0.0,0.0,82.45,101.0,0,0.0,0,0,18-APR-2022,
OPTSTK,RAMCOCEM,30-Jun-2022,740.0,CE,0.0,0.0,0.0,76.75,94.1,0,0.0,0,0,18-APR-2022,
OPTSTK,RAMCOCEM,30-Jun-2022,750.0,CE,0.0,0.0,0.0,71.35,87.5,0,0.0,0,0,18-APR-2022,
OPTSTK,RAMCOCEM,30-Jun-2022,760.0,CE,0.0,0.0,0.0,66.2,81.25,0,0.0,0,0,18-APR-2022,
OPTSTK,RAMCOCEM,30-Jun-2022,770.0,CE,0.0,0.0,0.0,61.3,75.25,0,0.0,0,0,18-APR-2022,
OPTSTK,RAMCOCEM,30-Jun-2022,780.0,CE,0.0,0.0,0.0,56.7,69.55,0,0.0,0,0,18-APR-2022,
OPTSTK,RAMCOCEM,30-Jun-2022,790.0,CE,0.0,0.0,0.0,52.35,64.15,0,0.0,0,0,18-APR-2022,
OPTSTK,RAMCOCEM,30-Jun-2022,800.0,CE,0.0,0.0,0.0,48.3,59.05,0,0.0,0,0,18-APR-2022,
OPTSTK,RAMCOCEM,30-Jun-2022,810.0,CE,0.0,0.0,0.0,44.45,54.25,0,0.0,0,0,18-APR-2022,
OPTSTK,RAMCOCEM,30-Jun-2022,820.0,CE,0.0,0.0,0.0,40.85,49.75,0,0.0,0,0,18-APR-2022,
OPTSTK,RAMCOCEM,30-Jun-2022,830.0,CE,0.0,0.0,0.0,37.5,45.55,0,0.0,0,0,18-APR-2022,
OPTSTK,RAMCOCEM,30-Jun-2022,840.0,CE,0.0,0.0,0.0,34.35,41.6,0,0.0,0,0,18-APR-2022,
OPTSTK,RAMCOCEM,30-Jun-2022,850.0,CE,0.0,0.0,0.0,31.45,37.9,0,0.0,0,0,18-APR-2022,
OPTSTK,RAMCOCEM,30-Jun-2022,860.0,CE,0.0,0.0,0.0,28.75,34.5,0,0.0,0,0,18-APR-2022,
OPTSTK,RAMCOCEM,30-Jun-2022,870.0,CE,0.0,0.0,0.0,26.3,31.3,0,0.0,0,0,18-APR-2022,
OPTSTK,RAMCOCEM,30-Jun-2022,880.0,CE,0.0,0.0,0.0,23.95,28.4,0,0.0,0,0,18-APR-2022,
OPTSTK,RAMCOCEM,30-Jun-2022,890.0,CE,0.0,0.0,0.0,21.8,25.65,0,0.0,0,0,18-APR-2022,
OPTSTK,RAMCOCEM,30-Jun-2022,900.0,CE,0.0,0.0,0.0,19.8,23.25,0,0.0,0,0,18-APR-2022,
OPTSTK,RAMCOCEM,30-Jun-2022,910.0,CE,0.0,0.0,0.0,18.0,20.95,0,0.0,0,0,18-APR-2022,
OPTSTK,RAMCOCEM,30-Jun-2022,920.0,CE,0.0,0.0,0.0,16.3,18.85,0,0.0,0,0,18-APR-2022,
OPTSTK,RAMCOCEM,30-Jun-2022,930.0,CE,0.0,0.0,0.0,14.8,16.9,0,0.0,0,0,18-APR-2022,
OPTSTK,RAMCOCEM,30-Jun-2022,940.0,CE,0.0,0.0,0.0,13.4,15.2,0,0.0,0,0,18-APR-2022,
OPTSTK,RAMCOCEM,30-Jun-2022,950.0,CE,0.0,0.0,0.0,12.1,13.6,0,0.0,0,0,18-APR-2022,
OPTSTK,RAMCOCEM,30-Jun-2022,960.0,CE,0.0,0.0,0.0,10.9,12.15,0,0.0,0,0,18-APR-2022,
OPTSTK,RAMCOCEM,30-Jun-2022,970.0,CE,0.0,0.0,0.0,9.85,10.85,0,0.0,0,0,18-APR-2022,
OPTSTK,RAMCOCEM,30-Jun-2022,980.0,CE,0.0,0.0,0.0,8.85,9.65,0,0.0,0,0,18-APR-2022,
OPTSTK,RAMCOCEM,30-Jun-2022,990.0,CE,0.0,0.0,0.0,8.0,8.6,0,0.0,0,0,18-APR-2022,
OPTSTK,RAMCOCEM,30-Jun-2022,1000.0,CE,0.0,0.0,0.0,7.15,7.65,0,0.0,0,0,18-APR-2022,
OPTSTK,RAMCOCEM,30-Jun-2022,1010.0,CE,0.0,0.0,0.0,6.45,6.8,0,0.0,0,0,18-APR-2022,
OPTSTK,RAMCOCEM,30-Jun-2022,1020.0,CE,0.0,0.0,0.0,5.8,6.0,0,0.0,0,0,18-APR-2022,
OPTSTK,RAMCOCEM,30-Jun-2022,1030.0,CE,0.0,0.0,0.0,5.2,5.3,0,0.0,0,0,18-APR-2022,
OPTSTK,RAMCOCEM,30-Jun-2022,1040.0,CE,0.0,0.0,0.0,4.65,4.7,0,0.0,0,0,18-APR-2022,
OPTSTK,RAMCOCEM,30-Jun-2022,1050.0,CE,0.0,0.0,0.0,4.15,4.15,0,0.0,0,0,18-APR-2022,
OPTSTK,RAMCOCEM,30-Jun-2022,1060.0,CE,0.0,0.0,0.0,3.7,3.65,0,0.0,0,0,18-APR-2022,
OPTSTK,RAMCOCEM,30-Jun-2022,1070.0,CE,0.0,0.0,0.0,3.3,3.2,0,0.0,0,0,18-APR-2022,
OPTSTK,RAMCOCEM,30-Jun-2022,500.0,PE,0.0,0.0,0.0,0.45,0.1,0,0.0,0,0,18-APR-2022,
OPTSTK,RAMCOCEM,30-Jun-2022,510.0,PE,0.0,0.0,0.0,0.6,0.1,0,0.0,0,0,18-APR-2022,
OPTSTK,RAMCOCEM,30-Jun-2022,520.0,PE,0.0,0.0,0.0,0.8,0.15,0,0.0,0,0,18-APR-2022,
OPTSTK,RAMCOCEM,30-Jun-2022,530.0,PE,0.0,0.0,0.0,1.05,0.2,0,0.0,0,0,18-APR-2022,
OPTSTK,RAMCOCEM,30-Jun-2022,540.0,PE,0.0,0.0,0.0,1.35,0.3,0,0.0,0,0,18-APR-2022,
OPTSTK,RAMCOCEM,30-Jun-2022,550.0,PE,0.0,0.0,0.0,1.75,0.4,0,0.0,0,0,18-APR-2022,
OPTSTK,RAMCOCEM,30-Jun-2022,560.0,PE,0.0,0.0,0.0,2.25,0.55,0,0.0,0,0,18-APR-2022,
OPTSTK,RAMCOCEM,30-Jun-2022,570.0,PE,0.0,0.0,0.0,2.8,0.75,0,0.0,0,0,18-APR-2022,
OPTSTK,RAMCOCEM,30-Jun-2022,580.0,PE,0.0,0.0,0.0,3.5,1.0,0,0.0,0,0,18-APR-2022,
OPTSTK,RAMCOCEM,30-Jun-2022,590.0,PE,0.0,0.0,0.0,4.35,1.3,0,0.0,0,0,18-APR-2022,
OPTSTK,RAMCOCEM,30-Jun-2022,600.0,PE,0.0,0.0,0.0,5.3,1.7,0,0.0,0,0,18-APR-2022,
OPTSTK,RAMCOCEM,30-Jun-2022,610.0,PE,0.0,0.0,0.0,6.45,2.2,0,0.0,0,0,18-APR-2022,
OPTSTK,RAMCOCEM,30-Jun-2022,620.0,PE,0.0,0.0,0.0,7.7,2.8,0,0.0,0,0,18-APR-2022,
OPTSTK,RAMCOCEM,30-Jun-2022,630.0,PE,0.0,0.0,0.0,9.2,3.5,0,0.0,0,0,18-APR-2022,
OPTSTK,RAMCOCEM,30-Jun-2022,640.0,PE,0.0,0.0,0.0,10.9,4.35,0,0.0,0,0,18-APR-2022,
OPTSTK,RAMCOCEM,30-Jun-2022,650.0,PE,0.0,0.0,0.0,12.75,5.35,0,0.0,0,0,18-APR-2022,
OPTSTK,RAMCOCEM,30-Jun-2022,660.0,PE,0.0,0.0,0.0,14.9,6.5,0,0.0,0,0,18-APR-2022,
OPTSTK,RAMCOCEM,30-Jun-2022,670.0,PE,0.0,0.0,0.0,17.25,7.85,0,0.0,0,0,18-APR-2022,
OPTSTK,RAMCOCEM,30-Jun-2022,680.0,PE,0.0,0.0,0.0,19.85,9.4,0,0.0,0,0,18-APR-2022,
OPTSTK,RAMCOCEM,30-Jun-2022,690.0,PE,0.0,0.0,0.0,22.7,11.15,0,0.0,0,0,18-APR-2022,
OPTSTK,RAMCOCEM,30-Jun-2022,700.0,PE,0.0,0.0,0.0,25.75,13.2,0,0.0,0,0,18-APR-2022,
OPTSTK,RAMCOCEM,30-Jun-2022,710.0,PE,0.0,0.0,0.0,29.15,15.4,0,0.0,0,0,18-APR-2022,
OPTSTK,RAMCOCEM,30-Jun-2022,720.0,PE,0.0,0.0,0.0,32.8,17.95,0,0.0,0,0,18-APR-2022,
OPTSTK,RAMCOCEM,30-Jun-2022,730.0,PE,0.0,0.0,0.0,36.7,20.7,0,0.0,0,0,18-APR-2022,
OPTSTK,RAMCOCEM,30-Jun-2022,740.0,PE,0.0,0.0,0.0,40.9,23.75,0,0.0,0,0,18-APR-2022,
OPTSTK,RAMCOCEM,30-Jun-2022,750.0,PE,0.0,0.0,0.0,45.4,27.05,0,0.0,0,0,18-APR-2022,
OPTSTK,RAMCOCEM,30-Jun-2022,760.0,PE,0.0,0.0,0.0,50.15,30.7,0,0.0,0,0,18-APR-2022,
OPTSTK,RAMCOCEM,30-Jun-2022,770.0,PE,0.0,0.0,0.0,55.15,34.65,0,0.0,0,0,18-APR-2022,
OPTSTK,RAMCOCEM,30-Jun-2022,780.0,PE,0.0,0.0,0.0,60.45,38.85,0,0.0,0,0,18-APR-2022,
OPTSTK,RAMCOCEM,30-Jun-2022,790.0,PE,0.0,0.0,0.0,66.0,43.4,0,0.0,0,0,18-APR-2022,
OPTSTK,RAMCOCEM,30-Jun-2022,800.0,PE,0.0,0.0,0.0,71.8,48.2,0,0.0,0,0,18-APR-2022,
OPTSTK,RAMCOCEM,30-Jun-2022,810.0,PE,0.0,0.0,0.0,77.9,53.3,0,0.0,0,0,18-APR-2022,
OPTSTK,RAMCOCEM,30-Jun-2022,820.0,PE,0.0,0.0,0.0,84.2,58.7,0,0.0,0,0,18-APR-2022,
OPTSTK,RAMCOCEM,30-Jun-2022,830.0,PE,0.0,0.0,0.0,90.7,64.4,0,0.0,0,0,18-APR-2022,
OPTSTK,RAMCOCEM,30-Jun-2022,840.0,PE,0.0,0.0,0.0,97.5,70.4,0,0.0,0,0,18-APR-2022,
OPTSTK,RAMCOCEM,30-Jun-2022,850.0,PE,0.0,0.0,0.0,104.45,76.6,0,0.0,0,0,18-APR-2022,
OPTSTK,RAMCOCEM,30-Jun-2022,860.0,PE,0.0,0.0,0.0,111.65,83.1,0,0.0,0,0,18-APR-2022,
OPTSTK,RAMCOCEM,30-Jun-2022,870.0,PE,0.0,0.0,0.0,119.1,89.85,0,0.0,0,0,18-APR-2022,
OPTSTK,RAMCOCEM,30-Jun-2022,880.0,PE,0.0,0.0,0.0,126.65,96.85,0,0.0,0,0,18-APR-2022,
OPTSTK,RAMCOCEM,30-Jun-2022,890.0,PE,0.0,0.0,0.0,134.4,104.05,0,0.0,0,0,18-APR-2022,
OPTSTK,RAMCOCEM,30-Jun-2022,900.0,PE,0.0,0.0,0.0,142.3,111.5,0,0.0,0,0,18-APR-2022,
OPTSTK,RAMCOCEM,30-Jun-2022,910.0,PE,0.0,0.0,0.0,150.4,119.15,0,0.0,0,0,18-APR-2022,
OPTSTK,RAMCOCEM,30-Jun-2022,920.0,PE,0.0,0.0,0.0,158.6,126.95,0,0.0,0,0,18-APR-2022,
OPTSTK,RAMCOCEM,30-Jun-2022,930.0,PE,0.0,0.0,0.0,166.95,134.95,0,0.0,0,0,18-APR-2022,
OPTSTK,RAMCOCEM,30-Jun-2022,940.0,PE,0.0,0.0,0.0,175.45,143.1,0,0.0,0,0,18-APR-2022,
OPTSTK,RAMCOCEM,30-Jun-2022,950.0,PE,0.0,0.0,0.0,184.05,151.45,0,0.0,0,0,18-APR-2022,
OPTSTK,RAMCOCEM,30-Jun-2022,960.0,PE,0.0,0.0,0.0,192.75,159.95,0,0.0,0,0,18-APR-2022,
OPTSTK,RAMCOCEM,30-Jun-2022,970.0,PE,0.0,0.0,0.0,201.6,168.55,0,0.0,0,0,18-APR-2022,
OPTSTK,RAMCOCEM,30-Jun-2022,980.0,PE,0.0,0.0,0.0,210.5,177.3,0,0.0,0,0,18-APR-2022,
OPTSTK,RAMCOCEM,30-Jun-2022,990.0,PE,0.0,0.0,0.0,219.5,186.15,0,0.0,0,0,18-APR-2022,
OPTSTK,RAMCOCEM,30-Jun-2022,1000.0,PE,0.0,0.0,0.0,228.6,195.1,0,0.0,0,0,18-APR-2022,
OPTSTK,RAMCOCEM,30-Jun-2022,1010.0,PE,0.0,0.0,0.0,237.75,204.15,0,0.0,0,0,18-APR-2022,
OPTSTK,RAMCOCEM,30-Jun-2022,1020.0,PE,0.0,0.0,0.0,247.0,213.3,0,0.0,0,0,18-APR-2022,
OPTSTK,RAMCOCEM,30-Jun-2022,1030.0,PE,0.0,0.0,0.0,256.3,222.5,0,0.0,0,0,18-APR-2022,
OPTSTK,RAMCOCEM,30-Jun-2022,1040.0,PE,0.0,0.0,0.0,265.65,231.8,0,0.0,0,0,18-APR-2022,
OPTSTK,RAMCOCEM,30-Jun-2022,1050.0,PE,0.0,0.0,0.0,275.05,241.15,0,0.0,0,0,18-APR-2022,
OPTSTK,RAMCOCEM,30-Jun-2022,1060.0,PE,0.0,0.0,0.0,284.5,250.6,0,0.0,0,0,18-APR-2022,
OPTSTK,RAMCOCEM,30-Jun-2022,1070.0,PE,0.0,0.0,0.0,294.0,260.05,0,0.0,0,0,18-APR-2022,
OPTSTK,RBLBANK,28-Apr-2022,82.5,CE,0.0,0.0,0.0,72.0,47.8,0,0.0,0,0,18-APR-2022,
OPTSTK,RBLBANK,28-Apr-2022,85.0,CE,0.0,0.0,0.0,69.65,45.3,0,0.0,0,0,18-APR-2022,
OPTSTK,RBLBANK,28-Apr-2022,87.5,CE,0.0,0.0,0.0,67.35,42.8,0,0.0,0,0,18-APR-2022,
OPTSTK,RBLBANK,28-Apr-2022,90.0,CE,0.0,0.0,0.0,65.05,40.3,0,0.0,0,0,18-APR-2022,
OPTSTK,RBLBANK,28-Apr-2022,92.5,CE,0.0,0.0,0.0,62.8,37.85,0,0.0,0,0,18-APR-2022,
OPTSTK,RBLBANK,28-Apr-2022,95.0,CE,0.0,0.0,0.0,60.55,35.35,0,0.0,0,0,18-APR-2022,
OPTSTK,RBLBANK,28-Apr-2022,97.5,CE,0.0,0.0,0.0,58.35,32.85,0,0.0,0,0,18-APR-2022,
OPTSTK,RBLBANK,28-Apr-2022,100.0,CE,0.0,0.0,0.0,40.25,30.35,0,0.0,2900,0,18-APR-2022,
OPTSTK,RBLBANK,28-Apr-2022,102.5,CE,0.0,0.0,0.0,54.1,27.9,0,0.0,0,0,18-APR-2022,
OPTSTK,RBLBANK,28-Apr-2022,105.0,CE,0.0,0.0,0.0,52.0,25.45,0,0.0,0,0,18-APR-2022,
OPTSTK,RBLBANK,28-Apr-2022,107.5,CE,0.0,0.0,0.0,49.95,23.05,0,0.0,0,0,18-APR-2022,
OPTSTK,RBLBANK,28-Apr-2022,110.0,CE,0.0,0.0,0.0,48.0,20.7,0,0.0,0,0,18-APR-2022,
OPTSTK,RBLBANK,28-Apr-2022,112.5,CE,0.0,0.0,0.0,46.05,18.4,0,0.0,0,0,18-APR-2022,
OPTSTK,RBLBANK,28-Apr-2022,115.0,CE,18.0,18.0,18.0,18.0,18.0,1,3.85,58000,-2900,18-APR-2022,
OPTSTK,RBLBANK,28-Apr-2022,117.5,CE,0.0,0.0,0.0,19.6,14.15,0,0.0,5800,0,18-APR-2022,
OPTSTK,RBLBANK,28-Apr-2022,120.0,CE,0.0,0.0,0.0,14.35,12.15,0,0.0,330600,0,18-APR-2022,
OPTSTK,RBLBANK,28-Apr-2022,122.5,CE,0.0,0.0,0.0,38.75,10.35,0,0.0,0,0,18-APR-2022,
OPTSTK,RBLBANK,28-Apr-2022,125.0,CE,6.05,10.5,6.05,8.75,8.75,4,15.51,458200,-11600,18-APR-2022,
OPTSTK,RBLBANK,28-Apr-2022,127.5,CE,1.05,5.0,1.05,5.0,7.25,2,7.57,211700,-5800,18-APR-2022,
OPTSTK,RBLBANK,28-Apr-2022,130.0,CE,4.55,6.5,4.55,5.95,5.95,81,317.28,3596000,-130500,18-APR-2022,
OPTSTK,RBLBANK,28-Apr-2022,132.5,CE,2.15,3.45,2.15,3.2,4.8,10,39.28,455300,-29000,18-APR-2022,
OPTSTK,RBLBANK,28-Apr-2022,135.0,CE,2.2,3.35,2.15,3.05,3.05,20,79.82,2262000,-58000,18-APR-2022,
OPTSTK,RBLBANK,28-Apr-2022,137.5,CE,1.8,1.8,1.8,1.8,3.0,1,4.03,440800,-2900,18-APR-2022,
OPTSTK,RBLBANK,28-Apr-2022,140.0,CE,1.1,2.2,1.05,1.95,1.95,82,336.65,4118000,-223300,18-APR-2022,
OPTSTK,RBLBANK,28-Apr-2022,142.5,CE,0.75,1.45,0.55,1.45,1.45,19,79.0,745300,-40600,18-APR-2022,
OPTSTK,RBLBANK,28-Apr-2022,145.0,CE,1.55,1.55,0.1,1.0,1.0,31,131.06,2641900,-89900,18-APR-2022,
OPTSTK,RBLBANK,28-Apr-2022,147.5,CE,0.4,0.4,0.3,0.3,1.05,3,12.86,263900,-8700,18-APR-2022,
OPTSTK,RBLBANK,28-Apr-2022,150.0,CE,0.15,0.6,0.15,0.6,0.6,97,423.11,5785500,-232000,18-APR-2022,
OPTSTK,RBLBANK,28-Apr-2022,152.5,CE,0.4,0.4,0.25,0.25,0.25,2,8.86,156600,-5800,18-APR-2022,
OPTSTK,RBLBANK,28-Apr-2022,155.0,CE,0.25,0.4,0.25,0.25,0.4,15,67.56,675700,-43500,18-APR-2022,
OPTSTK,RBLBANK,28-Apr-2022,157.5,CE,0.0,0.0,0.0,0.6,0.3,0,0.0,168200,0,18-APR-2022,
OPTSTK,RBLBANK,28-Apr-2022,160.0,CE,0.35,0.4,0.3,0.4,0.4,15,69.75,817800,-40600,18-APR-2022,
OPTSTK,RBLBANK,28-Apr-2022,162.5,CE,0.0,0.0,0.0,17.7,0.15,0,0.0,0,0,18-APR-2022,
OPTSTK,RBLBANK,28-Apr-2022,165.0,CE,0.15,0.15,0.15,0.15,0.1,2,9.57,832300,-5800,18-APR-2022,
OPTSTK,RBLBANK,28-Apr-2022,167.5,CE,0.0,0.0,0.0,15.95,0.1,0,0.0,0,0,18-APR-2022,
OPTSTK,RBLBANK,28-Apr-2022,170.0,CE,0.15,0.15,0.15,0.15,0.05,2,9.86,693100,-5800,18-APR-2022,
OPTSTK,RBLBANK,28-Apr-2022,172.5,CE,0.0,0.0,0.0,0.3,0.05,0,0.0,2900,0,18-APR-2022,
OPTSTK,RBLBANK,28-Apr-2022,175.0,CE,0.0,0.0,0.0,0.1,0.05,0,0.0,182700,0,18-APR-2022,
OPTSTK,RBLBANK,28-Apr-2022,177.5,CE,0.0,0.0,0.0,0.55,0.05,0,0.0,66700,0,18-APR-2022,
OPTSTK,RBLBANK,28-Apr-2022,180.0,CE,0.0,0.0,0.0,0.1,0.05,0,0.0,290000,0,18-APR-2022,
OPTSTK,RBLBANK,28-Apr-2022,182.5,CE,0.0,0.0,0.0,11.5,0.05,0,0.0,0,0,18-APR-2022,
OPTSTK,RBLBANK,28-Apr-2022,185.0,CE,0.0,0.0,0.0,10.9,0.0,0,0.0,0,0,18-APR-2022,
OPTSTK,RBLBANK,28-Apr-2022,187.5,CE,0.0,0.0,0.0,10.3,0.0,0,0.0,0,0,18-APR-2022,
OPTSTK,RBLBANK,28-Apr-2022,190.0,CE,0.0,0.0,0.0,0.25,0.0,0,0.0,69600,0,18-APR-2022,
OPTSTK,RBLBANK,28-Apr-2022,192.5,CE,0.0,0.0,0.0,9.2,0.0,0,0.0,0,0,18-APR-2022,
OPTSTK,RBLBANK,28-Apr-2022,195.0,CE,0.0,0.0,0.0,8.7,0.0,0,0.0,0,0,18-APR-2022,
OPTSTK,RBLBANK,28-Apr-2022,197.5,CE,0.0,0.0,0.0,8.25,0.0,0,0.0,0,0,18-APR-2022,
OPTSTK,RBLBANK,28-Apr-2022,200.0,CE,0.05,0.05,0.05,0.05,0.0,1,5.8,34800,-2900,18-APR-2022,
OPTSTK,RBLBANK,28-Apr-2022,202.5,CE,0.0,0.0,0.0,7.35,0.0,0,0.0,0,0,18-APR-2022,
OPTSTK,RBLBANK,28-Apr-2022,205.0,CE,0.0,0.0,0.0,6.95,0.0,0,0.0,0,0,18-APR-2022,
OPTSTK,RBLBANK,28-Apr-2022,207.5,CE,0.0,0.0,0.0,6.55,0.0,0,0.0,0,0,18-APR-2022,
OPTSTK,RBLBANK,28-Apr-2022,210.0,CE,0.0,0.0,0.0,6.2,0.0,0,0.0,0,0,18-APR-2022,
OPTSTK,RBLBANK,28-Apr-2022,82.5,PE,0.0,0.0,0.0,0.4,0.0,0,0.0,17400,0,18-APR-2022,
OPTSTK,RBLBANK,28-Apr-2022,85.0,PE,0.1,0.1,0.1,0.1,0.0,1,2.46,104400,-2900,18-APR-2022,
OPTSTK,RBLBANK,28-Apr-2022,87.5,PE,0.0,0.0,0.0,0.65,0.0,0,0.0,52200,0,18-APR-2022,
OPTSTK,RBLBANK,28-Apr-2022,90.0,PE,0.0,0.0,0.0,0.15,0.0,0,0.0,684400,0,18-APR-2022,
OPTSTK,RBLBANK,28-Apr-2022,92.5,PE,0.0,0.0,0.0,0.85,0.0,0,0.0,49300,0,18-APR-2022,
OPTSTK,RBLBANK,28-Apr-2022,95.0,PE,0.0,0.0,0.0,0.25,0.05,0,0.0,611900,0,18-APR-2022,
OPTSTK,RBLBANK,28-Apr-2022,97.5,PE,0.0,0.0,0.0,0.35,0.05,0,0.0,49300,0,18-APR-2022,
OPTSTK,RBLBANK,28-Apr-2022,100.0,PE,0.1,0.2,0.1,0.2,0.2,9,26.14,925100,-26100,18-APR-2022,
OPTSTK,RBLBANK,28-Apr-2022,102.5,PE,0.0,0.0,0.0,1.25,0.1,0,0.0,43500,0,18-APR-2022,
OPTSTK,RBLBANK,28-Apr-2022,105.0,PE,0.35,0.35,0.3,0.3,0.3,5,15.26,278400,-14500,18-APR-2022,
OPTSTK,RBLBANK,28-Apr-2022,107.5,PE,0.0,0.0,0.0,0.65,0.25,0,0.0,165300,0,18-APR-2022,
OPTSTK,RBLBANK,28-Apr-2022,110.0,PE,0.8,0.8,0.35,0.7,0.4,15,48.08,1244100,-40600,18-APR-2022,
OPTSTK,RBLBANK,28-Apr-2022,112.5,PE,0.7,0.7,0.7,0.7,0.7,1,3.28,327700,-2900,18-APR-2022,
OPTSTK,RBLBANK,28-Apr-2022,115.0,PE,0.9,1.2,0.9,1.05,1.05,7,23.55,1432600,-20300,18-APR-2022,
OPTSTK,RBLBANK,28-Apr-2022,117.5,PE,0.5,0.5,0.5,0.5,1.3,1,3.42,234900,-2900,18-APR-2022,
OPTSTK,RBLBANK,28-Apr-2022,120.0,PE,1.7,1.8,1.6,1.7,1.7,13,45.88,2430200,-37700,18-APR-2022,
OPTSTK,RBLBANK,28-Apr-2022,122.5,PE,1.7,1.7,1.5,1.5,1.5,3,10.79,330600,-2900,18-APR-2022,
OPTSTK,RBLBANK,28-Apr-2022,125.0,PE,3.0,3.0,2.45,2.55,2.55,15,55.56,1539900,-43500,18-APR-2022,
OPTSTK,RBLBANK,28-Apr-2022,127.5,PE,2.5,2.5,2.5,2.5,2.5,1,3.77,356700,-2900,18-APR-2022,
OPTSTK,RBLBANK,28-Apr-2022,130.0,PE,5.1,5.1,4.5,4.8,4.8,63,246.47,3999100,-75400,18-APR-2022,
OPTSTK,RBLBANK,28-Apr-2022,132.5,PE,0.0,0.0,0.0,4.05,6.95,0,0.0,295800,0,18-APR-2022,
OPTSTK,RBLBANK,28-Apr-2022,135.0,PE,5.05,7.0,5.05,7.0,7.0,3,12.29,928000,0,18-APR-2022,
OPTSTK,RBLBANK,28-Apr-2022,137.5,PE,0.0,0.0,0.0,10.0,10.15,0,0.0,81200,0,18-APR-2022,
OPTSTK,RBLBANK,28-Apr-2022,140.0,PE,10.15,11.0,7.85,7.85,7.85,6,26.04,954100,0,18-APR-2022,
OPTSTK,RBLBANK,28-Apr-2022,142.5,PE,0.0,0.0,0.0,18.5,13.95,0,0.0,211700,0,18-APR-2022,
OPTSTK,RBLBANK,28-Apr-2022,145.0,PE,0.0,0.0,0.0,18.6,16.0,0,0.0,310300,0,18-APR-2022,
OPTSTK,RBLBANK,28-Apr-2022,147.5,PE,0.0,0.0,0.0,16.9,18.15,0,0.0,0,0,18-APR-2022,
OPTSTK,RBLBANK,28-Apr-2022,150.0,PE,22.0,22.0,22.0,22.0,20.4,1,4.98,1786400,-2900,18-APR-2022,
OPTSTK,RBLBANK,28-Apr-2022,152.5,PE,0.0,0.0,0.0,19.55,22.7,0,0.0,0,0,18-APR-2022,
OPTSTK,RBLBANK,28-Apr-2022,155.0,PE,0.0,0.0,0.0,27.85,25.05,0,0.0,43500,0,18-APR-2022,
OPTSTK,RBLBANK,28-Apr-2022,157.5,PE,0.0,0.0,0.0,22.35,27.4,0,0.0,0,0,18-APR-2022,
OPTSTK,RBLBANK,28-Apr-2022,160.0,PE,0.0,0.0,0.0,32.4,29.85,0,0.0,55100,0,18-APR-2022,
OPTSTK,RBLBANK,28-Apr-2022,162.5,PE,0.0,0.0,0.0,25.35,32.3,0,0.0,0,0,18-APR-2022,
OPTSTK,RBLBANK,28-Apr-2022,165.0,PE,0.0,0.0,0.0,26.95,34.75,0,0.0,0,0,18-APR-2022,
OPTSTK,RBLBANK,28-Apr-2022,167.5,PE,0.0,0.0,0.0,28.55,37.2,0,0.0,0,0,18-APR-2022,
OPTSTK,RBLBANK,28-Apr-2022,170.0,PE,0.0,0.0,0.0,35.0,39.65,0,0.0,14500,0,18-APR-2022,
OPTSTK,RBLBANK,28-Apr-2022,172.5,PE,0.0,0.0,0.0,31.85,42.15,0,0.0,0,0,18-APR-2022,
OPTSTK,RBLBANK,28-Apr-2022,175.0,PE,0.0,0.0,0.0,33.6,44.65,0,0.0,0,0,18-APR-2022,
OPTSTK,RBLBANK,28-Apr-2022,177.5,PE,0.0,0.0,0.0,35.35,47.15,0,0.0,0,0,18-APR-2022,
OPTSTK,RBLBANK,28-Apr-2022,180.0,PE,0.0,0.0,0.0,40.0,49.65,0,0.0,81200,0,18-APR-2022,
OPTSTK,RBLBANK,28-Apr-2022,182.5,PE,0.0,0.0,0.0,38.95,52.1,0,0.0,0,0,18-APR-2022,
OPTSTK,RBLBANK,28-Apr-2022,185.0,PE,0.0,0.0,0.0,40.8,54.6,0,0.0,0,0,18-APR-2022,
OPTSTK,RBLBANK,28-Apr-2022,187.5,PE,0.0,0.0,0.0,42.7,57.1,0,0.0,0,0,18-APR-2022,
OPTSTK,RBLBANK,28-Apr-2022,190.0,PE,0.0,0.0,0.0,44.6,59.6,0,0.0,0,0,18-APR-2022,
OPTSTK,RBLBANK,28-Apr-2022,192.5,PE,0.0,0.0,0.0,46.55,62.1,0,0.0,0,0,18-APR-2022,
OPTSTK,RBLBANK,28-Apr-2022,195.0,PE,0.0,0.0,0.0,48.55,64.6,0,0.0,0,0,18-APR-2022,
OPTSTK,RBLBANK,28-Apr-2022,197.5,PE,0.0,0.0,0.0,50.5,67.1,0,0.0,0,0,18-APR-2022,
OPTSTK,RBLBANK,28-Apr-2022,200.0,PE,0.0,0.0,0.0,67.5,69.6,0,0.0,2900,0,18-APR-2022,
OPTSTK,RBLBANK,28-Apr-2022,202.5,PE,0.0,0.0,0.0,54.6,72.1,0,0.0,0,0,18-APR-2022,
OPTSTK,RBLBANK,28-Apr-2022,205.0,PE,0.0,0.0,0.0,56.65,74.6,0,0.0,0,0,18-APR-2022,
OPTSTK,RBLBANK,28-Apr-2022,207.5,PE,0.0,0.0,0.0,58.75,77.1,0,0.0,0,0,18-APR-2022,
OPTSTK,RBLBANK,28-Apr-2022,210.0,PE,0.0,0.0,0.0,60.85,79.6,0,0.0,0,0,18-APR-2022,
OPTSTK,RBLBANK,26-May-2022,82.5,CE,0.0,0.0,0.0,42.5,48.2,0,0.0,0,0,18-APR-2022,
OPTSTK,RBLBANK,26-May-2022,85.0,CE,0.0,0.0,0.0,40.4,45.8,0,0.0,0,0,18-APR-2022,
OPTSTK,RBLBANK,26-May-2022,87.5,CE,0.0,0.0,0.0,38.4,43.4,0,0.0,0,0,18-APR-2022,
OPTSTK,RBLBANK,26-May-2022,90.0,CE,0.0,0.0,0.0,36.4,41.0,0,0.0,0,0,18-APR-2022,
OPTSTK,RBLBANK,26-May-2022,92.5,CE,0.0,0.0,0.0,34.5,38.65,0,0.0,0,0,18-APR-2022,
OPTSTK,RBLBANK,26-May-2022,95.0,CE,0.0,0.0,0.0,32.65,36.35,0,0.0,0,0,18-APR-2022,
OPTSTK,RBLBANK,26-May-2022,97.5,CE,0.0,0.0,0.0,30.9,34.1,0,0.0,0,0,18-APR-2022,
OPTSTK,RBLBANK,26-May-2022,100.0,CE,0.0,0.0,0.0,29.15,31.9,0,0.0,0,0,18-APR-2022,
OPTSTK,RBLBANK,26-May-2022,102.5,CE,0.0,0.0,0.0,27.5,29.75,0,0.0,0,0,18-APR-2022,
OPTSTK,RBLBANK,26-May-2022,105.0,CE,0.0,0.0,0.0,25.9,27.7,0,0.0,0,0,18-APR-2022,
OPTSTK,RBLBANK,26-May-2022,107.5,CE,0.0,0.0,0.0,24.4,25.7,0,0.0,0,0,18-APR-2022,
OPTSTK,RBLBANK,26-May-2022,110.0,CE,0.0,0.0,0.0,22.95,23.75,0,0.0,0,0,18-APR-2022,
OPTSTK,RBLBANK,26-May-2022,112.5,CE,0.0,0.0,0.0,21.55,21.95,0,0.0,0,0,18-APR-2022,
OPTSTK,RBLBANK,26-May-2022,115.0,CE,0.0,0.0,0.0,20.25,20.2,0,0.0,0,0,18-APR-2022,
OPTSTK,RBLBANK,26-May-2022,117.5,CE,0.0,0.0,0.0,19.0,18.5,0,0.0,0,0,18-APR-2022,
OPTSTK,RBLBANK,26-May-2022,120.0,CE,0.0,0.0,0.0,17.8,16.95,0,0.0,0,0,18-APR-2022,
OPTSTK,RBLBANK,26-May-2022,122.5,CE,0.0,0.0,0.0,16.7,15.45,0,0.0,0,0,18-APR-2022,
OPTSTK,RBLBANK,26-May-2022,125.0,CE,0.0,0.0,0.0,15.6,14.05,0,0.0,0,0,18-APR-2022,
OPTSTK,RBLBANK,26-May-2022,127.5,CE,0.0,0.0,0.0,14.6,12.75,0,0.0,0,0,18-APR-2022,
OPTSTK,RBLBANK,26-May-2022,130.0,CE,0.0,0.0,0.0,10.85,11.55,0,0.0,49300,0,18-APR-2022,
OPTSTK,RBLBANK,26-May-2022,132.5,CE,0.0,0.0,0.0,12.75,10.4,0,0.0,0,0,18-APR-2022,
OPTSTK,RBLBANK,26-May-2022,135.0,CE,0.0,0.0,0.0,8.45,9.4,0,0.0,17400,0,18-APR-2022,
OPTSTK,RBLBANK,26-May-2022,137.5,CE,0.0,0.0,0.0,11.1,8.45,0,0.0,0,0,18-APR-2022,
OPTSTK,RBLBANK,26-May-2022,140.0,CE,0.0,0.0,0.0,6.8,7.55,0,0.0,156600,0,18-APR-2022,
OPTSTK,RBLBANK,26-May-2022,142.5,CE,0.0,0.0,0.0,9.65,6.75,0,0.0,0,0,18-APR-2022,
OPTSTK,RBLBANK,26-May-2022,145.0,CE,0.0,0.0,0.0,5.0,6.05,0,0.0,5800,0,18-APR-2022,
OPTSTK,RBLBANK,26-May-2022,147.5,CE,0.0,0.0,0.0,8.35,5.4,0,0.0,0,0,18-APR-2022,
OPTSTK,RBLBANK,26-May-2022,150.0,CE,0.0,0.0,0.0,4.0,4.8,0,0.0,142100,0,18-APR-2022,
OPTSTK,RBLBANK,26-May-2022,152.5,CE,0.0,0.0,0.0,7.25,4.25,0,0.0,0,0,18-APR-2022,
OPTSTK,RBLBANK,26-May-2022,155.0,CE,0.0,0.0,0.0,6.75,3.75,0,0.0,0,0,18-APR-2022,
OPTSTK,RBLBANK,26-May-2022,157.5,CE,0.0,0.0,0.0,6.25,3.3,0,0.0,0,0,18-APR-2022,
OPTSTK,RBLBANK,26-May-2022,160.0,CE,0.0,0.0,0.0,2.7,2.95,0,0.0,23200,0,18-APR-2022,
OPTSTK,RBLBANK,26-May-2022,162.5,CE,0.0,0.0,0.0,5.4,2.6,0,0.0,0,0,18-APR-2022,
OPTSTK,RBLBANK,26-May-2022,165.0,CE,0.0,0.0,0.0,5.0,2.25,0,0.0,0,0,18-APR-2022,
OPTSTK,RBLBANK,26-May-2022,167.5,CE,0.0,0.0,0.0,4.65,2.0,0,0.0,0,0,18-APR-2022,
OPTSTK,RBLBANK,26-May-2022,170.0,CE,0.0,0.0,0.0,1.9,1.75,0,0.0,37700,0,18-APR-2022,
OPTSTK,RBLBANK,26-May-2022,172.5,CE,0.0,0.0,0.0,4.0,1.55,0,0.0,0,0,18-APR-2022,
OPTSTK,RBLBANK,26-May-2022,175.0,CE,0.0,0.0,0.0,3.7,1.35,0,0.0,0,0,18-APR-2022,
OPTSTK,RBLBANK,26-May-2022,177.5,CE,0.0,0.0,0.0,3.45,1.15,0,0.0,0,0,18-APR-2022,
OPTSTK,RBLBANK,26-May-2022,180.0,CE,0.0,0.0,0.0,3.2,1.0,0,0.0,0,0,18-APR-2022,
OPTSTK,RBLBANK,26-May-2022,182.5,CE,0.0,0.0,0.0,2.95,0.9,0,0.0,0,0,18-APR-2022,
OPTSTK,RBLBANK,26-May-2022,185.0,CE,0.0,0.0,0.0,2.75,0.8,0,0.0,0,0,18-APR-2022,
OPTSTK,RBLBANK,26-May-2022,187.5,CE,0.0,0.0,0.0,2.55,0.7,0,0.0,0,0,18-APR-2022,
OPTSTK,RBLBANK,26-May-2022,190.0,CE,0.0,0.0,0.0,2.35,0.6,0,0.0,0,0,18-APR-2022,
OPTSTK,RBLBANK,26-May-2022,192.5,CE,0.0,0.0,0.0,2.2,0.5,0,0.0,0,0,18-APR-2022,
OPTSTK,RBLBANK,26-May-2022,195.0,CE,0.0,0.0,0.0,2.0,0.45,0,0.0,0,0,18-APR-2022,
OPTSTK,RBLBANK,26-May-2022,197.5,CE,0.0,0.0,0.0,1.85,0.4,0,0.0,0,0,18-APR-2022,
OPTSTK,RBLBANK,26-May-2022,200.0,CE,0.0,0.0,0.0,1.0,0.35,0,0.0,8700,0,18-APR-2022,
OPTSTK,RBLBANK,26-May-2022,202.5,CE,0.0,0.0,0.0,1.6,0.3,0,0.0,0,0,18-APR-2022,
OPTSTK,RBLBANK,26-May-2022,82.5,PE,0.0,0.0,0.0,1.85,0.15,0,0.0,0,0,18-APR-2022,
OPTSTK,RBLBANK,26-May-2022,85.0,PE,0.0,0.0,0.0,2.2,0.2,0,0.0,0,0,18-APR-2022,
OPTSTK,RBLBANK,26-May-2022,87.5,PE,0.0,0.0,0.0,2.65,0.3,0,0.0,0,0,18-APR-2022,
OPTSTK,RBLBANK,26-May-2022,90.0,PE,0.0,0.0,0.0,3.15,0.4,0,0.0,0,0,18-APR-2022,
OPTSTK,RBLBANK,26-May-2022,92.5,PE,0.0,0.0,0.0,3.75,0.55,0,0.0,0,0,18-APR-2022,
OPTSTK,RBLBANK,26-May-2022,95.0,PE,0.0,0.0,0.0,4.35,0.75,0,0.0,0,0,18-APR-2022,
OPTSTK,RBLBANK,26-May-2022,97.5,PE,0.0,0.0,0.0,5.05,1.0,0,0.0,0,0,18-APR-2022,
OPTSTK,RBLBANK,26-May-2022,100.0,PE,1.5,1.5,1.5,1.5,1.5,2,5.88,121800,-5800,18-APR-2022,
OPTSTK,RBLBANK,26-May-2022,102.5,PE,0.0,0.0,0.0,6.65,1.6,0,0.0,0,0,18-APR-2022,
OPTSTK,RBLBANK,26-May-2022,105.0,PE,0.0,0.0,0.0,7.5,2.05,0,0.0,0,0,18-APR-2022,
OPTSTK,RBLBANK,26-May-2022,107.5,PE,0.0,0.0,0.0,8.5,2.5,0,0.0,0,0,18-APR-2022,
OPTSTK,RBLBANK,26-May-2022,110.0,PE,3.0,3.6,3.0,3.15,3.15,4,13.13,223300,-11600,18-APR-2022,
OPTSTK,RBLBANK,26-May-2022,112.5,PE,0.0,0.0,0.0,10.6,3.75,0,0.0,0,0,18-APR-2022,
OPTSTK,RBLBANK,26-May-2022,115.0,PE,0.0,0.0,0.0,5.2,4.45,0,0.0,5800,0,18-APR-2022,
OPTSTK,RBLBANK,26-May-2022,117.5,PE,0.0,0.0,0.0,12.95,5.3,0,0.0,0,0,18-APR-2022,
OPTSTK,RBLBANK,26-May-2022,120.0,PE,6.0,6.0,5.2,5.65,5.65,4,14.58,440800,-11600,18-APR-2022,
OPTSTK,RBLBANK,26-May-2022,122.5,PE,0.0,0.0,0.0,15.6,7.2,0,0.0,0,0,18-APR-2022,
OPTSTK,RBLBANK,26-May-2022,125.0,PE,0.0,0.0,0.0,8.5,8.3,0,0.0,11600,0,18-APR-2022,
OPTSTK,RBLBANK,26-May-2022,127.5,PE,0.0,0.0,0.0,18.45,9.5,0,0.0,0,0,18-APR-2022,
OPTSTK,RBLBANK,26-May-2022,130.0,PE,10.0,10.0,9.75,9.95,10.75,6,24.35,150800,-17400,18-APR-2022,
OPTSTK,RBLBANK,26-May-2022,132.5,PE,0.0,0.0,0.0,21.55,12.15,0,0.0,0,0,18-APR-2022,
OPTSTK,RBLBANK,26-May-2022,135.0,PE,0.0,0.0,0.0,16.0,13.6,0,0.0,23200,0,18-APR-2022,
OPTSTK,RBLBANK,26-May-2022,137.5,PE,0.0,0.0,0.0,24.85,15.15,0,0.0,0,0,18-APR-2022,
OPTSTK,RBLBANK,26-May-2022,140.0,PE,0.0,0.0,0.0,14.0,16.75,0,0.0,29000,0,18-APR-2022,
OPTSTK,RBLBANK,26-May-2022,142.5,PE,0.0,0.0,0.0,28.35,18.45,0,0.0,0,0,18-APR-2022,
OPTSTK,RBLBANK,26-May-2022,145.0,PE,0.0,0.0,0.0,30.15,20.2,0,0.0,0,0,18-APR-2022,
OPTSTK,RBLBANK,26-May-2022,147.5,PE,0.0,0.0,0.0,32.0,22.05,0,0.0,0,0,18-APR-2022,
OPTSTK,RBLBANK,26-May-2022,150.0,PE,0.0,0.0,0.0,17.0,23.9,0,0.0,2900,0,18-APR-2022,
OPTSTK,RBLBANK,26-May-2022,152.5,PE,0.0,0.0,0.0,35.85,25.85,0,0.0,0,0,18-APR-2022,
OPTSTK,RBLBANK,26-May-2022,155.0,PE,0.0,0.0,0.0,37.8,27.85,0,0.0,0,0,18-APR-2022,
OPTSTK,RBLBANK,26-May-2022,157.5,PE,0.0,0.0,0.0,39.8,29.9,0,0.0,0,0,18-APR-2022,
OPTSTK,RBLBANK,26-May-2022,160.0,PE,0.0,0.0,0.0,41.85,32.0,0,0.0,0,0,18-APR-2022,
OPTSTK,RBLBANK,26-May-2022,162.5,PE,0.0,0.0,0.0,43.9,34.15,0,0.0,0,0,18-APR-2022,
OPTSTK,RBLBANK,26-May-2022,165.0,PE,0.0,0.0,0.0,46.0,36.35,0,0.0,0,0,18-APR-2022,
OPTSTK,RBLBANK,26-May-2022,167.5,PE,0.0,0.0,0.0,48.1,38.55,0,0.0,0,0,18-APR-2022,
OPTSTK,RBLBANK,26-May-2022,170.0,PE,0.0,0.0,0.0,50.25,40.8,0,0.0,0,0,18-APR-2022,
OPTSTK,RBLBANK,26-May-2022,172.5,PE,0.0,0.0,0.0,52.4,43.05,0,0.0,0,0,18-APR-2022,
OPTSTK,RBLBANK,26-May-2022,175.0,PE,0.0,0.0,0.0,54.6,45.35,0,0.0,0,0,18-APR-2022,
OPTSTK,RBLBANK,26-May-2022,177.5,PE,0.0,0.0,0.0,56.8,47.7,0,0.0,0,0,18-APR-2022,
OPTSTK,RBLBANK,26-May-2022,180.0,PE,0.0,0.0,0.0,59.0,50.05,0,0.0,0,0,18-APR-2022,
OPTSTK,RBLBANK,26-May-2022,182.5,PE,0.0,0.0,0.0,61.25,52.4,0,0.0,0,0,18-APR-2022,
OPTSTK,RBLBANK,26-May-2022,185.0,PE,0.0,0.0,0.0,63.5,54.75,0,0.0,0,0,18-APR-2022,
OPTSTK,RBLBANK,26-May-2022,187.5,PE,0.0,0.0,0.0,65.8,57.15,0,0.0,0,0,18-APR-2022,
OPTSTK,RBLBANK,26-May-2022,190.0,PE,0.0,0.0,0.0,68.05,59.55,0,0.0,0,0,18-APR-2022,
OPTSTK,RBLBANK,26-May-2022,192.5,PE,0.0,0.0,0.0,70.35,61.95,0,0.0,0,0,18-APR-2022,
OPTSTK,RBLBANK,26-May-2022,195.0,PE,0.0,0.0,0.0,72.7,64.4,0,0.0,0,0,18-APR-2022,
OPTSTK,RBLBANK,26-May-2022,197.5,PE,0.0,0.0,0.0,75.0,66.8,0,0.0,0,0,18-APR-2022,
OPTSTK,RBLBANK,26-May-2022,200.0,PE,0.0,0.0,0.0,77.35,69.25,0,0.0,0,0,18-APR-2022,
OPTSTK,RBLBANK,26-May-2022,202.5,PE,0.0,0.0,0.0,79.7,71.7,0,0.0,0,0,18-APR-2022,
OPTSTK,RBLBANK,30-Jun-2022,82.5,CE,0.0,0.0,0.0,49.9,49.2,0,0.0,0,0,18-APR-2022,
OPTSTK,RBLBANK,30-Jun-2022,85.0,CE,0.0,0.0,0.0,47.7,46.95,0,0.0,0,0,18-APR-2022,
OPTSTK,RBLBANK,30-Jun-2022,87.5,CE,0.0,0.0,0.0,45.55,44.75,0,0.0,0,0,18-APR-2022,
OPTSTK,RBLBANK,30-Jun-2022,90.0,CE,0.0,0.0,0.0,43.5,42.55,0,0.0,0,0,18-APR-2022,
OPTSTK,RBLBANK,30-Jun-2022,92.5,CE,0.0,0.0,0.0,41.45,40.45,0,0.0,0,0,18-APR-2022,
OPTSTK,RBLBANK,30-Jun-2022,95.0,CE,0.0,0.0,0.0,39.5,38.35,0,0.0,0,0,18-APR-2022,
OPTSTK,RBLBANK,30-Jun-2022,97.5,CE,0.0,0.0,0.0,37.55,36.35,0,0.0,0,0,18-APR-2022,
OPTSTK,RBLBANK,30-Jun-2022,100.0,CE,0.0,0.0,0.0,35.7,34.4,0,0.0,0,0,18-APR-2022,
OPTSTK,RBLBANK,30-Jun-2022,102.5,CE,0.0,0.0,0.0,33.9,32.5,0,0.0,0,0,18-APR-2022,
OPTSTK,RBLBANK,30-Jun-2022,105.0,CE,0.0,0.0,0.0,32.15,30.65,0,0.0,0,0,18-APR-2022,
OPTSTK,RBLBANK,30-Jun-2022,107.5,CE,0.0,0.0,0.0,30.45,28.9,0,0.0,0,0,18-APR-2022,
OPTSTK,RBLBANK,30-Jun-2022,110.0,CE,0.0,0.0,0.0,28.85,27.2,0,0.0,0,0,18-APR-2022,
OPTSTK,RBLBANK,30-Jun-2022,112.5,CE,0.0,0.0,0.0,27.25,25.55,0,0.0,0,0,18-APR-2022,
OPTSTK,RBLBANK,30-Jun-2022,115.0,CE,0.0,0.0,0.0,25.75,24.0,0,0.0,0,0,18-APR-2022,
OPTSTK,RBLBANK,30-Jun-2022,117.5,CE,0.0,0.0,0.0,24.35,22.5,0,0.0,0,0,18-APR-2022,
OPTSTK,RBLBANK,30-Jun-2022,120.0,CE,0.0,0.0,0.0,22.95,21.05,0,0.0,0,0,18-APR-2022,
OPTSTK,RBLBANK,30-Jun-2022,122.5,CE,0.0,0.0,0.0,21.65,19.7,0,0.0,0,0,18-APR-2022,
OPTSTK,RBLBANK,30-Jun-2022,125.0,CE,0.0,0.0,0.0,20.4,18.45,0,0.0,0,0,18-APR-2022,
OPTSTK,RBLBANK,30-Jun-2022,127.5,CE,0.0,0.0,0.0,19.2,17.2,0,0.0,0,0,18-APR-2022,
OPTSTK,RBLBANK,30-Jun-2022,130.0,CE,0.0,0.0,0.0,18.05,16.05,0,0.0,0,0,18-APR-2022,
OPTSTK,RBLBANK,30-Jun-2022,132.5,CE,0.0,0.0,0.0,17.0,14.95,0,0.0,0,0,18-APR-2022,
OPTSTK,RBLBANK,30-Jun-2022,135.0,CE,0.0,0.0,0.0,15.95,13.9,0,0.0,0,0,18-APR-2022,
OPTSTK,RBLBANK,30-Jun-2022,137.5,CE,0.0,0.0,0.0,15.0,12.95,0,0.0,0,0,18-APR-2022,
OPTSTK,RBLBANK,30-Jun-2022,140.0,CE,0.0,0.0,0.0,14.1,12.05,0,0.0,0,0,18-APR-2022,
OPTSTK,RBLBANK,30-Jun-2022,142.5,CE,0.0,0.0,0.0,13.2,11.15,0,0.0,0,0,18-APR-2022,
OPTSTK,RBLBANK,30-Jun-2022,145.0,CE,0.0,0.0,0.0,12.4,10.35,0,0.0,0,0,18-APR-2022,
OPTSTK,RBLBANK,30-Jun-2022,147.5,CE,0.0,0.0,0.0,11.6,9.6,0,0.0,0,0,18-APR-2022,
OPTSTK,RBLBANK,30-Jun-2022,150.0,CE,0.0,0.0,0.0,10.85,8.9,0,0.0,0,0,18-APR-2022,
OPTSTK,RBLBANK,30-Jun-2022,152.5,CE,0.0,0.0,0.0,10.2,8.25,0,0.0,0,0,18-APR-2022,
OPTSTK,RBLBANK,30-Jun-2022,155.0,CE,0.0,0.0,0.0,9.5,7.65,0,0.0,0,0,18-APR-2022,
OPTSTK,RBLBANK,30-Jun-2022,157.5,CE,0.0,0.0,0.0,8.9,7.05,0,0.0,0,0,18-APR-2022,
OPTSTK,RBLBANK,30-Jun-2022,160.0,CE,0.0,0.0,0.0,5.0,6.5,0,0.0,0,0,18-APR-2022,
OPTSTK,RBLBANK,30-Jun-2022,162.5,CE,0.0,0.0,0.0,7.8,6.05,0,0.0,0,0,18-APR-2022,
OPTSTK,RBLBANK,30-Jun-2022,165.0,CE,0.0,0.0,0.0,7.3,5.55,0,0.0,0,0,18-APR-2022,
OPTSTK,RBLBANK,30-Jun-2022,167.5,CE,0.0,0.0,0.0,6.8,5.15,0,0.0,0,0,18-APR-2022,
OPTSTK,RBLBANK,30-Jun-2022,170.0,CE,0.0,0.0,0.0,6.35,4.75,0,0.0,0,0,18-APR-2022,
OPTSTK,RBLBANK,30-Jun-2022,172.5,CE,0.0,0.0,0.0,5.95,4.35,0,0.0,0,0,18-APR-2022,
OPTSTK,RBLBANK,30-Jun-2022,175.0,CE,0.0,0.0,0.0,5.55,4.0,0,0.0,0,0,18-APR-2022,
OPTSTK,RBLBANK,30-Jun-2022,177.5,CE,0.0,0.0,0.0,5.15,3.7,0,0.0,0,0,18-APR-2022,
OPTSTK,RBLBANK,30-Jun-2022,180.0,CE,0.0,0.0,0.0,4.8,3.4,0,0.0,0,0,18-APR-2022,
OPTSTK,RBLBANK,30-Jun-2022,182.5,CE,0.0,0.0,0.0,4.5,3.15,0,0.0,0,0,18-APR-2022,
OPTSTK,RBLBANK,30-Jun-2022,185.0,CE,0.0,0.0,0.0,4.2,2.9,0,0.0,0,0,18-APR-2022,
OPTSTK,RBLBANK,30-Jun-2022,82.5,PE,0.0,0.0,0.0,1.3,0.8,0,0.0,0,0,18-APR-2022,
OPTSTK,RBLBANK,30-Jun-2022,85.0,PE,0.0,0.0,0.0,1.6,1.05,0,0.0,0,0,18-APR-2022,
OPTSTK,RBLBANK,30-Jun-2022,87.5,PE,0.0,0.0,0.0,1.95,1.3,0,0.0,0,0,18-APR-2022,
OPTSTK,RBLBANK,30-Jun-2022,90.0,PE,0.0,0.0,0.0,2.35,1.6,0,0.0,0,0,18-APR-2022,
OPTSTK,RBLBANK,30-Jun-2022,92.5,PE,0.0,0.0,0.0,2.8,1.95,0,0.0,0,0,18-APR-2022,
OPTSTK,RBLBANK,30-Jun-2022,95.0,PE,0.0,0.0,0.0,3.3,2.35,0,0.0,0,0,18-APR-2022,
OPTSTK,RBLBANK,30-Jun-2022,97.5,PE,0.0,0.0,0.0,3.85,2.8,0,0.0,0,0,18-APR-2022,
OPTSTK,RBLBANK,30-Jun-2022,100.0,PE,0.0,0.0,0.0,4.45,3.35,0,0.0,0,0,18-APR-2022,
OPTSTK,RBLBANK,30-Jun-2022,102.5,PE,0.0,0.0,0.0,5.1,3.9,0,0.0,0,0,18-APR-2022,
OPTSTK,RBLBANK,30-Jun-2022,105.0,PE,0.0,0.0,0.0,5.85,4.55,0,0.0,0,0,18-APR-2022,
OPTSTK,RBLBANK,30-Jun-2022,107.5,PE,0.0,0.0,0.0,6.6,5.3,0,0.0,0,0,18-APR-2022,
OPTSTK,RBLBANK,30-Jun-2022,110.0,PE,0.0,0.0,0.0,6.0,6.05,0,0.0,2900,0,18-APR-2022,
OPTSTK,RBLBANK,30-Jun-2022,112.5,PE,0.0,0.0,0.0,8.4,6.9,0,0.0,0,0,18-APR-2022,
OPTSTK,RBLBANK,30-Jun-2022,115.0,PE,0.0,0.0,0.0,9.35,7.8,0,0.0,0,0,18-APR-2022,
OPTSTK,RBLBANK,30-Jun-2022,117.5,PE,0.0,0.0,0.0,10.4,8.8,0,0.0,0,0,18-APR-2022,
OPTSTK,RBLBANK,30-Jun-2022,120.0,PE,0.0,0.0,0.0,7.0,9.85,0,0.0,8700,0,18-APR-2022,
OPTSTK,RBLBANK,30-Jun-2022,122.5,PE,0.0,0.0,0.0,12.65,11.0,0,0.0,0,0,18-APR-2022,
OPTSTK,RBLBANK,30-Jun-2022,125.0,PE,0.0,0.0,0.0,13.9,12.15,0,0.0,0,0,18-APR-2022,
OPTSTK,RBLBANK,30-Jun-2022,127.5,PE,0.0,0.0,0.0,15.15,13.45,0,0.0,0,0,18-APR-2022,
OPTSTK,RBLBANK,30-Jun-2022,130.0,PE,0.0,0.0,0.0,12.5,14.75,0,0.0,2900,0,18-APR-2022,
OPTSTK,RBLBANK,30-Jun-2022,132.5,PE,0.0,0.0,0.0,17.9,16.15,0,0.0,0,0,18-APR-2022,
OPTSTK,RBLBANK,30-Jun-2022,135.0,PE,0.0,0.0,0.0,19.35,17.6,0,0.0,0,0,18-APR-2022,
OPTSTK,RBLBANK,30-Jun-2022,137.5,PE,0.0,0.0,0.0,20.85,19.1,0,0.0,0,0,18-APR-2022,
OPTSTK,RBLBANK,30-Jun-2022,140.0,PE,0.0,0.0,0.0,22.4,20.65,0,0.0,0,0,18-APR-2022,
OPTSTK,RBLBANK,30-Jun-2022,142.5,PE,0.0,0.0,0.0,24.0,22.25,0,0.0,0,0,18-APR-2022,
OPTSTK,RBLBANK,30-Jun-2022,145.0,PE,0.0,0.0,0.0,25.65,23.95,0,0.0,0,0,18-APR-2022,
OPTSTK,RBLBANK,30-Jun-2022,147.5,PE,0.0,0.0,0.0,27.35,25.65,0,0.0,0,0,18-APR-2022,
OPTSTK,RBLBANK,30-Jun-2022,150.0,PE,0.0,0.0,0.0,29.1,27.45,0,0.0,0,0,18-APR-2022,
OPTSTK,RBLBANK,30-Jun-2022,152.5,PE,0.0,0.0,0.0,30.85,29.25,0,0.0,0,0,18-APR-2022,
OPTSTK,RBLBANK,30-Jun-2022,155.0,PE,0.0,0.0,0.0,32.7,31.1,0,0.0,0,0,18-APR-2022,
OPTSTK,RBLBANK,30-Jun-2022,157.5,PE,0.0,0.0,0.0,34.55,33.05,0,0.0,0,0,18-APR-2022,
OPTSTK,RBLBANK,30-Jun-2022,160.0,PE,0.0,0.0,0.0,36.45,34.95,0,0.0,0,0,18-APR-2022,
OPTSTK,RBLBANK,30-Jun-2022,162.5,PE,0.0,0.0,0.0,38.4,36.95,0,0.0,0,0,18-APR-2022,
OPTSTK,RBLBANK,30-Jun-2022,165.0,PE,0.0,0.0,0.0,40.35,38.95,0,0.0,0,0,18-APR-2022,
OPTSTK,RBLBANK,30-Jun-2022,167.5,PE,0.0,0.0,0.0,42.35,41.0,0,0.0,0,0,18-APR-2022,
OPTSTK,RBLBANK,30-Jun-2022,170.0,PE,0.0,0.0,0.0,44.35,43.1,0,0.0,0,0,18-APR-2022,
OPTSTK,RBLBANK,30-Jun-2022,172.5,PE,0.0,0.0,0.0,46.45,45.2,0,0.0,0,0,18-APR-2022,
OPTSTK,RBLBANK,30-Jun-2022,175.0,PE,0.0,0.0,0.0,48.5,47.35,0,0.0,0,0,18-APR-2022,
OPTSTK,RBLBANK,30-Jun-2022,177.5,PE,0.0,0.0,0.0,50.6,49.5,0,0.0,0,0,18-APR-2022,
OPTSTK,RBLBANK,30-Jun-2022,180.0,PE,0.0,0.0,0.0,52.75,51.7,0,0.0,0,0,18-APR-2022,
OPTSTK,RBLBANK,30-Jun-2022,182.5,PE,0.0,0.0,0.0,54.9,53.9,0,0.0,0,0,18-APR-2022,
OPTSTK,RBLBANK,30-Jun-2022,185.0,PE,0.0,0.0,0.0,57.05,56.1,0,0.0,0,0,18-APR-2022,
OPTSTK,RECLTD,28-Apr-2022,90.0,CE,0.0,0.0,0.0,45.5,40.9,0,0.0,0,0,18-APR-2022,
OPTSTK,RECLTD,28-Apr-2022,92.5,CE,0.0,0.0,0.0,43.1,38.4,0,0.0,0,0,18-APR-2022,
OPTSTK,RECLTD,28-Apr-2022,95.0,CE,0.0,0.0,0.0,40.75,35.95,0,0.0,0,0,18-APR-2022,
OPTSTK,RECLTD,28-Apr-2022,97.5,CE,0.0,0.0,0.0,38.4,33.45,0,0.0,0,0,18-APR-2022,
OPTSTK,RECLTD,28-Apr-2022,100.0,CE,0.0,0.0,0.0,36.1,30.95,0,0.0,0,0,18-APR-2022,
OPTSTK,RECLTD,28-Apr-2022,102.5,CE,0.0,0.0,0.0,33.85,28.45,0,0.0,0,0,18-APR-2022,
OPTSTK,RECLTD,28-Apr-2022,105.0,CE,0.0,0.0,0.0,31.65,25.95,0,0.0,0,0,18-APR-2022,
OPTSTK,RECLTD,28-Apr-2022,107.5,CE,0.0,0.0,0.0,29.5,23.45,0,0.0,0,0,18-APR-2022,
OPTSTK,RECLTD,28-Apr-2022,110.0,CE,0.0,0.0,0.0,14.8,20.95,0,0.0,18000,0,18-APR-2022,
OPTSTK,RECLTD,28-Apr-2022,112.5,CE,0.0,0.0,0.0,25.4,18.45,0,0.0,0,0,18-APR-2022,
OPTSTK,RECLTD,28-Apr-2022,115.0,CE,0.0,0.0,0.0,13.65,16.0,0,0.0,18000,0,18-APR-2022,
OPTSTK,RECLTD,28-Apr-2022,117.5,CE,0.0,0.0,0.0,11.8,13.6,0,0.0,6000,0,18-APR-2022,
OPTSTK,RECLTD,28-Apr-2022,120.0,CE,10.8,10.85,10.8,10.85,11.3,2,15.69,174000,0,18-APR-2022,
OPTSTK,RECLTD,28-Apr-2022,122.5,CE,7.85,7.85,7.85,7.85,9.1,1,7.82,264000,6000,18-APR-2022,
OPTSTK,RECLTD,28-Apr-2022,125.0,CE,5.85,6.4,5.2,5.3,7.1,13,102.08,894000,-18000,18-APR-2022,
OPTSTK,RECLTD,28-Apr-2022,127.5,CE,0.0,0.0,0.0,8.35,5.35,0,0.0,198000,0,18-APR-2022,
OPTSTK,RECLTD,28-Apr-2022,130.0,CE,2.5,3.55,2.2,3.05,3.05,699,5571.58,2118000,222000,18-APR-2022,
OPTSTK,RECLTD,28-Apr-2022,132.5,CE,1.6,2.4,1.4,1.95,1.95,130,1048.19,774000,30000,18-APR-2022,
OPTSTK,RECLTD,28-Apr-2022,135.0,CE,1.15,1.6,0.85,1.25,1.25,455,3718.96,3780000,-36000,18-APR-2022,
OPTSTK,RECLTD,28-Apr-2022,137.5,CE,0.45,1.05,0.45,0.85,0.85,105,870.85,630000,162000,18-APR-2022,
OPTSTK,RECLTD,28-Apr-2022,140.0,CE,0.4,0.7,0.35,0.5,0.5,320,2697.12,3498000,12000,18-APR-2022,
OPTSTK,RECLTD,28-Apr-2022,142.5,CE,0.2,0.4,0.2,0.35,0.4,27,231.34,312000,60000,18-APR-2022,
OPTSTK,RECLTD,28-Apr-2022,145.0,CE,0.15,0.25,0.1,0.2,0.2,111,967.01,1512000,-24000,18-APR-2022,
OPTSTK,RECLTD,28-Apr-2022,147.5,CE,0.1,0.15,0.1,0.15,0.15,8,70.86,246000,-12000,18-APR-2022,
OPTSTK,RECLTD,28-Apr-2022,150.0,CE,0.1,0.1,0.05,0.1,0.1,149,1341.88,1602000,18000,18-APR-2022,
OPTSTK,RECLTD,28-Apr-2022,152.5,CE,0.0,0.0,0.0,5.05,0.05,0,0.0,0,0,18-APR-2022,
OPTSTK,RECLTD,28-Apr-2022,155.0,CE,0.05,0.05,0.05,0.05,0.05,12,111.63,1032000,-6000,18-APR-2022,
OPTSTK,RECLTD,28-Apr-2022,157.5,CE,0.0,0.0,0.0,3.95,0.05,0,0.0,0,0,18-APR-2022,
OPTSTK,RECLTD,28-Apr-2022,160.0,CE,0.05,0.05,0.05,0.05,0.05,7,67.22,468000,-12000,18-APR-2022,
OPTSTK,RECLTD,28-Apr-2022,162.5,CE,0.0,0.0,0.0,3.05,0.0,0,0.0,0,0,18-APR-2022,
OPTSTK,RECLTD,28-Apr-2022,165.0,CE,0.0,0.0,0.0,0.1,0.0,0,0.0,6000,0,18-APR-2022,
OPTSTK,RECLTD,28-Apr-2022,167.5,CE,0.0,0.0,0.0,2.35,0.0,0,0.0,0,0,18-APR-2022,
OPTSTK,RECLTD,28-Apr-2022,170.0,CE,0.0,0.0,0.0,0.05,0.0,0,0.0,66000,0,18-APR-2022,
OPTSTK,RECLTD,28-Apr-2022,172.5,CE,0.0,0.0,0.0,1.75,0.0,0,0.0,0,0,18-APR-2022,
OPTSTK,RECLTD,28-Apr-2022,175.0,CE,0.0,0.0,0.0,1.55,0.0,0,0.0,0,0,18-APR-2022,
OPTSTK,RECLTD,28-Apr-2022,177.5,CE,0.0,0.0,0.0,1.35,0.0,0,0.0,0,0,18-APR-2022,
OPTSTK,RECLTD,28-Apr-2022,180.0,CE,0.0,0.0,0.0,1.15,0.0,0,0.0,0,0,18-APR-2022,
OPTSTK,RECLTD,28-Apr-2022,182.5,CE,0.0,0.0,0.0,0.1,0.0,0,0.0,0,0,18-APR-2022,
OPTSTK,RECLTD,28-Apr-2022,185.0,CE,0.0,0.0,0.0,0.85,0.0,0,0.0,0,0,18-APR-2022,
OPTSTK,RECLTD,28-Apr-2022,90.0,PE,0.0,0.0,0.0,0.05,0.0,0,0.0,12000,0,18-APR-2022,
OPTSTK,RECLTD,28-Apr-2022,92.5,PE,0.0,0.0,0.0,0.15,0.0,0,0.0,6000,0,18-APR-2022,
OPTSTK,RECLTD,28-Apr-2022,95.0,PE,0.0,0.0,0.0,0.15,0.0,0,0.0,0,0,18-APR-2022,
OPTSTK,RECLTD,28-Apr-2022,97.5,PE,0.0,0.0,0.0,0.15,0.0,0,0.0,0,0,18-APR-2022,
OPTSTK,RECLTD,28-Apr-2022,100.0,PE,0.0,0.0,0.0,0.1,0.0,0,0.0,42000,0,18-APR-2022,
OPTSTK,RECLTD,28-Apr-2022,102.5,PE,0.0,0.0,0.0,0.2,0.0,0,0.0,0,0,18-APR-2022,
OPTSTK,RECLTD,28-Apr-2022,105.0,PE,0.0,0.0,0.0,0.05,0.0,0,0.0,30000,0,18-APR-2022,
OPTSTK,RECLTD,28-Apr-2022,107.5,PE,0.0,0.0,0.0,0.1,0.0,0,0.0,24000,0,18-APR-2022,
OPTSTK,RECLTD,28-Apr-2022,110.0,PE,0.0,0.0,0.0,0.1,0.05,0,0.0,312000,0,18-APR-2022,
OPTSTK,RECLTD,28-Apr-2022,112.5,PE,0.0,0.0,0.0,0.1,0.05,0,0.0,102000,0,18-APR-2022,
OPTSTK,RECLTD,28-Apr-2022,115.0,PE,0.25,0.25,0.1,0.1,0.1,23,158.9,690000,72000,18-APR-2022,
OPTSTK,RECLTD,28-Apr-2022,117.5,PE,0.0,0.0,0.0,0.25,0.15,0,0.0,84000,0,18-APR-2022,
OPTSTK,RECLTD,28-Apr-2022,120.0,PE,0.3,0.3,0.25,0.25,0.35,49,353.58,1074000,-36000,18-APR-2022,
OPTSTK,RECLTD,28-Apr-2022,122.5,PE,0.45,0.45,0.35,0.35,0.65,38,280.18,1164000,48000,18-APR-2022,
OPTSTK,RECLTD,28-Apr-2022,125.0,PE,0.75,0.9,0.6,0.6,0.6,87,656.37,1560000,30000,18-APR-2022,
OPTSTK,RECLTD,28-Apr-2022,127.5,PE,1.6,1.6,1.25,1.25,1.9,34,262.97,522000,0,18-APR-2022,
OPTSTK,RECLTD,28-Apr-2022,130.0,PE,2.25,3.2,1.95,2.05,2.05,192,1525.55,1812000,-30000,18-APR-2022,
OPTSTK,RECLTD,28-Apr-2022,132.5,PE,3.65,4.45,3.35,3.45,3.45,9,73.49,510000,0,18-APR-2022,
OPTSTK,RECLTD,28-Apr-2022,135.0,PE,6.3,6.4,5.0,5.3,5.3,9,76.11,408000,-12000,18-APR-2022,
OPTSTK,RECLTD,28-Apr-2022,137.5,PE,8.0,8.4,7.4,7.4,7.65,3,26.17,108000,0,18-APR-2022,
OPTSTK,RECLTD,28-Apr-2022,140.0,PE,9.25,9.25,9.25,9.25,9.75,1,8.95,288000,0,18-APR-2022,
OPTSTK,RECLTD,28-Apr-2022,142.5,PE,0.0,0.0,0.0,9.2,11.95,0,0.0,60000,0,18-APR-2022,
OPTSTK,RECLTD,28-Apr-2022,145.0,PE,0.0,0.0,0.0,13.55,14.25,0,0.0,18000,0,18-APR-2022,
OPTSTK,RECLTD,28-Apr-2022,147.5,PE,0.0,0.0,0.0,17.95,16.65,0,0.0,0,0,18-APR-2022,
OPTSTK,RECLTD,28-Apr-2022,150.0,PE,0.0,0.0,0.0,16.05,19.1,0,0.0,180000,0,18-APR-2022,
OPTSTK,RECLTD,28-Apr-2022,152.5,PE,0.0,0.0,0.0,21.55,21.6,0,0.0,0,0,18-APR-2022,
OPTSTK,RECLTD,28-Apr-2022,155.0,PE,0.0,0.0,0.0,31.15,24.05,0,0.0,30000,0,18-APR-2022,
OPTSTK,RECLTD,28-Apr-2022,157.5,PE,0.0,0.0,0.0,25.4,26.55,0,0.0,0,0,18-APR-2022,
OPTSTK,RECLTD,28-Apr-2022,160.0,PE,0.0,0.0,0.0,35.8,29.05,0,0.0,36000,0,18-APR-2022,
OPTSTK,RECLTD,28-Apr-2022,162.5,PE,0.0,0.0,0.0,29.45,31.55,0,0.0,0,0,18-APR-2022,
OPTSTK,RECLTD,28-Apr-2022,165.0,PE,0.0,0.0,0.0,31.55,34.05,0,0.0,0,0,18-APR-2022,
OPTSTK,RECLTD,28-Apr-2022,167.5,PE,0.0,0.0,0.0,33.7,36.55,0,0.0,0,0,18-APR-2022,
OPTSTK,RECLTD,28-Apr-2022,170.0,PE,0.0,0.0,0.0,45.6,39.05,0,0.0,60000,0,18-APR-2022,
OPTSTK,RECLTD,28-Apr-2022,172.5,PE,0.0,0.0,0.0,38.05,41.55,0,0.0,0,0,18-APR-2022,
OPTSTK,RECLTD,28-Apr-2022,175.0,PE,0.0,0.0,0.0,40.3,44.0,0,0.0,0,0,18-APR-2022,
OPTSTK,RECLTD,28-Apr-2022,177.5,PE,0.0,0.0,0.0,42.6,46.5,0,0.0,0,0,18-APR-2022,
OPTSTK,RECLTD,28-Apr-2022,180.0,PE,0.0,0.0,0.0,44.9,49.0,0,0.0,0,0,18-APR-2022,
OPTSTK,RECLTD,28-Apr-2022,182.5,PE,0.0,0.0,0.0,47.2,51.5,0,0.0,0,0,18-APR-2022,
OPTSTK,RECLTD,28-Apr-2022,185.0,PE,0.0,0.0,0.0,49.55,54.0,0,0.0,0,0,18-APR-2022,
OPTSTK,RECLTD,26-May-2022,90.0,CE,0.0,0.0,0.0,28.75,41.2,0,0.0,0,0,18-APR-2022,
OPTSTK,RECLTD,26-May-2022,92.5,CE,0.0,0.0,0.0,26.55,38.75,0,0.0,0,0,18-APR-2022,
OPTSTK,RECLTD,26-May-2022,95.0,CE,0.0,0.0,0.0,24.4,36.25,0,0.0,0,0,18-APR-2022,
OPTSTK,RECLTD,26-May-2022,97.5,CE,0.0,0.0,0.0,22.4,33.8,0,0.0,0,0,18-APR-2022,
OPTSTK,RECLTD,26-May-2022,100.0,CE,0.0,0.0,0.0,20.4,31.35,0,0.0,0,0,18-APR-2022,
OPTSTK,RECLTD,26-May-2022,102.5,CE,0.0,0.0,0.0,18.55,28.9,0,0.0,0,0,18-APR-2022,
OPTSTK,RECLTD,26-May-2022,105.0,CE,0.0,0.0,0.0,16.8,26.5,0,0.0,0,0,18-APR-2022,
OPTSTK,RECLTD,26-May-2022,107.5,CE,0.0,0.0,0.0,15.15,24.15,0,0.0,0,0,18-APR-2022,
OPTSTK,RECLTD,26-May-2022,110.0,CE,0.0,0.0,0.0,13.6,21.85,0,0.0,0,0,18-APR-2022,
OPTSTK,RECLTD,26-May-2022,112.5,CE,0.0,0.0,0.0,12.15,19.6,0,0.0,0,0,18-APR-2022,
OPTSTK,RECLTD,26-May-2022,115.0,CE,0.0,0.0,0.0,10.8,17.45,0,0.0,0,0,18-APR-2022,
OPTSTK,RECLTD,26-May-2022,117.5,CE,0.0,0.0,0.0,9.6,15.4,0,0.0,0,0,18-APR-2022,
OPTSTK,RECLTD,26-May-2022,120.0,CE,0.0,0.0,0.0,8.45,13.5,0,0.0,0,0,18-APR-2022,
OPTSTK,RECLTD,26-May-2022,122.5,CE,0.0,0.0,0.0,7.45,11.7,0,0.0,0,0,18-APR-2022,
OPTSTK,RECLTD,26-May-2022,125.0,CE,0.0,0.0,0.0,6.55,10.05,0,0.0,0,0,18-APR-2022,
OPTSTK,RECLTD,26-May-2022,127.5,CE,0.0,0.0,0.0,5.7,8.55,0,0.0,0,0,18-APR-2022,
OPTSTK,RECLTD,26-May-2022,130.0,CE,6.0,6.35,5.65,6.0,6.0,8,65.25,54000,42000,18-APR-2022,
OPTSTK,RECLTD,26-May-2022,132.5,CE,0.0,0.0,0.0,4.3,6.05,0,0.0,0,0,18-APR-2022,
OPTSTK,RECLTD,26-May-2022,135.0,CE,2.75,4.2,2.75,4.2,4.2,15,124.75,96000,66000,18-APR-2022,
OPTSTK,RECLTD,26-May-2022,137.5,CE,0.0,0.0,0.0,3.2,4.1,0,0.0,0,0,18-APR-2022,
OPTSTK,RECLTD,26-May-2022,140.0,CE,2.2,2.5,2.0,2.45,2.45,20,170.75,390000,84000,18-APR-2022,
OPTSTK,RECLTD,26-May-2022,142.5,CE,0.0,0.0,0.0,2.4,2.7,0,0.0,0,0,18-APR-2022,
OPTSTK,RECLTD,26-May-2022,145.0,CE,0.0,0.0,0.0,1.4,2.15,0,0.0,18000,0,18-APR-2022,
OPTSTK,RECLTD,26-May-2022,147.5,CE,0.0,0.0,0.0,1.75,1.7,0,0.0,0,0,18-APR-2022,
OPTSTK,RECLTD,26-May-2022,150.0,CE,1.0,1.0,0.95,1.0,1.3,27,244.6,162000,156000,18-APR-2022,
OPTSTK,RECLTD,26-May-2022,152.5,CE,0.0,0.0,0.0,1.25,1.05,0,0.0,0,0,18-APR-2022,
OPTSTK,RECLTD,26-May-2022,155.0,CE,0.0,0.0,0.0,1.05,0.8,0,0.0,0,0,18-APR-2022,
OPTSTK,RECLTD,26-May-2022,157.5,CE,0.0,0.0,0.0,0.9,0.6,0,0.0,0,0,18-APR-2022,
OPTSTK,RECLTD,26-May-2022,160.0,CE,0.0,0.0,0.0,0.75,0.45,0,0.0,0,0,18-APR-2022,
OPTSTK,RECLTD,26-May-2022,162.5,CE,0.0,0.0,0.0,0.65,0.35,0,0.0,0,0,18-APR-2022,
OPTSTK,RECLTD,26-May-2022,165.0,CE,0.0,0.0,0.0,0.55,0.25,0,0.0,0,0,18-APR-2022,
OPTSTK,RECLTD,26-May-2022,167.5,CE,0.0,0.0,0.0,0.45,0.2,0,0.0,0,0,18-APR-2022,
OPTSTK,RECLTD,26-May-2022,170.0,CE,0.0,0.0,0.0,0.4,0.15,0,0.0,0,0,18-APR-2022,
OPTSTK,RECLTD,26-May-2022,172.5,CE,0.0,0.0,0.0,0.3,0.1,0,0.0,0,0,18-APR-2022,
OPTSTK,RECLTD,26-May-2022,90.0,PE,0.0,0.0,0.0,0.15,0.0,0,0.0,0,0,18-APR-2022,
OPTSTK,RECLTD,26-May-2022,92.5,PE,0.0,0.0,0.0,0.15,0.05,0,0.0,0,0,18-APR-2022,
OPTSTK,RECLTD,26-May-2022,95.0,PE,1.2,1.2,0.2,0.2,0.05,2,11.48,12000,6000,18-APR-2022,
OPTSTK,RECLTD,26-May-2022,97.5,PE,0.0,0.0,0.0,0.2,0.05,0,0.0,0,0,18-APR-2022,
OPTSTK,RECLTD,26-May-2022,100.0,PE,0.0,0.0,0.0,0.2,0.1,0,0.0,0,0,18-APR-2022,
OPTSTK,RECLTD,26-May-2022,102.5,PE,0.0,0.0,0.0,0.3,0.15,0,0.0,18000,0,18-APR-2022,
OPTSTK,RECLTD,26-May-2022,105.0,PE,0.0,0.0,0.0,0.4,0.25,0,0.0,18000,0,18-APR-2022,
OPTSTK,RECLTD,26-May-2022,107.5,PE,0.0,0.0,0.0,0.3,0.35,0,0.0,12000,0,18-APR-2022,
OPTSTK,RECLTD,26-May-2022,110.0,PE,0.0,0.0,0.0,0.55,0.55,0,0.0,6000,0,18-APR-2022,
OPTSTK,RECLTD,26-May-2022,112.5,PE,0.4,0.4,0.4,0.4,0.8,1,6.77,0,-6000,18-APR-2022,
OPTSTK,RECLTD,26-May-2022,115.0,PE,0.0,0.0,0.0,1.5,1.15,0,0.0,6000,0,18-APR-2022,
OPTSTK,RECLTD,26-May-2022,117.5,PE,0.0,0.0,0.0,8.85,1.6,0,0.0,0,0,18-APR-2022,
OPTSTK,RECLTD,26-May-2022,120.0,PE,0.0,0.0,0.0,1.8,2.15,0,0.0,42000,0,18-APR-2022,
OPTSTK,RECLTD,26-May-2022,122.5,PE,0.0,0.0,0.0,2.9,2.85,0,0.0,0,0,18-APR-2022,
OPTSTK,RECLTD,26-May-2022,125.0,PE,2.75,2.75,2.75,2.75,3.7,1,7.66,18000,6000,18-APR-2022,
OPTSTK,RECLTD,26-May-2022,127.5,PE,0.0,0.0,0.0,14.85,4.7,0,0.0,0,0,18-APR-2022,
OPTSTK,RECLTD,26-May-2022,130.0,PE,4.4,5.2,4.35,4.5,4.5,7,56.56,120000,12000,18-APR-2022,
OPTSTK,RECLTD,26-May-2022,132.5,PE,0.0,0.0,0.0,18.45,7.15,0,0.0,0,0,18-APR-2022,
OPTSTK,RECLTD,26-May-2022,135.0,PE,0.0,0.0,0.0,6.0,8.6,0,0.0,12000,0,18-APR-2022,
OPTSTK,RECLTD,26-May-2022,137.5,PE,0.0,0.0,0.0,22.3,10.2,0,0.0,0,0,18-APR-2022,
OPTSTK,RECLTD,26-May-2022,140.0,PE,0.0,0.0,0.0,24.3,11.9,0,0.0,0,0,18-APR-2022,
OPTSTK,RECLTD,26-May-2022,142.5,PE,0.0,0.0,0.0,26.4,13.75,0,0.0,0,0,18-APR-2022,
OPTSTK,RECLTD,26-May-2022,145.0,PE,0.0,0.0,0.0,28.5,15.7,0,0.0,0,0,18-APR-2022,
OPTSTK,RECLTD,26-May-2022,147.5,PE,0.0,0.0,0.0,30.7,17.75,0,0.0,0,0,18-APR-2022,
OPTSTK,RECLTD,26-May-2022,150.0,PE,0.0,0.0,0.0,32.9,19.85,0,0.0,0,0,18-APR-2022,
OPTSTK,RECLTD,26-May-2022,152.5,PE,0.0,0.0,0.0,35.15,22.05,0,0.0,0,0,18-APR-2022,
OPTSTK,RECLTD,26-May-2022,155.0,PE,0.0,0.0,0.0,37.45,24.3,0,0.0,0,0,18-APR-2022,
OPTSTK,RECLTD,26-May-2022,157.5,PE,0.0,0.0,0.0,39.75,26.6,0,0.0,0,0,18-APR-2022,
OPTSTK,RECLTD,26-May-2022,160.0,PE,0.0,0.0,0.0,42.1,28.95,0,0.0,0,0,18-APR-2022,
OPTSTK,RECLTD,26-May-2022,162.5,PE,0.0,0.0,0.0,44.45,31.35,0,0.0,0,0,18-APR-2022,
OPTSTK,RECLTD,26-May-2022,165.0,PE,0.0,0.0,0.0,46.8,33.75,0,0.0,0,0,18-APR-2022,
OPTSTK,RECLTD,26-May-2022,167.5,PE,0.0,0.0,0.0,49.2,36.15,0,0.0,0,0,18-APR-2022,
OPTSTK,RECLTD,26-May-2022,170.0,PE,0.0,0.0,0.0,51.6,38.6,0,0.0,0,0,18-APR-2022,
OPTSTK,RECLTD,26-May-2022,172.5,PE,0.0,0.0,0.0,54.0,41.05,0,0.0,0,0,18-APR-2022,
OPTSTK,RECLTD,30-Jun-2022,90.0,CE,0.0,0.0,0.0,34.45,41.65,0,0.0,0,0,18-APR-2022,
OPTSTK,RECLTD,30-Jun-2022,92.5,CE,0.0,0.0,0.0,32.15,39.25,0,0.0,0,0,18-APR-2022,
OPTSTK,RECLTD,30-Jun-2022,95.0,CE,0.0,0.0,0.0,29.9,36.85,0,0.0,0,0,18-APR-2022,
OPTSTK,RECLTD,30-Jun-2022,97.5,CE,0.0,0.0,0.0,27.7,34.45,0,0.0,0,0,18-APR-2022,
OPTSTK,RECLTD,30-Jun-2022,100.0,CE,0.0,0.0,0.0,25.55,32.15,0,0.0,0,0,18-APR-2022,
OPTSTK,RECLTD,30-Jun-2022,102.5,CE,0.0,0.0,0.0,23.5,29.85,0,0.0,0,0,18-APR-2022,
OPTSTK,RECLTD,30-Jun-2022,105.0,CE,0.0,0.0,0.0,21.55,27.6,0,0.0,0,0,18-APR-2022,
OPTSTK,RECLTD,30-Jun-2022,107.5,CE,0.0,0.0,0.0,19.65,25.45,0,0.0,0,0,18-APR-2022,
OPTSTK,RECLTD,30-Jun-2022,110.0,CE,0.0,0.0,0.0,17.9,23.35,0,0.0,0,0,18-APR-2022,
OPTSTK,RECLTD,30-Jun-2022,112.5,CE,0.0,0.0,0.0,16.2,21.3,0,0.0,0,0,18-APR-2022,
OPTSTK,RECLTD,30-Jun-2022,115.0,CE,0.0,0.0,0.0,14.6,19.4,0,0.0,0,0,18-APR-2022,
OPTSTK,RECLTD,30-Jun-2022,117.5,CE,0.0,0.0,0.0,13.15,17.55,0,0.0,0,0,18-APR-2022,
OPTSTK,RECLTD,30-Jun-2022,120.0,CE,0.0,0.0,0.0,11.75,15.8,0,0.0,0,0,18-APR-2022,
OPTSTK,RECLTD,30-Jun-2022,122.5,CE,0.0,0.0,0.0,10.5,14.2,0,0.0,0,0,18-APR-2022,
OPTSTK,RECLTD,30-Jun-2022,125.0,CE,0.0,0.0,0.0,9.3,12.65,0,0.0,0,0,18-APR-2022,
OPTSTK,RECLTD,30-Jun-2022,127.5,CE,0.0,0.0,0.0,8.25,11.25,0,0.0,0,0,18-APR-2022,
OPTSTK,RECLTD,30-Jun-2022,130.0,CE,0.0,0.0,0.0,7.3,10.0,0,0.0,0,0,18-APR-2022,
OPTSTK,RECLTD,30-Jun-2022,132.5,CE,0.0,0.0,0.0,6.4,8.8,0,0.0,0,0,18-APR-2022,
OPTSTK,RECLTD,30-Jun-2022,135.0,CE,0.0,0.0,0.0,5.6,7.7,0,0.0,0,0,18-APR-2022,
OPTSTK,RECLTD,30-Jun-2022,137.5,CE,0.0,0.0,0.0,4.9,6.75,0,0.0,0,0,18-APR-2022,
OPTSTK,RECLTD,30-Jun-2022,140.0,CE,0.0,0.0,0.0,4.3,5.85,0,0.0,0,0,18-APR-2022,
OPTSTK,RECLTD,30-Jun-2022,142.5,CE,0.0,0.0,0.0,3.75,5.1,0,0.0,0,0,18-APR-2022,
OPTSTK,RECLTD,30-Jun-2022,145.0,CE,0.0,0.0,0.0,3.25,4.4,0,0.0,0,0,18-APR-2022,
OPTSTK,RECLTD,30-Jun-2022,147.5,CE,0.0,0.0,0.0,2.8,3.8,0,0.0,0,0,18-APR-2022,
OPTSTK,RECLTD,30-Jun-2022,150.0,CE,0.0,0.0,0.0,2.4,3.25,0,0.0,0,0,18-APR-2022,
OPTSTK,RECLTD,30-Jun-2022,152.5,CE,0.0,0.0,0.0,2.05,2.75,0,0.0,0,0,18-APR-2022,
OPTSTK,RECLTD,30-Jun-2022,155.0,CE,0.0,0.0,0.0,1.75,2.35,0,0.0,0,0,18-APR-2022,
OPTSTK,RECLTD,30-Jun-2022,157.5,CE,0.0,0.0,0.0,1.5,2.0,0,0.0,0,0,18-APR-2022,
OPTSTK,RECLTD,30-Jun-2022,160.0,CE,0.0,0.0,0.0,1.3,1.7,0,0.0,0,0,18-APR-2022,
OPTSTK,RECLTD,30-Jun-2022,162.5,CE,0.0,0.0,0.0,1.1,1.45,0,0.0,0,0,18-APR-2022,
OPTSTK,RECLTD,30-Jun-2022,165.0,CE,0.0,0.0,0.0,0.95,1.2,0,0.0,0,0,18-APR-2022,
OPTSTK,RECLTD,30-Jun-2022,167.5,CE,0.0,0.0,0.0,0.8,1.0,0,0.0,0,0,18-APR-2022,
OPTSTK,RECLTD,30-Jun-2022,170.0,CE,0.0,0.0,0.0,0.7,0.85,0,0.0,0,0,18-APR-2022,
OPTSTK,RECLTD,30-Jun-2022,172.5,CE,0.0,0.0,0.0,0.6,0.7,0,0.0,0,0,18-APR-2022,
OPTSTK,RECLTD,30-Jun-2022,90.0,PE,0.0,0.0,0.0,0.45,0.1,0,0.0,0,0,18-APR-2022,
OPTSTK,RECLTD,30-Jun-2022,92.5,PE,0.0,0.0,0.0,0.6,0.15,0,0.0,0,0,18-APR-2022,
OPTSTK,RECLTD,30-Jun-2022,95.0,PE,0.0,0.0,0.0,0.85,0.25,0,0.0,0,0,18-APR-2022,
OPTSTK,RECLTD,30-Jun-2022,97.5,PE,0.0,0.0,0.0,1.1,0.35,0,0.0,0,0,18-APR-2022,
OPTSTK,RECLTD,30-Jun-2022,100.0,PE,0.0,0.0,0.0,1.45,0.5,0,0.0,0,0,18-APR-2022,
OPTSTK,RECLTD,30-Jun-2022,102.5,PE,0.0,0.0,0.0,1.9,0.65,0,0.0,0,0,18-APR-2022,
OPTSTK,RECLTD,30-Jun-2022,105.0,PE,0.0,0.0,0.0,2.4,0.9,0,0.0,0,0,18-APR-2022,
OPTSTK,RECLTD,30-Jun-2022,107.5,PE,0.0,0.0,0.0,3.0,1.2,0,0.0,0,0,18-APR-2022,
OPTSTK,RECLTD,30-Jun-2022,110.0,PE,0.0,0.0,0.0,3.65,1.6,0,0.0,0,0,18-APR-2022,
OPTSTK,RECLTD,30-Jun-2022,112.5,PE,0.0,0.0,0.0,4.45,2.05,0,0.0,0,0,18-APR-2022,
OPTSTK,RECLTD,30-Jun-2022,115.0,PE,0.0,0.0,0.0,5.35,2.6,0,0.0,0,0,18-APR-2022,
OPTSTK,RECLTD,30-Jun-2022,117.5,PE,0.0,0.0,0.0,6.35,3.25,0,0.0,0,0,18-APR-2022,
OPTSTK,RECLTD,30-Jun-2022,120.0,PE,0.0,0.0,0.0,7.45,4.0,0,0.0,0,0,18-APR-2022,
OPTSTK,RECLTD,30-Jun-2022,122.5,PE,0.0,0.0,0.0,8.65,4.85,0,0.0,0,0,18-APR-2022,
OPTSTK,RECLTD,30-Jun-2022,125.0,PE,0.0,0.0,0.0,9.95,5.8,0,0.0,0,0,18-APR-2022,
OPTSTK,RECLTD,30-Jun-2022,127.5,PE,0.0,0.0,0.0,11.35,6.9,0,0.0,0,0,18-APR-2022,
OPTSTK,RECLTD,30-Jun-2022,130.0,PE,0.0,0.0,0.0,8.45,8.1,0,0.0,12000,0,18-APR-2022,
OPTSTK,RECLTD,30-Jun-2022,132.5,PE,0.0,0.0,0.0,14.45,9.35,0,0.0,0,0,18-APR-2022,
OPTSTK,RECLTD,30-Jun-2022,135.0,PE,0.0,0.0,0.0,16.15,10.8,0,0.0,0,0,18-APR-2022,
OPTSTK,RECLTD,30-Jun-2022,137.5,PE,0.0,0.0,0.0,17.9,12.3,0,0.0,0,0,18-APR-2022,
OPTSTK,RECLTD,30-Jun-2022,140.0,PE,0.0,0.0,0.0,19.75,13.9,0,0.0,0,0,18-APR-2022,
OPTSTK,RECLTD,30-Jun-2022,142.5,PE,0.0,0.0,0.0,21.7,15.6,0,0.0,0,0,18-APR-2022,
OPTSTK,RECLTD,30-Jun-2022,145.0,PE,0.0,0.0,0.0,23.65,17.35,0,0.0,0,0,18-APR-2022,
OPTSTK,RECLTD,30-Jun-2022,147.5,PE,0.0,0.0,0.0,25.7,19.25,0,0.0,0,0,18-APR-2022,
OPTSTK,RECLTD,30-Jun-2022,150.0,PE,0.0,0.0,0.0,27.8,21.2,0,0.0,0,0,18-APR-2022,
OPTSTK,RECLTD,30-Jun-2022,152.5,PE,0.0,0.0,0.0,29.9,23.2,0,0.0,0,0,18-APR-2022,
OPTSTK,RECLTD,30-Jun-2022,155.0,PE,0.0,0.0,0.0,32.1,25.25,0,0.0,0,0,18-APR-2022,
OPTSTK,RECLTD,30-Jun-2022,157.5,PE,0.0,0.0,0.0,34.3,27.35,0,0.0,0,0,18-APR-2022,
OPTSTK,RECLTD,30-Jun-2022,160.0,PE,0.0,0.0,0.0,36.55,29.55,0,0.0,0,0,18-APR-2022,
OPTSTK,RECLTD,30-Jun-2022,162.5,PE,0.0,0.0,0.0,38.85,31.75,0,0.0,0,0,18-APR-2022,
OPTSTK,RECLTD,30-Jun-2022,165.0,PE,0.0,0.0,0.0,41.15,34.0,0,0.0,0,0,18-APR-2022,
OPTSTK,RECLTD,30-Jun-2022,167.5,PE,0.0,0.0,0.0,43.5,36.3,0,0.0,0,0,18-APR-2022,
OPTSTK,RECLTD,30-Jun-2022,170.0,PE,0.0,0.0,0.0,45.85,38.6,0,0.0,0,0,18-APR-2022,
OPTSTK,RECLTD,30-Jun-2022,172.5,PE,0.0,0.0,0.0,48.2,40.95,0,0.0,0,0,18-APR-2022,
OPTSTK,RELIANCE,28-Apr-2022,1800.0,CE,0.0,0.0,0.0,854.9,745.9,0,0.0,5000,0,18-APR-2022,
OPTSTK,RELIANCE,28-Apr-2022,1820.0,CE,0.0,0.0,0.0,548.75,725.9,0,0.0,0,0,18-APR-2022,
OPTSTK,RELIANCE,28-Apr-2022,1840.0,CE,0.0,0.0,0.0,530.75,705.95,0,0.0,0,0,18-APR-2022,
OPTSTK,RELIANCE,28-Apr-2022,1860.0,CE,0.0,0.0,0.0,512.95,685.95,0,0.0,0,0,18-APR-2022,
OPTSTK,RELIANCE,28-Apr-2022,1880.0,CE,0.0,0.0,0.0,495.35,666.0,0,0.0,0,0,18-APR-2022,
OPTSTK,RELIANCE,28-Apr-2022,1900.0,CE,0.0,0.0,0.0,478.0,646.0,0,0.0,0,0,18-APR-2022,
OPTSTK,RELIANCE,28-Apr-2022,1920.0,CE,0.0,0.0,0.0,460.85,626.05,0,0.0,0,0,18-APR-2022,
OPTSTK,RELIANCE,28-Apr-2022,1940.0,CE,0.0,0.0,0.0,444.0,606.05,0,0.0,0,0,18-APR-2022,
OPTSTK,RELIANCE,28-Apr-2022,1960.0,CE,0.0,0.0,0.0,427.4,586.1,0,0.0,0,0,18-APR-2022,
OPTSTK,RELIANCE,28-Apr-2022,1980.0,CE,0.0,0.0,0.0,411.1,566.1,0,0.0,0,0,18-APR-2022,
OPTSTK,RELIANCE,28-Apr-2022,2000.0,CE,0.0,0.0,0.0,567.8,546.1,0,0.0,3750,0,18-APR-2022,
OPTSTK,RELIANCE,28-Apr-2022,2020.0,CE,0.0,0.0,0.0,379.4,526.15,0,0.0,0,0,18-APR-2022,
OPTSTK,RELIANCE,28-Apr-2022,2040.0,CE,0.0,0.0,0.0,364.05,506.15,0,0.0,0,0,18-APR-2022,
OPTSTK,RELIANCE,28-Apr-2022,2060.0,CE,0.0,0.0,0.0,349.0,486.2,0,0.0,0,0,18-APR-2022,
OPTSTK,RELIANCE,28-Apr-2022,2080.0,CE,0.0,0.0,0.0,334.35,466.2,0,0.0,0,0,18-APR-2022,
OPTSTK,RELIANCE,28-Apr-2022,2100.0,CE,0.0,0.0,0.0,497.8,446.25,0,0.0,2250,0,18-APR-2022,
OPTSTK,RELIANCE,28-Apr-2022,2120.0,CE,0.0,0.0,0.0,305.95,426.3,0,0.0,0,0,18-APR-2022,
OPTSTK,RELIANCE,28-Apr-2022,2140.0,CE,0.0,0.0,0.0,292.25,406.35,0,0.0,0,0,18-APR-2022,
OPTSTK,RELIANCE,28-Apr-2022,2160.0,CE,0.0,0.0,0.0,278.95,386.4,0,0.0,0,0,18-APR-2022,
OPTSTK,RELIANCE,28-Apr-2022,2180.0,CE,0.0,0.0,0.0,266.1,366.5,0,0.0,0,0,18-APR-2022,
OPTSTK,RELIANCE,28-Apr-2022,2200.0,CE,335.0,358.0,335.0,358.0,346.6,5,31.78,13250,-500,18-APR-2022,
OPTSTK,RELIANCE,28-Apr-2022,2220.0,CE,0.0,0.0,0.0,386.0,326.8,0,0.0,750,0,18-APR-2022,
OPTSTK,RELIANCE,28-Apr-2022,2240.0,CE,0.0,0.0,0.0,379.0,307.1,0,0.0,750,0,18-APR-2022,
OPTSTK,RELIANCE,28-Apr-2022,2260.0,CE,0.0,0.0,0.0,366.45,287.45,0,0.0,1500,0,18-APR-2022,
OPTSTK,RELIANCE,28-Apr-2022,2280.0,CE,0.0,0.0,0.0,207.4,268.0,0,0.0,0,0,18-APR-2022,
OPTSTK,RELIANCE,28-Apr-2022,2300.0,CE,261.6,261.6,244.0,256.5,256.5,24,153.34,67750,-750,18-APR-2022,
OPTSTK,RELIANCE,28-Apr-2022,2320.0,CE,0.0,0.0,0.0,206.45,229.85,0,0.0,250,0,18-APR-2022,
OPTSTK,RELIANCE,28-Apr-2022,2340.0,CE,0.0,0.0,0.0,322.35,211.2,0,0.0,500,0,18-APR-2022,
OPTSTK,RELIANCE,28-Apr-2022,2360.0,CE,183.5,192.5,183.5,192.5,193.0,5,31.86,4500,750,18-APR-2022,
OPTSTK,RELIANCE,28-Apr-2022,2380.0,CE,178.5,178.5,172.0,172.0,175.35,2,12.77,2500,0,18-APR-2022,
OPTSTK,RELIANCE,28-Apr-2022,2400.0,CE,160.0,170.0,144.35,159.55,159.55,254,1624.19,135750,-3500,18-APR-2022,
OPTSTK,RELIANCE,28-Apr-2022,2420.0,CE,138.45,150.35,136.3,145.6,145.6,27,173.09,12250,-1000,18-APR-2022,
OPTSTK,RELIANCE,28-Apr-2022,2440.0,CE,134.3,134.35,113.35,126.2,126.2,38,243.76,12750,1500,18-APR-2022,
OPTSTK,RELIANCE,28-Apr-2022,2460.0,CE,124.2,124.6,97.35,112.8,112.8,119,764.69,28250,9500,18-APR-2022,
OPTSTK,RELIANCE,28-Apr-2022,2480.0,CE,107.9,108.8,82.65,94.05,94.05,103,662.79,23750,-1500,18-APR-2022,
OPTSTK,RELIANCE,28-Apr-2022,2500.0,CE,79.8,96.05,69.5,81.75,81.75,2981,19214.64,487250,-165250,18-APR-2022,
OPTSTK,RELIANCE,28-Apr-2022,2520.0,CE,81.15,82.15,57.9,68.55,68.55,1700,10988.15,272000,26250,18-APR-2022,
OPTSTK,RELIANCE,28-Apr-2022,2540.0,CE,62.05,71.1,47.1,56.65,56.65,7492,48609.31,405750,139000,18-APR-2022,
OPTSTK,RELIANCE,28-Apr-2022,2560.0,CE,50.0,58.15,37.7,46.0,46.0,7710,50215.52,373750,143500,18-APR-2022,
OPTSTK,RELIANCE,28-Apr-2022,2580.0,CE,38.95,47.9,29.8,36.35,36.35,6029,39423.44,402250,-49000,18-APR-2022,
OPTSTK,RELIANCE,28-Apr-2022,2600.0,CE,29.8,38.6,23.35,28.55,28.55,17884,117502.52,2493250,197250,18-APR-2022,
OPTSTK,RELIANCE,28-Apr-2022,2620.0,CE,23.85,30.95,18.4,22.55,22.55,5296,34981.32,662750,80750,18-APR-2022,
OPTSTK,RELIANCE,28-Apr-2022,2640.0,CE,17.8,24.0,14.55,17.8,17.8,6351,42193.46,1089000,165750,18-APR-2022,
OPTSTK,RELIANCE,28-Apr-2022,2660.0,CE,14.45,18.95,11.95,14.25,14.25,6948,46446.22,987500,-58750,18-APR-2022,
OPTSTK,RELIANCE,28-Apr-2022,2680.0,CE,13.1,15.0,10.2,11.75,11.75,3752,25245.32,625500,-48750,18-APR-2022,
OPTSTK,RELIANCE,28-Apr-2022,2700.0,CE,13.2,13.2,8.6,9.85,9.85,10236,69335.61,2865250,-101250,18-APR-2022,
OPTSTK,RELIANCE,28-Apr-2022,2720.0,CE,10.0,10.0,6.95,7.95,7.95,2140,14593.19,277750,1250,18-APR-2022,
OPTSTK,RELIANCE,28-Apr-2022,2740.0,CE,6.9,7.15,5.7,6.35,6.35,2159,14822.37,553250,55000,18-APR-2022,
OPTSTK,RELIANCE,28-Apr-2022,2760.0,CE,4.45,6.0,3.5,5.7,5.7,1379,9533.17,355750,9000,18-APR-2022,
OPTSTK,RELIANCE,28-Apr-2022,2780.0,CE,4.1,5.25,1.25,4.85,4.85,1227,8540.67,190250,-44000,18-APR-2022,
OPTSTK,RELIANCE,28-Apr-2022,2800.0,CE,4.9,4.9,3.4,4.15,4.15,5249,36793.11,1478750,-140750,18-APR-2022,
OPTSTK,RELIANCE,28-Apr-2022,2820.0,CE,4.3,4.3,2.95,3.7,3.7,454,3204.41,108500,-5000,18-APR-2022,
OPTSTK,RELIANCE,28-Apr-2022,2840.0,CE,3.45,3.6,2.5,3.1,3.1,573,4072.29,104250,-6250,18-APR-2022,
OPTSTK,RELIANCE,28-Apr-2022,2860.0,CE,2.5,2.85,2.1,2.55,2.55,682,4880.4,228500,-8750,18-APR-2022,
OPTSTK,RELIANCE,28-Apr-2022,2880.0,CE,2.3,2.55,1.8,2.35,2.35,506,3645.89,77250,-8000,18-APR-2022,
OPTSTK,RELIANCE,28-Apr-2022,2900.0,CE,1.6,2.05,1.4,1.9,1.9,1870,13565.24,1366500,-36500,18-APR-2022,
OPTSTK,RELIANCE,28-Apr-2022,2920.0,CE,1.75,1.95,1.45,1.9,1.9,850,6208.73,70250,-14750,18-APR-2022,
OPTSTK,RELIANCE,28-Apr-2022,2940.0,CE,1.6,1.8,1.45,1.75,1.75,391,2875.48,57750,-9000,18-APR-2022,
OPTSTK,RELIANCE,28-Apr-2022,2960.0,CE,1.65,2.0,1.3,1.7,1.7,233,1725.19,38250,1750,18-APR-2022,
OPTSTK,RELIANCE,28-Apr-2022,2980.0,CE,1.7,1.8,1.4,1.7,1.7,23,171.44,24750,-2750,18-APR-2022,
OPTSTK,RELIANCE,28-Apr-2022,3000.0,CE,2.0,2.05,1.4,1.6,1.6,1487,11158.28,874000,25000,18-APR-2022,
OPTSTK,RELIANCE,28-Apr-2022,3020.0,CE,1.8,1.8,1.6,1.6,0.1,5,37.77,16500,-250,18-APR-2022,
OPTSTK,RELIANCE,28-Apr-2022,3040.0,CE,1.5,1.7,1.45,1.5,0.1,47,357.39,58250,0,18-APR-2022,
OPTSTK,RELIANCE,28-Apr-2022,3060.0,CE,1.5,1.5,1.25,1.4,1.4,8,61.22,8000,-250,18-APR-2022,
OPTSTK,RELIANCE,28-Apr-2022,3080.0,CE,1.7,1.7,1.2,1.25,1.25,10,77.03,8000,0,18-APR-2022,
OPTSTK,RELIANCE,28-Apr-2022,3100.0,CE,1.45,1.45,1.0,1.15,1.15,780,6047.31,265500,8000,18-APR-2022,
OPTSTK,RELIANCE,28-Apr-2022,3120.0,CE,1.35,1.35,1.0,1.05,1.05,11,85.83,20500,250,18-APR-2022,
OPTSTK,RELIANCE,28-Apr-2022,3140.0,CE,1.0,1.15,0.8,0.9,0.9,154,1209.25,135000,-9250,18-APR-2022,
OPTSTK,RELIANCE,28-Apr-2022,1800.0,PE,1.4,2.3,0.65,0.8,0.8,77,346.74,19000,2750,18-APR-2022,
OPTSTK,RELIANCE,28-Apr-2022,1820.0,PE,0.0,0.0,0.0,11.7,0.0,0,0.0,0,0,18-APR-2022,
OPTSTK,RELIANCE,28-Apr-2022,1840.0,PE,0.0,0.0,0.0,13.45,0.0,0,0.0,0,0,18-APR-2022,
OPTSTK,RELIANCE,28-Apr-2022,1860.0,PE,0.0,0.0,0.0,15.45,0.0,0,0.0,0,0,18-APR-2022,
OPTSTK,RELIANCE,28-Apr-2022,1880.0,PE,0.0,0.0,0.0,17.65,0.0,0,0.0,0,0,18-APR-2022,
OPTSTK,RELIANCE,28-Apr-2022,1900.0,PE,0.7,0.7,0.7,0.7,0.0,2,9.5,5500,0,18-APR-2022,
OPTSTK,RELIANCE,28-Apr-2022,1920.0,PE,0.0,0.0,0.0,22.75,0.0,0,0.0,0,0,18-APR-2022,
OPTSTK,RELIANCE,28-Apr-2022,1940.0,PE,0.0,0.0,0.0,25.7,0.0,0,0.0,0,0,18-APR-2022,
OPTSTK,RELIANCE,28-Apr-2022,1960.0,PE,0.0,0.0,0.0,28.9,0.0,0,0.0,0,0,18-APR-2022,
OPTSTK,RELIANCE,28-Apr-2022,1980.0,PE,0.0,0.0,0.0,32.4,0.0,0,0.0,0,0,18-APR-2022,
OPTSTK,RELIANCE,28-Apr-2022,2000.0,PE,2.5,2.5,1.1,1.2,1.2,115,575.51,57250,-11000,18-APR-2022,
OPTSTK,RELIANCE,28-Apr-2022,2020.0,PE,0.0,0.0,0.0,40.25,0.0,0,0.0,0,0,18-APR-2022,
OPTSTK,RELIANCE,28-Apr-2022,2040.0,PE,0.0,0.0,0.0,44.7,0.0,0,0.0,0,0,18-APR-2022,
OPTSTK,RELIANCE,28-Apr-2022,2060.0,PE,0.0,0.0,0.0,49.45,0.0,0,0.0,0,0,18-APR-2022,
OPTSTK,RELIANCE,28-Apr-2022,2080.0,PE,0.0,0.0,0.0,54.6,0.05,0,0.0,0,0,18-APR-2022,
OPTSTK,RELIANCE,28-Apr-2022,2100.0,PE,2.9,2.9,1.45,1.55,1.55,388,2039.15,84000,3250,18-APR-2022,
OPTSTK,RELIANCE,28-Apr-2022,2120.0,PE,0.0,0.0,0.0,6.65,0.05,0,0.0,5000,0,18-APR-2022,
OPTSTK,RELIANCE,28-Apr-2022,2140.0,PE,2.1,2.1,2.1,2.1,0.1,2,10.71,12500,-250,18-APR-2022,
OPTSTK,RELIANCE,28-Apr-2022,2160.0,PE,2.2,2.2,2.2,2.2,2.2,3,16.21,8750,-250,18-APR-2022,
OPTSTK,RELIANCE,28-Apr-2022,2180.0,PE,0.0,0.0,0.0,27.0,0.2,0,0.0,3500,0,18-APR-2022,
OPTSTK,RELIANCE,28-Apr-2022,2200.0,PE,3.25,3.75,2.0,2.2,2.2,825,4543.17,242750,-14750,18-APR-2022,
OPTSTK,RELIANCE,28-Apr-2022,2220.0,PE,0.0,0.0,0.0,3.2,0.45,0,0.0,500,0,18-APR-2022,
OPTSTK,RELIANCE,28-Apr-2022,2240.0,PE,2.1,3.65,2.1,2.45,2.45,133,745.75,33250,1750,18-APR-2022,
OPTSTK,RELIANCE,28-Apr-2022,2260.0,PE,3.65,4.15,2.6,2.75,2.75,123,695.92,38250,750,18-APR-2022,
OPTSTK,RELIANCE,28-Apr-2022,2280.0,PE,3.6,4.6,2.6,2.85,2.85,102,582.32,29000,5000,18-APR-2022,
OPTSTK,RELIANCE,28-Apr-2022,2300.0,PE,5.05,5.9,3.05,3.4,3.4,1258,7247.18,382500,16000,18-APR-2022,
OPTSTK,RELIANCE,28-Apr-2022,2320.0,PE,4.95,6.15,3.35,3.65,3.65,352,2045.69,46750,26500,18-APR-2022,
OPTSTK,RELIANCE,28-Apr-2022,2340.0,PE,6.7,7.25,3.9,4.15,4.15,607,3558.94,120250,47250,18-APR-2022,
OPTSTK,RELIANCE,28-Apr-2022,2360.0,PE,7.25,9.15,4.85,5.35,5.35,1047,6195.46,98250,-25250,18-APR-2022,
OPTSTK,RELIANCE,28-Apr-2022,2380.0,PE,8.85,11.2,6.0,6.35,6.35,1057,6311.31,112250,-27000,18-APR-2022,
OPTSTK,RELIANCE,28-Apr-2022,2400.0,PE,11.95,13.75,7.5,8.3,8.3,4106,24746.9,701750,-89250,18-APR-2022,
OPTSTK,RELIANCE,28-Apr-2022,2420.0,PE,14.7,16.8,9.55,10.7,10.7,1069,6502.62,82250,-15500,18-APR-2022,
OPTSTK,RELIANCE,28-Apr-2022,2440.0,PE,12.65,20.7,12.35,13.9,13.9,1792,11008.69,241250,68500,18-APR-2022,
OPTSTK,RELIANCE,28-Apr-2022,2460.0,PE,21.4,25.15,15.35,17.35,17.35,1558,9662.98,165000,24250,18-APR-2022,
OPTSTK,RELIANCE,28-Apr-2022,2480.0,PE,26.9,30.55,19.25,21.95,21.95,1886,11816.1,128250,-2750,18-APR-2022,
OPTSTK,RELIANCE,28-Apr-2022,2500.0,PE,34.1,38.1,24.2,27.2,27.2,5215,33017.43,954250,-91000,18-APR-2022,
OPTSTK,RELIANCE,28-Apr-2022,2520.0,PE,41.55,46.95,30.25,34.35,34.35,3109,19893.17,208750,-11000,18-APR-2022,
OPTSTK,RELIANCE,28-Apr-2022,2540.0,PE,50.55,56.25,37.15,42.05,42.05,4399,28463.71,256750,20500,18-APR-2022,
OPTSTK,RELIANCE,28-Apr-2022,2560.0,PE,59.65,66.3,45.8,50.35,50.35,3186,20846.58,303500,2500,18-APR-2022,
OPTSTK,RELIANCE,28-Apr-2022,2580.0,PE,71.15,78.45,55.9,60.4,60.4,1205,7974.8,328000,-34000,18-APR-2022,
OPTSTK,RELIANCE,28-Apr-2022,2600.0,PE,77.85,91.25,68.15,73.15,73.15,1154,7734.72,900250,-37000,18-APR-2022,
OPTSTK,RELIANCE,28-Apr-2022,2620.0,PE,90.15,105.9,80.8,87.5,87.5,189,1282.34,125000,-9750,18-APR-2022,
OPTSTK,RELIANCE,28-Apr-2022,2640.0,PE,100.6,122.0,100.0,104.2,104.2,96,660.06,181500,-6500,18-APR-2022,
OPTSTK,RELIANCE,28-Apr-2022,2660.0,PE,115.0,140.15,112.9,118.35,118.35,156,1086.64,102250,-10500,18-APR-2022,
OPTSTK,RELIANCE,28-Apr-2022,2680.0,PE,140.0,156.1,135.5,137.2,137.2,30,212.12,65750,-250,18-APR-2022,
OPTSTK,RELIANCE,28-Apr-2022,2700.0,PE,154.2,176.0,148.1,154.55,154.55,545,3903.89,216250,-24500,18-APR-2022,
OPTSTK,RELIANCE,28-Apr-2022,2720.0,PE,167.1,190.0,167.1,171.5,171.5,49,355.71,31250,-4000,18-APR-2022,
OPTSTK,RELIANCE,28-Apr-2022,2740.0,PE,207.0,209.5,190.0,190.0,190.0,17,124.92,17750,-1000,18-APR-2022,
OPTSTK,RELIANCE,28-Apr-2022,2760.0,PE,208.55,222.85,206.95,219.0,219.05,46,342.56,46000,-8000,18-APR-2022,
OPTSTK,RELIANCE,28-Apr-2022,2780.0,PE,239.1,239.1,239.1,239.1,237.6,1,7.54,14000,-250,18-APR-2022,
OPTSTK,RELIANCE,28-Apr-2022,2800.0,PE,249.2,271.2,244.7,250.75,250.75,49,374.47,140000,-1750,18-APR-2022,
OPTSTK,RELIANCE,28-Apr-2022,2820.0,PE,273.35,273.35,273.35,273.35,275.55,1,7.73,15500,0,18-APR-2022,
OPTSTK,RELIANCE,28-Apr-2022,2840.0,PE,0.0,0.0,0.0,266.7,294.9,0,0.0,21750,0,18-APR-2022,
OPTSTK,RELIANCE,28-Apr-2022,2860.0,PE,303.35,303.35,303.35,303.35,314.35,1,7.9,4750,250,18-APR-2022,
OPTSTK,RELIANCE,28-Apr-2022,2880.0,PE,0.0,0.0,0.0,542.9,333.95,0,0.0,0,0,18-APR-2022,
OPTSTK,RELIANCE,28-Apr-2022,2900.0,PE,0.0,0.0,0.0,324.05,353.65,0,0.0,5000,0,18-APR-2022,
OPTSTK,RELIANCE,28-Apr-2022,2920.0,PE,0.0,0.0,0.0,578.2,373.4,0,0.0,0,0,18-APR-2022,
OPTSTK,RELIANCE,28-Apr-2022,2940.0,PE,0.0,0.0,0.0,596.05,393.25,0,0.0,0,0,18-APR-2022,
OPTSTK,RELIANCE,28-Apr-2022,2960.0,PE,0.0,0.0,0.0,614.05,413.1,0,0.0,0,0,18-APR-2022,
OPTSTK,RELIANCE,28-Apr-2022,2980.0,PE,0.0,0.0,0.0,632.15,433.0,0,0.0,0,0,18-APR-2022,
OPTSTK,RELIANCE,28-Apr-2022,3000.0,PE,0.0,0.0,0.0,388.0,452.9,0,0.0,2500,0,18-APR-2022,
OPTSTK,RELIANCE,28-Apr-2022,3020.0,PE,0.0,0.0,0.0,668.7,472.85,0,0.0,0,0,18-APR-2022,
OPTSTK,RELIANCE,28-Apr-2022,3040.0,PE,0.0,0.0,0.0,377.9,492.8,0,0.0,2250,0,18-APR-2022,
OPTSTK,RELIANCE,28-Apr-2022,3060.0,PE,0.0,0.0,0.0,705.65,512.75,0,0.0,0,0,18-APR-2022,
OPTSTK,RELIANCE,28-Apr-2022,3080.0,PE,0.0,0.0,0.0,405.0,532.75,0,0.0,500,0,18-APR-2022,
OPTSTK,RELIANCE,28-Apr-2022,3100.0,PE,0.0,0.0,0.0,485.0,552.7,0,0.0,1250,0,18-APR-2022,
OPTSTK,RELIANCE,28-Apr-2022,3120.0,PE,0.0,0.0,0.0,761.7,572.65,0,0.0,0,0,18-APR-2022,
OPTSTK,RELIANCE,28-Apr-2022,3140.0,PE,0.0,0.0,0.0,448.4,592.65,0,0.0,1750,0,18-APR-2022,
OPTSTK,RELIANCE,26-May-2022,1800.0,CE,0.0,0.0,0.0,488.6,751.9,0,0.0,0,0,18-APR-2022,
OPTSTK,RELIANCE,26-May-2022,1820.0,CE,0.0,0.0,0.0,470.95,732.0,0,0.0,0,0,18-APR-2022,
OPTSTK,RELIANCE,26-May-2022,1840.0,CE,0.0,0.0,0.0,453.5,712.15,0,0.0,0,0,18-APR-2022,
OPTSTK,RELIANCE,26-May-2022,1860.0,CE,0.0,0.0,0.0,436.35,692.3,0,0.0,0,0,18-APR-2022,
OPTSTK,RELIANCE,26-May-2022,1880.0,CE,0.0,0.0,0.0,419.45,672.45,0,0.0,0,0,18-APR-2022,
OPTSTK,RELIANCE,26-May-2022,1900.0,CE,0.0,0.0,0.0,402.85,652.6,0,0.0,0,0,18-APR-2022,
OPTSTK,RELIANCE,26-May-2022,1920.0,CE,0.0,0.0,0.0,386.55,632.85,0,0.0,0,0,18-APR-2022,
OPTSTK,RELIANCE,26-May-2022,1940.0,CE,0.0,0.0,0.0,370.55,613.1,0,0.0,0,0,18-APR-2022,
OPTSTK,RELIANCE,26-May-2022,1960.0,CE,0.0,0.0,0.0,354.9,593.4,0,0.0,0,0,18-APR-2022,
OPTSTK,RELIANCE,26-May-2022,1980.0,CE,0.0,0.0,0.0,339.6,573.75,0,0.0,0,0,18-APR-2022,
OPTSTK,RELIANCE,26-May-2022,2000.0,CE,0.0,0.0,0.0,324.6,554.15,0,0.0,0,0,18-APR-2022,
OPTSTK,RELIANCE,26-May-2022,2020.0,CE,0.0,0.0,0.0,310.05,534.65,0,0.0,0,0,18-APR-2022,
OPTSTK,RELIANCE,26-May-2022,2040.0,CE,0.0,0.0,0.0,295.8,515.2,0,0.0,0,0,18-APR-2022,
OPTSTK,RELIANCE,26-May-2022,2060.0,CE,0.0,0.0,0.0,281.95,495.9,0,0.0,0,0,18-APR-2022,
OPTSTK,RELIANCE,26-May-2022,2080.0,CE,0.0,0.0,0.0,268.4,476.75,0,0.0,0,0,18-APR-2022,
OPTSTK,RELIANCE,26-May-2022,2100.0,CE,0.0,0.0,0.0,255.35,457.7,0,0.0,0,0,18-APR-2022,
OPTSTK,RELIANCE,26-May-2022,2120.0,CE,0.0,0.0,0.0,242.65,438.85,0,0.0,0,0,18-APR-2022,
OPTSTK,RELIANCE,26-May-2022,2140.0,CE,0.0,0.0,0.0,230.4,420.15,0,0.0,0,0,18-APR-2022,
OPTSTK,RELIANCE,26-May-2022,2160.0,CE,0.0,0.0,0.0,218.55,401.7,0,0.0,0,0,18-APR-2022,
OPTSTK,RELIANCE,26-May-2022,2180.0,CE,0.0,0.0,0.0,207.1,383.45,0,0.0,0,0,18-APR-2022,
OPTSTK,RELIANCE,26-May-2022,2200.0,CE,0.0,0.0,0.0,196.1,365.5,0,0.0,0,0,18-APR-2022,
OPTSTK,RELIANCE,26-May-2022,2220.0,CE,0.0,0.0,0.0,185.5,347.8,0,0.0,0,0,18-APR-2022,
OPTSTK,RELIANCE,26-May-2022,2240.0,CE,0.0,0.0,0.0,175.25,330.45,0,0.0,0,0,18-APR-2022,
OPTSTK,RELIANCE,26-May-2022,2260.0,CE,0.0,0.0,0.0,165.45,313.4,0,0.0,0,0,18-APR-2022,
OPTSTK,RELIANCE,26-May-2022,2280.0,CE,0.0,0.0,0.0,156.05,296.75,0,0.0,0,0,18-APR-2022,
OPTSTK,RELIANCE,26-May-2022,2300.0,CE,265.5,265.5,265.5,265.5,280.5,1,6.41,500,250,18-APR-2022,
OPTSTK,RELIANCE,26-May-2022,2320.0,CE,0.0,0.0,0.0,138.45,264.65,0,0.0,0,0,18-APR-2022,
OPTSTK,RELIANCE,26-May-2022,2340.0,CE,0.0,0.0,0.0,130.2,249.2,0,0.0,0,0,18-APR-2022,
OPTSTK,RELIANCE,26-May-2022,2360.0,CE,0.0,0.0,0.0,122.35,234.35,0,0.0,0,0,18-APR-2022,
OPTSTK,RELIANCE,26-May-2022,2380.0,CE,0.0,0.0,0.0,114.9,219.85,0,0.0,0,0,18-APR-2022,
OPTSTK,RELIANCE,26-May-2022,2400.0,CE,175.0,201.0,175.0,201.0,201.0,26,168.33,17250,-1750,18-APR-2022,
OPTSTK,RELIANCE,26-May-2022,2420.0,CE,0.0,0.0,0.0,101.0,192.3,0,0.0,0,0,18-APR-2022,
OPTSTK,RELIANCE,26-May-2022,2440.0,CE,0.0,0.0,0.0,94.55,179.35,0,0.0,0,0,18-APR-2022,
OPTSTK,RELIANCE,26-May-2022,2460.0,CE,0.0,0.0,0.0,88.45,167.0,0,0.0,0,0,18-APR-2022,
OPTSTK,RELIANCE,26-May-2022,2480.0,CE,0.0,0.0,0.0,82.7,155.15,0,0.0,0,0,18-APR-2022,
OPTSTK,RELIANCE,26-May-2022,2500.0,CE,125.0,168.3,117.5,128.25,128.25,280,1838.13,48250,15250,18-APR-2022,
OPTSTK,RELIANCE,26-May-2022,2520.0,CE,0.0,0.0,0.0,175.25,133.1,0,0.0,250,0,18-APR-2022,
OPTSTK,RELIANCE,26-May-2022,2540.0,CE,109.25,109.25,96.85,104.15,104.15,51,336.8,5250,4500,18-APR-2022,
OPTSTK,RELIANCE,26-May-2022,2560.0,CE,95.0,100.95,86.15,94.75,94.75,70,464.21,6500,4750,18-APR-2022,
OPTSTK,RELIANCE,26-May-2022,2580.0,CE,108.0,108.0,78.0,85.55,85.55,30,199.73,6000,2250,18-APR-2022,
OPTSTK,RELIANCE,26-May-2022,2600.0,CE,80.45,81.9,68.5,76.05,76.05,712,4760.67,179500,35000,18-APR-2022,
OPTSTK,RELIANCE,26-May-2022,2620.0,CE,61.1,66.6,61.1,62.45,87.55,15,100.65,9250,500,18-APR-2022,
OPTSTK,RELIANCE,26-May-2022,2640.0,CE,66.45,90.0,54.0,58.85,58.85,54,364.35,16500,3750,18-APR-2022,
OPTSTK,RELIANCE,26-May-2022,2660.0,CE,58.65,58.65,49.95,54.7,72.95,23,155.93,24250,750,18-APR-2022,
OPTSTK,RELIANCE,26-May-2022,2680.0,CE,45.15,47.0,44.0,47.0,66.4,9,61.32,13000,1500,18-APR-2022,
OPTSTK,RELIANCE,26-May-2022,2700.0,CE,44.8,44.9,36.5,40.85,40.85,452,3096.54,180750,3500,18-APR-2022,
OPTSTK,RELIANCE,26-May-2022,2720.0,CE,36.05,36.05,35.0,35.0,54.7,2,13.77,4250,0,18-APR-2022,
OPTSTK,RELIANCE,26-May-2022,2740.0,CE,27.9,30.3,27.9,30.3,49.6,2,13.84,750,250,18-APR-2022,
OPTSTK,RELIANCE,26-May-2022,2760.0,CE,30.0,30.0,23.2,26.95,44.85,67,466.54,3750,2000,18-APR-2022,
OPTSTK,RELIANCE,26-May-2022,2780.0,CE,0.0,0.0,0.0,27.4,40.35,0,0.0,0,0,18-APR-2022,
OPTSTK,RELIANCE,26-May-2022,2800.0,CE,22.65,23.2,18.25,20.85,20.85,295,2079.78,127000,15250,18-APR-2022,
OPTSTK,RELIANCE,26-May-2022,2820.0,CE,24.0,24.0,24.0,24.0,32.55,1,7.11,250,250,18-APR-2022,
OPTSTK,RELIANCE,26-May-2022,2840.0,CE,0.0,0.0,0.0,21.5,29.2,0,0.0,0,0,18-APR-2022,
OPTSTK,RELIANCE,26-May-2022,2860.0,CE,0.0,0.0,0.0,19.85,26.1,0,0.0,0,0,18-APR-2022,
OPTSTK,RELIANCE,26-May-2022,2880.0,CE,0.0,0.0,0.0,18.25,23.3,0,0.0,0,0,18-APR-2022,
OPTSTK,RELIANCE,26-May-2022,2900.0,CE,11.75,11.75,8.05,10.0,10.0,139,1011.13,502500,-1000,18-APR-2022,
OPTSTK,RELIANCE,26-May-2022,2920.0,CE,0.0,0.0,0.0,15.45,18.45,0,0.0,0,0,18-APR-2022,
OPTSTK,RELIANCE,26-May-2022,2940.0,CE,0.0,0.0,0.0,10.0,16.4,0,0.0,250,0,18-APR-2022,
OPTSTK,RELIANCE,26-May-2022,2960.0,CE,0.0,0.0,0.0,13.05,14.5,0,0.0,0,0,18-APR-2022,
OPTSTK,RELIANCE,26-May-2022,2980.0,CE,0.0,0.0,0.0,12.0,12.85,0,0.0,0,0,18-APR-2022,
OPTSTK,RELIANCE,26-May-2022,3000.0,CE,6.4,9.0,6.4,7.0,7.0,87,654.09,81000,2750,18-APR-2022,
OPTSTK,RELIANCE,26-May-2022,3020.0,CE,0.0,0.0,0.0,10.1,10.0,0,0.0,0,0,18-APR-2022,
OPTSTK,RELIANCE,26-May-2022,3040.0,CE,0.0,0.0,0.0,9.25,8.8,0,0.0,0,0,18-APR-2022,
OPTSTK,RELIANCE,26-May-2022,3060.0,CE,0.0,0.0,0.0,8.45,7.7,0,0.0,0,0,18-APR-2022,
OPTSTK,RELIANCE,26-May-2022,3080.0,CE,0.0,0.0,0.0,9.25,6.75,0,0.0,0,0,18-APR-2022,
OPTSTK,RELIANCE,26-May-2022,1800.0,PE,0.0,0.0,0.0,14.0,0.1,0,0.0,0,0,18-APR-2022,
OPTSTK,RELIANCE,26-May-2022,1820.0,PE,0.0,0.0,0.0,16.15,0.1,0,0.0,0,0,18-APR-2022,
OPTSTK,RELIANCE,26-May-2022,1840.0,PE,0.0,0.0,0.0,18.5,0.15,0,0.0,0,0,18-APR-2022,
OPTSTK,RELIANCE,26-May-2022,1860.0,PE,0.0,0.0,0.0,21.15,0.2,0,0.0,0,0,18-APR-2022,
OPTSTK,RELIANCE,26-May-2022,1880.0,PE,0.0,0.0,0.0,24.05,0.3,0,0.0,0,0,18-APR-2022,
OPTSTK,RELIANCE,26-May-2022,1900.0,PE,0.0,0.0,0.0,27.25,0.4,0,0.0,0,0,18-APR-2022,
OPTSTK,RELIANCE,26-May-2022,1920.0,PE,0.0,0.0,0.0,30.7,0.5,0,0.0,0,0,18-APR-2022,
OPTSTK,RELIANCE,26-May-2022,1940.0,PE,0.0,0.0,0.0,34.5,0.65,0,0.0,0,0,18-APR-2022,
OPTSTK,RELIANCE,26-May-2022,1960.0,PE,0.0,0.0,0.0,38.65,0.9,0,0.0,0,0,18-APR-2022,
OPTSTK,RELIANCE,26-May-2022,1980.0,PE,0.0,0.0,0.0,43.1,1.15,0,0.0,0,0,18-APR-2022,
OPTSTK,RELIANCE,26-May-2022,2000.0,PE,0.0,0.0,0.0,5.0,1.45,0,0.0,12250,0,18-APR-2022,
OPTSTK,RELIANCE,26-May-2022,2020.0,PE,0.0,0.0,0.0,53.15,1.85,0,0.0,0,0,18-APR-2022,
OPTSTK,RELIANCE,26-May-2022,2040.0,PE,0.0,0.0,0.0,58.7,2.35,0,0.0,0,0,18-APR-2022,
OPTSTK,RELIANCE,26-May-2022,2060.0,PE,0.0,0.0,0.0,64.65,2.95,0,0.0,0,0,18-APR-2022,
OPTSTK,RELIANCE,26-May-2022,2080.0,PE,0.0,0.0,0.0,70.85,3.7,0,0.0,0,0,18-APR-2022,
OPTSTK,RELIANCE,26-May-2022,2100.0,PE,9.95,9.95,5.2,6.0,4.6,6,31.61,5750,0,18-APR-2022,
OPTSTK,RELIANCE,26-May-2022,2120.0,PE,0.0,0.0,0.0,84.75,5.65,0,0.0,0,0,18-APR-2022,
OPTSTK,RELIANCE,26-May-2022,2140.0,PE,0.0,0.0,0.0,92.25,6.85,0,0.0,0,0,18-APR-2022,
OPTSTK,RELIANCE,26-May-2022,2160.0,PE,0.0,0.0,0.0,100.2,8.3,0,0.0,0,0,18-APR-2022,
OPTSTK,RELIANCE,26-May-2022,2180.0,PE,0.0,0.0,0.0,108.55,10.0,0,0.0,0,0,18-APR-2022,
OPTSTK,RELIANCE,26-May-2022,2200.0,PE,10.5,14.9,10.05,11.75,11.95,22,121.62,23250,1500,18-APR-2022,
OPTSTK,RELIANCE,26-May-2022,2220.0,PE,0.0,0.0,0.0,126.5,14.15,0,0.0,0,0,18-APR-2022,
OPTSTK,RELIANCE,26-May-2022,2240.0,PE,0.0,0.0,0.0,136.1,16.7,0,0.0,0,0,18-APR-2022,
OPTSTK,RELIANCE,26-May-2022,2260.0,PE,0.0,0.0,0.0,146.05,19.6,0,0.0,0,0,18-APR-2022,
OPTSTK,RELIANCE,26-May-2022,2280.0,PE,0.0,0.0,0.0,156.45,22.85,0,0.0,0,0,18-APR-2022,
OPTSTK,RELIANCE,26-May-2022,2300.0,PE,18.7,21.2,14.15,18.7,18.7,79,458.04,40500,6250,18-APR-2022,
OPTSTK,RELIANCE,26-May-2022,2320.0,PE,0.0,0.0,0.0,178.4,30.55,0,0.0,0,0,18-APR-2022,
OPTSTK,RELIANCE,26-May-2022,2340.0,PE,0.0,0.0,0.0,189.95,35.05,0,0.0,0,0,18-APR-2022,
OPTSTK,RELIANCE,26-May-2022,2360.0,PE,14.85,27.6,14.85,27.6,40.1,3,17.87,9250,500,18-APR-2022,
OPTSTK,RELIANCE,26-May-2022,2380.0,PE,0.0,0.0,0.0,214.2,45.5,0,0.0,0,0,18-APR-2022,
OPTSTK,RELIANCE,26-May-2022,2400.0,PE,28.15,41.0,28.15,32.95,32.95,309,1882.2,93500,13750,18-APR-2022,
OPTSTK,RELIANCE,26-May-2022,2420.0,PE,0.0,0.0,0.0,239.9,57.75,0,0.0,0,0,18-APR-2022,
OPTSTK,RELIANCE,26-May-2022,2440.0,PE,0.0,0.0,0.0,253.25,64.75,0,0.0,0,0,18-APR-2022,
OPTSTK,RELIANCE,26-May-2022,2460.0,PE,50.0,50.0,50.0,50.0,72.25,1,6.27,750,250,18-APR-2022,
OPTSTK,RELIANCE,26-May-2022,2480.0,PE,0.0,0.0,0.0,281.0,80.35,0,0.0,0,0,18-APR-2022,
OPTSTK,RELIANCE,26-May-2022,2500.0,PE,63.0,76.7,62.0,64.0,64.0,425,2731.06,121000,23500,18-APR-2022,
OPTSTK,RELIANCE,26-May-2022,2520.0,PE,0.0,0.0,0.0,51.55,98.1,0,0.0,500,0,18-APR-2022,
OPTSTK,RELIANCE,26-May-2022,2540.0,PE,110.85,110.85,88.0,91.5,107.8,9,59.23,2500,1250,18-APR-2022,
OPTSTK,RELIANCE,26-May-2022,2560.0,PE,92.0,105.0,88.85,89.8,89.8,31,205.94,6500,4000,18-APR-2022,
OPTSTK,RELIANCE,26-May-2022,2580.0,PE,0.0,0.0,0.0,90.0,128.9,0,0.0,500,0,18-APR-2022,
OPTSTK,RELIANCE,26-May-2022,2600.0,PE,126.5,128.5,106.75,110.05,110.05,121,822.0,54000,11500,18-APR-2022,
OPTSTK,RELIANCE,26-May-2022,2620.0,PE,0.0,0.0,0.0,94.65,152.1,0,0.0,4500,0,18-APR-2022,
OPTSTK,RELIANCE,26-May-2022,2640.0,PE,0.0,0.0,0.0,131.45,164.5,0,0.0,9000,0,18-APR-2022,
OPTSTK,RELIANCE,26-May-2022,2660.0,PE,0.0,0.0,0.0,419.9,177.4,0,0.0,0,0,18-APR-2022,
OPTSTK,RELIANCE,26-May-2022,2680.0,PE,0.0,0.0,0.0,436.55,190.75,0,0.0,0,0,18-APR-2022,
OPTSTK,RELIANCE,26-May-2022,2700.0,PE,177.0,195.0,173.0,176.0,204.55,15,108.04,27500,1500,18-APR-2022,
OPTSTK,RELIANCE,26-May-2022,2720.0,PE,0.0,0.0,0.0,470.4,218.85,0,0.0,0,0,18-APR-2022,
OPTSTK,RELIANCE,26-May-2022,2740.0,PE,0.0,0.0,0.0,487.6,233.65,0,0.0,0,0,18-APR-2022,
OPTSTK,RELIANCE,26-May-2022,2760.0,PE,0.0,0.0,0.0,505.0,248.8,0,0.0,0,0,18-APR-2022,
OPTSTK,RELIANCE,26-May-2022,2780.0,PE,0.0,0.0,0.0,522.55,264.2,0,0.0,0,0,18-APR-2022,
OPTSTK,RELIANCE,26-May-2022,2800.0,PE,0.0,0.0,0.0,540.2,280.05,0,0.0,0,0,18-APR-2022,
OPTSTK,RELIANCE,26-May-2022,2820.0,PE,0.0,0.0,0.0,558.05,296.25,0,0.0,0,0,18-APR-2022,
OPTSTK,RELIANCE,26-May-2022,2840.0,PE,0.0,0.0,0.0,576.05,312.8,0,0.0,0,0,18-APR-2022,
OPTSTK,RELIANCE,26-May-2022,2860.0,PE,0.0,0.0,0.0,590.0,329.6,0,0.0,0,0,18-APR-2022,
OPTSTK,RELIANCE,26-May-2022,2880.0,PE,0.0,0.0,0.0,780.0,346.75,0,0.0,0,0,18-APR-2022,
OPTSTK,RELIANCE,26-May-2022,2900.0,PE,0.0,0.0,0.0,300.0,364.1,0,0.0,250,0,18-APR-2022,
OPTSTK,RELIANCE,26-May-2022,2920.0,PE,0.0,0.0,0.0,649.15,381.7,0,0.0,0,0,18-APR-2022,
OPTSTK,RELIANCE,26-May-2022,2940.0,PE,0.0,0.0,0.0,667.7,399.55,0,0.0,0,0,18-APR-2022,
OPTSTK,RELIANCE,26-May-2022,2960.0,PE,0.0,0.0,0.0,686.3,417.6,0,0.0,0,0,18-APR-2022,
OPTSTK,RELIANCE,26-May-2022,2980.0,PE,0.0,0.0,0.0,705.05,435.85,0,0.0,0,0,18-APR-2022,
OPTSTK,RELIANCE,26-May-2022,3000.0,PE,0.0,0.0,0.0,723.85,454.25,0,0.0,0,0,18-APR-2022,
OPTSTK,RELIANCE,26-May-2022,3020.0,PE,0.0,0.0,0.0,742.75,472.8,0,0.0,0,0,18-APR-2022,
OPTSTK,RELIANCE,26-May-2022,3040.0,PE,0.0,0.0,0.0,761.7,491.5,0,0.0,0,0,18-APR-2022,
OPTSTK,RELIANCE,26-May-2022,3060.0,PE,0.0,0.0,0.0,780.7,510.35,0,0.0,0,0,18-APR-2022,
OPTSTK,RELIANCE,26-May-2022,3080.0,PE,0.0,0.0,0.0,774.1,529.3,0,0.0,0,0,18-APR-2022,
OPTSTK,RELIANCE,30-Jun-2022,1840.0,CE,0.0,0.0,0.0,816.95,721.6,0,0.0,0,0,18-APR-2022,
OPTSTK,RELIANCE,30-Jun-2022,1860.0,CE,0.0,0.0,0.0,797.7,702.25,0,0.0,0,0,18-APR-2022,
OPTSTK,RELIANCE,30-Jun-2022,1880.0,CE,0.0,0.0,0.0,778.5,682.95,0,0.0,0,0,18-APR-2022,
OPTSTK,RELIANCE,30-Jun-2022,1900.0,CE,0.0,0.0,0.0,759.4,663.75,0,0.0,0,0,18-APR-2022,
OPTSTK,RELIANCE,30-Jun-2022,1920.0,CE,0.0,0.0,0.0,740.35,644.65,0,0.0,0,0,18-APR-2022,
OPTSTK,RELIANCE,30-Jun-2022,1940.0,CE,0.0,0.0,0.0,721.45,625.65,0,0.0,0,0,18-APR-2022,
OPTSTK,RELIANCE,30-Jun-2022,1960.0,CE,0.0,0.0,0.0,702.65,606.8,0,0.0,0,0,18-APR-2022,
OPTSTK,RELIANCE,30-Jun-2022,1980.0,CE,0.0,0.0,0.0,683.95,588.1,0,0.0,0,0,18-APR-2022,
OPTSTK,RELIANCE,30-Jun-2022,2000.0,CE,0.0,0.0,0.0,665.4,569.5,0,0.0,0,0,18-APR-2022,
OPTSTK,RELIANCE,30-Jun-2022,2020.0,CE,0.0,0.0,0.0,647.0,551.1,0,0.0,0,0,18-APR-2022,
OPTSTK,RELIANCE,30-Jun-2022,2040.0,CE,0.0,0.0,0.0,628.75,532.85,0,0.0,0,0,18-APR-2022,
OPTSTK,RELIANCE,30-Jun-2022,2060.0,CE,0.0,0.0,0.0,610.65,514.8,0,0.0,0,0,18-APR-2022,
OPTSTK,RELIANCE,30-Jun-2022,2080.0,CE,0.0,0.0,0.0,592.75,496.95,0,0.0,0,0,18-APR-2022,
OPTSTK,RELIANCE,30-Jun-2022,2100.0,CE,0.0,0.0,0.0,575.0,479.35,0,0.0,0,0,18-APR-2022,
OPTSTK,RELIANCE,30-Jun-2022,2120.0,CE,0.0,0.0,0.0,557.5,461.95,0,0.0,0,0,18-APR-2022,
OPTSTK,RELIANCE,30-Jun-2022,2140.0,CE,0.0,0.0,0.0,540.15,444.85,0,0.0,0,0,18-APR-2022,
OPTSTK,RELIANCE,30-Jun-2022,2160.0,CE,0.0,0.0,0.0,523.05,427.95,0,0.0,0,0,18-APR-2022,
OPTSTK,RELIANCE,30-Jun-2022,2180.0,CE,0.0,0.0,0.0,506.15,411.35,0,0.0,0,0,18-APR-2022,
OPTSTK,RELIANCE,30-Jun-2022,2200.0,CE,0.0,0.0,0.0,489.5,395.05,0,0.0,0,0,18-APR-2022,
OPTSTK,RELIANCE,30-Jun-2022,2220.0,CE,0.0,0.0,0.0,473.1,379.05,0,0.0,0,0,18-APR-2022,
OPTSTK,RELIANCE,30-Jun-2022,2240.0,CE,0.0,0.0,0.0,456.95,363.4,0,0.0,0,0,18-APR-2022,
OPTSTK,RELIANCE,30-Jun-2022,2260.0,CE,0.0,0.0,0.0,441.1,348.05,0,0.0,0,0,18-APR-2022,
OPTSTK,RELIANCE,30-Jun-2022,2280.0,CE,0.0,0.0,0.0,425.5,333.05,0,0.0,0,0,18-APR-2022,
OPTSTK,RELIANCE,30-Jun-2022,2300.0,CE,0.0,0.0,0.0,410.15,318.45,0,0.0,0,0,18-APR-2022,
OPTSTK,RELIANCE,30-Jun-2022,2320.0,CE,0.0,0.0,0.0,395.15,304.1,0,0.0,0,0,18-APR-2022,
OPTSTK,RELIANCE,30-Jun-2022,2340.0,CE,0.0,0.0,0.0,380.5,290.05,0,0.0,0,0,18-APR-2022,
OPTSTK,RELIANCE,30-Jun-2022,2360.0,CE,0.0,0.0,0.0,366.1,276.5,0,0.0,0,0,18-APR-2022,
OPTSTK,RELIANCE,30-Jun-2022,2380.0,CE,0.0,0.0,0.0,351.95,263.35,0,0.0,0,0,18-APR-2022,
OPTSTK,RELIANCE,30-Jun-2022,2400.0,CE,0.0,0.0,0.0,338.15,250.6,0,0.0,0,0,18-APR-2022,
OPTSTK,RELIANCE,30-Jun-2022,2420.0,CE,0.0,0.0,0.0,324.6,238.2,0,0.0,0,0,18-APR-2022,
OPTSTK,RELIANCE,30-Jun-2022,2440.0,CE,0.0,0.0,0.0,311.5,226.2,0,0.0,0,0,18-APR-2022,
OPTSTK,RELIANCE,30-Jun-2022,2460.0,CE,0.0,0.0,0.0,298.7,214.6,0,0.0,0,0,18-APR-2022,
OPTSTK,RELIANCE,30-Jun-2022,2480.0,CE,0.0,0.0,0.0,286.25,203.45,0,0.0,0,0,18-APR-2022,
OPTSTK,RELIANCE,30-Jun-2022,2500.0,CE,0.0,0.0,0.0,274.15,192.65,0,0.0,0,0,18-APR-2022,
OPTSTK,RELIANCE,30-Jun-2022,2520.0,CE,0.0,0.0,0.0,262.4,182.25,0,0.0,0,0,18-APR-2022,
OPTSTK,RELIANCE,30-Jun-2022,2540.0,CE,0.0,0.0,0.0,250.95,172.25,0,0.0,0,0,18-APR-2022,
OPTSTK,RELIANCE,30-Jun-2022,2560.0,CE,0.0,0.0,0.0,239.85,162.65,0,0.0,0,0,18-APR-2022,
OPTSTK,RELIANCE,30-Jun-2022,2580.0,CE,0.0,0.0,0.0,229.1,153.45,0,0.0,0,0,18-APR-2022,
OPTSTK,RELIANCE,30-Jun-2022,2600.0,CE,106.6,113.0,105.0,106.3,106.3,15,101.58,6250,1500,18-APR-2022,
OPTSTK,RELIANCE,30-Jun-2022,2620.0,CE,0.0,0.0,0.0,208.65,136.2,0,0.0,0,0,18-APR-2022,
OPTSTK,RELIANCE,30-Jun-2022,2640.0,CE,0.0,0.0,0.0,198.9,128.15,0,0.0,0,0,18-APR-2022,
OPTSTK,RELIANCE,30-Jun-2022,2660.0,CE,0.0,0.0,0.0,189.5,120.45,0,0.0,0,0,18-APR-2022,
OPTSTK,RELIANCE,30-Jun-2022,2680.0,CE,0.0,0.0,0.0,180.45,113.1,0,0.0,0,0,18-APR-2022,
OPTSTK,RELIANCE,30-Jun-2022,2700.0,CE,74.05,79.75,70.0,79.75,106.1,19,131.77,10000,1000,18-APR-2022,
OPTSTK,RELIANCE,30-Jun-2022,2720.0,CE,0.0,0.0,0.0,163.25,99.45,0,0.0,0,0,18-APR-2022,
OPTSTK,RELIANCE,30-Jun-2022,2740.0,CE,0.0,0.0,0.0,155.15,93.15,0,0.0,0,0,18-APR-2022,
OPTSTK,RELIANCE,30-Jun-2022,2760.0,CE,0.0,0.0,0.0,147.35,87.15,0,0.0,0,0,18-APR-2022,
OPTSTK,RELIANCE,30-Jun-2022,2780.0,CE,0.0,0.0,0.0,139.9,81.5,0,0.0,0,0,18-APR-2022,
OPTSTK,RELIANCE,30-Jun-2022,2800.0,CE,41.05,49.1,41.05,49.1,49.1,3,21.34,5500,0,18-APR-2022,
OPTSTK,RELIANCE,30-Jun-2022,2820.0,CE,0.0,0.0,0.0,125.8,71.15,0,0.0,0,0,18-APR-2022,
OPTSTK,RELIANCE,30-Jun-2022,2840.0,CE,0.0,0.0,0.0,119.2,66.35,0,0.0,0,0,18-APR-2022,
OPTSTK,RELIANCE,30-Jun-2022,2860.0,CE,0.0,0.0,0.0,112.85,61.85,0,0.0,0,0,18-APR-2022,
OPTSTK,RELIANCE,30-Jun-2022,2880.0,CE,0.0,0.0,0.0,106.8,57.65,0,0.0,0,0,18-APR-2022,
OPTSTK,RELIANCE,30-Jun-2022,2900.0,CE,0.0,0.0,0.0,101.05,53.5,0,0.0,0,0,18-APR-2022,
OPTSTK,RELIANCE,30-Jun-2022,2920.0,CE,0.0,0.0,0.0,95.5,49.75,0,0.0,0,0,18-APR-2022,
OPTSTK,RELIANCE,30-Jun-2022,2940.0,CE,0.0,0.0,0.0,90.2,46.2,0,0.0,0,0,18-APR-2022,
OPTSTK,RELIANCE,30-Jun-2022,2960.0,CE,0.0,0.0,0.0,85.3,42.9,0,0.0,0,0,18-APR-2022,
OPTSTK,RELIANCE,30-Jun-2022,2980.0,CE,0.0,0.0,0.0,80.55,39.75,0,0.0,0,0,18-APR-2022,
OPTSTK,RELIANCE,30-Jun-2022,3000.0,CE,29.6,29.6,24.0,24.35,24.35,3,22.69,1000,250,18-APR-2022,
OPTSTK,RELIANCE,30-Jun-2022,3020.0,CE,0.0,0.0,0.0,71.65,34.1,0,0.0,0,0,18-APR-2022,
OPTSTK,RELIANCE,30-Jun-2022,3040.0,CE,0.0,0.0,0.0,67.55,31.55,0,0.0,0,0,18-APR-2022,
OPTSTK,RELIANCE,30-Jun-2022,3060.0,CE,0.0,0.0,0.0,63.5,29.2,0,0.0,0,0,18-APR-2022,
OPTSTK,RELIANCE,30-Jun-2022,3080.0,CE,0.0,0.0,0.0,24.0,26.95,0,0.0,0,0,18-APR-2022,
OPTSTK,RELIANCE,30-Jun-2022,1840.0,PE,0.0,0.0,0.0,2.85,2.2,0,0.0,0,0,18-APR-2022,
OPTSTK,RELIANCE,30-Jun-2022,1860.0,PE,0.0,0.0,0.0,3.35,2.65,0,0.0,0,0,18-APR-2022,
OPTSTK,RELIANCE,30-Jun-2022,1880.0,PE,0.0,0.0,0.0,3.95,3.2,0,0.0,0,0,18-APR-2022,
OPTSTK,RELIANCE,30-Jun-2022,1900.0,PE,0.0,0.0,0.0,4.65,3.85,0,0.0,0,0,18-APR-2022,
OPTSTK,RELIANCE,30-Jun-2022,1920.0,PE,0.0,0.0,0.0,5.4,4.55,0,0.0,0,0,18-APR-2022,
OPTSTK,RELIANCE,30-Jun-2022,1940.0,PE,0.0,0.0,0.0,6.3,5.4,0,0.0,0,0,18-APR-2022,
OPTSTK,RELIANCE,30-Jun-2022,1960.0,PE,0.0,0.0,0.0,7.3,6.35,0,0.0,0,0,18-APR-2022,
OPTSTK,RELIANCE,30-Jun-2022,1980.0,PE,0.0,0.0,0.0,8.4,7.45,0,0.0,0,0,18-APR-2022,
OPTSTK,RELIANCE,30-Jun-2022,2000.0,PE,0.0,0.0,0.0,9.65,8.75,0,0.0,0,0,18-APR-2022,
OPTSTK,RELIANCE,30-Jun-2022,2020.0,PE,0.0,0.0,0.0,11.0,10.15,0,0.0,0,0,18-APR-2022,
OPTSTK,RELIANCE,30-Jun-2022,2040.0,PE,0.0,0.0,0.0,12.55,11.75,0,0.0,0,0,18-APR-2022,
OPTSTK,RELIANCE,30-Jun-2022,2060.0,PE,0.0,0.0,0.0,14.25,13.55,0,0.0,0,0,18-APR-2022,
OPTSTK,RELIANCE,30-Jun-2022,2080.0,PE,0.0,0.0,0.0,16.15,15.5,0,0.0,0,0,18-APR-2022,
OPTSTK,RELIANCE,30-Jun-2022,2100.0,PE,0.0,0.0,0.0,18.2,17.75,0,0.0,0,0,18-APR-2022,
OPTSTK,RELIANCE,30-Jun-2022,2120.0,PE,0.0,0.0,0.0,20.45,20.2,0,0.0,0,0,18-APR-2022,
OPTSTK,RELIANCE,30-Jun-2022,2140.0,PE,0.0,0.0,0.0,22.9,22.85,0,0.0,0,0,18-APR-2022,
OPTSTK,RELIANCE,30-Jun-2022,2160.0,PE,0.0,0.0,0.0,25.55,25.85,0,0.0,0,0,18-APR-2022,
OPTSTK,RELIANCE,30-Jun-2022,2180.0,PE,0.0,0.0,0.0,28.45,29.05,0,0.0,0,0,18-APR-2022,
OPTSTK,RELIANCE,30-Jun-2022,2200.0,PE,0.0,0.0,0.0,17.0,32.6,0,0.0,250,0,18-APR-2022,
OPTSTK,RELIANCE,30-Jun-2022,2220.0,PE,0.0,0.0,0.0,35.0,36.45,0,0.0,0,0,18-APR-2022,
OPTSTK,RELIANCE,30-Jun-2022,2240.0,PE,0.0,0.0,0.0,38.65,40.6,0,0.0,0,0,18-APR-2022,
OPTSTK,RELIANCE,30-Jun-2022,2260.0,PE,0.0,0.0,0.0,42.55,45.05,0,0.0,0,0,18-APR-2022,
OPTSTK,RELIANCE,30-Jun-2022,2280.0,PE,0.0,0.0,0.0,46.75,49.9,0,0.0,0,0,18-APR-2022,
OPTSTK,RELIANCE,30-Jun-2022,2300.0,PE,0.0,0.0,0.0,25.0,55.15,0,0.0,500,0,18-APR-2022,
OPTSTK,RELIANCE,30-Jun-2022,2320.0,PE,0.0,0.0,0.0,56.0,60.65,0,0.0,0,0,18-APR-2022,
OPTSTK,RELIANCE,30-Jun-2022,2340.0,PE,0.0,0.0,0.0,61.15,66.4,0,0.0,0,0,18-APR-2022,
OPTSTK,RELIANCE,30-Jun-2022,2360.0,PE,0.0,0.0,0.0,66.5,72.7,0,0.0,0,0,18-APR-2022,
OPTSTK,RELIANCE,30-Jun-2022,2380.0,PE,0.0,0.0,0.0,72.2,79.35,0,0.0,0,0,18-APR-2022,
OPTSTK,RELIANCE,30-Jun-2022,2400.0,PE,0.0,0.0,0.0,50.0,86.4,0,0.0,6000,0,18-APR-2022,
OPTSTK,RELIANCE,30-Jun-2022,2420.0,PE,0.0,0.0,0.0,84.4,93.85,0,0.0,0,0,18-APR-2022,
OPTSTK,RELIANCE,30-Jun-2022,2440.0,PE,0.0,0.0,0.0,91.1,101.7,0,0.0,0,0,18-APR-2022,
OPTSTK,RELIANCE,30-Jun-2022,2460.0,PE,0.0,0.0,0.0,98.1,109.95,0,0.0,0,0,18-APR-2022,
OPTSTK,RELIANCE,30-Jun-2022,2480.0,PE,0.0,0.0,0.0,105.45,118.6,0,0.0,0,0,18-APR-2022,
OPTSTK,RELIANCE,30-Jun-2022,2500.0,PE,0.0,0.0,0.0,90.0,127.65,0,0.0,250,0,18-APR-2022,
OPTSTK,RELIANCE,30-Jun-2022,2520.0,PE,0.0,0.0,0.0,121.15,137.1,0,0.0,0,0,18-APR-2022,
OPTSTK,RELIANCE,30-Jun-2022,2540.0,PE,0.0,0.0,0.0,129.5,146.9,0,0.0,0,0,18-APR-2022,
OPTSTK,RELIANCE,30-Jun-2022,2560.0,PE,0.0,0.0,0.0,138.2,157.15,0,0.0,0,0,18-APR-2022,
OPTSTK,RELIANCE,30-Jun-2022,2580.0,PE,0.0,0.0,0.0,147.25,167.75,0,0.0,0,0,18-APR-2022,
OPTSTK,RELIANCE,30-Jun-2022,2600.0,PE,136.85,138.15,136.85,138.15,178.8,2,13.68,6000,0,18-APR-2022,
OPTSTK,RELIANCE,30-Jun-2022,2620.0,PE,0.0,0.0,0.0,166.35,190.15,0,0.0,0,0,18-APR-2022,
OPTSTK,RELIANCE,30-Jun-2022,2640.0,PE,0.0,0.0,0.0,176.4,201.95,0,0.0,0,0,18-APR-2022,
OPTSTK,RELIANCE,30-Jun-2022,2660.0,PE,0.0,0.0,0.0,186.8,214.05,0,0.0,0,0,18-APR-2022,
OPTSTK,RELIANCE,30-Jun-2022,2680.0,PE,0.0,0.0,0.0,197.5,226.55,0,0.0,0,0,18-APR-2022,
OPTSTK,RELIANCE,30-Jun-2022,2700.0,PE,0.0,0.0,0.0,208.55,239.4,0,0.0,0,0,18-APR-2022,
OPTSTK,RELIANCE,30-Jun-2022,2720.0,PE,0.0,0.0,0.0,219.9,252.6,0,0.0,0,0,18-APR-2022,
OPTSTK,RELIANCE,30-Jun-2022,2740.0,PE,0.0,0.0,0.0,231.6,266.1,0,0.0,0,0,18-APR-2022,
OPTSTK,RELIANCE,30-Jun-2022,2760.0,PE,0.0,0.0,0.0,243.6,279.95,0,0.0,0,0,18-APR-2022,
OPTSTK,RELIANCE,30-Jun-2022,2780.0,PE,0.0,0.0,0.0,255.9,294.1,0,0.0,0,0,18-APR-2022,
OPTSTK,RELIANCE,30-Jun-2022,2800.0,PE,0.0,0.0,0.0,268.5,308.55,0,0.0,0,0,18-APR-2022,
OPTSTK,RELIANCE,30-Jun-2022,2820.0,PE,0.0,0.0,0.0,281.4,323.45,0,0.0,0,0,18-APR-2022,
OPTSTK,RELIANCE,30-Jun-2022,2840.0,PE,0.0,0.0,0.0,294.6,338.5,0,0.0,0,0,18-APR-2022,
OPTSTK,RELIANCE,30-Jun-2022,2860.0,PE,0.0,0.0,0.0,308.05,353.8,0,0.0,0,0,18-APR-2022,
OPTSTK,RELIANCE,30-Jun-2022,2880.0,PE,0.0,0.0,0.0,321.8,369.4,0,0.0,0,0,18-APR-2022,
OPTSTK,RELIANCE,30-Jun-2022,2900.0,PE,0.0,0.0,0.0,335.8,385.1,0,0.0,0,0,18-APR-2022,
OPTSTK,RELIANCE,30-Jun-2022,2920.0,PE,0.0,0.0,0.0,350.05,401.2,0,0.0,0,0,18-APR-2022,
OPTSTK,RELIANCE,30-Jun-2022,2940.0,PE,0.0,0.0,0.0,364.55,417.45,0,0.0,0,0,18-APR-2022,
OPTSTK,RELIANCE,30-Jun-2022,2960.0,PE,0.0,0.0,0.0,379.45,434.0,0,0.0,0,0,18-APR-2022,
OPTSTK,RELIANCE,30-Jun-2022,2980.0,PE,0.0,0.0,0.0,394.45,450.7,0,0.0,0,0,18-APR-2022,
OPTSTK,RELIANCE,30-Jun-2022,3000.0,PE,0.0,0.0,0.0,409.7,467.6,0,0.0,0,0,18-APR-2022,
OPTSTK,RELIANCE,30-Jun-2022,3020.0,PE,0.0,0.0,0.0,425.15,484.7,0,0.0,0,0,18-APR-2022,
OPTSTK,RELIANCE,30-Jun-2022,3040.0,PE,0.0,0.0,0.0,440.85,502.0,0,0.0,0,0,18-APR-2022,
OPTSTK,RELIANCE,30-Jun-2022,3060.0,PE,0.0,0.0,0.0,456.6,519.45,0,0.0,0,0,18-APR-2022,
OPTSTK,RELIANCE,30-Jun-2022,3080.0,PE,0.0,0.0,0.0,472.65,537.05,0,0.0,0,0,18-APR-2022,
OPTSTK,SAIL,28-Apr-2022,60.0,CE,0.0,0.0,0.0,37.5,45.35,0,0.0,0,0,18-APR-2022,
OPTSTK,SAIL,28-Apr-2022,62.5,CE,0.0,0.0,0.0,35.25,42.85,0,0.0,0,0,18-APR-2022,
OPTSTK,SAIL,28-Apr-2022,64.0,CE,0.0,0.0,0.0,34.8,41.35,0,0.0,0,0,18-APR-2022,
OPTSTK,SAIL,28-Apr-2022,65.0,CE,0.0,0.0,0.0,33.0,40.35,0,0.0,0,0,18-APR-2022,
OPTSTK,SAIL,28-Apr-2022,66.0,CE,0.0,0.0,0.0,32.8,39.35,0,0.0,0,0,18-APR-2022,
OPTSTK,SAIL,28-Apr-2022,67.0,CE,0.0,0.0,0.0,31.8,38.35,0,0.0,0,0,18-APR-2022,
OPTSTK,SAIL,28-Apr-2022,67.5,CE,0.0,0.0,0.0,30.85,37.85,0,0.0,0,0,18-APR-2022,
OPTSTK,SAIL,28-Apr-2022,68.0,CE,0.0,0.0,0.0,30.85,37.35,0,0.0,0,0,18-APR-2022,
OPTSTK,SAIL,28-Apr-2022,69.0,CE,0.0,0.0,0.0,29.85,36.35,0,0.0,0,0,18-APR-2022,
OPTSTK,SAIL,28-Apr-2022,70.0,CE,35.8,35.8,35.8,35.8,35.35,1,5.02,4750,0,18-APR-2022,
OPTSTK,SAIL,28-Apr-2022,71.0,CE,0.0,0.0,0.0,27.9,34.35,0,0.0,0,0,18-APR-2022,
OPTSTK,SAIL,28-Apr-2022,72.0,CE,0.0,0.0,0.0,26.95,33.35,0,0.0,0,0,18-APR-2022,
OPTSTK,SAIL,28-Apr-2022,72.5,CE,0.0,0.0,0.0,26.75,32.85,0,0.0,0,0,18-APR-2022,
OPTSTK,SAIL,28-Apr-2022,73.0,CE,0.0,0.0,0.0,25.95,32.35,0,0.0,0,0,18-APR-2022,
OPTSTK,SAIL,28-Apr-2022,74.0,CE,0.0,0.0,0.0,25.0,31.35,0,0.0,0,0,18-APR-2022,
OPTSTK,SAIL,28-Apr-2022,75.0,CE,0.0,0.0,0.0,24.8,30.35,0,0.0,0,0,18-APR-2022,
OPTSTK,SAIL,28-Apr-2022,76.0,CE,0.0,0.0,0.0,23.15,29.35,0,0.0,0,0,18-APR-2022,
OPTSTK,SAIL,28-Apr-2022,77.0,CE,0.0,0.0,0.0,22.2,28.35,0,0.0,0,0,18-APR-2022,
OPTSTK,SAIL,28-Apr-2022,77.5,CE,0.0,0.0,0.0,22.95,27.85,0,0.0,0,0,18-APR-2022,
OPTSTK,SAIL,28-Apr-2022,78.0,CE,0.0,0.0,0.0,21.3,27.35,0,0.0,0,0,18-APR-2022,
OPTSTK,SAIL,28-Apr-2022,79.0,CE,0.0,0.0,0.0,20.4,26.35,0,0.0,0,0,18-APR-2022,
OPTSTK,SAIL,28-Apr-2022,80.0,CE,0.0,0.0,0.0,28.85,25.35,0,0.0,14250,0,18-APR-2022,
OPTSTK,SAIL,28-Apr-2022,81.0,CE,0.0,0.0,0.0,18.6,24.35,0,0.0,0,0,18-APR-2022,
OPTSTK,SAIL,28-Apr-2022,82.0,CE,0.0,0.0,0.0,17.75,23.4,0,0.0,0,0,18-APR-2022,
OPTSTK,SAIL,28-Apr-2022,82.5,CE,0.0,0.0,0.0,19.45,22.9,0,0.0,0,0,18-APR-2022,
OPTSTK,SAIL,28-Apr-2022,83.0,CE,0.0,0.0,0.0,16.9,22.4,0,0.0,0,0,18-APR-2022,
OPTSTK,SAIL,28-Apr-2022,84.0,CE,0.0,0.0,0.0,16.05,21.4,0,0.0,0,0,18-APR-2022,
OPTSTK,SAIL,28-Apr-2022,85.0,CE,0.0,0.0,0.0,17.9,20.4,0,0.0,0,0,18-APR-2022,
OPTSTK,SAIL,28-Apr-2022,86.0,CE,0.0,0.0,0.0,14.45,19.4,0,0.0,0,0,18-APR-2022,
OPTSTK,SAIL,28-Apr-2022,87.0,CE,0.0,0.0,0.0,13.7,18.45,0,0.0,0,0,18-APR-2022,
OPTSTK,SAIL,28-Apr-2022,87.5,CE,0.0,0.0,0.0,16.4,17.95,0,0.0,0,0,18-APR-2022,
OPTSTK,SAIL,28-Apr-2022,88.0,CE,0.0,0.0,0.0,12.95,17.5,0,0.0,0,0,18-APR-2022,
OPTSTK,SAIL,28-Apr-2022,89.0,CE,0.0,0.0,0.0,12.25,16.5,0,0.0,0,0,18-APR-2022,
OPTSTK,SAIL,28-Apr-2022,90.0,CE,16.0,16.0,16.0,16.0,15.55,1,5.03,470250,0,18-APR-2022,
OPTSTK,SAIL,28-Apr-2022,91.0,CE,0.0,0.0,0.0,10.85,14.65,0,0.0,0,0,18-APR-2022,
OPTSTK,SAIL,28-Apr-2022,92.0,CE,0.0,0.0,0.0,10.2,13.7,0,0.0,0,0,18-APR-2022,
OPTSTK,SAIL,28-Apr-2022,92.5,CE,0.0,0.0,0.0,17.15,13.25,0,0.0,4750,0,18-APR-2022,
OPTSTK,SAIL,28-Apr-2022,93.0,CE,0.0,0.0,0.0,9.6,12.8,0,0.0,0,0,18-APR-2022,
OPTSTK,SAIL,28-Apr-2022,94.0,CE,0.0,0.0,0.0,9.0,11.95,0,0.0,0,0,18-APR-2022,
OPTSTK,SAIL,28-Apr-2022,95.0,CE,11.9,11.95,10.4,11.1,11.1,18,90.95,546250,0,18-APR-2022,
OPTSTK,SAIL,28-Apr-2022,96.0,CE,0.0,0.0,0.0,7.85,10.25,0,0.0,0,0,18-APR-2022,
OPTSTK,SAIL,28-Apr-2022,97.0,CE,0.0,0.0,0.0,7.35,9.45,0,0.0,0,0,18-APR-2022,
OPTSTK,SAIL,28-Apr-2022,97.5,CE,9.6,10.05,8.15,8.15,9.05,5,25.38,190000,-19000,18-APR-2022,
OPTSTK,SAIL,28-Apr-2022,98.0,CE,0.0,0.0,0.0,6.85,8.65,0,0.0,0,0,18-APR-2022,
OPTSTK,SAIL,28-Apr-2022,99.0,CE,0.0,0.0,0.0,6.35,7.9,0,0.0,0,0,18-APR-2022,
OPTSTK,SAIL,28-Apr-2022,100.0,CE,7.5,8.05,5.65,6.45,6.45,238,1206.81,3548250,47500,18-APR-2022,
OPTSTK,SAIL,28-Apr-2022,101.0,CE,6.5,6.5,6.5,6.5,6.55,1,5.1,14250,4750,18-APR-2022,
OPTSTK,SAIL,28-Apr-2022,102.0,CE,5.95,6.05,5.3,5.6,5.9,5,25.57,28500,0,18-APR-2022,
OPTSTK,SAIL,28-Apr-2022,102.5,CE,5.85,5.85,4.8,5.05,5.6,6,30.66,546250,0,18-APR-2022,
OPTSTK,SAIL,28-Apr-2022,103.0,CE,5.7,5.7,3.75,4.35,5.3,12,61.09,71250,-9500,18-APR-2022,
OPTSTK,SAIL,28-Apr-2022,104.0,CE,3.65,3.7,3.1,3.5,3.5,28,142.89,137750,-4750,18-APR-2022,
OPTSTK,SAIL,28-Apr-2022,105.0,CE,4.05,4.55,2.55,3.15,3.15,1062,5468.65,4788000,631750,18-APR-2022,
OPTSTK,SAIL,28-Apr-2022,106.0,CE,3.5,3.9,2.3,2.65,2.65,253,1308.9,546250,346750,18-APR-2022,
OPTSTK,SAIL,28-Apr-2022,107.0,CE,3.2,3.5,1.95,2.3,2.3,223,1162.14,669750,261250,18-APR-2022,
OPTSTK,SAIL,28-Apr-2022,107.5,CE,2.65,3.3,1.85,2.1,2.1,205,1070.48,769500,52250,18-APR-2022,
OPTSTK,SAIL,28-Apr-2022,108.0,CE,2.75,3.05,1.75,2.0,2.0,244,1278.33,836000,14250,18-APR-2022,
OPTSTK,SAIL,28-Apr-2022,109.0,CE,2.3,2.6,1.5,1.7,1.7,99,521.29,380000,-23750,18-APR-2022,
OPTSTK,SAIL,28-Apr-2022,110.0,CE,1.0,2.35,1.0,1.5,1.5,1703,9039.79,10454750,669750,18-APR-2022,
OPTSTK,SAIL,28-Apr-2022,111.0,CE,1.9,2.0,1.2,1.35,1.35,61,326.24,745750,0,18-APR-2022,
OPTSTK,SAIL,28-Apr-2022,112.0,CE,0.95,1.85,0.95,1.2,1.2,159,856.5,2009250,-9500,18-APR-2022,
OPTSTK,SAIL,28-Apr-2022,112.5,CE,1.25,1.65,1.0,1.1,1.1,196,1059.19,1263500,104500,18-APR-2022,
OPTSTK,SAIL,28-Apr-2022,113.0,CE,1.3,1.6,0.95,1.0,1.0,76,412.2,617500,19000,18-APR-2022,
OPTSTK,SAIL,28-Apr-2022,114.0,CE,1.25,1.35,0.85,0.9,0.9,34,185.75,712500,-61750,18-APR-2022,
OPTSTK,SAIL,28-Apr-2022,115.0,CE,1.25,1.25,0.7,0.8,0.8,1725,9499.28,11808500,-223250,18-APR-2022,
OPTSTK,SAIL,28-Apr-2022,116.0,CE,0.85,0.95,0.5,0.7,0.7,27,149.71,437000,-28500,18-APR-2022,
OPTSTK,SAIL,28-Apr-2022,117.0,CE,0.6,0.85,0.6,0.6,0.75,36,201.25,247000,-52250,18-APR-2022,
OPTSTK,SAIL,28-Apr-2022,117.5,CE,0.7,0.8,0.5,0.55,0.55,94,527.63,1482000,-161500,18-APR-2022,
OPTSTK,SAIL,28-Apr-2022,118.0,CE,0.7,0.7,0.5,0.55,0.65,49,276.16,213750,0,18-APR-2022,
OPTSTK,SAIL,28-Apr-2022,119.0,CE,0.55,0.75,0.45,0.45,0.55,30,170.37,199500,19000,18-APR-2022,
OPTSTK,SAIL,28-Apr-2022,120.0,CE,0.55,0.6,0.35,0.45,0.45,1332,7623.42,8934750,47500,18-APR-2022,
OPTSTK,SAIL,28-Apr-2022,121.0,CE,0.4,0.5,0.4,0.45,0.4,24,138.42,304000,0,18-APR-2022,
OPTSTK,SAIL,28-Apr-2022,122.0,CE,0.35,0.4,0.35,0.4,0.4,3,17.43,99750,-4750,18-APR-2022,
OPTSTK,SAIL,28-Apr-2022,122.5,CE,0.4,0.4,0.3,0.3,0.3,21,122.54,356250,0,18-APR-2022,
OPTSTK,SAIL,28-Apr-2022,123.0,CE,0.0,0.0,0.0,1.4,0.25,0,0.0,0,0,18-APR-2022,
OPTSTK,SAIL,28-Apr-2022,124.0,CE,0.0,0.0,0.0,0.7,0.25,0,0.0,0,0,18-APR-2022,
OPTSTK,SAIL,28-Apr-2022,125.0,CE,0.35,0.35,0.2,0.25,0.25,329,1957.96,2204000,-213750,18-APR-2022,
OPTSTK,SAIL,28-Apr-2022,126.0,CE,0.0,0.0,0.0,0.3,0.15,0,0.0,57000,0,18-APR-2022,
OPTSTK,SAIL,28-Apr-2022,127.0,CE,0.0,0.0,0.0,0.1,0.15,0,0.0,0,0,18-APR-2022,
OPTSTK,SAIL,28-Apr-2022,127.5,CE,0.0,0.0,0.0,0.45,0.1,0,0.0,9500,0,18-APR-2022,
OPTSTK,SAIL,28-Apr-2022,128.0,CE,0.0,0.0,0.0,0.45,0.1,0,0.0,0,0,18-APR-2022,
OPTSTK,SAIL,28-Apr-2022,129.0,CE,0.0,0.0,0.0,0.4,0.1,0,0.0,0,0,18-APR-2022,
OPTSTK,SAIL,28-Apr-2022,130.0,CE,0.25,0.25,0.15,0.25,0.25,69,426.74,2094750,-99750,18-APR-2022,
OPTSTK,SAIL,28-Apr-2022,131.0,CE,0.0,0.0,0.0,0.35,0.05,0,0.0,0,0,18-APR-2022,
OPTSTK,SAIL,28-Apr-2022,132.0,CE,0.0,0.0,0.0,0.3,0.05,0,0.0,0,0,18-APR-2022,
OPTSTK,SAIL,28-Apr-2022,132.5,CE,0.0,0.0,0.0,2.6,0.05,0,0.0,0,0,18-APR-2022,
OPTSTK,SAIL,28-Apr-2022,133.0,CE,0.0,0.0,0.0,0.6,0.05,0,0.0,66500,0,18-APR-2022,
OPTSTK,SAIL,28-Apr-2022,134.0,CE,0.0,0.0,0.0,0.25,0.05,0,0.0,0,0,18-APR-2022,
OPTSTK,SAIL,28-Apr-2022,135.0,CE,0.15,0.2,0.15,0.15,0.05,14,89.87,285000,-52250,18-APR-2022,
OPTSTK,SAIL,28-Apr-2022,136.0,CE,0.0,0.0,0.0,0.2,0.05,0,0.0,0,0,18-APR-2022,
OPTSTK,SAIL,28-Apr-2022,137.0,CE,0.0,0.0,0.0,0.2,0.05,0,0.0,0,0,18-APR-2022,
OPTSTK,SAIL,28-Apr-2022,137.5,CE,0.0,0.0,0.0,2.05,0.05,0,0.0,0,0,18-APR-2022,
OPTSTK,SAIL,28-Apr-2022,138.0,CE,0.0,0.0,0.0,0.2,0.05,0,0.0,0,0,18-APR-2022,
OPTSTK,SAIL,28-Apr-2022,139.0,CE,0.0,0.0,0.0,0.2,0.05,0,0.0,0,0,18-APR-2022,
OPTSTK,SAIL,28-Apr-2022,140.0,CE,0.15,0.15,0.15,0.15,0.05,10,66.57,978500,47500,18-APR-2022,
OPTSTK,SAIL,28-Apr-2022,142.5,CE,0.0,0.0,0.0,1.65,0.0,0,0.0,0,0,18-APR-2022,
OPTSTK,SAIL,28-Apr-2022,145.0,CE,0.1,0.2,0.1,0.1,0.0,5,34.46,133000,0,18-APR-2022,
OPTSTK,SAIL,28-Apr-2022,147.5,CE,0.0,0.0,0.0,1.3,0.0,0,0.0,0,0,18-APR-2022,
OPTSTK,SAIL,28-Apr-2022,60.0,PE,0.0,0.0,0.0,0.05,0.0,0,0.0,42750,0,18-APR-2022,
OPTSTK,SAIL,28-Apr-2022,62.5,PE,0.0,0.0,0.0,0.7,0.0,0,0.0,0,0,18-APR-2022,
OPTSTK,SAIL,28-Apr-2022,64.0,PE,0.0,0.0,0.0,0.05,0.0,0,0.0,0,0,18-APR-2022,
OPTSTK,SAIL,28-Apr-2022,65.0,PE,0.0,0.0,0.0,0.95,0.0,0,0.0,0,0,18-APR-2022,
OPTSTK,SAIL,28-Apr-2022,66.0,PE,0.0,0.0,0.0,0.05,0.0,0,0.0,0,0,18-APR-2022,
OPTSTK,SAIL,28-Apr-2022,67.0,PE,0.0,0.0,0.0,0.05,0.0,0,0.0,0,0,18-APR-2022,
OPTSTK,SAIL,28-Apr-2022,67.5,PE,0.0,0.0,0.0,1.25,0.0,0,0.0,0,0,18-APR-2022,
OPTSTK,SAIL,28-Apr-2022,68.0,PE,0.0,0.0,0.0,0.05,0.0,0,0.0,0,0,18-APR-2022,
OPTSTK,SAIL,28-Apr-2022,69.0,PE,0.0,0.0,0.0,0.1,0.0,0,0.0,0,0,18-APR-2022,
OPTSTK,SAIL,28-Apr-2022,70.0,PE,0.0,0.0,0.0,1.6,0.0,0,0.0,0,0,18-APR-2022,
OPTSTK,SAIL,28-Apr-2022,71.0,PE,0.0,0.0,0.0,0.15,0.0,0,0.0,0,0,18-APR-2022,
OPTSTK,SAIL,28-Apr-2022,72.0,PE,3.0,3.0,0.05,0.05,0.0,2,6.98,0,0,18-APR-2022,
OPTSTK,SAIL,28-Apr-2022,72.5,PE,0.0,0.0,0.0,2.05,0.0,0,0.0,0,0,18-APR-2022,
OPTSTK,SAIL,28-Apr-2022,73.0,PE,0.0,0.0,0.0,0.2,0.0,0,0.0,0,0,18-APR-2022,
OPTSTK,SAIL,28-Apr-2022,74.0,PE,0.0,0.0,0.0,0.25,0.0,0,0.0,0,0,18-APR-2022,
OPTSTK,SAIL,28-Apr-2022,75.0,PE,0.0,0.0,0.0,0.05,0.0,0,0.0,38000,0,18-APR-2022,
OPTSTK,SAIL,28-Apr-2022,76.0,PE,0.0,0.0,0.0,0.35,0.0,0,0.0,0,0,18-APR-2022,
OPTSTK,SAIL,28-Apr-2022,77.0,PE,0.0,0.0,0.0,0.05,0.0,0,0.0,33250,0,18-APR-2022,
OPTSTK,SAIL,28-Apr-2022,77.5,PE,0.0,0.0,0.0,1.3,0.0,0,0.0,9500,0,18-APR-2022,
OPTSTK,SAIL,28-Apr-2022,78.0,PE,0.0,0.0,0.0,0.5,0.0,0,0.0,0,0,18-APR-2022,
OPTSTK,SAIL,28-Apr-2022,79.0,PE,0.0,0.0,0.0,0.6,0.0,0,0.0,0,0,18-APR-2022,
OPTSTK,SAIL,28-Apr-2022,80.0,PE,0.05,0.1,0.05,0.1,0.1,21,79.85,555750,-23750,18-APR-2022,
OPTSTK,SAIL,28-Apr-2022,81.0,PE,0.0,0.0,0.0,0.8,0.05,0,0.0,0,0,18-APR-2022,
OPTSTK,SAIL,28-Apr-2022,82.0,PE,0.0,0.0,0.0,0.95,0.05,0,0.0,0,0,18-APR-2022,
OPTSTK,SAIL,28-Apr-2022,82.5,PE,0.0,0.0,0.0,0.15,0.05,0,0.0,28500,0,18-APR-2022,
OPTSTK,SAIL,28-Apr-2022,83.0,PE,0.0,0.0,0.0,1.1,0.05,0,0.0,0,0,18-APR-2022,
OPTSTK,SAIL,28-Apr-2022,84.0,PE,0.0,0.0,0.0,1.25,0.05,0,0.0,0,0,18-APR-2022,
OPTSTK,SAIL,28-Apr-2022,85.0,PE,0.05,0.1,0.05,0.05,0.05,8,32.32,817000,-9500,18-APR-2022,
OPTSTK,SAIL,28-Apr-2022,86.0,PE,0.0,0.0,0.0,1.65,0.1,0,0.0,0,0,18-APR-2022,
OPTSTK,SAIL,28-Apr-2022,87.0,PE,0.0,0.0,0.0,1.9,0.1,0,0.0,0,0,18-APR-2022,
OPTSTK,SAIL,28-Apr-2022,87.5,PE,0.0,0.0,0.0,0.1,0.1,0,0.0,190000,0,18-APR-2022,
OPTSTK,SAIL,28-Apr-2022,88.0,PE,0.0,0.0,0.0,2.15,0.15,0,0.0,0,0,18-APR-2022,
OPTSTK,SAIL,28-Apr-2022,89.0,PE,0.0,0.0,0.0,2.4,0.15,0,0.0,0,0,18-APR-2022,
OPTSTK,SAIL,28-Apr-2022,90.0,PE,0.15,0.15,0.1,0.15,0.15,52,222.56,2479500,-14250,18-APR-2022,
OPTSTK,SAIL,28-Apr-2022,91.0,PE,0.0,0.0,0.0,3.0,0.3,0,0.0,0,0,18-APR-2022,
OPTSTK,SAIL,28-Apr-2022,92.0,PE,0.0,0.0,0.0,3.35,0.35,0,0.0,0,0,18-APR-2022,
OPTSTK,SAIL,28-Apr-2022,92.5,PE,0.2,0.25,0.15,0.2,0.2,98,431.51,460750,0,18-APR-2022,
OPTSTK,SAIL,28-Apr-2022,93.0,PE,0.0,0.0,0.0,3.75,0.45,0,0.0,0,0,18-APR-2022,
OPTSTK,SAIL,28-Apr-2022,94.0,PE,0.0,0.0,0.0,0.6,0.6,0,0.0,28500,0,18-APR-2022,
OPTSTK,SAIL,28-Apr-2022,95.0,PE,0.3,0.4,0.3,0.35,0.35,195,883.21,2384500,-4750,18-APR-2022,
OPTSTK,SAIL,28-Apr-2022,96.0,PE,0.0,0.0,0.0,5.0,0.9,0,0.0,0,0,18-APR-2022,
OPTSTK,SAIL,28-Apr-2022,97.0,PE,0.4,0.65,0.4,0.55,1.05,14,64.88,133000,-23750,18-APR-2022,
OPTSTK,SAIL,28-Apr-2022,97.5,PE,0.65,0.65,0.5,0.55,0.55,51,237.54,650750,-118750,18-APR-2022,
OPTSTK,SAIL,28-Apr-2022,98.0,PE,0.0,0.0,0.0,0.55,1.3,0,0.0,289750,0,18-APR-2022,
OPTSTK,SAIL,28-Apr-2022,99.0,PE,1.05,1.05,0.65,0.8,1.55,8,37.95,313500,0,18-APR-2022,
OPTSTK,SAIL,28-Apr-2022,100.0,PE,1.2,1.2,0.75,0.95,0.95,849,4070.13,4465000,-71250,18-APR-2022,
OPTSTK,SAIL,28-Apr-2022,101.0,PE,0.95,1.35,0.95,1.3,2.15,28,135.86,346750,9500,18-APR-2022,
OPTSTK,SAIL,28-Apr-2022,102.0,PE,1.5,1.65,1.2,1.65,2.55,23,112.98,418000,38000,18-APR-2022,
OPTSTK,SAIL,28-Apr-2022,102.5,PE,1.5,1.8,1.35,1.7,1.7,25,123.54,731500,0,18-APR-2022,
OPTSTK,SAIL,28-Apr-2022,103.0,PE,1.6,2.0,1.4,1.8,1.8,53,263.56,247000,-9500,18-APR-2022,
OPTSTK,SAIL,28-Apr-2022,104.0,PE,1.7,2.55,1.7,2.05,2.05,39,196.7,223250,9500,18-APR-2022,
OPTSTK,SAIL,28-Apr-2022,105.0,PE,2.7,3.0,2.0,2.55,2.55,694,3543.65,3928250,57000,18-APR-2022,
OPTSTK,SAIL,28-Apr-2022,106.0,PE,2.6,3.6,2.55,3.2,3.2,91,471.42,327750,4750,18-APR-2022,
OPTSTK,SAIL,28-Apr-2022,107.0,PE,3.7,4.3,3.05,3.65,3.65,78,409.71,261250,-76000,18-APR-2022,
OPTSTK,SAIL,28-Apr-2022,107.5,PE,3.8,4.75,3.25,4.05,5.25,25,132.29,579500,4750,18-APR-2022,
OPTSTK,SAIL,28-Apr-2022,108.0,PE,3.9,4.65,3.75,4.4,4.4,10,53.29,204250,0,18-APR-2022,
OPTSTK,SAIL,28-Apr-2022,109.0,PE,4.35,5.7,4.35,5.3,5.3,7,37.96,204250,-23750,18-APR-2022,
OPTSTK,SAIL,28-Apr-2022,110.0,PE,6.05,6.75,4.8,5.7,5.7,155,852.57,3842750,-213750,18-APR-2022,
OPTSTK,SAIL,28-Apr-2022,111.0,PE,5.75,5.75,5.75,5.75,7.6,1,5.54,147250,0,18-APR-2022,
OPTSTK,SAIL,28-Apr-2022,112.0,PE,7.15,7.15,6.45,6.45,8.3,2,11.28,465500,0,18-APR-2022,
OPTSTK,SAIL,28-Apr-2022,112.5,PE,7.65,7.65,6.8,6.8,8.7,2,11.37,194750,9500,18-APR-2022,
OPTSTK,SAIL,28-Apr-2022,113.0,PE,0.0,0.0,0.0,16.1,9.1,0,0.0,0,0,18-APR-2022,
OPTSTK,SAIL,28-Apr-2022,114.0,PE,0.0,0.0,0.0,16.95,9.85,0,0.0,0,0,18-APR-2022,
OPTSTK,SAIL,28-Apr-2022,115.0,PE,9.25,11.0,9.25,11.0,10.7,5,29.67,1102000,-4750,18-APR-2022,
OPTSTK,SAIL,28-Apr-2022,116.0,PE,0.0,0.0,0.0,18.6,11.55,0,0.0,0,0,18-APR-2022,
OPTSTK,SAIL,28-Apr-2022,117.0,PE,0.0,0.0,0.0,19.45,12.4,0,0.0,0,0,18-APR-2022,
OPTSTK,SAIL,28-Apr-2022,117.5,PE,0.0,0.0,0.0,24.9,12.85,0,0.0,0,0,18-APR-2022,
OPTSTK,SAIL,28-Apr-2022,118.0,PE,0.0,0.0,0.0,20.35,13.25,0,0.0,0,0,18-APR-2022,
OPTSTK,SAIL,28-Apr-2022,119.0,PE,0.0,0.0,0.0,21.2,14.15,0,0.0,0,0,18-APR-2022,
OPTSTK,SAIL,28-Apr-2022,120.0,PE,14.65,15.5,14.1,15.5,15.1,9,57.48,902500,-19000,18-APR-2022,
OPTSTK,SAIL,28-Apr-2022,121.0,PE,0.0,0.0,0.0,23.0,16.0,0,0.0,0,0,18-APR-2022,
OPTSTK,SAIL,28-Apr-2022,122.0,PE,0.0,0.0,0.0,23.9,16.95,0,0.0,0,0,18-APR-2022,
OPTSTK,SAIL,28-Apr-2022,122.5,PE,0.0,0.0,0.0,28.85,17.4,0,0.0,0,0,18-APR-2022,
OPTSTK,SAIL,28-Apr-2022,123.0,PE,0.0,0.0,0.0,24.85,17.9,0,0.0,0,0,18-APR-2022,
OPTSTK,SAIL,28-Apr-2022,124.0,PE,0.0,0.0,0.0,25.75,18.85,0,0.0,0,0,18-APR-2022,
OPTSTK,SAIL,28-Apr-2022,125.0,PE,18.3,18.3,18.15,18.15,19.8,4,27.21,190000,-14250,18-APR-2022,
OPTSTK,SAIL,28-Apr-2022,126.0,PE,0.0,0.0,0.0,27.6,20.75,0,0.0,0,0,18-APR-2022,
OPTSTK,SAIL,28-Apr-2022,127.0,PE,0.0,0.0,0.0,28.55,21.75,0,0.0,0,0,18-APR-2022,
OPTSTK,SAIL,28-Apr-2022,127.5,PE,0.0,0.0,0.0,33.0,22.25,0,0.0,0,0,18-APR-2022,
OPTSTK,SAIL,28-Apr-2022,128.0,PE,0.0,0.0,0.0,29.5,22.7,0,0.0,0,0,18-APR-2022,
OPTSTK,SAIL,28-Apr-2022,129.0,PE,0.0,0.0,0.0,30.45,23.7,0,0.0,0,0,18-APR-2022,
OPTSTK,SAIL,28-Apr-2022,130.0,PE,0.0,0.0,0.0,22.5,24.7,0,0.0,375250,0,18-APR-2022,
OPTSTK,SAIL,28-Apr-2022,131.0,PE,0.0,0.0,0.0,32.4,25.65,0,0.0,0,0,18-APR-2022,
OPTSTK,SAIL,28-Apr-2022,132.0,PE,0.0,0.0,0.0,33.35,26.65,0,0.0,0,0,18-APR-2022,
OPTSTK,SAIL,28-Apr-2022,132.5,PE,0.0,0.0,0.0,37.3,27.15,0,0.0,0,0,18-APR-2022,
OPTSTK,SAIL,28-Apr-2022,133.0,PE,0.0,0.0,0.0,34.3,27.65,0,0.0,0,0,18-APR-2022,
OPTSTK,SAIL,28-Apr-2022,134.0,PE,0.0,0.0,0.0,35.25,28.65,0,0.0,0,0,18-APR-2022,
OPTSTK,SAIL,28-Apr-2022,135.0,PE,0.0,0.0,0.0,39.5,29.65,0,0.0,0,0,18-APR-2022,
OPTSTK,SAIL,28-Apr-2022,136.0,PE,0.0,0.0,0.0,37.2,30.65,0,0.0,0,0,18-APR-2022,
OPTSTK,SAIL,28-Apr-2022,137.0,PE,0.0,0.0,0.0,38.2,31.65,0,0.0,0,0,18-APR-2022,
OPTSTK,SAIL,28-Apr-2022,137.5,PE,0.0,0.0,0.0,41.75,32.15,0,0.0,0,0,18-APR-2022,
OPTSTK,SAIL,28-Apr-2022,138.0,PE,0.0,0.0,0.0,35.65,32.6,0,0.0,0,0,18-APR-2022,
OPTSTK,SAIL,28-Apr-2022,139.0,PE,0.0,0.0,0.0,36.65,33.6,0,0.0,0,0,18-APR-2022,
OPTSTK,SAIL,28-Apr-2022,140.0,PE,0.0,0.0,0.0,40.25,34.6,0,0.0,199500,0,18-APR-2022,
OPTSTK,SAIL,28-Apr-2022,142.5,PE,0.0,0.0,0.0,46.25,37.1,0,0.0,0,0,18-APR-2022,
OPTSTK,SAIL,28-Apr-2022,145.0,PE,39.5,39.5,38.8,38.8,39.6,3,26.25,4750,-9500,18-APR-2022,
OPTSTK,SAIL,28-Apr-2022,147.5,PE,0.0,0.0,0.0,50.85,42.1,0,0.0,0,0,18-APR-2022,
OPTSTK,SAIL,26-May-2022,60.0,CE,0.0,0.0,0.0,26.7,45.55,0,0.0,0,0,18-APR-2022,
OPTSTK,SAIL,26-May-2022,62.5,CE,0.0,0.0,0.0,24.6,43.05,0,0.0,0,0,18-APR-2022,
OPTSTK,SAIL,26-May-2022,64.0,CE,0.0,0.0,0.0,35.2,41.55,0,0.0,0,0,18-APR-2022,
OPTSTK,SAIL,26-May-2022,65.0,CE,0.0,0.0,0.0,22.6,40.6,0,0.0,0,0,18-APR-2022,
OPTSTK,SAIL,26-May-2022,66.0,CE,0.0,0.0,0.0,33.3,39.6,0,0.0,0,0,18-APR-2022,
OPTSTK,SAIL,26-May-2022,67.0,CE,0.0,0.0,0.0,32.35,38.6,0,0.0,0,0,18-APR-2022,
OPTSTK,SAIL,26-May-2022,67.5,CE,0.0,0.0,0.0,20.7,38.1,0,0.0,0,0,18-APR-2022,
OPTSTK,SAIL,26-May-2022,68.0,CE,0.0,0.0,0.0,31.4,37.6,0,0.0,0,0,18-APR-2022,
OPTSTK,SAIL,26-May-2022,69.0,CE,0.0,0.0,0.0,30.5,36.65,0,0.0,0,0,18-APR-2022,
OPTSTK,SAIL,26-May-2022,70.0,CE,0.0,0.0,0.0,18.85,35.65,0,0.0,0,0,18-APR-2022,
OPTSTK,SAIL,26-May-2022,71.0,CE,0.0,0.0,0.0,28.65,34.7,0,0.0,0,0,18-APR-2022,
OPTSTK,SAIL,26-May-2022,72.0,CE,0.0,0.0,0.0,27.75,33.7,0,0.0,0,0,18-APR-2022,
OPTSTK,SAIL,26-May-2022,72.5,CE,0.0,0.0,0.0,17.15,33.25,0,0.0,0,0,18-APR-2022,
OPTSTK,SAIL,26-May-2022,73.0,CE,0.0,0.0,0.0,26.9,32.75,0,0.0,0,0,18-APR-2022,
OPTSTK,SAIL,26-May-2022,74.0,CE,0.0,0.0,0.0,26.0,31.8,0,0.0,0,0,18-APR-2022,
OPTSTK,SAIL,26-May-2022,75.0,CE,0.0,0.0,0.0,15.55,30.8,0,0.0,0,0,18-APR-2022,
OPTSTK,SAIL,26-May-2022,76.0,CE,0.0,0.0,0.0,24.3,29.85,0,0.0,0,0,18-APR-2022,
OPTSTK,SAIL,26-May-2022,77.0,CE,0.0,0.0,0.0,23.45,28.95,0,0.0,0,0,18-APR-2022,
OPTSTK,SAIL,26-May-2022,77.5,CE,0.0,0.0,0.0,14.05,28.45,0,0.0,0,0,18-APR-2022,
OPTSTK,SAIL,26-May-2022,78.0,CE,0.0,0.0,0.0,22.6,28.0,0,0.0,0,0,18-APR-2022,
OPTSTK,SAIL,26-May-2022,79.0,CE,0.0,0.0,0.0,21.8,27.05,0,0.0,0,0,18-APR-2022,
OPTSTK,SAIL,26-May-2022,80.0,CE,0.0,0.0,0.0,12.65,26.15,0,0.0,0,0,18-APR-2022,
OPTSTK,SAIL,26-May-2022,81.0,CE,0.0,0.0,0.0,20.25,25.25,0,0.0,0,0,18-APR-2022,
OPTSTK,SAIL,26-May-2022,82.0,CE,0.0,0.0,0.0,19.45,24.35,0,0.0,0,0,18-APR-2022,
OPTSTK,SAIL,26-May-2022,82.5,CE,0.0,0.0,0.0,11.35,23.9,0,0.0,0,0,18-APR-2022,
OPTSTK,SAIL,26-May-2022,83.0,CE,0.0,0.0,0.0,18.7,23.45,0,0.0,0,0,18-APR-2022,
OPTSTK,SAIL,26-May-2022,84.0,CE,0.0,0.0,0.0,18.0,22.6,0,0.0,0,0,18-APR-2022,
OPTSTK,SAIL,26-May-2022,85.0,CE,0.0,0.0,0.0,10.2,21.7,0,0.0,0,0,18-APR-2022,
OPTSTK,SAIL,26-May-2022,86.0,CE,0.0,0.0,0.0,16.6,20.85,0,0.0,0,0,18-APR-2022,
OPTSTK,SAIL,26-May-2022,87.0,CE,0.0,0.0,0.0,15.9,20.05,0,0.0,0,0,18-APR-2022,
OPTSTK,SAIL,26-May-2022,87.5,CE,0.0,0.0,0.0,9.1,19.65,0,0.0,0,0,18-APR-2022,
OPTSTK,SAIL,26-May-2022,88.0,CE,0.0,0.0,0.0,15.25,19.25,0,0.0,0,0,18-APR-2022,
OPTSTK,SAIL,26-May-2022,89.0,CE,0.0,0.0,0.0,14.6,18.45,0,0.0,0,0,18-APR-2022,
OPTSTK,SAIL,26-May-2022,90.0,CE,0.0,0.0,0.0,8.1,17.65,0,0.0,0,0,18-APR-2022,
OPTSTK,SAIL,26-May-2022,91.0,CE,0.0,0.0,0.0,13.35,16.9,0,0.0,0,0,18-APR-2022,
OPTSTK,SAIL,26-May-2022,92.0,CE,0.0,0.0,0.0,12.75,16.15,0,0.0,0,0,18-APR-2022,
OPTSTK,SAIL,26-May-2022,92.5,CE,0.0,0.0,0.0,7.2,15.75,0,0.0,0,0,18-APR-2022,
OPTSTK,SAIL,26-May-2022,93.0,CE,0.0,0.0,0.0,12.2,15.4,0,0.0,0,0,18-APR-2022,
OPTSTK,SAIL,26-May-2022,94.0,CE,0.0,0.0,0.0,11.65,14.7,0,0.0,0,0,18-APR-2022,
OPTSTK,SAIL,26-May-2022,95.0,CE,0.0,0.0,0.0,6.4,14.0,0,0.0,0,0,18-APR-2022,
OPTSTK,SAIL,26-May-2022,96.0,CE,0.0,0.0,0.0,10.6,13.35,0,0.0,0,0,18-APR-2022,
OPTSTK,SAIL,26-May-2022,97.0,CE,0.0,0.0,0.0,10.1,12.7,0,0.0,0,0,18-APR-2022,
OPTSTK,SAIL,26-May-2022,97.5,CE,0.0,0.0,0.0,5.7,12.35,0,0.0,0,0,18-APR-2022,
OPTSTK,SAIL,26-May-2022,98.0,CE,0.0,0.0,0.0,9.6,12.05,0,0.0,0,0,18-APR-2022,
OPTSTK,SAIL,26-May-2022,99.0,CE,0.0,0.0,0.0,9.15,11.45,0,0.0,0,0,18-APR-2022,
OPTSTK,SAIL,26-May-2022,100.0,CE,10.5,10.55,9.35,9.75,9.75,16,83.55,332500,28500,18-APR-2022,
OPTSTK,SAIL,26-May-2022,101.0,CE,0.0,0.0,0.0,8.3,10.3,0,0.0,0,0,18-APR-2022,
OPTSTK,SAIL,26-May-2022,102.0,CE,0.0,0.0,0.0,7.85,9.75,0,0.0,0,0,18-APR-2022,
OPTSTK,SAIL,26-May-2022,102.5,CE,0.0,0.0,0.0,4.45,9.5,0,0.0,0,0,18-APR-2022,
OPTSTK,SAIL,26-May-2022,103.0,CE,0.0,0.0,0.0,7.45,9.2,0,0.0,0,0,18-APR-2022,
OPTSTK,SAIL,26-May-2022,104.0,CE,0.0,0.0,0.0,7.1,8.7,0,0.0,0,0,18-APR-2022,
OPTSTK,SAIL,26-May-2022,105.0,CE,7.75,7.75,6.75,7.05,7.05,30,159.98,180500,90250,18-APR-2022,
OPTSTK,SAIL,26-May-2022,106.0,CE,0.0,0.0,0.0,6.4,7.75,0,0.0,0,0,18-APR-2022,
OPTSTK,SAIL,26-May-2022,107.0,CE,0.0,0.0,0.0,6.05,7.3,0,0.0,0,0,18-APR-2022,
OPTSTK,SAIL,26-May-2022,107.5,CE,0.0,0.0,0.0,3.45,7.1,0,0.0,0,0,18-APR-2022,
OPTSTK,SAIL,26-May-2022,108.0,CE,0.0,0.0,0.0,5.7,6.9,0,0.0,0,0,18-APR-2022,
OPTSTK,SAIL,26-May-2022,109.0,CE,0.0,0.0,0.0,5.4,6.5,0,0.0,0,0,18-APR-2022,
OPTSTK,SAIL,26-May-2022,110.0,CE,5.75,6.15,4.75,5.1,5.1,284,1559.11,2018750,408500,18-APR-2022,
OPTSTK,SAIL,26-May-2022,111.0,CE,0.0,0.0,0.0,4.85,5.75,0,0.0,0,0,18-APR-2022,
OPTSTK,SAIL,26-May-2022,112.0,CE,0.0,0.0,0.0,4.6,5.4,0,0.0,0,0,18-APR-2022,
OPTSTK,SAIL,26-May-2022,112.5,CE,0.0,0.0,0.0,2.65,5.2,0,0.0,0,0,18-APR-2022,
OPTSTK,SAIL,26-May-2022,113.0,CE,0.0,0.0,0.0,4.35,5.05,0,0.0,0,0,18-APR-2022,
OPTSTK,SAIL,26-May-2022,114.0,CE,0.0,0.0,0.0,4.1,4.75,0,0.0,0,0,18-APR-2022,
OPTSTK,SAIL,26-May-2022,115.0,CE,4.2,4.3,3.4,3.65,3.65,21,118.49,266000,9500,18-APR-2022,
OPTSTK,SAIL,26-May-2022,116.0,CE,0.0,0.0,0.0,3.65,4.15,0,0.0,0,0,18-APR-2022,
OPTSTK,SAIL,26-May-2022,117.0,CE,0.0,0.0,0.0,3.45,3.85,0,0.0,0,0,18-APR-2022,
OPTSTK,SAIL,26-May-2022,117.5,CE,0.0,0.0,0.0,2.05,3.75,0,0.0,0,0,18-APR-2022,
OPTSTK,SAIL,26-May-2022,118.0,CE,0.0,0.0,0.0,3.25,3.6,0,0.0,0,0,18-APR-2022,
OPTSTK,SAIL,26-May-2022,119.0,CE,0.0,0.0,0.0,3.05,3.4,0,0.0,0,0,18-APR-2022,
OPTSTK,SAIL,26-May-2022,120.0,CE,2.8,3.2,2.35,2.4,2.4,43,250.73,560500,85500,18-APR-2022,
OPTSTK,SAIL,26-May-2022,121.0,CE,0.0,0.0,0.0,2.7,2.95,0,0.0,0,0,18-APR-2022,
OPTSTK,SAIL,26-May-2022,122.0,CE,0.0,0.0,0.0,2.55,2.75,0,0.0,0,0,18-APR-2022,
OPTSTK,SAIL,26-May-2022,122.5,CE,0.0,0.0,0.0,1.55,2.65,0,0.0,0,0,18-APR-2022,
OPTSTK,SAIL,26-May-2022,123.0,CE,0.0,0.0,0.0,2.4,2.55,0,0.0,0,0,18-APR-2022,
OPTSTK,SAIL,26-May-2022,124.0,CE,0.0,0.0,0.0,2.25,2.35,0,0.0,0,0,18-APR-2022,
OPTSTK,SAIL,26-May-2022,125.0,CE,1.75,1.75,1.75,1.75,2.2,2,12.04,76000,9500,18-APR-2022,
OPTSTK,SAIL,26-May-2022,126.0,CE,0.0,0.0,0.0,2.0,2.05,0,0.0,0,0,18-APR-2022,
OPTSTK,SAIL,26-May-2022,127.0,CE,0.0,0.0,0.0,1.9,1.9,0,0.0,0,0,18-APR-2022,
OPTSTK,SAIL,26-May-2022,127.5,CE,0.0,0.0,0.0,1.2,1.85,0,0.0,0,0,18-APR-2022,
OPTSTK,SAIL,26-May-2022,128.0,CE,0.0,0.0,0.0,1.75,1.75,0,0.0,0,0,18-APR-2022,
OPTSTK,SAIL,26-May-2022,129.0,CE,0.0,0.0,0.0,1.65,1.65,0,0.0,0,0,18-APR-2022,
OPTSTK,SAIL,26-May-2022,130.0,CE,1.5,1.5,1.3,1.3,1.3,14,87.36,171000,38000,18-APR-2022,
OPTSTK,SAIL,26-May-2022,131.0,CE,0.0,0.0,0.0,1.45,1.4,0,0.0,0,0,18-APR-2022,
OPTSTK,SAIL,26-May-2022,132.0,CE,0.0,0.0,0.0,1.35,1.3,0,0.0,0,0,18-APR-2022,
OPTSTK,SAIL,26-May-2022,132.5,CE,0.0,0.0,0.0,0.9,1.25,0,0.0,0,0,18-APR-2022,
OPTSTK,SAIL,26-May-2022,133.0,CE,0.0,0.0,0.0,1.3,1.2,0,0.0,0,0,18-APR-2022,
OPTSTK,SAIL,26-May-2022,134.0,CE,0.0,0.0,0.0,1.2,1.1,0,0.0,0,0,18-APR-2022,
OPTSTK,SAIL,26-May-2022,135.0,CE,0.85,0.85,0.85,0.85,1.05,2,12.9,9500,9500,18-APR-2022,
OPTSTK,SAIL,26-May-2022,60.0,PE,0.0,0.0,0.0,0.1,0.05,0,0.0,0,0,18-APR-2022,
OPTSTK,SAIL,26-May-2022,62.5,PE,0.0,0.0,0.0,1.45,0.05,0,0.0,0,0,18-APR-2022,
OPTSTK,SAIL,26-May-2022,64.0,PE,0.0,0.0,0.0,0.2,0.05,0,0.0,0,0,18-APR-2022,
OPTSTK,SAIL,26-May-2022,65.0,PE,0.0,0.0,0.0,1.9,0.05,0,0.0,0,0,18-APR-2022,
OPTSTK,SAIL,26-May-2022,66.0,PE,0.0,0.0,0.0,0.3,0.05,0,0.0,0,0,18-APR-2022,
OPTSTK,SAIL,26-May-2022,67.0,PE,0.0,0.0,0.0,0.35,0.05,0,0.0,0,0,18-APR-2022,
OPTSTK,SAIL,26-May-2022,67.5,PE,0.0,0.0,0.0,2.45,0.05,0,0.0,0,0,18-APR-2022,
OPTSTK,SAIL,26-May-2022,68.0,PE,0.0,0.0,0.0,0.4,0.05,0,0.0,0,0,18-APR-2022,
OPTSTK,SAIL,26-May-2022,69.0,PE,0.0,0.0,0.0,0.5,0.1,0,0.0,0,0,18-APR-2022,
OPTSTK,SAIL,26-May-2022,70.0,PE,0.0,0.0,0.0,3.15,0.1,0,0.0,0,0,18-APR-2022,
OPTSTK,SAIL,26-May-2022,71.0,PE,0.0,0.0,0.0,0.65,0.1,0,0.0,0,0,18-APR-2022,
OPTSTK,SAIL,26-May-2022,72.0,PE,0.0,0.0,0.0,0.75,0.15,0,0.0,0,0,18-APR-2022,
OPTSTK,SAIL,26-May-2022,72.5,PE,0.0,0.0,0.0,3.9,0.15,0,0.0,0,0,18-APR-2022,
OPTSTK,SAIL,26-May-2022,73.0,PE,0.0,0.0,0.0,0.85,0.15,0,0.0,0,0,18-APR-2022,
OPTSTK,SAIL,26-May-2022,74.0,PE,0.0,0.0,0.0,0.95,0.2,0,0.0,0,0,18-APR-2022,
OPTSTK,SAIL,26-May-2022,75.0,PE,0.0,0.0,0.0,4.75,0.25,0,0.0,0,0,18-APR-2022,
OPTSTK,SAIL,26-May-2022,76.0,PE,0.0,0.0,0.0,1.25,0.3,0,0.0,0,0,18-APR-2022,
OPTSTK,SAIL,26-May-2022,77.0,PE,0.0,0.0,0.0,1.4,0.35,0,0.0,0,0,18-APR-2022,
OPTSTK,SAIL,26-May-2022,77.5,PE,0.0,0.0,0.0,5.75,0.35,0,0.0,0,0,18-APR-2022,
OPTSTK,SAIL,26-May-2022,78.0,PE,0.0,0.0,0.0,1.55,0.4,0,0.0,0,0,18-APR-2022,
OPTSTK,SAIL,26-May-2022,79.0,PE,0.0,0.0,0.0,1.75,0.45,0,0.0,0,0,18-APR-2022,
OPTSTK,SAIL,26-May-2022,80.0,PE,0.0,0.0,0.0,6.8,0.55,0,0.0,0,0,18-APR-2022,
OPTSTK,SAIL,26-May-2022,81.0,PE,0.0,0.0,0.0,2.15,0.65,0,0.0,0,0,18-APR-2022,
OPTSTK,SAIL,26-May-2022,82.0,PE,0.0,0.0,0.0,2.4,0.75,0,0.0,0,0,18-APR-2022,
OPTSTK,SAIL,26-May-2022,82.5,PE,0.0,0.0,0.0,8.0,0.8,0,0.0,0,0,18-APR-2022,
OPTSTK,SAIL,26-May-2022,83.0,PE,0.0,0.0,0.0,2.65,0.85,0,0.0,0,0,18-APR-2022,
OPTSTK,SAIL,26-May-2022,84.0,PE,0.0,0.0,0.0,2.9,0.95,0,0.0,0,0,18-APR-2022,
OPTSTK,SAIL,26-May-2022,85.0,PE,0.0,0.0,0.0,9.3,1.1,0,0.0,0,0,18-APR-2022,
OPTSTK,SAIL,26-May-2022,86.0,PE,0.0,0.0,0.0,3.45,1.25,0,0.0,0,0,18-APR-2022,
OPTSTK,SAIL,26-May-2022,87.0,PE,0.0,0.0,0.0,3.8,1.4,0,0.0,0,0,18-APR-2022,
OPTSTK,SAIL,26-May-2022,87.5,PE,0.0,0.0,0.0,3.6,1.5,0,0.0,0,0,18-APR-2022,
OPTSTK,SAIL,26-May-2022,88.0,PE,0.0,0.0,0.0,4.1,1.6,0,0.0,0,0,18-APR-2022,
OPTSTK,SAIL,26-May-2022,89.0,PE,0.0,0.0,0.0,4.45,1.8,0,0.0,0,0,18-APR-2022,
OPTSTK,SAIL,26-May-2022,90.0,PE,1.1,1.3,1.05,1.25,1.25,13,56.33,95000,47500,18-APR-2022,
OPTSTK,SAIL,26-May-2022,91.0,PE,0.0,0.0,0.0,5.2,2.25,0,0.0,0,0,18-APR-2022,
OPTSTK,SAIL,26-May-2022,92.0,PE,0.0,0.0,0.0,5.6,2.5,0,0.0,0,0,18-APR-2022,
OPTSTK,SAIL,26-May-2022,92.5,PE,0.0,0.0,0.0,13.75,2.6,0,0.0,0,0,18-APR-2022,
OPTSTK,SAIL,26-May-2022,93.0,PE,0.0,0.0,0.0,6.05,2.75,0,0.0,0,0,18-APR-2022,
OPTSTK,SAIL,26-May-2022,94.0,PE,0.0,0.0,0.0,6.5,3.05,0,0.0,0,0,18-APR-2022,
OPTSTK,SAIL,26-May-2022,95.0,PE,2.3,2.45,2.05,2.05,2.05,23,106.2,337250,76000,18-APR-2022,
OPTSTK,SAIL,26-May-2022,96.0,PE,0.0,0.0,0.0,7.4,3.65,0,0.0,0,0,18-APR-2022,
OPTSTK,SAIL,26-May-2022,97.0,PE,0.0,0.0,0.0,7.9,4.0,0,0.0,0,0,18-APR-2022,
OPTSTK,SAIL,26-May-2022,97.5,PE,0.0,0.0,0.0,17.15,4.2,0,0.0,0,0,18-APR-2022,
OPTSTK,SAIL,26-May-2022,98.0,PE,0.0,0.0,0.0,8.45,4.35,0,0.0,0,0,18-APR-2022,
OPTSTK,SAIL,26-May-2022,99.0,PE,0.0,0.0,0.0,8.95,4.75,0,0.0,0,0,18-APR-2022,
OPTSTK,SAIL,26-May-2022,100.0,PE,3.95,4.15,3.5,3.75,3.75,39,192.33,522500,104500,18-APR-2022,
OPTSTK,SAIL,26-May-2022,101.0,PE,0.0,0.0,0.0,10.05,5.6,0,0.0,0,0,18-APR-2022,
OPTSTK,SAIL,26-May-2022,102.0,PE,0.0,0.0,0.0,10.65,6.05,0,0.0,0,0,18-APR-2022,
OPTSTK,SAIL,26-May-2022,102.5,PE,0.0,0.0,0.0,20.85,6.3,0,0.0,0,0,18-APR-2022,
OPTSTK,SAIL,26-May-2022,103.0,PE,0.0,0.0,0.0,11.25,6.5,0,0.0,0,0,18-APR-2022,
OPTSTK,SAIL,26-May-2022,104.0,PE,0.0,0.0,0.0,11.85,7.0,0,0.0,0,0,18-APR-2022,
OPTSTK,SAIL,26-May-2022,105.0,PE,6.05,6.45,5.35,6.1,6.1,15,79.0,204250,-19000,18-APR-2022,
OPTSTK,SAIL,26-May-2022,106.0,PE,0.0,0.0,0.0,13.15,8.05,0,0.0,0,0,18-APR-2022,
OPTSTK,SAIL,26-May-2022,107.0,PE,0.0,0.0,0.0,6.0,8.6,0,0.0,4750,0,18-APR-2022,
OPTSTK,SAIL,26-May-2022,107.5,PE,0.0,0.0,0.0,24.85,8.9,0,0.0,0,0,18-APR-2022,
OPTSTK,SAIL,26-May-2022,108.0,PE,0.0,0.0,0.0,14.45,9.15,0,0.0,0,0,18-APR-2022,
OPTSTK,SAIL,26-May-2022,109.0,PE,0.0,0.0,0.0,15.15,9.75,0,0.0,0,0,18-APR-2022,
OPTSTK,SAIL,26-May-2022,110.0,PE,9.6,9.6,8.5,8.95,10.35,9,50.9,175750,9500,18-APR-2022,
OPTSTK,SAIL,26-May-2022,111.0,PE,0.0,0.0,0.0,16.6,11.0,0,0.0,0,0,18-APR-2022,
OPTSTK,SAIL,26-May-2022,112.0,PE,0.0,0.0,0.0,17.3,11.65,0,0.0,0,0,18-APR-2022,
OPTSTK,SAIL,26-May-2022,112.5,PE,0.0,0.0,0.0,29.0,11.95,0,0.0,0,0,18-APR-2022,
OPTSTK,SAIL,26-May-2022,113.0,PE,0.0,0.0,0.0,18.05,12.3,0,0.0,0,0,18-APR-2022,
OPTSTK,SAIL,26-May-2022,114.0,PE,0.0,0.0,0.0,18.8,12.95,0,0.0,0,0,18-APR-2022,
OPTSTK,SAIL,26-May-2022,115.0,PE,0.0,0.0,0.0,9.0,13.65,0,0.0,9500,0,18-APR-2022,
OPTSTK,SAIL,26-May-2022,116.0,PE,0.0,0.0,0.0,20.35,14.4,0,0.0,0,0,18-APR-2022,
OPTSTK,SAIL,26-May-2022,117.0,PE,0.0,0.0,0.0,21.15,15.1,0,0.0,0,0,18-APR-2022,
OPTSTK,SAIL,26-May-2022,117.5,PE,0.0,0.0,0.0,33.3,15.45,0,0.0,0,0,18-APR-2022,
OPTSTK,SAIL,26-May-2022,118.0,PE,0.0,0.0,0.0,21.95,15.85,0,0.0,0,0,18-APR-2022,
OPTSTK,SAIL,26-May-2022,119.0,PE,0.0,0.0,0.0,22.75,16.6,0,0.0,0,0,18-APR-2022,
OPTSTK,SAIL,26-May-2022,120.0,PE,16.5,16.5,16.5,16.5,17.4,1,6.48,4750,4750,18-APR-2022,
OPTSTK,SAIL,26-May-2022,121.0,PE,0.0,0.0,0.0,24.4,18.15,0,0.0,0,0,18-APR-2022,
OPTSTK,SAIL,26-May-2022,122.0,PE,0.0,0.0,0.0,25.2,18.95,0,0.0,0,0,18-APR-2022,
OPTSTK,SAIL,26-May-2022,122.5,PE,0.0,0.0,0.0,37.8,19.35,0,0.0,0,0,18-APR-2022,
OPTSTK,SAIL,26-May-2022,123.0,PE,0.0,0.0,0.0,26.05,19.75,0,0.0,0,0,18-APR-2022,
OPTSTK,SAIL,26-May-2022,124.0,PE,0.0,0.0,0.0,26.9,20.6,0,0.0,0,0,18-APR-2022,
OPTSTK,SAIL,26-May-2022,125.0,PE,20.0,20.0,20.0,20.0,21.4,1,6.88,9500,4750,18-APR-2022,
OPTSTK,SAIL,26-May-2022,126.0,PE,0.0,0.0,0.0,28.65,22.25,0,0.0,0,0,18-APR-2022,
OPTSTK,SAIL,26-May-2022,127.0,PE,0.0,0.0,0.0,29.5,23.1,0,0.0,0,0,18-APR-2022,
OPTSTK,SAIL,26-May-2022,127.5,PE,0.0,0.0,0.0,42.35,23.5,0,0.0,0,0,18-APR-2022,
OPTSTK,SAIL,26-May-2022,128.0,PE,0.0,0.0,0.0,30.4,23.95,0,0.0,0,0,18-APR-2022,
OPTSTK,SAIL,26-May-2022,129.0,PE,0.0,0.0,0.0,31.25,24.8,0,0.0,0,0,18-APR-2022,
OPTSTK,SAIL,26-May-2022,130.0,PE,0.0,0.0,0.0,44.7,25.7,0,0.0,0,0,18-APR-2022,
OPTSTK,SAIL,26-May-2022,131.0,PE,0.0,0.0,0.0,33.05,26.6,0,0.0,0,0,18-APR-2022,
OPTSTK,SAIL,26-May-2022,132.0,PE,0.0,0.0,0.0,33.95,27.45,0,0.0,0,0,18-APR-2022,
OPTSTK,SAIL,26-May-2022,132.5,PE,0.0,0.0,0.0,47.05,27.9,0,0.0,0,0,18-APR-2022,
OPTSTK,SAIL,26-May-2022,133.0,PE,0.0,0.0,0.0,34.9,28.35,0,0.0,0,0,18-APR-2022,
OPTSTK,SAIL,26-May-2022,134.0,PE,0.0,0.0,0.0,35.8,29.3,0,0.0,0,0,18-APR-2022,
OPTSTK,SAIL,26-May-2022,135.0,PE,28.5,28.5,28.5,28.5,30.2,2,15.53,9500,9500,18-APR-2022,
OPTSTK,SAIL,30-Jun-2022,61.0,CE,0.0,0.0,0.0,38.65,44.9,0,0.0,0,0,18-APR-2022,
OPTSTK,SAIL,30-Jun-2022,62.0,CE,0.0,0.0,0.0,37.75,43.95,0,0.0,0,0,18-APR-2022,
OPTSTK,SAIL,30-Jun-2022,63.0,CE,0.0,0.0,0.0,36.8,43.0,0,0.0,0,0,18-APR-2022,
OPTSTK,SAIL,30-Jun-2022,64.0,CE,0.0,0.0,0.0,35.9,42.0,0,0.0,0,0,18-APR-2022,
OPTSTK,SAIL,30-Jun-2022,65.0,CE,0.0,0.0,0.0,35.0,41.05,0,0.0,0,0,18-APR-2022,
OPTSTK,SAIL,30-Jun-2022,66.0,CE,0.0,0.0,0.0,34.15,40.1,0,0.0,0,0,18-APR-2022,
OPTSTK,SAIL,30-Jun-2022,67.0,CE,0.0,0.0,0.0,33.25,39.15,0,0.0,0,0,18-APR-2022,
OPTSTK,SAIL,30-Jun-2022,68.0,CE,0.0,0.0,0.0,32.35,38.25,0,0.0,0,0,18-APR-2022,
OPTSTK,SAIL,30-Jun-2022,69.0,CE,0.0,0.0,0.0,31.5,37.3,0,0.0,0,0,18-APR-2022,
OPTSTK,SAIL,30-Jun-2022,70.0,CE,0.0,0.0,0.0,30.65,36.4,0,0.0,0,0,18-APR-2022,
OPTSTK,SAIL,30-Jun-2022,71.0,CE,0.0,0.0,0.0,29.8,35.45,0,0.0,0,0,18-APR-2022,
OPTSTK,SAIL,30-Jun-2022,72.0,CE,0.0,0.0,0.0,29.0,34.55,0,0.0,0,0,18-APR-2022,
OPTSTK,SAIL,30-Jun-2022,73.0,CE,0.0,0.0,0.0,28.2,33.65,0,0.0,0,0,18-APR-2022,
OPTSTK,SAIL,30-Jun-2022,74.0,CE,0.0,0.0,0.0,27.4,32.75,0,0.0,0,0,18-APR-2022,
OPTSTK,SAIL,30-Jun-2022,75.0,CE,0.0,0.0,0.0,26.6,31.9,0,0.0,0,0,18-APR-2022,
OPTSTK,SAIL,30-Jun-2022,76.0,CE,0.0,0.0,0.0,25.8,31.0,0,0.0,0,0,18-APR-2022,
OPTSTK,SAIL,30-Jun-2022,77.0,CE,0.0,0.0,0.0,25.05,30.15,0,0.0,0,0,18-APR-2022,
OPTSTK,SAIL,30-Jun-2022,78.0,CE,0.0,0.0,0.0,24.3,29.3,0,0.0,0,0,18-APR-2022,
OPTSTK,SAIL,30-Jun-2022,79.0,CE,0.0,0.0,0.0,23.55,28.45,0,0.0,0,0,18-APR-2022,
OPTSTK,SAIL,30-Jun-2022,80.0,CE,0.0,0.0,0.0,22.85,27.6,0,0.0,0,0,18-APR-2022,
OPTSTK,SAIL,30-Jun-2022,81.0,CE,0.0,0.0,0.0,22.1,26.8,0,0.0,0,0,18-APR-2022,
OPTSTK,SAIL,30-Jun-2022,82.0,CE,0.0,0.0,0.0,21.4,26.0,0,0.0,0,0,18-APR-2022,
OPTSTK,SAIL,30-Jun-2022,83.0,CE,0.0,0.0,0.0,20.75,25.2,0,0.0,0,0,18-APR-2022,
OPTSTK,SAIL,30-Jun-2022,84.0,CE,0.0,0.0,0.0,20.05,24.4,0,0.0,0,0,18-APR-2022,
OPTSTK,SAIL,30-Jun-2022,85.0,CE,0.0,0.0,0.0,19.4,23.65,0,0.0,0,0,18-APR-2022,
OPTSTK,SAIL,30-Jun-2022,86.0,CE,0.0,0.0,0.0,18.75,22.9,0,0.0,0,0,18-APR-2022,
OPTSTK,SAIL,30-Jun-2022,87.0,CE,0.0,0.0,0.0,18.15,22.15,0,0.0,0,0,18-APR-2022,
OPTSTK,SAIL,30-Jun-2022,88.0,CE,0.0,0.0,0.0,17.55,21.45,0,0.0,0,0,18-APR-2022,
OPTSTK,SAIL,30-Jun-2022,89.0,CE,0.0,0.0,0.0,16.95,20.75,0,0.0,0,0,18-APR-2022,
OPTSTK,SAIL,30-Jun-2022,90.0,CE,0.0,0.0,0.0,16.35,20.05,0,0.0,0,0,18-APR-2022,
OPTSTK,SAIL,30-Jun-2022,91.0,CE,0.0,0.0,0.0,15.8,19.35,0,0.0,0,0,18-APR-2022,
OPTSTK,SAIL,30-Jun-2022,92.0,CE,0.0,0.0,0.0,15.25,18.7,0,0.0,0,0,18-APR-2022,
OPTSTK,SAIL,30-Jun-2022,93.0,CE,0.0,0.0,0.0,14.7,18.05,0,0.0,0,0,18-APR-2022,
OPTSTK,SAIL,30-Jun-2022,94.0,CE,0.0,0.0,0.0,14.2,17.4,0,0.0,0,0,18-APR-2022,
OPTSTK,SAIL,30-Jun-2022,95.0,CE,0.0,0.0,0.0,13.7,16.8,0,0.0,0,0,18-APR-2022,
OPTSTK,SAIL,30-Jun-2022,96.0,CE,0.0,0.0,0.0,13.2,16.2,0,0.0,0,0,18-APR-2022,
OPTSTK,SAIL,30-Jun-2022,97.0,CE,0.0,0.0,0.0,12.7,15.6,0,0.0,0,0,18-APR-2022,
OPTSTK,SAIL,30-Jun-2022,98.0,CE,0.0,0.0,0.0,12.25,15.05,0,0.0,0,0,18-APR-2022,
OPTSTK,SAIL,30-Jun-2022,99.0,CE,0.0,0.0,0.0,11.8,14.45,0,0.0,0,0,18-APR-2022,
OPTSTK,SAIL,30-Jun-2022,100.0,CE,0.0,0.0,0.0,11.35,13.95,0,0.0,0,0,18-APR-2022,
OPTSTK,SAIL,30-Jun-2022,101.0,CE,0.0,0.0,0.0,10.95,13.4,0,0.0,0,0,18-APR-2022,
OPTSTK,SAIL,30-Jun-2022,102.0,CE,0.0,0.0,0.0,10.5,12.9,0,0.0,0,0,18-APR-2022,
OPTSTK,SAIL,30-Jun-2022,103.0,CE,0.0,0.0,0.0,10.1,12.4,0,0.0,0,0,18-APR-2022,
OPTSTK,SAIL,30-Jun-2022,104.0,CE,0.0,0.0,0.0,9.75,11.9,0,0.0,0,0,18-APR-2022,
OPTSTK,SAIL,30-Jun-2022,105.0,CE,0.0,0.0,0.0,9.35,11.45,0,0.0,0,0,18-APR-2022,
OPTSTK,SAIL,30-Jun-2022,106.0,CE,0.0,0.0,0.0,9.0,11.0,0,0.0,0,0,18-APR-2022,
OPTSTK,SAIL,30-Jun-2022,107.0,CE,0.0,0.0,0.0,8.65,10.55,0,0.0,0,0,18-APR-2022,
OPTSTK,SAIL,30-Jun-2022,108.0,CE,0.0,0.0,0.0,8.3,10.1,0,0.0,0,0,18-APR-2022,
OPTSTK,SAIL,30-Jun-2022,109.0,CE,0.0,0.0,0.0,8.0,9.7,0,0.0,0,0,18-APR-2022,
OPTSTK,SAIL,30-Jun-2022,110.0,CE,0.0,0.0,0.0,7.65,9.3,0,0.0,0,0,18-APR-2022,
OPTSTK,SAIL,30-Jun-2022,111.0,CE,0.0,0.0,0.0,7.35,8.9,0,0.0,0,0,18-APR-2022,
OPTSTK,SAIL,30-Jun-2022,112.0,CE,0.0,0.0,0.0,7.05,8.55,0,0.0,0,0,18-APR-2022,
OPTSTK,SAIL,30-Jun-2022,113.0,CE,0.0,0.0,0.0,6.8,8.2,0,0.0,0,0,18-APR-2022,
OPTSTK,SAIL,30-Jun-2022,114.0,CE,0.0,0.0,0.0,6.5,7.85,0,0.0,0,0,18-APR-2022,
OPTSTK,SAIL,30-Jun-2022,115.0,CE,0.0,0.0,0.0,6.25,7.5,0,0.0,0,0,18-APR-2022,
OPTSTK,SAIL,30-Jun-2022,116.0,CE,0.0,0.0,0.0,6.0,7.2,0,0.0,0,0,18-APR-2022,
OPTSTK,SAIL,30-Jun-2022,117.0,CE,0.0,0.0,0.0,5.75,6.9,0,0.0,0,0,18-APR-2022,
OPTSTK,SAIL,30-Jun-2022,118.0,CE,0.0,0.0,0.0,5.5,6.6,0,0.0,0,0,18-APR-2022,
OPTSTK,SAIL,30-Jun-2022,119.0,CE,0.0,0.0,0.0,5.3,6.3,0,0.0,0,0,18-APR-2022,
OPTSTK,SAIL,30-Jun-2022,120.0,CE,0.0,0.0,0.0,5.05,6.0,0,0.0,0,0,18-APR-2022,
OPTSTK,SAIL,30-Jun-2022,121.0,CE,0.0,0.0,0.0,4.85,5.75,0,0.0,0,0,18-APR-2022,
OPTSTK,SAIL,30-Jun-2022,122.0,CE,0.0,0.0,0.0,4.65,5.5,0,0.0,0,0,18-APR-2022,
OPTSTK,SAIL,30-Jun-2022,123.0,CE,0.0,0.0,0.0,4.45,5.25,0,0.0,0,0,18-APR-2022,
OPTSTK,SAIL,30-Jun-2022,124.0,CE,0.0,0.0,0.0,4.25,5.0,0,0.0,0,0,18-APR-2022,
OPTSTK,SAIL,30-Jun-2022,125.0,CE,0.0,0.0,0.0,4.1,4.8,0,0.0,0,0,18-APR-2022,
OPTSTK,SAIL,30-Jun-2022,126.0,CE,0.0,0.0,0.0,3.9,4.6,0,0.0,0,0,18-APR-2022,
OPTSTK,SAIL,30-Jun-2022,127.0,CE,0.0,0.0,0.0,3.75,4.35,0,0.0,0,0,18-APR-2022,
OPTSTK,SAIL,30-Jun-2022,128.0,CE,0.0,0.0,0.0,3.6,4.15,0,0.0,0,0,18-APR-2022,
OPTSTK,SAIL,30-Jun-2022,129.0,CE,0.0,0.0,0.0,3.45,4.0,0,0.0,0,0,18-APR-2022,
OPTSTK,SAIL,30-Jun-2022,130.0,CE,0.0,0.0,0.0,3.3,3.8,0,0.0,0,0,18-APR-2022,
OPTSTK,SAIL,30-Jun-2022,131.0,CE,0.0,0.0,0.0,3.15,3.6,0,0.0,0,0,18-APR-2022,
OPTSTK,SAIL,30-Jun-2022,132.0,CE,0.0,0.0,0.0,3.0,3.45,0,0.0,0,0,18-APR-2022,
OPTSTK,SAIL,30-Jun-2022,133.0,CE,0.0,0.0,0.0,2.9,3.3,0,0.0,0,0,18-APR-2022,
OPTSTK,SAIL,30-Jun-2022,134.0,CE,0.0,0.0,0.0,2.75,3.15,0,0.0,0,0,18-APR-2022,
OPTSTK,SAIL,30-Jun-2022,135.0,CE,0.0,0.0,0.0,2.65,3.0,0,0.0,0,0,18-APR-2022,
OPTSTK,SAIL,30-Jun-2022,61.0,PE,0.0,0.0,0.0,0.45,0.15,0,0.0,0,0,18-APR-2022,
OPTSTK,SAIL,30-Jun-2022,62.0,PE,0.0,0.0,0.0,0.55,0.15,0,0.0,0,0,18-APR-2022,
OPTSTK,SAIL,30-Jun-2022,63.0,PE,0.0,0.0,0.0,0.6,0.2,0,0.0,0,0,18-APR-2022,
OPTSTK,SAIL,30-Jun-2022,64.0,PE,0.0,0.0,0.0,0.7,0.25,0,0.0,0,0,18-APR-2022,
OPTSTK,SAIL,30-Jun-2022,65.0,PE,0.0,0.0,0.0,0.8,0.25,0,0.0,0,0,18-APR-2022,
OPTSTK,SAIL,30-Jun-2022,66.0,PE,0.0,0.0,0.0,0.9,0.3,0,0.0,0,0,18-APR-2022,
OPTSTK,SAIL,30-Jun-2022,67.0,PE,0.0,0.0,0.0,1.0,0.35,0,0.0,0,0,18-APR-2022,
OPTSTK,SAIL,30-Jun-2022,68.0,PE,0.0,0.0,0.0,1.1,0.4,0,0.0,0,0,18-APR-2022,
OPTSTK,SAIL,30-Jun-2022,69.0,PE,0.0,0.0,0.0,1.25,0.45,0,0.0,0,0,18-APR-2022,
OPTSTK,SAIL,30-Jun-2022,70.0,PE,0.0,0.0,0.0,1.4,0.55,0,0.0,0,0,18-APR-2022,
OPTSTK,SAIL,30-Jun-2022,71.0,PE,0.0,0.0,0.0,1.55,0.6,0,0.0,0,0,18-APR-2022,
OPTSTK,SAIL,30-Jun-2022,72.0,PE,0.0,0.0,0.0,1.7,0.7,0,0.0,0,0,18-APR-2022,
OPTSTK,SAIL,30-Jun-2022,73.0,PE,0.0,0.0,0.0,1.85,0.8,0,0.0,0,0,18-APR-2022,
OPTSTK,SAIL,30-Jun-2022,74.0,PE,0.0,0.0,0.0,2.05,0.9,0,0.0,0,0,18-APR-2022,
OPTSTK,SAIL,30-Jun-2022,75.0,PE,0.0,0.0,0.0,2.25,1.0,0,0.0,0,0,18-APR-2022,
OPTSTK,SAIL,30-Jun-2022,76.0,PE,0.0,0.0,0.0,2.45,1.1,0,0.0,0,0,18-APR-2022,
OPTSTK,SAIL,30-Jun-2022,77.0,PE,0.0,0.0,0.0,2.7,1.25,0,0.0,0,0,18-APR-2022,
OPTSTK,SAIL,30-Jun-2022,78.0,PE,0.0,0.0,0.0,2.9,1.4,0,0.0,0,0,18-APR-2022,
OPTSTK,SAIL,30-Jun-2022,79.0,PE,0.0,0.0,0.0,3.15,1.55,0,0.0,0,0,18-APR-2022,
OPTSTK,SAIL,30-Jun-2022,80.0,PE,0.0,0.0,0.0,3.45,1.7,0,0.0,0,0,18-APR-2022,
OPTSTK,SAIL,30-Jun-2022,81.0,PE,0.0,0.0,0.0,3.7,1.85,0,0.0,0,0,18-APR-2022,
OPTSTK,SAIL,30-Jun-2022,82.0,PE,0.0,0.0,0.0,4.0,2.05,0,0.0,0,0,18-APR-2022,
OPTSTK,SAIL,30-Jun-2022,83.0,PE,0.0,0.0,0.0,4.3,2.25,0,0.0,0,0,18-APR-2022,
OPTSTK,SAIL,30-Jun-2022,84.0,PE,0.0,0.0,0.0,4.65,2.45,0,0.0,0,0,18-APR-2022,
OPTSTK,SAIL,30-Jun-2022,85.0,PE,0.0,0.0,0.0,4.95,2.7,0,0.0,0,0,18-APR-2022,
OPTSTK,SAIL,30-Jun-2022,86.0,PE,0.0,0.0,0.0,5.3,2.95,0,0.0,0,0,18-APR-2022,
OPTSTK,SAIL,30-Jun-2022,87.0,PE,0.0,0.0,0.0,5.7,3.2,0,0.0,0,0,18-APR-2022,
OPTSTK,SAIL,30-Jun-2022,88.0,PE,0.0,0.0,0.0,6.05,3.45,0,0.0,0,0,18-APR-2022,
OPTSTK,SAIL,30-Jun-2022,89.0,PE,0.0,0.0,0.0,6.45,3.75,0,0.0,0,0,18-APR-2022,
OPTSTK,SAIL,30-Jun-2022,90.0,PE,0.0,0.0,0.0,6.85,4.05,0,0.0,0,0,18-APR-2022,
OPTSTK,SAIL,30-Jun-2022,91.0,PE,0.0,0.0,0.0,7.3,4.35,0,0.0,0,0,18-APR-2022,
OPTSTK,SAIL,30-Jun-2022,92.0,PE,0.0,0.0,0.0,7.75,4.65,0,0.0,0,0,18-APR-2022,
OPTSTK,SAIL,30-Jun-2022,93.0,PE,0.0,0.0,0.0,8.2,5.0,0,0.0,0,0,18-APR-2022,
OPTSTK,SAIL,30-Jun-2022,94.0,PE,0.0,0.0,0.0,8.65,5.35,0,0.0,0,0,18-APR-2022,
OPTSTK,SAIL,30-Jun-2022,95.0,PE,0.0,0.0,0.0,9.15,5.75,0,0.0,0,0,18-APR-2022,
OPTSTK,SAIL,30-Jun-2022,96.0,PE,0.0,0.0,0.0,9.65,6.1,0,0.0,0,0,18-APR-2022,
OPTSTK,SAIL,30-Jun-2022,97.0,PE,0.0,0.0,0.0,10.15,6.55,0,0.0,0,0,18-APR-2022,
OPTSTK,SAIL,30-Jun-2022,98.0,PE,0.0,0.0,0.0,10.65,6.95,0,0.0,0,0,18-APR-2022,
OPTSTK,SAIL,30-Jun-2022,99.0,PE,0.0,0.0,0.0,11.2,7.4,0,0.0,0,0,18-APR-2022,
OPTSTK,SAIL,30-Jun-2022,100.0,PE,0.0,0.0,0.0,11.75,7.85,0,0.0,0,0,18-APR-2022,
OPTSTK,SAIL,30-Jun-2022,101.0,PE,0.0,0.0,0.0,12.3,8.3,0,0.0,0,0,18-APR-2022,
OPTSTK,SAIL,30-Jun-2022,102.0,PE,0.0,0.0,0.0,12.9,8.75,0,0.0,0,0,18-APR-2022,
OPTSTK,SAIL,30-Jun-2022,103.0,PE,0.0,0.0,0.0,13.5,9.25,0,0.0,0,0,18-APR-2022,
OPTSTK,SAIL,30-Jun-2022,104.0,PE,0.0,0.0,0.0,14.1,9.8,0,0.0,0,0,18-APR-2022,
OPTSTK,SAIL,30-Jun-2022,105.0,PE,0.0,0.0,0.0,14.7,10.3,0,0.0,0,0,18-APR-2022,
OPTSTK,SAIL,30-Jun-2022,106.0,PE,0.0,0.0,0.0,15.35,10.85,0,0.0,0,0,18-APR-2022,
OPTSTK,SAIL,30-Jun-2022,107.0,PE,0.0,0.0,0.0,15.95,11.4,0,0.0,0,0,18-APR-2022,
OPTSTK,SAIL,30-Jun-2022,108.0,PE,0.0,0.0,0.0,16.65,11.95,0,0.0,0,0,18-APR-2022,
OPTSTK,SAIL,30-Jun-2022,109.0,PE,0.0,0.0,0.0,17.3,12.55,0,0.0,0,0,18-APR-2022,
OPTSTK,SAIL,30-Jun-2022,110.0,PE,0.0,0.0,0.0,17.95,13.15,0,0.0,0,0,18-APR-2022,
OPTSTK,SAIL,30-Jun-2022,111.0,PE,0.0,0.0,0.0,18.65,13.75,0,0.0,0,0,18-APR-2022,
OPTSTK,SAIL,30-Jun-2022,112.0,PE,0.0,0.0,0.0,19.35,14.35,0,0.0,0,0,18-APR-2022,
OPTSTK,SAIL,30-Jun-2022,113.0,PE,0.0,0.0,0.0,20.05,15.0,0,0.0,0,0,18-APR-2022,
OPTSTK,SAIL,30-Jun-2022,114.0,PE,0.0,0.0,0.0,20.75,15.65,0,0.0,0,0,18-APR-2022,
OPTSTK,SAIL,30-Jun-2022,115.0,PE,0.0,0.0,0.0,21.5,16.3,0,0.0,0,0,18-APR-2022,
OPTSTK,SAIL,30-Jun-2022,116.0,PE,0.0,0.0,0.0,22.25,16.95,0,0.0,0,0,18-APR-2022,
OPTSTK,SAIL,30-Jun-2022,117.0,PE,0.0,0.0,0.0,22.95,17.65,0,0.0,0,0,18-APR-2022,
OPTSTK,SAIL,30-Jun-2022,118.0,PE,0.0,0.0,0.0,23.7,18.35,0,0.0,0,0,18-APR-2022,
OPTSTK,SAIL,30-Jun-2022,119.0,PE,0.0,0.0,0.0,24.5,19.05,0,0.0,0,0,18-APR-2022,
OPTSTK,SAIL,30-Jun-2022,120.0,PE,0.0,0.0,0.0,25.25,19.75,0,0.0,0,0,18-APR-2022,
OPTSTK,SAIL,30-Jun-2022,121.0,PE,0.0,0.0,0.0,26.05,20.5,0,0.0,0,0,18-APR-2022,
OPTSTK,SAIL,30-Jun-2022,122.0,PE,0.0,0.0,0.0,26.8,21.2,0,0.0,0,0,18-APR-2022,
OPTSTK,SAIL,30-Jun-2022,123.0,PE,0.0,0.0,0.0,27.6,21.95,0,0.0,0,0,18-APR-2022,
OPTSTK,SAIL,30-Jun-2022,124.0,PE,0.0,0.0,0.0,28.4,22.7,0,0.0,0,0,18-APR-2022,
OPTSTK,SAIL,30-Jun-2022,125.0,PE,0.0,0.0,0.0,29.25,23.5,0,0.0,0,0,18-APR-2022,
OPTSTK,SAIL,30-Jun-2022,126.0,PE,0.0,0.0,0.0,30.05,24.25,0,0.0,0,0,18-APR-2022,
OPTSTK,SAIL,30-Jun-2022,127.0,PE,0.0,0.0,0.0,30.85,25.05,0,0.0,0,0,18-APR-2022,
OPTSTK,SAIL,30-Jun-2022,128.0,PE,0.0,0.0,0.0,31.7,25.85,0,0.0,0,0,18-APR-2022,
OPTSTK,SAIL,30-Jun-2022,129.0,PE,0.0,0.0,0.0,32.55,26.65,0,0.0,0,0,18-APR-2022,
OPTSTK,SAIL,30-Jun-2022,130.0,PE,0.0,0.0,0.0,33.35,27.45,0,0.0,0,0,18-APR-2022,
OPTSTK,SAIL,30-Jun-2022,131.0,PE,0.0,0.0,0.0,34.2,28.25,0,0.0,0,0,18-APR-2022,
OPTSTK,SAIL,30-Jun-2022,132.0,PE,0.0,0.0,0.0,35.05,29.1,0,0.0,0,0,18-APR-2022,
OPTSTK,SAIL,30-Jun-2022,133.0,PE,0.0,0.0,0.0,35.95,29.9,0,0.0,0,0,18-APR-2022,
OPTSTK,SAIL,30-Jun-2022,134.0,PE,0.0,0.0,0.0,36.8,30.75,0,0.0,0,0,18-APR-2022,
OPTSTK,SAIL,30-Jun-2022,135.0,PE,0.0,0.0,0.0,37.65,31.6,0,0.0,0,0,18-APR-2022,
OPTSTK,SBICARD,28-Apr-2022,550.0,CE,0.0,0.0,0.0,300.7,261.65,0,0.0,0,0,18-APR-2022,
OPTSTK,SBICARD,28-Apr-2022,560.0,CE,0.0,0.0,0.0,291.0,251.65,0,0.0,0,0,18-APR-2022,
OPTSTK,SBICARD,28-Apr-2022,570.0,CE,0.0,0.0,0.0,281.3,241.65,0,0.0,0,0,18-APR-2022,
OPTSTK,SBICARD,28-Apr-2022,580.0,CE,0.0,0.0,0.0,271.7,231.65,0,0.0,0,0,18-APR-2022,
OPTSTK,SBICARD,28-Apr-2022,590.0,CE,0.0,0.0,0.0,262.1,221.7,0,0.0,0,0,18-APR-2022,
OPTSTK,SBICARD,28-Apr-2022,600.0,CE,0.0,0.0,0.0,252.6,211.7,0,0.0,0,0,18-APR-2022,
OPTSTK,SBICARD,28-Apr-2022,610.0,CE,0.0,0.0,0.0,243.2,201.7,0,0.0,0,0,18-APR-2022,
OPTSTK,SBICARD,28-Apr-2022,620.0,CE,0.0,0.0,0.0,233.85,191.7,0,0.0,0,0,18-APR-2022,
OPTSTK,SBICARD,28-Apr-2022,630.0,CE,0.0,0.0,0.0,224.65,181.75,0,0.0,0,0,18-APR-2022,
OPTSTK,SBICARD,28-Apr-2022,640.0,CE,0.0,0.0,0.0,215.5,171.75,0,0.0,0,0,18-APR-2022,
OPTSTK,SBICARD,28-Apr-2022,650.0,CE,0.0,0.0,0.0,206.55,161.75,0,0.0,0,0,18-APR-2022,
OPTSTK,SBICARD,28-Apr-2022,660.0,CE,0.0,0.0,0.0,197.65,151.8,0,0.0,0,0,18-APR-2022,
OPTSTK,SBICARD,28-Apr-2022,670.0,CE,0.0,0.0,0.0,188.95,141.8,0,0.0,0,0,18-APR-2022,
OPTSTK,SBICARD,28-Apr-2022,680.0,CE,0.0,0.0,0.0,180.4,131.85,0,0.0,0,0,18-APR-2022,
OPTSTK,SBICARD,28-Apr-2022,690.0,CE,0.0,0.0,0.0,172.0,121.9,0,0.0,0,0,18-APR-2022,
OPTSTK,SBICARD,28-Apr-2022,700.0,CE,0.0,0.0,0.0,163.8,112.05,0,0.0,0,0,18-APR-2022,
OPTSTK,SBICARD,28-Apr-2022,710.0,CE,0.0,0.0,0.0,155.75,102.25,0,0.0,0,0,18-APR-2022,
OPTSTK,SBICARD,28-Apr-2022,720.0,CE,0.0,0.0,0.0,147.95,92.55,0,0.0,0,0,18-APR-2022,
OPTSTK,SBICARD,28-Apr-2022,730.0,CE,0.0,0.0,0.0,140.3,83.05,0,0.0,0,0,18-APR-2022,
OPTSTK,SBICARD,28-Apr-2022,740.0,CE,0.0,0.0,0.0,132.95,73.75,0,0.0,0,0,18-APR-2022,
OPTSTK,SBICARD,28-Apr-2022,750.0,CE,0.0,0.0,0.0,108.9,64.85,0,0.0,1000,0,18-APR-2022,
OPTSTK,SBICARD,28-Apr-2022,760.0,CE,0.0,0.0,0.0,118.8,56.3,0,0.0,0,0,18-APR-2022,
OPTSTK,SBICARD,28-Apr-2022,770.0,CE,0.0,0.0,0.0,31.65,48.25,0,0.0,500,0,18-APR-2022,
OPTSTK,SBICARD,28-Apr-2022,780.0,CE,0.0,0.0,0.0,68.0,40.8,0,0.0,2500,0,18-APR-2022,
OPTSTK,SBICARD,28-Apr-2022,790.0,CE,0.0,0.0,0.0,99.35,33.95,0,0.0,0,0,18-APR-2022,
OPTSTK,SBICARD,28-Apr-2022,800.0,CE,26.6,34.8,18.1,23.35,23.35,122,501.67,63500,23000,18-APR-2022,
OPTSTK,SBICARD,28-Apr-2022,810.0,CE,0.0,0.0,0.0,87.65,22.5,0,0.0,0,0,18-APR-2022,
OPTSTK,SBICARD,28-Apr-2022,820.0,CE,17.0,19.9,9.95,12.85,12.85,216,899.38,61000,54000,18-APR-2022,
OPTSTK,SBICARD,28-Apr-2022,830.0,CE,2.25,15.75,2.25,9.2,9.2,171,717.85,41000,25000,18-APR-2022,
OPTSTK,SBICARD,28-Apr-2022,840.0,CE,10.35,11.65,5.0,6.95,6.95,556,2357.33,157000,66500,18-APR-2022,
OPTSTK,SBICARD,28-Apr-2022,850.0,CE,10.65,10.65,4.3,5.6,5.6,747,3198.16,528000,12000,18-APR-2022,
OPTSTK,SBICARD,28-Apr-2022,860.0,CE,10.05,10.05,3.7,4.8,4.8,589,2548.36,381000,10000,18-APR-2022,
OPTSTK,SBICARD,28-Apr-2022,870.0,CE,5.0,7.0,3.2,4.2,4.2,240,1049.13,135000,10500,18-APR-2022,
OPTSTK,SBICARD,28-Apr-2022,880.0,CE,10.45,10.45,2.9,3.55,3.55,541,2390.74,358000,18000,18-APR-2022,
OPTSTK,SBICARD,28-Apr-2022,890.0,CE,4.4,4.4,2.6,2.9,2.9,280,1250.59,151500,4500,18-APR-2022,
OPTSTK,SBICARD,28-Apr-2022,900.0,CE,2.25,3.85,2.0,2.5,2.5,871,3931.17,711000,22500,18-APR-2022,
OPTSTK,SBICARD,28-Apr-2022,910.0,CE,3.4,3.4,1.65,1.95,1.95,24,109.45,48500,-3000,18-APR-2022,
OPTSTK,SBICARD,28-Apr-2022,920.0,CE,1.7,2.45,1.6,1.7,0.7,35,161.35,84000,-9500,18-APR-2022,
OPTSTK,SBICARD,28-Apr-2022,930.0,CE,1.55,1.55,1.2,1.3,0.45,3,13.97,19500,-500,18-APR-2022,
OPTSTK,SBICARD,28-Apr-2022,940.0,CE,1.6,1.8,1.3,1.4,0.3,6,28.24,44000,-1000,18-APR-2022,
OPTSTK,SBICARD,28-Apr-2022,950.0,CE,1.2,1.75,1.0,1.45,1.45,130,618.28,199000,-7000,18-APR-2022,
OPTSTK,SBICARD,28-Apr-2022,960.0,CE,1.15,1.45,1.0,1.45,0.15,7,33.64,14000,500,18-APR-2022,
OPTSTK,SBICARD,28-Apr-2022,970.0,CE,0.0,0.0,0.0,26.95,0.1,0,0.0,0,0,18-APR-2022,
OPTSTK,SBICARD,28-Apr-2022,980.0,CE,0.0,0.0,0.0,24.8,0.05,0,0.0,0,0,18-APR-2022,
OPTSTK,SBICARD,28-Apr-2022,990.0,CE,0.15,0.8,0.15,0.8,0.05,2,9.9,15500,-500,18-APR-2022,
OPTSTK,SBICARD,28-Apr-2022,1000.0,CE,1.0,1.0,0.65,0.95,0.95,157,785.65,250500,-33500,18-APR-2022,
OPTSTK,SBICARD,28-Apr-2022,1010.0,CE,0.0,0.0,0.0,19.2,0.05,0,0.0,0,0,18-APR-2022,
OPTSTK,SBICARD,28-Apr-2022,1020.0,CE,0.0,0.0,0.0,17.6,0.0,0,0.0,0,0,18-APR-2022,
OPTSTK,SBICARD,28-Apr-2022,1030.0,CE,0.0,0.0,0.0,16.15,0.0,0,0.0,0,0,18-APR-2022,
OPTSTK,SBICARD,28-Apr-2022,1040.0,CE,0.0,0.0,0.0,14.75,0.0,0,0.0,0,0,18-APR-2022,
OPTSTK,SBICARD,28-Apr-2022,1050.0,CE,0.0,0.0,0.0,13.5,0.0,0,0.0,0,0,18-APR-2022,
OPTSTK,SBICARD,28-Apr-2022,1060.0,CE,0.0,0.0,0.0,12.3,0.0,0,0.0,0,0,18-APR-2022,
OPTSTK,SBICARD,28-Apr-2022,1070.0,CE,0.0,0.0,0.0,11.25,0.0,0,0.0,0,0,18-APR-2022,
OPTSTK,SBICARD,28-Apr-2022,1080.0,CE,0.0,0.0,0.0,10.25,0.0,0,0.0,0,0,18-APR-2022,
OPTSTK,SBICARD,28-Apr-2022,1090.0,CE,0.0,0.0,0.0,9.35,0.0,0,0.0,0,0,18-APR-2022,
OPTSTK,SBICARD,28-Apr-2022,1100.0,CE,0.3,0.5,0.3,0.45,0.0,7,38.51,7500,-1000,18-APR-2022,
OPTSTK,SBICARD,28-Apr-2022,1110.0,CE,0.0,0.0,0.0,7.75,0.0,0,0.0,0,0,18-APR-2022,
OPTSTK,SBICARD,28-Apr-2022,1120.0,CE,0.0,0.0,0.0,7.05,0.0,0,0.0,0,0,18-APR-2022,
OPTSTK,SBICARD,28-Apr-2022,1130.0,CE,0.0,0.0,0.0,6.4,0.0,0,0.0,0,0,18-APR-2022,
OPTSTK,SBICARD,28-Apr-2022,1140.0,CE,0.0,0.0,0.0,5.8,0.0,0,0.0,0,0,18-APR-2022,
OPTSTK,SBICARD,28-Apr-2022,1150.0,CE,0.0,0.0,0.0,5.25,0.0,0,0.0,0,0,18-APR-2022,
OPTSTK,SBICARD,28-Apr-2022,1160.0,CE,0.0,0.0,0.0,4.75,0.0,0,0.0,0,0,18-APR-2022,
OPTSTK,SBICARD,28-Apr-2022,1170.0,CE,0.0,0.0,0.0,4.3,0.0,0,0.0,0,0,18-APR-2022,
OPTSTK,SBICARD,28-Apr-2022,1180.0,CE,0.0,0.0,0.0,3.9,0.0,0,0.0,0,0,18-APR-2022,
OPTSTK,SBICARD,28-Apr-2022,1190.0,CE,0.0,0.0,0.0,3.55,0.0,0,0.0,0,0,18-APR-2022,
OPTSTK,SBICARD,28-Apr-2022,1200.0,CE,0.0,0.0,0.0,0.25,0.0,0,0.0,6500,0,18-APR-2022,
OPTSTK,SBICARD,28-Apr-2022,550.0,PE,0.0,0.0,0.0,0.6,0.0,0,0.0,0,0,18-APR-2022,
OPTSTK,SBICARD,28-Apr-2022,560.0,PE,0.0,0.0,0.0,0.75,0.0,0,0.0,0,0,18-APR-2022,
OPTSTK,SBICARD,28-Apr-2022,570.0,PE,0.0,0.0,0.0,0.95,0.0,0,0.0,0,0,18-APR-2022,
OPTSTK,SBICARD,28-Apr-2022,580.0,PE,0.0,0.0,0.0,1.25,0.0,0,0.0,0,0,18-APR-2022,
OPTSTK,SBICARD,28-Apr-2022,590.0,PE,0.0,0.0,0.0,1.55,0.0,0,0.0,0,0,18-APR-2022,
OPTSTK,SBICARD,28-Apr-2022,600.0,PE,0.0,0.0,0.0,0.65,0.0,0,0.0,3000,0,18-APR-2022,
OPTSTK,SBICARD,28-Apr-2022,610.0,PE,0.0,0.0,0.0,2.45,0.0,0,0.0,0,0,18-APR-2022,
OPTSTK,SBICARD,28-Apr-2022,620.0,PE,0.0,0.0,0.0,0.05,0.0,0,0.0,0,0,18-APR-2022,
OPTSTK,SBICARD,28-Apr-2022,630.0,PE,0.0,0.0,0.0,3.7,0.0,0,0.0,0,0,18-APR-2022,
OPTSTK,SBICARD,28-Apr-2022,640.0,PE,0.0,0.0,0.0,4.45,0.0,0,0.0,0,0,18-APR-2022,
OPTSTK,SBICARD,28-Apr-2022,650.0,PE,0.0,0.0,0.0,5.35,0.05,0,0.0,0,0,18-APR-2022,
OPTSTK,SBICARD,28-Apr-2022,660.0,PE,0.0,0.0,0.0,6.4,0.05,0,0.0,0,0,18-APR-2022,
OPTSTK,SBICARD,28-Apr-2022,670.0,PE,0.0,0.0,0.0,7.55,0.05,0,0.0,0,0,18-APR-2022,
OPTSTK,SBICARD,28-Apr-2022,680.0,PE,0.0,0.0,0.0,8.9,0.1,0,0.0,0,0,18-APR-2022,
OPTSTK,SBICARD,28-Apr-2022,690.0,PE,0.0,0.0,0.0,10.4,0.15,0,0.0,0,0,18-APR-2022,
OPTSTK,SBICARD,28-Apr-2022,700.0,PE,0.25,1.35,0.25,0.65,0.65,17,59.56,29000,-1500,18-APR-2022,
OPTSTK,SBICARD,28-Apr-2022,710.0,PE,0.0,0.0,0.0,13.95,0.45,0,0.0,0,0,18-APR-2022,
OPTSTK,SBICARD,28-Apr-2022,720.0,PE,0.0,0.0,0.0,16.05,0.75,0,0.0,0,0,18-APR-2022,
OPTSTK,SBICARD,28-Apr-2022,730.0,PE,0.0,0.0,0.0,18.3,1.2,0,0.0,0,0,18-APR-2022,
OPTSTK,SBICARD,28-Apr-2022,740.0,PE,0.0,0.0,0.0,20.85,1.95,0,0.0,0,0,18-APR-2022,
OPTSTK,SBICARD,28-Apr-2022,750.0,PE,2.15,5.0,1.25,4.5,3.0,56,210.91,92500,5000,18-APR-2022,
OPTSTK,SBICARD,28-Apr-2022,760.0,PE,3.5,4.5,2.7,3.0,3.0,9,34.36,13000,2000,18-APR-2022,
OPTSTK,SBICARD,28-Apr-2022,770.0,PE,5.5,6.0,4.0,5.75,6.4,8,31.01,6500,2500,18-APR-2022,
OPTSTK,SBICARD,28-Apr-2022,780.0,PE,4.15,8.0,3.95,5.2,5.2,142,557.66,129500,24000,18-APR-2022,
OPTSTK,SBICARD,28-Apr-2022,790.0,PE,6.45,8.9,6.45,8.05,8.05,21,83.75,30000,0,18-APR-2022,
OPTSTK,SBICARD,28-Apr-2022,800.0,PE,9.0,14.45,6.6,9.6,9.6,582,2357.64,377000,-7000,18-APR-2022,
OPTSTK,SBICARD,28-Apr-2022,810.0,PE,9.0,18.15,8.6,13.35,13.35,45,185.24,43000,-4500,18-APR-2022,
OPTSTK,SBICARD,28-Apr-2022,820.0,PE,16.7,24.95,12.0,18.9,18.9,177,741.67,88500,-16500,18-APR-2022,
OPTSTK,SBICARD,28-Apr-2022,830.0,PE,29.4,31.0,17.15,24.7,24.7,75,320.1,61000,-2000,18-APR-2022,
OPTSTK,SBICARD,28-Apr-2022,840.0,PE,26.0,41.1,21.9,31.55,38.75,120,520.98,81000,-15000,18-APR-2022,
OPTSTK,SBICARD,28-Apr-2022,850.0,PE,33.0,50.0,28.75,44.8,46.15,50,222.24,189500,-9500,18-APR-2022,
OPTSTK,SBICARD,28-Apr-2022,860.0,PE,38.6,60.3,38.6,58.6,54.0,9,40.98,60500,0,18-APR-2022,
OPTSTK,SBICARD,28-Apr-2022,870.0,PE,51.95,68.35,51.95,68.35,62.35,4,18.62,13000,-500,18-APR-2022,
OPTSTK,SBICARD,28-Apr-2022,880.0,PE,60.6,72.15,56.55,72.15,71.1,13,61.22,25000,3000,18-APR-2022,
OPTSTK,SBICARD,28-Apr-2022,890.0,PE,0.0,0.0,0.0,86.75,80.2,0,0.0,0,0,18-APR-2022,
OPTSTK,SBICARD,28-Apr-2022,900.0,PE,79.15,93.45,78.35,88.5,88.5,12,59.21,46500,-500,18-APR-2022,
OPTSTK,SBICARD,28-Apr-2022,910.0,PE,0.0,0.0,0.0,99.5,99.0,0,0.0,0,0,18-APR-2022,
OPTSTK,SBICARD,28-Apr-2022,920.0,PE,0.0,0.0,0.0,82.45,108.65,0,0.0,1500,0,18-APR-2022,
OPTSTK,SBICARD,28-Apr-2022,930.0,PE,0.0,0.0,0.0,113.1,118.4,0,0.0,0,0,18-APR-2022,
OPTSTK,SBICARD,28-Apr-2022,940.0,PE,0.0,0.0,0.0,120.15,128.25,0,0.0,0,0,18-APR-2022,
OPTSTK,SBICARD,28-Apr-2022,950.0,PE,130.55,130.55,125.0,125.0,138.15,3,16.15,2500,0,18-APR-2022,
OPTSTK,SBICARD,28-Apr-2022,960.0,PE,0.0,0.0,0.0,99.0,148.05,0,0.0,500,0,18-APR-2022,
OPTSTK,SBICARD,28-Apr-2022,970.0,PE,0.0,0.0,0.0,142.45,158.0,0,0.0,0,0,18-APR-2022,
OPTSTK,SBICARD,28-Apr-2022,980.0,PE,0.0,0.0,0.0,150.2,167.95,0,0.0,0,0,18-APR-2022,
OPTSTK,SBICARD,28-Apr-2022,990.0,PE,0.0,0.0,0.0,158.1,177.95,0,0.0,0,0,18-APR-2022,
OPTSTK,SBICARD,28-Apr-2022,1000.0,PE,0.0,0.0,0.0,144.45,187.9,0,0.0,15500,0,18-APR-2022,
OPTSTK,SBICARD,28-Apr-2022,1010.0,PE,0.0,0.0,0.0,174.3,197.9,0,0.0,0,0,18-APR-2022,
OPTSTK,SBICARD,28-Apr-2022,1020.0,PE,0.0,0.0,0.0,182.6,207.9,0,0.0,0,0,18-APR-2022,
OPTSTK,SBICARD,28-Apr-2022,1030.0,PE,0.0,0.0,0.0,191.0,217.85,0,0.0,0,0,18-APR-2022,
OPTSTK,SBICARD,28-Apr-2022,1040.0,PE,0.0,0.0,0.0,199.5,227.85,0,0.0,0,0,18-APR-2022,
OPTSTK,SBICARD,28-Apr-2022,1050.0,PE,0.0,0.0,0.0,208.15,237.85,0,0.0,0,0,18-APR-2022,
OPTSTK,SBICARD,28-Apr-2022,1060.0,PE,0.0,0.0,0.0,216.9,247.85,0,0.0,0,0,18-APR-2022,
OPTSTK,SBICARD,28-Apr-2022,1070.0,PE,0.0,0.0,0.0,225.7,257.8,0,0.0,0,0,18-APR-2022,
OPTSTK,SBICARD,28-Apr-2022,1080.0,PE,0.0,0.0,0.0,234.6,267.8,0,0.0,0,0,18-APR-2022,
OPTSTK,SBICARD,28-Apr-2022,1090.0,PE,0.0,0.0,0.0,243.6,277.8,0,0.0,0,0,18-APR-2022,
OPTSTK,SBICARD,28-Apr-2022,1100.0,PE,0.0,0.0,0.0,252.65,287.8,0,0.0,0,0,18-APR-2022,
OPTSTK,SBICARD,28-Apr-2022,1110.0,PE,0.0,0.0,0.0,261.75,297.75,0,0.0,0,0,18-APR-2022,
OPTSTK,SBICARD,28-Apr-2022,1120.0,PE,0.0,0.0,0.0,270.95,307.75,0,0.0,0,0,18-APR-2022,
OPTSTK,SBICARD,28-Apr-2022,1130.0,PE,0.0,0.0,0.0,280.2,317.75,0,0.0,0,0,18-APR-2022,
OPTSTK,SBICARD,28-Apr-2022,1140.0,PE,0.0,0.0,0.0,289.5,327.75,0,0.0,0,0,18-APR-2022,
OPTSTK,SBICARD,28-Apr-2022,1150.0,PE,0.0,0.0,0.0,298.9,337.75,0,0.0,0,0,18-APR-2022,
OPTSTK,SBICARD,28-Apr-2022,1160.0,PE,0.0,0.0,0.0,308.3,347.7,0,0.0,0,0,18-APR-2022,
OPTSTK,SBICARD,28-Apr-2022,1170.0,PE,0.0,0.0,0.0,317.75,357.7,0,0.0,0,0,18-APR-2022,
OPTSTK,SBICARD,28-Apr-2022,1180.0,PE,0.0,0.0,0.0,327.2,367.7,0,0.0,0,0,18-APR-2022,
OPTSTK,SBICARD,28-Apr-2022,1190.0,PE,0.0,0.0,0.0,336.75,377.7,0,0.0,0,0,18-APR-2022,
OPTSTK,SBICARD,28-Apr-2022,1200.0,PE,0.0,0.0,0.0,346.3,387.65,0,0.0,0,0,18-APR-2022,
OPTSTK,SBICARD,26-May-2022,550.0,CE,0.0,0.0,0.0,212.1,263.5,0,0.0,0,0,18-APR-2022,
OPTSTK,SBICARD,26-May-2022,560.0,CE,0.0,0.0,0.0,202.85,253.55,0,0.0,0,0,18-APR-2022,
OPTSTK,SBICARD,26-May-2022,570.0,CE,0.0,0.0,0.0,193.7,243.6,0,0.0,0,0,18-APR-2022,
OPTSTK,SBICARD,26-May-2022,580.0,CE,0.0,0.0,0.0,184.7,233.7,0,0.0,0,0,18-APR-2022,
OPTSTK,SBICARD,26-May-2022,590.0,CE,0.0,0.0,0.0,175.9,223.8,0,0.0,0,0,18-APR-2022,
OPTSTK,SBICARD,26-May-2022,600.0,CE,0.0,0.0,0.0,167.2,213.95,0,0.0,0,0,18-APR-2022,
OPTSTK,SBICARD,26-May-2022,610.0,CE,0.0,0.0,0.0,158.7,204.1,0,0.0,0,0,18-APR-2022,
OPTSTK,SBICARD,26-May-2022,620.0,CE,0.0,0.0,0.0,150.4,194.35,0,0.0,0,0,18-APR-2022,
OPTSTK,SBICARD,26-May-2022,630.0,CE,0.0,0.0,0.0,142.35,184.65,0,0.0,0,0,18-APR-2022,
OPTSTK,SBICARD,26-May-2022,640.0,CE,0.0,0.0,0.0,134.45,175.0,0,0.0,0,0,18-APR-2022,
OPTSTK,SBICARD,26-May-2022,650.0,CE,0.0,0.0,0.0,126.8,165.45,0,0.0,0,0,18-APR-2022,
OPTSTK,SBICARD,26-May-2022,660.0,CE,0.0,0.0,0.0,119.4,156.05,0,0.0,0,0,18-APR-2022,
OPTSTK,SBICARD,26-May-2022,670.0,CE,0.0,0.0,0.0,112.25,146.75,0,0.0,0,0,18-APR-2022,
OPTSTK,SBICARD,26-May-2022,680.0,CE,0.0,0.0,0.0,105.35,137.6,0,0.0,0,0,18-APR-2022,
OPTSTK,SBICARD,26-May-2022,690.0,CE,0.0,0.0,0.0,98.65,128.7,0,0.0,0,0,18-APR-2022,
OPTSTK,SBICARD,26-May-2022,700.0,CE,0.0,0.0,0.0,92.3,119.95,0,0.0,0,0,18-APR-2022,
OPTSTK,SBICARD,26-May-2022,710.0,CE,0.0,0.0,0.0,86.2,111.45,0,0.0,0,0,18-APR-2022,
OPTSTK,SBICARD,26-May-2022,720.0,CE,0.0,0.0,0.0,80.4,103.25,0,0.0,0,0,18-APR-2022,
OPTSTK,SBICARD,26-May-2022,730.0,CE,0.0,0.0,0.0,74.85,95.3,0,0.0,0,0,18-APR-2022,
OPTSTK,SBICARD,26-May-2022,740.0,CE,0.0,0.0,0.0,69.55,87.65,0,0.0,0,0,18-APR-2022,
OPTSTK,SBICARD,26-May-2022,750.0,CE,0.0,0.0,0.0,64.55,80.4,0,0.0,0,0,18-APR-2022,
OPTSTK,SBICARD,26-May-2022,760.0,CE,0.0,0.0,0.0,59.8,73.4,0,0.0,0,0,18-APR-2022,
OPTSTK,SBICARD,26-May-2022,770.0,CE,0.0,0.0,0.0,55.35,66.8,0,0.0,0,0,18-APR-2022,
OPTSTK,SBICARD,26-May-2022,780.0,CE,0.0,0.0,0.0,51.1,60.55,0,0.0,0,0,18-APR-2022,
OPTSTK,SBICARD,26-May-2022,790.0,CE,0.0,0.0,0.0,47.15,54.7,0,0.0,0,0,18-APR-2022,
OPTSTK,SBICARD,26-May-2022,800.0,CE,50.0,50.0,36.0,41.75,41.75,24,100.78,10000,10000,18-APR-2022,
OPTSTK,SBICARD,26-May-2022,810.0,CE,0.0,0.0,0.0,39.95,44.15,0,0.0,0,0,18-APR-2022,
OPTSTK,SBICARD,26-May-2022,820.0,CE,28.0,29.0,28.0,29.0,39.45,3,12.72,1500,1500,18-APR-2022,
OPTSTK,SBICARD,26-May-2022,830.0,CE,0.0,0.0,0.0,33.65,35.1,0,0.0,0,0,18-APR-2022,
OPTSTK,SBICARD,26-May-2022,840.0,CE,0.0,0.0,0.0,30.8,31.15,0,0.0,0,0,18-APR-2022,
OPTSTK,SBICARD,26-May-2022,850.0,CE,29.6,29.6,19.0,21.5,21.5,27,117.57,8500,6000,18-APR-2022,
OPTSTK,SBICARD,26-May-2022,860.0,CE,0.0,0.0,0.0,35.0,24.25,0,0.0,3500,0,18-APR-2022,
OPTSTK,SBICARD,26-May-2022,870.0,CE,0.0,0.0,0.0,23.55,21.25,0,0.0,0,0,18-APR-2022,
OPTSTK,SBICARD,26-May-2022,880.0,CE,0.0,0.0,0.0,21.45,18.6,0,0.0,0,0,18-APR-2022,
OPTSTK,SBICARD,26-May-2022,890.0,CE,0.0,0.0,0.0,19.5,16.25,0,0.0,0,0,18-APR-2022,
OPTSTK,SBICARD,26-May-2022,900.0,CE,20.0,20.0,9.15,11.05,11.05,46,209.86,54500,12000,18-APR-2022,
OPTSTK,SBICARD,26-May-2022,910.0,CE,0.0,0.0,0.0,16.1,12.15,0,0.0,0,0,18-APR-2022,
OPTSTK,SBICARD,26-May-2022,920.0,CE,0.0,0.0,0.0,14.6,10.5,0,0.0,0,0,18-APR-2022,
OPTSTK,SBICARD,26-May-2022,930.0,CE,0.0,0.0,0.0,13.25,9.0,0,0.0,0,0,18-APR-2022,
OPTSTK,SBICARD,26-May-2022,940.0,CE,0.0,0.0,0.0,12.0,7.7,0,0.0,0,0,18-APR-2022,
OPTSTK,SBICARD,26-May-2022,950.0,CE,7.9,7.9,7.9,7.9,7.9,1,4.78,3500,0,18-APR-2022,
OPTSTK,SBICARD,26-May-2022,960.0,CE,0.0,0.0,0.0,9.8,5.6,0,0.0,0,0,18-APR-2022,
OPTSTK,SBICARD,26-May-2022,970.0,CE,0.0,0.0,0.0,8.85,4.75,0,0.0,0,0,18-APR-2022,
OPTSTK,SBICARD,26-May-2022,980.0,CE,0.0,0.0,0.0,7.95,4.05,0,0.0,0,0,18-APR-2022,
OPTSTK,SBICARD,26-May-2022,990.0,CE,0.0,0.0,0.0,7.2,3.4,0,0.0,0,0,18-APR-2022,
OPTSTK,SBICARD,26-May-2022,1000.0,CE,4.75,4.75,3.0,3.05,3.05,5,25.09,13500,1500,18-APR-2022,
OPTSTK,SBICARD,26-May-2022,1010.0,CE,0.0,0.0,0.0,5.8,2.4,0,0.0,0,0,18-APR-2022,
OPTSTK,SBICARD,26-May-2022,1020.0,CE,0.1,0.1,0.1,0.1,2.0,1,5.1,1000,0,18-APR-2022,
OPTSTK,SBICARD,26-May-2022,1030.0,CE,0.0,0.0,0.0,4.65,1.7,0,0.0,500,0,18-APR-2022,
OPTSTK,SBICARD,26-May-2022,1040.0,CE,0.0,0.0,0.0,4.2,1.4,0,0.0,0,0,18-APR-2022,
OPTSTK,SBICARD,26-May-2022,1050.0,CE,0.0,0.0,0.0,3.75,1.15,0,0.0,0,0,18-APR-2022,
OPTSTK,SBICARD,26-May-2022,1060.0,CE,0.0,0.0,0.0,3.35,0.95,0,0.0,0,0,18-APR-2022,
OPTSTK,SBICARD,26-May-2022,1070.0,CE,0.0,0.0,0.0,3.0,0.8,0,0.0,0,0,18-APR-2022,
OPTSTK,SBICARD,26-May-2022,1080.0,CE,0.0,0.0,0.0,2.7,0.65,0,0.0,0,0,18-APR-2022,
OPTSTK,SBICARD,26-May-2022,1090.0,CE,0.0,0.0,0.0,2.4,0.55,0,0.0,0,0,18-APR-2022,
OPTSTK,SBICARD,26-May-2022,1100.0,CE,0.0,0.0,0.0,2.15,0.45,0,0.0,0,0,18-APR-2022,
OPTSTK,SBICARD,26-May-2022,1110.0,CE,0.0,0.0,0.0,1.9,0.35,0,0.0,0,0,18-APR-2022,
OPTSTK,SBICARD,26-May-2022,550.0,PE,0.0,0.0,0.0,2.6,0.05,0,0.0,0,0,18-APR-2022,
OPTSTK,SBICARD,26-May-2022,560.0,PE,0.0,0.0,0.0,3.25,0.05,0,0.0,0,0,18-APR-2022,
OPTSTK,SBICARD,26-May-2022,570.0,PE,0.0,0.0,0.0,4.0,0.1,0,0.0,0,0,18-APR-2022,
OPTSTK,SBICARD,26-May-2022,580.0,PE,0.0,0.0,0.0,4.9,0.15,0,0.0,0,0,18-APR-2022,
OPTSTK,SBICARD,26-May-2022,590.0,PE,0.0,0.0,0.0,5.95,0.2,0,0.0,0,0,18-APR-2022,
OPTSTK,SBICARD,26-May-2022,600.0,PE,0.0,0.0,0.0,7.2,0.3,0,0.0,0,0,18-APR-2022,
OPTSTK,SBICARD,26-May-2022,610.0,PE,0.0,0.0,0.0,8.6,0.45,0,0.0,0,0,18-APR-2022,
OPTSTK,SBICARD,26-May-2022,620.0,PE,0.0,0.0,0.0,10.2,0.6,0,0.0,0,0,18-APR-2022,
OPTSTK,SBICARD,26-May-2022,630.0,PE,0.0,0.0,0.0,12.0,0.85,0,0.0,0,0,18-APR-2022,
OPTSTK,SBICARD,26-May-2022,640.0,PE,0.0,0.0,0.0,14.0,1.15,0,0.0,0,0,18-APR-2022,
OPTSTK,SBICARD,26-May-2022,650.0,PE,0.0,0.0,0.0,16.25,1.6,0,0.0,0,0,18-APR-2022,
OPTSTK,SBICARD,26-May-2022,660.0,PE,0.0,0.0,0.0,18.75,2.1,0,0.0,0,0,18-APR-2022,
OPTSTK,SBICARD,26-May-2022,670.0,PE,0.0,0.0,0.0,21.5,2.8,0,0.0,0,0,18-APR-2022,
OPTSTK,SBICARD,26-May-2022,680.0,PE,0.0,0.0,0.0,24.5,3.6,0,0.0,0,0,18-APR-2022,
OPTSTK,SBICARD,26-May-2022,690.0,PE,0.0,0.0,0.0,27.7,4.65,0,0.0,0,0,18-APR-2022,
OPTSTK,SBICARD,26-May-2022,700.0,PE,0.0,0.0,0.0,31.25,5.85,0,0.0,0,0,18-APR-2022,
OPTSTK,SBICARD,26-May-2022,710.0,PE,0.0,0.0,0.0,35.05,7.35,0,0.0,0,0,18-APR-2022,
OPTSTK,SBICARD,26-May-2022,720.0,PE,0.0,0.0,0.0,39.1,9.05,0,0.0,0,0,18-APR-2022,
OPTSTK,SBICARD,26-May-2022,730.0,PE,0.0,0.0,0.0,43.45,11.05,0,0.0,0,0,18-APR-2022,
OPTSTK,SBICARD,26-May-2022,740.0,PE,0.0,0.0,0.0,48.05,13.4,0,0.0,0,0,18-APR-2022,
OPTSTK,SBICARD,26-May-2022,750.0,PE,8.0,10.0,8.0,9.9,9.9,7,26.57,15500,3000,18-APR-2022,
OPTSTK,SBICARD,26-May-2022,760.0,PE,0.0,0.0,0.0,58.1,19.05,0,0.0,0,0,18-APR-2022,
OPTSTK,SBICARD,26-May-2022,770.0,PE,0.0,0.0,0.0,63.55,22.4,0,0.0,0,0,18-APR-2022,
OPTSTK,SBICARD,26-May-2022,780.0,PE,0.0,0.0,0.0,69.2,26.1,0,0.0,0,0,18-APR-2022,
OPTSTK,SBICARD,26-May-2022,790.0,PE,0.0,0.0,0.0,75.15,30.25,0,0.0,0,0,18-APR-2022,
OPTSTK,SBICARD,26-May-2022,800.0,PE,20.95,29.0,20.4,24.2,24.2,58,239.14,87500,5000,18-APR-2022,
OPTSTK,SBICARD,26-May-2022,810.0,PE,0.0,0.0,0.0,87.7,39.6,0,0.0,0,0,18-APR-2022,
OPTSTK,SBICARD,26-May-2022,820.0,PE,33.0,33.0,33.0,33.0,33.0,1,4.26,500,500,18-APR-2022,
OPTSTK,SBICARD,26-May-2022,830.0,PE,0.0,0.0,0.0,30.0,50.45,0,0.0,500,0,18-APR-2022,
OPTSTK,SBICARD,26-May-2022,840.0,PE,0.0,0.0,0.0,35.0,56.45,0,0.0,1000,0,18-APR-2022,
OPTSTK,SBICARD,26-May-2022,850.0,PE,0.0,0.0,0.0,39.0,62.75,0,0.0,5000,0,18-APR-2022,
OPTSTK,SBICARD,26-May-2022,860.0,PE,0.0,0.0,0.0,123.05,69.45,0,0.0,0,0,18-APR-2022,
OPTSTK,SBICARD,26-May-2022,870.0,PE,0.0,0.0,0.0,130.7,76.4,0,0.0,0,0,18-APR-2022,
OPTSTK,SBICARD,26-May-2022,880.0,PE,0.0,0.0,0.0,138.5,83.7,0,0.0,0,0,18-APR-2022,
OPTSTK,SBICARD,26-May-2022,890.0,PE,0.0,0.0,0.0,146.45,91.3,0,0.0,0,0,18-APR-2022,
OPTSTK,SBICARD,26-May-2022,900.0,PE,0.0,0.0,0.0,70.0,99.1,0,0.0,500,0,18-APR-2022,
OPTSTK,SBICARD,26-May-2022,910.0,PE,0.0,0.0,0.0,162.85,107.15,0,0.0,0,0,18-APR-2022,
OPTSTK,SBICARD,26-May-2022,920.0,PE,0.0,0.0,0.0,171.25,115.45,0,0.0,0,0,18-APR-2022,
OPTSTK,SBICARD,26-May-2022,930.0,PE,0.0,0.0,0.0,179.75,123.9,0,0.0,0,0,18-APR-2022,
OPTSTK,SBICARD,26-May-2022,940.0,PE,0.0,0.0,0.0,188.4,132.55,0,0.0,0,0,18-APR-2022,
OPTSTK,SBICARD,26-May-2022,950.0,PE,0.0,0.0,0.0,197.15,141.4,0,0.0,0,0,18-APR-2022,
OPTSTK,SBICARD,26-May-2022,960.0,PE,0.0,0.0,0.0,206.0,150.4,0,0.0,0,0,18-APR-2022,
OPTSTK,SBICARD,26-May-2022,970.0,PE,0.0,0.0,0.0,214.95,159.5,0,0.0,0,0,18-APR-2022,
OPTSTK,SBICARD,26-May-2022,980.0,PE,0.0,0.0,0.0,223.95,168.7,0,0.0,0,0,18-APR-2022,
OPTSTK,SBICARD,26-May-2022,990.0,PE,0.0,0.0,0.0,233.05,178.05,0,0.0,0,0,18-APR-2022,
OPTSTK,SBICARD,26-May-2022,1000.0,PE,0.0,0.0,0.0,160.0,187.45,0,0.0,1000,0,18-APR-2022,
OPTSTK,SBICARD,26-May-2022,1010.0,PE,0.0,0.0,0.0,251.5,196.95,0,0.0,0,0,18-APR-2022,
OPTSTK,SBICARD,26-May-2022,1020.0,PE,0.0,0.0,0.0,260.8,206.5,0,0.0,0,0,18-APR-2022,
OPTSTK,SBICARD,26-May-2022,1030.0,PE,0.0,0.0,0.0,270.15,216.15,0,0.0,0,0,18-APR-2022,
OPTSTK,SBICARD,26-May-2022,1040.0,PE,0.0,0.0,0.0,279.55,225.8,0,0.0,0,0,18-APR-2022,
OPTSTK,SBICARD,26-May-2022,1050.0,PE,0.0,0.0,0.0,289.0,235.5,0,0.0,0,0,18-APR-2022,
OPTSTK,SBICARD,26-May-2022,1060.0,PE,0.0,0.0,0.0,298.5,245.3,0,0.0,0,0,18-APR-2022,
OPTSTK,SBICARD,26-May-2022,1070.0,PE,0.0,0.0,0.0,308.05,255.05,0,0.0,0,0,18-APR-2022,
OPTSTK,SBICARD,26-May-2022,1080.0,PE,0.0,0.0,0.0,317.65,264.9,0,0.0,0,0,18-APR-2022,
OPTSTK,SBICARD,26-May-2022,1090.0,PE,0.0,0.0,0.0,327.25,274.75,0,0.0,0,0,18-APR-2022,
OPTSTK,SBICARD,26-May-2022,1100.0,PE,0.0,0.0,0.0,336.9,284.6,0,0.0,0,0,18-APR-2022,
OPTSTK,SBICARD,26-May-2022,1110.0,PE,0.0,0.0,0.0,346.55,294.45,0,0.0,0,0,18-APR-2022,
OPTSTK,SBICARD,30-Jun-2022,550.0,CE,0.0,0.0,0.0,308.15,266.25,0,0.0,0,0,18-APR-2022,
OPTSTK,SBICARD,30-Jun-2022,560.0,CE,0.0,0.0,0.0,298.45,256.55,0,0.0,0,0,18-APR-2022,
OPTSTK,SBICARD,30-Jun-2022,570.0,CE,0.0,0.0,0.0,288.75,246.85,0,0.0,0,0,18-APR-2022,
OPTSTK,SBICARD,30-Jun-2022,580.0,CE,0.0,0.0,0.0,279.15,237.25,0,0.0,0,0,18-APR-2022,
OPTSTK,SBICARD,30-Jun-2022,590.0,CE,0.0,0.0,0.0,269.6,227.7,0,0.0,0,0,18-APR-2022,
OPTSTK,SBICARD,30-Jun-2022,600.0,CE,0.0,0.0,0.0,260.15,218.25,0,0.0,0,0,18-APR-2022,
OPTSTK,SBICARD,30-Jun-2022,610.0,CE,0.0,0.0,0.0,250.7,208.9,0,0.0,0,0,18-APR-2022,
OPTSTK,SBICARD,30-Jun-2022,620.0,CE,0.0,0.0,0.0,241.4,199.65,0,0.0,0,0,18-APR-2022,
OPTSTK,SBICARD,30-Jun-2022,630.0,CE,0.0,0.0,0.0,232.2,190.55,0,0.0,0,0,18-APR-2022,
OPTSTK,SBICARD,30-Jun-2022,640.0,CE,0.0,0.0,0.0,223.1,181.55,0,0.0,0,0,18-APR-2022,
OPTSTK,SBICARD,30-Jun-2022,650.0,CE,0.0,0.0,0.0,214.1,172.7,0,0.0,0,0,18-APR-2022,
OPTSTK,SBICARD,30-Jun-2022,660.0,CE,0.0,0.0,0.0,205.25,164.05,0,0.0,0,0,18-APR-2022,
OPTSTK,SBICARD,30-Jun-2022,670.0,CE,0.0,0.0,0.0,196.55,155.6,0,0.0,0,0,18-APR-2022,
OPTSTK,SBICARD,30-Jun-2022,680.0,CE,0.0,0.0,0.0,188.0,147.3,0,0.0,0,0,18-APR-2022,
OPTSTK,SBICARD,30-Jun-2022,690.0,CE,0.0,0.0,0.0,179.6,139.2,0,0.0,0,0,18-APR-2022,
OPTSTK,SBICARD,30-Jun-2022,700.0,CE,0.0,0.0,0.0,171.35,131.35,0,0.0,0,0,18-APR-2022,
OPTSTK,SBICARD,30-Jun-2022,710.0,CE,0.0,0.0,0.0,163.3,123.7,0,0.0,0,0,18-APR-2022,
OPTSTK,SBICARD,30-Jun-2022,720.0,CE,0.0,0.0,0.0,155.45,116.35,0,0.0,0,0,18-APR-2022,
OPTSTK,SBICARD,30-Jun-2022,730.0,CE,0.0,0.0,0.0,147.8,109.2,0,0.0,0,0,18-APR-2022,
OPTSTK,SBICARD,30-Jun-2022,740.0,CE,0.0,0.0,0.0,140.35,102.3,0,0.0,0,0,18-APR-2022,
OPTSTK,SBICARD,30-Jun-2022,750.0,CE,0.0,0.0,0.0,133.15,95.7,0,0.0,0,0,18-APR-2022,
OPTSTK,SBICARD,30-Jun-2022,760.0,CE,0.0,0.0,0.0,126.1,89.35,0,0.0,0,0,18-APR-2022,
OPTSTK,SBICARD,30-Jun-2022,770.0,CE,0.0,0.0,0.0,119.3,83.3,0,0.0,0,0,18-APR-2022,
OPTSTK,SBICARD,30-Jun-2022,780.0,CE,0.0,0.0,0.0,112.7,77.5,0,0.0,0,0,18-APR-2022,
OPTSTK,SBICARD,30-Jun-2022,790.0,CE,0.0,0.0,0.0,106.4,72.0,0,0.0,0,0,18-APR-2022,
OPTSTK,SBICARD,30-Jun-2022,800.0,CE,0.0,0.0,0.0,100.3,66.8,0,0.0,0,0,18-APR-2022,
OPTSTK,SBICARD,30-Jun-2022,810.0,CE,0.0,0.0,0.0,94.45,61.85,0,0.0,0,0,18-APR-2022,
OPTSTK,SBICARD,30-Jun-2022,820.0,CE,0.0,0.0,0.0,88.85,57.15,0,0.0,0,0,18-APR-2022,
OPTSTK,SBICARD,30-Jun-2022,830.0,CE,0.0,0.0,0.0,83.45,52.75,0,0.0,0,0,18-APR-2022,
OPTSTK,SBICARD,30-Jun-2022,840.0,CE,0.0,0.0,0.0,78.3,48.6,0,0.0,0,0,18-APR-2022,
OPTSTK,SBICARD,30-Jun-2022,850.0,CE,0.0,0.0,0.0,73.4,44.7,0,0.0,0,0,18-APR-2022,
OPTSTK,SBICARD,30-Jun-2022,860.0,CE,0.0,0.0,0.0,68.7,41.05,0,0.0,0,0,18-APR-2022,
OPTSTK,SBICARD,30-Jun-2022,870.0,CE,0.0,0.0,0.0,64.25,37.6,0,0.0,0,0,18-APR-2022,
OPTSTK,SBICARD,30-Jun-2022,880.0,CE,0.0,0.0,0.0,60.05,34.45,0,0.0,0,0,18-APR-2022,
OPTSTK,SBICARD,30-Jun-2022,890.0,CE,0.0,0.0,0.0,56.0,31.5,0,0.0,0,0,18-APR-2022,
OPTSTK,SBICARD,30-Jun-2022,900.0,CE,0.0,0.0,0.0,52.2,28.75,0,0.0,0,0,18-APR-2022,
OPTSTK,SBICARD,30-Jun-2022,910.0,CE,0.0,0.0,0.0,48.6,26.2,0,0.0,0,0,18-APR-2022,
OPTSTK,SBICARD,30-Jun-2022,920.0,CE,0.0,0.0,0.0,45.2,23.85,0,0.0,0,0,18-APR-2022,
OPTSTK,SBICARD,30-Jun-2022,930.0,CE,0.0,0.0,0.0,42.0,21.7,0,0.0,0,0,18-APR-2022,
OPTSTK,SBICARD,30-Jun-2022,940.0,CE,0.0,0.0,0.0,39.0,19.65,0,0.0,0,0,18-APR-2022,
OPTSTK,SBICARD,30-Jun-2022,950.0,CE,0.0,0.0,0.0,36.2,17.85,0,0.0,0,0,18-APR-2022,
OPTSTK,SBICARD,30-Jun-2022,960.0,CE,0.0,0.0,0.0,33.5,16.15,0,0.0,0,0,18-APR-2022,
OPTSTK,SBICARD,30-Jun-2022,970.0,CE,0.0,0.0,0.0,31.05,14.6,0,0.0,0,0,18-APR-2022,
OPTSTK,SBICARD,30-Jun-2022,980.0,CE,0.0,0.0,0.0,28.75,13.15,0,0.0,0,0,18-APR-2022,
OPTSTK,SBICARD,30-Jun-2022,990.0,CE,0.0,0.0,0.0,26.55,11.9,0,0.0,0,0,18-APR-2022,
OPTSTK,SBICARD,30-Jun-2022,1000.0,CE,0.0,0.0,0.0,24.55,10.7,0,0.0,0,0,18-APR-2022,
OPTSTK,SBICARD,30-Jun-2022,1010.0,CE,0.0,0.0,0.0,22.6,9.6,0,0.0,0,0,18-APR-2022,
OPTSTK,SBICARD,30-Jun-2022,1020.0,CE,0.0,0.0,0.0,20.85,8.65,0,0.0,0,0,18-APR-2022,
OPTSTK,SBICARD,30-Jun-2022,1030.0,CE,0.0,0.0,0.0,19.2,7.75,0,0.0,0,0,18-APR-2022,
OPTSTK,SBICARD,30-Jun-2022,1040.0,CE,0.0,0.0,0.0,17.65,6.95,0,0.0,0,0,18-APR-2022,
OPTSTK,SBICARD,30-Jun-2022,1050.0,CE,0.0,0.0,0.0,16.2,6.25,0,0.0,0,0,18-APR-2022,
OPTSTK,SBICARD,30-Jun-2022,1060.0,CE,0.0,0.0,0.0,14.9,5.55,0,0.0,0,0,18-APR-2022,
OPTSTK,SBICARD,30-Jun-2022,1070.0,CE,0.0,0.0,0.0,13.7,5.0,0,0.0,0,0,18-APR-2022,
OPTSTK,SBICARD,30-Jun-2022,1080.0,CE,0.0,0.0,0.0,12.55,4.45,0,0.0,0,0,18-APR-2022,
OPTSTK,SBICARD,30-Jun-2022,1090.0,CE,0.0,0.0,0.0,11.5,3.95,0,0.0,0,0,18-APR-2022,
OPTSTK,SBICARD,30-Jun-2022,1100.0,CE,0.0,0.0,0.0,10.55,3.55,0,0.0,0,0,18-APR-2022,
OPTSTK,SBICARD,30-Jun-2022,1110.0,CE,0.0,0.0,0.0,9.65,3.15,0,0.0,0,0,18-APR-2022,
OPTSTK,SBICARD,30-Jun-2022,550.0,PE,0.0,0.0,0.0,0.65,0.6,0,0.0,0,0,18-APR-2022,
OPTSTK,SBICARD,30-Jun-2022,560.0,PE,0.0,0.0,0.0,0.85,0.8,0,0.0,0,0,18-APR-2022,
OPTSTK,SBICARD,30-Jun-2022,570.0,PE,0.0,0.0,0.0,1.05,1.05,0,0.0,0,0,18-APR-2022,
OPTSTK,SBICARD,30-Jun-2022,580.0,PE,0.0,0.0,0.0,1.35,1.35,0,0.0,0,0,18-APR-2022,
OPTSTK,SBICARD,30-Jun-2022,590.0,PE,0.0,0.0,0.0,1.7,1.7,0,0.0,0,0,18-APR-2022,
OPTSTK,SBICARD,30-Jun-2022,600.0,PE,0.0,0.0,0.0,2.1,2.2,0,0.0,0,0,18-APR-2022,
OPTSTK,SBICARD,30-Jun-2022,610.0,PE,0.0,0.0,0.0,2.6,2.75,0,0.0,0,0,18-APR-2022,
OPTSTK,SBICARD,30-Jun-2022,620.0,PE,0.0,0.0,0.0,3.2,3.4,0,0.0,0,0,18-APR-2022,
OPTSTK,SBICARD,30-Jun-2022,630.0,PE,0.0,0.0,0.0,3.85,4.2,0,0.0,0,0,18-APR-2022,
OPTSTK,SBICARD,30-Jun-2022,640.0,PE,0.0,0.0,0.0,4.65,5.15,0,0.0,0,0,18-APR-2022,
OPTSTK,SBICARD,30-Jun-2022,650.0,PE,0.0,0.0,0.0,5.55,6.2,0,0.0,0,0,18-APR-2022,
OPTSTK,SBICARD,30-Jun-2022,660.0,PE,0.0,0.0,0.0,6.6,7.45,0,0.0,0,0,18-APR-2022,
OPTSTK,SBICARD,30-Jun-2022,670.0,PE,0.0,0.0,0.0,7.8,8.9,0,0.0,0,0,18-APR-2022,
OPTSTK,SBICARD,30-Jun-2022,680.0,PE,0.0,0.0,0.0,9.1,10.55,0,0.0,0,0,18-APR-2022,
OPTSTK,SBICARD,30-Jun-2022,690.0,PE,0.0,0.0,0.0,10.6,12.35,0,0.0,0,0,18-APR-2022,
OPTSTK,SBICARD,30-Jun-2022,700.0,PE,0.0,0.0,0.0,12.3,14.4,0,0.0,0,0,18-APR-2022,
OPTSTK,SBICARD,30-Jun-2022,710.0,PE,0.0,0.0,0.0,14.15,16.7,0,0.0,0,0,18-APR-2022,
OPTSTK,SBICARD,30-Jun-2022,720.0,PE,0.0,0.0,0.0,16.2,19.25,0,0.0,0,0,18-APR-2022,
OPTSTK,SBICARD,30-Jun-2022,730.0,PE,0.0,0.0,0.0,18.4,22.05,0,0.0,0,0,18-APR-2022,
OPTSTK,SBICARD,30-Jun-2022,740.0,PE,0.0,0.0,0.0,20.9,25.05,0,0.0,0,0,18-APR-2022,
OPTSTK,SBICARD,30-Jun-2022,750.0,PE,0.0,0.0,0.0,23.55,28.35,0,0.0,0,0,18-APR-2022,
OPTSTK,SBICARD,30-Jun-2022,760.0,PE,0.0,0.0,0.0,26.4,31.95,0,0.0,0,0,18-APR-2022,
OPTSTK,SBICARD,30-Jun-2022,770.0,PE,0.0,0.0,0.0,29.5,35.8,0,0.0,0,0,18-APR-2022,
OPTSTK,SBICARD,30-Jun-2022,780.0,PE,0.0,0.0,0.0,32.8,39.9,0,0.0,0,0,18-APR-2022,
OPTSTK,SBICARD,30-Jun-2022,790.0,PE,0.0,0.0,0.0,36.4,44.35,0,0.0,0,0,18-APR-2022,
OPTSTK,SBICARD,30-Jun-2022,800.0,PE,0.0,0.0,0.0,25.0,49.0,0,0.0,2500,0,18-APR-2022,
OPTSTK,SBICARD,30-Jun-2022,810.0,PE,0.0,0.0,0.0,44.25,54.0,0,0.0,0,0,18-APR-2022,
OPTSTK,SBICARD,30-Jun-2022,820.0,PE,0.0,0.0,0.0,48.5,59.2,0,0.0,0,0,18-APR-2022,
OPTSTK,SBICARD,30-Jun-2022,830.0,PE,0.0,0.0,0.0,53.05,64.7,0,0.0,0,0,18-APR-2022,
OPTSTK,SBICARD,30-Jun-2022,840.0,PE,0.0,0.0,0.0,57.8,70.5,0,0.0,0,0,18-APR-2022,
OPTSTK,SBICARD,30-Jun-2022,850.0,PE,0.0,0.0,0.0,62.75,76.5,0,0.0,0,0,18-APR-2022,
OPTSTK,SBICARD,30-Jun-2022,860.0,PE,0.0,0.0,0.0,68.0,82.75,0,0.0,0,0,18-APR-2022,
OPTSTK,SBICARD,30-Jun-2022,870.0,PE,0.0,0.0,0.0,73.4,89.25,0,0.0,0,0,18-APR-2022,
OPTSTK,SBICARD,30-Jun-2022,880.0,PE,0.0,0.0,0.0,79.1,96.0,0,0.0,0,0,18-APR-2022,
OPTSTK,SBICARD,30-Jun-2022,890.0,PE,0.0,0.0,0.0,84.95,102.95,0,0.0,0,0,18-APR-2022,
OPTSTK,SBICARD,30-Jun-2022,900.0,PE,0.0,0.0,0.0,91.05,110.1,0,0.0,0,0,18-APR-2022,
OPTSTK,SBICARD,30-Jun-2022,910.0,PE,0.0,0.0,0.0,97.35,117.5,0,0.0,0,0,18-APR-2022,
OPTSTK,SBICARD,30-Jun-2022,920.0,PE,0.0,0.0,0.0,103.85,125.1,0,0.0,0,0,18-APR-2022,
OPTSTK,SBICARD,30-Jun-2022,930.0,PE,0.0,0.0,0.0,110.55,132.85,0,0.0,0,0,18-APR-2022,
OPTSTK,SBICARD,30-Jun-2022,940.0,PE,0.0,0.0,0.0,117.45,140.7,0,0.0,0,0,18-APR-2022,
OPTSTK,SBICARD,30-Jun-2022,950.0,PE,0.0,0.0,0.0,124.5,148.8,0,0.0,0,0,18-APR-2022,
OPTSTK,SBICARD,30-Jun-2022,960.0,PE,0.0,0.0,0.0,131.7,157.0,0,0.0,0,0,18-APR-2022,
OPTSTK,SBICARD,30-Jun-2022,970.0,PE,0.0,0.0,0.0,139.15,165.4,0,0.0,0,0,18-APR-2022,
OPTSTK,SBICARD,30-Jun-2022,980.0,PE,0.0,0.0,0.0,146.75,173.9,0,0.0,0,0,18-APR-2022,
OPTSTK,SBICARD,30-Jun-2022,990.0,PE,0.0,0.0,0.0,154.45,182.5,0,0.0,0,0,18-APR-2022,
OPTSTK,SBICARD,30-Jun-2022,1000.0,PE,0.0,0.0,0.0,162.3,191.25,0,0.0,0,0,18-APR-2022,
OPTSTK,SBICARD,30-Jun-2022,1010.0,PE,0.0,0.0,0.0,170.3,200.05,0,0.0,0,0,18-APR-2022,
OPTSTK,SBICARD,30-Jun-2022,1020.0,PE,0.0,0.0,0.0,178.4,209.0,0,0.0,0,0,18-APR-2022,
OPTSTK,SBICARD,30-Jun-2022,1030.0,PE,0.0,0.0,0.0,186.65,218.05,0,0.0,0,0,18-APR-2022,
OPTSTK,SBICARD,30-Jun-2022,1040.0,PE,0.0,0.0,0.0,195.0,227.15,0,0.0,0,0,18-APR-2022,
OPTSTK,SBICARD,30-Jun-2022,1050.0,PE,0.0,0.0,0.0,203.5,236.35,0,0.0,0,0,18-APR-2022,
OPTSTK,SBICARD,30-Jun-2022,1060.0,PE,0.0,0.0,0.0,212.05,245.6,0,0.0,0,0,18-APR-2022,
OPTSTK,SBICARD,30-Jun-2022,1070.0,PE,0.0,0.0,0.0,220.75,254.9,0,0.0,0,0,18-APR-2022,
OPTSTK,SBICARD,30-Jun-2022,1080.0,PE,0.0,0.0,0.0,229.5,264.3,0,0.0,0,0,18-APR-2022,
OPTSTK,SBICARD,30-Jun-2022,1090.0,PE,0.0,0.0,0.0,238.35,273.75,0,0.0,0,0,18-APR-2022,
OPTSTK,SBICARD,30-Jun-2022,1100.0,PE,0.0,0.0,0.0,247.25,283.2,0,0.0,0,0,18-APR-2022,
OPTSTK,SBICARD,30-Jun-2022,1110.0,PE,0.0,0.0,0.0,256.25,292.75,0,0.0,0,0,18-APR-2022,
OPTSTK,SBILIFE,28-Apr-2022,820.0,CE,0.0,0.0,0.0,400.6,354.3,0,0.0,0,0,18-APR-2022,
OPTSTK,SBILIFE,28-Apr-2022,830.0,CE,0.0,0.0,0.0,390.85,344.3,0,0.0,0,0,18-APR-2022,
OPTSTK,SBILIFE,28-Apr-2022,840.0,CE,0.0,0.0,0.0,381.05,334.3,0,0.0,0,0,18-APR-2022,
OPTSTK,SBILIFE,28-Apr-2022,850.0,CE,0.0,0.0,0.0,251.0,324.35,0,0.0,1500,0,18-APR-2022,
OPTSTK,SBILIFE,28-Apr-2022,860.0,CE,0.0,0.0,0.0,244.0,314.35,0,0.0,750,0,18-APR-2022,
OPTSTK,SBILIFE,28-Apr-2022,870.0,CE,0.0,0.0,0.0,351.9,304.35,0,0.0,0,0,18-APR-2022,
OPTSTK,SBILIFE,28-Apr-2022,880.0,CE,0.0,0.0,0.0,342.3,294.35,0,0.0,0,0,18-APR-2022,
OPTSTK,SBILIFE,28-Apr-2022,890.0,CE,0.0,0.0,0.0,332.7,284.35,0,0.0,0,0,18-APR-2022,
OPTSTK,SBILIFE,28-Apr-2022,900.0,CE,0.0,0.0,0.0,323.15,274.4,0,0.0,0,0,18-APR-2022,
OPTSTK,SBILIFE,28-Apr-2022,910.0,CE,0.0,0.0,0.0,313.65,264.4,0,0.0,0,0,18-APR-2022,
OPTSTK,SBILIFE,28-Apr-2022,920.0,CE,0.0,0.0,0.0,304.2,254.4,0,0.0,0,0,18-APR-2022,
OPTSTK,SBILIFE,28-Apr-2022,930.0,CE,0.0,0.0,0.0,294.85,244.4,0,0.0,0,0,18-APR-2022,
OPTSTK,SBILIFE,28-Apr-2022,940.0,CE,0.0,0.0,0.0,285.55,234.45,0,0.0,0,0,18-APR-2022,
OPTSTK,SBILIFE,28-Apr-2022,950.0,CE,0.0,0.0,0.0,276.35,224.45,0,0.0,0,0,18-APR-2022,
OPTSTK,SBILIFE,28-Apr-2022,960.0,CE,0.0,0.0,0.0,267.2,214.45,0,0.0,0,0,18-APR-2022,
OPTSTK,SBILIFE,28-Apr-2022,970.0,CE,0.0,0.0,0.0,258.15,204.45,0,0.0,0,0,18-APR-2022,
OPTSTK,SBILIFE,28-Apr-2022,980.0,CE,0.0,0.0,0.0,249.25,194.5,0,0.0,0,0,18-APR-2022,
OPTSTK,SBILIFE,28-Apr-2022,990.0,CE,0.0,0.0,0.0,240.4,184.5,0,0.0,0,0,18-APR-2022,
OPTSTK,SBILIFE,28-Apr-2022,1000.0,CE,0.0,0.0,0.0,129.95,174.55,0,0.0,9000,0,18-APR-2022,
OPTSTK,SBILIFE,28-Apr-2022,1010.0,CE,0.0,0.0,0.0,223.15,164.6,0,0.0,0,0,18-APR-2022,
OPTSTK,SBILIFE,28-Apr-2022,1020.0,CE,0.0,0.0,0.0,214.7,154.65,0,0.0,0,0,18-APR-2022,
OPTSTK,SBILIFE,28-Apr-2022,1030.0,CE,0.0,0.0,0.0,206.4,144.75,0,0.0,0,0,18-APR-2022,
OPTSTK,SBILIFE,28-Apr-2022,1040.0,CE,0.0,0.0,0.0,198.2,134.9,0,0.0,0,0,18-APR-2022,
OPTSTK,SBILIFE,28-Apr-2022,1050.0,CE,0.0,0.0,0.0,95.75,125.15,0,0.0,1500,0,18-APR-2022,
OPTSTK,SBILIFE,28-Apr-2022,1060.0,CE,0.0,0.0,0.0,78.2,115.45,0,0.0,3750,0,18-APR-2022,
OPTSTK,SBILIFE,28-Apr-2022,1070.0,CE,0.0,0.0,0.0,174.65,105.95,0,0.0,0,0,18-APR-2022,
OPTSTK,SBILIFE,28-Apr-2022,1080.0,CE,98.8,98.8,98.8,98.8,96.55,1,8.84,2250,0,18-APR-2022,
OPTSTK,SBILIFE,28-Apr-2022,1090.0,CE,0.0,0.0,0.0,45.1,87.45,0,0.0,4500,0,18-APR-2022,
OPTSTK,SBILIFE,28-Apr-2022,1100.0,CE,55.0,83.9,55.0,71.1,78.6,36,316.16,36750,-12000,18-APR-2022,
OPTSTK,SBILIFE,28-Apr-2022,1110.0,CE,45.35,75.75,45.35,61.1,70.1,13,114.46,38250,-1500,18-APR-2022,
OPTSTK,SBILIFE,28-Apr-2022,1120.0,CE,46.95,63.8,46.65,63.8,62.0,51,448.98,74250,-8250,18-APR-2022,
OPTSTK,SBILIFE,28-Apr-2022,1130.0,CE,33.0,55.25,24.95,48.2,48.2,64,564.35,41250,-12750,18-APR-2022,
OPTSTK,SBILIFE,28-Apr-2022,1140.0,CE,25.0,47.95,22.0,41.8,41.8,424,3745.49,169500,-72750,18-APR-2022,
OPTSTK,SBILIFE,28-Apr-2022,1150.0,CE,22.35,40.5,15.0,34.35,34.35,2374,21013.14,267750,-458250,18-APR-2022,
OPTSTK,SBILIFE,28-Apr-2022,1160.0,CE,12.95,34.15,12.05,27.9,27.9,4740,42210.0,921750,-24000,18-APR-2022,
OPTSTK,SBILIFE,28-Apr-2022,1170.0,CE,12.55,28.0,9.55,22.55,22.55,2350,21009.61,208500,96000,18-APR-2022,
OPTSTK,SBILIFE,28-Apr-2022,1180.0,CE,8.05,23.2,8.0,18.15,18.15,3153,28336.72,508500,-750,18-APR-2022,
OPTSTK,SBILIFE,28-Apr-2022,1190.0,CE,9.0,19.3,5.1,14.9,14.9,1940,17538.44,178500,103500,18-APR-2022,
OPTSTK,SBILIFE,28-Apr-2022,1200.0,CE,7.25,16.0,2.9,12.1,12.1,4093,37222.42,525750,102750,18-APR-2022,
OPTSTK,SBILIFE,28-Apr-2022,1210.0,CE,9.05,13.5,8.35,10.15,10.15,275,2517.67,33750,17250,18-APR-2022,
OPTSTK,SBILIFE,28-Apr-2022,1220.0,CE,1.0,11.45,1.0,8.5,8.5,630,5807.14,95250,38250,18-APR-2022,
OPTSTK,SBILIFE,28-Apr-2022,1230.0,CE,5.9,9.75,5.9,7.1,7.1,202,1875.88,33000,22500,18-APR-2022,
OPTSTK,SBILIFE,28-Apr-2022,1240.0,CE,6.95,8.5,5.5,6.2,6.2,1443,13501.89,273000,258750,18-APR-2022,
OPTSTK,SBILIFE,28-Apr-2022,1250.0,CE,2.1,7.0,2.1,5.1,5.1,785,7390.4,134250,53250,18-APR-2022,
OPTSTK,SBILIFE,28-Apr-2022,1260.0,CE,5.0,6.05,4.1,4.35,4.35,66,626.34,13500,13500,18-APR-2022,
OPTSTK,SBILIFE,28-Apr-2022,1270.0,CE,3.0,5.05,0.4,3.45,2.75,79,755.0,25500,23250,18-APR-2022,
OPTSTK,SBILIFE,28-Apr-2022,1280.0,CE,0.0,0.0,0.0,57.0,2.05,0,0.0,0,0,18-APR-2022,
OPTSTK,SBILIFE,28-Apr-2022,1290.0,CE,0.0,0.0,0.0,53.5,1.5,0,0.0,0,0,18-APR-2022,
OPTSTK,SBILIFE,28-Apr-2022,1300.0,CE,1.1,3.05,1.1,2.25,2.25,661,6457.01,129750,31500,18-APR-2022,
OPTSTK,SBILIFE,28-Apr-2022,1310.0,CE,0.0,0.0,0.0,47.0,0.75,0,0.0,0,0,18-APR-2022,
OPTSTK,SBILIFE,28-Apr-2022,1320.0,CE,0.0,0.0,0.0,44.0,0.55,0,0.0,0,0,18-APR-2022,
OPTSTK,SBILIFE,28-Apr-2022,1330.0,CE,0.0,0.0,0.0,41.15,0.4,0,0.0,0,0,18-APR-2022,
OPTSTK,SBILIFE,28-Apr-2022,1340.0,CE,0.0,0.0,0.0,38.45,0.25,0,0.0,0,0,18-APR-2022,
OPTSTK,SBILIFE,28-Apr-2022,1350.0,CE,0.0,0.0,0.0,35.95,0.2,0,0.0,0,0,18-APR-2022,
OPTSTK,SBILIFE,28-Apr-2022,1360.0,CE,0.0,0.0,0.0,33.55,0.15,0,0.0,0,0,18-APR-2022,
OPTSTK,SBILIFE,28-Apr-2022,1370.0,CE,0.0,0.0,0.0,31.3,0.1,0,0.0,0,0,18-APR-2022,
OPTSTK,SBILIFE,28-Apr-2022,1380.0,CE,0.0,0.0,0.0,29.2,0.05,0,0.0,0,0,18-APR-2022,
OPTSTK,SBILIFE,28-Apr-2022,1390.0,CE,0.0,0.0,0.0,27.1,0.05,0,0.0,0,0,18-APR-2022,
OPTSTK,SBILIFE,28-Apr-2022,1400.0,CE,0.0,0.0,0.0,25.2,0.05,0,0.0,0,0,18-APR-2022,
OPTSTK,SBILIFE,28-Apr-2022,1410.0,CE,0.0,0.0,0.0,23.45,0.05,0,0.0,0,0,18-APR-2022,
OPTSTK,SBILIFE,28-Apr-2022,1420.0,CE,0.0,0.0,0.0,21.75,0.05,0,0.0,0,0,18-APR-2022,
OPTSTK,SBILIFE,28-Apr-2022,1430.0,CE,0.0,0.0,0.0,20.2,0.05,0,0.0,0,0,18-APR-2022,
OPTSTK,SBILIFE,28-Apr-2022,1440.0,CE,0.0,0.0,0.0,18.75,0.0,0,0.0,0,0,18-APR-2022,
OPTSTK,SBILIFE,28-Apr-2022,1450.0,CE,0.0,0.0,0.0,17.35,0.0,0,0.0,0,0,18-APR-2022,
OPTSTK,SBILIFE,28-Apr-2022,1460.0,CE,0.0,0.0,0.0,16.1,0.0,0,0.0,0,0,18-APR-2022,
OPTSTK,SBILIFE,28-Apr-2022,1470.0,CE,0.0,0.0,0.0,14.9,0.0,0,0.0,0,0,18-APR-2022,
OPTSTK,SBILIFE,28-Apr-2022,1480.0,CE,0.0,0.0,0.0,13.75,0.0,0,0.0,0,0,18-APR-2022,
OPTSTK,SBILIFE,28-Apr-2022,1490.0,CE,0.0,0.0,0.0,12.7,0.0,0,0.0,0,0,18-APR-2022,
OPTSTK,SBILIFE,28-Apr-2022,820.0,PE,0.0,0.0,0.0,0.45,0.0,0,0.0,0,0,18-APR-2022,
OPTSTK,SBILIFE,28-Apr-2022,830.0,PE,2.8,2.8,2.8,2.8,0.0,6,37.47,4500,4500,18-APR-2022,
OPTSTK,SBILIFE,28-Apr-2022,840.0,PE,0.0,0.0,0.0,0.65,0.0,0,0.0,0,0,18-APR-2022,
OPTSTK,SBILIFE,28-Apr-2022,850.0,PE,0.0,0.0,0.0,0.8,0.0,0,0.0,0,0,18-APR-2022,
OPTSTK,SBILIFE,28-Apr-2022,860.0,PE,0.0,0.0,0.0,1.0,0.0,0,0.0,0,0,18-APR-2022,
OPTSTK,SBILIFE,28-Apr-2022,870.0,PE,0.0,0.0,0.0,2.4,0.0,0,0.0,0,0,18-APR-2022,
OPTSTK,SBILIFE,28-Apr-2022,880.0,PE,0.0,0.0,0.0,1.45,0.0,0,0.0,0,0,18-APR-2022,
OPTSTK,SBILIFE,28-Apr-2022,890.0,PE,0.0,0.0,0.0,1.75,0.0,0,0.0,0,0,18-APR-2022,
OPTSTK,SBILIFE,28-Apr-2022,900.0,PE,0.0,0.0,0.0,0.35,0.0,0,0.0,4500,0,18-APR-2022,
OPTSTK,SBILIFE,28-Apr-2022,910.0,PE,0.0,0.0,0.0,2.5,0.0,0,0.0,0,0,18-APR-2022,
OPTSTK,SBILIFE,28-Apr-2022,920.0,PE,0.0,0.0,0.0,2.95,0.0,0,0.0,0,0,18-APR-2022,
OPTSTK,SBILIFE,28-Apr-2022,930.0,PE,0.0,0.0,0.0,3.5,0.0,0,0.0,0,0,18-APR-2022,
OPTSTK,SBILIFE,28-Apr-2022,940.0,PE,0.0,0.0,0.0,4.1,0.0,0,0.0,0,0,18-APR-2022,
OPTSTK,SBILIFE,28-Apr-2022,950.0,PE,0.0,0.0,0.0,0.95,0.0,0,0.0,1500,0,18-APR-2022,
OPTSTK,SBILIFE,28-Apr-2022,960.0,PE,0.0,0.0,0.0,5.55,0.0,0,0.0,0,0,18-APR-2022,
OPTSTK,SBILIFE,28-Apr-2022,970.0,PE,0.0,0.0,0.0,6.4,0.05,0,0.0,0,0,18-APR-2022,
OPTSTK,SBILIFE,28-Apr-2022,980.0,PE,0.0,0.0,0.0,1.0,0.05,0,0.0,3750,0,18-APR-2022,
OPTSTK,SBILIFE,28-Apr-2022,990.0,PE,0.0,0.0,0.0,8.45,0.05,0,0.0,0,0,18-APR-2022,
OPTSTK,SBILIFE,28-Apr-2022,1000.0,PE,1.0,1.25,0.7,1.25,0.05,37,277.74,77250,6750,18-APR-2022,
OPTSTK,SBILIFE,28-Apr-2022,1010.0,PE,0.0,0.0,0.0,10.95,0.1,0,0.0,0,0,18-APR-2022,
OPTSTK,SBILIFE,28-Apr-2022,1020.0,PE,0.0,0.0,0.0,1.5,0.15,0,0.0,9000,0,18-APR-2022,
OPTSTK,SBILIFE,28-Apr-2022,1030.0,PE,0.0,0.0,0.0,2.1,0.25,0,0.0,7500,0,18-APR-2022,
OPTSTK,SBILIFE,28-Apr-2022,1040.0,PE,0.0,0.0,0.0,2.05,0.4,0,0.0,15000,0,18-APR-2022,
OPTSTK,SBILIFE,28-Apr-2022,1050.0,PE,1.45,2.5,1.15,1.9,1.9,205,1617.11,76500,5250,18-APR-2022,
OPTSTK,SBILIFE,28-Apr-2022,1060.0,PE,1.05,2.5,1.05,2.0,2.0,41,326.37,90750,-3750,18-APR-2022,
OPTSTK,SBILIFE,28-Apr-2022,1070.0,PE,1.7,3.0,1.65,3.0,1.35,14,112.56,22500,5250,18-APR-2022,
OPTSTK,SBILIFE,28-Apr-2022,1080.0,PE,3.1,3.5,1.7,2.5,2.5,197,1599.44,35250,0,18-APR-2022,
OPTSTK,SBILIFE,28-Apr-2022,1090.0,PE,7.0,7.0,2.05,2.8,2.8,144,1180.65,60750,-1500,18-APR-2022,
OPTSTK,SBILIFE,28-Apr-2022,1100.0,PE,9.05,9.05,2.4,3.25,3.25,723,5985.28,159000,28500,18-APR-2022,
OPTSTK,SBILIFE,28-Apr-2022,1110.0,PE,6.75,6.75,2.8,3.65,3.65,186,1554.29,35250,0,18-APR-2022,
OPTSTK,SBILIFE,28-Apr-2022,1120.0,PE,12.1,12.1,3.4,4.55,4.55,390,3291.67,81000,-21750,18-APR-2022,
OPTSTK,SBILIFE,28-Apr-2022,1130.0,PE,17.8,17.8,4.35,5.7,5.7,363,3095.73,56250,-12750,18-APR-2022,
OPTSTK,SBILIFE,28-Apr-2022,1140.0,PE,19.65,19.65,5.9,7.35,7.35,795,6851.16,111750,15750,18-APR-2022,
OPTSTK,SBILIFE,28-Apr-2022,1150.0,PE,20.95,22.45,8.3,10.0,10.0,1144,9972.41,171750,66750,18-APR-2022,
OPTSTK,SBILIFE,28-Apr-2022,1160.0,PE,25.8,25.8,11.4,13.5,13.5,1227,10812.61,83250,23250,18-APR-2022,
OPTSTK,SBILIFE,28-Apr-2022,1170.0,PE,22.7,24.5,16.0,18.2,18.2,572,5102.41,52500,52500,18-APR-2022,
OPTSTK,SBILIFE,28-Apr-2022,1180.0,PE,31.25,31.25,21.0,23.55,23.55,283,2555.98,25500,22500,18-APR-2022,
OPTSTK,SBILIFE,28-Apr-2022,1190.0,PE,0.0,0.0,0.0,62.8,35.15,0,0.0,0,0,18-APR-2022,
OPTSTK,SBILIFE,28-Apr-2022,1200.0,PE,51.45,51.45,34.0,37.65,37.65,24,223.3,11250,-3750,18-APR-2022,
OPTSTK,SBILIFE,28-Apr-2022,1210.0,PE,0.0,0.0,0.0,72.4,48.3,0,0.0,0,0,18-APR-2022,
OPTSTK,SBILIFE,28-Apr-2022,1220.0,PE,0.0,0.0,0.0,77.45,55.65,0,0.0,0,0,18-APR-2022,
OPTSTK,SBILIFE,28-Apr-2022,1230.0,PE,0.0,0.0,0.0,82.75,63.4,0,0.0,0,0,18-APR-2022,
OPTSTK,SBILIFE,28-Apr-2022,1240.0,PE,0.0,0.0,0.0,88.25,71.55,0,0.0,0,0,18-APR-2022,
OPTSTK,SBILIFE,28-Apr-2022,1250.0,PE,0.0,0.0,0.0,93.9,80.05,0,0.0,0,0,18-APR-2022,
OPTSTK,SBILIFE,28-Apr-2022,1260.0,PE,0.0,0.0,0.0,99.75,88.9,0,0.0,0,0,18-APR-2022,
OPTSTK,SBILIFE,28-Apr-2022,1270.0,PE,0.0,0.0,0.0,105.8,97.95,0,0.0,0,0,18-APR-2022,
OPTSTK,SBILIFE,28-Apr-2022,1280.0,PE,0.0,0.0,0.0,112.0,107.25,0,0.0,0,0,18-APR-2022,
OPTSTK,SBILIFE,28-Apr-2022,1290.0,PE,0.0,0.0,0.0,118.4,116.7,0,0.0,0,0,18-APR-2022,
OPTSTK,SBILIFE,28-Apr-2022,1300.0,PE,0.0,0.0,0.0,163.0,126.25,0,0.0,7500,0,18-APR-2022,
OPTSTK,SBILIFE,28-Apr-2022,1310.0,PE,0.0,0.0,0.0,131.7,135.95,0,0.0,0,0,18-APR-2022,
OPTSTK,SBILIFE,28-Apr-2022,1320.0,PE,0.0,0.0,0.0,138.6,145.7,0,0.0,0,0,18-APR-2022,
OPTSTK,SBILIFE,28-Apr-2022,1330.0,PE,0.0,0.0,0.0,145.65,155.55,0,0.0,0,0,18-APR-2022,
OPTSTK,SBILIFE,28-Apr-2022,1340.0,PE,0.0,0.0,0.0,152.85,165.4,0,0.0,0,0,18-APR-2022,
OPTSTK,SBILIFE,28-Apr-2022,1350.0,PE,0.0,0.0,0.0,160.25,175.3,0,0.0,0,0,18-APR-2022,
OPTSTK,SBILIFE,28-Apr-2022,1360.0,PE,0.0,0.0,0.0,167.75,185.25,0,0.0,0,0,18-APR-2022,
OPTSTK,SBILIFE,28-Apr-2022,1370.0,PE,0.0,0.0,0.0,175.4,195.2,0,0.0,0,0,18-APR-2022,
OPTSTK,SBILIFE,28-Apr-2022,1380.0,PE,0.0,0.0,0.0,183.15,205.15,0,0.0,0,0,18-APR-2022,
OPTSTK,SBILIFE,28-Apr-2022,1390.0,PE,0.0,0.0,0.0,191.0,215.15,0,0.0,0,0,18-APR-2022,
OPTSTK,SBILIFE,28-Apr-2022,1400.0,PE,0.0,0.0,0.0,199.0,225.1,0,0.0,0,0,18-APR-2022,
OPTSTK,SBILIFE,28-Apr-2022,1410.0,PE,0.0,0.0,0.0,207.1,235.1,0,0.0,0,0,18-APR-2022,
OPTSTK,SBILIFE,28-Apr-2022,1420.0,PE,0.0,0.0,0.0,215.35,245.1,0,0.0,0,0,18-APR-2022,
OPTSTK,SBILIFE,28-Apr-2022,1430.0,PE,0.0,0.0,0.0,223.65,255.05,0,0.0,0,0,18-APR-2022,
OPTSTK,SBILIFE,28-Apr-2022,1440.0,PE,0.0,0.0,0.0,232.1,265.05,0,0.0,0,0,18-APR-2022,
OPTSTK,SBILIFE,28-Apr-2022,1450.0,PE,0.0,0.0,0.0,240.6,275.05,0,0.0,0,0,18-APR-2022,
OPTSTK,SBILIFE,28-Apr-2022,1460.0,PE,0.0,0.0,0.0,249.2,285.05,0,0.0,0,0,18-APR-2022,
OPTSTK,SBILIFE,28-Apr-2022,1470.0,PE,0.0,0.0,0.0,257.9,295.0,0,0.0,0,0,18-APR-2022,
OPTSTK,SBILIFE,28-Apr-2022,1480.0,PE,0.0,0.0,0.0,266.7,305.0,0,0.0,0,0,18-APR-2022,
OPTSTK,SBILIFE,28-Apr-2022,1490.0,PE,0.0,0.0,0.0,275.55,315.0,0,0.0,0,0,18-APR-2022,
OPTSTK,SBILIFE,26-May-2022,820.0,CE,0.0,0.0,0.0,246.55,357.0,0,0.0,0,0,18-APR-2022,
OPTSTK,SBILIFE,26-May-2022,830.0,CE,0.0,0.0,0.0,237.35,347.05,0,0.0,0,0,18-APR-2022,
OPTSTK,SBILIFE,26-May-2022,840.0,CE,0.0,0.0,0.0,228.3,337.1,0,0.0,0,0,18-APR-2022,
OPTSTK,SBILIFE,26-May-2022,850.0,CE,0.0,0.0,0.0,219.35,327.15,0,0.0,0,0,18-APR-2022,
OPTSTK,SBILIFE,26-May-2022,860.0,CE,0.0,0.0,0.0,210.5,317.25,0,0.0,0,0,18-APR-2022,
OPTSTK,SBILIFE,26-May-2022,870.0,CE,0.0,0.0,0.0,201.8,307.3,0,0.0,0,0,18-APR-2022,
OPTSTK,SBILIFE,26-May-2022,880.0,CE,0.0,0.0,0.0,193.25,297.4,0,0.0,0,0,18-APR-2022,
OPTSTK,SBILIFE,26-May-2022,890.0,CE,0.0,0.0,0.0,184.85,287.5,0,0.0,0,0,18-APR-2022,
OPTSTK,SBILIFE,26-May-2022,900.0,CE,0.0,0.0,0.0,176.6,277.65,0,0.0,0,0,18-APR-2022,
OPTSTK,SBILIFE,26-May-2022,910.0,CE,0.0,0.0,0.0,168.5,267.75,0,0.0,0,0,18-APR-2022,
OPTSTK,SBILIFE,26-May-2022,920.0,CE,0.0,0.0,0.0,160.6,257.95,0,0.0,0,0,18-APR-2022,
OPTSTK,SBILIFE,26-May-2022,930.0,CE,0.0,0.0,0.0,152.9,248.15,0,0.0,0,0,18-APR-2022,
OPTSTK,SBILIFE,26-May-2022,940.0,CE,0.0,0.0,0.0,145.4,238.4,0,0.0,0,0,18-APR-2022,
OPTSTK,SBILIFE,26-May-2022,950.0,CE,0.0,0.0,0.0,138.1,228.7,0,0.0,0,0,18-APR-2022,
OPTSTK,SBILIFE,26-May-2022,960.0,CE,0.0,0.0,0.0,131.0,219.1,0,0.0,0,0,18-APR-2022,
OPTSTK,SBILIFE,26-May-2022,970.0,CE,0.0,0.0,0.0,124.05,209.55,0,0.0,0,0,18-APR-2022,
OPTSTK,SBILIFE,26-May-2022,980.0,CE,0.0,0.0,0.0,117.35,200.1,0,0.0,0,0,18-APR-2022,
OPTSTK,SBILIFE,26-May-2022,990.0,CE,0.0,0.0,0.0,110.9,190.7,0,0.0,0,0,18-APR-2022,
OPTSTK,SBILIFE,26-May-2022,1000.0,CE,0.0,0.0,0.0,104.7,181.45,0,0.0,0,0,18-APR-2022,
OPTSTK,SBILIFE,26-May-2022,1010.0,CE,0.0,0.0,0.0,98.7,172.35,0,0.0,0,0,18-APR-2022,
OPTSTK,SBILIFE,26-May-2022,1020.0,CE,0.0,0.0,0.0,92.9,163.35,0,0.0,0,0,18-APR-2022,
OPTSTK,SBILIFE,26-May-2022,1030.0,CE,0.0,0.0,0.0,87.4,154.55,0,0.0,0,0,18-APR-2022,
OPTSTK,SBILIFE,26-May-2022,1040.0,CE,0.0,0.0,0.0,82.1,145.9,0,0.0,0,0,18-APR-2022,
OPTSTK,SBILIFE,26-May-2022,1050.0,CE,0.0,0.0,0.0,77.0,137.5,0,0.0,0,0,18-APR-2022,
OPTSTK,SBILIFE,26-May-2022,1060.0,CE,0.0,0.0,0.0,72.15,129.25,0,0.0,0,0,18-APR-2022,
OPTSTK,SBILIFE,26-May-2022,1070.0,CE,0.0,0.0,0.0,67.5,121.25,0,0.0,0,0,18-APR-2022,
OPTSTK,SBILIFE,26-May-2022,1080.0,CE,0.0,0.0,0.0,63.1,113.45,0,0.0,0,0,18-APR-2022,
OPTSTK,SBILIFE,26-May-2022,1090.0,CE,0.0,0.0,0.0,58.9,106.0,0,0.0,0,0,18-APR-2022,
OPTSTK,SBILIFE,26-May-2022,1100.0,CE,100.0,100.0,100.0,100.0,98.75,1,9.0,750,0,18-APR-2022,
OPTSTK,SBILIFE,26-May-2022,1110.0,CE,0.0,0.0,0.0,51.15,91.7,0,0.0,0,0,18-APR-2022,
OPTSTK,SBILIFE,26-May-2022,1120.0,CE,0.0,0.0,0.0,47.6,85.0,0,0.0,0,0,18-APR-2022,
OPTSTK,SBILIFE,26-May-2022,1130.0,CE,0.0,0.0,0.0,44.25,78.65,0,0.0,0,0,18-APR-2022,
OPTSTK,SBILIFE,26-May-2022,1140.0,CE,66.95,66.95,66.95,66.95,72.55,1,9.05,2250,750,18-APR-2022,
OPTSTK,SBILIFE,26-May-2022,1150.0,CE,0.0,0.0,0.0,47.9,66.75,0,0.0,3000,0,18-APR-2022,
OPTSTK,SBILIFE,26-May-2022,1160.0,CE,52.0,52.0,52.0,52.0,61.3,1,9.09,3000,750,18-APR-2022,
OPTSTK,SBILIFE,26-May-2022,1170.0,CE,0.0,0.0,0.0,32.6,56.1,0,0.0,0,0,18-APR-2022,
OPTSTK,SBILIFE,26-May-2022,1180.0,CE,0.0,0.0,0.0,30.2,51.25,0,0.0,0,0,18-APR-2022,
OPTSTK,SBILIFE,26-May-2022,1190.0,CE,0.0,0.0,0.0,27.9,46.65,0,0.0,0,0,18-APR-2022,
OPTSTK,SBILIFE,26-May-2022,1200.0,CE,0.0,0.0,0.0,25.75,42.4,0,0.0,0,0,18-APR-2022,
OPTSTK,SBILIFE,26-May-2022,1210.0,CE,0.0,0.0,0.0,23.65,38.45,0,0.0,0,0,18-APR-2022,
OPTSTK,SBILIFE,26-May-2022,1220.0,CE,0.0,0.0,0.0,21.8,34.75,0,0.0,0,0,18-APR-2022,
OPTSTK,SBILIFE,26-May-2022,1230.0,CE,0.0,0.0,0.0,20.05,31.3,0,0.0,0,0,18-APR-2022,
OPTSTK,SBILIFE,26-May-2022,1240.0,CE,0.0,0.0,0.0,18.4,28.15,0,0.0,0,0,18-APR-2022,
OPTSTK,SBILIFE,26-May-2022,1250.0,CE,0.0,0.0,0.0,16.9,25.25,0,0.0,0,0,18-APR-2022,
OPTSTK,SBILIFE,26-May-2022,1260.0,CE,0.0,0.0,0.0,15.5,22.6,0,0.0,0,0,18-APR-2022,
OPTSTK,SBILIFE,26-May-2022,1270.0,CE,0.0,0.0,0.0,14.2,20.25,0,0.0,0,0,18-APR-2022,
OPTSTK,SBILIFE,26-May-2022,1280.0,CE,0.0,0.0,0.0,12.95,18.0,0,0.0,0,0,18-APR-2022,
OPTSTK,SBILIFE,26-May-2022,1290.0,CE,0.0,0.0,0.0,11.85,16.0,0,0.0,0,0,18-APR-2022,
OPTSTK,SBILIFE,26-May-2022,1300.0,CE,0.0,0.0,0.0,10.85,14.15,0,0.0,0,0,18-APR-2022,
OPTSTK,SBILIFE,26-May-2022,1310.0,CE,0.0,0.0,0.0,9.9,12.55,0,0.0,0,0,18-APR-2022,
OPTSTK,SBILIFE,26-May-2022,1320.0,CE,0.0,0.0,0.0,9.0,11.05,0,0.0,0,0,18-APR-2022,
OPTSTK,SBILIFE,26-May-2022,1330.0,CE,0.0,0.0,0.0,8.2,9.7,0,0.0,0,0,18-APR-2022,
OPTSTK,SBILIFE,26-May-2022,1340.0,CE,0.0,0.0,0.0,7.45,8.55,0,0.0,0,0,18-APR-2022,
OPTSTK,SBILIFE,26-May-2022,1350.0,CE,0.0,0.0,0.0,6.8,7.45,0,0.0,0,0,18-APR-2022,
OPTSTK,SBILIFE,26-May-2022,1360.0,CE,0.0,0.0,0.0,6.15,6.55,0,0.0,0,0,18-APR-2022,
OPTSTK,SBILIFE,26-May-2022,1370.0,CE,0.0,0.0,0.0,5.6,5.7,0,0.0,0,0,18-APR-2022,
OPTSTK,SBILIFE,26-May-2022,1380.0,CE,0.0,0.0,0.0,5.1,4.95,0,0.0,0,0,18-APR-2022,
OPTSTK,SBILIFE,26-May-2022,1390.0,CE,0.0,0.0,0.0,4.6,4.3,0,0.0,0,0,18-APR-2022,
OPTSTK,SBILIFE,26-May-2022,1400.0,CE,0.0,0.0,0.0,4.2,3.7,0,0.0,0,0,18-APR-2022,
OPTSTK,SBILIFE,26-May-2022,1410.0,CE,0.0,0.0,0.0,3.8,3.2,0,0.0,0,0,18-APR-2022,
OPTSTK,SBILIFE,26-May-2022,1420.0,CE,0.0,0.0,0.0,3.4,2.75,0,0.0,0,0,18-APR-2022,
OPTSTK,SBILIFE,26-May-2022,1430.0,CE,0.0,0.0,0.0,3.1,2.4,0,0.0,0,0,18-APR-2022,
OPTSTK,SBILIFE,26-May-2022,1440.0,CE,0.0,0.0,0.0,2.8,2.05,0,0.0,0,0,18-APR-2022,
OPTSTK,SBILIFE,26-May-2022,1450.0,CE,0.0,0.0,0.0,2.5,1.75,0,0.0,0,0,18-APR-2022,
OPTSTK,SBILIFE,26-May-2022,820.0,PE,0.0,0.0,0.0,3.75,0.05,0,0.0,0,0,18-APR-2022,
OPTSTK,SBILIFE,26-May-2022,830.0,PE,0.0,0.0,0.0,4.5,0.05,0,0.0,0,0,18-APR-2022,
OPTSTK,SBILIFE,26-May-2022,840.0,PE,0.0,0.0,0.0,5.3,0.05,0,0.0,0,0,18-APR-2022,
OPTSTK,SBILIFE,26-May-2022,850.0,PE,0.0,0.0,0.0,6.25,0.05,0,0.0,0,0,18-APR-2022,
OPTSTK,SBILIFE,26-May-2022,860.0,PE,0.0,0.0,0.0,7.3,0.1,0,0.0,0,0,18-APR-2022,
OPTSTK,SBILIFE,26-May-2022,870.0,PE,0.0,0.0,0.0,8.5,0.15,0,0.0,0,0,18-APR-2022,
OPTSTK,SBILIFE,26-May-2022,880.0,PE,0.0,0.0,0.0,9.8,0.15,0,0.0,0,0,18-APR-2022,
OPTSTK,SBILIFE,26-May-2022,890.0,PE,0.0,0.0,0.0,11.3,0.25,0,0.0,0,0,18-APR-2022,
OPTSTK,SBILIFE,26-May-2022,900.0,PE,0.0,0.0,0.0,12.95,0.3,0,0.0,0,0,18-APR-2022,
OPTSTK,SBILIFE,26-May-2022,910.0,PE,0.0,0.0,0.0,14.8,0.4,0,0.0,0,0,18-APR-2022,
OPTSTK,SBILIFE,26-May-2022,920.0,PE,0.0,0.0,0.0,16.8,0.55,0,0.0,0,0,18-APR-2022,
OPTSTK,SBILIFE,26-May-2022,930.0,PE,0.0,0.0,0.0,18.95,0.7,0,0.0,0,0,18-APR-2022,
OPTSTK,SBILIFE,26-May-2022,940.0,PE,0.0,0.0,0.0,21.35,0.9,0,0.0,0,0,18-APR-2022,
OPTSTK,SBILIFE,26-May-2022,950.0,PE,0.0,0.0,0.0,23.95,1.2,0,0.0,0,0,18-APR-2022,
OPTSTK,SBILIFE,26-May-2022,960.0,PE,0.0,0.0,0.0,26.75,1.5,0,0.0,0,0,18-APR-2022,
OPTSTK,SBILIFE,26-May-2022,970.0,PE,0.0,0.0,0.0,29.7,1.9,0,0.0,0,0,18-APR-2022,
OPTSTK,SBILIFE,26-May-2022,980.0,PE,0.0,0.0,0.0,32.9,2.4,0,0.0,0,0,18-APR-2022,
OPTSTK,SBILIFE,26-May-2022,990.0,PE,0.0,0.0,0.0,36.35,3.0,0,0.0,0,0,18-APR-2022,
OPTSTK,SBILIFE,26-May-2022,1000.0,PE,0.0,0.0,0.0,40.0,3.7,0,0.0,0,0,18-APR-2022,
OPTSTK,SBILIFE,26-May-2022,1010.0,PE,0.0,0.0,0.0,43.9,4.55,0,0.0,0,0,18-APR-2022,
OPTSTK,SBILIFE,26-May-2022,1020.0,PE,0.0,0.0,0.0,48.05,5.5,0,0.0,0,0,18-APR-2022,
OPTSTK,SBILIFE,26-May-2022,1030.0,PE,0.0,0.0,0.0,52.4,6.65,0,0.0,0,0,18-APR-2022,
OPTSTK,SBILIFE,26-May-2022,1040.0,PE,0.0,0.0,0.0,57.0,8.0,0,0.0,0,0,18-APR-2022,
OPTSTK,SBILIFE,26-May-2022,1050.0,PE,0.0,0.0,0.0,61.8,9.5,0,0.0,0,0,18-APR-2022,
OPTSTK,SBILIFE,26-May-2022,1060.0,PE,0.0,0.0,0.0,66.85,11.2,0,0.0,0,0,18-APR-2022,
OPTSTK,SBILIFE,26-May-2022,1070.0,PE,0.0,0.0,0.0,72.1,13.15,0,0.0,0,0,18-APR-2022,
OPTSTK,SBILIFE,26-May-2022,1080.0,PE,0.0,0.0,0.0,40.0,15.35,0,0.0,0,0,18-APR-2022,
OPTSTK,SBILIFE,26-May-2022,1090.0,PE,0.0,0.0,0.0,83.3,17.85,0,0.0,0,0,18-APR-2022,
OPTSTK,SBILIFE,26-May-2022,1100.0,PE,19.95,19.95,18.95,18.95,20.55,2,16.79,2250,-750,18-APR-2022,
OPTSTK,SBILIFE,26-May-2022,1110.0,PE,0.0,0.0,0.0,95.35,23.45,0,0.0,0,0,18-APR-2022,
OPTSTK,SBILIFE,26-May-2022,1120.0,PE,0.0,0.0,0.0,101.7,26.75,0,0.0,0,0,18-APR-2022,
OPTSTK,SBILIFE,26-May-2022,1130.0,PE,0.0,0.0,0.0,108.2,30.3,0,0.0,0,0,18-APR-2022,
OPTSTK,SBILIFE,26-May-2022,1140.0,PE,14.45,25.0,14.45,25.0,34.15,2,17.39,1500,1500,18-APR-2022,
OPTSTK,SBILIFE,26-May-2022,1150.0,PE,0.0,0.0,0.0,121.85,38.35,0,0.0,0,0,18-APR-2022,
OPTSTK,SBILIFE,26-May-2022,1160.0,PE,25.0,25.0,25.0,25.0,42.8,1,8.88,750,750,18-APR-2022,
OPTSTK,SBILIFE,26-May-2022,1170.0,PE,0.0,0.0,0.0,136.15,47.6,0,0.0,0,0,18-APR-2022,
OPTSTK,SBILIFE,26-May-2022,1180.0,PE,0.0,0.0,0.0,143.65,52.65,0,0.0,0,0,18-APR-2022,
OPTSTK,SBILIFE,26-May-2022,1190.0,PE,0.0,0.0,0.0,151.25,58.05,0,0.0,0,0,18-APR-2022,
OPTSTK,SBILIFE,26-May-2022,1200.0,PE,0.0,0.0,0.0,158.95,63.75,0,0.0,0,0,18-APR-2022,
OPTSTK,SBILIFE,26-May-2022,1210.0,PE,0.0,0.0,0.0,166.8,69.75,0,0.0,0,0,18-APR-2022,
OPTSTK,SBILIFE,26-May-2022,1220.0,PE,0.0,0.0,0.0,174.8,76.0,0,0.0,0,0,18-APR-2022,
OPTSTK,SBILIFE,26-May-2022,1230.0,PE,0.0,0.0,0.0,182.95,82.55,0,0.0,0,0,18-APR-2022,
OPTSTK,SBILIFE,26-May-2022,1240.0,PE,0.0,0.0,0.0,191.2,89.35,0,0.0,0,0,18-APR-2022,
OPTSTK,SBILIFE,26-May-2022,1250.0,PE,0.0,0.0,0.0,199.6,96.4,0,0.0,0,0,18-APR-2022,
OPTSTK,SBILIFE,26-May-2022,1260.0,PE,0.0,0.0,0.0,208.1,103.7,0,0.0,0,0,18-APR-2022,
OPTSTK,SBILIFE,26-May-2022,1270.0,PE,0.0,0.0,0.0,216.7,111.3,0,0.0,0,0,18-APR-2022,
OPTSTK,SBILIFE,26-May-2022,1280.0,PE,0.0,0.0,0.0,225.4,119.0,0,0.0,0,0,18-APR-2022,
OPTSTK,SBILIFE,26-May-2022,1290.0,PE,0.0,0.0,0.0,234.15,126.95,0,0.0,0,0,18-APR-2022,
OPTSTK,SBILIFE,26-May-2022,1300.0,PE,0.0,0.0,0.0,243.05,135.1,0,0.0,0,0,18-APR-2022,
OPTSTK,SBILIFE,26-May-2022,1310.0,PE,0.0,0.0,0.0,251.95,143.4,0,0.0,0,0,18-APR-2022,
OPTSTK,SBILIFE,26-May-2022,1320.0,PE,0.0,0.0,0.0,261.0,151.85,0,0.0,0,0,18-APR-2022,
OPTSTK,SBILIFE,26-May-2022,1330.0,PE,0.0,0.0,0.0,270.1,160.5,0,0.0,0,0,18-APR-2022,
OPTSTK,SBILIFE,26-May-2022,1340.0,PE,0.0,0.0,0.0,279.25,169.25,0,0.0,0,0,18-APR-2022,
OPTSTK,SBILIFE,26-May-2022,1350.0,PE,0.0,0.0,0.0,288.45,178.15,0,0.0,0,0,18-APR-2022,
OPTSTK,SBILIFE,26-May-2022,1360.0,PE,0.0,0.0,0.0,297.75,187.15,0,0.0,0,0,18-APR-2022,
OPTSTK,SBILIFE,26-May-2022,1370.0,PE,0.0,0.0,0.0,307.05,196.3,0,0.0,0,0,18-APR-2022,
OPTSTK,SBILIFE,26-May-2022,1380.0,PE,0.0,0.0,0.0,316.45,205.5,0,0.0,0,0,18-APR-2022,
OPTSTK,SBILIFE,26-May-2022,1390.0,PE,0.0,0.0,0.0,325.85,214.8,0,0.0,0,0,18-APR-2022,
OPTSTK,SBILIFE,26-May-2022,1400.0,PE,0.0,0.0,0.0,335.35,224.2,0,0.0,0,0,18-APR-2022,
OPTSTK,SBILIFE,26-May-2022,1410.0,PE,0.0,0.0,0.0,344.8,233.65,0,0.0,0,0,18-APR-2022,
OPTSTK,SBILIFE,26-May-2022,1420.0,PE,0.0,0.0,0.0,354.35,243.15,0,0.0,0,0,18-APR-2022,
OPTSTK,SBILIFE,26-May-2022,1430.0,PE,0.0,0.0,0.0,363.95,252.7,0,0.0,0,0,18-APR-2022,
OPTSTK,SBILIFE,26-May-2022,1440.0,PE,0.0,0.0,0.0,373.5,262.35,0,0.0,0,0,18-APR-2022,
OPTSTK,SBILIFE,26-May-2022,1450.0,PE,0.0,0.0,0.0,383.15,272.0,0,0.0,0,0,18-APR-2022,
OPTSTK,SBILIFE,30-Jun-2022,820.0,CE,0.0,0.0,0.0,312.0,360.75,0,0.0,0,0,18-APR-2022,
OPTSTK,SBILIFE,30-Jun-2022,830.0,CE,0.0,0.0,0.0,302.5,350.95,0,0.0,0,0,18-APR-2022,
OPTSTK,SBILIFE,30-Jun-2022,840.0,CE,0.0,0.0,0.0,293.05,341.15,0,0.0,0,0,18-APR-2022,
OPTSTK,SBILIFE,30-Jun-2022,850.0,CE,0.0,0.0,0.0,283.7,331.4,0,0.0,0,0,18-APR-2022,
OPTSTK,SBILIFE,30-Jun-2022,860.0,CE,0.0,0.0,0.0,274.4,321.7,0,0.0,0,0,18-APR-2022,
OPTSTK,SBILIFE,30-Jun-2022,870.0,CE,0.0,0.0,0.0,265.2,312.05,0,0.0,0,0,18-APR-2022,
OPTSTK,SBILIFE,30-Jun-2022,880.0,CE,0.0,0.0,0.0,256.05,302.45,0,0.0,0,0,18-APR-2022,
OPTSTK,SBILIFE,30-Jun-2022,890.0,CE,0.0,0.0,0.0,247.05,292.85,0,0.0,0,0,18-APR-2022,
OPTSTK,SBILIFE,30-Jun-2022,900.0,CE,0.0,0.0,0.0,238.15,283.35,0,0.0,0,0,18-APR-2022,
OPTSTK,SBILIFE,30-Jun-2022,910.0,CE,0.0,0.0,0.0,229.35,273.9,0,0.0,0,0,18-APR-2022,
OPTSTK,SBILIFE,30-Jun-2022,920.0,CE,0.0,0.0,0.0,220.7,264.55,0,0.0,0,0,18-APR-2022,
OPTSTK,SBILIFE,30-Jun-2022,930.0,CE,0.0,0.0,0.0,212.15,255.25,0,0.0,0,0,18-APR-2022,
OPTSTK,SBILIFE,30-Jun-2022,940.0,CE,0.0,0.0,0.0,203.75,246.1,0,0.0,0,0,18-APR-2022,
OPTSTK,SBILIFE,30-Jun-2022,950.0,CE,0.0,0.0,0.0,195.5,237.0,0,0.0,0,0,18-APR-2022,
OPTSTK,SBILIFE,30-Jun-2022,960.0,CE,0.0,0.0,0.0,187.4,228.0,0,0.0,0,0,18-APR-2022,
OPTSTK,SBILIFE,30-Jun-2022,970.0,CE,0.0,0.0,0.0,179.45,219.15,0,0.0,0,0,18-APR-2022,
OPTSTK,SBILIFE,30-Jun-2022,980.0,CE,0.0,0.0,0.0,171.7,210.4,0,0.0,0,0,18-APR-2022,
OPTSTK,SBILIFE,30-Jun-2022,990.0,CE,0.0,0.0,0.0,164.1,201.8,0,0.0,0,0,18-APR-2022,
OPTSTK,SBILIFE,30-Jun-2022,1000.0,CE,0.0,0.0,0.0,156.75,193.35,0,0.0,0,0,18-APR-2022,
OPTSTK,SBILIFE,30-Jun-2022,1010.0,CE,0.0,0.0,0.0,149.5,185.05,0,0.0,0,0,18-APR-2022,
OPTSTK,SBILIFE,30-Jun-2022,1020.0,CE,0.0,0.0,0.0,142.45,176.9,0,0.0,0,0,18-APR-2022,
OPTSTK,SBILIFE,30-Jun-2022,1030.0,CE,0.0,0.0,0.0,135.55,168.9,0,0.0,0,0,18-APR-2022,
OPTSTK,SBILIFE,30-Jun-2022,1040.0,CE,0.0,0.0,0.0,128.95,161.1,0,0.0,0,0,18-APR-2022,
OPTSTK,SBILIFE,30-Jun-2022,1050.0,CE,0.0,0.0,0.0,122.5,153.5,0,0.0,0,0,18-APR-2022,
OPTSTK,SBILIFE,30-Jun-2022,1060.0,CE,0.0,0.0,0.0,116.3,146.1,0,0.0,0,0,18-APR-2022,
OPTSTK,SBILIFE,30-Jun-2022,1070.0,CE,0.0,0.0,0.0,110.25,138.9,0,0.0,0,0,18-APR-2022,
OPTSTK,SBILIFE,30-Jun-2022,1080.0,CE,0.0,0.0,0.0,104.45,131.85,0,0.0,0,0,18-APR-2022,
OPTSTK,SBILIFE,30-Jun-2022,1090.0,CE,0.0,0.0,0.0,98.85,125.0,0,0.0,0,0,18-APR-2022,
OPTSTK,SBILIFE,30-Jun-2022,1100.0,CE,0.0,0.0,0.0,93.45,118.4,0,0.0,0,0,18-APR-2022,
OPTSTK,SBILIFE,30-Jun-2022,1110.0,CE,0.0,0.0,0.0,88.25,112.0,0,0.0,0,0,18-APR-2022,
OPTSTK,SBILIFE,30-Jun-2022,1120.0,CE,0.0,0.0,0.0,83.25,105.85,0,0.0,0,0,18-APR-2022,
OPTSTK,SBILIFE,30-Jun-2022,1130.0,CE,0.0,0.0,0.0,78.5,99.9,0,0.0,0,0,18-APR-2022,
OPTSTK,SBILIFE,30-Jun-2022,1140.0,CE,0.0,0.0,0.0,73.9,94.15,0,0.0,0,0,18-APR-2022,
OPTSTK,SBILIFE,30-Jun-2022,1150.0,CE,0.0,0.0,0.0,69.55,88.65,0,0.0,0,0,18-APR-2022,
OPTSTK,SBILIFE,30-Jun-2022,1160.0,CE,0.0,0.0,0.0,65.35,83.4,0,0.0,0,0,18-APR-2022,
OPTSTK,SBILIFE,30-Jun-2022,1170.0,CE,0.0,0.0,0.0,61.35,78.35,0,0.0,0,0,18-APR-2022,
OPTSTK,SBILIFE,30-Jun-2022,1180.0,CE,0.0,0.0,0.0,57.6,73.5,0,0.0,0,0,18-APR-2022,
OPTSTK,SBILIFE,30-Jun-2022,1190.0,CE,0.0,0.0,0.0,53.95,68.9,0,0.0,0,0,18-APR-2022,
OPTSTK,SBILIFE,30-Jun-2022,1200.0,CE,0.0,0.0,0.0,50.55,64.5,0,0.0,0,0,18-APR-2022,
OPTSTK,SBILIFE,30-Jun-2022,1210.0,CE,0.0,0.0,0.0,47.25,60.3,0,0.0,0,0,18-APR-2022,
OPTSTK,SBILIFE,30-Jun-2022,1220.0,CE,0.0,0.0,0.0,44.2,56.3,0,0.0,0,0,18-APR-2022,
OPTSTK,SBILIFE,30-Jun-2022,1230.0,CE,0.0,0.0,0.0,41.25,52.5,0,0.0,0,0,18-APR-2022,
OPTSTK,SBILIFE,30-Jun-2022,1240.0,CE,0.0,0.0,0.0,38.5,48.95,0,0.0,0,0,18-APR-2022,
OPTSTK,SBILIFE,30-Jun-2022,1250.0,CE,0.0,0.0,0.0,35.9,45.55,0,0.0,0,0,18-APR-2022,
OPTSTK,SBILIFE,30-Jun-2022,1260.0,CE,0.0,0.0,0.0,33.5,42.35,0,0.0,0,0,18-APR-2022,
OPTSTK,SBILIFE,30-Jun-2022,1270.0,CE,0.0,0.0,0.0,31.2,39.3,0,0.0,0,0,18-APR-2022,
OPTSTK,SBILIFE,30-Jun-2022,1280.0,CE,0.0,0.0,0.0,29.0,36.45,0,0.0,0,0,18-APR-2022,
OPTSTK,SBILIFE,30-Jun-2022,1290.0,CE,0.0,0.0,0.0,26.9,33.8,0,0.0,0,0,18-APR-2022,
OPTSTK,SBILIFE,30-Jun-2022,1300.0,CE,0.0,0.0,0.0,25.0,31.35,0,0.0,0,0,18-APR-2022,
OPTSTK,SBILIFE,30-Jun-2022,1310.0,CE,0.0,0.0,0.0,23.2,29.0,0,0.0,0,0,18-APR-2022,
OPTSTK,SBILIFE,30-Jun-2022,1320.0,CE,0.0,0.0,0.0,21.5,26.8,0,0.0,0,0,18-APR-2022,
OPTSTK,SBILIFE,30-Jun-2022,1330.0,CE,0.0,0.0,0.0,19.9,24.7,0,0.0,0,0,18-APR-2022,
OPTSTK,SBILIFE,30-Jun-2022,1340.0,CE,0.0,0.0,0.0,18.4,22.75,0,0.0,0,0,18-APR-2022,
OPTSTK,SBILIFE,30-Jun-2022,1350.0,CE,0.0,0.0,0.0,17.05,20.95,0,0.0,0,0,18-APR-2022,
OPTSTK,SBILIFE,30-Jun-2022,1360.0,CE,0.0,0.0,0.0,15.75,19.3,0,0.0,0,0,18-APR-2022,
OPTSTK,SBILIFE,30-Jun-2022,1370.0,CE,0.0,0.0,0.0,14.55,17.7,0,0.0,0,0,18-APR-2022,
OPTSTK,SBILIFE,30-Jun-2022,1380.0,CE,0.0,0.0,0.0,13.4,16.25,0,0.0,0,0,18-APR-2022,
OPTSTK,SBILIFE,30-Jun-2022,1390.0,CE,0.0,0.0,0.0,12.35,14.9,0,0.0,0,0,18-APR-2022,
OPTSTK,SBILIFE,30-Jun-2022,1400.0,CE,0.0,0.0,0.0,11.4,13.65,0,0.0,0,0,18-APR-2022,
OPTSTK,SBILIFE,30-Jun-2022,1410.0,CE,0.0,0.0,0.0,10.5,12.5,0,0.0,0,0,18-APR-2022,
OPTSTK,SBILIFE,30-Jun-2022,1420.0,CE,0.0,0.0,0.0,9.65,11.45,0,0.0,0,0,18-APR-2022,
OPTSTK,SBILIFE,30-Jun-2022,1430.0,CE,0.0,0.0,0.0,8.9,10.45,0,0.0,0,0,18-APR-2022,
OPTSTK,SBILIFE,30-Jun-2022,1440.0,CE,0.0,0.0,0.0,8.15,9.55,0,0.0,0,0,18-APR-2022,
OPTSTK,SBILIFE,30-Jun-2022,1450.0,CE,0.0,0.0,0.0,7.5,8.7,0,0.0,0,0,18-APR-2022,
OPTSTK,SBILIFE,30-Jun-2022,820.0,PE,0.0,0.0,0.0,1.95,0.45,0,0.0,0,0,18-APR-2022,
OPTSTK,SBILIFE,30-Jun-2022,830.0,PE,0.0,0.0,0.0,2.3,0.55,0,0.0,0,0,18-APR-2022,
OPTSTK,SBILIFE,30-Jun-2022,840.0,PE,0.0,0.0,0.0,2.8,0.7,0,0.0,0,0,18-APR-2022,
OPTSTK,SBILIFE,30-Jun-2022,850.0,PE,0.0,0.0,0.0,3.3,0.9,0,0.0,0,0,18-APR-2022,
OPTSTK,SBILIFE,30-Jun-2022,860.0,PE,0.0,0.0,0.0,3.9,1.1,0,0.0,0,0,18-APR-2022,
OPTSTK,SBILIFE,30-Jun-2022,870.0,PE,0.0,0.0,0.0,4.6,1.35,0,0.0,0,0,18-APR-2022,
OPTSTK,SBILIFE,30-Jun-2022,880.0,PE,0.0,0.0,0.0,5.35,1.65,0,0.0,0,0,18-APR-2022,
OPTSTK,SBILIFE,30-Jun-2022,890.0,PE,0.0,0.0,0.0,6.25,2.0,0,0.0,0,0,18-APR-2022,
OPTSTK,SBILIFE,30-Jun-2022,900.0,PE,0.0,0.0,0.0,7.25,2.4,0,0.0,0,0,18-APR-2022,
OPTSTK,SBILIFE,30-Jun-2022,910.0,PE,0.0,0.0,0.0,8.35,2.85,0,0.0,0,0,18-APR-2022,
OPTSTK,SBILIFE,30-Jun-2022,920.0,PE,0.0,0.0,0.0,9.55,3.4,0,0.0,0,0,18-APR-2022,
OPTSTK,SBILIFE,30-Jun-2022,930.0,PE,0.0,0.0,0.0,10.9,4.05,0,0.0,0,0,18-APR-2022,
OPTSTK,SBILIFE,30-Jun-2022,940.0,PE,0.0,0.0,0.0,12.4,4.75,0,0.0,0,0,18-APR-2022,
OPTSTK,SBILIFE,30-Jun-2022,950.0,PE,0.0,0.0,0.0,14.05,5.6,0,0.0,0,0,18-APR-2022,
OPTSTK,SBILIFE,30-Jun-2022,960.0,PE,0.0,0.0,0.0,15.85,6.55,0,0.0,0,0,18-APR-2022,
OPTSTK,SBILIFE,30-Jun-2022,970.0,PE,0.0,0.0,0.0,17.8,7.6,0,0.0,0,0,18-APR-2022,
OPTSTK,SBILIFE,30-Jun-2022,980.0,PE,0.0,0.0,0.0,19.95,8.75,0,0.0,0,0,18-APR-2022,
OPTSTK,SBILIFE,30-Jun-2022,990.0,PE,0.0,0.0,0.0,22.25,10.05,0,0.0,0,0,18-APR-2022,
OPTSTK,SBILIFE,30-Jun-2022,1000.0,PE,0.0,0.0,0.0,24.75,11.55,0,0.0,0,0,18-APR-2022,
OPTSTK,SBILIFE,30-Jun-2022,1010.0,PE,0.0,0.0,0.0,27.45,13.15,0,0.0,0,0,18-APR-2022,
OPTSTK,SBILIFE,30-Jun-2022,1020.0,PE,0.0,0.0,0.0,30.3,14.9,0,0.0,0,0,18-APR-2022,
OPTSTK,SBILIFE,30-Jun-2022,1030.0,PE,0.0,0.0,0.0,33.3,16.85,0,0.0,0,0,18-APR-2022,
OPTSTK,SBILIFE,30-Jun-2022,1040.0,PE,0.0,0.0,0.0,36.55,18.95,0,0.0,0,0,18-APR-2022,
OPTSTK,SBILIFE,30-Jun-2022,1050.0,PE,0.0,0.0,0.0,40.0,21.25,0,0.0,0,0,18-APR-2022,
OPTSTK,SBILIFE,30-Jun-2022,1060.0,PE,0.0,0.0,0.0,43.7,23.8,0,0.0,0,0,18-APR-2022,
OPTSTK,SBILIFE,30-Jun-2022,1070.0,PE,0.0,0.0,0.0,47.55,26.45,0,0.0,0,0,18-APR-2022,
OPTSTK,SBILIFE,30-Jun-2022,1080.0,PE,0.0,0.0,0.0,51.65,29.35,0,0.0,0,0,18-APR-2022,
OPTSTK,SBILIFE,30-Jun-2022,1090.0,PE,0.0,0.0,0.0,55.95,32.4,0,0.0,0,0,18-APR-2022,
OPTSTK,SBILIFE,30-Jun-2022,1100.0,PE,0.0,0.0,0.0,60.45,35.75,0,0.0,0,0,18-APR-2022,
OPTSTK,SBILIFE,30-Jun-2022,1110.0,PE,0.0,0.0,0.0,65.15,39.25,0,0.0,0,0,18-APR-2022,
OPTSTK,SBILIFE,30-Jun-2022,1120.0,PE,0.0,0.0,0.0,70.05,43.0,0,0.0,0,0,18-APR-2022,
OPTSTK,SBILIFE,30-Jun-2022,1130.0,PE,0.0,0.0,0.0,75.15,47.0,0,0.0,0,0,18-APR-2022,
OPTSTK,SBILIFE,30-Jun-2022,1140.0,PE,0.0,0.0,0.0,80.5,51.15,0,0.0,0,0,18-APR-2022,
OPTSTK,SBILIFE,30-Jun-2022,1150.0,PE,0.0,0.0,0.0,86.0,55.6,0,0.0,0,0,18-APR-2022,
OPTSTK,SBILIFE,30-Jun-2022,1160.0,PE,0.0,0.0,0.0,91.7,60.25,0,0.0,0,0,18-APR-2022,
OPTSTK,SBILIFE,30-Jun-2022,1170.0,PE,0.0,0.0,0.0,97.6,65.1,0,0.0,0,0,18-APR-2022,
OPTSTK,SBILIFE,30-Jun-2022,1180.0,PE,0.0,0.0,0.0,103.7,70.15,0,0.0,0,0,18-APR-2022,
OPTSTK,SBILIFE,30-Jun-2022,1190.0,PE,0.0,0.0,0.0,110.0,75.45,0,0.0,0,0,18-APR-2022,
OPTSTK,SBILIFE,30-Jun-2022,1200.0,PE,0.0,0.0,0.0,116.45,80.95,0,0.0,0,0,18-APR-2022,
OPTSTK,SBILIFE,30-Jun-2022,1210.0,PE,0.0,0.0,0.0,123.1,86.7,0,0.0,0,0,18-APR-2022,
OPTSTK,SBILIFE,30-Jun-2022,1220.0,PE,0.0,0.0,0.0,129.9,92.6,0,0.0,0,0,18-APR-2022,
OPTSTK,SBILIFE,30-Jun-2022,1230.0,PE,0.0,0.0,0.0,136.9,98.75,0,0.0,0,0,18-APR-2022,
OPTSTK,SBILIFE,30-Jun-2022,1240.0,PE,0.0,0.0,0.0,144.0,105.1,0,0.0,0,0,18-APR-2022,
OPTSTK,SBILIFE,30-Jun-2022,1250.0,PE,0.0,0.0,0.0,151.3,111.6,0,0.0,0,0,18-APR-2022,
OPTSTK,SBILIFE,30-Jun-2022,1260.0,PE,0.0,0.0,0.0,158.8,118.3,0,0.0,0,0,18-APR-2022,
OPTSTK,SBILIFE,30-Jun-2022,1270.0,PE,0.0,0.0,0.0,166.35,125.2,0,0.0,0,0,18-APR-2022,
OPTSTK,SBILIFE,30-Jun-2022,1280.0,PE,0.0,0.0,0.0,174.1,132.3,0,0.0,0,0,18-APR-2022,
OPTSTK,SBILIFE,30-Jun-2022,1290.0,PE,0.0,0.0,0.0,181.9,139.5,0,0.0,0,0,18-APR-2022,
OPTSTK,SBILIFE,30-Jun-2022,1300.0,PE,0.0,0.0,0.0,189.85,147.0,0,0.0,0,0,18-APR-2022,
OPTSTK,SBILIFE,30-Jun-2022,1310.0,PE,0.0,0.0,0.0,197.95,154.55,0,0.0,0,0,18-APR-2022,
OPTSTK,SBILIFE,30-Jun-2022,1320.0,PE,0.0,0.0,0.0,206.15,162.25,0,0.0,0,0,18-APR-2022,
OPTSTK,SBILIFE,30-Jun-2022,1330.0,PE,0.0,0.0,0.0,214.45,170.05,0,0.0,0,0,18-APR-2022,
OPTSTK,SBILIFE,30-Jun-2022,1340.0,PE,0.0,0.0,0.0,222.9,178.05,0,0.0,0,0,18-APR-2022,
OPTSTK,SBILIFE,30-Jun-2022,1350.0,PE,0.0,0.0,0.0,231.4,186.2,0,0.0,0,0,18-APR-2022,
OPTSTK,SBILIFE,30-Jun-2022,1360.0,PE,0.0,0.0,0.0,240.0,194.4,0,0.0,0,0,18-APR-2022,
OPTSTK,SBILIFE,30-Jun-2022,1370.0,PE,0.0,0.0,0.0,248.7,202.75,0,0.0,0,0,18-APR-2022,
OPTSTK,SBILIFE,30-Jun-2022,1380.0,PE,0.0,0.0,0.0,257.45,211.25,0,0.0,0,0,18-APR-2022,
OPTSTK,SBILIFE,30-Jun-2022,1390.0,PE,0.0,0.0,0.0,266.3,219.8,0,0.0,0,0,18-APR-2022,
OPTSTK,SBILIFE,30-Jun-2022,1400.0,PE,0.0,0.0,0.0,275.25,228.5,0,0.0,0,0,18-APR-2022,
OPTSTK,SBILIFE,30-Jun-2022,1410.0,PE,0.0,0.0,0.0,284.2,237.25,0,0.0,0,0,18-APR-2022,
OPTSTK,SBILIFE,30-Jun-2022,1420.0,PE,0.0,0.0,0.0,293.3,246.1,0,0.0,0,0,18-APR-2022,
OPTSTK,SBILIFE,30-Jun-2022,1430.0,PE,0.0,0.0,0.0,302.4,255.0,0,0.0,0,0,18-APR-2022,
OPTSTK,SBILIFE,30-Jun-2022,1440.0,PE,0.0,0.0,0.0,311.55,264.0,0,0.0,0,0,18-APR-2022,
OPTSTK,SBILIFE,30-Jun-2022,1450.0,PE,0.0,0.0,0.0,320.8,273.1,0,0.0,0,0,18-APR-2022,
OPTSTK,SBIN,28-Apr-2022,330.0,CE,0.0,0.0,0.0,202.7,179.9,0,0.0,0,0,18-APR-2022,
OPTSTK,SBIN,28-Apr-2022,335.0,CE,0.0,0.0,0.0,197.8,174.9,0,0.0,0,0,18-APR-2022,
OPTSTK,SBIN,28-Apr-2022,340.0,CE,0.0,0.0,0.0,192.95,169.9,0,0.0,0,0,18-APR-2022,
OPTSTK,SBIN,28-Apr-2022,345.0,CE,0.0,0.0,0.0,188.1,164.9,0,0.0,0,0,18-APR-2022,
OPTSTK,SBIN,28-Apr-2022,350.0,CE,0.0,0.0,0.0,148.25,159.9,0,0.0,3000,0,18-APR-2022,
OPTSTK,SBIN,28-Apr-2022,355.0,CE,0.0,0.0,0.0,178.5,154.9,0,0.0,0,0,18-APR-2022,
OPTSTK,SBIN,28-Apr-2022,360.0,CE,0.0,0.0,0.0,173.7,149.95,0,0.0,0,0,18-APR-2022,
OPTSTK,SBIN,28-Apr-2022,365.0,CE,0.0,0.0,0.0,168.95,144.95,0,0.0,0,0,18-APR-2022,
OPTSTK,SBIN,28-Apr-2022,370.0,CE,0.0,0.0,0.0,164.2,139.95,0,0.0,0,0,18-APR-2022,
OPTSTK,SBIN,28-Apr-2022,375.0,CE,0.0,0.0,0.0,159.5,134.95,0,0.0,0,0,18-APR-2022,
OPTSTK,SBIN,28-Apr-2022,380.0,CE,0.0,0.0,0.0,154.85,129.95,0,0.0,0,0,18-APR-2022,
OPTSTK,SBIN,28-Apr-2022,385.0,CE,0.0,0.0,0.0,150.2,124.95,0,0.0,0,0,18-APR-2022,
OPTSTK,SBIN,28-Apr-2022,390.0,CE,0.0,0.0,0.0,145.65,119.95,0,0.0,0,0,18-APR-2022,
OPTSTK,SBIN,28-Apr-2022,395.0,CE,0.0,0.0,0.0,141.1,114.95,0,0.0,0,0,18-APR-2022,
OPTSTK,SBIN,28-Apr-2022,400.0,CE,107.3,107.55,107.3,107.55,109.95,4,30.44,72000,-6000,18-APR-2022,
OPTSTK,SBIN,28-Apr-2022,405.0,CE,0.0,0.0,0.0,132.2,105.0,0,0.0,0,0,18-APR-2022,
OPTSTK,SBIN,28-Apr-2022,410.0,CE,0.0,0.0,0.0,127.8,100.0,0,0.0,0,0,18-APR-2022,
OPTSTK,SBIN,28-Apr-2022,415.0,CE,0.0,0.0,0.0,123.45,95.0,0,0.0,0,0,18-APR-2022,
OPTSTK,SBIN,28-Apr-2022,420.0,CE,0.0,0.0,0.0,98.0,90.0,0,0.0,3000,0,18-APR-2022,
OPTSTK,SBIN,28-Apr-2022,425.0,CE,0.0,0.0,0.0,115.0,85.05,0,0.0,0,0,18-APR-2022,
OPTSTK,SBIN,28-Apr-2022,430.0,CE,0.0,0.0,0.0,42.9,80.05,0,0.0,4500,0,18-APR-2022,
OPTSTK,SBIN,28-Apr-2022,435.0,CE,0.0,0.0,0.0,106.8,75.1,0,0.0,0,0,18-APR-2022,
OPTSTK,SBIN,28-Apr-2022,440.0,CE,0.0,0.0,0.0,79.0,70.15,0,0.0,22500,0,18-APR-2022,
OPTSTK,SBIN,28-Apr-2022,445.0,CE,0.0,0.0,0.0,60.3,65.25,0,0.0,15000,0,18-APR-2022,
OPTSTK,SBIN,28-Apr-2022,450.0,CE,65.25,65.25,57.25,57.25,60.4,4,30.67,214500,-1500,18-APR-2022,
OPTSTK,SBIN,28-Apr-2022,455.0,CE,0.0,0.0,0.0,68.05,55.6,0,0.0,7500,0,18-APR-2022,
OPTSTK,SBIN,28-Apr-2022,460.0,CE,55.15,55.15,47.45,52.6,52.6,15,114.59,102000,-3000,18-APR-2022,
OPTSTK,SBIN,28-Apr-2022,465.0,CE,0.0,0.0,0.0,57.2,46.3,0,0.0,79500,0,18-APR-2022,
OPTSTK,SBIN,28-Apr-2022,470.0,CE,46.3,46.3,37.75,40.2,41.8,13,99.42,147000,-4500,18-APR-2022,
OPTSTK,SBIN,28-Apr-2022,475.0,CE,0.0,0.0,0.0,40.95,37.5,0,0.0,52500,0,18-APR-2022,
OPTSTK,SBIN,28-Apr-2022,480.0,CE,37.0,37.0,28.3,33.8,33.8,61,468.99,393000,-12000,18-APR-2022,
OPTSTK,SBIN,28-Apr-2022,485.0,CE,28.0,29.6,24.4,28.3,28.3,23,176.6,109500,-19500,18-APR-2022,
OPTSTK,SBIN,28-Apr-2022,490.0,CE,27.5,28.0,19.95,24.75,24.75,192,1478.41,334500,-22500,18-APR-2022,
OPTSTK,SBIN,28-Apr-2022,495.0,CE,23.55,23.55,16.85,20.05,20.05,227,1754.01,426000,-174000,18-APR-2022,
OPTSTK,SBIN,28-Apr-2022,500.0,CE,20.5,20.6,13.1,16.9,16.9,2587,20037.27,3951000,-381000,18-APR-2022,
OPTSTK,SBIN,28-Apr-2022,505.0,CE,16.25,16.95,10.4,13.65,13.65,1120,8694.13,403500,103500,18-APR-2022,
OPTSTK,SBIN,28-Apr-2022,510.0,CE,12.0,13.8,8.2,10.85,10.85,7459,58223.09,3150000,543000,18-APR-2022,
OPTSTK,SBIN,28-Apr-2022,515.0,CE,12.0,12.0,6.5,8.6,8.6,3746,29413.98,2059500,433500,18-APR-2022,
OPTSTK,SBIN,28-Apr-2022,520.0,CE,0.1,8.75,0.1,6.75,6.75,7937,62702.99,7800000,204000,18-APR-2022,
OPTSTK,SBIN,28-Apr-2022,525.0,CE,7.0,7.0,4.0,5.2,5.2,1728,13739.76,1560000,205500,18-APR-2022,
OPTSTK,SBIN,28-Apr-2022,530.0,CE,4.85,5.95,3.1,4.1,4.1,4110,32923.7,5347500,415500,18-APR-2022,
OPTSTK,SBIN,28-Apr-2022,535.0,CE,3.0,4.0,2.4,3.15,3.15,924,7457.14,835500,78000,18-APR-2022,
OPTSTK,SBIN,28-Apr-2022,540.0,CE,3.8,3.8,1.85,2.45,2.45,2141,17418.14,2374500,166500,18-APR-2022,
OPTSTK,SBIN,28-Apr-2022,545.0,CE,2.9,2.9,1.5,1.95,1.95,831,6816.39,918000,48000,18-APR-2022,
OPTSTK,SBIN,28-Apr-2022,550.0,CE,2.5,2.5,1.3,1.6,1.6,3340,27631.87,5434500,208500,18-APR-2022,
OPTSTK,SBIN,28-Apr-2022,555.0,CE,1.3,1.45,0.95,1.2,1.2,724,6039.74,646500,169500,18-APR-2022,
OPTSTK,SBIN,28-Apr-2022,560.0,CE,1.2,1.25,0.7,0.9,0.9,1206,10145.74,1450500,217500,18-APR-2022,
OPTSTK,SBIN,28-Apr-2022,565.0,CE,0.7,0.75,0.45,0.7,0.7,507,4301.5,1212000,-151500,18-APR-2022,
OPTSTK,SBIN,28-Apr-2022,570.0,CE,0.65,0.7,0.5,0.6,0.6,534,4570.26,1122000,-133500,18-APR-2022,
OPTSTK,SBIN,28-Apr-2022,575.0,CE,0.55,0.7,0.45,0.55,0.55,109,940.98,228000,0,18-APR-2022,
OPTSTK,SBIN,28-Apr-2022,580.0,CE,0.45,0.55,0.45,0.55,0.55,201,1750.17,553500,-30000,18-APR-2022,
OPTSTK,SBIN,28-Apr-2022,585.0,CE,0.45,0.5,0.35,0.5,0.5,33,289.79,61500,0,18-APR-2022,
OPTSTK,SBIN,28-Apr-2022,590.0,CE,0.5,0.5,0.4,0.5,0.5,231,2045.92,318000,54000,18-APR-2022,
OPTSTK,SBIN,28-Apr-2022,595.0,CE,0.45,0.6,0.25,0.45,0.45,62,553.71,97500,-39000,18-APR-2022,
OPTSTK,SBIN,28-Apr-2022,600.0,CE,0.45,0.5,0.35,0.45,0.45,411,3701.62,1723500,-133500,18-APR-2022,
OPTSTK,SBIN,28-Apr-2022,605.0,CE,0.55,0.55,0.55,0.55,0.55,1,9.08,33000,0,18-APR-2022,
OPTSTK,SBIN,28-Apr-2022,610.0,CE,0.35,0.4,0.35,0.35,0.35,57,521.85,139500,-49500,18-APR-2022,
OPTSTK,SBIN,28-Apr-2022,615.0,CE,0.0,0.0,0.0,17.45,0.05,0,0.0,0,0,18-APR-2022,
OPTSTK,SBIN,28-Apr-2022,620.0,CE,0.3,0.35,0.3,0.3,0.05,10,93.04,54000,-6000,18-APR-2022,
OPTSTK,SBIN,28-Apr-2022,625.0,CE,0.1,0.1,0.1,0.1,0.05,1,9.37,4500,0,18-APR-2022,
OPTSTK,SBIN,28-Apr-2022,630.0,CE,0.25,0.25,0.25,0.25,0.25,14,132.35,36000,0,18-APR-2022,
OPTSTK,SBIN,28-Apr-2022,635.0,CE,0.0,0.0,0.0,13.55,0.05,0,0.0,0,0,18-APR-2022,
OPTSTK,SBIN,28-Apr-2022,640.0,CE,0.2,0.25,0.2,0.25,0.25,42,403.33,250500,-21000,18-APR-2022,
OPTSTK,SBIN,28-Apr-2022,330.0,PE,0.2,0.2,0.2,0.2,0.0,1,4.95,3000,1500,18-APR-2022,
OPTSTK,SBIN,28-Apr-2022,335.0,PE,0.0,0.0,0.0,0.4,0.0,0,0.0,0,0,18-APR-2022,
OPTSTK,SBIN,28-Apr-2022,340.0,PE,0.0,0.0,0.0,0.3,0.0,0,0.0,0,0,18-APR-2022,
OPTSTK,SBIN,28-Apr-2022,345.0,PE,0.35,0.35,0.35,0.35,0.0,1,5.18,15000,0,18-APR-2022,
OPTSTK,SBIN,28-Apr-2022,350.0,PE,0.2,0.25,0.15,0.25,0.0,24,126.06,201000,-19500,18-APR-2022,
OPTSTK,SBIN,28-Apr-2022,355.0,PE,0.0,0.0,0.0,0.85,0.0,0,0.0,0,0,18-APR-2022,
OPTSTK,SBIN,28-Apr-2022,360.0,PE,0.95,0.95,0.15,0.15,0.0,5,27.05,4500,4500,18-APR-2022,
OPTSTK,SBIN,28-Apr-2022,365.0,PE,0.0,0.0,0.0,1.2,0.0,0,0.0,0,0,18-APR-2022,
OPTSTK,SBIN,28-Apr-2022,370.0,PE,0.0,0.0,0.0,1.4,0.0,0,0.0,0,0,18-APR-2022,
OPTSTK,SBIN,28-Apr-2022,375.0,PE,0.0,0.0,0.0,1.65,0.0,0,0.0,0,0,18-APR-2022,
OPTSTK,SBIN,28-Apr-2022,380.0,PE,0.0,0.0,0.0,0.35,0.0,0,0.0,40500,0,18-APR-2022,
OPTSTK,SBIN,28-Apr-2022,385.0,PE,0.0,0.0,0.0,2.25,0.0,0,0.0,0,0,18-APR-2022,
OPTSTK,SBIN,28-Apr-2022,390.0,PE,0.3,0.4,0.25,0.3,0.3,9,52.69,9000,-3000,18-APR-2022,
OPTSTK,SBIN,28-Apr-2022,395.0,PE,0.0,0.0,0.0,3.05,0.0,0,0.0,0,0,18-APR-2022,
OPTSTK,SBIN,28-Apr-2022,400.0,PE,0.35,0.4,0.3,0.35,0.35,120,720.62,796500,-117000,18-APR-2022,
OPTSTK,SBIN,28-Apr-2022,405.0,PE,0.0,0.0,0.0,4.0,0.0,0,0.0,0,0,18-APR-2022,
OPTSTK,SBIN,28-Apr-2022,410.0,PE,0.5,0.5,0.35,0.35,0.0,12,73.86,63000,-3000,18-APR-2022,
OPTSTK,SBIN,28-Apr-2022,415.0,PE,0.0,0.0,0.0,0.65,0.05,0,0.0,0,0,18-APR-2022,
OPTSTK,SBIN,28-Apr-2022,420.0,PE,0.55,0.55,0.35,0.4,0.4,54,340.55,273000,-21000,18-APR-2022,
OPTSTK,SBIN,28-Apr-2022,425.0,PE,0.35,0.4,0.35,0.4,0.4,18,114.84,30000,1500,18-APR-2022,
OPTSTK,SBIN,28-Apr-2022,430.0,PE,0.65,0.65,0.45,0.5,0.5,123,794.32,241500,-58500,18-APR-2022,
OPTSTK,SBIN,28-Apr-2022,435.0,PE,0.25,0.25,0.25,0.25,0.1,2,13.05,51000,-3000,18-APR-2022,
OPTSTK,SBIN,28-Apr-2022,440.0,PE,0.6,0.75,0.45,0.6,0.6,308,2035.58,537000,13500,18-APR-2022,
OPTSTK,SBIN,28-Apr-2022,445.0,PE,0.8,0.8,0.55,0.65,0.65,113,755.35,289500,40500,18-APR-2022,
OPTSTK,SBIN,28-Apr-2022,450.0,PE,1.0,1.0,0.6,0.8,0.8,1100,7437.87,2332500,-241500,18-APR-2022,
OPTSTK,SBIN,28-Apr-2022,455.0,PE,0.9,1.0,0.55,0.8,0.8,425,2905.53,681000,144000,18-APR-2022,
OPTSTK,SBIN,28-Apr-2022,460.0,PE,1.3,1.3,0.75,1.0,1.0,1229,8498.2,1408500,-226500,18-APR-2022,
OPTSTK,SBIN,28-Apr-2022,465.0,PE,1.3,1.45,0.9,1.2,1.2,469,3279.7,550500,-193500,18-APR-2022,
OPTSTK,SBIN,28-Apr-2022,470.0,PE,1.6,1.8,1.15,1.45,1.45,1233,8720.49,985500,-9000,18-APR-2022,
OPTSTK,SBIN,28-Apr-2022,475.0,PE,2.05,2.35,1.5,1.85,1.85,724,5179.33,510000,91500,18-APR-2022,
OPTSTK,SBIN,28-Apr-2022,480.0,PE,2.8,3.15,2.0,2.45,2.45,1753,12687.93,2685000,289500,18-APR-2022,
OPTSTK,SBIN,28-Apr-2022,485.0,PE,3.65,3.9,2.5,3.15,3.15,552,4041.56,541500,46500,18-APR-2022,
OPTSTK,SBIN,28-Apr-2022,490.0,PE,3.85,5.0,3.1,3.7,3.7,2243,16618.77,1866000,-79500,18-APR-2022,
OPTSTK,SBIN,28-Apr-2022,495.0,PE,4.3,6.5,3.9,4.95,4.95,1025,7687.91,607500,-202500,18-APR-2022,
OPTSTK,SBIN,28-Apr-2022,500.0,PE,5.4,8.45,5.0,6.25,6.25,4992,37935.07,3472500,-423000,18-APR-2022,
OPTSTK,SBIN,28-Apr-2022,505.0,PE,7.5,10.85,6.45,8.1,8.1,1787,13761.48,744000,115500,18-APR-2022,
OPTSTK,SBIN,28-Apr-2022,510.0,PE,9.2,13.5,8.0,10.15,10.15,4336,33843.4,2503500,175500,18-APR-2022,
OPTSTK,SBIN,28-Apr-2022,515.0,PE,12.8,16.55,10.3,13.05,13.05,1105,8746.7,811500,-166500,18-APR-2022,
OPTSTK,SBIN,28-Apr-2022,520.0,PE,14.45,20.05,13.1,15.15,15.15,1130,9078.04,2293500,-430500,18-APR-2022,
OPTSTK,SBIN,28-Apr-2022,525.0,PE,17.15,24.0,16.2,19.4,19.4,136,1111.38,199500,1500,18-APR-2022,
OPTSTK,SBIN,28-Apr-2022,530.0,PE,20.5,27.5,19.85,22.5,22.5,142,1178.61,441000,-6000,18-APR-2022,
OPTSTK,SBIN,28-Apr-2022,535.0,PE,26.15,29.8,25.4,25.8,25.8,11,92.88,64500,4500,18-APR-2022,
OPTSTK,SBIN,28-Apr-2022,540.0,PE,28.65,36.1,28.0,32.15,32.15,30,257.43,199500,-15000,18-APR-2022,
OPTSTK,SBIN,28-Apr-2022,545.0,PE,0.0,0.0,0.0,29.65,37.9,0,0.0,18000,0,18-APR-2022,
OPTSTK,SBIN,28-Apr-2022,550.0,PE,36.8,44.9,36.8,41.55,41.55,31,274.48,301500,-12000,18-APR-2022,
OPTSTK,SBIN,28-Apr-2022,555.0,PE,0.0,0.0,0.0,55.35,46.65,0,0.0,0,0,18-APR-2022,
OPTSTK,SBIN,28-Apr-2022,560.0,PE,51.45,51.45,51.45,51.45,51.25,1,9.17,16500,0,18-APR-2022,
OPTSTK,SBIN,28-Apr-2022,565.0,PE,0.0,0.0,0.0,61.55,55.9,0,0.0,0,0,18-APR-2022,
OPTSTK,SBIN,28-Apr-2022,570.0,PE,0.0,0.0,0.0,53.05,60.6,0,0.0,4500,0,18-APR-2022,
OPTSTK,SBIN,28-Apr-2022,575.0,PE,0.0,0.0,0.0,68.1,65.4,0,0.0,0,0,18-APR-2022,
OPTSTK,SBIN,28-Apr-2022,580.0,PE,0.0,0.0,0.0,71.5,70.25,0,0.0,0,0,18-APR-2022,
OPTSTK,SBIN,28-Apr-2022,585.0,PE,0.0,0.0,0.0,74.95,75.15,0,0.0,0,0,18-APR-2022,
OPTSTK,SBIN,28-Apr-2022,590.0,PE,0.0,0.0,0.0,78.45,80.05,0,0.0,0,0,18-APR-2022,
OPTSTK,SBIN,28-Apr-2022,595.0,PE,0.0,0.0,0.0,82.05,85.0,0,0.0,0,0,18-APR-2022,
OPTSTK,SBIN,28-Apr-2022,600.0,PE,0.0,0.0,0.0,78.5,89.95,0,0.0,40500,0,18-APR-2022,
OPTSTK,SBIN,28-Apr-2022,605.0,PE,0.0,0.0,0.0,89.45,94.9,0,0.0,0,0,18-APR-2022,
OPTSTK,SBIN,28-Apr-2022,610.0,PE,0.0,0.0,0.0,93.25,99.9,0,0.0,0,0,18-APR-2022,
OPTSTK,SBIN,28-Apr-2022,615.0,PE,0.0,0.0,0.0,97.1,104.85,0,0.0,0,0,18-APR-2022,
OPTSTK,SBIN,28-Apr-2022,620.0,PE,0.0,0.0,0.0,101.0,109.85,0,0.0,0,0,18-APR-2022,
OPTSTK,SBIN,28-Apr-2022,625.0,PE,0.0,0.0,0.0,104.95,114.85,0,0.0,0,0,18-APR-2022,
OPTSTK,SBIN,28-Apr-2022,630.0,PE,0.0,0.0,0.0,108.95,119.8,0,0.0,0,0,18-APR-2022,
OPTSTK,SBIN,28-Apr-2022,635.0,PE,0.0,0.0,0.0,113.0,124.8,0,0.0,0,0,18-APR-2022,
OPTSTK,SBIN,28-Apr-2022,640.0,PE,0.0,0.0,0.0,117.1,129.8,0,0.0,0,0,18-APR-2022,
OPTSTK,SBIN,26-May-2022,330.0,CE,0.0,0.0,0.0,147.3,181.0,0,0.0,0,0,18-APR-2022,
OPTSTK,SBIN,26-May-2022,335.0,CE,0.0,0.0,0.0,142.6,176.0,0,0.0,0,0,18-APR-2022,
OPTSTK,SBIN,26-May-2022,340.0,CE,0.0,0.0,0.0,137.95,171.05,0,0.0,0,0,18-APR-2022,
OPTSTK,SBIN,26-May-2022,345.0,CE,0.0,0.0,0.0,133.3,166.05,0,0.0,0,0,18-APR-2022,
OPTSTK,SBIN,26-May-2022,350.0,CE,0.0,0.0,0.0,128.75,161.1,0,0.0,0,0,18-APR-2022,
OPTSTK,SBIN,26-May-2022,355.0,CE,0.0,0.0,0.0,124.25,156.15,0,0.0,0,0,18-APR-2022,
OPTSTK,SBIN,26-May-2022,360.0,CE,0.0,0.0,0.0,119.75,151.15,0,0.0,0,0,18-APR-2022,
OPTSTK,SBIN,26-May-2022,365.0,CE,0.0,0.0,0.0,115.35,146.2,0,0.0,0,0,18-APR-2022,
OPTSTK,SBIN,26-May-2022,370.0,CE,0.0,0.0,0.0,111.0,141.25,0,0.0,0,0,18-APR-2022,
OPTSTK,SBIN,26-May-2022,375.0,CE,0.0,0.0,0.0,106.75,136.35,0,0.0,0,0,18-APR-2022,
OPTSTK,SBIN,26-May-2022,380.0,CE,0.0,0.0,0.0,102.55,131.4,0,0.0,0,0,18-APR-2022,
OPTSTK,SBIN,26-May-2022,385.0,CE,0.0,0.0,0.0,98.4,126.5,0,0.0,0,0,18-APR-2022,
OPTSTK,SBIN,26-May-2022,390.0,CE,0.0,0.0,0.0,94.35,121.65,0,0.0,0,0,18-APR-2022,
OPTSTK,SBIN,26-May-2022,395.0,CE,0.0,0.0,0.0,90.4,116.8,0,0.0,0,0,18-APR-2022,
OPTSTK,SBIN,26-May-2022,400.0,CE,0.0,0.0,0.0,86.5,111.95,0,0.0,0,0,18-APR-2022,
OPTSTK,SBIN,26-May-2022,405.0,CE,0.0,0.0,0.0,82.7,107.2,0,0.0,0,0,18-APR-2022,
OPTSTK,SBIN,26-May-2022,410.0,CE,0.0,0.0,0.0,79.05,102.45,0,0.0,0,0,18-APR-2022,
OPTSTK,SBIN,26-May-2022,415.0,CE,0.0,0.0,0.0,75.4,97.75,0,0.0,0,0,18-APR-2022,
OPTSTK,SBIN,26-May-2022,420.0,CE,0.0,0.0,0.0,71.9,93.1,0,0.0,0,0,18-APR-2022,
OPTSTK,SBIN,26-May-2022,425.0,CE,0.0,0.0,0.0,68.5,88.5,0,0.0,0,0,18-APR-2022,
OPTSTK,SBIN,26-May-2022,430.0,CE,0.0,0.0,0.0,65.2,84.0,0,0.0,0,0,18-APR-2022,
OPTSTK,SBIN,26-May-2022,435.0,CE,0.0,0.0,0.0,62.0,79.6,0,0.0,0,0,18-APR-2022,
OPTSTK,SBIN,26-May-2022,440.0,CE,0.0,0.0,0.0,58.9,75.25,0,0.0,0,0,18-APR-2022,
OPTSTK,SBIN,26-May-2022,445.0,CE,0.0,0.0,0.0,55.9,71.0,0,0.0,0,0,18-APR-2022,
OPTSTK,SBIN,26-May-2022,450.0,CE,62.0,62.0,62.0,62.0,66.85,1,7.68,1500,1500,18-APR-2022,
OPTSTK,SBIN,26-May-2022,455.0,CE,0.0,0.0,0.0,50.2,62.85,0,0.0,0,0,18-APR-2022,
OPTSTK,SBIN,26-May-2022,460.0,CE,0.0,0.0,0.0,65.0,58.95,0,0.0,12000,0,18-APR-2022,
OPTSTK,SBIN,26-May-2022,465.0,CE,0.0,0.0,0.0,40.0,55.15,0,0.0,3000,0,18-APR-2022,
OPTSTK,SBIN,26-May-2022,470.0,CE,0.0,0.0,0.0,55.0,51.5,0,0.0,13500,0,18-APR-2022,
OPTSTK,SBIN,26-May-2022,475.0,CE,0.0,0.0,0.0,40.0,47.95,0,0.0,1500,0,18-APR-2022,
OPTSTK,SBIN,26-May-2022,480.0,CE,45.6,45.6,40.95,42.5,44.55,8,62.66,36000,9000,18-APR-2022,
OPTSTK,SBIN,26-May-2022,485.0,CE,0.0,0.0,0.0,35.65,41.35,0,0.0,0,0,18-APR-2022,
OPTSTK,SBIN,26-May-2022,490.0,CE,0.0,0.0,0.0,33.55,38.25,0,0.0,0,0,18-APR-2022,
OPTSTK,SBIN,26-May-2022,495.0,CE,0.0,0.0,0.0,31.6,35.3,0,0.0,0,0,18-APR-2022,
OPTSTK,SBIN,26-May-2022,500.0,CE,31.0,32.8,27.1,31.7,31.7,264,2099.53,265500,87000,18-APR-2022,
OPTSTK,SBIN,26-May-2022,505.0,CE,0.0,0.0,0.0,27.9,29.9,0,0.0,0,0,18-APR-2022,
OPTSTK,SBIN,26-May-2022,510.0,CE,28.8,28.8,16.85,26.25,26.25,743,5962.14,831000,802500,18-APR-2022,
OPTSTK,SBIN,26-May-2022,515.0,CE,0.0,0.0,0.0,24.55,25.05,0,0.0,0,0,18-APR-2022,
OPTSTK,SBIN,26-May-2022,520.0,CE,21.7,23.0,17.6,21.85,21.85,769,6241.48,847500,658500,18-APR-2022,
OPTSTK,SBIN,26-May-2022,525.0,CE,19.7,20.05,17.0,19.9,19.9,16,130.33,13500,12000,18-APR-2022,
OPTSTK,SBIN,26-May-2022,530.0,CE,19.0,19.0,14.3,17.45,17.45,124,1016.57,129000,79500,18-APR-2022,
OPTSTK,SBIN,26-May-2022,535.0,CE,0.0,0.0,0.0,18.85,17.15,0,0.0,0,0,18-APR-2022,
OPTSTK,SBIN,26-May-2022,540.0,CE,13.0,14.65,11.3,14.3,14.3,40,331.91,39000,25500,18-APR-2022,
OPTSTK,SBIN,26-May-2022,545.0,CE,0.0,0.0,0.0,16.5,14.0,0,0.0,0,0,18-APR-2022,
OPTSTK,SBIN,26-May-2022,550.0,CE,11.3,12.0,8.6,11.1,11.1,631,5305.03,874500,129000,18-APR-2022,
OPTSTK,SBIN,26-May-2022,555.0,CE,8.55,8.55,8.5,8.5,11.35,3,25.35,6000,3000,18-APR-2022,
OPTSTK,SBIN,26-May-2022,560.0,CE,9.45,9.45,7.1,8.95,8.95,36,306.9,34500,27000,18-APR-2022,
OPTSTK,SBIN,26-May-2022,565.0,CE,0.0,0.0,0.0,12.45,9.1,0,0.0,0,0,18-APR-2022,
OPTSTK,SBIN,26-May-2022,570.0,CE,7.5,7.5,5.5,7.0,7.0,96,830.37,129000,-33000,18-APR-2022,
OPTSTK,SBIN,26-May-2022,575.0,CE,0.0,0.0,0.0,10.8,7.2,0,0.0,0,0,18-APR-2022,
OPTSTK,SBIN,26-May-2022,580.0,CE,4.55,5.6,4.5,5.55,5.55,22,193.03,28500,22500,18-APR-2022,
OPTSTK,SBIN,26-May-2022,585.0,CE,0.0,0.0,0.0,9.3,5.7,0,0.0,0,0,18-APR-2022,
OPTSTK,SBIN,26-May-2022,590.0,CE,0.0,0.0,0.0,8.65,5.05,0,0.0,0,0,18-APR-2022,
OPTSTK,SBIN,26-May-2022,595.0,CE,0.0,0.0,0.0,8.05,4.45,0,0.0,0,0,18-APR-2022,
OPTSTK,SBIN,26-May-2022,600.0,CE,3.9,3.9,2.85,3.45,3.45,133,1203.54,277500,100500,18-APR-2022,
OPTSTK,SBIN,26-May-2022,605.0,CE,0.0,0.0,0.0,6.9,3.45,0,0.0,0,0,18-APR-2022,
OPTSTK,SBIN,26-May-2022,610.0,CE,0.0,0.0,0.0,3.15,3.05,0,0.0,6000,0,18-APR-2022,
OPTSTK,SBIN,26-May-2022,615.0,CE,0.0,0.0,0.0,5.95,2.65,0,0.0,0,0,18-APR-2022,
OPTSTK,SBIN,26-May-2022,620.0,CE,0.0,0.0,0.0,5.5,2.35,0,0.0,0,0,18-APR-2022,
OPTSTK,SBIN,26-May-2022,625.0,CE,0.0,0.0,0.0,5.1,2.05,0,0.0,0,0,18-APR-2022,
OPTSTK,SBIN,26-May-2022,630.0,CE,0.0,0.0,0.0,4.7,1.8,0,0.0,0,0,18-APR-2022,
OPTSTK,SBIN,26-May-2022,635.0,CE,1.5,2.0,1.5,2.0,1.55,3,28.65,21000,0,18-APR-2022,
OPTSTK,SBIN,26-May-2022,640.0,CE,2.0,2.0,1.0,1.05,1.35,3,28.86,13500,0,18-APR-2022,
OPTSTK,SBIN,26-May-2022,330.0,PE,0.0,0.0,0.0,1.2,0.05,0,0.0,0,0,18-APR-2022,
OPTSTK,SBIN,26-May-2022,335.0,PE,0.0,0.0,0.0,1.45,0.05,0,0.0,0,0,18-APR-2022,
OPTSTK,SBIN,26-May-2022,340.0,PE,0.0,0.0,0.0,1.75,0.05,0,0.0,0,0,18-APR-2022,
OPTSTK,SBIN,26-May-2022,345.0,PE,0.0,0.0,0.0,2.05,0.05,0,0.0,0,0,18-APR-2022,
OPTSTK,SBIN,26-May-2022,350.0,PE,0.0,0.0,0.0,3.0,0.05,0,0.0,1500,0,18-APR-2022,
OPTSTK,SBIN,26-May-2022,355.0,PE,0.0,0.0,0.0,2.85,0.05,0,0.0,0,0,18-APR-2022,
OPTSTK,SBIN,26-May-2022,360.0,PE,0.0,0.0,0.0,3.35,0.1,0,0.0,0,0,18-APR-2022,
OPTSTK,SBIN,26-May-2022,365.0,PE,0.0,0.0,0.0,3.9,0.1,0,0.0,0,0,18-APR-2022,
OPTSTK,SBIN,26-May-2022,370.0,PE,0.0,0.0,0.0,4.5,0.15,0,0.0,0,0,18-APR-2022,
OPTSTK,SBIN,26-May-2022,375.0,PE,0.0,0.0,0.0,5.15,0.2,0,0.0,0,0,18-APR-2022,
OPTSTK,SBIN,26-May-2022,380.0,PE,0.0,0.0,0.0,5.9,0.25,0,0.0,0,0,18-APR-2022,
OPTSTK,SBIN,26-May-2022,385.0,PE,0.0,0.0,0.0,6.7,0.3,0,0.0,0,0,18-APR-2022,
OPTSTK,SBIN,26-May-2022,390.0,PE,0.0,0.0,0.0,7.6,0.4,0,0.0,0,0,18-APR-2022,
OPTSTK,SBIN,26-May-2022,395.0,PE,0.0,0.0,0.0,8.6,0.55,0,0.0,0,0,18-APR-2022,
OPTSTK,SBIN,26-May-2022,400.0,PE,1.5,1.7,1.3,1.45,1.45,9,54.2,19500,4500,18-APR-2022,
OPTSTK,SBIN,26-May-2022,405.0,PE,0.0,0.0,0.0,10.8,0.9,0,0.0,0,0,18-APR-2022,
OPTSTK,SBIN,26-May-2022,410.0,PE,0.0,0.0,0.0,12.1,1.1,0,0.0,0,0,18-APR-2022,
OPTSTK,SBIN,26-May-2022,415.0,PE,0.0,0.0,0.0,13.45,1.4,0,0.0,0,0,18-APR-2022,
OPTSTK,SBIN,26-May-2022,420.0,PE,0.0,0.0,0.0,14.85,1.75,0,0.0,0,0,18-APR-2022,
OPTSTK,SBIN,26-May-2022,425.0,PE,0.0,0.0,0.0,16.4,2.15,0,0.0,0,0,18-APR-2022,
OPTSTK,SBIN,26-May-2022,430.0,PE,0.0,0.0,0.0,18.05,2.6,0,0.0,0,0,18-APR-2022,
OPTSTK,SBIN,26-May-2022,435.0,PE,0.0,0.0,0.0,19.8,3.15,0,0.0,0,0,18-APR-2022,
OPTSTK,SBIN,26-May-2022,440.0,PE,3.5,4.25,3.5,4.1,4.1,8,53.27,13500,9000,18-APR-2022,
OPTSTK,SBIN,26-May-2022,445.0,PE,0.0,0.0,0.0,23.6,4.55,0,0.0,0,0,18-APR-2022,
OPTSTK,SBIN,26-May-2022,450.0,PE,4.45,5.85,4.0,5.25,5.25,172,1174.02,306000,78000,18-APR-2022,
OPTSTK,SBIN,26-May-2022,455.0,PE,0.0,0.0,0.0,27.8,6.35,0,0.0,0,0,18-APR-2022,
OPTSTK,SBIN,26-May-2022,460.0,PE,6.0,7.5,6.0,7.2,7.2,37,259.02,37500,31500,18-APR-2022,
OPTSTK,SBIN,26-May-2022,465.0,PE,0.0,0.0,0.0,32.45,8.6,0,0.0,0,0,18-APR-2022,
OPTSTK,SBIN,26-May-2022,470.0,PE,8.9,10.0,1.05,9.3,9.3,74,531.27,114000,28500,18-APR-2022,
OPTSTK,SBIN,26-May-2022,475.0,PE,0.0,0.0,0.0,37.5,11.35,0,0.0,0,0,18-APR-2022,
OPTSTK,SBIN,26-May-2022,480.0,PE,8.9,12.65,8.9,12.3,12.3,162,1194.85,231000,88500,18-APR-2022,
OPTSTK,SBIN,26-May-2022,485.0,PE,0.0,0.0,0.0,42.9,14.7,0,0.0,0,0,18-APR-2022,
OPTSTK,SBIN,26-May-2022,490.0,PE,12.85,15.35,12.8,15.2,15.2,34,257.45,25500,0,18-APR-2022,
OPTSTK,SBIN,26-May-2022,495.0,PE,0.0,0.0,0.0,48.75,18.6,0,0.0,0,0,18-APR-2022,
OPTSTK,SBIN,26-May-2022,500.0,PE,16.65,20.45,16.1,18.9,18.9,200,1555.82,438000,82500,18-APR-2022,
OPTSTK,SBIN,26-May-2022,505.0,PE,0.0,0.0,0.0,54.95,23.15,0,0.0,0,0,18-APR-2022,
OPTSTK,SBIN,26-May-2022,510.0,PE,20.85,25.5,20.85,24.0,24.0,86,688.42,85500,55500,18-APR-2022,
OPTSTK,SBIN,26-May-2022,515.0,PE,0.0,0.0,0.0,61.55,28.3,0,0.0,0,0,18-APR-2022,
OPTSTK,SBIN,26-May-2022,520.0,PE,26.0,31.3,26.0,30.0,30.0,38,312.81,58500,4500,18-APR-2022,
OPTSTK,SBIN,26-May-2022,525.0,PE,0.0,0.0,0.0,68.4,34.0,0,0.0,0,0,18-APR-2022,
OPTSTK,SBIN,26-May-2022,530.0,PE,0.0,0.0,0.0,30.0,37.05,0,0.0,1500,0,18-APR-2022,
OPTSTK,SBIN,26-May-2022,535.0,PE,0.0,0.0,0.0,75.6,40.3,0,0.0,0,0,18-APR-2022,
OPTSTK,SBIN,26-May-2022,540.0,PE,42.5,42.5,42.5,42.5,43.6,10,87.37,16500,6000,18-APR-2022,
OPTSTK,SBIN,26-May-2022,545.0,PE,0.0,0.0,0.0,83.15,47.1,0,0.0,0,0,18-APR-2022,
OPTSTK,SBIN,26-May-2022,550.0,PE,45.0,50.15,45.0,50.0,50.0,14,125.28,40500,-16500,18-APR-2022,
OPTSTK,SBIN,26-May-2022,555.0,PE,0.0,0.0,0.0,90.9,54.4,0,0.0,0,0,18-APR-2022,
OPTSTK,SBIN,26-May-2022,560.0,PE,0.0,0.0,0.0,94.85,58.2,0,0.0,0,0,18-APR-2022,
OPTSTK,SBIN,26-May-2022,565.0,PE,0.0,0.0,0.0,98.9,62.1,0,0.0,0,0,18-APR-2022,
OPTSTK,SBIN,26-May-2022,570.0,PE,0.0,0.0,0.0,103.0,66.1,0,0.0,0,0,18-APR-2022,
OPTSTK,SBIN,26-May-2022,575.0,PE,0.0,0.0,0.0,107.1,70.2,0,0.0,0,0,18-APR-2022,
OPTSTK,SBIN,26-May-2022,580.0,PE,0.0,0.0,0.0,111.3,74.35,0,0.0,0,0,18-APR-2022,
OPTSTK,SBIN,26-May-2022,585.0,PE,0.0,0.0,0.0,115.55,78.6,0,0.0,0,0,18-APR-2022,
OPTSTK,SBIN,26-May-2022,590.0,PE,0.0,0.0,0.0,119.85,82.95,0,0.0,0,0,18-APR-2022,
OPTSTK,SBIN,26-May-2022,595.0,PE,0.0,0.0,0.0,124.15,87.35,0,0.0,0,0,18-APR-2022,
OPTSTK,SBIN,26-May-2022,600.0,PE,0.0,0.0,0.0,128.5,91.8,0,0.0,0,0,18-APR-2022,
OPTSTK,SBIN,26-May-2022,605.0,PE,0.0,0.0,0.0,132.95,96.3,0,0.0,0,0,18-APR-2022,
OPTSTK,SBIN,26-May-2022,610.0,PE,0.0,0.0,0.0,137.35,100.85,0,0.0,0,0,18-APR-2022,
OPTSTK,SBIN,26-May-2022,615.0,PE,0.0,0.0,0.0,141.85,105.45,0,0.0,0,0,18-APR-2022,
OPTSTK,SBIN,26-May-2022,620.0,PE,0.0,0.0,0.0,146.35,110.1,0,0.0,0,0,18-APR-2022,
OPTSTK,SBIN,26-May-2022,625.0,PE,0.0,0.0,0.0,150.9,114.8,0,0.0,0,0,18-APR-2022,
OPTSTK,SBIN,26-May-2022,630.0,PE,0.0,0.0,0.0,155.45,119.5,0,0.0,0,0,18-APR-2022,
OPTSTK,SBIN,26-May-2022,635.0,PE,0.0,0.0,0.0,160.05,124.25,0,0.0,0,0,18-APR-2022,
OPTSTK,SBIN,26-May-2022,640.0,PE,0.0,0.0,0.0,164.65,129.0,0,0.0,0,0,18-APR-2022,
OPTSTK,SBIN,30-Jun-2022,330.0,CE,0.0,0.0,0.0,167.75,182.5,0,0.0,0,0,18-APR-2022,
OPTSTK,SBIN,30-Jun-2022,340.0,CE,0.0,0.0,0.0,158.2,172.7,0,0.0,0,0,18-APR-2022,
OPTSTK,SBIN,30-Jun-2022,350.0,CE,0.0,0.0,0.0,148.75,162.95,0,0.0,0,0,18-APR-2022,
OPTSTK,SBIN,30-Jun-2022,360.0,CE,0.0,0.0,0.0,139.45,153.3,0,0.0,0,0,18-APR-2022,
OPTSTK,SBIN,30-Jun-2022,370.0,CE,0.0,0.0,0.0,130.35,143.75,0,0.0,0,0,18-APR-2022,
OPTSTK,SBIN,30-Jun-2022,380.0,CE,0.0,0.0,0.0,121.45,134.3,0,0.0,0,0,18-APR-2022,
OPTSTK,SBIN,30-Jun-2022,390.0,CE,0.0,0.0,0.0,112.8,125.05,0,0.0,0,0,18-APR-2022,
OPTSTK,SBIN,30-Jun-2022,400.0,CE,0.0,0.0,0.0,104.4,116.0,0,0.0,0,0,18-APR-2022,
OPTSTK,SBIN,30-Jun-2022,410.0,CE,0.0,0.0,0.0,96.3,107.2,0,0.0,0,0,18-APR-2022,
OPTSTK,SBIN,30-Jun-2022,420.0,CE,0.0,0.0,0.0,88.55,98.65,0,0.0,0,0,18-APR-2022,
OPTSTK,SBIN,30-Jun-2022,430.0,CE,0.0,0.0,0.0,81.15,90.4,0,0.0,0,0,18-APR-2022,
OPTSTK,SBIN,30-Jun-2022,440.0,CE,0.0,0.0,0.0,74.1,82.5,0,0.0,0,0,18-APR-2022,
OPTSTK,SBIN,30-Jun-2022,450.0,CE,0.0,0.0,0.0,67.4,75.0,0,0.0,0,0,18-APR-2022,
OPTSTK,SBIN,30-Jun-2022,460.0,CE,0.0,0.0,0.0,61.1,67.85,0,0.0,0,0,18-APR-2022,
OPTSTK,SBIN,30-Jun-2022,470.0,CE,0.0,0.0,0.0,55.25,61.1,0,0.0,0,0,18-APR-2022,
OPTSTK,SBIN,30-Jun-2022,480.0,CE,0.0,0.0,0.0,49.75,54.85,0,0.0,0,0,18-APR-2022,
OPTSTK,SBIN,30-Jun-2022,490.0,CE,0.0,0.0,0.0,44.7,48.95,0,0.0,0,0,18-APR-2022,
OPTSTK,SBIN,30-Jun-2022,500.0,CE,39.0,39.0,39.0,39.0,43.55,1,8.08,39000,0,18-APR-2022,
OPTSTK,SBIN,30-Jun-2022,510.0,CE,0.0,0.0,0.0,35.7,38.6,0,0.0,0,0,18-APR-2022,
OPTSTK,SBIN,30-Jun-2022,520.0,CE,0.0,0.0,0.0,29.75,34.0,0,0.0,4500,0,18-APR-2022,
OPTSTK,SBIN,30-Jun-2022,530.0,CE,0.0,0.0,0.0,28.15,29.9,0,0.0,0,0,18-APR-2022,
OPTSTK,SBIN,30-Jun-2022,540.0,CE,0.0,0.0,0.0,24.9,26.15,0,0.0,0,0,18-APR-2022,
OPTSTK,SBIN,30-Jun-2022,550.0,CE,0.0,0.0,0.0,21.95,22.8,0,0.0,0,0,18-APR-2022,
OPTSTK,SBIN,30-Jun-2022,560.0,CE,0.0,0.0,0.0,19.35,19.8,0,0.0,0,0,18-APR-2022,
OPTSTK,SBIN,30-Jun-2022,570.0,CE,0.0,0.0,0.0,17.0,17.15,0,0.0,0,0,18-APR-2022,
OPTSTK,SBIN,30-Jun-2022,580.0,CE,0.0,0.0,0.0,14.9,14.8,0,0.0,0,0,18-APR-2022,
OPTSTK,SBIN,30-Jun-2022,590.0,CE,0.0,0.0,0.0,12.95,12.7,0,0.0,0,0,18-APR-2022,
OPTSTK,SBIN,30-Jun-2022,600.0,CE,0.0,0.0,0.0,11.3,10.85,0,0.0,0,0,18-APR-2022,
OPTSTK,SBIN,30-Jun-2022,610.0,CE,0.0,0.0,0.0,9.8,9.25,0,0.0,0,0,18-APR-2022,
OPTSTK,SBIN,30-Jun-2022,620.0,CE,0.0,0.0,0.0,8.5,7.9,0,0.0,0,0,18-APR-2022,
OPTSTK,SBIN,30-Jun-2022,630.0,CE,0.0,0.0,0.0,7.35,6.7,0,0.0,0,0,18-APR-2022,
OPTSTK,SBIN,30-Jun-2022,640.0,CE,0.0,0.0,0.0,6.35,5.65,0,0.0,0,0,18-APR-2022,
OPTSTK,SBIN,30-Jun-2022,330.0,PE,0.0,0.0,0.0,0.7,0.2,0,0.0,0,0,18-APR-2022,
OPTSTK,SBIN,30-Jun-2022,340.0,PE,0.0,0.0,0.0,1.05,0.3,0,0.0,0,0,18-APR-2022,
OPTSTK,SBIN,30-Jun-2022,350.0,PE,0.0,0.0,0.0,1.5,0.5,0,0.0,0,0,18-APR-2022,
OPTSTK,SBIN,30-Jun-2022,360.0,PE,0.0,0.0,0.0,2.1,0.75,0,0.0,0,0,18-APR-2022,
OPTSTK,SBIN,30-Jun-2022,370.0,PE,0.0,0.0,0.0,2.9,1.1,0,0.0,0,0,18-APR-2022,
OPTSTK,SBIN,30-Jun-2022,380.0,PE,0.0,0.0,0.0,3.9,1.6,0,0.0,0,0,18-APR-2022,
OPTSTK,SBIN,30-Jun-2022,390.0,PE,0.0,0.0,0.0,5.15,2.25,0,0.0,0,0,18-APR-2022,
OPTSTK,SBIN,30-Jun-2022,400.0,PE,0.0,0.0,0.0,6.65,3.1,0,0.0,0,0,18-APR-2022,
OPTSTK,SBIN,30-Jun-2022,410.0,PE,0.0,0.0,0.0,8.45,4.2,0,0.0,0,0,18-APR-2022,
OPTSTK,SBIN,30-Jun-2022,420.0,PE,0.0,0.0,0.0,10.6,5.6,0,0.0,0,0,18-APR-2022,
OPTSTK,SBIN,30-Jun-2022,430.0,PE,0.0,0.0,0.0,13.05,7.25,0,0.0,0,0,18-APR-2022,
OPTSTK,SBIN,30-Jun-2022,440.0,PE,0.0,0.0,0.0,15.9,9.3,0,0.0,0,0,18-APR-2022,
OPTSTK,SBIN,30-Jun-2022,450.0,PE,0.0,0.0,0.0,19.1,11.7,0,0.0,0,0,18-APR-2022,
OPTSTK,SBIN,30-Jun-2022,460.0,PE,0.0,0.0,0.0,8.0,14.45,0,0.0,1500,0,18-APR-2022,
OPTSTK,SBIN,30-Jun-2022,470.0,PE,0.0,0.0,0.0,26.75,17.65,0,0.0,0,0,18-APR-2022,
OPTSTK,SBIN,30-Jun-2022,480.0,PE,0.0,0.0,0.0,31.2,21.25,0,0.0,0,0,18-APR-2022,
OPTSTK,SBIN,30-Jun-2022,490.0,PE,0.0,0.0,0.0,36.0,25.35,0,0.0,0,0,18-APR-2022,
OPTSTK,SBIN,30-Jun-2022,500.0,PE,25.85,25.85,25.85,25.85,29.85,1,7.88,30000,0,18-APR-2022,
OPTSTK,SBIN,30-Jun-2022,510.0,PE,0.0,0.0,0.0,37.55,34.75,0,0.0,3000,0,18-APR-2022,
OPTSTK,SBIN,30-Jun-2022,520.0,PE,0.0,0.0,0.0,38.0,40.1,0,0.0,13500,0,18-APR-2022,
OPTSTK,SBIN,30-Jun-2022,530.0,PE,0.0,0.0,0.0,59.05,45.9,0,0.0,0,0,18-APR-2022,
OPTSTK,SBIN,30-Jun-2022,540.0,PE,0.0,0.0,0.0,42.0,52.1,0,0.0,3000,0,18-APR-2022,
OPTSTK,SBIN,30-Jun-2022,550.0,PE,0.0,0.0,0.0,72.65,58.65,0,0.0,0,0,18-APR-2022,
OPTSTK,SBIN,30-Jun-2022,560.0,PE,0.0,0.0,0.0,79.9,65.55,0,0.0,0,0,18-APR-2022,
OPTSTK,SBIN,30-Jun-2022,570.0,PE,0.0,0.0,0.0,87.45,72.8,0,0.0,0,0,18-APR-2022,
OPTSTK,SBIN,30-Jun-2022,580.0,PE,0.0,0.0,0.0,95.25,80.35,0,0.0,0,0,18-APR-2022,
OPTSTK,SBIN,30-Jun-2022,590.0,PE,0.0,0.0,0.0,103.2,88.2,0,0.0,0,0,18-APR-2022,
OPTSTK,SBIN,30-Jun-2022,600.0,PE,0.0,0.0,0.0,111.45,96.3,0,0.0,0,0,18-APR-2022,
OPTSTK,SBIN,30-Jun-2022,610.0,PE,0.0,0.0,0.0,119.85,104.6,0,0.0,0,0,18-APR-2022,
OPTSTK,SBIN,30-Jun-2022,620.0,PE,0.0,0.0,0.0,128.45,113.15,0,0.0,0,0,18-APR-2022,
OPTSTK,SBIN,30-Jun-2022,630.0,PE,0.0,0.0,0.0,137.2,121.85,0,0.0,0,0,18-APR-2022,
OPTSTK,SBIN,30-Jun-2022,640.0,PE,0.0,0.0,0.0,146.1,130.75,0,0.0,0,0,18-APR-2022,
OPTSTK,SHREECEM,28-Apr-2022,17000.0,CE,0.0,0.0,0.0,7165.2,8454.55,0,0.0,0,0,18-APR-2022,
OPTSTK,SHREECEM,28-Apr-2022,17250.0,CE,0.0,0.0,0.0,6924.75,8204.85,0,0.0,0,0,18-APR-2022,
OPTSTK,SHREECEM,28-Apr-2022,17500.0,CE,0.0,0.0,0.0,6685.7,7955.1,0,0.0,0,0,18-APR-2022,
OPTSTK,SHREECEM,28-Apr-2022,17750.0,CE,0.0,0.0,0.0,6448.3,7705.4,0,0.0,0,0,18-APR-2022,
OPTSTK,SHREECEM,28-Apr-2022,18000.0,CE,0.0,0.0,0.0,6212.8,7455.7,0,0.0,0,0,18-APR-2022,
OPTSTK,SHREECEM,28-Apr-2022,18250.0,CE,0.0,0.0,0.0,5979.4,7205.95,0,0.0,0,0,18-APR-2022,
OPTSTK,SHREECEM,28-Apr-2022,18500.0,CE,0.0,0.0,0.0,5748.35,6956.25,0,0.0,0,0,18-APR-2022,
OPTSTK,SHREECEM,28-Apr-2022,18750.0,CE,0.0,0.0,0.0,5519.95,6706.5,0,0.0,0,0,18-APR-2022,
OPTSTK,SHREECEM,28-Apr-2022,19000.0,CE,0.0,0.0,0.0,5294.45,6456.8,0,0.0,0,0,18-APR-2022,
OPTSTK,SHREECEM,28-Apr-2022,19250.0,CE,0.0,0.0,0.0,5072.1,6207.1,0,0.0,0,0,18-APR-2022,
OPTSTK,SHREECEM,28-Apr-2022,19500.0,CE,0.0,0.0,0.0,4853.15,5957.35,0,0.0,0,0,18-APR-2022,
OPTSTK,SHREECEM,28-Apr-2022,19750.0,CE,0.0,0.0,0.0,4637.95,5707.65,0,0.0,0,0,18-APR-2022,
OPTSTK,SHREECEM,28-Apr-2022,20000.0,CE,0.0,0.0,0.0,4426.7,5457.95,0,0.0,0,0,18-APR-2022,
OPTSTK,SHREECEM,28-Apr-2022,20250.0,CE,0.0,0.0,0.0,4219.7,5208.25,0,0.0,0,0,18-APR-2022,
OPTSTK,SHREECEM,28-Apr-2022,20500.0,CE,0.0,0.0,0.0,4017.2,4958.55,0,0.0,0,0,18-APR-2022,
OPTSTK,SHREECEM,28-Apr-2022,20750.0,CE,0.0,0.0,0.0,3819.4,4708.9,0,0.0,0,0,18-APR-2022,
OPTSTK,SHREECEM,28-Apr-2022,21000.0,CE,0.0,0.0,0.0,3626.55,4459.3,0,0.0,0,0,18-APR-2022,
OPTSTK,SHREECEM,28-Apr-2022,21250.0,CE,0.0,0.0,0.0,3438.85,4209.9,0,0.0,0,0,18-APR-2022,
OPTSTK,SHREECEM,28-Apr-2022,21500.0,CE,0.0,0.0,0.0,3257.15,3960.7,0,0.0,0,0,18-APR-2022,
OPTSTK,SHREECEM,28-Apr-2022,21750.0,CE,0.0,0.0,0.0,3080.15,3711.9,0,0.0,0,0,18-APR-2022,
OPTSTK,SHREECEM,28-Apr-2022,22000.0,CE,0.0,0.0,0.0,2907.95,3463.8,0,0.0,0,0,18-APR-2022,
OPTSTK,SHREECEM,28-Apr-2022,22250.0,CE,0.0,0.0,0.0,2742.65,3216.8,0,0.0,0,0,18-APR-2022,
OPTSTK,SHREECEM,28-Apr-2022,22500.0,CE,0.0,0.0,0.0,2583.3,2971.5,0,0.0,0,0,18-APR-2022,
OPTSTK,SHREECEM,28-Apr-2022,22750.0,CE,0.0,0.0,0.0,2429.9,2728.55,0,0.0,0,0,18-APR-2022,
OPTSTK,SHREECEM,28-Apr-2022,23000.0,CE,0.0,0.0,0.0,2023.4,2489.0,0,0.0,50,0,18-APR-2022,
OPTSTK,SHREECEM,28-Apr-2022,23250.0,CE,0.0,0.0,0.0,2141.25,2254.05,0,0.0,0,0,18-APR-2022,
OPTSTK,SHREECEM,28-Apr-2022,23500.0,CE,0.0,0.0,0.0,1905.05,2025.05,0,0.0,150,0,18-APR-2022,
OPTSTK,SHREECEM,28-Apr-2022,23750.0,CE,0.0,0.0,0.0,1772.05,1803.6,0,0.0,200,0,18-APR-2022,
OPTSTK,SHREECEM,28-Apr-2022,24000.0,CE,1255.45,1255.45,1255.4,1255.4,1591.4,2,12.62,600,0,18-APR-2022,
OPTSTK,SHREECEM,28-Apr-2022,24250.0,CE,0.0,0.0,0.0,1350.0,1390.05,0,0.0,25,0,18-APR-2022,
OPTSTK,SHREECEM,28-Apr-2022,24500.0,CE,984.2,984.2,984.2,984.2,1202.05,1,6.37,225,-25,18-APR-2022,
OPTSTK,SHREECEM,28-Apr-2022,24750.0,CE,817.35,817.35,817.3,817.3,1026.15,2,12.78,125,25,18-APR-2022,
OPTSTK,SHREECEM,28-Apr-2022,25000.0,CE,738.4,800.05,580.0,800.05,800.05,34,218.48,2400,-75,18-APR-2022,
OPTSTK,SHREECEM,28-Apr-2022,25250.0,CE,592.75,669.0,524.65,669.0,722.6,7,45.21,250,-50,18-APR-2022,
OPTSTK,SHREECEM,28-Apr-2022,25500.0,CE,300.95,524.4,300.95,505.75,505.75,84,545.13,2475,0,18-APR-2022,
OPTSTK,SHREECEM,28-Apr-2022,25750.0,CE,424.2,430.1,317.7,368.35,483.35,4,26.13,100,0,18-APR-2022,
OPTSTK,SHREECEM,28-Apr-2022,26000.0,CE,175.95,321.5,175.95,299.85,299.85,87,571.78,3375,350,18-APR-2022,
OPTSTK,SHREECEM,28-Apr-2022,26250.0,CE,0.0,0.0,0.0,898.25,306.35,0,0.0,0,0,18-APR-2022,
OPTSTK,SHREECEM,28-Apr-2022,26500.0,CE,243.15,243.15,145.05,145.05,145.05,4,26.69,200,75,18-APR-2022,
OPTSTK,SHREECEM,28-Apr-2022,26750.0,CE,0.0,0.0,0.0,763.8,183.95,0,0.0,0,0,18-APR-2022,
OPTSTK,SHREECEM,28-Apr-2022,27000.0,CE,1.6,160.0,1.6,95.0,139.5,21,142.18,1300,150,18-APR-2022,
OPTSTK,SHREECEM,28-Apr-2022,27250.0,CE,0.0,0.0,0.0,647.95,104.3,0,0.0,0,0,18-APR-2022,
OPTSTK,SHREECEM,28-Apr-2022,27500.0,CE,0.0,0.0,0.0,595.4,76.9,0,0.0,0,0,18-APR-2022,
OPTSTK,SHREECEM,28-Apr-2022,27750.0,CE,0.0,0.0,0.0,545.5,55.85,0,0.0,0,0,18-APR-2022,
OPTSTK,SHREECEM,28-Apr-2022,28000.0,CE,40.0,40.05,15.2,35.4,35.4,57,399.45,2275,75,18-APR-2022,
OPTSTK,SHREECEM,28-Apr-2022,28250.0,CE,0.0,0.0,0.0,457.75,28.25,0,0.0,0,0,18-APR-2022,
OPTSTK,SHREECEM,28-Apr-2022,28500.0,CE,0.0,0.0,0.0,418.65,19.65,0,0.0,0,0,18-APR-2022,
OPTSTK,SHREECEM,28-Apr-2022,28750.0,CE,0.0,0.0,0.0,382.5,13.5,0,0.0,0,0,18-APR-2022,
OPTSTK,SHREECEM,28-Apr-2022,29000.0,CE,0.0,0.0,0.0,349.1,9.15,0,0.0,0,0,18-APR-2022,
OPTSTK,SHREECEM,28-Apr-2022,29250.0,CE,0.0,0.0,0.0,318.3,6.1,0,0.0,0,0,18-APR-2022,
OPTSTK,SHREECEM,28-Apr-2022,29500.0,CE,0.0,0.0,0.0,289.95,4.05,0,0.0,0,0,18-APR-2022,
OPTSTK,SHREECEM,28-Apr-2022,29750.0,CE,0.0,0.0,0.0,263.85,2.65,0,0.0,0,0,18-APR-2022,
OPTSTK,SHREECEM,28-Apr-2022,30000.0,CE,0.0,0.0,0.0,239.85,1.7,0,0.0,0,0,18-APR-2022,
OPTSTK,SHREECEM,28-Apr-2022,30250.0,CE,0.0,0.0,0.0,217.85,1.1,0,0.0,0,0,18-APR-2022,
OPTSTK,SHREECEM,28-Apr-2022,30500.0,CE,0.0,0.0,0.0,197.65,0.7,0,0.0,0,0,18-APR-2022,
OPTSTK,SHREECEM,28-Apr-2022,30750.0,CE,0.0,0.0,0.0,179.2,0.45,0,0.0,0,0,18-APR-2022,
OPTSTK,SHREECEM,28-Apr-2022,31000.0,CE,0.0,0.0,0.0,162.3,0.25,0,0.0,0,0,18-APR-2022,
OPTSTK,SHREECEM,28-Apr-2022,31250.0,CE,0.0,0.0,0.0,146.9,0.15,0,0.0,0,0,18-APR-2022,
OPTSTK,SHREECEM,28-Apr-2022,31500.0,CE,0.0,0.0,0.0,132.8,0.1,0,0.0,0,0,18-APR-2022,
OPTSTK,SHREECEM,28-Apr-2022,31750.0,CE,0.0,0.0,0.0,120.0,0.05,0,0.0,0,0,18-APR-2022,
OPTSTK,SHREECEM,28-Apr-2022,32000.0,CE,0.0,0.0,0.0,108.3,0.05,0,0.0,0,0,18-APR-2022,
OPTSTK,SHREECEM,28-Apr-2022,32250.0,CE,0.0,0.0,0.0,97.7,0.05,0,0.0,0,0,18-APR-2022,
OPTSTK,SHREECEM,28-Apr-2022,32500.0,CE,0.0,0.0,0.0,88.05,0.05,0,0.0,0,0,18-APR-2022,
OPTSTK,SHREECEM,28-Apr-2022,32750.0,CE,0.0,0.0,0.0,79.3,0.05,0,0.0,0,0,18-APR-2022,
OPTSTK,SHREECEM,28-Apr-2022,33000.0,CE,0.0,0.0,0.0,71.35,0.0,0,0.0,0,0,18-APR-2022,
OPTSTK,SHREECEM,28-Apr-2022,33250.0,CE,0.0,0.0,0.0,64.15,0.0,0,0.0,0,0,18-APR-2022,
OPTSTK,SHREECEM,28-Apr-2022,33500.0,CE,0.0,0.0,0.0,57.65,0.0,0,0.0,0,0,18-APR-2022,
OPTSTK,SHREECEM,28-Apr-2022,33750.0,CE,0.0,0.0,0.0,51.75,0.0,0,0.0,0,0,18-APR-2022,
OPTSTK,SHREECEM,28-Apr-2022,34000.0,CE,0.0,0.0,0.0,46.45,0.0,0,0.0,0,0,18-APR-2022,
OPTSTK,SHREECEM,28-Apr-2022,17000.0,PE,0.0,0.0,0.0,26.35,0.0,0,0.0,0,0,18-APR-2022,
OPTSTK,SHREECEM,28-Apr-2022,17250.0,PE,0.0,0.0,0.0,33.25,0.0,0,0.0,0,0,18-APR-2022,
OPTSTK,SHREECEM,28-Apr-2022,17500.0,PE,0.0,0.0,0.0,41.6,0.0,0,0.0,0,0,18-APR-2022,
OPTSTK,SHREECEM,28-Apr-2022,17750.0,PE,0.0,0.0,0.0,51.6,0.0,0,0.0,0,0,18-APR-2022,
OPTSTK,SHREECEM,28-Apr-2022,18000.0,PE,0.0,0.0,0.0,63.5,0.0,0,0.0,0,0,18-APR-2022,
OPTSTK,SHREECEM,28-Apr-2022,18250.0,PE,0.0,0.0,0.0,77.5,0.0,0,0.0,0,0,18-APR-2022,
OPTSTK,SHREECEM,28-Apr-2022,18500.0,PE,0.0,0.0,0.0,93.85,0.0,0,0.0,0,0,18-APR-2022,
OPTSTK,SHREECEM,28-Apr-2022,18750.0,PE,0.0,0.0,0.0,112.85,0.0,0,0.0,0,0,18-APR-2022,
OPTSTK,SHREECEM,28-Apr-2022,19000.0,PE,0.0,0.0,0.0,134.75,0.0,0,0.0,0,0,18-APR-2022,
OPTSTK,SHREECEM,28-Apr-2022,19250.0,PE,0.0,0.0,0.0,159.75,0.0,0,0.0,0,0,18-APR-2022,
OPTSTK,SHREECEM,28-Apr-2022,19500.0,PE,0.0,0.0,0.0,188.25,0.0,0,0.0,0,0,18-APR-2022,
OPTSTK,SHREECEM,28-Apr-2022,19750.0,PE,0.0,0.0,0.0,220.45,0.0,0,0.0,0,0,18-APR-2022,
OPTSTK,SHREECEM,28-Apr-2022,20000.0,PE,0.0,0.0,0.0,256.6,0.05,0,0.0,0,0,18-APR-2022,
OPTSTK,SHREECEM,28-Apr-2022,20250.0,PE,0.0,0.0,0.0,20.0,0.05,0,0.0,25,0,18-APR-2022,
OPTSTK,SHREECEM,28-Apr-2022,20500.0,PE,0.0,0.0,0.0,175.5,0.1,0,0.0,25,0,18-APR-2022,
OPTSTK,SHREECEM,28-Apr-2022,20750.0,PE,0.0,0.0,0.0,391.45,0.15,0,0.0,0,0,18-APR-2022,
OPTSTK,SHREECEM,28-Apr-2022,21000.0,PE,0.0,0.0,0.0,12.5,0.3,0,0.0,200,0,18-APR-2022,
OPTSTK,SHREECEM,28-Apr-2022,21250.0,PE,0.0,0.0,0.0,505.7,0.55,0,0.0,0,0,18-APR-2022,
OPTSTK,SHREECEM,28-Apr-2022,21500.0,PE,0.0,0.0,0.0,571.4,1.1,0,0.0,0,0,18-APR-2022,
OPTSTK,SHREECEM,28-Apr-2022,21750.0,PE,0.0,0.0,0.0,641.8,2.0,0,0.0,0,0,18-APR-2022,
OPTSTK,SHREECEM,28-Apr-2022,22000.0,PE,27.1,45.0,5.95,10.0,10.0,5,27.52,850,-25,18-APR-2022,
OPTSTK,SHREECEM,28-Apr-2022,22250.0,PE,0.0,0.0,0.0,799.1,6.4,0,0.0,0,0,18-APR-2022,
OPTSTK,SHREECEM,28-Apr-2022,22500.0,PE,0.0,0.0,0.0,275.0,10.75,0,0.0,25,0,18-APR-2022,
OPTSTK,SHREECEM,28-Apr-2022,22750.0,PE,0.0,0.0,0.0,981.1,17.55,0,0.0,0,0,18-APR-2022,
OPTSTK,SHREECEM,28-Apr-2022,23000.0,PE,74.5,74.5,25.0,50.0,27.7,5,28.81,300,0,18-APR-2022,
OPTSTK,SHREECEM,28-Apr-2022,23250.0,PE,0.0,0.0,0.0,1187.25,42.45,0,0.0,0,0,18-APR-2022,
OPTSTK,SHREECEM,28-Apr-2022,23500.0,PE,0.0,0.0,0.0,157.55,63.2,0,0.0,125,0,18-APR-2022,
OPTSTK,SHREECEM,28-Apr-2022,23750.0,PE,0.0,0.0,0.0,427.6,91.5,0,0.0,25,0,18-APR-2022,
OPTSTK,SHREECEM,28-Apr-2022,24000.0,PE,175.0,180.0,175.0,180.0,180.0,6,36.26,1150,50,18-APR-2022,
OPTSTK,SHREECEM,28-Apr-2022,24250.0,PE,0.0,0.0,0.0,160.0,177.35,0,0.0,25,0,18-APR-2022,
OPTSTK,SHREECEM,28-Apr-2022,24500.0,PE,314.4,351.9,210.0,210.0,210.0,9,55.76,625,-100,18-APR-2022,
OPTSTK,SHREECEM,28-Apr-2022,24750.0,PE,0.0,0.0,0.0,1949.6,312.9,0,0.0,0,0,18-APR-2022,
OPTSTK,SHREECEM,28-Apr-2022,25000.0,PE,558.1,610.0,346.0,346.0,402.9,18,114.57,875,125,18-APR-2022,
OPTSTK,SHREECEM,28-Apr-2022,25250.0,PE,587.15,587.15,587.15,587.15,508.8,1,6.45,25,25,18-APR-2022,
OPTSTK,SHREECEM,28-Apr-2022,25500.0,PE,0.0,0.0,0.0,2408.0,630.75,0,0.0,0,0,18-APR-2022,
OPTSTK,SHREECEM,28-Apr-2022,25750.0,PE,0.0,0.0,0.0,2571.4,768.95,0,0.0,0,0,18-APR-2022,
OPTSTK,SHREECEM,28-Apr-2022,26000.0,PE,925.0,925.0,925.0,925.0,922.8,1,6.73,75,-25,18-APR-2022,
OPTSTK,SHREECEM,28-Apr-2022,26250.0,PE,0.0,0.0,0.0,2913.05,1091.4,0,0.0,0,0,18-APR-2022,
OPTSTK,SHREECEM,28-Apr-2022,26500.0,PE,0.0,0.0,0.0,3090.95,1274.85,0,0.0,0,0,18-APR-2022,
OPTSTK,SHREECEM,28-Apr-2022,26750.0,PE,0.0,0.0,0.0,3273.35,1468.45,0,0.0,0,0,18-APR-2022,
OPTSTK,SHREECEM,28-Apr-2022,27000.0,PE,0.0,0.0,0.0,3461.3,1673.75,0,0.0,0,0,18-APR-2022,
OPTSTK,SHREECEM,28-Apr-2022,27250.0,PE,0.0,0.0,0.0,3652.3,1888.25,0,0.0,0,0,18-APR-2022,
OPTSTK,SHREECEM,28-Apr-2022,27500.0,PE,0.0,0.0,0.0,3847.15,2110.55,0,0.0,0,0,18-APR-2022,
OPTSTK,SHREECEM,28-Apr-2022,27750.0,PE,0.0,0.0,0.0,4044.6,2339.2,0,0.0,0,0,18-APR-2022,
OPTSTK,SHREECEM,28-Apr-2022,28000.0,PE,0.0,0.0,0.0,4246.5,2573.1,0,0.0,0,0,18-APR-2022,
OPTSTK,SHREECEM,28-Apr-2022,28250.0,PE,0.0,0.0,0.0,4451.7,2811.05,0,0.0,0,0,18-APR-2022,
OPTSTK,SHREECEM,28-Apr-2022,28500.0,PE,0.0,0.0,0.0,4660.0,3052.2,0,0.0,0,0,18-APR-2022,
OPTSTK,SHREECEM,28-Apr-2022,28750.0,PE,0.0,0.0,0.0,4871.2,3295.75,0,0.0,0,0,18-APR-2022,
OPTSTK,SHREECEM,28-Apr-2022,29000.0,PE,0.0,0.0,0.0,5085.25,3541.1,0,0.0,0,0,18-APR-2022,
OPTSTK,SHREECEM,28-Apr-2022,29250.0,PE,0.0,0.0,0.0,5301.8,3787.8,0,0.0,0,0,18-APR-2022,
OPTSTK,SHREECEM,28-Apr-2022,29500.0,PE,0.0,0.0,0.0,5520.85,4035.45,0,0.0,0,0,18-APR-2022,
OPTSTK,SHREECEM,28-Apr-2022,29750.0,PE,0.0,0.0,0.0,5742.15,4283.75,0,0.0,0,0,18-APR-2022,
OPTSTK,SHREECEM,28-Apr-2022,30000.0,PE,0.0,0.0,0.0,5965.55,4532.55,0,0.0,0,0,18-APR-2022,
OPTSTK,SHREECEM,28-Apr-2022,30250.0,PE,0.0,0.0,0.0,6190.95,4781.65,0,0.0,0,0,18-APR-2022,
OPTSTK,SHREECEM,28-Apr-2022,30500.0,PE,0.0,0.0,0.0,6418.15,5030.95,0,0.0,0,0,18-APR-2022,
OPTSTK,SHREECEM,28-Apr-2022,30750.0,PE,0.0,0.0,0.0,6647.1,5280.4,0,0.0,0,0,18-APR-2022,
OPTSTK,SHREECEM,28-Apr-2022,31000.0,PE,0.0,0.0,0.0,6877.6,5530.0,0,0.0,0,0,18-APR-2022,
OPTSTK,SHREECEM,28-Apr-2022,31250.0,PE,0.0,0.0,0.0,7109.55,5779.6,0,0.0,0,0,18-APR-2022,
OPTSTK,SHREECEM,28-Apr-2022,31500.0,PE,0.0,0.0,0.0,7342.9,6029.25,0,0.0,0,0,18-APR-2022,
OPTSTK,SHREECEM,28-Apr-2022,31750.0,PE,0.0,0.0,0.0,7577.45,6278.95,0,0.0,0,0,18-APR-2022,
OPTSTK,SHREECEM,28-Apr-2022,32000.0,PE,0.0,0.0,0.0,7813.2,6528.65,0,0.0,0,0,18-APR-2022,
OPTSTK,SHREECEM,28-Apr-2022,32250.0,PE,0.0,0.0,0.0,8049.95,6778.35,0,0.0,0,0,18-APR-2022,
OPTSTK,SHREECEM,28-Apr-2022,32500.0,PE,0.0,0.0,0.0,8287.7,7028.05,0,0.0,0,0,18-APR-2022,
OPTSTK,SHREECEM,28-Apr-2022,32750.0,PE,0.0,0.0,0.0,8526.35,7277.75,0,0.0,0,0,18-APR-2022,
OPTSTK,SHREECEM,28-Apr-2022,33000.0,PE,0.0,0.0,0.0,8765.8,7527.5,0,0.0,0,0,18-APR-2022,
OPTSTK,SHREECEM,28-Apr-2022,33250.0,PE,0.0,0.0,0.0,9006.0,7777.2,0,0.0,0,0,18-APR-2022,
OPTSTK,SHREECEM,28-Apr-2022,33500.0,PE,0.0,0.0,0.0,9246.9,8026.9,0,0.0,0,0,18-APR-2022,
OPTSTK,SHREECEM,28-Apr-2022,33750.0,PE,0.0,0.0,0.0,9488.4,8276.65,0,0.0,0,0,18-APR-2022,
OPTSTK,SHREECEM,28-Apr-2022,34000.0,PE,0.0,0.0,0.0,9730.45,8526.35,0,0.0,0,0,18-APR-2022,
OPTSTK,SHREECEM,26-May-2022,17000.0,CE,0.0,0.0,0.0,6381.8,8510.65,0,0.0,0,0,18-APR-2022,
OPTSTK,SHREECEM,26-May-2022,17250.0,CE,0.0,0.0,0.0,6146.45,8261.85,0,0.0,0,0,18-APR-2022,
OPTSTK,SHREECEM,26-May-2022,17500.0,CE,0.0,0.0,0.0,5913.3,8013.1,0,0.0,0,0,18-APR-2022,
OPTSTK,SHREECEM,26-May-2022,17750.0,CE,0.0,0.0,0.0,5682.55,7764.45,0,0.0,0,0,18-APR-2022,
OPTSTK,SHREECEM,26-May-2022,18000.0,CE,0.0,0.0,0.0,5454.5,7515.95,0,0.0,0,0,18-APR-2022,
OPTSTK,SHREECEM,26-May-2022,18250.0,CE,0.0,0.0,0.0,5229.4,7267.55,0,0.0,0,0,18-APR-2022,
OPTSTK,SHREECEM,26-May-2022,18500.0,CE,0.0,0.0,0.0,5007.55,7019.45,0,0.0,0,0,18-APR-2022,
OPTSTK,SHREECEM,26-May-2022,18750.0,CE,0.0,0.0,0.0,4789.25,6771.6,0,0.0,0,0,18-APR-2022,
OPTSTK,SHREECEM,26-May-2022,19000.0,CE,0.0,0.0,0.0,4574.7,6524.2,0,0.0,0,0,18-APR-2022,
OPTSTK,SHREECEM,26-May-2022,19250.0,CE,0.0,0.0,0.0,4364.2,6277.35,0,0.0,0,0,18-APR-2022,
OPTSTK,SHREECEM,26-May-2022,19500.0,CE,0.0,0.0,0.0,4158.05,6031.2,0,0.0,0,0,18-APR-2022,
OPTSTK,SHREECEM,26-May-2022,19750.0,CE,0.0,0.0,0.0,3956.5,5785.95,0,0.0,0,0,18-APR-2022,
OPTSTK,SHREECEM,26-May-2022,20000.0,CE,0.0,0.0,0.0,3759.7,5541.8,0,0.0,0,0,18-APR-2022,
OPTSTK,SHREECEM,26-May-2022,20250.0,CE,0.0,0.0,0.0,3568.0,5299.05,0,0.0,0,0,18-APR-2022,
OPTSTK,SHREECEM,26-May-2022,20500.0,CE,0.0,0.0,0.0,3382.35,5057.95,0,0.0,0,0,18-APR-2022,
OPTSTK,SHREECEM,26-May-2022,20750.0,CE,0.0,0.0,0.0,3201.1,4818.85,0,0.0,0,0,18-APR-2022,
OPTSTK,SHREECEM,26-May-2022,21000.0,CE,0.0,0.0,0.0,3025.5,4582.15,0,0.0,0,0,18-APR-2022,
OPTSTK,SHREECEM,26-May-2022,21250.0,CE,0.0,0.0,0.0,2854.85,4348.2,0,0.0,0,0,18-APR-2022,
OPTSTK,SHREECEM,26-May-2022,21500.0,CE,0.0,0.0,0.0,2691.15,4117.45,0,0.0,0,0,18-APR-2022,
OPTSTK,SHREECEM,26-May-2022,21750.0,CE,0.0,0.0,0.0,2533.4,3890.3,0,0.0,0,0,18-APR-2022,
OPTSTK,SHREECEM,26-May-2022,22000.0,CE,0.0,0.0,0.0,2381.7,3667.3,0,0.0,0,0,18-APR-2022,
OPTSTK,SHREECEM,26-May-2022,22250.0,CE,0.0,0.0,0.0,2236.05,3448.9,0,0.0,0,0,18-APR-2022,
OPTSTK,SHREECEM,26-May-2022,22500.0,CE,0.0,0.0,0.0,2096.5,3235.6,0,0.0,0,0,18-APR-2022,
OPTSTK,SHREECEM,26-May-2022,22750.0,CE,0.0,0.0,0.0,1963.1,3027.8,0,0.0,0,0,18-APR-2022,
OPTSTK,SHREECEM,26-May-2022,23000.0,CE,0.0,0.0,0.0,1835.7,2826.05,0,0.0,0,0,18-APR-2022,
OPTSTK,SHREECEM,26-May-2022,23250.0,CE,0.0,0.0,0.0,1714.25,2630.75,0,0.0,0,0,18-APR-2022,
OPTSTK,SHREECEM,26-May-2022,23500.0,CE,0.0,0.0,0.0,1598.85,2443.2,0,0.0,0,0,18-APR-2022,
OPTSTK,SHREECEM,26-May-2022,23750.0,CE,0.0,0.0,0.0,1489.25,2261.7,0,0.0,0,0,18-APR-2022,
OPTSTK,SHREECEM,26-May-2022,24000.0,CE,0.0,0.0,0.0,1385.4,2087.0,0,0.0,0,0,18-APR-2022,
OPTSTK,SHREECEM,26-May-2022,24250.0,CE,0.0,0.0,0.0,1287.15,1921.3,0,0.0,0,0,18-APR-2022,
OPTSTK,SHREECEM,26-May-2022,24500.0,CE,0.0,0.0,0.0,1194.4,1763.7,0,0.0,0,0,18-APR-2022,
OPTSTK,SHREECEM,26-May-2022,24750.0,CE,0.0,0.0,0.0,1106.95,1614.3,0,0.0,0,0,18-APR-2022,
OPTSTK,SHREECEM,26-May-2022,25000.0,CE,0.0,0.0,0.0,1024.65,1473.2,0,0.0,0,0,18-APR-2022,
OPTSTK,SHREECEM,26-May-2022,25250.0,CE,0.0,0.0,0.0,947.3,1340.55,0,0.0,0,0,18-APR-2022,
OPTSTK,SHREECEM,26-May-2022,25500.0,CE,0.0,0.0,0.0,950.0,1216.05,0,0.0,50,0,18-APR-2022,
OPTSTK,SHREECEM,26-May-2022,25750.0,CE,0.0,0.0,0.0,806.85,1100.0,0,0.0,0,0,18-APR-2022,
OPTSTK,SHREECEM,26-May-2022,26000.0,CE,0.0,0.0,0.0,744.45,992.0,0,0.0,0,0,18-APR-2022,
OPTSTK,SHREECEM,26-May-2022,26250.0,CE,0.0,0.0,0.0,685.35,892.0,0,0.0,0,0,18-APR-2022,
OPTSTK,SHREECEM,26-May-2022,26500.0,CE,0.0,0.0,0.0,630.3,799.7,0,0.0,0,0,18-APR-2022,
OPTSTK,SHREECEM,26-May-2022,26750.0,CE,0.0,0.0,0.0,579.1,714.8,0,0.0,0,0,18-APR-2022,
OPTSTK,SHREECEM,26-May-2022,27000.0,CE,0.0,0.0,0.0,530.4,637.05,0,0.0,0,0,18-APR-2022,
OPTSTK,SHREECEM,26-May-2022,27250.0,CE,0.0,0.0,0.0,486.05,566.1,0,0.0,0,0,18-APR-2022,
OPTSTK,SHREECEM,26-May-2022,27500.0,CE,0.0,0.0,0.0,444.95,502.75,0,0.0,0,0,18-APR-2022,
OPTSTK,SHREECEM,26-May-2022,27750.0,CE,0.0,0.0,0.0,406.9,444.65,0,0.0,0,0,18-APR-2022,
OPTSTK,SHREECEM,26-May-2022,28000.0,CE,0.0,0.0,0.0,371.7,390.95,0,0.0,0,0,18-APR-2022,
OPTSTK,SHREECEM,26-May-2022,28250.0,CE,0.0,0.0,0.0,339.25,343.55,0,0.0,0,0,18-APR-2022,
OPTSTK,SHREECEM,26-May-2022,28500.0,CE,0.0,0.0,0.0,309.3,301.0,0,0.0,0,0,18-APR-2022,
OPTSTK,SHREECEM,26-May-2022,28750.0,CE,0.0,0.0,0.0,281.75,263.0,0,0.0,0,0,18-APR-2022,
OPTSTK,SHREECEM,26-May-2022,29000.0,CE,0.0,0.0,0.0,256.4,229.2,0,0.0,0,0,18-APR-2022,
OPTSTK,SHREECEM,26-May-2022,29250.0,CE,0.0,0.0,0.0,233.1,199.15,0,0.0,0,0,18-APR-2022,
OPTSTK,SHREECEM,26-May-2022,29500.0,CE,0.0,0.0,0.0,211.75,172.6,0,0.0,0,0,18-APR-2022,
OPTSTK,SHREECEM,26-May-2022,29750.0,CE,0.0,0.0,0.0,192.15,149.2,0,0.0,0,0,18-APR-2022,
OPTSTK,SHREECEM,26-May-2022,30000.0,CE,0.0,0.0,0.0,174.25,128.6,0,0.0,0,0,18-APR-2022,
OPTSTK,SHREECEM,26-May-2022,30250.0,CE,0.0,0.0,0.0,157.85,110.6,0,0.0,0,0,18-APR-2022,
OPTSTK,SHREECEM,26-May-2022,30500.0,CE,0.0,0.0,0.0,142.85,94.85,0,0.0,0,0,18-APR-2022,
OPTSTK,SHREECEM,26-May-2022,30750.0,CE,0.0,0.0,0.0,129.2,81.1,0,0.0,0,0,18-APR-2022,
OPTSTK,SHREECEM,26-May-2022,31000.0,CE,0.0,0.0,0.0,116.8,69.2,0,0.0,0,0,18-APR-2022,
OPTSTK,SHREECEM,26-May-2022,31250.0,CE,0.0,0.0,0.0,105.45,58.95,0,0.0,0,0,18-APR-2022,
OPTSTK,SHREECEM,26-May-2022,31500.0,CE,0.0,0.0,0.0,95.15,50.05,0,0.0,0,0,18-APR-2022,
OPTSTK,SHREECEM,26-May-2022,31750.0,CE,0.0,0.0,0.0,85.8,42.4,0,0.0,0,0,18-APR-2022,
OPTSTK,SHREECEM,26-May-2022,32000.0,CE,0.0,0.0,0.0,77.3,35.85,0,0.0,0,0,18-APR-2022,
OPTSTK,SHREECEM,26-May-2022,32250.0,CE,0.0,0.0,0.0,69.6,30.2,0,0.0,0,0,18-APR-2022,
OPTSTK,SHREECEM,26-May-2022,32500.0,CE,0.0,0.0,0.0,62.6,25.45,0,0.0,0,0,18-APR-2022,
OPTSTK,SHREECEM,26-May-2022,32750.0,CE,0.0,0.0,0.0,56.25,21.35,0,0.0,0,0,18-APR-2022,
OPTSTK,SHREECEM,26-May-2022,33000.0,CE,0.0,0.0,0.0,50.55,17.9,0,0.0,0,0,18-APR-2022,
OPTSTK,SHREECEM,26-May-2022,33250.0,CE,0.0,0.0,0.0,45.4,14.95,0,0.0,0,0,18-APR-2022,
OPTSTK,SHREECEM,26-May-2022,17000.0,PE,0.0,0.0,0.0,51.6,0.2,0,0.0,0,0,18-APR-2022,
OPTSTK,SHREECEM,26-May-2022,17250.0,PE,0.0,0.0,0.0,63.65,0.3,0,0.0,0,0,18-APR-2022,
OPTSTK,SHREECEM,26-May-2022,17500.0,PE,0.0,0.0,0.0,77.9,0.45,0,0.0,0,0,18-APR-2022,
OPTSTK,SHREECEM,26-May-2022,17750.0,PE,0.0,0.0,0.0,94.55,0.7,0,0.0,0,0,18-APR-2022,
OPTSTK,SHREECEM,26-May-2022,18000.0,PE,0.0,0.0,0.0,113.85,1.05,0,0.0,0,0,18-APR-2022,
OPTSTK,SHREECEM,26-May-2022,18250.0,PE,0.0,0.0,0.0,136.15,1.6,0,0.0,0,0,18-APR-2022,
OPTSTK,SHREECEM,26-May-2022,18500.0,PE,0.0,0.0,0.0,161.7,2.35,0,0.0,0,0,18-APR-2022,
OPTSTK,SHREECEM,26-May-2022,18750.0,PE,0.0,0.0,0.0,190.75,3.45,0,0.0,0,0,18-APR-2022,
OPTSTK,SHREECEM,26-May-2022,19000.0,PE,0.0,0.0,0.0,223.6,4.95,0,0.0,0,0,18-APR-2022,
OPTSTK,SHREECEM,26-May-2022,19250.0,PE,0.0,0.0,0.0,260.5,7.0,0,0.0,0,0,18-APR-2022,
OPTSTK,SHREECEM,26-May-2022,19500.0,PE,0.0,0.0,0.0,301.7,9.75,0,0.0,0,0,18-APR-2022,
OPTSTK,SHREECEM,26-May-2022,19750.0,PE,0.0,0.0,0.0,347.55,13.35,0,0.0,0,0,18-APR-2022,
OPTSTK,SHREECEM,26-May-2022,20000.0,PE,0.0,0.0,0.0,398.15,18.15,0,0.0,0,0,18-APR-2022,
OPTSTK,SHREECEM,26-May-2022,20250.0,PE,0.0,0.0,0.0,453.8,24.25,0,0.0,0,0,18-APR-2022,
OPTSTK,SHREECEM,26-May-2022,20500.0,PE,0.0,0.0,0.0,515.55,32.05,0,0.0,0,0,18-APR-2022,
OPTSTK,SHREECEM,26-May-2022,20750.0,PE,0.0,0.0,0.0,581.7,41.85,0,0.0,0,0,18-APR-2022,
OPTSTK,SHREECEM,26-May-2022,21000.0,PE,0.0,0.0,0.0,653.5,54.05,0,0.0,0,0,18-APR-2022,
OPTSTK,SHREECEM,26-May-2022,21250.0,PE,0.0,0.0,0.0,730.2,68.95,0,0.0,0,0,18-APR-2022,
OPTSTK,SHREECEM,26-May-2022,21500.0,PE,0.0,0.0,0.0,813.85,87.1,0,0.0,0,0,18-APR-2022,
OPTSTK,SHREECEM,26-May-2022,21750.0,PE,0.0,0.0,0.0,903.5,108.9,0,0.0,0,0,18-APR-2022,
OPTSTK,SHREECEM,26-May-2022,22000.0,PE,0.0,0.0,0.0,999.2,134.8,0,0.0,0,0,18-APR-2022,
OPTSTK,SHREECEM,26-May-2022,22250.0,PE,0.0,0.0,0.0,1100.95,165.3,0,0.0,0,0,18-APR-2022,
OPTSTK,SHREECEM,26-May-2022,22500.0,PE,0.0,0.0,0.0,1208.8,200.85,0,0.0,0,0,18-APR-2022,
OPTSTK,SHREECEM,26-May-2022,22750.0,PE,0.0,0.0,0.0,1322.75,241.95,0,0.0,0,0,18-APR-2022,
OPTSTK,SHREECEM,26-May-2022,23000.0,PE,0.0,0.0,0.0,1442.75,289.1,0,0.0,0,0,18-APR-2022,
OPTSTK,SHREECEM,26-May-2022,23250.0,PE,0.0,0.0,0.0,1568.65,342.7,0,0.0,0,0,18-APR-2022,
OPTSTK,SHREECEM,26-May-2022,23500.0,PE,0.0,0.0,0.0,1700.65,404.05,0,0.0,0,0,18-APR-2022,
OPTSTK,SHREECEM,26-May-2022,23750.0,PE,0.0,0.0,0.0,1838.45,471.45,0,0.0,0,0,18-APR-2022,
OPTSTK,SHREECEM,26-May-2022,24000.0,PE,0.0,0.0,0.0,550.0,545.65,0,0.0,100,0,18-APR-2022,
OPTSTK,SHREECEM,26-May-2022,24250.0,PE,0.0,0.0,0.0,2131.1,628.85,0,0.0,0,0,18-APR-2022,
OPTSTK,SHREECEM,26-May-2022,24500.0,PE,0.0,0.0,0.0,2285.75,720.1,0,0.0,0,0,18-APR-2022,
OPTSTK,SHREECEM,26-May-2022,24750.0,PE,0.0,0.0,0.0,2445.65,819.6,0,0.0,0,0,18-APR-2022,
OPTSTK,SHREECEM,26-May-2022,25000.0,PE,0.0,0.0,0.0,2610.75,927.45,0,0.0,0,0,18-APR-2022,
OPTSTK,SHREECEM,26-May-2022,25250.0,PE,0.0,0.0,0.0,2780.8,1043.65,0,0.0,0,0,18-APR-2022,
OPTSTK,SHREECEM,26-May-2022,25500.0,PE,0.0,0.0,0.0,2955.65,1168.1,0,0.0,0,0,18-APR-2022,
OPTSTK,SHREECEM,26-May-2022,25750.0,PE,0.0,0.0,0.0,3135.1,1300.9,0,0.0,0,0,18-APR-2022,
OPTSTK,SHREECEM,26-May-2022,26000.0,PE,1300.0,1300.0,1300.0,1300.0,1441.85,1,6.82,25,25,18-APR-2022,
OPTSTK,SHREECEM,26-May-2022,26250.0,PE,0.0,0.0,0.0,3508.4,1590.7,0,0.0,0,0,18-APR-2022,
OPTSTK,SHREECEM,26-May-2022,26500.0,PE,0.0,0.0,0.0,3700.7,1747.3,0,0.0,0,0,18-APR-2022,
OPTSTK,SHREECEM,26-May-2022,26750.0,PE,0.0,0.0,0.0,3896.9,1911.3,0,0.0,0,0,18-APR-2022,
OPTSTK,SHREECEM,26-May-2022,27000.0,PE,0.0,0.0,0.0,4095.55,2082.45,0,0.0,0,0,18-APR-2022,
OPTSTK,SHREECEM,26-May-2022,27250.0,PE,0.0,0.0,0.0,4298.6,2260.35,0,0.0,0,0,18-APR-2022,
OPTSTK,SHREECEM,26-May-2022,27500.0,PE,0.0,0.0,0.0,4504.9,2445.95,0,0.0,0,0,18-APR-2022,
OPTSTK,SHREECEM,26-May-2022,27750.0,PE,0.0,0.0,0.0,4714.2,2636.75,0,0.0,0,0,18-APR-2022,
OPTSTK,SHREECEM,26-May-2022,28000.0,PE,0.0,0.0,0.0,4926.45,2831.95,0,0.0,0,0,18-APR-2022,
OPTSTK,SHREECEM,26-May-2022,28250.0,PE,0.0,0.0,0.0,5141.35,3033.4,0,0.0,0,0,18-APR-2022,
OPTSTK,SHREECEM,26-May-2022,28500.0,PE,0.0,0.0,0.0,5358.8,3239.8,0,0.0,0,0,18-APR-2022,
OPTSTK,SHREECEM,26-May-2022,28750.0,PE,0.0,0.0,0.0,5578.6,3450.7,0,0.0,0,0,18-APR-2022,
OPTSTK,SHREECEM,26-May-2022,29000.0,PE,0.0,0.0,0.0,5800.65,3665.75,0,0.0,0,0,18-APR-2022,
OPTSTK,SHREECEM,26-May-2022,29250.0,PE,0.0,0.0,0.0,6024.7,3884.65,0,0.0,0,0,18-APR-2022,
OPTSTK,SHREECEM,26-May-2022,29500.0,PE,0.0,0.0,0.0,6250.75,4106.95,0,0.0,0,0,18-APR-2022,
OPTSTK,SHREECEM,26-May-2022,29750.0,PE,0.0,0.0,0.0,6478.55,4332.45,0,0.0,0,0,18-APR-2022,
OPTSTK,SHREECEM,26-May-2022,30000.0,PE,0.0,0.0,0.0,6708.0,4560.75,0,0.0,0,0,18-APR-2022,
OPTSTK,SHREECEM,26-May-2022,30250.0,PE,0.0,0.0,0.0,6939.0,4791.65,0,0.0,0,0,18-APR-2022,
OPTSTK,SHREECEM,26-May-2022,30500.0,PE,0.0,0.0,0.0,7171.4,5024.8,0,0.0,0,0,18-APR-2022,
OPTSTK,SHREECEM,26-May-2022,30750.0,PE,0.0,0.0,0.0,7405.15,5259.95,0,0.0,0,0,18-APR-2022,
OPTSTK,SHREECEM,26-May-2022,31000.0,PE,0.0,0.0,0.0,7640.1,5496.95,0,0.0,0,0,18-APR-2022,
OPTSTK,SHREECEM,26-May-2022,31250.0,PE,0.0,0.0,0.0,7876.15,5735.55,0,0.0,0,0,18-APR-2022,
OPTSTK,SHREECEM,26-May-2022,31500.0,PE,0.0,0.0,0.0,8113.2,5975.55,0,0.0,0,0,18-APR-2022,
OPTSTK,SHREECEM,26-May-2022,31750.0,PE,0.0,0.0,0.0,8351.25,6216.8,0,0.0,0,0,18-APR-2022,
OPTSTK,SHREECEM,26-May-2022,32000.0,PE,0.0,0.0,0.0,8590.1,6459.15,0,0.0,0,0,18-APR-2022,
OPTSTK,SHREECEM,26-May-2022,32250.0,PE,0.0,0.0,0.0,8829.8,6702.45,0,0.0,0,0,18-APR-2022,
OPTSTK,SHREECEM,26-May-2022,32500.0,PE,0.0,0.0,0.0,9070.2,6946.55,0,0.0,0,0,18-APR-2022,
OPTSTK,SHREECEM,26-May-2022,32750.0,PE,0.0,0.0,0.0,9311.25,7191.35,0,0.0,0,0,18-APR-2022,
OPTSTK,SHREECEM,26-May-2022,33000.0,PE,0.0,0.0,0.0,9552.95,7436.8,0,0.0,0,0,18-APR-2022,
OPTSTK,SHREECEM,26-May-2022,33250.0,PE,0.0,0.0,0.0,9795.15,7682.75,0,0.0,0,0,18-APR-2022,
OPTSTK,SHREECEM,30-Jun-2022,17000.0,CE,0.0,0.0,0.0,7249.65,8585.6,0,0.0,0,0,18-APR-2022,
OPTSTK,SHREECEM,30-Jun-2022,17250.0,CE,0.0,0.0,0.0,7011.3,8339.8,0,0.0,0,0,18-APR-2022,
OPTSTK,SHREECEM,30-Jun-2022,17500.0,CE,0.0,0.0,0.0,6774.65,8094.55,0,0.0,0,0,18-APR-2022,
OPTSTK,SHREECEM,30-Jun-2022,17750.0,CE,0.0,0.0,0.0,6539.8,7849.95,0,0.0,0,0,18-APR-2022,
OPTSTK,SHREECEM,30-Jun-2022,18000.0,CE,0.0,0.0,0.0,6307.05,7606.15,0,0.0,0,0,18-APR-2022,
OPTSTK,SHREECEM,30-Jun-2022,18250.0,CE,0.0,0.0,0.0,6076.65,7363.3,0,0.0,0,0,18-APR-2022,
OPTSTK,SHREECEM,30-Jun-2022,18500.0,CE,0.0,0.0,0.0,5848.75,7121.6,0,0.0,0,0,18-APR-2022,
OPTSTK,SHREECEM,30-Jun-2022,18750.0,CE,0.0,0.0,0.0,5623.7,6881.2,0,0.0,0,0,18-APR-2022,
OPTSTK,SHREECEM,30-Jun-2022,19000.0,CE,0.0,0.0,0.0,5401.65,6642.25,0,0.0,0,0,18-APR-2022,
OPTSTK,SHREECEM,30-Jun-2022,19250.0,CE,0.0,0.0,0.0,5182.85,6405.05,0,0.0,0,0,18-APR-2022,
OPTSTK,SHREECEM,30-Jun-2022,19500.0,CE,0.0,0.0,0.0,4967.55,6169.75,0,0.0,0,0,18-APR-2022,
OPTSTK,SHREECEM,30-Jun-2022,19750.0,CE,0.0,0.0,0.0,4756.05,5936.6,0,0.0,0,0,18-APR-2022,
OPTSTK,SHREECEM,30-Jun-2022,20000.0,CE,0.0,0.0,0.0,4548.5,5705.9,0,0.0,0,0,18-APR-2022,
OPTSTK,SHREECEM,30-Jun-2022,20250.0,CE,0.0,0.0,0.0,4345.15,5477.85,0,0.0,0,0,18-APR-2022,
OPTSTK,SHREECEM,30-Jun-2022,20500.0,CE,0.0,0.0,0.0,4146.25,5252.75,0,0.0,0,0,18-APR-2022,
OPTSTK,SHREECEM,30-Jun-2022,20750.0,CE,0.0,0.0,0.0,3951.95,5030.85,0,0.0,0,0,18-APR-2022,
OPTSTK,SHREECEM,30-Jun-2022,21000.0,CE,0.0,0.0,0.0,3762.4,4812.4,0,0.0,0,0,18-APR-2022,
OPTSTK,SHREECEM,30-Jun-2022,21250.0,CE,0.0,0.0,0.0,3578.65,4597.7,0,0.0,0,0,18-APR-2022,
OPTSTK,SHREECEM,30-Jun-2022,21500.0,CE,0.0,0.0,0.0,3399.05,4387.05,0,0.0,0,0,18-APR-2022,
OPTSTK,SHREECEM,30-Jun-2022,21750.0,CE,0.0,0.0,0.0,3224.75,4180.6,0,0.0,0,0,18-APR-2022,
OPTSTK,SHREECEM,30-Jun-2022,22000.0,CE,0.0,0.0,0.0,3055.0,3978.65,0,0.0,0,0,18-APR-2022,
OPTSTK,SHREECEM,30-Jun-2022,22250.0,CE,0.0,0.0,0.0,2891.85,3781.45,0,0.0,0,0,18-APR-2022,
OPTSTK,SHREECEM,30-Jun-2022,22500.0,CE,0.0,0.0,0.0,2734.2,3589.25,0,0.0,0,0,18-APR-2022,
OPTSTK,SHREECEM,30-Jun-2022,22750.0,CE,0.0,0.0,0.0,2582.25,3403.1,0,0.0,0,0,18-APR-2022,
OPTSTK,SHREECEM,30-Jun-2022,23000.0,CE,0.0,0.0,0.0,2435.95,3221.2,0,0.0,0,0,18-APR-2022,
OPTSTK,SHREECEM,30-Jun-2022,23250.0,CE,0.0,0.0,0.0,2295.3,3044.85,0,0.0,0,0,18-APR-2022,
OPTSTK,SHREECEM,30-Jun-2022,23500.0,CE,0.0,0.0,0.0,2160.3,2873.3,0,0.0,0,0,18-APR-2022,
OPTSTK,SHREECEM,30-Jun-2022,23750.0,CE,0.0,0.0,0.0,2031.0,2708.7,0,0.0,0,0,18-APR-2022,
OPTSTK,SHREECEM,30-Jun-2022,24000.0,CE,0.0,0.0,0.0,1907.2,2550.05,0,0.0,0,0,18-APR-2022,
OPTSTK,SHREECEM,30-Jun-2022,24250.0,CE,0.0,0.0,0.0,1789.05,2397.35,0,0.0,0,0,18-APR-2022,
OPTSTK,SHREECEM,30-Jun-2022,24500.0,CE,0.0,0.0,0.0,1676.4,2250.7,0,0.0,0,0,18-APR-2022,
OPTSTK,SHREECEM,30-Jun-2022,24750.0,CE,0.0,0.0,0.0,1569.1,2110.1,0,0.0,0,0,18-APR-2022,
OPTSTK,SHREECEM,30-Jun-2022,25000.0,CE,0.0,0.0,0.0,1467.1,1975.55,0,0.0,0,0,18-APR-2022,
OPTSTK,SHREECEM,30-Jun-2022,25250.0,CE,0.0,0.0,0.0,1370.25,1847.1,0,0.0,0,0,18-APR-2022,
OPTSTK,SHREECEM,30-Jun-2022,25500.0,CE,0.0,0.0,0.0,1278.5,1724.5,0,0.0,0,0,18-APR-2022,
OPTSTK,SHREECEM,30-Jun-2022,25750.0,CE,0.0,0.0,0.0,1191.6,1607.95,0,0.0,0,0,18-APR-2022,
OPTSTK,SHREECEM,30-Jun-2022,26000.0,CE,0.0,0.0,0.0,1109.5,1497.25,0,0.0,0,0,18-APR-2022,
OPTSTK,SHREECEM,30-Jun-2022,26250.0,CE,0.0,0.0,0.0,1032.0,1392.35,0,0.0,0,0,18-APR-2022,
OPTSTK,SHREECEM,30-Jun-2022,26500.0,CE,0.0,0.0,0.0,958.95,1293.05,0,0.0,0,0,18-APR-2022,
OPTSTK,SHREECEM,30-Jun-2022,26750.0,CE,0.0,0.0,0.0,890.15,1199.25,0,0.0,0,0,18-APR-2022,
OPTSTK,SHREECEM,30-Jun-2022,27000.0,CE,0.0,0.0,0.0,826.65,1110.8,0,0.0,0,0,18-APR-2022,
OPTSTK,SHREECEM,30-Jun-2022,27250.0,CE,0.0,0.0,0.0,766.2,1027.55,0,0.0,0,0,18-APR-2022,
OPTSTK,SHREECEM,30-Jun-2022,27500.0,CE,0.0,0.0,0.0,709.5,949.3,0,0.0,0,0,18-APR-2022,
OPTSTK,SHREECEM,30-Jun-2022,27750.0,CE,0.0,0.0,0.0,656.5,875.9,0,0.0,0,0,18-APR-2022,
OPTSTK,SHREECEM,30-Jun-2022,28000.0,CE,0.0,0.0,0.0,605.85,807.2,0,0.0,0,0,18-APR-2022,
OPTSTK,SHREECEM,30-Jun-2022,28250.0,CE,0.0,0.0,0.0,559.4,744.1,0,0.0,0,0,18-APR-2022,
OPTSTK,SHREECEM,30-Jun-2022,28500.0,CE,0.0,0.0,0.0,516.0,684.4,0,0.0,0,0,18-APR-2022,
OPTSTK,SHREECEM,30-Jun-2022,28750.0,CE,0.0,0.0,0.0,475.6,628.75,0,0.0,0,0,18-APR-2022,
OPTSTK,SHREECEM,30-Jun-2022,29000.0,CE,0.0,0.0,0.0,437.95,575.9,0,0.0,0,0,18-APR-2022,
OPTSTK,SHREECEM,30-Jun-2022,29250.0,CE,0.0,0.0,0.0,402.95,527.65,0,0.0,0,0,18-APR-2022,
OPTSTK,SHREECEM,30-Jun-2022,29500.0,CE,0.0,0.0,0.0,370.45,482.85,0,0.0,0,0,18-APR-2022,
OPTSTK,SHREECEM,30-Jun-2022,29750.0,CE,0.0,0.0,0.0,340.3,441.4,0,0.0,0,0,18-APR-2022,
OPTSTK,SHREECEM,30-Jun-2022,30000.0,CE,0.0,0.0,0.0,312.35,403.0,0,0.0,0,0,18-APR-2022,
OPTSTK,SHREECEM,30-Jun-2022,30250.0,CE,0.0,0.0,0.0,286.5,367.55,0,0.0,0,0,18-APR-2022,
OPTSTK,SHREECEM,30-Jun-2022,30500.0,CE,0.0,0.0,0.0,262.55,334.85,0,0.0,0,0,18-APR-2022,
OPTSTK,SHREECEM,30-Jun-2022,30750.0,CE,0.0,0.0,0.0,240.4,304.75,0,0.0,0,0,18-APR-2022,
OPTSTK,SHREECEM,30-Jun-2022,31000.0,CE,0.0,0.0,0.0,220.0,277.05,0,0.0,0,0,18-APR-2022,
OPTSTK,SHREECEM,30-Jun-2022,31250.0,CE,0.0,0.0,0.0,201.15,251.6,0,0.0,0,0,18-APR-2022,
OPTSTK,SHREECEM,30-Jun-2022,31500.0,CE,0.0,0.0,0.0,183.8,228.25,0,0.0,0,0,18-APR-2022,
OPTSTK,SHREECEM,30-Jun-2022,31750.0,CE,0.0,0.0,0.0,167.85,206.9,0,0.0,0,0,18-APR-2022,
OPTSTK,SHREECEM,30-Jun-2022,32000.0,CE,0.0,0.0,0.0,153.15,187.3,0,0.0,0,0,18-APR-2022,
OPTSTK,SHREECEM,30-Jun-2022,32250.0,CE,0.0,0.0,0.0,139.65,169.4,0,0.0,0,0,18-APR-2022,
OPTSTK,SHREECEM,30-Jun-2022,32500.0,CE,0.0,0.0,0.0,127.25,153.1,0,0.0,0,0,18-APR-2022,
OPTSTK,SHREECEM,30-Jun-2022,32750.0,CE,0.0,0.0,0.0,115.9,138.2,0,0.0,0,0,18-APR-2022,
OPTSTK,SHREECEM,30-Jun-2022,33000.0,CE,0.0,0.0,0.0,105.5,124.65,0,0.0,0,0,18-APR-2022,
OPTSTK,SHREECEM,30-Jun-2022,33250.0,CE,0.0,0.0,0.0,95.95,112.35,0,0.0,0,0,18-APR-2022,
OPTSTK,SHREECEM,30-Jun-2022,17000.0,PE,0.0,0.0,0.0,38.3,6.3,0,0.0,0,0,18-APR-2022,
OPTSTK,SHREECEM,30-Jun-2022,17250.0,PE,0.0,0.0,0.0,47.35,8.4,0,0.0,0,0,18-APR-2022,
OPTSTK,SHREECEM,30-Jun-2022,17500.0,PE,0.0,0.0,0.0,58.0,11.0,0,0.0,0,0,18-APR-2022,
OPTSTK,SHREECEM,30-Jun-2022,17750.0,PE,0.0,0.0,0.0,70.55,14.3,0,0.0,0,0,18-APR-2022,
OPTSTK,SHREECEM,30-Jun-2022,18000.0,PE,0.0,0.0,0.0,85.2,18.4,0,0.0,0,0,18-APR-2022,
OPTSTK,SHREECEM,30-Jun-2022,18250.0,PE,0.0,0.0,0.0,102.15,23.45,0,0.0,0,0,18-APR-2022,
OPTSTK,SHREECEM,30-Jun-2022,18500.0,PE,0.0,0.0,0.0,121.65,29.6,0,0.0,0,0,18-APR-2022,
OPTSTK,SHREECEM,30-Jun-2022,18750.0,PE,0.0,0.0,0.0,143.9,37.1,0,0.0,0,0,18-APR-2022,
OPTSTK,SHREECEM,30-Jun-2022,19000.0,PE,0.0,0.0,0.0,169.25,46.05,0,0.0,0,0,18-APR-2022,
OPTSTK,SHREECEM,30-Jun-2022,19250.0,PE,0.0,0.0,0.0,197.8,56.7,0,0.0,0,0,18-APR-2022,
OPTSTK,SHREECEM,30-Jun-2022,19500.0,PE,0.0,0.0,0.0,229.9,69.3,0,0.0,0,0,18-APR-2022,
OPTSTK,SHREECEM,30-Jun-2022,19750.0,PE,0.0,0.0,0.0,265.75,84.05,0,0.0,0,0,18-APR-2022,
OPTSTK,SHREECEM,30-Jun-2022,20000.0,PE,0.0,0.0,0.0,305.6,101.2,0,0.0,0,0,18-APR-2022,
OPTSTK,SHREECEM,30-Jun-2022,20250.0,PE,0.0,0.0,0.0,349.65,121.05,0,0.0,0,0,18-APR-2022,
OPTSTK,SHREECEM,30-Jun-2022,20500.0,PE,0.0,0.0,0.0,398.05,143.85,0,0.0,0,0,18-APR-2022,
OPTSTK,SHREECEM,30-Jun-2022,20750.0,PE,0.0,0.0,0.0,451.15,169.85,0,0.0,0,0,18-APR-2022,
OPTSTK,SHREECEM,30-Jun-2022,21000.0,PE,0.0,0.0,0.0,509.0,199.3,0,0.0,0,0,18-APR-2022,
OPTSTK,SHREECEM,30-Jun-2022,21250.0,PE,0.0,0.0,0.0,572.6,232.45,0,0.0,0,0,18-APR-2022,
OPTSTK,SHREECEM,30-Jun-2022,21500.0,PE,0.0,0.0,0.0,640.4,269.65,0,0.0,0,0,18-APR-2022,
OPTSTK,SHREECEM,30-Jun-2022,21750.0,PE,0.0,0.0,0.0,713.45,311.1,0,0.0,0,0,18-APR-2022,
OPTSTK,SHREECEM,30-Jun-2022,22000.0,PE,0.0,0.0,0.0,791.05,357.05,0,0.0,0,0,18-APR-2022,
OPTSTK,SHREECEM,30-Jun-2022,22250.0,PE,0.0,0.0,0.0,875.25,407.75,0,0.0,0,0,18-APR-2022,
OPTSTK,SHREECEM,30-Jun-2022,22500.0,PE,0.0,0.0,0.0,965.05,463.4,0,0.0,0,0,18-APR-2022,
OPTSTK,SHREECEM,30-Jun-2022,22750.0,PE,0.0,0.0,0.0,1060.4,525.15,0,0.0,0,0,18-APR-2022,
OPTSTK,SHREECEM,30-Jun-2022,23000.0,PE,0.0,0.0,0.0,500.0,591.1,0,0.0,50,0,18-APR-2022,
OPTSTK,SHREECEM,30-Jun-2022,23250.0,PE,0.0,0.0,0.0,1268.2,662.65,0,0.0,0,0,18-APR-2022,
OPTSTK,SHREECEM,30-Jun-2022,23500.0,PE,0.0,0.0,0.0,1380.6,739.0,0,0.0,0,0,18-APR-2022,
OPTSTK,SHREECEM,30-Jun-2022,23750.0,PE,0.0,0.0,0.0,1498.65,822.3,0,0.0,0,0,18-APR-2022,
OPTSTK,SHREECEM,30-Jun-2022,24000.0,PE,0.0,0.0,0.0,1622.25,911.5,0,0.0,0,0,18-APR-2022,
OPTSTK,SHREECEM,30-Jun-2022,24250.0,PE,0.0,0.0,0.0,1751.45,1006.7,0,0.0,0,0,18-APR-2022,
OPTSTK,SHREECEM,30-Jun-2022,24500.0,PE,0.0,0.0,0.0,1886.15,1107.9,0,0.0,0,0,18-APR-2022,
OPTSTK,SHREECEM,30-Jun-2022,24750.0,PE,0.0,0.0,0.0,2026.25,1215.2,0,0.0,0,0,18-APR-2022,
OPTSTK,SHREECEM,30-Jun-2022,25000.0,PE,0.0,0.0,0.0,2171.6,1328.55,0,0.0,0,0,18-APR-2022,
OPTSTK,SHREECEM,30-Jun-2022,25250.0,PE,0.0,0.0,0.0,2322.15,1447.95,0,0.0,0,0,18-APR-2022,
OPTSTK,SHREECEM,30-Jun-2022,25500.0,PE,0.0,0.0,0.0,2477.75,1573.25,0,0.0,0,0,18-APR-2022,
OPTSTK,SHREECEM,30-Jun-2022,25750.0,PE,0.0,0.0,0.0,2638.25,1704.6,0,0.0,0,0,18-APR-2022,
OPTSTK,SHREECEM,30-Jun-2022,26000.0,PE,0.0,0.0,0.0,2803.5,1841.8,0,0.0,0,0,18-APR-2022,
OPTSTK,SHREECEM,30-Jun-2022,26250.0,PE,0.0,0.0,0.0,2973.35,1984.75,0,0.0,0,0,18-APR-2022,
OPTSTK,SHREECEM,30-Jun-2022,26500.0,PE,0.0,0.0,0.0,3147.65,2133.35,0,0.0,0,0,18-APR-2022,
OPTSTK,SHREECEM,30-Jun-2022,26750.0,PE,0.0,0.0,0.0,3326.3,2287.45,0,0.0,0,0,18-APR-2022,
OPTSTK,SHREECEM,30-Jun-2022,27000.0,PE,0.0,0.0,0.0,3510.15,2446.85,0,0.0,0,0,18-APR-2022,
OPTSTK,SHREECEM,30-Jun-2022,27250.0,PE,0.0,0.0,0.0,3697.05,2611.5,0,0.0,0,0,18-APR-2022,
OPTSTK,SHREECEM,30-Jun-2022,27500.0,PE,0.0,0.0,0.0,3887.75,2781.15,0,0.0,0,0,18-APR-2022,
OPTSTK,SHREECEM,30-Jun-2022,27750.0,PE,0.0,0.0,0.0,4082.1,2955.65,0,0.0,0,0,18-APR-2022,
OPTSTK,SHREECEM,30-Jun-2022,28000.0,PE,0.0,0.0,0.0,4278.85,3134.8,0,0.0,0,0,18-APR-2022,
OPTSTK,SHREECEM,30-Jun-2022,28250.0,PE,0.0,0.0,0.0,4479.7,3319.6,0,0.0,0,0,18-APR-2022,
OPTSTK,SHREECEM,30-Jun-2022,28500.0,PE,0.0,0.0,0.0,4683.75,3507.75,0,0.0,0,0,18-APR-2022,
OPTSTK,SHREECEM,30-Jun-2022,28750.0,PE,0.0,0.0,0.0,4890.7,3700.0,0,0.0,0,0,18-APR-2022,
OPTSTK,SHREECEM,30-Jun-2022,29000.0,PE,0.0,0.0,0.0,5100.4,3895.05,0,0.0,0,0,18-APR-2022,
OPTSTK,SHREECEM,30-Jun-2022,29250.0,PE,0.0,0.0,0.0,5312.8,4094.7,0,0.0,0,0,18-APR-2022,
OPTSTK,SHREECEM,30-Jun-2022,29500.0,PE,0.0,0.0,0.0,5527.65,4297.8,0,0.0,0,0,18-APR-2022,
OPTSTK,SHREECEM,30-Jun-2022,29750.0,PE,0.0,0.0,0.0,5744.9,4504.2,0,0.0,0,0,18-APR-2022,
OPTSTK,SHREECEM,30-Jun-2022,30000.0,PE,0.0,0.0,0.0,5964.3,4713.7,0,0.0,0,0,18-APR-2022,
OPTSTK,SHREECEM,30-Jun-2022,30250.0,PE,0.0,0.0,0.0,6185.8,4926.15,0,0.0,0,0,18-APR-2022,
OPTSTK,SHREECEM,30-Jun-2022,30500.0,PE,0.0,0.0,0.0,6409.2,5141.3,0,0.0,0,0,18-APR-2022,
OPTSTK,SHREECEM,30-Jun-2022,30750.0,PE,0.0,0.0,0.0,6634.45,5359.1,0,0.0,0,0,18-APR-2022,
OPTSTK,SHREECEM,30-Jun-2022,31000.0,PE,0.0,0.0,0.0,6861.45,5579.25,0,0.0,0,0,18-APR-2022,
OPTSTK,SHREECEM,30-Jun-2022,31250.0,PE,0.0,0.0,0.0,7089.95,5801.7,0,0.0,0,0,18-APR-2022,
OPTSTK,SHREECEM,30-Jun-2022,31500.0,PE,0.0,0.0,0.0,7320.0,6026.25,0,0.0,0,0,18-APR-2022,
OPTSTK,SHREECEM,30-Jun-2022,31750.0,PE,0.0,0.0,0.0,7551.4,6252.75,0,0.0,0,0,18-APR-2022,
OPTSTK,SHREECEM,30-Jun-2022,32000.0,PE,0.0,0.0,0.0,7784.05,6481.05,0,0.0,0,0,18-APR-2022,
OPTSTK,SHREECEM,30-Jun-2022,32250.0,PE,0.0,0.0,0.0,8017.95,6711.05,0,0.0,0,0,18-APR-2022,
OPTSTK,SHREECEM,30-Jun-2022,32500.0,PE,0.0,0.0,0.0,8252.9,6942.6,0,0.0,0,0,18-APR-2022,
OPTSTK,SHREECEM,30-Jun-2022,32750.0,PE,0.0,0.0,0.0,8488.9,7175.6,0,0.0,0,0,18-APR-2022,
OPTSTK,SHREECEM,30-Jun-2022,33000.0,PE,0.0,0.0,0.0,8725.85,7409.95,0,0.0,0,0,18-APR-2022,
OPTSTK,SHREECEM,30-Jun-2022,33250.0,PE,0.0,0.0,0.0,8963.7,7645.5,0,0.0,0,0,18-APR-2022,
OPTSTK,SIEMENS,28-Apr-2022,1560.0,CE,0.0,0.0,0.0,736.6,886.05,0,0.0,0,0,18-APR-2022,
OPTSTK,SIEMENS,28-Apr-2022,1580.0,CE,0.0,0.0,0.0,717.15,866.05,0,0.0,0,0,18-APR-2022,
OPTSTK,SIEMENS,28-Apr-2022,1600.0,CE,0.0,0.0,0.0,697.85,846.05,0,0.0,0,0,18-APR-2022,
OPTSTK,SIEMENS,28-Apr-2022,1620.0,CE,0.0,0.0,0.0,678.55,826.1,0,0.0,0,0,18-APR-2022,
OPTSTK,SIEMENS,28-Apr-2022,1640.0,CE,0.0,0.0,0.0,659.4,806.1,0,0.0,0,0,18-APR-2022,
OPTSTK,SIEMENS,28-Apr-2022,1660.0,CE,0.0,0.0,0.0,640.3,786.15,0,0.0,0,0,18-APR-2022,
OPTSTK,SIEMENS,28-Apr-2022,1680.0,CE,0.0,0.0,0.0,621.35,766.15,0,0.0,0,0,18-APR-2022,
OPTSTK,SIEMENS,28-Apr-2022,1700.0,CE,0.0,0.0,0.0,602.55,746.2,0,0.0,0,0,18-APR-2022,
OPTSTK,SIEMENS,28-Apr-2022,1720.0,CE,0.0,0.0,0.0,583.85,726.2,0,0.0,0,0,18-APR-2022,
OPTSTK,SIEMENS,28-Apr-2022,1740.0,CE,0.0,0.0,0.0,565.3,706.25,0,0.0,0,0,18-APR-2022,
OPTSTK,SIEMENS,28-Apr-2022,1760.0,CE,0.0,0.0,0.0,546.95,686.25,0,0.0,0,0,18-APR-2022,
OPTSTK,SIEMENS,28-Apr-2022,1780.0,CE,0.0,0.0,0.0,528.75,666.25,0,0.0,0,0,18-APR-2022,
OPTSTK,SIEMENS,28-Apr-2022,1800.0,CE,0.0,0.0,0.0,510.8,646.3,0,0.0,0,0,18-APR-2022,
OPTSTK,SIEMENS,28-Apr-2022,1820.0,CE,0.0,0.0,0.0,493.0,626.3,0,0.0,0,0,18-APR-2022,
OPTSTK,SIEMENS,28-Apr-2022,1840.0,CE,0.0,0.0,0.0,475.45,606.35,0,0.0,0,0,18-APR-2022,
OPTSTK,SIEMENS,28-Apr-2022,1860.0,CE,0.0,0.0,0.0,458.15,586.35,0,0.0,0,0,18-APR-2022,
OPTSTK,SIEMENS,28-Apr-2022,1880.0,CE,0.0,0.0,0.0,441.1,566.4,0,0.0,0,0,18-APR-2022,
OPTSTK,SIEMENS,28-Apr-2022,1900.0,CE,0.0,0.0,0.0,424.3,546.4,0,0.0,0,0,18-APR-2022,
OPTSTK,SIEMENS,28-Apr-2022,1920.0,CE,0.0,0.0,0.0,407.85,526.45,0,0.0,0,0,18-APR-2022,
OPTSTK,SIEMENS,28-Apr-2022,1940.0,CE,0.0,0.0,0.0,391.65,506.45,0,0.0,0,0,18-APR-2022,
OPTSTK,SIEMENS,28-Apr-2022,1960.0,CE,0.0,0.0,0.0,375.75,486.5,0,0.0,0,0,18-APR-2022,
OPTSTK,SIEMENS,28-Apr-2022,1980.0,CE,0.0,0.0,0.0,360.2,466.5,0,0.0,0,0,18-APR-2022,
OPTSTK,SIEMENS,28-Apr-2022,2000.0,CE,0.0,0.0,0.0,344.95,446.55,0,0.0,0,0,18-APR-2022,
OPTSTK,SIEMENS,28-Apr-2022,2020.0,CE,0.0,0.0,0.0,330.15,426.55,0,0.0,0,0,18-APR-2022,
OPTSTK,SIEMENS,28-Apr-2022,2040.0,CE,0.0,0.0,0.0,315.6,406.6,0,0.0,0,0,18-APR-2022,
OPTSTK,SIEMENS,28-Apr-2022,2060.0,CE,0.0,0.0,0.0,301.45,386.65,0,0.0,0,0,18-APR-2022,
OPTSTK,SIEMENS,28-Apr-2022,2080.0,CE,0.0,0.0,0.0,287.65,366.7,0,0.0,0,0,18-APR-2022,
OPTSTK,SIEMENS,28-Apr-2022,2100.0,CE,0.0,0.0,0.0,274.15,346.8,0,0.0,0,0,18-APR-2022,
OPTSTK,SIEMENS,28-Apr-2022,2120.0,CE,0.0,0.0,0.0,261.15,326.95,0,0.0,0,0,18-APR-2022,
OPTSTK,SIEMENS,28-Apr-2022,2140.0,CE,0.0,0.0,0.0,248.5,307.2,0,0.0,0,0,18-APR-2022,
OPTSTK,SIEMENS,28-Apr-2022,2160.0,CE,0.0,0.0,0.0,236.3,287.5,0,0.0,0,0,18-APR-2022,
OPTSTK,SIEMENS,28-Apr-2022,2180.0,CE,0.0,0.0,0.0,224.45,267.95,0,0.0,0,0,18-APR-2022,
OPTSTK,SIEMENS,28-Apr-2022,2200.0,CE,0.0,0.0,0.0,213.05,248.6,0,0.0,0,0,18-APR-2022,
OPTSTK,SIEMENS,28-Apr-2022,2220.0,CE,0.0,0.0,0.0,202.0,229.45,0,0.0,0,0,18-APR-2022,
OPTSTK,SIEMENS,28-Apr-2022,2240.0,CE,0.0,0.0,0.0,191.4,210.7,0,0.0,0,0,18-APR-2022,
OPTSTK,SIEMENS,28-Apr-2022,2260.0,CE,0.0,0.0,0.0,181.15,192.3,0,0.0,0,0,18-APR-2022,
OPTSTK,SIEMENS,28-Apr-2022,2280.0,CE,160.0,180.0,160.0,180.0,174.45,2,13.47,1100,0,18-APR-2022,
OPTSTK,SIEMENS,28-Apr-2022,2300.0,CE,140.0,154.0,140.0,153.95,157.15,4,26.95,11000,-550,18-APR-2022,
OPTSTK,SIEMENS,28-Apr-2022,2320.0,CE,0.0,0.0,0.0,210.0,140.55,0,0.0,550,0,18-APR-2022,
OPTSTK,SIEMENS,28-Apr-2022,2340.0,CE,0.0,0.0,0.0,210.0,124.75,0,0.0,275,0,18-APR-2022,
OPTSTK,SIEMENS,28-Apr-2022,2360.0,CE,96.65,96.65,96.65,96.65,109.8,1,6.75,1925,275,18-APR-2022,
OPTSTK,SIEMENS,28-Apr-2022,2380.0,CE,0.0,0.0,0.0,165.35,95.85,0,0.0,1375,0,18-APR-2022,
OPTSTK,SIEMENS,28-Apr-2022,2400.0,CE,78.2,91.85,64.55,91.85,91.85,16,109.15,32450,-825,18-APR-2022,
OPTSTK,SIEMENS,28-Apr-2022,2420.0,CE,77.9,77.9,69.9,69.95,69.95,4,27.41,3850,0,18-APR-2022,
OPTSTK,SIEMENS,28-Apr-2022,2440.0,CE,78.15,78.15,43.4,62.5,62.5,15,102.98,6325,825,18-APR-2022,
OPTSTK,SIEMENS,28-Apr-2022,2460.0,CE,45.0,56.05,45.0,53.55,53.55,9,62.12,9900,-825,18-APR-2022,
OPTSTK,SIEMENS,28-Apr-2022,2480.0,CE,45.4,50.25,31.5,46.9,46.9,118,817.43,22550,2200,18-APR-2022,
OPTSTK,SIEMENS,28-Apr-2022,2500.0,CE,37.35,42.7,25.0,39.35,39.35,263,1832.55,78650,-13200,18-APR-2022,
OPTSTK,SIEMENS,28-Apr-2022,2520.0,CE,27.95,33.45,20.7,32.6,32.6,44,308.45,19250,-1100,18-APR-2022,
OPTSTK,SIEMENS,28-Apr-2022,2540.0,CE,23.9,28.4,18.2,25.95,25.95,58,408.84,23925,1650,18-APR-2022,
OPTSTK,SIEMENS,28-Apr-2022,2560.0,CE,19.0,23.5,14.6,21.7,21.7,73,517.9,12925,-2750,18-APR-2022,
OPTSTK,SIEMENS,28-Apr-2022,2580.0,CE,14.85,15.0,12.65,14.35,14.6,11,78.47,17600,-1375,18-APR-2022,
OPTSTK,SIEMENS,28-Apr-2022,2600.0,CE,15.0,16.95,9.85,14.95,14.95,174,1250.06,55000,825,18-APR-2022,
OPTSTK,SIEMENS,28-Apr-2022,2620.0,CE,8.25,8.25,8.25,8.25,8.85,1,7.22,2750,0,18-APR-2022,
OPTSTK,SIEMENS,28-Apr-2022,2640.0,CE,6.85,9.0,6.85,9.0,6.8,2,14.56,2750,0,18-APR-2022,
OPTSTK,SIEMENS,28-Apr-2022,2660.0,CE,0.0,0.0,0.0,42.7,5.15,0,0.0,275,0,18-APR-2022,
OPTSTK,SIEMENS,28-Apr-2022,2680.0,CE,0.0,0.0,0.0,37.15,3.85,0,0.0,275,0,18-APR-2022,
OPTSTK,SIEMENS,28-Apr-2022,2700.0,CE,4.15,6.75,3.2,5.05,5.05,124,922.27,18975,-13750,18-APR-2022,
OPTSTK,SIEMENS,28-Apr-2022,2720.0,CE,0.0,0.0,0.0,40.75,2.1,0,0.0,0,0,18-APR-2022,
OPTSTK,SIEMENS,28-Apr-2022,2740.0,CE,0.0,0.0,0.0,37.85,1.55,0,0.0,0,0,18-APR-2022,
OPTSTK,SIEMENS,28-Apr-2022,2760.0,CE,0.0,0.0,0.0,18.0,1.1,0,0.0,275,0,18-APR-2022,
OPTSTK,SIEMENS,28-Apr-2022,2780.0,CE,0.0,0.0,0.0,32.6,0.8,0,0.0,0,0,18-APR-2022,
OPTSTK,SIEMENS,28-Apr-2022,2800.0,CE,2.75,2.75,1.5,2.35,0.55,8,61.64,11825,-550,18-APR-2022,
OPTSTK,SIEMENS,28-Apr-2022,2820.0,CE,0.0,0.0,0.0,28.0,0.4,0,0.0,0,0,18-APR-2022,
OPTSTK,SIEMENS,28-Apr-2022,2840.0,CE,0.0,0.0,0.0,25.9,0.3,0,0.0,0,0,18-APR-2022,
OPTSTK,SIEMENS,28-Apr-2022,2860.0,CE,0.0,0.0,0.0,23.95,0.2,0,0.0,0,0,18-APR-2022,
OPTSTK,SIEMENS,28-Apr-2022,2880.0,CE,0.0,0.0,0.0,22.15,0.15,0,0.0,0,0,18-APR-2022,
OPTSTK,SIEMENS,28-Apr-2022,2900.0,CE,1.0,1.0,0.5,0.65,0.1,12,95.72,15125,-275,18-APR-2022,
OPTSTK,SIEMENS,28-Apr-2022,2920.0,CE,0.0,0.0,0.0,18.9,0.05,0,0.0,0,0,18-APR-2022,
OPTSTK,SIEMENS,28-Apr-2022,1560.0,PE,0.0,0.0,0.0,1.65,0.0,0,0.0,0,0,18-APR-2022,
OPTSTK,SIEMENS,28-Apr-2022,1580.0,PE,0.0,0.0,0.0,2.0,0.0,0,0.0,0,0,18-APR-2022,
OPTSTK,SIEMENS,28-Apr-2022,1600.0,PE,0.0,0.0,0.0,2.45,0.0,0,0.0,0,0,18-APR-2022,
OPTSTK,SIEMENS,28-Apr-2022,1620.0,PE,0.0,0.0,0.0,3.0,0.0,0,0.0,0,0,18-APR-2022,
OPTSTK,SIEMENS,28-Apr-2022,1640.0,PE,0.0,0.0,0.0,3.6,0.0,0,0.0,0,0,18-APR-2022,
OPTSTK,SIEMENS,28-Apr-2022,1660.0,PE,0.0,0.0,0.0,4.35,0.0,0,0.0,0,0,18-APR-2022,
OPTSTK,SIEMENS,28-Apr-2022,1680.0,PE,0.0,0.0,0.0,5.15,0.0,0,0.0,0,0,18-APR-2022,
OPTSTK,SIEMENS,28-Apr-2022,1700.0,PE,0.0,0.0,0.0,6.15,0.0,0,0.0,0,0,18-APR-2022,
OPTSTK,SIEMENS,28-Apr-2022,1720.0,PE,0.0,0.0,0.0,7.25,0.0,0,0.0,0,0,18-APR-2022,
OPTSTK,SIEMENS,28-Apr-2022,1740.0,PE,0.0,0.0,0.0,8.5,0.0,0,0.0,0,0,18-APR-2022,
OPTSTK,SIEMENS,28-Apr-2022,1760.0,PE,0.0,0.0,0.0,9.9,0.0,0,0.0,0,0,18-APR-2022,
OPTSTK,SIEMENS,28-Apr-2022,1780.0,PE,0.0,0.0,0.0,11.55,0.0,0,0.0,0,0,18-APR-2022,
OPTSTK,SIEMENS,28-Apr-2022,1800.0,PE,0.0,0.0,0.0,13.35,0.0,0,0.0,0,0,18-APR-2022,
OPTSTK,SIEMENS,28-Apr-2022,1820.0,PE,0.0,0.0,0.0,15.35,0.0,0,0.0,0,0,18-APR-2022,
OPTSTK,SIEMENS,28-Apr-2022,1840.0,PE,0.0,0.0,0.0,17.6,0.0,0,0.0,0,0,18-APR-2022,
OPTSTK,SIEMENS,28-Apr-2022,1860.0,PE,0.0,0.0,0.0,20.1,0.0,0,0.0,0,0,18-APR-2022,
OPTSTK,SIEMENS,28-Apr-2022,1880.0,PE,0.0,0.0,0.0,22.8,0.0,0,0.0,0,0,18-APR-2022,
OPTSTK,SIEMENS,28-Apr-2022,1900.0,PE,0.0,0.0,0.0,25.85,0.0,0,0.0,0,0,18-APR-2022,
OPTSTK,SIEMENS,28-Apr-2022,1920.0,PE,0.0,0.0,0.0,29.15,0.0,0,0.0,0,0,18-APR-2022,
OPTSTK,SIEMENS,28-Apr-2022,1940.0,PE,0.0,0.0,0.0,32.7,0.0,0,0.0,0,0,18-APR-2022,
OPTSTK,SIEMENS,28-Apr-2022,1960.0,PE,0.0,0.0,0.0,36.65,0.0,0,0.0,0,0,18-APR-2022,
OPTSTK,SIEMENS,28-Apr-2022,1980.0,PE,0.0,0.0,0.0,40.85,0.0,0,0.0,0,0,18-APR-2022,
OPTSTK,SIEMENS,28-Apr-2022,2000.0,PE,0.0,0.0,0.0,3.0,0.05,0,0.0,550,0,18-APR-2022,
OPTSTK,SIEMENS,28-Apr-2022,2020.0,PE,0.0,0.0,0.0,50.4,0.05,0,0.0,0,0,18-APR-2022,
OPTSTK,SIEMENS,28-Apr-2022,2040.0,PE,0.0,0.0,0.0,55.65,0.05,0,0.0,0,0,18-APR-2022,
OPTSTK,SIEMENS,28-Apr-2022,2060.0,PE,0.0,0.0,0.0,61.3,0.1,0,0.0,0,0,18-APR-2022,
OPTSTK,SIEMENS,28-Apr-2022,2080.0,PE,0.0,0.0,0.0,67.3,0.15,0,0.0,0,0,18-APR-2022,
OPTSTK,SIEMENS,28-Apr-2022,2100.0,PE,0.0,0.0,0.0,1.55,0.2,0,0.0,8250,0,18-APR-2022,
OPTSTK,SIEMENS,28-Apr-2022,2120.0,PE,0.0,0.0,0.0,15.0,0.35,0,0.0,275,0,18-APR-2022,
OPTSTK,SIEMENS,28-Apr-2022,2140.0,PE,0.0,0.0,0.0,18.0,0.5,0,0.0,1375,0,18-APR-2022,
OPTSTK,SIEMENS,28-Apr-2022,2160.0,PE,0.0,0.0,0.0,21.0,0.8,0,0.0,275,0,18-APR-2022,
OPTSTK,SIEMENS,28-Apr-2022,2180.0,PE,0.0,0.0,0.0,103.05,1.25,0,0.0,0,0,18-APR-2022,
OPTSTK,SIEMENS,28-Apr-2022,2200.0,PE,3.6,4.0,3.55,4.0,1.85,6,36.36,17875,0,18-APR-2022,
OPTSTK,SIEMENS,28-Apr-2022,2220.0,PE,0.0,0.0,0.0,120.2,2.7,0,0.0,0,0,18-APR-2022,
OPTSTK,SIEMENS,28-Apr-2022,2240.0,PE,0.0,0.0,0.0,129.35,3.9,0,0.0,0,0,18-APR-2022,
OPTSTK,SIEMENS,28-Apr-2022,2260.0,PE,0.0,0.0,0.0,22.25,5.5,0,0.0,1650,0,18-APR-2022,
OPTSTK,SIEMENS,28-Apr-2022,2280.0,PE,0.0,0.0,0.0,50.0,7.6,0,0.0,1100,0,18-APR-2022,
OPTSTK,SIEMENS,28-Apr-2022,2300.0,PE,20.0,21.0,15.0,15.1,15.1,11,70.14,21725,1100,18-APR-2022,
OPTSTK,SIEMENS,28-Apr-2022,2320.0,PE,0.0,0.0,0.0,169.95,13.7,0,0.0,0,0,18-APR-2022,
OPTSTK,SIEMENS,28-Apr-2022,2340.0,PE,15.0,29.65,15.0,23.75,17.85,5,32.5,3575,275,18-APR-2022,
OPTSTK,SIEMENS,28-Apr-2022,2360.0,PE,38.8,38.8,23.85,25.55,22.9,16,105.11,4125,1925,18-APR-2022,
OPTSTK,SIEMENS,28-Apr-2022,2380.0,PE,41.85,46.8,33.9,33.9,28.95,15,99.87,4950,275,18-APR-2022,
OPTSTK,SIEMENS,28-Apr-2022,2400.0,PE,39.35,56.45,35.0,35.0,35.0,39,262.41,27500,-550,18-APR-2022,
OPTSTK,SIEMENS,28-Apr-2022,2420.0,PE,47.6,62.05,44.6,48.25,44.2,7,47.55,5225,275,18-APR-2022,
OPTSTK,SIEMENS,28-Apr-2022,2440.0,PE,56.05,70.0,53.3,58.05,53.45,7,48.14,7975,275,18-APR-2022,
OPTSTK,SIEMENS,28-Apr-2022,2460.0,PE,82.9,82.9,39.2,39.2,39.2,8,55.6,9625,-275,18-APR-2022,
OPTSTK,SIEMENS,28-Apr-2022,2480.0,PE,80.9,80.9,80.9,80.9,75.3,1,7.04,7150,0,18-APR-2022,
OPTSTK,SIEMENS,28-Apr-2022,2500.0,PE,91.0,111.75,82.05,82.05,87.85,30,214.47,13750,-2750,18-APR-2022,
OPTSTK,SIEMENS,28-Apr-2022,2520.0,PE,0.0,0.0,0.0,110.9,101.4,0,0.0,550,0,18-APR-2022,
OPTSTK,SIEMENS,28-Apr-2022,2540.0,PE,0.0,0.0,0.0,311.55,116.05,0,0.0,0,0,18-APR-2022,
OPTSTK,SIEMENS,28-Apr-2022,2560.0,PE,0.0,0.0,0.0,245.0,131.3,0,0.0,275,0,18-APR-2022,
OPTSTK,SIEMENS,28-Apr-2022,2580.0,PE,0.0,0.0,0.0,341.5,147.45,0,0.0,0,0,18-APR-2022,
OPTSTK,SIEMENS,28-Apr-2022,2600.0,PE,0.0,0.0,0.0,156.15,164.25,0,0.0,275,0,18-APR-2022,
OPTSTK,SIEMENS,28-Apr-2022,2620.0,PE,0.0,0.0,0.0,372.45,181.65,0,0.0,0,0,18-APR-2022,
OPTSTK,SIEMENS,28-Apr-2022,2640.0,PE,0.0,0.0,0.0,388.2,199.55,0,0.0,0,0,18-APR-2022,
OPTSTK,SIEMENS,28-Apr-2022,2660.0,PE,0.0,0.0,0.0,404.25,217.9,0,0.0,0,0,18-APR-2022,
OPTSTK,SIEMENS,28-Apr-2022,2680.0,PE,0.0,0.0,0.0,420.55,236.6,0,0.0,0,0,18-APR-2022,
OPTSTK,SIEMENS,28-Apr-2022,2700.0,PE,0.0,0.0,0.0,437.05,255.6,0,0.0,0,0,18-APR-2022,
OPTSTK,SIEMENS,28-Apr-2022,2720.0,PE,0.0,0.0,0.0,453.75,274.8,0,0.0,0,0,18-APR-2022,
OPTSTK,SIEMENS,28-Apr-2022,2740.0,PE,0.0,0.0,0.0,470.6,294.2,0,0.0,0,0,18-APR-2022,
OPTSTK,SIEMENS,28-Apr-2022,2760.0,PE,0.0,0.0,0.0,487.7,313.75,0,0.0,0,0,18-APR-2022,
OPTSTK,SIEMENS,28-Apr-2022,2780.0,PE,0.0,0.0,0.0,504.95,333.4,0,0.0,0,0,18-APR-2022,
OPTSTK,SIEMENS,28-Apr-2022,2800.0,PE,0.0,0.0,0.0,522.35,353.15,0,0.0,0,0,18-APR-2022,
OPTSTK,SIEMENS,28-Apr-2022,2820.0,PE,0.0,0.0,0.0,539.9,373.0,0,0.0,0,0,18-APR-2022,
OPTSTK,SIEMENS,28-Apr-2022,2840.0,PE,0.0,0.0,0.0,557.6,392.85,0,0.0,0,0,18-APR-2022,
OPTSTK,SIEMENS,28-Apr-2022,2860.0,PE,0.0,0.0,0.0,575.45,412.75,0,0.0,0,0,18-APR-2022,
OPTSTK,SIEMENS,28-Apr-2022,2880.0,PE,0.0,0.0,0.0,593.45,432.65,0,0.0,0,0,18-APR-2022,
OPTSTK,SIEMENS,28-Apr-2022,2900.0,PE,0.0,0.0,0.0,611.55,452.6,0,0.0,0,0,18-APR-2022,
OPTSTK,SIEMENS,28-Apr-2022,2920.0,PE,0.0,0.0,0.0,629.8,472.55,0,0.0,0,0,18-APR-2022,
OPTSTK,SIEMENS,26-May-2022,1560.0,CE,0.0,0.0,0.0,743.6,891.15,0,0.0,0,0,18-APR-2022,
OPTSTK,SIEMENS,26-May-2022,1580.0,CE,0.0,0.0,0.0,724.2,871.25,0,0.0,0,0,18-APR-2022,
OPTSTK,SIEMENS,26-May-2022,1600.0,CE,0.0,0.0,0.0,704.8,851.35,0,0.0,0,0,18-APR-2022,
OPTSTK,SIEMENS,26-May-2022,1620.0,CE,0.0,0.0,0.0,685.55,831.45,0,0.0,0,0,18-APR-2022,
OPTSTK,SIEMENS,26-May-2022,1640.0,CE,0.0,0.0,0.0,666.35,811.5,0,0.0,0,0,18-APR-2022,
OPTSTK,SIEMENS,26-May-2022,1660.0,CE,0.0,0.0,0.0,647.25,791.6,0,0.0,0,0,18-APR-2022,
OPTSTK,SIEMENS,26-May-2022,1680.0,CE,0.0,0.0,0.0,628.3,771.7,0,0.0,0,0,18-APR-2022,
OPTSTK,SIEMENS,26-May-2022,1700.0,CE,0.0,0.0,0.0,609.45,751.8,0,0.0,0,0,18-APR-2022,
OPTSTK,SIEMENS,26-May-2022,1720.0,CE,0.0,0.0,0.0,590.7,731.9,0,0.0,0,0,18-APR-2022,
OPTSTK,SIEMENS,26-May-2022,1740.0,CE,0.0,0.0,0.0,572.15,712.05,0,0.0,0,0,18-APR-2022,
OPTSTK,SIEMENS,26-May-2022,1760.0,CE,0.0,0.0,0.0,553.75,692.15,0,0.0,0,0,18-APR-2022,
OPTSTK,SIEMENS,26-May-2022,1780.0,CE,0.0,0.0,0.0,535.5,672.3,0,0.0,0,0,18-APR-2022,
OPTSTK,SIEMENS,26-May-2022,1800.0,CE,0.0,0.0,0.0,517.45,652.45,0,0.0,0,0,18-APR-2022,
OPTSTK,SIEMENS,26-May-2022,1820.0,CE,0.0,0.0,0.0,499.65,632.65,0,0.0,0,0,18-APR-2022,
OPTSTK,SIEMENS,26-May-2022,1840.0,CE,0.0,0.0,0.0,482.05,612.85,0,0.0,0,0,18-APR-2022,
OPTSTK,SIEMENS,26-May-2022,1860.0,CE,0.0,0.0,0.0,464.65,593.05,0,0.0,0,0,18-APR-2022,
OPTSTK,SIEMENS,26-May-2022,1880.0,CE,0.0,0.0,0.0,447.55,573.35,0,0.0,0,0,18-APR-2022,
OPTSTK,SIEMENS,26-May-2022,1900.0,CE,0.0,0.0,0.0,430.7,553.7,0,0.0,0,0,18-APR-2022,
OPTSTK,SIEMENS,26-May-2022,1920.0,CE,0.0,0.0,0.0,414.15,534.1,0,0.0,0,0,18-APR-2022,
OPTSTK,SIEMENS,26-May-2022,1940.0,CE,0.0,0.0,0.0,397.85,514.6,0,0.0,0,0,18-APR-2022,
OPTSTK,SIEMENS,26-May-2022,1960.0,CE,0.0,0.0,0.0,381.9,495.15,0,0.0,0,0,18-APR-2022,
OPTSTK,SIEMENS,26-May-2022,1980.0,CE,0.0,0.0,0.0,366.25,475.85,0,0.0,0,0,18-APR-2022,
OPTSTK,SIEMENS,26-May-2022,2000.0,CE,0.0,0.0,0.0,350.9,456.7,0,0.0,0,0,18-APR-2022,
OPTSTK,SIEMENS,26-May-2022,2020.0,CE,0.0,0.0,0.0,335.95,437.65,0,0.0,0,0,18-APR-2022,
OPTSTK,SIEMENS,26-May-2022,2040.0,CE,0.0,0.0,0.0,321.35,418.85,0,0.0,0,0,18-APR-2022,
OPTSTK,SIEMENS,26-May-2022,2060.0,CE,0.0,0.0,0.0,307.1,400.2,0,0.0,0,0,18-APR-2022,
OPTSTK,SIEMENS,26-May-2022,2080.0,CE,0.0,0.0,0.0,293.2,381.75,0,0.0,0,0,18-APR-2022,
OPTSTK,SIEMENS,26-May-2022,2100.0,CE,0.0,0.0,0.0,279.55,363.6,0,0.0,0,0,18-APR-2022,
OPTSTK,SIEMENS,26-May-2022,2120.0,CE,0.0,0.0,0.0,266.45,345.7,0,0.0,0,0,18-APR-2022,
OPTSTK,SIEMENS,26-May-2022,2140.0,CE,0.0,0.0,0.0,253.7,328.15,0,0.0,0,0,18-APR-2022,
OPTSTK,SIEMENS,26-May-2022,2160.0,CE,0.0,0.0,0.0,241.35,310.9,0,0.0,0,0,18-APR-2022,
OPTSTK,SIEMENS,26-May-2022,2180.0,CE,0.0,0.0,0.0,229.4,294.0,0,0.0,0,0,18-APR-2022,
OPTSTK,SIEMENS,26-May-2022,2200.0,CE,0.0,0.0,0.0,217.85,277.5,0,0.0,0,0,18-APR-2022,
OPTSTK,SIEMENS,26-May-2022,2220.0,CE,0.0,0.0,0.0,206.65,261.45,0,0.0,0,0,18-APR-2022,
OPTSTK,SIEMENS,26-May-2022,2240.0,CE,0.0,0.0,0.0,195.9,245.85,0,0.0,0,0,18-APR-2022,
OPTSTK,SIEMENS,26-May-2022,2260.0,CE,0.0,0.0,0.0,185.55,230.7,0,0.0,0,0,18-APR-2022,
OPTSTK,SIEMENS,26-May-2022,2280.0,CE,0.0,0.0,0.0,175.55,216.1,0,0.0,0,0,18-APR-2022,
OPTSTK,SIEMENS,26-May-2022,2300.0,CE,0.0,0.0,0.0,166.0,201.8,0,0.0,0,0,18-APR-2022,
OPTSTK,SIEMENS,26-May-2022,2320.0,CE,0.0,0.0,0.0,156.8,188.2,0,0.0,0,0,18-APR-2022,
OPTSTK,SIEMENS,26-May-2022,2340.0,CE,0.0,0.0,0.0,147.95,175.15,0,0.0,0,0,18-APR-2022,
OPTSTK,SIEMENS,26-May-2022,2360.0,CE,0.0,0.0,0.0,139.55,162.65,0,0.0,0,0,18-APR-2022,
OPTSTK,SIEMENS,26-May-2022,2380.0,CE,0.0,0.0,0.0,131.45,150.7,0,0.0,0,0,18-APR-2022,
OPTSTK,SIEMENS,26-May-2022,2400.0,CE,0.0,0.0,0.0,123.75,139.3,0,0.0,0,0,18-APR-2022,
OPTSTK,SIEMENS,26-May-2022,2420.0,CE,0.0,0.0,0.0,116.4,128.5,0,0.0,0,0,18-APR-2022,
OPTSTK,SIEMENS,26-May-2022,2440.0,CE,0.0,0.0,0.0,109.4,118.3,0,0.0,0,0,18-APR-2022,
OPTSTK,SIEMENS,26-May-2022,2460.0,CE,0.0,0.0,0.0,102.75,108.65,0,0.0,0,0,18-APR-2022,
OPTSTK,SIEMENS,26-May-2022,2480.0,CE,0.0,0.0,0.0,96.4,99.55,0,0.0,0,0,18-APR-2022,
OPTSTK,SIEMENS,26-May-2022,2500.0,CE,0.0,0.0,0.0,130.0,91.05,0,0.0,275,0,18-APR-2022,
OPTSTK,SIEMENS,26-May-2022,2520.0,CE,0.0,0.0,0.0,84.65,83.05,0,0.0,0,0,18-APR-2022,
OPTSTK,SIEMENS,26-May-2022,2540.0,CE,0.0,0.0,0.0,79.25,75.6,0,0.0,0,0,18-APR-2022,
OPTSTK,SIEMENS,26-May-2022,2560.0,CE,0.0,0.0,0.0,74.25,68.65,0,0.0,0,0,18-APR-2022,
OPTSTK,SIEMENS,26-May-2022,2580.0,CE,0.0,0.0,0.0,69.4,62.25,0,0.0,0,0,18-APR-2022,
OPTSTK,SIEMENS,26-May-2022,2600.0,CE,0.0,0.0,0.0,64.85,56.25,0,0.0,0,0,18-APR-2022,
OPTSTK,SIEMENS,26-May-2022,2620.0,CE,0.0,0.0,0.0,60.55,50.75,0,0.0,0,0,18-APR-2022,
OPTSTK,SIEMENS,26-May-2022,2640.0,CE,0.0,0.0,0.0,56.4,45.85,0,0.0,0,0,18-APR-2022,
OPTSTK,SIEMENS,26-May-2022,2660.0,CE,0.0,0.0,0.0,52.55,41.2,0,0.0,0,0,18-APR-2022,
OPTSTK,SIEMENS,26-May-2022,2680.0,CE,0.0,0.0,0.0,48.95,36.85,0,0.0,0,0,18-APR-2022,
OPTSTK,SIEMENS,26-May-2022,2700.0,CE,30.0,30.0,30.0,30.0,33.0,1,7.5,275,275,18-APR-2022,
OPTSTK,SIEMENS,26-May-2022,2720.0,CE,0.0,0.0,0.0,42.35,29.45,0,0.0,0,0,18-APR-2022,
OPTSTK,SIEMENS,26-May-2022,2740.0,CE,0.0,0.0,0.0,39.4,26.25,0,0.0,0,0,18-APR-2022,
OPTSTK,SIEMENS,26-May-2022,2760.0,CE,0.0,0.0,0.0,36.6,23.35,0,0.0,0,0,18-APR-2022,
OPTSTK,SIEMENS,26-May-2022,2780.0,CE,0.0,0.0,0.0,33.95,20.7,0,0.0,0,0,18-APR-2022,
OPTSTK,SIEMENS,26-May-2022,2800.0,CE,0.0,0.0,0.0,31.5,18.35,0,0.0,0,0,18-APR-2022,
OPTSTK,SIEMENS,26-May-2022,2820.0,CE,0.0,0.0,0.0,29.2,16.2,0,0.0,0,0,18-APR-2022,
OPTSTK,SIEMENS,26-May-2022,2840.0,CE,0.0,0.0,0.0,27.05,14.3,0,0.0,0,0,18-APR-2022,
OPTSTK,SIEMENS,26-May-2022,2860.0,CE,0.0,0.0,0.0,25.05,12.55,0,0.0,0,0,18-APR-2022,
OPTSTK,SIEMENS,26-May-2022,2880.0,CE,0.0,0.0,0.0,23.15,11.05,0,0.0,0,0,18-APR-2022,
OPTSTK,SIEMENS,26-May-2022,2900.0,CE,0.0,0.0,0.0,21.4,9.7,0,0.0,0,0,18-APR-2022,
OPTSTK,SIEMENS,26-May-2022,2920.0,CE,0.0,0.0,0.0,19.8,8.45,0,0.0,0,0,18-APR-2022,
OPTSTK,SIEMENS,26-May-2022,1560.0,PE,0.0,0.0,0.0,1.6,0.0,0,0.0,0,0,18-APR-2022,
OPTSTK,SIEMENS,26-May-2022,1580.0,PE,0.0,0.0,0.0,1.95,0.0,0,0.0,0,0,18-APR-2022,
OPTSTK,SIEMENS,26-May-2022,1600.0,PE,0.0,0.0,0.0,2.4,0.0,0,0.0,0,0,18-APR-2022,
OPTSTK,SIEMENS,26-May-2022,1620.0,PE,0.0,0.0,0.0,2.9,0.05,0,0.0,0,0,18-APR-2022,
OPTSTK,SIEMENS,26-May-2022,1640.0,PE,0.0,0.0,0.0,3.5,0.05,0,0.0,0,0,18-APR-2022,
OPTSTK,SIEMENS,26-May-2022,1660.0,PE,0.0,0.0,0.0,4.2,0.05,0,0.0,0,0,18-APR-2022,
OPTSTK,SIEMENS,26-May-2022,1680.0,PE,0.0,0.0,0.0,5.0,0.05,0,0.0,0,0,18-APR-2022,
OPTSTK,SIEMENS,26-May-2022,1700.0,PE,0.0,0.0,0.0,5.95,0.05,0,0.0,0,0,18-APR-2022,
OPTSTK,SIEMENS,26-May-2022,1720.0,PE,0.0,0.0,0.0,7.0,0.1,0,0.0,0,0,18-APR-2022,
OPTSTK,SIEMENS,26-May-2022,1740.0,PE,0.0,0.0,0.0,8.25,0.1,0,0.0,0,0,18-APR-2022,
OPTSTK,SIEMENS,26-May-2022,1760.0,PE,0.0,0.0,0.0,9.6,0.15,0,0.0,0,0,18-APR-2022,
OPTSTK,SIEMENS,26-May-2022,1780.0,PE,0.0,0.0,0.0,11.2,0.2,0,0.0,0,0,18-APR-2022,
OPTSTK,SIEMENS,26-May-2022,1800.0,PE,0.0,0.0,0.0,12.95,0.25,0,0.0,0,0,18-APR-2022,
OPTSTK,SIEMENS,26-May-2022,1820.0,PE,0.0,0.0,0.0,14.9,0.35,0,0.0,0,0,18-APR-2022,
OPTSTK,SIEMENS,26-May-2022,1840.0,PE,0.0,0.0,0.0,17.1,0.45,0,0.0,0,0,18-APR-2022,
OPTSTK,SIEMENS,26-May-2022,1860.0,PE,0.0,0.0,0.0,19.5,0.6,0,0.0,0,0,18-APR-2022,
OPTSTK,SIEMENS,26-May-2022,1880.0,PE,0.0,0.0,0.0,22.2,0.8,0,0.0,0,0,18-APR-2022,
OPTSTK,SIEMENS,26-May-2022,1900.0,PE,0.0,0.0,0.0,25.1,1.05,0,0.0,0,0,18-APR-2022,
OPTSTK,SIEMENS,26-May-2022,1920.0,PE,0.0,0.0,0.0,28.35,1.35,0,0.0,0,0,18-APR-2022,
OPTSTK,SIEMENS,26-May-2022,1940.0,PE,0.0,0.0,0.0,31.85,1.75,0,0.0,0,0,18-APR-2022,
OPTSTK,SIEMENS,26-May-2022,1960.0,PE,0.0,0.0,0.0,35.7,2.25,0,0.0,0,0,18-APR-2022,
OPTSTK,SIEMENS,26-May-2022,1980.0,PE,0.0,0.0,0.0,39.8,2.85,0,0.0,0,0,18-APR-2022,
OPTSTK,SIEMENS,26-May-2022,2000.0,PE,0.0,0.0,0.0,44.3,3.6,0,0.0,0,0,18-APR-2022,
OPTSTK,SIEMENS,26-May-2022,2020.0,PE,0.0,0.0,0.0,49.1,4.5,0,0.0,0,0,18-APR-2022,
OPTSTK,SIEMENS,26-May-2022,2040.0,PE,0.0,0.0,0.0,54.3,5.55,0,0.0,0,0,18-APR-2022,
OPTSTK,SIEMENS,26-May-2022,2060.0,PE,0.0,0.0,0.0,59.85,6.85,0,0.0,0,0,18-APR-2022,
OPTSTK,SIEMENS,26-May-2022,2080.0,PE,0.0,0.0,0.0,65.7,8.35,0,0.0,0,0,18-APR-2022,
OPTSTK,SIEMENS,26-May-2022,2100.0,PE,0.0,0.0,0.0,71.9,10.05,0,0.0,0,0,18-APR-2022,
OPTSTK,SIEMENS,26-May-2022,2120.0,PE,0.0,0.0,0.0,78.55,12.1,0,0.0,0,0,18-APR-2022,
OPTSTK,SIEMENS,26-May-2022,2140.0,PE,0.0,0.0,0.0,85.6,14.45,0,0.0,0,0,18-APR-2022,
OPTSTK,SIEMENS,26-May-2022,2160.0,PE,0.0,0.0,0.0,93.05,17.1,0,0.0,0,0,18-APR-2022,
OPTSTK,SIEMENS,26-May-2022,2180.0,PE,0.0,0.0,0.0,100.85,20.15,0,0.0,0,0,18-APR-2022,
OPTSTK,SIEMENS,26-May-2022,2200.0,PE,0.0,0.0,0.0,109.1,23.55,0,0.0,0,0,18-APR-2022,
OPTSTK,SIEMENS,26-May-2022,2220.0,PE,0.0,0.0,0.0,117.75,27.4,0,0.0,0,0,18-APR-2022,
OPTSTK,SIEMENS,26-May-2022,2240.0,PE,0.0,0.0,0.0,126.75,31.7,0,0.0,0,0,18-APR-2022,
OPTSTK,SIEMENS,26-May-2022,2260.0,PE,0.0,0.0,0.0,136.2,36.45,0,0.0,0,0,18-APR-2022,
OPTSTK,SIEMENS,26-May-2022,2280.0,PE,0.0,0.0,0.0,146.0,41.75,0,0.0,0,0,18-APR-2022,
OPTSTK,SIEMENS,26-May-2022,2300.0,PE,0.0,0.0,0.0,50.0,47.4,0,0.0,275,0,18-APR-2022,
OPTSTK,SIEMENS,26-May-2022,2320.0,PE,0.0,0.0,0.0,166.8,53.7,0,0.0,0,0,18-APR-2022,
OPTSTK,SIEMENS,26-May-2022,2340.0,PE,0.0,0.0,0.0,177.8,60.55,0,0.0,0,0,18-APR-2022,
OPTSTK,SIEMENS,26-May-2022,2360.0,PE,0.0,0.0,0.0,189.15,67.95,0,0.0,0,0,18-APR-2022,
OPTSTK,SIEMENS,26-May-2022,2380.0,PE,0.0,0.0,0.0,200.85,75.95,0,0.0,0,0,18-APR-2022,
OPTSTK,SIEMENS,26-May-2022,2400.0,PE,0.0,0.0,0.0,212.95,84.45,0,0.0,0,0,18-APR-2022,
OPTSTK,SIEMENS,26-May-2022,2420.0,PE,0.0,0.0,0.0,225.4,93.6,0,0.0,0,0,18-APR-2022,
OPTSTK,SIEMENS,26-May-2022,2440.0,PE,0.0,0.0,0.0,238.15,103.25,0,0.0,0,0,18-APR-2022,
OPTSTK,SIEMENS,26-May-2022,2460.0,PE,0.0,0.0,0.0,251.3,113.55,0,0.0,0,0,18-APR-2022,
OPTSTK,SIEMENS,26-May-2022,2480.0,PE,0.0,0.0,0.0,264.75,124.35,0,0.0,0,0,18-APR-2022,
OPTSTK,SIEMENS,26-May-2022,2500.0,PE,0.0,0.0,0.0,278.5,135.75,0,0.0,0,0,18-APR-2022,
OPTSTK,SIEMENS,26-May-2022,2520.0,PE,0.0,0.0,0.0,292.6,147.65,0,0.0,0,0,18-APR-2022,
OPTSTK,SIEMENS,26-May-2022,2540.0,PE,0.0,0.0,0.0,306.95,160.15,0,0.0,0,0,18-APR-2022,
OPTSTK,SIEMENS,26-May-2022,2560.0,PE,0.0,0.0,0.0,321.75,173.1,0,0.0,0,0,18-APR-2022,
OPTSTK,SIEMENS,26-May-2022,2580.0,PE,0.0,0.0,0.0,336.7,186.6,0,0.0,0,0,18-APR-2022,
OPTSTK,SIEMENS,26-May-2022,2600.0,PE,0.0,0.0,0.0,351.95,200.55,0,0.0,0,0,18-APR-2022,
OPTSTK,SIEMENS,26-May-2022,2620.0,PE,0.0,0.0,0.0,367.4,214.95,0,0.0,0,0,18-APR-2022,
OPTSTK,SIEMENS,26-May-2022,2640.0,PE,0.0,0.0,0.0,383.05,229.95,0,0.0,0,0,18-APR-2022,
OPTSTK,SIEMENS,26-May-2022,2660.0,PE,0.0,0.0,0.0,399.0,245.2,0,0.0,0,0,18-APR-2022,
OPTSTK,SIEMENS,26-May-2022,2680.0,PE,0.0,0.0,0.0,415.2,260.8,0,0.0,0,0,18-APR-2022,
OPTSTK,SIEMENS,26-May-2022,2700.0,PE,0.0,0.0,0.0,431.6,276.8,0,0.0,0,0,18-APR-2022,
OPTSTK,SIEMENS,26-May-2022,2720.0,PE,0.0,0.0,0.0,448.2,293.2,0,0.0,0,0,18-APR-2022,
OPTSTK,SIEMENS,26-May-2022,2740.0,PE,0.0,0.0,0.0,465.0,309.9,0,0.0,0,0,18-APR-2022,
OPTSTK,SIEMENS,26-May-2022,2760.0,PE,0.0,0.0,0.0,482.0,326.9,0,0.0,0,0,18-APR-2022,
OPTSTK,SIEMENS,26-May-2022,2780.0,PE,0.0,0.0,0.0,499.15,344.2,0,0.0,0,0,18-APR-2022,
OPTSTK,SIEMENS,26-May-2022,2800.0,PE,0.0,0.0,0.0,516.5,361.7,0,0.0,0,0,18-APR-2022,
OPTSTK,SIEMENS,26-May-2022,2820.0,PE,0.0,0.0,0.0,534.0,379.5,0,0.0,0,0,18-APR-2022,
OPTSTK,SIEMENS,26-May-2022,2840.0,PE,0.0,0.0,0.0,551.6,397.5,0,0.0,0,0,18-APR-2022,
OPTSTK,SIEMENS,26-May-2022,2860.0,PE,0.0,0.0,0.0,569.4,415.7,0,0.0,0,0,18-APR-2022,
OPTSTK,SIEMENS,26-May-2022,2880.0,PE,0.0,0.0,0.0,587.3,434.1,0,0.0,0,0,18-APR-2022,
OPTSTK,SIEMENS,26-May-2022,2900.0,PE,0.0,0.0,0.0,605.35,452.65,0,0.0,0,0,18-APR-2022,
OPTSTK,SIEMENS,26-May-2022,2920.0,PE,0.0,0.0,0.0,623.55,471.35,0,0.0,0,0,18-APR-2022,
OPTSTK,SIEMENS,30-Jun-2022,1560.0,CE,0.0,0.0,0.0,825.55,897.65,0,0.0,0,0,18-APR-2022,
OPTSTK,SIEMENS,30-Jun-2022,1580.0,CE,0.0,0.0,0.0,806.0,877.85,0,0.0,0,0,18-APR-2022,
OPTSTK,SIEMENS,30-Jun-2022,1600.0,CE,0.0,0.0,0.0,786.5,858.1,0,0.0,0,0,18-APR-2022,
OPTSTK,SIEMENS,30-Jun-2022,1620.0,CE,0.0,0.0,0.0,767.05,838.35,0,0.0,0,0,18-APR-2022,
OPTSTK,SIEMENS,30-Jun-2022,1640.0,CE,0.0,0.0,0.0,747.65,818.65,0,0.0,0,0,18-APR-2022,
OPTSTK,SIEMENS,30-Jun-2022,1660.0,CE,0.0,0.0,0.0,728.3,798.95,0,0.0,0,0,18-APR-2022,
OPTSTK,SIEMENS,30-Jun-2022,1680.0,CE,0.0,0.0,0.0,709.05,779.3,0,0.0,0,0,18-APR-2022,
OPTSTK,SIEMENS,30-Jun-2022,1700.0,CE,0.0,0.0,0.0,689.9,759.65,0,0.0,0,0,18-APR-2022,
OPTSTK,SIEMENS,30-Jun-2022,1720.0,CE,0.0,0.0,0.0,670.85,740.1,0,0.0,0,0,18-APR-2022,
OPTSTK,SIEMENS,30-Jun-2022,1740.0,CE,0.0,0.0,0.0,651.9,720.55,0,0.0,0,0,18-APR-2022,
OPTSTK,SIEMENS,30-Jun-2022,1760.0,CE,0.0,0.0,0.0,633.05,701.1,0,0.0,0,0,18-APR-2022,
OPTSTK,SIEMENS,30-Jun-2022,1780.0,CE,0.0,0.0,0.0,614.35,681.7,0,0.0,0,0,18-APR-2022,
OPTSTK,SIEMENS,30-Jun-2022,1800.0,CE,0.0,0.0,0.0,595.8,662.35,0,0.0,0,0,18-APR-2022,
OPTSTK,SIEMENS,30-Jun-2022,1820.0,CE,0.0,0.0,0.0,577.45,643.15,0,0.0,0,0,18-APR-2022,
OPTSTK,SIEMENS,30-Jun-2022,1840.0,CE,0.0,0.0,0.0,559.2,624.0,0,0.0,0,0,18-APR-2022,
OPTSTK,SIEMENS,30-Jun-2022,1860.0,CE,0.0,0.0,0.0,541.15,605.0,0,0.0,0,0,18-APR-2022,
OPTSTK,SIEMENS,30-Jun-2022,1880.0,CE,0.0,0.0,0.0,523.35,586.1,0,0.0,0,0,18-APR-2022,
OPTSTK,SIEMENS,30-Jun-2022,1900.0,CE,0.0,0.0,0.0,505.7,567.35,0,0.0,0,0,18-APR-2022,
OPTSTK,SIEMENS,30-Jun-2022,1920.0,CE,0.0,0.0,0.0,488.3,548.75,0,0.0,0,0,18-APR-2022,
OPTSTK,SIEMENS,30-Jun-2022,1940.0,CE,0.0,0.0,0.0,471.15,530.35,0,0.0,0,0,18-APR-2022,
OPTSTK,SIEMENS,30-Jun-2022,1960.0,CE,0.0,0.0,0.0,454.25,512.1,0,0.0,0,0,18-APR-2022,
OPTSTK,SIEMENS,30-Jun-2022,1980.0,CE,0.0,0.0,0.0,437.6,494.05,0,0.0,0,0,18-APR-2022,
OPTSTK,SIEMENS,30-Jun-2022,2000.0,CE,0.0,0.0,0.0,421.2,476.2,0,0.0,0,0,18-APR-2022,
OPTSTK,SIEMENS,30-Jun-2022,2020.0,CE,0.0,0.0,0.0,405.15,458.6,0,0.0,0,0,18-APR-2022,
OPTSTK,SIEMENS,30-Jun-2022,2040.0,CE,0.0,0.0,0.0,389.35,441.25,0,0.0,0,0,18-APR-2022,
OPTSTK,SIEMENS,30-Jun-2022,2060.0,CE,0.0,0.0,0.0,373.9,424.15,0,0.0,0,0,18-APR-2022,
OPTSTK,SIEMENS,30-Jun-2022,2080.0,CE,0.0,0.0,0.0,358.75,407.35,0,0.0,0,0,18-APR-2022,
OPTSTK,SIEMENS,30-Jun-2022,2100.0,CE,0.0,0.0,0.0,344.05,390.85,0,0.0,0,0,18-APR-2022,
OPTSTK,SIEMENS,30-Jun-2022,2120.0,CE,0.0,0.0,0.0,329.55,374.6,0,0.0,0,0,18-APR-2022,
OPTSTK,SIEMENS,30-Jun-2022,2140.0,CE,0.0,0.0,0.0,315.4,358.7,0,0.0,0,0,18-APR-2022,
OPTSTK,SIEMENS,30-Jun-2022,2160.0,CE,0.0,0.0,0.0,301.65,343.15,0,0.0,0,0,18-APR-2022,
OPTSTK,SIEMENS,30-Jun-2022,2180.0,CE,0.0,0.0,0.0,288.15,327.95,0,0.0,0,0,18-APR-2022,
OPTSTK,SIEMENS,30-Jun-2022,2200.0,CE,0.0,0.0,0.0,275.1,313.15,0,0.0,0,0,18-APR-2022,
OPTSTK,SIEMENS,30-Jun-2022,2220.0,CE,0.0,0.0,0.0,262.45,298.65,0,0.0,0,0,18-APR-2022,
OPTSTK,SIEMENS,30-Jun-2022,2240.0,CE,0.0,0.0,0.0,250.2,284.55,0,0.0,0,0,18-APR-2022,
OPTSTK,SIEMENS,30-Jun-2022,2260.0,CE,0.0,0.0,0.0,238.3,270.75,0,0.0,0,0,18-APR-2022,
OPTSTK,SIEMENS,30-Jun-2022,2280.0,CE,0.0,0.0,0.0,226.8,257.4,0,0.0,0,0,18-APR-2022,
OPTSTK,SIEMENS,30-Jun-2022,2300.0,CE,0.0,0.0,0.0,215.65,244.5,0,0.0,0,0,18-APR-2022,
OPTSTK,SIEMENS,30-Jun-2022,2320.0,CE,0.0,0.0,0.0,204.9,232.0,0,0.0,0,0,18-APR-2022,
OPTSTK,SIEMENS,30-Jun-2022,2340.0,CE,0.0,0.0,0.0,194.55,219.9,0,0.0,0,0,18-APR-2022,
OPTSTK,SIEMENS,30-Jun-2022,2360.0,CE,0.0,0.0,0.0,184.5,208.25,0,0.0,0,0,18-APR-2022,
OPTSTK,SIEMENS,30-Jun-2022,2380.0,CE,0.0,0.0,0.0,174.9,197.0,0,0.0,0,0,18-APR-2022,
OPTSTK,SIEMENS,30-Jun-2022,2400.0,CE,0.0,0.0,0.0,165.65,186.15,0,0.0,0,0,18-APR-2022,
OPTSTK,SIEMENS,30-Jun-2022,2420.0,CE,0.0,0.0,0.0,156.75,175.7,0,0.0,0,0,18-APR-2022,
OPTSTK,SIEMENS,30-Jun-2022,2440.0,CE,0.0,0.0,0.0,148.25,165.7,0,0.0,0,0,18-APR-2022,
OPTSTK,SIEMENS,30-Jun-2022,2460.0,CE,0.0,0.0,0.0,140.05,156.1,0,0.0,0,0,18-APR-2022,
OPTSTK,SIEMENS,30-Jun-2022,2480.0,CE,0.0,0.0,0.0,132.25,146.9,0,0.0,0,0,18-APR-2022,
OPTSTK,SIEMENS,30-Jun-2022,2500.0,CE,0.0,0.0,0.0,124.75,138.1,0,0.0,0,0,18-APR-2022,
OPTSTK,SIEMENS,30-Jun-2022,2520.0,CE,0.0,0.0,0.0,117.6,129.7,0,0.0,0,0,18-APR-2022,
OPTSTK,SIEMENS,30-Jun-2022,2540.0,CE,0.0,0.0,0.0,110.8,121.7,0,0.0,0,0,18-APR-2022,
OPTSTK,SIEMENS,30-Jun-2022,2560.0,CE,0.0,0.0,0.0,104.3,114.1,0,0.0,0,0,18-APR-2022,
OPTSTK,SIEMENS,30-Jun-2022,2580.0,CE,0.0,0.0,0.0,98.1,106.8,0,0.0,0,0,18-APR-2022,
OPTSTK,SIEMENS,30-Jun-2022,2600.0,CE,0.0,0.0,0.0,92.2,99.95,0,0.0,0,0,18-APR-2022,
OPTSTK,SIEMENS,30-Jun-2022,2620.0,CE,0.0,0.0,0.0,86.6,93.4,0,0.0,0,0,18-APR-2022,
OPTSTK,SIEMENS,30-Jun-2022,2640.0,CE,0.0,0.0,0.0,81.3,87.2,0,0.0,0,0,18-APR-2022,
OPTSTK,SIEMENS,30-Jun-2022,2660.0,CE,0.0,0.0,0.0,76.35,81.35,0,0.0,0,0,18-APR-2022,
OPTSTK,SIEMENS,30-Jun-2022,2680.0,CE,0.0,0.0,0.0,71.6,75.8,0,0.0,0,0,18-APR-2022,
OPTSTK,SIEMENS,30-Jun-2022,2700.0,CE,0.0,0.0,0.0,67.1,70.55,0,0.0,0,0,18-APR-2022,
OPTSTK,SIEMENS,30-Jun-2022,2720.0,CE,0.0,0.0,0.0,62.85,65.75,0,0.0,0,0,18-APR-2022,
OPTSTK,SIEMENS,30-Jun-2022,2740.0,CE,0.0,0.0,0.0,58.7,61.15,0,0.0,0,0,18-APR-2022,
OPTSTK,SIEMENS,30-Jun-2022,2760.0,CE,0.0,0.0,0.0,54.9,56.8,0,0.0,0,0,18-APR-2022,
OPTSTK,SIEMENS,30-Jun-2022,2780.0,CE,0.0,0.0,0.0,51.3,52.6,0,0.0,0,0,18-APR-2022,
OPTSTK,SIEMENS,30-Jun-2022,2800.0,CE,0.0,0.0,0.0,47.9,48.8,0,0.0,0,0,18-APR-2022,
OPTSTK,SIEMENS,30-Jun-2022,2820.0,CE,0.0,0.0,0.0,44.7,45.2,0,0.0,0,0,18-APR-2022,
OPTSTK,SIEMENS,30-Jun-2022,2840.0,CE,0.0,0.0,0.0,41.65,41.8,0,0.0,0,0,18-APR-2022,
OPTSTK,SIEMENS,30-Jun-2022,2860.0,CE,0.0,0.0,0.0,38.85,38.65,0,0.0,0,0,18-APR-2022,
OPTSTK,SIEMENS,30-Jun-2022,2880.0,CE,0.0,0.0,0.0,36.15,35.7,0,0.0,0,0,18-APR-2022,
OPTSTK,SIEMENS,30-Jun-2022,2900.0,CE,0.0,0.0,0.0,33.65,32.95,0,0.0,0,0,18-APR-2022,
OPTSTK,SIEMENS,30-Jun-2022,2920.0,CE,0.0,0.0,0.0,31.3,30.4,0,0.0,0,0,18-APR-2022,
OPTSTK,SIEMENS,30-Jun-2022,1560.0,PE,0.0,0.0,0.0,0.95,0.2,0,0.0,0,0,18-APR-2022,
OPTSTK,SIEMENS,30-Jun-2022,1580.0,PE,0.0,0.0,0.0,1.2,0.25,0,0.0,0,0,18-APR-2022,
OPTSTK,SIEMENS,30-Jun-2022,1600.0,PE,0.0,0.0,0.0,1.5,0.3,0,0.0,0,0,18-APR-2022,
OPTSTK,SIEMENS,30-Jun-2022,1620.0,PE,0.0,0.0,0.0,1.8,0.4,0,0.0,0,0,18-APR-2022,
OPTSTK,SIEMENS,30-Jun-2022,1640.0,PE,0.0,0.0,0.0,2.2,0.5,0,0.0,0,0,18-APR-2022,
OPTSTK,SIEMENS,30-Jun-2022,1660.0,PE,0.0,0.0,0.0,2.65,0.65,0,0.0,0,0,18-APR-2022,
OPTSTK,SIEMENS,30-Jun-2022,1680.0,PE,0.0,0.0,0.0,3.2,0.8,0,0.0,0,0,18-APR-2022,
OPTSTK,SIEMENS,30-Jun-2022,1700.0,PE,0.0,0.0,0.0,3.85,1.0,0,0.0,0,0,18-APR-2022,
OPTSTK,SIEMENS,30-Jun-2022,1720.0,PE,0.0,0.0,0.0,4.55,1.25,0,0.0,0,0,18-APR-2022,
OPTSTK,SIEMENS,30-Jun-2022,1740.0,PE,0.0,0.0,0.0,5.4,1.55,0,0.0,0,0,18-APR-2022,
OPTSTK,SIEMENS,30-Jun-2022,1760.0,PE,0.0,0.0,0.0,6.35,1.95,0,0.0,0,0,18-APR-2022,
OPTSTK,SIEMENS,30-Jun-2022,1780.0,PE,0.0,0.0,0.0,7.45,2.35,0,0.0,0,0,18-APR-2022,
OPTSTK,SIEMENS,30-Jun-2022,1800.0,PE,0.0,0.0,0.0,8.7,2.9,0,0.0,0,0,18-APR-2022,
OPTSTK,SIEMENS,30-Jun-2022,1820.0,PE,0.0,0.0,0.0,10.1,3.5,0,0.0,0,0,18-APR-2022,
OPTSTK,SIEMENS,30-Jun-2022,1840.0,PE,0.0,0.0,0.0,11.65,4.2,0,0.0,0,0,18-APR-2022,
OPTSTK,SIEMENS,30-Jun-2022,1860.0,PE,0.0,0.0,0.0,13.4,5.0,0,0.0,0,0,18-APR-2022,
OPTSTK,SIEMENS,30-Jun-2022,1880.0,PE,0.0,0.0,0.0,15.35,5.95,0,0.0,0,0,18-APR-2022,
OPTSTK,SIEMENS,30-Jun-2022,1900.0,PE,0.0,0.0,0.0,17.55,7.0,0,0.0,0,0,18-APR-2022,
OPTSTK,SIEMENS,30-Jun-2022,1920.0,PE,0.0,0.0,0.0,19.9,8.25,0,0.0,0,0,18-APR-2022,
OPTSTK,SIEMENS,30-Jun-2022,1940.0,PE,0.0,0.0,0.0,22.55,9.65,0,0.0,0,0,18-APR-2022,
OPTSTK,SIEMENS,30-Jun-2022,1960.0,PE,0.0,0.0,0.0,25.4,11.25,0,0.0,0,0,18-APR-2022,
OPTSTK,SIEMENS,30-Jun-2022,1980.0,PE,0.0,0.0,0.0,28.55,13.05,0,0.0,0,0,18-APR-2022,
OPTSTK,SIEMENS,30-Jun-2022,2000.0,PE,0.0,0.0,0.0,32.0,15.05,0,0.0,0,0,18-APR-2022,
OPTSTK,SIEMENS,30-Jun-2022,2020.0,PE,0.0,0.0,0.0,35.7,17.25,0,0.0,0,0,18-APR-2022,
OPTSTK,SIEMENS,30-Jun-2022,2040.0,PE,0.0,0.0,0.0,39.7,19.75,0,0.0,0,0,18-APR-2022,
OPTSTK,SIEMENS,30-Jun-2022,2060.0,PE,0.0,0.0,0.0,44.05,22.5,0,0.0,0,0,18-APR-2022,
OPTSTK,SIEMENS,30-Jun-2022,2080.0,PE,0.0,0.0,0.0,48.7,25.5,0,0.0,0,0,18-APR-2022,
OPTSTK,SIEMENS,30-Jun-2022,2100.0,PE,0.0,0.0,0.0,53.75,28.8,0,0.0,0,0,18-APR-2022,
OPTSTK,SIEMENS,30-Jun-2022,2120.0,PE,0.0,0.0,0.0,59.05,32.4,0,0.0,0,0,18-APR-2022,
OPTSTK,SIEMENS,30-Jun-2022,2140.0,PE,0.0,0.0,0.0,64.7,36.35,0,0.0,0,0,18-APR-2022,
OPTSTK,SIEMENS,30-Jun-2022,2160.0,PE,0.0,0.0,0.0,70.75,40.6,0,0.0,0,0,18-APR-2022,
OPTSTK,SIEMENS,30-Jun-2022,2180.0,PE,0.0,0.0,0.0,77.05,45.25,0,0.0,0,0,18-APR-2022,
OPTSTK,SIEMENS,30-Jun-2022,2200.0,PE,0.0,0.0,0.0,83.8,50.3,0,0.0,0,0,18-APR-2022,
OPTSTK,SIEMENS,30-Jun-2022,2220.0,PE,0.0,0.0,0.0,90.95,55.65,0,0.0,0,0,18-APR-2022,
OPTSTK,SIEMENS,30-Jun-2022,2240.0,PE,0.0,0.0,0.0,98.45,61.35,0,0.0,0,0,18-APR-2022,
OPTSTK,SIEMENS,30-Jun-2022,2260.0,PE,0.0,0.0,0.0,106.35,67.35,0,0.0,0,0,18-APR-2022,
OPTSTK,SIEMENS,30-Jun-2022,2280.0,PE,0.0,0.0,0.0,114.6,73.85,0,0.0,0,0,18-APR-2022,
OPTSTK,SIEMENS,30-Jun-2022,2300.0,PE,0.0,0.0,0.0,123.25,80.8,0,0.0,0,0,18-APR-2022,
OPTSTK,SIEMENS,30-Jun-2022,2320.0,PE,0.0,0.0,0.0,132.3,88.1,0,0.0,0,0,18-APR-2022,
OPTSTK,SIEMENS,30-Jun-2022,2340.0,PE,0.0,0.0,0.0,141.7,95.85,0,0.0,0,0,18-APR-2022,
OPTSTK,SIEMENS,30-Jun-2022,2360.0,PE,0.0,0.0,0.0,151.5,104.0,0,0.0,0,0,18-APR-2022,
OPTSTK,SIEMENS,30-Jun-2022,2380.0,PE,0.0,0.0,0.0,161.65,112.6,0,0.0,0,0,18-APR-2022,
OPTSTK,SIEMENS,30-Jun-2022,2400.0,PE,0.0,0.0,0.0,172.2,121.6,0,0.0,0,0,18-APR-2022,
OPTSTK,SIEMENS,30-Jun-2022,2420.0,PE,0.0,0.0,0.0,183.1,131.0,0,0.0,0,0,18-APR-2022,
OPTSTK,SIEMENS,30-Jun-2022,2440.0,PE,0.0,0.0,0.0,194.4,140.8,0,0.0,0,0,18-APR-2022,
OPTSTK,SIEMENS,30-Jun-2022,2460.0,PE,0.0,0.0,0.0,206.0,151.0,0,0.0,0,0,18-APR-2022,
OPTSTK,SIEMENS,30-Jun-2022,2480.0,PE,0.0,0.0,0.0,217.95,161.65,0,0.0,0,0,18-APR-2022,
OPTSTK,SIEMENS,30-Jun-2022,2500.0,PE,0.0,0.0,0.0,230.25,172.7,0,0.0,0,0,18-APR-2022,
OPTSTK,SIEMENS,30-Jun-2022,2520.0,PE,0.0,0.0,0.0,242.9,184.15,0,0.0,0,0,18-APR-2022,
OPTSTK,SIEMENS,30-Jun-2022,2540.0,PE,0.0,0.0,0.0,255.9,195.95,0,0.0,0,0,18-APR-2022,
OPTSTK,SIEMENS,30-Jun-2022,2560.0,PE,0.0,0.0,0.0,269.2,208.15,0,0.0,0,0,18-APR-2022,
OPTSTK,SIEMENS,30-Jun-2022,2580.0,PE,0.0,0.0,0.0,282.75,220.75,0,0.0,0,0,18-APR-2022,
OPTSTK,SIEMENS,30-Jun-2022,2600.0,PE,0.0,0.0,0.0,296.65,233.7,0,0.0,0,0,18-APR-2022,
OPTSTK,SIEMENS,30-Jun-2022,2620.0,PE,0.0,0.0,0.0,310.85,246.95,0,0.0,0,0,18-APR-2022,
OPTSTK,SIEMENS,30-Jun-2022,2640.0,PE,0.0,0.0,0.0,325.35,260.6,0,0.0,0,0,18-APR-2022,
OPTSTK,SIEMENS,30-Jun-2022,2660.0,PE,0.0,0.0,0.0,340.2,274.6,0,0.0,0,0,18-APR-2022,
OPTSTK,SIEMENS,30-Jun-2022,2680.0,PE,0.0,0.0,0.0,355.2,288.85,0,0.0,0,0,18-APR-2022,
OPTSTK,SIEMENS,30-Jun-2022,2700.0,PE,0.0,0.0,0.0,370.5,303.45,0,0.0,0,0,18-APR-2022,
OPTSTK,SIEMENS,30-Jun-2022,2720.0,PE,0.0,0.0,0.0,386.05,318.5,0,0.0,0,0,18-APR-2022,
OPTSTK,SIEMENS,30-Jun-2022,2740.0,PE,0.0,0.0,0.0,401.7,333.7,0,0.0,0,0,18-APR-2022,
OPTSTK,SIEMENS,30-Jun-2022,2760.0,PE,0.0,0.0,0.0,417.65,349.2,0,0.0,0,0,18-APR-2022,
OPTSTK,SIEMENS,30-Jun-2022,2780.0,PE,0.0,0.0,0.0,433.85,364.85,0,0.0,0,0,18-APR-2022,
OPTSTK,SIEMENS,30-Jun-2022,2800.0,PE,0.0,0.0,0.0,450.25,380.85,0,0.0,0,0,18-APR-2022,
OPTSTK,SIEMENS,30-Jun-2022,2820.0,PE,0.0,0.0,0.0,466.85,397.05,0,0.0,0,0,18-APR-2022,
OPTSTK,SIEMENS,30-Jun-2022,2840.0,PE,0.0,0.0,0.0,483.6,413.5,0,0.0,0,0,18-APR-2022,
OPTSTK,SIEMENS,30-Jun-2022,2860.0,PE,0.0,0.0,0.0,500.55,430.2,0,0.0,0,0,18-APR-2022,
OPTSTK,SIEMENS,30-Jun-2022,2880.0,PE,0.0,0.0,0.0,517.7,447.1,0,0.0,0,0,18-APR-2022,
OPTSTK,SIEMENS,30-Jun-2022,2900.0,PE,0.0,0.0,0.0,535.0,464.15,0,0.0,0,0,18-APR-2022,
OPTSTK,SIEMENS,30-Jun-2022,2920.0,PE,0.0,0.0,0.0,552.4,481.45,0,0.0,0,0,18-APR-2022,
OPTSTK,SRF,28-Apr-2022,1600.0,CE,0.0,0.0,0.0,772.0,1017.55,0,0.0,0,0,18-APR-2022,
OPTSTK,SRF,28-Apr-2022,1620.0,CE,0.0,0.0,0.0,753.2,997.6,0,0.0,0,0,18-APR-2022,
OPTSTK,SRF,28-Apr-2022,1640.0,CE,0.0,0.0,0.0,734.5,977.6,0,0.0,0,0,18-APR-2022,
OPTSTK,SRF,28-Apr-2022,1650.0,CE,0.0,0.0,0.0,976.5,967.65,0,0.0,0,0,18-APR-2022,
OPTSTK,SRF,28-Apr-2022,1660.0,CE,0.0,0.0,0.0,715.95,957.65,0,0.0,0,0,18-APR-2022,
OPTSTK,SRF,28-Apr-2022,1680.0,CE,0.0,0.0,0.0,697.55,937.65,0,0.0,0,0,18-APR-2022,
OPTSTK,SRF,28-Apr-2022,1700.0,CE,0.0,0.0,0.0,679.25,917.7,0,0.0,0,0,18-APR-2022,
OPTSTK,SRF,28-Apr-2022,1720.0,CE,0.0,0.0,0.0,661.15,897.7,0,0.0,0,0,18-APR-2022,
OPTSTK,SRF,28-Apr-2022,1740.0,CE,0.0,0.0,0.0,643.2,877.75,0,0.0,0,0,18-APR-2022,
OPTSTK,SRF,28-Apr-2022,1750.0,CE,0.0,0.0,0.0,934.9,867.75,0,0.0,0,0,18-APR-2022,
OPTSTK,SRF,28-Apr-2022,1760.0,CE,0.0,0.0,0.0,625.45,857.75,0,0.0,0,0,18-APR-2022,
OPTSTK,SRF,28-Apr-2022,1780.0,CE,0.0,0.0,0.0,607.85,837.75,0,0.0,0,0,18-APR-2022,
OPTSTK,SRF,28-Apr-2022,1800.0,CE,0.0,0.0,0.0,880.0,817.8,0,0.0,750,0,18-APR-2022,
OPTSTK,SRF,28-Apr-2022,1820.0,CE,0.0,0.0,0.0,573.3,797.8,0,0.0,0,0,18-APR-2022,
OPTSTK,SRF,28-Apr-2022,1840.0,CE,0.0,0.0,0.0,556.3,777.85,0,0.0,0,0,18-APR-2022,
OPTSTK,SRF,28-Apr-2022,1850.0,CE,0.0,0.0,0.0,835.3,767.85,0,0.0,0,0,18-APR-2022,
OPTSTK,SRF,28-Apr-2022,1860.0,CE,0.0,0.0,0.0,539.6,757.85,0,0.0,0,0,18-APR-2022,
OPTSTK,SRF,28-Apr-2022,1880.0,CE,0.0,0.0,0.0,523.1,737.9,0,0.0,0,0,18-APR-2022,
OPTSTK,SRF,28-Apr-2022,1900.0,CE,0.0,0.0,0.0,506.8,717.9,0,0.0,0,0,18-APR-2022,
OPTSTK,SRF,28-Apr-2022,1920.0,CE,0.0,0.0,0.0,490.8,697.95,0,0.0,0,0,18-APR-2022,
OPTSTK,SRF,28-Apr-2022,1940.0,CE,0.0,0.0,0.0,475.05,677.95,0,0.0,0,0,18-APR-2022,
OPTSTK,SRF,28-Apr-2022,1950.0,CE,0.0,0.0,0.0,736.05,667.95,0,0.0,0,0,18-APR-2022,
OPTSTK,SRF,28-Apr-2022,1960.0,CE,0.0,0.0,0.0,459.55,658.0,0,0.0,0,0,18-APR-2022,
OPTSTK,SRF,28-Apr-2022,1980.0,CE,0.0,0.0,0.0,444.35,638.0,0,0.0,0,0,18-APR-2022,
OPTSTK,SRF,28-Apr-2022,2000.0,CE,0.0,0.0,0.0,429.4,618.05,0,0.0,0,0,18-APR-2022,
OPTSTK,SRF,28-Apr-2022,2020.0,CE,0.0,0.0,0.0,414.85,598.05,0,0.0,0,0,18-APR-2022,
OPTSTK,SRF,28-Apr-2022,2040.0,CE,0.0,0.0,0.0,400.45,578.1,0,0.0,0,0,18-APR-2022,
OPTSTK,SRF,28-Apr-2022,2050.0,CE,0.0,0.0,0.0,637.55,568.1,0,0.0,0,0,18-APR-2022,
OPTSTK,SRF,28-Apr-2022,2060.0,CE,0.0,0.0,0.0,386.4,558.1,0,0.0,0,0,18-APR-2022,
OPTSTK,SRF,28-Apr-2022,2080.0,CE,0.0,0.0,0.0,372.6,538.15,0,0.0,0,0,18-APR-2022,
OPTSTK,SRF,28-Apr-2022,2100.0,CE,0.0,0.0,0.0,359.15,518.2,0,0.0,0,0,18-APR-2022,
OPTSTK,SRF,28-Apr-2022,2120.0,CE,0.0,0.0,0.0,345.9,498.3,0,0.0,0,0,18-APR-2022,
OPTSTK,SRF,28-Apr-2022,2140.0,CE,0.0,0.0,0.0,333.1,478.35,0,0.0,0,0,18-APR-2022,
OPTSTK,SRF,28-Apr-2022,2150.0,CE,0.0,0.0,0.0,540.9,468.4,0,0.0,0,0,18-APR-2022,
OPTSTK,SRF,28-Apr-2022,2160.0,CE,0.0,0.0,0.0,320.55,458.5,0,0.0,0,0,18-APR-2022,
OPTSTK,SRF,28-Apr-2022,2180.0,CE,0.0,0.0,0.0,308.35,438.65,0,0.0,0,0,18-APR-2022,
OPTSTK,SRF,28-Apr-2022,2200.0,CE,0.0,0.0,0.0,155.5,418.85,0,0.0,375,0,18-APR-2022,
OPTSTK,SRF,28-Apr-2022,2220.0,CE,0.0,0.0,0.0,284.9,399.1,0,0.0,0,0,18-APR-2022,
OPTSTK,SRF,28-Apr-2022,2240.0,CE,0.0,0.0,0.0,273.65,379.5,0,0.0,0,0,18-APR-2022,
OPTSTK,SRF,28-Apr-2022,2250.0,CE,0.0,0.0,0.0,447.75,369.7,0,0.0,0,0,18-APR-2022,
OPTSTK,SRF,28-Apr-2022,2260.0,CE,0.0,0.0,0.0,262.7,359.95,0,0.0,0,0,18-APR-2022,
OPTSTK,SRF,28-Apr-2022,2280.0,CE,0.0,0.0,0.0,252.1,340.6,0,0.0,0,0,18-APR-2022,
OPTSTK,SRF,28-Apr-2022,2300.0,CE,0.0,0.0,0.0,350.0,321.4,0,0.0,2250,0,18-APR-2022,
OPTSTK,SRF,28-Apr-2022,2320.0,CE,0.0,0.0,0.0,231.8,302.45,0,0.0,0,0,18-APR-2022,
OPTSTK,SRF,28-Apr-2022,2340.0,CE,0.0,0.0,0.0,222.1,283.7,0,0.0,0,0,18-APR-2022,
OPTSTK,SRF,28-Apr-2022,2350.0,CE,0.0,0.0,0.0,360.35,274.5,0,0.0,0,0,18-APR-2022,
OPTSTK,SRF,28-Apr-2022,2360.0,CE,0.0,0.0,0.0,212.7,265.3,0,0.0,0,0,18-APR-2022,
OPTSTK,SRF,28-Apr-2022,2380.0,CE,0.0,0.0,0.0,203.6,247.3,0,0.0,0,0,18-APR-2022,
OPTSTK,SRF,28-Apr-2022,2400.0,CE,0.0,0.0,0.0,339.5,229.65,0,0.0,9750,0,18-APR-2022,
OPTSTK,SRF,28-Apr-2022,2420.0,CE,0.0,0.0,0.0,186.35,212.5,0,0.0,0,0,18-APR-2022,
OPTSTK,SRF,28-Apr-2022,2440.0,CE,0.0,0.0,0.0,178.15,195.85,0,0.0,0,0,18-APR-2022,
OPTSTK,SRF,28-Apr-2022,2450.0,CE,0.0,0.0,0.0,281.0,187.75,0,0.0,0,0,18-APR-2022,
OPTSTK,SRF,28-Apr-2022,2460.0,CE,0.0,0.0,0.0,170.25,179.8,0,0.0,0,0,18-APR-2022,
OPTSTK,SRF,28-Apr-2022,2480.0,CE,0.0,0.0,0.0,162.6,164.4,0,0.0,0,0,18-APR-2022,
OPTSTK,SRF,28-Apr-2022,2500.0,CE,135.8,149.0,88.5,143.2,143.2,46,449.37,14625,4125,18-APR-2022,
OPTSTK,SRF,28-Apr-2022,2520.0,CE,92.05,108.6,88.8,108.6,135.55,5,49.02,1125,1125,18-APR-2022,
OPTSTK,SRF,28-Apr-2022,2540.0,CE,135.0,135.0,78.25,90.9,122.3,7,69.07,2625,2250,18-APR-2022,
OPTSTK,SRF,28-Apr-2022,2550.0,CE,74.65,74.65,74.65,74.65,115.95,4,39.36,1500,1500,18-APR-2022,
OPTSTK,SRF,28-Apr-2022,2560.0,CE,92.9,119.1,35.5,108.0,108.0,170,1678.7,12750,12000,18-APR-2022,
OPTSTK,SRF,28-Apr-2022,2580.0,CE,81.0,138.15,49.95,96.5,96.5,50,496.02,6000,6000,18-APR-2022,
OPTSTK,SRF,28-Apr-2022,2600.0,CE,59.0,100.0,41.0,83.3,83.3,1177,11734.93,66000,27000,18-APR-2022,
OPTSTK,SRF,28-Apr-2022,2620.0,CE,77.05,89.15,35.55,72.55,72.55,143,1433.59,9750,3750,18-APR-2022,
OPTSTK,SRF,28-Apr-2022,2640.0,CE,54.05,77.0,29.55,63.6,63.6,265,2671.58,25875,2250,18-APR-2022,
OPTSTK,SRF,28-Apr-2022,2650.0,CE,54.8,73.4,27.75,58.55,58.55,322,3252.02,28125,8250,18-APR-2022,
OPTSTK,SRF,28-Apr-2022,2660.0,CE,59.5,68.4,25.1,55.35,55.35,236,2388.28,31875,-3750,18-APR-2022,
OPTSTK,SRF,28-Apr-2022,2680.0,CE,26.1,58.0,21.8,49.05,49.05,151,1536.76,21375,3750,18-APR-2022,
OPTSTK,SRF,28-Apr-2022,2700.0,CE,43.4,51.55,18.0,41.4,41.4,1946,19940.32,343875,12000,18-APR-2022,
OPTSTK,SRF,28-Apr-2022,2720.0,CE,30.0,45.0,16.55,35.5,35.5,172,1771.4,53625,750,18-APR-2022,
OPTSTK,SRF,28-Apr-2022,2740.0,CE,15.85,39.6,14.25,31.35,31.35,269,2785.77,74625,-14250,18-APR-2022,
OPTSTK,SRF,28-Apr-2022,2750.0,CE,25.95,37.0,13.3,28.45,28.45,297,3084.63,87375,-3750,18-APR-2022,
OPTSTK,SRF,28-Apr-2022,2760.0,CE,1.4,35.0,1.4,27.35,27.35,412,4294.32,120750,-2625,18-APR-2022,
OPTSTK,SRF,28-Apr-2022,2780.0,CE,16.05,30.1,11.25,23.4,23.4,183,1919.67,46500,-2625,18-APR-2022,
OPTSTK,SRF,28-Apr-2022,2800.0,CE,25.0,27.05,10.0,20.75,20.75,1482,15648.5,447000,-15750,18-APR-2022,
OPTSTK,SRF,28-Apr-2022,2820.0,CE,18.4,24.0,9.0,18.3,18.3,108,1147.5,19125,2625,18-APR-2022,
OPTSTK,SRF,28-Apr-2022,2840.0,CE,11.4,20.35,8.5,16.55,16.55,110,1176.57,20625,2250,18-APR-2022,
OPTSTK,SRF,28-Apr-2022,2850.0,CE,6.7,19.0,6.65,14.25,14.25,187,2005.68,14250,-4500,18-APR-2022,
OPTSTK,SRF,28-Apr-2022,2860.0,CE,5.95,13.7,5.95,13.7,11.9,8,86.05,16125,-1500,18-APR-2022,
OPTSTK,SRF,28-Apr-2022,2880.0,CE,8.7,11.1,8.55,11.1,9.85,4,43.33,12750,-750,18-APR-2022,
OPTSTK,SRF,28-Apr-2022,2900.0,CE,8.15,14.45,5.8,10.3,10.3,788,8594.01,196875,-50250,18-APR-2022,
OPTSTK,SRF,28-Apr-2022,2920.0,CE,5.3,5.3,5.3,5.3,6.65,1,10.96,6000,0,18-APR-2022,
OPTSTK,SRF,28-Apr-2022,2940.0,CE,0.0,0.0,0.0,28.75,5.4,0,0.0,3750,0,18-APR-2022,
OPTSTK,SRF,28-Apr-2022,2950.0,CE,0.0,0.0,0.0,10.0,4.9,0,0.0,1875,0,18-APR-2022,
OPTSTK,SRF,28-Apr-2022,2960.0,CE,7.7,7.7,7.7,7.7,7.7,1,11.12,3375,375,18-APR-2022,
OPTSTK,SRF,28-Apr-2022,2980.0,CE,0.0,0.0,0.0,12.05,3.55,0,0.0,3000,0,18-APR-2022,
OPTSTK,SRF,28-Apr-2022,3000.0,CE,4.8,7.95,3.8,5.95,5.95,854,9623.58,274500,-29250,18-APR-2022,
OPTSTK,SRF,28-Apr-2022,3020.0,CE,0.0,0.0,0.0,8.7,2.3,0,0.0,3750,0,18-APR-2022,
OPTSTK,SRF,28-Apr-2022,3040.0,CE,0.0,0.0,0.0,38.6,1.8,0,0.0,0,0,18-APR-2022,
OPTSTK,SRF,28-Apr-2022,3050.0,CE,0.0,0.0,0.0,9.65,1.6,0,0.0,375,0,18-APR-2022,
OPTSTK,SRF,28-Apr-2022,3060.0,CE,0.0,0.0,0.0,36.5,1.45,0,0.0,0,0,18-APR-2022,
OPTSTK,SRF,28-Apr-2022,3080.0,CE,0.0,0.0,0.0,34.5,1.15,0,0.0,0,0,18-APR-2022,
OPTSTK,SRF,28-Apr-2022,3100.0,CE,3.05,4.45,2.45,3.3,3.3,270,3141.9,103875,-11250,18-APR-2022,
OPTSTK,SRF,28-Apr-2022,3120.0,CE,0.0,0.0,0.0,19.7,0.7,0,0.0,1125,0,18-APR-2022,
OPTSTK,SRF,28-Apr-2022,3140.0,CE,2.3,4.0,2.3,3.05,0.55,5,58.92,3000,-1125,18-APR-2022,
OPTSTK,SRF,28-Apr-2022,3150.0,CE,0.0,0.0,0.0,14.0,0.5,0,0.0,375,0,18-APR-2022,
OPTSTK,SRF,28-Apr-2022,3200.0,CE,2.5,2.75,1.55,1.8,1.8,151,1813.14,81750,-7875,18-APR-2022,
OPTSTK,SRF,28-Apr-2022,3250.0,CE,0.0,0.0,0.0,11.0,0.15,0,0.0,0,0,18-APR-2022,
OPTSTK,SRF,28-Apr-2022,1600.0,PE,0.0,0.0,0.0,6.3,0.0,0,0.0,0,0,18-APR-2022,
OPTSTK,SRF,28-Apr-2022,1620.0,PE,0.0,0.0,0.0,7.3,0.0,0,0.0,0,0,18-APR-2022,
OPTSTK,SRF,28-Apr-2022,1640.0,PE,0.0,0.0,0.0,8.4,0.0,0,0.0,0,0,18-APR-2022,
OPTSTK,SRF,28-Apr-2022,1650.0,PE,0.0,0.0,0.0,0.05,0.0,0,0.0,0,0,18-APR-2022,
OPTSTK,SRF,28-Apr-2022,1660.0,PE,0.0,0.0,0.0,9.6,0.0,0,0.0,0,0,18-APR-2022,
OPTSTK,SRF,28-Apr-2022,1680.0,PE,0.0,0.0,0.0,11.0,0.0,0,0.0,0,0,18-APR-2022,
OPTSTK,SRF,28-Apr-2022,1700.0,PE,0.0,0.0,0.0,12.5,0.0,0,0.0,0,0,18-APR-2022,
OPTSTK,SRF,28-Apr-2022,1720.0,PE,0.0,0.0,0.0,14.2,0.0,0,0.0,0,0,18-APR-2022,
OPTSTK,SRF,28-Apr-2022,1740.0,PE,0.0,0.0,0.0,16.05,0.0,0,0.0,0,0,18-APR-2022,
OPTSTK,SRF,28-Apr-2022,1750.0,PE,0.0,0.0,0.0,0.05,0.0,0,0.0,0,0,18-APR-2022,
OPTSTK,SRF,28-Apr-2022,1760.0,PE,0.0,0.0,0.0,18.05,0.0,0,0.0,0,0,18-APR-2022,
OPTSTK,SRF,28-Apr-2022,1780.0,PE,0.0,0.0,0.0,20.25,0.0,0,0.0,0,0,18-APR-2022,
OPTSTK,SRF,28-Apr-2022,1800.0,PE,0.0,0.0,0.0,22.65,0.0,0,0.0,0,0,18-APR-2022,
OPTSTK,SRF,28-Apr-2022,1820.0,PE,0.0,0.0,0.0,25.3,0.0,0,0.0,0,0,18-APR-2022,
OPTSTK,SRF,28-Apr-2022,1840.0,PE,0.0,0.0,0.0,28.1,0.0,0,0.0,0,0,18-APR-2022,
OPTSTK,SRF,28-Apr-2022,1850.0,PE,0.0,0.0,0.0,0.15,0.0,0,0.0,0,0,18-APR-2022,
OPTSTK,SRF,28-Apr-2022,1860.0,PE,0.0,0.0,0.0,31.15,0.0,0,0.0,0,0,18-APR-2022,
OPTSTK,SRF,28-Apr-2022,1880.0,PE,0.0,0.0,0.0,34.45,0.0,0,0.0,0,0,18-APR-2022,
OPTSTK,SRF,28-Apr-2022,1900.0,PE,0.0,0.0,0.0,38.0,0.0,0,0.0,0,0,18-APR-2022,
OPTSTK,SRF,28-Apr-2022,1920.0,PE,0.0,0.0,0.0,41.75,0.0,0,0.0,0,0,18-APR-2022,
OPTSTK,SRF,28-Apr-2022,1940.0,PE,0.0,0.0,0.0,45.8,0.0,0,0.0,0,0,18-APR-2022,
OPTSTK,SRF,28-Apr-2022,1950.0,PE,0.0,0.0,0.0,0.55,0.0,0,0.0,0,0,18-APR-2022,
OPTSTK,SRF,28-Apr-2022,1960.0,PE,0.0,0.0,0.0,50.1,0.0,0,0.0,0,0,18-APR-2022,
OPTSTK,SRF,28-Apr-2022,1980.0,PE,0.0,0.0,0.0,54.7,0.0,0,0.0,0,0,18-APR-2022,
OPTSTK,SRF,28-Apr-2022,2000.0,PE,0.0,0.0,0.0,2.05,0.05,0,0.0,3750,0,18-APR-2022,
OPTSTK,SRF,28-Apr-2022,2020.0,PE,0.0,0.0,0.0,64.75,0.05,0,0.0,0,0,18-APR-2022,
OPTSTK,SRF,28-Apr-2022,2040.0,PE,0.0,0.0,0.0,70.15,0.05,0,0.0,0,0,18-APR-2022,
OPTSTK,SRF,28-Apr-2022,2050.0,PE,0.0,0.0,0.0,1.75,0.05,0,0.0,0,0,18-APR-2022,
OPTSTK,SRF,28-Apr-2022,2060.0,PE,0.0,0.0,0.0,75.9,0.05,0,0.0,0,0,18-APR-2022,
OPTSTK,SRF,28-Apr-2022,2080.0,PE,0.0,0.0,0.0,81.9,0.05,0,0.0,0,0,18-APR-2022,
OPTSTK,SRF,28-Apr-2022,2100.0,PE,1.7,2.0,1.05,1.25,1.25,31,244.34,19125,10125,18-APR-2022,
OPTSTK,SRF,28-Apr-2022,2120.0,PE,0.0,0.0,0.0,94.8,0.15,0,0.0,0,0,18-APR-2022,
OPTSTK,SRF,28-Apr-2022,2140.0,PE,0.0,0.0,0.0,101.75,0.2,0,0.0,0,0,18-APR-2022,
OPTSTK,SRF,28-Apr-2022,2150.0,PE,0.0,0.0,0.0,4.8,0.25,0,0.0,0,0,18-APR-2022,
OPTSTK,SRF,28-Apr-2022,2160.0,PE,0.0,0.0,0.0,109.0,0.3,0,0.0,0,0,18-APR-2022,
OPTSTK,SRF,28-Apr-2022,2180.0,PE,0.0,0.0,0.0,116.6,0.45,0,0.0,0,0,18-APR-2022,
OPTSTK,SRF,28-Apr-2022,2200.0,PE,4.5,6.0,2.4,2.85,2.85,196,1620.04,61875,4500,18-APR-2022,
OPTSTK,SRF,28-Apr-2022,2220.0,PE,0.0,0.0,0.0,132.75,0.85,0,0.0,0,0,18-APR-2022,
OPTSTK,SRF,28-Apr-2022,2240.0,PE,0.0,0.0,0.0,141.3,1.2,0,0.0,0,0,18-APR-2022,
OPTSTK,SRF,28-Apr-2022,2250.0,PE,0.0,0.0,0.0,11.35,1.45,0,0.0,0,0,18-APR-2022,
OPTSTK,SRF,28-Apr-2022,2260.0,PE,0.0,0.0,0.0,18.0,1.65,0,0.0,750,0,18-APR-2022,
OPTSTK,SRF,28-Apr-2022,2280.0,PE,0.0,0.0,0.0,4.0,2.3,0,0.0,1875,0,18-APR-2022,
OPTSTK,SRF,28-Apr-2022,2300.0,PE,12.0,12.0,4.8,5.75,5.75,265,2294.16,85500,1500,18-APR-2022,
OPTSTK,SRF,28-Apr-2022,2320.0,PE,0.0,0.0,0.0,26.05,4.05,0,0.0,750,0,18-APR-2022,
OPTSTK,SRF,28-Apr-2022,2340.0,PE,0.0,0.0,0.0,188.65,5.35,0,0.0,0,0,18-APR-2022,
OPTSTK,SRF,28-Apr-2022,2350.0,PE,0.0,0.0,0.0,23.6,6.1,0,0.0,0,0,18-APR-2022,
OPTSTK,SRF,28-Apr-2022,2360.0,PE,0.0,0.0,0.0,19.9,6.9,0,0.0,2250,0,18-APR-2022,
OPTSTK,SRF,28-Apr-2022,2380.0,PE,0.0,0.0,0.0,209.8,8.85,0,0.0,0,0,18-APR-2022,
OPTSTK,SRF,28-Apr-2022,2400.0,PE,24.95,27.0,11.7,13.8,13.8,598,5424.75,99750,10125,18-APR-2022,
OPTSTK,SRF,28-Apr-2022,2420.0,PE,43.1,43.1,14.8,15.9,15.9,49,448.08,1500,-4875,18-APR-2022,
OPTSTK,SRF,28-Apr-2022,2440.0,PE,33.0,33.0,17.35,17.85,17.85,22,203.34,6000,-2250,18-APR-2022,
OPTSTK,SRF,28-Apr-2022,2450.0,PE,30.5,39.55,18.2,19.45,19.45,52,483.78,5625,-2250,18-APR-2022,
OPTSTK,SRF,28-Apr-2022,2460.0,PE,34.95,40.5,18.35,21.15,21.15,80,746.13,4500,-8250,18-APR-2022,
OPTSTK,SRF,28-Apr-2022,2480.0,PE,0.0,0.0,0.0,23.35,25.85,0,0.0,375,0,18-APR-2022,
OPTSTK,SRF,28-Apr-2022,2500.0,PE,39.0,60.0,24.45,28.85,28.85,986,9403.44,107250,-24000,18-APR-2022,
OPTSTK,SRF,28-Apr-2022,2520.0,PE,45.3,62.6,29.35,32.45,32.45,99,952.5,10500,5625,18-APR-2022,
OPTSTK,SRF,28-Apr-2022,2540.0,PE,71.35,72.0,32.0,36.75,36.75,106,1030.43,12750,4875,18-APR-2022,
OPTSTK,SRF,28-Apr-2022,2550.0,PE,70.0,76.7,45.2,45.4,45.4,50,490.32,9000,6000,18-APR-2022,
OPTSTK,SRF,28-Apr-2022,2560.0,PE,68.75,86.85,39.45,44.75,44.75,235,2312.34,20250,6375,18-APR-2022,
OPTSTK,SRF,28-Apr-2022,2580.0,PE,78.55,97.15,44.0,49.45,49.45,71,704.95,6375,1875,18-APR-2022,
OPTSTK,SRF,28-Apr-2022,2600.0,PE,79.75,111.4,50.0,58.65,58.65,474,4764.24,155250,-11250,18-APR-2022,
OPTSTK,SRF,28-Apr-2022,2620.0,PE,80.0,119.7,58.1,67.0,67.0,15,152.86,8250,375,18-APR-2022,
OPTSTK,SRF,28-Apr-2022,2640.0,PE,92.0,138.0,80.0,80.0,89.25,14,144.61,11625,-1500,18-APR-2022,
OPTSTK,SRF,28-Apr-2022,2650.0,PE,101.7,129.6,101.7,123.9,94.9,6,62.38,3750,-750,18-APR-2022,
OPTSTK,SRF,28-Apr-2022,2660.0,PE,140.0,141.85,118.1,118.1,100.8,13,136.36,18375,-2250,18-APR-2022,
OPTSTK,SRF,28-Apr-2022,2680.0,PE,165.0,165.0,145.0,145.0,113.1,3,31.85,6375,750,18-APR-2022,
OPTSTK,SRF,28-Apr-2022,2700.0,PE,135.0,178.15,105.55,116.95,116.95,69,733.44,66750,-10125,18-APR-2022,
OPTSTK,SRF,28-Apr-2022,2720.0,PE,198.9,198.9,173.4,178.45,140.0,6,65.27,11625,0,18-APR-2022,
OPTSTK,SRF,28-Apr-2022,2740.0,PE,205.0,205.0,154.55,154.55,154.45,3,32.89,9750,-750,18-APR-2022,
OPTSTK,SRF,28-Apr-2022,2750.0,PE,185.3,202.2,185.3,202.2,162.05,3,33.14,3375,0,18-APR-2022,
OPTSTK,SRF,28-Apr-2022,2760.0,PE,184.2,237.8,184.2,215.25,169.6,11,122.64,9000,-1500,18-APR-2022,
OPTSTK,SRF,28-Apr-2022,2780.0,PE,0.0,0.0,0.0,200.05,185.25,0,0.0,375,0,18-APR-2022,
OPTSTK,SRF,28-Apr-2022,2800.0,PE,205.0,205.0,181.35,181.35,201.5,5,56.25,10500,-750,18-APR-2022,
OPTSTK,SRF,28-Apr-2022,2820.0,PE,0.0,0.0,0.0,511.75,218.2,0,0.0,0,0,18-APR-2022,
OPTSTK,SRF,28-Apr-2022,2840.0,PE,0.0,0.0,0.0,527.95,235.4,0,0.0,0,0,18-APR-2022,
OPTSTK,SRF,28-Apr-2022,2850.0,PE,0.0,0.0,0.0,234.85,244.1,0,0.0,0,0,18-APR-2022,
OPTSTK,SRF,28-Apr-2022,2860.0,PE,0.0,0.0,0.0,544.3,252.95,0,0.0,0,0,18-APR-2022,
OPTSTK,SRF,28-Apr-2022,2880.0,PE,0.0,0.0,0.0,560.8,270.85,0,0.0,0,0,18-APR-2022,
OPTSTK,SRF,28-Apr-2022,2900.0,PE,0.0,0.0,0.0,278.35,289.1,0,0.0,2625,0,18-APR-2022,
OPTSTK,SRF,28-Apr-2022,2920.0,PE,0.0,0.0,0.0,594.25,307.6,0,0.0,0,0,18-APR-2022,
OPTSTK,SRF,28-Apr-2022,2940.0,PE,0.0,0.0,0.0,611.2,326.35,0,0.0,0,0,18-APR-2022,
OPTSTK,SRF,28-Apr-2022,2950.0,PE,0.0,0.0,0.0,309.25,335.8,0,0.0,0,0,18-APR-2022,
OPTSTK,SRF,28-Apr-2022,2960.0,PE,0.0,0.0,0.0,628.3,345.3,0,0.0,0,0,18-APR-2022,
OPTSTK,SRF,28-Apr-2022,2980.0,PE,0.0,0.0,0.0,645.5,364.45,0,0.0,0,0,18-APR-2022,
OPTSTK,SRF,28-Apr-2022,3000.0,PE,0.0,0.0,0.0,662.85,383.7,0,0.0,0,0,18-APR-2022,
OPTSTK,SRF,28-Apr-2022,3020.0,PE,0.0,0.0,0.0,680.3,403.15,0,0.0,0,0,18-APR-2022,
OPTSTK,SRF,28-Apr-2022,3040.0,PE,0.0,0.0,0.0,697.9,422.65,0,0.0,0,0,18-APR-2022,
OPTSTK,SRF,28-Apr-2022,3050.0,PE,0.0,0.0,0.0,391.35,432.45,0,0.0,0,0,18-APR-2022,
OPTSTK,SRF,28-Apr-2022,3060.0,PE,0.0,0.0,0.0,715.55,442.25,0,0.0,0,0,18-APR-2022,
OPTSTK,SRF,28-Apr-2022,3080.0,PE,0.0,0.0,0.0,733.35,461.9,0,0.0,0,0,18-APR-2022,
OPTSTK,SRF,28-Apr-2022,3100.0,PE,0.0,0.0,0.0,751.25,481.65,0,0.0,0,0,18-APR-2022,
OPTSTK,SRF,28-Apr-2022,3120.0,PE,0.0,0.0,0.0,769.25,501.45,0,0.0,0,0,18-APR-2022,
OPTSTK,SRF,28-Apr-2022,3140.0,PE,0.0,0.0,0.0,787.3,521.25,0,0.0,0,0,18-APR-2022,
OPTSTK,SRF,28-Apr-2022,3150.0,PE,0.0,0.0,0.0,479.25,531.2,0,0.0,0,0,18-APR-2022,
OPTSTK,SRF,28-Apr-2022,3200.0,PE,0.0,0.0,0.0,795.15,580.9,0,0.0,0,0,18-APR-2022,
OPTSTK,SRF,28-Apr-2022,3250.0,PE,0.0,0.0,0.0,571.4,630.75,0,0.0,0,0,18-APR-2022,
OPTSTK,SRF,26-May-2022,1600.0,CE,0.0,0.0,0.0,697.35,1022.85,0,0.0,0,0,18-APR-2022,
OPTSTK,SRF,26-May-2022,1620.0,CE,0.0,0.0,0.0,678.9,1002.95,0,0.0,0,0,18-APR-2022,
OPTSTK,SRF,26-May-2022,1640.0,CE,0.0,0.0,0.0,660.65,983.05,0,0.0,0,0,18-APR-2022,
OPTSTK,SRF,26-May-2022,1650.0,CE,0.0,0.0,0.0,982.4,973.1,0,0.0,0,0,18-APR-2022,
OPTSTK,SRF,26-May-2022,1660.0,CE,0.0,0.0,0.0,642.5,963.15,0,0.0,0,0,18-APR-2022,
OPTSTK,SRF,26-May-2022,1680.0,CE,0.0,0.0,0.0,624.6,943.3,0,0.0,0,0,18-APR-2022,
OPTSTK,SRF,26-May-2022,1700.0,CE,0.0,0.0,0.0,606.8,923.4,0,0.0,0,0,18-APR-2022,
OPTSTK,SRF,26-May-2022,1720.0,CE,0.0,0.0,0.0,589.25,903.5,0,0.0,0,0,18-APR-2022,
OPTSTK,SRF,26-May-2022,1740.0,CE,0.0,0.0,0.0,571.9,883.65,0,0.0,0,0,18-APR-2022,
OPTSTK,SRF,26-May-2022,1750.0,CE,0.0,0.0,0.0,941.75,873.75,0,0.0,0,0,18-APR-2022,
OPTSTK,SRF,26-May-2022,1760.0,CE,0.0,0.0,0.0,554.75,863.8,0,0.0,0,0,18-APR-2022,
OPTSTK,SRF,26-May-2022,1780.0,CE,0.0,0.0,0.0,537.8,844.0,0,0.0,0,0,18-APR-2022,
OPTSTK,SRF,26-May-2022,1800.0,CE,0.0,0.0,0.0,521.1,824.2,0,0.0,0,0,18-APR-2022,
OPTSTK,SRF,26-May-2022,1820.0,CE,0.0,0.0,0.0,504.65,804.4,0,0.0,0,0,18-APR-2022,
OPTSTK,SRF,26-May-2022,1840.0,CE,0.0,0.0,0.0,488.45,784.65,0,0.0,0,0,18-APR-2022,
OPTSTK,SRF,26-May-2022,1850.0,CE,0.0,0.0,0.0,843.9,774.8,0,0.0,0,0,18-APR-2022,
OPTSTK,SRF,26-May-2022,1860.0,CE,0.0,0.0,0.0,472.5,764.9,0,0.0,0,0,18-APR-2022,
OPTSTK,SRF,26-May-2022,1880.0,CE,0.0,0.0,0.0,456.85,745.25,0,0.0,0,0,18-APR-2022,
OPTSTK,SRF,26-May-2022,1900.0,CE,0.0,0.0,0.0,441.45,725.6,0,0.0,0,0,18-APR-2022,
OPTSTK,SRF,26-May-2022,1920.0,CE,0.0,0.0,0.0,426.35,706.05,0,0.0,0,0,18-APR-2022,
OPTSTK,SRF,26-May-2022,1940.0,CE,0.0,0.0,0.0,411.6,686.55,0,0.0,0,0,18-APR-2022,
OPTSTK,SRF,26-May-2022,1950.0,CE,0.0,0.0,0.0,747.7,676.8,0,0.0,0,0,18-APR-2022,
OPTSTK,SRF,26-May-2022,1960.0,CE,0.0,0.0,0.0,397.05,667.1,0,0.0,0,0,18-APR-2022,
OPTSTK,SRF,26-May-2022,1980.0,CE,0.0,0.0,0.0,382.85,647.75,0,0.0,0,0,18-APR-2022,
OPTSTK,SRF,26-May-2022,2000.0,CE,0.0,0.0,0.0,368.9,628.5,0,0.0,0,0,18-APR-2022,
OPTSTK,SRF,26-May-2022,2020.0,CE,0.0,0.0,0.0,355.3,609.35,0,0.0,0,0,18-APR-2022,
OPTSTK,SRF,26-May-2022,2040.0,CE,0.0,0.0,0.0,341.9,590.35,0,0.0,0,0,18-APR-2022,
OPTSTK,SRF,26-May-2022,2050.0,CE,0.0,0.0,0.0,654.1,580.9,0,0.0,0,0,18-APR-2022,
OPTSTK,SRF,26-May-2022,2060.0,CE,0.0,0.0,0.0,328.95,571.45,0,0.0,0,0,18-APR-2022,
OPTSTK,SRF,26-May-2022,2080.0,CE,0.0,0.0,0.0,316.3,552.7,0,0.0,0,0,18-APR-2022,
OPTSTK,SRF,26-May-2022,2100.0,CE,0.0,0.0,0.0,304.0,534.15,0,0.0,0,0,18-APR-2022,
OPTSTK,SRF,26-May-2022,2120.0,CE,0.0,0.0,0.0,292.0,515.75,0,0.0,0,0,18-APR-2022,
OPTSTK,SRF,26-May-2022,2140.0,CE,0.0,0.0,0.0,280.35,497.55,0,0.0,0,0,18-APR-2022,
OPTSTK,SRF,26-May-2022,2150.0,CE,0.0,0.0,0.0,564.35,488.5,0,0.0,0,0,18-APR-2022,
OPTSTK,SRF,26-May-2022,2160.0,CE,0.0,0.0,0.0,269.0,479.55,0,0.0,0,0,18-APR-2022,
OPTSTK,SRF,26-May-2022,2180.0,CE,0.0,0.0,0.0,258.0,461.75,0,0.0,0,0,18-APR-2022,
OPTSTK,SRF,26-May-2022,2200.0,CE,0.0,0.0,0.0,247.3,444.2,0,0.0,0,0,18-APR-2022,
OPTSTK,SRF,26-May-2022,2220.0,CE,0.0,0.0,0.0,236.95,426.95,0,0.0,0,0,18-APR-2022,
OPTSTK,SRF,26-May-2022,2240.0,CE,0.0,0.0,0.0,226.85,409.95,0,0.0,0,0,18-APR-2022,
OPTSTK,SRF,26-May-2022,2250.0,CE,0.0,0.0,0.0,479.7,401.55,0,0.0,0,0,18-APR-2022,
OPTSTK,SRF,26-May-2022,2260.0,CE,0.0,0.0,0.0,217.15,393.2,0,0.0,0,0,18-APR-2022,
OPTSTK,SRF,26-May-2022,2280.0,CE,0.0,0.0,0.0,207.7,376.8,0,0.0,0,0,18-APR-2022,
OPTSTK,SRF,26-May-2022,2300.0,CE,0.0,0.0,0.0,198.6,360.7,0,0.0,0,0,18-APR-2022,
OPTSTK,SRF,26-May-2022,2320.0,CE,0.0,0.0,0.0,189.8,344.95,0,0.0,0,0,18-APR-2022,
OPTSTK,SRF,26-May-2022,2340.0,CE,0.0,0.0,0.0,181.35,329.5,0,0.0,0,0,18-APR-2022,
OPTSTK,SRF,26-May-2022,2350.0,CE,0.0,0.0,0.0,401.45,321.95,0,0.0,0,0,18-APR-2022,
OPTSTK,SRF,26-May-2022,2360.0,CE,0.0,0.0,0.0,173.15,314.45,0,0.0,0,0,18-APR-2022,
OPTSTK,SRF,26-May-2022,2380.0,CE,0.0,0.0,0.0,165.25,299.85,0,0.0,0,0,18-APR-2022,
OPTSTK,SRF,26-May-2022,2400.0,CE,0.0,0.0,0.0,157.6,285.5,0,0.0,0,0,18-APR-2022,
OPTSTK,SRF,26-May-2022,2420.0,CE,0.0,0.0,0.0,150.3,271.45,0,0.0,0,0,18-APR-2022,
OPTSTK,SRF,26-May-2022,2440.0,CE,0.0,0.0,0.0,143.2,257.95,0,0.0,0,0,18-APR-2022,
OPTSTK,SRF,26-May-2022,2450.0,CE,0.0,0.0,0.0,330.6,251.35,0,0.0,0,0,18-APR-2022,
OPTSTK,SRF,26-May-2022,2460.0,CE,0.0,0.0,0.0,136.45,244.85,0,0.0,0,0,18-APR-2022,
OPTSTK,SRF,26-May-2022,2480.0,CE,0.0,0.0,0.0,129.9,232.15,0,0.0,0,0,18-APR-2022,
OPTSTK,SRF,26-May-2022,2500.0,CE,0.0,0.0,0.0,123.65,219.85,0,0.0,0,0,18-APR-2022,
OPTSTK,SRF,26-May-2022,2520.0,CE,0.0,0.0,0.0,117.65,208.0,0,0.0,0,0,18-APR-2022,
OPTSTK,SRF,26-May-2022,2540.0,CE,0.0,0.0,0.0,111.85,196.6,0,0.0,0,0,18-APR-2022,
OPTSTK,SRF,26-May-2022,2550.0,CE,0.0,0.0,0.0,267.95,191.05,0,0.0,0,0,18-APR-2022,
OPTSTK,SRF,26-May-2022,2560.0,CE,0.0,0.0,0.0,106.35,185.6,0,0.0,0,0,18-APR-2022,
OPTSTK,SRF,26-May-2022,2580.0,CE,0.0,0.0,0.0,101.05,175.0,0,0.0,0,0,18-APR-2022,
OPTSTK,SRF,26-May-2022,2600.0,CE,121.0,121.0,121.0,121.0,164.8,1,10.2,375,375,18-APR-2022,
OPTSTK,SRF,26-May-2022,2620.0,CE,0.0,0.0,0.0,91.25,155.1,0,0.0,0,0,18-APR-2022,
OPTSTK,SRF,26-May-2022,2640.0,CE,0.0,0.0,0.0,86.6,145.75,0,0.0,0,0,18-APR-2022,
OPTSTK,SRF,26-May-2022,2650.0,CE,0.0,0.0,0.0,213.75,141.25,0,0.0,0,0,18-APR-2022,
OPTSTK,SRF,26-May-2022,2660.0,CE,0.0,0.0,0.0,82.2,136.85,0,0.0,0,0,18-APR-2022,
OPTSTK,SRF,26-May-2022,2680.0,CE,0.0,0.0,0.0,78.0,128.35,0,0.0,0,0,18-APR-2022,
OPTSTK,SRF,26-May-2022,2700.0,CE,104.65,110.95,65.85,110.95,110.95,6,62.84,1875,1125,18-APR-2022,
OPTSTK,SRF,26-May-2022,2720.0,CE,0.0,0.0,0.0,70.1,112.5,0,0.0,0,0,18-APR-2022,
OPTSTK,SRF,26-May-2022,2740.0,CE,0.0,0.0,0.0,66.35,105.2,0,0.0,0,0,18-APR-2022,
OPTSTK,SRF,26-May-2022,2750.0,CE,0.0,0.0,0.0,167.85,101.65,0,0.0,0,0,18-APR-2022,
OPTSTK,SRF,26-May-2022,2760.0,CE,0.0,0.0,0.0,62.8,98.2,0,0.0,0,0,18-APR-2022,
OPTSTK,SRF,26-May-2022,2780.0,CE,0.0,0.0,0.0,59.5,91.6,0,0.0,0,0,18-APR-2022,
OPTSTK,SRF,26-May-2022,2800.0,CE,0.0,0.0,0.0,115.0,85.4,0,0.0,375,0,18-APR-2022,
OPTSTK,SRF,26-May-2022,2820.0,CE,0.0,0.0,0.0,53.25,79.45,0,0.0,0,0,18-APR-2022,
OPTSTK,SRF,26-May-2022,2840.0,CE,0.0,0.0,0.0,50.35,73.9,0,0.0,0,0,18-APR-2022,
OPTSTK,SRF,26-May-2022,2850.0,CE,0.0,0.0,0.0,129.8,71.25,0,0.0,0,0,18-APR-2022,
OPTSTK,SRF,26-May-2022,2860.0,CE,0.0,0.0,0.0,47.65,68.65,0,0.0,0,0,18-APR-2022,
OPTSTK,SRF,26-May-2022,2880.0,CE,0.0,0.0,0.0,45.0,63.85,0,0.0,0,0,18-APR-2022,
OPTSTK,SRF,26-May-2022,2900.0,CE,0.0,0.0,0.0,88.9,59.25,0,0.0,750,0,18-APR-2022,
OPTSTK,SRF,26-May-2022,2920.0,CE,0.0,0.0,0.0,40.2,54.9,0,0.0,0,0,18-APR-2022,
OPTSTK,SRF,26-May-2022,2940.0,CE,0.0,0.0,0.0,37.95,50.7,0,0.0,0,0,18-APR-2022,
OPTSTK,SRF,26-May-2022,2950.0,CE,0.0,0.0,0.0,98.95,48.75,0,0.0,0,0,18-APR-2022,
OPTSTK,SRF,26-May-2022,2960.0,CE,0.0,0.0,0.0,35.8,46.85,0,0.0,0,0,18-APR-2022,
OPTSTK,SRF,26-May-2022,2980.0,CE,0.0,0.0,0.0,33.8,43.3,0,0.0,0,0,18-APR-2022,
OPTSTK,SRF,26-May-2022,3000.0,CE,0.0,0.0,0.0,31.9,39.95,0,0.0,0,0,18-APR-2022,
OPTSTK,SRF,26-May-2022,3020.0,CE,0.0,0.0,0.0,30.1,36.8,0,0.0,0,0,18-APR-2022,
OPTSTK,SRF,26-May-2022,3040.0,CE,0.0,0.0,0.0,28.35,33.9,0,0.0,0,0,18-APR-2022,
OPTSTK,SRF,26-May-2022,3050.0,CE,0.0,0.0,0.0,74.55,32.55,0,0.0,0,0,18-APR-2022,
OPTSTK,SRF,26-May-2022,3060.0,CE,0.0,0.0,0.0,26.75,31.2,0,0.0,0,0,18-APR-2022,
OPTSTK,SRF,26-May-2022,3080.0,CE,0.0,0.0,0.0,25.2,28.7,0,0.0,0,0,18-APR-2022,
OPTSTK,SRF,26-May-2022,3100.0,CE,0.0,0.0,0.0,43.95,26.35,0,0.0,0,0,18-APR-2022,
OPTSTK,SRF,26-May-2022,3150.0,CE,0.0,0.0,0.0,55.3,21.2,0,0.0,0,0,18-APR-2022,
OPTSTK,SRF,26-May-2022,3200.0,CE,0.0,0.0,0.0,15.0,17.0,0,0.0,375,0,18-APR-2022,
OPTSTK,SRF,26-May-2022,3250.0,CE,0.0,0.0,0.0,40.55,13.55,0,0.0,0,0,18-APR-2022,
OPTSTK,SRF,26-May-2022,1600.0,PE,0.0,0.0,0.0,9.2,0.05,0,0.0,0,0,18-APR-2022,
OPTSTK,SRF,26-May-2022,1620.0,PE,0.0,0.0,0.0,10.55,0.05,0,0.0,0,0,18-APR-2022,
OPTSTK,SRF,26-May-2022,1640.0,PE,0.0,0.0,0.0,12.1,0.05,0,0.0,0,0,18-APR-2022,
OPTSTK,SRF,26-May-2022,1650.0,PE,0.0,0.0,0.0,0.4,0.1,0,0.0,0,0,18-APR-2022,
OPTSTK,SRF,26-May-2022,1660.0,PE,0.0,0.0,0.0,13.75,0.1,0,0.0,0,0,18-APR-2022,
OPTSTK,SRF,26-May-2022,1680.0,PE,0.0,0.0,0.0,15.6,0.1,0,0.0,0,0,18-APR-2022,
OPTSTK,SRF,26-May-2022,1700.0,PE,0.0,0.0,0.0,17.65,0.15,0,0.0,0,0,18-APR-2022,
OPTSTK,SRF,26-May-2022,1720.0,PE,0.0,0.0,0.0,19.85,0.2,0,0.0,0,0,18-APR-2022,
OPTSTK,SRF,26-May-2022,1740.0,PE,0.0,0.0,0.0,22.3,0.25,0,0.0,0,0,18-APR-2022,
OPTSTK,SRF,26-May-2022,1750.0,PE,0.0,0.0,0.0,1.05,0.25,0,0.0,0,0,18-APR-2022,
OPTSTK,SRF,26-May-2022,1760.0,PE,0.0,0.0,0.0,24.9,0.3,0,0.0,0,0,18-APR-2022,
OPTSTK,SRF,26-May-2022,1780.0,PE,0.0,0.0,0.0,27.8,0.4,0,0.0,0,0,18-APR-2022,
OPTSTK,SRF,26-May-2022,1800.0,PE,0.0,0.0,0.0,30.9,0.5,0,0.0,0,0,18-APR-2022,
OPTSTK,SRF,26-May-2022,1820.0,PE,0.0,0.0,0.0,34.2,0.6,0,0.0,0,0,18-APR-2022,
OPTSTK,SRF,26-May-2022,1840.0,PE,0.0,0.0,0.0,37.8,0.75,0,0.0,0,0,18-APR-2022,
OPTSTK,SRF,26-May-2022,1850.0,PE,0.0,0.0,0.0,2.55,0.85,0,0.0,0,0,18-APR-2022,
OPTSTK,SRF,26-May-2022,1860.0,PE,0.0,0.0,0.0,41.65,0.95,0,0.0,0,0,18-APR-2022,
OPTSTK,SRF,26-May-2022,1880.0,PE,0.0,0.0,0.0,45.8,1.2,0,0.0,0,0,18-APR-2022,
OPTSTK,SRF,26-May-2022,1900.0,PE,0.0,0.0,0.0,50.2,1.5,0,0.0,0,0,18-APR-2022,
OPTSTK,SRF,26-May-2022,1920.0,PE,0.0,0.0,0.0,54.85,1.8,0,0.0,0,0,18-APR-2022,
OPTSTK,SRF,26-May-2022,1940.0,PE,0.0,0.0,0.0,59.9,2.2,0,0.0,0,0,18-APR-2022,
OPTSTK,SRF,26-May-2022,1950.0,PE,0.0,0.0,0.0,5.7,2.45,0,0.0,0,0,18-APR-2022,
OPTSTK,SRF,26-May-2022,1960.0,PE,0.0,0.0,0.0,65.15,2.7,0,0.0,0,0,18-APR-2022,
OPTSTK,SRF,26-May-2022,1980.0,PE,0.0,0.0,0.0,70.7,3.25,0,0.0,0,0,18-APR-2022,
OPTSTK,SRF,26-May-2022,2000.0,PE,0.0,0.0,0.0,76.6,3.95,0,0.0,0,0,18-APR-2022,
OPTSTK,SRF,26-May-2022,2020.0,PE,0.0,0.0,0.0,82.75,4.7,0,0.0,0,0,18-APR-2022,
OPTSTK,SRF,26-May-2022,2040.0,PE,0.0,0.0,0.0,89.15,5.6,0,0.0,0,0,18-APR-2022,
OPTSTK,SRF,26-May-2022,2050.0,PE,0.0,0.0,0.0,11.45,6.1,0,0.0,0,0,18-APR-2022,
OPTSTK,SRF,26-May-2022,2060.0,PE,0.0,0.0,0.0,96.0,6.6,0,0.0,0,0,18-APR-2022,
OPTSTK,SRF,26-May-2022,2080.0,PE,0.0,0.0,0.0,103.15,7.8,0,0.0,0,0,18-APR-2022,
OPTSTK,SRF,26-May-2022,2100.0,PE,0.0,0.0,0.0,110.6,9.1,0,0.0,0,0,18-APR-2022,
OPTSTK,SRF,26-May-2022,2120.0,PE,0.0,0.0,0.0,118.4,10.65,0,0.0,0,0,18-APR-2022,
OPTSTK,SRF,26-May-2022,2140.0,PE,0.0,0.0,0.0,126.55,12.35,0,0.0,0,0,18-APR-2022,
OPTSTK,SRF,26-May-2022,2150.0,PE,0.0,0.0,0.0,21.05,13.25,0,0.0,0,0,18-APR-2022,
OPTSTK,SRF,26-May-2022,2160.0,PE,0.0,0.0,0.0,135.0,14.25,0,0.0,0,0,18-APR-2022,
OPTSTK,SRF,26-May-2022,2180.0,PE,0.0,0.0,0.0,143.75,16.4,0,0.0,0,0,18-APR-2022,
OPTSTK,SRF,26-May-2022,2200.0,PE,0.0,0.0,0.0,152.85,18.75,0,0.0,0,0,18-APR-2022,
OPTSTK,SRF,26-May-2022,2220.0,PE,0.0,0.0,0.0,162.3,21.4,0,0.0,0,0,18-APR-2022,
OPTSTK,SRF,26-May-2022,2240.0,PE,0.0,0.0,0.0,172.05,24.3,0,0.0,0,0,18-APR-2022,
OPTSTK,SRF,26-May-2022,2250.0,PE,0.0,0.0,0.0,35.75,25.85,0,0.0,0,0,18-APR-2022,
OPTSTK,SRF,26-May-2022,2260.0,PE,0.0,0.0,0.0,182.1,27.5,0,0.0,0,0,18-APR-2022,
OPTSTK,SRF,26-May-2022,2280.0,PE,0.0,0.0,0.0,192.45,31.0,0,0.0,0,0,18-APR-2022,
OPTSTK,SRF,26-May-2022,2300.0,PE,0.0,0.0,0.0,203.15,34.8,0,0.0,0,0,18-APR-2022,
OPTSTK,SRF,26-May-2022,2320.0,PE,0.0,0.0,0.0,214.15,38.95,0,0.0,0,0,18-APR-2022,
OPTSTK,SRF,26-May-2022,2340.0,PE,0.0,0.0,0.0,225.45,43.45,0,0.0,0,0,18-APR-2022,
OPTSTK,SRF,26-May-2022,2350.0,PE,0.0,0.0,0.0,56.9,45.8,0,0.0,0,0,18-APR-2022,
OPTSTK,SRF,26-May-2022,2360.0,PE,0.0,0.0,0.0,237.05,48.3,0,0.0,0,0,18-APR-2022,
OPTSTK,SRF,26-May-2022,2380.0,PE,0.0,0.0,0.0,248.9,53.6,0,0.0,0,0,18-APR-2022,
OPTSTK,SRF,26-May-2022,2400.0,PE,60.0,60.0,47.6,48.1,59.15,3,27.58,3750,750,18-APR-2022,
OPTSTK,SRF,26-May-2022,2420.0,PE,0.0,0.0,0.0,273.55,65.05,0,0.0,0,0,18-APR-2022,
OPTSTK,SRF,26-May-2022,2440.0,PE,0.0,0.0,0.0,286.3,71.45,0,0.0,0,0,18-APR-2022,
OPTSTK,SRF,26-May-2022,2450.0,PE,0.0,0.0,0.0,85.35,74.8,0,0.0,0,0,18-APR-2022,
OPTSTK,SRF,26-May-2022,2460.0,PE,0.0,0.0,0.0,299.3,78.25,0,0.0,0,0,18-APR-2022,
OPTSTK,SRF,26-May-2022,2480.0,PE,0.0,0.0,0.0,312.55,85.45,0,0.0,0,0,18-APR-2022,
OPTSTK,SRF,26-May-2022,2500.0,PE,0.0,0.0,0.0,326.1,93.1,0,0.0,0,0,18-APR-2022,
OPTSTK,SRF,26-May-2022,2520.0,PE,0.0,0.0,0.0,339.85,101.15,0,0.0,0,0,18-APR-2022,
OPTSTK,SRF,26-May-2022,2540.0,PE,0.0,0.0,0.0,353.9,109.6,0,0.0,0,0,18-APR-2022,
OPTSTK,SRF,26-May-2022,2550.0,PE,0.0,0.0,0.0,122.05,114.0,0,0.0,0,0,18-APR-2022,
OPTSTK,SRF,26-May-2022,2560.0,PE,0.0,0.0,0.0,368.15,118.5,0,0.0,0,0,18-APR-2022,
OPTSTK,SRF,26-May-2022,2580.0,PE,0.0,0.0,0.0,382.65,127.85,0,0.0,0,0,18-APR-2022,
OPTSTK,SRF,26-May-2022,2600.0,PE,122.5,122.5,122.5,122.5,137.6,1,10.2,3000,0,18-APR-2022,
OPTSTK,SRF,26-May-2022,2620.0,PE,0.0,0.0,0.0,412.45,147.75,0,0.0,0,0,18-APR-2022,
OPTSTK,SRF,26-May-2022,2640.0,PE,0.0,0.0,0.0,427.6,158.35,0,0.0,0,0,18-APR-2022,
OPTSTK,SRF,26-May-2022,2650.0,PE,0.0,0.0,0.0,167.2,163.8,0,0.0,0,0,18-APR-2022,
OPTSTK,SRF,26-May-2022,2660.0,PE,0.0,0.0,0.0,442.95,169.35,0,0.0,0,0,18-APR-2022,
OPTSTK,SRF,26-May-2022,2680.0,PE,0.0,0.0,0.0,458.55,180.75,0,0.0,0,0,18-APR-2022,
OPTSTK,SRF,26-May-2022,2700.0,PE,196.3,196.3,196.3,196.3,192.55,1,10.86,375,375,18-APR-2022,
OPTSTK,SRF,26-May-2022,2720.0,PE,0.0,0.0,0.0,490.25,204.75,0,0.0,0,0,18-APR-2022,
OPTSTK,SRF,26-May-2022,2740.0,PE,0.0,0.0,0.0,506.25,217.35,0,0.0,0,0,18-APR-2022,
OPTSTK,SRF,26-May-2022,2750.0,PE,0.0,0.0,0.0,220.65,223.75,0,0.0,0,0,18-APR-2022,
OPTSTK,SRF,26-May-2022,2760.0,PE,0.0,0.0,0.0,522.55,230.3,0,0.0,0,0,18-APR-2022,
OPTSTK,SRF,26-May-2022,2780.0,PE,0.0,0.0,0.0,539.0,243.6,0,0.0,0,0,18-APR-2022,
OPTSTK,SRF,26-May-2022,2800.0,PE,0.0,0.0,0.0,555.6,257.25,0,0.0,0,0,18-APR-2022,
OPTSTK,SRF,26-May-2022,2820.0,PE,0.0,0.0,0.0,572.35,271.25,0,0.0,0,0,18-APR-2022,
OPTSTK,SRF,26-May-2022,2840.0,PE,0.0,0.0,0.0,589.25,285.6,0,0.0,0,0,18-APR-2022,
OPTSTK,SRF,26-May-2022,2850.0,PE,0.0,0.0,0.0,282.0,292.9,0,0.0,0,0,18-APR-2022,
OPTSTK,SRF,26-May-2022,2860.0,PE,0.0,0.0,0.0,606.3,300.3,0,0.0,0,0,18-APR-2022,
OPTSTK,SRF,26-May-2022,2880.0,PE,0.0,0.0,0.0,623.5,315.4,0,0.0,0,0,18-APR-2022,
OPTSTK,SRF,26-May-2022,2900.0,PE,0.0,0.0,0.0,640.8,330.65,0,0.0,0,0,18-APR-2022,
OPTSTK,SRF,26-May-2022,2920.0,PE,0.0,0.0,0.0,658.2,346.25,0,0.0,0,0,18-APR-2022,
OPTSTK,SRF,26-May-2022,2940.0,PE,0.0,0.0,0.0,675.75,361.95,0,0.0,0,0,18-APR-2022,
OPTSTK,SRF,26-May-2022,2950.0,PE,0.0,0.0,0.0,350.5,370.0,0,0.0,0,0,18-APR-2022,
OPTSTK,SRF,26-May-2022,2960.0,PE,0.0,0.0,0.0,693.45,378.05,0,0.0,0,0,18-APR-2022,
OPTSTK,SRF,26-May-2022,2980.0,PE,0.0,0.0,0.0,711.2,394.4,0,0.0,0,0,18-APR-2022,
OPTSTK,SRF,26-May-2022,3000.0,PE,0.0,0.0,0.0,729.1,410.95,0,0.0,0,0,18-APR-2022,
OPTSTK,SRF,26-May-2022,3020.0,PE,0.0,0.0,0.0,747.1,427.75,0,0.0,0,0,18-APR-2022,
OPTSTK,SRF,26-May-2022,3040.0,PE,0.0,0.0,0.0,765.15,444.75,0,0.0,0,0,18-APR-2022,
OPTSTK,SRF,26-May-2022,3050.0,PE,0.0,0.0,0.0,425.45,453.3,0,0.0,0,0,18-APR-2022,
OPTSTK,SRF,26-May-2022,3060.0,PE,0.0,0.0,0.0,783.3,461.95,0,0.0,0,0,18-APR-2022,
OPTSTK,SRF,26-May-2022,3080.0,PE,0.0,0.0,0.0,801.55,479.35,0,0.0,0,0,18-APR-2022,
OPTSTK,SRF,26-May-2022,3100.0,PE,0.0,0.0,0.0,687.65,496.9,0,0.0,0,0,18-APR-2022,
OPTSTK,SRF,26-May-2022,3150.0,PE,0.0,0.0,0.0,505.5,541.55,0,0.0,0,0,18-APR-2022,
OPTSTK,SRF,26-May-2022,3200.0,PE,0.0,0.0,0.0,776.2,587.1,0,0.0,0,0,18-APR-2022,
OPTSTK,SRF,26-May-2022,3250.0,PE,0.0,0.0,0.0,590.15,633.45,0,0.0,0,0,18-APR-2022,
OPTSTK,SRF,30-Jun-2022,1700.0,CE,0.0,0.0,0.0,1000.95,932.35,0,0.0,0,0,18-APR-2022,
OPTSTK,SRF,30-Jun-2022,1750.0,CE,0.0,0.0,0.0,953.05,883.9,0,0.0,0,0,18-APR-2022,
OPTSTK,SRF,30-Jun-2022,1800.0,CE,0.0,0.0,0.0,905.65,835.85,0,0.0,0,0,18-APR-2022,
OPTSTK,SRF,30-Jun-2022,1850.0,CE,0.0,0.0,0.0,858.8,788.4,0,0.0,0,0,18-APR-2022,
OPTSTK,SRF,30-Jun-2022,1900.0,CE,0.0,0.0,0.0,812.7,741.6,0,0.0,0,0,18-APR-2022,
OPTSTK,SRF,30-Jun-2022,1950.0,CE,0.0,0.0,0.0,767.35,695.55,0,0.0,0,0,18-APR-2022,
OPTSTK,SRF,30-Jun-2022,2000.0,CE,0.0,0.0,0.0,723.0,650.5,0,0.0,0,0,18-APR-2022,
OPTSTK,SRF,30-Jun-2022,2050.0,CE,0.0,0.0,0.0,679.65,606.55,0,0.0,0,0,18-APR-2022,
OPTSTK,SRF,30-Jun-2022,2100.0,CE,0.0,0.0,0.0,637.4,563.8,0,0.0,0,0,18-APR-2022,
OPTSTK,SRF,30-Jun-2022,2150.0,CE,0.0,0.0,0.0,596.45,522.45,0,0.0,0,0,18-APR-2022,
OPTSTK,SRF,30-Jun-2022,2200.0,CE,0.0,0.0,0.0,556.8,482.6,0,0.0,0,0,18-APR-2022,
OPTSTK,SRF,30-Jun-2022,2250.0,CE,0.0,0.0,0.0,518.6,444.35,0,0.0,0,0,18-APR-2022,
OPTSTK,SRF,30-Jun-2022,2300.0,CE,0.0,0.0,0.0,482.0,407.85,0,0.0,0,0,18-APR-2022,
OPTSTK,SRF,30-Jun-2022,2350.0,CE,0.0,0.0,0.0,446.85,373.1,0,0.0,0,0,18-APR-2022,
OPTSTK,SRF,30-Jun-2022,2400.0,CE,0.0,0.0,0.0,413.2,340.1,0,0.0,0,0,18-APR-2022,
OPTSTK,SRF,30-Jun-2022,2450.0,CE,0.0,0.0,0.0,381.35,309.15,0,0.0,0,0,18-APR-2022,
OPTSTK,SRF,30-Jun-2022,2500.0,CE,0.0,0.0,0.0,351.15,280.1,0,0.0,0,0,18-APR-2022,
OPTSTK,SRF,30-Jun-2022,2550.0,CE,0.0,0.0,0.0,322.65,253.05,0,0.0,0,0,18-APR-2022,
OPTSTK,SRF,30-Jun-2022,2600.0,CE,0.0,0.0,0.0,295.8,227.85,0,0.0,0,0,18-APR-2022,
OPTSTK,SRF,30-Jun-2022,2650.0,CE,0.0,0.0,0.0,270.65,204.55,0,0.0,0,0,18-APR-2022,
OPTSTK,SRF,30-Jun-2022,2700.0,CE,0.0,0.0,0.0,247.1,183.1,0,0.0,0,0,18-APR-2022,
OPTSTK,SRF,30-Jun-2022,2750.0,CE,0.0,0.0,0.0,225.15,163.45,0,0.0,0,0,18-APR-2022,
OPTSTK,SRF,30-Jun-2022,2800.0,CE,0.0,0.0,0.0,204.75,145.45,0,0.0,0,0,18-APR-2022,
OPTSTK,SRF,30-Jun-2022,2850.0,CE,0.0,0.0,0.0,185.85,129.1,0,0.0,0,0,18-APR-2022,
OPTSTK,SRF,30-Jun-2022,2900.0,CE,0.0,0.0,0.0,168.35,114.3,0,0.0,0,0,18-APR-2022,
OPTSTK,SRF,30-Jun-2022,2950.0,CE,0.0,0.0,0.0,152.25,100.9,0,0.0,0,0,18-APR-2022,
OPTSTK,SRF,30-Jun-2022,3000.0,CE,0.0,0.0,0.0,137.4,89.0,0,0.0,0,0,18-APR-2022,
OPTSTK,SRF,30-Jun-2022,3050.0,CE,0.0,0.0,0.0,123.85,78.25,0,0.0,0,0,18-APR-2022,
OPTSTK,SRF,30-Jun-2022,3100.0,CE,0.0,0.0,0.0,111.55,68.55,0,0.0,0,0,18-APR-2022,
OPTSTK,SRF,30-Jun-2022,3150.0,CE,0.0,0.0,0.0,100.25,59.95,0,0.0,0,0,18-APR-2022,
OPTSTK,SRF,30-Jun-2022,3200.0,CE,0.0,0.0,0.0,89.95,52.3,0,0.0,0,0,18-APR-2022,
OPTSTK,SRF,30-Jun-2022,3250.0,CE,0.0,0.0,0.0,80.5,45.55,0,0.0,0,0,18-APR-2022,
OPTSTK,SRF,30-Jun-2022,1700.0,PE,0.0,0.0,0.0,3.75,2.2,0,0.0,0,0,18-APR-2022,
OPTSTK,SRF,30-Jun-2022,1750.0,PE,0.0,0.0,0.0,5.3,3.3,0,0.0,0,0,18-APR-2022,
OPTSTK,SRF,30-Jun-2022,1800.0,PE,0.0,0.0,0.0,7.35,4.9,0,0.0,0,0,18-APR-2022,
OPTSTK,SRF,30-Jun-2022,1850.0,PE,0.0,0.0,0.0,10.0,6.95,0,0.0,0,0,18-APR-2022,
OPTSTK,SRF,30-Jun-2022,1900.0,PE,0.0,0.0,0.0,13.35,9.75,0,0.0,0,0,18-APR-2022,
OPTSTK,SRF,30-Jun-2022,1950.0,PE,0.0,0.0,0.0,17.5,13.3,0,0.0,0,0,18-APR-2022,
OPTSTK,SRF,30-Jun-2022,2000.0,PE,0.0,0.0,0.0,22.6,17.85,0,0.0,0,0,18-APR-2022,
OPTSTK,SRF,30-Jun-2022,2050.0,PE,0.0,0.0,0.0,28.7,23.45,0,0.0,0,0,18-APR-2022,
OPTSTK,SRF,30-Jun-2022,2100.0,PE,0.0,0.0,0.0,36.0,30.3,0,0.0,0,0,18-APR-2022,
OPTSTK,SRF,30-Jun-2022,2150.0,PE,0.0,0.0,0.0,44.5,38.5,0,0.0,0,0,18-APR-2022,
OPTSTK,SRF,30-Jun-2022,2200.0,PE,0.0,0.0,0.0,54.35,48.2,0,0.0,0,0,18-APR-2022,
OPTSTK,SRF,30-Jun-2022,2250.0,PE,0.0,0.0,0.0,65.6,59.55,0,0.0,0,0,18-APR-2022,
OPTSTK,SRF,30-Jun-2022,2300.0,PE,0.0,0.0,0.0,33.0,72.65,0,0.0,375,0,18-APR-2022,
OPTSTK,SRF,30-Jun-2022,2350.0,PE,0.0,0.0,0.0,92.75,87.45,0,0.0,0,0,18-APR-2022,
OPTSTK,SRF,30-Jun-2022,2400.0,PE,0.0,0.0,0.0,108.6,104.05,0,0.0,0,0,18-APR-2022,
OPTSTK,SRF,30-Jun-2022,2450.0,PE,0.0,0.0,0.0,126.2,122.65,0,0.0,0,0,18-APR-2022,
OPTSTK,SRF,30-Jun-2022,2500.0,PE,0.0,0.0,0.0,145.5,143.2,0,0.0,0,0,18-APR-2022,
OPTSTK,SRF,30-Jun-2022,2550.0,PE,0.0,0.0,0.0,166.5,165.7,0,0.0,0,0,18-APR-2022,
OPTSTK,SRF,30-Jun-2022,2600.0,PE,0.0,0.0,0.0,189.1,190.1,0,0.0,0,0,18-APR-2022,
OPTSTK,SRF,30-Jun-2022,2650.0,PE,0.0,0.0,0.0,213.4,216.4,0,0.0,0,0,18-APR-2022,
OPTSTK,SRF,30-Jun-2022,2700.0,PE,0.0,0.0,0.0,239.35,244.5,0,0.0,0,0,18-APR-2022,
OPTSTK,SRF,30-Jun-2022,2750.0,PE,0.0,0.0,0.0,266.9,274.4,0,0.0,0,0,18-APR-2022,
OPTSTK,SRF,30-Jun-2022,2800.0,PE,0.0,0.0,0.0,295.95,306.0,0,0.0,0,0,18-APR-2022,
OPTSTK,SRF,30-Jun-2022,2850.0,PE,0.0,0.0,0.0,326.5,339.25,0,0.0,0,0,18-APR-2022,
OPTSTK,SRF,30-Jun-2022,2900.0,PE,0.0,0.0,0.0,358.5,374.0,0,0.0,0,0,18-APR-2022,
OPTSTK,SRF,30-Jun-2022,2950.0,PE,0.0,0.0,0.0,391.85,410.2,0,0.0,0,0,18-APR-2022,
OPTSTK,SRF,30-Jun-2022,3000.0,PE,0.0,0.0,0.0,426.55,447.85,0,0.0,0,0,18-APR-2022,
OPTSTK,SRF,30-Jun-2022,3050.0,PE,0.0,0.0,0.0,462.4,486.7,0,0.0,0,0,18-APR-2022,
OPTSTK,SRF,30-Jun-2022,3100.0,PE,0.0,0.0,0.0,499.6,526.55,0,0.0,0,0,18-APR-2022,
OPTSTK,SRF,30-Jun-2022,3150.0,PE,0.0,0.0,0.0,537.8,567.55,0,0.0,0,0,18-APR-2022,
OPTSTK,SRF,30-Jun-2022,3200.0,PE,0.0,0.0,0.0,576.95,609.5,0,0.0,0,0,18-APR-2022,
OPTSTK,SRF,30-Jun-2022,3250.0,PE,0.0,0.0,0.0,617.0,652.3,0,0.0,0,0,18-APR-2022,
OPTSTK,SRTRANSFIN,28-Apr-2022,740.0,CE,0.0,0.0,0.0,512.15,425.1,0,0.0,0,0,18-APR-2022,
OPTSTK,SRTRANSFIN,28-Apr-2022,760.0,CE,0.0,0.0,0.0,493.3,405.15,0,0.0,0,0,18-APR-2022,
OPTSTK,SRTRANSFIN,28-Apr-2022,780.0,CE,0.0,0.0,0.0,474.65,385.15,0,0.0,0,0,18-APR-2022,
OPTSTK,SRTRANSFIN,28-Apr-2022,800.0,CE,0.0,0.0,0.0,456.25,365.15,0,0.0,0,0,18-APR-2022,
OPTSTK,SRTRANSFIN,28-Apr-2022,820.0,CE,0.0,0.0,0.0,438.05,345.2,0,0.0,0,0,18-APR-2022,
OPTSTK,SRTRANSFIN,28-Apr-2022,840.0,CE,0.0,0.0,0.0,420.15,325.2,0,0.0,0,0,18-APR-2022,
OPTSTK,SRTRANSFIN,28-Apr-2022,860.0,CE,0.0,0.0,0.0,402.55,305.25,0,0.0,0,0,18-APR-2022,
OPTSTK,SRTRANSFIN,28-Apr-2022,880.0,CE,0.0,0.0,0.0,385.25,285.3,0,0.0,0,0,18-APR-2022,
OPTSTK,SRTRANSFIN,28-Apr-2022,900.0,CE,0.0,0.0,0.0,368.3,265.35,0,0.0,0,0,18-APR-2022,
OPTSTK,SRTRANSFIN,28-Apr-2022,920.0,CE,0.0,0.0,0.0,351.7,245.45,0,0.0,0,0,18-APR-2022,
OPTSTK,SRTRANSFIN,28-Apr-2022,940.0,CE,0.0,0.0,0.0,335.5,225.65,0,0.0,0,0,18-APR-2022,
OPTSTK,SRTRANSFIN,28-Apr-2022,960.0,CE,0.0,0.0,0.0,319.7,206.0,0,0.0,0,0,18-APR-2022,
OPTSTK,SRTRANSFIN,28-Apr-2022,980.0,CE,0.0,0.0,0.0,304.3,186.5,0,0.0,0,0,18-APR-2022,
OPTSTK,SRTRANSFIN,28-Apr-2022,1000.0,CE,0.0,0.0,0.0,205.7,167.4,0,0.0,2400,0,18-APR-2022,
OPTSTK,SRTRANSFIN,28-Apr-2022,1020.0,CE,0.0,0.0,0.0,274.9,148.75,0,0.0,0,0,18-APR-2022,
OPTSTK,SRTRANSFIN,28-Apr-2022,1040.0,CE,0.0,0.0,0.0,260.85,130.75,0,0.0,0,0,18-APR-2022,
OPTSTK,SRTRANSFIN,28-Apr-2022,1060.0,CE,0.0,0.0,0.0,145.5,113.55,0,0.0,1600,0,18-APR-2022,
OPTSTK,SRTRANSFIN,28-Apr-2022,1080.0,CE,0.0,0.0,0.0,123.65,97.35,0,0.0,400,0,18-APR-2022,
OPTSTK,SRTRANSFIN,28-Apr-2022,1100.0,CE,55.6,77.55,55.6,77.55,82.35,10,46.55,26000,-400,18-APR-2022,
OPTSTK,SRTRANSFIN,28-Apr-2022,1120.0,CE,53.6,53.6,53.6,53.6,68.6,1,4.69,26800,400,18-APR-2022,
OPTSTK,SRTRANSFIN,28-Apr-2022,1140.0,CE,68.0,68.0,32.05,53.3,53.3,84,398.06,16400,0,18-APR-2022,
OPTSTK,SRTRANSFIN,28-Apr-2022,1160.0,CE,30.0,47.0,24.0,39.4,39.4,779,3722.35,43600,20000,18-APR-2022,
OPTSTK,SRTRANSFIN,28-Apr-2022,1180.0,CE,18.75,36.95,17.0,30.0,30.0,352,1699.48,60000,13600,18-APR-2022,
OPTSTK,SRTRANSFIN,28-Apr-2022,1200.0,CE,20.15,28.5,8.05,22.1,22.1,1204,5884.06,288800,20400,18-APR-2022,
OPTSTK,SRTRANSFIN,28-Apr-2022,1220.0,CE,8.95,32.0,6.2,16.2,16.2,373,1840.46,96400,12400,18-APR-2022,
OPTSTK,SRTRANSFIN,28-Apr-2022,1240.0,CE,8.0,15.45,7.25,12.3,12.3,431,2155.19,77200,-12800,18-APR-2022,
OPTSTK,SRTRANSFIN,28-Apr-2022,1260.0,CE,3.55,11.7,3.55,9.05,9.05,184,933.34,58800,2000,18-APR-2022,
OPTSTK,SRTRANSFIN,28-Apr-2022,1280.0,CE,2.9,8.5,2.9,6.75,6.75,58,298.41,60400,2000,18-APR-2022,
OPTSTK,SRTRANSFIN,28-Apr-2022,1300.0,CE,8.5,15.35,0.95,5.2,5.2,879,4588.77,235600,9600,18-APR-2022,
OPTSTK,SRTRANSFIN,28-Apr-2022,1320.0,CE,3.4,4.75,2.4,3.7,3.7,39,206.49,34400,-800,18-APR-2022,
OPTSTK,SRTRANSFIN,28-Apr-2022,1340.0,CE,2.9,4.0,2.0,2.9,2.9,53,284.75,44800,800,18-APR-2022,
OPTSTK,SRTRANSFIN,28-Apr-2022,1360.0,CE,2.6,2.85,2.2,2.8,2.3,16,87.2,13600,1200,18-APR-2022,
OPTSTK,SRTRANSFIN,28-Apr-2022,1380.0,CE,2.0,2.0,2.0,2.0,1.55,2,11.05,10400,0,18-APR-2022,
OPTSTK,SRTRANSFIN,28-Apr-2022,1400.0,CE,1.6,2.2,1.1,1.2,1.2,260,1457.61,52800,3600,18-APR-2022,
OPTSTK,SRTRANSFIN,28-Apr-2022,1420.0,CE,0.0,0.0,0.0,2.9,0.7,0,0.0,1600,0,18-APR-2022,
OPTSTK,SRTRANSFIN,28-Apr-2022,1440.0,CE,0.0,0.0,0.0,2.6,0.45,0,0.0,10800,0,18-APR-2022,
OPTSTK,SRTRANSFIN,28-Apr-2022,1460.0,CE,0.0,0.0,0.0,70.85,0.3,0,0.0,0,0,18-APR-2022,
OPTSTK,SRTRANSFIN,28-Apr-2022,1480.0,CE,0.0,0.0,0.0,66.1,0.2,0,0.0,0,0,18-APR-2022,
OPTSTK,SRTRANSFIN,28-Apr-2022,1500.0,CE,0.4,1.0,0.4,1.0,0.15,9,54.02,40000,-800,18-APR-2022,
OPTSTK,SRTRANSFIN,28-Apr-2022,1520.0,CE,0.0,0.0,0.0,57.4,0.1,0,0.0,0,0,18-APR-2022,
OPTSTK,SRTRANSFIN,28-Apr-2022,1540.0,CE,0.0,0.0,0.0,53.45,0.05,0,0.0,0,0,18-APR-2022,
OPTSTK,SRTRANSFIN,28-Apr-2022,1560.0,CE,0.0,0.0,0.0,49.75,0.05,0,0.0,0,0,18-APR-2022,
OPTSTK,SRTRANSFIN,28-Apr-2022,1580.0,CE,0.0,0.0,0.0,46.25,0.05,0,0.0,0,0,18-APR-2022,
OPTSTK,SRTRANSFIN,28-Apr-2022,1600.0,CE,0.0,0.0,0.0,43.0,0.05,0,0.0,0,0,18-APR-2022,
OPTSTK,SRTRANSFIN,28-Apr-2022,1620.0,CE,0.0,0.0,0.0,39.95,0.05,0,0.0,0,0,18-APR-2022,
OPTSTK,SRTRANSFIN,28-Apr-2022,1640.0,CE,0.0,0.0,0.0,37.1,0.0,0,0.0,0,0,18-APR-2022,
OPTSTK,SRTRANSFIN,28-Apr-2022,1660.0,CE,0.0,0.0,0.0,34.45,0.0,0,0.0,0,0,18-APR-2022,
OPTSTK,SRTRANSFIN,28-Apr-2022,1680.0,CE,0.0,0.0,0.0,32.0,0.0,0,0.0,0,0,18-APR-2022,
OPTSTK,SRTRANSFIN,28-Apr-2022,1700.0,CE,0.0,0.0,0.0,29.7,0.0,0,0.0,0,0,18-APR-2022,
OPTSTK,SRTRANSFIN,28-Apr-2022,1720.0,CE,0.0,0.0,0.0,27.55,0.0,0,0.0,0,0,18-APR-2022,
OPTSTK,SRTRANSFIN,28-Apr-2022,1740.0,CE,0.0,0.0,0.0,25.55,0.0,0,0.0,0,0,18-APR-2022,
OPTSTK,SRTRANSFIN,28-Apr-2022,1760.0,CE,0.0,0.0,0.0,23.65,0.0,0,0.0,0,0,18-APR-2022,
OPTSTK,SRTRANSFIN,28-Apr-2022,740.0,PE,0.0,0.0,0.0,3.35,0.0,0,0.0,0,0,18-APR-2022,
OPTSTK,SRTRANSFIN,28-Apr-2022,760.0,PE,0.0,0.0,0.0,4.3,0.0,0,0.0,0,0,18-APR-2022,
OPTSTK,SRTRANSFIN,28-Apr-2022,780.0,PE,0.0,0.0,0.0,5.45,0.0,0,0.0,0,0,18-APR-2022,
OPTSTK,SRTRANSFIN,28-Apr-2022,800.0,PE,0.0,0.0,0.0,6.8,0.0,0,0.0,0,0,18-APR-2022,
OPTSTK,SRTRANSFIN,28-Apr-2022,820.0,PE,0.0,0.0,0.0,8.4,0.0,0,0.0,0,0,18-APR-2022,
OPTSTK,SRTRANSFIN,28-Apr-2022,840.0,PE,0.0,0.0,0.0,10.3,0.0,0,0.0,0,0,18-APR-2022,
OPTSTK,SRTRANSFIN,28-Apr-2022,860.0,PE,0.0,0.0,0.0,12.45,0.05,0,0.0,0,0,18-APR-2022,
OPTSTK,SRTRANSFIN,28-Apr-2022,880.0,PE,0.0,0.0,0.0,14.95,0.05,0,0.0,0,0,18-APR-2022,
OPTSTK,SRTRANSFIN,28-Apr-2022,900.0,PE,0.75,0.75,0.75,0.75,0.1,1,3.6,15600,-400,18-APR-2022,
OPTSTK,SRTRANSFIN,28-Apr-2022,920.0,PE,0.0,0.0,0.0,21.0,0.2,0,0.0,0,0,18-APR-2022,
OPTSTK,SRTRANSFIN,28-Apr-2022,940.0,PE,0.0,0.0,0.0,7.5,0.35,0,0.0,1200,0,18-APR-2022,
OPTSTK,SRTRANSFIN,28-Apr-2022,960.0,PE,0.0,0.0,0.0,3.65,0.65,0,0.0,9200,0,18-APR-2022,
OPTSTK,SRTRANSFIN,28-Apr-2022,980.0,PE,0.0,0.0,0.0,4.2,1.15,0,0.0,400,0,18-APR-2022,
OPTSTK,SRTRANSFIN,28-Apr-2022,1000.0,PE,3.0,3.9,2.45,2.8,2.8,370,1484.64,71600,17600,18-APR-2022,
OPTSTK,SRTRANSFIN,28-Apr-2022,1020.0,PE,3.1,3.5,3.1,3.5,3.35,2,8.18,12400,800,18-APR-2022,
OPTSTK,SRTRANSFIN,28-Apr-2022,1040.0,PE,6.5,6.5,4.5,4.9,5.3,7,29.27,12400,-800,18-APR-2022,
OPTSTK,SRTRANSFIN,28-Apr-2022,1060.0,PE,6.05,11.65,6.05,7.7,7.7,18,76.85,35200,3200,18-APR-2022,
OPTSTK,SRTRANSFIN,28-Apr-2022,1080.0,PE,12.0,13.7,8.2,9.55,9.55,119,518.77,25200,14800,18-APR-2022,
OPTSTK,SRTRANSFIN,28-Apr-2022,1100.0,PE,17.3,25.95,10.5,12.7,12.7,395,1762.75,92400,-8400,18-APR-2022,
OPTSTK,SRTRANSFIN,28-Apr-2022,1120.0,PE,25.9,27.25,15.85,15.9,15.9,35,159.56,43600,-5200,18-APR-2022,
OPTSTK,SRTRANSFIN,28-Apr-2022,1140.0,PE,39.6,39.6,20.85,22.75,22.75,218,1018.73,38800,-7600,18-APR-2022,
OPTSTK,SRTRANSFIN,28-Apr-2022,1160.0,PE,39.6,55.0,27.6,31.6,31.6,306,1467.33,41600,-800,18-APR-2022,
OPTSTK,SRTRANSFIN,28-Apr-2022,1180.0,PE,65.45,66.6,37.4,39.5,39.5,122,600.8,46000,6800,18-APR-2022,
OPTSTK,SRTRANSFIN,28-Apr-2022,1200.0,PE,78.25,78.25,47.4,48.1,62.8,43,216.88,46000,-3600,18-APR-2022,
OPTSTK,SRTRANSFIN,28-Apr-2022,1220.0,PE,89.8,89.8,66.0,66.0,76.25,6,31.22,16400,-400,18-APR-2022,
OPTSTK,SRTRANSFIN,28-Apr-2022,1240.0,PE,110.2,110.2,101.55,101.55,91.0,2,10.76,15600,800,18-APR-2022,
OPTSTK,SRTRANSFIN,28-Apr-2022,1260.0,PE,0.0,0.0,0.0,143.35,106.75,0,0.0,0,0,18-APR-2022,
OPTSTK,SRTRANSFIN,28-Apr-2022,1280.0,PE,0.0,0.0,0.0,154.7,123.45,0,0.0,0,0,18-APR-2022,
OPTSTK,SRTRANSFIN,28-Apr-2022,1300.0,PE,128.8,128.8,128.8,128.8,140.9,1,5.71,3600,400,18-APR-2022,
OPTSTK,SRTRANSFIN,28-Apr-2022,1320.0,PE,0.0,0.0,0.0,178.7,158.95,0,0.0,0,0,18-APR-2022,
OPTSTK,SRTRANSFIN,28-Apr-2022,1340.0,PE,0.0,0.0,0.0,205.0,177.55,0,0.0,400,0,18-APR-2022,
OPTSTK,SRTRANSFIN,28-Apr-2022,1360.0,PE,0.0,0.0,0.0,204.25,196.5,0,0.0,0,0,18-APR-2022,
OPTSTK,SRTRANSFIN,28-Apr-2022,1380.0,PE,0.0,0.0,0.0,217.6,215.75,0,0.0,0,0,18-APR-2022,
OPTSTK,SRTRANSFIN,28-Apr-2022,1400.0,PE,0.0,0.0,0.0,193.0,235.25,0,0.0,2800,0,18-APR-2022,
OPTSTK,SRTRANSFIN,28-Apr-2022,1420.0,PE,0.0,0.0,0.0,245.4,254.85,0,0.0,0,0,18-APR-2022,
OPTSTK,SRTRANSFIN,28-Apr-2022,1440.0,PE,0.0,0.0,0.0,259.8,274.6,0,0.0,0,0,18-APR-2022,
OPTSTK,SRTRANSFIN,28-Apr-2022,1460.0,PE,0.0,0.0,0.0,274.55,294.4,0,0.0,0,0,18-APR-2022,
OPTSTK,SRTRANSFIN,28-Apr-2022,1480.0,PE,0.0,0.0,0.0,289.55,314.3,0,0.0,0,0,18-APR-2022,
OPTSTK,SRTRANSFIN,28-Apr-2022,1500.0,PE,0.0,0.0,0.0,344.5,334.2,0,0.0,400,0,18-APR-2022,
OPTSTK,SRTRANSFIN,28-Apr-2022,1520.0,PE,0.0,0.0,0.0,320.45,354.15,0,0.0,0,0,18-APR-2022,
OPTSTK,SRTRANSFIN,28-Apr-2022,1540.0,PE,0.0,0.0,0.0,336.3,374.1,0,0.0,0,0,18-APR-2022,
OPTSTK,SRTRANSFIN,28-Apr-2022,1560.0,PE,0.0,0.0,0.0,352.4,394.05,0,0.0,0,0,18-APR-2022,
OPTSTK,SRTRANSFIN,28-Apr-2022,1580.0,PE,0.0,0.0,0.0,368.7,414.0,0,0.0,0,0,18-APR-2022,
OPTSTK,SRTRANSFIN,28-Apr-2022,1600.0,PE,0.0,0.0,0.0,385.25,434.0,0,0.0,0,0,18-APR-2022,
OPTSTK,SRTRANSFIN,28-Apr-2022,1620.0,PE,0.0,0.0,0.0,402.0,453.95,0,0.0,0,0,18-APR-2022,
OPTSTK,SRTRANSFIN,28-Apr-2022,1640.0,PE,0.0,0.0,0.0,418.95,473.95,0,0.0,0,0,18-APR-2022,
OPTSTK,SRTRANSFIN,28-Apr-2022,1660.0,PE,0.0,0.0,0.0,436.1,493.9,0,0.0,0,0,18-APR-2022,
OPTSTK,SRTRANSFIN,28-Apr-2022,1680.0,PE,0.0,0.0,0.0,453.4,513.9,0,0.0,0,0,18-APR-2022,
OPTSTK,SRTRANSFIN,28-Apr-2022,1700.0,PE,0.0,0.0,0.0,470.9,533.85,0,0.0,0,0,18-APR-2022,
OPTSTK,SRTRANSFIN,28-Apr-2022,1720.0,PE,0.0,0.0,0.0,488.5,553.85,0,0.0,0,0,18-APR-2022,
OPTSTK,SRTRANSFIN,28-Apr-2022,1740.0,PE,0.0,0.0,0.0,506.3,573.8,0,0.0,0,0,18-APR-2022,
OPTSTK,SRTRANSFIN,28-Apr-2022,1760.0,PE,0.0,0.0,0.0,524.25,593.8,0,0.0,0,0,18-APR-2022,
OPTSTK,SRTRANSFIN,26-May-2022,740.0,CE,0.0,0.0,0.0,346.65,427.85,0,0.0,0,0,18-APR-2022,
OPTSTK,SRTRANSFIN,26-May-2022,760.0,CE,0.0,0.0,0.0,329.35,408.1,0,0.0,0,0,18-APR-2022,
OPTSTK,SRTRANSFIN,26-May-2022,780.0,CE,0.0,0.0,0.0,312.4,388.45,0,0.0,0,0,18-APR-2022,
OPTSTK,SRTRANSFIN,26-May-2022,800.0,CE,0.0,0.0,0.0,295.9,368.9,0,0.0,0,0,18-APR-2022,
OPTSTK,SRTRANSFIN,26-May-2022,820.0,CE,0.0,0.0,0.0,279.9,349.5,0,0.0,0,0,18-APR-2022,
OPTSTK,SRTRANSFIN,26-May-2022,840.0,CE,0.0,0.0,0.0,264.3,330.25,0,0.0,0,0,18-APR-2022,
OPTSTK,SRTRANSFIN,26-May-2022,860.0,CE,0.0,0.0,0.0,249.25,311.3,0,0.0,0,0,18-APR-2022,
OPTSTK,SRTRANSFIN,26-May-2022,880.0,CE,0.0,0.0,0.0,234.75,292.55,0,0.0,0,0,18-APR-2022,
OPTSTK,SRTRANSFIN,26-May-2022,900.0,CE,0.0,0.0,0.0,220.7,274.2,0,0.0,0,0,18-APR-2022,
OPTSTK,SRTRANSFIN,26-May-2022,920.0,CE,0.0,0.0,0.0,207.25,256.2,0,0.0,0,0,18-APR-2022,
OPTSTK,SRTRANSFIN,26-May-2022,940.0,CE,0.0,0.0,0.0,194.3,238.65,0,0.0,0,0,18-APR-2022,
OPTSTK,SRTRANSFIN,26-May-2022,960.0,CE,0.0,0.0,0.0,181.95,221.6,0,0.0,0,0,18-APR-2022,
OPTSTK,SRTRANSFIN,26-May-2022,980.0,CE,0.0,0.0,0.0,170.2,205.05,0,0.0,0,0,18-APR-2022,
OPTSTK,SRTRANSFIN,26-May-2022,1000.0,CE,0.0,0.0,0.0,158.95,189.15,0,0.0,0,0,18-APR-2022,
OPTSTK,SRTRANSFIN,26-May-2022,1020.0,CE,0.0,0.0,0.0,148.3,173.9,0,0.0,0,0,18-APR-2022,
OPTSTK,SRTRANSFIN,26-May-2022,1040.0,CE,0.0,0.0,0.0,138.2,159.4,0,0.0,0,0,18-APR-2022,
OPTSTK,SRTRANSFIN,26-May-2022,1060.0,CE,0.0,0.0,0.0,128.6,145.5,0,0.0,0,0,18-APR-2022,
OPTSTK,SRTRANSFIN,26-May-2022,1080.0,CE,0.0,0.0,0.0,119.55,132.4,0,0.0,0,0,18-APR-2022,
OPTSTK,SRTRANSFIN,26-May-2022,1100.0,CE,0.0,0.0,0.0,111.05,120.1,0,0.0,0,0,18-APR-2022,
OPTSTK,SRTRANSFIN,26-May-2022,1120.0,CE,0.0,0.0,0.0,103.0,108.55,0,0.0,0,0,18-APR-2022,
OPTSTK,SRTRANSFIN,26-May-2022,1140.0,CE,0.0,0.0,0.0,95.45,97.8,0,0.0,0,0,18-APR-2022,
OPTSTK,SRTRANSFIN,26-May-2022,1160.0,CE,0.0,0.0,0.0,88.4,87.8,0,0.0,0,0,18-APR-2022,
OPTSTK,SRTRANSFIN,26-May-2022,1180.0,CE,0.0,0.0,0.0,81.75,78.6,0,0.0,0,0,18-APR-2022,
OPTSTK,SRTRANSFIN,26-May-2022,1200.0,CE,43.85,57.7,42.0,50.0,50.0,13,64.93,8000,1200,18-APR-2022,
OPTSTK,SRTRANSFIN,26-May-2022,1220.0,CE,0.0,0.0,0.0,55.75,62.35,0,0.0,2800,0,18-APR-2022,
OPTSTK,SRTRANSFIN,26-May-2022,1240.0,CE,0.0,0.0,0.0,64.35,55.25,0,0.0,0,0,18-APR-2022,
OPTSTK,SRTRANSFIN,26-May-2022,1260.0,CE,0.0,0.0,0.0,59.35,48.85,0,0.0,0,0,18-APR-2022,
OPTSTK,SRTRANSFIN,26-May-2022,1280.0,CE,0.0,0.0,0.0,54.65,43.05,0,0.0,0,0,18-APR-2022,
OPTSTK,SRTRANSFIN,26-May-2022,1300.0,CE,25.0,25.0,19.65,21.0,21.0,4,21.14,4000,1200,18-APR-2022,
OPTSTK,SRTRANSFIN,26-May-2022,1320.0,CE,0.0,0.0,0.0,46.3,33.2,0,0.0,0,0,18-APR-2022,
OPTSTK,SRTRANSFIN,26-May-2022,1340.0,CE,0.0,0.0,0.0,42.55,29.0,0,0.0,0,0,18-APR-2022,
OPTSTK,SRTRANSFIN,26-May-2022,1360.0,CE,0.0,0.0,0.0,39.05,25.25,0,0.0,0,0,18-APR-2022,
OPTSTK,SRTRANSFIN,26-May-2022,1380.0,CE,0.0,0.0,0.0,35.85,21.95,0,0.0,0,0,18-APR-2022,
OPTSTK,SRTRANSFIN,26-May-2022,1400.0,CE,0.0,0.0,0.0,32.9,19.05,0,0.0,0,0,18-APR-2022,
OPTSTK,SRTRANSFIN,26-May-2022,1420.0,CE,0.0,0.0,0.0,30.15,16.45,0,0.0,0,0,18-APR-2022,
OPTSTK,SRTRANSFIN,26-May-2022,1440.0,CE,0.0,0.0,0.0,27.65,14.2,0,0.0,0,0,18-APR-2022,
OPTSTK,SRTRANSFIN,26-May-2022,1460.0,CE,0.0,0.0,0.0,25.3,12.25,0,0.0,0,0,18-APR-2022,
OPTSTK,SRTRANSFIN,26-May-2022,1480.0,CE,0.0,0.0,0.0,23.15,10.5,0,0.0,0,0,18-APR-2022,
OPTSTK,SRTRANSFIN,26-May-2022,1500.0,CE,0.0,0.0,0.0,21.2,9.0,0,0.0,0,0,18-APR-2022,
OPTSTK,SRTRANSFIN,26-May-2022,1520.0,CE,0.0,0.0,0.0,19.4,7.7,0,0.0,0,0,18-APR-2022,
OPTSTK,SRTRANSFIN,26-May-2022,1540.0,CE,0.0,0.0,0.0,17.7,6.55,0,0.0,0,0,18-APR-2022,
OPTSTK,SRTRANSFIN,26-May-2022,1560.0,CE,0.0,0.0,0.0,16.2,5.6,0,0.0,0,0,18-APR-2022,
OPTSTK,SRTRANSFIN,26-May-2022,1580.0,CE,0.0,0.0,0.0,14.8,4.75,0,0.0,0,0,18-APR-2022,
OPTSTK,SRTRANSFIN,26-May-2022,1600.0,CE,0.0,0.0,0.0,13.5,4.05,0,0.0,0,0,18-APR-2022,
OPTSTK,SRTRANSFIN,26-May-2022,1620.0,CE,0.0,0.0,0.0,12.3,3.4,0,0.0,0,0,18-APR-2022,
OPTSTK,SRTRANSFIN,26-May-2022,740.0,PE,0.0,0.0,0.0,10.35,0.3,0,0.0,0,0,18-APR-2022,
OPTSTK,SRTRANSFIN,26-May-2022,760.0,PE,0.0,0.0,0.0,12.8,0.5,0,0.0,0,0,18-APR-2022,
OPTSTK,SRTRANSFIN,26-May-2022,780.0,PE,0.0,0.0,0.0,15.65,0.75,0,0.0,0,0,18-APR-2022,
OPTSTK,SRTRANSFIN,26-May-2022,800.0,PE,0.0,0.0,0.0,18.95,1.1,0,0.0,0,0,18-APR-2022,
OPTSTK,SRTRANSFIN,26-May-2022,820.0,PE,0.0,0.0,0.0,22.7,1.6,0,0.0,0,0,18-APR-2022,
OPTSTK,SRTRANSFIN,26-May-2022,840.0,PE,0.0,0.0,0.0,26.9,2.3,0,0.0,0,0,18-APR-2022,
OPTSTK,SRTRANSFIN,26-May-2022,860.0,PE,0.0,0.0,0.0,31.65,3.25,0,0.0,0,0,18-APR-2022,
OPTSTK,SRTRANSFIN,26-May-2022,880.0,PE,0.0,0.0,0.0,36.9,4.45,0,0.0,0,0,18-APR-2022,
OPTSTK,SRTRANSFIN,26-May-2022,900.0,PE,0.0,0.0,0.0,42.7,5.95,0,0.0,0,0,18-APR-2022,
OPTSTK,SRTRANSFIN,26-May-2022,920.0,PE,0.0,0.0,0.0,49.0,7.85,0,0.0,0,0,18-APR-2022,
OPTSTK,SRTRANSFIN,26-May-2022,940.0,PE,0.0,0.0,0.0,55.85,10.25,0,0.0,0,0,18-APR-2022,
OPTSTK,SRTRANSFIN,26-May-2022,960.0,PE,0.0,0.0,0.0,63.3,13.1,0,0.0,0,0,18-APR-2022,
OPTSTK,SRTRANSFIN,26-May-2022,980.0,PE,0.0,0.0,0.0,71.3,16.5,0,0.0,0,0,18-APR-2022,
OPTSTK,SRTRANSFIN,26-May-2022,1000.0,PE,0.0,0.0,0.0,60.0,20.5,0,0.0,400,0,18-APR-2022,
OPTSTK,SRTRANSFIN,26-May-2022,1020.0,PE,0.0,0.0,0.0,89.05,25.15,0,0.0,0,0,18-APR-2022,
OPTSTK,SRTRANSFIN,26-May-2022,1040.0,PE,0.0,0.0,0.0,98.7,30.55,0,0.0,0,0,18-APR-2022,
OPTSTK,SRTRANSFIN,26-May-2022,1060.0,PE,0.0,0.0,0.0,108.9,36.55,0,0.0,0,0,18-APR-2022,
OPTSTK,SRTRANSFIN,26-May-2022,1080.0,PE,0.0,0.0,0.0,119.65,43.4,0,0.0,0,0,18-APR-2022,
OPTSTK,SRTRANSFIN,26-May-2022,1100.0,PE,39.25,39.95,33.85,33.85,51.0,6,27.29,6400,400,18-APR-2022,
OPTSTK,SRTRANSFIN,26-May-2022,1120.0,PE,0.0,0.0,0.0,142.7,59.35,0,0.0,0,0,18-APR-2022,
OPTSTK,SRTRANSFIN,26-May-2022,1140.0,PE,0.0,0.0,0.0,154.95,68.5,0,0.0,0,0,18-APR-2022,
OPTSTK,SRTRANSFIN,26-May-2022,1160.0,PE,0.0,0.0,0.0,167.65,78.45,0,0.0,0,0,18-APR-2022,
OPTSTK,SRTRANSFIN,26-May-2022,1180.0,PE,0.0,0.0,0.0,180.8,89.15,0,0.0,0,0,18-APR-2022,
OPTSTK,SRTRANSFIN,26-May-2022,1200.0,PE,87.25,87.25,87.25,87.25,100.55,1,5.14,5200,-400,18-APR-2022,
OPTSTK,SRTRANSFIN,26-May-2022,1220.0,PE,0.0,0.0,0.0,208.35,112.7,0,0.0,0,0,18-APR-2022,
OPTSTK,SRTRANSFIN,26-May-2022,1240.0,PE,0.0,0.0,0.0,222.75,125.55,0,0.0,0,0,18-APR-2022,
OPTSTK,SRTRANSFIN,26-May-2022,1260.0,PE,0.0,0.0,0.0,237.55,139.05,0,0.0,0,0,18-APR-2022,
OPTSTK,SRTRANSFIN,26-May-2022,1280.0,PE,0.0,0.0,0.0,252.7,153.15,0,0.0,0,0,18-APR-2022,
OPTSTK,SRTRANSFIN,26-May-2022,1300.0,PE,0.0,0.0,0.0,268.15,167.9,0,0.0,0,0,18-APR-2022,
OPTSTK,SRTRANSFIN,26-May-2022,1320.0,PE,0.0,0.0,0.0,283.9,183.15,0,0.0,0,0,18-APR-2022,
OPTSTK,SRTRANSFIN,26-May-2022,1340.0,PE,0.0,0.0,0.0,299.95,198.8,0,0.0,0,0,18-APR-2022,
OPTSTK,SRTRANSFIN,26-May-2022,1360.0,PE,0.0,0.0,0.0,316.25,215.0,0,0.0,0,0,18-APR-2022,
OPTSTK,SRTRANSFIN,26-May-2022,1380.0,PE,0.0,0.0,0.0,332.8,231.6,0,0.0,0,0,18-APR-2022,
OPTSTK,SRTRANSFIN,26-May-2022,1400.0,PE,0.0,0.0,0.0,349.65,248.6,0,0.0,0,0,18-APR-2022,
OPTSTK,SRTRANSFIN,26-May-2022,1420.0,PE,0.0,0.0,0.0,366.7,265.95,0,0.0,0,0,18-APR-2022,
OPTSTK,SRTRANSFIN,26-May-2022,1440.0,PE,0.0,0.0,0.0,383.95,283.6,0,0.0,0,0,18-APR-2022,
OPTSTK,SRTRANSFIN,26-May-2022,1460.0,PE,0.0,0.0,0.0,401.45,301.55,0,0.0,0,0,18-APR-2022,
OPTSTK,SRTRANSFIN,26-May-2022,1480.0,PE,0.0,0.0,0.0,419.1,319.7,0,0.0,0,0,18-APR-2022,
OPTSTK,SRTRANSFIN,26-May-2022,1500.0,PE,0.0,0.0,0.0,436.9,338.15,0,0.0,0,0,18-APR-2022,
OPTSTK,SRTRANSFIN,26-May-2022,1520.0,PE,0.0,0.0,0.0,454.9,356.75,0,0.0,0,0,18-APR-2022,
OPTSTK,SRTRANSFIN,26-May-2022,1540.0,PE,0.0,0.0,0.0,473.0,375.5,0,0.0,0,0,18-APR-2022,
OPTSTK,SRTRANSFIN,26-May-2022,1560.0,PE,0.0,0.0,0.0,491.25,394.45,0,0.0,0,0,18-APR-2022,
OPTSTK,SRTRANSFIN,26-May-2022,1580.0,PE,0.0,0.0,0.0,509.65,413.55,0,0.0,0,0,18-APR-2022,
OPTSTK,SRTRANSFIN,26-May-2022,1600.0,PE,0.0,0.0,0.0,528.15,432.75,0,0.0,0,0,18-APR-2022,
OPTSTK,SRTRANSFIN,26-May-2022,1620.0,PE,0.0,0.0,0.0,546.75,452.0,0,0.0,0,0,18-APR-2022,
OPTSTK,SRTRANSFIN,30-Jun-2022,740.0,CE,0.0,0.0,0.0,409.3,433.4,0,0.0,0,0,18-APR-2022,
OPTSTK,SRTRANSFIN,30-Jun-2022,760.0,CE,0.0,0.0,0.0,391.25,414.5,0,0.0,0,0,18-APR-2022,
OPTSTK,SRTRANSFIN,30-Jun-2022,780.0,CE,0.0,0.0,0.0,373.5,395.85,0,0.0,0,0,18-APR-2022,
OPTSTK,SRTRANSFIN,30-Jun-2022,800.0,CE,0.0,0.0,0.0,356.05,377.45,0,0.0,0,0,18-APR-2022,
OPTSTK,SRTRANSFIN,30-Jun-2022,820.0,CE,0.0,0.0,0.0,339.0,359.3,0,0.0,0,0,18-APR-2022,
OPTSTK,SRTRANSFIN,30-Jun-2022,840.0,CE,0.0,0.0,0.0,322.35,341.5,0,0.0,0,0,18-APR-2022,
OPTSTK,SRTRANSFIN,30-Jun-2022,860.0,CE,0.0,0.0,0.0,306.1,324.1,0,0.0,0,0,18-APR-2022,
OPTSTK,SRTRANSFIN,30-Jun-2022,880.0,CE,0.0,0.0,0.0,290.3,307.05,0,0.0,0,0,18-APR-2022,
OPTSTK,SRTRANSFIN,30-Jun-2022,900.0,CE,0.0,0.0,0.0,274.95,290.4,0,0.0,0,0,18-APR-2022,
OPTSTK,SRTRANSFIN,30-Jun-2022,920.0,CE,0.0,0.0,0.0,260.1,274.25,0,0.0,0,0,18-APR-2022,
OPTSTK,SRTRANSFIN,30-Jun-2022,940.0,CE,0.0,0.0,0.0,245.7,258.55,0,0.0,0,0,18-APR-2022,
OPTSTK,SRTRANSFIN,30-Jun-2022,960.0,CE,0.0,0.0,0.0,231.85,243.35,0,0.0,0,0,18-APR-2022,
OPTSTK,SRTRANSFIN,30-Jun-2022,980.0,CE,0.0,0.0,0.0,218.5,228.7,0,0.0,0,0,18-APR-2022,
OPTSTK,SRTRANSFIN,30-Jun-2022,1000.0,CE,0.0,0.0,0.0,205.6,214.6,0,0.0,0,0,18-APR-2022,
OPTSTK,SRTRANSFIN,30-Jun-2022,1020.0,CE,0.0,0.0,0.0,193.3,201.0,0,0.0,0,0,18-APR-2022,
OPTSTK,SRTRANSFIN,30-Jun-2022,1040.0,CE,0.0,0.0,0.0,181.55,187.95,0,0.0,0,0,18-APR-2022,
OPTSTK,SRTRANSFIN,30-Jun-2022,1060.0,CE,0.0,0.0,0.0,170.3,175.5,0,0.0,0,0,18-APR-2022,
OPTSTK,SRTRANSFIN,30-Jun-2022,1080.0,CE,0.0,0.0,0.0,159.55,163.65,0,0.0,0,0,18-APR-2022,
OPTSTK,SRTRANSFIN,30-Jun-2022,1100.0,CE,0.0,0.0,0.0,149.35,152.35,0,0.0,0,0,18-APR-2022,
OPTSTK,SRTRANSFIN,30-Jun-2022,1120.0,CE,0.0,0.0,0.0,139.65,141.65,0,0.0,0,0,18-APR-2022,
OPTSTK,SRTRANSFIN,30-Jun-2022,1140.0,CE,0.0,0.0,0.0,130.45,131.5,0,0.0,0,0,18-APR-2022,
OPTSTK,SRTRANSFIN,30-Jun-2022,1160.0,CE,0.0,0.0,0.0,121.75,121.9,0,0.0,0,0,18-APR-2022,
OPTSTK,SRTRANSFIN,30-Jun-2022,1180.0,CE,0.0,0.0,0.0,113.55,112.85,0,0.0,0,0,18-APR-2022,
OPTSTK,SRTRANSFIN,30-Jun-2022,1200.0,CE,0.0,0.0,0.0,105.75,104.35,0,0.0,0,0,18-APR-2022,
OPTSTK,SRTRANSFIN,30-Jun-2022,1220.0,CE,0.0,0.0,0.0,98.4,96.35,0,0.0,0,0,18-APR-2022,
OPTSTK,SRTRANSFIN,30-Jun-2022,1240.0,CE,0.0,0.0,0.0,91.5,88.85,0,0.0,0,0,18-APR-2022,
OPTSTK,SRTRANSFIN,30-Jun-2022,1260.0,CE,0.0,0.0,0.0,85.05,81.85,0,0.0,0,0,18-APR-2022,
OPTSTK,SRTRANSFIN,30-Jun-2022,1280.0,CE,0.0,0.0,0.0,78.95,75.3,0,0.0,0,0,18-APR-2022,
OPTSTK,SRTRANSFIN,30-Jun-2022,1300.0,CE,0.0,0.0,0.0,73.25,69.15,0,0.0,0,0,18-APR-2022,
OPTSTK,SRTRANSFIN,30-Jun-2022,1320.0,CE,0.0,0.0,0.0,67.9,63.5,0,0.0,0,0,18-APR-2022,
OPTSTK,SRTRANSFIN,30-Jun-2022,1340.0,CE,0.0,0.0,0.0,62.95,58.2,0,0.0,0,0,18-APR-2022,
OPTSTK,SRTRANSFIN,30-Jun-2022,1360.0,CE,0.0,0.0,0.0,58.3,53.4,0,0.0,0,0,18-APR-2022,
OPTSTK,SRTRANSFIN,30-Jun-2022,1380.0,CE,0.0,0.0,0.0,53.95,48.85,0,0.0,0,0,18-APR-2022,
OPTSTK,SRTRANSFIN,30-Jun-2022,1400.0,CE,0.0,0.0,0.0,49.85,44.7,0,0.0,0,0,18-APR-2022,
OPTSTK,SRTRANSFIN,30-Jun-2022,1420.0,CE,0.0,0.0,0.0,46.1,40.85,0,0.0,0,0,18-APR-2022,
OPTSTK,SRTRANSFIN,30-Jun-2022,1440.0,CE,0.0,0.0,0.0,42.55,37.25,0,0.0,0,0,18-APR-2022,
OPTSTK,SRTRANSFIN,30-Jun-2022,1460.0,CE,0.0,0.0,0.0,39.25,33.95,0,0.0,0,0,18-APR-2022,
OPTSTK,SRTRANSFIN,30-Jun-2022,1480.0,CE,0.0,0.0,0.0,36.2,30.9,0,0.0,0,0,18-APR-2022,
OPTSTK,SRTRANSFIN,30-Jun-2022,1500.0,CE,0.0,0.0,0.0,33.4,28.15,0,0.0,0,0,18-APR-2022,
OPTSTK,SRTRANSFIN,30-Jun-2022,1520.0,CE,0.0,0.0,0.0,30.75,25.6,0,0.0,0,0,18-APR-2022,
OPTSTK,SRTRANSFIN,30-Jun-2022,1540.0,CE,0.0,0.0,0.0,28.35,23.25,0,0.0,0,0,18-APR-2022,
OPTSTK,SRTRANSFIN,30-Jun-2022,1560.0,CE,0.0,0.0,0.0,26.1,21.15,0,0.0,0,0,18-APR-2022,
OPTSTK,SRTRANSFIN,30-Jun-2022,1580.0,CE,0.0,0.0,0.0,24.0,19.2,0,0.0,0,0,18-APR-2022,
OPTSTK,SRTRANSFIN,30-Jun-2022,740.0,PE,0.0,0.0,0.0,6.7,2.9,0,0.0,0,0,18-APR-2022,
OPTSTK,SRTRANSFIN,30-Jun-2022,760.0,PE,0.0,0.0,0.0,8.4,3.8,0,0.0,0,0,18-APR-2022,
OPTSTK,SRTRANSFIN,30-Jun-2022,780.0,PE,0.0,0.0,0.0,10.45,5.0,0,0.0,0,0,18-APR-2022,
OPTSTK,SRTRANSFIN,30-Jun-2022,800.0,PE,0.0,0.0,0.0,12.8,6.4,0,0.0,0,0,18-APR-2022,
OPTSTK,SRTRANSFIN,30-Jun-2022,820.0,PE,0.0,0.0,0.0,15.55,8.1,0,0.0,0,0,18-APR-2022,
OPTSTK,SRTRANSFIN,30-Jun-2022,840.0,PE,0.0,0.0,0.0,18.65,10.15,0,0.0,0,0,18-APR-2022,
OPTSTK,SRTRANSFIN,30-Jun-2022,860.0,PE,0.0,0.0,0.0,22.2,12.55,0,0.0,0,0,18-APR-2022,
OPTSTK,SRTRANSFIN,30-Jun-2022,880.0,PE,0.0,0.0,0.0,26.2,15.35,0,0.0,0,0,18-APR-2022,
OPTSTK,SRTRANSFIN,30-Jun-2022,900.0,PE,0.0,0.0,0.0,30.6,18.55,0,0.0,0,0,18-APR-2022,
OPTSTK,SRTRANSFIN,30-Jun-2022,920.0,PE,0.0,0.0,0.0,35.6,22.2,0,0.0,0,0,18-APR-2022,
OPTSTK,SRTRANSFIN,30-Jun-2022,940.0,PE,0.0,0.0,0.0,41.0,26.35,0,0.0,0,0,18-APR-2022,
OPTSTK,SRTRANSFIN,30-Jun-2022,960.0,PE,0.0,0.0,0.0,46.9,31.0,0,0.0,0,0,18-APR-2022,
OPTSTK,SRTRANSFIN,30-Jun-2022,980.0,PE,0.0,0.0,0.0,53.35,36.15,0,0.0,0,0,18-APR-2022,
OPTSTK,SRTRANSFIN,30-Jun-2022,1000.0,PE,0.0,0.0,0.0,20.0,41.85,0,0.0,400,0,18-APR-2022,
OPTSTK,SRTRANSFIN,30-Jun-2022,1020.0,PE,0.0,0.0,0.0,67.75,48.1,0,0.0,0,0,18-APR-2022,
OPTSTK,SRTRANSFIN,30-Jun-2022,1040.0,PE,0.0,0.0,0.0,75.75,54.9,0,0.0,0,0,18-APR-2022,
OPTSTK,SRTRANSFIN,30-Jun-2022,1060.0,PE,0.0,0.0,0.0,84.3,62.25,0,0.0,0,0,18-APR-2022,
OPTSTK,SRTRANSFIN,30-Jun-2022,1080.0,PE,0.0,0.0,0.0,93.35,70.25,0,0.0,0,0,18-APR-2022,
OPTSTK,SRTRANSFIN,30-Jun-2022,1100.0,PE,0.0,0.0,0.0,102.95,78.8,0,0.0,0,0,18-APR-2022,
OPTSTK,SRTRANSFIN,30-Jun-2022,1120.0,PE,0.0,0.0,0.0,113.05,87.9,0,0.0,0,0,18-APR-2022,
OPTSTK,SRTRANSFIN,30-Jun-2022,1140.0,PE,0.0,0.0,0.0,123.65,97.6,0,0.0,0,0,18-APR-2022,
OPTSTK,SRTRANSFIN,30-Jun-2022,1160.0,PE,0.0,0.0,0.0,134.7,107.8,0,0.0,0,0,18-APR-2022,
OPTSTK,SRTRANSFIN,30-Jun-2022,1180.0,PE,0.0,0.0,0.0,146.25,118.6,0,0.0,0,0,18-APR-2022,
OPTSTK,SRTRANSFIN,30-Jun-2022,1200.0,PE,0.0,0.0,0.0,158.3,129.9,0,0.0,0,0,18-APR-2022,
OPTSTK,SRTRANSFIN,30-Jun-2022,1220.0,PE,0.0,0.0,0.0,170.75,141.75,0,0.0,0,0,18-APR-2022,
OPTSTK,SRTRANSFIN,30-Jun-2022,1240.0,PE,0.0,0.0,0.0,183.65,154.1,0,0.0,0,0,18-APR-2022,
OPTSTK,SRTRANSFIN,30-Jun-2022,1260.0,PE,0.0,0.0,0.0,196.95,166.9,0,0.0,0,0,18-APR-2022,
OPTSTK,SRTRANSFIN,30-Jun-2022,1280.0,PE,0.0,0.0,0.0,210.65,180.2,0,0.0,0,0,18-APR-2022,
OPTSTK,SRTRANSFIN,30-Jun-2022,1300.0,PE,0.0,0.0,0.0,224.7,193.9,0,0.0,0,0,18-APR-2022,
OPTSTK,SRTRANSFIN,30-Jun-2022,1320.0,PE,0.0,0.0,0.0,239.15,208.05,0,0.0,0,0,18-APR-2022,
OPTSTK,SRTRANSFIN,30-Jun-2022,1340.0,PE,0.0,0.0,0.0,254.0,222.65,0,0.0,0,0,18-APR-2022,
OPTSTK,SRTRANSFIN,30-Jun-2022,1360.0,PE,0.0,0.0,0.0,269.15,237.65,0,0.0,0,0,18-APR-2022,
OPTSTK,SRTRANSFIN,30-Jun-2022,1380.0,PE,0.0,0.0,0.0,284.55,252.95,0,0.0,0,0,18-APR-2022,
OPTSTK,SRTRANSFIN,30-Jun-2022,1400.0,PE,0.0,0.0,0.0,300.3,268.6,0,0.0,0,0,18-APR-2022,
OPTSTK,SRTRANSFIN,30-Jun-2022,1420.0,PE,0.0,0.0,0.0,316.3,284.55,0,0.0,0,0,18-APR-2022,
OPTSTK,SRTRANSFIN,30-Jun-2022,1440.0,PE,0.0,0.0,0.0,332.55,300.8,0,0.0,0,0,18-APR-2022,
OPTSTK,SRTRANSFIN,30-Jun-2022,1460.0,PE,0.0,0.0,0.0,349.05,317.35,0,0.0,0,0,18-APR-2022,
OPTSTK,SRTRANSFIN,30-Jun-2022,1480.0,PE,0.0,0.0,0.0,365.8,334.15,0,0.0,0,0,18-APR-2022,
OPTSTK,SRTRANSFIN,30-Jun-2022,1500.0,PE,0.0,0.0,0.0,382.75,351.2,0,0.0,0,0,18-APR-2022,
OPTSTK,SRTRANSFIN,30-Jun-2022,1520.0,PE,0.0,0.0,0.0,399.95,368.5,0,0.0,0,0,18-APR-2022,
OPTSTK,SRTRANSFIN,30-Jun-2022,1540.0,PE,0.0,0.0,0.0,417.3,386.0,0,0.0,0,0,18-APR-2022,
OPTSTK,SRTRANSFIN,30-Jun-2022,1560.0,PE,0.0,0.0,0.0,434.85,403.7,0,0.0,0,0,18-APR-2022,
OPTSTK,SRTRANSFIN,30-Jun-2022,1580.0,PE,0.0,0.0,0.0,452.55,421.55,0,0.0,0,0,18-APR-2022,
OPTSTK,STAR,28-Apr-2022,210.0,CE,0.0,0.0,0.0,166.35,144.9,0,0.0,0,0,18-APR-2022,
OPTSTK,STAR,28-Apr-2022,220.0,CE,0.0,0.0,0.0,156.75,134.9,0,0.0,0,0,18-APR-2022,
OPTSTK,STAR,28-Apr-2022,225.0,CE,0.0,0.0,0.0,122.35,129.9,0,0.0,0,0,18-APR-2022,
OPTSTK,STAR,28-Apr-2022,230.0,CE,0.0,0.0,0.0,147.25,124.95,0,0.0,0,0,18-APR-2022,
OPTSTK,STAR,28-Apr-2022,235.0,CE,0.0,0.0,0.0,112.45,119.95,0,0.0,0,0,18-APR-2022,
OPTSTK,STAR,28-Apr-2022,240.0,CE,0.0,0.0,0.0,137.85,114.95,0,0.0,0,0,18-APR-2022,
OPTSTK,STAR,28-Apr-2022,245.0,CE,0.0,0.0,0.0,102.55,109.95,0,0.0,0,0,18-APR-2022,
OPTSTK,STAR,28-Apr-2022,250.0,CE,0.0,0.0,0.0,128.7,104.95,0,0.0,0,0,18-APR-2022,
OPTSTK,STAR,28-Apr-2022,255.0,CE,0.0,0.0,0.0,92.8,99.95,0,0.0,0,0,18-APR-2022,
OPTSTK,STAR,28-Apr-2022,260.0,CE,0.0,0.0,0.0,119.75,94.95,0,0.0,0,0,18-APR-2022,
OPTSTK,STAR,28-Apr-2022,265.0,CE,0.0,0.0,0.0,83.15,89.95,0,0.0,0,0,18-APR-2022,
OPTSTK,STAR,28-Apr-2022,270.0,CE,0.0,0.0,0.0,111.05,85.0,0,0.0,0,0,18-APR-2022,
OPTSTK,STAR,28-Apr-2022,275.0,CE,0.0,0.0,0.0,73.8,80.0,0,0.0,0,0,18-APR-2022,
OPTSTK,STAR,28-Apr-2022,280.0,CE,0.0,0.0,0.0,102.65,75.0,0,0.0,0,0,18-APR-2022,
OPTSTK,STAR,28-Apr-2022,285.0,CE,0.0,0.0,0.0,64.7,70.05,0,0.0,0,0,18-APR-2022,
OPTSTK,STAR,28-Apr-2022,290.0,CE,0.0,0.0,0.0,94.6,65.1,0,0.0,0,0,18-APR-2022,
OPTSTK,STAR,28-Apr-2022,295.0,CE,0.0,0.0,0.0,56.1,60.2,0,0.0,0,0,18-APR-2022,
OPTSTK,STAR,28-Apr-2022,300.0,CE,0.0,0.0,0.0,86.9,55.35,0,0.0,0,0,18-APR-2022,
OPTSTK,STAR,28-Apr-2022,305.0,CE,0.0,0.0,0.0,48.0,50.6,0,0.0,0,0,18-APR-2022,
OPTSTK,STAR,28-Apr-2022,310.0,CE,0.0,0.0,0.0,55.0,45.9,0,0.0,0,0,18-APR-2022,
OPTSTK,STAR,28-Apr-2022,315.0,CE,0.0,0.0,0.0,40.55,41.35,0,0.0,0,0,18-APR-2022,
OPTSTK,STAR,28-Apr-2022,320.0,CE,0.0,0.0,0.0,72.6,36.9,0,0.0,0,0,18-APR-2022,
OPTSTK,STAR,28-Apr-2022,325.0,CE,0.0,0.0,0.0,33.75,32.7,0,0.0,0,0,18-APR-2022,
OPTSTK,STAR,28-Apr-2022,330.0,CE,0.0,0.0,0.0,66.05,28.7,0,0.0,0,0,18-APR-2022,
OPTSTK,STAR,28-Apr-2022,335.0,CE,0.0,0.0,0.0,27.75,24.95,0,0.0,0,0,18-APR-2022,
OPTSTK,STAR,28-Apr-2022,340.0,CE,20.0,20.0,20.0,20.0,21.45,1,3.24,3600,0,18-APR-2022,
OPTSTK,STAR,28-Apr-2022,345.0,CE,0.0,0.0,0.0,22.5,18.25,0,0.0,0,0,18-APR-2022,
OPTSTK,STAR,28-Apr-2022,350.0,CE,18.5,18.5,13.0,16.1,16.1,29,95.27,45900,4500,18-APR-2022,
OPTSTK,STAR,28-Apr-2022,355.0,CE,2.3,2.3,2.3,2.3,12.8,1,3.21,900,900,18-APR-2022,
OPTSTK,STAR,28-Apr-2022,360.0,CE,14.95,14.95,8.65,10.15,10.15,42,140.32,64800,-7200,18-APR-2022,
OPTSTK,STAR,28-Apr-2022,365.0,CE,0.0,0.0,0.0,14.15,8.6,0,0.0,0,0,18-APR-2022,
OPTSTK,STAR,28-Apr-2022,370.0,CE,8.4,10.75,5.35,6.6,6.6,139,471.09,100800,25200,18-APR-2022,
OPTSTK,STAR,28-Apr-2022,375.0,CE,0.0,0.0,0.0,10.2,5.55,0,0.0,3600,0,18-APR-2022,
OPTSTK,STAR,28-Apr-2022,380.0,CE,7.6,7.6,3.8,4.5,4.5,287,994.59,338400,18000,18-APR-2022,
OPTSTK,STAR,28-Apr-2022,385.0,CE,3.3,3.4,3.3,3.35,3.4,4,13.98,1800,900,18-APR-2022,
OPTSTK,STAR,28-Apr-2022,390.0,CE,5.0,5.0,2.95,3.25,3.25,171,606.03,226800,-12600,18-APR-2022,
OPTSTK,STAR,28-Apr-2022,395.0,CE,0.0,0.0,0.0,6.45,2.0,0,0.0,0,0,18-APR-2022,
OPTSTK,STAR,28-Apr-2022,400.0,CE,0.85,3.55,0.85,2.55,2.55,290,1051.45,397800,-22500,18-APR-2022,
OPTSTK,STAR,28-Apr-2022,405.0,CE,0.0,0.0,0.0,4.85,1.15,0,0.0,0,0,18-APR-2022,
OPTSTK,STAR,28-Apr-2022,410.0,CE,2.95,2.95,1.85,1.85,0.85,14,51.92,56700,-900,18-APR-2022,
OPTSTK,STAR,28-Apr-2022,415.0,CE,0.0,0.0,0.0,10.0,0.6,0,0.0,900,0,18-APR-2022,
OPTSTK,STAR,28-Apr-2022,420.0,CE,2.55,2.55,1.5,1.65,1.65,78,296.0,142200,-11700,18-APR-2022,
OPTSTK,STAR,28-Apr-2022,425.0,CE,0.0,0.0,0.0,2.65,0.35,0,0.0,0,0,18-APR-2022,
OPTSTK,STAR,28-Apr-2022,430.0,CE,1.15,1.4,1.1,1.4,1.4,13,50.44,15300,-3600,18-APR-2022,
OPTSTK,STAR,28-Apr-2022,435.0,CE,0.0,0.0,0.0,1.9,0.15,0,0.0,0,0,18-APR-2022,
OPTSTK,STAR,28-Apr-2022,440.0,CE,0.0,0.0,0.0,1.25,0.15,0,0.0,9900,0,18-APR-2022,
OPTSTK,STAR,28-Apr-2022,445.0,CE,0.0,0.0,0.0,1.4,0.1,0,0.0,0,0,18-APR-2022,
OPTSTK,STAR,28-Apr-2022,450.0,CE,1.75,1.75,0.6,0.6,0.6,26,105.52,90900,-10800,18-APR-2022,
OPTSTK,STAR,28-Apr-2022,455.0,CE,0.0,0.0,0.0,1.0,0.05,0,0.0,0,0,18-APR-2022,
OPTSTK,STAR,28-Apr-2022,460.0,CE,0.0,0.0,0.0,1.15,0.05,0,0.0,2700,0,18-APR-2022,
OPTSTK,STAR,28-Apr-2022,465.0,CE,0.0,0.0,0.0,0.7,0.05,0,0.0,0,0,18-APR-2022,
OPTSTK,STAR,28-Apr-2022,470.0,CE,0.0,0.0,0.0,1.25,0.05,0,0.0,3600,0,18-APR-2022,
OPTSTK,STAR,28-Apr-2022,475.0,CE,0.0,0.0,0.0,0.5,0.05,0,0.0,0,0,18-APR-2022,
OPTSTK,STAR,28-Apr-2022,480.0,CE,0.0,0.0,0.0,0.45,0.0,0,0.0,8100,0,18-APR-2022,
OPTSTK,STAR,28-Apr-2022,490.0,CE,0.0,0.0,0.0,10.45,0.0,0,0.0,0,0,18-APR-2022,
OPTSTK,STAR,28-Apr-2022,500.0,CE,0.2,0.25,0.2,0.2,0.0,3,13.5,220500,-2700,18-APR-2022,
OPTSTK,STAR,28-Apr-2022,510.0,CE,0.0,0.0,0.0,8.05,0.0,0,0.0,0,0,18-APR-2022,
OPTSTK,STAR,28-Apr-2022,520.0,CE,0.0,0.0,0.0,7.05,0.0,0,0.0,0,0,18-APR-2022,
OPTSTK,STAR,28-Apr-2022,530.0,CE,0.0,0.0,0.0,6.15,0.0,0,0.0,0,0,18-APR-2022,
OPTSTK,STAR,28-Apr-2022,540.0,CE,0.0,0.0,0.0,5.35,0.0,0,0.0,0,0,18-APR-2022,
OPTSTK,STAR,28-Apr-2022,550.0,CE,0.0,0.0,0.0,4.7,0.0,0,0.0,0,0,18-APR-2022,
OPTSTK,STAR,28-Apr-2022,560.0,CE,0.0,0.0,0.0,0.45,0.0,0,0.0,900,0,18-APR-2022,
OPTSTK,STAR,28-Apr-2022,570.0,CE,0.0,0.0,0.0,3.55,0.0,0,0.0,0,0,18-APR-2022,
OPTSTK,STAR,28-Apr-2022,210.0,PE,0.0,0.0,0.0,0.1,0.0,0,0.0,900,0,18-APR-2022,
OPTSTK,STAR,28-Apr-2022,220.0,PE,0.0,0.0,0.0,0.7,0.0,0,0.0,0,0,18-APR-2022,
OPTSTK,STAR,28-Apr-2022,225.0,PE,0.0,0.0,0.0,0.05,0.0,0,0.0,0,0,18-APR-2022,
OPTSTK,STAR,28-Apr-2022,230.0,PE,0.0,0.0,0.0,1.1,0.0,0,0.0,0,0,18-APR-2022,
OPTSTK,STAR,28-Apr-2022,235.0,PE,0.0,0.0,0.0,0.1,0.0,0,0.0,0,0,18-APR-2022,
OPTSTK,STAR,28-Apr-2022,240.0,PE,0.0,0.0,0.0,1.6,0.0,0,0.0,0,0,18-APR-2022,
OPTSTK,STAR,28-Apr-2022,245.0,PE,0.0,0.0,0.0,0.2,0.0,0,0.0,0,0,18-APR-2022,
OPTSTK,STAR,28-Apr-2022,250.0,PE,0.0,0.0,0.0,2.35,0.0,0,0.0,0,0,18-APR-2022,
OPTSTK,STAR,28-Apr-2022,255.0,PE,0.0,0.0,0.0,0.4,0.0,0,0.0,0,0,18-APR-2022,
OPTSTK,STAR,28-Apr-2022,260.0,PE,0.0,0.0,0.0,3.3,0.0,0,0.0,0,0,18-APR-2022,
OPTSTK,STAR,28-Apr-2022,265.0,PE,0.0,0.0,0.0,0.75,0.0,0,0.0,0,0,18-APR-2022,
OPTSTK,STAR,28-Apr-2022,270.0,PE,0.0,0.0,0.0,1.6,0.05,0,0.0,900,0,18-APR-2022,
OPTSTK,STAR,28-Apr-2022,275.0,PE,0.0,0.0,0.0,1.3,0.05,0,0.0,0,0,18-APR-2022,
OPTSTK,STAR,28-Apr-2022,280.0,PE,0.0,0.0,0.0,6.0,0.05,0,0.0,0,0,18-APR-2022,
OPTSTK,STAR,28-Apr-2022,285.0,PE,0.0,0.0,0.0,2.25,0.1,0,0.0,0,0,18-APR-2022,
OPTSTK,STAR,28-Apr-2022,290.0,PE,0.0,0.0,0.0,1.1,0.15,0,0.0,1800,0,18-APR-2022,
OPTSTK,STAR,28-Apr-2022,295.0,PE,0.0,0.0,0.0,3.55,0.25,0,0.0,0,0,18-APR-2022,
OPTSTK,STAR,28-Apr-2022,300.0,PE,1.5,1.65,1.45,1.6,1.6,32,86.85,61200,-7200,18-APR-2022,
OPTSTK,STAR,28-Apr-2022,305.0,PE,0.0,0.0,0.0,5.45,0.6,0,0.0,0,0,18-APR-2022,
OPTSTK,STAR,28-Apr-2022,310.0,PE,0.0,0.0,0.0,1.0,0.9,0,0.0,900,0,18-APR-2022,
OPTSTK,STAR,28-Apr-2022,315.0,PE,0.0,0.0,0.0,7.95,1.35,0,0.0,0,0,18-APR-2022,
OPTSTK,STAR,28-Apr-2022,320.0,PE,2.85,4.0,2.75,3.35,3.35,14,40.74,54000,0,18-APR-2022,
OPTSTK,STAR,28-Apr-2022,325.0,PE,0.0,0.0,0.0,11.15,2.7,0,0.0,0,0,18-APR-2022,
OPTSTK,STAR,28-Apr-2022,330.0,PE,0.0,0.0,0.0,4.3,3.65,0,0.0,35100,0,18-APR-2022,
OPTSTK,STAR,28-Apr-2022,335.0,PE,0.0,0.0,0.0,4.95,4.9,0,0.0,900,0,18-APR-2022,
OPTSTK,STAR,28-Apr-2022,340.0,PE,7.45,7.95,5.85,5.85,6.4,15,46.87,72900,-900,18-APR-2022,
OPTSTK,STAR,28-Apr-2022,345.0,PE,0.0,0.0,0.0,7.45,8.25,0,0.0,0,0,18-APR-2022,
OPTSTK,STAR,28-Apr-2022,350.0,PE,9.75,12.6,9.2,9.3,9.3,44,142.89,112500,-4500,18-APR-2022,
OPTSTK,STAR,28-Apr-2022,355.0,PE,0.0,0.0,0.0,25.25,12.75,0,0.0,0,0,18-APR-2022,
OPTSTK,STAR,28-Apr-2022,360.0,PE,15.3,18.55,13.8,14.45,14.45,87,293.65,77400,0,18-APR-2022,
OPTSTK,STAR,28-Apr-2022,365.0,PE,0.0,0.0,0.0,14.75,18.55,0,0.0,1800,0,18-APR-2022,
OPTSTK,STAR,28-Apr-2022,370.0,PE,21.0,24.95,19.85,20.85,20.85,16,56.48,56700,-5400,18-APR-2022,
OPTSTK,STAR,28-Apr-2022,375.0,PE,0.0,0.0,0.0,38.25,25.45,0,0.0,0,0,18-APR-2022,
OPTSTK,STAR,28-Apr-2022,380.0,PE,29.0,33.3,27.75,28.45,28.45,10,36.96,51300,-900,18-APR-2022,
OPTSTK,STAR,28-Apr-2022,385.0,PE,0.0,0.0,0.0,45.7,33.3,0,0.0,0,0,18-APR-2022,
OPTSTK,STAR,28-Apr-2022,390.0,PE,0.0,0.0,0.0,31.75,37.55,0,0.0,2700,0,18-APR-2022,
OPTSTK,STAR,28-Apr-2022,395.0,PE,0.0,0.0,0.0,53.6,41.9,0,0.0,0,0,18-APR-2022,
OPTSTK,STAR,28-Apr-2022,400.0,PE,42.65,42.65,42.65,42.65,46.4,1,3.98,27000,-900,18-APR-2022,
OPTSTK,STAR,28-Apr-2022,405.0,PE,0.0,0.0,0.0,61.95,51.0,0,0.0,0,0,18-APR-2022,
OPTSTK,STAR,28-Apr-2022,410.0,PE,0.0,0.0,0.0,60.05,55.75,0,0.0,0,0,18-APR-2022,
OPTSTK,STAR,28-Apr-2022,415.0,PE,0.0,0.0,0.0,70.7,60.5,0,0.0,0,0,18-APR-2022,
OPTSTK,STAR,28-Apr-2022,420.0,PE,0.0,0.0,0.0,68.0,65.35,0,0.0,900,0,18-APR-2022,
OPTSTK,STAR,28-Apr-2022,425.0,PE,0.0,0.0,0.0,79.7,70.2,0,0.0,0,0,18-APR-2022,
OPTSTK,STAR,28-Apr-2022,430.0,PE,0.0,0.0,0.0,77.0,75.1,0,0.0,4500,0,18-APR-2022,
OPTSTK,STAR,28-Apr-2022,435.0,PE,0.0,0.0,0.0,88.95,80.05,0,0.0,0,0,18-APR-2022,
OPTSTK,STAR,28-Apr-2022,440.0,PE,0.0,0.0,0.0,83.0,85.0,0,0.0,900,0,18-APR-2022,
OPTSTK,STAR,28-Apr-2022,445.0,PE,0.0,0.0,0.0,98.4,89.95,0,0.0,0,0,18-APR-2022,
OPTSTK,STAR,28-Apr-2022,450.0,PE,0.0,0.0,0.0,88.95,94.9,0,0.0,0,0,18-APR-2022,
OPTSTK,STAR,28-Apr-2022,455.0,PE,0.0,0.0,0.0,107.95,99.9,0,0.0,0,0,18-APR-2022,
OPTSTK,STAR,28-Apr-2022,460.0,PE,0.0,0.0,0.0,96.8,104.85,0,0.0,0,0,18-APR-2022,
OPTSTK,STAR,28-Apr-2022,465.0,PE,0.0,0.0,0.0,117.65,109.85,0,0.0,0,0,18-APR-2022,
OPTSTK,STAR,28-Apr-2022,470.0,PE,0.0,0.0,0.0,117.0,114.85,0,0.0,900,0,18-APR-2022,
OPTSTK,STAR,28-Apr-2022,475.0,PE,0.0,0.0,0.0,127.4,119.85,0,0.0,0,0,18-APR-2022,
OPTSTK,STAR,28-Apr-2022,480.0,PE,0.0,0.0,0.0,127.0,124.85,0,0.0,2700,0,18-APR-2022,
OPTSTK,STAR,28-Apr-2022,490.0,PE,0.0,0.0,0.0,121.6,134.8,0,0.0,0,0,18-APR-2022,
OPTSTK,STAR,28-Apr-2022,500.0,PE,0.0,0.0,0.0,138.0,144.8,0,0.0,1800,0,18-APR-2022,
OPTSTK,STAR,28-Apr-2022,510.0,PE,0.0,0.0,0.0,138.95,154.8,0,0.0,0,0,18-APR-2022,
OPTSTK,STAR,28-Apr-2022,520.0,PE,0.0,0.0,0.0,167.0,164.8,0,0.0,1800,0,18-APR-2022,
OPTSTK,STAR,28-Apr-2022,530.0,PE,0.0,0.0,0.0,172.95,174.75,0,0.0,900,0,18-APR-2022,
OPTSTK,STAR,28-Apr-2022,540.0,PE,0.0,0.0,0.0,186.0,184.75,0,0.0,900,0,18-APR-2022,
OPTSTK,STAR,28-Apr-2022,550.0,PE,0.0,0.0,0.0,175.2,194.75,0,0.0,0,0,18-APR-2022,
OPTSTK,STAR,28-Apr-2022,560.0,PE,0.0,0.0,0.0,206.0,204.75,0,0.0,3600,0,18-APR-2022,
OPTSTK,STAR,28-Apr-2022,570.0,PE,0.0,0.0,0.0,193.9,214.75,0,0.0,0,0,18-APR-2022,
OPTSTK,STAR,26-May-2022,210.0,CE,0.0,0.0,0.0,108.05,145.6,0,0.0,0,0,18-APR-2022,
OPTSTK,STAR,26-May-2022,220.0,CE,0.0,0.0,0.0,99.15,135.7,0,0.0,0,0,18-APR-2022,
OPTSTK,STAR,26-May-2022,225.0,CE,0.0,0.0,0.0,123.55,130.75,0,0.0,0,0,18-APR-2022,
OPTSTK,STAR,26-May-2022,230.0,CE,0.0,0.0,0.0,90.5,125.8,0,0.0,0,0,18-APR-2022,
OPTSTK,STAR,26-May-2022,235.0,CE,0.0,0.0,0.0,114.0,120.85,0,0.0,0,0,18-APR-2022,
OPTSTK,STAR,26-May-2022,240.0,CE,0.0,0.0,0.0,82.25,115.95,0,0.0,0,0,18-APR-2022,
OPTSTK,STAR,26-May-2022,245.0,CE,0.0,0.0,0.0,104.55,111.05,0,0.0,0,0,18-APR-2022,
OPTSTK,STAR,26-May-2022,250.0,CE,0.0,0.0,0.0,74.45,106.2,0,0.0,0,0,18-APR-2022,
OPTSTK,STAR,26-May-2022,255.0,CE,0.0,0.0,0.0,95.4,101.4,0,0.0,0,0,18-APR-2022,
OPTSTK,STAR,26-May-2022,260.0,CE,0.0,0.0,0.0,67.05,96.6,0,0.0,0,0,18-APR-2022,
OPTSTK,STAR,26-May-2022,265.0,CE,0.0,0.0,0.0,86.5,91.9,0,0.0,0,0,18-APR-2022,
OPTSTK,STAR,26-May-2022,270.0,CE,0.0,0.0,0.0,60.1,87.2,0,0.0,0,0,18-APR-2022,
OPTSTK,STAR,26-May-2022,275.0,CE,0.0,0.0,0.0,78.0,82.6,0,0.0,0,0,18-APR-2022,
OPTSTK,STAR,26-May-2022,280.0,CE,0.0,0.0,0.0,53.65,78.1,0,0.0,0,0,18-APR-2022,
OPTSTK,STAR,26-May-2022,285.0,CE,0.0,0.0,0.0,69.9,73.65,0,0.0,0,0,18-APR-2022,
OPTSTK,STAR,26-May-2022,290.0,CE,0.0,0.0,0.0,47.65,69.35,0,0.0,0,0,18-APR-2022,
OPTSTK,STAR,26-May-2022,295.0,CE,0.0,0.0,0.0,62.2,65.1,0,0.0,0,0,18-APR-2022,
OPTSTK,STAR,26-May-2022,300.0,CE,0.0,0.0,0.0,42.2,61.0,0,0.0,0,0,18-APR-2022,
OPTSTK,STAR,26-May-2022,305.0,CE,0.0,0.0,0.0,55.05,57.0,0,0.0,0,0,18-APR-2022,
OPTSTK,STAR,26-May-2022,310.0,CE,0.0,0.0,0.0,37.2,53.2,0,0.0,0,0,18-APR-2022,
OPTSTK,STAR,26-May-2022,315.0,CE,0.0,0.0,0.0,48.4,49.5,0,0.0,0,0,18-APR-2022,
OPTSTK,STAR,26-May-2022,320.0,CE,0.0,0.0,0.0,32.7,45.9,0,0.0,0,0,18-APR-2022,
OPTSTK,STAR,26-May-2022,325.0,CE,0.0,0.0,0.0,42.3,42.5,0,0.0,0,0,18-APR-2022,
OPTSTK,STAR,26-May-2022,330.0,CE,0.0,0.0,0.0,28.65,39.25,0,0.0,0,0,18-APR-2022,
OPTSTK,STAR,26-May-2022,335.0,CE,0.0,0.0,0.0,36.75,36.2,0,0.0,0,0,18-APR-2022,
OPTSTK,STAR,26-May-2022,340.0,CE,0.0,0.0,0.0,25.0,33.25,0,0.0,0,0,18-APR-2022,
OPTSTK,STAR,26-May-2022,345.0,CE,0.0,0.0,0.0,31.75,30.5,0,0.0,0,0,18-APR-2022,
OPTSTK,STAR,26-May-2022,350.0,CE,25.0,25.0,25.0,25.0,27.9,1,3.37,1800,900,18-APR-2022,
OPTSTK,STAR,26-May-2022,355.0,CE,0.0,0.0,0.0,27.25,25.5,0,0.0,0,0,18-APR-2022,
OPTSTK,STAR,26-May-2022,360.0,CE,21.0,22.0,21.0,22.0,23.2,3,10.3,2700,2700,18-APR-2022,
OPTSTK,STAR,26-May-2022,365.0,CE,0.0,0.0,0.0,23.25,21.1,0,0.0,0,0,18-APR-2022,
OPTSTK,STAR,26-May-2022,370.0,CE,20.0,22.0,20.0,22.0,22.0,2,7.03,3600,1800,18-APR-2022,
OPTSTK,STAR,26-May-2022,375.0,CE,0.0,0.0,0.0,36.0,17.3,0,0.0,4500,0,18-APR-2022,
OPTSTK,STAR,26-May-2022,380.0,CE,15.0,15.0,15.0,15.0,15.6,1,3.55,1800,0,18-APR-2022,
OPTSTK,STAR,26-May-2022,385.0,CE,0.0,0.0,0.0,16.7,14.05,0,0.0,0,0,18-APR-2022,
OPTSTK,STAR,26-May-2022,390.0,CE,0.0,0.0,0.0,12.15,12.65,0,0.0,0,0,18-APR-2022,
OPTSTK,STAR,26-May-2022,395.0,CE,0.0,0.0,0.0,14.1,11.35,0,0.0,0,0,18-APR-2022,
OPTSTK,STAR,26-May-2022,400.0,CE,9.9,9.9,8.85,8.85,10.15,2,7.36,12600,900,18-APR-2022,
OPTSTK,STAR,26-May-2022,405.0,CE,0.0,0.0,0.0,11.8,9.1,0,0.0,0,0,18-APR-2022,
OPTSTK,STAR,26-May-2022,410.0,CE,0.0,0.0,0.0,8.95,8.1,0,0.0,0,0,18-APR-2022,
OPTSTK,STAR,26-May-2022,415.0,CE,0.0,0.0,0.0,9.85,7.2,0,0.0,0,0,18-APR-2022,
OPTSTK,STAR,26-May-2022,420.0,CE,0.0,0.0,0.0,7.65,6.4,0,0.0,0,0,18-APR-2022,
OPTSTK,STAR,26-May-2022,425.0,CE,0.0,0.0,0.0,8.15,5.7,0,0.0,0,0,18-APR-2022,
OPTSTK,STAR,26-May-2022,430.0,CE,0.0,0.0,0.0,6.55,5.05,0,0.0,0,0,18-APR-2022,
OPTSTK,STAR,26-May-2022,435.0,CE,0.0,0.0,0.0,6.75,4.45,0,0.0,0,0,18-APR-2022,
OPTSTK,STAR,26-May-2022,440.0,CE,0.0,0.0,0.0,17.0,3.9,0,0.0,900,0,18-APR-2022,
OPTSTK,STAR,26-May-2022,445.0,CE,0.0,0.0,0.0,5.6,3.45,0,0.0,0,0,18-APR-2022,
OPTSTK,STAR,26-May-2022,450.0,CE,0.0,0.0,0.0,8.8,3.05,0,0.0,1800,0,18-APR-2022,
OPTSTK,STAR,26-May-2022,455.0,CE,0.0,0.0,0.0,4.6,2.65,0,0.0,0,0,18-APR-2022,
OPTSTK,STAR,26-May-2022,460.0,CE,0.0,0.0,0.0,4.05,2.35,0,0.0,0,0,18-APR-2022,
OPTSTK,STAR,26-May-2022,465.0,CE,0.0,0.0,0.0,3.75,2.05,0,0.0,0,0,18-APR-2022,
OPTSTK,STAR,26-May-2022,470.0,CE,0.0,0.0,0.0,3.45,1.8,0,0.0,0,0,18-APR-2022,
OPTSTK,STAR,26-May-2022,475.0,CE,0.0,0.0,0.0,3.05,1.55,0,0.0,0,0,18-APR-2022,
OPTSTK,STAR,26-May-2022,480.0,CE,0.0,0.0,0.0,2.9,1.35,0,0.0,0,0,18-APR-2022,
OPTSTK,STAR,26-May-2022,490.0,CE,0.0,0.0,0.0,2.45,1.05,0,0.0,0,0,18-APR-2022,
OPTSTK,STAR,26-May-2022,500.0,CE,0.0,0.0,0.0,2.1,0.8,0,0.0,0,0,18-APR-2022,
OPTSTK,STAR,26-May-2022,510.0,CE,0.0,0.0,0.0,1.75,0.6,0,0.0,0,0,18-APR-2022,
OPTSTK,STAR,26-May-2022,210.0,PE,0.0,0.0,0.0,1.95,0.05,0,0.0,0,0,18-APR-2022,
OPTSTK,STAR,26-May-2022,220.0,PE,0.0,0.0,0.0,2.95,0.05,0,0.0,0,0,18-APR-2022,
OPTSTK,STAR,26-May-2022,225.0,PE,0.0,0.0,0.0,0.5,0.1,0,0.0,0,0,18-APR-2022,
OPTSTK,STAR,26-May-2022,230.0,PE,0.0,0.0,0.0,4.2,0.15,0,0.0,0,0,18-APR-2022,
OPTSTK,STAR,26-May-2022,235.0,PE,0.0,0.0,0.0,0.85,0.2,0,0.0,0,0,18-APR-2022,
OPTSTK,STAR,26-May-2022,240.0,PE,0.0,0.0,0.0,5.85,0.25,0,0.0,0,0,18-APR-2022,
OPTSTK,STAR,26-May-2022,245.0,PE,0.0,0.0,0.0,1.4,0.35,0,0.0,0,0,18-APR-2022,
OPTSTK,STAR,26-May-2022,250.0,PE,0.0,0.0,0.0,7.9,0.45,0,0.0,0,0,18-APR-2022,
OPTSTK,STAR,26-May-2022,255.0,PE,0.0,0.0,0.0,2.15,0.6,0,0.0,0,0,18-APR-2022,
OPTSTK,STAR,26-May-2022,260.0,PE,0.0,0.0,0.0,10.4,0.8,0,0.0,0,0,18-APR-2022,
OPTSTK,STAR,26-May-2022,265.0,PE,0.0,0.0,0.0,3.2,1.05,0,0.0,0,0,18-APR-2022,
OPTSTK,STAR,26-May-2022,270.0,PE,0.0,0.0,0.0,13.35,1.35,0,0.0,0,0,18-APR-2022,
OPTSTK,STAR,26-May-2022,275.0,PE,0.0,0.0,0.0,4.6,1.75,0,0.0,0,0,18-APR-2022,
OPTSTK,STAR,26-May-2022,280.0,PE,0.0,0.0,0.0,16.8,2.2,0,0.0,0,0,18-APR-2022,
OPTSTK,STAR,26-May-2022,285.0,PE,0.0,0.0,0.0,6.45,2.75,0,0.0,0,0,18-APR-2022,
OPTSTK,STAR,26-May-2022,290.0,PE,0.0,0.0,0.0,20.75,3.4,0,0.0,0,0,18-APR-2022,
OPTSTK,STAR,26-May-2022,295.0,PE,0.0,0.0,0.0,8.7,4.15,0,0.0,0,0,18-APR-2022,
OPTSTK,STAR,26-May-2022,300.0,PE,0.0,0.0,0.0,5.0,5.05,0,0.0,900,0,18-APR-2022,
OPTSTK,STAR,26-May-2022,305.0,PE,0.0,0.0,0.0,11.45,6.0,0,0.0,0,0,18-APR-2022,
OPTSTK,STAR,26-May-2022,310.0,PE,0.0,0.0,0.0,30.1,7.15,0,0.0,0,0,18-APR-2022,
OPTSTK,STAR,26-May-2022,315.0,PE,0.0,0.0,0.0,14.75,8.45,0,0.0,0,0,18-APR-2022,
OPTSTK,STAR,26-May-2022,320.0,PE,0.0,0.0,0.0,35.45,9.85,0,0.0,0,0,18-APR-2022,
OPTSTK,STAR,26-May-2022,325.0,PE,0.0,0.0,0.0,18.6,11.4,0,0.0,0,0,18-APR-2022,
OPTSTK,STAR,26-May-2022,330.0,PE,0.0,0.0,0.0,41.3,13.15,0,0.0,0,0,18-APR-2022,
OPTSTK,STAR,26-May-2022,335.0,PE,0.0,0.0,0.0,22.95,15.05,0,0.0,0,0,18-APR-2022,
OPTSTK,STAR,26-May-2022,340.0,PE,17.0,17.0,17.0,17.0,17.1,1,3.21,900,900,18-APR-2022,
OPTSTK,STAR,26-May-2022,345.0,PE,0.0,0.0,0.0,27.9,19.35,0,0.0,0,0,18-APR-2022,
OPTSTK,STAR,26-May-2022,350.0,PE,21.5,21.5,21.5,21.5,21.7,1,3.34,9000,900,18-APR-2022,
OPTSTK,STAR,26-May-2022,355.0,PE,0.0,0.0,0.0,33.35,24.25,0,0.0,0,0,18-APR-2022,
OPTSTK,STAR,26-May-2022,360.0,PE,0.0,0.0,0.0,21.0,26.95,0,0.0,1800,0,18-APR-2022,
OPTSTK,STAR,26-May-2022,365.0,PE,0.0,0.0,0.0,39.3,29.8,0,0.0,0,0,18-APR-2022,
OPTSTK,STAR,26-May-2022,370.0,PE,0.0,0.0,0.0,68.55,32.85,0,0.0,0,0,18-APR-2022,
OPTSTK,STAR,26-May-2022,375.0,PE,0.0,0.0,0.0,45.75,36.0,0,0.0,0,0,18-APR-2022,
OPTSTK,STAR,26-May-2022,380.0,PE,0.0,0.0,0.0,76.25,39.3,0,0.0,0,0,18-APR-2022,
OPTSTK,STAR,26-May-2022,385.0,PE,0.0,0.0,0.0,52.6,42.7,0,0.0,0,0,18-APR-2022,
OPTSTK,STAR,26-May-2022,390.0,PE,0.0,0.0,0.0,84.15,46.25,0,0.0,0,0,18-APR-2022,
OPTSTK,STAR,26-May-2022,395.0,PE,0.0,0.0,0.0,59.9,49.95,0,0.0,0,0,18-APR-2022,
OPTSTK,STAR,26-May-2022,400.0,PE,0.0,0.0,0.0,92.35,53.75,0,0.0,0,0,18-APR-2022,
OPTSTK,STAR,26-May-2022,405.0,PE,0.0,0.0,0.0,67.6,57.65,0,0.0,0,0,18-APR-2022,
OPTSTK,STAR,26-May-2022,410.0,PE,0.0,0.0,0.0,100.75,61.65,0,0.0,0,0,18-APR-2022,
OPTSTK,STAR,26-May-2022,415.0,PE,0.0,0.0,0.0,75.55,65.75,0,0.0,0,0,18-APR-2022,
OPTSTK,STAR,26-May-2022,420.0,PE,0.0,0.0,0.0,109.35,69.9,0,0.0,0,0,18-APR-2022,
OPTSTK,STAR,26-May-2022,425.0,PE,0.0,0.0,0.0,83.8,74.15,0,0.0,0,0,18-APR-2022,
OPTSTK,STAR,26-May-2022,430.0,PE,0.0,0.0,0.0,118.15,78.5,0,0.0,0,0,18-APR-2022,
OPTSTK,STAR,26-May-2022,435.0,PE,0.0,0.0,0.0,92.35,82.9,0,0.0,0,0,18-APR-2022,
OPTSTK,STAR,26-May-2022,440.0,PE,0.0,0.0,0.0,127.05,87.35,0,0.0,0,0,18-APR-2022,
OPTSTK,STAR,26-May-2022,445.0,PE,0.0,0.0,0.0,101.1,91.85,0,0.0,0,0,18-APR-2022,
OPTSTK,STAR,26-May-2022,450.0,PE,0.0,0.0,0.0,136.15,96.4,0,0.0,0,0,18-APR-2022,
OPTSTK,STAR,26-May-2022,455.0,PE,0.0,0.0,0.0,110.05,101.0,0,0.0,0,0,18-APR-2022,
OPTSTK,STAR,26-May-2022,460.0,PE,0.0,0.0,0.0,145.35,105.65,0,0.0,0,0,18-APR-2022,
OPTSTK,STAR,26-May-2022,465.0,PE,0.0,0.0,0.0,119.15,110.35,0,0.0,0,0,18-APR-2022,
OPTSTK,STAR,26-May-2022,470.0,PE,0.0,0.0,0.0,154.6,115.05,0,0.0,0,0,18-APR-2022,
OPTSTK,STAR,26-May-2022,475.0,PE,0.0,0.0,0.0,128.4,119.8,0,0.0,0,0,18-APR-2022,
OPTSTK,STAR,26-May-2022,480.0,PE,0.0,0.0,0.0,164.0,124.6,0,0.0,0,0,18-APR-2022,
OPTSTK,STAR,26-May-2022,490.0,PE,0.0,0.0,0.0,173.45,134.25,0,0.0,0,0,18-APR-2022,
OPTSTK,STAR,26-May-2022,500.0,PE,0.0,0.0,0.0,182.95,143.95,0,0.0,0,0,18-APR-2022,
OPTSTK,STAR,26-May-2022,510.0,PE,0.0,0.0,0.0,192.55,153.7,0,0.0,0,0,18-APR-2022,
OPTSTK,STAR,30-Jun-2022,215.0,CE,0.0,0.0,0.0,135.05,141.95,0,0.0,0,0,18-APR-2022,
OPTSTK,STAR,30-Jun-2022,220.0,CE,0.0,0.0,0.0,130.4,137.1,0,0.0,0,0,18-APR-2022,
OPTSTK,STAR,30-Jun-2022,225.0,CE,0.0,0.0,0.0,125.75,132.35,0,0.0,0,0,18-APR-2022,
OPTSTK,STAR,30-Jun-2022,230.0,CE,0.0,0.0,0.0,121.2,127.6,0,0.0,0,0,18-APR-2022,
OPTSTK,STAR,30-Jun-2022,235.0,CE,0.0,0.0,0.0,116.7,122.9,0,0.0,0,0,18-APR-2022,
OPTSTK,STAR,30-Jun-2022,240.0,CE,0.0,0.0,0.0,112.25,118.2,0,0.0,0,0,18-APR-2022,
OPTSTK,STAR,30-Jun-2022,245.0,CE,0.0,0.0,0.0,107.9,113.6,0,0.0,0,0,18-APR-2022,
OPTSTK,STAR,30-Jun-2022,250.0,CE,0.0,0.0,0.0,103.6,109.05,0,0.0,0,0,18-APR-2022,
OPTSTK,STAR,30-Jun-2022,255.0,CE,0.0,0.0,0.0,99.35,104.6,0,0.0,0,0,18-APR-2022,
OPTSTK,STAR,30-Jun-2022,260.0,CE,0.0,0.0,0.0,95.25,100.2,0,0.0,0,0,18-APR-2022,
OPTSTK,STAR,30-Jun-2022,265.0,CE,0.0,0.0,0.0,91.2,95.85,0,0.0,0,0,18-APR-2022,
OPTSTK,STAR,30-Jun-2022,270.0,CE,0.0,0.0,0.0,87.25,91.6,0,0.0,0,0,18-APR-2022,
OPTSTK,STAR,30-Jun-2022,275.0,CE,0.0,0.0,0.0,83.4,87.45,0,0.0,0,0,18-APR-2022,
OPTSTK,STAR,30-Jun-2022,280.0,CE,0.0,0.0,0.0,79.65,83.35,0,0.0,0,0,18-APR-2022,
OPTSTK,STAR,30-Jun-2022,285.0,CE,0.0,0.0,0.0,76.0,79.4,0,0.0,0,0,18-APR-2022,
OPTSTK,STAR,30-Jun-2022,290.0,CE,0.0,0.0,0.0,72.45,75.55,0,0.0,0,0,18-APR-2022,
OPTSTK,STAR,30-Jun-2022,295.0,CE,0.0,0.0,0.0,69.0,71.8,0,0.0,0,0,18-APR-2022,
OPTSTK,STAR,30-Jun-2022,300.0,CE,0.0,0.0,0.0,65.65,68.15,0,0.0,0,0,18-APR-2022,
OPTSTK,STAR,30-Jun-2022,305.0,CE,0.0,0.0,0.0,62.4,64.6,0,0.0,0,0,18-APR-2022,
OPTSTK,STAR,30-Jun-2022,310.0,CE,0.0,0.0,0.0,59.25,61.15,0,0.0,0,0,18-APR-2022,
OPTSTK,STAR,30-Jun-2022,315.0,CE,0.0,0.0,0.0,56.25,57.85,0,0.0,0,0,18-APR-2022,
OPTSTK,STAR,30-Jun-2022,320.0,CE,0.0,0.0,0.0,53.35,54.65,0,0.0,0,0,18-APR-2022,
OPTSTK,STAR,30-Jun-2022,325.0,CE,0.0,0.0,0.0,50.55,51.6,0,0.0,0,0,18-APR-2022,
OPTSTK,STAR,30-Jun-2022,330.0,CE,0.0,0.0,0.0,47.9,48.65,0,0.0,0,0,18-APR-2022,
OPTSTK,STAR,30-Jun-2022,335.0,CE,0.0,0.0,0.0,45.3,45.8,0,0.0,0,0,18-APR-2022,
OPTSTK,STAR,30-Jun-2022,340.0,CE,0.0,0.0,0.0,42.85,43.1,0,0.0,0,0,18-APR-2022,
OPTSTK,STAR,30-Jun-2022,345.0,CE,0.0,0.0,0.0,40.5,40.5,0,0.0,0,0,18-APR-2022,
OPTSTK,STAR,30-Jun-2022,350.0,CE,0.0,0.0,0.0,38.25,38.05,0,0.0,0,0,18-APR-2022,
OPTSTK,STAR,30-Jun-2022,355.0,CE,0.0,0.0,0.0,36.05,35.7,0,0.0,0,0,18-APR-2022,
OPTSTK,STAR,30-Jun-2022,360.0,CE,0.0,0.0,0.0,34.0,33.45,0,0.0,0,0,18-APR-2022,
OPTSTK,STAR,30-Jun-2022,365.0,CE,0.0,0.0,0.0,32.05,31.3,0,0.0,0,0,18-APR-2022,
OPTSTK,STAR,30-Jun-2022,370.0,CE,0.0,0.0,0.0,30.2,29.3,0,0.0,0,0,18-APR-2022,
OPTSTK,STAR,30-Jun-2022,375.0,CE,0.0,0.0,0.0,28.4,27.4,0,0.0,0,0,18-APR-2022,
OPTSTK,STAR,30-Jun-2022,380.0,CE,0.0,0.0,0.0,26.7,25.55,0,0.0,0,0,18-APR-2022,
OPTSTK,STAR,30-Jun-2022,385.0,CE,0.0,0.0,0.0,25.1,23.85,0,0.0,0,0,18-APR-2022,
OPTSTK,STAR,30-Jun-2022,390.0,CE,0.0,0.0,0.0,23.6,22.25,0,0.0,0,0,18-APR-2022,
OPTSTK,STAR,30-Jun-2022,395.0,CE,0.0,0.0,0.0,22.15,20.7,0,0.0,0,0,18-APR-2022,
OPTSTK,STAR,30-Jun-2022,400.0,CE,0.0,0.0,0.0,20.8,19.25,0,0.0,0,0,18-APR-2022,
OPTSTK,STAR,30-Jun-2022,405.0,CE,0.0,0.0,0.0,19.5,17.9,0,0.0,0,0,18-APR-2022,
OPTSTK,STAR,30-Jun-2022,410.0,CE,0.0,0.0,0.0,18.3,16.65,0,0.0,0,0,18-APR-2022,
OPTSTK,STAR,30-Jun-2022,415.0,CE,0.0,0.0,0.0,17.15,15.5,0,0.0,0,0,18-APR-2022,
OPTSTK,STAR,30-Jun-2022,420.0,CE,0.0,0.0,0.0,16.05,14.35,0,0.0,0,0,18-APR-2022,
OPTSTK,STAR,30-Jun-2022,425.0,CE,0.0,0.0,0.0,15.05,13.35,0,0.0,0,0,18-APR-2022,
OPTSTK,STAR,30-Jun-2022,430.0,CE,0.0,0.0,0.0,14.1,12.35,0,0.0,0,0,18-APR-2022,
OPTSTK,STAR,30-Jun-2022,435.0,CE,0.0,0.0,0.0,13.2,11.45,0,0.0,0,0,18-APR-2022,
OPTSTK,STAR,30-Jun-2022,440.0,CE,0.0,0.0,0.0,12.3,10.6,0,0.0,0,0,18-APR-2022,
OPTSTK,STAR,30-Jun-2022,445.0,CE,0.0,0.0,0.0,11.5,9.8,0,0.0,0,0,18-APR-2022,
OPTSTK,STAR,30-Jun-2022,450.0,CE,0.0,0.0,0.0,10.75,9.05,0,0.0,0,0,18-APR-2022,
OPTSTK,STAR,30-Jun-2022,455.0,CE,0.0,0.0,0.0,10.05,8.35,0,0.0,0,0,18-APR-2022,
OPTSTK,STAR,30-Jun-2022,460.0,CE,0.0,0.0,0.0,9.35,7.7,0,0.0,0,0,18-APR-2022,
OPTSTK,STAR,30-Jun-2022,465.0,CE,0.0,0.0,0.0,8.75,7.1,0,0.0,0,0,18-APR-2022,
OPTSTK,STAR,30-Jun-2022,470.0,CE,0.0,0.0,0.0,8.15,6.55,0,0.0,0,0,18-APR-2022,
OPTSTK,STAR,30-Jun-2022,475.0,CE,0.0,0.0,0.0,7.6,6.05,0,0.0,0,0,18-APR-2022,
OPTSTK,STAR,30-Jun-2022,215.0,PE,0.0,0.0,0.0,1.2,0.45,0,0.0,0,0,18-APR-2022,
OPTSTK,STAR,30-Jun-2022,220.0,PE,0.0,0.0,0.0,1.45,0.6,0,0.0,0,0,18-APR-2022,
OPTSTK,STAR,30-Jun-2022,225.0,PE,0.0,0.0,0.0,1.8,0.8,0,0.0,0,0,18-APR-2022,
OPTSTK,STAR,30-Jun-2022,230.0,PE,0.0,0.0,0.0,2.2,1.0,0,0.0,0,0,18-APR-2022,
OPTSTK,STAR,30-Jun-2022,235.0,PE,0.0,0.0,0.0,2.6,1.25,0,0.0,0,0,18-APR-2022,
OPTSTK,STAR,30-Jun-2022,240.0,PE,0.0,0.0,0.0,3.15,1.55,0,0.0,0,0,18-APR-2022,
OPTSTK,STAR,30-Jun-2022,245.0,PE,0.0,0.0,0.0,3.7,1.9,0,0.0,0,0,18-APR-2022,
OPTSTK,STAR,30-Jun-2022,250.0,PE,0.0,0.0,0.0,4.35,2.3,0,0.0,0,0,18-APR-2022,
OPTSTK,STAR,30-Jun-2022,255.0,PE,0.0,0.0,0.0,5.1,2.8,0,0.0,0,0,18-APR-2022,
OPTSTK,STAR,30-Jun-2022,260.0,PE,0.0,0.0,0.0,5.9,3.35,0,0.0,0,0,18-APR-2022,
OPTSTK,STAR,30-Jun-2022,265.0,PE,0.0,0.0,0.0,6.8,3.95,0,0.0,0,0,18-APR-2022,
OPTSTK,STAR,30-Jun-2022,270.0,PE,0.0,0.0,0.0,7.8,4.65,0,0.0,0,0,18-APR-2022,
OPTSTK,STAR,30-Jun-2022,275.0,PE,0.0,0.0,0.0,8.9,5.45,0,0.0,0,0,18-APR-2022,
OPTSTK,STAR,30-Jun-2022,280.0,PE,0.0,0.0,0.0,10.1,6.35,0,0.0,0,0,18-APR-2022,
OPTSTK,STAR,30-Jun-2022,285.0,PE,0.0,0.0,0.0,11.4,7.35,0,0.0,0,0,18-APR-2022,
OPTSTK,STAR,30-Jun-2022,290.0,PE,0.0,0.0,0.0,12.8,8.45,0,0.0,0,0,18-APR-2022,
OPTSTK,STAR,30-Jun-2022,295.0,PE,0.0,0.0,0.0,14.3,9.65,0,0.0,0,0,18-APR-2022,
OPTSTK,STAR,30-Jun-2022,300.0,PE,0.0,0.0,0.0,15.9,10.95,0,0.0,0,0,18-APR-2022,
OPTSTK,STAR,30-Jun-2022,305.0,PE,0.0,0.0,0.0,17.6,12.35,0,0.0,0,0,18-APR-2022,
OPTSTK,STAR,30-Jun-2022,310.0,PE,0.0,0.0,0.0,19.4,13.9,0,0.0,0,0,18-APR-2022,
OPTSTK,STAR,30-Jun-2022,315.0,PE,0.0,0.0,0.0,21.35,15.55,0,0.0,0,0,18-APR-2022,
OPTSTK,STAR,30-Jun-2022,320.0,PE,0.0,0.0,0.0,23.4,17.3,0,0.0,0,0,18-APR-2022,
OPTSTK,STAR,30-Jun-2022,325.0,PE,0.0,0.0,0.0,25.55,19.2,0,0.0,0,0,18-APR-2022,
OPTSTK,STAR,30-Jun-2022,330.0,PE,0.0,0.0,0.0,27.8,21.2,0,0.0,0,0,18-APR-2022,
OPTSTK,STAR,30-Jun-2022,335.0,PE,0.0,0.0,0.0,30.2,23.35,0,0.0,0,0,18-APR-2022,
OPTSTK,STAR,30-Jun-2022,340.0,PE,0.0,0.0,0.0,32.7,25.6,0,0.0,0,0,18-APR-2022,
OPTSTK,STAR,30-Jun-2022,345.0,PE,0.0,0.0,0.0,35.25,27.95,0,0.0,0,0,18-APR-2022,
OPTSTK,STAR,30-Jun-2022,350.0,PE,0.0,0.0,0.0,37.95,30.45,0,0.0,0,0,18-APR-2022,
OPTSTK,STAR,30-Jun-2022,355.0,PE,0.0,0.0,0.0,40.75,33.05,0,0.0,0,0,18-APR-2022,
OPTSTK,STAR,30-Jun-2022,360.0,PE,0.0,0.0,0.0,43.65,35.75,0,0.0,0,0,18-APR-2022,
OPTSTK,STAR,30-Jun-2022,365.0,PE,0.0,0.0,0.0,46.6,38.6,0,0.0,0,0,18-APR-2022,
OPTSTK,STAR,30-Jun-2022,370.0,PE,0.0,0.0,0.0,49.7,41.5,0,0.0,0,0,18-APR-2022,
OPTSTK,STAR,30-Jun-2022,375.0,PE,0.0,0.0,0.0,52.85,44.55,0,0.0,0,0,18-APR-2022,
OPTSTK,STAR,30-Jun-2022,380.0,PE,0.0,0.0,0.0,56.1,47.7,0,0.0,0,0,18-APR-2022,
OPTSTK,STAR,30-Jun-2022,385.0,PE,0.0,0.0,0.0,59.45,50.95,0,0.0,0,0,18-APR-2022,
OPTSTK,STAR,30-Jun-2022,390.0,PE,0.0,0.0,0.0,62.9,54.3,0,0.0,0,0,18-APR-2022,
OPTSTK,STAR,30-Jun-2022,395.0,PE,0.0,0.0,0.0,66.4,57.7,0,0.0,0,0,18-APR-2022,
OPTSTK,STAR,30-Jun-2022,400.0,PE,0.0,0.0,0.0,70.0,61.25,0,0.0,0,0,18-APR-2022,
OPTSTK,STAR,30-Jun-2022,405.0,PE,0.0,0.0,0.0,73.65,64.85,0,0.0,0,0,18-APR-2022,
OPTSTK,STAR,30-Jun-2022,410.0,PE,0.0,0.0,0.0,77.4,68.55,0,0.0,0,0,18-APR-2022,
OPTSTK,STAR,30-Jun-2022,415.0,PE,0.0,0.0,0.0,81.2,72.3,0,0.0,0,0,18-APR-2022,
OPTSTK,STAR,30-Jun-2022,420.0,PE,0.0,0.0,0.0,85.05,76.15,0,0.0,0,0,18-APR-2022,
OPTSTK,STAR,30-Jun-2022,425.0,PE,0.0,0.0,0.0,89.0,80.1,0,0.0,0,0,18-APR-2022,
OPTSTK,STAR,30-Jun-2022,430.0,PE,0.0,0.0,0.0,92.95,84.05,0,0.0,0,0,18-APR-2022,
OPTSTK,STAR,30-Jun-2022,435.0,PE,0.0,0.0,0.0,97.0,88.1,0,0.0,0,0,18-APR-2022,
OPTSTK,STAR,30-Jun-2022,440.0,PE,0.0,0.0,0.0,101.1,92.2,0,0.0,0,0,18-APR-2022,
OPTSTK,STAR,30-Jun-2022,445.0,PE,0.0,0.0,0.0,105.25,96.35,0,0.0,0,0,18-APR-2022,
OPTSTK,STAR,30-Jun-2022,450.0,PE,0.0,0.0,0.0,109.4,100.6,0,0.0,0,0,18-APR-2022,
OPTSTK,STAR,30-Jun-2022,455.0,PE,0.0,0.0,0.0,113.65,104.85,0,0.0,0,0,18-APR-2022,
OPTSTK,STAR,30-Jun-2022,460.0,PE,0.0,0.0,0.0,117.95,109.2,0,0.0,0,0,18-APR-2022,
OPTSTK,STAR,30-Jun-2022,465.0,PE,0.0,0.0,0.0,122.25,113.55,0,0.0,0,0,18-APR-2022,
OPTSTK,STAR,30-Jun-2022,470.0,PE,0.0,0.0,0.0,126.6,117.95,0,0.0,0,0,18-APR-2022,
OPTSTK,STAR,30-Jun-2022,475.0,PE,0.0,0.0,0.0,131.0,122.4,0,0.0,0,0,18-APR-2022,
OPTSTK,SUNPHARMA,28-Apr-2022,510.0,CE,0.0,0.0,0.0,307.5,418.1,0,0.0,0,0,18-APR-2022,
OPTSTK,SUNPHARMA,28-Apr-2022,520.0,CE,0.0,0.0,0.0,297.65,408.1,0,0.0,0,0,18-APR-2022,
OPTSTK,SUNPHARMA,28-Apr-2022,530.0,CE,0.0,0.0,0.0,287.8,398.1,0,0.0,0,0,18-APR-2022,
OPTSTK,SUNPHARMA,28-Apr-2022,540.0,CE,0.0,0.0,0.0,278.0,388.15,0,0.0,0,0,18-APR-2022,
OPTSTK,SUNPHARMA,28-Apr-2022,550.0,CE,0.0,0.0,0.0,268.2,378.15,0,0.0,0,0,18-APR-2022,
OPTSTK,SUNPHARMA,28-Apr-2022,560.0,CE,0.0,0.0,0.0,258.4,368.15,0,0.0,0,0,18-APR-2022,
OPTSTK,SUNPHARMA,28-Apr-2022,570.0,CE,0.0,0.0,0.0,248.65,358.15,0,0.0,0,0,18-APR-2022,
OPTSTK,SUNPHARMA,28-Apr-2022,580.0,CE,0.0,0.0,0.0,239.0,348.15,0,0.0,0,0,18-APR-2022,
OPTSTK,SUNPHARMA,28-Apr-2022,590.0,CE,0.0,0.0,0.0,229.35,338.2,0,0.0,0,0,18-APR-2022,
OPTSTK,SUNPHARMA,28-Apr-2022,600.0,CE,0.0,0.0,0.0,313.0,328.2,0,0.0,1400,0,18-APR-2022,
OPTSTK,SUNPHARMA,28-Apr-2022,610.0,CE,0.0,0.0,0.0,210.35,318.2,0,0.0,0,0,18-APR-2022,
OPTSTK,SUNPHARMA,28-Apr-2022,620.0,CE,0.0,0.0,0.0,200.95,308.2,0,0.0,0,0,18-APR-2022,
OPTSTK,SUNPHARMA,28-Apr-2022,630.0,CE,0.0,0.0,0.0,191.65,298.25,0,0.0,0,0,18-APR-2022,
OPTSTK,SUNPHARMA,28-Apr-2022,640.0,CE,0.0,0.0,0.0,182.5,288.25,0,0.0,0,0,18-APR-2022,
OPTSTK,SUNPHARMA,28-Apr-2022,650.0,CE,0.0,0.0,0.0,173.5,278.25,0,0.0,0,0,18-APR-2022,
OPTSTK,SUNPHARMA,28-Apr-2022,660.0,CE,0.0,0.0,0.0,164.65,268.25,0,0.0,0,0,18-APR-2022,
OPTSTK,SUNPHARMA,28-Apr-2022,670.0,CE,0.0,0.0,0.0,155.95,258.25,0,0.0,0,0,18-APR-2022,
OPTSTK,SUNPHARMA,28-Apr-2022,680.0,CE,0.0,0.0,0.0,147.45,248.3,0,0.0,0,0,18-APR-2022,
OPTSTK,SUNPHARMA,28-Apr-2022,690.0,CE,0.0,0.0,0.0,139.2,238.3,0,0.0,0,0,18-APR-2022,
OPTSTK,SUNPHARMA,28-Apr-2022,700.0,CE,0.0,0.0,0.0,213.0,228.3,0,0.0,2800,0,18-APR-2022,
OPTSTK,SUNPHARMA,28-Apr-2022,710.0,CE,0.0,0.0,0.0,123.25,218.3,0,0.0,0,0,18-APR-2022,
OPTSTK,SUNPHARMA,28-Apr-2022,720.0,CE,0.0,0.0,0.0,115.65,208.35,0,0.0,0,0,18-APR-2022,
OPTSTK,SUNPHARMA,28-Apr-2022,730.0,CE,0.0,0.0,0.0,108.3,198.35,0,0.0,0,0,18-APR-2022,
OPTSTK,SUNPHARMA,28-Apr-2022,740.0,CE,0.0,0.0,0.0,101.2,188.35,0,0.0,0,0,18-APR-2022,
OPTSTK,SUNPHARMA,28-Apr-2022,750.0,CE,0.0,0.0,0.0,94.35,178.35,0,0.0,0,0,18-APR-2022,
OPTSTK,SUNPHARMA,28-Apr-2022,760.0,CE,0.0,0.0,0.0,87.85,168.4,0,0.0,0,0,18-APR-2022,
OPTSTK,SUNPHARMA,28-Apr-2022,770.0,CE,0.0,0.0,0.0,81.6,158.4,0,0.0,0,0,18-APR-2022,
OPTSTK,SUNPHARMA,28-Apr-2022,780.0,CE,0.0,0.0,0.0,139.0,148.4,0,0.0,4200,0,18-APR-2022,
OPTSTK,SUNPHARMA,28-Apr-2022,790.0,CE,0.0,0.0,0.0,129.0,138.45,0,0.0,1400,0,18-APR-2022,
OPTSTK,SUNPHARMA,28-Apr-2022,800.0,CE,0.0,0.0,0.0,137.7,128.45,0,0.0,17500,0,18-APR-2022,
OPTSTK,SUNPHARMA,28-Apr-2022,810.0,CE,0.0,0.0,0.0,112.6,118.55,0,0.0,1400,0,18-APR-2022,
OPTSTK,SUNPHARMA,28-Apr-2022,820.0,CE,0.0,0.0,0.0,108.45,108.65,0,0.0,2800,0,18-APR-2022,
OPTSTK,SUNPHARMA,28-Apr-2022,830.0,CE,0.0,0.0,0.0,50.3,98.8,0,0.0,0,0,18-APR-2022,
OPTSTK,SUNPHARMA,28-Apr-2022,840.0,CE,0.0,0.0,0.0,93.0,89.1,0,0.0,700,0,18-APR-2022,
OPTSTK,SUNPHARMA,28-Apr-2022,850.0,CE,77.3,77.3,77.3,77.3,79.55,1,6.49,27300,0,18-APR-2022,
OPTSTK,SUNPHARMA,28-Apr-2022,860.0,CE,65.05,65.15,65.05,65.15,70.25,2,12.95,10500,0,18-APR-2022,
OPTSTK,SUNPHARMA,28-Apr-2022,870.0,CE,0.0,0.0,0.0,53.95,61.3,0,0.0,700,0,18-APR-2022,
OPTSTK,SUNPHARMA,28-Apr-2022,880.0,CE,59.0,59.0,46.0,49.3,52.75,5,32.63,12600,-1400,18-APR-2022,
OPTSTK,SUNPHARMA,28-Apr-2022,890.0,CE,50.35,50.35,42.0,43.5,43.5,5,32.68,12600,700,18-APR-2022,
OPTSTK,SUNPHARMA,28-Apr-2022,900.0,CE,41.05,43.0,28.0,33.9,33.9,361,2360.37,158200,-17500,18-APR-2022,
OPTSTK,SUNPHARMA,28-Apr-2022,910.0,CE,33.9,35.05,21.85,25.95,25.95,219,1438.54,81900,-16800,18-APR-2022,
OPTSTK,SUNPHARMA,28-Apr-2022,920.0,CE,26.0,28.55,15.75,19.55,19.55,1340,8820.62,631400,700,18-APR-2022,
OPTSTK,SUNPHARMA,28-Apr-2022,930.0,CE,17.0,22.0,11.1,13.9,13.9,2834,18745.25,520800,140700,18-APR-2022,
OPTSTK,SUNPHARMA,28-Apr-2022,940.0,CE,14.75,16.5,7.55,9.45,9.45,6377,42470.31,1259300,118300,18-APR-2022,
OPTSTK,SUNPHARMA,28-Apr-2022,950.0,CE,9.5,11.75,4.65,6.15,6.15,3801,25471.43,2165100,42700,18-APR-2022,
OPTSTK,SUNPHARMA,28-Apr-2022,960.0,CE,7.05,8.35,3.5,4.6,4.6,2237,15115.99,795200,-37800,18-APR-2022,
OPTSTK,SUNPHARMA,28-Apr-2022,970.0,CE,4.95,6.0,2.8,3.35,3.35,863,5883.79,304500,25200,18-APR-2022,
OPTSTK,SUNPHARMA,28-Apr-2022,980.0,CE,9.0,9.0,2.25,2.65,2.65,938,6454.33,261800,-24500,18-APR-2022,
OPTSTK,SUNPHARMA,28-Apr-2022,990.0,CE,3.25,3.7,1.85,2.1,2.1,500,3473.72,196700,12600,18-APR-2022,
OPTSTK,SUNPHARMA,28-Apr-2022,1000.0,CE,3.0,3.0,1.65,1.85,1.85,1058,7421.21,938700,28000,18-APR-2022,
OPTSTK,SUNPHARMA,28-Apr-2022,1010.0,CE,2.25,2.35,1.35,1.45,1.45,409,2896.56,175700,11200,18-APR-2022,
OPTSTK,SUNPHARMA,28-Apr-2022,1020.0,CE,1.7,1.75,1.15,1.25,1.25,235,1680.13,100100,-12600,18-APR-2022,
OPTSTK,SUNPHARMA,28-Apr-2022,1030.0,CE,1.5,1.7,0.95,1.05,1.05,162,1169.39,53900,-7000,18-APR-2022,
OPTSTK,SUNPHARMA,28-Apr-2022,1040.0,CE,1.4,1.4,0.85,0.9,0.9,110,801.54,42700,-10500,18-APR-2022,
OPTSTK,SUNPHARMA,28-Apr-2022,1050.0,CE,1.15,1.2,0.7,0.75,0.75,264,1941.91,259700,17500,18-APR-2022,
OPTSTK,SUNPHARMA,28-Apr-2022,1060.0,CE,0.9,0.9,0.65,0.7,0.15,12,89.1,30100,4900,18-APR-2022,
OPTSTK,SUNPHARMA,28-Apr-2022,1070.0,CE,0.65,0.65,0.6,0.6,0.1,7,52.45,27300,0,18-APR-2022,
OPTSTK,SUNPHARMA,28-Apr-2022,1080.0,CE,0.0,0.0,0.0,1.05,0.05,0,0.0,7000,0,18-APR-2022,
OPTSTK,SUNPHARMA,28-Apr-2022,1090.0,CE,0.0,0.0,0.0,3.0,0.05,0,0.0,0,0,18-APR-2022,
OPTSTK,SUNPHARMA,28-Apr-2022,1100.0,CE,0.5,0.6,0.3,0.3,0.3,18,138.66,46200,-2100,18-APR-2022,
OPTSTK,SUNPHARMA,28-Apr-2022,1110.0,CE,0.1,0.1,0.1,0.1,0.05,1,7.77,2100,0,18-APR-2022,
OPTSTK,SUNPHARMA,28-Apr-2022,1120.0,CE,0.0,0.0,0.0,2.05,0.0,0,0.0,0,0,18-APR-2022,
OPTSTK,SUNPHARMA,28-Apr-2022,510.0,PE,0.0,0.0,0.0,0.1,0.0,0,0.0,0,0,18-APR-2022,
OPTSTK,SUNPHARMA,28-Apr-2022,520.0,PE,0.0,0.0,0.0,0.15,0.0,0,0.0,0,0,18-APR-2022,
OPTSTK,SUNPHARMA,28-Apr-2022,530.0,PE,0.0,0.0,0.0,0.2,0.0,0,0.0,0,0,18-APR-2022,
OPTSTK,SUNPHARMA,28-Apr-2022,540.0,PE,0.0,0.0,0.0,0.25,0.0,0,0.0,0,0,18-APR-2022,
OPTSTK,SUNPHARMA,28-Apr-2022,550.0,PE,0.0,0.0,0.0,0.35,0.0,0,0.0,0,0,18-APR-2022,
OPTSTK,SUNPHARMA,28-Apr-2022,560.0,PE,0.0,0.0,0.0,0.45,0.0,0,0.0,0,0,18-APR-2022,
OPTSTK,SUNPHARMA,28-Apr-2022,570.0,PE,0.0,0.0,0.0,0.65,0.0,0,0.0,0,0,18-APR-2022,
OPTSTK,SUNPHARMA,28-Apr-2022,580.0,PE,0.0,0.0,0.0,0.85,0.0,0,0.0,0,0,18-APR-2022,
OPTSTK,SUNPHARMA,28-Apr-2022,590.0,PE,0.0,0.0,0.0,1.1,0.0,0,0.0,0,0,18-APR-2022,
OPTSTK,SUNPHARMA,28-Apr-2022,600.0,PE,0.0,0.0,0.0,0.15,0.0,0,0.0,2100,0,18-APR-2022,
OPTSTK,SUNPHARMA,28-Apr-2022,610.0,PE,0.0,0.0,0.0,1.9,0.0,0,0.0,0,0,18-APR-2022,
OPTSTK,SUNPHARMA,28-Apr-2022,620.0,PE,0.0,0.0,0.0,2.4,0.0,0,0.0,0,0,18-APR-2022,
OPTSTK,SUNPHARMA,28-Apr-2022,630.0,PE,0.0,0.0,0.0,3.0,0.0,0,0.0,0,0,18-APR-2022,
OPTSTK,SUNPHARMA,28-Apr-2022,640.0,PE,0.0,0.0,0.0,3.75,0.0,0,0.0,0,0,18-APR-2022,
OPTSTK,SUNPHARMA,28-Apr-2022,650.0,PE,0.0,0.0,0.0,4.65,0.0,0,0.0,0,0,18-APR-2022,
OPTSTK,SUNPHARMA,28-Apr-2022,660.0,PE,0.0,0.0,0.0,5.7,0.0,0,0.0,0,0,18-APR-2022,
OPTSTK,SUNPHARMA,28-Apr-2022,670.0,PE,0.0,0.0,0.0,6.9,0.0,0,0.0,0,0,18-APR-2022,
OPTSTK,SUNPHARMA,28-Apr-2022,680.0,PE,0.0,0.0,0.0,8.3,0.0,0,0.0,0,0,18-APR-2022,
OPTSTK,SUNPHARMA,28-Apr-2022,690.0,PE,0.0,0.0,0.0,9.9,0.0,0,0.0,0,0,18-APR-2022,
OPTSTK,SUNPHARMA,28-Apr-2022,700.0,PE,0.0,0.0,0.0,0.2,0.0,0,0.0,2800,0,18-APR-2022,
OPTSTK,SUNPHARMA,28-Apr-2022,710.0,PE,0.0,0.0,0.0,13.75,0.0,0,0.0,0,0,18-APR-2022,
OPTSTK,SUNPHARMA,28-Apr-2022,720.0,PE,0.0,0.0,0.0,16.05,0.0,0,0.0,0,0,18-APR-2022,
OPTSTK,SUNPHARMA,28-Apr-2022,730.0,PE,0.0,0.0,0.0,18.6,0.0,0,0.0,0,0,18-APR-2022,
OPTSTK,SUNPHARMA,28-Apr-2022,740.0,PE,0.0,0.0,0.0,21.4,0.0,0,0.0,0,0,18-APR-2022,
OPTSTK,SUNPHARMA,28-Apr-2022,750.0,PE,0.0,0.0,0.0,0.6,0.0,0,0.0,1400,0,18-APR-2022,
OPTSTK,SUNPHARMA,28-Apr-2022,760.0,PE,0.0,0.0,0.0,0.2,0.0,0,0.0,12600,0,18-APR-2022,
OPTSTK,SUNPHARMA,28-Apr-2022,770.0,PE,0.6,0.65,0.6,0.65,0.0,2,10.78,700,700,18-APR-2022,
OPTSTK,SUNPHARMA,28-Apr-2022,780.0,PE,0.7,0.9,0.6,0.6,0.05,25,136.64,80500,700,18-APR-2022,
OPTSTK,SUNPHARMA,28-Apr-2022,790.0,PE,0.5,0.85,0.35,0.8,0.05,42,232.43,23100,-11900,18-APR-2022,
OPTSTK,SUNPHARMA,28-Apr-2022,800.0,PE,0.7,1.2,0.55,0.9,0.9,179,1003.44,373800,-18200,18-APR-2022,
OPTSTK,SUNPHARMA,28-Apr-2022,810.0,PE,0.7,1.35,0.5,1.15,0.1,59,334.87,79800,0,18-APR-2022,
OPTSTK,SUNPHARMA,28-Apr-2022,820.0,PE,1.15,1.6,1.0,1.2,1.2,82,471.45,137200,10500,18-APR-2022,
OPTSTK,SUNPHARMA,28-Apr-2022,830.0,PE,1.0,1.9,0.85,1.25,1.25,354,2060.14,109900,-56000,18-APR-2022,
OPTSTK,SUNPHARMA,28-Apr-2022,840.0,PE,1.4,2.2,1.0,1.45,1.45,280,1649.37,70000,-22400,18-APR-2022,
OPTSTK,SUNPHARMA,28-Apr-2022,850.0,PE,1.35,2.6,1.25,1.65,1.65,408,2432.75,137900,-11900,18-APR-2022,
OPTSTK,SUNPHARMA,28-Apr-2022,860.0,PE,2.15,3.05,1.55,2.1,2.1,276,1665.74,85400,8400,18-APR-2022,
OPTSTK,SUNPHARMA,28-Apr-2022,870.0,PE,2.6,3.65,1.95,2.75,2.75,353,2156.78,138600,23800,18-APR-2022,
OPTSTK,SUNPHARMA,28-Apr-2022,880.0,PE,3.45,4.65,2.5,3.45,3.45,543,3357.71,109900,-8400,18-APR-2022,
OPTSTK,SUNPHARMA,28-Apr-2022,890.0,PE,4.25,6.15,3.25,4.45,4.45,603,3775.11,77000,-2800,18-APR-2022,
OPTSTK,SUNPHARMA,28-Apr-2022,900.0,PE,5.65,8.25,4.15,6.0,6.0,1276,8092.04,376600,-46900,18-APR-2022,
OPTSTK,SUNPHARMA,28-Apr-2022,910.0,PE,6.9,11.25,5.6,8.1,8.1,959,6162.43,151200,-14700,18-APR-2022,
OPTSTK,SUNPHARMA,28-Apr-2022,920.0,PE,10.8,15.45,7.7,11.7,11.7,3890,25382.12,660800,109900,18-APR-2022,
OPTSTK,SUNPHARMA,28-Apr-2022,930.0,PE,14.4,20.5,11.1,15.9,15.9,1794,11857.05,173600,-121800,18-APR-2022,
OPTSTK,SUNPHARMA,28-Apr-2022,940.0,PE,19.3,27.0,15.5,20.4,20.4,700,4696.91,126000,-8400,18-APR-2022,
OPTSTK,SUNPHARMA,28-Apr-2022,950.0,PE,23.5,33.8,20.8,28.8,28.8,183,1249.47,77000,3500,18-APR-2022,
OPTSTK,SUNPHARMA,28-Apr-2022,960.0,PE,32.1,37.8,29.5,37.8,40.0,19,132.19,25900,2800,18-APR-2022,
OPTSTK,SUNPHARMA,28-Apr-2022,970.0,PE,0.0,0.0,0.0,160.35,47.65,0,0.0,0,0,18-APR-2022,
OPTSTK,SUNPHARMA,28-Apr-2022,980.0,PE,56.0,56.0,51.85,53.3,53.3,3,21.71,3500,-700,18-APR-2022,
OPTSTK,SUNPHARMA,28-Apr-2022,990.0,PE,0.0,0.0,0.0,177.65,64.5,0,0.0,0,0,18-APR-2022,
OPTSTK,SUNPHARMA,28-Apr-2022,1000.0,PE,66.35,73.0,66.35,73.0,73.5,2,14.97,1400,-700,18-APR-2022,
OPTSTK,SUNPHARMA,28-Apr-2022,1010.0,PE,0.0,0.0,0.0,195.35,82.8,0,0.0,0,0,18-APR-2022,
OPTSTK,SUNPHARMA,28-Apr-2022,1020.0,PE,0.0,0.0,0.0,204.35,92.3,0,0.0,0,0,18-APR-2022,
OPTSTK,SUNPHARMA,28-Apr-2022,1030.0,PE,0.0,0.0,0.0,213.45,101.95,0,0.0,0,0,18-APR-2022,
OPTSTK,SUNPHARMA,28-Apr-2022,1040.0,PE,0.0,0.0,0.0,222.65,111.7,0,0.0,0,0,18-APR-2022,
OPTSTK,SUNPHARMA,28-Apr-2022,1050.0,PE,0.0,0.0,0.0,231.9,121.55,0,0.0,0,0,18-APR-2022,
OPTSTK,SUNPHARMA,28-Apr-2022,1060.0,PE,0.0,0.0,0.0,241.25,131.45,0,0.0,0,0,18-APR-2022,
OPTSTK,SUNPHARMA,28-Apr-2022,1070.0,PE,0.0,0.0,0.0,250.6,141.4,0,0.0,0,0,18-APR-2022,
OPTSTK,SUNPHARMA,28-Apr-2022,1080.0,PE,0.0,0.0,0.0,260.05,151.35,0,0.0,0,0,18-APR-2022,
OPTSTK,SUNPHARMA,28-Apr-2022,1090.0,PE,0.0,0.0,0.0,269.55,161.3,0,0.0,0,0,18-APR-2022,
OPTSTK,SUNPHARMA,28-Apr-2022,1100.0,PE,0.0,0.0,0.0,279.1,171.3,0,0.0,0,0,18-APR-2022,
OPTSTK,SUNPHARMA,28-Apr-2022,1110.0,PE,0.0,0.0,0.0,288.65,181.3,0,0.0,0,0,18-APR-2022,
OPTSTK,SUNPHARMA,28-Apr-2022,1120.0,PE,0.0,0.0,0.0,298.3,191.25,0,0.0,0,0,18-APR-2022,
OPTSTK,SUNPHARMA,26-May-2022,510.0,CE,0.0,0.0,0.0,313.7,419.75,0,0.0,0,0,18-APR-2022,
OPTSTK,SUNPHARMA,26-May-2022,520.0,CE,0.0,0.0,0.0,303.8,409.8,0,0.0,0,0,18-APR-2022,
OPTSTK,SUNPHARMA,26-May-2022,530.0,CE,0.0,0.0,0.0,293.95,399.85,0,0.0,0,0,18-APR-2022,
OPTSTK,SUNPHARMA,26-May-2022,540.0,CE,0.0,0.0,0.0,284.15,389.9,0,0.0,0,0,18-APR-2022,
OPTSTK,SUNPHARMA,26-May-2022,550.0,CE,0.0,0.0,0.0,274.3,379.95,0,0.0,0,0,18-APR-2022,
OPTSTK,SUNPHARMA,26-May-2022,560.0,CE,0.0,0.0,0.0,264.55,370.0,0,0.0,0,0,18-APR-2022,
OPTSTK,SUNPHARMA,26-May-2022,570.0,CE,0.0,0.0,0.0,254.8,360.05,0,0.0,0,0,18-APR-2022,
OPTSTK,SUNPHARMA,26-May-2022,580.0,CE,0.0,0.0,0.0,245.1,350.1,0,0.0,0,0,18-APR-2022,
OPTSTK,SUNPHARMA,26-May-2022,590.0,CE,0.0,0.0,0.0,235.45,340.1,0,0.0,0,0,18-APR-2022,
OPTSTK,SUNPHARMA,26-May-2022,600.0,CE,0.0,0.0,0.0,225.85,330.15,0,0.0,0,0,18-APR-2022,
OPTSTK,SUNPHARMA,26-May-2022,610.0,CE,0.0,0.0,0.0,216.35,320.2,0,0.0,0,0,18-APR-2022,
OPTSTK,SUNPHARMA,26-May-2022,620.0,CE,0.0,0.0,0.0,206.95,310.25,0,0.0,0,0,18-APR-2022,
OPTSTK,SUNPHARMA,26-May-2022,630.0,CE,0.0,0.0,0.0,197.6,300.3,0,0.0,0,0,18-APR-2022,
OPTSTK,SUNPHARMA,26-May-2022,640.0,CE,0.0,0.0,0.0,188.4,290.35,0,0.0,0,0,18-APR-2022,
OPTSTK,SUNPHARMA,26-May-2022,650.0,CE,0.0,0.0,0.0,179.35,280.4,0,0.0,0,0,18-APR-2022,
OPTSTK,SUNPHARMA,26-May-2022,660.0,CE,0.0,0.0,0.0,170.45,270.45,0,0.0,0,0,18-APR-2022,
OPTSTK,SUNPHARMA,26-May-2022,670.0,CE,0.0,0.0,0.0,161.65,260.5,0,0.0,0,0,18-APR-2022,
OPTSTK,SUNPHARMA,26-May-2022,680.0,CE,0.0,0.0,0.0,153.1,250.55,0,0.0,0,0,18-APR-2022,
OPTSTK,SUNPHARMA,26-May-2022,690.0,CE,0.0,0.0,0.0,144.7,240.65,0,0.0,0,0,18-APR-2022,
OPTSTK,SUNPHARMA,26-May-2022,700.0,CE,0.0,0.0,0.0,136.5,230.7,0,0.0,0,0,18-APR-2022,
OPTSTK,SUNPHARMA,26-May-2022,710.0,CE,0.0,0.0,0.0,128.55,220.8,0,0.0,0,0,18-APR-2022,
OPTSTK,SUNPHARMA,26-May-2022,720.0,CE,0.0,0.0,0.0,120.8,210.9,0,0.0,0,0,18-APR-2022,
OPTSTK,SUNPHARMA,26-May-2022,730.0,CE,0.0,0.0,0.0,113.35,201.05,0,0.0,0,0,18-APR-2022,
OPTSTK,SUNPHARMA,26-May-2022,740.0,CE,0.0,0.0,0.0,106.15,191.25,0,0.0,0,0,18-APR-2022,
OPTSTK,SUNPHARMA,26-May-2022,750.0,CE,0.0,0.0,0.0,99.15,181.5,0,0.0,0,0,18-APR-2022,
OPTSTK,SUNPHARMA,26-May-2022,760.0,CE,0.0,0.0,0.0,92.45,171.85,0,0.0,0,0,18-APR-2022,
OPTSTK,SUNPHARMA,26-May-2022,770.0,CE,0.0,0.0,0.0,86.05,162.25,0,0.0,0,0,18-APR-2022,
OPTSTK,SUNPHARMA,26-May-2022,780.0,CE,0.0,0.0,0.0,79.95,152.75,0,0.0,0,0,18-APR-2022,
OPTSTK,SUNPHARMA,26-May-2022,790.0,CE,0.0,0.0,0.0,74.15,143.4,0,0.0,0,0,18-APR-2022,
OPTSTK,SUNPHARMA,26-May-2022,800.0,CE,0.0,0.0,0.0,68.6,134.2,0,0.0,0,0,18-APR-2022,
OPTSTK,SUNPHARMA,26-May-2022,810.0,CE,0.0,0.0,0.0,63.35,125.2,0,0.0,0,0,18-APR-2022,
OPTSTK,SUNPHARMA,26-May-2022,820.0,CE,0.0,0.0,0.0,58.4,116.35,0,0.0,0,0,18-APR-2022,
OPTSTK,SUNPHARMA,26-May-2022,830.0,CE,0.0,0.0,0.0,53.75,107.8,0,0.0,0,0,18-APR-2022,
OPTSTK,SUNPHARMA,26-May-2022,840.0,CE,0.0,0.0,0.0,49.35,99.5,0,0.0,0,0,18-APR-2022,
OPTSTK,SUNPHARMA,26-May-2022,850.0,CE,0.0,0.0,0.0,45.25,91.45,0,0.0,0,0,18-APR-2022,
OPTSTK,SUNPHARMA,26-May-2022,860.0,CE,0.0,0.0,0.0,41.4,83.75,0,0.0,0,0,18-APR-2022,
OPTSTK,SUNPHARMA,26-May-2022,870.0,CE,0.0,0.0,0.0,37.8,76.4,0,0.0,0,0,18-APR-2022,
OPTSTK,SUNPHARMA,26-May-2022,880.0,CE,0.0,0.0,0.0,34.45,69.35,0,0.0,0,0,18-APR-2022,
OPTSTK,SUNPHARMA,26-May-2022,890.0,CE,0.0,0.0,0.0,31.35,62.7,0,0.0,0,0,18-APR-2022,
OPTSTK,SUNPHARMA,26-May-2022,900.0,CE,50.0,50.0,50.0,50.0,56.5,2,13.3,5600,1400,18-APR-2022,
OPTSTK,SUNPHARMA,26-May-2022,910.0,CE,0.0,0.0,0.0,25.85,50.65,0,0.0,0,0,18-APR-2022,
OPTSTK,SUNPHARMA,26-May-2022,920.0,CE,53.45,53.45,40.75,40.75,40.75,7,47.27,4200,2800,18-APR-2022,
OPTSTK,SUNPHARMA,26-May-2022,930.0,CE,0.0,0.0,0.0,21.2,40.15,0,0.0,0,0,18-APR-2022,
OPTSTK,SUNPHARMA,26-May-2022,940.0,CE,41.75,41.75,29.0,30.35,30.35,11,74.96,12600,1400,18-APR-2022,
OPTSTK,SUNPHARMA,26-May-2022,950.0,CE,32.05,32.5,11.15,25.9,25.9,14,95.59,40600,4200,18-APR-2022,
OPTSTK,SUNPHARMA,26-May-2022,960.0,CE,0.0,0.0,0.0,25.0,27.45,0,0.0,700,0,18-APR-2022,
OPTSTK,SUNPHARMA,26-May-2022,970.0,CE,0.0,0.0,0.0,13.9,23.95,0,0.0,0,0,18-APR-2022,
OPTSTK,SUNPHARMA,26-May-2022,980.0,CE,0.0,0.0,0.0,12.45,20.8,0,0.0,0,0,18-APR-2022,
OPTSTK,SUNPHARMA,26-May-2022,990.0,CE,0.0,0.0,0.0,11.15,18.0,0,0.0,0,0,18-APR-2022,
OPTSTK,SUNPHARMA,26-May-2022,1000.0,CE,14.0,16.55,11.15,11.65,11.65,62,440.24,72100,11900,18-APR-2022,
OPTSTK,SUNPHARMA,26-May-2022,1010.0,CE,0.0,0.0,0.0,8.9,13.3,0,0.0,0,0,18-APR-2022,
OPTSTK,SUNPHARMA,26-May-2022,1020.0,CE,0.0,0.0,0.0,10.0,11.35,0,0.0,1400,0,18-APR-2022,
OPTSTK,SUNPHARMA,26-May-2022,1030.0,CE,0.0,0.0,0.0,7.1,9.65,0,0.0,0,0,18-APR-2022,
OPTSTK,SUNPHARMA,26-May-2022,1040.0,CE,0.0,0.0,0.0,6.3,8.2,0,0.0,0,0,18-APR-2022,
OPTSTK,SUNPHARMA,26-May-2022,1050.0,CE,0.0,0.0,0.0,5.6,6.9,0,0.0,0,0,18-APR-2022,
OPTSTK,SUNPHARMA,26-May-2022,1060.0,CE,0.0,0.0,0.0,4.95,5.8,0,0.0,0,0,18-APR-2022,
OPTSTK,SUNPHARMA,26-May-2022,1070.0,CE,0.0,0.0,0.0,4.4,4.85,0,0.0,0,0,18-APR-2022,
OPTSTK,SUNPHARMA,26-May-2022,1080.0,CE,6.3,6.3,6.3,6.3,4.05,1,7.6,700,700,18-APR-2022,
OPTSTK,SUNPHARMA,26-May-2022,1090.0,CE,0.0,0.0,0.0,3.45,3.35,0,0.0,0,0,18-APR-2022,
OPTSTK,SUNPHARMA,26-May-2022,1100.0,CE,0.0,0.0,0.0,3.05,2.75,0,0.0,0,0,18-APR-2022,
OPTSTK,SUNPHARMA,26-May-2022,1110.0,CE,0.0,0.0,0.0,2.7,2.3,0,0.0,0,0,18-APR-2022,
OPTSTK,SUNPHARMA,26-May-2022,1120.0,CE,0.0,0.0,0.0,2.35,1.85,0,0.0,0,0,18-APR-2022,
OPTSTK,SUNPHARMA,26-May-2022,510.0,PE,0.0,0.0,0.0,0.1,0.0,0,0.0,0,0,18-APR-2022,
OPTSTK,SUNPHARMA,26-May-2022,520.0,PE,0.0,0.0,0.0,0.1,0.0,0,0.0,0,0,18-APR-2022,
OPTSTK,SUNPHARMA,26-May-2022,530.0,PE,0.0,0.0,0.0,0.15,0.0,0,0.0,0,0,18-APR-2022,
OPTSTK,SUNPHARMA,26-May-2022,540.0,PE,0.0,0.0,0.0,0.25,0.0,0,0.0,0,0,18-APR-2022,
OPTSTK,SUNPHARMA,26-May-2022,550.0,PE,0.0,0.0,0.0,0.3,0.0,0,0.0,0,0,18-APR-2022,
OPTSTK,SUNPHARMA,26-May-2022,560.0,PE,0.0,0.0,0.0,0.45,0.0,0,0.0,0,0,18-APR-2022,
OPTSTK,SUNPHARMA,26-May-2022,570.0,PE,0.0,0.0,0.0,0.6,0.0,0,0.0,0,0,18-APR-2022,
OPTSTK,SUNPHARMA,26-May-2022,580.0,PE,0.0,0.0,0.0,0.8,0.0,0,0.0,0,0,18-APR-2022,
OPTSTK,SUNPHARMA,26-May-2022,590.0,PE,0.0,0.0,0.0,1.05,0.0,0,0.0,0,0,18-APR-2022,
OPTSTK,SUNPHARMA,26-May-2022,600.0,PE,0.0,0.0,0.0,1.35,0.0,0,0.0,0,0,18-APR-2022,
OPTSTK,SUNPHARMA,26-May-2022,610.0,PE,0.0,0.0,0.0,1.7,0.0,0,0.0,0,0,18-APR-2022,
OPTSTK,SUNPHARMA,26-May-2022,620.0,PE,0.0,0.0,0.0,2.2,0.0,0,0.0,0,0,18-APR-2022,
OPTSTK,SUNPHARMA,26-May-2022,630.0,PE,0.0,0.0,0.0,2.8,0.0,0,0.0,0,0,18-APR-2022,
OPTSTK,SUNPHARMA,26-May-2022,640.0,PE,0.0,0.0,0.0,3.45,0.0,0,0.0,0,0,18-APR-2022,
OPTSTK,SUNPHARMA,26-May-2022,650.0,PE,0.0,0.0,0.0,4.3,0.05,0,0.0,0,0,18-APR-2022,
OPTSTK,SUNPHARMA,26-May-2022,660.0,PE,0.0,0.0,0.0,5.25,0.05,0,0.0,0,0,18-APR-2022,
OPTSTK,SUNPHARMA,26-May-2022,670.0,PE,0.0,0.0,0.0,6.4,0.05,0,0.0,0,0,18-APR-2022,
OPTSTK,SUNPHARMA,26-May-2022,680.0,PE,0.0,0.0,0.0,7.7,0.05,0,0.0,0,0,18-APR-2022,
OPTSTK,SUNPHARMA,26-May-2022,690.0,PE,0.0,0.0,0.0,9.2,0.1,0,0.0,0,0,18-APR-2022,
OPTSTK,SUNPHARMA,26-May-2022,700.0,PE,0.0,0.0,0.0,10.95,0.1,0,0.0,0,0,18-APR-2022,
OPTSTK,SUNPHARMA,26-May-2022,710.0,PE,0.0,0.0,0.0,12.85,0.15,0,0.0,0,0,18-APR-2022,
OPTSTK,SUNPHARMA,26-May-2022,720.0,PE,0.0,0.0,0.0,15.05,0.25,0,0.0,0,0,18-APR-2022,
OPTSTK,SUNPHARMA,26-May-2022,730.0,PE,0.0,0.0,0.0,17.5,0.35,0,0.0,0,0,18-APR-2022,
OPTSTK,SUNPHARMA,26-May-2022,740.0,PE,0.0,0.0,0.0,20.15,0.5,0,0.0,0,0,18-APR-2022,
OPTSTK,SUNPHARMA,26-May-2022,750.0,PE,0.0,0.0,0.0,23.05,0.7,0,0.0,0,0,18-APR-2022,
OPTSTK,SUNPHARMA,26-May-2022,760.0,PE,0.0,0.0,0.0,26.25,1.0,0,0.0,0,0,18-APR-2022,
OPTSTK,SUNPHARMA,26-May-2022,770.0,PE,0.0,0.0,0.0,29.75,1.35,0,0.0,0,0,18-APR-2022,
OPTSTK,SUNPHARMA,26-May-2022,780.0,PE,0.0,0.0,0.0,33.55,1.8,0,0.0,0,0,18-APR-2022,
OPTSTK,SUNPHARMA,26-May-2022,790.0,PE,0.0,0.0,0.0,37.6,2.4,0,0.0,0,0,18-APR-2022,
OPTSTK,SUNPHARMA,26-May-2022,800.0,PE,0.0,0.0,0.0,42.0,3.15,0,0.0,0,0,18-APR-2022,
OPTSTK,SUNPHARMA,26-May-2022,810.0,PE,0.0,0.0,0.0,46.65,4.1,0,0.0,0,0,18-APR-2022,
OPTSTK,SUNPHARMA,26-May-2022,820.0,PE,0.0,0.0,0.0,51.6,5.25,0,0.0,0,0,18-APR-2022,
OPTSTK,SUNPHARMA,26-May-2022,830.0,PE,0.0,0.0,0.0,56.8,6.65,0,0.0,0,0,18-APR-2022,
OPTSTK,SUNPHARMA,26-May-2022,840.0,PE,0.0,0.0,0.0,62.3,8.25,0,0.0,0,0,18-APR-2022,
OPTSTK,SUNPHARMA,26-May-2022,850.0,PE,0.0,0.0,0.0,9.0,10.2,0,0.0,2800,0,18-APR-2022,
OPTSTK,SUNPHARMA,26-May-2022,860.0,PE,0.0,0.0,0.0,74.15,12.45,0,0.0,0,0,18-APR-2022,
OPTSTK,SUNPHARMA,26-May-2022,870.0,PE,0.0,0.0,0.0,80.45,15.05,0,0.0,0,0,18-APR-2022,
OPTSTK,SUNPHARMA,26-May-2022,880.0,PE,0.0,0.0,0.0,87.0,17.95,0,0.0,0,0,18-APR-2022,
OPTSTK,SUNPHARMA,26-May-2022,890.0,PE,0.0,0.0,0.0,93.8,21.3,0,0.0,0,0,18-APR-2022,
OPTSTK,SUNPHARMA,26-May-2022,900.0,PE,16.9,23.0,16.9,20.5,25.0,37,238.1,24500,21700,18-APR-2022,
OPTSTK,SUNPHARMA,26-May-2022,910.0,PE,0.0,0.0,0.0,108.05,29.15,0,0.0,0,0,18-APR-2022,
OPTSTK,SUNPHARMA,26-May-2022,920.0,PE,33.0,33.0,25.55,25.55,33.65,3,19.93,2100,2100,18-APR-2022,
OPTSTK,SUNPHARMA,26-May-2022,930.0,PE,0.0,0.0,0.0,123.2,38.55,0,0.0,0,0,18-APR-2022,
OPTSTK,SUNPHARMA,26-May-2022,940.0,PE,0.0,0.0,0.0,131.0,43.9,0,0.0,0,0,18-APR-2022,
OPTSTK,SUNPHARMA,26-May-2022,950.0,PE,0.0,0.0,0.0,139.0,49.6,0,0.0,0,0,18-APR-2022,
OPTSTK,SUNPHARMA,26-May-2022,960.0,PE,0.0,0.0,0.0,147.2,55.7,0,0.0,0,0,18-APR-2022,
OPTSTK,SUNPHARMA,26-May-2022,970.0,PE,0.0,0.0,0.0,155.5,62.15,0,0.0,0,0,18-APR-2022,
OPTSTK,SUNPHARMA,26-May-2022,980.0,PE,0.0,0.0,0.0,163.95,69.0,0,0.0,0,0,18-APR-2022,
OPTSTK,SUNPHARMA,26-May-2022,990.0,PE,0.0,0.0,0.0,172.55,76.15,0,0.0,0,0,18-APR-2022,
OPTSTK,SUNPHARMA,26-May-2022,1000.0,PE,0.0,0.0,0.0,181.25,83.65,0,0.0,0,0,18-APR-2022,
OPTSTK,SUNPHARMA,26-May-2022,1010.0,PE,0.0,0.0,0.0,190.1,91.35,0,0.0,0,0,18-APR-2022,
OPTSTK,SUNPHARMA,26-May-2022,1020.0,PE,0.0,0.0,0.0,199.0,99.35,0,0.0,0,0,18-APR-2022,
OPTSTK,SUNPHARMA,26-May-2022,1030.0,PE,0.0,0.0,0.0,208.05,107.6,0,0.0,0,0,18-APR-2022,
OPTSTK,SUNPHARMA,26-May-2022,1040.0,PE,0.0,0.0,0.0,217.15,116.1,0,0.0,0,0,18-APR-2022,
OPTSTK,SUNPHARMA,26-May-2022,1050.0,PE,0.0,0.0,0.0,226.35,124.75,0,0.0,0,0,18-APR-2022,
OPTSTK,SUNPHARMA,26-May-2022,1060.0,PE,0.0,0.0,0.0,235.6,133.6,0,0.0,0,0,18-APR-2022,
OPTSTK,SUNPHARMA,26-May-2022,1070.0,PE,0.0,0.0,0.0,244.95,142.6,0,0.0,0,0,18-APR-2022,
OPTSTK,SUNPHARMA,26-May-2022,1080.0,PE,0.0,0.0,0.0,254.35,151.75,0,0.0,0,0,18-APR-2022,
OPTSTK,SUNPHARMA,26-May-2022,1090.0,PE,0.0,0.0,0.0,263.8,161.05,0,0.0,0,0,18-APR-2022,
OPTSTK,SUNPHARMA,26-May-2022,1100.0,PE,0.0,0.0,0.0,273.25,170.4,0,0.0,0,0,18-APR-2022,
OPTSTK,SUNPHARMA,26-May-2022,1110.0,PE,0.0,0.0,0.0,282.8,179.9,0,0.0,0,0,18-APR-2022,
OPTSTK,SUNPHARMA,26-May-2022,1120.0,PE,0.0,0.0,0.0,292.4,189.4,0,0.0,0,0,18-APR-2022,
OPTSTK,SUNPHARMA,30-Jun-2022,550.0,CE,0.0,0.0,0.0,370.6,382.2,0,0.0,0,0,18-APR-2022,
OPTSTK,SUNPHARMA,30-Jun-2022,560.0,CE,0.0,0.0,0.0,360.7,372.25,0,0.0,0,0,18-APR-2022,
OPTSTK,SUNPHARMA,30-Jun-2022,570.0,CE,0.0,0.0,0.0,350.85,362.35,0,0.0,0,0,18-APR-2022,
OPTSTK,SUNPHARMA,30-Jun-2022,580.0,CE,0.0,0.0,0.0,340.95,352.45,0,0.0,0,0,18-APR-2022,
OPTSTK,SUNPHARMA,30-Jun-2022,590.0,CE,0.0,0.0,0.0,331.1,342.55,0,0.0,0,0,18-APR-2022,
OPTSTK,SUNPHARMA,30-Jun-2022,600.0,CE,0.0,0.0,0.0,321.3,332.65,0,0.0,0,0,18-APR-2022,
OPTSTK,SUNPHARMA,30-Jun-2022,610.0,CE,0.0,0.0,0.0,311.45,322.75,0,0.0,0,0,18-APR-2022,
OPTSTK,SUNPHARMA,30-Jun-2022,620.0,CE,0.0,0.0,0.0,301.65,312.85,0,0.0,0,0,18-APR-2022,
OPTSTK,SUNPHARMA,30-Jun-2022,630.0,CE,0.0,0.0,0.0,291.9,303.0,0,0.0,0,0,18-APR-2022,
OPTSTK,SUNPHARMA,30-Jun-2022,640.0,CE,0.0,0.0,0.0,282.15,293.1,0,0.0,0,0,18-APR-2022,
OPTSTK,SUNPHARMA,30-Jun-2022,650.0,CE,0.0,0.0,0.0,272.45,283.3,0,0.0,0,0,18-APR-2022,
OPTSTK,SUNPHARMA,30-Jun-2022,660.0,CE,0.0,0.0,0.0,262.8,273.45,0,0.0,0,0,18-APR-2022,
OPTSTK,SUNPHARMA,30-Jun-2022,670.0,CE,0.0,0.0,0.0,253.2,263.65,0,0.0,0,0,18-APR-2022,
OPTSTK,SUNPHARMA,30-Jun-2022,680.0,CE,0.0,0.0,0.0,243.7,253.9,0,0.0,0,0,18-APR-2022,
OPTSTK,SUNPHARMA,30-Jun-2022,690.0,CE,0.0,0.0,0.0,234.25,244.2,0,0.0,0,0,18-APR-2022,
OPTSTK,SUNPHARMA,30-Jun-2022,700.0,CE,0.0,0.0,0.0,224.85,234.55,0,0.0,0,0,18-APR-2022,
OPTSTK,SUNPHARMA,30-Jun-2022,710.0,CE,0.0,0.0,0.0,215.6,224.95,0,0.0,0,0,18-APR-2022,
OPTSTK,SUNPHARMA,30-Jun-2022,720.0,CE,0.0,0.0,0.0,206.45,215.45,0,0.0,0,0,18-APR-2022,
OPTSTK,SUNPHARMA,30-Jun-2022,730.0,CE,0.0,0.0,0.0,197.4,206.05,0,0.0,0,0,18-APR-2022,
OPTSTK,SUNPHARMA,30-Jun-2022,740.0,CE,0.0,0.0,0.0,188.5,196.7,0,0.0,0,0,18-APR-2022,
OPTSTK,SUNPHARMA,30-Jun-2022,750.0,CE,0.0,0.0,0.0,179.75,187.5,0,0.0,0,0,18-APR-2022,
OPTSTK,SUNPHARMA,30-Jun-2022,760.0,CE,0.0,0.0,0.0,171.15,178.4,0,0.0,0,0,18-APR-2022,
OPTSTK,SUNPHARMA,30-Jun-2022,770.0,CE,0.0,0.0,0.0,162.75,169.5,0,0.0,0,0,18-APR-2022,
OPTSTK,SUNPHARMA,30-Jun-2022,780.0,CE,0.0,0.0,0.0,154.5,160.7,0,0.0,0,0,18-APR-2022,
OPTSTK,SUNPHARMA,30-Jun-2022,790.0,CE,0.0,0.0,0.0,146.45,152.1,0,0.0,0,0,18-APR-2022,
OPTSTK,SUNPHARMA,30-Jun-2022,800.0,CE,0.0,0.0,0.0,138.65,143.7,0,0.0,0,0,18-APR-2022,
OPTSTK,SUNPHARMA,30-Jun-2022,810.0,CE,0.0,0.0,0.0,131.0,135.5,0,0.0,0,0,18-APR-2022,
OPTSTK,SUNPHARMA,30-Jun-2022,820.0,CE,0.0,0.0,0.0,123.65,127.5,0,0.0,0,0,18-APR-2022,
OPTSTK,SUNPHARMA,30-Jun-2022,830.0,CE,0.0,0.0,0.0,116.45,119.75,0,0.0,0,0,18-APR-2022,
OPTSTK,SUNPHARMA,30-Jun-2022,840.0,CE,0.0,0.0,0.0,109.5,112.3,0,0.0,0,0,18-APR-2022,
OPTSTK,SUNPHARMA,30-Jun-2022,850.0,CE,0.0,0.0,0.0,102.85,105.05,0,0.0,0,0,18-APR-2022,
OPTSTK,SUNPHARMA,30-Jun-2022,860.0,CE,0.0,0.0,0.0,96.45,98.0,0,0.0,0,0,18-APR-2022,
OPTSTK,SUNPHARMA,30-Jun-2022,870.0,CE,0.0,0.0,0.0,90.25,91.3,0,0.0,0,0,18-APR-2022,
OPTSTK,SUNPHARMA,30-Jun-2022,880.0,CE,0.0,0.0,0.0,84.35,84.9,0,0.0,0,0,18-APR-2022,
OPTSTK,SUNPHARMA,30-Jun-2022,890.0,CE,0.0,0.0,0.0,78.75,78.75,0,0.0,0,0,18-APR-2022,
OPTSTK,SUNPHARMA,30-Jun-2022,900.0,CE,0.0,0.0,0.0,73.35,72.9,0,0.0,0,0,18-APR-2022,
OPTSTK,SUNPHARMA,30-Jun-2022,910.0,CE,0.0,0.0,0.0,68.25,67.35,0,0.0,0,0,18-APR-2022,
OPTSTK,SUNPHARMA,30-Jun-2022,920.0,CE,0.0,0.0,0.0,63.4,62.1,0,0.0,0,0,18-APR-2022,
OPTSTK,SUNPHARMA,30-Jun-2022,930.0,CE,0.0,0.0,0.0,58.8,57.15,0,0.0,0,0,18-APR-2022,
OPTSTK,SUNPHARMA,30-Jun-2022,940.0,CE,0.0,0.0,0.0,54.45,52.45,0,0.0,0,0,18-APR-2022,
OPTSTK,SUNPHARMA,30-Jun-2022,950.0,CE,0.0,0.0,0.0,50.3,48.05,0,0.0,0,0,18-APR-2022,
OPTSTK,SUNPHARMA,30-Jun-2022,960.0,CE,0.0,0.0,0.0,46.45,43.95,0,0.0,0,0,18-APR-2022,
OPTSTK,SUNPHARMA,30-Jun-2022,970.0,CE,0.0,0.0,0.0,42.8,40.1,0,0.0,0,0,18-APR-2022,
OPTSTK,SUNPHARMA,30-Jun-2022,980.0,CE,0.0,0.0,0.0,39.4,36.55,0,0.0,0,0,18-APR-2022,
OPTSTK,SUNPHARMA,30-Jun-2022,990.0,CE,0.0,0.0,0.0,36.25,33.2,0,0.0,0,0,18-APR-2022,
OPTSTK,SUNPHARMA,30-Jun-2022,1000.0,CE,0.0,0.0,0.0,33.25,30.1,0,0.0,0,0,18-APR-2022,
OPTSTK,SUNPHARMA,30-Jun-2022,1010.0,CE,0.0,0.0,0.0,30.45,27.25,0,0.0,0,0,18-APR-2022,
OPTSTK,SUNPHARMA,30-Jun-2022,1020.0,CE,0.0,0.0,0.0,27.95,24.6,0,0.0,0,0,18-APR-2022,
OPTSTK,SUNPHARMA,30-Jun-2022,1030.0,CE,0.0,0.0,0.0,25.55,22.25,0,0.0,0,0,18-APR-2022,
OPTSTK,SUNPHARMA,30-Jun-2022,1040.0,CE,0.0,0.0,0.0,23.3,20.05,0,0.0,0,0,18-APR-2022,
OPTSTK,SUNPHARMA,30-Jun-2022,1050.0,CE,0.0,0.0,0.0,21.25,18.0,0,0.0,0,0,18-APR-2022,
OPTSTK,SUNPHARMA,30-Jun-2022,1060.0,CE,0.0,0.0,0.0,19.35,16.15,0,0.0,0,0,18-APR-2022,
OPTSTK,SUNPHARMA,30-Jun-2022,1070.0,CE,0.0,0.0,0.0,17.6,14.45,0,0.0,0,0,18-APR-2022,
OPTSTK,SUNPHARMA,30-Jun-2022,1080.0,CE,0.0,0.0,0.0,15.95,12.9,0,0.0,0,0,18-APR-2022,
OPTSTK,SUNPHARMA,30-Jun-2022,1090.0,CE,0.0,0.0,0.0,14.5,11.5,0,0.0,0,0,18-APR-2022,
OPTSTK,SUNPHARMA,30-Jun-2022,1100.0,CE,0.0,0.0,0.0,13.1,10.25,0,0.0,0,0,18-APR-2022,
OPTSTK,SUNPHARMA,30-Jun-2022,1110.0,CE,0.0,0.0,0.0,11.85,9.1,0,0.0,0,0,18-APR-2022,
OPTSTK,SUNPHARMA,30-Jun-2022,1120.0,CE,0.0,0.0,0.0,10.75,8.1,0,0.0,0,0,18-APR-2022,
OPTSTK,SUNPHARMA,30-Jun-2022,550.0,PE,0.0,0.0,0.0,0.05,0.0,0,0.0,0,0,18-APR-2022,
OPTSTK,SUNPHARMA,30-Jun-2022,560.0,PE,0.0,0.0,0.0,0.05,0.05,0,0.0,0,0,18-APR-2022,
OPTSTK,SUNPHARMA,30-Jun-2022,570.0,PE,0.0,0.0,0.0,0.1,0.05,0,0.0,0,0,18-APR-2022,
OPTSTK,SUNPHARMA,30-Jun-2022,580.0,PE,0.0,0.0,0.0,0.1,0.05,0,0.0,0,0,18-APR-2022,
OPTSTK,SUNPHARMA,30-Jun-2022,590.0,PE,0.0,0.0,0.0,0.15,0.05,0,0.0,0,0,18-APR-2022,
OPTSTK,SUNPHARMA,30-Jun-2022,600.0,PE,0.0,0.0,0.0,0.2,0.05,0,0.0,0,0,18-APR-2022,
OPTSTK,SUNPHARMA,30-Jun-2022,610.0,PE,0.0,0.0,0.0,0.3,0.1,0,0.0,0,0,18-APR-2022,
OPTSTK,SUNPHARMA,30-Jun-2022,620.0,PE,0.0,0.0,0.0,0.4,0.1,0,0.0,0,0,18-APR-2022,
OPTSTK,SUNPHARMA,30-Jun-2022,630.0,PE,0.0,0.0,0.0,0.5,0.15,0,0.0,0,0,18-APR-2022,
OPTSTK,SUNPHARMA,30-Jun-2022,640.0,PE,0.0,0.0,0.0,0.65,0.2,0,0.0,0,0,18-APR-2022,
OPTSTK,SUNPHARMA,30-Jun-2022,650.0,PE,0.0,0.0,0.0,0.85,0.25,0,0.0,0,0,18-APR-2022,
OPTSTK,SUNPHARMA,30-Jun-2022,660.0,PE,0.0,0.0,0.0,1.1,0.35,0,0.0,0,0,18-APR-2022,
OPTSTK,SUNPHARMA,30-Jun-2022,670.0,PE,0.0,0.0,0.0,1.4,0.5,0,0.0,0,0,18-APR-2022,
OPTSTK,SUNPHARMA,30-Jun-2022,680.0,PE,0.0,0.0,0.0,1.8,0.65,0,0.0,0,0,18-APR-2022,
OPTSTK,SUNPHARMA,30-Jun-2022,690.0,PE,0.0,0.0,0.0,2.25,0.85,0,0.0,0,0,18-APR-2022,
OPTSTK,SUNPHARMA,30-Jun-2022,700.0,PE,0.0,0.0,0.0,2.75,1.15,0,0.0,0,0,18-APR-2022,
OPTSTK,SUNPHARMA,30-Jun-2022,710.0,PE,0.0,0.0,0.0,3.4,1.45,0,0.0,0,0,18-APR-2022,
OPTSTK,SUNPHARMA,30-Jun-2022,720.0,PE,0.0,0.0,0.0,4.15,1.85,0,0.0,0,0,18-APR-2022,
OPTSTK,SUNPHARMA,30-Jun-2022,730.0,PE,0.0,0.0,0.0,5.0,2.35,0,0.0,0,0,18-APR-2022,
OPTSTK,SUNPHARMA,30-Jun-2022,740.0,PE,0.0,0.0,0.0,6.0,2.95,0,0.0,0,0,18-APR-2022,
OPTSTK,SUNPHARMA,30-Jun-2022,750.0,PE,0.0,0.0,0.0,7.1,3.65,0,0.0,0,0,18-APR-2022,
OPTSTK,SUNPHARMA,30-Jun-2022,760.0,PE,0.0,0.0,0.0,8.4,4.5,0,0.0,0,0,18-APR-2022,
OPTSTK,SUNPHARMA,30-Jun-2022,770.0,PE,0.0,0.0,0.0,9.9,5.45,0,0.0,0,0,18-APR-2022,
OPTSTK,SUNPHARMA,30-Jun-2022,780.0,PE,0.0,0.0,0.0,11.55,6.6,0,0.0,0,0,18-APR-2022,
OPTSTK,SUNPHARMA,30-Jun-2022,790.0,PE,0.0,0.0,0.0,13.4,7.95,0,0.0,0,0,18-APR-2022,
OPTSTK,SUNPHARMA,30-Jun-2022,800.0,PE,0.0,0.0,0.0,15.45,9.45,0,0.0,0,0,18-APR-2022,
OPTSTK,SUNPHARMA,30-Jun-2022,810.0,PE,0.0,0.0,0.0,17.75,11.15,0,0.0,0,0,18-APR-2022,
OPTSTK,SUNPHARMA,30-Jun-2022,820.0,PE,0.0,0.0,0.0,20.25,13.1,0,0.0,0,0,18-APR-2022,
OPTSTK,SUNPHARMA,30-Jun-2022,830.0,PE,0.0,0.0,0.0,23.0,15.25,0,0.0,0,0,18-APR-2022,
OPTSTK,SUNPHARMA,30-Jun-2022,840.0,PE,0.0,0.0,0.0,25.95,17.7,0,0.0,0,0,18-APR-2022,
OPTSTK,SUNPHARMA,30-Jun-2022,850.0,PE,0.0,0.0,0.0,29.15,20.35,0,0.0,0,0,18-APR-2022,
OPTSTK,SUNPHARMA,30-Jun-2022,860.0,PE,0.0,0.0,0.0,32.65,23.25,0,0.0,0,0,18-APR-2022,
OPTSTK,SUNPHARMA,30-Jun-2022,870.0,PE,0.0,0.0,0.0,36.35,26.45,0,0.0,0,0,18-APR-2022,
OPTSTK,SUNPHARMA,30-Jun-2022,880.0,PE,0.0,0.0,0.0,40.35,29.95,0,0.0,0,0,18-APR-2022,
OPTSTK,SUNPHARMA,30-Jun-2022,890.0,PE,0.0,0.0,0.0,44.65,33.75,0,0.0,0,0,18-APR-2022,
OPTSTK,SUNPHARMA,30-Jun-2022,900.0,PE,0.0,0.0,0.0,49.15,37.8,0,0.0,0,0,18-APR-2022,
OPTSTK,SUNPHARMA,30-Jun-2022,910.0,PE,0.0,0.0,0.0,53.95,42.15,0,0.0,0,0,18-APR-2022,
OPTSTK,SUNPHARMA,30-Jun-2022,920.0,PE,0.0,0.0,0.0,58.95,46.85,0,0.0,0,0,18-APR-2022,
OPTSTK,SUNPHARMA,30-Jun-2022,930.0,PE,0.0,0.0,0.0,64.25,51.8,0,0.0,0,0,18-APR-2022,
OPTSTK,SUNPHARMA,30-Jun-2022,940.0,PE,0.0,0.0,0.0,69.8,57.0,0,0.0,0,0,18-APR-2022,
OPTSTK,SUNPHARMA,30-Jun-2022,950.0,PE,0.0,0.0,0.0,75.6,62.55,0,0.0,0,0,18-APR-2022,
OPTSTK,SUNPHARMA,30-Jun-2022,960.0,PE,0.0,0.0,0.0,81.6,68.35,0,0.0,0,0,18-APR-2022,
OPTSTK,SUNPHARMA,30-Jun-2022,970.0,PE,0.0,0.0,0.0,87.85,74.4,0,0.0,0,0,18-APR-2022,
OPTSTK,SUNPHARMA,30-Jun-2022,980.0,PE,0.0,0.0,0.0,94.35,80.75,0,0.0,0,0,18-APR-2022,
OPTSTK,SUNPHARMA,30-Jun-2022,990.0,PE,0.0,0.0,0.0,101.05,87.3,0,0.0,0,0,18-APR-2022,
OPTSTK,SUNPHARMA,30-Jun-2022,1000.0,PE,0.0,0.0,0.0,108.0,94.15,0,0.0,0,0,18-APR-2022,
OPTSTK,SUNPHARMA,30-Jun-2022,1010.0,PE,0.0,0.0,0.0,115.1,101.2,0,0.0,0,0,18-APR-2022,
OPTSTK,SUNPHARMA,30-Jun-2022,1020.0,PE,0.0,0.0,0.0,122.45,108.5,0,0.0,0,0,18-APR-2022,
OPTSTK,SUNPHARMA,30-Jun-2022,1030.0,PE,0.0,0.0,0.0,129.95,116.05,0,0.0,0,0,18-APR-2022,
OPTSTK,SUNPHARMA,30-Jun-2022,1040.0,PE,0.0,0.0,0.0,137.65,123.75,0,0.0,0,0,18-APR-2022,
OPTSTK,SUNPHARMA,30-Jun-2022,1050.0,PE,0.0,0.0,0.0,145.45,131.6,0,0.0,0,0,18-APR-2022,
OPTSTK,SUNPHARMA,30-Jun-2022,1060.0,PE,0.0,0.0,0.0,153.45,139.65,0,0.0,0,0,18-APR-2022,
OPTSTK,SUNPHARMA,30-Jun-2022,1070.0,PE,0.0,0.0,0.0,161.6,147.9,0,0.0,0,0,18-APR-2022,
OPTSTK,SUNPHARMA,30-Jun-2022,1080.0,PE,0.0,0.0,0.0,169.85,156.25,0,0.0,0,0,18-APR-2022,
OPTSTK,SUNPHARMA,30-Jun-2022,1090.0,PE,0.0,0.0,0.0,178.25,164.8,0,0.0,0,0,18-APR-2022,
OPTSTK,SUNPHARMA,30-Jun-2022,1100.0,PE,0.0,0.0,0.0,186.8,173.45,0,0.0,0,0,18-APR-2022,
OPTSTK,SUNPHARMA,30-Jun-2022,1110.0,PE,0.0,0.0,0.0,195.45,182.2,0,0.0,0,0,18-APR-2022,
OPTSTK,SUNPHARMA,30-Jun-2022,1120.0,PE,0.0,0.0,0.0,204.2,191.1,0,0.0,0,0,18-APR-2022,
OPTSTK,SUNTV,28-Apr-2022,320.0,CE,0.0,0.0,0.0,159.15,186.05,0,0.0,0,0,18-APR-2022,
OPTSTK,SUNTV,28-Apr-2022,325.0,CE,0.0,0.0,0.0,165.9,181.05,0,0.0,0,0,18-APR-2022,
OPTSTK,SUNTV,28-Apr-2022,330.0,CE,0.0,0.0,0.0,149.6,176.05,0,0.0,0,0,18-APR-2022,
OPTSTK,SUNTV,28-Apr-2022,335.0,CE,0.0,0.0,0.0,155.95,171.05,0,0.0,0,0,18-APR-2022,
OPTSTK,SUNTV,28-Apr-2022,340.0,CE,0.0,0.0,0.0,140.25,166.05,0,0.0,0,0,18-APR-2022,
OPTSTK,SUNTV,28-Apr-2022,345.0,CE,0.0,0.0,0.0,145.95,161.05,0,0.0,0,0,18-APR-2022,
OPTSTK,SUNTV,28-Apr-2022,350.0,CE,0.0,0.0,0.0,131.05,156.05,0,0.0,0,0,18-APR-2022,
OPTSTK,SUNTV,28-Apr-2022,355.0,CE,0.0,0.0,0.0,136.0,151.05,0,0.0,0,0,18-APR-2022,
OPTSTK,SUNTV,28-Apr-2022,360.0,CE,0.0,0.0,0.0,122.0,146.1,0,0.0,0,0,18-APR-2022,
OPTSTK,SUNTV,28-Apr-2022,365.0,CE,0.0,0.0,0.0,126.1,141.1,0,0.0,0,0,18-APR-2022,
OPTSTK,SUNTV,28-Apr-2022,370.0,CE,0.0,0.0,0.0,113.25,136.1,0,0.0,0,0,18-APR-2022,
OPTSTK,SUNTV,28-Apr-2022,375.0,CE,0.0,0.0,0.0,116.2,131.1,0,0.0,0,0,18-APR-2022,
OPTSTK,SUNTV,28-Apr-2022,380.0,CE,0.0,0.0,0.0,104.7,126.1,0,0.0,0,0,18-APR-2022,
OPTSTK,SUNTV,28-Apr-2022,385.0,CE,0.0,0.0,0.0,106.4,121.1,0,0.0,0,0,18-APR-2022,
OPTSTK,SUNTV,28-Apr-2022,390.0,CE,0.0,0.0,0.0,96.5,116.1,0,0.0,0,0,18-APR-2022,
OPTSTK,SUNTV,28-Apr-2022,395.0,CE,0.0,0.0,0.0,96.7,111.1,0,0.0,0,0,18-APR-2022,
OPTSTK,SUNTV,28-Apr-2022,400.0,CE,0.0,0.0,0.0,88.6,106.1,0,0.0,0,0,18-APR-2022,
OPTSTK,SUNTV,28-Apr-2022,405.0,CE,0.0,0.0,0.0,87.2,101.15,0,0.0,0,0,18-APR-2022,
OPTSTK,SUNTV,28-Apr-2022,410.0,CE,0.0,0.0,0.0,81.1,96.15,0,0.0,0,0,18-APR-2022,
OPTSTK,SUNTV,28-Apr-2022,415.0,CE,0.0,0.0,0.0,77.9,91.15,0,0.0,0,0,18-APR-2022,
OPTSTK,SUNTV,28-Apr-2022,420.0,CE,0.0,0.0,0.0,73.9,86.15,0,0.0,0,0,18-APR-2022,
OPTSTK,SUNTV,28-Apr-2022,425.0,CE,0.0,0.0,0.0,68.9,81.2,0,0.0,0,0,18-APR-2022,
OPTSTK,SUNTV,28-Apr-2022,430.0,CE,0.0,0.0,0.0,67.1,76.25,0,0.0,0,0,18-APR-2022,
OPTSTK,SUNTV,28-Apr-2022,435.0,CE,0.0,0.0,0.0,60.3,71.3,0,0.0,0,0,18-APR-2022,
OPTSTK,SUNTV,28-Apr-2022,440.0,CE,0.0,0.0,0.0,60.7,66.4,0,0.0,0,0,18-APR-2022,
OPTSTK,SUNTV,28-Apr-2022,445.0,CE,0.0,0.0,0.0,52.2,61.55,0,0.0,0,0,18-APR-2022,
OPTSTK,SUNTV,28-Apr-2022,450.0,CE,51.7,58.7,51.25,58.7,58.7,14,105.72,19500,-6000,18-APR-2022,
OPTSTK,SUNTV,28-Apr-2022,455.0,CE,0.0,0.0,0.0,44.65,52.05,0,0.0,0,0,18-APR-2022,
OPTSTK,SUNTV,28-Apr-2022,460.0,CE,0.0,0.0,0.0,42.0,47.4,0,0.0,1500,0,18-APR-2022,
OPTSTK,SUNTV,28-Apr-2022,465.0,CE,0.0,0.0,0.0,37.7,42.95,0,0.0,0,0,18-APR-2022,
OPTSTK,SUNTV,28-Apr-2022,470.0,CE,0.0,0.0,0.0,39.9,38.6,0,0.0,6000,0,18-APR-2022,
OPTSTK,SUNTV,28-Apr-2022,475.0,CE,0.0,0.0,0.0,31.45,34.45,0,0.0,0,0,18-APR-2022,
OPTSTK,SUNTV,28-Apr-2022,480.0,CE,0.0,0.0,0.0,30.0,30.45,0,0.0,3000,0,18-APR-2022,
OPTSTK,SUNTV,28-Apr-2022,485.0,CE,0.0,0.0,0.0,25.9,26.75,0,0.0,0,0,18-APR-2022,
OPTSTK,SUNTV,28-Apr-2022,490.0,CE,20.7,25.4,20.7,25.4,25.4,3,23.1,12000,0,18-APR-2022,
OPTSTK,SUNTV,28-Apr-2022,495.0,CE,0.0,0.0,0.0,21.05,20.05,0,0.0,0,0,18-APR-2022,
OPTSTK,SUNTV,28-Apr-2022,500.0,CE,8.9,17.9,8.9,17.45,17.45,86,663.47,159000,12000,18-APR-2022,
OPTSTK,SUNTV,28-Apr-2022,505.0,CE,0.0,0.0,0.0,16.9,14.5,0,0.0,0,0,18-APR-2022,
OPTSTK,SUNTV,28-Apr-2022,510.0,CE,12.5,12.5,8.65,11.6,11.6,603,4705.93,169500,-240000,18-APR-2022,
OPTSTK,SUNTV,28-Apr-2022,515.0,CE,8.4,9.1,7.55,7.55,10.05,6,47.1,6000,-1500,18-APR-2022,
OPTSTK,SUNTV,28-Apr-2022,520.0,CE,7.55,8.8,6.0,8.1,8.1,566,4476.48,249000,-18000,18-APR-2022,
OPTSTK,SUNTV,28-Apr-2022,525.0,CE,0.0,0.0,0.0,10.45,6.7,0,0.0,0,0,18-APR-2022,
OPTSTK,SUNTV,28-Apr-2022,530.0,CE,5.55,9.0,4.1,5.75,5.75,443,3557.66,463500,-7500,18-APR-2022,
OPTSTK,SUNTV,28-Apr-2022,535.0,CE,0.0,0.0,0.0,8.05,4.3,0,0.0,0,0,18-APR-2022,
OPTSTK,SUNTV,28-Apr-2022,540.0,CE,6.05,6.05,2.75,4.15,4.15,329,2682.83,505500,-13500,18-APR-2022,
OPTSTK,SUNTV,28-Apr-2022,545.0,CE,2.95,2.95,2.95,2.95,2.65,2,16.43,3000,3000,18-APR-2022,
OPTSTK,SUNTV,28-Apr-2022,550.0,CE,1.7,4.0,1.7,2.8,2.8,216,1789.68,429000,1500,18-APR-2022,
OPTSTK,SUNTV,28-Apr-2022,555.0,CE,0.0,0.0,0.0,4.65,1.55,0,0.0,0,0,18-APR-2022,
OPTSTK,SUNTV,28-Apr-2022,560.0,CE,1.9,2.35,1.55,1.8,1.15,26,219.1,67500,-1500,18-APR-2022,
OPTSTK,SUNTV,28-Apr-2022,565.0,CE,0.0,0.0,0.0,3.45,0.9,0,0.0,0,0,18-APR-2022,
OPTSTK,SUNTV,28-Apr-2022,570.0,CE,1.1,1.5,0.95,0.95,0.65,9,77.11,64500,4500,18-APR-2022,
OPTSTK,SUNTV,28-Apr-2022,575.0,CE,0.0,0.0,0.0,2.55,0.5,0,0.0,0,0,18-APR-2022,
OPTSTK,SUNTV,28-Apr-2022,580.0,CE,1.2,1.2,1.2,1.2,0.35,1,8.71,4500,-1500,18-APR-2022,
OPTSTK,SUNTV,28-Apr-2022,585.0,CE,0.0,0.0,0.0,1.85,0.25,0,0.0,0,0,18-APR-2022,
OPTSTK,SUNTV,28-Apr-2022,590.0,CE,0.0,0.0,0.0,2.1,0.2,0,0.0,1500,0,18-APR-2022,
OPTSTK,SUNTV,28-Apr-2022,595.0,CE,0.0,0.0,0.0,1.35,0.15,0,0.0,0,0,18-APR-2022,
OPTSTK,SUNTV,28-Apr-2022,600.0,CE,0.9,0.9,0.4,0.8,0.8,46,414.45,157500,-15000,18-APR-2022,
OPTSTK,SUNTV,28-Apr-2022,605.0,CE,0.0,0.0,0.0,0.95,0.1,0,0.0,0,0,18-APR-2022,
OPTSTK,SUNTV,28-Apr-2022,610.0,CE,0.0,0.0,0.0,6.9,0.05,0,0.0,0,0,18-APR-2022,
OPTSTK,SUNTV,28-Apr-2022,615.0,CE,0.0,0.0,0.0,0.65,0.05,0,0.0,0,0,18-APR-2022,
OPTSTK,SUNTV,28-Apr-2022,620.0,CE,0.0,0.0,0.0,0.75,0.05,0,0.0,1500,0,18-APR-2022,
OPTSTK,SUNTV,28-Apr-2022,625.0,CE,0.0,0.0,0.0,0.45,0.05,0,0.0,0,0,18-APR-2022,
OPTSTK,SUNTV,28-Apr-2022,630.0,CE,0.0,0.0,0.0,5.1,0.05,0,0.0,0,0,18-APR-2022,
OPTSTK,SUNTV,28-Apr-2022,635.0,CE,0.0,0.0,0.0,0.35,0.0,0,0.0,0,0,18-APR-2022,
OPTSTK,SUNTV,28-Apr-2022,640.0,CE,0.0,0.0,0.0,4.35,0.0,0,0.0,0,0,18-APR-2022,
OPTSTK,SUNTV,28-Apr-2022,645.0,CE,0.0,0.0,0.0,0.25,0.0,0,0.0,0,0,18-APR-2022,
OPTSTK,SUNTV,28-Apr-2022,650.0,CE,0.0,0.0,0.0,3.7,0.0,0,0.0,0,0,18-APR-2022,
OPTSTK,SUNTV,28-Apr-2022,655.0,CE,0.0,0.0,0.0,0.15,0.0,0,0.0,0,0,18-APR-2022,
OPTSTK,SUNTV,28-Apr-2022,660.0,CE,0.0,0.0,0.0,3.15,0.0,0,0.0,0,0,18-APR-2022,
OPTSTK,SUNTV,28-Apr-2022,665.0,CE,0.0,0.0,0.0,0.1,0.0,0,0.0,0,0,18-APR-2022,
OPTSTK,SUNTV,28-Apr-2022,670.0,CE,0.0,0.0,0.0,2.7,0.0,0,0.0,0,0,18-APR-2022,
OPTSTK,SUNTV,28-Apr-2022,675.0,CE,0.0,0.0,0.0,0.1,0.0,0,0.0,0,0,18-APR-2022,
OPTSTK,SUNTV,28-Apr-2022,680.0,CE,0.0,0.0,0.0,2.3,0.0,0,0.0,0,0,18-APR-2022,
OPTSTK,SUNTV,28-Apr-2022,690.0,CE,0.0,0.0,0.0,1.95,0.0,0,0.0,0,0,18-APR-2022,
OPTSTK,SUNTV,28-Apr-2022,700.0,CE,0.0,0.0,0.0,1.65,0.0,0,0.0,0,0,18-APR-2022,
OPTSTK,SUNTV,28-Apr-2022,320.0,PE,0.0,0.0,0.0,0.8,0.0,0,0.0,0,0,18-APR-2022,
OPTSTK,SUNTV,28-Apr-2022,325.0,PE,0.0,0.0,0.0,0.05,0.0,0,0.0,0,0,18-APR-2022,
OPTSTK,SUNTV,28-Apr-2022,330.0,PE,0.0,0.0,0.0,1.2,0.0,0,0.0,0,0,18-APR-2022,
OPTSTK,SUNTV,28-Apr-2022,335.0,PE,0.0,0.0,0.0,0.05,0.0,0,0.0,0,0,18-APR-2022,
OPTSTK,SUNTV,28-Apr-2022,340.0,PE,0.0,0.0,0.0,1.7,0.0,0,0.0,0,0,18-APR-2022,
OPTSTK,SUNTV,28-Apr-2022,345.0,PE,0.0,0.0,0.0,0.05,0.0,0,0.0,0,0,18-APR-2022,
OPTSTK,SUNTV,28-Apr-2022,350.0,PE,0.0,0.0,0.0,2.4,0.0,0,0.0,0,0,18-APR-2022,
OPTSTK,SUNTV,28-Apr-2022,355.0,PE,0.0,0.0,0.0,0.05,0.0,0,0.0,0,0,18-APR-2022,
OPTSTK,SUNTV,28-Apr-2022,360.0,PE,0.0,0.0,0.0,3.25,0.0,0,0.0,0,0,18-APR-2022,
OPTSTK,SUNTV,28-Apr-2022,365.0,PE,0.0,0.0,0.0,0.1,0.0,0,0.0,0,0,18-APR-2022,
OPTSTK,SUNTV,28-Apr-2022,370.0,PE,0.0,0.0,0.0,4.4,0.0,0,0.0,0,0,18-APR-2022,
OPTSTK,SUNTV,28-Apr-2022,375.0,PE,0.0,0.0,0.0,0.2,0.0,0,0.0,0,0,18-APR-2022,
OPTSTK,SUNTV,28-Apr-2022,380.0,PE,0.0,0.0,0.0,5.75,0.0,0,0.0,0,0,18-APR-2022,
OPTSTK,SUNTV,28-Apr-2022,385.0,PE,0.0,0.0,0.0,0.35,0.0,0,0.0,0,0,18-APR-2022,
OPTSTK,SUNTV,28-Apr-2022,390.0,PE,0.0,0.0,0.0,7.45,0.0,0,0.0,0,0,18-APR-2022,
OPTSTK,SUNTV,28-Apr-2022,395.0,PE,0.0,0.0,0.0,0.6,0.0,0,0.0,0,0,18-APR-2022,
OPTSTK,SUNTV,28-Apr-2022,400.0,PE,0.0,0.0,0.0,0.1,0.0,0,0.0,1500,0,18-APR-2022,
OPTSTK,SUNTV,28-Apr-2022,405.0,PE,0.0,0.0,0.0,1.05,0.0,0,0.0,0,0,18-APR-2022,
OPTSTK,SUNTV,28-Apr-2022,410.0,PE,0.0,0.0,0.0,11.8,0.05,0,0.0,0,0,18-APR-2022,
OPTSTK,SUNTV,28-Apr-2022,415.0,PE,0.0,0.0,0.0,1.75,0.05,0,0.0,0,0,18-APR-2022,
OPTSTK,SUNTV,28-Apr-2022,420.0,PE,0.0,0.0,0.0,14.55,0.05,0,0.0,0,0,18-APR-2022,
OPTSTK,SUNTV,28-Apr-2022,425.0,PE,0.0,0.0,0.0,2.7,0.1,0,0.0,0,0,18-APR-2022,
OPTSTK,SUNTV,28-Apr-2022,430.0,PE,1.4,1.4,1.4,1.4,0.1,1,6.47,12000,1500,18-APR-2022,
OPTSTK,SUNTV,28-Apr-2022,435.0,PE,0.0,0.0,0.0,4.1,0.15,0,0.0,0,0,18-APR-2022,
OPTSTK,SUNTV,28-Apr-2022,440.0,PE,0.0,0.0,0.0,0.15,0.25,0,0.0,7500,0,18-APR-2022,
OPTSTK,SUNTV,28-Apr-2022,445.0,PE,0.0,0.0,0.0,5.95,0.4,0,0.0,0,0,18-APR-2022,
OPTSTK,SUNTV,28-Apr-2022,450.0,PE,2.0,2.25,0.75,0.95,0.95,68,460.44,63000,0,18-APR-2022,
OPTSTK,SUNTV,28-Apr-2022,455.0,PE,0.0,0.0,0.0,8.4,0.9,0,0.0,0,0,18-APR-2022,
OPTSTK,SUNTV,28-Apr-2022,460.0,PE,3.0,3.0,1.25,1.25,1.25,4,27.71,67500,-3000,18-APR-2022,
OPTSTK,SUNTV,28-Apr-2022,465.0,PE,0.0,0.0,0.0,6.95,1.75,0,0.0,6000,0,18-APR-2022,
OPTSTK,SUNTV,28-Apr-2022,470.0,PE,0.0,0.0,0.0,3.25,2.4,0,0.0,54000,0,18-APR-2022,
OPTSTK,SUNTV,28-Apr-2022,475.0,PE,0.0,0.0,0.0,15.1,3.25,0,0.0,0,0,18-APR-2022,
OPTSTK,SUNTV,28-Apr-2022,480.0,PE,6.5,7.2,3.65,4.2,4.2,52,378.65,94500,9000,18-APR-2022,
OPTSTK,SUNTV,28-Apr-2022,485.0,PE,0.0,0.0,0.0,19.55,5.55,0,0.0,0,0,18-APR-2022,
OPTSTK,SUNTV,28-Apr-2022,490.0,PE,9.6,12.05,5.9,5.9,5.9,10,74.76,48000,3000,18-APR-2022,
OPTSTK,SUNTV,28-Apr-2022,495.0,PE,0.0,0.0,0.0,24.65,8.85,0,0.0,0,0,18-APR-2022,
OPTSTK,SUNTV,28-Apr-2022,500.0,PE,15.0,17.8,8.5,9.35,9.35,152,1170.11,163500,13500,18-APR-2022,
OPTSTK,SUNTV,28-Apr-2022,505.0,PE,31.2,31.2,11.75,11.75,13.25,3,23.59,0,0,18-APR-2022,
OPTSTK,SUNTV,28-Apr-2022,510.0,PE,19.5,21.1,13.05,13.1,13.1,28,222.01,52500,-4500,18-APR-2022,
OPTSTK,SUNTV,28-Apr-2022,515.0,PE,0.0,0.0,0.0,36.9,18.8,0,0.0,0,0,18-APR-2022,
OPTSTK,SUNTV,28-Apr-2022,520.0,PE,24.25,26.65,18.4,19.8,19.8,12,97.58,105000,-3000,18-APR-2022,
OPTSTK,SUNTV,28-Apr-2022,525.0,PE,0.0,0.0,0.0,43.95,25.45,0,0.0,0,0,18-APR-2022,
OPTSTK,SUNTV,28-Apr-2022,530.0,PE,0.0,0.0,0.0,70.7,29.15,0,0.0,0,0,18-APR-2022,
OPTSTK,SUNTV,28-Apr-2022,535.0,PE,0.0,0.0,0.0,51.55,33.05,0,0.0,0,0,18-APR-2022,
OPTSTK,SUNTV,28-Apr-2022,540.0,PE,0.0,0.0,0.0,28.1,37.1,0,0.0,3000,0,18-APR-2022,
OPTSTK,SUNTV,28-Apr-2022,545.0,PE,0.0,0.0,0.0,59.6,41.35,0,0.0,0,0,18-APR-2022,
OPTSTK,SUNTV,28-Apr-2022,550.0,PE,0.0,0.0,0.0,30.0,45.75,0,0.0,9000,0,18-APR-2022,
OPTSTK,SUNTV,28-Apr-2022,555.0,PE,0.0,0.0,0.0,68.05,50.25,0,0.0,0,0,18-APR-2022,
OPTSTK,SUNTV,28-Apr-2022,560.0,PE,0.0,0.0,0.0,93.35,54.9,0,0.0,0,0,18-APR-2022,
OPTSTK,SUNTV,28-Apr-2022,565.0,PE,0.0,0.0,0.0,76.8,59.6,0,0.0,0,0,18-APR-2022,
OPTSTK,SUNTV,28-Apr-2022,570.0,PE,0.0,0.0,0.0,101.4,64.35,0,0.0,0,0,18-APR-2022,
OPTSTK,SUNTV,28-Apr-2022,575.0,PE,0.0,0.0,0.0,85.9,69.2,0,0.0,0,0,18-APR-2022,
OPTSTK,SUNTV,28-Apr-2022,580.0,PE,0.0,0.0,0.0,109.65,74.05,0,0.0,0,0,18-APR-2022,
OPTSTK,SUNTV,28-Apr-2022,585.0,PE,0.0,0.0,0.0,95.15,78.95,0,0.0,0,0,18-APR-2022,
OPTSTK,SUNTV,28-Apr-2022,590.0,PE,0.0,0.0,0.0,118.1,83.9,0,0.0,0,0,18-APR-2022,
OPTSTK,SUNTV,28-Apr-2022,595.0,PE,0.0,0.0,0.0,104.6,88.8,0,0.0,0,0,18-APR-2022,
OPTSTK,SUNTV,28-Apr-2022,600.0,PE,0.0,0.0,0.0,126.75,93.8,0,0.0,0,0,18-APR-2022,
OPTSTK,SUNTV,28-Apr-2022,605.0,PE,0.0,0.0,0.0,114.2,98.75,0,0.0,0,0,18-APR-2022,
OPTSTK,SUNTV,28-Apr-2022,610.0,PE,0.0,0.0,0.0,135.55,103.7,0,0.0,0,0,18-APR-2022,
OPTSTK,SUNTV,28-Apr-2022,615.0,PE,0.0,0.0,0.0,123.9,108.7,0,0.0,0,0,18-APR-2022,
OPTSTK,SUNTV,28-Apr-2022,620.0,PE,0.0,0.0,0.0,144.45,113.7,0,0.0,0,0,18-APR-2022,
OPTSTK,SUNTV,28-Apr-2022,625.0,PE,0.0,0.0,0.0,133.65,118.7,0,0.0,0,0,18-APR-2022,
OPTSTK,SUNTV,28-Apr-2022,630.0,PE,0.0,0.0,0.0,153.5,123.65,0,0.0,0,0,18-APR-2022,
OPTSTK,SUNTV,28-Apr-2022,635.0,PE,0.0,0.0,0.0,143.5,128.65,0,0.0,0,0,18-APR-2022,
OPTSTK,SUNTV,28-Apr-2022,640.0,PE,0.0,0.0,0.0,162.7,133.65,0,0.0,0,0,18-APR-2022,
OPTSTK,SUNTV,28-Apr-2022,645.0,PE,0.0,0.0,0.0,153.35,138.65,0,0.0,0,0,18-APR-2022,
OPTSTK,SUNTV,28-Apr-2022,650.0,PE,0.0,0.0,0.0,171.95,143.65,0,0.0,0,0,18-APR-2022,
OPTSTK,SUNTV,28-Apr-2022,655.0,PE,0.0,0.0,0.0,163.25,148.65,0,0.0,0,0,18-APR-2022,
OPTSTK,SUNTV,28-Apr-2022,660.0,PE,0.0,0.0,0.0,181.3,153.65,0,0.0,0,0,18-APR-2022,
OPTSTK,SUNTV,28-Apr-2022,665.0,PE,0.0,0.0,0.0,173.15,158.6,0,0.0,0,0,18-APR-2022,
OPTSTK,SUNTV,28-Apr-2022,670.0,PE,0.0,0.0,0.0,190.7,163.6,0,0.0,0,0,18-APR-2022,
OPTSTK,SUNTV,28-Apr-2022,675.0,PE,0.0,0.0,0.0,174.8,168.6,0,0.0,0,0,18-APR-2022,
OPTSTK,SUNTV,28-Apr-2022,680.0,PE,0.0,0.0,0.0,200.2,173.6,0,0.0,0,0,18-APR-2022,
OPTSTK,SUNTV,28-Apr-2022,690.0,PE,0.0,0.0,0.0,209.75,183.6,0,0.0,0,0,18-APR-2022,
OPTSTK,SUNTV,28-Apr-2022,700.0,PE,0.0,0.0,0.0,219.35,193.6,0,0.0,0,0,18-APR-2022,
OPTSTK,SUNTV,26-May-2022,320.0,CE,0.0,0.0,0.0,112.95,187.1,0,0.0,0,0,18-APR-2022,
OPTSTK,SUNTV,26-May-2022,325.0,CE,0.0,0.0,0.0,167.1,182.1,0,0.0,0,0,18-APR-2022,
OPTSTK,SUNTV,26-May-2022,330.0,CE,0.0,0.0,0.0,104.0,177.15,0,0.0,0,0,18-APR-2022,
OPTSTK,SUNTV,26-May-2022,335.0,CE,0.0,0.0,0.0,157.25,172.15,0,0.0,0,0,18-APR-2022,
OPTSTK,SUNTV,26-May-2022,340.0,CE,0.0,0.0,0.0,95.4,167.2,0,0.0,0,0,18-APR-2022,
OPTSTK,SUNTV,26-May-2022,345.0,CE,0.0,0.0,0.0,147.45,162.2,0,0.0,0,0,18-APR-2022,
OPTSTK,SUNTV,26-May-2022,350.0,CE,0.0,0.0,0.0,87.05,157.25,0,0.0,0,0,18-APR-2022,
OPTSTK,SUNTV,26-May-2022,355.0,CE,0.0,0.0,0.0,137.75,152.3,0,0.0,0,0,18-APR-2022,
OPTSTK,SUNTV,26-May-2022,360.0,CE,0.0,0.0,0.0,79.1,147.35,0,0.0,0,0,18-APR-2022,
OPTSTK,SUNTV,26-May-2022,365.0,CE,0.0,0.0,0.0,128.15,142.4,0,0.0,0,0,18-APR-2022,
OPTSTK,SUNTV,26-May-2022,370.0,CE,0.0,0.0,0.0,71.55,137.5,0,0.0,0,0,18-APR-2022,
OPTSTK,SUNTV,26-May-2022,375.0,CE,0.0,0.0,0.0,118.7,132.55,0,0.0,0,0,18-APR-2022,
OPTSTK,SUNTV,26-May-2022,380.0,CE,0.0,0.0,0.0,64.4,127.65,0,0.0,0,0,18-APR-2022,
OPTSTK,SUNTV,26-May-2022,385.0,CE,0.0,0.0,0.0,109.45,122.8,0,0.0,0,0,18-APR-2022,
OPTSTK,SUNTV,26-May-2022,390.0,CE,0.0,0.0,0.0,57.7,117.95,0,0.0,0,0,18-APR-2022,
OPTSTK,SUNTV,26-May-2022,395.0,CE,0.0,0.0,0.0,100.4,113.1,0,0.0,0,0,18-APR-2022,
OPTSTK,SUNTV,26-May-2022,400.0,CE,0.0,0.0,0.0,51.45,108.35,0,0.0,0,0,18-APR-2022,
OPTSTK,SUNTV,26-May-2022,405.0,CE,0.0,0.0,0.0,91.6,103.6,0,0.0,0,0,18-APR-2022,
OPTSTK,SUNTV,26-May-2022,410.0,CE,0.0,0.0,0.0,45.65,98.9,0,0.0,0,0,18-APR-2022,
OPTSTK,SUNTV,26-May-2022,415.0,CE,0.0,0.0,0.0,83.15,94.25,0,0.0,0,0,18-APR-2022,
OPTSTK,SUNTV,26-May-2022,420.0,CE,0.0,0.0,0.0,40.35,89.7,0,0.0,0,0,18-APR-2022,
OPTSTK,SUNTV,26-May-2022,425.0,CE,0.0,0.0,0.0,75.1,85.2,0,0.0,0,0,18-APR-2022,
OPTSTK,SUNTV,26-May-2022,430.0,CE,0.0,0.0,0.0,35.5,80.75,0,0.0,0,0,18-APR-2022,
OPTSTK,SUNTV,26-May-2022,435.0,CE,0.0,0.0,0.0,67.4,76.45,0,0.0,0,0,18-APR-2022,
OPTSTK,SUNTV,26-May-2022,440.0,CE,0.0,0.0,0.0,31.1,72.2,0,0.0,0,0,18-APR-2022,
OPTSTK,SUNTV,26-May-2022,445.0,CE,0.0,0.0,0.0,60.15,68.05,0,0.0,0,0,18-APR-2022,
OPTSTK,SUNTV,26-May-2022,450.0,CE,0.0,0.0,0.0,27.15,64.0,0,0.0,0,0,18-APR-2022,
OPTSTK,SUNTV,26-May-2022,455.0,CE,0.0,0.0,0.0,53.35,60.1,0,0.0,0,0,18-APR-2022,
OPTSTK,SUNTV,26-May-2022,460.0,CE,0.0,0.0,0.0,23.55,56.3,0,0.0,0,0,18-APR-2022,
OPTSTK,SUNTV,26-May-2022,465.0,CE,0.0,0.0,0.0,47.1,52.65,0,0.0,0,0,18-APR-2022,
OPTSTK,SUNTV,26-May-2022,470.0,CE,0.0,0.0,0.0,20.4,49.1,0,0.0,0,0,18-APR-2022,
OPTSTK,SUNTV,26-May-2022,475.0,CE,0.0,0.0,0.0,41.3,45.7,0,0.0,0,0,18-APR-2022,
OPTSTK,SUNTV,26-May-2022,480.0,CE,0.0,0.0,0.0,17.6,42.45,0,0.0,0,0,18-APR-2022,
OPTSTK,SUNTV,26-May-2022,485.0,CE,0.0,0.0,0.0,36.0,39.35,0,0.0,0,0,18-APR-2022,
OPTSTK,SUNTV,26-May-2022,490.0,CE,0.0,0.0,0.0,15.15,36.4,0,0.0,0,0,18-APR-2022,
OPTSTK,SUNTV,26-May-2022,495.0,CE,0.0,0.0,0.0,31.2,33.6,0,0.0,0,0,18-APR-2022,
OPTSTK,SUNTV,26-May-2022,500.0,CE,0.0,0.0,0.0,12.95,30.9,0,0.0,0,0,18-APR-2022,
OPTSTK,SUNTV,26-May-2022,505.0,CE,0.0,0.0,0.0,26.9,28.4,0,0.0,0,0,18-APR-2022,
OPTSTK,SUNTV,26-May-2022,510.0,CE,0.0,0.0,0.0,11.05,26.05,0,0.0,0,0,18-APR-2022,
OPTSTK,SUNTV,26-May-2022,515.0,CE,0.0,0.0,0.0,23.05,23.8,0,0.0,0,0,18-APR-2022,
OPTSTK,SUNTV,26-May-2022,520.0,CE,0.0,0.0,0.0,9.4,21.75,0,0.0,0,0,18-APR-2022,
OPTSTK,SUNTV,26-May-2022,525.0,CE,0.0,0.0,0.0,19.65,19.8,0,0.0,0,0,18-APR-2022,
OPTSTK,SUNTV,26-May-2022,530.0,CE,0.0,0.0,0.0,20.0,18.0,0,0.0,1500,0,18-APR-2022,
OPTSTK,SUNTV,26-May-2022,535.0,CE,0.0,0.0,0.0,16.65,16.3,0,0.0,0,0,18-APR-2022,
OPTSTK,SUNTV,26-May-2022,540.0,CE,14.0,14.0,14.0,14.0,14.0,1,8.31,1500,1500,18-APR-2022,
OPTSTK,SUNTV,26-May-2022,545.0,CE,0.0,0.0,0.0,14.1,13.3,0,0.0,0,0,18-APR-2022,
OPTSTK,SUNTV,26-May-2022,550.0,CE,0.0,0.0,0.0,19.8,12.0,0,0.0,54000,0,18-APR-2022,
OPTSTK,SUNTV,26-May-2022,555.0,CE,0.0,0.0,0.0,11.85,10.8,0,0.0,0,0,18-APR-2022,
OPTSTK,SUNTV,26-May-2022,560.0,CE,0.0,0.0,0.0,4.75,9.7,0,0.0,0,0,18-APR-2022,
OPTSTK,SUNTV,26-May-2022,565.0,CE,0.0,0.0,0.0,9.85,8.65,0,0.0,0,0,18-APR-2022,
OPTSTK,SUNTV,26-May-2022,570.0,CE,0.0,0.0,0.0,4.0,7.75,0,0.0,0,0,18-APR-2022,
OPTSTK,SUNTV,26-May-2022,575.0,CE,0.0,0.0,0.0,8.2,6.9,0,0.0,0,0,18-APR-2022,
OPTSTK,SUNTV,26-May-2022,580.0,CE,0.0,0.0,0.0,3.35,6.15,0,0.0,0,0,18-APR-2022,
OPTSTK,SUNTV,26-May-2022,585.0,CE,0.0,0.0,0.0,6.8,5.45,0,0.0,0,0,18-APR-2022,
OPTSTK,SUNTV,26-May-2022,590.0,CE,0.0,0.0,0.0,2.8,4.85,0,0.0,0,0,18-APR-2022,
OPTSTK,SUNTV,26-May-2022,595.0,CE,0.0,0.0,0.0,5.6,4.3,0,0.0,0,0,18-APR-2022,
OPTSTK,SUNTV,26-May-2022,600.0,CE,0.0,0.0,0.0,5.0,3.8,0,0.0,6000,0,18-APR-2022,
OPTSTK,SUNTV,26-May-2022,605.0,CE,0.0,0.0,0.0,4.6,3.35,0,0.0,0,0,18-APR-2022,
OPTSTK,SUNTV,26-May-2022,610.0,CE,0.0,0.0,0.0,1.95,2.95,0,0.0,0,0,18-APR-2022,
OPTSTK,SUNTV,26-May-2022,615.0,CE,0.0,0.0,0.0,3.75,2.6,0,0.0,0,0,18-APR-2022,
OPTSTK,SUNTV,26-May-2022,620.0,CE,0.0,0.0,0.0,1.6,2.25,0,0.0,0,0,18-APR-2022,
OPTSTK,SUNTV,26-May-2022,625.0,CE,0.0,0.0,0.0,3.05,2.0,0,0.0,0,0,18-APR-2022,
OPTSTK,SUNTV,26-May-2022,630.0,CE,0.0,0.0,0.0,1.35,1.75,0,0.0,0,0,18-APR-2022,
OPTSTK,SUNTV,26-May-2022,635.0,CE,0.0,0.0,0.0,2.45,1.5,0,0.0,0,0,18-APR-2022,
OPTSTK,SUNTV,26-May-2022,640.0,CE,0.0,0.0,0.0,1.1,1.35,0,0.0,0,0,18-APR-2022,
OPTSTK,SUNTV,26-May-2022,645.0,CE,0.0,0.0,0.0,2.0,1.15,0,0.0,0,0,18-APR-2022,
OPTSTK,SUNTV,26-May-2022,650.0,CE,0.0,0.0,0.0,0.9,1.0,0,0.0,0,0,18-APR-2022,
OPTSTK,SUNTV,26-May-2022,320.0,PE,0.0,0.0,0.0,2.4,0.0,0,0.0,0,0,18-APR-2022,
OPTSTK,SUNTV,26-May-2022,325.0,PE,0.0,0.0,0.0,0.15,0.05,0,0.0,0,0,18-APR-2022,
OPTSTK,SUNTV,26-May-2022,330.0,PE,0.0,0.0,0.0,3.35,0.05,0,0.0,0,0,18-APR-2022,
OPTSTK,SUNTV,26-May-2022,335.0,PE,0.0,0.0,0.0,0.25,0.05,0,0.0,0,0,18-APR-2022,
OPTSTK,SUNTV,26-May-2022,340.0,PE,0.0,0.0,0.0,4.6,0.05,0,0.0,0,0,18-APR-2022,
OPTSTK,SUNTV,26-May-2022,345.0,PE,0.0,0.0,0.0,0.4,0.05,0,0.0,0,0,18-APR-2022,
OPTSTK,SUNTV,26-May-2022,350.0,PE,0.0,0.0,0.0,6.2,0.05,0,0.0,0,0,18-APR-2022,
OPTSTK,SUNTV,26-May-2022,355.0,PE,0.0,0.0,0.0,0.6,0.1,0,0.0,0,0,18-APR-2022,
OPTSTK,SUNTV,26-May-2022,360.0,PE,0.0,0.0,0.0,8.15,0.1,0,0.0,0,0,18-APR-2022,
OPTSTK,SUNTV,26-May-2022,365.0,PE,0.0,0.0,0.0,0.95,0.15,0,0.0,0,0,18-APR-2022,
OPTSTK,SUNTV,26-May-2022,370.0,PE,0.0,0.0,0.0,10.5,0.2,0,0.0,0,0,18-APR-2022,
OPTSTK,SUNTV,26-May-2022,375.0,PE,0.0,0.0,0.0,1.4,0.25,0,0.0,0,0,18-APR-2022,
OPTSTK,SUNTV,26-May-2022,380.0,PE,0.0,0.0,0.0,13.2,0.35,0,0.0,0,0,18-APR-2022,
OPTSTK,SUNTV,26-May-2022,385.0,PE,0.0,0.0,0.0,2.1,0.45,0,0.0,0,0,18-APR-2022,
OPTSTK,SUNTV,26-May-2022,390.0,PE,0.0,0.0,0.0,16.4,0.55,0,0.0,0,0,18-APR-2022,
OPTSTK,SUNTV,26-May-2022,395.0,PE,0.0,0.0,0.0,3.0,0.7,0,0.0,0,0,18-APR-2022,
OPTSTK,SUNTV,26-May-2022,400.0,PE,0.0,0.0,0.0,20.05,0.9,0,0.0,0,0,18-APR-2022,
OPTSTK,SUNTV,26-May-2022,405.0,PE,0.0,0.0,0.0,4.15,1.15,0,0.0,0,0,18-APR-2022,
OPTSTK,SUNTV,26-May-2022,410.0,PE,0.0,0.0,0.0,24.15,1.45,0,0.0,0,0,18-APR-2022,
OPTSTK,SUNTV,26-May-2022,415.0,PE,0.0,0.0,0.0,5.65,1.8,0,0.0,0,0,18-APR-2022,
OPTSTK,SUNTV,26-May-2022,420.0,PE,0.0,0.0,0.0,28.75,2.2,0,0.0,0,0,18-APR-2022,
OPTSTK,SUNTV,26-May-2022,425.0,PE,0.0,0.0,0.0,7.5,2.65,0,0.0,0,0,18-APR-2022,
OPTSTK,SUNTV,26-May-2022,430.0,PE,0.0,0.0,0.0,33.8,3.2,0,0.0,0,0,18-APR-2022,
OPTSTK,SUNTV,26-May-2022,435.0,PE,0.0,0.0,0.0,9.75,3.85,0,0.0,0,0,18-APR-2022,
OPTSTK,SUNTV,26-May-2022,440.0,PE,0.0,0.0,0.0,39.3,4.6,0,0.0,0,0,18-APR-2022,
OPTSTK,SUNTV,26-May-2022,445.0,PE,0.0,0.0,0.0,12.45,5.45,0,0.0,0,0,18-APR-2022,
OPTSTK,SUNTV,26-May-2022,450.0,PE,0.0,0.0,0.0,45.2,6.4,0,0.0,0,0,18-APR-2022,
OPTSTK,SUNTV,26-May-2022,455.0,PE,0.0,0.0,0.0,15.55,7.45,0,0.0,0,0,18-APR-2022,
OPTSTK,SUNTV,26-May-2022,460.0,PE,0.0,0.0,0.0,51.55,8.65,0,0.0,0,0,18-APR-2022,
OPTSTK,SUNTV,26-May-2022,465.0,PE,0.0,0.0,0.0,19.2,9.95,0,0.0,0,0,18-APR-2022,
OPTSTK,SUNTV,26-May-2022,470.0,PE,0.0,0.0,0.0,58.3,11.35,0,0.0,0,0,18-APR-2022,
OPTSTK,SUNTV,26-May-2022,475.0,PE,0.0,0.0,0.0,23.35,12.95,0,0.0,0,0,18-APR-2022,
OPTSTK,SUNTV,26-May-2022,480.0,PE,0.0,0.0,0.0,10.0,14.7,0,0.0,1500,0,18-APR-2022,
OPTSTK,SUNTV,26-May-2022,485.0,PE,0.0,0.0,0.0,28.0,16.55,0,0.0,0,0,18-APR-2022,
OPTSTK,SUNTV,26-May-2022,490.0,PE,0.0,0.0,0.0,72.8,18.55,0,0.0,0,0,18-APR-2022,
OPTSTK,SUNTV,26-May-2022,495.0,PE,0.0,0.0,0.0,33.15,20.75,0,0.0,0,0,18-APR-2022,
OPTSTK,SUNTV,26-May-2022,500.0,PE,21.75,25.0,21.25,21.25,21.25,4,31.39,7500,6000,18-APR-2022,
OPTSTK,SUNTV,26-May-2022,505.0,PE,0.0,0.0,0.0,38.8,25.5,0,0.0,0,0,18-APR-2022,
OPTSTK,SUNTV,26-May-2022,510.0,PE,0.0,0.0,0.0,88.5,28.15,0,0.0,0,0,18-APR-2022,
OPTSTK,SUNTV,26-May-2022,515.0,PE,0.0,0.0,0.0,44.85,30.9,0,0.0,0,0,18-APR-2022,
OPTSTK,SUNTV,26-May-2022,520.0,PE,0.0,0.0,0.0,96.75,33.8,0,0.0,0,0,18-APR-2022,
OPTSTK,SUNTV,26-May-2022,525.0,PE,0.0,0.0,0.0,51.4,36.8,0,0.0,0,0,18-APR-2022,
OPTSTK,SUNTV,26-May-2022,530.0,PE,0.0,0.0,0.0,105.2,40.0,0,0.0,0,0,18-APR-2022,
OPTSTK,SUNTV,26-May-2022,535.0,PE,0.0,0.0,0.0,58.35,43.3,0,0.0,0,0,18-APR-2022,
OPTSTK,SUNTV,26-May-2022,540.0,PE,0.0,0.0,0.0,113.9,46.7,0,0.0,0,0,18-APR-2022,
OPTSTK,SUNTV,26-May-2022,545.0,PE,0.0,0.0,0.0,65.7,50.25,0,0.0,0,0,18-APR-2022,
OPTSTK,SUNTV,26-May-2022,550.0,PE,0.0,0.0,0.0,60.0,53.9,0,0.0,1500,0,18-APR-2022,
OPTSTK,SUNTV,26-May-2022,555.0,PE,0.0,0.0,0.0,73.4,57.7,0,0.0,0,0,18-APR-2022,
OPTSTK,SUNTV,26-May-2022,560.0,PE,0.0,0.0,0.0,131.7,61.6,0,0.0,0,0,18-APR-2022,
OPTSTK,SUNTV,26-May-2022,565.0,PE,0.0,0.0,0.0,81.35,65.55,0,0.0,0,0,18-APR-2022,
OPTSTK,SUNTV,26-May-2022,570.0,PE,0.0,0.0,0.0,140.85,69.6,0,0.0,0,0,18-APR-2022,
OPTSTK,SUNTV,26-May-2022,575.0,PE,0.0,0.0,0.0,89.6,73.7,0,0.0,0,0,18-APR-2022,
OPTSTK,SUNTV,26-May-2022,580.0,PE,0.0,0.0,0.0,150.1,77.95,0,0.0,0,0,18-APR-2022,
OPTSTK,SUNTV,26-May-2022,585.0,PE,0.0,0.0,0.0,98.15,82.25,0,0.0,0,0,18-APR-2022,
OPTSTK,SUNTV,26-May-2022,590.0,PE,0.0,0.0,0.0,159.4,86.6,0,0.0,0,0,18-APR-2022,
OPTSTK,SUNTV,26-May-2022,595.0,PE,0.0,0.0,0.0,106.9,91.0,0,0.0,0,0,18-APR-2022,
OPTSTK,SUNTV,26-May-2022,600.0,PE,0.0,0.0,0.0,168.85,95.5,0,0.0,0,0,18-APR-2022,
OPTSTK,SUNTV,26-May-2022,605.0,PE,0.0,0.0,0.0,115.8,100.0,0,0.0,0,0,18-APR-2022,
OPTSTK,SUNTV,26-May-2022,610.0,PE,0.0,0.0,0.0,178.35,104.6,0,0.0,0,0,18-APR-2022,
OPTSTK,SUNTV,26-May-2022,615.0,PE,0.0,0.0,0.0,124.9,109.2,0,0.0,0,0,18-APR-2022,
OPTSTK,SUNTV,26-May-2022,620.0,PE,0.0,0.0,0.0,187.9,113.9,0,0.0,0,0,18-APR-2022,
OPTSTK,SUNTV,26-May-2022,625.0,PE,0.0,0.0,0.0,134.15,118.6,0,0.0,0,0,18-APR-2022,
OPTSTK,SUNTV,26-May-2022,630.0,PE,0.0,0.0,0.0,197.55,123.3,0,0.0,0,0,18-APR-2022,
OPTSTK,SUNTV,26-May-2022,635.0,PE,0.0,0.0,0.0,143.5,128.05,0,0.0,0,0,18-APR-2022,
OPTSTK,SUNTV,26-May-2022,640.0,PE,0.0,0.0,0.0,207.2,132.85,0,0.0,0,0,18-APR-2022,
OPTSTK,SUNTV,26-May-2022,645.0,PE,0.0,0.0,0.0,152.95,137.65,0,0.0,0,0,18-APR-2022,
OPTSTK,SUNTV,26-May-2022,650.0,PE,0.0,0.0,0.0,216.9,142.5,0,0.0,0,0,18-APR-2022,
OPTSTK,SUNTV,30-Jun-2022,320.0,CE,0.0,0.0,0.0,173.8,188.5,0,0.0,0,0,18-APR-2022,
OPTSTK,SUNTV,30-Jun-2022,325.0,CE,0.0,0.0,0.0,169.0,183.6,0,0.0,0,0,18-APR-2022,
OPTSTK,SUNTV,30-Jun-2022,330.0,CE,0.0,0.0,0.0,164.2,178.7,0,0.0,0,0,18-APR-2022,
OPTSTK,SUNTV,30-Jun-2022,335.0,CE,0.0,0.0,0.0,159.4,173.8,0,0.0,0,0,18-APR-2022,
OPTSTK,SUNTV,30-Jun-2022,340.0,CE,0.0,0.0,0.0,154.7,168.95,0,0.0,0,0,18-APR-2022,
OPTSTK,SUNTV,30-Jun-2022,345.0,CE,0.0,0.0,0.0,150.0,164.1,0,0.0,0,0,18-APR-2022,
OPTSTK,SUNTV,30-Jun-2022,350.0,CE,0.0,0.0,0.0,145.3,159.25,0,0.0,0,0,18-APR-2022,
OPTSTK,SUNTV,30-Jun-2022,355.0,CE,0.0,0.0,0.0,140.7,154.45,0,0.0,0,0,18-APR-2022,
OPTSTK,SUNTV,30-Jun-2022,360.0,CE,0.0,0.0,0.0,136.1,149.65,0,0.0,0,0,18-APR-2022,
OPTSTK,SUNTV,30-Jun-2022,365.0,CE,0.0,0.0,0.0,131.55,144.9,0,0.0,0,0,18-APR-2022,
OPTSTK,SUNTV,30-Jun-2022,370.0,CE,0.0,0.0,0.0,127.1,140.15,0,0.0,0,0,18-APR-2022,
OPTSTK,SUNTV,30-Jun-2022,375.0,CE,0.0,0.0,0.0,122.65,135.5,0,0.0,0,0,18-APR-2022,
OPTSTK,SUNTV,30-Jun-2022,380.0,CE,0.0,0.0,0.0,118.3,130.85,0,0.0,0,0,18-APR-2022,
OPTSTK,SUNTV,30-Jun-2022,385.0,CE,0.0,0.0,0.0,114.0,126.25,0,0.0,0,0,18-APR-2022,
OPTSTK,SUNTV,30-Jun-2022,390.0,CE,0.0,0.0,0.0,109.75,121.7,0,0.0,0,0,18-APR-2022,
OPTSTK,SUNTV,30-Jun-2022,395.0,CE,0.0,0.0,0.0,105.6,117.2,0,0.0,0,0,18-APR-2022,
OPTSTK,SUNTV,30-Jun-2022,400.0,CE,0.0,0.0,0.0,101.5,112.75,0,0.0,0,0,18-APR-2022,
OPTSTK,SUNTV,30-Jun-2022,405.0,CE,0.0,0.0,0.0,97.5,108.4,0,0.0,0,0,18-APR-2022,
OPTSTK,SUNTV,30-Jun-2022,410.0,CE,0.0,0.0,0.0,93.55,104.1,0,0.0,0,0,18-APR-2022,
OPTSTK,SUNTV,30-Jun-2022,415.0,CE,0.0,0.0,0.0,89.7,99.9,0,0.0,0,0,18-APR-2022,
OPTSTK,SUNTV,30-Jun-2022,420.0,CE,0.0,0.0,0.0,85.95,95.7,0,0.0,0,0,18-APR-2022,
OPTSTK,SUNTV,30-Jun-2022,425.0,CE,0.0,0.0,0.0,82.3,91.65,0,0.0,0,0,18-APR-2022,
OPTSTK,SUNTV,30-Jun-2022,430.0,CE,0.0,0.0,0.0,78.7,87.65,0,0.0,0,0,18-APR-2022,
OPTSTK,SUNTV,30-Jun-2022,435.0,CE,0.0,0.0,0.0,75.2,83.75,0,0.0,0,0,18-APR-2022,
OPTSTK,SUNTV,30-Jun-2022,440.0,CE,0.0,0.0,0.0,71.8,79.95,0,0.0,0,0,18-APR-2022,
OPTSTK,SUNTV,30-Jun-2022,445.0,CE,0.0,0.0,0.0,68.5,76.25,0,0.0,0,0,18-APR-2022,
OPTSTK,SUNTV,30-Jun-2022,450.0,CE,0.0,0.0,0.0,65.3,72.65,0,0.0,0,0,18-APR-2022,
OPTSTK,SUNTV,30-Jun-2022,455.0,CE,0.0,0.0,0.0,62.2,69.1,0,0.0,0,0,18-APR-2022,
OPTSTK,SUNTV,30-Jun-2022,460.0,CE,0.0,0.0,0.0,59.2,65.7,0,0.0,0,0,18-APR-2022,
OPTSTK,SUNTV,30-Jun-2022,465.0,CE,0.0,0.0,0.0,56.3,62.35,0,0.0,0,0,18-APR-2022,
OPTSTK,SUNTV,30-Jun-2022,470.0,CE,0.0,0.0,0.0,53.45,59.15,0,0.0,0,0,18-APR-2022,
OPTSTK,SUNTV,30-Jun-2022,475.0,CE,0.0,0.0,0.0,50.75,56.05,0,0.0,0,0,18-APR-2022,
OPTSTK,SUNTV,30-Jun-2022,480.0,CE,0.0,0.0,0.0,48.15,53.05,0,0.0,0,0,18-APR-2022,
OPTSTK,SUNTV,30-Jun-2022,485.0,CE,0.0,0.0,0.0,45.65,50.2,0,0.0,0,0,18-APR-2022,
OPTSTK,SUNTV,30-Jun-2022,490.0,CE,0.0,0.0,0.0,43.25,47.4,0,0.0,0,0,18-APR-2022,
OPTSTK,SUNTV,30-Jun-2022,495.0,CE,0.0,0.0,0.0,40.9,44.75,0,0.0,0,0,18-APR-2022,
OPTSTK,SUNTV,30-Jun-2022,500.0,CE,0.0,0.0,0.0,38.7,42.2,0,0.0,0,0,18-APR-2022,
OPTSTK,SUNTV,30-Jun-2022,505.0,CE,0.0,0.0,0.0,36.55,39.75,0,0.0,0,0,18-APR-2022,
OPTSTK,SUNTV,30-Jun-2022,510.0,CE,0.0,0.0,0.0,34.55,37.4,0,0.0,0,0,18-APR-2022,
OPTSTK,SUNTV,30-Jun-2022,515.0,CE,0.0,0.0,0.0,32.6,35.15,0,0.0,0,0,18-APR-2022,
OPTSTK,SUNTV,30-Jun-2022,520.0,CE,0.0,0.0,0.0,30.75,33.0,0,0.0,0,0,18-APR-2022,
OPTSTK,SUNTV,30-Jun-2022,525.0,CE,0.0,0.0,0.0,28.95,30.95,0,0.0,0,0,18-APR-2022,
OPTSTK,SUNTV,30-Jun-2022,530.0,CE,0.0,0.0,0.0,27.25,29.0,0,0.0,0,0,18-APR-2022,
OPTSTK,SUNTV,30-Jun-2022,535.0,CE,0.0,0.0,0.0,25.65,27.2,0,0.0,0,0,18-APR-2022,
OPTSTK,SUNTV,30-Jun-2022,540.0,CE,0.0,0.0,0.0,24.1,25.4,0,0.0,0,0,18-APR-2022,
OPTSTK,SUNTV,30-Jun-2022,545.0,CE,0.0,0.0,0.0,22.65,23.75,0,0.0,0,0,18-APR-2022,
OPTSTK,SUNTV,30-Jun-2022,550.0,CE,0.0,0.0,0.0,21.3,22.2,0,0.0,0,0,18-APR-2022,
OPTSTK,SUNTV,30-Jun-2022,555.0,CE,0.0,0.0,0.0,20.0,20.7,0,0.0,0,0,18-APR-2022,
OPTSTK,SUNTV,30-Jun-2022,560.0,CE,0.0,0.0,0.0,18.75,19.3,0,0.0,0,0,18-APR-2022,
OPTSTK,SUNTV,30-Jun-2022,565.0,CE,0.0,0.0,0.0,17.6,17.95,0,0.0,0,0,18-APR-2022,
OPTSTK,SUNTV,30-Jun-2022,570.0,CE,0.0,0.0,0.0,16.5,16.75,0,0.0,0,0,18-APR-2022,
OPTSTK,SUNTV,30-Jun-2022,575.0,CE,0.0,0.0,0.0,15.45,15.6,0,0.0,0,0,18-APR-2022,
OPTSTK,SUNTV,30-Jun-2022,580.0,CE,0.0,0.0,0.0,14.45,14.5,0,0.0,0,0,18-APR-2022,
OPTSTK,SUNTV,30-Jun-2022,585.0,CE,0.0,0.0,0.0,13.5,13.45,0,0.0,0,0,18-APR-2022,
OPTSTK,SUNTV,30-Jun-2022,590.0,CE,0.0,0.0,0.0,12.6,12.45,0,0.0,0,0,18-APR-2022,
OPTSTK,SUNTV,30-Jun-2022,595.0,CE,0.0,0.0,0.0,11.8,11.55,0,0.0,0,0,18-APR-2022,
OPTSTK,SUNTV,30-Jun-2022,600.0,CE,0.0,0.0,0.0,11.0,10.7,0,0.0,0,0,18-APR-2022,
OPTSTK,SUNTV,30-Jun-2022,605.0,CE,0.0,0.0,0.0,10.25,9.9,0,0.0,0,0,18-APR-2022,
OPTSTK,SUNTV,30-Jun-2022,610.0,CE,0.0,0.0,0.0,9.55,9.15,0,0.0,0,0,18-APR-2022,
OPTSTK,SUNTV,30-Jun-2022,615.0,CE,0.0,0.0,0.0,8.9,8.45,0,0.0,0,0,18-APR-2022,
OPTSTK,SUNTV,30-Jun-2022,620.0,CE,0.0,0.0,0.0,8.3,7.8,0,0.0,0,0,18-APR-2022,
OPTSTK,SUNTV,30-Jun-2022,625.0,CE,0.0,0.0,0.0,7.75,7.2,0,0.0,0,0,18-APR-2022,
OPTSTK,SUNTV,30-Jun-2022,630.0,CE,0.0,0.0,0.0,7.2,6.65,0,0.0,0,0,18-APR-2022,
OPTSTK,SUNTV,30-Jun-2022,635.0,CE,0.0,0.0,0.0,6.7,6.1,0,0.0,0,0,18-APR-2022,
OPTSTK,SUNTV,30-Jun-2022,640.0,CE,0.0,0.0,0.0,6.25,5.65,0,0.0,0,0,18-APR-2022,
OPTSTK,SUNTV,30-Jun-2022,645.0,CE,0.0,0.0,0.0,5.8,5.2,0,0.0,0,0,18-APR-2022,
OPTSTK,SUNTV,30-Jun-2022,650.0,CE,0.0,0.0,0.0,5.4,4.75,0,0.0,0,0,18-APR-2022,
OPTSTK,SUNTV,30-Jun-2022,320.0,PE,0.0,0.0,0.0,0.6,0.15,0,0.0,0,0,18-APR-2022,
OPTSTK,SUNTV,30-Jun-2022,325.0,PE,0.0,0.0,0.0,0.7,0.2,0,0.0,0,0,18-APR-2022,
OPTSTK,SUNTV,30-Jun-2022,330.0,PE,0.0,0.0,0.0,0.85,0.25,0,0.0,0,0,18-APR-2022,
OPTSTK,SUNTV,30-Jun-2022,335.0,PE,0.0,0.0,0.0,1.05,0.35,0,0.0,0,0,18-APR-2022,
OPTSTK,SUNTV,30-Jun-2022,340.0,PE,0.0,0.0,0.0,1.25,0.4,0,0.0,0,0,18-APR-2022,
OPTSTK,SUNTV,30-Jun-2022,345.0,PE,0.0,0.0,0.0,1.5,0.5,0,0.0,0,0,18-APR-2022,
OPTSTK,SUNTV,30-Jun-2022,350.0,PE,0.0,0.0,0.0,1.8,0.65,0,0.0,0,0,18-APR-2022,
OPTSTK,SUNTV,30-Jun-2022,355.0,PE,0.0,0.0,0.0,2.1,0.8,0,0.0,0,0,18-APR-2022,
OPTSTK,SUNTV,30-Jun-2022,360.0,PE,0.0,0.0,0.0,2.45,0.95,0,0.0,0,0,18-APR-2022,
OPTSTK,SUNTV,30-Jun-2022,365.0,PE,0.0,0.0,0.0,2.9,1.15,0,0.0,0,0,18-APR-2022,
OPTSTK,SUNTV,30-Jun-2022,370.0,PE,0.0,0.0,0.0,3.35,1.4,0,0.0,0,0,18-APR-2022,
OPTSTK,SUNTV,30-Jun-2022,375.0,PE,0.0,0.0,0.0,3.85,1.65,0,0.0,0,0,18-APR-2022,
OPTSTK,SUNTV,30-Jun-2022,380.0,PE,0.0,0.0,0.0,4.45,1.95,0,0.0,0,0,18-APR-2022,
OPTSTK,SUNTV,30-Jun-2022,385.0,PE,0.0,0.0,0.0,5.1,2.35,0,0.0,0,0,18-APR-2022,
OPTSTK,SUNTV,30-Jun-2022,390.0,PE,0.0,0.0,0.0,5.8,2.75,0,0.0,0,0,18-APR-2022,
OPTSTK,SUNTV,30-Jun-2022,395.0,PE,0.0,0.0,0.0,6.6,3.2,0,0.0,0,0,18-APR-2022,
OPTSTK,SUNTV,30-Jun-2022,400.0,PE,0.0,0.0,0.0,7.45,3.75,0,0.0,0,0,18-APR-2022,
OPTSTK,SUNTV,30-Jun-2022,405.0,PE,0.0,0.0,0.0,8.4,4.35,0,0.0,0,0,18-APR-2022,
OPTSTK,SUNTV,30-Jun-2022,410.0,PE,0.0,0.0,0.0,9.4,5.0,0,0.0,0,0,18-APR-2022,
OPTSTK,SUNTV,30-Jun-2022,415.0,PE,0.0,0.0,0.0,10.5,5.7,0,0.0,0,0,18-APR-2022,
OPTSTK,SUNTV,30-Jun-2022,420.0,PE,0.0,0.0,0.0,11.7,6.5,0,0.0,0,0,18-APR-2022,
OPTSTK,SUNTV,30-Jun-2022,425.0,PE,0.0,0.0,0.0,12.95,7.4,0,0.0,0,0,18-APR-2022,
OPTSTK,SUNTV,30-Jun-2022,430.0,PE,0.0,0.0,0.0,14.35,8.35,0,0.0,0,0,18-APR-2022,
OPTSTK,SUNTV,30-Jun-2022,435.0,PE,0.0,0.0,0.0,15.8,9.45,0,0.0,0,0,18-APR-2022,
OPTSTK,SUNTV,30-Jun-2022,440.0,PE,0.0,0.0,0.0,17.35,10.6,0,0.0,0,0,18-APR-2022,
OPTSTK,SUNTV,30-Jun-2022,445.0,PE,0.0,0.0,0.0,18.95,11.85,0,0.0,0,0,18-APR-2022,
OPTSTK,SUNTV,30-Jun-2022,450.0,PE,0.0,0.0,0.0,20.7,13.2,0,0.0,0,0,18-APR-2022,
OPTSTK,SUNTV,30-Jun-2022,455.0,PE,0.0,0.0,0.0,22.55,14.6,0,0.0,0,0,18-APR-2022,
OPTSTK,SUNTV,30-Jun-2022,460.0,PE,0.0,0.0,0.0,24.5,16.15,0,0.0,0,0,18-APR-2022,
OPTSTK,SUNTV,30-Jun-2022,465.0,PE,0.0,0.0,0.0,26.55,17.8,0,0.0,0,0,18-APR-2022,
OPTSTK,SUNTV,30-Jun-2022,470.0,PE,0.0,0.0,0.0,28.7,19.55,0,0.0,0,0,18-APR-2022,
OPTSTK,SUNTV,30-Jun-2022,475.0,PE,0.0,0.0,0.0,30.9,21.4,0,0.0,0,0,18-APR-2022,
OPTSTK,SUNTV,30-Jun-2022,480.0,PE,0.0,0.0,0.0,33.25,23.35,0,0.0,0,0,18-APR-2022,
OPTSTK,SUNTV,30-Jun-2022,485.0,PE,0.0,0.0,0.0,35.7,25.45,0,0.0,0,0,18-APR-2022,
OPTSTK,SUNTV,30-Jun-2022,490.0,PE,0.0,0.0,0.0,38.25,27.6,0,0.0,0,0,18-APR-2022,
OPTSTK,SUNTV,30-Jun-2022,495.0,PE,0.0,0.0,0.0,40.85,29.9,0,0.0,0,0,18-APR-2022,
OPTSTK,SUNTV,30-Jun-2022,500.0,PE,0.0,0.0,0.0,43.6,32.3,0,0.0,0,0,18-APR-2022,
OPTSTK,SUNTV,30-Jun-2022,505.0,PE,0.0,0.0,0.0,46.4,34.8,0,0.0,0,0,18-APR-2022,
OPTSTK,SUNTV,30-Jun-2022,510.0,PE,0.0,0.0,0.0,49.3,37.4,0,0.0,0,0,18-APR-2022,
OPTSTK,SUNTV,30-Jun-2022,515.0,PE,0.0,0.0,0.0,52.3,40.15,0,0.0,0,0,18-APR-2022,
OPTSTK,SUNTV,30-Jun-2022,520.0,PE,0.0,0.0,0.0,55.4,42.95,0,0.0,0,0,18-APR-2022,
OPTSTK,SUNTV,30-Jun-2022,525.0,PE,0.0,0.0,0.0,58.6,45.85,0,0.0,0,0,18-APR-2022,
OPTSTK,SUNTV,30-Jun-2022,530.0,PE,0.0,0.0,0.0,61.85,48.9,0,0.0,0,0,18-APR-2022,
OPTSTK,SUNTV,30-Jun-2022,535.0,PE,0.0,0.0,0.0,65.2,52.0,0,0.0,0,0,18-APR-2022,
OPTSTK,SUNTV,30-Jun-2022,540.0,PE,0.0,0.0,0.0,68.6,55.2,0,0.0,0,0,18-APR-2022,
OPTSTK,SUNTV,30-Jun-2022,545.0,PE,0.0,0.0,0.0,72.1,58.5,0,0.0,0,0,18-APR-2022,
OPTSTK,SUNTV,30-Jun-2022,550.0,PE,0.0,0.0,0.0,75.65,61.9,0,0.0,0,0,18-APR-2022,
OPTSTK,SUNTV,30-Jun-2022,555.0,PE,0.0,0.0,0.0,79.3,65.35,0,0.0,0,0,18-APR-2022,
OPTSTK,SUNTV,30-Jun-2022,560.0,PE,0.0,0.0,0.0,83.0,68.9,0,0.0,0,0,18-APR-2022,
OPTSTK,SUNTV,30-Jun-2022,565.0,PE,0.0,0.0,0.0,86.8,72.55,0,0.0,0,0,18-APR-2022,
OPTSTK,SUNTV,30-Jun-2022,570.0,PE,0.0,0.0,0.0,90.65,76.3,0,0.0,0,0,18-APR-2022,
OPTSTK,SUNTV,30-Jun-2022,575.0,PE,0.0,0.0,0.0,94.55,80.05,0,0.0,0,0,18-APR-2022,
OPTSTK,SUNTV,30-Jun-2022,580.0,PE,0.0,0.0,0.0,98.5,83.9,0,0.0,0,0,18-APR-2022,
OPTSTK,SUNTV,30-Jun-2022,585.0,PE,0.0,0.0,0.0,102.5,87.85,0,0.0,0,0,18-APR-2022,
OPTSTK,SUNTV,30-Jun-2022,590.0,PE,0.0,0.0,0.0,106.55,91.8,0,0.0,0,0,18-APR-2022,
OPTSTK,SUNTV,30-Jun-2022,595.0,PE,0.0,0.0,0.0,110.65,95.85,0,0.0,0,0,18-APR-2022,
OPTSTK,SUNTV,30-Jun-2022,600.0,PE,0.0,0.0,0.0,114.85,99.95,0,0.0,0,0,18-APR-2022,
OPTSTK,SUNTV,30-Jun-2022,605.0,PE,0.0,0.0,0.0,119.05,104.15,0,0.0,0,0,18-APR-2022,
OPTSTK,SUNTV,30-Jun-2022,610.0,PE,0.0,0.0,0.0,123.3,108.35,0,0.0,0,0,18-APR-2022,
OPTSTK,SUNTV,30-Jun-2022,615.0,PE,0.0,0.0,0.0,127.6,112.6,0,0.0,0,0,18-APR-2022,
OPTSTK,SUNTV,30-Jun-2022,620.0,PE,0.0,0.0,0.0,131.95,116.9,0,0.0,0,0,18-APR-2022,
OPTSTK,SUNTV,30-Jun-2022,625.0,PE,0.0,0.0,0.0,136.3,121.25,0,0.0,0,0,18-APR-2022,
OPTSTK,SUNTV,30-Jun-2022,630.0,PE,0.0,0.0,0.0,140.75,125.65,0,0.0,0,0,18-APR-2022,
OPTSTK,SUNTV,30-Jun-2022,635.0,PE,0.0,0.0,0.0,145.15,130.1,0,0.0,0,0,18-APR-2022,
OPTSTK,SUNTV,30-Jun-2022,640.0,PE,0.0,0.0,0.0,149.65,134.55,0,0.0,0,0,18-APR-2022,
OPTSTK,SUNTV,30-Jun-2022,645.0,PE,0.0,0.0,0.0,154.15,139.1,0,0.0,0,0,18-APR-2022,
OPTSTK,SUNTV,30-Jun-2022,650.0,PE,0.0,0.0,0.0,158.7,143.6,0,0.0,0,0,18-APR-2022,
OPTSTK,SYNGENE,28-Apr-2022,400.0,CE,0.0,0.0,0.0,160.2,239.85,0,0.0,0,0,18-APR-2022,
OPTSTK,SYNGENE,28-Apr-2022,410.0,CE,0.0,0.0,0.0,150.8,229.9,0,0.0,0,0,18-APR-2022,
OPTSTK,SYNGENE,28-Apr-2022,420.0,CE,0.0,0.0,0.0,141.55,219.9,0,0.0,0,0,18-APR-2022,
OPTSTK,SYNGENE,28-Apr-2022,430.0,CE,0.0,0.0,0.0,132.5,209.9,0,0.0,0,0,18-APR-2022,
OPTSTK,SYNGENE,28-Apr-2022,440.0,CE,0.0,0.0,0.0,123.6,199.9,0,0.0,0,0,18-APR-2022,
OPTSTK,SYNGENE,28-Apr-2022,450.0,CE,0.0,0.0,0.0,115.0,189.95,0,0.0,0,0,18-APR-2022,
OPTSTK,SYNGENE,28-Apr-2022,460.0,CE,0.0,0.0,0.0,106.6,179.95,0,0.0,0,0,18-APR-2022,
OPTSTK,SYNGENE,28-Apr-2022,470.0,CE,0.0,0.0,0.0,98.5,169.95,0,0.0,0,0,18-APR-2022,
OPTSTK,SYNGENE,28-Apr-2022,480.0,CE,0.0,0.0,0.0,90.7,159.95,0,0.0,0,0,18-APR-2022,
OPTSTK,SYNGENE,28-Apr-2022,490.0,CE,0.0,0.0,0.0,83.3,149.95,0,0.0,0,0,18-APR-2022,
OPTSTK,SYNGENE,28-Apr-2022,500.0,CE,0.0,0.0,0.0,76.2,140.0,0,0.0,0,0,18-APR-2022,
OPTSTK,SYNGENE,28-Apr-2022,510.0,CE,0.0,0.0,0.0,30.15,130.0,0,0.0,0,0,18-APR-2022,
OPTSTK,SYNGENE,28-Apr-2022,520.0,CE,0.0,0.0,0.0,63.1,120.0,0,0.0,0,0,18-APR-2022,
OPTSTK,SYNGENE,28-Apr-2022,530.0,CE,0.0,0.0,0.0,57.15,110.05,0,0.0,0,0,18-APR-2022,
OPTSTK,SYNGENE,28-Apr-2022,540.0,CE,0.0,0.0,0.0,51.6,100.05,0,0.0,0,0,18-APR-2022,
OPTSTK,SYNGENE,28-Apr-2022,550.0,CE,0.0,0.0,0.0,46.4,90.15,0,0.0,0,0,18-APR-2022,
OPTSTK,SYNGENE,28-Apr-2022,560.0,CE,0.0,0.0,0.0,41.6,80.25,0,0.0,0,0,18-APR-2022,
OPTSTK,SYNGENE,28-Apr-2022,570.0,CE,0.0,0.0,0.0,37.2,70.55,0,0.0,0,0,18-APR-2022,
OPTSTK,SYNGENE,28-Apr-2022,580.0,CE,0.0,0.0,0.0,33.15,61.0,0,0.0,0,0,18-APR-2022,
OPTSTK,SYNGENE,28-Apr-2022,590.0,CE,0.0,0.0,0.0,29.45,51.8,0,0.0,0,0,18-APR-2022,
OPTSTK,SYNGENE,28-Apr-2022,600.0,CE,40.05,41.0,36.55,39.3,43.1,8,43.46,26350,-2550,18-APR-2022,
OPTSTK,SYNGENE,28-Apr-2022,610.0,CE,0.0,0.0,0.0,35.7,35.05,0,0.0,4250,0,18-APR-2022,
OPTSTK,SYNGENE,28-Apr-2022,620.0,CE,29.0,31.6,26.75,26.75,27.75,19,105.01,35700,-7650,18-APR-2022,
OPTSTK,SYNGENE,28-Apr-2022,630.0,CE,18.7,27.15,16.8,22.25,22.25,15,82.85,35700,-850,18-APR-2022,
OPTSTK,SYNGENE,28-Apr-2022,640.0,CE,15.75,18.1,12.85,16.4,16.4,26,144.65,52700,-1700,18-APR-2022,
OPTSTK,SYNGENE,28-Apr-2022,650.0,CE,11.0,16.8,8.3,15.05,15.05,82,461.47,95200,20400,18-APR-2022,
OPTSTK,SYNGENE,28-Apr-2022,660.0,CE,9.0,12.1,6.2,11.15,11.15,27,153.46,79900,-1700,18-APR-2022,
OPTSTK,SYNGENE,28-Apr-2022,670.0,CE,9.55,10.45,6.5,9.05,9.05,11,63.45,63750,-2550,18-APR-2022,
OPTSTK,SYNGENE,28-Apr-2022,680.0,CE,4.0,8.8,4.0,6.85,6.85,85,495.6,216750,850,18-APR-2022,
OPTSTK,SYNGENE,28-Apr-2022,690.0,CE,5.0,6.35,3.1,5.75,5.75,10,59.09,38250,-4250,18-APR-2022,
OPTSTK,SYNGENE,28-Apr-2022,700.0,CE,3.2,5.65,2.95,4.6,4.6,97,580.37,266900,1700,18-APR-2022,
OPTSTK,SYNGENE,28-Apr-2022,710.0,CE,2.35,3.8,2.35,3.8,3.8,4,24.23,15300,-850,18-APR-2022,
OPTSTK,SYNGENE,28-Apr-2022,720.0,CE,1.55,3.45,1.5,3.0,3.0,5,30.68,67150,-850,18-APR-2022,
OPTSTK,SYNGENE,28-Apr-2022,730.0,CE,0.0,0.0,0.0,3.0,0.3,0,0.0,8500,0,18-APR-2022,
OPTSTK,SYNGENE,28-Apr-2022,740.0,CE,0.0,0.0,0.0,1.8,0.15,0,0.0,11050,0,18-APR-2022,
OPTSTK,SYNGENE,28-Apr-2022,750.0,CE,3.85,3.85,1.4,1.55,1.55,8,51.12,45900,850,18-APR-2022,
OPTSTK,SYNGENE,28-Apr-2022,760.0,CE,0.0,0.0,0.0,1.5,0.05,0,0.0,5100,0,18-APR-2022,
OPTSTK,SYNGENE,28-Apr-2022,770.0,CE,0.8,0.8,0.8,0.8,0.05,1,6.55,6800,850,18-APR-2022,
OPTSTK,SYNGENE,28-Apr-2022,780.0,CE,0.0,0.0,0.0,0.8,0.05,0,0.0,850,0,18-APR-2022,
OPTSTK,SYNGENE,28-Apr-2022,790.0,CE,0.0,0.0,0.0,1.65,0.0,0,0.0,0,0,18-APR-2022,
OPTSTK,SYNGENE,28-Apr-2022,800.0,CE,0.1,0.2,0.1,0.2,0.0,6,40.8,215900,0,18-APR-2022,
OPTSTK,SYNGENE,28-Apr-2022,400.0,PE,0.0,0.0,0.0,0.1,0.0,0,0.0,850,0,18-APR-2022,
OPTSTK,SYNGENE,28-Apr-2022,410.0,PE,0.0,0.0,0.0,1.75,0.0,0,0.0,0,0,18-APR-2022,
OPTSTK,SYNGENE,28-Apr-2022,420.0,PE,0.0,0.0,0.0,2.4,0.0,0,0.0,0,0,18-APR-2022,
OPTSTK,SYNGENE,28-Apr-2022,430.0,PE,0.0,0.0,0.0,3.2,0.0,0,0.0,0,0,18-APR-2022,
OPTSTK,SYNGENE,28-Apr-2022,440.0,PE,0.0,0.0,0.0,4.25,0.0,0,0.0,0,0,18-APR-2022,
OPTSTK,SYNGENE,28-Apr-2022,450.0,PE,0.0,0.0,0.0,5.5,0.0,0,0.0,0,0,18-APR-2022,
OPTSTK,SYNGENE,28-Apr-2022,460.0,PE,0.0,0.0,0.0,7.0,0.0,0,0.0,0,0,18-APR-2022,
OPTSTK,SYNGENE,28-Apr-2022,470.0,PE,0.0,0.0,0.0,8.8,0.0,0,0.0,0,0,18-APR-2022,
OPTSTK,SYNGENE,28-Apr-2022,480.0,PE,0.0,0.0,0.0,10.9,0.0,0,0.0,0,0,18-APR-2022,
OPTSTK,SYNGENE,28-Apr-2022,490.0,PE,0.0,0.0,0.0,13.4,0.0,0,0.0,0,0,18-APR-2022,
OPTSTK,SYNGENE,28-Apr-2022,500.0,PE,0.0,0.0,0.0,16.2,0.0,0,0.0,0,0,18-APR-2022,
OPTSTK,SYNGENE,28-Apr-2022,510.0,PE,0.0,0.0,0.0,19.35,0.0,0,0.0,0,0,18-APR-2022,
OPTSTK,SYNGENE,28-Apr-2022,520.0,PE,0.0,0.0,0.0,22.9,0.0,0,0.0,0,0,18-APR-2022,
OPTSTK,SYNGENE,28-Apr-2022,530.0,PE,0.0,0.0,0.0,26.8,0.05,0,0.0,0,0,18-APR-2022,
OPTSTK,SYNGENE,28-Apr-2022,540.0,PE,0.0,0.0,0.0,1.9,0.05,0,0.0,2550,0,18-APR-2022,
OPTSTK,SYNGENE,28-Apr-2022,550.0,PE,0.0,0.0,0.0,2.25,0.1,0,0.0,850,0,18-APR-2022,
OPTSTK,SYNGENE,28-Apr-2022,560.0,PE,0.0,0.0,0.0,2.0,0.25,0,0.0,850,0,18-APR-2022,
OPTSTK,SYNGENE,28-Apr-2022,570.0,PE,0.0,0.0,0.0,21.1,0.5,0,0.0,0,0,18-APR-2022,
OPTSTK,SYNGENE,28-Apr-2022,580.0,PE,5.0,5.0,5.0,5.0,0.95,3,14.91,11050,2550,18-APR-2022,
OPTSTK,SYNGENE,28-Apr-2022,590.0,PE,0.0,0.0,0.0,58.5,1.75,0,0.0,0,0,18-APR-2022,
OPTSTK,SYNGENE,28-Apr-2022,600.0,PE,8.0,8.95,5.4,6.45,6.45,45,232.51,50150,850,18-APR-2022,
OPTSTK,SYNGENE,28-Apr-2022,610.0,PE,0.0,0.0,0.0,71.85,4.95,0,0.0,0,0,18-APR-2022,
OPTSTK,SYNGENE,28-Apr-2022,620.0,PE,13.0,13.0,13.0,13.0,7.65,1,5.38,31450,0,18-APR-2022,
OPTSTK,SYNGENE,28-Apr-2022,630.0,PE,18.0,20.45,14.9,15.65,15.65,7,38.49,14450,-2550,18-APR-2022,
OPTSTK,SYNGENE,28-Apr-2022,640.0,PE,19.9,27.0,19.9,24.0,15.9,9,50.85,25500,1700,18-APR-2022,
OPTSTK,SYNGENE,28-Apr-2022,650.0,PE,33.0,33.0,33.0,33.0,21.5,1,5.8,16150,-850,18-APR-2022,
OPTSTK,SYNGENE,28-Apr-2022,660.0,PE,0.0,0.0,0.0,28.0,28.05,0,0.0,7650,0,18-APR-2022,
OPTSTK,SYNGENE,28-Apr-2022,670.0,PE,0.0,0.0,0.0,24.7,35.4,0,0.0,5100,0,18-APR-2022,
OPTSTK,SYNGENE,28-Apr-2022,680.0,PE,0.0,0.0,0.0,46.0,43.5,0,0.0,5100,0,18-APR-2022,
OPTSTK,SYNGENE,28-Apr-2022,690.0,PE,0.0,0.0,0.0,135.75,52.15,0,0.0,0,0,18-APR-2022,
OPTSTK,SYNGENE,28-Apr-2022,700.0,PE,0.0,0.0,0.0,49.35,61.25,0,0.0,850,0,18-APR-2022,
OPTSTK,SYNGENE,28-Apr-2022,710.0,PE,0.0,0.0,0.0,153.55,70.7,0,0.0,0,0,18-APR-2022,
OPTSTK,SYNGENE,28-Apr-2022,720.0,PE,0.0,0.0,0.0,162.65,80.3,0,0.0,0,0,18-APR-2022,
OPTSTK,SYNGENE,28-Apr-2022,730.0,PE,0.0,0.0,0.0,171.85,90.05,0,0.0,0,0,18-APR-2022,
OPTSTK,SYNGENE,28-Apr-2022,740.0,PE,0.0,0.0,0.0,181.1,99.95,0,0.0,0,0,18-APR-2022,
OPTSTK,SYNGENE,28-Apr-2022,750.0,PE,0.0,0.0,0.0,190.5,109.85,0,0.0,0,0,18-APR-2022,
OPTSTK,SYNGENE,28-Apr-2022,760.0,PE,0.0,0.0,0.0,199.95,119.8,0,0.0,0,0,18-APR-2022,
OPTSTK,SYNGENE,28-Apr-2022,770.0,PE,0.0,0.0,0.0,209.45,129.75,0,0.0,0,0,18-APR-2022,
OPTSTK,SYNGENE,28-Apr-2022,780.0,PE,0.0,0.0,0.0,219.0,139.75,0,0.0,0,0,18-APR-2022,
OPTSTK,SYNGENE,28-Apr-2022,790.0,PE,0.0,0.0,0.0,228.6,149.75,0,0.0,0,0,18-APR-2022,
OPTSTK,SYNGENE,28-Apr-2022,800.0,PE,0.0,0.0,0.0,238.25,159.7,0,0.0,0,0,18-APR-2022,
OPTSTK,SYNGENE,26-May-2022,400.0,CE,0.0,0.0,0.0,136.4,241.2,0,0.0,0,0,18-APR-2022,
OPTSTK,SYNGENE,26-May-2022,410.0,CE,0.0,0.0,0.0,127.3,231.25,0,0.0,0,0,18-APR-2022,
OPTSTK,SYNGENE,26-May-2022,420.0,CE,0.0,0.0,0.0,118.45,221.3,0,0.0,0,0,18-APR-2022,
OPTSTK,SYNGENE,26-May-2022,430.0,CE,0.0,0.0,0.0,109.8,211.35,0,0.0,0,0,18-APR-2022,
OPTSTK,SYNGENE,26-May-2022,440.0,CE,0.0,0.0,0.0,101.45,201.4,0,0.0,0,0,18-APR-2022,
OPTSTK,SYNGENE,26-May-2022,450.0,CE,0.0,0.0,0.0,93.4,191.45,0,0.0,0,0,18-APR-2022,
OPTSTK,SYNGENE,26-May-2022,460.0,CE,0.0,0.0,0.0,85.65,181.5,0,0.0,0,0,18-APR-2022,
OPTSTK,SYNGENE,26-May-2022,470.0,CE,0.0,0.0,0.0,78.3,171.6,0,0.0,0,0,18-APR-2022,
OPTSTK,SYNGENE,26-May-2022,480.0,CE,0.0,0.0,0.0,71.3,161.75,0,0.0,0,0,18-APR-2022,
OPTSTK,SYNGENE,26-May-2022,490.0,CE,0.0,0.0,0.0,64.65,151.9,0,0.0,0,0,18-APR-2022,
OPTSTK,SYNGENE,26-May-2022,500.0,CE,0.0,0.0,0.0,58.45,142.15,0,0.0,0,0,18-APR-2022,
OPTSTK,SYNGENE,26-May-2022,510.0,CE,0.0,0.0,0.0,52.6,132.45,0,0.0,0,0,18-APR-2022,
OPTSTK,SYNGENE,26-May-2022,520.0,CE,0.0,0.0,0.0,47.2,122.9,0,0.0,0,0,18-APR-2022,
OPTSTK,SYNGENE,26-May-2022,530.0,CE,0.0,0.0,0.0,42.2,113.5,0,0.0,0,0,18-APR-2022,
OPTSTK,SYNGENE,26-May-2022,540.0,CE,0.0,0.0,0.0,37.6,104.3,0,0.0,0,0,18-APR-2022,
OPTSTK,SYNGENE,26-May-2022,550.0,CE,0.0,0.0,0.0,33.4,95.35,0,0.0,0,0,18-APR-2022,
OPTSTK,SYNGENE,26-May-2022,560.0,CE,0.0,0.0,0.0,29.55,86.65,0,0.0,0,0,18-APR-2022,
OPTSTK,SYNGENE,26-May-2022,570.0,CE,0.0,0.0,0.0,26.05,78.3,0,0.0,0,0,18-APR-2022,
OPTSTK,SYNGENE,26-May-2022,580.0,CE,0.0,0.0,0.0,22.9,70.3,0,0.0,0,0,18-APR-2022,
OPTSTK,SYNGENE,26-May-2022,590.0,CE,0.0,0.0,0.0,20.1,62.8,0,0.0,0,0,18-APR-2022,
OPTSTK,SYNGENE,26-May-2022,600.0,CE,0.0,0.0,0.0,35.0,55.65,0,0.0,1700,0,18-APR-2022,
OPTSTK,SYNGENE,26-May-2022,610.0,CE,0.0,0.0,0.0,15.3,49.0,0,0.0,0,0,18-APR-2022,
OPTSTK,SYNGENE,26-May-2022,620.0,CE,0.0,0.0,0.0,13.3,42.85,0,0.0,0,0,18-APR-2022,
OPTSTK,SYNGENE,26-May-2022,630.0,CE,0.0,0.0,0.0,11.5,37.25,0,0.0,0,0,18-APR-2022,
OPTSTK,SYNGENE,26-May-2022,640.0,CE,0.0,0.0,0.0,36.3,32.15,0,0.0,1700,0,18-APR-2022,
OPTSTK,SYNGENE,26-May-2022,650.0,CE,0.0,0.0,0.0,8.6,27.55,0,0.0,0,0,18-APR-2022,
OPTSTK,SYNGENE,26-May-2022,660.0,CE,0.0,0.0,0.0,7.35,23.45,0,0.0,0,0,18-APR-2022,
OPTSTK,SYNGENE,26-May-2022,670.0,CE,0.0,0.0,0.0,6.3,19.8,0,0.0,0,0,18-APR-2022,
OPTSTK,SYNGENE,26-May-2022,680.0,CE,0.0,0.0,0.0,5.4,16.65,0,0.0,0,0,18-APR-2022,
OPTSTK,SYNGENE,26-May-2022,690.0,CE,0.0,0.0,0.0,4.6,13.85,0,0.0,0,0,18-APR-2022,
OPTSTK,SYNGENE,26-May-2022,700.0,CE,0.0,0.0,0.0,17.85,11.55,0,0.0,3400,0,18-APR-2022,
OPTSTK,SYNGENE,26-May-2022,710.0,CE,0.0,0.0,0.0,3.35,9.45,0,0.0,0,0,18-APR-2022,
OPTSTK,SYNGENE,26-May-2022,720.0,CE,0.0,0.0,0.0,2.85,7.75,0,0.0,0,0,18-APR-2022,
OPTSTK,SYNGENE,26-May-2022,730.0,CE,0.0,0.0,0.0,2.4,6.3,0,0.0,0,0,18-APR-2022,
OPTSTK,SYNGENE,26-May-2022,740.0,CE,0.0,0.0,0.0,2.05,5.1,0,0.0,0,0,18-APR-2022,
OPTSTK,SYNGENE,26-May-2022,750.0,CE,0.0,0.0,0.0,1.7,4.1,0,0.0,0,0,18-APR-2022,
OPTSTK,SYNGENE,26-May-2022,760.0,CE,0.0,0.0,0.0,1.45,3.25,0,0.0,0,0,18-APR-2022,
OPTSTK,SYNGENE,26-May-2022,770.0,CE,0.0,0.0,0.0,1.2,2.6,0,0.0,0,0,18-APR-2022,
OPTSTK,SYNGENE,26-May-2022,780.0,CE,0.0,0.0,0.0,1.0,2.05,0,0.0,0,0,18-APR-2022,
OPTSTK,SYNGENE,26-May-2022,790.0,CE,0.0,0.0,0.0,0.85,1.6,0,0.0,0,0,18-APR-2022,
OPTSTK,SYNGENE,26-May-2022,400.0,PE,0.0,0.0,0.0,2.2,0.0,0,0.0,0,0,18-APR-2022,
OPTSTK,SYNGENE,26-May-2022,410.0,PE,0.0,0.0,0.0,3.05,0.0,0,0.0,0,0,18-APR-2022,
OPTSTK,SYNGENE,26-May-2022,420.0,PE,0.0,0.0,0.0,4.05,0.0,0,0.0,0,0,18-APR-2022,
OPTSTK,SYNGENE,26-May-2022,430.0,PE,0.0,0.0,0.0,5.3,0.05,0,0.0,0,0,18-APR-2022,
OPTSTK,SYNGENE,26-May-2022,440.0,PE,0.0,0.0,0.0,6.85,0.05,0,0.0,0,0,18-APR-2022,
OPTSTK,SYNGENE,26-May-2022,450.0,PE,0.0,0.0,0.0,8.7,0.05,0,0.0,0,0,18-APR-2022,
OPTSTK,SYNGENE,26-May-2022,460.0,PE,0.0,0.0,0.0,10.85,0.1,0,0.0,0,0,18-APR-2022,
OPTSTK,SYNGENE,26-May-2022,470.0,PE,0.0,0.0,0.0,13.35,0.15,0,0.0,0,0,18-APR-2022,
OPTSTK,SYNGENE,26-May-2022,480.0,PE,0.0,0.0,0.0,16.25,0.2,0,0.0,0,0,18-APR-2022,
OPTSTK,SYNGENE,26-May-2022,490.0,PE,0.0,0.0,0.0,19.5,0.35,0,0.0,0,0,18-APR-2022,
OPTSTK,SYNGENE,26-May-2022,500.0,PE,0.0,0.0,0.0,23.2,0.5,0,0.0,0,0,18-APR-2022,
OPTSTK,SYNGENE,26-May-2022,510.0,PE,0.0,0.0,0.0,27.3,0.8,0,0.0,0,0,18-APR-2022,
OPTSTK,SYNGENE,26-May-2022,520.0,PE,0.0,0.0,0.0,31.75,1.2,0,0.0,0,0,18-APR-2022,
OPTSTK,SYNGENE,26-May-2022,530.0,PE,0.0,0.0,0.0,36.65,1.75,0,0.0,0,0,18-APR-2022,
OPTSTK,SYNGENE,26-May-2022,540.0,PE,0.0,0.0,0.0,41.95,2.5,0,0.0,0,0,18-APR-2022,
OPTSTK,SYNGENE,26-May-2022,550.0,PE,0.0,0.0,0.0,47.65,3.5,0,0.0,0,0,18-APR-2022,
OPTSTK,SYNGENE,26-May-2022,560.0,PE,0.0,0.0,0.0,53.7,4.8,0,0.0,0,0,18-APR-2022,
OPTSTK,SYNGENE,26-May-2022,570.0,PE,0.0,0.0,0.0,60.1,6.4,0,0.0,0,0,18-APR-2022,
OPTSTK,SYNGENE,26-May-2022,580.0,PE,0.0,0.0,0.0,66.85,8.35,0,0.0,0,0,18-APR-2022,
OPTSTK,SYNGENE,26-May-2022,590.0,PE,0.0,0.0,0.0,73.9,10.75,0,0.0,0,0,18-APR-2022,
OPTSTK,SYNGENE,26-May-2022,600.0,PE,0.0,0.0,0.0,81.3,13.6,0,0.0,0,0,18-APR-2022,
OPTSTK,SYNGENE,26-May-2022,610.0,PE,0.0,0.0,0.0,88.95,16.9,0,0.0,0,0,18-APR-2022,
OPTSTK,SYNGENE,26-May-2022,620.0,PE,0.0,0.0,0.0,96.8,20.75,0,0.0,0,0,18-APR-2022,
OPTSTK,SYNGENE,26-May-2022,630.0,PE,0.0,0.0,0.0,104.9,25.05,0,0.0,0,0,18-APR-2022,
OPTSTK,SYNGENE,26-May-2022,640.0,PE,0.0,0.0,0.0,113.25,29.9,0,0.0,0,0,18-APR-2022,
OPTSTK,SYNGENE,26-May-2022,650.0,PE,0.0,0.0,0.0,121.75,35.25,0,0.0,0,0,18-APR-2022,
OPTSTK,SYNGENE,26-May-2022,660.0,PE,0.0,0.0,0.0,130.45,41.15,0,0.0,0,0,18-APR-2022,
OPTSTK,SYNGENE,26-May-2022,670.0,PE,0.0,0.0,0.0,36.2,47.45,0,0.0,850,0,18-APR-2022,
OPTSTK,SYNGENE,26-May-2022,680.0,PE,0.0,0.0,0.0,148.3,54.25,0,0.0,0,0,18-APR-2022,
OPTSTK,SYNGENE,26-May-2022,690.0,PE,0.0,0.0,0.0,157.4,61.4,0,0.0,0,0,18-APR-2022,
OPTSTK,SYNGENE,26-May-2022,700.0,PE,0.0,0.0,0.0,166.6,69.05,0,0.0,0,0,18-APR-2022,
OPTSTK,SYNGENE,26-May-2022,710.0,PE,0.0,0.0,0.0,175.9,76.95,0,0.0,0,0,18-APR-2022,
OPTSTK,SYNGENE,26-May-2022,720.0,PE,0.0,0.0,0.0,185.3,85.15,0,0.0,0,0,18-APR-2022,
OPTSTK,SYNGENE,26-May-2022,730.0,PE,0.0,0.0,0.0,194.75,93.65,0,0.0,0,0,18-APR-2022,
OPTSTK,SYNGENE,26-May-2022,740.0,PE,0.0,0.0,0.0,204.3,102.4,0,0.0,0,0,18-APR-2022,
OPTSTK,SYNGENE,26-May-2022,750.0,PE,0.0,0.0,0.0,213.85,111.35,0,0.0,0,0,18-APR-2022,
OPTSTK,SYNGENE,26-May-2022,760.0,PE,0.0,0.0,0.0,223.5,120.5,0,0.0,0,0,18-APR-2022,
OPTSTK,SYNGENE,26-May-2022,770.0,PE,0.0,0.0,0.0,233.15,129.8,0,0.0,0,0,18-APR-2022,
OPTSTK,SYNGENE,26-May-2022,780.0,PE,0.0,0.0,0.0,242.85,139.2,0,0.0,0,0,18-APR-2022,
OPTSTK,SYNGENE,26-May-2022,790.0,PE,0.0,0.0,0.0,252.6,148.7,0,0.0,0,0,18-APR-2022,
OPTSTK,SYNGENE,30-Jun-2022,400.0,CE,0.0,0.0,0.0,202.25,242.85,0,0.0,0,0,18-APR-2022,
OPTSTK,SYNGENE,30-Jun-2022,410.0,CE,0.0,0.0,0.0,192.55,233.0,0,0.0,0,0,18-APR-2022,
OPTSTK,SYNGENE,30-Jun-2022,420.0,CE,0.0,0.0,0.0,182.95,223.15,0,0.0,0,0,18-APR-2022,
OPTSTK,SYNGENE,30-Jun-2022,430.0,CE,0.0,0.0,0.0,173.4,213.3,0,0.0,0,0,18-APR-2022,
OPTSTK,SYNGENE,30-Jun-2022,440.0,CE,0.0,0.0,0.0,164.0,203.5,0,0.0,0,0,18-APR-2022,
OPTSTK,SYNGENE,30-Jun-2022,450.0,CE,0.0,0.0,0.0,154.7,193.75,0,0.0,0,0,18-APR-2022,
OPTSTK,SYNGENE,30-Jun-2022,460.0,CE,0.0,0.0,0.0,145.55,184.1,0,0.0,0,0,18-APR-2022,
OPTSTK,SYNGENE,30-Jun-2022,470.0,CE,0.0,0.0,0.0,136.6,174.5,0,0.0,0,0,18-APR-2022,
OPTSTK,SYNGENE,30-Jun-2022,480.0,CE,0.0,0.0,0.0,127.9,165.0,0,0.0,0,0,18-APR-2022,
OPTSTK,SYNGENE,30-Jun-2022,490.0,CE,0.0,0.0,0.0,119.35,155.6,0,0.0,0,0,18-APR-2022,
OPTSTK,SYNGENE,30-Jun-2022,500.0,CE,0.0,0.0,0.0,111.1,146.4,0,0.0,0,0,18-APR-2022,
OPTSTK,SYNGENE,30-Jun-2022,510.0,CE,0.0,0.0,0.0,103.1,137.35,0,0.0,0,0,18-APR-2022,
OPTSTK,SYNGENE,30-Jun-2022,520.0,CE,0.0,0.0,0.0,95.45,128.5,0,0.0,0,0,18-APR-2022,
OPTSTK,SYNGENE,30-Jun-2022,530.0,CE,0.0,0.0,0.0,88.1,119.85,0,0.0,0,0,18-APR-2022,
OPTSTK,SYNGENE,30-Jun-2022,540.0,CE,0.0,0.0,0.0,81.05,111.45,0,0.0,0,0,18-APR-2022,
OPTSTK,SYNGENE,30-Jun-2022,550.0,CE,0.0,0.0,0.0,74.3,103.35,0,0.0,0,0,18-APR-2022,
OPTSTK,SYNGENE,30-Jun-2022,560.0,CE,0.0,0.0,0.0,67.95,95.5,0,0.0,0,0,18-APR-2022,
OPTSTK,SYNGENE,30-Jun-2022,570.0,CE,0.0,0.0,0.0,62.0,88.0,0,0.0,0,0,18-APR-2022,
OPTSTK,SYNGENE,30-Jun-2022,580.0,CE,0.0,0.0,0.0,56.35,80.85,0,0.0,0,0,18-APR-2022,
OPTSTK,SYNGENE,30-Jun-2022,590.0,CE,0.0,0.0,0.0,51.1,73.95,0,0.0,0,0,18-APR-2022,
OPTSTK,SYNGENE,30-Jun-2022,600.0,CE,0.0,0.0,0.0,46.2,67.5,0,0.0,0,0,18-APR-2022,
OPTSTK,SYNGENE,30-Jun-2022,610.0,CE,0.0,0.0,0.0,41.65,61.4,0,0.0,0,0,18-APR-2022,
OPTSTK,SYNGENE,30-Jun-2022,620.0,CE,0.0,0.0,0.0,37.45,55.65,0,0.0,0,0,18-APR-2022,
OPTSTK,SYNGENE,30-Jun-2022,630.0,CE,0.0,0.0,0.0,33.6,50.3,0,0.0,0,0,18-APR-2022,
OPTSTK,SYNGENE,30-Jun-2022,640.0,CE,0.0,0.0,0.0,30.05,45.3,0,0.0,0,0,18-APR-2022,
OPTSTK,SYNGENE,30-Jun-2022,650.0,CE,0.0,0.0,0.0,26.8,40.7,0,0.0,0,0,18-APR-2022,
OPTSTK,SYNGENE,30-Jun-2022,660.0,CE,0.0,0.0,0.0,23.85,36.45,0,0.0,0,0,18-APR-2022,
OPTSTK,SYNGENE,30-Jun-2022,670.0,CE,0.0,0.0,0.0,21.2,32.5,0,0.0,0,0,18-APR-2022,
OPTSTK,SYNGENE,30-Jun-2022,680.0,CE,0.0,0.0,0.0,18.8,28.95,0,0.0,0,0,18-APR-2022,
OPTSTK,SYNGENE,30-Jun-2022,690.0,CE,0.0,0.0,0.0,16.6,25.7,0,0.0,0,0,18-APR-2022,
OPTSTK,SYNGENE,30-Jun-2022,700.0,CE,0.0,0.0,0.0,14.6,22.7,0,0.0,0,0,18-APR-2022,
OPTSTK,SYNGENE,30-Jun-2022,710.0,CE,0.0,0.0,0.0,12.85,20.05,0,0.0,0,0,18-APR-2022,
OPTSTK,SYNGENE,30-Jun-2022,720.0,CE,0.0,0.0,0.0,11.3,17.65,0,0.0,0,0,18-APR-2022,
OPTSTK,SYNGENE,30-Jun-2022,730.0,CE,0.0,0.0,0.0,9.9,15.5,0,0.0,0,0,18-APR-2022,
OPTSTK,SYNGENE,30-Jun-2022,740.0,CE,0.0,0.0,0.0,8.65,13.55,0,0.0,0,0,18-APR-2022,
OPTSTK,SYNGENE,30-Jun-2022,750.0,CE,0.0,0.0,0.0,7.55,11.8,0,0.0,0,0,18-APR-2022,
OPTSTK,SYNGENE,30-Jun-2022,760.0,CE,0.0,0.0,0.0,6.55,10.3,0,0.0,0,0,18-APR-2022,
OPTSTK,SYNGENE,30-Jun-2022,770.0,CE,0.0,0.0,0.0,5.7,8.95,0,0.0,0,0,18-APR-2022,
OPTSTK,SYNGENE,30-Jun-2022,780.0,CE,0.0,0.0,0.0,4.95,7.75,0,0.0,0,0,18-APR-2022,
OPTSTK,SYNGENE,30-Jun-2022,790.0,CE,0.0,0.0,0.0,4.3,6.7,0,0.0,0,0,18-APR-2022,
OPTSTK,SYNGENE,30-Jun-2022,400.0,PE,0.0,0.0,0.0,0.45,0.1,0,0.0,0,0,18-APR-2022,
OPTSTK,SYNGENE,30-Jun-2022,410.0,PE,0.0,0.0,0.0,0.65,0.1,0,0.0,0,0,18-APR-2022,
OPTSTK,SYNGENE,30-Jun-2022,420.0,PE,0.0,0.0,0.0,0.9,0.15,0,0.0,0,0,18-APR-2022,
OPTSTK,SYNGENE,30-Jun-2022,430.0,PE,0.0,0.0,0.0,1.3,0.25,0,0.0,0,0,18-APR-2022,
OPTSTK,SYNGENE,30-Jun-2022,440.0,PE,0.0,0.0,0.0,1.75,0.4,0,0.0,0,0,18-APR-2022,
OPTSTK,SYNGENE,30-Jun-2022,450.0,PE,0.0,0.0,0.0,2.35,0.55,0,0.0,0,0,18-APR-2022,
OPTSTK,SYNGENE,30-Jun-2022,460.0,PE,0.0,0.0,0.0,3.15,0.8,0,0.0,0,0,18-APR-2022,
OPTSTK,SYNGENE,30-Jun-2022,470.0,PE,0.0,0.0,0.0,4.1,1.1,0,0.0,0,0,18-APR-2022,
OPTSTK,SYNGENE,30-Jun-2022,480.0,PE,0.0,0.0,0.0,5.25,1.55,0,0.0,0,0,18-APR-2022,
OPTSTK,SYNGENE,30-Jun-2022,490.0,PE,0.0,0.0,0.0,6.6,2.1,0,0.0,0,0,18-APR-2022,
OPTSTK,SYNGENE,30-Jun-2022,500.0,PE,0.0,0.0,0.0,8.25,2.75,0,0.0,0,0,18-APR-2022,
OPTSTK,SYNGENE,30-Jun-2022,510.0,PE,0.0,0.0,0.0,10.15,3.65,0,0.0,0,0,18-APR-2022,
OPTSTK,SYNGENE,30-Jun-2022,520.0,PE,0.0,0.0,0.0,12.35,4.7,0,0.0,0,0,18-APR-2022,
OPTSTK,SYNGENE,30-Jun-2022,530.0,PE,0.0,0.0,0.0,14.9,5.95,0,0.0,0,0,18-APR-2022,
OPTSTK,SYNGENE,30-Jun-2022,540.0,PE,0.0,0.0,0.0,17.75,7.5,0,0.0,0,0,18-APR-2022,
OPTSTK,SYNGENE,30-Jun-2022,550.0,PE,0.0,0.0,0.0,20.9,9.3,0,0.0,0,0,18-APR-2022,
OPTSTK,SYNGENE,30-Jun-2022,560.0,PE,0.0,0.0,0.0,24.5,11.35,0,0.0,0,0,18-APR-2022,
OPTSTK,SYNGENE,30-Jun-2022,570.0,PE,0.0,0.0,0.0,28.4,13.8,0,0.0,0,0,18-APR-2022,
OPTSTK,SYNGENE,30-Jun-2022,580.0,PE,0.0,0.0,0.0,32.65,16.5,0,0.0,0,0,18-APR-2022,
OPTSTK,SYNGENE,30-Jun-2022,590.0,PE,0.0,0.0,0.0,37.3,19.55,0,0.0,0,0,18-APR-2022,
OPTSTK,SYNGENE,30-Jun-2022,600.0,PE,0.0,0.0,0.0,42.3,23.0,0,0.0,0,0,18-APR-2022,
OPTSTK,SYNGENE,30-Jun-2022,610.0,PE,0.0,0.0,0.0,47.65,26.85,0,0.0,0,0,18-APR-2022,
OPTSTK,SYNGENE,30-Jun-2022,620.0,PE,0.0,0.0,0.0,53.35,31.0,0,0.0,0,0,18-APR-2022,
OPTSTK,SYNGENE,30-Jun-2022,630.0,PE,0.0,0.0,0.0,59.4,35.6,0,0.0,0,0,18-APR-2022,
OPTSTK,SYNGENE,30-Jun-2022,640.0,PE,0.0,0.0,0.0,65.75,40.5,0,0.0,0,0,18-APR-2022,
OPTSTK,SYNGENE,30-Jun-2022,650.0,PE,0.0,0.0,0.0,72.4,45.8,0,0.0,0,0,18-APR-2022,
OPTSTK,SYNGENE,30-Jun-2022,660.0,PE,0.0,0.0,0.0,79.3,51.45,0,0.0,0,0,18-APR-2022,
OPTSTK,SYNGENE,30-Jun-2022,670.0,PE,0.0,0.0,0.0,86.55,57.45,0,0.0,0,0,18-APR-2022,
OPTSTK,SYNGENE,30-Jun-2022,680.0,PE,0.0,0.0,0.0,94.05,63.8,0,0.0,0,0,18-APR-2022,
OPTSTK,SYNGENE,30-Jun-2022,690.0,PE,0.0,0.0,0.0,101.75,70.45,0,0.0,0,0,18-APR-2022,
OPTSTK,SYNGENE,30-Jun-2022,700.0,PE,0.0,0.0,0.0,109.65,77.4,0,0.0,0,0,18-APR-2022,
OPTSTK,SYNGENE,30-Jun-2022,710.0,PE,0.0,0.0,0.0,117.8,84.65,0,0.0,0,0,18-APR-2022,
OPTSTK,SYNGENE,30-Jun-2022,720.0,PE,0.0,0.0,0.0,126.1,92.15,0,0.0,0,0,18-APR-2022,
OPTSTK,SYNGENE,30-Jun-2022,730.0,PE,0.0,0.0,0.0,134.6,99.95,0,0.0,0,0,18-APR-2022,
OPTSTK,SYNGENE,30-Jun-2022,740.0,PE,0.0,0.0,0.0,143.25,107.9,0,0.0,0,0,18-APR-2022,
OPTSTK,SYNGENE,30-Jun-2022,750.0,PE,0.0,0.0,0.0,152.05,116.1,0,0.0,0,0,18-APR-2022,
OPTSTK,SYNGENE,30-Jun-2022,760.0,PE,0.0,0.0,0.0,160.95,124.45,0,0.0,0,0,18-APR-2022,
OPTSTK,SYNGENE,30-Jun-2022,770.0,PE,0.0,0.0,0.0,170.0,133.0,0,0.0,0,0,18-APR-2022,
OPTSTK,SYNGENE,30-Jun-2022,780.0,PE,0.0,0.0,0.0,179.15,141.75,0,0.0,0,0,18-APR-2022,
OPTSTK,SYNGENE,30-Jun-2022,790.0,PE,0.0,0.0,0.0,188.4,150.6,0,0.0,0,0,18-APR-2022,
OPTSTK,TATACHEM,28-Apr-2022,560.0,CE,0.0,0.0,0.0,357.7,428.65,0,0.0,0,0,18-APR-2022,
OPTSTK,TATACHEM,28-Apr-2022,570.0,CE,0.0,0.0,0.0,348.05,418.65,0,0.0,0,0,18-APR-2022,
OPTSTK,TATACHEM,28-Apr-2022,580.0,CE,0.0,0.0,0.0,338.45,408.65,0,0.0,0,0,18-APR-2022,
OPTSTK,TATACHEM,28-Apr-2022,590.0,CE,0.0,0.0,0.0,328.9,398.7,0,0.0,0,0,18-APR-2022,
OPTSTK,TATACHEM,28-Apr-2022,600.0,CE,0.0,0.0,0.0,319.35,388.7,0,0.0,0,0,18-APR-2022,
OPTSTK,TATACHEM,28-Apr-2022,610.0,CE,0.0,0.0,0.0,309.95,378.7,0,0.0,0,0,18-APR-2022,
OPTSTK,TATACHEM,28-Apr-2022,620.0,CE,0.0,0.0,0.0,300.55,368.7,0,0.0,0,0,18-APR-2022,
OPTSTK,TATACHEM,28-Apr-2022,630.0,CE,0.0,0.0,0.0,291.25,358.75,0,0.0,0,0,18-APR-2022,
OPTSTK,TATACHEM,28-Apr-2022,640.0,CE,0.0,0.0,0.0,282.05,348.75,0,0.0,0,0,18-APR-2022,
OPTSTK,TATACHEM,28-Apr-2022,650.0,CE,0.0,0.0,0.0,272.95,338.75,0,0.0,0,0,18-APR-2022,
OPTSTK,TATACHEM,28-Apr-2022,660.0,CE,0.0,0.0,0.0,263.95,328.75,0,0.0,0,0,18-APR-2022,
OPTSTK,TATACHEM,28-Apr-2022,670.0,CE,0.0,0.0,0.0,255.05,318.75,0,0.0,0,0,18-APR-2022,
OPTSTK,TATACHEM,28-Apr-2022,680.0,CE,0.0,0.0,0.0,246.25,308.8,0,0.0,0,0,18-APR-2022,
OPTSTK,TATACHEM,28-Apr-2022,690.0,CE,0.0,0.0,0.0,237.6,298.8,0,0.0,0,0,18-APR-2022,
OPTSTK,TATACHEM,28-Apr-2022,700.0,CE,0.0,0.0,0.0,229.05,288.8,0,0.0,0,0,18-APR-2022,
OPTSTK,TATACHEM,28-Apr-2022,710.0,CE,0.0,0.0,0.0,220.65,278.8,0,0.0,0,0,18-APR-2022,
OPTSTK,TATACHEM,28-Apr-2022,720.0,CE,0.0,0.0,0.0,212.4,268.85,0,0.0,0,0,18-APR-2022,
OPTSTK,TATACHEM,28-Apr-2022,730.0,CE,0.0,0.0,0.0,204.3,258.85,0,0.0,0,0,18-APR-2022,
OPTSTK,TATACHEM,28-Apr-2022,740.0,CE,0.0,0.0,0.0,196.35,248.85,0,0.0,0,0,18-APR-2022,
OPTSTK,TATACHEM,28-Apr-2022,750.0,CE,0.0,0.0,0.0,188.6,238.85,0,0.0,0,0,18-APR-2022,
OPTSTK,TATACHEM,28-Apr-2022,760.0,CE,0.0,0.0,0.0,180.95,228.9,0,0.0,0,0,18-APR-2022,
OPTSTK,TATACHEM,28-Apr-2022,770.0,CE,0.0,0.0,0.0,173.55,218.9,0,0.0,0,0,18-APR-2022,
OPTSTK,TATACHEM,28-Apr-2022,780.0,CE,0.0,0.0,0.0,166.3,208.9,0,0.0,0,0,18-APR-2022,
OPTSTK,TATACHEM,28-Apr-2022,790.0,CE,0.0,0.0,0.0,159.2,198.95,0,0.0,0,0,18-APR-2022,
OPTSTK,TATACHEM,28-Apr-2022,800.0,CE,0.0,0.0,0.0,152.3,189.0,0,0.0,0,0,18-APR-2022,
OPTSTK,TATACHEM,28-Apr-2022,810.0,CE,0.0,0.0,0.0,145.6,179.05,0,0.0,0,0,18-APR-2022,
OPTSTK,TATACHEM,28-Apr-2022,820.0,CE,0.0,0.0,0.0,170.0,169.1,0,0.0,3000,0,18-APR-2022,
OPTSTK,TATACHEM,28-Apr-2022,830.0,CE,0.0,0.0,0.0,132.75,159.2,0,0.0,0,0,18-APR-2022,
OPTSTK,TATACHEM,28-Apr-2022,840.0,CE,0.0,0.0,0.0,126.6,149.4,0,0.0,0,0,18-APR-2022,
OPTSTK,TATACHEM,28-Apr-2022,850.0,CE,0.0,0.0,0.0,126.5,139.6,0,0.0,1000,0,18-APR-2022,
OPTSTK,TATACHEM,28-Apr-2022,860.0,CE,0.0,0.0,0.0,114.95,129.95,0,0.0,0,0,18-APR-2022,
OPTSTK,TATACHEM,28-Apr-2022,870.0,CE,0.0,0.0,0.0,109.4,120.4,0,0.0,0,0,18-APR-2022,
OPTSTK,TATACHEM,28-Apr-2022,880.0,CE,0.0,0.0,0.0,104.05,111.0,0,0.0,0,0,18-APR-2022,
OPTSTK,TATACHEM,28-Apr-2022,890.0,CE,0.0,0.0,0.0,98.9,101.8,0,0.0,0,0,18-APR-2022,
OPTSTK,TATACHEM,28-Apr-2022,900.0,CE,79.0,96.0,71.05,96.0,96.0,6,58.82,35000,3000,18-APR-2022,
OPTSTK,TATACHEM,28-Apr-2022,910.0,CE,0.0,0.0,0.0,89.15,84.2,0,0.0,0,0,18-APR-2022,
OPTSTK,TATACHEM,28-Apr-2022,920.0,CE,52.5,57.95,52.5,57.95,75.85,3,29.28,3000,1000,18-APR-2022,
OPTSTK,TATACHEM,28-Apr-2022,930.0,CE,56.9,56.9,50.45,50.5,67.85,3,29.47,5000,3000,18-APR-2022,
OPTSTK,TATACHEM,28-Apr-2022,940.0,CE,36.55,60.85,36.5,59.9,59.9,9,88.99,7000,-2000,18-APR-2022,
OPTSTK,TATACHEM,28-Apr-2022,950.0,CE,42.65,51.55,30.0,51.55,51.55,18,177.52,121000,-3000,18-APR-2022,
OPTSTK,TATACHEM,28-Apr-2022,960.0,CE,35.6,43.85,25.0,42.6,42.6,109,1081.31,26000,5000,18-APR-2022,
OPTSTK,TATACHEM,28-Apr-2022,970.0,CE,27.35,38.2,20.5,36.7,36.7,354,3525.94,45000,4000,18-APR-2022,
OPTSTK,TATACHEM,28-Apr-2022,980.0,CE,15.95,32.5,15.95,30.85,30.85,611,6126.57,135000,7000,18-APR-2022,
OPTSTK,TATACHEM,28-Apr-2022,990.0,CE,13.95,27.0,12.0,25.25,25.25,498,5024.22,141000,-10000,18-APR-2022,
OPTSTK,TATACHEM,28-Apr-2022,1000.0,CE,12.55,22.6,8.95,20.9,20.9,1367,13886.26,508000,-39000,18-APR-2022,
OPTSTK,TATACHEM,28-Apr-2022,1010.0,CE,12.0,18.7,7.4,17.2,17.2,359,3670.76,234000,-42000,18-APR-2022,
OPTSTK,TATACHEM,28-Apr-2022,1020.0,CE,6.45,15.0,6.45,13.8,13.8,583,6005.94,313000,-18000,18-APR-2022,
OPTSTK,TATACHEM,28-Apr-2022,1030.0,CE,7.7,11.95,5.9,11.2,11.2,313,3249.97,121000,-7000,18-APR-2022,
OPTSTK,TATACHEM,28-Apr-2022,1040.0,CE,3.15,12.7,3.15,9.5,9.5,343,3590.11,221000,13000,18-APR-2022,
OPTSTK,TATACHEM,28-Apr-2022,1050.0,CE,3.6,7.95,3.6,7.45,7.45,459,4845.47,314000,-15000,18-APR-2022,
OPTSTK,TATACHEM,28-Apr-2022,1060.0,CE,2.3,7.1,2.3,6.05,6.05,284,3024.13,150000,5000,18-APR-2022,
OPTSTK,TATACHEM,28-Apr-2022,1070.0,CE,3.95,5.25,2.65,5.0,5.0,152,1632.28,87000,3000,18-APR-2022,
OPTSTK,TATACHEM,28-Apr-2022,1080.0,CE,2.7,4.4,2.3,4.2,4.2,190,2058.16,122000,-8000,18-APR-2022,
OPTSTK,TATACHEM,28-Apr-2022,1090.0,CE,0.75,3.65,0.75,3.5,3.5,13,142.11,23000,5000,18-APR-2022,
OPTSTK,TATACHEM,28-Apr-2022,1100.0,CE,2.8,3.35,1.7,3.15,3.15,540,5952.77,728000,4000,18-APR-2022,
OPTSTK,TATACHEM,28-Apr-2022,1110.0,CE,2.0,2.85,1.4,2.8,2.8,37,411.45,40000,-1000,18-APR-2022,
OPTSTK,TATACHEM,28-Apr-2022,1120.0,CE,1.55,2.45,1.1,2.35,2.35,155,1738.6,59000,7000,18-APR-2022,
OPTSTK,TATACHEM,28-Apr-2022,1130.0,CE,0.0,0.0,0.0,2.2,1.4,0,0.0,23000,0,18-APR-2022,
OPTSTK,TATACHEM,28-Apr-2022,1140.0,CE,1.5,1.95,0.85,1.95,1.95,73,833.09,32000,-3000,18-APR-2022,
OPTSTK,TATACHEM,28-Apr-2022,1150.0,CE,1.05,1.75,0.7,1.6,1.6,269,3096.62,144000,-31000,18-APR-2022,
OPTSTK,TATACHEM,28-Apr-2022,1160.0,CE,0.95,1.5,0.65,1.4,1.4,83,963.63,12000,-3000,18-APR-2022,
OPTSTK,TATACHEM,28-Apr-2022,1170.0,CE,0.0,0.0,0.0,3.9,0.45,0,0.0,13000,0,18-APR-2022,
OPTSTK,TATACHEM,28-Apr-2022,1180.0,CE,0.75,1.25,0.55,1.2,1.2,87,1027.31,22000,16000,18-APR-2022,
OPTSTK,TATACHEM,28-Apr-2022,1190.0,CE,0.0,0.0,0.0,1.4,0.25,0,0.0,7000,0,18-APR-2022,
OPTSTK,TATACHEM,28-Apr-2022,1200.0,CE,0.6,1.1,0.55,1.05,1.05,160,1921.21,304000,-3000,18-APR-2022,
OPTSTK,TATACHEM,28-Apr-2022,1210.0,CE,0.0,0.0,0.0,14.3,0.15,0,0.0,0,0,18-APR-2022,
OPTSTK,TATACHEM,28-Apr-2022,1220.0,CE,0.0,0.0,0.0,13.35,0.1,0,0.0,0,0,18-APR-2022,
OPTSTK,TATACHEM,28-Apr-2022,1230.0,CE,0.0,0.0,0.0,12.5,0.1,0,0.0,0,0,18-APR-2022,
OPTSTK,TATACHEM,28-Apr-2022,1240.0,CE,0.0,0.0,0.0,11.65,0.05,0,0.0,0,0,18-APR-2022,
OPTSTK,TATACHEM,28-Apr-2022,1250.0,CE,0.55,0.9,0.55,0.9,0.9,113,1413.31,635000,-5000,18-APR-2022,
OPTSTK,TATACHEM,28-Apr-2022,560.0,PE,0.0,0.0,0.0,1.0,0.0,0,0.0,1000,0,18-APR-2022,
OPTSTK,TATACHEM,28-Apr-2022,570.0,PE,0.0,0.0,0.0,1.2,0.0,0,0.0,0,0,18-APR-2022,
OPTSTK,TATACHEM,28-Apr-2022,580.0,PE,0.0,0.0,0.0,1.5,0.0,0,0.0,0,0,18-APR-2022,
OPTSTK,TATACHEM,28-Apr-2022,590.0,PE,0.0,0.0,0.0,1.85,0.0,0,0.0,0,0,18-APR-2022,
OPTSTK,TATACHEM,28-Apr-2022,600.0,PE,0.0,0.0,0.0,2.2,0.0,0,0.0,0,0,18-APR-2022,
OPTSTK,TATACHEM,28-Apr-2022,610.0,PE,0.0,0.0,0.0,0.15,0.0,0,0.0,2000,0,18-APR-2022,
OPTSTK,TATACHEM,28-Apr-2022,620.0,PE,0.0,0.0,0.0,3.2,0.0,0,0.0,0,0,18-APR-2022,
OPTSTK,TATACHEM,28-Apr-2022,630.0,PE,0.0,0.0,0.0,3.8,0.0,0,0.0,0,0,18-APR-2022,
OPTSTK,TATACHEM,28-Apr-2022,640.0,PE,0.0,0.0,0.0,4.5,0.0,0,0.0,0,0,18-APR-2022,
OPTSTK,TATACHEM,28-Apr-2022,650.0,PE,0.0,0.0,0.0,0.15,0.0,0,0.0,2000,0,18-APR-2022,
OPTSTK,TATACHEM,28-Apr-2022,660.0,PE,0.0,0.0,0.0,6.15,0.0,0,0.0,0,0,18-APR-2022,
OPTSTK,TATACHEM,28-Apr-2022,670.0,PE,0.0,0.0,0.0,7.15,0.0,0,0.0,0,0,18-APR-2022,
OPTSTK,TATACHEM,28-Apr-2022,680.0,PE,0.0,0.0,0.0,0.75,0.0,0,0.0,0,0,18-APR-2022,
OPTSTK,TATACHEM,28-Apr-2022,690.0,PE,0.0,0.0,0.0,9.5,0.0,0,0.0,0,0,18-APR-2022,
OPTSTK,TATACHEM,28-Apr-2022,700.0,PE,0.0,0.0,0.0,10.85,0.0,0,0.0,0,0,18-APR-2022,
OPTSTK,TATACHEM,28-Apr-2022,710.0,PE,0.0,0.0,0.0,12.35,0.0,0,0.0,0,0,18-APR-2022,
OPTSTK,TATACHEM,28-Apr-2022,720.0,PE,0.0,0.0,0.0,14.0,0.0,0,0.0,0,0,18-APR-2022,
OPTSTK,TATACHEM,28-Apr-2022,730.0,PE,0.0,0.0,0.0,15.8,0.0,0,0.0,0,0,18-APR-2022,
OPTSTK,TATACHEM,28-Apr-2022,740.0,PE,0.0,0.0,0.0,17.75,0.0,0,0.0,0,0,18-APR-2022,
OPTSTK,TATACHEM,28-Apr-2022,750.0,PE,0.0,0.0,0.0,0.1,0.0,0,0.0,6000,0,18-APR-2022,
OPTSTK,TATACHEM,28-Apr-2022,760.0,PE,0.0,0.0,0.0,22.15,0.05,0,0.0,0,0,18-APR-2022,
OPTSTK,TATACHEM,28-Apr-2022,770.0,PE,0.0,0.0,0.0,24.65,0.05,0,0.0,0,0,18-APR-2022,
OPTSTK,TATACHEM,28-Apr-2022,780.0,PE,0.0,0.0,0.0,27.25,0.05,0,0.0,0,0,18-APR-2022,
OPTSTK,TATACHEM,28-Apr-2022,790.0,PE,0.0,0.0,0.0,30.1,0.05,0,0.0,0,0,18-APR-2022,
OPTSTK,TATACHEM,28-Apr-2022,800.0,PE,0.85,1.2,0.45,0.5,0.5,32,256.26,86000,6000,18-APR-2022,
OPTSTK,TATACHEM,28-Apr-2022,810.0,PE,0.0,0.0,0.0,36.25,0.1,0,0.0,0,0,18-APR-2022,
OPTSTK,TATACHEM,28-Apr-2022,820.0,PE,0.0,0.0,0.0,1.65,0.2,0,0.0,2000,0,18-APR-2022,
OPTSTK,TATACHEM,28-Apr-2022,830.0,PE,0.8,0.8,0.8,0.8,0.8,1,8.3,1000,1000,18-APR-2022,
OPTSTK,TATACHEM,28-Apr-2022,840.0,PE,0.0,0.0,0.0,3.0,0.45,0,0.0,7000,0,18-APR-2022,
OPTSTK,TATACHEM,28-Apr-2022,850.0,PE,2.7,3.4,1.2,1.3,1.3,124,1056.29,116000,-14000,18-APR-2022,
OPTSTK,TATACHEM,28-Apr-2022,860.0,PE,3.4,3.4,3.4,3.4,1.0,1,8.63,19000,1000,18-APR-2022,
OPTSTK,TATACHEM,28-Apr-2022,870.0,PE,2.5,2.5,2.5,2.5,1.4,2,17.45,10000,-2000,18-APR-2022,
OPTSTK,TATACHEM,28-Apr-2022,880.0,PE,5.3,6.05,2.2,2.35,2.35,54,477.15,64000,-2000,18-APR-2022,
OPTSTK,TATACHEM,28-Apr-2022,890.0,PE,0.0,0.0,0.0,6.5,2.8,0,0.0,6000,0,18-APR-2022,
OPTSTK,TATACHEM,28-Apr-2022,900.0,PE,9.1,9.1,3.3,3.55,3.55,394,3568.73,322000,-6000,18-APR-2022,
OPTSTK,TATACHEM,28-Apr-2022,910.0,PE,8.5,10.3,4.25,4.4,4.4,118,1082.7,55000,1000,18-APR-2022,
OPTSTK,TATACHEM,28-Apr-2022,920.0,PE,12.35,12.35,5.15,5.55,5.55,264,2452.4,141000,4000,18-APR-2022,
OPTSTK,TATACHEM,28-Apr-2022,930.0,PE,15.85,17.5,6.05,6.9,6.9,204,1920.29,108000,8000,18-APR-2022,
OPTSTK,TATACHEM,28-Apr-2022,940.0,PE,15.85,16.95,8.2,8.65,8.65,197,1878.4,85000,13000,18-APR-2022,
OPTSTK,TATACHEM,28-Apr-2022,950.0,PE,27.0,27.0,10.4,11.0,11.0,382,3694.94,217000,30000,18-APR-2022,
OPTSTK,TATACHEM,28-Apr-2022,960.0,PE,25.0,32.15,13.15,13.65,13.65,353,3467.18,142000,19000,18-APR-2022,
OPTSTK,TATACHEM,28-Apr-2022,970.0,PE,30.95,32.0,16.0,17.35,17.35,328,3257.74,128000,-5000,18-APR-2022,
OPTSTK,TATACHEM,28-Apr-2022,980.0,PE,38.95,40.6,20.1,21.4,21.4,188,1892.88,140000,-17000,18-APR-2022,
OPTSTK,TATACHEM,28-Apr-2022,990.0,PE,47.65,47.65,24.5,25.95,25.95,29,295.85,54000,5000,18-APR-2022,
OPTSTK,TATACHEM,28-Apr-2022,1000.0,PE,52.5,52.5,31.0,31.05,31.05,23,240.34,110000,-4000,18-APR-2022,
OPTSTK,TATACHEM,28-Apr-2022,1010.0,PE,47.0,54.5,47.0,53.0,42.15,4,42.47,48000,0,18-APR-2022,
OPTSTK,TATACHEM,28-Apr-2022,1020.0,PE,60.4,60.4,48.2,48.2,48.6,4,42.91,47000,1000,18-APR-2022,
OPTSTK,TATACHEM,28-Apr-2022,1030.0,PE,68.05,68.9,65.35,68.9,55.5,3,32.92,20000,0,18-APR-2022,
OPTSTK,TATACHEM,28-Apr-2022,1040.0,PE,77.5,77.5,74.6,74.6,62.9,2,22.32,9000,2000,18-APR-2022,
OPTSTK,TATACHEM,28-Apr-2022,1050.0,PE,87.65,94.25,87.65,94.25,70.6,3,34.19,12000,1000,18-APR-2022,
OPTSTK,TATACHEM,28-Apr-2022,1060.0,PE,94.85,94.85,88.8,88.8,78.7,2,23.03,8000,-2000,18-APR-2022,
OPTSTK,TATACHEM,28-Apr-2022,1070.0,PE,0.0,0.0,0.0,183.55,87.1,0,0.0,0,0,18-APR-2022,
OPTSTK,TATACHEM,28-Apr-2022,1080.0,PE,0.0,0.0,0.0,191.3,95.8,0,0.0,0,0,18-APR-2022,
OPTSTK,TATACHEM,28-Apr-2022,1090.0,PE,0.0,0.0,0.0,199.2,104.7,0,0.0,0,0,18-APR-2022,
OPTSTK,TATACHEM,28-Apr-2022,1100.0,PE,0.0,0.0,0.0,122.5,113.8,0,0.0,5000,0,18-APR-2022,
OPTSTK,TATACHEM,28-Apr-2022,1110.0,PE,0.0,0.0,0.0,215.2,123.1,0,0.0,0,0,18-APR-2022,
OPTSTK,TATACHEM,28-Apr-2022,1120.0,PE,0.0,0.0,0.0,223.4,132.55,0,0.0,0,0,18-APR-2022,
OPTSTK,TATACHEM,28-Apr-2022,1130.0,PE,0.0,0.0,0.0,231.65,142.1,0,0.0,0,0,18-APR-2022,
OPTSTK,TATACHEM,28-Apr-2022,1140.0,PE,0.0,0.0,0.0,240.05,151.75,0,0.0,0,0,18-APR-2022,
OPTSTK,TATACHEM,28-Apr-2022,1150.0,PE,0.0,0.0,0.0,248.5,161.5,0,0.0,0,0,18-APR-2022,
OPTSTK,TATACHEM,28-Apr-2022,1160.0,PE,0.0,0.0,0.0,257.0,171.3,0,0.0,0,0,18-APR-2022,
OPTSTK,TATACHEM,28-Apr-2022,1170.0,PE,0.0,0.0,0.0,265.65,181.1,0,0.0,0,0,18-APR-2022,
OPTSTK,TATACHEM,28-Apr-2022,1180.0,PE,0.0,0.0,0.0,274.3,191.0,0,0.0,0,0,18-APR-2022,
OPTSTK,TATACHEM,28-Apr-2022,1190.0,PE,0.0,0.0,0.0,283.1,200.9,0,0.0,0,0,18-APR-2022,
OPTSTK,TATACHEM,28-Apr-2022,1200.0,PE,0.0,0.0,0.0,291.9,210.85,0,0.0,0,0,18-APR-2022,
OPTSTK,TATACHEM,28-Apr-2022,1210.0,PE,0.0,0.0,0.0,300.8,220.75,0,0.0,0,0,18-APR-2022,
OPTSTK,TATACHEM,28-Apr-2022,1220.0,PE,0.0,0.0,0.0,309.75,230.75,0,0.0,0,0,18-APR-2022,
OPTSTK,TATACHEM,28-Apr-2022,1230.0,PE,0.0,0.0,0.0,318.75,240.7,0,0.0,0,0,18-APR-2022,
OPTSTK,TATACHEM,28-Apr-2022,1240.0,PE,0.0,0.0,0.0,327.85,250.65,0,0.0,0,0,18-APR-2022,
OPTSTK,TATACHEM,28-Apr-2022,1250.0,PE,0.0,0.0,0.0,336.95,260.65,0,0.0,0,0,18-APR-2022,
OPTSTK,TATACHEM,26-May-2022,560.0,CE,0.0,0.0,0.0,235.8,430.5,0,0.0,0,0,18-APR-2022,
OPTSTK,TATACHEM,26-May-2022,570.0,CE,0.0,0.0,0.0,226.8,420.55,0,0.0,0,0,18-APR-2022,
OPTSTK,TATACHEM,26-May-2022,580.0,CE,0.0,0.0,0.0,217.9,410.6,0,0.0,0,0,18-APR-2022,
OPTSTK,TATACHEM,26-May-2022,590.0,CE,0.0,0.0,0.0,209.1,400.65,0,0.0,0,0,18-APR-2022,
OPTSTK,TATACHEM,26-May-2022,600.0,CE,0.0,0.0,0.0,200.5,390.7,0,0.0,0,0,18-APR-2022,
OPTSTK,TATACHEM,26-May-2022,610.0,CE,0.0,0.0,0.0,192.0,380.75,0,0.0,0,0,18-APR-2022,
OPTSTK,TATACHEM,26-May-2022,620.0,CE,0.0,0.0,0.0,183.7,370.8,0,0.0,0,0,18-APR-2022,
OPTSTK,TATACHEM,26-May-2022,630.0,CE,0.0,0.0,0.0,175.6,360.85,0,0.0,0,0,18-APR-2022,
OPTSTK,TATACHEM,26-May-2022,640.0,CE,0.0,0.0,0.0,167.65,350.9,0,0.0,0,0,18-APR-2022,
OPTSTK,TATACHEM,26-May-2022,650.0,CE,0.0,0.0,0.0,159.9,340.95,0,0.0,0,0,18-APR-2022,
OPTSTK,TATACHEM,26-May-2022,660.0,CE,0.0,0.0,0.0,152.35,331.05,0,0.0,0,0,18-APR-2022,
OPTSTK,TATACHEM,26-May-2022,670.0,CE,0.0,0.0,0.0,145.0,321.15,0,0.0,0,0,18-APR-2022,
OPTSTK,TATACHEM,26-May-2022,680.0,CE,0.0,0.0,0.0,137.85,311.25,0,0.0,0,0,18-APR-2022,
OPTSTK,TATACHEM,26-May-2022,690.0,CE,0.0,0.0,0.0,130.9,301.35,0,0.0,0,0,18-APR-2022,
OPTSTK,TATACHEM,26-May-2022,700.0,CE,0.0,0.0,0.0,124.15,291.5,0,0.0,0,0,18-APR-2022,
OPTSTK,TATACHEM,26-May-2022,710.0,CE,0.0,0.0,0.0,117.7,281.7,0,0.0,0,0,18-APR-2022,
OPTSTK,TATACHEM,26-May-2022,720.0,CE,0.0,0.0,0.0,111.45,271.9,0,0.0,0,0,18-APR-2022,
OPTSTK,TATACHEM,26-May-2022,730.0,CE,0.0,0.0,0.0,105.4,262.2,0,0.0,0,0,18-APR-2022,
OPTSTK,TATACHEM,26-May-2022,740.0,CE,0.0,0.0,0.0,99.6,252.5,0,0.0,0,0,18-APR-2022,
OPTSTK,TATACHEM,26-May-2022,750.0,CE,0.0,0.0,0.0,94.0,242.85,0,0.0,0,0,18-APR-2022,
OPTSTK,TATACHEM,26-May-2022,760.0,CE,0.0,0.0,0.0,88.65,233.3,0,0.0,0,0,18-APR-2022,
OPTSTK,TATACHEM,26-May-2022,770.0,CE,0.0,0.0,0.0,83.55,223.85,0,0.0,0,0,18-APR-2022,
OPTSTK,TATACHEM,26-May-2022,780.0,CE,0.0,0.0,0.0,78.65,214.45,0,0.0,0,0,18-APR-2022,
OPTSTK,TATACHEM,26-May-2022,790.0,CE,0.0,0.0,0.0,73.95,205.15,0,0.0,0,0,18-APR-2022,
OPTSTK,TATACHEM,26-May-2022,800.0,CE,0.0,0.0,0.0,69.5,196.0,0,0.0,0,0,18-APR-2022,
OPTSTK,TATACHEM,26-May-2022,810.0,CE,0.0,0.0,0.0,65.2,187.0,0,0.0,0,0,18-APR-2022,
OPTSTK,TATACHEM,26-May-2022,820.0,CE,0.0,0.0,0.0,61.15,178.1,0,0.0,0,0,18-APR-2022,
OPTSTK,TATACHEM,26-May-2022,830.0,CE,0.0,0.0,0.0,57.3,169.35,0,0.0,0,0,18-APR-2022,
OPTSTK,TATACHEM,26-May-2022,840.0,CE,0.0,0.0,0.0,53.65,160.8,0,0.0,0,0,18-APR-2022,
OPTSTK,TATACHEM,26-May-2022,850.0,CE,0.0,0.0,0.0,50.2,152.45,0,0.0,0,0,18-APR-2022,
OPTSTK,TATACHEM,26-May-2022,860.0,CE,0.0,0.0,0.0,46.9,144.25,0,0.0,0,0,18-APR-2022,
OPTSTK,TATACHEM,26-May-2022,870.0,CE,0.0,0.0,0.0,43.8,136.3,0,0.0,0,0,18-APR-2022,
OPTSTK,TATACHEM,26-May-2022,880.0,CE,0.0,0.0,0.0,40.9,128.55,0,0.0,0,0,18-APR-2022,
OPTSTK,TATACHEM,26-May-2022,890.0,CE,0.0,0.0,0.0,38.15,121.05,0,0.0,0,0,18-APR-2022,
OPTSTK,TATACHEM,26-May-2022,900.0,CE,0.0,0.0,0.0,35.55,113.75,0,0.0,0,0,18-APR-2022,
OPTSTK,TATACHEM,26-May-2022,910.0,CE,0.0,0.0,0.0,33.15,106.7,0,0.0,0,0,18-APR-2022,
OPTSTK,TATACHEM,26-May-2022,920.0,CE,0.0,0.0,0.0,30.85,99.9,0,0.0,0,0,18-APR-2022,
OPTSTK,TATACHEM,26-May-2022,930.0,CE,0.0,0.0,0.0,28.7,93.4,0,0.0,0,0,18-APR-2022,
OPTSTK,TATACHEM,26-May-2022,940.0,CE,0.0,0.0,0.0,26.65,87.15,0,0.0,0,0,18-APR-2022,
OPTSTK,TATACHEM,26-May-2022,950.0,CE,0.0,0.0,0.0,24.75,81.2,0,0.0,0,0,18-APR-2022,
OPTSTK,TATACHEM,26-May-2022,960.0,CE,66.1,66.1,55.45,55.45,75.5,2,20.41,1000,1000,18-APR-2022,
OPTSTK,TATACHEM,26-May-2022,970.0,CE,0.0,0.0,0.0,21.3,70.1,0,0.0,0,0,18-APR-2022,
OPTSTK,TATACHEM,26-May-2022,980.0,CE,0.0,0.0,0.0,19.75,64.95,0,0.0,0,0,18-APR-2022,
OPTSTK,TATACHEM,26-May-2022,990.0,CE,0.0,0.0,0.0,18.3,60.05,0,0.0,0,0,18-APR-2022,
OPTSTK,TATACHEM,26-May-2022,1000.0,CE,35.7,45.9,34.0,45.2,45.2,31,321.89,25000,12000,18-APR-2022,
OPTSTK,TATACHEM,26-May-2022,1010.0,CE,0.0,0.0,0.0,15.65,51.1,0,0.0,0,0,18-APR-2022,
OPTSTK,TATACHEM,26-May-2022,1020.0,CE,30.0,30.0,27.5,27.5,47.0,5,52.42,5000,5000,18-APR-2022,
OPTSTK,TATACHEM,26-May-2022,1030.0,CE,25.0,25.0,25.0,25.0,43.15,1,10.55,1000,1000,18-APR-2022,
OPTSTK,TATACHEM,26-May-2022,1040.0,CE,0.0,0.0,0.0,12.35,39.55,0,0.0,0,0,18-APR-2022,
OPTSTK,TATACHEM,26-May-2022,1050.0,CE,0.0,0.0,0.0,11.4,36.2,0,0.0,0,0,18-APR-2022,
OPTSTK,TATACHEM,26-May-2022,1060.0,CE,0.0,0.0,0.0,10.55,33.1,0,0.0,0,0,18-APR-2022,
OPTSTK,TATACHEM,26-May-2022,1070.0,CE,0.0,0.0,0.0,9.75,30.15,0,0.0,0,0,18-APR-2022,
OPTSTK,TATACHEM,26-May-2022,1080.0,CE,0.0,0.0,0.0,8.95,27.45,0,0.0,0,0,18-APR-2022,
OPTSTK,TATACHEM,26-May-2022,1090.0,CE,0.0,0.0,0.0,8.25,25.0,0,0.0,0,0,18-APR-2022,
OPTSTK,TATACHEM,26-May-2022,1100.0,CE,0.0,0.0,0.0,15.0,22.7,0,0.0,2000,0,18-APR-2022,
OPTSTK,TATACHEM,26-May-2022,1110.0,CE,0.0,0.0,0.0,7.0,20.55,0,0.0,0,0,18-APR-2022,
OPTSTK,TATACHEM,26-May-2022,1120.0,CE,0.0,0.0,0.0,6.45,18.6,0,0.0,0,0,18-APR-2022,
OPTSTK,TATACHEM,26-May-2022,1130.0,CE,0.0,0.0,0.0,5.95,16.8,0,0.0,0,0,18-APR-2022,
OPTSTK,TATACHEM,26-May-2022,1140.0,CE,0.0,0.0,0.0,5.45,15.15,0,0.0,0,0,18-APR-2022,
OPTSTK,TATACHEM,26-May-2022,1150.0,CE,0.0,0.0,0.0,5.0,13.65,0,0.0,0,0,18-APR-2022,
OPTSTK,TATACHEM,26-May-2022,1160.0,CE,0.0,0.0,0.0,4.6,12.3,0,0.0,0,0,18-APR-2022,
OPTSTK,TATACHEM,26-May-2022,1170.0,CE,0.0,0.0,0.0,4.25,11.05,0,0.0,0,0,18-APR-2022,
OPTSTK,TATACHEM,26-May-2022,1180.0,CE,0.0,0.0,0.0,7.2,9.9,0,0.0,0,0,18-APR-2022,
OPTSTK,TATACHEM,26-May-2022,1200.0,CE,0.0,0.0,0.0,10.0,7.9,0,0.0,2000,0,18-APR-2022,
OPTSTK,TATACHEM,26-May-2022,560.0,PE,0.0,0.0,0.0,4.35,0.0,0,0.0,0,0,18-APR-2022,
OPTSTK,TATACHEM,26-May-2022,570.0,PE,0.0,0.0,0.0,5.2,0.0,0,0.0,0,0,18-APR-2022,
OPTSTK,TATACHEM,26-May-2022,580.0,PE,0.0,0.0,0.0,6.2,0.0,0,0.0,0,0,18-APR-2022,
OPTSTK,TATACHEM,26-May-2022,590.0,PE,0.0,0.0,0.0,7.35,0.05,0,0.0,0,0,18-APR-2022,
OPTSTK,TATACHEM,26-May-2022,600.0,PE,0.0,0.0,0.0,8.6,0.05,0,0.0,0,0,18-APR-2022,
OPTSTK,TATACHEM,26-May-2022,610.0,PE,0.0,0.0,0.0,10.05,0.05,0,0.0,0,0,18-APR-2022,
OPTSTK,TATACHEM,26-May-2022,620.0,PE,0.0,0.0,0.0,11.65,0.05,0,0.0,0,0,18-APR-2022,
OPTSTK,TATACHEM,26-May-2022,630.0,PE,0.0,0.0,0.0,13.4,0.05,0,0.0,0,0,18-APR-2022,
OPTSTK,TATACHEM,26-May-2022,640.0,PE,0.0,0.0,0.0,15.35,0.1,0,0.0,0,0,18-APR-2022,
OPTSTK,TATACHEM,26-May-2022,650.0,PE,0.0,0.0,0.0,17.5,0.1,0,0.0,0,0,18-APR-2022,
OPTSTK,TATACHEM,26-May-2022,660.0,PE,0.0,0.0,0.0,19.8,0.15,0,0.0,0,0,18-APR-2022,
OPTSTK,TATACHEM,26-May-2022,670.0,PE,0.0,0.0,0.0,22.4,0.2,0,0.0,0,0,18-APR-2022,
OPTSTK,TATACHEM,26-May-2022,680.0,PE,0.0,0.0,0.0,25.15,0.25,0,0.0,0,0,18-APR-2022,
OPTSTK,TATACHEM,26-May-2022,690.0,PE,0.0,0.0,0.0,28.1,0.35,0,0.0,0,0,18-APR-2022,
OPTSTK,TATACHEM,26-May-2022,700.0,PE,0.0,0.0,0.0,31.25,0.45,0,0.0,0,0,18-APR-2022,
OPTSTK,TATACHEM,26-May-2022,710.0,PE,0.0,0.0,0.0,34.65,0.55,0,0.0,0,0,18-APR-2022,
OPTSTK,TATACHEM,26-May-2022,720.0,PE,0.0,0.0,0.0,38.3,0.75,0,0.0,0,0,18-APR-2022,
OPTSTK,TATACHEM,26-May-2022,730.0,PE,0.0,0.0,0.0,42.15,0.95,0,0.0,0,0,18-APR-2022,
OPTSTK,TATACHEM,26-May-2022,740.0,PE,0.0,0.0,0.0,46.25,1.2,0,0.0,0,0,18-APR-2022,
OPTSTK,TATACHEM,26-May-2022,750.0,PE,0.0,0.0,0.0,50.55,1.55,0,0.0,0,0,18-APR-2022,
OPTSTK,TATACHEM,26-May-2022,760.0,PE,0.0,0.0,0.0,55.1,1.95,0,0.0,0,0,18-APR-2022,
OPTSTK,TATACHEM,26-May-2022,770.0,PE,0.0,0.0,0.0,59.9,2.45,0,0.0,0,0,18-APR-2022,
OPTSTK,TATACHEM,26-May-2022,780.0,PE,0.0,0.0,0.0,64.85,3.0,0,0.0,0,0,18-APR-2022,
OPTSTK,TATACHEM,26-May-2022,790.0,PE,0.0,0.0,0.0,70.1,3.7,0,0.0,0,0,18-APR-2022,
OPTSTK,TATACHEM,26-May-2022,800.0,PE,2.9,2.9,2.9,2.9,4.5,1,8.02,3000,1000,18-APR-2022,
OPTSTK,TATACHEM,26-May-2022,810.0,PE,0.0,0.0,0.0,81.15,5.4,0,0.0,0,0,18-APR-2022,
OPTSTK,TATACHEM,26-May-2022,820.0,PE,0.0,0.0,0.0,87.0,6.45,0,0.0,0,0,18-APR-2022,
OPTSTK,TATACHEM,26-May-2022,830.0,PE,0.0,0.0,0.0,93.05,7.7,0,0.0,0,0,18-APR-2022,
OPTSTK,TATACHEM,26-May-2022,840.0,PE,6.9,6.9,6.9,6.9,9.1,1,8.46,1000,1000,18-APR-2022,
OPTSTK,TATACHEM,26-May-2022,850.0,PE,0.0,0.0,0.0,20.0,10.7,0,0.0,1000,0,18-APR-2022,
OPTSTK,TATACHEM,26-May-2022,860.0,PE,0.0,0.0,0.0,9.9,12.45,0,0.0,3000,0,18-APR-2022,
OPTSTK,TATACHEM,26-May-2022,870.0,PE,0.0,0.0,0.0,119.1,14.45,0,0.0,0,0,18-APR-2022,
OPTSTK,TATACHEM,26-May-2022,880.0,PE,0.0,0.0,0.0,126.1,16.65,0,0.0,0,0,18-APR-2022,
OPTSTK,TATACHEM,26-May-2022,890.0,PE,0.0,0.0,0.0,133.2,19.1,0,0.0,0,0,18-APR-2022,
OPTSTK,TATACHEM,26-May-2022,900.0,PE,19.0,20.0,18.0,18.1,21.8,31,284.7,38000,31000,18-APR-2022,
OPTSTK,TATACHEM,26-May-2022,910.0,PE,0.0,0.0,0.0,148.0,24.65,0,0.0,0,0,18-APR-2022,
OPTSTK,TATACHEM,26-May-2022,920.0,PE,0.0,0.0,0.0,155.6,27.85,0,0.0,0,0,18-APR-2022,
OPTSTK,TATACHEM,26-May-2022,930.0,PE,0.0,0.0,0.0,163.35,31.3,0,0.0,0,0,18-APR-2022,
OPTSTK,TATACHEM,26-May-2022,940.0,PE,0.0,0.0,0.0,171.25,35.0,0,0.0,0,0,18-APR-2022,
OPTSTK,TATACHEM,26-May-2022,950.0,PE,0.0,0.0,0.0,179.25,39.0,0,0.0,0,0,18-APR-2022,
OPTSTK,TATACHEM,26-May-2022,960.0,PE,0.0,0.0,0.0,187.3,43.25,0,0.0,0,0,18-APR-2022,
OPTSTK,TATACHEM,26-May-2022,970.0,PE,0.0,0.0,0.0,195.55,47.8,0,0.0,0,0,18-APR-2022,
OPTSTK,TATACHEM,26-May-2022,980.0,PE,0.0,0.0,0.0,203.9,52.6,0,0.0,0,0,18-APR-2022,
OPTSTK,TATACHEM,26-May-2022,990.0,PE,0.0,0.0,0.0,212.35,57.65,0,0.0,0,0,18-APR-2022,
OPTSTK,TATACHEM,26-May-2022,1000.0,PE,0.0,0.0,0.0,55.0,63.0,0,0.0,5000,0,18-APR-2022,
OPTSTK,TATACHEM,26-May-2022,1010.0,PE,0.0,0.0,0.0,229.5,68.65,0,0.0,0,0,18-APR-2022,
OPTSTK,TATACHEM,26-May-2022,1020.0,PE,0.0,0.0,0.0,238.2,74.5,0,0.0,0,0,18-APR-2022,
OPTSTK,TATACHEM,26-May-2022,1030.0,PE,0.0,0.0,0.0,247.0,80.6,0,0.0,0,0,18-APR-2022,
OPTSTK,TATACHEM,26-May-2022,1040.0,PE,0.0,0.0,0.0,255.9,86.95,0,0.0,0,0,18-APR-2022,
OPTSTK,TATACHEM,26-May-2022,1050.0,PE,0.0,0.0,0.0,264.85,93.55,0,0.0,0,0,18-APR-2022,
OPTSTK,TATACHEM,26-May-2022,1060.0,PE,0.0,0.0,0.0,273.85,100.4,0,0.0,0,0,18-APR-2022,
OPTSTK,TATACHEM,26-May-2022,1070.0,PE,0.0,0.0,0.0,282.95,107.45,0,0.0,0,0,18-APR-2022,
OPTSTK,TATACHEM,26-May-2022,1080.0,PE,0.0,0.0,0.0,292.05,114.7,0,0.0,0,0,18-APR-2022,
OPTSTK,TATACHEM,26-May-2022,1090.0,PE,0.0,0.0,0.0,301.25,122.2,0,0.0,0,0,18-APR-2022,
OPTSTK,TATACHEM,26-May-2022,1100.0,PE,0.0,0.0,0.0,310.5,129.85,0,0.0,0,0,18-APR-2022,
OPTSTK,TATACHEM,26-May-2022,1110.0,PE,0.0,0.0,0.0,319.8,137.65,0,0.0,0,0,18-APR-2022,
OPTSTK,TATACHEM,26-May-2022,1120.0,PE,0.0,0.0,0.0,329.15,145.65,0,0.0,0,0,18-APR-2022,
OPTSTK,TATACHEM,26-May-2022,1130.0,PE,0.0,0.0,0.0,338.5,153.8,0,0.0,0,0,18-APR-2022,
OPTSTK,TATACHEM,26-May-2022,1140.0,PE,0.0,0.0,0.0,347.95,162.15,0,0.0,0,0,18-APR-2022,
OPTSTK,TATACHEM,26-May-2022,1150.0,PE,0.0,0.0,0.0,357.4,170.6,0,0.0,0,0,18-APR-2022,
OPTSTK,TATACHEM,26-May-2022,1160.0,PE,0.0,0.0,0.0,366.85,179.15,0,0.0,0,0,18-APR-2022,
OPTSTK,TATACHEM,26-May-2022,1170.0,PE,0.0,0.0,0.0,376.4,187.85,0,0.0,0,0,18-APR-2022,
OPTSTK,TATACHEM,26-May-2022,1180.0,PE,0.0,0.0,0.0,348.85,196.7,0,0.0,0,0,18-APR-2022,
OPTSTK,TATACHEM,26-May-2022,1200.0,PE,0.0,0.0,0.0,367.65,214.6,0,0.0,0,0,18-APR-2022,
OPTSTK,TATACHEM,30-Jun-2022,580.0,CE,0.0,0.0,0.0,401.2,413.15,0,0.0,0,0,18-APR-2022,
OPTSTK,TATACHEM,30-Jun-2022,600.0,CE,0.0,0.0,0.0,381.85,393.45,0,0.0,0,0,18-APR-2022,
OPTSTK,TATACHEM,30-Jun-2022,620.0,CE,0.0,0.0,0.0,362.6,373.9,0,0.0,0,0,18-APR-2022,
OPTSTK,TATACHEM,30-Jun-2022,640.0,CE,0.0,0.0,0.0,343.55,354.4,0,0.0,0,0,18-APR-2022,
OPTSTK,TATACHEM,30-Jun-2022,660.0,CE,0.0,0.0,0.0,324.75,335.05,0,0.0,0,0,18-APR-2022,
OPTSTK,TATACHEM,30-Jun-2022,680.0,CE,0.0,0.0,0.0,306.25,315.95,0,0.0,0,0,18-APR-2022,
OPTSTK,TATACHEM,30-Jun-2022,700.0,CE,0.0,0.0,0.0,288.1,297.05,0,0.0,0,0,18-APR-2022,
OPTSTK,TATACHEM,30-Jun-2022,720.0,CE,0.0,0.0,0.0,270.3,278.5,0,0.0,0,0,18-APR-2022,
OPTSTK,TATACHEM,30-Jun-2022,740.0,CE,0.0,0.0,0.0,253.0,260.25,0,0.0,0,0,18-APR-2022,
OPTSTK,TATACHEM,30-Jun-2022,760.0,CE,0.0,0.0,0.0,236.2,242.5,0,0.0,0,0,18-APR-2022,
OPTSTK,TATACHEM,30-Jun-2022,780.0,CE,0.0,0.0,0.0,219.9,225.2,0,0.0,0,0,18-APR-2022,
OPTSTK,TATACHEM,30-Jun-2022,800.0,CE,0.0,0.0,0.0,204.2,208.45,0,0.0,0,0,18-APR-2022,
OPTSTK,TATACHEM,30-Jun-2022,820.0,CE,0.0,0.0,0.0,189.15,192.3,0,0.0,0,0,18-APR-2022,
OPTSTK,TATACHEM,30-Jun-2022,840.0,CE,0.0,0.0,0.0,174.75,176.8,0,0.0,0,0,18-APR-2022,
OPTSTK,TATACHEM,30-Jun-2022,860.0,CE,0.0,0.0,0.0,161.0,162.0,0,0.0,0,0,18-APR-2022,
OPTSTK,TATACHEM,30-Jun-2022,880.0,CE,0.0,0.0,0.0,147.9,147.95,0,0.0,0,0,18-APR-2022,
OPTSTK,TATACHEM,30-Jun-2022,900.0,CE,0.0,0.0,0.0,135.6,134.6,0,0.0,0,0,18-APR-2022,
OPTSTK,TATACHEM,30-Jun-2022,920.0,CE,0.0,0.0,0.0,124.0,122.1,0,0.0,0,0,18-APR-2022,
OPTSTK,TATACHEM,30-Jun-2022,940.0,CE,0.0,0.0,0.0,113.15,110.35,0,0.0,0,0,18-APR-2022,
OPTSTK,TATACHEM,30-Jun-2022,960.0,CE,0.0,0.0,0.0,102.95,99.45,0,0.0,0,0,18-APR-2022,
OPTSTK,TATACHEM,30-Jun-2022,980.0,CE,0.0,0.0,0.0,93.5,89.3,0,0.0,0,0,18-APR-2022,
OPTSTK,TATACHEM,30-Jun-2022,1000.0,CE,0.0,0.0,0.0,51.5,80.0,0,0.0,2000,0,18-APR-2022,
OPTSTK,TATACHEM,30-Jun-2022,1020.0,CE,0.0,0.0,0.0,76.55,71.4,0,0.0,0,0,18-APR-2022,
OPTSTK,TATACHEM,30-Jun-2022,1040.0,CE,0.0,0.0,0.0,69.05,63.55,0,0.0,0,0,18-APR-2022,
OPTSTK,TATACHEM,30-Jun-2022,1060.0,CE,0.0,0.0,0.0,62.2,56.4,0,0.0,0,0,18-APR-2022,
OPTSTK,TATACHEM,30-Jun-2022,1080.0,CE,0.0,0.0,0.0,55.85,49.9,0,0.0,0,0,18-APR-2022,
OPTSTK,TATACHEM,30-Jun-2022,1100.0,CE,0.0,0.0,0.0,50.1,44.0,0,0.0,0,0,18-APR-2022,
OPTSTK,TATACHEM,30-Jun-2022,1120.0,CE,0.0,0.0,0.0,44.9,38.8,0,0.0,0,0,18-APR-2022,
OPTSTK,TATACHEM,30-Jun-2022,1140.0,CE,0.0,0.0,0.0,40.1,34.05,0,0.0,0,0,18-APR-2022,
OPTSTK,TATACHEM,30-Jun-2022,1160.0,CE,0.0,0.0,0.0,35.8,29.85,0,0.0,0,0,18-APR-2022,
OPTSTK,TATACHEM,30-Jun-2022,1180.0,CE,0.0,0.0,0.0,31.9,26.05,0,0.0,0,0,18-APR-2022,
OPTSTK,TATACHEM,30-Jun-2022,1200.0,CE,0.0,0.0,0.0,28.35,22.7,0,0.0,0,0,18-APR-2022,
OPTSTK,TATACHEM,30-Jun-2022,580.0,PE,0.0,0.0,0.0,0.75,0.25,0,0.0,0,0,18-APR-2022,
OPTSTK,TATACHEM,30-Jun-2022,600.0,PE,0.0,0.0,0.0,1.15,0.4,0,0.0,0,0,18-APR-2022,
OPTSTK,TATACHEM,30-Jun-2022,620.0,PE,0.0,0.0,0.0,1.7,0.65,0,0.0,0,0,18-APR-2022,
OPTSTK,TATACHEM,30-Jun-2022,640.0,PE,0.0,0.0,0.0,2.45,1.0,0,0.0,0,0,18-APR-2022,
OPTSTK,TATACHEM,30-Jun-2022,660.0,PE,0.0,0.0,0.0,3.45,1.5,0,0.0,0,0,18-APR-2022,
OPTSTK,TATACHEM,30-Jun-2022,680.0,PE,0.0,0.0,0.0,4.75,2.2,0,0.0,0,0,18-APR-2022,
OPTSTK,TATACHEM,30-Jun-2022,700.0,PE,0.0,0.0,0.0,6.4,3.15,0,0.0,0,0,18-APR-2022,
OPTSTK,TATACHEM,30-Jun-2022,720.0,PE,0.0,0.0,0.0,8.4,4.4,0,0.0,0,0,18-APR-2022,
OPTSTK,TATACHEM,30-Jun-2022,740.0,PE,0.0,0.0,0.0,10.85,6.0,0,0.0,0,0,18-APR-2022,
OPTSTK,TATACHEM,30-Jun-2022,760.0,PE,0.0,0.0,0.0,13.85,8.05,0,0.0,0,0,18-APR-2022,
OPTSTK,TATACHEM,30-Jun-2022,780.0,PE,0.0,0.0,0.0,17.35,10.6,0,0.0,0,0,18-APR-2022,
OPTSTK,TATACHEM,30-Jun-2022,800.0,PE,0.0,0.0,0.0,21.45,13.65,0,0.0,0,0,18-APR-2022,
OPTSTK,TATACHEM,30-Jun-2022,820.0,PE,0.0,0.0,0.0,26.2,17.35,0,0.0,0,0,18-APR-2022,
OPTSTK,TATACHEM,30-Jun-2022,840.0,PE,0.0,0.0,0.0,31.55,21.65,0,0.0,0,0,18-APR-2022,
OPTSTK,TATACHEM,30-Jun-2022,860.0,PE,0.0,0.0,0.0,37.6,26.7,0,0.0,0,0,18-APR-2022,
OPTSTK,TATACHEM,30-Jun-2022,880.0,PE,0.0,0.0,0.0,44.3,32.5,0,0.0,0,0,18-APR-2022,
OPTSTK,TATACHEM,30-Jun-2022,900.0,PE,0.0,0.0,0.0,36.0,38.95,0,0.0,2000,0,18-APR-2022,
OPTSTK,TATACHEM,30-Jun-2022,920.0,PE,0.0,0.0,0.0,60.0,46.3,0,0.0,0,0,18-APR-2022,
OPTSTK,TATACHEM,30-Jun-2022,940.0,PE,0.0,0.0,0.0,68.9,54.4,0,0.0,0,0,18-APR-2022,
OPTSTK,TATACHEM,30-Jun-2022,960.0,PE,0.0,0.0,0.0,78.5,63.3,0,0.0,0,0,18-APR-2022,
OPTSTK,TATACHEM,30-Jun-2022,980.0,PE,0.0,0.0,0.0,88.85,73.05,0,0.0,0,0,18-APR-2022,
OPTSTK,TATACHEM,30-Jun-2022,1000.0,PE,0.0,0.0,0.0,99.85,83.5,0,0.0,0,0,18-APR-2022,
OPTSTK,TATACHEM,30-Jun-2022,1020.0,PE,0.0,0.0,0.0,111.5,94.75,0,0.0,0,0,18-APR-2022,
OPTSTK,TATACHEM,30-Jun-2022,1040.0,PE,0.0,0.0,0.0,123.8,106.75,0,0.0,0,0,18-APR-2022,
OPTSTK,TATACHEM,30-Jun-2022,1060.0,PE,0.0,0.0,0.0,136.7,119.4,0,0.0,0,0,18-APR-2022,
OPTSTK,TATACHEM,30-Jun-2022,1080.0,PE,0.0,0.0,0.0,150.15,132.75,0,0.0,0,0,18-APR-2022,
OPTSTK,TATACHEM,30-Jun-2022,1100.0,PE,0.0,0.0,0.0,164.2,146.7,0,0.0,0,0,18-APR-2022,
OPTSTK,TATACHEM,30-Jun-2022,1120.0,PE,0.0,0.0,0.0,178.75,161.3,0,0.0,0,0,18-APR-2022,
OPTSTK,TATACHEM,30-Jun-2022,1140.0,PE,0.0,0.0,0.0,193.8,176.4,0,0.0,0,0,18-APR-2022,
OPTSTK,TATACHEM,30-Jun-2022,1160.0,PE,0.0,0.0,0.0,209.25,192.05,0,0.0,0,0,18-APR-2022,
OPTSTK,TATACHEM,30-Jun-2022,1180.0,PE,0.0,0.0,0.0,225.15,208.05,0,0.0,0,0,18-APR-2022,
OPTSTK,TATACHEM,30-Jun-2022,1200.0,PE,0.0,0.0,0.0,241.35,224.55,0,0.0,0,0,18-APR-2022,
OPTSTK,TATACOMM,28-Apr-2022,840.0,CE,0.0,0.0,0.0,450.25,468.6,0,0.0,0,0,18-APR-2022,
OPTSTK,TATACOMM,28-Apr-2022,860.0,CE,0.0,0.0,0.0,431.45,448.65,0,0.0,0,0,18-APR-2022,
OPTSTK,TATACOMM,28-Apr-2022,880.0,CE,0.0,0.0,0.0,412.9,428.65,0,0.0,0,0,18-APR-2022,
OPTSTK,TATACOMM,28-Apr-2022,900.0,CE,0.0,0.0,0.0,394.55,408.7,0,0.0,0,0,18-APR-2022,
OPTSTK,TATACOMM,28-Apr-2022,920.0,CE,0.0,0.0,0.0,376.5,388.7,0,0.0,0,0,18-APR-2022,
OPTSTK,TATACOMM,28-Apr-2022,940.0,CE,0.0,0.0,0.0,358.75,368.75,0,0.0,0,0,18-APR-2022,
OPTSTK,TATACOMM,28-Apr-2022,960.0,CE,0.0,0.0,0.0,341.35,348.75,0,0.0,0,0,18-APR-2022,
OPTSTK,TATACOMM,28-Apr-2022,980.0,CE,0.0,0.0,0.0,324.3,328.75,0,0.0,0,0,18-APR-2022,
OPTSTK,TATACOMM,28-Apr-2022,1000.0,CE,0.0,0.0,0.0,307.65,308.8,0,0.0,0,0,18-APR-2022,
OPTSTK,TATACOMM,28-Apr-2022,1020.0,CE,0.0,0.0,0.0,291.4,288.85,0,0.0,0,0,18-APR-2022,
OPTSTK,TATACOMM,28-Apr-2022,1040.0,CE,0.0,0.0,0.0,275.65,268.85,0,0.0,0,0,18-APR-2022,
OPTSTK,TATACOMM,28-Apr-2022,1060.0,CE,0.0,0.0,0.0,260.3,248.95,0,0.0,0,0,18-APR-2022,
OPTSTK,TATACOMM,28-Apr-2022,1080.0,CE,0.0,0.0,0.0,245.5,229.05,0,0.0,0,0,18-APR-2022,
OPTSTK,TATACOMM,28-Apr-2022,1100.0,CE,0.0,0.0,0.0,231.15,209.25,0,0.0,0,0,18-APR-2022,
OPTSTK,TATACOMM,28-Apr-2022,1120.0,CE,0.0,0.0,0.0,217.3,189.65,0,0.0,0,0,18-APR-2022,
OPTSTK,TATACOMM,28-Apr-2022,1140.0,CE,0.0,0.0,0.0,203.95,170.25,0,0.0,0,0,18-APR-2022,
OPTSTK,TATACOMM,28-Apr-2022,1160.0,CE,147.5,147.5,147.5,147.5,151.25,1,5.23,2400,0,18-APR-2022,
OPTSTK,TATACOMM,28-Apr-2022,1180.0,CE,138.85,138.85,138.85,138.85,132.8,1,5.27,6400,400,18-APR-2022,
OPTSTK,TATACOMM,28-Apr-2022,1200.0,CE,102.5,122.2,100.0,108.15,115.1,15,78.52,44800,-2400,18-APR-2022,
OPTSTK,TATACOMM,28-Apr-2022,1220.0,CE,100.3,100.3,100.3,100.3,98.35,1,5.28,15600,400,18-APR-2022,
OPTSTK,TATACOMM,28-Apr-2022,1240.0,CE,90.6,90.6,81.7,83.65,83.65,7,37.1,38000,-800,18-APR-2022,
OPTSTK,TATACOMM,28-Apr-2022,1260.0,CE,63.75,77.6,63.75,68.95,68.95,6,31.93,28400,-1600,18-APR-2022,
OPTSTK,TATACOMM,28-Apr-2022,1280.0,CE,45.0,66.6,45.0,59.15,59.15,35,186.91,53200,1600,18-APR-2022,
OPTSTK,TATACOMM,28-Apr-2022,1300.0,CE,38.0,55.7,30.0,50.05,50.05,640,3443.89,126400,10000,18-APR-2022,
OPTSTK,TATACOMM,28-Apr-2022,1320.0,CE,29.0,45.8,27.3,40.3,40.3,258,1401.08,55600,5200,18-APR-2022,
OPTSTK,TATACOMM,28-Apr-2022,1340.0,CE,20.45,36.45,18.65,32.0,32.0,451,2469.39,164800,-5600,18-APR-2022,
OPTSTK,TATACOMM,28-Apr-2022,1360.0,CE,17.0,29.4,15.0,25.35,25.35,417,2306.74,166400,-9600,18-APR-2022,
OPTSTK,TATACOMM,28-Apr-2022,1380.0,CE,12.0,23.0,11.85,20.3,20.3,473,2644.3,128400,-24000,18-APR-2022,
OPTSTK,TATACOMM,28-Apr-2022,1400.0,CE,12.75,18.45,7.9,15.65,15.65,1484,8392.77,477600,-1200,18-APR-2022,
OPTSTK,TATACOMM,28-Apr-2022,1420.0,CE,9.0,14.3,3.5,12.2,12.2,125,715.51,73600,7200,18-APR-2022,
OPTSTK,TATACOMM,28-Apr-2022,1440.0,CE,5.65,12.05,4.6,9.35,9.35,295,1709.11,86800,6000,18-APR-2022,
OPTSTK,TATACOMM,28-Apr-2022,1460.0,CE,3.4,9.55,3.35,7.2,7.2,43,252.32,38000,-4400,18-APR-2022,
OPTSTK,TATACOMM,28-Apr-2022,1480.0,CE,5.25,8.0,4.85,4.85,2.45,20,118.89,11600,-4800,18-APR-2022,
OPTSTK,TATACOMM,28-Apr-2022,1500.0,CE,5.6,6.75,3.0,4.9,4.9,329,1980.12,128400,-7200,18-APR-2022,
OPTSTK,TATACOMM,28-Apr-2022,1520.0,CE,4.35,5.0,3.1,5.0,1.05,8,48.77,5200,0,18-APR-2022,
OPTSTK,TATACOMM,28-Apr-2022,1540.0,CE,3.0,3.4,2.7,3.4,0.7,4,24.68,10800,0,18-APR-2022,
OPTSTK,TATACOMM,28-Apr-2022,1560.0,CE,4.8,4.8,2.6,3.2,3.2,3,18.76,24000,-400,18-APR-2022,
OPTSTK,TATACOMM,28-Apr-2022,1580.0,CE,0.0,0.0,0.0,2.05,0.25,0,0.0,1200,0,18-APR-2022,
OPTSTK,TATACOMM,28-Apr-2022,1600.0,CE,1.5,4.0,1.15,1.35,1.35,70,448.53,53600,-10800,18-APR-2022,
OPTSTK,TATACOMM,28-Apr-2022,1620.0,CE,0.5,0.5,0.5,0.5,0.1,1,6.48,1200,-400,18-APR-2022,
OPTSTK,TATACOMM,28-Apr-2022,1640.0,CE,0.0,0.0,0.0,8.35,0.05,0,0.0,400,0,18-APR-2022,
OPTSTK,TATACOMM,28-Apr-2022,1660.0,CE,0.0,0.0,0.0,25.65,0.05,0,0.0,0,0,18-APR-2022,
OPTSTK,TATACOMM,28-Apr-2022,1680.0,CE,0.0,0.0,0.0,23.4,0.05,0,0.0,0,0,18-APR-2022,
OPTSTK,TATACOMM,28-Apr-2022,1700.0,CE,0.0,0.0,0.0,0.8,0.05,0,0.0,13200,0,18-APR-2022,
OPTSTK,TATACOMM,28-Apr-2022,1720.0,CE,0.0,0.0,0.0,19.35,0.05,0,0.0,0,0,18-APR-2022,
OPTSTK,TATACOMM,28-Apr-2022,1740.0,CE,0.0,0.0,0.0,17.6,0.0,0,0.0,0,0,18-APR-2022,
OPTSTK,TATACOMM,28-Apr-2022,1760.0,CE,0.0,0.0,0.0,5.3,0.0,0,0.0,400,0,18-APR-2022,
OPTSTK,TATACOMM,28-Apr-2022,1780.0,CE,0.0,0.0,0.0,14.55,0.0,0,0.0,0,0,18-APR-2022,
OPTSTK,TATACOMM,28-Apr-2022,1800.0,CE,0.0,0.0,0.0,3.2,0.0,0,0.0,400,0,18-APR-2022,
OPTSTK,TATACOMM,28-Apr-2022,1820.0,CE,0.0,0.0,0.0,3.15,0.0,0,0.0,400,0,18-APR-2022,
OPTSTK,TATACOMM,28-Apr-2022,1840.0,CE,0.0,0.0,0.0,10.85,0.0,0,0.0,0,0,18-APR-2022,
OPTSTK,TATACOMM,28-Apr-2022,840.0,PE,0.0,0.0,0.0,3.4,0.0,0,0.0,0,0,18-APR-2022,
OPTSTK,TATACOMM,28-Apr-2022,860.0,PE,0.0,0.0,0.0,4.4,0.0,0,0.0,0,0,18-APR-2022,
OPTSTK,TATACOMM,28-Apr-2022,880.0,PE,0.0,0.0,0.0,5.6,0.0,0,0.0,0,0,18-APR-2022,
OPTSTK,TATACOMM,28-Apr-2022,900.0,PE,0.0,0.0,0.0,7.1,0.0,0,0.0,0,0,18-APR-2022,
OPTSTK,TATACOMM,28-Apr-2022,920.0,PE,0.0,0.0,0.0,8.8,0.0,0,0.0,0,0,18-APR-2022,
OPTSTK,TATACOMM,28-Apr-2022,940.0,PE,0.0,0.0,0.0,10.85,0.0,0,0.0,0,0,18-APR-2022,
OPTSTK,TATACOMM,28-Apr-2022,960.0,PE,0.0,0.0,0.0,13.25,0.0,0,0.0,0,0,18-APR-2022,
OPTSTK,TATACOMM,28-Apr-2022,980.0,PE,0.0,0.0,0.0,16.0,0.0,0,0.0,0,0,18-APR-2022,
OPTSTK,TATACOMM,28-Apr-2022,1000.0,PE,0.0,0.0,0.0,2.5,0.0,0,0.0,4000,0,18-APR-2022,
OPTSTK,TATACOMM,28-Apr-2022,1020.0,PE,0.15,0.15,0.15,0.15,0.05,1,4.08,1600,-400,18-APR-2022,
OPTSTK,TATACOMM,28-Apr-2022,1040.0,PE,0.0,0.0,0.0,1.6,0.05,0,0.0,5600,0,18-APR-2022,
OPTSTK,TATACOMM,28-Apr-2022,1060.0,PE,0.0,0.0,0.0,1.5,0.1,0,0.0,8400,0,18-APR-2022,
OPTSTK,TATACOMM,28-Apr-2022,1080.0,PE,0.0,0.0,0.0,15.0,0.2,0,0.0,2800,0,18-APR-2022,
OPTSTK,TATACOMM,28-Apr-2022,1100.0,PE,3.15,5.0,1.55,3.9,3.9,31,136.73,45200,-9600,18-APR-2022,
OPTSTK,TATACOMM,28-Apr-2022,1120.0,PE,0.0,0.0,0.0,6.0,0.75,0,0.0,800,0,18-APR-2022,
OPTSTK,TATACOMM,28-Apr-2022,1140.0,PE,0.0,0.0,0.0,6.0,1.35,0,0.0,1200,0,18-APR-2022,
OPTSTK,TATACOMM,28-Apr-2022,1160.0,PE,7.0,7.3,3.75,4.15,4.15,43,200.34,39200,-2800,18-APR-2022,
OPTSTK,TATACOMM,28-Apr-2022,1180.0,PE,9.45,9.6,7.0,7.0,3.85,22,104.56,13600,1200,18-APR-2022,
OPTSTK,TATACOMM,28-Apr-2022,1200.0,PE,14.45,17.85,7.7,11.15,11.15,297,1439.76,140400,-16800,18-APR-2022,
OPTSTK,TATACOMM,28-Apr-2022,1220.0,PE,19.6,20.7,9.1,17.0,17.0,10,49.47,30800,-800,18-APR-2022,
OPTSTK,TATACOMM,28-Apr-2022,1240.0,PE,27.0,27.0,14.5,14.65,14.65,22,110.91,22000,800,18-APR-2022,
OPTSTK,TATACOMM,28-Apr-2022,1260.0,PE,33.65,35.6,19.6,20.6,20.6,79,406.24,42400,-7600,18-APR-2022,
OPTSTK,TATACOMM,28-Apr-2022,1280.0,PE,43.65,46.25,25.85,29.6,29.6,98,515.2,66400,-2800,18-APR-2022,
OPTSTK,TATACOMM,28-Apr-2022,1300.0,PE,56.95,64.4,32.0,37.5,37.5,157,843.05,100800,2400,18-APR-2022,
OPTSTK,TATACOMM,28-Apr-2022,1320.0,PE,61.95,61.95,43.0,45.4,45.4,35,191.66,14400,0,18-APR-2022,
OPTSTK,TATACOMM,28-Apr-2022,1340.0,PE,58.95,69.35,58.95,69.3,57.65,3,16.87,22800,-400,18-APR-2022,
OPTSTK,TATACOMM,28-Apr-2022,1360.0,PE,92.65,92.65,72.05,72.05,71.0,15,86.66,32000,2400,18-APR-2022,
OPTSTK,TATACOMM,28-Apr-2022,1380.0,PE,93.75,100.1,81.55,91.15,91.15,9,52.94,7600,-400,18-APR-2022,
OPTSTK,TATACOMM,28-Apr-2022,1400.0,PE,127.9,127.95,105.75,105.75,101.6,10,60.86,34400,-2000,18-APR-2022,
OPTSTK,TATACOMM,28-Apr-2022,1420.0,PE,142.25,142.25,142.25,142.25,118.45,1,6.24,1600,0,18-APR-2022,
OPTSTK,TATACOMM,28-Apr-2022,1440.0,PE,0.0,0.0,0.0,214.3,136.1,0,0.0,0,0,18-APR-2022,
OPTSTK,TATACOMM,28-Apr-2022,1460.0,PE,0.0,0.0,0.0,228.7,154.4,0,0.0,0,0,18-APR-2022,
OPTSTK,TATACOMM,28-Apr-2022,1480.0,PE,0.0,0.0,0.0,170.95,173.15,0,0.0,400,0,18-APR-2022,
OPTSTK,TATACOMM,28-Apr-2022,1500.0,PE,0.0,0.0,0.0,204.65,192.3,0,0.0,1600,0,18-APR-2022,
OPTSTK,TATACOMM,28-Apr-2022,1520.0,PE,0.0,0.0,0.0,274.15,211.7,0,0.0,0,0,18-APR-2022,
OPTSTK,TATACOMM,28-Apr-2022,1540.0,PE,0.0,0.0,0.0,289.95,231.3,0,0.0,0,0,18-APR-2022,
OPTSTK,TATACOMM,28-Apr-2022,1560.0,PE,0.0,0.0,0.0,306.0,251.0,0,0.0,0,0,18-APR-2022,
OPTSTK,TATACOMM,28-Apr-2022,1580.0,PE,0.0,0.0,0.0,322.35,270.85,0,0.0,0,0,18-APR-2022,
OPTSTK,TATACOMM,28-Apr-2022,1600.0,PE,0.0,0.0,0.0,338.95,290.7,0,0.0,0,0,18-APR-2022,
OPTSTK,TATACOMM,28-Apr-2022,1620.0,PE,0.0,0.0,0.0,355.85,310.65,0,0.0,0,0,18-APR-2022,
OPTSTK,TATACOMM,28-Apr-2022,1640.0,PE,0.0,0.0,0.0,372.95,330.6,0,0.0,0,0,18-APR-2022,
OPTSTK,TATACOMM,28-Apr-2022,1660.0,PE,0.0,0.0,0.0,390.25,350.55,0,0.0,0,0,18-APR-2022,
OPTSTK,TATACOMM,28-Apr-2022,1680.0,PE,0.0,0.0,0.0,407.8,370.5,0,0.0,0,0,18-APR-2022,
OPTSTK,TATACOMM,28-Apr-2022,1700.0,PE,0.0,0.0,0.0,425.5,390.45,0,0.0,0,0,18-APR-2022,
OPTSTK,TATACOMM,28-Apr-2022,1720.0,PE,0.0,0.0,0.0,443.35,410.45,0,0.0,0,0,18-APR-2022,
OPTSTK,TATACOMM,28-Apr-2022,1740.0,PE,0.0,0.0,0.0,461.4,430.4,0,0.0,0,0,18-APR-2022,
OPTSTK,TATACOMM,28-Apr-2022,1760.0,PE,0.0,0.0,0.0,479.6,450.4,0,0.0,0,0,18-APR-2022,
OPTSTK,TATACOMM,28-Apr-2022,1780.0,PE,0.0,0.0,0.0,497.9,470.35,0,0.0,0,0,18-APR-2022,
OPTSTK,TATACOMM,28-Apr-2022,1800.0,PE,0.0,0.0,0.0,516.35,490.35,0,0.0,0,0,18-APR-2022,
OPTSTK,TATACOMM,28-Apr-2022,1820.0,PE,0.0,0.0,0.0,534.9,510.3,0,0.0,0,0,18-APR-2022,
OPTSTK,TATACOMM,28-Apr-2022,1840.0,PE,0.0,0.0,0.0,553.6,530.3,0,0.0,0,0,18-APR-2022,
OPTSTK,TATACOMM,26-May-2022,840.0,CE,0.0,0.0,0.0,313.15,471.45,0,0.0,0,0,18-APR-2022,
OPTSTK,TATACOMM,26-May-2022,860.0,CE,0.0,0.0,0.0,295.8,451.55,0,0.0,0,0,18-APR-2022,
OPTSTK,TATACOMM,26-May-2022,880.0,CE,0.0,0.0,0.0,278.8,431.75,0,0.0,0,0,18-APR-2022,
OPTSTK,TATACOMM,26-May-2022,900.0,CE,0.0,0.0,0.0,262.3,411.95,0,0.0,0,0,18-APR-2022,
OPTSTK,TATACOMM,26-May-2022,920.0,CE,0.0,0.0,0.0,246.3,392.2,0,0.0,0,0,18-APR-2022,
OPTSTK,TATACOMM,26-May-2022,940.0,CE,0.0,0.0,0.0,230.8,372.55,0,0.0,0,0,18-APR-2022,
OPTSTK,TATACOMM,26-May-2022,960.0,CE,0.0,0.0,0.0,215.9,353.0,0,0.0,0,0,18-APR-2022,
OPTSTK,TATACOMM,26-May-2022,980.0,CE,0.0,0.0,0.0,201.5,333.55,0,0.0,0,0,18-APR-2022,
OPTSTK,TATACOMM,26-May-2022,1000.0,CE,0.0,0.0,0.0,187.7,314.35,0,0.0,0,0,18-APR-2022,
OPTSTK,TATACOMM,26-May-2022,1020.0,CE,0.0,0.0,0.0,174.45,295.35,0,0.0,0,0,18-APR-2022,
OPTSTK,TATACOMM,26-May-2022,1040.0,CE,0.0,0.0,0.0,161.9,276.65,0,0.0,0,0,18-APR-2022,
OPTSTK,TATACOMM,26-May-2022,1060.0,CE,0.0,0.0,0.0,150.0,258.25,0,0.0,0,0,18-APR-2022,
OPTSTK,TATACOMM,26-May-2022,1080.0,CE,0.0,0.0,0.0,138.65,240.25,0,0.0,0,0,18-APR-2022,
OPTSTK,TATACOMM,26-May-2022,1100.0,CE,0.0,0.0,0.0,127.95,222.75,0,0.0,0,0,18-APR-2022,
OPTSTK,TATACOMM,26-May-2022,1120.0,CE,0.0,0.0,0.0,117.9,205.75,0,0.0,0,0,18-APR-2022,
OPTSTK,TATACOMM,26-May-2022,1140.0,CE,0.0,0.0,0.0,108.4,189.3,0,0.0,0,0,18-APR-2022,
OPTSTK,TATACOMM,26-May-2022,1160.0,CE,0.0,0.0,0.0,99.5,173.55,0,0.0,0,0,18-APR-2022,
OPTSTK,TATACOMM,26-May-2022,1180.0,CE,0.0,0.0,0.0,91.2,158.45,0,0.0,0,0,18-APR-2022,
OPTSTK,TATACOMM,26-May-2022,1200.0,CE,0.0,0.0,0.0,83.45,144.1,0,0.0,0,0,18-APR-2022,
OPTSTK,TATACOMM,26-May-2022,1220.0,CE,0.0,0.0,0.0,76.25,130.4,0,0.0,0,0,18-APR-2022,
OPTSTK,TATACOMM,26-May-2022,1240.0,CE,0.0,0.0,0.0,69.55,117.6,0,0.0,0,0,18-APR-2022,
OPTSTK,TATACOMM,26-May-2022,1260.0,CE,0.0,0.0,0.0,63.35,105.65,0,0.0,0,0,18-APR-2022,
OPTSTK,TATACOMM,26-May-2022,1280.0,CE,0.0,0.0,0.0,57.6,94.5,0,0.0,0,0,18-APR-2022,
OPTSTK,TATACOMM,26-May-2022,1300.0,CE,0.0,0.0,0.0,52.35,84.15,0,0.0,0,0,18-APR-2022,
OPTSTK,TATACOMM,26-May-2022,1320.0,CE,0.0,0.0,0.0,47.5,74.65,0,0.0,0,0,18-APR-2022,
OPTSTK,TATACOMM,26-May-2022,1340.0,CE,0.0,0.0,0.0,43.05,65.95,0,0.0,0,0,18-APR-2022,
OPTSTK,TATACOMM,26-May-2022,1360.0,CE,0.0,0.0,0.0,39.0,58.05,0,0.0,0,0,18-APR-2022,
OPTSTK,TATACOMM,26-May-2022,1380.0,CE,0.0,0.0,0.0,35.2,50.85,0,0.0,0,0,18-APR-2022,
OPTSTK,TATACOMM,26-May-2022,1400.0,CE,42.0,48.0,42.0,48.0,44.4,2,11.56,9200,400,18-APR-2022,
OPTSTK,TATACOMM,26-May-2022,1420.0,CE,0.0,0.0,0.0,28.65,38.6,0,0.0,0,0,18-APR-2022,
OPTSTK,TATACOMM,26-May-2022,1440.0,CE,0.0,0.0,0.0,25.8,33.5,0,0.0,0,0,18-APR-2022,
OPTSTK,TATACOMM,26-May-2022,1460.0,CE,0.0,0.0,0.0,23.2,28.9,0,0.0,0,0,18-APR-2022,
OPTSTK,TATACOMM,26-May-2022,1480.0,CE,0.0,0.0,0.0,20.85,24.85,0,0.0,0,0,18-APR-2022,
OPTSTK,TATACOMM,26-May-2022,1500.0,CE,22.6,22.95,22.6,22.95,21.25,2,12.18,1600,400,18-APR-2022,
OPTSTK,TATACOMM,26-May-2022,1520.0,CE,0.0,0.0,0.0,16.8,18.15,0,0.0,0,0,18-APR-2022,
OPTSTK,TATACOMM,26-May-2022,1540.0,CE,0.0,0.0,0.0,15.05,15.45,0,0.0,0,0,18-APR-2022,
OPTSTK,TATACOMM,26-May-2022,1560.0,CE,0.0,0.0,0.0,13.45,13.1,0,0.0,0,0,18-APR-2022,
OPTSTK,TATACOMM,26-May-2022,1580.0,CE,0.0,0.0,0.0,12.05,11.05,0,0.0,0,0,18-APR-2022,
OPTSTK,TATACOMM,26-May-2022,1600.0,CE,0.0,0.0,0.0,25.05,9.35,0,0.0,400,0,18-APR-2022,
OPTSTK,TATACOMM,26-May-2022,1620.0,CE,0.0,0.0,0.0,9.6,7.85,0,0.0,0,0,18-APR-2022,
OPTSTK,TATACOMM,26-May-2022,1640.0,CE,0.0,0.0,0.0,8.6,6.55,0,0.0,0,0,18-APR-2022,
OPTSTK,TATACOMM,26-May-2022,1660.0,CE,0.0,0.0,0.0,7.65,5.5,0,0.0,0,0,18-APR-2022,
OPTSTK,TATACOMM,26-May-2022,1680.0,CE,0.0,0.0,0.0,6.8,4.55,0,0.0,0,0,18-APR-2022,
OPTSTK,TATACOMM,26-May-2022,1700.0,CE,0.0,0.0,0.0,6.05,3.8,0,0.0,0,0,18-APR-2022,
OPTSTK,TATACOMM,26-May-2022,840.0,PE,0.0,0.0,0.0,9.55,0.1,0,0.0,0,0,18-APR-2022,
OPTSTK,TATACOMM,26-May-2022,860.0,PE,0.0,0.0,0.0,12.0,0.1,0,0.0,0,0,18-APR-2022,
OPTSTK,TATACOMM,26-May-2022,880.0,PE,0.0,0.0,0.0,14.8,0.2,0,0.0,0,0,18-APR-2022,
OPTSTK,TATACOMM,26-May-2022,900.0,PE,0.0,0.0,0.0,18.1,0.3,0,0.0,0,0,18-APR-2022,
OPTSTK,TATACOMM,26-May-2022,920.0,PE,0.0,0.0,0.0,21.85,0.5,0,0.0,0,0,18-APR-2022,
OPTSTK,TATACOMM,26-May-2022,940.0,PE,0.0,0.0,0.0,26.15,0.75,0,0.0,0,0,18-APR-2022,
OPTSTK,TATACOMM,26-May-2022,960.0,PE,0.0,0.0,0.0,31.05,1.1,0,0.0,0,0,18-APR-2022,
OPTSTK,TATACOMM,26-May-2022,980.0,PE,0.0,0.0,0.0,36.45,1.6,0,0.0,0,0,18-APR-2022,
OPTSTK,TATACOMM,26-May-2022,1000.0,PE,0.0,0.0,0.0,42.45,2.3,0,0.0,0,0,18-APR-2022,
OPTSTK,TATACOMM,26-May-2022,1020.0,PE,0.0,0.0,0.0,49.0,3.2,0,0.0,0,0,18-APR-2022,
OPTSTK,TATACOMM,26-May-2022,1040.0,PE,0.0,0.0,0.0,56.25,4.4,0,0.0,0,0,18-APR-2022,
OPTSTK,TATACOMM,26-May-2022,1060.0,PE,0.0,0.0,0.0,64.1,5.9,0,0.0,0,0,18-APR-2022,
OPTSTK,TATACOMM,26-May-2022,1080.0,PE,0.0,0.0,0.0,72.55,7.85,0,0.0,0,0,18-APR-2022,
OPTSTK,TATACOMM,26-May-2022,1100.0,PE,0.0,0.0,0.0,40.0,10.25,0,0.0,400,0,18-APR-2022,
OPTSTK,TATACOMM,26-May-2022,1120.0,PE,0.0,0.0,0.0,91.35,13.15,0,0.0,0,0,18-APR-2022,
OPTSTK,TATACOMM,26-May-2022,1140.0,PE,0.0,0.0,0.0,101.7,16.65,0,0.0,0,0,18-APR-2022,
OPTSTK,TATACOMM,26-May-2022,1160.0,PE,0.0,0.0,0.0,112.6,20.75,0,0.0,0,0,18-APR-2022,
OPTSTK,TATACOMM,26-May-2022,1180.0,PE,0.0,0.0,0.0,124.05,25.6,0,0.0,0,0,18-APR-2022,
OPTSTK,TATACOMM,26-May-2022,1200.0,PE,0.0,0.0,0.0,42.0,31.15,0,0.0,800,0,18-APR-2022,
OPTSTK,TATACOMM,26-May-2022,1220.0,PE,0.0,0.0,0.0,148.7,37.4,0,0.0,0,0,18-APR-2022,
OPTSTK,TATACOMM,26-May-2022,1240.0,PE,0.0,0.0,0.0,161.8,44.5,0,0.0,0,0,18-APR-2022,
OPTSTK,TATACOMM,26-May-2022,1260.0,PE,0.0,0.0,0.0,38.55,52.45,0,0.0,400,0,18-APR-2022,
OPTSTK,TATACOMM,26-May-2022,1280.0,PE,0.0,0.0,0.0,189.4,61.2,0,0.0,0,0,18-APR-2022,
OPTSTK,TATACOMM,26-May-2022,1300.0,PE,65.0,65.0,65.0,65.0,65.0,3,16.38,1600,1200,18-APR-2022,
OPTSTK,TATACOMM,26-May-2022,1320.0,PE,0.0,0.0,0.0,218.9,81.2,0,0.0,0,0,18-APR-2022,
OPTSTK,TATACOMM,26-May-2022,1340.0,PE,0.0,0.0,0.0,234.25,92.4,0,0.0,0,0,18-APR-2022,
OPTSTK,TATACOMM,26-May-2022,1360.0,PE,0.0,0.0,0.0,249.95,104.35,0,0.0,0,0,18-APR-2022,
OPTSTK,TATACOMM,26-May-2022,1380.0,PE,0.0,0.0,0.0,265.95,117.1,0,0.0,0,0,18-APR-2022,
OPTSTK,TATACOMM,26-May-2022,1400.0,PE,133.0,133.0,133.0,133.0,130.55,1,6.13,400,400,18-APR-2022,
OPTSTK,TATACOMM,26-May-2022,1420.0,PE,0.0,0.0,0.0,299.0,144.65,0,0.0,0,0,18-APR-2022,
OPTSTK,TATACOMM,26-May-2022,1440.0,PE,0.0,0.0,0.0,315.9,159.5,0,0.0,0,0,18-APR-2022,
OPTSTK,TATACOMM,26-May-2022,1460.0,PE,0.0,0.0,0.0,333.1,174.85,0,0.0,0,0,18-APR-2022,
OPTSTK,TATACOMM,26-May-2022,1480.0,PE,0.0,0.0,0.0,350.55,190.65,0,0.0,0,0,18-APR-2022,
OPTSTK,TATACOMM,26-May-2022,1500.0,PE,0.0,0.0,0.0,368.2,207.0,0,0.0,0,0,18-APR-2022,
OPTSTK,TATACOMM,26-May-2022,1520.0,PE,0.0,0.0,0.0,386.1,223.8,0,0.0,0,0,18-APR-2022,
OPTSTK,TATACOMM,26-May-2022,1540.0,PE,0.0,0.0,0.0,404.15,241.0,0,0.0,0,0,18-APR-2022,
OPTSTK,TATACOMM,26-May-2022,1560.0,PE,0.0,0.0,0.0,422.35,258.55,0,0.0,0,0,18-APR-2022,
OPTSTK,TATACOMM,26-May-2022,1580.0,PE,0.0,0.0,0.0,440.7,276.45,0,0.0,0,0,18-APR-2022,
OPTSTK,TATACOMM,26-May-2022,1600.0,PE,0.0,0.0,0.0,459.2,294.6,0,0.0,0,0,18-APR-2022,
OPTSTK,TATACOMM,26-May-2022,1620.0,PE,0.0,0.0,0.0,477.85,313.05,0,0.0,0,0,18-APR-2022,
OPTSTK,TATACOMM,26-May-2022,1640.0,PE,0.0,0.0,0.0,496.6,331.65,0,0.0,0,0,18-APR-2022,
OPTSTK,TATACOMM,26-May-2022,1660.0,PE,0.0,0.0,0.0,515.5,350.5,0,0.0,0,0,18-APR-2022,
OPTSTK,TATACOMM,26-May-2022,1680.0,PE,0.0,0.0,0.0,534.45,369.5,0,0.0,0,0,18-APR-2022,
OPTSTK,TATACOMM,26-May-2022,1700.0,PE,0.0,0.0,0.0,553.5,388.65,0,0.0,0,0,18-APR-2022,
OPTSTK,TATACOMM,30-Jun-2022,840.0,CE,0.0,0.0,0.0,401.75,475.9,0,0.0,0,0,18-APR-2022,
OPTSTK,TATACOMM,30-Jun-2022,860.0,CE,0.0,0.0,0.0,383.2,456.5,0,0.0,0,0,18-APR-2022,
OPTSTK,TATACOMM,30-Jun-2022,880.0,CE,0.0,0.0,0.0,364.9,437.2,0,0.0,0,0,18-APR-2022,
OPTSTK,TATACOMM,30-Jun-2022,900.0,CE,0.0,0.0,0.0,346.95,418.1,0,0.0,0,0,18-APR-2022,
OPTSTK,TATACOMM,30-Jun-2022,920.0,CE,0.0,0.0,0.0,329.3,399.15,0,0.0,0,0,18-APR-2022,
OPTSTK,TATACOMM,30-Jun-2022,940.0,CE,0.0,0.0,0.0,312.05,380.45,0,0.0,0,0,18-APR-2022,
OPTSTK,TATACOMM,30-Jun-2022,960.0,CE,0.0,0.0,0.0,295.15,362.0,0,0.0,0,0,18-APR-2022,
OPTSTK,TATACOMM,30-Jun-2022,980.0,CE,0.0,0.0,0.0,278.75,343.8,0,0.0,0,0,18-APR-2022,
OPTSTK,TATACOMM,30-Jun-2022,1000.0,CE,0.0,0.0,0.0,262.75,325.95,0,0.0,0,0,18-APR-2022,
OPTSTK,TATACOMM,30-Jun-2022,1020.0,CE,0.0,0.0,0.0,247.25,308.45,0,0.0,0,0,18-APR-2022,
OPTSTK,TATACOMM,30-Jun-2022,1040.0,CE,0.0,0.0,0.0,232.3,291.35,0,0.0,0,0,18-APR-2022,
OPTSTK,TATACOMM,30-Jun-2022,1060.0,CE,0.0,0.0,0.0,217.85,274.7,0,0.0,0,0,18-APR-2022,
OPTSTK,TATACOMM,30-Jun-2022,1080.0,CE,0.0,0.0,0.0,203.95,258.45,0,0.0,0,0,18-APR-2022,
OPTSTK,TATACOMM,30-Jun-2022,1100.0,CE,0.0,0.0,0.0,190.55,242.7,0,0.0,0,0,18-APR-2022,
OPTSTK,TATACOMM,30-Jun-2022,1120.0,CE,0.0,0.0,0.0,177.8,227.5,0,0.0,0,0,18-APR-2022,
OPTSTK,TATACOMM,30-Jun-2022,1140.0,CE,0.0,0.0,0.0,165.6,212.85,0,0.0,0,0,18-APR-2022,
OPTSTK,TATACOMM,30-Jun-2022,1160.0,CE,0.0,0.0,0.0,154.0,198.7,0,0.0,0,0,18-APR-2022,
OPTSTK,TATACOMM,30-Jun-2022,1180.0,CE,0.0,0.0,0.0,142.95,185.1,0,0.0,0,0,18-APR-2022,
OPTSTK,TATACOMM,30-Jun-2022,1200.0,CE,0.0,0.0,0.0,132.55,172.15,0,0.0,0,0,18-APR-2022,
OPTSTK,TATACOMM,30-Jun-2022,1220.0,CE,0.0,0.0,0.0,122.65,159.75,0,0.0,0,0,18-APR-2022,
OPTSTK,TATACOMM,30-Jun-2022,1240.0,CE,0.0,0.0,0.0,113.35,148.0,0,0.0,0,0,18-APR-2022,
OPTSTK,TATACOMM,30-Jun-2022,1260.0,CE,0.0,0.0,0.0,104.6,136.9,0,0.0,0,0,18-APR-2022,
OPTSTK,TATACOMM,30-Jun-2022,1280.0,CE,0.0,0.0,0.0,96.35,126.35,0,0.0,0,0,18-APR-2022,
OPTSTK,TATACOMM,30-Jun-2022,1300.0,CE,0.0,0.0,0.0,88.65,116.4,0,0.0,0,0,18-APR-2022,
OPTSTK,TATACOMM,30-Jun-2022,1320.0,CE,0.0,0.0,0.0,81.45,107.05,0,0.0,0,0,18-APR-2022,
OPTSTK,TATACOMM,30-Jun-2022,1340.0,CE,0.0,0.0,0.0,74.7,98.25,0,0.0,0,0,18-APR-2022,
OPTSTK,TATACOMM,30-Jun-2022,1360.0,CE,0.0,0.0,0.0,68.45,90.05,0,0.0,0,0,18-APR-2022,
OPTSTK,TATACOMM,30-Jun-2022,1380.0,CE,0.0,0.0,0.0,62.65,82.35,0,0.0,0,0,18-APR-2022,
OPTSTK,TATACOMM,30-Jun-2022,1400.0,CE,0.0,0.0,0.0,57.25,75.2,0,0.0,0,0,18-APR-2022,
OPTSTK,TATACOMM,30-Jun-2022,1420.0,CE,0.0,0.0,0.0,52.35,68.6,0,0.0,0,0,18-APR-2022,
OPTSTK,TATACOMM,30-Jun-2022,1440.0,CE,0.0,0.0,0.0,47.75,62.4,0,0.0,0,0,18-APR-2022,
OPTSTK,TATACOMM,30-Jun-2022,1460.0,CE,0.0,0.0,0.0,43.5,56.75,0,0.0,0,0,18-APR-2022,
OPTSTK,TATACOMM,30-Jun-2022,1480.0,CE,0.0,0.0,0.0,39.6,51.5,0,0.0,0,0,18-APR-2022,
OPTSTK,TATACOMM,30-Jun-2022,1500.0,CE,0.0,0.0,0.0,35.95,46.7,0,0.0,0,0,18-APR-2022,
OPTSTK,TATACOMM,30-Jun-2022,1520.0,CE,0.0,0.0,0.0,32.6,42.3,0,0.0,0,0,18-APR-2022,
OPTSTK,TATACOMM,30-Jun-2022,1540.0,CE,0.0,0.0,0.0,29.6,38.25,0,0.0,0,0,18-APR-2022,
OPTSTK,TATACOMM,30-Jun-2022,1560.0,CE,0.0,0.0,0.0,26.8,34.45,0,0.0,0,0,18-APR-2022,
OPTSTK,TATACOMM,30-Jun-2022,1580.0,CE,0.0,0.0,0.0,24.25,31.05,0,0.0,0,0,18-APR-2022,
OPTSTK,TATACOMM,30-Jun-2022,1600.0,CE,0.0,0.0,0.0,21.95,27.95,0,0.0,0,0,18-APR-2022,
OPTSTK,TATACOMM,30-Jun-2022,1620.0,CE,0.0,0.0,0.0,19.85,25.15,0,0.0,0,0,18-APR-2022,
OPTSTK,TATACOMM,30-Jun-2022,1640.0,CE,0.0,0.0,0.0,17.9,22.55,0,0.0,0,0,18-APR-2022,
OPTSTK,TATACOMM,30-Jun-2022,1660.0,CE,0.0,0.0,0.0,16.15,20.25,0,0.0,0,0,18-APR-2022,
OPTSTK,TATACOMM,30-Jun-2022,1680.0,CE,0.0,0.0,0.0,14.55,18.1,0,0.0,0,0,18-APR-2022,
OPTSTK,TATACOMM,30-Jun-2022,1700.0,CE,0.0,0.0,0.0,13.1,16.2,0,0.0,0,0,18-APR-2022,
OPTSTK,TATACOMM,30-Jun-2022,840.0,PE,0.0,0.0,0.0,4.3,1.1,0,0.0,0,0,18-APR-2022,
OPTSTK,TATACOMM,30-Jun-2022,860.0,PE,0.0,0.0,0.0,5.55,1.55,0,0.0,0,0,18-APR-2022,
OPTSTK,TATACOMM,30-Jun-2022,880.0,PE,0.0,0.0,0.0,7.05,2.1,0,0.0,0,0,18-APR-2022,
OPTSTK,TATACOMM,30-Jun-2022,900.0,PE,0.0,0.0,0.0,8.9,2.85,0,0.0,0,0,18-APR-2022,
OPTSTK,TATACOMM,30-Jun-2022,920.0,PE,0.0,0.0,0.0,11.05,3.75,0,0.0,0,0,18-APR-2022,
OPTSTK,TATACOMM,30-Jun-2022,940.0,PE,0.0,0.0,0.0,13.55,4.85,0,0.0,0,0,18-APR-2022,
OPTSTK,TATACOMM,30-Jun-2022,960.0,PE,0.0,0.0,0.0,16.5,6.2,0,0.0,0,0,18-APR-2022,
OPTSTK,TATACOMM,30-Jun-2022,980.0,PE,0.0,0.0,0.0,19.85,7.85,0,0.0,0,0,18-APR-2022,
OPTSTK,TATACOMM,30-Jun-2022,1000.0,PE,0.0,0.0,0.0,23.65,9.85,0,0.0,0,0,18-APR-2022,
OPTSTK,TATACOMM,30-Jun-2022,1020.0,PE,0.0,0.0,0.0,27.95,12.2,0,0.0,0,0,18-APR-2022,
OPTSTK,TATACOMM,30-Jun-2022,1040.0,PE,0.0,0.0,0.0,32.8,14.9,0,0.0,0,0,18-APR-2022,
OPTSTK,TATACOMM,30-Jun-2022,1060.0,PE,0.0,0.0,0.0,38.1,18.05,0,0.0,0,0,18-APR-2022,
OPTSTK,TATACOMM,30-Jun-2022,1080.0,PE,0.0,0.0,0.0,44.0,21.65,0,0.0,0,0,18-APR-2022,
OPTSTK,TATACOMM,30-Jun-2022,1100.0,PE,0.0,0.0,0.0,50.4,25.75,0,0.0,0,0,18-APR-2022,
OPTSTK,TATACOMM,30-Jun-2022,1120.0,PE,0.0,0.0,0.0,57.4,30.35,0,0.0,0,0,18-APR-2022,
OPTSTK,TATACOMM,30-Jun-2022,1140.0,PE,0.0,0.0,0.0,65.0,35.55,0,0.0,0,0,18-APR-2022,
OPTSTK,TATACOMM,30-Jun-2022,1160.0,PE,0.0,0.0,0.0,73.2,41.25,0,0.0,0,0,18-APR-2022,
OPTSTK,TATACOMM,30-Jun-2022,1180.0,PE,0.0,0.0,0.0,81.95,47.45,0,0.0,0,0,18-APR-2022,
OPTSTK,TATACOMM,30-Jun-2022,1200.0,PE,0.0,0.0,0.0,91.3,54.3,0,0.0,0,0,18-APR-2022,
OPTSTK,TATACOMM,30-Jun-2022,1220.0,PE,0.0,0.0,0.0,101.2,61.8,0,0.0,0,0,18-APR-2022,
OPTSTK,TATACOMM,30-Jun-2022,1240.0,PE,0.0,0.0,0.0,111.7,69.9,0,0.0,0,0,18-APR-2022,
OPTSTK,TATACOMM,30-Jun-2022,1260.0,PE,0.0,0.0,0.0,122.75,78.55,0,0.0,0,0,18-APR-2022,
OPTSTK,TATACOMM,30-Jun-2022,1280.0,PE,0.0,0.0,0.0,134.3,87.85,0,0.0,0,0,18-APR-2022,
OPTSTK,TATACOMM,30-Jun-2022,1300.0,PE,0.0,0.0,0.0,146.4,97.75,0,0.0,0,0,18-APR-2022,
OPTSTK,TATACOMM,30-Jun-2022,1320.0,PE,0.0,0.0,0.0,158.95,108.2,0,0.0,0,0,18-APR-2022,
OPTSTK,TATACOMM,30-Jun-2022,1340.0,PE,0.0,0.0,0.0,172.05,119.25,0,0.0,0,0,18-APR-2022,
OPTSTK,TATACOMM,30-Jun-2022,1360.0,PE,0.0,0.0,0.0,185.55,130.85,0,0.0,0,0,18-APR-2022,
OPTSTK,TATACOMM,30-Jun-2022,1380.0,PE,0.0,0.0,0.0,199.55,143.05,0,0.0,0,0,18-APR-2022,
OPTSTK,TATACOMM,30-Jun-2022,1400.0,PE,0.0,0.0,0.0,213.95,155.7,0,0.0,0,0,18-APR-2022,
OPTSTK,TATACOMM,30-Jun-2022,1420.0,PE,0.0,0.0,0.0,228.8,168.9,0,0.0,0,0,18-APR-2022,
OPTSTK,TATACOMM,30-Jun-2022,1440.0,PE,0.0,0.0,0.0,244.0,182.6,0,0.0,0,0,18-APR-2022,
OPTSTK,TATACOMM,30-Jun-2022,1460.0,PE,0.0,0.0,0.0,259.55,196.7,0,0.0,0,0,18-APR-2022,
OPTSTK,TATACOMM,30-Jun-2022,1480.0,PE,0.0,0.0,0.0,275.4,211.3,0,0.0,0,0,18-APR-2022,
OPTSTK,TATACOMM,30-Jun-2022,1500.0,PE,0.0,0.0,0.0,291.55,226.4,0,0.0,0,0,18-APR-2022,
OPTSTK,TATACOMM,30-Jun-2022,1520.0,PE,0.0,0.0,0.0,308.05,241.8,0,0.0,0,0,18-APR-2022,
OPTSTK,TATACOMM,30-Jun-2022,1540.0,PE,0.0,0.0,0.0,324.8,257.55,0,0.0,0,0,18-APR-2022,
OPTSTK,TATACOMM,30-Jun-2022,1560.0,PE,0.0,0.0,0.0,341.8,273.6,0,0.0,0,0,18-APR-2022,
OPTSTK,TATACOMM,30-Jun-2022,1580.0,PE,0.0,0.0,0.0,359.05,290.05,0,0.0,0,0,18-APR-2022,
OPTSTK,TATACOMM,30-Jun-2022,1600.0,PE,0.0,0.0,0.0,376.55,306.75,0,0.0,0,0,18-APR-2022,
OPTSTK,TATACOMM,30-Jun-2022,1620.0,PE,0.0,0.0,0.0,394.2,323.75,0,0.0,0,0,18-APR-2022,
OPTSTK,TATACOMM,30-Jun-2022,1640.0,PE,0.0,0.0,0.0,412.05,341.05,0,0.0,0,0,18-APR-2022,
OPTSTK,TATACOMM,30-Jun-2022,1660.0,PE,0.0,0.0,0.0,430.1,358.55,0,0.0,0,0,18-APR-2022,
OPTSTK,TATACOMM,30-Jun-2022,1680.0,PE,0.0,0.0,0.0,448.3,376.25,0,0.0,0,0,18-APR-2022,
OPTSTK,TATACOMM,30-Jun-2022,1700.0,PE,0.0,0.0,0.0,466.65,394.15,0,0.0,0,0,18-APR-2022,
OPTSTK,TATACONSUM,28-Apr-2022,510.0,CE,0.0,0.0,0.0,202.7,312.9,0,0.0,0,0,18-APR-2022,
OPTSTK,TATACONSUM,28-Apr-2022,520.0,CE,0.0,0.0,0.0,193.25,302.9,0,0.0,0,0,18-APR-2022,
OPTSTK,TATACONSUM,28-Apr-2022,530.0,CE,0.0,0.0,0.0,183.9,292.9,0,0.0,0,0,18-APR-2022,
OPTSTK,TATACONSUM,28-Apr-2022,540.0,CE,0.0,0.0,0.0,174.7,282.95,0,0.0,0,0,18-APR-2022,
OPTSTK,TATACONSUM,28-Apr-2022,550.0,CE,0.0,0.0,0.0,165.65,272.95,0,0.0,0,0,18-APR-2022,
OPTSTK,TATACONSUM,28-Apr-2022,560.0,CE,0.0,0.0,0.0,156.75,262.95,0,0.0,0,0,18-APR-2022,
OPTSTK,TATACONSUM,28-Apr-2022,570.0,CE,0.0,0.0,0.0,148.0,252.95,0,0.0,0,0,18-APR-2022,
OPTSTK,TATACONSUM,28-Apr-2022,580.0,CE,0.0,0.0,0.0,139.5,242.95,0,0.0,0,0,18-APR-2022,
OPTSTK,TATACONSUM,28-Apr-2022,590.0,CE,0.0,0.0,0.0,131.2,233.0,0,0.0,0,0,18-APR-2022,
OPTSTK,TATACONSUM,28-Apr-2022,600.0,CE,0.0,0.0,0.0,123.1,223.0,0,0.0,0,0,18-APR-2022,
OPTSTK,TATACONSUM,28-Apr-2022,610.0,CE,0.0,0.0,0.0,115.3,213.0,0,0.0,0,0,18-APR-2022,
OPTSTK,TATACONSUM,28-Apr-2022,620.0,CE,0.0,0.0,0.0,107.7,203.0,0,0.0,0,0,18-APR-2022,
OPTSTK,TATACONSUM,28-Apr-2022,630.0,CE,0.0,0.0,0.0,100.45,193.05,0,0.0,0,0,18-APR-2022,
OPTSTK,TATACONSUM,28-Apr-2022,640.0,CE,0.0,0.0,0.0,93.45,183.05,0,0.0,0,0,18-APR-2022,
OPTSTK,TATACONSUM,28-Apr-2022,650.0,CE,0.0,0.0,0.0,86.7,173.05,0,0.0,0,0,18-APR-2022,
OPTSTK,TATACONSUM,28-Apr-2022,660.0,CE,0.0,0.0,0.0,80.3,163.05,0,0.0,0,0,18-APR-2022,
OPTSTK,TATACONSUM,28-Apr-2022,670.0,CE,0.0,0.0,0.0,74.2,153.1,0,0.0,0,0,18-APR-2022,
OPTSTK,TATACONSUM,28-Apr-2022,680.0,CE,0.0,0.0,0.0,26.9,143.1,0,0.0,675,0,18-APR-2022,
OPTSTK,TATACONSUM,28-Apr-2022,690.0,CE,0.0,0.0,0.0,63.0,133.1,0,0.0,0,0,18-APR-2022,
OPTSTK,TATACONSUM,28-Apr-2022,700.0,CE,0.0,0.0,0.0,123.3,123.15,0,0.0,20250,0,18-APR-2022,
OPTSTK,TATACONSUM,28-Apr-2022,710.0,CE,0.0,0.0,0.0,53.0,113.25,0,0.0,0,0,18-APR-2022,
OPTSTK,TATACONSUM,28-Apr-2022,720.0,CE,0.0,0.0,0.0,102.7,103.35,0,0.0,8100,0,18-APR-2022,
OPTSTK,TATACONSUM,28-Apr-2022,730.0,CE,0.0,0.0,0.0,83.65,93.6,0,0.0,5400,0,18-APR-2022,
OPTSTK,TATACONSUM,28-Apr-2022,740.0,CE,0.0,0.0,0.0,84.75,83.95,0,0.0,29025,0,18-APR-2022,
OPTSTK,TATACONSUM,28-Apr-2022,750.0,CE,73.3,73.3,73.3,73.3,73.3,2,11.11,63450,-675,18-APR-2022,
OPTSTK,TATACONSUM,28-Apr-2022,760.0,CE,61.75,65.7,58.75,65.7,65.7,22,121.99,77625,-8775,18-APR-2022,
OPTSTK,TATACONSUM,28-Apr-2022,770.0,CE,54.0,58.1,47.0,58.1,58.1,26,144.48,70875,-12825,18-APR-2022,
OPTSTK,TATACONSUM,28-Apr-2022,780.0,CE,39.95,47.65,39.45,47.65,47.65,42,233.29,150525,-10125,18-APR-2022,
OPTSTK,TATACONSUM,28-Apr-2022,790.0,CE,35.45,37.95,35.45,36.45,40.65,11,61.36,70875,-675,18-APR-2022,
OPTSTK,TATACONSUM,28-Apr-2022,800.0,CE,25.0,34.2,23.2,32.3,32.3,304,1699.96,245025,-6075,18-APR-2022,
OPTSTK,TATACONSUM,28-Apr-2022,810.0,CE,19.05,26.35,17.4,25.35,25.35,577,3237.48,187650,-43200,18-APR-2022,
OPTSTK,TATACONSUM,28-Apr-2022,820.0,CE,22.0,22.0,12.5,19.05,19.05,1981,11191.03,546750,15525,18-APR-2022,
OPTSTK,TATACONSUM,28-Apr-2022,830.0,CE,11.05,14.9,8.55,13.6,13.6,1082,6150.95,240300,12825,18-APR-2022,
OPTSTK,TATACONSUM,28-Apr-2022,840.0,CE,6.95,10.35,5.75,9.2,9.2,682,3904.03,306450,6750,18-APR-2022,
OPTSTK,TATACONSUM,28-Apr-2022,850.0,CE,4.6,6.95,3.8,5.8,5.8,938,5415.09,737775,21600,18-APR-2022,
OPTSTK,TATACONSUM,28-Apr-2022,860.0,CE,3.2,4.75,2.55,4.0,4.0,443,2582.23,142425,-12825,18-APR-2022,
OPTSTK,TATACONSUM,28-Apr-2022,870.0,CE,2.7,3.3,1.95,2.7,2.7,432,2544.78,136350,72900,18-APR-2022,
OPTSTK,TATACONSUM,28-Apr-2022,880.0,CE,2.0,2.5,1.55,2.1,2.1,270,1607.38,137025,-6750,18-APR-2022,
OPTSTK,TATACONSUM,28-Apr-2022,890.0,CE,1.6,1.95,1.25,1.65,1.65,222,1335.97,79650,7425,18-APR-2022,
OPTSTK,TATACONSUM,28-Apr-2022,900.0,CE,1.6,3.45,1.05,1.45,1.45,384,2336.31,282825,31050,18-APR-2022,
OPTSTK,TATACONSUM,28-Apr-2022,910.0,CE,1.2,1.35,0.85,1.15,1.15,59,362.82,74250,4725,18-APR-2022,
OPTSTK,TATACONSUM,28-Apr-2022,920.0,CE,1.0,1.1,0.7,1.0,1.0,157,975.84,94500,8775,18-APR-2022,
OPTSTK,TATACONSUM,28-Apr-2022,930.0,CE,0.0,0.0,0.0,2.4,0.5,0,0.0,675,0,18-APR-2022,
OPTSTK,TATACONSUM,28-Apr-2022,940.0,CE,0.0,0.0,0.0,4.25,0.3,0,0.0,0,0,18-APR-2022,
OPTSTK,TATACONSUM,28-Apr-2022,950.0,CE,0.75,0.75,0.45,0.7,0.7,125,802.07,92475,7425,18-APR-2022,
OPTSTK,TATACONSUM,28-Apr-2022,960.0,CE,0.4,0.65,0.4,0.65,0.65,15,97.25,35100,8775,18-APR-2022,
OPTSTK,TATACONSUM,28-Apr-2022,970.0,CE,0.0,0.0,0.0,2.9,0.1,0,0.0,0,0,18-APR-2022,
OPTSTK,TATACONSUM,28-Apr-2022,980.0,CE,0.45,0.55,0.45,0.5,0.05,12,79.42,70200,675,18-APR-2022,
OPTSTK,TATACONSUM,28-Apr-2022,990.0,CE,0.0,0.0,0.0,0.55,0.05,0,0.0,1350,0,18-APR-2022,
OPTSTK,TATACONSUM,28-Apr-2022,1000.0,CE,0.4,0.55,0.2,0.45,0.05,5,33.76,35100,-675,18-APR-2022,
OPTSTK,TATACONSUM,28-Apr-2022,1010.0,CE,0.55,0.55,0.55,0.55,0.05,3,20.46,7425,0,18-APR-2022,
OPTSTK,TATACONSUM,28-Apr-2022,510.0,PE,1.6,1.6,1.6,1.6,0.0,1,3.45,2025,675,18-APR-2022,
OPTSTK,TATACONSUM,28-Apr-2022,520.0,PE,0.0,0.0,0.0,1.85,0.0,0,0.0,675,0,18-APR-2022,
OPTSTK,TATACONSUM,28-Apr-2022,530.0,PE,0.0,0.0,0.0,2.45,0.0,0,0.0,0,0,18-APR-2022,
OPTSTK,TATACONSUM,28-Apr-2022,540.0,PE,0.0,0.0,0.0,3.15,0.0,0,0.0,0,0,18-APR-2022,
OPTSTK,TATACONSUM,28-Apr-2022,550.0,PE,0.0,0.0,0.0,3.95,0.0,0,0.0,0,0,18-APR-2022,
OPTSTK,TATACONSUM,28-Apr-2022,560.0,PE,0.0,0.0,0.0,4.95,0.0,0,0.0,0,0,18-APR-2022,
OPTSTK,TATACONSUM,28-Apr-2022,570.0,PE,0.0,0.0,0.0,6.15,0.0,0,0.0,0,0,18-APR-2022,
OPTSTK,TATACONSUM,28-Apr-2022,580.0,PE,0.0,0.0,0.0,7.5,0.0,0,0.0,0,0,18-APR-2022,
OPTSTK,TATACONSUM,28-Apr-2022,590.0,PE,0.0,0.0,0.0,9.1,0.0,0,0.0,0,0,18-APR-2022,
OPTSTK,TATACONSUM,28-Apr-2022,600.0,PE,0.0,0.0,0.0,0.3,0.0,0,0.0,5400,0,18-APR-2022,
OPTSTK,TATACONSUM,28-Apr-2022,610.0,PE,0.0,0.0,0.0,13.0,0.0,0,0.0,0,0,18-APR-2022,
OPTSTK,TATACONSUM,28-Apr-2022,620.0,PE,0.0,0.0,0.0,15.3,0.0,0,0.0,0,0,18-APR-2022,
OPTSTK,TATACONSUM,28-Apr-2022,630.0,PE,0.0,0.0,0.0,17.95,0.0,0,0.0,0,0,18-APR-2022,
OPTSTK,TATACONSUM,28-Apr-2022,640.0,PE,0.0,0.0,0.0,20.8,0.0,0,0.0,0,0,18-APR-2022,
OPTSTK,TATACONSUM,28-Apr-2022,650.0,PE,0.3,0.3,0.3,0.3,0.0,1,4.38,62100,0,18-APR-2022,
OPTSTK,TATACONSUM,28-Apr-2022,660.0,PE,0.0,0.0,0.0,1.1,0.0,0,0.0,11475,0,18-APR-2022,
OPTSTK,TATACONSUM,28-Apr-2022,670.0,PE,0.0,0.0,0.0,0.55,0.0,0,0.0,6750,0,18-APR-2022,
OPTSTK,TATACONSUM,28-Apr-2022,680.0,PE,0.0,0.0,0.0,0.8,0.05,0,0.0,35775,0,18-APR-2022,
OPTSTK,TATACONSUM,28-Apr-2022,690.0,PE,0.5,1.95,0.25,0.25,0.05,4,18.65,18900,-1350,18-APR-2022,
OPTSTK,TATACONSUM,28-Apr-2022,700.0,PE,0.45,0.5,0.25,0.35,0.35,98,463.29,218025,-20925,18-APR-2022,
OPTSTK,TATACONSUM,28-Apr-2022,710.0,PE,0.4,0.4,0.2,0.2,0.2,52,249.31,42525,6750,18-APR-2022,
OPTSTK,TATACONSUM,28-Apr-2022,720.0,PE,0.65,0.65,0.25,0.3,0.3,63,306.4,37800,-3375,18-APR-2022,
OPTSTK,TATACONSUM,28-Apr-2022,730.0,PE,0.8,0.9,0.4,0.5,0.5,69,340.29,42525,-8775,18-APR-2022,
OPTSTK,TATACONSUM,28-Apr-2022,740.0,PE,1.6,1.65,0.65,0.7,0.7,219,1095.55,85050,4050,18-APR-2022,
OPTSTK,TATACONSUM,28-Apr-2022,750.0,PE,2.2,2.45,0.9,1.05,1.05,152,771.03,128925,-9450,18-APR-2022,
OPTSTK,TATACONSUM,28-Apr-2022,760.0,PE,3.5,3.5,1.35,1.55,1.55,276,1419.82,56700,-16875,18-APR-2022,
OPTSTK,TATACONSUM,28-Apr-2022,770.0,PE,4.05,4.05,2.15,2.35,2.35,324,1690.78,62100,-35100,18-APR-2022,
OPTSTK,TATACONSUM,28-Apr-2022,780.0,PE,5.6,5.8,3.2,3.5,3.5,436,2308.67,132300,675,18-APR-2022,
OPTSTK,TATACONSUM,28-Apr-2022,790.0,PE,6.7,8.35,4.7,5.15,5.15,303,1628.91,68175,3375,18-APR-2022,
OPTSTK,TATACONSUM,28-Apr-2022,800.0,PE,14.7,14.7,6.55,7.2,7.2,659,3600.38,185625,675,18-APR-2022,
OPTSTK,TATACONSUM,28-Apr-2022,810.0,PE,14.55,16.1,9.35,10.2,10.2,630,3499.35,59400,-20250,18-APR-2022,
OPTSTK,TATACONSUM,28-Apr-2022,820.0,PE,16.9,21.3,12.4,13.85,13.85,709,4005.7,72900,-675,18-APR-2022,
OPTSTK,TATACONSUM,28-Apr-2022,830.0,PE,22.65,26.3,17.25,18.7,18.7,184,1055.68,27000,11475,18-APR-2022,
OPTSTK,TATACONSUM,28-Apr-2022,840.0,PE,30.3,30.3,23.0,24.0,24.0,4,23.41,12150,1350,18-APR-2022,
OPTSTK,TATACONSUM,28-Apr-2022,850.0,PE,41.6,41.6,35.2,35.2,36.55,2,11.99,9450,675,18-APR-2022,
OPTSTK,TATACONSUM,28-Apr-2022,860.0,PE,0.0,0.0,0.0,156.4,43.95,0,0.0,0,0,18-APR-2022,
OPTSTK,TATACONSUM,28-Apr-2022,870.0,PE,0.0,0.0,0.0,78.1,51.95,0,0.0,2025,0,18-APR-2022,
OPTSTK,TATACONSUM,28-Apr-2022,880.0,PE,0.0,0.0,0.0,173.85,60.4,0,0.0,0,0,18-APR-2022,
OPTSTK,TATACONSUM,28-Apr-2022,890.0,PE,0.0,0.0,0.0,81.05,69.25,0,0.0,2025,0,18-APR-2022,
OPTSTK,TATACONSUM,28-Apr-2022,900.0,PE,0.0,0.0,0.0,87.0,78.45,0,0.0,4050,0,18-APR-2022,
OPTSTK,TATACONSUM,28-Apr-2022,910.0,PE,0.0,0.0,0.0,200.8,87.85,0,0.0,0,0,18-APR-2022,
OPTSTK,TATACONSUM,28-Apr-2022,920.0,PE,0.0,0.0,0.0,209.95,97.45,0,0.0,0,0,18-APR-2022,
OPTSTK,TATACONSUM,28-Apr-2022,930.0,PE,0.0,0.0,0.0,219.2,107.15,0,0.0,0,0,18-APR-2022,
OPTSTK,TATACONSUM,28-Apr-2022,940.0,PE,0.0,0.0,0.0,228.55,116.95,0,0.0,0,0,18-APR-2022,
OPTSTK,TATACONSUM,28-Apr-2022,950.0,PE,0.0,0.0,0.0,237.9,126.85,0,0.0,0,0,18-APR-2022,
OPTSTK,TATACONSUM,28-Apr-2022,960.0,PE,0.0,0.0,0.0,247.35,136.75,0,0.0,0,0,18-APR-2022,
OPTSTK,TATACONSUM,28-Apr-2022,970.0,PE,0.0,0.0,0.0,256.85,146.7,0,0.0,0,0,18-APR-2022,
OPTSTK,TATACONSUM,28-Apr-2022,980.0,PE,0.0,0.0,0.0,266.4,156.65,0,0.0,0,0,18-APR-2022,
OPTSTK,TATACONSUM,28-Apr-2022,990.0,PE,0.0,0.0,0.0,275.95,166.65,0,0.0,0,0,18-APR-2022,
OPTSTK,TATACONSUM,28-Apr-2022,1000.0,PE,0.0,0.0,0.0,285.6,176.6,0,0.0,0,0,18-APR-2022,
OPTSTK,TATACONSUM,28-Apr-2022,1010.0,PE,0.0,0.0,0.0,295.25,186.6,0,0.0,0,0,18-APR-2022,
OPTSTK,TATACONSUM,26-May-2022,510.0,CE,0.0,0.0,0.0,175.25,314.55,0,0.0,0,0,18-APR-2022,
OPTSTK,TATACONSUM,26-May-2022,520.0,CE,0.0,0.0,0.0,166.0,304.6,0,0.0,0,0,18-APR-2022,
OPTSTK,TATACONSUM,26-May-2022,530.0,CE,0.0,0.0,0.0,156.9,294.65,0,0.0,0,0,18-APR-2022,
OPTSTK,TATACONSUM,26-May-2022,540.0,CE,0.0,0.0,0.0,148.0,284.7,0,0.0,0,0,18-APR-2022,
OPTSTK,TATACONSUM,26-May-2022,550.0,CE,0.0,0.0,0.0,139.25,274.75,0,0.0,0,0,18-APR-2022,
OPTSTK,TATACONSUM,26-May-2022,560.0,CE,0.0,0.0,0.0,130.75,264.8,0,0.0,0,0,18-APR-2022,
OPTSTK,TATACONSUM,26-May-2022,570.0,CE,0.0,0.0,0.0,122.45,254.85,0,0.0,0,0,18-APR-2022,
OPTSTK,TATACONSUM,26-May-2022,580.0,CE,0.0,0.0,0.0,114.4,244.9,0,0.0,0,0,18-APR-2022,
OPTSTK,TATACONSUM,26-May-2022,590.0,CE,0.0,0.0,0.0,106.65,235.0,0,0.0,0,0,18-APR-2022,
OPTSTK,TATACONSUM,26-May-2022,600.0,CE,0.0,0.0,0.0,99.15,225.05,0,0.0,0,0,18-APR-2022,
OPTSTK,TATACONSUM,26-May-2022,610.0,CE,0.0,0.0,0.0,91.95,215.15,0,0.0,0,0,18-APR-2022,
OPTSTK,TATACONSUM,26-May-2022,620.0,CE,0.0,0.0,0.0,85.05,205.3,0,0.0,0,0,18-APR-2022,
OPTSTK,TATACONSUM,26-May-2022,630.0,CE,0.0,0.0,0.0,78.5,195.45,0,0.0,0,0,18-APR-2022,
OPTSTK,TATACONSUM,26-May-2022,640.0,CE,0.0,0.0,0.0,72.25,185.65,0,0.0,0,0,18-APR-2022,
OPTSTK,TATACONSUM,26-May-2022,650.0,CE,0.0,0.0,0.0,66.35,175.95,0,0.0,0,0,18-APR-2022,
OPTSTK,TATACONSUM,26-May-2022,660.0,CE,0.0,0.0,0.0,60.75,166.25,0,0.0,0,0,18-APR-2022,
OPTSTK,TATACONSUM,26-May-2022,670.0,CE,0.0,0.0,0.0,55.5,156.7,0,0.0,0,0,18-APR-2022,
OPTSTK,TATACONSUM,26-May-2022,680.0,CE,0.0,0.0,0.0,50.6,147.3,0,0.0,0,0,18-APR-2022,
OPTSTK,TATACONSUM,26-May-2022,690.0,CE,0.0,0.0,0.0,46.0,138.0,0,0.0,0,0,18-APR-2022,
OPTSTK,TATACONSUM,26-May-2022,700.0,CE,0.0,0.0,0.0,41.75,128.85,0,0.0,0,0,18-APR-2022,
OPTSTK,TATACONSUM,26-May-2022,710.0,CE,0.0,0.0,0.0,37.75,119.95,0,0.0,0,0,18-APR-2022,
OPTSTK,TATACONSUM,26-May-2022,720.0,CE,0.0,0.0,0.0,44.0,111.25,0,0.0,675,0,18-APR-2022,
OPTSTK,TATACONSUM,26-May-2022,730.0,CE,0.0,0.0,0.0,30.7,102.8,0,0.0,0,0,18-APR-2022,
OPTSTK,TATACONSUM,26-May-2022,740.0,CE,0.0,0.0,0.0,27.6,94.65,0,0.0,0,0,18-APR-2022,
OPTSTK,TATACONSUM,26-May-2022,750.0,CE,0.0,0.0,0.0,24.75,86.8,0,0.0,0,0,18-APR-2022,
OPTSTK,TATACONSUM,26-May-2022,760.0,CE,0.0,0.0,0.0,22.2,79.3,0,0.0,0,0,18-APR-2022,
OPTSTK,TATACONSUM,26-May-2022,770.0,CE,0.0,0.0,0.0,19.85,72.1,0,0.0,0,0,18-APR-2022,
OPTSTK,TATACONSUM,26-May-2022,780.0,CE,0.0,0.0,0.0,17.7,65.3,0,0.0,0,0,18-APR-2022,
OPTSTK,TATACONSUM,26-May-2022,790.0,CE,0.0,0.0,0.0,15.7,58.9,0,0.0,0,0,18-APR-2022,
OPTSTK,TATACONSUM,26-May-2022,800.0,CE,49.95,49.95,49.95,49.95,49.95,1,5.73,7425,675,18-APR-2022,
OPTSTK,TATACONSUM,26-May-2022,810.0,CE,0.0,0.0,0.0,12.35,47.3,0,0.0,0,0,18-APR-2022,
OPTSTK,TATACONSUM,26-May-2022,820.0,CE,36.9,39.1,30.1,37.85,37.85,9,51.97,8775,2025,18-APR-2022,
OPTSTK,TATACONSUM,26-May-2022,830.0,CE,29.1,34.4,29.1,34.4,34.4,6,34.82,6750,4050,18-APR-2022,
OPTSTK,TATACONSUM,26-May-2022,840.0,CE,26.0,26.0,24.45,24.45,32.95,2,11.68,1350,1350,18-APR-2022,
OPTSTK,TATACONSUM,26-May-2022,850.0,CE,24.35,27.75,19.2,25.8,25.8,51,300.68,34425,30375,18-APR-2022,
OPTSTK,TATACONSUM,26-May-2022,860.0,CE,0.0,0.0,0.0,6.6,25.35,0,0.0,0,0,18-APR-2022,
OPTSTK,TATACONSUM,26-May-2022,870.0,CE,0.0,0.0,0.0,5.75,22.1,0,0.0,0,0,18-APR-2022,
OPTSTK,TATACONSUM,26-May-2022,880.0,CE,0.0,0.0,0.0,5.05,19.15,0,0.0,0,0,18-APR-2022,
OPTSTK,TATACONSUM,26-May-2022,890.0,CE,0.0,0.0,0.0,4.4,16.6,0,0.0,0,0,18-APR-2022,
OPTSTK,TATACONSUM,26-May-2022,900.0,CE,1.65,10.35,1.65,10.35,10.35,12,73.56,11475,4050,18-APR-2022,
OPTSTK,TATACONSUM,26-May-2022,910.0,CE,0.0,0.0,0.0,3.35,12.2,0,0.0,0,0,18-APR-2022,
OPTSTK,TATACONSUM,26-May-2022,920.0,CE,0.0,0.0,0.0,2.95,10.4,0,0.0,0,0,18-APR-2022,
OPTSTK,TATACONSUM,26-May-2022,930.0,CE,0.0,0.0,0.0,2.55,8.85,0,0.0,0,0,18-APR-2022,
OPTSTK,TATACONSUM,26-May-2022,940.0,CE,0.0,0.0,0.0,2.2,7.5,0,0.0,0,0,18-APR-2022,
OPTSTK,TATACONSUM,26-May-2022,950.0,CE,3.4,3.4,3.4,3.4,6.35,1,6.43,675,675,18-APR-2022,
OPTSTK,TATACONSUM,26-May-2022,960.0,CE,0.0,0.0,0.0,1.65,5.3,0,0.0,0,0,18-APR-2022,
OPTSTK,TATACONSUM,26-May-2022,970.0,CE,0.0,0.0,0.0,1.45,4.45,0,0.0,0,0,18-APR-2022,
OPTSTK,TATACONSUM,26-May-2022,980.0,CE,0.0,0.0,0.0,1.25,3.7,0,0.0,0,0,18-APR-2022,
OPTSTK,TATACONSUM,26-May-2022,510.0,PE,0.0,0.0,0.0,2.2,0.0,0,0.0,0,0,18-APR-2022,
OPTSTK,TATACONSUM,26-May-2022,520.0,PE,0.0,0.0,0.0,2.85,0.0,0,0.0,0,0,18-APR-2022,
OPTSTK,TATACONSUM,26-May-2022,530.0,PE,0.0,0.0,0.0,3.65,0.0,0,0.0,0,0,18-APR-2022,
OPTSTK,TATACONSUM,26-May-2022,540.0,PE,0.0,0.0,0.0,4.65,0.0,0,0.0,0,0,18-APR-2022,
OPTSTK,TATACONSUM,26-May-2022,550.0,PE,0.0,0.0,0.0,5.8,0.05,0,0.0,0,0,18-APR-2022,
OPTSTK,TATACONSUM,26-May-2022,560.0,PE,0.0,0.0,0.0,7.2,0.05,0,0.0,0,0,18-APR-2022,
OPTSTK,TATACONSUM,26-May-2022,570.0,PE,0.0,0.0,0.0,8.8,0.05,0,0.0,0,0,18-APR-2022,
OPTSTK,TATACONSUM,26-May-2022,580.0,PE,0.0,0.0,0.0,10.65,0.05,0,0.0,0,0,18-APR-2022,
OPTSTK,TATACONSUM,26-May-2022,590.0,PE,0.0,0.0,0.0,12.75,0.1,0,0.0,0,0,18-APR-2022,
OPTSTK,TATACONSUM,26-May-2022,600.0,PE,0.0,0.0,0.0,15.2,0.1,0,0.0,0,0,18-APR-2022,
OPTSTK,TATACONSUM,26-May-2022,610.0,PE,0.0,0.0,0.0,17.9,0.15,0,0.0,0,0,18-APR-2022,
OPTSTK,TATACONSUM,26-May-2022,620.0,PE,0.0,0.0,0.0,20.85,0.25,0,0.0,0,0,18-APR-2022,
OPTSTK,TATACONSUM,26-May-2022,630.0,PE,0.0,0.0,0.0,24.2,0.35,0,0.0,0,0,18-APR-2022,
OPTSTK,TATACONSUM,26-May-2022,640.0,PE,0.0,0.0,0.0,27.85,0.55,0,0.0,0,0,18-APR-2022,
OPTSTK,TATACONSUM,26-May-2022,650.0,PE,0.0,0.0,0.0,31.85,0.75,0,0.0,0,0,18-APR-2022,
OPTSTK,TATACONSUM,26-May-2022,660.0,PE,0.0,0.0,0.0,36.15,1.05,0,0.0,0,0,18-APR-2022,
OPTSTK,TATACONSUM,26-May-2022,670.0,PE,0.0,0.0,0.0,40.8,1.45,0,0.0,0,0,18-APR-2022,
OPTSTK,TATACONSUM,26-May-2022,680.0,PE,0.0,0.0,0.0,45.8,2.0,0,0.0,0,0,18-APR-2022,
OPTSTK,TATACONSUM,26-May-2022,690.0,PE,0.0,0.0,0.0,51.1,2.65,0,0.0,0,0,18-APR-2022,
OPTSTK,TATACONSUM,26-May-2022,700.0,PE,0.0,0.0,0.0,5.1,3.5,0,0.0,675,0,18-APR-2022,
OPTSTK,TATACONSUM,26-May-2022,710.0,PE,0.0,0.0,0.0,62.65,4.5,0,0.0,0,0,18-APR-2022,
OPTSTK,TATACONSUM,26-May-2022,720.0,PE,0.0,0.0,0.0,68.85,5.75,0,0.0,0,0,18-APR-2022,
OPTSTK,TATACONSUM,26-May-2022,730.0,PE,0.0,0.0,0.0,75.4,7.25,0,0.0,0,0,18-APR-2022,
OPTSTK,TATACONSUM,26-May-2022,740.0,PE,0.0,0.0,0.0,82.15,9.05,0,0.0,0,0,18-APR-2022,
OPTSTK,TATACONSUM,26-May-2022,750.0,PE,0.0,0.0,0.0,89.2,11.15,0,0.0,0,0,18-APR-2022,
OPTSTK,TATACONSUM,26-May-2022,760.0,PE,0.0,0.0,0.0,96.55,13.65,0,0.0,0,0,18-APR-2022,
OPTSTK,TATACONSUM,26-May-2022,770.0,PE,0.0,0.0,0.0,104.05,16.4,0,0.0,0,0,18-APR-2022,
OPTSTK,TATACONSUM,26-May-2022,780.0,PE,0.0,0.0,0.0,111.8,19.55,0,0.0,0,0,18-APR-2022,
OPTSTK,TATACONSUM,26-May-2022,790.0,PE,0.0,0.0,0.0,119.75,23.1,0,0.0,0,0,18-APR-2022,
OPTSTK,TATACONSUM,26-May-2022,800.0,PE,20.0,20.0,20.0,20.0,20.0,4,22.14,4050,2700,18-APR-2022,
OPTSTK,TATACONSUM,26-May-2022,810.0,PE,0.0,0.0,0.0,136.2,31.45,0,0.0,0,0,18-APR-2022,
OPTSTK,TATACONSUM,26-May-2022,820.0,PE,0.0,0.0,0.0,144.65,36.2,0,0.0,0,0,18-APR-2022,
OPTSTK,TATACONSUM,26-May-2022,830.0,PE,0.0,0.0,0.0,153.25,41.4,0,0.0,0,0,18-APR-2022,
OPTSTK,TATACONSUM,26-May-2022,840.0,PE,0.0,0.0,0.0,162.0,46.95,0,0.0,0,0,18-APR-2022,
OPTSTK,TATACONSUM,26-May-2022,850.0,PE,0.0,0.0,0.0,170.9,52.9,0,0.0,0,0,18-APR-2022,
OPTSTK,TATACONSUM,26-May-2022,860.0,PE,0.0,0.0,0.0,179.9,59.25,0,0.0,0,0,18-APR-2022,
OPTSTK,TATACONSUM,26-May-2022,870.0,PE,0.0,0.0,0.0,188.95,65.95,0,0.0,0,0,18-APR-2022,
OPTSTK,TATACONSUM,26-May-2022,880.0,PE,0.0,0.0,0.0,198.15,72.95,0,0.0,0,0,18-APR-2022,
OPTSTK,TATACONSUM,26-May-2022,890.0,PE,0.0,0.0,0.0,207.4,80.35,0,0.0,0,0,18-APR-2022,
OPTSTK,TATACONSUM,26-May-2022,900.0,PE,0.0,0.0,0.0,216.75,88.0,0,0.0,0,0,18-APR-2022,
OPTSTK,TATACONSUM,26-May-2022,910.0,PE,0.0,0.0,0.0,226.15,95.9,0,0.0,0,0,18-APR-2022,
OPTSTK,TATACONSUM,26-May-2022,920.0,PE,0.0,0.0,0.0,235.6,104.05,0,0.0,0,0,18-APR-2022,
OPTSTK,TATACONSUM,26-May-2022,930.0,PE,0.0,0.0,0.0,245.1,112.45,0,0.0,0,0,18-APR-2022,
OPTSTK,TATACONSUM,26-May-2022,940.0,PE,0.0,0.0,0.0,254.65,121.05,0,0.0,0,0,18-APR-2022,
OPTSTK,TATACONSUM,26-May-2022,950.0,PE,0.0,0.0,0.0,264.25,129.85,0,0.0,0,0,18-APR-2022,
OPTSTK,TATACONSUM,26-May-2022,960.0,PE,0.0,0.0,0.0,273.9,138.8,0,0.0,0,0,18-APR-2022,
OPTSTK,TATACONSUM,26-May-2022,970.0,PE,0.0,0.0,0.0,283.6,147.85,0,0.0,0,0,18-APR-2022,
OPTSTK,TATACONSUM,26-May-2022,980.0,PE,0.0,0.0,0.0,293.3,157.1,0,0.0,0,0,18-APR-2022,
OPTSTK,TATACONSUM,30-Jun-2022,510.0,CE,0.0,0.0,0.0,273.2,316.7,0,0.0,0,0,18-APR-2022,
OPTSTK,TATACONSUM,30-Jun-2022,520.0,CE,0.0,0.0,0.0,263.5,306.8,0,0.0,0,0,18-APR-2022,
OPTSTK,TATACONSUM,30-Jun-2022,530.0,CE,0.0,0.0,0.0,253.8,296.9,0,0.0,0,0,18-APR-2022,
OPTSTK,TATACONSUM,30-Jun-2022,540.0,CE,0.0,0.0,0.0,244.15,287.05,0,0.0,0,0,18-APR-2022,
OPTSTK,TATACONSUM,30-Jun-2022,550.0,CE,0.0,0.0,0.0,234.6,277.2,0,0.0,0,0,18-APR-2022,
OPTSTK,TATACONSUM,30-Jun-2022,560.0,CE,0.0,0.0,0.0,225.1,267.4,0,0.0,0,0,18-APR-2022,
OPTSTK,TATACONSUM,30-Jun-2022,570.0,CE,0.0,0.0,0.0,215.7,257.6,0,0.0,0,0,18-APR-2022,
OPTSTK,TATACONSUM,30-Jun-2022,580.0,CE,0.0,0.0,0.0,206.35,247.85,0,0.0,0,0,18-APR-2022,
OPTSTK,TATACONSUM,30-Jun-2022,590.0,CE,0.0,0.0,0.0,197.2,238.15,0,0.0,0,0,18-APR-2022,
OPTSTK,TATACONSUM,30-Jun-2022,600.0,CE,0.0,0.0,0.0,188.1,228.5,0,0.0,0,0,18-APR-2022,
OPTSTK,TATACONSUM,30-Jun-2022,610.0,CE,0.0,0.0,0.0,179.2,218.95,0,0.0,0,0,18-APR-2022,
OPTSTK,TATACONSUM,30-Jun-2022,620.0,CE,0.0,0.0,0.0,170.4,209.45,0,0.0,0,0,18-APR-2022,
OPTSTK,TATACONSUM,30-Jun-2022,630.0,CE,0.0,0.0,0.0,161.85,200.05,0,0.0,0,0,18-APR-2022,
OPTSTK,TATACONSUM,30-Jun-2022,640.0,CE,0.0,0.0,0.0,153.4,190.8,0,0.0,0,0,18-APR-2022,
OPTSTK,TATACONSUM,30-Jun-2022,650.0,CE,0.0,0.0,0.0,145.2,181.6,0,0.0,0,0,18-APR-2022,
OPTSTK,TATACONSUM,30-Jun-2022,660.0,CE,0.0,0.0,0.0,137.2,172.6,0,0.0,0,0,18-APR-2022,
OPTSTK,TATACONSUM,30-Jun-2022,670.0,CE,0.0,0.0,0.0,129.45,163.75,0,0.0,0,0,18-APR-2022,
OPTSTK,TATACONSUM,30-Jun-2022,680.0,CE,0.0,0.0,0.0,121.9,155.05,0,0.0,0,0,18-APR-2022,
OPTSTK,TATACONSUM,30-Jun-2022,690.0,CE,0.0,0.0,0.0,114.65,146.55,0,0.0,0,0,18-APR-2022,
OPTSTK,TATACONSUM,30-Jun-2022,700.0,CE,0.0,0.0,0.0,107.6,138.25,0,0.0,0,0,18-APR-2022,
OPTSTK,TATACONSUM,30-Jun-2022,710.0,CE,0.0,0.0,0.0,100.8,130.15,0,0.0,0,0,18-APR-2022,
OPTSTK,TATACONSUM,30-Jun-2022,720.0,CE,0.0,0.0,0.0,94.25,122.3,0,0.0,0,0,18-APR-2022,
OPTSTK,TATACONSUM,30-Jun-2022,730.0,CE,0.0,0.0,0.0,88.05,114.7,0,0.0,0,0,18-APR-2022,
OPTSTK,TATACONSUM,30-Jun-2022,740.0,CE,0.0,0.0,0.0,82.05,107.4,0,0.0,0,0,18-APR-2022,
OPTSTK,TATACONSUM,30-Jun-2022,750.0,CE,0.0,0.0,0.0,76.4,100.3,0,0.0,0,0,18-APR-2022,
OPTSTK,TATACONSUM,30-Jun-2022,760.0,CE,0.0,0.0,0.0,71.0,93.45,0,0.0,0,0,18-APR-2022,
OPTSTK,TATACONSUM,30-Jun-2022,770.0,CE,0.0,0.0,0.0,65.85,86.95,0,0.0,0,0,18-APR-2022,
OPTSTK,TATACONSUM,30-Jun-2022,780.0,CE,0.0,0.0,0.0,61.0,80.75,0,0.0,0,0,18-APR-2022,
OPTSTK,TATACONSUM,30-Jun-2022,790.0,CE,0.0,0.0,0.0,56.4,74.8,0,0.0,0,0,18-APR-2022,
OPTSTK,TATACONSUM,30-Jun-2022,800.0,CE,0.0,0.0,0.0,52.05,69.15,0,0.0,0,0,18-APR-2022,
OPTSTK,TATACONSUM,30-Jun-2022,810.0,CE,0.0,0.0,0.0,48.0,63.85,0,0.0,0,0,18-APR-2022,
OPTSTK,TATACONSUM,30-Jun-2022,820.0,CE,0.0,0.0,0.0,44.15,58.8,0,0.0,0,0,18-APR-2022,
OPTSTK,TATACONSUM,30-Jun-2022,830.0,CE,0.0,0.0,0.0,40.6,54.05,0,0.0,0,0,18-APR-2022,
OPTSTK,TATACONSUM,30-Jun-2022,840.0,CE,0.0,0.0,0.0,37.25,49.55,0,0.0,0,0,18-APR-2022,
OPTSTK,TATACONSUM,30-Jun-2022,850.0,CE,0.0,0.0,0.0,34.1,45.35,0,0.0,0,0,18-APR-2022,
OPTSTK,TATACONSUM,30-Jun-2022,860.0,CE,0.0,0.0,0.0,31.2,41.45,0,0.0,0,0,18-APR-2022,
OPTSTK,TATACONSUM,30-Jun-2022,870.0,CE,0.0,0.0,0.0,28.5,37.8,0,0.0,0,0,18-APR-2022,
OPTSTK,TATACONSUM,30-Jun-2022,880.0,CE,0.0,0.0,0.0,26.05,34.4,0,0.0,0,0,18-APR-2022,
OPTSTK,TATACONSUM,30-Jun-2022,890.0,CE,0.0,0.0,0.0,23.75,31.25,0,0.0,0,0,18-APR-2022,
OPTSTK,TATACONSUM,30-Jun-2022,900.0,CE,0.0,0.0,0.0,21.6,28.35,0,0.0,0,0,18-APR-2022,
OPTSTK,TATACONSUM,30-Jun-2022,910.0,CE,0.0,0.0,0.0,19.6,25.65,0,0.0,0,0,18-APR-2022,
OPTSTK,TATACONSUM,30-Jun-2022,920.0,CE,0.0,0.0,0.0,17.8,23.25,0,0.0,0,0,18-APR-2022,
OPTSTK,TATACONSUM,30-Jun-2022,930.0,CE,0.0,0.0,0.0,16.15,20.95,0,0.0,0,0,18-APR-2022,
OPTSTK,TATACONSUM,30-Jun-2022,940.0,CE,0.0,0.0,0.0,14.6,18.85,0,0.0,0,0,18-APR-2022,
OPTSTK,TATACONSUM,30-Jun-2022,950.0,CE,0.0,0.0,0.0,13.2,16.95,0,0.0,0,0,18-APR-2022,
OPTSTK,TATACONSUM,30-Jun-2022,960.0,CE,0.0,0.0,0.0,11.95,15.2,0,0.0,0,0,18-APR-2022,
OPTSTK,TATACONSUM,30-Jun-2022,970.0,CE,0.0,0.0,0.0,10.75,13.65,0,0.0,0,0,18-APR-2022,
OPTSTK,TATACONSUM,30-Jun-2022,980.0,CE,0.0,0.0,0.0,9.7,12.2,0,0.0,0,0,18-APR-2022,
OPTSTK,TATACONSUM,30-Jun-2022,510.0,PE,0.0,0.0,0.0,0.45,0.05,0,0.0,0,0,18-APR-2022,
OPTSTK,TATACONSUM,30-Jun-2022,520.0,PE,0.0,0.0,0.0,0.6,0.1,0,0.0,0,0,18-APR-2022,
OPTSTK,TATACONSUM,30-Jun-2022,530.0,PE,0.0,0.0,0.0,0.8,0.15,0,0.0,0,0,18-APR-2022,
OPTSTK,TATACONSUM,30-Jun-2022,540.0,PE,0.0,0.0,0.0,1.1,0.2,0,0.0,0,0,18-APR-2022,
OPTSTK,TATACONSUM,30-Jun-2022,550.0,PE,0.0,0.0,0.0,1.4,0.25,0,0.0,0,0,18-APR-2022,
OPTSTK,TATACONSUM,30-Jun-2022,560.0,PE,0.0,0.0,0.0,1.8,0.35,0,0.0,0,0,18-APR-2022,
OPTSTK,TATACONSUM,30-Jun-2022,570.0,PE,0.0,0.0,0.0,2.3,0.5,0,0.0,0,0,18-APR-2022,
OPTSTK,TATACONSUM,30-Jun-2022,580.0,PE,0.0,0.0,0.0,2.85,0.65,0,0.0,0,0,18-APR-2022,
OPTSTK,TATACONSUM,30-Jun-2022,590.0,PE,0.0,0.0,0.0,3.55,0.85,0,0.0,0,0,18-APR-2022,
OPTSTK,TATACONSUM,30-Jun-2022,600.0,PE,0.0,0.0,0.0,4.4,1.15,0,0.0,0,0,18-APR-2022,
OPTSTK,TATACONSUM,30-Jun-2022,610.0,PE,0.0,0.0,0.0,5.35,1.5,0,0.0,0,0,18-APR-2022,
OPTSTK,TATACONSUM,30-Jun-2022,620.0,PE,0.0,0.0,0.0,6.5,1.9,0,0.0,0,0,18-APR-2022,
OPTSTK,TATACONSUM,30-Jun-2022,630.0,PE,0.0,0.0,0.0,7.8,2.45,0,0.0,0,0,18-APR-2022,
OPTSTK,TATACONSUM,30-Jun-2022,640.0,PE,0.0,0.0,0.0,9.3,3.05,0,0.0,0,0,18-APR-2022,
OPTSTK,TATACONSUM,30-Jun-2022,650.0,PE,0.0,0.0,0.0,11.0,3.8,0,0.0,0,0,18-APR-2022,
OPTSTK,TATACONSUM,30-Jun-2022,660.0,PE,0.0,0.0,0.0,12.9,4.7,0,0.0,0,0,18-APR-2022,
OPTSTK,TATACONSUM,30-Jun-2022,670.0,PE,0.0,0.0,0.0,15.0,5.75,0,0.0,0,0,18-APR-2022,
OPTSTK,TATACONSUM,30-Jun-2022,680.0,PE,0.0,0.0,0.0,17.35,7.0,0,0.0,0,0,18-APR-2022,
OPTSTK,TATACONSUM,30-Jun-2022,690.0,PE,0.0,0.0,0.0,20.0,8.4,0,0.0,0,0,18-APR-2022,
OPTSTK,TATACONSUM,30-Jun-2022,700.0,PE,0.0,0.0,0.0,22.85,10.0,0,0.0,0,0,18-APR-2022,
OPTSTK,TATACONSUM,30-Jun-2022,710.0,PE,0.0,0.0,0.0,25.9,11.85,0,0.0,0,0,18-APR-2022,
OPTSTK,TATACONSUM,30-Jun-2022,720.0,PE,0.0,0.0,0.0,29.3,13.9,0,0.0,0,0,18-APR-2022,
OPTSTK,TATACONSUM,30-Jun-2022,730.0,PE,0.0,0.0,0.0,32.95,16.25,0,0.0,0,0,18-APR-2022,
OPTSTK,TATACONSUM,30-Jun-2022,740.0,PE,0.0,0.0,0.0,36.9,18.85,0,0.0,0,0,18-APR-2022,
OPTSTK,TATACONSUM,30-Jun-2022,750.0,PE,0.0,0.0,0.0,41.1,21.65,0,0.0,0,0,18-APR-2022,
OPTSTK,TATACONSUM,30-Jun-2022,760.0,PE,0.0,0.0,0.0,45.6,24.75,0,0.0,0,0,18-APR-2022,
OPTSTK,TATACONSUM,30-Jun-2022,770.0,PE,0.0,0.0,0.0,50.35,28.15,0,0.0,0,0,18-APR-2022,
OPTSTK,TATACONSUM,30-Jun-2022,780.0,PE,0.0,0.0,0.0,55.4,31.85,0,0.0,0,0,18-APR-2022,
OPTSTK,TATACONSUM,30-Jun-2022,790.0,PE,0.0,0.0,0.0,60.7,35.8,0,0.0,0,0,18-APR-2022,
OPTSTK,TATACONSUM,30-Jun-2022,800.0,PE,0.0,0.0,0.0,66.25,40.1,0,0.0,0,0,18-APR-2022,
OPTSTK,TATACONSUM,30-Jun-2022,810.0,PE,0.0,0.0,0.0,51.1,44.7,0,0.0,2025,0,18-APR-2022,
OPTSTK,TATACONSUM,30-Jun-2022,820.0,PE,0.0,0.0,0.0,78.15,49.55,0,0.0,0,0,18-APR-2022,
OPTSTK,TATACONSUM,30-Jun-2022,830.0,PE,0.0,0.0,0.0,84.45,54.7,0,0.0,0,0,18-APR-2022,
OPTSTK,TATACONSUM,30-Jun-2022,840.0,PE,0.0,0.0,0.0,91.0,60.15,0,0.0,0,0,18-APR-2022,
OPTSTK,TATACONSUM,30-Jun-2022,850.0,PE,0.0,0.0,0.0,97.75,65.9,0,0.0,0,0,18-APR-2022,
OPTSTK,TATACONSUM,30-Jun-2022,860.0,PE,0.0,0.0,0.0,104.75,71.9,0,0.0,0,0,18-APR-2022,
OPTSTK,TATACONSUM,30-Jun-2022,870.0,PE,0.0,0.0,0.0,111.95,78.15,0,0.0,0,0,18-APR-2022,
OPTSTK,TATACONSUM,30-Jun-2022,880.0,PE,0.0,0.0,0.0,119.4,84.65,0,0.0,0,0,18-APR-2022,
OPTSTK,TATACONSUM,30-Jun-2022,890.0,PE,0.0,0.0,0.0,127.0,91.45,0,0.0,0,0,18-APR-2022,
OPTSTK,TATACONSUM,30-Jun-2022,900.0,PE,0.0,0.0,0.0,134.75,98.45,0,0.0,0,0,18-APR-2022,
OPTSTK,TATACONSUM,30-Jun-2022,910.0,PE,0.0,0.0,0.0,142.65,105.65,0,0.0,0,0,18-APR-2022,
OPTSTK,TATACONSUM,30-Jun-2022,920.0,PE,0.0,0.0,0.0,150.75,113.15,0,0.0,0,0,18-APR-2022,
OPTSTK,TATACONSUM,30-Jun-2022,930.0,PE,0.0,0.0,0.0,158.95,120.8,0,0.0,0,0,18-APR-2022,
OPTSTK,TATACONSUM,30-Jun-2022,940.0,PE,0.0,0.0,0.0,167.35,128.6,0,0.0,0,0,18-APR-2022,
OPTSTK,TATACONSUM,30-Jun-2022,950.0,PE,0.0,0.0,0.0,175.85,136.6,0,0.0,0,0,18-APR-2022,
OPTSTK,TATACONSUM,30-Jun-2022,960.0,PE,0.0,0.0,0.0,184.45,144.8,0,0.0,0,0,18-APR-2022,
OPTSTK,TATACONSUM,30-Jun-2022,970.0,PE,0.0,0.0,0.0,193.15,153.15,0,0.0,0,0,18-APR-2022,
OPTSTK,TATACONSUM,30-Jun-2022,980.0,PE,0.0,0.0,0.0,202.0,161.6,0,0.0,0,0,18-APR-2022,
OPTSTK,TATAMOTORS,28-Apr-2022,290.0,CE,0.0,0.0,0.0,208.95,144.15,0,0.0,0,0,18-APR-2022,
OPTSTK,TATAMOTORS,28-Apr-2022,300.0,CE,0.0,0.0,0.0,149.9,134.15,0,0.0,14250,0,18-APR-2022,
OPTSTK,TATAMOTORS,28-Apr-2022,310.0,CE,0.0,0.0,0.0,190.35,124.15,0,0.0,0,0,18-APR-2022,
OPTSTK,TATAMOTORS,28-Apr-2022,320.0,CE,0.0,0.0,0.0,181.25,114.2,0,0.0,0,0,18-APR-2022,
OPTSTK,TATAMOTORS,28-Apr-2022,330.0,CE,0.0,0.0,0.0,172.3,104.2,0,0.0,0,0,18-APR-2022,
OPTSTK,TATAMOTORS,28-Apr-2022,340.0,CE,0.0,0.0,0.0,163.6,94.25,0,0.0,0,0,18-APR-2022,
OPTSTK,TATAMOTORS,28-Apr-2022,350.0,CE,76.0,85.8,76.0,85.55,85.55,10,122.8,76950,22800,18-APR-2022,
OPTSTK,TATAMOTORS,28-Apr-2022,360.0,CE,0.0,0.0,0.0,82.05,74.6,0,0.0,71250,0,18-APR-2022,
OPTSTK,TATAMOTORS,28-Apr-2022,370.0,CE,0.0,0.0,0.0,138.65,65.0,0,0.0,0,0,18-APR-2022,
OPTSTK,TATAMOTORS,28-Apr-2022,380.0,CE,0.0,0.0,0.0,62.05,55.75,0,0.0,22800,0,18-APR-2022,
OPTSTK,TATAMOTORS,28-Apr-2022,390.0,CE,39.95,39.95,39.95,39.95,46.9,1,12.25,48450,-2850,18-APR-2022,
OPTSTK,TATAMOTORS,28-Apr-2022,400.0,CE,29.35,38.25,29.1,37.2,37.2,89,1098.41,783750,14250,18-APR-2022,
OPTSTK,TATAMOTORS,28-Apr-2022,410.0,CE,22.4,29.25,21.0,28.25,28.25,158,1953.3,461700,71250,18-APR-2022,
OPTSTK,TATAMOTORS,28-Apr-2022,420.0,CE,15.25,21.4,14.0,20.0,20.0,976,12146.96,889200,82650,18-APR-2022,
OPTSTK,TATAMOTORS,28-Apr-2022,430.0,CE,27.0,27.0,9.2,13.8,13.8,4833,60816.32,2969700,994650,18-APR-2022,
OPTSTK,TATAMOTORS,28-Apr-2022,440.0,CE,8.95,10.0,5.95,9.2,9.2,5205,66449.07,5905200,208050,18-APR-2022,
OPTSTK,TATAMOTORS,28-Apr-2022,450.0,CE,6.8,6.8,4.1,6.3,6.3,5819,75481.64,13976400,213750,18-APR-2022,
OPTSTK,TATAMOTORS,28-Apr-2022,460.0,CE,3.9,4.6,2.8,4.3,4.3,4544,60010.69,13434900,-917700,18-APR-2022,
OPTSTK,TATAMOTORS,28-Apr-2022,470.0,CE,2.4,3.15,1.85,3.0,3.0,3098,41706.83,7495500,-438900,18-APR-2022,
OPTSTK,TATAMOTORS,28-Apr-2022,480.0,CE,2.0,2.3,1.4,2.2,2.2,3062,42039.72,7022400,-763800,18-APR-2022,
OPTSTK,TATAMOTORS,28-Apr-2022,490.0,CE,1.8,1.8,1.05,1.7,1.7,2091,29279.15,3482700,-208050,18-APR-2022,
OPTSTK,TATAMOTORS,28-Apr-2022,500.0,CE,1.2,1.4,0.9,1.35,1.35,3924,56037.21,15957150,-1242600,18-APR-2022,
OPTSTK,TATAMOTORS,28-Apr-2022,510.0,CE,1.05,1.05,0.75,1.05,1.05,1267,18446.79,3186300,37050,18-APR-2022,
OPTSTK,TATAMOTORS,28-Apr-2022,520.0,CE,0.95,0.95,0.6,0.85,0.85,765,11352.86,3271800,-304950,18-APR-2022,
OPTSTK,TATAMOTORS,28-Apr-2022,530.0,CE,0.5,0.7,0.5,0.7,0.7,400,6048.67,1541850,-159600,18-APR-2022,
OPTSTK,TATAMOTORS,28-Apr-2022,540.0,CE,0.45,0.65,0.45,0.55,0.55,367,5653.82,1319550,-179550,18-APR-2022,
OPTSTK,TATAMOTORS,28-Apr-2022,550.0,CE,0.4,0.55,0.4,0.5,0.5,330,5176.98,2359800,-208050,18-APR-2022,
OPTSTK,TATAMOTORS,28-Apr-2022,560.0,CE,0.35,0.45,0.35,0.45,0.45,63,1006.19,780900,-19950,18-APR-2022,
OPTSTK,TATAMOTORS,28-Apr-2022,570.0,CE,0.35,0.4,0.3,0.35,0.35,70,1137.82,447450,-79800,18-APR-2022,
OPTSTK,TATAMOTORS,28-Apr-2022,580.0,CE,0.3,0.35,0.3,0.35,0.35,53,876.56,669750,-54150,18-APR-2022,
OPTSTK,TATAMOTORS,28-Apr-2022,590.0,CE,0.25,0.3,0.25,0.3,0.3,11,185.04,108300,-19950,18-APR-2022,
OPTSTK,TATAMOTORS,28-Apr-2022,600.0,CE,0.3,0.3,0.2,0.3,0.3,131,2241.06,1145700,-14250,18-APR-2022,
OPTSTK,TATAMOTORS,28-Apr-2022,610.0,CE,0.2,0.25,0.2,0.25,0.25,8,139.12,171000,19950,18-APR-2022,
OPTSTK,TATAMOTORS,28-Apr-2022,620.0,CE,0.2,0.2,0.1,0.2,0.0,33,583.27,267900,0,18-APR-2022,
OPTSTK,TATAMOTORS,28-Apr-2022,630.0,CE,0.15,0.15,0.1,0.1,0.1,45,808.11,581400,51300,18-APR-2022,
OPTSTK,TATAMOTORS,28-Apr-2022,290.0,PE,0.1,0.1,0.1,0.1,0.0,4,33.07,136800,0,18-APR-2022,
OPTSTK,TATAMOTORS,28-Apr-2022,300.0,PE,0.15,0.15,0.1,0.1,0.1,22,188.18,327750,-11400,18-APR-2022,
OPTSTK,TATAMOTORS,28-Apr-2022,310.0,PE,0.15,0.15,0.1,0.1,0.0,3,26.51,122550,-2850,18-APR-2022,
OPTSTK,TATAMOTORS,28-Apr-2022,320.0,PE,0.15,0.15,0.15,0.15,0.05,23,209.85,74100,-59850,18-APR-2022,
OPTSTK,TATAMOTORS,28-Apr-2022,330.0,PE,0.2,0.25,0.15,0.2,0.2,4,37.64,188100,-2850,18-APR-2022,
OPTSTK,TATAMOTORS,28-Apr-2022,340.0,PE,0.3,0.3,0.2,0.2,0.2,11,106.67,156750,8550,18-APR-2022,
OPTSTK,TATAMOTORS,28-Apr-2022,350.0,PE,0.5,0.5,0.3,0.35,0.35,117,1168.28,1097250,17100,18-APR-2022,
OPTSTK,TATAMOTORS,28-Apr-2022,360.0,PE,0.65,0.65,0.35,0.45,0.45,118,1212.29,860700,-42750,18-APR-2022,
OPTSTK,TATAMOTORS,28-Apr-2022,370.0,PE,1.1,1.15,0.5,0.55,0.55,446,4712.14,1279650,-39900,18-APR-2022,
OPTSTK,TATAMOTORS,28-Apr-2022,380.0,PE,1.15,1.8,0.7,0.8,0.8,863,9372.66,2354100,-111150,18-APR-2022,
OPTSTK,TATAMOTORS,28-Apr-2022,390.0,PE,2.65,2.85,1.0,1.25,1.25,960,10715.79,1499100,139650,18-APR-2022,
OPTSTK,TATAMOTORS,28-Apr-2022,400.0,PE,3.55,4.5,1.65,1.95,1.95,1995,22907.33,4671150,-404700,18-APR-2022,
OPTSTK,TATAMOTORS,28-Apr-2022,410.0,PE,6.0,8.1,2.75,3.15,3.15,1875,22158.05,2547900,2850,18-APR-2022,
OPTSTK,TATAMOTORS,28-Apr-2022,420.0,PE,9.0,10.35,4.7,5.35,5.35,3165,38569.98,3425700,-379050,18-APR-2022,
OPTSTK,TATAMOTORS,28-Apr-2022,430.0,PE,12.95,15.45,8.05,8.95,8.95,2774,34896.8,3459900,76950,18-APR-2022,
OPTSTK,TATAMOTORS,28-Apr-2022,440.0,PE,20.85,21.95,13.15,14.35,14.35,1068,13939.48,4320600,-689700,18-APR-2022,
OPTSTK,TATAMOTORS,28-Apr-2022,450.0,PE,27.7,29.85,19.95,21.35,21.35,313,4238.8,3394350,-350550,18-APR-2022,
OPTSTK,TATAMOTORS,28-Apr-2022,460.0,PE,39.35,39.35,28.9,29.45,29.45,102,1436.63,2160300,-193800,18-APR-2022,
OPTSTK,TATAMOTORS,28-Apr-2022,470.0,PE,43.5,46.35,37.3,37.75,37.75,41,599.21,644100,-71250,18-APR-2022,
OPTSTK,TATAMOTORS,28-Apr-2022,480.0,PE,55.1,55.9,46.5,46.5,46.5,32,486.33,1330950,-79800,18-APR-2022,
OPTSTK,TATAMOTORS,28-Apr-2022,490.0,PE,64.0,64.0,55.0,55.0,57.95,6,94.36,373350,-2850,18-APR-2022,
OPTSTK,TATAMOTORS,28-Apr-2022,500.0,PE,73.75,75.5,65.6,66.75,66.75,24,390.04,1251150,-39900,18-APR-2022,
OPTSTK,TATAMOTORS,28-Apr-2022,510.0,PE,77.05,77.05,76.25,76.25,76.55,2,33.43,85500,0,18-APR-2022,
OPTSTK,TATAMOTORS,28-Apr-2022,520.0,PE,0.0,0.0,0.0,87.5,86.2,0,0.0,94050,0,18-APR-2022,
OPTSTK,TATAMOTORS,28-Apr-2022,530.0,PE,0.0,0.0,0.0,75.0,95.95,0,0.0,37050,0,18-APR-2022,
OPTSTK,TATAMOTORS,28-Apr-2022,540.0,PE,0.0,0.0,0.0,85.5,105.8,0,0.0,17100,0,18-APR-2022,
OPTSTK,TATAMOTORS,28-Apr-2022,550.0,PE,121.55,123.5,115.55,115.6,115.7,48,920.37,304950,51300,18-APR-2022,
OPTSTK,TATAMOTORS,28-Apr-2022,560.0,PE,0.0,0.0,0.0,125.0,125.65,0,0.0,5700,0,18-APR-2022,
OPTSTK,TATAMOTORS,28-Apr-2022,570.0,PE,0.0,0.0,0.0,103.55,135.6,0,0.0,0,0,18-APR-2022,
OPTSTK,TATAMOTORS,28-Apr-2022,580.0,PE,0.0,0.0,0.0,110.8,145.6,0,0.0,0,0,18-APR-2022,
OPTSTK,TATAMOTORS,28-Apr-2022,590.0,PE,0.0,0.0,0.0,118.25,155.55,0,0.0,0,0,18-APR-2022,
OPTSTK,TATAMOTORS,28-Apr-2022,600.0,PE,0.0,0.0,0.0,159.0,165.55,0,0.0,14250,0,18-APR-2022,
OPTSTK,TATAMOTORS,28-Apr-2022,610.0,PE,0.0,0.0,0.0,133.65,175.55,0,0.0,0,0,18-APR-2022,
OPTSTK,TATAMOTORS,28-Apr-2022,620.0,PE,0.0,0.0,0.0,141.6,185.5,0,0.0,0,0,18-APR-2022,
OPTSTK,TATAMOTORS,28-Apr-2022,630.0,PE,0.0,0.0,0.0,149.65,195.5,0,0.0,0,0,18-APR-2022,
OPTSTK,TATAMOTORS,26-May-2022,290.0,CE,0.0,0.0,0.0,145.1,145.45,0,0.0,0,0,18-APR-2022,
OPTSTK,TATAMOTORS,26-May-2022,300.0,CE,0.0,0.0,0.0,136.45,135.75,0,0.0,0,0,18-APR-2022,
OPTSTK,TATAMOTORS,26-May-2022,310.0,CE,0.0,0.0,0.0,128.0,126.15,0,0.0,0,0,18-APR-2022,
OPTSTK,TATAMOTORS,26-May-2022,320.0,CE,0.0,0.0,0.0,119.85,116.7,0,0.0,0,0,18-APR-2022,
OPTSTK,TATAMOTORS,26-May-2022,330.0,CE,0.0,0.0,0.0,112.0,107.5,0,0.0,0,0,18-APR-2022,
OPTSTK,TATAMOTORS,26-May-2022,340.0,CE,0.0,0.0,0.0,104.4,98.5,0,0.0,0,0,18-APR-2022,
OPTSTK,TATAMOTORS,26-May-2022,350.0,CE,0.0,0.0,0.0,97.2,89.8,0,0.0,0,0,18-APR-2022,
OPTSTK,TATAMOTORS,26-May-2022,360.0,CE,0.0,0.0,0.0,90.25,81.45,0,0.0,0,0,18-APR-2022,
OPTSTK,TATAMOTORS,26-May-2022,370.0,CE,0.0,0.0,0.0,83.65,73.45,0,0.0,0,0,18-APR-2022,
OPTSTK,TATAMOTORS,26-May-2022,380.0,CE,0.0,0.0,0.0,77.35,65.95,0,0.0,0,0,18-APR-2022,
OPTSTK,TATAMOTORS,26-May-2022,390.0,CE,0.0,0.0,0.0,71.45,58.8,0,0.0,0,0,18-APR-2022,
OPTSTK,TATAMOTORS,26-May-2022,400.0,CE,43.0,46.0,40.0,46.0,46.0,37,466.44,116850,59850,18-APR-2022,
OPTSTK,TATAMOTORS,26-May-2022,410.0,CE,0.0,0.0,0.0,60.6,46.05,0,0.0,0,0,18-APR-2022,
OPTSTK,TATAMOTORS,26-May-2022,420.0,CE,29.1,33.5,28.15,33.5,40.45,10,128.16,54150,25650,18-APR-2022,
OPTSTK,TATAMOTORS,26-May-2022,430.0,CE,26.0,28.65,23.0,27.4,27.4,99,1284.82,171000,94050,18-APR-2022,
OPTSTK,TATAMOTORS,26-May-2022,440.0,CE,20.65,23.5,18.4,22.75,22.75,135,1771.7,344850,65550,18-APR-2022,
OPTSTK,TATAMOTORS,26-May-2022,450.0,CE,17.2,19.45,15.05,18.35,18.35,207,2753.02,718200,99750,18-APR-2022,
OPTSTK,TATAMOTORS,26-May-2022,460.0,CE,12.05,15.5,12.05,14.75,14.75,94,1268.53,316350,54150,18-APR-2022,
OPTSTK,TATAMOTORS,26-May-2022,470.0,CE,10.0,12.9,9.7,11.9,11.9,78,1068.75,270750,99750,18-APR-2022,
OPTSTK,TATAMOTORS,26-May-2022,480.0,CE,8.75,10.5,7.7,9.45,9.45,111,1546.71,304950,65550,18-APR-2022,
OPTSTK,TATAMOTORS,26-May-2022,490.0,CE,7.0,8.0,6.0,7.7,7.7,32,453.33,91200,28500,18-APR-2022,
OPTSTK,TATAMOTORS,26-May-2022,500.0,CE,6.0,6.55,4.75,6.05,6.05,423,6095.49,1484850,196650,18-APR-2022,
OPTSTK,TATAMOTORS,26-May-2022,510.0,CE,5.0,5.0,4.05,4.1,10.0,14,205.27,39900,34200,18-APR-2022,
OPTSTK,TATAMOTORS,26-May-2022,520.0,CE,4.0,4.0,4.0,4.0,8.35,6,89.6,17100,17100,18-APR-2022,
OPTSTK,TATAMOTORS,26-May-2022,530.0,CE,0.0,0.0,0.0,20.1,7.0,0,0.0,0,0,18-APR-2022,
OPTSTK,TATAMOTORS,26-May-2022,540.0,CE,3.4,3.4,3.4,3.4,5.8,1,15.48,5700,2850,18-APR-2022,
OPTSTK,TATAMOTORS,26-May-2022,550.0,CE,2.0,2.75,1.75,2.4,2.4,56,881.49,347700,34200,18-APR-2022,
OPTSTK,TATAMOTORS,26-May-2022,560.0,CE,1.5,1.5,1.5,1.5,3.95,1,16.0,14250,2850,18-APR-2022,
OPTSTK,TATAMOTORS,26-May-2022,570.0,CE,0.0,0.0,0.0,13.4,3.25,0,0.0,0,0,18-APR-2022,
OPTSTK,TATAMOTORS,26-May-2022,580.0,CE,0.0,0.0,0.0,2.0,2.7,0,0.0,0,0,18-APR-2022,
OPTSTK,TATAMOTORS,26-May-2022,590.0,CE,0.0,0.0,0.0,10.95,2.2,0,0.0,0,0,18-APR-2022,
OPTSTK,TATAMOTORS,26-May-2022,600.0,CE,1.15,1.3,0.85,1.3,1.3,29,496.79,299250,17100,18-APR-2022,
OPTSTK,TATAMOTORS,26-May-2022,610.0,CE,0.0,0.0,0.0,8.85,1.45,0,0.0,0,0,18-APR-2022,
OPTSTK,TATAMOTORS,26-May-2022,620.0,CE,0.0,0.0,0.0,8.0,1.2,0,0.0,0,0,18-APR-2022,
OPTSTK,TATAMOTORS,26-May-2022,630.0,CE,0.75,0.95,0.75,0.85,0.85,6,107.87,22800,11400,18-APR-2022,
OPTSTK,TATAMOTORS,26-May-2022,290.0,PE,0.0,0.0,0.0,4.1,0.4,0,0.0,0,0,18-APR-2022,
OPTSTK,TATAMOTORS,26-May-2022,300.0,PE,1.0,1.0,1.0,1.0,0.65,2,17.15,76950,5700,18-APR-2022,
OPTSTK,TATAMOTORS,26-May-2022,310.0,PE,0.0,0.0,0.0,6.85,1.0,0,0.0,0,0,18-APR-2022,
OPTSTK,TATAMOTORS,26-May-2022,320.0,PE,0.0,0.0,0.0,1.0,1.5,0,0.0,5700,0,18-APR-2022,
OPTSTK,TATAMOTORS,26-May-2022,330.0,PE,0.0,0.0,0.0,10.6,2.25,0,0.0,0,0,18-APR-2022,
OPTSTK,TATAMOTORS,26-May-2022,340.0,PE,0.0,0.0,0.0,12.9,3.2,0,0.0,0,0,18-APR-2022,
OPTSTK,TATAMOTORS,26-May-2022,350.0,PE,2.5,3.45,2.2,2.3,2.3,29,291.59,188100,31350,18-APR-2022,
OPTSTK,TATAMOTORS,26-May-2022,360.0,PE,2.7,5.35,2.7,4.2,4.2,43,446.67,65550,57000,18-APR-2022,
OPTSTK,TATAMOTORS,26-May-2022,370.0,PE,0.0,0.0,0.0,21.8,8.05,0,0.0,0,0,18-APR-2022,
OPTSTK,TATAMOTORS,26-May-2022,380.0,PE,6.5,7.6,5.0,5.2,5.2,114,1255.67,245100,82650,18-APR-2022,
OPTSTK,TATAMOTORS,26-May-2022,390.0,PE,9.0,10.1,7.05,7.15,7.15,25,284.22,85500,51300,18-APR-2022,
OPTSTK,TATAMOTORS,26-May-2022,400.0,PE,12.5,13.45,9.35,9.7,9.7,204,2392.28,1561800,8550,18-APR-2022,
OPTSTK,TATAMOTORS,26-May-2022,410.0,PE,15.15,17.0,12.2,12.6,12.6,40,483.52,225150,62700,18-APR-2022,
OPTSTK,TATAMOTORS,26-May-2022,420.0,PE,22.0,22.05,16.0,16.65,16.65,53,663.55,259350,42750,18-APR-2022,
OPTSTK,TATAMOTORS,26-May-2022,430.0,PE,24.5,26.3,20.5,20.9,20.9,41,530.69,250800,37050,18-APR-2022,
OPTSTK,TATAMOTORS,26-May-2022,440.0,PE,28.6,30.55,25.3,25.95,25.95,23,306.89,239400,19950,18-APR-2022,
OPTSTK,TATAMOTORS,26-May-2022,450.0,PE,36.1,38.65,31.5,31.8,31.8,47,650.19,532950,22800,18-APR-2022,
OPTSTK,TATAMOTORS,26-May-2022,460.0,PE,37.6,37.6,37.6,37.6,37.6,1,14.18,108300,0,18-APR-2022,
OPTSTK,TATAMOTORS,26-May-2022,470.0,PE,0.0,0.0,0.0,47.5,53.6,0,0.0,11400,0,18-APR-2022,
OPTSTK,TATAMOTORS,26-May-2022,480.0,PE,54.0,54.0,54.0,54.0,60.7,1,15.21,2850,0,18-APR-2022,
OPTSTK,TATAMOTORS,26-May-2022,490.0,PE,0.0,0.0,0.0,86.5,68.15,0,0.0,0,0,18-APR-2022,
OPTSTK,TATAMOTORS,26-May-2022,500.0,PE,77.0,77.0,68.95,69.4,69.4,10,163.06,59850,28500,18-APR-2022,
OPTSTK,TATAMOTORS,26-May-2022,510.0,PE,0.0,0.0,0.0,101.15,83.95,0,0.0,0,0,18-APR-2022,
OPTSTK,TATAMOTORS,26-May-2022,520.0,PE,0.0,0.0,0.0,108.75,92.25,0,0.0,0,0,18-APR-2022,
OPTSTK,TATAMOTORS,26-May-2022,530.0,PE,0.0,0.0,0.0,116.6,100.85,0,0.0,0,0,18-APR-2022,
OPTSTK,TATAMOTORS,26-May-2022,540.0,PE,0.0,0.0,0.0,124.6,109.6,0,0.0,0,0,18-APR-2022,
OPTSTK,TATAMOTORS,26-May-2022,550.0,PE,0.0,0.0,0.0,95.0,118.6,0,0.0,2850,0,18-APR-2022,
OPTSTK,TATAMOTORS,26-May-2022,560.0,PE,0.0,0.0,0.0,141.05,127.7,0,0.0,0,0,18-APR-2022,
OPTSTK,TATAMOTORS,26-May-2022,570.0,PE,0.0,0.0,0.0,149.5,136.95,0,0.0,0,0,18-APR-2022,
OPTSTK,TATAMOTORS,26-May-2022,580.0,PE,0.0,0.0,0.0,158.1,146.3,0,0.0,0,0,18-APR-2022,
OPTSTK,TATAMOTORS,26-May-2022,590.0,PE,0.0,0.0,0.0,166.8,155.8,0,0.0,0,0,18-APR-2022,
OPTSTK,TATAMOTORS,26-May-2022,600.0,PE,0.0,0.0,0.0,175.6,165.35,0,0.0,0,0,18-APR-2022,
OPTSTK,TATAMOTORS,26-May-2022,610.0,PE,0.0,0.0,0.0,184.55,174.95,0,0.0,0,0,18-APR-2022,
OPTSTK,TATAMOTORS,26-May-2022,620.0,PE,0.0,0.0,0.0,193.55,184.65,0,0.0,0,0,18-APR-2022,
OPTSTK,TATAMOTORS,26-May-2022,630.0,PE,0.0,0.0,0.0,202.65,194.4,0,0.0,0,0,18-APR-2022,
OPTSTK,TATAMOTORS,30-Jun-2022,290.0,CE,0.0,0.0,0.0,150.75,148.55,0,0.0,0,0,18-APR-2022,
OPTSTK,TATAMOTORS,30-Jun-2022,300.0,CE,0.0,0.0,0.0,142.05,139.45,0,0.0,0,0,18-APR-2022,
OPTSTK,TATAMOTORS,30-Jun-2022,310.0,CE,0.0,0.0,0.0,133.55,130.6,0,0.0,0,0,18-APR-2022,
OPTSTK,TATAMOTORS,30-Jun-2022,320.0,CE,0.0,0.0,0.0,125.35,122.0,0,0.0,0,0,18-APR-2022,
OPTSTK,TATAMOTORS,30-Jun-2022,330.0,CE,0.0,0.0,0.0,117.4,113.6,0,0.0,0,0,18-APR-2022,
OPTSTK,TATAMOTORS,30-Jun-2022,340.0,CE,0.0,0.0,0.0,109.7,105.55,0,0.0,0,0,18-APR-2022,
OPTSTK,TATAMOTORS,30-Jun-2022,350.0,CE,0.0,0.0,0.0,102.35,97.8,0,0.0,0,0,18-APR-2022,
OPTSTK,TATAMOTORS,30-Jun-2022,360.0,CE,0.0,0.0,0.0,95.3,90.4,0,0.0,0,0,18-APR-2022,
OPTSTK,TATAMOTORS,30-Jun-2022,370.0,CE,0.0,0.0,0.0,88.6,83.3,0,0.0,0,0,18-APR-2022,
OPTSTK,TATAMOTORS,30-Jun-2022,380.0,CE,0.0,0.0,0.0,82.15,76.6,0,0.0,0,0,18-APR-2022,
OPTSTK,TATAMOTORS,30-Jun-2022,390.0,CE,0.0,0.0,0.0,76.1,70.25,0,0.0,0,0,18-APR-2022,
OPTSTK,TATAMOTORS,30-Jun-2022,400.0,CE,0.0,0.0,0.0,70.35,64.25,0,0.0,0,0,18-APR-2022,
OPTSTK,TATAMOTORS,30-Jun-2022,410.0,CE,0.0,0.0,0.0,64.95,58.65,0,0.0,0,0,18-APR-2022,
OPTSTK,TATAMOTORS,30-Jun-2022,420.0,CE,0.0,0.0,0.0,59.85,53.4,0,0.0,0,0,18-APR-2022,
OPTSTK,TATAMOTORS,30-Jun-2022,430.0,CE,0.0,0.0,0.0,55.1,48.5,0,0.0,0,0,18-APR-2022,
OPTSTK,TATAMOTORS,30-Jun-2022,440.0,CE,0.0,0.0,0.0,50.65,44.0,0,0.0,0,0,18-APR-2022,
OPTSTK,TATAMOTORS,30-Jun-2022,450.0,CE,24.0,25.45,22.0,23.45,39.8,8,108.05,31350,0,18-APR-2022,
OPTSTK,TATAMOTORS,30-Jun-2022,460.0,CE,0.0,0.0,0.0,42.6,35.95,0,0.0,0,0,18-APR-2022,
OPTSTK,TATAMOTORS,30-Jun-2022,470.0,CE,0.0,0.0,0.0,39.0,32.4,0,0.0,0,0,18-APR-2022,
OPTSTK,TATAMOTORS,30-Jun-2022,480.0,CE,0.0,0.0,0.0,35.65,29.15,0,0.0,0,0,18-APR-2022,
OPTSTK,TATAMOTORS,30-Jun-2022,490.0,CE,0.0,0.0,0.0,32.55,26.15,0,0.0,0,0,18-APR-2022,
OPTSTK,TATAMOTORS,30-Jun-2022,500.0,CE,12.4,13.4,10.5,12.65,12.65,10,145.93,34200,11400,18-APR-2022,
OPTSTK,TATAMOTORS,30-Jun-2022,510.0,CE,0.0,0.0,0.0,27.05,21.0,0,0.0,0,0,18-APR-2022,
OPTSTK,TATAMOTORS,30-Jun-2022,520.0,CE,0.0,0.0,0.0,24.65,18.8,0,0.0,0,0,18-APR-2022,
OPTSTK,TATAMOTORS,30-Jun-2022,530.0,CE,0.0,0.0,0.0,22.45,16.8,0,0.0,0,0,18-APR-2022,
OPTSTK,TATAMOTORS,30-Jun-2022,540.0,CE,0.0,0.0,0.0,20.4,14.95,0,0.0,0,0,18-APR-2022,
OPTSTK,TATAMOTORS,30-Jun-2022,550.0,CE,0.0,0.0,0.0,18.5,13.3,0,0.0,0,0,18-APR-2022,
OPTSTK,TATAMOTORS,30-Jun-2022,560.0,CE,0.0,0.0,0.0,16.8,11.85,0,0.0,0,0,18-APR-2022,
OPTSTK,TATAMOTORS,30-Jun-2022,570.0,CE,0.0,0.0,0.0,15.25,10.5,0,0.0,0,0,18-APR-2022,
OPTSTK,TATAMOTORS,30-Jun-2022,580.0,CE,0.0,0.0,0.0,13.8,9.3,0,0.0,0,0,18-APR-2022,
OPTSTK,TATAMOTORS,30-Jun-2022,590.0,CE,0.0,0.0,0.0,12.5,8.25,0,0.0,0,0,18-APR-2022,
OPTSTK,TATAMOTORS,30-Jun-2022,600.0,CE,3.0,3.25,2.5,3.25,7.3,6,103.12,17100,11400,18-APR-2022,
OPTSTK,TATAMOTORS,30-Jun-2022,610.0,CE,0.0,0.0,0.0,10.2,6.45,0,0.0,0,0,18-APR-2022,
OPTSTK,TATAMOTORS,30-Jun-2022,290.0,PE,0.0,0.0,0.0,3.95,2.3,0,0.0,0,0,18-APR-2022,
OPTSTK,TATAMOTORS,30-Jun-2022,300.0,PE,0.0,0.0,0.0,5.15,3.15,0,0.0,0,0,18-APR-2022,
OPTSTK,TATAMOTORS,30-Jun-2022,310.0,PE,0.0,0.0,0.0,6.55,4.2,0,0.0,0,0,18-APR-2022,
OPTSTK,TATAMOTORS,30-Jun-2022,320.0,PE,0.0,0.0,0.0,8.2,5.45,0,0.0,0,0,18-APR-2022,
OPTSTK,TATAMOTORS,30-Jun-2022,330.0,PE,0.0,0.0,0.0,10.15,7.05,0,0.0,0,0,18-APR-2022,
OPTSTK,TATAMOTORS,30-Jun-2022,340.0,PE,0.0,0.0,0.0,12.4,8.9,0,0.0,0,0,18-APR-2022,
OPTSTK,TATAMOTORS,30-Jun-2022,350.0,PE,0.0,0.0,0.0,14.95,11.05,0,0.0,0,0,18-APR-2022,
OPTSTK,TATAMOTORS,30-Jun-2022,360.0,PE,0.0,0.0,0.0,17.75,13.55,0,0.0,0,0,18-APR-2022,
OPTSTK,TATAMOTORS,30-Jun-2022,370.0,PE,0.0,0.0,0.0,20.95,16.4,0,0.0,0,0,18-APR-2022,
OPTSTK,TATAMOTORS,30-Jun-2022,380.0,PE,11.0,11.0,10.0,10.0,10.0,2,22.25,68400,0,18-APR-2022,
OPTSTK,TATAMOTORS,30-Jun-2022,390.0,PE,0.0,0.0,0.0,28.25,23.15,0,0.0,0,0,18-APR-2022,
OPTSTK,TATAMOTORS,30-Jun-2022,400.0,PE,17.0,18.0,15.0,15.4,15.4,91,1079.72,552900,22800,18-APR-2022,
OPTSTK,TATAMOTORS,30-Jun-2022,410.0,PE,0.0,0.0,0.0,36.9,31.35,0,0.0,0,0,18-APR-2022,
OPTSTK,TATAMOTORS,30-Jun-2022,420.0,PE,0.0,0.0,0.0,41.7,36.05,0,0.0,0,0,18-APR-2022,
OPTSTK,TATAMOTORS,30-Jun-2022,430.0,PE,0.0,0.0,0.0,46.8,41.1,0,0.0,0,0,18-APR-2022,
OPTSTK,TATAMOTORS,30-Jun-2022,440.0,PE,0.0,0.0,0.0,52.25,46.45,0,0.0,0,0,18-APR-2022,
OPTSTK,TATAMOTORS,30-Jun-2022,450.0,PE,0.0,0.0,0.0,58.0,52.2,0,0.0,0,0,18-APR-2022,
OPTSTK,TATAMOTORS,30-Jun-2022,460.0,PE,0.0,0.0,0.0,40.0,58.25,0,0.0,2850,0,18-APR-2022,
OPTSTK,TATAMOTORS,30-Jun-2022,470.0,PE,0.0,0.0,0.0,70.3,64.6,0,0.0,0,0,18-APR-2022,
OPTSTK,TATAMOTORS,30-Jun-2022,480.0,PE,0.0,0.0,0.0,76.85,71.25,0,0.0,0,0,18-APR-2022,
OPTSTK,TATAMOTORS,30-Jun-2022,490.0,PE,0.0,0.0,0.0,83.65,78.2,0,0.0,0,0,18-APR-2022,
OPTSTK,TATAMOTORS,30-Jun-2022,500.0,PE,0.0,0.0,0.0,90.7,85.4,0,0.0,0,0,18-APR-2022,
OPTSTK,TATAMOTORS,30-Jun-2022,510.0,PE,0.0,0.0,0.0,97.95,92.9,0,0.0,0,0,18-APR-2022,
OPTSTK,TATAMOTORS,30-Jun-2022,520.0,PE,0.0,0.0,0.0,105.45,100.6,0,0.0,0,0,18-APR-2022,
OPTSTK,TATAMOTORS,30-Jun-2022,530.0,PE,0.0,0.0,0.0,113.1,108.5,0,0.0,0,0,18-APR-2022,
OPTSTK,TATAMOTORS,30-Jun-2022,540.0,PE,0.0,0.0,0.0,120.95,116.55,0,0.0,0,0,18-APR-2022,
OPTSTK,TATAMOTORS,30-Jun-2022,550.0,PE,0.0,0.0,0.0,129.0,124.85,0,0.0,0,0,18-APR-2022,
OPTSTK,TATAMOTORS,30-Jun-2022,560.0,PE,0.0,0.0,0.0,137.15,133.3,0,0.0,0,0,18-APR-2022,
OPTSTK,TATAMOTORS,30-Jun-2022,570.0,PE,0.0,0.0,0.0,145.5,141.9,0,0.0,0,0,18-APR-2022,
OPTSTK,TATAMOTORS,30-Jun-2022,580.0,PE,0.0,0.0,0.0,153.95,150.6,0,0.0,0,0,18-APR-2022,
OPTSTK,TATAMOTORS,30-Jun-2022,590.0,PE,0.0,0.0,0.0,162.55,159.45,0,0.0,0,0,18-APR-2022,
OPTSTK,TATAMOTORS,30-Jun-2022,600.0,PE,0.0,0.0,0.0,171.25,168.45,0,0.0,0,0,18-APR-2022,
OPTSTK,TATAMOTORS,30-Jun-2022,610.0,PE,0.0,0.0,0.0,180.05,177.5,0,0.0,0,0,18-APR-2022,
OPTSTK,TATAPOWER,28-Apr-2022,155.0,CE,0.0,0.0,0.0,88.85,103.1,0,0.0,0,0,18-APR-2022,
OPTSTK,TATAPOWER,28-Apr-2022,160.0,CE,0.0,0.0,0.0,82.15,98.1,0,0.0,47250,0,18-APR-2022,
OPTSTK,TATAPOWER,28-Apr-2022,165.0,CE,0.0,0.0,0.0,79.8,93.1,0,0.0,0,0,18-APR-2022,
OPTSTK,TATAPOWER,28-Apr-2022,170.0,CE,0.0,0.0,0.0,75.4,88.1,0,0.0,0,0,18-APR-2022,
OPTSTK,TATAPOWER,28-Apr-2022,175.0,CE,0.0,0.0,0.0,71.1,83.1,0,0.0,0,0,18-APR-2022,
OPTSTK,TATAPOWER,28-Apr-2022,180.0,CE,0.0,0.0,0.0,66.95,78.1,0,0.0,0,0,18-APR-2022,
OPTSTK,TATAPOWER,28-Apr-2022,185.0,CE,0.0,0.0,0.0,62.9,73.15,0,0.0,0,0,18-APR-2022,
OPTSTK,TATAPOWER,28-Apr-2022,190.0,CE,0.0,0.0,0.0,59.0,68.15,0,0.0,0,0,18-APR-2022,
OPTSTK,TATAPOWER,28-Apr-2022,195.0,CE,0.0,0.0,0.0,55.25,63.15,0,0.0,0,0,18-APR-2022,
OPTSTK,TATAPOWER,28-Apr-2022,200.0,CE,0.0,0.0,0.0,94.95,58.15,0,0.0,155250,0,18-APR-2022,
OPTSTK,TATAPOWER,28-Apr-2022,205.0,CE,0.0,0.0,0.0,48.15,53.2,0,0.0,0,0,18-APR-2022,
OPTSTK,TATAPOWER,28-Apr-2022,210.0,CE,0.0,0.0,0.0,77.0,48.25,0,0.0,60750,0,18-APR-2022,
OPTSTK,TATAPOWER,28-Apr-2022,215.0,CE,0.0,0.0,0.0,38.0,43.35,0,0.0,13500,0,18-APR-2022,
OPTSTK,TATAPOWER,28-Apr-2022,220.0,CE,38.95,42.9,36.2,38.5,38.5,19,331.95,627750,-67500,18-APR-2022,
OPTSTK,TATAPOWER,28-Apr-2022,225.0,CE,36.8,37.95,31.65,31.65,33.85,6,105.01,128250,-6750,18-APR-2022,
OPTSTK,TATAPOWER,28-Apr-2022,230.0,CE,28.2,34.9,27.1,29.0,29.0,98,1719.68,985500,-54000,18-APR-2022,
OPTSTK,TATAPOWER,28-Apr-2022,235.0,CE,25.75,28.9,23.4,24.3,24.3,22,385.89,371250,0,18-APR-2022,
OPTSTK,TATAPOWER,28-Apr-2022,240.0,CE,21.45,26.0,17.85,20.15,20.15,172,3028.48,1255500,290250,18-APR-2022,
OPTSTK,TATAPOWER,28-Apr-2022,245.0,CE,20.05,21.55,14.35,15.9,15.9,144,2543.2,1167750,290250,18-APR-2022,
OPTSTK,TATAPOWER,28-Apr-2022,250.0,CE,9.9,17.85,9.9,12.2,12.2,1370,24354.73,3300750,1073250,18-APR-2022,
OPTSTK,TATAPOWER,28-Apr-2022,255.0,CE,46.1,46.1,7.95,9.1,9.1,1120,20025.83,3145500,1100250,18-APR-2022,
OPTSTK,TATAPOWER,28-Apr-2022,260.0,CE,10.45,11.15,5.95,6.85,6.85,6615,119720.63,8829000,5589000,18-APR-2022,
OPTSTK,TATAPOWER,28-Apr-2022,265.0,CE,7.0,10.3,4.5,5.1,5.1,3290,60241.68,3604500,2754000,18-APR-2022,
OPTSTK,TATAPOWER,28-Apr-2022,270.0,CE,11.85,11.85,3.45,3.85,3.85,7171,133067.38,11387250,7472250,18-APR-2022,
OPTSTK,TATAPOWER,28-Apr-2022,275.0,CE,7.85,21.0,2.7,2.95,2.95,2884,54264.11,5784750,2646000,18-APR-2022,
OPTSTK,TATAPOWER,28-Apr-2022,280.0,CE,6.5,6.5,1.95,2.4,2.4,7709,147256.51,17766000,6594750,18-APR-2022,
OPTSTK,TATAPOWER,28-Apr-2022,285.0,CE,5.0,5.0,1.35,2.05,2.05,2158,41870.17,5427000,918000,18-APR-2022,
OPTSTK,TATAPOWER,28-Apr-2022,290.0,CE,3.45,4.25,1.05,1.8,1.8,4785,94334.77,13608000,614250,18-APR-2022,
OPTSTK,TATAPOWER,28-Apr-2022,295.0,CE,2.45,3.3,1.0,1.6,1.6,1239,24826.64,4178250,0,18-APR-2022,
OPTSTK,TATAPOWER,28-Apr-2022,300.0,CE,3.0,3.85,1.25,1.45,1.45,7847,159742.4,35160750,8707500,18-APR-2022,
OPTSTK,TATAPOWER,28-Apr-2022,305.0,CE,1.95,2.35,1.1,1.25,1.25,1213,25088.89,5413500,337500,18-APR-2022,
OPTSTK,TATAPOWER,28-Apr-2022,310.0,CE,1.7,2.0,0.95,1.1,1.1,2352,49406.27,8133750,1086750,18-APR-2022,
OPTSTK,TATAPOWER,28-Apr-2022,315.0,CE,1.4,1.4,0.9,0.95,0.95,579,12353.25,2517750,540000,18-APR-2022,
OPTSTK,TATAPOWER,28-Apr-2022,320.0,CE,1.5,1.95,0.75,0.85,0.85,2627,56910.84,13905000,-567000,18-APR-2022,
OPTSTK,TATAPOWER,28-Apr-2022,325.0,CE,1.2,1.2,0.7,0.75,0.75,259,5696.47,1194750,94500,18-APR-2022,
OPTSTK,TATAPOWER,28-Apr-2022,330.0,CE,0.7,1.25,0.65,0.7,0.7,937,20920.85,3705750,-13500,18-APR-2022,
OPTSTK,TATAPOWER,28-Apr-2022,335.0,CE,0.9,1.5,0.55,0.65,0.65,746,16903.82,4947750,40500,18-APR-2022,
OPTSTK,TATAPOWER,28-Apr-2022,155.0,PE,0.0,0.0,0.0,0.05,0.0,0,0.0,20250,0,18-APR-2022,
OPTSTK,TATAPOWER,28-Apr-2022,160.0,PE,0.1,0.1,0.05,0.05,0.05,8,86.43,229500,-6750,18-APR-2022,
OPTSTK,TATAPOWER,28-Apr-2022,165.0,PE,0.0,0.0,0.0,2.0,0.0,0,0.0,0,0,18-APR-2022,
OPTSTK,TATAPOWER,28-Apr-2022,170.0,PE,0.0,0.0,0.0,2.6,0.0,0,0.0,0,0,18-APR-2022,
OPTSTK,TATAPOWER,28-Apr-2022,175.0,PE,0.0,0.0,0.0,3.25,0.0,0,0.0,0,0,18-APR-2022,
OPTSTK,TATAPOWER,28-Apr-2022,180.0,PE,0.1,0.15,0.1,0.15,0.15,8,97.26,168750,13500,18-APR-2022,
OPTSTK,TATAPOWER,28-Apr-2022,185.0,PE,0.0,0.0,0.0,4.95,0.0,0,0.0,0,0,18-APR-2022,
OPTSTK,TATAPOWER,28-Apr-2022,190.0,PE,0.2,0.3,0.15,0.15,0.15,40,513.61,465750,-13500,18-APR-2022,
OPTSTK,TATAPOWER,28-Apr-2022,195.0,PE,0.15,0.2,0.15,0.15,0.15,7,92.21,67500,-6750,18-APR-2022,
OPTSTK,TATAPOWER,28-Apr-2022,200.0,PE,0.2,0.4,0.2,0.2,0.2,213,2879.18,2396250,-81000,18-APR-2022,
OPTSTK,TATAPOWER,28-Apr-2022,205.0,PE,0.35,0.35,0.2,0.25,0.25,31,429.46,276750,0,18-APR-2022,
OPTSTK,TATAPOWER,28-Apr-2022,210.0,PE,0.15,0.45,0.15,0.2,0.2,451,6400.98,1674000,-607500,18-APR-2022,
OPTSTK,TATAPOWER,28-Apr-2022,215.0,PE,0.4,0.45,0.25,0.3,0.3,150,2180.32,540000,-81000,18-APR-2022,
OPTSTK,TATAPOWER,28-Apr-2022,220.0,PE,0.25,0.6,0.25,0.4,0.4,672,9998.85,3294000,-216000,18-APR-2022,
OPTSTK,TATAPOWER,28-Apr-2022,225.0,PE,0.95,0.95,0.5,0.55,0.55,447,6807.22,1215000,-74250,18-APR-2022,
OPTSTK,TATAPOWER,28-Apr-2022,230.0,PE,0.5,1.5,0.5,0.85,0.85,2614,40742.42,5130000,533250,18-APR-2022,
OPTSTK,TATAPOWER,28-Apr-2022,235.0,PE,1.5,1.9,1.0,1.25,1.25,1041,16610.14,1856250,398250,18-APR-2022,
OPTSTK,TATAPOWER,28-Apr-2022,240.0,PE,1.2,2.9,1.15,1.9,1.9,3256,53206.41,6959250,1161000,18-APR-2022,
OPTSTK,TATAPOWER,28-Apr-2022,245.0,PE,3.2,6.2,1.75,2.75,2.75,1254,20987.33,2443500,121500,18-APR-2022,
OPTSTK,TATAPOWER,28-Apr-2022,250.0,PE,3.0,13.9,2.7,4.0,4.0,4224,72512.05,8302500,249750,18-APR-2022,
OPTSTK,TATAPOWER,28-Apr-2022,255.0,PE,7.1,8.15,4.4,5.8,5.8,1949,34374.32,3145500,938250,18-APR-2022,
OPTSTK,TATAPOWER,28-Apr-2022,260.0,PE,5.5,12.15,5.5,8.5,8.5,4413,80005.42,7580250,-33750,18-APR-2022,
OPTSTK,TATAPOWER,28-Apr-2022,265.0,PE,8.45,17.85,8.45,11.9,11.9,854,15924.69,1120500,-364500,18-APR-2022,
OPTSTK,TATAPOWER,28-Apr-2022,270.0,PE,11.15,20.0,11.15,15.5,15.5,1086,20892.16,3996000,-978750,18-APR-2022,
OPTSTK,TATAPOWER,28-Apr-2022,275.0,PE,13.4,23.15,13.4,19.6,19.6,329,6528.92,1910250,-479250,18-APR-2022,
OPTSTK,TATAPOWER,28-Apr-2022,280.0,PE,15.65,28.05,15.65,23.9,23.9,580,11882.17,3253500,-735750,18-APR-2022,
OPTSTK,TATAPOWER,28-Apr-2022,285.0,PE,29.75,30.85,23.5,28.65,28.65,109,2303.83,1147500,-202500,18-APR-2022,
OPTSTK,TATAPOWER,28-Apr-2022,290.0,PE,54.2,54.2,28.0,33.05,33.05,102,2221.23,1593000,-411750,18-APR-2022,
OPTSTK,TATAPOWER,28-Apr-2022,295.0,PE,37.0,39.75,34.2,38.35,38.35,8,179.78,533250,-13500,18-APR-2022,
OPTSTK,TATAPOWER,28-Apr-2022,300.0,PE,25.0,45.25,25.0,43.3,43.3,39,899.61,1296000,-33750,18-APR-2022,
OPTSTK,TATAPOWER,28-Apr-2022,305.0,PE,47.7,47.7,47.7,47.7,47.15,1,23.8,337500,-6750,18-APR-2022,
OPTSTK,TATAPOWER,28-Apr-2022,310.0,PE,51.1,55.6,48.25,55.6,52.0,5,122.2,378000,-13500,18-APR-2022,
OPTSTK,TATAPOWER,28-Apr-2022,315.0,PE,0.0,0.0,0.0,41.25,56.9,0,0.0,60750,0,18-APR-2022,
OPTSTK,TATAPOWER,28-Apr-2022,320.0,PE,59.3,59.3,59.3,59.3,61.85,1,25.6,155250,0,18-APR-2022,
OPTSTK,TATAPOWER,28-Apr-2022,325.0,PE,0.0,0.0,0.0,49.5,66.8,0,0.0,6750,0,18-APR-2022,
OPTSTK,TATAPOWER,28-Apr-2022,330.0,PE,73.5,73.5,73.5,73.5,71.8,1,27.23,6750,-6750,18-APR-2022,
OPTSTK,TATAPOWER,28-Apr-2022,335.0,PE,0.0,0.0,0.0,95.35,76.75,0,0.0,0,0,18-APR-2022,
OPTSTK,TATAPOWER,26-May-2022,155.0,CE,0.0,0.0,0.0,54.65,103.65,0,0.0,0,0,18-APR-2022,
OPTSTK,TATAPOWER,26-May-2022,160.0,CE,0.0,0.0,0.0,50.7,98.65,0,0.0,0,0,18-APR-2022,
OPTSTK,TATAPOWER,26-May-2022,165.0,CE,0.0,0.0,0.0,46.9,93.75,0,0.0,0,0,18-APR-2022,
OPTSTK,TATAPOWER,26-May-2022,170.0,CE,0.0,0.0,0.0,43.25,88.8,0,0.0,0,0,18-APR-2022,
OPTSTK,TATAPOWER,26-May-2022,175.0,CE,0.0,0.0,0.0,39.8,83.9,0,0.0,0,0,18-APR-2022,
OPTSTK,TATAPOWER,26-May-2022,180.0,CE,0.0,0.0,0.0,36.55,79.05,0,0.0,0,0,18-APR-2022,
OPTSTK,TATAPOWER,26-May-2022,185.0,CE,0.0,0.0,0.0,33.45,74.2,0,0.0,0,0,18-APR-2022,
OPTSTK,TATAPOWER,26-May-2022,190.0,CE,0.0,0.0,0.0,30.55,69.45,0,0.0,0,0,18-APR-2022,
OPTSTK,TATAPOWER,26-May-2022,195.0,CE,0.0,0.0,0.0,27.85,64.8,0,0.0,0,0,18-APR-2022,
OPTSTK,TATAPOWER,26-May-2022,200.0,CE,0.0,0.0,0.0,80.8,60.2,0,0.0,6750,0,18-APR-2022,
OPTSTK,TATAPOWER,26-May-2022,205.0,CE,0.0,0.0,0.0,23.0,55.75,0,0.0,0,0,18-APR-2022,
OPTSTK,TATAPOWER,26-May-2022,210.0,CE,0.0,0.0,0.0,20.85,51.4,0,0.0,0,0,18-APR-2022,
OPTSTK,TATAPOWER,26-May-2022,215.0,CE,0.0,0.0,0.0,18.85,47.25,0,0.0,0,0,18-APR-2022,
OPTSTK,TATAPOWER,26-May-2022,220.0,CE,0.0,0.0,0.0,72.15,43.2,0,0.0,0,0,18-APR-2022,
OPTSTK,TATAPOWER,26-May-2022,225.0,CE,0.0,0.0,0.0,15.3,39.35,0,0.0,0,0,18-APR-2022,
OPTSTK,TATAPOWER,26-May-2022,230.0,CE,33.0,34.5,33.0,34.0,35.7,7,124.73,33750,27000,18-APR-2022,
OPTSTK,TATAPOWER,26-May-2022,235.0,CE,29.75,29.75,29.75,29.75,32.25,1,17.87,13500,6750,18-APR-2022,
OPTSTK,TATAPOWER,26-May-2022,240.0,CE,28.25,28.25,26.4,26.5,26.5,15,270.16,101250,40500,18-APR-2022,
OPTSTK,TATAPOWER,26-May-2022,245.0,CE,0.0,0.0,0.0,44.0,26.0,0,0.0,13500,0,18-APR-2022,
OPTSTK,TATAPOWER,26-May-2022,250.0,CE,31.05,31.05,19.5,20.4,20.4,70,1284.9,249750,162000,18-APR-2022,
OPTSTK,TATAPOWER,26-May-2022,255.0,CE,0.0,0.0,0.0,16.9,20.6,0,0.0,13500,0,18-APR-2022,
OPTSTK,TATAPOWER,26-May-2022,260.0,CE,18.0,20.25,15.0,15.85,15.85,218,4077.69,816750,742500,18-APR-2022,
OPTSTK,TATAPOWER,26-May-2022,265.0,CE,16.3,20.2,13.55,14.1,16.05,20,379.5,60750,60750,18-APR-2022,
OPTSTK,TATAPOWER,26-May-2022,270.0,CE,16.2,16.2,11.2,12.2,12.2,225,4301.41,783000,519750,18-APR-2022,
OPTSTK,TATAPOWER,26-May-2022,275.0,CE,11.85,13.5,10.4,10.5,10.5,19,367.14,108000,81000,18-APR-2022,
OPTSTK,TATAPOWER,26-May-2022,280.0,CE,10.25,11.95,8.5,8.85,8.85,265,5183.69,857250,418500,18-APR-2022,
OPTSTK,TATAPOWER,26-May-2022,285.0,CE,9.7,9.8,7.85,8.25,9.3,22,435.92,141750,108000,18-APR-2022,
OPTSTK,TATAPOWER,26-May-2022,290.0,CE,11.85,11.85,6.55,6.7,6.7,224,4498.31,897750,405000,18-APR-2022,
OPTSTK,TATAPOWER,26-May-2022,295.0,CE,8.0,8.05,5.35,5.35,5.35,5,101.95,108000,20250,18-APR-2022,
OPTSTK,TATAPOWER,26-May-2022,300.0,CE,8.6,8.85,4.95,5.15,5.15,556,11483.08,2612250,1167750,18-APR-2022,
OPTSTK,TATAPOWER,26-May-2022,305.0,CE,5.25,5.45,5.25,5.45,5.1,2,41.89,74250,6750,18-APR-2022,
OPTSTK,TATAPOWER,26-May-2022,310.0,CE,5.95,5.95,4.0,4.2,4.2,93,1976.3,425250,209250,18-APR-2022,
OPTSTK,TATAPOWER,26-May-2022,315.0,CE,5.15,5.15,3.5,3.55,3.55,16,344.53,94500,81000,18-APR-2022,
OPTSTK,TATAPOWER,26-May-2022,320.0,CE,5.7,5.7,3.15,3.2,3.2,93,2031.93,715500,175500,18-APR-2022,
OPTSTK,TATAPOWER,26-May-2022,325.0,CE,12.0,12.0,12.0,12.0,2.65,1,22.74,6750,6750,18-APR-2022,
OPTSTK,TATAPOWER,26-May-2022,330.0,CE,3.2,3.45,2.05,2.65,2.65,50,1123.19,297000,155250,18-APR-2022,
OPTSTK,TATAPOWER,26-May-2022,335.0,CE,3.15,3.15,2.05,2.2,2.2,49,1116.29,438750,141750,18-APR-2022,
OPTSTK,TATAPOWER,26-May-2022,155.0,PE,0.0,0.0,0.0,3.75,0.05,0,0.0,0,0,18-APR-2022,
OPTSTK,TATAPOWER,26-May-2022,160.0,PE,0.2,0.2,0.2,0.2,0.2,1,10.81,27000,0,18-APR-2022,
OPTSTK,TATAPOWER,26-May-2022,165.0,PE,0.0,0.0,0.0,5.85,0.1,0,0.0,0,0,18-APR-2022,
OPTSTK,TATAPOWER,26-May-2022,170.0,PE,0.0,0.0,0.0,0.4,0.15,0,0.0,6750,0,18-APR-2022,
OPTSTK,TATAPOWER,26-May-2022,175.0,PE,0.0,0.0,0.0,8.7,0.25,0,0.0,0,0,18-APR-2022,
OPTSTK,TATAPOWER,26-May-2022,180.0,PE,0.0,0.0,0.0,10.35,0.35,0,0.0,0,0,18-APR-2022,
OPTSTK,TATAPOWER,26-May-2022,185.0,PE,0.0,0.0,0.0,12.25,0.5,0,0.0,0,0,18-APR-2022,
OPTSTK,TATAPOWER,26-May-2022,190.0,PE,0.0,0.0,0.0,14.3,0.75,0,0.0,0,0,18-APR-2022,
OPTSTK,TATAPOWER,26-May-2022,195.0,PE,0.0,0.0,0.0,16.55,1.05,0,0.0,0,0,18-APR-2022,
OPTSTK,TATAPOWER,26-May-2022,200.0,PE,1.3,1.3,1.0,1.25,1.25,46,624.54,330750,121500,18-APR-2022,
OPTSTK,TATAPOWER,26-May-2022,205.0,PE,0.0,0.0,0.0,21.55,1.95,0,0.0,0,0,18-APR-2022,
OPTSTK,TATAPOWER,26-May-2022,210.0,PE,1.1,1.8,1.1,1.8,1.8,4,57.11,27000,6750,18-APR-2022,
OPTSTK,TATAPOWER,26-May-2022,215.0,PE,0.0,0.0,0.0,27.3,3.4,0,0.0,0,0,18-APR-2022,
OPTSTK,TATAPOWER,26-May-2022,220.0,PE,3.8,3.9,2.3,2.85,2.85,123,1851.31,668250,391500,18-APR-2022,
OPTSTK,TATAPOWER,26-May-2022,225.0,PE,3.85,3.85,3.85,3.85,5.45,1,15.44,27000,0,18-APR-2022,
OPTSTK,TATAPOWER,26-May-2022,230.0,PE,5.0,5.5,4.0,4.75,4.75,88,1394.12,641250,236250,18-APR-2022,
OPTSTK,TATAPOWER,26-May-2022,235.0,PE,5.5,6.05,5.5,6.05,6.05,12,194.87,81000,54000,18-APR-2022,
OPTSTK,TATAPOWER,26-May-2022,240.0,PE,7.0,8.85,6.5,7.45,7.45,114,1905.71,729000,283500,18-APR-2022,
OPTSTK,TATAPOWER,26-May-2022,245.0,PE,0.0,0.0,0.0,6.3,12.0,0,0.0,13500,0,18-APR-2022,
OPTSTK,TATAPOWER,26-May-2022,250.0,PE,14.4,14.4,9.7,11.35,11.35,176,3104.81,931500,256500,18-APR-2022,
OPTSTK,TATAPOWER,26-May-2022,255.0,PE,0.0,0.0,0.0,55.95,16.55,0,0.0,0,0,18-APR-2022,
OPTSTK,TATAPOWER,26-May-2022,260.0,PE,16.7,20.95,14.0,16.3,16.3,74,1379.87,499500,297000,18-APR-2022,
OPTSTK,TATAPOWER,26-May-2022,265.0,PE,16.5,18.9,16.5,18.9,18.9,3,57.16,13500,13500,18-APR-2022,
OPTSTK,TATAPOWER,26-May-2022,270.0,PE,24.35,24.7,19.85,23.05,23.05,97,1916.83,580500,168750,18-APR-2022,
OPTSTK,TATAPOWER,26-May-2022,275.0,PE,0.0,0.0,0.0,18.3,28.2,0,0.0,20250,0,18-APR-2022,
OPTSTK,TATAPOWER,26-May-2022,280.0,PE,30.2,30.35,27.35,29.0,29.0,19,395.94,236250,33750,18-APR-2022,
OPTSTK,TATAPOWER,26-May-2022,285.0,PE,0.0,0.0,0.0,22.85,35.15,0,0.0,27000,0,18-APR-2022,
OPTSTK,TATAPOWER,26-May-2022,290.0,PE,31.55,36.7,31.55,35.5,38.85,3,65.72,94500,0,18-APR-2022,
OPTSTK,TATAPOWER,26-May-2022,295.0,PE,0.0,0.0,0.0,90.7,42.75,0,0.0,0,0,18-APR-2022,
OPTSTK,TATAPOWER,26-May-2022,300.0,PE,43.0,43.85,41.8,43.85,46.75,4,92.62,87750,0,18-APR-2022,
OPTSTK,TATAPOWER,26-May-2022,305.0,PE,0.0,0.0,0.0,99.9,50.85,0,0.0,0,0,18-APR-2022,
OPTSTK,TATAPOWER,26-May-2022,310.0,PE,0.0,0.0,0.0,38.75,55.1,0,0.0,13500,0,18-APR-2022,
OPTSTK,TATAPOWER,26-May-2022,315.0,PE,0.0,0.0,0.0,95.3,59.4,0,0.0,0,0,18-APR-2022,
OPTSTK,TATAPOWER,26-May-2022,320.0,PE,0.0,0.0,0.0,99.9,63.85,0,0.0,0,0,18-APR-2022,
OPTSTK,TATAPOWER,26-May-2022,325.0,PE,0.0,0.0,0.0,101.9,68.35,0,0.0,0,0,18-APR-2022,
OPTSTK,TATAPOWER,26-May-2022,330.0,PE,70.0,73.5,70.0,72.5,72.9,6,162.94,40500,40500,18-APR-2022,
OPTSTK,TATAPOWER,26-May-2022,335.0,PE,0.0,0.0,0.0,101.6,77.5,0,0.0,0,0,18-APR-2022,
OPTSTK,TATAPOWER,30-Jun-2022,155.0,CE,0.0,0.0,0.0,86.45,104.6,0,0.0,0,0,18-APR-2022,
OPTSTK,TATAPOWER,30-Jun-2022,160.0,CE,0.0,0.0,0.0,81.9,99.8,0,0.0,0,0,18-APR-2022,
OPTSTK,TATAPOWER,30-Jun-2022,165.0,CE,0.0,0.0,0.0,77.45,95.05,0,0.0,0,0,18-APR-2022,
OPTSTK,TATAPOWER,30-Jun-2022,170.0,CE,0.0,0.0,0.0,73.05,90.35,0,0.0,0,0,18-APR-2022,
OPTSTK,TATAPOWER,30-Jun-2022,175.0,CE,0.0,0.0,0.0,68.8,85.7,0,0.0,0,0,18-APR-2022,
OPTSTK,TATAPOWER,30-Jun-2022,180.0,CE,0.0,0.0,0.0,64.65,81.15,0,0.0,0,0,18-APR-2022,
OPTSTK,TATAPOWER,30-Jun-2022,185.0,CE,0.0,0.0,0.0,60.65,76.7,0,0.0,0,0,18-APR-2022,
OPTSTK,TATAPOWER,30-Jun-2022,190.0,CE,0.0,0.0,0.0,56.75,72.3,0,0.0,0,0,18-APR-2022,
OPTSTK,TATAPOWER,30-Jun-2022,195.0,CE,0.0,0.0,0.0,53.05,68.05,0,0.0,0,0,18-APR-2022,
OPTSTK,TATAPOWER,30-Jun-2022,200.0,CE,0.0,0.0,0.0,49.45,63.95,0,0.0,0,0,18-APR-2022,
OPTSTK,TATAPOWER,30-Jun-2022,205.0,CE,0.0,0.0,0.0,46.0,59.95,0,0.0,0,0,18-APR-2022,
OPTSTK,TATAPOWER,30-Jun-2022,210.0,CE,0.0,0.0,0.0,42.75,56.05,0,0.0,0,0,18-APR-2022,
OPTSTK,TATAPOWER,30-Jun-2022,215.0,CE,0.0,0.0,0.0,39.65,52.35,0,0.0,0,0,18-APR-2022,
OPTSTK,TATAPOWER,30-Jun-2022,220.0,CE,0.0,0.0,0.0,36.7,48.75,0,0.0,0,0,18-APR-2022,
OPTSTK,TATAPOWER,30-Jun-2022,225.0,CE,0.0,0.0,0.0,33.9,45.35,0,0.0,0,0,18-APR-2022,
OPTSTK,TATAPOWER,30-Jun-2022,230.0,CE,0.0,0.0,0.0,31.25,42.05,0,0.0,0,0,18-APR-2022,
OPTSTK,TATAPOWER,30-Jun-2022,235.0,CE,0.0,0.0,0.0,28.8,38.95,0,0.0,0,0,18-APR-2022,
OPTSTK,TATAPOWER,30-Jun-2022,240.0,CE,0.0,0.0,0.0,26.5,36.0,0,0.0,0,0,18-APR-2022,
OPTSTK,TATAPOWER,30-Jun-2022,245.0,CE,0.0,0.0,0.0,24.3,33.25,0,0.0,0,0,18-APR-2022,
OPTSTK,TATAPOWER,30-Jun-2022,250.0,CE,0.0,0.0,0.0,22.3,30.6,0,0.0,0,0,18-APR-2022,
OPTSTK,TATAPOWER,30-Jun-2022,255.0,CE,0.0,0.0,0.0,20.4,28.15,0,0.0,0,0,18-APR-2022,
OPTSTK,TATAPOWER,30-Jun-2022,260.0,CE,0.0,0.0,0.0,18.65,25.85,0,0.0,0,0,18-APR-2022,
OPTSTK,TATAPOWER,30-Jun-2022,265.0,CE,0.0,0.0,0.0,17.05,23.7,0,0.0,0,0,18-APR-2022,
OPTSTK,TATAPOWER,30-Jun-2022,270.0,CE,0.0,0.0,0.0,15.55,21.65,0,0.0,0,0,18-APR-2022,
OPTSTK,TATAPOWER,30-Jun-2022,275.0,CE,0.0,0.0,0.0,14.15,19.8,0,0.0,0,0,18-APR-2022,
OPTSTK,TATAPOWER,30-Jun-2022,280.0,CE,0.0,0.0,0.0,12.9,18.05,0,0.0,0,0,18-APR-2022,
OPTSTK,TATAPOWER,30-Jun-2022,285.0,CE,0.0,0.0,0.0,22.0,16.45,0,0.0,6750,0,18-APR-2022,
OPTSTK,TATAPOWER,30-Jun-2022,290.0,CE,0.0,0.0,0.0,24.5,14.95,0,0.0,20250,0,18-APR-2022,
OPTSTK,TATAPOWER,30-Jun-2022,295.0,CE,0.0,0.0,0.0,9.65,13.6,0,0.0,0,0,18-APR-2022,
OPTSTK,TATAPOWER,30-Jun-2022,300.0,CE,10.0,11.0,8.7,8.85,8.85,11,229.72,87750,40500,18-APR-2022,
OPTSTK,TATAPOWER,30-Jun-2022,305.0,CE,0.0,0.0,0.0,7.95,11.2,0,0.0,0,0,18-APR-2022,
OPTSTK,TATAPOWER,30-Jun-2022,310.0,CE,0.0,0.0,0.0,7.15,10.1,0,0.0,0,0,18-APR-2022,
OPTSTK,TATAPOWER,30-Jun-2022,315.0,CE,0.0,0.0,0.0,6.5,9.15,0,0.0,0,0,18-APR-2022,
OPTSTK,TATAPOWER,30-Jun-2022,320.0,CE,5.0,5.0,5.0,5.0,8.25,1,21.93,6750,6750,18-APR-2022,
OPTSTK,TATAPOWER,30-Jun-2022,325.0,CE,0.0,0.0,0.0,5.3,7.45,0,0.0,0,0,18-APR-2022,
OPTSTK,TATAPOWER,30-Jun-2022,330.0,CE,0.0,0.0,0.0,4.75,6.7,0,0.0,0,0,18-APR-2022,
OPTSTK,TATAPOWER,30-Jun-2022,335.0,CE,0.0,0.0,0.0,5.05,6.05,0,0.0,0,0,18-APR-2022,
OPTSTK,TATAPOWER,30-Jun-2022,155.0,PE,0.0,0.0,0.0,1.2,0.4,0,0.0,0,0,18-APR-2022,
OPTSTK,TATAPOWER,30-Jun-2022,160.0,PE,0.0,0.0,0.0,1.55,0.55,0,0.0,0,0,18-APR-2022,
OPTSTK,TATAPOWER,30-Jun-2022,165.0,PE,0.0,0.0,0.0,2.05,0.75,0,0.0,0,0,18-APR-2022,
OPTSTK,TATAPOWER,30-Jun-2022,170.0,PE,0.0,0.0,0.0,2.6,1.0,0,0.0,0,0,18-APR-2022,
OPTSTK,TATAPOWER,30-Jun-2022,175.0,PE,0.0,0.0,0.0,3.3,1.3,0,0.0,0,0,18-APR-2022,
OPTSTK,TATAPOWER,30-Jun-2022,180.0,PE,0.0,0.0,0.0,4.1,1.75,0,0.0,0,0,18-APR-2022,
OPTSTK,TATAPOWER,30-Jun-2022,185.0,PE,0.0,0.0,0.0,5.05,2.2,0,0.0,0,0,18-APR-2022,
OPTSTK,TATAPOWER,30-Jun-2022,190.0,PE,0.0,0.0,0.0,6.1,2.8,0,0.0,0,0,18-APR-2022,
OPTSTK,TATAPOWER,30-Jun-2022,195.0,PE,0.0,0.0,0.0,7.35,3.5,0,0.0,0,0,18-APR-2022,
OPTSTK,TATAPOWER,30-Jun-2022,200.0,PE,0.0,0.0,0.0,8.7,4.35,0,0.0,0,0,18-APR-2022,
OPTSTK,TATAPOWER,30-Jun-2022,205.0,PE,0.0,0.0,0.0,10.2,5.3,0,0.0,0,0,18-APR-2022,
OPTSTK,TATAPOWER,30-Jun-2022,210.0,PE,0.0,0.0,0.0,11.9,6.4,0,0.0,0,0,18-APR-2022,
OPTSTK,TATAPOWER,30-Jun-2022,215.0,PE,0.0,0.0,0.0,3.75,7.6,0,0.0,6750,0,18-APR-2022,
OPTSTK,TATAPOWER,30-Jun-2022,220.0,PE,0.0,0.0,0.0,15.7,9.0,0,0.0,0,0,18-APR-2022,
OPTSTK,TATAPOWER,30-Jun-2022,225.0,PE,0.0,0.0,0.0,17.9,10.55,0,0.0,0,0,18-APR-2022,
OPTSTK,TATAPOWER,30-Jun-2022,230.0,PE,6.9,8.5,6.9,7.0,12.2,4,64.08,27000,13500,18-APR-2022,
OPTSTK,TATAPOWER,30-Jun-2022,235.0,PE,0.0,0.0,0.0,22.7,14.05,0,0.0,0,0,18-APR-2022,
OPTSTK,TATAPOWER,30-Jun-2022,240.0,PE,10.0,10.05,10.0,10.05,16.1,2,33.75,13500,6750,18-APR-2022,
OPTSTK,TATAPOWER,30-Jun-2022,245.0,PE,0.0,0.0,0.0,28.1,18.25,0,0.0,0,0,18-APR-2022,
OPTSTK,TATAPOWER,30-Jun-2022,250.0,PE,13.45,13.45,13.45,13.45,20.6,1,17.78,13500,6750,18-APR-2022,
OPTSTK,TATAPOWER,30-Jun-2022,255.0,PE,0.0,0.0,0.0,34.1,23.1,0,0.0,0,0,18-APR-2022,
OPTSTK,TATAPOWER,30-Jun-2022,260.0,PE,0.0,0.0,0.0,37.3,25.75,0,0.0,0,0,18-APR-2022,
OPTSTK,TATAPOWER,30-Jun-2022,265.0,PE,0.0,0.0,0.0,40.6,28.55,0,0.0,0,0,18-APR-2022,
OPTSTK,TATAPOWER,30-Jun-2022,270.0,PE,0.0,0.0,0.0,44.05,31.5,0,0.0,0,0,18-APR-2022,
OPTSTK,TATAPOWER,30-Jun-2022,275.0,PE,0.0,0.0,0.0,47.6,34.55,0,0.0,0,0,18-APR-2022,
OPTSTK,TATAPOWER,30-Jun-2022,280.0,PE,0.0,0.0,0.0,51.3,37.8,0,0.0,0,0,18-APR-2022,
OPTSTK,TATAPOWER,30-Jun-2022,285.0,PE,0.0,0.0,0.0,55.1,41.15,0,0.0,0,0,18-APR-2022,
OPTSTK,TATAPOWER,30-Jun-2022,290.0,PE,0.0,0.0,0.0,58.95,44.6,0,0.0,0,0,18-APR-2022,
OPTSTK,TATAPOWER,30-Jun-2022,295.0,PE,0.0,0.0,0.0,62.9,48.2,0,0.0,0,0,18-APR-2022,
OPTSTK,TATAPOWER,30-Jun-2022,300.0,PE,0.0,0.0,0.0,66.95,51.9,0,0.0,0,0,18-APR-2022,
OPTSTK,TATAPOWER,30-Jun-2022,305.0,PE,0.0,0.0,0.0,71.05,55.7,0,0.0,0,0,18-APR-2022,
OPTSTK,TATAPOWER,30-Jun-2022,310.0,PE,0.0,0.0,0.0,75.25,59.6,0,0.0,0,0,18-APR-2022,
OPTSTK,TATAPOWER,30-Jun-2022,315.0,PE,0.0,0.0,0.0,79.5,63.6,0,0.0,0,0,18-APR-2022,
OPTSTK,TATAPOWER,30-Jun-2022,320.0,PE,0.0,0.0,0.0,83.85,67.65,0,0.0,0,0,18-APR-2022,
OPTSTK,TATAPOWER,30-Jun-2022,325.0,PE,0.0,0.0,0.0,88.2,71.8,0,0.0,0,0,18-APR-2022,
OPTSTK,TATAPOWER,30-Jun-2022,330.0,PE,0.0,0.0,0.0,92.65,76.0,0,0.0,0,0,18-APR-2022,
OPTSTK,TATAPOWER,30-Jun-2022,335.0,PE,0.0,0.0,0.0,91.2,80.3,0,0.0,0,0,18-APR-2022,
OPTSTK,TATASTEEL,28-Apr-2022,780.0,CE,0.0,0.0,0.0,325.05,560.0,0,0.0,0,0,18-APR-2022,
OPTSTK,TATASTEEL,28-Apr-2022,800.0,CE,0.0,0.0,0.0,307.5,540.0,0,0.0,0,0,18-APR-2022,
OPTSTK,TATASTEEL,28-Apr-2022,820.0,CE,0.0,0.0,0.0,290.35,520.05,0,0.0,0,0,18-APR-2022,
OPTSTK,TATASTEEL,28-Apr-2022,840.0,CE,0.0,0.0,0.0,273.65,500.05,0,0.0,0,0,18-APR-2022,
OPTSTK,TATASTEEL,28-Apr-2022,860.0,CE,0.0,0.0,0.0,257.4,480.1,0,0.0,0,0,18-APR-2022,
OPTSTK,TATASTEEL,28-Apr-2022,880.0,CE,0.0,0.0,0.0,241.7,460.1,0,0.0,0,0,18-APR-2022,
OPTSTK,TATASTEEL,28-Apr-2022,900.0,CE,0.0,0.0,0.0,226.5,440.15,0,0.0,0,0,18-APR-2022,
OPTSTK,TATASTEEL,28-Apr-2022,920.0,CE,0.0,0.0,0.0,211.9,420.15,0,0.0,0,0,18-APR-2022,
OPTSTK,TATASTEEL,28-Apr-2022,940.0,CE,0.0,0.0,0.0,197.85,400.2,0,0.0,0,0,18-APR-2022,
OPTSTK,TATASTEEL,28-Apr-2022,960.0,CE,0.0,0.0,0.0,184.4,380.2,0,0.0,0,0,18-APR-2022,
OPTSTK,TATASTEEL,28-Apr-2022,980.0,CE,0.0,0.0,0.0,335.0,360.2,0,0.0,850,0,18-APR-2022,
OPTSTK,TATASTEEL,28-Apr-2022,1000.0,CE,0.0,0.0,0.0,372.0,340.25,0,0.0,68850,0,18-APR-2022,
OPTSTK,TATASTEEL,28-Apr-2022,1020.0,CE,0.0,0.0,0.0,147.65,320.3,0,0.0,0,0,18-APR-2022,
OPTSTK,TATASTEEL,28-Apr-2022,1040.0,CE,0.0,0.0,0.0,136.65,300.3,0,0.0,0,0,18-APR-2022,
OPTSTK,TATASTEEL,28-Apr-2022,1060.0,CE,0.0,0.0,0.0,126.25,280.35,0,0.0,0,0,18-APR-2022,
OPTSTK,TATASTEEL,28-Apr-2022,1080.0,CE,0.0,0.0,0.0,116.45,260.45,0,0.0,0,0,18-APR-2022,
OPTSTK,TATASTEEL,28-Apr-2022,1100.0,CE,0.0,0.0,0.0,224.45,240.6,0,0.0,53125,0,18-APR-2022,
OPTSTK,TATASTEEL,28-Apr-2022,1120.0,CE,0.0,0.0,0.0,224.6,220.9,0,0.0,1275,0,18-APR-2022,
OPTSTK,TATASTEEL,28-Apr-2022,1140.0,CE,199.65,199.65,199.65,199.65,201.35,1,5.69,2550,0,18-APR-2022,
OPTSTK,TATASTEEL,28-Apr-2022,1160.0,CE,0.0,0.0,0.0,219.05,182.05,0,0.0,7225,0,18-APR-2022,
OPTSTK,TATASTEEL,28-Apr-2022,1180.0,CE,171.1,171.1,163.9,163.9,163.15,2,11.45,2975,425,18-APR-2022,
OPTSTK,TATASTEEL,28-Apr-2022,1200.0,CE,140.0,161.2,139.0,145.85,144.75,32,183.39,228225,2550,18-APR-2022,
OPTSTK,TATASTEEL,28-Apr-2022,1220.0,CE,133.0,143.0,122.95,130.0,127.05,12,68.92,40375,-2125,18-APR-2022,
OPTSTK,TATASTEEL,28-Apr-2022,1240.0,CE,120.35,120.45,105.7,110.7,110.7,19,109.5,34850,425,18-APR-2022,
OPTSTK,TATASTEEL,28-Apr-2022,1260.0,CE,87.0,108.5,84.05,93.65,93.65,79,454.85,80325,2125,18-APR-2022,
OPTSTK,TATASTEEL,28-Apr-2022,1280.0,CE,85.0,92.7,69.0,77.65,77.65,217,1252.84,122825,-4675,18-APR-2022,
OPTSTK,TATASTEEL,28-Apr-2022,1300.0,CE,60.0,77.15,56.0,62.95,62.95,2607,15131.8,908650,-185725,18-APR-2022,
OPTSTK,TATASTEEL,28-Apr-2022,1320.0,CE,44.75,62.25,44.3,49.95,49.95,3350,19535.94,427125,-95625,18-APR-2022,
OPTSTK,TATASTEEL,28-Apr-2022,1340.0,CE,35.5,49.9,34.35,38.8,38.8,17049,100117.33,1300925,86275,18-APR-2022,
OPTSTK,TATASTEEL,28-Apr-2022,1360.0,CE,27.45,39.4,26.25,29.85,29.85,16549,97971.17,1705525,347225,18-APR-2022,
OPTSTK,TATASTEEL,28-Apr-2022,1380.0,CE,21.05,30.0,19.7,22.2,22.2,7325,43726.36,1289875,39525,18-APR-2022,
OPTSTK,TATASTEEL,28-Apr-2022,1400.0,CE,15.05,22.65,14.65,16.45,16.45,13097,78958.59,2315400,100725,18-APR-2022,
OPTSTK,TATASTEEL,28-Apr-2022,1420.0,CE,12.35,16.5,10.8,11.95,11.95,3555,21660.05,734825,-4250,18-APR-2022,
OPTSTK,TATASTEEL,28-Apr-2022,1440.0,CE,10.0,12.4,8.3,9.0,9.0,3068,18909.75,791775,13600,18-APR-2022,
OPTSTK,TATASTEEL,28-Apr-2022,1460.0,CE,6.55,9.7,6.15,7.2,7.2,2880,17969.26,271150,-24650,18-APR-2022,
OPTSTK,TATASTEEL,28-Apr-2022,1480.0,CE,5.15,7.7,5.15,5.8,5.8,1636,10335.23,328950,69700,18-APR-2022,
OPTSTK,TATASTEEL,28-Apr-2022,1500.0,CE,4.5,6.6,4.5,4.95,4.95,4738,30314.13,1790950,106675,18-APR-2022,
OPTSTK,TATASTEEL,28-Apr-2022,1520.0,CE,5.15,5.15,3.65,3.85,3.85,648,4197.87,201875,42925,18-APR-2022,
OPTSTK,TATASTEEL,28-Apr-2022,1540.0,CE,2.95,4.1,2.95,3.2,3.2,582,3817.87,141525,-11050,18-APR-2022,
OPTSTK,TATASTEEL,28-Apr-2022,1560.0,CE,2.75,3.85,2.5,2.65,2.65,643,4271.16,327675,64600,18-APR-2022,
OPTSTK,TATASTEEL,28-Apr-2022,1580.0,CE,1.55,2.9,1.5,2.35,2.35,278,1869.71,122400,14025,18-APR-2022,
OPTSTK,TATASTEEL,28-Apr-2022,1600.0,CE,1.95,2.45,1.85,2.0,2.0,975,6638.84,460275,-1275,18-APR-2022,
OPTSTK,TATASTEEL,28-Apr-2022,1620.0,CE,1.65,2.15,1.65,1.65,1.65,93,641.05,22950,7650,18-APR-2022,
OPTSTK,TATASTEEL,28-Apr-2022,1640.0,CE,1.95,1.95,1.4,1.55,1.55,313,2183.77,107950,29750,18-APR-2022,
OPTSTK,TATASTEEL,28-Apr-2022,780.0,PE,0.0,0.0,0.0,0.2,0.0,0,0.0,1700,0,18-APR-2022,
OPTSTK,TATASTEEL,28-Apr-2022,800.0,PE,1.0,1.0,0.7,0.7,0.7,4,13.61,4250,1275,18-APR-2022,
OPTSTK,TATASTEEL,28-Apr-2022,820.0,PE,0.0,0.0,0.0,13.45,0.0,0,0.0,0,0,18-APR-2022,
OPTSTK,TATASTEEL,28-Apr-2022,840.0,PE,0.0,0.0,0.0,16.55,0.0,0,0.0,0,0,18-APR-2022,
OPTSTK,TATASTEEL,28-Apr-2022,860.0,PE,0.0,0.0,0.0,20.1,0.0,0,0.0,0,0,18-APR-2022,
OPTSTK,TATASTEEL,28-Apr-2022,880.0,PE,0.0,0.0,0.0,24.2,0.0,0,0.0,0,0,18-APR-2022,
OPTSTK,TATASTEEL,28-Apr-2022,900.0,PE,0.4,0.4,0.1,0.4,0.0,7,26.78,10625,425,18-APR-2022,
OPTSTK,TATASTEEL,28-Apr-2022,920.0,PE,0.0,0.0,0.0,34.0,0.0,0,0.0,0,0,18-APR-2022,
OPTSTK,TATASTEEL,28-Apr-2022,940.0,PE,0.0,0.0,0.0,1.05,0.0,0,0.0,0,0,18-APR-2022,
OPTSTK,TATASTEEL,28-Apr-2022,960.0,PE,0.0,0.0,0.0,46.05,0.0,0,0.0,0,0,18-APR-2022,
OPTSTK,TATASTEEL,28-Apr-2022,980.0,PE,0.0,0.0,0.0,1.05,0.0,0,0.0,850,0,18-APR-2022,
OPTSTK,TATASTEEL,28-Apr-2022,1000.0,PE,1.15,1.15,0.85,0.95,0.95,56,238.22,130900,0,18-APR-2022,
OPTSTK,TATASTEEL,28-Apr-2022,1020.0,PE,0.0,0.0,0.0,68.65,0.05,0,0.0,0,0,18-APR-2022,
OPTSTK,TATASTEEL,28-Apr-2022,1040.0,PE,0.0,0.0,0.0,1.5,0.05,0,0.0,7650,0,18-APR-2022,
OPTSTK,TATASTEEL,28-Apr-2022,1060.0,PE,1.6,1.6,1.2,1.3,1.3,81,365.36,40800,-4250,18-APR-2022,
OPTSTK,TATASTEEL,28-Apr-2022,1080.0,PE,1.45,1.65,1.4,1.5,1.5,73,335.53,30600,2550,18-APR-2022,
OPTSTK,TATASTEEL,28-Apr-2022,1100.0,PE,2.1,2.45,1.55,1.8,1.8,505,2364.78,296225,-23800,18-APR-2022,
OPTSTK,TATASTEEL,28-Apr-2022,1120.0,PE,2.0,2.85,1.95,2.1,2.1,36,171.7,54400,-850,18-APR-2022,
OPTSTK,TATASTEEL,28-Apr-2022,1140.0,PE,2.75,3.5,2.2,2.45,2.45,210,1019.75,158525,-1700,18-APR-2022,
OPTSTK,TATASTEEL,28-Apr-2022,1160.0,PE,4.9,4.9,2.7,2.95,2.95,629,3109.57,163200,78625,18-APR-2022,
OPTSTK,TATASTEEL,28-Apr-2022,1180.0,PE,4.8,5.4,3.3,3.6,3.6,482,2425.18,129200,425,18-APR-2022,
OPTSTK,TATASTEEL,28-Apr-2022,1200.0,PE,4.65,7.25,4.0,4.55,4.55,1564,8008.77,825350,-26775,18-APR-2022,
OPTSTK,TATASTEEL,28-Apr-2022,1220.0,PE,8.3,9.25,4.95,6.3,6.3,847,4414.11,167025,3825,18-APR-2022,
OPTSTK,TATASTEEL,28-Apr-2022,1240.0,PE,9.7,10.9,6.35,7.55,7.55,1738,9218.82,335325,11475,18-APR-2022,
OPTSTK,TATASTEEL,28-Apr-2022,1260.0,PE,12.8,14.45,8.4,10.25,10.25,2031,10967.21,417775,44625,18-APR-2022,
OPTSTK,TATASTEEL,28-Apr-2022,1280.0,PE,17.05,19.5,11.5,14.55,14.55,1860,10235.17,329800,-19125,18-APR-2022,
OPTSTK,TATASTEEL,28-Apr-2022,1300.0,PE,19.8,26.5,15.8,20.2,20.2,6429,36065.67,1009800,-20400,18-APR-2022,
OPTSTK,TATASTEEL,28-Apr-2022,1320.0,PE,28.8,35.15,21.35,27.35,27.35,4469,25595.21,354450,-28475,18-APR-2022,
OPTSTK,TATASTEEL,28-Apr-2022,1340.0,PE,40.95,45.2,28.55,36.0,36.0,5799,33899.08,711875,59925,18-APR-2022,
OPTSTK,TATASTEEL,28-Apr-2022,1360.0,PE,45.7,57.4,37.6,46.6,46.6,2012,12007.21,301750,16150,18-APR-2022,
OPTSTK,TATASTEEL,28-Apr-2022,1380.0,PE,56.35,69.0,48.25,58.85,58.85,240,1464.88,120700,850,18-APR-2022,
OPTSTK,TATASTEEL,28-Apr-2022,1400.0,PE,76.0,84.2,61.05,73.25,73.25,298,1862.11,213350,-14450,18-APR-2022,
OPTSTK,TATASTEEL,28-Apr-2022,1420.0,PE,99.7,99.8,77.8,87.95,87.95,35,223.97,34000,1275,18-APR-2022,
OPTSTK,TATASTEEL,28-Apr-2022,1440.0,PE,111.15,111.15,96.6,105.9,111.4,7,45.83,29325,-850,18-APR-2022,
OPTSTK,TATASTEEL,28-Apr-2022,1460.0,PE,124.2,133.2,111.95,116.0,128.15,16,107.32,24650,-1275,18-APR-2022,
OPTSTK,TATASTEEL,28-Apr-2022,1480.0,PE,140.55,150.95,140.55,150.95,145.7,2,13.81,13600,-425,18-APR-2022,
OPTSTK,TATASTEEL,28-Apr-2022,1500.0,PE,155.0,165.0,146.0,159.75,159.75,14,98.68,107100,-3400,18-APR-2022,
OPTSTK,TATASTEEL,28-Apr-2022,1520.0,PE,0.0,0.0,0.0,430.05,182.45,0,0.0,0,0,18-APR-2022,
OPTSTK,TATASTEEL,28-Apr-2022,1540.0,PE,186.8,186.8,186.8,186.8,201.4,1,7.33,4675,425,18-APR-2022,
OPTSTK,TATASTEEL,28-Apr-2022,1560.0,PE,0.0,0.0,0.0,466.9,220.7,0,0.0,0,0,18-APR-2022,
OPTSTK,TATASTEEL,28-Apr-2022,1580.0,PE,0.0,0.0,0.0,269.8,240.15,0,0.0,8500,0,18-APR-2022,
OPTSTK,TATASTEEL,28-Apr-2022,1600.0,PE,0.0,0.0,0.0,266.45,259.8,0,0.0,8500,0,18-APR-2022,
OPTSTK,TATASTEEL,28-Apr-2022,1620.0,PE,0.0,0.0,0.0,450.8,279.55,0,0.0,0,0,18-APR-2022,
OPTSTK,TATASTEEL,28-Apr-2022,1640.0,PE,296.5,296.5,296.5,296.5,299.35,1,8.23,6800,425,18-APR-2022,
OPTSTK,TATASTEEL,26-May-2022,780.0,CE,0.0,0.0,0.0,311.6,562.6,0,0.0,0,0,18-APR-2022,
OPTSTK,TATASTEEL,26-May-2022,800.0,CE,0.0,0.0,0.0,294.2,542.7,0,0.0,0,0,18-APR-2022,
OPTSTK,TATASTEEL,26-May-2022,820.0,CE,0.0,0.0,0.0,277.3,522.8,0,0.0,0,0,18-APR-2022,
OPTSTK,TATASTEEL,26-May-2022,840.0,CE,0.0,0.0,0.0,260.8,502.9,0,0.0,0,0,18-APR-2022,
OPTSTK,TATASTEEL,26-May-2022,860.0,CE,0.0,0.0,0.0,244.85,483.05,0,0.0,0,0,18-APR-2022,
OPTSTK,TATASTEEL,26-May-2022,880.0,CE,0.0,0.0,0.0,229.4,463.2,0,0.0,0,0,18-APR-2022,
OPTSTK,TATASTEEL,26-May-2022,900.0,CE,0.0,0.0,0.0,214.55,443.45,0,0.0,0,0,18-APR-2022,
OPTSTK,TATASTEEL,26-May-2022,920.0,CE,0.0,0.0,0.0,200.25,423.7,0,0.0,0,0,18-APR-2022,
OPTSTK,TATASTEEL,26-May-2022,940.0,CE,0.0,0.0,0.0,186.5,404.05,0,0.0,0,0,18-APR-2022,
OPTSTK,TATASTEEL,26-May-2022,960.0,CE,0.0,0.0,0.0,173.4,384.5,0,0.0,0,0,18-APR-2022,
OPTSTK,TATASTEEL,26-May-2022,980.0,CE,0.0,0.0,0.0,160.9,365.1,0,0.0,0,0,18-APR-2022,
OPTSTK,TATASTEEL,26-May-2022,1000.0,CE,0.0,0.0,0.0,149.05,345.85,0,0.0,0,0,18-APR-2022,
OPTSTK,TATASTEEL,26-May-2022,1020.0,CE,0.0,0.0,0.0,137.85,326.8,0,0.0,0,0,18-APR-2022,
OPTSTK,TATASTEEL,26-May-2022,1040.0,CE,0.0,0.0,0.0,127.25,308.05,0,0.0,0,0,18-APR-2022,
OPTSTK,TATASTEEL,26-May-2022,1060.0,CE,0.0,0.0,0.0,117.25,289.55,0,0.0,0,0,18-APR-2022,
OPTSTK,TATASTEEL,26-May-2022,1080.0,CE,0.0,0.0,0.0,107.9,271.4,0,0.0,0,0,18-APR-2022,
OPTSTK,TATASTEEL,26-May-2022,1100.0,CE,0.0,0.0,0.0,235.3,253.65,0,0.0,2125,0,18-APR-2022,
OPTSTK,TATASTEEL,26-May-2022,1120.0,CE,0.0,0.0,0.0,90.9,236.4,0,0.0,0,0,18-APR-2022,
OPTSTK,TATASTEEL,26-May-2022,1140.0,CE,0.0,0.0,0.0,83.2,219.6,0,0.0,0,0,18-APR-2022,
OPTSTK,TATASTEEL,26-May-2022,1160.0,CE,0.0,0.0,0.0,76.1,203.35,0,0.0,0,0,18-APR-2022,
OPTSTK,TATASTEEL,26-May-2022,1180.0,CE,0.0,0.0,0.0,69.45,187.75,0,0.0,0,0,18-APR-2022,
OPTSTK,TATASTEEL,26-May-2022,1200.0,CE,152.0,167.15,152.0,167.15,172.75,5,28.91,8075,1700,18-APR-2022,
OPTSTK,TATASTEEL,26-May-2022,1220.0,CE,0.0,0.0,0.0,168.3,158.45,0,0.0,0,0,18-APR-2022,
OPTSTK,TATASTEEL,26-May-2022,1240.0,CE,0.0,0.0,0.0,126.0,144.75,0,0.0,10625,0,18-APR-2022,
OPTSTK,TATASTEEL,26-May-2022,1260.0,CE,125.0,127.0,125.0,127.0,131.85,2,11.78,850,850,18-APR-2022,
OPTSTK,TATASTEEL,26-May-2022,1280.0,CE,0.0,0.0,0.0,43.3,119.75,0,0.0,0,0,18-APR-2022,
OPTSTK,TATASTEEL,26-May-2022,1300.0,CE,100.95,115.15,94.2,99.65,99.65,182,1085.69,76500,23800,18-APR-2022,
OPTSTK,TATASTEEL,26-May-2022,1320.0,CE,111.95,111.95,85.45,88.95,97.7,8,48.1,6800,-850,18-APR-2022,
OPTSTK,TATASTEEL,26-May-2022,1340.0,CE,77.95,90.0,74.7,79.25,79.25,148,894.12,43350,11475,18-APR-2022,
OPTSTK,TATASTEEL,26-May-2022,1360.0,CE,64.95,80.65,62.1,70.65,70.65,163,993.3,74800,28050,18-APR-2022,
OPTSTK,TATASTEEL,26-May-2022,1380.0,CE,59.2,71.05,59.1,61.55,61.55,38,233.21,45050,2125,18-APR-2022,
OPTSTK,TATASTEEL,26-May-2022,1400.0,CE,48.05,64.05,48.05,53.9,53.9,584,3617.34,179350,68850,18-APR-2022,
OPTSTK,TATASTEEL,26-May-2022,1420.0,CE,53.5,54.0,44.55,45.6,45.6,10,62.44,3825,2550,18-APR-2022,
OPTSTK,TATASTEEL,26-May-2022,1440.0,CE,45.0,48.0,41.4,42.0,42.0,15,94.65,7650,1700,18-APR-2022,
OPTSTK,TATASTEEL,26-May-2022,1460.0,CE,35.9,40.7,31.25,31.25,43.3,7,44.47,2550,2125,18-APR-2022,
OPTSTK,TATASTEEL,26-May-2022,1480.0,CE,0.0,0.0,0.0,15.45,38.1,0,0.0,0,0,18-APR-2022,
OPTSTK,TATASTEEL,26-May-2022,1500.0,CE,25.0,34.95,21.7,26.2,26.2,717,4660.62,190825,-8925,18-APR-2022,
OPTSTK,TATASTEEL,26-May-2022,1520.0,CE,0.0,0.0,0.0,24.6,29.2,0,0.0,2125,0,18-APR-2022,
OPTSTK,TATASTEEL,26-May-2022,1540.0,CE,21.25,21.25,21.25,21.25,25.45,1,6.63,11475,0,18-APR-2022,
OPTSTK,TATASTEEL,26-May-2022,1560.0,CE,0.0,0.0,0.0,9.95,22.15,0,0.0,0,0,18-APR-2022,
OPTSTK,TATASTEEL,26-May-2022,1580.0,CE,18.15,18.15,17.5,17.5,19.2,2,13.58,850,850,18-APR-2022,
OPTSTK,TATASTEEL,26-May-2022,1600.0,CE,12.0,17.0,12.0,13.1,13.1,194,1331.28,66725,11475,18-APR-2022,
OPTSTK,TATASTEEL,26-May-2022,1620.0,CE,10.3,13.5,8.05,13.5,14.3,15,104.05,4250,-850,18-APR-2022,
OPTSTK,TATASTEEL,26-May-2022,1640.0,CE,7.85,12.9,7.85,11.75,12.3,28,196.53,8075,8075,18-APR-2022,
OPTSTK,TATASTEEL,26-May-2022,780.0,PE,0.0,0.0,0.0,9.4,0.05,0,0.0,0,0,18-APR-2022,
OPTSTK,TATASTEEL,26-May-2022,800.0,PE,0.0,0.0,0.0,11.85,0.05,0,0.0,0,0,18-APR-2022,
OPTSTK,TATASTEEL,26-May-2022,820.0,PE,0.0,0.0,0.0,14.7,0.05,0,0.0,0,0,18-APR-2022,
OPTSTK,TATASTEEL,26-May-2022,840.0,PE,0.0,0.0,0.0,18.0,0.1,0,0.0,0,0,18-APR-2022,
OPTSTK,TATASTEEL,26-May-2022,860.0,PE,0.0,0.0,0.0,21.85,0.15,0,0.0,0,0,18-APR-2022,
OPTSTK,TATASTEEL,26-May-2022,880.0,PE,0.0,0.0,0.0,26.2,0.25,0,0.0,0,0,18-APR-2022,
OPTSTK,TATASTEEL,26-May-2022,900.0,PE,0.0,0.0,0.0,31.15,0.35,0,0.0,0,0,18-APR-2022,
OPTSTK,TATASTEEL,26-May-2022,920.0,PE,0.0,0.0,0.0,36.6,0.55,0,0.0,0,0,18-APR-2022,
OPTSTK,TATASTEEL,26-May-2022,940.0,PE,0.0,0.0,0.0,23.8,0.8,0,0.0,425,0,18-APR-2022,
OPTSTK,TATASTEEL,26-May-2022,960.0,PE,0.0,0.0,0.0,49.35,1.15,0,0.0,0,0,18-APR-2022,
OPTSTK,TATASTEEL,26-May-2022,980.0,PE,0.0,0.0,0.0,56.65,1.65,0,0.0,0,0,18-APR-2022,
OPTSTK,TATASTEEL,26-May-2022,1000.0,PE,3.5,3.5,3.5,3.5,2.35,1,4.26,5950,425,18-APR-2022,
OPTSTK,TATASTEEL,26-May-2022,1020.0,PE,0.0,0.0,0.0,73.2,3.2,0,0.0,0,0,18-APR-2022,
OPTSTK,TATASTEEL,26-May-2022,1040.0,PE,0.0,0.0,0.0,82.35,4.35,0,0.0,0,0,18-APR-2022,
OPTSTK,TATASTEEL,26-May-2022,1060.0,PE,0.0,0.0,0.0,92.2,5.75,0,0.0,0,0,18-APR-2022,
OPTSTK,TATASTEEL,26-May-2022,1080.0,PE,0.0,0.0,0.0,102.6,7.55,0,0.0,0,0,18-APR-2022,
OPTSTK,TATASTEEL,26-May-2022,1100.0,PE,7.85,8.5,7.2,8.0,9.7,30,141.27,26350,-4250,18-APR-2022,
OPTSTK,TATASTEEL,26-May-2022,1120.0,PE,0.0,0.0,0.0,125.15,12.35,0,0.0,0,0,18-APR-2022,
OPTSTK,TATASTEEL,26-May-2022,1140.0,PE,0.0,0.0,0.0,137.3,15.45,0,0.0,0,0,18-APR-2022,
OPTSTK,TATASTEEL,26-May-2022,1160.0,PE,15.0,15.0,15.0,15.0,19.15,1,4.99,425,425,18-APR-2022,
OPTSTK,TATASTEEL,26-May-2022,1180.0,PE,17.5,17.5,17.5,17.5,23.4,3,15.26,1700,1275,18-APR-2022,
OPTSTK,TATASTEEL,26-May-2022,1200.0,PE,22.35,26.9,20.05,21.45,21.45,275,1429.07,144500,25075,18-APR-2022,
OPTSTK,TATASTEEL,26-May-2022,1220.0,PE,0.0,0.0,0.0,26.5,33.95,0,0.0,425,0,18-APR-2022,
OPTSTK,TATASTEEL,26-May-2022,1240.0,PE,30.65,31.35,30.0,30.6,30.6,13,70.2,5525,5100,18-APR-2022,
OPTSTK,TATASTEEL,26-May-2022,1260.0,PE,31.7,39.85,29.35,36.3,47.2,25,137.73,9775,7650,18-APR-2022,
OPTSTK,TATASTEEL,26-May-2022,1280.0,PE,44.4,46.15,43.35,43.35,55.0,19,106.96,4250,-850,18-APR-2022,
OPTSTK,TATASTEEL,26-May-2022,1300.0,PE,53.45,59.0,47.0,51.7,51.7,319,1833.47,161075,26350,18-APR-2022,
OPTSTK,TATASTEEL,26-May-2022,1320.0,PE,58.15,68.0,58.1,61.45,61.45,26,152.76,43350,2975,18-APR-2022,
OPTSTK,TATASTEEL,26-May-2022,1340.0,PE,75.1,77.0,65.0,70.75,70.75,30,179.78,30175,3400,18-APR-2022,
OPTSTK,TATASTEEL,26-May-2022,1360.0,PE,85.5,87.1,81.9,87.1,93.6,13,79.72,20825,5100,18-APR-2022,
OPTSTK,TATASTEEL,26-May-2022,1380.0,PE,0.0,0.0,0.0,80.0,105.1,0,0.0,0,0,18-APR-2022,
OPTSTK,TATASTEEL,26-May-2022,1400.0,PE,110.0,113.0,99.0,105.0,105.0,29,185.42,26350,6800,18-APR-2022,
OPTSTK,TATASTEEL,26-May-2022,1420.0,PE,0.0,0.0,0.0,352.35,130.15,0,0.0,0,0,18-APR-2022,
OPTSTK,TATASTEEL,26-May-2022,1440.0,PE,0.0,0.0,0.0,370.05,143.65,0,0.0,0,0,18-APR-2022,
OPTSTK,TATASTEEL,26-May-2022,1460.0,PE,0.0,0.0,0.0,387.9,157.75,0,0.0,0,0,18-APR-2022,
OPTSTK,TATASTEEL,26-May-2022,1480.0,PE,0.0,0.0,0.0,405.95,172.5,0,0.0,0,0,18-APR-2022,
OPTSTK,TATASTEEL,26-May-2022,1500.0,PE,178.0,188.45,174.8,176.7,176.7,37,263.95,11050,11050,18-APR-2022,
OPTSTK,TATASTEEL,26-May-2022,1520.0,PE,0.0,0.0,0.0,442.5,203.4,0,0.0,0,0,18-APR-2022,
OPTSTK,TATASTEEL,26-May-2022,1540.0,PE,0.0,0.0,0.0,461.0,219.55,0,0.0,0,0,18-APR-2022,
OPTSTK,TATASTEEL,26-May-2022,1560.0,PE,0.0,0.0,0.0,479.65,236.15,0,0.0,0,0,18-APR-2022,
OPTSTK,TATASTEEL,26-May-2022,1580.0,PE,0.0,0.0,0.0,434.55,253.1,0,0.0,0,0,18-APR-2022,
OPTSTK,TATASTEEL,26-May-2022,1600.0,PE,0.0,0.0,0.0,452.8,270.4,0,0.0,0,0,18-APR-2022,
OPTSTK,TATASTEEL,26-May-2022,1620.0,PE,0.0,0.0,0.0,471.2,288.05,0,0.0,0,0,18-APR-2022,
OPTSTK,TATASTEEL,26-May-2022,1640.0,PE,0.0,0.0,0.0,423.95,305.95,0,0.0,0,0,18-APR-2022,
OPTSTK,TATASTEEL,30-Jun-2022,780.0,CE,0.0,0.0,0.0,537.1,566.2,0,0.0,0,0,18-APR-2022,
OPTSTK,TATASTEEL,30-Jun-2022,800.0,CE,0.0,0.0,0.0,517.9,546.6,0,0.0,0,0,18-APR-2022,
OPTSTK,TATASTEEL,30-Jun-2022,820.0,CE,0.0,0.0,0.0,498.8,527.05,0,0.0,0,0,18-APR-2022,
OPTSTK,TATASTEEL,30-Jun-2022,840.0,CE,0.0,0.0,0.0,479.85,507.6,0,0.0,0,0,18-APR-2022,
OPTSTK,TATASTEEL,30-Jun-2022,860.0,CE,0.0,0.0,0.0,461.15,488.25,0,0.0,0,0,18-APR-2022,
OPTSTK,TATASTEEL,30-Jun-2022,880.0,CE,0.0,0.0,0.0,442.6,469.0,0,0.0,0,0,18-APR-2022,
OPTSTK,TATASTEEL,30-Jun-2022,900.0,CE,0.0,0.0,0.0,424.3,449.95,0,0.0,0,0,18-APR-2022,
OPTSTK,TATASTEEL,30-Jun-2022,920.0,CE,0.0,0.0,0.0,406.25,431.1,0,0.0,0,0,18-APR-2022,
OPTSTK,TATASTEEL,30-Jun-2022,940.0,CE,0.0,0.0,0.0,388.55,412.4,0,0.0,0,0,18-APR-2022,
OPTSTK,TATASTEEL,30-Jun-2022,960.0,CE,0.0,0.0,0.0,371.1,393.95,0,0.0,0,0,18-APR-2022,
OPTSTK,TATASTEEL,30-Jun-2022,980.0,CE,0.0,0.0,0.0,354.0,375.8,0,0.0,0,0,18-APR-2022,
OPTSTK,TATASTEEL,30-Jun-2022,1000.0,CE,0.0,0.0,0.0,337.3,357.95,0,0.0,0,0,18-APR-2022,
OPTSTK,TATASTEEL,30-Jun-2022,1020.0,CE,0.0,0.0,0.0,320.95,340.4,0,0.0,0,0,18-APR-2022,
OPTSTK,TATASTEEL,30-Jun-2022,1040.0,CE,0.0,0.0,0.0,305.05,323.25,0,0.0,0,0,18-APR-2022,
OPTSTK,TATASTEEL,30-Jun-2022,1060.0,CE,0.0,0.0,0.0,289.55,306.45,0,0.0,0,0,18-APR-2022,
OPTSTK,TATASTEEL,30-Jun-2022,1080.0,CE,0.0,0.0,0.0,274.45,290.05,0,0.0,0,0,18-APR-2022,
OPTSTK,TATASTEEL,30-Jun-2022,1100.0,CE,0.0,0.0,0.0,259.9,274.15,0,0.0,0,0,18-APR-2022,
OPTSTK,TATASTEEL,30-Jun-2022,1120.0,CE,0.0,0.0,0.0,245.8,258.65,0,0.0,0,0,18-APR-2022,
OPTSTK,TATASTEEL,30-Jun-2022,1140.0,CE,0.0,0.0,0.0,232.15,243.7,0,0.0,0,0,18-APR-2022,
OPTSTK,TATASTEEL,30-Jun-2022,1160.0,CE,0.0,0.0,0.0,218.95,229.2,0,0.0,0,0,18-APR-2022,
OPTSTK,TATASTEEL,30-Jun-2022,1180.0,CE,0.0,0.0,0.0,206.3,215.25,0,0.0,0,0,18-APR-2022,
OPTSTK,TATASTEEL,30-Jun-2022,1200.0,CE,0.0,0.0,0.0,194.15,201.75,0,0.0,0,0,18-APR-2022,
OPTSTK,TATASTEEL,30-Jun-2022,1220.0,CE,0.0,0.0,0.0,182.55,188.85,0,0.0,0,0,18-APR-2022,
OPTSTK,TATASTEEL,30-Jun-2022,1240.0,CE,0.0,0.0,0.0,171.4,176.55,0,0.0,0,0,18-APR-2022,
OPTSTK,TATASTEEL,30-Jun-2022,1260.0,CE,0.0,0.0,0.0,160.8,164.75,0,0.0,0,0,18-APR-2022,
OPTSTK,TATASTEEL,30-Jun-2022,1280.0,CE,0.0,0.0,0.0,150.65,153.55,0,0.0,0,0,18-APR-2022,
OPTSTK,TATASTEEL,30-Jun-2022,1300.0,CE,0.0,0.0,0.0,141.0,142.85,0,0.0,0,0,18-APR-2022,
OPTSTK,TATASTEEL,30-Jun-2022,1320.0,CE,0.0,0.0,0.0,131.85,132.75,0,0.0,0,0,18-APR-2022,
OPTSTK,TATASTEEL,30-Jun-2022,1340.0,CE,0.0,0.0,0.0,123.15,123.15,0,0.0,0,0,18-APR-2022,
OPTSTK,TATASTEEL,30-Jun-2022,1360.0,CE,0.0,0.0,0.0,114.9,114.1,0,0.0,0,0,18-APR-2022,
OPTSTK,TATASTEEL,30-Jun-2022,1380.0,CE,0.0,0.0,0.0,107.1,105.55,0,0.0,0,0,18-APR-2022,
OPTSTK,TATASTEEL,30-Jun-2022,1400.0,CE,0.0,0.0,0.0,99.75,97.55,0,0.0,0,0,18-APR-2022,
OPTSTK,TATASTEEL,30-Jun-2022,1420.0,CE,0.0,0.0,0.0,92.85,90.0,0,0.0,0,0,18-APR-2022,
OPTSTK,TATASTEEL,30-Jun-2022,1440.0,CE,0.0,0.0,0.0,86.3,82.95,0,0.0,0,0,18-APR-2022,
OPTSTK,TATASTEEL,30-Jun-2022,1460.0,CE,0.0,0.0,0.0,80.15,76.3,0,0.0,0,0,18-APR-2022,
OPTSTK,TATASTEEL,30-Jun-2022,1480.0,CE,0.0,0.0,0.0,74.4,70.15,0,0.0,0,0,18-APR-2022,
OPTSTK,TATASTEEL,30-Jun-2022,1500.0,CE,0.0,0.0,0.0,69.0,64.4,0,0.0,0,0,18-APR-2022,
OPTSTK,TATASTEEL,30-Jun-2022,1520.0,CE,0.0,0.0,0.0,64.0,59.05,0,0.0,0,0,18-APR-2022,
OPTSTK,TATASTEEL,30-Jun-2022,1540.0,CE,0.0,0.0,0.0,59.25,54.15,0,0.0,0,0,18-APR-2022,
OPTSTK,TATASTEEL,30-Jun-2022,1560.0,CE,0.0,0.0,0.0,54.85,49.6,0,0.0,0,0,18-APR-2022,
OPTSTK,TATASTEEL,30-Jun-2022,1580.0,CE,0.0,0.0,0.0,50.7,45.35,0,0.0,0,0,18-APR-2022,
OPTSTK,TATASTEEL,30-Jun-2022,1600.0,CE,0.0,0.0,0.0,46.85,41.4,0,0.0,0,0,18-APR-2022,
OPTSTK,TATASTEEL,30-Jun-2022,1620.0,CE,0.0,0.0,0.0,43.25,37.7,0,0.0,0,0,18-APR-2022,
OPTSTK,TATASTEEL,30-Jun-2022,1640.0,CE,0.0,0.0,0.0,39.9,34.35,0,0.0,0,0,18-APR-2022,
OPTSTK,TATASTEEL,30-Jun-2022,780.0,PE,0.0,0.0,0.0,1.7,0.5,0,0.0,0,0,18-APR-2022,
OPTSTK,TATASTEEL,30-Jun-2022,800.0,PE,0.0,0.0,0.0,2.3,0.7,0,0.0,0,0,18-APR-2022,
OPTSTK,TATASTEEL,30-Jun-2022,820.0,PE,0.0,0.0,0.0,3.0,1.0,0,0.0,0,0,18-APR-2022,
OPTSTK,TATASTEEL,30-Jun-2022,840.0,PE,0.0,0.0,0.0,3.85,1.4,0,0.0,0,0,18-APR-2022,
OPTSTK,TATASTEEL,30-Jun-2022,860.0,PE,0.0,0.0,0.0,4.9,1.85,0,0.0,0,0,18-APR-2022,
OPTSTK,TATASTEEL,30-Jun-2022,880.0,PE,0.0,0.0,0.0,6.15,2.45,0,0.0,0,0,18-APR-2022,
OPTSTK,TATASTEEL,30-Jun-2022,900.0,PE,0.0,0.0,0.0,7.65,3.25,0,0.0,0,0,18-APR-2022,
OPTSTK,TATASTEEL,30-Jun-2022,920.0,PE,0.0,0.0,0.0,9.4,4.2,0,0.0,0,0,18-APR-2022,
OPTSTK,TATASTEEL,30-Jun-2022,940.0,PE,0.0,0.0,0.0,11.45,5.35,0,0.0,0,0,18-APR-2022,
OPTSTK,TATASTEEL,30-Jun-2022,960.0,PE,0.0,0.0,0.0,8.0,6.75,0,0.0,0,0,18-APR-2022,
OPTSTK,TATASTEEL,30-Jun-2022,980.0,PE,0.0,0.0,0.0,16.5,8.4,0,0.0,0,0,18-APR-2022,
OPTSTK,TATASTEEL,30-Jun-2022,1000.0,PE,0.0,0.0,0.0,19.55,10.4,0,0.0,0,0,18-APR-2022,
OPTSTK,TATASTEEL,30-Jun-2022,1020.0,PE,0.0,0.0,0.0,23.05,12.65,0,0.0,0,0,18-APR-2022,
OPTSTK,TATASTEEL,30-Jun-2022,1040.0,PE,0.0,0.0,0.0,26.9,15.35,0,0.0,0,0,18-APR-2022,
OPTSTK,TATASTEEL,30-Jun-2022,1060.0,PE,0.0,0.0,0.0,31.2,18.35,0,0.0,0,0,18-APR-2022,
OPTSTK,TATASTEEL,30-Jun-2022,1080.0,PE,0.0,0.0,0.0,35.9,21.8,0,0.0,0,0,18-APR-2022,
OPTSTK,TATASTEEL,30-Jun-2022,1100.0,PE,0.0,0.0,0.0,41.15,25.7,0,0.0,0,0,18-APR-2022,
OPTSTK,TATASTEEL,30-Jun-2022,1120.0,PE,0.0,0.0,0.0,46.8,30.1,0,0.0,0,0,18-APR-2022,
OPTSTK,TATASTEEL,30-Jun-2022,1140.0,PE,0.0,0.0,0.0,52.95,34.95,0,0.0,0,0,18-APR-2022,
OPTSTK,TATASTEEL,30-Jun-2022,1160.0,PE,0.0,0.0,0.0,59.55,40.3,0,0.0,0,0,18-APR-2022,
OPTSTK,TATASTEEL,30-Jun-2022,1180.0,PE,0.0,0.0,0.0,66.7,46.15,0,0.0,0,0,18-APR-2022,
OPTSTK,TATASTEEL,30-Jun-2022,1200.0,PE,0.0,0.0,0.0,74.35,52.5,0,0.0,0,0,18-APR-2022,
OPTSTK,TATASTEEL,30-Jun-2022,1220.0,PE,0.0,0.0,0.0,82.5,59.45,0,0.0,0,0,18-APR-2022,
OPTSTK,TATASTEEL,30-Jun-2022,1240.0,PE,0.0,0.0,0.0,91.15,66.95,0,0.0,0,0,18-APR-2022,
OPTSTK,TATASTEEL,30-Jun-2022,1260.0,PE,0.0,0.0,0.0,100.35,75.0,0,0.0,0,0,18-APR-2022,
OPTSTK,TATASTEEL,30-Jun-2022,1280.0,PE,0.0,0.0,0.0,110.0,83.6,0,0.0,0,0,18-APR-2022,
OPTSTK,TATASTEEL,30-Jun-2022,1300.0,PE,0.0,0.0,0.0,90.0,92.75,0,0.0,850,0,18-APR-2022,
OPTSTK,TATASTEEL,30-Jun-2022,1320.0,PE,0.0,0.0,0.0,130.75,102.45,0,0.0,0,0,18-APR-2022,
OPTSTK,TATASTEEL,30-Jun-2022,1340.0,PE,0.0,0.0,0.0,141.85,112.7,0,0.0,0,0,18-APR-2022,
OPTSTK,TATASTEEL,30-Jun-2022,1360.0,PE,0.0,0.0,0.0,120.0,123.5,0,0.0,425,0,18-APR-2022,
OPTSTK,TATASTEEL,30-Jun-2022,1380.0,PE,0.0,0.0,0.0,165.4,134.8,0,0.0,0,0,18-APR-2022,
OPTSTK,TATASTEEL,30-Jun-2022,1400.0,PE,0.0,0.0,0.0,177.85,146.6,0,0.0,0,0,18-APR-2022,
OPTSTK,TATASTEEL,30-Jun-2022,1420.0,PE,0.0,0.0,0.0,190.7,158.9,0,0.0,0,0,18-APR-2022,
OPTSTK,TATASTEEL,30-Jun-2022,1440.0,PE,0.0,0.0,0.0,203.95,171.65,0,0.0,0,0,18-APR-2022,
OPTSTK,TATASTEEL,30-Jun-2022,1460.0,PE,0.0,0.0,0.0,217.6,184.85,0,0.0,0,0,18-APR-2022,
OPTSTK,TATASTEEL,30-Jun-2022,1480.0,PE,0.0,0.0,0.0,231.65,198.55,0,0.0,0,0,18-APR-2022,
OPTSTK,TATASTEEL,30-Jun-2022,1500.0,PE,0.0,0.0,0.0,246.0,212.6,0,0.0,0,0,18-APR-2022,
OPTSTK,TATASTEEL,30-Jun-2022,1520.0,PE,0.0,0.0,0.0,260.8,227.1,0,0.0,0,0,18-APR-2022,
OPTSTK,TATASTEEL,30-Jun-2022,1540.0,PE,0.0,0.0,0.0,275.85,242.05,0,0.0,0,0,18-APR-2022,
OPTSTK,TATASTEEL,30-Jun-2022,1560.0,PE,0.0,0.0,0.0,291.25,257.25,0,0.0,0,0,18-APR-2022,
OPTSTK,TATASTEEL,30-Jun-2022,1580.0,PE,0.0,0.0,0.0,306.9,272.85,0,0.0,0,0,18-APR-2022,
OPTSTK,TATASTEEL,30-Jun-2022,1600.0,PE,0.0,0.0,0.0,322.85,288.75,0,0.0,0,0,18-APR-2022,
OPTSTK,TATASTEEL,30-Jun-2022,1620.0,PE,0.0,0.0,0.0,339.0,304.9,0,0.0,0,0,18-APR-2022,
OPTSTK,TATASTEEL,30-Jun-2022,1640.0,PE,0.0,0.0,0.0,355.45,321.4,0,0.0,0,0,18-APR-2022,
OPTSTK,TCS,28-Apr-2022,2900.0,CE,0.0,0.0,0.0,788.65,631.35,0,0.0,0,0,18-APR-2022,
OPTSTK,TCS,28-Apr-2022,2950.0,CE,0.0,0.0,0.0,799.35,581.4,0,0.0,0,0,18-APR-2022,
OPTSTK,TCS,28-Apr-2022,2980.0,CE,0.0,0.0,0.0,714.8,551.45,0,0.0,0,0,18-APR-2022,
OPTSTK,TCS,28-Apr-2022,3000.0,CE,550.0,550.0,550.0,550.0,531.45,1,5.32,450,-150,18-APR-2022,
OPTSTK,TCS,28-Apr-2022,3020.0,CE,0.0,0.0,0.0,678.65,511.5,0,0.0,0,0,18-APR-2022,
OPTSTK,TCS,28-Apr-2022,3040.0,CE,0.0,0.0,0.0,660.8,491.55,0,0.0,0,0,18-APR-2022,
OPTSTK,TCS,28-Apr-2022,3050.0,CE,0.0,0.0,0.0,700.0,481.55,0,0.0,0,0,18-APR-2022,
OPTSTK,TCS,28-Apr-2022,3060.0,CE,0.0,0.0,0.0,643.15,471.55,0,0.0,0,0,18-APR-2022,
OPTSTK,TCS,28-Apr-2022,3080.0,CE,0.0,0.0,0.0,625.6,451.65,0,0.0,0,0,18-APR-2022,
OPTSTK,TCS,28-Apr-2022,3100.0,CE,0.0,0.0,0.0,608.25,431.7,0,0.0,0,0,18-APR-2022,
OPTSTK,TCS,28-Apr-2022,3120.0,CE,0.0,0.0,0.0,591.1,411.8,0,0.0,0,0,18-APR-2022,
OPTSTK,TCS,28-Apr-2022,3140.0,CE,0.0,0.0,0.0,574.15,391.95,0,0.0,0,0,18-APR-2022,
OPTSTK,TCS,28-Apr-2022,3150.0,CE,0.0,0.0,0.0,601.3,382.05,0,0.0,0,0,18-APR-2022,
OPTSTK,TCS,28-Apr-2022,3160.0,CE,0.0,0.0,0.0,557.4,372.15,0,0.0,0,0,18-APR-2022,
OPTSTK,TCS,28-Apr-2022,3180.0,CE,0.0,0.0,0.0,540.85,352.45,0,0.0,0,0,18-APR-2022,
OPTSTK,TCS,28-Apr-2022,3200.0,CE,0.0,0.0,0.0,524.5,332.85,0,0.0,0,0,18-APR-2022,
OPTSTK,TCS,28-Apr-2022,3220.0,CE,0.0,0.0,0.0,508.4,313.35,0,0.0,0,0,18-APR-2022,
OPTSTK,TCS,28-Apr-2022,3240.0,CE,0.0,0.0,0.0,492.55,294.0,0,0.0,0,0,18-APR-2022,
OPTSTK,TCS,28-Apr-2022,3250.0,CE,0.0,0.0,0.0,504.3,284.45,0,0.0,0,0,18-APR-2022,
OPTSTK,TCS,28-Apr-2022,3260.0,CE,0.0,0.0,0.0,476.9,274.9,0,0.0,0,0,18-APR-2022,
OPTSTK,TCS,28-Apr-2022,3280.0,CE,0.0,0.0,0.0,461.55,256.05,0,0.0,0,0,18-APR-2022,
OPTSTK,TCS,28-Apr-2022,3300.0,CE,266.75,266.75,249.0,256.25,237.55,8,42.65,3150,750,18-APR-2022,
OPTSTK,TCS,28-Apr-2022,3320.0,CE,0.0,0.0,0.0,431.65,219.4,0,0.0,0,0,18-APR-2022,
OPTSTK,TCS,28-Apr-2022,3340.0,CE,0.0,0.0,0.0,417.0,201.7,0,0.0,0,0,18-APR-2022,
OPTSTK,TCS,28-Apr-2022,3350.0,CE,0.0,0.0,0.0,410.7,193.0,0,0.0,0,0,18-APR-2022,
OPTSTK,TCS,28-Apr-2022,3360.0,CE,0.0,0.0,0.0,402.65,184.5,0,0.0,0,0,18-APR-2022,
OPTSTK,TCS,28-Apr-2022,3380.0,CE,0.0,0.0,0.0,388.6,167.9,0,0.0,0,0,18-APR-2022,
OPTSTK,TCS,28-Apr-2022,3400.0,CE,214.1,214.1,149.85,154.7,154.7,68,363.58,16350,3750,18-APR-2022,
OPTSTK,TCS,28-Apr-2022,3420.0,CE,0.0,0.0,0.0,361.15,136.9,0,0.0,0,0,18-APR-2022,
OPTSTK,TCS,28-Apr-2022,3440.0,CE,0.0,0.0,0.0,347.95,122.3,0,0.0,0,0,18-APR-2022,
OPTSTK,TCS,28-Apr-2022,3450.0,CE,0.0,0.0,0.0,322.9,115.4,0,0.0,0,0,18-APR-2022,
OPTSTK,TCS,28-Apr-2022,3460.0,CE,0.0,0.0,0.0,335.05,108.7,0,0.0,0,0,18-APR-2022,
OPTSTK,TCS,28-Apr-2022,3480.0,CE,0.0,0.0,0.0,322.45,96.0,0,0.0,0,0,18-APR-2022,
OPTSTK,TCS,28-Apr-2022,3500.0,CE,120.0,128.0,75.25,78.65,78.65,1424,7665.59,71550,36000,18-APR-2022,
OPTSTK,TCS,28-Apr-2022,3520.0,CE,79.5,85.0,64.0,66.3,66.3,243,1308.31,10950,10950,18-APR-2022,
OPTSTK,TCS,28-Apr-2022,3540.0,CE,68.2,73.4,53.1,55.3,55.3,1496,8080.55,39900,39150,18-APR-2022,
OPTSTK,TCS,28-Apr-2022,3550.0,CE,68.05,70.0,48.2,50.4,50.4,1335,7221.88,54750,54150,18-APR-2022,
OPTSTK,TCS,28-Apr-2022,3560.0,CE,69.4,69.7,43.7,45.55,45.55,2448,13268.02,54000,53100,18-APR-2022,
OPTSTK,TCS,28-Apr-2022,3580.0,CE,64.7,65.1,35.65,37.3,37.3,2774,15080.43,64500,64500,18-APR-2022,
OPTSTK,TCS,28-Apr-2022,3600.0,CE,65.6,67.15,28.8,30.05,30.05,14335,78217.42,432750,262200,18-APR-2022,
OPTSTK,TCS,28-Apr-2022,3620.0,CE,45.6,48.1,23.05,24.0,24.0,2859,15647.51,60750,46800,18-APR-2022,
OPTSTK,TCS,28-Apr-2022,3640.0,CE,57.0,57.0,18.55,19.3,19.3,3800,20884.45,121350,108750,18-APR-2022,
OPTSTK,TCS,28-Apr-2022,3650.0,CE,45.15,45.15,16.85,17.6,17.6,4223,23268.11,218850,172350,18-APR-2022,
OPTSTK,TCS,28-Apr-2022,3660.0,CE,32.8,35.85,15.3,15.95,15.95,3124,17249.63,166500,84750,18-APR-2022,
OPTSTK,TCS,28-Apr-2022,3680.0,CE,46.5,46.5,13.05,13.55,13.55,3566,19779.86,170100,39450,18-APR-2022,
OPTSTK,TCS,28-Apr-2022,3700.0,CE,28.55,34.7,11.5,12.05,12.05,18718,104325.56,1498500,308400,18-APR-2022,
OPTSTK,TCS,28-Apr-2022,3720.0,CE,38.0,38.0,10.15,10.65,10.65,3189,17859.52,369000,86100,18-APR-2022,
OPTSTK,TCS,28-Apr-2022,3740.0,CE,16.45,18.0,8.6,9.0,9.0,3347,18832.42,282000,4050,18-APR-2022,
OPTSTK,TCS,28-Apr-2022,3750.0,CE,15.25,19.15,7.9,8.55,8.55,3813,21509.57,324000,-3750,18-APR-2022,
OPTSTK,TCS,28-Apr-2022,3760.0,CE,14.95,19.05,7.8,8.2,8.2,2793,15794.31,207600,-28500,18-APR-2022,
OPTSTK,TCS,28-Apr-2022,3780.0,CE,19.95,19.95,6.0,7.4,7.4,2841,16144.93,207750,4800,18-APR-2022,
OPTSTK,TCS,28-Apr-2022,3800.0,CE,10.9,18.0,6.65,7.0,7.0,17261,98593.71,1822950,39900,18-APR-2022,
OPTSTK,TCS,28-Apr-2022,3820.0,CE,10.05,12.0,6.25,6.55,6.55,2242,12870.88,150000,-23850,18-APR-2022,
OPTSTK,TCS,28-Apr-2022,3840.0,CE,10.0,10.0,5.75,6.15,6.15,2520,14539.36,145350,-35100,18-APR-2022,
OPTSTK,TCS,28-Apr-2022,3850.0,CE,15.0,15.0,5.45,5.9,5.9,2699,15611.32,195000,-8100,18-APR-2022,
OPTSTK,TCS,28-Apr-2022,3860.0,CE,6.9,6.95,5.25,5.7,5.7,1612,9347.57,122550,-46050,18-APR-2022,
OPTSTK,TCS,28-Apr-2022,3880.0,CE,8.7,9.0,4.75,5.4,5.4,1288,7506.53,87300,-3000,18-APR-2022,
OPTSTK,TCS,28-Apr-2022,3900.0,CE,7.65,7.65,4.1,4.85,4.85,8721,51081.72,969450,-53400,18-APR-2022,
OPTSTK,TCS,28-Apr-2022,3920.0,CE,5.05,5.05,3.75,4.75,4.75,824,4850.83,44400,-1650,18-APR-2022,
OPTSTK,TCS,28-Apr-2022,3940.0,CE,6.1,6.1,3.2,4.3,4.3,710,4200.45,201000,-26850,18-APR-2022,
OPTSTK,TCS,28-Apr-2022,3950.0,CE,4.0,4.65,3.25,4.25,4.25,495,2935.85,31350,-15450,18-APR-2022,
OPTSTK,TCS,28-Apr-2022,3960.0,CE,4.0,4.65,3.25,4.15,4.15,487,2895.73,33900,-5850,18-APR-2022,
OPTSTK,TCS,28-Apr-2022,3980.0,CE,3.4,4.3,3.05,4.0,4.0,447,2671.12,28650,-10350,18-APR-2022,
OPTSTK,TCS,28-Apr-2022,4000.0,CE,3.85,5.0,2.75,3.9,3.9,7723,46380.33,1662900,-194550,18-APR-2022,
OPTSTK,TCS,28-Apr-2022,4020.0,CE,2.75,3.95,2.55,3.7,3.7,423,2552.82,45450,-14100,18-APR-2022,
OPTSTK,TCS,28-Apr-2022,4040.0,CE,2.7,3.7,2.5,3.35,3.35,263,1595.01,23100,-4650,18-APR-2022,
OPTSTK,TCS,28-Apr-2022,4050.0,CE,2.7,3.6,2.4,3.2,3.2,137,832.91,12450,-3300,18-APR-2022,
OPTSTK,TCS,28-Apr-2022,4060.0,CE,2.5,3.5,2.4,3.2,3.2,326,1986.81,51900,-4500,18-APR-2022,
OPTSTK,TCS,28-Apr-2022,4080.0,CE,2.35,3.25,2.15,3.1,3.1,164,1004.36,49800,-1200,18-APR-2022,
OPTSTK,TCS,28-Apr-2022,4100.0,CE,3.1,3.4,2.0,3.05,3.05,2344,14425.67,422550,-117900,18-APR-2022,
OPTSTK,TCS,28-Apr-2022,4120.0,CE,2.8,3.1,1.25,2.95,2.95,356,2201.39,19950,-600,18-APR-2022,
OPTSTK,TCS,28-Apr-2022,4140.0,CE,1.95,2.9,1.8,2.7,2.7,250,1553.4,15300,1200,18-APR-2022,
OPTSTK,TCS,28-Apr-2022,4150.0,CE,2.05,2.05,2.05,2.05,0.05,1,6.22,750,150,18-APR-2022,
OPTSTK,TCS,28-Apr-2022,4160.0,CE,1.8,2.75,1.7,2.5,0.05,199,1242.44,11550,-2850,18-APR-2022,
OPTSTK,TCS,28-Apr-2022,4180.0,CE,0.0,0.0,0.0,3.7,0.05,0,0.0,3900,0,18-APR-2022,
OPTSTK,TCS,28-Apr-2022,4200.0,CE,1.9,2.75,1.4,2.6,2.6,1353,8528.45,291000,-52200,18-APR-2022,
OPTSTK,TCS,28-Apr-2022,4220.0,CE,1.9,2.4,1.9,2.1,2.1,7,44.33,3600,0,18-APR-2022,
OPTSTK,TCS,28-Apr-2022,4240.0,CE,1.55,2.3,1.0,2.3,2.3,12,76.35,12900,-150,18-APR-2022,
OPTSTK,TCS,28-Apr-2022,4250.0,CE,0.0,0.0,0.0,8.35,0.0,0,0.0,0,0,18-APR-2022,
OPTSTK,TCS,28-Apr-2022,4260.0,CE,0.0,0.0,0.0,46.85,0.0,0,0.0,0,0,18-APR-2022,
OPTSTK,TCS,28-Apr-2022,4280.0,CE,0.0,0.0,0.0,44.15,0.0,0,0.0,0,0,18-APR-2022,
OPTSTK,TCS,28-Apr-2022,4300.0,CE,1.4,3.1,1.1,2.1,2.1,362,2335.98,73950,-15750,18-APR-2022,
OPTSTK,TCS,28-Apr-2022,4320.0,CE,0.0,0.0,0.0,39.1,0.0,0,0.0,0,0,18-APR-2022,
OPTSTK,TCS,28-Apr-2022,4340.0,CE,0.0,0.0,0.0,36.75,0.0,0,0.0,0,0,18-APR-2022,
OPTSTK,TCS,28-Apr-2022,4350.0,CE,0.0,0.0,0.0,5.2,0.0,0,0.0,150,0,18-APR-2022,
OPTSTK,TCS,28-Apr-2022,4360.0,CE,0.0,0.0,0.0,34.55,0.0,0,0.0,0,0,18-APR-2022,
OPTSTK,TCS,28-Apr-2022,4380.0,CE,0.0,0.0,0.0,32.45,0.0,0,0.0,0,0,18-APR-2022,
OPTSTK,TCS,28-Apr-2022,4400.0,CE,1.4,1.95,1.15,1.75,1.75,312,2059.91,160950,-20400,18-APR-2022,
OPTSTK,TCS,28-Apr-2022,4420.0,CE,0.85,1.5,0.85,1.5,0.0,4,26.52,13500,-450,18-APR-2022,
OPTSTK,TCS,28-Apr-2022,4450.0,CE,1.95,1.95,1.95,1.95,0.0,1,6.67,150,150,18-APR-2022,
OPTSTK,TCS,28-Apr-2022,4500.0,CE,1.05,1.5,0.9,1.15,1.15,183,1235.56,63300,-11250,18-APR-2022,
OPTSTK,TCS,28-Apr-2022,4550.0,CE,0.85,0.85,0.85,0.85,0.0,3,20.47,750,450,18-APR-2022,
OPTSTK,TCS,28-Apr-2022,2900.0,PE,0.0,0.0,0.0,9.2,0.0,0,0.0,0,0,18-APR-2022,
OPTSTK,TCS,28-Apr-2022,2950.0,PE,0.0,0.0,0.0,0.1,0.0,0,0.0,0,0,18-APR-2022,
OPTSTK,TCS,28-Apr-2022,2980.0,PE,2.0,2.55,2.0,2.0,2.0,9,40.25,18600,450,18-APR-2022,
OPTSTK,TCS,28-Apr-2022,3000.0,PE,1.25,2.75,1.25,2.3,2.3,262,1179.81,50850,-4350,18-APR-2022,
OPTSTK,TCS,28-Apr-2022,3020.0,PE,0.0,0.0,0.0,17.95,0.05,0,0.0,0,0,18-APR-2022,
OPTSTK,TCS,28-Apr-2022,3040.0,PE,0.0,0.0,0.0,19.9,0.05,0,0.0,0,0,18-APR-2022,
OPTSTK,TCS,28-Apr-2022,3050.0,PE,0.0,0.0,0.0,0.45,0.05,0,0.0,0,0,18-APR-2022,
OPTSTK,TCS,28-Apr-2022,3060.0,PE,0.0,0.0,0.0,22.0,0.1,0,0.0,0,0,18-APR-2022,
OPTSTK,TCS,28-Apr-2022,3080.0,PE,0.0,0.0,0.0,24.3,0.1,0,0.0,0,0,18-APR-2022,
OPTSTK,TCS,28-Apr-2022,3100.0,PE,1.85,4.5,1.5,2.75,2.75,579,2694.48,38550,14700,18-APR-2022,
OPTSTK,TCS,28-Apr-2022,3120.0,PE,0.0,0.0,0.0,29.35,0.25,0,0.0,0,0,18-APR-2022,
OPTSTK,TCS,28-Apr-2022,3140.0,PE,0.0,0.0,0.0,32.2,0.4,0,0.0,0,0,18-APR-2022,
OPTSTK,TCS,28-Apr-2022,3150.0,PE,0.0,0.0,0.0,1.45,0.45,0,0.0,0,0,18-APR-2022,
OPTSTK,TCS,28-Apr-2022,3160.0,PE,0.0,0.0,0.0,35.25,0.55,0,0.0,0,0,18-APR-2022,
OPTSTK,TCS,28-Apr-2022,3180.0,PE,0.0,0.0,0.0,38.5,0.8,0,0.0,0,0,18-APR-2022,
OPTSTK,TCS,28-Apr-2022,3200.0,PE,2.75,4.1,2.05,3.7,3.7,935,4492.2,97650,-4800,18-APR-2022,
OPTSTK,TCS,28-Apr-2022,3220.0,PE,0.0,0.0,0.0,45.65,1.65,0,0.0,0,0,18-APR-2022,
OPTSTK,TCS,28-Apr-2022,3240.0,PE,0.0,0.0,0.0,49.55,2.3,0,0.0,0,0,18-APR-2022,
OPTSTK,TCS,28-Apr-2022,3250.0,PE,7.0,7.0,7.0,7.0,7.0,6,29.31,900,750,18-APR-2022,
OPTSTK,TCS,28-Apr-2022,3260.0,PE,0.0,0.0,0.0,7.6,3.2,0,0.0,150,0,18-APR-2022,
OPTSTK,TCS,28-Apr-2022,3280.0,PE,4.5,6.3,3.35,5.4,5.4,364,1793.51,8400,-1350,18-APR-2022,
OPTSTK,TCS,28-Apr-2022,3300.0,PE,5.0,7.0,3.8,6.0,6.0,2109,10456.25,120900,-17550,18-APR-2022,
OPTSTK,TCS,28-Apr-2022,3320.0,PE,0.0,0.0,0.0,67.8,7.6,0,0.0,0,0,18-APR-2022,
OPTSTK,TCS,28-Apr-2022,3340.0,PE,8.35,8.35,5.15,7.85,7.85,239,1199.88,10200,3450,18-APR-2022,
OPTSTK,TCS,28-Apr-2022,3350.0,PE,5.1,5.1,5.1,5.1,11.2,2,10.06,300,-300,18-APR-2022,
OPTSTK,TCS,28-Apr-2022,3360.0,PE,9.4,9.65,5.9,9.1,9.1,487,2460.21,7050,1950,18-APR-2022,
OPTSTK,TCS,28-Apr-2022,3380.0,PE,6.9,12.45,6.85,10.7,10.7,735,3736.76,20700,8100,18-APR-2022,
OPTSTK,TCS,28-Apr-2022,3400.0,PE,9.5,14.7,7.3,13.0,13.0,4343,22222.73,360600,19950,18-APR-2022,
OPTSTK,TCS,28-Apr-2022,3420.0,PE,9.25,17.5,6.65,15.15,15.15,999,5144.84,16500,9600,18-APR-2022,
OPTSTK,TCS,28-Apr-2022,3440.0,PE,12.5,22.45,10.4,19.0,19.0,1567,8122.98,31500,-27150,18-APR-2022,
OPTSTK,TCS,28-Apr-2022,3450.0,PE,8.55,23.0,8.55,20.75,20.75,785,4083.54,66900,29100,18-APR-2022,
OPTSTK,TCS,28-Apr-2022,3460.0,PE,14.8,26.3,13.05,23.35,23.35,984,5137.41,32550,-19500,18-APR-2022,
OPTSTK,TCS,28-Apr-2022,3480.0,PE,17.75,31.9,16.35,28.7,28.7,1128,5929.57,44250,15150,18-APR-2022,
OPTSTK,TCS,28-Apr-2022,3500.0,PE,29.3,39.45,17.95,35.55,35.55,9039,47871.9,403650,-94500,18-APR-2022,
OPTSTK,TCS,28-Apr-2022,3520.0,PE,18.35,47.5,18.35,43.4,43.4,1841,9826.5,41400,9450,18-APR-2022,
OPTSTK,TCS,28-Apr-2022,3540.0,PE,32.1,59.0,23.4,52.2,52.2,2331,12541.95,64800,10650,18-APR-2022,
OPTSTK,TCS,28-Apr-2022,3550.0,PE,31.05,62.15,31.05,56.1,56.1,2231,12051.42,84750,25500,18-APR-2022,
OPTSTK,TCS,28-Apr-2022,3560.0,PE,38.0,66.4,36.8,62.8,62.8,2723,14764.49,76950,27900,18-APR-2022,
OPTSTK,TCS,28-Apr-2022,3580.0,PE,58.75,77.95,43.85,74.05,74.05,1439,7864.36,38850,4050,18-APR-2022,
OPTSTK,TCS,28-Apr-2022,3600.0,PE,52.65,90.85,50.85,87.7,87.7,6215,34241.99,421500,-148650,18-APR-2022,
OPTSTK,TCS,28-Apr-2022,3620.0,PE,63.5,104.35,61.8,101.7,101.7,561,3120.63,44550,-6450,18-APR-2022,
OPTSTK,TCS,28-Apr-2022,3640.0,PE,79.95,119.15,74.4,115.55,115.55,572,3210.11,59250,-16800,18-APR-2022,
OPTSTK,TCS,28-Apr-2022,3650.0,PE,76.9,127.25,76.9,124.2,124.2,864,4866.82,66600,-52800,18-APR-2022,
OPTSTK,TCS,28-Apr-2022,3660.0,PE,87.7,137.35,84.0,133.25,133.25,633,3580.44,66300,-33900,18-APR-2022,
OPTSTK,TCS,28-Apr-2022,3680.0,PE,98.0,152.75,98.0,150.1,150.1,351,2005.68,72150,-17100,18-APR-2022,
OPTSTK,TCS,28-Apr-2022,3700.0,PE,98.0,206.45,98.0,168.3,168.3,1898,10951.06,578250,-136650,18-APR-2022,
OPTSTK,TCS,28-Apr-2022,3720.0,PE,125.8,191.65,125.8,188.0,188.0,96,559.95,61950,-2850,18-APR-2022,
OPTSTK,TCS,28-Apr-2022,3740.0,PE,160.0,209.25,156.7,206.1,206.1,115,677.67,95250,-1950,18-APR-2022,
OPTSTK,TCS,28-Apr-2022,3750.0,PE,175.0,216.75,175.0,215.25,215.25,67,397.75,42450,-4650,18-APR-2022,
OPTSTK,TCS,28-Apr-2022,3760.0,PE,182.0,224.0,182.0,224.0,224.0,32,190.25,30000,-2550,18-APR-2022,
OPTSTK,TCS,28-Apr-2022,3780.0,PE,181.6,247.0,181.6,246.15,246.15,20,120.24,27000,-1200,18-APR-2022,
OPTSTK,TCS,28-Apr-2022,3800.0,PE,199.0,268.2,199.0,262.2,262.2,308,1863.01,204150,-12600,18-APR-2022,
OPTSTK,TCS,28-Apr-2022,3820.0,PE,264.65,281.35,257.05,281.35,281.35,10,61.33,18900,-750,18-APR-2022,
OPTSTK,TCS,28-Apr-2022,3840.0,PE,250.25,296.35,250.25,296.05,310.5,50,308.92,21000,-2550,18-APR-2022,
OPTSTK,TCS,28-Apr-2022,3850.0,PE,296.3,296.3,296.3,296.3,320.15,1,6.21,4050,0,18-APR-2022,
OPTSTK,TCS,28-Apr-2022,3860.0,PE,301.15,318.9,301.15,317.0,329.8,11,68.82,18900,150,18-APR-2022,
OPTSTK,TCS,28-Apr-2022,3880.0,PE,0.0,0.0,0.0,223.45,349.25,0,0.0,300,0,18-APR-2022,
OPTSTK,TCS,28-Apr-2022,3900.0,PE,313.9,366.65,297.8,364.75,364.75,84,534.86,150000,-6600,18-APR-2022,
OPTSTK,TCS,28-Apr-2022,3920.0,PE,0.0,0.0,0.0,350.0,388.5,0,0.0,0,0,18-APR-2022,
OPTSTK,TCS,28-Apr-2022,3940.0,PE,0.0,0.0,0.0,150.0,408.2,0,0.0,300,0,18-APR-2022,
OPTSTK,TCS,28-Apr-2022,3950.0,PE,0.0,0.0,0.0,246.3,418.1,0,0.0,0,0,18-APR-2022,
OPTSTK,TCS,28-Apr-2022,3960.0,PE,0.0,0.0,0.0,377.85,428.0,0,0.0,0,0,18-APR-2022,
OPTSTK,TCS,28-Apr-2022,3980.0,PE,0.0,0.0,0.0,392.1,447.85,0,0.0,0,0,18-APR-2022,
OPTSTK,TCS,28-Apr-2022,4000.0,PE,399.0,463.35,399.0,460.15,460.15,106,706.87,123750,-7800,18-APR-2022,
OPTSTK,TCS,28-Apr-2022,4020.0,PE,0.0,0.0,0.0,421.45,487.65,0,0.0,0,0,18-APR-2022,
OPTSTK,TCS,28-Apr-2022,4040.0,PE,0.0,0.0,0.0,436.4,507.55,0,0.0,0,0,18-APR-2022,
OPTSTK,TCS,28-Apr-2022,4050.0,PE,0.0,0.0,0.0,325.75,517.5,0,0.0,0,0,18-APR-2022,
OPTSTK,TCS,28-Apr-2022,4060.0,PE,0.0,0.0,0.0,451.6,527.5,0,0.0,0,0,18-APR-2022,
OPTSTK,TCS,28-Apr-2022,4080.0,PE,0.0,0.0,0.0,466.95,547.45,0,0.0,0,0,18-APR-2022,
OPTSTK,TCS,28-Apr-2022,4100.0,PE,506.5,555.0,506.5,555.0,567.4,2,13.89,4800,-150,18-APR-2022,
OPTSTK,TCS,28-Apr-2022,4120.0,PE,0.0,0.0,0.0,498.15,587.35,0,0.0,0,0,18-APR-2022,
OPTSTK,TCS,28-Apr-2022,4140.0,PE,0.0,0.0,0.0,389.0,607.35,0,0.0,150,0,18-APR-2022,
OPTSTK,TCS,28-Apr-2022,4150.0,PE,0.0,0.0,0.0,412.8,617.3,0,0.0,0,0,18-APR-2022,
OPTSTK,TCS,28-Apr-2022,4160.0,PE,0.0,0.0,0.0,530.2,627.3,0,0.0,0,0,18-APR-2022,
OPTSTK,TCS,28-Apr-2022,4180.0,PE,0.0,0.0,0.0,546.45,647.3,0,0.0,0,0,18-APR-2022,
OPTSTK,TCS,28-Apr-2022,4200.0,PE,0.0,0.0,0.0,524.9,667.25,0,0.0,24450,0,18-APR-2022,
OPTSTK,TCS,28-Apr-2022,4220.0,PE,0.0,0.0,0.0,579.55,687.25,0,0.0,0,0,18-APR-2022,
OPTSTK,TCS,28-Apr-2022,4240.0,PE,0.0,0.0,0.0,596.3,707.2,0,0.0,0,0,18-APR-2022,
OPTSTK,TCS,28-Apr-2022,4250.0,PE,0.0,0.0,0.0,505.0,717.2,0,0.0,0,0,18-APR-2022,
OPTSTK,TCS,28-Apr-2022,4260.0,PE,0.0,0.0,0.0,613.25,727.2,0,0.0,0,0,18-APR-2022,
OPTSTK,TCS,28-Apr-2022,4280.0,PE,0.0,0.0,0.0,630.3,747.15,0,0.0,0,0,18-APR-2022,
OPTSTK,TCS,28-Apr-2022,4300.0,PE,0.0,0.0,0.0,647.5,767.15,0,0.0,0,0,18-APR-2022,
OPTSTK,TCS,28-Apr-2022,4320.0,PE,0.0,0.0,0.0,664.85,787.1,0,0.0,0,0,18-APR-2022,
OPTSTK,TCS,28-Apr-2022,4340.0,PE,0.0,0.0,0.0,682.3,807.1,0,0.0,0,0,18-APR-2022,
OPTSTK,TCS,28-Apr-2022,4350.0,PE,0.0,0.0,0.0,600.55,817.05,0,0.0,0,0,18-APR-2022,
OPTSTK,TCS,28-Apr-2022,4360.0,PE,0.0,0.0,0.0,699.9,827.05,0,0.0,0,0,18-APR-2022,
OPTSTK,TCS,28-Apr-2022,4380.0,PE,0.0,0.0,0.0,717.6,847.05,0,0.0,0,0,18-APR-2022,
OPTSTK,TCS,28-Apr-2022,4400.0,PE,0.0,0.0,0.0,735.4,867.0,0,0.0,0,0,18-APR-2022,
OPTSTK,TCS,28-Apr-2022,4420.0,PE,0.0,0.0,0.0,753.35,887.0,0,0.0,0,0,18-APR-2022,
OPTSTK,TCS,28-Apr-2022,4450.0,PE,0.0,0.0,0.0,698.05,916.95,0,0.0,0,0,18-APR-2022,
OPTSTK,TCS,28-Apr-2022,4500.0,PE,0.0,0.0,0.0,789.25,966.9,0,0.0,0,0,18-APR-2022,
OPTSTK,TCS,28-Apr-2022,4550.0,PE,0.0,0.0,0.0,796.65,1016.85,0,0.0,0,0,18-APR-2022,
OPTSTK,TCS,26-May-2022,2900.0,CE,0.0,0.0,0.0,557.85,642.55,0,0.0,0,0,18-APR-2022,
OPTSTK,TCS,26-May-2022,2950.0,CE,0.0,0.0,0.0,811.25,593.9,0,0.0,0,0,18-APR-2022,
OPTSTK,TCS,26-May-2022,2980.0,CE,0.0,0.0,0.0,490.95,564.95,0,0.0,0,0,18-APR-2022,
OPTSTK,TCS,26-May-2022,3000.0,CE,0.0,0.0,0.0,474.8,545.8,0,0.0,0,0,18-APR-2022,
OPTSTK,TCS,26-May-2022,3020.0,CE,0.0,0.0,0.0,458.85,526.8,0,0.0,0,0,18-APR-2022,
OPTSTK,TCS,26-May-2022,3040.0,CE,0.0,0.0,0.0,443.2,507.9,0,0.0,0,0,18-APR-2022,
OPTSTK,TCS,26-May-2022,3050.0,CE,0.0,0.0,0.0,714.5,498.5,0,0.0,0,0,18-APR-2022,
OPTSTK,TCS,26-May-2022,3060.0,CE,0.0,0.0,0.0,427.85,489.15,0,0.0,0,0,18-APR-2022,
OPTSTK,TCS,26-May-2022,3080.0,CE,0.0,0.0,0.0,412.7,470.6,0,0.0,0,0,18-APR-2022,
OPTSTK,TCS,26-May-2022,3100.0,CE,0.0,0.0,0.0,398.0,452.25,0,0.0,0,0,18-APR-2022,
OPTSTK,TCS,26-May-2022,3120.0,CE,0.0,0.0,0.0,383.45,434.1,0,0.0,0,0,18-APR-2022,
OPTSTK,TCS,26-May-2022,3140.0,CE,0.0,0.0,0.0,369.2,416.15,0,0.0,0,0,18-APR-2022,
OPTSTK,TCS,26-May-2022,3150.0,CE,0.0,0.0,0.0,620.1,407.3,0,0.0,0,0,18-APR-2022,
OPTSTK,TCS,26-May-2022,3160.0,CE,0.0,0.0,0.0,355.05,398.5,0,0.0,0,0,18-APR-2022,
OPTSTK,TCS,26-May-2022,3180.0,CE,0.0,0.0,0.0,341.45,381.1,0,0.0,0,0,18-APR-2022,
OPTSTK,TCS,26-May-2022,3200.0,CE,0.0,0.0,0.0,328.1,363.95,0,0.0,0,0,18-APR-2022,
OPTSTK,TCS,26-May-2022,3220.0,CE,0.0,0.0,0.0,315.1,347.15,0,0.0,0,0,18-APR-2022,
OPTSTK,TCS,26-May-2022,3240.0,CE,0.0,0.0,0.0,302.4,330.65,0,0.0,0,0,18-APR-2022,
OPTSTK,TCS,26-May-2022,3250.0,CE,0.0,0.0,0.0,529.25,322.55,0,0.0,0,0,18-APR-2022,
OPTSTK,TCS,26-May-2022,3260.0,CE,0.0,0.0,0.0,290.0,314.5,0,0.0,0,0,18-APR-2022,
OPTSTK,TCS,26-May-2022,3280.0,CE,0.0,0.0,0.0,277.95,298.7,0,0.0,0,0,18-APR-2022,
OPTSTK,TCS,26-May-2022,3300.0,CE,0.0,0.0,0.0,266.2,283.3,0,0.0,0,0,18-APR-2022,
OPTSTK,TCS,26-May-2022,3320.0,CE,0.0,0.0,0.0,254.8,268.45,0,0.0,0,0,18-APR-2022,
OPTSTK,TCS,26-May-2022,3340.0,CE,0.0,0.0,0.0,243.75,253.85,0,0.0,0,0,18-APR-2022,
OPTSTK,TCS,26-May-2022,3350.0,CE,0.0,0.0,0.0,443.4,246.55,0,0.0,0,0,18-APR-2022,
OPTSTK,TCS,26-May-2022,3360.0,CE,0.0,0.0,0.0,233.0,239.5,0,0.0,0,0,18-APR-2022,
OPTSTK,TCS,26-May-2022,3380.0,CE,0.0,0.0,0.0,222.55,225.8,0,0.0,0,0,18-APR-2022,
OPTSTK,TCS,26-May-2022,3400.0,CE,204.1,204.15,204.1,204.15,212.55,2,10.81,300,300,18-APR-2022,
OPTSTK,TCS,26-May-2022,3420.0,CE,0.0,0.0,0.0,202.65,199.75,0,0.0,0,0,18-APR-2022,
OPTSTK,TCS,26-May-2022,3440.0,CE,0.0,0.0,0.0,193.2,187.4,0,0.0,0,0,18-APR-2022,
OPTSTK,TCS,26-May-2022,3450.0,CE,0.0,0.0,0.0,364.05,181.45,0,0.0,0,0,18-APR-2022,
OPTSTK,TCS,26-May-2022,3460.0,CE,0.0,0.0,0.0,184.1,175.55,0,0.0,0,0,18-APR-2022,
OPTSTK,TCS,26-May-2022,3480.0,CE,0.0,0.0,0.0,175.25,164.2,0,0.0,0,0,18-APR-2022,
OPTSTK,TCS,26-May-2022,3500.0,CE,145.0,146.6,127.5,131.05,131.05,235,1281.47,21150,16800,18-APR-2022,
OPTSTK,TCS,26-May-2022,3520.0,CE,0.0,0.0,0.0,158.55,142.9,0,0.0,0,0,18-APR-2022,
OPTSTK,TCS,26-May-2022,3540.0,CE,0.0,0.0,0.0,337.2,133.0,0,0.0,0,0,18-APR-2022,
OPTSTK,TCS,26-May-2022,3550.0,CE,0.0,0.0,0.0,292.4,128.2,0,0.0,0,0,18-APR-2022,
OPTSTK,TCS,26-May-2022,3560.0,CE,176.25,176.25,100.0,100.05,100.05,43,236.87,6000,6000,18-APR-2022,
OPTSTK,TCS,26-May-2022,3580.0,CE,0.0,0.0,0.0,135.8,114.6,0,0.0,0,0,18-APR-2022,
OPTSTK,TCS,26-May-2022,3600.0,CE,105.0,107.1,82.0,83.65,83.65,762,4216.0,67350,52500,18-APR-2022,
OPTSTK,TCS,26-May-2022,3620.0,CE,75.15,77.0,75.15,77.0,77.0,2,11.08,300,300,18-APR-2022,
OPTSTK,TCS,26-May-2022,3640.0,CE,0.0,0.0,0.0,115.6,90.5,0,0.0,0,0,18-APR-2022,
OPTSTK,TCS,26-May-2022,3650.0,CE,0.0,0.0,0.0,150.0,86.9,0,0.0,3000,0,18-APR-2022,
OPTSTK,TCS,26-May-2022,3660.0,CE,0.0,0.0,0.0,109.45,83.4,0,0.0,0,0,18-APR-2022,
OPTSTK,TCS,26-May-2022,3680.0,CE,0.0,0.0,0.0,103.5,76.7,0,0.0,0,0,18-APR-2022,
OPTSTK,TCS,26-May-2022,3700.0,CE,82.0,82.0,50.0,50.5,50.5,713,4015.85,113550,30150,18-APR-2022,
OPTSTK,TCS,26-May-2022,3720.0,CE,0.0,0.0,0.0,119.9,64.5,0,0.0,750,0,18-APR-2022,
OPTSTK,TCS,26-May-2022,3740.0,CE,55.0,55.0,42.95,45.0,59.05,8,45.43,2850,150,18-APR-2022,
OPTSTK,TCS,26-May-2022,3750.0,CE,41.95,69.0,38.5,39.05,39.05,55,312.78,5250,3150,18-APR-2022,
OPTSTK,TCS,26-May-2022,3760.0,CE,0.0,0.0,0.0,82.55,54.1,0,0.0,0,0,18-APR-2022,
OPTSTK,TCS,26-May-2022,3780.0,CE,38.85,38.85,35.8,36.05,49.35,10,57.25,150,-150,18-APR-2022,
OPTSTK,TCS,26-May-2022,3800.0,CE,49.95,49.95,29.05,29.95,29.95,940,5403.94,161100,34950,18-APR-2022,
OPTSTK,TCS,26-May-2022,3820.0,CE,0.0,0.0,0.0,135.0,40.75,0,0.0,300,0,18-APR-2022,
OPTSTK,TCS,26-May-2022,3840.0,CE,10.15,35.3,10.1,25.6,36.95,20,115.92,1950,1200,18-APR-2022,
OPTSTK,TCS,26-May-2022,3850.0,CE,21.9,21.9,21.9,21.9,35.2,1,5.8,750,0,18-APR-2022,
OPTSTK,TCS,26-May-2022,3860.0,CE,25.0,25.0,23.0,23.0,33.5,2,11.65,450,-300,18-APR-2022,
OPTSTK,TCS,26-May-2022,3880.0,CE,25.65,25.65,19.5,19.5,19.5,17,99.52,750,450,18-APR-2022,
OPTSTK,TCS,26-May-2022,3900.0,CE,29.95,29.95,17.1,18.3,18.3,447,2628.28,69450,11250,18-APR-2022,
OPTSTK,TCS,26-May-2022,3920.0,CE,0.0,0.0,0.0,50.8,24.65,0,0.0,0,0,18-APR-2022,
OPTSTK,TCS,26-May-2022,3940.0,CE,0.0,0.0,0.0,47.65,22.2,0,0.0,0,0,18-APR-2022,
OPTSTK,TCS,26-May-2022,3950.0,CE,0.0,0.0,0.0,96.6,21.05,0,0.0,0,0,18-APR-2022,
OPTSTK,TCS,26-May-2022,3960.0,CE,0.0,0.0,0.0,44.7,19.95,0,0.0,0,0,18-APR-2022,
OPTSTK,TCS,26-May-2022,3980.0,CE,0.0,0.0,0.0,41.95,17.9,0,0.0,0,0,18-APR-2022,
OPTSTK,TCS,26-May-2022,4000.0,CE,18.0,18.0,11.5,12.95,12.95,805,4846.68,185250,48900,18-APR-2022,
OPTSTK,TCS,26-May-2022,4020.0,CE,0.0,0.0,0.0,22.0,14.3,0,0.0,0,0,18-APR-2022,
OPTSTK,TCS,26-May-2022,4040.0,CE,0.0,0.0,0.0,34.45,12.8,0,0.0,0,0,18-APR-2022,
OPTSTK,TCS,26-May-2022,4050.0,CE,0.0,0.0,0.0,69.2,12.05,0,0.0,0,0,18-APR-2022,
OPTSTK,TCS,26-May-2022,4060.0,CE,0.0,0.0,0.0,32.25,11.4,0,0.0,0,0,18-APR-2022,
OPTSTK,TCS,26-May-2022,4080.0,CE,0.0,0.0,0.0,30.15,10.15,0,0.0,0,0,18-APR-2022,
OPTSTK,TCS,26-May-2022,4100.0,CE,11.0,11.0,8.05,9.3,9.3,87,536.3,21450,-300,18-APR-2022,
OPTSTK,TCS,26-May-2022,4120.0,CE,0.0,0.0,0.0,26.3,8.0,0,0.0,0,0,18-APR-2022,
OPTSTK,TCS,26-May-2022,4140.0,CE,0.0,0.0,0.0,24.55,7.05,0,0.0,0,0,18-APR-2022,
OPTSTK,TCS,26-May-2022,4150.0,CE,0.0,0.0,0.0,48.3,6.65,0,0.0,0,0,18-APR-2022,
OPTSTK,TCS,26-May-2022,4160.0,CE,0.0,0.0,0.0,22.9,6.25,0,0.0,0,0,18-APR-2022,
OPTSTK,TCS,26-May-2022,4180.0,CE,0.0,0.0,0.0,21.35,5.5,0,0.0,0,0,18-APR-2022,
OPTSTK,TCS,26-May-2022,4200.0,CE,9.5,9.55,5.8,6.15,6.15,239,1508.28,50850,8250,18-APR-2022,
OPTSTK,TCS,26-May-2022,4250.0,CE,0.0,0.0,0.0,33.0,3.55,0,0.0,0,0,18-APR-2022,
OPTSTK,TCS,26-May-2022,4300.0,CE,7.5,7.5,6.4,6.4,6.4,5,32.29,2100,300,18-APR-2022,
OPTSTK,TCS,26-May-2022,4350.0,CE,0.0,0.0,0.0,22.05,1.8,0,0.0,0,0,18-APR-2022,
OPTSTK,TCS,26-May-2022,4400.0,CE,0.0,0.0,0.0,7.0,1.3,0,0.0,750,0,18-APR-2022,
OPTSTK,TCS,26-May-2022,4450.0,CE,0.0,0.0,0.0,14.4,0.9,0,0.0,0,0,18-APR-2022,
OPTSTK,TCS,26-May-2022,4500.0,CE,5.0,5.0,5.0,5.0,0.65,2,13.51,5100,150,18-APR-2022,
OPTSTK,TCS,26-May-2022,4550.0,CE,0.0,0.0,0.0,9.25,0.45,0,0.0,0,0,18-APR-2022,
OPTSTK,TCS,26-May-2022,2900.0,PE,0.0,0.0,0.0,25.85,1.7,0,0.0,0,0,18-APR-2022,
OPTSTK,TCS,26-May-2022,2950.0,PE,0.0,0.0,0.0,2.15,2.8,0,0.0,0,0,18-APR-2022,
OPTSTK,TCS,26-May-2022,2980.0,PE,0.0,0.0,0.0,38.1,3.75,0,0.0,0,0,18-APR-2022,
OPTSTK,TCS,26-May-2022,3000.0,PE,0.0,0.0,0.0,41.75,4.5,0,0.0,0,0,18-APR-2022,
OPTSTK,TCS,26-May-2022,3020.0,PE,0.0,0.0,0.0,45.6,5.4,0,0.0,0,0,18-APR-2022,
OPTSTK,TCS,26-May-2022,3040.0,PE,0.0,0.0,0.0,49.75,6.4,0,0.0,0,0,18-APR-2022,
OPTSTK,TCS,26-May-2022,3050.0,PE,0.0,0.0,0.0,4.8,7.0,0,0.0,0,0,18-APR-2022,
OPTSTK,TCS,26-May-2022,3060.0,PE,0.0,0.0,0.0,54.15,7.6,0,0.0,0,0,18-APR-2022,
OPTSTK,TCS,26-May-2022,3080.0,PE,0.0,0.0,0.0,58.85,8.95,0,0.0,0,0,18-APR-2022,
OPTSTK,TCS,26-May-2022,3100.0,PE,0.0,0.0,0.0,63.9,10.5,0,0.0,0,0,18-APR-2022,
OPTSTK,TCS,26-May-2022,3120.0,PE,0.0,0.0,0.0,69.15,12.25,0,0.0,0,0,18-APR-2022,
OPTSTK,TCS,26-May-2022,3140.0,PE,0.0,0.0,0.0,74.65,14.25,0,0.0,0,0,18-APR-2022,
OPTSTK,TCS,26-May-2022,3150.0,PE,0.0,0.0,0.0,9.75,15.35,0,0.0,0,0,18-APR-2022,
OPTSTK,TCS,26-May-2022,3160.0,PE,0.0,0.0,0.0,80.35,16.5,0,0.0,0,0,18-APR-2022,
OPTSTK,TCS,26-May-2022,3180.0,PE,0.0,0.0,0.0,86.5,19.0,0,0.0,0,0,18-APR-2022,
OPTSTK,TCS,26-May-2022,3200.0,PE,13.5,15.0,8.15,12.2,12.2,158,761.46,15000,11850,18-APR-2022,
OPTSTK,TCS,26-May-2022,3220.0,PE,0.0,0.0,0.0,99.75,24.85,0,0.0,0,0,18-APR-2022,
OPTSTK,TCS,26-May-2022,3240.0,PE,0.0,0.0,0.0,106.8,28.3,0,0.0,0,0,18-APR-2022,
OPTSTK,TCS,26-May-2022,3250.0,PE,0.0,0.0,0.0,18.25,30.15,0,0.0,0,0,18-APR-2022,
OPTSTK,TCS,26-May-2022,3260.0,PE,0.0,0.0,0.0,114.25,32.05,0,0.0,0,0,18-APR-2022,
OPTSTK,TCS,26-May-2022,3280.0,PE,0.0,0.0,0.0,121.95,36.2,0,0.0,0,0,18-APR-2022,
OPTSTK,TCS,26-May-2022,3300.0,PE,18.85,24.5,17.5,23.7,23.7,290,1445.19,28800,22650,18-APR-2022,
OPTSTK,TCS,26-May-2022,3320.0,PE,0.0,0.0,0.0,138.4,45.75,0,0.0,0,0,18-APR-2022,
OPTSTK,TCS,26-May-2022,3340.0,PE,0.0,0.0,0.0,147.1,51.05,0,0.0,0,0,18-APR-2022,
OPTSTK,TCS,26-May-2022,3350.0,PE,0.0,0.0,0.0,31.75,53.7,0,0.0,0,0,18-APR-2022,
OPTSTK,TCS,26-May-2022,3360.0,PE,0.0,0.0,0.0,156.15,56.65,0,0.0,0,0,18-APR-2022,
OPTSTK,TCS,26-May-2022,3380.0,PE,0.0,0.0,0.0,165.55,62.85,0,0.0,0,0,18-APR-2022,
OPTSTK,TCS,26-May-2022,3400.0,PE,33.2,45.45,16.6,44.55,44.55,301,1552.95,57150,20400,18-APR-2022,
OPTSTK,TCS,26-May-2022,3420.0,PE,0.0,0.0,0.0,32.0,76.6,0,0.0,150,0,18-APR-2022,
OPTSTK,TCS,26-May-2022,3440.0,PE,0.0,0.0,0.0,195.55,84.2,0,0.0,0,0,18-APR-2022,
OPTSTK,TCS,26-May-2022,3450.0,PE,52.0,60.0,52.0,60.0,60.0,3,15.77,450,450,18-APR-2022,
OPTSTK,TCS,26-May-2022,3460.0,PE,0.0,0.0,0.0,206.2,92.25,0,0.0,0,0,18-APR-2022,
OPTSTK,TCS,26-May-2022,3480.0,PE,61.6,65.0,61.6,65.0,100.8,3,15.94,450,150,18-APR-2022,
OPTSTK,TCS,26-May-2022,3500.0,PE,50.05,79.2,50.0,77.3,77.3,549,2939.27,121050,25500,18-APR-2022,
OPTSTK,TCS,26-May-2022,3520.0,PE,0.0,0.0,0.0,240.1,119.3,0,0.0,0,0,18-APR-2022,
OPTSTK,TCS,26-May-2022,3540.0,PE,0.0,0.0,0.0,252.0,129.3,0,0.0,0,0,18-APR-2022,
OPTSTK,TCS,26-May-2022,3550.0,PE,0.0,0.0,0.0,79.45,134.5,0,0.0,0,0,18-APR-2022,
OPTSTK,TCS,26-May-2022,3560.0,PE,108.0,111.1,104.5,106.95,106.95,11,60.5,1050,1050,18-APR-2022,
OPTSTK,TCS,26-May-2022,3580.0,PE,0.0,0.0,0.0,276.65,150.75,0,0.0,0,0,18-APR-2022,
OPTSTK,TCS,26-May-2022,3600.0,PE,78.0,134.25,78.0,129.95,129.95,300,1672.22,105000,17100,18-APR-2022,
OPTSTK,TCS,26-May-2022,3620.0,PE,0.0,0.0,0.0,302.5,174.05,0,0.0,0,0,18-APR-2022,
OPTSTK,TCS,26-May-2022,3640.0,PE,0.0,0.0,0.0,315.85,186.4,0,0.0,0,0,18-APR-2022,
OPTSTK,TCS,26-May-2022,3650.0,PE,127.9,160.5,127.9,159.95,159.95,11,62.68,1650,1500,18-APR-2022,
OPTSTK,TCS,26-May-2022,3660.0,PE,0.0,0.0,0.0,110.75,199.15,0,0.0,600,0,18-APR-2022,
OPTSTK,TCS,26-May-2022,3680.0,PE,0.0,0.0,0.0,343.35,212.4,0,0.0,0,0,18-APR-2022,
OPTSTK,TCS,26-May-2022,3700.0,PE,167.45,199.25,160.0,195.75,195.75,166,966.79,103050,2400,18-APR-2022,
OPTSTK,TCS,26-May-2022,3720.0,PE,0.0,0.0,0.0,120.0,240.05,0,0.0,750,0,18-APR-2022,
OPTSTK,TCS,26-May-2022,3740.0,PE,0.0,0.0,0.0,121.45,254.45,0,0.0,300,0,18-APR-2022,
OPTSTK,TCS,26-May-2022,3750.0,PE,0.0,0.0,0.0,176.75,261.8,0,0.0,1050,0,18-APR-2022,
OPTSTK,TCS,26-May-2022,3760.0,PE,0.0,0.0,0.0,140.0,269.45,0,0.0,1050,0,18-APR-2022,
OPTSTK,TCS,26-May-2022,3780.0,PE,0.0,0.0,0.0,145.0,284.6,0,0.0,300,0,18-APR-2022,
OPTSTK,TCS,26-May-2022,3800.0,PE,207.0,280.35,207.0,276.35,276.35,70,427.01,50850,7500,18-APR-2022,
OPTSTK,TCS,26-May-2022,3820.0,PE,0.0,0.0,0.0,447.45,315.85,0,0.0,0,0,18-APR-2022,
OPTSTK,TCS,26-May-2022,3840.0,PE,0.0,0.0,0.0,463.2,331.95,0,0.0,0,0,18-APR-2022,
OPTSTK,TCS,26-May-2022,3850.0,PE,0.0,0.0,0.0,217.1,340.15,0,0.0,0,0,18-APR-2022,
OPTSTK,TCS,26-May-2022,3860.0,PE,0.0,0.0,0.0,479.15,348.4,0,0.0,0,0,18-APR-2022,
OPTSTK,TCS,26-May-2022,3880.0,PE,0.0,0.0,0.0,495.25,365.1,0,0.0,0,0,18-APR-2022,
OPTSTK,TCS,26-May-2022,3900.0,PE,340.0,357.0,340.0,352.7,382.1,4,25.48,1050,600,18-APR-2022,
OPTSTK,TCS,26-May-2022,3920.0,PE,0.0,0.0,0.0,528.1,399.3,0,0.0,0,0,18-APR-2022,
OPTSTK,TCS,26-May-2022,3940.0,PE,0.0,0.0,0.0,260.35,416.75,0,0.0,150,0,18-APR-2022,
OPTSTK,TCS,26-May-2022,3950.0,PE,0.0,0.0,0.0,267.55,425.55,0,0.0,150,0,18-APR-2022,
OPTSTK,TCS,26-May-2022,3960.0,PE,0.0,0.0,0.0,274.95,434.4,0,0.0,150,0,18-APR-2022,
OPTSTK,TCS,26-May-2022,3980.0,PE,0.0,0.0,0.0,284.5,452.25,0,0.0,1650,0,18-APR-2022,
OPTSTK,TCS,26-May-2022,4000.0,PE,405.0,462.1,405.0,460.0,460.0,11,73.35,12600,900,18-APR-2022,
OPTSTK,TCS,26-May-2022,4020.0,PE,0.0,0.0,0.0,613.1,488.5,0,0.0,0,0,18-APR-2022,
OPTSTK,TCS,26-May-2022,4040.0,PE,0.0,0.0,0.0,630.5,506.9,0,0.0,0,0,18-APR-2022,
OPTSTK,TCS,26-May-2022,4050.0,PE,0.0,0.0,0.0,353.0,516.15,0,0.0,0,0,18-APR-2022,
OPTSTK,TCS,26-May-2022,4060.0,PE,0.0,0.0,0.0,648.1,525.4,0,0.0,0,0,18-APR-2022,
OPTSTK,TCS,26-May-2022,4080.0,PE,0.0,0.0,0.0,665.8,544.05,0,0.0,0,0,18-APR-2022,
OPTSTK,TCS,26-May-2022,4100.0,PE,0.0,0.0,0.0,683.6,562.85,0,0.0,0,0,18-APR-2022,
OPTSTK,TCS,26-May-2022,4120.0,PE,0.0,0.0,0.0,701.55,581.75,0,0.0,0,0,18-APR-2022,
OPTSTK,TCS,26-May-2022,4140.0,PE,0.0,0.0,0.0,719.6,600.75,0,0.0,0,0,18-APR-2022,
OPTSTK,TCS,26-May-2022,4150.0,PE,0.0,0.0,0.0,431.4,610.3,0,0.0,0,0,18-APR-2022,
OPTSTK,TCS,26-May-2022,4160.0,PE,0.0,0.0,0.0,737.75,619.85,0,0.0,0,0,18-APR-2022,
OPTSTK,TCS,26-May-2022,4180.0,PE,0.0,0.0,0.0,755.95,639.0,0,0.0,0,0,18-APR-2022,
OPTSTK,TCS,26-May-2022,4200.0,PE,0.0,0.0,0.0,774.3,658.3,0,0.0,0,0,18-APR-2022,
OPTSTK,TCS,26-May-2022,4250.0,PE,0.0,0.0,0.0,515.45,706.7,0,0.0,0,0,18-APR-2022,
OPTSTK,TCS,26-May-2022,4300.0,PE,0.0,0.0,0.0,760.15,755.5,0,0.0,0,0,18-APR-2022,
OPTSTK,TCS,26-May-2022,4350.0,PE,0.0,0.0,0.0,603.9,804.55,0,0.0,0,0,18-APR-2022,
OPTSTK,TCS,26-May-2022,4400.0,PE,0.0,0.0,0.0,779.85,853.8,0,0.0,0,0,18-APR-2022,
OPTSTK,TCS,26-May-2022,4450.0,PE,0.0,0.0,0.0,695.6,903.2,0,0.0,0,0,18-APR-2022,
OPTSTK,TCS,26-May-2022,4500.0,PE,0.0,0.0,0.0,779.55,952.7,0,0.0,0,0,18-APR-2022,
OPTSTK,TCS,26-May-2022,4550.0,PE,0.0,0.0,0.0,789.8,1002.3,0,0.0,0,0,18-APR-2022,
OPTSTK,TCS,30-Jun-2022,2900.0,CE,0.0,0.0,0.0,876.75,662.6,0,0.0,0,0,18-APR-2022,
OPTSTK,TCS,30-Jun-2022,2950.0,CE,0.0,0.0,0.0,829.5,616.7,0,0.0,0,0,18-APR-2022,
OPTSTK,TCS,30-Jun-2022,3000.0,CE,0.0,0.0,0.0,782.85,571.75,0,0.0,0,0,18-APR-2022,
OPTSTK,TCS,30-Jun-2022,3050.0,CE,0.0,0.0,0.0,736.9,528.0,0,0.0,0,0,18-APR-2022,
OPTSTK,TCS,30-Jun-2022,3100.0,CE,0.0,0.0,0.0,691.8,485.55,0,0.0,0,0,18-APR-2022,
OPTSTK,TCS,30-Jun-2022,3150.0,CE,0.0,0.0,0.0,647.65,444.6,0,0.0,0,0,18-APR-2022,
OPTSTK,TCS,30-Jun-2022,3200.0,CE,0.0,0.0,0.0,604.55,405.3,0,0.0,0,0,18-APR-2022,
OPTSTK,TCS,30-Jun-2022,3250.0,CE,0.0,0.0,0.0,562.65,367.9,0,0.0,0,0,18-APR-2022,
OPTSTK,TCS,30-Jun-2022,3300.0,CE,0.0,0.0,0.0,522.05,332.1,0,0.0,0,0,18-APR-2022,
OPTSTK,TCS,30-Jun-2022,3350.0,CE,0.0,0.0,0.0,482.9,298.5,0,0.0,0,0,18-APR-2022,
OPTSTK,TCS,30-Jun-2022,3400.0,CE,0.0,0.0,0.0,445.35,267.05,0,0.0,0,0,18-APR-2022,
OPTSTK,TCS,30-Jun-2022,3450.0,CE,0.0,0.0,0.0,409.25,237.75,0,0.0,0,0,18-APR-2022,
OPTSTK,TCS,30-Jun-2022,3500.0,CE,0.0,0.0,0.0,374.7,210.6,0,0.0,0,0,18-APR-2022,
OPTSTK,TCS,30-Jun-2022,3550.0,CE,0.0,0.0,0.0,342.1,185.65,0,0.0,0,0,18-APR-2022,
OPTSTK,TCS,30-Jun-2022,3600.0,CE,113.0,120.0,112.95,117.25,117.25,23,128.17,3600,3450,18-APR-2022,
OPTSTK,TCS,30-Jun-2022,3650.0,CE,0.0,0.0,0.0,282.35,142.2,0,0.0,0,0,18-APR-2022,
OPTSTK,TCS,30-Jun-2022,3700.0,CE,86.35,95.5,80.05,85.15,85.15,33,187.57,4050,3900,18-APR-2022,
OPTSTK,TCS,30-Jun-2022,3750.0,CE,0.0,0.0,0.0,229.9,106.75,0,0.0,0,0,18-APR-2022,
OPTSTK,TCS,30-Jun-2022,3800.0,CE,69.0,80.7,59.2,61.1,61.1,36,208.86,3900,2700,18-APR-2022,
OPTSTK,TCS,30-Jun-2022,3850.0,CE,0.0,0.0,0.0,208.95,78.8,0,0.0,150,0,18-APR-2022,
OPTSTK,TCS,30-Jun-2022,3900.0,CE,0.0,0.0,0.0,164.75,67.25,0,0.0,0,0,18-APR-2022,
OPTSTK,TCS,30-Jun-2022,3950.0,CE,0.0,0.0,0.0,146.45,56.95,0,0.0,0,0,18-APR-2022,
OPTSTK,TCS,30-Jun-2022,4000.0,CE,37.4,39.0,31.25,32.5,32.5,63,381.3,19050,7500,18-APR-2022,
OPTSTK,TCS,30-Jun-2022,4050.0,CE,0.0,0.0,0.0,114.65,40.45,0,0.0,0,0,18-APR-2022,
OPTSTK,TCS,30-Jun-2022,4100.0,CE,0.0,0.0,0.0,100.95,33.9,0,0.0,0,0,18-APR-2022,
OPTSTK,TCS,30-Jun-2022,4150.0,CE,0.0,0.0,0.0,88.8,28.25,0,0.0,0,0,18-APR-2022,
OPTSTK,TCS,30-Jun-2022,4200.0,CE,12.0,15.0,12.0,15.0,23.45,2,12.64,150,150,18-APR-2022,
OPTSTK,TCS,30-Jun-2022,4250.0,CE,0.0,0.0,0.0,67.75,19.4,0,0.0,0,0,18-APR-2022,
OPTSTK,TCS,30-Jun-2022,4300.0,CE,0.0,0.0,0.0,58.95,15.95,0,0.0,0,0,18-APR-2022,
OPTSTK,TCS,30-Jun-2022,4350.0,CE,0.0,0.0,0.0,51.15,13.1,0,0.0,0,0,18-APR-2022,
OPTSTK,TCS,30-Jun-2022,4400.0,CE,0.0,0.0,0.0,44.25,10.7,0,0.0,0,0,18-APR-2022,
OPTSTK,TCS,30-Jun-2022,4450.0,CE,0.0,0.0,0.0,9.15,8.7,0,0.0,450,0,18-APR-2022,
OPTSTK,TCS,30-Jun-2022,4500.0,CE,0.0,0.0,0.0,32.85,7.05,0,0.0,0,0,18-APR-2022,
OPTSTK,TCS,30-Jun-2022,4550.0,CE,0.0,0.0,0.0,28.15,5.7,0,0.0,0,0,18-APR-2022,
OPTSTK,TCS,30-Jun-2022,2900.0,PE,0.0,0.0,0.0,6.3,10.0,0,0.0,0,0,18-APR-2022,
OPTSTK,TCS,30-Jun-2022,2950.0,PE,0.0,0.0,0.0,8.5,13.65,0,0.0,0,0,18-APR-2022,
OPTSTK,TCS,30-Jun-2022,3000.0,PE,0.0,0.0,0.0,11.35,18.3,0,0.0,0,0,18-APR-2022,
OPTSTK,TCS,30-Jun-2022,3050.0,PE,0.0,0.0,0.0,14.9,24.15,0,0.0,0,0,18-APR-2022,
OPTSTK,TCS,30-Jun-2022,3100.0,PE,0.0,0.0,0.0,19.25,31.25,0,0.0,0,0,18-APR-2022,
OPTSTK,TCS,30-Jun-2022,3150.0,PE,0.0,0.0,0.0,24.55,39.9,0,0.0,0,0,18-APR-2022,
OPTSTK,TCS,30-Jun-2022,3200.0,PE,0.0,0.0,0.0,30.95,50.15,0,0.0,0,0,18-APR-2022,
OPTSTK,TCS,30-Jun-2022,3250.0,PE,0.0,0.0,0.0,38.55,62.3,0,0.0,0,0,18-APR-2022,
OPTSTK,TCS,30-Jun-2022,3300.0,PE,49.0,49.0,43.9,43.9,43.9,2,10.03,150,150,18-APR-2022,
OPTSTK,TCS,30-Jun-2022,3350.0,PE,0.0,0.0,0.0,57.7,92.1,0,0.0,0,0,18-APR-2022,
OPTSTK,TCS,30-Jun-2022,3400.0,PE,53.1,66.0,39.95,66.0,66.0,28,145.23,6000,3300,18-APR-2022,
OPTSTK,TCS,30-Jun-2022,3450.0,PE,0.0,0.0,0.0,83.0,130.5,0,0.0,0,0,18-APR-2022,
OPTSTK,TCS,30-Jun-2022,3500.0,PE,85.0,103.8,85.0,103.15,103.15,55,296.48,11100,4800,18-APR-2022,
OPTSTK,TCS,30-Jun-2022,3550.0,PE,0.0,0.0,0.0,114.85,177.55,0,0.0,0,0,18-APR-2022,
OPTSTK,TCS,30-Jun-2022,3600.0,PE,115.0,165.0,115.0,159.4,159.4,24,134.97,12150,2100,18-APR-2022,
OPTSTK,TCS,30-Jun-2022,3650.0,PE,0.0,0.0,0.0,154.0,233.25,0,0.0,0,0,18-APR-2022,
OPTSTK,TCS,30-Jun-2022,3700.0,PE,201.7,225.0,199.0,219.2,219.2,11,64.5,3900,750,18-APR-2022,
OPTSTK,TCS,30-Jun-2022,3750.0,PE,0.0,0.0,0.0,200.5,297.0,0,0.0,0,0,18-APR-2022,
OPTSTK,TCS,30-Jun-2022,3800.0,PE,250.0,250.0,250.0,250.0,331.65,1,6.07,1050,150,18-APR-2022,
OPTSTK,TCS,30-Jun-2022,3850.0,PE,0.0,0.0,0.0,254.3,368.15,0,0.0,0,0,18-APR-2022,
OPTSTK,TCS,30-Jun-2022,3900.0,PE,0.0,0.0,0.0,283.8,406.2,0,0.0,0,0,18-APR-2022,
OPTSTK,TCS,30-Jun-2022,3950.0,PE,0.0,0.0,0.0,315.0,445.45,0,0.0,0,0,18-APR-2022,
OPTSTK,TCS,30-Jun-2022,4000.0,PE,0.0,0.0,0.0,347.75,486.2,0,0.0,0,0,18-APR-2022,
OPTSTK,TCS,30-Jun-2022,4050.0,PE,0.0,0.0,0.0,382.1,528.15,0,0.0,0,0,18-APR-2022,
OPTSTK,TCS,30-Jun-2022,4100.0,PE,0.0,0.0,0.0,417.85,571.1,0,0.0,0,0,18-APR-2022,
OPTSTK,TCS,30-Jun-2022,4150.0,PE,0.0,0.0,0.0,455.2,615.05,0,0.0,0,0,18-APR-2022,
OPTSTK,TCS,30-Jun-2022,4200.0,PE,0.0,0.0,0.0,493.65,659.85,0,0.0,0,0,18-APR-2022,
OPTSTK,TCS,30-Jun-2022,4250.0,PE,0.0,0.0,0.0,533.1,705.35,0,0.0,0,0,18-APR-2022,
OPTSTK,TCS,30-Jun-2022,4300.0,PE,0.0,0.0,0.0,573.8,751.5,0,0.0,0,0,18-APR-2022,
OPTSTK,TCS,30-Jun-2022,4350.0,PE,0.0,0.0,0.0,615.45,798.2,0,0.0,0,0,18-APR-2022,
OPTSTK,TCS,30-Jun-2022,4400.0,PE,0.0,0.0,0.0,658.0,845.4,0,0.0,0,0,18-APR-2022,
OPTSTK,TCS,30-Jun-2022,4450.0,PE,0.0,0.0,0.0,701.4,893.0,0,0.0,0,0,18-APR-2022,
OPTSTK,TCS,30-Jun-2022,4500.0,PE,0.0,0.0,0.0,745.55,940.9,0,0.0,0,0,18-APR-2022,
OPTSTK,TCS,30-Jun-2022,4550.0,PE,0.0,0.0,0.0,790.35,989.15,0,0.0,0,0,18-APR-2022,
OPTSTK,TECHM,28-Apr-2022,1000.0,CE,0.0,0.0,0.0,458.2,345.7,0,0.0,0,0,18-APR-2022,
OPTSTK,TECHM,28-Apr-2022,1020.0,CE,0.0,0.0,0.0,439.1,325.7,0,0.0,0,0,18-APR-2022,
OPTSTK,TECHM,28-Apr-2022,1040.0,CE,0.0,0.0,0.0,420.15,305.75,0,0.0,0,0,18-APR-2022,
OPTSTK,TECHM,28-Apr-2022,1060.0,CE,0.0,0.0,0.0,401.4,285.75,0,0.0,0,0,18-APR-2022,
OPTSTK,TECHM,28-Apr-2022,1080.0,CE,0.0,0.0,0.0,382.9,265.8,0,0.0,0,0,18-APR-2022,
OPTSTK,TECHM,28-Apr-2022,1100.0,CE,0.0,0.0,0.0,364.65,245.85,0,0.0,0,0,18-APR-2022,
OPTSTK,TECHM,28-Apr-2022,1120.0,CE,0.0,0.0,0.0,346.65,225.9,0,0.0,0,0,18-APR-2022,
OPTSTK,TECHM,28-Apr-2022,1140.0,CE,0.0,0.0,0.0,329.05,206.0,0,0.0,0,0,18-APR-2022,
OPTSTK,TECHM,28-Apr-2022,1160.0,CE,0.0,0.0,0.0,311.75,186.15,0,0.0,0,0,18-APR-2022,
OPTSTK,TECHM,28-Apr-2022,1180.0,CE,0.0,0.0,0.0,294.85,166.5,0,0.0,0,0,18-APR-2022,
OPTSTK,TECHM,28-Apr-2022,1200.0,CE,139.0,139.0,139.0,139.0,147.15,4,32.13,2400,2400,18-APR-2022,
OPTSTK,TECHM,28-Apr-2022,1220.0,CE,0.0,0.0,0.0,262.3,128.25,0,0.0,0,0,18-APR-2022,
OPTSTK,TECHM,28-Apr-2022,1240.0,CE,0.0,0.0,0.0,246.75,110.0,0,0.0,0,0,18-APR-2022,
OPTSTK,TECHM,28-Apr-2022,1260.0,CE,0.0,0.0,0.0,231.65,92.65,0,0.0,0,0,18-APR-2022,
OPTSTK,TECHM,28-Apr-2022,1280.0,CE,0.0,0.0,0.0,217.1,76.55,0,0.0,0,0,18-APR-2022,
OPTSTK,TECHM,28-Apr-2022,1300.0,CE,68.6,68.6,49.5,61.25,61.25,89,724.24,14400,8400,18-APR-2022,
OPTSTK,TECHM,28-Apr-2022,1320.0,CE,41.25,47.9,37.3,46.9,46.9,117,954.88,18000,18000,18-APR-2022,
OPTSTK,TECHM,28-Apr-2022,1340.0,CE,48.0,51.0,26.6,34.7,34.7,1548,12739.58,145200,145200,18-APR-2022,
OPTSTK,TECHM,28-Apr-2022,1360.0,CE,35.0,43.2,18.6,24.4,24.4,2439,20246.28,166200,163800,18-APR-2022,
OPTSTK,TECHM,28-Apr-2022,1380.0,CE,24.0,32.15,12.75,16.45,16.45,1543,12926.78,207600,203400,18-APR-2022,
OPTSTK,TECHM,28-Apr-2022,1400.0,CE,20.85,23.25,8.9,11.25,11.25,5423,45931.23,644400,517800,18-APR-2022,
OPTSTK,TECHM,28-Apr-2022,1420.0,CE,20.05,20.05,6.5,7.95,7.95,1950,16722.7,304800,132000,18-APR-2022,
OPTSTK,TECHM,28-Apr-2022,1440.0,CE,13.8,13.8,5.1,6.1,6.1,2202,19118.64,434400,111600,18-APR-2022,
OPTSTK,TECHM,28-Apr-2022,1460.0,CE,14.9,14.9,2.45,5.0,5.0,2165,19042.69,633000,111000,18-APR-2022,
OPTSTK,TECHM,28-Apr-2022,1480.0,CE,4.55,8.0,3.7,4.3,4.3,1848,16465.86,492000,-13200,18-APR-2022,
OPTSTK,TECHM,28-Apr-2022,1500.0,CE,7.0,7.0,2.5,3.7,3.7,3861,34845.29,1854600,63000,18-APR-2022,
OPTSTK,TECHM,28-Apr-2022,1520.0,CE,5.4,5.4,2.85,3.3,3.3,1509,13794.17,682800,-6000,18-APR-2022,
OPTSTK,TECHM,28-Apr-2022,1540.0,CE,3.15,5.45,2.45,2.85,2.85,1086,10054.4,570600,-61200,18-APR-2022,
OPTSTK,TECHM,28-Apr-2022,1560.0,CE,2.85,3.5,2.1,2.45,2.45,1105,10360.11,463200,55200,18-APR-2022,
OPTSTK,TECHM,28-Apr-2022,1580.0,CE,2.5,2.95,1.85,2.15,2.15,559,5306.97,205200,9600,18-APR-2022,
OPTSTK,TECHM,28-Apr-2022,1600.0,CE,2.15,2.75,1.7,1.9,1.9,1620,15571.52,828000,10800,18-APR-2022,
OPTSTK,TECHM,28-Apr-2022,1620.0,CE,1.8,2.2,1.45,1.75,1.75,323,3142.93,98400,-53400,18-APR-2022,
OPTSTK,TECHM,28-Apr-2022,1640.0,CE,1.55,2.2,1.35,1.55,1.55,295,2905.63,76200,-18000,18-APR-2022,
OPTSTK,TECHM,28-Apr-2022,1660.0,CE,1.3,1.75,1.1,1.35,1.35,220,2193.09,85200,-3000,18-APR-2022,
OPTSTK,TECHM,28-Apr-2022,1680.0,CE,1.1,1.7,1.1,1.15,1.15,132,1331.64,36600,-21000,18-APR-2022,
OPTSTK,TECHM,28-Apr-2022,1700.0,CE,1.0,1.4,0.85,1.1,1.1,373,3807.19,306000,-42600,18-APR-2022,
OPTSTK,TECHM,28-Apr-2022,1720.0,CE,0.85,0.95,0.8,0.85,0.0,8,82.6,19200,-600,18-APR-2022,
OPTSTK,TECHM,28-Apr-2022,1740.0,CE,0.6,0.6,0.55,0.55,0.0,5,52.21,25800,0,18-APR-2022,
OPTSTK,TECHM,28-Apr-2022,1760.0,CE,0.0,0.0,0.0,1.15,0.0,0,0.0,16200,0,18-APR-2022,
OPTSTK,TECHM,28-Apr-2022,1780.0,CE,0.5,0.5,0.5,0.5,0.0,1,10.68,1800,-600,18-APR-2022,
OPTSTK,TECHM,28-Apr-2022,1800.0,CE,0.5,0.9,0.45,0.7,0.7,66,713.08,121200,-2400,18-APR-2022,
OPTSTK,TECHM,28-Apr-2022,1820.0,CE,0.0,0.0,0.0,19.7,0.0,0,0.0,0,0,18-APR-2022,
OPTSTK,TECHM,28-Apr-2022,1840.0,CE,0.0,0.0,0.0,0.65,0.0,0,0.0,1200,0,18-APR-2022,
OPTSTK,TECHM,28-Apr-2022,1860.0,CE,0.0,0.0,0.0,15.8,0.0,0,0.0,0,0,18-APR-2022,
OPTSTK,TECHM,28-Apr-2022,1880.0,CE,0.0,0.0,0.0,14.15,0.0,0,0.0,0,0,18-APR-2022,
OPTSTK,TECHM,28-Apr-2022,1900.0,CE,0.0,0.0,0.0,12.65,0.0,0,0.0,0,0,18-APR-2022,
OPTSTK,TECHM,28-Apr-2022,1920.0,CE,0.0,0.0,0.0,0.3,0.0,0,0.0,600,0,18-APR-2022,
OPTSTK,TECHM,28-Apr-2022,1940.0,CE,0.0,0.0,0.0,10.05,0.0,0,0.0,0,0,18-APR-2022,
OPTSTK,TECHM,28-Apr-2022,1960.0,CE,0.0,0.0,0.0,8.95,0.0,0,0.0,0,0,18-APR-2022,
OPTSTK,TECHM,28-Apr-2022,1980.0,CE,0.0,0.0,0.0,7.95,0.0,0,0.0,0,0,18-APR-2022,
OPTSTK,TECHM,28-Apr-2022,2000.0,CE,0.0,0.0,0.0,7.1,0.0,0,0.0,0,0,18-APR-2022,
OPTSTK,TECHM,28-Apr-2022,2020.0,CE,0.0,0.0,0.0,6.3,0.0,0,0.0,0,0,18-APR-2022,
OPTSTK,TECHM,28-Apr-2022,2040.0,CE,0.0,0.0,0.0,5.6,0.0,0,0.0,0,0,18-APR-2022,
OPTSTK,TECHM,28-Apr-2022,2060.0,CE,0.0,0.0,0.0,4.95,0.0,0,0.0,0,0,18-APR-2022,
OPTSTK,TECHM,28-Apr-2022,2080.0,CE,0.0,0.0,0.0,4.4,0.0,0,0.0,0,0,18-APR-2022,
OPTSTK,TECHM,28-Apr-2022,2100.0,CE,0.0,0.0,0.0,3.9,0.0,0,0.0,0,0,18-APR-2022,
OPTSTK,TECHM,28-Apr-2022,2120.0,CE,0.0,0.0,0.0,3.45,0.0,0,0.0,0,0,18-APR-2022,
OPTSTK,TECHM,28-Apr-2022,1000.0,PE,0.0,0.0,0.0,2.15,0.0,0,0.0,0,0,18-APR-2022,
OPTSTK,TECHM,28-Apr-2022,1020.0,PE,0.0,0.0,0.0,2.85,0.0,0,0.0,0,0,18-APR-2022,
OPTSTK,TECHM,28-Apr-2022,1040.0,PE,0.0,0.0,0.0,3.7,0.0,0,0.0,0,0,18-APR-2022,
OPTSTK,TECHM,28-Apr-2022,1060.0,PE,0.0,0.0,0.0,4.75,0.0,0,0.0,0,0,18-APR-2022,
OPTSTK,TECHM,28-Apr-2022,1080.0,PE,0.0,0.0,0.0,6.05,0.05,0,0.0,0,0,18-APR-2022,
OPTSTK,TECHM,28-Apr-2022,1100.0,PE,0.8,0.8,0.25,0.45,0.45,7,46.22,5400,0,18-APR-2022,
OPTSTK,TECHM,28-Apr-2022,1120.0,PE,0.0,0.0,0.0,9.4,0.05,0,0.0,0,0,18-APR-2022,
OPTSTK,TECHM,28-Apr-2022,1140.0,PE,0.0,0.0,0.0,11.55,0.15,0,0.0,0,0,18-APR-2022,
OPTSTK,TECHM,28-Apr-2022,1160.0,PE,0.0,0.0,0.0,14.05,0.3,0,0.0,0,0,18-APR-2022,
OPTSTK,TECHM,28-Apr-2022,1180.0,PE,0.0,0.0,0.0,1.05,0.65,0,0.0,2400,0,18-APR-2022,
OPTSTK,TECHM,28-Apr-2022,1200.0,PE,2.5,3.7,1.95,2.15,2.15,854,6163.21,85200,43200,18-APR-2022,
OPTSTK,TECHM,28-Apr-2022,1220.0,PE,5.6,5.6,2.75,2.75,2.75,118,866.37,9000,8400,18-APR-2022,
OPTSTK,TECHM,28-Apr-2022,1240.0,PE,4.8,5.8,3.6,3.85,3.85,137,1023.3,28200,28200,18-APR-2022,
OPTSTK,TECHM,28-Apr-2022,1260.0,PE,9.95,9.95,5.2,5.65,5.65,771,5862.66,103800,78000,18-APR-2022,
OPTSTK,TECHM,28-Apr-2022,1280.0,PE,8.0,12.5,7.7,8.2,8.2,817,6325.65,73200,49200,18-APR-2022,
OPTSTK,TECHM,28-Apr-2022,1300.0,PE,15.0,18.05,9.95,12.15,12.15,2174,17151.61,395400,47400,18-APR-2022,
OPTSTK,TECHM,28-Apr-2022,1320.0,PE,16.45,25.8,15.55,17.65,17.65,1198,9639.46,90600,21000,18-APR-2022,
OPTSTK,TECHM,28-Apr-2022,1340.0,PE,31.05,35.7,18.8,24.95,24.95,2221,18243.01,166200,33600,18-APR-2022,
OPTSTK,TECHM,28-Apr-2022,1360.0,PE,42.05,47.8,25.25,35.1,35.1,1179,9880.45,167400,-60600,18-APR-2022,
OPTSTK,TECHM,28-Apr-2022,1380.0,PE,53.75,61.55,34.1,47.05,47.05,393,3371.87,82200,-19800,18-APR-2022,
OPTSTK,TECHM,28-Apr-2022,1400.0,PE,52.1,77.2,46.9,61.5,61.5,602,5291.76,435600,-52800,18-APR-2022,
OPTSTK,TECHM,28-Apr-2022,1420.0,PE,68.95,94.6,61.45,78.45,78.45,157,1414.93,103800,-30000,18-APR-2022,
OPTSTK,TECHM,28-Apr-2022,1440.0,PE,100.0,112.95,76.0,96.7,96.7,68,629.09,120000,-20400,18-APR-2022,
OPTSTK,TECHM,28-Apr-2022,1460.0,PE,113.7,133.0,91.0,117.05,117.05,164,1546.69,244200,-39600,18-APR-2022,
OPTSTK,TECHM,28-Apr-2022,1480.0,PE,114.35,150.6,114.35,135.3,135.3,20,194.72,93600,-8400,18-APR-2022,
OPTSTK,TECHM,28-Apr-2022,1500.0,PE,153.3,170.3,132.0,153.5,153.5,95,945.36,303000,-33000,18-APR-2022,
OPTSTK,TECHM,28-Apr-2022,1520.0,PE,172.0,187.85,172.0,174.0,174.0,21,214.58,76800,-11400,18-APR-2022,
OPTSTK,TECHM,28-Apr-2022,1540.0,PE,191.25,210.0,181.45,195.8,194.35,15,156.85,48600,-5400,18-APR-2022,
OPTSTK,TECHM,28-Apr-2022,1560.0,PE,219.05,229.25,217.0,229.25,214.05,4,42.76,7800,-1200,18-APR-2022,
OPTSTK,TECHM,28-Apr-2022,1580.0,PE,0.0,0.0,0.0,126.5,233.9,0,0.0,4800,0,18-APR-2022,
OPTSTK,TECHM,28-Apr-2022,1600.0,PE,239.0,266.1,238.0,252.0,252.0,9,99.95,67800,-600,18-APR-2022,
OPTSTK,TECHM,28-Apr-2022,1620.0,PE,0.0,0.0,0.0,130.0,273.7,0,0.0,1800,0,18-APR-2022,
OPTSTK,TECHM,28-Apr-2022,1640.0,PE,279.4,279.4,279.4,279.4,293.65,1,11.51,4800,-600,18-APR-2022,
OPTSTK,TECHM,28-Apr-2022,1660.0,PE,0.0,0.0,0.0,179.0,313.6,0,0.0,18600,0,18-APR-2022,
OPTSTK,TECHM,28-Apr-2022,1680.0,PE,0.0,0.0,0.0,185.0,333.6,0,0.0,1200,0,18-APR-2022,
OPTSTK,TECHM,28-Apr-2022,1700.0,PE,367.05,367.25,352.95,352.95,353.55,9,111.49,28800,-4200,18-APR-2022,
OPTSTK,TECHM,28-Apr-2022,1720.0,PE,0.0,0.0,0.0,289.85,373.55,0,0.0,0,0,18-APR-2022,
OPTSTK,TECHM,28-Apr-2022,1740.0,PE,0.0,0.0,0.0,242.0,393.5,0,0.0,600,0,18-APR-2022,
OPTSTK,TECHM,28-Apr-2022,1760.0,PE,0.0,0.0,0.0,323.2,413.5,0,0.0,0,0,18-APR-2022,
OPTSTK,TECHM,28-Apr-2022,1780.0,PE,0.0,0.0,0.0,340.3,433.45,0,0.0,0,0,18-APR-2022,
OPTSTK,TECHM,28-Apr-2022,1800.0,PE,0.0,0.0,0.0,288.0,453.45,0,0.0,2400,0,18-APR-2022,
OPTSTK,TECHM,28-Apr-2022,1820.0,PE,0.0,0.0,0.0,375.15,473.4,0,0.0,0,0,18-APR-2022,
OPTSTK,TECHM,28-Apr-2022,1840.0,PE,0.0,0.0,0.0,341.35,493.4,0,0.0,1200,0,18-APR-2022,
OPTSTK,TECHM,28-Apr-2022,1860.0,PE,0.0,0.0,0.0,410.85,513.4,0,0.0,0,0,18-APR-2022,
OPTSTK,TECHM,28-Apr-2022,1880.0,PE,0.0,0.0,0.0,428.95,533.35,0,0.0,0,0,18-APR-2022,
OPTSTK,TECHM,28-Apr-2022,1900.0,PE,0.0,0.0,0.0,447.25,553.35,0,0.0,0,0,18-APR-2022,
OPTSTK,TECHM,28-Apr-2022,1920.0,PE,0.0,0.0,0.0,465.7,573.3,0,0.0,0,0,18-APR-2022,
OPTSTK,TECHM,28-Apr-2022,1940.0,PE,0.0,0.0,0.0,484.25,593.3,0,0.0,0,0,18-APR-2022,
OPTSTK,TECHM,28-Apr-2022,1960.0,PE,0.0,0.0,0.0,502.95,613.25,0,0.0,0,0,18-APR-2022,
OPTSTK,TECHM,28-Apr-2022,1980.0,PE,0.0,0.0,0.0,521.75,633.25,0,0.0,0,0,18-APR-2022,
OPTSTK,TECHM,28-Apr-2022,2000.0,PE,0.0,0.0,0.0,540.65,653.2,0,0.0,0,0,18-APR-2022,
OPTSTK,TECHM,28-Apr-2022,2020.0,PE,0.0,0.0,0.0,559.65,673.2,0,0.0,0,0,18-APR-2022,
OPTSTK,TECHM,28-Apr-2022,2040.0,PE,0.0,0.0,0.0,578.75,693.15,0,0.0,0,0,18-APR-2022,
OPTSTK,TECHM,28-Apr-2022,2060.0,PE,0.0,0.0,0.0,597.9,713.15,0,0.0,0,0,18-APR-2022,
OPTSTK,TECHM,28-Apr-2022,2080.0,PE,0.0,0.0,0.0,617.1,733.15,0,0.0,0,0,18-APR-2022,
OPTSTK,TECHM,28-Apr-2022,2100.0,PE,0.0,0.0,0.0,636.4,753.1,0,0.0,0,0,18-APR-2022,
OPTSTK,TECHM,28-Apr-2022,2120.0,PE,0.0,0.0,0.0,655.75,773.1,0,0.0,0,0,18-APR-2022,
OPTSTK,TECHM,26-May-2022,1000.0,CE,0.0,0.0,0.0,349.2,349.4,0,0.0,0,0,18-APR-2022,
OPTSTK,TECHM,26-May-2022,1020.0,CE,0.0,0.0,0.0,331.0,329.75,0,0.0,0,0,18-APR-2022,
OPTSTK,TECHM,26-May-2022,1040.0,CE,0.0,0.0,0.0,313.15,310.2,0,0.0,0,0,18-APR-2022,
OPTSTK,TECHM,26-May-2022,1060.0,CE,0.0,0.0,0.0,295.65,290.8,0,0.0,0,0,18-APR-2022,
OPTSTK,TECHM,26-May-2022,1080.0,CE,0.0,0.0,0.0,278.5,271.6,0,0.0,0,0,18-APR-2022,
OPTSTK,TECHM,26-May-2022,1100.0,CE,0.0,0.0,0.0,261.85,252.7,0,0.0,0,0,18-APR-2022,
OPTSTK,TECHM,26-May-2022,1120.0,CE,0.0,0.0,0.0,245.6,234.15,0,0.0,0,0,18-APR-2022,
OPTSTK,TECHM,26-May-2022,1140.0,CE,0.0,0.0,0.0,229.9,216.0,0,0.0,0,0,18-APR-2022,
OPTSTK,TECHM,26-May-2022,1160.0,CE,0.0,0.0,0.0,214.75,198.3,0,0.0,0,0,18-APR-2022,
OPTSTK,TECHM,26-May-2022,1180.0,CE,0.0,0.0,0.0,200.15,181.2,0,0.0,0,0,18-APR-2022,
OPTSTK,TECHM,26-May-2022,1200.0,CE,0.0,0.0,0.0,186.1,164.75,0,0.0,0,0,18-APR-2022,
OPTSTK,TECHM,26-May-2022,1220.0,CE,0.0,0.0,0.0,172.6,149.0,0,0.0,0,0,18-APR-2022,
OPTSTK,TECHM,26-May-2022,1240.0,CE,0.0,0.0,0.0,159.8,134.05,0,0.0,0,0,18-APR-2022,
OPTSTK,TECHM,26-May-2022,1260.0,CE,0.0,0.0,0.0,147.65,119.85,0,0.0,0,0,18-APR-2022,
OPTSTK,TECHM,26-May-2022,1280.0,CE,0.0,0.0,0.0,136.1,106.6,0,0.0,0,0,18-APR-2022,
OPTSTK,TECHM,26-May-2022,1300.0,CE,0.0,0.0,0.0,125.15,94.3,0,0.0,0,0,18-APR-2022,
OPTSTK,TECHM,26-May-2022,1320.0,CE,0.0,0.0,0.0,114.9,82.9,0,0.0,0,0,18-APR-2022,
OPTSTK,TECHM,26-May-2022,1340.0,CE,0.0,0.0,0.0,105.2,72.5,0,0.0,0,0,18-APR-2022,
OPTSTK,TECHM,26-May-2022,1360.0,CE,0.0,0.0,0.0,96.15,63.0,0,0.0,0,0,18-APR-2022,
OPTSTK,TECHM,26-May-2022,1380.0,CE,0.0,0.0,0.0,87.7,54.45,0,0.0,0,0,18-APR-2022,
OPTSTK,TECHM,26-May-2022,1400.0,CE,60.0,60.0,39.05,45.05,45.05,210,1819.36,70200,66000,18-APR-2022,
OPTSTK,TECHM,26-May-2022,1420.0,CE,24.9,36.95,24.9,36.95,39.95,2,17.41,600,600,18-APR-2022,
OPTSTK,TECHM,26-May-2022,1440.0,CE,0.0,0.0,0.0,65.75,33.95,0,0.0,0,0,18-APR-2022,
OPTSTK,TECHM,26-May-2022,1460.0,CE,22.0,27.6,22.0,27.6,27.6,7,62.36,3000,1800,18-APR-2022,
OPTSTK,TECHM,26-May-2022,1480.0,CE,20.75,20.75,20.75,20.75,24.1,1,9.0,600,600,18-APR-2022,
OPTSTK,TECHM,26-May-2022,1500.0,CE,30.1,30.1,16.9,19.85,19.85,231,2107.18,104400,46800,18-APR-2022,
OPTSTK,TECHM,26-May-2022,1520.0,CE,0.0,0.0,0.0,49.8,16.75,0,0.0,600,0,18-APR-2022,
OPTSTK,TECHM,26-May-2022,1540.0,CE,12.0,12.0,12.0,12.0,13.85,1,9.31,9000,600,18-APR-2022,
OPTSTK,TECHM,26-May-2022,1560.0,CE,18.0,18.0,18.0,18.0,11.4,1,9.46,1800,600,18-APR-2022,
OPTSTK,TECHM,26-May-2022,1580.0,CE,0.0,0.0,0.0,31.5,9.3,0,0.0,0,0,18-APR-2022,
OPTSTK,TECHM,26-May-2022,1600.0,CE,12.0,12.0,8.0,12.0,12.0,58,559.88,42600,10200,18-APR-2022,
OPTSTK,TECHM,26-May-2022,1620.0,CE,0.0,0.0,0.0,18.6,6.15,0,0.0,1800,0,18-APR-2022,
OPTSTK,TECHM,26-May-2022,1640.0,CE,0.0,0.0,0.0,22.45,4.95,0,0.0,0,0,18-APR-2022,
OPTSTK,TECHM,26-May-2022,1660.0,CE,0.0,0.0,0.0,19.95,3.95,0,0.0,0,0,18-APR-2022,
OPTSTK,TECHM,26-May-2022,1680.0,CE,0.0,0.0,0.0,17.75,3.2,0,0.0,0,0,18-APR-2022,
OPTSTK,TECHM,26-May-2022,1700.0,CE,0.0,0.0,0.0,9.0,2.55,0,0.0,13200,0,18-APR-2022,
OPTSTK,TECHM,26-May-2022,1720.0,CE,0.0,0.0,0.0,13.95,2.0,0,0.0,0,0,18-APR-2022,
OPTSTK,TECHM,26-May-2022,1740.0,CE,0.0,0.0,0.0,12.35,1.6,0,0.0,0,0,18-APR-2022,
OPTSTK,TECHM,26-May-2022,1760.0,CE,0.0,0.0,0.0,10.9,1.25,0,0.0,0,0,18-APR-2022,
OPTSTK,TECHM,26-May-2022,1780.0,CE,0.0,0.0,0.0,9.65,1.0,0,0.0,0,0,18-APR-2022,
OPTSTK,TECHM,26-May-2022,1800.0,CE,3.6,3.6,3.6,3.6,0.75,1,10.82,600,600,18-APR-2022,
OPTSTK,TECHM,26-May-2022,1820.0,CE,0.0,0.0,0.0,7.5,0.6,0,0.0,0,0,18-APR-2022,
OPTSTK,TECHM,26-May-2022,1840.0,CE,0.0,0.0,0.0,6.6,0.45,0,0.0,0,0,18-APR-2022,
OPTSTK,TECHM,26-May-2022,1860.0,CE,0.0,0.0,0.0,5.8,0.35,0,0.0,0,0,18-APR-2022,
OPTSTK,TECHM,26-May-2022,1880.0,CE,0.0,0.0,0.0,5.1,0.3,0,0.0,0,0,18-APR-2022,
OPTSTK,TECHM,26-May-2022,1900.0,CE,0.0,0.0,0.0,4.45,0.2,0,0.0,0,0,18-APR-2022,
OPTSTK,TECHM,26-May-2022,1920.0,CE,0.0,0.0,0.0,3.9,0.15,0,0.0,0,0,18-APR-2022,
OPTSTK,TECHM,26-May-2022,1940.0,CE,0.0,0.0,0.0,3.4,0.15,0,0.0,0,0,18-APR-2022,
OPTSTK,TECHM,26-May-2022,1960.0,CE,0.0,0.0,0.0,3.0,0.1,0,0.0,0,0,18-APR-2022,
OPTSTK,TECHM,26-May-2022,1980.0,CE,0.0,0.0,0.0,2.6,0.1,0,0.0,0,0,18-APR-2022,
OPTSTK,TECHM,26-May-2022,2000.0,CE,0.0,0.0,0.0,2.3,0.05,0,0.0,0,0,18-APR-2022,
OPTSTK,TECHM,26-May-2022,2020.0,CE,0.0,0.0,0.0,2.0,0.05,0,0.0,0,0,18-APR-2022,
OPTSTK,TECHM,26-May-2022,1000.0,PE,0.0,0.0,0.0,5.75,0.45,0,0.0,0,0,18-APR-2022,
OPTSTK,TECHM,26-May-2022,1020.0,PE,0.0,0.0,0.0,7.35,0.65,0,0.0,0,0,18-APR-2022,
OPTSTK,TECHM,26-May-2022,1040.0,PE,0.0,0.0,0.0,9.25,1.05,0,0.0,0,0,18-APR-2022,
OPTSTK,TECHM,26-May-2022,1060.0,PE,0.0,0.0,0.0,11.55,1.55,0,0.0,0,0,18-APR-2022,
OPTSTK,TECHM,26-May-2022,1080.0,PE,0.0,0.0,0.0,14.2,2.3,0,0.0,0,0,18-APR-2022,
OPTSTK,TECHM,26-May-2022,1100.0,PE,0.0,0.0,0.0,17.3,3.3,0,0.0,0,0,18-APR-2022,
OPTSTK,TECHM,26-May-2022,1120.0,PE,0.0,0.0,0.0,20.9,4.65,0,0.0,0,0,18-APR-2022,
OPTSTK,TECHM,26-May-2022,1140.0,PE,0.0,0.0,0.0,25.0,6.4,0,0.0,0,0,18-APR-2022,
OPTSTK,TECHM,26-May-2022,1160.0,PE,0.0,0.0,0.0,29.6,8.65,0,0.0,0,0,18-APR-2022,
OPTSTK,TECHM,26-May-2022,1180.0,PE,0.0,0.0,0.0,34.8,11.45,0,0.0,0,0,18-APR-2022,
OPTSTK,TECHM,26-May-2022,1200.0,PE,15.0,18.2,14.95,15.9,15.9,99,722.89,33000,33000,18-APR-2022,
OPTSTK,TECHM,26-May-2022,1220.0,PE,0.0,0.0,0.0,46.85,19.05,0,0.0,0,0,18-APR-2022,
OPTSTK,TECHM,26-May-2022,1240.0,PE,25.0,25.0,25.0,25.0,24.0,2,15.18,1200,1200,18-APR-2022,
OPTSTK,TECHM,26-May-2022,1260.0,PE,0.0,0.0,0.0,61.45,29.75,0,0.0,0,0,18-APR-2022,
OPTSTK,TECHM,26-May-2022,1280.0,PE,36.8,36.8,36.8,36.8,36.4,1,7.9,600,600,18-APR-2022,
OPTSTK,TECHM,26-May-2022,1300.0,PE,24.0,50.0,24.0,40.95,40.95,189,1523.73,76200,46200,18-APR-2022,
OPTSTK,TECHM,26-May-2022,1320.0,PE,0.0,0.0,0.0,21.0,52.55,0,0.0,3600,0,18-APR-2022,
OPTSTK,TECHM,26-May-2022,1340.0,PE,60.0,67.0,53.35,53.35,62.0,5,41.99,4200,2400,18-APR-2022,
OPTSTK,TECHM,26-May-2022,1360.0,PE,48.4,75.3,48.4,65.0,72.45,8,68.46,7200,3000,18-APR-2022,
OPTSTK,TECHM,26-May-2022,1380.0,PE,0.0,0.0,0.0,43.0,83.8,0,0.0,10800,0,18-APR-2022,
OPTSTK,TECHM,26-May-2022,1400.0,PE,81.6,102.15,76.55,89.6,89.6,78,699.02,110400,5400,18-APR-2022,
OPTSTK,TECHM,26-May-2022,1420.0,PE,92.6,92.6,92.6,92.6,109.15,1,9.07,600,0,18-APR-2022,
OPTSTK,TECHM,26-May-2022,1440.0,PE,0.0,0.0,0.0,74.65,123.05,0,0.0,3600,0,18-APR-2022,
OPTSTK,TECHM,26-May-2022,1460.0,PE,0.0,0.0,0.0,87.0,137.75,0,0.0,7200,0,18-APR-2022,
OPTSTK,TECHM,26-May-2022,1480.0,PE,139.75,139.75,139.75,139.75,153.0,1,9.71,1800,600,18-APR-2022,
OPTSTK,TECHM,26-May-2022,1500.0,PE,180.0,180.75,161.55,161.55,168.95,10,100.27,25800,-600,18-APR-2022,
OPTSTK,TECHM,26-May-2022,1520.0,PE,0.0,0.0,0.0,214.8,185.45,0,0.0,0,0,18-APR-2022,
OPTSTK,TECHM,26-May-2022,1540.0,PE,0.0,0.0,0.0,230.15,202.5,0,0.0,0,0,18-APR-2022,
OPTSTK,TECHM,26-May-2022,1560.0,PE,0.0,0.0,0.0,245.85,219.95,0,0.0,0,0,18-APR-2022,
OPTSTK,TECHM,26-May-2022,1580.0,PE,0.0,0.0,0.0,262.0,237.8,0,0.0,0,0,18-APR-2022,
OPTSTK,TECHM,26-May-2022,1600.0,PE,0.0,0.0,0.0,278.45,255.95,0,0.0,0,0,18-APR-2022,
OPTSTK,TECHM,26-May-2022,1620.0,PE,0.0,0.0,0.0,295.2,274.45,0,0.0,0,0,18-APR-2022,
OPTSTK,TECHM,26-May-2022,1640.0,PE,0.0,0.0,0.0,312.25,293.15,0,0.0,0,0,18-APR-2022,
OPTSTK,TECHM,26-May-2022,1660.0,PE,0.0,0.0,0.0,329.6,312.1,0,0.0,0,0,18-APR-2022,
OPTSTK,TECHM,26-May-2022,1680.0,PE,0.0,0.0,0.0,347.15,331.2,0,0.0,0,0,18-APR-2022,
OPTSTK,TECHM,26-May-2022,1700.0,PE,0.0,0.0,0.0,364.95,350.45,0,0.0,0,0,18-APR-2022,
OPTSTK,TECHM,26-May-2022,1720.0,PE,0.0,0.0,0.0,382.95,369.85,0,0.0,0,0,18-APR-2022,
OPTSTK,TECHM,26-May-2022,1740.0,PE,0.0,0.0,0.0,401.15,389.35,0,0.0,0,0,18-APR-2022,
OPTSTK,TECHM,26-May-2022,1760.0,PE,0.0,0.0,0.0,419.5,408.95,0,0.0,0,0,18-APR-2022,
OPTSTK,TECHM,26-May-2022,1780.0,PE,0.0,0.0,0.0,438.0,428.55,0,0.0,0,0,18-APR-2022,
OPTSTK,TECHM,26-May-2022,1800.0,PE,0.0,0.0,0.0,456.65,448.25,0,0.0,0,0,18-APR-2022,
OPTSTK,TECHM,26-May-2022,1820.0,PE,0.0,0.0,0.0,475.45,468.0,0,0.0,0,0,18-APR-2022,
OPTSTK,TECHM,26-May-2022,1840.0,PE,0.0,0.0,0.0,494.35,487.8,0,0.0,0,0,18-APR-2022,
OPTSTK,TECHM,26-May-2022,1860.0,PE,0.0,0.0,0.0,513.3,507.6,0,0.0,0,0,18-APR-2022,
OPTSTK,TECHM,26-May-2022,1880.0,PE,0.0,0.0,0.0,532.4,527.45,0,0.0,0,0,18-APR-2022,
OPTSTK,TECHM,26-May-2022,1900.0,PE,0.0,0.0,0.0,551.55,547.3,0,0.0,0,0,18-APR-2022,
OPTSTK,TECHM,26-May-2022,1920.0,PE,0.0,0.0,0.0,570.8,567.15,0,0.0,0,0,18-APR-2022,
OPTSTK,TECHM,26-May-2022,1940.0,PE,0.0,0.0,0.0,590.1,587.0,0,0.0,0,0,18-APR-2022,
OPTSTK,TECHM,26-May-2022,1960.0,PE,0.0,0.0,0.0,609.45,606.9,0,0.0,0,0,18-APR-2022,
OPTSTK,TECHM,26-May-2022,1980.0,PE,0.0,0.0,0.0,628.9,626.8,0,0.0,0,0,18-APR-2022,
OPTSTK,TECHM,26-May-2022,2000.0,PE,0.0,0.0,0.0,648.35,646.7,0,0.0,0,0,18-APR-2022,
OPTSTK,TECHM,26-May-2022,2020.0,PE,0.0,0.0,0.0,667.85,666.6,0,0.0,0,0,18-APR-2022,
OPTSTK,TECHM,30-Jun-2022,1000.0,CE,0.0,0.0,0.0,511.4,356.3,0,0.0,0,0,18-APR-2022,
OPTSTK,TECHM,30-Jun-2022,1020.0,CE,0.0,0.0,0.0,492.1,337.55,0,0.0,0,0,18-APR-2022,
OPTSTK,TECHM,30-Jun-2022,1040.0,CE,0.0,0.0,0.0,472.9,319.1,0,0.0,0,0,18-APR-2022,
OPTSTK,TECHM,30-Jun-2022,1060.0,CE,0.0,0.0,0.0,453.9,300.9,0,0.0,0,0,18-APR-2022,
OPTSTK,TECHM,30-Jun-2022,1080.0,CE,0.0,0.0,0.0,435.0,283.1,0,0.0,0,0,18-APR-2022,
OPTSTK,TECHM,30-Jun-2022,1100.0,CE,0.0,0.0,0.0,416.35,265.7,0,0.0,0,0,18-APR-2022,
OPTSTK,TECHM,30-Jun-2022,1120.0,CE,0.0,0.0,0.0,397.9,248.7,0,0.0,0,0,18-APR-2022,
OPTSTK,TECHM,30-Jun-2022,1140.0,CE,0.0,0.0,0.0,379.7,232.25,0,0.0,0,0,18-APR-2022,
OPTSTK,TECHM,30-Jun-2022,1160.0,CE,0.0,0.0,0.0,361.8,216.3,0,0.0,0,0,18-APR-2022,
OPTSTK,TECHM,30-Jun-2022,1180.0,CE,0.0,0.0,0.0,344.2,200.9,0,0.0,0,0,18-APR-2022,
OPTSTK,TECHM,30-Jun-2022,1200.0,CE,0.0,0.0,0.0,326.9,186.15,0,0.0,0,0,18-APR-2022,
OPTSTK,TECHM,30-Jun-2022,1220.0,CE,0.0,0.0,0.0,310.0,171.95,0,0.0,0,0,18-APR-2022,
OPTSTK,TECHM,30-Jun-2022,1240.0,CE,0.0,0.0,0.0,293.5,158.35,0,0.0,0,0,18-APR-2022,
OPTSTK,TECHM,30-Jun-2022,1260.0,CE,0.0,0.0,0.0,277.45,145.5,0,0.0,0,0,18-APR-2022,
OPTSTK,TECHM,30-Jun-2022,1280.0,CE,0.0,0.0,0.0,261.8,133.35,0,0.0,0,0,18-APR-2022,
OPTSTK,TECHM,30-Jun-2022,1300.0,CE,0.0,0.0,0.0,246.65,121.85,0,0.0,0,0,18-APR-2022,
OPTSTK,TECHM,30-Jun-2022,1320.0,CE,0.0,0.0,0.0,232.05,111.05,0,0.0,0,0,18-APR-2022,
OPTSTK,TECHM,30-Jun-2022,1340.0,CE,0.0,0.0,0.0,217.85,100.95,0,0.0,0,0,18-APR-2022,
OPTSTK,TECHM,30-Jun-2022,1360.0,CE,0.0,0.0,0.0,204.15,91.5,0,0.0,0,0,18-APR-2022,
OPTSTK,TECHM,30-Jun-2022,1380.0,CE,0.0,0.0,0.0,191.05,82.75,0,0.0,0,0,18-APR-2022,
OPTSTK,TECHM,30-Jun-2022,1400.0,CE,55.0,55.0,55.0,55.0,74.65,1,8.73,600,600,18-APR-2022,
OPTSTK,TECHM,30-Jun-2022,1420.0,CE,0.0,0.0,0.0,166.45,67.15,0,0.0,0,0,18-APR-2022,
OPTSTK,TECHM,30-Jun-2022,1440.0,CE,0.0,0.0,0.0,155.0,60.25,0,0.0,0,0,18-APR-2022,
OPTSTK,TECHM,30-Jun-2022,1460.0,CE,0.0,0.0,0.0,144.1,53.9,0,0.0,0,0,18-APR-2022,
OPTSTK,TECHM,30-Jun-2022,1480.0,CE,0.0,0.0,0.0,133.75,48.15,0,0.0,0,0,18-APR-2022,
OPTSTK,TECHM,30-Jun-2022,1500.0,CE,30.0,30.0,30.0,30.0,42.95,2,18.36,1800,1200,18-APR-2022,
OPTSTK,TECHM,30-Jun-2022,1520.0,CE,0.0,0.0,0.0,114.7,38.2,0,0.0,0,0,18-APR-2022,
OPTSTK,TECHM,30-Jun-2022,1540.0,CE,0.0,0.0,0.0,105.95,33.9,0,0.0,0,0,18-APR-2022,
OPTSTK,TECHM,30-Jun-2022,1560.0,CE,0.0,0.0,0.0,97.7,29.95,0,0.0,0,0,18-APR-2022,
OPTSTK,TECHM,30-Jun-2022,1580.0,CE,0.0,0.0,0.0,90.0,26.45,0,0.0,0,0,18-APR-2022,
OPTSTK,TECHM,30-Jun-2022,1600.0,CE,0.0,0.0,0.0,82.75,23.3,0,0.0,0,0,18-APR-2022,
OPTSTK,TECHM,30-Jun-2022,1620.0,CE,0.0,0.0,0.0,76.0,20.5,0,0.0,0,0,18-APR-2022,
OPTSTK,TECHM,30-Jun-2022,1640.0,CE,0.0,0.0,0.0,69.7,18.0,0,0.0,0,0,18-APR-2022,
OPTSTK,TECHM,30-Jun-2022,1660.0,CE,0.0,0.0,0.0,63.8,15.75,0,0.0,0,0,18-APR-2022,
OPTSTK,TECHM,30-Jun-2022,1680.0,CE,0.0,0.0,0.0,58.35,13.8,0,0.0,0,0,18-APR-2022,
OPTSTK,TECHM,30-Jun-2022,1700.0,CE,0.0,0.0,0.0,53.35,12.0,0,0.0,0,0,18-APR-2022,
OPTSTK,TECHM,30-Jun-2022,1720.0,CE,0.0,0.0,0.0,48.65,10.45,0,0.0,0,0,18-APR-2022,
OPTSTK,TECHM,30-Jun-2022,1740.0,CE,0.0,0.0,0.0,44.35,9.1,0,0.0,0,0,18-APR-2022,
OPTSTK,TECHM,30-Jun-2022,1760.0,CE,0.0,0.0,0.0,40.3,7.9,0,0.0,0,0,18-APR-2022,
OPTSTK,TECHM,30-Jun-2022,1780.0,CE,0.0,0.0,0.0,36.6,6.85,0,0.0,0,0,18-APR-2022,
OPTSTK,TECHM,30-Jun-2022,1800.0,CE,0.0,0.0,0.0,33.25,5.95,0,0.0,0,0,18-APR-2022,
OPTSTK,TECHM,30-Jun-2022,1820.0,CE,0.0,0.0,0.0,30.15,5.1,0,0.0,0,0,18-APR-2022,
OPTSTK,TECHM,30-Jun-2022,1840.0,CE,0.0,0.0,0.0,27.3,4.4,0,0.0,0,0,18-APR-2022,
OPTSTK,TECHM,30-Jun-2022,1860.0,CE,0.0,0.0,0.0,24.65,3.8,0,0.0,0,0,18-APR-2022,
OPTSTK,TECHM,30-Jun-2022,1880.0,CE,0.0,0.0,0.0,22.3,3.25,0,0.0,0,0,18-APR-2022,
OPTSTK,TECHM,30-Jun-2022,1900.0,CE,0.0,0.0,0.0,20.1,2.8,0,0.0,0,0,18-APR-2022,
OPTSTK,TECHM,30-Jun-2022,1920.0,CE,0.0,0.0,0.0,18.15,2.4,0,0.0,0,0,18-APR-2022,
OPTSTK,TECHM,30-Jun-2022,1940.0,CE,0.0,0.0,0.0,16.35,2.05,0,0.0,0,0,18-APR-2022,
OPTSTK,TECHM,30-Jun-2022,1960.0,CE,0.0,0.0,0.0,14.7,1.75,0,0.0,0,0,18-APR-2022,
OPTSTK,TECHM,30-Jun-2022,1980.0,CE,0.0,0.0,0.0,13.2,1.5,0,0.0,0,0,18-APR-2022,
OPTSTK,TECHM,30-Jun-2022,2000.0,CE,0.0,0.0,0.0,11.85,1.3,0,0.0,0,0,18-APR-2022,
OPTSTK,TECHM,30-Jun-2022,2020.0,CE,0.0,0.0,0.0,10.65,1.1,0,0.0,0,0,18-APR-2022,
OPTSTK,TECHM,30-Jun-2022,1000.0,PE,0.0,0.0,0.0,1.45,3.3,0,0.0,0,0,18-APR-2022,
OPTSTK,TECHM,30-Jun-2022,1020.0,PE,0.0,0.0,0.0,1.95,4.4,0,0.0,0,0,18-APR-2022,
OPTSTK,TECHM,30-Jun-2022,1040.0,PE,0.0,0.0,0.0,2.55,5.75,0,0.0,0,0,18-APR-2022,
OPTSTK,TECHM,30-Jun-2022,1060.0,PE,0.0,0.0,0.0,3.3,7.4,0,0.0,0,0,18-APR-2022,
OPTSTK,TECHM,30-Jun-2022,1080.0,PE,0.0,0.0,0.0,4.2,9.4,0,0.0,0,0,18-APR-2022,
OPTSTK,TECHM,30-Jun-2022,1100.0,PE,0.0,0.0,0.0,5.3,11.85,0,0.0,0,0,18-APR-2022,
OPTSTK,TECHM,30-Jun-2022,1120.0,PE,0.0,0.0,0.0,6.65,14.7,0,0.0,0,0,18-APR-2022,
OPTSTK,TECHM,30-Jun-2022,1140.0,PE,0.0,0.0,0.0,8.25,18.05,0,0.0,0,0,18-APR-2022,
OPTSTK,TECHM,30-Jun-2022,1160.0,PE,0.0,0.0,0.0,10.15,21.9,0,0.0,0,0,18-APR-2022,
OPTSTK,TECHM,30-Jun-2022,1180.0,PE,0.0,0.0,0.0,12.3,26.35,0,0.0,0,0,18-APR-2022,
OPTSTK,TECHM,30-Jun-2022,1200.0,PE,30.0,30.0,30.0,30.0,31.4,1,7.38,600,600,18-APR-2022,
OPTSTK,TECHM,30-Jun-2022,1220.0,PE,0.0,0.0,0.0,17.75,37.05,0,0.0,0,0,18-APR-2022,
OPTSTK,TECHM,30-Jun-2022,1240.0,PE,0.0,0.0,0.0,21.05,43.3,0,0.0,0,0,18-APR-2022,
OPTSTK,TECHM,30-Jun-2022,1260.0,PE,0.0,0.0,0.0,24.75,50.3,0,0.0,0,0,18-APR-2022,
OPTSTK,TECHM,30-Jun-2022,1280.0,PE,0.0,0.0,0.0,28.9,57.95,0,0.0,0,0,18-APR-2022,
OPTSTK,TECHM,30-Jun-2022,1300.0,PE,48.0,54.2,48.0,54.2,66.3,8,64.81,6000,4800,18-APR-2022,
OPTSTK,TECHM,30-Jun-2022,1320.0,PE,0.0,0.0,0.0,38.7,75.35,0,0.0,0,0,18-APR-2022,
OPTSTK,TECHM,30-Jun-2022,1340.0,PE,0.0,0.0,0.0,44.3,85.05,0,0.0,0,0,18-APR-2022,
OPTSTK,TECHM,30-Jun-2022,1360.0,PE,0.0,0.0,0.0,50.4,95.45,0,0.0,0,0,18-APR-2022,
OPTSTK,TECHM,30-Jun-2022,1380.0,PE,0.0,0.0,0.0,57.05,106.5,0,0.0,0,0,18-APR-2022,
OPTSTK,TECHM,30-Jun-2022,1400.0,PE,100.0,100.0,100.0,100.0,118.25,6,54.0,10800,3600,18-APR-2022,
OPTSTK,TECHM,30-Jun-2022,1420.0,PE,0.0,0.0,0.0,72.1,130.55,0,0.0,0,0,18-APR-2022,
OPTSTK,TECHM,30-Jun-2022,1440.0,PE,0.0,0.0,0.0,80.4,143.5,0,0.0,0,0,18-APR-2022,
OPTSTK,TECHM,30-Jun-2022,1460.0,PE,0.0,0.0,0.0,89.3,157.0,0,0.0,0,0,18-APR-2022,
OPTSTK,TECHM,30-Jun-2022,1480.0,PE,0.0,0.0,0.0,98.75,171.05,0,0.0,0,0,18-APR-2022,
OPTSTK,TECHM,30-Jun-2022,1500.0,PE,0.0,0.0,0.0,108.7,185.7,0,0.0,0,0,18-APR-2022,
OPTSTK,TECHM,30-Jun-2022,1520.0,PE,0.0,0.0,0.0,119.25,200.8,0,0.0,0,0,18-APR-2022,
OPTSTK,TECHM,30-Jun-2022,1540.0,PE,0.0,0.0,0.0,130.3,216.3,0,0.0,0,0,18-APR-2022,
OPTSTK,TECHM,30-Jun-2022,1560.0,PE,0.0,0.0,0.0,141.85,232.2,0,0.0,0,0,18-APR-2022,
OPTSTK,TECHM,30-Jun-2022,1580.0,PE,0.0,0.0,0.0,153.95,248.55,0,0.0,0,0,18-APR-2022,
OPTSTK,TECHM,30-Jun-2022,1600.0,PE,0.0,0.0,0.0,166.5,265.2,0,0.0,0,0,18-APR-2022,
OPTSTK,TECHM,30-Jun-2022,1620.0,PE,0.0,0.0,0.0,179.5,282.25,0,0.0,0,0,18-APR-2022,
OPTSTK,TECHM,30-Jun-2022,1640.0,PE,0.0,0.0,0.0,193.0,299.55,0,0.0,0,0,18-APR-2022,
OPTSTK,TECHM,30-Jun-2022,1660.0,PE,0.0,0.0,0.0,206.9,317.15,0,0.0,0,0,18-APR-2022,
OPTSTK,TECHM,30-Jun-2022,1680.0,PE,0.0,0.0,0.0,221.2,335.0,0,0.0,0,0,18-APR-2022,
OPTSTK,TECHM,30-Jun-2022,1700.0,PE,0.0,0.0,0.0,236.0,353.1,0,0.0,0,0,18-APR-2022,
OPTSTK,TECHM,30-Jun-2022,1720.0,PE,0.0,0.0,0.0,251.15,371.35,0,0.0,0,0,18-APR-2022,
OPTSTK,TECHM,30-Jun-2022,1740.0,PE,0.0,0.0,0.0,266.6,389.85,0,0.0,0,0,18-APR-2022,
OPTSTK,TECHM,30-Jun-2022,1760.0,PE,0.0,0.0,0.0,282.35,408.45,0,0.0,0,0,18-APR-2022,
OPTSTK,TECHM,30-Jun-2022,1780.0,PE,0.0,0.0,0.0,298.45,427.25,0,0.0,0,0,18-APR-2022,
OPTSTK,TECHM,30-Jun-2022,1800.0,PE,0.0,0.0,0.0,314.85,446.15,0,0.0,0,0,18-APR-2022,
OPTSTK,TECHM,30-Jun-2022,1820.0,PE,0.0,0.0,0.0,331.55,465.15,0,0.0,0,0,18-APR-2022,
OPTSTK,TECHM,30-Jun-2022,1840.0,PE,0.0,0.0,0.0,348.5,484.3,0,0.0,0,0,18-APR-2022,
OPTSTK,TECHM,30-Jun-2022,1860.0,PE,0.0,0.0,0.0,365.65,503.5,0,0.0,0,0,18-APR-2022,
OPTSTK,TECHM,30-Jun-2022,1880.0,PE,0.0,0.0,0.0,383.05,522.8,0,0.0,0,0,18-APR-2022,
OPTSTK,TECHM,30-Jun-2022,1900.0,PE,0.0,0.0,0.0,400.7,542.2,0,0.0,0,0,18-APR-2022,
OPTSTK,TECHM,30-Jun-2022,1920.0,PE,0.0,0.0,0.0,418.5,561.6,0,0.0,0,0,18-APR-2022,
OPTSTK,TECHM,30-Jun-2022,1940.0,PE,0.0,0.0,0.0,436.5,581.1,0,0.0,0,0,18-APR-2022,
OPTSTK,TECHM,30-Jun-2022,1960.0,PE,0.0,0.0,0.0,454.65,600.65,0,0.0,0,0,18-APR-2022,
OPTSTK,TECHM,30-Jun-2022,1980.0,PE,0.0,0.0,0.0,472.95,620.2,0,0.0,0,0,18-APR-2022,
OPTSTK,TECHM,30-Jun-2022,2000.0,PE,0.0,0.0,0.0,491.35,639.8,0,0.0,0,0,18-APR-2022,
OPTSTK,TECHM,30-Jun-2022,2020.0,PE,0.0,0.0,0.0,509.95,659.45,0,0.0,0,0,18-APR-2022,
OPTSTK,TITAN,28-Apr-2022,1640.0,CE,0.0,0.0,0.0,691.7,855.2,0,0.0,0,0,18-APR-2022,
OPTSTK,TITAN,28-Apr-2022,1650.0,CE,0.0,0.0,0.0,891.35,845.25,0,0.0,0,0,18-APR-2022,
OPTSTK,TITAN,28-Apr-2022,1660.0,CE,0.0,0.0,0.0,672.75,835.25,0,0.0,0,0,18-APR-2022,
OPTSTK,TITAN,28-Apr-2022,1680.0,CE,0.0,0.0,0.0,653.95,815.25,0,0.0,0,0,18-APR-2022,
OPTSTK,TITAN,28-Apr-2022,1700.0,CE,0.0,0.0,0.0,635.2,795.3,0,0.0,0,0,18-APR-2022,
OPTSTK,TITAN,28-Apr-2022,1720.0,CE,0.0,0.0,0.0,616.65,775.3,0,0.0,0,0,18-APR-2022,
OPTSTK,TITAN,28-Apr-2022,1740.0,CE,0.0,0.0,0.0,598.25,755.35,0,0.0,0,0,18-APR-2022,
OPTSTK,TITAN,28-Apr-2022,1750.0,CE,0.0,0.0,0.0,791.7,745.35,0,0.0,0,0,18-APR-2022,
OPTSTK,TITAN,28-Apr-2022,1760.0,CE,0.0,0.0,0.0,580.0,735.35,0,0.0,0,0,18-APR-2022,
OPTSTK,TITAN,28-Apr-2022,1780.0,CE,0.0,0.0,0.0,561.95,715.35,0,0.0,0,0,18-APR-2022,
OPTSTK,TITAN,28-Apr-2022,1800.0,CE,0.0,0.0,0.0,544.05,695.4,0,0.0,0,0,18-APR-2022,
OPTSTK,TITAN,28-Apr-2022,1820.0,CE,0.0,0.0,0.0,526.4,675.4,0,0.0,0,0,18-APR-2022,
OPTSTK,TITAN,28-Apr-2022,1840.0,CE,0.0,0.0,0.0,508.95,655.45,0,0.0,0,0,18-APR-2022,
OPTSTK,TITAN,28-Apr-2022,1850.0,CE,0.0,0.0,0.0,692.1,645.45,0,0.0,0,0,18-APR-2022,
OPTSTK,TITAN,28-Apr-2022,1860.0,CE,0.0,0.0,0.0,491.75,635.45,0,0.0,0,0,18-APR-2022,
OPTSTK,TITAN,28-Apr-2022,1880.0,CE,0.0,0.0,0.0,474.75,615.5,0,0.0,0,0,18-APR-2022,
OPTSTK,TITAN,28-Apr-2022,1900.0,CE,0.0,0.0,0.0,458.05,595.5,0,0.0,0,0,18-APR-2022,
OPTSTK,TITAN,28-Apr-2022,1920.0,CE,0.0,0.0,0.0,441.6,575.55,0,0.0,0,0,18-APR-2022,
OPTSTK,TITAN,28-Apr-2022,1940.0,CE,0.0,0.0,0.0,425.4,555.55,0,0.0,0,0,18-APR-2022,
OPTSTK,TITAN,28-Apr-2022,1950.0,CE,0.0,0.0,0.0,592.8,545.55,0,0.0,0,0,18-APR-2022,
OPTSTK,TITAN,28-Apr-2022,1960.0,CE,0.0,0.0,0.0,409.55,535.6,0,0.0,0,0,18-APR-2022,
OPTSTK,TITAN,28-Apr-2022,1980.0,CE,0.0,0.0,0.0,393.95,515.6,0,0.0,0,0,18-APR-2022,
OPTSTK,TITAN,28-Apr-2022,2000.0,CE,0.0,0.0,0.0,543.0,495.65,0,0.0,750,0,18-APR-2022,
OPTSTK,TITAN,28-Apr-2022,2020.0,CE,0.0,0.0,0.0,363.75,475.65,0,0.0,0,0,18-APR-2022,
OPTSTK,TITAN,28-Apr-2022,2040.0,CE,0.0,0.0,0.0,349.15,455.7,0,0.0,0,0,18-APR-2022,
OPTSTK,TITAN,28-Apr-2022,2050.0,CE,0.0,0.0,0.0,494.5,445.7,0,0.0,0,0,18-APR-2022,
OPTSTK,TITAN,28-Apr-2022,2060.0,CE,0.0,0.0,0.0,334.85,435.75,0,0.0,0,0,18-APR-2022,
OPTSTK,TITAN,28-Apr-2022,2080.0,CE,0.0,0.0,0.0,320.9,415.8,0,0.0,0,0,18-APR-2022,
OPTSTK,TITAN,28-Apr-2022,2100.0,CE,0.0,0.0,0.0,450.0,395.85,0,0.0,375,0,18-APR-2022,
OPTSTK,TITAN,28-Apr-2022,2120.0,CE,0.0,0.0,0.0,294.0,375.95,0,0.0,0,0,18-APR-2022,
OPTSTK,TITAN,28-Apr-2022,2140.0,CE,0.0,0.0,0.0,281.1,356.1,0,0.0,0,0,18-APR-2022,
OPTSTK,TITAN,28-Apr-2022,2150.0,CE,0.0,0.0,0.0,398.9,346.2,0,0.0,0,0,18-APR-2022,
OPTSTK,TITAN,28-Apr-2022,2160.0,CE,0.0,0.0,0.0,268.6,336.3,0,0.0,0,0,18-APR-2022,
OPTSTK,TITAN,28-Apr-2022,2180.0,CE,0.0,0.0,0.0,256.45,316.6,0,0.0,0,0,18-APR-2022,
OPTSTK,TITAN,28-Apr-2022,2200.0,CE,0.0,0.0,0.0,289.15,297.05,0,0.0,750,0,18-APR-2022,
OPTSTK,TITAN,28-Apr-2022,2220.0,CE,0.0,0.0,0.0,233.3,277.6,0,0.0,0,0,18-APR-2022,
OPTSTK,TITAN,28-Apr-2022,2240.0,CE,0.0,0.0,0.0,222.25,258.4,0,0.0,0,0,18-APR-2022,
OPTSTK,TITAN,28-Apr-2022,2250.0,CE,0.0,0.0,0.0,314.6,248.9,0,0.0,375,0,18-APR-2022,
OPTSTK,TITAN,28-Apr-2022,2260.0,CE,0.0,0.0,0.0,211.55,239.45,0,0.0,0,0,18-APR-2022,
OPTSTK,TITAN,28-Apr-2022,2280.0,CE,0.0,0.0,0.0,201.25,220.85,0,0.0,0,0,18-APR-2022,
OPTSTK,TITAN,28-Apr-2022,2300.0,CE,145.85,194.25,145.85,194.25,202.7,3,27.75,5250,0,18-APR-2022,
OPTSTK,TITAN,28-Apr-2022,2320.0,CE,0.0,0.0,0.0,181.75,185.0,0,0.0,0,0,18-APR-2022,
OPTSTK,TITAN,28-Apr-2022,2340.0,CE,0.0,0.0,0.0,172.5,167.85,0,0.0,0,0,18-APR-2022,
OPTSTK,TITAN,28-Apr-2022,2350.0,CE,0.0,0.0,0.0,134.9,159.55,0,0.0,2625,0,18-APR-2022,
OPTSTK,TITAN,28-Apr-2022,2360.0,CE,0.0,0.0,0.0,163.65,151.4,0,0.0,0,0,18-APR-2022,
OPTSTK,TITAN,28-Apr-2022,2380.0,CE,0.0,0.0,0.0,155.1,135.65,0,0.0,0,0,18-APR-2022,
OPTSTK,TITAN,28-Apr-2022,2400.0,CE,71.6,121.15,66.0,115.9,115.9,241,2251.22,39375,7500,18-APR-2022,
OPTSTK,TITAN,28-Apr-2022,2420.0,CE,15.8,102.3,15.8,102.3,102.3,156,1455.66,12750,6750,18-APR-2022,
OPTSTK,TITAN,28-Apr-2022,2440.0,CE,50.0,87.65,43.0,85.9,85.9,497,4661.5,18000,-5625,18-APR-2022,
OPTSTK,TITAN,28-Apr-2022,2450.0,CE,56.05,82.6,38.5,79.0,79.0,695,6531.25,32250,4500,18-APR-2022,
OPTSTK,TITAN,28-Apr-2022,2460.0,CE,42.0,75.25,32.5,72.25,72.25,1067,10051.89,49875,-2250,18-APR-2022,
OPTSTK,TITAN,28-Apr-2022,2480.0,CE,28.65,63.0,26.35,59.45,59.45,1493,14152.96,103500,-4875,18-APR-2022,
OPTSTK,TITAN,28-Apr-2022,2500.0,CE,30.0,53.0,20.35,49.5,49.5,3741,35644.52,535875,-15750,18-APR-2022,
OPTSTK,TITAN,28-Apr-2022,2520.0,CE,23.7,43.95,16.45,40.75,40.75,1126,10780.43,172500,-9000,18-APR-2022,
OPTSTK,TITAN,28-Apr-2022,2540.0,CE,21.1,36.15,13.35,33.4,33.4,826,7951.32,190875,-14250,18-APR-2022,
OPTSTK,TITAN,28-Apr-2022,2550.0,CE,15.05,33.6,12.0,30.3,30.3,768,7409.94,202875,-21750,18-APR-2022,
OPTSTK,TITAN,28-Apr-2022,2560.0,CE,16.5,30.05,1.2,27.85,27.85,918,8885.3,200250,-24000,18-APR-2022,
OPTSTK,TITAN,28-Apr-2022,2580.0,CE,12.1,25.15,5.4,22.9,22.9,724,7052.96,153750,14250,18-APR-2022,
OPTSTK,TITAN,28-Apr-2022,2600.0,CE,11.0,21.0,4.15,19.2,19.2,2693,26405.61,951750,-52500,18-APR-2022,
OPTSTK,TITAN,28-Apr-2022,2620.0,CE,6.6,17.3,6.25,16.25,16.25,444,4382.85,96000,-7125,18-APR-2022,
OPTSTK,TITAN,28-Apr-2022,2640.0,CE,8.75,14.15,5.95,13.6,13.6,543,5396.47,130875,-24000,18-APR-2022,
OPTSTK,TITAN,28-Apr-2022,2650.0,CE,5.35,13.15,5.35,11.6,11.6,545,5434.79,91500,15750,18-APR-2022,
OPTSTK,TITAN,28-Apr-2022,2660.0,CE,6.0,12.0,5.25,10.75,10.75,384,3842.28,66750,-9375,18-APR-2022,
OPTSTK,TITAN,28-Apr-2022,2680.0,CE,4.6,10.2,4.6,9.55,9.55,261,2630.48,60750,-2625,18-APR-2022,
OPTSTK,TITAN,28-Apr-2022,2700.0,CE,6.9,9.0,4.05,8.05,8.05,1347,13671.17,600375,-37500,18-APR-2022,
OPTSTK,TITAN,28-Apr-2022,2720.0,CE,3.9,7.25,3.75,6.85,6.85,273,2790.08,42000,5250,18-APR-2022,
OPTSTK,TITAN,28-Apr-2022,2740.0,CE,3.4,6.3,3.35,5.75,5.75,278,2861.53,84000,4500,18-APR-2022,
OPTSTK,TITAN,28-Apr-2022,2750.0,CE,5.15,5.9,3.25,5.55,5.55,274,2830.32,17250,-750,18-APR-2022,
OPTSTK,TITAN,28-Apr-2022,2760.0,CE,3.15,5.45,2.95,5.05,5.05,268,2777.87,48375,-5625,18-APR-2022,
OPTSTK,TITAN,28-Apr-2022,2780.0,CE,2.9,4.9,2.8,4.4,4.4,194,2025.37,30000,-3000,18-APR-2022,
OPTSTK,TITAN,28-Apr-2022,2800.0,CE,3.6,4.45,2.6,4.15,4.15,970,10197.97,541500,-21750,18-APR-2022,
OPTSTK,TITAN,28-Apr-2022,2820.0,CE,2.3,3.95,2.2,3.5,3.5,194,2053.88,50625,-5625,18-APR-2022,
OPTSTK,TITAN,28-Apr-2022,2840.0,CE,2.3,3.55,2.1,3.2,3.2,68,724.97,16500,-1500,18-APR-2022,
OPTSTK,TITAN,28-Apr-2022,2850.0,CE,2.25,3.65,2.0,3.25,3.25,92,984.29,8250,375,18-APR-2022,
OPTSTK,TITAN,28-Apr-2022,2860.0,CE,2.1,3.45,1.95,3.15,3.15,66,708.51,7875,-1500,18-APR-2022,
OPTSTK,TITAN,28-Apr-2022,2880.0,CE,3.05,3.05,2.2,2.25,0.65,18,194.55,45750,-1500,18-APR-2022,
OPTSTK,TITAN,28-Apr-2022,2900.0,CE,2.6,3.35,1.85,2.8,2.8,562,6117.64,177750,32250,18-APR-2022,
OPTSTK,TITAN,28-Apr-2022,2920.0,CE,0.0,0.0,0.0,2.8,0.35,0,0.0,1875,0,18-APR-2022,
OPTSTK,TITAN,28-Apr-2022,2940.0,CE,0.0,0.0,0.0,27.0,0.25,0,0.0,0,0,18-APR-2022,
OPTSTK,TITAN,28-Apr-2022,2950.0,CE,0.0,0.0,0.0,10.85,0.2,0,0.0,0,0,18-APR-2022,
OPTSTK,TITAN,28-Apr-2022,2960.0,CE,0.0,0.0,0.0,5.5,0.2,0,0.0,750,0,18-APR-2022,
OPTSTK,TITAN,28-Apr-2022,2980.0,CE,0.0,0.0,0.0,2.95,0.15,0,0.0,8250,0,18-APR-2022,
OPTSTK,TITAN,28-Apr-2022,3000.0,CE,2.0,2.45,1.35,2.2,2.2,191,2150.06,319875,-18375,18-APR-2022,
OPTSTK,TITAN,28-Apr-2022,3020.0,CE,0.0,0.0,0.0,20.3,0.1,0,0.0,0,0,18-APR-2022,
OPTSTK,TITAN,28-Apr-2022,3040.0,CE,0.0,0.0,0.0,1.45,0.05,0,0.0,4125,0,18-APR-2022,
OPTSTK,TITAN,28-Apr-2022,3050.0,CE,0.0,0.0,0.0,5.35,0.05,0,0.0,0,0,18-APR-2022,
OPTSTK,TITAN,28-Apr-2022,3060.0,CE,0.0,0.0,0.0,17.55,0.05,0,0.0,0,0,18-APR-2022,
OPTSTK,TITAN,28-Apr-2022,3080.0,CE,0.0,0.0,0.0,16.35,0.05,0,0.0,0,0,18-APR-2022,
OPTSTK,TITAN,28-Apr-2022,3100.0,CE,1.35,1.65,1.0,1.65,0.05,54,628.01,61125,0,18-APR-2022,
OPTSTK,TITAN,28-Apr-2022,3120.0,CE,0.8,0.8,0.8,0.8,0.05,1,11.7,12000,0,18-APR-2022,
OPTSTK,TITAN,28-Apr-2022,1640.0,PE,0.0,0.0,0.0,4.6,0.0,0,0.0,0,0,18-APR-2022,
OPTSTK,TITAN,28-Apr-2022,1650.0,PE,0.0,0.0,0.0,0.05,0.0,0,0.0,0,0,18-APR-2022,
OPTSTK,TITAN,28-Apr-2022,1660.0,PE,0.0,0.0,0.0,5.4,0.0,0,0.0,0,0,18-APR-2022,
OPTSTK,TITAN,28-Apr-2022,1680.0,PE,0.0,0.0,0.0,6.4,0.0,0,0.0,0,0,18-APR-2022,
OPTSTK,TITAN,28-Apr-2022,1700.0,PE,0.0,0.0,0.0,3.0,0.0,0,0.0,375,0,18-APR-2022,
OPTSTK,TITAN,28-Apr-2022,1720.0,PE,0.0,0.0,0.0,8.7,0.0,0,0.0,0,0,18-APR-2022,
OPTSTK,TITAN,28-Apr-2022,1740.0,PE,0.0,0.0,0.0,10.05,0.0,0,0.0,0,0,18-APR-2022,
OPTSTK,TITAN,28-Apr-2022,1750.0,PE,0.0,0.0,0.0,0.05,0.0,0,0.0,0,0,18-APR-2022,
OPTSTK,TITAN,28-Apr-2022,1760.0,PE,0.0,0.0,0.0,11.6,0.0,0,0.0,0,0,18-APR-2022,
OPTSTK,TITAN,28-Apr-2022,1780.0,PE,0.0,0.0,0.0,13.35,0.0,0,0.0,0,0,18-APR-2022,
OPTSTK,TITAN,28-Apr-2022,1800.0,PE,0.0,0.0,0.0,0.5,0.0,0,0.0,3750,0,18-APR-2022,
OPTSTK,TITAN,28-Apr-2022,1820.0,PE,0.0,0.0,0.0,17.4,0.0,0,0.0,0,0,18-APR-2022,
OPTSTK,TITAN,28-Apr-2022,1840.0,PE,0.0,0.0,0.0,19.75,0.0,0,0.0,0,0,18-APR-2022,
OPTSTK,TITAN,28-Apr-2022,1850.0,PE,0.0,0.0,0.0,0.1,0.0,0,0.0,0,0,18-APR-2022,
OPTSTK,TITAN,28-Apr-2022,1860.0,PE,0.0,0.0,0.0,22.3,0.0,0,0.0,0,0,18-APR-2022,
OPTSTK,TITAN,28-Apr-2022,1880.0,PE,0.0,0.0,0.0,25.1,0.0,0,0.0,0,0,18-APR-2022,
OPTSTK,TITAN,28-Apr-2022,1900.0,PE,0.0,0.0,0.0,0.5,0.0,0,0.0,750,0,18-APR-2022,
OPTSTK,TITAN,28-Apr-2022,1920.0,PE,0.0,0.0,0.0,31.55,0.0,0,0.0,0,0,18-APR-2022,
OPTSTK,TITAN,28-Apr-2022,1940.0,PE,0.0,0.0,0.0,35.15,0.0,0,0.0,0,0,18-APR-2022,
OPTSTK,TITAN,28-Apr-2022,1950.0,PE,0.0,0.0,0.0,0.5,0.0,0,0.0,0,0,18-APR-2022,
OPTSTK,TITAN,28-Apr-2022,1960.0,PE,0.0,0.0,0.0,39.05,0.0,0,0.0,0,0,18-APR-2022,
OPTSTK,TITAN,28-Apr-2022,1980.0,PE,0.0,0.0,0.0,2.8,0.0,0,0.0,750,0,18-APR-2022,
OPTSTK,TITAN,28-Apr-2022,2000.0,PE,0.8,1.35,0.5,0.65,0.65,38,285.11,31125,-375,18-APR-2022,
OPTSTK,TITAN,28-Apr-2022,2020.0,PE,0.0,0.0,0.0,52.65,0.05,0,0.0,0,0,18-APR-2022,
OPTSTK,TITAN,28-Apr-2022,2040.0,PE,0.0,0.0,0.0,57.85,0.05,0,0.0,0,0,18-APR-2022,
OPTSTK,TITAN,28-Apr-2022,2050.0,PE,0.0,0.0,0.0,1.9,0.05,0,0.0,0,0,18-APR-2022,
OPTSTK,TITAN,28-Apr-2022,2060.0,PE,0.0,0.0,0.0,63.35,0.05,0,0.0,0,0,18-APR-2022,
OPTSTK,TITAN,28-Apr-2022,2080.0,PE,0.0,0.0,0.0,69.2,0.1,0,0.0,0,0,18-APR-2022,
OPTSTK,TITAN,28-Apr-2022,2100.0,PE,3.5,3.5,1.55,2.1,2.1,218,1718.46,114750,-4125,18-APR-2022,
OPTSTK,TITAN,28-Apr-2022,2120.0,PE,0.0,0.0,0.0,81.85,0.2,0,0.0,0,0,18-APR-2022,
OPTSTK,TITAN,28-Apr-2022,2140.0,PE,0.0,0.0,0.0,8.0,0.35,0,0.0,375,0,18-APR-2022,
OPTSTK,TITAN,28-Apr-2022,2150.0,PE,0.0,0.0,0.0,6.0,0.45,0,0.0,0,0,18-APR-2022,
OPTSTK,TITAN,28-Apr-2022,2160.0,PE,6.0,6.0,6.0,6.0,0.55,1,8.12,1500,375,18-APR-2022,
OPTSTK,TITAN,28-Apr-2022,2180.0,PE,0.0,0.0,0.0,103.7,0.8,0,0.0,0,0,18-APR-2022,
OPTSTK,TITAN,28-Apr-2022,2200.0,PE,4.4,6.15,2.7,3.45,3.45,675,5577.4,189375,6000,18-APR-2022,
OPTSTK,TITAN,28-Apr-2022,2220.0,PE,0.0,0.0,0.0,14.0,1.75,0,0.0,0,0,18-APR-2022,
OPTSTK,TITAN,28-Apr-2022,2240.0,PE,8.35,8.35,8.35,8.35,2.55,2,16.86,9750,0,18-APR-2022,
OPTSTK,TITAN,28-Apr-2022,2250.0,PE,6.05,6.15,3.3,4.15,4.15,342,2891.5,21375,-7125,18-APR-2022,
OPTSTK,TITAN,28-Apr-2022,2260.0,PE,5.85,6.0,3.45,4.4,4.4,268,2275.94,48375,7500,18-APR-2022,
OPTSTK,TITAN,28-Apr-2022,2280.0,PE,7.2,7.55,4.05,5.0,5.0,287,2460.18,50250,-7875,18-APR-2022,
OPTSTK,TITAN,28-Apr-2022,2300.0,PE,12.1,15.35,5.0,5.95,5.95,977,8455.98,315750,-37875,18-APR-2022,
OPTSTK,TITAN,28-Apr-2022,2320.0,PE,12.6,12.6,6.1,6.75,6.75,79,689.67,16875,-375,18-APR-2022,
OPTSTK,TITAN,28-Apr-2022,2340.0,PE,13.35,13.95,7.1,7.9,7.9,376,3312.67,49125,-12750,18-APR-2022,
OPTSTK,TITAN,28-Apr-2022,2350.0,PE,20.0,21.0,7.9,8.65,8.65,304,2692.65,25875,-1125,18-APR-2022,
OPTSTK,TITAN,28-Apr-2022,2360.0,PE,18.0,18.9,8.7,9.35,9.35,341,3034.96,27375,-1875,18-APR-2022,
OPTSTK,TITAN,28-Apr-2022,2380.0,PE,23.85,25.0,11.15,11.6,11.6,687,6177.1,20625,-10125,18-APR-2022,
OPTSTK,TITAN,28-Apr-2022,2400.0,PE,33.45,42.6,13.8,14.45,14.45,2284,20750.07,268125,3000,18-APR-2022,
OPTSTK,TITAN,28-Apr-2022,2420.0,PE,68.2,68.2,17.3,17.9,17.9,679,6235.21,46500,8250,18-APR-2022,
OPTSTK,TITAN,28-Apr-2022,2440.0,PE,52.0,62.5,22.0,23.0,23.0,1127,10459.04,78000,-12750,18-APR-2022,
OPTSTK,TITAN,28-Apr-2022,2450.0,PE,58.8,66.65,24.65,25.95,25.95,778,7261.81,50250,-2625,18-APR-2022,
OPTSTK,TITAN,28-Apr-2022,2460.0,PE,72.95,73.0,27.9,29.2,29.2,665,6232.49,53625,-7500,18-APR-2022,
OPTSTK,TITAN,28-Apr-2022,2480.0,PE,87.0,87.0,35.4,37.05,37.05,649,6144.23,84000,6375,18-APR-2022,
OPTSTK,TITAN,28-Apr-2022,2500.0,PE,90.8,101.95,43.35,47.15,47.15,473,4542.49,286875,-14625,18-APR-2022,
OPTSTK,TITAN,28-Apr-2022,2520.0,PE,80.05,82.2,56.0,57.35,57.35,40,387.53,86625,0,18-APR-2022,
OPTSTK,TITAN,28-Apr-2022,2540.0,PE,100.55,100.9,73.2,73.2,87.1,45,442.53,39375,5250,18-APR-2022,
OPTSTK,TITAN,28-Apr-2022,2550.0,PE,120.0,120.0,76.0,76.2,76.2,45,444.34,26625,3750,18-APR-2022,
OPTSTK,TITAN,28-Apr-2022,2560.0,PE,143.9,143.9,83.0,87.0,87.0,23,228.9,38250,4125,18-APR-2022,
OPTSTK,TITAN,28-Apr-2022,2580.0,PE,109.7,109.7,109.7,109.7,113.75,1,10.08,7125,-375,18-APR-2022,
OPTSTK,TITAN,28-Apr-2022,2600.0,PE,147.25,150.5,113.0,115.55,115.55,20,205.1,151125,-1875,18-APR-2022,
OPTSTK,TITAN,28-Apr-2022,2620.0,PE,0.0,0.0,0.0,360.25,143.85,0,0.0,0,0,18-APR-2022,
OPTSTK,TITAN,28-Apr-2022,2640.0,PE,0.0,0.0,0.0,190.0,159.95,0,0.0,3000,0,18-APR-2022,
OPTSTK,TITAN,28-Apr-2022,2650.0,PE,217.3,217.3,194.6,194.6,168.25,2,21.41,375,0,18-APR-2022,
OPTSTK,TITAN,28-Apr-2022,2660.0,PE,0.0,0.0,0.0,184.95,176.7,0,0.0,1500,0,18-APR-2022,
OPTSTK,TITAN,28-Apr-2022,2680.0,PE,0.0,0.0,0.0,192.7,194.0,0,0.0,6000,0,18-APR-2022,
OPTSTK,TITAN,28-Apr-2022,2700.0,PE,230.55,230.55,201.15,204.5,204.5,6,65.44,21375,-375,18-APR-2022,
OPTSTK,TITAN,28-Apr-2022,2720.0,PE,251.0,251.0,251.0,251.0,229.95,1,11.14,14625,-375,18-APR-2022,
OPTSTK,TITAN,28-Apr-2022,2740.0,PE,0.0,0.0,0.0,454.5,248.5,0,0.0,0,0,18-APR-2022,
OPTSTK,TITAN,28-Apr-2022,2750.0,PE,0.0,0.0,0.0,243.1,257.9,0,0.0,0,0,18-APR-2022,
OPTSTK,TITAN,28-Apr-2022,2760.0,PE,0.0,0.0,0.0,283.1,267.35,0,0.0,1875,0,18-APR-2022,
OPTSTK,TITAN,28-Apr-2022,2780.0,PE,0.0,0.0,0.0,487.55,286.4,0,0.0,0,0,18-APR-2022,
OPTSTK,TITAN,28-Apr-2022,2800.0,PE,0.0,0.0,0.0,270.0,305.7,0,0.0,1500,0,18-APR-2022,
OPTSTK,TITAN,28-Apr-2022,2820.0,PE,0.0,0.0,0.0,521.3,325.1,0,0.0,0,0,18-APR-2022,
OPTSTK,TITAN,28-Apr-2022,2840.0,PE,0.0,0.0,0.0,302.0,344.65,0,0.0,375,0,18-APR-2022,
OPTSTK,TITAN,28-Apr-2022,2850.0,PE,0.0,0.0,0.0,325.75,354.5,0,0.0,0,0,18-APR-2022,
OPTSTK,TITAN,28-Apr-2022,2860.0,PE,0.0,0.0,0.0,555.75,364.35,0,0.0,0,0,18-APR-2022,
OPTSTK,TITAN,28-Apr-2022,2880.0,PE,0.0,0.0,0.0,573.2,384.05,0,0.0,0,0,18-APR-2022,
OPTSTK,TITAN,28-Apr-2022,2900.0,PE,0.0,0.0,0.0,590.75,403.85,0,0.0,0,0,18-APR-2022,
OPTSTK,TITAN,28-Apr-2022,2920.0,PE,0.0,0.0,0.0,608.5,423.7,0,0.0,0,0,18-APR-2022,
OPTSTK,TITAN,28-Apr-2022,2940.0,PE,0.0,0.0,0.0,626.3,443.6,0,0.0,0,0,18-APR-2022,
OPTSTK,TITAN,28-Apr-2022,2950.0,PE,0.0,0.0,0.0,415.4,453.55,0,0.0,0,0,18-APR-2022,
OPTSTK,TITAN,28-Apr-2022,2960.0,PE,0.0,0.0,0.0,644.25,463.5,0,0.0,0,0,18-APR-2022,
OPTSTK,TITAN,28-Apr-2022,2980.0,PE,0.0,0.0,0.0,662.35,483.45,0,0.0,0,0,18-APR-2022,
OPTSTK,TITAN,28-Apr-2022,3000.0,PE,0.0,0.0,0.0,680.5,503.35,0,0.0,0,0,18-APR-2022,
OPTSTK,TITAN,28-Apr-2022,3020.0,PE,0.0,0.0,0.0,698.8,523.35,0,0.0,0,0,18-APR-2022,
OPTSTK,TITAN,28-Apr-2022,3040.0,PE,0.0,0.0,0.0,717.2,543.3,0,0.0,0,0,18-APR-2022,
OPTSTK,TITAN,28-Apr-2022,3050.0,PE,0.0,0.0,0.0,509.6,553.25,0,0.0,0,0,18-APR-2022,
OPTSTK,TITAN,28-Apr-2022,3060.0,PE,0.0,0.0,0.0,735.65,563.25,0,0.0,0,0,18-APR-2022,
OPTSTK,TITAN,28-Apr-2022,3080.0,PE,0.0,0.0,0.0,754.2,583.2,0,0.0,0,0,18-APR-2022,
OPTSTK,TITAN,28-Apr-2022,3100.0,PE,0.0,0.0,0.0,772.85,603.2,0,0.0,0,0,18-APR-2022,
OPTSTK,TITAN,28-Apr-2022,3120.0,PE,0.0,0.0,0.0,791.55,623.15,0,0.0,0,0,18-APR-2022,
OPTSTK,TITAN,26-May-2022,1640.0,CE,0.0,0.0,0.0,786.2,860.65,0,0.0,0,0,18-APR-2022,
OPTSTK,TITAN,26-May-2022,1650.0,CE,0.0,0.0,0.0,897.05,850.65,0,0.0,0,0,18-APR-2022,
OPTSTK,TITAN,26-May-2022,1660.0,CE,0.0,0.0,0.0,766.9,840.7,0,0.0,0,0,18-APR-2022,
OPTSTK,TITAN,26-May-2022,1680.0,CE,0.0,0.0,0.0,747.65,820.8,0,0.0,0,0,18-APR-2022,
OPTSTK,TITAN,26-May-2022,1700.0,CE,0.0,0.0,0.0,728.55,800.95,0,0.0,0,0,18-APR-2022,
OPTSTK,TITAN,26-May-2022,1720.0,CE,0.0,0.0,0.0,709.5,781.05,0,0.0,0,0,18-APR-2022,
OPTSTK,TITAN,26-May-2022,1740.0,CE,0.0,0.0,0.0,690.55,761.15,0,0.0,0,0,18-APR-2022,
OPTSTK,TITAN,26-May-2022,1750.0,CE,0.0,0.0,0.0,798.1,751.2,0,0.0,0,0,18-APR-2022,
OPTSTK,TITAN,26-May-2022,1760.0,CE,0.0,0.0,0.0,671.7,741.3,0,0.0,0,0,18-APR-2022,
OPTSTK,TITAN,26-May-2022,1780.0,CE,0.0,0.0,0.0,653.0,721.4,0,0.0,0,0,18-APR-2022,
OPTSTK,TITAN,26-May-2022,1800.0,CE,0.0,0.0,0.0,634.45,701.6,0,0.0,0,0,18-APR-2022,
OPTSTK,TITAN,26-May-2022,1820.0,CE,0.0,0.0,0.0,616.05,681.75,0,0.0,0,0,18-APR-2022,
OPTSTK,TITAN,26-May-2022,1840.0,CE,0.0,0.0,0.0,597.8,661.95,0,0.0,0,0,18-APR-2022,
OPTSTK,TITAN,26-May-2022,1850.0,CE,0.0,0.0,0.0,700.05,652.1,0,0.0,0,0,18-APR-2022,
OPTSTK,TITAN,26-May-2022,1860.0,CE,0.0,0.0,0.0,579.75,642.2,0,0.0,0,0,18-APR-2022,
OPTSTK,TITAN,26-May-2022,1880.0,CE,0.0,0.0,0.0,561.85,622.5,0,0.0,0,0,18-APR-2022,
OPTSTK,TITAN,26-May-2022,1900.0,CE,0.0,0.0,0.0,544.15,602.85,0,0.0,0,0,18-APR-2022,
OPTSTK,TITAN,26-May-2022,1920.0,CE,0.0,0.0,0.0,526.7,583.25,0,0.0,0,0,18-APR-2022,
OPTSTK,TITAN,26-May-2022,1940.0,CE,0.0,0.0,0.0,509.45,563.7,0,0.0,0,0,18-APR-2022,
OPTSTK,TITAN,26-May-2022,1950.0,CE,0.0,0.0,0.0,603.65,553.95,0,0.0,0,0,18-APR-2022,
OPTSTK,TITAN,26-May-2022,1960.0,CE,0.0,0.0,0.0,492.4,544.25,0,0.0,0,0,18-APR-2022,
OPTSTK,TITAN,26-May-2022,1980.0,CE,0.0,0.0,0.0,475.65,524.9,0,0.0,0,0,18-APR-2022,
OPTSTK,TITAN,26-May-2022,2000.0,CE,0.0,0.0,0.0,459.1,505.7,0,0.0,0,0,18-APR-2022,
OPTSTK,TITAN,26-May-2022,2020.0,CE,0.0,0.0,0.0,442.85,486.6,0,0.0,0,0,18-APR-2022,
OPTSTK,TITAN,26-May-2022,2040.0,CE,0.0,0.0,0.0,426.9,467.65,0,0.0,0,0,18-APR-2022,
OPTSTK,TITAN,26-May-2022,2050.0,CE,0.0,0.0,0.0,510.45,458.25,0,0.0,0,0,18-APR-2022,
OPTSTK,TITAN,26-May-2022,2060.0,CE,0.0,0.0,0.0,411.2,448.85,0,0.0,0,0,18-APR-2022,
OPTSTK,TITAN,26-May-2022,2080.0,CE,0.0,0.0,0.0,395.8,430.3,0,0.0,0,0,18-APR-2022,
OPTSTK,TITAN,26-May-2022,2100.0,CE,0.0,0.0,0.0,380.7,411.95,0,0.0,0,0,18-APR-2022,
OPTSTK,TITAN,26-May-2022,2120.0,CE,0.0,0.0,0.0,366.05,393.8,0,0.0,0,0,18-APR-2022,
OPTSTK,TITAN,26-May-2022,2140.0,CE,0.0,0.0,0.0,351.55,375.95,0,0.0,0,0,18-APR-2022,
OPTSTK,TITAN,26-May-2022,2150.0,CE,0.0,0.0,0.0,422.15,367.1,0,0.0,0,0,18-APR-2022,
OPTSTK,TITAN,26-May-2022,2160.0,CE,0.0,0.0,0.0,337.45,358.35,0,0.0,0,0,18-APR-2022,
OPTSTK,TITAN,26-May-2022,2180.0,CE,0.0,0.0,0.0,323.65,341.1,0,0.0,0,0,18-APR-2022,
OPTSTK,TITAN,26-May-2022,2200.0,CE,0.0,0.0,0.0,310.1,324.15,0,0.0,0,0,18-APR-2022,
OPTSTK,TITAN,26-May-2022,2220.0,CE,0.0,0.0,0.0,297.0,307.6,0,0.0,0,0,18-APR-2022,
OPTSTK,TITAN,26-May-2022,2240.0,CE,0.0,0.0,0.0,284.3,291.4,0,0.0,0,0,18-APR-2022,
OPTSTK,TITAN,26-May-2022,2250.0,CE,0.0,0.0,0.0,340.75,283.45,0,0.0,0,0,18-APR-2022,
OPTSTK,TITAN,26-May-2022,2260.0,CE,0.0,0.0,0.0,271.9,275.6,0,0.0,0,0,18-APR-2022,
OPTSTK,TITAN,26-May-2022,2280.0,CE,0.0,0.0,0.0,259.9,260.25,0,0.0,0,0,18-APR-2022,
OPTSTK,TITAN,26-May-2022,2300.0,CE,0.0,0.0,0.0,248.2,245.4,0,0.0,0,0,18-APR-2022,
OPTSTK,TITAN,26-May-2022,2320.0,CE,0.0,0.0,0.0,236.9,230.9,0,0.0,0,0,18-APR-2022,
OPTSTK,TITAN,26-May-2022,2340.0,CE,0.0,0.0,0.0,225.95,216.8,0,0.0,0,0,18-APR-2022,
OPTSTK,TITAN,26-May-2022,2350.0,CE,0.0,0.0,0.0,268.0,210.0,0,0.0,0,0,18-APR-2022,
OPTSTK,TITAN,26-May-2022,2360.0,CE,0.0,0.0,0.0,215.35,203.35,0,0.0,0,0,18-APR-2022,
OPTSTK,TITAN,26-May-2022,2380.0,CE,0.0,0.0,0.0,205.1,190.35,0,0.0,0,0,18-APR-2022,
OPTSTK,TITAN,26-May-2022,2400.0,CE,0.0,0.0,0.0,195.2,177.85,0,0.0,0,0,18-APR-2022,
OPTSTK,TITAN,26-May-2022,2420.0,CE,0.0,0.0,0.0,185.7,165.9,0,0.0,0,0,18-APR-2022,
OPTSTK,TITAN,26-May-2022,2440.0,CE,0.0,0.0,0.0,176.5,154.5,0,0.0,0,0,18-APR-2022,
OPTSTK,TITAN,26-May-2022,2450.0,CE,0.0,0.0,0.0,205.3,148.95,0,0.0,0,0,18-APR-2022,
OPTSTK,TITAN,26-May-2022,2460.0,CE,117.0,117.0,117.0,117.0,143.6,1,9.66,1125,375,18-APR-2022,
OPTSTK,TITAN,26-May-2022,2480.0,CE,0.0,0.0,0.0,159.15,133.2,0,0.0,0,0,18-APR-2022,
OPTSTK,TITAN,26-May-2022,2500.0,CE,80.15,111.5,80.15,108.25,108.25,34,331.34,12750,4500,18-APR-2022,
OPTSTK,TITAN,26-May-2022,2520.0,CE,0.0,0.0,0.0,114.65,114.05,0,0.0,1500,0,18-APR-2022,
OPTSTK,TITAN,26-May-2022,2540.0,CE,0.0,0.0,0.0,142.15,105.2,0,0.0,750,0,18-APR-2022,
OPTSTK,TITAN,26-May-2022,2550.0,CE,0.0,0.0,0.0,153.1,101.0,0,0.0,0,0,18-APR-2022,
OPTSTK,TITAN,26-May-2022,2560.0,CE,0.0,0.0,0.0,128.35,96.9,0,0.0,0,0,18-APR-2022,
OPTSTK,TITAN,26-May-2022,2580.0,CE,0.0,0.0,0.0,121.45,89.1,0,0.0,0,0,18-APR-2022,
OPTSTK,TITAN,26-May-2022,2600.0,CE,43.95,69.0,43.95,65.95,65.95,32,319.05,16875,1125,18-APR-2022,
OPTSTK,TITAN,26-May-2022,2620.0,CE,0.0,0.0,0.0,108.5,74.9,0,0.0,0,0,18-APR-2022,
OPTSTK,TITAN,26-May-2022,2640.0,CE,0.0,0.0,0.0,41.0,68.5,0,0.0,375,0,18-APR-2022,
OPTSTK,TITAN,26-May-2022,2650.0,CE,0.0,0.0,0.0,111.15,65.45,0,0.0,0,0,18-APR-2022,
OPTSTK,TITAN,26-May-2022,2660.0,CE,0.0,0.0,0.0,96.7,62.5,0,0.0,0,0,18-APR-2022,
OPTSTK,TITAN,26-May-2022,2680.0,CE,0.0,0.0,0.0,91.25,56.95,0,0.0,0,0,18-APR-2022,
OPTSTK,TITAN,26-May-2022,2700.0,CE,34.0,38.5,22.2,36.4,36.4,44,451.09,14250,8250,18-APR-2022,
OPTSTK,TITAN,26-May-2022,2720.0,CE,0.0,0.0,0.0,81.15,47.15,0,0.0,0,0,18-APR-2022,
OPTSTK,TITAN,26-May-2022,2740.0,CE,0.0,0.0,0.0,76.45,42.7,0,0.0,0,0,18-APR-2022,
OPTSTK,TITAN,26-May-2022,2750.0,CE,0.0,0.0,0.0,78.6,40.6,0,0.0,0,0,18-APR-2022,
OPTSTK,TITAN,26-May-2022,2760.0,CE,0.0,0.0,0.0,71.95,38.65,0,0.0,0,0,18-APR-2022,
OPTSTK,TITAN,26-May-2022,2780.0,CE,0.0,0.0,0.0,67.7,34.9,0,0.0,0,0,18-APR-2022,
OPTSTK,TITAN,26-May-2022,2800.0,CE,17.0,20.0,17.0,20.0,31.5,5,52.84,1875,1875,18-APR-2022,
OPTSTK,TITAN,26-May-2022,2820.0,CE,0.0,0.0,0.0,59.75,28.35,0,0.0,0,0,18-APR-2022,
OPTSTK,TITAN,26-May-2022,2840.0,CE,0.0,0.0,0.0,56.1,25.5,0,0.0,0,0,18-APR-2022,
OPTSTK,TITAN,26-May-2022,2850.0,CE,0.0,0.0,0.0,54.4,24.15,0,0.0,0,0,18-APR-2022,
OPTSTK,TITAN,26-May-2022,2860.0,CE,0.0,0.0,0.0,52.65,22.85,0,0.0,0,0,18-APR-2022,
OPTSTK,TITAN,26-May-2022,2880.0,CE,0.0,0.0,0.0,49.4,20.5,0,0.0,0,0,18-APR-2022,
OPTSTK,TITAN,26-May-2022,2900.0,CE,0.0,0.0,0.0,15.0,18.3,0,0.0,750,0,18-APR-2022,
OPTSTK,TITAN,26-May-2022,2920.0,CE,0.0,0.0,0.0,43.4,16.35,0,0.0,0,0,18-APR-2022,
OPTSTK,TITAN,26-May-2022,2940.0,CE,0.0,0.0,0.0,40.65,14.6,0,0.0,0,0,18-APR-2022,
OPTSTK,TITAN,26-May-2022,2950.0,CE,0.0,0.0,0.0,36.6,13.75,0,0.0,0,0,18-APR-2022,
OPTSTK,TITAN,26-May-2022,2960.0,CE,0.0,0.0,0.0,38.05,13.0,0,0.0,0,0,18-APR-2022,
OPTSTK,TITAN,26-May-2022,2980.0,CE,0.0,0.0,0.0,43.0,11.55,0,0.0,0,0,18-APR-2022,
OPTSTK,TITAN,26-May-2022,3000.0,CE,0.0,0.0,0.0,33.3,10.25,0,0.0,0,0,18-APR-2022,
OPTSTK,TITAN,26-May-2022,3020.0,CE,0.0,0.0,0.0,31.15,9.1,0,0.0,0,0,18-APR-2022,
OPTSTK,TITAN,26-May-2022,3040.0,CE,0.0,0.0,0.0,29.1,8.05,0,0.0,0,0,18-APR-2022,
OPTSTK,TITAN,26-May-2022,3050.0,CE,0.0,0.0,0.0,24.1,7.55,0,0.0,0,0,18-APR-2022,
OPTSTK,TITAN,26-May-2022,3060.0,CE,0.0,0.0,0.0,27.2,7.1,0,0.0,0,0,18-APR-2022,
OPTSTK,TITAN,26-May-2022,3080.0,CE,0.0,0.0,0.0,104.4,6.25,0,0.0,750,0,18-APR-2022,
OPTSTK,TITAN,26-May-2022,3100.0,CE,0.0,0.0,0.0,23.7,5.5,0,0.0,0,0,18-APR-2022,
OPTSTK,TITAN,26-May-2022,3120.0,CE,0.0,0.0,0.0,22.1,4.85,0,0.0,0,0,18-APR-2022,
OPTSTK,TITAN,26-May-2022,1640.0,PE,0.0,0.0,0.0,2.45,0.05,0,0.0,0,0,18-APR-2022,
OPTSTK,TITAN,26-May-2022,1650.0,PE,0.0,0.0,0.0,0.2,0.05,0,0.0,0,0,18-APR-2022,
OPTSTK,TITAN,26-May-2022,1660.0,PE,0.0,0.0,0.0,2.9,0.05,0,0.0,0,0,18-APR-2022,
OPTSTK,TITAN,26-May-2022,1680.0,PE,0.0,0.0,0.0,3.5,0.05,0,0.0,0,0,18-APR-2022,
OPTSTK,TITAN,26-May-2022,1700.0,PE,0.0,0.0,0.0,4.15,0.05,0,0.0,0,0,18-APR-2022,
OPTSTK,TITAN,26-May-2022,1720.0,PE,0.0,0.0,0.0,4.9,0.1,0,0.0,0,0,18-APR-2022,
OPTSTK,TITAN,26-May-2022,1740.0,PE,0.0,0.0,0.0,5.75,0.1,0,0.0,0,0,18-APR-2022,
OPTSTK,TITAN,26-May-2022,1750.0,PE,0.0,0.0,0.0,0.65,0.15,0,0.0,0,0,18-APR-2022,
OPTSTK,TITAN,26-May-2022,1760.0,PE,0.0,0.0,0.0,6.7,0.15,0,0.0,0,0,18-APR-2022,
OPTSTK,TITAN,26-May-2022,1780.0,PE,0.0,0.0,0.0,7.8,0.2,0,0.0,0,0,18-APR-2022,
OPTSTK,TITAN,26-May-2022,1800.0,PE,0.0,0.0,0.0,9.05,0.3,0,0.0,0,0,18-APR-2022,
OPTSTK,TITAN,26-May-2022,1820.0,PE,0.0,0.0,0.0,10.4,0.4,0,0.0,0,0,18-APR-2022,
OPTSTK,TITAN,26-May-2022,1840.0,PE,0.0,0.0,0.0,11.95,0.5,0,0.0,0,0,18-APR-2022,
OPTSTK,TITAN,26-May-2022,1850.0,PE,0.0,0.0,0.0,1.9,0.55,0,0.0,0,0,18-APR-2022,
OPTSTK,TITAN,26-May-2022,1860.0,PE,0.0,0.0,0.0,13.65,0.65,0,0.0,0,0,18-APR-2022,
OPTSTK,TITAN,26-May-2022,1880.0,PE,0.0,0.0,0.0,15.6,0.85,0,0.0,0,0,18-APR-2022,
OPTSTK,TITAN,26-May-2022,1900.0,PE,0.0,0.0,0.0,17.7,1.1,0,0.0,0,0,18-APR-2022,
OPTSTK,TITAN,26-May-2022,1920.0,PE,0.0,0.0,0.0,20.0,1.4,0,0.0,0,0,18-APR-2022,
OPTSTK,TITAN,26-May-2022,1940.0,PE,0.0,0.0,0.0,22.55,1.8,0,0.0,0,0,18-APR-2022,
OPTSTK,TITAN,26-May-2022,1950.0,PE,0.0,0.0,0.0,4.85,2.0,0,0.0,0,0,18-APR-2022,
OPTSTK,TITAN,26-May-2022,1960.0,PE,0.0,0.0,0.0,25.3,2.25,0,0.0,0,0,18-APR-2022,
OPTSTK,TITAN,26-May-2022,1980.0,PE,0.0,0.0,0.0,28.3,2.8,0,0.0,0,0,18-APR-2022,
OPTSTK,TITAN,26-May-2022,2000.0,PE,0.0,0.0,0.0,31.6,3.5,0,0.0,0,0,18-APR-2022,
OPTSTK,TITAN,26-May-2022,2020.0,PE,0.0,0.0,0.0,35.1,4.3,0,0.0,0,0,18-APR-2022,
OPTSTK,TITAN,26-May-2022,2040.0,PE,0.0,0.0,0.0,38.95,5.3,0,0.0,0,0,18-APR-2022,
OPTSTK,TITAN,26-May-2022,2050.0,PE,0.0,0.0,0.0,11.0,5.85,0,0.0,0,0,18-APR-2022,
OPTSTK,TITAN,26-May-2022,2060.0,PE,0.0,0.0,0.0,43.05,6.45,0,0.0,0,0,18-APR-2022,
OPTSTK,TITAN,26-May-2022,2080.0,PE,0.0,0.0,0.0,47.45,7.75,0,0.0,0,0,18-APR-2022,
OPTSTK,TITAN,26-May-2022,2100.0,PE,0.0,0.0,0.0,11.0,9.3,0,0.0,375,0,18-APR-2022,
OPTSTK,TITAN,26-May-2022,2120.0,PE,0.0,0.0,0.0,57.25,11.1,0,0.0,0,0,18-APR-2022,
OPTSTK,TITAN,26-May-2022,2140.0,PE,0.0,0.0,0.0,62.55,13.15,0,0.0,0,0,18-APR-2022,
OPTSTK,TITAN,26-May-2022,2150.0,PE,0.0,0.0,0.0,22.05,14.3,0,0.0,0,0,18-APR-2022,
OPTSTK,TITAN,26-May-2022,2160.0,PE,0.0,0.0,0.0,68.25,15.5,0,0.0,0,0,18-APR-2022,
OPTSTK,TITAN,26-May-2022,2180.0,PE,0.0,0.0,0.0,23.9,18.15,0,0.0,750,0,18-APR-2022,
OPTSTK,TITAN,26-May-2022,2200.0,PE,14.0,19.75,14.0,16.0,21.1,6,49.89,4125,375,18-APR-2022,
OPTSTK,TITAN,26-May-2022,2220.0,PE,0.0,0.0,0.0,87.2,24.45,0,0.0,0,0,18-APR-2022,
OPTSTK,TITAN,26-May-2022,2240.0,PE,0.0,0.0,0.0,94.25,28.15,0,0.0,0,0,18-APR-2022,
OPTSTK,TITAN,26-May-2022,2250.0,PE,0.0,0.0,0.0,40.05,30.15,0,0.0,0,0,18-APR-2022,
OPTSTK,TITAN,26-May-2022,2260.0,PE,0.0,0.0,0.0,30.0,32.3,0,0.0,375,0,18-APR-2022,
OPTSTK,TITAN,26-May-2022,2280.0,PE,0.0,0.0,0.0,109.4,36.8,0,0.0,0,0,18-APR-2022,
OPTSTK,TITAN,26-May-2022,2300.0,PE,36.0,37.0,30.0,30.25,41.9,42,367.68,14625,4875,18-APR-2022,
OPTSTK,TITAN,26-May-2022,2320.0,PE,0.0,0.0,0.0,126.0,47.3,0,0.0,0,0,18-APR-2022,
OPTSTK,TITAN,26-May-2022,2340.0,PE,0.0,0.0,0.0,134.85,53.15,0,0.0,0,0,18-APR-2022,
OPTSTK,TITAN,26-May-2022,2350.0,PE,0.0,0.0,0.0,66.65,56.3,0,0.0,0,0,18-APR-2022,
OPTSTK,TITAN,26-May-2022,2360.0,PE,0.0,0.0,0.0,144.05,59.55,0,0.0,0,0,18-APR-2022,
OPTSTK,TITAN,26-May-2022,2380.0,PE,0.0,0.0,0.0,153.6,66.5,0,0.0,0,0,18-APR-2022,
OPTSTK,TITAN,26-May-2022,2400.0,PE,66.85,74.6,55.3,56.5,56.5,64,591.85,23625,6750,18-APR-2022,
OPTSTK,TITAN,26-May-2022,2420.0,PE,0.0,0.0,0.0,173.75,81.9,0,0.0,0,0,18-APR-2022,
OPTSTK,TITAN,26-May-2022,2440.0,PE,0.0,0.0,0.0,184.35,90.35,0,0.0,0,0,18-APR-2022,
OPTSTK,TITAN,26-May-2022,2450.0,PE,0.0,0.0,0.0,103.25,94.8,0,0.0,0,0,18-APR-2022,
OPTSTK,TITAN,26-May-2022,2460.0,PE,83.65,83.65,83.65,83.65,99.4,5,47.69,1875,1875,18-APR-2022,
OPTSTK,TITAN,26-May-2022,2480.0,PE,93.35,93.35,93.35,93.35,108.9,5,48.25,1875,1875,18-APR-2022,
OPTSTK,TITAN,26-May-2022,2500.0,PE,112.0,117.6,110.0,110.0,118.95,4,39.2,3375,1125,18-APR-2022,
OPTSTK,TITAN,26-May-2022,2520.0,PE,0.0,0.0,0.0,230.15,129.55,0,0.0,0,0,18-APR-2022,
OPTSTK,TITAN,26-May-2022,2540.0,PE,0.0,0.0,0.0,242.4,140.65,0,0.0,0,0,18-APR-2022,
OPTSTK,TITAN,26-May-2022,2550.0,PE,0.0,0.0,0.0,150.4,146.4,0,0.0,0,0,18-APR-2022,
OPTSTK,TITAN,26-May-2022,2560.0,PE,0.0,0.0,0.0,254.95,152.25,0,0.0,0,0,18-APR-2022,
OPTSTK,TITAN,26-May-2022,2580.0,PE,0.0,0.0,0.0,267.85,164.35,0,0.0,0,0,18-APR-2022,
OPTSTK,TITAN,26-May-2022,2600.0,PE,0.0,0.0,0.0,281.0,176.95,0,0.0,0,0,18-APR-2022,
OPTSTK,TITAN,26-May-2022,2620.0,PE,0.0,0.0,0.0,199.0,190.0,0,0.0,375,0,18-APR-2022,
OPTSTK,TITAN,26-May-2022,2640.0,PE,0.0,0.0,0.0,308.25,203.5,0,0.0,0,0,18-APR-2022,
OPTSTK,TITAN,26-May-2022,2650.0,PE,0.0,0.0,0.0,207.8,210.4,0,0.0,0,0,18-APR-2022,
OPTSTK,TITAN,26-May-2022,2660.0,PE,0.0,0.0,0.0,322.3,217.4,0,0.0,0,0,18-APR-2022,
OPTSTK,TITAN,26-May-2022,2680.0,PE,0.0,0.0,0.0,336.6,231.75,0,0.0,0,0,18-APR-2022,
OPTSTK,TITAN,26-May-2022,2700.0,PE,0.0,0.0,0.0,351.15,246.65,0,0.0,0,0,18-APR-2022,
OPTSTK,TITAN,26-May-2022,2720.0,PE,0.0,0.0,0.0,366.1,261.8,0,0.0,0,0,18-APR-2022,
OPTSTK,TITAN,26-May-2022,2740.0,PE,0.0,0.0,0.0,381.15,277.25,0,0.0,0,0,18-APR-2022,
OPTSTK,TITAN,26-May-2022,2750.0,PE,0.0,0.0,0.0,274.65,285.15,0,0.0,0,0,18-APR-2022,
OPTSTK,TITAN,26-May-2022,2760.0,PE,0.0,0.0,0.0,396.45,293.1,0,0.0,0,0,18-APR-2022,
OPTSTK,TITAN,26-May-2022,2780.0,PE,0.0,0.0,0.0,412.0,309.3,0,0.0,0,0,18-APR-2022,
OPTSTK,TITAN,26-May-2022,2800.0,PE,0.0,0.0,0.0,427.75,325.75,0,0.0,0,0,18-APR-2022,
OPTSTK,TITAN,26-May-2022,2820.0,PE,0.0,0.0,0.0,443.6,342.55,0,0.0,0,0,18-APR-2022,
OPTSTK,TITAN,26-May-2022,2840.0,PE,0.0,0.0,0.0,459.75,359.6,0,0.0,0,0,18-APR-2022,
OPTSTK,TITAN,26-May-2022,2850.0,PE,0.0,0.0,0.0,349.8,368.2,0,0.0,0,0,18-APR-2022,
OPTSTK,TITAN,26-May-2022,2860.0,PE,0.0,0.0,0.0,476.1,376.9,0,0.0,0,0,18-APR-2022,
OPTSTK,TITAN,26-May-2022,2880.0,PE,0.0,0.0,0.0,492.65,394.4,0,0.0,0,0,18-APR-2022,
OPTSTK,TITAN,26-May-2022,2900.0,PE,0.0,0.0,0.0,509.35,412.15,0,0.0,0,0,18-APR-2022,
OPTSTK,TITAN,26-May-2022,2920.0,PE,0.0,0.0,0.0,526.25,430.1,0,0.0,0,0,18-APR-2022,
OPTSTK,TITAN,26-May-2022,2940.0,PE,0.0,0.0,0.0,543.3,448.25,0,0.0,0,0,18-APR-2022,
OPTSTK,TITAN,26-May-2022,2950.0,PE,0.0,0.0,0.0,431.35,457.4,0,0.0,0,0,18-APR-2022,
OPTSTK,TITAN,26-May-2022,2960.0,PE,0.0,0.0,0.0,560.5,466.55,0,0.0,0,0,18-APR-2022,
OPTSTK,TITAN,26-May-2022,2980.0,PE,0.0,0.0,0.0,577.85,485.05,0,0.0,0,0,18-APR-2022,
OPTSTK,TITAN,26-May-2022,3000.0,PE,0.0,0.0,0.0,595.3,503.65,0,0.0,0,0,18-APR-2022,
OPTSTK,TITAN,26-May-2022,3020.0,PE,0.0,0.0,0.0,612.95,522.4,0,0.0,0,0,18-APR-2022,
OPTSTK,TITAN,26-May-2022,3040.0,PE,0.0,0.0,0.0,630.7,541.25,0,0.0,0,0,18-APR-2022,
OPTSTK,TITAN,26-May-2022,3050.0,PE,0.0,0.0,0.0,518.2,550.75,0,0.0,0,0,18-APR-2022,
OPTSTK,TITAN,26-May-2022,3060.0,PE,0.0,0.0,0.0,648.55,560.25,0,0.0,0,0,18-APR-2022,
OPTSTK,TITAN,26-May-2022,3080.0,PE,0.0,0.0,0.0,666.55,579.3,0,0.0,0,0,18-APR-2022,
OPTSTK,TITAN,26-May-2022,3100.0,PE,0.0,0.0,0.0,684.65,598.5,0,0.0,0,0,18-APR-2022,
OPTSTK,TITAN,26-May-2022,3120.0,PE,0.0,0.0,0.0,702.85,617.75,0,0.0,0,0,18-APR-2022,
OPTSTK,TITAN,30-Jun-2022,1650.0,CE,0.0,0.0,0.0,904.95,858.05,0,0.0,0,0,18-APR-2022,
OPTSTK,TITAN,30-Jun-2022,1700.0,CE,0.0,0.0,0.0,856.3,808.95,0,0.0,0,0,18-APR-2022,
OPTSTK,TITAN,30-Jun-2022,1750.0,CE,0.0,0.0,0.0,808.05,760.2,0,0.0,0,0,18-APR-2022,
OPTSTK,TITAN,30-Jun-2022,1800.0,CE,0.0,0.0,0.0,760.25,711.8,0,0.0,0,0,18-APR-2022,
OPTSTK,TITAN,30-Jun-2022,1850.0,CE,0.0,0.0,0.0,713.1,664.0,0,0.0,0,0,18-APR-2022,
OPTSTK,TITAN,30-Jun-2022,1900.0,CE,0.0,0.0,0.0,666.75,616.9,0,0.0,0,0,18-APR-2022,
OPTSTK,TITAN,30-Jun-2022,1950.0,CE,0.0,0.0,0.0,621.3,570.65,0,0.0,0,0,18-APR-2022,
OPTSTK,TITAN,30-Jun-2022,2000.0,CE,0.0,0.0,0.0,576.9,525.55,0,0.0,0,0,18-APR-2022,
OPTSTK,TITAN,30-Jun-2022,2050.0,CE,0.0,0.0,0.0,533.8,481.75,0,0.0,0,0,18-APR-2022,
OPTSTK,TITAN,30-Jun-2022,2100.0,CE,0.0,0.0,0.0,492.1,439.4,0,0.0,0,0,18-APR-2022,
OPTSTK,TITAN,30-Jun-2022,2150.0,CE,0.0,0.0,0.0,451.95,398.85,0,0.0,0,0,18-APR-2022,
OPTSTK,TITAN,30-Jun-2022,2200.0,CE,0.0,0.0,0.0,413.5,360.15,0,0.0,0,0,18-APR-2022,
OPTSTK,TITAN,30-Jun-2022,2250.0,CE,0.0,0.0,0.0,376.95,323.6,0,0.0,0,0,18-APR-2022,
OPTSTK,TITAN,30-Jun-2022,2300.0,CE,0.0,0.0,0.0,342.15,289.05,0,0.0,0,0,18-APR-2022,
OPTSTK,TITAN,30-Jun-2022,2350.0,CE,0.0,0.0,0.0,309.45,256.9,0,0.0,0,0,18-APR-2022,
OPTSTK,TITAN,30-Jun-2022,2400.0,CE,0.0,0.0,0.0,278.85,227.15,0,0.0,0,0,18-APR-2022,
OPTSTK,TITAN,30-Jun-2022,2450.0,CE,0.0,0.0,0.0,250.3,199.8,0,0.0,0,0,18-APR-2022,
OPTSTK,TITAN,30-Jun-2022,2500.0,CE,0.0,0.0,0.0,223.85,174.85,0,0.0,0,0,18-APR-2022,
OPTSTK,TITAN,30-Jun-2022,2550.0,CE,0.0,0.0,0.0,199.45,152.2,0,0.0,0,0,18-APR-2022,
OPTSTK,TITAN,30-Jun-2022,2600.0,CE,0.0,0.0,0.0,177.1,131.8,0,0.0,0,0,18-APR-2022,
OPTSTK,TITAN,30-Jun-2022,2650.0,CE,0.0,0.0,0.0,156.65,113.6,0,0.0,0,0,18-APR-2022,
OPTSTK,TITAN,30-Jun-2022,2700.0,CE,0.0,0.0,0.0,138.1,97.4,0,0.0,0,0,18-APR-2022,
OPTSTK,TITAN,30-Jun-2022,2750.0,CE,0.0,0.0,0.0,121.35,83.15,0,0.0,0,0,18-APR-2022,
OPTSTK,TITAN,30-Jun-2022,2800.0,CE,0.0,0.0,0.0,106.25,70.75,0,0.0,0,0,18-APR-2022,
OPTSTK,TITAN,30-Jun-2022,2850.0,CE,0.0,0.0,0.0,92.75,59.9,0,0.0,0,0,18-APR-2022,
OPTSTK,TITAN,30-Jun-2022,2900.0,CE,0.0,0.0,0.0,80.85,50.35,0,0.0,0,0,18-APR-2022,
OPTSTK,TITAN,30-Jun-2022,2950.0,CE,0.0,0.0,0.0,70.2,42.25,0,0.0,0,0,18-APR-2022,
OPTSTK,TITAN,30-Jun-2022,3000.0,CE,0.0,0.0,0.0,60.65,35.3,0,0.0,0,0,18-APR-2022,
OPTSTK,TITAN,30-Jun-2022,3050.0,CE,0.0,0.0,0.0,52.35,29.35,0,0.0,0,0,18-APR-2022,
OPTSTK,TITAN,30-Jun-2022,3100.0,CE,0.0,0.0,0.0,45.05,24.3,0,0.0,0,0,18-APR-2022,
OPTSTK,TITAN,30-Jun-2022,1650.0,PE,0.0,0.0,0.0,1.45,0.7,0,0.0,0,0,18-APR-2022,
OPTSTK,TITAN,30-Jun-2022,1700.0,PE,0.0,0.0,0.0,2.3,1.25,0,0.0,0,0,18-APR-2022,
OPTSTK,TITAN,30-Jun-2022,1750.0,PE,0.0,0.0,0.0,3.5,2.05,0,0.0,0,0,18-APR-2022,
OPTSTK,TITAN,30-Jun-2022,1800.0,PE,0.0,0.0,0.0,5.2,3.25,0,0.0,0,0,18-APR-2022,
OPTSTK,TITAN,30-Jun-2022,1850.0,PE,0.0,0.0,0.0,7.5,5.0,0,0.0,0,0,18-APR-2022,
OPTSTK,TITAN,30-Jun-2022,1900.0,PE,0.0,0.0,0.0,10.6,7.45,0,0.0,0,0,18-APR-2022,
OPTSTK,TITAN,30-Jun-2022,1950.0,PE,0.0,0.0,0.0,14.65,10.8,0,0.0,0,0,18-APR-2022,
OPTSTK,TITAN,30-Jun-2022,2000.0,PE,0.0,0.0,0.0,19.75,15.25,0,0.0,0,0,18-APR-2022,
OPTSTK,TITAN,30-Jun-2022,2050.0,PE,0.0,0.0,0.0,26.1,21.0,0,0.0,0,0,18-APR-2022,
OPTSTK,TITAN,30-Jun-2022,2100.0,PE,0.0,0.0,0.0,33.85,28.3,0,0.0,0,0,18-APR-2022,
OPTSTK,TITAN,30-Jun-2022,2150.0,PE,0.0,0.0,0.0,43.2,37.3,0,0.0,0,0,18-APR-2022,
OPTSTK,TITAN,30-Jun-2022,2200.0,PE,0.0,0.0,0.0,50.0,48.15,0,0.0,375,0,18-APR-2022,
OPTSTK,TITAN,30-Jun-2022,2250.0,PE,0.0,0.0,0.0,67.15,61.2,0,0.0,0,0,18-APR-2022,
OPTSTK,TITAN,30-Jun-2022,2300.0,PE,0.0,0.0,0.0,81.8,76.2,0,0.0,0,0,18-APR-2022,
OPTSTK,TITAN,30-Jun-2022,2350.0,PE,0.0,0.0,0.0,98.6,93.7,0,0.0,0,0,18-APR-2022,
OPTSTK,TITAN,30-Jun-2022,2400.0,PE,0.0,0.0,0.0,117.45,113.5,0,0.0,0,0,18-APR-2022,
OPTSTK,TITAN,30-Jun-2022,2450.0,PE,0.0,0.0,0.0,138.4,135.75,0,0.0,0,0,18-APR-2022,
OPTSTK,TITAN,30-Jun-2022,2500.0,PE,0.0,0.0,0.0,161.45,160.3,0,0.0,0,0,18-APR-2022,
OPTSTK,TITAN,30-Jun-2022,2550.0,PE,0.0,0.0,0.0,186.5,187.25,0,0.0,0,0,18-APR-2022,
OPTSTK,TITAN,30-Jun-2022,2600.0,PE,0.0,0.0,0.0,213.6,216.45,0,0.0,0,0,18-APR-2022,
OPTSTK,TITAN,30-Jun-2022,2650.0,PE,0.0,0.0,0.0,242.65,247.8,0,0.0,0,0,18-APR-2022,
OPTSTK,TITAN,30-Jun-2022,2700.0,PE,0.0,0.0,0.0,273.55,281.2,0,0.0,0,0,18-APR-2022,
OPTSTK,TITAN,30-Jun-2022,2750.0,PE,0.0,0.0,0.0,306.3,316.5,0,0.0,0,0,18-APR-2022,
OPTSTK,TITAN,30-Jun-2022,2800.0,PE,0.0,0.0,0.0,340.65,353.7,0,0.0,0,0,18-APR-2022,
OPTSTK,TITAN,30-Jun-2022,2850.0,PE,0.0,0.0,0.0,376.65,392.45,0,0.0,0,0,18-APR-2022,
OPTSTK,TITAN,30-Jun-2022,2900.0,PE,0.0,0.0,0.0,414.2,432.45,0,0.0,0,0,18-APR-2022,
OPTSTK,TITAN,30-Jun-2022,2950.0,PE,0.0,0.0,0.0,453.05,473.9,0,0.0,0,0,18-APR-2022,
OPTSTK,TITAN,30-Jun-2022,3000.0,PE,0.0,0.0,0.0,492.95,516.55,0,0.0,0,0,18-APR-2022,
OPTSTK,TITAN,30-Jun-2022,3050.0,PE,0.0,0.0,0.0,534.1,560.2,0,0.0,0,0,18-APR-2022,
OPTSTK,TITAN,30-Jun-2022,3100.0,PE,0.0,0.0,0.0,576.3,604.75,0,0.0,0,0,18-APR-2022,
OPTSTK,TORNTPHARM,28-Apr-2022,1900.0,CE,0.0,0.0,0.0,810.6,955.85,0,0.0,0,0,18-APR-2022,
OPTSTK,TORNTPHARM,28-Apr-2022,1950.0,CE,0.0,0.0,0.0,763.9,905.9,0,0.0,0,0,18-APR-2022,
OPTSTK,TORNTPHARM,28-Apr-2022,2000.0,CE,0.0,0.0,0.0,717.95,855.95,0,0.0,0,0,18-APR-2022,
OPTSTK,TORNTPHARM,28-Apr-2022,2050.0,CE,0.0,0.0,0.0,672.95,806.05,0,0.0,0,0,18-APR-2022,
OPTSTK,TORNTPHARM,28-Apr-2022,2100.0,CE,0.0,0.0,0.0,629.0,756.1,0,0.0,0,0,18-APR-2022,
OPTSTK,TORNTPHARM,28-Apr-2022,2150.0,CE,0.0,0.0,0.0,586.25,706.15,0,0.0,0,0,18-APR-2022,
OPTSTK,TORNTPHARM,28-Apr-2022,2200.0,CE,0.0,0.0,0.0,544.8,656.2,0,0.0,0,0,18-APR-2022,
OPTSTK,TORNTPHARM,28-Apr-2022,2250.0,CE,0.0,0.0,0.0,504.75,606.25,0,0.0,0,0,18-APR-2022,
OPTSTK,TORNTPHARM,28-Apr-2022,2300.0,CE,0.0,0.0,0.0,466.25,556.3,0,0.0,0,0,18-APR-2022,
OPTSTK,TORNTPHARM,28-Apr-2022,2350.0,CE,0.0,0.0,0.0,429.5,506.4,0,0.0,0,0,18-APR-2022,
OPTSTK,TORNTPHARM,28-Apr-2022,2400.0,CE,0.0,0.0,0.0,394.3,456.55,0,0.0,0,0,18-APR-2022,
OPTSTK,TORNTPHARM,28-Apr-2022,2450.0,CE,0.0,0.0,0.0,360.85,406.9,0,0.0,0,0,18-APR-2022,
OPTSTK,TORNTPHARM,28-Apr-2022,2500.0,CE,0.0,0.0,0.0,329.35,357.65,0,0.0,0,0,18-APR-2022,
OPTSTK,TORNTPHARM,28-Apr-2022,2550.0,CE,0.0,0.0,0.0,299.7,309.1,0,0.0,0,0,18-APR-2022,
OPTSTK,TORNTPHARM,28-Apr-2022,2600.0,CE,0.0,0.0,0.0,271.95,261.9,0,0.0,0,0,18-APR-2022,
OPTSTK,TORNTPHARM,28-Apr-2022,2650.0,CE,0.0,0.0,0.0,246.05,216.85,0,0.0,0,0,18-APR-2022,
OPTSTK,TORNTPHARM,28-Apr-2022,2700.0,CE,0.0,0.0,0.0,221.95,174.8,0,0.0,0,0,18-APR-2022,
OPTSTK,TORNTPHARM,28-Apr-2022,2750.0,CE,161.2,161.2,161.2,161.2,136.75,1,7.27,5500,250,18-APR-2022,
OPTSTK,TORNTPHARM,28-Apr-2022,2800.0,CE,110.85,132.0,101.15,120.55,120.55,53,387.1,20500,-1750,18-APR-2022,
OPTSTK,TORNTPHARM,28-Apr-2022,2850.0,CE,70.25,105.8,70.25,87.8,87.8,201,1477.59,15250,-3750,18-APR-2022,
OPTSTK,TORNTPHARM,28-Apr-2022,2900.0,CE,49.05,79.5,40.0,65.3,65.3,493,3656.21,36250,-10500,18-APR-2022,
OPTSTK,TORNTPHARM,28-Apr-2022,2950.0,CE,52.65,52.65,33.65,39.0,36.1,8,59.77,1250,750,18-APR-2022,
OPTSTK,TORNTPHARM,28-Apr-2022,3000.0,CE,29.45,41.65,23.7,32.45,32.45,137,1038.42,19000,2500,18-APR-2022,
OPTSTK,TORNTPHARM,28-Apr-2022,3050.0,CE,17.0,23.1,16.1,19.8,19.8,25,191.79,500,-500,18-APR-2022,
OPTSTK,TORNTPHARM,28-Apr-2022,3100.0,CE,13.8,14.95,10.95,14.6,14.6,8,62.26,10000,750,18-APR-2022,
OPTSTK,TORNTPHARM,28-Apr-2022,3150.0,CE,0.0,0.0,0.0,78.3,5.15,0,0.0,0,0,18-APR-2022,
OPTSTK,TORNTPHARM,28-Apr-2022,3200.0,CE,7.1,7.1,7.0,7.0,2.85,2,16.03,1750,250,18-APR-2022,
OPTSTK,TORNTPHARM,28-Apr-2022,3250.0,CE,0.0,0.0,0.0,60.45,1.55,0,0.0,0,0,18-APR-2022,
OPTSTK,TORNTPHARM,28-Apr-2022,3300.0,CE,0.0,0.0,0.0,53.0,0.8,0,0.0,0,0,18-APR-2022,
OPTSTK,TORNTPHARM,28-Apr-2022,3350.0,CE,0.0,0.0,0.0,46.35,0.4,0,0.0,0,0,18-APR-2022,
OPTSTK,TORNTPHARM,28-Apr-2022,3400.0,CE,0.0,0.0,0.0,40.45,0.2,0,0.0,0,0,18-APR-2022,
OPTSTK,TORNTPHARM,28-Apr-2022,3450.0,CE,0.0,0.0,0.0,35.25,0.1,0,0.0,0,0,18-APR-2022,
OPTSTK,TORNTPHARM,28-Apr-2022,3500.0,CE,0.0,0.0,0.0,30.65,0.05,0,0.0,0,0,18-APR-2022,
OPTSTK,TORNTPHARM,28-Apr-2022,3550.0,CE,0.0,0.0,0.0,26.65,0.05,0,0.0,0,0,18-APR-2022,
OPTSTK,TORNTPHARM,28-Apr-2022,3600.0,CE,0.0,0.0,0.0,23.1,0.05,0,0.0,0,0,18-APR-2022,
OPTSTK,TORNTPHARM,28-Apr-2022,3650.0,CE,0.0,0.0,0.0,20.0,0.0,0,0.0,0,0,18-APR-2022,
OPTSTK,TORNTPHARM,28-Apr-2022,3700.0,CE,0.0,0.0,0.0,17.25,0.0,0,0.0,0,0,18-APR-2022,
OPTSTK,TORNTPHARM,28-Apr-2022,3750.0,CE,0.0,0.0,0.0,14.9,0.0,0,0.0,0,0,18-APR-2022,
OPTSTK,TORNTPHARM,28-Apr-2022,3800.0,CE,0.0,0.0,0.0,12.85,0.0,0,0.0,0,0,18-APR-2022,
OPTSTK,TORNTPHARM,28-Apr-2022,3850.0,CE,0.0,0.0,0.0,11.05,0.0,0,0.0,0,0,18-APR-2022,
OPTSTK,TORNTPHARM,28-Apr-2022,3900.0,CE,0.0,0.0,0.0,9.5,0.0,0,0.0,0,0,18-APR-2022,
OPTSTK,TORNTPHARM,28-Apr-2022,3950.0,CE,0.0,0.0,0.0,8.15,0.0,0,0.0,0,0,18-APR-2022,
OPTSTK,TORNTPHARM,28-Apr-2022,1900.0,PE,0.0,0.0,0.0,7.3,0.0,0,0.0,0,0,18-APR-2022,
OPTSTK,TORNTPHARM,28-Apr-2022,1950.0,PE,0.0,0.0,0.0,10.05,0.0,0,0.0,0,0,18-APR-2022,
OPTSTK,TORNTPHARM,28-Apr-2022,2000.0,PE,0.0,0.0,0.0,13.65,0.0,0,0.0,0,0,18-APR-2022,
OPTSTK,TORNTPHARM,28-Apr-2022,2050.0,PE,0.0,0.0,0.0,18.1,0.0,0,0.0,0,0,18-APR-2022,
OPTSTK,TORNTPHARM,28-Apr-2022,2100.0,PE,0.0,0.0,0.0,23.65,0.0,0,0.0,0,0,18-APR-2022,
OPTSTK,TORNTPHARM,28-Apr-2022,2150.0,PE,0.0,0.0,0.0,30.35,0.0,0,0.0,0,0,18-APR-2022,
OPTSTK,TORNTPHARM,28-Apr-2022,2200.0,PE,0.0,0.0,0.0,38.35,0.0,0,0.0,0,0,18-APR-2022,
OPTSTK,TORNTPHARM,28-Apr-2022,2250.0,PE,0.0,0.0,0.0,47.8,0.0,0,0.0,0,0,18-APR-2022,
OPTSTK,TORNTPHARM,28-Apr-2022,2300.0,PE,0.0,0.0,0.0,58.8,0.05,0,0.0,0,0,18-APR-2022,
OPTSTK,TORNTPHARM,28-Apr-2022,2350.0,PE,0.0,0.0,0.0,71.5,0.05,0,0.0,0,0,18-APR-2022,
OPTSTK,TORNTPHARM,28-Apr-2022,2400.0,PE,0.0,0.0,0.0,11.8,0.15,0,0.0,500,0,18-APR-2022,
OPTSTK,TORNTPHARM,28-Apr-2022,2450.0,PE,0.0,0.0,0.0,101.85,0.45,0,0.0,0,0,18-APR-2022,
OPTSTK,TORNTPHARM,28-Apr-2022,2500.0,PE,0.0,0.0,0.0,6.0,1.1,0,0.0,250,0,18-APR-2022,
OPTSTK,TORNTPHARM,28-Apr-2022,2550.0,PE,0.0,0.0,0.0,139.65,2.55,0,0.0,0,0,18-APR-2022,
OPTSTK,TORNTPHARM,28-Apr-2022,2600.0,PE,10.0,11.05,8.15,11.0,5.3,9,58.71,4500,-1250,18-APR-2022,
OPTSTK,TORNTPHARM,28-Apr-2022,2650.0,PE,0.0,0.0,0.0,184.95,10.15,0,0.0,0,0,18-APR-2022,
OPTSTK,TORNTPHARM,28-Apr-2022,2700.0,PE,20.0,20.0,20.0,20.0,18.05,1,6.8,2750,-250,18-APR-2022,
OPTSTK,TORNTPHARM,28-Apr-2022,2750.0,PE,50.0,50.0,50.0,50.0,50.0,1,7.0,2250,250,18-APR-2022,
OPTSTK,TORNTPHARM,28-Apr-2022,2800.0,PE,53.8,62.75,48.1,54.55,54.55,22,157.04,4750,500,18-APR-2022,
OPTSTK,TORNTPHARM,28-Apr-2022,2850.0,PE,0.0,0.0,0.0,297.1,68.8,0,0.0,0,0,18-APR-2022,
OPTSTK,TORNTPHARM,28-Apr-2022,2900.0,PE,0.0,0.0,0.0,329.35,96.35,0,0.0,0,0,18-APR-2022,
OPTSTK,TORNTPHARM,28-Apr-2022,2950.0,PE,0.0,0.0,0.0,363.15,129.1,0,0.0,0,0,18-APR-2022,
OPTSTK,TORNTPHARM,28-Apr-2022,3000.0,PE,0.0,0.0,0.0,398.35,166.5,0,0.0,0,0,18-APR-2022,
OPTSTK,TORNTPHARM,28-Apr-2022,3050.0,PE,0.0,0.0,0.0,435.05,207.65,0,0.0,0,0,18-APR-2022,
OPTSTK,TORNTPHARM,28-Apr-2022,3100.0,PE,0.0,0.0,0.0,472.95,251.7,0,0.0,0,0,18-APR-2022,
OPTSTK,TORNTPHARM,28-Apr-2022,3150.0,PE,0.0,0.0,0.0,512.0,297.9,0,0.0,0,0,18-APR-2022,
OPTSTK,TORNTPHARM,28-Apr-2022,3200.0,PE,0.0,0.0,0.0,552.0,345.55,0,0.0,0,0,18-APR-2022,
OPTSTK,TORNTPHARM,28-Apr-2022,3250.0,PE,0.0,0.0,0.0,593.1,394.2,0,0.0,0,0,18-APR-2022,
OPTSTK,TORNTPHARM,28-Apr-2022,3300.0,PE,0.0,0.0,0.0,635.1,443.4,0,0.0,0,0,18-APR-2022,
OPTSTK,TORNTPHARM,28-Apr-2022,3350.0,PE,0.0,0.0,0.0,677.95,492.95,0,0.0,0,0,18-APR-2022,
OPTSTK,TORNTPHARM,28-Apr-2022,3400.0,PE,0.0,0.0,0.0,721.55,542.7,0,0.0,0,0,18-APR-2022,
OPTSTK,TORNTPHARM,28-Apr-2022,3450.0,PE,0.0,0.0,0.0,765.8,592.5,0,0.0,0,0,18-APR-2022,
OPTSTK,TORNTPHARM,28-Apr-2022,3500.0,PE,0.0,0.0,0.0,810.7,642.4,0,0.0,0,0,18-APR-2022,
OPTSTK,TORNTPHARM,28-Apr-2022,3550.0,PE,0.0,0.0,0.0,856.15,692.35,0,0.0,0,0,18-APR-2022,
OPTSTK,TORNTPHARM,28-Apr-2022,3600.0,PE,0.0,0.0,0.0,902.1,742.3,0,0.0,0,0,18-APR-2022,
OPTSTK,TORNTPHARM,28-Apr-2022,3650.0,PE,0.0,0.0,0.0,948.45,792.2,0,0.0,0,0,18-APR-2022,
OPTSTK,TORNTPHARM,28-Apr-2022,3700.0,PE,0.0,0.0,0.0,995.2,842.15,0,0.0,0,0,18-APR-2022,
OPTSTK,TORNTPHARM,28-Apr-2022,3750.0,PE,0.0,0.0,0.0,1042.35,892.1,0,0.0,0,0,18-APR-2022,
OPTSTK,TORNTPHARM,28-Apr-2022,3800.0,PE,0.0,0.0,0.0,1089.75,942.05,0,0.0,0,0,18-APR-2022,
OPTSTK,TORNTPHARM,28-Apr-2022,3850.0,PE,0.0,0.0,0.0,1137.45,992.0,0,0.0,0,0,18-APR-2022,
OPTSTK,TORNTPHARM,28-Apr-2022,3900.0,PE,0.0,0.0,0.0,1185.35,1041.95,0,0.0,0,0,18-APR-2022,
OPTSTK,TORNTPHARM,28-Apr-2022,3950.0,PE,0.0,0.0,0.0,1233.5,1091.85,0,0.0,0,0,18-APR-2022,
OPTSTK,TORNTPHARM,26-May-2022,1900.0,CE,0.0,0.0,0.0,795.7,962.15,0,0.0,0,0,18-APR-2022,
OPTSTK,TORNTPHARM,26-May-2022,1950.0,CE,0.0,0.0,0.0,748.9,912.4,0,0.0,0,0,18-APR-2022,
OPTSTK,TORNTPHARM,26-May-2022,2000.0,CE,0.0,0.0,0.0,702.9,862.7,0,0.0,0,0,18-APR-2022,
OPTSTK,TORNTPHARM,26-May-2022,2050.0,CE,0.0,0.0,0.0,657.85,813.1,0,0.0,0,0,18-APR-2022,
OPTSTK,TORNTPHARM,26-May-2022,2100.0,CE,0.0,0.0,0.0,613.8,763.55,0,0.0,0,0,18-APR-2022,
OPTSTK,TORNTPHARM,26-May-2022,2150.0,CE,0.0,0.0,0.0,571.0,714.25,0,0.0,0,0,18-APR-2022,
OPTSTK,TORNTPHARM,26-May-2022,2200.0,CE,0.0,0.0,0.0,529.5,665.25,0,0.0,0,0,18-APR-2022,
OPTSTK,TORNTPHARM,26-May-2022,2250.0,CE,0.0,0.0,0.0,489.5,616.65,0,0.0,0,0,18-APR-2022,
OPTSTK,TORNTPHARM,26-May-2022,2300.0,CE,0.0,0.0,0.0,451.05,568.65,0,0.0,0,0,18-APR-2022,
OPTSTK,TORNTPHARM,26-May-2022,2350.0,CE,0.0,0.0,0.0,414.35,521.45,0,0.0,0,0,18-APR-2022,
OPTSTK,TORNTPHARM,26-May-2022,2400.0,CE,0.0,0.0,0.0,379.35,475.3,0,0.0,0,0,18-APR-2022,
OPTSTK,TORNTPHARM,26-May-2022,2450.0,CE,0.0,0.0,0.0,346.1,430.45,0,0.0,0,0,18-APR-2022,
OPTSTK,TORNTPHARM,26-May-2022,2500.0,CE,0.0,0.0,0.0,314.85,387.2,0,0.0,0,0,18-APR-2022,
OPTSTK,TORNTPHARM,26-May-2022,2550.0,CE,0.0,0.0,0.0,285.55,345.75,0,0.0,0,0,18-APR-2022,
OPTSTK,TORNTPHARM,26-May-2022,2600.0,CE,0.0,0.0,0.0,258.1,306.45,0,0.0,0,0,18-APR-2022,
OPTSTK,TORNTPHARM,26-May-2022,2650.0,CE,0.0,0.0,0.0,232.6,269.6,0,0.0,0,0,18-APR-2022,
OPTSTK,TORNTPHARM,26-May-2022,2700.0,CE,0.0,0.0,0.0,209.0,235.15,0,0.0,0,0,18-APR-2022,
OPTSTK,TORNTPHARM,26-May-2022,2750.0,CE,0.0,0.0,0.0,187.2,203.5,0,0.0,0,0,18-APR-2022,
OPTSTK,TORNTPHARM,26-May-2022,2800.0,CE,0.0,0.0,0.0,167.2,174.65,0,0.0,0,0,18-APR-2022,
OPTSTK,TORNTPHARM,26-May-2022,2850.0,CE,0.0,0.0,0.0,148.95,148.65,0,0.0,0,0,18-APR-2022,
OPTSTK,TORNTPHARM,26-May-2022,2900.0,CE,0.0,0.0,0.0,132.25,125.45,0,0.0,0,0,18-APR-2022,
OPTSTK,TORNTPHARM,26-May-2022,2950.0,CE,0.0,0.0,0.0,117.15,105.0,0,0.0,0,0,18-APR-2022,
OPTSTK,TORNTPHARM,26-May-2022,3000.0,CE,0.0,0.0,0.0,103.5,87.15,0,0.0,0,0,18-APR-2022,
OPTSTK,TORNTPHARM,26-May-2022,3050.0,CE,0.0,0.0,0.0,91.35,71.75,0,0.0,0,0,18-APR-2022,
OPTSTK,TORNTPHARM,26-May-2022,3100.0,CE,0.0,0.0,0.0,80.35,58.7,0,0.0,0,0,18-APR-2022,
OPTSTK,TORNTPHARM,26-May-2022,3150.0,CE,0.0,0.0,0.0,70.4,47.5,0,0.0,0,0,18-APR-2022,
OPTSTK,TORNTPHARM,26-May-2022,3200.0,CE,0.0,0.0,0.0,61.6,38.2,0,0.0,0,0,18-APR-2022,
OPTSTK,TORNTPHARM,26-May-2022,3250.0,CE,0.0,0.0,0.0,53.75,30.45,0,0.0,0,0,18-APR-2022,
OPTSTK,TORNTPHARM,26-May-2022,3300.0,CE,0.0,0.0,0.0,46.85,24.1,0,0.0,0,0,18-APR-2022,
OPTSTK,TORNTPHARM,26-May-2022,3350.0,CE,0.0,0.0,0.0,40.7,18.95,0,0.0,0,0,18-APR-2022,
OPTSTK,TORNTPHARM,26-May-2022,3400.0,CE,0.0,0.0,0.0,35.3,14.8,0,0.0,0,0,18-APR-2022,
OPTSTK,TORNTPHARM,26-May-2022,3450.0,CE,0.0,0.0,0.0,30.55,11.45,0,0.0,0,0,18-APR-2022,
OPTSTK,TORNTPHARM,26-May-2022,3500.0,CE,0.0,0.0,0.0,26.4,8.8,0,0.0,0,0,18-APR-2022,
OPTSTK,TORNTPHARM,26-May-2022,3550.0,CE,0.0,0.0,0.0,22.8,6.75,0,0.0,0,0,18-APR-2022,
OPTSTK,TORNTPHARM,26-May-2022,3600.0,CE,0.0,0.0,0.0,19.6,5.1,0,0.0,0,0,18-APR-2022,
OPTSTK,TORNTPHARM,26-May-2022,3650.0,CE,0.0,0.0,0.0,16.85,3.85,0,0.0,0,0,18-APR-2022,
OPTSTK,TORNTPHARM,26-May-2022,3700.0,CE,0.0,0.0,0.0,14.45,2.9,0,0.0,0,0,18-APR-2022,
OPTSTK,TORNTPHARM,26-May-2022,3750.0,CE,0.0,0.0,0.0,12.4,2.15,0,0.0,0,0,18-APR-2022,
OPTSTK,TORNTPHARM,26-May-2022,3800.0,CE,0.0,0.0,0.0,10.6,1.6,0,0.0,0,0,18-APR-2022,
OPTSTK,TORNTPHARM,26-May-2022,3850.0,CE,0.0,0.0,0.0,9.05,1.2,0,0.0,0,0,18-APR-2022,
OPTSTK,TORNTPHARM,26-May-2022,3900.0,CE,0.0,0.0,0.0,7.7,0.85,0,0.0,0,0,18-APR-2022,
OPTSTK,TORNTPHARM,26-May-2022,3950.0,CE,0.0,0.0,0.0,6.55,0.65,0,0.0,0,0,18-APR-2022,
OPTSTK,TORNTPHARM,26-May-2022,1900.0,PE,0.0,0.0,0.0,6.8,0.05,0,0.0,0,0,18-APR-2022,
OPTSTK,TORNTPHARM,26-May-2022,1950.0,PE,0.0,0.0,0.0,9.5,0.1,0,0.0,0,0,18-APR-2022,
OPTSTK,TORNTPHARM,26-May-2022,2000.0,PE,0.0,0.0,0.0,13.0,0.15,0,0.0,0,0,18-APR-2022,
OPTSTK,TORNTPHARM,26-May-2022,2050.0,PE,0.0,0.0,0.0,17.4,0.35,0,0.0,0,0,18-APR-2022,
OPTSTK,TORNTPHARM,26-May-2022,2100.0,PE,0.0,0.0,0.0,22.85,0.6,0,0.0,0,0,18-APR-2022,
OPTSTK,TORNTPHARM,26-May-2022,2150.0,PE,0.0,0.0,0.0,29.5,1.05,0,0.0,0,0,18-APR-2022,
OPTSTK,TORNTPHARM,26-May-2022,2200.0,PE,0.0,0.0,0.0,37.5,1.8,0,0.0,0,0,18-APR-2022,
OPTSTK,TORNTPHARM,26-May-2022,2250.0,PE,0.0,0.0,0.0,46.95,3.0,0,0.0,0,0,18-APR-2022,
OPTSTK,TORNTPHARM,26-May-2022,2300.0,PE,0.0,0.0,0.0,58.0,4.8,0,0.0,0,0,18-APR-2022,
OPTSTK,TORNTPHARM,26-May-2022,2350.0,PE,0.0,0.0,0.0,70.75,7.4,0,0.0,0,0,18-APR-2022,
OPTSTK,TORNTPHARM,26-May-2022,2400.0,PE,0.0,0.0,0.0,85.25,11.0,0,0.0,0,0,18-APR-2022,
OPTSTK,TORNTPHARM,26-May-2022,2450.0,PE,0.0,0.0,0.0,101.45,15.95,0,0.0,0,0,18-APR-2022,
OPTSTK,TORNTPHARM,26-May-2022,2500.0,PE,0.0,0.0,0.0,119.7,22.45,0,0.0,0,0,18-APR-2022,
OPTSTK,TORNTPHARM,26-May-2022,2550.0,PE,0.0,0.0,0.0,139.85,30.8,0,0.0,0,0,18-APR-2022,
OPTSTK,TORNTPHARM,26-May-2022,2600.0,PE,0.0,0.0,0.0,80.0,41.3,0,0.0,250,0,18-APR-2022,
OPTSTK,TORNTPHARM,26-May-2022,2650.0,PE,0.0,0.0,0.0,185.9,54.2,0,0.0,0,0,18-APR-2022,
OPTSTK,TORNTPHARM,26-May-2022,2700.0,PE,0.0,0.0,0.0,130.0,69.5,0,0.0,500,0,18-APR-2022,
OPTSTK,TORNTPHARM,26-May-2022,2750.0,PE,0.0,0.0,0.0,239.45,87.65,0,0.0,0,0,18-APR-2022,
OPTSTK,TORNTPHARM,26-May-2022,2800.0,PE,0.0,0.0,0.0,268.9,108.6,0,0.0,0,0,18-APR-2022,
OPTSTK,TORNTPHARM,26-May-2022,2850.0,PE,0.0,0.0,0.0,300.1,132.35,0,0.0,0,0,18-APR-2022,
OPTSTK,TORNTPHARM,26-May-2022,2900.0,PE,0.0,0.0,0.0,332.9,158.95,0,0.0,0,0,18-APR-2022,
OPTSTK,TORNTPHARM,26-May-2022,2950.0,PE,0.0,0.0,0.0,367.3,188.3,0,0.0,0,0,18-APR-2022,
OPTSTK,TORNTPHARM,26-May-2022,3000.0,PE,0.0,0.0,0.0,403.1,220.2,0,0.0,0,0,18-APR-2022,
OPTSTK,TORNTPHARM,26-May-2022,3050.0,PE,0.0,0.0,0.0,440.4,254.6,0,0.0,0,0,18-APR-2022,
OPTSTK,TORNTPHARM,26-May-2022,3100.0,PE,0.0,0.0,0.0,478.9,291.35,0,0.0,0,0,18-APR-2022,
OPTSTK,TORNTPHARM,26-May-2022,3150.0,PE,0.0,0.0,0.0,518.4,329.9,0,0.0,0,0,18-APR-2022,
OPTSTK,TORNTPHARM,26-May-2022,3200.0,PE,0.0,0.0,0.0,559.1,370.35,0,0.0,0,0,18-APR-2022,
OPTSTK,TORNTPHARM,26-May-2022,3250.0,PE,0.0,0.0,0.0,600.75,412.4,0,0.0,0,0,18-APR-2022,
OPTSTK,TORNTPHARM,26-May-2022,3300.0,PE,0.0,0.0,0.0,643.3,455.85,0,0.0,0,0,18-APR-2022,
OPTSTK,TORNTPHARM,26-May-2022,3350.0,PE,0.0,0.0,0.0,686.65,500.45,0,0.0,0,0,18-APR-2022,
OPTSTK,TORNTPHARM,26-May-2022,3400.0,PE,0.0,0.0,0.0,730.7,546.05,0,0.0,0,0,18-APR-2022,
OPTSTK,TORNTPHARM,26-May-2022,3450.0,PE,0.0,0.0,0.0,775.45,592.5,0,0.0,0,0,18-APR-2022,
OPTSTK,TORNTPHARM,26-May-2022,3500.0,PE,0.0,0.0,0.0,820.8,639.65,0,0.0,0,0,18-APR-2022,
OPTSTK,TORNTPHARM,26-May-2022,3550.0,PE,0.0,0.0,0.0,866.6,687.35,0,0.0,0,0,18-APR-2022,
OPTSTK,TORNTPHARM,26-May-2022,3600.0,PE,0.0,0.0,0.0,912.95,735.5,0,0.0,0,0,18-APR-2022,
OPTSTK,TORNTPHARM,26-May-2022,3650.0,PE,0.0,0.0,0.0,959.65,784.05,0,0.0,0,0,18-APR-2022,
OPTSTK,TORNTPHARM,26-May-2022,3700.0,PE,0.0,0.0,0.0,1006.75,832.85,0,0.0,0,0,18-APR-2022,
OPTSTK,TORNTPHARM,26-May-2022,3750.0,PE,0.0,0.0,0.0,1054.15,881.9,0,0.0,0,0,18-APR-2022,
OPTSTK,TORNTPHARM,26-May-2022,3800.0,PE,0.0,0.0,0.0,1101.8,931.15,0,0.0,0,0,18-APR-2022,
OPTSTK,TORNTPHARM,26-May-2022,3850.0,PE,0.0,0.0,0.0,1149.75,980.5,0,0.0,0,0,18-APR-2022,
OPTSTK,TORNTPHARM,26-May-2022,3900.0,PE,0.0,0.0,0.0,1197.9,1029.95,0,0.0,0,0,18-APR-2022,
OPTSTK,TORNTPHARM,26-May-2022,3950.0,PE,0.0,0.0,0.0,1246.25,1079.5,0,0.0,0,0,18-APR-2022,
OPTSTK,TORNTPHARM,30-Jun-2022,1900.0,CE,0.0,0.0,0.0,915.45,970.8,0,0.0,0,0,18-APR-2022,
OPTSTK,TORNTPHARM,30-Jun-2022,1950.0,CE,0.0,0.0,0.0,867.55,921.85,0,0.0,0,0,18-APR-2022,
OPTSTK,TORNTPHARM,30-Jun-2022,2000.0,CE,0.0,0.0,0.0,820.1,873.15,0,0.0,0,0,18-APR-2022,
OPTSTK,TORNTPHARM,30-Jun-2022,2050.0,CE,0.0,0.0,0.0,773.35,824.8,0,0.0,0,0,18-APR-2022,
OPTSTK,TORNTPHARM,30-Jun-2022,2100.0,CE,0.0,0.0,0.0,727.3,776.9,0,0.0,0,0,18-APR-2022,
OPTSTK,TORNTPHARM,30-Jun-2022,2150.0,CE,0.0,0.0,0.0,682.2,729.65,0,0.0,0,0,18-APR-2022,
OPTSTK,TORNTPHARM,30-Jun-2022,2200.0,CE,0.0,0.0,0.0,638.05,683.1,0,0.0,0,0,18-APR-2022,
OPTSTK,TORNTPHARM,30-Jun-2022,2250.0,CE,0.0,0.0,0.0,595.1,637.45,0,0.0,0,0,18-APR-2022,
OPTSTK,TORNTPHARM,30-Jun-2022,2300.0,CE,0.0,0.0,0.0,553.4,592.8,0,0.0,0,0,18-APR-2022,
OPTSTK,TORNTPHARM,30-Jun-2022,2350.0,CE,0.0,0.0,0.0,513.05,549.35,0,0.0,0,0,18-APR-2022,
OPTSTK,TORNTPHARM,30-Jun-2022,2400.0,CE,0.0,0.0,0.0,474.25,507.25,0,0.0,0,0,18-APR-2022,
OPTSTK,TORNTPHARM,30-Jun-2022,2450.0,CE,0.0,0.0,0.0,437.15,466.65,0,0.0,0,0,18-APR-2022,
OPTSTK,TORNTPHARM,30-Jun-2022,2500.0,CE,0.0,0.0,0.0,401.6,427.65,0,0.0,0,0,18-APR-2022,
OPTSTK,TORNTPHARM,30-Jun-2022,2550.0,CE,0.0,0.0,0.0,367.75,390.5,0,0.0,0,0,18-APR-2022,
OPTSTK,TORNTPHARM,30-Jun-2022,2600.0,CE,0.0,0.0,0.0,335.85,355.1,0,0.0,0,0,18-APR-2022,
OPTSTK,TORNTPHARM,30-Jun-2022,2650.0,CE,0.0,0.0,0.0,305.8,321.55,0,0.0,0,0,18-APR-2022,
OPTSTK,TORNTPHARM,30-Jun-2022,2700.0,CE,0.0,0.0,0.0,277.6,290.15,0,0.0,0,0,18-APR-2022,
OPTSTK,TORNTPHARM,30-Jun-2022,2750.0,CE,0.0,0.0,0.0,251.25,260.8,0,0.0,0,0,18-APR-2022,
OPTSTK,TORNTPHARM,30-Jun-2022,2800.0,CE,0.0,0.0,0.0,226.7,233.5,0,0.0,0,0,18-APR-2022,
OPTSTK,TORNTPHARM,30-Jun-2022,2850.0,CE,0.0,0.0,0.0,204.0,208.25,0,0.0,0,0,18-APR-2022,
OPTSTK,TORNTPHARM,30-Jun-2022,2900.0,CE,0.0,0.0,0.0,183.1,185.05,0,0.0,0,0,18-APR-2022,
OPTSTK,TORNTPHARM,30-Jun-2022,2950.0,CE,0.0,0.0,0.0,163.85,163.8,0,0.0,0,0,18-APR-2022,
OPTSTK,TORNTPHARM,30-Jun-2022,3000.0,CE,0.0,0.0,0.0,146.2,144.45,0,0.0,0,0,18-APR-2022,
OPTSTK,TORNTPHARM,30-Jun-2022,3050.0,CE,0.0,0.0,0.0,130.15,126.9,0,0.0,0,0,18-APR-2022,
OPTSTK,TORNTPHARM,30-Jun-2022,3100.0,CE,0.0,0.0,0.0,115.55,111.1,0,0.0,0,0,18-APR-2022,
OPTSTK,TORNTPHARM,30-Jun-2022,3150.0,CE,0.0,0.0,0.0,102.35,96.95,0,0.0,0,0,18-APR-2022,
OPTSTK,TORNTPHARM,30-Jun-2022,3200.0,CE,0.0,0.0,0.0,90.55,84.45,0,0.0,0,0,18-APR-2022,
OPTSTK,TORNTPHARM,30-Jun-2022,3250.0,CE,0.0,0.0,0.0,79.9,73.25,0,0.0,0,0,18-APR-2022,
OPTSTK,TORNTPHARM,30-Jun-2022,3300.0,CE,0.0,0.0,0.0,70.2,63.2,0,0.0,0,0,18-APR-2022,
OPTSTK,TORNTPHARM,30-Jun-2022,3350.0,CE,0.0,0.0,0.0,61.6,54.45,0,0.0,0,0,18-APR-2022,
OPTSTK,TORNTPHARM,30-Jun-2022,3400.0,CE,0.0,0.0,0.0,53.95,46.75,0,0.0,0,0,18-APR-2022,
OPTSTK,TORNTPHARM,30-Jun-2022,3450.0,CE,0.0,0.0,0.0,47.15,40.0,0,0.0,0,0,18-APR-2022,
OPTSTK,TORNTPHARM,30-Jun-2022,3500.0,CE,0.0,0.0,0.0,41.1,34.15,0,0.0,0,0,18-APR-2022,
OPTSTK,TORNTPHARM,30-Jun-2022,3550.0,CE,0.0,0.0,0.0,35.8,29.1,0,0.0,0,0,18-APR-2022,
OPTSTK,TORNTPHARM,30-Jun-2022,3600.0,CE,0.0,0.0,0.0,31.1,24.7,0,0.0,0,0,18-APR-2022,
OPTSTK,TORNTPHARM,30-Jun-2022,3650.0,CE,0.0,0.0,0.0,26.95,20.9,0,0.0,0,0,18-APR-2022,
OPTSTK,TORNTPHARM,30-Jun-2022,3700.0,CE,0.0,0.0,0.0,23.35,17.65,0,0.0,0,0,18-APR-2022,
OPTSTK,TORNTPHARM,30-Jun-2022,3750.0,CE,0.0,0.0,0.0,20.15,14.85,0,0.0,0,0,18-APR-2022,
OPTSTK,TORNTPHARM,30-Jun-2022,3800.0,CE,0.0,0.0,0.0,17.4,12.5,0,0.0,0,0,18-APR-2022,
OPTSTK,TORNTPHARM,30-Jun-2022,3850.0,CE,0.0,0.0,0.0,15.0,10.45,0,0.0,0,0,18-APR-2022,
OPTSTK,TORNTPHARM,30-Jun-2022,3900.0,CE,0.0,0.0,0.0,12.9,8.75,0,0.0,0,0,18-APR-2022,
OPTSTK,TORNTPHARM,30-Jun-2022,3950.0,CE,0.0,0.0,0.0,11.05,7.3,0,0.0,0,0,18-APR-2022,
OPTSTK,TORNTPHARM,30-Jun-2022,1900.0,PE,0.0,0.0,0.0,3.5,1.05,0,0.0,0,0,18-APR-2022,
OPTSTK,TORNTPHARM,30-Jun-2022,1950.0,PE,0.0,0.0,0.0,5.05,1.65,0,0.0,0,0,18-APR-2022,
OPTSTK,TORNTPHARM,30-Jun-2022,2000.0,PE,0.0,0.0,0.0,7.15,2.5,0,0.0,0,0,18-APR-2022,
OPTSTK,TORNTPHARM,30-Jun-2022,2050.0,PE,0.0,0.0,0.0,9.85,3.75,0,0.0,0,0,18-APR-2022,
OPTSTK,TORNTPHARM,30-Jun-2022,2100.0,PE,0.0,0.0,0.0,13.3,5.45,0,0.0,0,0,18-APR-2022,
OPTSTK,TORNTPHARM,30-Jun-2022,2150.0,PE,0.0,0.0,0.0,17.65,7.75,0,0.0,0,0,18-APR-2022,
OPTSTK,TORNTPHARM,30-Jun-2022,2200.0,PE,0.0,0.0,0.0,23.0,10.8,0,0.0,0,0,18-APR-2022,
OPTSTK,TORNTPHARM,30-Jun-2022,2250.0,PE,0.0,0.0,0.0,29.45,14.7,0,0.0,0,0,18-APR-2022,
OPTSTK,TORNTPHARM,30-Jun-2022,2300.0,PE,0.0,0.0,0.0,37.25,19.65,0,0.0,0,0,18-APR-2022,
OPTSTK,TORNTPHARM,30-Jun-2022,2350.0,PE,0.0,0.0,0.0,46.4,25.75,0,0.0,0,0,18-APR-2022,
OPTSTK,TORNTPHARM,30-Jun-2022,2400.0,PE,0.0,0.0,0.0,57.1,33.25,0,0.0,0,0,18-APR-2022,
OPTSTK,TORNTPHARM,30-Jun-2022,2450.0,PE,0.0,0.0,0.0,69.45,42.2,0,0.0,0,0,18-APR-2022,
OPTSTK,TORNTPHARM,30-Jun-2022,2500.0,PE,0.0,0.0,0.0,83.4,52.8,0,0.0,0,0,18-APR-2022,
OPTSTK,TORNTPHARM,30-Jun-2022,2550.0,PE,0.0,0.0,0.0,99.0,65.2,0,0.0,0,0,18-APR-2022,
OPTSTK,TORNTPHARM,30-Jun-2022,2600.0,PE,0.0,0.0,0.0,116.55,79.4,0,0.0,0,0,18-APR-2022,
OPTSTK,TORNTPHARM,30-Jun-2022,2650.0,PE,0.0,0.0,0.0,135.95,95.45,0,0.0,0,0,18-APR-2022,
OPTSTK,TORNTPHARM,30-Jun-2022,2700.0,PE,0.0,0.0,0.0,157.25,113.6,0,0.0,0,0,18-APR-2022,
OPTSTK,TORNTPHARM,30-Jun-2022,2750.0,PE,0.0,0.0,0.0,180.35,133.85,0,0.0,0,0,18-APR-2022,
OPTSTK,TORNTPHARM,30-Jun-2022,2800.0,PE,0.0,0.0,0.0,205.35,156.1,0,0.0,0,0,18-APR-2022,
OPTSTK,TORNTPHARM,30-Jun-2022,2850.0,PE,0.0,0.0,0.0,232.1,180.45,0,0.0,0,0,18-APR-2022,
OPTSTK,TORNTPHARM,30-Jun-2022,2900.0,PE,0.0,0.0,0.0,260.65,206.8,0,0.0,0,0,18-APR-2022,
OPTSTK,TORNTPHARM,30-Jun-2022,2950.0,PE,0.0,0.0,0.0,290.85,235.1,0,0.0,0,0,18-APR-2022,
OPTSTK,TORNTPHARM,30-Jun-2022,3000.0,PE,0.0,0.0,0.0,322.7,265.35,0,0.0,0,0,18-APR-2022,
OPTSTK,TORNTPHARM,30-Jun-2022,3050.0,PE,0.0,0.0,0.0,356.15,297.4,0,0.0,0,0,18-APR-2022,
OPTSTK,TORNTPHARM,30-Jun-2022,3100.0,PE,0.0,0.0,0.0,391.0,331.2,0,0.0,0,0,18-APR-2022,
OPTSTK,TORNTPHARM,30-Jun-2022,3150.0,PE,0.0,0.0,0.0,427.25,366.6,0,0.0,0,0,18-APR-2022,
OPTSTK,TORNTPHARM,30-Jun-2022,3200.0,PE,0.0,0.0,0.0,464.95,403.65,0,0.0,0,0,18-APR-2022,
OPTSTK,TORNTPHARM,30-Jun-2022,3250.0,PE,0.0,0.0,0.0,503.75,442.05,0,0.0,0,0,18-APR-2022,
OPTSTK,TORNTPHARM,30-Jun-2022,3300.0,PE,0.0,0.0,0.0,543.55,481.55,0,0.0,0,0,18-APR-2022,
OPTSTK,TORNTPHARM,30-Jun-2022,3350.0,PE,0.0,0.0,0.0,584.4,522.4,0,0.0,0,0,18-APR-2022,
OPTSTK,TORNTPHARM,30-Jun-2022,3400.0,PE,0.0,0.0,0.0,626.25,564.25,0,0.0,0,0,18-APR-2022,
OPTSTK,TORNTPHARM,30-Jun-2022,3450.0,PE,0.0,0.0,0.0,668.9,607.1,0,0.0,0,0,18-APR-2022,
OPTSTK,TORNTPHARM,30-Jun-2022,3500.0,PE,0.0,0.0,0.0,712.35,650.85,0,0.0,0,0,18-APR-2022,
OPTSTK,TORNTPHARM,30-Jun-2022,3550.0,PE,0.0,0.0,0.0,756.5,695.35,0,0.0,0,0,18-APR-2022,
OPTSTK,TORNTPHARM,30-Jun-2022,3600.0,PE,0.0,0.0,0.0,801.3,740.5,0,0.0,0,0,18-APR-2022,
OPTSTK,TORNTPHARM,30-Jun-2022,3650.0,PE,0.0,0.0,0.0,846.6,786.3,0,0.0,0,0,18-APR-2022,
OPTSTK,TORNTPHARM,30-Jun-2022,3700.0,PE,0.0,0.0,0.0,892.45,832.65,0,0.0,0,0,18-APR-2022,
OPTSTK,TORNTPHARM,30-Jun-2022,3750.0,PE,0.0,0.0,0.0,938.8,879.4,0,0.0,0,0,18-APR-2022,
OPTSTK,TORNTPHARM,30-Jun-2022,3800.0,PE,0.0,0.0,0.0,985.5,926.6,0,0.0,0,0,18-APR-2022,
OPTSTK,TORNTPHARM,30-Jun-2022,3850.0,PE,0.0,0.0,0.0,1032.55,974.2,0,0.0,0,0,18-APR-2022,
OPTSTK,TORNTPHARM,30-Jun-2022,3900.0,PE,0.0,0.0,0.0,1079.9,1022.05,0,0.0,0,0,18-APR-2022,
OPTSTK,TORNTPHARM,30-Jun-2022,3950.0,PE,0.0,0.0,0.0,1127.55,1070.15,0,0.0,0,0,18-APR-2022,
OPTSTK,TORNTPOWER,28-Apr-2022,320.0,CE,0.0,0.0,0.0,219.6,250.9,0,0.0,0,0,18-APR-2022,
OPTSTK,TORNTPOWER,28-Apr-2022,330.0,CE,0.0,0.0,0.0,209.75,240.9,0,0.0,0,0,18-APR-2022,
OPTSTK,TORNTPOWER,28-Apr-2022,340.0,CE,0.0,0.0,0.0,199.95,230.9,0,0.0,0,0,18-APR-2022,
OPTSTK,TORNTPOWER,28-Apr-2022,350.0,CE,0.0,0.0,0.0,190.15,220.9,0,0.0,0,0,18-APR-2022,
OPTSTK,TORNTPOWER,28-Apr-2022,360.0,CE,0.0,0.0,0.0,180.4,210.95,0,0.0,0,0,18-APR-2022,
OPTSTK,TORNTPOWER,28-Apr-2022,370.0,CE,0.0,0.0,0.0,170.75,200.95,0,0.0,0,0,18-APR-2022,
OPTSTK,TORNTPOWER,28-Apr-2022,380.0,CE,0.0,0.0,0.0,161.15,190.95,0,0.0,0,0,18-APR-2022,
OPTSTK,TORNTPOWER,28-Apr-2022,390.0,CE,0.0,0.0,0.0,151.7,180.95,0,0.0,0,0,18-APR-2022,
OPTSTK,TORNTPOWER,28-Apr-2022,400.0,CE,0.0,0.0,0.0,142.35,170.95,0,0.0,0,0,18-APR-2022,
OPTSTK,TORNTPOWER,28-Apr-2022,410.0,CE,0.0,0.0,0.0,133.2,161.0,0,0.0,0,0,18-APR-2022,
OPTSTK,TORNTPOWER,28-Apr-2022,420.0,CE,0.0,0.0,0.0,124.25,151.0,0,0.0,0,0,18-APR-2022,
OPTSTK,TORNTPOWER,28-Apr-2022,430.0,CE,0.0,0.0,0.0,115.5,141.0,0,0.0,0,0,18-APR-2022,
OPTSTK,TORNTPOWER,28-Apr-2022,440.0,CE,0.0,0.0,0.0,107.05,131.0,0,0.0,0,0,18-APR-2022,
OPTSTK,TORNTPOWER,28-Apr-2022,450.0,CE,0.0,0.0,0.0,108.0,121.05,0,0.0,3000,0,18-APR-2022,
OPTSTK,TORNTPOWER,28-Apr-2022,460.0,CE,0.0,0.0,0.0,90.95,111.05,0,0.0,0,0,18-APR-2022,
OPTSTK,TORNTPOWER,28-Apr-2022,470.0,CE,0.0,0.0,0.0,83.4,101.05,0,0.0,0,0,18-APR-2022,
OPTSTK,TORNTPOWER,28-Apr-2022,480.0,CE,0.0,0.0,0.0,70.0,91.1,0,0.0,3000,0,18-APR-2022,
OPTSTK,TORNTPOWER,28-Apr-2022,490.0,CE,0.0,0.0,0.0,53.35,81.2,0,0.0,4500,0,18-APR-2022,
OPTSTK,TORNTPOWER,28-Apr-2022,500.0,CE,49.45,69.7,49.45,67.8,67.8,3,25.3,40500,1500,18-APR-2022,
OPTSTK,TORNTPOWER,28-Apr-2022,510.0,CE,0.0,0.0,0.0,50.65,61.75,0,0.0,33000,0,18-APR-2022,
OPTSTK,TORNTPOWER,28-Apr-2022,520.0,CE,36.25,55.85,36.25,50.45,50.45,3,25.45,31500,-1500,18-APR-2022,
OPTSTK,TORNTPOWER,28-Apr-2022,530.0,CE,29.1,42.05,28.0,41.0,41.0,9,76.36,45000,-3000,18-APR-2022,
OPTSTK,TORNTPOWER,28-Apr-2022,540.0,CE,24.4,37.95,23.0,32.75,32.75,17,144.6,70500,-7500,18-APR-2022,
OPTSTK,TORNTPOWER,28-Apr-2022,550.0,CE,15.0,28.95,13.1,26.15,26.15,334,2862.88,159000,-67500,18-APR-2022,
OPTSTK,TORNTPOWER,28-Apr-2022,560.0,CE,11.9,23.55,9.5,20.4,20.4,827,7165.32,334500,-132000,18-APR-2022,
OPTSTK,TORNTPOWER,28-Apr-2022,570.0,CE,7.95,18.55,6.7,16.2,16.2,986,8639.05,295500,-73500,18-APR-2022,
OPTSTK,TORNTPOWER,28-Apr-2022,580.0,CE,6.9,14.65,4.7,12.6,12.6,676,5993.15,261000,102000,18-APR-2022,
OPTSTK,TORNTPOWER,28-Apr-2022,590.0,CE,4.5,11.1,3.95,9.1,9.1,61,547.67,43500,19500,18-APR-2022,
OPTSTK,TORNTPOWER,28-Apr-2022,600.0,CE,2.5,8.6,2.1,7.1,7.1,620,5634.62,331500,10500,18-APR-2022,
OPTSTK,TORNTPOWER,28-Apr-2022,610.0,CE,2.5,5.5,2.2,4.8,4.8,26,239.47,21000,3000,18-APR-2022,
OPTSTK,TORNTPOWER,28-Apr-2022,620.0,CE,1.0,5.0,1.0,3.75,3.75,38,355.22,82500,10500,18-APR-2022,
OPTSTK,TORNTPOWER,28-Apr-2022,630.0,CE,2.5,3.9,2.5,2.95,2.95,5,47.46,4500,4500,18-APR-2022,
OPTSTK,TORNTPOWER,28-Apr-2022,640.0,CE,0.7,2.9,0.7,2.2,2.2,6,57.73,24000,3000,18-APR-2022,
OPTSTK,TORNTPOWER,28-Apr-2022,650.0,CE,0.5,2.15,0.4,1.65,1.65,77,751.87,108000,-21000,18-APR-2022,
OPTSTK,TORNTPOWER,28-Apr-2022,660.0,CE,1.6,1.6,1.6,1.6,1.6,1,9.92,1500,1500,18-APR-2022,
OPTSTK,TORNTPOWER,28-Apr-2022,670.0,CE,0.0,0.0,0.0,7.4,0.15,0,0.0,0,0,18-APR-2022,
OPTSTK,TORNTPOWER,28-Apr-2022,680.0,CE,0.8,0.9,0.7,0.85,0.85,8,81.69,15000,-1500,18-APR-2022,
OPTSTK,TORNTPOWER,28-Apr-2022,690.0,CE,0.0,0.0,0.0,5.45,0.05,0,0.0,0,0,18-APR-2022,
OPTSTK,TORNTPOWER,28-Apr-2022,700.0,CE,0.1,0.1,0.1,0.1,0.05,1,10.5,1500,-1500,18-APR-2022,
OPTSTK,TORNTPOWER,28-Apr-2022,320.0,PE,0.0,0.0,0.0,0.1,0.0,0,0.0,1500,0,18-APR-2022,
OPTSTK,TORNTPOWER,28-Apr-2022,330.0,PE,0.0,0.0,0.0,0.15,0.0,0,0.0,0,0,18-APR-2022,
OPTSTK,TORNTPOWER,28-Apr-2022,340.0,PE,0.0,0.0,0.0,0.2,0.0,0,0.0,0,0,18-APR-2022,
OPTSTK,TORNTPOWER,28-Apr-2022,350.0,PE,0.0,0.0,0.0,0.3,0.0,0,0.0,0,0,18-APR-2022,
OPTSTK,TORNTPOWER,28-Apr-2022,360.0,PE,0.0,0.0,0.0,0.45,0.0,0,0.0,0,0,18-APR-2022,
OPTSTK,TORNTPOWER,28-Apr-2022,370.0,PE,0.0,0.0,0.0,0.7,0.0,0,0.0,0,0,18-APR-2022,
OPTSTK,TORNTPOWER,28-Apr-2022,380.0,PE,0.0,0.0,0.0,1.0,0.0,0,0.0,0,0,18-APR-2022,
OPTSTK,TORNTPOWER,28-Apr-2022,390.0,PE,0.0,0.0,0.0,1.45,0.0,0,0.0,0,0,18-APR-2022,
OPTSTK,TORNTPOWER,28-Apr-2022,400.0,PE,0.0,0.0,0.0,1.15,0.0,0,0.0,3000,0,18-APR-2022,
OPTSTK,TORNTPOWER,28-Apr-2022,410.0,PE,0.0,0.0,0.0,2.75,0.0,0,0.0,0,0,18-APR-2022,
OPTSTK,TORNTPOWER,28-Apr-2022,420.0,PE,0.0,0.0,0.0,3.65,0.0,0,0.0,0,0,18-APR-2022,
OPTSTK,TORNTPOWER,28-Apr-2022,430.0,PE,0.0,0.0,0.0,4.85,0.0,0,0.0,0,0,18-APR-2022,
OPTSTK,TORNTPOWER,28-Apr-2022,440.0,PE,0.0,0.0,0.0,6.25,0.0,0,0.0,0,0,18-APR-2022,
OPTSTK,TORNTPOWER,28-Apr-2022,450.0,PE,0.6,0.6,0.5,0.5,0.5,3,20.27,36000,1500,18-APR-2022,
OPTSTK,TORNTPOWER,28-Apr-2022,460.0,PE,0.0,0.0,0.0,0.75,0.05,0,0.0,10500,0,18-APR-2022,
OPTSTK,TORNTPOWER,28-Apr-2022,470.0,PE,0.0,0.0,0.0,1.0,0.05,0,0.0,15000,0,18-APR-2022,
OPTSTK,TORNTPOWER,28-Apr-2022,480.0,PE,1.15,1.5,1.0,1.3,1.3,7,50.54,36000,-1500,18-APR-2022,
OPTSTK,TORNTPOWER,28-Apr-2022,490.0,PE,0.0,0.0,0.0,2.5,0.15,0,0.0,16500,0,18-APR-2022,
OPTSTK,TORNTPOWER,28-Apr-2022,500.0,PE,4.0,4.0,1.9,2.3,2.3,66,497.42,91500,-21000,18-APR-2022,
OPTSTK,TORNTPOWER,28-Apr-2022,510.0,PE,3.6,4.7,2.25,2.6,2.6,18,138.45,37500,6000,18-APR-2022,
OPTSTK,TORNTPOWER,28-Apr-2022,520.0,PE,8.0,8.0,3.5,4.05,4.05,24,188.91,58500,-3000,18-APR-2022,
OPTSTK,TORNTPOWER,28-Apr-2022,530.0,PE,0.0,0.0,0.0,8.3,2.45,0,0.0,28500,0,18-APR-2022,
OPTSTK,TORNTPOWER,28-Apr-2022,540.0,PE,14.85,15.0,6.8,7.95,7.95,54,445.15,67500,7500,18-APR-2022,
OPTSTK,TORNTPOWER,28-Apr-2022,550.0,PE,19.1,19.1,9.2,11.25,11.25,40,337.68,34500,21000,18-APR-2022,
OPTSTK,TORNTPOWER,28-Apr-2022,560.0,PE,19.9,20.0,13.55,16.35,16.35,25,216.0,40500,0,18-APR-2022,
OPTSTK,TORNTPOWER,28-Apr-2022,570.0,PE,21.5,21.5,21.5,21.5,21.5,1,8.87,1500,1500,18-APR-2022,
OPTSTK,TORNTPOWER,28-Apr-2022,580.0,PE,25.0,25.0,25.0,25.0,25.0,3,27.22,3000,1500,18-APR-2022,
OPTSTK,TORNTPOWER,28-Apr-2022,590.0,PE,0.0,0.0,0.0,70.15,26.7,0,0.0,0,0,18-APR-2022,
OPTSTK,TORNTPOWER,28-Apr-2022,600.0,PE,0.0,0.0,0.0,77.3,34.1,0,0.0,0,0,18-APR-2022,
OPTSTK,TORNTPOWER,28-Apr-2022,610.0,PE,0.0,0.0,0.0,84.75,42.2,0,0.0,0,0,18-APR-2022,
OPTSTK,TORNTPOWER,28-Apr-2022,620.0,PE,0.0,0.0,0.0,92.5,50.95,0,0.0,0,0,18-APR-2022,
OPTSTK,TORNTPOWER,28-Apr-2022,630.0,PE,0.0,0.0,0.0,100.4,60.1,0,0.0,0,0,18-APR-2022,
OPTSTK,TORNTPOWER,28-Apr-2022,640.0,PE,0.0,0.0,0.0,108.55,69.55,0,0.0,0,0,18-APR-2022,
OPTSTK,TORNTPOWER,28-Apr-2022,650.0,PE,0.0,0.0,0.0,116.95,79.2,0,0.0,0,0,18-APR-2022,
OPTSTK,TORNTPOWER,28-Apr-2022,660.0,PE,0.0,0.0,0.0,125.5,89.0,0,0.0,0,0,18-APR-2022,
OPTSTK,TORNTPOWER,28-Apr-2022,670.0,PE,0.0,0.0,0.0,134.2,98.9,0,0.0,0,0,18-APR-2022,
OPTSTK,TORNTPOWER,28-Apr-2022,680.0,PE,0.0,0.0,0.0,143.05,108.8,0,0.0,0,0,18-APR-2022,
OPTSTK,TORNTPOWER,28-Apr-2022,690.0,PE,0.0,0.0,0.0,152.05,118.75,0,0.0,0,0,18-APR-2022,
OPTSTK,TORNTPOWER,28-Apr-2022,700.0,PE,0.0,0.0,0.0,161.15,128.75,0,0.0,0,0,18-APR-2022,
OPTSTK,TORNTPOWER,26-May-2022,320.0,CE,0.0,0.0,0.0,128.85,251.95,0,0.0,0,0,18-APR-2022,
OPTSTK,TORNTPOWER,26-May-2022,330.0,CE,0.0,0.0,0.0,119.6,242.0,0,0.0,0,0,18-APR-2022,
OPTSTK,TORNTPOWER,26-May-2022,340.0,CE,0.0,0.0,0.0,110.6,232.0,0,0.0,0,0,18-APR-2022,
OPTSTK,TORNTPOWER,26-May-2022,350.0,CE,0.0,0.0,0.0,101.85,222.05,0,0.0,0,0,18-APR-2022,
OPTSTK,TORNTPOWER,26-May-2022,360.0,CE,0.0,0.0,0.0,93.35,212.1,0,0.0,0,0,18-APR-2022,
OPTSTK,TORNTPOWER,26-May-2022,370.0,CE,0.0,0.0,0.0,85.2,202.15,0,0.0,0,0,18-APR-2022,
OPTSTK,TORNTPOWER,26-May-2022,380.0,CE,0.0,0.0,0.0,77.45,192.2,0,0.0,0,0,18-APR-2022,
OPTSTK,TORNTPOWER,26-May-2022,390.0,CE,0.0,0.0,0.0,70.1,182.25,0,0.0,0,0,18-APR-2022,
OPTSTK,TORNTPOWER,26-May-2022,400.0,CE,0.0,0.0,0.0,63.1,172.35,0,0.0,0,0,18-APR-2022,
OPTSTK,TORNTPOWER,26-May-2022,410.0,CE,0.0,0.0,0.0,56.55,162.45,0,0.0,0,0,18-APR-2022,
OPTSTK,TORNTPOWER,26-May-2022,420.0,CE,0.0,0.0,0.0,50.5,152.55,0,0.0,0,0,18-APR-2022,
OPTSTK,TORNTPOWER,26-May-2022,430.0,CE,0.0,0.0,0.0,44.9,142.75,0,0.0,0,0,18-APR-2022,
OPTSTK,TORNTPOWER,26-May-2022,440.0,CE,0.0,0.0,0.0,39.7,133.0,0,0.0,0,0,18-APR-2022,
OPTSTK,TORNTPOWER,26-May-2022,450.0,CE,0.0,0.0,0.0,35.0,123.35,0,0.0,0,0,18-APR-2022,
OPTSTK,TORNTPOWER,26-May-2022,460.0,CE,0.0,0.0,0.0,30.7,113.8,0,0.0,0,0,18-APR-2022,
OPTSTK,TORNTPOWER,26-May-2022,470.0,CE,0.0,0.0,0.0,26.85,104.5,0,0.0,0,0,18-APR-2022,
OPTSTK,TORNTPOWER,26-May-2022,480.0,CE,0.0,0.0,0.0,23.4,95.35,0,0.0,0,0,18-APR-2022,
OPTSTK,TORNTPOWER,26-May-2022,490.0,CE,0.0,0.0,0.0,20.3,86.55,0,0.0,0,0,18-APR-2022,
OPTSTK,TORNTPOWER,26-May-2022,500.0,CE,0.0,0.0,0.0,17.55,78.05,0,0.0,0,0,18-APR-2022,
OPTSTK,TORNTPOWER,26-May-2022,510.0,CE,0.0,0.0,0.0,15.1,69.9,0,0.0,0,0,18-APR-2022,
OPTSTK,TORNTPOWER,26-May-2022,520.0,CE,0.0,0.0,0.0,13.0,62.2,0,0.0,0,0,18-APR-2022,
OPTSTK,TORNTPOWER,26-May-2022,530.0,CE,0.0,0.0,0.0,11.1,54.95,0,0.0,0,0,18-APR-2022,
OPTSTK,TORNTPOWER,26-May-2022,540.0,CE,0.0,0.0,0.0,33.9,48.15,0,0.0,0,0,18-APR-2022,
OPTSTK,TORNTPOWER,26-May-2022,550.0,CE,0.0,0.0,0.0,8.05,41.95,0,0.0,0,0,18-APR-2022,
OPTSTK,TORNTPOWER,26-May-2022,560.0,CE,0.0,0.0,0.0,6.85,36.25,0,0.0,0,0,18-APR-2022,
OPTSTK,TORNTPOWER,26-May-2022,570.0,CE,0.0,0.0,0.0,5.8,31.1,0,0.0,0,0,18-APR-2022,
OPTSTK,TORNTPOWER,26-May-2022,580.0,CE,0.0,0.0,0.0,24.2,26.5,0,0.0,0,0,18-APR-2022,
OPTSTK,TORNTPOWER,26-May-2022,590.0,CE,0.0,0.0,0.0,4.1,22.4,0,0.0,0,0,18-APR-2022,
OPTSTK,TORNTPOWER,26-May-2022,600.0,CE,15.0,15.0,15.0,15.0,18.8,1,9.22,1500,1500,18-APR-2022,
OPTSTK,TORNTPOWER,26-May-2022,610.0,CE,0.0,0.0,0.0,2.9,15.65,0,0.0,0,0,18-APR-2022,
OPTSTK,TORNTPOWER,26-May-2022,620.0,CE,0.0,0.0,0.0,13.0,12.95,0,0.0,3000,0,18-APR-2022,
OPTSTK,TORNTPOWER,26-May-2022,630.0,CE,0.0,0.0,0.0,2.0,10.65,0,0.0,0,0,18-APR-2022,
OPTSTK,TORNTPOWER,26-May-2022,640.0,CE,0.0,0.0,0.0,1.7,8.7,0,0.0,0,0,18-APR-2022,
OPTSTK,TORNTPOWER,26-May-2022,650.0,CE,0.0,0.0,0.0,1.4,7.05,0,0.0,0,0,18-APR-2022,
OPTSTK,TORNTPOWER,26-May-2022,660.0,CE,0.0,0.0,0.0,1.15,5.65,0,0.0,0,0,18-APR-2022,
OPTSTK,TORNTPOWER,26-May-2022,670.0,CE,0.0,0.0,0.0,0.95,4.55,0,0.0,0,0,18-APR-2022,
OPTSTK,TORNTPOWER,26-May-2022,680.0,CE,0.0,0.0,0.0,0.8,3.6,0,0.0,0,0,18-APR-2022,
OPTSTK,TORNTPOWER,26-May-2022,320.0,PE,0.0,0.0,0.0,1.45,0.0,0,0.0,0,0,18-APR-2022,
OPTSTK,TORNTPOWER,26-May-2022,330.0,PE,0.0,0.0,0.0,2.1,0.0,0,0.0,0,0,18-APR-2022,
OPTSTK,TORNTPOWER,26-May-2022,340.0,PE,0.0,0.0,0.0,3.0,0.0,0,0.0,0,0,18-APR-2022,
OPTSTK,TORNTPOWER,26-May-2022,350.0,PE,0.0,0.0,0.0,4.1,0.0,0,0.0,0,0,18-APR-2022,
OPTSTK,TORNTPOWER,26-May-2022,360.0,PE,0.0,0.0,0.0,5.55,0.0,0,0.0,0,0,18-APR-2022,
OPTSTK,TORNTPOWER,26-May-2022,370.0,PE,0.0,0.0,0.0,7.3,0.05,0,0.0,0,0,18-APR-2022,
OPTSTK,TORNTPOWER,26-May-2022,380.0,PE,0.0,0.0,0.0,9.4,0.05,0,0.0,0,0,18-APR-2022,
OPTSTK,TORNTPOWER,26-May-2022,390.0,PE,0.0,0.0,0.0,11.95,0.05,0,0.0,0,0,18-APR-2022,
OPTSTK,TORNTPOWER,26-May-2022,400.0,PE,0.0,0.0,0.0,14.85,0.05,0,0.0,0,0,18-APR-2022,
OPTSTK,TORNTPOWER,26-May-2022,410.0,PE,0.0,0.0,0.0,18.25,0.1,0,0.0,0,0,18-APR-2022,
OPTSTK,TORNTPOWER,26-May-2022,420.0,PE,0.0,0.0,0.0,22.05,0.2,0,0.0,0,0,18-APR-2022,
OPTSTK,TORNTPOWER,26-May-2022,430.0,PE,0.0,0.0,0.0,26.35,0.35,0,0.0,0,0,18-APR-2022,
OPTSTK,TORNTPOWER,26-May-2022,440.0,PE,0.0,0.0,0.0,31.05,0.55,0,0.0,0,0,18-APR-2022,
OPTSTK,TORNTPOWER,26-May-2022,450.0,PE,0.0,0.0,0.0,36.25,0.85,0,0.0,0,0,18-APR-2022,
OPTSTK,TORNTPOWER,26-May-2022,460.0,PE,0.0,0.0,0.0,41.85,1.3,0,0.0,0,0,18-APR-2022,
OPTSTK,TORNTPOWER,26-May-2022,470.0,PE,0.0,0.0,0.0,7.0,1.9,0,0.0,1500,0,18-APR-2022,
OPTSTK,TORNTPOWER,26-May-2022,480.0,PE,0.0,0.0,0.0,54.3,2.75,0,0.0,0,0,18-APR-2022,
OPTSTK,TORNTPOWER,26-May-2022,490.0,PE,0.0,0.0,0.0,61.1,3.85,0,0.0,0,0,18-APR-2022,
OPTSTK,TORNTPOWER,26-May-2022,500.0,PE,0.0,0.0,0.0,68.25,5.3,0,0.0,0,0,18-APR-2022,
OPTSTK,TORNTPOWER,26-May-2022,510.0,PE,0.0,0.0,0.0,25.0,7.15,0,0.0,0,0,18-APR-2022,
OPTSTK,TORNTPOWER,26-May-2022,520.0,PE,0.0,0.0,0.0,18.5,9.4,0,0.0,1500,0,18-APR-2022,
OPTSTK,TORNTPOWER,26-May-2022,530.0,PE,0.0,0.0,0.0,91.5,12.1,0,0.0,0,0,18-APR-2022,
OPTSTK,TORNTPOWER,26-May-2022,540.0,PE,0.0,0.0,0.0,99.75,15.3,0,0.0,0,0,18-APR-2022,
OPTSTK,TORNTPOWER,26-May-2022,550.0,PE,0.0,0.0,0.0,108.25,19.0,0,0.0,0,0,18-APR-2022,
OPTSTK,TORNTPOWER,26-May-2022,560.0,PE,0.0,0.0,0.0,116.95,23.3,0,0.0,0,0,18-APR-2022,
OPTSTK,TORNTPOWER,26-May-2022,570.0,PE,0.0,0.0,0.0,125.75,28.1,0,0.0,0,0,18-APR-2022,
OPTSTK,TORNTPOWER,26-May-2022,580.0,PE,0.0,0.0,0.0,134.75,33.45,0,0.0,0,0,18-APR-2022,
OPTSTK,TORNTPOWER,26-May-2022,590.0,PE,0.0,0.0,0.0,143.9,39.3,0,0.0,0,0,18-APR-2022,
OPTSTK,TORNTPOWER,26-May-2022,600.0,PE,0.0,0.0,0.0,153.1,45.65,0,0.0,0,0,18-APR-2022,
OPTSTK,TORNTPOWER,26-May-2022,610.0,PE,0.0,0.0,0.0,162.45,52.45,0,0.0,0,0,18-APR-2022,
OPTSTK,TORNTPOWER,26-May-2022,620.0,PE,0.0,0.0,0.0,171.9,59.75,0,0.0,0,0,18-APR-2022,
OPTSTK,TORNTPOWER,26-May-2022,630.0,PE,0.0,0.0,0.0,181.35,67.4,0,0.0,0,0,18-APR-2022,
OPTSTK,TORNTPOWER,26-May-2022,640.0,PE,0.0,0.0,0.0,190.95,75.35,0,0.0,0,0,18-APR-2022,
OPTSTK,TORNTPOWER,26-May-2022,650.0,PE,0.0,0.0,0.0,200.55,83.65,0,0.0,0,0,18-APR-2022,
OPTSTK,TORNTPOWER,26-May-2022,660.0,PE,0.0,0.0,0.0,210.2,92.25,0,0.0,0,0,18-APR-2022,
OPTSTK,TORNTPOWER,26-May-2022,670.0,PE,0.0,0.0,0.0,219.9,101.1,0,0.0,0,0,18-APR-2022,
OPTSTK,TORNTPOWER,26-May-2022,680.0,PE,0.0,0.0,0.0,229.65,110.1,0,0.0,0,0,18-APR-2022,
OPTSTK,TORNTPOWER,30-Jun-2022,320.0,CE,0.0,0.0,0.0,175.6,253.25,0,0.0,0,0,18-APR-2022,
OPTSTK,TORNTPOWER,30-Jun-2022,330.0,CE,0.0,0.0,0.0,165.95,243.35,0,0.0,0,0,18-APR-2022,
OPTSTK,TORNTPOWER,30-Jun-2022,340.0,CE,0.0,0.0,0.0,156.35,233.45,0,0.0,0,0,18-APR-2022,
OPTSTK,TORNTPOWER,30-Jun-2022,350.0,CE,0.0,0.0,0.0,146.85,223.55,0,0.0,0,0,18-APR-2022,
OPTSTK,TORNTPOWER,30-Jun-2022,360.0,CE,0.0,0.0,0.0,137.55,213.7,0,0.0,0,0,18-APR-2022,
OPTSTK,TORNTPOWER,30-Jun-2022,370.0,CE,0.0,0.0,0.0,128.4,203.85,0,0.0,0,0,18-APR-2022,
OPTSTK,TORNTPOWER,30-Jun-2022,380.0,CE,0.0,0.0,0.0,119.45,194.05,0,0.0,0,0,18-APR-2022,
OPTSTK,TORNTPOWER,30-Jun-2022,390.0,CE,0.0,0.0,0.0,110.75,184.3,0,0.0,0,0,18-APR-2022,
OPTSTK,TORNTPOWER,30-Jun-2022,400.0,CE,0.0,0.0,0.0,102.3,174.6,0,0.0,0,0,18-APR-2022,
OPTSTK,TORNTPOWER,30-Jun-2022,410.0,CE,0.0,0.0,0.0,94.15,165.0,0,0.0,0,0,18-APR-2022,
OPTSTK,TORNTPOWER,30-Jun-2022,420.0,CE,0.0,0.0,0.0,86.35,155.55,0,0.0,0,0,18-APR-2022,
OPTSTK,TORNTPOWER,30-Jun-2022,430.0,CE,0.0,0.0,0.0,78.9,146.15,0,0.0,0,0,18-APR-2022,
OPTSTK,TORNTPOWER,30-Jun-2022,440.0,CE,0.0,0.0,0.0,71.85,137.0,0,0.0,0,0,18-APR-2022,
OPTSTK,TORNTPOWER,30-Jun-2022,450.0,CE,0.0,0.0,0.0,65.15,127.95,0,0.0,0,0,18-APR-2022,
OPTSTK,TORNTPOWER,30-Jun-2022,460.0,CE,0.0,0.0,0.0,58.85,119.2,0,0.0,0,0,18-APR-2022,
OPTSTK,TORNTPOWER,30-Jun-2022,470.0,CE,0.0,0.0,0.0,53.0,110.65,0,0.0,0,0,18-APR-2022,
OPTSTK,TORNTPOWER,30-Jun-2022,480.0,CE,0.0,0.0,0.0,47.55,102.35,0,0.0,0,0,18-APR-2022,
OPTSTK,TORNTPOWER,30-Jun-2022,490.0,CE,0.0,0.0,0.0,42.5,94.4,0,0.0,0,0,18-APR-2022,
OPTSTK,TORNTPOWER,30-Jun-2022,500.0,CE,0.0,0.0,0.0,37.9,86.75,0,0.0,0,0,18-APR-2022,
OPTSTK,TORNTPOWER,30-Jun-2022,510.0,CE,0.0,0.0,0.0,33.65,79.45,0,0.0,0,0,18-APR-2022,
OPTSTK,TORNTPOWER,30-Jun-2022,520.0,CE,0.0,0.0,0.0,29.8,72.5,0,0.0,0,0,18-APR-2022,
OPTSTK,TORNTPOWER,30-Jun-2022,530.0,CE,0.0,0.0,0.0,26.25,65.95,0,0.0,0,0,18-APR-2022,
OPTSTK,TORNTPOWER,30-Jun-2022,540.0,CE,0.0,0.0,0.0,23.1,59.75,0,0.0,0,0,18-APR-2022,
OPTSTK,TORNTPOWER,30-Jun-2022,550.0,CE,0.0,0.0,0.0,20.25,54.0,0,0.0,0,0,18-APR-2022,
OPTSTK,TORNTPOWER,30-Jun-2022,560.0,CE,0.0,0.0,0.0,17.75,48.6,0,0.0,0,0,18-APR-2022,
OPTSTK,TORNTPOWER,30-Jun-2022,570.0,CE,0.0,0.0,0.0,15.45,43.6,0,0.0,0,0,18-APR-2022,
OPTSTK,TORNTPOWER,30-Jun-2022,580.0,CE,0.0,0.0,0.0,13.45,38.95,0,0.0,0,0,18-APR-2022,
OPTSTK,TORNTPOWER,30-Jun-2022,590.0,CE,0.0,0.0,0.0,11.65,34.75,0,0.0,0,0,18-APR-2022,
OPTSTK,TORNTPOWER,30-Jun-2022,600.0,CE,0.0,0.0,0.0,10.1,30.85,0,0.0,0,0,18-APR-2022,
OPTSTK,TORNTPOWER,30-Jun-2022,610.0,CE,0.0,0.0,0.0,8.7,27.3,0,0.0,0,0,18-APR-2022,
OPTSTK,TORNTPOWER,30-Jun-2022,620.0,CE,0.0,0.0,0.0,7.5,24.1,0,0.0,0,0,18-APR-2022,
OPTSTK,TORNTPOWER,30-Jun-2022,630.0,CE,0.0,0.0,0.0,6.45,21.2,0,0.0,0,0,18-APR-2022,
OPTSTK,TORNTPOWER,30-Jun-2022,640.0,CE,0.0,0.0,0.0,5.5,18.65,0,0.0,0,0,18-APR-2022,
OPTSTK,TORNTPOWER,30-Jun-2022,650.0,CE,0.0,0.0,0.0,4.7,16.35,0,0.0,0,0,18-APR-2022,
OPTSTK,TORNTPOWER,30-Jun-2022,660.0,CE,0.0,0.0,0.0,4.0,14.25,0,0.0,0,0,18-APR-2022,
OPTSTK,TORNTPOWER,30-Jun-2022,670.0,CE,0.0,0.0,0.0,3.45,12.4,0,0.0,0,0,18-APR-2022,
OPTSTK,TORNTPOWER,30-Jun-2022,680.0,CE,0.0,0.0,0.0,2.9,10.75,0,0.0,0,0,18-APR-2022,
OPTSTK,TORNTPOWER,30-Jun-2022,320.0,PE,0.0,0.0,0.0,0.4,0.05,0,0.0,0,0,18-APR-2022,
OPTSTK,TORNTPOWER,30-Jun-2022,330.0,PE,0.0,0.0,0.0,0.6,0.05,0,0.0,0,0,18-APR-2022,
OPTSTK,TORNTPOWER,30-Jun-2022,340.0,PE,0.0,0.0,0.0,0.9,0.05,0,0.0,0,0,18-APR-2022,
OPTSTK,TORNTPOWER,30-Jun-2022,350.0,PE,0.0,0.0,0.0,1.35,0.1,0,0.0,0,0,18-APR-2022,
OPTSTK,TORNTPOWER,30-Jun-2022,360.0,PE,0.0,0.0,0.0,1.9,0.15,0,0.0,0,0,18-APR-2022,
OPTSTK,TORNTPOWER,30-Jun-2022,370.0,PE,0.0,0.0,0.0,2.65,0.2,0,0.0,0,0,18-APR-2022,
OPTSTK,TORNTPOWER,30-Jun-2022,380.0,PE,0.0,0.0,0.0,3.6,0.35,0,0.0,0,0,18-APR-2022,
OPTSTK,TORNTPOWER,30-Jun-2022,390.0,PE,0.0,0.0,0.0,4.8,0.5,0,0.0,0,0,18-APR-2022,
OPTSTK,TORNTPOWER,30-Jun-2022,400.0,PE,0.0,0.0,0.0,6.25,0.75,0,0.0,0,0,18-APR-2022,
OPTSTK,TORNTPOWER,30-Jun-2022,410.0,PE,0.0,0.0,0.0,8.0,1.05,0,0.0,0,0,18-APR-2022,
OPTSTK,TORNTPOWER,30-Jun-2022,420.0,PE,0.0,0.0,0.0,10.1,1.45,0,0.0,0,0,18-APR-2022,
OPTSTK,TORNTPOWER,30-Jun-2022,430.0,PE,0.0,0.0,0.0,12.55,2.05,0,0.0,0,0,18-APR-2022,
OPTSTK,TORNTPOWER,30-Jun-2022,440.0,PE,0.0,0.0,0.0,15.35,2.75,0,0.0,0,0,18-APR-2022,
OPTSTK,TORNTPOWER,30-Jun-2022,450.0,PE,0.0,0.0,0.0,18.55,3.65,0,0.0,0,0,18-APR-2022,
OPTSTK,TORNTPOWER,30-Jun-2022,460.0,PE,0.0,0.0,0.0,22.2,4.8,0,0.0,0,0,18-APR-2022,
OPTSTK,TORNTPOWER,30-Jun-2022,470.0,PE,0.0,0.0,0.0,26.2,6.15,0,0.0,0,0,18-APR-2022,
OPTSTK,TORNTPOWER,30-Jun-2022,480.0,PE,0.0,0.0,0.0,30.65,7.8,0,0.0,0,0,18-APR-2022,
OPTSTK,TORNTPOWER,30-Jun-2022,490.0,PE,0.0,0.0,0.0,35.5,9.75,0,0.0,0,0,18-APR-2022,
OPTSTK,TORNTPOWER,30-Jun-2022,500.0,PE,0.0,0.0,0.0,40.8,12.0,0,0.0,0,0,18-APR-2022,
OPTSTK,TORNTPOWER,30-Jun-2022,510.0,PE,0.0,0.0,0.0,46.45,14.65,0,0.0,0,0,18-APR-2022,
OPTSTK,TORNTPOWER,30-Jun-2022,520.0,PE,0.0,0.0,0.0,52.45,17.6,0,0.0,0,0,18-APR-2022,
OPTSTK,TORNTPOWER,30-Jun-2022,530.0,PE,0.0,0.0,0.0,58.85,20.95,0,0.0,0,0,18-APR-2022,
OPTSTK,TORNTPOWER,30-Jun-2022,540.0,PE,0.0,0.0,0.0,65.55,24.7,0,0.0,0,0,18-APR-2022,
OPTSTK,TORNTPOWER,30-Jun-2022,550.0,PE,0.0,0.0,0.0,72.6,28.8,0,0.0,0,0,18-APR-2022,
OPTSTK,TORNTPOWER,30-Jun-2022,560.0,PE,0.0,0.0,0.0,80.0,33.35,0,0.0,0,0,18-APR-2022,
OPTSTK,TORNTPOWER,30-Jun-2022,570.0,PE,0.0,0.0,0.0,87.6,38.25,0,0.0,0,0,18-APR-2022,
OPTSTK,TORNTPOWER,30-Jun-2022,580.0,PE,0.0,0.0,0.0,95.5,43.55,0,0.0,0,0,18-APR-2022,
OPTSTK,TORNTPOWER,30-Jun-2022,590.0,PE,0.0,0.0,0.0,103.6,49.25,0,0.0,0,0,18-APR-2022,
OPTSTK,TORNTPOWER,30-Jun-2022,600.0,PE,0.0,0.0,0.0,111.9,55.25,0,0.0,0,0,18-APR-2022,
OPTSTK,TORNTPOWER,30-Jun-2022,610.0,PE,0.0,0.0,0.0,120.45,61.65,0,0.0,0,0,18-APR-2022,
OPTSTK,TORNTPOWER,30-Jun-2022,620.0,PE,0.0,0.0,0.0,129.1,68.35,0,0.0,0,0,18-APR-2022,
OPTSTK,TORNTPOWER,30-Jun-2022,630.0,PE,0.0,0.0,0.0,137.95,75.4,0,0.0,0,0,18-APR-2022,
OPTSTK,TORNTPOWER,30-Jun-2022,640.0,PE,0.0,0.0,0.0,146.95,82.75,0,0.0,0,0,18-APR-2022,
OPTSTK,TORNTPOWER,30-Jun-2022,650.0,PE,0.0,0.0,0.0,156.05,90.35,0,0.0,0,0,18-APR-2022,
OPTSTK,TORNTPOWER,30-Jun-2022,660.0,PE,0.0,0.0,0.0,165.25,98.15,0,0.0,0,0,18-APR-2022,
OPTSTK,TORNTPOWER,30-Jun-2022,670.0,PE,0.0,0.0,0.0,174.55,106.2,0,0.0,0,0,18-APR-2022,
OPTSTK,TORNTPOWER,30-Jun-2022,680.0,PE,0.0,0.0,0.0,183.9,114.5,0,0.0,0,0,18-APR-2022,
OPTSTK,TRENT,28-Apr-2022,700.0,CE,0.0,0.0,0.0,333.45,524.25,0,0.0,0,0,18-APR-2022,
OPTSTK,TRENT,28-Apr-2022,720.0,CE,0.0,0.0,0.0,314.85,504.3,0,0.0,0,0,18-APR-2022,
OPTSTK,TRENT,28-Apr-2022,740.0,CE,0.0,0.0,0.0,296.55,484.3,0,0.0,0,0,18-APR-2022,
OPTSTK,TRENT,28-Apr-2022,760.0,CE,0.0,0.0,0.0,278.65,464.35,0,0.0,0,0,18-APR-2022,
OPTSTK,TRENT,28-Apr-2022,780.0,CE,0.0,0.0,0.0,261.15,444.35,0,0.0,0,0,18-APR-2022,
OPTSTK,TRENT,28-Apr-2022,800.0,CE,0.0,0.0,0.0,244.15,424.35,0,0.0,0,0,18-APR-2022,
OPTSTK,TRENT,28-Apr-2022,820.0,CE,0.0,0.0,0.0,227.65,404.4,0,0.0,0,0,18-APR-2022,
OPTSTK,TRENT,28-Apr-2022,840.0,CE,0.0,0.0,0.0,211.7,384.4,0,0.0,0,0,18-APR-2022,
OPTSTK,TRENT,28-Apr-2022,860.0,CE,0.0,0.0,0.0,196.35,364.45,0,0.0,0,0,18-APR-2022,
OPTSTK,TRENT,28-Apr-2022,880.0,CE,0.0,0.0,0.0,181.65,344.45,0,0.0,0,0,18-APR-2022,
OPTSTK,TRENT,28-Apr-2022,900.0,CE,0.0,0.0,0.0,167.6,324.5,0,0.0,0,0,18-APR-2022,
OPTSTK,TRENT,28-Apr-2022,920.0,CE,0.0,0.0,0.0,154.15,304.5,0,0.0,0,0,18-APR-2022,
OPTSTK,TRENT,28-Apr-2022,940.0,CE,0.0,0.0,0.0,141.5,284.55,0,0.0,0,0,18-APR-2022,
OPTSTK,TRENT,28-Apr-2022,960.0,CE,0.0,0.0,0.0,129.55,264.55,0,0.0,0,0,18-APR-2022,
OPTSTK,TRENT,28-Apr-2022,980.0,CE,0.0,0.0,0.0,118.35,244.6,0,0.0,0,0,18-APR-2022,
OPTSTK,TRENT,28-Apr-2022,1000.0,CE,0.0,0.0,0.0,107.8,224.65,0,0.0,0,0,18-APR-2022,
OPTSTK,TRENT,28-Apr-2022,1020.0,CE,0.0,0.0,0.0,98.0,204.8,0,0.0,0,0,18-APR-2022,
OPTSTK,TRENT,28-Apr-2022,1040.0,CE,0.0,0.0,0.0,88.85,185.05,0,0.0,0,0,18-APR-2022,
OPTSTK,TRENT,28-Apr-2022,1060.0,CE,0.0,0.0,0.0,80.4,165.5,0,0.0,0,0,18-APR-2022,
OPTSTK,TRENT,28-Apr-2022,1080.0,CE,0.0,0.0,0.0,72.55,146.25,0,0.0,0,0,18-APR-2022,
OPTSTK,TRENT,28-Apr-2022,1100.0,CE,0.0,0.0,0.0,65.35,127.55,0,0.0,0,0,18-APR-2022,
OPTSTK,TRENT,28-Apr-2022,1120.0,CE,0.0,0.0,0.0,58.75,109.55,0,0.0,0,0,18-APR-2022,
OPTSTK,TRENT,28-Apr-2022,1140.0,CE,0.0,0.0,0.0,52.7,92.5,0,0.0,0,0,18-APR-2022,
OPTSTK,TRENT,28-Apr-2022,1160.0,CE,0.0,0.0,0.0,47.15,76.7,0,0.0,0,0,18-APR-2022,
OPTSTK,TRENT,28-Apr-2022,1180.0,CE,0.0,0.0,0.0,42.2,62.3,0,0.0,0,0,18-APR-2022,
OPTSTK,TRENT,28-Apr-2022,1200.0,CE,63.7,63.7,55.8,55.8,49.6,3,27.42,9425,0,18-APR-2022,
OPTSTK,TRENT,28-Apr-2022,1220.0,CE,0.0,0.0,0.0,33.55,38.6,0,0.0,0,0,18-APR-2022,
OPTSTK,TRENT,28-Apr-2022,1240.0,CE,39.0,45.0,32.6,34.2,34.2,49,454.75,12325,10150,18-APR-2022,
OPTSTK,TRENT,28-Apr-2022,1260.0,CE,23.55,36.0,23.15,24.2,24.2,110,1028.19,53650,13775,18-APR-2022,
OPTSTK,TRENT,28-Apr-2022,1280.0,CE,24.05,26.6,17.35,19.05,19.05,61,575.67,39875,17400,18-APR-2022,
OPTSTK,TRENT,28-Apr-2022,1300.0,CE,14.05,22.15,13.5,14.35,14.35,307,2930.3,328425,11600,18-APR-2022,
OPTSTK,TRENT,28-Apr-2022,1320.0,CE,12.5,15.85,10.5,11.3,11.3,230,2222.32,158050,50750,18-APR-2022,
OPTSTK,TRENT,28-Apr-2022,1340.0,CE,6.9,11.8,6.5,8.4,8.4,223,2181.41,321900,-3625,18-APR-2022,
OPTSTK,TRENT,28-Apr-2022,1360.0,CE,8.45,9.0,6.55,6.55,6.55,43,426.57,108750,12325,18-APR-2022,
OPTSTK,TRENT,28-Apr-2022,1380.0,CE,4.6,5.75,4.6,4.6,4.6,7,70.29,19575,0,18-APR-2022,
OPTSTK,TRENT,28-Apr-2022,1400.0,CE,5.15,5.15,3.0,3.55,3.55,48,488.59,205900,-5800,18-APR-2022,
OPTSTK,TRENT,28-Apr-2022,1420.0,CE,4.55,4.6,4.55,4.6,4.6,2,20.65,15950,-725,18-APR-2022,
OPTSTK,TRENT,28-Apr-2022,1440.0,CE,0.0,0.0,0.0,3.5,0.55,0,0.0,7975,0,18-APR-2022,
OPTSTK,TRENT,28-Apr-2022,1460.0,CE,0.0,0.0,0.0,3.5,0.3,0,0.0,13775,0,18-APR-2022,
OPTSTK,TRENT,28-Apr-2022,1480.0,CE,0.0,0.0,0.0,6.3,0.2,0,0.0,0,0,18-APR-2022,
OPTSTK,TRENT,28-Apr-2022,1500.0,CE,1.4,1.9,1.4,1.6,1.6,22,239.51,109475,-4350,18-APR-2022,
OPTSTK,TRENT,28-Apr-2022,1520.0,CE,0.0,0.0,0.0,1.9,0.05,0,0.0,15950,0,18-APR-2022,
OPTSTK,TRENT,28-Apr-2022,1540.0,CE,1.85,2.35,0.8,0.8,0.05,9,100.58,14500,-1450,18-APR-2022,
OPTSTK,TRENT,28-Apr-2022,1560.0,CE,1.75,1.75,0.3,0.45,0.05,3,33.94,21750,0,18-APR-2022,
OPTSTK,TRENT,28-Apr-2022,700.0,PE,0.0,0.0,0.0,3.2,0.0,0,0.0,0,0,18-APR-2022,
OPTSTK,TRENT,28-Apr-2022,720.0,PE,0.0,0.0,0.0,4.4,0.0,0,0.0,0,0,18-APR-2022,
OPTSTK,TRENT,28-Apr-2022,740.0,PE,0.0,0.0,0.0,5.9,0.0,0,0.0,0,0,18-APR-2022,
OPTSTK,TRENT,28-Apr-2022,760.0,PE,0.0,0.0,0.0,7.8,0.0,0,0.0,0,0,18-APR-2022,
OPTSTK,TRENT,28-Apr-2022,780.0,PE,0.0,0.0,0.0,10.1,0.0,0,0.0,0,0,18-APR-2022,
OPTSTK,TRENT,28-Apr-2022,800.0,PE,0.0,0.0,0.0,0.15,0.0,0,0.0,2175,0,18-APR-2022,
OPTSTK,TRENT,28-Apr-2022,820.0,PE,0.0,0.0,0.0,16.15,0.0,0,0.0,0,0,18-APR-2022,
OPTSTK,TRENT,28-Apr-2022,840.0,PE,0.0,0.0,0.0,20.0,0.0,0,0.0,0,0,18-APR-2022,
OPTSTK,TRENT,28-Apr-2022,860.0,PE,0.0,0.0,0.0,24.45,0.0,0,0.0,0,0,18-APR-2022,
OPTSTK,TRENT,28-Apr-2022,880.0,PE,0.0,0.0,0.0,29.55,0.0,0,0.0,0,0,18-APR-2022,
OPTSTK,TRENT,28-Apr-2022,900.0,PE,0.0,0.0,0.0,35.25,0.0,0,0.0,0,0,18-APR-2022,
OPTSTK,TRENT,28-Apr-2022,920.0,PE,0.0,0.0,0.0,41.65,0.0,0,0.0,0,0,18-APR-2022,
OPTSTK,TRENT,28-Apr-2022,940.0,PE,0.0,0.0,0.0,48.75,0.0,0,0.0,0,0,18-APR-2022,
OPTSTK,TRENT,28-Apr-2022,960.0,PE,0.0,0.0,0.0,56.6,0.05,0,0.0,0,0,18-APR-2022,
OPTSTK,TRENT,28-Apr-2022,980.0,PE,0.0,0.0,0.0,65.2,0.05,0,0.0,0,0,18-APR-2022,
OPTSTK,TRENT,28-Apr-2022,1000.0,PE,0.0,0.0,0.0,2.05,0.1,0,0.0,3625,0,18-APR-2022,
OPTSTK,TRENT,28-Apr-2022,1020.0,PE,0.0,0.0,0.0,84.4,0.2,0,0.0,0,0,18-APR-2022,
OPTSTK,TRENT,28-Apr-2022,1040.0,PE,0.0,0.0,0.0,95.05,0.4,0,0.0,0,0,18-APR-2022,
OPTSTK,TRENT,28-Apr-2022,1060.0,PE,0.0,0.0,0.0,106.4,0.85,0,0.0,0,0,18-APR-2022,
OPTSTK,TRENT,28-Apr-2022,1080.0,PE,0.0,0.0,0.0,118.35,1.6,0,0.0,0,0,18-APR-2022,
OPTSTK,TRENT,28-Apr-2022,1100.0,PE,6.0,9.85,3.05,5.05,5.05,25,200.3,68875,-2900,18-APR-2022,
OPTSTK,TRENT,28-Apr-2022,1120.0,PE,0.0,0.0,0.0,144.15,4.85,0,0.0,0,0,18-APR-2022,
OPTSTK,TRENT,28-Apr-2022,1140.0,PE,7.85,9.0,7.85,9.0,7.8,4,33.31,3625,1450,18-APR-2022,
OPTSTK,TRENT,28-Apr-2022,1160.0,PE,12.5,12.5,12.5,12.5,11.95,1,8.5,5075,725,18-APR-2022,
OPTSTK,TRENT,28-Apr-2022,1180.0,PE,22.25,23.85,18.05,18.05,17.55,5,43.57,3625,-2175,18-APR-2022,
OPTSTK,TRENT,28-Apr-2022,1200.0,PE,31.05,31.05,20.0,26.8,26.8,100,887.93,176175,-4350,18-APR-2022,
OPTSTK,TRENT,28-Apr-2022,1220.0,PE,31.35,34.55,25.95,33.5,33.5,11,99.71,5800,2175,18-APR-2022,
OPTSTK,TRENT,28-Apr-2022,1240.0,PE,43.0,47.0,43.0,47.0,47.0,5,46.58,8700,1450,18-APR-2022,
OPTSTK,TRENT,28-Apr-2022,1260.0,PE,53.0,53.0,53.0,53.0,56.9,2,19.03,33350,-1450,18-APR-2022,
OPTSTK,TRENT,28-Apr-2022,1280.0,PE,71.0,71.0,61.55,67.95,67.95,5,48.86,21750,2175,18-APR-2022,
OPTSTK,TRENT,28-Apr-2022,1300.0,PE,74.75,74.75,74.75,74.75,86.3,1,9.96,45675,0,18-APR-2022,
OPTSTK,TRENT,28-Apr-2022,1320.0,PE,94.5,94.5,94.5,94.5,102.8,1,10.25,6525,725,18-APR-2022,
OPTSTK,TRENT,28-Apr-2022,1340.0,PE,0.0,0.0,0.0,83.15,120.25,0,0.0,2900,0,18-APR-2022,
OPTSTK,TRENT,28-Apr-2022,1360.0,PE,0.0,0.0,0.0,337.15,138.45,0,0.0,0,0,18-APR-2022,
OPTSTK,TRENT,28-Apr-2022,1380.0,PE,0.0,0.0,0.0,355.2,157.2,0,0.0,0,0,18-APR-2022,
OPTSTK,TRENT,28-Apr-2022,1400.0,PE,0.0,0.0,0.0,99.0,176.35,0,0.0,1450,0,18-APR-2022,
OPTSTK,TRENT,28-Apr-2022,1420.0,PE,0.0,0.0,0.0,391.9,195.8,0,0.0,0,0,18-APR-2022,
OPTSTK,TRENT,28-Apr-2022,1440.0,PE,0.0,0.0,0.0,410.55,215.45,0,0.0,0,0,18-APR-2022,
OPTSTK,TRENT,28-Apr-2022,1460.0,PE,0.0,0.0,0.0,429.25,235.2,0,0.0,0,0,18-APR-2022,
OPTSTK,TRENT,28-Apr-2022,1480.0,PE,0.0,0.0,0.0,440.05,255.05,0,0.0,0,0,18-APR-2022,
OPTSTK,TRENT,28-Apr-2022,1500.0,PE,0.0,0.0,0.0,432.0,275.0,0,0.0,0,0,18-APR-2022,
OPTSTK,TRENT,28-Apr-2022,1520.0,PE,0.0,0.0,0.0,416.6,294.9,0,0.0,0,0,18-APR-2022,
OPTSTK,TRENT,28-Apr-2022,1540.0,PE,0.0,0.0,0.0,435.3,314.85,0,0.0,0,0,18-APR-2022,
OPTSTK,TRENT,28-Apr-2022,1560.0,PE,0.0,0.0,0.0,422.2,334.85,0,0.0,0,0,18-APR-2022,
OPTSTK,TRENT,26-May-2022,700.0,CE,0.0,0.0,0.0,331.0,526.55,0,0.0,0,0,18-APR-2022,
OPTSTK,TRENT,26-May-2022,720.0,CE,0.0,0.0,0.0,312.35,506.65,0,0.0,0,0,18-APR-2022,
OPTSTK,TRENT,26-May-2022,740.0,CE,0.0,0.0,0.0,294.05,486.75,0,0.0,0,0,18-APR-2022,
OPTSTK,TRENT,26-May-2022,760.0,CE,0.0,0.0,0.0,276.1,466.85,0,0.0,0,0,18-APR-2022,
OPTSTK,TRENT,26-May-2022,780.0,CE,0.0,0.0,0.0,258.55,446.95,0,0.0,0,0,18-APR-2022,
OPTSTK,TRENT,26-May-2022,800.0,CE,0.0,0.0,0.0,241.5,427.05,0,0.0,0,0,18-APR-2022,
OPTSTK,TRENT,26-May-2022,820.0,CE,0.0,0.0,0.0,224.95,407.2,0,0.0,0,0,18-APR-2022,
OPTSTK,TRENT,26-May-2022,840.0,CE,0.0,0.0,0.0,208.95,387.35,0,0.0,0,0,18-APR-2022,
OPTSTK,TRENT,26-May-2022,860.0,CE,0.0,0.0,0.0,193.55,367.6,0,0.0,0,0,18-APR-2022,
OPTSTK,TRENT,26-May-2022,880.0,CE,0.0,0.0,0.0,178.85,347.9,0,0.0,0,0,18-APR-2022,
OPTSTK,TRENT,26-May-2022,900.0,CE,0.0,0.0,0.0,164.8,328.3,0,0.0,0,0,18-APR-2022,
OPTSTK,TRENT,26-May-2022,920.0,CE,0.0,0.0,0.0,151.4,308.8,0,0.0,0,0,18-APR-2022,
OPTSTK,TRENT,26-May-2022,940.0,CE,0.0,0.0,0.0,138.75,289.55,0,0.0,0,0,18-APR-2022,
OPTSTK,TRENT,26-May-2022,960.0,CE,0.0,0.0,0.0,126.8,270.5,0,0.0,0,0,18-APR-2022,
OPTSTK,TRENT,26-May-2022,980.0,CE,0.0,0.0,0.0,115.6,251.8,0,0.0,0,0,18-APR-2022,
OPTSTK,TRENT,26-May-2022,1000.0,CE,0.0,0.0,0.0,105.1,233.4,0,0.0,0,0,18-APR-2022,
OPTSTK,TRENT,26-May-2022,1020.0,CE,0.0,0.0,0.0,95.35,215.5,0,0.0,0,0,18-APR-2022,
OPTSTK,TRENT,26-May-2022,1040.0,CE,0.0,0.0,0.0,86.25,198.1,0,0.0,0,0,18-APR-2022,
OPTSTK,TRENT,26-May-2022,1060.0,CE,0.0,0.0,0.0,77.85,181.25,0,0.0,0,0,18-APR-2022,
OPTSTK,TRENT,26-May-2022,1080.0,CE,0.0,0.0,0.0,70.15,165.1,0,0.0,0,0,18-APR-2022,
OPTSTK,TRENT,26-May-2022,1100.0,CE,0.0,0.0,0.0,63.0,149.65,0,0.0,0,0,18-APR-2022,
OPTSTK,TRENT,26-May-2022,1120.0,CE,0.0,0.0,0.0,56.5,135.0,0,0.0,0,0,18-APR-2022,
OPTSTK,TRENT,26-May-2022,1140.0,CE,0.0,0.0,0.0,50.55,121.1,0,0.0,0,0,18-APR-2022,
OPTSTK,TRENT,26-May-2022,1160.0,CE,0.0,0.0,0.0,45.15,108.15,0,0.0,0,0,18-APR-2022,
OPTSTK,TRENT,26-May-2022,1180.0,CE,0.0,0.0,0.0,40.25,96.1,0,0.0,0,0,18-APR-2022,
OPTSTK,TRENT,26-May-2022,1200.0,CE,0.0,0.0,0.0,35.85,84.95,0,0.0,0,0,18-APR-2022,
OPTSTK,TRENT,26-May-2022,1220.0,CE,0.0,0.0,0.0,31.85,74.75,0,0.0,0,0,18-APR-2022,
OPTSTK,TRENT,26-May-2022,1240.0,CE,0.0,0.0,0.0,28.2,65.4,0,0.0,0,0,18-APR-2022,
OPTSTK,TRENT,26-May-2022,1260.0,CE,0.0,0.0,0.0,24.95,56.95,0,0.0,0,0,18-APR-2022,
OPTSTK,TRENT,26-May-2022,1280.0,CE,0.0,0.0,0.0,22.05,49.35,0,0.0,0,0,18-APR-2022,
OPTSTK,TRENT,26-May-2022,1300.0,CE,0.0,0.0,0.0,85.95,42.55,0,0.0,725,0,18-APR-2022,
OPTSTK,TRENT,26-May-2022,1320.0,CE,0.0,0.0,0.0,17.1,36.5,0,0.0,0,0,18-APR-2022,
OPTSTK,TRENT,26-May-2022,1340.0,CE,0.0,0.0,0.0,15.05,31.2,0,0.0,0,0,18-APR-2022,
OPTSTK,TRENT,26-May-2022,1360.0,CE,0.0,0.0,0.0,13.2,26.55,0,0.0,0,0,18-APR-2022,
OPTSTK,TRENT,26-May-2022,1380.0,CE,0.0,0.0,0.0,11.6,22.45,0,0.0,0,0,18-APR-2022,
OPTSTK,TRENT,26-May-2022,1400.0,CE,0.0,0.0,0.0,32.0,18.9,0,0.0,2900,0,18-APR-2022,
OPTSTK,TRENT,26-May-2022,1420.0,CE,0.0,0.0,0.0,8.85,15.85,0,0.0,0,0,18-APR-2022,
OPTSTK,TRENT,26-May-2022,1440.0,CE,0.0,0.0,0.0,7.75,13.25,0,0.0,0,0,18-APR-2022,
OPTSTK,TRENT,26-May-2022,1460.0,CE,0.0,0.0,0.0,6.75,11.0,0,0.0,0,0,18-APR-2022,
OPTSTK,TRENT,26-May-2022,1480.0,CE,0.0,0.0,0.0,32.0,9.1,0,0.0,3625,0,18-APR-2022,
OPTSTK,TRENT,26-May-2022,1500.0,CE,0.0,0.0,0.0,8.1,7.5,0,0.0,0,0,18-APR-2022,
OPTSTK,TRENT,26-May-2022,1520.0,CE,0.0,0.0,0.0,10.0,6.2,0,0.0,1450,0,18-APR-2022,
OPTSTK,TRENT,26-May-2022,1540.0,CE,0.0,0.0,0.0,8.95,5.05,0,0.0,0,0,18-APR-2022,
OPTSTK,TRENT,26-May-2022,1560.0,CE,0.0,0.0,0.0,9.4,4.15,0,0.0,0,0,18-APR-2022,
OPTSTK,TRENT,26-May-2022,700.0,PE,0.0,0.0,0.0,3.05,0.0,0,0.0,0,0,18-APR-2022,
OPTSTK,TRENT,26-May-2022,720.0,PE,0.0,0.0,0.0,4.2,0.0,0,0.0,0,0,18-APR-2022,
OPTSTK,TRENT,26-May-2022,740.0,PE,0.0,0.0,0.0,5.65,0.05,0,0.0,0,0,18-APR-2022,
OPTSTK,TRENT,26-May-2022,760.0,PE,0.0,0.0,0.0,7.5,0.05,0,0.0,0,0,18-APR-2022,
OPTSTK,TRENT,26-May-2022,780.0,PE,0.0,0.0,0.0,9.75,0.05,0,0.0,0,0,18-APR-2022,
OPTSTK,TRENT,26-May-2022,800.0,PE,0.0,0.0,0.0,12.45,0.1,0,0.0,0,0,18-APR-2022,
OPTSTK,TRENT,26-May-2022,820.0,PE,0.0,0.0,0.0,15.7,0.15,0,0.0,0,0,18-APR-2022,
OPTSTK,TRENT,26-May-2022,840.0,PE,0.0,0.0,0.0,19.5,0.2,0,0.0,0,0,18-APR-2022,
OPTSTK,TRENT,26-May-2022,860.0,PE,0.0,0.0,0.0,23.9,0.35,0,0.0,0,0,18-APR-2022,
OPTSTK,TRENT,26-May-2022,880.0,PE,0.0,0.0,0.0,29.0,0.55,0,0.0,0,0,18-APR-2022,
OPTSTK,TRENT,26-May-2022,900.0,PE,0.0,0.0,0.0,34.7,0.85,0,0.0,0,0,18-APR-2022,
OPTSTK,TRENT,26-May-2022,920.0,PE,0.0,0.0,0.0,41.1,1.3,0,0.0,0,0,18-APR-2022,
OPTSTK,TRENT,26-May-2022,940.0,PE,0.0,0.0,0.0,48.25,1.95,0,0.0,0,0,18-APR-2022,
OPTSTK,TRENT,26-May-2022,960.0,PE,0.0,0.0,0.0,56.1,2.8,0,0.0,0,0,18-APR-2022,
OPTSTK,TRENT,26-May-2022,980.0,PE,0.0,0.0,0.0,64.7,4.0,0,0.0,0,0,18-APR-2022,
OPTSTK,TRENT,26-May-2022,1000.0,PE,0.0,0.0,0.0,74.0,5.55,0,0.0,0,0,18-APR-2022,
OPTSTK,TRENT,26-May-2022,1020.0,PE,0.0,0.0,0.0,84.0,7.55,0,0.0,0,0,18-APR-2022,
OPTSTK,TRENT,26-May-2022,1040.0,PE,0.0,0.0,0.0,94.75,10.05,0,0.0,0,0,18-APR-2022,
OPTSTK,TRENT,26-May-2022,1060.0,PE,0.0,0.0,0.0,106.15,13.1,0,0.0,0,0,18-APR-2022,
OPTSTK,TRENT,26-May-2022,1080.0,PE,0.0,0.0,0.0,118.2,16.85,0,0.0,0,0,18-APR-2022,
OPTSTK,TRENT,26-May-2022,1100.0,PE,0.0,0.0,0.0,130.85,21.35,0,0.0,0,0,18-APR-2022,
OPTSTK,TRENT,26-May-2022,1120.0,PE,0.0,0.0,0.0,144.15,26.6,0,0.0,0,0,18-APR-2022,
OPTSTK,TRENT,26-May-2022,1140.0,PE,0.0,0.0,0.0,157.95,32.65,0,0.0,0,0,18-APR-2022,
OPTSTK,TRENT,26-May-2022,1160.0,PE,0.0,0.0,0.0,172.35,39.6,0,0.0,0,0,18-APR-2022,
OPTSTK,TRENT,26-May-2022,1180.0,PE,0.0,0.0,0.0,187.25,47.45,0,0.0,0,0,18-APR-2022,
OPTSTK,TRENT,26-May-2022,1200.0,PE,0.0,0.0,0.0,202.65,56.2,0,0.0,0,0,18-APR-2022,
OPTSTK,TRENT,26-May-2022,1220.0,PE,0.0,0.0,0.0,218.4,65.9,0,0.0,0,0,18-APR-2022,
OPTSTK,TRENT,26-May-2022,1240.0,PE,0.0,0.0,0.0,234.55,76.45,0,0.0,0,0,18-APR-2022,
OPTSTK,TRENT,26-May-2022,1260.0,PE,0.0,0.0,0.0,251.1,87.95,0,0.0,0,0,18-APR-2022,
OPTSTK,TRENT,26-May-2022,1280.0,PE,0.0,0.0,0.0,268.0,100.25,0,0.0,0,0,18-APR-2022,
OPTSTK,TRENT,26-May-2022,1300.0,PE,0.0,0.0,0.0,285.15,113.35,0,0.0,0,0,18-APR-2022,
OPTSTK,TRENT,26-May-2022,1320.0,PE,0.0,0.0,0.0,302.65,127.2,0,0.0,0,0,18-APR-2022,
OPTSTK,TRENT,26-May-2022,1340.0,PE,0.0,0.0,0.0,320.35,141.85,0,0.0,0,0,18-APR-2022,
OPTSTK,TRENT,26-May-2022,1360.0,PE,0.0,0.0,0.0,338.3,157.1,0,0.0,0,0,18-APR-2022,
OPTSTK,TRENT,26-May-2022,1380.0,PE,0.0,0.0,0.0,356.5,172.9,0,0.0,0,0,18-APR-2022,
OPTSTK,TRENT,26-May-2022,1400.0,PE,0.0,0.0,0.0,374.85,189.25,0,0.0,0,0,18-APR-2022,
OPTSTK,TRENT,26-May-2022,1420.0,PE,0.0,0.0,0.0,393.35,206.15,0,0.0,0,0,18-APR-2022,
OPTSTK,TRENT,26-May-2022,1440.0,PE,0.0,0.0,0.0,412.05,223.45,0,0.0,0,0,18-APR-2022,
OPTSTK,TRENT,26-May-2022,1460.0,PE,0.0,0.0,0.0,430.85,241.1,0,0.0,0,0,18-APR-2022,
OPTSTK,TRENT,26-May-2022,1480.0,PE,0.0,0.0,0.0,404.15,259.15,0,0.0,0,0,18-APR-2022,
OPTSTK,TRENT,26-May-2022,1500.0,PE,0.0,0.0,0.0,422.8,277.45,0,0.0,0,0,18-APR-2022,
OPTSTK,TRENT,26-May-2022,1520.0,PE,0.0,0.0,0.0,441.6,296.0,0,0.0,0,0,18-APR-2022,
OPTSTK,TRENT,26-May-2022,1540.0,PE,0.0,0.0,0.0,425.65,314.8,0,0.0,0,0,18-APR-2022,
OPTSTK,TRENT,26-May-2022,1560.0,PE,0.0,0.0,0.0,423.2,333.8,0,0.0,0,0,18-APR-2022,
OPTSTK,TRENT,30-Jun-2022,800.0,CE,0.0,0.0,0.0,485.4,431.3,0,0.0,0,0,18-APR-2022,
OPTSTK,TRENT,30-Jun-2022,820.0,CE,0.0,0.0,0.0,466.1,411.95,0,0.0,0,0,18-APR-2022,
OPTSTK,TRENT,30-Jun-2022,840.0,CE,0.0,0.0,0.0,447.0,392.7,0,0.0,0,0,18-APR-2022,
OPTSTK,TRENT,30-Jun-2022,860.0,CE,0.0,0.0,0.0,428.05,373.65,0,0.0,0,0,18-APR-2022,
OPTSTK,TRENT,30-Jun-2022,880.0,CE,0.0,0.0,0.0,409.3,354.8,0,0.0,0,0,18-APR-2022,
OPTSTK,TRENT,30-Jun-2022,900.0,CE,0.0,0.0,0.0,390.8,336.25,0,0.0,0,0,18-APR-2022,
OPTSTK,TRENT,30-Jun-2022,920.0,CE,0.0,0.0,0.0,372.55,317.95,0,0.0,0,0,18-APR-2022,
OPTSTK,TRENT,30-Jun-2022,940.0,CE,0.0,0.0,0.0,354.6,300.0,0,0.0,0,0,18-APR-2022,
OPTSTK,TRENT,30-Jun-2022,960.0,CE,0.0,0.0,0.0,336.95,282.45,0,0.0,0,0,18-APR-2022,
OPTSTK,TRENT,30-Jun-2022,980.0,CE,0.0,0.0,0.0,319.7,265.3,0,0.0,0,0,18-APR-2022,
OPTSTK,TRENT,30-Jun-2022,1000.0,CE,0.0,0.0,0.0,302.8,248.65,0,0.0,0,0,18-APR-2022,
OPTSTK,TRENT,30-Jun-2022,1020.0,CE,0.0,0.0,0.0,286.35,232.45,0,0.0,0,0,18-APR-2022,
OPTSTK,TRENT,30-Jun-2022,1040.0,CE,0.0,0.0,0.0,270.3,216.8,0,0.0,0,0,18-APR-2022,
OPTSTK,TRENT,30-Jun-2022,1060.0,CE,0.0,0.0,0.0,254.75,201.8,0,0.0,0,0,18-APR-2022,
OPTSTK,TRENT,30-Jun-2022,1080.0,CE,0.0,0.0,0.0,239.7,187.3,0,0.0,0,0,18-APR-2022,
OPTSTK,TRENT,30-Jun-2022,1100.0,CE,0.0,0.0,0.0,225.2,173.45,0,0.0,0,0,18-APR-2022,
OPTSTK,TRENT,30-Jun-2022,1120.0,CE,0.0,0.0,0.0,211.2,160.2,0,0.0,0,0,18-APR-2022,
OPTSTK,TRENT,30-Jun-2022,1140.0,CE,0.0,0.0,0.0,197.65,147.65,0,0.0,0,0,18-APR-2022,
OPTSTK,TRENT,30-Jun-2022,1160.0,CE,0.0,0.0,0.0,184.75,135.75,0,0.0,0,0,18-APR-2022,
OPTSTK,TRENT,30-Jun-2022,1180.0,CE,0.0,0.0,0.0,172.4,124.55,0,0.0,0,0,18-APR-2022,
OPTSTK,TRENT,30-Jun-2022,1200.0,CE,0.0,0.0,0.0,160.65,114.0,0,0.0,0,0,18-APR-2022,
OPTSTK,TRENT,30-Jun-2022,1220.0,CE,0.0,0.0,0.0,149.45,104.1,0,0.0,0,0,18-APR-2022,
OPTSTK,TRENT,30-Jun-2022,1240.0,CE,0.0,0.0,0.0,138.8,94.85,0,0.0,0,0,18-APR-2022,
OPTSTK,TRENT,30-Jun-2022,1260.0,CE,0.0,0.0,0.0,128.75,86.25,0,0.0,0,0,18-APR-2022,
OPTSTK,TRENT,30-Jun-2022,1280.0,CE,0.0,0.0,0.0,119.25,78.2,0,0.0,0,0,18-APR-2022,
OPTSTK,TRENT,30-Jun-2022,1300.0,CE,0.0,0.0,0.0,110.25,70.8,0,0.0,0,0,18-APR-2022,
OPTSTK,TRENT,30-Jun-2022,1320.0,CE,0.0,0.0,0.0,101.8,63.95,0,0.0,0,0,18-APR-2022,
OPTSTK,TRENT,30-Jun-2022,1340.0,CE,0.0,0.0,0.0,93.85,57.65,0,0.0,0,0,18-APR-2022,
OPTSTK,TRENT,30-Jun-2022,1360.0,CE,0.0,0.0,0.0,86.45,51.9,0,0.0,0,0,18-APR-2022,
OPTSTK,TRENT,30-Jun-2022,1380.0,CE,0.0,0.0,0.0,79.5,46.6,0,0.0,0,0,18-APR-2022,
OPTSTK,TRENT,30-Jun-2022,1400.0,CE,0.0,0.0,0.0,73.0,41.85,0,0.0,0,0,18-APR-2022,
OPTSTK,TRENT,30-Jun-2022,1420.0,CE,0.0,0.0,0.0,66.95,37.45,0,0.0,0,0,18-APR-2022,
OPTSTK,TRENT,30-Jun-2022,1440.0,CE,0.0,0.0,0.0,61.35,33.45,0,0.0,0,0,18-APR-2022,
OPTSTK,TRENT,30-Jun-2022,1460.0,CE,0.0,0.0,0.0,56.1,29.8,0,0.0,0,0,18-APR-2022,
OPTSTK,TRENT,30-Jun-2022,1480.0,CE,0.0,0.0,0.0,51.35,26.55,0,0.0,0,0,18-APR-2022,
OPTSTK,TRENT,30-Jun-2022,1500.0,CE,0.0,0.0,0.0,46.9,23.6,0,0.0,0,0,18-APR-2022,
OPTSTK,TRENT,30-Jun-2022,1520.0,CE,0.0,0.0,0.0,42.8,20.95,0,0.0,0,0,18-APR-2022,
OPTSTK,TRENT,30-Jun-2022,1540.0,CE,0.0,0.0,0.0,38.95,18.55,0,0.0,0,0,18-APR-2022,
OPTSTK,TRENT,30-Jun-2022,1560.0,CE,0.0,0.0,0.0,35.45,16.4,0,0.0,0,0,18-APR-2022,
OPTSTK,TRENT,30-Jun-2022,800.0,PE,0.0,0.0,0.0,1.45,1.1,0,0.0,0,0,18-APR-2022,
OPTSTK,TRENT,30-Jun-2022,820.0,PE,0.0,0.0,0.0,2.0,1.55,0,0.0,0,0,18-APR-2022,
OPTSTK,TRENT,30-Jun-2022,840.0,PE,0.0,0.0,0.0,2.65,2.15,0,0.0,0,0,18-APR-2022,
OPTSTK,TRENT,30-Jun-2022,860.0,PE,0.0,0.0,0.0,3.5,2.9,0,0.0,0,0,18-APR-2022,
OPTSTK,TRENT,30-Jun-2022,880.0,PE,0.0,0.0,0.0,4.55,3.9,0,0.0,0,0,18-APR-2022,
OPTSTK,TRENT,30-Jun-2022,900.0,PE,0.0,0.0,0.0,5.85,5.15,0,0.0,0,0,18-APR-2022,
OPTSTK,TRENT,30-Jun-2022,920.0,PE,0.0,0.0,0.0,7.35,6.7,0,0.0,0,0,18-APR-2022,
OPTSTK,TRENT,30-Jun-2022,940.0,PE,0.0,0.0,0.0,9.2,8.6,0,0.0,0,0,18-APR-2022,
OPTSTK,TRENT,30-Jun-2022,960.0,PE,0.0,0.0,0.0,11.35,10.9,0,0.0,0,0,18-APR-2022,
OPTSTK,TRENT,30-Jun-2022,980.0,PE,0.0,0.0,0.0,13.9,13.55,0,0.0,0,0,18-APR-2022,
OPTSTK,TRENT,30-Jun-2022,1000.0,PE,0.0,0.0,0.0,16.8,16.7,0,0.0,0,0,18-APR-2022,
OPTSTK,TRENT,30-Jun-2022,1020.0,PE,0.0,0.0,0.0,20.1,20.4,0,0.0,0,0,18-APR-2022,
OPTSTK,TRENT,30-Jun-2022,1040.0,PE,0.0,0.0,0.0,23.85,24.55,0,0.0,0,0,18-APR-2022,
OPTSTK,TRENT,30-Jun-2022,1060.0,PE,0.0,0.0,0.0,28.1,29.35,0,0.0,0,0,18-APR-2022,
OPTSTK,TRENT,30-Jun-2022,1080.0,PE,0.0,0.0,0.0,32.85,34.7,0,0.0,0,0,18-APR-2022,
OPTSTK,TRENT,30-Jun-2022,1100.0,PE,0.0,0.0,0.0,38.15,40.7,0,0.0,0,0,18-APR-2022,
OPTSTK,TRENT,30-Jun-2022,1120.0,PE,0.0,0.0,0.0,43.9,47.25,0,0.0,0,0,18-APR-2022,
OPTSTK,TRENT,30-Jun-2022,1140.0,PE,0.0,0.0,0.0,50.15,54.55,0,0.0,0,0,18-APR-2022,
OPTSTK,TRENT,30-Jun-2022,1160.0,PE,0.0,0.0,0.0,57.05,62.5,0,0.0,0,0,18-APR-2022,
OPTSTK,TRENT,30-Jun-2022,1180.0,PE,0.0,0.0,0.0,64.5,71.1,0,0.0,0,0,18-APR-2022,
OPTSTK,TRENT,30-Jun-2022,1200.0,PE,0.0,0.0,0.0,72.55,80.4,0,0.0,0,0,18-APR-2022,
OPTSTK,TRENT,30-Jun-2022,1220.0,PE,0.0,0.0,0.0,81.15,90.3,0,0.0,0,0,18-APR-2022,
OPTSTK,TRENT,30-Jun-2022,1240.0,PE,0.0,0.0,0.0,90.3,100.9,0,0.0,0,0,18-APR-2022,
OPTSTK,TRENT,30-Jun-2022,1260.0,PE,0.0,0.0,0.0,100.0,112.1,0,0.0,0,0,18-APR-2022,
OPTSTK,TRENT,30-Jun-2022,1280.0,PE,0.0,0.0,0.0,110.25,123.95,0,0.0,0,0,18-APR-2022,
OPTSTK,TRENT,30-Jun-2022,1300.0,PE,0.0,0.0,0.0,121.1,136.35,0,0.0,0,0,18-APR-2022,
OPTSTK,TRENT,30-Jun-2022,1320.0,PE,0.0,0.0,0.0,132.4,149.35,0,0.0,0,0,18-APR-2022,
OPTSTK,TRENT,30-Jun-2022,1340.0,PE,0.0,0.0,0.0,144.3,162.9,0,0.0,0,0,18-APR-2022,
OPTSTK,TRENT,30-Jun-2022,1360.0,PE,0.0,0.0,0.0,156.65,176.95,0,0.0,0,0,18-APR-2022,
OPTSTK,TRENT,30-Jun-2022,1380.0,PE,0.0,0.0,0.0,169.45,191.45,0,0.0,0,0,18-APR-2022,
OPTSTK,TRENT,30-Jun-2022,1400.0,PE,0.0,0.0,0.0,182.75,206.55,0,0.0,0,0,18-APR-2022,
OPTSTK,TRENT,30-Jun-2022,1420.0,PE,0.0,0.0,0.0,196.5,222.0,0,0.0,0,0,18-APR-2022,
OPTSTK,TRENT,30-Jun-2022,1440.0,PE,0.0,0.0,0.0,210.7,237.8,0,0.0,0,0,18-APR-2022,
OPTSTK,TRENT,30-Jun-2022,1460.0,PE,0.0,0.0,0.0,225.25,254.0,0,0.0,0,0,18-APR-2022,
OPTSTK,TRENT,30-Jun-2022,1480.0,PE,0.0,0.0,0.0,240.3,270.55,0,0.0,0,0,18-APR-2022,
OPTSTK,TRENT,30-Jun-2022,1500.0,PE,0.0,0.0,0.0,255.65,287.45,0,0.0,0,0,18-APR-2022,
OPTSTK,TRENT,30-Jun-2022,1520.0,PE,0.0,0.0,0.0,271.3,304.6,0,0.0,0,0,18-APR-2022,
OPTSTK,TRENT,30-Jun-2022,1540.0,PE,0.0,0.0,0.0,287.25,322.05,0,0.0,0,0,18-APR-2022,
OPTSTK,TRENT,30-Jun-2022,1560.0,PE,0.0,0.0,0.0,303.55,339.75,0,0.0,0,0,18-APR-2022,
OPTSTK,TVSMOTOR,28-Apr-2022,390.0,CE,0.0,0.0,0.0,244.15,266.45,0,0.0,0,0,18-APR-2022,
OPTSTK,TVSMOTOR,28-Apr-2022,400.0,CE,0.0,0.0,0.0,234.35,256.45,0,0.0,0,0,18-APR-2022,
OPTSTK,TVSMOTOR,28-Apr-2022,410.0,CE,0.0,0.0,0.0,224.6,246.5,0,0.0,0,0,18-APR-2022,
OPTSTK,TVSMOTOR,28-Apr-2022,420.0,CE,0.0,0.0,0.0,214.9,236.5,0,0.0,0,0,18-APR-2022,
OPTSTK,TVSMOTOR,28-Apr-2022,430.0,CE,0.0,0.0,0.0,205.3,226.5,0,0.0,0,0,18-APR-2022,
OPTSTK,TVSMOTOR,28-Apr-2022,440.0,CE,0.0,0.0,0.0,195.7,216.5,0,0.0,0,0,18-APR-2022,
OPTSTK,TVSMOTOR,28-Apr-2022,450.0,CE,0.0,0.0,0.0,186.25,206.55,0,0.0,0,0,18-APR-2022,
OPTSTK,TVSMOTOR,28-Apr-2022,460.0,CE,0.0,0.0,0.0,176.95,196.55,0,0.0,0,0,18-APR-2022,
OPTSTK,TVSMOTOR,28-Apr-2022,470.0,CE,0.0,0.0,0.0,123.15,186.55,0,0.0,1400,0,18-APR-2022,
OPTSTK,TVSMOTOR,28-Apr-2022,480.0,CE,0.0,0.0,0.0,158.65,176.55,0,0.0,0,0,18-APR-2022,
OPTSTK,TVSMOTOR,28-Apr-2022,490.0,CE,0.0,0.0,0.0,149.75,166.55,0,0.0,0,0,18-APR-2022,
OPTSTK,TVSMOTOR,28-Apr-2022,500.0,CE,0.0,0.0,0.0,141.1,156.6,0,0.0,0,0,18-APR-2022,
OPTSTK,TVSMOTOR,28-Apr-2022,510.0,CE,0.0,0.0,0.0,132.6,146.6,0,0.0,0,0,18-APR-2022,
OPTSTK,TVSMOTOR,28-Apr-2022,520.0,CE,0.0,0.0,0.0,124.35,136.6,0,0.0,0,0,18-APR-2022,
OPTSTK,TVSMOTOR,28-Apr-2022,530.0,CE,0.0,0.0,0.0,116.35,126.6,0,0.0,0,0,18-APR-2022,
OPTSTK,TVSMOTOR,28-Apr-2022,540.0,CE,0.0,0.0,0.0,108.65,116.65,0,0.0,0,0,18-APR-2022,
OPTSTK,TVSMOTOR,28-Apr-2022,550.0,CE,0.0,0.0,0.0,101.2,106.7,0,0.0,0,0,18-APR-2022,
OPTSTK,TVSMOTOR,28-Apr-2022,560.0,CE,0.0,0.0,0.0,94.05,96.75,0,0.0,0,0,18-APR-2022,
OPTSTK,TVSMOTOR,28-Apr-2022,570.0,CE,0.0,0.0,0.0,87.15,86.9,0,0.0,0,0,18-APR-2022,
OPTSTK,TVSMOTOR,28-Apr-2022,580.0,CE,0.0,0.0,0.0,20.55,77.15,0,0.0,1400,0,18-APR-2022,
OPTSTK,TVSMOTOR,28-Apr-2022,590.0,CE,0.0,0.0,0.0,74.4,67.6,0,0.0,0,0,18-APR-2022,
OPTSTK,TVSMOTOR,28-Apr-2022,600.0,CE,55.2,67.25,49.0,59.0,59.0,12,110.58,61600,2800,18-APR-2022,
OPTSTK,TVSMOTOR,28-Apr-2022,610.0,CE,42.4,55.0,40.7,55.0,49.5,8,73.42,21000,1400,18-APR-2022,
OPTSTK,TVSMOTOR,28-Apr-2022,620.0,CE,35.0,48.0,30.95,48.0,41.2,16,147.39,180600,-4200,18-APR-2022,
OPTSTK,TVSMOTOR,28-Apr-2022,630.0,CE,26.0,39.35,23.95,33.25,33.25,27,250.94,109200,-11200,18-APR-2022,
OPTSTK,TVSMOTOR,28-Apr-2022,640.0,CE,20.8,32.1,18.0,26.4,26.4,97,899.92,116200,-5600,18-APR-2022,
OPTSTK,TVSMOTOR,28-Apr-2022,650.0,CE,1.1,25.6,1.1,19.85,19.85,960,8976.17,180600,-58800,18-APR-2022,
OPTSTK,TVSMOTOR,28-Apr-2022,660.0,CE,8.2,19.8,8.0,14.75,14.75,1508,14233.86,389200,49000,18-APR-2022,
OPTSTK,TVSMOTOR,28-Apr-2022,670.0,CE,7.6,14.7,4.45,10.55,10.55,931,8875.12,280000,68600,18-APR-2022,
OPTSTK,TVSMOTOR,28-Apr-2022,680.0,CE,4.0,10.75,3.7,7.35,7.35,1146,11029.23,404600,235200,18-APR-2022,
OPTSTK,TVSMOTOR,28-Apr-2022,690.0,CE,3.8,7.6,2.4,5.15,5.15,365,3551.69,330400,46200,18-APR-2022,
OPTSTK,TVSMOTOR,28-Apr-2022,700.0,CE,1.75,5.3,1.4,3.5,3.5,868,8547.05,497000,29400,18-APR-2022,
OPTSTK,TVSMOTOR,28-Apr-2022,710.0,CE,1.3,3.55,1.0,2.4,2.4,177,1765.03,91000,-21000,18-APR-2022,
OPTSTK,TVSMOTOR,28-Apr-2022,720.0,CE,1.0,2.5,0.65,1.7,1.7,201,2030.55,152600,37800,18-APR-2022,
OPTSTK,TVSMOTOR,28-Apr-2022,730.0,CE,0.6,1.75,0.45,1.1,1.1,76,777.91,56000,18200,18-APR-2022,
OPTSTK,TVSMOTOR,28-Apr-2022,740.0,CE,0.4,1.4,0.4,0.95,0.95,53,549.91,43400,-8400,18-APR-2022,
OPTSTK,TVSMOTOR,28-Apr-2022,750.0,CE,0.4,0.95,0.3,0.8,0.8,48,504.39,110600,-18200,18-APR-2022,
OPTSTK,TVSMOTOR,28-Apr-2022,760.0,CE,0.0,0.0,0.0,13.85,0.25,0,0.0,0,0,18-APR-2022,
OPTSTK,TVSMOTOR,28-Apr-2022,770.0,CE,0.35,0.8,0.35,0.6,0.15,12,129.44,35000,5600,18-APR-2022,
OPTSTK,TVSMOTOR,28-Apr-2022,780.0,CE,0.0,0.0,0.0,0.15,0.1,0,0.0,2800,0,18-APR-2022,
OPTSTK,TVSMOTOR,28-Apr-2022,790.0,CE,0.0,0.0,0.0,9.75,0.05,0,0.0,0,0,18-APR-2022,
OPTSTK,TVSMOTOR,28-Apr-2022,800.0,CE,0.0,0.0,0.0,8.65,0.05,0,0.0,0,0,18-APR-2022,
OPTSTK,TVSMOTOR,28-Apr-2022,810.0,CE,0.0,0.0,0.0,0.35,0.05,0,0.0,5600,0,18-APR-2022,
OPTSTK,TVSMOTOR,28-Apr-2022,820.0,CE,0.0,0.0,0.0,6.8,0.05,0,0.0,0,0,18-APR-2022,
OPTSTK,TVSMOTOR,28-Apr-2022,830.0,CE,0.25,0.25,0.25,0.25,0.0,2,23.24,39200,-1400,18-APR-2022,
OPTSTK,TVSMOTOR,28-Apr-2022,840.0,CE,0.3,0.3,0.3,0.3,0.0,1,11.76,15400,0,18-APR-2022,
OPTSTK,TVSMOTOR,28-Apr-2022,850.0,CE,0.0,0.0,0.0,4.65,0.0,0,0.0,0,0,18-APR-2022,
OPTSTK,TVSMOTOR,28-Apr-2022,860.0,CE,0.0,0.0,0.0,4.1,0.0,0,0.0,0,0,18-APR-2022,
OPTSTK,TVSMOTOR,28-Apr-2022,390.0,PE,0.0,0.0,0.0,0.1,0.0,0,0.0,1400,0,18-APR-2022,
OPTSTK,TVSMOTOR,28-Apr-2022,400.0,PE,0.0,0.0,0.0,1.1,0.0,0,0.0,1400,0,18-APR-2022,
OPTSTK,TVSMOTOR,28-Apr-2022,410.0,PE,0.0,0.0,0.0,0.5,0.0,0,0.0,0,0,18-APR-2022,
OPTSTK,TVSMOTOR,28-Apr-2022,420.0,PE,0.0,0.0,0.0,0.7,0.0,0,0.0,0,0,18-APR-2022,
OPTSTK,TVSMOTOR,28-Apr-2022,430.0,PE,0.0,0.0,0.0,0.95,0.0,0,0.0,0,0,18-APR-2022,
OPTSTK,TVSMOTOR,28-Apr-2022,440.0,PE,0.0,0.0,0.0,1.3,0.0,0,0.0,0,0,18-APR-2022,
OPTSTK,TVSMOTOR,28-Apr-2022,450.0,PE,0.0,0.0,0.0,0.55,0.0,0,0.0,1400,0,18-APR-2022,
OPTSTK,TVSMOTOR,28-Apr-2022,460.0,PE,0.0,0.0,0.0,0.15,0.0,0,0.0,2800,0,18-APR-2022,
OPTSTK,TVSMOTOR,28-Apr-2022,470.0,PE,0.0,0.0,0.0,0.2,0.0,0,0.0,7000,0,18-APR-2022,
OPTSTK,TVSMOTOR,28-Apr-2022,480.0,PE,0.0,0.0,0.0,3.8,0.0,0,0.0,0,0,18-APR-2022,
OPTSTK,TVSMOTOR,28-Apr-2022,490.0,PE,0.0,0.0,0.0,4.8,0.0,0,0.0,0,0,18-APR-2022,
OPTSTK,TVSMOTOR,28-Apr-2022,500.0,PE,0.0,0.0,0.0,0.5,0.0,0,0.0,9800,0,18-APR-2022,
OPTSTK,TVSMOTOR,28-Apr-2022,510.0,PE,0.0,0.0,0.0,7.45,0.0,0,0.0,0,0,18-APR-2022,
OPTSTK,TVSMOTOR,28-Apr-2022,520.0,PE,0.0,0.0,0.0,9.1,0.0,0,0.0,0,0,18-APR-2022,
OPTSTK,TVSMOTOR,28-Apr-2022,530.0,PE,0.1,0.1,0.1,0.1,0.05,2,14.84,1400,-2800,18-APR-2022,
OPTSTK,TVSMOTOR,28-Apr-2022,540.0,PE,0.0,0.0,0.0,13.15,0.05,0,0.0,0,0,18-APR-2022,
OPTSTK,TVSMOTOR,28-Apr-2022,550.0,PE,0.5,0.5,0.15,0.2,0.2,127,978.34,70000,-12600,18-APR-2022,
OPTSTK,TVSMOTOR,28-Apr-2022,560.0,PE,0.4,0.4,0.2,0.3,0.3,36,282.38,16800,0,18-APR-2022,
OPTSTK,TVSMOTOR,28-Apr-2022,570.0,PE,0.6,0.65,0.3,0.55,0.25,29,231.6,44800,-1400,18-APR-2022,
OPTSTK,TVSMOTOR,28-Apr-2022,580.0,PE,0.9,1.2,0.5,0.75,0.75,124,1008.14,106400,-5600,18-APR-2022,
OPTSTK,TVSMOTOR,28-Apr-2022,590.0,PE,1.0,1.75,0.8,1.0,1.0,71,587.7,75600,7000,18-APR-2022,
OPTSTK,TVSMOTOR,28-Apr-2022,600.0,PE,3.6,3.6,1.2,1.55,1.55,221,1861.9,259000,-23800,18-APR-2022,
OPTSTK,TVSMOTOR,28-Apr-2022,610.0,PE,3.4,4.0,1.85,2.5,2.5,118,1012.39,86800,21000,18-APR-2022,
OPTSTK,TVSMOTOR,28-Apr-2022,620.0,PE,6.2,7.5,2.6,3.6,3.6,197,1721.76,131600,5600,18-APR-2022,
OPTSTK,TVSMOTOR,28-Apr-2022,630.0,PE,9.6,10.5,4.1,5.6,5.6,260,2317.29,82600,9800,18-APR-2022,
OPTSTK,TVSMOTOR,28-Apr-2022,640.0,PE,14.0,14.0,6.15,8.15,8.15,548,4985.66,176400,12600,18-APR-2022,
OPTSTK,TVSMOTOR,28-Apr-2022,650.0,PE,14.3,17.7,9.15,12.0,12.0,654,6071.11,145600,43400,18-APR-2022,
OPTSTK,TVSMOTOR,28-Apr-2022,660.0,PE,17.65,24.2,13.0,16.55,16.55,166,1570.71,85400,-9800,18-APR-2022,
OPTSTK,TVSMOTOR,28-Apr-2022,670.0,PE,26.7,30.85,21.65,22.8,22.8,15,145.59,11200,-2800,18-APR-2022,
OPTSTK,TVSMOTOR,28-Apr-2022,680.0,PE,35.4,35.4,35.4,35.4,31.65,1,10.01,1400,1400,18-APR-2022,
OPTSTK,TVSMOTOR,28-Apr-2022,690.0,PE,0.0,0.0,0.0,82.6,39.15,0,0.0,0,0,18-APR-2022,
OPTSTK,TVSMOTOR,28-Apr-2022,700.0,PE,44.05,44.05,40.8,40.8,47.25,6,62.42,9800,0,18-APR-2022,
OPTSTK,TVSMOTOR,28-Apr-2022,710.0,PE,0.0,0.0,0.0,96.8,55.9,0,0.0,0,0,18-APR-2022,
OPTSTK,TVSMOTOR,28-Apr-2022,720.0,PE,0.0,0.0,0.0,104.3,64.95,0,0.0,0,0,18-APR-2022,
OPTSTK,TVSMOTOR,28-Apr-2022,730.0,PE,0.0,0.0,0.0,111.95,74.3,0,0.0,0,0,18-APR-2022,
OPTSTK,TVSMOTOR,28-Apr-2022,740.0,PE,0.0,0.0,0.0,112.0,83.85,0,0.0,2800,0,18-APR-2022,
OPTSTK,TVSMOTOR,28-Apr-2022,750.0,PE,0.0,0.0,0.0,127.85,93.55,0,0.0,0,0,18-APR-2022,
OPTSTK,TVSMOTOR,28-Apr-2022,760.0,PE,0.0,0.0,0.0,132.0,103.4,0,0.0,4200,0,18-APR-2022,
OPTSTK,TVSMOTOR,28-Apr-2022,770.0,PE,0.0,0.0,0.0,144.5,113.3,0,0.0,0,0,18-APR-2022,
OPTSTK,TVSMOTOR,28-Apr-2022,780.0,PE,0.0,0.0,0.0,153.0,123.2,0,0.0,0,0,18-APR-2022,
OPTSTK,TVSMOTOR,28-Apr-2022,790.0,PE,0.0,0.0,0.0,161.7,133.15,0,0.0,0,0,18-APR-2022,
OPTSTK,TVSMOTOR,28-Apr-2022,800.0,PE,0.0,0.0,0.0,170.5,143.15,0,0.0,0,0,18-APR-2022,
OPTSTK,TVSMOTOR,28-Apr-2022,810.0,PE,0.0,0.0,0.0,179.4,153.1,0,0.0,0,0,18-APR-2022,
OPTSTK,TVSMOTOR,28-Apr-2022,820.0,PE,0.0,0.0,0.0,188.4,163.1,0,0.0,0,0,18-APR-2022,
OPTSTK,TVSMOTOR,28-Apr-2022,830.0,PE,0.0,0.0,0.0,197.5,173.1,0,0.0,0,0,18-APR-2022,
OPTSTK,TVSMOTOR,28-Apr-2022,840.0,PE,0.0,0.0,0.0,206.7,183.1,0,0.0,0,0,18-APR-2022,
OPTSTK,TVSMOTOR,28-Apr-2022,850.0,PE,0.0,0.0,0.0,215.95,193.05,0,0.0,0,0,18-APR-2022,
OPTSTK,TVSMOTOR,28-Apr-2022,860.0,PE,0.0,0.0,0.0,225.3,203.05,0,0.0,0,0,18-APR-2022,
OPTSTK,TVSMOTOR,26-May-2022,390.0,CE,0.0,0.0,0.0,233.5,267.75,0,0.0,0,0,18-APR-2022,
OPTSTK,TVSMOTOR,26-May-2022,400.0,CE,0.0,0.0,0.0,223.75,257.8,0,0.0,0,0,18-APR-2022,
OPTSTK,TVSMOTOR,26-May-2022,410.0,CE,0.0,0.0,0.0,214.05,247.85,0,0.0,0,0,18-APR-2022,
OPTSTK,TVSMOTOR,26-May-2022,420.0,CE,0.0,0.0,0.0,204.4,237.9,0,0.0,0,0,18-APR-2022,
OPTSTK,TVSMOTOR,26-May-2022,430.0,CE,0.0,0.0,0.0,194.85,227.95,0,0.0,0,0,18-APR-2022,
OPTSTK,TVSMOTOR,26-May-2022,440.0,CE,0.0,0.0,0.0,185.35,218.0,0,0.0,0,0,18-APR-2022,
OPTSTK,TVSMOTOR,26-May-2022,450.0,CE,0.0,0.0,0.0,176.0,208.05,0,0.0,0,0,18-APR-2022,
OPTSTK,TVSMOTOR,26-May-2022,460.0,CE,0.0,0.0,0.0,166.8,198.1,0,0.0,0,0,18-APR-2022,
OPTSTK,TVSMOTOR,26-May-2022,470.0,CE,0.0,0.0,0.0,157.75,188.2,0,0.0,0,0,18-APR-2022,
OPTSTK,TVSMOTOR,26-May-2022,480.0,CE,0.0,0.0,0.0,148.85,178.3,0,0.0,0,0,18-APR-2022,
OPTSTK,TVSMOTOR,26-May-2022,490.0,CE,0.0,0.0,0.0,140.15,168.45,0,0.0,0,0,18-APR-2022,
OPTSTK,TVSMOTOR,26-May-2022,500.0,CE,0.0,0.0,0.0,131.65,158.65,0,0.0,0,0,18-APR-2022,
OPTSTK,TVSMOTOR,26-May-2022,510.0,CE,0.0,0.0,0.0,123.4,148.95,0,0.0,0,0,18-APR-2022,
OPTSTK,TVSMOTOR,26-May-2022,520.0,CE,0.0,0.0,0.0,115.4,139.3,0,0.0,0,0,18-APR-2022,
OPTSTK,TVSMOTOR,26-May-2022,530.0,CE,0.0,0.0,0.0,107.7,129.8,0,0.0,0,0,18-APR-2022,
OPTSTK,TVSMOTOR,26-May-2022,540.0,CE,0.0,0.0,0.0,100.25,120.45,0,0.0,0,0,18-APR-2022,
OPTSTK,TVSMOTOR,26-May-2022,550.0,CE,0.0,0.0,0.0,93.1,111.3,0,0.0,0,0,18-APR-2022,
OPTSTK,TVSMOTOR,26-May-2022,560.0,CE,0.0,0.0,0.0,86.25,102.4,0,0.0,0,0,18-APR-2022,
OPTSTK,TVSMOTOR,26-May-2022,570.0,CE,0.0,0.0,0.0,79.7,93.7,0,0.0,0,0,18-APR-2022,
OPTSTK,TVSMOTOR,26-May-2022,580.0,CE,0.0,0.0,0.0,73.5,85.35,0,0.0,0,0,18-APR-2022,
OPTSTK,TVSMOTOR,26-May-2022,590.0,CE,0.0,0.0,0.0,67.65,77.35,0,0.0,0,0,18-APR-2022,
OPTSTK,TVSMOTOR,26-May-2022,600.0,CE,0.0,0.0,0.0,62.1,69.75,0,0.0,0,0,18-APR-2022,
OPTSTK,TVSMOTOR,26-May-2022,610.0,CE,0.0,0.0,0.0,56.9,62.5,0,0.0,0,0,18-APR-2022,
OPTSTK,TVSMOTOR,26-May-2022,620.0,CE,0.0,0.0,0.0,45.0,55.75,0,0.0,5600,0,18-APR-2022,
OPTSTK,TVSMOTOR,26-May-2022,630.0,CE,0.0,0.0,0.0,47.4,49.4,0,0.0,0,0,18-APR-2022,
OPTSTK,TVSMOTOR,26-May-2022,640.0,CE,0.0,0.0,0.0,43.15,43.55,0,0.0,0,0,18-APR-2022,
OPTSTK,TVSMOTOR,26-May-2022,650.0,CE,30.95,31.9,30.95,31.9,38.2,2,19.07,4200,1400,18-APR-2022,
OPTSTK,TVSMOTOR,26-May-2022,660.0,CE,34.0,34.0,29.1,29.1,33.3,2,19.36,0,0,18-APR-2022,
OPTSTK,TVSMOTOR,26-May-2022,670.0,CE,0.0,0.0,0.0,32.15,28.85,0,0.0,0,0,18-APR-2022,
OPTSTK,TVSMOTOR,26-May-2022,680.0,CE,0.0,0.0,0.0,29.0,24.85,0,0.0,0,0,18-APR-2022,
OPTSTK,TVSMOTOR,26-May-2022,690.0,CE,0.0,0.0,0.0,26.15,21.3,0,0.0,0,0,18-APR-2022,
OPTSTK,TVSMOTOR,26-May-2022,700.0,CE,9.0,17.5,9.0,16.0,18.15,13,129.72,16800,12600,18-APR-2022,
OPTSTK,TVSMOTOR,26-May-2022,710.0,CE,0.0,0.0,0.0,21.15,15.35,0,0.0,0,0,18-APR-2022,
OPTSTK,TVSMOTOR,26-May-2022,720.0,CE,0.0,0.0,0.0,18.95,13.0,0,0.0,0,0,18-APR-2022,
OPTSTK,TVSMOTOR,26-May-2022,730.0,CE,0.0,0.0,0.0,16.95,10.85,0,0.0,0,0,18-APR-2022,
OPTSTK,TVSMOTOR,26-May-2022,740.0,CE,0.0,0.0,0.0,6.9,9.05,0,0.0,1400,0,18-APR-2022,
OPTSTK,TVSMOTOR,26-May-2022,750.0,CE,0.0,0.0,0.0,13.5,7.5,0,0.0,0,0,18-APR-2022,
OPTSTK,TVSMOTOR,26-May-2022,760.0,CE,0.0,0.0,0.0,12.0,6.2,0,0.0,0,0,18-APR-2022,
OPTSTK,TVSMOTOR,26-May-2022,770.0,CE,0.0,0.0,0.0,10.7,5.1,0,0.0,0,0,18-APR-2022,
OPTSTK,TVSMOTOR,26-May-2022,780.0,CE,0.0,0.0,0.0,9.5,4.15,0,0.0,0,0,18-APR-2022,
OPTSTK,TVSMOTOR,26-May-2022,790.0,CE,0.0,0.0,0.0,8.4,3.4,0,0.0,0,0,18-APR-2022,
OPTSTK,TVSMOTOR,26-May-2022,800.0,CE,0.0,0.0,0.0,7.45,2.75,0,0.0,0,0,18-APR-2022,
OPTSTK,TVSMOTOR,26-May-2022,810.0,CE,0.0,0.0,0.0,6.6,2.2,0,0.0,0,0,18-APR-2022,
OPTSTK,TVSMOTOR,26-May-2022,820.0,CE,0.0,0.0,0.0,5.8,1.8,0,0.0,0,0,18-APR-2022,
OPTSTK,TVSMOTOR,26-May-2022,830.0,CE,0.0,0.0,0.0,5.1,1.45,0,0.0,0,0,18-APR-2022,
OPTSTK,TVSMOTOR,26-May-2022,840.0,CE,0.0,0.0,0.0,4.5,1.15,0,0.0,0,0,18-APR-2022,
OPTSTK,TVSMOTOR,26-May-2022,850.0,CE,0.0,0.0,0.0,3.95,0.9,0,0.0,0,0,18-APR-2022,
OPTSTK,TVSMOTOR,26-May-2022,860.0,CE,0.0,0.0,0.0,3.5,0.7,0,0.0,0,0,18-APR-2022,
OPTSTK,TVSMOTOR,26-May-2022,390.0,PE,0.0,0.0,0.0,0.3,0.0,0,0.0,0,0,18-APR-2022,
OPTSTK,TVSMOTOR,26-May-2022,400.0,PE,0.0,0.0,0.0,0.45,0.0,0,0.0,0,0,18-APR-2022,
OPTSTK,TVSMOTOR,26-May-2022,410.0,PE,0.0,0.0,0.0,0.65,0.0,0,0.0,0,0,18-APR-2022,
OPTSTK,TVSMOTOR,26-May-2022,420.0,PE,0.0,0.0,0.0,0.9,0.0,0,0.0,0,0,18-APR-2022,
OPTSTK,TVSMOTOR,26-May-2022,430.0,PE,0.0,0.0,0.0,1.25,0.05,0,0.0,0,0,18-APR-2022,
OPTSTK,TVSMOTOR,26-May-2022,440.0,PE,0.0,0.0,0.0,1.65,0.05,0,0.0,0,0,18-APR-2022,
OPTSTK,TVSMOTOR,26-May-2022,450.0,PE,0.0,0.0,0.0,1.0,0.05,0,0.0,1400,0,18-APR-2022,
OPTSTK,TVSMOTOR,26-May-2022,460.0,PE,0.0,0.0,0.0,2.9,0.1,0,0.0,0,0,18-APR-2022,
OPTSTK,TVSMOTOR,26-May-2022,470.0,PE,0.0,0.0,0.0,3.7,0.1,0,0.0,0,0,18-APR-2022,
OPTSTK,TVSMOTOR,26-May-2022,480.0,PE,0.0,0.0,0.0,4.7,0.2,0,0.0,0,0,18-APR-2022,
OPTSTK,TVSMOTOR,26-May-2022,490.0,PE,0.0,0.0,0.0,5.9,0.3,0,0.0,0,0,18-APR-2022,
OPTSTK,TVSMOTOR,26-May-2022,500.0,PE,0.0,0.0,0.0,7.35,0.45,0,0.0,0,0,18-APR-2022,
OPTSTK,TVSMOTOR,26-May-2022,510.0,PE,0.0,0.0,0.0,8.95,0.7,0,0.0,0,0,18-APR-2022,
OPTSTK,TVSMOTOR,26-May-2022,520.0,PE,0.0,0.0,0.0,10.85,1.0,0,0.0,0,0,18-APR-2022,
OPTSTK,TVSMOTOR,26-May-2022,530.0,PE,0.0,0.0,0.0,13.05,1.45,0,0.0,0,0,18-APR-2022,
OPTSTK,TVSMOTOR,26-May-2022,540.0,PE,0.0,0.0,0.0,15.5,2.05,0,0.0,0,0,18-APR-2022,
OPTSTK,TVSMOTOR,26-May-2022,550.0,PE,2.5,2.5,2.5,2.5,2.85,2,15.47,2800,2800,18-APR-2022,
OPTSTK,TVSMOTOR,26-May-2022,560.0,PE,0.0,0.0,0.0,21.25,3.9,0,0.0,0,0,18-APR-2022,
OPTSTK,TVSMOTOR,26-May-2022,570.0,PE,0.0,0.0,0.0,24.65,5.2,0,0.0,0,0,18-APR-2022,
OPTSTK,TVSMOTOR,26-May-2022,580.0,PE,0.0,0.0,0.0,28.35,6.8,0,0.0,0,0,18-APR-2022,
OPTSTK,TVSMOTOR,26-May-2022,590.0,PE,0.0,0.0,0.0,32.35,8.75,0,0.0,0,0,18-APR-2022,
OPTSTK,TVSMOTOR,26-May-2022,600.0,PE,7.0,9.0,7.0,9.0,11.1,2,17.02,8400,0,18-APR-2022,
OPTSTK,TVSMOTOR,26-May-2022,610.0,PE,0.0,0.0,0.0,41.4,13.8,0,0.0,0,0,18-APR-2022,
OPTSTK,TVSMOTOR,26-May-2022,620.0,PE,0.0,0.0,0.0,17.0,17.0,0,0.0,2800,0,18-APR-2022,
OPTSTK,TVSMOTOR,26-May-2022,630.0,PE,0.0,0.0,0.0,51.75,20.65,0,0.0,0,0,18-APR-2022,
OPTSTK,TVSMOTOR,26-May-2022,640.0,PE,0.0,0.0,0.0,57.35,24.75,0,0.0,0,0,18-APR-2022,
OPTSTK,TVSMOTOR,26-May-2022,650.0,PE,0.0,0.0,0.0,63.3,29.3,0,0.0,0,0,18-APR-2022,
OPTSTK,TVSMOTOR,26-May-2022,660.0,PE,0.0,0.0,0.0,69.5,34.35,0,0.0,0,0,18-APR-2022,
OPTSTK,TVSMOTOR,26-May-2022,670.0,PE,0.0,0.0,0.0,76.0,39.9,0,0.0,0,0,18-APR-2022,
OPTSTK,TVSMOTOR,26-May-2022,680.0,PE,0.0,0.0,0.0,82.8,45.85,0,0.0,0,0,18-APR-2022,
OPTSTK,TVSMOTOR,26-May-2022,690.0,PE,0.0,0.0,0.0,89.8,52.25,0,0.0,0,0,18-APR-2022,
OPTSTK,TVSMOTOR,26-May-2022,700.0,PE,0.0,0.0,0.0,97.1,59.05,0,0.0,0,0,18-APR-2022,
OPTSTK,TVSMOTOR,26-May-2022,710.0,PE,0.0,0.0,0.0,104.6,66.25,0,0.0,0,0,18-APR-2022,
OPTSTK,TVSMOTOR,26-May-2022,720.0,PE,0.0,0.0,0.0,112.3,73.8,0,0.0,0,0,18-APR-2022,
OPTSTK,TVSMOTOR,26-May-2022,730.0,PE,0.0,0.0,0.0,120.2,81.65,0,0.0,0,0,18-APR-2022,
OPTSTK,TVSMOTOR,26-May-2022,740.0,PE,0.0,0.0,0.0,128.3,89.8,0,0.0,0,0,18-APR-2022,
OPTSTK,TVSMOTOR,26-May-2022,750.0,PE,0.0,0.0,0.0,136.55,98.2,0,0.0,0,0,18-APR-2022,
OPTSTK,TVSMOTOR,26-May-2022,760.0,PE,0.0,0.0,0.0,144.95,106.85,0,0.0,0,0,18-APR-2022,
OPTSTK,TVSMOTOR,26-May-2022,770.0,PE,0.0,0.0,0.0,153.5,115.7,0,0.0,0,0,18-APR-2022,
OPTSTK,TVSMOTOR,26-May-2022,780.0,PE,0.0,0.0,0.0,162.2,124.75,0,0.0,0,0,18-APR-2022,
OPTSTK,TVSMOTOR,26-May-2022,790.0,PE,0.0,0.0,0.0,171.05,133.9,0,0.0,0,0,18-APR-2022,
OPTSTK,TVSMOTOR,26-May-2022,800.0,PE,0.0,0.0,0.0,179.95,143.2,0,0.0,0,0,18-APR-2022,
OPTSTK,TVSMOTOR,26-May-2022,810.0,PE,0.0,0.0,0.0,189.0,152.65,0,0.0,0,0,18-APR-2022,
OPTSTK,TVSMOTOR,26-May-2022,820.0,PE,0.0,0.0,0.0,198.1,162.15,0,0.0,0,0,18-APR-2022,
OPTSTK,TVSMOTOR,26-May-2022,830.0,PE,0.0,0.0,0.0,207.35,171.75,0,0.0,0,0,18-APR-2022,
OPTSTK,TVSMOTOR,26-May-2022,840.0,PE,0.0,0.0,0.0,216.6,181.45,0,0.0,0,0,18-APR-2022,
OPTSTK,TVSMOTOR,26-May-2022,850.0,PE,0.0,0.0,0.0,225.95,191.15,0,0.0,0,0,18-APR-2022,
OPTSTK,TVSMOTOR,26-May-2022,860.0,PE,0.0,0.0,0.0,235.4,200.9,0,0.0,0,0,18-APR-2022,
OPTSTK,TVSMOTOR,30-Jun-2022,390.0,CE,0.0,0.0,0.0,240.05,269.35,0,0.0,0,0,18-APR-2022,
OPTSTK,TVSMOTOR,30-Jun-2022,400.0,CE,0.0,0.0,0.0,230.3,259.45,0,0.0,0,0,18-APR-2022,
OPTSTK,TVSMOTOR,30-Jun-2022,410.0,CE,0.0,0.0,0.0,220.6,249.6,0,0.0,0,0,18-APR-2022,
OPTSTK,TVSMOTOR,30-Jun-2022,420.0,CE,0.0,0.0,0.0,210.95,239.75,0,0.0,0,0,18-APR-2022,
OPTSTK,TVSMOTOR,30-Jun-2022,430.0,CE,0.0,0.0,0.0,201.4,229.9,0,0.0,0,0,18-APR-2022,
OPTSTK,TVSMOTOR,30-Jun-2022,440.0,CE,0.0,0.0,0.0,191.9,220.1,0,0.0,0,0,18-APR-2022,
OPTSTK,TVSMOTOR,30-Jun-2022,450.0,CE,0.0,0.0,0.0,182.55,210.35,0,0.0,0,0,18-APR-2022,
OPTSTK,TVSMOTOR,30-Jun-2022,460.0,CE,0.0,0.0,0.0,173.3,200.7,0,0.0,0,0,18-APR-2022,
OPTSTK,TVSMOTOR,30-Jun-2022,470.0,CE,0.0,0.0,0.0,164.2,191.05,0,0.0,0,0,18-APR-2022,
OPTSTK,TVSMOTOR,30-Jun-2022,480.0,CE,0.0,0.0,0.0,155.25,181.55,0,0.0,0,0,18-APR-2022,
OPTSTK,TVSMOTOR,30-Jun-2022,490.0,CE,0.0,0.0,0.0,146.5,172.1,0,0.0,0,0,18-APR-2022,
OPTSTK,TVSMOTOR,30-Jun-2022,500.0,CE,0.0,0.0,0.0,137.95,162.85,0,0.0,0,0,18-APR-2022,
OPTSTK,TVSMOTOR,30-Jun-2022,510.0,CE,0.0,0.0,0.0,129.65,153.7,0,0.0,0,0,18-APR-2022,
OPTSTK,TVSMOTOR,30-Jun-2022,520.0,CE,0.0,0.0,0.0,121.55,144.75,0,0.0,0,0,18-APR-2022,
OPTSTK,TVSMOTOR,30-Jun-2022,530.0,CE,0.0,0.0,0.0,113.7,135.95,0,0.0,0,0,18-APR-2022,
OPTSTK,TVSMOTOR,30-Jun-2022,540.0,CE,0.0,0.0,0.0,106.15,127.4,0,0.0,0,0,18-APR-2022,
OPTSTK,TVSMOTOR,30-Jun-2022,550.0,CE,0.0,0.0,0.0,98.9,119.05,0,0.0,0,0,18-APR-2022,
OPTSTK,TVSMOTOR,30-Jun-2022,560.0,CE,0.0,0.0,0.0,91.95,111.0,0,0.0,0,0,18-APR-2022,
OPTSTK,TVSMOTOR,30-Jun-2022,570.0,CE,0.0,0.0,0.0,85.25,103.2,0,0.0,0,0,18-APR-2022,
OPTSTK,TVSMOTOR,30-Jun-2022,580.0,CE,0.0,0.0,0.0,78.9,95.75,0,0.0,0,0,18-APR-2022,
OPTSTK,TVSMOTOR,30-Jun-2022,590.0,CE,0.0,0.0,0.0,72.85,88.55,0,0.0,0,0,18-APR-2022,
OPTSTK,TVSMOTOR,30-Jun-2022,600.0,CE,0.0,0.0,0.0,67.15,81.65,0,0.0,0,0,18-APR-2022,
OPTSTK,TVSMOTOR,30-Jun-2022,610.0,CE,0.0,0.0,0.0,61.75,75.1,0,0.0,0,0,18-APR-2022,
OPTSTK,TVSMOTOR,30-Jun-2022,620.0,CE,0.0,0.0,0.0,56.65,68.9,0,0.0,0,0,18-APR-2022,
OPTSTK,TVSMOTOR,30-Jun-2022,630.0,CE,0.0,0.0,0.0,51.9,63.05,0,0.0,0,0,18-APR-2022,
OPTSTK,TVSMOTOR,30-Jun-2022,640.0,CE,0.0,0.0,0.0,47.4,57.55,0,0.0,0,0,18-APR-2022,
OPTSTK,TVSMOTOR,30-Jun-2022,650.0,CE,0.0,0.0,0.0,43.25,52.35,0,0.0,0,0,18-APR-2022,
OPTSTK,TVSMOTOR,30-Jun-2022,660.0,CE,0.0,0.0,0.0,39.4,47.55,0,0.0,0,0,18-APR-2022,
OPTSTK,TVSMOTOR,30-Jun-2022,670.0,CE,0.0,0.0,0.0,35.8,43.05,0,0.0,0,0,18-APR-2022,
OPTSTK,TVSMOTOR,30-Jun-2022,680.0,CE,0.0,0.0,0.0,32.45,38.9,0,0.0,0,0,18-APR-2022,
OPTSTK,TVSMOTOR,30-Jun-2022,690.0,CE,0.0,0.0,0.0,29.4,35.05,0,0.0,0,0,18-APR-2022,
OPTSTK,TVSMOTOR,30-Jun-2022,700.0,CE,0.0,0.0,0.0,26.55,31.5,0,0.0,0,0,18-APR-2022,
OPTSTK,TVSMOTOR,30-Jun-2022,710.0,CE,0.0,0.0,0.0,24.0,28.25,0,0.0,0,0,18-APR-2022,
OPTSTK,TVSMOTOR,30-Jun-2022,720.0,CE,0.0,0.0,0.0,21.6,25.25,0,0.0,0,0,18-APR-2022,
OPTSTK,TVSMOTOR,30-Jun-2022,730.0,CE,0.0,0.0,0.0,19.45,22.55,0,0.0,0,0,18-APR-2022,
OPTSTK,TVSMOTOR,30-Jun-2022,740.0,CE,0.0,0.0,0.0,17.45,20.1,0,0.0,0,0,18-APR-2022,
OPTSTK,TVSMOTOR,30-Jun-2022,750.0,CE,0.0,0.0,0.0,15.65,17.85,0,0.0,0,0,18-APR-2022,
OPTSTK,TVSMOTOR,30-Jun-2022,760.0,CE,0.0,0.0,0.0,14.0,15.85,0,0.0,0,0,18-APR-2022,
OPTSTK,TVSMOTOR,30-Jun-2022,770.0,CE,0.0,0.0,0.0,12.5,14.0,0,0.0,0,0,18-APR-2022,
OPTSTK,TVSMOTOR,30-Jun-2022,780.0,CE,0.0,0.0,0.0,11.15,12.35,0,0.0,0,0,18-APR-2022,
OPTSTK,TVSMOTOR,30-Jun-2022,790.0,CE,0.0,0.0,0.0,9.95,10.9,0,0.0,0,0,18-APR-2022,
OPTSTK,TVSMOTOR,30-Jun-2022,800.0,CE,0.0,0.0,0.0,8.85,9.6,0,0.0,0,0,18-APR-2022,
OPTSTK,TVSMOTOR,30-Jun-2022,810.0,CE,0.0,0.0,0.0,7.9,8.4,0,0.0,0,0,18-APR-2022,
OPTSTK,TVSMOTOR,30-Jun-2022,820.0,CE,0.0,0.0,0.0,7.0,7.35,0,0.0,0,0,18-APR-2022,
OPTSTK,TVSMOTOR,30-Jun-2022,830.0,CE,0.0,0.0,0.0,6.2,6.45,0,0.0,0,0,18-APR-2022,
OPTSTK,TVSMOTOR,30-Jun-2022,840.0,CE,0.0,0.0,0.0,5.5,5.65,0,0.0,0,0,18-APR-2022,
OPTSTK,TVSMOTOR,30-Jun-2022,850.0,CE,0.0,0.0,0.0,4.85,4.9,0,0.0,0,0,18-APR-2022,
OPTSTK,TVSMOTOR,30-Jun-2022,860.0,CE,0.0,0.0,0.0,4.3,4.25,0,0.0,0,0,18-APR-2022,
OPTSTK,TVSMOTOR,30-Jun-2022,390.0,PE,0.0,0.0,0.0,0.3,0.05,0,0.0,0,0,18-APR-2022,
OPTSTK,TVSMOTOR,30-Jun-2022,400.0,PE,0.0,0.0,0.0,0.45,0.1,0,0.0,0,0,18-APR-2022,
OPTSTK,TVSMOTOR,30-Jun-2022,410.0,PE,0.0,0.0,0.0,0.65,0.15,0,0.0,0,0,18-APR-2022,
OPTSTK,TVSMOTOR,30-Jun-2022,420.0,PE,0.0,0.0,0.0,0.9,0.2,0,0.0,0,0,18-APR-2022,
OPTSTK,TVSMOTOR,30-Jun-2022,430.0,PE,0.0,0.0,0.0,1.2,0.25,0,0.0,0,0,18-APR-2022,
OPTSTK,TVSMOTOR,30-Jun-2022,440.0,PE,0.0,0.0,0.0,1.65,0.4,0,0.0,0,0,18-APR-2022,
OPTSTK,TVSMOTOR,30-Jun-2022,450.0,PE,0.0,0.0,0.0,2.15,0.55,0,0.0,0,0,18-APR-2022,
OPTSTK,TVSMOTOR,30-Jun-2022,460.0,PE,0.0,0.0,0.0,2.8,0.8,0,0.0,0,0,18-APR-2022,
OPTSTK,TVSMOTOR,30-Jun-2022,470.0,PE,0.0,0.0,0.0,3.6,1.1,0,0.0,0,0,18-APR-2022,
OPTSTK,TVSMOTOR,30-Jun-2022,480.0,PE,0.0,0.0,0.0,4.55,1.5,0,0.0,0,0,18-APR-2022,
OPTSTK,TVSMOTOR,30-Jun-2022,490.0,PE,0.0,0.0,0.0,5.7,2.0,0,0.0,0,0,18-APR-2022,
OPTSTK,TVSMOTOR,30-Jun-2022,500.0,PE,0.0,0.0,0.0,7.05,2.6,0,0.0,0,0,18-APR-2022,
OPTSTK,TVSMOTOR,30-Jun-2022,510.0,PE,0.0,0.0,0.0,8.6,3.4,0,0.0,0,0,18-APR-2022,
OPTSTK,TVSMOTOR,30-Jun-2022,520.0,PE,0.0,0.0,0.0,10.45,4.35,0,0.0,0,0,18-APR-2022,
OPTSTK,TVSMOTOR,30-Jun-2022,530.0,PE,0.0,0.0,0.0,12.5,5.45,0,0.0,0,0,18-APR-2022,
OPTSTK,TVSMOTOR,30-Jun-2022,540.0,PE,0.0,0.0,0.0,14.85,6.8,0,0.0,0,0,18-APR-2022,
OPTSTK,TVSMOTOR,30-Jun-2022,550.0,PE,0.0,0.0,0.0,17.5,8.4,0,0.0,0,0,18-APR-2022,
OPTSTK,TVSMOTOR,30-Jun-2022,560.0,PE,0.0,0.0,0.0,20.4,10.25,0,0.0,0,0,18-APR-2022,
OPTSTK,TVSMOTOR,30-Jun-2022,570.0,PE,0.0,0.0,0.0,23.6,12.4,0,0.0,0,0,18-APR-2022,
OPTSTK,TVSMOTOR,30-Jun-2022,580.0,PE,0.0,0.0,0.0,27.15,14.8,0,0.0,0,0,18-APR-2022,
OPTSTK,TVSMOTOR,30-Jun-2022,590.0,PE,0.0,0.0,0.0,31.0,17.55,0,0.0,0,0,18-APR-2022,
OPTSTK,TVSMOTOR,30-Jun-2022,600.0,PE,0.0,0.0,0.0,35.2,20.55,0,0.0,0,0,18-APR-2022,
OPTSTK,TVSMOTOR,30-Jun-2022,610.0,PE,0.0,0.0,0.0,39.65,23.95,0,0.0,0,0,18-APR-2022,
OPTSTK,TVSMOTOR,30-Jun-2022,620.0,PE,0.0,0.0,0.0,44.5,27.65,0,0.0,0,0,18-APR-2022,
OPTSTK,TVSMOTOR,30-Jun-2022,630.0,PE,0.0,0.0,0.0,49.6,31.7,0,0.0,0,0,18-APR-2022,
OPTSTK,TVSMOTOR,30-Jun-2022,640.0,PE,0.0,0.0,0.0,55.05,36.1,0,0.0,0,0,18-APR-2022,
OPTSTK,TVSMOTOR,30-Jun-2022,650.0,PE,0.0,0.0,0.0,60.75,40.85,0,0.0,0,0,18-APR-2022,
OPTSTK,TVSMOTOR,30-Jun-2022,660.0,PE,0.0,0.0,0.0,66.8,45.95,0,0.0,0,0,18-APR-2022,
OPTSTK,TVSMOTOR,30-Jun-2022,670.0,PE,0.0,0.0,0.0,73.1,51.4,0,0.0,0,0,18-APR-2022,
OPTSTK,TVSMOTOR,30-Jun-2022,680.0,PE,0.0,0.0,0.0,79.65,57.15,0,0.0,0,0,18-APR-2022,
OPTSTK,TVSMOTOR,30-Jun-2022,690.0,PE,0.0,0.0,0.0,86.45,63.2,0,0.0,0,0,18-APR-2022,
OPTSTK,TVSMOTOR,30-Jun-2022,700.0,PE,0.0,0.0,0.0,93.55,69.55,0,0.0,0,0,18-APR-2022,
OPTSTK,TVSMOTOR,30-Jun-2022,710.0,PE,0.0,0.0,0.0,100.85,76.2,0,0.0,0,0,18-APR-2022,
OPTSTK,TVSMOTOR,30-Jun-2022,720.0,PE,0.0,0.0,0.0,108.4,83.15,0,0.0,0,0,18-APR-2022,
OPTSTK,TVSMOTOR,30-Jun-2022,730.0,PE,0.0,0.0,0.0,116.1,90.35,0,0.0,0,0,18-APR-2022,
OPTSTK,TVSMOTOR,30-Jun-2022,740.0,PE,0.0,0.0,0.0,124.0,97.85,0,0.0,0,0,18-APR-2022,
OPTSTK,TVSMOTOR,30-Jun-2022,750.0,PE,0.0,0.0,0.0,132.1,105.5,0,0.0,0,0,18-APR-2022,
OPTSTK,TVSMOTOR,30-Jun-2022,760.0,PE,0.0,0.0,0.0,140.35,113.4,0,0.0,0,0,18-APR-2022,
OPTSTK,TVSMOTOR,30-Jun-2022,770.0,PE,0.0,0.0,0.0,148.75,121.5,0,0.0,0,0,18-APR-2022,
OPTSTK,TVSMOTOR,30-Jun-2022,780.0,PE,0.0,0.0,0.0,157.3,129.75,0,0.0,0,0,18-APR-2022,
OPTSTK,TVSMOTOR,30-Jun-2022,790.0,PE,0.0,0.0,0.0,166.0,138.2,0,0.0,0,0,18-APR-2022,
OPTSTK,TVSMOTOR,30-Jun-2022,800.0,PE,0.0,0.0,0.0,174.8,146.8,0,0.0,0,0,18-APR-2022,
OPTSTK,TVSMOTOR,30-Jun-2022,810.0,PE,0.0,0.0,0.0,183.7,155.55,0,0.0,0,0,18-APR-2022,
OPTSTK,TVSMOTOR,30-Jun-2022,820.0,PE,0.0,0.0,0.0,192.75,164.45,0,0.0,0,0,18-APR-2022,
OPTSTK,TVSMOTOR,30-Jun-2022,830.0,PE,0.0,0.0,0.0,201.85,173.4,0,0.0,0,0,18-APR-2022,
OPTSTK,TVSMOTOR,30-Jun-2022,840.0,PE,0.0,0.0,0.0,211.0,182.5,0,0.0,0,0,18-APR-2022,
OPTSTK,TVSMOTOR,30-Jun-2022,850.0,PE,0.0,0.0,0.0,220.3,191.7,0,0.0,0,0,18-APR-2022,
OPTSTK,TVSMOTOR,30-Jun-2022,860.0,PE,0.0,0.0,0.0,229.6,201.0,0,0.0,0,0,18-APR-2022,
OPTSTK,UBL,28-Apr-2022,980.0,CE,0.0,0.0,0.0,537.9,529.75,0,0.0,0,0,18-APR-2022,
OPTSTK,UBL,28-Apr-2022,1000.0,CE,0.0,0.0,0.0,518.3,509.8,0,0.0,0,0,18-APR-2022,
OPTSTK,UBL,28-Apr-2022,1020.0,CE,0.0,0.0,0.0,498.75,489.8,0,0.0,0,0,18-APR-2022,
OPTSTK,UBL,28-Apr-2022,1040.0,CE,0.0,0.0,0.0,479.3,469.85,0,0.0,0,0,18-APR-2022,
OPTSTK,UBL,28-Apr-2022,1060.0,CE,0.0,0.0,0.0,459.95,449.85,0,0.0,0,0,18-APR-2022,
OPTSTK,UBL,28-Apr-2022,1080.0,CE,0.0,0.0,0.0,440.7,429.9,0,0.0,0,0,18-APR-2022,
OPTSTK,UBL,28-Apr-2022,1100.0,CE,0.0,0.0,0.0,421.65,409.9,0,0.0,0,0,18-APR-2022,
OPTSTK,UBL,28-Apr-2022,1120.0,CE,0.0,0.0,0.0,402.75,389.95,0,0.0,0,0,18-APR-2022,
OPTSTK,UBL,28-Apr-2022,1140.0,CE,0.0,0.0,0.0,384.05,369.95,0,0.0,0,0,18-APR-2022,
OPTSTK,UBL,28-Apr-2022,1160.0,CE,0.0,0.0,0.0,365.6,350.0,0,0.0,0,0,18-APR-2022,
OPTSTK,UBL,28-Apr-2022,1180.0,CE,0.0,0.0,0.0,347.45,330.0,0,0.0,0,0,18-APR-2022,
OPTSTK,UBL,28-Apr-2022,1200.0,CE,0.0,0.0,0.0,329.55,310.0,0,0.0,0,0,18-APR-2022,
OPTSTK,UBL,28-Apr-2022,1220.0,CE,0.0,0.0,0.0,312.0,290.05,0,0.0,0,0,18-APR-2022,
OPTSTK,UBL,28-Apr-2022,1240.0,CE,0.0,0.0,0.0,294.85,270.1,0,0.0,0,0,18-APR-2022,
OPTSTK,UBL,28-Apr-2022,1260.0,CE,0.0,0.0,0.0,278.05,250.15,0,0.0,0,0,18-APR-2022,
OPTSTK,UBL,28-Apr-2022,1280.0,CE,0.0,0.0,0.0,261.75,230.2,0,0.0,0,0,18-APR-2022,
OPTSTK,UBL,28-Apr-2022,1300.0,CE,0.0,0.0,0.0,245.85,210.35,0,0.0,0,0,18-APR-2022,
OPTSTK,UBL,28-Apr-2022,1320.0,CE,0.0,0.0,0.0,230.5,190.6,0,0.0,0,0,18-APR-2022,
OPTSTK,UBL,28-Apr-2022,1340.0,CE,0.0,0.0,0.0,215.7,171.05,0,0.0,0,0,18-APR-2022,
OPTSTK,UBL,28-Apr-2022,1360.0,CE,0.0,0.0,0.0,201.35,151.85,0,0.0,0,0,18-APR-2022,
OPTSTK,UBL,28-Apr-2022,1380.0,CE,0.0,0.0,0.0,187.55,133.1,0,0.0,0,0,18-APR-2022,
OPTSTK,UBL,28-Apr-2022,1400.0,CE,0.0,0.0,0.0,174.35,115.0,0,0.0,0,0,18-APR-2022,
OPTSTK,UBL,28-Apr-2022,1420.0,CE,0.0,0.0,0.0,141.0,97.8,0,0.0,0,0,18-APR-2022,
OPTSTK,UBL,28-Apr-2022,1440.0,CE,0.0,0.0,0.0,103.35,81.8,0,0.0,4550,0,18-APR-2022,
OPTSTK,UBL,28-Apr-2022,1460.0,CE,0.0,0.0,0.0,132.5,67.05,0,0.0,4900,0,18-APR-2022,
OPTSTK,UBL,28-Apr-2022,1480.0,CE,64.45,64.85,53.9,64.85,64.85,5,26.97,9450,0,18-APR-2022,
OPTSTK,UBL,28-Apr-2022,1500.0,CE,51.0,51.0,36.35,41.65,41.65,24,129.51,35350,0,18-APR-2022,
OPTSTK,UBL,28-Apr-2022,1520.0,CE,40.45,40.45,27.0,32.1,32.1,49,266.35,20300,2450,18-APR-2022,
OPTSTK,UBL,28-Apr-2022,1540.0,CE,29.0,29.45,20.1,25.25,25.25,40,218.87,17500,700,18-APR-2022,
OPTSTK,UBL,28-Apr-2022,1560.0,CE,22.85,22.85,14.6,17.65,17.65,32,176.62,18200,1050,18-APR-2022,
OPTSTK,UBL,28-Apr-2022,1580.0,CE,21.6,21.6,10.55,13.0,13.0,40,223.11,24500,1400,18-APR-2022,
OPTSTK,UBL,28-Apr-2022,1600.0,CE,16.75,16.75,7.2,9.25,9.25,163,918.53,56000,1050,18-APR-2022,
OPTSTK,UBL,28-Apr-2022,1620.0,CE,9.45,9.45,5.75,5.85,6.2,18,102.53,10500,-3850,18-APR-2022,
OPTSTK,UBL,28-Apr-2022,1640.0,CE,4.75,4.75,4.0,4.0,4.15,3,17.26,14350,0,18-APR-2022,
OPTSTK,UBL,28-Apr-2022,1660.0,CE,0.0,0.0,0.0,11.05,2.7,0,0.0,8750,0,18-APR-2022,
OPTSTK,UBL,28-Apr-2022,1680.0,CE,2.0,3.1,2.0,2.65,2.65,12,70.66,8400,-2450,18-APR-2022,
OPTSTK,UBL,28-Apr-2022,1700.0,CE,3.0,3.0,1.55,1.8,1.8,62,369.34,37450,-8050,18-APR-2022,
OPTSTK,UBL,28-Apr-2022,1720.0,CE,0.0,0.0,0.0,4.95,0.65,0,0.0,0,0,18-APR-2022,
OPTSTK,UBL,28-Apr-2022,1740.0,CE,0.0,0.0,0.0,3.8,0.4,0,0.0,700,0,18-APR-2022,
OPTSTK,UBL,28-Apr-2022,1760.0,CE,3.7,3.7,1.8,1.8,0.25,5,30.85,4550,-700,18-APR-2022,
OPTSTK,UBL,28-Apr-2022,1780.0,CE,0.0,0.0,0.0,5.6,0.15,0,0.0,0,0,18-APR-2022,
OPTSTK,UBL,28-Apr-2022,1800.0,CE,0.0,0.0,0.0,5.0,0.1,0,0.0,350,0,18-APR-2022,
OPTSTK,UBL,28-Apr-2022,1820.0,CE,0.0,0.0,0.0,24.15,0.05,0,0.0,0,0,18-APR-2022,
OPTSTK,UBL,28-Apr-2022,1840.0,CE,0.0,0.0,0.0,21.55,0.05,0,0.0,0,0,18-APR-2022,
OPTSTK,UBL,28-Apr-2022,1860.0,CE,0.0,0.0,0.0,19.25,0.05,0,0.0,0,0,18-APR-2022,
OPTSTK,UBL,28-Apr-2022,1880.0,CE,0.0,0.0,0.0,17.1,0.05,0,0.0,0,0,18-APR-2022,
OPTSTK,UBL,28-Apr-2022,1900.0,CE,0.0,0.0,0.0,15.2,0.0,0,0.0,0,0,18-APR-2022,
OPTSTK,UBL,28-Apr-2022,1920.0,CE,0.0,0.0,0.0,13.5,0.0,0,0.0,0,0,18-APR-2022,
OPTSTK,UBL,28-Apr-2022,1940.0,CE,0.0,0.0,0.0,12.0,0.0,0,0.0,0,0,18-APR-2022,
OPTSTK,UBL,28-Apr-2022,1960.0,CE,0.0,0.0,0.0,10.6,0.0,0,0.0,0,0,18-APR-2022,
OPTSTK,UBL,28-Apr-2022,1980.0,CE,0.0,0.0,0.0,9.4,0.0,0,0.0,0,0,18-APR-2022,
OPTSTK,UBL,28-Apr-2022,2000.0,CE,0.0,0.0,0.0,8.3,0.0,0,0.0,0,0,18-APR-2022,
OPTSTK,UBL,28-Apr-2022,2020.0,CE,0.0,0.0,0.0,7.3,0.0,0,0.0,0,0,18-APR-2022,
OPTSTK,UBL,28-Apr-2022,2040.0,CE,0.0,0.0,0.0,6.45,0.0,0,0.0,0,0,18-APR-2022,
OPTSTK,UBL,28-Apr-2022,2060.0,CE,0.0,0.0,0.0,5.65,0.0,0,0.0,0,0,18-APR-2022,
OPTSTK,UBL,28-Apr-2022,2080.0,CE,0.0,0.0,0.0,5.0,0.0,0,0.0,0,0,18-APR-2022,
OPTSTK,UBL,28-Apr-2022,2100.0,CE,0.0,0.0,0.0,20.0,0.0,0,0.0,0,0,18-APR-2022,
OPTSTK,UBL,28-Apr-2022,980.0,PE,0.0,0.0,0.0,0.45,0.0,0,0.0,0,0,18-APR-2022,
OPTSTK,UBL,28-Apr-2022,1000.0,PE,0.0,0.0,0.0,0.65,0.0,0,0.0,0,0,18-APR-2022,
OPTSTK,UBL,28-Apr-2022,1020.0,PE,0.0,0.0,0.0,0.9,0.0,0,0.0,0,0,18-APR-2022,
OPTSTK,UBL,28-Apr-2022,1040.0,PE,0.0,0.0,0.0,1.25,0.0,0,0.0,0,0,18-APR-2022,
OPTSTK,UBL,28-Apr-2022,1060.0,PE,0.0,0.0,0.0,1.7,0.0,0,0.0,0,0,18-APR-2022,
OPTSTK,UBL,28-Apr-2022,1080.0,PE,0.0,0.0,0.0,2.25,0.0,0,0.0,0,0,18-APR-2022,
OPTSTK,UBL,28-Apr-2022,1100.0,PE,0.0,0.0,0.0,3.0,0.0,0,0.0,0,0,18-APR-2022,
OPTSTK,UBL,28-Apr-2022,1120.0,PE,0.0,0.0,0.0,3.9,0.0,0,0.0,0,0,18-APR-2022,
OPTSTK,UBL,28-Apr-2022,1140.0,PE,0.0,0.0,0.0,5.0,0.0,0,0.0,0,0,18-APR-2022,
OPTSTK,UBL,28-Apr-2022,1160.0,PE,0.0,0.0,0.0,6.35,0.0,0,0.0,0,0,18-APR-2022,
OPTSTK,UBL,28-Apr-2022,1180.0,PE,0.0,0.0,0.0,7.95,0.0,0,0.0,0,0,18-APR-2022,
OPTSTK,UBL,28-Apr-2022,1200.0,PE,0.0,0.0,0.0,9.85,0.0,0,0.0,0,0,18-APR-2022,
OPTSTK,UBL,28-Apr-2022,1220.0,PE,0.0,0.0,0.0,12.1,0.05,0,0.0,0,0,18-APR-2022,
OPTSTK,UBL,28-Apr-2022,1240.0,PE,0.0,0.0,0.0,14.7,0.05,0,0.0,0,0,18-APR-2022,
OPTSTK,UBL,28-Apr-2022,1260.0,PE,0.0,0.0,0.0,17.75,0.05,0,0.0,0,0,18-APR-2022,
OPTSTK,UBL,28-Apr-2022,1280.0,PE,0.0,0.0,0.0,21.2,0.1,0,0.0,0,0,18-APR-2022,
OPTSTK,UBL,28-Apr-2022,1300.0,PE,0.0,0.0,0.0,10.0,0.25,0,0.0,350,0,18-APR-2022,
OPTSTK,UBL,28-Apr-2022,1320.0,PE,0.0,0.0,0.0,29.55,0.45,0,0.0,0,0,18-APR-2022,
OPTSTK,UBL,28-Apr-2022,1340.0,PE,0.0,0.0,0.0,1.1,0.9,0,0.0,5600,0,18-APR-2022,
OPTSTK,UBL,28-Apr-2022,1360.0,PE,0.0,0.0,0.0,40.0,1.65,0,0.0,0,0,18-APR-2022,
OPTSTK,UBL,28-Apr-2022,1380.0,PE,0.0,0.0,0.0,9.7,2.9,0,0.0,350,0,18-APR-2022,
OPTSTK,UBL,28-Apr-2022,1400.0,PE,0.0,0.0,0.0,5.1,4.8,0,0.0,17150,0,18-APR-2022,
OPTSTK,UBL,28-Apr-2022,1420.0,PE,0.0,0.0,0.0,7.5,7.55,0,0.0,1400,0,18-APR-2022,
OPTSTK,UBL,28-Apr-2022,1440.0,PE,0.0,0.0,0.0,8.85,11.5,0,0.0,5250,0,18-APR-2022,
OPTSTK,UBL,28-Apr-2022,1460.0,PE,14.0,18.75,14.0,15.8,15.8,27,139.47,10500,2450,18-APR-2022,
OPTSTK,UBL,28-Apr-2022,1480.0,PE,19.5,26.95,17.0,21.7,21.7,20,105.07,14700,3500,18-APR-2022,
OPTSTK,UBL,28-Apr-2022,1500.0,PE,29.9,34.45,23.5,29.45,29.45,91,487.1,35000,2100,18-APR-2022,
OPTSTK,UBL,28-Apr-2022,1520.0,PE,34.05,44.15,31.55,36.6,42.3,31,168.73,11550,2100,18-APR-2022,
OPTSTK,UBL,28-Apr-2022,1540.0,PE,43.7,55.0,43.7,44.75,54.2,4,22.25,7000,-700,18-APR-2022,
OPTSTK,UBL,28-Apr-2022,1560.0,PE,57.0,63.65,57.0,62.4,67.65,4,22.7,6650,-700,18-APR-2022,
OPTSTK,UBL,28-Apr-2022,1580.0,PE,73.9,86.1,73.9,86.1,82.55,2,11.62,4200,350,18-APR-2022,
OPTSTK,UBL,28-Apr-2022,1600.0,PE,85.4,85.4,83.9,84.7,98.65,3,17.68,5250,700,18-APR-2022,
OPTSTK,UBL,28-Apr-2022,1620.0,PE,0.0,0.0,0.0,164.4,115.75,0,0.0,0,0,18-APR-2022,
OPTSTK,UBL,28-Apr-2022,1640.0,PE,0.0,0.0,0.0,177.9,133.65,0,0.0,0,0,18-APR-2022,
OPTSTK,UBL,28-Apr-2022,1660.0,PE,0.0,0.0,0.0,118.35,152.2,0,0.0,1750,0,18-APR-2022,
OPTSTK,UBL,28-Apr-2022,1680.0,PE,0.0,0.0,0.0,142.7,171.2,0,0.0,2450,0,18-APR-2022,
OPTSTK,UBL,28-Apr-2022,1700.0,PE,0.0,0.0,0.0,221.2,190.5,0,0.0,0,0,18-APR-2022,
OPTSTK,UBL,28-Apr-2022,1720.0,PE,0.0,0.0,0.0,241.5,210.05,0,0.0,350,0,18-APR-2022,
OPTSTK,UBL,28-Apr-2022,1740.0,PE,0.0,0.0,0.0,252.1,229.8,0,0.0,0,0,18-APR-2022,
OPTSTK,UBL,28-Apr-2022,1760.0,PE,0.0,0.0,0.0,283.0,249.6,0,0.0,350,0,18-APR-2022,
OPTSTK,UBL,28-Apr-2022,1780.0,PE,0.0,0.0,0.0,311.5,269.5,0,0.0,700,0,18-APR-2022,
OPTSTK,UBL,28-Apr-2022,1800.0,PE,0.0,0.0,0.0,301.05,289.4,0,0.0,0,0,18-APR-2022,
OPTSTK,UBL,28-Apr-2022,1820.0,PE,0.0,0.0,0.0,318.0,309.35,0,0.0,0,0,18-APR-2022,
OPTSTK,UBL,28-Apr-2022,1840.0,PE,0.0,0.0,0.0,335.2,329.3,0,0.0,0,0,18-APR-2022,
OPTSTK,UBL,28-Apr-2022,1860.0,PE,0.0,0.0,0.0,352.65,349.3,0,0.0,0,0,18-APR-2022,
OPTSTK,UBL,28-Apr-2022,1880.0,PE,0.0,0.0,0.0,370.35,369.25,0,0.0,0,0,18-APR-2022,
OPTSTK,UBL,28-Apr-2022,1900.0,PE,0.0,0.0,0.0,388.25,389.25,0,0.0,0,0,18-APR-2022,
OPTSTK,UBL,28-Apr-2022,1920.0,PE,0.0,0.0,0.0,406.3,409.2,0,0.0,0,0,18-APR-2022,
OPTSTK,UBL,28-Apr-2022,1940.0,PE,0.0,0.0,0.0,424.55,429.2,0,0.0,0,0,18-APR-2022,
OPTSTK,UBL,28-Apr-2022,1960.0,PE,0.0,0.0,0.0,443.0,449.15,0,0.0,0,0,18-APR-2022,
OPTSTK,UBL,28-Apr-2022,1980.0,PE,0.0,0.0,0.0,461.55,469.15,0,0.0,0,0,18-APR-2022,
OPTSTK,UBL,28-Apr-2022,2000.0,PE,0.0,0.0,0.0,480.25,489.1,0,0.0,0,0,18-APR-2022,
OPTSTK,UBL,28-Apr-2022,2020.0,PE,0.0,0.0,0.0,499.05,509.1,0,0.0,0,0,18-APR-2022,
OPTSTK,UBL,28-Apr-2022,2040.0,PE,0.0,0.0,0.0,518.0,529.05,0,0.0,0,0,18-APR-2022,
OPTSTK,UBL,28-Apr-2022,2060.0,PE,0.0,0.0,0.0,537.0,549.05,0,0.0,0,0,18-APR-2022,
OPTSTK,UBL,28-Apr-2022,2080.0,PE,0.0,0.0,0.0,556.1,569.05,0,0.0,0,0,18-APR-2022,
OPTSTK,UBL,28-Apr-2022,2100.0,PE,0.0,0.0,0.0,575.3,589.0,0,0.0,0,0,18-APR-2022,
OPTSTK,UBL,26-May-2022,980.0,CE,0.0,0.0,0.0,495.6,533.0,0,0.0,0,0,18-APR-2022,
OPTSTK,UBL,26-May-2022,1000.0,CE,0.0,0.0,0.0,476.1,513.1,0,0.0,0,0,18-APR-2022,
OPTSTK,UBL,26-May-2022,1020.0,CE,0.0,0.0,0.0,456.75,493.2,0,0.0,0,0,18-APR-2022,
OPTSTK,UBL,26-May-2022,1040.0,CE,0.0,0.0,0.0,437.45,473.3,0,0.0,0,0,18-APR-2022,
OPTSTK,UBL,26-May-2022,1060.0,CE,0.0,0.0,0.0,418.35,453.4,0,0.0,0,0,18-APR-2022,
OPTSTK,UBL,26-May-2022,1080.0,CE,0.0,0.0,0.0,399.4,433.55,0,0.0,0,0,18-APR-2022,
OPTSTK,UBL,26-May-2022,1100.0,CE,0.0,0.0,0.0,380.65,413.7,0,0.0,0,0,18-APR-2022,
OPTSTK,UBL,26-May-2022,1120.0,CE,0.0,0.0,0.0,362.15,393.9,0,0.0,0,0,18-APR-2022,
OPTSTK,UBL,26-May-2022,1140.0,CE,0.0,0.0,0.0,343.9,374.2,0,0.0,0,0,18-APR-2022,
OPTSTK,UBL,26-May-2022,1160.0,CE,0.0,0.0,0.0,325.95,354.55,0,0.0,0,0,18-APR-2022,
OPTSTK,UBL,26-May-2022,1180.0,CE,0.0,0.0,0.0,308.35,335.0,0,0.0,0,0,18-APR-2022,
OPTSTK,UBL,26-May-2022,1200.0,CE,0.0,0.0,0.0,291.15,315.6,0,0.0,0,0,18-APR-2022,
OPTSTK,UBL,26-May-2022,1220.0,CE,0.0,0.0,0.0,274.3,296.4,0,0.0,0,0,18-APR-2022,
OPTSTK,UBL,26-May-2022,1240.0,CE,0.0,0.0,0.0,257.95,277.4,0,0.0,0,0,18-APR-2022,
OPTSTK,UBL,26-May-2022,1260.0,CE,0.0,0.0,0.0,242.05,258.75,0,0.0,0,0,18-APR-2022,
OPTSTK,UBL,26-May-2022,1280.0,CE,0.0,0.0,0.0,226.65,240.45,0,0.0,0,0,18-APR-2022,
OPTSTK,UBL,26-May-2022,1300.0,CE,0.0,0.0,0.0,211.8,222.55,0,0.0,0,0,18-APR-2022,
OPTSTK,UBL,26-May-2022,1320.0,CE,0.0,0.0,0.0,197.5,205.1,0,0.0,0,0,18-APR-2022,
OPTSTK,UBL,26-May-2022,1340.0,CE,0.0,0.0,0.0,183.65,188.25,0,0.0,0,0,18-APR-2022,
OPTSTK,UBL,26-May-2022,1360.0,CE,0.0,0.0,0.0,170.5,172.0,0,0.0,0,0,18-APR-2022,
OPTSTK,UBL,26-May-2022,1380.0,CE,0.0,0.0,0.0,158.0,156.45,0,0.0,0,0,18-APR-2022,
OPTSTK,UBL,26-May-2022,1400.0,CE,0.0,0.0,0.0,146.05,141.65,0,0.0,0,0,18-APR-2022,
OPTSTK,UBL,26-May-2022,1420.0,CE,0.0,0.0,0.0,134.7,127.55,0,0.0,0,0,18-APR-2022,
OPTSTK,UBL,26-May-2022,1440.0,CE,0.0,0.0,0.0,124.0,114.35,0,0.0,0,0,18-APR-2022,
OPTSTK,UBL,26-May-2022,1460.0,CE,0.0,0.0,0.0,113.9,102.0,0,0.0,0,0,18-APR-2022,
OPTSTK,UBL,26-May-2022,1480.0,CE,0.0,0.0,0.0,104.45,90.55,0,0.0,0,0,18-APR-2022,
OPTSTK,UBL,26-May-2022,1500.0,CE,0.0,0.0,0.0,95.55,79.95,0,0.0,0,0,18-APR-2022,
OPTSTK,UBL,26-May-2022,1520.0,CE,0.0,0.0,0.0,87.2,70.25,0,0.0,0,0,18-APR-2022,
OPTSTK,UBL,26-May-2022,1540.0,CE,0.0,0.0,0.0,79.45,61.4,0,0.0,0,0,18-APR-2022,
OPTSTK,UBL,26-May-2022,1560.0,CE,0.0,0.0,0.0,72.25,53.35,0,0.0,0,0,18-APR-2022,
OPTSTK,UBL,26-May-2022,1580.0,CE,0.0,0.0,0.0,65.55,46.15,0,0.0,0,0,18-APR-2022,
OPTSTK,UBL,26-May-2022,1600.0,CE,0.0,0.0,0.0,59.4,39.75,0,0.0,0,0,18-APR-2022,
OPTSTK,UBL,26-May-2022,1620.0,CE,0.0,0.0,0.0,53.7,34.05,0,0.0,0,0,18-APR-2022,
OPTSTK,UBL,26-May-2022,1640.0,CE,0.0,0.0,0.0,48.55,29.1,0,0.0,0,0,18-APR-2022,
OPTSTK,UBL,26-May-2022,1660.0,CE,0.0,0.0,0.0,43.75,24.65,0,0.0,0,0,18-APR-2022,
OPTSTK,UBL,26-May-2022,1680.0,CE,0.0,0.0,0.0,39.35,20.8,0,0.0,0,0,18-APR-2022,
OPTSTK,UBL,26-May-2022,1700.0,CE,15.0,15.0,15.0,15.0,17.45,1,6.0,350,350,18-APR-2022,
OPTSTK,UBL,26-May-2022,1720.0,CE,0.0,0.0,0.0,31.65,14.6,0,0.0,0,0,18-APR-2022,
OPTSTK,UBL,26-May-2022,1740.0,CE,0.0,0.0,0.0,28.3,12.15,0,0.0,0,0,18-APR-2022,
OPTSTK,UBL,26-May-2022,1760.0,CE,0.0,0.0,0.0,25.3,10.05,0,0.0,0,0,18-APR-2022,
OPTSTK,UBL,26-May-2022,1780.0,CE,0.0,0.0,0.0,22.55,8.3,0,0.0,0,0,18-APR-2022,
OPTSTK,UBL,26-May-2022,1800.0,CE,0.0,0.0,0.0,20.1,6.8,0,0.0,0,0,18-APR-2022,
OPTSTK,UBL,26-May-2022,1820.0,CE,0.0,0.0,0.0,17.85,5.6,0,0.0,0,0,18-APR-2022,
OPTSTK,UBL,26-May-2022,1840.0,CE,0.0,0.0,0.0,15.85,4.55,0,0.0,0,0,18-APR-2022,
OPTSTK,UBL,26-May-2022,1860.0,CE,0.0,0.0,0.0,14.05,3.7,0,0.0,0,0,18-APR-2022,
OPTSTK,UBL,26-May-2022,1880.0,CE,0.0,0.0,0.0,12.45,3.0,0,0.0,0,0,18-APR-2022,
OPTSTK,UBL,26-May-2022,1900.0,CE,0.0,0.0,0.0,11.0,2.4,0,0.0,0,0,18-APR-2022,
OPTSTK,UBL,26-May-2022,1920.0,CE,0.0,0.0,0.0,9.7,1.9,0,0.0,0,0,18-APR-2022,
OPTSTK,UBL,26-May-2022,1940.0,CE,0.0,0.0,0.0,8.55,1.55,0,0.0,0,0,18-APR-2022,
OPTSTK,UBL,26-May-2022,1960.0,CE,0.0,0.0,0.0,7.55,1.25,0,0.0,0,0,18-APR-2022,
OPTSTK,UBL,26-May-2022,1980.0,CE,0.0,0.0,0.0,6.65,0.95,0,0.0,0,0,18-APR-2022,
OPTSTK,UBL,26-May-2022,2000.0,CE,0.0,0.0,0.0,5.85,0.75,0,0.0,0,0,18-APR-2022,
OPTSTK,UBL,26-May-2022,2020.0,CE,0.0,0.0,0.0,5.1,0.6,0,0.0,0,0,18-APR-2022,
OPTSTK,UBL,26-May-2022,2040.0,CE,0.0,0.0,0.0,4.5,0.5,0,0.0,0,0,18-APR-2022,
OPTSTK,UBL,26-May-2022,2060.0,CE,0.0,0.0,0.0,3.95,0.4,0,0.0,0,0,18-APR-2022,
OPTSTK,UBL,26-May-2022,2080.0,CE,0.0,0.0,0.0,3.45,0.3,0,0.0,0,0,18-APR-2022,
OPTSTK,UBL,26-May-2022,2100.0,CE,0.0,0.0,0.0,3.0,0.25,0,0.0,0,0,18-APR-2022,
OPTSTK,UBL,26-May-2022,980.0,PE,0.0,0.0,0.0,0.8,0.05,0,0.0,0,0,18-APR-2022,
OPTSTK,UBL,26-May-2022,1000.0,PE,0.0,0.0,0.0,1.1,0.05,0,0.0,0,0,18-APR-2022,
OPTSTK,UBL,26-May-2022,1020.0,PE,0.0,0.0,0.0,1.5,0.05,0,0.0,0,0,18-APR-2022,
OPTSTK,UBL,26-May-2022,1040.0,PE,0.0,0.0,0.0,2.05,0.05,0,0.0,0,0,18-APR-2022,
OPTSTK,UBL,26-May-2022,1060.0,PE,0.0,0.0,0.0,2.7,0.1,0,0.0,0,0,18-APR-2022,
OPTSTK,UBL,26-May-2022,1080.0,PE,0.0,0.0,0.0,3.55,0.15,0,0.0,0,0,18-APR-2022,
OPTSTK,UBL,26-May-2022,1100.0,PE,0.0,0.0,0.0,4.6,0.2,0,0.0,0,0,18-APR-2022,
OPTSTK,UBL,26-May-2022,1120.0,PE,0.0,0.0,0.0,5.85,0.3,0,0.0,0,0,18-APR-2022,
OPTSTK,UBL,26-May-2022,1140.0,PE,0.0,0.0,0.0,7.4,0.5,0,0.0,0,0,18-APR-2022,
OPTSTK,UBL,26-May-2022,1160.0,PE,0.0,0.0,0.0,9.3,0.75,0,0.0,0,0,18-APR-2022,
OPTSTK,UBL,26-May-2022,1180.0,PE,0.0,0.0,0.0,11.45,1.1,0,0.0,0,0,18-APR-2022,
OPTSTK,UBL,26-May-2022,1200.0,PE,0.0,0.0,0.0,14.05,1.65,0,0.0,0,0,18-APR-2022,
OPTSTK,UBL,26-May-2022,1220.0,PE,0.0,0.0,0.0,17.0,2.35,0,0.0,0,0,18-APR-2022,
OPTSTK,UBL,26-May-2022,1240.0,PE,0.0,0.0,0.0,20.4,3.3,0,0.0,0,0,18-APR-2022,
OPTSTK,UBL,26-May-2022,1260.0,PE,0.0,0.0,0.0,24.3,4.55,0,0.0,0,0,18-APR-2022,
OPTSTK,UBL,26-May-2022,1280.0,PE,0.0,0.0,0.0,28.7,6.15,0,0.0,0,0,18-APR-2022,
OPTSTK,UBL,26-May-2022,1300.0,PE,0.0,0.0,0.0,33.65,8.15,0,0.0,0,0,18-APR-2022,
OPTSTK,UBL,26-May-2022,1320.0,PE,0.0,0.0,0.0,39.1,10.65,0,0.0,0,0,18-APR-2022,
OPTSTK,UBL,26-May-2022,1340.0,PE,0.0,0.0,0.0,45.1,13.7,0,0.0,0,0,18-APR-2022,
OPTSTK,UBL,26-May-2022,1360.0,PE,0.0,0.0,0.0,51.75,17.35,0,0.0,0,0,18-APR-2022,
OPTSTK,UBL,26-May-2022,1380.0,PE,0.0,0.0,0.0,59.0,21.7,0,0.0,0,0,18-APR-2022,
OPTSTK,UBL,26-May-2022,1400.0,PE,0.0,0.0,0.0,65.0,26.85,0,0.0,350,0,18-APR-2022,
OPTSTK,UBL,26-May-2022,1420.0,PE,0.0,0.0,0.0,75.3,32.65,0,0.0,0,0,18-APR-2022,
OPTSTK,UBL,26-May-2022,1440.0,PE,0.0,0.0,0.0,84.4,39.35,0,0.0,0,0,18-APR-2022,
OPTSTK,UBL,26-May-2022,1460.0,PE,0.0,0.0,0.0,94.1,46.9,0,0.0,0,0,18-APR-2022,
OPTSTK,UBL,26-May-2022,1480.0,PE,0.0,0.0,0.0,104.4,55.35,0,0.0,0,0,18-APR-2022,
OPTSTK,UBL,26-May-2022,1500.0,PE,0.0,0.0,0.0,115.3,64.65,0,0.0,0,0,18-APR-2022,
OPTSTK,UBL,26-May-2022,1520.0,PE,0.0,0.0,0.0,126.75,74.85,0,0.0,0,0,18-APR-2022,
OPTSTK,UBL,26-May-2022,1540.0,PE,0.0,0.0,0.0,138.8,85.95,0,0.0,0,0,18-APR-2022,
OPTSTK,UBL,26-May-2022,1560.0,PE,0.0,0.0,0.0,151.4,97.85,0,0.0,0,0,18-APR-2022,
OPTSTK,UBL,26-May-2022,1580.0,PE,0.0,0.0,0.0,164.5,110.55,0,0.0,0,0,18-APR-2022,
OPTSTK,UBL,26-May-2022,1600.0,PE,0.0,0.0,0.0,178.1,124.05,0,0.0,0,0,18-APR-2022,
OPTSTK,UBL,26-May-2022,1620.0,PE,0.0,0.0,0.0,192.2,138.25,0,0.0,0,0,18-APR-2022,
OPTSTK,UBL,26-May-2022,1640.0,PE,0.0,0.0,0.0,206.8,153.2,0,0.0,0,0,18-APR-2022,
OPTSTK,UBL,26-May-2022,1660.0,PE,0.0,0.0,0.0,221.8,168.65,0,0.0,0,0,18-APR-2022,
OPTSTK,UBL,26-May-2022,1680.0,PE,0.0,0.0,0.0,237.2,184.75,0,0.0,0,0,18-APR-2022,
OPTSTK,UBL,26-May-2022,1700.0,PE,0.0,0.0,0.0,252.95,201.3,0,0.0,0,0,18-APR-2022,
OPTSTK,UBL,26-May-2022,1720.0,PE,0.0,0.0,0.0,269.1,218.35,0,0.0,0,0,18-APR-2022,
OPTSTK,UBL,26-May-2022,1740.0,PE,0.0,0.0,0.0,285.55,235.85,0,0.0,0,0,18-APR-2022,
OPTSTK,UBL,26-May-2022,1760.0,PE,0.0,0.0,0.0,302.3,253.65,0,0.0,0,0,18-APR-2022,
OPTSTK,UBL,26-May-2022,1780.0,PE,0.0,0.0,0.0,319.4,271.8,0,0.0,0,0,18-APR-2022,
OPTSTK,UBL,26-May-2022,1800.0,PE,0.0,0.0,0.0,336.7,290.25,0,0.0,0,0,18-APR-2022,
OPTSTK,UBL,26-May-2022,1820.0,PE,0.0,0.0,0.0,354.25,308.9,0,0.0,0,0,18-APR-2022,
OPTSTK,UBL,26-May-2022,1840.0,PE,0.0,0.0,0.0,372.05,327.75,0,0.0,0,0,18-APR-2022,
OPTSTK,UBL,26-May-2022,1860.0,PE,0.0,0.0,0.0,390.05,346.8,0,0.0,0,0,18-APR-2022,
OPTSTK,UBL,26-May-2022,1880.0,PE,0.0,0.0,0.0,408.25,366.05,0,0.0,0,0,18-APR-2022,
OPTSTK,UBL,26-May-2022,1900.0,PE,0.0,0.0,0.0,426.55,385.35,0,0.0,0,0,18-APR-2022,
OPTSTK,UBL,26-May-2022,1920.0,PE,0.0,0.0,0.0,445.1,404.8,0,0.0,0,0,18-APR-2022,
OPTSTK,UBL,26-May-2022,1940.0,PE,0.0,0.0,0.0,463.7,424.3,0,0.0,0,0,18-APR-2022,
OPTSTK,UBL,26-May-2022,1960.0,PE,0.0,0.0,0.0,482.5,443.9,0,0.0,0,0,18-APR-2022,
OPTSTK,UBL,26-May-2022,1980.0,PE,0.0,0.0,0.0,501.35,463.6,0,0.0,0,0,18-APR-2022,
OPTSTK,UBL,26-May-2022,2000.0,PE,0.0,0.0,0.0,520.35,483.3,0,0.0,0,0,18-APR-2022,
OPTSTK,UBL,26-May-2022,2020.0,PE,0.0,0.0,0.0,539.45,503.05,0,0.0,0,0,18-APR-2022,
OPTSTK,UBL,26-May-2022,2040.0,PE,0.0,0.0,0.0,558.6,522.85,0,0.0,0,0,18-APR-2022,
OPTSTK,UBL,26-May-2022,2060.0,PE,0.0,0.0,0.0,577.8,542.65,0,0.0,0,0,18-APR-2022,
OPTSTK,UBL,26-May-2022,2080.0,PE,0.0,0.0,0.0,597.1,562.45,0,0.0,0,0,18-APR-2022,
OPTSTK,UBL,26-May-2022,2100.0,PE,0.0,0.0,0.0,616.5,582.3,0,0.0,0,0,18-APR-2022,
OPTSTK,UBL,30-Jun-2022,980.0,CE,0.0,0.0,0.0,520.75,537.25,0,0.0,0,0,18-APR-2022,
OPTSTK,UBL,30-Jun-2022,1000.0,CE,0.0,0.0,0.0,501.3,517.5,0,0.0,0,0,18-APR-2022,
OPTSTK,UBL,30-Jun-2022,1020.0,CE,0.0,0.0,0.0,481.95,497.85,0,0.0,0,0,18-APR-2022,
OPTSTK,UBL,30-Jun-2022,1040.0,CE,0.0,0.0,0.0,462.7,478.3,0,0.0,0,0,18-APR-2022,
OPTSTK,UBL,30-Jun-2022,1060.0,CE,0.0,0.0,0.0,443.6,458.75,0,0.0,0,0,18-APR-2022,
OPTSTK,UBL,30-Jun-2022,1080.0,CE,0.0,0.0,0.0,424.65,439.35,0,0.0,0,0,18-APR-2022,
OPTSTK,UBL,30-Jun-2022,1100.0,CE,0.0,0.0,0.0,405.95,420.1,0,0.0,0,0,18-APR-2022,
OPTSTK,UBL,30-Jun-2022,1120.0,CE,0.0,0.0,0.0,387.4,400.95,0,0.0,0,0,18-APR-2022,
OPTSTK,UBL,30-Jun-2022,1140.0,CE,0.0,0.0,0.0,369.15,382.0,0,0.0,0,0,18-APR-2022,
OPTSTK,UBL,30-Jun-2022,1160.0,CE,0.0,0.0,0.0,351.15,363.3,0,0.0,0,0,18-APR-2022,
OPTSTK,UBL,30-Jun-2022,1180.0,CE,0.0,0.0,0.0,333.5,344.8,0,0.0,0,0,18-APR-2022,
OPTSTK,UBL,30-Jun-2022,1200.0,CE,0.0,0.0,0.0,316.2,326.65,0,0.0,0,0,18-APR-2022,
OPTSTK,UBL,30-Jun-2022,1220.0,CE,0.0,0.0,0.0,299.25,308.75,0,0.0,0,0,18-APR-2022,
OPTSTK,UBL,30-Jun-2022,1240.0,CE,0.0,0.0,0.0,282.7,291.25,0,0.0,0,0,18-APR-2022,
OPTSTK,UBL,30-Jun-2022,1260.0,CE,0.0,0.0,0.0,266.6,274.15,0,0.0,0,0,18-APR-2022,
OPTSTK,UBL,30-Jun-2022,1280.0,CE,0.0,0.0,0.0,250.95,257.45,0,0.0,0,0,18-APR-2022,
OPTSTK,UBL,30-Jun-2022,1300.0,CE,0.0,0.0,0.0,235.8,241.25,0,0.0,0,0,18-APR-2022,
OPTSTK,UBL,30-Jun-2022,1320.0,CE,0.0,0.0,0.0,221.2,225.55,0,0.0,0,0,18-APR-2022,
OPTSTK,UBL,30-Jun-2022,1340.0,CE,0.0,0.0,0.0,207.05,210.35,0,0.0,0,0,18-APR-2022,
OPTSTK,UBL,30-Jun-2022,1360.0,CE,0.0,0.0,0.0,193.4,195.8,0,0.0,0,0,18-APR-2022,
OPTSTK,UBL,30-Jun-2022,1380.0,CE,0.0,0.0,0.0,180.4,181.75,0,0.0,0,0,18-APR-2022,
OPTSTK,UBL,30-Jun-2022,1400.0,CE,0.0,0.0,0.0,167.95,168.25,0,0.0,0,0,18-APR-2022,
OPTSTK,UBL,30-Jun-2022,1420.0,CE,0.0,0.0,0.0,156.1,155.45,0,0.0,0,0,18-APR-2022,
OPTSTK,UBL,30-Jun-2022,1440.0,CE,0.0,0.0,0.0,144.8,143.3,0,0.0,0,0,18-APR-2022,
OPTSTK,UBL,30-Jun-2022,1460.0,CE,0.0,0.0,0.0,134.1,131.75,0,0.0,0,0,18-APR-2022,
OPTSTK,UBL,30-Jun-2022,1480.0,CE,0.0,0.0,0.0,123.95,120.9,0,0.0,0,0,18-APR-2022,
OPTSTK,UBL,30-Jun-2022,1500.0,CE,0.0,0.0,0.0,114.35,110.65,0,0.0,0,0,18-APR-2022,
OPTSTK,UBL,30-Jun-2022,1520.0,CE,0.0,0.0,0.0,105.3,101.0,0,0.0,0,0,18-APR-2022,
OPTSTK,UBL,30-Jun-2022,1540.0,CE,0.0,0.0,0.0,96.85,92.0,0,0.0,0,0,18-APR-2022,
OPTSTK,UBL,30-Jun-2022,1560.0,CE,0.0,0.0,0.0,88.9,83.65,0,0.0,0,0,18-APR-2022,
OPTSTK,UBL,30-Jun-2022,1580.0,CE,0.0,0.0,0.0,81.45,75.85,0,0.0,0,0,18-APR-2022,
OPTSTK,UBL,30-Jun-2022,1600.0,CE,0.0,0.0,0.0,80.0,68.6,0,0.0,0,0,18-APR-2022,
OPTSTK,UBL,30-Jun-2022,1620.0,CE,0.0,0.0,0.0,68.05,61.95,0,0.0,0,0,18-APR-2022,
OPTSTK,UBL,30-Jun-2022,1640.0,CE,0.0,0.0,0.0,62.1,55.8,0,0.0,0,0,18-APR-2022,
OPTSTK,UBL,30-Jun-2022,1660.0,CE,0.0,0.0,0.0,56.5,50.15,0,0.0,0,0,18-APR-2022,
OPTSTK,UBL,30-Jun-2022,1680.0,CE,0.0,0.0,0.0,51.45,45.05,0,0.0,0,0,18-APR-2022,
OPTSTK,UBL,30-Jun-2022,1700.0,CE,0.0,0.0,0.0,46.75,40.35,0,0.0,0,0,18-APR-2022,
OPTSTK,UBL,30-Jun-2022,1720.0,CE,0.0,0.0,0.0,42.4,36.05,0,0.0,0,0,18-APR-2022,
OPTSTK,UBL,30-Jun-2022,1740.0,CE,0.0,0.0,0.0,38.35,32.1,0,0.0,0,0,18-APR-2022,
OPTSTK,UBL,30-Jun-2022,1760.0,CE,0.0,0.0,0.0,34.65,28.6,0,0.0,0,0,18-APR-2022,
OPTSTK,UBL,30-Jun-2022,1780.0,CE,0.0,0.0,0.0,31.3,25.4,0,0.0,0,0,18-APR-2022,
OPTSTK,UBL,30-Jun-2022,1800.0,CE,0.0,0.0,0.0,28.2,22.5,0,0.0,0,0,18-APR-2022,
OPTSTK,UBL,30-Jun-2022,1820.0,CE,0.0,0.0,0.0,25.4,19.9,0,0.0,0,0,18-APR-2022,
OPTSTK,UBL,30-Jun-2022,1840.0,CE,0.0,0.0,0.0,22.85,17.6,0,0.0,0,0,18-APR-2022,
OPTSTK,UBL,30-Jun-2022,1860.0,CE,0.0,0.0,0.0,20.5,15.5,0,0.0,0,0,18-APR-2022,
OPTSTK,UBL,30-Jun-2022,1880.0,CE,0.0,0.0,0.0,18.4,13.65,0,0.0,0,0,18-APR-2022,
OPTSTK,UBL,30-Jun-2022,1900.0,CE,0.0,0.0,0.0,16.5,12.0,0,0.0,0,0,18-APR-2022,
OPTSTK,UBL,30-Jun-2022,1920.0,CE,0.0,0.0,0.0,14.75,10.55,0,0.0,0,0,18-APR-2022,
OPTSTK,UBL,30-Jun-2022,1940.0,CE,0.0,0.0,0.0,13.2,9.2,0,0.0,0,0,18-APR-2022,
OPTSTK,UBL,30-Jun-2022,1960.0,CE,0.0,0.0,0.0,11.8,8.05,0,0.0,0,0,18-APR-2022,
OPTSTK,UBL,30-Jun-2022,1980.0,CE,0.0,0.0,0.0,10.5,7.05,0,0.0,0,0,18-APR-2022,
OPTSTK,UBL,30-Jun-2022,2000.0,CE,0.0,0.0,0.0,9.35,6.15,0,0.0,0,0,18-APR-2022,
OPTSTK,UBL,30-Jun-2022,2020.0,CE,0.0,0.0,0.0,8.35,5.35,0,0.0,0,0,18-APR-2022,
OPTSTK,UBL,30-Jun-2022,2040.0,CE,0.0,0.0,0.0,7.4,4.65,0,0.0,0,0,18-APR-2022,
OPTSTK,UBL,30-Jun-2022,2060.0,CE,0.0,0.0,0.0,6.6,4.05,0,0.0,0,0,18-APR-2022,
OPTSTK,UBL,30-Jun-2022,2080.0,CE,0.0,0.0,0.0,5.85,3.5,0,0.0,0,0,18-APR-2022,
OPTSTK,UBL,30-Jun-2022,980.0,PE,0.0,0.0,0.0,0.9,0.3,0,0.0,0,0,18-APR-2022,
OPTSTK,UBL,30-Jun-2022,1000.0,PE,0.0,0.0,0.0,1.25,0.4,0,0.0,0,0,18-APR-2022,
OPTSTK,UBL,30-Jun-2022,1020.0,PE,0.0,0.0,0.0,1.65,0.6,0,0.0,0,0,18-APR-2022,
OPTSTK,UBL,30-Jun-2022,1040.0,PE,0.0,0.0,0.0,2.2,0.85,0,0.0,0,0,18-APR-2022,
OPTSTK,UBL,30-Jun-2022,1060.0,PE,0.0,0.0,0.0,2.9,1.15,0,0.0,0,0,18-APR-2022,
OPTSTK,UBL,30-Jun-2022,1080.0,PE,0.0,0.0,0.0,3.75,1.6,0,0.0,0,0,18-APR-2022,
OPTSTK,UBL,30-Jun-2022,1100.0,PE,0.0,0.0,0.0,4.8,2.15,0,0.0,0,0,18-APR-2022,
OPTSTK,UBL,30-Jun-2022,1120.0,PE,0.0,0.0,0.0,6.1,2.85,0,0.0,0,0,18-APR-2022,
OPTSTK,UBL,30-Jun-2022,1140.0,PE,0.0,0.0,0.0,7.6,3.7,0,0.0,0,0,18-APR-2022,
OPTSTK,UBL,30-Jun-2022,1160.0,PE,0.0,0.0,0.0,9.4,4.85,0,0.0,0,0,18-APR-2022,
OPTSTK,UBL,30-Jun-2022,1180.0,PE,0.0,0.0,0.0,11.55,6.2,0,0.0,0,0,18-APR-2022,
OPTSTK,UBL,30-Jun-2022,1200.0,PE,0.0,0.0,0.0,14.0,7.8,0,0.0,0,0,18-APR-2022,
OPTSTK,UBL,30-Jun-2022,1220.0,PE,0.0,0.0,0.0,16.85,9.8,0,0.0,0,0,18-APR-2022,
OPTSTK,UBL,30-Jun-2022,1240.0,PE,0.0,0.0,0.0,20.1,12.1,0,0.0,0,0,18-APR-2022,
OPTSTK,UBL,30-Jun-2022,1260.0,PE,0.0,0.0,0.0,23.8,14.8,0,0.0,0,0,18-APR-2022,
OPTSTK,UBL,30-Jun-2022,1280.0,PE,0.0,0.0,0.0,27.95,17.95,0,0.0,0,0,18-APR-2022,
OPTSTK,UBL,30-Jun-2022,1300.0,PE,0.0,0.0,0.0,32.6,21.6,0,0.0,0,0,18-APR-2022,
OPTSTK,UBL,30-Jun-2022,1320.0,PE,0.0,0.0,0.0,37.75,25.7,0,0.0,0,0,18-APR-2022,
OPTSTK,UBL,30-Jun-2022,1340.0,PE,0.0,0.0,0.0,43.4,30.35,0,0.0,0,0,18-APR-2022,
OPTSTK,UBL,30-Jun-2022,1360.0,PE,0.0,0.0,0.0,49.55,35.65,0,0.0,0,0,18-APR-2022,
OPTSTK,UBL,30-Jun-2022,1380.0,PE,0.0,0.0,0.0,56.35,41.4,0,0.0,0,0,18-APR-2022,
OPTSTK,UBL,30-Jun-2022,1400.0,PE,0.0,0.0,0.0,63.7,47.75,0,0.0,0,0,18-APR-2022,
OPTSTK,UBL,30-Jun-2022,1420.0,PE,0.0,0.0,0.0,71.6,54.8,0,0.0,0,0,18-APR-2022,
OPTSTK,UBL,30-Jun-2022,1440.0,PE,0.0,0.0,0.0,80.1,62.45,0,0.0,0,0,18-APR-2022,
OPTSTK,UBL,30-Jun-2022,1460.0,PE,0.0,0.0,0.0,89.2,70.75,0,0.0,0,0,18-APR-2022,
OPTSTK,UBL,30-Jun-2022,1480.0,PE,0.0,0.0,0.0,98.8,79.7,0,0.0,0,0,18-APR-2022,
OPTSTK,UBL,30-Jun-2022,1500.0,PE,0.0,0.0,0.0,109.0,89.3,0,0.0,0,0,18-APR-2022,
OPTSTK,UBL,30-Jun-2022,1520.0,PE,0.0,0.0,0.0,119.8,99.5,0,0.0,0,0,18-APR-2022,
OPTSTK,UBL,30-Jun-2022,1540.0,PE,0.0,0.0,0.0,131.1,110.35,0,0.0,0,0,18-APR-2022,
OPTSTK,UBL,30-Jun-2022,1560.0,PE,0.0,0.0,0.0,142.95,121.75,0,0.0,0,0,18-APR-2022,
OPTSTK,UBL,30-Jun-2022,1580.0,PE,0.0,0.0,0.0,155.3,133.8,0,0.0,0,0,18-APR-2022,
OPTSTK,UBL,30-Jun-2022,1600.0,PE,0.0,0.0,0.0,168.15,146.4,0,0.0,0,0,18-APR-2022,
OPTSTK,UBL,30-Jun-2022,1620.0,PE,0.0,0.0,0.0,181.5,159.6,0,0.0,0,0,18-APR-2022,
OPTSTK,UBL,30-Jun-2022,1640.0,PE,0.0,0.0,0.0,195.3,173.25,0,0.0,0,0,18-APR-2022,
OPTSTK,UBL,30-Jun-2022,1660.0,PE,0.0,0.0,0.0,209.5,187.45,0,0.0,0,0,18-APR-2022,
OPTSTK,UBL,30-Jun-2022,1680.0,PE,0.0,0.0,0.0,224.25,202.2,0,0.0,0,0,18-APR-2022,
OPTSTK,UBL,30-Jun-2022,1700.0,PE,0.0,0.0,0.0,239.3,217.3,0,0.0,0,0,18-APR-2022,
OPTSTK,UBL,30-Jun-2022,1720.0,PE,0.0,0.0,0.0,254.75,232.85,0,0.0,0,0,18-APR-2022,
OPTSTK,UBL,30-Jun-2022,1740.0,PE,0.0,0.0,0.0,270.5,248.75,0,0.0,0,0,18-APR-2022,
OPTSTK,UBL,30-Jun-2022,1760.0,PE,0.0,0.0,0.0,286.6,265.05,0,0.0,0,0,18-APR-2022,
OPTSTK,UBL,30-Jun-2022,1780.0,PE,0.0,0.0,0.0,303.0,281.65,0,0.0,0,0,18-APR-2022,
OPTSTK,UBL,30-Jun-2022,1800.0,PE,0.0,0.0,0.0,319.75,298.6,0,0.0,0,0,18-APR-2022,
OPTSTK,UBL,30-Jun-2022,1820.0,PE,0.0,0.0,0.0,336.7,315.85,0,0.0,0,0,18-APR-2022,
OPTSTK,UBL,30-Jun-2022,1840.0,PE,0.0,0.0,0.0,353.95,333.35,0,0.0,0,0,18-APR-2022,
OPTSTK,UBL,30-Jun-2022,1860.0,PE,0.0,0.0,0.0,371.4,351.1,0,0.0,0,0,18-APR-2022,
OPTSTK,UBL,30-Jun-2022,1880.0,PE,0.0,0.0,0.0,389.1,369.1,0,0.0,0,0,18-APR-2022,
OPTSTK,UBL,30-Jun-2022,1900.0,PE,0.0,0.0,0.0,406.95,387.25,0,0.0,0,0,18-APR-2022,
OPTSTK,UBL,30-Jun-2022,1920.0,PE,0.0,0.0,0.0,425.0,405.65,0,0.0,0,0,18-APR-2022,
OPTSTK,UBL,30-Jun-2022,1940.0,PE,0.0,0.0,0.0,443.25,424.15,0,0.0,0,0,18-APR-2022,
OPTSTK,UBL,30-Jun-2022,1960.0,PE,0.0,0.0,0.0,461.6,442.85,0,0.0,0,0,18-APR-2022,
OPTSTK,UBL,30-Jun-2022,1980.0,PE,0.0,0.0,0.0,480.15,461.65,0,0.0,0,0,18-APR-2022,
OPTSTK,UBL,30-Jun-2022,2000.0,PE,0.0,0.0,0.0,498.8,480.55,0,0.0,0,0,18-APR-2022,
OPTSTK,UBL,30-Jun-2022,2020.0,PE,0.0,0.0,0.0,517.55,499.6,0,0.0,0,0,18-APR-2022,
OPTSTK,UBL,30-Jun-2022,2040.0,PE,0.0,0.0,0.0,536.4,518.75,0,0.0,0,0,18-APR-2022,
OPTSTK,UBL,30-Jun-2022,2060.0,PE,0.0,0.0,0.0,555.35,537.95,0,0.0,0,0,18-APR-2022,
OPTSTK,UBL,30-Jun-2022,2080.0,PE,0.0,0.0,0.0,574.4,557.25,0,0.0,0,0,18-APR-2022,
OPTSTK,ULTRACEMCO,28-Apr-2022,4200.0,CE,0.0,0.0,0.0,2944.6,2444.3,0,0.0,0,0,18-APR-2022,
OPTSTK,ULTRACEMCO,28-Apr-2022,4300.0,CE,0.0,0.0,0.0,2845.75,2344.4,0,0.0,0,0,18-APR-2022,
OPTSTK,ULTRACEMCO,28-Apr-2022,4400.0,CE,0.0,0.0,0.0,2746.95,2244.5,0,0.0,0,0,18-APR-2022,
OPTSTK,ULTRACEMCO,28-Apr-2022,4500.0,CE,0.0,0.0,0.0,2648.25,2144.65,0,0.0,0,0,18-APR-2022,
OPTSTK,ULTRACEMCO,28-Apr-2022,4600.0,CE,0.0,0.0,0.0,2549.65,2044.75,0,0.0,0,0,18-APR-2022,
OPTSTK,ULTRACEMCO,28-Apr-2022,4700.0,CE,0.0,0.0,0.0,2451.25,1944.85,0,0.0,0,0,18-APR-2022,
OPTSTK,ULTRACEMCO,28-Apr-2022,4800.0,CE,0.0,0.0,0.0,2353.05,1844.95,0,0.0,0,0,18-APR-2022,
OPTSTK,ULTRACEMCO,28-Apr-2022,4900.0,CE,0.0,0.0,0.0,2255.2,1745.1,0,0.0,0,0,18-APR-2022,
OPTSTK,ULTRACEMCO,28-Apr-2022,5000.0,CE,0.0,0.0,0.0,2157.75,1645.2,0,0.0,0,0,18-APR-2022,
OPTSTK,ULTRACEMCO,28-Apr-2022,5100.0,CE,0.0,0.0,0.0,2060.85,1545.3,0,0.0,0,0,18-APR-2022,
OPTSTK,ULTRACEMCO,28-Apr-2022,5200.0,CE,0.0,0.0,0.0,1964.55,1445.4,0,0.0,0,0,18-APR-2022,
OPTSTK,ULTRACEMCO,28-Apr-2022,5300.0,CE,0.0,0.0,0.0,1869.1,1345.55,0,0.0,0,0,18-APR-2022,
OPTSTK,ULTRACEMCO,28-Apr-2022,5400.0,CE,0.0,0.0,0.0,1774.65,1245.65,0,0.0,0,0,18-APR-2022,
OPTSTK,ULTRACEMCO,28-Apr-2022,5500.0,CE,0.0,0.0,0.0,1166.0,1145.8,0,0.0,100,0,18-APR-2022,
OPTSTK,ULTRACEMCO,28-Apr-2022,5600.0,CE,0.0,0.0,0.0,1589.35,1046.05,0,0.0,0,0,18-APR-2022,
OPTSTK,ULTRACEMCO,28-Apr-2022,5700.0,CE,0.0,0.0,0.0,1498.95,946.45,0,0.0,0,0,18-APR-2022,
OPTSTK,ULTRACEMCO,28-Apr-2022,5800.0,CE,0.0,0.0,0.0,930.0,847.3,0,0.0,700,0,18-APR-2022,
OPTSTK,ULTRACEMCO,28-Apr-2022,5900.0,CE,0.0,0.0,0.0,825.95,748.95,0,0.0,1500,0,18-APR-2022,
OPTSTK,ULTRACEMCO,28-Apr-2022,6000.0,CE,0.0,0.0,0.0,757.5,652.2,0,0.0,6200,0,18-APR-2022,
OPTSTK,ULTRACEMCO,28-Apr-2022,6100.0,CE,0.0,0.0,0.0,714.4,558.0,0,0.0,1800,0,18-APR-2022,
OPTSTK,ULTRACEMCO,28-Apr-2022,6200.0,CE,502.25,502.25,489.15,489.15,489.15,4,26.77,5900,-100,18-APR-2022,
OPTSTK,ULTRACEMCO,28-Apr-2022,6300.0,CE,414.5,414.5,355.85,401.7,383.2,8,53.48,4100,-400,18-APR-2022,
OPTSTK,ULTRACEMCO,28-Apr-2022,6400.0,CE,340.0,340.0,289.25,336.8,306.05,5,33.64,4200,0,18-APR-2022,
OPTSTK,ULTRACEMCO,28-Apr-2022,6500.0,CE,234.0,273.2,201.05,239.85,237.15,29,195.25,15800,300,18-APR-2022,
OPTSTK,ULTRACEMCO,28-Apr-2022,6600.0,CE,200.0,200.0,146.7,167.7,167.7,264,1787.71,21200,-700,18-APR-2022,
OPTSTK,ULTRACEMCO,28-Apr-2022,6700.0,CE,150.0,150.05,100.05,114.85,114.85,998,6811.55,35200,-4100,18-APR-2022,
OPTSTK,ULTRACEMCO,28-Apr-2022,6800.0,CE,100.0,107.35,66.9,75.6,75.6,1254,8631.18,76200,-1200,18-APR-2022,
OPTSTK,ULTRACEMCO,28-Apr-2022,6900.0,CE,89.0,89.0,40.05,47.6,47.6,1072,7455.09,52700,-5000,18-APR-2022,
OPTSTK,ULTRACEMCO,28-Apr-2022,7000.0,CE,30.05,47.95,28.9,30.7,30.7,1839,12937.19,146800,2100,18-APR-2022,
OPTSTK,ULTRACEMCO,28-Apr-2022,7100.0,CE,35.0,35.0,18.9,20.5,20.5,848,6040.7,44200,-11000,18-APR-2022,
OPTSTK,ULTRACEMCO,28-Apr-2022,7200.0,CE,16.15,21.2,10.6,14.25,14.25,1055,7612.77,62200,200,18-APR-2022,
OPTSTK,ULTRACEMCO,28-Apr-2022,7300.0,CE,12.35,16.3,9.35,10.85,10.85,648,4738.06,39100,-300,18-APR-2022,
OPTSTK,ULTRACEMCO,28-Apr-2022,7400.0,CE,9.95,12.35,7.0,8.3,8.3,481,3563.76,26200,-1400,18-APR-2022,
OPTSTK,ULTRACEMCO,28-Apr-2022,7500.0,CE,9.5,10.4,6.0,7.35,7.35,764,5735.92,83700,7700,18-APR-2022,
OPTSTK,ULTRACEMCO,28-Apr-2022,7600.0,CE,8.15,8.45,4.85,6.05,6.05,581,4419.42,17300,300,18-APR-2022,
OPTSTK,ULTRACEMCO,28-Apr-2022,7700.0,CE,5.75,6.85,4.45,5.4,5.4,406,3128.41,26700,800,18-APR-2022,
OPTSTK,ULTRACEMCO,28-Apr-2022,7800.0,CE,5.3,5.8,3.6,4.65,4.65,418,3262.39,12400,-800,18-APR-2022,
OPTSTK,ULTRACEMCO,28-Apr-2022,7900.0,CE,4.0,5.15,3.5,4.15,4.15,73,577.02,4300,800,18-APR-2022,
OPTSTK,ULTRACEMCO,28-Apr-2022,8000.0,CE,4.05,5.1,3.15,4.1,4.1,373,2985.54,49500,-2400,18-APR-2022,
OPTSTK,ULTRACEMCO,28-Apr-2022,8100.0,CE,4.15,4.15,4.0,4.0,0.05,8,64.83,12700,200,18-APR-2022,
OPTSTK,ULTRACEMCO,28-Apr-2022,8200.0,CE,3.0,3.45,2.5,2.55,0.05,12,98.43,1400,-900,18-APR-2022,
OPTSTK,ULTRACEMCO,28-Apr-2022,8300.0,CE,0.0,0.0,0.0,130.85,0.05,0,0.0,0,0,18-APR-2022,
OPTSTK,ULTRACEMCO,28-Apr-2022,8400.0,CE,0.0,0.0,0.0,115.15,0.0,0,0.0,0,0,18-APR-2022,
OPTSTK,ULTRACEMCO,28-Apr-2022,8500.0,CE,0.0,0.0,0.0,101.15,0.0,0,0.0,0,0,18-APR-2022,
OPTSTK,ULTRACEMCO,28-Apr-2022,8600.0,CE,0.0,0.0,0.0,88.65,0.0,0,0.0,0,0,18-APR-2022,
OPTSTK,ULTRACEMCO,28-Apr-2022,8700.0,CE,0.0,0.0,0.0,77.5,0.0,0,0.0,0,0,18-APR-2022,
OPTSTK,ULTRACEMCO,28-Apr-2022,8800.0,CE,0.0,0.0,0.0,67.65,0.0,0,0.0,0,0,18-APR-2022,
OPTSTK,ULTRACEMCO,28-Apr-2022,8900.0,CE,0.0,0.0,0.0,58.95,0.0,0,0.0,0,0,18-APR-2022,
OPTSTK,ULTRACEMCO,28-Apr-2022,9000.0,CE,0.0,0.0,0.0,51.2,0.0,0,0.0,0,0,18-APR-2022,
OPTSTK,ULTRACEMCO,28-Apr-2022,9100.0,CE,0.0,0.0,0.0,44.45,0.0,0,0.0,0,0,18-APR-2022,
OPTSTK,ULTRACEMCO,28-Apr-2022,9200.0,CE,0.0,0.0,0.0,38.5,0.0,0,0.0,0,0,18-APR-2022,
OPTSTK,ULTRACEMCO,28-Apr-2022,9300.0,CE,0.0,0.0,0.0,33.25,0.0,0,0.0,0,0,18-APR-2022,
OPTSTK,ULTRACEMCO,28-Apr-2022,9400.0,CE,0.0,0.0,0.0,28.7,0.0,0,0.0,0,0,18-APR-2022,
OPTSTK,ULTRACEMCO,28-Apr-2022,9500.0,CE,0.0,0.0,0.0,24.75,0.0,0,0.0,0,0,18-APR-2022,
OPTSTK,ULTRACEMCO,28-Apr-2022,9600.0,CE,0.0,0.0,0.0,21.25,0.0,0,0.0,0,0,18-APR-2022,
OPTSTK,ULTRACEMCO,28-Apr-2022,9700.0,CE,0.0,0.0,0.0,18.25,0.0,0,0.0,0,0,18-APR-2022,
OPTSTK,ULTRACEMCO,28-Apr-2022,9800.0,CE,0.0,0.0,0.0,15.65,0.0,0,0.0,0,0,18-APR-2022,
OPTSTK,ULTRACEMCO,28-Apr-2022,4200.0,PE,0.0,0.0,0.0,0.15,0.0,0,0.0,0,0,18-APR-2022,
OPTSTK,ULTRACEMCO,28-Apr-2022,4300.0,PE,0.0,0.0,0.0,0.25,0.0,0,0.0,0,0,18-APR-2022,
OPTSTK,ULTRACEMCO,28-Apr-2022,4400.0,PE,0.0,0.0,0.0,0.4,0.0,0,0.0,0,0,18-APR-2022,
OPTSTK,ULTRACEMCO,28-Apr-2022,4500.0,PE,0.0,0.0,0.0,1.55,0.0,0,0.0,100,0,18-APR-2022,
OPTSTK,ULTRACEMCO,28-Apr-2022,4600.0,PE,0.0,0.0,0.0,1.05,0.0,0,0.0,0,0,18-APR-2022,
OPTSTK,ULTRACEMCO,28-Apr-2022,4700.0,PE,0.0,0.0,0.0,1.6,0.0,0,0.0,0,0,18-APR-2022,
OPTSTK,ULTRACEMCO,28-Apr-2022,4800.0,PE,0.0,0.0,0.0,2.35,0.0,0,0.0,0,0,18-APR-2022,
OPTSTK,ULTRACEMCO,28-Apr-2022,4900.0,PE,0.0,0.0,0.0,3.45,0.0,0,0.0,0,0,18-APR-2022,
OPTSTK,ULTRACEMCO,28-Apr-2022,5000.0,PE,0.0,0.0,0.0,1.4,0.0,0,0.0,3000,0,18-APR-2022,
OPTSTK,ULTRACEMCO,28-Apr-2022,5100.0,PE,0.0,0.0,0.0,7.0,0.0,0,0.0,0,0,18-APR-2022,
OPTSTK,ULTRACEMCO,28-Apr-2022,5200.0,PE,0.0,0.0,0.0,18.15,0.0,0,0.0,200,0,18-APR-2022,
OPTSTK,ULTRACEMCO,28-Apr-2022,5300.0,PE,0.0,0.0,0.0,3.0,0.0,0,0.0,100,0,18-APR-2022,
OPTSTK,ULTRACEMCO,28-Apr-2022,5400.0,PE,0.0,0.0,0.0,17.5,0.05,0,0.0,100,0,18-APR-2022,
OPTSTK,ULTRACEMCO,28-Apr-2022,5500.0,PE,5.0,5.0,2.0,2.0,2.0,109,599.77,28800,300,18-APR-2022,
OPTSTK,ULTRACEMCO,28-Apr-2022,5600.0,PE,0.0,0.0,0.0,4.3,0.2,0,0.0,1100,0,18-APR-2022,
OPTSTK,ULTRACEMCO,28-Apr-2022,5700.0,PE,3.2,3.2,3.2,3.2,0.5,5,28.51,5300,-100,18-APR-2022,
OPTSTK,ULTRACEMCO,28-Apr-2022,5800.0,PE,5.75,7.7,4.85,7.55,7.55,167,969.69,8100,1400,18-APR-2022,
OPTSTK,ULTRACEMCO,28-Apr-2022,5900.0,PE,6.85,7.0,6.85,7.0,2.75,3,17.72,2100,-200,18-APR-2022,
OPTSTK,ULTRACEMCO,28-Apr-2022,6000.0,PE,9.75,13.95,9.6,13.45,13.45,445,2675.3,36700,-7500,18-APR-2022,
OPTSTK,ULTRACEMCO,28-Apr-2022,6100.0,PE,15.0,19.7,13.7,17.8,17.8,578,3535.19,15500,2600,18-APR-2022,
OPTSTK,ULTRACEMCO,28-Apr-2022,6200.0,PE,30.0,31.0,18.75,24.25,24.25,555,3453.48,23300,-1700,18-APR-2022,
OPTSTK,ULTRACEMCO,28-Apr-2022,6300.0,PE,45.05,45.05,27.65,34.2,34.2,410,2596.82,17200,-2700,18-APR-2022,
OPTSTK,ULTRACEMCO,28-Apr-2022,6400.0,PE,60.0,62.55,42.0,49.05,49.05,338,2180.02,15800,3700,18-APR-2022,
OPTSTK,ULTRACEMCO,28-Apr-2022,6500.0,PE,94.0,110.0,63.0,72.25,72.25,1095,7204.68,40300,-700,18-APR-2022,
OPTSTK,ULTRACEMCO,28-Apr-2022,6600.0,PE,139.6,155.05,95.7,106.1,106.1,720,4833.17,25000,-2000,18-APR-2022,
OPTSTK,ULTRACEMCO,28-Apr-2022,6700.0,PE,163.05,202.0,141.0,154.5,154.5,402,2758.23,23600,-2700,18-APR-2022,
OPTSTK,ULTRACEMCO,28-Apr-2022,6800.0,PE,226.75,275.0,193.0,207.15,207.15,128,899.24,29000,-4600,18-APR-2022,
OPTSTK,ULTRACEMCO,28-Apr-2022,6900.0,PE,352.6,352.6,273.35,273.35,315.1,62,447.67,12800,-3000,18-APR-2022,
OPTSTK,ULTRACEMCO,28-Apr-2022,7000.0,PE,0.0,0.0,0.0,300.0,393.4,0,0.0,10200,0,18-APR-2022,
OPTSTK,ULTRACEMCO,28-Apr-2022,7100.0,PE,462.65,462.65,462.65,462.65,478.3,1,7.56,3400,0,18-APR-2022,
OPTSTK,ULTRACEMCO,28-Apr-2022,7200.0,PE,0.0,0.0,0.0,490.75,568.15,0,0.0,2800,0,18-APR-2022,
OPTSTK,ULTRACEMCO,28-Apr-2022,7300.0,PE,0.0,0.0,0.0,555.55,661.55,0,0.0,900,0,18-APR-2022,
OPTSTK,ULTRACEMCO,28-Apr-2022,7400.0,PE,0.0,0.0,0.0,777.0,757.4,0,0.0,200,0,18-APR-2022,
OPTSTK,ULTRACEMCO,28-Apr-2022,7500.0,PE,0.0,0.0,0.0,631.65,854.9,0,0.0,1800,0,18-APR-2022,
OPTSTK,ULTRACEMCO,28-Apr-2022,7600.0,PE,0.0,0.0,0.0,719.75,953.45,0,0.0,0,0,18-APR-2022,
OPTSTK,ULTRACEMCO,28-Apr-2022,7700.0,PE,0.0,0.0,0.0,787.15,1052.6,0,0.0,0,0,18-APR-2022,
OPTSTK,ULTRACEMCO,28-Apr-2022,7800.0,PE,0.0,0.0,0.0,857.25,1152.1,0,0.0,0,0,18-APR-2022,
OPTSTK,ULTRACEMCO,28-Apr-2022,7900.0,PE,0.0,0.0,0.0,1205.0,1251.75,0,0.0,100,0,18-APR-2022,
OPTSTK,ULTRACEMCO,28-Apr-2022,8000.0,PE,0.0,0.0,0.0,1005.5,1351.55,0,0.0,0,0,18-APR-2022,
OPTSTK,ULTRACEMCO,28-Apr-2022,8100.0,PE,0.0,0.0,0.0,1399.0,1451.4,0,0.0,200,0,18-APR-2022,
OPTSTK,ULTRACEMCO,28-Apr-2022,8200.0,PE,0.0,0.0,0.0,1520.0,1551.25,0,0.0,100,0,18-APR-2022,
OPTSTK,ULTRACEMCO,28-Apr-2022,8300.0,PE,0.0,0.0,0.0,1243.7,1651.15,0,0.0,0,0,18-APR-2022,
OPTSTK,ULTRACEMCO,28-Apr-2022,8400.0,PE,0.0,0.0,0.0,1326.95,1751.0,0,0.0,0,0,18-APR-2022,
OPTSTK,ULTRACEMCO,28-Apr-2022,8500.0,PE,0.0,0.0,0.0,1411.9,1850.9,0,0.0,0,0,18-APR-2022,
OPTSTK,ULTRACEMCO,28-Apr-2022,8600.0,PE,0.0,0.0,0.0,1498.35,1950.8,0,0.0,0,0,18-APR-2022,
OPTSTK,ULTRACEMCO,28-Apr-2022,8700.0,PE,0.0,0.0,0.0,1586.2,2050.7,0,0.0,0,0,18-APR-2022,
OPTSTK,ULTRACEMCO,28-Apr-2022,8800.0,PE,0.0,0.0,0.0,1675.3,2150.55,0,0.0,0,0,18-APR-2022,
OPTSTK,ULTRACEMCO,28-Apr-2022,8900.0,PE,0.0,0.0,0.0,1765.5,2250.45,0,0.0,0,0,18-APR-2022,
OPTSTK,ULTRACEMCO,28-Apr-2022,9000.0,PE,0.0,0.0,0.0,1856.75,2350.35,0,0.0,0,0,18-APR-2022,
OPTSTK,ULTRACEMCO,28-Apr-2022,9100.0,PE,0.0,0.0,0.0,1948.95,2450.25,0,0.0,0,0,18-APR-2022,
OPTSTK,ULTRACEMCO,28-Apr-2022,9200.0,PE,0.0,0.0,0.0,2041.95,2550.1,0,0.0,0,0,18-APR-2022,
OPTSTK,ULTRACEMCO,28-Apr-2022,9300.0,PE,0.0,0.0,0.0,2135.7,2650.0,0,0.0,0,0,18-APR-2022,
OPTSTK,ULTRACEMCO,28-Apr-2022,9400.0,PE,0.0,0.0,0.0,2230.1,2749.9,0,0.0,0,0,18-APR-2022,
OPTSTK,ULTRACEMCO,28-Apr-2022,9500.0,PE,0.0,0.0,0.0,2325.1,2849.8,0,0.0,0,0,18-APR-2022,
OPTSTK,ULTRACEMCO,28-Apr-2022,9600.0,PE,0.0,0.0,0.0,2420.55,2949.65,0,0.0,0,0,18-APR-2022,
OPTSTK,ULTRACEMCO,28-Apr-2022,9700.0,PE,0.0,0.0,0.0,2516.5,3049.55,0,0.0,0,0,18-APR-2022,
OPTSTK,ULTRACEMCO,28-Apr-2022,9800.0,PE,0.0,0.0,0.0,2612.9,3149.45,0,0.0,0,0,18-APR-2022,
OPTSTK,ULTRACEMCO,26-May-2022,4200.0,CE,0.0,0.0,0.0,2263.55,2458.1,0,0.0,0,0,18-APR-2022,
OPTSTK,ULTRACEMCO,26-May-2022,4300.0,CE,0.0,0.0,0.0,2165.3,2358.55,0,0.0,0,0,18-APR-2022,
OPTSTK,ULTRACEMCO,26-May-2022,4400.0,CE,0.0,0.0,0.0,2067.3,2259.0,0,0.0,0,0,18-APR-2022,
OPTSTK,ULTRACEMCO,26-May-2022,4500.0,CE,0.0,0.0,0.0,1969.75,2159.5,0,0.0,0,0,18-APR-2022,
OPTSTK,ULTRACEMCO,26-May-2022,4600.0,CE,0.0,0.0,0.0,1872.75,2059.95,0,0.0,0,0,18-APR-2022,
OPTSTK,ULTRACEMCO,26-May-2022,4700.0,CE,0.0,0.0,0.0,1776.45,1960.5,0,0.0,0,0,18-APR-2022,
OPTSTK,ULTRACEMCO,26-May-2022,4800.0,CE,0.0,0.0,0.0,1681.05,1861.1,0,0.0,0,0,18-APR-2022,
OPTSTK,ULTRACEMCO,26-May-2022,4900.0,CE,0.0,0.0,0.0,1586.8,1761.85,0,0.0,0,0,18-APR-2022,
OPTSTK,ULTRACEMCO,26-May-2022,5000.0,CE,0.0,0.0,0.0,1493.8,1662.8,0,0.0,0,0,18-APR-2022,
OPTSTK,ULTRACEMCO,26-May-2022,5100.0,CE,0.0,0.0,0.0,1402.45,1564.1,0,0.0,0,0,18-APR-2022,
OPTSTK,ULTRACEMCO,26-May-2022,5200.0,CE,0.0,0.0,0.0,1312.85,1465.9,0,0.0,0,0,18-APR-2022,
OPTSTK,ULTRACEMCO,26-May-2022,5300.0,CE,0.0,0.0,0.0,1225.4,1368.35,0,0.0,0,0,18-APR-2022,
OPTSTK,ULTRACEMCO,26-May-2022,5400.0,CE,0.0,0.0,0.0,1140.3,1271.8,0,0.0,0,0,18-APR-2022,
OPTSTK,ULTRACEMCO,26-May-2022,5500.0,CE,0.0,0.0,0.0,1057.75,1176.5,0,0.0,0,0,18-APR-2022,
OPTSTK,ULTRACEMCO,26-May-2022,5600.0,CE,0.0,0.0,0.0,978.1,1082.9,0,0.0,0,0,18-APR-2022,
OPTSTK,ULTRACEMCO,26-May-2022,5700.0,CE,0.0,0.0,0.0,901.5,991.4,0,0.0,0,0,18-APR-2022,
OPTSTK,ULTRACEMCO,26-May-2022,5800.0,CE,0.0,0.0,0.0,828.3,902.4,0,0.0,0,0,18-APR-2022,
OPTSTK,ULTRACEMCO,26-May-2022,5900.0,CE,0.0,0.0,0.0,758.1,816.45,0,0.0,0,0,18-APR-2022,
OPTSTK,ULTRACEMCO,26-May-2022,6000.0,CE,0.0,0.0,0.0,691.8,734.05,0,0.0,0,0,18-APR-2022,
OPTSTK,ULTRACEMCO,26-May-2022,6100.0,CE,0.0,0.0,0.0,629.2,655.55,0,0.0,0,0,18-APR-2022,
OPTSTK,ULTRACEMCO,26-May-2022,6200.0,CE,0.0,0.0,0.0,570.4,581.65,0,0.0,0,0,18-APR-2022,
OPTSTK,ULTRACEMCO,26-May-2022,6300.0,CE,0.0,0.0,0.0,515.3,512.0,0,0.0,0,0,18-APR-2022,
OPTSTK,ULTRACEMCO,26-May-2022,6400.0,CE,0.0,0.0,0.0,464.0,447.65,0,0.0,0,0,18-APR-2022,
OPTSTK,ULTRACEMCO,26-May-2022,6500.0,CE,0.0,0.0,0.0,416.45,388.55,0,0.0,0,0,18-APR-2022,
OPTSTK,ULTRACEMCO,26-May-2022,6600.0,CE,0.0,0.0,0.0,372.55,334.75,0,0.0,0,0,18-APR-2022,
OPTSTK,ULTRACEMCO,26-May-2022,6700.0,CE,0.0,0.0,0.0,332.2,286.2,0,0.0,0,0,18-APR-2022,
OPTSTK,ULTRACEMCO,26-May-2022,6800.0,CE,221.3,221.3,203.25,215.65,242.85,5,35.07,1500,100,18-APR-2022,
OPTSTK,ULTRACEMCO,26-May-2022,6900.0,CE,227.75,227.75,227.75,227.75,204.55,1,7.12,500,100,18-APR-2022,
OPTSTK,ULTRACEMCO,26-May-2022,7000.0,CE,203.45,203.45,141.05,153.05,153.05,17,121.59,3600,200,18-APR-2022,
OPTSTK,ULTRACEMCO,26-May-2022,7100.0,CE,175.0,175.0,175.0,175.0,141.8,1,7.27,100,0,18-APR-2022,
OPTSTK,ULTRACEMCO,26-May-2022,7200.0,CE,0.0,0.0,0.0,179.05,117.15,0,0.0,0,0,18-APR-2022,
OPTSTK,ULTRACEMCO,26-May-2022,7300.0,CE,0.0,0.0,0.0,156.9,95.6,0,0.0,0,0,18-APR-2022,
OPTSTK,ULTRACEMCO,26-May-2022,7400.0,CE,0.0,0.0,0.0,136.8,77.6,0,0.0,0,0,18-APR-2022,
OPTSTK,ULTRACEMCO,26-May-2022,7500.0,CE,79.9,79.9,58.0,59.8,59.8,13,98.34,2800,700,18-APR-2022,
OPTSTK,ULTRACEMCO,26-May-2022,7600.0,CE,0.0,0.0,0.0,103.45,50.05,0,0.0,0,0,18-APR-2022,
OPTSTK,ULTRACEMCO,26-May-2022,7700.0,CE,0.0,0.0,0.0,89.6,39.8,0,0.0,0,0,18-APR-2022,
OPTSTK,ULTRACEMCO,26-May-2022,7800.0,CE,0.0,0.0,0.0,77.4,31.4,0,0.0,0,0,18-APR-2022,
OPTSTK,ULTRACEMCO,26-May-2022,7900.0,CE,0.0,0.0,0.0,66.7,24.6,0,0.0,0,0,18-APR-2022,
OPTSTK,ULTRACEMCO,26-May-2022,8000.0,CE,0.0,0.0,0.0,57.35,19.2,0,0.0,0,0,18-APR-2022,
OPTSTK,ULTRACEMCO,26-May-2022,8100.0,CE,0.0,0.0,0.0,49.2,14.85,0,0.0,0,0,18-APR-2022,
OPTSTK,ULTRACEMCO,26-May-2022,8200.0,CE,0.0,0.0,0.0,42.05,11.4,0,0.0,0,0,18-APR-2022,
OPTSTK,ULTRACEMCO,26-May-2022,8300.0,CE,0.0,0.0,0.0,35.9,8.75,0,0.0,0,0,18-APR-2022,
OPTSTK,ULTRACEMCO,26-May-2022,8400.0,CE,0.0,0.0,0.0,30.6,6.65,0,0.0,0,0,18-APR-2022,
OPTSTK,ULTRACEMCO,26-May-2022,8500.0,CE,0.0,0.0,0.0,26.0,5.0,0,0.0,0,0,18-APR-2022,
OPTSTK,ULTRACEMCO,26-May-2022,8600.0,CE,0.0,0.0,0.0,22.05,3.75,0,0.0,0,0,18-APR-2022,
OPTSTK,ULTRACEMCO,26-May-2022,8700.0,CE,0.0,0.0,0.0,18.65,2.8,0,0.0,0,0,18-APR-2022,
OPTSTK,ULTRACEMCO,26-May-2022,8800.0,CE,0.0,0.0,0.0,15.75,2.1,0,0.0,0,0,18-APR-2022,
OPTSTK,ULTRACEMCO,26-May-2022,8900.0,CE,0.0,0.0,0.0,13.3,1.55,0,0.0,0,0,18-APR-2022,
OPTSTK,ULTRACEMCO,26-May-2022,9000.0,CE,0.0,0.0,0.0,11.2,1.15,0,0.0,0,0,18-APR-2022,
OPTSTK,ULTRACEMCO,26-May-2022,9100.0,CE,0.0,0.0,0.0,9.4,0.85,0,0.0,0,0,18-APR-2022,
OPTSTK,ULTRACEMCO,26-May-2022,9200.0,CE,0.0,0.0,0.0,7.9,0.6,0,0.0,0,0,18-APR-2022,
OPTSTK,ULTRACEMCO,26-May-2022,9300.0,CE,0.0,0.0,0.0,6.6,0.45,0,0.0,0,0,18-APR-2022,
OPTSTK,ULTRACEMCO,26-May-2022,9400.0,CE,0.0,0.0,0.0,5.5,0.35,0,0.0,0,0,18-APR-2022,
OPTSTK,ULTRACEMCO,26-May-2022,4200.0,PE,0.0,0.0,0.0,1.15,0.0,0,0.0,0,0,18-APR-2022,
OPTSTK,ULTRACEMCO,26-May-2022,4300.0,PE,0.0,0.0,0.0,1.8,0.05,0,0.0,0,0,18-APR-2022,
OPTSTK,ULTRACEMCO,26-May-2022,4400.0,PE,0.0,0.0,0.0,2.8,0.05,0,0.0,0,0,18-APR-2022,
OPTSTK,ULTRACEMCO,26-May-2022,4500.0,PE,0.0,0.0,0.0,4.2,0.05,0,0.0,0,0,18-APR-2022,
OPTSTK,ULTRACEMCO,26-May-2022,4600.0,PE,0.0,0.0,0.0,6.15,0.1,0,0.0,0,0,18-APR-2022,
OPTSTK,ULTRACEMCO,26-May-2022,4700.0,PE,0.0,0.0,0.0,8.8,0.2,0,0.0,0,0,18-APR-2022,
OPTSTK,ULTRACEMCO,26-May-2022,4800.0,PE,0.0,0.0,0.0,12.4,0.35,0,0.0,0,0,18-APR-2022,
OPTSTK,ULTRACEMCO,26-May-2022,4900.0,PE,0.0,0.0,0.0,17.05,0.7,0,0.0,0,0,18-APR-2022,
OPTSTK,ULTRACEMCO,26-May-2022,5000.0,PE,0.0,0.0,0.0,23.05,1.2,0,0.0,0,0,18-APR-2022,
OPTSTK,ULTRACEMCO,26-May-2022,5100.0,PE,0.0,0.0,0.0,30.6,2.05,0,0.0,0,0,18-APR-2022,
OPTSTK,ULTRACEMCO,26-May-2022,5200.0,PE,0.0,0.0,0.0,40.0,3.35,0,0.0,0,0,18-APR-2022,
OPTSTK,ULTRACEMCO,26-May-2022,5300.0,PE,0.0,0.0,0.0,51.5,5.4,0,0.0,0,0,18-APR-2022,
OPTSTK,ULTRACEMCO,26-May-2022,5400.0,PE,0.0,0.0,0.0,65.3,8.4,0,0.0,0,0,18-APR-2022,
OPTSTK,ULTRACEMCO,26-May-2022,5500.0,PE,0.0,0.0,0.0,22.35,12.7,0,0.0,500,0,18-APR-2022,
OPTSTK,ULTRACEMCO,26-May-2022,5600.0,PE,0.0,0.0,0.0,101.05,18.65,0,0.0,0,0,18-APR-2022,
OPTSTK,ULTRACEMCO,26-May-2022,5700.0,PE,0.0,0.0,0.0,123.4,26.65,0,0.0,0,0,18-APR-2022,
OPTSTK,ULTRACEMCO,26-May-2022,5800.0,PE,0.0,0.0,0.0,149.15,37.25,0,0.0,0,0,18-APR-2022,
OPTSTK,ULTRACEMCO,26-May-2022,5900.0,PE,0.0,0.0,0.0,177.9,50.85,0,0.0,0,0,18-APR-2022,
OPTSTK,ULTRACEMCO,26-May-2022,6000.0,PE,42.5,72.15,42.5,55.0,55.0,23,139.38,4000,1200,18-APR-2022,
OPTSTK,ULTRACEMCO,26-May-2022,6100.0,PE,0.0,0.0,0.0,246.95,89.05,0,0.0,0,0,18-APR-2022,
OPTSTK,ULTRACEMCO,26-May-2022,6200.0,PE,0.0,0.0,0.0,101.0,114.7,0,0.0,200,0,18-APR-2022,
OPTSTK,ULTRACEMCO,26-May-2022,6300.0,PE,0.0,0.0,0.0,330.95,144.6,0,0.0,0,0,18-APR-2022,
OPTSTK,ULTRACEMCO,26-May-2022,6400.0,PE,0.0,0.0,0.0,140.5,179.85,0,0.0,100,0,18-APR-2022,
OPTSTK,ULTRACEMCO,26-May-2022,6500.0,PE,195.2,224.0,178.95,180.0,180.0,26,174.22,3700,400,18-APR-2022,
OPTSTK,ULTRACEMCO,26-May-2022,6600.0,PE,229.55,229.55,229.55,229.55,266.05,1,6.82,400,100,18-APR-2022,
OPTSTK,ULTRACEMCO,26-May-2022,6700.0,PE,0.0,0.0,0.0,280.0,317.05,0,0.0,100,0,18-APR-2022,
OPTSTK,ULTRACEMCO,26-May-2022,6800.0,PE,0.0,0.0,0.0,605.65,373.3,0,0.0,0,0,18-APR-2022,
OPTSTK,ULTRACEMCO,26-May-2022,6900.0,PE,0.0,0.0,0.0,670.95,434.5,0,0.0,0,0,18-APR-2022,
OPTSTK,ULTRACEMCO,26-May-2022,7000.0,PE,0.0,0.0,0.0,431.0,500.5,0,0.0,800,0,18-APR-2022,
OPTSTK,ULTRACEMCO,26-May-2022,7100.0,PE,0.0,0.0,0.0,810.75,570.9,0,0.0,0,0,18-APR-2022,
OPTSTK,ULTRACEMCO,26-May-2022,7200.0,PE,0.0,0.0,0.0,885.25,645.8,0,0.0,0,0,18-APR-2022,
OPTSTK,ULTRACEMCO,26-May-2022,7300.0,PE,0.0,0.0,0.0,962.05,723.8,0,0.0,0,0,18-APR-2022,
OPTSTK,ULTRACEMCO,26-May-2022,7400.0,PE,0.0,0.0,0.0,1040.9,805.4,0,0.0,0,0,18-APR-2022,
OPTSTK,ULTRACEMCO,26-May-2022,7500.0,PE,0.0,0.0,0.0,1122.2,889.9,0,0.0,0,0,18-APR-2022,
OPTSTK,ULTRACEMCO,26-May-2022,7600.0,PE,0.0,0.0,0.0,1205.45,976.95,0,0.0,0,0,18-APR-2022,
OPTSTK,ULTRACEMCO,26-May-2022,7700.0,PE,0.0,0.0,0.0,1290.6,1066.25,0,0.0,0,0,18-APR-2022,
OPTSTK,ULTRACEMCO,26-May-2022,7800.0,PE,0.0,0.0,0.0,1377.35,1157.4,0,0.0,0,0,18-APR-2022,
OPTSTK,ULTRACEMCO,26-May-2022,7900.0,PE,0.0,0.0,0.0,1465.6,1250.2,0,0.0,0,0,18-APR-2022,
OPTSTK,ULTRACEMCO,26-May-2022,8000.0,PE,0.0,0.0,0.0,1555.15,1344.3,0,0.0,0,0,18-APR-2022,
OPTSTK,ULTRACEMCO,26-May-2022,8100.0,PE,0.0,0.0,0.0,1645.95,1439.55,0,0.0,0,0,18-APR-2022,
OPTSTK,ULTRACEMCO,26-May-2022,8200.0,PE,0.0,0.0,0.0,1737.8,1535.65,0,0.0,0,0,18-APR-2022,
OPTSTK,ULTRACEMCO,26-May-2022,8300.0,PE,0.0,0.0,0.0,1830.6,1632.55,0,0.0,0,0,18-APR-2022,
OPTSTK,ULTRACEMCO,26-May-2022,8400.0,PE,0.0,0.0,0.0,1924.2,1730.0,0,0.0,0,0,18-APR-2022,
OPTSTK,ULTRACEMCO,26-May-2022,8500.0,PE,0.0,0.0,0.0,2018.6,1827.95,0,0.0,0,0,18-APR-2022,
OPTSTK,ULTRACEMCO,26-May-2022,8600.0,PE,0.0,0.0,0.0,2113.6,1926.25,0,0.0,0,0,18-APR-2022,
OPTSTK,ULTRACEMCO,26-May-2022,8700.0,PE,0.0,0.0,0.0,2209.15,2024.85,0,0.0,0,0,18-APR-2022,
OPTSTK,ULTRACEMCO,26-May-2022,8800.0,PE,0.0,0.0,0.0,2305.2,2123.7,0,0.0,0,0,18-APR-2022,
OPTSTK,ULTRACEMCO,26-May-2022,8900.0,PE,0.0,0.0,0.0,2401.7,2222.7,0,0.0,0,0,18-APR-2022,
OPTSTK,ULTRACEMCO,26-May-2022,9000.0,PE,0.0,0.0,0.0,2498.55,2321.85,0,0.0,0,0,18-APR-2022,
OPTSTK,ULTRACEMCO,26-May-2022,9100.0,PE,0.0,0.0,0.0,2595.7,2421.1,0,0.0,0,0,18-APR-2022,
OPTSTK,ULTRACEMCO,26-May-2022,9200.0,PE,0.0,0.0,0.0,2693.15,2520.45,0,0.0,0,0,18-APR-2022,
OPTSTK,ULTRACEMCO,26-May-2022,9300.0,PE,0.0,0.0,0.0,2790.8,2619.85,0,0.0,0,0,18-APR-2022,
OPTSTK,ULTRACEMCO,26-May-2022,9400.0,PE,0.0,0.0,0.0,2888.7,2719.3,0,0.0,0,0,18-APR-2022,
OPTSTK,ULTRACEMCO,30-Jun-2022,4200.0,CE,0.0,0.0,0.0,2447.95,2475.5,0,0.0,0,0,18-APR-2022,
OPTSTK,ULTRACEMCO,30-Jun-2022,4300.0,CE,0.0,0.0,0.0,2349.8,2376.55,0,0.0,0,0,18-APR-2022,
OPTSTK,ULTRACEMCO,30-Jun-2022,4400.0,CE,0.0,0.0,0.0,2251.9,2277.8,0,0.0,0,0,18-APR-2022,
OPTSTK,ULTRACEMCO,30-Jun-2022,4500.0,CE,0.0,0.0,0.0,2154.5,2179.25,0,0.0,0,0,18-APR-2022,
OPTSTK,ULTRACEMCO,30-Jun-2022,4600.0,CE,0.0,0.0,0.0,2057.6,2080.95,0,0.0,0,0,18-APR-2022,
OPTSTK,ULTRACEMCO,30-Jun-2022,4700.0,CE,0.0,0.0,0.0,1961.35,1983.1,0,0.0,0,0,18-APR-2022,
OPTSTK,ULTRACEMCO,30-Jun-2022,4800.0,CE,0.0,0.0,0.0,1865.95,1885.7,0,0.0,0,0,18-APR-2022,
OPTSTK,ULTRACEMCO,30-Jun-2022,4900.0,CE,0.0,0.0,0.0,1771.55,1789.0,0,0.0,0,0,18-APR-2022,
OPTSTK,ULTRACEMCO,30-Jun-2022,5000.0,CE,0.0,0.0,0.0,1678.35,1693.1,0,0.0,0,0,18-APR-2022,
OPTSTK,ULTRACEMCO,30-Jun-2022,5100.0,CE,0.0,0.0,0.0,1586.55,1598.3,0,0.0,0,0,18-APR-2022,
OPTSTK,ULTRACEMCO,30-Jun-2022,5200.0,CE,0.0,0.0,0.0,1496.35,1504.7,0,0.0,0,0,18-APR-2022,
OPTSTK,ULTRACEMCO,30-Jun-2022,5300.0,CE,0.0,0.0,0.0,1407.95,1412.65,0,0.0,0,0,18-APR-2022,
OPTSTK,ULTRACEMCO,30-Jun-2022,5400.0,CE,0.0,0.0,0.0,1321.6,1322.35,0,0.0,0,0,18-APR-2022,
OPTSTK,ULTRACEMCO,30-Jun-2022,5500.0,CE,0.0,0.0,0.0,1237.5,1234.1,0,0.0,0,0,18-APR-2022,
OPTSTK,ULTRACEMCO,30-Jun-2022,5600.0,CE,0.0,0.0,0.0,1155.85,1148.15,0,0.0,0,0,18-APR-2022,
OPTSTK,ULTRACEMCO,30-Jun-2022,5700.0,CE,0.0,0.0,0.0,1076.85,1064.7,0,0.0,0,0,18-APR-2022,
OPTSTK,ULTRACEMCO,30-Jun-2022,5800.0,CE,0.0,0.0,0.0,1000.65,984.1,0,0.0,0,0,18-APR-2022,
OPTSTK,ULTRACEMCO,30-Jun-2022,5900.0,CE,0.0,0.0,0.0,927.6,906.55,0,0.0,0,0,18-APR-2022,
OPTSTK,ULTRACEMCO,30-Jun-2022,6000.0,CE,0.0,0.0,0.0,857.4,832.5,0,0.0,0,0,18-APR-2022,
OPTSTK,ULTRACEMCO,30-Jun-2022,6100.0,CE,0.0,0.0,0.0,790.25,761.55,0,0.0,0,0,18-APR-2022,
OPTSTK,ULTRACEMCO,30-Jun-2022,6200.0,CE,0.0,0.0,0.0,726.7,694.05,0,0.0,0,0,18-APR-2022,
OPTSTK,ULTRACEMCO,30-Jun-2022,6300.0,CE,0.0,0.0,0.0,666.55,630.55,0,0.0,0,0,18-APR-2022,
OPTSTK,ULTRACEMCO,30-Jun-2022,6400.0,CE,0.0,0.0,0.0,609.75,570.9,0,0.0,0,0,18-APR-2022,
OPTSTK,ULTRACEMCO,30-Jun-2022,6500.0,CE,0.0,0.0,0.0,556.35,515.05,0,0.0,0,0,18-APR-2022,
OPTSTK,ULTRACEMCO,30-Jun-2022,6600.0,CE,0.0,0.0,0.0,506.35,463.0,0,0.0,0,0,18-APR-2022,
OPTSTK,ULTRACEMCO,30-Jun-2022,6700.0,CE,0.0,0.0,0.0,459.65,414.8,0,0.0,0,0,18-APR-2022,
OPTSTK,ULTRACEMCO,30-Jun-2022,6800.0,CE,0.0,0.0,0.0,460.0,370.3,0,0.0,100,0,18-APR-2022,
OPTSTK,ULTRACEMCO,30-Jun-2022,6900.0,CE,0.0,0.0,0.0,376.0,329.5,0,0.0,0,0,18-APR-2022,
OPTSTK,ULTRACEMCO,30-Jun-2022,7000.0,CE,0.0,0.0,0.0,338.8,292.15,0,0.0,0,0,18-APR-2022,
OPTSTK,ULTRACEMCO,30-Jun-2022,7100.0,CE,0.0,0.0,0.0,304.55,258.2,0,0.0,0,0,18-APR-2022,
OPTSTK,ULTRACEMCO,30-Jun-2022,7200.0,CE,0.0,0.0,0.0,273.15,227.45,0,0.0,0,0,18-APR-2022,
OPTSTK,ULTRACEMCO,30-Jun-2022,7300.0,CE,0.0,0.0,0.0,244.4,199.7,0,0.0,0,0,18-APR-2022,
OPTSTK,ULTRACEMCO,30-Jun-2022,7400.0,CE,0.0,0.0,0.0,218.5,175.1,0,0.0,0,0,18-APR-2022,
OPTSTK,ULTRACEMCO,30-Jun-2022,7500.0,CE,0.0,0.0,0.0,194.75,152.9,0,0.0,0,0,18-APR-2022,
OPTSTK,ULTRACEMCO,30-Jun-2022,7600.0,CE,0.0,0.0,0.0,173.25,132.85,0,0.0,0,0,18-APR-2022,
OPTSTK,ULTRACEMCO,30-Jun-2022,7700.0,CE,0.0,0.0,0.0,153.5,115.25,0,0.0,0,0,18-APR-2022,
OPTSTK,ULTRACEMCO,30-Jun-2022,7800.0,CE,0.0,0.0,0.0,135.9,99.65,0,0.0,0,0,18-APR-2022,
OPTSTK,ULTRACEMCO,30-Jun-2022,7900.0,CE,0.0,0.0,0.0,120.1,85.95,0,0.0,0,0,18-APR-2022,
OPTSTK,ULTRACEMCO,30-Jun-2022,8000.0,CE,0.0,0.0,0.0,105.9,73.9,0,0.0,0,0,18-APR-2022,
OPTSTK,ULTRACEMCO,30-Jun-2022,8100.0,CE,0.0,0.0,0.0,93.25,63.4,0,0.0,0,0,18-APR-2022,
OPTSTK,ULTRACEMCO,30-Jun-2022,8200.0,CE,0.0,0.0,0.0,81.9,54.25,0,0.0,0,0,18-APR-2022,
OPTSTK,ULTRACEMCO,30-Jun-2022,8300.0,CE,0.0,0.0,0.0,71.85,46.25,0,0.0,0,0,18-APR-2022,
OPTSTK,ULTRACEMCO,30-Jun-2022,8400.0,CE,0.0,0.0,0.0,62.9,39.35,0,0.0,0,0,18-APR-2022,
OPTSTK,ULTRACEMCO,30-Jun-2022,8500.0,CE,0.0,0.0,0.0,54.95,33.4,0,0.0,0,0,18-APR-2022,
OPTSTK,ULTRACEMCO,30-Jun-2022,8600.0,CE,0.0,0.0,0.0,47.95,28.3,0,0.0,0,0,18-APR-2022,
OPTSTK,ULTRACEMCO,30-Jun-2022,8700.0,CE,0.0,0.0,0.0,41.75,23.9,0,0.0,0,0,18-APR-2022,
OPTSTK,ULTRACEMCO,30-Jun-2022,8800.0,CE,0.0,0.0,0.0,36.3,20.15,0,0.0,0,0,18-APR-2022,
OPTSTK,ULTRACEMCO,30-Jun-2022,8900.0,CE,0.0,0.0,0.0,31.5,16.95,0,0.0,0,0,18-APR-2022,
OPTSTK,ULTRACEMCO,30-Jun-2022,9000.0,CE,0.0,0.0,0.0,27.35,14.2,0,0.0,0,0,18-APR-2022,
OPTSTK,ULTRACEMCO,30-Jun-2022,4200.0,PE,0.0,0.0,0.0,1.5,0.4,0,0.0,0,0,18-APR-2022,
OPTSTK,ULTRACEMCO,30-Jun-2022,4300.0,PE,0.0,0.0,0.0,2.25,0.65,0,0.0,0,0,18-APR-2022,
OPTSTK,ULTRACEMCO,30-Jun-2022,4400.0,PE,0.0,0.0,0.0,3.35,1.0,0,0.0,0,0,18-APR-2022,
OPTSTK,ULTRACEMCO,30-Jun-2022,4500.0,PE,0.0,0.0,0.0,4.85,1.6,0,0.0,0,0,18-APR-2022,
OPTSTK,ULTRACEMCO,30-Jun-2022,4600.0,PE,0.0,0.0,0.0,6.9,2.5,0,0.0,0,0,18-APR-2022,
OPTSTK,ULTRACEMCO,30-Jun-2022,4700.0,PE,0.0,0.0,0.0,9.65,3.75,0,0.0,0,0,18-APR-2022,
OPTSTK,ULTRACEMCO,30-Jun-2022,4800.0,PE,0.0,0.0,0.0,13.2,5.55,0,0.0,0,0,18-APR-2022,
OPTSTK,ULTRACEMCO,30-Jun-2022,4900.0,PE,0.0,0.0,0.0,17.75,7.95,0,0.0,0,0,18-APR-2022,
OPTSTK,ULTRACEMCO,30-Jun-2022,5000.0,PE,0.0,0.0,0.0,23.5,11.25,0,0.0,0,0,18-APR-2022,
OPTSTK,ULTRACEMCO,30-Jun-2022,5100.0,PE,0.0,0.0,0.0,30.65,15.55,0,0.0,0,0,18-APR-2022,
OPTSTK,ULTRACEMCO,30-Jun-2022,5200.0,PE,0.0,0.0,0.0,39.35,21.15,0,0.0,0,0,18-APR-2022,
OPTSTK,ULTRACEMCO,30-Jun-2022,5300.0,PE,0.0,0.0,0.0,49.95,28.25,0,0.0,0,0,18-APR-2022,
OPTSTK,ULTRACEMCO,30-Jun-2022,5400.0,PE,0.0,0.0,0.0,62.55,37.1,0,0.0,0,0,18-APR-2022,
OPTSTK,ULTRACEMCO,30-Jun-2022,5500.0,PE,0.0,0.0,0.0,77.35,48.0,0,0.0,0,0,18-APR-2022,
OPTSTK,ULTRACEMCO,30-Jun-2022,5600.0,PE,0.0,0.0,0.0,94.65,61.2,0,0.0,0,0,18-APR-2022,
OPTSTK,ULTRACEMCO,30-Jun-2022,5700.0,PE,0.0,0.0,0.0,114.6,76.9,0,0.0,0,0,18-APR-2022,
OPTSTK,ULTRACEMCO,30-Jun-2022,5800.0,PE,0.0,0.0,0.0,137.35,95.5,0,0.0,0,0,18-APR-2022,
OPTSTK,ULTRACEMCO,30-Jun-2022,5900.0,PE,0.0,0.0,0.0,163.25,117.1,0,0.0,0,0,18-APR-2022,
OPTSTK,ULTRACEMCO,30-Jun-2022,6000.0,PE,0.0,0.0,0.0,100.0,142.15,0,0.0,200,0,18-APR-2022,
OPTSTK,ULTRACEMCO,30-Jun-2022,6100.0,PE,0.0,0.0,0.0,223.8,170.35,0,0.0,0,0,18-APR-2022,
OPTSTK,ULTRACEMCO,30-Jun-2022,6200.0,PE,0.0,0.0,0.0,259.2,202.05,0,0.0,0,0,18-APR-2022,
OPTSTK,ULTRACEMCO,30-Jun-2022,6300.0,PE,0.0,0.0,0.0,298.0,237.7,0,0.0,0,0,18-APR-2022,
OPTSTK,ULTRACEMCO,30-Jun-2022,6400.0,PE,0.0,0.0,0.0,340.15,277.15,0,0.0,0,0,18-APR-2022,
OPTSTK,ULTRACEMCO,30-Jun-2022,6500.0,PE,249.0,249.0,249.0,249.0,320.45,1,6.74,300,100,18-APR-2022,
OPTSTK,ULTRACEMCO,30-Jun-2022,6600.0,PE,0.0,0.0,0.0,434.65,367.6,0,0.0,0,0,18-APR-2022,
OPTSTK,ULTRACEMCO,30-Jun-2022,6700.0,PE,0.0,0.0,0.0,486.9,418.55,0,0.0,0,0,18-APR-2022,
OPTSTK,ULTRACEMCO,30-Jun-2022,6800.0,PE,0.0,0.0,0.0,542.45,473.2,0,0.0,0,0,18-APR-2022,
OPTSTK,ULTRACEMCO,30-Jun-2022,6900.0,PE,0.0,0.0,0.0,601.15,531.55,0,0.0,0,0,18-APR-2022,
OPTSTK,ULTRACEMCO,30-Jun-2022,7000.0,PE,0.0,0.0,0.0,662.9,593.35,0,0.0,0,0,18-APR-2022,
OPTSTK,ULTRACEMCO,30-Jun-2022,7100.0,PE,0.0,0.0,0.0,727.6,658.55,0,0.0,0,0,18-APR-2022,
OPTSTK,ULTRACEMCO,30-Jun-2022,7200.0,PE,0.0,0.0,0.0,795.15,726.95,0,0.0,0,0,18-APR-2022,
OPTSTK,ULTRACEMCO,30-Jun-2022,7300.0,PE,0.0,0.0,0.0,865.35,798.35,0,0.0,0,0,18-APR-2022,
OPTSTK,ULTRACEMCO,30-Jun-2022,7400.0,PE,0.0,0.0,0.0,938.4,872.95,0,0.0,0,0,18-APR-2022,
OPTSTK,ULTRACEMCO,30-Jun-2022,7500.0,PE,0.0,0.0,0.0,1013.6,949.9,0,0.0,0,0,18-APR-2022,
OPTSTK,ULTRACEMCO,30-Jun-2022,7600.0,PE,0.0,0.0,0.0,1091.05,1028.95,0,0.0,0,0,18-APR-2022,
OPTSTK,ULTRACEMCO,30-Jun-2022,7700.0,PE,0.0,0.0,0.0,1170.25,1110.5,0,0.0,0,0,18-APR-2022,
OPTSTK,ULTRACEMCO,30-Jun-2022,7800.0,PE,0.0,0.0,0.0,1251.6,1194.1,0,0.0,0,0,18-APR-2022,
OPTSTK,ULTRACEMCO,30-Jun-2022,7900.0,PE,0.0,0.0,0.0,1334.75,1279.55,0,0.0,0,0,18-APR-2022,
OPTSTK,ULTRACEMCO,30-Jun-2022,8000.0,PE,0.0,0.0,0.0,1419.5,1366.65,0,0.0,0,0,18-APR-2022,
OPTSTK,ULTRACEMCO,30-Jun-2022,8100.0,PE,0.0,0.0,0.0,1505.75,1455.3,0,0.0,0,0,18-APR-2022,
OPTSTK,ULTRACEMCO,30-Jun-2022,8200.0,PE,0.0,0.0,0.0,1593.4,1545.25,0,0.0,0,0,18-APR-2022,
OPTSTK,ULTRACEMCO,30-Jun-2022,8300.0,PE,0.0,0.0,0.0,1682.25,1636.45,0,0.0,0,0,18-APR-2022,
OPTSTK,ULTRACEMCO,30-Jun-2022,8400.0,PE,0.0,0.0,0.0,1772.25,1728.7,0,0.0,0,0,18-APR-2022,
OPTSTK,ULTRACEMCO,30-Jun-2022,8500.0,PE,0.0,0.0,0.0,1863.25,1821.9,0,0.0,0,0,18-APR-2022,
OPTSTK,ULTRACEMCO,30-Jun-2022,8600.0,PE,0.0,0.0,0.0,1955.2,1915.95,0,0.0,0,0,18-APR-2022,
OPTSTK,ULTRACEMCO,30-Jun-2022,8700.0,PE,0.0,0.0,0.0,2047.95,2010.7,0,0.0,0,0,18-APR-2022,
OPTSTK,ULTRACEMCO,30-Jun-2022,8800.0,PE,0.0,0.0,0.0,2141.45,2106.1,0,0.0,0,0,18-APR-2022,
OPTSTK,ULTRACEMCO,30-Jun-2022,8900.0,PE,0.0,0.0,0.0,2235.65,2202.05,0,0.0,0,0,18-APR-2022,
OPTSTK,ULTRACEMCO,30-Jun-2022,9000.0,PE,0.0,0.0,0.0,2330.4,2298.5,0,0.0,0,0,18-APR-2022,
OPTSTK,UPL,28-Apr-2022,480.0,CE,0.0,0.0,0.0,297.6,325.65,0,0.0,0,0,18-APR-2022,
OPTSTK,UPL,28-Apr-2022,490.0,CE,0.0,0.0,0.0,287.9,315.65,0,0.0,0,0,18-APR-2022,
OPTSTK,UPL,28-Apr-2022,500.0,CE,0.0,0.0,0.0,278.25,305.7,0,0.0,0,0,18-APR-2022,
OPTSTK,UPL,28-Apr-2022,510.0,CE,0.0,0.0,0.0,268.65,295.7,0,0.0,0,0,18-APR-2022,
OPTSTK,UPL,28-Apr-2022,520.0,CE,0.0,0.0,0.0,259.15,285.7,0,0.0,0,0,18-APR-2022,
OPTSTK,UPL,28-Apr-2022,530.0,CE,0.0,0.0,0.0,249.7,275.7,0,0.0,0,0,18-APR-2022,
OPTSTK,UPL,28-Apr-2022,540.0,CE,0.0,0.0,0.0,240.35,265.75,0,0.0,0,0,18-APR-2022,
OPTSTK,UPL,28-Apr-2022,550.0,CE,0.0,0.0,0.0,231.1,255.75,0,0.0,0,0,18-APR-2022,
OPTSTK,UPL,28-Apr-2022,560.0,CE,0.0,0.0,0.0,221.95,245.75,0,0.0,0,0,18-APR-2022,
OPTSTK,UPL,28-Apr-2022,570.0,CE,0.0,0.0,0.0,212.9,235.75,0,0.0,0,0,18-APR-2022,
OPTSTK,UPL,28-Apr-2022,580.0,CE,0.0,0.0,0.0,204.0,225.75,0,0.0,0,0,18-APR-2022,
OPTSTK,UPL,28-Apr-2022,590.0,CE,0.0,0.0,0.0,195.25,215.8,0,0.0,0,0,18-APR-2022,
OPTSTK,UPL,28-Apr-2022,600.0,CE,0.0,0.0,0.0,186.65,205.8,0,0.0,0,0,18-APR-2022,
OPTSTK,UPL,28-Apr-2022,610.0,CE,0.0,0.0,0.0,178.2,195.8,0,0.0,0,0,18-APR-2022,
OPTSTK,UPL,28-Apr-2022,620.0,CE,0.0,0.0,0.0,169.95,185.8,0,0.0,0,0,18-APR-2022,
OPTSTK,UPL,28-Apr-2022,630.0,CE,0.0,0.0,0.0,161.9,175.85,0,0.0,0,0,18-APR-2022,
OPTSTK,UPL,28-Apr-2022,640.0,CE,0.0,0.0,0.0,154.0,165.85,0,0.0,0,0,18-APR-2022,
OPTSTK,UPL,28-Apr-2022,650.0,CE,0.0,0.0,0.0,146.35,155.85,0,0.0,0,0,18-APR-2022,
OPTSTK,UPL,28-Apr-2022,660.0,CE,0.0,0.0,0.0,138.9,145.9,0,0.0,0,0,18-APR-2022,
OPTSTK,UPL,28-Apr-2022,670.0,CE,0.0,0.0,0.0,83.95,135.95,0,0.0,5200,0,18-APR-2022,
OPTSTK,UPL,28-Apr-2022,680.0,CE,0.0,0.0,0.0,124.65,126.05,0,0.0,0,0,18-APR-2022,
OPTSTK,UPL,28-Apr-2022,690.0,CE,0.0,0.0,0.0,117.9,116.15,0,0.0,0,0,18-APR-2022,
OPTSTK,UPL,28-Apr-2022,700.0,CE,111.0,111.0,98.0,101.3,106.35,4,41.8,44200,1300,18-APR-2022,
OPTSTK,UPL,28-Apr-2022,710.0,CE,0.0,0.0,0.0,73.6,96.7,0,0.0,1300,0,18-APR-2022,
OPTSTK,UPL,28-Apr-2022,720.0,CE,80.8,80.8,80.75,80.75,87.2,2,20.82,18200,2600,18-APR-2022,
OPTSTK,UPL,28-Apr-2022,730.0,CE,83.2,86.55,74.65,78.35,77.95,6,63.24,88400,2600,18-APR-2022,
OPTSTK,UPL,28-Apr-2022,740.0,CE,0.0,0.0,0.0,83.25,69.0,0,0.0,85800,0,18-APR-2022,
OPTSTK,UPL,28-Apr-2022,750.0,CE,65.3,65.3,53.0,59.1,59.1,6,63.06,127400,-2600,18-APR-2022,
OPTSTK,UPL,28-Apr-2022,760.0,CE,45.6,51.95,42.3,51.95,51.95,10,104.71,45500,-1300,18-APR-2022,
OPTSTK,UPL,28-Apr-2022,770.0,CE,44.15,44.15,34.65,43.9,43.9,5,52.72,80600,-2600,18-APR-2022,
OPTSTK,UPL,28-Apr-2022,780.0,CE,35.65,36.65,26.8,32.0,37.75,67,707.86,156000,-13000,18-APR-2022,
OPTSTK,UPL,28-Apr-2022,790.0,CE,29.55,29.55,20.1,27.9,27.9,155,1640.3,111800,-10400,18-APR-2022,
OPTSTK,UPL,28-Apr-2022,800.0,CE,26.85,28.1,15.05,21.15,21.15,1424,15171.93,440700,3900,18-APR-2022,
OPTSTK,UPL,28-Apr-2022,810.0,CE,21.5,22.7,11.5,16.2,16.2,1593,17095.23,494000,5200,18-APR-2022,
OPTSTK,UPL,28-Apr-2022,820.0,CE,40.0,40.0,8.8,12.45,12.45,2251,24351.55,1027000,232700,18-APR-2022,
OPTSTK,UPL,28-Apr-2022,830.0,CE,15.85,15.85,6.95,9.7,9.7,2397,26156.86,1116700,-188500,18-APR-2022,
OPTSTK,UPL,28-Apr-2022,840.0,CE,11.7,11.7,5.4,7.5,7.5,1424,15684.49,1085500,14300,18-APR-2022,
OPTSTK,UPL,28-Apr-2022,850.0,CE,9.85,9.85,4.25,5.8,5.8,1576,17529.28,798200,-214500,18-APR-2022,
OPTSTK,UPL,28-Apr-2022,860.0,CE,5.4,6.05,3.25,4.65,4.65,757,8506.08,410800,-136500,18-APR-2022,
OPTSTK,UPL,28-Apr-2022,870.0,CE,5.0,5.0,2.45,3.75,3.75,417,4734.2,214500,-41600,18-APR-2022,
OPTSTK,UPL,28-Apr-2022,880.0,CE,3.45,3.55,1.9,3.05,3.05,399,4578.23,228800,9100,18-APR-2022,
OPTSTK,UPL,28-Apr-2022,890.0,CE,2.5,2.65,1.5,2.4,2.4,231,2678.89,109200,9100,18-APR-2022,
OPTSTK,UPL,28-Apr-2022,900.0,CE,1.7,2.35,1.25,2.1,2.1,1226,14373.11,653900,-154700,18-APR-2022,
OPTSTK,UPL,28-Apr-2022,910.0,CE,1.6,2.0,1.1,1.65,1.65,175,2073.62,54600,-14300,18-APR-2022,
OPTSTK,UPL,28-Apr-2022,920.0,CE,1.25,1.8,0.95,1.4,1.4,148,1772.38,120900,0,18-APR-2022,
OPTSTK,UPL,28-Apr-2022,930.0,CE,0.95,1.6,0.8,1.25,1.25,137,1658.35,92300,-3900,18-APR-2022,
OPTSTK,UPL,28-Apr-2022,940.0,CE,1.55,1.55,0.75,1.1,1.1,88,1076.53,29900,-10400,18-APR-2022,
OPTSTK,UPL,28-Apr-2022,950.0,CE,0.95,1.2,0.7,0.9,0.9,189,2336.34,143000,63700,18-APR-2022,
OPTSTK,UPL,28-Apr-2022,960.0,CE,0.7,0.9,0.65,0.9,0.9,5,62.44,26000,0,18-APR-2022,
OPTSTK,UPL,28-Apr-2022,970.0,CE,0.0,0.0,0.0,16.0,0.1,0,0.0,0,0,18-APR-2022,
OPTSTK,UPL,28-Apr-2022,980.0,CE,0.6,0.75,0.55,0.7,0.7,6,76.48,18200,-2600,18-APR-2022,
OPTSTK,UPL,28-Apr-2022,990.0,CE,0.55,0.8,0.55,0.7,0.05,11,141.67,13000,-5200,18-APR-2022,
OPTSTK,UPL,28-Apr-2022,1000.0,CE,1.0,1.15,0.5,0.6,0.6,168,2185.23,79300,-13000,18-APR-2022,
OPTSTK,UPL,28-Apr-2022,1010.0,CE,0.0,0.0,0.0,11.4,0.05,0,0.0,0,0,18-APR-2022,
OPTSTK,UPL,28-Apr-2022,480.0,PE,0.0,0.0,0.0,0.65,0.0,0,0.0,0,0,18-APR-2022,
OPTSTK,UPL,28-Apr-2022,490.0,PE,0.0,0.0,0.0,0.2,0.0,0,0.0,3900,0,18-APR-2022,
OPTSTK,UPL,28-Apr-2022,500.0,PE,0.0,0.0,0.0,1.1,0.0,0,0.0,0,0,18-APR-2022,
OPTSTK,UPL,28-Apr-2022,510.0,PE,0.0,0.0,0.0,0.15,0.0,0,0.0,1300,0,18-APR-2022,
OPTSTK,UPL,28-Apr-2022,520.0,PE,0.0,0.0,0.0,1.8,0.0,0,0.0,0,0,18-APR-2022,
OPTSTK,UPL,28-Apr-2022,530.0,PE,0.0,0.0,0.0,2.25,0.0,0,0.0,0,0,18-APR-2022,
OPTSTK,UPL,28-Apr-2022,540.0,PE,0.0,0.0,0.0,7.0,0.0,0,0.0,0,0,18-APR-2022,
OPTSTK,UPL,28-Apr-2022,550.0,PE,0.0,0.0,0.0,0.15,0.0,0,0.0,1300,0,18-APR-2022,
OPTSTK,UPL,28-Apr-2022,560.0,PE,0.0,0.0,0.0,4.15,0.0,0,0.0,0,0,18-APR-2022,
OPTSTK,UPL,28-Apr-2022,570.0,PE,0.0,0.0,0.0,5.0,0.0,0,0.0,0,0,18-APR-2022,
OPTSTK,UPL,28-Apr-2022,580.0,PE,0.0,0.0,0.0,6.0,0.0,0,0.0,0,0,18-APR-2022,
OPTSTK,UPL,28-Apr-2022,590.0,PE,0.0,0.0,0.0,7.15,0.0,0,0.0,0,0,18-APR-2022,
OPTSTK,UPL,28-Apr-2022,600.0,PE,0.0,0.0,0.0,0.25,0.0,0,0.0,19500,0,18-APR-2022,
OPTSTK,UPL,28-Apr-2022,610.0,PE,0.0,0.0,0.0,9.9,0.0,0,0.0,0,0,18-APR-2022,
OPTSTK,UPL,28-Apr-2022,620.0,PE,0.0,0.0,0.0,11.55,0.0,0,0.0,0,0,18-APR-2022,
OPTSTK,UPL,28-Apr-2022,630.0,PE,0.0,0.0,0.0,13.4,0.0,0,0.0,0,0,18-APR-2022,
OPTSTK,UPL,28-Apr-2022,640.0,PE,0.0,0.0,0.0,0.5,0.05,0,0.0,16900,0,18-APR-2022,
OPTSTK,UPL,28-Apr-2022,650.0,PE,0.25,0.25,0.25,0.25,0.05,2,16.9,22100,-2600,18-APR-2022,
OPTSTK,UPL,28-Apr-2022,660.0,PE,0.0,0.0,0.0,0.65,0.05,0,0.0,18200,0,18-APR-2022,
OPTSTK,UPL,28-Apr-2022,670.0,PE,0.45,0.65,0.45,0.65,0.1,11,95.89,9100,3900,18-APR-2022,
OPTSTK,UPL,28-Apr-2022,680.0,PE,0.7,0.7,0.65,0.7,0.7,6,53.09,31200,2600,18-APR-2022,
OPTSTK,UPL,28-Apr-2022,690.0,PE,0.0,0.0,0.0,0.8,0.3,0,0.0,23400,0,18-APR-2022,
OPTSTK,UPL,28-Apr-2022,700.0,PE,1.1,1.2,0.85,0.95,0.95,121,1102.74,306800,18200,18-APR-2022,
OPTSTK,UPL,28-Apr-2022,710.0,PE,1.1,1.5,1.0,1.0,1.0,18,166.43,20800,-6500,18-APR-2022,
OPTSTK,UPL,28-Apr-2022,720.0,PE,1.5,1.95,1.2,1.2,1.2,89,834.89,120900,0,18-APR-2022,
OPTSTK,UPL,28-Apr-2022,730.0,PE,1.9,2.5,1.45,1.75,1.75,154,1465.63,123500,6500,18-APR-2022,
OPTSTK,UPL,28-Apr-2022,740.0,PE,2.05,3.4,1.75,2.1,2.1,305,2944.76,149500,-20800,18-APR-2022,
OPTSTK,UPL,28-Apr-2022,750.0,PE,2.65,4.7,2.3,2.55,2.55,534,5231.84,418600,-36400,18-APR-2022,
OPTSTK,UPL,28-Apr-2022,760.0,PE,3.95,6.25,3.1,3.55,3.55,473,4702.49,236600,-28600,18-APR-2022,
OPTSTK,UPL,28-Apr-2022,770.0,PE,5.2,8.4,4.45,5.05,5.05,418,4219.03,280800,31200,18-APR-2022,
OPTSTK,UPL,28-Apr-2022,780.0,PE,5.3,11.1,5.3,6.7,6.7,769,7882.81,406900,-93600,18-APR-2022,
OPTSTK,UPL,28-Apr-2022,790.0,PE,9.4,14.85,8.7,9.65,9.65,771,8036.8,254800,-29900,18-APR-2022,
OPTSTK,UPL,28-Apr-2022,800.0,PE,14.45,19.65,11.45,13.4,13.4,1670,17708.97,575900,-15600,18-APR-2022,
OPTSTK,UPL,28-Apr-2022,810.0,PE,18.75,25.5,16.65,18.95,18.95,791,8538.11,169000,-52000,18-APR-2022,
OPTSTK,UPL,28-Apr-2022,820.0,PE,17.7,32.7,17.7,24.25,24.25,199,2189.35,265200,-45500,18-APR-2022,
OPTSTK,UPL,28-Apr-2022,830.0,PE,27.2,40.8,27.2,30.5,30.5,58,651.27,141700,-20800,18-APR-2022,
OPTSTK,UPL,28-Apr-2022,840.0,PE,35.0,49.65,34.55,39.05,39.05,23,263.29,80600,-2600,18-APR-2022,
OPTSTK,UPL,28-Apr-2022,850.0,PE,48.05,53.4,48.05,53.2,51.65,4,46.87,40300,-1300,18-APR-2022,
OPTSTK,UPL,28-Apr-2022,860.0,PE,0.0,0.0,0.0,117.4,59.7,0,0.0,0,0,18-APR-2022,
OPTSTK,UPL,28-Apr-2022,870.0,PE,60.75,60.75,60.75,60.75,68.2,1,12.09,23400,1300,18-APR-2022,
OPTSTK,UPL,28-Apr-2022,880.0,PE,0.0,0.0,0.0,131.8,77.0,0,0.0,0,0,18-APR-2022,
OPTSTK,UPL,28-Apr-2022,890.0,PE,0.0,0.0,0.0,139.3,86.1,0,0.0,0,0,18-APR-2022,
OPTSTK,UPL,28-Apr-2022,900.0,PE,0.0,0.0,0.0,90.0,95.45,0,0.0,1300,0,18-APR-2022,
OPTSTK,UPL,28-Apr-2022,910.0,PE,0.0,0.0,0.0,154.7,104.95,0,0.0,0,0,18-APR-2022,
OPTSTK,UPL,28-Apr-2022,920.0,PE,0.0,0.0,0.0,162.6,114.6,0,0.0,0,0,18-APR-2022,
OPTSTK,UPL,28-Apr-2022,930.0,PE,0.0,0.0,0.0,170.6,124.35,0,0.0,0,0,18-APR-2022,
OPTSTK,UPL,28-Apr-2022,940.0,PE,0.0,0.0,0.0,178.75,134.2,0,0.0,0,0,18-APR-2022,
OPTSTK,UPL,28-Apr-2022,950.0,PE,0.0,0.0,0.0,187.05,144.05,0,0.0,0,0,18-APR-2022,
OPTSTK,UPL,28-Apr-2022,960.0,PE,0.0,0.0,0.0,195.45,154.0,0,0.0,0,0,18-APR-2022,
OPTSTK,UPL,28-Apr-2022,970.0,PE,0.0,0.0,0.0,203.95,163.9,0,0.0,0,0,18-APR-2022,
OPTSTK,UPL,28-Apr-2022,980.0,PE,0.0,0.0,0.0,212.55,173.85,0,0.0,0,0,18-APR-2022,
OPTSTK,UPL,28-Apr-2022,990.0,PE,0.0,0.0,0.0,221.25,183.85,0,0.0,0,0,18-APR-2022,
OPTSTK,UPL,28-Apr-2022,1000.0,PE,0.0,0.0,0.0,230.05,193.8,0,0.0,0,0,18-APR-2022,
OPTSTK,UPL,28-Apr-2022,1010.0,PE,0.0,0.0,0.0,238.9,203.8,0,0.0,0,0,18-APR-2022,
OPTSTK,UPL,26-May-2022,480.0,CE,0.0,0.0,0.0,162.5,327.25,0,0.0,0,0,18-APR-2022,
OPTSTK,UPL,26-May-2022,490.0,CE,0.0,0.0,0.0,153.8,317.3,0,0.0,0,0,18-APR-2022,
OPTSTK,UPL,26-May-2022,500.0,CE,0.0,0.0,0.0,145.3,307.35,0,0.0,0,0,18-APR-2022,
OPTSTK,UPL,26-May-2022,510.0,CE,0.0,0.0,0.0,137.0,297.4,0,0.0,0,0,18-APR-2022,
OPTSTK,UPL,26-May-2022,520.0,CE,0.0,0.0,0.0,128.95,287.45,0,0.0,0,0,18-APR-2022,
OPTSTK,UPL,26-May-2022,530.0,CE,0.0,0.0,0.0,121.15,277.5,0,0.0,0,0,18-APR-2022,
OPTSTK,UPL,26-May-2022,540.0,CE,0.0,0.0,0.0,113.65,267.55,0,0.0,0,0,18-APR-2022,
OPTSTK,UPL,26-May-2022,550.0,CE,0.0,0.0,0.0,106.35,257.6,0,0.0,0,0,18-APR-2022,
OPTSTK,UPL,26-May-2022,560.0,CE,0.0,0.0,0.0,99.35,247.7,0,0.0,0,0,18-APR-2022,
OPTSTK,UPL,26-May-2022,570.0,CE,0.0,0.0,0.0,92.65,237.8,0,0.0,0,0,18-APR-2022,
OPTSTK,UPL,26-May-2022,580.0,CE,0.0,0.0,0.0,86.25,227.95,0,0.0,0,0,18-APR-2022,
OPTSTK,UPL,26-May-2022,590.0,CE,0.0,0.0,0.0,80.1,218.1,0,0.0,0,0,18-APR-2022,
OPTSTK,UPL,26-May-2022,600.0,CE,0.0,0.0,0.0,74.3,208.3,0,0.0,0,0,18-APR-2022,
OPTSTK,UPL,26-May-2022,610.0,CE,0.0,0.0,0.0,68.8,198.55,0,0.0,0,0,18-APR-2022,
OPTSTK,UPL,26-May-2022,620.0,CE,0.0,0.0,0.0,63.55,188.85,0,0.0,0,0,18-APR-2022,
OPTSTK,UPL,26-May-2022,630.0,CE,0.0,0.0,0.0,58.65,179.25,0,0.0,0,0,18-APR-2022,
OPTSTK,UPL,26-May-2022,640.0,CE,0.0,0.0,0.0,54.0,169.8,0,0.0,0,0,18-APR-2022,
OPTSTK,UPL,26-May-2022,650.0,CE,0.0,0.0,0.0,49.65,160.4,0,0.0,0,0,18-APR-2022,
OPTSTK,UPL,26-May-2022,660.0,CE,0.0,0.0,0.0,45.55,151.15,0,0.0,0,0,18-APR-2022,
OPTSTK,UPL,26-May-2022,670.0,CE,0.0,0.0,0.0,41.75,142.1,0,0.0,0,0,18-APR-2022,
OPTSTK,UPL,26-May-2022,680.0,CE,0.0,0.0,0.0,38.2,133.2,0,0.0,0,0,18-APR-2022,
OPTSTK,UPL,26-May-2022,690.0,CE,0.0,0.0,0.0,34.9,124.55,0,0.0,0,0,18-APR-2022,
OPTSTK,UPL,26-May-2022,700.0,CE,0.0,0.0,0.0,58.0,116.1,0,0.0,1300,0,18-APR-2022,
OPTSTK,UPL,26-May-2022,710.0,CE,0.0,0.0,0.0,29.0,107.9,0,0.0,0,0,18-APR-2022,
OPTSTK,UPL,26-May-2022,720.0,CE,0.0,0.0,0.0,70.0,100.0,0,0.0,1300,0,18-APR-2022,
OPTSTK,UPL,26-May-2022,730.0,CE,0.0,0.0,0.0,24.0,92.4,0,0.0,0,0,18-APR-2022,
OPTSTK,UPL,26-May-2022,740.0,CE,0.0,0.0,0.0,21.8,85.1,0,0.0,0,0,18-APR-2022,
OPTSTK,UPL,26-May-2022,750.0,CE,0.0,0.0,0.0,19.75,78.1,0,0.0,0,0,18-APR-2022,
OPTSTK,UPL,26-May-2022,760.0,CE,0.0,0.0,0.0,17.85,71.45,0,0.0,0,0,18-APR-2022,
OPTSTK,UPL,26-May-2022,770.0,CE,0.0,0.0,0.0,16.15,65.15,0,0.0,0,0,18-APR-2022,
OPTSTK,UPL,26-May-2022,780.0,CE,0.0,0.0,0.0,14.55,59.25,0,0.0,0,0,18-APR-2022,
OPTSTK,UPL,26-May-2022,790.0,CE,0.0,0.0,0.0,13.15,53.7,0,0.0,0,0,18-APR-2022,
OPTSTK,UPL,26-May-2022,800.0,CE,45.05,47.0,38.5,41.0,41.0,117,1281.67,288600,61100,18-APR-2022,
OPTSTK,UPL,26-May-2022,810.0,CE,0.0,0.0,0.0,49.45,43.65,0,0.0,1300,0,18-APR-2022,
OPTSTK,UPL,26-May-2022,820.0,CE,33.7,33.7,29.55,29.55,39.2,6,66.35,13000,1300,18-APR-2022,
OPTSTK,UPL,26-May-2022,830.0,CE,37.65,37.65,25.45,27.25,27.25,24,267.73,22100,16900,18-APR-2022,
OPTSTK,UPL,26-May-2022,840.0,CE,23.1,23.1,21.5,21.5,31.25,3,33.61,13000,2600,18-APR-2022,
OPTSTK,UPL,26-May-2022,850.0,CE,24.0,25.75,18.55,20.15,20.15,49,555.27,162500,13000,18-APR-2022,
OPTSTK,UPL,26-May-2022,860.0,CE,0.0,0.0,0.0,6.2,24.6,0,0.0,0,0,18-APR-2022,
OPTSTK,UPL,26-May-2022,870.0,CE,0.0,0.0,0.0,5.5,21.75,0,0.0,0,0,18-APR-2022,
OPTSTK,UPL,26-May-2022,880.0,CE,0.0,0.0,0.0,4.95,19.15,0,0.0,0,0,18-APR-2022,
OPTSTK,UPL,26-May-2022,890.0,CE,0.0,0.0,0.0,4.4,16.85,0,0.0,0,0,18-APR-2022,
OPTSTK,UPL,26-May-2022,900.0,CE,12.95,12.95,9.0,10.2,10.2,28,331.43,42900,19500,18-APR-2022,
OPTSTK,UPL,26-May-2022,910.0,CE,0.0,0.0,0.0,3.5,12.85,0,0.0,0,0,18-APR-2022,
OPTSTK,UPL,26-May-2022,920.0,CE,0.0,0.0,0.0,3.15,11.2,0,0.0,0,0,18-APR-2022,
OPTSTK,UPL,26-May-2022,930.0,CE,0.0,0.0,0.0,2.8,9.7,0,0.0,0,0,18-APR-2022,
OPTSTK,UPL,26-May-2022,940.0,CE,0.0,0.0,0.0,3.95,8.4,0,0.0,0,0,18-APR-2022,
OPTSTK,UPL,26-May-2022,950.0,CE,0.0,0.0,0.0,7.0,7.25,0,0.0,5200,0,18-APR-2022,
OPTSTK,UPL,26-May-2022,960.0,CE,0.0,0.0,0.0,9.0,6.25,0,0.0,1300,0,18-APR-2022,
OPTSTK,UPL,26-May-2022,970.0,CE,0.0,0.0,0.0,3.3,5.35,0,0.0,0,0,18-APR-2022,
OPTSTK,UPL,26-May-2022,480.0,PE,0.0,0.0,0.0,1.1,0.0,0,0.0,0,0,18-APR-2022,
OPTSTK,UPL,26-May-2022,490.0,PE,0.0,0.0,0.0,2.95,0.0,0,0.0,0,0,18-APR-2022,
OPTSTK,UPL,26-May-2022,500.0,PE,0.0,0.0,0.0,7.75,0.05,0,0.0,0,0,18-APR-2022,
OPTSTK,UPL,26-May-2022,510.0,PE,0.0,0.0,0.0,2.45,0.05,0,0.0,0,0,18-APR-2022,
OPTSTK,UPL,26-May-2022,520.0,PE,0.0,0.0,0.0,1.9,0.05,0,0.0,1300,0,18-APR-2022,
OPTSTK,UPL,26-May-2022,530.0,PE,0.0,0.0,0.0,13.35,0.05,0,0.0,0,0,18-APR-2022,
OPTSTK,UPL,26-May-2022,540.0,PE,0.0,0.0,0.0,15.7,0.05,0,0.0,0,0,18-APR-2022,
OPTSTK,UPL,26-May-2022,550.0,PE,0.0,0.0,0.0,18.3,0.1,0,0.0,0,0,18-APR-2022,
OPTSTK,UPL,26-May-2022,560.0,PE,0.0,0.0,0.0,21.2,0.15,0,0.0,0,0,18-APR-2022,
OPTSTK,UPL,26-May-2022,570.0,PE,0.0,0.0,0.0,24.35,0.2,0,0.0,0,0,18-APR-2022,
OPTSTK,UPL,26-May-2022,580.0,PE,0.0,0.0,0.0,4.8,0.25,0,0.0,1300,0,18-APR-2022,
OPTSTK,UPL,26-May-2022,590.0,PE,0.0,0.0,0.0,31.65,0.4,0,0.0,0,0,18-APR-2022,
OPTSTK,UPL,26-May-2022,600.0,PE,0.0,0.0,0.0,35.7,0.55,0,0.0,0,0,18-APR-2022,
OPTSTK,UPL,26-May-2022,610.0,PE,0.0,0.0,0.0,10.0,0.75,0,0.0,0,0,18-APR-2022,
OPTSTK,UPL,26-May-2022,620.0,PE,0.0,0.0,0.0,0.75,1.05,0,0.0,0,0,18-APR-2022,
OPTSTK,UPL,26-May-2022,630.0,PE,0.0,0.0,0.0,49.75,1.4,0,0.0,0,0,18-APR-2022,
OPTSTK,UPL,26-May-2022,640.0,PE,0.0,0.0,0.0,55.0,1.85,0,0.0,0,0,18-APR-2022,
OPTSTK,UPL,26-May-2022,650.0,PE,0.0,0.0,0.0,60.55,2.45,0,0.0,0,0,18-APR-2022,
OPTSTK,UPL,26-May-2022,660.0,PE,0.0,0.0,0.0,66.35,3.15,0,0.0,0,0,18-APR-2022,
OPTSTK,UPL,26-May-2022,670.0,PE,0.0,0.0,0.0,72.45,4.05,0,0.0,0,0,18-APR-2022,
OPTSTK,UPL,26-May-2022,680.0,PE,0.0,0.0,0.0,78.8,5.1,0,0.0,0,0,18-APR-2022,
OPTSTK,UPL,26-May-2022,690.0,PE,0.0,0.0,0.0,85.4,6.4,0,0.0,0,0,18-APR-2022,
OPTSTK,UPL,26-May-2022,700.0,PE,0.0,0.0,0.0,9.7,7.9,0,0.0,5200,0,18-APR-2022,
OPTSTK,UPL,26-May-2022,710.0,PE,0.0,0.0,0.0,99.25,9.65,0,0.0,0,0,18-APR-2022,
OPTSTK,UPL,26-May-2022,720.0,PE,0.0,0.0,0.0,9.0,11.7,0,0.0,1300,0,18-APR-2022,
OPTSTK,UPL,26-May-2022,730.0,PE,0.0,0.0,0.0,114.05,14.05,0,0.0,0,0,18-APR-2022,
OPTSTK,UPL,26-May-2022,740.0,PE,0.0,0.0,0.0,121.75,16.75,0,0.0,0,0,18-APR-2022,
OPTSTK,UPL,26-May-2022,750.0,PE,16.4,16.4,13.35,13.35,19.65,21,208.88,42900,24700,18-APR-2022,
OPTSTK,UPL,26-May-2022,760.0,PE,19.05,20.05,17.55,17.55,23.0,7,70.88,9100,9100,18-APR-2022,
OPTSTK,UPL,26-May-2022,770.0,PE,0.0,0.0,0.0,145.75,26.65,0,0.0,0,0,18-APR-2022,
OPTSTK,UPL,26-May-2022,780.0,PE,23.7,23.7,23.7,23.7,30.7,4,41.79,5200,5200,18-APR-2022,
OPTSTK,UPL,26-May-2022,790.0,PE,0.0,0.0,0.0,67.3,35.1,0,0.0,1300,0,18-APR-2022,
OPTSTK,UPL,26-May-2022,800.0,PE,32.45,38.2,30.35,31.95,31.95,37,401.19,71500,20800,18-APR-2022,
OPTSTK,UPL,26-May-2022,810.0,PE,0.0,0.0,0.0,179.85,45.0,0,0.0,0,0,18-APR-2022,
OPTSTK,UPL,26-May-2022,820.0,PE,0.0,0.0,0.0,42.8,50.45,0,0.0,14300,0,18-APR-2022,
OPTSTK,UPL,26-May-2022,830.0,PE,0.0,0.0,0.0,197.6,56.3,0,0.0,0,0,18-APR-2022,
OPTSTK,UPL,26-May-2022,840.0,PE,0.0,0.0,0.0,206.6,62.45,0,0.0,0,0,18-APR-2022,
OPTSTK,UPL,26-May-2022,850.0,PE,0.0,0.0,0.0,215.7,68.9,0,0.0,0,0,18-APR-2022,
OPTSTK,UPL,26-May-2022,860.0,PE,0.0,0.0,0.0,224.9,75.7,0,0.0,0,0,18-APR-2022,
OPTSTK,UPL,26-May-2022,870.0,PE,0.0,0.0,0.0,234.1,82.8,0,0.0,0,0,18-APR-2022,
OPTSTK,UPL,26-May-2022,880.0,PE,0.0,0.0,0.0,243.45,90.2,0,0.0,0,0,18-APR-2022,
OPTSTK,UPL,26-May-2022,890.0,PE,0.0,0.0,0.0,252.8,97.8,0,0.0,0,0,18-APR-2022,
OPTSTK,UPL,26-May-2022,900.0,PE,0.0,0.0,0.0,262.2,105.65,0,0.0,0,0,18-APR-2022,
OPTSTK,UPL,26-May-2022,910.0,PE,0.0,0.0,0.0,271.7,113.75,0,0.0,0,0,18-APR-2022,
OPTSTK,UPL,26-May-2022,920.0,PE,0.0,0.0,0.0,281.2,122.0,0,0.0,0,0,18-APR-2022,
OPTSTK,UPL,26-May-2022,930.0,PE,0.0,0.0,0.0,290.75,130.5,0,0.0,0,0,18-APR-2022,
OPTSTK,UPL,26-May-2022,940.0,PE,0.0,0.0,0.0,279.75,139.15,0,0.0,0,0,18-APR-2022,
OPTSTK,UPL,26-May-2022,950.0,PE,0.0,0.0,0.0,289.25,147.95,0,0.0,0,0,18-APR-2022,
OPTSTK,UPL,26-May-2022,960.0,PE,0.0,0.0,0.0,288.75,156.9,0,0.0,0,0,18-APR-2022,
OPTSTK,UPL,26-May-2022,970.0,PE,0.0,0.0,0.0,298.3,165.95,0,0.0,0,0,18-APR-2022,
OPTSTK,UPL,30-Jun-2022,480.0,CE,0.0,0.0,0.0,295.3,329.3,0,0.0,0,0,18-APR-2022,
OPTSTK,UPL,30-Jun-2022,490.0,CE,0.0,0.0,0.0,285.6,319.4,0,0.0,0,0,18-APR-2022,
OPTSTK,UPL,30-Jun-2022,500.0,CE,0.0,0.0,0.0,275.95,309.55,0,0.0,0,0,18-APR-2022,
OPTSTK,UPL,30-Jun-2022,510.0,CE,0.0,0.0,0.0,266.35,299.75,0,0.0,0,0,18-APR-2022,
OPTSTK,UPL,30-Jun-2022,520.0,CE,0.0,0.0,0.0,256.8,289.95,0,0.0,0,0,18-APR-2022,
OPTSTK,UPL,30-Jun-2022,530.0,CE,0.0,0.0,0.0,247.35,280.15,0,0.0,0,0,18-APR-2022,
OPTSTK,UPL,30-Jun-2022,540.0,CE,0.0,0.0,0.0,238.0,270.45,0,0.0,0,0,18-APR-2022,
OPTSTK,UPL,30-Jun-2022,550.0,CE,0.0,0.0,0.0,228.75,260.75,0,0.0,0,0,18-APR-2022,
OPTSTK,UPL,30-Jun-2022,560.0,CE,0.0,0.0,0.0,219.6,251.1,0,0.0,0,0,18-APR-2022,
OPTSTK,UPL,30-Jun-2022,570.0,CE,0.0,0.0,0.0,210.55,241.55,0,0.0,0,0,18-APR-2022,
OPTSTK,UPL,30-Jun-2022,580.0,CE,0.0,0.0,0.0,201.65,232.1,0,0.0,0,0,18-APR-2022,
OPTSTK,UPL,30-Jun-2022,590.0,CE,0.0,0.0,0.0,192.9,222.7,0,0.0,0,0,18-APR-2022,
OPTSTK,UPL,30-Jun-2022,600.0,CE,0.0,0.0,0.0,184.3,213.4,0,0.0,0,0,18-APR-2022,
OPTSTK,UPL,30-Jun-2022,610.0,CE,0.0,0.0,0.0,175.85,204.25,0,0.0,0,0,18-APR-2022,
OPTSTK,UPL,30-Jun-2022,620.0,CE,0.0,0.0,0.0,167.6,195.2,0,0.0,0,0,18-APR-2022,
OPTSTK,UPL,30-Jun-2022,630.0,CE,0.0,0.0,0.0,159.55,186.3,0,0.0,0,0,18-APR-2022,
OPTSTK,UPL,30-Jun-2022,640.0,CE,0.0,0.0,0.0,151.7,177.55,0,0.0,0,0,18-APR-2022,
OPTSTK,UPL,30-Jun-2022,650.0,CE,0.0,0.0,0.0,144.05,168.95,0,0.0,0,0,18-APR-2022,
OPTSTK,UPL,30-Jun-2022,660.0,CE,0.0,0.0,0.0,136.6,160.55,0,0.0,0,0,18-APR-2022,
OPTSTK,UPL,30-Jun-2022,670.0,CE,0.0,0.0,0.0,129.4,152.3,0,0.0,0,0,18-APR-2022,
OPTSTK,UPL,30-Jun-2022,680.0,CE,0.0,0.0,0.0,122.4,144.3,0,0.0,0,0,18-APR-2022,
OPTSTK,UPL,30-Jun-2022,690.0,CE,0.0,0.0,0.0,115.6,136.5,0,0.0,0,0,18-APR-2022,
OPTSTK,UPL,30-Jun-2022,700.0,CE,0.0,0.0,0.0,109.1,128.95,0,0.0,0,0,18-APR-2022,
OPTSTK,UPL,30-Jun-2022,710.0,CE,0.0,0.0,0.0,102.8,121.6,0,0.0,0,0,18-APR-2022,
OPTSTK,UPL,30-Jun-2022,720.0,CE,0.0,0.0,0.0,96.75,114.5,0,0.0,0,0,18-APR-2022,
OPTSTK,UPL,30-Jun-2022,730.0,CE,0.0,0.0,0.0,91.0,107.65,0,0.0,0,0,18-APR-2022,
OPTSTK,UPL,30-Jun-2022,740.0,CE,0.0,0.0,0.0,85.45,101.05,0,0.0,0,0,18-APR-2022,
OPTSTK,UPL,30-Jun-2022,750.0,CE,0.0,0.0,0.0,80.15,94.7,0,0.0,0,0,18-APR-2022,
OPTSTK,UPL,30-Jun-2022,760.0,CE,0.0,0.0,0.0,75.1,88.65,0,0.0,0,0,18-APR-2022,
OPTSTK,UPL,30-Jun-2022,770.0,CE,0.0,0.0,0.0,70.25,82.85,0,0.0,0,0,18-APR-2022,
OPTSTK,UPL,30-Jun-2022,780.0,CE,0.0,0.0,0.0,65.7,77.3,0,0.0,0,0,18-APR-2022,
OPTSTK,UPL,30-Jun-2022,790.0,CE,0.0,0.0,0.0,61.35,72.0,0,0.0,0,0,18-APR-2022,
OPTSTK,UPL,30-Jun-2022,800.0,CE,0.0,0.0,0.0,57.2,67.0,0,0.0,0,0,18-APR-2022,
OPTSTK,UPL,30-Jun-2022,810.0,CE,0.0,0.0,0.0,53.3,62.25,0,0.0,0,0,18-APR-2022,
OPTSTK,UPL,30-Jun-2022,820.0,CE,0.0,0.0,0.0,49.6,57.75,0,0.0,0,0,18-APR-2022,
OPTSTK,UPL,30-Jun-2022,830.0,CE,0.0,0.0,0.0,46.1,53.5,0,0.0,0,0,18-APR-2022,
OPTSTK,UPL,30-Jun-2022,840.0,CE,0.0,0.0,0.0,42.85,49.45,0,0.0,0,0,18-APR-2022,
OPTSTK,UPL,30-Jun-2022,850.0,CE,0.0,0.0,0.0,39.75,45.7,0,0.0,0,0,18-APR-2022,
OPTSTK,UPL,30-Jun-2022,860.0,CE,0.0,0.0,0.0,36.85,42.15,0,0.0,0,0,18-APR-2022,
OPTSTK,UPL,30-Jun-2022,870.0,CE,0.0,0.0,0.0,34.15,38.85,0,0.0,0,0,18-APR-2022,
OPTSTK,UPL,30-Jun-2022,880.0,CE,0.0,0.0,0.0,31.6,35.75,0,0.0,0,0,18-APR-2022,
OPTSTK,UPL,30-Jun-2022,890.0,CE,0.0,0.0,0.0,29.25,32.85,0,0.0,0,0,18-APR-2022,
OPTSTK,UPL,30-Jun-2022,900.0,CE,0.0,0.0,0.0,27.0,30.1,0,0.0,0,0,18-APR-2022,
OPTSTK,UPL,30-Jun-2022,910.0,CE,0.0,0.0,0.0,24.95,27.65,0,0.0,0,0,18-APR-2022,
OPTSTK,UPL,30-Jun-2022,920.0,CE,0.0,0.0,0.0,22.95,25.3,0,0.0,0,0,18-APR-2022,
OPTSTK,UPL,30-Jun-2022,930.0,CE,0.0,0.0,0.0,21.15,23.15,0,0.0,0,0,18-APR-2022,
OPTSTK,UPL,30-Jun-2022,940.0,CE,0.0,0.0,0.0,19.5,21.15,0,0.0,0,0,18-APR-2022,
OPTSTK,UPL,30-Jun-2022,950.0,CE,0.0,0.0,0.0,17.95,19.3,0,0.0,0,0,18-APR-2022,
OPTSTK,UPL,30-Jun-2022,960.0,CE,0.0,0.0,0.0,16.5,17.55,0,0.0,0,0,18-APR-2022,
OPTSTK,UPL,30-Jun-2022,970.0,CE,0.0,0.0,0.0,15.15,16.0,0,0.0,0,0,18-APR-2022,
OPTSTK,UPL,30-Jun-2022,480.0,PE,0.0,0.0,0.0,0.65,0.15,0,0.0,0,0,18-APR-2022,
OPTSTK,UPL,30-Jun-2022,490.0,PE,0.0,0.0,0.0,0.8,0.15,0,0.0,0,0,18-APR-2022,
OPTSTK,UPL,30-Jun-2022,500.0,PE,0.0,0.0,0.0,1.05,0.25,0,0.0,0,0,18-APR-2022,
OPTSTK,UPL,30-Jun-2022,510.0,PE,0.0,0.0,0.0,1.35,0.3,0,0.0,0,0,18-APR-2022,
OPTSTK,UPL,30-Jun-2022,520.0,PE,0.0,0.0,0.0,1.75,0.45,0,0.0,0,0,18-APR-2022,
OPTSTK,UPL,30-Jun-2022,530.0,PE,0.0,0.0,0.0,2.2,0.6,0,0.0,0,0,18-APR-2022,
OPTSTK,UPL,30-Jun-2022,540.0,PE,0.0,0.0,0.0,2.7,0.75,0,0.0,0,0,18-APR-2022,
OPTSTK,UPL,30-Jun-2022,550.0,PE,0.0,0.0,0.0,3.35,1.0,0,0.0,0,0,18-APR-2022,
OPTSTK,UPL,30-Jun-2022,560.0,PE,0.0,0.0,0.0,4.1,1.3,0,0.0,0,0,18-APR-2022,
OPTSTK,UPL,30-Jun-2022,570.0,PE,0.0,0.0,0.0,4.95,1.65,0,0.0,0,0,18-APR-2022,
OPTSTK,UPL,30-Jun-2022,580.0,PE,0.0,0.0,0.0,7.2,2.1,0,0.0,0,0,18-APR-2022,
OPTSTK,UPL,30-Jun-2022,590.0,PE,0.0,0.0,0.0,7.1,2.6,0,0.0,0,0,18-APR-2022,
OPTSTK,UPL,30-Jun-2022,600.0,PE,0.0,0.0,0.0,8.4,3.25,0,0.0,0,0,18-APR-2022,
OPTSTK,UPL,30-Jun-2022,610.0,PE,0.0,0.0,0.0,1.0,3.95,0,0.0,2600,0,18-APR-2022,
OPTSTK,UPL,30-Jun-2022,620.0,PE,0.0,0.0,0.0,10.0,4.85,0,0.0,0,0,18-APR-2022,
OPTSTK,UPL,30-Jun-2022,630.0,PE,0.0,0.0,0.0,13.35,5.85,0,0.0,0,0,18-APR-2022,
OPTSTK,UPL,30-Jun-2022,640.0,PE,0.0,0.0,0.0,15.35,7.0,0,0.0,0,0,18-APR-2022,
OPTSTK,UPL,30-Jun-2022,650.0,PE,0.0,0.0,0.0,17.6,8.35,0,0.0,0,0,18-APR-2022,
OPTSTK,UPL,30-Jun-2022,660.0,PE,0.0,0.0,0.0,20.05,9.85,0,0.0,0,0,18-APR-2022,
OPTSTK,UPL,30-Jun-2022,670.0,PE,0.0,0.0,0.0,22.75,11.55,0,0.0,0,0,18-APR-2022,
OPTSTK,UPL,30-Jun-2022,680.0,PE,0.0,0.0,0.0,25.65,13.45,0,0.0,0,0,18-APR-2022,
OPTSTK,UPL,30-Jun-2022,690.0,PE,0.0,0.0,0.0,28.75,15.55,0,0.0,0,0,18-APR-2022,
OPTSTK,UPL,30-Jun-2022,700.0,PE,0.0,0.0,0.0,32.1,17.9,0,0.0,0,0,18-APR-2022,
OPTSTK,UPL,30-Jun-2022,710.0,PE,0.0,0.0,0.0,35.75,20.5,0,0.0,0,0,18-APR-2022,
OPTSTK,UPL,30-Jun-2022,720.0,PE,0.0,0.0,0.0,39.6,23.35,0,0.0,0,0,18-APR-2022,
OPTSTK,UPL,30-Jun-2022,730.0,PE,0.0,0.0,0.0,43.7,26.35,0,0.0,0,0,18-APR-2022,
OPTSTK,UPL,30-Jun-2022,740.0,PE,0.0,0.0,0.0,48.05,29.7,0,0.0,0,0,18-APR-2022,
OPTSTK,UPL,30-Jun-2022,750.0,PE,0.0,0.0,0.0,52.65,33.25,0,0.0,0,0,18-APR-2022,
OPTSTK,UPL,30-Jun-2022,760.0,PE,0.0,0.0,0.0,57.5,37.1,0,0.0,0,0,18-APR-2022,
OPTSTK,UPL,30-Jun-2022,770.0,PE,0.0,0.0,0.0,62.55,41.2,0,0.0,0,0,18-APR-2022,
OPTSTK,UPL,30-Jun-2022,780.0,PE,0.0,0.0,0.0,67.9,45.6,0,0.0,0,0,18-APR-2022,
OPTSTK,UPL,30-Jun-2022,790.0,PE,0.0,0.0,0.0,73.4,50.25,0,0.0,0,0,18-APR-2022,
OPTSTK,UPL,30-Jun-2022,800.0,PE,0.0,0.0,0.0,79.2,55.15,0,0.0,0,0,18-APR-2022,
OPTSTK,UPL,30-Jun-2022,810.0,PE,0.0,0.0,0.0,85.2,60.3,0,0.0,0,0,18-APR-2022,
OPTSTK,UPL,30-Jun-2022,820.0,PE,0.0,0.0,0.0,91.4,65.7,0,0.0,0,0,18-APR-2022,
OPTSTK,UPL,30-Jun-2022,830.0,PE,0.0,0.0,0.0,97.8,71.35,0,0.0,0,0,18-APR-2022,
OPTSTK,UPL,30-Jun-2022,840.0,PE,0.0,0.0,0.0,104.4,77.25,0,0.0,0,0,18-APR-2022,
OPTSTK,UPL,30-Jun-2022,850.0,PE,0.0,0.0,0.0,111.2,83.4,0,0.0,0,0,18-APR-2022,
OPTSTK,UPL,30-Jun-2022,860.0,PE,0.0,0.0,0.0,118.2,89.8,0,0.0,0,0,18-APR-2022,
OPTSTK,UPL,30-Jun-2022,870.0,PE,0.0,0.0,0.0,125.4,96.35,0,0.0,0,0,18-APR-2022,
OPTSTK,UPL,30-Jun-2022,880.0,PE,0.0,0.0,0.0,132.75,103.2,0,0.0,0,0,18-APR-2022,
OPTSTK,UPL,30-Jun-2022,890.0,PE,0.0,0.0,0.0,140.25,110.2,0,0.0,0,0,18-APR-2022,
OPTSTK,UPL,30-Jun-2022,900.0,PE,0.0,0.0,0.0,147.95,117.4,0,0.0,0,0,18-APR-2022,
OPTSTK,UPL,30-Jun-2022,910.0,PE,0.0,0.0,0.0,155.75,124.85,0,0.0,0,0,18-APR-2022,
OPTSTK,UPL,30-Jun-2022,920.0,PE,0.0,0.0,0.0,163.7,132.45,0,0.0,0,0,18-APR-2022,
OPTSTK,UPL,30-Jun-2022,930.0,PE,0.0,0.0,0.0,171.8,140.2,0,0.0,0,0,18-APR-2022,
OPTSTK,UPL,30-Jun-2022,940.0,PE,0.0,0.0,0.0,180.0,148.05,0,0.0,0,0,18-APR-2022,
OPTSTK,UPL,30-Jun-2022,950.0,PE,0.0,0.0,0.0,188.35,156.15,0,0.0,0,0,18-APR-2022,
OPTSTK,UPL,30-Jun-2022,960.0,PE,0.0,0.0,0.0,196.8,164.35,0,0.0,0,0,18-APR-2022,
OPTSTK,UPL,30-Jun-2022,970.0,PE,0.0,0.0,0.0,205.35,172.7,0,0.0,0,0,18-APR-2022,
OPTSTK,VEDL,28-Apr-2022,235.0,CE,0.0,0.0,0.0,100.15,189.45,0,0.0,0,0,18-APR-2022,
OPTSTK,VEDL,28-Apr-2022,240.0,CE,0.0,0.0,0.0,96.0,184.45,0,0.0,0,0,18-APR-2022,
OPTSTK,VEDL,28-Apr-2022,245.0,CE,0.0,0.0,0.0,91.9,179.45,0,0.0,0,0,18-APR-2022,
OPTSTK,VEDL,28-Apr-2022,250.0,CE,0.0,0.0,0.0,160.0,174.45,0,0.0,6200,0,18-APR-2022,
OPTSTK,VEDL,28-Apr-2022,255.0,CE,0.0,0.0,0.0,84.0,169.45,0,0.0,0,0,18-APR-2022,
OPTSTK,VEDL,28-Apr-2022,260.0,CE,0.0,0.0,0.0,80.2,164.45,0,0.0,0,0,18-APR-2022,
OPTSTK,VEDL,28-Apr-2022,265.0,CE,0.0,0.0,0.0,76.5,159.45,0,0.0,0,0,18-APR-2022,
OPTSTK,VEDL,28-Apr-2022,270.0,CE,0.0,0.0,0.0,72.9,154.45,0,0.0,0,0,18-APR-2022,
OPTSTK,VEDL,28-Apr-2022,275.0,CE,0.0,0.0,0.0,69.45,149.5,0,0.0,0,0,18-APR-2022,
OPTSTK,VEDL,28-Apr-2022,280.0,CE,0.0,0.0,0.0,66.05,144.5,0,0.0,0,0,18-APR-2022,
OPTSTK,VEDL,28-Apr-2022,285.0,CE,0.0,0.0,0.0,62.8,139.5,0,0.0,0,0,18-APR-2022,
OPTSTK,VEDL,28-Apr-2022,290.0,CE,0.0,0.0,0.0,59.6,134.5,0,0.0,0,0,18-APR-2022,
OPTSTK,VEDL,28-Apr-2022,295.0,CE,0.0,0.0,0.0,56.6,129.5,0,0.0,0,0,18-APR-2022,
OPTSTK,VEDL,28-Apr-2022,300.0,CE,124.65,134.0,120.65,124.8,124.8,6,79.46,65100,12400,18-APR-2022,
OPTSTK,VEDL,28-Apr-2022,305.0,CE,0.0,0.0,0.0,50.85,119.5,0,0.0,0,0,18-APR-2022,
OPTSTK,VEDL,28-Apr-2022,310.0,CE,0.0,0.0,0.0,109.45,114.5,0,0.0,6200,0,18-APR-2022,
OPTSTK,VEDL,28-Apr-2022,315.0,CE,0.0,0.0,0.0,92.0,109.55,0,0.0,3100,0,18-APR-2022,
OPTSTK,VEDL,28-Apr-2022,320.0,CE,0.0,0.0,0.0,43.05,104.55,0,0.0,0,0,18-APR-2022,
OPTSTK,VEDL,28-Apr-2022,325.0,CE,0.0,0.0,0.0,40.65,99.55,0,0.0,0,0,18-APR-2022,
OPTSTK,VEDL,28-Apr-2022,330.0,CE,0.0,0.0,0.0,102.3,94.6,0,0.0,24800,0,18-APR-2022,
OPTSTK,VEDL,28-Apr-2022,335.0,CE,0.0,0.0,0.0,36.2,89.6,0,0.0,0,0,18-APR-2022,
OPTSTK,VEDL,28-Apr-2022,340.0,CE,0.0,0.0,0.0,79.9,84.65,0,0.0,9300,0,18-APR-2022,
OPTSTK,VEDL,28-Apr-2022,345.0,CE,0.0,0.0,0.0,32.15,79.7,0,0.0,0,0,18-APR-2022,
OPTSTK,VEDL,28-Apr-2022,350.0,CE,0.0,0.0,0.0,77.2,74.8,0,0.0,27900,0,18-APR-2022,
OPTSTK,VEDL,28-Apr-2022,355.0,CE,0.0,0.0,0.0,28.5,69.95,0,0.0,0,0,18-APR-2022,
OPTSTK,VEDL,28-Apr-2022,360.0,CE,0.0,0.0,0.0,62.0,65.15,0,0.0,58900,0,18-APR-2022,
OPTSTK,VEDL,28-Apr-2022,365.0,CE,0.0,0.0,0.0,50.0,60.4,0,0.0,3100,0,18-APR-2022,
OPTSTK,VEDL,28-Apr-2022,370.0,CE,0.0,0.0,0.0,48.0,55.75,0,0.0,120900,0,18-APR-2022,
OPTSTK,VEDL,28-Apr-2022,375.0,CE,0.0,0.0,0.0,44.95,51.2,0,0.0,6200,0,18-APR-2022,
OPTSTK,VEDL,28-Apr-2022,380.0,CE,48.8,48.8,42.45,46.5,46.5,10,131.61,139500,-6200,18-APR-2022,
OPTSTK,VEDL,28-Apr-2022,385.0,CE,0.0,0.0,0.0,40.05,42.5,0,0.0,24800,0,18-APR-2022,
OPTSTK,VEDL,28-Apr-2022,390.0,CE,40.9,40.9,31.6,31.6,38.35,6,79.42,204600,3100,18-APR-2022,
OPTSTK,VEDL,28-Apr-2022,395.0,CE,0.0,0.0,0.0,28.55,34.45,0,0.0,15500,0,18-APR-2022,
OPTSTK,VEDL,28-Apr-2022,400.0,CE,32.0,34.0,24.4,28.35,28.35,76,1008.25,660300,-31000,18-APR-2022,
OPTSTK,VEDL,28-Apr-2022,405.0,CE,28.9,28.9,22.0,22.0,27.2,8,106.74,142600,-9300,18-APR-2022,
OPTSTK,VEDL,28-Apr-2022,410.0,CE,23.9,23.9,17.6,20.55,20.55,69,921.87,477400,-68200,18-APR-2022,
OPTSTK,VEDL,28-Apr-2022,415.0,CE,15.35,21.1,14.15,17.05,17.05,54,723.42,176700,9300,18-APR-2022,
OPTSTK,VEDL,28-Apr-2022,420.0,CE,13.55,18.55,11.5,14.1,14.1,984,13264.94,1655400,-161200,18-APR-2022,
OPTSTK,VEDL,28-Apr-2022,425.0,CE,12.5,15.3,9.3,11.25,11.25,702,9510.78,651000,86800,18-APR-2022,
OPTSTK,VEDL,28-Apr-2022,430.0,CE,9.9,12.7,7.45,9.1,9.1,2192,29917.01,2235100,266600,18-APR-2022,
OPTSTK,VEDL,28-Apr-2022,435.0,CE,8.55,10.35,6.05,7.1,7.1,513,7046.93,499100,-6200,18-APR-2022,
OPTSTK,VEDL,28-Apr-2022,440.0,CE,6.4,8.65,4.8,5.55,5.55,1556,21541.41,2402500,-244900,18-APR-2022,
OPTSTK,VEDL,28-Apr-2022,445.0,CE,5.8,6.5,3.9,4.4,4.4,267,3727.19,474300,-43400,18-APR-2022,
OPTSTK,VEDL,28-Apr-2022,450.0,CE,4.15,5.55,3.05,3.45,3.45,856,12052.64,2036700,-43400,18-APR-2022,
OPTSTK,VEDL,28-Apr-2022,455.0,CE,2.45,4.35,2.35,2.6,2.6,180,2556.08,238700,49600,18-APR-2022,
OPTSTK,VEDL,28-Apr-2022,460.0,CE,3.35,3.4,1.85,2.05,2.05,318,4560.39,874200,6200,18-APR-2022,
OPTSTK,VEDL,28-Apr-2022,465.0,CE,2.3,2.55,1.45,1.55,1.55,202,2924.31,164300,-68200,18-APR-2022,
OPTSTK,VEDL,28-Apr-2022,470.0,CE,1.4,2.15,1.15,1.3,1.3,222,3245.59,688200,-43400,18-APR-2022,
OPTSTK,VEDL,28-Apr-2022,475.0,CE,1.6,1.6,0.9,1.0,1.0,62,915.28,148800,-27900,18-APR-2022,
OPTSTK,VEDL,28-Apr-2022,480.0,CE,1.3,1.45,0.75,0.85,0.85,250,3727.87,864900,-55800,18-APR-2022,
OPTSTK,VEDL,28-Apr-2022,485.0,CE,0.95,1.05,0.65,0.65,0.65,55,828.37,235600,21700,18-APR-2022,
OPTSTK,VEDL,28-Apr-2022,490.0,CE,0.85,1.0,0.6,0.6,0.6,82,1247.37,430900,-46500,18-APR-2022,
OPTSTK,VEDL,28-Apr-2022,500.0,CE,0.4,0.7,0.4,0.55,0.55,180,2793.29,1066400,-37200,18-APR-2022,
OPTSTK,VEDL,28-Apr-2022,510.0,CE,0.35,0.55,0.35,0.45,0.45,76,1202.67,238700,0,18-APR-2022,
OPTSTK,VEDL,28-Apr-2022,520.0,CE,0.45,0.45,0.35,0.35,0.35,4,64.52,12400,6200,18-APR-2022,
OPTSTK,VEDL,28-Apr-2022,235.0,PE,0.0,0.0,0.0,0.05,0.0,0,0.0,12400,0,18-APR-2022,
OPTSTK,VEDL,28-Apr-2022,240.0,PE,0.0,0.0,0.0,5.3,0.0,0,0.0,0,0,18-APR-2022,
OPTSTK,VEDL,28-Apr-2022,245.0,PE,0.0,0.0,0.0,6.15,0.0,0,0.0,0,0,18-APR-2022,
OPTSTK,VEDL,28-Apr-2022,250.0,PE,0.0,0.0,0.0,7.1,0.0,0,0.0,0,0,18-APR-2022,
OPTSTK,VEDL,28-Apr-2022,255.0,PE,0.0,0.0,0.0,8.15,0.0,0,0.0,0,0,18-APR-2022,
OPTSTK,VEDL,28-Apr-2022,260.0,PE,0.0,0.0,0.0,0.05,0.0,0,0.0,15500,0,18-APR-2022,
OPTSTK,VEDL,28-Apr-2022,265.0,PE,0.0,0.0,0.0,10.55,0.0,0,0.0,0,0,18-APR-2022,
OPTSTK,VEDL,28-Apr-2022,270.0,PE,0.0,0.0,0.0,11.9,0.0,0,0.0,0,0,18-APR-2022,
OPTSTK,VEDL,28-Apr-2022,275.0,PE,0.0,0.0,0.0,13.35,0.0,0,0.0,0,0,18-APR-2022,
OPTSTK,VEDL,28-Apr-2022,280.0,PE,0.0,0.0,0.0,14.95,0.0,0,0.0,0,0,18-APR-2022,
OPTSTK,VEDL,28-Apr-2022,285.0,PE,0.0,0.0,0.0,16.6,0.0,0,0.0,0,0,18-APR-2022,
OPTSTK,VEDL,28-Apr-2022,290.0,PE,0.0,0.0,0.0,18.4,0.0,0,0.0,0,0,18-APR-2022,
OPTSTK,VEDL,28-Apr-2022,295.0,PE,0.0,0.0,0.0,0.1,0.0,0,0.0,0,0,18-APR-2022,
OPTSTK,VEDL,28-Apr-2022,300.0,PE,0.3,0.3,0.15,0.2,0.2,18,167.52,266600,-3100,18-APR-2022,
OPTSTK,VEDL,28-Apr-2022,305.0,PE,0.0,0.0,0.0,24.45,0.0,0,0.0,0,0,18-APR-2022,
OPTSTK,VEDL,28-Apr-2022,310.0,PE,0.0,0.0,0.0,0.25,0.0,0,0.0,6200,0,18-APR-2022,
OPTSTK,VEDL,28-Apr-2022,315.0,PE,0.0,0.0,0.0,29.05,0.05,0,0.0,0,0,18-APR-2022,
OPTSTK,VEDL,28-Apr-2022,320.0,PE,0.45,0.45,0.25,0.25,0.25,3,29.79,55800,0,18-APR-2022,
OPTSTK,VEDL,28-Apr-2022,325.0,PE,0.35,0.35,0.35,0.35,0.05,3,30.25,6200,-9300,18-APR-2022,
OPTSTK,VEDL,28-Apr-2022,330.0,PE,0.35,0.45,0.3,0.4,0.4,23,235.58,127100,-27900,18-APR-2022,
OPTSTK,VEDL,28-Apr-2022,335.0,PE,0.5,0.5,0.45,0.45,0.1,3,31.19,3100,3100,18-APR-2022,
OPTSTK,VEDL,28-Apr-2022,340.0,PE,0.45,0.55,0.4,0.4,0.4,33,348.32,120900,-3100,18-APR-2022,
OPTSTK,VEDL,28-Apr-2022,345.0,PE,0.0,0.0,0.0,45.35,0.2,0,0.0,0,0,18-APR-2022,
OPTSTK,VEDL,28-Apr-2022,350.0,PE,0.45,0.7,0.4,0.45,0.45,158,1717.15,778100,-99200,18-APR-2022,
OPTSTK,VEDL,28-Apr-2022,355.0,PE,0.0,0.0,0.0,51.6,0.4,0,0.0,0,0,18-APR-2022,
OPTSTK,VEDL,28-Apr-2022,360.0,PE,0.65,0.75,0.5,0.55,0.55,36,402.5,412300,-12400,18-APR-2022,
OPTSTK,VEDL,28-Apr-2022,365.0,PE,0.0,0.0,0.0,4.0,0.85,0,0.0,3100,0,18-APR-2022,
OPTSTK,VEDL,28-Apr-2022,370.0,PE,0.9,1.1,0.65,0.7,0.7,99,1138.29,406100,-18600,18-APR-2022,
OPTSTK,VEDL,28-Apr-2022,375.0,PE,0.0,0.0,0.0,1.05,1.6,0,0.0,9300,0,18-APR-2022,
OPTSTK,VEDL,28-Apr-2022,380.0,PE,1.35,1.8,1.0,1.1,1.1,235,2777.95,1159400,58900,18-APR-2022,
OPTSTK,VEDL,28-Apr-2022,385.0,PE,1.5,2.1,1.3,1.35,1.35,44,527.28,99200,21700,18-APR-2022,
OPTSTK,VEDL,28-Apr-2022,390.0,PE,2.3,2.8,1.6,1.75,1.75,240,2917.09,539400,18600,18-APR-2022,
OPTSTK,VEDL,28-Apr-2022,395.0,PE,2.15,3.55,2.05,2.25,2.25,88,1084.97,223200,-21700,18-APR-2022,
OPTSTK,VEDL,28-Apr-2022,400.0,PE,3.3,4.65,2.4,2.95,2.95,558,6976.02,1621300,-18600,18-APR-2022,
OPTSTK,VEDL,28-Apr-2022,405.0,PE,5.0,5.75,3.0,3.95,3.95,138,1751.98,186000,-62000,18-APR-2022,
OPTSTK,VEDL,28-Apr-2022,410.0,PE,5.75,7.55,3.9,5.2,5.2,407,5243.09,582800,-58900,18-APR-2022,
OPTSTK,VEDL,28-Apr-2022,415.0,PE,6.6,9.55,5.25,6.75,6.75,259,3390.24,334800,37200,18-APR-2022,
OPTSTK,VEDL,28-Apr-2022,420.0,PE,9.0,12.0,6.35,8.6,8.6,894,11893.5,1171800,-86800,18-APR-2022,
OPTSTK,VEDL,28-Apr-2022,425.0,PE,10.55,14.5,8.45,11.05,11.05,444,6001.23,291400,-31000,18-APR-2022,
OPTSTK,VEDL,28-Apr-2022,430.0,PE,13.0,18.0,10.7,13.45,13.45,324,4455.74,1085000,-18600,18-APR-2022,
OPTSTK,VEDL,28-Apr-2022,435.0,PE,15.25,20.0,14.0,16.5,16.5,47,658.34,114700,-31000,18-APR-2022,
OPTSTK,VEDL,28-Apr-2022,440.0,PE,18.55,24.55,18.25,20.15,20.15,53,757.33,341000,-15500,18-APR-2022,
OPTSTK,VEDL,28-Apr-2022,445.0,PE,21.75,27.7,21.75,27.7,28.4,2,29.12,55800,-3100,18-APR-2022,
OPTSTK,VEDL,28-Apr-2022,450.0,PE,27.8,31.75,27.15,31.75,32.05,24,356.06,173600,6200,18-APR-2022,
OPTSTK,VEDL,28-Apr-2022,455.0,PE,29.4,36.2,29.4,36.2,35.85,10,151.06,27900,12400,18-APR-2022,
OPTSTK,VEDL,28-Apr-2022,460.0,PE,36.85,42.1,31.55,37.2,39.85,19,292.5,31000,9300,18-APR-2022,
OPTSTK,VEDL,28-Apr-2022,465.0,PE,0.0,0.0,0.0,138.6,44.0,0,0.0,0,0,18-APR-2022,
OPTSTK,VEDL,28-Apr-2022,470.0,PE,0.0,0.0,0.0,143.1,48.3,0,0.0,0,0,18-APR-2022,
OPTSTK,VEDL,28-Apr-2022,475.0,PE,0.0,0.0,0.0,147.65,52.7,0,0.0,0,0,18-APR-2022,
OPTSTK,VEDL,28-Apr-2022,480.0,PE,0.0,0.0,0.0,61.1,57.2,0,0.0,9300,0,18-APR-2022,
OPTSTK,VEDL,28-Apr-2022,485.0,PE,0.0,0.0,0.0,60.4,61.8,0,0.0,0,0,18-APR-2022,
OPTSTK,VEDL,28-Apr-2022,490.0,PE,0.0,0.0,0.0,61.75,66.5,0,0.0,9300,0,18-APR-2022,
OPTSTK,VEDL,28-Apr-2022,500.0,PE,0.0,0.0,0.0,86.9,76.0,0,0.0,21700,0,18-APR-2022,
OPTSTK,VEDL,28-Apr-2022,510.0,PE,0.0,0.0,0.0,146.4,85.7,0,0.0,0,0,18-APR-2022,
OPTSTK,VEDL,28-Apr-2022,520.0,PE,0.0,0.0,0.0,151.8,95.5,0,0.0,0,0,18-APR-2022,
OPTSTK,VEDL,26-May-2022,235.0,CE,0.0,0.0,0.0,108.95,190.2,0,0.0,0,0,18-APR-2022,
OPTSTK,VEDL,26-May-2022,240.0,CE,0.0,0.0,0.0,104.6,185.25,0,0.0,0,0,18-APR-2022,
OPTSTK,VEDL,26-May-2022,245.0,CE,0.0,0.0,0.0,100.35,180.25,0,0.0,0,0,18-APR-2022,
OPTSTK,VEDL,26-May-2022,250.0,CE,0.0,0.0,0.0,96.2,175.3,0,0.0,0,0,18-APR-2022,
OPTSTK,VEDL,26-May-2022,255.0,CE,0.0,0.0,0.0,92.15,170.35,0,0.0,0,0,18-APR-2022,
OPTSTK,VEDL,26-May-2022,260.0,CE,0.0,0.0,0.0,88.15,165.4,0,0.0,0,0,18-APR-2022,
OPTSTK,VEDL,26-May-2022,265.0,CE,0.0,0.0,0.0,84.25,160.45,0,0.0,0,0,18-APR-2022,
OPTSTK,VEDL,26-May-2022,270.0,CE,0.0,0.0,0.0,80.45,155.5,0,0.0,0,0,18-APR-2022,
OPTSTK,VEDL,26-May-2022,275.0,CE,0.0,0.0,0.0,76.8,150.55,0,0.0,0,0,18-APR-2022,
OPTSTK,VEDL,26-May-2022,280.0,CE,0.0,0.0,0.0,73.2,145.65,0,0.0,0,0,18-APR-2022,
OPTSTK,VEDL,26-May-2022,285.0,CE,0.0,0.0,0.0,69.7,140.75,0,0.0,0,0,18-APR-2022,
OPTSTK,VEDL,26-May-2022,290.0,CE,0.0,0.0,0.0,66.35,135.85,0,0.0,0,0,18-APR-2022,
OPTSTK,VEDL,26-May-2022,295.0,CE,0.0,0.0,0.0,63.1,131.0,0,0.0,0,0,18-APR-2022,
OPTSTK,VEDL,26-May-2022,300.0,CE,0.0,0.0,0.0,59.95,126.15,0,0.0,0,0,18-APR-2022,
OPTSTK,VEDL,26-May-2022,305.0,CE,0.0,0.0,0.0,56.9,121.35,0,0.0,0,0,18-APR-2022,
OPTSTK,VEDL,26-May-2022,310.0,CE,0.0,0.0,0.0,53.95,116.6,0,0.0,0,0,18-APR-2022,
OPTSTK,VEDL,26-May-2022,315.0,CE,0.0,0.0,0.0,51.15,111.9,0,0.0,0,0,18-APR-2022,
OPTSTK,VEDL,26-May-2022,320.0,CE,0.0,0.0,0.0,48.45,107.25,0,0.0,0,0,18-APR-2022,
OPTSTK,VEDL,26-May-2022,325.0,CE,0.0,0.0,0.0,45.85,102.65,0,0.0,0,0,18-APR-2022,
OPTSTK,VEDL,26-May-2022,330.0,CE,0.0,0.0,0.0,43.35,98.1,0,0.0,0,0,18-APR-2022,
OPTSTK,VEDL,26-May-2022,335.0,CE,0.0,0.0,0.0,40.95,93.65,0,0.0,0,0,18-APR-2022,
OPTSTK,VEDL,26-May-2022,340.0,CE,0.0,0.0,0.0,38.7,89.25,0,0.0,0,0,18-APR-2022,
OPTSTK,VEDL,26-May-2022,345.0,CE,0.0,0.0,0.0,36.5,84.95,0,0.0,0,0,18-APR-2022,
OPTSTK,VEDL,26-May-2022,350.0,CE,0.0,0.0,0.0,34.45,80.75,0,0.0,0,0,18-APR-2022,
OPTSTK,VEDL,26-May-2022,355.0,CE,0.0,0.0,0.0,32.45,76.6,0,0.0,0,0,18-APR-2022,
OPTSTK,VEDL,26-May-2022,360.0,CE,0.0,0.0,0.0,30.0,72.6,0,0.0,3100,0,18-APR-2022,
OPTSTK,VEDL,26-May-2022,365.0,CE,0.0,0.0,0.0,28.75,68.65,0,0.0,0,0,18-APR-2022,
OPTSTK,VEDL,26-May-2022,370.0,CE,0.0,0.0,0.0,27.05,64.85,0,0.0,0,0,18-APR-2022,
OPTSTK,VEDL,26-May-2022,375.0,CE,0.0,0.0,0.0,25.45,61.2,0,0.0,0,0,18-APR-2022,
OPTSTK,VEDL,26-May-2022,380.0,CE,0.0,0.0,0.0,23.9,57.6,0,0.0,0,0,18-APR-2022,
OPTSTK,VEDL,26-May-2022,385.0,CE,0.0,0.0,0.0,22.45,54.15,0,0.0,0,0,18-APR-2022,
OPTSTK,VEDL,26-May-2022,390.0,CE,44.3,44.3,44.3,44.3,50.85,1,13.46,3100,3100,18-APR-2022,
OPTSTK,VEDL,26-May-2022,395.0,CE,0.0,0.0,0.0,19.75,47.65,0,0.0,0,0,18-APR-2022,
OPTSTK,VEDL,26-May-2022,400.0,CE,0.0,0.0,0.0,40.5,44.6,0,0.0,6200,0,18-APR-2022,
OPTSTK,VEDL,26-May-2022,405.0,CE,0.0,0.0,0.0,17.4,41.65,0,0.0,0,0,18-APR-2022,
OPTSTK,VEDL,26-May-2022,410.0,CE,27.95,28.0,27.9,28.0,38.9,7,95.03,24800,0,18-APR-2022,
OPTSTK,VEDL,26-May-2022,415.0,CE,0.0,0.0,0.0,15.25,36.2,0,0.0,0,0,18-APR-2022,
OPTSTK,VEDL,26-May-2022,420.0,CE,25.55,25.55,25.55,25.55,25.55,2,27.62,31000,6200,18-APR-2022,
OPTSTK,VEDL,26-May-2022,425.0,CE,0.0,0.0,0.0,13.4,31.3,0,0.0,0,0,18-APR-2022,
OPTSTK,VEDL,26-May-2022,430.0,CE,21.4,22.0,17.8,19.85,19.85,38,530.3,93000,46500,18-APR-2022,
OPTSTK,VEDL,26-May-2022,435.0,CE,0.0,0.0,0.0,11.7,26.85,0,0.0,0,0,18-APR-2022,
OPTSTK,VEDL,26-May-2022,440.0,CE,0.0,0.0,0.0,10.95,24.85,0,0.0,0,0,18-APR-2022,
OPTSTK,VEDL,26-May-2022,445.0,CE,0.0,0.0,0.0,10.2,22.95,0,0.0,0,0,18-APR-2022,
OPTSTK,VEDL,26-May-2022,450.0,CE,13.2,15.2,11.9,12.8,12.8,83,1191.48,313100,62000,18-APR-2022,
OPTSTK,VEDL,26-May-2022,455.0,CE,0.0,0.0,0.0,8.9,19.5,0,0.0,0,0,18-APR-2022,
OPTSTK,VEDL,26-May-2022,460.0,CE,12.0,12.0,11.0,11.0,17.9,2,29.23,9300,6200,18-APR-2022,
OPTSTK,VEDL,26-May-2022,465.0,CE,0.0,0.0,0.0,7.75,16.45,0,0.0,0,0,18-APR-2022,
OPTSTK,VEDL,26-May-2022,470.0,CE,0.0,0.0,0.0,7.25,15.1,0,0.0,0,0,18-APR-2022,
OPTSTK,VEDL,26-May-2022,475.0,CE,0.0,0.0,0.0,6.75,13.85,0,0.0,0,0,18-APR-2022,
OPTSTK,VEDL,26-May-2022,480.0,CE,0.0,0.0,0.0,6.3,12.65,0,0.0,0,0,18-APR-2022,
OPTSTK,VEDL,26-May-2022,485.0,CE,0.0,0.0,0.0,5.85,11.6,0,0.0,0,0,18-APR-2022,
OPTSTK,VEDL,26-May-2022,490.0,CE,0.0,0.0,0.0,5.45,10.55,0,0.0,0,0,18-APR-2022,
OPTSTK,VEDL,26-May-2022,500.0,CE,4.0,5.0,3.95,4.25,8.75,9,140.66,127100,18600,18-APR-2022,
OPTSTK,VEDL,26-May-2022,510.0,CE,0.0,0.0,0.0,6.8,7.25,0,0.0,0,0,18-APR-2022,
OPTSTK,VEDL,26-May-2022,520.0,CE,0.0,0.0,0.0,8.6,5.95,0,0.0,0,0,18-APR-2022,
OPTSTK,VEDL,26-May-2022,235.0,PE,0.0,0.0,0.0,3.4,0.05,0,0.0,0,0,18-APR-2022,
OPTSTK,VEDL,26-May-2022,240.0,PE,0.0,0.0,0.0,4.05,0.05,0,0.0,0,0,18-APR-2022,
OPTSTK,VEDL,26-May-2022,245.0,PE,0.0,0.0,0.0,4.75,0.05,0,0.0,0,0,18-APR-2022,
OPTSTK,VEDL,26-May-2022,250.0,PE,0.0,0.0,0.0,5.55,0.05,0,0.0,0,0,18-APR-2022,
OPTSTK,VEDL,26-May-2022,255.0,PE,0.0,0.0,0.0,6.4,0.05,0,0.0,0,0,18-APR-2022,
OPTSTK,VEDL,26-May-2022,260.0,PE,0.0,0.0,0.0,7.35,0.1,0,0.0,0,0,18-APR-2022,
OPTSTK,VEDL,26-May-2022,265.0,PE,0.0,0.0,0.0,8.45,0.1,0,0.0,0,0,18-APR-2022,
OPTSTK,VEDL,26-May-2022,270.0,PE,0.0,0.0,0.0,9.6,0.15,0,0.0,0,0,18-APR-2022,
OPTSTK,VEDL,26-May-2022,275.0,PE,0.0,0.0,0.0,10.85,0.2,0,0.0,0,0,18-APR-2022,
OPTSTK,VEDL,26-May-2022,280.0,PE,0.0,0.0,0.0,12.2,0.25,0,0.0,0,0,18-APR-2022,
OPTSTK,VEDL,26-May-2022,285.0,PE,0.0,0.0,0.0,13.7,0.3,0,0.0,0,0,18-APR-2022,
OPTSTK,VEDL,26-May-2022,290.0,PE,0.0,0.0,0.0,15.25,0.4,0,0.0,0,0,18-APR-2022,
OPTSTK,VEDL,26-May-2022,295.0,PE,0.0,0.0,0.0,16.95,0.55,0,0.0,0,0,18-APR-2022,
OPTSTK,VEDL,26-May-2022,300.0,PE,0.25,0.45,0.25,0.45,0.45,2,18.62,0,0,18-APR-2022,
OPTSTK,VEDL,26-May-2022,305.0,PE,0.0,0.0,0.0,20.65,0.9,0,0.0,0,0,18-APR-2022,
OPTSTK,VEDL,26-May-2022,310.0,PE,0.0,0.0,0.0,22.65,1.1,0,0.0,0,0,18-APR-2022,
OPTSTK,VEDL,26-May-2022,315.0,PE,0.0,0.0,0.0,24.8,1.35,0,0.0,0,0,18-APR-2022,
OPTSTK,VEDL,26-May-2022,320.0,PE,0.0,0.0,0.0,27.05,1.7,0,0.0,0,0,18-APR-2022,
OPTSTK,VEDL,26-May-2022,325.0,PE,0.0,0.0,0.0,29.4,2.05,0,0.0,0,0,18-APR-2022,
OPTSTK,VEDL,26-May-2022,330.0,PE,0.0,0.0,0.0,31.85,2.5,0,0.0,0,0,18-APR-2022,
OPTSTK,VEDL,26-May-2022,335.0,PE,0.0,0.0,0.0,34.4,3.0,0,0.0,0,0,18-APR-2022,
OPTSTK,VEDL,26-May-2022,340.0,PE,0.0,0.0,0.0,6.35,3.6,0,0.0,0,0,18-APR-2022,
OPTSTK,VEDL,26-May-2022,345.0,PE,0.0,0.0,0.0,39.85,4.3,0,0.0,0,0,18-APR-2022,
OPTSTK,VEDL,26-May-2022,350.0,PE,2.4,3.0,2.3,2.5,5.05,22,240.55,127100,0,18-APR-2022,
OPTSTK,VEDL,26-May-2022,355.0,PE,0.0,0.0,0.0,45.7,5.9,0,0.0,0,0,18-APR-2022,
OPTSTK,VEDL,26-May-2022,360.0,PE,0.0,0.0,0.0,7.4,6.85,0,0.0,34100,0,18-APR-2022,
OPTSTK,VEDL,26-May-2022,365.0,PE,0.0,0.0,0.0,51.9,7.9,0,0.0,0,0,18-APR-2022,
OPTSTK,VEDL,26-May-2022,370.0,PE,5.5,5.5,4.55,4.55,9.1,2,23.25,3100,0,18-APR-2022,
OPTSTK,VEDL,26-May-2022,375.0,PE,0.0,0.0,0.0,58.45,10.4,0,0.0,0,0,18-APR-2022,
OPTSTK,VEDL,26-May-2022,380.0,PE,6.0,8.0,6.0,6.5,11.8,7,83.91,68200,18600,18-APR-2022,
OPTSTK,VEDL,26-May-2022,385.0,PE,0.0,0.0,0.0,65.35,13.3,0,0.0,0,0,18-APR-2022,
OPTSTK,VEDL,26-May-2022,390.0,PE,0.0,0.0,0.0,68.95,14.95,0,0.0,0,0,18-APR-2022,
OPTSTK,VEDL,26-May-2022,395.0,PE,0.0,0.0,0.0,72.6,16.75,0,0.0,0,0,18-APR-2022,
OPTSTK,VEDL,26-May-2022,400.0,PE,11.0,13.3,10.85,13.0,13.0,23,293.58,220100,15500,18-APR-2022,
OPTSTK,VEDL,26-May-2022,405.0,PE,0.0,0.0,0.0,80.1,20.75,0,0.0,0,0,18-APR-2022,
OPTSTK,VEDL,26-May-2022,410.0,PE,0.0,0.0,0.0,83.95,22.9,0,0.0,0,0,18-APR-2022,
OPTSTK,VEDL,26-May-2022,415.0,PE,0.0,0.0,0.0,87.85,25.25,0,0.0,0,0,18-APR-2022,
OPTSTK,VEDL,26-May-2022,420.0,PE,20.0,23.25,20.0,20.5,20.5,9,122.96,34100,12400,18-APR-2022,
OPTSTK,VEDL,26-May-2022,425.0,PE,0.0,0.0,0.0,21.9,30.25,0,0.0,3100,0,18-APR-2022,
OPTSTK,VEDL,26-May-2022,430.0,PE,0.0,0.0,0.0,99.95,32.95,0,0.0,0,0,18-APR-2022,
OPTSTK,VEDL,26-May-2022,435.0,PE,0.0,0.0,0.0,104.1,35.8,0,0.0,0,0,18-APR-2022,
OPTSTK,VEDL,26-May-2022,440.0,PE,0.0,0.0,0.0,108.25,38.75,0,0.0,0,0,18-APR-2022,
OPTSTK,VEDL,26-May-2022,445.0,PE,0.0,0.0,0.0,112.5,41.85,0,0.0,0,0,18-APR-2022,
OPTSTK,VEDL,26-May-2022,450.0,PE,0.0,0.0,0.0,116.75,45.0,0,0.0,0,0,18-APR-2022,
OPTSTK,VEDL,26-May-2022,455.0,PE,0.0,0.0,0.0,121.1,48.35,0,0.0,0,0,18-APR-2022,
OPTSTK,VEDL,26-May-2022,460.0,PE,0.0,0.0,0.0,125.45,51.75,0,0.0,0,0,18-APR-2022,
OPTSTK,VEDL,26-May-2022,465.0,PE,0.0,0.0,0.0,129.85,55.25,0,0.0,0,0,18-APR-2022,
OPTSTK,VEDL,26-May-2022,470.0,PE,0.0,0.0,0.0,134.25,58.85,0,0.0,0,0,18-APR-2022,
OPTSTK,VEDL,26-May-2022,475.0,PE,0.0,0.0,0.0,138.7,62.6,0,0.0,0,0,18-APR-2022,
OPTSTK,VEDL,26-May-2022,480.0,PE,0.0,0.0,0.0,143.2,66.4,0,0.0,0,0,18-APR-2022,
OPTSTK,VEDL,26-May-2022,485.0,PE,0.0,0.0,0.0,147.75,70.3,0,0.0,0,0,18-APR-2022,
OPTSTK,VEDL,26-May-2022,490.0,PE,0.0,0.0,0.0,152.3,74.25,0,0.0,0,0,18-APR-2022,
OPTSTK,VEDL,26-May-2022,500.0,PE,0.0,0.0,0.0,140.15,82.4,0,0.0,0,0,18-APR-2022,
OPTSTK,VEDL,26-May-2022,510.0,PE,0.0,0.0,0.0,149.05,90.85,0,0.0,0,0,18-APR-2022,
OPTSTK,VEDL,26-May-2022,520.0,PE,0.0,0.0,0.0,143.2,99.5,0,0.0,0,0,18-APR-2022,
OPTSTK,VEDL,30-Jun-2022,240.0,CE,0.0,0.0,0.0,166.95,186.5,0,0.0,0,0,18-APR-2022,
OPTSTK,VEDL,30-Jun-2022,250.0,CE,0.0,0.0,0.0,157.55,176.8,0,0.0,0,0,18-APR-2022,
OPTSTK,VEDL,30-Jun-2022,260.0,CE,0.0,0.0,0.0,148.35,167.15,0,0.0,0,0,18-APR-2022,
OPTSTK,VEDL,30-Jun-2022,270.0,CE,0.0,0.0,0.0,139.3,157.6,0,0.0,0,0,18-APR-2022,
OPTSTK,VEDL,30-Jun-2022,280.0,CE,0.0,0.0,0.0,130.45,148.2,0,0.0,0,0,18-APR-2022,
OPTSTK,VEDL,30-Jun-2022,290.0,CE,0.0,0.0,0.0,121.9,139.0,0,0.0,0,0,18-APR-2022,
OPTSTK,VEDL,30-Jun-2022,300.0,CE,0.0,0.0,0.0,113.6,129.95,0,0.0,0,0,18-APR-2022,
OPTSTK,VEDL,30-Jun-2022,310.0,CE,0.0,0.0,0.0,105.55,121.15,0,0.0,0,0,18-APR-2022,
OPTSTK,VEDL,30-Jun-2022,320.0,CE,0.0,0.0,0.0,97.9,112.65,0,0.0,0,0,18-APR-2022,
OPTSTK,VEDL,30-Jun-2022,330.0,CE,0.0,0.0,0.0,90.55,104.4,0,0.0,0,0,18-APR-2022,
OPTSTK,VEDL,30-Jun-2022,340.0,CE,0.0,0.0,0.0,83.55,96.45,0,0.0,0,0,18-APR-2022,
OPTSTK,VEDL,30-Jun-2022,350.0,CE,0.0,0.0,0.0,76.9,88.85,0,0.0,0,0,18-APR-2022,
OPTSTK,VEDL,30-Jun-2022,360.0,CE,0.0,0.0,0.0,70.6,81.65,0,0.0,0,0,18-APR-2022,
OPTSTK,VEDL,30-Jun-2022,370.0,CE,0.0,0.0,0.0,64.7,74.75,0,0.0,0,0,18-APR-2022,
OPTSTK,VEDL,30-Jun-2022,380.0,CE,0.0,0.0,0.0,59.15,68.25,0,0.0,0,0,18-APR-2022,
OPTSTK,VEDL,30-Jun-2022,390.0,CE,0.0,0.0,0.0,53.95,62.15,0,0.0,0,0,18-APR-2022,
OPTSTK,VEDL,30-Jun-2022,400.0,CE,0.0,0.0,0.0,49.15,56.45,0,0.0,0,0,18-APR-2022,
OPTSTK,VEDL,30-Jun-2022,410.0,CE,0.0,0.0,0.0,44.65,51.15,0,0.0,0,0,18-APR-2022,
OPTSTK,VEDL,30-Jun-2022,420.0,CE,0.0,0.0,0.0,40.5,46.2,0,0.0,0,0,18-APR-2022,
OPTSTK,VEDL,30-Jun-2022,430.0,CE,0.0,0.0,0.0,36.7,41.65,0,0.0,0,0,18-APR-2022,
OPTSTK,VEDL,30-Jun-2022,440.0,CE,0.0,0.0,0.0,33.2,37.45,0,0.0,0,0,18-APR-2022,
OPTSTK,VEDL,30-Jun-2022,450.0,CE,0.0,0.0,0.0,29.95,33.6,0,0.0,0,0,18-APR-2022,
OPTSTK,VEDL,30-Jun-2022,460.0,CE,0.0,0.0,0.0,27.0,30.1,0,0.0,0,0,18-APR-2022,
OPTSTK,VEDL,30-Jun-2022,470.0,CE,0.0,0.0,0.0,24.3,26.85,0,0.0,0,0,18-APR-2022,
OPTSTK,VEDL,30-Jun-2022,480.0,CE,0.0,0.0,0.0,21.85,23.95,0,0.0,0,0,18-APR-2022,
OPTSTK,VEDL,30-Jun-2022,490.0,CE,0.0,0.0,0.0,19.65,21.3,0,0.0,0,0,18-APR-2022,
OPTSTK,VEDL,30-Jun-2022,500.0,CE,0.0,0.0,0.0,17.6,18.95,0,0.0,0,0,18-APR-2022,
OPTSTK,VEDL,30-Jun-2022,510.0,CE,0.0,0.0,0.0,15.8,16.8,0,0.0,0,0,18-APR-2022,
OPTSTK,VEDL,30-Jun-2022,520.0,CE,0.0,0.0,0.0,14.1,14.9,0,0.0,0,0,18-APR-2022,
OPTSTK,VEDL,30-Jun-2022,240.0,PE,0.0,0.0,0.0,1.1,0.3,0,0.0,0,0,18-APR-2022,
OPTSTK,VEDL,30-Jun-2022,250.0,PE,0.0,0.0,0.0,1.6,0.5,0,0.0,0,0,18-APR-2022,
OPTSTK,VEDL,30-Jun-2022,260.0,PE,0.0,0.0,0.0,2.25,0.8,0,0.0,0,0,18-APR-2022,
OPTSTK,VEDL,30-Jun-2022,270.0,PE,0.0,0.0,0.0,3.1,1.15,0,0.0,0,0,18-APR-2022,
OPTSTK,VEDL,30-Jun-2022,280.0,PE,0.0,0.0,0.0,4.15,1.7,0,0.0,0,0,18-APR-2022,
OPTSTK,VEDL,30-Jun-2022,290.0,PE,0.0,0.0,0.0,5.5,2.4,0,0.0,0,0,18-APR-2022,
OPTSTK,VEDL,30-Jun-2022,300.0,PE,0.0,0.0,0.0,7.1,3.25,0,0.0,0,0,18-APR-2022,
OPTSTK,VEDL,30-Jun-2022,310.0,PE,0.0,0.0,0.0,8.95,4.4,0,0.0,0,0,18-APR-2022,
OPTSTK,VEDL,30-Jun-2022,320.0,PE,0.0,0.0,0.0,11.15,5.75,0,0.0,0,0,18-APR-2022,
OPTSTK,VEDL,30-Jun-2022,330.0,PE,0.0,0.0,0.0,13.7,7.45,0,0.0,0,0,18-APR-2022,
OPTSTK,VEDL,30-Jun-2022,340.0,PE,0.0,0.0,0.0,16.6,9.45,0,0.0,0,0,18-APR-2022,
OPTSTK,VEDL,30-Jun-2022,350.0,PE,0.0,0.0,0.0,19.85,11.75,0,0.0,0,0,18-APR-2022,
OPTSTK,VEDL,30-Jun-2022,360.0,PE,0.0,0.0,0.0,23.45,14.45,0,0.0,0,0,18-APR-2022,
OPTSTK,VEDL,30-Jun-2022,370.0,PE,0.0,0.0,0.0,27.45,17.5,0,0.0,0,0,18-APR-2022,
OPTSTK,VEDL,30-Jun-2022,380.0,PE,0.0,0.0,0.0,31.8,20.9,0,0.0,0,0,18-APR-2022,
OPTSTK,VEDL,30-Jun-2022,390.0,PE,0.0,0.0,0.0,36.5,24.7,0,0.0,0,0,18-APR-2022,
OPTSTK,VEDL,30-Jun-2022,400.0,PE,0.0,0.0,0.0,41.6,28.95,0,0.0,0,0,18-APR-2022,
OPTSTK,VEDL,30-Jun-2022,410.0,PE,0.0,0.0,0.0,47.0,33.55,0,0.0,0,0,18-APR-2022,
OPTSTK,VEDL,30-Jun-2022,420.0,PE,0.0,0.0,0.0,33.0,38.5,0,0.0,6200,0,18-APR-2022,
OPTSTK,VEDL,30-Jun-2022,430.0,PE,0.0,0.0,0.0,40.0,43.85,0,0.0,3100,0,18-APR-2022,
OPTSTK,VEDL,30-Jun-2022,440.0,PE,0.0,0.0,0.0,65.2,49.6,0,0.0,0,0,18-APR-2022,
OPTSTK,VEDL,30-Jun-2022,450.0,PE,0.0,0.0,0.0,71.85,55.65,0,0.0,0,0,18-APR-2022,
OPTSTK,VEDL,30-Jun-2022,460.0,PE,0.0,0.0,0.0,78.8,62.05,0,0.0,0,0,18-APR-2022,
OPTSTK,VEDL,30-Jun-2022,470.0,PE,0.0,0.0,0.0,86.0,68.75,0,0.0,0,0,18-APR-2022,
OPTSTK,VEDL,30-Jun-2022,480.0,PE,0.0,0.0,0.0,93.45,75.75,0,0.0,0,0,18-APR-2022,
OPTSTK,VEDL,30-Jun-2022,490.0,PE,0.0,0.0,0.0,101.15,83.05,0,0.0,0,0,18-APR-2022,
OPTSTK,VEDL,30-Jun-2022,500.0,PE,0.0,0.0,0.0,109.0,90.55,0,0.0,0,0,18-APR-2022,
OPTSTK,VEDL,30-Jun-2022,510.0,PE,0.0,0.0,0.0,117.05,98.35,0,0.0,0,0,18-APR-2022,
OPTSTK,VEDL,30-Jun-2022,520.0,PE,0.0,0.0,0.0,125.3,106.35,0,0.0,0,0,18-APR-2022,
OPTSTK,VOLTAS,28-Apr-2022,720.0,CE,0.0,0.0,0.0,473.2,528.05,0,0.0,0,0,18-APR-2022,
OPTSTK,VOLTAS,28-Apr-2022,740.0,CE,0.0,0.0,0.0,453.5,508.05,0,0.0,0,0,18-APR-2022,
OPTSTK,VOLTAS,28-Apr-2022,760.0,CE,0.0,0.0,0.0,433.85,488.1,0,0.0,0,0,18-APR-2022,
OPTSTK,VOLTAS,28-Apr-2022,780.0,CE,0.0,0.0,0.0,414.25,468.1,0,0.0,0,0,18-APR-2022,
OPTSTK,VOLTAS,28-Apr-2022,800.0,CE,0.0,0.0,0.0,394.75,448.1,0,0.0,0,0,18-APR-2022,
OPTSTK,VOLTAS,28-Apr-2022,820.0,CE,0.0,0.0,0.0,375.35,428.15,0,0.0,0,0,18-APR-2022,
OPTSTK,VOLTAS,28-Apr-2022,840.0,CE,0.0,0.0,0.0,356.1,408.15,0,0.0,0,0,18-APR-2022,
OPTSTK,VOLTAS,28-Apr-2022,860.0,CE,0.0,0.0,0.0,337.05,388.2,0,0.0,0,0,18-APR-2022,
OPTSTK,VOLTAS,28-Apr-2022,880.0,CE,0.0,0.0,0.0,318.25,368.2,0,0.0,0,0,18-APR-2022,
OPTSTK,VOLTAS,28-Apr-2022,900.0,CE,0.0,0.0,0.0,299.7,348.25,0,0.0,0,0,18-APR-2022,
OPTSTK,VOLTAS,28-Apr-2022,920.0,CE,0.0,0.0,0.0,281.45,328.25,0,0.0,0,0,18-APR-2022,
OPTSTK,VOLTAS,28-Apr-2022,940.0,CE,0.0,0.0,0.0,263.6,308.3,0,0.0,0,0,18-APR-2022,
OPTSTK,VOLTAS,28-Apr-2022,960.0,CE,0.0,0.0,0.0,246.2,288.3,0,0.0,0,0,18-APR-2022,
OPTSTK,VOLTAS,28-Apr-2022,980.0,CE,0.0,0.0,0.0,229.25,268.3,0,0.0,0,0,18-APR-2022,
OPTSTK,VOLTAS,28-Apr-2022,1000.0,CE,0.0,0.0,0.0,212.8,248.35,0,0.0,0,0,18-APR-2022,
OPTSTK,VOLTAS,28-Apr-2022,1020.0,CE,0.0,0.0,0.0,197.0,228.4,0,0.0,0,0,18-APR-2022,
OPTSTK,VOLTAS,28-Apr-2022,1040.0,CE,0.0,0.0,0.0,181.75,208.4,0,0.0,0,0,18-APR-2022,
OPTSTK,VOLTAS,28-Apr-2022,1060.0,CE,0.0,0.0,0.0,167.25,188.5,0,0.0,0,0,18-APR-2022,
OPTSTK,VOLTAS,28-Apr-2022,1080.0,CE,0.0,0.0,0.0,153.3,168.65,0,0.0,0,0,18-APR-2022,
OPTSTK,VOLTAS,28-Apr-2022,1100.0,CE,0.0,0.0,0.0,182.0,148.95,0,0.0,500,0,18-APR-2022,
OPTSTK,VOLTAS,28-Apr-2022,1120.0,CE,0.0,0.0,0.0,127.7,129.6,0,0.0,0,0,18-APR-2022,
OPTSTK,VOLTAS,28-Apr-2022,1140.0,CE,0.0,0.0,0.0,116.0,110.75,0,0.0,0,0,18-APR-2022,
OPTSTK,VOLTAS,28-Apr-2022,1160.0,CE,0.0,0.0,0.0,122.0,92.7,0,0.0,500,0,18-APR-2022,
OPTSTK,VOLTAS,28-Apr-2022,1180.0,CE,0.0,0.0,0.0,94.85,75.75,0,0.0,0,0,18-APR-2022,
OPTSTK,VOLTAS,28-Apr-2022,1200.0,CE,87.0,87.0,60.65,62.2,60.35,23,145.91,16000,0,18-APR-2022,
OPTSTK,VOLTAS,28-Apr-2022,1220.0,CE,77.6,77.6,48.0,50.25,50.25,12,76.58,7500,2000,18-APR-2022,
OPTSTK,VOLTAS,28-Apr-2022,1240.0,CE,53.65,65.15,35.35,38.05,38.05,250,1600.14,57000,27500,18-APR-2022,
OPTSTK,VOLTAS,28-Apr-2022,1260.0,CE,54.35,54.35,24.4,27.15,27.15,1795,11580.06,159000,55000,18-APR-2022,
OPTSTK,VOLTAS,28-Apr-2022,1280.0,CE,53.4,53.4,17.45,19.2,19.2,2721,17747.12,191500,104500,18-APR-2022,
OPTSTK,VOLTAS,28-Apr-2022,1300.0,CE,34.3,34.3,12.35,13.35,13.35,3299,21746.8,580000,171500,18-APR-2022,
OPTSTK,VOLTAS,28-Apr-2022,1320.0,CE,24.0,24.0,8.95,9.65,9.65,2191,14601.0,468000,111500,18-APR-2022,
OPTSTK,VOLTAS,28-Apr-2022,1340.0,CE,15.05,17.3,6.9,7.3,7.3,1742,11760.82,556000,53000,18-APR-2022,
OPTSTK,VOLTAS,28-Apr-2022,1360.0,CE,14.95,14.95,5.65,5.95,5.95,2006,13720.77,860500,116500,18-APR-2022,
OPTSTK,VOLTAS,28-Apr-2022,1380.0,CE,6.9,9.75,4.5,4.65,4.65,939,6505.86,221500,20500,18-APR-2022,
OPTSTK,VOLTAS,28-Apr-2022,1400.0,CE,8.95,8.95,3.65,3.85,3.85,2109,14812.47,740500,1000,18-APR-2022,
OPTSTK,VOLTAS,28-Apr-2022,1420.0,CE,6.95,7.0,3.0,3.1,3.1,539,3836.76,114500,21500,18-APR-2022,
OPTSTK,VOLTAS,28-Apr-2022,1440.0,CE,3.05,3.85,2.45,2.6,2.6,532,3838.28,162000,9500,18-APR-2022,
OPTSTK,VOLTAS,28-Apr-2022,1460.0,CE,2.35,3.0,2.1,2.25,2.25,359,2625.26,78500,-14500,18-APR-2022,
OPTSTK,VOLTAS,28-Apr-2022,1480.0,CE,3.0,3.0,1.75,1.95,1.95,336,2489.84,60000,-29000,18-APR-2022,
OPTSTK,VOLTAS,28-Apr-2022,1500.0,CE,2.5,2.5,1.6,1.75,1.75,461,3461.7,354500,-7000,18-APR-2022,
OPTSTK,VOLTAS,28-Apr-2022,1520.0,CE,1.8,1.9,1.25,1.45,1.45,156,1186.77,27500,-1000,18-APR-2022,
OPTSTK,VOLTAS,28-Apr-2022,1540.0,CE,0.95,1.5,0.9,1.2,1.2,18,138.7,241500,0,18-APR-2022,
OPTSTK,VOLTAS,28-Apr-2022,1560.0,CE,1.3,1.6,0.9,1.15,1.15,42,327.87,41500,-2000,18-APR-2022,
OPTSTK,VOLTAS,28-Apr-2022,1580.0,CE,0.7,1.4,0.7,1.05,0.0,13,102.77,39000,-2000,18-APR-2022,
OPTSTK,VOLTAS,28-Apr-2022,1600.0,CE,0.7,1.35,0.55,1.2,1.2,331,2649.6,194500,-33000,18-APR-2022,
OPTSTK,VOLTAS,28-Apr-2022,720.0,PE,0.0,0.0,0.0,0.15,0.0,0,0.0,0,0,18-APR-2022,
OPTSTK,VOLTAS,28-Apr-2022,740.0,PE,0.0,0.0,0.0,0.25,0.0,0,0.0,0,0,18-APR-2022,
OPTSTK,VOLTAS,28-Apr-2022,760.0,PE,0.0,0.0,0.0,0.4,0.0,0,0.0,0,0,18-APR-2022,
OPTSTK,VOLTAS,28-Apr-2022,780.0,PE,0.0,0.0,0.0,0.55,0.0,0,0.0,0,0,18-APR-2022,
OPTSTK,VOLTAS,28-Apr-2022,800.0,PE,0.0,0.0,0.0,0.85,0.0,0,0.0,0,0,18-APR-2022,
OPTSTK,VOLTAS,28-Apr-2022,820.0,PE,0.0,0.0,0.0,1.25,0.0,0,0.0,0,0,18-APR-2022,
OPTSTK,VOLTAS,28-Apr-2022,840.0,PE,0.0,0.0,0.0,1.8,0.0,0,0.0,0,0,18-APR-2022,
OPTSTK,VOLTAS,28-Apr-2022,860.0,PE,0.0,0.0,0.0,2.55,0.0,0,0.0,0,0,18-APR-2022,
OPTSTK,VOLTAS,28-Apr-2022,880.0,PE,0.0,0.0,0.0,3.5,0.0,0,0.0,0,0,18-APR-2022,
OPTSTK,VOLTAS,28-Apr-2022,900.0,PE,0.0,0.0,0.0,4.75,0.0,0,0.0,0,0,18-APR-2022,
OPTSTK,VOLTAS,28-Apr-2022,920.0,PE,0.0,0.0,0.0,6.3,0.0,0,0.0,0,0,18-APR-2022,
OPTSTK,VOLTAS,28-Apr-2022,940.0,PE,0.0,0.0,0.0,8.25,0.0,0,0.0,0,0,18-APR-2022,
OPTSTK,VOLTAS,28-Apr-2022,960.0,PE,0.0,0.0,0.0,10.65,0.0,0,0.0,0,0,18-APR-2022,
OPTSTK,VOLTAS,28-Apr-2022,980.0,PE,0.0,0.0,0.0,13.5,0.0,0,0.0,0,0,18-APR-2022,
OPTSTK,VOLTAS,28-Apr-2022,1000.0,PE,0.0,0.0,0.0,0.45,0.0,0,0.0,16500,0,18-APR-2022,
OPTSTK,VOLTAS,28-Apr-2022,1020.0,PE,0.0,0.0,0.0,1.45,0.05,0,0.0,25000,0,18-APR-2022,
OPTSTK,VOLTAS,28-Apr-2022,1040.0,PE,0.0,0.0,0.0,1.0,0.05,0,0.0,0,0,18-APR-2022,
OPTSTK,VOLTAS,28-Apr-2022,1060.0,PE,0.0,0.0,0.0,0.6,0.1,0,0.0,18000,0,18-APR-2022,
OPTSTK,VOLTAS,28-Apr-2022,1080.0,PE,0.7,1.55,0.45,1.25,1.25,198,1070.18,132500,-1000,18-APR-2022,
OPTSTK,VOLTAS,28-Apr-2022,1100.0,PE,1.45,2.45,0.95,2.05,2.05,566,3117.74,132500,7500,18-APR-2022,
OPTSTK,VOLTAS,28-Apr-2022,1120.0,PE,0.0,0.0,0.0,2.0,1.15,0,0.0,500,0,18-APR-2022,
OPTSTK,VOLTAS,28-Apr-2022,1140.0,PE,2.4,5.65,2.4,4.65,4.65,513,2935.35,93500,52500,18-APR-2022,
OPTSTK,VOLTAS,28-Apr-2022,1160.0,PE,5.0,8.2,3.7,6.75,6.75,697,4063.23,92000,26500,18-APR-2022,
OPTSTK,VOLTAS,28-Apr-2022,1180.0,PE,5.3,11.45,4.8,9.45,9.45,571,3392.4,57500,4000,18-APR-2022,
OPTSTK,VOLTAS,28-Apr-2022,1200.0,PE,9.9,15.85,7.7,13.45,13.45,1424,8633.05,204000,-21000,18-APR-2022,
OPTSTK,VOLTAS,28-Apr-2022,1220.0,PE,15.0,21.75,11.0,18.55,18.55,1084,6706.23,90500,7500,18-APR-2022,
OPTSTK,VOLTAS,28-Apr-2022,1240.0,PE,20.0,29.8,15.85,26.0,26.0,1635,10342.29,207500,-9500,18-APR-2022,
OPTSTK,VOLTAS,28-Apr-2022,1260.0,PE,27.55,39.25,21.7,34.9,34.9,823,5316.68,148500,-2500,18-APR-2022,
OPTSTK,VOLTAS,28-Apr-2022,1280.0,PE,34.85,51.6,30.0,46.4,46.4,327,2158.45,65000,-7000,18-APR-2022,
OPTSTK,VOLTAS,28-Apr-2022,1300.0,PE,45.0,66.95,40.95,60.8,60.8,335,2272.58,210000,-42000,18-APR-2022,
OPTSTK,VOLTAS,28-Apr-2022,1320.0,PE,58.0,81.0,58.0,78.0,79.15,31,216.08,36000,-5500,18-APR-2022,
OPTSTK,VOLTAS,28-Apr-2022,1340.0,PE,70.0,94.5,70.0,94.25,94.25,10,71.41,30000,-2500,18-APR-2022,
OPTSTK,VOLTAS,28-Apr-2022,1360.0,PE,110.0,110.0,110.0,110.0,114.3,1,7.35,5500,-500,18-APR-2022,
OPTSTK,VOLTAS,28-Apr-2022,1380.0,PE,132.95,132.95,132.95,132.95,133.0,1,7.56,500,0,18-APR-2022,
OPTSTK,VOLTAS,28-Apr-2022,1400.0,PE,151.6,151.6,150.15,150.6,152.25,4,31.01,2500,1000,18-APR-2022,
OPTSTK,VOLTAS,28-Apr-2022,1420.0,PE,0.0,0.0,0.0,143.2,171.75,0,0.0,500,0,18-APR-2022,
OPTSTK,VOLTAS,28-Apr-2022,1440.0,PE,0.0,0.0,0.0,128.0,191.5,0,0.0,0,0,18-APR-2022,
OPTSTK,VOLTAS,28-Apr-2022,1460.0,PE,0.0,0.0,0.0,276.25,211.3,0,0.0,0,0,18-APR-2022,
OPTSTK,VOLTAS,28-Apr-2022,1480.0,PE,0.0,0.0,0.0,293.8,231.2,0,0.0,0,0,18-APR-2022,
OPTSTK,VOLTAS,28-Apr-2022,1500.0,PE,0.0,0.0,0.0,311.6,251.15,0,0.0,0,0,18-APR-2022,
OPTSTK,VOLTAS,28-Apr-2022,1520.0,PE,0.0,0.0,0.0,329.7,271.1,0,0.0,0,0,18-APR-2022,
OPTSTK,VOLTAS,28-Apr-2022,1540.0,PE,0.0,0.0,0.0,347.95,291.1,0,0.0,0,0,18-APR-2022,
OPTSTK,VOLTAS,28-Apr-2022,1560.0,PE,0.0,0.0,0.0,366.45,311.05,0,0.0,0,0,18-APR-2022,
OPTSTK,VOLTAS,28-Apr-2022,1580.0,PE,0.0,0.0,0.0,385.05,331.05,0,0.0,0,0,18-APR-2022,
OPTSTK,VOLTAS,28-Apr-2022,1600.0,PE,0.0,0.0,0.0,403.85,351.0,0,0.0,0,0,18-APR-2022,
OPTSTK,VOLTAS,26-May-2022,720.0,CE,0.0,0.0,0.0,484.55,530.4,0,0.0,0,0,18-APR-2022,
OPTSTK,VOLTAS,26-May-2022,740.0,CE,0.0,0.0,0.0,464.85,510.5,0,0.0,0,0,18-APR-2022,
OPTSTK,VOLTAS,26-May-2022,760.0,CE,0.0,0.0,0.0,445.15,490.6,0,0.0,0,0,18-APR-2022,
OPTSTK,VOLTAS,26-May-2022,780.0,CE,0.0,0.0,0.0,425.55,470.65,0,0.0,0,0,18-APR-2022,
OPTSTK,VOLTAS,26-May-2022,800.0,CE,0.0,0.0,0.0,406.0,450.75,0,0.0,0,0,18-APR-2022,
OPTSTK,VOLTAS,26-May-2022,820.0,CE,0.0,0.0,0.0,386.55,430.85,0,0.0,0,0,18-APR-2022,
OPTSTK,VOLTAS,26-May-2022,840.0,CE,0.0,0.0,0.0,367.25,410.95,0,0.0,0,0,18-APR-2022,
OPTSTK,VOLTAS,26-May-2022,860.0,CE,0.0,0.0,0.0,348.1,391.05,0,0.0,0,0,18-APR-2022,
OPTSTK,VOLTAS,26-May-2022,880.0,CE,0.0,0.0,0.0,329.15,371.15,0,0.0,0,0,18-APR-2022,
OPTSTK,VOLTAS,26-May-2022,900.0,CE,0.0,0.0,0.0,310.45,351.3,0,0.0,0,0,18-APR-2022,
OPTSTK,VOLTAS,26-May-2022,920.0,CE,0.0,0.0,0.0,292.05,331.5,0,0.0,0,0,18-APR-2022,
OPTSTK,VOLTAS,26-May-2022,940.0,CE,0.0,0.0,0.0,274.0,311.7,0,0.0,0,0,18-APR-2022,
OPTSTK,VOLTAS,26-May-2022,960.0,CE,0.0,0.0,0.0,256.35,292.05,0,0.0,0,0,18-APR-2022,
OPTSTK,VOLTAS,26-May-2022,980.0,CE,0.0,0.0,0.0,239.15,272.5,0,0.0,0,0,18-APR-2022,
OPTSTK,VOLTAS,26-May-2022,1000.0,CE,0.0,0.0,0.0,222.45,253.2,0,0.0,0,0,18-APR-2022,
OPTSTK,VOLTAS,26-May-2022,1020.0,CE,0.0,0.0,0.0,206.3,234.1,0,0.0,0,0,18-APR-2022,
OPTSTK,VOLTAS,26-May-2022,1040.0,CE,0.0,0.0,0.0,190.75,215.35,0,0.0,0,0,18-APR-2022,
OPTSTK,VOLTAS,26-May-2022,1060.0,CE,0.0,0.0,0.0,175.85,197.0,0,0.0,0,0,18-APR-2022,
OPTSTK,VOLTAS,26-May-2022,1080.0,CE,0.0,0.0,0.0,161.6,179.15,0,0.0,0,0,18-APR-2022,
OPTSTK,VOLTAS,26-May-2022,1100.0,CE,0.0,0.0,0.0,148.0,161.95,0,0.0,0,0,18-APR-2022,
OPTSTK,VOLTAS,26-May-2022,1120.0,CE,0.0,0.0,0.0,135.15,145.45,0,0.0,0,0,18-APR-2022,
OPTSTK,VOLTAS,26-May-2022,1140.0,CE,0.0,0.0,0.0,123.05,129.75,0,0.0,0,0,18-APR-2022,
OPTSTK,VOLTAS,26-May-2022,1160.0,CE,0.0,0.0,0.0,111.7,114.95,0,0.0,0,0,18-APR-2022,
OPTSTK,VOLTAS,26-May-2022,1180.0,CE,0.0,0.0,0.0,101.05,101.05,0,0.0,0,0,18-APR-2022,
OPTSTK,VOLTAS,26-May-2022,1200.0,CE,68.75,68.75,68.75,68.75,88.25,1,6.34,500,500,18-APR-2022,
OPTSTK,VOLTAS,26-May-2022,1220.0,CE,68.75,75.75,68.75,75.75,76.45,2,12.92,1000,1000,18-APR-2022,
OPTSTK,VOLTAS,26-May-2022,1240.0,CE,0.0,0.0,0.0,73.55,65.75,0,0.0,0,0,18-APR-2022,
OPTSTK,VOLTAS,26-May-2022,1260.0,CE,0.0,0.0,0.0,65.8,56.15,0,0.0,0,0,18-APR-2022,
OPTSTK,VOLTAS,26-May-2022,1280.0,CE,0.0,0.0,0.0,58.65,47.55,0,0.0,0,0,18-APR-2022,
OPTSTK,VOLTAS,26-May-2022,1300.0,CE,36.1,41.2,36.1,41.2,41.2,3,20.09,1000,1000,18-APR-2022,
OPTSTK,VOLTAS,26-May-2022,1320.0,CE,0.0,0.0,0.0,46.25,33.35,0,0.0,0,0,18-APR-2022,
OPTSTK,VOLTAS,26-May-2022,1340.0,CE,22.8,22.8,20.0,20.0,27.65,2,13.61,1000,1000,18-APR-2022,
OPTSTK,VOLTAS,26-May-2022,1360.0,CE,0.0,0.0,0.0,50.0,22.8,0,0.0,500,0,18-APR-2022,
OPTSTK,VOLTAS,26-May-2022,1380.0,CE,0.0,0.0,0.0,31.85,18.55,0,0.0,0,0,18-APR-2022,
OPTSTK,VOLTAS,26-May-2022,1400.0,CE,20.0,22.0,15.05,16.85,16.85,20,141.88,15000,4500,18-APR-2022,
OPTSTK,VOLTAS,26-May-2022,1420.0,CE,0.0,0.0,0.0,24.45,12.1,0,0.0,0,0,18-APR-2022,
OPTSTK,VOLTAS,26-May-2022,1440.0,CE,0.0,0.0,0.0,25.0,9.7,0,0.0,500,0,18-APR-2022,
OPTSTK,VOLTAS,26-May-2022,1460.0,CE,0.0,0.0,0.0,18.65,7.7,0,0.0,0,0,18-APR-2022,
OPTSTK,VOLTAS,26-May-2022,1480.0,CE,0.0,0.0,0.0,16.2,6.05,0,0.0,0,0,18-APR-2022,
OPTSTK,VOLTAS,26-May-2022,1500.0,CE,0.0,0.0,0.0,15.0,4.75,0,0.0,2000,0,18-APR-2022,
OPTSTK,VOLTAS,26-May-2022,1520.0,CE,0.0,0.0,0.0,12.2,3.7,0,0.0,0,0,18-APR-2022,
OPTSTK,VOLTAS,26-May-2022,1540.0,CE,0.0,0.0,0.0,10.55,2.85,0,0.0,0,0,18-APR-2022,
OPTSTK,VOLTAS,26-May-2022,1560.0,CE,0.0,0.0,0.0,9.1,2.2,0,0.0,0,0,18-APR-2022,
OPTSTK,VOLTAS,26-May-2022,1580.0,CE,0.0,0.0,0.0,7.85,1.7,0,0.0,0,0,18-APR-2022,
OPTSTK,VOLTAS,26-May-2022,1600.0,CE,0.0,0.0,0.0,6.75,1.3,0,0.0,0,0,18-APR-2022,
OPTSTK,VOLTAS,26-May-2022,720.0,PE,0.0,0.0,0.0,0.15,0.0,0,0.0,0,0,18-APR-2022,
OPTSTK,VOLTAS,26-May-2022,740.0,PE,0.0,0.0,0.0,0.2,0.0,0,0.0,0,0,18-APR-2022,
OPTSTK,VOLTAS,26-May-2022,760.0,PE,0.0,0.0,0.0,0.3,0.0,0,0.0,0,0,18-APR-2022,
OPTSTK,VOLTAS,26-May-2022,780.0,PE,0.0,0.0,0.0,0.5,0.0,0,0.0,0,0,18-APR-2022,
OPTSTK,VOLTAS,26-May-2022,800.0,PE,0.0,0.0,0.0,0.7,0.0,0,0.0,0,0,18-APR-2022,
OPTSTK,VOLTAS,26-May-2022,820.0,PE,0.0,0.0,0.0,1.05,0.05,0,0.0,0,0,18-APR-2022,
OPTSTK,VOLTAS,26-May-2022,840.0,PE,0.0,0.0,0.0,1.55,0.05,0,0.0,0,0,18-APR-2022,
OPTSTK,VOLTAS,26-May-2022,860.0,PE,0.0,0.0,0.0,2.2,0.05,0,0.0,0,0,18-APR-2022,
OPTSTK,VOLTAS,26-May-2022,880.0,PE,0.0,0.0,0.0,3.05,0.1,0,0.0,0,0,18-APR-2022,
OPTSTK,VOLTAS,26-May-2022,900.0,PE,0.0,0.0,0.0,4.15,0.15,0,0.0,0,0,18-APR-2022,
OPTSTK,VOLTAS,26-May-2022,920.0,PE,0.0,0.0,0.0,5.55,0.2,0,0.0,0,0,18-APR-2022,
OPTSTK,VOLTAS,26-May-2022,940.0,PE,0.0,0.0,0.0,7.25,0.35,0,0.0,0,0,18-APR-2022,
OPTSTK,VOLTAS,26-May-2022,960.0,PE,0.0,0.0,0.0,9.4,0.6,0,0.0,0,0,18-APR-2022,
OPTSTK,VOLTAS,26-May-2022,980.0,PE,0.0,0.0,0.0,12.0,1.0,0,0.0,0,0,18-APR-2022,
OPTSTK,VOLTAS,26-May-2022,1000.0,PE,0.0,0.0,0.0,15.1,1.55,0,0.0,0,0,18-APR-2022,
OPTSTK,VOLTAS,26-May-2022,1020.0,PE,0.0,0.0,0.0,18.75,2.4,0,0.0,0,0,18-APR-2022,
OPTSTK,VOLTAS,26-May-2022,1040.0,PE,0.0,0.0,0.0,22.95,3.55,0,0.0,0,0,18-APR-2022,
OPTSTK,VOLTAS,26-May-2022,1060.0,PE,0.0,0.0,0.0,27.9,5.1,0,0.0,0,0,18-APR-2022,
OPTSTK,VOLTAS,26-May-2022,1080.0,PE,0.0,0.0,0.0,33.4,7.2,0,0.0,0,0,18-APR-2022,
OPTSTK,VOLTAS,26-May-2022,1100.0,PE,0.0,0.0,0.0,39.6,9.9,0,0.0,0,0,18-APR-2022,
OPTSTK,VOLTAS,26-May-2022,1120.0,PE,0.0,0.0,0.0,46.55,13.3,0,0.0,0,0,18-APR-2022,
OPTSTK,VOLTAS,26-May-2022,1140.0,PE,0.0,0.0,0.0,11.95,17.5,0,0.0,1000,0,18-APR-2022,
OPTSTK,VOLTAS,26-May-2022,1160.0,PE,0.0,0.0,0.0,62.65,22.65,0,0.0,0,0,18-APR-2022,
OPTSTK,VOLTAS,26-May-2022,1180.0,PE,0.0,0.0,0.0,71.8,28.65,0,0.0,0,0,18-APR-2022,
OPTSTK,VOLTAS,26-May-2022,1200.0,PE,33.6,36.0,25.3,35.35,35.35,21,129.54,16000,5000,18-APR-2022,
OPTSTK,VOLTAS,26-May-2022,1220.0,PE,32.95,35.5,32.95,35.5,35.5,2,12.54,1000,1000,18-APR-2022,
OPTSTK,VOLTAS,26-May-2022,1240.0,PE,76.15,76.15,76.15,76.15,53.1,1,6.58,500,500,18-APR-2022,
OPTSTK,VOLTAS,26-May-2022,1260.0,PE,0.0,0.0,0.0,40.0,63.35,0,0.0,500,0,18-APR-2022,
OPTSTK,VOLTAS,26-May-2022,1280.0,PE,69.4,69.4,69.4,69.4,74.7,1,6.74,500,500,18-APR-2022,
OPTSTK,VOLTAS,26-May-2022,1300.0,PE,0.0,0.0,0.0,141.65,87.05,0,0.0,0,0,18-APR-2022,
OPTSTK,VOLTAS,26-May-2022,1320.0,PE,0.0,0.0,0.0,155.55,100.35,0,0.0,0,0,18-APR-2022,
OPTSTK,VOLTAS,26-May-2022,1340.0,PE,0.0,0.0,0.0,170.0,114.5,0,0.0,0,0,18-APR-2022,
OPTSTK,VOLTAS,26-May-2022,1360.0,PE,0.0,0.0,0.0,185.05,129.6,0,0.0,0,0,18-APR-2022,
OPTSTK,VOLTAS,26-May-2022,1380.0,PE,0.0,0.0,0.0,200.5,145.3,0,0.0,0,0,18-APR-2022,
OPTSTK,VOLTAS,26-May-2022,1400.0,PE,0.0,0.0,0.0,216.4,161.65,0,0.0,0,0,18-APR-2022,
OPTSTK,VOLTAS,26-May-2022,1420.0,PE,0.0,0.0,0.0,232.7,178.65,0,0.0,0,0,18-APR-2022,
OPTSTK,VOLTAS,26-May-2022,1440.0,PE,0.0,0.0,0.0,249.4,196.15,0,0.0,0,0,18-APR-2022,
OPTSTK,VOLTAS,26-May-2022,1460.0,PE,0.0,0.0,0.0,266.45,214.05,0,0.0,0,0,18-APR-2022,
OPTSTK,VOLTAS,26-May-2022,1480.0,PE,0.0,0.0,0.0,283.85,232.35,0,0.0,0,0,18-APR-2022,
OPTSTK,VOLTAS,26-May-2022,1500.0,PE,0.0,0.0,0.0,301.5,250.95,0,0.0,0,0,18-APR-2022,
OPTSTK,VOLTAS,26-May-2022,1520.0,PE,0.0,0.0,0.0,319.4,269.8,0,0.0,0,0,18-APR-2022,
OPTSTK,VOLTAS,26-May-2022,1540.0,PE,0.0,0.0,0.0,337.55,288.85,0,0.0,0,0,18-APR-2022,
OPTSTK,VOLTAS,26-May-2022,1560.0,PE,0.0,0.0,0.0,355.85,308.1,0,0.0,0,0,18-APR-2022,
OPTSTK,VOLTAS,26-May-2022,1580.0,PE,0.0,0.0,0.0,374.4,327.5,0,0.0,0,0,18-APR-2022,
OPTSTK,VOLTAS,26-May-2022,1600.0,PE,0.0,0.0,0.0,393.1,347.05,0,0.0,0,0,18-APR-2022,
OPTSTK,VOLTAS,30-Jun-2022,720.0,CE,0.0,0.0,0.0,533.05,533.35,0,0.0,0,0,18-APR-2022,
OPTSTK,VOLTAS,30-Jun-2022,740.0,CE,0.0,0.0,0.0,513.3,513.5,0,0.0,0,0,18-APR-2022,
OPTSTK,VOLTAS,30-Jun-2022,760.0,CE,0.0,0.0,0.0,493.6,493.7,0,0.0,0,0,18-APR-2022,
OPTSTK,VOLTAS,30-Jun-2022,780.0,CE,0.0,0.0,0.0,473.9,473.9,0,0.0,0,0,18-APR-2022,
OPTSTK,VOLTAS,30-Jun-2022,800.0,CE,0.0,0.0,0.0,454.25,454.15,0,0.0,0,0,18-APR-2022,
OPTSTK,VOLTAS,30-Jun-2022,820.0,CE,0.0,0.0,0.0,434.7,434.4,0,0.0,0,0,18-APR-2022,
OPTSTK,VOLTAS,30-Jun-2022,840.0,CE,0.0,0.0,0.0,415.2,414.75,0,0.0,0,0,18-APR-2022,
OPTSTK,VOLTAS,30-Jun-2022,860.0,CE,0.0,0.0,0.0,395.85,395.15,0,0.0,0,0,18-APR-2022,
OPTSTK,VOLTAS,30-Jun-2022,880.0,CE,0.0,0.0,0.0,376.65,375.65,0,0.0,0,0,18-APR-2022,
OPTSTK,VOLTAS,30-Jun-2022,900.0,CE,0.0,0.0,0.0,357.6,356.25,0,0.0,0,0,18-APR-2022,
OPTSTK,VOLTAS,30-Jun-2022,920.0,CE,0.0,0.0,0.0,338.75,337.05,0,0.0,0,0,18-APR-2022,
OPTSTK,VOLTAS,30-Jun-2022,940.0,CE,0.0,0.0,0.0,320.2,318.05,0,0.0,0,0,18-APR-2022,
OPTSTK,VOLTAS,30-Jun-2022,960.0,CE,0.0,0.0,0.0,301.95,299.25,0,0.0,0,0,18-APR-2022,
OPTSTK,VOLTAS,30-Jun-2022,980.0,CE,0.0,0.0,0.0,284.05,280.8,0,0.0,0,0,18-APR-2022,
OPTSTK,VOLTAS,30-Jun-2022,1000.0,CE,0.0,0.0,0.0,266.5,262.7,0,0.0,0,0,18-APR-2022,
OPTSTK,VOLTAS,30-Jun-2022,1020.0,CE,0.0,0.0,0.0,249.4,245.0,0,0.0,0,0,18-APR-2022,
OPTSTK,VOLTAS,30-Jun-2022,1040.0,CE,0.0,0.0,0.0,232.85,227.8,0,0.0,0,0,18-APR-2022,
OPTSTK,VOLTAS,30-Jun-2022,1060.0,CE,0.0,0.0,0.0,216.75,211.1,0,0.0,0,0,18-APR-2022,
OPTSTK,VOLTAS,30-Jun-2022,1080.0,CE,0.0,0.0,0.0,201.25,194.95,0,0.0,0,0,18-APR-2022,
OPTSTK,VOLTAS,30-Jun-2022,1100.0,CE,0.0,0.0,0.0,186.4,179.4,0,0.0,0,0,18-APR-2022,
OPTSTK,VOLTAS,30-Jun-2022,1120.0,CE,0.0,0.0,0.0,172.1,164.6,0,0.0,0,0,18-APR-2022,
OPTSTK,VOLTAS,30-Jun-2022,1140.0,CE,0.0,0.0,0.0,158.4,150.45,0,0.0,0,0,18-APR-2022,
OPTSTK,VOLTAS,30-Jun-2022,1160.0,CE,0.0,0.0,0.0,145.5,136.95,0,0.0,0,0,18-APR-2022,
OPTSTK,VOLTAS,30-Jun-2022,1180.0,CE,0.0,0.0,0.0,133.25,124.3,0,0.0,0,0,18-APR-2022,
OPTSTK,VOLTAS,30-Jun-2022,1200.0,CE,0.0,0.0,0.0,121.7,112.45,0,0.0,0,0,18-APR-2022,
OPTSTK,VOLTAS,30-Jun-2022,1220.0,CE,0.0,0.0,0.0,110.85,101.35,0,0.0,0,0,18-APR-2022,
OPTSTK,VOLTAS,30-Jun-2022,1240.0,CE,0.0,0.0,0.0,100.7,91.0,0,0.0,0,0,18-APR-2022,
OPTSTK,VOLTAS,30-Jun-2022,1260.0,CE,0.0,0.0,0.0,91.25,81.45,0,0.0,0,0,18-APR-2022,
OPTSTK,VOLTAS,30-Jun-2022,1280.0,CE,0.0,0.0,0.0,82.45,72.65,0,0.0,0,0,18-APR-2022,
OPTSTK,VOLTAS,30-Jun-2022,1300.0,CE,0.0,0.0,0.0,74.35,64.55,0,0.0,0,0,18-APR-2022,
OPTSTK,VOLTAS,30-Jun-2022,1320.0,CE,0.0,0.0,0.0,66.85,57.2,0,0.0,0,0,18-APR-2022,
OPTSTK,VOLTAS,30-Jun-2022,1340.0,CE,0.0,0.0,0.0,59.95,50.5,0,0.0,0,0,18-APR-2022,
OPTSTK,VOLTAS,30-Jun-2022,1360.0,CE,0.0,0.0,0.0,53.65,44.45,0,0.0,0,0,18-APR-2022,
OPTSTK,VOLTAS,30-Jun-2022,1380.0,CE,0.0,0.0,0.0,47.9,39.0,0,0.0,0,0,18-APR-2022,
OPTSTK,VOLTAS,30-Jun-2022,1400.0,CE,0.0,0.0,0.0,42.7,34.15,0,0.0,0,0,18-APR-2022,
OPTSTK,VOLTAS,30-Jun-2022,1420.0,CE,0.0,0.0,0.0,37.95,29.8,0,0.0,0,0,18-APR-2022,
OPTSTK,VOLTAS,30-Jun-2022,1440.0,CE,0.0,0.0,0.0,33.7,25.9,0,0.0,0,0,18-APR-2022,
OPTSTK,VOLTAS,30-Jun-2022,1460.0,CE,0.0,0.0,0.0,29.75,22.45,0,0.0,0,0,18-APR-2022,
OPTSTK,VOLTAS,30-Jun-2022,1480.0,CE,0.0,0.0,0.0,26.3,19.4,0,0.0,0,0,18-APR-2022,
OPTSTK,VOLTAS,30-Jun-2022,1500.0,CE,0.0,0.0,0.0,23.15,16.75,0,0.0,0,0,18-APR-2022,
OPTSTK,VOLTAS,30-Jun-2022,1520.0,CE,0.0,0.0,0.0,20.35,14.4,0,0.0,0,0,18-APR-2022,
OPTSTK,VOLTAS,30-Jun-2022,1540.0,CE,0.0,0.0,0.0,17.9,12.35,0,0.0,0,0,18-APR-2022,
OPTSTK,VOLTAS,30-Jun-2022,1560.0,CE,0.0,0.0,0.0,15.65,10.55,0,0.0,0,0,18-APR-2022,
OPTSTK,VOLTAS,30-Jun-2022,1580.0,CE,0.0,0.0,0.0,13.7,9.0,0,0.0,0,0,18-APR-2022,
OPTSTK,VOLTAS,30-Jun-2022,1600.0,CE,0.0,0.0,0.0,11.95,7.65,0,0.0,0,0,18-APR-2022,
OPTSTK,VOLTAS,30-Jun-2022,720.0,PE,0.0,0.0,0.0,0.1,0.05,0,0.0,0,0,18-APR-2022,
OPTSTK,VOLTAS,30-Jun-2022,740.0,PE,0.0,0.0,0.0,0.15,0.05,0,0.0,0,0,18-APR-2022,
OPTSTK,VOLTAS,30-Jun-2022,760.0,PE,0.0,0.0,0.0,0.2,0.05,0,0.0,0,0,18-APR-2022,
OPTSTK,VOLTAS,30-Jun-2022,780.0,PE,0.0,0.0,0.0,0.3,0.1,0,0.0,0,0,18-APR-2022,
OPTSTK,VOLTAS,30-Jun-2022,800.0,PE,0.0,0.0,0.0,0.45,0.2,0,0.0,0,0,18-APR-2022,
OPTSTK,VOLTAS,30-Jun-2022,820.0,PE,0.0,0.0,0.0,0.65,0.3,0,0.0,0,0,18-APR-2022,
OPTSTK,VOLTAS,30-Jun-2022,840.0,PE,0.0,0.0,0.0,1.0,0.45,0,0.0,0,0,18-APR-2022,
OPTSTK,VOLTAS,30-Jun-2022,860.0,PE,0.0,0.0,0.0,1.4,0.65,0,0.0,0,0,18-APR-2022,
OPTSTK,VOLTAS,30-Jun-2022,880.0,PE,0.0,0.0,0.0,2.0,1.0,0,0.0,0,0,18-APR-2022,
OPTSTK,VOLTAS,30-Jun-2022,900.0,PE,0.0,0.0,0.0,2.75,1.45,0,0.0,0,0,18-APR-2022,
OPTSTK,VOLTAS,30-Jun-2022,920.0,PE,0.0,0.0,0.0,3.7,2.05,0,0.0,0,0,18-APR-2022,
OPTSTK,VOLTAS,30-Jun-2022,940.0,PE,0.0,0.0,0.0,4.9,2.85,0,0.0,0,0,18-APR-2022,
OPTSTK,VOLTAS,30-Jun-2022,960.0,PE,0.0,0.0,0.0,6.45,3.95,0,0.0,0,0,18-APR-2022,
OPTSTK,VOLTAS,30-Jun-2022,980.0,PE,0.0,0.0,0.0,8.3,5.3,0,0.0,0,0,18-APR-2022,
OPTSTK,VOLTAS,30-Jun-2022,1000.0,PE,0.0,0.0,0.0,10.6,7.05,0,0.0,0,0,18-APR-2022,
OPTSTK,VOLTAS,30-Jun-2022,1020.0,PE,0.0,0.0,0.0,13.3,9.2,0,0.0,0,0,18-APR-2022,
OPTSTK,VOLTAS,30-Jun-2022,1040.0,PE,0.0,0.0,0.0,16.5,11.8,0,0.0,0,0,18-APR-2022,
OPTSTK,VOLTAS,30-Jun-2022,1060.0,PE,0.0,0.0,0.0,20.2,14.9,0,0.0,0,0,18-APR-2022,
OPTSTK,VOLTAS,30-Jun-2022,1080.0,PE,0.0,0.0,0.0,24.5,18.6,0,0.0,0,0,18-APR-2022,
OPTSTK,VOLTAS,30-Jun-2022,1100.0,PE,0.0,0.0,0.0,29.4,22.9,0,0.0,0,0,18-APR-2022,
OPTSTK,VOLTAS,30-Jun-2022,1120.0,PE,0.0,0.0,0.0,34.9,27.95,0,0.0,0,0,18-APR-2022,
OPTSTK,VOLTAS,30-Jun-2022,1140.0,PE,0.0,0.0,0.0,41.05,33.6,0,0.0,0,0,18-APR-2022,
OPTSTK,VOLTAS,30-Jun-2022,1160.0,PE,0.0,0.0,0.0,47.9,39.95,0,0.0,0,0,18-APR-2022,
OPTSTK,VOLTAS,30-Jun-2022,1180.0,PE,0.0,0.0,0.0,55.45,47.15,0,0.0,0,0,18-APR-2022,
OPTSTK,VOLTAS,30-Jun-2022,1200.0,PE,0.0,0.0,0.0,63.7,55.1,0,0.0,0,0,18-APR-2022,
OPTSTK,VOLTAS,30-Jun-2022,1220.0,PE,0.0,0.0,0.0,72.65,63.8,0,0.0,0,0,18-APR-2022,
OPTSTK,VOLTAS,30-Jun-2022,1240.0,PE,0.0,0.0,0.0,82.25,73.3,0,0.0,0,0,18-APR-2022,
OPTSTK,VOLTAS,30-Jun-2022,1260.0,PE,0.0,0.0,0.0,92.6,83.55,0,0.0,0,0,18-APR-2022,
OPTSTK,VOLTAS,30-Jun-2022,1280.0,PE,0.0,0.0,0.0,103.6,94.6,0,0.0,0,0,18-APR-2022,
OPTSTK,VOLTAS,30-Jun-2022,1300.0,PE,0.0,0.0,0.0,115.25,106.35,0,0.0,0,0,18-APR-2022,
OPTSTK,VOLTAS,30-Jun-2022,1320.0,PE,0.0,0.0,0.0,127.55,118.8,0,0.0,0,0,18-APR-2022,
OPTSTK,VOLTAS,30-Jun-2022,1340.0,PE,0.0,0.0,0.0,140.45,131.95,0,0.0,0,0,18-APR-2022,
OPTSTK,VOLTAS,30-Jun-2022,1360.0,PE,0.0,0.0,0.0,153.95,145.75,0,0.0,0,0,18-APR-2022,
OPTSTK,VOLTAS,30-Jun-2022,1380.0,PE,0.0,0.0,0.0,167.95,160.1,0,0.0,0,0,18-APR-2022,
OPTSTK,VOLTAS,30-Jun-2022,1400.0,PE,0.0,0.0,0.0,182.55,175.1,0,0.0,0,0,18-APR-2022,
OPTSTK,VOLTAS,30-Jun-2022,1420.0,PE,0.0,0.0,0.0,197.65,190.6,0,0.0,0,0,18-APR-2022,
OPTSTK,VOLTAS,30-Jun-2022,1440.0,PE,0.0,0.0,0.0,213.15,206.5,0,0.0,0,0,18-APR-2022,
OPTSTK,VOLTAS,30-Jun-2022,1460.0,PE,0.0,0.0,0.0,229.0,222.9,0,0.0,0,0,18-APR-2022,
OPTSTK,VOLTAS,30-Jun-2022,1480.0,PE,0.0,0.0,0.0,245.3,239.7,0,0.0,0,0,18-APR-2022,
OPTSTK,VOLTAS,30-Jun-2022,1500.0,PE,0.0,0.0,0.0,262.0,256.85,0,0.0,0,0,18-APR-2022,
OPTSTK,VOLTAS,30-Jun-2022,1520.0,PE,0.0,0.0,0.0,279.0,274.3,0,0.0,0,0,18-APR-2022,
OPTSTK,VOLTAS,30-Jun-2022,1540.0,PE,0.0,0.0,0.0,296.3,292.1,0,0.0,0,0,18-APR-2022,
OPTSTK,VOLTAS,30-Jun-2022,1560.0,PE,0.0,0.0,0.0,313.85,310.15,0,0.0,0,0,18-APR-2022,
OPTSTK,VOLTAS,30-Jun-2022,1580.0,PE,0.0,0.0,0.0,331.7,328.45,0,0.0,0,0,18-APR-2022,
OPTSTK,VOLTAS,30-Jun-2022,1600.0,PE,0.0,0.0,0.0,349.75,346.95,0,0.0,0,0,18-APR-2022,
OPTSTK,WHIRLPOOL,28-Apr-2022,1180.0,CE,0.0,0.0,0.0,625.65,445.65,0,0.0,0,0,18-APR-2022,
OPTSTK,WHIRLPOOL,28-Apr-2022,1200.0,CE,0.0,0.0,0.0,606.35,425.65,0,0.0,0,0,18-APR-2022,
OPTSTK,WHIRLPOOL,28-Apr-2022,1220.0,CE,0.0,0.0,0.0,587.1,405.7,0,0.0,0,0,18-APR-2022,
OPTSTK,WHIRLPOOL,28-Apr-2022,1240.0,CE,0.0,0.0,0.0,567.95,385.7,0,0.0,0,0,18-APR-2022,
OPTSTK,WHIRLPOOL,28-Apr-2022,1260.0,CE,0.0,0.0,0.0,548.95,365.75,0,0.0,0,0,18-APR-2022,
OPTSTK,WHIRLPOOL,28-Apr-2022,1280.0,CE,0.0,0.0,0.0,530.1,345.75,0,0.0,0,0,18-APR-2022,
OPTSTK,WHIRLPOOL,28-Apr-2022,1300.0,CE,0.0,0.0,0.0,511.4,325.8,0,0.0,0,0,18-APR-2022,
OPTSTK,WHIRLPOOL,28-Apr-2022,1320.0,CE,0.0,0.0,0.0,492.9,305.8,0,0.0,0,0,18-APR-2022,
OPTSTK,WHIRLPOOL,28-Apr-2022,1340.0,CE,0.0,0.0,0.0,474.6,285.85,0,0.0,0,0,18-APR-2022,
OPTSTK,WHIRLPOOL,28-Apr-2022,1360.0,CE,0.0,0.0,0.0,456.5,265.9,0,0.0,0,0,18-APR-2022,
OPTSTK,WHIRLPOOL,28-Apr-2022,1380.0,CE,0.0,0.0,0.0,438.65,246.0,0,0.0,0,0,18-APR-2022,
OPTSTK,WHIRLPOOL,28-Apr-2022,1400.0,CE,0.0,0.0,0.0,421.05,226.15,0,0.0,0,0,18-APR-2022,
OPTSTK,WHIRLPOOL,28-Apr-2022,1420.0,CE,0.0,0.0,0.0,403.75,206.45,0,0.0,0,0,18-APR-2022,
OPTSTK,WHIRLPOOL,28-Apr-2022,1440.0,CE,0.0,0.0,0.0,386.7,186.95,0,0.0,0,0,18-APR-2022,
OPTSTK,WHIRLPOOL,28-Apr-2022,1460.0,CE,0.0,0.0,0.0,370.0,167.7,0,0.0,0,0,18-APR-2022,
OPTSTK,WHIRLPOOL,28-Apr-2022,1480.0,CE,0.0,0.0,0.0,353.65,148.9,0,0.0,0,0,18-APR-2022,
OPTSTK,WHIRLPOOL,28-Apr-2022,1500.0,CE,0.0,0.0,0.0,197.6,130.65,0,0.0,0,0,18-APR-2022,
OPTSTK,WHIRLPOOL,28-Apr-2022,1520.0,CE,0.0,0.0,0.0,322.0,113.2,0,0.0,0,0,18-APR-2022,
OPTSTK,WHIRLPOOL,28-Apr-2022,1540.0,CE,0.0,0.0,0.0,306.7,96.75,0,0.0,0,0,18-APR-2022,
OPTSTK,WHIRLPOOL,28-Apr-2022,1560.0,CE,0.0,0.0,0.0,291.9,81.45,0,0.0,0,0,18-APR-2022,
OPTSTK,WHIRLPOOL,28-Apr-2022,1580.0,CE,0.0,0.0,0.0,277.45,67.4,0,0.0,0,0,18-APR-2022,
OPTSTK,WHIRLPOOL,28-Apr-2022,1600.0,CE,72.0,88.0,64.05,66.5,66.5,13,54.38,20750,-750,18-APR-2022,
OPTSTK,WHIRLPOOL,28-Apr-2022,1620.0,CE,68.9,80.5,60.8,80.5,43.85,3,12.67,750,250,18-APR-2022,
OPTSTK,WHIRLPOOL,28-Apr-2022,1640.0,CE,45.0,45.0,45.0,45.0,45.0,1,4.21,1750,0,18-APR-2022,
OPTSTK,WHIRLPOOL,28-Apr-2022,1660.0,CE,48.65,58.0,35.75,37.95,37.95,51,217.8,25500,-500,18-APR-2022,
OPTSTK,WHIRLPOOL,28-Apr-2022,1680.0,CE,25.05,48.2,25.0,32.0,32.0,43,184.93,30000,-250,18-APR-2022,
OPTSTK,WHIRLPOOL,28-Apr-2022,1700.0,CE,28.1,41.0,20.9,26.2,26.2,770,3331.57,244750,-7500,18-APR-2022,
OPTSTK,WHIRLPOOL,28-Apr-2022,1720.0,CE,19.05,32.0,19.0,20.5,20.5,76,331.37,35000,-4250,18-APR-2022,
OPTSTK,WHIRLPOOL,28-Apr-2022,1740.0,CE,17.7,27.0,14.55,16.55,16.55,191,840.59,47000,2000,18-APR-2022,
OPTSTK,WHIRLPOOL,28-Apr-2022,1760.0,CE,10.75,22.75,10.35,12.7,12.7,38,168.75,14250,2250,18-APR-2022,
OPTSTK,WHIRLPOOL,28-Apr-2022,1780.0,CE,20.0,20.0,8.85,10.75,10.75,21,94.11,9750,-2000,18-APR-2022,
OPTSTK,WHIRLPOOL,28-Apr-2022,1800.0,CE,9.25,15.05,5.55,8.55,8.55,456,2064.4,137500,-21750,18-APR-2022,
OPTSTK,WHIRLPOOL,28-Apr-2022,1820.0,CE,6.0,9.4,6.0,9.25,1.6,6,27.43,3250,-750,18-APR-2022,
OPTSTK,WHIRLPOOL,28-Apr-2022,1840.0,CE,10.0,10.0,7.0,7.0,1.05,2,9.24,500,-500,18-APR-2022,
OPTSTK,WHIRLPOOL,28-Apr-2022,1860.0,CE,0.0,0.0,0.0,121.4,0.65,0,0.0,0,0,18-APR-2022,
OPTSTK,WHIRLPOOL,28-Apr-2022,1880.0,CE,0.0,0.0,0.0,113.55,0.4,0,0.0,0,0,18-APR-2022,
OPTSTK,WHIRLPOOL,28-Apr-2022,1900.0,CE,7.0,7.0,3.7,4.4,4.4,1243,5920.32,119250,-5500,18-APR-2022,
OPTSTK,WHIRLPOOL,28-Apr-2022,1920.0,CE,0.0,0.0,0.0,99.05,0.15,0,0.0,0,0,18-APR-2022,
OPTSTK,WHIRLPOOL,28-Apr-2022,1940.0,CE,0.0,0.0,0.0,10.0,0.1,0,0.0,1000,0,18-APR-2022,
OPTSTK,WHIRLPOOL,28-Apr-2022,1960.0,CE,0.0,0.0,0.0,86.05,0.05,0,0.0,0,0,18-APR-2022,
OPTSTK,WHIRLPOOL,28-Apr-2022,1980.0,CE,0.0,0.0,0.0,80.1,0.05,0,0.0,0,0,18-APR-2022,
OPTSTK,WHIRLPOOL,28-Apr-2022,2000.0,CE,1.6,1.85,0.8,1.1,1.1,86,430.31,41250,-750,18-APR-2022,
OPTSTK,WHIRLPOOL,28-Apr-2022,2020.0,CE,0.0,0.0,0.0,69.2,0.05,0,0.0,0,0,18-APR-2022,
OPTSTK,WHIRLPOOL,28-Apr-2022,2040.0,CE,0.0,0.0,0.0,64.35,0.0,0,0.0,0,0,18-APR-2022,
OPTSTK,WHIRLPOOL,28-Apr-2022,2060.0,CE,0.0,0.0,0.0,59.7,0.0,0,0.0,0,0,18-APR-2022,
OPTSTK,WHIRLPOOL,28-Apr-2022,2080.0,CE,0.0,0.0,0.0,55.35,0.0,0,0.0,0,0,18-APR-2022,
OPTSTK,WHIRLPOOL,28-Apr-2022,2100.0,CE,0.0,0.0,0.0,0.75,0.0,0,0.0,1250,0,18-APR-2022,
OPTSTK,WHIRLPOOL,28-Apr-2022,2120.0,CE,0.0,0.0,0.0,47.4,0.0,0,0.0,0,0,18-APR-2022,
OPTSTK,WHIRLPOOL,28-Apr-2022,2140.0,CE,0.0,0.0,0.0,43.8,0.0,0,0.0,0,0,18-APR-2022,
OPTSTK,WHIRLPOOL,28-Apr-2022,2160.0,CE,0.0,0.0,0.0,40.5,0.0,0,0.0,0,0,18-APR-2022,
OPTSTK,WHIRLPOOL,28-Apr-2022,2180.0,CE,0.0,0.0,0.0,37.35,0.0,0,0.0,0,0,18-APR-2022,
OPTSTK,WHIRLPOOL,28-Apr-2022,2200.0,CE,0.0,0.0,0.0,34.45,0.0,0,0.0,0,0,18-APR-2022,
OPTSTK,WHIRLPOOL,28-Apr-2022,2220.0,CE,0.0,0.0,0.0,31.8,0.0,0,0.0,0,0,18-APR-2022,
OPTSTK,WHIRLPOOL,28-Apr-2022,2240.0,CE,0.0,0.0,0.0,29.25,0.0,0,0.0,0,0,18-APR-2022,
OPTSTK,WHIRLPOOL,28-Apr-2022,2260.0,CE,0.0,0.0,0.0,26.95,0.0,0,0.0,0,0,18-APR-2022,
OPTSTK,WHIRLPOOL,28-Apr-2022,2280.0,CE,0.0,0.0,0.0,24.8,0.0,0,0.0,0,0,18-APR-2022,
OPTSTK,WHIRLPOOL,28-Apr-2022,2300.0,CE,0.0,0.0,0.0,22.8,0.0,0,0.0,0,0,18-APR-2022,
OPTSTK,WHIRLPOOL,28-Apr-2022,2320.0,CE,0.0,0.0,0.0,20.9,0.0,0,0.0,0,0,18-APR-2022,
OPTSTK,WHIRLPOOL,28-Apr-2022,2340.0,CE,0.0,0.0,0.0,19.2,0.0,0,0.0,0,0,18-APR-2022,
OPTSTK,WHIRLPOOL,28-Apr-2022,2360.0,CE,0.0,0.0,0.0,17.6,0.0,0,0.0,0,0,18-APR-2022,
OPTSTK,WHIRLPOOL,28-Apr-2022,2380.0,CE,0.0,0.0,0.0,16.15,0.0,0,0.0,0,0,18-APR-2022,
OPTSTK,WHIRLPOOL,28-Apr-2022,2400.0,CE,0.0,0.0,0.0,14.8,0.0,0,0.0,0,0,18-APR-2022,
OPTSTK,WHIRLPOOL,28-Apr-2022,2420.0,CE,0.0,0.0,0.0,13.55,0.0,0,0.0,0,0,18-APR-2022,
OPTSTK,WHIRLPOOL,28-Apr-2022,2440.0,CE,0.0,0.0,0.0,12.4,0.0,0,0.0,0,0,18-APR-2022,
OPTSTK,WHIRLPOOL,28-Apr-2022,2460.0,CE,0.0,0.0,0.0,11.35,0.0,0,0.0,0,0,18-APR-2022,
OPTSTK,WHIRLPOOL,28-Apr-2022,2480.0,CE,0.0,0.0,0.0,10.35,0.0,0,0.0,0,0,18-APR-2022,
OPTSTK,WHIRLPOOL,28-Apr-2022,2500.0,CE,0.0,0.0,0.0,9.45,0.0,0,0.0,0,0,18-APR-2022,
OPTSTK,WHIRLPOOL,28-Apr-2022,2520.0,CE,0.0,0.0,0.0,8.65,0.0,0,0.0,0,0,18-APR-2022,
OPTSTK,WHIRLPOOL,28-Apr-2022,1180.0,PE,0.0,0.0,0.0,1.7,0.0,0,0.0,0,0,18-APR-2022,
OPTSTK,WHIRLPOOL,28-Apr-2022,1200.0,PE,0.0,0.0,0.0,2.15,0.0,0,0.0,0,0,18-APR-2022,
OPTSTK,WHIRLPOOL,28-Apr-2022,1220.0,PE,0.0,0.0,0.0,2.7,0.0,0,0.0,0,0,18-APR-2022,
OPTSTK,WHIRLPOOL,28-Apr-2022,1240.0,PE,0.0,0.0,0.0,3.35,0.0,0,0.0,0,0,18-APR-2022,
OPTSTK,WHIRLPOOL,28-Apr-2022,1260.0,PE,0.0,0.0,0.0,4.15,0.0,0,0.0,0,0,18-APR-2022,
OPTSTK,WHIRLPOOL,28-Apr-2022,1280.0,PE,0.0,0.0,0.0,5.05,0.0,0,0.0,0,0,18-APR-2022,
OPTSTK,WHIRLPOOL,28-Apr-2022,1300.0,PE,0.45,0.45,0.45,0.45,0.0,1,3.25,1500,0,18-APR-2022,
OPTSTK,WHIRLPOOL,28-Apr-2022,1320.0,PE,0.0,0.0,0.0,7.45,0.05,0,0.0,0,0,18-APR-2022,
OPTSTK,WHIRLPOOL,28-Apr-2022,1340.0,PE,0.0,0.0,0.0,8.95,0.05,0,0.0,0,0,18-APR-2022,
OPTSTK,WHIRLPOOL,28-Apr-2022,1360.0,PE,0.0,0.0,0.0,10.65,0.1,0,0.0,0,0,18-APR-2022,
OPTSTK,WHIRLPOOL,28-Apr-2022,1380.0,PE,0.0,0.0,0.0,12.55,0.15,0,0.0,0,0,18-APR-2022,
OPTSTK,WHIRLPOOL,28-Apr-2022,1400.0,PE,3.5,3.85,3.5,3.85,3.85,2,7.01,7000,-250,18-APR-2022,
OPTSTK,WHIRLPOOL,28-Apr-2022,1420.0,PE,0.0,0.0,0.0,17.25,0.55,0,0.0,0,0,18-APR-2022,
OPTSTK,WHIRLPOOL,28-Apr-2022,1440.0,PE,0.0,0.0,0.0,6.6,1.0,0,0.0,1250,0,18-APR-2022,
OPTSTK,WHIRLPOOL,28-Apr-2022,1460.0,PE,0.0,0.0,0.0,23.1,1.75,0,0.0,0,0,18-APR-2022,
OPTSTK,WHIRLPOOL,28-Apr-2022,1480.0,PE,0.0,0.0,0.0,26.5,2.9,0,0.0,0,0,18-APR-2022,
OPTSTK,WHIRLPOOL,28-Apr-2022,1500.0,PE,12.5,14.4,8.8,10.6,10.6,50,188.92,35000,-1500,18-APR-2022,
OPTSTK,WHIRLPOOL,28-Apr-2022,1520.0,PE,16.5,17.5,16.5,17.5,7.2,3,11.52,750,750,18-APR-2022,
OPTSTK,WHIRLPOOL,28-Apr-2022,1540.0,PE,19.7,19.7,19.7,19.7,19.7,1,3.89,6000,-250,18-APR-2022,
OPTSTK,WHIRLPOOL,28-Apr-2022,1560.0,PE,27.0,27.0,21.0,25.05,25.05,8,31.69,11250,750,18-APR-2022,
OPTSTK,WHIRLPOOL,28-Apr-2022,1580.0,PE,27.0,27.25,27.0,27.25,21.3,3,12.05,1500,500,18-APR-2022,
OPTSTK,WHIRLPOOL,28-Apr-2022,1600.0,PE,35.0,45.05,25.75,39.5,39.5,165,674.89,59250,-1500,18-APR-2022,
OPTSTK,WHIRLPOOL,28-Apr-2022,1620.0,PE,0.0,0.0,0.0,36.0,37.75,0,0.0,500,0,18-APR-2022,
OPTSTK,WHIRLPOOL,28-Apr-2022,1640.0,PE,55.0,55.0,55.0,55.0,55.0,1,4.23,2500,0,18-APR-2022,
OPTSTK,WHIRLPOOL,28-Apr-2022,1660.0,PE,63.0,70.0,52.0,65.8,60.35,26,111.83,4250,1500,18-APR-2022,
OPTSTK,WHIRLPOOL,28-Apr-2022,1680.0,PE,0.0,0.0,0.0,82.35,73.8,0,0.0,0,0,18-APR-2022,
OPTSTK,WHIRLPOOL,28-Apr-2022,1700.0,PE,109.35,109.4,72.0,98.35,98.35,33,147.34,19000,-5250,18-APR-2022,
OPTSTK,WHIRLPOOL,28-Apr-2022,1720.0,PE,0.0,0.0,0.0,78.0,104.55,0,0.0,250,0,18-APR-2022,
OPTSTK,WHIRLPOOL,28-Apr-2022,1740.0,PE,0.0,0.0,0.0,113.0,121.4,0,0.0,0,0,18-APR-2022,
OPTSTK,WHIRLPOOL,28-Apr-2022,1760.0,PE,0.0,0.0,0.0,117.0,139.05,0,0.0,0,0,18-APR-2022,
OPTSTK,WHIRLPOOL,28-Apr-2022,1780.0,PE,0.0,0.0,0.0,126.8,157.35,0,0.0,0,0,18-APR-2022,
OPTSTK,WHIRLPOOL,28-Apr-2022,1800.0,PE,0.0,0.0,0.0,125.0,176.1,0,0.0,2000,0,18-APR-2022,
OPTSTK,WHIRLPOOL,28-Apr-2022,1820.0,PE,0.0,0.0,0.0,147.7,195.25,0,0.0,0,0,18-APR-2022,
OPTSTK,WHIRLPOOL,28-Apr-2022,1840.0,PE,0.0,0.0,0.0,158.8,214.65,0,0.0,0,0,18-APR-2022,
OPTSTK,WHIRLPOOL,28-Apr-2022,1860.0,PE,0.0,0.0,0.0,170.35,234.25,0,0.0,0,0,18-APR-2022,
OPTSTK,WHIRLPOOL,28-Apr-2022,1880.0,PE,0.0,0.0,0.0,182.25,254.0,0,0.0,0,0,18-APR-2022,
OPTSTK,WHIRLPOOL,28-Apr-2022,1900.0,PE,0.0,0.0,0.0,194.6,273.8,0,0.0,0,0,18-APR-2022,
OPTSTK,WHIRLPOOL,28-Apr-2022,1920.0,PE,0.0,0.0,0.0,207.35,293.7,0,0.0,0,0,18-APR-2022,
OPTSTK,WHIRLPOOL,28-Apr-2022,1940.0,PE,0.0,0.0,0.0,220.45,313.6,0,0.0,0,0,18-APR-2022,
OPTSTK,WHIRLPOOL,28-Apr-2022,1960.0,PE,0.0,0.0,0.0,233.95,333.55,0,0.0,0,0,18-APR-2022,
OPTSTK,WHIRLPOOL,28-Apr-2022,1980.0,PE,0.0,0.0,0.0,247.75,353.5,0,0.0,0,0,18-APR-2022,
OPTSTK,WHIRLPOOL,28-Apr-2022,2000.0,PE,0.0,0.0,0.0,400.0,373.5,0,0.0,250,0,18-APR-2022,
OPTSTK,WHIRLPOOL,28-Apr-2022,2020.0,PE,0.0,0.0,0.0,276.45,393.45,0,0.0,0,0,18-APR-2022,
OPTSTK,WHIRLPOOL,28-Apr-2022,2040.0,PE,0.0,0.0,0.0,291.4,413.45,0,0.0,0,0,18-APR-2022,
OPTSTK,WHIRLPOOL,28-Apr-2022,2060.0,PE,0.0,0.0,0.0,306.55,433.4,0,0.0,0,0,18-APR-2022,
OPTSTK,WHIRLPOOL,28-Apr-2022,2080.0,PE,0.0,0.0,0.0,322.0,453.4,0,0.0,0,0,18-APR-2022,
OPTSTK,WHIRLPOOL,28-Apr-2022,2100.0,PE,0.0,0.0,0.0,337.7,473.35,0,0.0,0,0,18-APR-2022,
OPTSTK,WHIRLPOOL,28-Apr-2022,2120.0,PE,0.0,0.0,0.0,353.6,493.35,0,0.0,0,0,18-APR-2022,
OPTSTK,WHIRLPOOL,28-Apr-2022,2140.0,PE,0.0,0.0,0.0,369.8,513.3,0,0.0,0,0,18-APR-2022,
OPTSTK,WHIRLPOOL,28-Apr-2022,2160.0,PE,0.0,0.0,0.0,386.3,533.3,0,0.0,0,0,18-APR-2022,
OPTSTK,WHIRLPOOL,28-Apr-2022,2180.0,PE,0.0,0.0,0.0,402.95,553.25,0,0.0,0,0,18-APR-2022,
OPTSTK,WHIRLPOOL,28-Apr-2022,2200.0,PE,0.0,0.0,0.0,419.85,573.25,0,0.0,0,0,18-APR-2022,
OPTSTK,WHIRLPOOL,28-Apr-2022,2220.0,PE,0.0,0.0,0.0,436.95,593.2,0,0.0,0,0,18-APR-2022,
OPTSTK,WHIRLPOOL,28-Apr-2022,2240.0,PE,0.0,0.0,0.0,454.25,613.2,0,0.0,0,0,18-APR-2022,
OPTSTK,WHIRLPOOL,28-Apr-2022,2260.0,PE,0.0,0.0,0.0,471.7,633.2,0,0.0,0,0,18-APR-2022,
OPTSTK,WHIRLPOOL,28-Apr-2022,2280.0,PE,0.0,0.0,0.0,489.35,653.15,0,0.0,0,0,18-APR-2022,
OPTSTK,WHIRLPOOL,28-Apr-2022,2300.0,PE,0.0,0.0,0.0,507.1,673.15,0,0.0,0,0,18-APR-2022,
OPTSTK,WHIRLPOOL,28-Apr-2022,2320.0,PE,0.0,0.0,0.0,525.05,693.1,0,0.0,0,0,18-APR-2022,
OPTSTK,WHIRLPOOL,28-Apr-2022,2340.0,PE,0.0,0.0,0.0,543.15,713.1,0,0.0,0,0,18-APR-2022,
OPTSTK,WHIRLPOOL,28-Apr-2022,2360.0,PE,0.0,0.0,0.0,561.35,733.05,0,0.0,0,0,18-APR-2022,
OPTSTK,WHIRLPOOL,28-Apr-2022,2380.0,PE,0.0,0.0,0.0,579.65,753.05,0,0.0,0,0,18-APR-2022,
OPTSTK,WHIRLPOOL,28-Apr-2022,2400.0,PE,0.0,0.0,0.0,598.1,773.0,0,0.0,0,0,18-APR-2022,
OPTSTK,WHIRLPOOL,28-Apr-2022,2420.0,PE,0.0,0.0,0.0,616.65,793.0,0,0.0,0,0,18-APR-2022,
OPTSTK,WHIRLPOOL,28-Apr-2022,2440.0,PE,0.0,0.0,0.0,635.3,812.95,0,0.0,0,0,18-APR-2022,
OPTSTK,WHIRLPOOL,28-Apr-2022,2460.0,PE,0.0,0.0,0.0,654.0,832.95,0,0.0,0,0,18-APR-2022,
OPTSTK,WHIRLPOOL,28-Apr-2022,2480.0,PE,0.0,0.0,0.0,672.85,852.95,0,0.0,0,0,18-APR-2022,
OPTSTK,WHIRLPOOL,28-Apr-2022,2500.0,PE,0.0,0.0,0.0,691.75,872.9,0,0.0,0,0,18-APR-2022,
OPTSTK,WHIRLPOOL,28-Apr-2022,2520.0,PE,0.0,0.0,0.0,710.7,892.9,0,0.0,0,0,18-APR-2022,
OPTSTK,WHIRLPOOL,26-May-2022,1180.0,CE,0.0,0.0,0.0,461.4,449.75,0,0.0,0,0,18-APR-2022,
OPTSTK,WHIRLPOOL,26-May-2022,1200.0,CE,0.0,0.0,0.0,442.8,429.95,0,0.0,0,0,18-APR-2022,
OPTSTK,WHIRLPOOL,26-May-2022,1220.0,CE,0.0,0.0,0.0,424.4,410.2,0,0.0,0,0,18-APR-2022,
OPTSTK,WHIRLPOOL,26-May-2022,1240.0,CE,0.0,0.0,0.0,406.3,390.55,0,0.0,0,0,18-APR-2022,
OPTSTK,WHIRLPOOL,26-May-2022,1260.0,CE,0.0,0.0,0.0,388.4,371.0,0,0.0,0,0,18-APR-2022,
OPTSTK,WHIRLPOOL,26-May-2022,1280.0,CE,0.0,0.0,0.0,370.8,351.55,0,0.0,0,0,18-APR-2022,
OPTSTK,WHIRLPOOL,26-May-2022,1300.0,CE,0.0,0.0,0.0,353.55,332.3,0,0.0,0,0,18-APR-2022,
OPTSTK,WHIRLPOOL,26-May-2022,1320.0,CE,0.0,0.0,0.0,336.6,313.25,0,0.0,0,0,18-APR-2022,
OPTSTK,WHIRLPOOL,26-May-2022,1340.0,CE,0.0,0.0,0.0,320.05,294.4,0,0.0,0,0,18-APR-2022,
OPTSTK,WHIRLPOOL,26-May-2022,1360.0,CE,0.0,0.0,0.0,303.85,275.9,0,0.0,0,0,18-APR-2022,
OPTSTK,WHIRLPOOL,26-May-2022,1380.0,CE,0.0,0.0,0.0,288.05,257.7,0,0.0,0,0,18-APR-2022,
OPTSTK,WHIRLPOOL,26-May-2022,1400.0,CE,0.0,0.0,0.0,272.7,239.9,0,0.0,0,0,18-APR-2022,
OPTSTK,WHIRLPOOL,26-May-2022,1420.0,CE,0.0,0.0,0.0,257.85,222.6,0,0.0,0,0,18-APR-2022,
OPTSTK,WHIRLPOOL,26-May-2022,1440.0,CE,0.0,0.0,0.0,243.4,205.8,0,0.0,0,0,18-APR-2022,
OPTSTK,WHIRLPOOL,26-May-2022,1460.0,CE,0.0,0.0,0.0,229.45,189.55,0,0.0,0,0,18-APR-2022,
OPTSTK,WHIRLPOOL,26-May-2022,1480.0,CE,0.0,0.0,0.0,215.9,173.9,0,0.0,0,0,18-APR-2022,
OPTSTK,WHIRLPOOL,26-May-2022,1500.0,CE,0.0,0.0,0.0,202.9,159.0,0,0.0,0,0,18-APR-2022,
OPTSTK,WHIRLPOOL,26-May-2022,1520.0,CE,0.0,0.0,0.0,190.45,144.7,0,0.0,0,0,18-APR-2022,
OPTSTK,WHIRLPOOL,26-May-2022,1540.0,CE,0.0,0.0,0.0,178.5,131.2,0,0.0,0,0,18-APR-2022,
OPTSTK,WHIRLPOOL,26-May-2022,1560.0,CE,0.0,0.0,0.0,167.05,118.45,0,0.0,0,0,18-APR-2022,
OPTSTK,WHIRLPOOL,26-May-2022,1580.0,CE,0.0,0.0,0.0,156.1,106.5,0,0.0,0,0,18-APR-2022,
OPTSTK,WHIRLPOOL,26-May-2022,1600.0,CE,0.0,0.0,0.0,145.7,95.4,0,0.0,0,0,18-APR-2022,
OPTSTK,WHIRLPOOL,26-May-2022,1620.0,CE,0.0,0.0,0.0,135.8,85.05,0,0.0,0,0,18-APR-2022,
OPTSTK,WHIRLPOOL,26-May-2022,1640.0,CE,0.0,0.0,0.0,126.4,75.55,0,0.0,0,0,18-APR-2022,
OPTSTK,WHIRLPOOL,26-May-2022,1660.0,CE,0.0,0.0,0.0,117.45,66.8,0,0.0,0,0,18-APR-2022,
OPTSTK,WHIRLPOOL,26-May-2022,1680.0,CE,0.0,0.0,0.0,109.05,58.8,0,0.0,0,0,18-APR-2022,
OPTSTK,WHIRLPOOL,26-May-2022,1700.0,CE,85.25,85.3,62.8,62.8,62.8,33,146.06,17750,5500,18-APR-2022,
OPTSTK,WHIRLPOOL,26-May-2022,1720.0,CE,0.0,0.0,0.0,83.85,45.0,0,0.0,250,0,18-APR-2022,
OPTSTK,WHIRLPOOL,26-May-2022,1740.0,CE,0.0,0.0,0.0,86.5,39.15,0,0.0,0,0,18-APR-2022,
OPTSTK,WHIRLPOOL,26-May-2022,1760.0,CE,0.0,0.0,0.0,79.9,33.95,0,0.0,0,0,18-APR-2022,
OPTSTK,WHIRLPOOL,26-May-2022,1780.0,CE,0.0,0.0,0.0,73.7,29.35,0,0.0,0,0,18-APR-2022,
OPTSTK,WHIRLPOOL,26-May-2022,1800.0,CE,36.05,36.05,36.05,36.05,36.05,1,4.59,15750,-250,18-APR-2022,
OPTSTK,WHIRLPOOL,26-May-2022,1820.0,CE,0.0,0.0,0.0,62.45,21.55,0,0.0,0,0,18-APR-2022,
OPTSTK,WHIRLPOOL,26-May-2022,1840.0,CE,0.0,0.0,0.0,57.5,18.35,0,0.0,0,0,18-APR-2022,
OPTSTK,WHIRLPOOL,26-May-2022,1860.0,CE,0.0,0.0,0.0,52.8,15.6,0,0.0,0,0,18-APR-2022,
OPTSTK,WHIRLPOOL,26-May-2022,1880.0,CE,0.0,0.0,0.0,48.4,13.2,0,0.0,0,0,18-APR-2022,
OPTSTK,WHIRLPOOL,26-May-2022,1900.0,CE,22.05,22.05,22.05,22.05,11.1,1,4.8,4750,-250,18-APR-2022,
OPTSTK,WHIRLPOOL,26-May-2022,1920.0,CE,0.0,0.0,0.0,40.55,9.35,0,0.0,0,0,18-APR-2022,
OPTSTK,WHIRLPOOL,26-May-2022,1940.0,CE,0.0,0.0,0.0,14.25,7.8,0,0.0,0,0,18-APR-2022,
OPTSTK,WHIRLPOOL,26-May-2022,1960.0,CE,0.0,0.0,0.0,33.85,6.5,0,0.0,0,0,18-APR-2022,
OPTSTK,WHIRLPOOL,26-May-2022,1980.0,CE,0.0,0.0,0.0,30.9,5.4,0,0.0,0,0,18-APR-2022,
OPTSTK,WHIRLPOOL,26-May-2022,2000.0,CE,0.0,0.0,0.0,25.1,4.5,0,0.0,250,0,18-APR-2022,
OPTSTK,WHIRLPOOL,26-May-2022,2020.0,CE,0.0,0.0,0.0,25.6,3.7,0,0.0,0,0,18-APR-2022,
OPTSTK,WHIRLPOOL,26-May-2022,2040.0,CE,0.0,0.0,0.0,23.3,3.05,0,0.0,0,0,18-APR-2022,
OPTSTK,WHIRLPOOL,26-May-2022,2060.0,CE,0.0,0.0,0.0,21.2,2.5,0,0.0,0,0,18-APR-2022,
OPTSTK,WHIRLPOOL,26-May-2022,2080.0,CE,0.0,0.0,0.0,19.25,2.05,0,0.0,0,0,18-APR-2022,
OPTSTK,WHIRLPOOL,26-May-2022,2100.0,CE,0.0,0.0,0.0,17.45,1.65,0,0.0,0,0,18-APR-2022,
OPTSTK,WHIRLPOOL,26-May-2022,2120.0,CE,0.0,0.0,0.0,15.8,1.35,0,0.0,0,0,18-APR-2022,
OPTSTK,WHIRLPOOL,26-May-2022,2140.0,CE,0.0,0.0,0.0,14.3,1.1,0,0.0,0,0,18-APR-2022,
OPTSTK,WHIRLPOOL,26-May-2022,2160.0,CE,0.0,0.0,0.0,12.95,0.9,0,0.0,0,0,18-APR-2022,
OPTSTK,WHIRLPOOL,26-May-2022,2180.0,CE,0.0,0.0,0.0,5.0,0.7,0,0.0,0,0,18-APR-2022,
OPTSTK,WHIRLPOOL,26-May-2022,2200.0,CE,0.0,0.0,0.0,5.25,0.6,0,0.0,0,0,18-APR-2022,
OPTSTK,WHIRLPOOL,26-May-2022,2220.0,CE,0.0,0.0,0.0,9.55,0.45,0,0.0,0,0,18-APR-2022,
OPTSTK,WHIRLPOOL,26-May-2022,2240.0,CE,0.0,0.0,0.0,8.6,0.4,0,0.0,0,0,18-APR-2022,
OPTSTK,WHIRLPOOL,26-May-2022,2260.0,CE,0.0,0.0,0.0,4.05,0.3,0,0.0,0,0,18-APR-2022,
OPTSTK,WHIRLPOOL,26-May-2022,2280.0,CE,0.0,0.0,0.0,7.0,0.25,0,0.0,0,0,18-APR-2022,
OPTSTK,WHIRLPOOL,26-May-2022,2300.0,CE,0.0,0.0,0.0,6.3,0.2,0,0.0,0,0,18-APR-2022,
OPTSTK,WHIRLPOOL,26-May-2022,2320.0,CE,0.0,0.0,0.0,5.65,0.15,0,0.0,0,0,18-APR-2022,
OPTSTK,WHIRLPOOL,26-May-2022,2340.0,CE,0.0,0.0,0.0,5.1,0.15,0,0.0,0,0,18-APR-2022,
OPTSTK,WHIRLPOOL,26-May-2022,2360.0,CE,0.0,0.0,0.0,4.55,0.1,0,0.0,0,0,18-APR-2022,
OPTSTK,WHIRLPOOL,26-May-2022,2380.0,CE,0.0,0.0,0.0,4.1,0.1,0,0.0,0,0,18-APR-2022,
OPTSTK,WHIRLPOOL,26-May-2022,1180.0,PE,0.0,0.0,0.0,4.95,0.25,0,0.0,0,0,18-APR-2022,
OPTSTK,WHIRLPOOL,26-May-2022,1200.0,PE,0.0,0.0,0.0,6.15,0.35,0,0.0,0,0,18-APR-2022,
OPTSTK,WHIRLPOOL,26-May-2022,1220.0,PE,0.0,0.0,0.0,7.55,0.55,0,0.0,0,0,18-APR-2022,
OPTSTK,WHIRLPOOL,26-May-2022,1240.0,PE,0.0,0.0,0.0,9.2,0.8,0,0.0,0,0,18-APR-2022,
OPTSTK,WHIRLPOOL,26-May-2022,1260.0,PE,0.0,0.0,0.0,11.1,1.15,0,0.0,0,0,18-APR-2022,
OPTSTK,WHIRLPOOL,26-May-2022,1280.0,PE,0.0,0.0,0.0,13.3,1.6,0,0.0,0,0,18-APR-2022,
OPTSTK,WHIRLPOOL,26-May-2022,1300.0,PE,0.0,0.0,0.0,5.4,2.25,0,0.0,1000,0,18-APR-2022,
OPTSTK,WHIRLPOOL,26-May-2022,1320.0,PE,0.0,0.0,0.0,18.7,3.1,0,0.0,0,0,18-APR-2022,
OPTSTK,WHIRLPOOL,26-May-2022,1340.0,PE,0.0,0.0,0.0,21.9,4.2,0,0.0,0,0,18-APR-2022,
OPTSTK,WHIRLPOOL,26-May-2022,1360.0,PE,0.0,0.0,0.0,25.5,5.6,0,0.0,0,0,18-APR-2022,
OPTSTK,WHIRLPOOL,26-May-2022,1380.0,PE,0.0,0.0,0.0,29.5,7.3,0,0.0,0,0,18-APR-2022,
OPTSTK,WHIRLPOOL,26-May-2022,1400.0,PE,0.0,0.0,0.0,9.0,9.45,0,0.0,250,0,18-APR-2022,
OPTSTK,WHIRLPOOL,26-May-2022,1420.0,PE,0.0,0.0,0.0,38.9,12.05,0,0.0,0,0,18-APR-2022,
OPTSTK,WHIRLPOOL,26-May-2022,1440.0,PE,0.0,0.0,0.0,44.25,15.15,0,0.0,0,0,18-APR-2022,
OPTSTK,WHIRLPOOL,26-May-2022,1460.0,PE,0.0,0.0,0.0,50.05,18.8,0,0.0,0,0,18-APR-2022,
OPTSTK,WHIRLPOOL,26-May-2022,1480.0,PE,0.0,0.0,0.0,56.3,23.1,0,0.0,0,0,18-APR-2022,
OPTSTK,WHIRLPOOL,26-May-2022,1500.0,PE,0.0,0.0,0.0,30.85,28.1,0,0.0,2500,0,18-APR-2022,
OPTSTK,WHIRLPOOL,26-May-2022,1520.0,PE,0.0,0.0,0.0,70.45,33.65,0,0.0,0,0,18-APR-2022,
OPTSTK,WHIRLPOOL,26-May-2022,1540.0,PE,0.0,0.0,0.0,78.25,40.1,0,0.0,0,0,18-APR-2022,
OPTSTK,WHIRLPOOL,26-May-2022,1560.0,PE,0.0,0.0,0.0,86.6,47.25,0,0.0,0,0,18-APR-2022,
OPTSTK,WHIRLPOOL,26-May-2022,1580.0,PE,0.0,0.0,0.0,95.5,55.25,0,0.0,0,0,18-APR-2022,
OPTSTK,WHIRLPOOL,26-May-2022,1600.0,PE,0.0,0.0,0.0,60.0,64.05,0,0.0,4250,0,18-APR-2022,
OPTSTK,WHIRLPOOL,26-May-2022,1620.0,PE,0.0,0.0,0.0,114.75,73.6,0,0.0,0,0,18-APR-2022,
OPTSTK,WHIRLPOOL,26-May-2022,1640.0,PE,0.0,0.0,0.0,125.1,84.0,0,0.0,0,0,18-APR-2022,
OPTSTK,WHIRLPOOL,26-May-2022,1660.0,PE,0.0,0.0,0.0,136.0,95.15,0,0.0,0,0,18-APR-2022,
OPTSTK,WHIRLPOOL,26-May-2022,1680.0,PE,0.0,0.0,0.0,147.35,107.1,0,0.0,0,0,18-APR-2022,
OPTSTK,WHIRLPOOL,26-May-2022,1700.0,PE,107.95,125.65,107.95,125.65,125.65,4,18.2,3500,250,18-APR-2022,
OPTSTK,WHIRLPOOL,26-May-2022,1720.0,PE,0.0,0.0,0.0,85.0,133.15,0,0.0,250,0,18-APR-2022,
OPTSTK,WHIRLPOOL,26-May-2022,1740.0,PE,0.0,0.0,0.0,184.2,147.15,0,0.0,0,0,18-APR-2022,
OPTSTK,WHIRLPOOL,26-May-2022,1760.0,PE,0.0,0.0,0.0,197.35,161.9,0,0.0,0,0,18-APR-2022,
OPTSTK,WHIRLPOOL,26-May-2022,1780.0,PE,0.0,0.0,0.0,210.95,177.2,0,0.0,0,0,18-APR-2022,
OPTSTK,WHIRLPOOL,26-May-2022,1800.0,PE,0.0,0.0,0.0,224.95,192.9,0,0.0,0,0,18-APR-2022,
OPTSTK,WHIRLPOOL,26-May-2022,1820.0,PE,0.0,0.0,0.0,239.3,209.2,0,0.0,0,0,18-APR-2022,
OPTSTK,WHIRLPOOL,26-May-2022,1840.0,PE,0.0,0.0,0.0,254.1,225.95,0,0.0,0,0,18-APR-2022,
OPTSTK,WHIRLPOOL,26-May-2022,1860.0,PE,0.0,0.0,0.0,269.2,243.1,0,0.0,0,0,18-APR-2022,
OPTSTK,WHIRLPOOL,26-May-2022,1880.0,PE,0.0,0.0,0.0,284.65,260.6,0,0.0,0,0,18-APR-2022,
OPTSTK,WHIRLPOOL,26-May-2022,1900.0,PE,0.0,0.0,0.0,300.4,278.45,0,0.0,0,0,18-APR-2022,
OPTSTK,WHIRLPOOL,26-May-2022,1920.0,PE,0.0,0.0,0.0,316.35,296.55,0,0.0,0,0,18-APR-2022,
OPTSTK,WHIRLPOOL,26-May-2022,1940.0,PE,0.0,0.0,0.0,332.65,314.95,0,0.0,0,0,18-APR-2022,
OPTSTK,WHIRLPOOL,26-May-2022,1960.0,PE,0.0,0.0,0.0,349.25,333.55,0,0.0,0,0,18-APR-2022,
OPTSTK,WHIRLPOOL,26-May-2022,1980.0,PE,0.0,0.0,0.0,366.05,352.35,0,0.0,0,0,18-APR-2022,
OPTSTK,WHIRLPOOL,26-May-2022,2000.0,PE,0.0,0.0,0.0,383.1,371.35,0,0.0,0,0,18-APR-2022,
OPTSTK,WHIRLPOOL,26-May-2022,2020.0,PE,0.0,0.0,0.0,400.4,390.5,0,0.0,0,0,18-APR-2022,
OPTSTK,WHIRLPOOL,26-May-2022,2040.0,PE,0.0,0.0,0.0,417.85,409.75,0,0.0,0,0,18-APR-2022,
OPTSTK,WHIRLPOOL,26-May-2022,2060.0,PE,0.0,0.0,0.0,435.5,429.1,0,0.0,0,0,18-APR-2022,
OPTSTK,WHIRLPOOL,26-May-2022,2080.0,PE,0.0,0.0,0.0,453.35,448.55,0,0.0,0,0,18-APR-2022,
OPTSTK,WHIRLPOOL,26-May-2022,2100.0,PE,0.0,0.0,0.0,471.35,468.1,0,0.0,0,0,18-APR-2022,
OPTSTK,WHIRLPOOL,26-May-2022,2120.0,PE,0.0,0.0,0.0,489.5,487.7,0,0.0,0,0,18-APR-2022,
OPTSTK,WHIRLPOOL,26-May-2022,2140.0,PE,0.0,0.0,0.0,507.8,507.35,0,0.0,0,0,18-APR-2022,
OPTSTK,WHIRLPOOL,26-May-2022,2160.0,PE,0.0,0.0,0.0,526.25,527.05,0,0.0,0,0,18-APR-2022,
OPTSTK,WHIRLPOOL,26-May-2022,2180.0,PE,0.0,0.0,0.0,544.8,546.8,0,0.0,0,0,18-APR-2022,
OPTSTK,WHIRLPOOL,26-May-2022,2200.0,PE,0.0,0.0,0.0,563.45,566.55,0,0.0,0,0,18-APR-2022,
OPTSTK,WHIRLPOOL,26-May-2022,2220.0,PE,0.0,0.0,0.0,582.2,586.35,0,0.0,0,0,18-APR-2022,
OPTSTK,WHIRLPOOL,26-May-2022,2240.0,PE,0.0,0.0,0.0,601.05,606.2,0,0.0,0,0,18-APR-2022,
OPTSTK,WHIRLPOOL,26-May-2022,2260.0,PE,0.0,0.0,0.0,620.0,626.05,0,0.0,0,0,18-APR-2022,
OPTSTK,WHIRLPOOL,26-May-2022,2280.0,PE,0.0,0.0,0.0,639.05,645.9,0,0.0,0,0,18-APR-2022,
OPTSTK,WHIRLPOOL,26-May-2022,2300.0,PE,0.0,0.0,0.0,658.1,665.75,0,0.0,0,0,18-APR-2022,
OPTSTK,WHIRLPOOL,26-May-2022,2320.0,PE,0.0,0.0,0.0,677.3,685.6,0,0.0,0,0,18-APR-2022,
OPTSTK,WHIRLPOOL,26-May-2022,2340.0,PE,0.0,0.0,0.0,696.5,705.5,0,0.0,0,0,18-APR-2022,
OPTSTK,WHIRLPOOL,26-May-2022,2360.0,PE,0.0,0.0,0.0,715.75,725.4,0,0.0,0,0,18-APR-2022,
OPTSTK,WHIRLPOOL,26-May-2022,2380.0,PE,0.0,0.0,0.0,735.1,745.3,0,0.0,0,0,18-APR-2022,
OPTSTK,WHIRLPOOL,30-Jun-2022,1180.0,CE,0.0,0.0,0.0,412.0,456.7,0,0.0,0,0,18-APR-2022,
OPTSTK,WHIRLPOOL,30-Jun-2022,1200.0,CE,0.0,0.0,0.0,393.75,437.6,0,0.0,0,0,18-APR-2022,
OPTSTK,WHIRLPOOL,30-Jun-2022,1220.0,CE,0.0,0.0,0.0,375.8,418.7,0,0.0,0,0,18-APR-2022,
OPTSTK,WHIRLPOOL,30-Jun-2022,1240.0,CE,0.0,0.0,0.0,358.1,399.95,0,0.0,0,0,18-APR-2022,
OPTSTK,WHIRLPOOL,30-Jun-2022,1260.0,CE,0.0,0.0,0.0,340.75,381.45,0,0.0,0,0,18-APR-2022,
OPTSTK,WHIRLPOOL,30-Jun-2022,1280.0,CE,0.0,0.0,0.0,323.8,363.15,0,0.0,0,0,18-APR-2022,
OPTSTK,WHIRLPOOL,30-Jun-2022,1300.0,CE,0.0,0.0,0.0,307.15,345.2,0,0.0,0,0,18-APR-2022,
OPTSTK,WHIRLPOOL,30-Jun-2022,1320.0,CE,0.0,0.0,0.0,290.95,327.55,0,0.0,0,0,18-APR-2022,
OPTSTK,WHIRLPOOL,30-Jun-2022,1340.0,CE,0.0,0.0,0.0,275.15,310.25,0,0.0,0,0,18-APR-2022,
OPTSTK,WHIRLPOOL,30-Jun-2022,1360.0,CE,0.0,0.0,0.0,259.8,293.3,0,0.0,0,0,18-APR-2022,
OPTSTK,WHIRLPOOL,30-Jun-2022,1380.0,CE,0.0,0.0,0.0,244.95,276.8,0,0.0,0,0,18-APR-2022,
OPTSTK,WHIRLPOOL,30-Jun-2022,1400.0,CE,0.0,0.0,0.0,230.55,260.7,0,0.0,0,0,18-APR-2022,
OPTSTK,WHIRLPOOL,30-Jun-2022,1420.0,CE,0.0,0.0,0.0,216.65,245.1,0,0.0,0,0,18-APR-2022,
OPTSTK,WHIRLPOOL,30-Jun-2022,1440.0,CE,0.0,0.0,0.0,203.2,230.0,0,0.0,0,0,18-APR-2022,
OPTSTK,WHIRLPOOL,30-Jun-2022,1460.0,CE,0.0,0.0,0.0,190.35,215.45,0,0.0,0,0,18-APR-2022,
OPTSTK,WHIRLPOOL,30-Jun-2022,1480.0,CE,0.0,0.0,0.0,178.05,201.35,0,0.0,0,0,18-APR-2022,
OPTSTK,WHIRLPOOL,30-Jun-2022,1500.0,CE,0.0,0.0,0.0,166.25,187.75,0,0.0,0,0,18-APR-2022,
OPTSTK,WHIRLPOOL,30-Jun-2022,1520.0,CE,0.0,0.0,0.0,155.0,174.8,0,0.0,0,0,18-APR-2022,
OPTSTK,WHIRLPOOL,30-Jun-2022,1540.0,CE,0.0,0.0,0.0,144.3,162.4,0,0.0,0,0,18-APR-2022,
OPTSTK,WHIRLPOOL,30-Jun-2022,1560.0,CE,0.0,0.0,0.0,134.1,150.6,0,0.0,0,0,18-APR-2022,
OPTSTK,WHIRLPOOL,30-Jun-2022,1580.0,CE,0.0,0.0,0.0,124.45,139.4,0,0.0,0,0,18-APR-2022,
OPTSTK,WHIRLPOOL,30-Jun-2022,1600.0,CE,0.0,0.0,0.0,115.3,128.8,0,0.0,0,0,18-APR-2022,
OPTSTK,WHIRLPOOL,30-Jun-2022,1620.0,CE,0.0,0.0,0.0,106.7,118.7,0,0.0,0,0,18-APR-2022,
OPTSTK,WHIRLPOOL,30-Jun-2022,1640.0,CE,0.0,0.0,0.0,98.6,109.25,0,0.0,0,0,18-APR-2022,
OPTSTK,WHIRLPOOL,30-Jun-2022,1660.0,CE,0.0,0.0,0.0,90.95,100.35,0,0.0,0,0,18-APR-2022,
OPTSTK,WHIRLPOOL,30-Jun-2022,1680.0,CE,0.0,0.0,0.0,83.8,92.0,0,0.0,0,0,18-APR-2022,
OPTSTK,WHIRLPOOL,30-Jun-2022,1700.0,CE,0.0,0.0,0.0,77.1,84.15,0,0.0,0,0,18-APR-2022,
OPTSTK,WHIRLPOOL,30-Jun-2022,1720.0,CE,0.0,0.0,0.0,70.8,76.85,0,0.0,0,0,18-APR-2022,
OPTSTK,WHIRLPOOL,30-Jun-2022,1740.0,CE,0.0,0.0,0.0,64.95,70.05,0,0.0,0,0,18-APR-2022,
OPTSTK,WHIRLPOOL,30-Jun-2022,1760.0,CE,0.0,0.0,0.0,59.5,63.75,0,0.0,0,0,18-APR-2022,
OPTSTK,WHIRLPOOL,30-Jun-2022,1780.0,CE,0.0,0.0,0.0,54.55,57.9,0,0.0,0,0,18-APR-2022,
OPTSTK,WHIRLPOOL,30-Jun-2022,1800.0,CE,0.0,0.0,0.0,49.85,52.5,0,0.0,0,0,18-APR-2022,
OPTSTK,WHIRLPOOL,30-Jun-2022,1820.0,CE,0.0,0.0,0.0,45.55,47.65,0,0.0,0,0,18-APR-2022,
OPTSTK,WHIRLPOOL,30-Jun-2022,1840.0,CE,0.0,0.0,0.0,41.5,43.05,0,0.0,0,0,18-APR-2022,
OPTSTK,WHIRLPOOL,30-Jun-2022,1860.0,CE,0.0,0.0,0.0,37.75,38.9,0,0.0,0,0,18-APR-2022,
OPTSTK,WHIRLPOOL,30-Jun-2022,1880.0,CE,0.0,0.0,0.0,34.35,35.0,0,0.0,0,0,18-APR-2022,
OPTSTK,WHIRLPOOL,30-Jun-2022,1900.0,CE,0.0,0.0,0.0,31.2,31.45,0,0.0,0,0,18-APR-2022,
OPTSTK,WHIRLPOOL,30-Jun-2022,1920.0,CE,0.0,0.0,0.0,28.35,28.25,0,0.0,0,0,18-APR-2022,
OPTSTK,WHIRLPOOL,30-Jun-2022,1940.0,CE,0.0,0.0,0.0,25.7,25.35,0,0.0,0,0,18-APR-2022,
OPTSTK,WHIRLPOOL,30-Jun-2022,1960.0,CE,0.0,0.0,0.0,23.25,22.7,0,0.0,0,0,18-APR-2022,
OPTSTK,WHIRLPOOL,30-Jun-2022,1980.0,CE,0.0,0.0,0.0,21.05,20.3,0,0.0,0,0,18-APR-2022,
OPTSTK,WHIRLPOOL,30-Jun-2022,2000.0,CE,0.0,0.0,0.0,19.0,18.1,0,0.0,0,0,18-APR-2022,
OPTSTK,WHIRLPOOL,30-Jun-2022,2020.0,CE,0.0,0.0,0.0,17.15,16.15,0,0.0,0,0,18-APR-2022,
OPTSTK,WHIRLPOOL,30-Jun-2022,2040.0,CE,0.0,0.0,0.0,15.5,14.4,0,0.0,0,0,18-APR-2022,
OPTSTK,WHIRLPOOL,30-Jun-2022,2060.0,CE,0.0,0.0,0.0,13.95,12.8,0,0.0,0,0,18-APR-2022,
OPTSTK,WHIRLPOOL,30-Jun-2022,2080.0,CE,0.0,0.0,0.0,12.55,11.35,0,0.0,0,0,18-APR-2022,
OPTSTK,WHIRLPOOL,30-Jun-2022,2100.0,CE,0.0,0.0,0.0,11.3,10.05,0,0.0,0,0,18-APR-2022,
OPTSTK,WHIRLPOOL,30-Jun-2022,2120.0,CE,0.0,0.0,0.0,10.15,8.9,0,0.0,0,0,18-APR-2022,
OPTSTK,WHIRLPOOL,30-Jun-2022,2140.0,CE,0.0,0.0,0.0,9.1,7.9,0,0.0,0,0,18-APR-2022,
OPTSTK,WHIRLPOOL,30-Jun-2022,2160.0,CE,0.0,0.0,0.0,8.15,6.95,0,0.0,0,0,18-APR-2022,
OPTSTK,WHIRLPOOL,30-Jun-2022,2180.0,CE,0.0,0.0,0.0,7.3,6.15,0,0.0,0,0,18-APR-2022,
OPTSTK,WHIRLPOOL,30-Jun-2022,2200.0,CE,0.0,0.0,0.0,6.55,5.4,0,0.0,0,0,18-APR-2022,
OPTSTK,WHIRLPOOL,30-Jun-2022,2220.0,CE,0.0,0.0,0.0,5.85,4.75,0,0.0,0,0,18-APR-2022,
OPTSTK,WHIRLPOOL,30-Jun-2022,1180.0,PE,0.0,0.0,0.0,6.7,2.45,0,0.0,0,0,18-APR-2022,
OPTSTK,WHIRLPOOL,30-Jun-2022,1200.0,PE,0.0,0.0,0.0,8.3,3.15,0,0.0,0,0,18-APR-2022,
OPTSTK,WHIRLPOOL,30-Jun-2022,1220.0,PE,0.0,0.0,0.0,10.1,4.05,0,0.0,0,0,18-APR-2022,
OPTSTK,WHIRLPOOL,30-Jun-2022,1240.0,PE,0.0,0.0,0.0,12.25,5.15,0,0.0,0,0,18-APR-2022,
OPTSTK,WHIRLPOOL,30-Jun-2022,1260.0,PE,0.0,0.0,0.0,14.65,6.45,0,0.0,0,0,18-APR-2022,
OPTSTK,WHIRLPOOL,30-Jun-2022,1280.0,PE,0.0,0.0,0.0,17.45,8.05,0,0.0,0,0,18-APR-2022,
OPTSTK,WHIRLPOOL,30-Jun-2022,1300.0,PE,0.0,0.0,0.0,20.65,9.9,0,0.0,0,0,18-APR-2022,
OPTSTK,WHIRLPOOL,30-Jun-2022,1320.0,PE,0.0,0.0,0.0,24.2,12.05,0,0.0,0,0,18-APR-2022,
OPTSTK,WHIRLPOOL,30-Jun-2022,1340.0,PE,0.0,0.0,0.0,28.2,14.6,0,0.0,0,0,18-APR-2022,
OPTSTK,WHIRLPOOL,30-Jun-2022,1360.0,PE,0.0,0.0,0.0,32.65,17.5,0,0.0,0,0,18-APR-2022,
OPTSTK,WHIRLPOOL,30-Jun-2022,1380.0,PE,0.0,0.0,0.0,37.6,20.8,0,0.0,0,0,18-APR-2022,
OPTSTK,WHIRLPOOL,30-Jun-2022,1400.0,PE,0.0,0.0,0.0,43.0,24.55,0,0.0,0,0,18-APR-2022,
OPTSTK,WHIRLPOOL,30-Jun-2022,1420.0,PE,0.0,0.0,0.0,48.85,28.8,0,0.0,0,0,18-APR-2022,
OPTSTK,WHIRLPOOL,30-Jun-2022,1440.0,PE,0.0,0.0,0.0,55.2,33.5,0,0.0,0,0,18-APR-2022,
OPTSTK,WHIRLPOOL,30-Jun-2022,1460.0,PE,0.0,0.0,0.0,62.15,38.75,0,0.0,0,0,18-APR-2022,
OPTSTK,WHIRLPOOL,30-Jun-2022,1480.0,PE,0.0,0.0,0.0,69.6,44.5,0,0.0,0,0,18-APR-2022,
OPTSTK,WHIRLPOOL,30-Jun-2022,1500.0,PE,0.0,0.0,0.0,77.6,50.75,0,0.0,0,0,18-APR-2022,
OPTSTK,WHIRLPOOL,30-Jun-2022,1520.0,PE,0.0,0.0,0.0,86.15,57.65,0,0.0,0,0,18-APR-2022,
OPTSTK,WHIRLPOOL,30-Jun-2022,1540.0,PE,0.0,0.0,0.0,95.25,65.1,0,0.0,0,0,18-APR-2022,
OPTSTK,WHIRLPOOL,30-Jun-2022,1560.0,PE,0.0,0.0,0.0,104.85,73.1,0,0.0,0,0,18-APR-2022,
OPTSTK,WHIRLPOOL,30-Jun-2022,1580.0,PE,0.0,0.0,0.0,115.0,81.75,0,0.0,0,0,18-APR-2022,
OPTSTK,WHIRLPOOL,30-Jun-2022,1600.0,PE,0.0,0.0,0.0,125.65,90.95,0,0.0,0,0,18-APR-2022,
OPTSTK,WHIRLPOOL,30-Jun-2022,1620.0,PE,0.0,0.0,0.0,136.8,100.7,0,0.0,0,0,18-APR-2022,
OPTSTK,WHIRLPOOL,30-Jun-2022,1640.0,PE,0.0,0.0,0.0,148.5,111.05,0,0.0,0,0,18-APR-2022,
OPTSTK,WHIRLPOOL,30-Jun-2022,1660.0,PE,0.0,0.0,0.0,160.65,122.0,0,0.0,0,0,18-APR-2022,
OPTSTK,WHIRLPOOL,30-Jun-2022,1680.0,PE,0.0,0.0,0.0,173.25,133.45,0,0.0,0,0,18-APR-2022,
OPTSTK,WHIRLPOOL,30-Jun-2022,1700.0,PE,0.0,0.0,0.0,186.35,145.45,0,0.0,0,0,18-APR-2022,
OPTSTK,WHIRLPOOL,30-Jun-2022,1720.0,PE,0.0,0.0,0.0,199.9,158.0,0,0.0,0,0,18-APR-2022,
OPTSTK,WHIRLPOOL,30-Jun-2022,1740.0,PE,0.0,0.0,0.0,213.8,171.05,0,0.0,0,0,18-APR-2022,
OPTSTK,WHIRLPOOL,30-Jun-2022,1760.0,PE,0.0,0.0,0.0,228.15,184.55,0,0.0,0,0,18-APR-2022,
OPTSTK,WHIRLPOOL,30-Jun-2022,1780.0,PE,0.0,0.0,0.0,243.0,198.55,0,0.0,0,0,18-APR-2022,
OPTSTK,WHIRLPOOL,30-Jun-2022,1800.0,PE,0.0,0.0,0.0,258.1,213.0,0,0.0,0,0,18-APR-2022,
OPTSTK,WHIRLPOOL,30-Jun-2022,1820.0,PE,0.0,0.0,0.0,273.55,227.95,0,0.0,0,0,18-APR-2022,
OPTSTK,WHIRLPOOL,30-Jun-2022,1840.0,PE,0.0,0.0,0.0,289.3,243.2,0,0.0,0,0,18-APR-2022,
OPTSTK,WHIRLPOOL,30-Jun-2022,1860.0,PE,0.0,0.0,0.0,305.35,258.85,0,0.0,0,0,18-APR-2022,
OPTSTK,WHIRLPOOL,30-Jun-2022,1880.0,PE,0.0,0.0,0.0,321.75,274.75,0,0.0,0,0,18-APR-2022,
OPTSTK,WHIRLPOOL,30-Jun-2022,1900.0,PE,0.0,0.0,0.0,338.4,291.1,0,0.0,0,0,18-APR-2022,
OPTSTK,WHIRLPOOL,30-Jun-2022,1920.0,PE,0.0,0.0,0.0,355.3,307.7,0,0.0,0,0,18-APR-2022,
OPTSTK,WHIRLPOOL,30-Jun-2022,1940.0,PE,0.0,0.0,0.0,372.45,324.6,0,0.0,0,0,18-APR-2022,
OPTSTK,WHIRLPOOL,30-Jun-2022,1960.0,PE,0.0,0.0,0.0,389.8,341.8,0,0.0,0,0,18-APR-2022,
OPTSTK,WHIRLPOOL,30-Jun-2022,1980.0,PE,0.0,0.0,0.0,407.35,359.25,0,0.0,0,0,18-APR-2022,
OPTSTK,WHIRLPOOL,30-Jun-2022,2000.0,PE,0.0,0.0,0.0,425.15,376.9,0,0.0,0,0,18-APR-2022,
OPTSTK,WHIRLPOOL,30-Jun-2022,2020.0,PE,0.0,0.0,0.0,443.05,394.75,0,0.0,0,0,18-APR-2022,
OPTSTK,WHIRLPOOL,30-Jun-2022,2040.0,PE,0.0,0.0,0.0,461.2,412.8,0,0.0,0,0,18-APR-2022,
OPTSTK,WHIRLPOOL,30-Jun-2022,2060.0,PE,0.0,0.0,0.0,479.45,431.05,0,0.0,0,0,18-APR-2022,
OPTSTK,WHIRLPOOL,30-Jun-2022,2080.0,PE,0.0,0.0,0.0,497.85,449.45,0,0.0,0,0,18-APR-2022,
OPTSTK,WHIRLPOOL,30-Jun-2022,2100.0,PE,0.0,0.0,0.0,516.35,468.0,0,0.0,0,0,18-APR-2022,
OPTSTK,WHIRLPOOL,30-Jun-2022,2120.0,PE,0.0,0.0,0.0,535.0,486.65,0,0.0,0,0,18-APR-2022,
OPTSTK,WHIRLPOOL,30-Jun-2022,2140.0,PE,0.0,0.0,0.0,553.75,505.45,0,0.0,0,0,18-APR-2022,
OPTSTK,WHIRLPOOL,30-Jun-2022,2160.0,PE,0.0,0.0,0.0,572.6,524.4,0,0.0,0,0,18-APR-2022,
OPTSTK,WHIRLPOOL,30-Jun-2022,2180.0,PE,0.0,0.0,0.0,591.55,543.4,0,0.0,0,0,18-APR-2022,
OPTSTK,WHIRLPOOL,30-Jun-2022,2200.0,PE,0.0,0.0,0.0,610.6,562.5,0,0.0,0,0,18-APR-2022,
OPTSTK,WHIRLPOOL,30-Jun-2022,2220.0,PE,0.0,0.0,0.0,629.7,581.7,0,0.0,0,0,18-APR-2022,
OPTSTK,WIPRO,28-Apr-2022,435.0,CE,0.0,0.0,0.0,118.4,104.1,0,0.0,0,0,18-APR-2022,
OPTSTK,WIPRO,28-Apr-2022,440.0,CE,0.0,0.0,0.0,114.05,99.1,0,0.0,0,0,18-APR-2022,
OPTSTK,WIPRO,28-Apr-2022,445.0,CE,0.0,0.0,0.0,109.8,94.15,0,0.0,0,0,18-APR-2022,
OPTSTK,WIPRO,28-Apr-2022,450.0,CE,0.0,0.0,0.0,105.55,89.15,0,0.0,0,0,18-APR-2022,
OPTSTK,WIPRO,28-Apr-2022,455.0,CE,0.0,0.0,0.0,101.4,84.15,0,0.0,0,0,18-APR-2022,
OPTSTK,WIPRO,28-Apr-2022,460.0,CE,0.0,0.0,0.0,97.35,79.15,0,0.0,0,0,18-APR-2022,
OPTSTK,WIPRO,28-Apr-2022,465.0,CE,0.0,0.0,0.0,93.35,74.2,0,0.0,0,0,18-APR-2022,
OPTSTK,WIPRO,28-Apr-2022,470.0,CE,0.0,0.0,0.0,89.45,69.25,0,0.0,0,0,18-APR-2022,
OPTSTK,WIPRO,28-Apr-2022,475.0,CE,0.0,0.0,0.0,85.65,64.35,0,0.0,0,0,18-APR-2022,
OPTSTK,WIPRO,28-Apr-2022,480.0,CE,0.0,0.0,0.0,81.9,59.45,0,0.0,0,0,18-APR-2022,
OPTSTK,WIPRO,28-Apr-2022,485.0,CE,0.0,0.0,0.0,78.3,54.65,0,0.0,0,0,18-APR-2022,
OPTSTK,WIPRO,28-Apr-2022,490.0,CE,0.0,0.0,0.0,74.7,49.9,0,0.0,0,0,18-APR-2022,
OPTSTK,WIPRO,28-Apr-2022,495.0,CE,0.0,0.0,0.0,71.25,45.25,0,0.0,0,0,18-APR-2022,
OPTSTK,WIPRO,28-Apr-2022,500.0,CE,50.0,52.15,40.95,42.8,42.8,62,270.96,28800,16800,18-APR-2022,
OPTSTK,WIPRO,28-Apr-2022,505.0,CE,0.0,0.0,0.0,64.6,36.35,0,0.0,0,0,18-APR-2022,
OPTSTK,WIPRO,28-Apr-2022,510.0,CE,0.0,0.0,0.0,61.45,32.15,0,0.0,0,0,18-APR-2022,
OPTSTK,WIPRO,28-Apr-2022,515.0,CE,0.0,0.0,0.0,58.4,28.2,0,0.0,0,0,18-APR-2022,
OPTSTK,WIPRO,28-Apr-2022,520.0,CE,28.5,29.05,25.0,26.1,26.1,21,91.73,6400,6400,18-APR-2022,
OPTSTK,WIPRO,28-Apr-2022,525.0,CE,0.0,0.0,0.0,52.6,21.0,0,0.0,0,0,18-APR-2022,
OPTSTK,WIPRO,28-Apr-2022,530.0,CE,24.3,24.3,16.9,17.95,17.95,149,653.5,34400,28000,18-APR-2022,
OPTSTK,WIPRO,28-Apr-2022,535.0,CE,15.0,15.5,14.0,14.8,14.8,54,237.54,20000,20000,18-APR-2022,
OPTSTK,WIPRO,28-Apr-2022,540.0,CE,21.0,21.0,11.1,11.9,11.9,2451,10853.34,472000,433600,18-APR-2022,
OPTSTK,WIPRO,28-Apr-2022,545.0,CE,14.0,15.7,8.95,9.4,9.4,780,3471.2,128800,128800,18-APR-2022,
OPTSTK,WIPRO,28-Apr-2022,550.0,CE,12.0,13.2,7.0,7.35,7.35,3591,16067.0,811200,631200,18-APR-2022,
OPTSTK,WIPRO,28-Apr-2022,555.0,CE,4.05,11.5,4.05,5.7,5.7,848,3812.96,169600,121600,18-APR-2022,
OPTSTK,WIPRO,28-Apr-2022,560.0,CE,8.0,9.05,4.3,4.45,4.45,3856,17452.94,1346400,572000,18-APR-2022,
OPTSTK,WIPRO,28-Apr-2022,565.0,CE,5.9,6.35,3.4,3.55,3.55,989,4506.53,371200,98400,18-APR-2022,
OPTSTK,WIPRO,28-Apr-2022,570.0,CE,7.35,7.35,2.7,2.8,2.8,3107,14259.23,1437600,568000,18-APR-2022,
OPTSTK,WIPRO,28-Apr-2022,575.0,CE,6.55,6.55,2.3,2.4,2.4,1318,6094.47,559200,213600,18-APR-2022,
OPTSTK,WIPRO,28-Apr-2022,580.0,CE,4.9,4.9,1.95,2.05,2.05,3278,15274.98,1843200,233600,18-APR-2022,
OPTSTK,WIPRO,28-Apr-2022,585.0,CE,2.05,2.7,1.75,1.85,1.85,805,3781.76,422400,-100000,18-APR-2022,
OPTSTK,WIPRO,28-Apr-2022,590.0,CE,3.0,3.0,1.55,1.65,1.65,1991,9428.28,1294400,-263200,18-APR-2022,
OPTSTK,WIPRO,28-Apr-2022,595.0,CE,0.45,2.05,0.45,1.55,1.55,970,4630.61,558400,82400,18-APR-2022,
OPTSTK,WIPRO,28-Apr-2022,600.0,CE,2.5,2.5,1.35,1.5,1.5,5435,26159.94,5449600,216000,18-APR-2022,
OPTSTK,WIPRO,28-Apr-2022,605.0,CE,1.8,2.0,1.1,1.35,1.35,655,3178.15,659200,-20000,18-APR-2022,
OPTSTK,WIPRO,28-Apr-2022,610.0,CE,1.7,1.95,1.1,1.2,1.2,3074,15035.0,2952000,305600,18-APR-2022,
OPTSTK,WIPRO,28-Apr-2022,615.0,CE,1.05,1.45,1.0,1.1,1.1,313,1542.97,283200,-42400,18-APR-2022,
OPTSTK,WIPRO,28-Apr-2022,620.0,CE,1.5,1.65,0.8,0.95,0.95,1966,9768.26,1776000,166400,18-APR-2022,
OPTSTK,WIPRO,28-Apr-2022,625.0,CE,0.9,1.25,0.8,0.9,0.9,308,1542.47,221600,-2400,18-APR-2022,
OPTSTK,WIPRO,28-Apr-2022,630.0,CE,1.1,1.1,0.7,0.8,0.8,984,4966.4,993600,88000,18-APR-2022,
OPTSTK,WIPRO,28-Apr-2022,635.0,CE,0.8,0.95,0.65,0.75,0.75,174,885.07,189600,800,18-APR-2022,
OPTSTK,WIPRO,28-Apr-2022,640.0,CE,0.9,0.9,0.55,0.75,0.75,834,4274.92,607200,-128800,18-APR-2022,
OPTSTK,WIPRO,28-Apr-2022,645.0,CE,0.65,0.75,0.55,0.65,0.65,140,723.14,149600,-22400,18-APR-2022,
OPTSTK,WIPRO,28-Apr-2022,650.0,CE,0.9,0.9,0.5,0.65,0.65,2158,11232.02,3737600,-216000,18-APR-2022,
OPTSTK,WIPRO,28-Apr-2022,655.0,CE,0.5,0.6,0.5,0.6,0.05,18,94.39,70400,-800,18-APR-2022,
OPTSTK,WIPRO,28-Apr-2022,660.0,CE,0.65,0.65,0.35,0.5,0.5,507,2678.88,384000,-156800,18-APR-2022,
OPTSTK,WIPRO,28-Apr-2022,665.0,CE,0.45,0.5,0.45,0.5,0.5,23,122.44,20000,800,18-APR-2022,
OPTSTK,WIPRO,28-Apr-2022,670.0,CE,0.4,0.55,0.35,0.45,0.45,220,1179.94,203200,9600,18-APR-2022,
OPTSTK,WIPRO,28-Apr-2022,675.0,CE,0.5,0.5,0.1,0.1,0.0,3,16.2,20000,800,18-APR-2022,
OPTSTK,WIPRO,28-Apr-2022,680.0,CE,0.4,0.4,0.2,0.4,0.4,185,1006.87,281600,-56800,18-APR-2022,
OPTSTK,WIPRO,28-Apr-2022,685.0,CE,0.0,0.0,0.0,0.65,0.0,0,0.0,23200,0,18-APR-2022,
OPTSTK,WIPRO,28-Apr-2022,690.0,CE,0.35,0.4,0.25,0.3,0.3,78,430.75,121600,-8800,18-APR-2022,
OPTSTK,WIPRO,28-Apr-2022,695.0,CE,0.0,0.0,0.0,5.35,0.0,0,0.0,0,0,18-APR-2022,
OPTSTK,WIPRO,28-Apr-2022,700.0,CE,0.4,0.4,0.2,0.3,0.3,905,5070.26,1411200,-80800,18-APR-2022,
OPTSTK,WIPRO,28-Apr-2022,705.0,CE,0.0,0.0,0.0,4.55,0.0,0,0.0,0,0,18-APR-2022,
OPTSTK,WIPRO,28-Apr-2022,710.0,CE,0.3,0.35,0.25,0.25,0.25,44,250.01,125600,-5600,18-APR-2022,
OPTSTK,WIPRO,28-Apr-2022,715.0,CE,0.0,0.0,0.0,3.9,0.0,0,0.0,0,0,18-APR-2022,
OPTSTK,WIPRO,28-Apr-2022,720.0,CE,0.35,0.35,0.15,0.2,0.2,36,207.42,147200,-1600,18-APR-2022,
OPTSTK,WIPRO,28-Apr-2022,725.0,CE,0.0,0.0,0.0,1.6,0.0,0,0.0,1600,0,18-APR-2022,
OPTSTK,WIPRO,28-Apr-2022,730.0,CE,0.15,0.2,0.1,0.15,0.15,27,157.71,52000,-18400,18-APR-2022,
OPTSTK,WIPRO,28-Apr-2022,735.0,CE,0.0,0.0,0.0,2.8,0.0,0,0.0,0,0,18-APR-2022,
OPTSTK,WIPRO,28-Apr-2022,740.0,CE,0.2,0.2,0.1,0.1,0.1,123,728.28,182400,-6400,18-APR-2022,
OPTSTK,WIPRO,28-Apr-2022,745.0,CE,0.1,0.15,0.05,0.1,0.1,60,357.64,60800,-13600,18-APR-2022,
OPTSTK,WIPRO,28-Apr-2022,435.0,PE,0.05,0.05,0.05,0.05,0.0,1,3.48,800,800,18-APR-2022,
OPTSTK,WIPRO,28-Apr-2022,440.0,PE,0.0,0.0,0.0,4.75,0.0,0,0.0,0,0,18-APR-2022,
OPTSTK,WIPRO,28-Apr-2022,445.0,PE,0.0,0.0,0.0,5.4,0.05,0,0.0,0,0,18-APR-2022,
OPTSTK,WIPRO,28-Apr-2022,450.0,PE,0.2,0.4,0.2,0.3,0.3,65,234.15,66400,14400,18-APR-2022,
OPTSTK,WIPRO,28-Apr-2022,455.0,PE,0.0,0.0,0.0,6.95,0.05,0,0.0,0,0,18-APR-2022,
OPTSTK,WIPRO,28-Apr-2022,460.0,PE,0.0,0.0,0.0,7.8,0.05,0,0.0,0,0,18-APR-2022,
OPTSTK,WIPRO,28-Apr-2022,465.0,PE,0.0,0.0,0.0,8.75,0.1,0,0.0,0,0,18-APR-2022,
OPTSTK,WIPRO,28-Apr-2022,470.0,PE,0.65,0.8,0.55,0.65,0.65,38,143.07,11200,11200,18-APR-2022,
OPTSTK,WIPRO,28-Apr-2022,475.0,PE,0.0,0.0,0.0,10.95,0.2,0,0.0,0,0,18-APR-2022,
OPTSTK,WIPRO,28-Apr-2022,480.0,PE,1.0,1.1,0.8,0.95,0.95,112,430.96,34400,34400,18-APR-2022,
OPTSTK,WIPRO,28-Apr-2022,485.0,PE,0.0,0.0,0.0,13.45,0.5,0,0.0,0,0,18-APR-2022,
OPTSTK,WIPRO,28-Apr-2022,490.0,PE,1.35,1.8,1.25,1.4,1.4,388,1525.4,79200,1600,18-APR-2022,
OPTSTK,WIPRO,28-Apr-2022,495.0,PE,0.0,0.0,0.0,16.35,1.1,0,0.0,0,0,18-APR-2022,
OPTSTK,WIPRO,28-Apr-2022,500.0,PE,1.75,2.7,1.75,2.0,2.0,1843,7403.94,1072800,223200,18-APR-2022,
OPTSTK,WIPRO,28-Apr-2022,505.0,PE,3.85,3.85,2.25,2.45,2.45,96,389.9,48800,40800,18-APR-2022,
OPTSTK,WIPRO,28-Apr-2022,510.0,PE,2.15,4.05,2.15,3.0,3.0,832,3416.45,294400,90400,18-APR-2022,
OPTSTK,WIPRO,28-Apr-2022,515.0,PE,2.85,4.8,2.85,3.7,3.7,312,1295.19,102400,102400,18-APR-2022,
OPTSTK,WIPRO,28-Apr-2022,520.0,PE,3.75,5.95,3.5,4.45,4.45,1959,8225.62,742400,-13600,18-APR-2022,
OPTSTK,WIPRO,28-Apr-2022,525.0,PE,3.6,7.25,3.6,5.55,5.55,570,2420.85,131200,31200,18-APR-2022,
OPTSTK,WIPRO,28-Apr-2022,530.0,PE,5.95,9.75,5.95,6.95,6.95,1847,7938.97,401600,-13600,18-APR-2022,
OPTSTK,WIPRO,28-Apr-2022,535.0,PE,7.8,10.85,7.65,8.7,8.7,732,3184.98,171200,-45600,18-APR-2022,
OPTSTK,WIPRO,28-Apr-2022,540.0,PE,10.8,13.25,9.05,10.8,10.8,3452,15211.97,641600,-62400,18-APR-2022,
OPTSTK,WIPRO,28-Apr-2022,545.0,PE,12.0,15.9,10.8,13.45,13.45,773,3448.42,108000,-9600,18-APR-2022,
OPTSTK,WIPRO,28-Apr-2022,550.0,PE,12.45,19.0,12.45,16.05,16.05,2282,10312.91,962400,12000,18-APR-2022,
OPTSTK,WIPRO,28-Apr-2022,555.0,PE,25.4,25.4,15.35,19.65,19.65,237,1086.48,96000,1600,18-APR-2022,
OPTSTK,WIPRO,28-Apr-2022,560.0,PE,17.2,25.6,17.2,23.3,23.3,1005,4672.77,463200,-268800,18-APR-2022,
OPTSTK,WIPRO,28-Apr-2022,565.0,PE,22.0,30.45,21.5,27.35,27.35,182,860.25,92800,-12800,18-APR-2022,
OPTSTK,WIPRO,28-Apr-2022,570.0,PE,27.95,34.2,25.1,31.6,31.6,362,1736.22,364800,-64000,18-APR-2022,
OPTSTK,WIPRO,28-Apr-2022,575.0,PE,33.45,37.9,30.35,36.25,36.25,84,409.59,120000,-23200,18-APR-2022,
OPTSTK,WIPRO,28-Apr-2022,580.0,PE,35.1,43.4,33.1,40.65,40.65,230,1139.38,580000,-103200,18-APR-2022,
OPTSTK,WIPRO,28-Apr-2022,585.0,PE,36.95,47.5,36.95,45.7,45.7,28,140.77,136000,-8000,18-APR-2022,
OPTSTK,WIPRO,28-Apr-2022,590.0,PE,45.0,53.3,42.45,50.5,50.5,89,455.06,568800,-18400,18-APR-2022,
OPTSTK,WIPRO,28-Apr-2022,595.0,PE,47.8,57.2,47.8,56.95,56.95,18,93.4,175200,-5600,18-APR-2022,
OPTSTK,WIPRO,28-Apr-2022,600.0,PE,55.0,63.1,51.6,60.2,60.2,247,1298.06,888800,-43200,18-APR-2022,
OPTSTK,WIPRO,28-Apr-2022,605.0,PE,61.2,65.0,61.2,64.7,66.1,5,26.73,145600,-1600,18-APR-2022,
OPTSTK,WIPRO,28-Apr-2022,610.0,PE,63.2,71.35,63.2,70.1,70.1,13,70.46,213600,-1600,18-APR-2022,
OPTSTK,WIPRO,28-Apr-2022,615.0,PE,0.0,0.0,0.0,54.75,75.9,0,0.0,19200,0,18-APR-2022,
OPTSTK,WIPRO,28-Apr-2022,620.0,PE,71.9,79.85,71.9,79.5,80.85,5,27.92,142400,-2400,18-APR-2022,
OPTSTK,WIPRO,28-Apr-2022,625.0,PE,0.0,0.0,0.0,89.0,85.8,0,0.0,0,0,18-APR-2022,
OPTSTK,WIPRO,28-Apr-2022,630.0,PE,85.7,89.0,85.7,89.0,90.75,2,11.47,126400,0,18-APR-2022,
OPTSTK,WIPRO,28-Apr-2022,635.0,PE,0.0,0.0,0.0,96.85,95.75,0,0.0,0,0,18-APR-2022,
OPTSTK,WIPRO,28-Apr-2022,640.0,PE,92.7,98.55,92.65,98.55,100.7,4,23.5,41600,0,18-APR-2022,
OPTSTK,WIPRO,28-Apr-2022,645.0,PE,0.0,0.0,0.0,105.0,105.7,0,0.0,0,0,18-APR-2022,
OPTSTK,WIPRO,28-Apr-2022,650.0,PE,104.5,111.3,104.15,108.75,108.75,13,78.79,397600,-5600,18-APR-2022,
OPTSTK,WIPRO,28-Apr-2022,655.0,PE,0.0,0.0,0.0,113.3,115.7,0,0.0,0,0,18-APR-2022,
OPTSTK,WIPRO,28-Apr-2022,660.0,PE,112.75,119.0,112.75,119.0,119.0,6,37.19,76800,-4000,18-APR-2022,
OPTSTK,WIPRO,28-Apr-2022,665.0,PE,0.0,0.0,0.0,65.0,125.65,0,0.0,2400,0,18-APR-2022,
OPTSTK,WIPRO,28-Apr-2022,670.0,PE,0.0,0.0,0.0,78.0,130.65,0,0.0,4000,0,18-APR-2022,
OPTSTK,WIPRO,28-Apr-2022,675.0,PE,0.0,0.0,0.0,130.55,135.65,0,0.0,0,0,18-APR-2022,
OPTSTK,WIPRO,28-Apr-2022,680.0,PE,0.0,0.0,0.0,88.8,140.65,0,0.0,8800,0,18-APR-2022,
OPTSTK,WIPRO,28-Apr-2022,685.0,PE,0.0,0.0,0.0,139.35,145.65,0,0.0,0,0,18-APR-2022,
OPTSTK,WIPRO,28-Apr-2022,690.0,PE,0.0,0.0,0.0,89.7,150.65,0,0.0,1600,0,18-APR-2022,
OPTSTK,WIPRO,28-Apr-2022,695.0,PE,0.0,0.0,0.0,148.35,155.65,0,0.0,0,0,18-APR-2022,
OPTSTK,WIPRO,28-Apr-2022,700.0,PE,159.0,159.0,159.0,159.0,160.65,1,6.87,116000,-800,18-APR-2022,
OPTSTK,WIPRO,28-Apr-2022,705.0,PE,0.0,0.0,0.0,157.45,165.65,0,0.0,0,0,18-APR-2022,
OPTSTK,WIPRO,28-Apr-2022,710.0,PE,0.0,0.0,0.0,162.05,170.6,0,0.0,0,0,18-APR-2022,
OPTSTK,WIPRO,28-Apr-2022,715.0,PE,0.0,0.0,0.0,166.7,175.6,0,0.0,0,0,18-APR-2022,
OPTSTK,WIPRO,28-Apr-2022,720.0,PE,0.0,0.0,0.0,171.3,180.6,0,0.0,0,0,18-APR-2022,
OPTSTK,WIPRO,28-Apr-2022,725.0,PE,0.0,0.0,0.0,176.0,185.6,0,0.0,0,0,18-APR-2022,
OPTSTK,WIPRO,28-Apr-2022,730.0,PE,0.0,0.0,0.0,180.7,190.6,0,0.0,0,0,18-APR-2022,
OPTSTK,WIPRO,28-Apr-2022,735.0,PE,0.0,0.0,0.0,185.4,195.6,0,0.0,0,0,18-APR-2022,
OPTSTK,WIPRO,28-Apr-2022,740.0,PE,0.0,0.0,0.0,146.95,200.6,0,0.0,800,0,18-APR-2022,
OPTSTK,WIPRO,28-Apr-2022,745.0,PE,0.0,0.0,0.0,194.85,205.6,0,0.0,0,0,18-APR-2022,
OPTSTK,WIPRO,26-May-2022,435.0,CE,0.0,0.0,0.0,111.5,106.2,0,0.0,0,0,18-APR-2022,
OPTSTK,WIPRO,26-May-2022,440.0,CE,0.0,0.0,0.0,107.25,101.45,0,0.0,0,0,18-APR-2022,
OPTSTK,WIPRO,26-May-2022,445.0,CE,0.0,0.0,0.0,103.05,96.7,0,0.0,0,0,18-APR-2022,
OPTSTK,WIPRO,26-May-2022,450.0,CE,0.0,0.0,0.0,98.95,92.0,0,0.0,0,0,18-APR-2022,
OPTSTK,WIPRO,26-May-2022,455.0,CE,0.0,0.0,0.0,94.9,87.35,0,0.0,0,0,18-APR-2022,
OPTSTK,WIPRO,26-May-2022,460.0,CE,0.0,0.0,0.0,90.9,82.8,0,0.0,0,0,18-APR-2022,
OPTSTK,WIPRO,26-May-2022,465.0,CE,0.0,0.0,0.0,87.05,78.35,0,0.0,0,0,18-APR-2022,
OPTSTK,WIPRO,26-May-2022,470.0,CE,0.0,0.0,0.0,83.25,73.95,0,0.0,0,0,18-APR-2022,
OPTSTK,WIPRO,26-May-2022,475.0,CE,0.0,0.0,0.0,79.55,69.6,0,0.0,0,0,18-APR-2022,
OPTSTK,WIPRO,26-May-2022,480.0,CE,0.0,0.0,0.0,75.95,65.4,0,0.0,0,0,18-APR-2022,
OPTSTK,WIPRO,26-May-2022,485.0,CE,0.0,0.0,0.0,72.4,61.3,0,0.0,0,0,18-APR-2022,
OPTSTK,WIPRO,26-May-2022,490.0,CE,0.0,0.0,0.0,69.0,57.35,0,0.0,0,0,18-APR-2022,
OPTSTK,WIPRO,26-May-2022,495.0,CE,0.0,0.0,0.0,65.65,53.5,0,0.0,0,0,18-APR-2022,
OPTSTK,WIPRO,26-May-2022,500.0,CE,0.0,0.0,0.0,104.0,49.8,0,0.0,800,0,18-APR-2022,
OPTSTK,WIPRO,26-May-2022,505.0,CE,0.0,0.0,0.0,59.35,46.2,0,0.0,0,0,18-APR-2022,
OPTSTK,WIPRO,26-May-2022,510.0,CE,0.0,0.0,0.0,56.3,42.8,0,0.0,0,0,18-APR-2022,
OPTSTK,WIPRO,26-May-2022,515.0,CE,0.0,0.0,0.0,53.4,39.5,0,0.0,0,0,18-APR-2022,
OPTSTK,WIPRO,26-May-2022,520.0,CE,0.0,0.0,0.0,50.6,36.4,0,0.0,0,0,18-APR-2022,
OPTSTK,WIPRO,26-May-2022,525.0,CE,0.0,0.0,0.0,47.9,33.4,0,0.0,0,0,18-APR-2022,
OPTSTK,WIPRO,26-May-2022,530.0,CE,0.0,0.0,0.0,45.3,30.6,0,0.0,0,0,18-APR-2022,
OPTSTK,WIPRO,26-May-2022,535.0,CE,0.0,0.0,0.0,42.8,28.0,0,0.0,0,0,18-APR-2022,
OPTSTK,WIPRO,26-May-2022,540.0,CE,29.0,29.0,26.45,28.55,28.55,50,227.17,24800,24800,18-APR-2022,
OPTSTK,WIPRO,26-May-2022,545.0,CE,31.0,31.0,28.5,28.5,23.15,3,13.8,2400,2400,18-APR-2022,
OPTSTK,WIPRO,26-May-2022,550.0,CE,27.5,30.4,22.15,23.75,23.75,278,1277.85,144000,124800,18-APR-2022,
OPTSTK,WIPRO,26-May-2022,555.0,CE,0.0,0.0,0.0,33.75,19.0,0,0.0,0,0,18-APR-2022,
OPTSTK,WIPRO,26-May-2022,560.0,CE,25.0,25.0,11.0,19.7,19.7,157,729.24,79200,40000,18-APR-2022,
OPTSTK,WIPRO,26-May-2022,565.0,CE,0.0,0.0,0.0,29.85,15.4,0,0.0,0,0,18-APR-2022,
OPTSTK,WIPRO,26-May-2022,570.0,CE,19.25,19.35,15.8,16.6,16.6,39,183.21,32000,15200,18-APR-2022,
OPTSTK,WIPRO,26-May-2022,575.0,CE,17.0,17.0,14.55,16.5,12.35,3,14.18,800,0,18-APR-2022,
OPTSTK,WIPRO,26-May-2022,580.0,CE,19.5,19.5,13.0,13.2,13.2,137,651.61,63200,41600,18-APR-2022,
OPTSTK,WIPRO,26-May-2022,585.0,CE,8.0,8.0,8.0,8.0,9.8,1,4.74,800,800,18-APR-2022,
OPTSTK,WIPRO,26-May-2022,590.0,CE,11.95,12.0,10.7,10.75,10.75,27,129.87,44800,7200,18-APR-2022,
OPTSTK,WIPRO,26-May-2022,595.0,CE,0.0,0.0,0.0,20.2,7.7,0,0.0,0,0,18-APR-2022,
OPTSTK,WIPRO,26-May-2022,600.0,CE,11.5,12.0,8.5,8.9,8.9,388,1892.11,459200,91200,18-APR-2022,
OPTSTK,WIPRO,26-May-2022,605.0,CE,0.0,0.0,0.0,17.6,6.0,0,0.0,0,0,18-APR-2022,
OPTSTK,WIPRO,26-May-2022,610.0,CE,7.45,7.6,7.0,7.0,7.0,16,79.01,10400,4000,18-APR-2022,
OPTSTK,WIPRO,26-May-2022,615.0,CE,0.0,0.0,0.0,15.35,4.6,0,0.0,0,0,18-APR-2022,
OPTSTK,WIPRO,26-May-2022,620.0,CE,7.0,7.3,5.55,5.85,5.85,51,255.49,69600,-4000,18-APR-2022,
OPTSTK,WIPRO,26-May-2022,625.0,CE,0.0,0.0,0.0,13.25,3.5,0,0.0,0,0,18-APR-2022,
OPTSTK,WIPRO,26-May-2022,630.0,CE,6.95,6.95,4.5,4.5,3.05,10,50.8,8000,4000,18-APR-2022,
OPTSTK,WIPRO,26-May-2022,635.0,CE,0.0,0.0,0.0,11.45,2.65,0,0.0,0,0,18-APR-2022,
OPTSTK,WIPRO,26-May-2022,640.0,CE,4.3,4.3,3.85,3.85,2.3,5,25.76,8800,2400,18-APR-2022,
OPTSTK,WIPRO,26-May-2022,645.0,CE,0.0,0.0,0.0,9.9,2.0,0,0.0,0,0,18-APR-2022,
OPTSTK,WIPRO,26-May-2022,650.0,CE,4.95,4.95,2.85,3.3,3.3,131,684.79,178400,31200,18-APR-2022,
OPTSTK,WIPRO,26-May-2022,655.0,CE,0.0,0.0,0.0,8.5,1.45,0,0.0,0,0,18-APR-2022,
OPTSTK,WIPRO,26-May-2022,660.0,CE,0.0,0.0,0.0,7.85,1.25,0,0.0,0,0,18-APR-2022,
OPTSTK,WIPRO,26-May-2022,665.0,CE,0.0,0.0,0.0,7.3,1.1,0,0.0,0,0,18-APR-2022,
OPTSTK,WIPRO,26-May-2022,670.0,CE,0.0,0.0,0.0,6.75,0.95,0,0.0,0,0,18-APR-2022,
OPTSTK,WIPRO,26-May-2022,675.0,CE,0.0,0.0,0.0,6.2,0.8,0,0.0,0,0,18-APR-2022,
OPTSTK,WIPRO,26-May-2022,680.0,CE,0.0,0.0,0.0,5.75,0.7,0,0.0,0,0,18-APR-2022,
OPTSTK,WIPRO,26-May-2022,685.0,CE,0.0,0.0,0.0,5.3,0.6,0,0.0,0,0,18-APR-2022,
OPTSTK,WIPRO,26-May-2022,690.0,CE,0.0,0.0,0.0,4.9,0.5,0,0.0,0,0,18-APR-2022,
OPTSTK,WIPRO,26-May-2022,695.0,CE,0.0,0.0,0.0,4.45,0.4,0,0.0,800,0,18-APR-2022,
OPTSTK,WIPRO,26-May-2022,700.0,CE,2.1,2.2,1.35,1.6,1.6,107,600.58,175200,15200,18-APR-2022,
OPTSTK,WIPRO,26-May-2022,705.0,CE,0.0,0.0,0.0,3.85,0.3,0,0.0,0,0,18-APR-2022,
OPTSTK,WIPRO,26-May-2022,710.0,CE,1.1,1.1,1.1,1.1,0.25,2,11.37,4800,1600,18-APR-2022,
OPTSTK,WIPRO,26-May-2022,715.0,CE,0.0,0.0,0.0,3.25,0.2,0,0.0,0,0,18-APR-2022,
OPTSTK,WIPRO,26-May-2022,720.0,CE,0.0,0.0,0.0,3.0,0.2,0,0.0,0,0,18-APR-2022,
OPTSTK,WIPRO,26-May-2022,725.0,CE,0.0,0.0,0.0,2.75,0.15,0,0.0,0,0,18-APR-2022,
OPTSTK,WIPRO,26-May-2022,730.0,CE,0.0,0.0,0.0,2.5,0.15,0,0.0,0,0,18-APR-2022,
OPTSTK,WIPRO,26-May-2022,735.0,CE,0.0,0.0,0.0,2.3,0.1,0,0.0,0,0,18-APR-2022,
OPTSTK,WIPRO,26-May-2022,435.0,PE,0.0,0.0,0.0,4.8,0.7,0,0.0,0,0,18-APR-2022,
OPTSTK,WIPRO,26-May-2022,440.0,PE,0.0,0.0,0.0,5.5,0.9,0,0.0,0,0,18-APR-2022,
OPTSTK,WIPRO,26-May-2022,445.0,PE,0.0,0.0,0.0,6.25,1.1,0,0.0,0,0,18-APR-2022,
OPTSTK,WIPRO,26-May-2022,450.0,PE,2.0,2.0,2.0,2.0,2.0,2,7.23,1600,1600,18-APR-2022,
OPTSTK,WIPRO,26-May-2022,455.0,PE,0.0,0.0,0.0,7.95,1.75,0,0.0,0,0,18-APR-2022,
OPTSTK,WIPRO,26-May-2022,460.0,PE,0.0,0.0,0.0,8.95,2.2,0,0.0,0,0,18-APR-2022,
OPTSTK,WIPRO,26-May-2022,465.0,PE,0.0,0.0,0.0,10.0,2.65,0,0.0,0,0,18-APR-2022,
OPTSTK,WIPRO,26-May-2022,470.0,PE,4.0,5.0,4.0,5.0,5.0,3,11.39,1600,1600,18-APR-2022,
OPTSTK,WIPRO,26-May-2022,475.0,PE,0.0,0.0,0.0,12.45,3.9,0,0.0,0,0,18-APR-2022,
OPTSTK,WIPRO,26-May-2022,480.0,PE,5.0,6.5,5.0,5.7,5.7,119,462.62,68800,64000,18-APR-2022,
OPTSTK,WIPRO,26-May-2022,485.0,PE,0.0,0.0,0.0,15.2,5.6,0,0.0,0,0,18-APR-2022,
OPTSTK,WIPRO,26-May-2022,490.0,PE,0.0,0.0,0.0,16.7,6.6,0,0.0,0,0,18-APR-2022,
OPTSTK,WIPRO,26-May-2022,495.0,PE,0.0,0.0,0.0,18.35,7.7,0,0.0,0,0,18-APR-2022,
OPTSTK,WIPRO,26-May-2022,500.0,PE,7.0,11.25,7.0,9.85,9.85,324,1322.18,304800,134400,18-APR-2022,
OPTSTK,WIPRO,26-May-2022,505.0,PE,17.0,17.0,11.0,11.0,10.35,2,8.3,800,800,18-APR-2022,
OPTSTK,WIPRO,26-May-2022,510.0,PE,0.0,0.0,0.0,23.8,11.95,0,0.0,0,0,18-APR-2022,
OPTSTK,WIPRO,26-May-2022,515.0,PE,0.0,0.0,0.0,5.8,13.65,0,0.0,800,0,18-APR-2022,
OPTSTK,WIPRO,26-May-2022,520.0,PE,15.0,18.0,15.0,16.3,15.5,37,158.91,32800,15200,18-APR-2022,
OPTSTK,WIPRO,26-May-2022,525.0,PE,18.0,18.0,16.0,16.0,17.5,2,8.67,800,800,18-APR-2022,
OPTSTK,WIPRO,26-May-2022,530.0,PE,15.0,21.0,12.2,20.5,20.5,10,43.86,12800,5600,18-APR-2022,
OPTSTK,WIPRO,26-May-2022,535.0,PE,0.0,0.0,0.0,35.05,22.0,0,0.0,0,0,18-APR-2022,
OPTSTK,WIPRO,26-May-2022,540.0,PE,23.0,27.0,23.0,25.25,25.25,65,294.05,47200,23200,18-APR-2022,
OPTSTK,WIPRO,26-May-2022,545.0,PE,0.0,0.0,0.0,40.2,27.15,0,0.0,0,0,18-APR-2022,
OPTSTK,WIPRO,26-May-2022,550.0,PE,23.25,32.2,23.25,30.4,30.4,217,1005.19,293600,36800,18-APR-2022,
OPTSTK,WIPRO,26-May-2022,555.0,PE,28.0,28.0,28.0,28.0,32.95,1,4.66,0,-800,18-APR-2022,
OPTSTK,WIPRO,26-May-2022,560.0,PE,31.35,36.75,31.35,36.05,36.05,10,47.63,11200,7200,18-APR-2022,
OPTSTK,WIPRO,26-May-2022,565.0,PE,0.0,0.0,0.0,51.8,39.3,0,0.0,0,0,18-APR-2022,
OPTSTK,WIPRO,26-May-2022,570.0,PE,0.0,0.0,0.0,31.05,42.65,0,0.0,9600,0,18-APR-2022,
OPTSTK,WIPRO,26-May-2022,575.0,PE,0.0,0.0,0.0,58.1,46.2,0,0.0,0,0,18-APR-2022,
OPTSTK,WIPRO,26-May-2022,580.0,PE,47.95,52.15,45.0,50.0,50.0,22,110.78,38400,10400,18-APR-2022,
OPTSTK,WIPRO,26-May-2022,585.0,PE,0.0,0.0,0.0,64.8,53.65,0,0.0,0,0,18-APR-2022,
OPTSTK,WIPRO,26-May-2022,590.0,PE,0.0,0.0,0.0,28.0,57.5,0,0.0,800,0,18-APR-2022,
OPTSTK,WIPRO,26-May-2022,595.0,PE,0.0,0.0,0.0,71.8,61.45,0,0.0,0,0,18-APR-2022,
OPTSTK,WIPRO,26-May-2022,600.0,PE,68.1,68.1,63.0,65.05,65.05,26,138.47,242400,10400,18-APR-2022,
OPTSTK,WIPRO,26-May-2022,605.0,PE,0.0,0.0,0.0,79.15,69.7,0,0.0,0,0,18-APR-2022,
OPTSTK,WIPRO,26-May-2022,610.0,PE,0.0,0.0,0.0,82.9,73.95,0,0.0,0,0,18-APR-2022,
OPTSTK,WIPRO,26-May-2022,615.0,PE,0.0,0.0,0.0,86.75,78.3,0,0.0,0,0,18-APR-2022,
OPTSTK,WIPRO,26-May-2022,620.0,PE,0.0,0.0,0.0,90.65,82.7,0,0.0,0,0,18-APR-2022,
OPTSTK,WIPRO,26-May-2022,625.0,PE,0.0,0.0,0.0,94.6,87.15,0,0.0,0,0,18-APR-2022,
OPTSTK,WIPRO,26-May-2022,630.0,PE,0.0,0.0,0.0,98.6,91.65,0,0.0,0,0,18-APR-2022,
OPTSTK,WIPRO,26-May-2022,635.0,PE,0.0,0.0,0.0,102.65,96.25,0,0.0,0,0,18-APR-2022,
OPTSTK,WIPRO,26-May-2022,640.0,PE,0.0,0.0,0.0,106.8,100.85,0,0.0,0,0,18-APR-2022,
OPTSTK,WIPRO,26-May-2022,645.0,PE,0.0,0.0,0.0,111.0,105.55,0,0.0,0,0,18-APR-2022,
OPTSTK,WIPRO,26-May-2022,650.0,PE,0.0,0.0,0.0,82.55,110.25,0,0.0,4800,0,18-APR-2022,
OPTSTK,WIPRO,26-May-2022,655.0,PE,0.0,0.0,0.0,119.5,115.0,0,0.0,0,0,18-APR-2022,
OPTSTK,WIPRO,26-May-2022,660.0,PE,0.0,0.0,0.0,123.8,119.75,0,0.0,0,0,18-APR-2022,
OPTSTK,WIPRO,26-May-2022,665.0,PE,0.0,0.0,0.0,128.15,124.55,0,0.0,0,0,18-APR-2022,
OPTSTK,WIPRO,26-May-2022,670.0,PE,0.0,0.0,0.0,132.55,129.35,0,0.0,0,0,18-APR-2022,
OPTSTK,WIPRO,26-May-2022,675.0,PE,0.0,0.0,0.0,137.0,134.2,0,0.0,0,0,18-APR-2022,
OPTSTK,WIPRO,26-May-2022,680.0,PE,0.0,0.0,0.0,141.5,139.1,0,0.0,0,0,18-APR-2022,
OPTSTK,WIPRO,26-May-2022,685.0,PE,0.0,0.0,0.0,146.0,143.95,0,0.0,0,0,18-APR-2022,
OPTSTK,WIPRO,26-May-2022,690.0,PE,0.0,0.0,0.0,150.55,148.85,0,0.0,0,0,18-APR-2022,
OPTSTK,WIPRO,26-May-2022,695.0,PE,0.0,0.0,0.0,155.1,153.75,0,0.0,0,0,18-APR-2022,
OPTSTK,WIPRO,26-May-2022,700.0,PE,0.0,0.0,0.0,159.7,158.65,0,0.0,0,0,18-APR-2022,
OPTSTK,WIPRO,26-May-2022,705.0,PE,0.0,0.0,0.0,164.3,163.6,0,0.0,0,0,18-APR-2022,
OPTSTK,WIPRO,26-May-2022,710.0,PE,0.0,0.0,0.0,168.95,168.5,0,0.0,0,0,18-APR-2022,
OPTSTK,WIPRO,26-May-2022,715.0,PE,0.0,0.0,0.0,173.6,173.45,0,0.0,0,0,18-APR-2022,
OPTSTK,WIPRO,26-May-2022,720.0,PE,0.0,0.0,0.0,178.3,178.4,0,0.0,0,0,18-APR-2022,
OPTSTK,WIPRO,26-May-2022,725.0,PE,0.0,0.0,0.0,183.0,183.35,0,0.0,0,0,18-APR-2022,
OPTSTK,WIPRO,26-May-2022,730.0,PE,0.0,0.0,0.0,187.75,188.3,0,0.0,0,0,18-APR-2022,
OPTSTK,WIPRO,26-May-2022,735.0,PE,0.0,0.0,0.0,192.45,193.25,0,0.0,0,0,18-APR-2022,
OPTSTK,WIPRO,30-Jun-2022,440.0,CE,0.0,0.0,0.0,158.25,105.85,0,0.0,0,0,18-APR-2022,
OPTSTK,WIPRO,30-Jun-2022,450.0,CE,0.0,0.0,0.0,148.95,97.2,0,0.0,0,0,18-APR-2022,
OPTSTK,WIPRO,30-Jun-2022,460.0,CE,0.0,0.0,0.0,139.8,88.8,0,0.0,0,0,18-APR-2022,
OPTSTK,WIPRO,30-Jun-2022,470.0,CE,0.0,0.0,0.0,130.85,80.75,0,0.0,0,0,18-APR-2022,
OPTSTK,WIPRO,30-Jun-2022,480.0,CE,0.0,0.0,0.0,122.15,73.1,0,0.0,0,0,18-APR-2022,
OPTSTK,WIPRO,30-Jun-2022,490.0,CE,0.0,0.0,0.0,113.65,65.85,0,0.0,0,0,18-APR-2022,
OPTSTK,WIPRO,30-Jun-2022,500.0,CE,0.0,0.0,0.0,105.45,58.95,0,0.0,0,0,18-APR-2022,
OPTSTK,WIPRO,30-Jun-2022,510.0,CE,0.0,0.0,0.0,97.5,52.6,0,0.0,0,0,18-APR-2022,
OPTSTK,WIPRO,30-Jun-2022,520.0,CE,0.0,0.0,0.0,89.9,46.65,0,0.0,0,0,18-APR-2022,
OPTSTK,WIPRO,30-Jun-2022,530.0,CE,0.0,0.0,0.0,82.6,41.15,0,0.0,0,0,18-APR-2022,
OPTSTK,WIPRO,30-Jun-2022,540.0,CE,0.0,0.0,0.0,75.65,36.15,0,0.0,0,0,18-APR-2022,
OPTSTK,WIPRO,30-Jun-2022,550.0,CE,33.0,33.0,33.0,33.0,31.6,1,4.66,800,800,18-APR-2022,
OPTSTK,WIPRO,30-Jun-2022,560.0,CE,0.0,0.0,0.0,62.85,27.5,0,0.0,0,0,18-APR-2022,
OPTSTK,WIPRO,30-Jun-2022,570.0,CE,0.0,0.0,0.0,57.05,23.8,0,0.0,0,0,18-APR-2022,
OPTSTK,WIPRO,30-Jun-2022,580.0,CE,0.0,0.0,0.0,51.0,20.5,0,0.0,1600,0,18-APR-2022,
OPTSTK,WIPRO,30-Jun-2022,590.0,CE,0.0,0.0,0.0,46.5,17.55,0,0.0,0,0,18-APR-2022,
OPTSTK,WIPRO,30-Jun-2022,600.0,CE,16.0,18.1,15.5,18.0,18.0,7,34.55,8000,1600,18-APR-2022,
OPTSTK,WIPRO,30-Jun-2022,610.0,CE,0.0,0.0,0.0,37.45,12.8,0,0.0,0,0,18-APR-2022,
OPTSTK,WIPRO,30-Jun-2022,620.0,CE,0.0,0.0,0.0,33.45,10.8,0,0.0,0,0,18-APR-2022,
OPTSTK,WIPRO,30-Jun-2022,630.0,CE,0.0,0.0,0.0,29.8,9.1,0,0.0,0,0,18-APR-2022,
OPTSTK,WIPRO,30-Jun-2022,640.0,CE,0.0,0.0,0.0,26.45,7.65,0,0.0,0,0,18-APR-2022,
OPTSTK,WIPRO,30-Jun-2022,650.0,CE,0.0,0.0,0.0,24.0,6.4,0,0.0,800,0,18-APR-2022,
OPTSTK,WIPRO,30-Jun-2022,660.0,CE,0.0,0.0,0.0,20.7,5.3,0,0.0,0,0,18-APR-2022,
OPTSTK,WIPRO,30-Jun-2022,670.0,CE,0.0,0.0,0.0,18.25,4.4,0,0.0,0,0,18-APR-2022,
OPTSTK,WIPRO,30-Jun-2022,680.0,CE,0.0,0.0,0.0,16.05,3.65,0,0.0,0,0,18-APR-2022,
OPTSTK,WIPRO,30-Jun-2022,690.0,CE,0.0,0.0,0.0,14.05,3.0,0,0.0,0,0,18-APR-2022,
OPTSTK,WIPRO,30-Jun-2022,700.0,CE,0.0,0.0,0.0,12.3,2.45,0,0.0,0,0,18-APR-2022,
OPTSTK,WIPRO,30-Jun-2022,710.0,CE,0.0,0.0,0.0,10.7,2.05,0,0.0,0,0,18-APR-2022,
OPTSTK,WIPRO,30-Jun-2022,720.0,CE,0.0,0.0,0.0,9.3,1.65,0,0.0,0,0,18-APR-2022,
OPTSTK,WIPRO,30-Jun-2022,730.0,CE,0.0,0.0,0.0,8.1,1.35,0,0.0,0,0,18-APR-2022,
OPTSTK,WIPRO,30-Jun-2022,440.0,PE,0.0,0.0,0.0,1.7,3.55,0,0.0,0,0,18-APR-2022,
OPTSTK,WIPRO,30-Jun-2022,450.0,PE,0.0,0.0,0.0,2.3,4.8,0,0.0,0,0,18-APR-2022,
OPTSTK,WIPRO,30-Jun-2022,460.0,PE,0.0,0.0,0.0,3.05,6.3,0,0.0,0,0,18-APR-2022,
OPTSTK,WIPRO,30-Jun-2022,470.0,PE,0.0,0.0,0.0,4.05,8.2,0,0.0,0,0,18-APR-2022,
OPTSTK,WIPRO,30-Jun-2022,480.0,PE,0.0,0.0,0.0,5.2,10.45,0,0.0,0,0,18-APR-2022,
OPTSTK,WIPRO,30-Jun-2022,490.0,PE,0.0,0.0,0.0,6.6,13.1,0,0.0,0,0,18-APR-2022,
OPTSTK,WIPRO,30-Jun-2022,500.0,PE,0.0,0.0,0.0,8.3,16.15,0,0.0,0,0,18-APR-2022,
OPTSTK,WIPRO,30-Jun-2022,510.0,PE,0.0,0.0,0.0,10.25,19.65,0,0.0,0,0,18-APR-2022,
OPTSTK,WIPRO,30-Jun-2022,520.0,PE,0.0,0.0,0.0,4.0,23.65,0,0.0,800,0,18-APR-2022,
OPTSTK,WIPRO,30-Jun-2022,530.0,PE,0.0,0.0,0.0,15.15,28.1,0,0.0,0,0,18-APR-2022,
OPTSTK,WIPRO,30-Jun-2022,540.0,PE,0.0,0.0,0.0,18.05,33.0,0,0.0,0,0,18-APR-2022,
OPTSTK,WIPRO,30-Jun-2022,550.0,PE,31.0,38.85,31.0,38.85,38.35,5,23.47,9600,-800,18-APR-2022,
OPTSTK,WIPRO,30-Jun-2022,560.0,PE,0.0,0.0,0.0,25.1,44.15,0,0.0,0,0,18-APR-2022,
OPTSTK,WIPRO,30-Jun-2022,570.0,PE,0.0,0.0,0.0,24.5,50.35,0,0.0,800,0,18-APR-2022,
OPTSTK,WIPRO,30-Jun-2022,580.0,PE,0.0,0.0,0.0,33.6,57.0,0,0.0,0,0,18-APR-2022,
OPTSTK,WIPRO,30-Jun-2022,590.0,PE,60.0,60.0,60.0,60.0,63.95,3,15.6,2400,2400,18-APR-2022,
OPTSTK,WIPRO,30-Jun-2022,600.0,PE,70.0,70.0,70.0,70.0,71.35,1,5.36,7200,800,18-APR-2022,
OPTSTK,WIPRO,30-Jun-2022,610.0,PE,0.0,0.0,0.0,49.15,79.0,0,0.0,0,0,18-APR-2022,
OPTSTK,WIPRO,30-Jun-2022,620.0,PE,0.0,0.0,0.0,55.05,86.95,0,0.0,0,0,18-APR-2022,
OPTSTK,WIPRO,30-Jun-2022,630.0,PE,0.0,0.0,0.0,61.25,95.15,0,0.0,0,0,18-APR-2022,
OPTSTK,WIPRO,30-Jun-2022,640.0,PE,0.0,0.0,0.0,67.85,103.6,0,0.0,0,0,18-APR-2022,
OPTSTK,WIPRO,30-Jun-2022,650.0,PE,0.0,0.0,0.0,74.7,112.3,0,0.0,0,0,18-APR-2022,
OPTSTK,WIPRO,30-Jun-2022,660.0,PE,0.0,0.0,0.0,81.85,121.15,0,0.0,0,0,18-APR-2022,
OPTSTK,WIPRO,30-Jun-2022,670.0,PE,0.0,0.0,0.0,89.3,130.15,0,0.0,0,0,18-APR-2022,
OPTSTK,WIPRO,30-Jun-2022,680.0,PE,0.0,0.0,0.0,97.0,139.3,0,0.0,0,0,18-APR-2022,
OPTSTK,WIPRO,30-Jun-2022,690.0,PE,0.0,0.0,0.0,104.9,148.55,0,0.0,0,0,18-APR-2022,
OPTSTK,WIPRO,30-Jun-2022,700.0,PE,0.0,0.0,0.0,113.0,157.95,0,0.0,0,0,18-APR-2022,
OPTSTK,WIPRO,30-Jun-2022,710.0,PE,0.0,0.0,0.0,121.35,167.4,0,0.0,0,0,18-APR-2022,
OPTSTK,WIPRO,30-Jun-2022,720.0,PE,0.0,0.0,0.0,129.85,176.95,0,0.0,0,0,18-APR-2022,
OPTSTK,WIPRO,30-Jun-2022,730.0,PE,0.0,0.0,0.0,138.5,186.55,0,0.0,0,0,18-APR-2022,
OPTSTK,ZEEL,28-Apr-2022,145.0,CE,0.0,0.0,0.0,140.75,129.35,0,0.0,0,0,18-APR-2022,
OPTSTK,ZEEL,28-Apr-2022,150.0,CE,0.0,0.0,0.0,136.1,124.35,0,0.0,0,0,18-APR-2022,
OPTSTK,ZEEL,28-Apr-2022,155.0,CE,0.0,0.0,0.0,131.5,119.35,0,0.0,0,0,18-APR-2022,
OPTSTK,ZEEL,28-Apr-2022,160.0,CE,0.0,0.0,0.0,126.95,114.35,0,0.0,0,0,18-APR-2022,
OPTSTK,ZEEL,28-Apr-2022,165.0,CE,0.0,0.0,0.0,122.45,109.35,0,0.0,0,0,18-APR-2022,
OPTSTK,ZEEL,28-Apr-2022,170.0,CE,0.0,0.0,0.0,118.0,104.35,0,0.0,0,0,18-APR-2022,
OPTSTK,ZEEL,28-Apr-2022,175.0,CE,0.0,0.0,0.0,113.7,99.35,0,0.0,0,0,18-APR-2022,
OPTSTK,ZEEL,28-Apr-2022,180.0,CE,0.0,0.0,0.0,109.4,94.35,0,0.0,0,0,18-APR-2022,
OPTSTK,ZEEL,28-Apr-2022,185.0,CE,0.0,0.0,0.0,105.25,89.4,0,0.0,0,0,18-APR-2022,
OPTSTK,ZEEL,28-Apr-2022,190.0,CE,0.0,0.0,0.0,101.15,84.4,0,0.0,0,0,18-APR-2022,
OPTSTK,ZEEL,28-Apr-2022,195.0,CE,0.0,0.0,0.0,97.15,79.4,0,0.0,0,0,18-APR-2022,
OPTSTK,ZEEL,28-Apr-2022,200.0,CE,0.0,0.0,0.0,93.25,74.45,0,0.0,0,0,18-APR-2022,
OPTSTK,ZEEL,28-Apr-2022,205.0,CE,0.0,0.0,0.0,89.45,69.5,0,0.0,0,0,18-APR-2022,
OPTSTK,ZEEL,28-Apr-2022,210.0,CE,0.0,0.0,0.0,85.75,64.55,0,0.0,0,0,18-APR-2022,
OPTSTK,ZEEL,28-Apr-2022,215.0,CE,0.0,0.0,0.0,82.15,59.65,0,0.0,0,0,18-APR-2022,
OPTSTK,ZEEL,28-Apr-2022,220.0,CE,0.0,0.0,0.0,78.65,54.85,0,0.0,0,0,18-APR-2022,
OPTSTK,ZEEL,28-Apr-2022,225.0,CE,0.0,0.0,0.0,75.25,50.1,0,0.0,0,0,18-APR-2022,
OPTSTK,ZEEL,28-Apr-2022,230.0,CE,0.0,0.0,0.0,54.3,45.45,0,0.0,3000,0,18-APR-2022,
OPTSTK,ZEEL,28-Apr-2022,235.0,CE,0.0,0.0,0.0,68.75,40.95,0,0.0,0,0,18-APR-2022,
OPTSTK,ZEEL,28-Apr-2022,240.0,CE,32.0,37.2,32.0,35.6,35.6,5,41.2,63000,0,18-APR-2022,
OPTSTK,ZEEL,28-Apr-2022,245.0,CE,0.0,0.0,0.0,62.7,32.5,0,0.0,0,0,18-APR-2022,
OPTSTK,ZEEL,28-Apr-2022,250.0,CE,27.0,28.75,21.2,26.55,26.55,39,321.21,426000,21000,18-APR-2022,
OPTSTK,ZEEL,28-Apr-2022,255.0,CE,21.0,21.0,21.0,21.0,24.95,1,8.28,21000,-3000,18-APR-2022,
OPTSTK,ZEEL,28-Apr-2022,260.0,CE,18.3,19.4,13.0,17.7,17.7,81,670.75,201000,27000,18-APR-2022,
OPTSTK,ZEEL,28-Apr-2022,265.0,CE,10.55,13.85,9.8,13.75,13.75,12,99.62,42000,3000,18-APR-2022,
OPTSTK,ZEEL,28-Apr-2022,270.0,CE,10.35,12.4,7.3,10.75,10.75,1211,10149.56,648000,360000,18-APR-2022,
OPTSTK,ZEEL,28-Apr-2022,275.0,CE,9.7,9.7,5.35,7.85,7.85,534,4521.19,189000,141000,18-APR-2022,
OPTSTK,ZEEL,28-Apr-2022,280.0,CE,6.5,6.8,3.85,5.7,5.7,1869,15990.65,2262000,342000,18-APR-2022,
OPTSTK,ZEEL,28-Apr-2022,285.0,CE,4.9,4.95,2.8,4.15,4.15,600,5198.6,1179000,75000,18-APR-2022,
OPTSTK,ZEEL,28-Apr-2022,290.0,CE,3.9,3.95,2.1,3.1,3.1,1437,12624.74,4353000,-33000,18-APR-2022,
OPTSTK,ZEEL,28-Apr-2022,295.0,CE,3.4,3.4,1.85,2.6,2.6,604,5388.8,1308000,138000,18-APR-2022,
OPTSTK,ZEEL,28-Apr-2022,300.0,CE,2.45,2.5,1.55,2.15,2.15,1964,17788.73,8247000,-303000,18-APR-2022,
OPTSTK,ZEEL,28-Apr-2022,305.0,CE,1.4,2.0,1.35,1.8,1.8,357,3283.62,1467000,-3000,18-APR-2022,
OPTSTK,ZEEL,28-Apr-2022,310.0,CE,1.8,1.8,1.2,1.6,1.6,791,7390.31,2640000,-204000,18-APR-2022,
OPTSTK,ZEEL,28-Apr-2022,315.0,CE,1.0,1.6,1.0,1.4,1.4,200,1897.66,441000,-15000,18-APR-2022,
OPTSTK,ZEEL,28-Apr-2022,320.0,CE,0.85,1.4,0.8,1.25,1.25,852,8207.83,3051000,-105000,18-APR-2022,
OPTSTK,ZEEL,28-Apr-2022,325.0,CE,0.8,1.25,0.8,1.1,1.1,169,1653.03,696000,66000,18-APR-2022,
OPTSTK,ZEEL,28-Apr-2022,330.0,CE,1.0,1.1,0.7,1.0,1.0,516,5122.71,2001000,93000,18-APR-2022,
OPTSTK,ZEEL,28-Apr-2022,335.0,CE,0.8,1.0,0.75,0.9,0.9,40,403.01,252000,-33000,18-APR-2022,
OPTSTK,ZEEL,28-Apr-2022,340.0,CE,0.85,0.95,0.6,0.85,0.85,198,2024.22,888000,-60000,18-APR-2022,
OPTSTK,ZEEL,28-Apr-2022,345.0,CE,0.55,0.75,0.55,0.75,0.5,19,197.04,72000,-6000,18-APR-2022,
OPTSTK,ZEEL,28-Apr-2022,350.0,CE,0.65,0.8,0.45,0.75,0.75,211,2219.49,3546000,-123000,18-APR-2022,
OPTSTK,ZEEL,28-Apr-2022,355.0,CE,0.65,0.65,0.5,0.65,0.25,5,53.34,51000,-3000,18-APR-2022,
OPTSTK,ZEEL,28-Apr-2022,360.0,CE,0.35,0.7,0.35,0.65,0.65,118,1276.49,453000,-63000,18-APR-2022,
OPTSTK,ZEEL,28-Apr-2022,365.0,CE,0.65,1.2,0.65,0.75,0.15,3,32.92,42000,3000,18-APR-2022,
OPTSTK,ZEEL,28-Apr-2022,370.0,CE,0.45,0.6,0.45,0.6,0.6,38,422.42,231000,-69000,18-APR-2022,
OPTSTK,ZEEL,28-Apr-2022,375.0,CE,0.0,0.0,0.0,0.4,0.1,0,0.0,33000,0,18-APR-2022,
OPTSTK,ZEEL,28-Apr-2022,380.0,CE,0.3,0.5,0.3,0.5,0.5,12,136.95,381000,-3000,18-APR-2022,
OPTSTK,ZEEL,28-Apr-2022,385.0,CE,0.0,0.0,0.0,0.7,0.05,0,0.0,27000,0,18-APR-2022,
OPTSTK,ZEEL,28-Apr-2022,390.0,CE,0.45,0.45,0.3,0.45,0.05,6,70.27,159000,-15000,18-APR-2022,
OPTSTK,ZEEL,28-Apr-2022,395.0,CE,0.0,0.0,0.0,0.65,0.05,0,0.0,63000,0,18-APR-2022,
OPTSTK,ZEEL,28-Apr-2022,400.0,CE,0.35,0.45,0.3,0.4,0.4,78,936.86,1593000,-144000,18-APR-2022,
OPTSTK,ZEEL,28-Apr-2022,405.0,CE,0.0,0.0,0.0,11.95,0.05,0,0.0,0,0,18-APR-2022,
OPTSTK,ZEEL,28-Apr-2022,410.0,CE,0.0,0.0,0.0,0.3,0.05,0,0.0,18000,0,18-APR-2022,
OPTSTK,ZEEL,28-Apr-2022,415.0,CE,0.0,0.0,0.0,0.9,0.0,0,0.0,6000,0,18-APR-2022,
OPTSTK,ZEEL,28-Apr-2022,420.0,CE,0.25,0.3,0.25,0.25,0.0,5,63.03,201000,6000,18-APR-2022,
OPTSTK,ZEEL,28-Apr-2022,425.0,CE,0.15,0.15,0.15,0.15,0.0,1,12.75,45000,0,18-APR-2022,
OPTSTK,ZEEL,28-Apr-2022,145.0,PE,0.0,0.0,0.0,1.05,0.0,0,0.0,0,0,18-APR-2022,
OPTSTK,ZEEL,28-Apr-2022,150.0,PE,0.0,0.0,0.0,0.2,0.0,0,0.0,3000,0,18-APR-2022,
OPTSTK,ZEEL,28-Apr-2022,155.0,PE,0.0,0.0,0.0,1.65,0.0,0,0.0,0,0,18-APR-2022,
OPTSTK,ZEEL,28-Apr-2022,160.0,PE,0.0,0.0,0.0,0.1,0.0,0,0.0,6000,0,18-APR-2022,
OPTSTK,ZEEL,28-Apr-2022,165.0,PE,0.1,0.1,0.1,0.1,0.1,1,4.95,3000,0,18-APR-2022,
OPTSTK,ZEEL,28-Apr-2022,170.0,PE,0.0,0.0,0.0,0.15,0.0,0,0.0,0,0,18-APR-2022,
OPTSTK,ZEEL,28-Apr-2022,175.0,PE,0.0,0.0,0.0,3.65,0.0,0,0.0,0,0,18-APR-2022,
OPTSTK,ZEEL,28-Apr-2022,180.0,PE,0.0,0.0,0.0,0.2,0.0,0,0.0,27000,0,18-APR-2022,
OPTSTK,ZEEL,28-Apr-2022,185.0,PE,0.0,0.0,0.0,5.1,0.0,0,0.0,0,0,18-APR-2022,
OPTSTK,ZEEL,28-Apr-2022,190.0,PE,0.0,0.0,0.0,5.95,0.05,0,0.0,0,0,18-APR-2022,
OPTSTK,ZEEL,28-Apr-2022,195.0,PE,0.0,0.0,0.0,6.9,0.05,0,0.0,0,0,18-APR-2022,
OPTSTK,ZEEL,28-Apr-2022,200.0,PE,0.4,0.45,0.25,0.3,0.3,56,336.59,312000,45000,18-APR-2022,
OPTSTK,ZEEL,28-Apr-2022,205.0,PE,0.05,0.3,0.05,0.3,0.3,5,30.78,48000,-3000,18-APR-2022,
OPTSTK,ZEEL,28-Apr-2022,210.0,PE,0.45,0.5,0.25,0.25,0.25,15,94.67,108000,12000,18-APR-2022,
OPTSTK,ZEEL,28-Apr-2022,215.0,PE,0.3,0.3,0.3,0.3,0.3,1,6.45,12000,-3000,18-APR-2022,
OPTSTK,ZEEL,28-Apr-2022,220.0,PE,0.45,0.7,0.35,0.4,0.4,32,211.7,705000,-9000,18-APR-2022,
OPTSTK,ZEEL,28-Apr-2022,225.0,PE,0.55,0.75,0.4,0.4,0.7,10,67.68,24000,9000,18-APR-2022,
OPTSTK,ZEEL,28-Apr-2022,230.0,PE,0.55,0.9,0.4,0.4,0.4,171,1183.57,702000,-66000,18-APR-2022,
OPTSTK,ZEEL,28-Apr-2022,235.0,PE,0.0,0.0,0.0,18.1,1.55,0,0.0,0,0,18-APR-2022,
OPTSTK,ZEEL,28-Apr-2022,240.0,PE,0.9,1.3,0.6,0.7,0.7,451,3260.82,1065000,-177000,18-APR-2022,
OPTSTK,ZEEL,28-Apr-2022,245.0,PE,1.25,1.75,0.85,0.95,0.95,210,1551.67,156000,45000,18-APR-2022,
OPTSTK,ZEEL,28-Apr-2022,250.0,PE,1.8,2.4,1.1,1.3,1.3,944,7130.35,2466000,18000,18-APR-2022,
OPTSTK,ZEEL,28-Apr-2022,255.0,PE,2.05,3.25,1.65,1.85,1.85,391,3020.05,171000,33000,18-APR-2022,
OPTSTK,ZEEL,28-Apr-2022,260.0,PE,3.5,4.6,2.2,2.6,2.6,1155,9130.8,1902000,-165000,18-APR-2022,
OPTSTK,ZEEL,28-Apr-2022,265.0,PE,4.5,6.4,3.1,3.7,3.7,582,4716.83,456000,147000,18-APR-2022,
OPTSTK,ZEEL,28-Apr-2022,270.0,PE,5.95,9.0,4.3,5.2,5.2,2691,22369.14,1884000,198000,18-APR-2022,
OPTSTK,ZEEL,28-Apr-2022,275.0,PE,8.1,11.8,6.25,7.3,7.3,462,3936.53,573000,36000,18-APR-2022,
OPTSTK,ZEEL,28-Apr-2022,280.0,PE,10.85,15.4,8.55,10.05,10.05,822,7216.6,2760000,-375000,18-APR-2022,
OPTSTK,ZEEL,28-Apr-2022,285.0,PE,14.95,19.35,12.0,13.8,13.8,160,1444.13,891000,-60000,18-APR-2022,
OPTSTK,ZEEL,28-Apr-2022,290.0,PE,18.15,23.6,16.25,18.0,18.0,221,2059.46,2013000,-117000,18-APR-2022,
OPTSTK,ZEEL,28-Apr-2022,295.0,PE,19.45,27.75,19.45,23.3,26.55,23,220.66,468000,-30000,18-APR-2022,
OPTSTK,ZEEL,28-Apr-2022,300.0,PE,27.95,32.75,24.5,26.65,26.65,71,700.23,2196000,-144000,18-APR-2022,
OPTSTK,ZEEL,28-Apr-2022,305.0,PE,32.35,37.15,32.35,37.15,34.35,2,20.38,243000,3000,18-APR-2022,
OPTSTK,ZEEL,28-Apr-2022,310.0,PE,36.7,41.7,34.2,34.2,38.55,9,94.06,204000,-9000,18-APR-2022,
OPTSTK,ZEEL,28-Apr-2022,315.0,PE,0.0,0.0,0.0,32.8,42.9,0,0.0,60000,0,18-APR-2022,
OPTSTK,ZEEL,28-Apr-2022,320.0,PE,49.5,49.5,43.75,43.75,47.35,3,33.08,270000,-3000,18-APR-2022,
OPTSTK,ZEEL,28-Apr-2022,325.0,PE,50.85,51.2,50.85,51.2,51.9,2,22.56,99000,-3000,18-APR-2022,
OPTSTK,ZEEL,28-Apr-2022,330.0,PE,57.75,57.75,56.85,56.85,56.6,2,23.23,99000,-6000,18-APR-2022,
OPTSTK,ZEEL,28-Apr-2022,335.0,PE,0.0,0.0,0.0,43.35,61.3,0,0.0,9000,0,18-APR-2022,
OPTSTK,ZEEL,28-Apr-2022,340.0,PE,63.5,63.5,63.5,63.5,66.1,1,12.1,57000,0,18-APR-2022,
OPTSTK,ZEEL,28-Apr-2022,345.0,PE,0.0,0.0,0.0,81.1,70.95,0,0.0,0,0,18-APR-2022,
OPTSTK,ZEEL,28-Apr-2022,350.0,PE,73.0,73.0,73.0,73.0,75.8,1,12.69,87000,0,18-APR-2022,
OPTSTK,ZEEL,28-Apr-2022,355.0,PE,0.0,0.0,0.0,88.7,80.7,0,0.0,0,0,18-APR-2022,
OPTSTK,ZEEL,28-Apr-2022,360.0,PE,0.0,0.0,0.0,92.55,85.65,0,0.0,0,0,18-APR-2022,
OPTSTK,ZEEL,28-Apr-2022,365.0,PE,0.0,0.0,0.0,96.5,90.6,0,0.0,0,0,18-APR-2022,
OPTSTK,ZEEL,28-Apr-2022,370.0,PE,0.0,0.0,0.0,100.45,95.55,0,0.0,0,0,18-APR-2022,
OPTSTK,ZEEL,28-Apr-2022,375.0,PE,0.0,0.0,0.0,104.5,100.5,0,0.0,0,0,18-APR-2022,
OPTSTK,ZEEL,28-Apr-2022,380.0,PE,0.0,0.0,0.0,108.55,105.5,0,0.0,0,0,18-APR-2022,
OPTSTK,ZEEL,28-Apr-2022,385.0,PE,0.0,0.0,0.0,112.7,110.45,0,0.0,0,0,18-APR-2022,
OPTSTK,ZEEL,28-Apr-2022,390.0,PE,0.0,0.0,0.0,116.85,115.45,0,0.0,0,0,18-APR-2022,
OPTSTK,ZEEL,28-Apr-2022,395.0,PE,0.0,0.0,0.0,121.05,120.45,0,0.0,0,0,18-APR-2022,
OPTSTK,ZEEL,28-Apr-2022,400.0,PE,0.0,0.0,0.0,106.5,125.45,0,0.0,63000,0,18-APR-2022,
OPTSTK,ZEEL,28-Apr-2022,405.0,PE,0.0,0.0,0.0,129.55,130.4,0,0.0,0,0,18-APR-2022,
OPTSTK,ZEEL,28-Apr-2022,410.0,PE,0.0,0.0,0.0,133.85,135.4,0,0.0,0,0,18-APR-2022,
OPTSTK,ZEEL,28-Apr-2022,415.0,PE,0.0,0.0,0.0,138.2,140.4,0,0.0,0,0,18-APR-2022,
OPTSTK,ZEEL,28-Apr-2022,420.0,PE,0.0,0.0,0.0,142.55,145.4,0,0.0,0,0,18-APR-2022,
OPTSTK,ZEEL,28-Apr-2022,425.0,PE,0.0,0.0,0.0,146.95,150.4,0,0.0,0,0,18-APR-2022,
OPTSTK,ZEEL,26-May-2022,145.0,CE,0.0,0.0,0.0,81.5,129.85,0,0.0,0,0,18-APR-2022,
OPTSTK,ZEEL,26-May-2022,150.0,CE,0.0,0.0,0.0,77.4,124.9,0,0.0,0,0,18-APR-2022,
OPTSTK,ZEEL,26-May-2022,155.0,CE,0.0,0.0,0.0,73.4,120.0,0,0.0,0,0,18-APR-2022,
OPTSTK,ZEEL,26-May-2022,160.0,CE,0.0,0.0,0.0,69.55,115.1,0,0.0,0,0,18-APR-2022,
OPTSTK,ZEEL,26-May-2022,165.0,CE,0.0,0.0,0.0,65.8,110.2,0,0.0,0,0,18-APR-2022,
OPTSTK,ZEEL,26-May-2022,170.0,CE,0.0,0.0,0.0,62.2,105.35,0,0.0,0,0,18-APR-2022,
OPTSTK,ZEEL,26-May-2022,175.0,CE,0.0,0.0,0.0,58.75,100.55,0,0.0,0,0,18-APR-2022,
OPTSTK,ZEEL,26-May-2022,180.0,CE,0.0,0.0,0.0,55.4,95.75,0,0.0,0,0,18-APR-2022,
OPTSTK,ZEEL,26-May-2022,185.0,CE,0.0,0.0,0.0,52.2,91.05,0,0.0,0,0,18-APR-2022,
OPTSTK,ZEEL,26-May-2022,190.0,CE,0.0,0.0,0.0,49.15,86.45,0,0.0,0,0,18-APR-2022,
OPTSTK,ZEEL,26-May-2022,195.0,CE,0.0,0.0,0.0,46.25,81.9,0,0.0,0,0,18-APR-2022,
OPTSTK,ZEEL,26-May-2022,200.0,CE,0.0,0.0,0.0,43.45,77.4,0,0.0,0,0,18-APR-2022,
OPTSTK,ZEEL,26-May-2022,205.0,CE,0.0,0.0,0.0,40.8,73.05,0,0.0,0,0,18-APR-2022,
OPTSTK,ZEEL,26-May-2022,210.0,CE,0.0,0.0,0.0,38.3,68.8,0,0.0,0,0,18-APR-2022,
OPTSTK,ZEEL,26-May-2022,215.0,CE,0.0,0.0,0.0,35.9,64.65,0,0.0,0,0,18-APR-2022,
OPTSTK,ZEEL,26-May-2022,220.0,CE,0.0,0.0,0.0,33.65,60.65,0,0.0,0,0,18-APR-2022,
OPTSTK,ZEEL,26-May-2022,225.0,CE,0.0,0.0,0.0,31.5,56.75,0,0.0,0,0,18-APR-2022,
OPTSTK,ZEEL,26-May-2022,230.0,CE,0.0,0.0,0.0,29.5,53.0,0,0.0,0,0,18-APR-2022,
OPTSTK,ZEEL,26-May-2022,235.0,CE,0.0,0.0,0.0,27.55,49.4,0,0.0,0,0,18-APR-2022,
OPTSTK,ZEEL,26-May-2022,240.0,CE,0.0,0.0,0.0,25.75,46.0,0,0.0,0,0,18-APR-2022,
OPTSTK,ZEEL,26-May-2022,245.0,CE,0.0,0.0,0.0,24.05,42.7,0,0.0,0,0,18-APR-2022,
OPTSTK,ZEEL,26-May-2022,250.0,CE,33.75,33.75,32.85,33.45,33.45,3,25.51,42000,9000,18-APR-2022,
OPTSTK,ZEEL,26-May-2022,255.0,CE,0.0,0.0,0.0,21.0,36.6,0,0.0,0,0,18-APR-2022,
OPTSTK,ZEEL,26-May-2022,260.0,CE,0.0,0.0,0.0,30.0,33.8,0,0.0,3000,0,18-APR-2022,
OPTSTK,ZEEL,26-May-2022,265.0,CE,0.0,0.0,0.0,18.25,31.15,0,0.0,0,0,18-APR-2022,
OPTSTK,ZEEL,26-May-2022,270.0,CE,18.0,20.6,17.9,20.6,28.65,8,69.47,21000,21000,18-APR-2022,
OPTSTK,ZEEL,26-May-2022,275.0,CE,0.0,0.0,0.0,15.85,26.3,0,0.0,0,0,18-APR-2022,
OPTSTK,ZEEL,26-May-2022,280.0,CE,14.35,16.15,12.15,15.2,15.2,57,502.9,129000,129000,18-APR-2022,
OPTSTK,ZEEL,26-May-2022,285.0,CE,0.0,0.0,0.0,17.8,22.1,0,0.0,27000,0,18-APR-2022,
OPTSTK,ZEEL,26-May-2022,290.0,CE,12.45,12.45,9.5,12.0,20.15,40,361.12,174000,54000,18-APR-2022,
OPTSTK,ZEEL,26-May-2022,295.0,CE,0.0,0.0,0.0,11.95,18.4,0,0.0,0,0,18-APR-2022,
OPTSTK,ZEEL,26-May-2022,300.0,CE,9.15,9.7,7.15,8.65,8.65,337,3117.5,1083000,243000,18-APR-2022,
OPTSTK,ZEEL,26-May-2022,305.0,CE,0.0,0.0,0.0,10.35,15.25,0,0.0,0,0,18-APR-2022,
OPTSTK,ZEEL,26-May-2022,310.0,CE,7.0,7.95,5.3,6.65,6.65,3,28.5,6000,-3000,18-APR-2022,
OPTSTK,ZEEL,26-May-2022,315.0,CE,0.0,0.0,0.0,10.0,12.6,0,0.0,3000,0,18-APR-2022,
OPTSTK,ZEEL,26-May-2022,320.0,CE,6.5,6.5,4.05,4.1,11.4,14,136.44,57000,15000,18-APR-2022,
OPTSTK,ZEEL,26-May-2022,325.0,CE,0.0,0.0,0.0,7.75,10.3,0,0.0,0,0,18-APR-2022,
OPTSTK,ZEEL,26-May-2022,330.0,CE,5.5,5.5,5.5,5.5,9.35,1,10.06,24000,3000,18-APR-2022,
OPTSTK,ZEEL,26-May-2022,335.0,CE,0.0,0.0,0.0,6.7,8.4,0,0.0,0,0,18-APR-2022,
OPTSTK,ZEEL,26-May-2022,340.0,CE,0.0,0.0,0.0,5.9,7.6,0,0.0,3000,0,18-APR-2022,
OPTSTK,ZEEL,26-May-2022,345.0,CE,2.0,2.0,2.0,2.0,6.85,1,10.41,3000,0,18-APR-2022,
OPTSTK,ZEEL,26-May-2022,350.0,CE,2.75,2.75,2.25,2.35,2.35,19,200.89,111000,18000,18-APR-2022,
OPTSTK,ZEEL,26-May-2022,355.0,CE,0.0,0.0,0.0,5.0,5.55,0,0.0,0,0,18-APR-2022,
OPTSTK,ZEEL,26-May-2022,360.0,CE,0.0,0.0,0.0,4.65,4.95,0,0.0,0,0,18-APR-2022,
OPTSTK,ZEEL,26-May-2022,365.0,CE,0.0,0.0,0.0,4.3,4.45,0,0.0,0,0,18-APR-2022,
OPTSTK,ZEEL,26-May-2022,370.0,CE,0.0,0.0,0.0,3.0,4.0,0,0.0,12000,0,18-APR-2022,
OPTSTK,ZEEL,26-May-2022,375.0,CE,0.0,0.0,0.0,4.8,3.6,0,0.0,0,0,18-APR-2022,
OPTSTK,ZEEL,26-May-2022,145.0,PE,0.0,0.0,0.0,3.75,0.05,0,0.0,0,0,18-APR-2022,
OPTSTK,ZEEL,26-May-2022,150.0,PE,0.0,0.0,0.0,4.6,0.1,0,0.0,0,0,18-APR-2022,
OPTSTK,ZEEL,26-May-2022,155.0,PE,0.0,0.0,0.0,5.55,0.15,0,0.0,0,0,18-APR-2022,
OPTSTK,ZEEL,26-May-2022,160.0,PE,0.0,0.0,0.0,6.65,0.2,0,0.0,0,0,18-APR-2022,
OPTSTK,ZEEL,26-May-2022,165.0,PE,0.0,0.0,0.0,7.9,0.3,0,0.0,0,0,18-APR-2022,
OPTSTK,ZEEL,26-May-2022,170.0,PE,0.0,0.0,0.0,9.2,0.45,0,0.0,0,0,18-APR-2022,
OPTSTK,ZEEL,26-May-2022,175.0,PE,0.0,0.0,0.0,10.7,0.6,0,0.0,0,0,18-APR-2022,
OPTSTK,ZEEL,26-May-2022,180.0,PE,0.0,0.0,0.0,2.95,0.8,0,0.0,6000,0,18-APR-2022,
OPTSTK,ZEEL,26-May-2022,185.0,PE,0.0,0.0,0.0,14.05,1.1,0,0.0,0,0,18-APR-2022,
OPTSTK,ZEEL,26-May-2022,190.0,PE,0.0,0.0,0.0,15.95,1.45,0,0.0,0,0,18-APR-2022,
OPTSTK,ZEEL,26-May-2022,195.0,PE,0.0,0.0,0.0,18.0,1.85,0,0.0,0,0,18-APR-2022,
OPTSTK,ZEEL,26-May-2022,200.0,PE,2.7,2.7,1.0,1.0,2.4,2,12.11,9000,3000,18-APR-2022,
OPTSTK,ZEEL,26-May-2022,205.0,PE,0.0,0.0,0.0,22.45,3.0,0,0.0,0,0,18-APR-2022,
OPTSTK,ZEEL,26-May-2022,210.0,PE,0.0,0.0,0.0,24.9,3.7,0,0.0,0,0,18-APR-2022,
OPTSTK,ZEEL,26-May-2022,215.0,PE,0.0,0.0,0.0,27.45,4.55,0,0.0,0,0,18-APR-2022,
OPTSTK,ZEEL,26-May-2022,220.0,PE,2.5,2.5,2.5,2.5,5.5,1,6.67,3000,3000,18-APR-2022,
OPTSTK,ZEEL,26-May-2022,225.0,PE,0.0,0.0,0.0,32.95,6.6,0,0.0,0,0,18-APR-2022,
OPTSTK,ZEEL,26-May-2022,230.0,PE,0.0,0.0,0.0,3.0,7.85,0,0.0,6000,0,18-APR-2022,
OPTSTK,ZEEL,26-May-2022,235.0,PE,0.0,0.0,0.0,38.9,9.25,0,0.0,0,0,18-APR-2022,
OPTSTK,ZEEL,26-May-2022,240.0,PE,3.75,5.0,3.75,4.0,10.75,6,43.99,33000,18000,18-APR-2022,
OPTSTK,ZEEL,26-May-2022,245.0,PE,0.0,0.0,0.0,45.3,12.45,0,0.0,0,0,18-APR-2022,
OPTSTK,ZEEL,26-May-2022,250.0,PE,6.55,8.0,5.6,6.2,6.2,91,701.89,576000,102000,18-APR-2022,
OPTSTK,ZEEL,26-May-2022,255.0,PE,0.0,0.0,0.0,52.1,16.3,0,0.0,0,0,18-APR-2022,
OPTSTK,ZEEL,26-May-2022,260.0,PE,11.0,12.0,9.55,9.55,18.5,46,373.9,201000,99000,18-APR-2022,
OPTSTK,ZEEL,26-May-2022,265.0,PE,0.0,0.0,0.0,59.3,20.8,0,0.0,0,0,18-APR-2022,
OPTSTK,ZEEL,26-May-2022,270.0,PE,14.45,16.05,12.15,13.3,13.3,58,494.98,177000,48000,18-APR-2022,
OPTSTK,ZEEL,26-May-2022,275.0,PE,0.0,0.0,0.0,66.8,25.95,0,0.0,0,0,18-APR-2022,
OPTSTK,ZEEL,26-May-2022,280.0,PE,22.35,22.35,22.0,22.15,28.75,3,27.19,243000,6000,18-APR-2022,
OPTSTK,ZEEL,26-May-2022,285.0,PE,24.05,24.05,19.95,19.95,31.65,2,18.42,9000,0,18-APR-2022,
OPTSTK,ZEEL,26-May-2022,290.0,PE,25.85,25.85,25.85,25.85,34.75,1,9.47,27000,0,18-APR-2022,
OPTSTK,ZEEL,26-May-2022,295.0,PE,0.0,0.0,0.0,25.0,37.95,0,0.0,3000,0,18-APR-2022,
OPTSTK,ZEEL,26-May-2022,300.0,PE,35.55,36.7,32.2,32.2,41.3,8,80.32,138000,3000,18-APR-2022,
OPTSTK,ZEEL,26-May-2022,305.0,PE,0.0,0.0,0.0,90.95,44.75,0,0.0,0,0,18-APR-2022,
OPTSTK,ZEEL,26-May-2022,310.0,PE,0.0,0.0,0.0,95.15,48.35,0,0.0,0,0,18-APR-2022,
OPTSTK,ZEEL,26-May-2022,315.0,PE,0.0,0.0,0.0,99.45,52.05,0,0.0,0,0,18-APR-2022,
OPTSTK,ZEEL,26-May-2022,320.0,PE,0.0,0.0,0.0,103.75,55.85,0,0.0,0,0,18-APR-2022,
OPTSTK,ZEEL,26-May-2022,325.0,PE,0.0,0.0,0.0,108.15,59.75,0,0.0,0,0,18-APR-2022,
OPTSTK,ZEEL,26-May-2022,330.0,PE,0.0,0.0,0.0,112.55,63.75,0,0.0,0,0,18-APR-2022,
OPTSTK,ZEEL,26-May-2022,335.0,PE,0.0,0.0,0.0,116.95,67.8,0,0.0,0,0,18-APR-2022,
OPTSTK,ZEEL,26-May-2022,340.0,PE,0.0,0.0,0.0,121.45,71.95,0,0.0,0,0,18-APR-2022,
OPTSTK,ZEEL,26-May-2022,345.0,PE,0.0,0.0,0.0,125.95,76.15,0,0.0,0,0,18-APR-2022,
OPTSTK,ZEEL,26-May-2022,350.0,PE,0.0,0.0,0.0,130.5,80.45,0,0.0,0,0,18-APR-2022,
OPTSTK,ZEEL,26-May-2022,355.0,PE,0.0,0.0,0.0,135.05,84.8,0,0.0,0,0,18-APR-2022,
OPTSTK,ZEEL,26-May-2022,360.0,PE,0.0,0.0,0.0,139.65,89.25,0,0.0,0,0,18-APR-2022,
OPTSTK,ZEEL,26-May-2022,365.0,PE,0.0,0.0,0.0,144.3,93.7,0,0.0,0,0,18-APR-2022,
OPTSTK,ZEEL,26-May-2022,370.0,PE,0.0,0.0,0.0,148.9,98.2,0,0.0,0,0,18-APR-2022,
OPTSTK,ZEEL,26-May-2022,375.0,PE,0.0,0.0,0.0,144.65,102.75,0,0.0,0,0,18-APR-2022,
OPTSTK,ZEEL,30-Jun-2022,180.0,CE,0.0,0.0,0.0,114.35,99.05,0,0.0,0,0,18-APR-2022,
OPTSTK,ZEEL,30-Jun-2022,185.0,CE,0.0,0.0,0.0,110.1,94.8,0,0.0,0,0,18-APR-2022,
OPTSTK,ZEEL,30-Jun-2022,190.0,CE,0.0,0.0,0.0,106.0,90.6,0,0.0,0,0,18-APR-2022,
OPTSTK,ZEEL,30-Jun-2022,195.0,CE,0.0,0.0,0.0,101.95,86.55,0,0.0,0,0,18-APR-2022,
OPTSTK,ZEEL,30-Jun-2022,200.0,CE,0.0,0.0,0.0,97.95,82.55,0,0.0,0,0,18-APR-2022,
OPTSTK,ZEEL,30-Jun-2022,205.0,CE,0.0,0.0,0.0,94.1,78.7,0,0.0,0,0,18-APR-2022,
OPTSTK,ZEEL,30-Jun-2022,210.0,CE,0.0,0.0,0.0,90.35,74.95,0,0.0,0,0,18-APR-2022,
OPTSTK,ZEEL,30-Jun-2022,215.0,CE,0.0,0.0,0.0,86.7,71.3,0,0.0,0,0,18-APR-2022,
OPTSTK,ZEEL,30-Jun-2022,220.0,CE,0.0,0.0,0.0,83.1,67.8,0,0.0,0,0,18-APR-2022,
OPTSTK,ZEEL,30-Jun-2022,225.0,CE,0.0,0.0,0.0,79.65,64.35,0,0.0,0,0,18-APR-2022,
OPTSTK,ZEEL,30-Jun-2022,230.0,CE,0.0,0.0,0.0,76.3,61.1,0,0.0,0,0,18-APR-2022,
OPTSTK,ZEEL,30-Jun-2022,235.0,CE,0.0,0.0,0.0,73.0,57.9,0,0.0,0,0,18-APR-2022,
OPTSTK,ZEEL,30-Jun-2022,240.0,CE,0.0,0.0,0.0,69.85,54.85,0,0.0,0,0,18-APR-2022,
OPTSTK,ZEEL,30-Jun-2022,245.0,CE,0.0,0.0,0.0,66.8,51.9,0,0.0,0,0,18-APR-2022,
OPTSTK,ZEEL,30-Jun-2022,250.0,CE,0.0,0.0,0.0,63.85,49.1,0,0.0,0,0,18-APR-2022,
OPTSTK,ZEEL,30-Jun-2022,255.0,CE,0.0,0.0,0.0,61.0,46.4,0,0.0,0,0,18-APR-2022,
OPTSTK,ZEEL,30-Jun-2022,260.0,CE,0.0,0.0,0.0,58.25,43.85,0,0.0,0,0,18-APR-2022,
OPTSTK,ZEEL,30-Jun-2022,265.0,CE,0.0,0.0,0.0,55.6,41.4,0,0.0,0,0,18-APR-2022,
OPTSTK,ZEEL,30-Jun-2022,270.0,CE,0.0,0.0,0.0,53.05,39.05,0,0.0,0,0,18-APR-2022,
OPTSTK,ZEEL,30-Jun-2022,275.0,CE,0.0,0.0,0.0,50.6,36.8,0,0.0,0,0,18-APR-2022,
OPTSTK,ZEEL,30-Jun-2022,280.0,CE,0.0,0.0,0.0,48.25,34.65,0,0.0,0,0,18-APR-2022,
OPTSTK,ZEEL,30-Jun-2022,285.0,CE,0.0,0.0,0.0,46.0,32.65,0,0.0,0,0,18-APR-2022,
OPTSTK,ZEEL,30-Jun-2022,290.0,CE,0.0,0.0,0.0,43.8,30.7,0,0.0,0,0,18-APR-2022,
OPTSTK,ZEEL,30-Jun-2022,295.0,CE,0.0,0.0,0.0,41.7,28.9,0,0.0,0,0,18-APR-2022,
OPTSTK,ZEEL,30-Jun-2022,300.0,CE,0.0,0.0,0.0,23.05,27.15,0,0.0,3000,0,18-APR-2022,
OPTSTK,ZEEL,30-Jun-2022,305.0,CE,0.0,0.0,0.0,37.8,25.5,0,0.0,0,0,18-APR-2022,
OPTSTK,ZEEL,30-Jun-2022,310.0,CE,0.0,0.0,0.0,36.0,23.95,0,0.0,0,0,18-APR-2022,
OPTSTK,ZEEL,30-Jun-2022,315.0,CE,0.0,0.0,0.0,34.25,22.5,0,0.0,0,0,18-APR-2022,
OPTSTK,ZEEL,30-Jun-2022,320.0,CE,0.0,0.0,0.0,32.55,21.1,0,0.0,0,0,18-APR-2022,
OPTSTK,ZEEL,30-Jun-2022,325.0,CE,0.0,0.0,0.0,30.95,19.8,0,0.0,0,0,18-APR-2022,
OPTSTK,ZEEL,30-Jun-2022,330.0,CE,0.0,0.0,0.0,29.4,18.55,0,0.0,0,0,18-APR-2022,
OPTSTK,ZEEL,30-Jun-2022,335.0,CE,0.0,0.0,0.0,27.95,17.4,0,0.0,0,0,18-APR-2022,
OPTSTK,ZEEL,30-Jun-2022,340.0,CE,0.0,0.0,0.0,26.55,16.3,0,0.0,0,0,18-APR-2022,
OPTSTK,ZEEL,30-Jun-2022,345.0,CE,0.0,0.0,0.0,25.25,15.25,0,0.0,0,0,18-APR-2022,
OPTSTK,ZEEL,30-Jun-2022,350.0,CE,0.0,0.0,0.0,24.0,14.3,0,0.0,0,0,18-APR-2022,
OPTSTK,ZEEL,30-Jun-2022,355.0,CE,0.0,0.0,0.0,22.75,13.4,0,0.0,0,0,18-APR-2022,
OPTSTK,ZEEL,30-Jun-2022,360.0,CE,0.0,0.0,0.0,21.65,12.55,0,0.0,0,0,18-APR-2022,
OPTSTK,ZEEL,30-Jun-2022,365.0,CE,0.0,0.0,0.0,20.55,11.7,0,0.0,0,0,18-APR-2022,
OPTSTK,ZEEL,30-Jun-2022,370.0,CE,0.0,0.0,0.0,5.0,10.95,0,0.0,3000,0,18-APR-2022,
OPTSTK,ZEEL,30-Jun-2022,375.0,CE,0.0,0.0,0.0,18.5,10.25,0,0.0,0,0,18-APR-2022,
OPTSTK,ZEEL,30-Jun-2022,180.0,PE,0.0,0.0,0.0,4.1,3.4,0,0.0,0,0,18-APR-2022,
OPTSTK,ZEEL,30-Jun-2022,185.0,PE,0.0,0.0,0.0,4.8,4.1,0,0.0,0,0,18-APR-2022,
OPTSTK,ZEEL,30-Jun-2022,190.0,PE,0.0,0.0,0.0,5.65,4.85,0,0.0,0,0,18-APR-2022,
OPTSTK,ZEEL,30-Jun-2022,195.0,PE,0.0,0.0,0.0,6.55,5.75,0,0.0,0,0,18-APR-2022,
OPTSTK,ZEEL,30-Jun-2022,200.0,PE,0.0,0.0,0.0,7.5,6.75,0,0.0,0,0,18-APR-2022,
OPTSTK,ZEEL,30-Jun-2022,205.0,PE,0.0,0.0,0.0,8.6,7.8,0,0.0,0,0,18-APR-2022,
OPTSTK,ZEEL,30-Jun-2022,210.0,PE,0.0,0.0,0.0,9.8,9.0,0,0.0,0,0,18-APR-2022,
OPTSTK,ZEEL,30-Jun-2022,215.0,PE,0.0,0.0,0.0,11.05,10.35,0,0.0,0,0,18-APR-2022,
OPTSTK,ZEEL,30-Jun-2022,220.0,PE,0.0,0.0,0.0,12.45,11.75,0,0.0,0,0,18-APR-2022,
OPTSTK,ZEEL,30-Jun-2022,225.0,PE,0.0,0.0,0.0,13.95,13.3,0,0.0,0,0,18-APR-2022,
OPTSTK,ZEEL,30-Jun-2022,230.0,PE,0.0,0.0,0.0,15.5,15.0,0,0.0,0,0,18-APR-2022,
OPTSTK,ZEEL,30-Jun-2022,235.0,PE,0.0,0.0,0.0,17.2,16.75,0,0.0,0,0,18-APR-2022,
OPTSTK,ZEEL,30-Jun-2022,240.0,PE,0.0,0.0,0.0,8.0,18.65,0,0.0,12000,0,18-APR-2022,
OPTSTK,ZEEL,30-Jun-2022,245.0,PE,0.0,0.0,0.0,20.85,20.7,0,0.0,0,0,18-APR-2022,
OPTSTK,ZEEL,30-Jun-2022,250.0,PE,0.0,0.0,0.0,10.05,22.85,0,0.0,9000,0,18-APR-2022,
OPTSTK,ZEEL,30-Jun-2022,255.0,PE,0.0,0.0,0.0,24.95,25.1,0,0.0,0,0,18-APR-2022,
OPTSTK,ZEEL,30-Jun-2022,260.0,PE,0.0,0.0,0.0,27.15,27.5,0,0.0,0,0,18-APR-2022,
OPTSTK,ZEEL,30-Jun-2022,265.0,PE,0.0,0.0,0.0,29.45,30.0,0,0.0,0,0,18-APR-2022,
OPTSTK,ZEEL,30-Jun-2022,270.0,PE,0.0,0.0,0.0,31.85,32.6,0,0.0,0,0,18-APR-2022,
OPTSTK,ZEEL,30-Jun-2022,275.0,PE,0.0,0.0,0.0,34.35,35.3,0,0.0,0,0,18-APR-2022,
OPTSTK,ZEEL,30-Jun-2022,280.0,PE,0.0,0.0,0.0,36.95,38.15,0,0.0,0,0,18-APR-2022,
OPTSTK,ZEEL,30-Jun-2022,285.0,PE,0.0,0.0,0.0,39.65,41.05,0,0.0,0,0,18-APR-2022,
OPTSTK,ZEEL,30-Jun-2022,290.0,PE,0.0,0.0,0.0,42.4,44.1,0,0.0,0,0,18-APR-2022,
OPTSTK,ZEEL,30-Jun-2022,295.0,PE,0.0,0.0,0.0,45.25,47.25,0,0.0,0,0,18-APR-2022,
OPTSTK,ZEEL,30-Jun-2022,300.0,PE,0.0,0.0,0.0,34.0,50.45,0,0.0,18000,0,18-APR-2022,
OPTSTK,ZEEL,30-Jun-2022,305.0,PE,0.0,0.0,0.0,51.25,53.8,0,0.0,0,0,18-APR-2022,
OPTSTK,ZEEL,30-Jun-2022,310.0,PE,0.0,0.0,0.0,54.35,57.2,0,0.0,0,0,18-APR-2022,
OPTSTK,ZEEL,30-Jun-2022,315.0,PE,0.0,0.0,0.0,57.55,60.65,0,0.0,0,0,18-APR-2022,
OPTSTK,ZEEL,30-Jun-2022,320.0,PE,0.0,0.0,0.0,60.85,64.25,0,0.0,0,0,18-APR-2022,
OPTSTK,ZEEL,30-Jun-2022,325.0,PE,0.0,0.0,0.0,64.2,67.9,0,0.0,0,0,18-APR-2022,
OPTSTK,ZEEL,30-Jun-2022,330.0,PE,0.0,0.0,0.0,67.6,71.6,0,0.0,0,0,18-APR-2022,
OPTSTK,ZEEL,30-Jun-2022,335.0,PE,0.0,0.0,0.0,71.1,75.4,0,0.0,0,0,18-APR-2022,
OPTSTK,ZEEL,30-Jun-2022,340.0,PE,0.0,0.0,0.0,74.65,79.3,0,0.0,0,0,18-APR-2022,
OPTSTK,ZEEL,30-Jun-2022,345.0,PE,0.0,0.0,0.0,78.25,83.2,0,0.0,0,0,18-APR-2022,
OPTSTK,ZEEL,30-Jun-2022,350.0,PE,0.0,0.0,0.0,81.95,87.2,0,0.0,0,0,18-APR-2022,
OPTSTK,ZEEL,30-Jun-2022,355.0,PE,0.0,0.0,0.0,85.7,91.25,0,0.0,0,0,18-APR-2022,
OPTSTK,ZEEL,30-Jun-2022,360.0,PE,0.0,0.0,0.0,89.5,95.35,0,0.0,0,0,18-APR-2022,
OPTSTK,ZEEL,30-Jun-2022,365.0,PE,0.0,0.0,0.0,93.35,99.45,0,0.0,0,0,18-APR-2022,
OPTSTK,ZEEL,30-Jun-2022,370.0,PE,0.0,0.0,0.0,97.25,103.65,0,0.0,0,0,18-APR-2022,
OPTSTK,ZEEL,30-Jun-2022,375.0,PE,0.0,0.0,0.0,101.2,107.9,0,0.0,0,0,18-APR-2022,
OPTSTK,ZYDUSLIFE,28-Apr-2022,245.0,CE,0.0,0.0,0.0,142.05,120.2,0,0.0,0,0,18-APR-2022,
OPTSTK,ZYDUSLIFE,28-Apr-2022,250.0,CE,0.0,0.0,0.0,137.15,115.2,0,0.0,0,0,18-APR-2022,
OPTSTK,ZYDUSLIFE,28-Apr-2022,255.0,CE,0.0,0.0,0.0,132.25,110.2,0,0.0,0,0,18-APR-2022,
OPTSTK,ZYDUSLIFE,28-Apr-2022,260.0,CE,0.0,0.0,0.0,127.35,105.2,0,0.0,0,0,18-APR-2022,
OPTSTK,ZYDUSLIFE,28-Apr-2022,265.0,CE,0.0,0.0,0.0,122.5,100.2,0,0.0,0,0,18-APR-2022,
OPTSTK,ZYDUSLIFE,28-Apr-2022,270.0,CE,0.0,0.0,0.0,117.65,95.2,0,0.0,0,0,18-APR-2022,
OPTSTK,ZYDUSLIFE,28-Apr-2022,275.0,CE,0.0,0.0,0.0,112.85,90.25,0,0.0,0,0,18-APR-2022,
OPTSTK,ZYDUSLIFE,28-Apr-2022,280.0,CE,0.0,0.0,0.0,108.1,85.25,0,0.0,0,0,18-APR-2022,
OPTSTK,ZYDUSLIFE,28-Apr-2022,285.0,CE,0.0,0.0,0.0,103.35,80.25,0,0.0,0,0,18-APR-2022,
OPTSTK,ZYDUSLIFE,28-Apr-2022,290.0,CE,0.0,0.0,0.0,98.7,75.25,0,0.0,0,0,18-APR-2022,
OPTSTK,ZYDUSLIFE,28-Apr-2022,295.0,CE,0.0,0.0,0.0,94.05,70.25,0,0.0,0,0,18-APR-2022,
OPTSTK,ZYDUSLIFE,28-Apr-2022,300.0,CE,60.05,68.0,56.15,66.0,65.25,24,95.68,92400,11000,18-APR-2022,
OPTSTK,ZYDUSLIFE,28-Apr-2022,305.0,CE,0.0,0.0,0.0,85.05,60.25,0,0.0,0,0,18-APR-2022,
OPTSTK,ZYDUSLIFE,28-Apr-2022,310.0,CE,0.0,0.0,0.0,80.65,55.3,0,0.0,0,0,18-APR-2022,
OPTSTK,ZYDUSLIFE,28-Apr-2022,315.0,CE,0.0,0.0,0.0,76.3,50.3,0,0.0,0,0,18-APR-2022,
OPTSTK,ZYDUSLIFE,28-Apr-2022,320.0,CE,0.0,0.0,0.0,72.1,45.35,0,0.0,0,0,18-APR-2022,
OPTSTK,ZYDUSLIFE,28-Apr-2022,325.0,CE,0.0,0.0,0.0,68.0,40.5,0,0.0,0,0,18-APR-2022,
OPTSTK,ZYDUSLIFE,28-Apr-2022,330.0,CE,0.0,0.0,0.0,40.35,35.65,0,0.0,1100,0,18-APR-2022,
OPTSTK,ZYDUSLIFE,28-Apr-2022,335.0,CE,0.0,0.0,0.0,60.1,30.95,0,0.0,0,0,18-APR-2022,
OPTSTK,ZYDUSLIFE,28-Apr-2022,340.0,CE,22.6,22.6,22.6,22.6,26.45,1,3.98,7700,1100,18-APR-2022,
OPTSTK,ZYDUSLIFE,28-Apr-2022,345.0,CE,0.0,0.0,0.0,52.75,22.2,0,0.0,0,0,18-APR-2022,
OPTSTK,ZYDUSLIFE,28-Apr-2022,350.0,CE,19.4,20.55,14.0,14.0,18.25,8,32.3,198000,1100,18-APR-2022,
OPTSTK,ZYDUSLIFE,28-Apr-2022,355.0,CE,0.0,0.0,0.0,20.45,14.65,0,0.0,3300,0,18-APR-2022,
OPTSTK,ZYDUSLIFE,28-Apr-2022,360.0,CE,11.5,12.2,7.1,10.7,10.7,255,1036.42,398200,19800,18-APR-2022,
OPTSTK,ZYDUSLIFE,28-Apr-2022,365.0,CE,7.75,9.0,5.5,8.0,8.0,24,98.4,29700,7700,18-APR-2022,
OPTSTK,ZYDUSLIFE,28-Apr-2022,370.0,CE,6.05,7.5,4.1,6.05,6.05,385,1591.32,613800,46200,18-APR-2022,
OPTSTK,ZYDUSLIFE,28-Apr-2022,375.0,CE,4.9,5.7,3.0,4.85,4.85,55,229.57,128700,8800,18-APR-2022,
OPTSTK,ZYDUSLIFE,28-Apr-2022,380.0,CE,3.6,4.35,2.6,3.75,3.75,441,1860.12,818400,39600,18-APR-2022,
OPTSTK,ZYDUSLIFE,28-Apr-2022,385.0,CE,3.0,3.05,3.0,3.05,2.35,6,25.61,57200,2200,18-APR-2022,
OPTSTK,ZYDUSLIFE,28-Apr-2022,390.0,CE,1.4,3.05,1.4,2.6,2.6,257,1109.29,401500,20900,18-APR-2022,
OPTSTK,ZYDUSLIFE,28-Apr-2022,395.0,CE,2.0,2.0,2.0,2.0,1.0,1,4.36,24200,0,18-APR-2022,
OPTSTK,ZYDUSLIFE,28-Apr-2022,400.0,CE,1.5,2.2,1.4,1.85,1.85,531,2346.97,1548800,149600,18-APR-2022,
OPTSTK,ZYDUSLIFE,28-Apr-2022,405.0,CE,0.0,0.0,0.0,2.2,0.4,0,0.0,27500,0,18-APR-2022,
OPTSTK,ZYDUSLIFE,28-Apr-2022,410.0,CE,0.85,1.25,0.8,1.0,1.0,148,669.1,374000,12100,18-APR-2022,
OPTSTK,ZYDUSLIFE,28-Apr-2022,415.0,CE,0.0,0.0,0.0,17.0,0.15,0,0.0,0,0,18-APR-2022,
OPTSTK,ZYDUSLIFE,28-Apr-2022,420.0,CE,0.8,0.8,0.55,0.65,0.65,40,185.07,127600,14300,18-APR-2022,
OPTSTK,ZYDUSLIFE,28-Apr-2022,425.0,CE,0.0,0.0,0.0,14.05,0.05,0,0.0,0,0,18-APR-2022,
OPTSTK,ZYDUSLIFE,28-Apr-2022,430.0,CE,0.15,0.5,0.15,0.4,0.05,9,42.6,34100,1100,18-APR-2022,
OPTSTK,ZYDUSLIFE,28-Apr-2022,435.0,CE,0.0,0.0,0.0,11.55,0.05,0,0.0,0,0,18-APR-2022,
OPTSTK,ZYDUSLIFE,28-Apr-2022,440.0,CE,0.0,0.0,0.0,0.2,0.05,0,0.0,4400,0,18-APR-2022,
OPTSTK,ZYDUSLIFE,28-Apr-2022,445.0,CE,0.0,0.0,0.0,0.15,0.0,0,0.0,2200,0,18-APR-2022,
OPTSTK,ZYDUSLIFE,28-Apr-2022,450.0,CE,0.25,0.35,0.2,0.3,0.3,16,79.24,53900,-8800,18-APR-2022,
OPTSTK,ZYDUSLIFE,28-Apr-2022,455.0,CE,0.0,0.0,0.0,7.6,0.0,0,0.0,0,0,18-APR-2022,
OPTSTK,ZYDUSLIFE,28-Apr-2022,460.0,CE,0.0,0.0,0.0,0.15,0.0,0,0.0,1100,0,18-APR-2022,
OPTSTK,ZYDUSLIFE,28-Apr-2022,465.0,CE,0.0,0.0,0.0,6.15,0.0,0,0.0,0,0,18-APR-2022,
OPTSTK,ZYDUSLIFE,28-Apr-2022,470.0,CE,0.0,0.0,0.0,0.1,0.0,0,0.0,2200,0,18-APR-2022,
OPTSTK,ZYDUSLIFE,28-Apr-2022,475.0,CE,0.0,0.0,0.0,4.9,0.0,0,0.0,0,0,18-APR-2022,
OPTSTK,ZYDUSLIFE,28-Apr-2022,480.0,CE,0.0,0.0,0.0,0.15,0.0,0,0.0,6600,0,18-APR-2022,
OPTSTK,ZYDUSLIFE,28-Apr-2022,485.0,CE,0.0,0.0,0.0,3.9,0.0,0,0.0,0,0,18-APR-2022,
OPTSTK,ZYDUSLIFE,28-Apr-2022,490.0,CE,0.0,0.0,0.0,3.5,0.0,0,0.0,0,0,18-APR-2022,
OPTSTK,ZYDUSLIFE,28-Apr-2022,495.0,CE,0.0,0.0,0.0,3.1,0.0,0,0.0,0,0,18-APR-2022,
OPTSTK,ZYDUSLIFE,28-Apr-2022,500.0,CE,0.0,0.0,0.0,0.25,0.0,0,0.0,34100,0,18-APR-2022,
OPTSTK,ZYDUSLIFE,28-Apr-2022,505.0,CE,0.0,0.0,0.0,2.45,0.0,0,0.0,0,0,18-APR-2022,
OPTSTK,ZYDUSLIFE,28-Apr-2022,510.0,CE,0.0,0.0,0.0,2.15,0.0,0,0.0,0,0,18-APR-2022,
OPTSTK,ZYDUSLIFE,28-Apr-2022,515.0,CE,0.0,0.0,0.0,1.9,0.0,0,0.0,0,0,18-APR-2022,
OPTSTK,ZYDUSLIFE,28-Apr-2022,520.0,CE,0.0,0.0,0.0,0.65,0.0,0,0.0,16500,0,18-APR-2022,
OPTSTK,ZYDUSLIFE,28-Apr-2022,525.0,CE,0.0,0.0,0.0,1.5,0.0,0,0.0,0,0,18-APR-2022,
OPTSTK,ZYDUSLIFE,28-Apr-2022,530.0,CE,0.0,0.0,0.0,1.35,0.0,0,0.0,0,0,18-APR-2022,
OPTSTK,ZYDUSLIFE,28-Apr-2022,535.0,CE,0.0,0.0,0.0,1.15,0.0,0,0.0,0,0,18-APR-2022,
OPTSTK,ZYDUSLIFE,28-Apr-2022,540.0,CE,0.0,0.0,0.0,1.05,0.0,0,0.0,0,0,18-APR-2022,
OPTSTK,ZYDUSLIFE,28-Apr-2022,545.0,CE,0.0,0.0,0.0,0.9,0.0,0,0.0,0,0,18-APR-2022,
OPTSTK,ZYDUSLIFE,28-Apr-2022,550.0,CE,0.0,0.0,0.0,0.1,0.0,0,0.0,5500,0,18-APR-2022,
OPTSTK,ZYDUSLIFE,28-Apr-2022,555.0,CE,0.0,0.0,0.0,0.7,0.0,0,0.0,0,0,18-APR-2022,
OPTSTK,ZYDUSLIFE,28-Apr-2022,560.0,CE,0.0,0.0,0.0,0.6,0.0,0,0.0,0,0,18-APR-2022,
OPTSTK,ZYDUSLIFE,28-Apr-2022,565.0,CE,0.0,0.0,0.0,0.55,0.0,0,0.0,0,0,18-APR-2022,
OPTSTK,ZYDUSLIFE,28-Apr-2022,570.0,CE,0.0,0.0,0.0,0.1,0.0,0,0.0,13200,0,18-APR-2022,
OPTSTK,ZYDUSLIFE,28-Apr-2022,575.0,CE,0.0,0.0,0.0,0.4,0.0,0,0.0,0,0,18-APR-2022,
OPTSTK,ZYDUSLIFE,28-Apr-2022,245.0,PE,0.0,0.0,0.0,0.1,0.0,0,0.0,1100,0,18-APR-2022,
OPTSTK,ZYDUSLIFE,28-Apr-2022,250.0,PE,0.0,0.0,0.0,0.15,0.0,0,0.0,0,0,18-APR-2022,
OPTSTK,ZYDUSLIFE,28-Apr-2022,255.0,PE,0.0,0.0,0.0,0.2,0.0,0,0.0,0,0,18-APR-2022,
OPTSTK,ZYDUSLIFE,28-Apr-2022,260.0,PE,0.0,0.0,0.0,0.25,0.0,0,0.0,0,0,18-APR-2022,
OPTSTK,ZYDUSLIFE,28-Apr-2022,265.0,PE,0.0,0.0,0.0,0.35,0.0,0,0.0,0,0,18-APR-2022,
OPTSTK,ZYDUSLIFE,28-Apr-2022,270.0,PE,0.0,0.0,0.0,0.35,0.0,0,0.0,0,0,18-APR-2022,
OPTSTK,ZYDUSLIFE,28-Apr-2022,275.0,PE,0.0,0.0,0.0,0.1,0.0,0,0.0,1100,0,18-APR-2022,
OPTSTK,ZYDUSLIFE,28-Apr-2022,280.0,PE,0.0,0.0,0.0,0.8,0.0,0,0.0,0,0,18-APR-2022,
OPTSTK,ZYDUSLIFE,28-Apr-2022,285.0,PE,0.0,0.0,0.0,1.0,0.0,0,0.0,0,0,18-APR-2022,
OPTSTK,ZYDUSLIFE,28-Apr-2022,290.0,PE,0.0,0.0,0.0,1.0,0.0,0,0.0,18700,0,18-APR-2022,
OPTSTK,ZYDUSLIFE,28-Apr-2022,295.0,PE,0.0,0.0,0.0,1.6,0.0,0,0.0,0,0,18-APR-2022,
OPTSTK,ZYDUSLIFE,28-Apr-2022,300.0,PE,0.65,0.9,0.5,0.65,0.65,30,99.23,198000,12100,18-APR-2022,
OPTSTK,ZYDUSLIFE,28-Apr-2022,305.0,PE,0.0,0.0,0.0,2.45,0.05,0,0.0,0,0,18-APR-2022,
OPTSTK,ZYDUSLIFE,28-Apr-2022,310.0,PE,0.0,0.0,0.0,3.0,0.05,0,0.0,0,0,18-APR-2022,
OPTSTK,ZYDUSLIFE,28-Apr-2022,315.0,PE,0.0,0.0,0.0,3.65,0.05,0,0.0,0,0,18-APR-2022,
OPTSTK,ZYDUSLIFE,28-Apr-2022,320.0,PE,0.95,1.05,0.9,0.95,0.95,47,165.93,136400,3300,18-APR-2022,
OPTSTK,ZYDUSLIFE,28-Apr-2022,325.0,PE,0.0,0.0,0.0,5.2,0.2,0,0.0,0,0,18-APR-2022,
OPTSTK,ZYDUSLIFE,28-Apr-2022,330.0,PE,1.65,1.8,1.25,1.35,1.35,77,280.83,264000,2200,18-APR-2022,
OPTSTK,ZYDUSLIFE,28-Apr-2022,335.0,PE,0.0,0.0,0.0,5.95,0.7,0,0.0,1100,0,18-APR-2022,
OPTSTK,ZYDUSLIFE,28-Apr-2022,340.0,PE,6.0,6.95,1.9,2.0,2.0,92,346.55,195800,5500,18-APR-2022,
OPTSTK,ZYDUSLIFE,28-Apr-2022,345.0,PE,0.0,0.0,0.0,3.5,1.9,0,0.0,18700,0,18-APR-2022,
OPTSTK,ZYDUSLIFE,28-Apr-2022,350.0,PE,3.2,4.25,2.8,2.85,2.85,163,633.4,275000,-13200,18-APR-2022,
OPTSTK,ZYDUSLIFE,28-Apr-2022,355.0,PE,3.55,6.2,3.55,4.7,4.35,4,15.81,57200,0,18-APR-2022,
OPTSTK,ZYDUSLIFE,28-Apr-2022,360.0,PE,4.9,8.25,4.65,5.0,5.0,110,442.87,311300,-26400,18-APR-2022,
OPTSTK,ZYDUSLIFE,28-Apr-2022,365.0,PE,7.65,7.65,7.65,7.65,8.5,1,4.09,17600,-1100,18-APR-2022,
OPTSTK,ZYDUSLIFE,28-Apr-2022,370.0,PE,10.85,14.15,10.0,10.3,10.3,27,113.35,260700,-2200,18-APR-2022,
OPTSTK,ZYDUSLIFE,28-Apr-2022,375.0,PE,13.4,16.05,13.4,14.65,14.45,4,17.15,14300,-1100,18-APR-2022,
OPTSTK,ZYDUSLIFE,28-Apr-2022,380.0,PE,17.55,17.85,17.55,17.7,17.7,2,8.74,112200,2200,18-APR-2022,
OPTSTK,ZYDUSLIFE,28-Apr-2022,385.0,PE,0.0,0.0,0.0,25.5,22.0,0,0.0,0,0,18-APR-2022,
OPTSTK,ZYDUSLIFE,28-Apr-2022,390.0,PE,0.0,0.0,0.0,30.2,26.2,0,0.0,30800,0,18-APR-2022,
OPTSTK,ZYDUSLIFE,28-Apr-2022,395.0,PE,0.0,0.0,0.0,30.85,30.65,0,0.0,0,0,18-APR-2022,
OPTSTK,ZYDUSLIFE,28-Apr-2022,400.0,PE,36.45,41.4,36.0,36.7,36.7,9,43.36,144100,-5500,18-APR-2022,
OPTSTK,ZYDUSLIFE,28-Apr-2022,405.0,PE,0.0,0.0,0.0,48.0,40.05,0,0.0,2200,0,18-APR-2022,
OPTSTK,ZYDUSLIFE,28-Apr-2022,410.0,PE,0.0,0.0,0.0,41.0,44.9,0,0.0,6600,0,18-APR-2022,
OPTSTK,ZYDUSLIFE,28-Apr-2022,415.0,PE,0.0,0.0,0.0,43.25,49.8,0,0.0,0,0,18-APR-2022,
OPTSTK,ZYDUSLIFE,28-Apr-2022,420.0,PE,0.0,0.0,0.0,68.0,54.7,0,0.0,16500,0,18-APR-2022,
OPTSTK,ZYDUSLIFE,28-Apr-2022,425.0,PE,0.0,0.0,0.0,50.2,59.7,0,0.0,0,0,18-APR-2022,
OPTSTK,ZYDUSLIFE,28-Apr-2022,430.0,PE,0.0,0.0,0.0,75.0,64.65,0,0.0,23100,0,18-APR-2022,
OPTSTK,ZYDUSLIFE,28-Apr-2022,435.0,PE,0.0,0.0,0.0,57.6,69.65,0,0.0,0,0,18-APR-2022,
OPTSTK,ZYDUSLIFE,28-Apr-2022,440.0,PE,0.0,0.0,0.0,88.0,74.65,0,0.0,3300,0,18-APR-2022,
OPTSTK,ZYDUSLIFE,28-Apr-2022,445.0,PE,0.0,0.0,0.0,90.0,79.6,0,0.0,5500,0,18-APR-2022,
OPTSTK,ZYDUSLIFE,28-Apr-2022,450.0,PE,0.0,0.0,0.0,84.0,84.6,0,0.0,42900,0,18-APR-2022,
OPTSTK,ZYDUSLIFE,28-Apr-2022,455.0,PE,0.0,0.0,0.0,73.45,89.6,0,0.0,0,0,18-APR-2022,
OPTSTK,ZYDUSLIFE,28-Apr-2022,460.0,PE,0.0,0.0,0.0,106.4,94.6,0,0.0,2200,0,18-APR-2022,
OPTSTK,ZYDUSLIFE,28-Apr-2022,465.0,PE,0.0,0.0,0.0,81.9,99.6,0,0.0,0,0,18-APR-2022,
OPTSTK,ZYDUSLIFE,28-Apr-2022,470.0,PE,0.0,0.0,0.0,112.0,104.6,0,0.0,2200,0,18-APR-2022,
OPTSTK,ZYDUSLIFE,28-Apr-2022,475.0,PE,0.0,0.0,0.0,90.55,109.6,0,0.0,0,0,18-APR-2022,
OPTSTK,ZYDUSLIFE,28-Apr-2022,480.0,PE,0.0,0.0,0.0,125.0,114.6,0,0.0,6600,0,18-APR-2022,
OPTSTK,ZYDUSLIFE,28-Apr-2022,485.0,PE,0.0,0.0,0.0,99.45,119.55,0,0.0,0,0,18-APR-2022,
OPTSTK,ZYDUSLIFE,28-Apr-2022,490.0,PE,0.0,0.0,0.0,104.0,124.55,0,0.0,0,0,18-APR-2022,
OPTSTK,ZYDUSLIFE,28-Apr-2022,495.0,PE,0.0,0.0,0.0,108.55,129.55,0,0.0,0,0,18-APR-2022,
OPTSTK,ZYDUSLIFE,28-Apr-2022,500.0,PE,0.0,0.0,0.0,135.0,134.55,0,0.0,51700,0,18-APR-2022,
OPTSTK,ZYDUSLIFE,28-Apr-2022,505.0,PE,0.0,0.0,0.0,117.8,139.55,0,0.0,0,0,18-APR-2022,
OPTSTK,ZYDUSLIFE,28-Apr-2022,510.0,PE,0.0,0.0,0.0,122.45,144.55,0,0.0,0,0,18-APR-2022,
OPTSTK,ZYDUSLIFE,28-Apr-2022,515.0,PE,0.0,0.0,0.0,127.15,149.55,0,0.0,0,0,18-APR-2022,
OPTSTK,ZYDUSLIFE,28-Apr-2022,520.0,PE,0.0,0.0,0.0,144.0,154.55,0,0.0,25300,0,18-APR-2022,
OPTSTK,ZYDUSLIFE,28-Apr-2022,525.0,PE,0.0,0.0,0.0,136.65,159.55,0,0.0,0,0,18-APR-2022,
OPTSTK,ZYDUSLIFE,28-Apr-2022,530.0,PE,0.0,0.0,0.0,141.4,164.5,0,0.0,0,0,18-APR-2022,
OPTSTK,ZYDUSLIFE,28-Apr-2022,535.0,PE,0.0,0.0,0.0,146.2,169.5,0,0.0,0,0,18-APR-2022,
OPTSTK,ZYDUSLIFE,28-Apr-2022,540.0,PE,0.0,0.0,0.0,151.0,174.5,0,0.0,0,0,18-APR-2022,
OPTSTK,ZYDUSLIFE,28-Apr-2022,545.0,PE,0.0,0.0,0.0,155.85,179.5,0,0.0,0,0,18-APR-2022,
OPTSTK,ZYDUSLIFE,28-Apr-2022,550.0,PE,0.0,0.0,0.0,195.0,184.5,0,0.0,9900,0,18-APR-2022,
OPTSTK,ZYDUSLIFE,28-Apr-2022,555.0,PE,0.0,0.0,0.0,165.5,189.5,0,0.0,0,0,18-APR-2022,
OPTSTK,ZYDUSLIFE,28-Apr-2022,560.0,PE,0.0,0.0,0.0,170.4,194.5,0,0.0,0,0,18-APR-2022,
OPTSTK,ZYDUSLIFE,28-Apr-2022,565.0,PE,0.0,0.0,0.0,175.25,199.5,0,0.0,0,0,18-APR-2022,
OPTSTK,ZYDUSLIFE,28-Apr-2022,570.0,PE,0.0,0.0,0.0,204.0,204.5,0,0.0,24200,0,18-APR-2022,
OPTSTK,ZYDUSLIFE,28-Apr-2022,575.0,PE,0.0,0.0,0.0,217.0,209.45,0,0.0,4400,0,18-APR-2022,
OPTSTK,ZYDUSLIFE,26-May-2022,245.0,CE,0.0,0.0,0.0,102.8,121.0,0,0.0,0,0,18-APR-2022,
OPTSTK,ZYDUSLIFE,26-May-2022,250.0,CE,0.0,0.0,0.0,98.0,116.05,0,0.0,0,0,18-APR-2022,
OPTSTK,ZYDUSLIFE,26-May-2022,255.0,CE,0.0,0.0,0.0,93.25,111.05,0,0.0,0,0,18-APR-2022,
OPTSTK,ZYDUSLIFE,26-May-2022,260.0,CE,0.0,0.0,0.0,88.55,106.1,0,0.0,0,0,18-APR-2022,
OPTSTK,ZYDUSLIFE,26-May-2022,265.0,CE,0.0,0.0,0.0,83.95,101.1,0,0.0,0,0,18-APR-2022,
OPTSTK,ZYDUSLIFE,26-May-2022,270.0,CE,0.0,0.0,0.0,79.4,96.15,0,0.0,0,0,18-APR-2022,
OPTSTK,ZYDUSLIFE,26-May-2022,275.0,CE,0.0,0.0,0.0,74.9,91.2,0,0.0,0,0,18-APR-2022,
OPTSTK,ZYDUSLIFE,26-May-2022,280.0,CE,0.0,0.0,0.0,70.55,86.3,0,0.0,0,0,18-APR-2022,
OPTSTK,ZYDUSLIFE,26-May-2022,285.0,CE,0.0,0.0,0.0,66.25,81.4,0,0.0,0,0,18-APR-2022,
OPTSTK,ZYDUSLIFE,26-May-2022,290.0,CE,0.0,0.0,0.0,62.1,76.5,0,0.0,0,0,18-APR-2022,
OPTSTK,ZYDUSLIFE,26-May-2022,295.0,CE,0.0,0.0,0.0,58.05,71.65,0,0.0,0,0,18-APR-2022,
OPTSTK,ZYDUSLIFE,26-May-2022,300.0,CE,0.0,0.0,0.0,54.15,66.9,0,0.0,0,0,18-APR-2022,
OPTSTK,ZYDUSLIFE,26-May-2022,305.0,CE,0.0,0.0,0.0,50.4,62.2,0,0.0,0,0,18-APR-2022,
OPTSTK,ZYDUSLIFE,26-May-2022,310.0,CE,0.0,0.0,0.0,46.8,57.6,0,0.0,0,0,18-APR-2022,
OPTSTK,ZYDUSLIFE,26-May-2022,315.0,CE,0.0,0.0,0.0,43.3,53.05,0,0.0,0,0,18-APR-2022,
OPTSTK,ZYDUSLIFE,26-May-2022,320.0,CE,0.0,0.0,0.0,40.0,48.7,0,0.0,0,0,18-APR-2022,
OPTSTK,ZYDUSLIFE,26-May-2022,325.0,CE,0.0,0.0,0.0,36.85,44.45,0,0.0,0,0,18-APR-2022,
OPTSTK,ZYDUSLIFE,26-May-2022,330.0,CE,0.0,0.0,0.0,33.85,40.35,0,0.0,0,0,18-APR-2022,
OPTSTK,ZYDUSLIFE,26-May-2022,335.0,CE,0.0,0.0,0.0,31.05,36.45,0,0.0,0,0,18-APR-2022,
OPTSTK,ZYDUSLIFE,26-May-2022,340.0,CE,0.0,0.0,0.0,28.35,32.8,0,0.0,0,0,18-APR-2022,
OPTSTK,ZYDUSLIFE,26-May-2022,345.0,CE,0.0,0.0,0.0,25.9,29.25,0,0.0,0,0,18-APR-2022,
OPTSTK,ZYDUSLIFE,26-May-2022,350.0,CE,0.0,0.0,0.0,23.55,26.0,0,0.0,0,0,18-APR-2022,
OPTSTK,ZYDUSLIFE,26-May-2022,355.0,CE,0.0,0.0,0.0,21.4,22.95,0,0.0,0,0,18-APR-2022,
OPTSTK,ZYDUSLIFE,26-May-2022,360.0,CE,20.0,20.65,20.0,20.65,20.65,6,25.09,6600,4400,18-APR-2022,
OPTSTK,ZYDUSLIFE,26-May-2022,365.0,CE,0.0,0.0,0.0,17.5,17.6,0,0.0,0,0,18-APR-2022,
OPTSTK,ZYDUSLIFE,26-May-2022,370.0,CE,14.45,18.2,14.45,15.55,15.55,5,21.25,5500,4400,18-APR-2022,
OPTSTK,ZYDUSLIFE,26-May-2022,375.0,CE,0.0,0.0,0.0,14.2,13.2,0,0.0,0,0,18-APR-2022,
OPTSTK,ZYDUSLIFE,26-May-2022,380.0,CE,10.15,11.65,10.1,11.65,11.65,6,25.8,22000,3300,18-APR-2022,
OPTSTK,ZYDUSLIFE,26-May-2022,385.0,CE,0.0,0.0,0.0,11.4,9.65,0,0.0,0,0,18-APR-2022,
OPTSTK,ZYDUSLIFE,26-May-2022,390.0,CE,7.95,8.3,7.9,8.25,8.25,5,21.89,8800,4400,18-APR-2022,
OPTSTK,ZYDUSLIFE,26-May-2022,395.0,CE,0.0,0.0,0.0,9.1,6.9,0,0.0,0,0,18-APR-2022,
OPTSTK,ZYDUSLIFE,26-May-2022,400.0,CE,5.95,6.5,5.1,5.85,5.85,25,111.57,138600,11000,18-APR-2022,
OPTSTK,ZYDUSLIFE,26-May-2022,405.0,CE,0.0,0.0,0.0,7.2,4.8,0,0.0,0,0,18-APR-2022,
OPTSTK,ZYDUSLIFE,26-May-2022,410.0,CE,0.0,0.0,0.0,6.4,4.0,0,0.0,0,0,18-APR-2022,
OPTSTK,ZYDUSLIFE,26-May-2022,415.0,CE,0.0,0.0,0.0,5.65,3.3,0,0.0,0,0,18-APR-2022,
OPTSTK,ZYDUSLIFE,26-May-2022,420.0,CE,0.0,0.0,0.0,5.0,2.7,0,0.0,0,0,18-APR-2022,
OPTSTK,ZYDUSLIFE,26-May-2022,425.0,CE,0.0,0.0,0.0,4.4,2.2,0,0.0,0,0,18-APR-2022,
OPTSTK,ZYDUSLIFE,26-May-2022,430.0,CE,0.0,0.0,0.0,3.9,1.8,0,0.0,0,0,18-APR-2022,
OPTSTK,ZYDUSLIFE,26-May-2022,435.0,CE,0.0,0.0,0.0,3.4,1.45,0,0.0,0,0,18-APR-2022,
OPTSTK,ZYDUSLIFE,26-May-2022,440.0,CE,0.0,0.0,0.0,3.0,1.15,0,0.0,0,0,18-APR-2022,
OPTSTK,ZYDUSLIFE,26-May-2022,445.0,CE,0.0,0.0,0.0,2.65,0.95,0,0.0,0,0,18-APR-2022,
OPTSTK,ZYDUSLIFE,26-May-2022,450.0,CE,0.0,0.0,0.0,2.3,0.75,0,0.0,0,0,18-APR-2022,
OPTSTK,ZYDUSLIFE,26-May-2022,455.0,CE,0.0,0.0,0.0,2.0,0.6,0,0.0,0,0,18-APR-2022,
OPTSTK,ZYDUSLIFE,26-May-2022,460.0,CE,0.0,0.0,0.0,1.75,0.45,0,0.0,0,0,18-APR-2022,
OPTSTK,ZYDUSLIFE,26-May-2022,465.0,CE,0.0,0.0,0.0,1.55,0.35,0,0.0,0,0,18-APR-2022,
OPTSTK,ZYDUSLIFE,26-May-2022,470.0,CE,0.0,0.0,0.0,1.35,0.3,0,0.0,0,0,18-APR-2022,
OPTSTK,ZYDUSLIFE,26-May-2022,475.0,CE,0.0,0.0,0.0,1.15,0.25,0,0.0,0,0,18-APR-2022,
OPTSTK,ZYDUSLIFE,26-May-2022,480.0,CE,0.0,0.0,0.0,1.0,0.2,0,0.0,0,0,18-APR-2022,
OPTSTK,ZYDUSLIFE,26-May-2022,485.0,CE,0.0,0.0,0.0,0.85,0.15,0,0.0,0,0,18-APR-2022,
OPTSTK,ZYDUSLIFE,26-May-2022,490.0,CE,0.0,0.0,0.0,0.75,0.1,0,0.0,0,0,18-APR-2022,
OPTSTK,ZYDUSLIFE,26-May-2022,495.0,CE,0.0,0.0,0.0,0.65,0.1,0,0.0,0,0,18-APR-2022,
OPTSTK,ZYDUSLIFE,26-May-2022,500.0,CE,0.0,0.0,0.0,0.55,0.1,0,0.0,0,0,18-APR-2022,
OPTSTK,ZYDUSLIFE,26-May-2022,505.0,CE,0.0,0.0,0.0,0.5,0.05,0,0.0,0,0,18-APR-2022,
OPTSTK,ZYDUSLIFE,26-May-2022,510.0,CE,0.0,0.0,0.0,0.45,0.05,0,0.0,0,0,18-APR-2022,
OPTSTK,ZYDUSLIFE,26-May-2022,515.0,CE,0.0,0.0,0.0,0.35,0.05,0,0.0,0,0,18-APR-2022,
OPTSTK,ZYDUSLIFE,26-May-2022,520.0,CE,0.0,0.0,0.0,0.3,0.05,0,0.0,0,0,18-APR-2022,
OPTSTK,ZYDUSLIFE,26-May-2022,525.0,CE,0.0,0.0,0.0,0.3,0.05,0,0.0,0,0,18-APR-2022,
OPTSTK,ZYDUSLIFE,26-May-2022,530.0,CE,0.0,0.0,0.0,0.25,0.05,0,0.0,0,0,18-APR-2022,
OPTSTK,ZYDUSLIFE,26-May-2022,535.0,CE,0.0,0.0,0.0,0.2,0.05,0,0.0,0,0,18-APR-2022,
OPTSTK,ZYDUSLIFE,26-May-2022,245.0,PE,0.0,0.0,0.0,0.45,0.0,0,0.0,0,0,18-APR-2022,
OPTSTK,ZYDUSLIFE,26-May-2022,250.0,PE,0.0,0.0,0.0,0.6,0.0,0,0.0,0,0,18-APR-2022,
OPTSTK,ZYDUSLIFE,26-May-2022,255.0,PE,0.0,0.0,0.0,0.85,0.05,0,0.0,0,0,18-APR-2022,
OPTSTK,ZYDUSLIFE,26-May-2022,260.0,PE,0.0,0.0,0.0,1.1,0.05,0,0.0,0,0,18-APR-2022,
OPTSTK,ZYDUSLIFE,26-May-2022,265.0,PE,0.0,0.0,0.0,1.4,0.05,0,0.0,0,0,18-APR-2022,
OPTSTK,ZYDUSLIFE,26-May-2022,270.0,PE,0.0,0.0,0.0,1.8,0.05,0,0.0,0,0,18-APR-2022,
OPTSTK,ZYDUSLIFE,26-May-2022,275.0,PE,0.0,0.0,0.0,2.3,0.1,0,0.0,0,0,18-APR-2022,
OPTSTK,ZYDUSLIFE,26-May-2022,280.0,PE,0.0,0.0,0.0,2.85,0.15,0,0.0,0,0,18-APR-2022,
OPTSTK,ZYDUSLIFE,26-May-2022,285.0,PE,0.0,0.0,0.0,3.55,0.2,0,0.0,0,0,18-APR-2022,
OPTSTK,ZYDUSLIFE,26-May-2022,290.0,PE,0.0,0.0,0.0,4.3,0.3,0,0.0,0,0,18-APR-2022,
OPTSTK,ZYDUSLIFE,26-May-2022,295.0,PE,0.0,0.0,0.0,5.25,0.45,0,0.0,0,0,18-APR-2022,
OPTSTK,ZYDUSLIFE,26-May-2022,300.0,PE,0.0,0.0,0.0,6.25,0.65,0,0.0,0,0,18-APR-2022,
OPTSTK,ZYDUSLIFE,26-May-2022,305.0,PE,0.0,0.0,0.0,7.45,0.95,0,0.0,0,0,18-APR-2022,
OPTSTK,ZYDUSLIFE,26-May-2022,310.0,PE,0.0,0.0,0.0,8.8,1.3,0,0.0,0,0,18-APR-2022,
OPTSTK,ZYDUSLIFE,26-May-2022,315.0,PE,0.0,0.0,0.0,10.25,1.8,0,0.0,0,0,18-APR-2022,
OPTSTK,ZYDUSLIFE,26-May-2022,320.0,PE,4.0,4.0,4.0,4.0,2.35,1,3.56,3300,1100,18-APR-2022,
OPTSTK,ZYDUSLIFE,26-May-2022,325.0,PE,0.0,0.0,0.0,13.7,3.1,0,0.0,0,0,18-APR-2022,
OPTSTK,ZYDUSLIFE,26-May-2022,330.0,PE,0.0,0.0,0.0,15.65,4.0,0,0.0,0,0,18-APR-2022,
OPTSTK,ZYDUSLIFE,26-May-2022,335.0,PE,0.0,0.0,0.0,17.75,5.1,0,0.0,0,0,18-APR-2022,
OPTSTK,ZYDUSLIFE,26-May-2022,340.0,PE,0.0,0.0,0.0,6.55,6.4,0,0.0,2200,0,18-APR-2022,
OPTSTK,ZYDUSLIFE,26-May-2022,345.0,PE,0.0,0.0,0.0,22.5,7.85,0,0.0,0,0,18-APR-2022,
OPTSTK,ZYDUSLIFE,26-May-2022,350.0,PE,0.0,0.0,0.0,25.15,9.55,0,0.0,0,0,18-APR-2022,
OPTSTK,ZYDUSLIFE,26-May-2022,355.0,PE,0.0,0.0,0.0,27.9,11.5,0,0.0,0,0,18-APR-2022,
OPTSTK,ZYDUSLIFE,26-May-2022,360.0,PE,14.7,14.7,12.5,13.0,13.7,3,12.32,6600,3300,18-APR-2022,
OPTSTK,ZYDUSLIFE,26-May-2022,365.0,PE,0.0,0.0,0.0,33.95,16.1,0,0.0,0,0,18-APR-2022,
OPTSTK,ZYDUSLIFE,26-May-2022,370.0,PE,0.0,0.0,0.0,17.0,18.75,0,0.0,3300,0,18-APR-2022,
OPTSTK,ZYDUSLIFE,26-May-2022,375.0,PE,0.0,0.0,0.0,40.5,21.65,0,0.0,0,0,18-APR-2022,
OPTSTK,ZYDUSLIFE,26-May-2022,380.0,PE,0.0,0.0,0.0,44.0,24.7,0,0.0,0,0,18-APR-2022,
OPTSTK,ZYDUSLIFE,26-May-2022,385.0,PE,0.0,0.0,0.0,47.65,28.05,0,0.0,0,0,18-APR-2022,
OPTSTK,ZYDUSLIFE,26-May-2022,390.0,PE,0.0,0.0,0.0,51.4,31.55,0,0.0,0,0,18-APR-2022,
OPTSTK,ZYDUSLIFE,26-May-2022,395.0,PE,0.0,0.0,0.0,55.25,35.25,0,0.0,0,0,18-APR-2022,
OPTSTK,ZYDUSLIFE,26-May-2022,400.0,PE,38.0,38.0,38.0,38.0,38.0,3,14.45,4400,3300,18-APR-2022,
OPTSTK,ZYDUSLIFE,26-May-2022,405.0,PE,0.0,0.0,0.0,63.2,43.1,0,0.0,0,0,18-APR-2022,
OPTSTK,ZYDUSLIFE,26-May-2022,410.0,PE,0.0,0.0,0.0,67.35,47.3,0,0.0,0,0,18-APR-2022,
OPTSTK,ZYDUSLIFE,26-May-2022,415.0,PE,0.0,0.0,0.0,71.55,51.55,0,0.0,0,0,18-APR-2022,
OPTSTK,ZYDUSLIFE,26-May-2022,420.0,PE,0.0,0.0,0.0,75.85,55.95,0,0.0,0,0,18-APR-2022,
OPTSTK,ZYDUSLIFE,26-May-2022,425.0,PE,0.0,0.0,0.0,80.2,60.4,0,0.0,0,0,18-APR-2022,
OPTSTK,ZYDUSLIFE,26-May-2022,430.0,PE,0.0,0.0,0.0,84.65,65.0,0,0.0,0,0,18-APR-2022,
OPTSTK,ZYDUSLIFE,26-May-2022,435.0,PE,0.0,0.0,0.0,89.1,69.6,0,0.0,0,0,18-APR-2022,
OPTSTK,ZYDUSLIFE,26-May-2022,440.0,PE,0.0,0.0,0.0,93.65,74.3,0,0.0,0,0,18-APR-2022,
OPTSTK,ZYDUSLIFE,26-May-2022,445.0,PE,0.0,0.0,0.0,98.2,79.05,0,0.0,0,0,18-APR-2022,
OPTSTK,ZYDUSLIFE,26-May-2022,450.0,PE,0.0,0.0,0.0,102.85,83.85,0,0.0,0,0,18-APR-2022,
OPTSTK,ZYDUSLIFE,26-May-2022,455.0,PE,0.0,0.0,0.0,107.5,88.7,0,0.0,0,0,18-APR-2022,
OPTSTK,ZYDUSLIFE,26-May-2022,460.0,PE,0.0,0.0,0.0,112.2,93.55,0,0.0,0,0,18-APR-2022,
OPTSTK,ZYDUSLIFE,26-May-2022,465.0,PE,0.0,0.0,0.0,116.9,98.4,0,0.0,0,0,18-APR-2022,
OPTSTK,ZYDUSLIFE,26-May-2022,470.0,PE,0.0,0.0,0.0,121.65,103.3,0,0.0,0,0,18-APR-2022,
OPTSTK,ZYDUSLIFE,26-May-2022,475.0,PE,0.0,0.0,0.0,126.45,108.25,0,0.0,0,0,18-APR-2022,
OPTSTK,ZYDUSLIFE,26-May-2022,480.0,PE,0.0,0.0,0.0,131.25,113.15,0,0.0,0,0,18-APR-2022,
OPTSTK,ZYDUSLIFE,26-May-2022,485.0,PE,0.0,0.0,0.0,136.05,118.1,0,0.0,0,0,18-APR-2022,
OPTSTK,ZYDUSLIFE,26-May-2022,490.0,PE,0.0,0.0,0.0,140.9,123.05,0,0.0,0,0,18-APR-2022,
OPTSTK,ZYDUSLIFE,26-May-2022,495.0,PE,0.0,0.0,0.0,145.75,128.0,0,0.0,0,0,18-APR-2022,
OPTSTK,ZYDUSLIFE,26-May-2022,500.0,PE,0.0,0.0,0.0,150.6,132.95,0,0.0,0,0,18-APR-2022,
OPTSTK,ZYDUSLIFE,26-May-2022,505.0,PE,0.0,0.0,0.0,155.45,137.95,0,0.0,0,0,18-APR-2022,
OPTSTK,ZYDUSLIFE,26-May-2022,510.0,PE,0.0,0.0,0.0,160.35,142.9,0,0.0,0,0,18-APR-2022,
OPTSTK,ZYDUSLIFE,26-May-2022,515.0,PE,0.0,0.0,0.0,165.25,147.85,0,0.0,0,0,18-APR-2022,
OPTSTK,ZYDUSLIFE,26-May-2022,520.0,PE,0.0,0.0,0.0,170.15,152.85,0,0.0,0,0,18-APR-2022,
OPTSTK,ZYDUSLIFE,26-May-2022,525.0,PE,0.0,0.0,0.0,175.05,157.8,0,0.0,0,0,18-APR-2022,
OPTSTK,ZYDUSLIFE,26-May-2022,530.0,PE,0.0,0.0,0.0,179.95,162.8,0,0.0,0,0,18-APR-2022,
OPTSTK,ZYDUSLIFE,26-May-2022,535.0,PE,0.0,0.0,0.0,184.85,167.75,0,0.0,0,0,18-APR-2022,
OPTSTK,ZYDUSLIFE,30-Jun-2022,245.0,CE,0.0,0.0,0.0,106.55,122.1,0,0.0,0,0,18-APR-2022,
OPTSTK,ZYDUSLIFE,30-Jun-2022,250.0,CE,0.0,0.0,0.0,101.75,117.15,0,0.0,0,0,18-APR-2022,
OPTSTK,ZYDUSLIFE,30-Jun-2022,255.0,CE,0.0,0.0,0.0,97.0,112.25,0,0.0,0,0,18-APR-2022,
OPTSTK,ZYDUSLIFE,30-Jun-2022,260.0,CE,0.0,0.0,0.0,92.3,107.4,0,0.0,0,0,18-APR-2022,
OPTSTK,ZYDUSLIFE,30-Jun-2022,265.0,CE,0.0,0.0,0.0,87.7,102.55,0,0.0,0,0,18-APR-2022,
OPTSTK,ZYDUSLIFE,30-Jun-2022,270.0,CE,0.0,0.0,0.0,83.15,97.7,0,0.0,0,0,18-APR-2022,
OPTSTK,ZYDUSLIFE,30-Jun-2022,275.0,CE,0.0,0.0,0.0,78.65,92.95,0,0.0,0,0,18-APR-2022,
OPTSTK,ZYDUSLIFE,30-Jun-2022,280.0,CE,0.0,0.0,0.0,74.25,88.2,0,0.0,0,0,18-APR-2022,
OPTSTK,ZYDUSLIFE,30-Jun-2022,285.0,CE,0.0,0.0,0.0,69.95,83.55,0,0.0,0,0,18-APR-2022,
OPTSTK,ZYDUSLIFE,30-Jun-2022,290.0,CE,0.0,0.0,0.0,65.75,78.95,0,0.0,0,0,18-APR-2022,
OPTSTK,ZYDUSLIFE,30-Jun-2022,295.0,CE,0.0,0.0,0.0,61.7,74.45,0,0.0,0,0,18-APR-2022,
OPTSTK,ZYDUSLIFE,30-Jun-2022,300.0,CE,0.0,0.0,0.0,57.7,70.0,0,0.0,0,0,18-APR-2022,
OPTSTK,ZYDUSLIFE,30-Jun-2022,305.0,CE,0.0,0.0,0.0,53.9,65.7,0,0.0,0,0,18-APR-2022,
OPTSTK,ZYDUSLIFE,30-Jun-2022,310.0,CE,0.0,0.0,0.0,50.25,61.5,0,0.0,0,0,18-APR-2022,
OPTSTK,ZYDUSLIFE,30-Jun-2022,315.0,CE,0.0,0.0,0.0,46.7,57.4,0,0.0,0,0,18-APR-2022,
OPTSTK,ZYDUSLIFE,30-Jun-2022,320.0,CE,0.0,0.0,0.0,43.3,53.4,0,0.0,0,0,18-APR-2022,
OPTSTK,ZYDUSLIFE,30-Jun-2022,325.0,CE,0.0,0.0,0.0,40.05,49.6,0,0.0,0,0,18-APR-2022,
OPTSTK,ZYDUSLIFE,30-Jun-2022,330.0,CE,0.0,0.0,0.0,37.0,45.95,0,0.0,0,0,18-APR-2022,
OPTSTK,ZYDUSLIFE,30-Jun-2022,335.0,CE,0.0,0.0,0.0,34.05,42.4,0,0.0,0,0,18-APR-2022,
OPTSTK,ZYDUSLIFE,30-Jun-2022,340.0,CE,0.0,0.0,0.0,31.3,39.05,0,0.0,0,0,18-APR-2022,
OPTSTK,ZYDUSLIFE,30-Jun-2022,345.0,CE,0.0,0.0,0.0,28.7,35.85,0,0.0,0,0,18-APR-2022,
OPTSTK,ZYDUSLIFE,30-Jun-2022,350.0,CE,0.0,0.0,0.0,26.25,32.85,0,0.0,0,0,18-APR-2022,
OPTSTK,ZYDUSLIFE,30-Jun-2022,355.0,CE,0.0,0.0,0.0,24.0,30.0,0,0.0,0,0,18-APR-2022,
OPTSTK,ZYDUSLIFE,30-Jun-2022,360.0,CE,0.0,0.0,0.0,21.85,27.3,0,0.0,0,0,18-APR-2022,
OPTSTK,ZYDUSLIFE,30-Jun-2022,365.0,CE,0.0,0.0,0.0,19.85,24.8,0,0.0,0,0,18-APR-2022,
OPTSTK,ZYDUSLIFE,30-Jun-2022,370.0,CE,0.0,0.0,0.0,18.0,22.45,0,0.0,0,0,18-APR-2022,
OPTSTK,ZYDUSLIFE,30-Jun-2022,375.0,CE,0.0,0.0,0.0,16.3,20.3,0,0.0,0,0,18-APR-2022,
OPTSTK,ZYDUSLIFE,30-Jun-2022,380.0,CE,0.0,0.0,0.0,14.75,18.3,0,0.0,0,0,18-APR-2022,
OPTSTK,ZYDUSLIFE,30-Jun-2022,385.0,CE,0.0,0.0,0.0,13.3,16.45,0,0.0,0,0,18-APR-2022,
OPTSTK,ZYDUSLIFE,30-Jun-2022,390.0,CE,0.0,0.0,0.0,11.95,14.7,0,0.0,0,0,18-APR-2022,
OPTSTK,ZYDUSLIFE,30-Jun-2022,395.0,CE,0.0,0.0,0.0,10.75,13.15,0,0.0,0,0,18-APR-2022,
OPTSTK,ZYDUSLIFE,30-Jun-2022,400.0,CE,0.0,0.0,0.0,13.65,11.75,0,0.0,1100,0,18-APR-2022,
OPTSTK,ZYDUSLIFE,30-Jun-2022,405.0,CE,0.0,0.0,0.0,8.65,10.45,0,0.0,0,0,18-APR-2022,
OPTSTK,ZYDUSLIFE,30-Jun-2022,410.0,CE,0.0,0.0,0.0,7.7,9.3,0,0.0,0,0,18-APR-2022,
OPTSTK,ZYDUSLIFE,30-Jun-2022,415.0,CE,0.0,0.0,0.0,6.9,8.2,0,0.0,0,0,18-APR-2022,
OPTSTK,ZYDUSLIFE,30-Jun-2022,420.0,CE,0.0,0.0,0.0,6.1,7.25,0,0.0,0,0,18-APR-2022,
OPTSTK,ZYDUSLIFE,30-Jun-2022,425.0,CE,0.0,0.0,0.0,5.45,6.4,0,0.0,0,0,18-APR-2022,
OPTSTK,ZYDUSLIFE,30-Jun-2022,430.0,CE,0.0,0.0,0.0,4.85,5.6,0,0.0,0,0,18-APR-2022,
OPTSTK,ZYDUSLIFE,30-Jun-2022,435.0,CE,0.0,0.0,0.0,4.3,4.95,0,0.0,0,0,18-APR-2022,
OPTSTK,ZYDUSLIFE,30-Jun-2022,440.0,CE,0.0,0.0,0.0,3.8,4.3,0,0.0,0,0,18-APR-2022,
OPTSTK,ZYDUSLIFE,30-Jun-2022,445.0,CE,0.0,0.0,0.0,3.35,3.75,0,0.0,0,0,18-APR-2022,
OPTSTK,ZYDUSLIFE,30-Jun-2022,450.0,CE,0.0,0.0,0.0,2.95,3.3,0,0.0,0,0,18-APR-2022,
OPTSTK,ZYDUSLIFE,30-Jun-2022,455.0,CE,0.0,0.0,0.0,2.6,2.85,0,0.0,0,0,18-APR-2022,
OPTSTK,ZYDUSLIFE,30-Jun-2022,460.0,CE,0.0,0.0,0.0,2.3,2.5,0,0.0,0,0,18-APR-2022,
OPTSTK,ZYDUSLIFE,30-Jun-2022,465.0,CE,0.0,0.0,0.0,2.0,2.15,0,0.0,0,0,18-APR-2022,
OPTSTK,ZYDUSLIFE,30-Jun-2022,470.0,CE,0.0,0.0,0.0,1.75,1.85,0,0.0,0,0,18-APR-2022,
OPTSTK,ZYDUSLIFE,30-Jun-2022,475.0,CE,0.0,0.0,0.0,1.55,1.6,0,0.0,0,0,18-APR-2022,
OPTSTK,ZYDUSLIFE,30-Jun-2022,480.0,CE,0.0,0.0,0.0,1.35,1.4,0,0.0,0,0,18-APR-2022,
OPTSTK,ZYDUSLIFE,30-Jun-2022,485.0,CE,0.0,0.0,0.0,1.2,1.2,0,0.0,0,0,18-APR-2022,
OPTSTK,ZYDUSLIFE,30-Jun-2022,490.0,CE,0.0,0.0,0.0,1.05,1.05,0,0.0,0,0,18-APR-2022,
OPTSTK,ZYDUSLIFE,30-Jun-2022,495.0,CE,0.0,0.0,0.0,0.9,0.9,0,0.0,0,0,18-APR-2022,
OPTSTK,ZYDUSLIFE,30-Jun-2022,500.0,CE,0.0,0.0,0.0,0.8,0.75,0,0.0,0,0,18-APR-2022,
OPTSTK,ZYDUSLIFE,30-Jun-2022,245.0,PE,0.0,0.0,0.0,0.45,0.1,0,0.0,0,0,18-APR-2022,
OPTSTK,ZYDUSLIFE,30-Jun-2022,250.0,PE,0.0,0.0,0.0,0.65,0.15,0,0.0,0,0,18-APR-2022,
OPTSTK,ZYDUSLIFE,30-Jun-2022,255.0,PE,0.0,0.0,0.0,0.85,0.2,0,0.0,0,0,18-APR-2022,
OPTSTK,ZYDUSLIFE,30-Jun-2022,260.0,PE,0.0,0.0,0.0,1.1,0.3,0,0.0,0,0,18-APR-2022,
OPTSTK,ZYDUSLIFE,30-Jun-2022,265.0,PE,0.0,0.0,0.0,1.4,0.4,0,0.0,0,0,18-APR-2022,
OPTSTK,ZYDUSLIFE,30-Jun-2022,270.0,PE,0.0,0.0,0.0,1.8,0.55,0,0.0,0,0,18-APR-2022,
OPTSTK,ZYDUSLIFE,30-Jun-2022,275.0,PE,0.0,0.0,0.0,2.25,0.7,0,0.0,0,0,18-APR-2022,
OPTSTK,ZYDUSLIFE,30-Jun-2022,280.0,PE,0.0,0.0,0.0,2.8,0.95,0,0.0,0,0,18-APR-2022,
OPTSTK,ZYDUSLIFE,30-Jun-2022,285.0,PE,0.0,0.0,0.0,3.45,1.25,0,0.0,0,0,18-APR-2022,
OPTSTK,ZYDUSLIFE,30-Jun-2022,290.0,PE,0.0,0.0,0.0,4.2,1.6,0,0.0,0,0,18-APR-2022,
OPTSTK,ZYDUSLIFE,30-Jun-2022,295.0,PE,0.0,0.0,0.0,5.05,2.05,0,0.0,0,0,18-APR-2022,
OPTSTK,ZYDUSLIFE,30-Jun-2022,300.0,PE,0.0,0.0,0.0,6.05,2.6,0,0.0,0,0,18-APR-2022,
OPTSTK,ZYDUSLIFE,30-Jun-2022,305.0,PE,0.0,0.0,0.0,7.2,3.2,0,0.0,0,0,18-APR-2022,
OPTSTK,ZYDUSLIFE,30-Jun-2022,310.0,PE,0.0,0.0,0.0,8.45,3.95,0,0.0,0,0,18-APR-2022,
OPTSTK,ZYDUSLIFE,30-Jun-2022,315.0,PE,0.0,0.0,0.0,9.9,4.8,0,0.0,0,0,18-APR-2022,
OPTSTK,ZYDUSLIFE,30-Jun-2022,320.0,PE,0.0,0.0,0.0,11.4,5.8,0,0.0,0,0,18-APR-2022,
OPTSTK,ZYDUSLIFE,30-Jun-2022,325.0,PE,0.0,0.0,0.0,13.15,6.95,0,0.0,0,0,18-APR-2022,
OPTSTK,ZYDUSLIFE,30-Jun-2022,330.0,PE,0.0,0.0,0.0,15.0,8.25,0,0.0,0,0,18-APR-2022,
OPTSTK,ZYDUSLIFE,30-Jun-2022,335.0,PE,0.0,0.0,0.0,17.05,9.7,0,0.0,0,0,18-APR-2022,
OPTSTK,ZYDUSLIFE,30-Jun-2022,340.0,PE,0.0,0.0,0.0,19.25,11.25,0,0.0,0,0,18-APR-2022,
OPTSTK,ZYDUSLIFE,30-Jun-2022,345.0,PE,0.0,0.0,0.0,21.6,13.05,0,0.0,0,0,18-APR-2022,
OPTSTK,ZYDUSLIFE,30-Jun-2022,350.0,PE,0.0,0.0,0.0,24.1,14.95,0,0.0,0,0,18-APR-2022,
OPTSTK,ZYDUSLIFE,30-Jun-2022,355.0,PE,0.0,0.0,0.0,26.75,17.1,0,0.0,0,0,18-APR-2022,
OPTSTK,ZYDUSLIFE,30-Jun-2022,360.0,PE,0.0,0.0,0.0,29.55,19.35,0,0.0,0,0,18-APR-2022,
OPTSTK,ZYDUSLIFE,30-Jun-2022,365.0,PE,0.0,0.0,0.0,32.5,21.8,0,0.0,0,0,18-APR-2022,
OPTSTK,ZYDUSLIFE,30-Jun-2022,370.0,PE,0.0,0.0,0.0,35.65,24.45,0,0.0,0,0,18-APR-2022,
OPTSTK,ZYDUSLIFE,30-Jun-2022,375.0,PE,0.0,0.0,0.0,38.85,27.2,0,0.0,0,0,18-APR-2022,
OPTSTK,ZYDUSLIFE,30-Jun-2022,380.0,PE,0.0,0.0,0.0,42.25,30.15,0,0.0,0,0,18-APR-2022,
OPTSTK,ZYDUSLIFE,30-Jun-2022,385.0,PE,0.0,0.0,0.0,45.75,33.25,0,0.0,0,0,18-APR-2022,
OPTSTK,ZYDUSLIFE,30-Jun-2022,390.0,PE,0.0,0.0,0.0,49.35,36.5,0,0.0,0,0,18-APR-2022,
OPTSTK,ZYDUSLIFE,30-Jun-2022,395.0,PE,0.0,0.0,0.0,53.1,39.9,0,0.0,0,0,18-APR-2022,
OPTSTK,ZYDUSLIFE,30-Jun-2022,400.0,PE,0.0,0.0,0.0,56.95,43.45,0,0.0,0,0,18-APR-2022,
OPTSTK,ZYDUSLIFE,30-Jun-2022,405.0,PE,0.0,0.0,0.0,60.85,47.1,0,0.0,0,0,18-APR-2022,
OPTSTK,ZYDUSLIFE,30-Jun-2022,410.0,PE,0.0,0.0,0.0,64.9,50.9,0,0.0,0,0,18-APR-2022,
OPTSTK,ZYDUSLIFE,30-Jun-2022,415.0,PE,0.0,0.0,0.0,69.0,54.8,0,0.0,0,0,18-APR-2022,
OPTSTK,ZYDUSLIFE,30-Jun-2022,420.0,PE,0.0,0.0,0.0,73.2,58.8,0,0.0,0,0,18-APR-2022,
OPTSTK,ZYDUSLIFE,30-Jun-2022,425.0,PE,0.0,0.0,0.0,77.5,62.9,0,0.0,0,0,18-APR-2022,
OPTSTK,ZYDUSLIFE,30-Jun-2022,430.0,PE,0.0,0.0,0.0,81.8,67.1,0,0.0,0,0,18-APR-2022,
OPTSTK,ZYDUSLIFE,30-Jun-2022,435.0,PE,0.0,0.0,0.0,86.2,71.35,0,0.0,0,0,18-APR-2022,
OPTSTK,ZYDUSLIFE,30-Jun-2022,440.0,PE,0.0,0.0,0.0,90.65,75.7,0,0.0,0,0,18-APR-2022,
OPTSTK,ZYDUSLIFE,30-Jun-2022,445.0,PE,0.0,0.0,0.0,95.15,80.1,0,0.0,0,0,18-APR-2022,
OPTSTK,ZYDUSLIFE,30-Jun-2022,450.0,PE,0.0,0.0,0.0,99.7,84.6,0,0.0,0,0,18-APR-2022,
OPTSTK,ZYDUSLIFE,30-Jun-2022,455.0,PE,0.0,0.0,0.0,104.3,89.1,0,0.0,0,0,18-APR-2022,
OPTSTK,ZYDUSLIFE,30-Jun-2022,460.0,PE,0.0,0.0,0.0,108.95,93.7,0,0.0,0,0,18-APR-2022,
OPTSTK,ZYDUSLIFE,30-Jun-2022,465.0,PE,0.0,0.0,0.0,113.65,98.3,0,0.0,0,0,18-APR-2022,
OPTSTK,ZYDUSLIFE,30-Jun-2022,470.0,PE,0.0,0.0,0.0,118.35,103.0,0,0.0,0,0,18-APR-2022,
OPTSTK,ZYDUSLIFE,30-Jun-2022,475.0,PE,0.0,0.0,0.0,123.05,107.7,0,0.0,0,0,18-APR-2022,
OPTSTK,ZYDUSLIFE,30-Jun-2022,480.0,PE,0.0,0.0,0.0,127.8,112.45,0,0.0,0,0,18-APR-2022,
OPTSTK,ZYDUSLIFE,30-Jun-2022,485.0,PE,0.0,0.0,0.0,132.6,117.2,0,0.0,0,0,18-APR-2022,
OPTSTK,ZYDUSLIFE,30-Jun-2022,490.0,PE,0.0,0.0,0.0,137.4,122.0,0,0.0,0,0,18-APR-2022,
OPTSTK,ZYDUSLIFE,30-Jun-2022,495.0,PE,0.0,0.0,0.0,142.2,126.8,0,0.0,0,0,18-APR-2022,
OPTSTK,ZYDUSLIFE,30-Jun-2022,500.0,PE,0.0,0.0,0.0,147.05,131.65,0,0.0,0,0,18-APR-2022,
